 + ++++++++++++++++++++++++++++++++++++++++++++++++++++++++++++++++++++ +
 +                                                                      +
 +           You have chose to blind your fitting according to          +
 +                omega_ref * (1 + (R +/- deltaR) *10^{-6})             +
 +                                                                      +
 + ++++++++++++++++++++++++++++++++++++++++++++++++++++++++++++++++++++ +
In main()...
reading format from /gm2data/zkhechad/run45/envelope/formats/formatB_sBin_constraintOn.txt
pBinTau 	= 0  
pBinPhi 	= 0  
constraintau 	= 1 
includeMopTerm 	= 0    
constrainMop    = 0   
Parameters after format file: pBinTau 0 pBinPhi 0 constraintau 1 includeMopTerm 0 constrainMop 0 c_e_scale 0.000000 
reading cbo reference file (full fit) from /gm2data/zkhechad/cboTemplates/Run4CBOTemplates/fullFits/run4/sBin_constraintOn_cE0.0_seed0_run4_calo23.root
A_CBO 0.010020 w_CBO 2.326571 phi_CBO 3.324358 N0 2994604.828788 R -61.069952 tau 64.405626 
Reading cboRef file /gm2data/zkhechad/cboTemplates/Run4CBOTemplates//cboIsolate/run4_calo23.root
deltaT 16.724702
windowBins = 120
fitting sliding window 500 from bin 703 at 104.887600 to bin 823 at 122.791600 (120 bins)

Reading data from /gm2data/cornell/histograms/aMethod/histogram_a_run4.root
fitting cbo isolate
 **********
 **    1 **SET PRINTOUT            1
 **********
 **********
 **    2 **SET NOWARNINGS 
 **********
 PARAMETER DEFINITIONS:
    NO.   NAME         VALUE      STEP SIZE      LIMITS
     1 A_CBO        1.00201e-02  1.00000e-05     no limits
     2 w_CBO        2.32657e+00  1.00000e-02    2.00000e+00  3.00000e+00
     3 phi_CBO      3.32436e+00  1.00000e-02    0.00000e+00  6.28319e+00
 **********
 **    3 **MIGRAD
 **********
 FIRST CALL TO USER FUNCTION AT NEW START POINT, WITH IFLAG=4.
 START MIGRAD MINIMIZATION.  STRATEGY  1.  CONVERGENCE WHEN EDM .LT. 1.00e-04
 FCN=0.0013968 FROM MIGRAD    STATUS=INITIATE       12 CALLS          13 TOTAL
                     EDM= unknown      STRATEGY= 1      NO ERROR MATRIX       
  EXT PARAMETER               CURRENT GUESS       STEP         FIRST   
  NO.   NAME      VALUE            ERROR          SIZE      DERIVATIVE 
   1  A_CBO        1.00201e-02   1.00000e-05   1.00000e-05   5.53387e-01
   2  w_CBO        2.32657e+00   1.00000e-02   2.13261e-02  -5.89575e-03
   3  phi_CBO      3.32436e+00   1.00000e-02   3.18850e-03   3.05023e-04
 MIGRAD MINIMIZATION HAS CONVERGED.
 MIGRAD WILL VERIFY CONVERGENCE AND ERROR MATRIX.
 COVARIANCE MATRIX CALCULATED SUCCESSFULLY
 FCN=0.000105266 FROM MIGRAD    STATUS=CONVERGED      37 CALLS          38 TOTAL
                     EDM=2.76254e-06    STRATEGY= 1      ERROR MATRIX ACCURATE 
  EXT PARAMETER                                   STEP         FIRST   
  NO.   NAME      VALUE            ERROR          SIZE      DERIVATIVE 
   1  A_CBO        5.35699e-03   1.31070e-01   6.33640e-05   3.39353e-05
   2  w_CBO        2.32672e+00   7.01398e-01   1.58601e-04   5.87014e-04
   3  phi_CBO      3.30971e+00   4.44824e+00   2.70183e-03  -4.88732e-05
 EXTERNAL ERROR MATRIX.    NDIM=  25    NPAR=  3    ERR DEF=1
  1.718e-02 -8.225e-02 -9.297e+00 
 -8.225e-02  2.005e+01  2.278e+03 
 -9.297e+00  2.278e+03  2.593e+05 
 PARAMETER  CORRELATION COEFFICIENTS  
       NO.  GLOBAL      1      2      3
        1  0.14089   1.000 -0.140 -0.139
        2  0.99889  -0.140  1.000  0.999
        3  0.99889  -0.139  0.999  1.000
setting A_CBO=0.005357 w_CBO=2.326717, phi_CBO=3.309712
done fitting cbo isolate
 **********
 **    1 **SET PRINTOUT            1
 **********
 **********
 **    2 **SET NOWARNINGS 
 **********
 PARAMETER DEFINITIONS:
    NO.   NAME         VALUE      STEP SIZE      LIMITS
     1 N0           2.99460e+06  1.00000e+02     no limits
     2 tau          6.44056e+01  constant
     3 A0           3.43521e-01  1.00000e-04     no limits
     4 phi          4.11984e+00  1.00000e-02     no limits
     5 R           -6.10700e+01  constant
     6 A_CBO        5.35699e-03  1.00000e-05     no limits
     7 w_CBO        2.32672e+00  1.00000e-03     no limits
     8 phi_CBO      3.30971e+00  1.00000e-04     no limits
     9 ANx2         5.14298e-04  constant
    10 pNx2         2.57364e+00  constant
    11 ANy1         0.00000e+00  constant
    12 pNy1         0.00000e+00  constant
    13 w_y          0.00000e+00  constant
    14 ANy2         1.38778e-02  1.00000e-04     no limits
    15 pNy2         3.40463e+00  constant
    16 w_vw         1.43028e+01  constant
    17 LM           2.35248e-05  constant
    18 wCBO_expCoeff   2.00000e+02  1.00000e+00     no limits
    19 wCBO_expOffset   2.00000e+02  1.00000e+00     no limits
    20 wCBO_expT    3.00000e+01  1.00000e+00     no limits
    21 wCBO_linCoeff   0.00000e+00  constant
    22 wCBO_const   0.00000e+00  1.00000e-02     no limits
MINUIT - FIT ONLY WIGGLE
 **********
 **    3 **FIX            5
 **********
 PARAMETER    5  IS CONSTANT.   IGNORED.
 **********
 **    4 **FIX            6
 **********
 **********
 **    5 **FIX            7
 **********
 **********
 **    6 **FIX            8
 **********
 **********
 **    7 **FIX            9
 **********
 PARAMETER    9  IS CONSTANT.   IGNORED.
 **********
 **    8 **FIX           10
 **********
 PARAMETER   10  IS CONSTANT.   IGNORED.
 **********
 **    9 **FIX           11
 **********
 PARAMETER   11  IS CONSTANT.   IGNORED.
 **********
 **   10 **FIX           12
 **********
 PARAMETER   12  IS CONSTANT.   IGNORED.
 **********
 **   11 **FIX           13
 **********
 PARAMETER   13  IS CONSTANT.   IGNORED.
 **********
 **   12 **FIX           14
 **********
 **********
 **   13 **FIX           15
 **********
 PARAMETER   15  IS CONSTANT.   IGNORED.
 **********
 **   14 **FIX           16
 **********
 PARAMETER   16  IS CONSTANT.   IGNORED.
 **********
 **   15 **MIGRAD
 **********
 FIRST CALL TO USER FUNCTION AT NEW START POINT, WITH IFLAG=4.
 START MIGRAD MINIMIZATION.  STRATEGY  1.  CONVERGENCE WHEN EDM .LT. 1.00e-04
 FCN=5170.76 FROM MIGRAD    STATUS=INITIATE       63 CALLS          64 TOTAL
                     EDM= unknown      STRATEGY= 1      NO ERROR MATRIX       
  EXT PARAMETER               CURRENT GUESS       STEP         FIRST   
  NO.   NAME      VALUE            ERROR          SIZE      DERIVATIVE 
   1  N0           2.99460e+06   1.00000e+02  -0.00000e+00   1.13164e-02
   2  tau          6.44056e+01   constant   
   3  A0           3.43521e-01   1.00000e-04  -0.00000e+00  -3.58536e+03
   4  phi          4.11984e+00   1.00000e-02  -0.00000e+00   1.89768e+04
   5  R           -6.10700e+01   constant   
   6  A_CBO        5.35699e-03     fixed    
   7  w_CBO        2.32672e+00     fixed    
   8  phi_CBO      3.30971e+00     fixed    
   9  ANx2         5.14298e-04   constant   
  10  pNx2         2.57364e+00   constant   
  11  ANy1         0.00000e+00   constant   
  12  pNy1         0.00000e+00   constant   
  13  w_y          0.00000e+00   constant   
  14  ANy2         1.38778e-02     fixed    
  15  pNy2         3.40463e+00   constant   
  16  w_vw         1.43028e+01   constant   
  17  LM           2.35248e-05   constant   
  18  wCBO_expCoeff   2.00001e+02   1.00000e+00   6.67371e-04   2.59558e+05
  19  wCBO_expOffset   2.00000e+02   1.00000e+00  -0.00000e+00   1.32063e+05
  20  wCBO_expT    3.00000e+01   1.00000e+00  -0.00000e+00   1.05512e+06
  21  wCBO_linCoeff   0.00000e+00   constant   
  22  wCBO_const   0.00000e+00   1.00000e-02  -0.00000e+00   1.99425e+04
 CALL LIMIT EXCEEDED IN MIGRAD.
 MIGRAD TERMINATED WITHOUT CONVERGENCE.
 FCN=4756.63 FROM MIGRAD    STATUS=CALL LIMIT   1150 CALLS        1151 TOTAL
                     EDM=175.581    STRATEGY= 1  ERROR MATRIX UNCERTAINTY   0.0 per cent
  EXT PARAMETER                APPROXIMATE        STEP         FIRST   
  NO.   NAME      VALUE            ERROR          SIZE      DERIVATIVE 
   1  N0           2.99185e+06   4.64803e+02  -2.19354e+00  -1.82313e-02
   2  tau          6.44056e+01   constant   
   3  A0           3.44341e-01   2.11597e-04   7.48535e-07   2.27073e+04
   4  phi          4.11341e+00   1.03867e-03   6.06805e-06  -1.76372e+04
   5  R           -6.10700e+01   constant   
   6  A_CBO        5.35699e-03     fixed    
   7  w_CBO        2.32672e+00     fixed    
   8  phi_CBO      3.30971e+00     fixed    
   9  ANx2         5.14298e-04   constant   
  10  pNx2         2.57364e+00   constant   
  11  ANy1         0.00000e+00   constant   
  12  pNy1         0.00000e+00   constant   
  13  w_y          0.00000e+00   constant   
  14  ANy2         1.38778e-02     fixed    
  15  pNy2         3.40463e+00   constant   
  16  w_vw         1.43028e+01   constant   
  17  LM           2.35248e-05   constant   
  18  wCBO_expCoeff   2.00001e+02   4.26344e-05   2.20913e-07  -5.97984e+05
  19  wCBO_expOffset   2.00000e+02   8.28581e-06  -3.96950e-08   1.88677e+05
  20  wCBO_expT    2.99999e+01   3.14634e-06  -2.48888e-09   7.40253e+06
  21  wCBO_linCoeff   0.00000e+00   constant   
  22  wCBO_const  -3.66807e-02   8.86254e-04  -1.38633e-06  -3.72998e+04
 EXTERNAL ERROR MATRIX.    NDIM=  25    NPAR=  7    ERR DEF=1
  2.160e+05 -1.411e-02 -3.984e-01 -1.318e-02  2.240e-03  7.184e-05  4.458e-02 
 -1.411e-02  4.477e-08  1.329e-07  4.220e-09 -7.082e-10  4.793e-11  6.887e-10 
 -3.984e-01  1.329e-07  1.079e-06  3.836e-08 -6.603e-09 -2.809e-10 -1.970e-07 
 -1.318e-02  4.220e-09  3.836e-08  1.818e-09 -2.812e-10 -4.559e-11 -2.164e-08 
  2.240e-03 -7.082e-10 -6.603e-09 -2.812e-10  6.865e-11  1.220e-11  4.030e-09 
  7.184e-05  4.793e-11 -2.809e-10 -4.559e-11  1.220e-11  9.899e-12  2.591e-09 
  4.458e-02  6.887e-10 -1.970e-07 -2.164e-08  4.030e-09  2.591e-09  7.854e-07 
ERR MATRIX APPROXIMATE
 PARAMETER  CORRELATION COEFFICIENTS  
       NO.  GLOBAL      1      3      4     18     19     20     22
        1  0.99582   1.000 -0.143 -0.825 -0.665  0.582  0.049  0.108
        3  0.98885  -0.143  1.000  0.605  0.468 -0.404  0.072  0.004
        4  0.99837  -0.825  0.605  1.000  0.866 -0.767 -0.086 -0.214
       18  0.99977  -0.665  0.468  0.866  1.000 -0.796 -0.340 -0.573
       19  0.95578   0.582 -0.404 -0.767 -0.796  1.000  0.468  0.549
       20  0.99974   0.049  0.072 -0.086 -0.340  0.468  1.000  0.929
       22  0.99987   0.108  0.004 -0.214 -0.573  0.549  0.929  1.000
 ERR MATRIX APPROXIMATE
MINUIT - FIT ONLY 1-CBO + other amplitudes 
 **********
 **   16 **RES 
 **********
                   PARAMETER   14  ANy2 RESTORED TO VARIABLE.
                   PARAMETER    8  phi_CBO RESTORED TO VARIABLE.
                   PARAMETER    7  w_CBO RESTORED TO VARIABLE.
                   PARAMETER    6  A_CBO RESTORED TO VARIABLE.
 **********
 **   17 **FIX            0
 **********
 PARAMETER    0  IS UNDEFINED. IGNORED.
 **********
 **   18 **FIX            1
 **********
 **********
 **   19 **FIX            2
 **********
 PARAMETER    2  IS CONSTANT.   IGNORED.
 **********
 **   20 **FIX            3
 **********
 **********
 **   21 **FIX            4
 **********
 **********
 **   22 **FIX            9
 **********
 PARAMETER    9  IS CONSTANT.   IGNORED.
 **********
 **   23 **FIX           11
 **********
 PARAMETER   11  IS CONSTANT.   IGNORED.
 **********
 **   24 **FIX           12
 **********
 PARAMETER   12  IS CONSTANT.   IGNORED.
 **********
 **   25 **FIX           14
 **********
 **********
 **   26 **FIX           15
 **********
 PARAMETER   15  IS CONSTANT.   IGNORED.
 **********
 **   27 **FIX           16
 **********
 PARAMETER   16  IS CONSTANT.   IGNORED.
 **********
 **   28 **MIGRAD
 **********
 START MIGRAD MINIMIZATION.  STRATEGY  1.  CONVERGENCE WHEN EDM .LT. 1.00e-04
 FCN=4756.63 FROM MIGRAD    STATUS=INITIATE       22 CALLS        1173 TOTAL
                     EDM= unknown      STRATEGY= 1      NO ERROR MATRIX       
  EXT PARAMETER               CURRENT GUESS       STEP         FIRST   
  NO.   NAME      VALUE            ERROR          SIZE      DERIVATIVE 
   1  N0           2.99185e+06     fixed    
   2  tau          6.44056e+01   constant   
   3  A0           3.44341e-01     fixed    
   4  phi          4.11341e+00     fixed    
   5  R           -6.10700e+01   constant   
   6  A_CBO        5.35699e-03   1.00000e-05   1.00000e-05   9.69613e+04
   7  w_CBO        2.32672e+00   1.00000e-03   1.00000e-03  -5.14139e+07
   8  phi_CBO      3.30971e+00   1.00000e-04   1.00000e-04   1.15089e+02
   9  ANx2         5.14298e-04   constant   
  10  pNx2         2.57364e+00   constant   
  11  ANy1         0.00000e+00   constant   
  12  pNy1         0.00000e+00   constant   
  13  w_y          0.00000e+00   constant   
  14  ANy2         1.38778e-02     fixed    
  15  pNy2         3.40463e+00   constant   
  16  w_vw         1.43028e+01   constant   
  17  LM           2.35248e-05   constant   
  18  wCBO_expCoeff   2.00001e+02   4.26344e-05   2.20913e-07  -5.97984e+05
  19  wCBO_expOffset   2.00000e+02   8.28581e-06  -3.96950e-08   1.88677e+05
  20  wCBO_expT    2.99999e+01   3.14634e-06  -2.48888e-09   7.40253e+06
  21  wCBO_linCoeff   0.00000e+00   constant   
  22  wCBO_const  -3.66807e-02   8.86254e-04  -1.38633e-06  -3.72998e+04
 CALL LIMIT EXCEEDED IN MIGRAD.
 MIGRAD TERMINATED WITHOUT CONVERGENCE.
 FCN=4634.86 FROM MIGRAD    STATUS=CALL LIMIT   1149 CALLS        2300 TOTAL
                     EDM=33.9783    STRATEGY= 1  ERROR MATRIX UNCERTAINTY   1.1 per cent
  EXT PARAMETER                APPROXIMATE        STEP         FIRST   
  NO.   NAME      VALUE            ERROR          SIZE      DERIVATIVE 
   1  N0           2.99185e+06     fixed    
   2  tau          6.44056e+01   constant   
   3  A0           3.44341e-01     fixed    
   4  phi          4.11341e+00     fixed    
   5  R           -6.10700e+01   constant   
   6  A_CBO        3.09093e-03   3.15756e-04   8.41599e-08   3.14763e+03
   7  w_CBO        2.32672e+00   5.72415e-07   1.85838e-10  -1.38717e+07
   8  phi_CBO      3.39549e+00   3.87626e-01   1.28187e-04   1.22848e+01
   9  ANx2         5.14298e-04   constant   
  10  pNx2         2.57364e+00   constant   
  11  ANy1         0.00000e+00   constant   
  12  pNy1         0.00000e+00   constant   
  13  w_y          0.00000e+00   constant   
  14  ANy2         1.38778e-02     fixed    
  15  pNy2         3.40463e+00   constant   
  16  w_vw         1.43028e+01   constant   
  17  LM           2.35248e-05   constant   
  18  wCBO_expCoeff   2.00001e+02   4.92394e-05   1.59862e-08  -1.61351e+05
  19  wCBO_expOffset   2.00000e+02   8.04511e-06  -2.54416e-09   8.75274e+04
  20  wCBO_expT    2.99999e+01   1.90233e-06   5.94534e-10   1.39538e+06
  21  wCBO_linCoeff   0.00000e+00   constant   
  22  wCBO_const  -3.64065e-02   4.23205e-04   1.30262e-07  -8.96110e+03
 EXTERNAL ERROR MATRIX.    NDIM=  25    NPAR=  7    ERR DEF=1
  9.970e-08  1.453e-10  9.711e-05  1.250e-08 -1.922e-09  4.573e-10  1.028e-07 
  1.453e-10  3.277e-13  2.176e-07  2.677e-11 -4.280e-12  1.029e-12  2.148e-10 
  9.711e-05  2.176e-07  1.503e-01  1.872e-05 -2.923e-06  6.977e-07  1.527e-04 
  1.250e-08  2.677e-11  1.872e-05  2.425e-09 -3.681e-10  8.855e-11  1.848e-08 
 -1.922e-09 -4.280e-12 -2.923e-06 -3.681e-10  6.472e-11 -1.391e-11 -2.986e-09 
  4.573e-10  1.029e-12  6.977e-07  8.855e-11 -1.391e-11  3.619e-12  7.288e-10 
  1.028e-07  2.148e-10  1.527e-04  1.848e-08 -2.986e-09  7.288e-10  1.791e-07 
ERR MATRIX APPROXIMATE
 PARAMETER  CORRELATION COEFFICIENTS  
       NO.  GLOBAL      6      7      8     18     19     20     22
        6  0.99786   1.000  0.804  0.793  0.804 -0.757  0.761  0.769
        7  0.99994   0.804  1.000  0.981  0.950 -0.929  0.945  0.887
        8  0.99998   0.793  0.981  1.000  0.981 -0.937  0.946  0.931
       18  0.99994   0.804  0.950  0.981  1.000 -0.929  0.945  0.887
       19  0.99343  -0.757 -0.929 -0.937 -0.929  1.000 -0.909 -0.877
       20  0.99966   0.761  0.945  0.946  0.945 -0.909  1.000  0.905
       22  0.99978   0.769  0.887  0.931  0.887 -0.877  0.905  1.000
 ERR MATRIX APPROXIMATE
MINUIT - FIT ONLY 1-CBO
 **********
 **   29 **RES 
 **********
                   PARAMETER   14  ANy2 RESTORED TO VARIABLE.
                   PARAMETER    4  phi RESTORED TO VARIABLE.
                   PARAMETER    3  A0 RESTORED TO VARIABLE.
                   PARAMETER    1  N0 RESTORED TO VARIABLE.
 **********
 **   30 **FIX            0
 **********
 PARAMETER    0  IS UNDEFINED. IGNORED.
 **********
 **   31 **FIX            1
 **********
 **********
 **   32 **FIX            2
 **********
 PARAMETER    2  IS CONSTANT.   IGNORED.
 **********
 **   33 **FIX            3
 **********
 **********
 **   34 **FIX            4
 **********
 **********
 **   35 **FIX            8
 **********
 **********
 **   36 **FIX            9
 **********
 PARAMETER    9  IS CONSTANT.   IGNORED.
 **********
 **   37 **FIX           11
 **********
 PARAMETER   11  IS CONSTANT.   IGNORED.
 **********
 **   38 **FIX           12
 **********
 PARAMETER   12  IS CONSTANT.   IGNORED.
 **********
 **   39 **FIX           13
 **********
 PARAMETER   13  IS CONSTANT.   IGNORED.
 **********
 **   40 **FIX           15
 **********
 PARAMETER   15  IS CONSTANT.   IGNORED.
 **********
 **   41 **FIX           16
 **********
 PARAMETER   16  IS CONSTANT.   IGNORED.
 **********
 **   42 **MIGRAD
 **********
 START MIGRAD MINIMIZATION.  STRATEGY  1.  CONVERGENCE WHEN EDM .LT. 1.00e-04
 FCN=4634.86 FROM MIGRAD    STATUS=INITIATE       16 CALLS        2316 TOTAL
                     EDM= unknown      STRATEGY= 1      NO ERROR MATRIX       
  EXT PARAMETER               CURRENT GUESS       STEP         FIRST   
  NO.   NAME      VALUE            ERROR          SIZE      DERIVATIVE 
   1  N0           2.99185e+06     fixed    
   2  tau          6.44056e+01   constant   
   3  A0           3.44341e-01     fixed    
   4  phi          4.11341e+00     fixed    
   5  R           -6.10700e+01   constant   
   6  A_CBO        3.09093e-03   3.15756e-04   8.41599e-08   3.14763e+03
   7  w_CBO        2.32672e+00   5.72415e-07   1.85838e-10  -1.38717e+07
   8  phi_CBO      3.39549e+00     fixed    
   9  ANx2         5.14298e-04   constant   
  10  pNx2         2.57364e+00   constant   
  11  ANy1         0.00000e+00   constant   
  12  pNy1         0.00000e+00   constant   
  13  w_y          0.00000e+00   constant   
  14  ANy2         1.38778e-02   1.00000e-04   1.00000e-04   5.88975e+05
  15  pNy2         3.40463e+00   constant   
  16  w_vw         1.43028e+01   constant   
  17  LM           2.35248e-05   constant   
  18  wCBO_expCoeff   2.00001e+02   4.92394e-05   1.59862e-08  -1.61351e+05
  19  wCBO_expOffset   2.00000e+02   8.04511e-06  -2.54416e-09   8.75274e+04
  20  wCBO_expT    2.99999e+01   1.90233e-06   5.94534e-10   1.39538e+06
  21  wCBO_linCoeff   0.00000e+00   constant   
  22  wCBO_const  -3.64065e-02   4.23205e-04   1.30262e-07  -8.96110e+03
 MIGRAD FAILS TO FIND IMPROVEMENT
 FCN=701.175 FROM HESSE     STATUS=NOT POSDEF     58 CALLS        2419 TOTAL
                     EDM=597.305    STRATEGY= 1      ERR MATRIX NOT POS-DEF
  EXT PARAMETER                APPROXIMATE        STEP         FIRST   
  NO.   NAME      VALUE            ERROR          SIZE      DERIVATIVE 
   1  N0           2.99185e+06     fixed    
   2  tau          6.44056e+01   constant   
   3  A0           3.44341e-01     fixed    
   4  phi          4.11341e+00     fixed    
   5  R           -6.10700e+01   constant   
   6  A_CBO        1.30724e-03   2.04713e-03   2.89143e-06  -2.92874e+03
   7  w_CBO        2.32672e+00   1.50500e-06   1.10947e-06  -6.56004e+06
   8  phi_CBO      3.39549e+00     fixed    
   9  ANx2         5.14298e-04   constant   
  10  pNx2         2.57364e+00   constant   
  11  ANy1         0.00000e+00   constant   
  12  pNy1         0.00000e+00   constant   
  13  w_y          0.00000e+00   constant   
  14  ANy2         5.32465e-04   2.04210e-04   2.72341e-06  -3.45136e+02
  15  pNy2         3.40463e+00   constant   
  16  w_vw         1.43028e+01   constant   
  17  LM           2.35248e-05   constant   
  18  wCBO_expCoeff   2.00001e+02   1.29332e-04   9.53680e-05  -7.63020e+04
  19  wCBO_expOffset   2.00000e+02   7.15583e-05   9.53674e-05   6.49585e+05
  20  wCBO_expT    2.99999e+01   8.43520e-06   1.43051e-05   1.55511e+06
  21  wCBO_linCoeff   0.00000e+00   constant   
  22  wCBO_const  -3.56050e-02   1.02001e-03   4.90083e-06  -3.04097e+03
 MIGRAD FAILS TO FIND IMPROVEMENT
 MIGRAD TERMINATED WITHOUT CONVERGENCE.
 FCN=701.175 FROM MIGRAD    STATUS=FAILED        130 CALLS        2430 TOTAL
                     EDM=597.305    STRATEGY= 1      ERR MATRIX NOT POS-DEF
  EXT PARAMETER                APPROXIMATE        STEP         FIRST   
  NO.   NAME      VALUE            ERROR          SIZE      DERIVATIVE 
   1  N0           2.99185e+06     fixed    
   2  tau          6.44056e+01   constant   
   3  A0           3.44341e-01     fixed    
   4  phi          4.11341e+00     fixed    
   5  R           -6.10700e+01   constant   
   6  A_CBO        1.30724e-03   2.04713e-03   0.00000e+00  -2.92874e+03
   7  w_CBO        2.32672e+00   1.50500e-06  -0.00000e+00  -6.56004e+06
   8  phi_CBO      3.39549e+00     fixed    
   9  ANx2         5.14298e-04   constant   
  10  pNx2         2.57364e+00   constant   
  11  ANy1         0.00000e+00   constant   
  12  pNy1         0.00000e+00   constant   
  13  w_y          0.00000e+00   constant   
  14  ANy2         5.32465e-04   2.04210e-04   0.00000e+00  -3.45136e+02
  15  pNy2         3.40463e+00   constant   
  16  w_vw         1.43028e+01   constant   
  17  LM           2.35248e-05   constant   
  18  wCBO_expCoeff   2.00001e+02   1.29332e-04  -0.00000e+00  -7.63020e+04
  19  wCBO_expOffset   2.00000e+02   7.15583e-05  -0.00000e+00   6.49585e+05
  20  wCBO_expT    2.99999e+01   8.43520e-06  -0.00000e+00   1.55511e+06
  21  wCBO_linCoeff   0.00000e+00   constant   
  22  wCBO_const  -3.56050e-02   1.02001e-03   0.00000e+00  -3.04097e+03
 EXTERNAL ERROR MATRIX.    NDIM=  25    NPAR=  7    ERR DEF=1
  4.191e-06 -3.009e-09  2.658e-07 -2.585e-07 -1.459e-07 -1.706e-08  1.773e-06 
 -3.009e-09  2.265e-12 -1.914e-10  1.835e-10  1.052e-10  1.235e-11 -1.353e-09 
  2.658e-07 -1.914e-10  4.170e-08 -1.645e-08 -9.279e-09 -1.078e-09  1.098e-07 
 -2.585e-07  1.835e-10 -1.645e-08  1.673e-08  9.037e-09  1.061e-09 -1.163e-07 
 -1.459e-07  1.052e-10 -9.279e-09  9.037e-09  5.121e-09  5.966e-10 -6.213e-08 
 -1.706e-08  1.235e-11 -1.078e-09  1.061e-09  5.966e-10  7.115e-11 -7.393e-09 
  1.773e-06 -1.353e-09  1.098e-07 -1.163e-07 -6.213e-08 -7.393e-09  1.040e-06 
ERR MATRIX NOT POS-DEF
 PARAMETER  CORRELATION COEFFICIENTS  
       NO.  GLOBAL      6      7     14     18     19     20     22
        6  0.99694   1.000 -0.977  0.636 -0.976 -0.996 -0.988  0.849
        7  0.98935  -0.977  1.000 -0.623  0.943  0.976  0.973 -0.882
       14  0.63879   0.636 -0.623  1.000 -0.623 -0.635 -0.626  0.527
       18  0.98934  -0.976  0.943 -0.623  1.000  0.976  0.973 -0.882
       19  0.99680  -0.996  0.976 -0.635  0.976  1.000  0.988 -0.851
       20  0.99035  -0.988  0.973 -0.626  0.973  0.988  1.000 -0.859
       22  0.93869   0.849 -0.882  0.527 -0.882 -0.851 -0.859  1.000
 ERR MATRIX NOT POS-DEF
MINUIT - FIT ONLY 2-CBO
 **********
 **   43 **RES 
 **********
                   PARAMETER    8  phi_CBO RESTORED TO VARIABLE.
                   PARAMETER    4  phi RESTORED TO VARIABLE.
                   PARAMETER    3  A0 RESTORED TO VARIABLE.
                   PARAMETER    1  N0 RESTORED TO VARIABLE.
 **********
 **   44 **FIX            0
 **********
 PARAMETER    0  IS UNDEFINED. IGNORED.
 **********
 **   45 **FIX            1
 **********
 **********
 **   46 **FIX            2
 **********
 PARAMETER    2  IS CONSTANT.   IGNORED.
 **********
 **   47 **FIX            3
 **********
 **********
 **   48 **FIX            4
 **********
 **********
 **   49 **FIX            5
 **********
 PARAMETER    5  IS CONSTANT.   IGNORED.
 **********
 **   50 **FIX            6
 **********
 **********
 **   51 **FIX            7
 **********
 **********
 **   52 **FIX           10
 **********
 PARAMETER   10  IS CONSTANT.   IGNORED.
 **********
 **   53 **FIX           11
 **********
 PARAMETER   11  IS CONSTANT.   IGNORED.
 **********
 **   54 **FIX           12
 **********
 PARAMETER   12  IS CONSTANT.   IGNORED.
 **********
 **   55 **FIX           13
 **********
 PARAMETER   13  IS CONSTANT.   IGNORED.
 **********
 **   56 **FIX           14
 **********
 **********
 **   57 **FIX           15
 **********
 PARAMETER   15  IS CONSTANT.   IGNORED.
 **********
 **   58 **FIX           16
 **********
 PARAMETER   16  IS CONSTANT.   IGNORED.
 **********
 **   59 **MIGRAD
 **********
 START MIGRAD MINIMIZATION.  STRATEGY  1.  CONVERGENCE WHEN EDM .LT. 1.00e-04
 FCN=701.175 FROM MIGRAD    STATUS=INITIATE       12 CALLS        2442 TOTAL
                     EDM= unknown      STRATEGY= 1      NO ERROR MATRIX       
  EXT PARAMETER               CURRENT GUESS       STEP         FIRST   
  NO.   NAME      VALUE            ERROR          SIZE      DERIVATIVE 
   1  N0           2.99185e+06     fixed    
   2  tau          6.44056e+01   constant   
   3  A0           3.44341e-01     fixed    
   4  phi          4.11341e+00     fixed    
   5  R           -6.10700e+01   constant   
   6  A_CBO        1.30724e-03     fixed    
   7  w_CBO        2.32672e+00     fixed    
   8  phi_CBO      3.39549e+00   3.87626e-01   3.87626e-01  -3.85954e+01
   9  ANx2         5.14298e-04   constant   
  10  pNx2         2.57364e+00   constant   
  11  ANy1         0.00000e+00   constant   
  12  pNy1         0.00000e+00   constant   
  13  w_y          0.00000e+00   constant   
  14  ANy2         5.32465e-04     fixed    
  15  pNy2         3.40463e+00   constant   
  16  w_vw         1.43028e+01   constant   
  17  LM           2.35248e-05   constant   
  18  wCBO_expCoeff   2.00001e+02   1.29332e-04  -0.00000e+00  -4.91282e+04
  19  wCBO_expOffset   2.00000e+02   7.15583e-05  -0.00000e+00   2.42215e+05
  20  wCBO_expT    2.99999e+01   8.43520e-06  -0.00000e+00  -1.30343e+06
  21  wCBO_linCoeff   0.00000e+00   constant   
  22  wCBO_const  -3.56050e-02   1.02001e-03   0.00000e+00  -3.04095e+03
 MIGRAD FAILS TO FIND IMPROVEMENT
 FCN=698.444 FROM HESSE     STATUS=NOT POSDEF     37 CALLS        2778 TOTAL
                     EDM=84.6453    STRATEGY= 1      ERR MATRIX NOT POS-DEF
  EXT PARAMETER                APPROXIMATE        STEP         FIRST   
  NO.   NAME      VALUE            ERROR          SIZE      DERIVATIVE 
   1  N0           2.99185e+06     fixed    
   2  tau          6.44056e+01   constant   
   3  A0           3.44341e-01     fixed    
   4  phi          4.11341e+00     fixed    
   5  R           -6.10700e+01   constant   
   6  A_CBO        1.30724e-03     fixed    
   7  w_CBO        2.32672e+00     fixed    
   8  phi_CBO      3.74277e+00   5.35277e-01   1.83932e-03   7.54084e-01
   9  ANx2         5.14298e-04   constant   
  10  pNx2         2.57364e+00   constant   
  11  ANy1         0.00000e+00   constant   
  12  pNy1         0.00000e+00   constant   
  13  w_y          0.00000e+00   constant   
  14  ANy2         5.32465e-04     fixed    
  15  pNy2         3.40463e+00   constant   
  16  w_vw         1.43028e+01   constant   
  17  LM           2.35248e-05   constant   
  18  wCBO_expCoeff   2.00001e+02   2.75956e-04   9.53680e-05  -2.81579e+05
  19  wCBO_expOffset   2.00000e+02   2.86550e-05   9.53674e-05  -1.74934e+06
  20  wCBO_expT    2.99999e+01   9.53498e-06   1.43051e-05   5.52425e+06
  21  wCBO_linCoeff   0.00000e+00   constant   
  22  wCBO_const  -3.51858e-02   6.05892e-03   6.23164e-06  -1.42510e+04
 MIGRAD FAILS TO FIND IMPROVEMENT
 MIGRAD TERMINATED WITHOUT CONVERGENCE.
 FCN=682.974 FROM MIGRAD    STATUS=FAILED        374 CALLS        2804 TOTAL
                     EDM=14.888    STRATEGY= 1      ERR MATRIX NOT POS-DEF
  EXT PARAMETER                APPROXIMATE        STEP         FIRST   
  NO.   NAME      VALUE            ERROR          SIZE      DERIVATIVE 
   1  N0           2.99185e+06     fixed    
   2  tau          6.44056e+01   constant   
   3  A0           3.44341e-01     fixed    
   4  phi          4.11341e+00     fixed    
   5  R           -6.10700e+01   constant   
   6  A_CBO        1.30724e-03     fixed    
   7  w_CBO        2.32672e+00     fixed    
   8  phi_CBO      4.27341e+00   5.23456e-01   0.00000e+00   2.36975e+00
   9  ANx2         5.14298e-04   constant   
  10  pNx2         2.57364e+00   constant   
  11  ANy1         0.00000e+00   constant   
  12  pNy1         0.00000e+00   constant   
  13  w_y          0.00000e+00   constant   
  14  ANy2         5.32465e-04     fixed    
  15  pNy2         3.40463e+00   constant   
  16  w_vw         1.43028e+01   constant   
  17  LM           2.35248e-05   constant   
  18  wCBO_expCoeff   2.00001e+02   2.77291e-04  -0.00000e+00  -7.27394e+04
  19  wCBO_expOffset   2.00000e+02   2.91967e-05  -0.00000e+00   1.57502e+05
  20  wCBO_expT    2.99999e+01   9.46706e-06  -0.00000e+00   2.27400e+05
  21  wCBO_linCoeff   0.00000e+00   constant   
  22  wCBO_const  -2.96988e-02   6.04780e-03   0.00000e+00  -3.65737e+03
 EXTERNAL ERROR MATRIX.    NDIM=  25    NPAR=  5    ERR DEF=1
  2.740e-01 -1.386e-04 -1.478e-05 -4.786e-06  3.058e-03 
 -1.386e-04  7.689e-08  7.914e-09  2.583e-09 -1.672e-06 
 -1.478e-05  7.914e-09  8.524e-10  2.745e-10 -1.738e-07 
 -4.786e-06  2.583e-09  2.745e-10  8.963e-11 -5.647e-08 
  3.058e-03 -1.672e-06 -1.738e-07 -5.647e-08  3.658e-05 
ERR MATRIX NOT POS-DEF
 PARAMETER  CORRELATION COEFFICIENTS  
       NO.  GLOBAL      8     18     19     20     22
        8  0.97504   1.000 -0.955 -0.967 -0.966  0.966
       18  0.99793  -0.955  1.000  0.978  0.984 -0.997
       19  0.99499  -0.967  0.978  1.000  0.993 -0.984
       20  0.99552  -0.966  0.984  0.993  1.000 -0.986
       22  0.99845   0.966 -0.997 -0.984 -0.986  1.000
 ERR MATRIX NOT POS-DEF
MINUIT - FIT ONLY 1-y
 **********
 **   60 **RES 
 **********
                   PARAMETER   14  ANy2 RESTORED TO VARIABLE.
                   PARAMETER    7  w_CBO RESTORED TO VARIABLE.
                   PARAMETER    6  A_CBO RESTORED TO VARIABLE.
                   PARAMETER    4  phi RESTORED TO VARIABLE.
                   PARAMETER    3  A0 RESTORED TO VARIABLE.
                   PARAMETER    1  N0 RESTORED TO VARIABLE.
 **********
 **   61 **FIX            0
 **********
 PARAMETER    0  IS UNDEFINED. IGNORED.
 **********
 **   62 **FIX            1
 **********
 **********
 **   63 **FIX            2
 **********
 PARAMETER    2  IS CONSTANT.   IGNORED.
 **********
 **   64 **FIX            3
 **********
 **********
 **   65 **FIX            4
 **********
 **********
 **   66 **FIX            5
 **********
 PARAMETER    5  IS CONSTANT.   IGNORED.
 **********
 **   67 **FIX            6
 **********
 **********
 **   68 **FIX            7
 **********
 **********
 **   69 **FIX            8
 **********
 **********
 **   70 **FIX            9
 **********
 PARAMETER    9  IS CONSTANT.   IGNORED.
 **********
 **   71 **FIX           13
 **********
 PARAMETER   13  IS CONSTANT.   IGNORED.
 **********
 **   72 **FIX           14
 **********
 **********
 **   73 **FIX           15
 **********
 PARAMETER   15  IS CONSTANT.   IGNORED.
 **********
 **   74 **FIX           16
 **********
 PARAMETER   16  IS CONSTANT.   IGNORED.
 **********
 **   75 **MIGRAD
 **********
 START MIGRAD MINIMIZATION.  STRATEGY  1.  CONVERGENCE WHEN EDM .LT. 1.00e-04
 FCN=682.974 FROM MIGRAD    STATUS=INITIATE        8 CALLS        2812 TOTAL
                     EDM= unknown      STRATEGY= 1      NO ERROR MATRIX       
  EXT PARAMETER               CURRENT GUESS       STEP         FIRST   
  NO.   NAME      VALUE            ERROR          SIZE      DERIVATIVE 
   1  N0           2.99185e+06     fixed    
   2  tau          6.44056e+01   constant   
   3  A0           3.44341e-01     fixed    
   4  phi          4.11341e+00     fixed    
   5  R           -6.10700e+01   constant   
   6  A_CBO        1.30724e-03     fixed    
   7  w_CBO        2.32672e+00     fixed    
   8  phi_CBO      4.27341e+00     fixed    
   9  ANx2         5.14298e-04   constant   
  10  pNx2         2.57364e+00   constant   
  11  ANy1         0.00000e+00   constant   
  12  pNy1         0.00000e+00   constant   
  13  w_y          0.00000e+00   constant   
  14  ANy2         5.32465e-04     fixed    
  15  pNy2         3.40463e+00   constant   
  16  w_vw         1.43028e+01   constant   
  17  LM           2.35248e-05   constant   
  18  wCBO_expCoeff   2.00001e+02   2.77291e-04  -0.00000e+00  -7.27394e+04
  19  wCBO_expOffset   2.00000e+02   2.91967e-05  -0.00000e+00   1.57502e+05
  20  wCBO_expT    2.99999e+01   9.46706e-06  -0.00000e+00   2.27400e+05
  21  wCBO_linCoeff   0.00000e+00   constant   
  22  wCBO_const  -2.96988e-02   6.04780e-03   0.00000e+00  -3.65737e+03
 MIGRAD FAILS TO FIND IMPROVEMENT
 FCN=682.974 FROM HESSE     STATUS=NOT POSDEF     29 CALLS        2852 TOTAL
                     EDM=49.2681    STRATEGY= 1      ERR MATRIX NOT POS-DEF
  EXT PARAMETER                APPROXIMATE        STEP         FIRST   
  NO.   NAME      VALUE            ERROR          SIZE      DERIVATIVE 
   1  N0           2.99185e+06     fixed    
   2  tau          6.44056e+01   constant   
   3  A0           3.44341e-01     fixed    
   4  phi          4.11341e+00     fixed    
   5  R           -6.10700e+01   constant   
   6  A_CBO        1.30724e-03     fixed    
   7  w_CBO        2.32672e+00     fixed    
   8  phi_CBO      4.27341e+00     fixed    
   9  ANx2         5.14298e-04   constant   
  10  pNx2         2.57364e+00   constant   
  11  ANy1         0.00000e+00   constant   
  12  pNy1         0.00000e+00   constant   
  13  w_y          0.00000e+00   constant   
  14  ANy2         5.32465e-04     fixed    
  15  pNy2         3.40463e+00   constant   
  16  w_vw         1.43028e+01   constant   
  17  LM           2.35248e-05   constant   
  18  wCBO_expCoeff   2.00001e+02   3.03079e-04   9.53679e-05  -8.65509e+04
  19  wCBO_expOffset   2.00000e+02   3.77733e-05   9.53674e-05  -5.35095e+05
  20  wCBO_expT    2.99999e+01   9.62917e-06   1.43051e-05   1.77746e+06
  21  wCBO_linCoeff   0.00000e+00   constant   
  22  wCBO_const  -2.96988e-02   4.28951e-03   4.57127e-06  -3.65738e+03
 MIGRAD FAILS TO FIND IMPROVEMENT
 MIGRAD TERMINATED WITHOUT CONVERGENCE.
 FCN=681.027 FROM MIGRAD    STATUS=FAILED        684 CALLS        3488 TOTAL
                     EDM=4.67737    STRATEGY= 1      ERR MATRIX NOT POS-DEF
  EXT PARAMETER                APPROXIMATE        STEP         FIRST   
  NO.   NAME      VALUE            ERROR          SIZE      DERIVATIVE 
   1  N0           2.99185e+06     fixed    
   2  tau          6.44056e+01   constant   
   3  A0           3.44341e-01     fixed    
   4  phi          4.11341e+00     fixed    
   5  R           -6.10700e+01   constant   
   6  A_CBO        1.30724e-03     fixed    
   7  w_CBO        2.32672e+00     fixed    
   8  phi_CBO      4.27341e+00     fixed    
   9  ANx2         5.14298e-04   constant   
  10  pNx2         2.57364e+00   constant   
  11  ANy1         0.00000e+00   constant   
  12  pNy1         0.00000e+00   constant   
  13  w_y          0.00000e+00   constant   
  14  ANy2         5.32465e-04     fixed    
  15  pNy2         3.40463e+00   constant   
  16  w_vw         1.43028e+01   constant   
  17  LM           2.35248e-05   constant   
  18  wCBO_expCoeff   2.00001e+02   2.01612e-04   0.00000e+00   1.08769e+04
  19  wCBO_expOffset   2.00000e+02   1.67266e-05  -0.00000e+00   1.71750e+05
  20  wCBO_expT    2.99999e+01   1.29673e-06  -0.00000e+00   4.12664e+05
  21  wCBO_linCoeff   0.00000e+00   constant   
  22  wCBO_const  -3.73458e-02   3.46632e-03  -0.00000e+00   8.94193e+02
 EXTERNAL ERROR MATRIX.    NDIM=  25    NPAR=  4    ERR DEF=1
  4.065e-08 -3.295e-09 -2.287e-10 -6.985e-07 
 -3.295e-09  2.798e-10  1.902e-11  5.674e-08 
 -2.287e-10  1.902e-11  1.682e-12  3.995e-09 
 -6.985e-07  5.674e-08  3.995e-09  1.202e-05 
ERR MATRIX NOT POS-DEF
 PARAMETER  CORRELATION COEFFICIENTS  
       NO.  GLOBAL     18     19     20     22
       18  0.99998   1.000 -0.977 -0.875 -1.000
       19  0.98423  -0.977  1.000  0.877  0.979
       20  0.99626  -0.875  0.877  1.000  0.889
       22  0.99999  -1.000  0.979  0.889  1.000
 ERR MATRIX NOT POS-DEF
MINUIT - FIT ONLY 2-y
 **********
 **   76 **RES 
 **********
                   PARAMETER   14  ANy2 RESTORED TO VARIABLE.
                   PARAMETER    8  phi_CBO RESTORED TO VARIABLE.
                   PARAMETER    7  w_CBO RESTORED TO VARIABLE.
                   PARAMETER    6  A_CBO RESTORED TO VARIABLE.
                   PARAMETER    4  phi RESTORED TO VARIABLE.
                   PARAMETER    3  A0 RESTORED TO VARIABLE.
                   PARAMETER    1  N0 RESTORED TO VARIABLE.
 **********
 **   77 **FIX            0
 **********
 PARAMETER    0  IS UNDEFINED. IGNORED.
 **********
 **   78 **FIX            1
 **********
 **********
 **   79 **FIX            2
 **********
 PARAMETER    2  IS CONSTANT.   IGNORED.
 **********
 **   80 **FIX            3
 **********
 **********
 **   81 **FIX            4
 **********
 **********
 **   82 **FIX            5
 **********
 PARAMETER    5  IS CONSTANT.   IGNORED.
 **********
 **   83 **FIX            6
 **********
 **********
 **   84 **FIX            7
 **********
 **********
 **   85 **FIX            8
 **********
 **********
 **   86 **FIX            9
 **********
 PARAMETER    9  IS CONSTANT.   IGNORED.
 **********
 **   87 **FIX           10
 **********
 PARAMETER   10  IS CONSTANT.   IGNORED.
 **********
 **   88 **FIX           11
 **********
 PARAMETER   11  IS CONSTANT.   IGNORED.
 **********
 **   89 **FIX           12
 **********
 PARAMETER   12  IS CONSTANT.   IGNORED.
 **********
 **   90 **FIX           16
 **********
 PARAMETER   16  IS CONSTANT.   IGNORED.
 **********
 **   91 **MIGRAD
 **********
 START MIGRAD MINIMIZATION.  STRATEGY  1.  CONVERGENCE WHEN EDM .LT. 1.00e-04
 FCN=681.027 FROM MIGRAD    STATUS=INITIATE       10 CALLS        3498 TOTAL
                     EDM= unknown      STRATEGY= 1      NO ERROR MATRIX       
  EXT PARAMETER               CURRENT GUESS       STEP         FIRST   
  NO.   NAME      VALUE            ERROR          SIZE      DERIVATIVE 
   1  N0           2.99185e+06     fixed    
   2  tau          6.44056e+01   constant   
   3  A0           3.44341e-01     fixed    
   4  phi          4.11341e+00     fixed    
   5  R           -6.10700e+01   constant   
   6  A_CBO        1.30724e-03     fixed    
   7  w_CBO        2.32672e+00     fixed    
   8  phi_CBO      4.27341e+00     fixed    
   9  ANx2         5.14298e-04   constant   
  10  pNx2         2.57364e+00   constant   
  11  ANy1         0.00000e+00   constant   
  12  pNy1         0.00000e+00   constant   
  13  w_y          0.00000e+00   constant   
  14  ANy2         5.32465e-04   2.04210e-04   2.04210e-04  -1.21673e+03
  15  pNy2         3.40463e+00   constant   
  16  w_vw         1.43028e+01   constant   
  17  LM           2.35248e-05   constant   
  18  wCBO_expCoeff   2.00001e+02   2.01612e-04   0.00000e+00   1.08769e+04
  19  wCBO_expOffset   2.00000e+02   1.67266e-05  -0.00000e+00   1.71750e+05
  20  wCBO_expT    2.99999e+01   1.29673e-06  -0.00000e+00   4.12664e+05
  21  wCBO_linCoeff   0.00000e+00   constant   
  22  wCBO_const  -3.73458e-02   3.46632e-03  -0.00000e+00   8.94193e+02
 MIGRAD FAILS TO FIND IMPROVEMENT
 FCN=680.958 FROM HESSE     STATUS=NOT POSDEF     37 CALLS        3558 TOTAL
                     EDM=8.30951    STRATEGY= 1      ERR MATRIX NOT POS-DEF
  EXT PARAMETER                APPROXIMATE        STEP         FIRST   
  NO.   NAME      VALUE            ERROR          SIZE      DERIVATIVE 
   1  N0           2.99185e+06     fixed    
   2  tau          6.44056e+01   constant   
   3  A0           3.44341e-01     fixed    
