 + ++++++++++++++++++++++++++++++++++++++++++++++++++++++++++++++++++++ +
 +                                                                      +
 +           You have chose to blind your fitting according to          +
 +                omega_ref * (1 + (R +/- deltaR) *10^{-6})             +
 +                                                                      +
 + ++++++++++++++++++++++++++++++++++++++++++++++++++++++++++++++++++++ +
In main()...
reading format from /gm2data/zkhechad/run45/envelope/formats/formatB_sBin_constraintOn.txt
pBinTau 	= 0  
pBinPhi 	= 0  
constraintau 	= 1 
includeMopTerm 	= 0    
constrainMop    = 0   
Parameters after format file: pBinTau 0 pBinPhi 0 constraintau 1 includeMopTerm 0 constrainMop 0 c_e_scale 0.000000 
reading cbo reference file (full fit) from /gm2data/zkhechad/cboTemplates/Run4CBOTemplates/fullFits/run4/sBin_constraintOn_cE0.0_seed0_run4_calo2.root
A_CBO 0.007108 w_CBO 2.327171 phi_CBO 2.947562 N0 3111930.391320 R -60.007933 tau 64.411359 
Reading cboRef file /gm2data/zkhechad/cboTemplates/Run4CBOTemplates//cboIsolate/run4_calo2.root
deltaT 164.120000
windowBins = 1100
fitting sliding window 1960 from bin 2163 at 322.719600 to bin 3263 at 486.839600 (1100 bins)

Reading data from /gm2data/cornell/histograms/aMethod/histogram_a_run4.root
fitting cbo isolate
 **********
 **    1 **SET PRINTOUT            1
 **********
 **********
 **    2 **SET NOWARNINGS 
 **********
 PARAMETER DEFINITIONS:
    NO.   NAME         VALUE      STEP SIZE      LIMITS
     1 A_CBO        7.10761e-03  1.00000e-05     no limits
     2 w_CBO        2.32717e+00  1.00000e-02    2.00000e+00  3.00000e+00
     3 phi_CBO      2.94756e+00  1.00000e-02    0.00000e+00  6.28319e+00
 **********
 **    3 **MIGRAD
 **********
 FIRST CALL TO USER FUNCTION AT NEW START POINT, WITH IFLAG=4.
 START MIGRAD MINIMIZATION.  STRATEGY  1.  CONVERGENCE WHEN EDM .LT. 1.00e-04
 FCN=0.120621 FROM MIGRAD    STATUS=INITIATE       12 CALLS          13 TOTAL
                     EDM= unknown      STRATEGY= 1      NO ERROR MATRIX       
  EXT PARAMETER               CURRENT GUESS       STEP         FIRST   
  NO.   NAME      VALUE            ERROR          SIZE      DERIVATIVE 
   1  A_CBO        7.10761e-03   1.00000e-05   1.00000e-05   5.76231e+00
   2  w_CBO        2.32717e+00   1.00000e-02   2.13160e-02   1.47697e+00
   3  phi_CBO      2.94756e+00   1.00000e-02   3.18919e-03  -2.36745e-02
 MIGRAD MINIMIZATION HAS CONVERGED.
 MIGRAD WILL VERIFY CONVERGENCE AND ERROR MATRIX.
 COVARIANCE MATRIX CALCULATED SUCCESSFULLY
 FCN=0.105013 FROM MIGRAD    STATUS=CONVERGED      59 CALLS          60 TOTAL
                     EDM=2.20195e-05    STRATEGY= 1      ERROR MATRIX ACCURATE 
  EXT PARAMETER                                   STEP         FIRST   
  NO.   NAME      VALUE            ERROR          SIZE      DERIVATIVE 
   1  A_CBO        2.09427e-03   4.26008e-02   2.18479e-05  -1.21879e-02
   2  w_CBO        2.32664e+00   3.57236e-01   5.75830e-05   4.57288e-03
   3  phi_CBO      3.19224e+00   4.63475e+00   3.63942e-03  -1.92684e-04
 EXTERNAL ERROR MATRIX.    NDIM=  25    NPAR=  3    ERR DEF=1
  1.815e-03 -5.247e-04 -2.166e-01 
 -5.247e-04  1.649e-01  6.934e+01 
 -2.166e-01  6.934e+01  2.956e+04 
 PARAMETER  CORRELATION COEFFICIENTS  
       NO.  GLOBAL      1      2      3
        1  0.03067   1.000 -0.030 -0.030
        2  0.99300  -0.030  1.000  0.993
        3  0.99300  -0.030  0.993  1.000
setting A_CBO=0.002094 w_CBO=2.326636, phi_CBO=3.192239
done fitting cbo isolate
 **********
 **    1 **SET PRINTOUT            1
 **********
 **********
 **    2 **SET NOWARNINGS 
 **********
 PARAMETER DEFINITIONS:
    NO.   NAME         VALUE      STEP SIZE      LIMITS
     1 N0           3.11193e+06  1.00000e+02     no limits
     2 tau          6.44114e+01  constant
     3 A0           3.64516e-01  1.00000e-04     no limits
     4 phi          4.11813e+00  1.00000e-02     no limits
     5 R           -6.00079e+01  constant
     6 A_CBO        2.09427e-03  1.00000e-05     no limits
     7 w_CBO        2.32664e+00  1.00000e-03     no limits
     8 phi_CBO      3.19224e+00  1.00000e-04     no limits
     9 ANx2         3.40456e-04  constant
    10 pNx2         3.19484e+00  constant
    11 ANy1         0.00000e+00  constant
    12 pNy1         0.00000e+00  constant
    13 w_y          0.00000e+00  constant
    14 ANy2         1.04941e-02  1.00000e-04     no limits
    15 pNy2         5.11372e+00  constant
    16 w_vw         1.43155e+01  constant
    17 LM           3.07992e-04  constant
    18 wCBO_expCoeff   2.00000e+02  1.00000e+00     no limits
    19 wCBO_expOffset   2.00000e+02  1.00000e+00     no limits
    20 wCBO_expT    3.00000e+01  1.00000e+00     no limits
    21 wCBO_linCoeff   0.00000e+00  constant
    22 wCBO_const   0.00000e+00  1.00000e-02     no limits
MINUIT - FIT ONLY WIGGLE
 **********
 **    3 **FIX            5
 **********
 PARAMETER    5  IS CONSTANT.   IGNORED.
 **********
 **    4 **FIX            6
 **********
 **********
 **    5 **FIX            7
 **********
 **********
 **    6 **FIX            8
 **********
 **********
 **    7 **FIX            9
 **********
 PARAMETER    9  IS CONSTANT.   IGNORED.
 **********
 **    8 **FIX           10
 **********
 PARAMETER   10  IS CONSTANT.   IGNORED.
 **********
 **    9 **FIX           11
 **********
 PARAMETER   11  IS CONSTANT.   IGNORED.
 **********
 **   10 **FIX           12
 **********
 PARAMETER   12  IS CONSTANT.   IGNORED.
 **********
 **   11 **FIX           13
 **********
 PARAMETER   13  IS CONSTANT.   IGNORED.
 **********
 **   12 **FIX           14
 **********
 **********
 **   13 **FIX           15
 **********
 PARAMETER   15  IS CONSTANT.   IGNORED.
 **********
 **   14 **FIX           16
 **********
 PARAMETER   16  IS CONSTANT.   IGNORED.
 **********
 **   15 **MIGRAD
 **********
 FIRST CALL TO USER FUNCTION AT NEW START POINT, WITH IFLAG=4.
 START MIGRAD MINIMIZATION.  STRATEGY  1.  CONVERGENCE WHEN EDM .LT. 1.00e-04
 FCN=642.447 FROM MIGRAD    STATUS=INITIATE       58 CALLS          59 TOTAL
                     EDM= unknown      STRATEGY= 1      NO ERROR MATRIX       
  EXT PARAMETER               CURRENT GUESS       STEP         FIRST   
  NO.   NAME      VALUE            ERROR          SIZE      DERIVATIVE 
   1  N0           3.11193e+06   1.00000e+02   0.00000e+00  -7.20531e-04
   2  tau          6.44114e+01   constant   
   3  A0           3.64516e-01   1.00000e-04   0.00000e+00   1.82348e+03
   4  phi          4.11813e+00   1.00000e-02   0.00000e+00   1.68982e+02
   5  R           -6.00079e+01   constant   
   6  A_CBO        2.09427e-03     fixed    
   7  w_CBO        2.32664e+00     fixed    
   8  phi_CBO      3.19224e+00     fixed    
   9  ANx2         3.40456e-04   constant   
  10  pNx2         3.19484e+00   constant   
  11  ANy1         0.00000e+00   constant   
  12  pNy1         0.00000e+00   constant   
  13  w_y          0.00000e+00   constant   
  14  ANy2         1.04941e-02     fixed    
  15  pNy2         5.11372e+00   constant   
  16  w_vw         1.43155e+01   constant   
  17  LM           3.07992e-04   constant   
  18  wCBO_expCoeff   1.99865e+02   1.00000e+00  -1.35057e-01  -8.43387e-01
  19  wCBO_expOffset   2.00000e+02   1.00000e+00   0.00000e+00  -5.61912e+00
  20  wCBO_expT    3.00000e+01   1.00000e+00   0.00000e+00  -1.45316e+02
  21  wCBO_linCoeff   0.00000e+00   constant   
  22  wCBO_const   0.00000e+00   1.00000e-02   0.00000e+00  -2.29603e+03
 MIGRAD MINIMIZATION HAS CONVERGED.
 FCN=630.239 FROM MIGRAD    STATUS=CONVERGED     281 CALLS         282 TOTAL
                     EDM=3.63921e-06    STRATEGY= 1  ERROR MATRIX UNCERTAINTY   1.1 per cent
  EXT PARAMETER                                   STEP         FIRST   
  NO.   NAME      VALUE            ERROR          SIZE      DERIVATIVE 
   1  N0           3.11228e+06   1.28789e+03   8.19878e+00  -2.27209e-06
   2  tau          6.44114e+01   constant   
   3  A0           3.64397e-01   5.52434e-04  -2.08854e-06  -3.20066e+00
   4  phi          4.11785e+00   1.54345e-03   3.17224e-06  -2.04573e-01
   5  R           -6.00079e+01   constant   
   6  A_CBO        2.09427e-03     fixed    
   7  w_CBO        2.32664e+00     fixed    
   8  phi_CBO      3.19224e+00     fixed    
   9  ANx2         3.40456e-04   constant   
  10  pNx2         3.19484e+00   constant   
  11  ANy1         0.00000e+00   constant   
  12  pNy1         0.00000e+00   constant   
  13  w_y          0.00000e+00   constant   
  14  ANy2         1.04941e-02     fixed    
  15  pNy2         5.11372e+00   constant   
  16  w_vw         1.43155e+01   constant   
  17  LM           3.07992e-04   constant   
  18  wCBO_expCoeff   2.00577e+02   5.10827e-01  -4.17941e-03  -2.40078e-03
  19  wCBO_expOffset   2.00107e+02   7.66579e-02  -6.27307e-04  -1.61697e-02
  20  wCBO_expT    2.99372e+01   3.80823e-02   3.21040e-04  -1.27716e-01
  21  wCBO_linCoeff   0.00000e+00   constant   
  22  wCBO_const   4.85183e-03   1.36885e-03  -1.40817e-05  -2.39102e+00
 EXTERNAL ERROR MATRIX.    NDIM=  25    NPAR=  7    ERR DEF=1
  1.659e+06  3.299e-02 -1.501e-02  2.334e+00  3.507e-01 -1.547e-01  1.019e-02 
  3.299e-02  3.052e-07 -2.149e-09 -3.350e-05 -5.027e-06  2.553e-06 -1.100e-07 
 -1.501e-02 -2.149e-09  2.382e-06  1.806e-06  2.704e-07 -1.026e-07  3.225e-08 
  2.334e+00 -3.350e-05  1.806e-06  2.609e-01  3.882e-02 -1.936e-02  6.110e-04 
  3.507e-01 -5.027e-06  2.704e-07  3.882e-02  5.876e-03 -2.905e-03  9.169e-05 
 -1.547e-01  2.553e-06 -1.026e-07 -1.936e-02 -2.905e-03  1.450e-03 -4.707e-05 
  1.019e-02 -1.100e-07  3.225e-08  6.110e-04  9.169e-05 -4.707e-05  1.874e-06 
 PARAMETER  CORRELATION COEFFICIENTS  
       NO.  GLOBAL      1      3      4     18     19     20     22
        1  0.05340   1.000  0.046 -0.008  0.004  0.004 -0.003  0.006
        3  0.16662   0.046  1.000 -0.003 -0.119 -0.119  0.121 -0.145
        4  0.06207  -0.008 -0.003  1.000  0.002  0.002 -0.002  0.015
       18  0.99723   0.004 -0.119  0.002  1.000  0.991 -0.995  0.874
       19  0.99723   0.004 -0.119  0.002  0.991  1.000 -0.995  0.874
       20  0.99918  -0.003  0.121 -0.002 -0.995 -0.995  1.000 -0.903
       22  0.96430   0.006 -0.145  0.015  0.874  0.874 -0.903  1.000
MINUIT - FIT ONLY 1-CBO + other amplitudes 
 **********
 **   16 **RES 
 **********
                   PARAMETER   14  ANy2 RESTORED TO VARIABLE.
                   PARAMETER    8  phi_CBO RESTORED TO VARIABLE.
                   PARAMETER    7  w_CBO RESTORED TO VARIABLE.
                   PARAMETER    6  A_CBO RESTORED TO VARIABLE.
 **********
 **   17 **FIX            0
 **********
 PARAMETER    0  IS UNDEFINED. IGNORED.
 **********
 **   18 **FIX            1
 **********
 **********
 **   19 **FIX            2
 **********
 PARAMETER    2  IS CONSTANT.   IGNORED.
 **********
 **   20 **FIX            3
 **********
 **********
 **   21 **FIX            4
 **********
 **********
 **   22 **FIX            9
 **********
 PARAMETER    9  IS CONSTANT.   IGNORED.
 **********
 **   23 **FIX           11
 **********
 PARAMETER   11  IS CONSTANT.   IGNORED.
 **********
 **   24 **FIX           12
 **********
 PARAMETER   12  IS CONSTANT.   IGNORED.
 **********
 **   25 **FIX           14
 **********
 **********
 **   26 **FIX           15
 **********
 PARAMETER   15  IS CONSTANT.   IGNORED.
 **********
 **   27 **FIX           16
 **********
 PARAMETER   16  IS CONSTANT.   IGNORED.
 **********
 **   28 **MIGRAD
 **********
 START MIGRAD MINIMIZATION.  STRATEGY  1.  CONVERGENCE WHEN EDM .LT. 1.00e-04
 FCN=630.239 FROM MIGRAD    STATUS=INITIATE       20 CALLS         302 TOTAL
                     EDM= unknown      STRATEGY= 1      NO ERROR MATRIX       
  EXT PARAMETER               CURRENT GUESS       STEP         FIRST   
  NO.   NAME      VALUE            ERROR          SIZE      DERIVATIVE 
   1  N0           3.11228e+06     fixed    
   2  tau          6.44114e+01   constant   
   3  A0           3.64397e-01     fixed    
   4  phi          4.11785e+00     fixed    
   5  R           -6.00079e+01   constant   
   6  A_CBO        2.09427e-03   1.00000e-05   1.00000e-05   5.29099e+03
   7  w_CBO        2.32664e+00   1.00000e-03   1.00000e-03  -1.23771e+00
   8  phi_CBO      3.19224e+00   1.00000e-04   1.00000e-04   2.25653e+00
   9  ANx2         3.40456e-04   constant   
  10  pNx2         3.19484e+00   constant   
  11  ANy1         0.00000e+00   constant   
  12  pNy1         0.00000e+00   constant   
  13  w_y          0.00000e+00   constant   
  14  ANy2         1.04941e-02     fixed    
  15  pNy2         5.11372e+00   constant   
  16  w_vw         1.43155e+01   constant   
  17  LM           3.07992e-04   constant   
  18  wCBO_expCoeff   2.00577e+02   5.10827e-01  -4.17941e-03  -2.40073e-03
  19  wCBO_expOffset   2.00107e+02   7.66579e-02  -6.27307e-04  -1.61697e-02
  20  wCBO_expT    2.99372e+01   3.80823e-02   3.21040e-04  -1.27715e-01
  21  wCBO_linCoeff   0.00000e+00   constant   
  22  wCBO_const   4.85183e-03   1.36885e-03  -1.40817e-05  -2.39102e+00
 MIGRAD MINIMIZATION HAS CONVERGED.
 MIGRAD WILL VERIFY CONVERGENCE AND ERROR MATRIX.
 FCN=627.357 FROM MIGRAD    STATUS=CONVERGED     220 CALLS         502 TOTAL
                     EDM=7.44718e-06    STRATEGY= 1      ERR MATRIX NOT POS-DEF
  EXT PARAMETER                APPROXIMATE        STEP         FIRST   
  NO.   NAME      VALUE            ERROR          SIZE      DERIVATIVE 
   1  N0           3.11228e+06     fixed    
   2  tau          6.44114e+01   constant   
   3  A0           3.64397e-01     fixed    
   4  phi          4.11785e+00     fixed    
   5  R           -6.00079e+01   constant   
   6  A_CBO        1.20819e-03   5.83616e-04   7.06225e-06   2.90227e-01
   7  w_CBO        2.32702e+00   4.75760e-03   5.22645e-06  -4.43276e+00
   8  phi_CBO      2.70718e+00   7.03255e-01   5.86346e-03   9.75256e-04
   9  ANx2         3.40456e-04   constant   
  10  pNx2         3.19484e+00   constant   
  11  ANy1         0.00000e+00   constant   
  12  pNy1         0.00000e+00   constant   
  13  w_y          0.00000e+00   constant   
  14  ANy2         1.04941e-02     fixed    
  15  pNy2         5.11372e+00   constant   
  16  w_vw         1.43155e+01   constant   
  17  LM           3.07992e-04   constant   
  18  wCBO_expCoeff   2.00683e+02   6.74603e-01   7.43340e-04  -4.37612e-02
  19  wCBO_expOffset   2.00123e+02   1.00613e-01   1.10854e-04  -2.93300e-01
  20  wCBO_expT    2.99285e+01   2.04090e-02   2.39532e-05  -1.17566e+00
  21  wCBO_linCoeff   0.00000e+00   constant   
  22  wCBO_const   4.52325e-03   2.11246e-03   4.97254e-06  -1.52603e+00
 EXTERNAL ERROR MATRIX.    NDIM=  25    NPAR=  7    ERR DEF=1
  3.406e-07 -1.323e-08 -1.459e-05 -1.028e-05 -1.534e-06  4.380e-07  3.516e-08 
 -1.323e-08  2.263e-05  7.747e-05 -7.073e-04 -1.056e-04 -1.985e-05 -9.028e-06 
 -1.459e-05  7.747e-05  4.946e-01 -7.151e-03 -1.066e-03  7.385e-04  1.809e-04 
 -1.028e-05 -7.073e-04 -7.151e-03  4.551e-01 -3.837e-02 -4.827e-03  4.188e-04 
 -1.534e-06 -1.056e-04 -1.066e-03 -3.837e-02  1.012e-02 -7.199e-04  6.251e-05 
  4.380e-07 -1.985e-05  7.385e-04 -4.827e-03 -7.199e-04  4.165e-04 -3.658e-06 
  3.516e-08 -9.028e-06  1.809e-04  4.188e-04  6.251e-05 -3.658e-06  4.462e-06 
ERR MATRIX NOT POS-DEF
 PARAMETER  CORRELATION COEFFICIENTS  
       NO.  GLOBAL      6      7      8     18     19     20     22
        6  0.17365   1.000 -0.005 -0.036 -0.026 -0.026  0.037  0.029
        7  0.99596  -0.005  1.000  0.023 -0.220 -0.221 -0.204 -0.898
        8  0.73137  -0.036  0.023  1.000 -0.015 -0.015  0.051  0.122
       18  0.99593  -0.026 -0.220 -0.015  1.000 -0.565 -0.351  0.294
       19  0.99593  -0.026 -0.221 -0.015 -0.565  1.000 -0.351  0.294
       20  0.99538   0.037 -0.204  0.051 -0.351 -0.351  1.000 -0.085
       22  0.98138   0.029 -0.898  0.122  0.294  0.294 -0.085  1.000
 ERR MATRIX NOT POS-DEF
MINUIT - FIT ONLY 1-CBO
 **********
 **   29 **RES 
 **********
                   PARAMETER   14  ANy2 RESTORED TO VARIABLE.
                   PARAMETER    4  phi RESTORED TO VARIABLE.
                   PARAMETER    3  A0 RESTORED TO VARIABLE.
                   PARAMETER    1  N0 RESTORED TO VARIABLE.
 **********
 **   30 **FIX            0
 **********
 PARAMETER    0  IS UNDEFINED. IGNORED.
 **********
 **   31 **FIX            1
 **********
 **********
 **   32 **FIX            2
 **********
 PARAMETER    2  IS CONSTANT.   IGNORED.
 **********
 **   33 **FIX            3
 **********
 **********
 **   34 **FIX            4
 **********
 **********
 **   35 **FIX            8
 **********
 **********
 **   36 **FIX            9
 **********
 PARAMETER    9  IS CONSTANT.   IGNORED.
 **********
 **   37 **FIX           11
 **********
 PARAMETER   11  IS CONSTANT.   IGNORED.
 **********
 **   38 **FIX           12
 **********
 PARAMETER   12  IS CONSTANT.   IGNORED.
 **********
 **   39 **FIX           13
 **********
 PARAMETER   13  IS CONSTANT.   IGNORED.
 **********
 **   40 **FIX           15
 **********
 PARAMETER   15  IS CONSTANT.   IGNORED.
 **********
 **   41 **FIX           16
 **********
 PARAMETER   16  IS CONSTANT.   IGNORED.
 **********
 **   42 **MIGRAD
 **********
 START MIGRAD MINIMIZATION.  STRATEGY  1.  CONVERGENCE WHEN EDM .LT. 1.00e-04
 FCN=627.357 FROM MIGRAD    STATUS=INITIATE       16 CALLS         518 TOTAL
                     EDM= unknown      STRATEGY= 1      NO ERROR MATRIX       
  EXT PARAMETER               CURRENT GUESS       STEP         FIRST   
  NO.   NAME      VALUE            ERROR          SIZE      DERIVATIVE 
   1  N0           3.11228e+06     fixed    
   2  tau          6.44114e+01   constant   
   3  A0           3.64397e-01     fixed    
   4  phi          4.11785e+00     fixed    
   5  R           -6.00079e+01   constant   
   6  A_CBO        1.20819e-03   5.83616e-04   7.06225e-06   2.90228e-01
   7  w_CBO        2.32702e+00   4.75760e-03   5.22645e-06  -4.42126e+00
   8  phi_CBO      2.70718e+00     fixed    
   9  ANx2         3.40456e-04   constant   
  10  pNx2         3.19484e+00   constant   
  11  ANy1         0.00000e+00   constant   
  12  pNy1         0.00000e+00   constant   
  13  w_y          0.00000e+00   constant   
  14  ANy2         1.04941e-02   1.00000e-04   1.00000e-04   6.05162e+04
  15  pNy2         5.11372e+00   constant   
  16  w_vw         1.43155e+01   constant   
  17  LM           3.07992e-04   constant   
  18  wCBO_expCoeff   2.00683e+02   6.74603e-01   7.43340e-04  -4.36256e-02
  19  wCBO_expOffset   2.00123e+02   1.00613e-01   1.10854e-04  -2.92523e-01
  20  wCBO_expT    2.99285e+01   2.04090e-02   2.39532e-05  -1.17198e+00
  21  wCBO_linCoeff   0.00000e+00   constant   
  22  wCBO_const   4.52325e-03   2.11246e-03   4.97254e-06  -1.52523e+00
 MIGRAD MINIMIZATION HAS CONVERGED.
 MIGRAD WILL VERIFY CONVERGENCE AND ERROR MATRIX.
 COVARIANCE MATRIX CALCULATED SUCCESSFULLY
 FCN=318.467 FROM MIGRAD    STATUS=CONVERGED     231 CALLS         733 TOTAL
                     EDM=5.91674e-07    STRATEGY= 1      ERROR MATRIX ACCURATE 
  EXT PARAMETER                                   STEP         FIRST   
  NO.   NAME      VALUE            ERROR          SIZE      DERIVATIVE 
   1  N0           3.11228e+06     fixed    
   2  tau          6.44114e+01   constant   
   3  A0           3.64397e-01     fixed    
   4  phi          4.11785e+00     fixed    
   5  R           -6.00079e+01   constant   
   6  A_CBO        6.90405e-04   6.02185e-04   4.97882e-06  -8.25190e-01
   7  w_CBO        2.32752e+00   7.91736e-03   4.93273e-06  -4.30841e-01
   8  phi_CBO      2.70718e+00     fixed    
   9  ANx2         3.40456e-04   constant   
  10  pNx2         3.19484e+00   constant   
  11  ANy1         0.00000e+00   constant   
  12  pNy1         0.00000e+00   constant   
  13  w_y          0.00000e+00   constant   
  14  ANy2         2.89217e-04   5.80811e-04   5.05884e-06   2.58925e-01
  15  pNy2         5.11372e+00   constant   
  16  w_vw         1.43155e+01   constant   
  17  LM           3.07992e-04   constant   
  18  wCBO_expCoeff   2.00841e+02   8.59075e-01   6.41981e-04  -6.69161e-03
  19  wCBO_expOffset   2.00146e+02   1.27979e-01   9.56280e-05  -4.51964e-02
  20  wCBO_expT    2.99173e+01   2.87980e-02   2.21295e-05  -1.51712e-01
  21  wCBO_linCoeff   0.00000e+00   constant   
  22  wCBO_const   4.17303e-03   3.40705e-03   4.99846e-06   3.39609e-01
 EXTERNAL ERROR MATRIX.    NDIM=  25    NPAR=  7    ERR DEF=1
  3.626e-07 -1.333e-07  1.835e-08 -2.395e-05 -3.567e-06  2.384e-06  7.677e-08 
 -1.333e-07  6.268e-05 -1.989e-08 -1.959e-03 -2.920e-04 -5.572e-05 -2.559e-05 
  1.835e-08 -1.989e-08  3.373e-07 -3.570e-06 -5.318e-07  3.099e-07  1.874e-08 
 -2.395e-05 -1.959e-03 -3.570e-06  7.380e-01 -5.032e-02 -8.572e-03  1.046e-03 
 -3.567e-06 -2.920e-04 -5.318e-07 -5.032e-02  1.638e-02 -1.277e-03  1.560e-04 
  2.384e-06 -5.572e-05  3.099e-07 -8.572e-03 -1.277e-03  8.293e-04  2.199e-06 
  7.677e-08 -2.559e-05  1.874e-08  1.046e-03  1.560e-04  2.199e-06  1.161e-05 
 PARAMETER  CORRELATION COEFFICIENTS  
       NO.  GLOBAL      6      7     14     18     19     20     22
        6  0.32053   1.000 -0.028  0.052 -0.046 -0.046  0.137  0.037
        7  0.99744  -0.028  1.000 -0.004 -0.288 -0.288 -0.244 -0.949
       14  0.06311   0.052 -0.004  1.000 -0.007 -0.007  0.019  0.009
       18  0.99632  -0.046 -0.288 -0.007  1.000 -0.458 -0.346  0.357
       19  0.99632  -0.046 -0.288 -0.007 -0.458  1.000 -0.346  0.358
       20  0.99611   0.137 -0.244  0.019 -0.346 -0.346  1.000  0.022
       22  0.98574   0.037 -0.949  0.009  0.357  0.358  0.022  1.000
MINUIT - FIT ONLY 2-CBO
 **********
 **   43 **RES 
 **********
                   PARAMETER    8  phi_CBO RESTORED TO VARIABLE.
                   PARAMETER    4  phi RESTORED TO VARIABLE.
                   PARAMETER    3  A0 RESTORED TO VARIABLE.
                   PARAMETER    1  N0 RESTORED TO VARIABLE.
 **********
 **   44 **FIX            0
 **********
 PARAMETER    0  IS UNDEFINED. IGNORED.
 **********
 **   45 **FIX            1
 **********
 **********
 **   46 **FIX            2
 **********
 PARAMETER    2  IS CONSTANT.   IGNORED.
 **********
 **   47 **FIX            3
 **********
 **********
 **   48 **FIX            4
 **********
 **********
 **   49 **FIX            5
 **********
 PARAMETER    5  IS CONSTANT.   IGNORED.
 **********
 **   50 **FIX            6
 **********
 **********
 **   51 **FIX            7
 **********
 **********
 **   52 **FIX           10
 **********
 PARAMETER   10  IS CONSTANT.   IGNORED.
 **********
 **   53 **FIX           11
 **********
 PARAMETER   11  IS CONSTANT.   IGNORED.
 **********
 **   54 **FIX           12
 **********
 PARAMETER   12  IS CONSTANT.   IGNORED.
 **********
 **   55 **FIX           13
 **********
 PARAMETER   13  IS CONSTANT.   IGNORED.
 **********
 **   56 **FIX           14
 **********
 **********
 **   57 **FIX           15
 **********
 PARAMETER   15  IS CONSTANT.   IGNORED.
 **********
 **   58 **FIX           16
 **********
 PARAMETER   16  IS CONSTANT.   IGNORED.
 **********
 **   59 **MIGRAD
 **********
 START MIGRAD MINIMIZATION.  STRATEGY  1.  CONVERGENCE WHEN EDM .LT. 1.00e-04
 FCN=318.467 FROM MIGRAD    STATUS=INITIATE       12 CALLS         745 TOTAL
                     EDM= unknown      STRATEGY= 1      NO ERROR MATRIX       
  EXT PARAMETER               CURRENT GUESS       STEP         FIRST   
  NO.   NAME      VALUE            ERROR          SIZE      DERIVATIVE 
   1  N0           3.11228e+06     fixed    
   2  tau          6.44114e+01   constant   
   3  A0           3.64397e-01     fixed    
   4  phi          4.11785e+00     fixed    
   5  R           -6.00079e+01   constant   
   6  A_CBO        6.90405e-04     fixed    
   7  w_CBO        2.32752e+00     fixed    
   8  phi_CBO      2.70718e+00   7.03255e-01   7.03255e-01   1.48255e+00
   9  ANx2         3.40456e-04   constant   
  10  pNx2         3.19484e+00   constant   
  11  ANy1         0.00000e+00   constant   
  12  pNy1         0.00000e+00   constant   
  13  w_y          0.00000e+00   constant   
  14  ANy2         2.89217e-04     fixed    
  15  pNy2         5.11372e+00   constant   
  16  w_vw         1.43155e+01   constant   
  17  LM           3.07992e-04   constant   
  18  wCBO_expCoeff   2.00841e+02   8.59075e-01   6.41981e-04  -6.88016e-03
  19  wCBO_expOffset   2.00146e+02   1.27979e-01   9.56280e-05  -4.61853e-02
  20  wCBO_expT    2.99173e+01   2.87980e-02   2.21295e-05  -1.56536e-01
  21  wCBO_linCoeff   0.00000e+00   constant   
  22  wCBO_const   4.17303e-03   3.40705e-03   4.99846e-06   3.29537e-01
 MIGRAD MINIMIZATION HAS CONVERGED.
 MIGRAD WILL VERIFY CONVERGENCE AND ERROR MATRIX.
 COVARIANCE MATRIX CALCULATED SUCCESSFULLY
 FCN=317.822 FROM MIGRAD    STATUS=CONVERGED     132 CALLS         865 TOTAL
                     EDM=1.20687e-06    STRATEGY= 1      ERROR MATRIX ACCURATE 
  EXT PARAMETER                                   STEP         FIRST   
  NO.   NAME      VALUE            ERROR          SIZE      DERIVATIVE 
   1  N0           3.11228e+06     fixed    
   2  tau          6.44114e+01   constant   
   3  A0           3.64397e-01     fixed    
   4  phi          4.11785e+00     fixed    
   5  R           -6.00079e+01   constant   
   6  A_CBO        6.90405e-04     fixed    
   7  w_CBO        2.32752e+00     fixed    
   8  phi_CBO      1.87708e+00   9.92038e-01   6.92996e-03   1.16639e-03
   9  ANx2         3.40456e-04   constant   
  10  pNx2         3.19484e+00   constant   
  11  ANy1         0.00000e+00   constant   
  12  pNy1         0.00000e+00   constant   
  13  w_y          0.00000e+00   constant   
  14  ANy2         2.89217e-04     fixed    
  15  pNy2         5.11372e+00   constant   
  16  w_vw         1.43155e+01   constant   
  17  LM           3.07992e-04   constant   
  18  wCBO_expCoeff   2.01059e+02   1.65318e+00   6.07882e-04   3.34978e-03
  19  wCBO_expOffset   2.00179e+02   2.44202e-01   9.54526e-05   2.24626e-02
  20  wCBO_expT    2.99008e+01   4.33916e-02   2.06545e-05   1.12760e-01
  21  wCBO_linCoeff   0.00000e+00   constant   
  22  wCBO_const   4.34139e-03   1.34797e-03   4.47588e-06   4.10407e-01
 EXTERNAL ERROR MATRIX.    NDIM=  25    NPAR=  5    ERR DEF=1
  9.841e-01 -1.481e-01 -2.079e-02  1.106e-02  1.312e-05 
 -1.481e-01  2.733e+00 -3.033e-01 -2.581e-02  6.377e-04 
 -2.079e-02 -3.033e-01  5.963e-02 -3.634e-03  8.975e-05 
  1.106e-02 -2.581e-02 -3.634e-03  1.883e-03 -4.812e-05 
  1.312e-05  6.377e-04  8.975e-05 -4.812e-05  1.817e-06 
 PARAMETER  CORRELATION COEFFICIENTS  
       NO.  GLOBAL      8     18     19     20     22
        8  0.59965   1.000 -0.090 -0.086  0.257  0.010
       18  0.99911  -0.090  1.000 -0.751 -0.360  0.286
       19  0.99910  -0.086 -0.751  1.000 -0.343  0.273
       20  0.99851   0.257 -0.360 -0.343  1.000 -0.823
       22  0.92438   0.010  0.286  0.273 -0.823  1.000
MINUIT - FIT ONLY 1-y
 **********
 **   60 **RES 
 **********
                   PARAMETER   14  ANy2 RESTORED TO VARIABLE.
                   PARAMETER    7  w_CBO RESTORED TO VARIABLE.
                   PARAMETER    6  A_CBO RESTORED TO VARIABLE.
                   PARAMETER    4  phi RESTORED TO VARIABLE.
                   PARAMETER    3  A0 RESTORED TO VARIABLE.
                   PARAMETER    1  N0 RESTORED TO VARIABLE.
 **********
 **   61 **FIX            0
 **********
 PARAMETER    0  IS UNDEFINED. IGNORED.
 **********
 **   62 **FIX            1
 **********
 **********
 **   63 **FIX            2
 **********
 PARAMETER    2  IS CONSTANT.   IGNORED.
 **********
 **   64 **FIX            3
 **********
 **********
 **   65 **FIX            4
 **********
 **********
 **   66 **FIX            5
 **********
 PARAMETER    5  IS CONSTANT.   IGNORED.
 **********
 **   67 **FIX            6
 **********
 **********
 **   68 **FIX            7
 **********
 **********
 **   69 **FIX            8
 **********
 **********
 **   70 **FIX            9
 **********
 PARAMETER    9  IS CONSTANT.   IGNORED.
 **********
 **   71 **FIX           13
 **********
 PARAMETER   13  IS CONSTANT.   IGNORED.
 **********
 **   72 **FIX           14
 **********
 **********
 **   73 **FIX           15
 **********
 PARAMETER   15  IS CONSTANT.   IGNORED.
 **********
 **   74 **FIX           16
 **********
 PARAMETER   16  IS CONSTANT.   IGNORED.
 **********
 **   75 **MIGRAD
 **********
 START MIGRAD MINIMIZATION.  STRATEGY  1.  CONVERGENCE WHEN EDM .LT. 1.00e-04
 FCN=317.822 FROM MIGRAD    STATUS=INITIATE        8 CALLS         873 TOTAL
                     EDM= unknown      STRATEGY= 1      NO ERROR MATRIX       
  EXT PARAMETER               CURRENT GUESS       STEP         FIRST   
  NO.   NAME      VALUE            ERROR          SIZE      DERIVATIVE 
   1  N0           3.11228e+06     fixed    
   2  tau          6.44114e+01   constant   
   3  A0           3.64397e-01     fixed    
   4  phi          4.11785e+00     fixed    
   5  R           -6.00079e+01   constant   
   6  A_CBO        6.90405e-04     fixed    
   7  w_CBO        2.32752e+00     fixed    
   8  phi_CBO      1.87708e+00     fixed    
   9  ANx2         3.40456e-04   constant   
  10  pNx2         3.19484e+00   constant   
  11  ANy1         0.00000e+00   constant   
  12  pNy1         0.00000e+00   constant   
  13  w_y          0.00000e+00   constant   
  14  ANy2         2.89217e-04     fixed    
  15  pNy2         5.11372e+00   constant   
  16  w_vw         1.43155e+01   constant   
  17  LM           3.07992e-04   constant   
  18  wCBO_expCoeff   2.01059e+02   1.65318e+00   6.07882e-04   3.31239e-03
  19  wCBO_expOffset   2.00179e+02   2.44202e-01   9.54526e-05   2.22450e-02
  20  wCBO_expT    2.99008e+01   4.33916e-02   2.06545e-05   1.12035e-01
  21  wCBO_linCoeff   0.00000e+00   constant   
  22  wCBO_const   4.34139e-03   1.34797e-03   4.47588e-06   4.10640e-01
 MIGRAD MINIMIZATION HAS CONVERGED.
 MIGRAD WILL VERIFY CONVERGENCE AND ERROR MATRIX.
 COVARIANCE MATRIX CALCULATED SUCCESSFULLY
 FCN=317.822 FROM MIGRAD    STATUS=CONVERGED      47 CALLS         912 TOTAL
                     EDM=1.25288e-07    STRATEGY= 1      ERROR MATRIX ACCURATE 
  EXT PARAMETER                                   STEP         FIRST   
  NO.   NAME      VALUE            ERROR          SIZE      DERIVATIVE 
   1  N0           3.11228e+06     fixed    
   2  tau          6.44114e+01   constant   
   3  A0           3.64397e-01     fixed    
   4  phi          4.11785e+00     fixed    
   5  R           -6.00079e+01   constant   
   6  A_CBO        6.90405e-04     fixed    
   7  w_CBO        2.32752e+00     fixed    
   8  phi_CBO      1.87708e+00     fixed    
   9  ANx2         3.40456e-04   constant   
  10  pNx2         3.19484e+00   constant   
  11  ANy1         0.00000e+00   constant   
  12  pNy1         0.00000e+00   constant   
  13  w_y          0.00000e+00   constant   
  14  ANy2         2.89217e-04     fixed    
  15  pNy2         5.11372e+00   constant   
  16  w_vw         1.43155e+01   constant   
  17  LM           3.07992e-04   constant   
  18  wCBO_expCoeff   2.01059e+02   1.64856e+00   6.06833e-04  -1.72366e-04
  19  wCBO_expOffset   2.00179e+02   2.43574e-01   9.54526e-05  -1.16152e-03
  20  wCBO_expT    2.99008e+01   4.19609e-02   2.06236e-05   7.68211e-03
  21  wCBO_linCoeff   0.00000e+00   constant   
  22  wCBO_const   4.34138e-03   1.34849e-03   4.48316e-06   1.37950e-02
 EXTERNAL ERROR MATRIX.    NDIM=  25    NPAR=  4    ERR DEF=1
  2.718e+00 -3.073e-01 -2.419e-02  6.410e-04 
 -3.073e-01  5.933e-02 -3.402e-03  9.006e-05 
 -2.419e-02 -3.402e-03  1.761e-03 -4.833e-05 
  6.410e-04  9.006e-05 -4.833e-05  1.818e-06 
 PARAMETER  CORRELATION COEFFICIENTS  
       NO.  GLOBAL     18     19     20     22
       18  0.99911   1.000 -0.765 -0.350  0.288
       19  0.99910  -0.765  1.000 -0.333  0.274
       20  0.99841  -0.350 -0.333  1.000 -0.854
       22  0.92444   0.288  0.274 -0.854  1.000
MINUIT - FIT ONLY 2-y
 **********
 **   76 **RES 
 **********
                   PARAMETER   14  ANy2 RESTORED TO VARIABLE.
                   PARAMETER    8  phi_CBO RESTORED TO VARIABLE.
                   PARAMETER    7  w_CBO RESTORED TO VARIABLE.
                   PARAMETER    6  A_CBO RESTORED TO VARIABLE.
                   PARAMETER    4  phi RESTORED TO VARIABLE.
                   PARAMETER    3  A0 RESTORED TO VARIABLE.
                   PARAMETER    1  N0 RESTORED TO VARIABLE.
 **********
 **   77 **FIX            0
 **********
 PARAMETER    0  IS UNDEFINED. IGNORED.
 **********
 **   78 **FIX            1
 **********
 **********
 **   79 **FIX            2
 **********
 PARAMETER    2  IS CONSTANT.   IGNORED.
 **********
 **   80 **FIX            3
 **********
 **********
 **   81 **FIX            4
 **********
 **********
 **   82 **FIX            5
 **********
 PARAMETER    5  IS CONSTANT.   IGNORED.
 **********
 **   83 **FIX            6
 **********
 **********
 **   84 **FIX            7
 **********
 **********
 **   85 **FIX            8
 **********
 **********
 **   86 **FIX            9
 **********
 PARAMETER    9  IS CONSTANT.   IGNORED.
 **********
 **   87 **FIX           10
 **********
 PARAMETER   10  IS CONSTANT.   IGNORED.
 **********
 **   88 **FIX           11
 **********
 PARAMETER   11  IS CONSTANT.   IGNORED.
 **********
 **   89 **FIX           12
 **********
 PARAMETER   12  IS CONSTANT.   IGNORED.
 **********
 **   90 **FIX           16
 **********
 PARAMETER   16  IS CONSTANT.   IGNORED.
 **********
 **   91 **MIGRAD
 **********
 START MIGRAD MINIMIZATION.  STRATEGY  1.  CONVERGENCE WHEN EDM .LT. 1.00e-04
 FCN=317.822 FROM MIGRAD    STATUS=INITIATE       10 CALLS         922 TOTAL
                     EDM= unknown      STRATEGY= 1      NO ERROR MATRIX       
  EXT PARAMETER               CURRENT GUESS       STEP         FIRST   
  NO.   NAME      VALUE            ERROR          SIZE      DERIVATIVE 
   1  N0           3.11228e+06     fixed    
   2  tau          6.44114e+01   constant   
   3  A0           3.64397e-01     fixed    
   4  phi          4.11785e+00     fixed    
   5  R           -6.00079e+01   constant   
   6  A_CBO        6.90405e-04     fixed    
   7  w_CBO        2.32752e+00     fixed    
   8  phi_CBO      1.87708e+00     fixed    
   9  ANx2         3.40456e-04   constant   
  10  pNx2         3.19484e+00   constant   
  11  ANy1         0.00000e+00   constant   
  12  pNy1         0.00000e+00   constant   
  13  w_y          0.00000e+00   constant   
  14  ANy2         2.89217e-04   5.80811e-04   5.80811e-04   1.75520e+02
  15  pNy2         5.11372e+00   constant   
  16  w_vw         1.43155e+01   constant   
  17  LM           3.07992e-04   constant   
  18  wCBO_expCoeff   2.01059e+02   1.64856e+00   6.06833e-04  -1.78531e-04
  19  wCBO_expOffset   2.00179e+02   2.43574e-01   9.54526e-05  -1.44825e-03
  20  wCBO_expT    2.99008e+01   4.19609e-02   2.06236e-05   7.29372e-03
  21  wCBO_linCoeff   0.00000e+00   constant   
  22  wCBO_const   4.34138e-03   1.34849e-03   4.48316e-06   1.40302e-02
 MIGRAD MINIMIZATION HAS CONVERGED.
 MIGRAD WILL VERIFY CONVERGENCE AND ERROR MATRIX.
 COVARIANCE MATRIX CALCULATED SUCCESSFULLY
 FCN=317.819 FROM MIGRAD    STATUS=CONVERGED      64 CALLS         976 TOTAL
                     EDM=6.94189e-06    STRATEGY= 1      ERROR MATRIX ACCURATE 
  EXT PARAMETER                                   STEP         FIRST   
  NO.   NAME      VALUE            ERROR          SIZE      DERIVATIVE 
   1  N0           3.11228e+06     fixed    
   2  tau          6.44114e+01   constant   
   3  A0           3.64397e-01     fixed    
   4  phi          4.11785e+00     fixed    
   5  R           -6.00079e+01   constant   
   6  A_CBO        6.90405e-04     fixed    
   7  w_CBO        2.32752e+00     fixed    
   8  phi_CBO      1.87708e+00     fixed    
   9  ANx2         3.40456e-04   constant   
  10  pNx2         3.19484e+00   constant   
  11  ANy1         0.00000e+00   constant   
  12  pNy1         0.00000e+00   constant   
  13  w_y          0.00000e+00   constant   
  14  ANy2         2.59713e-04   5.80122e-04   5.05372e-06  -8.10407e-05
  15  pNy2         5.11372e+00   constant   
  16  w_vw         1.43155e+01   constant   
  17  LM           3.07992e-04   constant   
  18  wCBO_expCoeff   2.01059e+02   1.65218e+00   6.06299e-04  -9.48804e-03
  19  wCBO_expOffset   2.00179e+02   2.44088e-01   9.54526e-05  -6.38612e-02
  20  wCBO_expT    2.99008e+01   4.20100e-02   2.06084e-05  -1.29227e-01
  21  wCBO_linCoeff   0.00000e+00   constant   
  22  wCBO_const   4.34113e-03   1.34917e-03   4.48230e-06   1.80559e+00
 EXTERNAL ERROR MATRIX.    NDIM=  25    NPAR=  5    ERR DEF=1
  3.365e-07 -9.044e-06 -1.219e-06  6.342e-07 -6.951e-09 
 -9.044e-06  2.730e+00 -3.089e-01 -2.426e-02  6.425e-04 
 -1.219e-06 -3.089e-01  5.958e-02 -3.408e-03  9.020e-05 
  6.342e-07 -2.426e-02 -3.408e-03  1.765e-03 -4.842e-05 
 -6.951e-09  6.425e-04  9.020e-05 -4.842e-05  1.820e-06 
 PARAMETER  CORRELATION COEFFICIENTS  
       NO.  GLOBAL     14     18     19     20     22
       14  0.04016   1.000 -0.009 -0.009  0.026 -0.009
       18  0.99911  -0.009  1.000 -0.766 -0.349  0.288
       19  0.99910  -0.009 -0.766  1.000 -0.332  0.274
       20  0.99842   0.026 -0.349 -0.332  1.000 -0.854
       22  0.92455  -0.009  0.288  0.274 -0.854  1.000
MINUIT - FIT ALTOGETHER
 **********
 **   92 **RES 
 **********
                   PARAMETER    8  phi_CBO RESTORED TO VARIABLE.
                   PARAMETER    7  w_CBO RESTORED TO VARIABLE.
                   PARAMETER    6  A_CBO RESTORED TO VARIABLE.
                   PARAMETER    4  phi RESTORED TO VARIABLE.
                   PARAMETER    3  A0 RESTORED TO VARIABLE.
                   PARAMETER    1  N0 RESTORED TO VARIABLE.
 **********
 **   93 **MIGRAD
 **********
 START MIGRAD MINIMIZATION.  STRATEGY  1.  CONVERGENCE WHEN EDM .LT. 1.00e-04
 FCN=317.819 FROM MIGRAD    STATUS=INITIATE       22 CALLS         998 TOTAL
                     EDM= unknown      STRATEGY= 1      NO ERROR MATRIX       
  EXT PARAMETER               CURRENT GUESS       STEP         FIRST   
  NO.   NAME      VALUE            ERROR          SIZE      DERIVATIVE 
   1  N0           3.11228e+06   1.28789e+03   1.28789e+03  -1.68193e-04
   2  tau          6.44114e+01   constant   
   3  A0           3.64397e-01   5.52434e-04   5.52434e-04   3.07519e+02
   4  phi          4.11785e+00   1.54345e-03   1.54345e-03   1.39490e+01
   5  R           -6.00079e+01   constant   
   6  A_CBO        6.90405e-04   6.02185e-04   6.02185e-04  -4.79926e+02
   7  w_CBO        2.32752e+00   7.91736e-03   7.91736e-03  -4.40203e-02
   8  phi_CBO      1.87708e+00   9.92038e-01   9.92038e-01   6.32705e-03
   9  ANx2         3.40456e-04   constant   
  10  pNx2         3.19484e+00   constant   
  11  ANy1         0.00000e+00   constant   
  12  pNy1         0.00000e+00   constant   
  13  w_y          0.00000e+00   constant   
  14  ANy2         2.59713e-04   5.80122e-04   5.05372e-06  -8.04108e-05
  15  pNy2         5.11372e+00   constant   
  16  w_vw         1.43155e+01   constant   
  17  LM           3.07992e-04   constant   
  18  wCBO_expCoeff   2.01059e+02   1.65218e+00   6.06299e-04  -9.52512e-03
  19  wCBO_expOffset   2.00179e+02   2.44088e-01   9.54526e-05  -6.40774e-02
  20  wCBO_expT    2.99008e+01   4.20100e-02   2.06084e-05  -1.29948e-01
  21  wCBO_linCoeff   0.00000e+00   constant   
  22  wCBO_const   4.34113e-03   1.34917e-03   4.48230e-06   1.80579e+00
 MIGRAD MINIMIZATION HAS CONVERGED.
 MIGRAD WILL VERIFY CONVERGENCE AND ERROR MATRIX.
 COVARIANCE MATRIX CALCULATED SUCCESSFULLY
 FCN=317.781 FROM HESSE     STATUS=OK            100 CALLS        1169 TOTAL
                     EDM=5.36762e-05    STRATEGY= 1      ERROR MATRIX ACCURATE 
  EXT PARAMETER                                   STEP         FIRST   
  NO.   NAME      VALUE            ERROR          SIZE      DERIVATIVE 
