 + ++++++++++++++++++++++++++++++++++++++++++++++++++++++++++++++++++++ +
 +                                                                      +
 +           You have chose to blind your fitting according to          +
 +                omega_ref * (1 + (R +/- deltaR) *10^{-6})             +
 +                                                                      +
 + ++++++++++++++++++++++++++++++++++++++++++++++++++++++++++++++++++++ +
In main()...
reading format from /gm2data/zkhechad/run45/envelope/formats/formatB_sBin_constraintOn.txt
pBinTau 	= 0  
pBinPhi 	= 0  
constraintau 	= 1 
includeMopTerm 	= 0    
constrainMop    = 0   
Parameters after format file: pBinTau 0 pBinPhi 0 constraintau 1 includeMopTerm 0 constrainMop 0 c_e_scale 0.000000 
reading cbo reference file (full fit) from /gm2data/zkhechad/cboTemplates/Run4CBOTemplates/fullFits/run4/sBin_constraintOn_cE0.0_seed0_run4_calo24.root
A_CBO 0.008786 w_CBO 2.327157 phi_CBO 2.253382 N0 3075736.764901 R -61.041197 tau 64.406859 
Reading cboRef file /gm2data/zkhechad/cboTemplates/Run4CBOTemplates//cboIsolate/run4_calo24.root
deltaT 42.109795
windowBins = 280
fitting sliding window 820 from bin 1023 at 152.631600 to bin 1303 at 194.407600 (280 bins)

Reading data from /gm2data/cornell/histograms/aMethod/histogram_a_run4.root
fitting cbo isolate
 **********
 **    1 **SET PRINTOUT            1
 **********
 **********
 **    2 **SET NOWARNINGS 
 **********
 PARAMETER DEFINITIONS:
    NO.   NAME         VALUE      STEP SIZE      LIMITS
     1 A_CBO        8.78574e-03  1.00000e-05     no limits
     2 w_CBO        2.32716e+00  1.00000e-02    2.00000e+00  3.00000e+00
     3 phi_CBO      2.25338e+00  1.00000e-02    0.00000e+00  6.28319e+00
 **********
 **    3 **MIGRAD
 **********
 FIRST CALL TO USER FUNCTION AT NEW START POINT, WITH IFLAG=4.
 START MIGRAD MINIMIZATION.  STRATEGY  1.  CONVERGENCE WHEN EDM .LT. 1.00e-04
 FCN=0.0036731 FROM MIGRAD    STATUS=INITIATE       12 CALLS          13 TOTAL
                     EDM= unknown      STRATEGY= 1      NO ERROR MATRIX       
  EXT PARAMETER               CURRENT GUESS       STEP         FIRST   
  NO.   NAME      VALUE            ERROR          SIZE      DERIVATIVE 
   1  A_CBO        8.78574e-03   1.00000e-05   1.00000e-05   1.31699e+00
   2  w_CBO        2.32716e+00   1.00000e-02   2.13163e-02  -2.14707e-02
   3  phi_CBO      2.25338e+00   1.00000e-02   3.31850e-03   8.13036e-04
 MIGRAD MINIMIZATION HAS CONVERGED.
 MIGRAD WILL VERIFY CONVERGENCE AND ERROR MATRIX.
 COVARIANCE MATRIX CALCULATED SUCCESSFULLY
 FCN=0.000574693 FROM MIGRAD    STATUS=CONVERGED      41 CALLS          42 TOTAL
                     EDM=2.88812e-06    STRATEGY= 1      ERROR MATRIX ACCURATE 
  EXT PARAMETER                                   STEP         FIRST   
  NO.   NAME      VALUE            ERROR          SIZE      DERIVATIVE 
   1  A_CBO        4.08129e-03   8.83189e-02   4.12792e-05  -2.20263e-05
   2  w_CBO        2.32731e+00   6.60671e-01   1.24305e-04   9.28149e-03
   3  phi_CBO      2.22665e+00   5.15283e+00   3.36879e-03  -3.40175e-04
 EXTERNAL ERROR MATRIX.    NDIM=  25    NPAR=  3    ERR DEF=1
  7.800e-03 -8.817e-02 -1.526e+01 
 -8.817e-02  1.188e+01  2.061e+03 
 -1.526e+01  2.061e+03  3.579e+05 
 PARAMETER  CORRELATION COEFFICIENTS  
       NO.  GLOBAL      1      2      3
        1  0.29030   1.000 -0.290 -0.289
        2  0.99940  -0.290  1.000  0.999
        3  0.99940  -0.289  0.999  1.000
setting A_CBO=0.004081 w_CBO=2.327309, phi_CBO=2.226655
done fitting cbo isolate
 **********
 **    1 **SET PRINTOUT            1
 **********
 **********
 **    2 **SET NOWARNINGS 
 **********
 PARAMETER DEFINITIONS:
    NO.   NAME         VALUE      STEP SIZE      LIMITS
     1 N0           3.07574e+06  1.00000e+02     no limits
     2 tau          6.44069e+01  constant
     3 A0           3.65045e-01  1.00000e-04     no limits
     4 phi          4.11943e+00  1.00000e-02     no limits
     5 R           -6.10412e+01  constant
     6 A_CBO        4.08129e-03  1.00000e-05     no limits
     7 w_CBO        2.32731e+00  1.00000e-03     no limits
     8 phi_CBO      2.22665e+00  1.00000e-04     no limits
     9 ANx2         1.88981e-04  constant
    10 pNx2         1.59299e+00  constant
    11 ANy1         0.00000e+00  constant
    12 pNy1         0.00000e+00  constant
    13 w_y          0.00000e+00  constant
    14 ANy2         1.39657e-02  1.00000e-04     no limits
    15 pNy2         4.84726e+00  constant
    16 w_vw         1.43184e+01  constant
    17 LM           1.57605e-04  constant
    18 wCBO_expCoeff   2.00000e+02  1.00000e+00     no limits
    19 wCBO_expOffset   2.00000e+02  1.00000e+00     no limits
    20 wCBO_expT    3.00000e+01  1.00000e+00     no limits
    21 wCBO_linCoeff   0.00000e+00  constant
    22 wCBO_const   0.00000e+00  1.00000e-02     no limits
MINUIT - FIT ONLY WIGGLE
 **********
 **    3 **FIX            5
 **********
 PARAMETER    5  IS CONSTANT.   IGNORED.
 **********
 **    4 **FIX            6
 **********
 **********
 **    5 **FIX            7
 **********
 **********
 **    6 **FIX            8
 **********
 **********
 **    7 **FIX            9
 **********
 PARAMETER    9  IS CONSTANT.   IGNORED.
 **********
 **    8 **FIX           10
 **********
 PARAMETER   10  IS CONSTANT.   IGNORED.
 **********
 **    9 **FIX           11
 **********
 PARAMETER   11  IS CONSTANT.   IGNORED.
 **********
 **   10 **FIX           12
 **********
 PARAMETER   12  IS CONSTANT.   IGNORED.
 **********
 **   11 **FIX           13
 **********
 PARAMETER   13  IS CONSTANT.   IGNORED.
 **********
 **   12 **FIX           14
 **********
 **********
 **   13 **FIX           15
 **********
 PARAMETER   15  IS CONSTANT.   IGNORED.
 **********
 **   14 **FIX           16
 **********
 PARAMETER   16  IS CONSTANT.   IGNORED.
 **********
 **   15 **MIGRAD
 **********
 FIRST CALL TO USER FUNCTION AT NEW START POINT, WITH IFLAG=4.
 START MIGRAD MINIMIZATION.  STRATEGY  1.  CONVERGENCE WHEN EDM .LT. 1.00e-04
 FCN=4889.64 FROM MIGRAD    STATUS=INITIATE       34 CALLS          35 TOTAL
                     EDM= unknown      STRATEGY= 1      NO ERROR MATRIX       
  EXT PARAMETER               CURRENT GUESS       STEP         FIRST   
  NO.   NAME      VALUE            ERROR          SIZE      DERIVATIVE 
   1  N0           3.07574e+06   1.00000e+02   1.00000e+02   1.25718e-02
   2  tau          6.44069e+01   constant   
   3  A0           3.65045e-01   1.00000e-04   1.00000e-04   1.06338e+03
   4  phi          4.11943e+00   1.00000e-02   1.00000e-02   3.97911e+03
   5  R           -6.10412e+01   constant   
   6  A_CBO        4.08129e-03     fixed    
   7  w_CBO        2.32731e+00     fixed    
   8  phi_CBO      2.22665e+00     fixed    
   9  ANx2         1.88981e-04   constant   
  10  pNx2         1.59299e+00   constant   
  11  ANy1         0.00000e+00   constant   
  12  pNy1         0.00000e+00   constant   
  13  w_y          0.00000e+00   constant   
  14  ANy2         1.39657e-02     fixed    
  15  pNy2         4.84726e+00   constant   
  16  w_vw         1.43184e+01   constant   
  17  LM           1.57605e-04   constant   
  18  wCBO_expCoeff   2.00000e+02   1.00000e+00   1.00000e+00   8.52460e+04
  19  wCBO_expOffset   2.00000e+02   1.00000e+00   1.00000e+00   1.75493e+05
  20  wCBO_expT    3.00000e+01   1.00000e+00   1.00000e+00   1.89386e+05
  21  wCBO_linCoeff   0.00000e+00   constant   
  22  wCBO_const   0.00000e+00   1.00000e-02   1.00000e-02   4.71721e+04
 CALL LIMIT EXCEEDED IN MIGRAD.
 MIGRAD TERMINATED WITHOUT CONVERGENCE.
 FCN=4756.81 FROM MIGRAD    STATUS=CALL LIMIT   1162 CALLS        1163 TOTAL
                     EDM=43.3985    STRATEGY= 1  ERROR MATRIX UNCERTAINTY   0.1 per cent
  EXT PARAMETER                APPROXIMATE        STEP         FIRST   
  NO.   NAME      VALUE            ERROR          SIZE      DERIVATIVE 
   1  N0           3.07553e+06   6.07779e+02   1.41860e+00   1.57034e-03
   2  tau          6.44069e+01   constant   
   3  A0           3.65250e-01   2.08955e-04   2.47622e-07  -4.19912e+02
   4  phi          4.11932e+00   5.90983e-04   5.47082e-07   3.30718e+02
   5  R           -6.10412e+01   constant   
   6  A_CBO        4.08129e-03     fixed    
   7  w_CBO        2.32731e+00     fixed    
   8  phi_CBO      2.22665e+00     fixed    
   9  ANx2         1.88981e-04   constant   
  10  pNx2         1.59299e+00   constant   
  11  ANy1         0.00000e+00   constant   
  12  pNy1         0.00000e+00   constant   
  13  w_y          0.00000e+00   constant   
  14  ANy2         1.39657e-02     fixed    
  15  pNy2         4.84726e+00   constant   
  16  w_vw         1.43184e+01   constant   
  17  LM           1.57605e-04   constant   
  18  wCBO_expCoeff   1.99999e+02   1.52540e-04  -2.49646e-07  -4.10338e+03
  19  wCBO_expOffset   2.00000e+02   1.53084e-04   3.90121e-07  -1.15314e+05
  20  wCBO_expT    2.99999e+01   8.24187e-05   2.07651e-07   5.89349e+03
  21  wCBO_linCoeff   0.00000e+00   constant   
  22  wCBO_const  -1.84098e-02   1.18978e-03  -2.68534e-06  -2.43297e+03
 EXTERNAL ERROR MATRIX.    NDIM=  25    NPAR=  7    ERR DEF=1
  3.694e+05  2.641e-02  5.912e-02 -5.068e-02  8.485e-02  4.345e-02 -5.818e-01 
  2.641e-02  4.366e-08  9.747e-09 -8.986e-09  1.422e-08  7.534e-09 -1.059e-07 
  5.912e-02  9.747e-09  3.493e-07 -2.033e-08  3.238e-08  1.712e-08 -2.153e-07 
 -5.068e-02 -8.986e-09 -2.033e-08  2.327e-08 -1.491e-08 -7.083e-09  8.858e-08 
  8.485e-02  1.422e-08  3.238e-08 -1.491e-08  2.343e-08  1.232e-08 -1.664e-07 
  4.345e-02  7.534e-09  1.712e-08 -7.083e-09  1.232e-08  6.793e-09 -8.330e-08 
 -5.818e-01 -1.059e-07 -2.153e-07  8.858e-08 -1.664e-07 -8.330e-08  1.416e-06 
ERR MATRIX APPROXIMATE
 PARAMETER  CORRELATION COEFFICIENTS  
       NO.  GLOBAL      1      3      4     18     19     20     22
        1  0.99651   1.000  0.208  0.165 -0.547  0.912  0.867 -0.805
        3  0.94700   0.208  1.000  0.079 -0.282  0.445  0.437 -0.426
        4  0.93893   0.165  0.079  1.000 -0.226  0.358  0.351 -0.306
       18  0.97781  -0.547 -0.282 -0.226  1.000 -0.638 -0.563  0.488
       19  0.99977   0.912  0.445  0.358 -0.638  1.000  0.977 -0.914
       20  0.99895   0.867  0.437  0.351 -0.563  0.977  1.000 -0.849
       22  0.99553  -0.805 -0.426 -0.306  0.488 -0.914 -0.849  1.000
 ERR MATRIX APPROXIMATE
MINUIT - FIT ONLY 1-CBO + other amplitudes 
 **********
 **   16 **RES 
 **********
                   PARAMETER   14  ANy2 RESTORED TO VARIABLE.
                   PARAMETER    8  phi_CBO RESTORED TO VARIABLE.
                   PARAMETER    7  w_CBO RESTORED TO VARIABLE.
                   PARAMETER    6  A_CBO RESTORED TO VARIABLE.
 **********
 **   17 **FIX            0
 **********
 PARAMETER    0  IS UNDEFINED. IGNORED.
 **********
 **   18 **FIX            1
 **********
 **********
 **   19 **FIX            2
 **********
 PARAMETER    2  IS CONSTANT.   IGNORED.
 **********
 **   20 **FIX            3
 **********
 **********
 **   21 **FIX            4
 **********
 **********
 **   22 **FIX            9
 **********
 PARAMETER    9  IS CONSTANT.   IGNORED.
 **********
 **   23 **FIX           11
 **********
 PARAMETER   11  IS CONSTANT.   IGNORED.
 **********
 **   24 **FIX           12
 **********
 PARAMETER   12  IS CONSTANT.   IGNORED.
 **********
 **   25 **FIX           14
 **********
 **********
 **   26 **FIX           15
 **********
 PARAMETER   15  IS CONSTANT.   IGNORED.
 **********
 **   27 **FIX           16
 **********
 PARAMETER   16  IS CONSTANT.   IGNORED.
 **********
 **   28 **MIGRAD
 **********
 START MIGRAD MINIMIZATION.  STRATEGY  1.  CONVERGENCE WHEN EDM .LT. 1.00e-04
 FCN=4756.81 FROM MIGRAD    STATUS=INITIATE       22 CALLS        1185 TOTAL
                     EDM= unknown      STRATEGY= 1      NO ERROR MATRIX       
  EXT PARAMETER               CURRENT GUESS       STEP         FIRST   
  NO.   NAME      VALUE            ERROR          SIZE      DERIVATIVE 
   1  N0           3.07553e+06     fixed    
   2  tau          6.44069e+01   constant   
   3  A0           3.65250e-01     fixed    
   4  phi          4.11932e+00     fixed    
   5  R           -6.10412e+01   constant   
   6  A_CBO        4.08129e-03   1.00000e-05   1.00000e-05   1.41117e+05
   7  w_CBO        2.32731e+00   1.00000e-03   1.00000e-03  -3.53789e+05
   8  phi_CBO      2.22665e+00   1.00000e-04   1.00000e-04   2.92863e+01
   9  ANx2         1.88981e-04   constant   
  10  pNx2         1.59299e+00   constant   
  11  ANy1         0.00000e+00   constant   
  12  pNy1         0.00000e+00   constant   
  13  w_y          0.00000e+00   constant   
  14  ANy2         1.39657e-02     fixed    
  15  pNy2         4.84726e+00   constant   
  16  w_vw         1.43184e+01   constant   
  17  LM           1.57605e-04   constant   
  18  wCBO_expCoeff   1.99999e+02   1.52540e-04  -2.49646e-07  -4.10338e+03
  19  wCBO_expOffset   2.00000e+02   1.53084e-04   3.90121e-07  -1.15314e+05
  20  wCBO_expT    2.99999e+01   8.24187e-05   2.07651e-07   5.89349e+03
  21  wCBO_linCoeff   0.00000e+00   constant   
  22  wCBO_const  -1.84098e-02   1.18978e-03  -2.68534e-06  -2.43297e+03
 MIGRAD FAILS TO FIND IMPROVEMENT
 FCN=4527.66 FROM HESSE     STATUS=NOT POSDEF     58 CALLS        1396 TOTAL
                     EDM=0.00795508    STRATEGY= 1      ERR MATRIX NOT POS-DEF
  EXT PARAMETER                APPROXIMATE        STEP         FIRST   
  NO.   NAME      VALUE            ERROR          SIZE      DERIVATIVE 
   1  N0           3.07553e+06     fixed    
   2  tau          6.44069e+01   constant   
   3  A0           3.65250e-01     fixed    
   4  phi          4.11932e+00     fixed    
   5  R           -6.10412e+01   constant   
   6  A_CBO        9.88492e-04   2.77429e-04   6.88027e-06  -2.66649e+02
   7  w_CBO        2.32731e+00   9.83995e-06   1.10975e-06  -8.18185e+04
   8  phi_CBO      1.23858e+00   2.89532e-01   7.36135e-03   4.99000e-01
   9  ANx2         1.88981e-04   constant   
  10  pNx2         1.59299e+00   constant   
  11  ANy1         0.00000e+00   constant   
  12  pNy1         0.00000e+00   constant   
  13  w_y          0.00000e+00   constant   
  14  ANy2         1.39657e-02     fixed    
  15  pNy2         4.84726e+00   constant   
  16  w_vw         1.43184e+01   constant   
  17  LM           1.57605e-04   constant   
  18  wCBO_expCoeff   1.99999e+02   8.44296e-04   9.53671e-05  -9.50240e+02
  19  wCBO_expOffset   2.00000e+02   1.00672e-04   9.53674e-05  -6.12406e+03
  20  wCBO_expT    2.99999e+01   1.43891e-04   1.43051e-05   5.96482e+03
  21  wCBO_linCoeff   0.00000e+00   constant   
  22  wCBO_const  -2.07861e-02   2.23144e-03   1.11660e-05  -3.78020e+02
 MIGRAD FAILS TO FIND IMPROVEMENT
 MIGRAD TERMINATED WITHOUT CONVERGENCE.
 FCN=4527.66 FROM MIGRAD    STATUS=FAILED        277 CALLS        1440 TOTAL
                     EDM=0.0236285    STRATEGY= 1      ERR MATRIX NOT POS-DEF
  EXT PARAMETER                APPROXIMATE        STEP         FIRST   
  NO.   NAME      VALUE            ERROR          SIZE      DERIVATIVE 
   1  N0           3.07553e+06     fixed    
   2  tau          6.44069e+01   constant   
   3  A0           3.65250e-01     fixed    
   4  phi          4.11932e+00     fixed    
   5  R           -6.10412e+01   constant   
   6  A_CBO        9.91688e-04   2.36252e-04   0.00000e+00  -1.71721e+02
   7  w_CBO        2.32731e+00   8.99596e-06  -0.00000e+00   1.31621e+04
   8  phi_CBO      1.23284e+00   2.81742e-01  -0.00000e+00  -6.85021e-03
   9  ANx2         1.88981e-04   constant   
  10  pNx2         1.59299e+00   constant   
  11  ANy1         0.00000e+00   constant   
  12  pNy1         0.00000e+00   constant   
  13  w_y          0.00000e+00   constant   
  14  ANy2         1.39657e-02     fixed    
  15  pNy2         4.84726e+00   constant   
  16  w_vw         1.43184e+01   constant   
  17  LM           1.57605e-04   constant   
  18  wCBO_expCoeff   1.99999e+02   7.72388e-04  -0.00000e+00   1.52863e+02
  19  wCBO_expOffset   2.00000e+02   8.34524e-05  -0.00000e+00   1.68785e+04
  20  wCBO_expT    2.99999e+01   1.18056e-04  -0.00000e+00  -2.79222e+03
  21  wCBO_linCoeff   0.00000e+00   constant   
  22  wCBO_const  -2.08025e-02   2.06611e-03   0.00000e+00   2.67484e+01
 EXTERNAL ERROR MATRIX.    NDIM=  25    NPAR=  7    ERR DEF=1
  5.582e-08 -1.133e-09  6.407e-06 -9.689e-08 -1.834e-08 -2.344e-08  4.113e-07 
 -1.133e-09  8.093e-11 -3.903e-08 -2.701e-10  4.347e-10  7.030e-10 -1.219e-08 
  6.407e-06 -3.903e-08  7.938e-02 -3.707e-06  3.787e-06  2.928e-06  7.673e-05 
 -9.689e-08 -2.701e-10 -3.707e-06  5.966e-07  3.717e-08  6.021e-08 -1.043e-06 
 -1.834e-08  4.347e-10  3.787e-06  3.717e-08  6.964e-09  9.003e-09 -1.464e-07 
 -2.344e-08  7.030e-10  2.928e-06  6.021e-08  9.003e-09  1.394e-08 -2.133e-07 
  4.113e-07 -1.219e-08  7.673e-05 -1.043e-06 -1.464e-07 -2.133e-07  4.269e-06 
ERR MATRIX NOT POS-DEF
 PARAMETER  CORRELATION COEFFICIENTS  
       NO.  GLOBAL      6      7      8     18     19     20     22
        6  0.97951   1.000 -0.533  0.096 -0.531 -0.930 -0.840  0.843
        7  0.99328  -0.533  1.000 -0.015 -0.039  0.579  0.662 -0.656
        8  0.77208   0.096 -0.015  1.000 -0.017  0.161  0.088  0.132
       18  0.99325  -0.531 -0.039 -0.017  1.000  0.577  0.660 -0.654
       19  0.98251  -0.930  0.579  0.161  0.577  1.000  0.914 -0.849
       20  0.99468  -0.840  0.662  0.088  0.660  0.914  1.000 -0.874
       22  0.99153   0.843 -0.656  0.132 -0.654 -0.849 -0.874  1.000
 ERR MATRIX NOT POS-DEF
MINUIT - FIT ONLY 1-CBO
 **********
 **   29 **RES 
 **********
                   PARAMETER   14  ANy2 RESTORED TO VARIABLE.
                   PARAMETER    4  phi RESTORED TO VARIABLE.
                   PARAMETER    3  A0 RESTORED TO VARIABLE.
                   PARAMETER    1  N0 RESTORED TO VARIABLE.
 **********
 **   30 **FIX            0
 **********
 PARAMETER    0  IS UNDEFINED. IGNORED.
 **********
 **   31 **FIX            1
 **********
 **********
 **   32 **FIX            2
 **********
 PARAMETER    2  IS CONSTANT.   IGNORED.
 **********
 **   33 **FIX            3
 **********
 **********
 **   34 **FIX            4
 **********
 **********
 **   35 **FIX            8
 **********
 **********
 **   36 **FIX            9
 **********
 PARAMETER    9  IS CONSTANT.   IGNORED.
 **********
 **   37 **FIX           11
 **********
 PARAMETER   11  IS CONSTANT.   IGNORED.
 **********
 **   38 **FIX           12
 **********
 PARAMETER   12  IS CONSTANT.   IGNORED.
 **********
 **   39 **FIX           13
 **********
 PARAMETER   13  IS CONSTANT.   IGNORED.
 **********
 **   40 **FIX           15
 **********
 PARAMETER   15  IS CONSTANT.   IGNORED.
 **********
 **   41 **FIX           16
 **********
 PARAMETER   16  IS CONSTANT.   IGNORED.
 **********
 **   42 **MIGRAD
 **********
 START MIGRAD MINIMIZATION.  STRATEGY  1.  CONVERGENCE WHEN EDM .LT. 1.00e-04
 FCN=4527.66 FROM MIGRAD    STATUS=INITIATE       16 CALLS        1456 TOTAL
                     EDM= unknown      STRATEGY= 1      NO ERROR MATRIX       
  EXT PARAMETER               CURRENT GUESS       STEP         FIRST   
  NO.   NAME      VALUE            ERROR          SIZE      DERIVATIVE 
   1  N0           3.07553e+06     fixed    
   2  tau          6.44069e+01   constant   
   3  A0           3.65250e-01     fixed    
   4  phi          4.11932e+00     fixed    
   5  R           -6.10412e+01   constant   
   6  A_CBO        9.91688e-04   2.36252e-04   0.00000e+00  -1.71721e+02
   7  w_CBO        2.32731e+00   8.99596e-06  -0.00000e+00   1.31621e+04
   8  phi_CBO      1.23284e+00     fixed    
   9  ANx2         1.88981e-04   constant   
  10  pNx2         1.59299e+00   constant   
  11  ANy1         0.00000e+00   constant   
  12  pNy1         0.00000e+00   constant   
  13  w_y          0.00000e+00   constant   
  14  ANy2         1.39657e-02   1.00000e-04   1.00000e-04   5.89483e+05
  15  pNy2         4.84726e+00   constant   
  16  w_vw         1.43184e+01   constant   
  17  LM           1.57605e-04   constant   
  18  wCBO_expCoeff   1.99999e+02   7.72388e-04  -0.00000e+00   1.52863e+02
  19  wCBO_expOffset   2.00000e+02   8.34524e-05  -0.00000e+00   1.68785e+04
  20  wCBO_expT    2.99999e+01   1.18056e-04  -0.00000e+00  -2.79222e+03
  21  wCBO_linCoeff   0.00000e+00   constant   
  22  wCBO_const  -2.08025e-02   2.06611e-03   0.00000e+00   2.67484e+01
 MIGRAD FAILS TO FIND IMPROVEMENT
 FCN=459.25 FROM HESSE     STATUS=NOT POSDEF     52 CALLS        1716 TOTAL
                     EDM=5950.35    STRATEGY= 1      ERR MATRIX NOT POS-DEF
  EXT PARAMETER                APPROXIMATE        STEP         FIRST   
  NO.   NAME      VALUE            ERROR          SIZE      DERIVATIVE 
   1  N0           3.07553e+06     fixed    
   2  tau          6.44069e+01   constant   
   3  A0           3.65250e-01     fixed    
   4  phi          4.11932e+00     fixed    
   5  R           -6.10412e+01   constant   
   6  A_CBO        3.26391e-04   9.32359e-04   2.18587e-06   1.96274e+02
   7  w_CBO        2.32731e+00   1.60604e-05   1.10975e-06   1.19521e+06
   8  phi_CBO      1.23284e+00     fixed    
   9  ANx2         1.88981e-04   constant   
  10  pNx2         1.59299e+00   constant   
  11  ANy1         0.00000e+00   constant   
  12  pNy1         0.00000e+00   constant   
  13  w_y          0.00000e+00   constant   
  14  ANy2        -1.36407e-04   1.05617e-04   2.26005e-06  -1.21426e+04
  15  pNy2         4.84726e+00   constant   
  16  w_vw         1.43184e+01   constant   
  17  LM           1.57605e-04   constant   
  18  wCBO_expCoeff   1.99999e+02   1.38391e-03   9.53670e-05   1.38952e+04
  19  wCBO_expOffset   2.00000e+02   5.39669e-04   9.53675e-05   9.24131e+04
  20  wCBO_expT    3.00002e+01   5.02637e-04   1.43052e-05  -1.47914e+05
  21  wCBO_linCoeff   0.00000e+00   constant   
  22  wCBO_const  -1.59514e-02   2.89346e-03   1.72962e-05   2.68066e+03
 MIGRAD FAILS TO FIND IMPROVEMENT
 MIGRAD TERMINATED WITHOUT CONVERGENCE.
 FCN=448.159 FROM MIGRAD    STATUS=FAILED       1011 CALLS        2451 TOTAL
                     EDM=5.27692    STRATEGY= 1      ERR MATRIX NOT POS-DEF
  EXT PARAMETER                APPROXIMATE        STEP         FIRST   
  NO.   NAME      VALUE            ERROR          SIZE      DERIVATIVE 
   1  N0           3.07553e+06     fixed    
   2  tau          6.44069e+01   constant   
   3  A0           3.65250e-01     fixed    
   4  phi          4.11932e+00     fixed    
   5  R           -6.10412e+01   constant   
   6  A_CBO        6.14384e-04   1.23370e-04  -0.00000e+00  -5.08271e+03
   7  w_CBO        2.32760e+00   7.95431e-05  -0.00000e+00   2.96985e+05
   8  phi_CBO      1.23284e+00     fixed    
   9  ANx2         1.88981e-04   constant   
  10  pNx2         1.59299e+00   constant   
  11  ANy1         0.00000e+00   constant   
  12  pNy1         0.00000e+00   constant   
  13  w_y          0.00000e+00   constant   
  14  ANy2         5.02147e-04   1.08225e-04  -0.00000e+00   1.47733e+04
  15  pNy2         4.84726e+00   constant   
  16  w_vw         1.43184e+01   constant   
  17  LM           1.57605e-04   constant   
  18  wCBO_expCoeff   2.00024e+02   6.86333e-03  -0.00000e+00   3.45062e+03
  19  wCBO_expOffset   1.99995e+02   1.48386e-03   0.00000e+00   1.95746e+04
  20  wCBO_expT    3.00012e+01   2.64579e-04  -0.00000e+00  -3.20817e+04
  21  wCBO_linCoeff   0.00000e+00   constant   
  22  wCBO_const  -3.43453e-02   5.72825e-03   0.00000e+00   1.10184e+03
 EXTERNAL ERROR MATRIX.    NDIM=  25    NPAR=  7    ERR DEF=1
  1.522e-08  4.952e-09  5.958e-09  4.273e-07 -9.268e-08  1.657e-08 -3.423e-07 
  4.952e-09  6.327e-09  6.682e-09  5.454e-07 -1.179e-07  2.043e-08 -4.473e-07 
  5.958e-09  6.682e-09  1.171e-08  5.765e-07 -1.253e-07  2.169e-08 -4.778e-07 
  4.273e-07  5.454e-07  5.765e-07  4.711e-05 -1.017e-05  1.763e-06 -3.859e-05 
 -9.268e-08 -1.179e-07 -1.253e-07 -1.017e-05  2.202e-06 -3.782e-07  8.370e-06 
  1.657e-08  2.043e-08  2.169e-08  1.763e-06 -3.782e-07  7.000e-08 -1.387e-06 
 -3.423e-07 -4.473e-07 -4.778e-07 -3.859e-05  8.370e-06 -1.387e-06  3.281e-05 
ERR MATRIX NOT POS-DEF
 PARAMETER  CORRELATION COEFFICIENTS  
       NO.  GLOBAL      6      7     14     18     19     20     22
        6  0.55685   1.000  0.505  0.446  0.505 -0.506  0.508 -0.484
        7  0.99978   0.505  1.000  0.776  0.999 -0.999  0.971 -0.982
       14  0.84431   0.446  0.776  1.000  0.776 -0.780  0.757 -0.771
       18  0.99978   0.505  0.999  0.776  1.000 -0.999  0.971 -0.982
       19  0.99987  -0.506 -0.999 -0.780 -0.999  1.000 -0.963  0.985
       20  0.99805   0.508  0.971  0.757  0.971 -0.963  1.000 -0.915
       22  0.99717  -0.484 -0.982 -0.771 -0.982  0.985 -0.915  1.000
 ERR MATRIX NOT POS-DEF
MINUIT - FIT ONLY 2-CBO
 **********
 **   43 **RES 
 **********
                   PARAMETER    8  phi_CBO RESTORED TO VARIABLE.
                   PARAMETER    4  phi RESTORED TO VARIABLE.
                   PARAMETER    3  A0 RESTORED TO VARIABLE.
                   PARAMETER    1  N0 RESTORED TO VARIABLE.
 **********
 **   44 **FIX            0
 **********
 PARAMETER    0  IS UNDEFINED. IGNORED.
 **********
 **   45 **FIX            1
 **********
 **********
 **   46 **FIX            2
 **********
 PARAMETER    2  IS CONSTANT.   IGNORED.
 **********
 **   47 **FIX            3
 **********
 **********
 **   48 **FIX            4
 **********
 **********
 **   49 **FIX            5
 **********
 PARAMETER    5  IS CONSTANT.   IGNORED.
 **********
 **   50 **FIX            6
 **********
 **********
 **   51 **FIX            7
 **********
 **********
 **   52 **FIX           10
 **********
 PARAMETER   10  IS CONSTANT.   IGNORED.
 **********
 **   53 **FIX           11
 **********
 PARAMETER   11  IS CONSTANT.   IGNORED.
 **********
 **   54 **FIX           12
 **********
 PARAMETER   12  IS CONSTANT.   IGNORED.
 **********
 **   55 **FIX           13
 **********
 PARAMETER   13  IS CONSTANT.   IGNORED.
 **********
 **   56 **FIX           14
 **********
 **********
 **   57 **FIX           15
 **********
 PARAMETER   15  IS CONSTANT.   IGNORED.
 **********
 **   58 **FIX           16
 **********
 PARAMETER   16  IS CONSTANT.   IGNORED.
 **********
 **   59 **MIGRAD
 **********
 START MIGRAD MINIMIZATION.  STRATEGY  1.  CONVERGENCE WHEN EDM .LT. 1.00e-04
 FCN=448.159 FROM MIGRAD    STATUS=INITIATE       10 CALLS        2461 TOTAL
                     EDM= unknown      STRATEGY= 1      NO ERROR MATRIX       
  EXT PARAMETER               CURRENT GUESS       STEP         FIRST   
  NO.   NAME      VALUE            ERROR          SIZE      DERIVATIVE 
   1  N0           3.07553e+06     fixed    
   2  tau          6.44069e+01   constant   
   3  A0           3.65250e-01     fixed    
   4  phi          4.11932e+00     fixed    
   5  R           -6.10412e+01   constant   
   6  A_CBO        6.14384e-04     fixed    
   7  w_CBO        2.32760e+00     fixed    
   8  phi_CBO      1.23284e+00   2.81742e-01   2.81742e-01  -3.05461e+00
   9  ANx2         1.88981e-04   constant   
  10  pNx2         1.59299e+00   constant   
  11  ANy1         0.00000e+00   constant   
  12  pNy1         0.00000e+00   constant   
  13  w_y          0.00000e+00   constant   
  14  ANy2         5.02147e-04     fixed    
  15  pNy2         4.84726e+00   constant   
  16  w_vw         1.43184e+01   constant   
  17  LM           1.57605e-04   constant   
  18  wCBO_expCoeff   2.00024e+02   6.86333e-03  -0.00000e+00   3.45062e+03
  19  wCBO_expOffset   1.99995e+02   1.48386e-03   0.00000e+00   1.95746e+04
  20  wCBO_expT    3.00012e+01   2.64579e-04  -0.00000e+00  -3.20817e+04
  21  wCBO_linCoeff   0.00000e+00   constant   
  22  wCBO_const  -3.43453e-02   5.72825e-03   0.00000e+00   1.10184e+03
 CALL LIMIT EXCEEDED IN MIGRAD.
 MIGRAD TERMINATED WITHOUT CONVERGENCE.
 FCN=447.912 FROM MIGRAD    STATUS=CALL LIMIT    827 CALLS        3278 TOTAL
                     EDM=0.152942    STRATEGY= 1  ERROR MATRIX UNCERTAINTY   0.2 per cent
  EXT PARAMETER                APPROXIMATE        STEP         FIRST   
  NO.   NAME      VALUE            ERROR          SIZE      DERIVATIVE 
   1  N0           3.07553e+06     fixed    
   2  tau          6.44069e+01   constant   
   3  A0           3.65250e-01     fixed    
   4  phi          4.11932e+00     fixed    
   5  R           -6.10412e+01   constant   
   6  A_CBO        6.14384e-04     fixed    
   7  w_CBO        2.32760e+00     fixed    
   8  phi_CBO      1.44249e+00   6.37137e-01   1.12120e-04  -5.40505e-01
   9  ANx2         1.88981e-04   constant   
  10  pNx2         1.59299e+00   constant   
  11  ANy1         0.00000e+00   constant   
  12  pNy1         0.00000e+00   constant   
  13  w_y          0.00000e+00   constant   
  14  ANy2         5.02147e-04     fixed    
  15  pNy2         4.84726e+00   constant   
  16  w_vw         1.43184e+01   constant   
  17  LM           1.57605e-04   constant   
  18  wCBO_expCoeff   2.00024e+02   2.17893e-04   3.52814e-08   1.67537e+03
  19  wCBO_expOffset   1.99995e+02   1.28988e-04   3.07970e-08   4.98817e+03
  20  wCBO_expT    3.00012e+01   1.00384e-04   2.44192e-08  -1.87144e+04
  21  wCBO_linCoeff   0.00000e+00   constant   
  22  wCBO_const  -3.42018e-02   1.06401e-03   2.43315e-07   4.65198e+02
 EXTERNAL ERROR MATRIX.    NDIM=  25    NPAR=  5    ERR DEF=1
  4.059e-01  9.334e-05  6.014e-05  4.441e-05  5.016e-04 
  9.334e-05  4.748e-08  1.772e-08  1.527e-08  1.168e-07 
  6.014e-05  1.772e-08  1.664e-08  1.258e-08  1.196e-07 
  4.441e-05  1.527e-08  1.258e-08  1.008e-08  9.758e-08 
  5.016e-04  1.168e-07  1.196e-07  9.758e-08  1.132e-06 
ERR MATRIX APPROXIMATE
 PARAMETER  CORRELATION COEFFICIENTS  
       NO.  GLOBAL      8     18     19     20     22
        8  0.99725   1.000  0.672  0.732  0.694  0.740
       18  0.99747   0.672  1.000  0.631  0.698  0.504
       19  0.99953   0.732  0.631  1.000  0.972  0.871
       20  0.99982   0.694  0.698  0.972  1.000  0.914
       22  0.99908   0.740  0.504  0.871  0.914  1.000
 ERR MATRIX APPROXIMATE
MINUIT - FIT ONLY 1-y
 **********
 **   60 **RES 
 **********
                   PARAMETER   14  ANy2 RESTORED TO VARIABLE.
                   PARAMETER    7  w_CBO RESTORED TO VARIABLE.
                   PARAMETER    6  A_CBO RESTORED TO VARIABLE.
                   PARAMETER    4  phi RESTORED TO VARIABLE.
                   PARAMETER    3  A0 RESTORED TO VARIABLE.
                   PARAMETER    1  N0 RESTORED TO VARIABLE.
 **********
 **   61 **FIX            0
 **********
 PARAMETER    0  IS UNDEFINED. IGNORED.
 **********
 **   62 **FIX            1
 **********
 **********
 **   63 **FIX            2
 **********
 PARAMETER    2  IS CONSTANT.   IGNORED.
 **********
 **   64 **FIX            3
 **********
 **********
 **   65 **FIX            4
 **********
 **********
 **   66 **FIX            5
 **********
 PARAMETER    5  IS CONSTANT.   IGNORED.
 **********
 **   67 **FIX            6
 **********
 **********
 **   68 **FIX            7
 **********
 **********
 **   69 **FIX            8
 **********
 **********
 **   70 **FIX            9
 **********
 PARAMETER    9  IS CONSTANT.   IGNORED.
 **********
 **   71 **FIX           13
 **********
 PARAMETER   13  IS CONSTANT.   IGNORED.
 **********
 **   72 **FIX           14
 **********
 **********
 **   73 **FIX           15
 **********
 PARAMETER   15  IS CONSTANT.   IGNORED.
 **********
 **   74 **FIX           16
 **********
 PARAMETER   16  IS CONSTANT.   IGNORED.
 **********
 **   75 **MIGRAD
 **********
 START MIGRAD MINIMIZATION.  STRATEGY  1.  CONVERGENCE WHEN EDM .LT. 1.00e-04
 FCN=447.912 FROM MIGRAD    STATUS=INITIATE        8 CALLS        3286 TOTAL
                     EDM= unknown      STRATEGY= 1      NO ERROR MATRIX       
  EXT PARAMETER               CURRENT GUESS       STEP         FIRST   
  NO.   NAME      VALUE            ERROR          SIZE      DERIVATIVE 
   1  N0           3.07553e+06     fixed    
   2  tau          6.44069e+01   constant   
   3  A0           3.65250e-01     fixed    
   4  phi          4.11932e+00     fixed    
   5  R           -6.10412e+01   constant   
   6  A_CBO        6.14384e-04     fixed    
   7  w_CBO        2.32760e+00     fixed    
   8  phi_CBO      1.44249e+00     fixed    
   9  ANx2         1.88981e-04   constant   
  10  pNx2         1.59299e+00   constant   
  11  ANy1         0.00000e+00   constant   
  12  pNy1         0.00000e+00   constant   
  13  w_y          0.00000e+00   constant   
  14  ANy2         5.02147e-04     fixed    
  15  pNy2         4.84726e+00   constant   
  16  w_vw         1.43184e+01   constant   
  17  LM           1.57605e-04   constant   
  18  wCBO_expCoeff   2.00024e+02   2.17893e-04   3.52814e-08   1.67537e+03
  19  wCBO_expOffset   1.99995e+02   1.28988e-04   3.07970e-08   4.98817e+03
  20  wCBO_expT    3.00012e+01   1.00384e-04   2.44192e-08  -1.87144e+04
  21  wCBO_linCoeff   0.00000e+00   constant   
  22  wCBO_const  -3.42018e-02   1.06401e-03   2.43315e-07   4.65198e+02
 MIGRAD FAILS TO FIND IMPROVEMENT
 FCN=447.876 FROM HESSE     STATUS=NOT POSDEF     25 CALLS        3542 TOTAL
                     EDM=0.0669306    STRATEGY= 1      ERR MATRIX NOT POS-DEF
  EXT PARAMETER                APPROXIMATE        STEP         FIRST   
  NO.   NAME      VALUE            ERROR          SIZE      DERIVATIVE 
   1  N0           3.07553e+06     fixed    
   2  tau          6.44069e+01   constant   
   3  A0           3.65250e-01     fixed    
   4  phi          4.11932e+00     fixed    
   5  R           -6.10412e+01   constant   
   6  A_CBO        6.14384e-04     fixed    
   7  w_CBO        2.32760e+00     fixed    
   8  phi_CBO      1.44249e+00     fixed    
   9  ANx2         1.88981e-04   constant   
  10  pNx2         1.59299e+00   constant   
  11  ANy1         0.00000e+00   constant   
  12  pNy1         0.00000e+00   constant   
  13  w_y          0.00000e+00   constant   
  14  ANy2         5.02147e-04     fixed    
  15  pNy2         4.84726e+00   constant   
  16  w_vw         1.43184e+01   constant   
  17  LM           1.57605e-04   constant   
  18  wCBO_expCoeff   2.00024e+02   2.14566e-03   9.53789e-05   9.29449e+02
  19  wCBO_expOffset   1.99995e+02   1.17250e-04   9.53650e-05   6.17638e+03
  20  wCBO_expT    3.00012e+01   2.02996e-04   1.43057e-05  -1.09673e+04
  21  wCBO_linCoeff   0.00000e+00   constant   
  22  wCBO_const  -3.42202e-02   3.22757e-03   6.29925e-06   3.13636e+02
 MIGRAD FAILS TO FIND IMPROVEMENT
 MIGRAD TERMINATED WITHOUT CONVERGENCE.
 FCN=447.815 FROM MIGRAD    STATUS=FAILED        285 CALLS        3563 TOTAL
                     EDM=0.205758    STRATEGY= 1      ERR MATRIX NOT POS-DEF
  EXT PARAMETER                APPROXIMATE        STEP         FIRST   
  NO.   NAME      VALUE            ERROR          SIZE      DERIVATIVE 
   1  N0           3.07553e+06     fixed    
   2  tau          6.44069e+01   constant   
   3  A0           3.65250e-01     fixed    
   4  phi          4.11932e+00     fixed    
   5  R           -6.10412e+01   constant   
   6  A_CBO        6.14384e-04     fixed    
   7  w_CBO        2.32760e+00     fixed    
   8  phi_CBO      1.44249e+00     fixed    
   9  ANx2         1.88981e-04   constant   
  10  pNx2         1.59299e+00   constant   
  11  ANy1         0.00000e+00   constant   
  12  pNy1         0.00000e+00   constant   
  13  w_y          0.00000e+00   constant   
  14  ANy2         5.02147e-04     fixed    
  15  pNy2         4.84726e+00   constant   
  16  w_vw         1.43184e+01   constant   
  17  LM           1.57605e-04   constant   
  18  wCBO_expCoeff   2.00025e+02   1.00000e+00  -0.00000e+00   3.27658e+03
  19  wCBO_expOffset   1.99995e+02   1.00000e+00  -0.00000e+00   1.37699e+04
  20  wCBO_expT    3.00013e+01   1.00000e+00   0.00000e+00  -3.01266e+04
  21  wCBO_linCoeff   0.00000e+00   constant   
  22  wCBO_const  -3.48879e-02   1.00000e+00  -0.00000e+00   1.04264e+03
 EXTERNAL ERROR MATRIX.    NDIM=  25    NPAR=  4    ERR DEF=1
  1.000e+00 -9.615e-08 -1.935e-07  3.173e-06 
 -9.615e-08  1.000e+00 -9.242e-09  1.627e-07 
 -1.935e-07 -9.242e-09  1.000e+00  3.563e-07 
  3.173e-06  1.627e-07  3.563e-07  1.000e+00 
ERR MATRIX NOT POS-DEF
 PARAMETER  CORRELATION COEFFICIENTS  
       NO.  GLOBAL     18     19     20     22
       18  0.00000   1.000 -0.000 -0.000  0.000
       19  0.00000  -0.000  1.000 -0.000  0.000
       20  0.00000  -0.000 -0.000  1.000  0.000
       22  0.00000   0.000  0.000  0.000  1.000
 ERR MATRIX NOT POS-DEF
MINUIT - FIT ONLY 2-y
 **********
 **   76 **RES 
 **********
                   PARAMETER   14  ANy2 RESTORED TO VARIABLE.
                   PARAMETER    8  phi_CBO RESTORED TO VARIABLE.
                   PARAMETER    7  w_CBO RESTORED TO VARIABLE.
                   PARAMETER    6  A_CBO RESTORED TO VARIABLE.
                   PARAMETER    4  phi RESTORED TO VARIABLE.
                   PARAMETER    3  A0 RESTORED TO VARIABLE.
                   PARAMETER    1  N0 RESTORED TO VARIABLE.
 **********
 **   77 **FIX            0
 **********
 PARAMETER    0  IS UNDEFINED. IGNORED.
 **********
 **   78 **FIX            1
 **********
 **********
 **   79 **FIX            2
 **********
 PARAMETER    2  IS CONSTANT.   IGNORED.
 **********
 **   80 **FIX            3
 **********
 **********
 **   81 **FIX            4
 **********
 **********
 **   82 **FIX            5
 **********
 PARAMETER    5  IS CONSTANT.   IGNORED.
 **********
 **   83 **FIX            6
 **********
 **********
 **   84 **FIX            7
 **********
 **********
 **   85 **FIX            8
 **********
 **********
 **   86 **FIX            9
 **********
 PARAMETER    9  IS CONSTANT.   IGNORED.
 **********
 **   87 **FIX           10
 **********
 PARAMETER   10  IS CONSTANT.   IGNORED.
 **********
 **   88 **FIX           11
 **********
 PARAMETER   11  IS CONSTANT.   IGNORED.
 **********
 **   89 **FIX           12
 **********
 PARAMETER   12  IS CONSTANT.   IGNORED.
 **********
 **   90 **FIX           16
 **********
 PARAMETER   16  IS CONSTANT.   IGNORED.
 **********
 **   91 **MIGRAD
 **********
 START MIGRAD MINIMIZATION.  STRATEGY  1.  CONVERGENCE WHEN EDM .LT. 1.00e-04
 FCN=447.815 FROM MIGRAD    STATUS=INITIATE       10 CALLS        3573 TOTAL
                     EDM= unknown      STRATEGY= 1      NO ERROR MATRIX       
  EXT PARAMETER               CURRENT GUESS       STEP         FIRST   
  NO.   NAME      VALUE            ERROR          SIZE      DERIVATIVE 
   1  N0           3.07553e+06     fixed    
   2  tau          6.44069e+01   constant   
   3  A0           3.65250e-01     fixed    
   4  phi          4.11932e+00     fixed    
   5  R           -6.10412e+01   constant   
   6  A_CBO        6.14384e-04     fixed    
   7  w_CBO        2.32760e+00     fixed    
   8  phi_CBO      1.44249e+00     fixed    
   9  ANx2         1.88981e-04   constant   
  10  pNx2         1.59299e+00   constant   
  11  ANy1         0.00000e+00   constant   
  12  pNy1         0.00000e+00   constant   
  13  w_y          0.00000e+00   constant   
  14  ANy2         5.02147e-04   1.08225e-04   1.08225e-04   1.47564e+04
  15  pNy2         4.84726e+00   constant   
  16  w_vw         1.43184e+01   constant   
  17  LM           1.57605e-04   constant   
  18  wCBO_expCoeff   2.00025e+02   1.00000e+00  -0.00000e+00   3.27658e+03
  19  wCBO_expOffset   1.99995e+02   1.00000e+00  -0.00000e+00   1.37699e+04
  20  wCBO_expT    3.00013e+01   1.00000e+00   0.00000e+00  -3.01266e+04
  21  wCBO_linCoeff   0.00000e+00   constant   
  22  wCBO_const  -3.48879e-02   1.00000e+00  -0.00000e+00   1.04264e+03
 CALL LIMIT EXCEEDED IN MIGRAD.
 MIGRAD TERMINATED WITHOUT CONVERGENCE.
 FCN=445.191 FROM MIGRAD    STATUS=CALL LIMIT    841 CALLS        4404 TOTAL
                     EDM=0.0930692    STRATEGY= 1  ERROR MATRIX UNCERTAINTY   0.7 per cent
  EXT PARAMETER                APPROXIMATE        STEP         FIRST   
  NO.   NAME      VALUE            ERROR          SIZE      DERIVATIVE 
