 + ++++++++++++++++++++++++++++++++++++++++++++++++++++++++++++++++++++ +
 +                                                                      +
 +           You have chose to blind your fitting according to          +
 +                omega_ref * (1 + (R +/- deltaR) *10^{-6})             +
 +                                                                      +
 + ++++++++++++++++++++++++++++++++++++++++++++++++++++++++++++++++++++ +
In main()...
reading format from /gm2data/zkhechad/run45/envelope/formats/formatB_sBin_constraintOn.txt
pBinTau 	= 0  
pBinPhi 	= 0  
constraintau 	= 1 
includeMopTerm 	= 0    
constrainMop    = 0   
Parameters after format file: pBinTau 0 pBinPhi 0 constraintau 1 includeMopTerm 0 constrainMop 0 c_e_scale 0.000000 
reading cbo reference file (full fit) from /gm2data/zkhechad/cboTemplates/Run4CBOTemplates/fullFits/run4/sBin_constraintOn_cE0.0_seed0_run4_calo24.root
A_CBO 0.008786 w_CBO 2.327157 phi_CBO 2.253382 N0 3075736.764901 R -61.041197 tau 64.406859 
Reading cboRef file /gm2data/zkhechad/cboTemplates/Run4CBOTemplates//cboIsolate/run4_calo24.root
deltaT 164.120000
windowBins = 1100
fitting sliding window 2000 from bin 2203 at 328.687600 to bin 3303 at 492.807600 (1100 bins)

Reading data from /gm2data/cornell/histograms/aMethod/histogram_a_run4.root
fitting cbo isolate
 **********
 **    1 **SET PRINTOUT            1
 **********
 **********
 **    2 **SET NOWARNINGS 
 **********
 PARAMETER DEFINITIONS:
    NO.   NAME         VALUE      STEP SIZE      LIMITS
     1 A_CBO        8.78574e-03  1.00000e-05     no limits
     2 w_CBO        2.32716e+00  1.00000e-02    2.00000e+00  3.00000e+00
     3 phi_CBO      2.25338e+00  1.00000e-02    0.00000e+00  6.28319e+00
 **********
 **    3 **MIGRAD
 **********
 FIRST CALL TO USER FUNCTION AT NEW START POINT, WITH IFLAG=4.
 START MIGRAD MINIMIZATION.  STRATEGY  1.  CONVERGENCE WHEN EDM .LT. 1.00e-04
 FCN=0.131869 FROM MIGRAD    STATUS=INITIATE       12 CALLS          13 TOTAL
                     EDM= unknown      STRATEGY= 1      NO ERROR MATRIX       
  EXT PARAMETER               CURRENT GUESS       STEP         FIRST   
  NO.   NAME      VALUE            ERROR          SIZE      DERIVATIVE 
   1  A_CBO        8.78574e-03   1.00000e-05   1.00000e-05   7.35740e+00
   2  w_CBO        2.32716e+00   1.00000e-02   2.13163e-02   2.10828e+00
   3  phi_CBO      2.25338e+00   1.00000e-02   3.31850e-03  -3.19932e-02
 MIGRAD MINIMIZATION HAS CONVERGED.
 MIGRAD WILL VERIFY CONVERGENCE AND ERROR MATRIX.
 COVARIANCE MATRIX CALCULATED SUCCESSFULLY
 FCN=0.106642 FROM HESSE     STATUS=OK             16 CALLS          61 TOTAL
                     EDM=0.000114035    STRATEGY= 1      ERROR MATRIX ACCURATE 
  EXT PARAMETER                                   STEP         FIRST   
  NO.   NAME      VALUE            ERROR          SIZE      DERIVATIVE 
   1  A_CBO        2.41567e-03   4.43751e-02   2.19047e-05   2.17204e-02
   2  w_CBO        2.32651e+00   3.64564e-01   5.45119e-05   1.05722e-02
   3  phi_CBO      2.48022e+00   4.66112e+00   3.36584e-03   2.20253e-04
 MIGRAD MINIMIZATION HAS CONVERGED.
 FCN=0.106554 FROM MIGRAD    STATUS=CONVERGED      76 CALLS          77 TOTAL
                     EDM=9.66729e-06    STRATEGY= 1  ERROR MATRIX UNCERTAINTY  12.9 per cent
  EXT PARAMETER                                   STEP         FIRST   
  NO.   NAME      VALUE            ERROR          SIZE      DERIVATIVE 
   1  A_CBO        2.45614e-03   4.25764e-02  -4.48765e-06   2.95857e-02
   2  w_CBO        2.32363e+00   2.69627e-01  -2.35680e-03  -6.41960e-02
   3  phi_CBO      1.35325e+00   5.49338e+00  -1.56230e-01   9.73445e-04
 EXTERNAL ERROR MATRIX.    NDIM=  25    NPAR=  3    ERR DEF=1
  1.813e-03 -6.360e-04 -2.618e-01 
 -6.360e-04  8.257e-02  3.110e+01 
 -2.618e-01  3.110e+01  1.187e+04 
 PARAMETER  CORRELATION COEFFICIENTS  
       NO.  GLOBAL      1      2      3
        1  0.06643   1.000 -0.052 -0.056
        2  0.99324  -0.052  1.000  0.993
        3  0.99324  -0.056  0.993  1.000
setting A_CBO=0.002456 w_CBO=2.323627, phi_CBO=1.353249
done fitting cbo isolate
 **********
 **    1 **SET PRINTOUT            1
 **********
 **********
 **    2 **SET NOWARNINGS 
 **********
 PARAMETER DEFINITIONS:
    NO.   NAME         VALUE      STEP SIZE      LIMITS
     1 N0           3.07574e+06  1.00000e+02     no limits
     2 tau          6.44069e+01  constant
     3 A0           3.65045e-01  1.00000e-04     no limits
     4 phi          4.11943e+00  1.00000e-02     no limits
     5 R           -6.10412e+01  constant
     6 A_CBO        2.45614e-03  1.00000e-05     no limits
     7 w_CBO        2.32363e+00  1.00000e-03     no limits
     8 phi_CBO      1.35325e+00  1.00000e-04     no limits
     9 ANx2         1.88981e-04  constant
    10 pNx2         1.59299e+00  constant
    11 ANy1         0.00000e+00  constant
    12 pNy1         0.00000e+00  constant
    13 w_y          0.00000e+00  constant
    14 ANy2         1.39657e-02  1.00000e-04     no limits
    15 pNy2         4.84726e+00  constant
    16 w_vw         1.43184e+01  constant
    17 LM           1.57605e-04  constant
    18 wCBO_expCoeff   2.00000e+02  1.00000e+00     no limits
    19 wCBO_expOffset   2.00000e+02  1.00000e+00     no limits
    20 wCBO_expT    3.00000e+01  1.00000e+00     no limits
    21 wCBO_linCoeff   0.00000e+00  constant
    22 wCBO_const   0.00000e+00  1.00000e-02     no limits
MINUIT - FIT ONLY WIGGLE
 **********
 **    3 **FIX            5
 **********
 PARAMETER    5  IS CONSTANT.   IGNORED.
 **********
 **    4 **FIX            6
 **********
 **********
 **    5 **FIX            7
 **********
 **********
 **    6 **FIX            8
 **********
 **********
 **    7 **FIX            9
 **********
 PARAMETER    9  IS CONSTANT.   IGNORED.
 **********
 **    8 **FIX           10
 **********
 PARAMETER   10  IS CONSTANT.   IGNORED.
 **********
 **    9 **FIX           11
 **********
 PARAMETER   11  IS CONSTANT.   IGNORED.
 **********
 **   10 **FIX           12
 **********
 PARAMETER   12  IS CONSTANT.   IGNORED.
 **********
 **   11 **FIX           13
 **********
 PARAMETER   13  IS CONSTANT.   IGNORED.
 **********
 **   12 **FIX           14
 **********
 **********
 **   13 **FIX           15
 **********
 PARAMETER   15  IS CONSTANT.   IGNORED.
 **********
 **   14 **FIX           16
 **********
 PARAMETER   16  IS CONSTANT.   IGNORED.
 **********
 **   15 **MIGRAD
 **********
 FIRST CALL TO USER FUNCTION AT NEW START POINT, WITH IFLAG=4.
 START MIGRAD MINIMIZATION.  STRATEGY  1.  CONVERGENCE WHEN EDM .LT. 1.00e-04
 FCN=875.468 FROM MIGRAD    STATUS=INITIATE       32 CALLS          33 TOTAL
                     EDM= unknown      STRATEGY= 1      NO ERROR MATRIX       
  EXT PARAMETER               CURRENT GUESS       STEP         FIRST   
  NO.   NAME      VALUE            ERROR          SIZE      DERIVATIVE 
   1  N0           3.07574e+06   1.00000e+02   1.00000e+02  -3.75825e-04
   2  tau          6.44069e+01   constant   
   3  A0           3.65045e-01   1.00000e-04   1.00000e-04   1.08127e+03
   4  phi          4.11943e+00   1.00000e-02   1.00000e-02  -5.41818e+02
   5  R           -6.10412e+01   constant   
   6  A_CBO        2.45614e-03     fixed    
   7  w_CBO        2.32363e+00     fixed    
   8  phi_CBO      1.35325e+00     fixed    
   9  ANx2         1.88981e-04   constant   
  10  pNx2         1.59299e+00   constant   
  11  ANy1         0.00000e+00   constant   
  12  pNy1         0.00000e+00   constant   
  13  w_y          0.00000e+00   constant   
  14  ANy2         1.39657e-02     fixed    
  15  pNy2         4.84726e+00   constant   
  16  w_vw         1.43184e+01   constant   
  17  LM           1.57605e-04   constant   
  18  wCBO_expCoeff   2.00000e+02   1.00000e+00   1.00000e+00   3.36120e+01
  19  wCBO_expOffset   2.00000e+02   1.00000e+00   1.00000e+00   2.24084e+02
  20  wCBO_expT    3.00000e+01   1.00000e+00   1.00000e+00   1.01677e+03
  21  wCBO_linCoeff   0.00000e+00   constant   
  22  wCBO_const   0.00000e+00   1.00000e-02   1.00000e-02   4.00582e+03
 MIGRAD MINIMIZATION HAS CONVERGED.
 FCN=874.058 FROM MIGRAD    STATUS=CONVERGED     146 CALLS         147 TOTAL
                     EDM=7.28694e-07    STRATEGY= 1  ERROR MATRIX UNCERTAINTY   2.1 per cent
  EXT PARAMETER                                   STEP         FIRST   
  NO.   NAME      VALUE            ERROR          SIZE      DERIVATIVE 
   1  N0           3.07602e+06   1.31639e+03   1.88100e-01   4.38692e-07
   2  tau          6.44069e+01   constant   
   3  A0           3.64895e-01   5.74733e-04   2.65739e-06   6.56583e-01
   4  phi          4.12004e+00   1.62831e-03   2.67639e-06   3.88651e-01
   5  R           -6.10412e+01   constant   
   6  A_CBO        2.45614e-03     fixed    
   7  w_CBO        2.32363e+00     fixed    
   8  phi_CBO      1.35325e+00     fixed    
   9  ANx2         1.88981e-04   constant   
  10  pNx2         1.59299e+00   constant   
  11  ANy1         0.00000e+00   constant   
  12  pNy1         0.00000e+00   constant   
  13  w_y          0.00000e+00   constant   
  14  ANy2         1.39657e-02     fixed    
  15  pNy2         4.84726e+00   constant   
  16  w_vw         1.43184e+01   constant   
  17  LM           1.57605e-04   constant   
  18  wCBO_expCoeff   1.99771e+02   5.05596e-01  -3.93334e-03  -9.64506e-03
  19  wCBO_expOffset   1.99966e+02   7.58149e-02  -5.89718e-04  -6.41881e-02
  20  wCBO_expT    3.00148e+01   3.64495e-02   2.82284e-04  -2.54635e-01
  21  wCBO_linCoeff   0.00000e+00   constant   
  22  wCBO_const  -4.50869e-04   1.22283e-03  -9.89743e-06   6.49969e-01
 EXTERNAL ERROR MATRIX.    NDIM=  25    NPAR=  7    ERR DEF=1
  1.733e+06 -4.507e-03  1.517e-02 -3.842e+00 -5.762e-01  3.250e-01  8.266e-03 
 -4.507e-03  3.303e-07 -2.638e-09 -2.929e-06 -4.392e-07  1.785e-07 -1.026e-08 
  1.517e-02 -2.638e-09  2.651e-06  9.189e-07  1.377e-07  1.227e-07  6.611e-09 
 -3.842e+00 -2.929e-06  9.189e-07  2.556e-01  3.777e-02 -1.828e-02  4.718e-04 
 -5.762e-01 -4.392e-07  1.377e-07  3.777e-02  5.748e-03 -2.742e-03  7.074e-05 
  3.250e-01  1.785e-07  1.227e-07 -1.828e-02 -2.742e-03  1.329e-03 -3.622e-05 
  8.266e-03 -1.026e-08  6.611e-09  4.718e-04  7.074e-05 -3.622e-05  1.495e-06 
 PARAMETER  CORRELATION COEFFICIENTS  
       NO.  GLOBAL      1      3      4     18     19     20     22
        1  0.04726   1.000 -0.006  0.007 -0.006 -0.006  0.007  0.005
        3  0.05100  -0.006  1.000 -0.003 -0.010 -0.010  0.009 -0.015
        4  0.07135   0.007 -0.003  1.000  0.001  0.001  0.002  0.003
       18  0.99587  -0.006 -0.010  0.001  1.000  0.985 -0.992  0.763
       19  0.99587  -0.006 -0.010  0.001  0.985  1.000 -0.992  0.763
       20  0.99881   0.007  0.009  0.002 -0.992 -0.992  1.000 -0.813
       22  0.93995   0.005 -0.015  0.003  0.763  0.763 -0.813  1.000
MINUIT - FIT ONLY 1-CBO + other amplitudes 
 **********
 **   16 **RES 
 **********
                   PARAMETER   14  ANy2 RESTORED TO VARIABLE.
                   PARAMETER    8  phi_CBO RESTORED TO VARIABLE.
                   PARAMETER    7  w_CBO RESTORED TO VARIABLE.
                   PARAMETER    6  A_CBO RESTORED TO VARIABLE.
 **********
 **   17 **FIX            0
 **********
 PARAMETER    0  IS UNDEFINED. IGNORED.
 **********
 **   18 **FIX            1
 **********
 **********
 **   19 **FIX            2
 **********
 PARAMETER    2  IS CONSTANT.   IGNORED.
 **********
 **   20 **FIX            3
 **********
 **********
 **   21 **FIX            4
 **********
 **********
 **   22 **FIX            9
 **********
 PARAMETER    9  IS CONSTANT.   IGNORED.
 **********
 **   23 **FIX           11
 **********
 PARAMETER   11  IS CONSTANT.   IGNORED.
 **********
 **   24 **FIX           12
 **********
 PARAMETER   12  IS CONSTANT.   IGNORED.
 **********
 **   25 **FIX           14
 **********
 **********
 **   26 **FIX           15
 **********
 PARAMETER   15  IS CONSTANT.   IGNORED.
 **********
 **   27 **FIX           16
 **********
 PARAMETER   16  IS CONSTANT.   IGNORED.
 **********
 **   28 **MIGRAD
 **********
 START MIGRAD MINIMIZATION.  STRATEGY  1.  CONVERGENCE WHEN EDM .LT. 1.00e-04
 FCN=874.058 FROM MIGRAD    STATUS=INITIATE       20 CALLS         167 TOTAL
                     EDM= unknown      STRATEGY= 1      NO ERROR MATRIX       
  EXT PARAMETER               CURRENT GUESS       STEP         FIRST   
  NO.   NAME      VALUE            ERROR          SIZE      DERIVATIVE 
   1  N0           3.07602e+06     fixed    
   2  tau          6.44069e+01   constant   
   3  A0           3.64895e-01     fixed    
   4  phi          4.12004e+00     fixed    
   5  R           -6.10412e+01   constant   
   6  A_CBO        2.45614e-03   1.00000e-05   1.00000e-05   8.00818e+03
   7  w_CBO        2.32363e+00   1.00000e-03   1.00000e-03  -5.47871e-01
   8  phi_CBO      1.35325e+00   1.00000e-04   1.00000e-04  -1.61957e+00
   9  ANx2         1.88981e-04   constant   
  10  pNx2         1.59299e+00   constant   
  11  ANy1         0.00000e+00   constant   
  12  pNy1         0.00000e+00   constant   
  13  w_y          0.00000e+00   constant   
  14  ANy2         1.39657e-02     fixed    
  15  pNy2         4.84726e+00   constant   
  16  w_vw         1.43184e+01   constant   
  17  LM           1.57605e-04   constant   
  18  wCBO_expCoeff   1.99771e+02   5.05596e-01  -3.93334e-03  -9.64501e-03
  19  wCBO_expOffset   1.99966e+02   7.58149e-02  -5.89718e-04  -6.41877e-02
  20  wCBO_expT    3.00148e+01   3.64495e-02   2.82284e-04  -2.54635e-01
  21  wCBO_linCoeff   0.00000e+00   constant   
  22  wCBO_const  -4.50869e-04   1.22283e-03  -9.89743e-06   6.49974e-01
 MIGRAD MINIMIZATION HAS CONVERGED.
 MIGRAD WILL VERIFY CONVERGENCE AND ERROR MATRIX.
 COVARIANCE MATRIX CALCULATED SUCCESSFULLY
 FCN=867.962 FROM MIGRAD    STATUS=CONVERGED     167 CALLS         314 TOTAL
                     EDM=7.34597e-05    STRATEGY= 1      ERROR MATRIX ACCURATE 
  EXT PARAMETER                                   STEP         FIRST   
  NO.   NAME      VALUE            ERROR          SIZE      DERIVATIVE 
   1  N0           3.07602e+06     fixed    
   2  tau          6.44069e+01   constant   
   3  A0           3.64895e-01     fixed    
   4  phi          4.12004e+00     fixed    
   5  R           -6.10412e+01   constant   
   6  A_CBO        1.01715e-03   6.01876e-04   8.65202e-06  -8.27723e-01
   7  w_CBO        2.32374e+00   2.98006e-02   7.32565e-06   8.57763e-01
   8  phi_CBO      1.78425e+00   8.52975e-01   8.57679e-03  -5.60346e-04
   9  ANx2         1.88981e-04   constant   
  10  pNx2         1.59299e+00   constant   
  11  ANy1         0.00000e+00   constant   
  12  pNy1         0.00000e+00   constant   
  13  w_y          0.00000e+00   constant   
  14  ANy2         1.39657e-02     fixed    
  15  pNy2         4.84726e+00   constant   
  16  w_vw         1.43184e+01   constant   
  17  LM           1.57605e-04   constant   
  18  wCBO_expCoeff   1.99775e+02   2.24261e+00   1.01620e-03   4.60153e-03
  19  wCBO_expOffset   1.99966e+02   3.37619e-01   1.52678e-04   3.06099e-02
  20  wCBO_expT    3.00150e+01   4.08079e-02   3.29734e-05   4.50692e-01
  21  wCBO_linCoeff   0.00000e+00   constant   
  22  wCBO_const  -2.22135e-04   1.26905e-02   7.25278e-06   1.07387e+00
 EXTERNAL ERROR MATRIX.    NDIM=  25    NPAR=  7    ERR DEF=1
  3.623e-07  4.615e-09  1.246e-06 -8.051e-06 -1.212e-06  4.485e-07 -2.501e-09 
  4.615e-09  8.881e-04 -3.404e-04 -3.425e-02 -5.184e-03 -2.685e-04 -3.763e-04 
  1.246e-06 -3.404e-04  7.276e-01 -1.437e-02 -2.134e-03  2.892e-03  3.726e-04 
 -8.051e-06 -3.425e-02 -1.437e-02  5.029e+00 -2.621e-01 -1.193e-02  1.497e-02 
 -1.212e-06 -5.184e-03 -2.134e-03 -2.621e-01  1.140e-01 -1.781e-03  2.265e-03 
  4.485e-07 -2.685e-04  2.892e-03 -1.193e-02 -1.781e-03  1.665e-03  7.900e-05 
 -2.501e-09 -3.763e-04  3.726e-04  1.497e-02  2.265e-03  7.900e-05  1.610e-04 
 PARAMETER  CORRELATION COEFFICIENTS  
       NO.  GLOBAL      6      7      8     18     19     20     22
        6  0.05591   1.000  0.000  0.002 -0.006 -0.006  0.018 -0.000
        7  0.99985   0.000  1.000 -0.013 -0.512 -0.515 -0.221 -0.995
        8  0.71482   0.002 -0.013  1.000 -0.008 -0.007  0.083  0.034
       18  0.99950  -0.006 -0.512 -0.008  1.000 -0.346 -0.130  0.526
       19  0.99951  -0.006 -0.515 -0.007 -0.346  1.000 -0.129  0.529
       20  0.99842   0.018 -0.221  0.083 -0.130 -0.129  1.000  0.153
       22  0.99921  -0.000 -0.995  0.034  0.526  0.529  0.153  1.000
MINUIT - FIT ONLY 1-CBO
 **********
 **   29 **RES 
 **********
                   PARAMETER   14  ANy2 RESTORED TO VARIABLE.
                   PARAMETER    4  phi RESTORED TO VARIABLE.
                   PARAMETER    3  A0 RESTORED TO VARIABLE.
                   PARAMETER    1  N0 RESTORED TO VARIABLE.
 **********
 **   30 **FIX            0
 **********
 PARAMETER    0  IS UNDEFINED. IGNORED.
 **********
 **   31 **FIX            1
 **********
 **********
 **   32 **FIX            2
 **********
 PARAMETER    2  IS CONSTANT.   IGNORED.
 **********
 **   33 **FIX            3
 **********
 **********
 **   34 **FIX            4
 **********
 **********
 **   35 **FIX            8
 **********
 **********
 **   36 **FIX            9
 **********
 PARAMETER    9  IS CONSTANT.   IGNORED.
 **********
 **   37 **FIX           11
 **********
 PARAMETER   11  IS CONSTANT.   IGNORED.
 **********
 **   38 **FIX           12
 **********
 PARAMETER   12  IS CONSTANT.   IGNORED.
 **********
 **   39 **FIX           13
 **********
 PARAMETER   13  IS CONSTANT.   IGNORED.
 **********
 **   40 **FIX           15
 **********
 PARAMETER   15  IS CONSTANT.   IGNORED.
 **********
 **   41 **FIX           16
 **********
 PARAMETER   16  IS CONSTANT.   IGNORED.
 **********
 **   42 **MIGRAD
 **********
 START MIGRAD MINIMIZATION.  STRATEGY  1.  CONVERGENCE WHEN EDM .LT. 1.00e-04
 FCN=867.962 FROM MIGRAD    STATUS=INITIATE       16 CALLS         330 TOTAL
                     EDM= unknown      STRATEGY= 1      NO ERROR MATRIX       
  EXT PARAMETER               CURRENT GUESS       STEP         FIRST   
  NO.   NAME      VALUE            ERROR          SIZE      DERIVATIVE 
   1  N0           3.07602e+06     fixed    
   2  tau          6.44069e+01   constant   
   3  A0           3.64895e-01     fixed    
   4  phi          4.12004e+00     fixed    
   5  R           -6.10412e+01   constant   
   6  A_CBO        1.01715e-03   6.01876e-04   8.65202e-06  -8.27723e-01
   7  w_CBO        2.32374e+00   2.98006e-02   7.32565e-06   8.56833e-01
   8  phi_CBO      1.78425e+00     fixed    
   9  ANx2         1.88981e-04   constant   
  10  pNx2         1.59299e+00   constant   
  11  ANy1         0.00000e+00   constant   
  12  pNy1         0.00000e+00   constant   
  13  w_y          0.00000e+00   constant   
  14  ANy2         1.39657e-02   1.00000e-04   1.00000e-04   7.69711e+04
  15  pNy2         4.84726e+00   constant   
  16  w_vw         1.43184e+01   constant   
  17  LM           1.57605e-04   constant   
  18  wCBO_expCoeff   1.99775e+02   2.24261e+00   1.01620e-03   4.55687e-03
  19  wCBO_expOffset   1.99966e+02   3.37619e-01   1.52678e-04   3.03367e-02
  20  wCBO_expT    3.00150e+01   4.08079e-02   3.29734e-05   4.50552e-01
  21  wCBO_linCoeff   0.00000e+00   constant   
  22  wCBO_const  -2.22135e-04   1.26905e-02   7.25278e-06   1.07313e+00
 MIGRAD MINIMIZATION HAS CONVERGED.
 MIGRAD WILL VERIFY CONVERGENCE AND ERROR MATRIX.
 FCN=324.633 FROM MIGRAD    STATUS=CONVERGED     314 CALLS         628 TOTAL
                     EDM=4.30156e-06    STRATEGY= 1      ERR MATRIX NOT POS-DEF
  EXT PARAMETER                APPROXIMATE        STEP         FIRST   
  NO.   NAME      VALUE            ERROR          SIZE      DERIVATIVE 
   1  N0           3.07602e+06     fixed    
   2  tau          6.44069e+01   constant   
   3  A0           3.64895e-01     fixed    
   4  phi          4.12004e+00     fixed    
   5  R           -6.10412e+01   constant   
   6  A_CBO       -2.34228e-04   7.42148e-04   5.32186e-06   3.43459e+00
   7  w_CBO        2.32074e+00   1.07223e-02   9.59142e-06   1.07484e+00
   8  phi_CBO      1.78425e+00     fixed    
   9  ANx2         1.88981e-04   constant   
  10  pNx2         1.59299e+00   constant   
  11  ANy1         0.00000e+00   constant   
  12  pNy1         0.00000e+00   constant   
  13  w_y          0.00000e+00   constant   
  14  ANy2        -1.72244e-04   6.03428e-04   5.31865e-06  -3.16037e+00
  15  pNy2         4.84726e+00   constant   
  16  w_vw         1.43184e+01   constant   
  17  LM           1.57605e-04   constant   
  18  wCBO_expCoeff   1.98993e+02   2.05932e+00   1.61531e-03   8.12666e-03
  19  wCBO_expOffset   1.99849e+02   3.11228e-01   2.44077e-04   5.37756e-02
  20  wCBO_expT    3.00721e+01   5.21946e-02   4.88114e-05   2.63727e-01
  21  wCBO_linCoeff   0.00000e+00   constant   
  22  wCBO_const   9.18870e-04   4.69575e-03   7.37160e-06   8.76867e-01
 EXTERNAL ERROR MATRIX.    NDIM=  25    NPAR=  7    ERR DEF=1
  5.508e-07  2.832e-07  2.976e-08  1.495e-04  2.259e-05 -1.280e-05 -3.775e-08 
  2.832e-07  1.150e-04  5.575e-09 -3.797e-03 -5.749e-04 -7.680e-05 -4.799e-05 
  2.976e-08  5.575e-09  3.641e-07  4.663e-06  7.037e-07 -5.036e-07  1.662e-10 
  1.495e-04 -3.797e-03  4.663e-06  4.241e+00 -4.136e-01 -3.769e-02  1.981e-03 
  2.259e-05 -5.749e-04  7.037e-07 -4.136e-01  9.686e-02 -5.696e-03  2.999e-04 
 -1.280e-05 -7.680e-05 -5.036e-07 -3.769e-02 -5.696e-03  2.724e-03 -2.448e-06 
 -3.775e-08 -4.799e-05  1.662e-10  1.981e-03  2.999e-04 -2.448e-06  2.205e-05 
ERR MATRIX NOT POS-DEF
 PARAMETER  CORRELATION COEFFICIENTS  
       NO.  GLOBAL      6      7     14     18     19     20     22
        6  0.58377   1.000  0.036  0.066  0.098  0.098 -0.330 -0.011
        7  0.99481   0.036  1.000  0.001 -0.172 -0.172 -0.137 -0.953
       14  0.06867   0.066  0.001  1.000  0.004  0.004 -0.016  0.000
       18  0.99597   0.098 -0.172  0.004  1.000 -0.645 -0.351  0.205
       19  0.99597   0.098 -0.172  0.004 -0.645  1.000 -0.351  0.205
       20  0.99429  -0.330 -0.137 -0.016 -0.351 -0.351  1.000 -0.010
       22  0.98403  -0.011 -0.953  0.000  0.205  0.205 -0.010  1.000
 ERR MATRIX NOT POS-DEF
MINUIT - FIT ONLY 2-CBO
 **********
 **   43 **RES 
 **********
                   PARAMETER    8  phi_CBO RESTORED TO VARIABLE.
                   PARAMETER    4  phi RESTORED TO VARIABLE.
                   PARAMETER    3  A0 RESTORED TO VARIABLE.
                   PARAMETER    1  N0 RESTORED TO VARIABLE.
 **********
 **   44 **FIX            0
 **********
 PARAMETER    0  IS UNDEFINED. IGNORED.
 **********
 **   45 **FIX            1
 **********
 **********
 **   46 **FIX            2
 **********
 PARAMETER    2  IS CONSTANT.   IGNORED.
 **********
 **   47 **FIX            3
 **********
 **********
 **   48 **FIX            4
 **********
 **********
 **   49 **FIX            5
 **********
 PARAMETER    5  IS CONSTANT.   IGNORED.
 **********
 **   50 **FIX            6
 **********
 **********
 **   51 **FIX            7
 **********
 **********
 **   52 **FIX           10
 **********
 PARAMETER   10  IS CONSTANT.   IGNORED.
 **********
 **   53 **FIX           11
 **********
 PARAMETER   11  IS CONSTANT.   IGNORED.
 **********
 **   54 **FIX           12
 **********
 PARAMETER   12  IS CONSTANT.   IGNORED.
 **********
 **   55 **FIX           13
 **********
 PARAMETER   13  IS CONSTANT.   IGNORED.
 **********
 **   56 **FIX           14
 **********
 **********
 **   57 **FIX           15
 **********
 PARAMETER   15  IS CONSTANT.   IGNORED.
 **********
 **   58 **FIX           16
 **********
 PARAMETER   16  IS CONSTANT.   IGNORED.
 **********
 **   59 **MIGRAD
 **********
 START MIGRAD MINIMIZATION.  STRATEGY  1.  CONVERGENCE WHEN EDM .LT. 1.00e-04
 FCN=324.633 FROM MIGRAD    STATUS=INITIATE       12 CALLS         640 TOTAL
                     EDM= unknown      STRATEGY= 1      NO ERROR MATRIX       
  EXT PARAMETER               CURRENT GUESS       STEP         FIRST   
  NO.   NAME      VALUE            ERROR          SIZE      DERIVATIVE 
   1  N0           3.07602e+06     fixed    
   2  tau          6.44069e+01   constant   
   3  A0           3.64895e-01     fixed    
   4  phi          4.12004e+00     fixed    
   5  R           -6.10412e+01   constant   
   6  A_CBO       -2.34228e-04     fixed    
   7  w_CBO        2.32074e+00     fixed    
   8  phi_CBO      1.78425e+00   8.52975e-01   8.52975e-01   4.79718e-01
   9  ANx2         1.88981e-04   constant   
  10  pNx2         1.59299e+00   constant   
  11  ANy1         0.00000e+00   constant   
  12  pNy1         0.00000e+00   constant   
  13  w_y          0.00000e+00   constant   
  14  ANy2        -1.72244e-04     fixed    
  15  pNy2         4.84726e+00   constant   
  16  w_vw         1.43184e+01   constant   
  17  LM           1.57605e-04   constant   
  18  wCBO_expCoeff   1.98993e+02   2.05932e+00   1.61531e-03   8.13795e-03
  19  wCBO_expOffset   1.99849e+02   3.11228e-01   2.44077e-04   5.38528e-02
  20  wCBO_expT    3.00721e+01   5.21946e-02   4.88114e-05   2.62690e-01
  21  wCBO_linCoeff   0.00000e+00   constant   
  22  wCBO_const   9.18870e-04   4.69575e-03   7.37160e-06   8.70924e-01
 MIGRAD MINIMIZATION HAS CONVERGED.
 MIGRAD WILL VERIFY CONVERGENCE AND ERROR MATRIX.
 FCN=324.192 FROM MIGRAD    STATUS=CONVERGED     145 CALLS         773 TOTAL
                     EDM=1.04392e-05    STRATEGY= 1      ERR MATRIX NOT POS-DEF
  EXT PARAMETER                APPROXIMATE        STEP         FIRST   
  NO.   NAME      VALUE            ERROR          SIZE      DERIVATIVE 
   1  N0           3.07602e+06     fixed    
   2  tau          6.44069e+01   constant   
   3  A0           3.64895e-01     fixed    
   4  phi          4.12004e+00     fixed    
   5  R           -6.10412e+01   constant   
   6  A_CBO       -2.34228e-04     fixed    
   7  w_CBO        2.32074e+00     fixed    
   8  phi_CBO      2.94269e-01   1.89795e+00   1.49022e-02   2.25057e-03
   9  ANx2         1.88981e-04   constant   
  10  pNx2         1.59299e+00   constant   
  11  ANy1         0.00000e+00   constant   
  12  pNy1         0.00000e+00   constant   
  13  w_y          0.00000e+00   constant   
  14  ANy2        -1.72244e-04     fixed    
  15  pNy2         4.84726e+00   constant   
  16  w_vw         1.43184e+01   constant   
  17  LM           1.57605e-04   constant   
  18  wCBO_expCoeff   1.99465e+02   1.79184e+00   1.27814e-03  -2.50737e-02
  19  wCBO_expOffset   1.99920e+02   2.69881e-01   1.92479e-04  -1.66487e-01
  20  wCBO_expT    3.00399e+01   4.61989e-02   3.99037e-05  -7.98296e-01
  21  wCBO_linCoeff   0.00000e+00   constant   
  22  wCBO_const   1.30338e-03   1.40269e-03   6.93574e-06  -3.90771e+00
 EXTERNAL ERROR MATRIX.    NDIM=  25    NPAR=  5    ERR DEF=1
  3.602e+00 -2.264e-01 -3.411e-02  1.763e-02  7.808e-05 
 -2.264e-01  3.211e+00 -3.414e-01 -3.133e-02  4.137e-04 
 -3.411e-02 -3.414e-01  7.284e-02 -4.721e-03  6.232e-05 
  1.763e-02 -3.133e-02 -4.721e-03  2.134e-03 -3.439e-05 
  7.808e-05  4.137e-04  6.232e-05 -3.439e-05  1.968e-06 
ERR MATRIX NOT POS-DEF
 PARAMETER  CORRELATION COEFFICIENTS  
       NO.  GLOBAL      8     18     19     20     22
        8  0.45307   1.000 -0.067 -0.067  0.201  0.029
       18  0.99671  -0.067  1.000 -0.706 -0.378  0.165
       19  0.99671  -0.067 -0.706  1.000 -0.379  0.165
       20  0.99518   0.201 -0.378 -0.379  1.000 -0.531
       22  0.82859   0.029  0.165  0.165 -0.531  1.000
 ERR MATRIX NOT POS-DEF
MINUIT - FIT ONLY 1-y
 **********
 **   60 **RES 
 **********
                   PARAMETER   14  ANy2 RESTORED TO VARIABLE.
                   PARAMETER    7  w_CBO RESTORED TO VARIABLE.
                   PARAMETER    6  A_CBO RESTORED TO VARIABLE.
                   PARAMETER    4  phi RESTORED TO VARIABLE.
                   PARAMETER    3  A0 RESTORED TO VARIABLE.
                   PARAMETER    1  N0 RESTORED TO VARIABLE.
 **********
 **   61 **FIX            0
 **********
 PARAMETER    0  IS UNDEFINED. IGNORED.
 **********
 **   62 **FIX            1
 **********
 **********
 **   63 **FIX            2
 **********
 PARAMETER    2  IS CONSTANT.   IGNORED.
 **********
 **   64 **FIX            3
 **********
 **********
 **   65 **FIX            4
 **********
 **********
 **   66 **FIX            5
 **********
 PARAMETER    5  IS CONSTANT.   IGNORED.
 **********
 **   67 **FIX            6
 **********
 **********
 **   68 **FIX            7
 **********
 **********
 **   69 **FIX            8
 **********
 **********
 **   70 **FIX            9
 **********
 PARAMETER    9  IS CONSTANT.   IGNORED.
 **********
 **   71 **FIX           13
 **********
 PARAMETER   13  IS CONSTANT.   IGNORED.
 **********
 **   72 **FIX           14
 **********
 **********
 **   73 **FIX           15
 **********
 PARAMETER   15  IS CONSTANT.   IGNORED.
 **********
 **   74 **FIX           16
 **********
 PARAMETER   16  IS CONSTANT.   IGNORED.
 **********
 **   75 **MIGRAD
 **********
 START MIGRAD MINIMIZATION.  STRATEGY  1.  CONVERGENCE WHEN EDM .LT. 1.00e-04
 FCN=324.192 FROM MIGRAD    STATUS=INITIATE        8 CALLS         781 TOTAL
                     EDM= unknown      STRATEGY= 1      NO ERROR MATRIX       
  EXT PARAMETER               CURRENT GUESS       STEP         FIRST   
  NO.   NAME      VALUE            ERROR          SIZE      DERIVATIVE 
   1  N0           3.07602e+06     fixed    
   2  tau          6.44069e+01   constant   
   3  A0           3.64895e-01     fixed    
   4  phi          4.12004e+00     fixed    
   5  R           -6.10412e+01   constant   
   6  A_CBO       -2.34228e-04     fixed    
   7  w_CBO        2.32074e+00     fixed    
   8  phi_CBO      2.94269e-01     fixed    
   9  ANx2         1.88981e-04   constant   
  10  pNx2         1.59299e+00   constant   
  11  ANy1         0.00000e+00   constant   
  12  pNy1         0.00000e+00   constant   
  13  w_y          0.00000e+00   constant   
  14  ANy2        -1.72244e-04     fixed    
  15  pNy2         4.84726e+00   constant   
  16  w_vw         1.43184e+01   constant   
  17  LM           1.57605e-04   constant   
  18  wCBO_expCoeff   1.99465e+02   1.79184e+00   1.27814e-03  -2.50628e-02
  19  wCBO_expOffset   1.99920e+02   2.69881e-01   1.92479e-04  -1.66415e-01
  20  wCBO_expT    3.00399e+01   4.61989e-02   3.99037e-05  -7.98343e-01
  21  wCBO_linCoeff   0.00000e+00   constant   
  22  wCBO_const   1.30338e-03   1.40269e-03   6.93574e-06  -3.90791e+00
 MIGRAD MINIMIZATION HAS CONVERGED.
 MIGRAD WILL VERIFY CONVERGENCE AND ERROR MATRIX.
 FCN=324.192 FROM MIGRAD    STATUS=CONVERGED      41 CALLS         814 TOTAL
                     EDM=1.19748e-07    STRATEGY= 1      ERR MATRIX NOT POS-DEF
  EXT PARAMETER                APPROXIMATE        STEP         FIRST   
  NO.   NAME      VALUE            ERROR          SIZE      DERIVATIVE 
   1  N0           3.07602e+06     fixed    
   2  tau          6.44069e+01   constant   
   3  A0           3.64895e-01     fixed    
   4  phi          4.12004e+00     fixed    
   5  R           -6.10412e+01   constant   
   6  A_CBO       -2.34228e-04     fixed    
   7  w_CBO        2.32074e+00     fixed    
   8  phi_CBO      2.94269e-01     fixed    
   9  ANx2         1.88981e-04   constant   
  10  pNx2         1.59299e+00   constant   
  11  ANy1         0.00000e+00   constant   
  12  pNy1         0.00000e+00   constant   
  13  w_y          0.00000e+00   constant   
  14  ANy2        -1.72244e-04     fixed    
  15  pNy2         4.84726e+00   constant   
  16  w_vw         1.43184e+01   constant   
  17  LM           1.57605e-04   constant   
  18  wCBO_expCoeff   1.99465e+02   1.83675e+00   1.28095e-03  -1.99772e-04
  19  wCBO_expOffset   1.99920e+02   2.76626e-01   1.92914e-04  -1.32492e-03
  20  wCBO_expT    3.00399e+01   4.59751e-02   3.99652e-05   5.38054e-03
  21  wCBO_linCoeff   0.00000e+00   constant   
  22  wCBO_const   1.30371e-03   1.40884e-03   6.92954e-06   4.88417e-02
 EXTERNAL ERROR MATRIX.    NDIM=  25    NPAR=  4    ERR DEF=1
  3.374e+00 -3.658e-01 -3.120e-02  4.349e-04 
 -3.658e-01  7.652e-02 -4.699e-03  6.548e-05 
 -3.120e-02 -4.699e-03  2.114e-03 -3.587e-05 
  4.349e-04  6.548e-05 -3.587e-05  1.985e-06 
ERR MATRIX NOT POS-DEF
 PARAMETER  CORRELATION COEFFICIENTS  
       NO.  GLOBAL     18     19     20     22
       18  0.99687   1.000 -0.720 -0.369  0.168
       19  0.99687  -0.720  1.000 -0.370  0.168
       20  0.99513  -0.369 -0.370  1.000 -0.554
       22  0.83020   0.168  0.168 -0.554  1.000
 ERR MATRIX NOT POS-DEF
MINUIT - FIT ONLY 2-y
 **********
 **   76 **RES 
 **********
                   PARAMETER   14  ANy2 RESTORED TO VARIABLE.
                   PARAMETER    8  phi_CBO RESTORED TO VARIABLE.
                   PARAMETER    7  w_CBO RESTORED TO VARIABLE.
                   PARAMETER    6  A_CBO RESTORED TO VARIABLE.
                   PARAMETER    4  phi RESTORED TO VARIABLE.
                   PARAMETER    3  A0 RESTORED TO VARIABLE.
                   PARAMETER    1  N0 RESTORED TO VARIABLE.
 **********
 **   77 **FIX            0
 **********
 PARAMETER    0  IS UNDEFINED. IGNORED.
 **********
 **   78 **FIX            1
 **********
 **********
 **   79 **FIX            2
 **********
 PARAMETER    2  IS CONSTANT.   IGNORED.
 **********
 **   80 **FIX            3
 **********
 **********
 **   81 **FIX            4
 **********
 **********
 **   82 **FIX            5
 **********
 PARAMETER    5  IS CONSTANT.   IGNORED.
 **********
 **   83 **FIX            6
 **********
 **********
 **   84 **FIX            7
 **********
 **********
 **   85 **FIX            8
 **********
 **********
 **   86 **FIX            9
 **********
 PARAMETER    9  IS CONSTANT.   IGNORED.
 **********
 **   87 **FIX           10
 **********
 PARAMETER   10  IS CONSTANT.   IGNORED.
 **********
 **   88 **FIX           11
 **********
 PARAMETER   11  IS CONSTANT.   IGNORED.
 **********
 **   89 **FIX           12
 **********
 PARAMETER   12  IS CONSTANT.   IGNORED.
 **********
 **   90 **FIX           16
 **********
 PARAMETER   16  IS CONSTANT.   IGNORED.
 **********
 **   91 **MIGRAD
 **********
 START MIGRAD MINIMIZATION.  STRATEGY  1.  CONVERGENCE WHEN EDM .LT. 1.00e-04
 FCN=324.192 FROM MIGRAD    STATUS=INITIATE       10 CALLS         824 TOTAL
                     EDM= unknown      STRATEGY= 1      NO ERROR MATRIX       
  EXT PARAMETER               CURRENT GUESS       STEP         FIRST   
  NO.   NAME      VALUE            ERROR          SIZE      DERIVATIVE 
   1  N0           3.07602e+06     fixed    
   2  tau          6.44069e+01   constant   
   3  A0           3.64895e-01     fixed    
   4  phi          4.12004e+00     fixed    
   5  R           -6.10412e+01   constant   
   6  A_CBO       -2.34228e-04     fixed    
   7  w_CBO        2.32074e+00     fixed    
   8  phi_CBO      2.94269e-01     fixed    
   9  ANx2         1.88981e-04   constant   
  10  pNx2         1.59299e+00   constant   
  11  ANy1         0.00000e+00   constant   
  12  pNy1         0.00000e+00   constant   
  13  w_y          0.00000e+00   constant   
  14  ANy2        -1.72244e-04   6.03428e-04   6.03428e-04  -2.19099e+01
  15  pNy2         4.84726e+00   constant   
  16  w_vw         1.43184e+01   constant   
  17  LM           1.57605e-04   constant   
  18  wCBO_expCoeff   1.99465e+02   1.83675e+00   1.28095e-03  -1.90045e-04
  19  wCBO_expOffset   1.99920e+02   2.76626e-01   1.92914e-04  -1.25932e-03
  20  wCBO_expT    3.00399e+01   4.59751e-02   3.99652e-05   5.30214e-03
  21  wCBO_linCoeff   0.00000e+00   constant   
  22  wCBO_const   1.30371e-03   1.40884e-03   6.92954e-06   4.85698e-02
 MIGRAD MINIMIZATION HAS CONVERGED.
 MIGRAD WILL VERIFY CONVERGENCE AND ERROR MATRIX.
 FCN=324.192 FROM MIGRAD    STATUS=CONVERGED      52 CALLS         866 TOTAL
                     EDM=3.72208e-07    STRATEGY= 1      ERR MATRIX NOT POS-DEF
  EXT PARAMETER                APPROXIMATE        STEP         FIRST   
  NO.   NAME      VALUE            ERROR          SIZE      DERIVATIVE 
   1  N0           3.07602e+06     fixed    
   2  tau          6.44069e+01   constant   
   3  A0           3.64895e-01     fixed    
   4  phi          4.12004e+00     fixed    
   5  R           -6.10412e+01   constant   
   6  A_CBO       -2.34228e-04     fixed    
   7  w_CBO        2.32074e+00     fixed    
   8  phi_CBO      2.94269e-01     fixed    
   9  ANx2         1.88981e-04   constant   
  10  pNx2         1.59299e+00   constant   
  11  ANy1         0.00000e+00   constant   
  12  pNy1         0.00000e+00   constant   
  13  w_y          0.00000e+00   constant   
  14  ANy2        -1.68253e-04   6.02953e-04   5.31504e-06  -1.13373e-03
  15  pNy2         4.84726e+00   constant   
  16  w_vw         1.43184e+01   constant   
  17  LM           1.57605e-04   constant   
  18  wCBO_expCoeff   1.99465e+02   1.83698e+00   1.28090e-03  -3.35036e-03
  19  wCBO_expOffset   1.99920e+02   2.76664e-01   1.92907e-04  -2.22448e-02
  20  wCBO_expT    3.00399e+01   4.59775e-02   3.99653e-05  -8.82317e-02
  21  wCBO_linCoeff   0.00000e+00   constant   
  22  wCBO_const   1.30370e-03   1.40889e-03   6.92944e-06  -1.76600e-01
 EXTERNAL ERROR MATRIX.    NDIM=  25    NPAR=  5    ERR DEF=1
  3.636e-07  7.308e-06  1.101e-06 -3.227e-07 -9.150e-09 
  7.308e-06  3.374e+00 -3.659e-01 -3.120e-02  4.345e-04 
  1.101e-06 -3.659e-01  7.654e-02 -4.701e-03  6.543e-05 
 -3.227e-07 -3.120e-02 -4.701e-03  2.114e-03 -3.585e-05 
 -9.150e-09  4.345e-04  6.543e-05 -3.585e-05  1.985e-06 
ERR MATRIX NOT POS-DEF
 PARAMETER  CORRELATION COEFFICIENTS  
       NO.  GLOBAL     14     18     19     20     22
       14  0.04241   1.000  0.007  0.007 -0.012 -0.011
       18  0.99687   0.007  1.000 -0.720 -0.369  0.168
       19  0.99687   0.007 -0.720  1.000 -0.370  0.168
       20  0.99513  -0.012 -0.369 -0.370  1.000 -0.553
       22  0.83017  -0.011  0.168  0.168 -0.553  1.000
 ERR MATRIX NOT POS-DEF
MINUIT - FIT ALTOGETHER
 **********
 **   92 **RES 
 **********
                   PARAMETER    8  phi_CBO RESTORED TO VARIABLE.
                   PARAMETER    7  w_CBO RESTORED TO VARIABLE.
                   PARAMETER    6  A_CBO RESTORED TO VARIABLE.
                   PARAMETER    4  phi RESTORED TO VARIABLE.
                   PARAMETER    3  A0 RESTORED TO VARIABLE.
                   PARAMETER    1  N0 RESTORED TO VARIABLE.
 **********
 **   93 **MIGRAD
 **********
 START MIGRAD MINIMIZATION.  STRATEGY  1.  CONVERGENCE WHEN EDM .LT. 1.00e-04
 FCN=324.192 FROM MIGRAD    STATUS=INITIATE       22 CALLS         888 TOTAL
                     EDM= unknown      STRATEGY= 1      NO ERROR MATRIX       
  EXT PARAMETER               CURRENT GUESS       STEP         FIRST   
  NO.   NAME      VALUE            ERROR          SIZE      DERIVATIVE 
   1  N0           3.07602e+06   1.31639e+03   1.31639e+03  -4.28331e-05
   2  tau          6.44069e+01   constant   
   3  A0           3.64895e-01   5.74733e-04   5.74733e-04  -6.59727e+02
   4  phi          4.12004e+00   1.62831e-03   1.62831e-03  -7.21646e+01
   5  R           -6.10412e+01   constant   
   6  A_CBO       -2.34228e-04   7.42148e-04   7.42148e-04   1.65950e+03
   7  w_CBO        2.32074e+00   1.07223e-02   1.07223e-02  -3.63859e-01
   8  phi_CBO      2.94269e-01   1.89795e+00   1.89795e+00   1.62940e-03
   9  ANx2         1.88981e-04   constant   
  10  pNx2         1.59299e+00   constant   
  11  ANy1         0.00000e+00   constant   
  12  pNy1         0.00000e+00   constant   
  13  w_y          0.00000e+00   constant   
  14  ANy2        -1.68253e-04   6.02953e-04   5.31504e-06  -1.13351e-03
  15  pNy2         4.84726e+00   constant   
  16  w_vw         1.43184e+01   constant   
  17  LM           1.57605e-04   constant   
  18  wCBO_expCoeff   1.99465e+02   1.83698e+00   1.28090e-03  -3.34041e-03
  19  wCBO_expOffset   1.99920e+02   2.76664e-01   1.92907e-04  -2.21777e-02
  20  wCBO_expT    3.00399e+01   4.59775e-02   3.99653e-05  -8.83046e-02
