 + ++++++++++++++++++++++++++++++++++++++++++++++++++++++++++++++++++++ +
 +                                                                      +
 +           You have chose to blind your fitting according to          +
 +                omega_ref * (1 + (R +/- deltaR) *10^{-6})             +
 +                                                                      +
 + ++++++++++++++++++++++++++++++++++++++++++++++++++++++++++++++++++++ +
In main()...
reading format from /gm2data/zkhechad/run45/envelope/formats/formatB_sBin_constraintOn.txt
pBinTau 	= 0  
pBinPhi 	= 0  
constraintau 	= 1 
includeMopTerm 	= 0    
constrainMop    = 0   
Parameters after format file: pBinTau 0 pBinPhi 0 constraintau 1 includeMopTerm 0 constrainMop 0 c_e_scale 0.000000 
reading cbo reference file (full fit) from /gm2data/zkhechad/cboTemplates/Run4CBOTemplates/fullFits/run4/sBin_constraintOn_cE0.0_seed0_run4_calo3.root
A_CBO 0.008872 w_CBO 2.326183 phi_CBO 4.278101 N0 2792933.794534 R -61.131445 tau 64.392950 
Reading cboRef file /gm2data/zkhechad/cboTemplates/Run4CBOTemplates//cboIsolate/run4_calo3.root
deltaT 164.120000
windowBins = 1100
fitting sliding window 2020 from bin 2223 at 331.671600 to bin 3323 at 495.791600 (1100 bins)

Reading data from /gm2data/cornell/histograms/aMethod/histogram_a_run4.root
fitting cbo isolate
 **********
 **    1 **SET PRINTOUT            1
 **********
 **********
 **    2 **SET NOWARNINGS 
 **********
 PARAMETER DEFINITIONS:
    NO.   NAME         VALUE      STEP SIZE      LIMITS
     1 A_CBO        8.87236e-03  1.00000e-05     no limits
     2 w_CBO        2.32618e+00  1.00000e-02    2.00000e+00  3.00000e+00
     3 phi_CBO      4.27810e+00  1.00000e-02    0.00000e+00  6.28319e+00
 **********
 **    3 **MIGRAD
 **********
 FIRST CALL TO USER FUNCTION AT NEW START POINT, WITH IFLAG=4.
 START MIGRAD MINIMIZATION.  STRATEGY  1.  CONVERGENCE WHEN EDM .LT. 1.00e-04
 FCN=0.139953 FROM MIGRAD    STATUS=INITIATE       12 CALLS          13 TOTAL
                     EDM= unknown      STRATEGY= 1      NO ERROR MATRIX       
  EXT PARAMETER               CURRENT GUESS       STEP         FIRST   
  NO.   NAME      VALUE            ERROR          SIZE      DERIVATIVE 
   1  A_CBO        8.87236e-03   1.00000e-05   1.00000e-05   7.89815e+00
   2  w_CBO        2.32618e+00   1.00000e-02   2.13326e-02   8.61510e-01
   3  phi_CBO      4.27810e+00   1.00000e-02   3.41436e-03  -1.08957e-02
 MIGRAD MINIMIZATION HAS CONVERGED.
 MIGRAD WILL VERIFY CONVERGENCE AND ERROR MATRIX.
 COVARIANCE MATRIX CALCULATED SUCCESSFULLY
 FCN=0.111407 FROM HESSE     STATUS=OK             16 CALLS          50 TOTAL
                     EDM=0.000260093    STRATEGY= 1      ERROR MATRIX ACCURATE 
  EXT PARAMETER                                   STEP         FIRST   
  NO.   NAME      VALUE            ERROR          SIZE      DERIVATIVE 
   1  A_CBO        1.67325e-03   4.80464e-02   2.19589e-05  -5.91016e-02
   2  w_CBO        2.32580e+00   6.62688e-01   6.67237e-05   1.73294e-02
   3  phi_CBO      4.36788e+00   3.60123e+00   4.72952e-03   1.33589e-04
 MIGRAD MINIMIZATION HAS CONVERGED.
 FCN=0.111223 FROM MIGRAD    STATUS=CONVERGED      66 CALLS          67 TOTAL
                     EDM=9.75915e-06    STRATEGY= 1  ERROR MATRIX UNCERTAINTY  15.6 per cent
  EXT PARAMETER                                   STEP         FIRST   
  NO.   NAME      VALUE            ERROR          SIZE      DERIVATIVE 
   1  A_CBO        1.96072e-03   4.04291e-02  -1.33100e-05   1.48668e-01
   2  w_CBO        2.31841e+00   3.66097e-01  -1.95344e-03   3.09521e-02
   3  phi_CBO      1.24811e+00   4.96380e+00  -1.14642e-01  -4.48566e-04
 EXTERNAL ERROR MATRIX.    NDIM=  25    NPAR=  3    ERR DEF=1
  1.635e-03 -1.366e-03 -4.933e-01 
 -1.366e-03  1.774e-01  6.468e+01 
 -4.933e-01  6.468e+01  2.384e+04 
 PARAMETER  CORRELATION COEFFICIENTS  
       NO.  GLOBAL      1      2      3
        1  0.08057   1.000 -0.080 -0.079
        2  0.99466  -0.080  1.000  0.995
        3  0.99466  -0.079  0.995  1.000
setting A_CBO=0.001961 w_CBO=2.318405, phi_CBO=1.248114
done fitting cbo isolate
 **********
 **    1 **SET PRINTOUT            1
 **********
 **********
 **    2 **SET NOWARNINGS 
 **********
 PARAMETER DEFINITIONS:
    NO.   NAME         VALUE      STEP SIZE      LIMITS
     1 N0           2.79293e+06  1.00000e+02     no limits
     2 tau          6.43930e+01  constant
     3 A0           3.56510e-01  1.00000e-04     no limits
     4 phi          4.11711e+00  1.00000e-02     no limits
     5 R           -6.11314e+01  constant
     6 A_CBO        1.96072e-03  1.00000e-05     no limits
     7 w_CBO        2.31841e+00  1.00000e-03     no limits
     8 phi_CBO      1.24811e+00  1.00000e-04     no limits
     9 ANx2         3.99781e-04  constant
    10 pNx2         4.45174e+00  constant
    11 ANy1         0.00000e+00  constant
    12 pNy1         0.00000e+00  constant
    13 w_y          0.00000e+00  constant
    14 ANy2         9.79441e-03  1.00000e-04     no limits
    15 pNy2         4.41741e+00  constant
    16 w_vw         1.43026e+01  constant
    17 LM          -4.33674e-04  constant
    18 wCBO_expCoeff   2.00000e+02  1.00000e+00     no limits
    19 wCBO_expOffset   2.00000e+02  1.00000e+00     no limits
    20 wCBO_expT    3.00000e+01  1.00000e+00     no limits
    21 wCBO_linCoeff   0.00000e+00  constant
    22 wCBO_const   0.00000e+00  1.00000e-02     no limits
MINUIT - FIT ONLY WIGGLE
 **********
 **    3 **FIX            5
 **********
 PARAMETER    5  IS CONSTANT.   IGNORED.
 **********
 **    4 **FIX            6
 **********
 **********
 **    5 **FIX            7
 **********
 **********
 **    6 **FIX            8
 **********
 **********
 **    7 **FIX            9
 **********
 PARAMETER    9  IS CONSTANT.   IGNORED.
 **********
 **    8 **FIX           10
 **********
 PARAMETER   10  IS CONSTANT.   IGNORED.
 **********
 **    9 **FIX           11
 **********
 PARAMETER   11  IS CONSTANT.   IGNORED.
 **********
 **   10 **FIX           12
 **********
 PARAMETER   12  IS CONSTANT.   IGNORED.
 **********
 **   11 **FIX           13
 **********
 PARAMETER   13  IS CONSTANT.   IGNORED.
 **********
 **   12 **FIX           14
 **********
 **********
 **   13 **FIX           15
 **********
 PARAMETER   15  IS CONSTANT.   IGNORED.
 **********
 **   14 **FIX           16
 **********
 PARAMETER   16  IS CONSTANT.   IGNORED.
 **********
 **   15 **MIGRAD
 **********
 FIRST CALL TO USER FUNCTION AT NEW START POINT, WITH IFLAG=4.
 START MIGRAD MINIMIZATION.  STRATEGY  1.  CONVERGENCE WHEN EDM .LT. 1.00e-04
 FCN=504.642 FROM MIGRAD    STATUS=INITIATE       56 CALLS          57 TOTAL
                     EDM= unknown      STRATEGY= 1      NO ERROR MATRIX       
  EXT PARAMETER               CURRENT GUESS       STEP         FIRST   
  NO.   NAME      VALUE            ERROR          SIZE      DERIVATIVE 
   1  N0           2.79293e+06   1.00000e+02   0.00000e+00   1.51629e-03
   2  tau          6.43930e+01   constant   
   3  A0           3.56510e-01   1.00000e-04   0.00000e+00  -2.91687e+03
   4  phi          4.11711e+00   1.00000e-02   0.00000e+00  -2.03862e+02
   5  R           -6.11314e+01   constant   
   6  A_CBO        1.96072e-03     fixed    
   7  w_CBO        2.31841e+00     fixed    
   8  phi_CBO      1.24811e+00     fixed    
   9  ANx2         3.99781e-04   constant   
  10  pNx2         4.45174e+00   constant   
  11  ANy1         0.00000e+00   constant   
  12  pNy1         0.00000e+00   constant   
  13  w_y          0.00000e+00   constant   
  14  ANy2         9.79441e-03     fixed    
  15  pNy2         4.41741e+00   constant   
  16  w_vw         1.43026e+01   constant   
  17  LM          -4.33674e-04   constant   
  18  wCBO_expCoeff   2.00447e+02   1.00000e+00   4.47412e-01   4.66036e+00
  19  wCBO_expOffset   2.00000e+02   1.00000e+00   0.00000e+00   3.11386e+01
  20  wCBO_expT    3.00000e+01   1.00000e+00   0.00000e+00   8.48197e+01
  21  wCBO_linCoeff   0.00000e+00   constant   
  22  wCBO_const   0.00000e+00   1.00000e-02   0.00000e+00  -6.47278e+00
 MIGRAD MINIMIZATION HAS CONVERGED.
 FCN=495.684 FROM MIGRAD    STATUS=CONVERGED     227 CALLS         228 TOTAL
                     EDM=3.04387e-06    STRATEGY= 1  ERROR MATRIX UNCERTAINTY   0.6 per cent
  EXT PARAMETER                                   STEP         FIRST   
  NO.   NAME      VALUE            ERROR          SIZE      DERIVATIVE 
   1  N0           2.79179e+06   1.28375e+03   9.79588e+00  -1.68909e-07
   2  tau          6.43930e+01   constant   
   3  A0           3.56980e-01   6.02957e-04   1.38440e-05   4.75867e-01
   4  phi          4.11770e+00   1.76192e-03  -1.22067e-05  -8.24882e-01
   5  R           -6.11314e+01   constant   
   6  A_CBO        1.96072e-03     fixed    
   7  w_CBO        2.31841e+00     fixed    
   8  phi_CBO      1.24811e+00     fixed    
   9  ANx2         3.99781e-04   constant   
  10  pNx2         4.45174e+00   constant   
  11  ANy1         0.00000e+00   constant   
  12  pNy1         0.00000e+00   constant   
  13  w_y          0.00000e+00   constant   
  14  ANy2         9.79441e-03     fixed    
  15  pNy2         4.41741e+00   constant   
  16  w_vw         1.43026e+01   constant   
  17  LM          -4.33674e-04   constant   
  18  wCBO_expCoeff   1.97817e+02   7.39439e-01  -1.67099e-02   1.12333e-02
  19  wCBO_expOffset   1.99606e+02   1.10568e-01  -2.49613e-03   7.36279e-02
  20  wCBO_expT    3.01821e+01   4.99672e-02   1.10918e-03   2.80614e-01
  21  wCBO_linCoeff   0.00000e+00   constant   
  22  wCBO_const  -2.56435e-03   1.02087e-03  -1.57813e-05  -2.77505e+00
 EXTERNAL ERROR MATRIX.    NDIM=  25    NPAR=  7    ERR DEF=1
  1.648e+06  1.905e-02 -7.926e-03  6.325e+00  9.500e-01 -2.143e-01 -1.026e-02 
  1.905e-02  3.636e-07 -1.401e-08  9.813e-06  1.473e-06 -8.023e-07  3.178e-08 
 -7.926e-03 -1.401e-08  3.104e-06  5.757e-06  8.376e-07 -7.625e-08 -3.045e-08 
  6.325e+00  9.813e-06  5.757e-06  5.468e-01  8.063e-02 -3.672e-02  4.756e-04 
  9.500e-01  1.473e-06  8.376e-07  8.063e-02  1.223e-02 -5.491e-03  7.113e-05 
 -2.143e-01 -8.023e-07 -7.625e-08 -3.672e-02 -5.491e-03  2.497e-03 -3.457e-05 
 -1.026e-02  3.178e-08 -3.045e-08  4.756e-04  7.113e-05 -3.457e-05  1.042e-06 
 PARAMETER  CORRELATION COEFFICIENTS  
       NO.  GLOBAL      1      3      4     18     19     20     22
        1  0.06852   1.000  0.025 -0.004  0.007  0.007 -0.003 -0.008
        3  0.07296   0.025  1.000 -0.013  0.022  0.022 -0.027  0.052
        4  0.05650  -0.004 -0.013  1.000  0.004  0.004 -0.001 -0.017
       18  0.99724   0.007  0.022  0.004  1.000  0.986 -0.994  0.630
       19  0.99719   0.007  0.022  0.004  0.986  1.000 -0.994  0.630
       20  0.99921  -0.003 -0.027 -0.001 -0.994 -0.994  1.000 -0.678
       22  0.90577  -0.008  0.052 -0.017  0.630  0.630 -0.678  1.000
MINUIT - FIT ONLY 1-CBO + other amplitudes 
 **********
 **   16 **RES 
 **********
                   PARAMETER   14  ANy2 RESTORED TO VARIABLE.
                   PARAMETER    8  phi_CBO RESTORED TO VARIABLE.
                   PARAMETER    7  w_CBO RESTORED TO VARIABLE.
                   PARAMETER    6  A_CBO RESTORED TO VARIABLE.
 **********
 **   17 **FIX            0
 **********
 PARAMETER    0  IS UNDEFINED. IGNORED.
 **********
 **   18 **FIX            1
 **********
 **********
 **   19 **FIX            2
 **********
 PARAMETER    2  IS CONSTANT.   IGNORED.
 **********
 **   20 **FIX            3
 **********
 **********
 **   21 **FIX            4
 **********
 **********
 **   22 **FIX            9
 **********
 PARAMETER    9  IS CONSTANT.   IGNORED.
 **********
 **   23 **FIX           11
 **********
 PARAMETER   11  IS CONSTANT.   IGNORED.
 **********
 **   24 **FIX           12
 **********
 PARAMETER   12  IS CONSTANT.   IGNORED.
 **********
 **   25 **FIX           14
 **********
 **********
 **   26 **FIX           15
 **********
 PARAMETER   15  IS CONSTANT.   IGNORED.
 **********
 **   27 **FIX           16
 **********
 PARAMETER   16  IS CONSTANT.   IGNORED.
 **********
 **   28 **MIGRAD
 **********
 START MIGRAD MINIMIZATION.  STRATEGY  1.  CONVERGENCE WHEN EDM .LT. 1.00e-04
 FCN=495.684 FROM MIGRAD    STATUS=INITIATE       20 CALLS         248 TOTAL
                     EDM= unknown      STRATEGY= 1      NO ERROR MATRIX       
  EXT PARAMETER               CURRENT GUESS       STEP         FIRST   
  NO.   NAME      VALUE            ERROR          SIZE      DERIVATIVE 
   1  N0           2.79179e+06     fixed    
   2  tau          6.43930e+01   constant   
   3  A0           3.56980e-01     fixed    
   4  phi          4.11770e+00     fixed    
   5  R           -6.11314e+01   constant   
   6  A_CBO        1.96072e-03   1.00000e-05   1.00000e-05   3.77799e+03
   7  w_CBO        2.31841e+00   1.00000e-03   1.00000e-03  -2.36075e-01
   8  phi_CBO      1.24811e+00   1.00000e-04   1.00000e-04  -1.10126e+00
   9  ANx2         3.99781e-04   constant   
  10  pNx2         4.45174e+00   constant   
  11  ANy1         0.00000e+00   constant   
  12  pNy1         0.00000e+00   constant   
  13  w_y          0.00000e+00   constant   
  14  ANy2         9.79441e-03     fixed    
  15  pNy2         4.41741e+00   constant   
  16  w_vw         1.43026e+01   constant   
  17  LM          -4.33674e-04   constant   
  18  wCBO_expCoeff   1.97817e+02   7.39439e-01  -1.67099e-02   1.12334e-02
  19  wCBO_expOffset   1.99606e+02   1.10568e-01  -2.49613e-03   7.36285e-02
  20  wCBO_expT    3.01821e+01   4.99672e-02   1.10918e-03   2.80616e-01
  21  wCBO_linCoeff   0.00000e+00   constant   
  22  wCBO_const  -2.56435e-03   1.02087e-03  -1.57813e-05  -2.77503e+00
 MIGRAD MINIMIZATION HAS CONVERGED.
 MIGRAD WILL VERIFY CONVERGENCE AND ERROR MATRIX.
 COVARIANCE MATRIX CALCULATED SUCCESSFULLY
 FCN=493.103 FROM MIGRAD    STATUS=CONVERGED     255 CALLS         483 TOTAL
                     EDM=5.23876e-08    STRATEGY= 1      ERROR MATRIX ACCURATE 
  EXT PARAMETER                                   STEP         FIRST   
  NO.   NAME      VALUE            ERROR          SIZE      DERIVATIVE 
   1  N0           2.79179e+06     fixed    
   2  tau          6.43930e+01   constant   
   3  A0           3.56980e-01     fixed    
   4  phi          4.11770e+00     fixed    
   5  R           -6.11314e+01   constant   
   6  A_CBO        1.03325e-03   6.74193e-04   6.97949e-06   2.21224e-01
   7  w_CBO        2.31806e+00   1.49524e-02   5.28597e-06  -3.80788e-01
   8  phi_CBO      2.16949e+00   8.95261e-01   6.87541e-03   3.19369e-04
   9  ANx2         3.99781e-04   constant   
  10  pNx2         4.45174e+00   constant   
  11  ANy1         0.00000e+00   constant   
  12  pNy1         0.00000e+00   constant   
  13  w_y          0.00000e+00   constant   
  14  ANy2         9.79441e-03     fixed    
  15  pNy2         4.41741e+00   constant   
  16  w_vw         1.43026e+01   constant   
  17  LM          -4.33674e-04   constant   
  18  wCBO_expCoeff   1.97624e+02   1.66919e+00   7.73636e-04  -2.61244e-03
  19  wCBO_expOffset   1.99577e+02   2.55140e-01   1.18196e-04  -1.71435e-02
  20  wCBO_expT    3.01931e+01   3.60235e-02   2.48227e-05  -7.65725e-02
  21  wCBO_linCoeff   0.00000e+00   constant   
  22  wCBO_const  -1.37791e-03   6.46404e-03   4.76291e-06  -3.66771e-01
 EXTERNAL ERROR MATRIX.    NDIM=  25    NPAR=  7    ERR DEF=1
  4.545e-07  1.270e-07 -9.126e-05  1.422e-05  2.176e-06 -4.903e-07 -2.073e-07 
  1.270e-07  2.236e-04  1.089e-04 -8.386e-03 -1.286e-03 -7.693e-05 -9.511e-05 
 -9.126e-05  1.089e-04  8.015e-01  1.638e-02  2.491e-03 -2.924e-03  5.629e-04 
  1.422e-05 -8.386e-03  1.638e-02  2.786e+00 -2.475e-01 -1.543e-02  3.858e-03 
  2.176e-06 -1.286e-03  2.491e-03 -2.475e-01  6.510e-02 -2.357e-03  5.915e-04 
 -4.903e-07 -7.693e-05 -2.924e-03 -1.543e-02 -2.357e-03  1.298e-03  9.280e-06 
 -2.073e-07 -9.511e-05  5.629e-04  3.858e-03  5.915e-04  9.280e-06  4.178e-05 
 PARAMETER  CORRELATION COEFFICIENTS  
       NO.  GLOBAL      6      7      8     18     19     20     22
        6  0.29997   1.000  0.013 -0.151  0.013  0.013 -0.020 -0.048
        7  0.99947   0.013  1.000  0.008 -0.336 -0.337 -0.143 -0.984
        8  0.70775  -0.151  0.008  1.000  0.011  0.011 -0.091  0.097
       18  0.99909   0.013 -0.336  0.011  1.000 -0.581 -0.257  0.358
       19  0.99909   0.013 -0.337  0.011 -0.581  1.000 -0.256  0.359
       20  0.99798  -0.020 -0.143 -0.091 -0.257 -0.256  1.000  0.040
       22  0.99769  -0.048 -0.984  0.097  0.358  0.359  0.040  1.000
MINUIT - FIT ONLY 1-CBO
 **********
 **   29 **RES 
 **********
                   PARAMETER   14  ANy2 RESTORED TO VARIABLE.
                   PARAMETER    4  phi RESTORED TO VARIABLE.
                   PARAMETER    3  A0 RESTORED TO VARIABLE.
                   PARAMETER    1  N0 RESTORED TO VARIABLE.
 **********
 **   30 **FIX            0
 **********
 PARAMETER    0  IS UNDEFINED. IGNORED.
 **********
 **   31 **FIX            1
 **********
 **********
 **   32 **FIX            2
 **********
 PARAMETER    2  IS CONSTANT.   IGNORED.
 **********
 **   33 **FIX            3
 **********
 **********
 **   34 **FIX            4
 **********
 **********
 **   35 **FIX            8
 **********
 **********
 **   36 **FIX            9
 **********
 PARAMETER    9  IS CONSTANT.   IGNORED.
 **********
 **   37 **FIX           11
 **********
 PARAMETER   11  IS CONSTANT.   IGNORED.
 **********
 **   38 **FIX           12
 **********
 PARAMETER   12  IS CONSTANT.   IGNORED.
 **********
 **   39 **FIX           13
 **********
 PARAMETER   13  IS CONSTANT.   IGNORED.
 **********
 **   40 **FIX           15
 **********
 PARAMETER   15  IS CONSTANT.   IGNORED.
 **********
 **   41 **FIX           16
 **********
 PARAMETER   16  IS CONSTANT.   IGNORED.
 **********
 **   42 **MIGRAD
 **********
 START MIGRAD MINIMIZATION.  STRATEGY  1.  CONVERGENCE WHEN EDM .LT. 1.00e-04
 FCN=493.103 FROM MIGRAD    STATUS=INITIATE       16 CALLS         499 TOTAL
                     EDM= unknown      STRATEGY= 1      NO ERROR MATRIX       
  EXT PARAMETER               CURRENT GUESS       STEP         FIRST   
  NO.   NAME      VALUE            ERROR          SIZE      DERIVATIVE 
   1  N0           2.79179e+06     fixed    
   2  tau          6.43930e+01   constant   
   3  A0           3.56980e-01     fixed    
   4  phi          4.11770e+00     fixed    
   5  R           -6.11314e+01   constant   
   6  A_CBO        1.03325e-03   6.74193e-04   6.97949e-06   2.21224e-01
   7  w_CBO        2.31806e+00   1.49524e-02   5.28597e-06  -3.86853e-01
   8  phi_CBO      2.16949e+00     fixed    
   9  ANx2         3.99781e-04   constant   
  10  pNx2         4.45174e+00   constant   
  11  ANy1         0.00000e+00   constant   
  12  pNy1         0.00000e+00   constant   
  13  w_y          0.00000e+00   constant   
  14  ANy2         9.79441e-03   1.00000e-04   1.00000e-04   4.59220e+04
  15  pNy2         4.41741e+00   constant   
  16  w_vw         1.43026e+01   constant   
  17  LM          -4.33674e-04   constant   
  18  wCBO_expCoeff   1.97624e+02   1.66919e+00   7.73636e-04  -2.66622e-03
  19  wCBO_expOffset   1.99577e+02   2.55140e-01   1.18196e-04  -1.74474e-02
  20  wCBO_expT    3.01931e+01   3.60235e-02   2.48227e-05  -7.83849e-02
  21  wCBO_linCoeff   0.00000e+00   constant   
  22  wCBO_const  -1.37791e-03   6.46404e-03   4.76291e-06  -3.66754e-01
 MIGRAD MINIMIZATION HAS CONVERGED.
 MIGRAD WILL VERIFY CONVERGENCE AND ERROR MATRIX.
 FCN=271.603 FROM MIGRAD    STATUS=CONVERGED     153 CALLS         636 TOTAL
                     EDM=2.3096e-05    STRATEGY= 1      ERR MATRIX NOT POS-DEF
  EXT PARAMETER                APPROXIMATE        STEP         FIRST   
  NO.   NAME      VALUE            ERROR          SIZE      DERIVATIVE 
   1  N0           2.79179e+06     fixed    
   2  tau          6.43930e+01   constant   
   3  A0           3.56980e-01     fixed    
   4  phi          4.11770e+00     fixed    
   5  R           -6.11314e+01   constant   
   6  A_CBO        8.00389e-04   6.47419e-04   5.15601e-06   1.87563e-01
   7  w_CBO        2.31804e+00   9.10431e-03   6.23391e-06   3.71291e-01
   8  phi_CBO      2.16949e+00     fixed    
   9  ANx2         3.99781e-04   constant   
  10  pNx2         4.45174e+00   constant   
  11  ANy1         0.00000e+00   constant   
  12  pNy1         0.00000e+00   constant   
  13  w_y          0.00000e+00   constant   
  14  ANy2         1.46979e-04   6.46318e-04   5.22343e-06  -5.12829e-01
  15  pNy2         4.41741e+00   constant   
  16  w_vw         1.43026e+01   constant   
  17  LM          -4.33674e-04   constant   
  18  wCBO_expCoeff   1.97615e+02   1.30481e+00   8.62075e-04   3.03889e-03
  19  wCBO_expOffset   1.99575e+02   1.99372e-01   1.31712e-04   1.99165e-02
  20  wCBO_expT    3.01928e+01   4.12708e-02   2.84836e-05  -7.24287e-02
  21  wCBO_linCoeff   0.00000e+00   constant   
  22  wCBO_const  -1.34462e-03   3.98317e-03   5.73042e-06   2.60530e-01
 EXTERNAL ERROR MATRIX.    NDIM=  25    NPAR=  7    ERR DEF=1
  4.192e-07  8.484e-08  8.318e-09  3.362e-05  5.137e-06 -2.048e-06 -1.183e-07 
  8.484e-08  8.289e-05 -6.276e-09 -2.483e-03 -3.799e-04 -7.108e-05 -3.506e-05 
  8.318e-09 -6.276e-09  4.177e-07 -2.584e-06 -3.947e-07  2.441e-07  5.423e-09 
  3.362e-05 -2.483e-03 -2.584e-06  1.703e+00 -1.256e-01 -2.219e-02  1.133e-03 
  5.137e-06 -3.799e-04 -3.947e-07 -1.256e-01  3.975e-02 -3.391e-03  1.734e-04 
 -2.048e-06 -7.108e-05  2.441e-07 -2.219e-02 -3.391e-03  1.703e-03  2.097e-05 
 -1.183e-07 -3.506e-05  5.423e-09  1.133e-03  1.734e-04  2.097e-05  1.587e-05 
ERR MATRIX NOT POS-DEF
 PARAMETER  CORRELATION COEFFICIENTS  
       NO.  GLOBAL      6      7     14     18     19     20     22
        6  0.17527   1.000  0.014  0.020  0.040  0.040 -0.077 -0.046
        7  0.99639   0.014  1.000 -0.001 -0.209 -0.209 -0.189 -0.967
       14  0.03646   0.020 -0.001  1.000 -0.003 -0.003  0.009  0.002
       18  0.99664   0.040 -0.209 -0.003  1.000 -0.483 -0.412  0.218
       19  0.99664   0.040 -0.209 -0.003 -0.483  1.000 -0.412  0.218
       20  0.99634  -0.077 -0.189  0.009 -0.412 -0.412  1.000  0.128
       22  0.98397  -0.046 -0.967  0.002  0.218  0.218  0.128  1.000
 ERR MATRIX NOT POS-DEF
MINUIT - FIT ONLY 2-CBO
 **********
 **   43 **RES 
 **********
                   PARAMETER    8  phi_CBO RESTORED TO VARIABLE.
                   PARAMETER    4  phi RESTORED TO VARIABLE.
                   PARAMETER    3  A0 RESTORED TO VARIABLE.
                   PARAMETER    1  N0 RESTORED TO VARIABLE.
 **********
 **   44 **FIX            0
 **********
 PARAMETER    0  IS UNDEFINED. IGNORED.
 **********
 **   45 **FIX            1
 **********
 **********
 **   46 **FIX            2
 **********
 PARAMETER    2  IS CONSTANT.   IGNORED.
 **********
 **   47 **FIX            3
 **********
 **********
 **   48 **FIX            4
 **********
 **********
 **   49 **FIX            5
 **********
 PARAMETER    5  IS CONSTANT.   IGNORED.
 **********
 **   50 **FIX            6
 **********
 **********
 **   51 **FIX            7
 **********
 **********
 **   52 **FIX           10
 **********
 PARAMETER   10  IS CONSTANT.   IGNORED.
 **********
 **   53 **FIX           11
 **********
 PARAMETER   11  IS CONSTANT.   IGNORED.
 **********
 **   54 **FIX           12
 **********
 PARAMETER   12  IS CONSTANT.   IGNORED.
 **********
 **   55 **FIX           13
 **********
 PARAMETER   13  IS CONSTANT.   IGNORED.
 **********
 **   56 **FIX           14
 **********
 **********
 **   57 **FIX           15
 **********
 PARAMETER   15  IS CONSTANT.   IGNORED.
 **********
 **   58 **FIX           16
 **********
 PARAMETER   16  IS CONSTANT.   IGNORED.
 **********
 **   59 **MIGRAD
 **********
 START MIGRAD MINIMIZATION.  STRATEGY  1.  CONVERGENCE WHEN EDM .LT. 1.00e-04
 FCN=271.603 FROM MIGRAD    STATUS=INITIATE       10 CALLS         646 TOTAL
                     EDM= unknown      STRATEGY= 1      NO ERROR MATRIX       
  EXT PARAMETER               CURRENT GUESS       STEP         FIRST   
  NO.   NAME      VALUE            ERROR          SIZE      DERIVATIVE 
   1  N0           2.79179e+06     fixed    
   2  tau          6.43930e+01   constant   
   3  A0           3.56980e-01     fixed    
   4  phi          4.11770e+00     fixed    
   5  R           -6.11314e+01   constant   
   6  A_CBO        8.00389e-04     fixed    
   7  w_CBO        2.31804e+00     fixed    
   8  phi_CBO      2.16949e+00   8.95261e-01   8.95261e-01  -2.79788e-01
   9  ANx2         3.99781e-04   constant   
  10  pNx2         4.45174e+00   constant   
  11  ANy1         0.00000e+00   constant   
  12  pNy1         0.00000e+00   constant   
  13  w_y          0.00000e+00   constant   
  14  ANy2         1.46979e-04     fixed    
  15  pNy2         4.41741e+00   constant   
  16  w_vw         1.43026e+01   constant   
  17  LM          -4.33674e-04   constant   
  18  wCBO_expCoeff   1.97615e+02   1.30481e+00   8.62075e-04   3.08197e-03
  19  wCBO_expOffset   1.99575e+02   1.99372e-01   1.31712e-04   2.01739e-02
  20  wCBO_expT    3.01928e+01   4.12708e-02   2.84836e-05  -7.15926e-02
  21  wCBO_linCoeff   0.00000e+00   constant   
  22  wCBO_const  -1.34462e-03   3.98317e-03   5.73042e-06   2.60979e-01
 MIGRAD MINIMIZATION HAS CONVERGED.
 MIGRAD WILL VERIFY CONVERGENCE AND ERROR MATRIX.
 COVARIANCE MATRIX CALCULATED SUCCESSFULLY
 FCN=271.541 FROM MIGRAD    STATUS=CONVERGED     129 CALLS         765 TOTAL
                     EDM=1.90146e-06    STRATEGY= 1      ERROR MATRIX ACCURATE 
  EXT PARAMETER                                   STEP         FIRST   
  NO.   NAME      VALUE            ERROR          SIZE      DERIVATIVE 
   1  N0           2.79179e+06     fixed    
   2  tau          6.43930e+01   constant   
   3  A0           3.56980e-01     fixed    
   4  phi          4.11770e+00     fixed    
   5  R           -6.11314e+01   constant   
   6  A_CBO        8.00389e-04     fixed    
   7  w_CBO        2.31804e+00     fixed    
   8  phi_CBO      2.52276e+00   1.36876e+00   6.73190e-03  -1.62454e-03
   9  ANx2         3.99781e-04   constant   
  10  pNx2         4.45174e+00   constant   
  11  ANy1         0.00000e+00   constant   
  12  pNy1         0.00000e+00   constant   
  13  w_y          0.00000e+00   constant   
  14  ANy2         1.46979e-04     fixed    
  15  pNy2         4.41741e+00   constant   
  16  w_vw         1.43026e+01   constant   
  17  LM          -4.33674e-04   constant   
  18  wCBO_expCoeff   1.97418e+02   6.25590e+00   9.50655e-04   9.00813e-03
  19  wCBO_expOffset   1.99545e+02   9.57188e-01   1.45452e-04   5.88743e-02
  20  wCBO_expT    3.02056e+01   7.73492e-02   3.11496e-05   2.92944e-01
  21  wCBO_linCoeff   0.00000e+00   constant   
  22  wCBO_const  -1.14877e-03   1.61239e-03   5.51331e-06   2.79754e+00
 EXTERNAL ERROR MATRIX.    NDIM=  25    NPAR=  5    ERR DEF=1
  1.874e+00 -4.171e-03 -7.665e-04 -2.036e-03  1.461e-03 
 -4.171e-03  3.914e+01 -5.594e+00 -8.755e-02  8.491e-04 
 -7.665e-04 -5.594e+00  9.162e-01 -1.340e-02  1.297e-04 
 -2.036e-03 -8.755e-02 -1.340e-02  5.983e-03 -6.300e-05 
  1.461e-03  8.491e-04  1.297e-04 -6.300e-05  2.600e-06 
 PARAMETER  CORRELATION COEFFICIENTS  
       NO.  GLOBAL      8     18     19     20     22
        8  0.79207   1.000 -0.000 -0.001 -0.019  0.662
       18  0.99982  -0.000  1.000 -0.934 -0.181  0.084
       19  0.99982  -0.001 -0.934  1.000 -0.181  0.084
       20  0.99875  -0.019 -0.181 -0.181  1.000 -0.505
       22  0.90558   0.662  0.084  0.084 -0.505  1.000
MINUIT - FIT ONLY 1-y
 **********
 **   60 **RES 
 **********
                   PARAMETER   14  ANy2 RESTORED TO VARIABLE.
                   PARAMETER    7  w_CBO RESTORED TO VARIABLE.
                   PARAMETER    6  A_CBO RESTORED TO VARIABLE.
                   PARAMETER    4  phi RESTORED TO VARIABLE.
                   PARAMETER    3  A0 RESTORED TO VARIABLE.
                   PARAMETER    1  N0 RESTORED TO VARIABLE.
 **********
 **   61 **FIX            0
 **********
 PARAMETER    0  IS UNDEFINED. IGNORED.
 **********
 **   62 **FIX            1
 **********
 **********
 **   63 **FIX            2
 **********
 PARAMETER    2  IS CONSTANT.   IGNORED.
 **********
 **   64 **FIX            3
 **********
 **********
 **   65 **FIX            4
 **********
 **********
 **   66 **FIX            5
 **********
 PARAMETER    5  IS CONSTANT.   IGNORED.
 **********
 **   67 **FIX            6
 **********
 **********
 **   68 **FIX            7
 **********
 **********
 **   69 **FIX            8
 **********
 **********
 **   70 **FIX            9
 **********
 PARAMETER    9  IS CONSTANT.   IGNORED.
 **********
 **   71 **FIX           13
 **********
 PARAMETER   13  IS CONSTANT.   IGNORED.
 **********
 **   72 **FIX           14
 **********
 **********
 **   73 **FIX           15
 **********
 PARAMETER   15  IS CONSTANT.   IGNORED.
 **********
 **   74 **FIX           16
 **********
 PARAMETER   16  IS CONSTANT.   IGNORED.
 **********
 **   75 **MIGRAD
 **********
 START MIGRAD MINIMIZATION.  STRATEGY  1.  CONVERGENCE WHEN EDM .LT. 1.00e-04
 FCN=271.541 FROM MIGRAD    STATUS=INITIATE        8 CALLS         773 TOTAL
                     EDM= unknown      STRATEGY= 1      NO ERROR MATRIX       
  EXT PARAMETER               CURRENT GUESS       STEP         FIRST   
  NO.   NAME      VALUE            ERROR          SIZE      DERIVATIVE 
   1  N0           2.79179e+06     fixed    
   2  tau          6.43930e+01   constant   
   3  A0           3.56980e-01     fixed    
   4  phi          4.11770e+00     fixed    
   5  R           -6.11314e+01   constant   
   6  A_CBO        8.00389e-04     fixed    
   7  w_CBO        2.31804e+00     fixed    
   8  phi_CBO      2.52276e+00     fixed    
   9  ANx2         3.99781e-04   constant   
  10  pNx2         4.45174e+00   constant   
  11  ANy1         0.00000e+00   constant   
  12  pNy1         0.00000e+00   constant   
  13  w_y          0.00000e+00   constant   
  14  ANy2         1.46979e-04     fixed    
  15  pNy2         4.41741e+00   constant   
  16  w_vw         1.43026e+01   constant   
  17  LM          -4.33674e-04   constant   
  18  wCBO_expCoeff   1.97418e+02   6.25590e+00   9.50655e-04   9.00515e-03
  19  wCBO_expOffset   1.99545e+02   9.57188e-01   1.45452e-04   5.88582e-02
  20  wCBO_expT    3.02056e+01   7.73492e-02   3.11496e-05   2.92165e-01
  21  wCBO_linCoeff   0.00000e+00   constant   
  22  wCBO_const  -1.14877e-03   1.61239e-03   5.51331e-06   2.79350e+00
 MIGRAD MINIMIZATION HAS CONVERGED.
 MIGRAD WILL VERIFY CONVERGENCE AND ERROR MATRIX.
 COVARIANCE MATRIX CALCULATED SUCCESSFULLY
 FCN=271.541 FROM MIGRAD    STATUS=CONVERGED      41 CALLS         806 TOTAL
                     EDM=7.18722e-07    STRATEGY= 1      ERROR MATRIX ACCURATE 
  EXT PARAMETER                                   STEP         FIRST   
  NO.   NAME      VALUE            ERROR          SIZE      DERIVATIVE 
   1  N0           2.79179e+06     fixed    
   2  tau          6.43930e+01   constant   
   3  A0           3.56980e-01     fixed    
   4  phi          4.11770e+00     fixed    
   5  R           -6.11314e+01   constant   
   6  A_CBO        8.00389e-04     fixed    
   7  w_CBO        2.31804e+00     fixed    
   8  phi_CBO      2.52276e+00     fixed    
   9  ANx2         3.99781e-04   constant   
  10  pNx2         4.45174e+00   constant   
  11  ANy1         0.00000e+00   constant   
  12  pNy1         0.00000e+00   constant   
  13  w_y          0.00000e+00   constant   
  14  ANy2         1.46979e-04     fixed    
  15  pNy2         4.41741e+00   constant   
  16  w_vw         1.43026e+01   constant   
  17  LM          -4.33674e-04   constant   
  18  wCBO_expCoeff   1.97418e+02   6.42794e+00   9.52815e-04  -3.15873e-03
  19  wCBO_expOffset   1.99545e+02   9.83622e-01   1.45784e-04  -2.06459e-02
  20  wCBO_expT    3.02056e+01   7.75455e-02   3.12149e-05  -8.32449e-02
  21  wCBO_linCoeff   0.00000e+00   constant   
  22  wCBO_const  -1.14898e-03   1.20959e-03   5.51311e-06   8.90087e-01
 EXTERNAL ERROR MATRIX.    NDIM=  25    NPAR=  4    ERR DEF=1
  4.132e+01 -5.926e+00 -8.788e-02  8.552e-04 
 -5.926e+00  9.675e-01 -1.350e-02  1.312e-04 
 -8.788e-02 -1.350e-02  6.013e-03 -6.171e-05 
  8.552e-04  1.312e-04 -6.171e-05  1.463e-06 
 PARAMETER  CORRELATION COEFFICIENTS  
       NO.  GLOBAL     18     19     20     22
       18  0.99983   1.000 -0.937 -0.176  0.110
       19  0.99983  -0.937  1.000 -0.177  0.110
       20  0.99875  -0.176 -0.177  1.000 -0.658
       22  0.82481   0.110  0.110 -0.658  1.000
MINUIT - FIT ONLY 2-y
 **********
 **   76 **RES 
 **********
                   PARAMETER   14  ANy2 RESTORED TO VARIABLE.
                   PARAMETER    8  phi_CBO RESTORED TO VARIABLE.
                   PARAMETER    7  w_CBO RESTORED TO VARIABLE.
                   PARAMETER    6  A_CBO RESTORED TO VARIABLE.
                   PARAMETER    4  phi RESTORED TO VARIABLE.
                   PARAMETER    3  A0 RESTORED TO VARIABLE.
                   PARAMETER    1  N0 RESTORED TO VARIABLE.
 **********
 **   77 **FIX            0
 **********
 PARAMETER    0  IS UNDEFINED. IGNORED.
 **********
 **   78 **FIX            1
 **********
 **********
 **   79 **FIX            2
 **********
 PARAMETER    2  IS CONSTANT.   IGNORED.
 **********
 **   80 **FIX            3
 **********
 **********
 **   81 **FIX            4
 **********
 **********
 **   82 **FIX            5
 **********
 PARAMETER    5  IS CONSTANT.   IGNORED.
 **********
 **   83 **FIX            6
 **********
 **********
 **   84 **FIX            7
 **********
 **********
 **   85 **FIX            8
 **********
 **********
 **   86 **FIX            9
 **********
 PARAMETER    9  IS CONSTANT.   IGNORED.
 **********
 **   87 **FIX           10
 **********
 PARAMETER   10  IS CONSTANT.   IGNORED.
 **********
 **   88 **FIX           11
 **********
 PARAMETER   11  IS CONSTANT.   IGNORED.
 **********
 **   89 **FIX           12
 **********
 PARAMETER   12  IS CONSTANT.   IGNORED.
 **********
 **   90 **FIX           16
 **********
 PARAMETER   16  IS CONSTANT.   IGNORED.
 **********
 **   91 **MIGRAD
 **********
 START MIGRAD MINIMIZATION.  STRATEGY  1.  CONVERGENCE WHEN EDM .LT. 1.00e-04
 FCN=271.541 FROM MIGRAD    STATUS=INITIATE       10 CALLS         816 TOTAL
                     EDM= unknown      STRATEGY= 1      NO ERROR MATRIX       
  EXT PARAMETER               CURRENT GUESS       STEP         FIRST   
  NO.   NAME      VALUE            ERROR          SIZE      DERIVATIVE 
   1  N0           2.79179e+06     fixed    
   2  tau          6.43930e+01   constant   
   3  A0           3.56980e-01     fixed    
   4  phi          4.11770e+00     fixed    
   5  R           -6.11314e+01   constant   
   6  A_CBO        8.00389e-04     fixed    
   7  w_CBO        2.31804e+00     fixed    
   8  phi_CBO      2.52276e+00     fixed    
   9  ANx2         3.99781e-04   constant   
  10  pNx2         4.45174e+00   constant   
  11  ANy1         0.00000e+00   constant   
  12  pNy1         0.00000e+00   constant   
  13  w_y          0.00000e+00   constant   
  14  ANy2         1.46979e-04   6.46318e-04   6.46318e-04   2.40214e+01
  15  pNy2         4.41741e+00   constant   
  16  w_vw         1.43026e+01   constant   
  17  LM          -4.33674e-04   constant   
  18  wCBO_expCoeff   1.97418e+02   6.42794e+00   9.52815e-04  -3.16146e-03
  19  wCBO_expOffset   1.99545e+02   9.83622e-01   1.45784e-04  -2.06606e-02
  20  wCBO_expT    3.02056e+01   7.75455e-02   3.12149e-05  -8.40173e-02
  21  wCBO_linCoeff   0.00000e+00   constant   
  22  wCBO_const  -1.14898e-03   1.20959e-03   5.51311e-06   8.86060e-01
 MIGRAD MINIMIZATION HAS CONVERGED.
 MIGRAD WILL VERIFY CONVERGENCE AND ERROR MATRIX.
 COVARIANCE MATRIX CALCULATED SUCCESSFULLY
 FCN=271.541 FROM MIGRAD    STATUS=CONVERGED      52 CALLS         858 TOTAL
                     EDM=3.37061e-07    STRATEGY= 1      ERROR MATRIX ACCURATE 
  EXT PARAMETER                                   STEP         FIRST   
  NO.   NAME      VALUE            ERROR          SIZE      DERIVATIVE 
   1  N0           2.79179e+06     fixed    
   2  tau          6.43930e+01   constant   
   3  A0           3.56980e-01     fixed    
   4  phi          4.11770e+00     fixed    
   5  R           -6.11314e+01   constant   
   6  A_CBO        8.00389e-04     fixed    
   7  w_CBO        2.31804e+00     fixed    
   8  phi_CBO      2.52276e+00     fixed    
   9  ANx2         3.99781e-04   constant   
  10  pNx2         4.45174e+00   constant   
  11  ANy1         0.00000e+00   constant   
  12  pNy1         0.00000e+00   constant   
  13  w_y          0.00000e+00   constant   
  14  ANy2         1.41936e-04   6.48837e-04   5.22287e-06  -1.20085e-02
  15  pNy2         4.41741e+00   constant   
  16  w_vw         1.43026e+01   constant   
  17  LM          -4.33674e-04   constant   
  18  wCBO_expCoeff   1.97418e+02   6.33585e+00   9.52790e-04   2.18825e-03
  19  wCBO_expOffset   1.99545e+02   9.69472e-01   1.45780e-04   1.43009e-02
  20  wCBO_expT    3.02056e+01   7.75677e-02   3.12132e-05   6.13961e-02
  21  wCBO_linCoeff   0.00000e+00   constant   
  22  wCBO_const  -1.14919e-03   1.20888e-03   5.51292e-06   6.20999e-01
 EXTERNAL ERROR MATRIX.    NDIM=  25    NPAR=  5    ERR DEF=1
  4.210e-07  3.568e-05  5.473e-06 -2.393e-06  1.070e-08 
  3.568e-05  4.014e+01 -5.746e+00 -8.802e-02  8.546e-04 
  5.473e-06 -5.746e+00  9.399e-01 -1.350e-02  1.309e-04 
 -2.393e-06 -8.802e-02 -1.350e-02  6.017e-03 -6.162e-05 
  1.070e-08  8.546e-04  1.309e-04 -6.162e-05  1.461e-06 
 PARAMETER  CORRELATION COEFFICIENTS  
       NO.  GLOBAL     14     18     19     20     22
       14  0.05305   1.000  0.009  0.009 -0.048  0.014
       18  0.99983   0.009  1.000 -0.935 -0.179  0.112
       19  0.99983   0.009 -0.935  1.000 -0.179  0.112
       20  0.99875  -0.048 -0.179 -0.179  1.000 -0.657
       22  0.82446   0.014  0.112  0.112 -0.657  1.000
MINUIT - FIT ALTOGETHER
 **********
 **   92 **RES 
 **********
                   PARAMETER    8  phi_CBO RESTORED TO VARIABLE.
                   PARAMETER    7  w_CBO RESTORED TO VARIABLE.
                   PARAMETER    6  A_CBO RESTORED TO VARIABLE.
                   PARAMETER    4  phi RESTORED TO VARIABLE.
                   PARAMETER    3  A0 RESTORED TO VARIABLE.
                   PARAMETER    1  N0 RESTORED TO VARIABLE.
 **********
 **   93 **MIGRAD
 **********
 START MIGRAD MINIMIZATION.  STRATEGY  1.  CONVERGENCE WHEN EDM .LT. 1.00e-04
 FCN=271.541 FROM MIGRAD    STATUS=INITIATE       22 CALLS         880 TOTAL
                     EDM= unknown      STRATEGY= 1      NO ERROR MATRIX       
  EXT PARAMETER               CURRENT GUESS       STEP         FIRST   
  NO.   NAME      VALUE            ERROR          SIZE      DERIVATIVE 
   1  N0           2.79179e+06   1.28375e+03   1.28375e+03  -1.77881e-04
   2  tau          6.43930e+01   constant   
   3  A0           3.56980e-01   6.02957e-04   6.02957e-04   2.01857e+02
   4  phi          4.11770e+00   1.76192e-03   1.76192e-03  -4.01140e+00
   5  R           -6.11314e+01   constant   
   6  A_CBO        8.00389e-04   6.47419e-04   6.47419e-04   1.12951e+02
   7  w_CBO        2.31804e+00   9.10431e-03   9.10431e-03   4.51251e-01
   8  phi_CBO      2.52276e+00   1.36876e+00   1.36876e+00  -6.82008e-04
   9  ANx2         3.99781e-04   constant   
  10  pNx2         4.45174e+00   constant   
  11  ANy1         0.00000e+00   constant   
  12  pNy1         0.00000e+00   constant   
  13  w_y          0.00000e+00   constant   
  14  ANy2         1.41936e-04   6.48837e-04   5.22287e-06  -1.20089e-02
  15  pNy2         4.41741e+00   constant   
  16  w_vw         1.43026e+01   constant   
  17  LM          -4.33674e-04   constant   
  18  wCBO_expCoeff   1.97418e+02   6.33585e+00   9.52790e-04   2.18539e-03
  19  wCBO_expOffset   1.99545e+02   9.69472e-01   1.45780e-04   1.42855e-02
  20  wCBO_expT    3.02056e+01   7.75677e-02   3.12132e-05   6.06200e-02
