 + ++++++++++++++++++++++++++++++++++++++++++++++++++++++++++++++++++++ +
 +                                                                      +
 +           You have chose to blind your fitting according to          +
 +                omega_ref * (1 + (R +/- deltaR) *10^{-6})             +
 +                                                                      +
 + ++++++++++++++++++++++++++++++++++++++++++++++++++++++++++++++++++++ +
In main()...
reading format from /gm2data/zkhechad/run45/envelope/formats/formatB_sBin_constraintOn.txt
pBinTau 	= 0  
pBinPhi 	= 0  
constraintau 	= 1 
includeMopTerm 	= 0    
constrainMop    = 0   
Parameters after format file: pBinTau 0 pBinPhi 0 constraintau 1 includeMopTerm 0 constrainMop 0 c_e_scale 0.000000 
reading cbo reference file (full fit) from /gm2data/zkhechad/cboTemplates/Run4CBOTemplates/fullFits/run4/sBin_constraintOn_cE0.0_seed0_run4_calo24.root
A_CBO 0.008786 w_CBO 2.327157 phi_CBO 2.253382 N0 3075736.764901 R -61.041197 tau 64.406859 
Reading cboRef file /gm2data/zkhechad/cboTemplates/Run4CBOTemplates//cboIsolate/run4_calo24.root
deltaT 164.120000
windowBins = 1100
fitting sliding window 2200 from bin 2403 at 358.527600 to bin 3503 at 522.647600 (1100 bins)

Reading data from /gm2data/cornell/histograms/aMethod/histogram_a_run4.root
fitting cbo isolate
 **********
 **    1 **SET PRINTOUT            1
 **********
 **********
 **    2 **SET NOWARNINGS 
 **********
 PARAMETER DEFINITIONS:
    NO.   NAME         VALUE      STEP SIZE      LIMITS
     1 A_CBO        8.78574e-03  1.00000e-05     no limits
     2 w_CBO        2.32716e+00  1.00000e-02    2.00000e+00  3.00000e+00
     3 phi_CBO      2.25338e+00  1.00000e-02    0.00000e+00  6.28319e+00
 **********
 **    3 **MIGRAD
 **********
 FIRST CALL TO USER FUNCTION AT NEW START POINT, WITH IFLAG=4.
 START MIGRAD MINIMIZATION.  STRATEGY  1.  CONVERGENCE WHEN EDM .LT. 1.00e-04
 FCN=0.197716 FROM MIGRAD    STATUS=INITIATE       12 CALLS          13 TOTAL
                     EDM= unknown      STRATEGY= 1      NO ERROR MATRIX       
  EXT PARAMETER               CURRENT GUESS       STEP         FIRST   
  NO.   NAME      VALUE            ERROR          SIZE      DERIVATIVE 
   1  A_CBO        8.78574e-03   1.00000e-05   1.00000e-05   7.18618e+00
   2  w_CBO        2.32716e+00   1.00000e-02   2.13163e-02   2.41221e+00
   3  phi_CBO      2.25338e+00   1.00000e-02   3.31850e-03  -3.40609e-02
 MIGRAD MINIMIZATION HAS CONVERGED.
 MIGRAD WILL VERIFY CONVERGENCE AND ERROR MATRIX.
 COVARIANCE MATRIX CALCULATED SUCCESSFULLY
 FCN=0.173534 FROM MIGRAD    STATUS=CONVERGED      60 CALLS          61 TOTAL
                     EDM=5.61575e-05    STRATEGY= 1      ERROR MATRIX ACCURATE 
  EXT PARAMETER                                   STEP         FIRST   
  NO.   NAME      VALUE            ERROR          SIZE      DERIVATIVE 
   1  A_CBO        2.55083e-03   4.32890e-02   2.25403e-05  -1.44287e-02
   2  w_CBO        2.32661e+00   3.29468e-01   4.66471e-05   2.09290e-02
   3  phi_CBO      2.48394e+00   3.46071e+00   3.14604e-03  -1.10585e-04
 EXTERNAL ERROR MATRIX.    NDIM=  25    NPAR=  3    ERR DEF=1
  1.874e-03 -2.826e-03 -1.256e+00 
 -2.826e-03  1.334e-01  5.938e+01 
 -1.256e+00  5.938e+01  2.670e+04 
 PARAMETER  CORRELATION COEFFICIENTS  
       NO.  GLOBAL      1      2      3
        1  0.17872   1.000 -0.179 -0.178
        2  0.99477  -0.179  1.000  0.995
        3  0.99477  -0.178  0.995  1.000
setting A_CBO=0.002551 w_CBO=2.326613, phi_CBO=2.483936
done fitting cbo isolate
 **********
 **    1 **SET PRINTOUT            1
 **********
 **********
 **    2 **SET NOWARNINGS 
 **********
 PARAMETER DEFINITIONS:
    NO.   NAME         VALUE      STEP SIZE      LIMITS
     1 N0           3.07574e+06  1.00000e+02     no limits
     2 tau          6.44069e+01  constant
     3 A0           3.65045e-01  1.00000e-04     no limits
     4 phi          4.11943e+00  1.00000e-02     no limits
     5 R           -6.10412e+01  constant
     6 A_CBO        2.55083e-03  1.00000e-05     no limits
     7 w_CBO        2.32661e+00  1.00000e-03     no limits
     8 phi_CBO      2.48394e+00  1.00000e-04     no limits
     9 ANx2         1.88981e-04  constant
    10 pNx2         1.59299e+00  constant
    11 ANy1         0.00000e+00  constant
    12 pNy1         0.00000e+00  constant
    13 w_y          0.00000e+00  constant
    14 ANy2         1.39657e-02  1.00000e-04     no limits
    15 pNy2         4.84726e+00  constant
    16 w_vw         1.43184e+01  constant
    17 LM           1.57605e-04  constant
    18 wCBO_expCoeff   2.00000e+02  1.00000e+00     no limits
    19 wCBO_expOffset   2.00000e+02  1.00000e+00     no limits
    20 wCBO_expT    3.00000e+01  1.00000e+00     no limits
    21 wCBO_linCoeff   0.00000e+00  constant
    22 wCBO_const   0.00000e+00  1.00000e-02     no limits
MINUIT - FIT ONLY WIGGLE
 **********
 **    3 **FIX            5
 **********
 PARAMETER    5  IS CONSTANT.   IGNORED.
 **********
 **    4 **FIX            6
 **********
 **********
 **    5 **FIX            7
 **********
 **********
 **    6 **FIX            8
 **********
 **********
 **    7 **FIX            9
 **********
 PARAMETER    9  IS CONSTANT.   IGNORED.
 **********
 **    8 **FIX           10
 **********
 PARAMETER   10  IS CONSTANT.   IGNORED.
 **********
 **    9 **FIX           11
 **********
 PARAMETER   11  IS CONSTANT.   IGNORED.
 **********
 **   10 **FIX           12
 **********
 PARAMETER   12  IS CONSTANT.   IGNORED.
 **********
 **   11 **FIX           13
 **********
 PARAMETER   13  IS CONSTANT.   IGNORED.
 **********
 **   12 **FIX           14
 **********
 **********
 **   13 **FIX           15
 **********
 PARAMETER   15  IS CONSTANT.   IGNORED.
 **********
 **   14 **FIX           16
 **********
 PARAMETER   16  IS CONSTANT.   IGNORED.
 **********
 **   15 **MIGRAD
 **********
 FIRST CALL TO USER FUNCTION AT NEW START POINT, WITH IFLAG=4.
 START MIGRAD MINIMIZATION.  STRATEGY  1.  CONVERGENCE WHEN EDM .LT. 1.00e-04
 FCN=694.199 FROM MIGRAD    STATUS=INITIATE       30 CALLS          31 TOTAL
                     EDM= unknown      STRATEGY= 1      NO ERROR MATRIX       
  EXT PARAMETER               CURRENT GUESS       STEP         FIRST   
  NO.   NAME      VALUE            ERROR          SIZE      DERIVATIVE 
   1  N0           3.07574e+06   1.00000e+02   1.00000e+02  -4.14438e-04
   2  tau          6.44069e+01   constant   
   3  A0           3.65045e-01   1.00000e-04   1.00000e-04   7.55857e+02
   4  phi          4.11943e+00   1.00000e-02   1.00000e-02  -1.54958e+02
   5  R           -6.10412e+01   constant   
   6  A_CBO        2.55083e-03     fixed    
   7  w_CBO        2.32661e+00     fixed    
   8  phi_CBO      2.48394e+00     fixed    
   9  ANx2         1.88981e-04   constant   
  10  pNx2         1.59299e+00   constant   
  11  ANy1         0.00000e+00   constant   
  12  pNy1         0.00000e+00   constant   
  13  w_y          0.00000e+00   constant   
  14  ANy2         1.39657e-02     fixed    
  15  pNy2         4.84726e+00   constant   
  16  w_vw         1.43184e+01   constant   
  17  LM           1.57605e-04   constant   
  18  wCBO_expCoeff   2.00000e+02   1.00000e+00   1.00000e+00   9.43905e+00
  19  wCBO_expOffset   2.00000e+02   1.00000e+00   1.00000e+00   6.29263e+01
  20  wCBO_expT    3.00000e+01   1.00000e+00   1.00000e+00   3.68636e+02
  21  wCBO_linCoeff   0.00000e+00   constant   
  22  wCBO_const   0.00000e+00   1.00000e-02   1.00000e-02   2.73520e+03
 MIGRAD MINIMIZATION HAS CONVERGED.
 FCN=690.473 FROM MIGRAD    STATUS=CONVERGED     334 CALLS         335 TOTAL
                     EDM=1.39879e-07    STRATEGY= 1  ERROR MATRIX UNCERTAINTY   0.3 per cent
  EXT PARAMETER                                   STEP         FIRST   
  NO.   NAME      VALUE            ERROR          SIZE      DERIVATIVE 
   1  N0           3.07603e+06   1.66035e+03  -3.79246e+00   2.82953e-08
   2  tau          6.44069e+01   constant   
   3  A0           3.65061e-01   7.25858e-04  -4.26131e-06   4.36614e-01
   4  phi          4.11996e+00   2.09736e-03   5.23966e-06   2.28191e-01
   5  R           -6.10412e+01   constant   
   6  A_CBO        2.55083e-03     fixed    
   7  w_CBO        2.32661e+00     fixed    
   8  phi_CBO      2.48394e+00     fixed    
   9  ANx2         1.88981e-04   constant   
  10  pNx2         1.59299e+00   constant   
  11  ANy1         0.00000e+00   constant   
  12  pNy1         0.00000e+00   constant   
  13  w_y          0.00000e+00   constant   
  14  ANy2         1.39657e-02     fixed    
  15  pNy2         4.84726e+00   constant   
  16  w_vw         1.43184e+01   constant   
  17  LM           1.57605e-04   constant   
  18  wCBO_expCoeff   1.94979e+02   2.99297e+00  -2.35848e-03  -6.96710e-04
  19  wCBO_expOffset   1.99250e+02   4.46989e-01  -3.49919e-04  -4.48391e-03
  20  wCBO_expT    3.02593e+01   1.66877e-01   1.34440e-04  -2.92188e-02
  21  wCBO_linCoeff   0.00000e+00   constant   
  22  wCBO_const   3.12818e-05   7.93766e-04  -1.38167e-06  -9.00647e-01
 EXTERNAL ERROR MATRIX.    NDIM=  25    NPAR=  7    ERR DEF=1
  2.757e+06  9.162e-03 -4.781e-02  3.970e+02  5.942e+01 -2.150e+01 -5.292e-02 
  9.162e-03  5.269e-07  4.513e-08 -2.159e-04 -3.217e-05  1.159e-05  2.771e-08 
 -4.781e-02  4.513e-08  4.399e-06 -7.664e-04 -1.135e-04  4.127e-05  4.855e-08 
  3.970e+02 -2.159e-04 -7.664e-04  8.958e+00  1.326e+00 -4.979e-01  1.346e-03 
  5.942e+01 -3.217e-05 -1.135e-04  1.326e+00  1.998e-01 -7.436e-02  2.009e-04 
 -2.150e+01  1.159e-05  4.127e-05 -4.979e-01 -7.436e-02  2.785e-02 -7.852e-05 
 -5.292e-02  2.771e-08  4.855e-08  1.346e-03  2.009e-04 -7.852e-05  6.301e-07 
 PARAMETER  CORRELATION COEFFICIENTS  
       NO.  GLOBAL      1      3      4     18     19     20     22
        1  0.13732   1.000  0.008 -0.014  0.080  0.080 -0.078 -0.040
        3  0.16427   0.008  1.000  0.030 -0.099 -0.099  0.096  0.048
        4  0.17108  -0.014  0.030  1.000 -0.122 -0.121  0.118  0.029
       18  0.99846   0.080 -0.099 -0.122  1.000  0.991 -0.997  0.567
       19  0.99842   0.080 -0.099 -0.121  0.991  1.000 -0.997  0.566
       20  0.99954  -0.078  0.096  0.118 -0.997 -0.997  1.000 -0.593
       22  0.82395  -0.040  0.048  0.029  0.567  0.566 -0.593  1.000
MINUIT - FIT ONLY 1-CBO + other amplitudes 
 **********
 **   16 **RES 
 **********
                   PARAMETER   14  ANy2 RESTORED TO VARIABLE.
                   PARAMETER    8  phi_CBO RESTORED TO VARIABLE.
                   PARAMETER    7  w_CBO RESTORED TO VARIABLE.
                   PARAMETER    6  A_CBO RESTORED TO VARIABLE.
 **********
 **   17 **FIX            0
 **********
 PARAMETER    0  IS UNDEFINED. IGNORED.
 **********
 **   18 **FIX            1
 **********
 **********
 **   19 **FIX            2
 **********
 PARAMETER    2  IS CONSTANT.   IGNORED.
 **********
 **   20 **FIX            3
 **********
 **********
 **   21 **FIX            4
 **********
 **********
 **   22 **FIX            9
 **********
 PARAMETER    9  IS CONSTANT.   IGNORED.
 **********
 **   23 **FIX           11
 **********
 PARAMETER   11  IS CONSTANT.   IGNORED.
 **********
 **   24 **FIX           12
 **********
 PARAMETER   12  IS CONSTANT.   IGNORED.
 **********
 **   25 **FIX           14
 **********
 **********
 **   26 **FIX           15
 **********
 PARAMETER   15  IS CONSTANT.   IGNORED.
 **********
 **   27 **FIX           16
 **********
 PARAMETER   16  IS CONSTANT.   IGNORED.
 **********
 **   28 **MIGRAD
 **********
 START MIGRAD MINIMIZATION.  STRATEGY  1.  CONVERGENCE WHEN EDM .LT. 1.00e-04
 FCN=690.473 FROM MIGRAD    STATUS=INITIATE       20 CALLS         355 TOTAL
                     EDM= unknown      STRATEGY= 1      NO ERROR MATRIX       
  EXT PARAMETER               CURRENT GUESS       STEP         FIRST   
  NO.   NAME      VALUE            ERROR          SIZE      DERIVATIVE 
   1  N0           3.07603e+06     fixed    
   2  tau          6.44069e+01   constant   
   3  A0           3.65061e-01     fixed    
   4  phi          4.11996e+00     fixed    
   5  R           -6.10412e+01   constant   
   6  A_CBO        2.55083e-03   1.00000e-05   1.00000e-05   5.20637e+03
   7  w_CBO        2.32661e+00   1.00000e-03   1.00000e-03  -4.48412e-01
   8  phi_CBO      2.48394e+00   1.00000e-04   1.00000e-04  -2.10785e-01
   9  ANx2         1.88981e-04   constant   
  10  pNx2         1.59299e+00   constant   
  11  ANy1         0.00000e+00   constant   
  12  pNy1         0.00000e+00   constant   
  13  w_y          0.00000e+00   constant   
  14  ANy2         1.39657e-02     fixed    
  15  pNy2         4.84726e+00   constant   
  16  w_vw         1.43184e+01   constant   
  17  LM           1.57605e-04   constant   
  18  wCBO_expCoeff   1.94979e+02   2.99297e+00  -2.35848e-03  -6.96668e-04
  19  wCBO_expOffset   1.99250e+02   4.46989e-01  -3.49919e-04  -4.48361e-03
  20  wCBO_expT    3.02593e+01   1.66877e-01   1.34440e-04  -2.92174e-02
  21  wCBO_linCoeff   0.00000e+00   constant   
  22  wCBO_const   3.12818e-05   7.93766e-04  -1.38167e-06  -9.00645e-01
 MIGRAD MINIMIZATION HAS CONVERGED.
 MIGRAD WILL VERIFY CONVERGENCE AND ERROR MATRIX.
 FCN=685.97 FROM HESSE     STATUS=NOT POSDEF     50 CALLS         702 TOTAL
                     EDM=0.174132    STRATEGY= 1      ERR MATRIX NOT POS-DEF
  EXT PARAMETER                APPROXIMATE        STEP         FIRST   
  NO.   NAME      VALUE            ERROR          SIZE      DERIVATIVE 
   1  N0           3.07603e+06     fixed    
   2  tau          6.44069e+01   constant   
   3  A0           3.65061e-01     fixed    
   4  phi          4.11996e+00     fixed    
   5  R           -6.10412e+01   constant   
   6  A_CBO        7.73823e-04   8.55860e-04   9.82505e-06  -2.44609e+02
   7  w_CBO        2.32823e+00   9.39761e-03   1.42724e-05  -3.45946e+02
   8  phi_CBO      4.12022e+00   1.39050e+00   1.20051e-02   6.11928e-01
   9  ANx2         1.88981e-04   constant   
  10  pNx2         1.59299e+00   constant   
  11  ANy1         0.00000e+00   constant   
  12  pNy1         0.00000e+00   constant   
  13  w_y          0.00000e+00   constant   
  14  ANy2         1.39657e-02     fixed    
  15  pNy2         4.84726e+00   constant   
  16  w_vw         1.43184e+01   constant   
  17  LM           1.57605e-04   constant   
  18  wCBO_expCoeff   1.96040e+02   2.65516e+00   3.08357e-03  -1.07375e+00
  19  wCBO_expOffset   1.99415e+02   4.12946e-01   4.75124e-04  -6.96913e+00
  20  wCBO_expT    3.02043e+01   6.96669e-02   8.49012e-05  -3.54974e+01
  21  wCBO_linCoeff   0.00000e+00   constant   
  22  wCBO_const   8.33367e-05   4.12836e-03   9.40824e-06  -5.94896e+02
 MIGRAD MINIMIZATION HAS CONVERGED.
 MIGRAD WILL VERIFY CONVERGENCE AND ERROR MATRIX.
 COVARIANCE MATRIX CALCULATED SUCCESSFULLY
 FCN=685.607 FROM MIGRAD    STATUS=CONVERGED     499 CALLS         834 TOTAL
                     EDM=5.76203e-06    STRATEGY= 1      ERROR MATRIX ACCURATE 
  EXT PARAMETER                                   STEP         FIRST   
  NO.   NAME      VALUE            ERROR          SIZE      DERIVATIVE 
   1  N0           3.07603e+06     fixed    
   2  tau          6.44069e+01   constant   
   3  A0           3.65061e-01     fixed    
   4  phi          4.11996e+00     fixed    
   5  R           -6.10412e+01   constant   
   6  A_CBO        9.24636e-04   7.64869e-04   9.76321e-06  -3.22494e+00
   7  w_CBO        2.32999e+00   3.18267e-02   1.29482e-05   2.85546e-01
   8  phi_CBO      4.11318e+00   1.27262e+00   1.05700e-02   1.55070e-03
   9  ANx2         1.88981e-04   constant   
  10  pNx2         1.59299e+00   constant   
  11  ANy1         0.00000e+00   constant   
  12  pNy1         0.00000e+00   constant   
  13  w_y          0.00000e+00   constant   
  14  ANy2         1.39657e-02     fixed    
  15  pNy2         4.84726e+00   constant   
  16  w_vw         1.43184e+01   constant   
  17  LM           1.57605e-04   constant   
  18  wCBO_expCoeff   1.97788e+02   3.58151e+00   2.90609e-03   2.16509e-03
  19  wCBO_expOffset   1.99686e+02   5.45436e-01   4.42214e-04   1.42276e-02
  20  wCBO_expT    3.00989e+01   9.62218e-02   7.89567e-05   8.66746e-02
  21  wCBO_linCoeff   0.00000e+00   constant   
  22  wCBO_const   4.35359e-05   1.36078e-02   8.27434e-06   2.37001e-01
 EXTERNAL ERROR MATRIX.    NDIM=  25    NPAR=  7    ERR DEF=1
  5.850e-07  2.254e-08 -2.070e-05 -3.415e-05 -5.208e-06  1.396e-06 -2.285e-09 
  2.254e-08  1.013e-03  1.773e-03 -2.975e-02 -4.559e-03 -7.358e-04 -4.307e-04 
 -2.070e-05  1.773e-03  1.620e+00  3.218e-01  4.898e-02 -2.241e-02  2.995e-04 
 -3.415e-05 -2.975e-02  3.218e-01  1.283e+01 -8.445e-01 -1.326e-01  1.346e-02 
 -5.208e-06 -4.559e-03  4.898e-02 -8.445e-01  2.975e-01 -2.018e-02  2.062e-03 
  1.396e-06 -7.358e-04 -2.241e-02 -1.326e-01 -2.018e-02  9.259e-03  2.579e-04 
 -2.285e-09 -4.307e-04  2.995e-04  1.346e-02  2.062e-03  2.579e-04  1.852e-04 
 PARAMETER  CORRELATION COEFFICIENTS  
       NO.  GLOBAL      6      7      8     18     19     20     22
        6  0.06954   1.000  0.001 -0.021 -0.012 -0.012  0.019 -0.000
        7  0.99950   0.001  1.000  0.044 -0.261 -0.263 -0.240 -0.994
        8  0.76179  -0.021  0.044  1.000  0.071  0.071 -0.183  0.017
       18  0.99799  -0.012 -0.261  0.071  1.000 -0.432 -0.385  0.276
       19  0.99800  -0.012 -0.263  0.071 -0.432  1.000 -0.385  0.278
       20  0.99795   0.019 -0.240 -0.183 -0.385 -0.385  1.000  0.197
       22  0.99887  -0.000 -0.994  0.017  0.276  0.278  0.197  1.000
MINUIT - FIT ONLY 1-CBO
 **********
 **   29 **RES 
 **********
                   PARAMETER   14  ANy2 RESTORED TO VARIABLE.
                   PARAMETER    4  phi RESTORED TO VARIABLE.
                   PARAMETER    3  A0 RESTORED TO VARIABLE.
                   PARAMETER    1  N0 RESTORED TO VARIABLE.
 **********
 **   30 **FIX            0
 **********
 PARAMETER    0  IS UNDEFINED. IGNORED.
 **********
 **   31 **FIX            1
 **********
 **********
 **   32 **FIX            2
 **********
 PARAMETER    2  IS CONSTANT.   IGNORED.
 **********
 **   33 **FIX            3
 **********
 **********
 **   34 **FIX            4
 **********
 **********
 **   35 **FIX            8
 **********
 **********
 **   36 **FIX            9
 **********
 PARAMETER    9  IS CONSTANT.   IGNORED.
 **********
 **   37 **FIX           11
 **********
 PARAMETER   11  IS CONSTANT.   IGNORED.
 **********
 **   38 **FIX           12
 **********
 PARAMETER   12  IS CONSTANT.   IGNORED.
 **********
 **   39 **FIX           13
 **********
 PARAMETER   13  IS CONSTANT.   IGNORED.
 **********
 **   40 **FIX           15
 **********
 PARAMETER   15  IS CONSTANT.   IGNORED.
 **********
 **   41 **FIX           16
 **********
 PARAMETER   16  IS CONSTANT.   IGNORED.
 **********
 **   42 **MIGRAD
 **********
 START MIGRAD MINIMIZATION.  STRATEGY  1.  CONVERGENCE WHEN EDM .LT. 1.00e-04
 FCN=685.607 FROM MIGRAD    STATUS=INITIATE       16 CALLS         850 TOTAL
                     EDM= unknown      STRATEGY= 1      NO ERROR MATRIX       
  EXT PARAMETER               CURRENT GUESS       STEP         FIRST   
  NO.   NAME      VALUE            ERROR          SIZE      DERIVATIVE 
   1  N0           3.07603e+06     fixed    
   2  tau          6.44069e+01   constant   
   3  A0           3.65061e-01     fixed    
   4  phi          4.11996e+00     fixed    
   5  R           -6.10412e+01   constant   
   6  A_CBO        9.24636e-04   7.64869e-04   9.76321e-06  -3.22494e+00
   7  w_CBO        2.32999e+00   3.18267e-02   1.29482e-05   2.82329e-01
   8  phi_CBO      4.11318e+00     fixed    
   9  ANx2         1.88981e-04   constant   
  10  pNx2         1.59299e+00   constant   
  11  ANy1         0.00000e+00   constant   
  12  pNy1         0.00000e+00   constant   
  13  w_y          0.00000e+00   constant   
  14  ANy2         1.39657e-02   1.00000e-04   1.00000e-04   4.98426e+04
  15  pNy2         4.84726e+00   constant   
  16  w_vw         1.43184e+01   constant   
  17  LM           1.57605e-04   constant   
  18  wCBO_expCoeff   1.97788e+02   3.58151e+00   2.90609e-03   2.11643e-03
  19  wCBO_expOffset   1.99686e+02   5.45436e-01   4.42214e-04   1.39131e-02
  20  wCBO_expT    3.00989e+01   9.62218e-02   7.89567e-05   8.53729e-02
  21  wCBO_linCoeff   0.00000e+00   constant   
  22  wCBO_const   4.35359e-05   1.36078e-02   8.27434e-06   2.37240e-01
 MIGRAD MINIMIZATION HAS CONVERGED.
 MIGRAD WILL VERIFY CONVERGENCE AND ERROR MATRIX.
 FCN=322.283 FROM MIGRAD    STATUS=CONVERGED     361 CALLS        1195 TOTAL
                     EDM=3.36823e-07    STRATEGY= 1      ERR MATRIX NOT POS-DEF
  EXT PARAMETER                APPROXIMATE        STEP         FIRST   
  NO.   NAME      VALUE            ERROR          SIZE      DERIVATIVE 
   1  N0           3.07603e+06     fixed    
   2  tau          6.44069e+01   constant   
   3  A0           3.65061e-01     fixed    
   4  phi          4.11996e+00     fixed    
   5  R           -6.10412e+01   constant   
   6  A_CBO        8.71776e-04   7.82091e-04   6.73426e-06  -2.93794e-01
   7  w_CBO        2.33507e+00   1.26050e-02   9.26183e-06  -7.51893e-02
   8  phi_CBO      4.11318e+00     fixed    
   9  ANx2         1.88981e-04   constant   
  10  pNx2         1.59299e+00   constant   
  11  ANy1         0.00000e+00   constant   
  12  pNy1         0.00000e+00   constant   
  13  w_y          0.00000e+00   constant   
  14  ANy2        -6.13399e-04   7.61153e-04   6.69574e-06   8.82645e-01
  15  pNy2         4.84726e+00   constant   
  16  w_vw         1.43184e+01   constant   
  17  LM           1.57605e-04   constant   
  18  wCBO_expCoeff   2.01675e+02   2.62965e+00   2.31570e-03   4.45612e-04
  19  wCBO_expOffset   2.00277e+02   3.89433e-01   3.42855e-04   3.00955e-03
  20  wCBO_expT    2.98623e+01   6.56234e-02   6.11272e-05   1.83351e-02
  21  wCBO_linCoeff   0.00000e+00   constant   
  22  wCBO_const  -1.34583e-03   5.39602e-03   5.43748e-06  -2.65642e-01
 EXTERNAL ERROR MATRIX.    NDIM=  25    NPAR=  7    ERR DEF=1
  6.117e-07 -1.334e-07 -2.046e-08 -3.721e-05 -5.506e-06  3.327e-06 -9.414e-08 
 -1.334e-07  1.589e-04  8.602e-11 -4.861e-03 -7.214e-04 -1.124e-04 -6.696e-05 
 -2.046e-08  8.602e-11  5.794e-07 -2.471e-06 -3.659e-07  1.969e-07  4.413e-09 
 -3.721e-05 -4.861e-03 -2.471e-06  6.915e+00 -5.637e-01 -7.269e-02  2.364e-03 
 -5.506e-06 -7.214e-04 -3.659e-07 -5.637e-01  1.517e-01 -1.077e-02  3.508e-04 
  3.327e-06 -1.124e-04  1.969e-07 -7.269e-02 -1.077e-02  4.306e-03  2.366e-05 
 -9.414e-08 -6.696e-05  4.413e-09  2.364e-03  3.508e-04  2.366e-05  2.912e-05 
ERR MATRIX NOT POS-DEF
 PARAMETER  CORRELATION COEFFICIENTS  
       NO.  GLOBAL      6      7     14     18     19     20     22
        6  0.20838   1.000 -0.014 -0.034 -0.018 -0.018  0.065 -0.022
        7  0.99651  -0.014  1.000  0.000 -0.147 -0.147 -0.136 -0.985
       14  0.03936  -0.034  0.000  1.000 -0.001 -0.001  0.004  0.001
       18  0.99499  -0.018 -0.147 -0.001  1.000 -0.550 -0.421  0.167
       19  0.99500  -0.018 -0.147 -0.001 -0.550  1.000 -0.421  0.167
       20  0.99440   0.065 -0.136  0.004 -0.421 -0.421  1.000  0.067
       22  0.99343  -0.022 -0.985  0.001  0.167  0.167  0.067  1.000
 ERR MATRIX NOT POS-DEF
MINUIT - FIT ONLY 2-CBO
 **********
 **   43 **RES 
 **********
                   PARAMETER    8  phi_CBO RESTORED TO VARIABLE.
                   PARAMETER    4  phi RESTORED TO VARIABLE.
                   PARAMETER    3  A0 RESTORED TO VARIABLE.
                   PARAMETER    1  N0 RESTORED TO VARIABLE.
 **********
 **   44 **FIX            0
 **********
 PARAMETER    0  IS UNDEFINED. IGNORED.
 **********
 **   45 **FIX            1
 **********
 **********
 **   46 **FIX            2
 **********
 PARAMETER    2  IS CONSTANT.   IGNORED.
 **********
 **   47 **FIX            3
 **********
 **********
 **   48 **FIX            4
 **********
 **********
 **   49 **FIX            5
 **********
 PARAMETER    5  IS CONSTANT.   IGNORED.
 **********
 **   50 **FIX            6
 **********
 **********
 **   51 **FIX            7
 **********
 **********
 **   52 **FIX           10
 **********
 PARAMETER   10  IS CONSTANT.   IGNORED.
 **********
 **   53 **FIX           11
 **********
 PARAMETER   11  IS CONSTANT.   IGNORED.
 **********
 **   54 **FIX           12
 **********
 PARAMETER   12  IS CONSTANT.   IGNORED.
 **********
 **   55 **FIX           13
 **********
 PARAMETER   13  IS CONSTANT.   IGNORED.
 **********
 **   56 **FIX           14
 **********
 **********
 **   57 **FIX           15
 **********
 PARAMETER   15  IS CONSTANT.   IGNORED.
 **********
 **   58 **FIX           16
 **********
 PARAMETER   16  IS CONSTANT.   IGNORED.
 **********
 **   59 **MIGRAD
 **********
 START MIGRAD MINIMIZATION.  STRATEGY  1.  CONVERGENCE WHEN EDM .LT. 1.00e-04
 FCN=322.283 FROM MIGRAD    STATUS=INITIATE       10 CALLS        1205 TOTAL
                     EDM= unknown      STRATEGY= 1      NO ERROR MATRIX       
  EXT PARAMETER               CURRENT GUESS       STEP         FIRST   
  NO.   NAME      VALUE            ERROR          SIZE      DERIVATIVE 
   1  N0           3.07603e+06     fixed    
   2  tau          6.44069e+01   constant   
   3  A0           3.65061e-01     fixed    
   4  phi          4.11996e+00     fixed    
   5  R           -6.10412e+01   constant   
   6  A_CBO        8.71776e-04     fixed    
   7  w_CBO        2.33507e+00     fixed    
   8  phi_CBO      4.11318e+00   1.27262e+00   1.27262e+00  -4.29222e-01
   9  ANx2         1.88981e-04   constant   
  10  pNx2         1.59299e+00   constant   
  11  ANy1         0.00000e+00   constant   
  12  pNy1         0.00000e+00   constant   
  13  w_y          0.00000e+00   constant   
  14  ANy2        -6.13399e-04     fixed    
  15  pNy2         4.84726e+00   constant   
  16  w_vw         1.43184e+01   constant   
  17  LM           1.57605e-04   constant   
  18  wCBO_expCoeff   2.01675e+02   2.62965e+00   2.31570e-03   4.36195e-04
  19  wCBO_expOffset   2.00277e+02   3.89433e-01   3.42855e-04   2.94842e-03
  20  wCBO_expT    2.98623e+01   6.56234e-02   6.11272e-05   1.80829e-02
  21  wCBO_linCoeff   0.00000e+00   constant   
  22  wCBO_const  -1.34583e-03   5.39602e-03   5.43748e-06  -2.55933e-01
 MIGRAD MINIMIZATION HAS CONVERGED.
 MIGRAD WILL VERIFY CONVERGENCE AND ERROR MATRIX.
 COVARIANCE MATRIX CALCULATED SUCCESSFULLY
 FCN=322.219 FROM HESSE     STATUS=OK             31 CALLS        1283 TOTAL
                     EDM=0.00115853    STRATEGY= 1      ERROR MATRIX ACCURATE 
  EXT PARAMETER                                   STEP         FIRST   
  NO.   NAME      VALUE            ERROR          SIZE      DERIVATIVE 
   1  N0           3.07603e+06     fixed    
   2  tau          6.44069e+01   constant   
   3  A0           3.65061e-01     fixed    
   4  phi          4.11996e+00     fixed    
   5  R           -6.10412e+01   constant   
   6  A_CBO        8.71776e-04     fixed    
   7  w_CBO        2.33507e+00     fixed    
   8  phi_CBO      4.41229e+00   1.18422e+00   7.51484e-03   1.59725e-03
   9  ANx2         1.88981e-04   constant   
  10  pNx2         1.59299e+00   constant   
  11  ANy1         0.00000e+00   constant   
  12  pNy1         0.00000e+00   constant   
  13  w_y          0.00000e+00   constant   
  14  ANy2        -6.13399e-04     fixed    
  15  pNy2         4.84726e+00   constant   
  16  w_vw         1.43184e+01   constant   
  17  LM           1.57605e-04   constant   
  18  wCBO_expCoeff   2.01682e+02   4.59709e+00   2.33664e-03  -1.05445e-02
  19  wCBO_expOffset   2.00278e+02   6.80983e-01   3.45980e-04  -7.12144e-02
  20  wCBO_expT    2.98625e+01   1.00327e-01   6.16979e-05   2.81488e-01
  21  wCBO_linCoeff   0.00000e+00   constant   
  22  wCBO_const  -1.24017e-03   1.05211e-03   5.28526e-06  -2.71245e+00
 MIGRAD MINIMIZATION HAS CONVERGED.
 FCN=322.216 FROM MIGRAD    STATUS=CONVERGED     100 CALLS        1295 TOTAL
                     EDM=1.02646e-06    STRATEGY= 1  ERROR MATRIX UNCERTAINTY   4.6 per cent
  EXT PARAMETER                                   STEP         FIRST   
  NO.   NAME      VALUE            ERROR          SIZE      DERIVATIVE 
   1  N0           3.07603e+06     fixed    
   2  tau          6.44069e+01   constant   
   3  A0           3.65061e-01     fixed    
   4  phi          4.11996e+00     fixed    
   5  R           -6.10412e+01   constant   
   6  A_CBO        8.71776e-04     fixed    
   7  w_CBO        2.33507e+00     fixed    
   8  phi_CBO      4.42290e+00   1.19637e+00   1.06056e-02  -1.65035e-03
   9  ANx2         1.88981e-04   constant   
  10  pNx2         1.59299e+00   constant   
  11  ANy1         0.00000e+00   constant   
  12  pNy1         0.00000e+00   constant   
  13  w_y          0.00000e+00   constant   
  14  ANy2        -6.13399e-04     fixed    
  15  pNy2         4.84726e+00   constant   
  16  w_vw         1.43184e+01   constant   
  17  LM           1.57605e-04   constant   
  18  wCBO_expCoeff   2.01820e+02   5.01869e+00   1.37485e-01   1.75435e-04
  19  wCBO_expOffset   2.00299e+02   7.43702e-01   2.04136e-02   1.18817e-03
  20  wCBO_expT    2.98550e+01   1.48915e-01  -7.52720e-03   1.52067e-02
  21  wCBO_linCoeff   0.00000e+00   constant   
  22  wCBO_const  -1.20090e-03   1.19203e-03   3.92619e-05   2.21978e+00
 EXTERNAL ERROR MATRIX.    NDIM=  25    NPAR=  5    ERR DEF=1
  1.431e+00  6.481e-01  9.626e-02 -3.268e-02  6.568e-04 
  6.481e-01  2.519e+01 -1.528e+00 -4.048e-01  2.011e-03 
  9.626e-02 -1.528e+00  5.531e-01 -6.010e-02  2.985e-04 
 -3.268e-02 -4.048e-01 -6.010e-02  2.218e-02 -1.145e-04 
  6.568e-04  2.011e-03  2.985e-04 -1.145e-04  1.421e-06 
 PARAMETER  CORRELATION COEFFICIENTS  
       NO.  GLOBAL      8     18     19     20     22
        8  0.69882   1.000  0.108  0.108 -0.183  0.461
       18  0.99859   0.108  1.000 -0.409 -0.542  0.336
       19  0.99859   0.108 -0.409  1.000 -0.543  0.337
       20  0.99889  -0.183 -0.542 -0.543  1.000 -0.645
       22  0.86309   0.461  0.336  0.337 -0.645  1.000
MINUIT - FIT ONLY 1-y
 **********
 **   60 **RES 
 **********
                   PARAMETER   14  ANy2 RESTORED TO VARIABLE.
                   PARAMETER    7  w_CBO RESTORED TO VARIABLE.
                   PARAMETER    6  A_CBO RESTORED TO VARIABLE.
                   PARAMETER    4  phi RESTORED TO VARIABLE.
                   PARAMETER    3  A0 RESTORED TO VARIABLE.
                   PARAMETER    1  N0 RESTORED TO VARIABLE.
 **********
 **   61 **FIX            0
 **********
 PARAMETER    0  IS UNDEFINED. IGNORED.
 **********
 **   62 **FIX            1
 **********
 **********
 **   63 **FIX            2
 **********
 PARAMETER    2  IS CONSTANT.   IGNORED.
 **********
 **   64 **FIX            3
 **********
 **********
 **   65 **FIX            4
 **********
 **********
 **   66 **FIX            5
 **********
 PARAMETER    5  IS CONSTANT.   IGNORED.
 **********
 **   67 **FIX            6
 **********
 **********
 **   68 **FIX            7
 **********
 **********
 **   69 **FIX            8
 **********
 **********
 **   70 **FIX            9
 **********
 PARAMETER    9  IS CONSTANT.   IGNORED.
 **********
 **   71 **FIX           13
 **********
 PARAMETER   13  IS CONSTANT.   IGNORED.
 **********
 **   72 **FIX           14
 **********
 **********
 **   73 **FIX           15
 **********
 PARAMETER   15  IS CONSTANT.   IGNORED.
 **********
 **   74 **FIX           16
 **********
 PARAMETER   16  IS CONSTANT.   IGNORED.
 **********
 **   75 **MIGRAD
 **********
 START MIGRAD MINIMIZATION.  STRATEGY  1.  CONVERGENCE WHEN EDM .LT. 1.00e-04
 FCN=322.216 FROM MIGRAD    STATUS=INITIATE        8 CALLS        1303 TOTAL
                     EDM= unknown      STRATEGY= 1      NO ERROR MATRIX       
  EXT PARAMETER               CURRENT GUESS       STEP         FIRST   
  NO.   NAME      VALUE            ERROR          SIZE      DERIVATIVE 
   1  N0           3.07603e+06     fixed    
   2  tau          6.44069e+01   constant   
   3  A0           3.65061e-01     fixed    
   4  phi          4.11996e+00     fixed    
   5  R           -6.10412e+01   constant   
   6  A_CBO        8.71776e-04     fixed    
   7  w_CBO        2.33507e+00     fixed    
   8  phi_CBO      4.42290e+00     fixed    
   9  ANx2         1.88981e-04   constant   
  10  pNx2         1.59299e+00   constant   
  11  ANy1         0.00000e+00   constant   
  12  pNy1         0.00000e+00   constant   
  13  w_y          0.00000e+00   constant   
  14  ANy2        -6.13399e-04     fixed    
  15  pNy2         4.84726e+00   constant   
  16  w_vw         1.43184e+01   constant   
  17  LM           1.57605e-04   constant   
  18  wCBO_expCoeff   2.01820e+02   5.01869e+00   1.37485e-01   1.75105e-04
  19  wCBO_expOffset   2.00299e+02   7.43702e-01   2.04136e-02   1.18629e-03
  20  wCBO_expT    2.98550e+01   1.48915e-01  -7.52720e-03   1.51995e-02
  21  wCBO_linCoeff   0.00000e+00   constant   
  22  wCBO_const  -1.20090e-03   1.19203e-03   3.92619e-05   2.21973e+00
 MIGRAD MINIMIZATION HAS CONVERGED.
 MIGRAD WILL VERIFY CONVERGENCE AND ERROR MATRIX.
 COVARIANCE MATRIX CALCULATED SUCCESSFULLY
 FCN=322.216 FROM MIGRAD    STATUS=CONVERGED      41 CALLS        1336 TOTAL
                     EDM=7.89984e-07    STRATEGY= 1      ERROR MATRIX ACCURATE 
  EXT PARAMETER                                   STEP         FIRST   
  NO.   NAME      VALUE            ERROR          SIZE      DERIVATIVE 
   1  N0           3.07603e+06     fixed    
   2  tau          6.44069e+01   constant   
   3  A0           3.65061e-01     fixed    
   4  phi          4.11996e+00     fixed    
   5  R           -6.10412e+01   constant   
   6  A_CBO        8.71776e-04     fixed    
   7  w_CBO        2.33507e+00     fixed    
   8  phi_CBO      4.42290e+00     fixed    
   9  ANx2         1.88981e-04   constant   
  10  pNx2         1.59299e+00   constant   
  11  ANy1         0.00000e+00   constant   
  12  pNy1         0.00000e+00   constant   
  13  w_y          0.00000e+00   constant   
  14  ANy2        -6.13399e-04     fixed    
  15  pNy2         4.84726e+00   constant   
  16  w_vw         1.43184e+01   constant   
  17  LM           1.57605e-04   constant   
  18  wCBO_expCoeff   2.01820e+02   4.24758e+00   2.35107e-03  -3.12987e-03
  19  wCBO_expOffset   2.00299e+02   6.28509e-01   3.47792e-04  -2.11578e-02
  20  wCBO_expT    2.98550e+01   9.51650e-02   6.19465e-05  -1.14826e-01
  21  wCBO_linCoeff   0.00000e+00   constant   
  22  wCBO_const  -1.20123e-03   9.21629e-04   5.25721e-06   2.09782e-01
 EXTERNAL ERROR MATRIX.    NDIM=  25    NPAR=  4    ERR DEF=1
  1.804e+01 -1.771e+00 -1.648e-01  6.835e-04 
 -1.771e+00  3.950e-01 -2.442e-02  1.012e-04 
 -1.648e-01 -2.442e-02  9.056e-03 -4.285e-05 
  6.835e-04  1.012e-04 -4.285e-05  8.494e-07 
 PARAMETER  CORRELATION COEFFICIENTS  
       NO.  GLOBAL     18     19     20     22
       18  0.99801   1.000 -0.663 -0.408  0.175
       19  0.99801  -0.663  1.000 -0.408  0.175
       20  0.99725  -0.408 -0.408  1.000 -0.489
       22  0.76009   0.175  0.175 -0.489  1.000
MINUIT - FIT ONLY 2-y
 **********
 **   76 **RES 
 **********
                   PARAMETER   14  ANy2 RESTORED TO VARIABLE.
                   PARAMETER    8  phi_CBO RESTORED TO VARIABLE.
                   PARAMETER    7  w_CBO RESTORED TO VARIABLE.
                   PARAMETER    6  A_CBO RESTORED TO VARIABLE.
                   PARAMETER    4  phi RESTORED TO VARIABLE.
                   PARAMETER    3  A0 RESTORED TO VARIABLE.
                   PARAMETER    1  N0 RESTORED TO VARIABLE.
 **********
 **   77 **FIX            0
 **********
 PARAMETER    0  IS UNDEFINED. IGNORED.
 **********
 **   78 **FIX            1
 **********
 **********
 **   79 **FIX            2
 **********
 PARAMETER    2  IS CONSTANT.   IGNORED.
 **********
 **   80 **FIX            3
 **********
 **********
 **   81 **FIX            4
 **********
 **********
 **   82 **FIX            5
 **********
 PARAMETER    5  IS CONSTANT.   IGNORED.
 **********
 **   83 **FIX            6
 **********
 **********
 **   84 **FIX            7
 **********
 **********
 **   85 **FIX            8
 **********
 **********
 **   86 **FIX            9
 **********
 PARAMETER    9  IS CONSTANT.   IGNORED.
 **********
 **   87 **FIX           10
 **********
 PARAMETER   10  IS CONSTANT.   IGNORED.
 **********
 **   88 **FIX           11
 **********
 PARAMETER   11  IS CONSTANT.   IGNORED.
 **********
 **   89 **FIX           12
 **********
 PARAMETER   12  IS CONSTANT.   IGNORED.
 **********
 **   90 **FIX           16
 **********
 PARAMETER   16  IS CONSTANT.   IGNORED.
 **********
 **   91 **MIGRAD
 **********
 START MIGRAD MINIMIZATION.  STRATEGY  1.  CONVERGENCE WHEN EDM .LT. 1.00e-04
 FCN=322.216 FROM MIGRAD    STATUS=INITIATE       10 CALLS        1346 TOTAL
                     EDM= unknown      STRATEGY= 1      NO ERROR MATRIX       
  EXT PARAMETER               CURRENT GUESS       STEP         FIRST   
  NO.   NAME      VALUE            ERROR          SIZE      DERIVATIVE 
   1  N0           3.07603e+06     fixed    
   2  tau          6.44069e+01   constant   
   3  A0           3.65061e-01     fixed    
   4  phi          4.11996e+00     fixed    
   5  R           -6.10412e+01   constant   
   6  A_CBO        8.71776e-04     fixed    
   7  w_CBO        2.33507e+00     fixed    
   8  phi_CBO      4.42290e+00     fixed    
   9  ANx2         1.88981e-04   constant   
  10  pNx2         1.59299e+00   constant   
  11  ANy1         0.00000e+00   constant   
  12  pNy1         0.00000e+00   constant   
  13  w_y          0.00000e+00   constant   
  14  ANy2        -6.13399e-04   7.61153e-04   7.61153e-04   1.89071e+01
  15  pNy2         4.84726e+00   constant   
  16  w_vw         1.43184e+01   constant   
  17  LM           1.57605e-04   constant   
  18  wCBO_expCoeff   2.01820e+02   4.24758e+00   2.35107e-03  -3.15447e-03
  19  wCBO_expOffset   2.00299e+02   6.28509e-01   3.47792e-04  -2.13216e-02
  20  wCBO_expT    2.98550e+01   9.51650e-02   6.19465e-05  -1.15628e-01
  21  wCBO_linCoeff   0.00000e+00   constant   
  22  wCBO_const  -1.20123e-03   9.21629e-04   5.25721e-06   2.13812e-01
 MIGRAD MINIMIZATION HAS CONVERGED.
 MIGRAD WILL VERIFY CONVERGENCE AND ERROR MATRIX.
 COVARIANCE MATRIX CALCULATED SUCCESSFULLY
 FCN=322.216 FROM MIGRAD    STATUS=CONVERGED      70 CALLS        1406 TOTAL
                     EDM=1.42273e-07    STRATEGY= 1      ERROR MATRIX ACCURATE 
  EXT PARAMETER                                   STEP         FIRST   
  NO.   NAME      VALUE            ERROR          SIZE      DERIVATIVE 
   1  N0           3.07603e+06     fixed    
   2  tau          6.44069e+01   constant   
   3  A0           3.65061e-01     fixed    
   4  phi          4.11996e+00     fixed    
   5  R           -6.10412e+01   constant   
   6  A_CBO        8.71776e-04     fixed    
   7  w_CBO        2.33507e+00     fixed    
   8  phi_CBO      4.42290e+00     fixed    
   9  ANx2         1.88981e-04   constant   
  10  pNx2         1.59299e+00   constant   
  11  ANy1         0.00000e+00   constant   
  12  pNy1         0.00000e+00   constant   
  13  w_y          0.00000e+00   constant   
  14  ANy2        -6.18991e-04   7.62833e-04   6.69504e-06  -3.32207e-01
  15  pNy2         4.84726e+00   constant   
  16  w_vw         1.43184e+01   constant   
  17  LM           1.57605e-04   constant   
  18  wCBO_expCoeff   2.01820e+02   4.24378e+00   2.35091e-03  -2.59528e-04
  19  wCBO_expOffset   2.00299e+02   6.27915e-01   3.47768e-04  -1.75438e-03
  20  wCBO_expT    2.98550e+01   9.51071e-02   6.19407e-05  -7.23441e-03
  21  wCBO_linCoeff   0.00000e+00   constant   
  22  wCBO_const  -1.20143e-03   9.21559e-04   5.25700e-06   4.99291e-01
 EXTERNAL ERROR MATRIX.    NDIM=  25    NPAR=  5    ERR DEF=1
  5.819e-07 -1.099e-05 -1.626e-06  6.936e-07 -1.837e-09 
 -1.099e-05  1.801e+01 -1.767e+00 -1.646e-01  6.828e-04 
 -1.626e-06 -1.767e+00  3.943e-01 -2.439e-02  1.011e-04 
  6.936e-07 -1.646e-01 -2.439e-02  9.045e-03 -4.281e-05 
