 + ++++++++++++++++++++++++++++++++++++++++++++++++++++++++++++++++++++ +
 +                                                                      +
 +           You have chose to blind your fitting according to          +
 +                omega_ref * (1 + (R +/- deltaR) *10^{-6})             +
 +                                                                      +
 + ++++++++++++++++++++++++++++++++++++++++++++++++++++++++++++++++++++ +
In main()...
reading format from /gm2data/zkhechad/run45/envelope/formats/formatB_sBin_constraintOn.txt
pBinTau 	= 0  
pBinPhi 	= 0  
constraintau 	= 1 
includeMopTerm 	= 0    
constrainMop    = 0   
Parameters after format file: pBinTau 0 pBinPhi 0 constraintau 1 includeMopTerm 0 constrainMop 0 c_e_scale 0.000000 
reading cbo reference file (full fit) from /gm2data/zkhechad/cboTemplates/Run4CBOTemplates/fullFits/run4/sBin_constraintOn_cE0.0_seed0_run4_calo19.root
A_CBO 0.009558 w_CBO 2.327254 phi_CBO 0.902980 N0 3088607.252134 R -60.257448 tau 64.400175 
Reading cboRef file /gm2data/zkhechad/cboTemplates/Run4CBOTemplates//cboIsolate/run4_calo19.root
deltaT 164.120000
windowBins = 1100
fitting sliding window 1760 from bin 1963 at 292.879600 to bin 3063 at 456.999600 (1100 bins)

Reading data from /gm2data/cornell/histograms/aMethod/histogram_a_run4.root
fitting cbo isolate
 **********
 **    1 **SET PRINTOUT            1
 **********
 **********
 **    2 **SET NOWARNINGS 
 **********
 PARAMETER DEFINITIONS:
    NO.   NAME         VALUE      STEP SIZE      LIMITS
     1 A_CBO        9.55751e-03  1.00000e-05     no limits
     2 w_CBO        2.32725e+00  1.00000e-02    2.00000e+00  3.00000e+00
     3 phi_CBO      9.02980e-01  1.00000e-02    0.00000e+00  6.28319e+00
 **********
 **    3 **MIGRAD
 **********
 FIRST CALL TO USER FUNCTION AT NEW START POINT, WITH IFLAG=4.
 START MIGRAD MINIMIZATION.  STRATEGY  1.  CONVERGENCE WHEN EDM .LT. 1.00e-04
 FCN=0.0823249 FROM MIGRAD    STATUS=INITIATE       12 CALLS          13 TOTAL
                     EDM= unknown      STRATEGY= 1      NO ERROR MATRIX       
  EXT PARAMETER               CURRENT GUESS       STEP         FIRST   
  NO.   NAME      VALUE            ERROR          SIZE      DERIVATIVE 
   1  A_CBO        9.55751e-03   1.00000e-05   1.00000e-05   6.33999e+00
   2  w_CBO        2.32725e+00   1.00000e-02   2.13147e-02   4.71933e-01
   3  phi_CBO      9.02980e-01   1.00000e-02   4.53699e-03  -5.78563e-03
 MIGRAD MINIMIZATION HAS CONVERGED.
 MIGRAD WILL VERIFY CONVERGENCE AND ERROR MATRIX.
 COVARIANCE MATRIX CALCULATED SUCCESSFULLY
 FCN=0.0640491 FROM MIGRAD    STATUS=CONVERGED      49 CALLS          50 TOTAL
                     EDM=1.91281e-06    STRATEGY= 1      ERROR MATRIX ACCURATE 
  EXT PARAMETER                                   STEP         FIRST   
  NO.   NAME      VALUE            ERROR          SIZE      DERIVATIVE 
   1  A_CBO        3.78806e-03   4.26752e-02   2.14668e-05  -2.46761e-02
   2  w_CBO        2.32717e+00   2.31799e-01   3.18958e-05  -8.21345e-04
   3  phi_CBO      9.34523e-01   5.45899e+00   2.44996e-03   4.91784e-05
 EXTERNAL ERROR MATRIX.    NDIM=  25    NPAR=  3    ERR DEF=1
  1.821e-03 -5.530e-04 -2.082e-01 
 -5.530e-04  5.878e-02  2.203e+01 
 -2.082e-01  2.203e+01  8.380e+03 
 PARAMETER  CORRELATION COEFFICIENTS  
       NO.  GLOBAL      1      2      3
        1  0.05349   1.000 -0.053 -0.053
        2  0.99245  -0.053  1.000  0.992
        3  0.99245  -0.053  0.992  1.000
setting A_CBO=0.003788 w_CBO=2.327167, phi_CBO=0.934523
done fitting cbo isolate
 **********
 **    1 **SET PRINTOUT            1
 **********
 **********
 **    2 **SET NOWARNINGS 
 **********
 PARAMETER DEFINITIONS:
    NO.   NAME         VALUE      STEP SIZE      LIMITS
     1 N0           3.08861e+06  1.00000e+02     no limits
     2 tau          6.44002e+01  constant
     3 A0           3.48093e-01  1.00000e-04     no limits
     4 phi          4.13197e+00  1.00000e-02     no limits
     5 R           -6.02574e+01  constant
     6 A_CBO        3.78806e-03  1.00000e-05     no limits
     7 w_CBO        2.32717e+00  1.00000e-03     no limits
     8 phi_CBO      9.34523e-01  1.00000e-04     no limits
     9 ANx2         2.45054e-04  constant
    10 pNx2         5.52114e+00  constant
    11 ANy1         0.00000e+00  constant
    12 pNy1         0.00000e+00  constant
    13 w_y          0.00000e+00  constant
    14 ANy2         1.46670e-02  1.00000e-04     no limits
    15 pNy2         3.05066e+00  constant
    16 w_vw         1.43134e+01  constant
    17 LM          -3.45580e-05  constant
    18 wCBO_expCoeff   2.00000e+02  1.00000e+00     no limits
    19 wCBO_expOffset   2.00000e+02  1.00000e+00     no limits
    20 wCBO_expT    3.00000e+01  1.00000e+00     no limits
    21 wCBO_linCoeff   0.00000e+00  constant
    22 wCBO_const   0.00000e+00  1.00000e-02     no limits
MINUIT - FIT ONLY WIGGLE
 **********
 **    3 **FIX            5
 **********
 PARAMETER    5  IS CONSTANT.   IGNORED.
 **********
 **    4 **FIX            6
 **********
 **********
 **    5 **FIX            7
 **********
 **********
 **    6 **FIX            8
 **********
 **********
 **    7 **FIX            9
 **********
 PARAMETER    9  IS CONSTANT.   IGNORED.
 **********
 **    8 **FIX           10
 **********
 PARAMETER   10  IS CONSTANT.   IGNORED.
 **********
 **    9 **FIX           11
 **********
 PARAMETER   11  IS CONSTANT.   IGNORED.
 **********
 **   10 **FIX           12
 **********
 PARAMETER   12  IS CONSTANT.   IGNORED.
 **********
 **   11 **FIX           13
 **********
 PARAMETER   13  IS CONSTANT.   IGNORED.
 **********
 **   12 **FIX           14
 **********
 **********
 **   13 **FIX           15
 **********
 PARAMETER   15  IS CONSTANT.   IGNORED.
 **********
 **   14 **FIX           16
 **********
 PARAMETER   16  IS CONSTANT.   IGNORED.
 **********
 **   15 **MIGRAD
 **********
 FIRST CALL TO USER FUNCTION AT NEW START POINT, WITH IFLAG=4.
 START MIGRAD MINIMIZATION.  STRATEGY  1.  CONVERGENCE WHEN EDM .LT. 1.00e-04
 FCN=1431.91 FROM MIGRAD    STATUS=INITIATE       36 CALLS          37 TOTAL
                     EDM= unknown      STRATEGY= 1      NO ERROR MATRIX       
  EXT PARAMETER               CURRENT GUESS       STEP         FIRST   
  NO.   NAME      VALUE            ERROR          SIZE      DERIVATIVE 
   1  N0           3.08861e+06   1.00000e+02   1.00000e+02   2.59153e-03
   2  tau          6.44002e+01   constant   
   3  A0           3.48093e-01   1.00000e-04   1.00000e-04   8.34461e+02
   4  phi          4.13197e+00   1.00000e-02   1.00000e-02   1.61102e+02
   5  R           -6.02574e+01   constant   
   6  A_CBO        3.78806e-03     fixed    
   7  w_CBO        2.32717e+00     fixed    
   8  phi_CBO      9.34523e-01     fixed    
   9  ANx2         2.45054e-04   constant   
  10  pNx2         5.52114e+00   constant   
  11  ANy1         0.00000e+00   constant   
  12  pNy1         0.00000e+00   constant   
  13  w_y          0.00000e+00   constant   
  14  ANy2         1.46670e-02     fixed    
  15  pNy2         3.05066e+00   constant   
  16  w_vw         1.43134e+01   constant   
  17  LM          -3.45580e-05   constant   
  18  wCBO_expCoeff   2.00000e+02   1.00000e+00   1.00000e+00   9.80434e+01
  19  wCBO_expOffset   2.00000e+02   1.00000e+00   1.00000e+00   6.53251e+02
  20  wCBO_expT    3.00000e+01   1.00000e+00   1.00000e+00   1.21857e+03
  21  wCBO_linCoeff   0.00000e+00   constant   
  22  wCBO_const   0.00000e+00   1.00000e-02   1.00000e-02   5.30139e+01
 MIGRAD MINIMIZATION HAS CONVERGED.
 FCN=1366.08 FROM MIGRAD    STATUS=CONVERGED     240 CALLS         241 TOTAL
                     EDM=1.4567e-06    STRATEGY= 1  ERROR MATRIX UNCERTAINTY   0.9 per cent
  EXT PARAMETER                                   STEP         FIRST   
  NO.   NAME      VALUE            ERROR          SIZE      DERIVATIVE 
   1  N0           3.08773e+06   1.01868e+03  -1.72937e-01   7.17620e-08
   2  tau          6.44002e+01   constant   
   3  A0           3.48073e-01   4.36358e-04   6.00946e-06   2.10750e+00
   4  phi          4.13161e+00   1.31219e-03   1.55771e-05   5.26764e-01
   5  R           -6.02574e+01   constant   
   6  A_CBO        3.78806e-03     fixed    
   7  w_CBO        2.32717e+00     fixed    
   8  phi_CBO      9.34523e-01     fixed    
   9  ANx2         2.45054e-04   constant   
  10  pNx2         5.52114e+00   constant   
  11  ANy1         0.00000e+00   constant   
  12  pNy1         0.00000e+00   constant   
  13  w_y          0.00000e+00   constant   
  14  ANy2         1.46670e-02     fixed    
  15  pNy2         3.05066e+00   constant   
  16  w_vw         1.43134e+01   constant   
  17  LM          -3.45580e-05   constant   
  18  wCBO_expCoeff   1.99910e+02   9.94873e-02   5.98659e-04  -1.05111e-01
  19  wCBO_expOffset   1.99986e+02   1.49436e-02   8.99845e-05  -7.27143e-01
  20  wCBO_expT    2.99962e+01   9.11735e-03  -4.74613e-05  -2.21222e+00
  21  wCBO_linCoeff   0.00000e+00   constant   
  22  wCBO_const   6.27382e-03   7.04275e-04   2.51192e-06  -1.23327e+00
 EXTERNAL ERROR MATRIX.    NDIM=  25    NPAR=  7    ERR DEF=1
  1.038e+06  1.853e-02  2.618e-02  6.805e+00  1.023e+00 -5.231e-01 -7.514e-03 
  1.853e-02  1.904e-07  4.032e-09  8.241e-06  1.239e-06 -7.368e-07  4.180e-08 
  2.618e-02  4.032e-09  1.722e-06  1.465e-05  2.204e-06 -1.348e-06  9.463e-08 
  6.805e+00  8.241e-06  1.465e-05  9.898e-03  1.445e-03 -8.968e-04  5.592e-05 
  1.023e+00  1.239e-06  2.204e-06  1.445e-03  2.233e-04 -1.347e-04  8.400e-06 
 -5.231e-01 -7.368e-07 -1.348e-06 -8.968e-04 -1.347e-04  8.313e-05 -5.449e-06 
 -7.514e-03  4.180e-08  9.463e-08  5.592e-05  8.400e-06 -5.449e-06  4.960e-07 
 PARAMETER  CORRELATION COEFFICIENTS  
       NO.  GLOBAL      1      3      4     18     19     20     22
        1  0.13873   1.000  0.042  0.020  0.067  0.067 -0.056 -0.010
        3  0.20405   0.042  1.000  0.007  0.190  0.190 -0.185  0.136
        4  0.12069   0.020  0.007  1.000  0.112  0.112 -0.113  0.102
       18  0.99541   0.067  0.190  0.112  1.000  0.972 -0.989  0.798
       19  0.99541   0.067  0.190  0.112  0.972  1.000 -0.989  0.798
       20  0.99890  -0.056 -0.185 -0.113 -0.989 -0.989  1.000 -0.849
       22  0.95462  -0.010  0.136  0.102  0.798  0.798 -0.849  1.000
MINUIT - FIT ONLY 1-CBO + other amplitudes 
 **********
 **   16 **RES 
 **********
                   PARAMETER   14  ANy2 RESTORED TO VARIABLE.
                   PARAMETER    8  phi_CBO RESTORED TO VARIABLE.
                   PARAMETER    7  w_CBO RESTORED TO VARIABLE.
                   PARAMETER    6  A_CBO RESTORED TO VARIABLE.
 **********
 **   17 **FIX            0
 **********
 PARAMETER    0  IS UNDEFINED. IGNORED.
 **********
 **   18 **FIX            1
 **********
 **********
 **   19 **FIX            2
 **********
 PARAMETER    2  IS CONSTANT.   IGNORED.
 **********
 **   20 **FIX            3
 **********
 **********
 **   21 **FIX            4
 **********
 **********
 **   22 **FIX            9
 **********
 PARAMETER    9  IS CONSTANT.   IGNORED.
 **********
 **   23 **FIX           11
 **********
 PARAMETER   11  IS CONSTANT.   IGNORED.
 **********
 **   24 **FIX           12
 **********
 PARAMETER   12  IS CONSTANT.   IGNORED.
 **********
 **   25 **FIX           14
 **********
 **********
 **   26 **FIX           15
 **********
 PARAMETER   15  IS CONSTANT.   IGNORED.
 **********
 **   27 **FIX           16
 **********
 PARAMETER   16  IS CONSTANT.   IGNORED.
 **********
 **   28 **MIGRAD
 **********
 START MIGRAD MINIMIZATION.  STRATEGY  1.  CONVERGENCE WHEN EDM .LT. 1.00e-04
 FCN=1366.08 FROM MIGRAD    STATUS=INITIATE       20 CALLS         261 TOTAL
                     EDM= unknown      STRATEGY= 1      NO ERROR MATRIX       
  EXT PARAMETER               CURRENT GUESS       STEP         FIRST   
  NO.   NAME      VALUE            ERROR          SIZE      DERIVATIVE 
   1  N0           3.08773e+06     fixed    
   2  tau          6.44002e+01   constant   
   3  A0           3.48073e-01     fixed    
   4  phi          4.13161e+00     fixed    
   5  R           -6.02574e+01   constant   
   6  A_CBO        3.78806e-03   1.00000e-05   1.00000e-05   1.46049e+04
   7  w_CBO        2.32717e+00   1.00000e-03   1.00000e-03  -9.55367e+00
   8  phi_CBO      9.34523e-01   1.00000e-04   1.00000e-04   1.10030e+00
   9  ANx2         2.45054e-04   constant   
  10  pNx2         5.52114e+00   constant   
  11  ANy1         0.00000e+00   constant   
  12  pNy1         0.00000e+00   constant   
  13  w_y          0.00000e+00   constant   
  14  ANy2         1.46670e-02     fixed    
  15  pNy2         3.05066e+00   constant   
  16  w_vw         1.43134e+01   constant   
  17  LM          -3.45580e-05   constant   
  18  wCBO_expCoeff   1.99910e+02   9.94873e-02   5.98659e-04  -1.05112e-01
  19  wCBO_expOffset   1.99986e+02   1.49436e-02   8.99845e-05  -7.27143e-01
  20  wCBO_expT    2.99962e+01   9.11735e-03  -4.74613e-05  -2.21222e+00
  21  wCBO_linCoeff   0.00000e+00   constant   
  22  wCBO_const   6.27382e-03   7.04275e-04   2.51192e-06  -1.23327e+00
 MIGRAD MINIMIZATION HAS CONVERGED.
 MIGRAD WILL VERIFY CONVERGENCE AND ERROR MATRIX.
 COVARIANCE MATRIX CALCULATED SUCCESSFULLY
 FCN=1349.96 FROM MIGRAD    STATUS=CONVERGED     332 CALLS         573 TOTAL
                     EDM=1.80995e-07    STRATEGY= 1      ERROR MATRIX ACCURATE 
  EXT PARAMETER                                   STEP         FIRST   
  NO.   NAME      VALUE            ERROR          SIZE      DERIVATIVE 
   1  N0           3.08773e+06     fixed    
   2  tau          6.44002e+01   constant   
   3  A0           3.48073e-01     fixed    
   4  phi          4.13161e+00     fixed    
   5  R           -6.02574e+01   constant   
   6  A_CBO        2.13903e-03   4.72321e-04   8.41111e-06  -3.28162e-01
   7  w_CBO        2.32651e+00   3.31350e-03   1.98087e-06   3.16603e+00
   8  phi_CBO     -3.69697e-01   4.54608e-01   3.81989e-03  -1.79396e-03
   9  ANx2         2.45054e-04   constant   
  10  pNx2         5.52114e+00   constant   
  11  ANy1         0.00000e+00   constant   
  12  pNy1         0.00000e+00   constant   
  13  w_y          0.00000e+00   constant   
  14  ANy2         1.46670e-02     fixed    
  15  pNy2         3.05066e+00   constant   
  16  w_vw         1.43134e+01   constant   
  17  LM          -3.45580e-05   constant   
  18  wCBO_expCoeff   1.99850e+02   2.84445e-01   2.03843e-04   2.65540e-02
  19  wCBO_expOffset   1.99978e+02   2.87718e-02   9.53568e-05   1.76728e-01
  20  wCBO_expT    3.00041e+01   9.17174e-03   1.43071e-05   7.20896e-01
  21  wCBO_linCoeff   0.00000e+00   constant   
  22  wCBO_const   4.41366e-03   1.54512e-03   4.51476e-06   2.05111e+00
 EXTERNAL ERROR MATRIX.    NDIM=  25    NPAR=  7    ERR DEF=1
  2.231e-07  7.604e-08 -6.802e-06  6.317e-06 -5.873e-07 -4.488e-07  6.263e-09 
  7.604e-08  1.098e-05 -9.658e-05 -5.936e-04 -2.693e-05 -8.282e-06 -4.148e-06 
 -6.802e-06 -9.658e-05  2.067e-01 -7.848e-03 -2.834e-04  9.671e-04  1.394e-04 
  6.317e-06 -5.936e-04 -7.848e-03  8.091e-02 -2.294e-03 -7.122e-04  3.077e-04 
 -5.873e-07 -2.693e-05 -2.834e-04 -2.294e-03  8.278e-04 -4.323e-05  1.464e-05 
 -4.488e-07 -8.282e-06  9.671e-04 -7.122e-04 -4.323e-05  8.412e-05 -2.783e-06 
  6.263e-09 -4.148e-06  1.394e-04  3.077e-04  1.464e-05 -2.783e-06  2.387e-06 
 PARAMETER  CORRELATION COEFFICIENTS  
       NO.  GLOBAL      6      7      8     18     19     20     22
        6  0.12444   1.000  0.049 -0.032  0.047 -0.043 -0.104  0.009
        7  0.99945   0.049  1.000 -0.064 -0.630 -0.282 -0.273 -0.810
        8  0.88358  -0.032 -0.064  1.000 -0.061 -0.022  0.232  0.198
       18  0.99920   0.047 -0.630 -0.061  1.000 -0.280 -0.273  0.700
       19  0.99824  -0.043 -0.282 -0.022 -0.280  1.000 -0.164  0.329
       20  0.99865  -0.104 -0.273  0.232 -0.273 -0.164  1.000 -0.196
       22  0.98665   0.009 -0.810  0.198  0.700  0.329 -0.196  1.000
MINUIT - FIT ONLY 1-CBO
 **********
 **   29 **RES 
 **********
                   PARAMETER   14  ANy2 RESTORED TO VARIABLE.
                   PARAMETER    4  phi RESTORED TO VARIABLE.
                   PARAMETER    3  A0 RESTORED TO VARIABLE.
                   PARAMETER    1  N0 RESTORED TO VARIABLE.
 **********
 **   30 **FIX            0
 **********
 PARAMETER    0  IS UNDEFINED. IGNORED.
 **********
 **   31 **FIX            1
 **********
 **********
 **   32 **FIX            2
 **********
 PARAMETER    2  IS CONSTANT.   IGNORED.
 **********
 **   33 **FIX            3
 **********
 **********
 **   34 **FIX            4
 **********
 **********
 **   35 **FIX            8
 **********
 **********
 **   36 **FIX            9
 **********
 PARAMETER    9  IS CONSTANT.   IGNORED.
 **********
 **   37 **FIX           11
 **********
 PARAMETER   11  IS CONSTANT.   IGNORED.
 **********
 **   38 **FIX           12
 **********
 PARAMETER   12  IS CONSTANT.   IGNORED.
 **********
 **   39 **FIX           13
 **********
 PARAMETER   13  IS CONSTANT.   IGNORED.
 **********
 **   40 **FIX           15
 **********
 PARAMETER   15  IS CONSTANT.   IGNORED.
 **********
 **   41 **FIX           16
 **********
 PARAMETER   16  IS CONSTANT.   IGNORED.
 **********
 **   42 **MIGRAD
 **********
 START MIGRAD MINIMIZATION.  STRATEGY  1.  CONVERGENCE WHEN EDM .LT. 1.00e-04
 FCN=1349.96 FROM MIGRAD    STATUS=INITIATE       16 CALLS         589 TOTAL
                     EDM= unknown      STRATEGY= 1      NO ERROR MATRIX       
  EXT PARAMETER               CURRENT GUESS       STEP         FIRST   
  NO.   NAME      VALUE            ERROR          SIZE      DERIVATIVE 
   1  N0           3.08773e+06     fixed    
   2  tau          6.44002e+01   constant   
   3  A0           3.48073e-01     fixed    
   4  phi          4.13161e+00     fixed    
   5  R           -6.02574e+01   constant   
   6  A_CBO        2.13903e-03   4.72321e-04   8.41111e-06  -3.28161e-01
   7  w_CBO        2.32651e+00   3.31350e-03   1.98087e-06   3.13269e+00
   8  phi_CBO     -3.69697e-01     fixed    
   9  ANx2         2.45054e-04   constant   
  10  pNx2         5.52114e+00   constant   
  11  ANy1         0.00000e+00   constant   
  12  pNy1         0.00000e+00   constant   
  13  w_y          0.00000e+00   constant   
  14  ANy2         1.46670e-02   1.00000e-04   1.00000e-04   1.33733e+05
  15  pNy2         3.05066e+00   constant   
  16  w_vw         1.43134e+01   constant   
  17  LM          -3.45580e-05   constant   
  18  wCBO_expCoeff   1.99850e+02   2.84445e-01   2.03843e-04   2.60749e-02
  19  wCBO_expOffset   1.99978e+02   2.87718e-02   9.53568e-05   1.44384e-01
  20  wCBO_expT    3.00041e+01   9.17174e-03   1.43071e-05   7.11016e-01
  21  wCBO_linCoeff   0.00000e+00   constant   
  22  wCBO_const   4.41366e-03   1.54512e-03   4.51476e-06   2.05369e+00
 MIGRAD MINIMIZATION HAS CONVERGED.
 MIGRAD WILL VERIFY CONVERGENCE AND ERROR MATRIX.
 FCN=381.82 FROM MIGRAD    STATUS=CONVERGED     235 CALLS         808 TOTAL
                     EDM=3.00166e-06    STRATEGY= 1      ERR MATRIX NOT POS-DEF
  EXT PARAMETER                APPROXIMATE        STEP         FIRST   
  NO.   NAME      VALUE            ERROR          SIZE      DERIVATIVE 
   1  N0           3.08773e+06     fixed    
   2  tau          6.44002e+01   constant   
   3  A0           3.48073e-01     fixed    
   4  phi          4.13161e+00     fixed    
   5  R           -6.02574e+01   constant   
   6  A_CBO        1.58058e-04   7.82014e-04   4.41349e-06  -6.57335e-01
   7  w_CBO        2.32662e+00   5.84284e-03   4.89564e-06  -4.13962e-01
   8  phi_CBO     -3.69697e-01     fixed    
   9  ANx2         2.45054e-04   constant   
  10  pNx2         5.52114e+00   constant   
  11  ANy1         0.00000e+00   constant   
  12  pNy1         0.00000e+00   constant   
  13  w_y          0.00000e+00   constant   
  14  ANy2         1.37849e-04   4.75702e-04   4.41028e-06   1.34964e+00
  15  pNy2         3.05066e+00   constant   
  16  w_vw         1.43134e+01   constant   
  17  LM          -3.45580e-05   constant   
  18  wCBO_expCoeff   1.99860e+02   5.89985e-01   4.99079e-04  -5.93823e-03
  19  wCBO_expOffset   1.99979e+02   9.46265e-02   9.53575e-05  -3.95242e-02
  20  wCBO_expT    3.00045e+01   2.80318e-02   2.18496e-05  -1.99482e-01
  21  wCBO_linCoeff   0.00000e+00   constant   
  22  wCBO_const   4.76350e-03   2.81779e-03   9.63778e-06   2.22601e-01
 EXTERNAL ERROR MATRIX.    NDIM=  25    NPAR=  7    ERR DEF=1
  6.115e-07  8.956e-07  8.929e-08  1.078e-04  2.034e-05 -1.657e-05  3.379e-07 
  8.956e-07  3.414e-05  1.466e-07 -8.910e-04 -1.721e-04 -4.424e-05 -1.269e-05 
  8.929e-08  1.466e-07  2.263e-07  1.820e-05  3.582e-06 -2.827e-06  2.736e-08 
  1.078e-04 -8.910e-04  1.820e-05  3.481e-01 -2.444e-02 -5.309e-03  5.954e-04 
  2.034e-05 -1.721e-04  3.582e-06 -2.444e-02  8.954e-03 -9.997e-04  1.139e-04 
 -1.657e-05 -4.424e-05 -2.827e-06 -5.309e-03 -9.997e-04  7.858e-04 -1.621e-05 
  3.379e-07 -1.269e-05  2.736e-08  5.954e-04  1.139e-04 -1.621e-05  7.940e-06 
ERR MATRIX NOT POS-DEF
 PARAMETER  CORRELATION COEFFICIENTS  
       NO.  GLOBAL      6      7     14     18     19     20     22
        6  0.80914   1.000  0.196  0.240  0.234  0.275 -0.756  0.153
        7  0.99620   0.196  1.000  0.053 -0.258 -0.311 -0.270 -0.771
       14  0.26101   0.240  0.053  1.000  0.065  0.080 -0.212  0.020
       18  0.99612   0.234 -0.258  0.065  1.000 -0.438 -0.321  0.358
       19  0.99660   0.275 -0.311  0.080 -0.438  1.000 -0.377  0.427
       20  0.99671  -0.756 -0.270 -0.212 -0.321 -0.377  1.000 -0.205
       22  0.93453   0.153 -0.771  0.020  0.358  0.427 -0.205  1.000
 ERR MATRIX NOT POS-DEF
MINUIT - FIT ONLY 2-CBO
 **********
 **   43 **RES 
 **********
                   PARAMETER    8  phi_CBO RESTORED TO VARIABLE.
                   PARAMETER    4  phi RESTORED TO VARIABLE.
                   PARAMETER    3  A0 RESTORED TO VARIABLE.
                   PARAMETER    1  N0 RESTORED TO VARIABLE.
 **********
 **   44 **FIX            0
 **********
 PARAMETER    0  IS UNDEFINED. IGNORED.
 **********
 **   45 **FIX            1
 **********
 **********
 **   46 **FIX            2
 **********
 PARAMETER    2  IS CONSTANT.   IGNORED.
 **********
 **   47 **FIX            3
 **********
 **********
 **   48 **FIX            4
 **********
 **********
 **   49 **FIX            5
 **********
 PARAMETER    5  IS CONSTANT.   IGNORED.
 **********
 **   50 **FIX            6
 **********
 **********
 **   51 **FIX            7
 **********
 **********
 **   52 **FIX           10
 **********
 PARAMETER   10  IS CONSTANT.   IGNORED.
 **********
 **   53 **FIX           11
 **********
 PARAMETER   11  IS CONSTANT.   IGNORED.
 **********
 **   54 **FIX           12
 **********
 PARAMETER   12  IS CONSTANT.   IGNORED.
 **********
 **   55 **FIX           13
 **********
 PARAMETER   13  IS CONSTANT.   IGNORED.
 **********
 **   56 **FIX           14
 **********
 **********
 **   57 **FIX           15
 **********
 PARAMETER   15  IS CONSTANT.   IGNORED.
 **********
 **   58 **FIX           16
 **********
 PARAMETER   16  IS CONSTANT.   IGNORED.
 **********
 **   59 **MIGRAD
 **********
 START MIGRAD MINIMIZATION.  STRATEGY  1.  CONVERGENCE WHEN EDM .LT. 1.00e-04
 FCN=381.82 FROM MIGRAD    STATUS=INITIATE       12 CALLS         820 TOTAL
                     EDM= unknown      STRATEGY= 1      NO ERROR MATRIX       
  EXT PARAMETER               CURRENT GUESS       STEP         FIRST   
  NO.   NAME      VALUE            ERROR          SIZE      DERIVATIVE 
   1  N0           3.08773e+06     fixed    
   2  tau          6.44002e+01   constant   
   3  A0           3.48073e-01     fixed    
   4  phi          4.13161e+00     fixed    
   5  R           -6.02574e+01   constant   
   6  A_CBO        1.58058e-04     fixed    
   7  w_CBO        2.32662e+00     fixed    
   8  phi_CBO     -3.69697e-01   4.54608e-01   4.54608e-01  -3.23067e-01
   9  ANx2         2.45054e-04   constant   
  10  pNx2         5.52114e+00   constant   
  11  ANy1         0.00000e+00   constant   
  12  pNy1         0.00000e+00   constant   
  13  w_y          0.00000e+00   constant   
  14  ANy2         1.37849e-04     fixed    
  15  pNy2         3.05066e+00   constant   
  16  w_vw         1.43134e+01   constant   
  17  LM          -3.45580e-05   constant   
  18  wCBO_expCoeff   1.99860e+02   5.89985e-01   4.99079e-04  -5.88891e-03
  19  wCBO_expOffset   1.99979e+02   9.46265e-02   9.53575e-05  -3.61943e-02
  20  wCBO_expT    3.00045e+01   2.80318e-02   2.18496e-05  -1.93886e-01
  21  wCBO_linCoeff   0.00000e+00   constant   
  22  wCBO_const   4.76350e-03   2.81779e-03   9.63778e-06   2.22447e-01
 MIGRAD MINIMIZATION HAS CONVERGED.
 MIGRAD WILL VERIFY CONVERGENCE AND ERROR MATRIX.
 FCN=381.518 FROM MIGRAD    STATUS=CONVERGED     139 CALLS         947 TOTAL
                     EDM=1.94854e-07    STRATEGY= 1      ERR MATRIX NOT POS-DEF
  EXT PARAMETER                APPROXIMATE        STEP         FIRST   
  NO.   NAME      VALUE            ERROR          SIZE      DERIVATIVE 
   1  N0           3.08773e+06     fixed    
   2  tau          6.44002e+01   constant   
   3  A0           3.48073e-01     fixed    
   4  phi          4.13161e+00     fixed    
   5  R           -6.02574e+01   constant   
   6  A_CBO        1.58058e-04     fixed    
   7  w_CBO        2.32662e+00     fixed    
   8  phi_CBO      1.35031e+00   2.55626e+00   2.05315e-02   2.50482e-04
   9  ANx2         2.45054e-04   constant   
  10  pNx2         5.52114e+00   constant   
  11  ANy1         0.00000e+00   constant   
  12  pNy1         0.00000e+00   constant   
  13  w_y          0.00000e+00   constant   
  14  ANy2         1.37849e-04     fixed    
  15  pNy2         3.05066e+00   constant   
  16  w_vw         1.43134e+01   constant   
  17  LM          -3.45580e-05   constant   
  18  wCBO_expCoeff   1.99760e+02   6.31513e-01   5.09432e-04  -3.87418e-03
  19  wCBO_expOffset   1.99964e+02   9.77420e-02   9.53503e-05  -2.57464e-02
  20  wCBO_expT    3.00142e+01   1.69416e-02   2.14769e-05  -1.25278e-01
  21  wCBO_linCoeff   0.00000e+00   constant   
  22  wCBO_const   4.37580e-03   1.37236e-03   8.52817e-06  -2.44754e-01
 EXTERNAL ERROR MATRIX.    NDIM=  25    NPAR=  5    ERR DEF=1
  6.534e+00 -1.209e-01 -2.819e-02  1.702e-02 -5.904e-04 
 -1.209e-01  3.988e-01 -5.167e-02 -2.469e-03  7.955e-05 
 -2.819e-02 -5.167e-02  9.553e-03 -5.424e-04  1.835e-05 
  1.702e-02 -2.469e-03 -5.424e-04  2.870e-04 -1.201e-05 
 -5.904e-04  7.955e-05  1.835e-05 -1.201e-05  1.883e-06 
ERR MATRIX NOT POS-DEF
 PARAMETER  CORRELATION COEFFICIENTS  
       NO.  GLOBAL      8     18     19     20     22
        8  0.54823   1.000 -0.075 -0.113  0.393 -0.168
       18  0.99645  -0.075  1.000 -0.837 -0.231  0.092
       19  0.99666  -0.113 -0.837  1.000 -0.328  0.137
       20  0.99123   0.393 -0.231 -0.328  1.000 -0.517
       22  0.76234  -0.168  0.092  0.137 -0.517  1.000
 ERR MATRIX NOT POS-DEF
MINUIT - FIT ONLY 1-y
 **********
 **   60 **RES 
 **********
                   PARAMETER   14  ANy2 RESTORED TO VARIABLE.
                   PARAMETER    7  w_CBO RESTORED TO VARIABLE.
                   PARAMETER    6  A_CBO RESTORED TO VARIABLE.
                   PARAMETER    4  phi RESTORED TO VARIABLE.
                   PARAMETER    3  A0 RESTORED TO VARIABLE.
                   PARAMETER    1  N0 RESTORED TO VARIABLE.
 **********
 **   61 **FIX            0
 **********
 PARAMETER    0  IS UNDEFINED. IGNORED.
 **********
 **   62 **FIX            1
 **********
 **********
 **   63 **FIX            2
 **********
 PARAMETER    2  IS CONSTANT.   IGNORED.
 **********
 **   64 **FIX            3
 **********
 **********
 **   65 **FIX            4
 **********
 **********
 **   66 **FIX            5
 **********
 PARAMETER    5  IS CONSTANT.   IGNORED.
 **********
 **   67 **FIX            6
 **********
 **********
 **   68 **FIX            7
 **********
 **********
 **   69 **FIX            8
 **********
 **********
 **   70 **FIX            9
 **********
 PARAMETER    9  IS CONSTANT.   IGNORED.
 **********
 **   71 **FIX           13
 **********
 PARAMETER   13  IS CONSTANT.   IGNORED.
 **********
 **   72 **FIX           14
 **********
 **********
 **   73 **FIX           15
 **********
 PARAMETER   15  IS CONSTANT.   IGNORED.
 **********
 **   74 **FIX           16
 **********
 PARAMETER   16  IS CONSTANT.   IGNORED.
 **********
 **   75 **MIGRAD
 **********
 START MIGRAD MINIMIZATION.  STRATEGY  1.  CONVERGENCE WHEN EDM .LT. 1.00e-04
 FCN=381.518 FROM MIGRAD    STATUS=INITIATE        8 CALLS         955 TOTAL
                     EDM= unknown      STRATEGY= 1      NO ERROR MATRIX       
  EXT PARAMETER               CURRENT GUESS       STEP         FIRST   
  NO.   NAME      VALUE            ERROR          SIZE      DERIVATIVE 
   1  N0           3.08773e+06     fixed    
   2  tau          6.44002e+01   constant   
   3  A0           3.48073e-01     fixed    
   4  phi          4.13161e+00     fixed    
   5  R           -6.02574e+01   constant   
   6  A_CBO        1.58058e-04     fixed    
   7  w_CBO        2.32662e+00     fixed    
   8  phi_CBO      1.35031e+00     fixed    
   9  ANx2         2.45054e-04   constant   
  10  pNx2         5.52114e+00   constant   
  11  ANy1         0.00000e+00   constant   
  12  pNy1         0.00000e+00   constant   
  13  w_y          0.00000e+00   constant   
  14  ANy2         1.37849e-04     fixed    
  15  pNy2         3.05066e+00   constant   
  16  w_vw         1.43134e+01   constant   
  17  LM          -3.45580e-05   constant   
  18  wCBO_expCoeff   1.99760e+02   6.31513e-01   5.09432e-04  -3.80888e-03
  19  wCBO_expOffset   1.99964e+02   9.77420e-02   9.53503e-05  -2.15273e-02
  20  wCBO_expT    3.00142e+01   1.69416e-02   2.14769e-05  -1.20339e-01
  21  wCBO_linCoeff   0.00000e+00   constant   
  22  wCBO_const   4.37580e-03   1.37236e-03   8.52817e-06  -2.46339e-01
 MIGRAD MINIMIZATION HAS CONVERGED.
 MIGRAD WILL VERIFY CONVERGENCE AND ERROR MATRIX.
 FCN=381.518 FROM MIGRAD    STATUS=CONVERGED      49 CALLS         996 TOTAL
                     EDM=1.15931e-07    STRATEGY= 1      ERR MATRIX NOT POS-DEF
  EXT PARAMETER                APPROXIMATE        STEP         FIRST   
  NO.   NAME      VALUE            ERROR          SIZE      DERIVATIVE 
   1  N0           3.08773e+06     fixed    
   2  tau          6.44002e+01   constant   
   3  A0           3.48073e-01     fixed    
   4  phi          4.13161e+00     fixed    
   5  R           -6.02574e+01   constant   
   6  A_CBO        1.58058e-04     fixed    
   7  w_CBO        2.32662e+00     fixed    
   8  phi_CBO      1.35031e+00     fixed    
   9  ANx2         2.45054e-04   constant   
  10  pNx2         5.52114e+00   constant   
  11  ANy1         0.00000e+00   constant   
  12  pNy1         0.00000e+00   constant   
  13  w_y          0.00000e+00   constant   
  14  ANy2         1.37849e-04     fixed    
  15  pNy2         3.05066e+00   constant   
  16  w_vw         1.43134e+01   constant   
  17  LM          -3.45580e-05   constant   
  18  wCBO_expCoeff   1.99760e+02   6.49448e-01   5.10470e-04   5.81951e-04
  19  wCBO_expOffset   1.99964e+02   1.00186e-01   9.53503e-05   3.91115e-03
  20  wCBO_expT    3.00142e+01   1.57084e-02   2.15058e-05  -1.86017e-02
  21  wCBO_linCoeff   0.00000e+00   constant   
  22  wCBO_const   4.37583e-03   1.35561e-03   8.52951e-06  -2.13141e-02
 EXTERNAL ERROR MATRIX.    NDIM=  25    NPAR=  4    ERR DEF=1
  4.218e-01 -5.595e-02 -2.163e-03  6.906e-05 
 -5.595e-02  1.004e-02 -4.811e-04  1.629e-05 
 -2.163e-03 -4.811e-04  2.468e-04 -1.065e-05 
  6.906e-05  1.629e-05 -1.065e-05  1.838e-06 
ERR MATRIX NOT POS-DEF
 PARAMETER  CORRELATION COEFFICIENTS  
       NO.  GLOBAL     18     19     20     22
       18  0.99664   1.000 -0.860 -0.212  0.078
       19  0.99682  -0.860  1.000 -0.306  0.120
       20  0.98978  -0.212 -0.306  1.000 -0.500
       22  0.75541   0.078  0.120 -0.500  1.000
 ERR MATRIX NOT POS-DEF
MINUIT - FIT ONLY 2-y
 **********
 **   76 **RES 
 **********
                   PARAMETER   14  ANy2 RESTORED TO VARIABLE.
                   PARAMETER    8  phi_CBO RESTORED TO VARIABLE.
                   PARAMETER    7  w_CBO RESTORED TO VARIABLE.
                   PARAMETER    6  A_CBO RESTORED TO VARIABLE.
                   PARAMETER    4  phi RESTORED TO VARIABLE.
                   PARAMETER    3  A0 RESTORED TO VARIABLE.
                   PARAMETER    1  N0 RESTORED TO VARIABLE.
 **********
 **   77 **FIX            0
 **********
 PARAMETER    0  IS UNDEFINED. IGNORED.
 **********
 **   78 **FIX            1
 **********
 **********
 **   79 **FIX            2
 **********
 PARAMETER    2  IS CONSTANT.   IGNORED.
 **********
 **   80 **FIX            3
 **********
 **********
 **   81 **FIX            4
 **********
 **********
 **   82 **FIX            5
 **********
 PARAMETER    5  IS CONSTANT.   IGNORED.
 **********
 **   83 **FIX            6
 **********
 **********
 **   84 **FIX            7
 **********
 **********
 **   85 **FIX            8
 **********
 **********
 **   86 **FIX            9
 **********
 PARAMETER    9  IS CONSTANT.   IGNORED.
 **********
 **   87 **FIX           10
 **********
 PARAMETER   10  IS CONSTANT.   IGNORED.
 **********
 **   88 **FIX           11
 **********
 PARAMETER   11  IS CONSTANT.   IGNORED.
 **********
 **   89 **FIX           12
 **********
 PARAMETER   12  IS CONSTANT.   IGNORED.
 **********
 **   90 **FIX           16
 **********
 PARAMETER   16  IS CONSTANT.   IGNORED.
 **********
 **   91 **MIGRAD
 **********
 START MIGRAD MINIMIZATION.  STRATEGY  1.  CONVERGENCE WHEN EDM .LT. 1.00e-04
 FCN=381.518 FROM MIGRAD    STATUS=INITIATE       10 CALLS        1006 TOTAL
                     EDM= unknown      STRATEGY= 1      NO ERROR MATRIX       
  EXT PARAMETER               CURRENT GUESS       STEP         FIRST   
  NO.   NAME      VALUE            ERROR          SIZE      DERIVATIVE 
   1  N0           3.08773e+06     fixed    
   2  tau          6.44002e+01   constant   
   3  A0           3.48073e-01     fixed    
   4  phi          4.13161e+00     fixed    
   5  R           -6.02574e+01   constant   
   6  A_CBO        1.58058e-04     fixed    
   7  w_CBO        2.32662e+00     fixed    
   8  phi_CBO      1.35031e+00     fixed    
   9  ANx2         2.45054e-04   constant   
  10  pNx2         5.52114e+00   constant   
  11  ANy1         0.00000e+00   constant   
  12  pNy1         0.00000e+00   constant   
  13  w_y          0.00000e+00   constant   
  14  ANy2         1.37849e-04   4.75702e-04   4.75702e-04   6.34408e+01
  15  pNy2         3.05066e+00   constant   
  16  w_vw         1.43134e+01   constant   
  17  LM          -3.45580e-05   constant   
  18  wCBO_expCoeff   1.99760e+02   6.49448e-01   5.10470e-04   6.47427e-04
  19  wCBO_expOffset   1.99964e+02   1.00186e-01   9.53503e-05   8.12691e-03
  20  wCBO_expT    3.00142e+01   1.57084e-02   2.15058e-05  -1.61693e-02
  21  wCBO_linCoeff   0.00000e+00   constant   
  22  wCBO_const   4.37583e-03   1.35561e-03   8.52951e-06  -2.15744e-02
 MIGRAD MINIMIZATION HAS CONVERGED.
 MIGRAD WILL VERIFY CONVERGENCE AND ERROR MATRIX.
 FCN=381.518 FROM MIGRAD    STATUS=CONVERGED      52 CALLS        1048 TOTAL
                     EDM=7.85776e-07    STRATEGY= 1      ERR MATRIX NOT POS-DEF
  EXT PARAMETER                APPROXIMATE        STEP         FIRST   
  NO.   NAME      VALUE            ERROR          SIZE      DERIVATIVE 
   1  N0           3.08773e+06     fixed    
   2  tau          6.44002e+01   constant   
   3  A0           3.48073e-01     fixed    
   4  phi          4.13161e+00     fixed    
   5  R           -6.02574e+01   constant   
   6  A_CBO        1.58058e-04     fixed    
   7  w_CBO        2.32662e+00     fixed    
   8  phi_CBO      1.35031e+00     fixed    
   9  ANx2         2.45054e-04   constant   
  10  pNx2         5.52114e+00   constant   
  11  ANy1         0.00000e+00   constant   
  12  pNy1         0.00000e+00   constant   
  13  w_y          0.00000e+00   constant   
  14  ANy2         1.31089e-04   4.59391e-04   4.40853e-06  -1.29523e-03
  15  pNy2         3.05066e+00   constant   
  16  w_vw         1.43134e+01   constant   
  17  LM          -3.45580e-05   constant   
  18  wCBO_expCoeff   1.99760e+02   6.48636e-01   5.10451e-04  -1.22602e-02
  19  wCBO_expOffset   1.99964e+02   1.00068e-01   9.53503e-05  -8.06407e-02
  20  wCBO_expT    3.00142e+01   1.56977e-02   2.15051e-05  -3.57478e-01
  21  wCBO_linCoeff   0.00000e+00   constant   
  22  wCBO_const   4.37584e-03   1.35565e-03   8.52942e-06  -1.20630e+00
 EXTERNAL ERROR MATRIX.    NDIM=  25    NPAR=  5    ERR DEF=1
  2.110e-07 -2.252e-07  1.796e-07 -4.056e-08 -1.342e-08 
 -2.252e-07  4.207e-01 -5.581e-02 -2.159e-03  6.897e-05 
  1.796e-07 -5.581e-02  1.001e-02 -4.806e-04  1.626e-05 
 -4.056e-08 -2.159e-03 -4.806e-04  2.464e-04 -1.063e-05 
 -1.342e-08  6.897e-05  1.626e-05 -1.063e-05  1.838e-06 
ERR MATRIX NOT POS-DEF
 PARAMETER  CORRELATION COEFFICIENTS  
       NO.  GLOBAL     14     18     19     20     22
       14  0.03542   1.000 -0.001  0.004 -0.006 -0.022
       18  0.99664  -0.001  1.000 -0.860 -0.212  0.078
       19  0.99682   0.004 -0.860  1.000 -0.306  0.120
       20  0.98979  -0.006 -0.212 -0.306  1.000 -0.500
       22  0.75564  -0.022  0.078  0.120 -0.500  1.000
 ERR MATRIX NOT POS-DEF
MINUIT - FIT ALTOGETHER
 **********
 **   92 **RES 
 **********
                   PARAMETER    8  phi_CBO RESTORED TO VARIABLE.
                   PARAMETER    7  w_CBO RESTORED TO VARIABLE.
                   PARAMETER    6  A_CBO RESTORED TO VARIABLE.
                   PARAMETER    4  phi RESTORED TO VARIABLE.
                   PARAMETER    3  A0 RESTORED TO VARIABLE.
                   PARAMETER    1  N0 RESTORED TO VARIABLE.
 **********
 **   93 **MIGRAD
 **********
 START MIGRAD MINIMIZATION.  STRATEGY  1.  CONVERGENCE WHEN EDM .LT. 1.00e-04
 FCN=381.518 FROM MIGRAD    STATUS=INITIATE       22 CALLS        1070 TOTAL
                     EDM= unknown      STRATEGY= 1      NO ERROR MATRIX       
  EXT PARAMETER               CURRENT GUESS       STEP         FIRST   
  NO.   NAME      VALUE            ERROR          SIZE      DERIVATIVE 
   1  N0           3.08773e+06   1.01868e+03   1.01868e+03  -9.28111e-05
   2  tau          6.44002e+01   constant   
   3  A0           3.48073e-01   4.36358e-04   4.36358e-04   6.41257e+02
   4  phi          4.13161e+00   1.31219e-03   1.31219e-03   4.59677e+01
   5  R           -6.02574e+01   constant   
   6  A_CBO        1.58058e-04   7.82014e-04   7.82014e-04  -1.24295e+03
   7  w_CBO        2.32662e+00   5.84284e-03   5.84284e-03  -1.56979e+00
   8  phi_CBO      1.35031e+00   2.55626e+00   2.55626e+00  -4.23371e-04
   9  ANx2         2.45054e-04   constant   
  10  pNx2         5.52114e+00   constant   
  11  ANy1         0.00000e+00   constant   
  12  pNy1         0.00000e+00   constant   
  13  w_y          0.00000e+00   constant   
  14  ANy2         1.31089e-04   4.59391e-04   4.40853e-06  -1.29490e-03
  15  pNy2         3.05066e+00   constant   
  16  w_vw         1.43134e+01   constant   
  17  LM          -3.45580e-05   constant   
  18  wCBO_expCoeff   1.99760e+02   6.48636e-01   5.10451e-04  -1.18628e-02
  19  wCBO_expOffset   1.99964e+02   1.00068e-01   9.53503e-05  -7.74358e-02
  20  wCBO_expT    3.00142e+01   1.56977e-02   2.15051e-05  -3.52530e-01
  21  wCBO_linCoeff   0.00000e+00   constant   
  22  wCBO_const   4.37584e-03   1.35565e-03   8.52942e-06  -1.20784e+00
 MIGRAD MINIMIZATION HAS CONVERGED.
 FCN=381.387 FROM MIGRAD    STATUS=CONVERGED     218 CALLS        1266 TOTAL
                     EDM=2.99556e-06    STRATEGY= 1  ERROR MATRIX UNCERTAINTY   1.1 per cent
  EXT PARAMETER                                   STEP         FIRST   
  NO.   NAME      VALUE            ERROR          SIZE      DERIVATIVE 
   1  N0           3.08777e+06   1.01368e+03   2.82780e+00  -4.04749e-07
   2  tau          6.44002e+01   constant   
