 + ++++++++++++++++++++++++++++++++++++++++++++++++++++++++++++++++++++ +
 +                                                                      +
 +           You have chose to blind your fitting according to          +
 +                omega_ref * (1 + (R +/- deltaR) *10^{-6})             +
 +                                                                      +
 + ++++++++++++++++++++++++++++++++++++++++++++++++++++++++++++++++++++ +
In main()...
reading format from /gm2data/zkhechad/run45/envelope/formats/formatB_sBin_constraintOn.txt
pBinTau 	= 0  
pBinPhi 	= 0  
constraintau 	= 1 
includeMopTerm 	= 0    
constrainMop    = 0   
Parameters after format file: pBinTau 0 pBinPhi 0 constraintau 1 includeMopTerm 0 constrainMop 0 c_e_scale 0.000000 
reading cbo reference file (full fit) from /gm2data/zkhechad/cboTemplates/Run4CBOTemplates/fullFits/run4/sBin_constraintOn_cE0.0_seed0_run4_calo5.root
A_CBO 0.008637 w_CBO 2.327270 phi_CBO 4.582201 N0 2703588.677157 R -62.169895 tau 64.408322 
Reading cboRef file /gm2data/zkhechad/cboTemplates/Run4CBOTemplates//cboIsolate/run4_calo5.root
deltaT 164.120000
windowBins = 1100
fitting sliding window 1660 from bin 1863 at 277.959600 to bin 2963 at 442.079600 (1100 bins)

Reading data from /gm2data/cornell/histograms/aMethod/histogram_a_run4.root
fitting cbo isolate
 **********
 **    1 **SET PRINTOUT            1
 **********
 **********
 **    2 **SET NOWARNINGS 
 **********
 PARAMETER DEFINITIONS:
    NO.   NAME         VALUE      STEP SIZE      LIMITS
     1 A_CBO        8.63683e-03  1.00000e-05     no limits
     2 w_CBO        2.32727e+00  1.00000e-02    2.00000e+00  3.00000e+00
     3 phi_CBO      4.58220e+00  1.00000e-02    0.00000e+00  6.28319e+00
 **********
 **    3 **MIGRAD
 **********
 FIRST CALL TO USER FUNCTION AT NEW START POINT, WITH IFLAG=4.
 START MIGRAD MINIMIZATION.  STRATEGY  1.  CONVERGENCE WHEN EDM .LT. 1.00e-04
 FCN=0.072961 FROM MIGRAD    STATUS=INITIATE       12 CALLS          13 TOTAL
                     EDM= unknown      STRATEGY= 1      NO ERROR MATRIX       
  EXT PARAMETER               CURRENT GUESS       STEP         FIRST   
  NO.   NAME      VALUE            ERROR          SIZE      DERIVATIVE 
   1  A_CBO        8.63683e-03   1.00000e-05   1.00000e-05   7.17033e+00
   2  w_CBO        2.32727e+00   1.00000e-02   2.13144e-02  -3.29390e-01
   3  phi_CBO      4.58220e+00   1.00000e-02   3.58191e-03   3.91951e-03
 MIGRAD MINIMIZATION HAS CONVERGED.
 MIGRAD WILL VERIFY CONVERGENCE AND ERROR MATRIX.
 COVARIANCE MATRIX CALCULATED SUCCESSFULLY
 FCN=0.049548 FROM HESSE     STATUS=OK             16 CALLS          50 TOTAL
                     EDM=7.76522e-05    STRATEGY= 1      ERROR MATRIX ACCURATE 
  EXT PARAMETER                                   STEP         FIRST   
  NO.   NAME      VALUE            ERROR          SIZE      DERIVATIVE 
   1  A_CBO        2.11294e-03   4.29189e-02   2.13315e-05  -1.00692e-02
   2  w_CBO        2.32745e+00   3.26576e-01   5.98559e-05  -1.33512e-02
   3  phi_CBO      4.55937e+00   5.41793e+00   3.53928e-03  -1.59411e-04
 MIGRAD MINIMIZATION HAS CONVERGED.
 FCN=0.0494863 FROM MIGRAD    STATUS=CONVERGED      57 CALLS          58 TOTAL
                     EDM=7.41034e-06    STRATEGY= 1  ERROR MATRIX UNCERTAINTY   4.2 per cent
  EXT PARAMETER                                   STEP         FIRST   
  NO.   NAME      VALUE            ERROR          SIZE      DERIVATIVE 
   1  A_CBO        2.14444e-03   4.28794e-02   3.14967e-05  -3.86652e-03
   2  w_CBO        2.32940e+00   2.93432e-01   4.15000e-03   3.86479e-02
   3  phi_CBO      5.20413e+00   3.53662e+00   2.47989e-01  -6.99375e-04
 EXTERNAL ERROR MATRIX.    NDIM=  25    NPAR=  3    ERR DEF=1
  1.839e-03  1.382e-03  4.447e-01 
  1.382e-03  1.004e-01  3.168e+01 
  4.447e-01  3.168e+01  1.024e+04 
 PARAMETER  CORRELATION COEFFICIENTS  
       NO.  GLOBAL      1      2      3
        1  0.10255   1.000  0.102  0.103
        2  0.98807   0.102  1.000  0.988
        3  0.98808   0.103  0.988  1.000
setting A_CBO=0.002144 w_CBO=2.329400, phi_CBO=5.204130
done fitting cbo isolate
 **********
 **    1 **SET PRINTOUT            1
 **********
 **********
 **    2 **SET NOWARNINGS 
 **********
 PARAMETER DEFINITIONS:
    NO.   NAME         VALUE      STEP SIZE      LIMITS
     1 N0           2.70359e+06  1.00000e+02     no limits
     2 tau          6.44083e+01  constant
     3 A0           3.58550e-01  1.00000e-04     no limits
     4 phi          4.11640e+00  1.00000e-02     no limits
     5 R           -6.21699e+01  constant
     6 A_CBO        2.14444e-03  1.00000e-05     no limits
     7 w_CBO        2.32940e+00  1.00000e-03     no limits
     8 phi_CBO      5.20413e+00  1.00000e-04     no limits
     9 ANx2         2.34902e-04  constant
    10 pNx2         5.38708e+00  constant
    11 ANy1         0.00000e+00  constant
    12 pNy1         0.00000e+00  constant
    13 w_y          0.00000e+00  constant
    14 ANy2         8.91556e-03  1.00000e-04     no limits
    15 pNy2         6.21709e+00  constant
    16 w_vw         1.43264e+01  constant
    17 LM           1.88334e-04  constant
    18 wCBO_expCoeff   2.00000e+02  1.00000e+00     no limits
    19 wCBO_expOffset   2.00000e+02  1.00000e+00     no limits
    20 wCBO_expT    3.00000e+01  1.00000e+00     no limits
    21 wCBO_linCoeff   0.00000e+00  constant
    22 wCBO_const   0.00000e+00  1.00000e-02     no limits
MINUIT - FIT ONLY WIGGLE
 **********
 **    3 **FIX            5
 **********
 PARAMETER    5  IS CONSTANT.   IGNORED.
 **********
 **    4 **FIX            6
 **********
 **********
 **    5 **FIX            7
 **********
 **********
 **    6 **FIX            8
 **********
 **********
 **    7 **FIX            9
 **********
 PARAMETER    9  IS CONSTANT.   IGNORED.
 **********
 **    8 **FIX           10
 **********
 PARAMETER   10  IS CONSTANT.   IGNORED.
 **********
 **    9 **FIX           11
 **********
 PARAMETER   11  IS CONSTANT.   IGNORED.
 **********
 **   10 **FIX           12
 **********
 PARAMETER   12  IS CONSTANT.   IGNORED.
 **********
 **   11 **FIX           13
 **********
 PARAMETER   13  IS CONSTANT.   IGNORED.
 **********
 **   12 **FIX           14
 **********
 **********
 **   13 **FIX           15
 **********
 PARAMETER   15  IS CONSTANT.   IGNORED.
 **********
 **   14 **FIX           16
 **********
 PARAMETER   16  IS CONSTANT.   IGNORED.
 **********
 **   15 **MIGRAD
 **********
 FIRST CALL TO USER FUNCTION AT NEW START POINT, WITH IFLAG=4.
 START MIGRAD MINIMIZATION.  STRATEGY  1.  CONVERGENCE WHEN EDM .LT. 1.00e-04
 FCN=772.108 FROM MIGRAD    STATUS=INITIATE       59 CALLS          60 TOTAL
                     EDM= unknown      STRATEGY= 1      NO ERROR MATRIX       
  EXT PARAMETER               CURRENT GUESS       STEP         FIRST   
  NO.   NAME      VALUE            ERROR          SIZE      DERIVATIVE 
   1  N0           2.70359e+06   1.00000e+02   0.00000e+00   6.58963e-05
   2  tau          6.44083e+01   constant   
   3  A0           3.58550e-01   1.00000e-04   0.00000e+00   6.93922e+02
   4  phi          4.11640e+00   1.00000e-02   0.00000e+00   2.10127e+02
   5  R           -6.21699e+01   constant   
   6  A_CBO        2.14444e-03     fixed    
   7  w_CBO        2.32940e+00     fixed    
   8  phi_CBO      5.20413e+00     fixed    
   9  ANx2         2.34902e-04   constant   
  10  pNx2         5.38708e+00   constant   
  11  ANy1         0.00000e+00   constant   
  12  pNy1         0.00000e+00   constant   
  13  w_y          0.00000e+00   constant   
  14  ANy2         8.91556e-03     fixed    
  15  pNy2         6.21709e+00   constant   
  16  w_vw         1.43264e+01   constant   
  17  LM           1.88334e-04   constant   
  18  wCBO_expCoeff   1.99913e+02   1.00000e+00  -8.65127e-02  -3.64569e+01
  19  wCBO_expOffset   2.00000e+02   1.00000e+00   0.00000e+00  -2.42916e+02
  20  wCBO_expT    3.00000e+01   1.00000e+00   0.00000e+00  -6.85335e+02
  21  wCBO_linCoeff   0.00000e+00   constant   
  22  wCBO_const   0.00000e+00   1.00000e-02   0.00000e+00  -4.64609e+03
 MIGRAD FAILS TO FIND IMPROVEMENT
 COVARIANCE MATRIX CALCULATED SUCCESSFULLY
 FCN=762 FROM HESSE     STATUS=OK             54 CALLS         382 TOTAL
                     EDM=6.42996e-06    STRATEGY= 1      ERROR MATRIX ACCURATE 
  EXT PARAMETER                                   STEP         FIRST   
  NO.   NAME      VALUE            ERROR          SIZE      DERIVATIVE 
   1  N0           2.70389e+06   8.30870e+02   1.10678e+01  -1.74634e-06
   2  tau          6.44083e+01   constant   
   3  A0           3.58598e-01   4.10783e-04   5.51404e-06  -3.64434e-01
   4  phi          4.11632e+00   1.18993e-03   1.60099e-05   1.90638e+00
   5  R           -6.21699e+01   constant   
   6  A_CBO        2.14444e-03     fixed    
   7  w_CBO        2.32940e+00     fixed    
   8  phi_CBO      5.20413e+00     fixed    
   9  ANx2         2.34902e-04   constant   
  10  pNx2         5.38708e+00   constant   
  11  ANy1         0.00000e+00   constant   
  12  pNy1         0.00000e+00   constant   
  13  w_y          0.00000e+00   constant   
  14  ANy2         8.91556e-03     fixed    
  15  pNy2         6.21709e+00   constant   
  16  w_vw         1.43264e+01   constant   
  17  LM           1.88334e-04   constant   
  18  wCBO_expCoeff   1.99745e+02   9.24625e-02   1.30590e-04   8.91975e-02
  19  wCBO_expOffset   1.99970e+02   1.09113e-02   9.53529e-05   5.92609e-01
  20  wCBO_expT    3.00158e+01   4.02792e-03   1.43127e-05   1.25772e+00
  21  wCBO_linCoeff   0.00000e+00   constant   
  22  wCBO_const   1.24840e-03   9.61213e-04   6.01036e-06  -3.30595e+00
 MIGRAD MINIMIZATION HAS CONVERGED.
 FCN=762 FROM MIGRAD    STATUS=CONVERGED     396 CALLS         397 TOTAL
                     EDM=1.33755e-06    STRATEGY= 1  ERROR MATRIX UNCERTAINTY   0.3 per cent
  EXT PARAMETER                                   STEP         FIRST   
  NO.   NAME      VALUE            ERROR          SIZE      DERIVATIVE 
   1  N0           2.70389e+06   8.35575e+02   5.54887e-01   8.59136e-10
   2  tau          6.44083e+01   constant   
   3  A0           3.58599e-01   4.11203e-04   1.16089e-07   6.45366e-03
   4  phi          4.11632e+00   1.21473e-03  -1.48457e-06  -1.33989e-03
   5  R           -6.21699e+01   constant   
   6  A_CBO        2.14444e-03     fixed    
   7  w_CBO        2.32940e+00     fixed    
   8  phi_CBO      5.20413e+00     fixed    
   9  ANx2         2.34902e-04   constant   
  10  pNx2         5.38708e+00   constant   
  11  ANy1         0.00000e+00   constant   
  12  pNy1         0.00000e+00   constant   
  13  w_y          0.00000e+00   constant   
  14  ANy2         8.91556e-03     fixed    
  15  pNy2         6.21709e+00   constant   
  16  w_vw         1.43264e+01   constant   
  17  LM           1.88334e-04   constant   
  18  wCBO_expCoeff   1.99745e+02   8.90643e-02  -4.16711e-06  -2.77115e-03
  19  wCBO_expOffset   1.99970e+02   9.87358e-03  -3.04648e-07  -2.30773e-01
  20  wCBO_expT    3.00158e+01   4.06430e-03  -1.72307e-06  -7.09069e-02
  21  wCBO_linCoeff   0.00000e+00   constant   
  22  wCBO_const   1.25031e-03   1.02711e-03   1.90538e-06  -1.28450e-01
 EXTERNAL ERROR MATRIX.    NDIM=  25    NPAR=  7    ERR DEF=1
  6.982e+05  6.013e-03 -3.618e-02 -3.276e+00  9.043e-01 -1.684e-01  1.202e-02 
  6.013e-03  1.691e-07 -8.900e-09 -5.850e-07  1.812e-07 -7.328e-08  4.407e-08 
 -3.618e-02 -8.900e-09  1.476e-06  1.262e-05 -2.422e-06  3.165e-07 -1.574e-07 
 -3.276e+00 -5.850e-07  1.262e-05  7.932e-03 -5.622e-04 -2.172e-04 -8.159e-08 
  9.043e-01  1.812e-07 -2.422e-06 -5.622e-04  9.749e-05 -7.993e-06  3.482e-06 
 -1.684e-01 -7.328e-08  3.165e-07 -2.172e-04 -7.993e-06  1.652e-05 -2.243e-06 
  1.202e-02  4.407e-08 -1.574e-07 -8.159e-08  3.482e-06 -2.243e-06  1.055e-06 
 PARAMETER  CORRELATION COEFFICIENTS  
       NO.  GLOBAL      1      3      4     18     19     20     22
        1  0.12691   1.000  0.017 -0.036 -0.044  0.110 -0.050  0.014
        3  0.10754   0.017  1.000 -0.018 -0.016  0.045 -0.044  0.104
        4  0.21435  -0.036 -0.018  1.000  0.117 -0.202  0.064 -0.126
       18  0.99408  -0.044 -0.016  0.117  1.000 -0.639 -0.600 -0.001
       19  0.98942   0.110  0.045 -0.202 -0.639  1.000 -0.199  0.343
       20  0.99217  -0.050 -0.044  0.064 -0.600 -0.199  1.000 -0.537
       22  0.90035   0.014  0.104 -0.126 -0.001  0.343 -0.537  1.000
MINUIT - FIT ONLY 1-CBO + other amplitudes 
 **********
 **   16 **RES 
 **********
                   PARAMETER   14  ANy2 RESTORED TO VARIABLE.
                   PARAMETER    8  phi_CBO RESTORED TO VARIABLE.
                   PARAMETER    7  w_CBO RESTORED TO VARIABLE.
                   PARAMETER    6  A_CBO RESTORED TO VARIABLE.
 **********
 **   17 **FIX            0
 **********
 PARAMETER    0  IS UNDEFINED. IGNORED.
 **********
 **   18 **FIX            1
 **********
 **********
 **   19 **FIX            2
 **********
 PARAMETER    2  IS CONSTANT.   IGNORED.
 **********
 **   20 **FIX            3
 **********
 **********
 **   21 **FIX            4
 **********
 **********
 **   22 **FIX            9
 **********
 PARAMETER    9  IS CONSTANT.   IGNORED.
 **********
 **   23 **FIX           11
 **********
 PARAMETER   11  IS CONSTANT.   IGNORED.
 **********
 **   24 **FIX           12
 **********
 PARAMETER   12  IS CONSTANT.   IGNORED.
 **********
 **   25 **FIX           14
 **********
 **********
 **   26 **FIX           15
 **********
 PARAMETER   15  IS CONSTANT.   IGNORED.
 **********
 **   27 **FIX           16
 **********
 PARAMETER   16  IS CONSTANT.   IGNORED.
 **********
 **   28 **MIGRAD
 **********
 START MIGRAD MINIMIZATION.  STRATEGY  1.  CONVERGENCE WHEN EDM .LT. 1.00e-04
 FCN=762 FROM MIGRAD    STATUS=INITIATE       20 CALLS         417 TOTAL
                     EDM= unknown      STRATEGY= 1      NO ERROR MATRIX       
  EXT PARAMETER               CURRENT GUESS       STEP         FIRST   
  NO.   NAME      VALUE            ERROR          SIZE      DERIVATIVE 
   1  N0           2.70389e+06     fixed    
   2  tau          6.44083e+01   constant   
   3  A0           3.58599e-01     fixed    
   4  phi          4.11632e+00     fixed    
   5  R           -6.21699e+01   constant   
   6  A_CBO        2.14444e-03   1.00000e-05   1.00000e-05   1.61067e+04
   7  w_CBO        2.32940e+00   1.00000e-03   1.00000e-03  -2.90757e-01
   8  phi_CBO      5.20413e+00   1.00000e-04   1.00000e-04   5.01659e+00
   9  ANx2         2.34902e-04   constant   
  10  pNx2         5.38708e+00   constant   
  11  ANy1         0.00000e+00   constant   
  12  pNy1         0.00000e+00   constant   
  13  w_y          0.00000e+00   constant   
  14  ANy2         8.91556e-03     fixed    
  15  pNy2         6.21709e+00   constant   
  16  w_vw         1.43264e+01   constant   
  17  LM           1.88334e-04   constant   
  18  wCBO_expCoeff   1.99745e+02   8.90643e-02  -4.16711e-06  -2.77100e-03
  19  wCBO_expOffset   1.99970e+02   9.87358e-03  -3.04648e-07  -2.30773e-01
  20  wCBO_expT    3.00158e+01   4.06430e-03  -1.72307e-06  -7.09069e-02
  21  wCBO_linCoeff   0.00000e+00   constant   
  22  wCBO_const   1.25031e-03   1.02711e-03   1.90538e-06  -1.28461e-01
 MIGRAD MINIMIZATION HAS CONVERGED.
 FCN=747.931 FROM MIGRAD    STATUS=CONVERGED     148 CALLS         545 TOTAL
                     EDM=3.27301e-07    STRATEGY= 1  ERROR MATRIX UNCERTAINTY   2.8 per cent
  EXT PARAMETER                                   STEP         FIRST   
  NO.   NAME      VALUE            ERROR          SIZE      DERIVATIVE 
   1  N0           2.70389e+06     fixed    
   2  tau          6.44083e+01   constant   
   3  A0           3.58599e-01     fixed    
   4  phi          4.11632e+00     fixed    
   5  R           -6.21699e+01   constant   
   6  A_CBO        6.71943e-04   4.28798e-04   4.38700e-07   2.09872e-01
   7  w_CBO        2.32939e+00   1.00957e-04   3.56220e-08  -2.34127e+00
   8  phi_CBO      4.26694e+00   7.73693e-01   1.34184e-03   1.16951e-04
   9  ANx2         2.34902e-04   constant   
  10  pNx2         5.38708e+00   constant   
  11  ANy1         0.00000e+00   constant   
  12  pNy1         0.00000e+00   constant   
  13  w_y          0.00000e+00   constant   
  14  ANy2         8.91556e-03     fixed    
  15  pNy2         6.21709e+00   constant   
  16  w_vw         1.43264e+01   constant   
  17  LM           1.88334e-04   constant   
  18  wCBO_expCoeff   1.99746e+02   1.02850e-02  -5.62520e-07  -2.72296e-02
  19  wCBO_expOffset   1.99970e+02   1.54512e-03  -1.23394e-07  -1.42147e-01
  20  wCBO_expT    3.00158e+01   4.82999e-04  -4.05054e-08   1.91198e+00
  21  wCBO_linCoeff   0.00000e+00   constant   
  22  wCBO_const   4.75993e-04   9.12187e-04   1.78132e-06  -1.30382e-02
 EXTERNAL ERROR MATRIX.    NDIM=  25    NPAR=  7    ERR DEF=1
  1.839e-07 -3.937e-10  1.028e-05 -9.482e-08 -1.596e-08 -1.403e-08  2.302e-08 
 -3.937e-10  1.019e-08  5.035e-06  1.700e-08  2.385e-09 -4.260e-09 -2.783e-08 
  1.028e-05  5.035e-06  5.986e-01 -1.432e-05 -8.336e-06 -4.115e-06  2.241e-04 
 -9.482e-08  1.700e-08 -1.432e-05  1.058e-04  1.803e-06 -8.209e-08 -4.351e-06 
 -1.596e-08  2.385e-09 -8.336e-06  1.803e-06  2.387e-06 -1.236e-08 -6.589e-07 
 -1.403e-08 -4.260e-09 -4.115e-06 -8.209e-08 -1.236e-08  2.333e-07 -1.499e-07 
  2.302e-08 -2.783e-08  2.241e-04 -4.351e-06 -6.589e-07 -1.499e-07  8.321e-07 
 PARAMETER  CORRELATION COEFFICIENTS  
       NO.  GLOBAL      6      7      8     18     19     20     22
        6  0.08242   1.000 -0.009  0.031 -0.022 -0.024 -0.068  0.059
        7  0.55525  -0.009  1.000  0.064  0.016  0.015 -0.087 -0.302
        8  0.53880   0.031  0.064  1.000 -0.002 -0.007 -0.011  0.317
       18  0.62752  -0.022  0.016 -0.002  1.000  0.113 -0.017 -0.464
       19  0.62999  -0.024  0.015 -0.007  0.113  1.000 -0.017 -0.467
       20  0.59350  -0.068 -0.087 -0.011 -0.017 -0.017  1.000 -0.340
       22  0.85292   0.059 -0.302  0.317 -0.464 -0.467 -0.340  1.000
MINUIT - FIT ONLY 1-CBO
 **********
 **   29 **RES 
 **********
                   PARAMETER   14  ANy2 RESTORED TO VARIABLE.
                   PARAMETER    4  phi RESTORED TO VARIABLE.
                   PARAMETER    3  A0 RESTORED TO VARIABLE.
                   PARAMETER    1  N0 RESTORED TO VARIABLE.
 **********
 **   30 **FIX            0
 **********
 PARAMETER    0  IS UNDEFINED. IGNORED.
 **********
 **   31 **FIX            1
 **********
 **********
 **   32 **FIX            2
 **********
 PARAMETER    2  IS CONSTANT.   IGNORED.
 **********
 **   33 **FIX            3
 **********
 **********
 **   34 **FIX            4
 **********
 **********
 **   35 **FIX            8
 **********
 **********
 **   36 **FIX            9
 **********
 PARAMETER    9  IS CONSTANT.   IGNORED.
 **********
 **   37 **FIX           11
 **********
 PARAMETER   11  IS CONSTANT.   IGNORED.
 **********
 **   38 **FIX           12
 **********
 PARAMETER   12  IS CONSTANT.   IGNORED.
 **********
 **   39 **FIX           13
 **********
 PARAMETER   13  IS CONSTANT.   IGNORED.
 **********
 **   40 **FIX           15
 **********
 PARAMETER   15  IS CONSTANT.   IGNORED.
 **********
 **   41 **FIX           16
 **********
 PARAMETER   16  IS CONSTANT.   IGNORED.
 **********
 **   42 **MIGRAD
 **********
 START MIGRAD MINIMIZATION.  STRATEGY  1.  CONVERGENCE WHEN EDM .LT. 1.00e-04
 FCN=747.931 FROM MIGRAD    STATUS=INITIATE       16 CALLS         561 TOTAL
                     EDM= unknown      STRATEGY= 1      NO ERROR MATRIX       
  EXT PARAMETER               CURRENT GUESS       STEP         FIRST   
  NO.   NAME      VALUE            ERROR          SIZE      DERIVATIVE 
   1  N0           2.70389e+06     fixed    
   2  tau          6.44083e+01   constant   
   3  A0           3.58599e-01     fixed    
   4  phi          4.11632e+00     fixed    
   5  R           -6.21699e+01   constant   
   6  A_CBO        6.71943e-04   4.28798e-04   4.38700e-07   2.09872e-01
   7  w_CBO        2.32939e+00   1.00957e-04   3.56220e-08  -2.34128e+00
   8  phi_CBO      4.26694e+00     fixed    
   9  ANx2         2.34902e-04   constant   
  10  pNx2         5.38708e+00   constant   
  11  ANy1         0.00000e+00   constant   
  12  pNy1         0.00000e+00   constant   
  13  w_y          0.00000e+00   constant   
  14  ANy2         8.91556e-03   1.00000e-04   1.00000e-04   9.57018e+04
  15  pNy2         6.21709e+00   constant   
  16  w_vw         1.43264e+01   constant   
  17  LM           1.88334e-04   constant   
  18  wCBO_expCoeff   1.99746e+02   1.02850e-02  -5.62520e-07  -2.72297e-02
  19  wCBO_expOffset   1.99970e+02   1.54512e-03  -1.23394e-07  -1.42147e-01
  20  wCBO_expT    3.00158e+01   4.82999e-04  -4.05054e-08   1.91198e+00
  21  wCBO_linCoeff   0.00000e+00   constant   
  22  wCBO_const   4.75993e-04   9.12187e-04   1.78132e-06  -1.30378e-02
 MIGRAD MINIMIZATION HAS CONVERGED.
 MIGRAD WILL VERIFY CONVERGENCE AND ERROR MATRIX.
 COVARIANCE MATRIX CALCULATED SUCCESSFULLY
 FCN=316.795 FROM MIGRAD    STATUS=CONVERGED     205 CALLS         750 TOTAL
                     EDM=2.02263e-06    STRATEGY= 1      ERROR MATRIX ACCURATE 
  EXT PARAMETER                                   STEP         FIRST   
  NO.   NAME      VALUE            ERROR          SIZE      DERIVATIVE 
   1  N0           2.70389e+06     fixed    
   2  tau          6.44083e+01   constant   
   3  A0           3.58599e-01     fixed    
   4  phi          4.11632e+00     fixed    
   5  R           -6.21699e+01   constant   
   6  A_CBO        2.01235e-04   4.69458e-04   3.74736e-06   2.52412e+00
   7  w_CBO        2.32921e+00   4.78113e-03   1.91969e-06   1.96131e+00
   8  phi_CBO      4.26694e+00     fixed    
   9  ANx2         2.34902e-04   constant   
  10  pNx2         5.38708e+00   constant   
  11  ANy1         0.00000e+00   constant   
  12  pNy1         0.00000e+00   constant   
  13  w_y          0.00000e+00   constant   
  14  ANy2        -9.56620e-05   4.34190e-04   3.77127e-06  -7.06904e-01
  15  pNy2         6.21709e+00   constant   
  16  w_vw         1.43264e+01   constant   
  17  LM           1.88334e-04   constant   
  18  wCBO_expCoeff   1.99728e+02   4.26537e-01   1.82265e-04   2.80079e-02
  19  wCBO_expOffset   1.99967e+02   4.18268e-02   9.53517e-05   1.86290e-01
  20  wCBO_expT    3.00188e+01   9.94867e-03   1.43141e-05   3.68784e-01
  21  wCBO_linCoeff   0.00000e+00   constant   
  22  wCBO_const   3.38875e-04   2.30067e-03   6.24076e-06  -1.02456e+00
 EXTERNAL ERROR MATRIX.    NDIM=  25    NPAR=  7    ERR DEF=1
  2.204e-07 -2.645e-08  1.066e-08 -3.738e-06 -5.175e-07  4.914e-07  1.312e-07 
 -2.645e-08  2.286e-05  1.959e-08 -1.423e-03 -5.681e-05 -8.604e-06 -9.363e-06 
  1.066e-08  1.959e-08  1.885e-07  2.154e-06 -1.977e-07 -1.324e-07  3.186e-09 
 -3.738e-06 -1.423e-03  2.154e-06  1.819e-01 -6.384e-03 -9.386e-04  6.568e-04 
 -5.175e-07 -5.681e-05 -1.977e-07 -6.384e-03  1.749e-03 -1.910e-05  2.500e-05 
  4.914e-07 -8.604e-06 -1.324e-07 -9.386e-04 -1.910e-05  9.898e-05 -2.317e-06 
  1.312e-07 -9.363e-06  3.186e-09  6.568e-04  2.500e-05 -2.317e-06  5.293e-06 
 PARAMETER  CORRELATION COEFFICIENTS  
       NO.  GLOBAL      6      7     14     18     19     20     22
        6  0.39859   1.000 -0.012  0.052 -0.019 -0.026  0.105  0.121
        7  0.99894  -0.012  1.000  0.009 -0.698 -0.284 -0.181 -0.851
       14  0.06559   0.052  0.009  1.000  0.012 -0.011 -0.031  0.003
       18  0.99880  -0.019 -0.698  0.012  1.000 -0.358 -0.221  0.669
       19  0.99717  -0.026 -0.284 -0.011 -0.358  1.000 -0.046  0.260
       20  0.99427   0.105 -0.181 -0.031 -0.221 -0.046  1.000 -0.101
       22  0.95040   0.121 -0.851  0.003  0.669  0.260 -0.101  1.000
MINUIT - FIT ONLY 2-CBO
 **********
 **   43 **RES 
 **********
                   PARAMETER    8  phi_CBO RESTORED TO VARIABLE.
                   PARAMETER    4  phi RESTORED TO VARIABLE.
                   PARAMETER    3  A0 RESTORED TO VARIABLE.
                   PARAMETER    1  N0 RESTORED TO VARIABLE.
 **********
 **   44 **FIX            0
 **********
 PARAMETER    0  IS UNDEFINED. IGNORED.
 **********
 **   45 **FIX            1
 **********
 **********
 **   46 **FIX            2
 **********
 PARAMETER    2  IS CONSTANT.   IGNORED.
 **********
 **   47 **FIX            3
 **********
 **********
 **   48 **FIX            4
 **********
 **********
 **   49 **FIX            5
 **********
 PARAMETER    5  IS CONSTANT.   IGNORED.
 **********
 **   50 **FIX            6
 **********
 **********
 **   51 **FIX            7
 **********
 **********
 **   52 **FIX           10
 **********
 PARAMETER   10  IS CONSTANT.   IGNORED.
 **********
 **   53 **FIX           11
 **********
 PARAMETER   11  IS CONSTANT.   IGNORED.
 **********
 **   54 **FIX           12
 **********
 PARAMETER   12  IS CONSTANT.   IGNORED.
 **********
 **   55 **FIX           13
 **********
 PARAMETER   13  IS CONSTANT.   IGNORED.
 **********
 **   56 **FIX           14
 **********
 **********
 **   57 **FIX           15
 **********
 PARAMETER   15  IS CONSTANT.   IGNORED.
 **********
 **   58 **FIX           16
 **********
 PARAMETER   16  IS CONSTANT.   IGNORED.
 **********
 **   59 **MIGRAD
 **********
 START MIGRAD MINIMIZATION.  STRATEGY  1.  CONVERGENCE WHEN EDM .LT. 1.00e-04
 FCN=316.795 FROM MIGRAD    STATUS=INITIATE       12 CALLS         762 TOTAL
                     EDM= unknown      STRATEGY= 1      NO ERROR MATRIX       
  EXT PARAMETER               CURRENT GUESS       STEP         FIRST   
  NO.   NAME      VALUE            ERROR          SIZE      DERIVATIVE 
   1  N0           2.70389e+06     fixed    
   2  tau          6.44083e+01   constant   
   3  A0           3.58599e-01     fixed    
   4  phi          4.11632e+00     fixed    
   5  R           -6.21699e+01   constant   
   6  A_CBO        2.01235e-04     fixed    
   7  w_CBO        2.32921e+00     fixed    
   8  phi_CBO      4.26694e+00   7.73693e-01   7.73693e-01   6.47705e-01
   9  ANx2         2.34902e-04   constant   
  10  pNx2         5.38708e+00   constant   
  11  ANy1         0.00000e+00   constant   
  12  pNy1         0.00000e+00   constant   
  13  w_y          0.00000e+00   constant   
  14  ANy2        -9.56620e-05     fixed    
  15  pNy2         6.21709e+00   constant   
  16  w_vw         1.43264e+01   constant   
  17  LM           1.88334e-04   constant   
  18  wCBO_expCoeff   1.99728e+02   4.26537e-01   1.82265e-04   2.78539e-02
  19  wCBO_expOffset   1.99967e+02   4.18268e-02   9.53517e-05   1.73101e-01
  20  wCBO_expT    3.00188e+01   9.94867e-03   1.43141e-05   3.60366e-01
  21  wCBO_linCoeff   0.00000e+00   constant   
  22  wCBO_const   3.38875e-04   2.30067e-03   6.24076e-06  -1.03015e+00
 MIGRAD MINIMIZATION HAS CONVERGED.
 FCN=316.39 FROM MIGRAD    STATUS=CONVERGED     101 CALLS         851 TOTAL
                     EDM=1.10783e-07    STRATEGY= 1  ERROR MATRIX UNCERTAINTY   1.7 per cent
  EXT PARAMETER                                   STEP         FIRST   
  NO.   NAME      VALUE            ERROR          SIZE      DERIVATIVE 
   1  N0           2.70389e+06     fixed    
   2  tau          6.44083e+01   constant   
   3  A0           3.58599e-01     fixed    
   4  phi          4.11632e+00     fixed    
   5  R           -6.21699e+01   constant   
   6  A_CBO        2.01235e-04     fixed    
   7  w_CBO        2.32921e+00     fixed    
   8  phi_CBO      3.13850e+00   1.70991e+00   5.41544e-04   4.70843e-05
   9  ANx2         2.34902e-04   constant   
  10  pNx2         5.38708e+00   constant   
  11  ANy1         0.00000e+00   constant   
  12  pNy1         0.00000e+00   constant   
  13  w_y          0.00000e+00   constant   
  14  ANy2        -9.56620e-05     fixed    
  15  pNy2         6.21709e+00   constant   
  16  w_vw         1.43264e+01   constant   
  17  LM           1.88334e-04   constant   
  18  wCBO_expCoeff   1.99714e+02   1.12713e-01   3.52621e-04   8.95148e-03
  19  wCBO_expOffset   1.99965e+02   1.70122e-02   5.31326e-05   8.08525e-02
  20  wCBO_expT    3.00202e+01   1.21319e-02  -3.28187e-05   1.45239e-01
  21  wCBO_linCoeff   0.00000e+00   constant   
  22  wCBO_const   9.25725e-05   1.32482e-03   1.46105e-07  -2.67913e-01
 EXTERNAL ERROR MATRIX.    NDIM=  25    NPAR=  5    ERR DEF=1
  2.924e+00  1.732e-02  2.614e-03 -1.893e-03  5.775e-04 
  1.732e-02  1.270e-02  1.852e-03 -1.343e-03  8.645e-05 
  2.614e-03  1.852e-03  2.894e-04 -2.028e-04  1.307e-05 
 -1.893e-03 -1.343e-03 -2.028e-04  1.472e-04 -1.057e-05 
  5.775e-04  8.645e-05  1.307e-05 -1.057e-05  1.755e-06 
 PARAMETER  CORRELATION COEFFICIENTS  
       NO.  GLOBAL      8     18     19     20     22
        8  0.36188   1.000  0.090  0.090 -0.091  0.255
       18  0.98797   0.090  1.000  0.966 -0.982  0.579
       19  0.98815   0.090  0.966  1.000 -0.983  0.580
       20  0.99604  -0.091 -0.982 -0.983  1.000 -0.658
       22  0.85220   0.255  0.579  0.580 -0.658  1.000
MINUIT - FIT ONLY 1-y
 **********
 **   60 **RES 
 **********
                   PARAMETER   14  ANy2 RESTORED TO VARIABLE.
                   PARAMETER    7  w_CBO RESTORED TO VARIABLE.
                   PARAMETER    6  A_CBO RESTORED TO VARIABLE.
                   PARAMETER    4  phi RESTORED TO VARIABLE.
                   PARAMETER    3  A0 RESTORED TO VARIABLE.
                   PARAMETER    1  N0 RESTORED TO VARIABLE.
 **********
 **   61 **FIX            0
 **********
 PARAMETER    0  IS UNDEFINED. IGNORED.
 **********
 **   62 **FIX            1
 **********
 **********
 **   63 **FIX            2
 **********
 PARAMETER    2  IS CONSTANT.   IGNORED.
 **********
 **   64 **FIX            3
 **********
 **********
 **   65 **FIX            4
 **********
 **********
 **   66 **FIX            5
 **********
 PARAMETER    5  IS CONSTANT.   IGNORED.
 **********
 **   67 **FIX            6
 **********
 **********
 **   68 **FIX            7
 **********
 **********
 **   69 **FIX            8
 **********
 **********
 **   70 **FIX            9
 **********
 PARAMETER    9  IS CONSTANT.   IGNORED.
 **********
 **   71 **FIX           13
 **********
 PARAMETER   13  IS CONSTANT.   IGNORED.
 **********
 **   72 **FIX           14
 **********
 **********
 **   73 **FIX           15
 **********
 PARAMETER   15  IS CONSTANT.   IGNORED.
 **********
 **   74 **FIX           16
 **********
 PARAMETER   16  IS CONSTANT.   IGNORED.
 **********
 **   75 **MIGRAD
 **********
 START MIGRAD MINIMIZATION.  STRATEGY  1.  CONVERGENCE WHEN EDM .LT. 1.00e-04
 FCN=316.39 FROM MIGRAD    STATUS=INITIATE        8 CALLS         859 TOTAL
                     EDM= unknown      STRATEGY= 1      NO ERROR MATRIX       
  EXT PARAMETER               CURRENT GUESS       STEP         FIRST   
  NO.   NAME      VALUE            ERROR          SIZE      DERIVATIVE 
   1  N0           2.70389e+06     fixed    
   2  tau          6.44083e+01   constant   
   3  A0           3.58599e-01     fixed    
   4  phi          4.11632e+00     fixed    
   5  R           -6.21699e+01   constant   
   6  A_CBO        2.01235e-04     fixed    
   7  w_CBO        2.32921e+00     fixed    
   8  phi_CBO      3.13850e+00     fixed    
   9  ANx2         2.34902e-04   constant   
  10  pNx2         5.38708e+00   constant   
  11  ANy1         0.00000e+00   constant   
  12  pNy1         0.00000e+00   constant   
  13  w_y          0.00000e+00   constant   
  14  ANy2        -9.56620e-05     fixed    
  15  pNy2         6.21709e+00   constant   
  16  w_vw         1.43264e+01   constant   
  17  LM           1.88334e-04   constant   
  18  wCBO_expCoeff   1.99714e+02   1.12713e-01   3.52621e-04   8.95070e-03
  19  wCBO_expOffset   1.99965e+02   1.70122e-02   5.31326e-05   8.08525e-02
  20  wCBO_expT    3.00202e+01   1.21319e-02  -3.28187e-05   1.45239e-01
  21  wCBO_linCoeff   0.00000e+00   constant   
  22  wCBO_const   9.25725e-05   1.32482e-03   1.46105e-07  -2.67913e-01
 MIGRAD MINIMIZATION HAS CONVERGED.
 MIGRAD WILL VERIFY CONVERGENCE AND ERROR MATRIX.
 FCN=316.39 FROM MIGRAD    STATUS=CONVERGED      45 CALLS         896 TOTAL
                     EDM=7.24181e-08    STRATEGY= 1      ERR MATRIX NOT POS-DEF
  EXT PARAMETER                APPROXIMATE        STEP         FIRST   
  NO.   NAME      VALUE            ERROR          SIZE      DERIVATIVE 
   1  N0           2.70389e+06     fixed    
   2  tau          6.44083e+01   constant   
   3  A0           3.58599e-01     fixed    
   4  phi          4.11632e+00     fixed    
   5  R           -6.21699e+01   constant   
   6  A_CBO        2.01235e-04     fixed    
   7  w_CBO        2.32921e+00     fixed    
   8  phi_CBO      3.13850e+00     fixed    
   9  ANx2         2.34902e-04   constant   
  10  pNx2         5.38708e+00   constant   
  11  ANy1         0.00000e+00   constant   
  12  pNy1         0.00000e+00   constant   
  13  w_y          0.00000e+00   constant   
  14  ANy2        -9.56620e-05     fixed    
  15  pNy2         6.21709e+00   constant   
  16  w_vw         1.43264e+01   constant   
  17  LM           1.88334e-04   constant   
  18  wCBO_expCoeff   1.99714e+02   2.53028e-01   1.86669e-04  -4.09807e-03
  19  wCBO_expOffset   1.99965e+02   4.11822e-02   9.53507e-05  -2.70347e-02
  20  wCBO_expT    3.00202e+01   8.34037e-03   1.43148e-05  -1.07017e-01
  21  wCBO_linCoeff   0.00000e+00   constant   
  22  wCBO_const   9.26095e-05   1.13169e-03   6.04413e-06  -4.72924e-01
 EXTERNAL ERROR MATRIX.    NDIM=  25    NPAR=  4    ERR DEF=1
  6.402e-02 -8.657e-03 -3.324e-04  1.648e-05 
 -8.657e-03  1.696e-03 -1.402e-04  8.207e-06 
 -3.324e-04 -1.402e-04  6.956e-05 -4.995e-06 
  1.648e-05  8.207e-06 -4.995e-06  1.281e-06 
ERR MATRIX NOT POS-DEF
 PARAMETER  CORRELATION COEFFICIENTS  
       NO.  GLOBAL     18     19     20     22
       18  0.99643   1.000 -0.831 -0.158  0.058
       19  0.99695  -0.831  1.000 -0.408  0.176
       20  0.99171  -0.158 -0.408  1.000 -0.529
       22  0.79128   0.058  0.176 -0.529  1.000
 ERR MATRIX NOT POS-DEF
MINUIT - FIT ONLY 2-y
 **********
 **   76 **RES 
 **********
                   PARAMETER   14  ANy2 RESTORED TO VARIABLE.
                   PARAMETER    8  phi_CBO RESTORED TO VARIABLE.
                   PARAMETER    7  w_CBO RESTORED TO VARIABLE.
                   PARAMETER    6  A_CBO RESTORED TO VARIABLE.
                   PARAMETER    4  phi RESTORED TO VARIABLE.
                   PARAMETER    3  A0 RESTORED TO VARIABLE.
                   PARAMETER    1  N0 RESTORED TO VARIABLE.
 **********
 **   77 **FIX            0
 **********
 PARAMETER    0  IS UNDEFINED. IGNORED.
 **********
 **   78 **FIX            1
 **********
 **********
 **   79 **FIX            2
 **********
 PARAMETER    2  IS CONSTANT.   IGNORED.
 **********
 **   80 **FIX            3
 **********
 **********
 **   81 **FIX            4
 **********
 **********
 **   82 **FIX            5
 **********
 PARAMETER    5  IS CONSTANT.   IGNORED.
 **********
 **   83 **FIX            6
 **********
 **********
 **   84 **FIX            7
 **********
 **********
 **   85 **FIX            8
 **********
 **********
 **   86 **FIX            9
 **********
 PARAMETER    9  IS CONSTANT.   IGNORED.
 **********
 **   87 **FIX           10
 **********
 PARAMETER   10  IS CONSTANT.   IGNORED.
 **********
 **   88 **FIX           11
 **********
 PARAMETER   11  IS CONSTANT.   IGNORED.
 **********
 **   89 **FIX           12
 **********
 PARAMETER   12  IS CONSTANT.   IGNORED.
 **********
 **   90 **FIX           16
 **********
 PARAMETER   16  IS CONSTANT.   IGNORED.
 **********
 **   91 **MIGRAD
 **********
 START MIGRAD MINIMIZATION.  STRATEGY  1.  CONVERGENCE WHEN EDM .LT. 1.00e-04
 FCN=316.39 FROM MIGRAD    STATUS=INITIATE       10 CALLS         906 TOTAL
                     EDM= unknown      STRATEGY= 1      NO ERROR MATRIX       
  EXT PARAMETER               CURRENT GUESS       STEP         FIRST   
  NO.   NAME      VALUE            ERROR          SIZE      DERIVATIVE 
   1  N0           2.70389e+06     fixed    
   2  tau          6.44083e+01   constant   
   3  A0           3.58599e-01     fixed    
   4  phi          4.11632e+00     fixed    
   5  R           -6.21699e+01   constant   
   6  A_CBO        2.01235e-04     fixed    
   7  w_CBO        2.32921e+00     fixed    
   8  phi_CBO      3.13850e+00     fixed    
   9  ANx2         2.34902e-04   constant   
  10  pNx2         5.38708e+00   constant   
  11  ANy1         0.00000e+00   constant   
  12  pNy1         0.00000e+00   constant   
  13  w_y          0.00000e+00   constant   
  14  ANy2        -9.56620e-05   4.34190e-04   4.34190e-04   1.52318e+02
  15  pNy2         6.21709e+00   constant   
  16  w_vw         1.43264e+01   constant   
  17  LM           1.88334e-04   constant   
  18  wCBO_expCoeff   1.99714e+02   2.53028e-01   1.86669e-04  -4.01979e-03
  19  wCBO_expOffset   1.99965e+02   4.11822e-02   9.53507e-05  -3.91259e-03
  20  wCBO_expT    3.00202e+01   8.34037e-03   1.43148e-05  -1.02758e-01
  21  wCBO_linCoeff   0.00000e+00   constant   
  22  wCBO_const   9.26095e-05   1.13169e-03   6.04413e-06  -4.71068e-01
 MIGRAD MINIMIZATION HAS CONVERGED.
 MIGRAD WILL VERIFY CONVERGENCE AND ERROR MATRIX.
 FCN=316.389 FROM MIGRAD    STATUS=CONVERGED      54 CALLS         950 TOTAL
                     EDM=3.99342e-06    STRATEGY= 1      ERR MATRIX NOT POS-DEF
  EXT PARAMETER                APPROXIMATE        STEP         FIRST   
  NO.   NAME      VALUE            ERROR          SIZE      DERIVATIVE 
   1  N0           2.70389e+06     fixed    
   2  tau          6.44083e+01   constant   
   3  A0           3.58599e-01     fixed    
   4  phi          4.11632e+00     fixed    
   5  R           -6.21699e+01   constant   
   6  A_CBO        2.01235e-04     fixed    
   7  w_CBO        2.32921e+00     fixed    
   8  phi_CBO      3.13850e+00     fixed    
   9  ANx2         2.34902e-04   constant   
  10  pNx2         5.38708e+00   constant   
  11  ANy1         0.00000e+00   constant   
  12  pNy1         0.00000e+00   constant   
  13  w_y          0.00000e+00   constant   
  14  ANy2        -1.09958e-04   4.31838e-04   3.76882e-06   1.01679e-03
  15  pNy2         6.21709e+00   constant   
  16  w_vw         1.43264e+01   constant   
  17  LM           1.88334e-04   constant   
  18  wCBO_expCoeff   1.99714e+02   2.53516e-01   1.86671e-04   3.98027e-02
  19  wCBO_expOffset   1.99965e+02   4.12029e-02   9.53507e-05   2.64894e-01
  20  wCBO_expT    3.00202e+01   8.36095e-03   1.43148e-05   4.11733e-01
  21  wCBO_linCoeff   0.00000e+00   constant   
  22  wCBO_const   9.27232e-05   1.13221e-03   6.04413e-06  -1.81993e-01
 EXTERNAL ERROR MATRIX.    NDIM=  25    NPAR=  5    ERR DEF=1
  1.865e-07  1.390e-06  1.748e-07 -1.306e-07  4.115e-09 
  1.390e-06  6.427e-02 -8.672e-03 -3.404e-04  1.693e-05 
  1.748e-07 -8.672e-03  1.698e-03 -1.400e-04  8.191e-06 
 -1.306e-07 -3.404e-04 -1.400e-04  6.991e-05 -5.013e-06 
  4.115e-09  1.693e-05  8.191e-06 -5.013e-06  1.282e-06 
ERR MATRIX NOT POS-DEF
 PARAMETER  CORRELATION COEFFICIENTS  
       NO.  GLOBAL     14     18     19     20     22
       14  0.03947   1.000  0.013  0.010 -0.036  0.008
       18  0.99643   0.013  1.000 -0.830 -0.161  0.059
       19  0.99695   0.010 -0.830  1.000 -0.406  0.176
       20  0.99174  -0.036 -0.161 -0.406  1.000 -0.530
       22  0.79133   0.008  0.059  0.176 -0.530  1.000
 ERR MATRIX NOT POS-DEF
MINUIT - FIT ALTOGETHER
 **********
 **   92 **RES 
 **********
                   PARAMETER    8  phi_CBO RESTORED TO VARIABLE.
                   PARAMETER    7  w_CBO RESTORED TO VARIABLE.
                   PARAMETER    6  A_CBO RESTORED TO VARIABLE.
                   PARAMETER    4  phi RESTORED TO VARIABLE.
                   PARAMETER    3  A0 RESTORED TO VARIABLE.
                   PARAMETER    1  N0 RESTORED TO VARIABLE.
 **********
 **   93 **MIGRAD
 **********
 START MIGRAD MINIMIZATION.  STRATEGY  1.  CONVERGENCE WHEN EDM .LT. 1.00e-04
 FCN=316.389 FROM MIGRAD    STATUS=INITIATE       22 CALLS         972 TOTAL
