 + ++++++++++++++++++++++++++++++++++++++++++++++++++++++++++++++++++++ +
 +                                                                      +
 +           You have chose to blind your fitting according to          +
 +                omega_ref * (1 + (R +/- deltaR) *10^{-6})             +
 +                                                                      +
 + ++++++++++++++++++++++++++++++++++++++++++++++++++++++++++++++++++++ +
In main()...
reading format from /gm2data/zkhechad/run45/envelope/formats/formatB_sBin_constraintOn.txt
pBinTau 	= 0  
pBinPhi 	= 0  
constraintau 	= 1 
includeMopTerm 	= 0    
constrainMop    = 0   
Parameters after format file: pBinTau 0 pBinPhi 0 constraintau 1 includeMopTerm 0 constrainMop 0 c_e_scale 0.000000 
reading cbo reference file (full fit) from /gm2data/zkhechad/cboTemplates/Run4CBOTemplates/fullFits/run4/sBin_constraintOn_cE0.0_seed0_run4_calo6.root
A_CBO 0.010001 w_CBO 2.327040 phi_CBO 5.088588 N0 2817823.633276 R -61.510560 tau 64.405014 
Reading cboRef file /gm2data/zkhechad/cboTemplates/Run4CBOTemplates//cboIsolate/run4_calo6.root
deltaT 164.120000
windowBins = 1100
fitting sliding window 2420 from bin 2623 at 391.351600 to bin 3723 at 555.471600 (1100 bins)

Reading data from /gm2data/cornell/histograms/aMethod/histogram_a_run4.root
fitting cbo isolate
 **********
 **    1 **SET PRINTOUT            1
 **********
 **********
 **    2 **SET NOWARNINGS 
 **********
 PARAMETER DEFINITIONS:
    NO.   NAME         VALUE      STEP SIZE      LIMITS
     1 A_CBO        1.00010e-02  1.00000e-05     no limits
     2 w_CBO        2.32704e+00  1.00000e-02    2.00000e+00  3.00000e+00
     3 phi_CBO      5.08859e+00  1.00000e-02    0.00000e+00  6.28319e+00
 **********
 **    3 **MIGRAD
 **********
 FIRST CALL TO USER FUNCTION AT NEW START POINT, WITH IFLAG=4.
 START MIGRAD MINIMIZATION.  STRATEGY  1.  CONVERGENCE WHEN EDM .LT. 1.00e-04
 FCN=0.318294 FROM MIGRAD    STATUS=INITIATE       12 CALLS          13 TOTAL
                     EDM= unknown      STRATEGY= 1      NO ERROR MATRIX       
  EXT PARAMETER               CURRENT GUESS       STEP         FIRST   
  NO.   NAME      VALUE            ERROR          SIZE      DERIVATIVE 
   1  A_CBO        1.00010e-02   1.00000e-05   1.00000e-05   8.04571e+00
   2  w_CBO        2.32704e+00   1.00000e-02   2.13182e-02   4.20787e+00
   3  phi_CBO      5.08859e+00   1.00000e-02   4.05596e-03  -4.19990e-02
 MIGRAD MINIMIZATION HAS CONVERGED.
 MIGRAD WILL VERIFY CONVERGENCE AND ERROR MATRIX.
 COVARIANCE MATRIX CALCULATED SUCCESSFULLY
 FCN=0.28738 FROM HESSE     STATUS=OK             16 CALLS          60 TOTAL
                     EDM=0.000601789    STRATEGY= 1      ERROR MATRIX ACCURATE 
  EXT PARAMETER                                   STEP         FIRST   
  NO.   NAME      VALUE            ERROR          SIZE      DERIVATIVE 
   1  A_CBO        3.08038e-03   4.61879e-02   2.36035e-05  -5.11492e-02
   2  w_CBO        2.32642e+00   2.54725e-01   3.49067e-05   6.88645e-02
   3  phi_CBO      5.31199e+00   5.79729e+00   3.91976e-03   1.45900e-04
 MIGRAD MINIMIZATION HAS CONVERGED.
 MIGRAD WILL VERIFY CONVERGENCE AND ERROR MATRIX.
 COVARIANCE MATRIX CALCULATED SUCCESSFULLY
 FCN=0.286823 FROM MIGRAD    STATUS=CONVERGED     114 CALLS         115 TOTAL
                     EDM=1.36878e-06    STRATEGY= 1      ERROR MATRIX ACCURATE 
  EXT PARAMETER                                   STEP         FIRST   
  NO.   NAME      VALUE            ERROR          SIZE      DERIVATIVE 
   1  A_CBO        3.30347e-03   4.27512e-02   2.36131e-05   2.00426e-02
   2  w_CBO        2.32057e+00   2.46886e-01   3.09650e-05   2.44334e-02
   3  phi_CBO      2.42062e+00   5.06853e+00   2.29253e-03  -3.10897e-04
 EXTERNAL ERROR MATRIX.    NDIM=  25    NPAR=  3    ERR DEF=1
  1.828e-03 -8.180e-04 -4.011e-01 
 -8.180e-04  6.768e-02  3.332e+01 
 -4.011e-01  3.332e+01  1.658e+04 
 PARAMETER  CORRELATION COEFFICIENTS  
       NO.  GLOBAL      1      2      3
        1  0.07362   1.000 -0.074 -0.073
        2  0.99494  -0.074  1.000  0.995
        3  0.99494  -0.073  0.995  1.000
setting A_CBO=0.003303 w_CBO=2.320574, phi_CBO=2.420625
done fitting cbo isolate
 **********
 **    1 **SET PRINTOUT            1
 **********
 **********
 **    2 **SET NOWARNINGS 
 **********
 PARAMETER DEFINITIONS:
    NO.   NAME         VALUE      STEP SIZE      LIMITS
     1 N0           2.81782e+06  1.00000e+02     no limits
     2 tau          6.44050e+01  constant
     3 A0           3.53650e-01  1.00000e-04     no limits
     4 phi          4.11538e+00  1.00000e-02     no limits
     5 R           -6.15106e+01  constant
     6 A_CBO        3.30347e-03  1.00000e-05     no limits
     7 w_CBO        2.32057e+00  1.00000e-03     no limits
     8 phi_CBO      2.42062e+00  1.00000e-04     no limits
     9 ANx2         5.52857e-04  constant
    10 pNx2         5.73177e+00  constant
    11 ANy1         0.00000e+00  constant
    12 pNy1         0.00000e+00  constant
    13 w_y          0.00000e+00  constant
    14 ANy2         9.05236e-03  1.00000e-04     no limits
    15 pNy2         5.72687e+00  constant
    16 w_vw         1.43172e+01  constant
    17 LM           3.92941e-07  constant
    18 wCBO_expCoeff   2.00000e+02  1.00000e+00     no limits
    19 wCBO_expOffset   2.00000e+02  1.00000e+00     no limits
    20 wCBO_expT    3.00000e+01  1.00000e+00     no limits
    21 wCBO_linCoeff   0.00000e+00  constant
    22 wCBO_const   0.00000e+00  1.00000e-02     no limits
MINUIT - FIT ONLY WIGGLE
 **********
 **    3 **FIX            5
 **********
 PARAMETER    5  IS CONSTANT.   IGNORED.
 **********
 **    4 **FIX            6
 **********
 **********
 **    5 **FIX            7
 **********
 **********
 **    6 **FIX            8
 **********
 **********
 **    7 **FIX            9
 **********
 PARAMETER    9  IS CONSTANT.   IGNORED.
 **********
 **    8 **FIX           10
 **********
 PARAMETER   10  IS CONSTANT.   IGNORED.
 **********
 **    9 **FIX           11
 **********
 PARAMETER   11  IS CONSTANT.   IGNORED.
 **********
 **   10 **FIX           12
 **********
 PARAMETER   12  IS CONSTANT.   IGNORED.
 **********
 **   11 **FIX           13
 **********
 PARAMETER   13  IS CONSTANT.   IGNORED.
 **********
 **   12 **FIX           14
 **********
 **********
 **   13 **FIX           15
 **********
 PARAMETER   15  IS CONSTANT.   IGNORED.
 **********
 **   14 **FIX           16
 **********
 PARAMETER   16  IS CONSTANT.   IGNORED.
 **********
 **   15 **MIGRAD
 **********
 FIRST CALL TO USER FUNCTION AT NEW START POINT, WITH IFLAG=4.
 START MIGRAD MINIMIZATION.  STRATEGY  1.  CONVERGENCE WHEN EDM .LT. 1.00e-04
 FCN=372.589 FROM MIGRAD    STATUS=INITIATE       59 CALLS          60 TOTAL
                     EDM= unknown      STRATEGY= 1      NO ERROR MATRIX       
  EXT PARAMETER               CURRENT GUESS       STEP         FIRST   
  NO.   NAME      VALUE            ERROR          SIZE      DERIVATIVE 
   1  N0           2.81782e+06   1.00000e+02   0.00000e+00   7.37724e-04
   2  tau          6.44050e+01   constant   
   3  A0           3.53650e-01   1.00000e-04   0.00000e+00  -6.00292e+02
   4  phi          4.11538e+00   1.00000e-02   0.00000e+00   6.82808e+01
   5  R           -6.15106e+01   constant   
   6  A_CBO        3.30347e-03     fixed    
   7  w_CBO        2.32057e+00     fixed    
   8  phi_CBO      2.42062e+00     fixed    
   9  ANx2         5.52857e-04   constant   
  10  pNx2         5.73177e+00   constant   
  11  ANy1         0.00000e+00   constant   
  12  pNy1         0.00000e+00   constant   
  13  w_y          0.00000e+00   constant   
  14  ANy2         9.05236e-03     fixed    
  15  pNy2         5.72687e+00   constant   
  16  w_vw         1.43172e+01   constant   
  17  LM           3.92941e-07   constant   
  18  wCBO_expCoeff   1.98153e+02   1.00000e+00  -1.84742e+00  -5.93532e-01
  19  wCBO_expOffset   2.00000e+02   1.00000e+00   0.00000e+00  -3.92032e+00
  20  wCBO_expT    3.00000e+01   1.00000e+00   0.00000e+00  -2.67778e+01
  21  wCBO_linCoeff   0.00000e+00   constant   
  22  wCBO_const   0.00000e+00   1.00000e-02   0.00000e+00   1.00747e+03
 MIGRAD MINIMIZATION HAS CONVERGED.
 FCN=368.451 FROM MIGRAD    STATUS=CONVERGED     478 CALLS         479 TOTAL
                     EDM=3.05858e-06    STRATEGY= 1  ERROR MATRIX UNCERTAINTY   2.1 per cent
  EXT PARAMETER                                   STEP         FIRST   
  NO.   NAME      VALUE            ERROR          SIZE      DERIVATIVE 
   1  N0           2.81644e+06   2.07180e+03   2.74070e+00  -2.23500e-07
   2  tau          6.44050e+01   constant   
   3  A0           3.53792e-01   9.74990e-04   9.71000e-07  -1.26104e+00
   4  phi          4.11637e+00   2.85572e-03   1.06008e-05  -4.90664e-01
   5  R           -6.15106e+01   constant   
   6  A_CBO        3.30347e-03     fixed    
   7  w_CBO        2.32057e+00     fixed    
   8  phi_CBO      2.42062e+00     fixed    
   9  ANx2         5.52857e-04   constant   
  10  pNx2         5.73177e+00   constant   
  11  ANy1         0.00000e+00   constant   
  12  pNy1         0.00000e+00   constant   
  13  w_y          0.00000e+00   constant   
  14  ANy2         9.05236e-03     fixed    
  15  pNy2         5.72687e+00   constant   
  16  w_vw         1.43172e+01   constant   
  17  LM           3.92941e-07   constant   
  18  wCBO_expCoeff   1.70290e+02   1.48317e+01  -8.18290e-02  -2.38244e-03
  19  wCBO_expOffset   1.99025e+02   1.75965e+00  -1.48867e-03  -1.31258e-02
  20  wCBO_expT    3.09024e+01   6.16539e-01   2.53261e-03  -7.83397e-02
  21  wCBO_linCoeff   0.00000e+00   constant   
  22  wCBO_const  -2.58806e-03   1.45086e-03  -5.35076e-06   1.70994e+00
 EXTERNAL ERROR MATRIX.    NDIM=  25    NPAR=  7    ERR DEF=1
  4.292e+06 -6.627e-02  1.033e-01 -9.967e+03  3.632e+02  2.278e+02 -3.761e-01 
 -6.627e-02  9.506e-07 -9.746e-08 -8.403e-04  8.610e-04 -1.134e-04  2.365e-07 
  1.033e-01 -9.746e-08  8.155e-06 -1.538e-02  1.255e-03  2.487e-04 -7.046e-07 
 -9.967e+03 -8.403e-04 -1.538e-02  2.200e+02  1.327e+01 -8.389e+00  1.772e-02 
  3.632e+02  8.610e-04  1.255e-03  1.327e+01  3.096e+00 -8.765e-01  1.905e-03 
  2.278e+02 -1.134e-04  2.487e-04 -8.389e+00 -8.765e-01  3.801e-01 -8.201e-04 
 -3.761e-01  2.365e-07 -7.046e-07  1.772e-02  1.905e-03 -8.201e-04  2.105e-06 
 PARAMETER  CORRELATION COEFFICIENTS  
       NO.  GLOBAL      1      3      4     18     19     20     22
        1  0.99842   1.000 -0.033  0.017 -0.324  0.100  0.178 -0.125
        3  0.99915  -0.033  1.000 -0.035 -0.058  0.502 -0.189  0.167
        4  0.99928   0.017 -0.035  1.000 -0.363  0.250  0.141 -0.170
       18  0.99999  -0.324 -0.058 -0.363  1.000  0.508 -0.917  0.824
       19  0.99999   0.100  0.502  0.250  0.508  1.000 -0.808  0.746
       20  1.00000   0.178 -0.189  0.141 -0.917 -0.808  1.000 -0.917
       22  0.99850  -0.125  0.167 -0.170  0.824  0.746 -0.917  1.000
MINUIT - FIT ONLY 1-CBO + other amplitudes 
 **********
 **   16 **RES 
 **********
                   PARAMETER   14  ANy2 RESTORED TO VARIABLE.
                   PARAMETER    8  phi_CBO RESTORED TO VARIABLE.
                   PARAMETER    7  w_CBO RESTORED TO VARIABLE.
                   PARAMETER    6  A_CBO RESTORED TO VARIABLE.
 **********
 **   17 **FIX            0
 **********
 PARAMETER    0  IS UNDEFINED. IGNORED.
 **********
 **   18 **FIX            1
 **********
 **********
 **   19 **FIX            2
 **********
 PARAMETER    2  IS CONSTANT.   IGNORED.
 **********
 **   20 **FIX            3
 **********
 **********
 **   21 **FIX            4
 **********
 **********
 **   22 **FIX            9
 **********
 PARAMETER    9  IS CONSTANT.   IGNORED.
 **********
 **   23 **FIX           11
 **********
 PARAMETER   11  IS CONSTANT.   IGNORED.
 **********
 **   24 **FIX           12
 **********
 PARAMETER   12  IS CONSTANT.   IGNORED.
 **********
 **   25 **FIX           14
 **********
 **********
 **   26 **FIX           15
 **********
 PARAMETER   15  IS CONSTANT.   IGNORED.
 **********
 **   27 **FIX           16
 **********
 PARAMETER   16  IS CONSTANT.   IGNORED.
 **********
 **   28 **MIGRAD
 **********
 START MIGRAD MINIMIZATION.  STRATEGY  1.  CONVERGENCE WHEN EDM .LT. 1.00e-04
 FCN=368.451 FROM MIGRAD    STATUS=INITIATE       18 CALLS         497 TOTAL
                     EDM= unknown      STRATEGY= 1      NO ERROR MATRIX       
  EXT PARAMETER               CURRENT GUESS       STEP         FIRST   
  NO.   NAME      VALUE            ERROR          SIZE      DERIVATIVE 
   1  N0           2.81644e+06     fixed    
   2  tau          6.44050e+01   constant   
   3  A0           3.53792e-01     fixed    
   4  phi          4.11637e+00     fixed    
   5  R           -6.15106e+01   constant   
   6  A_CBO        3.30347e-03   1.00000e-05   1.00000e-05   4.12334e+03
   7  w_CBO        2.32057e+00   1.00000e-03   1.00000e-03   5.64124e-01
   8  phi_CBO      2.42062e+00   1.00000e-04   1.00000e-04  -1.51444e+00
   9  ANx2         5.52857e-04   constant   
  10  pNx2         5.73177e+00   constant   
  11  ANy1         0.00000e+00   constant   
  12  pNy1         0.00000e+00   constant   
  13  w_y          0.00000e+00   constant   
  14  ANy2         9.05236e-03     fixed    
  15  pNy2         5.72687e+00   constant   
  16  w_vw         1.43172e+01   constant   
  17  LM           3.92941e-07   constant   
  18  wCBO_expCoeff   1.70290e+02   1.48317e+01  -8.18290e-02  -2.38245e-03
  19  wCBO_expOffset   1.99025e+02   1.75965e+00  -1.48867e-03  -1.31258e-02
  20  wCBO_expT    3.09024e+01   6.16539e-01   2.53261e-03  -7.83395e-02
  21  wCBO_linCoeff   0.00000e+00   constant   
  22  wCBO_const  -2.58806e-03   1.45086e-03  -5.35076e-06   1.70992e+00
 MIGRAD MINIMIZATION HAS CONVERGED.
 MIGRAD WILL VERIFY CONVERGENCE AND ERROR MATRIX.
 FCN=363.557 FROM MIGRAD    STATUS=CONVERGED     263 CALLS         742 TOTAL
                     EDM=3.96917e-08    STRATEGY= 1      ERR MATRIX NOT POS-DEF
  EXT PARAMETER                APPROXIMATE        STEP         FIRST   
  NO.   NAME      VALUE            ERROR          SIZE      DERIVATIVE 
   1  N0           2.81644e+06     fixed    
   2  tau          6.44050e+01   constant   
   3  A0           3.53792e-01     fixed    
   4  phi          4.11637e+00     fixed    
   5  R           -6.15106e+01   constant   
   6  A_CBO        1.24688e-03   9.95767e-04   9.31215e-06  -2.26365e-01
   7  w_CBO        2.32146e+00   8.54050e-03   9.08189e-06   5.74062e-02
   8  phi_CBO      3.14991e+00   1.03804e+00   7.87525e-03  -1.72333e-04
   9  ANx2         5.52857e-04   constant   
  10  pNx2         5.73177e+00   constant   
  11  ANy1         0.00000e+00   constant   
  12  pNy1         0.00000e+00   constant   
  13  w_y          0.00000e+00   constant   
  14  ANy2         9.05236e-03     fixed    
  15  pNy2         5.72687e+00   constant   
  16  w_vw         1.43172e+01   constant   
  17  LM           3.92941e-07   constant   
  18  wCBO_expCoeff   1.73059e+02   6.64179e+00   5.40878e-03   1.24153e-04
  19  wCBO_expOffset   1.99527e+02   1.18059e+00   9.60854e-04   6.98762e-04
  20  wCBO_expT    3.07485e+01   1.67836e-01   1.46849e-04   5.06948e-03
  21  wCBO_linCoeff   0.00000e+00   constant   
  22  wCBO_const  -2.41671e-03   3.66722e-03   4.27703e-06   1.12047e-01
 EXTERNAL ERROR MATRIX.    NDIM=  25    NPAR=  7    ERR DEF=1
  9.916e-07  1.384e-08  6.592e-06 -2.426e-05 -4.316e-06  1.295e-06  5.434e-09 
  1.384e-08  7.294e-05  2.117e-04 -7.844e-04 -1.419e-04 -1.200e-04 -3.059e-05 
  6.592e-06  2.117e-04  1.078e+00  5.136e-02  9.226e-03  2.989e-03  1.024e-04 
 -2.426e-05 -7.844e-04  5.136e-02  4.411e+01 -4.865e+00 -4.773e-01  1.520e-03 
 -4.316e-06 -1.419e-04  9.226e-03 -4.865e+00  1.394e+00 -8.498e-02  2.714e-04 
  1.295e-06 -1.200e-04  2.989e-03 -4.773e-01 -8.498e-02  2.817e-02 -2.709e-05 
  5.434e-09 -3.059e-05  1.024e-04  1.520e-03  2.714e-04 -2.709e-05  1.345e-05 
ERR MATRIX NOT POS-DEF
 PARAMETER  CORRELATION COEFFICIENTS  
       NO.  GLOBAL      6      7      8     18     19     20     22
        6  0.02761   1.000  0.002  0.006 -0.004 -0.004  0.008  0.001
        7  0.99352   0.002  1.000  0.024 -0.014 -0.014 -0.084 -0.977
        8  0.58594   0.006  0.024  1.000  0.007  0.008  0.017  0.027
       18  0.99620  -0.004 -0.014  0.007  1.000 -0.620 -0.428  0.062
       19  0.99620  -0.004 -0.014  0.008 -0.620  1.000 -0.429  0.063
       20  0.99561   0.008 -0.084  0.017 -0.428 -0.429  1.000 -0.044
       22  0.99220   0.001 -0.977  0.027  0.062  0.063 -0.044  1.000
 ERR MATRIX NOT POS-DEF
MINUIT - FIT ONLY 1-CBO
 **********
 **   29 **RES 
 **********
                   PARAMETER   14  ANy2 RESTORED TO VARIABLE.
                   PARAMETER    4  phi RESTORED TO VARIABLE.
                   PARAMETER    3  A0 RESTORED TO VARIABLE.
                   PARAMETER    1  N0 RESTORED TO VARIABLE.
 **********
 **   30 **FIX            0
 **********
 PARAMETER    0  IS UNDEFINED. IGNORED.
 **********
 **   31 **FIX            1
 **********
 **********
 **   32 **FIX            2
 **********
 PARAMETER    2  IS CONSTANT.   IGNORED.
 **********
 **   33 **FIX            3
 **********
 **********
 **   34 **FIX            4
 **********
 **********
 **   35 **FIX            8
 **********
 **********
 **   36 **FIX            9
 **********
 PARAMETER    9  IS CONSTANT.   IGNORED.
 **********
 **   37 **FIX           11
 **********
 PARAMETER   11  IS CONSTANT.   IGNORED.
 **********
 **   38 **FIX           12
 **********
 PARAMETER   12  IS CONSTANT.   IGNORED.
 **********
 **   39 **FIX           13
 **********
 PARAMETER   13  IS CONSTANT.   IGNORED.
 **********
 **   40 **FIX           15
 **********
 PARAMETER   15  IS CONSTANT.   IGNORED.
 **********
 **   41 **FIX           16
 **********
 PARAMETER   16  IS CONSTANT.   IGNORED.
 **********
 **   42 **MIGRAD
 **********
 START MIGRAD MINIMIZATION.  STRATEGY  1.  CONVERGENCE WHEN EDM .LT. 1.00e-04
 FCN=363.557 FROM MIGRAD    STATUS=INITIATE       16 CALLS         758 TOTAL
                     EDM= unknown      STRATEGY= 1      NO ERROR MATRIX       
  EXT PARAMETER               CURRENT GUESS       STEP         FIRST   
  NO.   NAME      VALUE            ERROR          SIZE      DERIVATIVE 
   1  N0           2.81644e+06     fixed    
   2  tau          6.44050e+01   constant   
   3  A0           3.53792e-01     fixed    
   4  phi          4.11637e+00     fixed    
   5  R           -6.15106e+01   constant   
   6  A_CBO        1.24688e-03   9.95767e-04   9.31215e-06  -2.26365e-01
   7  w_CBO        2.32146e+00   8.54050e-03   9.08189e-06   5.67922e-02
   8  phi_CBO      3.14991e+00     fixed    
   9  ANx2         5.52857e-04   constant   
  10  pNx2         5.73177e+00   constant   
  11  ANy1         0.00000e+00   constant   
  12  pNy1         0.00000e+00   constant   
  13  w_y          0.00000e+00   constant   
  14  ANy2         9.05236e-03   1.00000e-04   1.00000e-04   1.66052e+04
  15  pNy2         5.72687e+00   constant   
  16  w_vw         1.43172e+01   constant   
  17  LM           3.92941e-07   constant   
  18  wCBO_expCoeff   1.73059e+02   6.64179e+00   5.40878e-03   1.26044e-04
  19  wCBO_expOffset   1.99527e+02   1.18059e+00   9.60854e-04   7.09849e-04
  20  wCBO_expT    3.07485e+01   1.67836e-01   1.46849e-04   5.31997e-03
  21  wCBO_linCoeff   0.00000e+00   constant   
  22  wCBO_const  -2.41671e-03   3.66722e-03   4.27703e-06   1.10443e-01
 MIGRAD MINIMIZATION HAS CONVERGED.
 MIGRAD WILL VERIFY CONVERGENCE AND ERROR MATRIX.
 COVARIANCE MATRIX CALCULATED SUCCESSFULLY
 FCN=291.133 FROM MIGRAD    STATUS=CONVERGED     185 CALLS         927 TOTAL
                     EDM=5.78619e-08    STRATEGY= 1      ERROR MATRIX ACCURATE 
  EXT PARAMETER                                   STEP         FIRST   
  NO.   NAME      VALUE            ERROR          SIZE      DERIVATIVE 
   1  N0           2.81644e+06     fixed    
   2  tau          6.44050e+01   constant   
   3  A0           3.53792e-01     fixed    
   4  phi          4.11637e+00     fixed    
   5  R           -6.15106e+01   constant   
   6  A_CBO        1.22395e-03   1.00218e-03   8.33220e-06  -1.73812e-01
   7  w_CBO        2.32121e+00   3.59390e-02   7.99157e-06  -2.10107e-02
   8  phi_CBO      3.14991e+00     fixed    
   9  ANx2         5.52857e-04   constant   
  10  pNx2         5.73177e+00   constant   
  11  ANy1         0.00000e+00   constant   
  12  pNy1         0.00000e+00   constant   
  13  w_y          0.00000e+00   constant   
  14  ANy2         3.29971e-04   1.02477e-03   8.54997e-06   1.33397e-02
  15  pNy2         5.72687e+00   constant   
  16  w_vw         1.43172e+01   constant   
  17  LM           3.92941e-07   constant   
  18  wCBO_expCoeff   1.71961e+02   1.51849e+01   4.67008e-03  -2.39186e-04
  19  wCBO_expOffset   1.99332e+02   2.72525e+00   8.36674e-04  -1.33498e-03
  20  wCBO_expT    3.08079e+01   3.14588e-01   1.27499e-04  -8.90640e-03
  21  wCBO_linCoeff   0.00000e+00   constant   
  22  wCBO_const  -2.42476e-03   1.54223e-02   3.77682e-06  -7.68597e-03
 EXTERNAL ERROR MATRIX.    NDIM=  25    NPAR=  7    ERR DEF=1
  1.004e-06  5.932e-08  3.831e-09 -5.385e-06 -9.082e-07  1.319e-06 -1.868e-08 
  5.932e-08  1.292e-03  9.795e-09 -3.564e-02 -6.660e-03 -6.741e-04 -5.530e-04 
  3.831e-09  9.795e-09  1.050e-06  4.908e-05  8.936e-06 -2.439e-06 -2.461e-09 
 -5.385e-06 -3.564e-02  4.908e-05  2.306e+02 -3.063e+01 -1.657e+00  1.970e-02 
 -9.082e-07 -6.660e-03  8.936e-06 -3.063e+01  7.427e+00 -3.005e-01  3.656e-03 
  1.319e-06 -6.741e-04 -2.439e-06 -1.657e+00 -3.005e-01  9.897e-02  1.814e-05 
 -1.868e-08 -5.530e-04 -2.461e-09  1.970e-02  3.656e-03  1.814e-05  2.378e-04 
 PARAMETER  CORRELATION COEFFICIENTS  
       NO.  GLOBAL      6      7     14     18     19     20     22
        6  0.08665   1.000  0.002  0.004 -0.000 -0.000  0.004 -0.001
        7  0.99964   0.002  1.000  0.000 -0.065 -0.068 -0.060 -0.998
       14  0.02376   0.004  0.000  1.000  0.003  0.003 -0.008 -0.000
       18  0.99932  -0.000 -0.065  0.003  1.000 -0.740 -0.347  0.084
       19  0.99932  -0.000 -0.068  0.003 -0.740  1.000 -0.351  0.087
       20  0.99882   0.004 -0.060 -0.008 -0.347 -0.351  1.000  0.004
       22  0.99957  -0.001 -0.998 -0.000  0.084  0.087  0.004  1.000
MINUIT - FIT ONLY 2-CBO
 **********
 **   43 **RES 
 **********
                   PARAMETER    8  phi_CBO RESTORED TO VARIABLE.
                   PARAMETER    4  phi RESTORED TO VARIABLE.
                   PARAMETER    3  A0 RESTORED TO VARIABLE.
                   PARAMETER    1  N0 RESTORED TO VARIABLE.
 **********
 **   44 **FIX            0
 **********
 PARAMETER    0  IS UNDEFINED. IGNORED.
 **********
 **   45 **FIX            1
 **********
 **********
 **   46 **FIX            2
 **********
 PARAMETER    2  IS CONSTANT.   IGNORED.
 **********
 **   47 **FIX            3
 **********
 **********
 **   48 **FIX            4
 **********
 **********
 **   49 **FIX            5
 **********
 PARAMETER    5  IS CONSTANT.   IGNORED.
 **********
 **   50 **FIX            6
 **********
 **********
 **   51 **FIX            7
 **********
 **********
 **   52 **FIX           10
 **********
 PARAMETER   10  IS CONSTANT.   IGNORED.
 **********
 **   53 **FIX           11
 **********
 PARAMETER   11  IS CONSTANT.   IGNORED.
 **********
 **   54 **FIX           12
 **********
 PARAMETER   12  IS CONSTANT.   IGNORED.
 **********
 **   55 **FIX           13
 **********
 PARAMETER   13  IS CONSTANT.   IGNORED.
 **********
 **   56 **FIX           14
 **********
 **********
 **   57 **FIX           15
 **********
 PARAMETER   15  IS CONSTANT.   IGNORED.
 **********
 **   58 **FIX           16
 **********
 PARAMETER   16  IS CONSTANT.   IGNORED.
 **********
 **   59 **MIGRAD
 **********
 START MIGRAD MINIMIZATION.  STRATEGY  1.  CONVERGENCE WHEN EDM .LT. 1.00e-04
 FCN=291.133 FROM MIGRAD    STATUS=INITIATE       10 CALLS         937 TOTAL
                     EDM= unknown      STRATEGY= 1      NO ERROR MATRIX       
  EXT PARAMETER               CURRENT GUESS       STEP         FIRST   
  NO.   NAME      VALUE            ERROR          SIZE      DERIVATIVE 
   1  N0           2.81644e+06     fixed    
   2  tau          6.44050e+01   constant   
   3  A0           3.53792e-01     fixed    
   4  phi          4.11637e+00     fixed    
   5  R           -6.15106e+01   constant   
   6  A_CBO        1.22395e-03     fixed    
   7  w_CBO        2.32121e+00     fixed    
   8  phi_CBO      3.14991e+00   1.03804e+00   1.03804e+00   2.17634e-01
   9  ANx2         5.52857e-04   constant   
  10  pNx2         5.73177e+00   constant   
  11  ANy1         0.00000e+00   constant   
  12  pNy1         0.00000e+00   constant   
  13  w_y          0.00000e+00   constant   
  14  ANy2         3.29971e-04     fixed    
  15  pNy2         5.72687e+00   constant   
  16  w_vw         1.43172e+01   constant   
  17  LM           3.92941e-07   constant   
  18  wCBO_expCoeff   1.71961e+02   1.51849e+01   4.67008e-03  -2.42921e-04
  19  wCBO_expOffset   1.99332e+02   2.72525e+00   8.36674e-04  -1.35365e-03
  20  wCBO_expT    3.08079e+01   3.14588e-01   1.27499e-04  -9.08571e-03
  21  wCBO_linCoeff   0.00000e+00   constant   
  22  wCBO_const  -2.42476e-03   1.54223e-02   3.77682e-06  -8.00546e-03
 MIGRAD MINIMIZATION HAS CONVERGED.
 MIGRAD WILL VERIFY CONVERGENCE AND ERROR MATRIX.
 COVARIANCE MATRIX CALCULATED SUCCESSFULLY
 FCN=291.12 FROM MIGRAD    STATUS=CONVERGED      76 CALLS        1003 TOTAL
                     EDM=5.51717e-06    STRATEGY= 1      ERROR MATRIX ACCURATE 
  EXT PARAMETER                                   STEP         FIRST   
  NO.   NAME      VALUE            ERROR          SIZE      DERIVATIVE 
   1  N0           2.81644e+06     fixed    
   2  tau          6.44050e+01   constant   
   3  A0           3.53792e-01     fixed    
   4  phi          4.11637e+00     fixed    
   5  R           -6.15106e+01   constant   
   6  A_CBO        1.22395e-03     fixed    
   7  w_CBO        2.32121e+00     fixed    
   8  phi_CBO      3.03335e+00   1.03574e+00   7.16553e-03   3.89393e-05
   9  ANx2         5.52857e-04   constant   
  10  pNx2         5.73177e+00   constant   
  11  ANy1         0.00000e+00   constant   
  12  pNy1         0.00000e+00   constant   
  13  w_y          0.00000e+00   constant   
  14  ANy2         3.29971e-04     fixed    
  15  pNy2         5.72687e+00   constant   
  16  w_vw         1.43172e+01   constant   
  17  LM           3.92941e-07   constant   
  18  wCBO_expCoeff   1.71955e+02   3.33064e+01   4.64619e-03   3.34229e-04
  19  wCBO_expOffset   1.99331e+02   5.98257e+00   8.32442e-04   1.86561e-03
  20  wCBO_expT    3.08077e+01   3.94414e-01   1.26755e-04   3.65050e-03
  21  wCBO_linCoeff   0.00000e+00   constant   
  22  wCBO_const  -2.44577e-03   1.25112e-03   3.76776e-06   2.20329e-01
 EXTERNAL ERROR MATRIX.    NDIM=  25    NPAR=  5    ERR DEF=1
  1.073e+00  1.455e-01  2.975e-02 -3.912e-03  2.097e-04 
  1.455e-01  1.109e+03 -1.828e+02 -2.582e+00  6.879e-03 
  2.975e-02 -1.828e+02  3.579e+01 -4.924e-01  1.308e-03 
 -3.912e-03 -2.582e+00 -4.924e-01  1.556e-01 -4.223e-04 
  2.097e-04  6.879e-03  1.308e-03 -4.223e-04  1.565e-06 
 PARAMETER  CORRELATION COEFFICIENTS  
       NO.  GLOBAL      8     18     19     20     22
        8  0.55938   1.000  0.004  0.005 -0.010  0.162
       18  0.99986   0.004  1.000 -0.918 -0.197  0.165
       19  0.99986   0.005 -0.918  1.000 -0.209  0.175
       20  0.99926  -0.010 -0.197 -0.209  1.000 -0.856
       22  0.93261   0.162  0.165  0.175 -0.856  1.000
MINUIT - FIT ONLY 1-y
 **********
 **   60 **RES 
 **********
                   PARAMETER   14  ANy2 RESTORED TO VARIABLE.
                   PARAMETER    7  w_CBO RESTORED TO VARIABLE.
                   PARAMETER    6  A_CBO RESTORED TO VARIABLE.
                   PARAMETER    4  phi RESTORED TO VARIABLE.
                   PARAMETER    3  A0 RESTORED TO VARIABLE.
                   PARAMETER    1  N0 RESTORED TO VARIABLE.
 **********
 **   61 **FIX            0
 **********
 PARAMETER    0  IS UNDEFINED. IGNORED.
 **********
 **   62 **FIX            1
 **********
 **********
 **   63 **FIX            2
 **********
 PARAMETER    2  IS CONSTANT.   IGNORED.
 **********
 **   64 **FIX            3
 **********
 **********
 **   65 **FIX            4
 **********
 **********
 **   66 **FIX            5
 **********
 PARAMETER    5  IS CONSTANT.   IGNORED.
 **********
 **   67 **FIX            6
 **********
 **********
 **   68 **FIX            7
 **********
 **********
 **   69 **FIX            8
 **********
 **********
 **   70 **FIX            9
 **********
 PARAMETER    9  IS CONSTANT.   IGNORED.
 **********
 **   71 **FIX           13
 **********
 PARAMETER   13  IS CONSTANT.   IGNORED.
 **********
 **   72 **FIX           14
 **********
 **********
 **   73 **FIX           15
 **********
 PARAMETER   15  IS CONSTANT.   IGNORED.
 **********
 **   74 **FIX           16
 **********
 PARAMETER   16  IS CONSTANT.   IGNORED.
 **********
 **   75 **MIGRAD
 **********
 START MIGRAD MINIMIZATION.  STRATEGY  1.  CONVERGENCE WHEN EDM .LT. 1.00e-04
 FCN=291.12 FROM MIGRAD    STATUS=INITIATE        8 CALLS        1011 TOTAL
                     EDM= unknown      STRATEGY= 1      NO ERROR MATRIX       
  EXT PARAMETER               CURRENT GUESS       STEP         FIRST   
  NO.   NAME      VALUE            ERROR          SIZE      DERIVATIVE 
   1  N0           2.81644e+06     fixed    
   2  tau          6.44050e+01   constant   
   3  A0           3.53792e-01     fixed    
   4  phi          4.11637e+00     fixed    
   5  R           -6.15106e+01   constant   
   6  A_CBO        1.22395e-03     fixed    
   7  w_CBO        2.32121e+00     fixed    
   8  phi_CBO      3.03335e+00     fixed    
   9  ANx2         5.52857e-04   constant   
  10  pNx2         5.73177e+00   constant   
  11  ANy1         0.00000e+00   constant   
  12  pNy1         0.00000e+00   constant   
  13  w_y          0.00000e+00   constant   
  14  ANy2         3.29971e-04     fixed    
  15  pNy2         5.72687e+00   constant   
  16  w_vw         1.43172e+01   constant   
  17  LM           3.92941e-07   constant   
  18  wCBO_expCoeff   1.71955e+02   3.33064e+01   4.64619e-03   3.33514e-04
  19  wCBO_expOffset   1.99331e+02   5.98257e+00   8.32442e-04   1.86379e-03
  20  wCBO_expT    3.08077e+01   3.94414e-01   1.26755e-04   3.57320e-03
  21  wCBO_linCoeff   0.00000e+00   constant   
  22  wCBO_const  -2.44577e-03   1.25112e-03   3.76776e-06   2.20085e-01
 MIGRAD MINIMIZATION HAS CONVERGED.
 MIGRAD WILL VERIFY CONVERGENCE AND ERROR MATRIX.
 COVARIANCE MATRIX CALCULATED SUCCESSFULLY
 FCN=291.12 FROM MIGRAD    STATUS=CONVERGED      41 CALLS        1044 TOTAL
                     EDM=5.49788e-06    STRATEGY= 1      ERROR MATRIX ACCURATE 
  EXT PARAMETER                                   STEP         FIRST   
  NO.   NAME      VALUE            ERROR          SIZE      DERIVATIVE 
   1  N0           2.81644e+06     fixed    
   2  tau          6.44050e+01   constant   
   3  A0           3.53792e-01     fixed    
   4  phi          4.11637e+00     fixed    
   5  R           -6.15106e+01   constant   
   6  A_CBO        1.22395e-03     fixed    
   7  w_CBO        2.32121e+00     fixed    
   8  phi_CBO      3.03335e+00     fixed    
   9  ANx2         5.52857e-04   constant   
  10  pNx2         5.73177e+00   constant   
  11  ANy1         0.00000e+00   constant   
  12  pNy1         0.00000e+00   constant   
  13  w_y          0.00000e+00   constant   
  14  ANy2         3.29971e-04     fixed    
  15  pNy2         5.72687e+00   constant   
  16  w_vw         1.43172e+01   constant   
  17  LM           3.92941e-07   constant   
  18  wCBO_expCoeff   1.71955e+02   3.34365e+01   4.64346e-03   4.28307e-05
  19  wCBO_expOffset   1.99331e+02   6.00653e+00   8.31929e-04   2.39154e-04
  20  wCBO_expT    3.08077e+01   3.94644e-01   1.26708e-04  -7.11042e-03
  21  wCBO_linCoeff   0.00000e+00   constant   
  22  wCBO_const  -2.44578e-03   1.23519e-03   3.76819e-06  -6.54297e-02
 EXTERNAL ERROR MATRIX.    NDIM=  25    NPAR=  4    ERR DEF=1
  1.118e+03 -1.844e+02 -2.581e+00  6.849e-03 
 -1.844e+02  3.608e+01 -4.935e-01  1.306e-03 
 -2.581e+00 -4.935e-01  1.557e-01 -4.221e-04 
  6.849e-03  1.306e-03 -4.221e-04  1.526e-06 
 PARAMETER  CORRELATION COEFFICIENTS  
       NO.  GLOBAL     18     19     20     22
       18  0.99986   1.000 -0.918 -0.196  0.166
       19  0.99986  -0.918  1.000 -0.208  0.176
       20  0.99926  -0.196 -0.208  1.000 -0.866
       22  0.93079   0.166  0.176 -0.866  1.000
MINUIT - FIT ONLY 2-y
 **********
 **   76 **RES 
 **********
                   PARAMETER   14  ANy2 RESTORED TO VARIABLE.
                   PARAMETER    8  phi_CBO RESTORED TO VARIABLE.
                   PARAMETER    7  w_CBO RESTORED TO VARIABLE.
                   PARAMETER    6  A_CBO RESTORED TO VARIABLE.
                   PARAMETER    4  phi RESTORED TO VARIABLE.
                   PARAMETER    3  A0 RESTORED TO VARIABLE.
                   PARAMETER    1  N0 RESTORED TO VARIABLE.
 **********
 **   77 **FIX            0
 **********
 PARAMETER    0  IS UNDEFINED. IGNORED.
 **********
 **   78 **FIX            1
 **********
 **********
 **   79 **FIX            2
 **********
 PARAMETER    2  IS CONSTANT.   IGNORED.
 **********
 **   80 **FIX            3
 **********
 **********
 **   81 **FIX            4
 **********
 **********
 **   82 **FIX            5
 **********
 PARAMETER    5  IS CONSTANT.   IGNORED.
 **********
 **   83 **FIX            6
 **********
 **********
 **   84 **FIX            7
 **********
 **********
 **   85 **FIX            8
 **********
 **********
 **   86 **FIX            9
 **********
 PARAMETER    9  IS CONSTANT.   IGNORED.
 **********
 **   87 **FIX           10
 **********
 PARAMETER   10  IS CONSTANT.   IGNORED.
 **********
 **   88 **FIX           11
 **********
 PARAMETER   11  IS CONSTANT.   IGNORED.
 **********
 **   89 **FIX           12
 **********
 PARAMETER   12  IS CONSTANT.   IGNORED.
 **********
 **   90 **FIX           16
 **********
 PARAMETER   16  IS CONSTANT.   IGNORED.
 **********
 **   91 **MIGRAD
 **********
 START MIGRAD MINIMIZATION.  STRATEGY  1.  CONVERGENCE WHEN EDM .LT. 1.00e-04
 FCN=291.12 FROM MIGRAD    STATUS=INITIATE       10 CALLS        1054 TOTAL
                     EDM= unknown      STRATEGY= 1      NO ERROR MATRIX       
  EXT PARAMETER               CURRENT GUESS       STEP         FIRST   
  NO.   NAME      VALUE            ERROR          SIZE      DERIVATIVE 
   1  N0           2.81644e+06     fixed    
   2  tau          6.44050e+01   constant   
   3  A0           3.53792e-01     fixed    
   4  phi          4.11637e+00     fixed    
   5  R           -6.15106e+01   constant   
   6  A_CBO        1.22395e-03     fixed    
   7  w_CBO        2.32121e+00     fixed    
   8  phi_CBO      3.03335e+00     fixed    
   9  ANx2         5.52857e-04   constant   
  10  pNx2         5.73177e+00   constant   
  11  ANy1         0.00000e+00   constant   
  12  pNy1         0.00000e+00   constant   
  13  w_y          0.00000e+00   constant   
  14  ANy2         3.29971e-04   1.02477e-03   1.02477e-03   2.03000e+00
  15  pNy2         5.72687e+00   constant   
  16  w_vw         1.43172e+01   constant   
  17  LM           3.92941e-07   constant   
  18  wCBO_expCoeff   1.71955e+02   3.34365e+01   4.64346e-03   4.21218e-05
  19  wCBO_expOffset   1.99331e+02   6.00653e+00   8.31929e-04   2.37365e-04
  20  wCBO_expT    3.08077e+01   3.94644e-01   1.26708e-04  -7.18753e-03
  21  wCBO_linCoeff   0.00000e+00   constant   
  22  wCBO_const  -2.44578e-03   1.23519e-03   3.76819e-06  -6.56738e-02
 MIGRAD MINIMIZATION HAS CONVERGED.
 MIGRAD WILL VERIFY CONVERGENCE AND ERROR MATRIX.
 COVARIANCE MATRIX CALCULATED SUCCESSFULLY
 FCN=291.12 FROM MIGRAD    STATUS=CONVERGED      54 CALLS        1098 TOTAL
                     EDM=5.54896e-06    STRATEGY= 1      ERROR MATRIX ACCURATE 
  EXT PARAMETER                                   STEP         FIRST   
  NO.   NAME      VALUE            ERROR          SIZE      DERIVATIVE 
   1  N0           2.81644e+06     fixed    
   2  tau          6.44050e+01   constant   
   3  A0           3.53792e-01     fixed    
   4  phi          4.11637e+00     fixed    
   5  R           -6.15106e+01   constant   
   6  A_CBO        1.22395e-03     fixed    
   7  w_CBO        2.32121e+00     fixed    
   8  phi_CBO      3.03335e+00     fixed    
   9  ANx2         5.52857e-04   constant   
  10  pNx2         5.73177e+00   constant   
  11  ANy1         0.00000e+00   constant   
  12  pNy1         0.00000e+00   constant   
  13  w_y          0.00000e+00   constant   
  14  ANy2         3.28906e-04   1.02473e-03   8.54981e-06  -1.24257e-03
  15  pNy2         5.72687e+00   constant   
  16  w_vw         1.43172e+01   constant   
  17  LM           3.92941e-07   constant   
  18  wCBO_expCoeff   1.71955e+02   3.33203e+01   4.64345e-03   2.59310e-04
  19  wCBO_expOffset   1.99331e+02   5.98523e+00   8.31928e-04   1.44745e-03
  20  wCBO_expT    3.08077e+01   3.94459e-01   1.26708e-04   8.26012e-04
  21  wCBO_linCoeff   0.00000e+00   constant   
  22  wCBO_const  -2.44577e-03   1.23474e-03   3.76819e-06   1.39614e-01
 EXTERNAL ERROR MATRIX.    NDIM=  25    NPAR=  5    ERR DEF=1
  1.050e-06  6.690e-05  1.293e-05 -3.637e-06  5.294e-09 
  6.690e-05  1.110e+03 -1.830e+02 -2.581e+00  6.850e-03 
  1.293e-05 -1.830e+02  3.582e+01 -4.926e-01  1.303e-03 
 -3.637e-06 -2.581e+00 -4.926e-01  1.556e-01 -4.217e-04 
  5.294e-09  6.850e-03  1.303e-03 -4.217e-04  1.525e-06 
 PARAMETER  CORRELATION COEFFICIENTS  
       NO.  GLOBAL     14     18     19     20     22
       14  0.02191   1.000  0.002  0.002 -0.009  0.004
       18  0.99986   0.002  1.000 -0.918 -0.196  0.166
       19  0.99986   0.002 -0.918  1.000 -0.209  0.176
       20  0.99926  -0.009 -0.196 -0.209  1.000 -0.866
       22  0.93074   0.004  0.166  0.176 -0.866  1.000
MINUIT - FIT ALTOGETHER
 **********
 **   92 **RES 
 **********
                   PARAMETER    8  phi_CBO RESTORED TO VARIABLE.
                   PARAMETER    7  w_CBO RESTORED TO VARIABLE.
                   PARAMETER    6  A_CBO RESTORED TO VARIABLE.
                   PARAMETER    4  phi RESTORED TO VARIABLE.
                   PARAMETER    3  A0 RESTORED TO VARIABLE.
                   PARAMETER    1  N0 RESTORED TO VARIABLE.
 **********
 **   93 **MIGRAD
 **********
 START MIGRAD MINIMIZATION.  STRATEGY  1.  CONVERGENCE WHEN EDM .LT. 1.00e-04
 FCN=291.12 FROM MIGRAD    STATUS=INITIATE       22 CALLS        1120 TOTAL
                     EDM= unknown      STRATEGY= 1      NO ERROR MATRIX       
  EXT PARAMETER               CURRENT GUESS       STEP         FIRST   
  NO.   NAME      VALUE            ERROR          SIZE      DERIVATIVE 
   1  N0           2.81644e+06   2.07180e+03   2.07180e+03  -1.02683e-04
   2  tau          6.44050e+01   constant   
   3  A0           3.53792e-01   9.74990e-04   9.74990e-04   3.12679e+02
   4  phi          4.11637e+00   2.85572e-03   2.85572e-03   1.22792e+02
   5  R           -6.15106e+01   constant   
   6  A_CBO        1.22395e-03   1.00218e-03   1.00218e-03  -4.38019e+00
   7  w_CBO        2.32121e+00   3.59390e-02   3.59390e-02   7.91605e-02
   8  phi_CBO      3.03335e+00   1.03574e+00   1.03574e+00   8.28505e-05
   9  ANx2         5.52857e-04   constant   
  10  pNx2         5.73177e+00   constant   
  11  ANy1         0.00000e+00   constant   
  12  pNy1         0.00000e+00   constant   
  13  w_y          0.00000e+00   constant   
  14  ANy2         3.28906e-04   1.02473e-03   8.54981e-06  -1.24264e-03
  15  pNy2         5.72687e+00   constant   
  16  w_vw         1.43172e+01   constant   
  17  LM           3.92941e-07   constant   
  18  wCBO_expCoeff   1.71955e+02   3.33203e+01   4.64345e-03   2.58596e-04
  19  wCBO_expOffset   1.99331e+02   5.98523e+00   8.31928e-04   1.44563e-03
