 + ++++++++++++++++++++++++++++++++++++++++++++++++++++++++++++++++++++ +
 +                                                                      +
 +           You have chose to blind your fitting according to          +
 +                omega_ref * (1 + (R +/- deltaR) *10^{-6})             +
 +                                                                      +
 + ++++++++++++++++++++++++++++++++++++++++++++++++++++++++++++++++++++ +
In main()...
reading format from /gm2data/zkhechad/run45/envelope/formats/formatB_sBin_constraintOn.txt
pBinTau 	= 0  
pBinPhi 	= 0  
constraintau 	= 1 
includeMopTerm 	= 0    
constrainMop    = 0   
Parameters after format file: pBinTau 0 pBinPhi 0 constraintau 1 includeMopTerm 0 constrainMop 0 c_e_scale 0.000000 
reading cbo reference file (full fit) from /gm2data/zkhechad/cboTemplates/Run4CBOTemplates/fullFits/run4/sBin_constraintOn_cE0.0_seed0_run4_calo21.root
A_CBO 0.009954 w_CBO 2.326310 phi_CBO 2.942572 N0 2740148.315147 R -59.181603 tau 64.402317 
Reading cboRef file /gm2data/zkhechad/cboTemplates/Run4CBOTemplates//cboIsolate/run4_calo21.root
deltaT 164.120000
windowBins = 1100
fitting sliding window 2280 from bin 2483 at 370.463600 to bin 3583 at 534.583600 (1100 bins)

Reading data from /gm2data/cornell/histograms/aMethod/histogram_a_run4.root
fitting cbo isolate
 **********
 **    1 **SET PRINTOUT            1
 **********
 **********
 **    2 **SET NOWARNINGS 
 **********
 PARAMETER DEFINITIONS:
    NO.   NAME         VALUE      STEP SIZE      LIMITS
     1 A_CBO        9.95405e-03  1.00000e-05     no limits
     2 w_CBO        2.32631e+00  1.00000e-02    2.00000e+00  3.00000e+00
     3 phi_CBO      2.94257e+00  1.00000e-02    0.00000e+00  6.28319e+00
 **********
 **    3 **MIGRAD
 **********
 FIRST CALL TO USER FUNCTION AT NEW START POINT, WITH IFLAG=4.
 START MIGRAD MINIMIZATION.  STRATEGY  1.  CONVERGENCE WHEN EDM .LT. 1.00e-04
 FCN=0.245696 FROM MIGRAD    STATUS=INITIATE       12 CALLS          13 TOTAL
                     EDM= unknown      STRATEGY= 1      NO ERROR MATRIX       
  EXT PARAMETER               CURRENT GUESS       STEP         FIRST   
  NO.   NAME      VALUE            ERROR          SIZE      DERIVATIVE 
   1  A_CBO        9.95405e-03   1.00000e-05   1.00000e-05   8.31969e+00
   2  w_CBO        2.32631e+00   1.00000e-02   2.13305e-02   2.88571e+00
   3  phi_CBO      2.94257e+00   1.00000e-02   3.18951e-03  -3.93313e-02
 MIGRAD MINIMIZATION HAS CONVERGED.
 MIGRAD WILL VERIFY CONVERGENCE AND ERROR MATRIX.
 COVARIANCE MATRIX CALCULATED SUCCESSFULLY
 FCN=0.213339 FROM HESSE     STATUS=OK             16 CALLS          60 TOTAL
                     EDM=0.00161008    STRATEGY= 1      ERROR MATRIX ACCURATE 
  EXT PARAMETER                                   STEP         FIRST   
  NO.   NAME      VALUE            ERROR          SIZE      DERIVATIVE 
   1  A_CBO        2.64451e-03   5.35266e-02   2.29539e-05  -3.06351e-02
   2  w_CBO        2.32568e+00   3.76927e-01   4.57160e-05   6.79570e-02
   3  phi_CBO      3.11963e+00   4.68050e+00   3.05044e-03   2.56754e-04
 MIGRAD MINIMIZATION HAS CONVERGED.
 MIGRAD WILL VERIFY CONVERGENCE AND ERROR MATRIX.
 COVARIANCE MATRIX CALCULATED SUCCESSFULLY
 FCN=0.212411 FROM MIGRAD    STATUS=CONVERGED     149 CALLS         150 TOTAL
                     EDM=1.06773e-05    STRATEGY= 1      ERROR MATRIX ACCURATE 
  EXT PARAMETER                                   STEP         FIRST   
  NO.   NAME      VALUE            ERROR          SIZE      DERIVATIVE 
   1  A_CBO        3.01472e-03   4.27057e-02   2.29410e-05   4.83784e-02
   2  w_CBO        2.31862e+00   6.24858e-02   3.77564e-05  -2.78828e-02
   3  phi_CBO      3.24244e-02   3.24776e+00   1.40000e-02   1.37302e-04
 EXTERNAL ERROR MATRIX.    NDIM=  25    NPAR=  3    ERR DEF=1
  1.824e-03 -7.830e-05 -3.951e-02 
 -7.830e-05  3.928e-03  1.231e+00 
 -3.951e-02  1.231e+00  5.232e+02 
 PARAMETER  CORRELATION COEFFICIENTS  
       NO.  GLOBAL      1      2      3
        1  0.04183   1.000 -0.029 -0.040
        2  0.85867  -0.029  1.000  0.859
        3  0.85879  -0.040  0.859  1.000
setting A_CBO=0.003015 w_CBO=2.318615, phi_CBO=0.032424
done fitting cbo isolate
 **********
 **    1 **SET PRINTOUT            1
 **********
 **********
 **    2 **SET NOWARNINGS 
 **********
 PARAMETER DEFINITIONS:
    NO.   NAME         VALUE      STEP SIZE      LIMITS
     1 N0           2.74015e+06  1.00000e+02     no limits
     2 tau          6.44023e+01  constant
     3 A0           3.54223e-01  1.00000e-04     no limits
     4 phi          4.11631e+00  1.00000e-02     no limits
     5 R           -5.91816e+01  constant
     6 A_CBO        3.01472e-03  1.00000e-05     no limits
     7 w_CBO        2.31862e+00  1.00000e-03     no limits
     8 phi_CBO      3.24244e-02  1.00000e-04     no limits
     9 ANx2         7.44254e-04  constant
    10 pNx2         1.53785e+00  constant
    11 ANy1         0.00000e+00  constant
    12 pNy1         0.00000e+00  constant
    13 w_y          0.00000e+00  constant
    14 ANy2         8.00900e-03  1.00000e-04     no limits
    15 pNy2         3.64406e+00  constant
    16 w_vw         1.43170e+01  constant
    17 LM          -4.99363e-05  constant
    18 wCBO_expCoeff   2.00000e+02  1.00000e+00     no limits
    19 wCBO_expOffset   2.00000e+02  1.00000e+00     no limits
    20 wCBO_expT    3.00000e+01  1.00000e+00     no limits
    21 wCBO_linCoeff   0.00000e+00  constant
    22 wCBO_const   0.00000e+00  1.00000e-02     no limits
MINUIT - FIT ONLY WIGGLE
 **********
 **    3 **FIX            5
 **********
 PARAMETER    5  IS CONSTANT.   IGNORED.
 **********
 **    4 **FIX            6
 **********
 **********
 **    5 **FIX            7
 **********
 **********
 **    6 **FIX            8
 **********
 **********
 **    7 **FIX            9
 **********
 PARAMETER    9  IS CONSTANT.   IGNORED.
 **********
 **    8 **FIX           10
 **********
 PARAMETER   10  IS CONSTANT.   IGNORED.
 **********
 **    9 **FIX           11
 **********
 PARAMETER   11  IS CONSTANT.   IGNORED.
 **********
 **   10 **FIX           12
 **********
 PARAMETER   12  IS CONSTANT.   IGNORED.
 **********
 **   11 **FIX           13
 **********
 PARAMETER   13  IS CONSTANT.   IGNORED.
 **********
 **   12 **FIX           14
 **********
 **********
 **   13 **FIX           15
 **********
 PARAMETER   15  IS CONSTANT.   IGNORED.
 **********
 **   14 **FIX           16
 **********
 PARAMETER   16  IS CONSTANT.   IGNORED.
 **********
 **   15 **MIGRAD
 **********
 FIRST CALL TO USER FUNCTION AT NEW START POINT, WITH IFLAG=4.
 START MIGRAD MINIMIZATION.  STRATEGY  1.  CONVERGENCE WHEN EDM .LT. 1.00e-04
 FCN=379.035 FROM MIGRAD    STATUS=INITIATE       30 CALLS          31 TOTAL
                     EDM= unknown      STRATEGY= 1      NO ERROR MATRIX       
  EXT PARAMETER               CURRENT GUESS       STEP         FIRST   
  NO.   NAME      VALUE            ERROR          SIZE      DERIVATIVE 
   1  N0           2.74015e+06   1.00000e+02   1.00000e+02   1.03425e-04
   2  tau          6.44023e+01   constant   
   3  A0           3.54223e-01   1.00000e-04   1.00000e-04   2.18545e+03
   4  phi          4.11631e+00   1.00000e-02   1.00000e-02   3.48253e+02
   5  R           -5.91816e+01   constant   
   6  A_CBO        3.01472e-03     fixed    
   7  w_CBO        2.31862e+00     fixed    
   8  phi_CBO      3.24244e-02     fixed    
   9  ANx2         7.44254e-04   constant   
  10  pNx2         1.53785e+00   constant   
  11  ANy1         0.00000e+00   constant   
  12  pNy1         0.00000e+00   constant   
  13  w_y          0.00000e+00   constant   
  14  ANy2         8.00900e-03     fixed    
  15  pNy2         3.64406e+00   constant   
  16  w_vw         1.43170e+01   constant   
  17  LM          -4.99363e-05   constant   
  18  wCBO_expCoeff   2.00000e+02   1.00000e+00   1.00000e+00  -3.06320e+00
  19  wCBO_expOffset   2.00000e+02   1.00000e+00   1.00000e+00  -2.04267e+01
  20  wCBO_expT    3.00000e+01   1.00000e+00   1.00000e+00  -1.13525e+02
  21  wCBO_linCoeff   0.00000e+00   constant   
  22  wCBO_const   0.00000e+00   1.00000e-02   1.00000e-02   1.33366e+03
 MIGRAD MINIMIZATION HAS CONVERGED.
 FCN=374.113 FROM MIGRAD    STATUS=CONVERGED     195 CALLS         196 TOTAL
                     EDM=3.47267e-07    STRATEGY= 1  ERROR MATRIX UNCERTAINTY   0.9 per cent
  EXT PARAMETER                                   STEP         FIRST   
  NO.   NAME      VALUE            ERROR          SIZE      DERIVATIVE 
   1  N0           2.73982e+06   1.71281e+03  -4.66268e+00   2.22160e-07
   2  tau          6.44023e+01   constant   
   3  A0           3.53605e-01   8.36642e-04  -6.87326e-07  -1.08309e-01
   4  phi          4.11542e+00   2.44341e-03  -3.65340e-06  -1.59036e-01
   5  R           -5.91816e+01   constant   
   6  A_CBO        3.01472e-03     fixed    
   7  w_CBO        2.31862e+00     fixed    
   8  phi_CBO      3.24244e-02     fixed    
   9  ANx2         7.44254e-04   constant   
  10  pNx2         1.53785e+00   constant   
  11  ANy1         0.00000e+00   constant   
  12  pNy1         0.00000e+00   constant   
  13  w_y          0.00000e+00   constant   
  14  ANy2         8.00900e-03     fixed    
  15  pNy2         3.64406e+00   constant   
  16  w_vw         1.43170e+01   constant   
  17  LM          -4.99363e-05   constant   
  18  wCBO_expCoeff   1.97291e+02   2.38822e+00  -1.33949e-02   2.07656e-03
  19  wCBO_expOffset   1.99593e+02   3.58819e-01  -2.01749e-03   1.35824e-02
  20  wCBO_expT    3.01695e+01   1.29322e-01   7.45153e-04   7.55188e-02
  21  wCBO_linCoeff   0.00000e+00   constant   
  22  wCBO_const  -1.65537e-03   8.03758e-04  -2.73219e-07   1.14854e+00
 EXTERNAL ERROR MATRIX.    NDIM=  25    NPAR=  7    ERR DEF=1
  2.934e+06  1.959e-02 -1.704e-02 -4.918e+01 -7.375e+00  2.373e+00  5.908e-02 
  1.959e-02  7.000e-07  4.350e-08 -1.162e-05 -1.761e-06  9.937e-07 -3.868e-08 
 -1.704e-02  4.350e-08  5.970e-06  2.063e-04  3.100e-05 -1.025e-05 -4.837e-08 
 -4.918e+01 -1.162e-05  2.063e-04  5.704e+00  8.451e-01 -3.068e-01  1.544e-03 
 -7.375e+00 -1.761e-06  3.100e-05  8.451e-01  1.288e-01 -4.609e-02  2.320e-04 
  2.373e+00  9.937e-07 -1.025e-05 -3.068e-01 -4.609e-02  1.672e-02 -8.702e-05 
  5.908e-02 -3.868e-08 -4.837e-08  1.544e-03  2.320e-04 -8.702e-05  6.460e-07 
 PARAMETER  CORRELATION COEFFICIENTS  
       NO.  GLOBAL      1      3      4     18     19     20     22
        1  0.11139   1.000  0.014 -0.004 -0.012 -0.012  0.011  0.043
        3  0.09730   0.014  1.000  0.021 -0.006 -0.006  0.009 -0.058
        4  0.10408  -0.004  0.021  1.000  0.035  0.035 -0.032 -0.025
       18  0.99481  -0.012 -0.006  0.035  1.000  0.986 -0.993  0.804
       19  0.99482  -0.012 -0.006  0.035  0.986  1.000 -0.993  0.804
       20  0.99821   0.011  0.009 -0.032 -0.993 -0.993  1.000 -0.837
       22  0.90429   0.043 -0.058 -0.025  0.804  0.804 -0.837  1.000
MINUIT - FIT ONLY 1-CBO + other amplitudes 
 **********
 **   16 **RES 
 **********
                   PARAMETER   14  ANy2 RESTORED TO VARIABLE.
                   PARAMETER    8  phi_CBO RESTORED TO VARIABLE.
                   PARAMETER    7  w_CBO RESTORED TO VARIABLE.
                   PARAMETER    6  A_CBO RESTORED TO VARIABLE.
 **********
 **   17 **FIX            0
 **********
 PARAMETER    0  IS UNDEFINED. IGNORED.
 **********
 **   18 **FIX            1
 **********
 **********
 **   19 **FIX            2
 **********
 PARAMETER    2  IS CONSTANT.   IGNORED.
 **********
 **   20 **FIX            3
 **********
 **********
 **   21 **FIX            4
 **********
 **********
 **   22 **FIX            9
 **********
 PARAMETER    9  IS CONSTANT.   IGNORED.
 **********
 **   23 **FIX           11
 **********
 PARAMETER   11  IS CONSTANT.   IGNORED.
 **********
 **   24 **FIX           12
 **********
 PARAMETER   12  IS CONSTANT.   IGNORED.
 **********
 **   25 **FIX           14
 **********
 **********
 **   26 **FIX           15
 **********
 PARAMETER   15  IS CONSTANT.   IGNORED.
 **********
 **   27 **FIX           16
 **********
 PARAMETER   16  IS CONSTANT.   IGNORED.
 **********
 **   28 **MIGRAD
 **********
 START MIGRAD MINIMIZATION.  STRATEGY  1.  CONVERGENCE WHEN EDM .LT. 1.00e-04
 FCN=374.113 FROM MIGRAD    STATUS=INITIATE       20 CALLS         216 TOTAL
                     EDM= unknown      STRATEGY= 1      NO ERROR MATRIX       
  EXT PARAMETER               CURRENT GUESS       STEP         FIRST   
  NO.   NAME      VALUE            ERROR          SIZE      DERIVATIVE 
   1  N0           2.73982e+06     fixed    
   2  tau          6.44023e+01   constant   
   3  A0           3.53605e-01     fixed    
   4  phi          4.11542e+00     fixed    
   5  R           -5.91816e+01   constant   
   6  A_CBO        3.01472e-03   1.00000e-05   1.00000e-05   4.42734e+03
   7  w_CBO        2.31862e+00   1.00000e-03   1.00000e-03   6.69016e-01
   8  phi_CBO      3.24244e-02   1.00000e-04   1.00000e-04  -2.03083e+00
   9  ANx2         7.44254e-04   constant   
  10  pNx2         1.53785e+00   constant   
  11  ANy1         0.00000e+00   constant   
  12  pNy1         0.00000e+00   constant   
  13  w_y          0.00000e+00   constant   
  14  ANy2         8.00900e-03     fixed    
  15  pNy2         3.64406e+00   constant   
  16  w_vw         1.43170e+01   constant   
  17  LM          -4.99363e-05   constant   
  18  wCBO_expCoeff   1.97291e+02   2.38822e+00  -1.33949e-02   2.07624e-03
  19  wCBO_expOffset   1.99593e+02   3.58819e-01  -2.01749e-03   1.35803e-02
  20  wCBO_expT    3.01695e+01   1.29322e-01   7.45153e-04   7.55056e-02
  21  wCBO_linCoeff   0.00000e+00   constant   
  22  wCBO_const  -1.65537e-03   8.03758e-04  -2.73219e-07   1.14849e+00
 MIGRAD MINIMIZATION HAS CONVERGED.
 MIGRAD WILL VERIFY CONVERGENCE AND ERROR MATRIX.
 FCN=368.461 FROM MIGRAD    STATUS=CONVERGED     271 CALLS         467 TOTAL
                     EDM=1.07367e-05    STRATEGY= 1      ERR MATRIX NOT POS-DEF
  EXT PARAMETER                APPROXIMATE        STEP         FIRST   
  NO.   NAME      VALUE            ERROR          SIZE      DERIVATIVE 
   1  N0           2.73982e+06     fixed    
   2  tau          6.44023e+01   constant   
   3  A0           3.53605e-01     fixed    
   4  phi          4.11542e+00     fixed    
   5  R           -5.91816e+01   constant   
   6  A_CBO        1.00501e-03   9.26966e-04   8.23275e-06  -3.19326e+00
   7  w_CBO        2.31870e+00   6.56316e-03   6.67351e-06  -3.91301e+00
   8  phi_CBO      9.80393e-01   9.58527e-01   8.18777e-03   2.90539e-03
   9  ANx2         7.44254e-04   constant   
  10  pNx2         1.53785e+00   constant   
  11  ANy1         0.00000e+00   constant   
  12  pNy1         0.00000e+00   constant   
  13  w_y          0.00000e+00   constant   
  14  ANy2         8.00900e-03     fixed    
  15  pNy2         3.64406e+00   constant   
  16  w_vw         1.43170e+01   constant   
  17  LM          -4.99363e-05   constant   
  18  wCBO_expCoeff   1.97652e+02   3.14433e+00   2.54954e-03  -1.35132e-02
  19  wCBO_expOffset   1.99648e+02   4.80074e-01   3.89431e-04  -8.85437e-02
  20  wCBO_expT    3.01648e+01   7.06871e-02   6.33651e-05  -5.38083e-01
  21  wCBO_linCoeff   0.00000e+00   constant   
  22  wCBO_const  -1.69985e-03   2.82653e-03   3.46824e-06  -6.41301e+00
 EXTERNAL ERROR MATRIX.    NDIM=  25    NPAR=  7    ERR DEF=1
  8.593e-07  5.223e-08 -2.154e-05 -2.084e-04 -3.189e-05  7.889e-06  7.946e-08 
  5.223e-08  4.308e-05  5.800e-05 -1.131e-03 -1.736e-04 -4.048e-05 -1.811e-05 
 -2.154e-05  5.800e-05  9.188e-01 -1.081e-01 -1.653e-02  6.454e-03  5.813e-05 
 -2.084e-04 -1.131e-03 -1.081e-01  9.887e+00 -9.413e-01 -9.306e-02  7.591e-04 
 -3.189e-05 -1.736e-04 -1.653e-02 -9.413e-01  2.305e-01 -1.423e-02  1.163e-04 
  7.889e-06 -4.048e-05  6.454e-03 -9.306e-02 -1.423e-02  4.997e-03 -2.030e-06 
  7.946e-08 -1.811e-05  5.813e-05  7.591e-04  1.163e-04 -2.030e-06  7.989e-06 
ERR MATRIX NOT POS-DEF
 PARAMETER  CORRELATION COEFFICIENTS  
       NO.  GLOBAL      6      7      8     18     19     20     22
        6  0.33288   1.000  0.009 -0.024 -0.071 -0.072  0.120  0.030
        7  0.99417   0.009  1.000  0.009 -0.055 -0.055 -0.087 -0.976
        8  0.39178  -0.024  0.009  1.000 -0.036 -0.036  0.095  0.021
       18  0.99626  -0.071 -0.055 -0.036  1.000 -0.624 -0.419  0.085
       19  0.99626  -0.072 -0.055 -0.036 -0.624  1.000 -0.419  0.086
       20  0.99544   0.120 -0.087  0.095 -0.419 -0.419  1.000 -0.010
       22  0.99153   0.030 -0.976  0.021  0.085  0.086 -0.010  1.000
 ERR MATRIX NOT POS-DEF
MINUIT - FIT ONLY 1-CBO
 **********
 **   29 **RES 
 **********
                   PARAMETER   14  ANy2 RESTORED TO VARIABLE.
                   PARAMETER    4  phi RESTORED TO VARIABLE.
                   PARAMETER    3  A0 RESTORED TO VARIABLE.
                   PARAMETER    1  N0 RESTORED TO VARIABLE.
 **********
 **   30 **FIX            0
 **********
 PARAMETER    0  IS UNDEFINED. IGNORED.
 **********
 **   31 **FIX            1
 **********
 **********
 **   32 **FIX            2
 **********
 PARAMETER    2  IS CONSTANT.   IGNORED.
 **********
 **   33 **FIX            3
 **********
 **********
 **   34 **FIX            4
 **********
 **********
 **   35 **FIX            8
 **********
 **********
 **   36 **FIX            9
 **********
 PARAMETER    9  IS CONSTANT.   IGNORED.
 **********
 **   37 **FIX           11
 **********
 PARAMETER   11  IS CONSTANT.   IGNORED.
 **********
 **   38 **FIX           12
 **********
 PARAMETER   12  IS CONSTANT.   IGNORED.
 **********
 **   39 **FIX           13
 **********
 PARAMETER   13  IS CONSTANT.   IGNORED.
 **********
 **   40 **FIX           15
 **********
 PARAMETER   15  IS CONSTANT.   IGNORED.
 **********
 **   41 **FIX           16
 **********
 PARAMETER   16  IS CONSTANT.   IGNORED.
 **********
 **   42 **MIGRAD
 **********
 START MIGRAD MINIMIZATION.  STRATEGY  1.  CONVERGENCE WHEN EDM .LT. 1.00e-04
 FCN=368.461 FROM MIGRAD    STATUS=INITIATE       14 CALLS         481 TOTAL
                     EDM= unknown      STRATEGY= 1      NO ERROR MATRIX       
  EXT PARAMETER               CURRENT GUESS       STEP         FIRST   
  NO.   NAME      VALUE            ERROR          SIZE      DERIVATIVE 
   1  N0           2.73982e+06     fixed    
   2  tau          6.44023e+01   constant   
   3  A0           3.53605e-01     fixed    
   4  phi          4.11542e+00     fixed    
   5  R           -5.91816e+01   constant   
   6  A_CBO        1.00501e-03   9.26966e-04   8.23275e-06  -3.19327e+00
   7  w_CBO        2.31870e+00   6.56316e-03   6.67351e-06  -3.90934e+00
   8  phi_CBO      9.80393e-01     fixed    
   9  ANx2         7.44254e-04   constant   
  10  pNx2         1.53785e+00   constant   
  11  ANy1         0.00000e+00   constant   
  12  pNy1         0.00000e+00   constant   
  13  w_y          0.00000e+00   constant   
  14  ANy2         8.00900e-03   1.00000e-04   1.00000e-04   2.01040e+04
  15  pNy2         3.64406e+00   constant   
  16  w_vw         1.43170e+01   constant   
  17  LM          -4.99363e-05   constant   
  18  wCBO_expCoeff   1.97652e+02   3.14433e+00   2.54954e-03  -1.34799e-02
  19  wCBO_expOffset   1.99648e+02   4.80074e-01   3.89431e-04  -8.83226e-02
  20  wCBO_expT    3.01648e+01   7.06871e-02   6.33651e-05  -5.36802e-01
  21  wCBO_linCoeff   0.00000e+00   constant   
  22  wCBO_const  -1.69985e-03   2.82653e-03   3.46824e-06  -6.40938e+00
 MIGRAD MINIMIZATION HAS CONVERGED.
 MIGRAD WILL VERIFY CONVERGENCE AND ERROR MATRIX.
 COVARIANCE MATRIX CALCULATED SUCCESSFULLY
 FCN=287.556 FROM MIGRAD    STATUS=CONVERGED     259 CALLS         726 TOTAL
                     EDM=6.06496e-06    STRATEGY= 1      ERROR MATRIX ACCURATE 
  EXT PARAMETER                                   STEP         FIRST   
  NO.   NAME      VALUE            ERROR          SIZE      DERIVATIVE 
   1  N0           2.73982e+06     fixed    
   2  tau          6.44023e+01   constant   
   3  A0           3.53605e-01     fixed    
   4  phi          4.11542e+00     fixed    
   5  R           -5.91816e+01   constant   
   6  A_CBO        8.52755e-04   9.03478e-04   7.20766e-06  -4.94076e-01
   7  w_CBO        2.32056e+00   2.68918e-02   6.25297e-06  -8.86413e-01
   8  phi_CBO      9.80393e-01     fixed    
   9  ANx2         7.44254e-04   constant   
  10  pNx2         1.53785e+00   constant   
  11  ANy1         0.00000e+00   constant   
  12  pNy1         0.00000e+00   constant   
  13  w_y          0.00000e+00   constant   
  14  ANy2         2.02655e-05   8.88503e-04   7.33180e-06   2.58845e+00
  15  pNy2         3.64406e+00   constant   
  16  w_vw         1.43170e+01   constant   
  17  LM          -4.99363e-05   constant   
  18  wCBO_expCoeff   2.02084e+02   1.07080e+01   3.03280e-03   1.42870e-03
  19  wCBO_expOffset   2.00325e+02   1.58877e+00   4.49508e-04   9.63839e-03
  20  wCBO_expT    2.99551e+01   1.64572e-01   6.94769e-05   4.47815e-02
  21  wCBO_linCoeff   0.00000e+00   constant   
  22  wCBO_const  -2.14127e-03   1.15523e-02   3.12117e-06  -2.35072e+00
 EXTERNAL ERROR MATRIX.    NDIM=  25    NPAR=  7    ERR DEF=1
  8.163e-07 -3.444e-09 -5.324e-08 -3.634e-04 -5.424e-05  1.772e-05  3.176e-08 
 -3.444e-09  7.232e-04  1.086e-07 -2.632e-02 -4.001e-03 -2.361e-04 -3.101e-04 
 -5.324e-08  1.086e-07  7.894e-07  2.425e-04  3.621e-05 -1.170e-05 -2.883e-08 
 -3.634e-04 -2.632e-02  2.425e-04  1.147e+02 -1.325e+01 -5.501e-01  1.274e-02 
 -5.424e-05 -4.001e-03  3.621e-05 -1.325e+01  2.524e+00 -8.210e-02  1.932e-03 
  1.772e-05 -2.361e-04 -1.170e-05 -5.501e-01 -8.210e-02  2.708e-02  2.604e-05 
  3.176e-08 -3.101e-04 -2.883e-08  1.274e-02  1.932e-03  2.604e-05  1.335e-04 
 PARAMETER  CORRELATION COEFFICIENTS  
       NO.  GLOBAL      6      7     14     18     19     20     22
        6  0.27367   1.000 -0.000 -0.066 -0.038 -0.038  0.119  0.003
        7  0.99961  -0.000  1.000  0.005 -0.091 -0.094 -0.053 -0.998
       14  0.10114  -0.066  0.005  1.000  0.025  0.026 -0.080 -0.003
       18  0.99942  -0.038 -0.091  0.025  1.000 -0.779 -0.312  0.103
       19  0.99942  -0.038 -0.094  0.026 -0.779  1.000 -0.314  0.105
       20  0.99871   0.119 -0.053 -0.080 -0.312 -0.314  1.000  0.014
       22  0.99947   0.003 -0.998 -0.003  0.103  0.105  0.014  1.000
MINUIT - FIT ONLY 2-CBO
 **********
 **   43 **RES 
 **********
                   PARAMETER    8  phi_CBO RESTORED TO VARIABLE.
                   PARAMETER    4  phi RESTORED TO VARIABLE.
                   PARAMETER    3  A0 RESTORED TO VARIABLE.
                   PARAMETER    1  N0 RESTORED TO VARIABLE.
 **********
 **   44 **FIX            0
 **********
 PARAMETER    0  IS UNDEFINED. IGNORED.
 **********
 **   45 **FIX            1
 **********
 **********
 **   46 **FIX            2
 **********
 PARAMETER    2  IS CONSTANT.   IGNORED.
 **********
 **   47 **FIX            3
 **********
 **********
 **   48 **FIX            4
 **********
 **********
 **   49 **FIX            5
 **********
 PARAMETER    5  IS CONSTANT.   IGNORED.
 **********
 **   50 **FIX            6
 **********
 **********
 **   51 **FIX            7
 **********
 **********
 **   52 **FIX           10
 **********
 PARAMETER   10  IS CONSTANT.   IGNORED.
 **********
 **   53 **FIX           11
 **********
 PARAMETER   11  IS CONSTANT.   IGNORED.
 **********
 **   54 **FIX           12
 **********
 PARAMETER   12  IS CONSTANT.   IGNORED.
 **********
 **   55 **FIX           13
 **********
 PARAMETER   13  IS CONSTANT.   IGNORED.
 **********
 **   56 **FIX           14
 **********
 **********
 **   57 **FIX           15
 **********
 PARAMETER   15  IS CONSTANT.   IGNORED.
 **********
 **   58 **FIX           16
 **********
 PARAMETER   16  IS CONSTANT.   IGNORED.
 **********
 **   59 **MIGRAD
 **********
 START MIGRAD MINIMIZATION.  STRATEGY  1.  CONVERGENCE WHEN EDM .LT. 1.00e-04
 FCN=287.556 FROM MIGRAD    STATUS=INITIATE       10 CALLS         736 TOTAL
                     EDM= unknown      STRATEGY= 1      NO ERROR MATRIX       
  EXT PARAMETER               CURRENT GUESS       STEP         FIRST   
  NO.   NAME      VALUE            ERROR          SIZE      DERIVATIVE 
   1  N0           2.73982e+06     fixed    
   2  tau          6.44023e+01   constant   
   3  A0           3.53605e-01     fixed    
   4  phi          4.11542e+00     fixed    
   5  R           -5.91816e+01   constant   
   6  A_CBO        8.52755e-04     fixed    
   7  w_CBO        2.32056e+00     fixed    
   8  phi_CBO      9.80393e-01   9.58527e-01   9.58527e-01   1.07192e+00
   9  ANx2         7.44254e-04   constant   
  10  pNx2         1.53785e+00   constant   
  11  ANy1         0.00000e+00   constant   
  12  pNy1         0.00000e+00   constant   
  13  w_y          0.00000e+00   constant   
  14  ANy2         2.02655e-05     fixed    
  15  pNy2         3.64406e+00   constant   
  16  w_vw         1.43170e+01   constant   
  17  LM          -4.99363e-05   constant   
  18  wCBO_expCoeff   2.02084e+02   1.07080e+01   3.03280e-03   1.42435e-03
  19  wCBO_expOffset   2.00325e+02   1.58877e+00   4.49508e-04   9.61128e-03
  20  wCBO_expT    2.99551e+01   1.64572e-01   6.94769e-05   4.45895e-02
  21  wCBO_linCoeff   0.00000e+00   constant   
  22  wCBO_const  -2.14127e-03   1.15523e-02   3.12117e-06  -2.35355e+00
 MIGRAD MINIMIZATION HAS CONVERGED.
 MIGRAD WILL VERIFY CONVERGENCE AND ERROR MATRIX.
 FCN=287.169 FROM MIGRAD    STATUS=CONVERGED     137 CALLS         863 TOTAL
                     EDM=1.32749e-08    STRATEGY= 1      ERR MATRIX NOT POS-DEF
  EXT PARAMETER                APPROXIMATE        STEP         FIRST   
  NO.   NAME      VALUE            ERROR          SIZE      DERIVATIVE 
   1  N0           2.73982e+06     fixed    
   2  tau          6.44023e+01   constant   
   3  A0           3.53605e-01     fixed    
   4  phi          4.11542e+00     fixed    
   5  R           -5.91816e+01   constant   
   6  A_CBO        8.52755e-04     fixed    
   7  w_CBO        2.32056e+00     fixed    
   8  phi_CBO      2.91306e-01   1.07077e+00   7.86774e-03   1.03121e-04
   9  ANx2         7.44254e-04   constant   
  10  pNx2         1.53785e+00   constant   
  11  ANy1         0.00000e+00   constant   
  12  pNy1         0.00000e+00   constant   
  13  w_y          0.00000e+00   constant   
  14  ANy2         2.02655e-05     fixed    
  15  pNy2         3.64406e+00   constant   
  16  w_vw         1.43170e+01   constant   
  17  LM          -4.99363e-05   constant   
  18  wCBO_expCoeff   2.01644e+02   4.44439e+00   2.94626e-03  -2.72375e-04
  19  wCBO_expOffset   2.00260e+02   6.60802e-01   4.37931e-04  -1.83238e-03
  20  wCBO_expT    2.99740e+01   9.08938e-02   6.80775e-05  -1.12399e-02
  21  wCBO_linCoeff   0.00000e+00   constant   
  22  wCBO_const  -2.22279e-03   6.10725e-04   3.05187e-06   1.37302e-02
 EXTERNAL ERROR MATRIX.    NDIM=  25    NPAR=  5    ERR DEF=1
  1.147e+00  1.461e-01  2.177e-02 -3.552e-03  8.049e-05 
  1.461e-01  1.975e+01 -1.891e+00 -1.687e-01  4.663e-04 
  2.177e-02 -1.891e+00  4.367e-01 -2.510e-02  6.936e-05 
 -3.552e-03 -1.687e-01 -2.510e-02  8.262e-03 -2.735e-05 
  8.049e-05  4.663e-04  6.936e-05 -2.735e-05  3.730e-07 
ERR MATRIX NOT POS-DEF
 PARAMETER  CORRELATION COEFFICIENTS  
       NO.  GLOBAL      8     18     19     20     22
        8  0.46814   1.000  0.031  0.031 -0.036  0.123
       18  0.99682   0.031  1.000 -0.644 -0.418  0.172
       19  0.99682   0.031 -0.644  1.000 -0.418  0.172
       20  0.99593  -0.036 -0.418 -0.418  1.000 -0.493
       22  0.79925   0.123  0.172  0.172 -0.493  1.000
 ERR MATRIX NOT POS-DEF
MINUIT - FIT ONLY 1-y
 **********
 **   60 **RES 
 **********
                   PARAMETER   14  ANy2 RESTORED TO VARIABLE.
                   PARAMETER    7  w_CBO RESTORED TO VARIABLE.
                   PARAMETER    6  A_CBO RESTORED TO VARIABLE.
                   PARAMETER    4  phi RESTORED TO VARIABLE.
                   PARAMETER    3  A0 RESTORED TO VARIABLE.
                   PARAMETER    1  N0 RESTORED TO VARIABLE.
 **********
 **   61 **FIX            0
 **********
 PARAMETER    0  IS UNDEFINED. IGNORED.
 **********
 **   62 **FIX            1
 **********
 **********
 **   63 **FIX            2
 **********
 PARAMETER    2  IS CONSTANT.   IGNORED.
 **********
 **   64 **FIX            3
 **********
 **********
 **   65 **FIX            4
 **********
 **********
 **   66 **FIX            5
 **********
 PARAMETER    5  IS CONSTANT.   IGNORED.
 **********
 **   67 **FIX            6
 **********
 **********
 **   68 **FIX            7
 **********
 **********
 **   69 **FIX            8
 **********
 **********
 **   70 **FIX            9
 **********
 PARAMETER    9  IS CONSTANT.   IGNORED.
 **********
 **   71 **FIX           13
 **********
 PARAMETER   13  IS CONSTANT.   IGNORED.
 **********
 **   72 **FIX           14
 **********
 **********
 **   73 **FIX           15
 **********
 PARAMETER   15  IS CONSTANT.   IGNORED.
 **********
 **   74 **FIX           16
 **********
 PARAMETER   16  IS CONSTANT.   IGNORED.
 **********
 **   75 **MIGRAD
 **********
 START MIGRAD MINIMIZATION.  STRATEGY  1.  CONVERGENCE WHEN EDM .LT. 1.00e-04
 FCN=287.169 FROM MIGRAD    STATUS=INITIATE        8 CALLS         871 TOTAL
                     EDM= unknown      STRATEGY= 1      NO ERROR MATRIX       
  EXT PARAMETER               CURRENT GUESS       STEP         FIRST   
  NO.   NAME      VALUE            ERROR          SIZE      DERIVATIVE 
   1  N0           2.73982e+06     fixed    
   2  tau          6.44023e+01   constant   
   3  A0           3.53605e-01     fixed    
   4  phi          4.11542e+00     fixed    
   5  R           -5.91816e+01   constant   
   6  A_CBO        8.52755e-04     fixed    
   7  w_CBO        2.32056e+00     fixed    
   8  phi_CBO      2.91306e-01     fixed    
   9  ANx2         7.44254e-04   constant   
  10  pNx2         1.53785e+00   constant   
  11  ANy1         0.00000e+00   constant   
  12  pNy1         0.00000e+00   constant   
  13  w_y          0.00000e+00   constant   
  14  ANy2         2.02655e-05     fixed    
  15  pNy2         3.64406e+00   constant   
  16  w_vw         1.43170e+01   constant   
  17  LM          -4.99363e-05   constant   
  18  wCBO_expCoeff   2.01644e+02   4.44439e+00   2.94626e-03  -2.69185e-04
  19  wCBO_expOffset   2.00260e+02   6.60802e-01   4.37931e-04  -1.81052e-03
  20  wCBO_expT    2.99740e+01   9.08938e-02   6.80775e-05  -1.11093e-02
  21  wCBO_linCoeff   0.00000e+00   constant   
  22  wCBO_const  -2.22279e-03   6.10725e-04   3.05187e-06   1.44914e-02
 MIGRAD MINIMIZATION HAS CONVERGED.
 MIGRAD WILL VERIFY CONVERGENCE AND ERROR MATRIX.
 FCN=287.169 FROM MIGRAD    STATUS=CONVERGED      47 CALLS         910 TOTAL
                     EDM=5.8865e-09    STRATEGY= 1      ERR MATRIX NOT POS-DEF
  EXT PARAMETER                APPROXIMATE        STEP         FIRST   
  NO.   NAME      VALUE            ERROR          SIZE      DERIVATIVE 
   1  N0           2.73982e+06     fixed    
   2  tau          6.44023e+01   constant   
   3  A0           3.53605e-01     fixed    
   4  phi          4.11542e+00     fixed    
   5  R           -5.91816e+01   constant   
   6  A_CBO        8.52755e-04     fixed    
   7  w_CBO        2.32056e+00     fixed    
   8  phi_CBO      2.91306e-01     fixed    
   9  ANx2         7.44254e-04   constant   
  10  pNx2         1.53785e+00   constant   
  11  ANy1         0.00000e+00   constant   
  12  pNy1         0.00000e+00   constant   
  13  w_y          0.00000e+00   constant   
  14  ANy2         2.02655e-05     fixed    
  15  pNy2         3.64406e+00   constant   
  16  w_vw         1.43170e+01   constant   
  17  LM          -4.99363e-05   constant   
  18  wCBO_expCoeff   2.01644e+02   4.59741e+00   2.94659e-03  -9.03555e-07
  19  wCBO_expOffset   2.00260e+02   6.83561e-01   4.38003e-04  -6.06228e-06
  20  wCBO_expT    2.99740e+01   9.31177e-02   6.80926e-05   4.89900e-04
  21  wCBO_linCoeff   0.00000e+00   constant   
  22  wCBO_const  -2.22279e-03   6.09658e-04   3.05214e-06   2.03468e-01
 EXTERNAL ERROR MATRIX.    NDIM=  25    NPAR=  4    ERR DEF=1
  2.114e+01 -2.050e+00 -1.768e-01  4.830e-04 
 -2.050e+00  4.673e-01 -2.632e-02  7.186e-05 
 -1.768e-01 -2.632e-02  8.671e-03 -2.842e-05 
  4.830e-04  7.186e-05 -2.842e-05  3.717e-07 
ERR MATRIX NOT POS-DEF
 PARAMETER  CORRELATION COEFFICIENTS  
       NO.  GLOBAL     18     19     20     22
       18  0.99702   1.000 -0.652 -0.413  0.172
       19  0.99703  -0.652  1.000 -0.414  0.172
       20  0.99612  -0.413 -0.414  1.000 -0.501
       22  0.79840   0.172  0.172 -0.501  1.000
 ERR MATRIX NOT POS-DEF
MINUIT - FIT ONLY 2-y
 **********
 **   76 **RES 
 **********
                   PARAMETER   14  ANy2 RESTORED TO VARIABLE.
                   PARAMETER    8  phi_CBO RESTORED TO VARIABLE.
                   PARAMETER    7  w_CBO RESTORED TO VARIABLE.
                   PARAMETER    6  A_CBO RESTORED TO VARIABLE.
                   PARAMETER    4  phi RESTORED TO VARIABLE.
                   PARAMETER    3  A0 RESTORED TO VARIABLE.
                   PARAMETER    1  N0 RESTORED TO VARIABLE.
 **********
 **   77 **FIX            0
 **********
 PARAMETER    0  IS UNDEFINED. IGNORED.
 **********
 **   78 **FIX            1
 **********
 **********
 **   79 **FIX            2
 **********
 PARAMETER    2  IS CONSTANT.   IGNORED.
 **********
 **   80 **FIX            3
 **********
 **********
 **   81 **FIX            4
 **********
 **********
 **   82 **FIX            5
 **********
 PARAMETER    5  IS CONSTANT.   IGNORED.
 **********
 **   83 **FIX            6
 **********
 **********
 **   84 **FIX            7
 **********
 **********
 **   85 **FIX            8
 **********
 **********
 **   86 **FIX            9
 **********
 PARAMETER    9  IS CONSTANT.   IGNORED.
 **********
 **   87 **FIX           10
 **********
 PARAMETER   10  IS CONSTANT.   IGNORED.
 **********
 **   88 **FIX           11
 **********
 PARAMETER   11  IS CONSTANT.   IGNORED.
 **********
 **   89 **FIX           12
 **********
 PARAMETER   12  IS CONSTANT.   IGNORED.
 **********
 **   90 **FIX           16
 **********
 PARAMETER   16  IS CONSTANT.   IGNORED.
 **********
 **   91 **MIGRAD
 **********
 START MIGRAD MINIMIZATION.  STRATEGY  1.  CONVERGENCE WHEN EDM .LT. 1.00e-04
 FCN=287.169 FROM MIGRAD    STATUS=INITIATE       10 CALLS         920 TOTAL
                     EDM= unknown      STRATEGY= 1      NO ERROR MATRIX       
  EXT PARAMETER               CURRENT GUESS       STEP         FIRST   
  NO.   NAME      VALUE            ERROR          SIZE      DERIVATIVE 
   1  N0           2.73982e+06     fixed    
   2  tau          6.44023e+01   constant   
   3  A0           3.53605e-01     fixed    
   4  phi          4.11542e+00     fixed    
   5  R           -5.91816e+01   constant   
   6  A_CBO        8.52755e-04     fixed    
   7  w_CBO        2.32056e+00     fixed    
   8  phi_CBO      2.91306e-01     fixed    
   9  ANx2         7.44254e-04   constant   
  10  pNx2         1.53785e+00   constant   
  11  ANy1         0.00000e+00   constant   
  12  pNy1         0.00000e+00   constant   
  13  w_y          0.00000e+00   constant   
  14  ANy2         2.02655e-05   8.88503e-04   8.88503e-04   1.41805e+01
  15  pNy2         3.64406e+00   constant   
  16  w_vw         1.43170e+01   constant   
  17  LM          -4.99363e-05   constant   
  18  wCBO_expCoeff   2.01644e+02   4.59741e+00   2.94659e-03   2.28857e-06
  19  wCBO_expOffset   2.00260e+02   6.83561e-01   4.38003e-04   1.57619e-05
  20  wCBO_expT    2.99740e+01   9.31177e-02   6.80926e-05   6.20771e-04
  21  wCBO_linCoeff   0.00000e+00   constant   
  22  wCBO_const  -2.22279e-03   6.09658e-04   3.05214e-06   2.08092e-01
 MIGRAD MINIMIZATION HAS CONVERGED.
 MIGRAD WILL VERIFY CONVERGENCE AND ERROR MATRIX.
 FCN=287.169 FROM MIGRAD    STATUS=CONVERGED      52 CALLS         962 TOTAL
                     EDM=1.37579e-06    STRATEGY= 1      ERR MATRIX NOT POS-DEF
  EXT PARAMETER                APPROXIMATE        STEP         FIRST   
  NO.   NAME      VALUE            ERROR          SIZE      DERIVATIVE 
   1  N0           2.73982e+06     fixed    
   2  tau          6.44023e+01   constant   
   3  A0           3.53605e-01     fixed    
   4  phi          4.11542e+00     fixed    
   5  R           -5.91816e+01   constant   
   6  A_CBO        8.52755e-04     fixed    
   7  w_CBO        2.32056e+00     fixed    
   8  phi_CBO      2.91306e-01     fixed    
   9  ANx2         7.44254e-04   constant   
  10  pNx2         1.53785e+00   constant   
  11  ANy1         0.00000e+00   constant   
  12  pNy1         0.00000e+00   constant   
  13  w_y          0.00000e+00   constant   
  14  ANy2         1.47252e-05   8.89316e-04   7.32703e-06   2.01063e-03
  15  pNy2         3.64406e+00   constant   
  16  w_vw         1.43170e+01   constant   
  17  LM          -4.99363e-05   constant   
  18  wCBO_expCoeff   2.01644e+02   4.59910e+00   2.94656e-03   2.63490e-03
  19  wCBO_expOffset   2.00260e+02   6.83778e-01   4.38000e-04   1.77259e-02
  20  wCBO_expT    2.99740e+01   9.35025e-02   6.80921e-05   9.67634e-02
  21  wCBO_linCoeff   0.00000e+00   constant   
  22  wCBO_const  -2.22280e-03   6.09642e-04   3.05214e-06   5.58552e-01
 EXTERNAL ERROR MATRIX.    NDIM=  25    NPAR=  5    ERR DEF=1
  7.909e-07  1.790e-04  2.664e-05 -7.695e-06 -2.045e-09 
  1.790e-04  2.115e+01 -2.040e+00 -1.785e-01  4.824e-04 
  2.664e-05 -2.040e+00  4.676e-01 -2.657e-02  7.174e-05 
 -7.695e-06 -1.785e-01 -2.657e-02  8.743e-03 -2.839e-05 
 -2.045e-09  4.824e-04  7.174e-05 -2.839e-05  3.717e-07 
ERR MATRIX NOT POS-DEF
 PARAMETER  CORRELATION COEFFICIENTS  
       NO.  GLOBAL     14     18     19     20     22
       14  0.13437   1.000  0.044  0.044 -0.093 -0.004
       18  0.99703   0.044  1.000 -0.649 -0.415  0.172
       19  0.99703   0.044 -0.649  1.000 -0.416  0.172
       20  0.99616  -0.093 -0.415 -0.416  1.000 -0.498
       22  0.79838  -0.004  0.172  0.172 -0.498  1.000
 ERR MATRIX NOT POS-DEF
MINUIT - FIT ALTOGETHER
 **********
 **   92 **RES 
 **********
                   PARAMETER    8  phi_CBO RESTORED TO VARIABLE.
                   PARAMETER    7  w_CBO RESTORED TO VARIABLE.
                   PARAMETER    6  A_CBO RESTORED TO VARIABLE.
                   PARAMETER    4  phi RESTORED TO VARIABLE.
                   PARAMETER    3  A0 RESTORED TO VARIABLE.
                   PARAMETER    1  N0 RESTORED TO VARIABLE.
 **********
 **   93 **MIGRAD
 **********
 START MIGRAD MINIMIZATION.  STRATEGY  1.  CONVERGENCE WHEN EDM .LT. 1.00e-04
 FCN=287.169 FROM MIGRAD    STATUS=INITIATE       22 CALLS         984 TOTAL
                     EDM= unknown      STRATEGY= 1      NO ERROR MATRIX       
  EXT PARAMETER               CURRENT GUESS       STEP         FIRST   
  NO.   NAME      VALUE            ERROR          SIZE      DERIVATIVE 
   1  N0           2.73982e+06   1.71281e+03   1.71281e+03   4.94731e-05
   2  tau          6.44023e+01   constant   
   3  A0           3.53605e-01   8.36642e-04   8.36642e-04  -7.43232e+01
   4  phi          4.11542e+00   2.44341e-03   2.44341e-03  -3.17690e+01
   5  R           -5.91816e+01   constant   
   6  A_CBO        8.52755e-04   9.03478e-04   9.03478e-04  -4.02822e+02
   7  w_CBO        2.32056e+00   2.68918e-02   2.68918e-02   4.72240e-01
   8  phi_CBO      2.91306e-01   1.07077e+00   1.07077e+00  -4.16948e-04
   9  ANx2         7.44254e-04   constant   
  10  pNx2         1.53785e+00   constant   
  11  ANy1         0.00000e+00   constant   
  12  pNy1         0.00000e+00   constant   
  13  w_y          0.00000e+00   constant   
  14  ANy2         1.47252e-05   8.89316e-04   7.32703e-06   2.01066e-03
  15  pNy2         3.64406e+00   constant   
  16  w_vw         1.43170e+01   constant   
  17  LM          -4.99363e-05   constant   
  18  wCBO_expCoeff   2.01644e+02   4.59910e+00   2.94656e-03   2.65415e-03
  19  wCBO_expOffset   2.00260e+02   6.83778e-01   4.38000e-04   1.78576e-02
