 + ++++++++++++++++++++++++++++++++++++++++++++++++++++++++++++++++++++ +
 +                                                                      +
 +           You have chose to blind your fitting according to          +
 +                omega_ref * (1 + (R +/- deltaR) *10^{-6})             +
 +                                                                      +
 + ++++++++++++++++++++++++++++++++++++++++++++++++++++++++++++++++++++ +
In main()...
reading format from /gm2data/zkhechad/run45/envelope/formats/formatB_sBin_constraintOn.txt
pBinTau 	= 0  
pBinPhi 	= 0  
constraintau 	= 1 
includeMopTerm 	= 0    
constrainMop    = 0   
Parameters after format file: pBinTau 0 pBinPhi 0 constraintau 1 includeMopTerm 0 constrainMop 0 c_e_scale 0.000000 
reading cbo reference file (full fit) from /gm2data/zkhechad/cboTemplates/Run4CBOTemplates/fullFits/run4/sBin_constraintOn_cE0.0_seed0_run4_calo5.root
A_CBO 0.008637 w_CBO 2.327270 phi_CBO 4.582201 N0 2703588.677157 R -62.169895 tau 64.408322 
Reading cboRef file /gm2data/zkhechad/cboTemplates/Run4CBOTemplates//cboIsolate/run4_calo5.root
deltaT 164.120000
windowBins = 1100
fitting sliding window 1840 from bin 2043 at 304.815600 to bin 3143 at 468.935600 (1100 bins)

Reading data from /gm2data/cornell/histograms/aMethod/histogram_a_run4.root
fitting cbo isolate
 **********
 **    1 **SET PRINTOUT            1
 **********
 **********
 **    2 **SET NOWARNINGS 
 **********
 PARAMETER DEFINITIONS:
    NO.   NAME         VALUE      STEP SIZE      LIMITS
     1 A_CBO        8.63683e-03  1.00000e-05     no limits
     2 w_CBO        2.32727e+00  1.00000e-02    2.00000e+00  3.00000e+00
     3 phi_CBO      4.58220e+00  1.00000e-02    0.00000e+00  6.28319e+00
 **********
 **    3 **MIGRAD
 **********
 FIRST CALL TO USER FUNCTION AT NEW START POINT, WITH IFLAG=4.
 START MIGRAD MINIMIZATION.  STRATEGY  1.  CONVERGENCE WHEN EDM .LT. 1.00e-04
 FCN=0.100878 FROM MIGRAD    STATUS=INITIATE       12 CALLS          13 TOTAL
                     EDM= unknown      STRATEGY= 1      NO ERROR MATRIX       
  EXT PARAMETER               CURRENT GUESS       STEP         FIRST   
  NO.   NAME      VALUE            ERROR          SIZE      DERIVATIVE 
   1  A_CBO        8.63683e-03   1.00000e-05   1.00000e-05   7.26966e+00
   2  w_CBO        2.32727e+00   1.00000e-02   2.13144e-02  -2.23100e-01
   3  phi_CBO      4.58220e+00   1.00000e-02   3.58191e-03   1.94708e-03
 MIGRAD MINIMIZATION HAS CONVERGED.
 MIGRAD WILL VERIFY CONVERGENCE AND ERROR MATRIX.
 COVARIANCE MATRIX CALCULATED SUCCESSFULLY
 FCN=0.0768139 FROM HESSE     STATUS=OK             16 CALLS          42 TOTAL
                     EDM=5.98998e-05    STRATEGY= 1      ERROR MATRIX ACCURATE 
  EXT PARAMETER                                   STEP         FIRST   
  NO.   NAME      VALUE            ERROR          SIZE      DERIVATIVE 
   1  A_CBO        2.01696e-03   4.29000e-02   2.16219e-05  -1.06548e-03
   2  w_CBO        2.32743e+00   2.95684e-01   5.74383e-05   2.79226e-02
   3  phi_CBO      4.54611e+00   4.61153e+00   3.78534e-03  -7.54399e-04
 MIGRAD MINIMIZATION HAS CONVERGED.
 FCN=0.0767396 FROM MIGRAD    STATUS=CONVERGED      55 CALLS          56 TOTAL
                     EDM=8.34326e-06    STRATEGY= 1  ERROR MATRIX UNCERTAINTY  22.8 per cent
  EXT PARAMETER                                   STEP         FIRST   
  NO.   NAME      VALUE            ERROR          SIZE      DERIVATIVE 
   1  A_CBO        2.04888e-03   4.27641e-02  -2.54512e-06  -2.20488e-03
   2  w_CBO        2.32933e+00   1.78386e-01  -8.66616e-04   9.18736e-03
   3  phi_CBO      5.32751e+00   3.51746e+00  -3.45233e-02  -2.54905e-04
 EXTERNAL ERROR MATRIX.    NDIM=  25    NPAR=  3    ERR DEF=1
  1.829e-03  2.733e-04  1.565e-01 
  2.733e-04  3.348e-02  1.198e+01 
  1.565e-01  1.198e+01  4.660e+03 
 PARAMETER  CORRELATION COEFFICIENTS  
       NO.  GLOBAL      1      2      3
        1  0.07946   1.000  0.035  0.054
        2  0.95969   0.035  1.000  0.960
        3  0.95976   0.054  0.960  1.000
setting A_CBO=0.002049 w_CBO=2.329325, phi_CBO=5.327507
done fitting cbo isolate
 **********
 **    1 **SET PRINTOUT            1
 **********
 **********
 **    2 **SET NOWARNINGS 
 **********
 PARAMETER DEFINITIONS:
    NO.   NAME         VALUE      STEP SIZE      LIMITS
     1 N0           2.70359e+06  1.00000e+02     no limits
     2 tau          6.44083e+01  constant
     3 A0           3.58550e-01  1.00000e-04     no limits
     4 phi          4.11640e+00  1.00000e-02     no limits
     5 R           -6.21699e+01  constant
     6 A_CBO        2.04888e-03  1.00000e-05     no limits
     7 w_CBO        2.32933e+00  1.00000e-03     no limits
     8 phi_CBO      5.32751e+00  1.00000e-04     no limits
     9 ANx2         2.34902e-04  constant
    10 pNx2         5.38708e+00  constant
    11 ANy1         0.00000e+00  constant
    12 pNy1         0.00000e+00  constant
    13 w_y          0.00000e+00  constant
    14 ANy2         8.91556e-03  1.00000e-04     no limits
    15 pNy2         6.21709e+00  constant
    16 w_vw         1.43264e+01  constant
    17 LM           1.88334e-04  constant
    18 wCBO_expCoeff   2.00000e+02  1.00000e+00     no limits
    19 wCBO_expOffset   2.00000e+02  1.00000e+00     no limits
    20 wCBO_expT    3.00000e+01  1.00000e+00     no limits
    21 wCBO_linCoeff   0.00000e+00  constant
    22 wCBO_const   0.00000e+00  1.00000e-02     no limits
MINUIT - FIT ONLY WIGGLE
 **********
 **    3 **FIX            5
 **********
 PARAMETER    5  IS CONSTANT.   IGNORED.
 **********
 **    4 **FIX            6
 **********
 **********
 **    5 **FIX            7
 **********
 **********
 **    6 **FIX            8
 **********
 **********
 **    7 **FIX            9
 **********
 PARAMETER    9  IS CONSTANT.   IGNORED.
 **********
 **    8 **FIX           10
 **********
 PARAMETER   10  IS CONSTANT.   IGNORED.
 **********
 **    9 **FIX           11
 **********
 PARAMETER   11  IS CONSTANT.   IGNORED.
 **********
 **   10 **FIX           12
 **********
 PARAMETER   12  IS CONSTANT.   IGNORED.
 **********
 **   11 **FIX           13
 **********
 PARAMETER   13  IS CONSTANT.   IGNORED.
 **********
 **   12 **FIX           14
 **********
 **********
 **   13 **FIX           15
 **********
 PARAMETER   15  IS CONSTANT.   IGNORED.
 **********
 **   14 **FIX           16
 **********
 PARAMETER   16  IS CONSTANT.   IGNORED.
 **********
 **   15 **MIGRAD
 **********
 FIRST CALL TO USER FUNCTION AT NEW START POINT, WITH IFLAG=4.
 START MIGRAD MINIMIZATION.  STRATEGY  1.  CONVERGENCE WHEN EDM .LT. 1.00e-04
 FCN=608.04 FROM MIGRAD    STATUS=INITIATE       34 CALLS          35 TOTAL
                     EDM= unknown      STRATEGY= 1      NO ERROR MATRIX       
  EXT PARAMETER               CURRENT GUESS       STEP         FIRST   
  NO.   NAME      VALUE            ERROR          SIZE      DERIVATIVE 
   1  N0           2.70359e+06   1.00000e+02   1.00000e+02  -1.13735e-03
   2  tau          6.44083e+01   constant   
   3  A0           3.58550e-01   1.00000e-04   1.00000e-04   2.90676e+02
   4  phi          4.11640e+00   1.00000e-02   1.00000e-02  -4.29109e+02
   5  R           -6.21699e+01   constant   
   6  A_CBO        2.04888e-03     fixed    
   7  w_CBO        2.32933e+00     fixed    
   8  phi_CBO      5.32751e+00     fixed    
   9  ANx2         2.34902e-04   constant   
  10  pNx2         5.38708e+00   constant   
  11  ANy1         0.00000e+00   constant   
  12  pNy1         0.00000e+00   constant   
  13  w_y          0.00000e+00   constant   
  14  ANy2         8.91556e-03     fixed    
  15  pNy2         6.21709e+00   constant   
  16  w_vw         1.43264e+01   constant   
  17  LM           1.88334e-04   constant   
  18  wCBO_expCoeff   2.00000e+02   1.00000e+00   1.00000e+00  -4.25886e+00
  19  wCBO_expOffset   2.00000e+02   1.00000e+00   1.00000e+00  -2.84162e+01
  20  wCBO_expT    3.00000e+01   1.00000e+00   1.00000e+00  -2.48953e+02
  21  wCBO_linCoeff   0.00000e+00   constant   
  22  wCBO_const   0.00000e+00   1.00000e-02   1.00000e-02  -4.13934e+03
 MIGRAD MINIMIZATION HAS CONVERGED.
 FCN=600.458 FROM MIGRAD    STATUS=CONVERGED     255 CALLS         256 TOTAL
                     EDM=2.18287e-08    STRATEGY= 1  ERROR MATRIX UNCERTAINTY   1.1 per cent
  EXT PARAMETER                                   STEP         FIRST   
  NO.   NAME      VALUE            ERROR          SIZE      DERIVATIVE 
   1  N0           2.70400e+06   1.00910e+03  -1.80318e+00   1.28895e-07
   2  tau          6.44083e+01   constant   
   3  A0           3.58620e-01   5.02361e-04   1.41434e-07  -2.14264e-01
   4  phi          4.11633e+00   1.47153e-03   4.27213e-06  -1.35658e-01
   5  R           -6.21699e+01   constant   
   6  A_CBO        2.04888e-03     fixed    
   7  w_CBO        2.32933e+00     fixed    
   8  phi_CBO      5.32751e+00     fixed    
   9  ANx2         2.34902e-04   constant   
  10  pNx2         5.38708e+00   constant   
  11  ANy1         0.00000e+00   constant   
  12  pNy1         0.00000e+00   constant   
  13  w_y          0.00000e+00   constant   
  14  ANy2         8.91556e-03     fixed    
  15  pNy2         6.21709e+00   constant   
  16  w_vw         1.43264e+01   constant   
  17  LM           1.88334e-04   constant   
  18  wCBO_expCoeff   1.99507e+02   2.39399e-01   2.62652e-04  -9.89480e-04
  19  wCBO_expOffset   1.99926e+02   3.59443e-02   3.95969e-05  -1.39692e-02
  20  wCBO_expT    3.00417e+01   1.97427e-02  -1.87482e-05  -3.65161e-02
  21  wCBO_linCoeff   0.00000e+00   constant   
  22  wCBO_const   2.58546e-04   1.03949e-03  -1.23206e-06   4.83999e-02
 EXTERNAL ERROR MATRIX.    NDIM=  25    NPAR=  7    ERR DEF=1
  1.018e+06  1.609e-02 -3.778e-02  1.296e+01  1.921e+00 -1.145e+00  7.657e-02 
  1.609e-02  2.524e-07  1.750e-09 -3.126e-06 -4.679e-07  3.101e-07 -1.443e-08 
 -3.778e-02  1.750e-09  2.165e-06  4.375e-05  6.609e-06 -3.479e-06 -5.238e-08 
  1.296e+01 -3.126e-06  4.375e-05  5.731e-02  8.316e-03 -4.653e-03  8.964e-05 
  1.921e+00 -4.679e-07  6.609e-06  8.316e-03  1.292e-03 -6.985e-04  1.342e-05 
 -1.145e+00  3.101e-07 -3.479e-06 -4.653e-03 -6.985e-04  3.898e-04 -9.133e-06 
  7.657e-02 -1.443e-08 -5.238e-08  8.964e-05  1.342e-05 -9.133e-06  1.081e-06 
 PARAMETER  CORRELATION COEFFICIENTS  
       NO.  GLOBAL      1      3      4     18     19     20     22
        1  0.09094   1.000  0.032 -0.025  0.054  0.053 -0.057  0.073
        3  0.06519   0.032  1.000  0.002 -0.026 -0.026  0.031 -0.028
        4  0.15870  -0.025  0.002  1.000  0.124  0.125 -0.120 -0.034
       18  0.99054   0.054 -0.026  0.124  1.000  0.966 -0.984  0.360
       19  0.99055   0.053 -0.026  0.125  0.966  1.000 -0.984  0.359
       20  0.99693  -0.057  0.031 -0.120 -0.984 -0.984  1.000 -0.445
       22  0.79610   0.073 -0.028 -0.034  0.360  0.359 -0.445  1.000
MINUIT - FIT ONLY 1-CBO + other amplitudes 
 **********
 **   16 **RES 
 **********
                   PARAMETER   14  ANy2 RESTORED TO VARIABLE.
                   PARAMETER    8  phi_CBO RESTORED TO VARIABLE.
                   PARAMETER    7  w_CBO RESTORED TO VARIABLE.
                   PARAMETER    6  A_CBO RESTORED TO VARIABLE.
 **********
 **   17 **FIX            0
 **********
 PARAMETER    0  IS UNDEFINED. IGNORED.
 **********
 **   18 **FIX            1
 **********
 **********
 **   19 **FIX            2
 **********
 PARAMETER    2  IS CONSTANT.   IGNORED.
 **********
 **   20 **FIX            3
 **********
 **********
 **   21 **FIX            4
 **********
 **********
 **   22 **FIX            9
 **********
 PARAMETER    9  IS CONSTANT.   IGNORED.
 **********
 **   23 **FIX           11
 **********
 PARAMETER   11  IS CONSTANT.   IGNORED.
 **********
 **   24 **FIX           12
 **********
 PARAMETER   12  IS CONSTANT.   IGNORED.
 **********
 **   25 **FIX           14
 **********
 **********
 **   26 **FIX           15
 **********
 PARAMETER   15  IS CONSTANT.   IGNORED.
 **********
 **   27 **FIX           16
 **********
 PARAMETER   16  IS CONSTANT.   IGNORED.
 **********
 **   28 **MIGRAD
 **********
 START MIGRAD MINIMIZATION.  STRATEGY  1.  CONVERGENCE WHEN EDM .LT. 1.00e-04
 FCN=600.458 FROM MIGRAD    STATUS=INITIATE       20 CALLS         276 TOTAL
                     EDM= unknown      STRATEGY= 1      NO ERROR MATRIX       
  EXT PARAMETER               CURRENT GUESS       STEP         FIRST   
  NO.   NAME      VALUE            ERROR          SIZE      DERIVATIVE 
   1  N0           2.70400e+06     fixed    
   2  tau          6.44083e+01   constant   
   3  A0           3.58620e-01     fixed    
   4  phi          4.11633e+00     fixed    
   5  R           -6.21699e+01   constant   
   6  A_CBO        2.04888e-03   1.00000e-05   1.00000e-05   9.87707e+03
   7  w_CBO        2.32933e+00   1.00000e-03   1.00000e-03  -4.08964e-02
   8  phi_CBO      5.32751e+00   1.00000e-04   1.00000e-04   1.54862e+00
   9  ANx2         2.34902e-04   constant   
  10  pNx2         5.38708e+00   constant   
  11  ANy1         0.00000e+00   constant   
  12  pNy1         0.00000e+00   constant   
  13  w_y          0.00000e+00   constant   
  14  ANy2         8.91556e-03     fixed    
  15  pNy2         6.21709e+00   constant   
  16  w_vw         1.43264e+01   constant   
  17  LM           1.88334e-04   constant   
  18  wCBO_expCoeff   1.99507e+02   2.39399e-01   2.62652e-04  -9.91699e-04
  19  wCBO_expOffset   1.99926e+02   3.59443e-02   3.95969e-05  -1.39692e-02
  20  wCBO_expT    3.00417e+01   1.97427e-02  -1.87482e-05  -3.65485e-02
  21  wCBO_linCoeff   0.00000e+00   constant   
  22  wCBO_const   2.58546e-04   1.03949e-03  -1.23206e-06   4.84416e-02
 MIGRAD MINIMIZATION HAS CONVERGED.
 FCN=591.653 FROM MIGRAD    STATUS=CONVERGED     234 CALLS         490 TOTAL
                     EDM=4.00248e-08    STRATEGY= 1  ERROR MATRIX UNCERTAINTY   3.7 per cent
  EXT PARAMETER                                   STEP         FIRST   
  NO.   NAME      VALUE            ERROR          SIZE      DERIVATIVE 
   1  N0           2.70400e+06     fixed    
   2  tau          6.44083e+01   constant   
   3  A0           3.58620e-01     fixed    
   4  phi          4.11633e+00     fixed    
   5  R           -6.21699e+01   constant   
   6  A_CBO        6.32509e-04   5.50343e-04  -5.07460e-07   3.26853e-01
   7  w_CBO        2.32970e+00   2.06566e-03   5.87244e-06   6.26112e-01
   8  phi_CBO      4.02620e+00   1.08019e+00   2.79321e-03  -1.22190e-05
   9  ANx2         2.34902e-04   constant   
  10  pNx2         5.38708e+00   constant   
  11  ANy1         0.00000e+00   constant   
  12  pNy1         0.00000e+00   constant   
  13  w_y          0.00000e+00   constant   
  14  ANy2         8.91556e-03     fixed    
  15  pNy2         6.21709e+00   constant   
  16  w_vw         1.43264e+01   constant   
  17  LM           1.88334e-04   constant   
  18  wCBO_expCoeff   1.99568e+02   2.74429e-01   7.95436e-04   5.51263e-03
  19  wCBO_expOffset   1.99935e+02   4.12769e-02   1.19642e-04   3.69777e-02
  20  wCBO_expT    3.00334e+01   3.06638e-02  -8.50532e-05   1.34838e-01
  21  wCBO_linCoeff   0.00000e+00   constant   
  22  wCBO_const  -3.40932e-04   1.09421e-03  -9.08143e-07   3.63812e-01
 EXTERNAL ERROR MATRIX.    NDIM=  25    NPAR=  7    ERR DEF=1
  3.029e-07 -8.196e-08 -6.272e-07 -1.048e-05 -1.576e-06  1.279e-06 -2.022e-08 
 -8.196e-08  4.267e-06 -1.011e-04  5.515e-04  8.294e-05 -6.253e-05 -1.791e-07 
 -6.272e-07 -1.011e-04  1.167e+00 -2.062e-02 -3.102e-03  2.463e-03  3.808e-04 
 -1.048e-05  5.515e-04 -2.062e-02  7.531e-02  1.110e-02 -8.328e-03 -3.895e-05 
 -1.576e-06  8.294e-05 -3.102e-03  1.110e-02  1.704e-03 -1.253e-03 -5.861e-06 
  1.279e-06 -6.253e-05  2.463e-03 -8.328e-03 -1.253e-03  9.403e-04  2.142e-06 
 -2.022e-08 -1.791e-07  3.808e-04 -3.895e-05 -5.861e-06  2.142e-06  1.197e-06 
 PARAMETER  CORRELATION COEFFICIENTS  
       NO.  GLOBAL      6      7      8     18     19     20     22
        6  0.10198   1.000 -0.072 -0.001 -0.069 -0.069  0.076 -0.034
        7  0.99153  -0.072  1.000 -0.045  0.973  0.973 -0.987 -0.079
        8  0.59331  -0.001 -0.045  1.000 -0.070 -0.070  0.074  0.322
       18  0.99435  -0.069  0.973 -0.070  1.000  0.980 -0.990 -0.130
       19  0.99434  -0.069  0.973 -0.070  0.980  1.000 -0.990 -0.130
       20  0.99885   0.076 -0.987  0.074 -0.990 -0.990  1.000  0.064
       22  0.80956  -0.034 -0.079  0.322 -0.130 -0.130  0.064  1.000
MINUIT - FIT ONLY 1-CBO
 **********
 **   29 **RES 
 **********
                   PARAMETER   14  ANy2 RESTORED TO VARIABLE.
                   PARAMETER    4  phi RESTORED TO VARIABLE.
                   PARAMETER    3  A0 RESTORED TO VARIABLE.
                   PARAMETER    1  N0 RESTORED TO VARIABLE.
 **********
 **   30 **FIX            0
 **********
 PARAMETER    0  IS UNDEFINED. IGNORED.
 **********
 **   31 **FIX            1
 **********
 **********
 **   32 **FIX            2
 **********
 PARAMETER    2  IS CONSTANT.   IGNORED.
 **********
 **   33 **FIX            3
 **********
 **********
 **   34 **FIX            4
 **********
 **********
 **   35 **FIX            8
 **********
 **********
 **   36 **FIX            9
 **********
 PARAMETER    9  IS CONSTANT.   IGNORED.
 **********
 **   37 **FIX           11
 **********
 PARAMETER   11  IS CONSTANT.   IGNORED.
 **********
 **   38 **FIX           12
 **********
 PARAMETER   12  IS CONSTANT.   IGNORED.
 **********
 **   39 **FIX           13
 **********
 PARAMETER   13  IS CONSTANT.   IGNORED.
 **********
 **   40 **FIX           15
 **********
 PARAMETER   15  IS CONSTANT.   IGNORED.
 **********
 **   41 **FIX           16
 **********
 PARAMETER   16  IS CONSTANT.   IGNORED.
 **********
 **   42 **MIGRAD
 **********
 START MIGRAD MINIMIZATION.  STRATEGY  1.  CONVERGENCE WHEN EDM .LT. 1.00e-04
 FCN=591.653 FROM MIGRAD    STATUS=INITIATE       16 CALLS         506 TOTAL
                     EDM= unknown      STRATEGY= 1      NO ERROR MATRIX       
  EXT PARAMETER               CURRENT GUESS       STEP         FIRST   
  NO.   NAME      VALUE            ERROR          SIZE      DERIVATIVE 
   1  N0           2.70400e+06     fixed    
   2  tau          6.44083e+01   constant   
   3  A0           3.58620e-01     fixed    
   4  phi          4.11633e+00     fixed    
   5  R           -6.21699e+01   constant   
   6  A_CBO        6.32509e-04   5.50343e-04  -5.07460e-07   3.26853e-01
   7  w_CBO        2.32970e+00   2.06566e-03   5.87244e-06   6.26112e-01
   8  phi_CBO      4.02620e+00     fixed    
   9  ANx2         2.34902e-04   constant   
  10  pNx2         5.38708e+00   constant   
  11  ANy1         0.00000e+00   constant   
  12  pNy1         0.00000e+00   constant   
  13  w_y          0.00000e+00   constant   
  14  ANy2         8.91556e-03   1.00000e-04   1.00000e-04   6.40225e+04
  15  pNy2         6.21709e+00   constant   
  16  w_vw         1.43264e+01   constant   
  17  LM           1.88334e-04   constant   
  18  wCBO_expCoeff   1.99568e+02   2.74429e-01   7.95436e-04   5.51260e-03
  19  wCBO_expOffset   1.99935e+02   4.12769e-02   1.19642e-04   3.69777e-02
  20  wCBO_expT    3.00334e+01   3.06638e-02  -8.50532e-05   1.34839e-01
  21  wCBO_linCoeff   0.00000e+00   constant   
  22  wCBO_const  -3.40932e-04   1.09421e-03  -9.08143e-07   3.63811e-01
 MIGRAD MINIMIZATION HAS CONVERGED.
 MIGRAD WILL VERIFY CONVERGENCE AND ERROR MATRIX.
 COVARIANCE MATRIX CALCULATED SUCCESSFULLY
 FCN=297.359 FROM HESSE     STATUS=OK             52 CALLS         641 TOTAL
                     EDM=0.000932987    STRATEGY= 1      ERROR MATRIX ACCURATE 
  EXT PARAMETER                                   STEP         FIRST   
  NO.   NAME      VALUE            ERROR          SIZE      DERIVATIVE 
   1  N0           2.70400e+06     fixed    
   2  tau          6.44083e+01   constant   
   3  A0           3.58620e-01     fixed    
   4  phi          4.11633e+00     fixed    
   5  R           -6.21699e+01   constant   
   6  A_CBO        3.29093e-04   6.45312e-04   4.49711e-06   3.14861e+00
   7  w_CBO        2.32974e+00   6.11662e-03   4.52147e-06   1.79423e+00
   8  phi_CBO      4.02620e+00     fixed    
   9  ANx2         2.34902e-04   constant   
  10  pNx2         5.38708e+00   constant   
  11  ANy1         0.00000e+00   constant   
  12  pNy1         0.00000e+00   constant   
  13  w_y          0.00000e+00   constant   
  14  ANy2        -2.79287e-04   5.36129e-04   4.51528e-06  -2.58387e+00
  15  pNy2         6.21709e+00   constant   
  16  w_vw         1.43264e+01   constant   
  17  LM           1.88334e-04   constant   
  18  wCBO_expCoeff   1.99576e+02   6.08840e-01   4.80243e-04   2.01637e-02
  19  wCBO_expOffset   1.99936e+02   8.37567e-02   9.53371e-05   1.33230e-01
  20  wCBO_expT    3.00337e+01   2.44625e-02   1.93998e-05  -2.05100e+00
  21  wCBO_linCoeff   0.00000e+00   constant   
  22  wCBO_const  -4.92941e-04   2.84923e-03   7.59368e-06   1.56451e-01
 MIGRAD MINIMIZATION HAS CONVERGED.
 MIGRAD WILL VERIFY CONVERGENCE AND ERROR MATRIX.
 COVARIANCE MATRIX CALCULATED SUCCESSFULLY
 FCN=297.343 FROM MIGRAD    STATUS=CONVERGED     269 CALLS         759 TOTAL
                     EDM=2.16364e-07    STRATEGY= 1      ERROR MATRIX ACCURATE 
  EXT PARAMETER                                   STEP         FIRST   
  NO.   NAME      VALUE            ERROR          SIZE      DERIVATIVE 
   1  N0           2.70400e+06     fixed    
   2  tau          6.44083e+01   constant   
   3  A0           3.58620e-01     fixed    
   4  phi          4.11633e+00     fixed    
   5  R           -6.21699e+01   constant   
   6  A_CBO        4.45494e-04   6.13403e-04   4.51756e-06  -3.71450e-01
   7  w_CBO        2.32878e+00   6.91172e-03   4.85629e-06  -7.64611e-01
   8  phi_CBO      4.02620e+00     fixed    
   9  ANx2         2.34902e-04   constant   
  10  pNx2         5.38708e+00   constant   
  11  ANy1         0.00000e+00   constant   
  12  pNy1         0.00000e+00   constant   
  13  w_y          0.00000e+00   constant   
  14  ANy2        -2.79524e-04   5.36169e-04   4.51510e-06   3.65657e-01
  15  pNy2         6.21709e+00   constant   
  16  w_vw         1.43264e+01   constant   
  17  LM           1.88334e-04   constant   
  18  wCBO_expCoeff   1.99448e+02   7.19301e-01   5.11518e-04  -6.57660e-03
  19  wCBO_expOffset   1.99922e+02   1.01373e-01   9.53303e-05  -4.41426e-02
  20  wCBO_expT    3.00466e+01   2.70987e-02   2.08639e-05  -1.61962e-01
  21  wCBO_linCoeff   0.00000e+00   constant   
  22  wCBO_const  -2.58299e-04   3.19897e-03   8.17942e-06  -4.69075e-01
 EXTERNAL ERROR MATRIX.    NDIM=  25    NPAR=  7    ERR DEF=1
  3.763e-07 -3.611e-07 -2.008e-09 -6.126e-05 -7.308e-06  5.934e-06  3.004e-07 
 -3.611e-07  4.777e-05  1.639e-08 -1.612e-03 -1.958e-04 -4.920e-05 -1.999e-05 
 -2.008e-09  1.639e-08  2.875e-07  2.486e-06  2.289e-07 -2.943e-07 -5.798e-09 
 -6.126e-05 -1.612e-03  2.486e-06  5.174e-01 -3.016e-02 -7.413e-03  7.304e-04 
 -7.308e-06 -1.958e-04  2.289e-07 -3.016e-02  1.028e-02 -8.785e-04  8.876e-05 
  5.934e-06 -4.920e-05 -2.943e-07 -7.413e-03 -8.785e-04  7.343e-04  1.346e-05 
  3.004e-07 -1.999e-05 -5.798e-09  7.304e-04  8.876e-05  1.346e-05  1.023e-05 
 PARAMETER  CORRELATION COEFFICIENTS  
       NO.  GLOBAL      6      7     14     18     19     20     22
        6  0.48729   1.000 -0.085 -0.006 -0.139 -0.118  0.357  0.153
        7  0.99652  -0.085  1.000  0.004 -0.324 -0.279 -0.263 -0.904
       14  0.05519  -0.006  0.004  1.000  0.006  0.004 -0.020 -0.003
       18  0.99643  -0.139 -0.324  0.006  1.000 -0.414 -0.380  0.317
       19  0.99592  -0.118 -0.279  0.004 -0.414  1.000 -0.320  0.274
       20  0.99582   0.357 -0.263 -0.020 -0.380 -0.320  1.000  0.155
       22  0.95279   0.153 -0.904 -0.003  0.317  0.274  0.155  1.000
MINUIT - FIT ONLY 2-CBO
 **********
 **   43 **RES 
 **********
                   PARAMETER    8  phi_CBO RESTORED TO VARIABLE.
                   PARAMETER    4  phi RESTORED TO VARIABLE.
                   PARAMETER    3  A0 RESTORED TO VARIABLE.
                   PARAMETER    1  N0 RESTORED TO VARIABLE.
 **********
 **   44 **FIX            0
 **********
 PARAMETER    0  IS UNDEFINED. IGNORED.
 **********
 **   45 **FIX            1
 **********
 **********
 **   46 **FIX            2
 **********
 PARAMETER    2  IS CONSTANT.   IGNORED.
 **********
 **   47 **FIX            3
 **********
 **********
 **   48 **FIX            4
 **********
 **********
 **   49 **FIX            5
 **********
 PARAMETER    5  IS CONSTANT.   IGNORED.
 **********
 **   50 **FIX            6
 **********
 **********
 **   51 **FIX            7
 **********
 **********
 **   52 **FIX           10
 **********
 PARAMETER   10  IS CONSTANT.   IGNORED.
 **********
 **   53 **FIX           11
 **********
 PARAMETER   11  IS CONSTANT.   IGNORED.
 **********
 **   54 **FIX           12
 **********
 PARAMETER   12  IS CONSTANT.   IGNORED.
 **********
 **   55 **FIX           13
 **********
 PARAMETER   13  IS CONSTANT.   IGNORED.
 **********
 **   56 **FIX           14
 **********
 **********
 **   57 **FIX           15
 **********
 PARAMETER   15  IS CONSTANT.   IGNORED.
 **********
 **   58 **FIX           16
 **********
 PARAMETER   16  IS CONSTANT.   IGNORED.
 **********
 **   59 **MIGRAD
 **********
 START MIGRAD MINIMIZATION.  STRATEGY  1.  CONVERGENCE WHEN EDM .LT. 1.00e-04
 FCN=297.343 FROM MIGRAD    STATUS=INITIATE       10 CALLS         769 TOTAL
                     EDM= unknown      STRATEGY= 1      NO ERROR MATRIX       
  EXT PARAMETER               CURRENT GUESS       STEP         FIRST   
  NO.   NAME      VALUE            ERROR          SIZE      DERIVATIVE 
   1  N0           2.70400e+06     fixed    
   2  tau          6.44083e+01   constant   
   3  A0           3.58620e-01     fixed    
   4  phi          4.11633e+00     fixed    
   5  R           -6.21699e+01   constant   
   6  A_CBO        4.45494e-04     fixed    
   7  w_CBO        2.32878e+00     fixed    
   8  phi_CBO      4.02620e+00   1.08019e+00   1.08019e+00   8.70656e-01
   9  ANx2         2.34902e-04   constant   
  10  pNx2         5.38708e+00   constant   
  11  ANy1         0.00000e+00   constant   
  12  pNy1         0.00000e+00   constant   
  13  w_y          0.00000e+00   constant   
  14  ANy2        -2.79524e-04     fixed    
  15  pNy2         6.21709e+00   constant   
  16  w_vw         1.43264e+01   constant   
  17  LM           1.88334e-04   constant   
  18  wCBO_expCoeff   1.99448e+02   7.19301e-01   5.11518e-04  -6.78309e-03
  19  wCBO_expOffset   1.99922e+02   1.01373e-01   9.53303e-05  -4.57757e-02
  20  wCBO_expT    3.00466e+01   2.70987e-02   2.08639e-05  -1.67763e-01
  21  wCBO_linCoeff   0.00000e+00   constant   
  22  wCBO_const  -2.58299e-04   3.19897e-03   8.17942e-06  -4.85211e-01
 MIGRAD MINIMIZATION HAS CONVERGED.
 FCN=296.66 FROM MIGRAD    STATUS=CONVERGED     121 CALLS         880 TOTAL
                     EDM=1.56398e-06    STRATEGY= 1  ERROR MATRIX UNCERTAINTY   4.8 per cent
  EXT PARAMETER                                   STEP         FIRST   
  NO.   NAME      VALUE            ERROR          SIZE      DERIVATIVE 
   1  N0           2.70400e+06     fixed    
   2  tau          6.44083e+01   constant   
   3  A0           3.58620e-01     fixed    
   4  phi          4.11633e+00     fixed    
   5  R           -6.21699e+01   constant   
   6  A_CBO        4.45494e-04     fixed    
   7  w_CBO        2.32878e+00     fixed    
   8  phi_CBO      2.70203e+00   1.49369e+00   1.52781e-03  -9.50636e-04
   9  ANx2         2.34902e-04   constant   
  10  pNx2         5.38708e+00   constant   
  11  ANy1         0.00000e+00   constant   
  12  pNy1         0.00000e+00   constant   
  13  w_y          0.00000e+00   constant   
  14  ANy2        -2.79524e-04     fixed    
  15  pNy2         6.21709e+00   constant   
  16  w_vw         1.43264e+01   constant   
  17  LM           1.88334e-04   constant   
  18  wCBO_expCoeff   1.99677e+02   6.13441e-01   2.34606e-03   2.50798e-02
  19  wCBO_expOffset   1.99957e+02   9.23890e-02   3.53421e-04   1.65839e-01
  20  wCBO_expT    3.00281e+01   5.17576e-02  -1.98722e-04   6.78426e-01
  21  wCBO_linCoeff   0.00000e+00   constant   
  22  wCBO_const  -5.86016e-04   2.25489e-03   1.19111e-05   1.54324e+00
 EXTERNAL ERROR MATRIX.    NDIM=  25    NPAR=  5    ERR DEF=1
  2.231e+00 -2.343e-01 -3.528e-02  1.854e-02  6.711e-04 
 -2.343e-01  3.763e-01  5.612e-02 -3.160e-02  9.676e-04 
 -3.528e-02  5.612e-02  8.536e-03 -4.760e-03  1.457e-04 
  1.854e-02 -3.160e-02 -4.760e-03  2.679e-03 -8.593e-05 
  6.711e-04  9.676e-04  1.457e-04 -8.593e-05  5.085e-06 
 PARAMETER  CORRELATION COEFFICIENTS  
       NO.  GLOBAL      8     18     19     20     22
        8  0.65039   1.000 -0.256 -0.256  0.240  0.199
       18  0.99742  -0.256  1.000  0.990 -0.995  0.700
       19  0.99742  -0.256  0.990  1.000 -0.995  0.700
       20  0.99923   0.240 -0.995 -0.995  1.000 -0.736
       22  0.93100   0.199  0.700  0.700 -0.736  1.000
MINUIT - FIT ONLY 1-y
 **********
 **   60 **RES 
 **********
                   PARAMETER   14  ANy2 RESTORED TO VARIABLE.
                   PARAMETER    7  w_CBO RESTORED TO VARIABLE.
                   PARAMETER    6  A_CBO RESTORED TO VARIABLE.
                   PARAMETER    4  phi RESTORED TO VARIABLE.
                   PARAMETER    3  A0 RESTORED TO VARIABLE.
                   PARAMETER    1  N0 RESTORED TO VARIABLE.
 **********
 **   61 **FIX            0
 **********
 PARAMETER    0  IS UNDEFINED. IGNORED.
 **********
 **   62 **FIX            1
 **********
 **********
 **   63 **FIX            2
 **********
 PARAMETER    2  IS CONSTANT.   IGNORED.
 **********
 **   64 **FIX            3
 **********
 **********
 **   65 **FIX            4
 **********
 **********
 **   66 **FIX            5
 **********
 PARAMETER    5  IS CONSTANT.   IGNORED.
 **********
 **   67 **FIX            6
 **********
 **********
 **   68 **FIX            7
 **********
 **********
 **   69 **FIX            8
 **********
 **********
 **   70 **FIX            9
 **********
 PARAMETER    9  IS CONSTANT.   IGNORED.
 **********
 **   71 **FIX           13
 **********
 PARAMETER   13  IS CONSTANT.   IGNORED.
 **********
 **   72 **FIX           14
 **********
 **********
 **   73 **FIX           15
 **********
 PARAMETER   15  IS CONSTANT.   IGNORED.
 **********
 **   74 **FIX           16
 **********
 PARAMETER   16  IS CONSTANT.   IGNORED.
 **********
 **   75 **MIGRAD
 **********
 START MIGRAD MINIMIZATION.  STRATEGY  1.  CONVERGENCE WHEN EDM .LT. 1.00e-04
 FCN=296.66 FROM MIGRAD    STATUS=INITIATE        8 CALLS         888 TOTAL
                     EDM= unknown      STRATEGY= 1      NO ERROR MATRIX       
  EXT PARAMETER               CURRENT GUESS       STEP         FIRST   
  NO.   NAME      VALUE            ERROR          SIZE      DERIVATIVE 
   1  N0           2.70400e+06     fixed    
   2  tau          6.44083e+01   constant   
   3  A0           3.58620e-01     fixed    
   4  phi          4.11633e+00     fixed    
   5  R           -6.21699e+01   constant   
   6  A_CBO        4.45494e-04     fixed    
   7  w_CBO        2.32878e+00     fixed    
   8  phi_CBO      2.70203e+00     fixed    
   9  ANx2         2.34902e-04   constant   
  10  pNx2         5.38708e+00   constant   
  11  ANy1         0.00000e+00   constant   
  12  pNy1         0.00000e+00   constant   
  13  w_y          0.00000e+00   constant   
  14  ANy2        -2.79524e-04     fixed    
  15  pNy2         6.21709e+00   constant   
  16  w_vw         1.43264e+01   constant   
  17  LM           1.88334e-04   constant   
  18  wCBO_expCoeff   1.99677e+02   6.13441e-01   2.34606e-03   2.50797e-02
  19  wCBO_expOffset   1.99957e+02   9.23890e-02   3.53421e-04   1.65839e-01
  20  wCBO_expT    3.00281e+01   5.17576e-02  -1.98722e-04   6.78423e-01
  21  wCBO_linCoeff   0.00000e+00   constant   
  22  wCBO_const  -5.86016e-04   2.25489e-03   1.19111e-05   1.54323e+00
 MIGRAD MINIMIZATION HAS CONVERGED.
 MIGRAD WILL VERIFY CONVERGENCE AND ERROR MATRIX.
 COVARIANCE MATRIX CALCULATED SUCCESSFULLY
 FCN=296.66 FROM MIGRAD    STATUS=CONVERGED      47 CALLS         927 TOTAL
                     EDM=4.01363e-07    STRATEGY= 1      ERROR MATRIX ACCURATE 
  EXT PARAMETER                                   STEP         FIRST   
  NO.   NAME      VALUE            ERROR          SIZE      DERIVATIVE 
   1  N0           2.70400e+06     fixed    
   2  tau          6.44083e+01   constant   
   3  A0           3.58620e-01     fixed    
   4  phi          4.11633e+00     fixed    
   5  R           -6.21699e+01   constant   
   6  A_CBO        4.45494e-04     fixed    
   7  w_CBO        2.32878e+00     fixed    
   8  phi_CBO      2.70203e+00     fixed    
   9  ANx2         2.34902e-04   constant   
  10  pNx2         5.38708e+00   constant   
  11  ANy1         0.00000e+00   constant   
  12  pNy1         0.00000e+00   constant   
  13  w_y          0.00000e+00   constant   
  14  ANy2        -2.79524e-04     fixed    
  15  pNy2         6.21709e+00   constant   
  16  w_vw         1.43264e+01   constant   
  17  LM           1.88334e-04   constant   
  18  wCBO_expCoeff   1.99677e+02   7.90355e-01   4.28092e-04  -8.57214e-04
  19  wCBO_expOffset   1.99957e+02   1.10076e-01   9.53467e-05  -5.71612e-03
  20  wCBO_expT    3.00281e+01   2.81229e-02   1.68724e-05   1.45145e-02
  21  wCBO_linCoeff   0.00000e+00   constant   
  22  wCBO_const  -5.86151e-04   1.63653e-03   6.74823e-06   8.59889e-02
 EXTERNAL ERROR MATRIX.    NDIM=  25    NPAR=  4    ERR DEF=1
  6.247e-01 -5.415e-02 -1.115e-02  3.832e-04 
 -5.415e-02  1.212e-02 -1.110e-03  3.807e-05 
 -1.115e-02 -1.110e-03  7.909e-04 -3.029e-05 
  3.832e-04  3.807e-05 -3.029e-05  2.678e-06 
 PARAMETER  CORRELATION COEFFICIENTS  
       NO.  GLOBAL     18     19     20     22
       18  0.99793   1.000 -0.622 -0.502  0.296
       19  0.99759  -0.622  1.000 -0.359  0.211
       20  0.99746  -0.502 -0.359  1.000 -0.658
       22  0.87202   0.296  0.211 -0.658  1.000
MINUIT - FIT ONLY 2-y
 **********
 **   76 **RES 
 **********
                   PARAMETER   14  ANy2 RESTORED TO VARIABLE.
                   PARAMETER    8  phi_CBO RESTORED TO VARIABLE.
                   PARAMETER    7  w_CBO RESTORED TO VARIABLE.
                   PARAMETER    6  A_CBO RESTORED TO VARIABLE.
                   PARAMETER    4  phi RESTORED TO VARIABLE.
                   PARAMETER    3  A0 RESTORED TO VARIABLE.
                   PARAMETER    1  N0 RESTORED TO VARIABLE.
 **********
 **   77 **FIX            0
 **********
 PARAMETER    0  IS UNDEFINED. IGNORED.
 **********
 **   78 **FIX            1
 **********
 **********
 **   79 **FIX            2
 **********
 PARAMETER    2  IS CONSTANT.   IGNORED.
 **********
 **   80 **FIX            3
 **********
 **********
 **   81 **FIX            4
 **********
 **********
 **   82 **FIX            5
 **********
 PARAMETER    5  IS CONSTANT.   IGNORED.
 **********
 **   83 **FIX            6
 **********
 **********
 **   84 **FIX            7
 **********
 **********
 **   85 **FIX            8
 **********
 **********
 **   86 **FIX            9
 **********
 PARAMETER    9  IS CONSTANT.   IGNORED.
 **********
 **   87 **FIX           10
 **********
 PARAMETER   10  IS CONSTANT.   IGNORED.
 **********
 **   88 **FIX           11
 **********
 PARAMETER   11  IS CONSTANT.   IGNORED.
 **********
 **   89 **FIX           12
 **********
 PARAMETER   12  IS CONSTANT.   IGNORED.
 **********
 **   90 **FIX           16
 **********
 PARAMETER   16  IS CONSTANT.   IGNORED.
 **********
 **   91 **MIGRAD
 **********
 START MIGRAD MINIMIZATION.  STRATEGY  1.  CONVERGENCE WHEN EDM .LT. 1.00e-04
 FCN=296.66 FROM MIGRAD    STATUS=INITIATE       10 CALLS         937 TOTAL
                     EDM= unknown      STRATEGY= 1      NO ERROR MATRIX       
  EXT PARAMETER               CURRENT GUESS       STEP         FIRST   
  NO.   NAME      VALUE            ERROR          SIZE      DERIVATIVE 
   1  N0           2.70400e+06     fixed    
   2  tau          6.44083e+01   constant   
   3  A0           3.58620e-01     fixed    
   4  phi          4.11633e+00     fixed    
   5  R           -6.21699e+01   constant   
   6  A_CBO        4.45494e-04     fixed    
   7  w_CBO        2.32878e+00     fixed    
   8  phi_CBO      2.70203e+00     fixed    
   9  ANx2         2.34902e-04   constant   
  10  pNx2         5.38708e+00   constant   
  11  ANy1         0.00000e+00   constant   
  12  pNy1         0.00000e+00   constant   
  13  w_y          0.00000e+00   constant   
  14  ANy2        -2.79524e-04   5.36169e-04   5.36169e-04   2.36627e+02
  15  pNy2         6.21709e+00   constant   
  16  w_vw         1.43264e+01   constant   
  17  LM           1.88334e-04   constant   
  18  wCBO_expCoeff   1.99677e+02   7.90355e-01   4.28092e-04  -8.75801e-04
  19  wCBO_expOffset   1.99957e+02   1.10076e-01   9.53467e-05  -7.40511e-03
  20  wCBO_expT    3.00281e+01   2.81229e-02   1.68724e-05   1.23472e-02
  21  wCBO_linCoeff   0.00000e+00   constant   
  22  wCBO_const  -5.86151e-04   1.63653e-03   6.74823e-06   8.95150e-02
 MIGRAD MINIMIZATION HAS CONVERGED.
 MIGRAD WILL VERIFY CONVERGENCE AND ERROR MATRIX.
 COVARIANCE MATRIX CALCULATED SUCCESSFULLY
 FCN=296.656 FROM MIGRAD    STATUS=CONVERGED      64 CALLS         991 TOTAL
                     EDM=9.80259e-06    STRATEGY= 1      ERROR MATRIX ACCURATE 
  EXT PARAMETER                                   STEP         FIRST   
  NO.   NAME      VALUE            ERROR          SIZE      DERIVATIVE 
   1  N0           2.70400e+06     fixed    
   2  tau          6.44083e+01   constant   
   3  A0           3.58620e-01     fixed    
   4  phi          4.11633e+00     fixed    
   5  R           -6.21699e+01   constant   
   6  A_CBO        4.45494e-04     fixed    
   7  w_CBO        2.32878e+00     fixed    
   8  phi_CBO      2.70203e+00     fixed    
   9  ANx2         2.34902e-04   constant   
  10  pNx2         5.38708e+00   constant   
  11  ANy1         0.00000e+00   constant   
  12  pNy1         0.00000e+00   constant   
  13  w_y          0.00000e+00   constant   
  14  ANy2        -3.13584e-04   5.36820e-04   4.50989e-06   3.87455e-03
  15  pNy2         6.21709e+00   constant   
  16  w_vw         1.43264e+01   constant   
  17  LM           1.88334e-04   constant   
  18  wCBO_expCoeff   1.99677e+02   7.87506e-01   4.28170e-04  -1.01984e-02
  19  wCBO_expOffset   1.99957e+02   1.09666e-01   9.53467e-05  -6.82147e-02
  20  wCBO_expT    3.00281e+01   2.80570e-02   1.68721e-05  -6.81525e-02
  21  wCBO_linCoeff   0.00000e+00   constant   
  22  wCBO_const  -5.85636e-04   1.63397e-03   6.74183e-06   2.74233e+00
 EXTERNAL ERROR MATRIX.    NDIM=  25    NPAR=  5    ERR DEF=1
  2.882e-07 -2.755e-06 -3.426e-07  1.020e-07  1.109e-08 
 -2.755e-06  6.202e-01 -5.366e-02 -1.109e-02  3.813e-04 
 -3.426e-07 -5.366e-02  1.203e-02 -1.105e-03  3.790e-05 
  1.020e-07 -1.109e-02 -1.105e-03  7.872e-04 -3.015e-05 
  1.109e-08  3.813e-04  3.790e-05 -3.015e-05  2.670e-06 
 PARAMETER  CORRELATION COEFFICIENTS  
       NO.  GLOBAL     14     18     19     20     22
       14  0.07392   1.000 -0.007 -0.006  0.007  0.013
       18  0.99791  -0.007  1.000 -0.621 -0.502  0.296
       19  0.99757  -0.006 -0.621  1.000 -0.359  0.211
       20  0.99745   0.007 -0.502 -0.359  1.000 -0.658
       22  0.87179   0.013  0.296  0.211 -0.658  1.000
MINUIT - FIT ALTOGETHER
 **********
 **   92 **RES 
 **********
                   PARAMETER    8  phi_CBO RESTORED TO VARIABLE.
                   PARAMETER    7  w_CBO RESTORED TO VARIABLE.
                   PARAMETER    6  A_CBO RESTORED TO VARIABLE.
                   PARAMETER    4  phi RESTORED TO VARIABLE.
                   PARAMETER    3  A0 RESTORED TO VARIABLE.
                   PARAMETER    1  N0 RESTORED TO VARIABLE.
 **********
 **   93 **MIGRAD
 **********
 START MIGRAD MINIMIZATION.  STRATEGY  1.  CONVERGENCE WHEN EDM .LT. 1.00e-04
