 + ++++++++++++++++++++++++++++++++++++++++++++++++++++++++++++++++++++ +
 +                                                                      +
 +           You have chose to blind your fitting according to          +
 +                omega_ref * (1 + (R +/- deltaR) *10^{-6})             +
 +                                                                      +
 + ++++++++++++++++++++++++++++++++++++++++++++++++++++++++++++++++++++ +
In main()...
reading format from /gm2data/zkhechad/run45/envelope/formats/formatB_sBin_constraintOn.txt
pBinTau 	= 0  
pBinPhi 	= 0  
constraintau 	= 1 
includeMopTerm 	= 0    
constrainMop    = 0   
Parameters after format file: pBinTau 0 pBinPhi 0 constraintau 1 includeMopTerm 0 constrainMop 0 c_e_scale 0.000000 
reading cbo reference file (full fit) from /gm2data/zkhechad/cboTemplates/Run4CBOTemplates/fullFits/run4/sBin_constraintOn_cE0.0_seed0_run4_calo2.root
A_CBO 0.007108 w_CBO 2.327171 phi_CBO 2.947562 N0 3111930.391320 R -60.007933 tau 64.411359 
Reading cboRef file /gm2data/zkhechad/cboTemplates/Run4CBOTemplates//cboIsolate/run4_calo2.root
deltaT 164.120000
windowBins = 1100
fitting sliding window 1520 from bin 1723 at 257.071600 to bin 2823 at 421.191600 (1100 bins)

Reading data from /gm2data/cornell/histograms/aMethod/histogram_a_run4.root
fitting cbo isolate
 **********
 **    1 **SET PRINTOUT            1
 **********
 **********
 **    2 **SET NOWARNINGS 
 **********
 PARAMETER DEFINITIONS:
    NO.   NAME         VALUE      STEP SIZE      LIMITS
     1 A_CBO        7.10761e-03  1.00000e-05     no limits
     2 w_CBO        2.32717e+00  1.00000e-02    2.00000e+00  3.00000e+00
     3 phi_CBO      2.94756e+00  1.00000e-02    0.00000e+00  6.28319e+00
 **********
 **    3 **MIGRAD
 **********
 FIRST CALL TO USER FUNCTION AT NEW START POINT, WITH IFLAG=4.
 START MIGRAD MINIMIZATION.  STRATEGY  1.  CONVERGENCE WHEN EDM .LT. 1.00e-04
 FCN=0.0539949 FROM MIGRAD    STATUS=INITIATE       12 CALLS          13 TOTAL
                     EDM= unknown      STRATEGY= 1      NO ERROR MATRIX       
  EXT PARAMETER               CURRENT GUESS       STEP         FIRST   
  NO.   NAME      VALUE            ERROR          SIZE      DERIVATIVE 
   1  A_CBO        7.10761e-03   1.00000e-05   1.00000e-05   6.00997e+00
   2  w_CBO        2.32717e+00   1.00000e-02   2.13160e-02   5.87441e-01
   3  phi_CBO      2.94756e+00   1.00000e-02   3.18919e-03  -1.11061e-02
 MIGRAD MINIMIZATION HAS CONVERGED.
 MIGRAD WILL VERIFY CONVERGENCE AND ERROR MATRIX.
 COVARIANCE MATRIX CALCULATED SUCCESSFULLY
 FCN=0.0374515 FROM MIGRAD    STATUS=CONVERGED      57 CALLS          58 TOTAL
                     EDM=6.74171e-05    STRATEGY= 1      ERROR MATRIX ACCURATE 
  EXT PARAMETER                                   STEP         FIRST   
  NO.   NAME      VALUE            ERROR          SIZE      DERIVATIVE 
   1  A_CBO        1.70348e-03   4.39536e-02   2.12245e-05  -1.36125e-03
   2  w_CBO        2.32672e+00   6.63214e-01   8.33000e-05   1.04492e-02
   3  phi_CBO      3.06058e+00   4.59974e+00   4.10851e-03  -2.41979e-05
 EXTERNAL ERROR MATRIX.    NDIM=  25    NPAR=  3    ERR DEF=1
  1.932e-03 -6.178e-03 -2.025e+00 
 -6.178e-03  3.445e-01  1.127e+02 
 -2.025e+00  1.127e+02  3.752e+04 
 PARAMETER  CORRELATION COEFFICIENTS  
       NO.  GLOBAL      1      2      3
        1  0.23951   1.000 -0.239 -0.238
        2  0.99165  -0.239  1.000  0.992
        3  0.99165  -0.238  0.992  1.000
setting A_CBO=0.001703 w_CBO=2.326724, phi_CBO=3.060578
done fitting cbo isolate
 **********
 **    1 **SET PRINTOUT            1
 **********
 **********
 **    2 **SET NOWARNINGS 
 **********
 PARAMETER DEFINITIONS:
    NO.   NAME         VALUE      STEP SIZE      LIMITS
     1 N0           3.11193e+06  1.00000e+02     no limits
     2 tau          6.44114e+01  constant
     3 A0           3.64516e-01  1.00000e-04     no limits
     4 phi          4.11813e+00  1.00000e-02     no limits
     5 R           -6.00079e+01  constant
     6 A_CBO        1.70348e-03  1.00000e-05     no limits
     7 w_CBO        2.32672e+00  1.00000e-03     no limits
     8 phi_CBO      3.06058e+00  1.00000e-04     no limits
     9 ANx2         3.40456e-04  constant
    10 pNx2         3.19484e+00  constant
    11 ANy1         0.00000e+00  constant
    12 pNy1         0.00000e+00  constant
    13 w_y          0.00000e+00  constant
    14 ANy2         1.04941e-02  1.00000e-04     no limits
    15 pNy2         5.11372e+00  constant
    16 w_vw         1.43155e+01  constant
    17 LM           3.07992e-04  constant
    18 wCBO_expCoeff   2.00000e+02  1.00000e+00     no limits
    19 wCBO_expOffset   2.00000e+02  1.00000e+00     no limits
    20 wCBO_expT    3.00000e+01  1.00000e+00     no limits
    21 wCBO_linCoeff   0.00000e+00  constant
    22 wCBO_const   0.00000e+00  1.00000e-02     no limits
MINUIT - FIT ONLY WIGGLE
 **********
 **    3 **FIX            5
 **********
 PARAMETER    5  IS CONSTANT.   IGNORED.
 **********
 **    4 **FIX            6
 **********
 **********
 **    5 **FIX            7
 **********
 **********
 **    6 **FIX            8
 **********
 **********
 **    7 **FIX            9
 **********
 PARAMETER    9  IS CONSTANT.   IGNORED.
 **********
 **    8 **FIX           10
 **********
 PARAMETER   10  IS CONSTANT.   IGNORED.
 **********
 **    9 **FIX           11
 **********
 PARAMETER   11  IS CONSTANT.   IGNORED.
 **********
 **   10 **FIX           12
 **********
 PARAMETER   12  IS CONSTANT.   IGNORED.
 **********
 **   11 **FIX           13
 **********
 PARAMETER   13  IS CONSTANT.   IGNORED.
 **********
 **   12 **FIX           14
 **********
 **********
 **   13 **FIX           15
 **********
 PARAMETER   15  IS CONSTANT.   IGNORED.
 **********
 **   14 **FIX           16
 **********
 PARAMETER   16  IS CONSTANT.   IGNORED.
 **********
 **   15 **MIGRAD
 **********
 FIRST CALL TO USER FUNCTION AT NEW START POINT, WITH IFLAG=4.
 START MIGRAD MINIMIZATION.  STRATEGY  1.  CONVERGENCE WHEN EDM .LT. 1.00e-04
 FCN=1257.24 FROM MIGRAD    STATUS=INITIATE       62 CALLS          63 TOTAL
                     EDM= unknown      STRATEGY= 1      NO ERROR MATRIX       
  EXT PARAMETER               CURRENT GUESS       STEP         FIRST   
  NO.   NAME      VALUE            ERROR          SIZE      DERIVATIVE 
   1  N0           3.11193e+06   1.00000e+02   0.00000e+00  -8.32068e-04
   2  tau          6.44114e+01   constant   
   3  A0           3.64516e-01   1.00000e-04   0.00000e+00   3.03878e+03
   4  phi          4.11813e+00   1.00000e-02   0.00000e+00   1.27176e+03
   5  R           -6.00079e+01   constant   
   6  A_CBO        1.70348e-03     fixed    
   7  w_CBO        2.32672e+00     fixed    
   8  phi_CBO      3.06058e+00     fixed    
   9  ANx2         3.40456e-04   constant   
  10  pNx2         3.19484e+00   constant   
  11  ANy1         0.00000e+00   constant   
  12  pNy1         0.00000e+00   constant   
  13  w_y          0.00000e+00   constant   
  14  ANy2         1.04941e-02     fixed    
  15  pNy2         5.11372e+00   constant   
  16  w_vw         1.43155e+01   constant   
  17  LM           3.07992e-04   constant   
  18  wCBO_expCoeff   2.00000e+02   1.00000e+00   0.00000e+00  -8.85506e+01
  19  wCBO_expOffset   2.00000e+02   1.00000e+00   0.00000e+00  -5.88301e+02
  20  wCBO_expT    3.00000e+01   1.00000e+00   0.00000e+00  -4.57026e+01
  21  wCBO_linCoeff   0.00000e+00   constant   
  22  wCBO_const   1.01776e-03   1.00000e-02   1.01776e-03  -2.96965e+02
 CALL LIMIT EXCEEDED IN MIGRAD.
 MIGRAD TERMINATED WITHOUT CONVERGENCE.
 FCN=1248.61 FROM MIGRAD    STATUS=CALL LIMIT   1146 CALLS        1147 TOTAL
                     EDM=0.265884    STRATEGY= 1  ERROR MATRIX UNCERTAINTY   0.0 per cent
  EXT PARAMETER                APPROXIMATE        STEP         FIRST   
  NO.   NAME      VALUE            ERROR          SIZE      DERIVATIVE 
   1  N0           3.11200e+06   6.89493e+02   1.61328e-01  -2.58865e-05
   2  tau          6.44114e+01   constant   
   3  A0           3.64362e-01   3.19309e-04   8.92725e-08  -7.59312e+01
   4  phi          4.11754e+00   9.04306e-04  -1.60080e-07   4.32710e+00
   5  R           -6.00079e+01   constant   
   6  A_CBO        1.70348e-03     fixed    
   7  w_CBO        2.32672e+00     fixed    
   8  phi_CBO      3.06058e+00     fixed    
   9  ANx2         3.40456e-04   constant   
  10  pNx2         3.19484e+00   constant   
  11  ANy1         0.00000e+00   constant   
  12  pNy1         0.00000e+00   constant   
  13  w_y          0.00000e+00   constant   
  14  ANy2         1.04941e-02     fixed    
  15  pNy2         5.11372e+00   constant   
  16  w_vw         1.43155e+01   constant   
  17  LM           3.07992e-04   constant   
  18  wCBO_expCoeff   1.98230e+02   4.47364e+00  -2.27526e-02  -2.10287e+01
  19  wCBO_expOffset   2.00268e+02   6.77195e-01   3.44496e-03  -1.40484e+02
  20  wCBO_expT    3.00018e+01   3.38391e-03  -7.37695e-07  -2.83007e+02
  21  wCBO_linCoeff   0.00000e+00   constant   
  22  wCBO_const  -2.88970e-03   1.14594e-03   1.66341e-08  -1.71146e+02
 EXTERNAL ERROR MATRIX.    NDIM=  25    NPAR=  7    ERR DEF=1
  4.754e+05  2.101e-03  1.315e-02 -2.382e+01  3.432e+00  1.401e-01 -6.078e-03 
  2.101e-03  1.020e-07  1.732e-08  5.395e-07 -1.600e-07  9.578e-08 -3.446e-08 
  1.315e-02  1.732e-08  8.178e-07  1.084e-06 -9.248e-07  3.344e-07 -1.025e-07 
 -2.382e+01  5.395e-07  1.084e-06  2.001e+01 -3.029e+00  3.980e-04 -3.898e-05 
  3.432e+00 -1.600e-07 -9.248e-07 -3.029e+00  4.586e-01 -7.950e-05  1.134e-05 
  1.401e-01  9.578e-08  3.344e-07  3.980e-04 -7.950e-05  1.145e-05 -3.507e-06 
 -6.078e-03 -3.446e-08 -1.025e-07 -3.898e-05  1.134e-05 -3.507e-06  1.313e-06 
ERR MATRIX APPROXIMATE
 PARAMETER  CORRELATION COEFFICIENTS  
       NO.  GLOBAL      1      3      4     18     19     20     22
        1  0.26482   1.000  0.010  0.021 -0.008  0.007  0.060 -0.008
        3  0.29941   0.010  1.000  0.060  0.000 -0.001  0.089 -0.094
        4  0.29961   0.021  0.060  1.000  0.000 -0.002  0.109 -0.099
       18  1.00000  -0.008  0.000  0.000  1.000 -1.000  0.026 -0.008
       19  1.00000   0.007 -0.001 -0.002 -1.000  1.000 -0.035  0.015
       20  0.99468   0.060  0.089  0.109  0.026 -0.035  1.000 -0.904
       22  0.96050  -0.008 -0.094 -0.099 -0.008  0.015 -0.904  1.000
 ERR MATRIX APPROXIMATE
MINUIT - FIT ONLY 1-CBO + other amplitudes 
 **********
 **   16 **RES 
 **********
                   PARAMETER   14  ANy2 RESTORED TO VARIABLE.
                   PARAMETER    8  phi_CBO RESTORED TO VARIABLE.
                   PARAMETER    7  w_CBO RESTORED TO VARIABLE.
                   PARAMETER    6  A_CBO RESTORED TO VARIABLE.
 **********
 **   17 **FIX            0
 **********
 PARAMETER    0  IS UNDEFINED. IGNORED.
 **********
 **   18 **FIX            1
 **********
 **********
 **   19 **FIX            2
 **********
 PARAMETER    2  IS CONSTANT.   IGNORED.
 **********
 **   20 **FIX            3
 **********
 **********
 **   21 **FIX            4
 **********
 **********
 **   22 **FIX            9
 **********
 PARAMETER    9  IS CONSTANT.   IGNORED.
 **********
 **   23 **FIX           11
 **********
 PARAMETER   11  IS CONSTANT.   IGNORED.
 **********
 **   24 **FIX           12
 **********
 PARAMETER   12  IS CONSTANT.   IGNORED.
 **********
 **   25 **FIX           14
 **********
 **********
 **   26 **FIX           15
 **********
 PARAMETER   15  IS CONSTANT.   IGNORED.
 **********
 **   27 **FIX           16
 **********
 PARAMETER   16  IS CONSTANT.   IGNORED.
 **********
 **   28 **MIGRAD
 **********
 START MIGRAD MINIMIZATION.  STRATEGY  1.  CONVERGENCE WHEN EDM .LT. 1.00e-04
 FCN=1248.61 FROM MIGRAD    STATUS=INITIATE       22 CALLS        1169 TOTAL
                     EDM= unknown      STRATEGY= 1      NO ERROR MATRIX       
  EXT PARAMETER               CURRENT GUESS       STEP         FIRST   
  NO.   NAME      VALUE            ERROR          SIZE      DERIVATIVE 
   1  N0           3.11200e+06     fixed    
   2  tau          6.44114e+01   constant   
   3  A0           3.64362e-01     fixed    
   4  phi          4.11754e+00     fixed    
   5  R           -6.00079e+01   constant   
   6  A_CBO        1.70348e-03   1.00000e-05   1.00000e-05   1.58271e+04
   7  w_CBO        2.32672e+00   1.00000e-03   1.00000e-03  -1.86498e+03
   8  phi_CBO      3.06058e+00   1.00000e-04   1.00000e-04   2.94876e+00
   9  ANx2         3.40456e-04   constant   
  10  pNx2         3.19484e+00   constant   
  11  ANy1         0.00000e+00   constant   
  12  pNy1         0.00000e+00   constant   
  13  w_y          0.00000e+00   constant   
  14  ANy2         1.04941e-02     fixed    
  15  pNy2         5.11372e+00   constant   
  16  w_vw         1.43155e+01   constant   
  17  LM           3.07992e-04   constant   
  18  wCBO_expCoeff   1.98230e+02   4.47364e+00  -2.27526e-02  -2.10287e+01
  19  wCBO_expOffset   2.00268e+02   6.77195e-01   3.44496e-03  -1.40484e+02
  20  wCBO_expT    3.00018e+01   3.38391e-03  -7.37695e-07  -2.83007e+02
  21  wCBO_linCoeff   0.00000e+00   constant   
  22  wCBO_const  -2.88970e-03   1.14594e-03   1.66341e-08  -1.71146e+02
 MIGRAD MINIMIZATION HAS CONVERGED.
 MIGRAD WILL VERIFY CONVERGENCE AND ERROR MATRIX.
 FCN=1237.21 FROM MIGRAD    STATUS=CONVERGED     277 CALLS        1424 TOTAL
                     EDM=4.10406e-07    STRATEGY= 1      ERR MATRIX NOT POS-DEF
  EXT PARAMETER                APPROXIMATE        STEP         FIRST   
  NO.   NAME      VALUE            ERROR          SIZE      DERIVATIVE 
   1  N0           3.11200e+06     fixed    
   2  tau          6.44114e+01   constant   
   3  A0           3.64362e-01     fixed    
   4  phi          4.11754e+00     fixed    
   5  R           -6.00079e+01   constant   
   6  A_CBO        7.71996e-04   3.46463e-04   5.94946e-06  -2.08952e-01
   7  w_CBO        2.32678e+00   5.53016e-04   1.10950e-06  -8.16171e+00
   8  phi_CBO      1.64046e+00   6.18668e-01   7.77931e-03   9.37263e-04
   9  ANx2         3.40456e-04   constant   
  10  pNx2         3.19484e+00   constant   
  11  ANy1         0.00000e+00   constant   
  12  pNy1         0.00000e+00   constant   
  13  w_y          0.00000e+00   constant   
  14  ANy2         1.04941e-02     fixed    
  15  pNy2         5.11372e+00   constant   
  16  w_vw         1.43155e+01   constant   
  17  LM           3.07992e-04   constant   
  18  wCBO_expCoeff   1.98238e+02   4.89377e-02   9.45272e-05  -9.15277e-02
  19  wCBO_expOffset   2.00269e+02   8.83729e-03   9.54957e-05  -6.02642e-01
  20  wCBO_expT    3.00014e+01   2.45154e-03   1.43058e-05  -1.05012e+00
  21  wCBO_linCoeff   0.00000e+00   constant   
  22  wCBO_const  -5.51504e-03   1.01764e-03   7.10814e-06  -8.58751e-01
 EXTERNAL ERROR MATRIX.    NDIM=  25    NPAR=  7    ERR DEF=1
  1.200e-07  6.461e-09  6.699e-06  5.979e-07 -1.793e-07 -1.594e-08  2.220e-08 
  6.461e-09  3.058e-07 -1.098e-05 -7.034e-06 -2.484e-06 -2.052e-07 -9.157e-08 
  6.699e-06 -1.098e-05  3.828e-01 -1.177e-03 -5.879e-04  4.165e-04  1.855e-04 
  5.979e-07 -7.034e-06 -1.177e-03  2.395e-03 -2.360e-04 -1.815e-05  5.831e-06 
 -1.793e-07 -2.484e-06 -5.879e-04 -2.360e-04  7.810e-05 -5.346e-06  1.765e-06 
 -1.594e-08 -2.052e-07  4.165e-04 -1.815e-05 -5.346e-06  6.010e-06 -1.292e-06 
  2.220e-08 -9.157e-08  1.855e-04  5.831e-06  1.765e-06 -1.292e-06  1.036e-06 
ERR MATRIX NOT POS-DEF
 PARAMETER  CORRELATION COEFFICIENTS  
       NO.  GLOBAL      6      7      8     18     19     20     22
        6  0.10137   1.000  0.034  0.031  0.035 -0.059 -0.019  0.063
        7  0.99501   0.034  1.000 -0.032 -0.260 -0.508 -0.151 -0.163
        8  0.68496   0.031 -0.032  1.000 -0.039 -0.108  0.275  0.295
       18  0.99490   0.035 -0.260 -0.039  1.000 -0.546 -0.151  0.117
       19  0.99642  -0.059 -0.508 -0.108 -0.546  1.000 -0.247  0.196
       20  0.99045  -0.019 -0.151  0.275 -0.151 -0.247  1.000 -0.518
       22  0.91444   0.063 -0.163  0.295  0.117  0.196 -0.518  1.000
 ERR MATRIX NOT POS-DEF
MINUIT - FIT ONLY 1-CBO
 **********
 **   29 **RES 
 **********
                   PARAMETER   14  ANy2 RESTORED TO VARIABLE.
                   PARAMETER    4  phi RESTORED TO VARIABLE.
                   PARAMETER    3  A0 RESTORED TO VARIABLE.
                   PARAMETER    1  N0 RESTORED TO VARIABLE.
 **********
 **   30 **FIX            0
 **********
 PARAMETER    0  IS UNDEFINED. IGNORED.
 **********
 **   31 **FIX            1
 **********
 **********
 **   32 **FIX            2
 **********
 PARAMETER    2  IS CONSTANT.   IGNORED.
 **********
 **   33 **FIX            3
 **********
 **********
 **   34 **FIX            4
 **********
 **********
 **   35 **FIX            8
 **********
 **********
 **   36 **FIX            9
 **********
 PARAMETER    9  IS CONSTANT.   IGNORED.
 **********
 **   37 **FIX           11
 **********
 PARAMETER   11  IS CONSTANT.   IGNORED.
 **********
 **   38 **FIX           12
 **********
 PARAMETER   12  IS CONSTANT.   IGNORED.
 **********
 **   39 **FIX           13
 **********
 PARAMETER   13  IS CONSTANT.   IGNORED.
 **********
 **   40 **FIX           15
 **********
 PARAMETER   15  IS CONSTANT.   IGNORED.
 **********
 **   41 **FIX           16
 **********
 PARAMETER   16  IS CONSTANT.   IGNORED.
 **********
 **   42 **MIGRAD
 **********
 START MIGRAD MINIMIZATION.  STRATEGY  1.  CONVERGENCE WHEN EDM .LT. 1.00e-04
 FCN=1237.21 FROM MIGRAD    STATUS=INITIATE       16 CALLS        1440 TOTAL
                     EDM= unknown      STRATEGY= 1      NO ERROR MATRIX       
  EXT PARAMETER               CURRENT GUESS       STEP         FIRST   
  NO.   NAME      VALUE            ERROR          SIZE      DERIVATIVE 
   1  N0           3.11200e+06     fixed    
   2  tau          6.44114e+01   constant   
   3  A0           3.64362e-01     fixed    
   4  phi          4.11754e+00     fixed    
   5  R           -6.00079e+01   constant   
   6  A_CBO        7.71996e-04   3.46463e-04   5.94946e-06  -2.08951e-01
   7  w_CBO        2.32678e+00   5.53016e-04   1.10950e-06  -8.04671e+00
   8  phi_CBO      1.64046e+00     fixed    
   9  ANx2         3.40456e-04   constant   
  10  pNx2         3.19484e+00   constant   
  11  ANy1         0.00000e+00   constant   
  12  pNy1         0.00000e+00   constant   
  13  w_y          0.00000e+00   constant   
  14  ANy2         1.04941e-02   1.00000e-04   1.00000e-04   1.71366e+05
  15  pNy2         5.11372e+00   constant   
  16  w_vw         1.43155e+01   constant   
  17  LM           3.07992e-04   constant   
  18  wCBO_expCoeff   1.98238e+02   4.89377e-02   9.45272e-05  -9.02905e-02
  19  wCBO_expOffset   2.00269e+02   8.83729e-03   9.54957e-05  -1.22212e-01
  20  wCBO_expT    3.00014e+01   2.45154e-03   1.43058e-05  -1.00369e+00
  21  wCBO_linCoeff   0.00000e+00   constant   
  22  wCBO_const  -5.51504e-03   1.01764e-03   7.10814e-06  -8.64951e-01
 MIGRAD MINIMIZATION HAS CONVERGED.
 MIGRAD WILL VERIFY CONVERGENCE AND ERROR MATRIX.
 FCN=342.667 FROM MIGRAD    STATUS=CONVERGED     280 CALLS        1704 TOTAL
                     EDM=2.25359e-06    STRATEGY= 1      ERR MATRIX NOT POS-DEF
  EXT PARAMETER                APPROXIMATE        STEP         FIRST   
  NO.   NAME      VALUE            ERROR          SIZE      DERIVATIVE 
   1  N0           3.11200e+06     fixed    
   2  tau          6.44114e+01   constant   
   3  A0           3.64362e-01     fixed    
   4  phi          4.11754e+00     fixed    
   5  R           -6.00079e+01   constant   
   6  A_CBO        1.17881e-04   3.48890e-04   3.14928e-06   2.78385e+00
   7  w_CBO        2.32718e+00   7.39942e-04   1.10969e-06  -1.39788e+01
   8  phi_CBO      1.64046e+00     fixed    
   9  ANx2         3.40456e-04   constant   
  10  pNx2         3.19484e+00   constant   
  11  ANy1         0.00000e+00   constant   
  12  pNy1         0.00000e+00   constant   
  13  w_y          0.00000e+00   constant   
  14  ANy2         4.53057e-05   3.45614e-04   3.15103e-06  -2.21287e-01
  15  pNy2         5.11372e+00   constant   
  16  w_vw         1.43155e+01   constant   
  17  LM           3.07992e-04   constant   
  18  wCBO_expCoeff   1.98275e+02   6.61940e-02   9.45448e-05  -1.51500e-01
  19  wCBO_expOffset   2.00275e+02   1.52479e-02   9.54983e-05  -9.99499e-01
  20  wCBO_expT    2.99943e+01   3.64004e-03   1.43024e-05  -2.45538e+00
  21  wCBO_linCoeff   0.00000e+00   constant   
  22  wCBO_const  -5.10780e-03   1.09270e-03   6.02160e-06  -2.51292e+00
 EXTERNAL ERROR MATRIX.    NDIM=  25    NPAR=  7    ERR DEF=1
  1.217e-07  2.802e-09  6.342e-09  2.572e-07 -4.644e-08 -4.667e-08  8.426e-09 
  2.802e-09  5.475e-07 -2.047e-09  1.215e-06 -6.867e-06 -1.599e-07 -2.199e-07 
  6.342e-09 -2.047e-09  1.194e-07 -1.931e-07  1.045e-07 -1.814e-08 -8.998e-11 
  2.572e-07  1.215e-06 -1.931e-07  4.382e-03 -6.448e-04 -1.377e-05 -1.286e-07 
 -4.644e-08 -6.867e-06  1.045e-07 -6.448e-04  2.325e-04 -2.238e-05  4.261e-06 
 -4.667e-08 -1.599e-07 -1.814e-08 -1.377e-05 -2.238e-05  1.325e-05 -1.363e-06 
  8.426e-09 -2.199e-07 -8.998e-11 -1.286e-07  4.261e-06 -1.363e-06  1.194e-06 
ERR MATRIX NOT POS-DEF
 PARAMETER  CORRELATION COEFFICIENTS  
       NO.  GLOBAL      6      7     14     18     19     20     22
        6  0.15385   1.000  0.011  0.053  0.011 -0.009 -0.037  0.022
        7  0.99254   0.011  1.000 -0.008  0.025 -0.609 -0.059 -0.272
       14  0.06339   0.053 -0.008  1.000 -0.008  0.020 -0.014 -0.000
       18  0.99259   0.011  0.025 -0.008  1.000 -0.639 -0.057 -0.002
       19  0.99681  -0.009 -0.609  0.020 -0.639  1.000 -0.403  0.256
       20  0.98815  -0.037 -0.059 -0.014 -0.057 -0.403  1.000 -0.343
       22  0.79750   0.022 -0.272 -0.000 -0.002  0.256 -0.343  1.000
 ERR MATRIX NOT POS-DEF
MINUIT - FIT ONLY 2-CBO
 **********
 **   43 **RES 
 **********
                   PARAMETER    8  phi_CBO RESTORED TO VARIABLE.
                   PARAMETER    4  phi RESTORED TO VARIABLE.
                   PARAMETER    3  A0 RESTORED TO VARIABLE.
                   PARAMETER    1  N0 RESTORED TO VARIABLE.
 **********
 **   44 **FIX            0
 **********
 PARAMETER    0  IS UNDEFINED. IGNORED.
 **********
 **   45 **FIX            1
 **********
 **********
 **   46 **FIX            2
 **********
 PARAMETER    2  IS CONSTANT.   IGNORED.
 **********
 **   47 **FIX            3
 **********
 **********
 **   48 **FIX            4
 **********
 **********
 **   49 **FIX            5
 **********
 PARAMETER    5  IS CONSTANT.   IGNORED.
 **********
 **   50 **FIX            6
 **********
 **********
 **   51 **FIX            7
 **********
 **********
 **   52 **FIX           10
 **********
 PARAMETER   10  IS CONSTANT.   IGNORED.
 **********
 **   53 **FIX           11
 **********
 PARAMETER   11  IS CONSTANT.   IGNORED.
 **********
 **   54 **FIX           12
 **********
 PARAMETER   12  IS CONSTANT.   IGNORED.
 **********
 **   55 **FIX           13
 **********
 PARAMETER   13  IS CONSTANT.   IGNORED.
 **********
 **   56 **FIX           14
 **********
 **********
 **   57 **FIX           15
 **********
 PARAMETER   15  IS CONSTANT.   IGNORED.
 **********
 **   58 **FIX           16
 **********
 PARAMETER   16  IS CONSTANT.   IGNORED.
 **********
 **   59 **MIGRAD
 **********
 START MIGRAD MINIMIZATION.  STRATEGY  1.  CONVERGENCE WHEN EDM .LT. 1.00e-04
 FCN=342.667 FROM MIGRAD    STATUS=INITIATE       12 CALLS        1716 TOTAL
                     EDM= unknown      STRATEGY= 1      NO ERROR MATRIX       
  EXT PARAMETER               CURRENT GUESS       STEP         FIRST   
  NO.   NAME      VALUE            ERROR          SIZE      DERIVATIVE 
   1  N0           3.11200e+06     fixed    
   2  tau          6.44114e+01   constant   
   3  A0           3.64362e-01     fixed    
   4  phi          4.11754e+00     fixed    
   5  R           -6.00079e+01   constant   
   6  A_CBO        1.17881e-04     fixed    
   7  w_CBO        2.32718e+00     fixed    
   8  phi_CBO      1.64046e+00   6.18668e-01   6.18668e-01  -1.71284e-01
   9  ANx2         3.40456e-04   constant   
  10  pNx2         3.19484e+00   constant   
  11  ANy1         0.00000e+00   constant   
  12  pNy1         0.00000e+00   constant   
  13  w_y          0.00000e+00   constant   
  14  ANy2         4.53057e-05     fixed    
  15  pNy2         5.11372e+00   constant   
  16  w_vw         1.43155e+01   constant   
  17  LM           3.07992e-04   constant   
  18  wCBO_expCoeff   1.98275e+02   6.61940e-02   9.45448e-05  -1.50354e-01
  19  wCBO_expOffset   2.00275e+02   1.52479e-02   9.54983e-05  -5.54207e-01
  20  wCBO_expT    2.99943e+01   3.64004e-03   1.43024e-05  -2.40624e+00
  21  wCBO_linCoeff   0.00000e+00   constant   
  22  wCBO_const  -5.10780e-03   1.09270e-03   6.02160e-06  -2.50651e+00
 MIGRAD MINIMIZATION HAS CONVERGED.
 MIGRAD WILL VERIFY CONVERGENCE AND ERROR MATRIX.
 FCN=342.603 FROM MIGRAD    STATUS=CONVERGED     121 CALLS        1825 TOTAL
                     EDM=1.44073e-05    STRATEGY= 1      ERR MATRIX NOT POS-DEF
  EXT PARAMETER                APPROXIMATE        STEP         FIRST   
  NO.   NAME      VALUE            ERROR          SIZE      DERIVATIVE 
   1  N0           3.11200e+06     fixed    
   2  tau          6.44114e+01   constant   
   3  A0           3.64362e-01     fixed    
   4  phi          4.11754e+00     fixed    
   5  R           -6.00079e+01   constant   
   6  A_CBO        1.17881e-04     fixed    
   7  w_CBO        2.32718e+00     fixed    
   8  phi_CBO      2.36291e+00   2.72244e+00   2.41442e-02   2.00132e-03
   9  ANx2         3.40456e-04   constant   
  10  pNx2         3.19484e+00   constant   
  11  ANy1         0.00000e+00   constant   
  12  pNy1         0.00000e+00   constant   
  13  w_y          0.00000e+00   constant   
  14  ANy2         4.53057e-05     fixed    
  15  pNy2         5.11372e+00   constant   
  16  w_vw         1.43155e+01   constant   
  17  LM           3.07992e-04   constant   
  18  wCBO_expCoeff   1.98272e+02   8.59231e-02   9.45436e-05  -1.61872e-01
  19  wCBO_expOffset   2.00274e+02   1.58400e-02   9.54981e-05  -1.06830e+00
  20  wCBO_expT    2.99947e+01   4.12561e-03   1.43026e-05  -2.38884e+00
  21  wCBO_linCoeff   0.00000e+00   constant   
  22  wCBO_const  -5.13761e-03   1.08678e-03   5.98274e-06  -2.19993e+00
 EXTERNAL ERROR MATRIX.    NDIM=  25    NPAR=  5    ERR DEF=1
  7.412e+00  7.162e-03 -3.794e-03  1.622e-03 -8.573e-05 
  7.162e-03  7.383e-03 -1.151e-03  1.982e-05 -2.167e-06 
 -3.794e-03 -1.151e-03  2.509e-04 -3.704e-05  2.757e-06 
  1.622e-03  1.982e-05 -3.704e-05  1.702e-05 -1.881e-06 
 -8.573e-05 -2.167e-06  2.757e-06 -1.881e-06  1.181e-06 
ERR MATRIX NOT POS-DEF
 PARAMETER  CORRELATION COEFFICIENTS  
       NO.  GLOBAL      8     18     19     20     22
        8  0.24580   1.000  0.031 -0.088  0.144 -0.029
       18  0.99561   0.031  1.000 -0.846  0.056 -0.023
       19  0.99704  -0.088 -0.846  1.000 -0.567  0.160
       20  0.99086   0.144  0.056 -0.567  1.000 -0.419
       22  0.79596  -0.029 -0.023  0.160 -0.419  1.000
 ERR MATRIX NOT POS-DEF
MINUIT - FIT ONLY 1-y
 **********
 **   60 **RES 
 **********
                   PARAMETER   14  ANy2 RESTORED TO VARIABLE.
                   PARAMETER    7  w_CBO RESTORED TO VARIABLE.
                   PARAMETER    6  A_CBO RESTORED TO VARIABLE.
                   PARAMETER    4  phi RESTORED TO VARIABLE.
                   PARAMETER    3  A0 RESTORED TO VARIABLE.
                   PARAMETER    1  N0 RESTORED TO VARIABLE.
 **********
 **   61 **FIX            0
 **********
 PARAMETER    0  IS UNDEFINED. IGNORED.
 **********
 **   62 **FIX            1
 **********
 **********
 **   63 **FIX            2
 **********
 PARAMETER    2  IS CONSTANT.   IGNORED.
 **********
 **   64 **FIX            3
 **********
 **********
 **   65 **FIX            4
 **********
 **********
 **   66 **FIX            5
 **********
 PARAMETER    5  IS CONSTANT.   IGNORED.
 **********
 **   67 **FIX            6
 **********
 **********
 **   68 **FIX            7
 **********
 **********
 **   69 **FIX            8
 **********
 **********
 **   70 **FIX            9
 **********
 PARAMETER    9  IS CONSTANT.   IGNORED.
 **********
 **   71 **FIX           13
 **********
 PARAMETER   13  IS CONSTANT.   IGNORED.
 **********
 **   72 **FIX           14
 **********
 **********
 **   73 **FIX           15
 **********
 PARAMETER   15  IS CONSTANT.   IGNORED.
 **********
 **   74 **FIX           16
 **********
 PARAMETER   16  IS CONSTANT.   IGNORED.
 **********
 **   75 **MIGRAD
 **********
 START MIGRAD MINIMIZATION.  STRATEGY  1.  CONVERGENCE WHEN EDM .LT. 1.00e-04
 FCN=342.603 FROM MIGRAD    STATUS=INITIATE        8 CALLS        1833 TOTAL
                     EDM= unknown      STRATEGY= 1      NO ERROR MATRIX       
  EXT PARAMETER               CURRENT GUESS       STEP         FIRST   
  NO.   NAME      VALUE            ERROR          SIZE      DERIVATIVE 
   1  N0           3.11200e+06     fixed    
   2  tau          6.44114e+01   constant   
   3  A0           3.64362e-01     fixed    
   4  phi          4.11754e+00     fixed    
   5  R           -6.00079e+01   constant   
   6  A_CBO        1.17881e-04     fixed    
   7  w_CBO        2.32718e+00     fixed    
   8  phi_CBO      2.36291e+00     fixed    
   9  ANx2         3.40456e-04   constant   
  10  pNx2         3.19484e+00   constant   
  11  ANy1         0.00000e+00   constant   
  12  pNy1         0.00000e+00   constant   
  13  w_y          0.00000e+00   constant   
  14  ANy2         4.53057e-05     fixed    
  15  pNy2         5.11372e+00   constant   
  16  w_vw         1.43155e+01   constant   
  17  LM           3.07992e-04   constant   
  18  wCBO_expCoeff   1.98272e+02   8.59231e-02   9.45436e-05  -1.60879e-01
  19  wCBO_expOffset   2.00274e+02   1.58400e-02   9.54981e-05  -6.82726e-01
  20  wCBO_expT    2.99947e+01   4.12561e-03   1.43026e-05  -2.34946e+00
  21  wCBO_linCoeff   0.00000e+00   constant   
  22  wCBO_const  -5.13761e-03   1.08678e-03   5.98274e-06  -2.19339e+00
 MIGRAD MINIMIZATION HAS CONVERGED.
 MIGRAD WILL VERIFY CONVERGENCE AND ERROR MATRIX.
 FCN=342.603 FROM MIGRAD    STATUS=CONVERGED      47 CALLS        1872 TOTAL
                     EDM=1.28488e-06    STRATEGY= 1      ERR MATRIX NOT POS-DEF
  EXT PARAMETER                APPROXIMATE        STEP         FIRST   
  NO.   NAME      VALUE            ERROR          SIZE      DERIVATIVE 
   1  N0           3.11200e+06     fixed    
   2  tau          6.44114e+01   constant   
   3  A0           3.64362e-01     fixed    
   4  phi          4.11754e+00     fixed    
   5  R           -6.00079e+01   constant   
   6  A_CBO        1.17881e-04     fixed    
   7  w_CBO        2.32718e+00     fixed    
   8  phi_CBO      2.36291e+00     fixed    
   9  ANx2         3.40456e-04   constant   
  10  pNx2         3.19484e+00   constant   
  11  ANy1         0.00000e+00   constant   
  12  pNy1         0.00000e+00   constant   
  13  w_y          0.00000e+00   constant   
  14  ANy2         4.53057e-05     fixed    
  15  pNy2         5.11372e+00   constant   
  16  w_vw         1.43155e+01   constant   
  17  LM           3.07992e-04   constant   
  18  wCBO_expCoeff   1.98272e+02   8.67583e-02   9.45436e-05   6.09464e-03
  19  wCBO_expOffset   2.00274e+02   1.59468e-02   9.54981e-05   1.37432e-01
  20  wCBO_expT    2.99947e+01   4.10032e-03   1.43026e-05   5.66176e-02
  21  wCBO_linCoeff   0.00000e+00   constant   
  22  wCBO_const  -5.13747e-03   1.08716e-03   5.99551e-06  -3.43190e-01
 EXTERNAL ERROR MATRIX.    NDIM=  25    NPAR=  4    ERR DEF=1
  7.527e-03 -1.175e-03  2.030e-05 -2.251e-06 
 -1.175e-03  2.543e-04 -3.682e-05  2.769e-06 
  2.030e-05 -3.682e-05  1.681e-05 -1.877e-06 
 -2.251e-06  2.769e-06 -1.877e-06  1.182e-06 
ERR MATRIX NOT POS-DEF
 PARAMETER  CORRELATION COEFFICIENTS  
       NO.  GLOBAL     18     19     20     22
       18  0.99569   1.000 -0.849  0.057 -0.024
       19  0.99708  -0.849  1.000 -0.563  0.160
       20  0.99074   0.057 -0.563  1.000 -0.421
       22  0.79611  -0.024  0.160 -0.421  1.000
 ERR MATRIX NOT POS-DEF
MINUIT - FIT ONLY 2-y
 **********
 **   76 **RES 
 **********
                   PARAMETER   14  ANy2 RESTORED TO VARIABLE.
                   PARAMETER    8  phi_CBO RESTORED TO VARIABLE.
                   PARAMETER    7  w_CBO RESTORED TO VARIABLE.
                   PARAMETER    6  A_CBO RESTORED TO VARIABLE.
                   PARAMETER    4  phi RESTORED TO VARIABLE.
                   PARAMETER    3  A0 RESTORED TO VARIABLE.
                   PARAMETER    1  N0 RESTORED TO VARIABLE.
 **********
 **   77 **FIX            0
 **********
 PARAMETER    0  IS UNDEFINED. IGNORED.
 **********
 **   78 **FIX            1
 **********
 **********
 **   79 **FIX            2
 **********
 PARAMETER    2  IS CONSTANT.   IGNORED.
 **********
 **   80 **FIX            3
 **********
 **********
 **   81 **FIX            4
 **********
 **********
 **   82 **FIX            5
 **********
 PARAMETER    5  IS CONSTANT.   IGNORED.
 **********
 **   83 **FIX            6
 **********
 **********
 **   84 **FIX            7
 **********
 **********
 **   85 **FIX            8
 **********
 **********
 **   86 **FIX            9
 **********
 PARAMETER    9  IS CONSTANT.   IGNORED.
 **********
 **   87 **FIX           10
 **********
 PARAMETER   10  IS CONSTANT.   IGNORED.
 **********
 **   88 **FIX           11
 **********
 PARAMETER   11  IS CONSTANT.   IGNORED.
 **********
 **   89 **FIX           12
 **********
 PARAMETER   12  IS CONSTANT.   IGNORED.
 **********
 **   90 **FIX           16
 **********
 PARAMETER   16  IS CONSTANT.   IGNORED.
 **********
 **   91 **MIGRAD
 **********
 START MIGRAD MINIMIZATION.  STRATEGY  1.  CONVERGENCE WHEN EDM .LT. 1.00e-04
 FCN=342.603 FROM MIGRAD    STATUS=INITIATE       10 CALLS        1882 TOTAL
                     EDM= unknown      STRATEGY= 1      NO ERROR MATRIX       
  EXT PARAMETER               CURRENT GUESS       STEP         FIRST   
  NO.   NAME      VALUE            ERROR          SIZE      DERIVATIVE 
   1  N0           3.11200e+06     fixed    
   2  tau          6.44114e+01   constant   
   3  A0           3.64362e-01     fixed    
   4  phi          4.11754e+00     fixed    
   5  R           -6.00079e+01   constant   
   6  A_CBO        1.17881e-04     fixed    
   7  w_CBO        2.32718e+00     fixed    
   8  phi_CBO      2.36291e+00     fixed    
   9  ANx2         3.40456e-04   constant   
  10  pNx2         3.19484e+00   constant   
  11  ANy1         0.00000e+00   constant   
  12  pNy1         0.00000e+00   constant   
  13  w_y          0.00000e+00   constant   
  14  ANy2         4.53057e-05   3.45614e-04   3.45614e-04   6.68055e+01
  15  pNy2         5.11372e+00   constant   
  16  w_vw         1.43155e+01   constant   
  17  LM           3.07992e-04   constant   
  18  wCBO_expCoeff   1.98272e+02   8.67583e-02   9.45436e-05   7.40120e-03
  19  wCBO_expOffset   2.00274e+02   1.59468e-02   9.54981e-05   4.28357e-01
  20  wCBO_expT    2.99947e+01   4.10032e-03   1.43026e-05   1.08316e-01
  21  wCBO_linCoeff   0.00000e+00   constant   
  22  wCBO_const  -5.13747e-03   1.08716e-03   5.99551e-06  -3.36671e-01
 MIGRAD MINIMIZATION HAS CONVERGED.
 MIGRAD WILL VERIFY CONVERGENCE AND ERROR MATRIX.
 FCN=342.603 FROM MIGRAD    STATUS=CONVERGED      58 CALLS        1930 TOTAL
                     EDM=1.02101e-07    STRATEGY= 1      ERR MATRIX NOT POS-DEF
  EXT PARAMETER                APPROXIMATE        STEP         FIRST   
  NO.   NAME      VALUE            ERROR          SIZE      DERIVATIVE 
   1  N0           3.11200e+06     fixed    
   2  tau          6.44114e+01   constant   
   3  A0           3.64362e-01     fixed    
   4  phi          4.11754e+00     fixed    
   5  R           -6.00079e+01   constant   
   6  A_CBO        1.17881e-04     fixed    
   7  w_CBO        2.32718e+00     fixed    
   8  phi_CBO      2.36291e+00     fixed    
   9  ANx2         3.40456e-04   constant   
  10  pNx2         3.19484e+00   constant   
  11  ANy1         0.00000e+00   constant   
  12  pNy1         0.00000e+00   constant   
  13  w_y          0.00000e+00   constant   
  14  ANy2         4.12580e-05   3.45985e-04   3.15073e-06   4.14108e-02
  15  pNy2         5.11372e+00   constant   
  16  w_vw         1.43155e+01   constant   
  17  LM           3.07992e-04   constant   
  18  wCBO_expCoeff   1.98272e+02   8.67347e-02   9.45436e-05   2.98017e-02
  19  wCBO_expOffset   2.00274e+02   1.59407e-02   9.54981e-05   1.98706e-01
  20  wCBO_expT    2.99947e+01   4.09996e-03   1.43026e-05   3.68353e-01
  21  wCBO_linCoeff   0.00000e+00   constant   
  22  wCBO_const  -5.13740e-03   1.08722e-03   5.99528e-06  -1.03943e-01
 EXTERNAL ERROR MATRIX.    NDIM=  25    NPAR=  5    ERR DEF=1
  1.197e-07 -4.598e-07  1.230e-07 -1.889e-08 -1.488e-10 
 -4.598e-07  7.523e-03 -1.174e-03  2.014e-05 -2.231e-06 
  1.230e-07 -1.174e-03  2.541e-04 -3.679e-05  2.766e-06 
 -1.889e-08  2.014e-05 -3.679e-05  1.681e-05 -1.877e-06 
 -1.488e-10 -2.231e-06  2.766e-06 -1.877e-06  1.182e-06 
ERR MATRIX NOT POS-DEF
 PARAMETER  CORRELATION COEFFICIENTS  
       NO.  GLOBAL     14     18     19     20     22
       14  0.03657   1.000 -0.015  0.022 -0.013 -0.000
       18  0.99569  -0.015  1.000 -0.849  0.057 -0.024
       19  0.99708   0.022 -0.849  1.000 -0.563  0.160
       20  0.99074  -0.013  0.057 -0.563  1.000 -0.421
       22  0.79615  -0.000 -0.024  0.160 -0.421  1.000
 ERR MATRIX NOT POS-DEF
MINUIT - FIT ALTOGETHER
 **********
 **   92 **RES 
 **********
                   PARAMETER    8  phi_CBO RESTORED TO VARIABLE.
                   PARAMETER    7  w_CBO RESTORED TO VARIABLE.
                   PARAMETER    6  A_CBO RESTORED TO VARIABLE.
                   PARAMETER    4  phi RESTORED TO VARIABLE.
                   PARAMETER    3  A0 RESTORED TO VARIABLE.
                   PARAMETER    1  N0 RESTORED TO VARIABLE.
 **********
 **   93 **MIGRAD
 **********
 START MIGRAD MINIMIZATION.  STRATEGY  1.  CONVERGENCE WHEN EDM .LT. 1.00e-04
 FCN=342.603 FROM MIGRAD    STATUS=INITIATE       22 CALLS        1952 TOTAL
                     EDM= unknown      STRATEGY= 1      NO ERROR MATRIX       
  EXT PARAMETER               CURRENT GUESS       STEP         FIRST   
  NO.   NAME      VALUE            ERROR          SIZE      DERIVATIVE 
   1  N0           3.11200e+06   6.89493e+02   6.89493e+02  -9.17594e-04
   2  tau          6.44114e+01   constant   
   3  A0           3.64362e-01   3.19309e-04   3.19309e-04   1.02394e+03
   4  phi          4.11754e+00   9.04306e-04   9.04306e-04   2.23692e+02
   5  R           -6.00079e+01   constant   
   6  A_CBO        1.17881e-04   3.48890e-04   3.48890e-04  -5.00248e+02
   7  w_CBO        2.32718e+00   7.39942e-04   7.39942e-04   2.58989e+00
   8  phi_CBO      2.36291e+00   2.72244e+00   2.72244e+00   1.43460e-03
   9  ANx2         3.40456e-04   constant   
  10  pNx2         3.19484e+00   constant   
  11  ANy1         0.00000e+00   constant   
  12  pNy1         0.00000e+00   constant   
  13  w_y          0.00000e+00   constant   
  14  ANy2         4.12580e-05   3.45985e-04   3.15073e-06   4.14107e-02
  15  pNy2         5.11372e+00   constant   
  16  w_vw         1.43155e+01   constant   
  17  LM           3.07992e-04   constant   
  18  wCBO_expCoeff   1.98272e+02   8.67347e-02   9.45436e-05   3.07908e-02
  19  wCBO_expOffset   2.00274e+02   1.59407e-02   9.54981e-05   5.82664e-01
  20  wCBO_expT    2.99947e+01   4.09996e-03   1.43026e-05   4.20012e-01
  21  wCBO_linCoeff   0.00000e+00   constant   
  22  wCBO_const  -5.13740e-03   1.08722e-03   5.99528e-06  -1.02870e-01
 MIGRAD MINIMIZATION HAS CONVERGED.
 MIGRAD WILL VERIFY CONVERGENCE AND ERROR MATRIX.
 FCN=342.438 FROM MIGRAD    STATUS=CONVERGED     219 CALLS        2149 TOTAL
                     EDM=9.06035e-06    STRATEGY= 1      ERR MATRIX NOT POS-DEF
  EXT PARAMETER                APPROXIMATE        STEP         FIRST   
  NO.   NAME      VALUE            ERROR          SIZE      DERIVATIVE 
