 + ++++++++++++++++++++++++++++++++++++++++++++++++++++++++++++++++++++ +
 +                                                                      +
 +           You have chose to blind your fitting according to          +
 +                omega_ref * (1 + (R +/- deltaR) *10^{-6})             +
 +                                                                      +
 + ++++++++++++++++++++++++++++++++++++++++++++++++++++++++++++++++++++ +
In main()...
reading format from /gm2data/zkhechad/run45/envelope/formats/formatB_sBin_constraintOn.txt
pBinTau 	= 0  
pBinPhi 	= 0  
constraintau 	= 1 
includeMopTerm 	= 0    
constrainMop    = 0   
Parameters after format file: pBinTau 0 pBinPhi 0 constraintau 1 includeMopTerm 0 constrainMop 0 c_e_scale 0.000000 
reading cbo reference file (full fit) from /gm2data/zkhechad/cboTemplates/Run4CBOTemplates/fullFits/run4/sBin_constraintOn_cE0.0_seed0_run4_calo18.root
A_CBO 0.008791 w_CBO 2.327338 phi_CBO 0.630678 N0 3499835.498759 R -60.917989 tau 64.411905 
Reading cboRef file /gm2data/zkhechad/cboTemplates/Run4CBOTemplates//cboIsolate/run4_calo18.root
deltaT 5.285608
windowBins = 120
fitting sliding window 40 from bin 243 at 36.255600 to bin 363 at 54.159600 (120 bins)

Reading data from /gm2data/cornell/histograms/aMethod/histogram_a_run4.root
fitting cbo isolate
 **********
 **    1 **SET PRINTOUT            1
 **********
 **********
 **    2 **SET NOWARNINGS 
 **********
 PARAMETER DEFINITIONS:
    NO.   NAME         VALUE      STEP SIZE      LIMITS
     1 A_CBO        8.79094e-03  1.00000e-05     no limits
     2 w_CBO        2.32734e+00  1.00000e-02    2.00000e+00  3.00000e+00
     3 phi_CBO      6.30678e-01  1.00000e-02    0.00000e+00  6.28319e+00
 **********
 **    3 **MIGRAD
 **********
 FIRST CALL TO USER FUNCTION AT NEW START POINT, WITH IFLAG=4.
 START MIGRAD MINIMIZATION.  STRATEGY  1.  CONVERGENCE WHEN EDM .LT. 1.00e-04
 FCN=6.19839e-05 FROM MIGRAD    STATUS=INITIATE       12 CALLS          13 TOTAL
                     EDM= unknown      STRATEGY= 1      NO ERROR MATRIX       
  EXT PARAMETER               CURRENT GUESS       STEP         FIRST   
  NO.   NAME      VALUE            ERROR          SIZE      DERIVATIVE 
   1  A_CBO        8.79094e-03   1.00000e-05   1.00000e-05   6.15867e-02
   2  w_CBO        2.32734e+00   1.00000e-02   2.13132e-02   2.80610e-03
   3  phi_CBO      6.30678e-01   1.00000e-02   5.29649e-03  -2.49638e-04
 MIGRAD MINIMIZATION HAS CONVERGED.
 MIGRAD WILL VERIFY CONVERGENCE AND ERROR MATRIX.
 COVARIANCE MATRIX CALCULATED SUCCESSFULLY
 FCN=4.60928e-05 FROM MIGRAD    STATUS=CONVERGED      38 CALLS          39 TOTAL
                     EDM=1.6774e-06    STRATEGY= 1      ERROR MATRIX ACCURATE 
  EXT PARAMETER                                   STEP         FIRST   
  NO.   NAME      VALUE            ERROR          SIZE      DERIVATIVE 
   1  A_CBO        8.33169e-03   1.29749e-01   6.32850e-05   6.43399e-03
   2  w_CBO        2.32704e+00   6.45780e-01   3.46090e-04  -2.23008e-03
   3  phi_CBO      6.44224e-01   3.37559e+00   3.91794e-03   2.01077e-04
 EXTERNAL ERROR MATRIX.    NDIM=  25    NPAR=  3    ERR DEF=1
  1.683e-02 -1.632e-02 -7.311e-01 
 -1.632e-02  7.127e+00  3.187e+02 
 -7.311e-01  3.187e+02  1.449e+04 
 PARAMETER  CORRELATION COEFFICIENTS  
       NO.  GLOBAL      1      2      3
        1  0.04712   1.000 -0.047 -0.047
        2  0.99177  -0.047  1.000  0.992
        3  0.99177  -0.047  0.992  1.000
setting A_CBO=0.008332 w_CBO=2.327044, phi_CBO=0.644224
done fitting cbo isolate
 **********
 **    1 **SET PRINTOUT            1
 **********
 **********
 **    2 **SET NOWARNINGS 
 **********
 PARAMETER DEFINITIONS:
    NO.   NAME         VALUE      STEP SIZE      LIMITS
     1 N0           3.49984e+06  1.00000e+02     no limits
     2 tau          6.44119e+01  constant
     3 A0           3.53539e-01  1.00000e-04     no limits
     4 phi          4.12187e+00  1.00000e-02     no limits
     5 R           -6.09180e+01  constant
     6 A_CBO        8.33169e-03  1.00000e-05     no limits
     7 w_CBO        2.32704e+00  1.00000e-03     no limits
     8 phi_CBO      6.44224e-01  1.00000e-04     no limits
     9 ANx2         2.22853e-04  constant
    10 pNx2         5.08518e+00  constant
    11 ANy1         0.00000e+00  constant
    12 pNy1         0.00000e+00  constant
    13 w_y          0.00000e+00  constant
    14 ANy2         9.04789e-03  1.00000e-04     no limits
    15 pNy2         3.29982e+00  constant
    16 w_vw         1.43191e+01  constant
    17 LM           2.21951e-04  constant
    18 wCBO_expCoeff   2.00000e+02  1.00000e+00     no limits
    19 wCBO_expOffset   2.00000e+02  1.00000e+00     no limits
    20 wCBO_expT    3.00000e+01  1.00000e+00     no limits
    21 wCBO_linCoeff   0.00000e+00  constant
    22 wCBO_const   0.00000e+00  1.00000e-02     no limits
MINUIT - FIT ONLY WIGGLE
 **********
 **    3 **FIX            5
 **********
 PARAMETER    5  IS CONSTANT.   IGNORED.
 **********
 **    4 **FIX            6
 **********
 **********
 **    5 **FIX            7
 **********
 **********
 **    6 **FIX            8
 **********
 **********
 **    7 **FIX            9
 **********
 PARAMETER    9  IS CONSTANT.   IGNORED.
 **********
 **    8 **FIX           10
 **********
 PARAMETER   10  IS CONSTANT.   IGNORED.
 **********
 **    9 **FIX           11
 **********
 PARAMETER   11  IS CONSTANT.   IGNORED.
 **********
 **   10 **FIX           12
 **********
 PARAMETER   12  IS CONSTANT.   IGNORED.
 **********
 **   11 **FIX           13
 **********
 PARAMETER   13  IS CONSTANT.   IGNORED.
 **********
 **   12 **FIX           14
 **********
 **********
 **   13 **FIX           15
 **********
 PARAMETER   15  IS CONSTANT.   IGNORED.
 **********
 **   14 **FIX           16
 **********
 PARAMETER   16  IS CONSTANT.   IGNORED.
 **********
 **   15 **MIGRAD
 **********
 FIRST CALL TO USER FUNCTION AT NEW START POINT, WITH IFLAG=4.
 START MIGRAD MINIMIZATION.  STRATEGY  1.  CONVERGENCE WHEN EDM .LT. 1.00e-04
 FCN=11867.6 FROM MIGRAD    STATUS=INITIATE       86 CALLS          87 TOTAL
                     EDM= unknown      STRATEGY= 1      NO ERROR MATRIX       
  EXT PARAMETER               CURRENT GUESS       STEP         FIRST   
  NO.   NAME      VALUE            ERROR          SIZE      DERIVATIVE 
   1  N0           3.49984e+06   1.00000e+02   0.00000e+00  -2.88281e-02
   2  tau          6.44119e+01   constant   
   3  A0           3.53539e-01   1.00000e-04   0.00000e+00  -1.35051e+05
   4  phi          4.12187e+00   1.00000e-02   0.00000e+00  -1.61575e+04
   5  R           -6.09180e+01   constant   
   6  A_CBO        8.33169e-03     fixed    
   7  w_CBO        2.32704e+00     fixed    
   8  phi_CBO      6.44224e-01     fixed    
   9  ANx2         2.22853e-04   constant   
  10  pNx2         5.08518e+00   constant   
  11  ANy1         0.00000e+00   constant   
  12  pNy1         0.00000e+00   constant   
  13  w_y          0.00000e+00   constant   
  14  ANy2         9.04789e-03     fixed    
  15  pNy2         3.29982e+00   constant   
  16  w_vw         1.43191e+01   constant   
  17  LM           2.21951e-04   constant   
  18  wCBO_expCoeff   2.00000e+02   1.00000e+00  -4.76837e-04  -6.34557e+06
  19  wCBO_expOffset   2.00000e+02   1.00000e+00   0.00000e+00   7.04214e+06
  20  wCBO_expT    3.00000e+01   1.00000e+00   0.00000e+00   7.03995e+07
  21  wCBO_linCoeff   0.00000e+00   constant   
  22  wCBO_const   4.67145e-03   1.00000e-02   0.00000e+00   5.95789e+04
 MIGRAD FAILS TO FIND IMPROVEMENT
 FCN=11786.7 FROM HESSE     STATUS=NOT POSDEF     56 CALLS         214 TOTAL
                     EDM=11898.2    STRATEGY= 1      ERR MATRIX NOT POS-DEF
  EXT PARAMETER                APPROXIMATE        STEP         FIRST   
  NO.   NAME      VALUE            ERROR          SIZE      DERIVATIVE 
   1  N0           3.49990e+06   1.20686e+03   1.51533e+01  -1.42622e-02
   2  tau          6.44119e+01   constant   
   3  A0           3.53582e-01   1.93208e-04   5.83486e-06  -1.28873e+05
   4  phi          4.12192e+00   6.69351e-04   1.68280e-05  -4.21309e+04
   5  R           -6.09180e+01   constant   
   6  A_CBO        8.33169e-03     fixed    
   7  w_CBO        2.32704e+00     fixed    
   8  phi_CBO      6.44224e-01     fixed    
   9  ANx2         2.22853e-04   constant   
  10  pNx2         5.08518e+00   constant   
  11  ANy1         0.00000e+00   constant   
  12  pNy1         0.00000e+00   constant   
  13  w_y          0.00000e+00   constant   
  14  ANy2         9.04789e-03     fixed    
  15  pNy2         3.29982e+00   constant   
  16  w_vw         1.43191e+01   constant   
  17  LM           2.21951e-04   constant   
  18  wCBO_expCoeff   2.00000e+02   1.67808e-05   9.53672e-05  -4.36591e+06
  19  wCBO_expOffset   2.00000e+02   4.30154e-05   9.53674e-05   6.08179e+06
  20  wCBO_expT    3.00000e+01   3.02499e-06   1.43051e-05  -1.38868e+08
  21  wCBO_linCoeff   0.00000e+00   constant   
  22  wCBO_const   4.56194e-03   5.48212e-04   1.25890e-05  -1.09668e+04
 MIGRAD FAILS TO FIND IMPROVEMENT
 MIGRAD TERMINATED WITHOUT CONVERGENCE.
 FCN=11786.1 FROM MIGRAD    STATUS=FAILED        260 CALLS         261 TOTAL
                     EDM=3238.96    STRATEGY= 1      ERR MATRIX NOT POS-DEF
  EXT PARAMETER                APPROXIMATE        STEP         FIRST   
  NO.   NAME      VALUE            ERROR          SIZE      DERIVATIVE 
   1  N0           3.49990e+06   2.15505e+02   0.00000e+00  -1.37709e-02
   2  tau          6.44119e+01   constant   
   3  A0           3.53586e-01   8.02753e-05   0.00000e+00  -1.28177e+05
   4  phi          4.12193e+00   2.34390e-04   0.00000e+00  -4.29812e+04
   5  R           -6.09180e+01   constant   
   6  A_CBO        8.33169e-03     fixed    
   7  w_CBO        2.32704e+00     fixed    
   8  phi_CBO      6.44224e-01     fixed    
   9  ANx2         2.22853e-04   constant   
  10  pNx2         5.08518e+00   constant   
  11  ANy1         0.00000e+00   constant   
  12  pNy1         0.00000e+00   constant   
  13  w_y          0.00000e+00   constant   
  14  ANy2         9.04789e-03     fixed    
  15  pNy2         3.29982e+00   constant   
  16  w_vw         1.43191e+01   constant   
  17  LM           2.21951e-04   constant   
  18  wCBO_expCoeff   2.00000e+02   1.60541e-06  -0.00000e+00  -9.35847e+06
  19  wCBO_expOffset   2.00000e+02   2.14687e-06  -0.00000e+00   9.15332e+06
  20  wCBO_expT    3.00000e+01   3.57851e-08   0.00000e+00   6.64379e+07
  21  wCBO_linCoeff   0.00000e+00   constant   
  22  wCBO_const   4.56004e-03   1.04052e-04  -0.00000e+00  -1.36975e+04
 EXTERNAL ERROR MATRIX.    NDIM=  25    NPAR=  7    ERR DEF=1
  4.644e+04 -1.416e-03 -2.894e-03 -2.347e-05 -1.546e-05 -2.993e-07  9.171e-03 
 -1.416e-03  6.444e-09 -2.616e-09  4.772e-12  6.919e-11 -8.672e-13  1.974e-09 
 -2.894e-03 -2.616e-09  5.494e-08 -1.102e-10  5.311e-11 -3.303e-12 -1.621e-08 
 -2.347e-05  4.772e-12 -1.102e-10  2.577e-12  1.959e-12  3.362e-14 -1.140e-11 
 -1.546e-05  6.919e-11  5.311e-11  1.959e-12  4.609e-12 -2.128e-14  7.834e-11 
 -2.993e-07 -8.672e-13 -3.303e-12  3.362e-14 -2.128e-14  1.281e-15 -1.454e-12 
  9.171e-03  1.974e-09 -1.621e-08 -1.140e-11  7.834e-11 -1.454e-12  1.083e-08 
ERR MATRIX NOT POS-DEF
 PARAMETER  CORRELATION COEFFICIENTS  
       NO.  GLOBAL      1      3      4     18     19     20     22
        1  0.00000   1.000 -0.082 -0.057 -0.068 -0.033 -0.039  0.409
        3  0.23652  -0.082  1.000 -0.139  0.037  0.401 -0.302  0.236
        4  1.15903  -0.057 -0.139  1.000 -0.293  0.106 -0.394 -0.665
       18  0.93328  -0.068  0.037 -0.293  1.000  0.568  0.585 -0.068
       19  0.83385  -0.033  0.401  0.106  0.568  1.000 -0.277  0.351
       20  0.94351  -0.039 -0.302 -0.394  0.585 -0.277  1.000 -0.390
       22  1.14201   0.409  0.236 -0.665 -0.068  0.351 -0.390  1.000
 ERR MATRIX NOT POS-DEF
MINUIT - FIT ONLY 1-CBO + other amplitudes 
 **********
 **   16 **RES 
 **********
                   PARAMETER   14  ANy2 RESTORED TO VARIABLE.
                   PARAMETER    8  phi_CBO RESTORED TO VARIABLE.
                   PARAMETER    7  w_CBO RESTORED TO VARIABLE.
                   PARAMETER    6  A_CBO RESTORED TO VARIABLE.
 **********
 **   17 **FIX            0
 **********
 PARAMETER    0  IS UNDEFINED. IGNORED.
 **********
 **   18 **FIX            1
 **********
 **********
 **   19 **FIX            2
 **********
 PARAMETER    2  IS CONSTANT.   IGNORED.
 **********
 **   20 **FIX            3
 **********
 **********
 **   21 **FIX            4
 **********
 **********
 **   22 **FIX            9
 **********
 PARAMETER    9  IS CONSTANT.   IGNORED.
 **********
 **   23 **FIX           11
 **********
 PARAMETER   11  IS CONSTANT.   IGNORED.
 **********
 **   24 **FIX           12
 **********
 PARAMETER   12  IS CONSTANT.   IGNORED.
 **********
 **   25 **FIX           14
 **********
 **********
 **   26 **FIX           15
 **********
 PARAMETER   15  IS CONSTANT.   IGNORED.
 **********
 **   27 **FIX           16
 **********
 PARAMETER   16  IS CONSTANT.   IGNORED.
 **********
 **   28 **MIGRAD
 **********
 START MIGRAD MINIMIZATION.  STRATEGY  1.  CONVERGENCE WHEN EDM .LT. 1.00e-04
 FCN=11786.1 FROM MIGRAD    STATUS=INITIATE       22 CALLS         283 TOTAL
                     EDM= unknown      STRATEGY= 1      NO ERROR MATRIX       
  EXT PARAMETER               CURRENT GUESS       STEP         FIRST   
  NO.   NAME      VALUE            ERROR          SIZE      DERIVATIVE 
   1  N0           3.49990e+06     fixed    
   2  tau          6.44119e+01   constant   
   3  A0           3.53586e-01     fixed    
   4  phi          4.12193e+00     fixed    
   5  R           -6.09180e+01   constant   
   6  A_CBO        8.33169e-03   1.00000e-05   1.00000e-05   9.57894e+05
   7  w_CBO        2.32704e+00   1.00000e-03   1.00000e-03  -8.04355e+08
   8  phi_CBO      6.44224e-01   1.00000e-04   1.00000e-04   1.48261e+02
   9  ANx2         2.22853e-04   constant   
  10  pNx2         5.08518e+00   constant   
  11  ANy1         0.00000e+00   constant   
  12  pNy1         0.00000e+00   constant   
  13  w_y          0.00000e+00   constant   
  14  ANy2         9.04789e-03     fixed    
  15  pNy2         3.29982e+00   constant   
  16  w_vw         1.43191e+01   constant   
  17  LM           2.21951e-04   constant   
  18  wCBO_expCoeff   2.00000e+02   1.60541e-06  -0.00000e+00  -9.35847e+06
  19  wCBO_expOffset   2.00000e+02   2.14687e-06  -0.00000e+00   9.15332e+06
  20  wCBO_expT    3.00000e+01   3.57851e-08   0.00000e+00   6.64379e+07
  21  wCBO_linCoeff   0.00000e+00   constant   
  22  wCBO_const   4.56004e-03   1.04052e-04  -0.00000e+00  -1.36975e+04
 MIGRAD FAILS TO FIND IMPROVEMENT
 FCN=8526.42 FROM HESSE     STATUS=NOT POSDEF     58 CALLS         395 TOTAL
                     EDM=131238    STRATEGY= 1      ERR MATRIX NOT POS-DEF
  EXT PARAMETER                APPROXIMATE        STEP         FIRST   
  NO.   NAME      VALUE            ERROR          SIZE      DERIVATIVE 
   1  N0           3.49990e+06     fixed    
   2  tau          6.44119e+01   constant   
   3  A0           3.53586e-01     fixed    
   4  phi          4.12193e+00     fixed    
   5  R           -6.09180e+01   constant   
   6  A_CBO        7.52998e-04   4.38338e-04   5.02528e-06  -2.96758e+04
   7  w_CBO        2.32704e+00   3.60493e-07   1.10962e-06   2.47330e+08
   8  phi_CBO      6.03005e-01   1.49386e-01   8.09925e-03  -1.26826e+02
   9  ANx2         2.22853e-04   constant   
  10  pNx2         5.08518e+00   constant   
  11  ANy1         0.00000e+00   constant   
  12  pNy1         0.00000e+00   constant   
  13  w_y          0.00000e+00   constant   
  14  ANy2         9.04789e-03     fixed    
  15  pNy2         3.29982e+00   constant   
  16  w_vw         1.43191e+01   constant   
  17  LM           2.21951e-04   constant   
  18  wCBO_expCoeff   2.00000e+02   3.09852e-05   9.53672e-05   2.87768e+06
  19  wCBO_expOffset   2.00000e+02   2.37665e-05   9.53674e-05  -6.32483e+05
  20  wCBO_expT    3.00000e+01   4.48743e-06   1.43051e-05   1.84147e+07
  21  wCBO_linCoeff   0.00000e+00   constant   
  22  wCBO_const   4.87357e-03   3.37337e-02   2.74607e-04   1.43722e+04
 MIGRAD FAILS TO FIND IMPROVEMENT
 MIGRAD TERMINATED WITHOUT CONVERGENCE.
 FCN=8406.03 FROM MIGRAD    STATUS=FAILED        716 CALLS         977 TOTAL
                     EDM=104.235    STRATEGY= 1      ERR MATRIX NOT POS-DEF
  EXT PARAMETER                APPROXIMATE        STEP         FIRST   
  NO.   NAME      VALUE            ERROR          SIZE      DERIVATIVE 
   1  N0           3.49990e+06     fixed    
   2  tau          6.44119e+01   constant   
   3  A0           3.53586e-01     fixed    
   4  phi          4.12193e+00     fixed    
   5  R           -6.09180e+01   constant   
   6  A_CBO        8.96005e-04   1.11376e-04   0.00000e+00  -7.98156e+04
   7  w_CBO        2.32704e+00   4.53714e-08   0.00000e+00  -6.79102e+07
   8  phi_CBO      5.42712e-01   6.75381e-02  -0.00000e+00   6.21791e+01
   9  ANx2         2.22853e-04   constant   
  10  pNx2         5.08518e+00   constant   
  11  ANy1         0.00000e+00   constant   
  12  pNy1         0.00000e+00   constant   
  13  w_y          0.00000e+00   constant   
  14  ANy2         9.04789e-03     fixed    
  15  pNy2         3.29982e+00   constant   
  16  w_vw         1.43191e+01   constant   
  17  LM           2.21951e-04   constant   
  18  wCBO_expCoeff   2.00000e+02   3.89971e-06   0.00000e+00  -7.90138e+05
  19  wCBO_expOffset   2.00000e+02   7.67574e-06  -0.00000e+00   6.49165e+05
  20  wCBO_expT    3.00000e+01   7.70706e-07  -0.00000e+00   5.86042e+06
  21  wCBO_linCoeff   0.00000e+00   constant   
  22  wCBO_const  -4.15065e-03   9.59651e-04  -0.00000e+00  -4.59560e+03
 EXTERNAL ERROR MATRIX.    NDIM=  25    NPAR=  7    ERR DEF=1
  1.240e-08  2.774e-12 -5.378e-06  2.385e-10 -7.287e-10 -7.688e-11 -8.762e-08 
  2.774e-12  2.059e-15 -1.421e-09  5.948e-14 -1.772e-13 -1.978e-14 -2.914e-11 
 -5.378e-06 -1.421e-09  4.561e-03 -1.221e-07  3.456e-07  3.670e-08  5.704e-05 
  2.385e-10  5.948e-14 -1.221e-07  1.521e-11 -1.523e-11 -1.700e-12 -2.504e-09 
 -7.287e-10 -1.772e-13  3.456e-07 -1.523e-11  5.892e-11  4.888e-12  6.440e-09 
 -7.688e-11 -1.978e-14  3.670e-08 -1.700e-12  4.888e-12  5.940e-13  6.305e-10 
 -8.762e-08 -2.914e-11  5.704e-05 -2.504e-09  6.440e-09  6.305e-10  9.209e-07 
ERR MATRIX NOT POS-DEF
 PARAMETER  CORRELATION COEFFICIENTS  
       NO.  GLOBAL      6      7      8     18     19     20     22
        6  0.99190   1.000  0.549 -0.715  0.549 -0.852 -0.896 -0.820
        7  0.98720   0.549  1.000 -0.464  0.336 -0.509 -0.566 -0.669
        8  0.99726  -0.715 -0.464  1.000 -0.464  0.667  0.705  0.880
       18  0.98720   0.549  0.336 -0.464  1.000 -0.509 -0.566 -0.669
       19  0.99703  -0.852 -0.509  0.667 -0.509  1.000  0.826  0.874
       20  0.97780  -0.896 -0.566  0.705 -0.566  0.826  1.000  0.852
       22  0.99939  -0.820 -0.669  0.880 -0.669  0.874  0.852  1.000
 ERR MATRIX NOT POS-DEF
MINUIT - FIT ONLY 1-CBO
 **********
 **   29 **RES 
 **********
                   PARAMETER   14  ANy2 RESTORED TO VARIABLE.
                   PARAMETER    4  phi RESTORED TO VARIABLE.
                   PARAMETER    3  A0 RESTORED TO VARIABLE.
                   PARAMETER    1  N0 RESTORED TO VARIABLE.
 **********
 **   30 **FIX            0
 **********
 PARAMETER    0  IS UNDEFINED. IGNORED.
 **********
 **   31 **FIX            1
 **********
 **********
 **   32 **FIX            2
 **********
 PARAMETER    2  IS CONSTANT.   IGNORED.
 **********
 **   33 **FIX            3
 **********
 **********
 **   34 **FIX            4
 **********
 **********
 **   35 **FIX            8
 **********
 **********
 **   36 **FIX            9
 **********
 PARAMETER    9  IS CONSTANT.   IGNORED.
 **********
 **   37 **FIX           11
 **********
 PARAMETER   11  IS CONSTANT.   IGNORED.
 **********
 **   38 **FIX           12
 **********
 PARAMETER   12  IS CONSTANT.   IGNORED.
 **********
 **   39 **FIX           13
 **********
 PARAMETER   13  IS CONSTANT.   IGNORED.
 **********
 **   40 **FIX           15
 **********
 PARAMETER   15  IS CONSTANT.   IGNORED.
 **********
 **   41 **FIX           16
 **********
 PARAMETER   16  IS CONSTANT.   IGNORED.
 **********
 **   42 **MIGRAD
 **********
 START MIGRAD MINIMIZATION.  STRATEGY  1.  CONVERGENCE WHEN EDM .LT. 1.00e-04
 FCN=8406.03 FROM MIGRAD    STATUS=INITIATE       14 CALLS         991 TOTAL
                     EDM= unknown      STRATEGY= 1      NO ERROR MATRIX       
  EXT PARAMETER               CURRENT GUESS       STEP         FIRST   
  NO.   NAME      VALUE            ERROR          SIZE      DERIVATIVE 
   1  N0           3.49990e+06     fixed    
   2  tau          6.44119e+01   constant   
   3  A0           3.53586e-01     fixed    
   4  phi          4.12193e+00     fixed    
   5  R           -6.09180e+01   constant   
   6  A_CBO        8.96005e-04   1.11376e-04   0.00000e+00  -7.98156e+04
   7  w_CBO        2.32704e+00   4.53714e-08   0.00000e+00  -6.79102e+07
   8  phi_CBO      5.42712e-01     fixed    
   9  ANx2         2.22853e-04   constant   
  10  pNx2         5.08518e+00   constant   
  11  ANy1         0.00000e+00   constant   
  12  pNy1         0.00000e+00   constant   
  13  w_y          0.00000e+00   constant   
  14  ANy2         9.04789e-03   1.00000e-04   1.00000e-04   9.48426e+05
  15  pNy2         3.29982e+00   constant   
  16  w_vw         1.43191e+01   constant   
  17  LM           2.21951e-04   constant   
  18  wCBO_expCoeff   2.00000e+02   3.89971e-06   0.00000e+00  -7.90138e+05
  19  wCBO_expOffset   2.00000e+02   7.67574e-06  -0.00000e+00   6.49165e+05
  20  wCBO_expT    3.00000e+01   7.70706e-07  -0.00000e+00   5.86042e+06
  21  wCBO_linCoeff   0.00000e+00   constant   
  22  wCBO_const  -4.15065e-03   9.59651e-04  -0.00000e+00  -4.59560e+03
 MIGRAD FAILS TO FIND IMPROVEMENT
 FCN=5390.23 FROM HESSE     STATUS=NOT POSDEF     58 CALLS        1093 TOTAL
                     EDM=212888    STRATEGY= 1      ERR MATRIX NOT POS-DEF
  EXT PARAMETER                APPROXIMATE        STEP         FIRST   
  NO.   NAME      VALUE            ERROR          SIZE      DERIVATIVE 
   1  N0           3.49990e+06     fixed    
   2  tau          6.44119e+01   constant   
   3  A0           3.53586e-01     fixed    
   4  phi          4.12193e+00     fixed    
   5  R           -6.09180e+01   constant   
   6  A_CBO        1.00912e-03   5.66570e-04   4.05248e-06   5.98708e+04
   7  w_CBO        2.32704e+00   5.48760e-08   1.10962e-06  -1.52985e+08
   8  phi_CBO      5.42712e-01     fixed    
   9  ANx2         2.22853e-04   constant   
  10  pNx2         5.08518e+00   constant   
  11  ANy1         0.00000e+00   constant   
  12  pNy1         0.00000e+00   constant   
  13  w_y          0.00000e+00   constant   
  14  ANy2         2.35419e-03   2.14808e-04   4.13902e-06  -4.37501e+04
  15  pNy2         3.29982e+00   constant   
  16  w_vw         1.43191e+01   constant   
  17  LM           2.21951e-04   constant   
  18  wCBO_expCoeff   2.00000e+02   4.71601e-06   9.53672e-05  -1.77997e+06
  19  wCBO_expOffset   2.00000e+02   5.55582e-04   9.53674e-05   1.00193e+06
  20  wCBO_expT    3.00000e+01   7.00339e-06   1.43051e-05   4.50814e+07
  21  wCBO_linCoeff   0.00000e+00   constant   
  22  wCBO_const  -4.24705e-03   7.88940e-03   4.64852e-05  -1.11039e+04
 MIGRAD FAILS TO FIND IMPROVEMENT
 MIGRAD TERMINATED WITHOUT CONVERGENCE.
 FCN=5381.88 FROM MIGRAD    STATUS=FAILED        147 CALLS        1124 TOTAL
                     EDM=422.308    STRATEGY= 1      ERR MATRIX NOT POS-DEF
  EXT PARAMETER                APPROXIMATE        STEP         FIRST   
  NO.   NAME      VALUE            ERROR          SIZE      DERIVATIVE 
   1  N0           3.49990e+06     fixed    
   2  tau          6.44119e+01   constant   
   3  A0           3.53586e-01     fixed    
   4  phi          4.12193e+00     fixed    
   5  R           -6.09180e+01   constant   
   6  A_CBO        1.22244e-03   5.53612e-05  -0.00000e+00   7.69833e+04
   7  w_CBO        2.32704e+00   3.90715e-08   0.00000e+00  -4.63935e+07
   8  phi_CBO      5.42712e-01     fixed    
   9  ANx2         2.22853e-04   constant   
  10  pNx2         5.08518e+00   constant   
  11  ANy1         0.00000e+00   constant   
  12  pNy1         0.00000e+00   constant   
  13  w_y          0.00000e+00   constant   
  14  ANy2         2.43316e-03   5.14141e-05   0.00000e+00  -2.99441e+04
  15  pNy2         3.29982e+00   constant   
  16  w_vw         1.43191e+01   constant   
  17  LM           2.21951e-04   constant   
  18  wCBO_expCoeff   2.00000e+02   3.35804e-06   0.00000e+00  -5.39836e+05
  19  wCBO_expOffset   2.00000e+02   2.27607e-05  -0.00000e+00   5.50502e+04
  20  wCBO_expT    3.00000e+01   3.86510e-07   0.00000e+00  -2.84253e+06
  21  wCBO_linCoeff   0.00000e+00   constant   
  22  wCBO_const  -1.26814e-03   5.73351e-04   0.00000e+00  -8.96981e+03
 EXTERNAL ERROR MATRIX.    NDIM=  25    NPAR=  7    ERR DEF=1
  3.065e-09 -2.594e-13  1.440e-10 -2.230e-11 -3.431e-10 -1.814e-12  7.354e-09 
 -2.594e-13  1.527e-15 -3.310e-14  7.489e-15  8.112e-14  2.287e-15 -4.611e-12 
  1.440e-10 -3.310e-14  2.643e-09 -2.845e-12 -1.457e-10  3.570e-13  2.445e-09 
 -2.230e-11  7.489e-15 -2.845e-12  1.128e-11  6.972e-12  1.965e-13 -3.963e-10 
 -3.431e-10  8.112e-14 -1.457e-10  6.972e-12  5.181e-10 -1.521e-12 -5.612e-09 
 -1.814e-12  2.287e-15  3.570e-13  1.965e-13 -1.521e-12  1.494e-13 -1.598e-11 
  7.354e-09 -4.611e-12  2.445e-09 -3.963e-10 -5.612e-09 -1.598e-11  3.287e-07 
ERR MATRIX NOT POS-DEF
 PARAMETER  CORRELATION COEFFICIENTS  
       NO.  GLOBAL      6      7     14     18     19     20     22
        6  0.33189   1.000 -0.120  0.051 -0.120 -0.272 -0.085  0.232
        7  0.25661  -0.120  1.000 -0.016  0.057  0.091  0.151 -0.206
       14  0.12941   0.051 -0.016  1.000 -0.016 -0.124  0.018  0.083
       18  0.25660  -0.120  0.057 -0.016  1.000  0.091  0.151 -0.206
       19  0.52004  -0.272  0.091 -0.124  0.091  1.000 -0.173 -0.430
       20  0.32271  -0.085  0.151  0.018  0.151 -0.173  1.000 -0.072
       22  0.50446   0.232 -0.206  0.083 -0.206 -0.430 -0.072  1.000
 ERR MATRIX NOT POS-DEF
MINUIT - FIT ONLY 2-CBO
 **********
 **   43 **RES 
 **********
                   PARAMETER    8  phi_CBO RESTORED TO VARIABLE.
                   PARAMETER    4  phi RESTORED TO VARIABLE.
                   PARAMETER    3  A0 RESTORED TO VARIABLE.
                   PARAMETER    1  N0 RESTORED TO VARIABLE.
 **********
 **   44 **FIX            0
 **********
 PARAMETER    0  IS UNDEFINED. IGNORED.
 **********
 **   45 **FIX            1
 **********
 **********
 **   46 **FIX            2
 **********
 PARAMETER    2  IS CONSTANT.   IGNORED.
 **********
 **   47 **FIX            3
 **********
 **********
 **   48 **FIX            4
 **********
 **********
 **   49 **FIX            5
 **********
 PARAMETER    5  IS CONSTANT.   IGNORED.
 **********
 **   50 **FIX            6
 **********
 **********
 **   51 **FIX            7
 **********
 **********
 **   52 **FIX           10
 **********
 PARAMETER   10  IS CONSTANT.   IGNORED.
 **********
 **   53 **FIX           11
 **********
 PARAMETER   11  IS CONSTANT.   IGNORED.
 **********
 **   54 **FIX           12
 **********
 PARAMETER   12  IS CONSTANT.   IGNORED.
 **********
 **   55 **FIX           13
 **********
 PARAMETER   13  IS CONSTANT.   IGNORED.
 **********
 **   56 **FIX           14
 **********
 **********
 **   57 **FIX           15
 **********
 PARAMETER   15  IS CONSTANT.   IGNORED.
 **********
 **   58 **FIX           16
 **********
 PARAMETER   16  IS CONSTANT.   IGNORED.
 **********
 **   59 **MIGRAD
 **********
 START MIGRAD MINIMIZATION.  STRATEGY  1.  CONVERGENCE WHEN EDM .LT. 1.00e-04
 FCN=5334.6 FROM MIGRAD    STATUS=INITIATE       29 CALLS        1153 TOTAL
                     EDM= unknown      STRATEGY= 1      NO ERROR MATRIX       
  EXT PARAMETER               CURRENT GUESS       STEP         FIRST   
  NO.   NAME      VALUE            ERROR          SIZE      DERIVATIVE 
   1  N0           3.49990e+06     fixed    
   2  tau          6.44119e+01   constant   
   3  A0           3.53586e-01     fixed    
   4  phi          4.12193e+00     fixed    
   5  R           -6.09180e+01   constant   
   6  A_CBO        1.22244e-03     fixed    
   7  w_CBO        2.32704e+00     fixed    
   8  phi_CBO      5.42712e-01   6.75381e-02   0.00000e+00  -3.86687e+02
   9  ANx2         2.22853e-04   constant   
  10  pNx2         5.08518e+00   constant   
  11  ANy1         0.00000e+00   constant   
  12  pNy1         0.00000e+00   constant   
  13  w_y          0.00000e+00   constant   
  14  ANy2         2.43316e-03     fixed    
  15  pNy2         3.29982e+00   constant   
  16  w_vw         1.43191e+01   constant   
  17  LM           2.21951e-04   constant   
  18  wCBO_expCoeff   2.00000e+02   3.35804e-06   0.00000e+00   3.82819e+06
  19  wCBO_expOffset   1.99999e+02   2.27607e-05  -3.33785e-04  -2.71899e+06
  20  wCBO_expT    3.00000e+01   3.86510e-07   0.00000e+00  -8.31692e+06
  21  wCBO_linCoeff   0.00000e+00   constant   
  22  wCBO_const  -1.26814e-03   5.73351e-04   0.00000e+00   4.08700e+04
 MIGRAD FAILS TO FIND IMPROVEMENT
 FCN=5334.6 FROM HESSE     STATUS=NOT POSDEF     37 CALLS        1201 TOTAL
                     EDM=270587    STRATEGY= 1      ERR MATRIX NOT POS-DEF
  EXT PARAMETER                APPROXIMATE        STEP         FIRST   
  NO.   NAME      VALUE            ERROR          SIZE      DERIVATIVE 
   1  N0           3.49990e+06     fixed    
   2  tau          6.44119e+01   constant   
   3  A0           3.53586e-01     fixed    
   4  phi          4.12193e+00     fixed    
   5  R           -6.09180e+01   constant   
   6  A_CBO        1.22244e-03     fixed    
   7  w_CBO        2.32704e+00     fixed    
   8  phi_CBO      5.42712e-01   4.97770e-01   3.08878e-03  -3.86687e+02
   9  ANx2         2.22853e-04   constant   
  10  pNx2         5.08518e+00   constant   
  11  ANy1         0.00000e+00   constant   
  12  pNy1         0.00000e+00   constant   
  13  w_y          0.00000e+00   constant   
  14  ANy2         2.43316e-03     fixed    
  15  pNy2         3.29982e+00   constant   
  16  w_vw         1.43191e+01   constant   
  17  LM           2.21951e-04   constant   
  18  wCBO_expCoeff   2.00000e+02   4.50754e-05   9.53672e-05   7.32316e+06
  19  wCBO_expOffset   1.99999e+02   1.03829e-05   9.53671e-05  -3.15970e+06
  20  wCBO_expT    3.00000e+01   7.49909e-06   1.43051e-05   5.13924e+07
  21  wCBO_linCoeff   0.00000e+00   constant   
  22  wCBO_const  -1.26814e-03   4.02295e-03   2.78037e-05   4.08701e+04
 MIGRAD FAILS TO FIND IMPROVEMENT
 MIGRAD TERMINATED WITHOUT CONVERGENCE.
 FCN=5334.6 FROM MIGRAD    STATUS=FAILED         88 CALLS        1212 TOTAL
                     EDM=270587    STRATEGY= 1      ERR MATRIX NOT POS-DEF
  EXT PARAMETER                APPROXIMATE        STEP         FIRST   
  NO.   NAME      VALUE            ERROR          SIZE      DERIVATIVE 
   1  N0           3.49990e+06     fixed    
   2  tau          6.44119e+01   constant   
   3  A0           3.53586e-01     fixed    
   4  phi          4.12193e+00     fixed    
   5  R           -6.09180e+01   constant   
   6  A_CBO        1.22244e-03     fixed    
   7  w_CBO        2.32704e+00     fixed    
   8  phi_CBO      5.42712e-01   4.97770e-01   0.00000e+00  -3.86687e+02
   9  ANx2         2.22853e-04   constant   
  10  pNx2         5.08518e+00   constant   
  11  ANy1         0.00000e+00   constant   
  12  pNy1         0.00000e+00   constant   
  13  w_y          0.00000e+00   constant   
  14  ANy2         2.43316e-03     fixed    
  15  pNy2         3.29982e+00   constant   
  16  w_vw         1.43191e+01   constant   
  17  LM           2.21951e-04   constant   
  18  wCBO_expCoeff   2.00000e+02   4.50754e-05  -0.00000e+00   7.32316e+06
  19  wCBO_expOffset   1.99999e+02   1.03829e-05  -0.00000e+00  -3.15970e+06
  20  wCBO_expT    3.00000e+01   7.49909e-06  -0.00000e+00   5.13924e+07
  21  wCBO_linCoeff   0.00000e+00   constant   
  22  wCBO_const  -1.26814e-03   4.02295e-03  -0.00000e+00   4.08701e+04
 EXTERNAL ERROR MATRIX.    NDIM=  25    NPAR=  5    ERR DEF=1
  2.478e-01 -2.230e-05 -4.719e-06 -3.713e-06 -1.976e-03 
 -2.230e-05  2.032e-09  4.265e-10  3.370e-10  1.800e-07 
 -4.719e-06  4.265e-10  1.078e-10  7.055e-11  3.805e-08 
 -3.713e-06  3.370e-10  7.055e-11  5.624e-11  2.998e-08 
 -1.976e-03  1.800e-07  3.805e-08  2.998e-08  1.618e-05 
ERR MATRIX NOT POS-DEF
 PARAMETER  CORRELATION COEFFICIENTS  
       NO.  GLOBAL      8     18     19     20     22
        8  0.99572   1.000 -0.994 -0.913 -0.995 -0.987
       18  0.99741  -0.994  1.000  0.911  0.997  0.993
       19  0.92201  -0.913  0.911  1.000  0.906  0.911
       20  0.99837  -0.995  0.997  0.906  1.000  0.994
       22  0.99469  -0.987  0.993  0.911  0.994  1.000
 ERR MATRIX NOT POS-DEF
MINUIT - FIT ONLY 1-y
 **********
 **   60 **RES 
 **********
                   PARAMETER   14  ANy2 RESTORED TO VARIABLE.
                   PARAMETER    7  w_CBO RESTORED TO VARIABLE.
                   PARAMETER    6  A_CBO RESTORED TO VARIABLE.
                   PARAMETER    4  phi RESTORED TO VARIABLE.
                   PARAMETER    3  A0 RESTORED TO VARIABLE.
                   PARAMETER    1  N0 RESTORED TO VARIABLE.
 **********
 **   61 **FIX            0
 **********
 PARAMETER    0  IS UNDEFINED. IGNORED.
 **********
 **   62 **FIX            1
 **********
 **********
 **   63 **FIX            2
 **********
 PARAMETER    2  IS CONSTANT.   IGNORED.
 **********
 **   64 **FIX            3
 **********
 **********
 **   65 **FIX            4
 **********
 **********
 **   66 **FIX            5
 **********
 PARAMETER    5  IS CONSTANT.   IGNORED.
 **********
 **   67 **FIX            6
 **********
 **********
 **   68 **FIX            7
 **********
 **********
 **   69 **FIX            8
 **********
 **********
 **   70 **FIX            9
 **********
 PARAMETER    9  IS CONSTANT.   IGNORED.
 **********
 **   71 **FIX           13
 **********
 PARAMETER   13  IS CONSTANT.   IGNORED.
 **********
 **   72 **FIX           14
 **********
 **********
 **   73 **FIX           15
 **********
 PARAMETER   15  IS CONSTANT.   IGNORED.
 **********
 **   74 **FIX           16
 **********
 PARAMETER   16  IS CONSTANT.   IGNORED.
 **********
 **   75 **MIGRAD
 **********
 START MIGRAD MINIMIZATION.  STRATEGY  1.  CONVERGENCE WHEN EDM .LT. 1.00e-04
 FCN=5334.6 FROM MIGRAD    STATUS=INITIATE        8 CALLS        1220 TOTAL
                     EDM= unknown      STRATEGY= 1      NO ERROR MATRIX       
  EXT PARAMETER               CURRENT GUESS       STEP         FIRST   
  NO.   NAME      VALUE            ERROR          SIZE      DERIVATIVE 
   1  N0           3.49990e+06     fixed    
   2  tau          6.44119e+01   constant   
   3  A0           3.53586e-01     fixed    
   4  phi          4.12193e+00     fixed    
   5  R           -6.09180e+01   constant   
   6  A_CBO        1.22244e-03     fixed    
   7  w_CBO        2.32704e+00     fixed    
   8  phi_CBO      5.42712e-01     fixed    
   9  ANx2         2.22853e-04   constant   
  10  pNx2         5.08518e+00   constant   
  11  ANy1         0.00000e+00   constant   
  12  pNy1         0.00000e+00   constant   
  13  w_y          0.00000e+00   constant   
  14  ANy2         2.43316e-03     fixed    
  15  pNy2         3.29982e+00   constant   
  16  w_vw         1.43191e+01   constant   
  17  LM           2.21951e-04   constant   
  18  wCBO_expCoeff   2.00000e+02   4.50754e-05  -0.00000e+00   3.82819e+06
  19  wCBO_expOffset   1.99999e+02   1.03829e-05  -0.00000e+00  -2.71899e+06
  20  wCBO_expT    3.00000e+01   7.49909e-06  -0.00000e+00  -8.31692e+06
  21  wCBO_linCoeff   0.00000e+00   constant   
  22  wCBO_const  -1.26814e-03   4.02295e-03  -0.00000e+00   4.08700e+04
 MIGRAD FAILS TO FIND IMPROVEMENT
 FCN=5184.85 FROM HESSE     STATUS=NOT POSDEF     29 CALLS        1273 TOTAL
                     EDM=5617.61    STRATEGY= 1      ERR MATRIX NOT POS-DEF
  EXT PARAMETER                APPROXIMATE        STEP         FIRST   
  NO.   NAME      VALUE            ERROR          SIZE      DERIVATIVE 
   1  N0           3.49990e+06     fixed    
   2  tau          6.44119e+01   constant   
   3  A0           3.53586e-01     fixed    
   4  phi          4.12193e+00     fixed    
   5  R           -6.09180e+01   constant   
   6  A_CBO        1.22244e-03     fixed    
   7  w_CBO        2.32704e+00     fixed    
   8  phi_CBO      5.42712e-01     fixed    
   9  ANx2         2.22853e-04   constant   
  10  pNx2         5.08518e+00   constant   
  11  ANy1         0.00000e+00   constant   
  12  pNy1         0.00000e+00   constant   
  13  w_y          0.00000e+00   constant   
  14  ANy2         2.43316e-03     fixed    
  15  pNy2         3.29982e+00   constant   
  16  w_vw         1.43191e+01   constant   
  17  LM           2.21951e-04   constant   
  18  wCBO_expCoeff   1.99999e+02   5.18038e-05   9.53672e-05   9.02918e+05
  19  wCBO_expOffset   1.99999e+02   1.02061e-04   9.53671e-05   4.79979e+05
  20  wCBO_expT    3.00000e+01   6.39203e-06   1.43051e-05   6.81176e+06
  21  wCBO_linCoeff   0.00000e+00   constant   
  22  wCBO_const  -1.36857e-02   4.09385e-03   2.74101e-05   2.70811e+03
 MIGRAD FAILS TO FIND IMPROVEMENT
 MIGRAD TERMINATED WITHOUT CONVERGENCE.
 FCN=5181.91 FROM MIGRAD    STATUS=FAILED         84 CALLS        1296 TOTAL
                     EDM=1475.76    STRATEGY= 1      ERR MATRIX NOT POS-DEF
  EXT PARAMETER                APPROXIMATE        STEP         FIRST   
  NO.   NAME      VALUE            ERROR          SIZE      DERIVATIVE 
   1  N0           3.49990e+06     fixed    
   2  tau          6.44119e+01   constant   
   3  A0           3.53586e-01     fixed    
   4  phi          4.12193e+00     fixed    
   5  R           -6.09180e+01   constant   
   6  A_CBO        1.22244e-03     fixed    
   7  w_CBO        2.32704e+00     fixed    
   8  phi_CBO      5.42712e-01     fixed    
   9  ANx2         2.22853e-04   constant   
  10  pNx2         5.08518e+00   constant   
  11  ANy1         0.00000e+00   constant   
  12  pNy1         0.00000e+00   constant   
  13  w_y          0.00000e+00   constant   
  14  ANy2         2.43316e-03     fixed    
  15  pNy2         3.29982e+00   constant   
  16  w_vw         1.43191e+01   constant   
  17  LM           2.21951e-04   constant   
  18  wCBO_expCoeff   1.99999e+02   3.38672e-06  -0.00000e+00  -3.23794e+05
  19  wCBO_expOffset   1.99999e+02   1.07870e-05  -0.00000e+00   6.28086e+05
  20  wCBO_expT    3.00000e+01   5.26437e-07  -0.00000e+00   6.32028e+06
  21  wCBO_linCoeff   0.00000e+00   constant   
  22  wCBO_const  -1.37544e-02   7.81113e-04  -0.00000e+00  -2.70037e+03
 EXTERNAL ERROR MATRIX.    NDIM=  25    NPAR=  4    ERR DEF=1
  1.147e-11  3.704e-12  5.232e-13 -2.220e-09 
  3.704e-12  1.164e-10  2.057e-12  2.804e-09 
  5.232e-13  2.057e-12  2.771e-13 -4.714e-11 
 -2.220e-09  2.804e-09 -4.714e-11  6.101e-07 
ERR MATRIX NOT POS-DEF
 PARAMETER  CORRELATION COEFFICIENTS  
       NO.  GLOBAL     18     19     20     22
       18  0.93188   1.000  0.101  0.293 -0.839
       19  0.79146   0.101  1.000  0.362  0.333
       20  0.44543   0.293  0.362  1.000 -0.115
       22  0.93868  -0.839  0.333 -0.115  1.000
 ERR MATRIX NOT POS-DEF
MINUIT - FIT ONLY 2-y
 **********
 **   76 **RES 
 **********
                   PARAMETER   14  ANy2 RESTORED TO VARIABLE.
                   PARAMETER    8  phi_CBO RESTORED TO VARIABLE.
                   PARAMETER    7  w_CBO RESTORED TO VARIABLE.
                   PARAMETER    6  A_CBO RESTORED TO VARIABLE.
                   PARAMETER    4  phi RESTORED TO VARIABLE.
                   PARAMETER    3  A0 RESTORED TO VARIABLE.
                   PARAMETER    1  N0 RESTORED TO VARIABLE.
 **********
 **   77 **FIX            0
 **********
