 + ++++++++++++++++++++++++++++++++++++++++++++++++++++++++++++++++++++ +
 +                                                                      +
 +           You have chose to blind your fitting according to          +
 +                omega_ref * (1 + (R +/- deltaR) *10^{-6})             +
 +                                                                      +
 + ++++++++++++++++++++++++++++++++++++++++++++++++++++++++++++++++++++ +
In main()...
reading format from /gm2data/zkhechad/run45/envelope/formats/formatB_sBin_constraintOn.txt
pBinTau 	= 0  
pBinPhi 	= 0  
constraintau 	= 1 
includeMopTerm 	= 0    
constrainMop    = 0   
Parameters after format file: pBinTau 0 pBinPhi 0 constraintau 1 includeMopTerm 0 constrainMop 0 c_e_scale 0.000000 
reading cbo reference file (full fit) from /gm2data/zkhechad/cboTemplates/Run4CBOTemplates/fullFits/run4/sBin_constraintOn_cE0.0_seed0_run4_calo1.root
A_CBO 0.008450 w_CBO 2.327583 phi_CBO 2.512904 N0 3416164.907261 R -60.829491 tau 64.397625 
Reading cboRef file /gm2data/zkhechad/cboTemplates/Run4CBOTemplates//cboIsolate/run4_calo1.root
deltaT 164.120000
windowBins = 1100
fitting sliding window 1620 from bin 1823 at 271.991600 to bin 2923 at 436.111600 (1100 bins)

Reading data from /gm2data/cornell/histograms/aMethod/histogram_a_run4.root
fitting cbo isolate
 **********
 **    1 **SET PRINTOUT            1
 **********
 **********
 **    2 **SET NOWARNINGS 
 **********
 PARAMETER DEFINITIONS:
    NO.   NAME         VALUE      STEP SIZE      LIMITS
     1 A_CBO        8.44960e-03  1.00000e-05     no limits
     2 w_CBO        2.32758e+00  1.00000e-02    2.00000e+00  3.00000e+00
     3 phi_CBO      2.51290e+00  1.00000e-02    0.00000e+00  6.28319e+00
 **********
 **    3 **MIGRAD
 **********
 FIRST CALL TO USER FUNCTION AT NEW START POINT, WITH IFLAG=4.
 START MIGRAD MINIMIZATION.  STRATEGY  1.  CONVERGENCE WHEN EDM .LT. 1.00e-04
 FCN=0.0647337 FROM MIGRAD    STATUS=INITIATE       12 CALLS          13 TOTAL
                     EDM= unknown      STRATEGY= 1      NO ERROR MATRIX       
  EXT PARAMETER               CURRENT GUESS       STEP         FIRST   
  NO.   NAME      VALUE            ERROR          SIZE      DERIVATIVE 
   1  A_CBO        8.44960e-03   1.00000e-05   1.00000e-05   6.23083e+00
   2  w_CBO        2.32758e+00   1.00000e-02   2.13091e-02   1.70327e+00
   3  phi_CBO      2.51290e+00   1.00000e-02   3.24882e-03  -3.06093e-02
 MIGRAD MINIMIZATION HAS CONVERGED.
 MIGRAD WILL VERIFY CONVERGENCE AND ERROR MATRIX.
 COVARIANCE MATRIX CALCULATED SUCCESSFULLY
 FCN=0.0464778 FROM MIGRAD    STATUS=CONVERGED      59 CALLS          60 TOTAL
                     EDM=3.20295e-05    STRATEGY= 1      ERROR MATRIX ACCURATE 
  EXT PARAMETER                                   STEP         FIRST   
  NO.   NAME      VALUE            ERROR          SIZE      DERIVATIVE 
   1  A_CBO        3.00951e-03   4.29132e-02   2.13023e-05   1.40767e-02
   2  w_CBO        2.32706e+00   2.82994e-01   4.50836e-05   1.36143e-02
   3  phi_CBO      2.68879e+00   4.23905e+00   2.42783e-03  -2.20982e-05
 EXTERNAL ERROR MATRIX.    NDIM=  25    NPAR=  3    ERR DEF=1
  1.842e-03 -1.476e-03 -5.245e-01 
 -1.476e-03  9.228e-02  3.277e+01 
 -5.245e-01  3.277e+01  1.184e+04 
 PARAMETER  CORRELATION COEFFICIENTS  
       NO.  GLOBAL      1      2      3
        1  0.11324   1.000 -0.113 -0.112
        2  0.99144  -0.113  1.000  0.991
        3  0.99144  -0.112  0.991  1.000
setting A_CBO=0.003010 w_CBO=2.327057, phi_CBO=2.688788
done fitting cbo isolate
 **********
 **    1 **SET PRINTOUT            1
 **********
 **********
 **    2 **SET NOWARNINGS 
 **********
 PARAMETER DEFINITIONS:
    NO.   NAME         VALUE      STEP SIZE      LIMITS
     1 N0           3.41616e+06  1.00000e+02     no limits
     2 tau          6.43976e+01  constant
     3 A0           3.54950e-01  1.00000e-04     no limits
     4 phi          4.12292e+00  1.00000e-02     no limits
     5 R           -6.08295e+01  constant
     6 A_CBO        3.00951e-03  1.00000e-05     no limits
     7 w_CBO        2.32706e+00  1.00000e-03     no limits
     8 phi_CBO      2.68879e+00  1.00000e-04     no limits
     9 ANx2         2.24467e-04  constant
    10 pNx2         2.31915e+00  constant
    11 ANy1         0.00000e+00  constant
    12 pNy1         0.00000e+00  constant
    13 w_y          0.00000e+00  constant
    14 ANy2         1.49899e-02  1.00000e-04     no limits
    15 pNy2         4.64502e+00  constant
    16 w_vw         1.43138e+01  constant
    17 LM          -1.76320e-04  constant
    18 wCBO_expCoeff   2.00000e+02  1.00000e+00     no limits
    19 wCBO_expOffset   2.00000e+02  1.00000e+00     no limits
    20 wCBO_expT    3.00000e+01  1.00000e+00     no limits
    21 wCBO_linCoeff   0.00000e+00  constant
    22 wCBO_const   0.00000e+00  1.00000e-02     no limits
MINUIT - FIT ONLY WIGGLE
 **********
 **    3 **FIX            5
 **********
 PARAMETER    5  IS CONSTANT.   IGNORED.
 **********
 **    4 **FIX            6
 **********
 **********
 **    5 **FIX            7
 **********
 **********
 **    6 **FIX            8
 **********
 **********
 **    7 **FIX            9
 **********
 PARAMETER    9  IS CONSTANT.   IGNORED.
 **********
 **    8 **FIX           10
 **********
 PARAMETER   10  IS CONSTANT.   IGNORED.
 **********
 **    9 **FIX           11
 **********
 PARAMETER   11  IS CONSTANT.   IGNORED.
 **********
 **   10 **FIX           12
 **********
 PARAMETER   12  IS CONSTANT.   IGNORED.
 **********
 **   11 **FIX           13
 **********
 PARAMETER   13  IS CONSTANT.   IGNORED.
 **********
 **   12 **FIX           14
 **********
 **********
 **   13 **FIX           15
 **********
 PARAMETER   15  IS CONSTANT.   IGNORED.
 **********
 **   14 **FIX           16
 **********
 PARAMETER   16  IS CONSTANT.   IGNORED.
 **********
 **   15 **MIGRAD
 **********
 FIRST CALL TO USER FUNCTION AT NEW START POINT, WITH IFLAG=4.
 START MIGRAD MINIMIZATION.  STRATEGY  1.  CONVERGENCE WHEN EDM .LT. 1.00e-04
 FCN=2008.87 FROM MIGRAD    STATUS=INITIATE       63 CALLS          64 TOTAL
                     EDM= unknown      STRATEGY= 1      NO ERROR MATRIX       
  EXT PARAMETER               CURRENT GUESS       STEP         FIRST   
  NO.   NAME      VALUE            ERROR          SIZE      DERIVATIVE 
   1  N0           3.41616e+06   1.00000e+02   0.00000e+00   2.29931e-03
   2  tau          6.43976e+01   constant   
   3  A0           3.54950e-01   1.00000e-04   0.00000e+00  -3.04754e+03
   4  phi          4.12292e+00   1.00000e-02   0.00000e+00  -1.76363e+02
   5  R           -6.08295e+01   constant   
   6  A_CBO        3.00951e-03     fixed    
   7  w_CBO        2.32706e+00     fixed    
   8  phi_CBO      2.68879e+00     fixed    
   9  ANx2         2.24467e-04   constant   
  10  pNx2         2.31915e+00   constant   
  11  ANy1         0.00000e+00   constant   
  12  pNy1         0.00000e+00   constant   
  13  w_y          0.00000e+00   constant   
  14  ANy2         1.49899e-02     fixed    
  15  pNy2         4.64502e+00   constant   
  16  w_vw         1.43138e+01   constant   
  17  LM          -1.76320e-04   constant   
  18  wCBO_expCoeff   2.00000e+02   1.00000e+00   0.00000e+00  -4.49458e+02
  19  wCBO_expOffset   2.00000e+02   1.00000e+00   0.00000e+00  -2.99730e+03
  20  wCBO_expT    3.00000e+01   1.00000e+00   0.00000e+00  -7.05199e+03
  21  wCBO_linCoeff   0.00000e+00   constant   
  22  wCBO_const  -3.43599e-03   1.00000e-02  -3.43599e-03   1.47638e+03
 MIGRAD MINIMIZATION HAS CONVERGED.
 FCN=2000.77 FROM MIGRAD    STATUS=CONVERGED     194 CALLS         195 TOTAL
                     EDM=8.92489e-07    STRATEGY= 1  ERROR MATRIX UNCERTAINTY   1.0 per cent
  EXT PARAMETER                                   STEP         FIRST   
  NO.   NAME      VALUE            ERROR          SIZE      DERIVATIVE 
   1  N0           3.41533e+06   9.00695e+02   1.24549e+00  -2.82894e-07
   2  tau          6.43976e+01   constant   
   3  A0           3.55156e-01   3.51862e-04  -1.04225e-06   1.78517e+00
   4  phi          4.12287e+00   1.02958e-03   4.55145e-07   3.58477e-01
   5  R           -6.08295e+01   constant   
   6  A_CBO        3.00951e-03     fixed    
   7  w_CBO        2.32706e+00     fixed    
   8  phi_CBO      2.68879e+00     fixed    
   9  ANx2         2.24467e-04   constant   
  10  pNx2         2.31915e+00   constant   
  11  ANy1         0.00000e+00   constant   
  12  pNy1         0.00000e+00   constant   
  13  w_y          0.00000e+00   constant   
  14  ANy2         1.49899e-02     fixed    
  15  pNy2         4.64502e+00   constant   
  16  w_vw         1.43138e+01   constant   
  17  LM          -1.76320e-04   constant   
  18  wCBO_expCoeff   1.99973e+02   2.78522e-02  -1.02709e-04   3.47651e-01
  19  wCBO_expOffset   1.99996e+02   4.11460e-03  -1.48484e-05   1.19638e+00
  20  wCBO_expT    3.00048e+01   3.63567e-03   1.86205e-05   4.41672e+00
  21  wCBO_linCoeff   0.00000e+00   constant   
  22  wCBO_const  -5.23417e-03   8.43392e-04  -7.59827e-06   2.21310e+00
 EXTERNAL ERROR MATRIX.    NDIM=  25    NPAR=  7    ERR DEF=1
  8.113e+05  3.872e-03  8.493e-03 -3.636e-01 -5.076e-02  8.113e-02 -2.366e-02 
  3.872e-03  1.238e-07 -4.270e-09  1.533e-07  1.992e-08 -2.753e-08  1.431e-08 
  8.493e-03 -4.270e-09  1.060e-06  3.009e-07  4.650e-08 -4.724e-08  6.737e-09 
 -3.636e-01  1.533e-07  3.009e-07  7.757e-04  1.116e-04 -9.935e-05  1.751e-05 
 -5.076e-02  1.992e-08  4.650e-08  1.116e-04  1.693e-05 -1.466e-05  2.568e-06 
  8.113e-02 -2.753e-08 -4.724e-08 -9.935e-05 -1.466e-05  1.322e-05 -2.556e-06 
 -2.366e-02  1.431e-08  6.737e-09  1.751e-05  2.568e-06 -2.556e-06  7.113e-07 
 PARAMETER  CORRELATION COEFFICIENTS  
       NO.  GLOBAL      1      3      4     18     19     20     22
        1  0.09425   1.000  0.012  0.009 -0.014 -0.014  0.025 -0.031
        3  0.06283   0.012  1.000 -0.012  0.016  0.014 -0.022  0.048
        4  0.03409   0.009 -0.012  1.000  0.010  0.011 -0.013  0.008
       18  0.99057  -0.014  0.016  0.010  1.000  0.974 -0.981  0.745
       19  0.99022  -0.014  0.014  0.011  0.974  1.000 -0.980  0.740
       20  0.99734   0.025 -0.022 -0.013 -0.981 -0.980  1.000 -0.834
       22  0.95408  -0.031  0.048  0.008  0.745  0.740 -0.834  1.000
MINUIT - FIT ONLY 1-CBO + other amplitudes 
 **********
 **   16 **RES 
 **********
                   PARAMETER   14  ANy2 RESTORED TO VARIABLE.
                   PARAMETER    8  phi_CBO RESTORED TO VARIABLE.
                   PARAMETER    7  w_CBO RESTORED TO VARIABLE.
                   PARAMETER    6  A_CBO RESTORED TO VARIABLE.
 **********
 **   17 **FIX            0
 **********
 PARAMETER    0  IS UNDEFINED. IGNORED.
 **********
 **   18 **FIX            1
 **********
 **********
 **   19 **FIX            2
 **********
 PARAMETER    2  IS CONSTANT.   IGNORED.
 **********
 **   20 **FIX            3
 **********
 **********
 **   21 **FIX            4
 **********
 **********
 **   22 **FIX            9
 **********
 PARAMETER    9  IS CONSTANT.   IGNORED.
 **********
 **   23 **FIX           11
 **********
 PARAMETER   11  IS CONSTANT.   IGNORED.
 **********
 **   24 **FIX           12
 **********
 PARAMETER   12  IS CONSTANT.   IGNORED.
 **********
 **   25 **FIX           14
 **********
 **********
 **   26 **FIX           15
 **********
 PARAMETER   15  IS CONSTANT.   IGNORED.
 **********
 **   27 **FIX           16
 **********
 PARAMETER   16  IS CONSTANT.   IGNORED.
 **********
 **   28 **MIGRAD
 **********
 START MIGRAD MINIMIZATION.  STRATEGY  1.  CONVERGENCE WHEN EDM .LT. 1.00e-04
 FCN=2000.77 FROM MIGRAD    STATUS=INITIATE       22 CALLS         217 TOTAL
                     EDM= unknown      STRATEGY= 1      NO ERROR MATRIX       
  EXT PARAMETER               CURRENT GUESS       STEP         FIRST   
  NO.   NAME      VALUE            ERROR          SIZE      DERIVATIVE 
   1  N0           3.41533e+06     fixed    
   2  tau          6.43976e+01   constant   
   3  A0           3.55156e-01     fixed    
   4  phi          4.12287e+00     fixed    
   5  R           -6.08295e+01   constant   
   6  A_CBO        3.00951e-03   1.00000e-05   1.00000e-05   1.87954e+04
   7  w_CBO        2.32706e+00   1.00000e-03   1.00000e-03   3.08136e+01
   8  phi_CBO      2.68879e+00   1.00000e-04   1.00000e-04   5.84337e+00
   9  ANx2         2.24467e-04   constant   
  10  pNx2         2.31915e+00   constant   
  11  ANy1         0.00000e+00   constant   
  12  pNy1         0.00000e+00   constant   
  13  w_y          0.00000e+00   constant   
  14  ANy2         1.49899e-02     fixed    
  15  pNy2         4.64502e+00   constant   
  16  w_vw         1.43138e+01   constant   
  17  LM          -1.76320e-04   constant   
  18  wCBO_expCoeff   1.99973e+02   2.78522e-02  -1.02709e-04   3.47649e-01
  19  wCBO_expOffset   1.99996e+02   4.11460e-03  -1.48484e-05   1.19638e+00
  20  wCBO_expT    3.00048e+01   3.63567e-03   1.86205e-05   4.41672e+00
  21  wCBO_linCoeff   0.00000e+00   constant   
  22  wCBO_const  -5.23417e-03   8.43392e-04  -7.59827e-06   2.21308e+00
 MIGRAD MINIMIZATION HAS CONVERGED.
 FCN=1982.35 FROM MIGRAD    STATUS=CONVERGED     227 CALLS         422 TOTAL
                     EDM=4.19791e-07    STRATEGY= 1  ERROR MATRIX UNCERTAINTY   2.3 per cent
  EXT PARAMETER                                   STEP         FIRST   
  NO.   NAME      VALUE            ERROR          SIZE      DERIVATIVE 
   1  N0           3.41533e+06     fixed    
   2  tau          6.43976e+01   constant   
   3  A0           3.55156e-01     fixed    
   4  phi          4.12287e+00     fixed    
   5  R           -6.08295e+01   constant   
   6  A_CBO        1.67155e-03   3.76074e-04  -1.22871e-06   6.89826e-01
   7  w_CBO        2.32686e+00   2.66888e-04  -5.20002e-07  -1.34231e+01
   8  phi_CBO      1.55799e+00   4.11906e-01  -2.63348e-03   3.31774e-03
   9  ANx2         2.24467e-04   constant   
  10  pNx2         2.31915e+00   constant   
  11  ANy1         0.00000e+00   constant   
  12  pNy1         0.00000e+00   constant   
  13  w_y          0.00000e+00   constant   
  14  ANy2         1.49899e-02     fixed    
  15  pNy2         4.64502e+00   constant   
  16  w_vw         1.43138e+01   constant   
  17  LM          -1.76320e-04   constant   
  18  wCBO_expCoeff   1.99957e+02   2.57152e-02  -4.55484e-05  -1.37949e-01
  19  wCBO_expOffset   1.99994e+02   3.77070e-03  -6.58643e-06  -1.31687e+00
  20  wCBO_expT    3.00078e+01   4.78808e-03   7.32181e-06  -3.12168e+00
  21  wCBO_linCoeff   0.00000e+00   constant   
  22  wCBO_const  -6.93449e-03   8.47164e-04  -3.75675e-06  -3.67272e+00
 EXTERNAL ERROR MATRIX.    NDIM=  25    NPAR=  7    ERR DEF=1
  1.414e-07  8.018e-09  5.015e-06  7.656e-07  1.108e-07 -1.431e-07  2.225e-08 
  8.018e-09  7.123e-08 -1.267e-05  6.623e-06  9.702e-07 -1.255e-06  1.547e-07 
  5.015e-06 -1.267e-05  1.697e-01 -1.418e-03 -2.109e-04  3.139e-04  8.253e-05 
  7.656e-07  6.623e-06 -1.418e-03  6.613e-04  9.369e-05 -1.208e-04  1.436e-05 
  1.108e-07  9.702e-07 -2.109e-04  9.369e-05  1.422e-05 -1.769e-05  2.097e-06 
 -1.431e-07 -1.255e-06  3.139e-04 -1.208e-04 -1.769e-05  2.293e-05 -2.954e-06 
  2.225e-08  1.547e-07  8.253e-05  1.436e-05  2.097e-06 -2.954e-06  7.177e-07 
 PARAMETER  CORRELATION COEFFICIENTS  
       NO.  GLOBAL      6      7      8     18     19     20     22
        6  0.09308   1.000  0.080  0.032  0.079  0.078 -0.079  0.070
        7  0.98910   0.080  1.000 -0.115  0.965  0.964 -0.982  0.684
        8  0.84088   0.032 -0.115  1.000 -0.134 -0.136  0.159  0.237
       18  0.98963   0.079  0.965 -0.134  1.000  0.966 -0.981  0.659
       19  0.98927   0.078  0.964 -0.136  0.966  1.000 -0.980  0.656
       20  0.99841  -0.079 -0.982  0.159 -0.981 -0.980  1.000 -0.728
       22  0.94918   0.070  0.684  0.237  0.659  0.656 -0.728  1.000
MINUIT - FIT ONLY 1-CBO
 **********
 **   29 **RES 
 **********
                   PARAMETER   14  ANy2 RESTORED TO VARIABLE.
                   PARAMETER    4  phi RESTORED TO VARIABLE.
                   PARAMETER    3  A0 RESTORED TO VARIABLE.
                   PARAMETER    1  N0 RESTORED TO VARIABLE.
 **********
 **   30 **FIX            0
 **********
 PARAMETER    0  IS UNDEFINED. IGNORED.
 **********
 **   31 **FIX            1
 **********
 **********
 **   32 **FIX            2
 **********
 PARAMETER    2  IS CONSTANT.   IGNORED.
 **********
 **   33 **FIX            3
 **********
 **********
 **   34 **FIX            4
 **********
 **********
 **   35 **FIX            8
 **********
 **********
 **   36 **FIX            9
 **********
 PARAMETER    9  IS CONSTANT.   IGNORED.
 **********
 **   37 **FIX           11
 **********
 PARAMETER   11  IS CONSTANT.   IGNORED.
 **********
 **   38 **FIX           12
 **********
 PARAMETER   12  IS CONSTANT.   IGNORED.
 **********
 **   39 **FIX           13
 **********
 PARAMETER   13  IS CONSTANT.   IGNORED.
 **********
 **   40 **FIX           15
 **********
 PARAMETER   15  IS CONSTANT.   IGNORED.
 **********
 **   41 **FIX           16
 **********
 PARAMETER   16  IS CONSTANT.   IGNORED.
 **********
 **   42 **MIGRAD
 **********
 START MIGRAD MINIMIZATION.  STRATEGY  1.  CONVERGENCE WHEN EDM .LT. 1.00e-04
 FCN=1982.35 FROM MIGRAD    STATUS=INITIATE       16 CALLS         438 TOTAL
                     EDM= unknown      STRATEGY= 1      NO ERROR MATRIX       
  EXT PARAMETER               CURRENT GUESS       STEP         FIRST   
  NO.   NAME      VALUE            ERROR          SIZE      DERIVATIVE 
   1  N0           3.41533e+06     fixed    
   2  tau          6.43976e+01   constant   
   3  A0           3.55156e-01     fixed    
   4  phi          4.12287e+00     fixed    
   5  R           -6.08295e+01   constant   
   6  A_CBO        1.67155e-03   3.76074e-04  -1.22871e-06   6.89827e-01
   7  w_CBO        2.32686e+00   2.66888e-04  -5.20002e-07  -1.34231e+01
   8  phi_CBO      1.55799e+00     fixed    
   9  ANx2         2.24467e-04   constant   
  10  pNx2         2.31915e+00   constant   
  11  ANy1         0.00000e+00   constant   
  12  pNy1         0.00000e+00   constant   
  13  w_y          0.00000e+00   constant   
  14  ANy2         1.49899e-02   1.00000e-04   1.00000e-04   2.12325e+05
  15  pNy2         4.64502e+00   constant   
  16  w_vw         1.43138e+01   constant   
  17  LM          -1.76320e-04   constant   
  18  wCBO_expCoeff   1.99957e+02   2.57152e-02  -4.55484e-05  -1.37949e-01
  19  wCBO_expOffset   1.99994e+02   3.77070e-03  -6.58643e-06  -1.31687e+00
  20  wCBO_expT    3.00078e+01   4.78808e-03   7.32181e-06  -3.12168e+00
  21  wCBO_linCoeff   0.00000e+00   constant   
  22  wCBO_const  -6.93449e-03   8.47164e-04  -3.75675e-06  -3.67273e+00
 MIGRAD MINIMIZATION HAS CONVERGED.
 MIGRAD WILL VERIFY CONVERGENCE AND ERROR MATRIX.
 COVARIANCE MATRIX CALCULATED SUCCESSFULLY
 FCN=399.714 FROM MIGRAD    STATUS=CONVERGED     382 CALLS         804 TOTAL
                     EDM=4.22714e-07    STRATEGY= 1      ERROR MATRIX ACCURATE 
  EXT PARAMETER                                   STEP         FIRST   
  NO.   NAME      VALUE            ERROR          SIZE      DERIVATIVE 
   1  N0           3.41533e+06     fixed    
   2  tau          6.43976e+01   constant   
   3  A0           3.55156e-01     fixed    
   4  phi          4.12287e+00     fixed    
   5  R           -6.08295e+01   constant   
   6  A_CBO        6.11799e-04   3.76766e-04   3.64139e-06   5.29799e-01
   7  w_CBO        2.32773e+00   3.49360e-03   1.17303e-06  -3.94898e+00
   8  phi_CBO      1.55799e+00     fixed    
   9  ANx2         2.24467e-04   constant   
  10  pNx2         2.31915e+00   constant   
  11  ANy1         0.00000e+00   constant   
  12  pNy1         0.00000e+00   constant   
  13  w_y          0.00000e+00   constant   
  14  ANy2         8.11414e-05   3.73708e-04   3.64618e-06   1.88426e+00
  15  pNy2         4.64502e+00   constant   
  16  w_vw         1.43138e+01   constant   
  17  LM          -1.76320e-04   constant   
  18  wCBO_expCoeff   2.00041e+02   3.05705e-01   1.08367e-04  -4.21178e-02
  19  wCBO_expOffset   2.00006e+02   2.31210e-02   9.53704e-05  -2.81118e-01
  20  wCBO_expT    2.99921e+01   1.12809e-02   1.43013e-05  -7.81757e-01
  21  wCBO_linCoeff   0.00000e+00   constant   
  22  wCBO_const  -5.64286e-03   3.95681e-03   6.83084e-06  -7.69253e-01
 EXTERNAL ERROR MATRIX.    NDIM=  25    NPAR=  7    ERR DEF=1
  1.420e-07 -6.877e-09  5.997e-09 -1.216e-06 -7.626e-07  4.989e-07 -1.371e-07 
 -6.877e-09  1.221e-05 -1.089e-09 -8.076e-04 -1.822e-05 -8.432e-06 -3.155e-06 
  5.997e-09 -1.089e-09  1.397e-07 -1.332e-07 -1.449e-07  6.912e-08  4.371e-09 
 -1.216e-06 -8.076e-04 -1.332e-07  9.346e-02 -1.747e-03 -8.822e-04  5.690e-04 
 -7.626e-07 -1.822e-05 -1.449e-07 -1.747e-03  5.346e-04 -1.685e-05  1.155e-05 
  4.989e-07 -8.432e-06  6.912e-08 -8.822e-04 -1.685e-05  1.273e-04 -3.308e-05 
 -1.371e-07 -3.155e-06  4.371e-09  5.690e-04  1.155e-05 -3.308e-05  1.566e-05 
 PARAMETER  CORRELATION COEFFICIENTS  
       NO.  GLOBAL      6      7     14     18     19     20     22
        6  0.14900   1.000 -0.005  0.043 -0.011 -0.088  0.117 -0.092
        7  0.99941  -0.005  1.000 -0.001 -0.756 -0.226 -0.214 -0.228
       14  0.05995   0.043 -0.001  1.000 -0.001 -0.017  0.016  0.003
       18  0.99934  -0.011 -0.756 -0.001  1.000 -0.247 -0.256  0.470
       19  0.99741  -0.088 -0.226 -0.017 -0.247  1.000 -0.065  0.126
       20  0.99850   0.117 -0.214  0.016 -0.256 -0.065  1.000 -0.741
       22  0.98433  -0.092 -0.228  0.003  0.470  0.126 -0.741  1.000
MINUIT - FIT ONLY 2-CBO
 **********
 **   43 **RES 
 **********
                   PARAMETER    8  phi_CBO RESTORED TO VARIABLE.
                   PARAMETER    4  phi RESTORED TO VARIABLE.
                   PARAMETER    3  A0 RESTORED TO VARIABLE.
                   PARAMETER    1  N0 RESTORED TO VARIABLE.
 **********
 **   44 **FIX            0
 **********
 PARAMETER    0  IS UNDEFINED. IGNORED.
 **********
 **   45 **FIX            1
 **********
 **********
 **   46 **FIX            2
 **********
 PARAMETER    2  IS CONSTANT.   IGNORED.
 **********
 **   47 **FIX            3
 **********
 **********
 **   48 **FIX            4
 **********
 **********
 **   49 **FIX            5
 **********
 PARAMETER    5  IS CONSTANT.   IGNORED.
 **********
 **   50 **FIX            6
 **********
 **********
 **   51 **FIX            7
 **********
 **********
 **   52 **FIX           10
 **********
 PARAMETER   10  IS CONSTANT.   IGNORED.
 **********
 **   53 **FIX           11
 **********
 PARAMETER   11  IS CONSTANT.   IGNORED.
 **********
 **   54 **FIX           12
 **********
 PARAMETER   12  IS CONSTANT.   IGNORED.
 **********
 **   55 **FIX           13
 **********
 PARAMETER   13  IS CONSTANT.   IGNORED.
 **********
 **   56 **FIX           14
 **********
 **********
 **   57 **FIX           15
 **********
 PARAMETER   15  IS CONSTANT.   IGNORED.
 **********
 **   58 **FIX           16
 **********
 PARAMETER   16  IS CONSTANT.   IGNORED.
 **********
 **   59 **MIGRAD
 **********
 START MIGRAD MINIMIZATION.  STRATEGY  1.  CONVERGENCE WHEN EDM .LT. 1.00e-04
 FCN=399.714 FROM MIGRAD    STATUS=INITIATE       12 CALLS         816 TOTAL
                     EDM= unknown      STRATEGY= 1      NO ERROR MATRIX       
  EXT PARAMETER               CURRENT GUESS       STEP         FIRST   
  NO.   NAME      VALUE            ERROR          SIZE      DERIVATIVE 
   1  N0           3.41533e+06     fixed    
   2  tau          6.43976e+01   constant   
   3  A0           3.55156e-01     fixed    
   4  phi          4.12287e+00     fixed    
   5  R           -6.08295e+01   constant   
   6  A_CBO        6.11799e-04     fixed    
   7  w_CBO        2.32773e+00     fixed    
   8  phi_CBO      1.55799e+00   4.11906e-01   4.11906e-01  -2.93252e-01
   9  ANx2         2.24467e-04   constant   
  10  pNx2         2.31915e+00   constant   
  11  ANy1         0.00000e+00   constant   
  12  pNy1         0.00000e+00   constant   
  13  w_y          0.00000e+00   constant   
  14  ANy2         8.11414e-05     fixed    
  15  pNy2         4.64502e+00   constant   
  16  w_vw         1.43138e+01   constant   
  17  LM          -1.76320e-04   constant   
  18  wCBO_expCoeff   2.00041e+02   3.05705e-01   1.08367e-04  -4.22796e-02
  19  wCBO_expOffset   2.00006e+02   2.31210e-02   9.53704e-05  -3.26606e-01
  20  wCBO_expT    2.99921e+01   1.12809e-02   1.43013e-05  -7.95988e-01
  21  wCBO_linCoeff   0.00000e+00   constant   
  22  wCBO_const  -5.64286e-03   3.95681e-03   6.83084e-06  -7.63019e-01
 MIGRAD MINIMIZATION HAS CONVERGED.
 MIGRAD WILL VERIFY CONVERGENCE AND ERROR MATRIX.
 COVARIANCE MATRIX CALCULATED SUCCESSFULLY
 FCN=399.644 FROM HESSE     STATUS=OK             33 CALLS         911 TOTAL
                     EDM=0.000923587    STRATEGY= 1      ERROR MATRIX ACCURATE 
  EXT PARAMETER                                   STEP         FIRST   
  NO.   NAME      VALUE            ERROR          SIZE      DERIVATIVE 
   1  N0           3.41533e+06     fixed    
   2  tau          6.43976e+01   constant   
   3  A0           3.55156e-01     fixed    
   4  phi          4.12287e+00     fixed    
   5  R           -6.08295e+01   constant   
   6  A_CBO        6.11799e-04     fixed    
   7  w_CBO        2.32773e+00     fixed    
   8  phi_CBO      1.88374e+00   1.05446e+00   5.92628e-03  -5.51028e-05
   9  ANx2         2.24467e-04   constant   
  10  pNx2         2.31915e+00   constant   
  11  ANy1         0.00000e+00   constant   
  12  pNy1         0.00000e+00   constant   
  13  w_y          0.00000e+00   constant   
  14  ANy2         8.11414e-05     fixed    
  15  pNy2         4.64502e+00   constant   
  16  w_vw         1.43138e+01   constant   
  17  LM          -1.76320e-04   constant   
  18  wCBO_expCoeff   2.00038e+02   1.44362e-01   1.08698e-04  -1.29780e-01
  19  wCBO_expOffset   2.00006e+02   1.56201e-02   9.53702e-05  -8.66055e-01
  20  wCBO_expT    2.99921e+01   7.67104e-03   1.43013e-05   5.80483e+00
  21  wCBO_linCoeff   0.00000e+00   constant   
  22  wCBO_const  -4.98716e-03   2.54430e-03   6.38974e-06  -1.07482e+00
 MIGRAD MINIMIZATION HAS CONVERGED.
 FCN=399.641 FROM MIGRAD    STATUS=CONVERGED     120 CALLS         924 TOTAL
                     EDM=7.62402e-06    STRATEGY= 1  ERROR MATRIX UNCERTAINTY   1.3 per cent
  EXT PARAMETER                                   STEP         FIRST   
  NO.   NAME      VALUE            ERROR          SIZE      DERIVATIVE 
   1  N0           3.41533e+06     fixed    
   2  tau          6.43976e+01   constant   
   3  A0           3.55156e-01     fixed    
   4  phi          4.12287e+00     fixed    
   5  R           -6.08295e+01   constant   
   6  A_CBO        6.11799e-04     fixed    
   7  w_CBO        2.32773e+00     fixed    
   8  phi_CBO      1.87682e+00   1.06257e+00  -6.92643e-03   1.80573e-03
   9  ANx2         2.24467e-04   constant   
  10  pNx2         2.31915e+00   constant   
  11  ANy1         0.00000e+00   constant   
  12  pNy1         0.00000e+00   constant   
  13  w_y          0.00000e+00   constant   
  14  ANy2         8.11414e-05     fixed    
  15  pNy2         4.64502e+00   constant   
  16  w_vw         1.43138e+01   constant   
  17  LM          -1.76320e-04   constant   
  18  wCBO_expCoeff   2.00048e+02   2.05628e-01   9.80497e-03  -2.40810e-01
  19  wCBO_expOffset   2.00006e+02   1.59965e-02   2.09515e-04  -1.71403e+00
  20  wCBO_expT    2.99913e+01   1.37352e-02  -7.59382e-04  -3.98508e+00
  21  wCBO_linCoeff   0.00000e+00   constant   
  22  wCBO_const  -4.83987e-03   3.30661e-03   1.47292e-04  -1.29951e+00
 EXTERNAL ERROR MATRIX.    NDIM=  25    NPAR=  5    ERR DEF=1
  1.129e+00 -3.970e-02 -4.557e-04  2.093e-03  1.141e-03 
 -3.970e-02  4.228e-02 -8.663e-04 -2.425e-03  4.150e-04 
 -4.557e-04 -8.663e-04  2.559e-04 -5.546e-05  9.976e-06 
  2.093e-03 -2.425e-03 -5.546e-05  1.887e-04 -3.570e-05 
  1.141e-03  4.150e-04  9.976e-06 -3.570e-05  1.093e-05 
 PARAMETER  CORRELATION COEFFICIENTS  
       NO.  GLOBAL      8     18     19     20     22
        8  0.82123   1.000 -0.182 -0.027  0.143  0.325
       18  0.99854  -0.182  1.000 -0.263 -0.858  0.610
       19  0.99457  -0.027 -0.263  1.000 -0.252  0.189
       20  0.99897   0.143 -0.858 -0.252  1.000 -0.786
       22  0.98023   0.325  0.610  0.189 -0.786  1.000
MINUIT - FIT ONLY 1-y
 **********
 **   60 **RES 
 **********
                   PARAMETER   14  ANy2 RESTORED TO VARIABLE.
                   PARAMETER    7  w_CBO RESTORED TO VARIABLE.
                   PARAMETER    6  A_CBO RESTORED TO VARIABLE.
                   PARAMETER    4  phi RESTORED TO VARIABLE.
                   PARAMETER    3  A0 RESTORED TO VARIABLE.
                   PARAMETER    1  N0 RESTORED TO VARIABLE.
 **********
 **   61 **FIX            0
 **********
 PARAMETER    0  IS UNDEFINED. IGNORED.
 **********
 **   62 **FIX            1
 **********
 **********
 **   63 **FIX            2
 **********
 PARAMETER    2  IS CONSTANT.   IGNORED.
 **********
 **   64 **FIX            3
 **********
 **********
 **   65 **FIX            4
 **********
 **********
 **   66 **FIX            5
 **********
 PARAMETER    5  IS CONSTANT.   IGNORED.
 **********
 **   67 **FIX            6
 **********
 **********
 **   68 **FIX            7
 **********
 **********
 **   69 **FIX            8
 **********
 **********
 **   70 **FIX            9
 **********
 PARAMETER    9  IS CONSTANT.   IGNORED.
 **********
 **   71 **FIX           13
 **********
 PARAMETER   13  IS CONSTANT.   IGNORED.
 **********
 **   72 **FIX           14
 **********
 **********
 **   73 **FIX           15
 **********
 PARAMETER   15  IS CONSTANT.   IGNORED.
 **********
 **   74 **FIX           16
 **********
 PARAMETER   16  IS CONSTANT.   IGNORED.
 **********
 **   75 **MIGRAD
 **********
 START MIGRAD MINIMIZATION.  STRATEGY  1.  CONVERGENCE WHEN EDM .LT. 1.00e-04
 FCN=399.641 FROM MIGRAD    STATUS=INITIATE        8 CALLS         932 TOTAL
                     EDM= unknown      STRATEGY= 1      NO ERROR MATRIX       
  EXT PARAMETER               CURRENT GUESS       STEP         FIRST   
  NO.   NAME      VALUE            ERROR          SIZE      DERIVATIVE 
   1  N0           3.41533e+06     fixed    
   2  tau          6.43976e+01   constant   
   3  A0           3.55156e-01     fixed    
   4  phi          4.12287e+00     fixed    
   5  R           -6.08295e+01   constant   
   6  A_CBO        6.11799e-04     fixed    
   7  w_CBO        2.32773e+00     fixed    
   8  phi_CBO      1.87682e+00     fixed    
   9  ANx2         2.24467e-04   constant   
  10  pNx2         2.31915e+00   constant   
  11  ANy1         0.00000e+00   constant   
  12  pNy1         0.00000e+00   constant   
  13  w_y          0.00000e+00   constant   
  14  ANy2         8.11414e-05     fixed    
  15  pNy2         4.64502e+00   constant   
  16  w_vw         1.43138e+01   constant   
  17  LM          -1.76320e-04   constant   
  18  wCBO_expCoeff   2.00048e+02   2.05628e-01   9.80497e-03  -2.40810e-01
  19  wCBO_expOffset   2.00006e+02   1.59965e-02   2.09515e-04  -1.71403e+00
  20  wCBO_expT    2.99913e+01   1.37352e-02  -7.59382e-04  -3.98508e+00
  21  wCBO_linCoeff   0.00000e+00   constant   
  22  wCBO_const  -4.83987e-03   3.30661e-03   1.47292e-04  -1.29951e+00
 MIGRAD MINIMIZATION HAS CONVERGED.
 MIGRAD WILL VERIFY CONVERGENCE AND ERROR MATRIX.
 COVARIANCE MATRIX CALCULATED SUCCESSFULLY
 FCN=399.641 FROM MIGRAD    STATUS=CONVERGED      45 CALLS         969 TOTAL
                     EDM=6.81577e-06    STRATEGY= 1      ERROR MATRIX ACCURATE 
  EXT PARAMETER                                   STEP         FIRST   
  NO.   NAME      VALUE            ERROR          SIZE      DERIVATIVE 
   1  N0           3.41533e+06     fixed    
   2  tau          6.43976e+01   constant   
   3  A0           3.55156e-01     fixed    
   4  phi          4.12287e+00     fixed    
   5  R           -6.08295e+01   constant   
   6  A_CBO        6.11799e-04     fixed    
   7  w_CBO        2.32773e+00     fixed    
   8  phi_CBO      1.87682e+00     fixed    
   9  ANx2         2.24467e-04   constant   
  10  pNx2         2.31915e+00   constant   
  11  ANy1         0.00000e+00   constant   
  12  pNy1         0.00000e+00   constant   
  13  w_y          0.00000e+00   constant   
  14  ANy2         8.11414e-05     fixed    
  15  pNy2         4.64502e+00   constant   
  16  w_vw         1.43138e+01   constant   
  17  LM          -1.76320e-04   constant   
  18  wCBO_expCoeff   2.00048e+02   1.38389e-01   1.08531e-04  -1.71703e-02
  19  wCBO_expOffset   2.00006e+02   1.51775e-02   9.53703e-05  -1.15018e-01
  20  wCBO_expT    2.99913e+01   7.36109e-03   1.43010e-05   6.27352e-02
  21  wCBO_linCoeff   0.00000e+00   constant   
  22  wCBO_const  -4.83979e-03   2.09527e-03   6.37213e-06   2.20755e+00
 EXTERNAL ERROR MATRIX.    NDIM=  25    NPAR=  4    ERR DEF=1
  1.915e-02 -1.292e-03 -6.900e-04  1.179e-04 
 -1.292e-03  2.304e-04 -1.529e-05  2.388e-06 
 -6.900e-04 -1.529e-05  5.419e-05 -1.128e-05 
  1.179e-04  2.388e-06 -1.128e-05  4.390e-06 
 PARAMETER  CORRELATION COEFFICIENTS  
       NO.  GLOBAL     18     19     20     22
       18  0.99677   1.000 -0.615 -0.677  0.407
       19  0.99396  -0.615  1.000 -0.137  0.075
       20  0.99644  -0.677 -0.137  1.000 -0.731
       22  0.95035   0.407  0.075 -0.731  1.000
MINUIT - FIT ONLY 2-y
 **********
 **   76 **RES 
 **********
                   PARAMETER   14  ANy2 RESTORED TO VARIABLE.
                   PARAMETER    8  phi_CBO RESTORED TO VARIABLE.
                   PARAMETER    7  w_CBO RESTORED TO VARIABLE.
                   PARAMETER    6  A_CBO RESTORED TO VARIABLE.
                   PARAMETER    4  phi RESTORED TO VARIABLE.
                   PARAMETER    3  A0 RESTORED TO VARIABLE.
                   PARAMETER    1  N0 RESTORED TO VARIABLE.
 **********
 **   77 **FIX            0
 **********
 PARAMETER    0  IS UNDEFINED. IGNORED.
 **********
 **   78 **FIX            1
 **********
 **********
 **   79 **FIX            2
 **********
 PARAMETER    2  IS CONSTANT.   IGNORED.
 **********
 **   80 **FIX            3
 **********
 **********
 **   81 **FIX            4
 **********
 **********
 **   82 **FIX            5
 **********
 PARAMETER    5  IS CONSTANT.   IGNORED.
 **********
 **   83 **FIX            6
 **********
 **********
 **   84 **FIX            7
 **********
 **********
 **   85 **FIX            8
 **********
 **********
 **   86 **FIX            9
 **********
 PARAMETER    9  IS CONSTANT.   IGNORED.
 **********
 **   87 **FIX           10
 **********
 PARAMETER   10  IS CONSTANT.   IGNORED.
 **********
 **   88 **FIX           11
 **********
 PARAMETER   11  IS CONSTANT.   IGNORED.
 **********
 **   89 **FIX           12
 **********
 PARAMETER   12  IS CONSTANT.   IGNORED.
 **********
 **   90 **FIX           16
 **********
 PARAMETER   16  IS CONSTANT.   IGNORED.
 **********
 **   91 **MIGRAD
 **********
 START MIGRAD MINIMIZATION.  STRATEGY  1.  CONVERGENCE WHEN EDM .LT. 1.00e-04
 FCN=399.641 FROM MIGRAD    STATUS=INITIATE       10 CALLS         979 TOTAL
                     EDM= unknown      STRATEGY= 1      NO ERROR MATRIX       
  EXT PARAMETER               CURRENT GUESS       STEP         FIRST   
  NO.   NAME      VALUE            ERROR          SIZE      DERIVATIVE 
   1  N0           3.41533e+06     fixed    
   2  tau          6.43976e+01   constant   
   3  A0           3.55156e-01     fixed    
   4  phi          4.12287e+00     fixed    
   5  R           -6.08295e+01   constant   
   6  A_CBO        6.11799e-04     fixed    
   7  w_CBO        2.32773e+00     fixed    
   8  phi_CBO      1.87682e+00     fixed    
   9  ANx2         2.24467e-04   constant   
  10  pNx2         2.31915e+00   constant   
  11  ANy1         0.00000e+00   constant   
  12  pNy1         0.00000e+00   constant   
  13  w_y          0.00000e+00   constant   
  14  ANy2         8.11414e-05   3.73708e-04   3.73708e-04   7.94916e+01
  15  pNy2         4.64502e+00   constant   
  16  w_vw         1.43138e+01   constant   
  17  LM          -1.76320e-04   constant   
  18  wCBO_expCoeff   2.00048e+02   1.38389e-01   1.08531e-04  -1.75641e-02
  19  wCBO_expOffset   2.00006e+02   1.51775e-02   9.53703e-05  -2.25575e-01
  20  wCBO_expT    2.99913e+01   7.36109e-03   1.43010e-05   1.70766e-02
  21  wCBO_linCoeff   0.00000e+00   constant   
  22  wCBO_const  -4.83979e-03   2.09527e-03   6.37213e-06   2.20715e+00
 MIGRAD MINIMIZATION HAS CONVERGED.
 MIGRAD WILL VERIFY CONVERGENCE AND ERROR MATRIX.
 COVARIANCE MATRIX CALCULATED SUCCESSFULLY
 FCN=399.641 FROM MIGRAD    STATUS=CONVERGED      58 CALLS        1027 TOTAL
                     EDM=5.76806e-06    STRATEGY= 1      ERROR MATRIX ACCURATE 
  EXT PARAMETER                                   STEP         FIRST   
  NO.   NAME      VALUE            ERROR          SIZE      DERIVATIVE 
   1  N0           3.41533e+06     fixed    
   2  tau          6.43976e+01   constant   
   3  A0           3.55156e-01     fixed    
   4  phi          4.12287e+00     fixed    
   5  R           -6.08295e+01   constant   
   6  A_CBO        6.11799e-04     fixed    
   7  w_CBO        2.32773e+00     fixed    
   8  phi_CBO      1.87682e+00     fixed    
   9  ANx2         2.24467e-04   constant   
  10  pNx2         2.31915e+00   constant   
  11  ANy1         0.00000e+00   constant   
  12  pNy1         0.00000e+00   constant   
  13  w_y          0.00000e+00   constant   
  14  ANy2         7.56105e-05   3.73405e-04   3.64585e-06   9.07975e-02
  15  pNy2         4.64502e+00   constant   
  16  w_vw         1.43138e+01   constant   
  17  LM          -1.76320e-04   constant   
  18  wCBO_expCoeff   2.00048e+02   1.38468e-01   1.08542e-04   1.47468e-03
  19  wCBO_expOffset   2.00006e+02   1.51873e-02   9.53703e-05   8.74534e-03
  20  wCBO_expT    2.99913e+01   7.36655e-03   1.43010e-05   4.79233e-01
  21  wCBO_linCoeff   0.00000e+00   constant   
  22  wCBO_const  -4.84026e-03   2.09635e-03   6.37250e-06   2.38842e+00
 EXTERNAL ERROR MATRIX.    NDIM=  25    NPAR=  5    ERR DEF=1
  1.394e-07 -6.555e-07 -5.827e-08  7.041e-08 -5.238e-09 
 -6.555e-07  1.917e-02 -1.293e-03 -6.909e-04  1.181e-04 
 -5.827e-08 -1.293e-03  2.307e-04 -1.533e-05  2.393e-06 
  7.041e-08 -6.909e-04 -1.533e-05  5.427e-05 -1.129e-05 
 -5.238e-09  1.181e-04  2.393e-06 -1.129e-05  4.395e-06 
 PARAMETER  CORRELATION COEFFICIENTS  
       NO.  GLOBAL     14     18     19     20     22
       14  0.04441   1.000 -0.013 -0.010  0.026 -0.007
       18  0.99678  -0.013  1.000 -0.615 -0.677  0.407
       19  0.99397  -0.010 -0.615  1.000 -0.137  0.075
       20  0.99644   0.026 -0.677 -0.137  1.000 -0.731
       22  0.95039  -0.007  0.407  0.075 -0.731  1.000
MINUIT - FIT ALTOGETHER
 **********
 **   92 **RES 
 **********
                   PARAMETER    8  phi_CBO RESTORED TO VARIABLE.
                   PARAMETER    7  w_CBO RESTORED TO VARIABLE.
                   PARAMETER    6  A_CBO RESTORED TO VARIABLE.
                   PARAMETER    4  phi RESTORED TO VARIABLE.
                   PARAMETER    3  A0 RESTORED TO VARIABLE.
                   PARAMETER    1  N0 RESTORED TO VARIABLE.
 **********
 **   93 **MIGRAD
 **********
 START MIGRAD MINIMIZATION.  STRATEGY  1.  CONVERGENCE WHEN EDM .LT. 1.00e-04
 FCN=399.641 FROM MIGRAD    STATUS=INITIATE       22 CALLS        1049 TOTAL
                     EDM= unknown      STRATEGY= 1      NO ERROR MATRIX       
  EXT PARAMETER               CURRENT GUESS       STEP         FIRST   
  NO.   NAME      VALUE            ERROR          SIZE      DERIVATIVE 
   1  N0           3.41533e+06   9.00695e+02   9.00695e+02  -1.46020e-03
   2  tau          6.43976e+01   constant   
   3  A0           3.55156e-01   3.51862e-04   3.51862e-04   9.47889e+02
   4  phi          4.12287e+00   1.02958e-03   1.02958e-03   1.32724e+02
   5  R           -6.08295e+01   constant   
   6  A_CBO        6.11799e-04   3.76766e-04   3.76766e-04   1.34356e+02
