 + ++++++++++++++++++++++++++++++++++++++++++++++++++++++++++++++++++++ +
 +                                                                      +
 +           You have chose to blind your fitting according to          +
 +                omega_ref * (1 + (R +/- deltaR) *10^{-6})             +
 +                                                                      +
 + ++++++++++++++++++++++++++++++++++++++++++++++++++++++++++++++++++++ +
In main()...
reading format from /gm2data/zkhechad/run45/envelope/formats/formatB_sBin_constraintOn.txt
pBinTau 	= 0  
pBinPhi 	= 0  
constraintau 	= 1 
includeMopTerm 	= 0    
constrainMop    = 0   
Parameters after format file: pBinTau 0 pBinPhi 0 constraintau 1 includeMopTerm 0 constrainMop 0 c_e_scale 0.000000 
reading cbo reference file (full fit) from /gm2data/zkhechad/cboTemplates/Run4CBOTemplates/fullFits/run4/sBin_constraintOn_cE0.0_seed0_run4_calo6.root
A_CBO 0.010001 w_CBO 2.327040 phi_CBO 5.088588 N0 2817823.633276 R -61.510560 tau 64.405014 
Reading cboRef file /gm2data/zkhechad/cboTemplates/Run4CBOTemplates//cboIsolate/run4_calo6.root
deltaT 164.120000
windowBins = 1100
fitting sliding window 2000 from bin 2203 at 328.687600 to bin 3303 at 492.807600 (1100 bins)

Reading data from /gm2data/cornell/histograms/aMethod/histogram_a_run4.root
fitting cbo isolate
 **********
 **    1 **SET PRINTOUT            1
 **********
 **********
 **    2 **SET NOWARNINGS 
 **********
 PARAMETER DEFINITIONS:
    NO.   NAME         VALUE      STEP SIZE      LIMITS
     1 A_CBO        1.00010e-02  1.00000e-05     no limits
     2 w_CBO        2.32704e+00  1.00000e-02    2.00000e+00  3.00000e+00
     3 phi_CBO      5.08859e+00  1.00000e-02    0.00000e+00  6.28319e+00
 **********
 **    3 **MIGRAD
 **********
 FIRST CALL TO USER FUNCTION AT NEW START POINT, WITH IFLAG=4.
 START MIGRAD MINIMIZATION.  STRATEGY  1.  CONVERGENCE WHEN EDM .LT. 1.00e-04
 FCN=0.146866 FROM MIGRAD    STATUS=INITIATE       12 CALLS          13 TOTAL
                     EDM= unknown      STRATEGY= 1      NO ERROR MATRIX       
  EXT PARAMETER               CURRENT GUESS       STEP         FIRST   
  NO.   NAME      VALUE            ERROR          SIZE      DERIVATIVE 
   1  A_CBO        1.00010e-02   1.00000e-05   1.00000e-05   8.48232e+00
   2  w_CBO        2.32704e+00   1.00000e-02   2.13182e-02   6.85638e-01
   3  phi_CBO      5.08859e+00   1.00000e-02   4.05596e-03  -8.97299e-03
 MIGRAD MINIMIZATION HAS CONVERGED.
 MIGRAD WILL VERIFY CONVERGENCE AND ERROR MATRIX.
 COVARIANCE MATRIX CALCULATED SUCCESSFULLY
 FCN=0.114189 FROM MIGRAD    STATUS=CONVERGED      49 CALLS          50 TOTAL
                     EDM=2.0997e-06    STRATEGY= 1      ERROR MATRIX ACCURATE 
  EXT PARAMETER                                   STEP         FIRST   
  NO.   NAME      VALUE            ERROR          SIZE      DERIVATIVE 
   1  A_CBO        2.30373e-03   4.26589e-02   2.19485e-05  -3.37726e-02
   2  w_CBO        2.32687e+00   3.18722e-01   4.97520e-05   6.79247e-04
   3  phi_CBO      5.16105e+00   5.45775e+00   4.15666e-03  -3.44691e-05
 EXTERNAL ERROR MATRIX.    NDIM=  25    NPAR=  3    ERR DEF=1
  1.820e-03 -8.996e-04 -3.658e-01 
 -8.996e-04  1.228e-01  4.968e+01 
 -3.658e-01  4.968e+01  2.044e+04 
 PARAMETER  CORRELATION COEFFICIENTS  
       NO.  GLOBAL      1      2      3
        1  0.06022   1.000 -0.060 -0.060
        2  0.99168  -0.060  1.000  0.992
        3  0.99168  -0.060  0.992  1.000
setting A_CBO=0.002304 w_CBO=2.326869, phi_CBO=5.161049
done fitting cbo isolate
 **********
 **    1 **SET PRINTOUT            1
 **********
 **********
 **    2 **SET NOWARNINGS 
 **********
 PARAMETER DEFINITIONS:
    NO.   NAME         VALUE      STEP SIZE      LIMITS
     1 N0           2.81782e+06  1.00000e+02     no limits
     2 tau          6.44050e+01  constant
     3 A0           3.53650e-01  1.00000e-04     no limits
     4 phi          4.11538e+00  1.00000e-02     no limits
     5 R           -6.15106e+01  constant
     6 A_CBO        2.30373e-03  1.00000e-05     no limits
     7 w_CBO        2.32687e+00  1.00000e-03     no limits
     8 phi_CBO      5.16105e+00  1.00000e-04     no limits
     9 ANx2         5.52857e-04  constant
    10 pNx2         5.73177e+00  constant
    11 ANy1         0.00000e+00  constant
    12 pNy1         0.00000e+00  constant
    13 w_y          0.00000e+00  constant
    14 ANy2         9.05236e-03  1.00000e-04     no limits
    15 pNy2         5.72687e+00  constant
    16 w_vw         1.43172e+01  constant
    17 LM           3.92941e-07  constant
    18 wCBO_expCoeff   2.00000e+02  1.00000e+00     no limits
    19 wCBO_expOffset   2.00000e+02  1.00000e+00     no limits
    20 wCBO_expT    3.00000e+01  1.00000e+00     no limits
    21 wCBO_linCoeff   0.00000e+00  constant
    22 wCBO_const   0.00000e+00  1.00000e-02     no limits
MINUIT - FIT ONLY WIGGLE
 **********
 **    3 **FIX            5
 **********
 PARAMETER    5  IS CONSTANT.   IGNORED.
 **********
 **    4 **FIX            6
 **********
 **********
 **    5 **FIX            7
 **********
 **********
 **    6 **FIX            8
 **********
 **********
 **    7 **FIX            9
 **********
 PARAMETER    9  IS CONSTANT.   IGNORED.
 **********
 **    8 **FIX           10
 **********
 PARAMETER   10  IS CONSTANT.   IGNORED.
 **********
 **    9 **FIX           11
 **********
 PARAMETER   11  IS CONSTANT.   IGNORED.
 **********
 **   10 **FIX           12
 **********
 PARAMETER   12  IS CONSTANT.   IGNORED.
 **********
 **   11 **FIX           13
 **********
 PARAMETER   13  IS CONSTANT.   IGNORED.
 **********
 **   12 **FIX           14
 **********
 **********
 **   13 **FIX           15
 **********
 PARAMETER   15  IS CONSTANT.   IGNORED.
 **********
 **   14 **FIX           16
 **********
 PARAMETER   16  IS CONSTANT.   IGNORED.
 **********
 **   15 **MIGRAD
 **********
 FIRST CALL TO USER FUNCTION AT NEW START POINT, WITH IFLAG=4.
 START MIGRAD MINIMIZATION.  STRATEGY  1.  CONVERGENCE WHEN EDM .LT. 1.00e-04
 FCN=502.419 FROM MIGRAD    STATUS=INITIATE       30 CALLS          31 TOTAL
                     EDM= unknown      STRATEGY= 1      NO ERROR MATRIX       
  EXT PARAMETER               CURRENT GUESS       STEP         FIRST   
  NO.   NAME      VALUE            ERROR          SIZE      DERIVATIVE 
   1  N0           2.81782e+06   1.00000e+02   1.00000e+02   6.06348e-04
   2  tau          6.44050e+01   constant   
   3  A0           3.53650e-01   1.00000e-04   1.00000e-04   4.54342e+02
   4  phi          4.11538e+00   1.00000e-02   1.00000e-02   1.54694e+02
   5  R           -6.15106e+01   constant   
   6  A_CBO        2.30373e-03     fixed    
   7  w_CBO        2.32687e+00     fixed    
   8  phi_CBO      5.16105e+00     fixed    
   9  ANx2         5.52857e-04   constant   
  10  pNx2         5.73177e+00   constant   
  11  ANy1         0.00000e+00   constant   
  12  pNy1         0.00000e+00   constant   
  13  w_y          0.00000e+00   constant   
  14  ANy2         9.05236e-03     fixed    
  15  pNy2         5.72687e+00   constant   
  16  w_vw         1.43172e+01   constant   
  17  LM           3.92941e-07   constant   
  18  wCBO_expCoeff   2.00000e+02   1.00000e+00   1.00000e+00  -1.43442e+01
  19  wCBO_expOffset   2.00000e+02   1.00000e+00   1.00000e+00  -9.56851e+01
  20  wCBO_expT    3.00000e+01   1.00000e+00   1.00000e+00  -3.46154e+02
  21  wCBO_linCoeff   0.00000e+00   constant   
  22  wCBO_const   0.00000e+00   1.00000e-02   1.00000e-02   1.42210e+03
 MIGRAD MINIMIZATION HAS CONVERGED.
 FCN=496.958 FROM MIGRAD    STATUS=CONVERGED     215 CALLS         216 TOTAL
                     EDM=5.58017e-08    STRATEGY= 1  ERROR MATRIX UNCERTAINTY   1.1 per cent
  EXT PARAMETER                                   STEP         FIRST   
  NO.   NAME      VALUE            ERROR          SIZE      DERIVATIVE 
   1  N0           2.81748e+06   1.26549e+03   4.14888e+00   1.37648e-07
   2  tau          6.44050e+01   constant   
   3  A0           3.53477e-01   6.08332e-04   2.64562e-06  -1.83023e-01
   4  phi          4.11508e+00   1.75108e-03  -3.42520e-06   4.34966e-03
   5  R           -6.15106e+01   constant   
   6  A_CBO        2.30373e-03     fixed    
   7  w_CBO        2.32687e+00     fixed    
   8  phi_CBO      5.16105e+00     fixed    
   9  ANx2         5.52857e-04   constant   
  10  pNx2         5.73177e+00   constant   
  11  ANy1         0.00000e+00   constant   
  12  pNy1         0.00000e+00   constant   
  13  w_y          0.00000e+00   constant   
  14  ANy2         9.05236e-03     fixed    
  15  pNy2         5.72687e+00   constant   
  16  w_vw         1.43172e+01   constant   
  17  LM           3.92941e-07   constant   
  18  wCBO_expCoeff   1.99569e+02   4.52725e-01  -2.11409e-03   5.88943e-03
  19  wCBO_expOffset   1.99935e+02   6.80076e-02  -3.17499e-04   3.80101e-02
  20  wCBO_expT    3.00396e+01   3.19283e-02   1.54539e-04   1.80350e-01
  21  wCBO_linCoeff   0.00000e+00   constant   
  22  wCBO_const  -3.19869e-03   8.47072e-04  -5.85540e-06   4.54562e-01
 EXTERNAL ERROR MATRIX.    NDIM=  25    NPAR=  7    ERR DEF=1
  1.601e+06 -1.260e-02  1.447e-02 -3.656e+01 -5.490e+00  2.801e+00 -8.739e-02 
 -1.260e-02  3.701e-07  9.578e-10  2.876e-05  4.321e-06 -2.230e-06  7.437e-08 
  1.447e-02  9.578e-10  3.066e-06  4.491e-05  6.746e-06 -3.216e-06  1.369e-07 
 -3.656e+01  2.876e-05  4.491e-05  2.050e-01  3.050e-02 -1.437e-02  2.860e-04 
 -5.490e+00  4.321e-06  6.746e-06  3.050e-02  4.625e-03 -2.159e-03  4.296e-05 
  2.801e+00 -2.230e-06 -3.216e-06 -1.437e-02 -2.159e-03  1.019e-03 -2.134e-05 
 -8.739e-02  7.437e-08  1.369e-07  2.860e-04  4.296e-05 -2.134e-05  7.175e-07 
 PARAMETER  CORRELATION COEFFICIENTS  
       NO.  GLOBAL      1      3      4     18     19     20     22
        1  0.09305   1.000 -0.016  0.007 -0.064 -0.064  0.069 -0.082
        3  0.16341  -0.016  1.000  0.001  0.104  0.104 -0.115  0.144
        4  0.12421   0.007  0.001  1.000  0.057  0.057 -0.058  0.092
       18  0.99637  -0.064  0.104  0.057  1.000  0.991 -0.994  0.746
       19  0.99637  -0.064  0.104  0.057  0.991  1.000 -0.994  0.746
       20  0.99872   0.069 -0.115 -0.058 -0.994 -0.994  1.000 -0.789
       22  0.91649  -0.082  0.144  0.092  0.746  0.746 -0.789  1.000
MINUIT - FIT ONLY 1-CBO + other amplitudes 
 **********
 **   16 **RES 
 **********
                   PARAMETER   14  ANy2 RESTORED TO VARIABLE.
                   PARAMETER    8  phi_CBO RESTORED TO VARIABLE.
                   PARAMETER    7  w_CBO RESTORED TO VARIABLE.
                   PARAMETER    6  A_CBO RESTORED TO VARIABLE.
 **********
 **   17 **FIX            0
 **********
 PARAMETER    0  IS UNDEFINED. IGNORED.
 **********
 **   18 **FIX            1
 **********
 **********
 **   19 **FIX            2
 **********
 PARAMETER    2  IS CONSTANT.   IGNORED.
 **********
 **   20 **FIX            3
 **********
 **********
 **   21 **FIX            4
 **********
 **********
 **   22 **FIX            9
 **********
 PARAMETER    9  IS CONSTANT.   IGNORED.
 **********
 **   23 **FIX           11
 **********
 PARAMETER   11  IS CONSTANT.   IGNORED.
 **********
 **   24 **FIX           12
 **********
 PARAMETER   12  IS CONSTANT.   IGNORED.
 **********
 **   25 **FIX           14
 **********
 **********
 **   26 **FIX           15
 **********
 PARAMETER   15  IS CONSTANT.   IGNORED.
 **********
 **   27 **FIX           16
 **********
 PARAMETER   16  IS CONSTANT.   IGNORED.
 **********
 **   28 **MIGRAD
 **********
 START MIGRAD MINIMIZATION.  STRATEGY  1.  CONVERGENCE WHEN EDM .LT. 1.00e-04
 FCN=496.958 FROM MIGRAD    STATUS=INITIATE       20 CALLS         236 TOTAL
                     EDM= unknown      STRATEGY= 1      NO ERROR MATRIX       
  EXT PARAMETER               CURRENT GUESS       STEP         FIRST   
  NO.   NAME      VALUE            ERROR          SIZE      DERIVATIVE 
   1  N0           2.81748e+06     fixed    
   2  tau          6.44050e+01   constant   
   3  A0           3.53477e-01     fixed    
   4  phi          4.11508e+00     fixed    
   5  R           -6.15106e+01   constant   
   6  A_CBO        2.30373e-03   1.00000e-05   1.00000e-05   7.85100e+03
   7  w_CBO        2.32687e+00   1.00000e-03   1.00000e-03   7.02088e-01
   8  phi_CBO      5.16105e+00   1.00000e-04   1.00000e-04   2.37232e+00
   9  ANx2         5.52857e-04   constant   
  10  pNx2         5.73177e+00   constant   
  11  ANy1         0.00000e+00   constant   
  12  pNy1         0.00000e+00   constant   
  13  w_y          0.00000e+00   constant   
  14  ANy2         9.05236e-03     fixed    
  15  pNy2         5.72687e+00   constant   
  16  w_vw         1.43172e+01   constant   
  17  LM           3.92941e-07   constant   
  18  wCBO_expCoeff   1.99569e+02   4.52725e-01  -2.11409e-03   5.88985e-03
  19  wCBO_expOffset   1.99935e+02   6.80076e-02  -3.17499e-04   3.80101e-02
  20  wCBO_expT    3.00396e+01   3.19283e-02   1.54539e-04   1.80360e-01
  21  wCBO_linCoeff   0.00000e+00   constant   
  22  wCBO_const  -3.19869e-03   8.47072e-04  -5.85540e-06   4.54566e-01
 MIGRAD MINIMIZATION HAS CONVERGED.
 MIGRAD WILL VERIFY CONVERGENCE AND ERROR MATRIX.
 COVARIANCE MATRIX CALCULATED SUCCESSFULLY
 FCN=490.29 FROM MIGRAD    STATUS=CONVERGED     218 CALLS         434 TOTAL
                     EDM=2.86663e-06    STRATEGY= 1      ERROR MATRIX ACCURATE 
  EXT PARAMETER                                   STEP         FIRST   
  NO.   NAME      VALUE            ERROR          SIZE      DERIVATIVE 
   1  N0           2.81748e+06     fixed    
   2  tau          6.44050e+01   constant   
   3  A0           3.53477e-01     fixed    
   4  phi          4.11508e+00     fixed    
   5  R           -6.15106e+01   constant   
   6  A_CBO        6.92659e-04   6.50096e-04   6.96494e-06   2.42109e+00
   7  w_CBO        2.32664e+00   1.30283e-02   4.03816e-06   2.18693e+00
   8  phi_CBO      4.74531e+00   9.81396e-01   9.38147e-03  -1.55139e-03
   9  ANx2         5.52857e-04   constant   
  10  pNx2         5.73177e+00   constant   
  11  ANy1         0.00000e+00   constant   
  12  pNy1         0.00000e+00   constant   
  13  w_y          0.00000e+00   constant   
  14  ANy2         9.05236e-03     fixed    
  15  pNy2         5.72687e+00   constant   
  16  w_vw         1.43172e+01   constant   
  17  LM           3.92941e-07   constant   
  18  wCBO_expCoeff   1.99517e+02   1.25011e+00   5.56790e-04   2.09494e-02
  19  wCBO_expOffset   1.99927e+02   1.82205e-01   9.53328e-05   1.38987e-01
  20  wCBO_expT    3.00431e+01   2.63986e-02   1.82043e-05   6.20338e-01
  21  wCBO_linCoeff   0.00000e+00   constant   
  22  wCBO_const  -3.20649e-03   5.55137e-03   3.89793e-06   9.11260e-01
 EXTERNAL ERROR MATRIX.    NDIM=  25    NPAR=  7    ERR DEF=1
  4.226e-07  1.992e-07  1.165e-06  2.418e-05  2.687e-06 -1.906e-06 -7.374e-08 
  1.992e-07  1.697e-04 -2.215e-04 -6.794e-03 -8.978e-04 -6.241e-05 -7.172e-05 
  1.165e-06 -2.215e-04  9.631e-01 -2.760e-02 -3.411e-03  3.028e-03  8.866e-05 
  2.418e-05 -6.794e-03 -2.760e-02  1.563e+00 -1.140e-01 -7.740e-03  3.034e-03 
  2.687e-06 -8.978e-04 -3.411e-03 -1.140e-01  3.320e-02 -1.022e-03  4.008e-04 
 -1.906e-06 -6.241e-05  3.028e-03 -7.740e-03 -1.022e-03  6.969e-04  1.453e-05 
 -7.374e-08 -7.172e-05  8.866e-05  3.034e-03  4.008e-04  1.453e-05  3.082e-05 
 PARAMETER  CORRELATION COEFFICIENTS  
       NO.  GLOBAL      6      7      8     18     19     20     22
        6  0.14322   1.000  0.024  0.002  0.030  0.023 -0.111 -0.020
        7  0.99959   0.024  1.000 -0.017 -0.417 -0.378 -0.181 -0.992
        8  0.42278   0.002 -0.017  1.000 -0.022 -0.019  0.117  0.016
       18  0.99915   0.030 -0.417 -0.022  1.000 -0.500 -0.235  0.437
       19  0.99909   0.023 -0.378 -0.019 -0.500  1.000 -0.212  0.396
       20  0.99796  -0.111 -0.181  0.117 -0.235 -0.212  1.000  0.099
       22  0.99789  -0.020 -0.992  0.016  0.437  0.396  0.099  1.000
MINUIT - FIT ONLY 1-CBO
 **********
 **   29 **RES 
 **********
                   PARAMETER   14  ANy2 RESTORED TO VARIABLE.
                   PARAMETER    4  phi RESTORED TO VARIABLE.
                   PARAMETER    3  A0 RESTORED TO VARIABLE.
                   PARAMETER    1  N0 RESTORED TO VARIABLE.
 **********
 **   30 **FIX            0
 **********
 PARAMETER    0  IS UNDEFINED. IGNORED.
 **********
 **   31 **FIX            1
 **********
 **********
 **   32 **FIX            2
 **********
 PARAMETER    2  IS CONSTANT.   IGNORED.
 **********
 **   33 **FIX            3
 **********
 **********
 **   34 **FIX            4
 **********
 **********
 **   35 **FIX            8
 **********
 **********
 **   36 **FIX            9
 **********
 PARAMETER    9  IS CONSTANT.   IGNORED.
 **********
 **   37 **FIX           11
 **********
 PARAMETER   11  IS CONSTANT.   IGNORED.
 **********
 **   38 **FIX           12
 **********
 PARAMETER   12  IS CONSTANT.   IGNORED.
 **********
 **   39 **FIX           13
 **********
 PARAMETER   13  IS CONSTANT.   IGNORED.
 **********
 **   40 **FIX           15
 **********
 PARAMETER   15  IS CONSTANT.   IGNORED.
 **********
 **   41 **FIX           16
 **********
 PARAMETER   16  IS CONSTANT.   IGNORED.
 **********
 **   42 **MIGRAD
 **********
 START MIGRAD MINIMIZATION.  STRATEGY  1.  CONVERGENCE WHEN EDM .LT. 1.00e-04
 FCN=490.29 FROM MIGRAD    STATUS=INITIATE       16 CALLS         450 TOTAL
                     EDM= unknown      STRATEGY= 1      NO ERROR MATRIX       
  EXT PARAMETER               CURRENT GUESS       STEP         FIRST   
  NO.   NAME      VALUE            ERROR          SIZE      DERIVATIVE 
   1  N0           2.81748e+06     fixed    
   2  tau          6.44050e+01   constant   
   3  A0           3.53477e-01     fixed    
   4  phi          4.11508e+00     fixed    
   5  R           -6.15106e+01   constant   
   6  A_CBO        6.92659e-04   6.50096e-04   6.96494e-06   2.42109e+00
   7  w_CBO        2.32664e+00   1.30283e-02   4.03816e-06   2.18152e+00
   8  phi_CBO      4.74531e+00     fixed    
   9  ANx2         5.52857e-04   constant   
  10  pNx2         5.73177e+00   constant   
  11  ANy1         0.00000e+00   constant   
  12  pNy1         0.00000e+00   constant   
  13  w_y          0.00000e+00   constant   
  14  ANy2         9.05236e-03   1.00000e-04   1.00000e-04   4.38831e+04
  15  pNy2         5.72687e+00   constant   
  16  w_vw         1.43172e+01   constant   
  17  LM           3.92941e-07   constant   
  18  wCBO_expCoeff   1.99517e+02   1.25011e+00   5.56790e-04   2.08775e-02
  19  wCBO_expOffset   1.99927e+02   1.82205e-01   9.53328e-05   1.38512e-01
  20  wCBO_expT    3.00431e+01   2.63986e-02   1.82043e-05   6.18745e-01
  21  wCBO_linCoeff   0.00000e+00   constant   
  22  wCBO_const  -3.20649e-03   5.55137e-03   3.89793e-06   9.10433e-01
 MIGRAD MINIMIZATION HAS CONVERGED.
 MIGRAD WILL VERIFY CONVERGENCE AND ERROR MATRIX.
 COVARIANCE MATRIX CALCULATED SUCCESSFULLY
 FCN=299.039 FROM MIGRAD    STATUS=CONVERGED     201 CALLS         635 TOTAL
                     EDM=4.56156e-06    STRATEGY= 1      ERROR MATRIX ACCURATE 
  EXT PARAMETER                                   STEP         FIRST   
  NO.   NAME      VALUE            ERROR          SIZE      DERIVATIVE 
   1  N0           2.81748e+06     fixed    
   2  tau          6.44050e+01   constant   
   3  A0           3.53477e-01     fixed    
   4  phi          4.11508e+00     fixed    
   5  R           -6.15106e+01   constant   
   6  A_CBO        2.69308e-04   6.49193e-04   5.45121e-06  -3.28052e-02
   7  w_CBO        2.32606e+00   2.95742e-02   4.76639e-06   2.68143e+00
   8  phi_CBO      4.74531e+00     fixed    
   9  ANx2         5.52857e-04   constant   
  10  pNx2         5.73177e+00   constant   
  11  ANy1         0.00000e+00   constant   
  12  pNy1         0.00000e+00   constant   
  13  w_y          0.00000e+00   constant   
  14  ANy2         3.33489e-04   6.30817e-04   5.32248e-06  -2.58169e-01
  15  pNy2         5.72687e+00   constant   
  16  w_vw         1.43172e+01   constant   
  17  LM           3.92941e-07   constant   
  18  wCBO_expCoeff   1.99360e+02   6.00203e+00   7.04324e-04   1.96836e-02
  19  wCBO_expOffset   1.99904e+02   9.06050e-01   1.06180e-04   1.30567e-01
  20  wCBO_expT    3.00541e+01   4.15168e-02   2.27256e-05   5.47270e-01
  21  wCBO_linCoeff   0.00000e+00   constant   
  22  wCBO_const  -2.93308e-03   1.26773e-02   3.93748e-06   2.31979e+00
 EXTERNAL ERROR MATRIX.    NDIM=  25    NPAR=  7    ERR DEF=1
  4.215e-07  8.017e-08  1.730e-08  3.114e-05  4.682e-06 -2.191e-06 -1.006e-08 
  8.017e-08  8.746e-04  1.882e-08 -3.621e-02 -5.635e-03 -4.685e-05 -3.742e-04 
  1.730e-08  1.882e-08  3.979e-07  1.477e-05  2.228e-06 -9.469e-07 -6.936e-09 
  3.114e-05 -3.621e-02  1.477e-05  3.602e+01 -4.858e+00 -2.345e-02  1.578e-02 
  4.682e-06 -5.635e-03  2.228e-06 -4.858e+00  8.209e-01 -3.522e-03  2.453e-03 
 -2.191e-06 -4.685e-05 -9.469e-07 -2.345e-02 -3.522e-03  1.724e-03 -6.972e-07 
 -1.006e-08 -3.742e-04 -6.936e-09  1.578e-02  2.453e-03 -6.972e-07  1.607e-04 
 PARAMETER  CORRELATION COEFFICIENTS  
       NO.  GLOBAL      6      7     14     18     19     20     22
        6  0.11802   1.000  0.004  0.042  0.008  0.008 -0.081 -0.001
        7  0.99982   0.004  1.000  0.001 -0.204 -0.210 -0.038 -0.998
       14  0.06941   0.042  0.001  1.000  0.004  0.004 -0.036 -0.001
       18  0.99990   0.008 -0.204  0.004  1.000 -0.893 -0.094  0.207
       19  0.99990   0.008 -0.210  0.004 -0.893  1.000 -0.094  0.214
       20  0.99790  -0.081 -0.038 -0.036 -0.094 -0.094  1.000 -0.001
       22  0.99932  -0.001 -0.998 -0.001  0.207  0.214 -0.001  1.000
MINUIT - FIT ONLY 2-CBO
 **********
 **   43 **RES 
 **********
                   PARAMETER    8  phi_CBO RESTORED TO VARIABLE.
                   PARAMETER    4  phi RESTORED TO VARIABLE.
                   PARAMETER    3  A0 RESTORED TO VARIABLE.
                   PARAMETER    1  N0 RESTORED TO VARIABLE.
 **********
 **   44 **FIX            0
 **********
 PARAMETER    0  IS UNDEFINED. IGNORED.
 **********
 **   45 **FIX            1
 **********
 **********
 **   46 **FIX            2
 **********
 PARAMETER    2  IS CONSTANT.   IGNORED.
 **********
 **   47 **FIX            3
 **********
 **********
 **   48 **FIX            4
 **********
 **********
 **   49 **FIX            5
 **********
 PARAMETER    5  IS CONSTANT.   IGNORED.
 **********
 **   50 **FIX            6
 **********
 **********
 **   51 **FIX            7
 **********
 **********
 **   52 **FIX           10
 **********
 PARAMETER   10  IS CONSTANT.   IGNORED.
 **********
 **   53 **FIX           11
 **********
 PARAMETER   11  IS CONSTANT.   IGNORED.
 **********
 **   54 **FIX           12
 **********
 PARAMETER   12  IS CONSTANT.   IGNORED.
 **********
 **   55 **FIX           13
 **********
 PARAMETER   13  IS CONSTANT.   IGNORED.
 **********
 **   56 **FIX           14
 **********
 **********
 **   57 **FIX           15
 **********
 PARAMETER   15  IS CONSTANT.   IGNORED.
 **********
 **   58 **FIX           16
 **********
 PARAMETER   16  IS CONSTANT.   IGNORED.
 **********
 **   59 **MIGRAD
 **********
 START MIGRAD MINIMIZATION.  STRATEGY  1.  CONVERGENCE WHEN EDM .LT. 1.00e-04
 FCN=299.039 FROM MIGRAD    STATUS=INITIATE       12 CALLS         647 TOTAL
                     EDM= unknown      STRATEGY= 1      NO ERROR MATRIX       
  EXT PARAMETER               CURRENT GUESS       STEP         FIRST   
  NO.   NAME      VALUE            ERROR          SIZE      DERIVATIVE 
   1  N0           2.81748e+06     fixed    
   2  tau          6.44050e+01   constant   
   3  A0           3.53477e-01     fixed    
   4  phi          4.11508e+00     fixed    
   5  R           -6.15106e+01   constant   
   6  A_CBO        2.69308e-04     fixed    
   7  w_CBO        2.32606e+00     fixed    
   8  phi_CBO      4.74531e+00   9.81396e-01   9.81396e-01   6.79404e-02
   9  ANx2         5.52857e-04   constant   
  10  pNx2         5.73177e+00   constant   
  11  ANy1         0.00000e+00   constant   
  12  pNy1         0.00000e+00   constant   
  13  w_y          0.00000e+00   constant   
  14  ANy2         3.33489e-04     fixed    
  15  pNy2         5.72687e+00   constant   
  16  w_vw         1.43172e+01   constant   
  17  LM           3.92941e-07   constant   
  18  wCBO_expCoeff   1.99360e+02   6.00203e+00   7.04324e-04   1.96821e-02
  19  wCBO_expOffset   1.99904e+02   9.06050e-01   1.06180e-04   1.30561e-01
  20  wCBO_expT    3.00541e+01   4.15168e-02   2.27256e-05   5.46989e-01
  21  wCBO_linCoeff   0.00000e+00   constant   
  22  wCBO_const  -2.93308e-03   1.26773e-02   3.93748e-06   2.31709e+00
 MIGRAD MINIMIZATION HAS CONVERGED.
 MIGRAD WILL VERIFY CONVERGENCE AND ERROR MATRIX.
 COVARIANCE MATRIX CALCULATED SUCCESSFULLY
 FCN=299.032 FROM HESSE     STATUS=OK             31 CALLS         713 TOTAL
                     EDM=0.000159335    STRATEGY= 1      ERROR MATRIX ACCURATE 
  EXT PARAMETER                                   STEP         FIRST   
  NO.   NAME      VALUE            ERROR          SIZE      DERIVATIVE 
   1  N0           2.81748e+06     fixed    
   2  tau          6.44050e+01   constant   
   3  A0           3.53477e-01     fixed    
   4  phi          4.11508e+00     fixed    
   5  R           -6.15106e+01   constant   
   6  A_CBO        2.69308e-04     fixed    
   7  w_CBO        2.32606e+00     fixed    
   8  phi_CBO      4.55635e+00   2.38005e+00   1.92405e-02  -5.28745e-04
   9  ANx2         5.52857e-04   constant   
  10  pNx2         5.73177e+00   constant   
  11  ANy1         0.00000e+00   constant   
  12  pNy1         0.00000e+00   constant   
  13  w_y          0.00000e+00   constant   
  14  ANy2         3.33489e-04     fixed    
  15  pNy2         5.72687e+00   constant   
  16  w_vw         1.43172e+01   constant   
  17  LM           3.92941e-07   constant   
  18  wCBO_expCoeff   1.99360e+02   7.08018e+00   7.03845e-04  -3.12111e-03
  19  wCBO_expOffset   1.99904e+02   1.06741e+00   1.06107e-04  -2.07036e-02
  20  wCBO_expT    3.00541e+01   4.23207e-02   2.26977e-05   5.10116e-01
  21  wCBO_linCoeff   0.00000e+00   constant   
  22  wCBO_const  -2.93769e-03   7.92880e-04   3.94082e-06   1.19082e-01
 MIGRAD MINIMIZATION HAS CONVERGED.
 FCN=299.032 FROM MIGRAD    STATUS=CONVERGED      90 CALLS         725 TOTAL
                     EDM=2.4091e-09    STRATEGY= 1  ERROR MATRIX UNCERTAINTY   0.0 per cent
  EXT PARAMETER                                   STEP         FIRST   
  NO.   NAME      VALUE            ERROR          SIZE      DERIVATIVE 
   1  N0           2.81748e+06     fixed    
   2  tau          6.44050e+01   constant   
   3  A0           3.53477e-01     fixed    
   4  phi          4.11508e+00     fixed    
   5  R           -6.15106e+01   constant   
   6  A_CBO        2.69308e-04     fixed    
   7  w_CBO        2.32606e+00     fixed    
   8  phi_CBO      4.55247e+00   2.38276e+00  -3.88681e-03   3.59772e-05
   9  ANx2         5.52857e-04   constant   
  10  pNx2         5.73177e+00   constant   
  11  ANy1         0.00000e+00   constant   
  12  pNy1         0.00000e+00   constant   
  13  w_y          0.00000e+00   constant   
  14  ANy2         3.33489e-04     fixed    
  15  pNy2         5.72687e+00   constant   
  16  w_vw         1.43172e+01   constant   
  17  LM           3.92941e-07   constant   
  18  wCBO_expCoeff   1.99368e+02   7.08310e+00   8.67073e-03   3.71083e-04
  19  wCBO_expOffset   1.99905e+02   1.06784e+00   1.31525e-03   2.46407e-03
  20  wCBO_expT    3.00535e+01   4.44758e-02  -5.89417e-04   1.10717e-02
  21  wCBO_linCoeff   0.00000e+00   constant   
  22  wCBO_const  -2.93087e-03   8.08258e-04   6.81845e-06   5.66795e-02
 EXTERNAL ERROR MATRIX.    NDIM=  25    NPAR=  5    ERR DEF=1
  5.678e+00 -2.565e-01 -3.874e-02  1.842e-02 -7.396e-05 
 -2.565e-01  5.017e+01 -7.433e+00 -2.908e-02  3.174e-04 
 -3.874e-02 -7.433e+00  1.140e+00 -4.401e-03  4.788e-05 
  1.842e-02 -2.908e-02 -4.401e-03  1.978e-03 -2.305e-05 
 -7.396e-05  3.174e-04  4.788e-05 -2.305e-05  6.533e-07 
 PARAMETER  CORRELATION COEFFICIENTS  
       NO.  GLOBAL      8     18     19     20     22
        8  0.29765   1.000 -0.015 -0.015  0.174 -0.038
       18  0.99993  -0.015  1.000 -0.983 -0.092  0.055
       19  0.99993  -0.015 -0.983  1.000 -0.093  0.055
       20  0.99818   0.174 -0.092 -0.093  1.000 -0.641
       22  0.81716  -0.038  0.055  0.055 -0.641  1.000
MINUIT - FIT ONLY 1-y
 **********
 **   60 **RES 
 **********
                   PARAMETER   14  ANy2 RESTORED TO VARIABLE.
                   PARAMETER    7  w_CBO RESTORED TO VARIABLE.
                   PARAMETER    6  A_CBO RESTORED TO VARIABLE.
                   PARAMETER    4  phi RESTORED TO VARIABLE.
                   PARAMETER    3  A0 RESTORED TO VARIABLE.
                   PARAMETER    1  N0 RESTORED TO VARIABLE.
 **********
 **   61 **FIX            0
 **********
 PARAMETER    0  IS UNDEFINED. IGNORED.
 **********
 **   62 **FIX            1
 **********
 **********
 **   63 **FIX            2
 **********
 PARAMETER    2  IS CONSTANT.   IGNORED.
 **********
 **   64 **FIX            3
 **********
 **********
 **   65 **FIX            4
 **********
 **********
 **   66 **FIX            5
 **********
 PARAMETER    5  IS CONSTANT.   IGNORED.
 **********
 **   67 **FIX            6
 **********
 **********
 **   68 **FIX            7
 **********
 **********
 **   69 **FIX            8
 **********
 **********
 **   70 **FIX            9
 **********
 PARAMETER    9  IS CONSTANT.   IGNORED.
 **********
 **   71 **FIX           13
 **********
 PARAMETER   13  IS CONSTANT.   IGNORED.
 **********
 **   72 **FIX           14
 **********
 **********
 **   73 **FIX           15
 **********
 PARAMETER   15  IS CONSTANT.   IGNORED.
 **********
 **   74 **FIX           16
 **********
 PARAMETER   16  IS CONSTANT.   IGNORED.
 **********
 **   75 **MIGRAD
 **********
 START MIGRAD MINIMIZATION.  STRATEGY  1.  CONVERGENCE WHEN EDM .LT. 1.00e-04
 FCN=299.032 FROM MIGRAD    STATUS=INITIATE        8 CALLS         733 TOTAL
                     EDM= unknown      STRATEGY= 1      NO ERROR MATRIX       
  EXT PARAMETER               CURRENT GUESS       STEP         FIRST   
  NO.   NAME      VALUE            ERROR          SIZE      DERIVATIVE 
   1  N0           2.81748e+06     fixed    
   2  tau          6.44050e+01   constant   
   3  A0           3.53477e-01     fixed    
   4  phi          4.11508e+00     fixed    
   5  R           -6.15106e+01   constant   
   6  A_CBO        2.69308e-04     fixed    
   7  w_CBO        2.32606e+00     fixed    
   8  phi_CBO      4.55247e+00     fixed    
   9  ANx2         5.52857e-04   constant   
  10  pNx2         5.73177e+00   constant   
  11  ANy1         0.00000e+00   constant   
  12  pNy1         0.00000e+00   constant   
  13  w_y          0.00000e+00   constant   
  14  ANy2         3.33489e-04     fixed    
  15  pNy2         5.72687e+00   constant   
  16  w_vw         1.43172e+01   constant   
  17  LM           3.92941e-07   constant   
  18  wCBO_expCoeff   1.99368e+02   7.08310e+00   8.67073e-03   3.71091e-04
  19  wCBO_expOffset   1.99905e+02   1.06784e+00   1.31525e-03   2.46412e-03
  20  wCBO_expT    3.00535e+01   4.44758e-02  -5.89417e-04   1.10723e-02
  21  wCBO_linCoeff   0.00000e+00   constant   
  22  wCBO_const  -2.93087e-03   8.08258e-04   6.81845e-06   5.66747e-02
 MIGRAD MINIMIZATION HAS CONVERGED.
 MIGRAD WILL VERIFY CONVERGENCE AND ERROR MATRIX.
 COVARIANCE MATRIX CALCULATED SUCCESSFULLY
 FCN=299.032 FROM MIGRAD    STATUS=CONVERGED      49 CALLS         774 TOTAL
                     EDM=1.17011e-10    STRATEGY= 1      ERROR MATRIX ACCURATE 
  EXT PARAMETER                                   STEP         FIRST   
  NO.   NAME      VALUE            ERROR          SIZE      DERIVATIVE 
   1  N0           2.81748e+06     fixed    
   2  tau          6.44050e+01   constant   
   3  A0           3.53477e-01     fixed    
   4  phi          4.11508e+00     fixed    
   5  R           -6.15106e+01   constant   
   6  A_CBO        2.69308e-04     fixed    
   7  w_CBO        2.32606e+00     fixed    
   8  phi_CBO      4.55247e+00     fixed    
   9  ANx2         5.52857e-04   constant   
  10  pNx2         5.73177e+00   constant   
  11  ANy1         0.00000e+00   constant   
  12  pNy1         0.00000e+00   constant   
  13  w_y          0.00000e+00   constant   
  14  ANy2         3.33489e-04     fixed    
  15  pNy2         5.72687e+00   constant   
  16  w_vw         1.43172e+01   constant   
  17  LM           3.92941e-07   constant   
  18  wCBO_expCoeff   1.99368e+02   4.78225e+00   7.02960e-04  -1.52528e-06
  19  wCBO_expOffset   1.99905e+02   7.20924e-01   1.05967e-04  -1.04089e-05
  20  wCBO_expT    3.00535e+01   4.12716e-02   2.26802e-05  -3.41700e-04
  21  wCBO_linCoeff   0.00000e+00   constant   
  22  wCBO_const  -2.93087e-03   7.90746e-04   3.94372e-06   5.42764e-03
 EXTERNAL ERROR MATRIX.    NDIM=  25    NPAR=  4    ERR DEF=1
  2.287e+01 -3.335e+00 -2.508e-02  2.779e-04 
 -3.335e+00  5.197e-01 -3.791e-03  4.193e-05 
 -2.508e-02 -3.791e-03  1.703e-03 -2.037e-05 
  2.779e-04  4.193e-05 -2.037e-05  6.253e-07 
 PARAMETER  CORRELATION COEFFICIENTS  
       NO.  GLOBAL     18     19     20     22
       18  0.99985   1.000 -0.967 -0.127  0.073
       19  0.99985  -0.967  1.000 -0.127  0.074
       20  0.99789  -0.127 -0.127  1.000 -0.624
       22  0.80764   0.073  0.074 -0.624  1.000
MINUIT - FIT ONLY 2-y
 **********
 **   76 **RES 
 **********
                   PARAMETER   14  ANy2 RESTORED TO VARIABLE.
                   PARAMETER    8  phi_CBO RESTORED TO VARIABLE.
                   PARAMETER    7  w_CBO RESTORED TO VARIABLE.
                   PARAMETER    6  A_CBO RESTORED TO VARIABLE.
                   PARAMETER    4  phi RESTORED TO VARIABLE.
                   PARAMETER    3  A0 RESTORED TO VARIABLE.
                   PARAMETER    1  N0 RESTORED TO VARIABLE.
 **********
 **   77 **FIX            0
 **********
 PARAMETER    0  IS UNDEFINED. IGNORED.
 **********
 **   78 **FIX            1
 **********
 **********
 **   79 **FIX            2
 **********
 PARAMETER    2  IS CONSTANT.   IGNORED.
 **********
 **   80 **FIX            3
 **********
 **********
 **   81 **FIX            4
 **********
 **********
 **   82 **FIX            5
 **********
 PARAMETER    5  IS CONSTANT.   IGNORED.
 **********
 **   83 **FIX            6
 **********
 **********
 **   84 **FIX            7
 **********
 **********
 **   85 **FIX            8
 **********
 **********
 **   86 **FIX            9
 **********
 PARAMETER    9  IS CONSTANT.   IGNORED.
 **********
 **   87 **FIX           10
 **********
 PARAMETER   10  IS CONSTANT.   IGNORED.
 **********
 **   88 **FIX           11
 **********
 PARAMETER   11  IS CONSTANT.   IGNORED.
 **********
 **   89 **FIX           12
 **********
 PARAMETER   12  IS CONSTANT.   IGNORED.
 **********
 **   90 **FIX           16
 **********
 PARAMETER   16  IS CONSTANT.   IGNORED.
 **********
 **   91 **MIGRAD
 **********
 START MIGRAD MINIMIZATION.  STRATEGY  1.  CONVERGENCE WHEN EDM .LT. 1.00e-04
 FCN=299.032 FROM MIGRAD    STATUS=INITIATE       10 CALLS         784 TOTAL
                     EDM= unknown      STRATEGY= 1      NO ERROR MATRIX       
  EXT PARAMETER               CURRENT GUESS       STEP         FIRST   
  NO.   NAME      VALUE            ERROR          SIZE      DERIVATIVE 
   1  N0           2.81748e+06     fixed    
   2  tau          6.44050e+01   constant   
   3  A0           3.53477e-01     fixed    
   4  phi          4.11508e+00     fixed    
   5  R           -6.15106e+01   constant   
   6  A_CBO        2.69308e-04     fixed    
   7  w_CBO        2.32606e+00     fixed    
   8  phi_CBO      4.55247e+00     fixed    
   9  ANx2         5.52857e-04   constant   
  10  pNx2         5.73177e+00   constant   
  11  ANy1         0.00000e+00   constant   
  12  pNy1         0.00000e+00   constant   
  13  w_y          0.00000e+00   constant   
  14  ANy2         3.33489e-04   6.30817e-04   6.30817e-04   6.49311e-02
  15  pNy2         5.72687e+00   constant   
  16  w_vw         1.43172e+01   constant   
  17  LM           3.92941e-07   constant   
  18  wCBO_expCoeff   1.99368e+02   4.78225e+00   7.02960e-04  -2.07434e-06
  19  wCBO_expOffset   1.99905e+02   7.20924e-01   1.05967e-04  -2.65638e-05
  20  wCBO_expT    3.00535e+01   4.12716e-02   2.26802e-05  -4.74838e-04
  21  wCBO_linCoeff   0.00000e+00   constant   
  22  wCBO_const  -2.93087e-03   7.90746e-04   3.94372e-06   4.99190e-03
 MIGRAD MINIMIZATION HAS CONVERGED.
 MIGRAD WILL VERIFY CONVERGENCE AND ERROR MATRIX.
 COVARIANCE MATRIX CALCULATED SUCCESSFULLY
 FCN=299.032 FROM MIGRAD    STATUS=CONVERGED      60 CALLS         834 TOTAL
                     EDM=1.31568e-10    STRATEGY= 1      ERROR MATRIX ACCURATE 
  EXT PARAMETER                                   STEP         FIRST   
  NO.   NAME      VALUE            ERROR          SIZE      DERIVATIVE 
   1  N0           2.81748e+06     fixed    
   2  tau          6.44050e+01   constant   
   3  A0           3.53477e-01     fixed    
   4  phi          4.11508e+00     fixed    
   5  R           -6.15106e+01   constant   
   6  A_CBO        2.69308e-04     fixed    
   7  w_CBO        2.32606e+00     fixed    
   8  phi_CBO      4.55247e+00     fixed    
   9  ANx2         5.52857e-04   constant   
  10  pNx2         5.73177e+00   constant   
  11  ANy1         0.00000e+00   constant   
  12  pNy1         0.00000e+00   constant   
  13  w_y          0.00000e+00   constant   
  14  ANy2         3.33476e-04   6.30185e-04   5.32242e-06  -7.77771e-05
  15  pNy2         5.72687e+00   constant   
  16  w_vw         1.43172e+01   constant   
  17  LM           3.92941e-07   constant   
  18  wCBO_expCoeff   1.99368e+02   4.78209e+00   7.02957e-04   1.86794e-05
  19  wCBO_expOffset   1.99905e+02   7.20896e-01   1.05967e-04   1.23926e-04
  20  wCBO_expT    3.00535e+01   4.12917e-02   2.26801e-05   2.00629e-04
  21  wCBO_linCoeff   0.00000e+00   constant   
  22  wCBO_const  -2.93087e-03   7.90745e-04   3.94371e-06   3.37839e-03
 EXTERNAL ERROR MATRIX.    NDIM=  25    NPAR=  5    ERR DEF=1
  3.971e-07  1.344e-05  2.035e-06 -8.127e-07 -1.210e-10 
  1.344e-05  2.287e+01 -3.335e+00 -2.512e-02  2.779e-04 
  2.035e-06 -3.335e+00  5.197e-01 -3.794e-03  4.192e-05 
 -8.127e-07 -2.512e-02 -3.794e-03  1.705e-03 -2.037e-05 
 -1.210e-10  2.779e-04  4.192e-05 -2.037e-05  6.253e-07 
 PARAMETER  CORRELATION COEFFICIENTS  
       NO.  GLOBAL     14     18     19     20     22
       14  0.05309   1.000  0.004  0.004 -0.031 -0.000
       18  0.99985   0.004  1.000 -0.967 -0.127  0.074
       19  0.99985   0.004 -0.967  1.000 -0.127  0.074
       20  0.99789  -0.031 -0.127 -0.127  1.000 -0.624
       22  0.80764  -0.000  0.074  0.074 -0.624  1.000
MINUIT - FIT ALTOGETHER
 **********
 **   92 **RES 
 **********
                   PARAMETER    8  phi_CBO RESTORED TO VARIABLE.
                   PARAMETER    7  w_CBO RESTORED TO VARIABLE.
                   PARAMETER    6  A_CBO RESTORED TO VARIABLE.
                   PARAMETER    4  phi RESTORED TO VARIABLE.
                   PARAMETER    3  A0 RESTORED TO VARIABLE.
                   PARAMETER    1  N0 RESTORED TO VARIABLE.
 **********
 **   93 **MIGRAD
 **********
 START MIGRAD MINIMIZATION.  STRATEGY  1.  CONVERGENCE WHEN EDM .LT. 1.00e-04
 FCN=299.032 FROM MIGRAD    STATUS=INITIATE       22 CALLS         856 TOTAL
                     EDM= unknown      STRATEGY= 1      NO ERROR MATRIX       
  EXT PARAMETER               CURRENT GUESS       STEP         FIRST   
  NO.   NAME      VALUE            ERROR          SIZE      DERIVATIVE 
   1  N0           2.81748e+06   1.26549e+03   1.26549e+03   4.45474e-05
   2  tau          6.44050e+01   constant   
   3  A0           3.53477e-01   6.08332e-04   6.08332e-04  -6.96464e+00
   4  phi          4.11508e+00   1.75108e-03   1.75108e-03  -3.63392e+01
   5  R           -6.15106e+01   constant   
