 + ++++++++++++++++++++++++++++++++++++++++++++++++++++++++++++++++++++ +
 +                                                                      +
 +           You have chose to blind your fitting according to          +
 +                omega_ref * (1 + (R +/- deltaR) *10^{-6})             +
 +                                                                      +
 + ++++++++++++++++++++++++++++++++++++++++++++++++++++++++++++++++++++ +
In main()...
reading format from /gm2data/zkhechad/run45/envelope/formats/formatB_sBin_constraintOn.txt
pBinTau 	= 0  
pBinPhi 	= 0  
constraintau 	= 1 
includeMopTerm 	= 0    
constrainMop    = 0   
Parameters after format file: pBinTau 0 pBinPhi 0 constraintau 1 includeMopTerm 0 constrainMop 0 c_e_scale 0.000000 
reading cbo reference file (full fit) from /gm2data/zkhechad/cboTemplates/Run4CBOTemplates/fullFits/run4/sBin_constraintOn_cE0.0_seed0_run4_calo9.root
A_CBO 0.010173 w_CBO 2.326319 phi_CBO 6.016081 N0 2790757.947661 R -60.043540 tau 64.405209 
Reading cboRef file /gm2data/zkhechad/cboTemplates/Run4CBOTemplates//cboIsolate/run4_calo9.root
deltaT 34.827058
windowBins = 230
fitting sliding window 760 from bin 963 at 143.679600 to bin 1193 at 177.995600 (230 bins)

Reading data from /gm2data/cornell/histograms/aMethod/histogram_a_run4.root
fitting cbo isolate
 **********
 **    1 **SET PRINTOUT            1
 **********
 **********
 **    2 **SET NOWARNINGS 
 **********
 PARAMETER DEFINITIONS:
    NO.   NAME         VALUE      STEP SIZE      LIMITS
     1 A_CBO        1.01731e-02  1.00000e-05     no limits
     2 w_CBO        2.32632e+00  1.00000e-02    2.00000e+00  3.00000e+00
     3 phi_CBO      6.01608e+00  1.00000e-02    0.00000e+00  6.28319e+00
 **********
 **    3 **MIGRAD
 **********
 FIRST CALL TO USER FUNCTION AT NEW START POINT, WITH IFLAG=4.
 START MIGRAD MINIMIZATION.  STRATEGY  1.  CONVERGENCE WHEN EDM .LT. 1.00e-04
 FCN=0.00406224 FROM MIGRAD    STATUS=INITIATE       12 CALLS          13 TOTAL
                     EDM= unknown      STRATEGY= 1      NO ERROR MATRIX       
  EXT PARAMETER               CURRENT GUESS       STEP         FIRST   
  NO.   NAME      VALUE            ERROR          SIZE      DERIVATIVE 
   1  A_CBO        1.01731e-02   1.00000e-05   1.00000e-05   1.27469e+00
   2  w_CBO        2.32632e+00   1.00000e-02   2.13304e-02   1.96647e-02
   3  phi_CBO      6.01608e+00   1.00000e-02   7.88999e-03  -3.19986e-04
 MIGRAD MINIMIZATION HAS CONVERGED.
 MIGRAD WILL VERIFY CONVERGENCE AND ERROR MATRIX.
 FCN=0.000492576 FROM MIGRAD    STATUS=CONVERGED      41 CALLS          42 TOTAL
                     EDM=8.46113e-06    STRATEGY= 1      ERR MATRIX NOT POS-DEF
  EXT PARAMETER                APPROXIMATE        STEP         FIRST   
  NO.   NAME      VALUE            ERROR          SIZE      DERIVATIVE 
   1  A_CBO        4.57048e-03   9.44722e-02   4.58021e-05   1.92417e-05
   2  w_CBO        2.32617e+00   8.35028e-01   1.31336e-04  -9.96785e-03
   3  phi_CBO      6.03751e+00   3.24004e+00   8.37093e-03   1.67680e-04
 EXTERNAL ERROR MATRIX.    NDIM=  25    NPAR=  3    ERR DEF=1
  8.925e-03 -3.352e-02 -5.597e+00 
 -3.352e-02  3.941e+00  6.514e+02 
 -5.597e+00  6.514e+02  1.081e+05 
ERR MATRIX NOT POS-DEF
 PARAMETER  CORRELATION COEFFICIENTS  
       NO.  GLOBAL      1      2      3
        1  0.18105   1.000 -0.179 -0.180
        2  0.99802  -0.179  1.000  0.998
        3  0.99802  -0.180  0.998  1.000
 ERR MATRIX NOT POS-DEF
setting A_CBO=0.004570 w_CBO=2.326173, phi_CBO=6.037515
done fitting cbo isolate
 **********
 **    1 **SET PRINTOUT            1
 **********
 **********
 **    2 **SET NOWARNINGS 
 **********
 PARAMETER DEFINITIONS:
    NO.   NAME         VALUE      STEP SIZE      LIMITS
     1 N0           2.79076e+06  1.00000e+02     no limits
     2 tau          6.44052e+01  constant
     3 A0           3.51393e-01  1.00000e-04     no limits
     4 phi          4.11695e+00  1.00000e-02     no limits
     5 R           -6.00435e+01  constant
     6 A_CBO        4.57048e-03  1.00000e-05     no limits
     7 w_CBO        2.32617e+00  1.00000e-03     no limits
     8 phi_CBO      6.03751e+00  1.00000e-04     no limits
     9 ANx2         5.96878e-04  constant
    10 pNx2         1.09681e+00  constant
    11 ANy1         0.00000e+00  constant
    12 pNy1         0.00000e+00  constant
    13 w_y          0.00000e+00  constant
    14 ANy2         1.07160e-02  1.00000e-04     no limits
    15 pNy2         5.64757e+00  constant
    16 w_vw         1.43013e+01  constant
    17 LM          -2.80163e-05  constant
    18 wCBO_expCoeff   2.00000e+02  1.00000e+00     no limits
    19 wCBO_expOffset   2.00000e+02  1.00000e+00     no limits
    20 wCBO_expT    3.00000e+01  1.00000e+00     no limits
    21 wCBO_linCoeff   0.00000e+00  constant
    22 wCBO_const   0.00000e+00  1.00000e-02     no limits
MINUIT - FIT ONLY WIGGLE
 **********
 **    3 **FIX            5
 **********
 PARAMETER    5  IS CONSTANT.   IGNORED.
 **********
 **    4 **FIX            6
 **********
 **********
 **    5 **FIX            7
 **********
 **********
 **    6 **FIX            8
 **********
 **********
 **    7 **FIX            9
 **********
 PARAMETER    9  IS CONSTANT.   IGNORED.
 **********
 **    8 **FIX           10
 **********
 PARAMETER   10  IS CONSTANT.   IGNORED.
 **********
 **    9 **FIX           11
 **********
 PARAMETER   11  IS CONSTANT.   IGNORED.
 **********
 **   10 **FIX           12
 **********
 PARAMETER   12  IS CONSTANT.   IGNORED.
 **********
 **   11 **FIX           13
 **********
 PARAMETER   13  IS CONSTANT.   IGNORED.
 **********
 **   12 **FIX           14
 **********
 **********
 **   13 **FIX           15
 **********
 PARAMETER   15  IS CONSTANT.   IGNORED.
 **********
 **   14 **FIX           16
 **********
 PARAMETER   16  IS CONSTANT.   IGNORED.
 **********
 **   15 **MIGRAD
 **********
 FIRST CALL TO USER FUNCTION AT NEW START POINT, WITH IFLAG=4.
 START MIGRAD MINIMIZATION.  STRATEGY  1.  CONVERGENCE WHEN EDM .LT. 1.00e-04
 FCN=2795.81 FROM MIGRAD    STATUS=INITIATE       34 CALLS          35 TOTAL
                     EDM= unknown      STRATEGY= 1      NO ERROR MATRIX       
  EXT PARAMETER               CURRENT GUESS       STEP         FIRST   
  NO.   NAME      VALUE            ERROR          SIZE      DERIVATIVE 
   1  N0           2.79076e+06   1.00000e+02   1.00000e+02   1.81919e-02
   2  tau          6.44052e+01   constant   
   3  A0           3.51393e-01   1.00000e-04   1.00000e-04   8.42086e+03
   4  phi          4.11695e+00   1.00000e-02   1.00000e-02   1.46471e+03
   5  R           -6.00435e+01   constant   
   6  A_CBO        4.57048e-03     fixed    
   7  w_CBO        2.32617e+00     fixed    
   8  phi_CBO      6.03751e+00     fixed    
   9  ANx2         5.96878e-04   constant   
  10  pNx2         1.09681e+00   constant   
  11  ANy1         0.00000e+00   constant   
  12  pNy1         0.00000e+00   constant   
  13  w_y          0.00000e+00   constant   
  14  ANy2         1.07160e-02     fixed    
  15  pNy2         5.64757e+00   constant   
  16  w_vw         1.43013e+01   constant   
  17  LM          -2.80163e-05   constant   
  18  wCBO_expCoeff   2.00000e+02   1.00000e+00   1.00000e+00   1.67202e+05
  19  wCBO_expOffset   2.00000e+02   1.00000e+00   1.00000e+00   1.66640e+05
  20  wCBO_expT    3.00000e+01   1.00000e+00   1.00000e+00   1.99460e+05
  21  wCBO_linCoeff   0.00000e+00   constant   
  22  wCBO_const   0.00000e+00   1.00000e-02   1.00000e-02   3.57096e+04
 MIGRAD FAILS TO FIND IMPROVEMENT
 FCN=2753.21 FROM HESSE     STATUS=NOT POSDEF     54 CALLS         721 TOTAL
                     EDM=6.80681    STRATEGY= 1      ERR MATRIX NOT POS-DEF
  EXT PARAMETER                APPROXIMATE        STEP         FIRST   
  NO.   NAME      VALUE            ERROR          SIZE      DERIVATIVE 
   1  N0           2.78871e+06   6.77497e+02   1.14068e+01   1.45181e-03
   2  tau          6.44052e+01   constant   
   3  A0           3.51145e-01   2.47458e-04   5.43923e-06  -5.75677e+02
   4  phi          4.11682e+00   6.75088e-04   1.61538e-05   3.36869e+02
   5  R           -6.00435e+01   constant   
   6  A_CBO        4.57048e-03     fixed    
   7  w_CBO        2.32617e+00     fixed    
   8  phi_CBO      6.03751e+00     fixed    
   9  ANx2         5.96878e-04   constant   
  10  pNx2         1.09681e+00   constant   
  11  ANy1         0.00000e+00   constant   
  12  pNy1         0.00000e+00   constant   
  13  w_y          0.00000e+00   constant   
  14  ANy2         1.07160e-02     fixed    
  15  pNy2         5.64757e+00   constant   
  16  w_vw         1.43013e+01   constant   
  17  LM          -2.80163e-05   constant   
  18  wCBO_expCoeff   1.99999e+02   5.33934e-04   9.53670e-05  -5.15988e+03
  19  wCBO_expOffset   2.00000e+02   3.92381e-05   9.53675e-05  -3.43251e+04
  20  wCBO_expT    3.00001e+01   4.25425e-05   1.43052e-05   1.55693e+05
  21  wCBO_linCoeff   0.00000e+00   constant   
  22  wCBO_const  -4.85993e-04   1.38577e-03   4.94709e-06  -1.55498e+03
 MIGRAD FAILS TO FIND IMPROVEMENT
 MIGRAD TERMINATED WITHOUT CONVERGENCE.
 FCN=2704.7 FROM MIGRAD    STATUS=FAILED        889 CALLS         890 TOTAL
                     EDM=10.4846    STRATEGY= 1      ERR MATRIX NOT POS-DEF
  EXT PARAMETER                APPROXIMATE        STEP         FIRST   
  NO.   NAME      VALUE            ERROR          SIZE      DERIVATIVE 
   1  N0           2.78786e+06   4.38601e+02   0.00000e+00  -7.17258e-03
   2  tau          6.44052e+01   constant   
   3  A0           3.51015e-01   2.12264e-04   0.00000e+00  -2.12287e+03
   4  phi          4.11697e+00   6.32117e-04  -0.00000e+00  -6.22957e+01
   5  R           -6.00435e+01   constant   
   6  A_CBO        4.57048e-03     fixed    
   7  w_CBO        2.32617e+00     fixed    
   8  phi_CBO      6.03751e+00     fixed    
   9  ANx2         5.96878e-04   constant   
  10  pNx2         1.09681e+00   constant   
  11  ANy1         0.00000e+00   constant   
  12  pNy1         0.00000e+00   constant   
  13  w_y          0.00000e+00   constant   
  14  ANy2         1.07160e-02     fixed    
  15  pNy2         5.64757e+00   constant   
  16  w_vw         1.43013e+01   constant   
  17  LM          -2.80163e-05   constant   
  18  wCBO_expCoeff   1.99993e+02   9.42808e-04   0.00000e+00   3.68257e+04
  19  wCBO_expOffset   2.00000e+02   5.25278e-05   0.00000e+00   4.02282e+04
  20  wCBO_expT    2.99996e+01   7.77277e-05   0.00000e+00  -3.06986e+05
  21  wCBO_linCoeff   0.00000e+00   constant   
  22  wCBO_const   1.33628e-02   2.06843e-03  -0.00000e+00   7.87262e+03
 EXTERNAL ERROR MATRIX.    NDIM=  25    NPAR=  7    ERR DEF=1
  1.924e+05  1.428e-04  1.166e-02 -9.053e-02  2.430e-03 -4.586e-03  1.324e-01 
  1.428e-04  4.506e-08 -2.258e-09 -4.410e-09  7.181e-10 -2.029e-10 -1.180e-08 
  1.166e-02 -2.258e-09  3.996e-07 -2.131e-08 -1.761e-09 -1.248e-09  8.673e-08 
 -9.053e-02 -4.410e-09 -2.131e-08  8.889e-07  4.089e-08  7.178e-08 -1.893e-06 
  2.430e-03  7.181e-10 -1.761e-09  4.089e-08  2.759e-09  3.651e-09 -9.637e-08 
 -4.586e-03 -2.029e-10 -1.248e-09  7.178e-08  3.651e-09  6.042e-09 -1.531e-07 
  1.324e-01 -1.180e-08  8.673e-08 -1.893e-06 -9.637e-08 -1.531e-07  4.278e-06 
ERR MATRIX NOT POS-DEF
 PARAMETER  CORRELATION COEFFICIENTS  
       NO.  GLOBAL      1      3      4     18     19     20     22
        1  0.56432   1.000  0.002  0.042 -0.219  0.105 -0.135  0.146
        3  0.22465   0.002  1.000 -0.017 -0.022  0.064 -0.012 -0.027
        4  0.15764   0.042 -0.017  1.000 -0.036 -0.053 -0.025  0.066
       18  0.99869  -0.219 -0.022 -0.036  1.000  0.826  0.980 -0.971
       19  0.99065   0.105  0.064 -0.053  0.826  1.000  0.894 -0.887
       20  0.99795  -0.135 -0.012 -0.025  0.980  0.894  1.000 -0.952
       22  0.99596   0.146 -0.027  0.066 -0.971 -0.887 -0.952  1.000
 ERR MATRIX NOT POS-DEF
MINUIT - FIT ONLY 1-CBO + other amplitudes 
 **********
 **   16 **RES 
 **********
                   PARAMETER   14  ANy2 RESTORED TO VARIABLE.
                   PARAMETER    8  phi_CBO RESTORED TO VARIABLE.
                   PARAMETER    7  w_CBO RESTORED TO VARIABLE.
                   PARAMETER    6  A_CBO RESTORED TO VARIABLE.
 **********
 **   17 **FIX            0
 **********
 PARAMETER    0  IS UNDEFINED. IGNORED.
 **********
 **   18 **FIX            1
 **********
 **********
 **   19 **FIX            2
 **********
 PARAMETER    2  IS CONSTANT.   IGNORED.
 **********
 **   20 **FIX            3
 **********
 **********
 **   21 **FIX            4
 **********
 **********
 **   22 **FIX            9
 **********
 PARAMETER    9  IS CONSTANT.   IGNORED.
 **********
 **   23 **FIX           11
 **********
 PARAMETER   11  IS CONSTANT.   IGNORED.
 **********
 **   24 **FIX           12
 **********
 PARAMETER   12  IS CONSTANT.   IGNORED.
 **********
 **   25 **FIX           14
 **********
 **********
 **   26 **FIX           15
 **********
 PARAMETER   15  IS CONSTANT.   IGNORED.
 **********
 **   27 **FIX           16
 **********
 PARAMETER   16  IS CONSTANT.   IGNORED.
 **********
 **   28 **MIGRAD
 **********
 START MIGRAD MINIMIZATION.  STRATEGY  1.  CONVERGENCE WHEN EDM .LT. 1.00e-04
 FCN=2704.7 FROM MIGRAD    STATUS=INITIATE       20 CALLS         910 TOTAL
                     EDM= unknown      STRATEGY= 1      NO ERROR MATRIX       
  EXT PARAMETER               CURRENT GUESS       STEP         FIRST   
  NO.   NAME      VALUE            ERROR          SIZE      DERIVATIVE 
   1  N0           2.78786e+06     fixed    
   2  tau          6.44052e+01   constant   
   3  A0           3.51015e-01     fixed    
   4  phi          4.11697e+00     fixed    
   5  R           -6.00435e+01   constant   
   6  A_CBO        4.57048e-03   1.00000e-05   1.00000e-05   8.90689e+04
   7  w_CBO        2.32617e+00   1.00000e-03   1.00000e-03   2.91809e+06
   8  phi_CBO      6.03751e+00   1.00000e-04   1.00000e-04   5.63917e+01
   9  ANx2         5.96878e-04   constant   
  10  pNx2         1.09681e+00   constant   
  11  ANy1         0.00000e+00   constant   
  12  pNy1         0.00000e+00   constant   
  13  w_y          0.00000e+00   constant   
  14  ANy2         1.07160e-02     fixed    
  15  pNy2         5.64757e+00   constant   
  16  w_vw         1.43013e+01   constant   
  17  LM          -2.80163e-05   constant   
  18  wCBO_expCoeff   1.99993e+02   9.42808e-04   0.00000e+00   3.68257e+04
  19  wCBO_expOffset   2.00000e+02   5.25278e-05   0.00000e+00   4.02282e+04
  20  wCBO_expT    2.99996e+01   7.77277e-05   0.00000e+00  -3.06986e+05
  21  wCBO_linCoeff   0.00000e+00   constant   
  22  wCBO_const   1.33628e-02   2.06843e-03  -0.00000e+00   7.87262e+03
 MIGRAD FAILS TO FIND IMPROVEMENT
 FCN=2585.81 FROM HESSE     STATUS=NOT POSDEF     58 CALLS        1130 TOTAL
                     EDM=0.0343489    STRATEGY= 1      ERR MATRIX NOT POS-DEF
  EXT PARAMETER                APPROXIMATE        STEP         FIRST   
  NO.   NAME      VALUE            ERROR          SIZE      DERIVATIVE 
   1  N0           2.78786e+06     fixed    
   2  tau          6.44052e+01   constant   
   3  A0           3.51015e-01     fixed    
   4  phi          4.11697e+00     fixed    
   5  R           -6.00435e+01   constant   
   6  A_CBO        2.30114e-03   6.60314e-04   5.64488e-06   7.47849e+02
   7  w_CBO        2.32617e+00   2.92182e-06   1.10921e-06   1.05230e+05
   8  phi_CBO      5.62539e+00   3.68947e-01   2.44871e-03  -6.01454e-02
   9  ANx2         5.96878e-04   constant   
  10  pNx2         1.09681e+00   constant   
  11  ANy1         0.00000e+00   constant   
  12  pNy1         0.00000e+00   constant   
  13  w_y          0.00000e+00   constant   
  14  ANy2         1.07160e-02     fixed    
  15  pNy2         5.64757e+00   constant   
  16  w_vw         1.43013e+01   constant   
  17  LM          -2.80163e-05   constant   
  18  wCBO_expCoeff   1.99993e+02   2.51414e-04   9.53639e-05   1.22380e+03
  19  wCBO_expOffset   2.00000e+02   4.28709e-05   9.53674e-05  -1.55596e+04
  20  wCBO_expT    2.99996e+01   4.28740e-05   1.43049e-05   1.84627e+04
  21  wCBO_linCoeff   0.00000e+00   constant   
  22  wCBO_const   1.32381e-02   5.65024e-04   4.69912e-06   3.40684e+01
 MIGRAD FAILS TO FIND IMPROVEMENT
 MIGRAD TERMINATED WITHOUT CONVERGENCE.
 FCN=2585.67 FROM MIGRAD    STATUS=FAILED        796 CALLS        1686 TOTAL
                     EDM=3.9547    STRATEGY= 1      ERR MATRIX NOT POS-DEF
  EXT PARAMETER                APPROXIMATE        STEP         FIRST   
  NO.   NAME      VALUE            ERROR          SIZE      DERIVATIVE 
   1  N0           2.78786e+06     fixed    
   2  tau          6.44052e+01   constant   
   3  A0           3.51015e-01     fixed    
   4  phi          4.11697e+00     fixed    
   5  R           -6.00435e+01   constant   
   6  A_CBO        2.25291e-03   4.68560e-04  -0.00000e+00  -1.55723e+03
   7  w_CBO        2.32617e+00   5.52520e-06  -0.00000e+00   5.45787e+05
   8  phi_CBO      5.62236e+00   1.80213e-01   0.00000e+00  -7.92974e-01
   9  ANx2         5.96878e-04   constant   
  10  pNx2         1.09681e+00   constant   
  11  ANy1         0.00000e+00   constant   
  12  pNy1         0.00000e+00   constant   
  13  w_y          0.00000e+00   constant   
  14  ANy2         1.07160e-02     fixed    
  15  pNy2         5.64757e+00   constant   
  16  w_vw         1.43013e+01   constant   
  17  LM          -2.80163e-05   constant   
  18  wCBO_expCoeff   1.99992e+02   4.76424e-04  -0.00000e+00   6.34587e+03
  19  wCBO_expOffset   2.00000e+02   5.00778e-05   0.00000e+00  -2.99341e+04
  20  wCBO_expT    2.99996e+01   5.66765e-05  -0.00000e+00  -4.08097e+04
  21  wCBO_linCoeff   0.00000e+00   constant   
  22  wCBO_const   1.33041e-02   8.69918e-04   0.00000e+00   6.75108e+02
 EXTERNAL ERROR MATRIX.    NDIM=  25    NPAR=  7    ERR DEF=1
  2.195e-07  2.129e-09 -5.628e-05  1.836e-07 -2.194e-08  1.981e-08 -3.121e-07 
  2.129e-09  3.053e-11 -5.063e-07  2.513e-09 -2.428e-10  3.057e-10 -4.403e-09 
 -5.628e-05 -5.063e-07  3.248e-02 -4.368e-05  6.616e-06 -4.297e-06  8.417e-05 
  1.836e-07  2.513e-09 -4.368e-05  2.270e-07 -2.094e-08  2.636e-08 -3.796e-07 
 -2.194e-08 -2.428e-10  6.616e-06 -2.094e-08  2.508e-09 -2.335e-09  3.427e-08 
  1.981e-08  3.057e-10 -4.297e-06  2.636e-08 -2.335e-09  3.212e-09 -4.395e-08 
 -3.121e-07 -4.403e-09  8.417e-05 -3.796e-07  3.427e-08 -4.395e-08  7.568e-07 
ERR MATRIX NOT POS-DEF
 PARAMETER  CORRELATION COEFFICIENTS  
       NO.  GLOBAL      6      7      8     18     19     20     22
        6  0.99918   1.000  0.822 -0.666  0.822 -0.935  0.746 -0.766
        7  0.99996   0.822  1.000 -0.508  0.955 -0.877  0.976 -0.916
        8  0.91274  -0.666 -0.508  1.000 -0.509  0.733 -0.421  0.537
       18  0.99996   0.822  0.955 -0.509  1.000 -0.878  0.976 -0.916
       19  0.99931  -0.935 -0.877  0.733 -0.878  1.000 -0.823  0.787
       20  0.99998   0.746  0.976 -0.421  0.976 -0.823  1.000 -0.891
       22  0.99960  -0.766 -0.916  0.537 -0.916  0.787 -0.891  1.000
 ERR MATRIX NOT POS-DEF
MINUIT - FIT ONLY 1-CBO
 **********
 **   29 **RES 
 **********
                   PARAMETER   14  ANy2 RESTORED TO VARIABLE.
                   PARAMETER    4  phi RESTORED TO VARIABLE.
                   PARAMETER    3  A0 RESTORED TO VARIABLE.
                   PARAMETER    1  N0 RESTORED TO VARIABLE.
 **********
 **   30 **FIX            0
 **********
 PARAMETER    0  IS UNDEFINED. IGNORED.
 **********
 **   31 **FIX            1
 **********
 **********
 **   32 **FIX            2
 **********
 PARAMETER    2  IS CONSTANT.   IGNORED.
 **********
 **   33 **FIX            3
 **********
 **********
 **   34 **FIX            4
 **********
 **********
 **   35 **FIX            8
 **********
 **********
 **   36 **FIX            9
 **********
 PARAMETER    9  IS CONSTANT.   IGNORED.
 **********
 **   37 **FIX           11
 **********
 PARAMETER   11  IS CONSTANT.   IGNORED.
 **********
 **   38 **FIX           12
 **********
 PARAMETER   12  IS CONSTANT.   IGNORED.
 **********
 **   39 **FIX           13
 **********
 PARAMETER   13  IS CONSTANT.   IGNORED.
 **********
 **   40 **FIX           15
 **********
 PARAMETER   15  IS CONSTANT.   IGNORED.
 **********
 **   41 **FIX           16
 **********
 PARAMETER   16  IS CONSTANT.   IGNORED.
 **********
 **   42 **MIGRAD
 **********
 START MIGRAD MINIMIZATION.  STRATEGY  1.  CONVERGENCE WHEN EDM .LT. 1.00e-04
 FCN=2585.67 FROM MIGRAD    STATUS=INITIATE       16 CALLS        1702 TOTAL
                     EDM= unknown      STRATEGY= 1      NO ERROR MATRIX       
  EXT PARAMETER               CURRENT GUESS       STEP         FIRST   
  NO.   NAME      VALUE            ERROR          SIZE      DERIVATIVE 
   1  N0           2.78786e+06     fixed    
   2  tau          6.44052e+01   constant   
   3  A0           3.51015e-01     fixed    
   4  phi          4.11697e+00     fixed    
   5  R           -6.00435e+01   constant   
   6  A_CBO        2.25291e-03   4.68560e-04  -0.00000e+00  -1.55723e+03
   7  w_CBO        2.32617e+00   5.52520e-06  -0.00000e+00   5.45787e+05
   8  phi_CBO      5.62236e+00     fixed    
   9  ANx2         5.96878e-04   constant   
  10  pNx2         1.09681e+00   constant   
  11  ANy1         0.00000e+00   constant   
  12  pNy1         0.00000e+00   constant   
  13  w_y          0.00000e+00   constant   
  14  ANy2         1.07160e-02   1.00000e-04   1.00000e-04   3.99760e+05
  15  pNy2         5.64757e+00   constant   
  16  w_vw         1.43013e+01   constant   
  17  LM          -2.80163e-05   constant   
  18  wCBO_expCoeff   1.99992e+02   4.76424e-04  -0.00000e+00   6.34587e+03
  19  wCBO_expOffset   2.00000e+02   5.00778e-05   0.00000e+00  -2.99341e+04
  20  wCBO_expT    2.99996e+01   5.66765e-05  -0.00000e+00  -4.08097e+04
  21  wCBO_linCoeff   0.00000e+00   constant   
  22  wCBO_const   1.33041e-02   8.69918e-04   0.00000e+00   6.75108e+02
 MIGRAD FAILS TO FIND IMPROVEMENT
 FCN=513.861 FROM HESSE     STATUS=NOT POSDEF     54 CALLS        1920 TOTAL
                     EDM=1.48293    STRATEGY= 1      ERR MATRIX NOT POS-DEF
  EXT PARAMETER                APPROXIMATE        STEP         FIRST   
  NO.   NAME      VALUE            ERROR          SIZE      DERIVATIVE 
   1  N0           2.78786e+06     fixed    
   2  tau          6.44052e+01   constant   
   3  A0           3.51015e-01     fixed    
   4  phi          4.11697e+00     fixed    
   5  R           -6.00435e+01   constant   
   6  A_CBO        1.35637e-03   7.38679e-04   2.50686e-06   2.53090e+03
   7  w_CBO        2.32617e+00   5.73586e-06   1.10920e-06   4.59931e+05
   8  phi_CBO      5.62236e+00     fixed    
   9  ANx2         5.96878e-04   constant   
  10  pNx2         1.09681e+00   constant   
  11  ANy1         0.00000e+00   constant   
  12  pNy1         0.00000e+00   constant   
  13  w_y          0.00000e+00   constant   
  14  ANy2         3.70329e-04   3.67809e-04   2.51098e-06   1.05235e+03
  15  pNy2         5.64757e+00   constant   
  16  w_vw         1.43013e+01   constant   
  17  LM          -2.80163e-05   constant   
  18  wCBO_expCoeff   1.99992e+02   4.93878e-04   9.53638e-05   5.34290e+03
  19  wCBO_expOffset   2.00000e+02   7.18342e-05   9.53675e-05   3.53107e+04
  20  wCBO_expT    2.99996e+01   9.16308e-05   1.43049e-05  -6.61107e+04
  21  wCBO_linCoeff   0.00000e+00   constant   
  22  wCBO_const   1.16291e-02   1.41426e-03   4.32343e-06   1.35275e+03
 MIGRAD FAILS TO FIND IMPROVEMENT
 MIGRAD TERMINATED WITHOUT CONVERGENCE.
 FCN=512.496 FROM MIGRAD    STATUS=FAILED        346 CALLS        2032 TOTAL
                     EDM=1.39326    STRATEGY= 1      ERR MATRIX NOT POS-DEF
  EXT PARAMETER                APPROXIMATE        STEP         FIRST   
  NO.   NAME      VALUE            ERROR          SIZE      DERIVATIVE 
   1  N0           2.78786e+06     fixed    
   2  tau          6.44052e+01   constant   
   3  A0           3.51015e-01     fixed    
   4  phi          4.11697e+00     fixed    
   5  R           -6.00435e+01   constant   
   6  A_CBO        1.43036e-03   1.00002e+00  -0.00000e+00   5.13506e+03
   7  w_CBO        2.32618e+00   1.00002e+00  -0.00000e+00   1.00360e+06
   8  phi_CBO      5.62236e+00     fixed    
   9  ANx2         5.96878e-04   constant   
  10  pNx2         1.09681e+00   constant   
  11  ANy1         0.00000e+00   constant   
  12  pNy1         0.00000e+00   constant   
  13  w_y          0.00000e+00   constant   
  14  ANy2         3.84767e-04   1.00002e+00  -0.00000e+00   2.03144e+03
  15  pNy2         5.64757e+00   constant   
  16  w_vw         1.43013e+01   constant   
  17  LM          -2.80163e-05   constant   
  18  wCBO_expCoeff   1.99993e+02   1.00002e+00  -0.00000e+00   1.16619e+04
  19  wCBO_expOffset   2.00000e+02   1.00002e+00  -0.00000e+00   3.88814e+04
  20  wCBO_expT    2.99997e+01   1.00002e+00   0.00000e+00  -1.31767e+05
  21  wCBO_linCoeff   0.00000e+00   constant   
  22  wCBO_const   7.80667e-03   1.00000e+00  -0.00000e+00   2.37699e+03
 EXTERNAL ERROR MATRIX.    NDIM=  25    NPAR=  7    ERR DEF=1
  1.000e+00 -4.409e-09 -3.825e-08 -3.799e-07 -4.869e-08 -6.293e-08  1.800e-06 
 -4.409e-09  1.000e+00 -1.732e-09 -2.096e-08 -2.620e-09 -3.448e-09  9.899e-08 
 -3.825e-08 -1.732e-09  1.000e+00 -1.492e-07 -1.884e-08 -2.439e-08  7.162e-07 
 -3.799e-07 -2.096e-08 -1.492e-07  1.000e+00 -2.258e-07 -2.971e-07  8.530e-06 
 -4.869e-08 -2.620e-09 -1.884e-08 -2.258e-07  1.000e+00 -3.745e-08  1.076e-06 
 -6.293e-08 -3.448e-09 -2.439e-08 -2.971e-07 -3.745e-08  1.000e+00  1.426e-06 
  1.800e-06  9.899e-08  7.162e-07  8.530e-06  1.076e-06  1.426e-06  1.000e+00 
ERR MATRIX NOT POS-DEF
 PARAMETER  CORRELATION COEFFICIENTS  
       NO.  GLOBAL      6      7     14     18     19     20     22
        6  0.00000   1.000 -0.000 -0.000 -0.000 -0.000 -0.000  0.000
        7  0.00000  -0.000  1.000 -0.000 -0.000 -0.000 -0.000  0.000
       14  0.00000  -0.000 -0.000  1.000 -0.000 -0.000 -0.000  0.000
       18  0.00001  -0.000 -0.000 -0.000  1.000 -0.000 -0.000  0.000
       19  0.00000  -0.000 -0.000 -0.000 -0.000  1.000 -0.000  0.000
       20  0.00000  -0.000 -0.000 -0.000 -0.000 -0.000  1.000  0.000
       22  0.00001   0.000  0.000  0.000  0.000  0.000  0.000  1.000
 ERR MATRIX NOT POS-DEF
MINUIT - FIT ONLY 2-CBO
 **********
 **   43 **RES 
 **********
                   PARAMETER    8  phi_CBO RESTORED TO VARIABLE.
                   PARAMETER    4  phi RESTORED TO VARIABLE.
                   PARAMETER    3  A0 RESTORED TO VARIABLE.
                   PARAMETER    1  N0 RESTORED TO VARIABLE.
 **********
 **   44 **FIX            0
 **********
 PARAMETER    0  IS UNDEFINED. IGNORED.
 **********
 **   45 **FIX            1
 **********
 **********
 **   46 **FIX            2
 **********
 PARAMETER    2  IS CONSTANT.   IGNORED.
 **********
 **   47 **FIX            3
 **********
 **********
 **   48 **FIX            4
 **********
 **********
 **   49 **FIX            5
 **********
 PARAMETER    5  IS CONSTANT.   IGNORED.
 **********
 **   50 **FIX            6
 **********
 **********
 **   51 **FIX            7
 **********
 **********
 **   52 **FIX           10
 **********
 PARAMETER   10  IS CONSTANT.   IGNORED.
 **********
 **   53 **FIX           11
 **********
 PARAMETER   11  IS CONSTANT.   IGNORED.
 **********
 **   54 **FIX           12
 **********
 PARAMETER   12  IS CONSTANT.   IGNORED.
 **********
 **   55 **FIX           13
 **********
 PARAMETER   13  IS CONSTANT.   IGNORED.
 **********
 **   56 **FIX           14
 **********
 **********
 **   57 **FIX           15
 **********
 PARAMETER   15  IS CONSTANT.   IGNORED.
 **********
 **   58 **FIX           16
 **********
 PARAMETER   16  IS CONSTANT.   IGNORED.
 **********
 **   59 **MIGRAD
 **********
 START MIGRAD MINIMIZATION.  STRATEGY  1.  CONVERGENCE WHEN EDM .LT. 1.00e-04
 FCN=512.496 FROM MIGRAD    STATUS=INITIATE       12 CALLS        2044 TOTAL
                     EDM= unknown      STRATEGY= 1      NO ERROR MATRIX       
  EXT PARAMETER               CURRENT GUESS       STEP         FIRST   
  NO.   NAME      VALUE            ERROR          SIZE      DERIVATIVE 
   1  N0           2.78786e+06     fixed    
   2  tau          6.44052e+01   constant   
   3  A0           3.51015e-01     fixed    
   4  phi          4.11697e+00     fixed    
   5  R           -6.00435e+01   constant   
   6  A_CBO        1.43036e-03     fixed    
   7  w_CBO        2.32618e+00     fixed    
   8  phi_CBO      5.62236e+00   1.80213e-01   1.80213e-01   1.80360e-03
   9  ANx2         5.96878e-04   constant   
  10  pNx2         1.09681e+00   constant   
  11  ANy1         0.00000e+00   constant   
  12  pNy1         0.00000e+00   constant   
  13  w_y          0.00000e+00   constant   
  14  ANy2         3.84767e-04     fixed    
  15  pNy2         5.64757e+00   constant   
  16  w_vw         1.43013e+01   constant   
  17  LM          -2.80163e-05   constant   
  18  wCBO_expCoeff   1.99993e+02   1.00002e+00  -0.00000e+00   1.16619e+04
  19  wCBO_expOffset   2.00000e+02   1.00002e+00  -0.00000e+00   3.88814e+04
  20  wCBO_expT    2.99997e+01   1.00002e+00   0.00000e+00  -1.31767e+05
  21  wCBO_linCoeff   0.00000e+00   constant   
  22  wCBO_const   7.80667e-03   1.00000e+00  -0.00000e+00   2.37699e+03
 MIGRAD FAILS TO FIND IMPROVEMENT
 FCN=511.891 FROM HESSE     STATUS=NOT POSDEF     35 CALLS        2142 TOTAL
                     EDM=0.425086    STRATEGY= 1      ERR MATRIX NOT POS-DEF
  EXT PARAMETER                APPROXIMATE        STEP         FIRST   
  NO.   NAME      VALUE            ERROR          SIZE      DERIVATIVE 
   1  N0           2.78786e+06     fixed    
   2  tau          6.44052e+01   constant   
   3  A0           3.51015e-01     fixed    
   4  phi          4.11697e+00     fixed    
   5  R           -6.00435e+01   constant   
   6  A_CBO        1.43036e-03     fixed    
   7  w_CBO        2.32618e+00     fixed    
   8  phi_CBO      5.51728e+00   3.59290e-01   1.83489e-03  -1.54399e+00
   9  ANx2         5.96878e-04   constant   
  10  pNx2         1.09681e+00   constant   
  11  ANy1         0.00000e+00   constant   
  12  pNy1         0.00000e+00   constant   
  13  w_y          0.00000e+00   constant   
  14  ANy2         3.84767e-04     fixed    
  15  pNy2         5.64757e+00   constant   
  16  w_vw         1.43013e+01   constant   
  17  LM          -2.80163e-05   constant   
  18  wCBO_expCoeff   1.99993e+02   8.84616e-04   9.53642e-05   4.24870e+03
  19  wCBO_expOffset   2.00000e+02   5.62805e-05   9.53675e-05   1.73972e+04
  20  wCBO_expT    2.99997e+01   8.34286e-05   1.43050e-05  -5.63726e+04
  21  wCBO_linCoeff   0.00000e+00   constant   
  22  wCBO_const   7.60631e-03   1.18229e-03   4.10243e-06   1.02925e+03
 CALL LIMIT EXCEEDED IN MIGRAD.
 MIGRAD TERMINATED WITHOUT CONVERGENCE.
 FCN=511.531 FROM MIGRAD    STATUS=CALL LIMIT    838 CALLS        2870 TOTAL
                     EDM=7.40037    STRATEGY= 1      ERR MATRIX NOT POS-DEF
  EXT PARAMETER                APPROXIMATE        STEP         FIRST   
  NO.   NAME      VALUE            ERROR          SIZE      DERIVATIVE 
   1  N0           2.78786e+06     fixed    
   2  tau          6.44052e+01   constant   
   3  A0           3.51015e-01     fixed    
   4  phi          4.11697e+00     fixed    
   5  R           -6.00435e+01   constant   
   6  A_CBO        1.43036e-03     fixed    
   7  w_CBO        2.32618e+00     fixed    
   8  phi_CBO      5.73049e+00   3.77546e-01   6.61727e-04   4.88082e+00
   9  ANx2         5.96878e-04   constant   
  10  pNx2         1.09681e+00   constant   
  11  ANy1         0.00000e+00   constant   
  12  pNy1         0.00000e+00   constant   
  13  w_y          0.00000e+00   constant   
  14  ANy2         3.84767e-04     fixed    
  15  pNy2         5.64757e+00   constant   
  16  w_vw         1.43013e+01   constant   
  17  LM          -2.80163e-05   constant   
  18  wCBO_expCoeff   1.99994e+02   3.15920e-03   5.57313e-06   7.27357e+03
  19  wCBO_expOffset   2.00000e+02   2.24551e-04   3.95920e-07   1.31671e+04
  20  wCBO_expT    2.99998e+01   3.00938e-04   5.31962e-07  -6.48687e+04
  21  wCBO_linCoeff   0.00000e+00   constant   
  22  wCBO_const   5.47199e-03   6.41556e-03  -1.12964e-05   2.13961e+03
 EXTERNAL ERROR MATRIX.    NDIM=  25    NPAR=  5    ERR DEF=1
  1.425e-01  1.169e-03  8.384e-05  1.109e-04 -2.402e-03 
  1.169e-03  9.981e-06  7.053e-07  9.490e-07 -2.018e-05 
  8.384e-05  7.053e-07  5.042e-08  6.727e-08 -1.430e-06 
  1.109e-04  9.490e-07  6.727e-08  9.056e-08 -1.913e-06 
 -2.402e-03 -2.018e-05 -1.430e-06 -1.913e-06  4.116e-05 
ERR MATRIX NOT POS-DEF
 PARAMETER  CORRELATION COEFFICIENTS  
       NO.  GLOBAL      8     18     19     20     22
        8  0.99908   1.000  0.980  0.989  0.977 -0.991
       18  0.99982   0.980  1.000  0.994  0.998 -0.996
       19  0.99930   0.989  0.994  1.000  0.996 -0.992
       20  0.99955   0.977  0.998  0.996  1.000 -0.991
       22  0.99971  -0.991 -0.996 -0.992 -0.991  1.000
 ERR MATRIX NOT POS-DEF
MINUIT - FIT ONLY 1-y
 **********
 **   60 **RES 
 **********
                   PARAMETER   14  ANy2 RESTORED TO VARIABLE.
                   PARAMETER    7  w_CBO RESTORED TO VARIABLE.
                   PARAMETER    6  A_CBO RESTORED TO VARIABLE.
                   PARAMETER    4  phi RESTORED TO VARIABLE.
                   PARAMETER    3  A0 RESTORED TO VARIABLE.
                   PARAMETER    1  N0 RESTORED TO VARIABLE.
 **********
 **   61 **FIX            0
 **********
 PARAMETER    0  IS UNDEFINED. IGNORED.
 **********
 **   62 **FIX            1
 **********
 **********
 **   63 **FIX            2
 **********
 PARAMETER    2  IS CONSTANT.   IGNORED.
 **********
 **   64 **FIX            3
 **********
 **********
 **   65 **FIX            4
 **********
 **********
 **   66 **FIX            5
 **********
 PARAMETER    5  IS CONSTANT.   IGNORED.
 **********
 **   67 **FIX            6
 **********
 **********
 **   68 **FIX            7
 **********
 **********
 **   69 **FIX            8
 **********
 **********
 **   70 **FIX            9
 **********
 PARAMETER    9  IS CONSTANT.   IGNORED.
 **********
 **   71 **FIX           13
 **********
 PARAMETER   13  IS CONSTANT.   IGNORED.
 **********
 **   72 **FIX           14
 **********
 **********
 **   73 **FIX           15
 **********
 PARAMETER   15  IS CONSTANT.   IGNORED.
 **********
 **   74 **FIX           16
 **********
 PARAMETER   16  IS CONSTANT.   IGNORED.
 **********
 **   75 **MIGRAD
 **********
 START MIGRAD MINIMIZATION.  STRATEGY  1.  CONVERGENCE WHEN EDM .LT. 1.00e-04
 FCN=511.531 FROM MIGRAD    STATUS=INITIATE        8 CALLS        2878 TOTAL
                     EDM= unknown      STRATEGY= 1      NO ERROR MATRIX       
  EXT PARAMETER               CURRENT GUESS       STEP         FIRST   
  NO.   NAME      VALUE            ERROR          SIZE      DERIVATIVE 
   1  N0           2.78786e+06     fixed    
   2  tau          6.44052e+01   constant   
   3  A0           3.51015e-01     fixed    
   4  phi          4.11697e+00     fixed    
   5  R           -6.00435e+01   constant   
   6  A_CBO        1.43036e-03     fixed    
   7  w_CBO        2.32618e+00     fixed    
   8  phi_CBO      5.73049e+00     fixed    
   9  ANx2         5.96878e-04   constant   
  10  pNx2         1.09681e+00   constant   
  11  ANy1         0.00000e+00   constant   
  12  pNy1         0.00000e+00   constant   
  13  w_y          0.00000e+00   constant   
  14  ANy2         3.84767e-04     fixed    
  15  pNy2         5.64757e+00   constant   
  16  w_vw         1.43013e+01   constant   
  17  LM          -2.80163e-05   constant   
  18  wCBO_expCoeff   1.99994e+02   3.15920e-03   5.57313e-06   7.27357e+03
  19  wCBO_expOffset   2.00000e+02   2.24551e-04   3.95920e-07   1.31671e+04
  20  wCBO_expT    2.99998e+01   3.00938e-04   5.31962e-07  -6.48687e+04
  21  wCBO_linCoeff   0.00000e+00   constant   
  22  wCBO_const   5.47199e-03   6.41556e-03  -1.12964e-05   2.13961e+03
 MIGRAD FAILS TO FIND IMPROVEMENT
 FCN=511.38 FROM HESSE     STATUS=NOT POSDEF     29 CALLS        3250 TOTAL
                     EDM=0.0500999    STRATEGY= 1      ERR MATRIX NOT POS-DEF
  EXT PARAMETER                APPROXIMATE        STEP         FIRST   
  NO.   NAME      VALUE            ERROR          SIZE      DERIVATIVE 
   1  N0           2.78786e+06     fixed    
   2  tau          6.44052e+01   constant   
   3  A0           3.51015e-01     fixed    
   4  phi          4.11697e+00     fixed    
   5  R           -6.00435e+01   constant   
   6  A_CBO        1.43036e-03     fixed    
   7  w_CBO        2.32618e+00     fixed    
   8  phi_CBO      5.73049e+00     fixed    
   9  ANx2         5.96878e-04   constant   
  10  pNx2         1.09681e+00   constant   
  11  ANy1         0.00000e+00   constant   
  12  pNy1         0.00000e+00   constant   
  13  w_y          0.00000e+00   constant   
  14  ANy2         3.84767e-04     fixed    
  15  pNy2         5.64757e+00   constant   
  16  w_vw         1.43013e+01   constant   
  17  LM          -2.80163e-05   constant   
  18  wCBO_expCoeff   1.99994e+02   9.29551e-04   9.53647e-05   3.27611e+03
  19  wCBO_expOffset   2.00000e+02   4.71243e-05   9.53676e-05   2.09778e+04
  20  wCBO_expT    2.99998e+01   9.65547e-05   1.43050e-05  -3.73285e+04
  21  wCBO_linCoeff   0.00000e+00   constant   
  22  wCBO_const   5.30532e-03   1.06443e-03   4.12504e-06   1.02852e+03
 CALL LIMIT EXCEEDED IN MIGRAD.
 MIGRAD TERMINATED WITHOUT CONVERGENCE.
 FCN=510.305 FROM MIGRAD    STATUS=CALL LIMIT    682 CALLS        3552 TOTAL
                     EDM=5.78175    STRATEGY= 1      ERR MATRIX NOT POS-DEF
  EXT PARAMETER                APPROXIMATE        STEP         FIRST   
  NO.   NAME      VALUE            ERROR          SIZE      DERIVATIVE 
   1  N0           2.78786e+06     fixed    
   2  tau          6.44052e+01   constant   
   3  A0           3.51015e-01     fixed    
   4  phi          4.11697e+00     fixed    
   5  R           -6.00435e+01   constant   
   6  A_CBO        1.43036e-03     fixed    
   7  w_CBO        2.32618e+00     fixed    
   8  phi_CBO      5.73049e+00     fixed    
   9  ANx2         5.96878e-04   constant   
  10  pNx2         1.09681e+00   constant   
  11  ANy1         0.00000e+00   constant   
  12  pNy1         0.00000e+00   constant   
  13  w_y          0.00000e+00   constant   
  14  ANy2         3.84767e-04     fixed    
  15  pNy2         5.64757e+00   constant   
  16  w_vw         1.43013e+01   constant   
  17  LM          -2.80163e-05   constant   
  18  wCBO_expCoeff   1.99996e+02   2.66612e-03   1.19232e-06   3.19224e+03
  19  wCBO_expOffset   2.00000e+02   1.44437e-04   6.53783e-08  -1.93867e+04
  20  wCBO_expT    2.99999e+01   1.73052e-04   7.73863e-08  -4.27706e+04
  21  wCBO_linCoeff   0.00000e+00   constant   
  22  wCBO_const   2.13046e-03   7.45364e-03  -3.31545e-06   4.17944e+02
 EXTERNAL ERROR MATRIX.    NDIM=  25    NPAR=  4    ERR DEF=1
  7.108e-06  3.798e-07  4.598e-07 -1.966e-05 
  3.798e-07  2.086e-08  2.458e-08 -1.062e-06 
  4.598e-07  2.458e-08  2.995e-08 -1.258e-06 
 -1.966e-05 -1.062e-06 -1.258e-06  5.556e-05 
ERR MATRIX NOT POS-DEF
 PARAMETER  CORRELATION COEFFICIENTS  
       NO.  GLOBAL     18     19     20     22
       18  1.00000   1.000  0.986  0.996 -0.989
       19  0.99995   0.986  1.000  0.984 -0.987
       20  1.00000   0.996  0.984  1.000 -0.975
       22  0.99999  -0.989 -0.987 -0.975  1.000
 ERR MATRIX NOT POS-DEF
MINUIT - FIT ONLY 2-y
 **********
 **   76 **RES 
 **********
                   PARAMETER   14  ANy2 RESTORED TO VARIABLE.
                   PARAMETER    8  phi_CBO RESTORED TO VARIABLE.
                   PARAMETER    7  w_CBO RESTORED TO VARIABLE.
                   PARAMETER    6  A_CBO RESTORED TO VARIABLE.
                   PARAMETER    4  phi RESTORED TO VARIABLE.
                   PARAMETER    3  A0 RESTORED TO VARIABLE.
                   PARAMETER    1  N0 RESTORED TO VARIABLE.
 **********
 **   77 **FIX            0
