 + ++++++++++++++++++++++++++++++++++++++++++++++++++++++++++++++++++++ +
 +                                                                      +
 +           You have chose to blind your fitting according to          +
 +                omega_ref * (1 + (R +/- deltaR) *10^{-6})             +
 +                                                                      +
 + ++++++++++++++++++++++++++++++++++++++++++++++++++++++++++++++++++++ +
In main()...
reading format from /gm2data/zkhechad/run45/envelope/formats/formatB_sBin_constraintOn.txt
pBinTau 	= 0  
pBinPhi 	= 0  
constraintau 	= 1 
includeMopTerm 	= 0    
constrainMop    = 0   
Parameters after format file: pBinTau 0 pBinPhi 0 constraintau 1 includeMopTerm 0 constrainMop 0 c_e_scale 0.000000 
reading cbo reference file (full fit) from /gm2data/zkhechad/cboTemplates/Run4CBOTemplates/fullFits/run4/sBin_constraintOn_cE0.0_seed0_run4_calo3.root
A_CBO 0.008872 w_CBO 2.326183 phi_CBO 4.278101 N0 2792933.794534 R -61.131445 tau 64.392950 
Reading cboRef file /gm2data/zkhechad/cboTemplates/Run4CBOTemplates//cboIsolate/run4_calo3.root
deltaT 5.547424
windowBins = 120
fitting sliding window 60 from bin 263 at 39.239600 to bin 383 at 57.143600 (120 bins)

Reading data from /gm2data/cornell/histograms/aMethod/histogram_a_run4.root
fitting cbo isolate
 **********
 **    1 **SET PRINTOUT            1
 **********
 **********
 **    2 **SET NOWARNINGS 
 **********
 PARAMETER DEFINITIONS:
    NO.   NAME         VALUE      STEP SIZE      LIMITS
     1 A_CBO        8.87236e-03  1.00000e-05     no limits
     2 w_CBO        2.32618e+00  1.00000e-02    2.00000e+00  3.00000e+00
     3 phi_CBO      4.27810e+00  1.00000e-02    0.00000e+00  6.28319e+00
 **********
 **    3 **MIGRAD
 **********
 FIRST CALL TO USER FUNCTION AT NEW START POINT, WITH IFLAG=4.
 START MIGRAD MINIMIZATION.  STRATEGY  1.  CONVERGENCE WHEN EDM .LT. 1.00e-04
 FCN=0.00017781 FROM MIGRAD    STATUS=INITIATE       12 CALLS          13 TOTAL
                     EDM= unknown      STRATEGY= 1      NO ERROR MATRIX       
  EXT PARAMETER               CURRENT GUESS       STEP         FIRST   
  NO.   NAME      VALUE            ERROR          SIZE      DERIVATIVE 
   1  A_CBO        8.87236e-03   1.00000e-05   1.00000e-05   1.59202e-01
   2  w_CBO        2.32618e+00   1.00000e-02   2.13326e-02  -8.54173e-03
   3  phi_CBO      4.27810e+00   1.00000e-02   3.41436e-03   1.12320e-03
 MIGRAD MINIMIZATION HAS CONVERGED.
 MIGRAD WILL VERIFY CONVERGENCE AND ERROR MATRIX.
 COVARIANCE MATRIX CALCULATED SUCCESSFULLY
 FCN=6.30227e-05 FROM MIGRAD    STATUS=CONVERGED      46 CALLS          47 TOTAL
                     EDM=4.71058e-07    STRATEGY= 1      ERROR MATRIX ACCURATE 
  EXT PARAMETER                                   STEP         FIRST   
  NO.   NAME      VALUE            ERROR          SIZE      DERIVATIVE 
   1  A_CBO        7.53484e-03   1.29736e-01   6.31060e-05  -8.47492e-04
   2  w_CBO        2.32670e+00   6.03455e-01   3.65262e-04   1.60436e-04
   3  phi_CBO      4.25195e+00   5.25046e+00   2.80497e-03  -2.58258e-06
 EXTERNAL ERROR MATRIX.    NDIM=  25    NPAR=  3    ERR DEF=1
  1.683e-02 -3.289e-02 -1.547e+00 
 -3.289e-02  1.015e+01  4.871e+02 
 -1.547e+00  4.871e+02  2.366e+04 
 PARAMETER  CORRELATION COEFFICIENTS  
       NO.  GLOBAL      1      2      3
        1  0.08076   1.000 -0.080 -0.078
        2  0.99380  -0.080  1.000  0.994
        3  0.99380  -0.078  0.994  1.000
setting A_CBO=0.007535 w_CBO=2.326697, phi_CBO=4.251952
done fitting cbo isolate
 **********
 **    1 **SET PRINTOUT            1
 **********
 **********
 **    2 **SET NOWARNINGS 
 **********
 PARAMETER DEFINITIONS:
    NO.   NAME         VALUE      STEP SIZE      LIMITS
     1 N0           2.79293e+06  1.00000e+02     no limits
     2 tau          6.43930e+01  constant
     3 A0           3.56510e-01  1.00000e-04     no limits
     4 phi          4.11711e+00  1.00000e-02     no limits
     5 R           -6.11314e+01  constant
     6 A_CBO        7.53484e-03  1.00000e-05     no limits
     7 w_CBO        2.32670e+00  1.00000e-03     no limits
     8 phi_CBO      4.25195e+00  1.00000e-04     no limits
     9 ANx2         3.99781e-04  constant
    10 pNx2         4.45174e+00  constant
    11 ANy1         0.00000e+00  constant
    12 pNy1         0.00000e+00  constant
    13 w_y          0.00000e+00  constant
    14 ANy2         9.79441e-03  1.00000e-04     no limits
    15 pNy2         4.41741e+00  constant
    16 w_vw         1.43026e+01  constant
    17 LM          -4.33674e-04  constant
    18 wCBO_expCoeff   2.00000e+02  1.00000e+00     no limits
    19 wCBO_expOffset   2.00000e+02  1.00000e+00     no limits
    20 wCBO_expT    3.00000e+01  1.00000e+00     no limits
    21 wCBO_linCoeff   0.00000e+00  constant
    22 wCBO_const   0.00000e+00  1.00000e-02     no limits
MINUIT - FIT ONLY WIGGLE
 **********
 **    3 **FIX            5
 **********
 PARAMETER    5  IS CONSTANT.   IGNORED.
 **********
 **    4 **FIX            6
 **********
 **********
 **    5 **FIX            7
 **********
 **********
 **    6 **FIX            8
 **********
 **********
 **    7 **FIX            9
 **********
 PARAMETER    9  IS CONSTANT.   IGNORED.
 **********
 **    8 **FIX           10
 **********
 PARAMETER   10  IS CONSTANT.   IGNORED.
 **********
 **    9 **FIX           11
 **********
 PARAMETER   11  IS CONSTANT.   IGNORED.
 **********
 **   10 **FIX           12
 **********
 PARAMETER   12  IS CONSTANT.   IGNORED.
 **********
 **   11 **FIX           13
 **********
 PARAMETER   13  IS CONSTANT.   IGNORED.
 **********
 **   12 **FIX           14
 **********
 **********
 **   13 **FIX           15
 **********
 PARAMETER   15  IS CONSTANT.   IGNORED.
 **********
 **   14 **FIX           16
 **********
 PARAMETER   16  IS CONSTANT.   IGNORED.
 **********
 **   15 **MIGRAD
 **********
 FIRST CALL TO USER FUNCTION AT NEW START POINT, WITH IFLAG=4.
 START MIGRAD MINIMIZATION.  STRATEGY  1.  CONVERGENCE WHEN EDM .LT. 1.00e-04
 FCN=9093.38 FROM MIGRAD    STATUS=INITIATE       53 CALLS          54 TOTAL
                     EDM= unknown      STRATEGY= 1      NO ERROR MATRIX       
  EXT PARAMETER               CURRENT GUESS       STEP         FIRST   
  NO.   NAME      VALUE            ERROR          SIZE      DERIVATIVE 
   1  N0           2.79293e+06   1.00000e+02   0.00000e+00  -3.67928e-02
   2  tau          6.43930e+01   constant   
   3  A0           3.56510e-01   1.00000e-04   0.00000e+00   1.02725e+04
   4  phi          4.11711e+00   1.00000e-02   0.00000e+00   2.30760e+04
   5  R           -6.11314e+01   constant   
   6  A_CBO        7.53484e-03     fixed    
   7  w_CBO        2.32670e+00     fixed    
   8  phi_CBO      4.25195e+00     fixed    
   9  ANx2         3.99781e-04   constant   
  10  pNx2         4.45174e+00   constant   
  11  ANy1         0.00000e+00   constant   
  12  pNy1         0.00000e+00   constant   
  13  w_y          0.00000e+00   constant   
  14  ANy2         9.79441e-03     fixed    
  15  pNy2         4.41741e+00   constant   
  16  w_vw         1.43026e+01   constant   
  17  LM          -4.33674e-04   constant   
  18  wCBO_expCoeff   1.99999e+02   1.00000e+00  -5.35212e-04   6.25744e+06
  19  wCBO_expOffset   2.00000e+02   1.00000e+00   0.00000e+00  -1.04817e+07
  20  wCBO_expT    3.00000e+01   1.00000e+00   0.00000e+00  -8.50084e+07
  21  wCBO_linCoeff   0.00000e+00   constant   
  22  wCBO_const   0.00000e+00   1.00000e-02   0.00000e+00   1.16583e+05
 MIGRAD FAILS TO FIND IMPROVEMENT
 FCN=9093.38 FROM HESSE     STATUS=NOT POSDEF     56 CALLS         121 TOTAL
                     EDM=105855    STRATEGY= 1      ERR MATRIX NOT POS-DEF
  EXT PARAMETER                APPROXIMATE        STEP         FIRST   
  NO.   NAME      VALUE            ERROR          SIZE      DERIVATIVE 
   1  N0           2.79293e+06   8.63242e+02   1.20116e+01  -3.67928e-02
   2  tau          6.43930e+01   constant   
   3  A0           3.56510e-01   2.94939e-04   5.71237e-06   1.02725e+04
   4  phi          4.11711e+00   2.21201e-03   1.65965e-05   2.30760e+04
   5  R           -6.11314e+01   constant   
   6  A_CBO        7.53484e-03     fixed    
   7  w_CBO        2.32670e+00     fixed    
   8  phi_CBO      4.25195e+00     fixed    
   9  ANx2         3.99781e-04   constant   
  10  pNx2         4.45174e+00   constant   
  11  ANy1         0.00000e+00   constant   
  12  pNy1         0.00000e+00   constant   
  13  w_y          0.00000e+00   constant   
  14  ANy2         9.79441e-03     fixed    
  15  pNy2         4.41741e+00   constant   
  16  w_vw         1.43026e+01   constant   
  17  LM          -4.33674e-04   constant   
  18  wCBO_expCoeff   1.99999e+02   2.52348e-05   9.53672e-05   1.50737e+07
  19  wCBO_expOffset   2.00000e+02   2.75203e-05   9.53674e-05  -1.71901e+07
  20  wCBO_expT    3.00000e+01   2.22054e-06   1.43051e-05  -4.10922e+08
  21  wCBO_linCoeff   0.00000e+00   constant   
  22  wCBO_const   0.00000e+00   2.33603e-03   1.24199e-05   1.16583e+05
 MIGRAD FAILS TO FIND IMPROVEMENT
 MIGRAD TERMINATED WITHOUT CONVERGENCE.
 FCN=9093.38 FROM MIGRAD    STATUS=FAILED        131 CALLS         132 TOTAL
                     EDM=105855    STRATEGY= 1      ERR MATRIX NOT POS-DEF
  EXT PARAMETER                APPROXIMATE        STEP         FIRST   
  NO.   NAME      VALUE            ERROR          SIZE      DERIVATIVE 
   1  N0           2.79293e+06   8.63242e+02  -0.00000e+00  -3.67928e-02
   2  tau          6.43930e+01   constant   
   3  A0           3.56510e-01   2.94939e-04   0.00000e+00   1.02725e+04
   4  phi          4.11711e+00   2.21201e-03   0.00000e+00   2.30760e+04
   5  R           -6.11314e+01   constant   
   6  A_CBO        7.53484e-03     fixed    
   7  w_CBO        2.32670e+00     fixed    
   8  phi_CBO      4.25195e+00     fixed    
   9  ANx2         3.99781e-04   constant   
  10  pNx2         4.45174e+00   constant   
  11  ANy1         0.00000e+00   constant   
  12  pNy1         0.00000e+00   constant   
  13  w_y          0.00000e+00   constant   
  14  ANy2         9.79441e-03     fixed    
  15  pNy2         4.41741e+00   constant   
  16  w_vw         1.43026e+01   constant   
  17  LM          -4.33674e-04   constant   
  18  wCBO_expCoeff   1.99999e+02   2.52348e-05   0.00000e+00   1.50737e+07
  19  wCBO_expOffset   2.00000e+02   2.75203e-05   0.00000e+00  -1.71901e+07
  20  wCBO_expT    3.00000e+01   2.22054e-06   0.00000e+00  -4.10922e+08
  21  wCBO_linCoeff   0.00000e+00   constant   
  22  wCBO_const   0.00000e+00   2.33603e-03   0.00000e+00   1.16583e+05
 EXTERNAL ERROR MATRIX.    NDIM=  25    NPAR=  7    ERR DEF=1
  7.452e+05 -2.297e-01 -1.830e+00 -2.105e-02 -2.290e-02 -1.841e-03 -1.942e+00 
 -2.297e-01  8.699e-08  6.054e-07  6.955e-09  7.563e-09  6.096e-10  6.415e-07 
 -1.830e+00  6.054e-07  4.893e-06  5.519e-08  5.997e-08  4.845e-09  5.081e-06 
 -2.105e-02  6.955e-09  5.519e-08  6.368e-10  6.907e-10  5.543e-11  5.851e-08 
 -2.290e-02  7.563e-09  5.997e-08  6.907e-10  7.574e-10  6.001e-11  6.393e-08 
 -1.841e-03  6.096e-10  4.845e-09  5.543e-11  6.001e-11  4.931e-12  5.104e-09 
 -1.942e+00  6.415e-07  5.081e-06  5.851e-08  6.393e-08  5.104e-09  5.457e-06 
ERR MATRIX NOT POS-DEF
 PARAMETER  CORRELATION COEFFICIENTS  
       NO.  GLOBAL      1      3      4     18     19     20     22
        1  0.96745   1.000 -0.902 -0.958 -0.966 -0.964 -0.961 -0.963
        3  0.93606  -0.902  1.000  0.928  0.934  0.932  0.931  0.931
        4  0.99066  -0.958  0.928  1.000  0.989  0.985  0.986  0.983
       18  0.99703  -0.966  0.934  0.989  1.000  0.995  0.989  0.993
       19  0.99670  -0.964  0.932  0.985  0.995  1.000  0.982  0.994
       20  0.99182  -0.961  0.931  0.986  0.989  0.982  1.000  0.984
       22  0.99532  -0.963  0.931  0.983  0.993  0.994  0.984  1.000
 ERR MATRIX NOT POS-DEF
MINUIT - FIT ONLY 1-CBO + other amplitudes 
 **********
 **   16 **RES 
 **********
                   PARAMETER   14  ANy2 RESTORED TO VARIABLE.
                   PARAMETER    8  phi_CBO RESTORED TO VARIABLE.
                   PARAMETER    7  w_CBO RESTORED TO VARIABLE.
                   PARAMETER    6  A_CBO RESTORED TO VARIABLE.
 **********
 **   17 **FIX            0
 **********
 PARAMETER    0  IS UNDEFINED. IGNORED.
 **********
 **   18 **FIX            1
 **********
 **********
 **   19 **FIX            2
 **********
 PARAMETER    2  IS CONSTANT.   IGNORED.
 **********
 **   20 **FIX            3
 **********
 **********
 **   21 **FIX            4
 **********
 **********
 **   22 **FIX            9
 **********
 PARAMETER    9  IS CONSTANT.   IGNORED.
 **********
 **   23 **FIX           11
 **********
 PARAMETER   11  IS CONSTANT.   IGNORED.
 **********
 **   24 **FIX           12
 **********
 PARAMETER   12  IS CONSTANT.   IGNORED.
 **********
 **   25 **FIX           14
 **********
 **********
 **   26 **FIX           15
 **********
 PARAMETER   15  IS CONSTANT.   IGNORED.
 **********
 **   27 **FIX           16
 **********
 PARAMETER   16  IS CONSTANT.   IGNORED.
 **********
 **   28 **MIGRAD
 **********
 START MIGRAD MINIMIZATION.  STRATEGY  1.  CONVERGENCE WHEN EDM .LT. 1.00e-04
 FCN=9093.38 FROM MIGRAD    STATUS=INITIATE       22 CALLS         154 TOTAL
                     EDM= unknown      STRATEGY= 1      NO ERROR MATRIX       
  EXT PARAMETER               CURRENT GUESS       STEP         FIRST   
  NO.   NAME      VALUE            ERROR          SIZE      DERIVATIVE 
   1  N0           2.79293e+06     fixed    
   2  tau          6.43930e+01   constant   
   3  A0           3.56510e-01     fixed    
   4  phi          4.11711e+00     fixed    
   5  R           -6.11314e+01   constant   
   6  A_CBO        7.53484e-03   1.00000e-05   1.00000e-05   6.69335e+05
   7  w_CBO        2.32670e+00   1.00000e-03   1.00000e-03   5.37862e+08
   8  phi_CBO      4.25195e+00   1.00000e-04   1.00000e-04  -1.11220e+03
   9  ANx2         3.99781e-04   constant   
  10  pNx2         4.45174e+00   constant   
  11  ANy1         0.00000e+00   constant   
  12  pNy1         0.00000e+00   constant   
  13  w_y          0.00000e+00   constant   
  14  ANy2         9.79441e-03     fixed    
  15  pNy2         4.41741e+00   constant   
  16  w_vw         1.43026e+01   constant   
  17  LM          -4.33674e-04   constant   
  18  wCBO_expCoeff   1.99999e+02   2.52348e-05   0.00000e+00   6.25744e+06
  19  wCBO_expOffset   2.00000e+02   2.75203e-05   0.00000e+00  -1.04817e+07
  20  wCBO_expT    3.00000e+01   2.22054e-06   0.00000e+00  -8.50084e+07
  21  wCBO_linCoeff   0.00000e+00   constant   
  22  wCBO_const   0.00000e+00   2.33603e-03   0.00000e+00   1.16583e+05
 MIGRAD FAILS TO FIND IMPROVEMENT
 FCN=6996.39 FROM HESSE     STATUS=NOT POSDEF     56 CALLS         259 TOTAL
                     EDM=28.0678    STRATEGY= 1      ERR MATRIX NOT POS-DEF
  EXT PARAMETER                APPROXIMATE        STEP         FIRST   
  NO.   NAME      VALUE            ERROR          SIZE      DERIVATIVE 
   1  N0           2.79293e+06     fixed    
   2  tau          6.43930e+01   constant   
   3  A0           3.56510e-01     fixed    
   4  phi          4.11711e+00     fixed    
   5  R           -6.11314e+01   constant   
   6  A_CBO        1.60824e-03   1.12008e-03   5.58004e-06  -1.80907e+03
   7  w_CBO        2.32670e+00   4.81383e-07   1.10946e-06   2.27366e+07
   8  phi_CBO      4.86804e+00   1.22495e-01   3.45481e-03  -5.52115e+01
   9  ANx2         3.99781e-04   constant   
  10  pNx2         4.45174e+00   constant   
  11  ANy1         0.00000e+00   constant   
  12  pNy1         0.00000e+00   constant   
  13  w_y          0.00000e+00   constant   
  14  ANy2         9.79441e-03     fixed    
  15  pNy2         4.41741e+00   constant   
  16  w_vw         1.43026e+01   constant   
  17  LM          -4.33674e-04   constant   
  18  wCBO_expCoeff   1.99999e+02   4.13795e-05   9.53672e-05   2.64465e+05
  19  wCBO_expOffset   2.00000e+02   3.75095e-05   9.53675e-05  -1.36829e+06
  20  wCBO_expT    3.00000e+01   3.20844e-06   1.43051e-05   1.02011e+07
  21  wCBO_linCoeff   0.00000e+00   constant   
  22  wCBO_const  -4.61758e-03   1.17746e-03   2.32627e-05   2.75332e+03
 MIGRAD FAILS TO FIND IMPROVEMENT
 MIGRAD TERMINATED WITHOUT CONVERGENCE.
 FCN=6996.39 FROM MIGRAD    STATUS=FAILED        138 CALLS         270 TOTAL
                     EDM=28.0678    STRATEGY= 1      ERR MATRIX NOT POS-DEF
  EXT PARAMETER                APPROXIMATE        STEP         FIRST   
  NO.   NAME      VALUE            ERROR          SIZE      DERIVATIVE 
   1  N0           2.79293e+06     fixed    
   2  tau          6.43930e+01   constant   
   3  A0           3.56510e-01     fixed    
   4  phi          4.11711e+00     fixed    
   5  R           -6.11314e+01   constant   
   6  A_CBO        1.60824e-03   1.12008e-03   0.00000e+00  -1.80907e+03
   7  w_CBO        2.32670e+00   4.81383e-07  -0.00000e+00   2.27366e+07
   8  phi_CBO      4.86804e+00   1.22495e-01   0.00000e+00  -5.52115e+01
   9  ANx2         3.99781e-04   constant   
  10  pNx2         4.45174e+00   constant   
  11  ANy1         0.00000e+00   constant   
  12  pNy1         0.00000e+00   constant   
  13  w_y          0.00000e+00   constant   
  14  ANy2         9.79441e-03     fixed    
  15  pNy2         4.41741e+00   constant   
  16  w_vw         1.43026e+01   constant   
  17  LM          -4.33674e-04   constant   
  18  wCBO_expCoeff   1.99999e+02   4.13795e-05  -0.00000e+00   2.64465e+05
  19  wCBO_expOffset   2.00000e+02   3.75095e-05  -0.00000e+00  -1.36829e+06
  20  wCBO_expT    3.00000e+01   3.20844e-06  -0.00000e+00   1.02011e+07
  21  wCBO_linCoeff   0.00000e+00   constant   
  22  wCBO_const  -4.61758e-03   1.17746e-03   0.00000e+00   2.75332e+03
 EXTERNAL ERROR MATRIX.    NDIM=  25    NPAR=  7    ERR DEF=1
  1.255e-06 -5.367e-10  1.225e-04 -4.614e-08 -4.177e-08 -3.551e-09  1.246e-06 
 -5.367e-10  2.317e-13 -5.246e-08  1.982e-11  1.796e-11  1.527e-12 -5.373e-10 
  1.225e-04 -5.246e-08  1.501e-02 -4.510e-06 -4.131e-06 -3.499e-07  1.284e-04 
 -4.614e-08  1.982e-11 -4.510e-06  1.712e-09  1.544e-09  1.312e-10 -4.619e-08 
 -4.177e-08  1.796e-11 -4.131e-06  1.544e-09  1.407e-09  1.186e-10 -4.171e-08 
 -3.551e-09  1.527e-12 -3.499e-07  1.312e-10  1.186e-10  1.029e-11 -3.559e-09 
  1.246e-06 -5.373e-10  1.284e-04 -4.619e-08 -4.171e-08 -3.559e-09  1.386e-06 
ERR MATRIX NOT POS-DEF
 PARAMETER  CORRELATION COEFFICIENTS  
       NO.  GLOBAL      6      7      8     18     19     20     22
        6  0.99689   1.000 -0.995  0.893 -0.995 -0.994 -0.988  0.945
        7  0.99711  -0.995  1.000 -0.890  0.995  0.995  0.988 -0.948
        8  0.91466   0.893 -0.890  1.000 -0.890 -0.899 -0.890  0.890
       18  0.99711  -0.995  0.995 -0.890  1.000  0.995  0.988 -0.948
       19  0.99651  -0.994  0.995 -0.899  0.995  1.000  0.986 -0.944
       20  0.99003  -0.988  0.988 -0.890  0.988  0.986  1.000 -0.942
       22  0.95537   0.945 -0.948  0.890 -0.948 -0.944 -0.942  1.000
 ERR MATRIX NOT POS-DEF
MINUIT - FIT ONLY 1-CBO
 **********
 **   29 **RES 
 **********
                   PARAMETER   14  ANy2 RESTORED TO VARIABLE.
                   PARAMETER    4  phi RESTORED TO VARIABLE.
                   PARAMETER    3  A0 RESTORED TO VARIABLE.
                   PARAMETER    1  N0 RESTORED TO VARIABLE.
 **********
 **   30 **FIX            0
 **********
 PARAMETER    0  IS UNDEFINED. IGNORED.
 **********
 **   31 **FIX            1
 **********
 **********
 **   32 **FIX            2
 **********
 PARAMETER    2  IS CONSTANT.   IGNORED.
 **********
 **   33 **FIX            3
 **********
 **********
 **   34 **FIX            4
 **********
 **********
 **   35 **FIX            8
 **********
 **********
 **   36 **FIX            9
 **********
 PARAMETER    9  IS CONSTANT.   IGNORED.
 **********
 **   37 **FIX           11
 **********
 PARAMETER   11  IS CONSTANT.   IGNORED.
 **********
 **   38 **FIX           12
 **********
 PARAMETER   12  IS CONSTANT.   IGNORED.
 **********
 **   39 **FIX           13
 **********
 PARAMETER   13  IS CONSTANT.   IGNORED.
 **********
 **   40 **FIX           15
 **********
 PARAMETER   15  IS CONSTANT.   IGNORED.
 **********
 **   41 **FIX           16
 **********
 PARAMETER   16  IS CONSTANT.   IGNORED.
 **********
 **   42 **MIGRAD
 **********
 START MIGRAD MINIMIZATION.  STRATEGY  1.  CONVERGENCE WHEN EDM .LT. 1.00e-04
 FCN=6996.39 FROM MIGRAD    STATUS=INITIATE       14 CALLS         284 TOTAL
                     EDM= unknown      STRATEGY= 1      NO ERROR MATRIX       
  EXT PARAMETER               CURRENT GUESS       STEP         FIRST   
  NO.   NAME      VALUE            ERROR          SIZE      DERIVATIVE 
   1  N0           2.79293e+06     fixed    
   2  tau          6.43930e+01   constant   
   3  A0           3.56510e-01     fixed    
   4  phi          4.11711e+00     fixed    
   5  R           -6.11314e+01   constant   
   6  A_CBO        1.60824e-03   1.12008e-03   0.00000e+00  -1.80907e+03
   7  w_CBO        2.32670e+00   4.81383e-07  -0.00000e+00   5.46079e+07
   8  phi_CBO      4.86804e+00     fixed    
   9  ANx2         3.99781e-04   constant   
  10  pNx2         4.45174e+00   constant   
  11  ANy1         0.00000e+00   constant   
  12  pNy1         0.00000e+00   constant   
  13  w_y          0.00000e+00   constant   
  14  ANy2         9.79441e-03   1.00000e-04   1.00000e-04   9.19259e+05
  15  pNy2         4.41741e+00   constant   
  16  w_vw         1.43026e+01   constant   
  17  LM          -4.33674e-04   constant   
  18  wCBO_expCoeff   1.99999e+02   4.13795e-05  -0.00000e+00   6.35256e+05
  19  wCBO_expOffset   2.00000e+02   3.75095e-05  -0.00000e+00  -1.42579e+06
  20  wCBO_expT    3.00000e+01   3.20844e-06  -0.00000e+00  -1.82146e+07
  21  wCBO_linCoeff   0.00000e+00   constant   
  22  wCBO_const  -4.61758e-03   1.17746e-03   0.00000e+00   2.75334e+03
 MIGRAD FAILS TO FIND IMPROVEMENT
 FCN=3424.77 FROM HESSE     STATUS=NOT POSDEF     58 CALLS         370 TOTAL
                     EDM=23821.6    STRATEGY= 1      ERR MATRIX NOT POS-DEF
  EXT PARAMETER                APPROXIMATE        STEP         FIRST   
  NO.   NAME      VALUE            ERROR          SIZE      DERIVATIVE 
   1  N0           2.79293e+06     fixed    
   2  tau          6.43930e+01   constant   
   3  A0           3.56510e-01     fixed    
   4  phi          4.11711e+00     fixed    
   5  R           -6.11314e+01   constant   
   6  A_CBO        1.62537e-03   3.58932e-04   3.93198e-06   4.72163e+04
   7  w_CBO        2.32670e+00   4.96812e-07   1.10946e-06  -2.05583e+08
   8  phi_CBO      4.86804e+00     fixed    
   9  ANx2         3.99781e-04   constant   
  10  pNx2         4.45174e+00   constant   
  11  ANy1         0.00000e+00   constant   
  12  pNy1         0.00000e+00   constant   
  13  w_y          0.00000e+00   constant   
  14  ANy2         1.97064e-03   7.05214e-05   3.72867e-06   1.86479e+04
  15  pNy2         4.41741e+00   constant   
  16  w_vw         1.43026e+01   constant   
  17  LM          -4.33674e-04   constant   
  18  wCBO_expCoeff   1.99999e+02   4.27081e-05   9.53672e-05  -2.39160e+06
  19  wCBO_expOffset   2.00000e+02   1.26940e-05   9.53675e-05  -7.26396e+06
  20  wCBO_expT    3.00000e+01   2.20814e-06   1.43051e-05   5.64435e+07
  21  wCBO_linCoeff   0.00000e+00   constant   
  22  wCBO_const  -5.02292e-03   1.02605e-02   3.38682e-05  -1.20180e+04
 MIGRAD FAILS TO FIND IMPROVEMENT
 MIGRAD TERMINATED WITHOUT CONVERGENCE.
 FCN=3379.52 FROM MIGRAD    STATUS=FAILED        133 CALLS         403 TOTAL
                     EDM=53.7033    STRATEGY= 1      ERR MATRIX NOT POS-DEF
  EXT PARAMETER                APPROXIMATE        STEP         FIRST   
  NO.   NAME      VALUE            ERROR          SIZE      DERIVATIVE 
   1  N0           2.79293e+06     fixed    
   2  tau          6.43930e+01   constant   
   3  A0           3.56510e-01     fixed    
   4  phi          4.11711e+00     fixed    
   5  R           -6.11314e+01   constant   
   6  A_CBO        1.52755e-03   8.93001e-05  -0.00000e+00   3.52141e+04
   7  w_CBO        2.32670e+00   8.66120e-08   0.00000e+00   1.43193e+08
   8  phi_CBO      4.86804e+00     fixed    
   9  ANx2         3.99781e-04   constant   
  10  pNx2         4.45174e+00   constant   
  11  ANy1         0.00000e+00   constant   
  12  pNy1         0.00000e+00   constant   
  13  w_y          0.00000e+00   constant   
  14  ANy2         1.97611e-03   6.77441e-05   0.00000e+00   4.46170e+03
  15  pNy2         4.41741e+00   constant   
  16  w_vw         1.43026e+01   constant   
  17  LM          -4.33674e-04   constant   
  18  wCBO_expCoeff   1.99999e+02   7.44548e-06   0.00000e+00   1.66581e+06
  19  wCBO_expOffset   2.00000e+02   3.06712e-06   0.00000e+00  -2.39346e+06
  20  wCBO_expT    3.00000e+01   3.91850e-07   0.00000e+00  -2.13025e+07
  21  wCBO_linCoeff   0.00000e+00   constant   
  22  wCBO_const  -7.85548e-03   1.85697e-03  -0.00000e+00   1.44623e+04
 EXTERNAL ERROR MATRIX.    NDIM=  25    NPAR=  7    ERR DEF=1
  7.975e-09 -4.659e-12 -3.306e-10 -4.005e-10 -7.935e-11 -1.222e-11  9.749e-08 
 -4.659e-12  7.502e-15  3.970e-13  4.846e-13  5.350e-14  1.188e-14 -1.395e-10 
 -3.306e-10  3.970e-13  4.589e-09  3.413e-11  5.944e-12  8.193e-13 -6.423e-09 
 -4.005e-10  4.846e-13  3.413e-11  5.544e-11  4.599e-12  1.022e-12 -1.200e-08 
 -7.935e-11  5.350e-14  5.944e-12  4.599e-12  9.407e-12  7.827e-13 -6.120e-10 
 -1.222e-11  1.188e-14  8.193e-13  1.022e-12  7.827e-13  1.535e-13 -5.693e-11 
  9.749e-08 -1.395e-10 -6.423e-09 -1.200e-08 -6.120e-10 -5.693e-11  3.448e-06 
ERR MATRIX NOT POS-DEF
 PARAMETER  CORRELATION COEFFICIENTS  
       NO.  GLOBAL      6      7     14     18     19     20     22
        6  0.66554   1.000 -0.602 -0.055 -0.602 -0.290 -0.349  0.588
        7  0.94683  -0.602  1.000  0.068  0.752  0.201  0.350 -0.868
       14  0.10864  -0.055  0.068  1.000  0.068  0.029  0.031 -0.051
       18  0.94684  -0.602  0.752  0.068  1.000  0.201  0.350 -0.868
       19  0.74887  -0.290  0.201  0.029  0.201  1.000  0.651 -0.107
       20  0.91131  -0.349  0.350  0.031  0.350  0.651  1.000 -0.078
       22  0.97828   0.588 -0.868 -0.051 -0.868 -0.107 -0.078  1.000
 ERR MATRIX NOT POS-DEF
MINUIT - FIT ONLY 2-CBO
 **********
 **   43 **RES 
 **********
                   PARAMETER    8  phi_CBO RESTORED TO VARIABLE.
                   PARAMETER    4  phi RESTORED TO VARIABLE.
                   PARAMETER    3  A0 RESTORED TO VARIABLE.
                   PARAMETER    1  N0 RESTORED TO VARIABLE.
 **********
 **   44 **FIX            0
 **********
 PARAMETER    0  IS UNDEFINED. IGNORED.
 **********
 **   45 **FIX            1
 **********
 **********
 **   46 **FIX            2
 **********
 PARAMETER    2  IS CONSTANT.   IGNORED.
 **********
 **   47 **FIX            3
 **********
 **********
 **   48 **FIX            4
 **********
 **********
 **   49 **FIX            5
 **********
 PARAMETER    5  IS CONSTANT.   IGNORED.
 **********
 **   50 **FIX            6
 **********
 **********
 **   51 **FIX            7
 **********
 **********
 **   52 **FIX           10
 **********
 PARAMETER   10  IS CONSTANT.   IGNORED.
 **********
 **   53 **FIX           11
 **********
 PARAMETER   11  IS CONSTANT.   IGNORED.
 **********
 **   54 **FIX           12
 **********
 PARAMETER   12  IS CONSTANT.   IGNORED.
 **********
 **   55 **FIX           13
 **********
 PARAMETER   13  IS CONSTANT.   IGNORED.
 **********
 **   56 **FIX           14
 **********
 **********
 **   57 **FIX           15
 **********
 PARAMETER   15  IS CONSTANT.   IGNORED.
 **********
 **   58 **FIX           16
 **********
 PARAMETER   16  IS CONSTANT.   IGNORED.
 **********
 **   59 **MIGRAD
 **********
 START MIGRAD MINIMIZATION.  STRATEGY  1.  CONVERGENCE WHEN EDM .LT. 1.00e-04
 FCN=3379.52 FROM MIGRAD    STATUS=INITIATE       10 CALLS         413 TOTAL
                     EDM= unknown      STRATEGY= 1      NO ERROR MATRIX       
  EXT PARAMETER               CURRENT GUESS       STEP         FIRST   
  NO.   NAME      VALUE            ERROR          SIZE      DERIVATIVE 
   1  N0           2.79293e+06     fixed    
   2  tau          6.43930e+01   constant   
   3  A0           3.56510e-01     fixed    
   4  phi          4.11711e+00     fixed    
   5  R           -6.11314e+01   constant   
   6  A_CBO        1.52755e-03     fixed    
   7  w_CBO        2.32670e+00     fixed    
   8  phi_CBO      4.86804e+00   1.22495e-01   1.22495e-01  -1.53638e+02
   9  ANx2         3.99781e-04   constant   
  10  pNx2         4.45174e+00   constant   
  11  ANy1         0.00000e+00   constant   
  12  pNy1         0.00000e+00   constant   
  13  w_y          0.00000e+00   constant   
  14  ANy2         1.97611e-03     fixed    
  15  pNy2         4.41741e+00   constant   
  16  w_vw         1.43026e+01   constant   
  17  LM          -4.33674e-04   constant   
  18  wCBO_expCoeff   1.99999e+02   7.44548e-06   0.00000e+00   1.66581e+06
  19  wCBO_expOffset   2.00000e+02   3.06712e-06   0.00000e+00  -2.39346e+06
  20  wCBO_expT    3.00000e+01   3.91850e-07   0.00000e+00  -2.13025e+07
  21  wCBO_linCoeff   0.00000e+00   constant   
  22  wCBO_const  -7.85548e-03   1.85697e-03  -0.00000e+00   1.44623e+04
 MIGRAD FAILS TO FIND IMPROVEMENT
 FCN=3351.31 FROM HESSE     STATUS=NOT POSDEF     37 CALLS         474 TOTAL
                     EDM=13977    STRATEGY= 1      ERR MATRIX NOT POS-DEF
  EXT PARAMETER                APPROXIMATE        STEP         FIRST   
  NO.   NAME      VALUE            ERROR          SIZE      DERIVATIVE 
   1  N0           2.79293e+06     fixed    
   2  tau          6.43930e+01   constant   
   3  A0           3.56510e-01     fixed    
   4  phi          4.11711e+00     fixed    
   5  R           -6.11314e+01   constant   
   6  A_CBO        1.52755e-03     fixed    
   7  w_CBO        2.32670e+00     fixed    
   8  phi_CBO      5.56330e+00   6.15016e-01   2.54698e-03  -6.98304e+01
   9  ANx2         3.99781e-04   constant   
  10  pNx2         4.45174e+00   constant   
  11  ANy1         0.00000e+00   constant   
  12  pNy1         0.00000e+00   constant   
  13  w_y          0.00000e+00   constant   
  14  ANy2         1.97611e-03     fixed    
  15  pNy2         4.41741e+00   constant   
  16  w_vw         1.43026e+01   constant   
  17  LM          -4.33674e-04   constant   
  18  wCBO_expCoeff   1.99999e+02   5.10420e-05   9.53672e-05   1.75307e+06
  19  wCBO_expOffset   2.00000e+02   5.90679e-05   9.53675e-05  -2.35737e+06
  20  wCBO_expT    3.00000e+01   4.80747e-06   1.43051e-05  -4.94315e+07
  21  wCBO_linCoeff   0.00000e+00   constant   
  22  wCBO_const  -1.08841e-02   8.67956e-04   1.73262e-05   1.36153e+04
 MIGRAD FAILS TO FIND IMPROVEMENT
 MIGRAD TERMINATED WITHOUT CONVERGENCE.
 FCN=3351.31 FROM MIGRAD    STATUS=FAILED         82 CALLS         485 TOTAL
                     EDM=13977    STRATEGY= 1      ERR MATRIX NOT POS-DEF
  EXT PARAMETER                APPROXIMATE        STEP         FIRST   
  NO.   NAME      VALUE            ERROR          SIZE      DERIVATIVE 
   1  N0           2.79293e+06     fixed    
   2  tau          6.43930e+01   constant   
   3  A0           3.56510e-01     fixed    
   4  phi          4.11711e+00     fixed    
   5  R           -6.11314e+01   constant   
   6  A_CBO        1.52755e-03     fixed    
   7  w_CBO        2.32670e+00     fixed    
   8  phi_CBO      5.56330e+00   6.15016e-01  -0.00000e+00  -6.98304e+01
   9  ANx2         3.99781e-04   constant   
  10  pNx2         4.45174e+00   constant   
  11  ANy1         0.00000e+00   constant   
  12  pNy1         0.00000e+00   constant   
  13  w_y          0.00000e+00   constant   
  14  ANy2         1.97611e-03     fixed    
  15  pNy2         4.41741e+00   constant   
  16  w_vw         1.43026e+01   constant   
  17  LM          -4.33674e-04   constant   
  18  wCBO_expCoeff   1.99999e+02   5.10420e-05   0.00000e+00   1.75307e+06
  19  wCBO_expOffset   2.00000e+02   5.90679e-05   0.00000e+00  -2.35737e+06
  20  wCBO_expT    3.00000e+01   4.80747e-06   0.00000e+00  -4.94315e+07
  21  wCBO_linCoeff   0.00000e+00   constant   
  22  wCBO_const  -1.08841e-02   8.67956e-04   0.00000e+00   1.36153e+04
 EXTERNAL ERROR MATRIX.    NDIM=  25    NPAR=  5    ERR DEF=1
  3.782e-01 -3.068e-05 -3.580e-05 -2.891e-06 -3.374e-04 
 -3.068e-05  2.605e-09  2.998e-09  2.423e-10  3.149e-08 
 -3.580e-05  2.998e-09  3.489e-09  2.795e-10  3.645e-08 
 -2.891e-06  2.423e-10  2.795e-10  2.311e-11  2.887e-09 
 -3.374e-04  3.149e-08  3.645e-08  2.887e-09  7.533e-07 
ERR MATRIX NOT POS-DEF
 PARAMETER  CORRELATION COEFFICIENTS  
       NO.  GLOBAL      8     18     19     20     22
        8  0.99182   1.000 -0.977 -0.985 -0.978 -0.632
       18  0.99593  -0.977  1.000  0.994  0.987  0.711
       19  0.99709  -0.985  0.994  1.000  0.984  0.711
       20  0.98967  -0.978  0.987  0.984  1.000  0.692
       22  0.82191  -0.632  0.711  0.711  0.692  1.000
 ERR MATRIX NOT POS-DEF
MINUIT - FIT ONLY 1-y
 **********
 **   60 **RES 
 **********
                   PARAMETER   14  ANy2 RESTORED TO VARIABLE.
                   PARAMETER    7  w_CBO RESTORED TO VARIABLE.
                   PARAMETER    6  A_CBO RESTORED TO VARIABLE.
                   PARAMETER    4  phi RESTORED TO VARIABLE.
                   PARAMETER    3  A0 RESTORED TO VARIABLE.
                   PARAMETER    1  N0 RESTORED TO VARIABLE.
 **********
 **   61 **FIX            0
 **********
 PARAMETER    0  IS UNDEFINED. IGNORED.
 **********
 **   62 **FIX            1
 **********
 **********
 **   63 **FIX            2
 **********
 PARAMETER    2  IS CONSTANT.   IGNORED.
 **********
 **   64 **FIX            3
 **********
 **********
 **   65 **FIX            4
 **********
 **********
 **   66 **FIX            5
 **********
 PARAMETER    5  IS CONSTANT.   IGNORED.
 **********
 **   67 **FIX            6
 **********
 **********
 **   68 **FIX            7
 **********
 **********
 **   69 **FIX            8
 **********
 **********
 **   70 **FIX            9
 **********
 PARAMETER    9  IS CONSTANT.   IGNORED.
 **********
 **   71 **FIX           13
 **********
 PARAMETER   13  IS CONSTANT.   IGNORED.
 **********
 **   72 **FIX           14
 **********
 **********
 **   73 **FIX           15
 **********
 PARAMETER   15  IS CONSTANT.   IGNORED.
 **********
 **   74 **FIX           16
 **********
 PARAMETER   16  IS CONSTANT.   IGNORED.
 **********
 **   75 **MIGRAD
 **********
 START MIGRAD MINIMIZATION.  STRATEGY  1.  CONVERGENCE WHEN EDM .LT. 1.00e-04
 FCN=3351.31 FROM MIGRAD    STATUS=INITIATE        8 CALLS         493 TOTAL
                     EDM= unknown      STRATEGY= 1      NO ERROR MATRIX       
  EXT PARAMETER               CURRENT GUESS       STEP         FIRST   
  NO.   NAME      VALUE            ERROR          SIZE      DERIVATIVE 
   1  N0           2.79293e+06     fixed    
   2  tau          6.43930e+01   constant   
   3  A0           3.56510e-01     fixed    
   4  phi          4.11711e+00     fixed    
   5  R           -6.11314e+01   constant   
   6  A_CBO        1.52755e-03     fixed    
   7  w_CBO        2.32670e+00     fixed    
   8  phi_CBO      5.56330e+00     fixed    
   9  ANx2         3.99781e-04   constant   
  10  pNx2         4.45174e+00   constant   
  11  ANy1         0.00000e+00   constant   
  12  pNy1         0.00000e+00   constant   
  13  w_y          0.00000e+00   constant   
  14  ANy2         1.97611e-03     fixed    
  15  pNy2         4.41741e+00   constant   
  16  w_vw         1.43026e+01   constant   
  17  LM          -4.33674e-04   constant   
  18  wCBO_expCoeff   1.99999e+02   5.10420e-05   0.00000e+00   9.91291e+05
  19  wCBO_expOffset   2.00000e+02   5.90679e-05   0.00000e+00  -1.79202e+06
  20  wCBO_expT    3.00000e+01   4.80747e-06   0.00000e+00  -1.64940e+07
  21  wCBO_linCoeff   0.00000e+00   constant   
  22  wCBO_const  -1.08841e-02   8.67956e-04   0.00000e+00   1.36153e+04
 MIGRAD FAILS TO FIND IMPROVEMENT
 FCN=3340.7 FROM HESSE     STATUS=NOT POSDEF     29 CALLS         544 TOTAL
                     EDM=48.0611    STRATEGY= 1      ERR MATRIX NOT POS-DEF
  EXT PARAMETER                APPROXIMATE        STEP         FIRST   
  NO.   NAME      VALUE            ERROR          SIZE      DERIVATIVE 
   1  N0           2.79293e+06     fixed    
   2  tau          6.43930e+01   constant   
   3  A0           3.56510e-01     fixed    
   4  phi          4.11711e+00     fixed    
   5  R           -6.11314e+01   constant   
   6  A_CBO        1.52755e-03     fixed    
   7  w_CBO        2.32670e+00     fixed    
   8  phi_CBO      5.56330e+00     fixed    
   9  ANx2         3.99781e-04   constant   
  10  pNx2         4.45174e+00   constant   
  11  ANy1         0.00000e+00   constant   
  12  pNy1         0.00000e+00   constant   
  13  w_y          0.00000e+00   constant   
  14  ANy2         1.97611e-03     fixed    
  15  pNy2         4.41741e+00   constant   
  16  w_vw         1.43026e+01   constant   
  17  LM          -4.33674e-04   constant   
  18  wCBO_expCoeff   1.99999e+02   7.60275e-05   9.53672e-05   2.90319e+05
  19  wCBO_expOffset   2.00000e+02   5.99734e-05   9.53675e-05  -1.09310e+06
  20  wCBO_expT    3.00000e+01   5.28010e-06   1.43051e-05   1.01723e+07
  21  wCBO_linCoeff   0.00000e+00   constant   
  22  wCBO_const  -1.15885e-02   7.60878e-04   1.57635e-05   1.85803e+03
 MIGRAD FAILS TO FIND IMPROVEMENT
 MIGRAD TERMINATED WITHOUT CONVERGENCE.
 FCN=3338.07 FROM MIGRAD    STATUS=FAILED        101 CALLS         586 TOTAL
                     EDM=64.7471    STRATEGY= 1      ERR MATRIX NOT POS-DEF
  EXT PARAMETER                APPROXIMATE        STEP         FIRST   
  NO.   NAME      VALUE            ERROR          SIZE      DERIVATIVE 
   1  N0           2.79293e+06     fixed    
   2  tau          6.43930e+01   constant   
   3  A0           3.56510e-01     fixed    
   4  phi          4.11711e+00     fixed    
   5  R           -6.11314e+01   constant   
   6  A_CBO        1.52755e-03     fixed    
   7  w_CBO        2.32670e+00     fixed    
   8  phi_CBO      5.56330e+00     fixed    
   9  ANx2         3.99781e-04   constant   
  10  pNx2         4.45174e+00   constant   
  11  ANy1         0.00000e+00   constant   
  12  pNy1         0.00000e+00   constant   
  13  w_y          0.00000e+00   constant   
  14  ANy2         1.97611e-03     fixed    
  15  pNy2         4.41741e+00   constant   
  16  w_vw         1.43026e+01   constant   
  17  LM          -4.33674e-04   constant   
  18  wCBO_expCoeff   1.99999e+02   1.00000e+00  -0.00000e+00   1.58985e+06
  19  wCBO_expOffset   2.00000e+02   1.00000e+00   0.00000e+00  -2.15109e+06
  20  wCBO_expT    3.00000e+01   1.00000e+00   0.00000e+00  -1.23769e+07
  21  wCBO_linCoeff   0.00000e+00   constant   
  22  wCBO_const  -1.17015e-02   1.00000e+00  -0.00000e+00   1.65820e+04
 EXTERNAL ERROR MATRIX.    NDIM=  25    NPAR=  4    ERR DEF=1
  1.000e+00 -8.333e-09 -2.044e-11  1.540e-08 
 -8.333e-09  1.000e+00 -2.394e-11  2.035e-08 
 -2.044e-11 -2.394e-11  1.000e+00  2.665e-11 
  1.540e-08  2.035e-08  2.665e-11  1.000e+00 
ERR MATRIX NOT POS-DEF
 PARAMETER  CORRELATION COEFFICIENTS  
       NO.  GLOBAL     18     19     20     22
       18  0.00000   1.000 -0.000 -0.000  0.000
       19  0.00000  -0.000  1.000 -0.000  0.000
       20  0.00000  -0.000 -0.000  1.000  0.000
       22  0.00000   0.000  0.000  0.000  1.000
 ERR MATRIX NOT POS-DEF
MINUIT - FIT ONLY 2-y
 **********
 **   76 **RES 
 **********
                   PARAMETER   14  ANy2 RESTORED TO VARIABLE.
                   PARAMETER    8  phi_CBO RESTORED TO VARIABLE.
                   PARAMETER    7  w_CBO RESTORED TO VARIABLE.
                   PARAMETER    6  A_CBO RESTORED TO VARIABLE.
                   PARAMETER    4  phi RESTORED TO VARIABLE.
                   PARAMETER    3  A0 RESTORED TO VARIABLE.
                   PARAMETER    1  N0 RESTORED TO VARIABLE.
 **********
 **   77 **FIX            0
 **********
