 + ++++++++++++++++++++++++++++++++++++++++++++++++++++++++++++++++++++ +
 +                                                                      +
 +           You have chose to blind your fitting according to          +
 +                omega_ref * (1 + (R +/- deltaR) *10^{-6})             +
 +                                                                      +
 + ++++++++++++++++++++++++++++++++++++++++++++++++++++++++++++++++++++ +
In main()...
reading format from /gm2data/zkhechad/run45/envelope/formats/formatB_sBin_constraintOn.txt
pBinTau 	= 0  
pBinPhi 	= 0  
constraintau 	= 1 
includeMopTerm 	= 0    
constrainMop    = 0   
Parameters after format file: pBinTau 0 pBinPhi 0 constraintau 1 includeMopTerm 0 constrainMop 0 c_e_scale 0.000000 
reading cbo reference file (full fit) from /gm2data/zkhechad/cboTemplates/Run4CBOTemplates/fullFits/run4/sBin_constraintOn_cE0.0_seed0_run4_calo7.root
A_CBO 0.010017 w_CBO 2.326795 phi_CBO 5.385454 N0 2934724.912691 R -61.426290 tau 64.406392 
Reading cboRef file /gm2data/zkhechad/cboTemplates/Run4CBOTemplates//cboIsolate/run4_calo7.root
deltaT 164.120000
windowBins = 1100
fitting sliding window 2600 from bin 2803 at 418.207600 to bin 3903 at 582.327600 (1100 bins)

Reading data from /gm2data/cornell/histograms/aMethod/histogram_a_run4.root
fitting cbo isolate
 **********
 **    1 **SET PRINTOUT            1
 **********
 **********
 **    2 **SET NOWARNINGS 
 **********
 PARAMETER DEFINITIONS:
    NO.   NAME         VALUE      STEP SIZE      LIMITS
     1 A_CBO        1.00169e-02  1.00000e-05     no limits
     2 w_CBO        2.32680e+00  1.00000e-02    2.00000e+00  3.00000e+00
     3 phi_CBO      5.38545e+00  1.00000e-02    0.00000e+00  6.28319e+00
 **********
 **    3 **MIGRAD
 **********
 FIRST CALL TO USER FUNCTION AT NEW START POINT, WITH IFLAG=4.
 START MIGRAD MINIMIZATION.  STRATEGY  1.  CONVERGENCE WHEN EDM .LT. 1.00e-04
 FCN=0.470916 FROM MIGRAD    STATUS=INITIATE       12 CALLS          13 TOTAL
                     EDM= unknown      STRATEGY= 1      NO ERROR MATRIX       
  EXT PARAMETER               CURRENT GUESS       STEP         FIRST   
  NO.   NAME      VALUE            ERROR          SIZE      DERIVATIVE 
   1  A_CBO        1.00169e-02   1.00000e-05   1.00000e-05   9.28875e+00
   2  w_CBO        2.32680e+00   1.00000e-02   2.13223e-02   3.33924e+00
   3  phi_CBO      5.38545e+00   1.00000e-02   4.54801e-03  -3.12940e-02
 MIGRAD MINIMIZATION HAS CONVERGED.
 MIGRAD WILL VERIFY CONVERGENCE AND ERROR MATRIX.
 COVARIANCE MATRIX CALCULATED SUCCESSFULLY
 FCN=0.430872 FROM MIGRAD    STATUS=CONVERGED      64 CALLS          65 TOTAL
                     EDM=6.70274e-05    STRATEGY= 1      ERROR MATRIX ACCURATE 
  EXT PARAMETER                                   STEP         FIRST   
  NO.   NAME      VALUE            ERROR          SIZE      DERIVATIVE 
   1  A_CBO        1.98502e-03   4.26566e-02   2.48651e-05  -5.92029e-02
   2  w_CBO        2.32617e+00   1.70555e-01   5.85044e-05   1.60752e-02
   3  phi_CBO      5.71389e+00   3.36708e+00   6.75505e-03  -3.41590e-04
 EXTERNAL ERROR MATRIX.    NDIM=  25    NPAR=  3    ERR DEF=1
  1.820e-03  4.135e-04  2.373e-01 
  4.135e-04  3.047e-02  1.511e+01 
  2.373e-01  1.511e+01  7.931e+03 
 PARAMETER  CORRELATION COEFFICIENTS  
       NO.  GLOBAL      1      2      3
        1  0.06626   1.000  0.056  0.062
        2  0.97216   0.056  1.000  0.972
        3  0.97218   0.062  0.972  1.000
setting A_CBO=0.001985 w_CBO=2.326175, phi_CBO=5.713893
done fitting cbo isolate
 **********
 **    1 **SET PRINTOUT            1
 **********
 **********
 **    2 **SET NOWARNINGS 
 **********
 PARAMETER DEFINITIONS:
    NO.   NAME         VALUE      STEP SIZE      LIMITS
     1 N0           2.93472e+06  1.00000e+02     no limits
     2 tau          6.44064e+01  constant
     3 A0           3.50200e-01  1.00000e-04     no limits
     4 phi          4.11726e+00  1.00000e-02     no limits
     5 R           -6.14263e+01  constant
     6 A_CBO        1.98502e-03  1.00000e-05     no limits
     7 w_CBO        2.32617e+00  1.00000e-03     no limits
     8 phi_CBO      5.71389e+00  1.00000e-04     no limits
     9 ANx2         5.09258e-04  constant
    10 pNx2         1.79030e-01  constant
    11 ANy1         0.00000e+00  constant
    12 pNy1         0.00000e+00  constant
    13 w_y          0.00000e+00  constant
    14 ANy2         8.95951e-03  1.00000e-04     no limits
    15 pNy2         6.17155e+00  constant
    16 w_vw         1.43200e+01  constant
    17 LM          -8.21731e-05  constant
    18 wCBO_expCoeff   2.00000e+02  1.00000e+00     no limits
    19 wCBO_expOffset   2.00000e+02  1.00000e+00     no limits
    20 wCBO_expT    3.00000e+01  1.00000e+00     no limits
    21 wCBO_linCoeff   0.00000e+00  constant
    22 wCBO_const   0.00000e+00  1.00000e-02     no limits
MINUIT - FIT ONLY WIGGLE
 **********
 **    3 **FIX            5
 **********
 PARAMETER    5  IS CONSTANT.   IGNORED.
 **********
 **    4 **FIX            6
 **********
 **********
 **    5 **FIX            7
 **********
 **********
 **    6 **FIX            8
 **********
 **********
 **    7 **FIX            9
 **********
 PARAMETER    9  IS CONSTANT.   IGNORED.
 **********
 **    8 **FIX           10
 **********
 PARAMETER   10  IS CONSTANT.   IGNORED.
 **********
 **    9 **FIX           11
 **********
 PARAMETER   11  IS CONSTANT.   IGNORED.
 **********
 **   10 **FIX           12
 **********
 PARAMETER   12  IS CONSTANT.   IGNORED.
 **********
 **   11 **FIX           13
 **********
 PARAMETER   13  IS CONSTANT.   IGNORED.
 **********
 **   12 **FIX           14
 **********
 **********
 **   13 **FIX           15
 **********
 PARAMETER   15  IS CONSTANT.   IGNORED.
 **********
 **   14 **FIX           16
 **********
 PARAMETER   16  IS CONSTANT.   IGNORED.
 **********
 **   15 **MIGRAD
 **********
 FIRST CALL TO USER FUNCTION AT NEW START POINT, WITH IFLAG=4.
 START MIGRAD MINIMIZATION.  STRATEGY  1.  CONVERGENCE WHEN EDM .LT. 1.00e-04
 FCN=348.766 FROM MIGRAD    STATUS=INITIATE       28 CALLS          29 TOTAL
                     EDM= unknown      STRATEGY= 1      NO ERROR MATRIX       
  EXT PARAMETER               CURRENT GUESS       STEP         FIRST   
  NO.   NAME      VALUE            ERROR          SIZE      DERIVATIVE 
   1  N0           2.93472e+06   1.00000e+02   1.00000e+02   7.33547e-04
   2  tau          6.44064e+01   constant   
   3  A0           3.50200e-01   1.00000e-04   1.00000e-04  -6.12272e+02
   4  phi          4.11726e+00   1.00000e-02   1.00000e-02  -3.00028e+01
   5  R           -6.14263e+01   constant   
   6  A_CBO        1.98502e-03     fixed    
   7  w_CBO        2.32617e+00     fixed    
   8  phi_CBO      5.71389e+00     fixed    
   9  ANx2         5.09258e-04   constant   
  10  pNx2         1.79030e-01   constant   
  11  ANy1         0.00000e+00   constant   
  12  pNy1         0.00000e+00   constant   
  13  w_y          0.00000e+00   constant   
  14  ANy2         8.95951e-03     fixed    
  15  pNy2         6.17155e+00   constant   
  16  w_vw         1.43200e+01   constant   
  17  LM          -8.21731e-05   constant   
  18  wCBO_expCoeff   2.00000e+02   1.00000e+00   1.00000e+00   4.99159e-01
  19  wCBO_expOffset   2.00000e+02   1.00000e+00   1.00000e+00   3.32773e+00
  20  wCBO_expT    3.00000e+01   1.00000e+00   1.00000e+00   2.54253e+01
  21  wCBO_linCoeff   0.00000e+00   constant   
  22  wCBO_const   0.00000e+00   1.00000e-02   1.00000e-02   1.57410e+03
 MIGRAD MINIMIZATION HAS CONVERGED.
 FCN=346.975 FROM MIGRAD    STATUS=CONVERGED     248 CALLS         249 TOTAL
                     EDM=6.05534e-06    STRATEGY= 1  ERROR MATRIX UNCERTAINTY   2.6 per cent
  EXT PARAMETER                                   STEP         FIRST   
  NO.   NAME      VALUE            ERROR          SIZE      DERIVATIVE 
   1  N0           2.93277e+06   2.56809e+03   5.56521e+00   9.02648e-07
   2  tau          6.44064e+01   constant   
   3  A0           3.50501e-01   1.20731e-03   1.54006e-05   1.35610e+00
   4  phi          4.11782e+00   3.50833e-03  -8.43598e-06  -1.47490e-01
   5  R           -6.14263e+01   constant   
   6  A_CBO        1.98502e-03     fixed    
   7  w_CBO        2.32617e+00     fixed    
   8  phi_CBO      5.71389e+00     fixed    
   9  ANx2         5.09258e-04   constant   
  10  pNx2         1.79030e-01   constant   
  11  ANy1         0.00000e+00   constant   
  12  pNy1         0.00000e+00   constant   
  13  w_y          0.00000e+00   constant   
  14  ANy2         8.95951e-03     fixed    
  15  pNy2         6.17155e+00   constant   
  16  w_vw         1.43200e+01   constant   
  17  LM          -8.21731e-05   constant   
  18  wCBO_expCoeff   2.10355e+02   1.78174e+01   1.18654e-01   1.21847e-03
  19  wCBO_expOffset   2.04365e+02   4.84695e+00   3.04411e-02   8.78964e-03
  20  wCBO_expT    2.91697e+01   8.75188e-01  -6.34846e-03   6.66918e-02
  21  wCBO_linCoeff   0.00000e+00   constant   
  22  wCBO_const   2.94463e-04   1.03768e-03   8.65346e-06   1.23851e+00
 EXTERNAL ERROR MATRIX.    NDIM=  25    NPAR=  7    ERR DEF=1
  6.595e+06 -9.186e-02 -5.112e-02 -1.274e+04  5.367e+03 -5.018e+02  3.390e-01 
 -9.186e-02  1.458e-06  1.301e-07  3.947e-03 -1.110e-03  8.438e-05 -2.446e-08 
 -5.112e-02  1.301e-07  1.231e-05  1.235e-03  9.755e-04 -1.248e-04 -4.729e-08 
 -1.274e+04  3.947e-03  1.235e-03  3.175e+02  3.976e+01 -1.174e+01  9.549e-03 
  5.367e+03 -1.110e-03  9.755e-04  3.976e+01  2.349e+01 -3.939e+00  3.313e-03 
 -5.018e+02  8.438e-05 -1.248e-04 -1.174e+01 -3.939e+00  7.660e-01 -6.616e-04 
  3.390e-01 -2.446e-08 -4.729e-08  9.549e-03  3.313e-03 -6.616e-04  1.077e-06 
 PARAMETER  CORRELATION COEFFICIENTS  
       NO.  GLOBAL      1      3      4     18     19     20     22
        1  0.97985   1.000 -0.030 -0.006 -0.278  0.431 -0.223  0.127
        3  0.94837  -0.030  1.000  0.031  0.184 -0.190  0.080 -0.020
        4  0.31798  -0.006  0.031  1.000  0.020  0.057 -0.041 -0.013
       18  0.99967  -0.278  0.184  0.020  1.000  0.460 -0.753  0.516
       19  0.99985   0.431 -0.190  0.057  0.460  1.000 -0.929  0.659
       20  0.99994  -0.223  0.080 -0.041 -0.753 -0.929  1.000 -0.729
       22  0.98384   0.127 -0.020 -0.013  0.516  0.659 -0.729  1.000
MINUIT - FIT ONLY 1-CBO + other amplitudes 
 **********
 **   16 **RES 
 **********
                   PARAMETER   14  ANy2 RESTORED TO VARIABLE.
                   PARAMETER    8  phi_CBO RESTORED TO VARIABLE.
                   PARAMETER    7  w_CBO RESTORED TO VARIABLE.
                   PARAMETER    6  A_CBO RESTORED TO VARIABLE.
 **********
 **   17 **FIX            0
 **********
 PARAMETER    0  IS UNDEFINED. IGNORED.
 **********
 **   18 **FIX            1
 **********
 **********
 **   19 **FIX            2
 **********
 PARAMETER    2  IS CONSTANT.   IGNORED.
 **********
 **   20 **FIX            3
 **********
 **********
 **   21 **FIX            4
 **********
 **********
 **   22 **FIX            9
 **********
 PARAMETER    9  IS CONSTANT.   IGNORED.
 **********
 **   23 **FIX           11
 **********
 PARAMETER   11  IS CONSTANT.   IGNORED.
 **********
 **   24 **FIX           12
 **********
 PARAMETER   12  IS CONSTANT.   IGNORED.
 **********
 **   25 **FIX           14
 **********
 **********
 **   26 **FIX           15
 **********
 PARAMETER   15  IS CONSTANT.   IGNORED.
 **********
 **   27 **FIX           16
 **********
 PARAMETER   16  IS CONSTANT.   IGNORED.
 **********
 **   28 **MIGRAD
 **********
 START MIGRAD MINIMIZATION.  STRATEGY  1.  CONVERGENCE WHEN EDM .LT. 1.00e-04
 FCN=346.975 FROM MIGRAD    STATUS=INITIATE       18 CALLS         267 TOTAL
                     EDM= unknown      STRATEGY= 1      NO ERROR MATRIX       
  EXT PARAMETER               CURRENT GUESS       STEP         FIRST   
  NO.   NAME      VALUE            ERROR          SIZE      DERIVATIVE 
   1  N0           2.93277e+06     fixed    
   2  tau          6.44064e+01   constant   
   3  A0           3.50501e-01     fixed    
   4  phi          4.11782e+00     fixed    
   5  R           -6.14263e+01   constant   
   6  A_CBO        1.98502e-03   1.00000e-05   1.00000e-05   8.64391e+02
   7  w_CBO        2.32617e+00   1.00000e-03   1.00000e-03   6.43435e-01
   8  phi_CBO      5.71389e+00   1.00000e-04   1.00000e-04   2.92557e-01
   9  ANx2         5.09258e-04   constant   
  10  pNx2         1.79030e-01   constant   
  11  ANy1         0.00000e+00   constant   
  12  pNy1         0.00000e+00   constant   
  13  w_y          0.00000e+00   constant   
  14  ANy2         8.95951e-03     fixed    
  15  pNy2         6.17155e+00   constant   
  16  w_vw         1.43200e+01   constant   
  17  LM          -8.21731e-05   constant   
  18  wCBO_expCoeff   2.10355e+02   1.78174e+01   1.18654e-01   1.21847e-03
  19  wCBO_expOffset   2.04365e+02   4.84695e+00   3.04411e-02   8.78976e-03
  20  wCBO_expT    2.91697e+01   8.75188e-01  -6.34846e-03   6.66929e-02
  21  wCBO_linCoeff   0.00000e+00   constant   
  22  wCBO_const   2.94463e-04   1.03768e-03   8.65346e-06   1.23852e+00
 MIGRAD MINIMIZATION HAS CONVERGED.
 MIGRAD WILL VERIFY CONVERGENCE AND ERROR MATRIX.
 COVARIANCE MATRIX CALCULATED SUCCESSFULLY
 FCN=346.647 FROM HESSE     STATUS=OK             50 CALLS         398 TOTAL
                     EDM=0.00134511    STRATEGY= 1      ERROR MATRIX ACCURATE 
  EXT PARAMETER                                   STEP         FIRST   
  NO.   NAME      VALUE            ERROR          SIZE      DERIVATIVE 
   1  N0           2.93277e+06     fixed    
   2  tau          6.44064e+01   constant   
   3  A0           3.50501e-01     fixed    
   4  phi          4.11782e+00     fixed    
   5  R           -6.14263e+01   constant   
   6  A_CBO        1.28559e-03   1.31675e-03   1.17534e-05   2.37695e-01
   7  w_CBO        2.32605e+00   6.08568e-02   1.39427e-05  -9.99952e-01
   8  phi_CBO      5.51892e+00   1.64005e+00   8.54544e-03   4.38007e-04
   9  ANx2         5.09258e-04   constant   
  10  pNx2         1.79030e-01   constant   
  11  ANy1         0.00000e+00   constant   
  12  pNy1         0.00000e+00   constant   
  13  w_y          0.00000e+00   constant   
  14  ANy2         8.95951e-03     fixed    
  15  pNy2         6.17155e+00   constant   
  16  w_vw         1.43200e+01   constant   
  17  LM          -8.21731e-05   constant   
  18  wCBO_expCoeff   2.10354e+02   7.06171e+01   2.31133e-02  -9.25427e-04
  19  wCBO_expOffset   2.04365e+02   9.86741e+00   3.20503e-03  -6.67379e-03
  20  wCBO_expT    2.91685e+01   7.56110e-01   4.25264e-04   4.65467e-02
  21  wCBO_linCoeff   0.00000e+00   constant   
  22  wCBO_const   2.37284e-04   2.61828e-02   6.20567e-06  -2.13072e+00
 MIGRAD MINIMIZATION HAS CONVERGED.
 FCN=346.644 FROM MIGRAD    STATUS=CONVERGED     181 CALLS         430 TOTAL
                     EDM=5.33129e-08    STRATEGY= 1  ERROR MATRIX UNCERTAINTY   1.2 per cent
  EXT PARAMETER                                   STEP         FIRST   
  NO.   NAME      VALUE            ERROR          SIZE      DERIVATIVE 
   1  N0           2.93277e+06     fixed    
   2  tau          6.44064e+01   constant   
   3  A0           3.50501e-01     fixed    
   4  phi          4.11782e+00     fixed    
   5  R           -6.14263e+01   constant   
   6  A_CBO        1.27327e-03   1.32854e-03  -1.16261e-06   4.52112e-02
   7  w_CBO        2.32614e+00   6.08709e-02   1.38590e-06  -3.53620e-02
   8  phi_CBO      5.54058e+00   1.66481e+00   4.85456e-04   1.63887e-04
   9  ANx2         5.09258e-04   constant   
  10  pNx2         1.79030e-01   constant   
  11  ANy1         0.00000e+00   constant   
  12  pNy1         0.00000e+00   constant   
  13  w_y          0.00000e+00   constant   
  14  ANy2         8.95951e-03     fixed    
  15  pNy2         6.17155e+00   constant   
  16  w_vw         1.43200e+01   constant   
  17  LM          -8.21731e-05   constant   
  18  wCBO_expCoeff   2.11723e+02   7.22796e+01  -5.96531e-02  -4.92057e-05
  19  wCBO_expOffset   2.04588e+02   1.03679e+01   4.51196e-03  -3.55015e-04
  20  wCBO_expT    2.91113e+01   1.07130e+00   6.42039e-04  -2.26063e-03
  21  wCBO_linCoeff   0.00000e+00   constant   
  22  wCBO_const   2.65524e-04   2.61859e-02  -5.57467e-07  -7.08630e-02
 EXTERNAL ERROR MATRIX.    NDIM=  25    NPAR=  7    ERR DEF=1
  1.765e-06 -4.874e-07 -3.664e-04 -6.611e-03 -9.837e-04  2.743e-04 -3.726e-07 
 -4.874e-07  3.705e-03  1.951e-03 -1.130e-01 -1.784e-02 -1.805e-03 -1.590e-03 
 -3.664e-04  1.951e-03  2.772e+00  1.066e+01  1.558e+00 -4.504e-01  1.414e-03 
 -6.611e-03 -1.130e-01  1.066e+01  5.224e+03 -5.310e+02 -2.637e+01  7.952e-02 
 -9.837e-04 -1.784e-02  1.558e+00 -5.310e+02  1.075e+02 -4.635e+00  1.284e-02 
  2.743e-04 -1.805e-03 -4.504e-01 -2.637e+01 -4.635e+00  1.148e+00 -5.856e-04 
 -3.726e-07 -1.590e-03  1.414e-03  7.952e-02  1.284e-02 -5.856e-04  6.857e-04 
 PARAMETER  CORRELATION COEFFICIENTS  
       NO.  GLOBAL      6      7      8     18     19     20     22
        6  0.25086   1.000 -0.006 -0.166 -0.069 -0.071  0.193 -0.011
        7  0.99970  -0.006  1.000  0.019 -0.026 -0.028 -0.028 -0.997
        8  0.82653  -0.166  0.019  1.000  0.089  0.090 -0.253  0.032
       18  0.99942  -0.069 -0.026  0.089  1.000 -0.709 -0.341  0.042
       19  0.99946  -0.071 -0.028  0.090 -0.709  1.000 -0.417  0.047
       20  0.99912   0.193 -0.028 -0.253 -0.341 -0.417  1.000 -0.021
       22  0.99967  -0.011 -0.997  0.032  0.042  0.047 -0.021  1.000
MINUIT - FIT ONLY 1-CBO
 **********
 **   29 **RES 
 **********
                   PARAMETER   14  ANy2 RESTORED TO VARIABLE.
                   PARAMETER    4  phi RESTORED TO VARIABLE.
                   PARAMETER    3  A0 RESTORED TO VARIABLE.
                   PARAMETER    1  N0 RESTORED TO VARIABLE.
 **********
 **   30 **FIX            0
 **********
 PARAMETER    0  IS UNDEFINED. IGNORED.
 **********
 **   31 **FIX            1
 **********
 **********
 **   32 **FIX            2
 **********
 PARAMETER    2  IS CONSTANT.   IGNORED.
 **********
 **   33 **FIX            3
 **********
 **********
 **   34 **FIX            4
 **********
 **********
 **   35 **FIX            8
 **********
 **********
 **   36 **FIX            9
 **********
 PARAMETER    9  IS CONSTANT.   IGNORED.
 **********
 **   37 **FIX           11
 **********
 PARAMETER   11  IS CONSTANT.   IGNORED.
 **********
 **   38 **FIX           12
 **********
 PARAMETER   12  IS CONSTANT.   IGNORED.
 **********
 **   39 **FIX           13
 **********
 PARAMETER   13  IS CONSTANT.   IGNORED.
 **********
 **   40 **FIX           15
 **********
 PARAMETER   15  IS CONSTANT.   IGNORED.
 **********
 **   41 **FIX           16
 **********
 PARAMETER   16  IS CONSTANT.   IGNORED.
 **********
 **   42 **MIGRAD
 **********
 START MIGRAD MINIMIZATION.  STRATEGY  1.  CONVERGENCE WHEN EDM .LT. 1.00e-04
 FCN=346.644 FROM MIGRAD    STATUS=INITIATE       16 CALLS         446 TOTAL
                     EDM= unknown      STRATEGY= 1      NO ERROR MATRIX       
  EXT PARAMETER               CURRENT GUESS       STEP         FIRST   
  NO.   NAME      VALUE            ERROR          SIZE      DERIVATIVE 
   1  N0           2.93277e+06     fixed    
   2  tau          6.44064e+01   constant   
   3  A0           3.50501e-01     fixed    
   4  phi          4.11782e+00     fixed    
   5  R           -6.14263e+01   constant   
   6  A_CBO        1.27327e-03   1.32854e-03  -1.16261e-06   4.52112e-02
   7  w_CBO        2.32614e+00   6.08709e-02   1.38590e-06  -3.53636e-02
   8  phi_CBO      5.54058e+00     fixed    
   9  ANx2         5.09258e-04   constant   
  10  pNx2         1.79030e-01   constant   
  11  ANy1         0.00000e+00   constant   
  12  pNy1         0.00000e+00   constant   
  13  w_y          0.00000e+00   constant   
  14  ANy2         8.95951e-03   1.00000e-04   1.00000e-04   1.14160e+04
  15  pNy2         6.17155e+00   constant   
  16  w_vw         1.43200e+01   constant   
  17  LM          -8.21731e-05   constant   
  18  wCBO_expCoeff   2.11723e+02   7.22796e+01  -5.96531e-02  -4.92082e-05
  19  wCBO_expOffset   2.04588e+02   1.03679e+01   4.51196e-03  -3.55038e-04
  20  wCBO_expT    2.91113e+01   1.07130e+00   6.42039e-04  -2.26097e-03
  21  wCBO_linCoeff   0.00000e+00   constant   
  22  wCBO_const   2.65524e-04   2.61859e-02  -5.57467e-07  -7.08644e-02
 MIGRAD MINIMIZATION HAS CONVERGED.
 MIGRAD WILL VERIFY CONVERGENCE AND ERROR MATRIX.
 COVARIANCE MATRIX CALCULATED SUCCESSFULLY
 FCN=296.168 FROM MIGRAD    STATUS=CONVERGED     128 CALLS         558 TOTAL
                     EDM=7.20107e-05    STRATEGY= 1      ERROR MATRIX ACCURATE 
  EXT PARAMETER                                   STEP         FIRST   
  NO.   NAME      VALUE            ERROR          SIZE      DERIVATIVE 
   1  N0           2.93277e+06     fixed    
   2  tau          6.44064e+01   constant   
   3  A0           3.50501e-01     fixed    
   4  phi          4.11782e+00     fixed    
   5  R           -6.14263e+01   constant   
   6  A_CBO        1.24387e-03   1.30609e-03   1.08140e-05  -1.01405e-01
   7  w_CBO        2.32615e+00   6.68299e-02   1.30549e-05  -4.59339e-02
   8  phi_CBO      5.54058e+00     fixed    
   9  ANx2         5.09258e-04   constant   
  10  pNx2         1.79030e-01   constant   
  11  ANy1         0.00000e+00   constant   
  12  pNy1         0.00000e+00   constant   
  13  w_y          0.00000e+00   constant   
  14  ANy2         1.16454e-04   1.24469e-03   1.04766e-05   2.57741e-03
  15  pNy2         6.17155e+00   constant   
  16  w_vw         1.43200e+01   constant   
  17  LM          -8.21731e-05   constant   
  18  wCBO_expCoeff   2.11673e+02   7.54968e+01   2.29420e-02   1.14159e-04
  19  wCBO_expOffset   2.04581e+02   1.04328e+01   3.15504e-03   8.30191e-04
  20  wCBO_expT    2.91105e+01   7.52697e-01   4.14808e-04  -1.00005e-02
  21  wCBO_linCoeff   0.00000e+00   constant   
  22  wCBO_const   2.69077e-04   2.87427e-02   5.80357e-06  -1.30937e-01
 EXTERNAL ERROR MATRIX.    NDIM=  25    NPAR=  7    ERR DEF=1
  1.706e-06 -3.106e-08  4.692e-09 -3.161e-03 -4.614e-04  1.335e-04 -2.140e-07 
 -3.106e-08  4.466e-03  7.550e-09 -1.679e-01 -2.716e-02 -7.838e-04 -1.919e-03 
  4.692e-09  7.550e-09  1.549e-06  2.699e-05  4.143e-06 -5.376e-07 -3.932e-09 
 -3.161e-03 -1.679e-01  2.699e-05  5.700e+03 -6.761e+02 -1.443e+01  8.482e-02 
 -4.614e-04 -2.716e-02  4.143e-06 -6.761e+02  1.088e+02 -2.120e+00  1.352e-02 
  1.335e-04 -7.838e-04 -5.376e-07 -1.443e+01 -2.120e+00  5.666e-01 -1.933e-04 
 -2.140e-07 -1.919e-03 -3.932e-09  8.482e-02  1.352e-02 -1.933e-04  8.261e-04 
 PARAMETER  CORRELATION COEFFICIENTS  
       NO.  GLOBAL      6      7     14     18     19     20     22
        6  0.18029   1.000 -0.000  0.003 -0.032 -0.034  0.136 -0.006
        7  0.99973  -0.000  1.000  0.000 -0.033 -0.039 -0.016 -0.999
       14  0.00821   0.003  0.000  1.000  0.000  0.000 -0.001 -0.000
       18  0.99935  -0.032 -0.033  0.000  1.000 -0.858 -0.254  0.039
       19  0.99935  -0.034 -0.039  0.000 -0.858  1.000 -0.270  0.045
       20  0.99786   0.136 -0.016 -0.001 -0.254 -0.270  1.000 -0.009
       22  0.99971  -0.006 -0.999 -0.000  0.039  0.045 -0.009  1.000
MINUIT - FIT ONLY 2-CBO
 **********
 **   43 **RES 
 **********
                   PARAMETER    8  phi_CBO RESTORED TO VARIABLE.
                   PARAMETER    4  phi RESTORED TO VARIABLE.
                   PARAMETER    3  A0 RESTORED TO VARIABLE.
                   PARAMETER    1  N0 RESTORED TO VARIABLE.
 **********
 **   44 **FIX            0
 **********
 PARAMETER    0  IS UNDEFINED. IGNORED.
 **********
 **   45 **FIX            1
 **********
 **********
 **   46 **FIX            2
 **********
 PARAMETER    2  IS CONSTANT.   IGNORED.
 **********
 **   47 **FIX            3
 **********
 **********
 **   48 **FIX            4
 **********
 **********
 **   49 **FIX            5
 **********
 PARAMETER    5  IS CONSTANT.   IGNORED.
 **********
 **   50 **FIX            6
 **********
 **********
 **   51 **FIX            7
 **********
 **********
 **   52 **FIX           10
 **********
 PARAMETER   10  IS CONSTANT.   IGNORED.
 **********
 **   53 **FIX           11
 **********
 PARAMETER   11  IS CONSTANT.   IGNORED.
 **********
 **   54 **FIX           12
 **********
 PARAMETER   12  IS CONSTANT.   IGNORED.
 **********
 **   55 **FIX           13
 **********
 PARAMETER   13  IS CONSTANT.   IGNORED.
 **********
 **   56 **FIX           14
 **********
 **********
 **   57 **FIX           15
 **********
 PARAMETER   15  IS CONSTANT.   IGNORED.
 **********
 **   58 **FIX           16
 **********
 PARAMETER   16  IS CONSTANT.   IGNORED.
 **********
 **   59 **MIGRAD
 **********
 START MIGRAD MINIMIZATION.  STRATEGY  1.  CONVERGENCE WHEN EDM .LT. 1.00e-04
 FCN=296.168 FROM MIGRAD    STATUS=INITIATE       10 CALLS         568 TOTAL
                     EDM= unknown      STRATEGY= 1      NO ERROR MATRIX       
  EXT PARAMETER               CURRENT GUESS       STEP         FIRST   
  NO.   NAME      VALUE            ERROR          SIZE      DERIVATIVE 
   1  N0           2.93277e+06     fixed    
   2  tau          6.44064e+01   constant   
   3  A0           3.50501e-01     fixed    
   4  phi          4.11782e+00     fixed    
   5  R           -6.14263e+01   constant   
   6  A_CBO        1.24387e-03     fixed    
   7  w_CBO        2.32615e+00     fixed    
   8  phi_CBO      5.54058e+00   1.66481e+00   1.66481e+00  -1.67813e-02
   9  ANx2         5.09258e-04   constant   
  10  pNx2         1.79030e-01   constant   
  11  ANy1         0.00000e+00   constant   
  12  pNy1         0.00000e+00   constant   
  13  w_y          0.00000e+00   constant   
  14  ANy2         1.16454e-04     fixed    
  15  pNy2         6.17155e+00   constant   
  16  w_vw         1.43200e+01   constant   
  17  LM          -8.21731e-05   constant   
  18  wCBO_expCoeff   2.11673e+02   7.54968e+01   2.29420e-02   1.13501e-04
  19  wCBO_expOffset   2.04581e+02   1.04328e+01   3.15504e-03   8.27740e-04
  20  wCBO_expT    2.91105e+01   7.52697e-01   4.14808e-04  -1.00873e-02
  21  wCBO_linCoeff   0.00000e+00   constant   
  22  wCBO_const   2.69077e-04   2.87427e-02   5.80357e-06  -1.31340e-01
 MIGRAD MINIMIZATION HAS CONVERGED.
 MIGRAD WILL VERIFY CONVERGENCE AND ERROR MATRIX.
 COVARIANCE MATRIX CALCULATED SUCCESSFULLY
 FCN=296.168 FROM MIGRAD    STATUS=CONVERGED      77 CALLS         635 TOTAL
                     EDM=2.23016e-05    STRATEGY= 1      ERROR MATRIX ACCURATE 
  EXT PARAMETER                                   STEP         FIRST   
  NO.   NAME      VALUE            ERROR          SIZE      DERIVATIVE 
   1  N0           2.93277e+06     fixed    
   2  tau          6.44064e+01   constant   
   3  A0           3.50501e-01     fixed    
   4  phi          4.11782e+00     fixed    
   5  R           -6.14263e+01   constant   
   6  A_CBO        1.24387e-03     fixed    
   7  w_CBO        2.32615e+00     fixed    
   8  phi_CBO      5.56364e+00   1.66470e+00   8.18762e-03   2.71706e-04
   9  ANx2         5.09258e-04   constant   
  10  pNx2         1.79030e-01   constant   
  11  ANy1         0.00000e+00   constant   
  12  pNy1         0.00000e+00   constant   
  13  w_y          0.00000e+00   constant   
  14  ANy2         1.16454e-04     fixed    
  15  pNy2         6.17155e+00   constant   
  16  w_vw         1.43200e+01   constant   
  17  LM          -8.21731e-05   constant   
  18  wCBO_expCoeff   2.11665e+02   7.57471e+01   2.29517e-02   5.72522e-05
  19  wCBO_expOffset   2.04580e+02   1.04676e+01   3.15635e-03   4.16383e-04
  20  wCBO_expT    2.91106e+01   7.62142e-01   4.15103e-04  -5.76300e-03
  21  wCBO_linCoeff   0.00000e+00   constant   
  22  wCBO_const   2.84005e-04   1.63391e-03   5.79866e-06  -1.17253e-01
 EXTERNAL ERROR MATRIX.    NDIM=  25    NPAR=  5    ERR DEF=1
  2.771e+00  5.290e+00  7.696e-01 -2.352e-01  1.997e-03 
  5.290e+00  5.738e+03 -6.814e+02 -1.477e+01  1.615e-02 
  7.696e-01 -6.814e+02  1.096e+02 -2.174e+00  2.360e-03 
 -2.352e-01 -1.477e+01 -2.174e+00  5.809e-01 -6.858e-04 
  1.997e-03  1.615e-02  2.360e-03 -6.858e-04  2.670e-06 
 PARAMETER  CORRELATION COEFFICIENTS  
       NO.  GLOBAL      8     18     19     20     22
        8  0.81107   1.000  0.042  0.044 -0.185  0.734
       18  0.99935   0.042  1.000 -0.859 -0.256  0.130
       19  0.99936   0.044 -0.859  1.000 -0.273  0.138
       20  0.99790  -0.185 -0.256 -0.273  1.000 -0.551
       22  0.90703   0.734  0.130  0.138 -0.551  1.000
MINUIT - FIT ONLY 1-y
 **********
 **   60 **RES 
 **********
                   PARAMETER   14  ANy2 RESTORED TO VARIABLE.
                   PARAMETER    7  w_CBO RESTORED TO VARIABLE.
                   PARAMETER    6  A_CBO RESTORED TO VARIABLE.
                   PARAMETER    4  phi RESTORED TO VARIABLE.
                   PARAMETER    3  A0 RESTORED TO VARIABLE.
                   PARAMETER    1  N0 RESTORED TO VARIABLE.
 **********
 **   61 **FIX            0
 **********
 PARAMETER    0  IS UNDEFINED. IGNORED.
 **********
 **   62 **FIX            1
 **********
 **********
 **   63 **FIX            2
 **********
 PARAMETER    2  IS CONSTANT.   IGNORED.
 **********
 **   64 **FIX            3
 **********
 **********
 **   65 **FIX            4
 **********
 **********
 **   66 **FIX            5
 **********
 PARAMETER    5  IS CONSTANT.   IGNORED.
 **********
 **   67 **FIX            6
 **********
 **********
 **   68 **FIX            7
 **********
 **********
 **   69 **FIX            8
 **********
 **********
 **   70 **FIX            9
 **********
 PARAMETER    9  IS CONSTANT.   IGNORED.
 **********
 **   71 **FIX           13
 **********
 PARAMETER   13  IS CONSTANT.   IGNORED.
 **********
 **   72 **FIX           14
 **********
 **********
 **   73 **FIX           15
 **********
 PARAMETER   15  IS CONSTANT.   IGNORED.
 **********
 **   74 **FIX           16
 **********
 PARAMETER   16  IS CONSTANT.   IGNORED.
 **********
 **   75 **MIGRAD
 **********
 START MIGRAD MINIMIZATION.  STRATEGY  1.  CONVERGENCE WHEN EDM .LT. 1.00e-04
 FCN=296.168 FROM MIGRAD    STATUS=INITIATE        8 CALLS         643 TOTAL
                     EDM= unknown      STRATEGY= 1      NO ERROR MATRIX       
  EXT PARAMETER               CURRENT GUESS       STEP         FIRST   
  NO.   NAME      VALUE            ERROR          SIZE      DERIVATIVE 
   1  N0           2.93277e+06     fixed    
   2  tau          6.44064e+01   constant   
   3  A0           3.50501e-01     fixed    
   4  phi          4.11782e+00     fixed    
   5  R           -6.14263e+01   constant   
   6  A_CBO        1.24387e-03     fixed    
   7  w_CBO        2.32615e+00     fixed    
   8  phi_CBO      5.56364e+00     fixed    
   9  ANx2         5.09258e-04   constant   
  10  pNx2         1.79030e-01   constant   
  11  ANy1         0.00000e+00   constant   
  12  pNy1         0.00000e+00   constant   
  13  w_y          0.00000e+00   constant   
  14  ANy2         1.16454e-04     fixed    
  15  pNy2         6.17155e+00   constant   
  16  w_vw         1.43200e+01   constant   
  17  LM          -8.21731e-05   constant   
  18  wCBO_expCoeff   2.11665e+02   7.57471e+01   2.29517e-02   5.65977e-05
  19  wCBO_expOffset   2.04580e+02   1.04676e+01   3.15635e-03   4.13960e-04
  20  wCBO_expT    2.91106e+01   7.62142e-01   4.15103e-04  -5.84871e-03
  21  wCBO_linCoeff   0.00000e+00   constant   
  22  wCBO_const   2.84005e-04   1.63391e-03   5.79866e-06  -1.17809e-01
 MIGRAD MINIMIZATION HAS CONVERGED.
 MIGRAD WILL VERIFY CONVERGENCE AND ERROR MATRIX.
 COVARIANCE MATRIX CALCULATED SUCCESSFULLY
 FCN=296.168 FROM MIGRAD    STATUS=CONVERGED      43 CALLS         678 TOTAL
                     EDM=2.09518e-05    STRATEGY= 1      ERROR MATRIX ACCURATE 
  EXT PARAMETER                                   STEP         FIRST   
  NO.   NAME      VALUE            ERROR          SIZE      DERIVATIVE 
   1  N0           2.93277e+06     fixed    
   2  tau          6.44064e+01   constant   
   3  A0           3.50501e-01     fixed    
   4  phi          4.11782e+00     fixed    
   5  R           -6.14263e+01   constant   
   6  A_CBO        1.24387e-03     fixed    
   7  w_CBO        2.32615e+00     fixed    
   8  phi_CBO      5.56364e+00     fixed    
   9  ANx2         5.09258e-04   constant   
  10  pNx2         1.79030e-01   constant   
  11  ANy1         0.00000e+00   constant   
  12  pNy1         0.00000e+00   constant   
  13  w_y          0.00000e+00   constant   
  14  ANy2         1.16454e-04     fixed    
  15  pNy2         6.17155e+00   constant   
  16  w_vw         1.43200e+01   constant   
  17  LM          -8.21731e-05   constant   
  18  wCBO_expCoeff   2.11661e+02   7.56714e+01   2.29938e-02   2.50718e-04
  19  wCBO_expOffset   2.04579e+02   1.04519e+01   3.16237e-03   1.82304e-03
  20  wCBO_expT    2.91107e+01   7.48667e-01   4.15935e-04   6.74342e-03
  21  wCBO_linCoeff   0.00000e+00   constant   
  22  wCBO_const   2.84535e-04   1.10893e-03   5.79098e-06   2.08163e+00
 EXTERNAL ERROR MATRIX.    NDIM=  25    NPAR=  4    ERR DEF=1
  5.726e+03 -6.824e+02 -1.435e+01  1.237e-02 
 -6.824e+02  1.092e+02 -2.101e+00  1.799e-03 
 -1.435e+01 -2.101e+00  5.605e-01 -5.160e-04 
  1.237e-02  1.799e-03 -5.160e-04  1.230e-06 
 PARAMETER  CORRELATION COEFFICIENTS  
       NO.  GLOBAL     18     19     20     22
       18  0.99935   1.000 -0.863 -0.253  0.147
       19  0.99935  -0.863  1.000 -0.268  0.155
       20  0.99782  -0.253 -0.268  1.000 -0.621
       22  0.78428   0.147  0.155 -0.621  1.000
MINUIT - FIT ONLY 2-y
 **********
 **   76 **RES 
 **********
                   PARAMETER   14  ANy2 RESTORED TO VARIABLE.
                   PARAMETER    8  phi_CBO RESTORED TO VARIABLE.
                   PARAMETER    7  w_CBO RESTORED TO VARIABLE.
                   PARAMETER    6  A_CBO RESTORED TO VARIABLE.
                   PARAMETER    4  phi RESTORED TO VARIABLE.
                   PARAMETER    3  A0 RESTORED TO VARIABLE.
                   PARAMETER    1  N0 RESTORED TO VARIABLE.
 **********
 **   77 **FIX            0
 **********
 PARAMETER    0  IS UNDEFINED. IGNORED.
 **********
 **   78 **FIX            1
 **********
 **********
 **   79 **FIX            2
 **********
 PARAMETER    2  IS CONSTANT.   IGNORED.
 **********
 **   80 **FIX            3
 **********
 **********
 **   81 **FIX            4
 **********
 **********
 **   82 **FIX            5
 **********
 PARAMETER    5  IS CONSTANT.   IGNORED.
 **********
 **   83 **FIX            6
 **********
 **********
 **   84 **FIX            7
 **********
 **********
 **   85 **FIX            8
 **********
 **********
 **   86 **FIX            9
 **********
 PARAMETER    9  IS CONSTANT.   IGNORED.
 **********
 **   87 **FIX           10
 **********
 PARAMETER   10  IS CONSTANT.   IGNORED.
 **********
 **   88 **FIX           11
 **********
 PARAMETER   11  IS CONSTANT.   IGNORED.
 **********
 **   89 **FIX           12
 **********
 PARAMETER   12  IS CONSTANT.   IGNORED.
 **********
 **   90 **FIX           16
 **********
 PARAMETER   16  IS CONSTANT.   IGNORED.
 **********
 **   91 **MIGRAD
 **********
 START MIGRAD MINIMIZATION.  STRATEGY  1.  CONVERGENCE WHEN EDM .LT. 1.00e-04
 FCN=296.168 FROM MIGRAD    STATUS=INITIATE       10 CALLS         688 TOTAL
                     EDM= unknown      STRATEGY= 1      NO ERROR MATRIX       
  EXT PARAMETER               CURRENT GUESS       STEP         FIRST   
  NO.   NAME      VALUE            ERROR          SIZE      DERIVATIVE 
   1  N0           2.93277e+06     fixed    
   2  tau          6.44064e+01   constant   
   3  A0           3.50501e-01     fixed    
   4  phi          4.11782e+00     fixed    
   5  R           -6.14263e+01   constant   
   6  A_CBO        1.24387e-03     fixed    
   7  w_CBO        2.32615e+00     fixed    
   8  phi_CBO      5.56364e+00     fixed    
   9  ANx2         5.09258e-04   constant   
  10  pNx2         1.79030e-01   constant   
  11  ANy1         0.00000e+00   constant   
  12  pNy1         0.00000e+00   constant   
  13  w_y          0.00000e+00   constant   
  14  ANy2         1.16454e-04   1.24469e-03   1.24469e-03   6.00741e-02
  15  pNy2         6.17155e+00   constant   
  16  w_vw         1.43200e+01   constant   
  17  LM          -8.21731e-05   constant   
  18  wCBO_expCoeff   2.11661e+02   7.56714e+01   2.29938e-02   2.50063e-04
  19  wCBO_expOffset   2.04579e+02   1.04519e+01   3.16237e-03   1.82062e-03
  20  wCBO_expT    2.91107e+01   7.48667e-01   4.15935e-04   6.65767e-03
  21  wCBO_linCoeff   0.00000e+00   constant   
  22  wCBO_const   2.84535e-04   1.10893e-03   5.79098e-06   2.08104e+00
 MIGRAD MINIMIZATION HAS CONVERGED.
 MIGRAD WILL VERIFY CONVERGENCE AND ERROR MATRIX.
 COVARIANCE MATRIX CALCULATED SUCCESSFULLY
 FCN=296.168 FROM MIGRAD    STATUS=CONVERGED      53 CALLS         731 TOTAL
                     EDM=2.05733e-05    STRATEGY= 1      ERROR MATRIX ACCURATE 
  EXT PARAMETER                                   STEP         FIRST   
  NO.   NAME      VALUE            ERROR          SIZE      DERIVATIVE 
   1  N0           2.93277e+06     fixed    
   2  tau          6.44064e+01   constant   
   3  A0           3.50501e-01     fixed    
   4  phi          4.11782e+00     fixed    
   5  R           -6.14263e+01   constant   
   6  A_CBO        1.24387e-03     fixed    
   7  w_CBO        2.32615e+00     fixed    
   8  phi_CBO      5.56364e+00     fixed    
   9  ANx2         5.09258e-04   constant   
  10  pNx2         1.79030e-01   constant   
  11  ANy1         0.00000e+00   constant   
  12  pNy1         0.00000e+00   constant   
  13  w_y          0.00000e+00   constant   
  14  ANy2         1.16436e-04   1.24469e-03   1.04766e-05   4.24922e-02
  15  pNy2         6.17155e+00   constant   
  16  w_vw         1.43200e+01   constant   
  17  LM          -8.21731e-05   constant   
  18  wCBO_expCoeff   2.11660e+02   7.71515e+01   2.29967e-02  -1.16962e-04
  19  wCBO_expOffset   2.04579e+02   1.06656e+01   3.16284e-03  -8.50319e-04
  20  wCBO_expT    2.91107e+01   7.52101e-01   4.16006e-04  -1.40104e-02
  21  wCBO_linCoeff   0.00000e+00   constant   
  22  wCBO_const   2.84343e-04   1.11086e-03   5.79094e-06   6.71727e-01
 EXTERNAL ERROR MATRIX.    NDIM=  25    NPAR=  5    ERR DEF=1
  1.549e-06  3.517e-05  5.397e-06 -8.759e-07 -1.048e-10 
  3.517e-05  5.952e+03 -7.134e+02 -1.437e+01  1.239e-02 
  5.397e-06 -7.134e+02  1.138e+02 -2.136e+00  1.829e-03 
 -8.759e-07 -1.437e+01 -2.136e+00  5.657e-01 -5.206e-04 
 -1.048e-10  1.239e-02  1.829e-03 -5.206e-04  1.234e-06 
 PARAMETER  CORRELATION COEFFICIENTS  
       NO.  GLOBAL     14     18     19     20     22
       14  0.00772   1.000  0.000  0.000 -0.001 -0.000
       18  0.99937   0.000  1.000 -0.867 -0.248  0.145
       19  0.99938   0.000 -0.867  1.000 -0.266  0.154
       20  0.99784  -0.001 -0.248 -0.266  1.000 -0.623
       22  0.78516  -0.000  0.145  0.154 -0.623  1.000
MINUIT - FIT ALTOGETHER
 **********
 **   92 **RES 
 **********
                   PARAMETER    8  phi_CBO RESTORED TO VARIABLE.
                   PARAMETER    7  w_CBO RESTORED TO VARIABLE.
                   PARAMETER    6  A_CBO RESTORED TO VARIABLE.
                   PARAMETER    4  phi RESTORED TO VARIABLE.
                   PARAMETER    3  A0 RESTORED TO VARIABLE.
                   PARAMETER    1  N0 RESTORED TO VARIABLE.
 **********
 **   93 **MIGRAD
 **********
 START MIGRAD MINIMIZATION.  STRATEGY  1.  CONVERGENCE WHEN EDM .LT. 1.00e-04
 FCN=296.168 FROM MIGRAD    STATUS=INITIATE       22 CALLS         753 TOTAL
                     EDM= unknown      STRATEGY= 1      NO ERROR MATRIX       
  EXT PARAMETER               CURRENT GUESS       STEP         FIRST   
  NO.   NAME      VALUE            ERROR          SIZE      DERIVATIVE 
   1  N0           2.93277e+06   2.56809e+03   2.56809e+03  -3.32780e-05
   2  tau          6.44064e+01   constant   
   3  A0           3.50501e-01   1.20731e-03   1.20731e-03   7.89058e+01
