 + ++++++++++++++++++++++++++++++++++++++++++++++++++++++++++++++++++++ +
 +                                                                      +
 +           You have chose to blind your fitting according to          +
 +                omega_ref * (1 + (R +/- deltaR) *10^{-6})             +
 +                                                                      +
 + ++++++++++++++++++++++++++++++++++++++++++++++++++++++++++++++++++++ +
In main()...
reading format from /gm2data/zkhechad/run45/envelope/formats/formatB_sBin_constraintOn.txt
pBinTau 	= 0  
pBinPhi 	= 0  
constraintau 	= 1 
includeMopTerm 	= 0    
constrainMop    = 0   
Parameters after format file: pBinTau 0 pBinPhi 0 constraintau 1 includeMopTerm 0 constrainMop 0 c_e_scale 0.000000 
reading cbo reference file (full fit) from /gm2data/zkhechad/cboTemplates/Run4CBOTemplates/fullFits/run4/sBin_constraintOn_cE0.0_seed0_run4_calo22.root
A_CBO 0.009526 w_CBO 2.326135 phi_CBO 3.153773 N0 2910883.778789 R -61.156963 tau 64.406920 
Reading cboRef file /gm2data/zkhechad/cboTemplates/Run4CBOTemplates//cboIsolate/run4_calo22.root
deltaT 34.824754
windowBins = 230
fitting sliding window 760 from bin 963 at 143.679600 to bin 1193 at 177.995600 (230 bins)

Reading data from /gm2data/cornell/histograms/aMethod/histogram_a_run4.root
fitting cbo isolate
 **********
 **    1 **SET PRINTOUT            1
 **********
 **********
 **    2 **SET NOWARNINGS 
 **********
 PARAMETER DEFINITIONS:
    NO.   NAME         VALUE      STEP SIZE      LIMITS
     1 A_CBO        9.52554e-03  1.00000e-05     no limits
     2 w_CBO        2.32614e+00  1.00000e-02    2.00000e+00  3.00000e+00
     3 phi_CBO      3.15377e+00  1.00000e-02    0.00000e+00  6.28319e+00
 **********
 **    3 **MIGRAD
 **********
 FIRST CALL TO USER FUNCTION AT NEW START POINT, WITH IFLAG=4.
 START MIGRAD MINIMIZATION.  STRATEGY  1.  CONVERGENCE WHEN EDM .LT. 1.00e-04
 FCN=0.00327625 FROM MIGRAD    STATUS=INITIATE       12 CALLS          13 TOTAL
                     EDM= unknown      STRATEGY= 1      NO ERROR MATRIX       
  EXT PARAMETER               CURRENT GUESS       STEP         FIRST   
  NO.   NAME      VALUE            ERROR          SIZE      DERIVATIVE 
   1  A_CBO        9.52554e-03   1.00000e-05   1.00000e-05   1.14003e+00
   2  w_CBO        2.32614e+00   1.00000e-02   2.13335e-02  -2.44988e-02
   3  phi_CBO      3.15377e+00   1.00000e-02   3.18313e-03   9.98665e-04
 MIGRAD MINIMIZATION HAS CONVERGED.
 MIGRAD WILL VERIFY CONVERGENCE AND ERROR MATRIX.
 COVARIANCE MATRIX CALCULATED SUCCESSFULLY
 FCN=0.000417455 FROM MIGRAD    STATUS=CONVERGED      41 CALLS          42 TOTAL
                     EDM=5.13646e-06    STRATEGY= 1      ERROR MATRIX ACCURATE 
  EXT PARAMETER                                   STEP         FIRST   
  NO.   NAME      VALUE            ERROR          SIZE      DERIVATIVE 
   1  A_CBO        4.50958e-03   9.50462e-02   4.58170e-05   7.47046e-06
   2  w_CBO        2.32633e+00   8.35591e-01   1.33067e-04   1.15647e-02
   3  phi_CBO      3.12280e+00   3.42164e+00   3.19509e-03  -4.86261e-04
 EXTERNAL ERROR MATRIX.    NDIM=  25    NPAR=  3    ERR DEF=1
  9.034e-03 -3.142e-02 -4.991e+00 
 -3.142e-02  4.368e+00  7.012e+02 
 -4.991e+00  7.012e+02  1.130e+05 
 PARAMETER  CORRELATION COEFFICIENTS  
       NO.  GLOBAL      1      2      3
        1  0.16053   1.000 -0.158 -0.156
        2  0.99813  -0.158  1.000  0.998
        3  0.99813  -0.156  0.998  1.000
setting A_CBO=0.004510 w_CBO=2.326332, phi_CBO=3.122803
done fitting cbo isolate
 **********
 **    1 **SET PRINTOUT            1
 **********
 **********
 **    2 **SET NOWARNINGS 
 **********
 PARAMETER DEFINITIONS:
    NO.   NAME         VALUE      STEP SIZE      LIMITS
     1 N0           2.91088e+06  1.00000e+02     no limits
     2 tau          6.44069e+01  constant
     3 A0           3.51795e-01  1.00000e-04     no limits
     4 phi          4.11585e+00  1.00000e-02     no limits
     5 R           -6.11570e+01  constant
     6 A_CBO        4.50958e-03  1.00000e-05     no limits
     7 w_CBO        2.32633e+00  1.00000e-03     no limits
     8 phi_CBO      3.12280e+00  1.00000e-04     no limits
     9 ANx2         8.59960e-04  constant
    10 pNx2         1.29548e+00  constant
    11 ANy1         0.00000e+00  constant
    12 pNy1         0.00000e+00  constant
    13 w_y          0.00000e+00  constant
    14 ANy2         8.55552e-03  1.00000e-04     no limits
    15 pNy2         3.07836e+00  constant
    16 w_vw         1.43006e+01  constant
    17 LM           1.55944e-04  constant
    18 wCBO_expCoeff   2.00000e+02  1.00000e+00     no limits
    19 wCBO_expOffset   2.00000e+02  1.00000e+00     no limits
    20 wCBO_expT    3.00000e+01  1.00000e+00     no limits
    21 wCBO_linCoeff   0.00000e+00  constant
    22 wCBO_const   0.00000e+00  1.00000e-02     no limits
MINUIT - FIT ONLY WIGGLE
 **********
 **    3 **FIX            5
 **********
 PARAMETER    5  IS CONSTANT.   IGNORED.
 **********
 **    4 **FIX            6
 **********
 **********
 **    5 **FIX            7
 **********
 **********
 **    6 **FIX            8
 **********
 **********
 **    7 **FIX            9
 **********
 PARAMETER    9  IS CONSTANT.   IGNORED.
 **********
 **    8 **FIX           10
 **********
 PARAMETER   10  IS CONSTANT.   IGNORED.
 **********
 **    9 **FIX           11
 **********
 PARAMETER   11  IS CONSTANT.   IGNORED.
 **********
 **   10 **FIX           12
 **********
 PARAMETER   12  IS CONSTANT.   IGNORED.
 **********
 **   11 **FIX           13
 **********
 PARAMETER   13  IS CONSTANT.   IGNORED.
 **********
 **   12 **FIX           14
 **********
 **********
 **   13 **FIX           15
 **********
 PARAMETER   15  IS CONSTANT.   IGNORED.
 **********
 **   14 **FIX           16
 **********
 PARAMETER   16  IS CONSTANT.   IGNORED.
 **********
 **   15 **MIGRAD
 **********
 FIRST CALL TO USER FUNCTION AT NEW START POINT, WITH IFLAG=4.
 START MIGRAD MINIMIZATION.  STRATEGY  1.  CONVERGENCE WHEN EDM .LT. 1.00e-04
 FCN=2207.55 FROM MIGRAD    STATUS=INITIATE       34 CALLS          35 TOTAL
                     EDM= unknown      STRATEGY= 1      NO ERROR MATRIX       
  EXT PARAMETER               CURRENT GUESS       STEP         FIRST   
  NO.   NAME      VALUE            ERROR          SIZE      DERIVATIVE 
   1  N0           2.91088e+06   1.00000e+02   1.00000e+02   3.82620e-03
   2  tau          6.44069e+01   constant   
   3  A0           3.51795e-01   1.00000e-04   1.00000e-04  -1.13014e+04
   4  phi          4.11585e+00   1.00000e-02   1.00000e-02  -4.20147e+03
   5  R           -6.11570e+01   constant   
   6  A_CBO        4.50958e-03     fixed    
   7  w_CBO        2.32633e+00     fixed    
   8  phi_CBO      3.12280e+00     fixed    
   9  ANx2         8.59960e-04   constant   
  10  pNx2         1.29548e+00   constant   
  11  ANy1         0.00000e+00   constant   
  12  pNy1         0.00000e+00   constant   
  13  w_y          0.00000e+00   constant   
  14  ANy2         8.55552e-03     fixed    
  15  pNy2         3.07836e+00   constant   
  16  w_vw         1.43006e+01   constant   
  17  LM           1.55944e-04   constant   
  18  wCBO_expCoeff   2.00000e+02   1.00000e+00   1.00000e+00  -7.31494e+04
  19  wCBO_expOffset   2.00000e+02   1.00000e+00   1.00000e+00   2.67413e+05
  20  wCBO_expT    3.00000e+01   1.00000e+00   1.00000e+00  -2.05076e+05
  21  wCBO_linCoeff   0.00000e+00   constant   
  22  wCBO_const   0.00000e+00   1.00000e-02   1.00000e-02   6.33716e+03
 MIGRAD FAILS TO FIND IMPROVEMENT
 FCN=2207.55 FROM HESSE     STATUS=NOT POSDEF     56 CALLS         102 TOTAL
                     EDM=16844    STRATEGY= 1      ERR MATRIX NOT POS-DEF
  EXT PARAMETER                APPROXIMATE        STEP         FIRST   
  NO.   NAME      VALUE            ERROR          SIZE      DERIVATIVE 
   1  N0           2.91088e+06   3.74577e+02   1.04235e+01   3.82620e-03
   2  tau          6.44069e+01   constant   
   3  A0           3.51795e-01   2.77600e-04   4.76310e-06  -1.13014e+04
   4  phi          4.11585e+00   5.73521e-04   2.29469e-05  -4.20147e+03
   5  R           -6.11570e+01   constant   
   6  A_CBO        4.50958e-03     fixed    
   7  w_CBO        2.32633e+00     fixed    
   8  phi_CBO      3.12280e+00     fixed    
   9  ANx2         8.59960e-04   constant   
  10  pNx2         1.29548e+00   constant   
  11  ANy1         0.00000e+00   constant   
  12  pNy1         0.00000e+00   constant   
  13  w_y          0.00000e+00   constant   
  14  ANy2         8.55552e-03     fixed    
  15  pNy2         3.07836e+00   constant   
  16  w_vw         1.43006e+01   constant   
  17  LM           1.55944e-04   constant   
  18  wCBO_expCoeff   2.00000e+02   1.38479e-03   2.29469e-04  -8.80037e+04
  19  wCBO_expOffset   2.00000e+02   9.16793e-05   2.29469e-04  -5.78938e+05
  20  wCBO_expT    3.00000e+01   1.08961e-04   2.29469e-04   1.59464e+06
  21  wCBO_linCoeff   0.00000e+00   constant   
  22  wCBO_const   0.00000e+00   2.60911e-03   2.29469e-05   6.33771e+03
 MIGRAD FAILS TO FIND IMPROVEMENT
 MIGRAD TERMINATED WITHOUT CONVERGENCE.
 FCN=2105.61 FROM MIGRAD    STATUS=FAILED        541 CALLS         542 TOTAL
                     EDM=231.515    STRATEGY= 1      ERR MATRIX NOT POS-DEF
  EXT PARAMETER                APPROXIMATE        STEP         FIRST   
  NO.   NAME      VALUE            ERROR          SIZE      DERIVATIVE 
   1  N0           2.90997e+06   3.19548e+02  -0.00000e+00  -5.49020e-03
   2  tau          6.44069e+01   constant   
   3  A0           3.52075e-01   1.68945e-04  -0.00000e+00   8.27386e+03
   4  phi          4.11535e+00   4.88360e-04   0.00000e+00  -7.13900e+02
   5  R           -6.11570e+01   constant   
   6  A_CBO        4.50958e-03     fixed    
   7  w_CBO        2.32633e+00     fixed    
   8  phi_CBO      3.12280e+00     fixed    
   9  ANx2         8.59960e-04   constant   
  10  pNx2         1.29548e+00   constant   
  11  ANy1         0.00000e+00   constant   
  12  pNy1         0.00000e+00   constant   
  13  w_y          0.00000e+00   constant   
  14  ANy2         8.55552e-03     fixed    
  15  pNy2         3.07836e+00   constant   
  16  w_vw         1.43006e+01   constant   
  17  LM           1.55944e-04   constant   
  18  wCBO_expCoeff   2.00004e+02   1.88813e-04   0.00000e+00  -1.75148e+05
  19  wCBO_expOffset   2.00000e+02   5.50449e-05  -0.00000e+00  -5.76314e+05
  20  wCBO_expT    2.99997e+01   2.12340e-05  -0.00000e+00   2.04589e+06
  21  wCBO_linCoeff   0.00000e+00   constant   
  22  wCBO_const  -7.98607e-03   2.81156e-04  -0.00000e+00  -2.89908e+04
 EXTERNAL ERROR MATRIX.    NDIM=  25    NPAR=  7    ERR DEF=1
  1.021e+05  2.292e-03 -6.739e-03 -3.557e-03  2.792e-03  1.447e-03 -1.574e-02 
  2.292e-03  2.854e-08 -1.980e-09 -6.314e-09  2.135e-09  7.509e-10  3.025e-09 
 -6.739e-03 -1.980e-09  2.385e-07  3.567e-09 -3.774e-09 -1.761e-09 -3.321e-09 
 -3.557e-03 -6.314e-09  3.567e-09  3.565e-08 -8.051e-09 -2.140e-09 -4.506e-08 
  2.792e-03  2.135e-09 -3.774e-09 -8.051e-09  3.030e-09  1.096e-09  7.207e-09 
  1.447e-03  7.509e-10 -1.761e-09 -2.140e-09  1.096e-09  4.509e-10  1.519e-09 
 -1.574e-02  3.025e-09 -3.321e-09 -4.506e-08  7.207e-09  1.519e-09  7.905e-08 
ERR MATRIX NOT POS-DEF
 PARAMETER  CORRELATION COEFFICIENTS  
       NO.  GLOBAL      1      3      4     18     19     20     22
        1  0.88342   1.000  0.042 -0.043 -0.059  0.159  0.213 -0.175
        3  0.52573   0.042  1.000 -0.024 -0.198  0.230  0.209  0.064
        4  0.31663  -0.043 -0.024  1.000  0.039 -0.140 -0.170 -0.024
       18  0.99825  -0.059 -0.198  0.039  1.000 -0.775 -0.534 -0.849
       19  0.99924   0.159  0.230 -0.140 -0.775  1.000  0.938  0.466
       20  0.99836   0.213  0.209 -0.170 -0.534  0.938  1.000  0.254
       22  0.99064  -0.175  0.064 -0.024 -0.849  0.466  0.254  1.000
 ERR MATRIX NOT POS-DEF
MINUIT - FIT ONLY 1-CBO + other amplitudes 
 **********
 **   16 **RES 
 **********
                   PARAMETER   14  ANy2 RESTORED TO VARIABLE.
                   PARAMETER    8  phi_CBO RESTORED TO VARIABLE.
                   PARAMETER    7  w_CBO RESTORED TO VARIABLE.
                   PARAMETER    6  A_CBO RESTORED TO VARIABLE.
 **********
 **   17 **FIX            0
 **********
 PARAMETER    0  IS UNDEFINED. IGNORED.
 **********
 **   18 **FIX            1
 **********
 **********
 **   19 **FIX            2
 **********
 PARAMETER    2  IS CONSTANT.   IGNORED.
 **********
 **   20 **FIX            3
 **********
 **********
 **   21 **FIX            4
 **********
 **********
 **   22 **FIX            9
 **********
 PARAMETER    9  IS CONSTANT.   IGNORED.
 **********
 **   23 **FIX           11
 **********
 PARAMETER   11  IS CONSTANT.   IGNORED.
 **********
 **   24 **FIX           12
 **********
 PARAMETER   12  IS CONSTANT.   IGNORED.
 **********
 **   25 **FIX           14
 **********
 **********
 **   26 **FIX           15
 **********
 PARAMETER   15  IS CONSTANT.   IGNORED.
 **********
 **   27 **FIX           16
 **********
 PARAMETER   16  IS CONSTANT.   IGNORED.
 **********
 **   28 **MIGRAD
 **********
 START MIGRAD MINIMIZATION.  STRATEGY  1.  CONVERGENCE WHEN EDM .LT. 1.00e-04
 FCN=2105.61 FROM MIGRAD    STATUS=INITIATE       22 CALLS         564 TOTAL
                     EDM= unknown      STRATEGY= 1      NO ERROR MATRIX       
  EXT PARAMETER               CURRENT GUESS       STEP         FIRST   
  NO.   NAME      VALUE            ERROR          SIZE      DERIVATIVE 
   1  N0           2.90997e+06     fixed    
   2  tau          6.44069e+01   constant   
   3  A0           3.52075e-01     fixed    
   4  phi          4.11535e+00     fixed    
   5  R           -6.11570e+01   constant   
   6  A_CBO        4.50958e-03   1.00000e-05   1.00000e-05   1.35435e+05
   7  w_CBO        2.32633e+00   1.00000e-03   1.00000e-03  -1.50700e+07
   8  phi_CBO      3.12280e+00   1.00000e-04   1.00000e-04   4.87723e+01
   9  ANx2         8.59960e-04   constant   
  10  pNx2         1.29548e+00   constant   
  11  ANy1         0.00000e+00   constant   
  12  pNy1         0.00000e+00   constant   
  13  w_y          0.00000e+00   constant   
  14  ANy2         8.55552e-03     fixed    
  15  pNy2         3.07836e+00   constant   
  16  w_vw         1.43006e+01   constant   
  17  LM           1.55944e-04   constant   
  18  wCBO_expCoeff   2.00004e+02   1.88813e-04   0.00000e+00  -1.75148e+05
  19  wCBO_expOffset   2.00000e+02   5.50449e-05  -0.00000e+00  -5.76314e+05
  20  wCBO_expT    2.99997e+01   2.12340e-05  -0.00000e+00   2.04589e+06
  21  wCBO_linCoeff   0.00000e+00   constant   
  22  wCBO_const  -7.98607e-03   2.81156e-04  -0.00000e+00  -2.89908e+04
 MIGRAD FAILS TO FIND IMPROVEMENT
 FCN=1876.33 FROM HESSE     STATUS=NOT POSDEF     54 CALLS        1381 TOTAL
                     EDM=51.06    STRATEGY= 1      ERR MATRIX NOT POS-DEF
  EXT PARAMETER                APPROXIMATE        STEP         FIRST   
  NO.   NAME      VALUE            ERROR          SIZE      DERIVATIVE 
   1  N0           2.90997e+06     fixed    
   2  tau          6.44069e+01   constant   
   3  A0           3.52075e-01     fixed    
   4  phi          4.11535e+00     fixed    
   5  R           -6.11570e+01   constant   
   6  A_CBO        1.33213e-03   6.61093e-04   4.55866e-06  -1.84838e+03
   7  w_CBO        2.32637e+00   3.42176e-06   1.10930e-06  -1.41261e+06
   8  phi_CBO      3.93180e+00   6.38561e-01   3.59478e-03   2.28169e+01
   9  ANx2         8.59960e-04   constant   
  10  pNx2         1.29548e+00   constant   
  11  ANy1         0.00000e+00   constant   
  12  pNy1         0.00000e+00   constant   
  13  w_y          0.00000e+00   constant   
  14  ANy2         8.55552e-03     fixed    
  15  pNy2         3.07836e+00   constant   
  16  w_vw         1.43006e+01   constant   
  17  LM           1.55944e-04   constant   
  18  wCBO_expCoeff   2.00007e+02   2.94036e-04   9.53708e-05  -1.64185e+04
  19  wCBO_expOffset   1.99998e+02   5.76931e-05   9.53664e-05  -7.90306e+04
  20  wCBO_expT    2.99993e+01   4.67043e-05   1.43048e-05   2.19494e+05
  21  wCBO_linCoeff   0.00000e+00   constant   
  22  wCBO_const   9.16736e-04   8.66946e-04   4.88169e-06  -2.50558e+03
 CALL LIMIT EXCEEDED IN MIGRAD.
 MIGRAD TERMINATED WITHOUT CONVERGENCE.
 FCN=1873.86 FROM MIGRAD    STATUS=CALL LIMIT   1152 CALLS        1694 TOTAL
                     EDM=23.893    STRATEGY= 1      ERR MATRIX NOT POS-DEF
  EXT PARAMETER                APPROXIMATE        STEP         FIRST   
  NO.   NAME      VALUE            ERROR          SIZE      DERIVATIVE 
   1  N0           2.90997e+06     fixed    
   2  tau          6.44069e+01   constant   
   3  A0           3.52075e-01     fixed    
   4  phi          4.11535e+00     fixed    
   5  R           -6.11570e+01   constant   
   6  A_CBO        1.59656e-03   2.52711e-04   1.85623e-07   7.49148e+03
   7  w_CBO        2.32637e+00   2.35978e-06  -2.45168e-09  -4.27029e+06
   8  phi_CBO      3.56940e+00   3.07989e-01  -4.28426e-04   1.02734e+01
   9  ANx2         8.59960e-04   constant   
  10  pNx2         1.29548e+00   constant   
  11  ANy1         0.00000e+00   constant   
  12  pNy1         0.00000e+00   constant   
  13  w_y          0.00000e+00   constant   
  14  ANy2         8.55552e-03     fixed    
  15  pNy2         3.07836e+00   constant   
  16  w_vw         1.43006e+01   constant   
  17  LM           1.55944e-04   constant   
  18  wCBO_expCoeff   2.00007e+02   2.02674e-04  -2.10303e-07  -4.96241e+04
  19  wCBO_expOffset   1.99998e+02   5.05285e-05  -6.67985e-08  -9.74902e+04
  20  wCBO_expT    2.99993e+01   4.13860e-05  -5.43881e-08   5.25596e+05
  21  wCBO_linCoeff   0.00000e+00   constant   
  22  wCBO_const   1.30881e-03   8.57615e-04   9.86656e-07  -9.85734e+03
 EXTERNAL ERROR MATRIX.    NDIM=  25    NPAR=  7    ERR DEF=1
  6.386e-08 -3.271e-10 -3.908e-05 -2.806e-08 -8.495e-09 -6.975e-09  1.324e-07 
 -3.271e-10  5.569e-12  5.654e-07  2.506e-10  9.673e-11  8.175e-11 -1.666e-09 
 -3.908e-05  5.654e-07  9.486e-02  4.851e-05  1.512e-05  1.200e-05 -2.287e-04 
 -2.806e-08  2.506e-10  4.851e-05  4.108e-08  8.300e-09  7.015e-09 -1.429e-07 
 -8.495e-09  9.673e-11  1.512e-05  8.300e-09  2.553e-09  2.040e-09 -3.823e-08 
 -6.975e-09  8.175e-11  1.200e-05  7.015e-09  2.040e-09  1.713e-09 -3.092e-08 
  1.324e-07 -1.666e-09 -2.287e-04 -1.429e-07 -3.823e-08 -3.092e-08  7.355e-07 
ERR MATRIX NOT POS-DEF
 PARAMETER  CORRELATION COEFFICIENTS  
       NO.  GLOBAL      6      7      8     18     19     20     22
        6  0.95459   1.000 -0.548 -0.502 -0.548 -0.665 -0.667  0.611
        7  0.98401  -0.548  1.000  0.778  0.524  0.811  0.837 -0.823
        8  0.99574  -0.502  0.778  1.000  0.777  0.971  0.941 -0.866
       18  0.98394  -0.548  0.524  0.777  1.000  0.810  0.836 -0.822
       19  0.99562  -0.665  0.811  0.971  0.810  1.000  0.976 -0.882
       20  0.99519  -0.667  0.837  0.941  0.836  0.976  1.000 -0.871
       22  0.98556   0.611 -0.823 -0.866 -0.822 -0.882 -0.871  1.000
 ERR MATRIX NOT POS-DEF
MINUIT - FIT ONLY 1-CBO
 **********
 **   29 **RES 
 **********
                   PARAMETER   14  ANy2 RESTORED TO VARIABLE.
                   PARAMETER    4  phi RESTORED TO VARIABLE.
                   PARAMETER    3  A0 RESTORED TO VARIABLE.
                   PARAMETER    1  N0 RESTORED TO VARIABLE.
 **********
 **   30 **FIX            0
 **********
 PARAMETER    0  IS UNDEFINED. IGNORED.
 **********
 **   31 **FIX            1
 **********
 **********
 **   32 **FIX            2
 **********
 PARAMETER    2  IS CONSTANT.   IGNORED.
 **********
 **   33 **FIX            3
 **********
 **********
 **   34 **FIX            4
 **********
 **********
 **   35 **FIX            8
 **********
 **********
 **   36 **FIX            9
 **********
 PARAMETER    9  IS CONSTANT.   IGNORED.
 **********
 **   37 **FIX           11
 **********
 PARAMETER   11  IS CONSTANT.   IGNORED.
 **********
 **   38 **FIX           12
 **********
 PARAMETER   12  IS CONSTANT.   IGNORED.
 **********
 **   39 **FIX           13
 **********
 PARAMETER   13  IS CONSTANT.   IGNORED.
 **********
 **   40 **FIX           15
 **********
 PARAMETER   15  IS CONSTANT.   IGNORED.
 **********
 **   41 **FIX           16
 **********
 PARAMETER   16  IS CONSTANT.   IGNORED.
 **********
 **   42 **MIGRAD
 **********
 START MIGRAD MINIMIZATION.  STRATEGY  1.  CONVERGENCE WHEN EDM .LT. 1.00e-04
 FCN=1873.86 FROM MIGRAD    STATUS=INITIATE       16 CALLS        1710 TOTAL
                     EDM= unknown      STRATEGY= 1      NO ERROR MATRIX       
  EXT PARAMETER               CURRENT GUESS       STEP         FIRST   
  NO.   NAME      VALUE            ERROR          SIZE      DERIVATIVE 
   1  N0           2.90997e+06     fixed    
   2  tau          6.44069e+01   constant   
   3  A0           3.52075e-01     fixed    
   4  phi          4.11535e+00     fixed    
   5  R           -6.11570e+01   constant   
   6  A_CBO        1.59656e-03   2.52711e-04   1.85623e-07   7.49148e+03
   7  w_CBO        2.32637e+00   2.35978e-06  -2.45168e-09  -4.27029e+06
   8  phi_CBO      3.56940e+00     fixed    
   9  ANx2         8.59960e-04   constant   
  10  pNx2         1.29548e+00   constant   
  11  ANy1         0.00000e+00   constant   
  12  pNy1         0.00000e+00   constant   
  13  w_y          0.00000e+00   constant   
  14  ANy2         8.55552e-03   1.00000e-04   1.00000e-04   3.30366e+05
  15  pNy2         3.07836e+00   constant   
  16  w_vw         1.43006e+01   constant   
  17  LM           1.55944e-04   constant   
  18  wCBO_expCoeff   2.00007e+02   2.02674e-04  -2.10303e-07  -4.96241e+04
  19  wCBO_expOffset   1.99998e+02   5.05285e-05  -6.67985e-08  -9.74902e+04
  20  wCBO_expT    2.99993e+01   4.13860e-05  -5.43881e-08   5.25596e+05
  21  wCBO_linCoeff   0.00000e+00   constant   
  22  wCBO_const   1.30881e-03   8.57615e-04   9.86656e-07  -9.85734e+03
 MIGRAD FAILS TO FIND IMPROVEMENT
 FCN=497.912 FROM HESSE     STATUS=NOT POSDEF     54 CALLS        1877 TOTAL
                     EDM=0.728228    STRATEGY= 1      ERR MATRIX NOT POS-DEF
  EXT PARAMETER                APPROXIMATE        STEP         FIRST   
  NO.   NAME      VALUE            ERROR          SIZE      DERIVATIVE 
   1  N0           2.90997e+06     fixed    
   2  tau          6.44069e+01   constant   
   3  A0           3.52075e-01     fixed    
   4  phi          4.11535e+00     fixed    
   5  R           -6.11570e+01   constant   
   6  A_CBO        4.97628e-04   2.33841e-04   2.28210e-06  -3.69582e+03
   7  w_CBO        2.32636e+00   6.72594e-06   1.10930e-06   8.40102e+05
   8  phi_CBO      3.56940e+00     fixed    
   9  ANx2         8.59960e-04   constant   
  10  pNx2         1.29548e+00   constant   
  11  ANy1         0.00000e+00   constant   
  12  pNy1         0.00000e+00   constant   
  13  w_y          0.00000e+00   constant   
  14  ANy2         1.05033e-04   3.04396e-04   2.41994e-06  -3.34577e+03
  15  pNy2         3.07836e+00   constant   
  16  w_vw         1.43006e+01   constant   
  17  LM           1.55944e-04   constant   
  18  wCBO_expCoeff   2.00006e+02   5.79716e-04   9.53705e-05   9.76405e+03
  19  wCBO_expOffset   1.99998e+02   3.66936e-05   9.53665e-05   6.43210e+04
  20  wCBO_expT    2.99994e+01   1.36746e-04   1.43048e-05  -1.13943e+05
  21  wCBO_linCoeff   0.00000e+00   constant   
  22  wCBO_const   4.11767e-03   8.72914e-04   4.38953e-06   1.57726e+03
 MIGRAD FAILS TO FIND IMPROVEMENT
 MIGRAD TERMINATED WITHOUT CONVERGENCE.
 FCN=497.211 FROM MIGRAD    STATUS=FAILED        226 CALLS        1920 TOTAL
                     EDM=0.414756    STRATEGY= 1      ERR MATRIX NOT POS-DEF
  EXT PARAMETER                APPROXIMATE        STEP         FIRST   
  NO.   NAME      VALUE            ERROR          SIZE      DERIVATIVE 
   1  N0           2.90997e+06     fixed    
   2  tau          6.44069e+01   constant   
   3  A0           3.52075e-01     fixed    
   4  phi          4.11535e+00     fixed    
   5  R           -6.11570e+01   constant   
   6  A_CBO        5.17600e-04   2.12789e-04   0.00000e+00  -1.60599e+02
   7  w_CBO        2.32636e+00   2.91096e-06  -0.00000e+00  -6.34559e+03
   8  phi_CBO      3.56940e+00     fixed    
   9  ANx2         8.59960e-04   constant   
  10  pNx2         1.29548e+00   constant   
  11  ANy1         0.00000e+00   constant   
  12  pNy1         0.00000e+00   constant   
  13  w_y          0.00000e+00   constant   
  14  ANy2         1.45247e-04   2.18344e-04   0.00000e+00  -7.33228e+02
  15  pNy2         3.07836e+00   constant   
  16  w_vw         1.43006e+01   constant   
  17  LM           1.55944e-04   constant   
  18  wCBO_expCoeff   2.00006e+02   2.50833e-04  -0.00000e+00  -7.20047e+01
  19  wCBO_expOffset   1.99998e+02   1.78505e-05   0.00000e+00  -5.95751e+04
  20  wCBO_expT    2.99994e+01   5.02766e-05   0.00000e+00   1.45479e+04
  21  wCBO_linCoeff   0.00000e+00   constant   
  22  wCBO_const   4.36628e-03   6.14538e-04  -0.00000e+00  -5.72010e+01
 EXTERNAL ERROR MATRIX.    NDIM=  25    NPAR=  7    ERR DEF=1
  4.528e-08 -8.983e-11  8.539e-09 -7.744e-09 -4.520e-10 -3.125e-09 -3.109e-08 
 -8.983e-11  8.474e-12 -1.323e-10  4.044e-10  2.911e-11  1.165e-10 -5.190e-10 
  8.539e-09 -1.323e-10  4.767e-08 -1.141e-08 -7.277e-10 -3.049e-09 -4.667e-09 
 -7.744e-09  4.044e-10 -1.141e-08  6.292e-08  2.510e-09  1.005e-08 -4.465e-08 
 -4.520e-10  2.911e-11 -7.277e-10  2.510e-09  3.186e-10  6.419e-10 -1.408e-09 
 -3.125e-09  1.165e-10 -3.049e-09  1.005e-08  6.419e-10  2.528e-09  1.474e-09 
 -3.109e-08 -5.190e-10 -4.667e-09 -4.465e-08 -1.408e-09  1.474e-09  3.777e-07 
ERR MATRIX NOT POS-DEF
 PARAMETER  CORRELATION COEFFICIENTS  
       NO.  GLOBAL      6      7     14     18     19     20     22
        6  0.40959   1.000 -0.145  0.184 -0.145 -0.119 -0.292 -0.238
        7  0.95233  -0.145  1.000 -0.208  0.554  0.560  0.796 -0.290
       14  0.29918   0.184 -0.208  1.000 -0.208 -0.187 -0.278 -0.035
       18  0.95241  -0.145  0.554 -0.208  1.000  0.561  0.797 -0.290
       19  0.81063  -0.119  0.560 -0.187  0.561  1.000  0.715 -0.128
       20  0.98560  -0.292  0.796 -0.278  0.797  0.715  1.000  0.048
       22  0.90824  -0.238 -0.290 -0.035 -0.290 -0.128  0.048  1.000
 ERR MATRIX NOT POS-DEF
MINUIT - FIT ONLY 2-CBO
 **********
 **   43 **RES 
 **********
                   PARAMETER    8  phi_CBO RESTORED TO VARIABLE.
                   PARAMETER    4  phi RESTORED TO VARIABLE.
                   PARAMETER    3  A0 RESTORED TO VARIABLE.
                   PARAMETER    1  N0 RESTORED TO VARIABLE.
 **********
 **   44 **FIX            0
 **********
 PARAMETER    0  IS UNDEFINED. IGNORED.
 **********
 **   45 **FIX            1
 **********
 **********
 **   46 **FIX            2
 **********
 PARAMETER    2  IS CONSTANT.   IGNORED.
 **********
 **   47 **FIX            3
 **********
 **********
 **   48 **FIX            4
 **********
 **********
 **   49 **FIX            5
 **********
 PARAMETER    5  IS CONSTANT.   IGNORED.
 **********
 **   50 **FIX            6
 **********
 **********
 **   51 **FIX            7
 **********
 **********
 **   52 **FIX           10
 **********
 PARAMETER   10  IS CONSTANT.   IGNORED.
 **********
 **   53 **FIX           11
 **********
 PARAMETER   11  IS CONSTANT.   IGNORED.
 **********
 **   54 **FIX           12
 **********
 PARAMETER   12  IS CONSTANT.   IGNORED.
 **********
 **   55 **FIX           13
 **********
 PARAMETER   13  IS CONSTANT.   IGNORED.
 **********
 **   56 **FIX           14
 **********
 **********
 **   57 **FIX           15
 **********
 PARAMETER   15  IS CONSTANT.   IGNORED.
 **********
 **   58 **FIX           16
 **********
 PARAMETER   16  IS CONSTANT.   IGNORED.
 **********
 **   59 **MIGRAD
 **********
 START MIGRAD MINIMIZATION.  STRATEGY  1.  CONVERGENCE WHEN EDM .LT. 1.00e-04
 FCN=497.211 FROM MIGRAD    STATUS=INITIATE       12 CALLS        1932 TOTAL
                     EDM= unknown      STRATEGY= 1      NO ERROR MATRIX       
  EXT PARAMETER               CURRENT GUESS       STEP         FIRST   
  NO.   NAME      VALUE            ERROR          SIZE      DERIVATIVE 
   1  N0           2.90997e+06     fixed    
   2  tau          6.44069e+01   constant   
   3  A0           3.52075e-01     fixed    
   4  phi          4.11535e+00     fixed    
   5  R           -6.11570e+01   constant   
   6  A_CBO        5.17600e-04     fixed    
   7  w_CBO        2.32636e+00     fixed    
   8  phi_CBO      3.56940e+00   3.07989e-01   3.07989e-01   5.24385e+00
   9  ANx2         8.59960e-04   constant   
  10  pNx2         1.29548e+00   constant   
  11  ANy1         0.00000e+00   constant   
  12  pNy1         0.00000e+00   constant   
  13  w_y          0.00000e+00   constant   
  14  ANy2         1.45247e-04     fixed    
  15  pNy2         3.07836e+00   constant   
  16  w_vw         1.43006e+01   constant   
  17  LM           1.55944e-04   constant   
  18  wCBO_expCoeff   2.00006e+02   2.50833e-04  -0.00000e+00  -7.20047e+01
  19  wCBO_expOffset   1.99998e+02   1.78505e-05   0.00000e+00  -5.95751e+04
  20  wCBO_expT    2.99994e+01   5.02766e-05   0.00000e+00   1.45479e+04
  21  wCBO_linCoeff   0.00000e+00   constant   
  22  wCBO_const   4.36628e-03   6.14538e-04  -0.00000e+00  -5.72008e+01
 MIGRAD FAILS TO FIND IMPROVEMENT
 FCN=495.777 FROM HESSE     STATUS=NOT POSDEF     37 CALLS        2017 TOTAL
                     EDM=0.373035    STRATEGY= 1      ERR MATRIX NOT POS-DEF
  EXT PARAMETER                APPROXIMATE        STEP         FIRST   
  NO.   NAME      VALUE            ERROR          SIZE      DERIVATIVE 
   1  N0           2.90997e+06     fixed    
   2  tau          6.44069e+01   constant   
   3  A0           3.52075e-01     fixed    
   4  phi          4.11535e+00     fixed    
   5  R           -6.11570e+01   constant   
   6  A_CBO        5.17600e-04     fixed    
   7  w_CBO        2.32636e+00     fixed    
   8  phi_CBO      3.05339e+00   8.71702e-01   4.36955e-03   7.08501e-02
   9  ANx2         8.59960e-04   constant   
  10  pNx2         1.29548e+00   constant   
  11  ANy1         0.00000e+00   constant   
  12  pNy1         0.00000e+00   constant   
  13  w_y          0.00000e+00   constant   
  14  ANy2         1.45247e-04     fixed    
  15  pNy2         3.07836e+00   constant   
  16  w_vw         1.43006e+01   constant   
  17  LM           1.55944e-04   constant   
  18  wCBO_expCoeff   2.00006e+02   9.03672e-04   9.53705e-05   1.48144e+03
  19  wCBO_expOffset   1.99998e+02   5.71648e-05   9.53665e-05  -1.77439e+04
  20  wCBO_expT    2.99994e+01   1.12453e-04   1.43048e-05  -1.46578e+04
  21  wCBO_linCoeff   0.00000e+00   constant   
  22  wCBO_const   4.17417e-03   7.74549e-04   3.67004e-06   2.90820e+02
 MIGRAD FAILS TO FIND IMPROVEMENT
 MIGRAD TERMINATED WITHOUT CONVERGENCE.
 FCN=495.777 FROM MIGRAD    STATUS=FAILED        108 CALLS        2028 TOTAL
                     EDM=0.373035    STRATEGY= 1      ERR MATRIX NOT POS-DEF
  EXT PARAMETER                APPROXIMATE        STEP         FIRST   
  NO.   NAME      VALUE            ERROR          SIZE      DERIVATIVE 
   1  N0           2.90997e+06     fixed    
   2  tau          6.44069e+01   constant   
   3  A0           3.52075e-01     fixed    
   4  phi          4.11535e+00     fixed    
   5  R           -6.11570e+01   constant   
   6  A_CBO        5.17600e-04     fixed    
   7  w_CBO        2.32636e+00     fixed    
   8  phi_CBO      3.05339e+00   8.71702e-01   0.00000e+00   7.08501e-02
   9  ANx2         8.59960e-04   constant   
  10  pNx2         1.29548e+00   constant   
  11  ANy1         0.00000e+00   constant   
  12  pNy1         0.00000e+00   constant   
  13  w_y          0.00000e+00   constant   
  14  ANy2         1.45247e-04     fixed    
  15  pNy2         3.07836e+00   constant   
  16  w_vw         1.43006e+01   constant   
  17  LM           1.55944e-04   constant   
  18  wCBO_expCoeff   2.00006e+02   9.03672e-04   0.00000e+00   1.48144e+03
  19  wCBO_expOffset   1.99998e+02   5.71648e-05   0.00000e+00  -1.77439e+04
  20  wCBO_expT    2.99994e+01   1.12453e-04   0.00000e+00  -1.46578e+04
  21  wCBO_linCoeff   0.00000e+00   constant   
  22  wCBO_const   4.17417e-03   7.74549e-04   0.00000e+00   2.90820e+02
 EXTERNAL ERROR MATRIX.    NDIM=  25    NPAR=  5    ERR DEF=1
  7.599e-01  6.765e-04  4.368e-05  8.397e-05  1.666e-04 
  6.765e-04  8.166e-07  4.805e-08  9.985e-08  1.543e-07 
  4.368e-05  4.805e-08  3.268e-09  6.009e-09  8.445e-09 
  8.397e-05  9.985e-08  6.009e-09  1.265e-08  3.207e-08 
  1.666e-04  1.543e-07  8.445e-09  3.207e-08  5.999e-07 
ERR MATRIX NOT POS-DEF
 PARAMETER  CORRELATION COEFFICIENTS  
       NO.  GLOBAL      8     18     19     20     22
        8  0.89528   1.000  0.859  0.877  0.857  0.247
       18  0.99564   0.859  1.000  0.930  0.983  0.220
       19  0.96724   0.877  0.930  1.000  0.935  0.191
       20  0.99699   0.857  0.983  0.935  1.000  0.368
       22  0.90648   0.247  0.220  0.191  0.368  1.000
 ERR MATRIX NOT POS-DEF
MINUIT - FIT ONLY 1-y
 **********
 **   60 **RES 
 **********
                   PARAMETER   14  ANy2 RESTORED TO VARIABLE.
                   PARAMETER    7  w_CBO RESTORED TO VARIABLE.
                   PARAMETER    6  A_CBO RESTORED TO VARIABLE.
                   PARAMETER    4  phi RESTORED TO VARIABLE.
                   PARAMETER    3  A0 RESTORED TO VARIABLE.
                   PARAMETER    1  N0 RESTORED TO VARIABLE.
 **********
 **   61 **FIX            0
 **********
 PARAMETER    0  IS UNDEFINED. IGNORED.
 **********
 **   62 **FIX            1
 **********
 **********
 **   63 **FIX            2
 **********
 PARAMETER    2  IS CONSTANT.   IGNORED.
 **********
 **   64 **FIX            3
 **********
 **********
 **   65 **FIX            4
 **********
 **********
 **   66 **FIX            5
 **********
 PARAMETER    5  IS CONSTANT.   IGNORED.
 **********
 **   67 **FIX            6
 **********
 **********
 **   68 **FIX            7
 **********
 **********
 **   69 **FIX            8
 **********
 **********
 **   70 **FIX            9
 **********
 PARAMETER    9  IS CONSTANT.   IGNORED.
 **********
 **   71 **FIX           13
 **********
 PARAMETER   13  IS CONSTANT.   IGNORED.
 **********
 **   72 **FIX           14
 **********
 **********
 **   73 **FIX           15
 **********
 PARAMETER   15  IS CONSTANT.   IGNORED.
 **********
 **   74 **FIX           16
 **********
 PARAMETER   16  IS CONSTANT.   IGNORED.
 **********
 **   75 **MIGRAD
 **********
 START MIGRAD MINIMIZATION.  STRATEGY  1.  CONVERGENCE WHEN EDM .LT. 1.00e-04
 FCN=495.777 FROM MIGRAD    STATUS=INITIATE        8 CALLS        2036 TOTAL
                     EDM= unknown      STRATEGY= 1      NO ERROR MATRIX       
  EXT PARAMETER               CURRENT GUESS       STEP         FIRST   
  NO.   NAME      VALUE            ERROR          SIZE      DERIVATIVE 
   1  N0           2.90997e+06     fixed    
   2  tau          6.44069e+01   constant   
   3  A0           3.52075e-01     fixed    
   4  phi          4.11535e+00     fixed    
   5  R           -6.11570e+01   constant   
   6  A_CBO        5.17600e-04     fixed    
   7  w_CBO        2.32636e+00     fixed    
   8  phi_CBO      3.05339e+00     fixed    
   9  ANx2         8.59960e-04   constant   
  10  pNx2         1.29548e+00   constant   
  11  ANy1         0.00000e+00   constant   
  12  pNy1         0.00000e+00   constant   
  13  w_y          0.00000e+00   constant   
  14  ANy2         1.45247e-04     fixed    
  15  pNy2         3.07836e+00   constant   
  16  w_vw         1.43006e+01   constant   
  17  LM           1.55944e-04   constant   
  18  wCBO_expCoeff   2.00006e+02   9.03672e-04   0.00000e+00   9.77318e+02
  19  wCBO_expOffset   1.99998e+02   5.71648e-05   0.00000e+00  -2.57646e+04
  20  wCBO_expT    2.99994e+01   1.12453e-04   0.00000e+00   4.03128e+03
  21  wCBO_linCoeff   0.00000e+00   constant   
  22  wCBO_const   4.17417e-03   7.74549e-04   0.00000e+00   2.90825e+02
 MIGRAD FAILS TO FIND IMPROVEMENT
 FCN=495.777 FROM HESSE     STATUS=NOT POSDEF     29 CALLS        2076 TOTAL
                     EDM=0.307474    STRATEGY= 1      ERR MATRIX NOT POS-DEF
  EXT PARAMETER                APPROXIMATE        STEP         FIRST   
  NO.   NAME      VALUE            ERROR          SIZE      DERIVATIVE 
   1  N0           2.90997e+06     fixed    
   2  tau          6.44069e+01   constant   
   3  A0           3.52075e-01     fixed    
   4  phi          4.11535e+00     fixed    
   5  R           -6.11570e+01   constant   
   6  A_CBO        5.17600e-04     fixed    
   7  w_CBO        2.32636e+00     fixed    
   8  phi_CBO      3.05339e+00     fixed    
   9  ANx2         8.59960e-04   constant   
  10  pNx2         1.29548e+00   constant   
  11  ANy1         0.00000e+00   constant   
  12  pNy1         0.00000e+00   constant   
  13  w_y          0.00000e+00   constant   
  14  ANy2         1.45247e-04     fixed    
  15  pNy2         3.07836e+00   constant   
  16  w_vw         1.43006e+01   constant   
  17  LM           1.55944e-04   constant   
  18  wCBO_expCoeff   2.00006e+02   9.31609e-04   9.53705e-05   1.48144e+03
  19  wCBO_expOffset   1.99998e+02   4.64560e-05   9.53665e-05  -1.77439e+04
  20  wCBO_expT    2.99994e+01   1.18313e-04   1.43048e-05  -1.46578e+04
  21  wCBO_linCoeff   0.00000e+00   constant   
  22  wCBO_const   4.17417e-03   8.24527e-04   3.69448e-06   2.90821e+02
 MIGRAD FAILS TO FIND IMPROVEMENT
 MIGRAD TERMINATED WITHOUT CONVERGENCE.
 FCN=495.777 FROM MIGRAD    STATUS=FAILED         59 CALLS        2087 TOTAL
                     EDM=0.307474    STRATEGY= 1      ERR MATRIX NOT POS-DEF
  EXT PARAMETER                APPROXIMATE        STEP         FIRST   
  NO.   NAME      VALUE            ERROR          SIZE      DERIVATIVE 
   1  N0           2.90997e+06     fixed    
   2  tau          6.44069e+01   constant   
   3  A0           3.52075e-01     fixed    
   4  phi          4.11535e+00     fixed    
   5  R           -6.11570e+01   constant   
   6  A_CBO        5.17600e-04     fixed    
   7  w_CBO        2.32636e+00     fixed    
   8  phi_CBO      3.05339e+00     fixed    
   9  ANx2         8.59960e-04   constant   
  10  pNx2         1.29548e+00   constant   
  11  ANy1         0.00000e+00   constant   
  12  pNy1         0.00000e+00   constant   
  13  w_y          0.00000e+00   constant   
  14  ANy2         1.45247e-04     fixed    
  15  pNy2         3.07836e+00   constant   
  16  w_vw         1.43006e+01   constant   
  17  LM           1.55944e-04   constant   
  18  wCBO_expCoeff   2.00006e+02   9.31609e-04   0.00000e+00   1.48144e+03
  19  wCBO_expOffset   1.99998e+02   4.64560e-05   0.00000e+00  -1.77439e+04
  20  wCBO_expT    2.99994e+01   1.18313e-04   0.00000e+00  -1.46578e+04
  21  wCBO_linCoeff   0.00000e+00   constant   
  22  wCBO_const   4.17417e-03   8.24527e-04   0.00000e+00   2.90821e+02
 EXTERNAL ERROR MATRIX.    NDIM=  25    NPAR=  4    ERR DEF=1
  8.679e-07  3.936e-08  1.083e-07  2.233e-07 
  3.936e-08  2.158e-09  5.028e-09  8.845e-09 
  1.083e-07  5.028e-09  1.400e-08  4.244e-08 
  2.233e-07  8.845e-09  4.244e-08  6.798e-07 
ERR MATRIX NOT POS-DEF
 PARAMETER  CORRELATION COEFFICIENTS  
       NO.  GLOBAL     18     19     20     22
       18  0.99586   1.000  0.909  0.983  0.291
       19  0.94943   0.909  1.000  0.915  0.231
       20  0.99725   0.983  0.915  1.000  0.435
       22  0.91708   0.291  0.231  0.435  1.000
 ERR MATRIX NOT POS-DEF
MINUIT - FIT ONLY 2-y
 **********
 **   76 **RES 
 **********
                   PARAMETER   14  ANy2 RESTORED TO VARIABLE.
                   PARAMETER    8  phi_CBO RESTORED TO VARIABLE.
                   PARAMETER    7  w_CBO RESTORED TO VARIABLE.
                   PARAMETER    6  A_CBO RESTORED TO VARIABLE.
                   PARAMETER    4  phi RESTORED TO VARIABLE.
                   PARAMETER    3  A0 RESTORED TO VARIABLE.
                   PARAMETER    1  N0 RESTORED TO VARIABLE.
 **********
 **   77 **FIX            0
