 + ++++++++++++++++++++++++++++++++++++++++++++++++++++++++++++++++++++ +
 +                                                                      +
 +           You have chose to blind your fitting according to          +
 +                omega_ref * (1 + (R +/- deltaR) *10^{-6})             +
 +                                                                      +
 + ++++++++++++++++++++++++++++++++++++++++++++++++++++++++++++++++++++ +
In main()...
reading format from /gm2data/zkhechad/run45/envelope/formats/formatB_sBin_constraintOn.txt
pBinTau 	= 0  
pBinPhi 	= 0  
constraintau 	= 1 
includeMopTerm 	= 0    
constrainMop    = 0   
Parameters after format file: pBinTau 0 pBinPhi 0 constraintau 1 includeMopTerm 0 constrainMop 0 c_e_scale 0.000000 
reading cbo reference file (full fit) from /gm2data/zkhechad/cboTemplates/Run4CBOTemplates/fullFits/run4/sBin_constraintOn_cE0.0_seed0_run4_calo13.root
A_CBO 0.010252 w_CBO 2.327514 phi_CBO 5.545635 N0 3338670.649067 R -60.961072 tau 64.390414 
Reading cboRef file /gm2data/zkhechad/cboTemplates/Run4CBOTemplates//cboIsolate/run4_calo13.root
deltaT 164.120000
windowBins = 1100
fitting sliding window 2200 from bin 2403 at 358.527600 to bin 3503 at 522.647600 (1100 bins)

Reading data from /gm2data/cornell/histograms/aMethod/histogram_a_run4.root
fitting cbo isolate
 **********
 **    1 **SET PRINTOUT            1
 **********
 **********
 **    2 **SET NOWARNINGS 
 **********
 PARAMETER DEFINITIONS:
    NO.   NAME         VALUE      STEP SIZE      LIMITS
     1 A_CBO        1.02517e-02  1.00000e-05     no limits
     2 w_CBO        2.32751e+00  1.00000e-02    2.00000e+00  3.00000e+00
     3 phi_CBO      5.54564e+00  1.00000e-02    0.00000e+00  6.28319e+00
 **********
 **    3 **MIGRAD
 **********
 FIRST CALL TO USER FUNCTION AT NEW START POINT, WITH IFLAG=4.
 START MIGRAD MINIMIZATION.  STRATEGY  1.  CONVERGENCE WHEN EDM .LT. 1.00e-04
 FCN=0.190388 FROM MIGRAD    STATUS=INITIATE       12 CALLS          13 TOTAL
                     EDM= unknown      STRATEGY= 1      NO ERROR MATRIX       
  EXT PARAMETER               CURRENT GUESS       STEP         FIRST   
  NO.   NAME      VALUE            ERROR          SIZE      DERIVATIVE 
   1  A_CBO        1.02517e-02   1.00000e-05   1.00000e-05   7.69449e+00
   2  w_CBO        2.32751e+00   1.00000e-02   2.13103e-02   1.80185e+00
   3  phi_CBO      5.54564e+00   1.00000e-02   4.94468e-03  -1.99521e-02
 MIGRAD MINIMIZATION HAS CONVERGED.
 MIGRAD WILL VERIFY CONVERGENCE AND ERROR MATRIX.
 COVARIANCE MATRIX CALCULATED SUCCESSFULLY
 FCN=0.16312 FROM HESSE     STATUS=OK             16 CALLS          59 TOTAL
                     EDM=0.00016145    STRATEGY= 1      ERROR MATRIX ACCURATE 
  EXT PARAMETER                                   STEP         FIRST   
  NO.   NAME      VALUE            ERROR          SIZE      DERIVATIVE 
   1  A_CBO        3.38638e-03   4.29318e-02   2.24407e-05   1.56197e-02
   2  w_CBO        2.32728e+00   1.65389e-01   3.31530e-05  -2.29188e-02
   3  phi_CBO      5.69082e+00   5.84012e+00   3.63257e-03  -4.35211e-04
 MIGRAD MINIMIZATION HAS CONVERGED.
 MIGRAD WILL VERIFY CONVERGENCE AND ERROR MATRIX.
 COVARIANCE MATRIX CALCULATED SUCCESSFULLY
 FCN=0.162945 FROM MIGRAD    STATUS=CONVERGED     128 CALLS         129 TOTAL
                     EDM=9.84492e-06    STRATEGY= 1      ERROR MATRIX ACCURATE 
  EXT PARAMETER                                   STEP         FIRST   
  NO.   NAME      VALUE            ERROR          SIZE      DERIVATIVE 
   1  A_CBO        3.39340e-03   4.26284e-02   2.24409e-05  -2.85857e-02
   2  w_CBO        2.32863e+00   4.19592e-02   3.23892e-05   2.90538e-02
   3  phi_CBO      6.26018e+00   3.34211e+00   1.09570e-02  -1.54982e-04
 EXTERNAL ERROR MATRIX.    NDIM=  25    NPAR=  3    ERR DEF=1
  1.817e-03  4.025e-06  1.026e-02 
  4.025e-06  1.765e-03  4.305e-01 
  1.026e-02  4.305e-01  1.977e+02 
 PARAMETER  CORRELATION COEFFICIENTS  
       NO.  GLOBAL      1      2      3
        1  0.02271   1.000  0.002  0.017
        2  0.72879   0.002  1.000  0.729
        3  0.72888   0.017  0.729  1.000
setting A_CBO=0.003393 w_CBO=2.328629, phi_CBO=6.260182
done fitting cbo isolate
 **********
 **    1 **SET PRINTOUT            1
 **********
 **********
 **    2 **SET NOWARNINGS 
 **********
 PARAMETER DEFINITIONS:
    NO.   NAME         VALUE      STEP SIZE      LIMITS
     1 N0           3.33867e+06  1.00000e+02     no limits
     2 tau          6.43904e+01  constant
     3 A0           3.52926e-01  1.00000e-04     no limits
     4 phi          4.13059e+00  1.00000e-02     no limits
     5 R           -6.09611e+01  constant
     6 A_CBO        3.39340e-03  1.00000e-05     no limits
     7 w_CBO        2.32863e+00  1.00000e-03     no limits
     8 phi_CBO      6.26018e+00  1.00000e-04     no limits
     9 ANx2         2.14836e-04  constant
    10 pNx2         2.09111e+00  constant
    11 ANy1         0.00000e+00  constant
    12 pNy1         0.00000e+00  constant
    13 w_y          0.00000e+00  constant
    14 ANy2         1.07548e-02  1.00000e-04     no limits
    15 pNy2         1.09622e+00  constant
    16 w_vw         1.43115e+01  constant
    17 LM          -4.64416e-04  constant
    18 wCBO_expCoeff   2.00000e+02  1.00000e+00     no limits
    19 wCBO_expOffset   2.00000e+02  1.00000e+00     no limits
    20 wCBO_expT    3.00000e+01  1.00000e+00     no limits
    21 wCBO_linCoeff   0.00000e+00  constant
    22 wCBO_const   0.00000e+00  1.00000e-02     no limits
MINUIT - FIT ONLY WIGGLE
 **********
 **    3 **FIX            5
 **********
 PARAMETER    5  IS CONSTANT.   IGNORED.
 **********
 **    4 **FIX            6
 **********
 **********
 **    5 **FIX            7
 **********
 **********
 **    6 **FIX            8
 **********
 **********
 **    7 **FIX            9
 **********
 PARAMETER    9  IS CONSTANT.   IGNORED.
 **********
 **    8 **FIX           10
 **********
 PARAMETER   10  IS CONSTANT.   IGNORED.
 **********
 **    9 **FIX           11
 **********
 PARAMETER   11  IS CONSTANT.   IGNORED.
 **********
 **   10 **FIX           12
 **********
 PARAMETER   12  IS CONSTANT.   IGNORED.
 **********
 **   11 **FIX           13
 **********
 PARAMETER   13  IS CONSTANT.   IGNORED.
 **********
 **   12 **FIX           14
 **********
 **********
 **   13 **FIX           15
 **********
 PARAMETER   15  IS CONSTANT.   IGNORED.
 **********
 **   14 **FIX           16
 **********
 PARAMETER   16  IS CONSTANT.   IGNORED.
 **********
 **   15 **MIGRAD
 **********
 FIRST CALL TO USER FUNCTION AT NEW START POINT, WITH IFLAG=4.
 START MIGRAD MINIMIZATION.  STRATEGY  1.  CONVERGENCE WHEN EDM .LT. 1.00e-04
 FCN=579.724 FROM MIGRAD    STATUS=INITIATE       32 CALLS          33 TOTAL
                     EDM= unknown      STRATEGY= 1      NO ERROR MATRIX       
  EXT PARAMETER               CURRENT GUESS       STEP         FIRST   
  NO.   NAME      VALUE            ERROR          SIZE      DERIVATIVE 
   1  N0           3.33867e+06   1.00000e+02   1.00000e+02   1.20182e-03
   2  tau          6.43904e+01   constant   
   3  A0           3.52926e-01   1.00000e-04   1.00000e-04  -2.66040e+02
   4  phi          4.13059e+00   1.00000e-02   1.00000e-02   2.45307e+01
   5  R           -6.09611e+01   constant   
   6  A_CBO        3.39340e-03     fixed    
   7  w_CBO        2.32863e+00     fixed    
   8  phi_CBO      6.26018e+00     fixed    
   9  ANx2         2.14836e-04   constant   
  10  pNx2         2.09111e+00   constant   
  11  ANy1         0.00000e+00   constant   
  12  pNy1         0.00000e+00   constant   
  13  w_y          0.00000e+00   constant   
  14  ANy2         1.07548e-02     fixed    
  15  pNy2         1.09622e+00   constant   
  16  w_vw         1.43115e+01   constant   
  17  LM          -4.64416e-04   constant   
  18  wCBO_expCoeff   2.00000e+02   1.00000e+00   1.00000e+00  -2.54796e+00
  19  wCBO_expOffset   2.00000e+02   1.00000e+00   1.00000e+00  -1.69864e+01
  20  wCBO_expT    3.00000e+01   1.00000e+00   1.00000e+00  -1.35360e+02
  21  wCBO_linCoeff   0.00000e+00   constant   
  22  wCBO_const   0.00000e+00   1.00000e-02   1.00000e-02  -3.79659e+03
 MIGRAD MINIMIZATION HAS CONVERGED.
 FCN=571.741 FROM MIGRAD    STATUS=CONVERGED     185 CALLS         186 TOTAL
                     EDM=8.31869e-06    STRATEGY= 1  ERROR MATRIX UNCERTAINTY   0.8 per cent
  EXT PARAMETER                                   STEP         FIRST   
  NO.   NAME      VALUE            ERROR          SIZE      DERIVATIVE 
   1  N0           3.33737e+06   1.78364e+03  -3.91634e-01   9.29908e-07
   2  tau          6.43904e+01   constant   
   3  A0           3.52603e-01   7.06708e-04  -1.49885e-06  -2.31437e+00
   4  phi          4.13005e+00   2.08019e-03   4.16166e-06   7.86603e-02
   5  R           -6.09611e+01   constant   
   6  A_CBO        3.39340e-03     fixed    
   7  w_CBO        2.32863e+00     fixed    
   8  phi_CBO      6.26018e+00     fixed    
   9  ANx2         2.14836e-04   constant   
  10  pNx2         2.09111e+00   constant   
  11  ANy1         0.00000e+00   constant   
  12  pNy1         0.00000e+00   constant   
  13  w_y          0.00000e+00   constant   
  14  ANy2         1.07548e-02     fixed    
  15  pNy2         1.09622e+00   constant   
  16  w_vw         1.43115e+01   constant   
  17  LM          -4.64416e-04   constant   
  18  wCBO_expCoeff   1.98668e+02   2.06582e+00  -1.73301e-02  -1.57031e-02
  19  wCBO_expOffset   1.99800e+02   3.10140e-01  -2.60374e-03  -1.03676e-01
  20  wCBO_expT    3.00895e+01   1.20947e-01   1.01027e-03  -5.36746e-01
  21  wCBO_linCoeff   0.00000e+00   constant   
  22  wCBO_const   9.23315e-04   1.23054e-03  -3.38566e-06   9.78455e-01
 EXTERNAL ERROR MATRIX.    NDIM=  25    NPAR=  7    ERR DEF=1
  3.181e+06 -4.755e-04  3.281e-03  6.849e+01  1.028e+01 -4.840e+00  1.756e-01 
 -4.755e-04  4.994e-07  9.963e-09 -1.257e-04 -1.887e-05  7.736e-06 -1.225e-07 
  3.281e-03  9.963e-09  4.327e-06  3.279e-04  4.921e-05 -1.831e-05  4.561e-08 
  6.849e+01 -1.257e-04  3.279e-04  4.268e+00  6.343e-01 -2.487e-01  2.048e-03 
  1.028e+01 -1.887e-05  4.921e-05  6.343e-01  9.619e-02 -3.734e-02  3.075e-04 
 -4.840e+00  7.736e-06 -1.831e-05 -2.487e-01 -3.734e-02  1.463e-02 -1.241e-04 
  1.756e-01 -1.225e-07  4.561e-08  2.048e-03  3.075e-04 -1.241e-04  1.514e-06 
 PARAMETER  CORRELATION COEFFICIENTS  
       NO.  GLOBAL      1      3      4     18     19     20     22
        1  0.11781   1.000 -0.000  0.001  0.019  0.019 -0.022  0.080
        3  0.15267  -0.000  1.000  0.007 -0.086 -0.086  0.091 -0.141
        4  0.10721   0.001  0.007  1.000  0.076  0.076 -0.073  0.018
       18  0.99729   0.019 -0.086  0.076  1.000  0.990 -0.996  0.806
       19  0.99730   0.019 -0.086  0.076  0.990  1.000 -0.996  0.806
       20  0.99919  -0.022  0.091 -0.073 -0.996 -0.996  1.000 -0.834
       22  0.92487   0.080 -0.141  0.018  0.806  0.806 -0.834  1.000
MINUIT - FIT ONLY 1-CBO + other amplitudes 
 **********
 **   16 **RES 
 **********
                   PARAMETER   14  ANy2 RESTORED TO VARIABLE.
                   PARAMETER    8  phi_CBO RESTORED TO VARIABLE.
                   PARAMETER    7  w_CBO RESTORED TO VARIABLE.
                   PARAMETER    6  A_CBO RESTORED TO VARIABLE.
 **********
 **   17 **FIX            0
 **********
 PARAMETER    0  IS UNDEFINED. IGNORED.
 **********
 **   18 **FIX            1
 **********
 **********
 **   19 **FIX            2
 **********
 PARAMETER    2  IS CONSTANT.   IGNORED.
 **********
 **   20 **FIX            3
 **********
 **********
 **   21 **FIX            4
 **********
 **********
 **   22 **FIX            9
 **********
 PARAMETER    9  IS CONSTANT.   IGNORED.
 **********
 **   23 **FIX           11
 **********
 PARAMETER   11  IS CONSTANT.   IGNORED.
 **********
 **   24 **FIX           12
 **********
 PARAMETER   12  IS CONSTANT.   IGNORED.
 **********
 **   25 **FIX           14
 **********
 **********
 **   26 **FIX           15
 **********
 PARAMETER   15  IS CONSTANT.   IGNORED.
 **********
 **   27 **FIX           16
 **********
 PARAMETER   16  IS CONSTANT.   IGNORED.
 **********
 **   28 **MIGRAD
 **********
 START MIGRAD MINIMIZATION.  STRATEGY  1.  CONVERGENCE WHEN EDM .LT. 1.00e-04
 FCN=571.741 FROM MIGRAD    STATUS=INITIATE       20 CALLS         206 TOTAL
                     EDM= unknown      STRATEGY= 1      NO ERROR MATRIX       
  EXT PARAMETER               CURRENT GUESS       STEP         FIRST   
  NO.   NAME      VALUE            ERROR          SIZE      DERIVATIVE 
   1  N0           3.33737e+06     fixed    
   2  tau          6.43904e+01   constant   
   3  A0           3.52603e-01     fixed    
   4  phi          4.13005e+00     fixed    
   5  R           -6.09611e+01   constant   
   6  A_CBO        3.39340e-03   1.00000e-05   1.00000e-05   1.02207e+04
   7  w_CBO        2.32863e+00   1.00000e-03   1.00000e-03  -9.18921e-01
   8  phi_CBO      6.26018e+00   1.00000e-04   1.00000e-04  -1.83240e+00
   9  ANx2         2.14836e-04   constant   
  10  pNx2         2.09111e+00   constant   
  11  ANy1         0.00000e+00   constant   
  12  pNy1         0.00000e+00   constant   
  13  w_y          0.00000e+00   constant   
  14  ANy2         1.07548e-02     fixed    
  15  pNy2         1.09622e+00   constant   
  16  w_vw         1.43115e+01   constant   
  17  LM          -4.64416e-04   constant   
  18  wCBO_expCoeff   1.98668e+02   2.06582e+00  -1.73301e-02  -1.57031e-02
  19  wCBO_expOffset   1.99800e+02   3.10140e-01  -2.60374e-03  -1.03676e-01
  20  wCBO_expT    3.00895e+01   1.20947e-01   1.01027e-03  -5.36745e-01
  21  wCBO_linCoeff   0.00000e+00   constant   
  22  wCBO_const   9.23315e-04   1.23054e-03  -3.38566e-06   9.78442e-01
 MIGRAD MINIMIZATION HAS CONVERGED.
 MIGRAD WILL VERIFY CONVERGENCE AND ERROR MATRIX.
 FCN=555.617 FROM HESSE     STATUS=NOT POSDEF     50 CALLS         420 TOTAL
                     EDM=0.00147072    STRATEGY= 1      ERR MATRIX NOT POS-DEF
  EXT PARAMETER                APPROXIMATE        STEP         FIRST   
  NO.   NAME      VALUE            ERROR          SIZE      DERIVATIVE 
   1  N0           3.33737e+06     fixed    
   2  tau          6.43904e+01   constant   
   3  A0           3.52603e-01     fixed    
   4  phi          4.13005e+00     fixed    
   5  R           -6.09611e+01   constant   
   6  A_CBO        4.03784e-04   7.43534e-04   8.60618e-06  -2.29201e+00
   7  w_CBO        2.32940e+00   8.71617e-03   1.32076e-05  -7.34757e-01
   8  phi_CBO      7.30027e+00   2.10957e+00   2.10721e-02  -2.44429e-04
   9  ANx2         2.14836e-04   constant   
  10  pNx2         2.09111e+00   constant   
  11  ANy1         0.00000e+00   constant   
  12  pNy1         0.00000e+00   constant   
  13  w_y          0.00000e+00   constant   
  14  ANy2         1.07548e-02     fixed    
  15  pNy2         1.09622e+00   constant   
  16  w_vw         1.43115e+01   constant   
  17  LM          -4.64416e-04   constant   
  18  wCBO_expCoeff   1.98567e+02   3.83513e+00   3.93020e-03  -7.79585e-03
  19  wCBO_expOffset   1.99785e+02   5.81322e-01   5.95508e-04  -5.14506e-02
  20  wCBO_expT    3.00870e+01   8.60343e-02   9.82701e-05   6.00258e-01
  21  wCBO_linCoeff   0.00000e+00   constant   
  22  wCBO_const   1.70391e-03   3.83589e-03   7.68412e-06  -1.62927e-01
 MIGRAD MINIMIZATION HAS CONVERGED.
 MIGRAD WILL VERIFY CONVERGENCE AND ERROR MATRIX.
 FCN=555.593 FROM MIGRAD    STATUS=CONVERGED     367 CALLS         553 TOTAL
                     EDM=4.08764e-07    STRATEGY= 1      ERR MATRIX NOT POS-DEF
  EXT PARAMETER                APPROXIMATE        STEP         FIRST   
  NO.   NAME      VALUE            ERROR          SIZE      DERIVATIVE 
   1  N0           3.33737e+06     fixed    
   2  tau          6.43904e+01   constant   
   3  A0           3.52603e-01     fixed    
   4  phi          4.13005e+00     fixed    
   5  R           -6.09611e+01   constant   
   6  A_CBO        4.14707e-04   7.62081e-04   8.72204e-06   1.05688e-01
   7  w_CBO        2.33007e+00   1.23348e-02   1.29266e-05  -6.30119e-01
   8  phi_CBO      7.29297e+00   1.87427e+00   2.02964e-02  -1.66542e-04
   9  ANx2         2.14836e-04   constant   
  10  pNx2         2.09111e+00   constant   
  11  ANy1         0.00000e+00   constant   
  12  pNy1         0.00000e+00   constant   
  13  w_y          0.00000e+00   constant   
  14  ANy2         1.07548e-02     fixed    
  15  pNy2         1.09622e+00   constant   
  16  w_vw         1.43115e+01   constant   
  17  LM          -4.64416e-04   constant   
  18  wCBO_expCoeff   1.99537e+02   3.58676e+00   3.63830e-03  -2.30213e-03
  19  wCBO_expOffset   1.99931e+02   5.39982e-01   5.47677e-04  -1.52957e-02
  20  wCBO_expT    3.00315e+01   9.23830e-02   9.16142e-05  -9.07704e-02
  21  wCBO_linCoeff   0.00000e+00   constant   
  22  wCBO_const   1.89269e-03   5.35570e-03   7.73546e-06  -1.00691e+00
 EXTERNAL ERROR MATRIX.    NDIM=  25    NPAR=  7    ERR DEF=1
  5.808e-07 -8.130e-08 -4.243e-05  3.942e-05  5.953e-06 -2.826e-08 -1.126e-07 
 -8.130e-08  1.521e-04  7.414e-04 -3.864e-03 -5.851e-04 -1.686e-04 -6.195e-05 
 -4.243e-05  7.414e-04  3.513e+00  1.390e-01  2.090e-02 -1.361e-02  5.261e-04 
  3.942e-05 -3.864e-03  1.390e-01  1.286e+01 -1.110e+00 -1.408e-01  2.765e-03 
  5.953e-06 -5.851e-04  2.090e-02 -1.110e+00  2.916e-01 -2.121e-02  4.176e-04 
 -2.826e-08 -1.686e-04 -1.361e-02 -1.408e-01 -2.121e-02  8.535e-03 -2.748e-05 
 -1.126e-07 -6.195e-05  5.261e-04  2.765e-03  4.176e-04 -2.748e-05  2.868e-05 
ERR MATRIX NOT POS-DEF
 PARAMETER  CORRELATION COEFFICIENTS  
       NO.  GLOBAL      6      7      8     18     19     20     22
        6  0.13376   1.000 -0.009 -0.030  0.014  0.014 -0.000 -0.028
        7  0.99588  -0.009  1.000  0.032 -0.087 -0.088 -0.148 -0.938
        8  0.34867  -0.030  0.032  1.000  0.021  0.021 -0.079  0.052
       18  0.99614   0.014 -0.087  0.021  1.000 -0.573 -0.425  0.144
       19  0.99614   0.014 -0.088  0.021 -0.573  1.000 -0.425  0.144
       20  0.99631  -0.000 -0.148 -0.079 -0.425 -0.425  1.000 -0.056
       22  0.99214  -0.028 -0.938  0.052  0.144  0.144 -0.056  1.000
 ERR MATRIX NOT POS-DEF
MINUIT - FIT ONLY 1-CBO
 **********
 **   29 **RES 
 **********
                   PARAMETER   14  ANy2 RESTORED TO VARIABLE.
                   PARAMETER    4  phi RESTORED TO VARIABLE.
                   PARAMETER    3  A0 RESTORED TO VARIABLE.
                   PARAMETER    1  N0 RESTORED TO VARIABLE.
 **********
 **   30 **FIX            0
 **********
 PARAMETER    0  IS UNDEFINED. IGNORED.
 **********
 **   31 **FIX            1
 **********
 **********
 **   32 **FIX            2
 **********
 PARAMETER    2  IS CONSTANT.   IGNORED.
 **********
 **   33 **FIX            3
 **********
 **********
 **   34 **FIX            4
 **********
 **********
 **   35 **FIX            8
 **********
 **********
 **   36 **FIX            9
 **********
 PARAMETER    9  IS CONSTANT.   IGNORED.
 **********
 **   37 **FIX           11
 **********
 PARAMETER   11  IS CONSTANT.   IGNORED.
 **********
 **   38 **FIX           12
 **********
 PARAMETER   12  IS CONSTANT.   IGNORED.
 **********
 **   39 **FIX           13
 **********
 PARAMETER   13  IS CONSTANT.   IGNORED.
 **********
 **   40 **FIX           15
 **********
 PARAMETER   15  IS CONSTANT.   IGNORED.
 **********
 **   41 **FIX           16
 **********
 PARAMETER   16  IS CONSTANT.   IGNORED.
 **********
 **   42 **MIGRAD
 **********
 START MIGRAD MINIMIZATION.  STRATEGY  1.  CONVERGENCE WHEN EDM .LT. 1.00e-04
 FCN=555.593 FROM MIGRAD    STATUS=INITIATE       16 CALLS         569 TOTAL
                     EDM= unknown      STRATEGY= 1      NO ERROR MATRIX       
  EXT PARAMETER               CURRENT GUESS       STEP         FIRST   
  NO.   NAME      VALUE            ERROR          SIZE      DERIVATIVE 
   1  N0           3.33737e+06     fixed    
   2  tau          6.43904e+01   constant   
   3  A0           3.52603e-01     fixed    
   4  phi          4.13005e+00     fixed    
   5  R           -6.09611e+01   constant   
   6  A_CBO        4.14707e-04   7.62081e-04   8.72204e-06   1.05688e-01
   7  w_CBO        2.33007e+00   1.23348e-02   1.29266e-05  -6.30508e-01
   8  phi_CBO      7.29297e+00     fixed    
   9  ANx2         2.14836e-04   constant   
  10  pNx2         2.09111e+00   constant   
  11  ANy1         0.00000e+00   constant   
  12  pNy1         0.00000e+00   constant   
  13  w_y          0.00000e+00   constant   
  14  ANy2         1.07548e-02   1.00000e-04   1.00000e-04   4.00660e+04
  15  pNy2         1.09622e+00   constant   
  16  w_vw         1.43115e+01   constant   
  17  LM          -4.64416e-04   constant   
  18  wCBO_expCoeff   1.99537e+02   3.58676e+00   3.63830e-03  -2.29683e-03
  19  wCBO_expOffset   1.99931e+02   5.39982e-01   5.47677e-04  -1.52563e-02
  20  wCBO_expT    3.00315e+01   9.23830e-02   9.16142e-05  -9.07151e-02
  21  wCBO_linCoeff   0.00000e+00   constant   
  22  wCBO_const   1.89269e-03   5.35570e-03   7.73546e-06  -1.00782e+00
 MIGRAD MINIMIZATION HAS CONVERGED.
 MIGRAD WILL VERIFY CONVERGENCE AND ERROR MATRIX.
 FCN=333.351 FROM MIGRAD    STATUS=CONVERGED     167 CALLS         720 TOTAL
                     EDM=4.04431e-05    STRATEGY= 1      ERR MATRIX NOT POS-DEF
  EXT PARAMETER                APPROXIMATE        STEP         FIRST   
  NO.   NAME      VALUE            ERROR          SIZE      DERIVATIVE 
   1  N0           3.33737e+06     fixed    
   2  tau          6.43904e+01   constant   
   3  A0           3.52603e-01     fixed    
   4  phi          4.13005e+00     fixed    
   5  R           -6.09611e+01   constant   
   6  A_CBO        6.49288e-05   8.77687e-04   6.59815e-06   3.02002e+00
   7  w_CBO        2.33027e+00   1.43357e-02   1.30642e-05  -1.69856e+00
   8  phi_CBO      7.29297e+00     fixed    
   9  ANx2         2.14836e-04   constant   
  10  pNx2         2.09111e+00   constant   
  11  ANy1         0.00000e+00   constant   
  12  pNy1         0.00000e+00   constant   
  13  w_y          0.00000e+00   constant   
  14  ANy2        -3.42043e-04   7.42342e-04   6.64192e-06   1.31367e+00
  15  pNy2         1.09622e+00   constant   
  16  w_vw         1.43115e+01   constant   
  17  LM          -4.64416e-04   constant   
  18  wCBO_expCoeff   1.99447e+02   4.60513e+00   3.68780e-03  -4.41776e-03
  19  wCBO_expOffset   1.99918e+02   6.93585e-01   5.55223e-04  -2.93408e-02
  20  wCBO_expT    3.00301e+01   1.18112e-01   9.37277e-05  -2.61431e-01
  21  wCBO_linCoeff   0.00000e+00   constant   
  22  wCBO_const   2.13240e-03   6.23457e-03   7.74198e-06  -3.07032e+00
 EXTERNAL ERROR MATRIX.    NDIM=  25    NPAR=  7    ERR DEF=1
  7.703e-07 -4.815e-07  3.080e-08 -7.463e-05 -1.117e-05  1.626e-05 -3.589e-07 
 -4.815e-07  2.055e-04 -2.786e-08 -4.856e-03 -7.359e-04 -2.606e-04 -8.286e-05 
  3.080e-08 -2.786e-08  5.511e-07 -3.672e-07 -4.978e-08  8.140e-07 -2.329e-08 
 -7.463e-05 -4.856e-03 -3.672e-07  2.121e+01 -1.950e+00 -2.214e-01  4.252e-03 
 -1.117e-05 -7.359e-04 -4.978e-08 -1.950e+00  4.811e-01 -3.337e-02  6.422e-04 
  1.626e-05 -2.606e-04  8.140e-07 -2.214e-01 -3.337e-02  1.395e-02 -7.363e-05 
 -3.589e-07 -8.286e-05 -2.329e-08  4.252e-03  6.422e-04 -7.363e-05  3.887e-05 
ERR MATRIX NOT POS-DEF
 PARAMETER  CORRELATION COEFFICIENTS  
       NO.  GLOBAL      6      7     14     18     19     20     22
        6  0.54699   1.000 -0.038  0.047 -0.018 -0.018  0.157 -0.066
        7  0.99482  -0.038  1.000 -0.003 -0.074 -0.074 -0.154 -0.927
       14  0.05148   0.047 -0.003  1.000 -0.000 -0.000  0.009 -0.005
       18  0.99597  -0.018 -0.074 -0.000  1.000 -0.611 -0.407  0.148
       19  0.99598  -0.018 -0.074 -0.000 -0.611  1.000 -0.407  0.149
       20  0.99606   0.157 -0.154  0.009 -0.407 -0.407  1.000 -0.100
       22  0.99037  -0.066 -0.927 -0.005  0.148  0.149 -0.100  1.000
 ERR MATRIX NOT POS-DEF
MINUIT - FIT ONLY 2-CBO
 **********
 **   43 **RES 
 **********
                   PARAMETER    8  phi_CBO RESTORED TO VARIABLE.
                   PARAMETER    4  phi RESTORED TO VARIABLE.
                   PARAMETER    3  A0 RESTORED TO VARIABLE.
                   PARAMETER    1  N0 RESTORED TO VARIABLE.
 **********
 **   44 **FIX            0
 **********
 PARAMETER    0  IS UNDEFINED. IGNORED.
 **********
 **   45 **FIX            1
 **********
 **********
 **   46 **FIX            2
 **********
 PARAMETER    2  IS CONSTANT.   IGNORED.
 **********
 **   47 **FIX            3
 **********
 **********
 **   48 **FIX            4
 **********
 **********
 **   49 **FIX            5
 **********
 PARAMETER    5  IS CONSTANT.   IGNORED.
 **********
 **   50 **FIX            6
 **********
 **********
 **   51 **FIX            7
 **********
 **********
 **   52 **FIX           10
 **********
 PARAMETER   10  IS CONSTANT.   IGNORED.
 **********
 **   53 **FIX           11
 **********
 PARAMETER   11  IS CONSTANT.   IGNORED.
 **********
 **   54 **FIX           12
 **********
 PARAMETER   12  IS CONSTANT.   IGNORED.
 **********
 **   55 **FIX           13
 **********
 PARAMETER   13  IS CONSTANT.   IGNORED.
 **********
 **   56 **FIX           14
 **********
 **********
 **   57 **FIX           15
 **********
 PARAMETER   15  IS CONSTANT.   IGNORED.
 **********
 **   58 **FIX           16
 **********
 PARAMETER   16  IS CONSTANT.   IGNORED.
 **********
 **   59 **MIGRAD
 **********
 START MIGRAD MINIMIZATION.  STRATEGY  1.  CONVERGENCE WHEN EDM .LT. 1.00e-04
 FCN=333.351 FROM MIGRAD    STATUS=INITIATE       12 CALLS         732 TOTAL
                     EDM= unknown      STRATEGY= 1      NO ERROR MATRIX       
  EXT PARAMETER               CURRENT GUESS       STEP         FIRST   
  NO.   NAME      VALUE            ERROR          SIZE      DERIVATIVE 
   1  N0           3.33737e+06     fixed    
   2  tau          6.43904e+01   constant   
   3  A0           3.52603e-01     fixed    
   4  phi          4.13005e+00     fixed    
   5  R           -6.09611e+01   constant   
   6  A_CBO        6.49288e-05     fixed    
   7  w_CBO        2.33027e+00     fixed    
   8  phi_CBO      7.29297e+00   1.87427e+00   1.87427e+00   8.06737e-02
   9  ANx2         2.14836e-04   constant   
  10  pNx2         2.09111e+00   constant   
  11  ANy1         0.00000e+00   constant   
  12  pNy1         0.00000e+00   constant   
  13  w_y          0.00000e+00   constant   
  14  ANy2        -3.42043e-04     fixed    
  15  pNy2         1.09622e+00   constant   
  16  w_vw         1.43115e+01   constant   
  17  LM          -4.64416e-04   constant   
  18  wCBO_expCoeff   1.99447e+02   4.60513e+00   3.68780e-03  -4.40364e-03
  19  wCBO_expOffset   1.99918e+02   6.93585e-01   5.55223e-04  -2.92445e-02
  20  wCBO_expT    3.00301e+01   1.18112e-01   9.37277e-05  -2.61197e-01
  21  wCBO_linCoeff   0.00000e+00   constant   
  22  wCBO_const   2.13240e-03   6.23457e-03   7.74198e-06  -3.06969e+00
 MIGRAD MINIMIZATION HAS CONVERGED.
 MIGRAD WILL VERIFY CONVERGENCE AND ERROR MATRIX.
 FCN=333.283 FROM MIGRAD    STATUS=CONVERGED      95 CALLS         815 TOTAL
                     EDM=7.51636e-05    STRATEGY= 1      ERR MATRIX NOT POS-DEF
  EXT PARAMETER                APPROXIMATE        STEP         FIRST   
  NO.   NAME      VALUE            ERROR          SIZE      DERIVATIVE 
   1  N0           3.33737e+06     fixed    
   2  tau          6.43904e+01   constant   
   3  A0           3.52603e-01     fixed    
   4  phi          4.13005e+00     fixed    
   5  R           -6.09611e+01   constant   
   6  A_CBO        6.49288e-05     fixed    
   7  w_CBO        2.33027e+00     fixed    
   8  phi_CBO      5.90106e+00   4.95967e+00   4.39069e-02   1.87045e-04
   9  ANx2         2.14836e-04   constant   
  10  pNx2         2.09111e+00   constant   
  11  ANy1         0.00000e+00   constant   
  12  pNy1         0.00000e+00   constant   
  13  w_y          0.00000e+00   constant   
  14  ANy2        -3.42043e-04     fixed    
  15  pNy2         1.09622e+00   constant   
  16  w_vw         1.43115e+01   constant   
  17  LM          -4.64416e-04   constant   
  18  wCBO_expCoeff   1.99453e+02   5.02310e+00   3.56254e-03  -8.63080e-04
  19  wCBO_expOffset   1.99919e+02   7.56460e-01   5.36397e-04  -5.73227e-03
  20  wCBO_expT    3.00301e+01   1.27207e-01   9.08409e-05   6.49289e-02
  21  wCBO_linCoeff   0.00000e+00   constant   
  22  wCBO_const   2.08712e-03   2.41417e-03   7.67554e-06  -1.25460e-01
 EXTERNAL ERROR MATRIX.    NDIM=  25    NPAR=  5    ERR DEF=1
  2.460e+01 -4.442e-01 -6.683e-02  4.023e-02 -7.811e-04 
 -4.442e-01  2.523e+01 -2.375e+00 -2.718e-01  3.016e-03 
 -6.683e-02 -2.375e+00  5.722e-01 -4.096e-02  4.543e-04 
  4.023e-02 -2.718e-01 -4.096e-02  1.618e-02 -2.151e-04 
 -7.811e-04  3.016e-03  4.543e-04 -2.151e-04  5.828e-06 
ERR MATRIX NOT POS-DEF
 PARAMETER  CORRELATION COEFFICIENTS  
       NO.  GLOBAL      8     18     19     20     22
        8  0.19481   1.000 -0.018 -0.018  0.064 -0.065
       18  0.99687  -0.018  1.000 -0.625 -0.425  0.249
       19  0.99687  -0.018 -0.625  1.000 -0.426  0.249
       20  0.99682   0.064 -0.425 -0.426  1.000 -0.700
       22  0.93471  -0.065  0.249  0.249 -0.700  1.000
 ERR MATRIX NOT POS-DEF
MINUIT - FIT ONLY 1-y
 **********
 **   60 **RES 
 **********
                   PARAMETER   14  ANy2 RESTORED TO VARIABLE.
                   PARAMETER    7  w_CBO RESTORED TO VARIABLE.
                   PARAMETER    6  A_CBO RESTORED TO VARIABLE.
                   PARAMETER    4  phi RESTORED TO VARIABLE.
                   PARAMETER    3  A0 RESTORED TO VARIABLE.
                   PARAMETER    1  N0 RESTORED TO VARIABLE.
 **********
 **   61 **FIX            0
 **********
 PARAMETER    0  IS UNDEFINED. IGNORED.
 **********
 **   62 **FIX            1
 **********
 **********
 **   63 **FIX            2
 **********
 PARAMETER    2  IS CONSTANT.   IGNORED.
 **********
 **   64 **FIX            3
 **********
 **********
 **   65 **FIX            4
 **********
 **********
 **   66 **FIX            5
 **********
 PARAMETER    5  IS CONSTANT.   IGNORED.
 **********
 **   67 **FIX            6
 **********
 **********
 **   68 **FIX            7
 **********
 **********
 **   69 **FIX            8
 **********
 **********
 **   70 **FIX            9
 **********
 PARAMETER    9  IS CONSTANT.   IGNORED.
 **********
 **   71 **FIX           13
 **********
 PARAMETER   13  IS CONSTANT.   IGNORED.
 **********
 **   72 **FIX           14
 **********
 **********
 **   73 **FIX           15
 **********
 PARAMETER   15  IS CONSTANT.   IGNORED.
 **********
 **   74 **FIX           16
 **********
 PARAMETER   16  IS CONSTANT.   IGNORED.
 **********
 **   75 **MIGRAD
 **********
 START MIGRAD MINIMIZATION.  STRATEGY  1.  CONVERGENCE WHEN EDM .LT. 1.00e-04
 FCN=333.283 FROM MIGRAD    STATUS=INITIATE        8 CALLS         823 TOTAL
                     EDM= unknown      STRATEGY= 1      NO ERROR MATRIX       
  EXT PARAMETER               CURRENT GUESS       STEP         FIRST   
  NO.   NAME      VALUE            ERROR          SIZE      DERIVATIVE 
   1  N0           3.33737e+06     fixed    
   2  tau          6.43904e+01   constant   
   3  A0           3.52603e-01     fixed    
   4  phi          4.13005e+00     fixed    
   5  R           -6.09611e+01   constant   
   6  A_CBO        6.49288e-05     fixed    
   7  w_CBO        2.33027e+00     fixed    
   8  phi_CBO      5.90106e+00     fixed    
   9  ANx2         2.14836e-04   constant   
  10  pNx2         2.09111e+00   constant   
  11  ANy1         0.00000e+00   constant   
  12  pNy1         0.00000e+00   constant   
  13  w_y          0.00000e+00   constant   
  14  ANy2        -3.42043e-04     fixed    
  15  pNy2         1.09622e+00   constant   
  16  w_vw         1.43115e+01   constant   
  17  LM          -4.64416e-04   constant   
  18  wCBO_expCoeff   1.99453e+02   5.02310e+00   3.56254e-03  -8.47374e-04
  19  wCBO_expOffset   1.99919e+02   7.56460e-01   5.36397e-04  -5.62541e-03
  20  wCBO_expT    3.00301e+01   1.27207e-01   9.08409e-05   6.52658e-02
  21  wCBO_linCoeff   0.00000e+00   constant   
  22  wCBO_const   2.08712e-03   2.41417e-03   7.67554e-06  -1.22663e-01
 MIGRAD MINIMIZATION HAS CONVERGED.
 MIGRAD WILL VERIFY CONVERGENCE AND ERROR MATRIX.
 FCN=333.281 FROM MIGRAD    STATUS=CONVERGED     103 CALLS         918 TOTAL
                     EDM=1.14454e-06    STRATEGY= 1      ERR MATRIX NOT POS-DEF
  EXT PARAMETER                APPROXIMATE        STEP         FIRST   
  NO.   NAME      VALUE            ERROR          SIZE      DERIVATIVE 
   1  N0           3.33737e+06     fixed    
   2  tau          6.43904e+01   constant   
   3  A0           3.52603e-01     fixed    
   4  phi          4.13005e+00     fixed    
   5  R           -6.09611e+01   constant   
   6  A_CBO        6.49288e-05     fixed    
   7  w_CBO        2.33027e+00     fixed    
   8  phi_CBO      5.90106e+00     fixed    
   9  ANx2         2.14836e-04   constant   
  10  pNx2         2.09111e+00   constant   
  11  ANy1         0.00000e+00   constant   
  12  pNy1         0.00000e+00   constant   
  13  w_y          0.00000e+00   constant   
  14  ANy2        -3.42043e-04     fixed    
  15  pNy2         1.09622e+00   constant   
  16  w_vw         1.43115e+01   constant   
  17  LM          -4.64416e-04   constant   
  18  wCBO_expCoeff   2.00030e+02   4.99944e+00   3.49633e-03   2.72599e-03
  19  wCBO_expOffset   2.00006e+02   7.49805e-01   5.24394e-04   1.81785e-02
  20  wCBO_expT    2.99961e+01   1.28405e-01   8.90937e-05   1.10736e-01
  21  wCBO_linCoeff   0.00000e+00   constant   
  22  wCBO_const   2.52748e-03   2.34761e-03   7.60042e-06   1.67164e+00
 EXTERNAL ERROR MATRIX.    NDIM=  25    NPAR=  4    ERR DEF=1
  2.499e+01 -2.278e+00 -2.799e-01  3.033e-03 
 -2.278e+00  5.622e-01 -4.200e-02  4.548e-04 
 -2.799e-01 -4.200e-02  1.649e-02 -2.113e-04 
  3.033e-03  4.548e-04 -2.113e-04  5.511e-06 
ERR MATRIX NOT POS-DEF
 PARAMETER  CORRELATION COEFFICIENTS  
       NO.  GLOBAL     18     19     20     22
       18  0.99694   1.000 -0.608 -0.436  0.258
       19  0.99694  -0.608  1.000 -0.436  0.258
       20  0.99699  -0.436 -0.436  1.000 -0.701
       22  0.93228   0.258  0.258 -0.701  1.000
 ERR MATRIX NOT POS-DEF
MINUIT - FIT ONLY 2-y
 **********
 **   76 **RES 
 **********
                   PARAMETER   14  ANy2 RESTORED TO VARIABLE.
                   PARAMETER    8  phi_CBO RESTORED TO VARIABLE.
                   PARAMETER    7  w_CBO RESTORED TO VARIABLE.
                   PARAMETER    6  A_CBO RESTORED TO VARIABLE.
                   PARAMETER    4  phi RESTORED TO VARIABLE.
                   PARAMETER    3  A0 RESTORED TO VARIABLE.
                   PARAMETER    1  N0 RESTORED TO VARIABLE.
 **********
 **   77 **FIX            0
 **********
 PARAMETER    0  IS UNDEFINED. IGNORED.
 **********
 **   78 **FIX            1
 **********
 **********
 **   79 **FIX            2
 **********
 PARAMETER    2  IS CONSTANT.   IGNORED.
 **********
 **   80 **FIX            3
 **********
 **********
 **   81 **FIX            4
 **********
 **********
 **   82 **FIX            5
 **********
 PARAMETER    5  IS CONSTANT.   IGNORED.
 **********
 **   83 **FIX            6
 **********
 **********
 **   84 **FIX            7
 **********
 **********
 **   85 **FIX            8
 **********
 **********
 **   86 **FIX            9
 **********
 PARAMETER    9  IS CONSTANT.   IGNORED.
 **********
 **   87 **FIX           10
 **********
 PARAMETER   10  IS CONSTANT.   IGNORED.
 **********
 **   88 **FIX           11
 **********
 PARAMETER   11  IS CONSTANT.   IGNORED.
 **********
 **   89 **FIX           12
 **********
 PARAMETER   12  IS CONSTANT.   IGNORED.
 **********
 **   90 **FIX           16
 **********
 PARAMETER   16  IS CONSTANT.   IGNORED.
 **********
 **   91 **MIGRAD
 **********
 START MIGRAD MINIMIZATION.  STRATEGY  1.  CONVERGENCE WHEN EDM .LT. 1.00e-04
 FCN=333.281 FROM MIGRAD    STATUS=INITIATE       10 CALLS         928 TOTAL
                     EDM= unknown      STRATEGY= 1      NO ERROR MATRIX       
  EXT PARAMETER               CURRENT GUESS       STEP         FIRST   
  NO.   NAME      VALUE            ERROR          SIZE      DERIVATIVE 
   1  N0           3.33737e+06     fixed    
   2  tau          6.43904e+01   constant   
   3  A0           3.52603e-01     fixed    
   4  phi          4.13005e+00     fixed    
   5  R           -6.09611e+01   constant   
   6  A_CBO        6.49288e-05     fixed    
   7  w_CBO        2.33027e+00     fixed    
   8  phi_CBO      5.90106e+00     fixed    
   9  ANx2         2.14836e-04   constant   
  10  pNx2         2.09111e+00   constant   
  11  ANy1         0.00000e+00   constant   
  12  pNy1         0.00000e+00   constant   
  13  w_y          0.00000e+00   constant   
  14  ANy2        -3.42043e-04   7.42342e-04   7.42342e-04   1.59503e+01
  15  pNy2         1.09622e+00   constant   
  16  w_vw         1.43115e+01   constant   
  17  LM          -4.64416e-04   constant   
  18  wCBO_expCoeff   2.00030e+02   4.99944e+00   3.49633e-03   2.72971e-03
  19  wCBO_expOffset   2.00006e+02   7.49805e-01   5.24394e-04   1.82059e-02
  20  wCBO_expT    2.99961e+01   1.28405e-01   8.90937e-05   1.10811e-01
  21  wCBO_linCoeff   0.00000e+00   constant   
  22  wCBO_const   2.52748e-03   2.34761e-03   7.60042e-06   1.67403e+00
 MIGRAD MINIMIZATION HAS CONVERGED.
 MIGRAD WILL VERIFY CONVERGENCE AND ERROR MATRIX.
 FCN=333.281 FROM MIGRAD    STATUS=CONVERGED      65 CALLS         983 TOTAL
                     EDM=2.31932e-07    STRATEGY= 1      ERR MATRIX NOT POS-DEF
  EXT PARAMETER                APPROXIMATE        STEP         FIRST   
  NO.   NAME      VALUE            ERROR          SIZE      DERIVATIVE 
   1  N0           3.33737e+06     fixed    
   2  tau          6.43904e+01   constant   
   3  A0           3.52603e-01     fixed    
   4  phi          4.13005e+00     fixed    
   5  R           -6.09611e+01   constant   
   6  A_CBO        6.49288e-05     fixed    
   7  w_CBO        2.33027e+00     fixed    
   8  phi_CBO      5.90106e+00     fixed    
   9  ANx2         2.14836e-04   constant   
  10  pNx2         2.09111e+00   constant   
  11  ANy1         0.00000e+00   constant   
  12  pNy1         0.00000e+00   constant   
  13  w_y          0.00000e+00   constant   
  14  ANy2        -3.46470e-04   7.42513e-04   6.64119e-06  -1.22820e-02
  15  pNy2         1.09622e+00   constant   
  16  w_vw         1.43115e+01   constant   
  17  LM          -4.64416e-04   constant   
  18  wCBO_expCoeff   2.00030e+02   4.99900e+00   3.49570e-03  -1.65465e-04
  19  wCBO_expOffset   2.00006e+02   7.49799e-01   5.24209e-04  -1.10331e-03
  20  wCBO_expT    2.99961e+01   1.28381e-01   8.90630e-05  -5.55681e-03
  21  wCBO_linCoeff   0.00000e+00   constant   
  22  wCBO_const   2.52717e-03   2.34747e-03   7.59784e-06   2.55615e-01
 EXTERNAL ERROR MATRIX.    NDIM=  25    NPAR=  5    ERR DEF=1
  5.513e-07 -6.993e-08 -8.250e-09  2.528e-07 -1.018e-08 
 -6.993e-08  2.499e+01 -2.278e+00 -2.798e-01  3.031e-03 
 -8.250e-09 -2.278e+00  5.622e-01 -4.200e-02  4.546e-04 
  2.528e-07 -2.798e-01 -4.200e-02  1.648e-02 -2.112e-04 
 -1.018e-08  3.031e-03  4.546e-04 -2.112e-04  5.511e-06 
ERR MATRIX NOT POS-DEF
 PARAMETER  CORRELATION COEFFICIENTS  
       NO.  GLOBAL     14     18     19     20     22
       14  0.02060   1.000 -0.000 -0.000  0.003 -0.006
       18  0.99694  -0.000  1.000 -0.608 -0.436  0.258
       19  0.99694  -0.000 -0.608  1.000 -0.436  0.258
       20  0.99699   0.003 -0.436 -0.436  1.000 -0.701
       22  0.93226  -0.006  0.258  0.258 -0.701  1.000
 ERR MATRIX NOT POS-DEF
MINUIT - FIT ALTOGETHER
 **********
 **   92 **RES 
 **********
                   PARAMETER    8  phi_CBO RESTORED TO VARIABLE.
                   PARAMETER    7  w_CBO RESTORED TO VARIABLE.
                   PARAMETER    6  A_CBO RESTORED TO VARIABLE.
                   PARAMETER    4  phi RESTORED TO VARIABLE.
                   PARAMETER    3  A0 RESTORED TO VARIABLE.
