 + ++++++++++++++++++++++++++++++++++++++++++++++++++++++++++++++++++++ +
 +                                                                      +
 +           You have chose to blind your fitting according to          +
 +                omega_ref * (1 + (R +/- deltaR) *10^{-6})             +
 +                                                                      +
 + ++++++++++++++++++++++++++++++++++++++++++++++++++++++++++++++++++++ +
In main()...
reading format from /gm2data/zkhechad/run45/envelope/formats/formatB_sBin_constraintOn.txt
pBinTau 	= 0  
pBinPhi 	= 0  
constraintau 	= 1 
includeMopTerm 	= 0    
constrainMop    = 0   
Parameters after format file: pBinTau 0 pBinPhi 0 constraintau 1 includeMopTerm 0 constrainMop 0 c_e_scale 0.000000 
reading cbo reference file (full fit) from /gm2data/zkhechad/cboTemplates/Run4CBOTemplates/fullFits/run4/sBin_constraintOn_cE0.0_seed0_run4_calo4.root
A_CBO 0.009389 w_CBO 2.326001 phi_CBO 4.715725 N0 2871608.131177 R -59.406240 tau 64.400031 
Reading cboRef file /gm2data/zkhechad/cboTemplates/Run4CBOTemplates//cboIsolate/run4_calo4.root
deltaT 164.120000
windowBins = 1100
fitting sliding window 1320 from bin 1523 at 227.231600 to bin 2623 at 391.351600 (1100 bins)

Reading data from /gm2data/cornell/histograms/aMethod/histogram_a_run4.root
fitting cbo isolate
 **********
 **    1 **SET PRINTOUT            1
 **********
 **********
 **    2 **SET NOWARNINGS 
 **********
 PARAMETER DEFINITIONS:
    NO.   NAME         VALUE      STEP SIZE      LIMITS
     1 A_CBO        9.38904e-03  1.00000e-05     no limits
     2 w_CBO        2.32600e+00  1.00000e-02    2.00000e+00  3.00000e+00
     3 phi_CBO      4.71573e+00  1.00000e-02    0.00000e+00  6.28319e+00
 **********
 **    3 **MIGRAD
 **********
 FIRST CALL TO USER FUNCTION AT NEW START POINT, WITH IFLAG=4.
 START MIGRAD MINIMIZATION.  STRATEGY  1.  CONVERGENCE WHEN EDM .LT. 1.00e-04
 FCN=0.049334 FROM MIGRAD    STATUS=INITIATE       12 CALLS          13 TOTAL
                     EDM= unknown      STRATEGY= 1      NO ERROR MATRIX       
  EXT PARAMETER               CURRENT GUESS       STEP         FIRST   
  NO.   NAME      VALUE            ERROR          SIZE      DERIVATIVE 
   1  A_CBO        9.38904e-03   1.00000e-05   1.00000e-05   7.55653e+00
   2  w_CBO        2.32600e+00   1.00000e-02   2.13357e-02   2.87944e-01
   3  phi_CBO      4.71573e+00   1.00000e-02   3.67815e-03  -4.44906e-03
 MIGRAD MINIMIZATION HAS CONVERGED.
 MIGRAD WILL VERIFY CONVERGENCE AND ERROR MATRIX.
 COVARIANCE MATRIX CALCULATED SUCCESSFULLY
 FCN=0.0234101 FROM MIGRAD    STATUS=CONVERGED      49 CALLS          50 TOTAL
                     EDM=8.50837e-05    STRATEGY= 1      ERROR MATRIX ACCURATE 
  EXT PARAMETER                                   STEP         FIRST   
  NO.   NAME      VALUE            ERROR          SIZE      DERIVATIVE 
   1  A_CBO        2.52525e-03   4.32014e-02   2.10499e-05  -1.44425e-02
   2  w_CBO        2.32585e+00   3.48543e-01   5.93678e-05   8.43993e-03
   3  phi_CBO      4.73617e+00   3.73221e+00   3.13543e-03   1.35466e-04
 EXTERNAL ERROR MATRIX.    NDIM=  25    NPAR=  3    ERR DEF=1
  1.866e-03 -2.803e-03 -8.365e-01 
 -2.803e-03  1.545e-01  4.572e+01 
 -8.365e-01  4.572e+01  1.382e+04 
 PARAMETER  CORRELATION COEFFICIENTS  
       NO.  GLOBAL      1      2      3
        1  0.16536   1.000 -0.165 -0.165
        2  0.98965  -0.165  1.000  0.990
        3  0.98964  -0.165  0.990  1.000
setting A_CBO=0.002525 w_CBO=2.325852, phi_CBO=4.736174
done fitting cbo isolate
 **********
 **    1 **SET PRINTOUT            1
 **********
 **********
 **    2 **SET NOWARNINGS 
 **********
 PARAMETER DEFINITIONS:
    NO.   NAME         VALUE      STEP SIZE      LIMITS
     1 N0           2.87161e+06  1.00000e+02     no limits
     2 tau          6.44000e+01  constant
     3 A0           3.53296e-01  1.00000e-04     no limits
     4 phi          4.11727e+00  1.00000e-02     no limits
     5 R           -5.94062e+01  constant
     6 A_CBO        2.52525e-03  1.00000e-05     no limits
     7 w_CBO        2.32585e+00  1.00000e-03     no limits
     8 phi_CBO      4.73617e+00  1.00000e-04     no limits
     9 ANx2         6.75162e-04  constant
    10 pNx2         4.60725e+00  constant
    11 ANy1         0.00000e+00  constant
    12 pNy1         0.00000e+00  constant
    13 w_y          0.00000e+00  constant
    14 ANy2         8.91794e-03  1.00000e-04     no limits
    15 pNy2         4.50125e+00  constant
    16 w_vw         1.43005e+01  constant
    17 LM          -1.01507e-04  constant
    18 wCBO_expCoeff   2.00000e+02  1.00000e+00     no limits
    19 wCBO_expOffset   2.00000e+02  1.00000e+00     no limits
    20 wCBO_expT    3.00000e+01  1.00000e+00     no limits
    21 wCBO_linCoeff   0.00000e+00  constant
    22 wCBO_const   0.00000e+00  1.00000e-02     no limits
MINUIT - FIT ONLY WIGGLE
 **********
 **    3 **FIX            5
 **********
 PARAMETER    5  IS CONSTANT.   IGNORED.
 **********
 **    4 **FIX            6
 **********
 **********
 **    5 **FIX            7
 **********
 **********
 **    6 **FIX            8
 **********
 **********
 **    7 **FIX            9
 **********
 PARAMETER    9  IS CONSTANT.   IGNORED.
 **********
 **    8 **FIX           10
 **********
 PARAMETER   10  IS CONSTANT.   IGNORED.
 **********
 **    9 **FIX           11
 **********
 PARAMETER   11  IS CONSTANT.   IGNORED.
 **********
 **   10 **FIX           12
 **********
 PARAMETER   12  IS CONSTANT.   IGNORED.
 **********
 **   11 **FIX           13
 **********
 PARAMETER   13  IS CONSTANT.   IGNORED.
 **********
 **   12 **FIX           14
 **********
 **********
 **   13 **FIX           15
 **********
 PARAMETER   15  IS CONSTANT.   IGNORED.
 **********
 **   14 **FIX           16
 **********
 PARAMETER   16  IS CONSTANT.   IGNORED.
 **********
 **   15 **MIGRAD
 **********
 FIRST CALL TO USER FUNCTION AT NEW START POINT, WITH IFLAG=4.
 START MIGRAD MINIMIZATION.  STRATEGY  1.  CONVERGENCE WHEN EDM .LT. 1.00e-04
 FCN=1506.86 FROM MIGRAD    STATUS=INITIATE       58 CALLS          59 TOTAL
                     EDM= unknown      STRATEGY= 1      NO ERROR MATRIX       
  EXT PARAMETER               CURRENT GUESS       STEP         FIRST   
  NO.   NAME      VALUE            ERROR          SIZE      DERIVATIVE 
   1  N0           2.87161e+06   1.00000e+02   0.00000e+00  -2.12125e-04
   2  tau          6.44000e+01   constant   
   3  A0           3.53296e-01   1.00000e-04   0.00000e+00  -4.01597e+03
   4  phi          4.11727e+00   1.00000e-02   0.00000e+00   4.31880e+02
   5  R           -5.94062e+01   constant   
   6  A_CBO        2.52525e-03     fixed    
   7  w_CBO        2.32585e+00     fixed    
   8  phi_CBO      4.73617e+00     fixed    
   9  ANx2         6.75162e-04   constant   
  10  pNx2         4.60725e+00   constant   
  11  ANy1         0.00000e+00   constant   
  12  pNy1         0.00000e+00   constant   
  13  w_y          0.00000e+00   constant   
  14  ANy2         8.91794e-03     fixed    
  15  pNy2         4.50125e+00   constant   
  16  w_vw         1.43005e+01   constant   
  17  LM          -1.01507e-04   constant   
  18  wCBO_expCoeff   2.00018e+02   1.00000e+00   1.77062e-02   1.83996e+02
  19  wCBO_expOffset   2.00000e+02   1.00000e+00   0.00000e+00   1.18124e+03
  20  wCBO_expT    3.00000e+01   1.00000e+00   0.00000e+00  -4.72299e+03
  21  wCBO_linCoeff   0.00000e+00   constant   
  22  wCBO_const   0.00000e+00   1.00000e-02   0.00000e+00  -9.86167e+03
 MIGRAD FAILS TO FIND IMPROVEMENT
 MIGRAD MINIMIZATION HAS CONVERGED.
 FCN=1490.54 FROM MIGRAD    STATUS=CONVERGED     448 CALLS         449 TOTAL
                     EDM=8.27843e-05    STRATEGY= 1  ERROR MATRIX UNCERTAINTY   4.7 per cent
  EXT PARAMETER                                   STEP         FIRST   
  NO.   NAME      VALUE            ERROR          SIZE      DERIVATIVE 
   1  N0           2.87149e+06   5.94277e+02   0.00000e+00   3.52416e-06
   2  tau          6.44000e+01   constant   
   3  A0           3.53388e-01   2.65488e-04  -0.00000e+00   9.99305e-01
   4  phi          4.11700e+00   7.93505e-04  -0.00000e+00   1.22504e+01
   5  R           -5.94062e+01   constant   
   6  A_CBO        2.52525e-03     fixed    
   7  w_CBO        2.32585e+00     fixed    
   8  phi_CBO      4.73617e+00     fixed    
   9  ANx2         6.75162e-04   constant   
  10  pNx2         4.60725e+00   constant   
  11  ANy1         0.00000e+00   constant   
  12  pNy1         0.00000e+00   constant   
  13  w_y          0.00000e+00   constant   
  14  ANy2         8.91794e-03     fixed    
  15  pNy2         4.50125e+00   constant   
  16  w_vw         1.43005e+01   constant   
  17  LM          -1.01507e-04   constant   
  18  wCBO_expCoeff   2.00016e+02   4.44409e-03  -0.00000e+00   2.87174e+00
  19  wCBO_expOffset   2.00001e+02   1.23787e-03   0.00000e+00  -1.04253e+01
  20  wCBO_expT    2.99975e+01   1.01404e-03  -0.00000e+00  -8.62740e+00
  21  wCBO_linCoeff   0.00000e+00   constant   
  22  wCBO_const   3.49359e-03   5.41955e-04   0.00000e+00  -8.14872e+00
 EXTERNAL ERROR MATRIX.    NDIM=  25    NPAR=  7    ERR DEF=1
  3.532e+05  2.620e-03  1.725e-02 -8.267e-01  1.967e-02  1.129e-01 -4.553e-02 
  2.620e-03  7.048e-08 -8.747e-09  2.356e-07 -4.876e-08  1.037e-08 -3.866e-09 
  1.725e-02 -8.747e-09  6.296e-07 -1.227e-06  2.256e-07 -1.781e-08 -2.009e-08 
 -8.267e-01  2.356e-07 -1.227e-06  1.975e-05 -2.156e-06 -8.315e-08  1.904e-07 
  1.967e-02 -4.876e-08  2.256e-07 -2.156e-06  1.532e-06 -1.096e-06  3.380e-07 
  1.129e-01  1.037e-08 -1.781e-08 -8.315e-08 -1.096e-06  1.028e-06 -4.168e-07 
 -4.553e-02 -3.866e-09 -2.009e-08  1.904e-07  3.380e-07 -4.168e-07  2.937e-07 
 PARAMETER  CORRELATION COEFFICIENTS  
       NO.  GLOBAL      1      3      4     18     19     20     22
        1  0.62633   1.000  0.017  0.037 -0.313  0.027  0.187 -0.141
        3  0.39015   0.017  1.000 -0.042  0.200 -0.148  0.039 -0.027
        4  0.55729   0.037 -0.042  1.000 -0.348  0.230 -0.022 -0.047
       18  0.93115  -0.313  0.200 -0.348  1.000 -0.392 -0.018  0.079
       19  0.99140   0.027 -0.148  0.230 -0.392  1.000 -0.873  0.504
       20  0.99349   0.187  0.039 -0.022 -0.018 -0.873  1.000 -0.759
       22  0.93632  -0.141 -0.027 -0.047  0.079  0.504 -0.759  1.000
MINUIT - FIT ONLY 1-CBO + other amplitudes 
 **********
 **   16 **RES 
 **********
                   PARAMETER   14  ANy2 RESTORED TO VARIABLE.
                   PARAMETER    8  phi_CBO RESTORED TO VARIABLE.
                   PARAMETER    7  w_CBO RESTORED TO VARIABLE.
                   PARAMETER    6  A_CBO RESTORED TO VARIABLE.
 **********
 **   17 **FIX            0
 **********
 PARAMETER    0  IS UNDEFINED. IGNORED.
 **********
 **   18 **FIX            1
 **********
 **********
 **   19 **FIX            2
 **********
 PARAMETER    2  IS CONSTANT.   IGNORED.
 **********
 **   20 **FIX            3
 **********
 **********
 **   21 **FIX            4
 **********
 **********
 **   22 **FIX            9
 **********
 PARAMETER    9  IS CONSTANT.   IGNORED.
 **********
 **   23 **FIX           11
 **********
 PARAMETER   11  IS CONSTANT.   IGNORED.
 **********
 **   24 **FIX           12
 **********
 PARAMETER   12  IS CONSTANT.   IGNORED.
 **********
 **   25 **FIX           14
 **********
 **********
 **   26 **FIX           15
 **********
 PARAMETER   15  IS CONSTANT.   IGNORED.
 **********
 **   27 **FIX           16
 **********
 PARAMETER   16  IS CONSTANT.   IGNORED.
 **********
 **   28 **MIGRAD
 **********
 START MIGRAD MINIMIZATION.  STRATEGY  1.  CONVERGENCE WHEN EDM .LT. 1.00e-04
 FCN=1490.54 FROM MIGRAD    STATUS=INITIATE       22 CALLS         471 TOTAL
                     EDM= unknown      STRATEGY= 1      NO ERROR MATRIX       
  EXT PARAMETER               CURRENT GUESS       STEP         FIRST   
  NO.   NAME      VALUE            ERROR          SIZE      DERIVATIVE 
   1  N0           2.87149e+06     fixed    
   2  tau          6.44000e+01   constant   
   3  A0           3.53388e-01     fixed    
   4  phi          4.11700e+00     fixed    
   5  R           -5.94062e+01   constant   
   6  A_CBO        2.52525e-03   1.00000e-05   1.00000e-05   4.29755e+04
   7  w_CBO        2.32585e+00   1.00000e-03   1.00000e-03   2.43004e+02
   8  phi_CBO      4.73617e+00   1.00000e-04   1.00000e-04   5.62263e+00
   9  ANx2         6.75162e-04   constant   
  10  pNx2         4.60725e+00   constant   
  11  ANy1         0.00000e+00   constant   
  12  pNy1         0.00000e+00   constant   
  13  w_y          0.00000e+00   constant   
  14  ANy2         8.91794e-03     fixed    
  15  pNy2         4.50125e+00   constant   
  16  w_vw         1.43005e+01   constant   
  17  LM          -1.01507e-04   constant   
  18  wCBO_expCoeff   2.00016e+02   4.44409e-03  -0.00000e+00   2.87174e+00
  19  wCBO_expOffset   2.00001e+02   1.23787e-03   0.00000e+00  -1.04253e+01
  20  wCBO_expT    2.99975e+01   1.01404e-03  -0.00000e+00  -8.62740e+00
  21  wCBO_linCoeff   0.00000e+00   constant   
  22  wCBO_const   3.49359e-03   5.41955e-04   0.00000e+00  -8.14868e+00
 MIGRAD MINIMIZATION HAS CONVERGED.
 MIGRAD WILL VERIFY CONVERGENCE AND ERROR MATRIX.
 FCN=1435 FROM MIGRAD    STATUS=CONVERGED     305 CALLS         754 TOTAL
                     EDM=3.41395e-06    STRATEGY= 1      ERR MATRIX NOT POS-DEF
  EXT PARAMETER                APPROXIMATE        STEP         FIRST   
  NO.   NAME      VALUE            ERROR          SIZE      DERIVATIVE 
   1  N0           2.87149e+06     fixed    
   2  tau          6.44000e+01   constant   
   3  A0           3.53388e-01     fixed    
   4  phi          4.11700e+00     fixed    
   5  R           -5.94062e+01   constant   
   6  A_CBO        5.87241e-04   2.96998e-04   5.42042e-06  -2.18845e+00
   7  w_CBO        2.32584e+00   1.71212e-04   1.10905e-06   1.56572e+01
   8  phi_CBO      3.31619e+00   5.37716e-01   8.78089e-03   8.37820e-04
   9  ANx2         6.75162e-04   constant   
  10  pNx2         4.60725e+00   constant   
  11  ANy1         0.00000e+00   constant   
  12  pNy1         0.00000e+00   constant   
  13  w_y          0.00000e+00   constant   
  14  ANy2         8.91794e-03     fixed    
  15  pNy2         4.50125e+00   constant   
  16  w_vw         1.43005e+01   constant   
  17  LM          -1.01507e-04   constant   
  18  wCBO_expCoeff   2.00015e+02   1.48816e-02   9.53748e-05   1.73637e-01
  19  wCBO_expOffset   2.00001e+02   1.74804e-03   9.53679e-05   1.23695e+00
  20  wCBO_expT    2.99965e+01   7.59156e-04   1.43035e-05   4.91948e+00
  21  wCBO_linCoeff   0.00000e+00   constant   
  22  wCBO_const   4.01718e-03   5.42295e-04   4.81117e-06   1.67854e+00
 EXTERNAL ERROR MATRIX.    NDIM=  25    NPAR=  7    ERR DEF=1
  8.821e-08  3.492e-09 -2.604e-06  3.276e-07 -7.494e-08 -1.265e-08 -2.738e-09 
  3.492e-09  2.931e-08 -5.442e-06 -1.631e-06 -1.126e-07 -2.040e-08 -5.001e-09 
 -2.604e-06 -5.442e-06  2.891e-01 -4.975e-04  1.139e-04  9.424e-05 -6.010e-05 
  3.276e-07 -1.631e-06 -4.975e-04  2.215e-04 -1.032e-05 -1.804e-06  1.355e-06 
 -7.494e-08 -1.126e-07  1.139e-04 -1.032e-05  3.056e-06 -4.936e-09  3.061e-08 
 -1.265e-08 -2.040e-08  9.424e-05 -1.804e-06 -4.936e-09  5.763e-07 -2.783e-07 
 -2.738e-09 -5.001e-09 -6.010e-05  1.355e-06  3.061e-08 -2.783e-07  2.941e-07 
ERR MATRIX NOT POS-DEF
 PARAMETER  CORRELATION COEFFICIENTS  
       NO.  GLOBAL      6      7      8     18     19     20     22
        6  0.18114   1.000  0.069 -0.016  0.074 -0.144 -0.056 -0.017
        7  0.99610   0.069  1.000 -0.059 -0.640 -0.376 -0.157 -0.054
        8  0.47962  -0.016 -0.059  1.000 -0.062  0.121  0.231 -0.206
       18  0.99603   0.074 -0.640 -0.062  1.000 -0.397 -0.160  0.168
       19  0.99350  -0.144 -0.376  0.121 -0.397  1.000 -0.004  0.032
       20  0.97949  -0.056 -0.157  0.231 -0.160 -0.004  1.000 -0.676
       22  0.87835  -0.017 -0.054 -0.206  0.168  0.032 -0.676  1.000
 ERR MATRIX NOT POS-DEF
MINUIT - FIT ONLY 1-CBO
 **********
 **   29 **RES 
 **********
                   PARAMETER   14  ANy2 RESTORED TO VARIABLE.
                   PARAMETER    4  phi RESTORED TO VARIABLE.
                   PARAMETER    3  A0 RESTORED TO VARIABLE.
                   PARAMETER    1  N0 RESTORED TO VARIABLE.
 **********
 **   30 **FIX            0
 **********
 PARAMETER    0  IS UNDEFINED. IGNORED.
 **********
 **   31 **FIX            1
 **********
 **********
 **   32 **FIX            2
 **********
 PARAMETER    2  IS CONSTANT.   IGNORED.
 **********
 **   33 **FIX            3
 **********
 **********
 **   34 **FIX            4
 **********
 **********
 **   35 **FIX            8
 **********
 **********
 **   36 **FIX            9
 **********
 PARAMETER    9  IS CONSTANT.   IGNORED.
 **********
 **   37 **FIX           11
 **********
 PARAMETER   11  IS CONSTANT.   IGNORED.
 **********
 **   38 **FIX           12
 **********
 PARAMETER   12  IS CONSTANT.   IGNORED.
 **********
 **   39 **FIX           13
 **********
 PARAMETER   13  IS CONSTANT.   IGNORED.
 **********
 **   40 **FIX           15
 **********
 PARAMETER   15  IS CONSTANT.   IGNORED.
 **********
 **   41 **FIX           16
 **********
 PARAMETER   16  IS CONSTANT.   IGNORED.
 **********
 **   42 **MIGRAD
 **********
 START MIGRAD MINIMIZATION.  STRATEGY  1.  CONVERGENCE WHEN EDM .LT. 1.00e-04
 FCN=1435 FROM MIGRAD    STATUS=INITIATE       16 CALLS         770 TOTAL
                     EDM= unknown      STRATEGY= 1      NO ERROR MATRIX       
  EXT PARAMETER               CURRENT GUESS       STEP         FIRST   
  NO.   NAME      VALUE            ERROR          SIZE      DERIVATIVE 
   1  N0           2.87149e+06     fixed    
   2  tau          6.44000e+01   constant   
   3  A0           3.53388e-01     fixed    
   4  phi          4.11700e+00     fixed    
   5  R           -5.94062e+01   constant   
   6  A_CBO        5.87241e-04   2.96998e-04   5.42042e-06  -2.18845e+00
   7  w_CBO        2.32584e+00   1.71212e-04   1.10905e-06   1.80463e+01
   8  phi_CBO      3.31619e+00     fixed    
   9  ANx2         6.75162e-04   constant   
  10  pNx2         4.60725e+00   constant   
  11  ANy1         0.00000e+00   constant   
  12  pNy1         0.00000e+00   constant   
  13  w_y          0.00000e+00   constant   
  14  ANy2         8.91794e-03   1.00000e-04   1.00000e-04   2.24595e+05
  15  pNy2         4.50125e+00   constant   
  16  w_vw         1.43005e+01   constant   
  17  LM          -1.01507e-04   constant   
  18  wCBO_expCoeff   2.00015e+02   1.48816e-02   9.53748e-05   2.00649e-01
  19  wCBO_expOffset   2.00001e+02   1.74804e-03   9.53679e-05   9.15599e+00
  20  wCBO_expT    2.99965e+01   7.59156e-04   1.43035e-05   4.87597e+00
  21  wCBO_linCoeff   0.00000e+00   constant   
  22  wCBO_const   4.01718e-03   5.42295e-04   4.81117e-06   1.68036e+00
 MIGRAD FAILS TO FIND IMPROVEMENT
 MIGRAD MINIMIZATION HAS CONVERGED.
 FCN=404.916 FROM MIGRAD    STATUS=CONVERGED     203 CALLS         957 TOTAL
                     EDM=1.77369e-05    STRATEGY= 1  ERROR MATRIX UNCERTAINTY   4.4 per cent
  EXT PARAMETER                                   STEP         FIRST   
  NO.   NAME      VALUE            ERROR          SIZE      DERIVATIVE 
   1  N0           2.87149e+06     fixed    
   2  tau          6.44000e+01   constant   
   3  A0           3.53388e-01     fixed    
   4  phi          4.11700e+00     fixed    
   5  R           -5.94062e+01   constant   
   6  A_CBO        5.11072e-05   3.05467e-04  -0.00000e+00   1.91201e+00
   7  w_CBO        2.32585e+00   3.53635e-05   0.00000e+00  -4.52547e+01
   8  phi_CBO      3.31619e+00     fixed    
   9  ANx2         6.75162e-04   constant   
  10  pNx2         4.60725e+00   constant   
  11  ANy1         0.00000e+00   constant   
  12  pNy1         0.00000e+00   constant   
  13  w_y          0.00000e+00   constant   
  14  ANy2        -2.60471e-04   2.86725e-04  -0.00000e+00   2.85915e+00
  15  pNy2         4.50125e+00   constant   
  16  w_vw         1.43005e+01   constant   
  17  LM          -1.01507e-04   constant   
  18  wCBO_expCoeff   2.00016e+02   3.08413e-03   0.00000e+00  -5.24316e-01
  19  wCBO_expOffset   2.00001e+02   6.85846e-04   0.00000e+00  -1.73497e+01
  20  wCBO_expT    2.99962e+01   1.43901e-03  -0.00000e+00  -5.65384e+00
  21  wCBO_linCoeff   0.00000e+00   constant   
  22  wCBO_const   4.36080e-03   9.89374e-04   0.00000e+00   1.42080e-01
 EXTERNAL ERROR MATRIX.    NDIM=  25    NPAR=  7    ERR DEF=1
  9.331e-08 -2.534e-09  6.100e-09 -2.253e-07 -6.045e-08  9.696e-08 -6.411e-09 
 -2.534e-09  1.251e-09 -2.380e-10  8.889e-08  2.066e-08 -4.576e-08  1.738e-08 
  6.100e-09 -2.380e-10  8.221e-08 -2.018e-08 -1.470e-08  1.510e-08 -7.477e-09 
 -2.253e-07  8.889e-08 -2.018e-08  9.512e-06  1.810e-06 -3.955e-06  1.433e-06 
 -6.045e-08  2.066e-08 -1.470e-08  1.810e-06  4.704e-07 -8.641e-07  2.626e-07 
  9.696e-08 -4.576e-08  1.510e-08 -3.955e-06 -8.641e-07  2.071e-06 -1.006e-06 
 -6.411e-09  1.738e-08 -7.477e-09  1.433e-06  2.626e-07 -1.006e-06  9.789e-07 
 PARAMETER  CORRELATION COEFFICIENTS  
       NO.  GLOBAL      6      7     14     18     19     20     22
        6  0.31006   1.000 -0.235  0.070 -0.239 -0.289  0.221 -0.021
        7  0.92364  -0.235  1.000 -0.023  0.815  0.852 -0.899  0.497
       14  0.14239   0.070 -0.023  1.000 -0.023 -0.075  0.037 -0.026
       18  0.92260  -0.239  0.815 -0.023  1.000  0.856 -0.891  0.470
       19  0.93626  -0.289  0.852 -0.075  0.856  1.000 -0.876  0.387
       20  0.98469   0.221 -0.899  0.037 -0.891 -0.876  1.000 -0.707
       22  0.89727  -0.021  0.497 -0.026  0.470  0.387 -0.707  1.000
MINUIT - FIT ONLY 2-CBO
 **********
 **   43 **RES 
 **********
                   PARAMETER    8  phi_CBO RESTORED TO VARIABLE.
                   PARAMETER    4  phi RESTORED TO VARIABLE.
                   PARAMETER    3  A0 RESTORED TO VARIABLE.
                   PARAMETER    1  N0 RESTORED TO VARIABLE.
 **********
 **   44 **FIX            0
 **********
 PARAMETER    0  IS UNDEFINED. IGNORED.
 **********
 **   45 **FIX            1
 **********
 **********
 **   46 **FIX            2
 **********
 PARAMETER    2  IS CONSTANT.   IGNORED.
 **********
 **   47 **FIX            3
 **********
 **********
 **   48 **FIX            4
 **********
 **********
 **   49 **FIX            5
 **********
 PARAMETER    5  IS CONSTANT.   IGNORED.
 **********
 **   50 **FIX            6
 **********
 **********
 **   51 **FIX            7
 **********
 **********
 **   52 **FIX           10
 **********
 PARAMETER   10  IS CONSTANT.   IGNORED.
 **********
 **   53 **FIX           11
 **********
 PARAMETER   11  IS CONSTANT.   IGNORED.
 **********
 **   54 **FIX           12
 **********
 PARAMETER   12  IS CONSTANT.   IGNORED.
 **********
 **   55 **FIX           13
 **********
 PARAMETER   13  IS CONSTANT.   IGNORED.
 **********
 **   56 **FIX           14
 **********
 **********
 **   57 **FIX           15
 **********
 PARAMETER   15  IS CONSTANT.   IGNORED.
 **********
 **   58 **FIX           16
 **********
 PARAMETER   16  IS CONSTANT.   IGNORED.
 **********
 **   59 **MIGRAD
 **********
 START MIGRAD MINIMIZATION.  STRATEGY  1.  CONVERGENCE WHEN EDM .LT. 1.00e-04
 FCN=404.916 FROM MIGRAD    STATUS=INITIATE       12 CALLS         969 TOTAL
                     EDM= unknown      STRATEGY= 1      NO ERROR MATRIX       
  EXT PARAMETER               CURRENT GUESS       STEP         FIRST   
  NO.   NAME      VALUE            ERROR          SIZE      DERIVATIVE 
   1  N0           2.87149e+06     fixed    
   2  tau          6.44000e+01   constant   
   3  A0           3.53388e-01     fixed    
   4  phi          4.11700e+00     fixed    
   5  R           -5.94062e+01   constant   
   6  A_CBO        5.11072e-05     fixed    
   7  w_CBO        2.32585e+00     fixed    
   8  phi_CBO      3.31619e+00   5.37716e-01   5.37716e-01   4.05024e-02
   9  ANx2         6.75162e-04   constant   
  10  pNx2         4.60725e+00   constant   
  11  ANy1         0.00000e+00   constant   
  12  pNy1         0.00000e+00   constant   
  13  w_y          0.00000e+00   constant   
  14  ANy2        -2.60471e-04     fixed    
  15  pNy2         4.50125e+00   constant   
  16  w_vw         1.43005e+01   constant   
  17  LM          -1.01507e-04   constant   
  18  wCBO_expCoeff   2.00016e+02   3.08413e-03   0.00000e+00  -5.24316e-01
  19  wCBO_expOffset   2.00001e+02   6.85846e-04   0.00000e+00  -1.73497e+01
  20  wCBO_expT    2.99962e+01   1.43901e-03  -0.00000e+00  -5.65384e+00
  21  wCBO_linCoeff   0.00000e+00   constant   
  22  wCBO_const   4.36080e-03   9.89374e-04   0.00000e+00   1.42080e-01
 MIGRAD MINIMIZATION HAS CONVERGED.
 MIGRAD WILL VERIFY CONVERGENCE AND ERROR MATRIX.
 COVARIANCE MATRIX CALCULATED SUCCESSFULLY
 FCN=404.904 FROM HESSE     STATUS=OK             35 CALLS        1041 TOTAL
                     EDM=7.18589e-05    STRATEGY= 1      ERROR MATRIX ACCURATE 
  EXT PARAMETER                                   STEP         FIRST   
  NO.   NAME      VALUE            ERROR          SIZE      DERIVATIVE 
   1  N0           2.87149e+06     fixed    
   2  tau          6.44000e+01   constant   
   3  A0           3.53388e-01     fixed    
   4  phi          4.11700e+00     fixed    
   5  R           -5.94062e+01   constant   
   6  A_CBO        5.11072e-05     fixed    
   7  w_CBO        2.32585e+00     fixed    
   8  phi_CBO      2.76955e+00   5.16030e+00   5.07124e-02   2.65039e-04
   9  ANx2         6.75162e-04   constant   
  10  pNx2         4.60725e+00   constant   
  11  ANy1         0.00000e+00   constant   
  12  pNy1         0.00000e+00   constant   
  13  w_y          0.00000e+00   constant   
  14  ANy2        -2.60471e-04     fixed    
  15  pNy2         4.50125e+00   constant   
  16  w_vw         1.43005e+01   constant   
  17  LM          -1.01507e-04   constant   
  18  wCBO_expCoeff   2.00016e+02   1.06579e-02   9.53753e-05   1.37117e+00
  19  wCBO_expOffset   2.00001e+02   1.24090e-03   9.53680e-05   9.07759e+00
  20  wCBO_expT    2.99962e+01   1.17395e-03   1.43033e-05  -4.26380e+00
  21  wCBO_linCoeff   0.00000e+00   constant   
  22  wCBO_const   4.35953e-03   9.48769e-04   4.31789e-06   1.83348e+00
 MIGRAD FAILS TO FIND IMPROVEMENT
 MIGRAD TERMINATED WITHOUT CONVERGENCE.
 FCN=404.904 FROM MIGRAD    STATUS=FAILED        144 CALLS        1101 TOTAL
                     EDM=0.000279731    STRATEGY= 1  ERROR MATRIX UNCERTAINTY   0.1 per cent
  EXT PARAMETER                APPROXIMATE        STEP         FIRST   
  NO.   NAME      VALUE            ERROR          SIZE      DERIVATIVE 
   1  N0           2.87149e+06     fixed    
   2  tau          6.44000e+01   constant   
   3  A0           3.53388e-01     fixed    
   4  phi          4.11700e+00     fixed    
   5  R           -5.94062e+01   constant   
   6  A_CBO        5.11072e-05     fixed    
   7  w_CBO        2.32585e+00     fixed    
   8  phi_CBO      2.76377e+00   5.15410e+00  -0.00000e+00  -1.01666e-04
   9  ANx2         6.75162e-04   constant   
  10  pNx2         4.60725e+00   constant   
  11  ANy1         0.00000e+00   constant   
  12  pNy1         0.00000e+00   constant   
  13  w_y          0.00000e+00   constant   
  14  ANy2        -2.60471e-04     fixed    
  15  pNy2         4.50125e+00   constant   
  16  w_vw         1.43005e+01   constant   
  17  LM          -1.01507e-04   constant   
  18  wCBO_expCoeff   2.00016e+02   2.58773e-02  -0.00000e+00  -4.50669e-01
  19  wCBO_expOffset   2.00001e+02   2.60810e-03   0.00000e+00  -1.70610e+01
  20  wCBO_expT    2.99962e+01   1.37578e-03   0.00000e+00  -3.72976e+00
  21  wCBO_linCoeff   0.00000e+00   constant   
  22  wCBO_const   4.35316e-03   1.01420e-03  -0.00000e+00  -9.23145e-01
 EXTERNAL ERROR MATRIX.    NDIM=  25    NPAR=  5    ERR DEF=1
  2.656e+01  9.435e-03 -1.340e-03 -1.035e-04  2.024e-04 
  9.435e-03  6.696e-04 -6.607e-05 -3.448e-05  1.664e-05 
 -1.340e-03 -6.607e-05  6.802e-06  3.342e-06 -1.796e-06 
 -1.035e-04 -3.448e-05  3.342e-06  1.893e-06 -1.017e-06 
  2.024e-04  1.664e-05 -1.796e-06 -1.017e-06  1.029e-06 
ERR MATRIX APPROXIMATE
 PARAMETER  CORRELATION COEFFICIENTS  
       NO.  GLOBAL      8     18     19     20     22
        8  0.27730   1.000  0.071 -0.100 -0.015  0.039
       18  0.99691   0.071  1.000 -0.979 -0.969  0.634
       19  0.99180  -0.100 -0.979  1.000  0.931 -0.679
       20  0.99130  -0.015 -0.969  0.931  1.000 -0.729
       22  0.91288   0.039  0.634 -0.679 -0.729  1.000
 ERR MATRIX APPROXIMATE
MINUIT - FIT ONLY 1-y
 **********
 **   60 **RES 
 **********
                   PARAMETER   14  ANy2 RESTORED TO VARIABLE.
                   PARAMETER    7  w_CBO RESTORED TO VARIABLE.
                   PARAMETER    6  A_CBO RESTORED TO VARIABLE.
                   PARAMETER    4  phi RESTORED TO VARIABLE.
                   PARAMETER    3  A0 RESTORED TO VARIABLE.
                   PARAMETER    1  N0 RESTORED TO VARIABLE.
 **********
 **   61 **FIX            0
 **********
 PARAMETER    0  IS UNDEFINED. IGNORED.
 **********
 **   62 **FIX            1
 **********
 **********
 **   63 **FIX            2
 **********
 PARAMETER    2  IS CONSTANT.   IGNORED.
 **********
 **   64 **FIX            3
 **********
 **********
 **   65 **FIX            4
 **********
 **********
 **   66 **FIX            5
 **********
 PARAMETER    5  IS CONSTANT.   IGNORED.
 **********
 **   67 **FIX            6
 **********
 **********
 **   68 **FIX            7
 **********
 **********
 **   69 **FIX            8
 **********
 **********
 **   70 **FIX            9
 **********
 PARAMETER    9  IS CONSTANT.   IGNORED.
 **********
 **   71 **FIX           13
 **********
 PARAMETER   13  IS CONSTANT.   IGNORED.
 **********
 **   72 **FIX           14
 **********
 **********
 **   73 **FIX           15
 **********
 PARAMETER   15  IS CONSTANT.   IGNORED.
 **********
 **   74 **FIX           16
 **********
 PARAMETER   16  IS CONSTANT.   IGNORED.
 **********
 **   75 **MIGRAD
 **********
 START MIGRAD MINIMIZATION.  STRATEGY  1.  CONVERGENCE WHEN EDM .LT. 1.00e-04
 FCN=404.904 FROM MIGRAD    STATUS=INITIATE        8 CALLS        1109 TOTAL
                     EDM= unknown      STRATEGY= 1      NO ERROR MATRIX       
  EXT PARAMETER               CURRENT GUESS       STEP         FIRST   
  NO.   NAME      VALUE            ERROR          SIZE      DERIVATIVE 
   1  N0           2.87149e+06     fixed    
   2  tau          6.44000e+01   constant   
   3  A0           3.53388e-01     fixed    
   4  phi          4.11700e+00     fixed    
   5  R           -5.94062e+01   constant   
   6  A_CBO        5.11072e-05     fixed    
   7  w_CBO        2.32585e+00     fixed    
   8  phi_CBO      2.76377e+00     fixed    
   9  ANx2         6.75162e-04   constant   
  10  pNx2         4.60725e+00   constant   
  11  ANy1         0.00000e+00   constant   
  12  pNy1         0.00000e+00   constant   
  13  w_y          0.00000e+00   constant   
  14  ANy2        -2.60471e-04     fixed    
  15  pNy2         4.50125e+00   constant   
  16  w_vw         1.43005e+01   constant   
  17  LM          -1.01507e-04   constant   
  18  wCBO_expCoeff   2.00016e+02   2.58773e-02  -0.00000e+00  -4.50669e-01
  19  wCBO_expOffset   2.00001e+02   2.60810e-03   0.00000e+00  -1.70610e+01
  20  wCBO_expT    2.99962e+01   1.37578e-03   0.00000e+00  -3.72976e+00
  21  wCBO_linCoeff   0.00000e+00   constant   
  22  wCBO_const   4.35316e-03   1.01420e-03  -0.00000e+00  -9.23148e-01
 MIGRAD FAILS TO FIND IMPROVEMENT
 COVARIANCE MATRIX CALCULATED SUCCESSFULLY
 FCN=404.904 FROM HESSE     STATUS=OK             29 CALLS        1297 TOTAL
                     EDM=6.51846e-08    STRATEGY= 1      ERROR MATRIX ACCURATE 
  EXT PARAMETER                                   STEP         FIRST   
  NO.   NAME      VALUE            ERROR          SIZE      DERIVATIVE 
   1  N0           2.87149e+06     fixed    
   2  tau          6.44000e+01   constant   
   3  A0           3.53388e-01     fixed    
   4  phi          4.11700e+00     fixed    
   5  R           -5.94062e+01   constant   
   6  A_CBO        5.11072e-05     fixed    
   7  w_CBO        2.32585e+00     fixed    
   8  phi_CBO      2.76377e+00     fixed    
   9  ANx2         6.75162e-04   constant   
  10  pNx2         4.60725e+00   constant   
  11  ANy1         0.00000e+00   constant   
  12  pNy1         0.00000e+00   constant   
  13  w_y          0.00000e+00   constant   
  14  ANy2        -2.60471e-04     fixed    
  15  pNy2         4.50125e+00   constant   
  16  w_vw         1.43005e+01   constant   
  17  LM          -1.01507e-04   constant   
  18  wCBO_expCoeff   2.00016e+02   1.07158e-02   9.53752e-05   1.53702e-01
  19  wCBO_expOffset   2.00001e+02   1.24976e-03   9.53680e-05   8.81740e-01
  20  wCBO_expT    2.99962e+01   1.17492e-03   1.43033e-05   1.64009e+00
  21  wCBO_linCoeff   0.00000e+00   constant   
  22  wCBO_const   4.35313e-03   9.46884e-04   4.31717e-06   1.08565e+00
 MIGRAD FAILS TO FIND IMPROVEMENT
 MIGRAD MINIMIZATION HAS CONVERGED.
 MIGRAD WILL VERIFY CONVERGENCE AND ERROR MATRIX.
 COVARIANCE MATRIX CALCULATED SUCCESSFULLY
 FCN=404.904 FROM MIGRAD    STATUS=CONVERGED     248 CALLS        1349 TOTAL
                     EDM=1.03573e-05    STRATEGY= 1      ERROR MATRIX ACCURATE 
  EXT PARAMETER                                   STEP         FIRST   
  NO.   NAME      VALUE            ERROR          SIZE      DERIVATIVE 
   1  N0           2.87149e+06     fixed    
   2  tau          6.44000e+01   constant   
   3  A0           3.53388e-01     fixed    
   4  phi          4.11700e+00     fixed    
   5  R           -5.94062e+01   constant   
   6  A_CBO        5.11072e-05     fixed    
   7  w_CBO        2.32585e+00     fixed    
   8  phi_CBO      2.76377e+00     fixed    
   9  ANx2         6.75162e-04   constant   
  10  pNx2         4.60725e+00   constant   
  11  ANy1         0.00000e+00   constant   
  12  pNy1         0.00000e+00   constant   
  13  w_y          0.00000e+00   constant   
  14  ANy2        -2.60471e-04     fixed    
  15  pNy2         4.50125e+00   constant   
  16  w_vw         1.43005e+01   constant   
  17  LM          -1.01507e-04   constant   
  18  wCBO_expCoeff   2.00016e+02   1.07167e-02   9.53752e-05   8.08396e-03
  19  wCBO_expOffset   2.00001e+02   1.24991e-03   9.53680e-05  -3.58888e+00
  20  wCBO_expT    2.99962e+01   1.17494e-03   1.43033e-05   7.24741e-02
  21  wCBO_linCoeff   0.00000e+00   constant   
  22  wCBO_const   4.35304e-03   9.46883e-04   4.31717e-06   2.60128e-02
 EXTERNAL ERROR MATRIX.    NDIM=  25    NPAR=  4    ERR DEF=1
  1.148e-04 -8.697e-06 -7.604e-06  2.619e-06 
 -8.697e-06  1.562e-06 -1.761e-07  4.554e-08 
 -7.604e-06 -1.761e-07  1.380e-06 -7.576e-07 
  2.619e-06  4.554e-08 -7.576e-07  8.966e-07 
 PARAMETER  CORRELATION COEFFICIENTS  
       NO.  GLOBAL     18     19     20     22
       18  0.97830   1.000 -0.649 -0.604  0.258
       19  0.96371  -0.649  1.000 -0.120  0.038
       20  0.97701  -0.604 -0.120  1.000 -0.681
       22  0.88611   0.258  0.038 -0.681  1.000
MINUIT - FIT ONLY 2-y
 **********
 **   76 **RES 
 **********
                   PARAMETER   14  ANy2 RESTORED TO VARIABLE.
                   PARAMETER    8  phi_CBO RESTORED TO VARIABLE.
                   PARAMETER    7  w_CBO RESTORED TO VARIABLE.
                   PARAMETER    6  A_CBO RESTORED TO VARIABLE.
                   PARAMETER    4  phi RESTORED TO VARIABLE.
                   PARAMETER    3  A0 RESTORED TO VARIABLE.
                   PARAMETER    1  N0 RESTORED TO VARIABLE.
 **********
 **   77 **FIX            0
 **********
 PARAMETER    0  IS UNDEFINED. IGNORED.
 **********
 **   78 **FIX            1
 **********
 **********
 **   79 **FIX            2
 **********
 PARAMETER    2  IS CONSTANT.   IGNORED.
 **********
 **   80 **FIX            3
 **********
 **********
 **   81 **FIX            4
 **********
 **********
 **   82 **FIX            5
 **********
 PARAMETER    5  IS CONSTANT.   IGNORED.
 **********
 **   83 **FIX            6
 **********
 **********
 **   84 **FIX            7
 **********
 **********
 **   85 **FIX            8
 **********
 **********
 **   86 **FIX            9
 **********
 PARAMETER    9  IS CONSTANT.   IGNORED.
 **********
 **   87 **FIX           10
 **********
 PARAMETER   10  IS CONSTANT.   IGNORED.
 **********
 **   88 **FIX           11
 **********
 PARAMETER   11  IS CONSTANT.   IGNORED.
 **********
 **   89 **FIX           12
 **********
 PARAMETER   12  IS CONSTANT.   IGNORED.
 **********
 **   90 **FIX           16
 **********
 PARAMETER   16  IS CONSTANT.   IGNORED.
 **********
 **   91 **MIGRAD
 **********
 START MIGRAD MINIMIZATION.  STRATEGY  1.  CONVERGENCE WHEN EDM .LT. 1.00e-04
 FCN=404.904 FROM MIGRAD    STATUS=INITIATE       10 CALLS        1359 TOTAL
                     EDM= unknown      STRATEGY= 1      NO ERROR MATRIX       
  EXT PARAMETER               CURRENT GUESS       STEP         FIRST   
  NO.   NAME      VALUE            ERROR          SIZE      DERIVATIVE 
   1  N0           2.87149e+06     fixed    
   2  tau          6.44000e+01   constant   
   3  A0           3.53388e-01     fixed    
   4  phi          4.11700e+00     fixed    
   5  R           -5.94062e+01   constant   
   6  A_CBO        5.11072e-05     fixed    
   7  w_CBO        2.32585e+00     fixed    
   8  phi_CBO      2.76377e+00     fixed    
   9  ANx2         6.75162e-04   constant   
  10  pNx2         4.60725e+00   constant   
  11  ANy1         0.00000e+00   constant   
  12  pNy1         0.00000e+00   constant   
  13  w_y          0.00000e+00   constant   
  14  ANy2        -2.60471e-04   2.86725e-04   2.86725e-04   1.98341e+01
  15  pNy2         4.50125e+00   constant   
  16  w_vw         1.43005e+01   constant   
  17  LM          -1.01507e-04   constant   
  18  wCBO_expCoeff   2.00016e+02   1.07167e-02   9.53752e-05  -4.08066e-02
  19  wCBO_expOffset   2.00001e+02   1.24991e-03   9.53680e-05  -1.43552e+01
  20  wCBO_expT    2.99962e+01   1.17494e-03   1.43033e-05  -6.64259e-01
  21  wCBO_linCoeff   0.00000e+00   constant   
  22  wCBO_const   4.35304e-03   9.46883e-04   4.31717e-06   2.49973e-02
 MIGRAD FAILS TO FIND IMPROVEMENT
 MIGRAD MINIMIZATION HAS CONVERGED.
 MIGRAD WILL VERIFY CONVERGENCE AND ERROR MATRIX.
 COVARIANCE MATRIX CALCULATED SUCCESSFULLY
 FCN=404.904 FROM MIGRAD    STATUS=CONVERGED      80 CALLS        1429 TOTAL
                     EDM=2.27737e-06    STRATEGY= 1      ERROR MATRIX ACCURATE 
  EXT PARAMETER                                   STEP         FIRST   
  NO.   NAME      VALUE            ERROR          SIZE      DERIVATIVE 
   1  N0           2.87149e+06     fixed    
   2  tau          6.44000e+01   constant   
   3  A0           3.53388e-01     fixed    
   4  phi          4.11700e+00     fixed    
   5  R           -5.94062e+01   constant   
   6  A_CBO        5.11072e-05     fixed    
   7  w_CBO        2.32585e+00     fixed    
   8  phi_CBO      2.76377e+00     fixed    
   9  ANx2         6.75162e-04   constant   
  10  pNx2         4.60725e+00   constant   
  11  ANy1         0.00000e+00   constant   
  12  pNy1         0.00000e+00   constant   
  13  w_y          0.00000e+00   constant   
  14  ANy2        -2.61312e-04   2.85889e-04   2.80618e-06  -4.06358e-01
  15  pNy2         4.50125e+00   constant   
  16  w_vw         1.43005e+01   constant   
  17  LM          -1.01507e-04   constant   
  18  wCBO_expCoeff   2.00016e+02   1.07071e-02   9.53752e-05   8.71487e-01
  19  wCBO_expOffset   2.00001e+02   1.24852e-03   9.53680e-05   5.74682e+00
  20  wCBO_expT    2.99962e+01   1.17498e-03   1.43033e-05   6.89695e+00
  21  wCBO_linCoeff   0.00000e+00   constant   
  22  wCBO_const   4.35284e-03   9.47171e-04   4.31756e-06   2.22463e+00
 EXTERNAL ERROR MATRIX.    NDIM=  25    NPAR=  5    ERR DEF=1
  8.173e-08 -3.056e-08 -7.075e-09  8.262e-09 -7.753e-09 
 -3.056e-08  1.146e-04 -8.666e-06 -7.602e-06  2.619e-06 
 -7.075e-09 -8.666e-06  1.559e-06 -1.770e-07  4.623e-08 
