 + ++++++++++++++++++++++++++++++++++++++++++++++++++++++++++++++++++++ +
 +                                                                      +
 +           You have chose to blind your fitting according to          +
 +                omega_ref * (1 + (R +/- deltaR) *10^{-6})             +
 +                                                                      +
 + ++++++++++++++++++++++++++++++++++++++++++++++++++++++++++++++++++++ +
In main()...
reading format from /gm2data/zkhechad/run45/envelope/formats/formatB_sBin_constraintOn.txt
pBinTau 	= 0  
pBinPhi 	= 0  
constraintau 	= 1 
includeMopTerm 	= 0    
constrainMop    = 0   
Parameters after format file: pBinTau 0 pBinPhi 0 constraintau 1 includeMopTerm 0 constrainMop 0 c_e_scale 0.000000 
reading cbo reference file (full fit) from /gm2data/zkhechad/cboTemplates/Run4CBOTemplates/fullFits/run4/sBin_constraintOn_cE0.0_seed0_run4_calo7.root
A_CBO 0.010017 w_CBO 2.326795 phi_CBO 5.385454 N0 2934724.912691 R -61.426290 tau 64.406392 
Reading cboRef file /gm2data/zkhechad/cboTemplates/Run4CBOTemplates//cboIsolate/run4_calo7.root
deltaT 164.120000
windowBins = 1100
fitting sliding window 2460 from bin 2663 at 397.319600 to bin 3763 at 561.439600 (1100 bins)

Reading data from /gm2data/cornell/histograms/aMethod/histogram_a_run4.root
fitting cbo isolate
 **********
 **    1 **SET PRINTOUT            1
 **********
 **********
 **    2 **SET NOWARNINGS 
 **********
 PARAMETER DEFINITIONS:
    NO.   NAME         VALUE      STEP SIZE      LIMITS
     1 A_CBO        1.00169e-02  1.00000e-05     no limits
     2 w_CBO        2.32680e+00  1.00000e-02    2.00000e+00  3.00000e+00
     3 phi_CBO      5.38545e+00  1.00000e-02    0.00000e+00  6.28319e+00
 **********
 **    3 **MIGRAD
 **********
 FIRST CALL TO USER FUNCTION AT NEW START POINT, WITH IFLAG=4.
 START MIGRAD MINIMIZATION.  STRATEGY  1.  CONVERGENCE WHEN EDM .LT. 1.00e-04
 FCN=0.356085 FROM MIGRAD    STATUS=INITIATE       12 CALLS          13 TOTAL
                     EDM= unknown      STRATEGY= 1      NO ERROR MATRIX       
  EXT PARAMETER               CURRENT GUESS       STEP         FIRST   
  NO.   NAME      VALUE            ERROR          SIZE      DERIVATIVE 
   1  A_CBO        1.00169e-02   1.00000e-05   1.00000e-05   9.82901e+00
   2  w_CBO        2.32680e+00   1.00000e-02   2.13223e-02   1.24793e+00
   3  phi_CBO      5.38545e+00   1.00000e-02   4.54801e-03  -1.47862e-02
 MIGRAD MINIMIZATION HAS CONVERGED.
 MIGRAD WILL VERIFY CONVERGENCE AND ERROR MATRIX.
 COVARIANCE MATRIX CALCULATED SUCCESSFULLY
 FCN=0.312034 FROM HESSE     STATUS=OK             16 CALLS          55 TOTAL
                     EDM=0.000100491    STRATEGY= 1      ERROR MATRIX ACCURATE 
  EXT PARAMETER                                   STEP         FIRST   
  NO.   NAME      VALUE            ERROR          SIZE      DERIVATIVE 
   1  A_CBO        1.26633e-03   4.36394e-02   2.38700e-05   4.89214e-02
   2  w_CBO        2.32633e+00   6.59818e-01   1.09803e-04  -1.11992e-02
   3  phi_CBO      5.65217e+00   3.37623e+00   1.00502e-02  -7.68484e-05
 MIGRAD MINIMIZATION HAS CONVERGED.
 MIGRAD WILL VERIFY CONVERGENCE AND ERROR MATRIX.
 COVARIANCE MATRIX CALCULATED SUCCESSFULLY
 FCN=0.311981 FROM MIGRAD    STATUS=CONVERGED     110 CALLS         111 TOTAL
                     EDM=1.16821e-05    STRATEGY= 1      ERROR MATRIX ACCURATE 
  EXT PARAMETER                                   STEP         FIRST   
  NO.   NAME      VALUE            ERROR          SIZE      DERIVATIVE 
   1  A_CBO        1.21876e-03   4.27245e-02   2.38578e-05  -4.57405e-02
   2  w_CBO        2.32770e+00   1.26081e-01   9.14341e-05   2.55524e-03
   3  phi_CBO      6.21324e+00   6.23243e+00   2.08769e-02  -6.75156e-05
 EXTERNAL ERROR MATRIX.    NDIM=  25    NPAR=  3    ERR DEF=1
  1.825e-03  1.496e-04  9.949e-02 
  1.496e-04  1.629e-02  4.809e+00 
  9.949e-02  4.809e+00  2.247e+03 
 PARAMETER  CORRELATION COEFFICIENTS  
       NO.  GLOBAL      1      2      3
        1  0.05272   1.000  0.027  0.049
        2  0.79488   0.027  1.000  0.795
        3  0.79527   0.049  0.795  1.000
setting A_CBO=0.001219 w_CBO=2.327696, phi_CBO=6.213239
done fitting cbo isolate
 **********
 **    1 **SET PRINTOUT            1
 **********
 **********
 **    2 **SET NOWARNINGS 
 **********
 PARAMETER DEFINITIONS:
    NO.   NAME         VALUE      STEP SIZE      LIMITS
     1 N0           2.93472e+06  1.00000e+02     no limits
     2 tau          6.44064e+01  constant
     3 A0           3.50200e-01  1.00000e-04     no limits
     4 phi          4.11726e+00  1.00000e-02     no limits
     5 R           -6.14263e+01  constant
     6 A_CBO        1.21876e-03  1.00000e-05     no limits
     7 w_CBO        2.32770e+00  1.00000e-03     no limits
     8 phi_CBO      6.21324e+00  1.00000e-04     no limits
     9 ANx2         5.09258e-04  constant
    10 pNx2         1.79030e-01  constant
    11 ANy1         0.00000e+00  constant
    12 pNy1         0.00000e+00  constant
    13 w_y          0.00000e+00  constant
    14 ANy2         8.95951e-03  1.00000e-04     no limits
    15 pNy2         6.17155e+00  constant
    16 w_vw         1.43200e+01  constant
    17 LM          -8.21731e-05  constant
    18 wCBO_expCoeff   2.00000e+02  1.00000e+00     no limits
    19 wCBO_expOffset   2.00000e+02  1.00000e+00     no limits
    20 wCBO_expT    3.00000e+01  1.00000e+00     no limits
    21 wCBO_linCoeff   0.00000e+00  constant
    22 wCBO_const   0.00000e+00  1.00000e-02     no limits
MINUIT - FIT ONLY WIGGLE
 **********
 **    3 **FIX            5
 **********
 PARAMETER    5  IS CONSTANT.   IGNORED.
 **********
 **    4 **FIX            6
 **********
 **********
 **    5 **FIX            7
 **********
 **********
 **    6 **FIX            8
 **********
 **********
 **    7 **FIX            9
 **********
 PARAMETER    9  IS CONSTANT.   IGNORED.
 **********
 **    8 **FIX           10
 **********
 PARAMETER   10  IS CONSTANT.   IGNORED.
 **********
 **    9 **FIX           11
 **********
 PARAMETER   11  IS CONSTANT.   IGNORED.
 **********
 **   10 **FIX           12
 **********
 PARAMETER   12  IS CONSTANT.   IGNORED.
 **********
 **   11 **FIX           13
 **********
 PARAMETER   13  IS CONSTANT.   IGNORED.
 **********
 **   12 **FIX           14
 **********
 **********
 **   13 **FIX           15
 **********
 PARAMETER   15  IS CONSTANT.   IGNORED.
 **********
 **   14 **FIX           16
 **********
 PARAMETER   16  IS CONSTANT.   IGNORED.
 **********
 **   15 **MIGRAD
 **********
 FIRST CALL TO USER FUNCTION AT NEW START POINT, WITH IFLAG=4.
 START MIGRAD MINIMIZATION.  STRATEGY  1.  CONVERGENCE WHEN EDM .LT. 1.00e-04
 FCN=370.119 FROM MIGRAD    STATUS=INITIATE       49 CALLS          50 TOTAL
                     EDM= unknown      STRATEGY= 1      NO ERROR MATRIX       
  EXT PARAMETER               CURRENT GUESS       STEP         FIRST   
  NO.   NAME      VALUE            ERROR          SIZE      DERIVATIVE 
   1  N0           2.93472e+06   1.00000e+02   0.00000e+00   6.67391e-04
   2  tau          6.44064e+01   constant   
   3  A0           3.50200e-01   1.00000e-04   0.00000e+00  -1.77944e+03
   4  phi          4.11726e+00   1.00000e-02   0.00000e+00   2.92575e+02
   5  R           -6.14263e+01   constant   
   6  A_CBO        1.21876e-03     fixed    
   7  w_CBO        2.32770e+00     fixed    
   8  phi_CBO      6.21324e+00     fixed    
   9  ANx2         5.09258e-04   constant   
  10  pNx2         1.79030e-01   constant   
  11  ANy1         0.00000e+00   constant   
  12  pNy1         0.00000e+00   constant   
  13  w_y          0.00000e+00   constant   
  14  ANy2         8.95951e-03     fixed    
  15  pNy2         6.17155e+00   constant   
  16  w_vw         1.43200e+01   constant   
  17  LM          -8.21731e-05   constant   
  18  wCBO_expCoeff   1.97420e+02   1.00000e+00  -2.57955e+00  -1.12826e-01
  19  wCBO_expOffset   2.00000e+02   1.00000e+00   0.00000e+00  -7.42471e-01
  20  wCBO_expT    3.00000e+01   1.00000e+00   0.00000e+00  -5.57312e+00
  21  wCBO_linCoeff   0.00000e+00   constant   
  22  wCBO_const   0.00000e+00   1.00000e-02   0.00000e+00  -2.13610e+02
 MIGRAD MINIMIZATION HAS CONVERGED.
 FCN=368.504 FROM MIGRAD    STATUS=CONVERGED     181 CALLS         182 TOTAL
                     EDM=1.20887e-06    STRATEGY= 1  ERROR MATRIX UNCERTAINTY   0.9 per cent
  EXT PARAMETER                                   STEP         FIRST   
  NO.   NAME      VALUE            ERROR          SIZE      DERIVATIVE 
   1  N0           2.93302e+06   2.22695e+03   8.24893e+00   1.96548e-07
   2  tau          6.44064e+01   constant   
   3  A0           3.51076e-01   9.90646e-04   6.09499e-06   4.14373e-01
   4  phi          4.11592e+00   2.98238e-03   5.13071e-06   7.31934e-02
   5  R           -6.14263e+01   constant   
   6  A_CBO        1.21876e-03     fixed    
   7  w_CBO        2.32770e+00     fixed    
   8  phi_CBO      6.21324e+00     fixed    
   9  ANx2         5.09258e-04   constant   
  10  pNx2         1.79030e-01   constant   
  11  ANy1         0.00000e+00   constant   
  12  pNy1         0.00000e+00   constant   
  13  w_y          0.00000e+00   constant   
  14  ANy2         8.95951e-03     fixed    
  15  pNy2         6.17155e+00   constant   
  16  w_vw         1.43200e+01   constant   
  17  LM          -8.21731e-05   constant   
  18  wCBO_expCoeff   1.92770e+02   1.37387e+01  -1.85664e-01   3.96235e-04
  19  wCBO_expOffset   1.99292e+02   2.09467e+00  -2.83047e-02   2.53181e-03
  20  wCBO_expT    3.02043e+01   6.11717e-01   8.62551e-03   2.06100e-02
  21  wCBO_linCoeff   0.00000e+00   constant   
  22  wCBO_const   5.32567e-05   1.28914e-03  -1.82141e-05   2.04736e+00
 EXTERNAL ERROR MATRIX.    NDIM=  25    NPAR=  7    ERR DEF=1
  4.959e+06  2.178e-02  1.047e-01  3.610e+03  5.502e+02 -1.566e+02 -1.348e-01 
  2.178e-02  9.814e-07  4.844e-09 -6.746e-04 -1.028e-04  3.188e-05 -4.084e-08 
  1.047e-01  4.844e-09  8.895e-06  9.311e-04  1.419e-04 -3.220e-05 -2.204e-07 
  3.610e+03 -6.746e-04  9.311e-04  1.888e+02  2.844e+01 -8.360e+00  5.926e-03 
  5.502e+02 -1.028e-04  1.419e-04  2.844e+01  4.388e+00 -1.275e+00  9.033e-04 
 -1.566e+02  3.188e-05 -3.220e-05 -8.360e+00 -1.275e+00  3.742e-01 -3.044e-04 
 -1.348e-01 -4.084e-08 -2.204e-07  5.926e-03  9.033e-04 -3.044e-04  1.662e-06 
 PARAMETER  CORRELATION COEFFICIENTS  
       NO.  GLOBAL      1      3      4     18     19     20     22
        1  0.15770   1.000  0.010  0.016  0.118  0.118 -0.115 -0.047
        3  0.07510   0.010  1.000  0.002 -0.050 -0.050  0.053 -0.032
        4  0.07967   0.016  0.002  1.000  0.023  0.023 -0.018 -0.057
       18  0.99723   0.118 -0.050  0.023  1.000  0.988 -0.995  0.335
       19  0.99721   0.118 -0.050  0.023  0.988  1.000 -0.995  0.335
       20  0.99912  -0.115  0.053 -0.018 -0.995 -0.995  1.000 -0.386
       22  0.81957  -0.047 -0.032 -0.057  0.335  0.335 -0.386  1.000
MINUIT - FIT ONLY 1-CBO + other amplitudes 
 **********
 **   16 **RES 
 **********
                   PARAMETER   14  ANy2 RESTORED TO VARIABLE.
                   PARAMETER    8  phi_CBO RESTORED TO VARIABLE.
                   PARAMETER    7  w_CBO RESTORED TO VARIABLE.
                   PARAMETER    6  A_CBO RESTORED TO VARIABLE.
 **********
 **   17 **FIX            0
 **********
 PARAMETER    0  IS UNDEFINED. IGNORED.
 **********
 **   18 **FIX            1
 **********
 **********
 **   19 **FIX            2
 **********
 PARAMETER    2  IS CONSTANT.   IGNORED.
 **********
 **   20 **FIX            3
 **********
 **********
 **   21 **FIX            4
 **********
 **********
 **   22 **FIX            9
 **********
 PARAMETER    9  IS CONSTANT.   IGNORED.
 **********
 **   23 **FIX           11
 **********
 PARAMETER   11  IS CONSTANT.   IGNORED.
 **********
 **   24 **FIX           12
 **********
 PARAMETER   12  IS CONSTANT.   IGNORED.
 **********
 **   25 **FIX           14
 **********
 **********
 **   26 **FIX           15
 **********
 PARAMETER   15  IS CONSTANT.   IGNORED.
 **********
 **   27 **FIX           16
 **********
 PARAMETER   16  IS CONSTANT.   IGNORED.
 **********
 **   28 **MIGRAD
 **********
 START MIGRAD MINIMIZATION.  STRATEGY  1.  CONVERGENCE WHEN EDM .LT. 1.00e-04
 FCN=368.504 FROM MIGRAD    STATUS=INITIATE       18 CALLS         200 TOTAL
                     EDM= unknown      STRATEGY= 1      NO ERROR MATRIX       
  EXT PARAMETER               CURRENT GUESS       STEP         FIRST   
  NO.   NAME      VALUE            ERROR          SIZE      DERIVATIVE 
   1  N0           2.93302e+06     fixed    
   2  tau          6.44064e+01   constant   
   3  A0           3.51076e-01     fixed    
   4  phi          4.11592e+00     fixed    
   5  R           -6.14263e+01   constant   
   6  A_CBO        1.21876e-03   1.00000e-05   1.00000e-05   4.64777e+02
   7  w_CBO        2.32770e+00   1.00000e-03   1.00000e-03   9.06893e-01
   8  phi_CBO      6.21324e+00   1.00000e-04   1.00000e-04  -7.44816e-01
   9  ANx2         5.09258e-04   constant   
  10  pNx2         1.79030e-01   constant   
  11  ANy1         0.00000e+00   constant   
  12  pNy1         0.00000e+00   constant   
  13  w_y          0.00000e+00   constant   
  14  ANy2         8.95951e-03     fixed    
  15  pNy2         6.17155e+00   constant   
  16  w_vw         1.43200e+01   constant   
  17  LM          -8.21731e-05   constant   
  18  wCBO_expCoeff   1.92770e+02   1.37387e+01  -1.85664e-01   3.96244e-04
  19  wCBO_expOffset   1.99292e+02   2.09467e+00  -2.83047e-02   2.53183e-03
  20  wCBO_expT    3.02043e+01   6.11717e-01   8.62551e-03   2.06097e-02
  21  wCBO_linCoeff   0.00000e+00   constant   
  22  wCBO_const   5.32567e-05   1.28914e-03  -1.82141e-05   2.04744e+00
 MIGRAD MINIMIZATION HAS CONVERGED.
 MIGRAD WILL VERIFY CONVERGENCE AND ERROR MATRIX.
 COVARIANCE MATRIX CALCULATED SUCCESSFULLY
 FCN=368.025 FROM HESSE     STATUS=OK             58 CALLS         357 TOTAL
                     EDM=5.74242e-05    STRATEGY= 1      ERROR MATRIX ACCURATE 
  EXT PARAMETER                                   STEP         FIRST   
  NO.   NAME      VALUE            ERROR          SIZE      DERIVATIVE 
   1  N0           2.93302e+06     fixed    
   2  tau          6.44064e+01   constant   
   3  A0           3.51076e-01     fixed    
   4  phi          4.11592e+00     fixed    
   5  R           -6.14263e+01   constant   
   6  A_CBO        1.01922e-03   1.08865e-03   1.00359e-05  -3.56087e-01
   7  w_CBO        2.32842e+00   2.22062e-02   1.22935e-05  -5.52227e-02
   8  phi_CBO      7.23136e+00   1.48146e+00   9.64477e-03  -4.58086e-04
   9  ANx2         5.09258e-04   constant   
  10  pNx2         1.79030e-01   constant   
  11  ANy1         0.00000e+00   constant   
  12  pNy1         0.00000e+00   constant   
  13  w_y          0.00000e+00   constant   
  14  ANy2         8.95951e-03     fixed    
  15  pNy2         6.17155e+00   constant   
  16  w_vw         1.43200e+01   constant   
  17  LM          -8.21731e-05   constant   
  18  wCBO_expCoeff   1.92593e+02   1.24142e+01   1.12559e-02  -1.71811e-04
  19  wCBO_expOffset   1.99264e+02   1.94871e+00   1.76506e-03  -1.09565e-03
  20  wCBO_expT    3.02008e+01   2.72745e-01   2.45374e-04   4.76219e-02
  21  wCBO_linCoeff   0.00000e+00   constant   
  22  wCBO_const   4.38096e-04   9.54484e-03   5.65952e-06  -9.54487e-02
 MIGRAD MINIMIZATION HAS CONVERGED.
 MIGRAD WILL VERIFY CONVERGENCE AND ERROR MATRIX.
 COVARIANCE MATRIX CALCULATED SUCCESSFULLY
 FCN=368.024 FROM MIGRAD    STATUS=CONVERGED     272 CALLS         454 TOTAL
                     EDM=7.47714e-08    STRATEGY= 1      ERROR MATRIX ACCURATE 
  EXT PARAMETER                                   STEP         FIRST   
  NO.   NAME      VALUE            ERROR          SIZE      DERIVATIVE 
   1  N0           2.93302e+06     fixed    
   2  tau          6.44064e+01   constant   
   3  A0           3.51076e-01     fixed    
   4  phi          4.11592e+00     fixed    
   5  R           -6.14263e+01   constant   
   6  A_CBO        1.02545e-03   1.09250e-03   1.00487e-05  -8.54354e-02
   7  w_CBO        2.32851e+00   2.25449e-02   1.22730e-05  -5.80648e-02
   8  phi_CBO      7.23329e+00   1.47703e+00   9.58576e-03  -1.64807e-04
   9  ANx2         5.09258e-04   constant   
  10  pNx2         1.79030e-01   constant   
  11  ANy1         0.00000e+00   constant   
  12  pNy1         0.00000e+00   constant   
  13  w_y          0.00000e+00   constant   
  14  ANy2         8.95951e-03     fixed    
  15  pNy2         6.17155e+00   constant   
  16  w_vw         1.43200e+01   constant   
  17  LM          -8.21731e-05   constant   
  18  wCBO_expCoeff   1.93006e+02   1.17012e+01   1.13984e-02  -1.70679e-04
  19  wCBO_expOffset   1.99329e+02   1.83144e+00   1.78287e-03  -1.09144e-03
  20  wCBO_expT    3.01821e+01   2.60166e-01   2.47019e-04  -7.38571e-03
  21  wCBO_linCoeff   0.00000e+00   constant   
  22  wCBO_const   4.17978e-04   9.69040e-03   5.64706e-06  -1.02225e-01
 EXTERNAL ERROR MATRIX.    NDIM=  25    NPAR=  7    ERR DEF=1
  1.194e-06  1.930e-08 -1.533e-05  6.437e-04  1.011e-04 -2.106e-05 -1.430e-07 
  1.930e-08  5.083e-04  1.088e-03 -1.332e-02 -2.106e-03 -3.693e-04 -2.168e-04 
 -1.533e-05  1.088e-03  2.182e+00 -6.529e-02 -1.048e-02 -1.283e-02  6.682e-04 
  6.437e-04 -1.332e-02 -6.529e-02  1.369e+02 -1.058e+01 -1.491e+00  6.530e-03 
  1.011e-04 -2.106e-03 -1.048e-02 -1.058e+01  3.354e+00 -2.339e-01  1.031e-03 
 -2.106e-05 -3.693e-04 -1.283e-02 -1.491e+00 -2.339e-01  6.769e-02  8.689e-05 
 -1.430e-07 -2.168e-04  6.682e-04  6.530e-03  1.031e-03  8.689e-05  9.390e-05 
 PARAMETER  CORRELATION COEFFICIENTS  
       NO.  GLOBAL      6      7      8     18     19     20     22
        6  0.19639   1.000  0.001 -0.010  0.050  0.051 -0.074 -0.014
        7  0.99831   0.001  1.000  0.033 -0.050 -0.051 -0.063 -0.992
        8  0.72206  -0.010  0.033  1.000 -0.004 -0.004 -0.033  0.047
       18  0.99457   0.050 -0.050 -0.004  1.000 -0.494 -0.490  0.058
       19  0.99458   0.051 -0.051 -0.004 -0.494  1.000 -0.491  0.058
       20  0.99485  -0.074 -0.063 -0.033 -0.490 -0.491  1.000  0.034
       22  0.99807  -0.014 -0.992  0.047  0.058  0.058  0.034  1.000
MINUIT - FIT ONLY 1-CBO
 **********
 **   29 **RES 
 **********
                   PARAMETER   14  ANy2 RESTORED TO VARIABLE.
                   PARAMETER    4  phi RESTORED TO VARIABLE.
                   PARAMETER    3  A0 RESTORED TO VARIABLE.
                   PARAMETER    1  N0 RESTORED TO VARIABLE.
 **********
 **   30 **FIX            0
 **********
 PARAMETER    0  IS UNDEFINED. IGNORED.
 **********
 **   31 **FIX            1
 **********
 **********
 **   32 **FIX            2
 **********
 PARAMETER    2  IS CONSTANT.   IGNORED.
 **********
 **   33 **FIX            3
 **********
 **********
 **   34 **FIX            4
 **********
 **********
 **   35 **FIX            8
 **********
 **********
 **   36 **FIX            9
 **********
 PARAMETER    9  IS CONSTANT.   IGNORED.
 **********
 **   37 **FIX           11
 **********
 PARAMETER   11  IS CONSTANT.   IGNORED.
 **********
 **   38 **FIX           12
 **********
 PARAMETER   12  IS CONSTANT.   IGNORED.
 **********
 **   39 **FIX           13
 **********
 PARAMETER   13  IS CONSTANT.   IGNORED.
 **********
 **   40 **FIX           15
 **********
 PARAMETER   15  IS CONSTANT.   IGNORED.
 **********
 **   41 **FIX           16
 **********
 PARAMETER   16  IS CONSTANT.   IGNORED.
 **********
 **   42 **MIGRAD
 **********
 START MIGRAD MINIMIZATION.  STRATEGY  1.  CONVERGENCE WHEN EDM .LT. 1.00e-04
 FCN=368.024 FROM MIGRAD    STATUS=INITIATE       16 CALLS         470 TOTAL
                     EDM= unknown      STRATEGY= 1      NO ERROR MATRIX       
  EXT PARAMETER               CURRENT GUESS       STEP         FIRST   
  NO.   NAME      VALUE            ERROR          SIZE      DERIVATIVE 
   1  N0           2.93302e+06     fixed    
   2  tau          6.44064e+01   constant   
   3  A0           3.51076e-01     fixed    
   4  phi          4.11592e+00     fixed    
   5  R           -6.14263e+01   constant   
   6  A_CBO        1.02545e-03   1.09250e-03   1.00487e-05  -8.54353e-02
   7  w_CBO        2.32851e+00   2.25449e-02   1.22730e-05  -5.87865e-02
   8  phi_CBO      7.23329e+00     fixed    
   9  ANx2         5.09258e-04   constant   
  10  pNx2         1.79030e-01   constant   
  11  ANy1         0.00000e+00   constant   
  12  pNy1         0.00000e+00   constant   
  13  w_y          0.00000e+00   constant   
  14  ANy2         8.95951e-03   1.00000e-04   1.00000e-04   1.48532e+04
  15  pNy2         6.17155e+00   constant   
  16  w_vw         1.43200e+01   constant   
  17  LM          -8.21731e-05   constant   
  18  wCBO_expCoeff   1.93006e+02   1.17012e+01   1.13984e-02  -1.73615e-04
  19  wCBO_expOffset   1.99329e+02   1.83144e+00   1.78287e-03  -1.10977e-03
  20  wCBO_expT    3.01821e+01   2.60166e-01   2.47019e-04  -7.49735e-03
  21  wCBO_linCoeff   0.00000e+00   constant   
  22  wCBO_const   4.17978e-04   9.69040e-03   5.64706e-06  -1.03510e-01
 MIGRAD MINIMIZATION HAS CONVERGED.
 MIGRAD WILL VERIFY CONVERGENCE AND ERROR MATRIX.
 COVARIANCE MATRIX CALCULATED SUCCESSFULLY
 FCN=306.066 FROM MIGRAD    STATUS=CONVERGED     180 CALLS         634 TOTAL
                     EDM=2.34778e-07    STRATEGY= 1      ERROR MATRIX ACCURATE 
  EXT PARAMETER                                   STEP         FIRST   
  NO.   NAME      VALUE            ERROR          SIZE      DERIVATIVE 
   1  N0           2.93302e+06     fixed    
   2  tau          6.44064e+01   constant   
   3  A0           3.51076e-01     fixed    
   4  phi          4.11592e+00     fixed    
   5  R           -6.14263e+01   constant   
   6  A_CBO        1.07787e-03   1.09493e-03   9.20403e-06   4.06795e-02
   7  w_CBO        2.32865e+00   2.85333e-02   1.10114e-05   1.02750e-01
   8  phi_CBO      7.23329e+00     fixed    
   9  ANx2         5.09258e-04   constant   
  10  pNx2         1.79030e-01   constant   
  11  ANy1         0.00000e+00   constant   
  12  pNy1         0.00000e+00   constant   
  13  w_y          0.00000e+00   constant   
  14  ANy2         6.17316e-04   1.05977e-03   9.06767e-06   1.03739e-03
  15  pNy2         6.17155e+00   constant   
  16  w_vw         1.43200e+01   constant   
  17  LM          -8.21731e-05   constant   
  18  wCBO_expCoeff   1.94962e+02   1.46390e+01   1.03290e-02  -2.42602e-04
  19  wCBO_expOffset   1.99635e+02   2.26277e+00   1.59455e-03  -1.57143e-03
  20  wCBO_expT    3.00970e+01   3.05979e-01   2.20222e-04  -9.88407e-03
  21  wCBO_linCoeff   0.00000e+00   constant   
  22  wCBO_const   3.98965e-04   1.22543e-02   5.07098e-06   2.86438e-01
 EXTERNAL ERROR MATRIX.    NDIM=  25    NPAR=  7    ERR DEF=1
  1.199e-06  1.071e-07 -1.431e-09  8.010e-04  1.245e-04 -2.869e-05 -1.594e-07 
  1.071e-07  8.141e-04 -2.233e-09 -2.260e-02 -3.544e-03 -5.154e-04 -3.487e-04 
 -1.431e-09 -2.233e-09  1.123e-06 -6.783e-06 -1.054e-06  2.403e-07  2.445e-09 
  8.010e-04 -2.260e-02 -6.783e-06  2.143e+02 -1.787e+01 -2.095e+00  1.115e-02 
  1.245e-04 -3.544e-03 -1.054e-06 -1.787e+01  5.120e+00 -3.252e-01  1.745e-03 
 -2.869e-05 -5.154e-04  2.403e-07 -2.095e+00 -3.252e-01  9.362e-02  1.302e-04 
 -1.594e-07 -3.487e-04  2.445e-09  1.115e-02  1.745e-03  1.302e-04  1.502e-04 
 PARAMETER  CORRELATION COEFFICIENTS  
       NO.  GLOBAL      6      7     14     18     19     20     22
        6  0.18700   1.000  0.003 -0.001  0.050  0.050 -0.086 -0.012
        7  0.99898   0.003  1.000 -0.000 -0.054 -0.055 -0.059 -0.997
       14  0.00220  -0.001 -0.000  1.000 -0.000 -0.000  0.001  0.000
       18  0.99659   0.050 -0.054 -0.000  1.000 -0.539 -0.468  0.062
       19  0.99660   0.050 -0.055 -0.000 -0.539  1.000 -0.470  0.063
       20  0.99645  -0.086 -0.059  0.001 -0.468 -0.470  1.000  0.035
       22  0.99883  -0.012 -0.997  0.000  0.062  0.063  0.035  1.000
MINUIT - FIT ONLY 2-CBO
 **********
 **   43 **RES 
 **********
                   PARAMETER    8  phi_CBO RESTORED TO VARIABLE.
                   PARAMETER    4  phi RESTORED TO VARIABLE.
                   PARAMETER    3  A0 RESTORED TO VARIABLE.
                   PARAMETER    1  N0 RESTORED TO VARIABLE.
 **********
 **   44 **FIX            0
 **********
 PARAMETER    0  IS UNDEFINED. IGNORED.
 **********
 **   45 **FIX            1
 **********
 **********
 **   46 **FIX            2
 **********
 PARAMETER    2  IS CONSTANT.   IGNORED.
 **********
 **   47 **FIX            3
 **********
 **********
 **   48 **FIX            4
 **********
 **********
 **   49 **FIX            5
 **********
 PARAMETER    5  IS CONSTANT.   IGNORED.
 **********
 **   50 **FIX            6
 **********
 **********
 **   51 **FIX            7
 **********
 **********
 **   52 **FIX           10
 **********
 PARAMETER   10  IS CONSTANT.   IGNORED.
 **********
 **   53 **FIX           11
 **********
 PARAMETER   11  IS CONSTANT.   IGNORED.
 **********
 **   54 **FIX           12
 **********
 PARAMETER   12  IS CONSTANT.   IGNORED.
 **********
 **   55 **FIX           13
 **********
 PARAMETER   13  IS CONSTANT.   IGNORED.
 **********
 **   56 **FIX           14
 **********
 **********
 **   57 **FIX           15
 **********
 PARAMETER   15  IS CONSTANT.   IGNORED.
 **********
 **   58 **FIX           16
 **********
 PARAMETER   16  IS CONSTANT.   IGNORED.
 **********
 **   59 **MIGRAD
 **********
 START MIGRAD MINIMIZATION.  STRATEGY  1.  CONVERGENCE WHEN EDM .LT. 1.00e-04
 FCN=306.066 FROM MIGRAD    STATUS=INITIATE       10 CALLS         644 TOTAL
                     EDM= unknown      STRATEGY= 1      NO ERROR MATRIX       
  EXT PARAMETER               CURRENT GUESS       STEP         FIRST   
  NO.   NAME      VALUE            ERROR          SIZE      DERIVATIVE 
   1  N0           2.93302e+06     fixed    
   2  tau          6.44064e+01   constant   
   3  A0           3.51076e-01     fixed    
   4  phi          4.11592e+00     fixed    
   5  R           -6.14263e+01   constant   
   6  A_CBO        1.07787e-03     fixed    
   7  w_CBO        2.32865e+00     fixed    
   8  phi_CBO      7.23329e+00   1.47703e+00   1.47703e+00  -5.22130e-02
   9  ANx2         5.09258e-04   constant   
  10  pNx2         1.79030e-01   constant   
  11  ANy1         0.00000e+00   constant   
  12  pNy1         0.00000e+00   constant   
  13  w_y          0.00000e+00   constant   
  14  ANy2         6.17316e-04     fixed    
  15  pNy2         6.17155e+00   constant   
  16  w_vw         1.43200e+01   constant   
  17  LM          -8.21731e-05   constant   
  18  wCBO_expCoeff   1.94962e+02   1.46390e+01   1.03290e-02  -2.52761e-04
  19  wCBO_expOffset   1.99635e+02   2.26277e+00   1.59455e-03  -1.63490e-03
  20  wCBO_expT    3.00970e+01   3.05979e-01   2.20222e-04  -1.03057e-02
  21  wCBO_linCoeff   0.00000e+00   constant   
  22  wCBO_const   3.98965e-04   1.22543e-02   5.07098e-06   2.82271e-01
 MIGRAD MINIMIZATION HAS CONVERGED.
 MIGRAD WILL VERIFY CONVERGENCE AND ERROR MATRIX.
 COVARIANCE MATRIX CALCULATED SUCCESSFULLY
 FCN=306.064 FROM MIGRAD    STATUS=CONVERGED      75 CALLS         709 TOTAL
                     EDM=5.98222e-05    STRATEGY= 1      ERROR MATRIX ACCURATE 
  EXT PARAMETER                                   STEP         FIRST   
  NO.   NAME      VALUE            ERROR          SIZE      DERIVATIVE 
   1  N0           2.93302e+06     fixed    
   2  tau          6.44064e+01   constant   
   3  A0           3.51076e-01     fixed    
   4  phi          4.11592e+00     fixed    
   5  R           -6.14263e+01   constant   
   6  A_CBO        1.07787e-03     fixed    
   7  w_CBO        2.32865e+00     fixed    
   8  phi_CBO      7.28550e+00   1.43727e+00   8.26512e-03   4.78131e-04
   9  ANx2         5.09258e-04   constant   
  10  pNx2         1.79030e-01   constant   
  11  ANy1         0.00000e+00   constant   
  12  pNy1         0.00000e+00   constant   
  13  w_y          0.00000e+00   constant   
  14  ANy2         6.17316e-04     fixed    
  15  pNy2         6.17155e+00   constant   
  16  w_vw         1.43200e+01   constant   
  17  LM          -8.21731e-05   constant   
  18  wCBO_expCoeff   1.94959e+02   1.42460e+01   1.04170e-02  -2.30361e-03
  19  wCBO_expOffset   1.99635e+02   2.20294e+00   1.60804e-03  -1.49219e-02
  20  wCBO_expT    3.00970e+01   3.01464e-01   2.21866e-04  -7.31589e-02
  21  wCBO_linCoeff   0.00000e+00   constant   
  22  wCBO_const   4.25557e-04   1.19966e-03   5.07439e-06  -3.18225e+00
 EXTERNAL ERROR MATRIX.    NDIM=  25    NPAR=  5    ERR DEF=1
  2.066e+00  1.228e+00  1.908e-01 -6.243e-02  1.112e-03 
  1.228e+00  2.029e+02 -1.682e+01 -2.045e+00  2.130e-03 
  1.908e-01 -1.682e+01  4.853e+00 -3.180e-01  3.306e-04 
 -6.243e-02 -2.045e+00 -3.180e-01  9.088e-02 -1.235e-04 
  1.112e-03  2.130e-03  3.306e-04 -1.235e-04  1.439e-06 
 PARAMETER  CORRELATION COEFFICIENTS  
       NO.  GLOBAL      8     18     19     20     22
        8  0.73989   1.000  0.060  0.060 -0.144  0.645
       18  0.99634   0.060  1.000 -0.536 -0.476  0.125
       19  0.99636   0.060 -0.536  1.000 -0.479  0.125
       20  0.99630  -0.144 -0.476 -0.479  1.000 -0.341
       22  0.86955   0.645  0.125  0.125 -0.341  1.000
MINUIT - FIT ONLY 1-y
 **********
 **   60 **RES 
 **********
                   PARAMETER   14  ANy2 RESTORED TO VARIABLE.
                   PARAMETER    7  w_CBO RESTORED TO VARIABLE.
                   PARAMETER    6  A_CBO RESTORED TO VARIABLE.
                   PARAMETER    4  phi RESTORED TO VARIABLE.
                   PARAMETER    3  A0 RESTORED TO VARIABLE.
                   PARAMETER    1  N0 RESTORED TO VARIABLE.
 **********
 **   61 **FIX            0
 **********
 PARAMETER    0  IS UNDEFINED. IGNORED.
 **********
 **   62 **FIX            1
 **********
 **********
 **   63 **FIX            2
 **********
 PARAMETER    2  IS CONSTANT.   IGNORED.
 **********
 **   64 **FIX            3
 **********
 **********
 **   65 **FIX            4
 **********
 **********
 **   66 **FIX            5
 **********
 PARAMETER    5  IS CONSTANT.   IGNORED.
 **********
 **   67 **FIX            6
 **********
 **********
 **   68 **FIX            7
 **********
 **********
 **   69 **FIX            8
 **********
 **********
 **   70 **FIX            9
 **********
 PARAMETER    9  IS CONSTANT.   IGNORED.
 **********
 **   71 **FIX           13
 **********
 PARAMETER   13  IS CONSTANT.   IGNORED.
 **********
 **   72 **FIX           14
 **********
 **********
 **   73 **FIX           15
 **********
 PARAMETER   15  IS CONSTANT.   IGNORED.
 **********
 **   74 **FIX           16
 **********
 PARAMETER   16  IS CONSTANT.   IGNORED.
 **********
 **   75 **MIGRAD
 **********
 START MIGRAD MINIMIZATION.  STRATEGY  1.  CONVERGENCE WHEN EDM .LT. 1.00e-04
 FCN=306.064 FROM MIGRAD    STATUS=INITIATE        8 CALLS         717 TOTAL
                     EDM= unknown      STRATEGY= 1      NO ERROR MATRIX       
  EXT PARAMETER               CURRENT GUESS       STEP         FIRST   
  NO.   NAME      VALUE            ERROR          SIZE      DERIVATIVE 
   1  N0           2.93302e+06     fixed    
   2  tau          6.44064e+01   constant   
   3  A0           3.51076e-01     fixed    
   4  phi          4.11592e+00     fixed    
   5  R           -6.14263e+01   constant   
   6  A_CBO        1.07787e-03     fixed    
   7  w_CBO        2.32865e+00     fixed    
   8  phi_CBO      7.28550e+00     fixed    
   9  ANx2         5.09258e-04   constant   
  10  pNx2         1.79030e-01   constant   
  11  ANy1         0.00000e+00   constant   
  12  pNy1         0.00000e+00   constant   
  13  w_y          0.00000e+00   constant   
  14  ANy2         6.17316e-04     fixed    
  15  pNy2         6.17155e+00   constant   
  16  w_vw         1.43200e+01   constant   
  17  LM          -8.21731e-05   constant   
  18  wCBO_expCoeff   1.94959e+02   1.42460e+01   1.04170e-02  -2.31441e-03
  19  wCBO_expOffset   1.99635e+02   2.20294e+00   1.60804e-03  -1.49896e-02
  20  wCBO_expT    3.00970e+01   3.01464e-01   2.21866e-04  -7.36099e-02
  21  wCBO_linCoeff   0.00000e+00   constant   
  22  wCBO_const   4.25557e-04   1.19966e-03   5.07439e-06  -3.18744e+00
 MIGRAD MINIMIZATION HAS CONVERGED.
 MIGRAD WILL VERIFY CONVERGENCE AND ERROR MATRIX.
 COVARIANCE MATRIX CALCULATED SUCCESSFULLY
 FCN=306.064 FROM MIGRAD    STATUS=CONVERGED      41 CALLS         750 TOTAL
                     EDM=5.32669e-05    STRATEGY= 1      ERROR MATRIX ACCURATE 
  EXT PARAMETER                                   STEP         FIRST   
  NO.   NAME      VALUE            ERROR          SIZE      DERIVATIVE 
   1  N0           2.93302e+06     fixed    
   2  tau          6.44064e+01   constant   
   3  A0           3.51076e-01     fixed    
   4  phi          4.11592e+00     fixed    
   5  R           -6.14263e+01   constant   
   6  A_CBO        1.07787e-03     fixed    
   7  w_CBO        2.32865e+00     fixed    
   8  phi_CBO      7.28550e+00     fixed    
   9  ANx2         5.09258e-04   constant   
  10  pNx2         1.79030e-01   constant   
  11  ANy1         0.00000e+00   constant   
  12  pNy1         0.00000e+00   constant   
  13  w_y          0.00000e+00   constant   
  14  ANy2         6.17316e-04     fixed    
  15  pNy2         6.17155e+00   constant   
  16  w_vw         1.43200e+01   constant   
  17  LM          -8.21731e-05   constant   
  18  wCBO_expCoeff   1.94959e+02   1.42003e+01   1.04142e-02  -2.29829e-04
  19  wCBO_expOffset   1.99635e+02   2.19473e+00   1.60772e-03  -1.48867e-03
  20  wCBO_expT    3.00970e+01   2.97816e-01   2.21823e-04   2.45456e-02
  21  wCBO_linCoeff   0.00000e+00   constant   
  22  wCBO_const   4.25715e-04   9.16442e-04   5.06923e-06   3.68616e-01
 EXTERNAL ERROR MATRIX.    NDIM=  25    NPAR=  4    ERR DEF=1
  2.016e+02 -1.688e+01 -2.003e+00  1.463e-03 
 -1.688e+01  4.817e+00 -3.109e-01  2.265e-04 
 -2.003e+00 -3.109e-01  8.869e-02 -8.953e-05 
  1.463e-03  2.265e-04 -8.953e-05  8.399e-07 
 PARAMETER  CORRELATION COEFFICIENTS  
       NO.  GLOBAL     18     19     20     22
       18  0.99632   1.000 -0.542 -0.474  0.112
       19  0.99633  -0.542  1.000 -0.476  0.113
       20  0.99620  -0.474 -0.476  1.000 -0.328
       22  0.76286   0.112  0.113 -0.328  1.000
MINUIT - FIT ONLY 2-y
 **********
 **   76 **RES 
 **********
                   PARAMETER   14  ANy2 RESTORED TO VARIABLE.
                   PARAMETER    8  phi_CBO RESTORED TO VARIABLE.
                   PARAMETER    7  w_CBO RESTORED TO VARIABLE.
                   PARAMETER    6  A_CBO RESTORED TO VARIABLE.
                   PARAMETER    4  phi RESTORED TO VARIABLE.
                   PARAMETER    3  A0 RESTORED TO VARIABLE.
                   PARAMETER    1  N0 RESTORED TO VARIABLE.
 **********
 **   77 **FIX            0
 **********
 PARAMETER    0  IS UNDEFINED. IGNORED.
 **********
 **   78 **FIX            1
 **********
 **********
 **   79 **FIX            2
 **********
 PARAMETER    2  IS CONSTANT.   IGNORED.
 **********
 **   80 **FIX            3
 **********
 **********
 **   81 **FIX            4
 **********
 **********
 **   82 **FIX            5
 **********
 PARAMETER    5  IS CONSTANT.   IGNORED.
 **********
 **   83 **FIX            6
 **********
 **********
 **   84 **FIX            7
 **********
 **********
 **   85 **FIX            8
 **********
 **********
 **   86 **FIX            9
 **********
 PARAMETER    9  IS CONSTANT.   IGNORED.
 **********
 **   87 **FIX           10
 **********
 PARAMETER   10  IS CONSTANT.   IGNORED.
 **********
 **   88 **FIX           11
 **********
 PARAMETER   11  IS CONSTANT.   IGNORED.
 **********
 **   89 **FIX           12
 **********
 PARAMETER   12  IS CONSTANT.   IGNORED.
 **********
 **   90 **FIX           16
 **********
 PARAMETER   16  IS CONSTANT.   IGNORED.
 **********
 **   91 **MIGRAD
 **********
 START MIGRAD MINIMIZATION.  STRATEGY  1.  CONVERGENCE WHEN EDM .LT. 1.00e-04
 FCN=306.064 FROM MIGRAD    STATUS=INITIATE       10 CALLS         760 TOTAL
                     EDM= unknown      STRATEGY= 1      NO ERROR MATRIX       
  EXT PARAMETER               CURRENT GUESS       STEP         FIRST   
  NO.   NAME      VALUE            ERROR          SIZE      DERIVATIVE 
   1  N0           2.93302e+06     fixed    
   2  tau          6.44064e+01   constant   
   3  A0           3.51076e-01     fixed    
   4  phi          4.11592e+00     fixed    
   5  R           -6.14263e+01   constant   
   6  A_CBO        1.07787e-03     fixed    
   7  w_CBO        2.32865e+00     fixed    
   8  phi_CBO      7.28550e+00     fixed    
   9  ANx2         5.09258e-04   constant   
  10  pNx2         1.79030e-01   constant   
  11  ANy1         0.00000e+00   constant   
  12  pNy1         0.00000e+00   constant   
  13  w_y          0.00000e+00   constant   
  14  ANy2         6.17316e-04   1.05977e-03   1.05977e-03   1.53043e-01
  15  pNy2         6.17155e+00   constant   
  16  w_vw         1.43200e+01   constant   
  17  LM          -8.21731e-05   constant   
  18  wCBO_expCoeff   1.94959e+02   1.42003e+01   1.04142e-02  -2.40686e-04
  19  wCBO_expOffset   1.99635e+02   2.19473e+00   1.60772e-03  -1.55666e-03
  20  wCBO_expT    3.00970e+01   2.97816e-01   2.21823e-04   2.40920e-02
  21  wCBO_linCoeff   0.00000e+00   constant   
  22  wCBO_const   4.25715e-04   9.16442e-04   5.06923e-06   3.63376e-01
 MIGRAD MINIMIZATION HAS CONVERGED.
 MIGRAD WILL VERIFY CONVERGENCE AND ERROR MATRIX.
 COVARIANCE MATRIX CALCULATED SUCCESSFULLY
 FCN=306.064 FROM MIGRAD    STATUS=CONVERGED      54 CALLS         804 TOTAL
                     EDM=5.44893e-05    STRATEGY= 1      ERROR MATRIX ACCURATE 
  EXT PARAMETER                                   STEP         FIRST   
  NO.   NAME      VALUE            ERROR          SIZE      DERIVATIVE 
   1  N0           2.93302e+06     fixed    
   2  tau          6.44064e+01   constant   
   3  A0           3.51076e-01     fixed    
   4  phi          4.11592e+00     fixed    
   5  R           -6.14263e+01   constant   
   6  A_CBO        1.07787e-03     fixed    
   7  w_CBO        2.32865e+00     fixed    
   8  phi_CBO      7.28550e+00     fixed    
   9  ANx2         5.09258e-04   constant   
  10  pNx2         1.79030e-01   constant   
  11  ANy1         0.00000e+00   constant   
  12  pNy1         0.00000e+00   constant   
  13  w_y          0.00000e+00   constant   
  14  ANy2         6.16723e-04   1.05977e-03   9.06765e-06  -9.00853e-01
  15  pNy2         6.17155e+00   constant   
  16  w_vw         1.43200e+01   constant   
  17  LM          -8.21731e-05   constant   
  18  wCBO_expCoeff   1.94960e+02   1.42105e+01   1.04178e-02  -1.34010e-03
  19  wCBO_expOffset   1.99635e+02   2.19685e+00   1.60825e-03  -8.68071e-03
  20  wCBO_expT    3.00969e+01   2.98067e-01   2.21893e-04  -2.89212e-02
  21  wCBO_linCoeff   0.00000e+00   constant   
  22  wCBO_const   4.25275e-04   9.16531e-04   5.06988e-06  -2.60342e+00
 EXTERNAL ERROR MATRIX.    NDIM=  25    NPAR=  5    ERR DEF=1
  1.123e-06 -5.612e-06 -8.731e-07  1.937e-07  1.371e-09 
 -5.612e-06  2.019e+02 -1.691e+01 -2.006e+00  1.466e-03 
 -8.731e-07 -1.691e+01  4.826e+00 -3.116e-01  2.271e-04 
  1.937e-07 -2.006e+00 -3.116e-01  8.884e-02 -8.967e-05 
  1.371e-09  1.466e-03  2.271e-04 -8.967e-05  8.400e-07 
 PARAMETER  CORRELATION COEFFICIENTS  
       NO.  GLOBAL     14     18     19     20     22
       14  0.00182   1.000 -0.000 -0.000  0.001  0.001
       18  0.99632  -0.000  1.000 -0.542 -0.474  0.113
       19  0.99633  -0.000 -0.542  1.000 -0.476  0.113
       20  0.99621   0.001 -0.474 -0.476  1.000 -0.328
       22  0.76295   0.001  0.113  0.113 -0.328  1.000
MINUIT - FIT ALTOGETHER
 **********
 **   92 **RES 
 **********
                   PARAMETER    8  phi_CBO RESTORED TO VARIABLE.
                   PARAMETER    7  w_CBO RESTORED TO VARIABLE.
                   PARAMETER    6  A_CBO RESTORED TO VARIABLE.
                   PARAMETER    4  phi RESTORED TO VARIABLE.
                   PARAMETER    3  A0 RESTORED TO VARIABLE.
