 + ++++++++++++++++++++++++++++++++++++++++++++++++++++++++++++++++++++ +
 +                                                                      +
 +           You have chose to blind your fitting according to          +
 +                omega_ref * (1 + (R +/- deltaR) *10^{-6})             +
 +                                                                      +
 + ++++++++++++++++++++++++++++++++++++++++++++++++++++++++++++++++++++ +
In main()...
reading format from /gm2data/zkhechad/run45/envelope/formats/formatB_sBin_constraintOn.txt
pBinTau 	= 0  
pBinPhi 	= 0  
constraintau 	= 1 
includeMopTerm 	= 0    
constrainMop    = 0   
Parameters after format file: pBinTau 0 pBinPhi 0 constraintau 1 includeMopTerm 0 constrainMop 0 c_e_scale 0.000000 
reading cbo reference file (full fit) from /gm2data/zkhechad/cboTemplates/Run4CBOTemplates/fullFits/run4/sBin_constraintOn_cE0.0_seed0_run4_calo12.root
A_CBO 0.007990 w_CBO 2.327632 phi_CBO 5.471864 N0 3435893.469287 R -59.911173 tau 64.398066 
Reading cboRef file /gm2data/zkhechad/cboTemplates/Run4CBOTemplates//cboIsolate/run4_calo12.root
deltaT 164.120000
windowBins = 1100
fitting sliding window 2480 from bin 2683 at 400.303600 to bin 3783 at 564.423600 (1100 bins)

Reading data from /gm2data/cornell/histograms/aMethod/histogram_a_run4.root
fitting cbo isolate
 **********
 **    1 **SET PRINTOUT            1
 **********
 **********
 **    2 **SET NOWARNINGS 
 **********
 PARAMETER DEFINITIONS:
    NO.   NAME         VALUE      STEP SIZE      LIMITS
     1 A_CBO        7.98954e-03  1.00000e-05     no limits
     2 w_CBO        2.32763e+00  1.00000e-02    2.00000e+00  3.00000e+00
     3 phi_CBO      5.47186e+00  1.00000e-02    0.00000e+00  6.28319e+00
 **********
 **    3 **MIGRAD
 **********
 FIRST CALL TO USER FUNCTION AT NEW START POINT, WITH IFLAG=4.
 START MIGRAD MINIMIZATION.  STRATEGY  1.  CONVERGENCE WHEN EDM .LT. 1.00e-04
 FCN=0.31895 FROM MIGRAD    STATUS=INITIATE       12 CALLS          13 TOTAL
                     EDM= unknown      STRATEGY= 1      NO ERROR MATRIX       
  EXT PARAMETER               CURRENT GUESS       STEP         FIRST   
  NO.   NAME      VALUE            ERROR          SIZE      DERIVATIVE 
   1  A_CBO        7.98954e-03   1.00000e-05   1.00000e-05   6.53081e+00
   2  w_CBO        2.32763e+00   1.00000e-02   2.13083e-02   1.84385e+00
   3  phi_CBO      5.47186e+00   1.00000e-02   4.74617e-03  -1.63001e-02
 MIGRAD MINIMIZATION HAS CONVERGED.
 MIGRAD WILL VERIFY CONVERGENCE AND ERROR MATRIX.
 COVARIANCE MATRIX CALCULATED SUCCESSFULLY
 FCN=0.29913 FROM HESSE     STATUS=OK             16 CALLS          61 TOTAL
                     EDM=0.00231681    STRATEGY= 1      ERROR MATRIX ACCURATE 
  EXT PARAMETER                                   STEP         FIRST   
  NO.   NAME      VALUE            ERROR          SIZE      DERIVATIVE 
   1  A_CBO        2.25218e-03   6.59580e-02   2.37052e-05  -1.93721e-02
   2  w_CBO        2.32710e+00   5.71470e-01   5.06041e-05   2.97465e-02
   3  phi_CBO      5.63926e+00   3.45918e+00   6.43955e-03   1.34298e-04
 MIGRAD MINIMIZATION HAS CONVERGED.
 MIGRAD WILL VERIFY CONVERGENCE AND ERROR MATRIX.
 FCN=0.298448 FROM MIGRAD    STATUS=CONVERGED     156 CALLS         157 TOTAL
                     EDM=7.47101e-06    STRATEGY= 1      ERR MATRIX NOT POS-DEF
  EXT PARAMETER                APPROXIMATE        STEP         FIRST   
  NO.   NAME      VALUE            ERROR          SIZE      DERIVATIVE 
   1  A_CBO        2.52625e-03   4.32330e-02   2.37174e-05  -4.13789e-03
   2  w_CBO        2.31597e+00   6.57923e-01   4.15189e-05   4.87321e-03
   3  phi_CBO      4.17163e-01   3.23717e+00   5.67640e-03  -1.23345e-05
 EXTERNAL ERROR MATRIX.    NDIM=  25    NPAR=  3    ERR DEF=1
  1.869e-03 -4.318e-03 -2.036e+00 
 -4.318e-03  3.197e-01  1.506e+02 
 -2.036e+00  1.506e+02  7.118e+04 
ERR MATRIX NOT POS-DEF
 PARAMETER  CORRELATION COEFFICIENTS  
       NO.  GLOBAL      1      2      3
        1  0.17667   1.000 -0.177 -0.176
        2  0.99801  -0.177  1.000  0.998
        3  0.99801  -0.176  0.998  1.000
 ERR MATRIX NOT POS-DEF
setting A_CBO=0.002526 w_CBO=2.315972, phi_CBO=0.417163
done fitting cbo isolate
 **********
 **    1 **SET PRINTOUT            1
 **********
 **********
 **    2 **SET NOWARNINGS 
 **********
 PARAMETER DEFINITIONS:
    NO.   NAME         VALUE      STEP SIZE      LIMITS
     1 N0           3.43589e+06  1.00000e+02     no limits
     2 tau          6.43981e+01  constant
     3 A0           3.53663e-01  1.00000e-04     no limits
     4 phi          4.11774e+00  1.00000e-02     no limits
     5 R           -5.99112e+01  constant
     6 A_CBO        2.52625e-03  1.00000e-05     no limits
     7 w_CBO        2.31597e+00  1.00000e-03     no limits
     8 phi_CBO      4.17163e-01  1.00000e-04     no limits
     9 ANx2         3.16301e-04  constant
    10 pNx2         1.53957e+00  constant
    11 ANy1         0.00000e+00  constant
    12 pNy1         0.00000e+00  constant
    13 w_y          0.00000e+00  constant
    14 ANy2         1.02217e-02  1.00000e-04     no limits
    15 pNy2         1.44040e+00  constant
    16 w_vw         1.43192e+01  constant
    17 LM          -2.49463e-04  constant
    18 wCBO_expCoeff   2.00000e+02  1.00000e+00     no limits
    19 wCBO_expOffset   2.00000e+02  1.00000e+00     no limits
    20 wCBO_expT    3.00000e+01  1.00000e+00     no limits
    21 wCBO_linCoeff   0.00000e+00  constant
    22 wCBO_const   0.00000e+00  1.00000e-02     no limits
MINUIT - FIT ONLY WIGGLE
 **********
 **    3 **FIX            5
 **********
 PARAMETER    5  IS CONSTANT.   IGNORED.
 **********
 **    4 **FIX            6
 **********
 **********
 **    5 **FIX            7
 **********
 **********
 **    6 **FIX            8
 **********
 **********
 **    7 **FIX            9
 **********
 PARAMETER    9  IS CONSTANT.   IGNORED.
 **********
 **    8 **FIX           10
 **********
 PARAMETER   10  IS CONSTANT.   IGNORED.
 **********
 **    9 **FIX           11
 **********
 PARAMETER   11  IS CONSTANT.   IGNORED.
 **********
 **   10 **FIX           12
 **********
 PARAMETER   12  IS CONSTANT.   IGNORED.
 **********
 **   11 **FIX           13
 **********
 PARAMETER   13  IS CONSTANT.   IGNORED.
 **********
 **   12 **FIX           14
 **********
 **********
 **   13 **FIX           15
 **********
 PARAMETER   15  IS CONSTANT.   IGNORED.
 **********
 **   14 **FIX           16
 **********
 PARAMETER   16  IS CONSTANT.   IGNORED.
 **********
 **   15 **MIGRAD
 **********
 FIRST CALL TO USER FUNCTION AT NEW START POINT, WITH IFLAG=4.
 START MIGRAD MINIMIZATION.  STRATEGY  1.  CONVERGENCE WHEN EDM .LT. 1.00e-04
 FCN=395.71 FROM MIGRAD    STATUS=INITIATE       55 CALLS          56 TOTAL
                     EDM= unknown      STRATEGY= 1      NO ERROR MATRIX       
  EXT PARAMETER               CURRENT GUESS       STEP         FIRST   
  NO.   NAME      VALUE            ERROR          SIZE      DERIVATIVE 
   1  N0           3.43589e+06   1.00000e+02   0.00000e+00   6.62156e-04
   2  tau          6.43981e+01   constant   
   3  A0           3.53663e-01   1.00000e-04   0.00000e+00  -3.85762e+02
   4  phi          4.11774e+00   1.00000e-02   0.00000e+00   4.14924e+02
   5  R           -5.99112e+01   constant   
   6  A_CBO        2.52625e-03     fixed    
   7  w_CBO        2.31597e+00     fixed    
   8  phi_CBO      4.17163e-01     fixed    
   9  ANx2         3.16301e-04   constant   
  10  pNx2         1.53957e+00   constant   
  11  ANy1         0.00000e+00   constant   
  12  pNy1         0.00000e+00   constant   
  13  w_y          0.00000e+00   constant   
  14  ANy2         1.02217e-02     fixed    
  15  pNy2         1.44040e+00   constant   
  16  w_vw         1.43192e+01   constant   
  17  LM          -2.49463e-04   constant   
  18  wCBO_expCoeff   2.00000e+02   1.00000e+00   0.00000e+00  -2.16623e-01
  19  wCBO_expOffset   2.00000e+02   1.00000e+00   0.00000e+00  -1.43954e+00
  20  wCBO_expT    3.00961e+01   1.00000e+00   9.60757e-02  -7.71525e+00
  21  wCBO_linCoeff   0.00000e+00   constant   
  22  wCBO_const   0.00000e+00   1.00000e-02   0.00000e+00   1.80018e+03
 MIGRAD MINIMIZATION HAS CONVERGED.
 FCN=393.702 FROM MIGRAD    STATUS=CONVERGED     292 CALLS         293 TOTAL
                     EDM=2.62424e-08    STRATEGY= 1  ERROR MATRIX UNCERTAINTY   1.5 per cent
  EXT PARAMETER                                   STEP         FIRST   
  NO.   NAME      VALUE            ERROR          SIZE      DERIVATIVE 
   1  N0           3.43400e+06   2.50363e+03   6.55548e+00  -9.31950e-08
   2  tau          6.43981e+01   constant   
   3  A0           3.53940e-01   9.58246e-04   1.29269e-06  -2.16498e-01
   4  phi          4.11644e+00   2.86056e-03   2.67089e-06  -4.08238e-05
   5  R           -5.99112e+01   constant   
   6  A_CBO        2.52625e-03     fixed    
   7  w_CBO        2.31597e+00     fixed    
   8  phi_CBO      4.17163e-01     fixed    
   9  ANx2         3.16301e-04   constant   
  10  pNx2         1.53957e+00   constant   
  11  ANy1         0.00000e+00   constant   
  12  pNy1         0.00000e+00   constant   
  13  w_y          0.00000e+00   constant   
  14  ANy2         1.02217e-02     fixed    
  15  pNy2         1.44040e+00   constant   
  16  w_vw         1.43192e+01   constant   
  17  LM          -2.49463e-04   constant   
  18  wCBO_expCoeff   1.90415e+02   1.70462e+01  -4.83017e-03   2.09036e-05
  19  wCBO_expOffset   1.98551e+02   2.58550e+00  -7.37486e-04   1.33332e-04
  20  wCBO_expT    3.05609e+01   7.64109e-01   2.55540e-04   9.38115e-04
  21  wCBO_linCoeff   0.00000e+00   constant   
  22  wCBO_const  -1.80327e-03   1.24248e-03  -1.04391e-06   7.66044e-02
 EXTERNAL ERROR MATRIX.    NDIM=  25    NPAR=  7    ERR DEF=1
  6.268e+06  6.017e-02 -4.390e-01 -5.632e+03 -8.541e+02  2.544e+02 -1.993e-01 
  6.017e-02  9.182e-07  2.587e-08  3.182e-04  4.803e-05 -1.107e-05 -1.666e-08 
 -4.390e-01  2.587e-08  8.183e-06  7.135e-03  1.082e-03 -3.160e-04  6.781e-08 
 -5.632e+03  3.182e-04  7.135e-03  2.906e+02  4.393e+01 -1.300e+01  1.601e-02 
 -8.541e+02  4.803e-05  1.082e-03  4.393e+01  6.685e+00 -1.972e+00  2.430e-03 
  2.544e+02 -1.107e-05 -3.160e-04 -1.300e+01 -1.972e+00  5.839e-01 -7.406e-04 
 -1.993e-01 -1.666e-08  6.781e-08  1.601e-02  2.430e-03 -7.406e-04  1.544e-06 
 PARAMETER  CORRELATION COEFFICIENTS  
       NO.  GLOBAL      1      3      4     18     19     20     22
        1  0.18880   1.000  0.025 -0.061 -0.132 -0.132  0.133 -0.064
        3  0.11875   0.025  1.000  0.009  0.019  0.019 -0.015 -0.014
        4  0.24484  -0.061  0.009  1.000  0.146  0.146 -0.145  0.019
       18  0.99903  -0.132  0.019  0.146  1.000  0.997 -0.998  0.756
       19  0.99906  -0.132  0.019  0.146  0.997  1.000 -0.998  0.756
       20  0.99969   0.133 -0.015 -0.145 -0.998 -0.998  1.000 -0.780
       22  0.93252  -0.064 -0.014  0.019  0.756  0.756 -0.780  1.000
MINUIT - FIT ONLY 1-CBO + other amplitudes 
 **********
 **   16 **RES 
 **********
                   PARAMETER   14  ANy2 RESTORED TO VARIABLE.
                   PARAMETER    8  phi_CBO RESTORED TO VARIABLE.
                   PARAMETER    7  w_CBO RESTORED TO VARIABLE.
                   PARAMETER    6  A_CBO RESTORED TO VARIABLE.
 **********
 **   17 **FIX            0
 **********
 PARAMETER    0  IS UNDEFINED. IGNORED.
 **********
 **   18 **FIX            1
 **********
 **********
 **   19 **FIX            2
 **********
 PARAMETER    2  IS CONSTANT.   IGNORED.
 **********
 **   20 **FIX            3
 **********
 **********
 **   21 **FIX            4
 **********
 **********
 **   22 **FIX            9
 **********
 PARAMETER    9  IS CONSTANT.   IGNORED.
 **********
 **   23 **FIX           11
 **********
 PARAMETER   11  IS CONSTANT.   IGNORED.
 **********
 **   24 **FIX           12
 **********
 PARAMETER   12  IS CONSTANT.   IGNORED.
 **********
 **   25 **FIX           14
 **********
 **********
 **   26 **FIX           15
 **********
 PARAMETER   15  IS CONSTANT.   IGNORED.
 **********
 **   27 **FIX           16
 **********
 PARAMETER   16  IS CONSTANT.   IGNORED.
 **********
 **   28 **MIGRAD
 **********
 START MIGRAD MINIMIZATION.  STRATEGY  1.  CONVERGENCE WHEN EDM .LT. 1.00e-04
 FCN=393.702 FROM MIGRAD    STATUS=INITIATE       18 CALLS         311 TOTAL
                     EDM= unknown      STRATEGY= 1      NO ERROR MATRIX       
  EXT PARAMETER               CURRENT GUESS       STEP         FIRST   
  NO.   NAME      VALUE            ERROR          SIZE      DERIVATIVE 
   1  N0           3.43400e+06     fixed    
   2  tau          6.43981e+01   constant   
   3  A0           3.53940e-01     fixed    
   4  phi          4.11644e+00     fixed    
   5  R           -5.99112e+01   constant   
   6  A_CBO        2.52625e-03   1.00000e-05   1.00000e-05   9.95973e+02
   7  w_CBO        2.31597e+00   1.00000e-03   1.00000e-03   3.44935e-02
   8  phi_CBO      4.17163e-01   1.00000e-04   1.00000e-04   1.59500e+00
   9  ANx2         3.16301e-04   constant   
  10  pNx2         1.53957e+00   constant   
  11  ANy1         0.00000e+00   constant   
  12  pNy1         0.00000e+00   constant   
  13  w_y          0.00000e+00   constant   
  14  ANy2         1.02217e-02     fixed    
  15  pNy2         1.44040e+00   constant   
  16  w_vw         1.43192e+01   constant   
  17  LM          -2.49463e-04   constant   
  18  wCBO_expCoeff   1.90415e+02   1.70462e+01  -4.83017e-03   2.08985e-05
  19  wCBO_expOffset   1.98551e+02   2.58550e+00  -7.37486e-04   1.33291e-04
  20  wCBO_expT    3.05609e+01   7.64109e-01   2.55540e-04   9.37902e-04
  21  wCBO_linCoeff   0.00000e+00   constant   
  22  wCBO_const  -1.80327e-03   1.24248e-03  -1.04391e-06   7.66284e-02
 MIGRAD MINIMIZATION HAS CONVERGED.
 MIGRAD WILL VERIFY CONVERGENCE AND ERROR MATRIX.
 FCN=391.649 FROM MIGRAD    STATUS=CONVERGED     250 CALLS         543 TOTAL
                     EDM=5.63188e-07    STRATEGY= 1      ERR MATRIX NOT POS-DEF
  EXT PARAMETER                APPROXIMATE        STEP         FIRST   
  NO.   NAME      VALUE            ERROR          SIZE      DERIVATIVE 
   1  N0           3.43400e+06     fixed    
   2  tau          6.43981e+01   constant   
   3  A0           3.53940e-01     fixed    
   4  phi          4.11644e+00     fixed    
   5  R           -5.99112e+01   constant   
   6  A_CBO        2.09261e-03   1.03467e-03   1.00244e-05  -5.18017e-02
   7  w_CBO        2.31563e+00   7.39816e-03   7.64128e-06   6.69777e-01
   8  phi_CBO     -1.01373e+00   8.94381e-01   4.55207e-03  -1.91696e-03
   9  ANx2         3.16301e-04   constant   
  10  pNx2         1.53957e+00   constant   
  11  ANy1         0.00000e+00   constant   
  12  pNy1         0.00000e+00   constant   
  13  w_y          0.00000e+00   constant   
  14  ANy2         1.02217e-02     fixed    
  15  pNy2         1.44040e+00   constant   
  16  w_vw         1.43192e+01   constant   
  17  LM          -2.49463e-04   constant   
  18  wCBO_expCoeff   1.95840e+02   9.33583e+00   8.14953e-03   9.83275e-04
  19  wCBO_expOffset   1.99424e+02   1.44524e+00   1.26098e-03   6.35521e-03
  20  wCBO_expT    3.03008e+01   1.85585e-01   1.76720e-04   4.54522e-02
  21  wCBO_linCoeff   0.00000e+00   constant   
  22  wCBO_const  -2.26457e-03   3.18820e-03   3.47890e-06   1.36149e+00
 EXTERNAL ERROR MATRIX.    NDIM=  25    NPAR=  7    ERR DEF=1
  1.071e-06 -4.962e-09 -1.404e-05  1.139e-04  1.766e-05 -5.868e-06 -6.924e-09 
 -4.962e-09  5.473e-05  3.215e-04 -1.007e-03 -1.582e-04 -6.429e-05 -2.308e-05 
 -1.404e-05  3.215e-04  7.999e-01 -7.009e-01 -1.086e-01  4.135e-02  1.746e-04 
  1.139e-04 -1.007e-03 -7.009e-01  8.716e+01 -8.526e+00 -7.317e-01  1.122e-03 
  1.766e-05 -1.582e-04 -1.086e-01 -8.526e+00  2.089e+00 -1.135e-01  1.748e-04 
 -5.868e-06 -6.429e-05  4.135e-02 -7.317e-01 -1.135e-01  3.444e-02 -9.158e-06 
 -6.924e-09 -2.308e-05  1.746e-04  1.122e-03  1.748e-04 -9.158e-06  1.016e-05 
ERR MATRIX NOT POS-DEF
 PARAMETER  CORRELATION COEFFICIENTS  
       NO.  GLOBAL      6      7      8     18     19     20     22
        6  0.05891   1.000 -0.001 -0.015  0.012  0.012 -0.031 -0.002
        7  0.99432  -0.001  1.000  0.049 -0.015 -0.015 -0.047 -0.979
        8  0.85154  -0.015  0.049  1.000 -0.084 -0.084  0.249  0.061
       18  0.99595   0.012 -0.015 -0.084  1.000 -0.632 -0.422  0.038
       19  0.99596   0.012 -0.015 -0.084 -0.632  1.000 -0.423  0.038
       20  0.99518  -0.031 -0.047  0.249 -0.422 -0.423  1.000 -0.015
       22  0.99366  -0.002 -0.979  0.061  0.038  0.038 -0.015  1.000
 ERR MATRIX NOT POS-DEF
MINUIT - FIT ONLY 1-CBO
 **********
 **   29 **RES 
 **********
                   PARAMETER   14  ANy2 RESTORED TO VARIABLE.
                   PARAMETER    4  phi RESTORED TO VARIABLE.
                   PARAMETER    3  A0 RESTORED TO VARIABLE.
                   PARAMETER    1  N0 RESTORED TO VARIABLE.
 **********
 **   30 **FIX            0
 **********
 PARAMETER    0  IS UNDEFINED. IGNORED.
 **********
 **   31 **FIX            1
 **********
 **********
 **   32 **FIX            2
 **********
 PARAMETER    2  IS CONSTANT.   IGNORED.
 **********
 **   33 **FIX            3
 **********
 **********
 **   34 **FIX            4
 **********
 **********
 **   35 **FIX            8
 **********
 **********
 **   36 **FIX            9
 **********
 PARAMETER    9  IS CONSTANT.   IGNORED.
 **********
 **   37 **FIX           11
 **********
 PARAMETER   11  IS CONSTANT.   IGNORED.
 **********
 **   38 **FIX           12
 **********
 PARAMETER   12  IS CONSTANT.   IGNORED.
 **********
 **   39 **FIX           13
 **********
 PARAMETER   13  IS CONSTANT.   IGNORED.
 **********
 **   40 **FIX           15
 **********
 PARAMETER   15  IS CONSTANT.   IGNORED.
 **********
 **   41 **FIX           16
 **********
 PARAMETER   16  IS CONSTANT.   IGNORED.
 **********
 **   42 **MIGRAD
 **********
 START MIGRAD MINIMIZATION.  STRATEGY  1.  CONVERGENCE WHEN EDM .LT. 1.00e-04
 FCN=391.649 FROM MIGRAD    STATUS=INITIATE       16 CALLS         559 TOTAL
                     EDM= unknown      STRATEGY= 1      NO ERROR MATRIX       
  EXT PARAMETER               CURRENT GUESS       STEP         FIRST   
  NO.   NAME      VALUE            ERROR          SIZE      DERIVATIVE 
   1  N0           3.43400e+06     fixed    
   2  tau          6.43981e+01   constant   
   3  A0           3.53940e-01     fixed    
   4  phi          4.11644e+00     fixed    
   5  R           -5.99112e+01   constant   
   6  A_CBO        2.09261e-03   1.03467e-03   1.00244e-05  -5.18017e-02
   7  w_CBO        2.31563e+00   7.39816e-03   7.64128e-06   6.70554e-01
   8  phi_CBO     -1.01373e+00     fixed    
   9  ANx2         3.16301e-04   constant   
  10  pNx2         1.53957e+00   constant   
  11  ANy1         0.00000e+00   constant   
  12  pNy1         0.00000e+00   constant   
  13  w_y          0.00000e+00   constant   
  14  ANy2         1.02217e-02   1.00000e-04   1.00000e-04   1.88041e+04
  15  pNy2         1.44040e+00   constant   
  16  w_vw         1.43192e+01   constant   
  17  LM          -2.49463e-04   constant   
  18  wCBO_expCoeff   1.95840e+02   9.33583e+00   8.14953e-03   9.87713e-04
  19  wCBO_expOffset   1.99424e+02   1.44524e+00   1.26098e-03   6.38687e-03
  20  wCBO_expT    3.03008e+01   1.85585e-01   1.76720e-04   4.56469e-02
  21  wCBO_linCoeff   0.00000e+00   constant   
  22  wCBO_const  -2.26457e-03   3.18820e-03   3.47890e-06   1.36278e+00
 MIGRAD MINIMIZATION HAS CONVERGED.
 MIGRAD WILL VERIFY CONVERGENCE AND ERROR MATRIX.
 FCN=301.445 FROM MIGRAD    STATUS=CONVERGED     165 CALLS         708 TOTAL
                     EDM=2.11262e-06    STRATEGY= 1      ERR MATRIX NOT POS-DEF
  EXT PARAMETER                APPROXIMATE        STEP         FIRST   
  NO.   NAME      VALUE            ERROR          SIZE      DERIVATIVE 
   1  N0           3.43400e+06     fixed    
   2  tau          6.43981e+01   constant   
   3  A0           3.53940e-01     fixed    
   4  phi          4.11644e+00     fixed    
   5  R           -5.99112e+01   constant   
   6  A_CBO        2.06971e-03   1.03611e-03   8.80308e-06  -1.56486e+00
   7  w_CBO        2.31569e+00   7.75237e-03   6.75073e-06   3.48195e-01
   8  phi_CBO     -1.01373e+00     fixed    
   9  ANx2         3.16301e-04   constant   
  10  pNx2         1.53957e+00   constant   
  11  ANy1         0.00000e+00   constant   
  12  pNy1         0.00000e+00   constant   
  13  w_y          0.00000e+00   constant   
  14  ANy2         6.27562e-04   1.00725e-03   8.57691e-06   1.13698e-01
  15  pNy2         1.44040e+00   constant   
  16  w_vw         1.43192e+01   constant   
  17  LM          -2.49463e-04   constant   
  18  wCBO_expCoeff   1.96608e+02   1.03570e+01   7.44762e-03   2.10025e-04
  19  wCBO_expOffset   1.99543e+02   1.59570e+00   1.14986e-03   1.36432e-03
  20  wCBO_expT    3.02685e+01   1.93910e-01   1.60234e-04   1.63756e-02
  21  wCBO_linCoeff   0.00000e+00   constant   
  22  wCBO_const  -2.26294e-03   3.33850e-03   3.06848e-06   7.66771e-01
 EXTERNAL ERROR MATRIX.    NDIM=  25    NPAR=  7    ERR DEF=1
  1.074e-06  4.473e-09  1.676e-09  1.430e-04  2.193e-05 -6.997e-06 -2.860e-09 
  4.473e-09  6.010e-05  4.552e-11 -7.625e-04 -1.202e-04 -8.987e-05 -2.551e-05 
  1.676e-09  4.552e-11  1.015e-06 -3.164e-05 -4.900e-06  1.104e-06  8.140e-10 
  1.430e-04 -7.625e-04 -3.164e-05  1.073e+02 -1.089e+01 -8.174e-01  1.448e-03 
  2.193e-05 -1.202e-04 -4.900e-06 -1.089e+01  2.546e+00 -1.264e-01  2.248e-04 
 -6.997e-06 -8.987e-05  1.104e-06 -8.174e-01 -1.264e-01  3.760e-02 -2.148e-05 
 -2.860e-09 -2.551e-05  8.140e-10  1.448e-03  2.248e-04 -2.148e-05  1.115e-05 
ERR MATRIX NOT POS-DEF
 PARAMETER  CORRELATION COEFFICIENTS  
       NO.  GLOBAL      6      7     14     18     19     20     22
        6  0.06113   1.000  0.001  0.002  0.013  0.013 -0.035 -0.001
        7  0.99475   0.001  1.000  0.000 -0.009 -0.010 -0.060 -0.985
       14  0.01489   0.002  0.000  1.000 -0.003 -0.003  0.006  0.000
       18  0.99647   0.013 -0.009 -0.003  1.000 -0.659 -0.407  0.042
       19  0.99648   0.013 -0.010 -0.003 -0.659  1.000 -0.408  0.042
       20  0.99535  -0.035 -0.060  0.006 -0.407 -0.408  1.000 -0.033
       22  0.99415  -0.001 -0.985  0.000  0.042  0.042 -0.033  1.000
 ERR MATRIX NOT POS-DEF
MINUIT - FIT ONLY 2-CBO
 **********
 **   43 **RES 
 **********
                   PARAMETER    8  phi_CBO RESTORED TO VARIABLE.
                   PARAMETER    4  phi RESTORED TO VARIABLE.
                   PARAMETER    3  A0 RESTORED TO VARIABLE.
                   PARAMETER    1  N0 RESTORED TO VARIABLE.
 **********
 **   44 **FIX            0
 **********
 PARAMETER    0  IS UNDEFINED. IGNORED.
 **********
 **   45 **FIX            1
 **********
 **********
 **   46 **FIX            2
 **********
 PARAMETER    2  IS CONSTANT.   IGNORED.
 **********
 **   47 **FIX            3
 **********
 **********
 **   48 **FIX            4
 **********
 **********
 **   49 **FIX            5
 **********
 PARAMETER    5  IS CONSTANT.   IGNORED.
 **********
 **   50 **FIX            6
 **********
 **********
 **   51 **FIX            7
 **********
 **********
 **   52 **FIX           10
 **********
 PARAMETER   10  IS CONSTANT.   IGNORED.
 **********
 **   53 **FIX           11
 **********
 PARAMETER   11  IS CONSTANT.   IGNORED.
 **********
 **   54 **FIX           12
 **********
 PARAMETER   12  IS CONSTANT.   IGNORED.
 **********
 **   55 **FIX           13
 **********
 PARAMETER   13  IS CONSTANT.   IGNORED.
 **********
 **   56 **FIX           14
 **********
 **********
 **   57 **FIX           15
 **********
 PARAMETER   15  IS CONSTANT.   IGNORED.
 **********
 **   58 **FIX           16
 **********
 PARAMETER   16  IS CONSTANT.   IGNORED.
 **********
 **   59 **MIGRAD
 **********
 START MIGRAD MINIMIZATION.  STRATEGY  1.  CONVERGENCE WHEN EDM .LT. 1.00e-04
 FCN=301.445 FROM MIGRAD    STATUS=INITIATE       10 CALLS         718 TOTAL
                     EDM= unknown      STRATEGY= 1      NO ERROR MATRIX       
  EXT PARAMETER               CURRENT GUESS       STEP         FIRST   
  NO.   NAME      VALUE            ERROR          SIZE      DERIVATIVE 
   1  N0           3.43400e+06     fixed    
   2  tau          6.43981e+01   constant   
   3  A0           3.53940e-01     fixed    
   4  phi          4.11644e+00     fixed    
   5  R           -5.99112e+01   constant   
   6  A_CBO        2.06971e-03     fixed    
   7  w_CBO        2.31569e+00     fixed    
   8  phi_CBO     -1.01373e+00   8.94381e-01   8.94381e-01  -3.26986e-02
   9  ANx2         3.16301e-04   constant   
  10  pNx2         1.53957e+00   constant   
  11  ANy1         0.00000e+00   constant   
  12  pNy1         0.00000e+00   constant   
  13  w_y          0.00000e+00   constant   
  14  ANy2         6.27562e-04     fixed    
  15  pNy2         1.44040e+00   constant   
  16  w_vw         1.43192e+01   constant   
  17  LM          -2.49463e-04   constant   
  18  wCBO_expCoeff   1.96608e+02   1.03570e+01   7.44762e-03   2.14504e-04
  19  wCBO_expOffset   1.99543e+02   1.59570e+00   1.14986e-03   1.39569e-03
  20  wCBO_expT    3.02685e+01   1.93910e-01   1.60234e-04   1.65629e-02
  21  wCBO_linCoeff   0.00000e+00   constant   
  22  wCBO_const  -2.26294e-03   3.33850e-03   3.06848e-06   7.67966e-01
 MIGRAD MINIMIZATION HAS CONVERGED.
 MIGRAD WILL VERIFY CONVERGENCE AND ERROR MATRIX.
 FCN=301.445 FROM MIGRAD    STATUS=CONVERGED      81 CALLS         789 TOTAL
                     EDM=1.54365e-05    STRATEGY= 1      ERR MATRIX NOT POS-DEF
  EXT PARAMETER                APPROXIMATE        STEP         FIRST   
  NO.   NAME      VALUE            ERROR          SIZE      DERIVATIVE 
   1  N0           3.43400e+06     fixed    
   2  tau          6.43981e+01   constant   
   3  A0           3.53940e-01     fixed    
   4  phi          4.11644e+00     fixed    
   5  R           -5.99112e+01   constant   
   6  A_CBO        2.06971e-03     fixed    
   7  w_CBO        2.31569e+00     fixed    
   8  phi_CBO     -1.00089e+00   9.05227e-01   4.03358e-03   3.77562e-05
   9  ANx2         3.16301e-04   constant   
  10  pNx2         1.53957e+00   constant   
  11  ANy1         0.00000e+00   constant   
  12  pNy1         0.00000e+00   constant   
  13  w_y          0.00000e+00   constant   
  14  ANy2         6.27562e-04     fixed    
  15  pNy2         1.44040e+00   constant   
  16  w_vw         1.43192e+01   constant   
  17  LM          -2.49463e-04   constant   
  18  wCBO_expCoeff   1.96610e+02   1.04499e+01   7.39723e-03   9.82656e-05
  19  wCBO_expOffset   1.99543e+02   1.60978e+00   1.13881e-03   6.38378e-04
  20  wCBO_expT    3.02685e+01   2.00737e-01   1.58851e-04  -2.34815e-02
  21  wCBO_linCoeff   0.00000e+00   constant   
  22  wCBO_const  -2.25716e-03   6.61105e-04   3.07021e-06  -9.66689e-03
 EXTERNAL ERROR MATRIX.    NDIM=  25    NPAR=  5    ERR DEF=1
  8.194e-01 -7.531e-01 -1.162e-01  4.506e-02  3.061e-04 
 -7.531e-01  1.092e+02 -1.092e+01 -8.682e-01  8.573e-04 
 -1.162e-01 -1.092e+01  2.591e+00 -1.341e-01  1.324e-04 
  4.506e-02 -8.682e-01 -1.341e-01  4.030e-02 -4.339e-05 
  3.061e-04  8.573e-04  1.324e-04 -4.339e-05  4.371e-07 
ERR MATRIX NOT POS-DEF
 PARAMETER  CORRELATION COEFFICIENTS  
       NO.  GLOBAL      8     18     19     20     22
        8  0.85216   1.000 -0.080 -0.080  0.248  0.511
       18  0.99654  -0.080  1.000 -0.649 -0.414  0.124
       19  0.99654  -0.080 -0.649  1.000 -0.415  0.124
       20  0.99567   0.248 -0.414 -0.415  1.000 -0.327
       22  0.83822   0.511  0.124  0.124 -0.327  1.000
 ERR MATRIX NOT POS-DEF
MINUIT - FIT ONLY 1-y
 **********
 **   60 **RES 
 **********
                   PARAMETER   14  ANy2 RESTORED TO VARIABLE.
                   PARAMETER    7  w_CBO RESTORED TO VARIABLE.
                   PARAMETER    6  A_CBO RESTORED TO VARIABLE.
                   PARAMETER    4  phi RESTORED TO VARIABLE.
                   PARAMETER    3  A0 RESTORED TO VARIABLE.
                   PARAMETER    1  N0 RESTORED TO VARIABLE.
 **********
 **   61 **FIX            0
 **********
 PARAMETER    0  IS UNDEFINED. IGNORED.
 **********
 **   62 **FIX            1
 **********
 **********
 **   63 **FIX            2
 **********
 PARAMETER    2  IS CONSTANT.   IGNORED.
 **********
 **   64 **FIX            3
 **********
 **********
 **   65 **FIX            4
 **********
 **********
 **   66 **FIX            5
 **********
 PARAMETER    5  IS CONSTANT.   IGNORED.
 **********
 **   67 **FIX            6
 **********
 **********
 **   68 **FIX            7
 **********
 **********
 **   69 **FIX            8
 **********
 **********
 **   70 **FIX            9
 **********
 PARAMETER    9  IS CONSTANT.   IGNORED.
 **********
 **   71 **FIX           13
 **********
 PARAMETER   13  IS CONSTANT.   IGNORED.
 **********
 **   72 **FIX           14
 **********
 **********
 **   73 **FIX           15
 **********
 PARAMETER   15  IS CONSTANT.   IGNORED.
 **********
 **   74 **FIX           16
 **********
 PARAMETER   16  IS CONSTANT.   IGNORED.
 **********
 **   75 **MIGRAD
 **********
 START MIGRAD MINIMIZATION.  STRATEGY  1.  CONVERGENCE WHEN EDM .LT. 1.00e-04
 FCN=301.445 FROM MIGRAD    STATUS=INITIATE        8 CALLS         797 TOTAL
                     EDM= unknown      STRATEGY= 1      NO ERROR MATRIX       
  EXT PARAMETER               CURRENT GUESS       STEP         FIRST   
  NO.   NAME      VALUE            ERROR          SIZE      DERIVATIVE 
   1  N0           3.43400e+06     fixed    
   2  tau          6.43981e+01   constant   
   3  A0           3.53940e-01     fixed    
   4  phi          4.11644e+00     fixed    
   5  R           -5.99112e+01   constant   
   6  A_CBO        2.06971e-03     fixed    
   7  w_CBO        2.31569e+00     fixed    
   8  phi_CBO     -1.00089e+00     fixed    
   9  ANx2         3.16301e-04   constant   
  10  pNx2         1.53957e+00   constant   
  11  ANy1         0.00000e+00   constant   
  12  pNy1         0.00000e+00   constant   
  13  w_y          0.00000e+00   constant   
  14  ANy2         6.27562e-04     fixed    
  15  pNy2         1.44040e+00   constant   
  16  w_vw         1.43192e+01   constant   
  17  LM          -2.49463e-04   constant   
  18  wCBO_expCoeff   1.96610e+02   1.04499e+01   7.39723e-03   1.02437e-04
  19  wCBO_expOffset   1.99543e+02   1.60978e+00   1.13881e-03   6.67767e-04
  20  wCBO_expT    3.02685e+01   2.00737e-01   1.58851e-04  -2.33050e-02
  21  wCBO_linCoeff   0.00000e+00   constant   
  22  wCBO_const  -2.25716e-03   6.61105e-04   3.07021e-06  -9.50466e-03
 MIGRAD MINIMIZATION HAS CONVERGED.
 MIGRAD WILL VERIFY CONVERGENCE AND ERROR MATRIX.
 FCN=301.445 FROM MIGRAD    STATUS=CONVERGED      41 CALLS         830 TOTAL
                     EDM=1.63856e-05    STRATEGY= 1      ERR MATRIX NOT POS-DEF
  EXT PARAMETER                APPROXIMATE        STEP         FIRST   
  NO.   NAME      VALUE            ERROR          SIZE      DERIVATIVE 
   1  N0           3.43400e+06     fixed    
   2  tau          6.43981e+01   constant   
   3  A0           3.53940e-01     fixed    
   4  phi          4.11644e+00     fixed    
   5  R           -5.99112e+01   constant   
   6  A_CBO        2.06971e-03     fixed    
   7  w_CBO        2.31569e+00     fixed    
   8  phi_CBO     -1.00089e+00     fixed    
   9  ANx2         3.16301e-04   constant   
  10  pNx2         1.53957e+00   constant   
  11  ANy1         0.00000e+00   constant   
  12  pNy1         0.00000e+00   constant   
  13  w_y          0.00000e+00   constant   
  14  ANy2         6.27562e-04     fixed    
  15  pNy2         1.44040e+00   constant   
  16  w_vw         1.43192e+01   constant   
  17  LM          -2.49463e-04   constant   
  18  wCBO_expCoeff   1.96610e+02   1.13147e+01   7.39803e-03   1.01767e-03
  19  wCBO_expOffset   1.99543e+02   1.74295e+00   1.13894e-03   6.61041e-03
  20  wCBO_expT    3.02686e+01   2.05725e-01   1.58858e-04   1.97006e-02
  21  wCBO_linCoeff   0.00000e+00   constant   
  22  wCBO_const  -2.25716e-03   5.77762e-04   3.07002e-06   1.63299e+00
 EXTERNAL ERROR MATRIX.    NDIM=  25    NPAR=  4    ERR DEF=1
  1.280e+02 -1.336e+01 -9.257e-01  1.291e-03 
 -1.336e+01  3.038e+00 -1.430e-01  1.993e-04 
 -9.257e-01 -1.430e-01  4.232e-02 -6.718e-05 
  1.291e-03  1.993e-04 -6.718e-05  3.338e-07 
ERR MATRIX NOT POS-DEF
 PARAMETER  CORRELATION COEFFICIENTS  
       NO.  GLOBAL     18     19     20     22
       18  0.99705   1.000 -0.678 -0.398  0.198
       19  0.99705  -0.678  1.000 -0.399  0.198
       20  0.99588  -0.398 -0.399  1.000 -0.565
       22  0.78126   0.198  0.198 -0.565  1.000
 ERR MATRIX NOT POS-DEF
MINUIT - FIT ONLY 2-y
 **********
 **   76 **RES 
 **********
                   PARAMETER   14  ANy2 RESTORED TO VARIABLE.
                   PARAMETER    8  phi_CBO RESTORED TO VARIABLE.
                   PARAMETER    7  w_CBO RESTORED TO VARIABLE.
                   PARAMETER    6  A_CBO RESTORED TO VARIABLE.
                   PARAMETER    4  phi RESTORED TO VARIABLE.
                   PARAMETER    3  A0 RESTORED TO VARIABLE.
                   PARAMETER    1  N0 RESTORED TO VARIABLE.
 **********
 **   77 **FIX            0
 **********
 PARAMETER    0  IS UNDEFINED. IGNORED.
 **********
 **   78 **FIX            1
 **********
 **********
 **   79 **FIX            2
 **********
 PARAMETER    2  IS CONSTANT.   IGNORED.
 **********
 **   80 **FIX            3
 **********
 **********
 **   81 **FIX            4
 **********
 **********
 **   82 **FIX            5
 **********
 PARAMETER    5  IS CONSTANT.   IGNORED.
 **********
 **   83 **FIX            6
 **********
 **********
 **   84 **FIX            7
 **********
 **********
 **   85 **FIX            8
 **********
 **********
 **   86 **FIX            9
 **********
 PARAMETER    9  IS CONSTANT.   IGNORED.
 **********
 **   87 **FIX           10
 **********
 PARAMETER   10  IS CONSTANT.   IGNORED.
 **********
 **   88 **FIX           11
 **********
 PARAMETER   11  IS CONSTANT.   IGNORED.
 **********
 **   89 **FIX           12
 **********
 PARAMETER   12  IS CONSTANT.   IGNORED.
 **********
 **   90 **FIX           16
 **********
 PARAMETER   16  IS CONSTANT.   IGNORED.
 **********
 **   91 **MIGRAD
 **********
 START MIGRAD MINIMIZATION.  STRATEGY  1.  CONVERGENCE WHEN EDM .LT. 1.00e-04
 FCN=301.445 FROM MIGRAD    STATUS=INITIATE       10 CALLS         840 TOTAL
                     EDM= unknown      STRATEGY= 1      NO ERROR MATRIX       
  EXT PARAMETER               CURRENT GUESS       STEP         FIRST   
  NO.   NAME      VALUE            ERROR          SIZE      DERIVATIVE 
   1  N0           3.43400e+06     fixed    
   2  tau          6.43981e+01   constant   
   3  A0           3.53940e-01     fixed    
   4  phi          4.11644e+00     fixed    
   5  R           -5.99112e+01   constant   
   6  A_CBO        2.06971e-03     fixed    
   7  w_CBO        2.31569e+00     fixed    
   8  phi_CBO     -1.00089e+00     fixed    
   9  ANx2         3.16301e-04   constant   
  10  pNx2         1.53957e+00   constant   
  11  ANy1         0.00000e+00   constant   
  12  pNy1         0.00000e+00   constant   
  13  w_y          0.00000e+00   constant   
  14  ANy2         6.27562e-04   1.00725e-03   1.00725e-03   2.86776e-01
  15  pNy2         1.44040e+00   constant   
  16  w_vw         1.43192e+01   constant   
  17  LM          -2.49463e-04   constant   
  18  wCBO_expCoeff   1.96610e+02   1.13147e+01   7.39803e-03   1.02183e-03
  19  wCBO_expOffset   1.99543e+02   1.74295e+00   1.13894e-03   6.63971e-03
  20  wCBO_expT    3.02686e+01   2.05725e-01   1.58858e-04   1.98766e-02
  21  wCBO_linCoeff   0.00000e+00   constant   
  22  wCBO_const  -2.25716e-03   5.77762e-04   3.07002e-06   1.63398e+00
 MIGRAD MINIMIZATION HAS CONVERGED.
 MIGRAD WILL VERIFY CONVERGENCE AND ERROR MATRIX.
 FCN=301.445 FROM MIGRAD    STATUS=CONVERGED      55 CALLS         885 TOTAL
                     EDM=1.61086e-05    STRATEGY= 1      ERR MATRIX NOT POS-DEF
  EXT PARAMETER                APPROXIMATE        STEP         FIRST   
  NO.   NAME      VALUE            ERROR          SIZE      DERIVATIVE 
   1  N0           3.43400e+06     fixed    
   2  tau          6.43981e+01   constant   
   3  A0           3.53940e-01     fixed    
   4  phi          4.11644e+00     fixed    
   5  R           -5.99112e+01   constant   
   6  A_CBO        2.06971e-03     fixed    
   7  w_CBO        2.31569e+00     fixed    
   8  phi_CBO     -1.00089e+00     fixed    
   9  ANx2         3.16301e-04   constant   
  10  pNx2         1.53957e+00   constant   
  11  ANy1         0.00000e+00   constant   
  12  pNy1         0.00000e+00   constant   
  13  w_y          0.00000e+00   constant   
  14  ANy2         6.27516e-04   1.00768e-03   8.57690e-06   1.86448e-01
  15  pNy2         1.44040e+00   constant   
  16  w_vw         1.43192e+01   constant   
  17  LM          -2.49463e-04   constant   
  18  wCBO_expCoeff   1.96610e+02   1.13142e+01   7.39781e-03   8.98105e-05
  19  wCBO_expOffset   1.99543e+02   1.74307e+00   1.13891e-03   5.82290e-04
  20  wCBO_expT    3.02686e+01   2.05730e-01   1.58853e-04  -2.38656e-02
  21  wCBO_linCoeff   0.00000e+00   constant   
  22  wCBO_const  -2.25719e-03   5.77760e-04   3.07000e-06  -1.43730e-01
 EXTERNAL ERROR MATRIX.    NDIM=  25    NPAR=  5    ERR DEF=1
  1.015e-06 -3.546e-05 -5.491e-06  1.278e-06  5.949e-10 
 -3.546e-05  1.280e+02 -1.336e+01 -9.255e-01  1.291e-03 
 -5.491e-06 -1.336e+01  3.038e+00 -1.431e-01  1.994e-04 
  1.278e-06 -9.255e-01 -1.431e-01  4.232e-02 -6.718e-05 
  5.949e-10  1.291e-03  1.994e-04 -6.718e-05  3.338e-07 
ERR MATRIX NOT POS-DEF
 PARAMETER  CORRELATION COEFFICIENTS  
       NO.  GLOBAL     14     18     19     20     22
       14  0.01499   1.000 -0.003 -0.003  0.006  0.001
       18  0.99705  -0.003  1.000 -0.678 -0.398  0.197
       19  0.99705  -0.003 -0.678  1.000 -0.399  0.198
       20  0.99588   0.006 -0.398 -0.399  1.000 -0.565
       22  0.78125   0.001  0.197  0.198 -0.565  1.000
 ERR MATRIX NOT POS-DEF
MINUIT - FIT ALTOGETHER
 **********
 **   92 **RES 
 **********
                   PARAMETER    8  phi_CBO RESTORED TO VARIABLE.
                   PARAMETER    7  w_CBO RESTORED TO VARIABLE.
                   PARAMETER    6  A_CBO RESTORED TO VARIABLE.
                   PARAMETER    4  phi RESTORED TO VARIABLE.
                   PARAMETER    3  A0 RESTORED TO VARIABLE.
                   PARAMETER    1  N0 RESTORED TO VARIABLE.
 **********
 **   93 **MIGRAD
 **********
 START MIGRAD MINIMIZATION.  STRATEGY  1.  CONVERGENCE WHEN EDM .LT. 1.00e-04
 FCN=301.445 FROM MIGRAD    STATUS=INITIATE       22 CALLS         907 TOTAL
                     EDM= unknown      STRATEGY= 1      NO ERROR MATRIX       
  EXT PARAMETER               CURRENT GUESS       STEP         FIRST   
  NO.   NAME      VALUE            ERROR          SIZE      DERIVATIVE 
   1  N0           3.43400e+06   2.50363e+03   2.50363e+03   1.07668e-06
   2  tau          6.43981e+01   constant   
   3  A0           3.53940e-01   9.58246e-04   9.58246e-04  -2.25055e+01
   4  phi          4.11644e+00   2.86056e-03   2.86056e-03  -3.10353e+01
   5  R           -5.99112e+01   constant   
   6  A_CBO        2.06971e-03   1.03611e-03   1.03611e-03  -1.52872e+00
   7  w_CBO        2.31569e+00   7.75237e-03   7.75237e-03  -5.36716e-02
   8  phi_CBO     -1.00089e+00   9.05227e-01   9.05227e-01   7.32495e-05
   9  ANx2         3.16301e-04   constant   
  10  pNx2         1.53957e+00   constant   
  11  ANy1         0.00000e+00   constant   
  12  pNy1         0.00000e+00   constant   
  13  w_y          0.00000e+00   constant   
  14  ANy2         6.27516e-04   1.00768e-03   8.57690e-06   1.86448e-01
  15  pNy2         1.44040e+00   constant   
  16  w_vw         1.43192e+01   constant   
  17  LM          -2.49463e-04   constant   
  18  wCBO_expCoeff   1.96610e+02   1.13142e+01   7.39781e-03   9.39826e-05
  19  wCBO_expOffset   1.99543e+02   1.74307e+00   1.13891e-03   5.87133e-04
