 + ++++++++++++++++++++++++++++++++++++++++++++++++++++++++++++++++++++ +
 +                                                                      +
 +           You have chose to blind your fitting according to          +
 +                omega_ref * (1 + (R +/- deltaR) *10^{-6})             +
 +                                                                      +
 + ++++++++++++++++++++++++++++++++++++++++++++++++++++++++++++++++++++ +
In main()...
reading format from /gm2data/zkhechad/run45/envelope/formats/formatB_sBin_constraintOn.txt
pBinTau 	= 0  
pBinPhi 	= 0  
constraintau 	= 1 
includeMopTerm 	= 0    
constrainMop    = 0   
Parameters after format file: pBinTau 0 pBinPhi 0 constraintau 1 includeMopTerm 0 constrainMop 0 c_e_scale 0.000000 
reading cbo reference file (full fit) from /gm2data/zkhechad/cboTemplates/Run4CBOTemplates/fullFits/run4/sBin_constraintOn_cE0.0_seed0_run4_calo18.root
A_CBO 0.008791 w_CBO 2.327338 phi_CBO 0.630678 N0 3499835.498759 R -60.917989 tau 64.411905 
Reading cboRef file /gm2data/zkhechad/cboTemplates/Run4CBOTemplates//cboIsolate/run4_calo18.root
deltaT 164.120000
windowBins = 1100
fitting sliding window 1740 from bin 1943 at 289.895600 to bin 3043 at 454.015600 (1100 bins)

Reading data from /gm2data/cornell/histograms/aMethod/histogram_a_run4.root
fitting cbo isolate
 **********
 **    1 **SET PRINTOUT            1
 **********
 **********
 **    2 **SET NOWARNINGS 
 **********
 PARAMETER DEFINITIONS:
    NO.   NAME         VALUE      STEP SIZE      LIMITS
     1 A_CBO        8.79094e-03  1.00000e-05     no limits
     2 w_CBO        2.32734e+00  1.00000e-02    2.00000e+00  3.00000e+00
     3 phi_CBO      6.30678e-01  1.00000e-02    0.00000e+00  6.28319e+00
 **********
 **    3 **MIGRAD
 **********
 FIRST CALL TO USER FUNCTION AT NEW START POINT, WITH IFLAG=4.
 START MIGRAD MINIMIZATION.  STRATEGY  1.  CONVERGENCE WHEN EDM .LT. 1.00e-04
 FCN=0.0712733 FROM MIGRAD    STATUS=INITIATE       12 CALLS          13 TOTAL
                     EDM= unknown      STRATEGY= 1      NO ERROR MATRIX       
  EXT PARAMETER               CURRENT GUESS       STEP         FIRST   
  NO.   NAME      VALUE            ERROR          SIZE      DERIVATIVE 
   1  A_CBO        8.79094e-03   1.00000e-05   1.00000e-05   6.94520e+00
   2  w_CBO        2.32734e+00   1.00000e-02   2.13132e-02   8.64494e-01
   3  phi_CBO      6.30678e-01   1.00000e-02   5.29649e-03  -9.45365e-03
 MIGRAD MINIMIZATION HAS CONVERGED.
 MIGRAD WILL VERIFY CONVERGENCE AND ERROR MATRIX.
 COVARIANCE MATRIX CALCULATED SUCCESSFULLY
 FCN=0.0492183 FROM MIGRAD    STATUS=CONVERGED      55 CALLS          56 TOTAL
                     EDM=2.26715e-05    STRATEGY= 1      ERROR MATRIX ACCURATE 
  EXT PARAMETER                                   STEP         FIRST   
  NO.   NAME      VALUE            ERROR          SIZE      DERIVATIVE 
   1  A_CBO        2.53258e-03   4.31813e-02   2.13318e-05  -1.32708e-03
   2  w_CBO        2.32705e+00   6.63224e-01   5.16413e-05   1.10527e-02
   3  phi_CBO      7.23069e-01   5.86252e+00   4.24852e-03  -6.33881e-05
 EXTERNAL ERROR MATRIX.    NDIM=  25    NPAR=  3    ERR DEF=1
  1.865e-03 -3.711e-03 -1.328e+00 
 -3.711e-03  3.005e-01  1.077e+02 
 -1.328e+00  1.077e+02  3.889e+04 
 PARAMETER  CORRELATION COEFFICIENTS  
       NO.  GLOBAL      1      2      3
        1  0.15677   1.000 -0.157 -0.156
        2  0.99635  -0.157  1.000  0.996
        3  0.99635  -0.156  0.996  1.000
setting A_CBO=0.002533 w_CBO=2.327050, phi_CBO=0.723069
done fitting cbo isolate
 **********
 **    1 **SET PRINTOUT            1
 **********
 **********
 **    2 **SET NOWARNINGS 
 **********
 PARAMETER DEFINITIONS:
    NO.   NAME         VALUE      STEP SIZE      LIMITS
     1 N0           3.49984e+06  1.00000e+02     no limits
     2 tau          6.44119e+01  constant
     3 A0           3.53539e-01  1.00000e-04     no limits
     4 phi          4.12187e+00  1.00000e-02     no limits
     5 R           -6.09180e+01  constant
     6 A_CBO        2.53258e-03  1.00000e-05     no limits
     7 w_CBO        2.32705e+00  1.00000e-03     no limits
     8 phi_CBO      7.23069e-01  1.00000e-04     no limits
     9 ANx2         2.22853e-04  constant
    10 pNx2         5.08518e+00  constant
    11 ANy1         0.00000e+00  constant
    12 pNy1         0.00000e+00  constant
    13 w_y          0.00000e+00  constant
    14 ANy2         9.04789e-03  1.00000e-04     no limits
    15 pNy2         3.29982e+00  constant
    16 w_vw         1.43191e+01  constant
    17 LM           2.21951e-04  constant
    18 wCBO_expCoeff   2.00000e+02  1.00000e+00     no limits
    19 wCBO_expOffset   2.00000e+02  1.00000e+00     no limits
    20 wCBO_expT    3.00000e+01  1.00000e+00     no limits
    21 wCBO_linCoeff   0.00000e+00  constant
    22 wCBO_const   0.00000e+00  1.00000e-02     no limits
MINUIT - FIT ONLY WIGGLE
 **********
 **    3 **FIX            5
 **********
 PARAMETER    5  IS CONSTANT.   IGNORED.
 **********
 **    4 **FIX            6
 **********
 **********
 **    5 **FIX            7
 **********
 **********
 **    6 **FIX            8
 **********
 **********
 **    7 **FIX            9
 **********
 PARAMETER    9  IS CONSTANT.   IGNORED.
 **********
 **    8 **FIX           10
 **********
 PARAMETER   10  IS CONSTANT.   IGNORED.
 **********
 **    9 **FIX           11
 **********
 PARAMETER   11  IS CONSTANT.   IGNORED.
 **********
 **   10 **FIX           12
 **********
 PARAMETER   12  IS CONSTANT.   IGNORED.
 **********
 **   11 **FIX           13
 **********
 PARAMETER   13  IS CONSTANT.   IGNORED.
 **********
 **   12 **FIX           14
 **********
 **********
 **   13 **FIX           15
 **********
 PARAMETER   15  IS CONSTANT.   IGNORED.
 **********
 **   14 **FIX           16
 **********
 PARAMETER   16  IS CONSTANT.   IGNORED.
 **********
 **   15 **MIGRAD
 **********
 FIRST CALL TO USER FUNCTION AT NEW START POINT, WITH IFLAG=4.
 START MIGRAD MINIMIZATION.  STRATEGY  1.  CONVERGENCE WHEN EDM .LT. 1.00e-04
 FCN=822.288 FROM MIGRAD    STATUS=INITIATE       32 CALLS          33 TOTAL
                     EDM= unknown      STRATEGY= 1      NO ERROR MATRIX       
  EXT PARAMETER               CURRENT GUESS       STEP         FIRST   
  NO.   NAME      VALUE            ERROR          SIZE      DERIVATIVE 
   1  N0           3.49984e+06   1.00000e+02   1.00000e+02   1.46666e-03
   2  tau          6.44119e+01   constant   
   3  A0           3.53539e-01   1.00000e-04   1.00000e-04  -1.50676e+03
   4  phi          4.12187e+00   1.00000e-02   1.00000e-02   7.68547e+01
   5  R           -6.09180e+01   constant   
   6  A_CBO        2.53258e-03     fixed    
   7  w_CBO        2.32705e+00     fixed    
   8  phi_CBO      7.23069e-01     fixed    
   9  ANx2         2.22853e-04   constant   
  10  pNx2         5.08518e+00   constant   
  11  ANy1         0.00000e+00   constant   
  12  pNy1         0.00000e+00   constant   
  13  w_y          0.00000e+00   constant   
  14  ANy2         9.04789e-03     fixed    
  15  pNy2         3.29982e+00   constant   
  16  w_vw         1.43191e+01   constant   
  17  LM           2.21951e-04   constant   
  18  wCBO_expCoeff   2.00000e+02   1.00000e+00   1.00000e+00   1.87877e+02
  19  wCBO_expOffset   2.00000e+02   1.00000e+00   1.00000e+00   1.25238e+03
  20  wCBO_expT    3.00000e+01   1.00000e+00   1.00000e+00   4.75802e+03
  21  wCBO_linCoeff   0.00000e+00   constant   
  22  wCBO_const   0.00000e+00   1.00000e-02   1.00000e-02   9.75253e+03
 MIGRAD MINIMIZATION HAS CONVERGED.
 MIGRAD WILL VERIFY CONVERGENCE AND ERROR MATRIX.
 FCN=803.325 FROM MIGRAD    STATUS=CONVERGED     223 CALLS         224 TOTAL
                     EDM=9.25763e-06    STRATEGY= 1      ERR MATRIX NOT POS-DEF
  EXT PARAMETER                APPROXIMATE        STEP         FIRST   
  NO.   NAME      VALUE            ERROR          SIZE      DERIVATIVE 
   1  N0           3.49925e+06   1.04534e+03   1.42924e+01   7.85727e-07
   2  tau          6.44119e+01   constant   
   3  A0           3.53540e-01   4.02023e-04   5.57989e-06   1.40670e+00
   4  phi          4.12192e+00   1.17938e-03   1.63319e-05  -1.07678e+00
   5  R           -6.09180e+01   constant   
   6  A_CBO        2.53258e-03     fixed    
   7  w_CBO        2.32705e+00     fixed    
   8  phi_CBO      7.23069e-01     fixed    
   9  ANx2         2.22853e-04   constant   
  10  pNx2         5.08518e+00   constant   
  11  ANy1         0.00000e+00   constant   
  12  pNy1         0.00000e+00   constant   
  13  w_y          0.00000e+00   constant   
  14  ANy2         9.04789e-03     fixed    
  15  pNy2         3.29982e+00   constant   
  16  w_vw         1.43191e+01   constant   
  17  LM           2.21951e-04   constant   
  18  wCBO_expCoeff   2.00047e+02   1.59421e-01   1.94169e-04   1.22800e-01
  19  wCBO_expOffset   2.00007e+02   2.65833e-02   9.53708e-05   8.19155e-01
  20  wCBO_expT    2.99984e+01   5.04149e-03   1.43043e-05   2.10231e+00
  21  wCBO_linCoeff   0.00000e+00   constant   
  22  wCBO_const  -2.94455e-03   6.01503e-04   4.70009e-06  -3.98685e+00
 EXTERNAL ERROR MATRIX.    NDIM=  25    NPAR=  7    ERR DEF=1
  1.093e+06  1.638e-03 -5.562e-04 -5.161e-01  5.265e-02 -3.741e-02  2.315e-02 
  1.638e-03  1.616e-07  1.193e-09 -5.197e-07 -9.985e-08  3.579e-08  3.416e-09 
 -5.562e-04  1.193e-09  1.391e-06 -1.156e-06 -8.452e-07  4.162e-07 -4.960e-08 
 -5.161e-01 -5.197e-07 -1.156e-06  2.542e-02 -3.489e-03 -1.005e-04  4.566e-06 
  5.265e-02 -9.985e-08 -8.452e-07 -3.489e-03  7.067e-04 -6.018e-05  3.440e-06 
 -3.741e-02  3.579e-08  4.162e-07 -1.005e-04 -6.018e-05  2.542e-05 -1.754e-06 
  2.315e-02  3.416e-09 -4.960e-08  4.566e-06  3.440e-06 -1.754e-06  3.618e-07 
ERR MATRIX NOT POS-DEF
 PARAMETER  CORRELATION COEFFICIENTS  
       NO.  GLOBAL      1      3      4     18     19     20     22
        1  0.04565   1.000  0.004 -0.000 -0.003  0.002 -0.007  0.037
        3  0.06506   0.004  1.000  0.003 -0.008 -0.009  0.018  0.014
        4  0.09316  -0.000  0.003  1.000 -0.006 -0.027  0.070 -0.070
       18  0.99626  -0.003 -0.008 -0.006  1.000 -0.823 -0.125  0.048
       19  0.99698   0.002 -0.009 -0.027 -0.823  1.000 -0.449  0.215
       20  0.99228  -0.007  0.018  0.070 -0.125 -0.449  1.000 -0.579
       22  0.82743   0.037  0.014 -0.070  0.048  0.215 -0.579  1.000
 ERR MATRIX NOT POS-DEF
MINUIT - FIT ONLY 1-CBO + other amplitudes 
 **********
 **   16 **RES 
 **********
                   PARAMETER   14  ANy2 RESTORED TO VARIABLE.
                   PARAMETER    8  phi_CBO RESTORED TO VARIABLE.
                   PARAMETER    7  w_CBO RESTORED TO VARIABLE.
                   PARAMETER    6  A_CBO RESTORED TO VARIABLE.
 **********
 **   17 **FIX            0
 **********
 PARAMETER    0  IS UNDEFINED. IGNORED.
 **********
 **   18 **FIX            1
 **********
 **********
 **   19 **FIX            2
 **********
 PARAMETER    2  IS CONSTANT.   IGNORED.
 **********
 **   20 **FIX            3
 **********
 **********
 **   21 **FIX            4
 **********
 **********
 **   22 **FIX            9
 **********
 PARAMETER    9  IS CONSTANT.   IGNORED.
 **********
 **   23 **FIX           11
 **********
 PARAMETER   11  IS CONSTANT.   IGNORED.
 **********
 **   24 **FIX           12
 **********
 PARAMETER   12  IS CONSTANT.   IGNORED.
 **********
 **   25 **FIX           14
 **********
 **********
 **   26 **FIX           15
 **********
 PARAMETER   15  IS CONSTANT.   IGNORED.
 **********
 **   27 **FIX           16
 **********
 PARAMETER   16  IS CONSTANT.   IGNORED.
 **********
 **   28 **MIGRAD
 **********
 START MIGRAD MINIMIZATION.  STRATEGY  1.  CONVERGENCE WHEN EDM .LT. 1.00e-04
 FCN=803.325 FROM MIGRAD    STATUS=INITIATE       20 CALLS         244 TOTAL
                     EDM= unknown      STRATEGY= 1      NO ERROR MATRIX       
  EXT PARAMETER               CURRENT GUESS       STEP         FIRST   
  NO.   NAME      VALUE            ERROR          SIZE      DERIVATIVE 
   1  N0           3.49925e+06     fixed    
   2  tau          6.44119e+01   constant   
   3  A0           3.53540e-01     fixed    
   4  phi          4.12192e+00     fixed    
   5  R           -6.09180e+01   constant   
   6  A_CBO        2.53258e-03   1.00000e-05   1.00000e-05   1.85564e+04
   7  w_CBO        2.32705e+00   1.00000e-03   1.00000e-03   8.90691e+00
   8  phi_CBO      7.23069e-01   1.00000e-04   1.00000e-04  -1.25266e+00
   9  ANx2         2.22853e-04   constant   
  10  pNx2         5.08518e+00   constant   
  11  ANy1         0.00000e+00   constant   
  12  pNy1         0.00000e+00   constant   
  13  w_y          0.00000e+00   constant   
  14  ANy2         9.04789e-03     fixed    
  15  pNy2         3.29982e+00   constant   
  16  w_vw         1.43191e+01   constant   
  17  LM           2.21951e-04   constant   
  18  wCBO_expCoeff   2.00047e+02   1.59421e-01   1.94169e-04   1.23541e-01
  19  wCBO_expOffset   2.00007e+02   2.65833e-02   9.53708e-05   8.76739e-01
  20  wCBO_expT    2.99984e+01   5.04149e-03   1.43043e-05   2.12113e+00
  21  wCBO_linCoeff   0.00000e+00   constant   
  22  wCBO_const  -2.94455e-03   6.01503e-04   4.70009e-06  -3.98308e+00
 MIGRAD MINIMIZATION HAS CONVERGED.
 FCN=786.824 FROM MIGRAD    STATUS=CONVERGED     192 CALLS         416 TOTAL
                     EDM=9.42184e-06    STRATEGY= 1  ERROR MATRIX UNCERTAINTY   2.1 per cent
  EXT PARAMETER                                   STEP         FIRST   
  NO.   NAME      VALUE            ERROR          SIZE      DERIVATIVE 
   1  N0           3.49925e+06     fixed    
   2  tau          6.44119e+01   constant   
   3  A0           3.53540e-01     fixed    
   4  phi          4.12192e+00     fixed    
   5  R           -6.09180e+01   constant   
   6  A_CBO        7.98090e-04   4.38152e-04  -2.33054e-05   4.06768e+00
   7  w_CBO        2.32698e+00   7.22826e-04  -4.31676e-05  -4.96697e+00
   8  phi_CBO      1.32539e+00   8.73616e-01  -2.08999e-02  -5.86146e-03
   9  ANx2         2.22853e-04   constant   
  10  pNx2         5.08518e+00   constant   
  11  ANy1         0.00000e+00   constant   
  12  pNy1         0.00000e+00   constant   
  13  w_y          0.00000e+00   constant   
  14  ANy2         9.04789e-03     fixed    
  15  pNy2         3.29982e+00   constant   
  16  w_vw         1.43191e+01   constant   
  17  LM           2.21951e-04   constant   
  18  wCBO_expCoeff   2.00037e+02   7.84176e-02  -4.17073e-03  -7.32057e-02
  19  wCBO_expOffset   2.00005e+02   1.18657e-02  -6.32377e-04  -4.63369e-01
  20  wCBO_expT    3.00006e+01   1.13191e-02   7.36140e-04  -1.20191e+00
  21  wCBO_linCoeff   0.00000e+00   constant   
  22  wCBO_const  -2.75196e-03   1.25376e-03  -9.55115e-05   3.08662e+00
 EXTERNAL ERROR MATRIX.    NDIM=  25    NPAR=  7    ERR DEF=1
  1.920e-07  1.333e-08  5.883e-06  7.930e-07  1.216e-07 -2.880e-07  8.925e-08 
  1.333e-08  5.225e-07 -2.511e-05  5.440e-05  8.234e-06 -8.027e-06  4.149e-07 
  5.883e-06 -2.511e-05  7.632e-01 -7.313e-03 -1.106e-03  9.601e-04  5.342e-04 
  7.930e-07  5.440e-05 -7.313e-03  6.149e-03  9.018e-04 -8.673e-04  3.562e-05 
  1.216e-07  8.234e-06 -1.106e-03  9.018e-04  1.408e-04 -1.313e-04  5.405e-06 
 -2.880e-07 -8.027e-06  9.601e-04 -8.673e-04 -1.313e-04  1.281e-04 -6.698e-06 
  8.925e-08  4.149e-07  5.342e-04  3.562e-05  5.405e-06 -6.698e-06  1.572e-06 
 PARAMETER  CORRELATION COEFFICIENTS  
       NO.  GLOBAL      6      7      8     18     19     20     22
        6  0.21837   1.000  0.042  0.015  0.023  0.023 -0.058  0.162
        7  0.98512   0.042  1.000 -0.040  0.960  0.960 -0.981  0.458
        8  0.80540   0.015 -0.040  1.000 -0.107 -0.107  0.097  0.488
       18  0.98688   0.023  0.960 -0.107  1.000  0.969 -0.977  0.362
       19  0.98710   0.023  0.960 -0.107  0.969  1.000 -0.977  0.363
       20  0.99709  -0.058 -0.981  0.097 -0.977 -0.977  1.000 -0.472
       22  0.90852   0.162  0.458  0.488  0.362  0.363 -0.472  1.000
MINUIT - FIT ONLY 1-CBO
 **********
 **   29 **RES 
 **********
                   PARAMETER   14  ANy2 RESTORED TO VARIABLE.
                   PARAMETER    4  phi RESTORED TO VARIABLE.
                   PARAMETER    3  A0 RESTORED TO VARIABLE.
                   PARAMETER    1  N0 RESTORED TO VARIABLE.
 **********
 **   30 **FIX            0
 **********
 PARAMETER    0  IS UNDEFINED. IGNORED.
 **********
 **   31 **FIX            1
 **********
 **********
 **   32 **FIX            2
 **********
 PARAMETER    2  IS CONSTANT.   IGNORED.
 **********
 **   33 **FIX            3
 **********
 **********
 **   34 **FIX            4
 **********
 **********
 **   35 **FIX            8
 **********
 **********
 **   36 **FIX            9
 **********
 PARAMETER    9  IS CONSTANT.   IGNORED.
 **********
 **   37 **FIX           11
 **********
 PARAMETER   11  IS CONSTANT.   IGNORED.
 **********
 **   38 **FIX           12
 **********
 PARAMETER   12  IS CONSTANT.   IGNORED.
 **********
 **   39 **FIX           13
 **********
 PARAMETER   13  IS CONSTANT.   IGNORED.
 **********
 **   40 **FIX           15
 **********
 PARAMETER   15  IS CONSTANT.   IGNORED.
 **********
 **   41 **FIX           16
 **********
 PARAMETER   16  IS CONSTANT.   IGNORED.
 **********
 **   42 **MIGRAD
 **********
 START MIGRAD MINIMIZATION.  STRATEGY  1.  CONVERGENCE WHEN EDM .LT. 1.00e-04
 FCN=786.824 FROM MIGRAD    STATUS=INITIATE       16 CALLS         432 TOTAL
                     EDM= unknown      STRATEGY= 1      NO ERROR MATRIX       
  EXT PARAMETER               CURRENT GUESS       STEP         FIRST   
  NO.   NAME      VALUE            ERROR          SIZE      DERIVATIVE 
   1  N0           3.49925e+06     fixed    
   2  tau          6.44119e+01   constant   
   3  A0           3.53540e-01     fixed    
   4  phi          4.12192e+00     fixed    
   5  R           -6.09180e+01   constant   
   6  A_CBO        7.98090e-04   4.38152e-04  -2.33054e-05   4.06768e+00
   7  w_CBO        2.32698e+00   7.22826e-04  -4.31676e-05  -4.96596e+00
   8  phi_CBO      1.32539e+00     fixed    
   9  ANx2         2.22853e-04   constant   
  10  pNx2         5.08518e+00   constant   
  11  ANy1         0.00000e+00   constant   
  12  pNy1         0.00000e+00   constant   
  13  w_y          0.00000e+00   constant   
  14  ANy2         9.04789e-03   1.00000e-04   1.00000e-04   9.95459e+04
  15  pNy2         3.29982e+00   constant   
  16  w_vw         1.43191e+01   constant   
  17  LM           2.21951e-04   constant   
  18  wCBO_expCoeff   2.00037e+02   7.84176e-02  -4.17073e-03  -7.31935e-02
  19  wCBO_expOffset   2.00005e+02   1.18657e-02  -6.32377e-04  -4.63369e-01
  20  wCBO_expT    3.00006e+01   1.13191e-02   7.36140e-04  -1.20191e+00
  21  wCBO_linCoeff   0.00000e+00   constant   
  22  wCBO_const  -2.75196e-03   1.25376e-03  -9.55115e-05   3.08661e+00
 MIGRAD MINIMIZATION HAS CONVERGED.
 MIGRAD WILL VERIFY CONVERGENCE AND ERROR MATRIX.
 FCN=339.183 FROM MIGRAD    STATUS=CONVERGED     372 CALLS         788 TOTAL
                     EDM=2.16678e-07    STRATEGY= 1      ERR MATRIX NOT POS-DEF
  EXT PARAMETER                APPROXIMATE        STEP         FIRST   
  NO.   NAME      VALUE            ERROR          SIZE      DERIVATIVE 
   1  N0           3.49925e+06     fixed    
   2  tau          6.44119e+01   constant   
   3  A0           3.53540e-01     fixed    
   4  phi          4.12192e+00     fixed    
   5  R           -6.09180e+01   constant   
   6  A_CBO        2.42556e-04   4.66244e-04   3.88927e-06   1.21979e+00
   7  w_CBO        2.32945e+00   3.06749e-03   2.30833e-06   2.73010e-01
   8  phi_CBO      1.32539e+00     fixed    
   9  ANx2         2.22853e-04   constant   
  10  pNx2         5.08518e+00   constant   
  11  ANy1         0.00000e+00   constant   
  12  pNy1         0.00000e+00   constant   
  13  w_y          0.00000e+00   constant   
  14  ANy2         2.84213e-05   4.23750e-04   3.81654e-06  -4.64752e-01
  15  pNy2         3.29982e+00   constant   
  16  w_vw         1.43191e+01   constant   
  17  LM           2.21951e-04   constant   
  18  wCBO_expCoeff   2.00317e+02   2.92522e-01   2.26525e-04   4.35138e-03
  19  wCBO_expOffset   2.00047e+02   4.57974e-02   9.53900e-05   2.91074e-02
  20  wCBO_expT    2.99672e+01   1.14320e-02   1.42895e-05   8.59221e-02
  21  wCBO_linCoeff   0.00000e+00   constant   
  22  wCBO_const  -3.40819e-03   1.82720e-03   6.49338e-06  -2.36959e-01
 EXTERNAL ERROR MATRIX.    NDIM=  25    NPAR=  7    ERR DEF=1
  2.174e-07 -2.750e-08 -1.289e-08 -4.888e-06 -1.036e-06  4.362e-07  1.980e-07 
 -2.750e-08  9.410e-06 -2.814e-09 -2.900e-04 -5.281e-05 -8.134e-06 -3.581e-06 
 -1.289e-08 -2.814e-09  1.796e-07 -2.689e-07 -1.834e-08  4.961e-08 -4.629e-09 
 -4.888e-06 -2.900e-04 -2.689e-07  8.557e-02 -6.286e-03 -8.936e-04  1.601e-04 
 -1.036e-06 -5.281e-05 -1.834e-08 -6.286e-03  2.097e-03 -1.535e-04  2.869e-05 
  4.362e-07 -8.134e-06  4.961e-08 -8.936e-04 -1.535e-04  1.307e-04 -4.324e-06 
  1.980e-07 -3.581e-06 -4.629e-09  1.601e-04  2.869e-05 -4.324e-06  3.339e-06 
ERR MATRIX NOT POS-DEF
 PARAMETER  CORRELATION COEFFICIENTS  
       NO.  GLOBAL      6      7     14     18     19     20     22
        6  0.38342   1.000 -0.019 -0.065 -0.036 -0.049  0.082  0.232
        7  0.99652  -0.019  1.000 -0.002 -0.323 -0.376 -0.232 -0.639
       14  0.07570  -0.065 -0.002  1.000 -0.002 -0.001  0.010 -0.006
       18  0.99632  -0.036 -0.323 -0.002  1.000 -0.469 -0.267  0.300
       19  0.99664  -0.049 -0.376 -0.001 -0.469  1.000 -0.293  0.343
       20  0.99492   0.082 -0.232  0.010 -0.267 -0.293  1.000 -0.207
       22  0.91940   0.232 -0.639 -0.006  0.300  0.343 -0.207  1.000
 ERR MATRIX NOT POS-DEF
MINUIT - FIT ONLY 2-CBO
 **********
 **   43 **RES 
 **********
                   PARAMETER    8  phi_CBO RESTORED TO VARIABLE.
                   PARAMETER    4  phi RESTORED TO VARIABLE.
                   PARAMETER    3  A0 RESTORED TO VARIABLE.
                   PARAMETER    1  N0 RESTORED TO VARIABLE.
 **********
 **   44 **FIX            0
 **********
 PARAMETER    0  IS UNDEFINED. IGNORED.
 **********
 **   45 **FIX            1
 **********
 **********
 **   46 **FIX            2
 **********
 PARAMETER    2  IS CONSTANT.   IGNORED.
 **********
 **   47 **FIX            3
 **********
 **********
 **   48 **FIX            4
 **********
 **********
 **   49 **FIX            5
 **********
 PARAMETER    5  IS CONSTANT.   IGNORED.
 **********
 **   50 **FIX            6
 **********
 **********
 **   51 **FIX            7
 **********
 **********
 **   52 **FIX           10
 **********
 PARAMETER   10  IS CONSTANT.   IGNORED.
 **********
 **   53 **FIX           11
 **********
 PARAMETER   11  IS CONSTANT.   IGNORED.
 **********
 **   54 **FIX           12
 **********
 PARAMETER   12  IS CONSTANT.   IGNORED.
 **********
 **   55 **FIX           13
 **********
 PARAMETER   13  IS CONSTANT.   IGNORED.
 **********
 **   56 **FIX           14
 **********
 **********
 **   57 **FIX           15
 **********
 PARAMETER   15  IS CONSTANT.   IGNORED.
 **********
 **   58 **FIX           16
 **********
 PARAMETER   16  IS CONSTANT.   IGNORED.
 **********
 **   59 **MIGRAD
 **********
 START MIGRAD MINIMIZATION.  STRATEGY  1.  CONVERGENCE WHEN EDM .LT. 1.00e-04
 FCN=339.183 FROM MIGRAD    STATUS=INITIATE       12 CALLS         800 TOTAL
                     EDM= unknown      STRATEGY= 1      NO ERROR MATRIX       
  EXT PARAMETER               CURRENT GUESS       STEP         FIRST   
  NO.   NAME      VALUE            ERROR          SIZE      DERIVATIVE 
   1  N0           3.49925e+06     fixed    
   2  tau          6.44119e+01   constant   
   3  A0           3.53540e-01     fixed    
   4  phi          4.12192e+00     fixed    
   5  R           -6.09180e+01   constant   
   6  A_CBO        2.42556e-04     fixed    
   7  w_CBO        2.32945e+00     fixed    
   8  phi_CBO      1.32539e+00   8.73616e-01   8.73616e-01   4.61760e-01
   9  ANx2         2.22853e-04   constant   
  10  pNx2         5.08518e+00   constant   
  11  ANy1         0.00000e+00   constant   
  12  pNy1         0.00000e+00   constant   
  13  w_y          0.00000e+00   constant   
  14  ANy2         2.84213e-05     fixed    
  15  pNy2         3.29982e+00   constant   
  16  w_vw         1.43191e+01   constant   
  17  LM           2.21951e-04   constant   
  18  wCBO_expCoeff   2.00317e+02   2.92522e-01   2.26525e-04   4.43555e-03
  19  wCBO_expOffset   2.00047e+02   4.57974e-02   9.53900e-05   3.37492e-02
  20  wCBO_expT    2.99672e+01   1.14320e-02   1.42895e-05   8.77981e-02
  21  wCBO_linCoeff   0.00000e+00   constant   
  22  wCBO_const  -3.40819e-03   1.82720e-03   6.49338e-06  -2.43186e-01
 MIGRAD MINIMIZATION HAS CONVERGED.
 FCN=339.006 FROM MIGRAD    STATUS=CONVERGED      98 CALLS         886 TOTAL
                     EDM=3.03945e-09    STRATEGY= 1  ERROR MATRIX UNCERTAINTY   1.9 per cent
  EXT PARAMETER                                   STEP         FIRST   
  NO.   NAME      VALUE            ERROR          SIZE      DERIVATIVE 
   1  N0           3.49925e+06     fixed    
   2  tau          6.44119e+01   constant   
   3  A0           3.53540e-01     fixed    
   4  phi          4.12192e+00     fixed    
   5  R           -6.09180e+01   constant   
   6  A_CBO        2.42556e-04     fixed    
   7  w_CBO        2.32945e+00     fixed    
   8  phi_CBO      5.75584e-01   1.78114e+00   4.48359e-03   1.04084e-05
   9  ANx2         2.22853e-04   constant   
  10  pNx2         5.08518e+00   constant   
  11  ANy1         0.00000e+00   constant   
  12  pNy1         0.00000e+00   constant   
  13  w_y          0.00000e+00   constant   
  14  ANy2         2.84213e-05     fixed    
  15  pNy2         3.29982e+00   constant   
  16  w_vw         1.43191e+01   constant   
  17  LM           2.21951e-04   constant   
  18  wCBO_expCoeff   2.00331e+02   1.91743e-01   2.81749e-05   6.46437e-05
  19  wCBO_expOffset   2.00049e+02   2.84626e-02   4.12569e-06   3.08477e-03
  20  wCBO_expT    2.99661e+01   1.86633e-02  -7.00331e-06   1.20272e-02
  21  wCBO_linCoeff   0.00000e+00   constant   
  22  wCBO_const  -3.55244e-03   1.57728e-03   4.00146e-06   3.26258e-02
 EXTERNAL ERROR MATRIX.    NDIM=  25    NPAR=  5    ERR DEF=1
  3.172e+00 -6.671e-02 -9.917e-03  5.577e-03  6.139e-04 
 -6.671e-02  3.677e-02  5.363e-03 -3.542e-03  1.736e-04 
 -9.917e-03  5.363e-03  8.101e-04 -5.257e-04  2.574e-05 
  5.577e-03 -3.542e-03 -5.257e-04  3.483e-04 -1.899e-05 
  6.139e-04  1.736e-04  2.574e-05 -1.899e-05  2.488e-06 
 PARAMETER  CORRELATION COEFFICIENTS  
       NO.  GLOBAL      8     18     19     20     22
        8  0.47082   1.000 -0.195 -0.196  0.168  0.219
       18  0.99421  -0.195  1.000  0.983 -0.990  0.574
       19  0.99413  -0.196  0.983  1.000 -0.990  0.573
       20  0.99809   0.168 -0.990 -0.990  1.000 -0.645
       22  0.89837   0.219  0.574  0.573 -0.645  1.000
MINUIT - FIT ONLY 1-y
 **********
 **   60 **RES 
 **********
                   PARAMETER   14  ANy2 RESTORED TO VARIABLE.
                   PARAMETER    7  w_CBO RESTORED TO VARIABLE.
                   PARAMETER    6  A_CBO RESTORED TO VARIABLE.
                   PARAMETER    4  phi RESTORED TO VARIABLE.
                   PARAMETER    3  A0 RESTORED TO VARIABLE.
                   PARAMETER    1  N0 RESTORED TO VARIABLE.
 **********
 **   61 **FIX            0
 **********
 PARAMETER    0  IS UNDEFINED. IGNORED.
 **********
 **   62 **FIX            1
 **********
 **********
 **   63 **FIX            2
 **********
 PARAMETER    2  IS CONSTANT.   IGNORED.
 **********
 **   64 **FIX            3
 **********
 **********
 **   65 **FIX            4
 **********
 **********
 **   66 **FIX            5
 **********
 PARAMETER    5  IS CONSTANT.   IGNORED.
 **********
 **   67 **FIX            6
 **********
 **********
 **   68 **FIX            7
 **********
 **********
 **   69 **FIX            8
 **********
 **********
 **   70 **FIX            9
 **********
 PARAMETER    9  IS CONSTANT.   IGNORED.
 **********
 **   71 **FIX           13
 **********
 PARAMETER   13  IS CONSTANT.   IGNORED.
 **********
 **   72 **FIX           14
 **********
 **********
 **   73 **FIX           15
 **********
 PARAMETER   15  IS CONSTANT.   IGNORED.
 **********
 **   74 **FIX           16
 **********
 PARAMETER   16  IS CONSTANT.   IGNORED.
 **********
 **   75 **MIGRAD
 **********
 START MIGRAD MINIMIZATION.  STRATEGY  1.  CONVERGENCE WHEN EDM .LT. 1.00e-04
 FCN=339.006 FROM MIGRAD    STATUS=INITIATE        8 CALLS         894 TOTAL
                     EDM= unknown      STRATEGY= 1      NO ERROR MATRIX       
  EXT PARAMETER               CURRENT GUESS       STEP         FIRST   
  NO.   NAME      VALUE            ERROR          SIZE      DERIVATIVE 
   1  N0           3.49925e+06     fixed    
   2  tau          6.44119e+01   constant   
   3  A0           3.53540e-01     fixed    
   4  phi          4.12192e+00     fixed    
   5  R           -6.09180e+01   constant   
   6  A_CBO        2.42556e-04     fixed    
   7  w_CBO        2.32945e+00     fixed    
   8  phi_CBO      5.75584e-01     fixed    
   9  ANx2         2.22853e-04   constant   
  10  pNx2         5.08518e+00   constant   
  11  ANy1         0.00000e+00   constant   
  12  pNy1         0.00000e+00   constant   
  13  w_y          0.00000e+00   constant   
  14  ANy2         2.84213e-05     fixed    
  15  pNy2         3.29982e+00   constant   
  16  w_vw         1.43191e+01   constant   
  17  LM           2.21951e-04   constant   
  18  wCBO_expCoeff   2.00331e+02   1.91743e-01   2.81749e-05   6.46342e-05
  19  wCBO_expOffset   2.00049e+02   2.84626e-02   4.12569e-06   3.08477e-03
  20  wCBO_expT    2.99661e+01   1.86633e-02  -7.00331e-06   1.20272e-02
  21  wCBO_linCoeff   0.00000e+00   constant   
  22  wCBO_const  -3.55244e-03   1.57728e-03   4.00146e-06   3.26258e-02
 MIGRAD MINIMIZATION HAS CONVERGED.
 MIGRAD WILL VERIFY CONVERGENCE AND ERROR MATRIX.
 FCN=339.006 FROM MIGRAD    STATUS=CONVERGED      47 CALLS         933 TOTAL
                     EDM=4.37325e-09    STRATEGY= 1      ERR MATRIX NOT POS-DEF
  EXT PARAMETER                APPROXIMATE        STEP         FIRST   
  NO.   NAME      VALUE            ERROR          SIZE      DERIVATIVE 
   1  N0           3.49925e+06     fixed    
   2  tau          6.44119e+01   constant   
   3  A0           3.53540e-01     fixed    
   4  phi          4.12192e+00     fixed    
   5  R           -6.09180e+01   constant   
   6  A_CBO        2.42556e-04     fixed    
   7  w_CBO        2.32945e+00     fixed    
   8  phi_CBO      5.75584e-01     fixed    
   9  ANx2         2.22853e-04   constant   
  10  pNx2         5.08518e+00   constant   
  11  ANy1         0.00000e+00   constant   
  12  pNy1         0.00000e+00   constant   
  13  w_y          0.00000e+00   constant   
  14  ANy2         2.84213e-05     fixed    
  15  pNy2         3.29982e+00   constant   
  16  w_vw         1.43191e+01   constant   
  17  LM           2.21951e-04   constant   
  18  wCBO_expCoeff   2.00331e+02   3.14765e-01   2.26270e-04  -5.78388e-04
  19  wCBO_expOffset   2.00049e+02   4.77707e-02   9.53910e-05  -3.83662e-03
  20  wCBO_expT    2.99661e+01   1.19479e-02   1.42889e-05  -3.50946e-03
  21  wCBO_linCoeff   0.00000e+00   constant   
  22  wCBO_const  -3.55244e-03   1.30012e-03   6.24667e-06   1.21361e-02
 EXTERNAL ERROR MATRIX.    NDIM=  25    NPAR=  4    ERR DEF=1
  9.908e-02 -1.063e-02 -1.361e-03  6.811e-05 
 -1.063e-02  2.282e-03 -2.247e-04  1.111e-05 
 -1.361e-03 -2.247e-04  1.428e-04 -8.703e-06 
  6.811e-05  1.111e-05 -8.703e-06  1.690e-06 
ERR MATRIX NOT POS-DEF
 PARAMETER  CORRELATION COEFFICIENTS  
       NO.  GLOBAL     18     19     20     22
       18  0.99682   1.000 -0.707 -0.362  0.166
       19  0.99691  -0.707  1.000 -0.394  0.179
       20  0.99539  -0.362 -0.394  1.000 -0.560
       22  0.84643   0.166  0.179 -0.560  1.000
 ERR MATRIX NOT POS-DEF
MINUIT - FIT ONLY 2-y
 **********
 **   76 **RES 
 **********
                   PARAMETER   14  ANy2 RESTORED TO VARIABLE.
                   PARAMETER    8  phi_CBO RESTORED TO VARIABLE.
                   PARAMETER    7  w_CBO RESTORED TO VARIABLE.
                   PARAMETER    6  A_CBO RESTORED TO VARIABLE.
                   PARAMETER    4  phi RESTORED TO VARIABLE.
                   PARAMETER    3  A0 RESTORED TO VARIABLE.
                   PARAMETER    1  N0 RESTORED TO VARIABLE.
 **********
 **   77 **FIX            0
 **********
 PARAMETER    0  IS UNDEFINED. IGNORED.
 **********
 **   78 **FIX            1
 **********
 **********
 **   79 **FIX            2
 **********
 PARAMETER    2  IS CONSTANT.   IGNORED.
 **********
 **   80 **FIX            3
 **********
 **********
 **   81 **FIX            4
 **********
 **********
 **   82 **FIX            5
 **********
 PARAMETER    5  IS CONSTANT.   IGNORED.
 **********
 **   83 **FIX            6
 **********
 **********
 **   84 **FIX            7
 **********
 **********
 **   85 **FIX            8
 **********
 **********
 **   86 **FIX            9
 **********
 PARAMETER    9  IS CONSTANT.   IGNORED.
 **********
 **   87 **FIX           10
 **********
 PARAMETER   10  IS CONSTANT.   IGNORED.
 **********
 **   88 **FIX           11
 **********
 PARAMETER   11  IS CONSTANT.   IGNORED.
 **********
 **   89 **FIX           12
 **********
 PARAMETER   12  IS CONSTANT.   IGNORED.
 **********
 **   90 **FIX           16
 **********
 PARAMETER   16  IS CONSTANT.   IGNORED.
 **********
 **   91 **MIGRAD
 **********
 START MIGRAD MINIMIZATION.  STRATEGY  1.  CONVERGENCE WHEN EDM .LT. 1.00e-04
 FCN=339.006 FROM MIGRAD    STATUS=INITIATE       10 CALLS         943 TOTAL
                     EDM= unknown      STRATEGY= 1      NO ERROR MATRIX       
  EXT PARAMETER               CURRENT GUESS       STEP         FIRST   
  NO.   NAME      VALUE            ERROR          SIZE      DERIVATIVE 
   1  N0           3.49925e+06     fixed    
   2  tau          6.44119e+01   constant   
   3  A0           3.53540e-01     fixed    
   4  phi          4.12192e+00     fixed    
   5  R           -6.09180e+01   constant   
   6  A_CBO        2.42556e-04     fixed    
   7  w_CBO        2.32945e+00     fixed    
   8  phi_CBO      5.75584e-01     fixed    
   9  ANx2         2.22853e-04   constant   
  10  pNx2         5.08518e+00   constant   
  11  ANy1         0.00000e+00   constant   
  12  pNy1         0.00000e+00   constant   
  13  w_y          0.00000e+00   constant   
  14  ANy2         2.84213e-05   4.23750e-04   4.23750e-04  -7.59698e+01
  15  pNy2         3.29982e+00   constant   
  16  w_vw         1.43191e+01   constant   
  17  LM           2.21951e-04   constant   
  18  wCBO_expCoeff   2.00331e+02   3.14765e-01   2.26270e-04  -5.68330e-04
  19  wCBO_expOffset   2.00049e+02   4.77707e-02   9.53910e-05  -8.34622e-04
  20  wCBO_expT    2.99661e+01   1.19479e-02   1.42889e-05  -1.04764e-03
  21  wCBO_linCoeff   0.00000e+00   constant   
  22  wCBO_const  -3.55244e-03   1.30012e-03   6.24667e-06   1.16002e-02
 MIGRAD MINIMIZATION HAS CONVERGED.
 MIGRAD WILL VERIFY CONVERGENCE AND ERROR MATRIX.
 FCN=339.006 FROM MIGRAD    STATUS=CONVERGED      52 CALLS         985 TOTAL
                     EDM=7.63243e-07    STRATEGY= 1      ERR MATRIX NOT POS-DEF
  EXT PARAMETER                APPROXIMATE        STEP         FIRST   
  NO.   NAME      VALUE            ERROR          SIZE      DERIVATIVE 
   1  N0           3.49925e+06     fixed    
   2  tau          6.44119e+01   constant   
   3  A0           3.53540e-01     fixed    
   4  phi          4.12192e+00     fixed    
   5  R           -6.09180e+01   constant   
   6  A_CBO        2.42556e-04     fixed    
   7  w_CBO        2.32945e+00     fixed    
   8  phi_CBO      5.75584e-01     fixed    
   9  ANx2         2.22853e-04   constant   
  10  pNx2         5.08518e+00   constant   
  11  ANy1         0.00000e+00   constant   
  12  pNy1         0.00000e+00   constant   
  13  w_y          0.00000e+00   constant   
  14  ANy2         3.52432e-05   4.23199e-04   3.81559e-06  -1.02761e-03
  15  pNy2         3.29982e+00   constant   
  16  w_vw         1.43191e+01   constant   
  17  LM           2.21951e-04   constant   
  18  wCBO_expCoeff   2.00331e+02   3.14625e-01   2.26269e-04  -4.83762e-02
  19  wCBO_expOffset   2.00049e+02   4.77670e-02   9.53910e-05  -3.22658e-01
  20  wCBO_expT    2.99661e+01   1.19469e-02   1.42889e-05  -1.07201e+00
  21  wCBO_linCoeff   0.00000e+00   constant   
  22  wCBO_const  -3.55245e-03   1.30012e-03   6.24666e-06  -1.52034e+00
 EXTERNAL ERROR MATRIX.    NDIM=  25    NPAR=  5    ERR DEF=1
  1.791e-07 -1.747e-07 -2.980e-08  3.418e-08  1.082e-09 
 -1.747e-07  9.899e-02 -1.062e-02 -1.359e-03  6.796e-05 
 -2.980e-08 -1.062e-02  2.282e-03 -2.250e-04  1.111e-05 
  3.418e-08 -1.359e-03 -2.250e-04  1.427e-04 -8.698e-06 
  1.082e-09  6.796e-05  1.111e-05 -8.698e-06  1.690e-06 
ERR MATRIX NOT POS-DEF
 PARAMETER  CORRELATION COEFFICIENTS  
       NO.  GLOBAL     14     18     19     20     22
       14  0.03881   1.000 -0.001 -0.001  0.007  0.002
       18  0.99682  -0.001  1.000 -0.707 -0.362  0.166
       19  0.99691  -0.001 -0.707  1.000 -0.394  0.179
       20  0.99539   0.007 -0.362 -0.394  1.000 -0.560
       22  0.84634   0.002  0.166  0.179 -0.560  1.000
 ERR MATRIX NOT POS-DEF
MINUIT - FIT ALTOGETHER
 **********
 **   92 **RES 
 **********
                   PARAMETER    8  phi_CBO RESTORED TO VARIABLE.
                   PARAMETER    7  w_CBO RESTORED TO VARIABLE.
                   PARAMETER    6  A_CBO RESTORED TO VARIABLE.
                   PARAMETER    4  phi RESTORED TO VARIABLE.
                   PARAMETER    3  A0 RESTORED TO VARIABLE.
                   PARAMETER    1  N0 RESTORED TO VARIABLE.
 **********
 **   93 **MIGRAD
 **********
 START MIGRAD MINIMIZATION.  STRATEGY  1.  CONVERGENCE WHEN EDM .LT. 1.00e-04
 FCN=339.006 FROM MIGRAD    STATUS=INITIATE       22 CALLS        1007 TOTAL
                     EDM= unknown      STRATEGY= 1      NO ERROR MATRIX       
  EXT PARAMETER               CURRENT GUESS       STEP         FIRST   
  NO.   NAME      VALUE            ERROR          SIZE      DERIVATIVE 
   1  N0           3.49925e+06   1.04534e+03   1.04534e+03  -1.59294e-04
   2  tau          6.44119e+01   constant   
   3  A0           3.53540e-01   4.02023e-04   4.02023e-04  -1.24808e+03
   4  phi          4.12192e+00   1.17938e-03   1.17938e-03   3.95934e+02
   5  R           -6.09180e+01   constant   
   6  A_CBO        2.42556e-04   4.66244e-04   4.66244e-04  -5.15231e+02
   7  w_CBO        2.32945e+00   3.06749e-03   3.06749e-03  -4.80523e+00
   8  phi_CBO      5.75584e-01   1.78114e+00   1.78114e+00   1.28303e-03
   9  ANx2         2.22853e-04   constant   
  10  pNx2         5.08518e+00   constant   
  11  ANy1         0.00000e+00   constant   
  12  pNy1         0.00000e+00   constant   
  13  w_y          0.00000e+00   constant   
  14  ANy2         3.52432e-05   4.23199e-04   3.81559e-06  -1.02823e-03
  15  pNy2         3.29982e+00   constant   
  16  w_vw         1.43191e+01   constant   
  17  LM           2.21951e-04   constant   
  18  wCBO_expCoeff   2.00331e+02   3.14625e-01   2.26269e-04  -4.83214e-02
  19  wCBO_expOffset   2.00049e+02   4.77670e-02   9.53910e-05  -3.20359e-01
  20  wCBO_expT    2.99661e+01   1.19469e-02   1.42889e-05  -1.07013e+00
  21  wCBO_linCoeff   0.00000e+00   constant   
  22  wCBO_const  -3.55245e-03   1.30012e-03   6.24666e-06  -1.52087e+00
 MIGRAD MINIMIZATION HAS CONVERGED.
 MIGRAD WILL VERIFY CONVERGENCE AND ERROR MATRIX.
 FCN=338.871 FROM MIGRAD    STATUS=CONVERGED     242 CALLS        1227 TOTAL
                     EDM=1.34637e-05    STRATEGY= 1      ERR MATRIX NOT POS-DEF
  EXT PARAMETER                APPROXIMATE        STEP         FIRST   
  NO.   NAME      VALUE            ERROR          SIZE      DERIVATIVE 
   1  N0           3.49935e+06   1.05221e+03   9.29074e+00  -9.16021e-08
   2  tau          6.44119e+01   constant   
