 + ++++++++++++++++++++++++++++++++++++++++++++++++++++++++++++++++++++ +
 +                                                                      +
 +           You have chose to blind your fitting according to          +
 +                omega_ref * (1 + (R +/- deltaR) *10^{-6})             +
 +                                                                      +
 + ++++++++++++++++++++++++++++++++++++++++++++++++++++++++++++++++++++ +
In main()...
reading format from /gm2data/zkhechad/run45/envelope/formats/formatB_sBin_constraintOn.txt
pBinTau 	= 0  
pBinPhi 	= 0  
constraintau 	= 1 
includeMopTerm 	= 0    
constrainMop    = 0   
Parameters after format file: pBinTau 0 pBinPhi 0 constraintau 1 includeMopTerm 0 constrainMop 0 c_e_scale 0.000000 
reading cbo reference file (full fit) from /gm2data/zkhechad/cboTemplates/Run4CBOTemplates/fullFits/run4/sBin_constraintOn_cE0.0_seed0_run4_calo19.root
A_CBO 0.009558 w_CBO 2.327254 phi_CBO 0.902980 N0 3088607.252134 R -60.257448 tau 64.400175 
Reading cboRef file /gm2data/zkhechad/cboTemplates/Run4CBOTemplates//cboIsolate/run4_calo19.root
deltaT 164.120000
windowBins = 1100
fitting sliding window 1420 from bin 1623 at 242.151600 to bin 2723 at 406.271600 (1100 bins)

Reading data from /gm2data/cornell/histograms/aMethod/histogram_a_run4.root
fitting cbo isolate
 **********
 **    1 **SET PRINTOUT            1
 **********
 **********
 **    2 **SET NOWARNINGS 
 **********
 PARAMETER DEFINITIONS:
    NO.   NAME         VALUE      STEP SIZE      LIMITS
     1 A_CBO        9.55751e-03  1.00000e-05     no limits
     2 w_CBO        2.32725e+00  1.00000e-02    2.00000e+00  3.00000e+00
     3 phi_CBO      9.02980e-01  1.00000e-02    0.00000e+00  6.28319e+00
 **********
 **    3 **MIGRAD
 **********
 FIRST CALL TO USER FUNCTION AT NEW START POINT, WITH IFLAG=4.
 START MIGRAD MINIMIZATION.  STRATEGY  1.  CONVERGENCE WHEN EDM .LT. 1.00e-04
 FCN=0.0432073 FROM MIGRAD    STATUS=INITIATE       12 CALLS          13 TOTAL
                     EDM= unknown      STRATEGY= 1      NO ERROR MATRIX       
  EXT PARAMETER               CURRENT GUESS       STEP         FIRST   
  NO.   NAME      VALUE            ERROR          SIZE      DERIVATIVE 
   1  A_CBO        9.55751e-03   1.00000e-05   1.00000e-05   5.82170e+00
   2  w_CBO        2.32725e+00   1.00000e-02   2.13147e-02   4.92765e-01
   3  phi_CBO      9.02980e-01   1.00000e-02   4.53699e-03  -6.71565e-03
 MIGRAD MINIMIZATION HAS CONVERGED.
 MIGRAD WILL VERIFY CONVERGENCE AND ERROR MATRIX.
 COVARIANCE MATRIX CALCULATED SUCCESSFULLY
 FCN=0.027739 FROM MIGRAD    STATUS=CONVERGED      47 CALLS          48 TOTAL
                     EDM=2.12437e-05    STRATEGY= 1      ERROR MATRIX ACCURATE 
  EXT PARAMETER                                   STEP         FIRST   
  NO.   NAME      VALUE            ERROR          SIZE      DERIVATIVE 
   1  A_CBO        4.24573e-03   4.27336e-02   2.11046e-05  -3.00405e-02
   2  w_CBO        2.32713e+00   2.05211e-01   3.27599e-05   5.01681e-03
   3  phi_CBO      9.36911e-01   4.36904e+00   2.14596e-03   1.32604e-04
 EXTERNAL ERROR MATRIX.    NDIM=  25    NPAR=  3    ERR DEF=1
  1.826e-03 -5.862e-04 -1.902e-01 
 -5.862e-04  4.511e-02  1.437e+01 
 -1.902e-01  1.437e+01  4.677e+03 
 PARAMETER  CORRELATION COEFFICIENTS  
       NO.  GLOBAL      1      2      3
        1  0.06510   1.000 -0.065 -0.065
        2  0.98924  -0.065  1.000  0.989
        3  0.98924  -0.065  0.989  1.000
setting A_CBO=0.004246 w_CBO=2.327128, phi_CBO=0.936911
done fitting cbo isolate
 **********
 **    1 **SET PRINTOUT            1
 **********
 **********
 **    2 **SET NOWARNINGS 
 **********
 PARAMETER DEFINITIONS:
    NO.   NAME         VALUE      STEP SIZE      LIMITS
     1 N0           3.08861e+06  1.00000e+02     no limits
     2 tau          6.44002e+01  constant
     3 A0           3.48093e-01  1.00000e-04     no limits
     4 phi          4.13197e+00  1.00000e-02     no limits
     5 R           -6.02574e+01  constant
     6 A_CBO        4.24573e-03  1.00000e-05     no limits
     7 w_CBO        2.32713e+00  1.00000e-03     no limits
     8 phi_CBO      9.36911e-01  1.00000e-04     no limits
     9 ANx2         2.45054e-04  constant
    10 pNx2         5.52114e+00  constant
    11 ANy1         0.00000e+00  constant
    12 pNy1         0.00000e+00  constant
    13 w_y          0.00000e+00  constant
    14 ANy2         1.46670e-02  1.00000e-04     no limits
    15 pNy2         3.05066e+00  constant
    16 w_vw         1.43134e+01  constant
    17 LM          -3.45580e-05  constant
    18 wCBO_expCoeff   2.00000e+02  1.00000e+00     no limits
    19 wCBO_expOffset   2.00000e+02  1.00000e+00     no limits
    20 wCBO_expT    3.00000e+01  1.00000e+00     no limits
    21 wCBO_linCoeff   0.00000e+00  constant
    22 wCBO_const   0.00000e+00  1.00000e-02     no limits
MINUIT - FIT ONLY WIGGLE
 **********
 **    3 **FIX            5
 **********
 PARAMETER    5  IS CONSTANT.   IGNORED.
 **********
 **    4 **FIX            6
 **********
 **********
 **    5 **FIX            7
 **********
 **********
 **    6 **FIX            8
 **********
 **********
 **    7 **FIX            9
 **********
 PARAMETER    9  IS CONSTANT.   IGNORED.
 **********
 **    8 **FIX           10
 **********
 PARAMETER   10  IS CONSTANT.   IGNORED.
 **********
 **    9 **FIX           11
 **********
 PARAMETER   11  IS CONSTANT.   IGNORED.
 **********
 **   10 **FIX           12
 **********
 PARAMETER   12  IS CONSTANT.   IGNORED.
 **********
 **   11 **FIX           13
 **********
 PARAMETER   13  IS CONSTANT.   IGNORED.
 **********
 **   12 **FIX           14
 **********
 **********
 **   13 **FIX           15
 **********
 PARAMETER   15  IS CONSTANT.   IGNORED.
 **********
 **   14 **FIX           16
 **********
 PARAMETER   16  IS CONSTANT.   IGNORED.
 **********
 **   15 **MIGRAD
 **********
 FIRST CALL TO USER FUNCTION AT NEW START POINT, WITH IFLAG=4.
 START MIGRAD MINIMIZATION.  STRATEGY  1.  CONVERGENCE WHEN EDM .LT. 1.00e-04
 FCN=2821.22 FROM MIGRAD    STATUS=INITIATE       59 CALLS          60 TOTAL
                     EDM= unknown      STRATEGY= 1      NO ERROR MATRIX       
  EXT PARAMETER               CURRENT GUESS       STEP         FIRST   
  NO.   NAME      VALUE            ERROR          SIZE      DERIVATIVE 
   1  N0           3.08861e+06   1.00000e+02   0.00000e+00   3.67532e-03
   2  tau          6.44002e+01   constant   
   3  A0           3.48093e-01   1.00000e-04   0.00000e+00  -1.27142e+03
   4  phi          4.13197e+00   1.00000e-02   0.00000e+00   2.90986e+03
   5  R           -6.02574e+01   constant   
   6  A_CBO        4.24573e-03     fixed    
   7  w_CBO        2.32713e+00     fixed    
   8  phi_CBO      9.36911e-01     fixed    
   9  ANx2         2.45054e-04   constant   
  10  pNx2         5.52114e+00   constant   
  11  ANy1         0.00000e+00   constant   
  12  pNy1         0.00000e+00   constant   
  13  w_y          0.00000e+00   constant   
  14  ANy2         1.46670e-02     fixed    
  15  pNy2         3.05066e+00   constant   
  16  w_vw         1.43134e+01   constant   
  17  LM          -3.45580e-05   constant   
  18  wCBO_expCoeff   1.99969e+02   1.00000e+00  -3.07134e-02   1.05801e+03
  19  wCBO_expOffset   2.00000e+02   1.00000e+00   0.00000e+00   7.04959e+03
  20  wCBO_expT    3.00000e+01   1.00000e+00   0.00000e+00   1.20849e+04
  21  wCBO_linCoeff   0.00000e+00   constant   
  22  wCBO_const   0.00000e+00   1.00000e-02   0.00000e+00   9.80070e+03
 MIGRAD MINIMIZATION HAS CONVERGED.
 FCN=2807.77 FROM MIGRAD    STATUS=CONVERGED     211 CALLS         212 TOTAL
                     EDM=4.36533e-06    STRATEGY= 1  ERROR MATRIX UNCERTAINTY   0.5 per cent
  EXT PARAMETER                                   STEP         FIRST   
  NO.   NAME      VALUE            ERROR          SIZE      DERIVATIVE 
   1  N0           3.08775e+06   6.82779e+02  -1.29894e+00   1.80443e-06
   2  tau          6.44002e+01   constant   
   3  A0           3.48097e-01   2.95456e-04   1.22914e-07  -1.38994e+00
   4  phi          4.13093e+00   8.81503e-04   2.77421e-06  -2.77772e+00
   5  R           -6.02574e+01   constant   
   6  A_CBO        4.24573e-03     fixed    
   7  w_CBO        2.32713e+00     fixed    
   8  phi_CBO      9.36911e-01     fixed    
   9  ANx2         2.45054e-04   constant   
  10  pNx2         5.52114e+00   constant   
  11  ANy1         0.00000e+00   constant   
  12  pNy1         0.00000e+00   constant   
  13  w_y          0.00000e+00   constant   
  14  ANy2         1.46670e-02     fixed    
  15  pNy2         3.05066e+00   constant   
  16  w_vw         1.43134e+01   constant   
  17  LM          -3.45580e-05   constant   
  18  wCBO_expCoeff   1.99961e+02   3.93722e-03  -8.64593e-06  -1.86365e-01
  19  wCBO_expOffset   1.99999e+02   6.14616e-04  -1.50434e-06   1.15806e+01
  20  wCBO_expT    3.00026e+01   8.41237e-04   1.40943e-06   5.13816e+00
  21  wCBO_linCoeff   0.00000e+00   constant   
  22  wCBO_const  -2.13428e-03   4.93488e-04   7.63484e-08  -1.79924e-01
 EXTERNAL ERROR MATRIX.    NDIM=  25    NPAR=  7    ERR DEF=1
  4.662e+05  7.039e-04  1.527e-03  2.002e-01  4.201e-02 -3.683e-02 -2.980e-03 
  7.039e-04  8.729e-08  6.159e-10  5.879e-08  7.863e-09 -1.368e-08  5.925e-09 
  1.527e-03  6.159e-10  7.770e-07  1.104e-07 -8.249e-09  4.720e-09 -6.797e-09 
  2.002e-01  5.879e-08  1.104e-07  1.550e-05  2.124e-06 -3.052e-06  9.927e-07 
  4.201e-02  7.863e-09 -8.249e-09  2.124e-06  3.778e-07 -4.734e-07  1.498e-07 
 -3.683e-02 -1.368e-08  4.720e-09 -3.052e-06 -4.734e-07  7.077e-07 -3.047e-07 
 -2.980e-03  5.925e-09 -6.797e-09  9.927e-07  1.498e-07 -3.047e-07  2.435e-07 
 PARAMETER  CORRELATION COEFFICIENTS  
       NO.  GLOBAL      1      3      4     18     19     20     22
        1  0.12313   1.000  0.003  0.003  0.074  0.100 -0.064 -0.009
        3  0.06023   0.003  1.000  0.002  0.051  0.043 -0.055  0.041
        4  0.11327   0.003  0.002  1.000  0.032 -0.015  0.006 -0.016
       18  0.95834   0.074  0.051  0.032  1.000  0.878 -0.921  0.511
       19  0.95737   0.100  0.043 -0.015  0.878  1.000 -0.916  0.494
       20  0.98939  -0.064 -0.055  0.006 -0.921 -0.916  1.000 -0.734
       22  0.92067  -0.009  0.041 -0.016  0.511  0.494 -0.734  1.000
MINUIT - FIT ONLY 1-CBO + other amplitudes 
 **********
 **   16 **RES 
 **********
                   PARAMETER   14  ANy2 RESTORED TO VARIABLE.
                   PARAMETER    8  phi_CBO RESTORED TO VARIABLE.
                   PARAMETER    7  w_CBO RESTORED TO VARIABLE.
                   PARAMETER    6  A_CBO RESTORED TO VARIABLE.
 **********
 **   17 **FIX            0
 **********
 PARAMETER    0  IS UNDEFINED. IGNORED.
 **********
 **   18 **FIX            1
 **********
 **********
 **   19 **FIX            2
 **********
 PARAMETER    2  IS CONSTANT.   IGNORED.
 **********
 **   20 **FIX            3
 **********
 **********
 **   21 **FIX            4
 **********
 **********
 **   22 **FIX            9
 **********
 PARAMETER    9  IS CONSTANT.   IGNORED.
 **********
 **   23 **FIX           11
 **********
 PARAMETER   11  IS CONSTANT.   IGNORED.
 **********
 **   24 **FIX           12
 **********
 PARAMETER   12  IS CONSTANT.   IGNORED.
 **********
 **   25 **FIX           14
 **********
 **********
 **   26 **FIX           15
 **********
 PARAMETER   15  IS CONSTANT.   IGNORED.
 **********
 **   27 **FIX           16
 **********
 PARAMETER   16  IS CONSTANT.   IGNORED.
 **********
 **   28 **MIGRAD
 **********
 START MIGRAD MINIMIZATION.  STRATEGY  1.  CONVERGENCE WHEN EDM .LT. 1.00e-04
 FCN=2807.77 FROM MIGRAD    STATUS=INITIATE       18 CALLS         230 TOTAL
                     EDM= unknown      STRATEGY= 1      NO ERROR MATRIX       
  EXT PARAMETER               CURRENT GUESS       STEP         FIRST   
  NO.   NAME      VALUE            ERROR          SIZE      DERIVATIVE 
   1  N0           3.08775e+06     fixed    
   2  tau          6.44002e+01   constant   
   3  A0           3.48097e-01     fixed    
   4  phi          4.13093e+00     fixed    
   5  R           -6.02574e+01   constant   
   6  A_CBO        4.24573e-03   1.00000e-05   1.00000e-05   6.05939e+04
   7  w_CBO        2.32713e+00   1.00000e-03   1.00000e-03   2.10294e+03
   8  phi_CBO      9.36911e-01   1.00000e-04   1.00000e-04  -1.11379e+01
   9  ANx2         2.45054e-04   constant   
  10  pNx2         5.52114e+00   constant   
  11  ANy1         0.00000e+00   constant   
  12  pNy1         0.00000e+00   constant   
  13  w_y          0.00000e+00   constant   
  14  ANy2         1.46670e-02     fixed    
  15  pNy2         3.05066e+00   constant   
  16  w_vw         1.43134e+01   constant   
  17  LM          -3.45580e-05   constant   
  18  wCBO_expCoeff   1.99961e+02   3.93722e-03  -8.64593e-06  -1.86365e-01
  19  wCBO_expOffset   1.99999e+02   6.14616e-04  -1.50434e-06   1.15806e+01
  20  wCBO_expT    3.00026e+01   8.41237e-04   1.40943e-06   5.13816e+00
  21  wCBO_linCoeff   0.00000e+00   constant   
  22  wCBO_const  -2.13428e-03   4.93488e-04   7.63484e-08  -1.79916e-01
 MIGRAD MINIMIZATION HAS CONVERGED.
 MIGRAD WILL VERIFY CONVERGENCE AND ERROR MATRIX.
 FCN=2709.07 FROM MIGRAD    STATUS=CONVERGED     241 CALLS         453 TOTAL
                     EDM=3.30772e-06    STRATEGY= 1      ERR MATRIX NOT POS-DEF
  EXT PARAMETER                APPROXIMATE        STEP         FIRST   
  NO.   NAME      VALUE            ERROR          SIZE      DERIVATIVE 
   1  N0           3.08775e+06     fixed    
   2  tau          6.44002e+01   constant   
   3  A0           3.48097e-01     fixed    
   4  phi          4.13093e+00     fixed    
   5  R           -6.02574e+01   constant   
   6  A_CBO        1.15500e-03   3.27590e-04   8.10071e-06  -1.90003e-02
   7  w_CBO        2.32714e+00   2.33145e-04   1.10966e-06   1.86600e+01
   8  phi_CBO      1.63483e+00   3.87485e-01   6.67227e-03  -4.82303e-03
   9  ANx2         2.45054e-04   constant   
  10  pNx2         5.52114e+00   constant   
  11  ANy1         0.00000e+00   constant   
  12  pNy1         0.00000e+00   constant   
  13  w_y          0.00000e+00   constant   
  14  ANy2         1.46670e-02     fixed    
  15  pNy2         3.05066e+00   constant   
  16  w_vw         1.43134e+01   constant   
  17  LM          -3.45580e-05   constant   
  18  wCBO_expCoeff   1.99961e+02   2.06551e-02   9.53488e-05   2.08884e-01
  19  wCBO_expOffset   1.99999e+02   3.86427e-03   9.53668e-05   1.40899e+00
  20  wCBO_expT    3.00023e+01   1.02900e-03   1.43062e-05   4.91087e+00
  21  wCBO_linCoeff   0.00000e+00   constant   
  22  wCBO_const  -8.89634e-04   6.46104e-04   7.52226e-06   1.63700e+00
 EXTERNAL ERROR MATRIX.    NDIM=  25    NPAR=  7    ERR DEF=1
  1.073e-07  1.037e-08  5.520e-06  9.766e-07 -2.981e-07  2.477e-08 -2.311e-08 
  1.037e-08  5.436e-08 -1.681e-06 -7.769e-07 -5.294e-07 -3.405e-08 -1.695e-08 
  5.520e-06 -1.681e-06  1.501e-01 -1.725e-04  3.709e-06  7.959e-05  4.323e-05 
  9.766e-07 -7.769e-07 -1.725e-04  4.266e-04 -4.904e-05 -3.014e-06  7.788e-07 
 -2.981e-07 -5.294e-07  3.709e-06 -4.904e-05  1.493e-05 -5.100e-07  3.985e-07 
  2.477e-08 -3.405e-08  7.959e-05 -3.014e-06 -5.100e-07  1.059e-06 -3.706e-07 
 -2.311e-08 -1.695e-08  4.323e-05  7.788e-07  3.985e-07 -3.706e-07  4.175e-07 
ERR MATRIX NOT POS-DEF
 PARAMETER  CORRELATION COEFFICIENTS  
       NO.  GLOBAL      6      7      8     18     19     20     22
        6  0.25545   1.000  0.136  0.043  0.144 -0.235  0.073 -0.109
        7  0.99395   0.136  1.000 -0.019 -0.161 -0.588 -0.142 -0.113
        8  0.73971   0.043 -0.019  1.000 -0.022  0.002  0.200  0.173
       18  0.99394   0.144 -0.161 -0.022  1.000 -0.614 -0.142  0.058
       19  0.99610  -0.235 -0.588  0.002 -0.614  1.000 -0.128  0.160
       20  0.98251   0.073 -0.142  0.200 -0.142 -0.128  1.000 -0.557
       22  0.89052  -0.109 -0.113  0.173  0.058  0.160 -0.557  1.000
 ERR MATRIX NOT POS-DEF
MINUIT - FIT ONLY 1-CBO
 **********
 **   29 **RES 
 **********
                   PARAMETER   14  ANy2 RESTORED TO VARIABLE.
                   PARAMETER    4  phi RESTORED TO VARIABLE.
                   PARAMETER    3  A0 RESTORED TO VARIABLE.
                   PARAMETER    1  N0 RESTORED TO VARIABLE.
 **********
 **   30 **FIX            0
 **********
 PARAMETER    0  IS UNDEFINED. IGNORED.
 **********
 **   31 **FIX            1
 **********
 **********
 **   32 **FIX            2
 **********
 PARAMETER    2  IS CONSTANT.   IGNORED.
 **********
 **   33 **FIX            3
 **********
 **********
 **   34 **FIX            4
 **********
 **********
 **   35 **FIX            8
 **********
 **********
 **   36 **FIX            9
 **********
 PARAMETER    9  IS CONSTANT.   IGNORED.
 **********
 **   37 **FIX           11
 **********
 PARAMETER   11  IS CONSTANT.   IGNORED.
 **********
 **   38 **FIX           12
 **********
 PARAMETER   12  IS CONSTANT.   IGNORED.
 **********
 **   39 **FIX           13
 **********
 PARAMETER   13  IS CONSTANT.   IGNORED.
 **********
 **   40 **FIX           15
 **********
 PARAMETER   15  IS CONSTANT.   IGNORED.
 **********
 **   41 **FIX           16
 **********
 PARAMETER   16  IS CONSTANT.   IGNORED.
 **********
 **   42 **MIGRAD
 **********
 START MIGRAD MINIMIZATION.  STRATEGY  1.  CONVERGENCE WHEN EDM .LT. 1.00e-04
 FCN=2709.07 FROM MIGRAD    STATUS=INITIATE       16 CALLS         469 TOTAL
                     EDM= unknown      STRATEGY= 1      NO ERROR MATRIX       
  EXT PARAMETER               CURRENT GUESS       STEP         FIRST   
  NO.   NAME      VALUE            ERROR          SIZE      DERIVATIVE 
   1  N0           3.08775e+06     fixed    
   2  tau          6.44002e+01   constant   
   3  A0           3.48097e-01     fixed    
   4  phi          4.13093e+00     fixed    
   5  R           -6.02574e+01   constant   
   6  A_CBO        1.15500e-03   3.27590e-04   8.10071e-06  -1.89999e-02
   7  w_CBO        2.32714e+00   2.33145e-04   1.10966e-06   1.95213e+01
   8  phi_CBO      1.63483e+00     fixed    
   9  ANx2         2.45054e-04   constant   
  10  pNx2         5.52114e+00   constant   
  11  ANy1         0.00000e+00   constant   
  12  pNy1         0.00000e+00   constant   
  13  w_y          0.00000e+00   constant   
  14  ANy2         1.46670e-02   1.00000e-04   1.00000e-04   3.00162e+05
  15  pNy2         3.05066e+00   constant   
  16  w_vw         1.43134e+01   constant   
  17  LM          -3.45580e-05   constant   
  18  wCBO_expCoeff   1.99961e+02   2.06551e-02   9.53488e-05   2.18602e-01
  19  wCBO_expOffset   1.99999e+02   3.86427e-03   9.53668e-05   5.19526e+00
  20  wCBO_expT    3.00023e+01   1.02900e-03   1.43062e-05   4.89604e+00
  21  wCBO_linCoeff   0.00000e+00   constant   
  22  wCBO_const  -8.89634e-04   6.46104e-04   7.52226e-06   1.64686e+00
 MIGRAD MINIMIZATION HAS CONVERGED.
 MIGRAD WILL VERIFY CONVERGENCE AND ERROR MATRIX.
 FCN=529.198 FROM MIGRAD    STATUS=CONVERGED     285 CALLS         738 TOTAL
                     EDM=1.01019e-06    STRATEGY= 1      ERR MATRIX NOT POS-DEF
  EXT PARAMETER                APPROXIMATE        STEP         FIRST   
  NO.   NAME      VALUE            ERROR          SIZE      DERIVATIVE 
   1  N0           3.08775e+06     fixed    
   2  tau          6.44002e+01   constant   
   3  A0           3.48097e-01     fixed    
   4  phi          4.13093e+00     fixed    
   5  R           -6.02574e+01   constant   
   6  A_CBO        2.11334e-04   3.83291e-04   3.51046e-06  -9.33896e-01
   7  w_CBO        2.32726e+00   4.57978e-04   1.10972e-06  -6.21179e+00
   8  phi_CBO      1.63483e+00     fixed    
   9  ANx2         2.45054e-04   constant   
  10  pNx2         5.52114e+00   constant   
  11  ANy1         0.00000e+00   constant   
  12  pNy1         0.00000e+00   constant   
  13  w_y          0.00000e+00   constant   
  14  ANy2         1.17698e-04   3.11608e-04   3.49030e-06   1.78878e-01
  15  pNy2         3.05066e+00   constant   
  16  w_vw         1.43134e+01   constant   
  17  LM          -3.45580e-05   constant   
  18  wCBO_expCoeff   1.99973e+02   4.02507e-02   9.53543e-05  -7.26094e-02
  19  wCBO_expOffset   2.00000e+02   9.33414e-03   9.53676e-05  -4.79746e-01
  20  wCBO_expT    3.00000e+01   3.12724e-03   1.43051e-05  -4.12100e-01
  21  wCBO_linCoeff   0.00000e+00   constant   
  22  wCBO_const  -1.74668e-03   1.28059e-03   8.04810e-06   4.59146e-02
 EXTERNAL ERROR MATRIX.    NDIM=  25    NPAR=  7    ERR DEF=1
  1.469e-07  9.503e-09  1.268e-08  8.645e-07 -1.299e-06  4.858e-07  5.237e-08 
  9.503e-09  2.097e-07 -8.283e-10 -2.867e-06 -2.159e-06 -6.492e-08 -8.364e-08 
  1.268e-08 -8.283e-10  9.710e-08 -8.008e-08 -2.210e-07  1.157e-07  2.804e-08 
  8.645e-07 -2.867e-06 -8.008e-08  1.620e-03 -1.958e-04 -5.623e-06  1.356e-06 
 -1.299e-06 -2.159e-06 -2.210e-07 -1.958e-04  8.713e-05 -1.571e-05 -2.992e-07 
  4.858e-07 -6.492e-08  1.157e-07 -5.623e-06 -1.571e-05  9.780e-06 -1.616e-07 
  5.237e-08 -8.364e-08  2.804e-08  1.356e-06 -2.992e-07 -1.616e-07  1.640e-06 
ERR MATRIX NOT POS-DEF
 PARAMETER  CORRELATION COEFFICIENTS  
       NO.  GLOBAL      6      7     14     18     19     20     22
        6  0.58895   1.000  0.054  0.106  0.056 -0.363  0.405  0.107
        7  0.99236   0.054  1.000 -0.006 -0.156 -0.505 -0.045 -0.143
       14  0.15200   0.106 -0.006  1.000 -0.006 -0.076  0.119  0.070
       18  0.99226   0.056 -0.156 -0.006  1.000 -0.521 -0.045  0.026
       19  0.99677  -0.363 -0.505 -0.076 -0.521  1.000 -0.538 -0.025
       20  0.99069   0.405 -0.045  0.119 -0.045 -0.538  1.000 -0.040
       22  0.83201   0.107 -0.143  0.070  0.026 -0.025 -0.040  1.000
 ERR MATRIX NOT POS-DEF
MINUIT - FIT ONLY 2-CBO
 **********
 **   43 **RES 
 **********
                   PARAMETER    8  phi_CBO RESTORED TO VARIABLE.
                   PARAMETER    4  phi RESTORED TO VARIABLE.
                   PARAMETER    3  A0 RESTORED TO VARIABLE.
                   PARAMETER    1  N0 RESTORED TO VARIABLE.
 **********
 **   44 **FIX            0
 **********
 PARAMETER    0  IS UNDEFINED. IGNORED.
 **********
 **   45 **FIX            1
 **********
 **********
 **   46 **FIX            2
 **********
 PARAMETER    2  IS CONSTANT.   IGNORED.
 **********
 **   47 **FIX            3
 **********
 **********
 **   48 **FIX            4
 **********
 **********
 **   49 **FIX            5
 **********
 PARAMETER    5  IS CONSTANT.   IGNORED.
 **********
 **   50 **FIX            6
 **********
 **********
 **   51 **FIX            7
 **********
 **********
 **   52 **FIX           10
 **********
 PARAMETER   10  IS CONSTANT.   IGNORED.
 **********
 **   53 **FIX           11
 **********
 PARAMETER   11  IS CONSTANT.   IGNORED.
 **********
 **   54 **FIX           12
 **********
 PARAMETER   12  IS CONSTANT.   IGNORED.
 **********
 **   55 **FIX           13
 **********
 PARAMETER   13  IS CONSTANT.   IGNORED.
 **********
 **   56 **FIX           14
 **********
 **********
 **   57 **FIX           15
 **********
 PARAMETER   15  IS CONSTANT.   IGNORED.
 **********
 **   58 **FIX           16
 **********
 PARAMETER   16  IS CONSTANT.   IGNORED.
 **********
 **   59 **MIGRAD
 **********
 START MIGRAD MINIMIZATION.  STRATEGY  1.  CONVERGENCE WHEN EDM .LT. 1.00e-04
 FCN=529.198 FROM MIGRAD    STATUS=INITIATE       12 CALLS         750 TOTAL
                     EDM= unknown      STRATEGY= 1      NO ERROR MATRIX       
  EXT PARAMETER               CURRENT GUESS       STEP         FIRST   
  NO.   NAME      VALUE            ERROR          SIZE      DERIVATIVE 
   1  N0           3.08775e+06     fixed    
   2  tau          6.44002e+01   constant   
   3  A0           3.48097e-01     fixed    
   4  phi          4.13093e+00     fixed    
   5  R           -6.02574e+01   constant   
   6  A_CBO        2.11334e-04     fixed    
   7  w_CBO        2.32726e+00     fixed    
   8  phi_CBO      1.63483e+00   3.87485e-01   3.87485e-01  -9.20539e-01
   9  ANx2         2.45054e-04   constant   
  10  pNx2         5.52114e+00   constant   
  11  ANy1         0.00000e+00   constant   
  12  pNy1         0.00000e+00   constant   
  13  w_y          0.00000e+00   constant   
  14  ANy2         1.17698e-04     fixed    
  15  pNy2         3.05066e+00   constant   
  16  w_vw         1.43134e+01   constant   
  17  LM          -3.45580e-05   constant   
  18  wCBO_expCoeff   1.99973e+02   4.02507e-02   9.53543e-05  -7.01538e-02
  19  wCBO_expOffset   2.00000e+02   9.33414e-03   9.53676e-05   4.82603e-01
  20  wCBO_expT    3.00000e+01   3.12724e-03   1.43051e-05  -2.53610e-01
  21  wCBO_linCoeff   0.00000e+00   constant   
  22  wCBO_const  -1.74668e-03   1.28059e-03   8.04810e-06   4.59880e-02
 MIGRAD MINIMIZATION HAS CONVERGED.
 MIGRAD WILL VERIFY CONVERGENCE AND ERROR MATRIX.
 COVARIANCE MATRIX CALCULATED SUCCESSFULLY
 FCN=527.952 FROM MIGRAD    STATUS=CONVERGED     217 CALLS         955 TOTAL
                     EDM=2.2529e-06    STRATEGY= 1      ERROR MATRIX ACCURATE 
  EXT PARAMETER                                   STEP         FIRST   
  NO.   NAME      VALUE            ERROR          SIZE      DERIVATIVE 
   1  N0           3.08775e+06     fixed    
   2  tau          6.44002e+01   constant   
   3  A0           3.48097e-01     fixed    
   4  phi          4.13093e+00     fixed    
   5  R           -6.02574e+01   constant   
   6  A_CBO        2.11334e-04     fixed    
   7  w_CBO        2.32726e+00     fixed    
   8  phi_CBO      3.94287e+00   1.53494e+00   1.18067e-02   4.61420e-04
   9  ANx2         2.45054e-04   constant   
  10  pNx2         5.52114e+00   constant   
  11  ANy1         0.00000e+00   constant   
  12  pNy1         0.00000e+00   constant   
  13  w_y          0.00000e+00   constant   
  14  ANy2         1.17698e-04     fixed    
  15  pNy2         3.05066e+00   constant   
  16  w_vw         1.43134e+01   constant   
  17  LM          -3.45580e-05   constant   
  18  wCBO_expCoeff   1.99998e+02   4.38944e-02   9.53665e-05   2.16034e-01
  19  wCBO_expOffset   2.00004e+02   5.37582e-03   9.53694e-05   1.43685e+00
  20  wCBO_expT    2.99961e+01   2.83724e-03   1.43032e-05   2.46707e+00
  21  wCBO_linCoeff   0.00000e+00   constant   
  22  wCBO_const  -1.55498e-03   1.79905e-03   7.48876e-06   1.14815e+00
 EXTERNAL ERROR MATRIX.    NDIM=  25    NPAR=  5    ERR DEF=1
  2.356e+00  1.925e-02  1.153e-03 -1.464e-03 -4.534e-04 
  1.925e-02  1.927e-03 -1.651e-04 -7.045e-05  1.279e-05 
  1.153e-03 -1.651e-04  2.890e-05 -1.778e-06 -1.846e-07 
 -1.464e-03 -7.045e-05 -1.778e-06  8.050e-06 -2.811e-06 
 -4.534e-04  1.279e-05 -1.846e-07 -2.811e-06  3.237e-06 
 PARAMETER  CORRELATION COEFFICIENTS  
       NO.  GLOBAL      8     18     19     20     22
        8  0.72879   1.000  0.286  0.140 -0.336 -0.164
       18  0.99365   0.286  1.000 -0.700 -0.566  0.162
       19  0.99045   0.140 -0.700  1.000 -0.117 -0.019
       20  0.98977  -0.336 -0.566 -0.117  1.000 -0.551
       22  0.92873  -0.164  0.162 -0.019 -0.551  1.000
MINUIT - FIT ONLY 1-y
 **********
 **   60 **RES 
 **********
                   PARAMETER   14  ANy2 RESTORED TO VARIABLE.
                   PARAMETER    7  w_CBO RESTORED TO VARIABLE.
                   PARAMETER    6  A_CBO RESTORED TO VARIABLE.
                   PARAMETER    4  phi RESTORED TO VARIABLE.
                   PARAMETER    3  A0 RESTORED TO VARIABLE.
                   PARAMETER    1  N0 RESTORED TO VARIABLE.
 **********
 **   61 **FIX            0
 **********
 PARAMETER    0  IS UNDEFINED. IGNORED.
 **********
 **   62 **FIX            1
 **********
 **********
 **   63 **FIX            2
 **********
 PARAMETER    2  IS CONSTANT.   IGNORED.
 **********
 **   64 **FIX            3
 **********
 **********
 **   65 **FIX            4
 **********
 **********
 **   66 **FIX            5
 **********
 PARAMETER    5  IS CONSTANT.   IGNORED.
 **********
 **   67 **FIX            6
 **********
 **********
 **   68 **FIX            7
 **********
 **********
 **   69 **FIX            8
 **********
 **********
 **   70 **FIX            9
 **********
 PARAMETER    9  IS CONSTANT.   IGNORED.
 **********
 **   71 **FIX           13
 **********
 PARAMETER   13  IS CONSTANT.   IGNORED.
 **********
 **   72 **FIX           14
 **********
 **********
 **   73 **FIX           15
 **********
 PARAMETER   15  IS CONSTANT.   IGNORED.
 **********
 **   74 **FIX           16
 **********
 PARAMETER   16  IS CONSTANT.   IGNORED.
 **********
 **   75 **MIGRAD
 **********
 START MIGRAD MINIMIZATION.  STRATEGY  1.  CONVERGENCE WHEN EDM .LT. 1.00e-04
 FCN=527.952 FROM MIGRAD    STATUS=INITIATE        8 CALLS         963 TOTAL
                     EDM= unknown      STRATEGY= 1      NO ERROR MATRIX       
  EXT PARAMETER               CURRENT GUESS       STEP         FIRST   
  NO.   NAME      VALUE            ERROR          SIZE      DERIVATIVE 
   1  N0           3.08775e+06     fixed    
   2  tau          6.44002e+01   constant   
   3  A0           3.48097e-01     fixed    
   4  phi          4.13093e+00     fixed    
   5  R           -6.02574e+01   constant   
   6  A_CBO        2.11334e-04     fixed    
   7  w_CBO        2.32726e+00     fixed    
   8  phi_CBO      3.94287e+00     fixed    
   9  ANx2         2.45054e-04   constant   
  10  pNx2         5.52114e+00   constant   
  11  ANy1         0.00000e+00   constant   
  12  pNy1         0.00000e+00   constant   
  13  w_y          0.00000e+00   constant   
  14  ANy2         1.17698e-04     fixed    
  15  pNy2         3.05066e+00   constant   
  16  w_vw         1.43134e+01   constant   
  17  LM          -3.45580e-05   constant   
  18  wCBO_expCoeff   1.99998e+02   4.38944e-02   9.53665e-05   2.13978e-01
  19  wCBO_expOffset   2.00004e+02   5.37582e-03   9.53694e-05   6.33428e-01
  20  wCBO_expT    2.99961e+01   2.83724e-03   1.43032e-05   2.43469e+00
  21  wCBO_linCoeff   0.00000e+00   constant   
  22  wCBO_const  -1.55498e-03   1.79905e-03   7.48876e-06   1.14309e+00
 MIGRAD MINIMIZATION HAS CONVERGED.
 MIGRAD WILL VERIFY CONVERGENCE AND ERROR MATRIX.
 COVARIANCE MATRIX CALCULATED SUCCESSFULLY
 FCN=527.952 FROM MIGRAD    STATUS=CONVERGED      47 CALLS        1002 TOTAL
                     EDM=1.25061e-07    STRATEGY= 1      ERROR MATRIX ACCURATE 
  EXT PARAMETER                                   STEP         FIRST   
  NO.   NAME      VALUE            ERROR          SIZE      DERIVATIVE 
   1  N0           3.08775e+06     fixed    
   2  tau          6.44002e+01   constant   
   3  A0           3.48097e-01     fixed    
   4  phi          4.13093e+00     fixed    
   5  R           -6.02574e+01   constant   
   6  A_CBO        2.11334e-04     fixed    
   7  w_CBO        2.32726e+00     fixed    
   8  phi_CBO      3.94287e+00     fixed    
   9  ANx2         2.45054e-04   constant   
  10  pNx2         5.52114e+00   constant   
  11  ANy1         0.00000e+00   constant   
  12  pNy1         0.00000e+00   constant   
  13  w_y          0.00000e+00   constant   
  14  ANy2         1.17698e-04     fixed    
  15  pNy2         3.05066e+00   constant   
  16  w_vw         1.43134e+01   constant   
  17  LM          -3.45580e-05   constant   
  18  wCBO_expCoeff   1.99998e+02   4.21025e-02   9.53665e-05   2.43825e-02
  19  wCBO_expOffset   2.00004e+02   5.32890e-03   9.53694e-05   1.54656e-01
  20  wCBO_expT    2.99961e+01   2.67299e-03   1.43032e-05   1.10784e-01
  21  wCBO_linCoeff   0.00000e+00   constant   
  22  wCBO_const  -1.55505e-03   1.77479e-03   7.49053e-06  -2.01358e-01
 EXTERNAL ERROR MATRIX.    NDIM=  25    NPAR=  4    ERR DEF=1
  1.773e-03 -1.749e-04 -5.853e-05  1.651e-05 
 -1.749e-04  2.840e-05 -1.061e-06  3.690e-08 
 -5.853e-05 -1.061e-06  7.145e-06 -3.094e-06 
  1.651e-05  3.690e-08 -3.094e-06  3.150e-06 
 PARAMETER  CORRELATION COEFFICIENTS  
       NO.  GLOBAL     18     19     20     22
       18  0.99309   1.000 -0.780 -0.520  0.221
       19  0.99028  -0.780  1.000 -0.075  0.004
       20  0.98847  -0.520 -0.075  1.000 -0.652
       22  0.92669   0.221  0.004 -0.652  1.000
MINUIT - FIT ONLY 2-y
 **********
 **   76 **RES 
 **********
                   PARAMETER   14  ANy2 RESTORED TO VARIABLE.
                   PARAMETER    8  phi_CBO RESTORED TO VARIABLE.
                   PARAMETER    7  w_CBO RESTORED TO VARIABLE.
                   PARAMETER    6  A_CBO RESTORED TO VARIABLE.
                   PARAMETER    4  phi RESTORED TO VARIABLE.
                   PARAMETER    3  A0 RESTORED TO VARIABLE.
                   PARAMETER    1  N0 RESTORED TO VARIABLE.
 **********
 **   77 **FIX            0
 **********
 PARAMETER    0  IS UNDEFINED. IGNORED.
 **********
 **   78 **FIX            1
 **********
 **********
 **   79 **FIX            2
 **********
 PARAMETER    2  IS CONSTANT.   IGNORED.
 **********
 **   80 **FIX            3
 **********
 **********
 **   81 **FIX            4
 **********
 **********
 **   82 **FIX            5
 **********
 PARAMETER    5  IS CONSTANT.   IGNORED.
 **********
 **   83 **FIX            6
 **********
 **********
 **   84 **FIX            7
 **********
 **********
 **   85 **FIX            8
 **********
 **********
 **   86 **FIX            9
 **********
 PARAMETER    9  IS CONSTANT.   IGNORED.
 **********
 **   87 **FIX           10
 **********
 PARAMETER   10  IS CONSTANT.   IGNORED.
 **********
 **   88 **FIX           11
 **********
 PARAMETER   11  IS CONSTANT.   IGNORED.
 **********
 **   89 **FIX           12
 **********
 PARAMETER   12  IS CONSTANT.   IGNORED.
 **********
 **   90 **FIX           16
 **********
 PARAMETER   16  IS CONSTANT.   IGNORED.
 **********
 **   91 **MIGRAD
 **********
 START MIGRAD MINIMIZATION.  STRATEGY  1.  CONVERGENCE WHEN EDM .LT. 1.00e-04
 FCN=527.952 FROM MIGRAD    STATUS=INITIATE       10 CALLS        1012 TOTAL
                     EDM= unknown      STRATEGY= 1      NO ERROR MATRIX       
  EXT PARAMETER               CURRENT GUESS       STEP         FIRST   
  NO.   NAME      VALUE            ERROR          SIZE      DERIVATIVE 
   1  N0           3.08775e+06     fixed    
   2  tau          6.44002e+01   constant   
   3  A0           3.48097e-01     fixed    
   4  phi          4.13093e+00     fixed    
   5  R           -6.02574e+01   constant   
   6  A_CBO        2.11334e-04     fixed    
   7  w_CBO        2.32726e+00     fixed    
   8  phi_CBO      3.94287e+00     fixed    
   9  ANx2         2.45054e-04   constant   
  10  pNx2         5.52114e+00   constant   
  11  ANy1         0.00000e+00   constant   
  12  pNy1         0.00000e+00   constant   
  13  w_y          0.00000e+00   constant   
  14  ANy2         1.17698e-04   3.11608e-04   3.11608e-04   3.33205e+02
  15  pNy2         3.05066e+00   constant   
  16  w_vw         1.43134e+01   constant   
  17  LM          -3.45580e-05   constant   
  18  wCBO_expCoeff   1.99998e+02   4.21025e-02   9.53665e-05   2.16762e-02
  19  wCBO_expOffset   2.00004e+02   5.32890e-03   9.53694e-05  -6.46589e-01
  20  wCBO_expT    2.99961e+01   2.67299e-03   1.43032e-05   6.83173e-02
  21  wCBO_linCoeff   0.00000e+00   constant   
  22  wCBO_const  -1.55505e-03   1.77479e-03   7.49053e-06  -2.06402e-01
 MIGRAD MINIMIZATION HAS CONVERGED.
 MIGRAD WILL VERIFY CONVERGENCE AND ERROR MATRIX.
 COVARIANCE MATRIX CALCULATED SUCCESSFULLY
 FCN=527.95 FROM MIGRAD    STATUS=CONVERGED      66 CALLS        1068 TOTAL
                     EDM=1.098e-05    STRATEGY= 1      ERROR MATRIX ACCURATE 
  EXT PARAMETER                                   STEP         FIRST   
  NO.   NAME      VALUE            ERROR          SIZE      DERIVATIVE 
   1  N0           3.08775e+06     fixed    
   2  tau          6.44002e+01   constant   
   3  A0           3.48097e-01     fixed    
   4  phi          4.13093e+00     fixed    
   5  R           -6.02574e+01   constant   
   6  A_CBO        2.11334e-04     fixed    
   7  w_CBO        2.32726e+00     fixed    
   8  phi_CBO      3.94287e+00     fixed    
   9  ANx2         2.45054e-04   constant   
  10  pNx2         5.52114e+00   constant   
  11  ANy1         0.00000e+00   constant   
  12  pNy1         0.00000e+00   constant   
  13  w_y          0.00000e+00   constant   
  14  ANy2         1.01622e-04   3.10879e-04   3.48618e-06  -8.04092e-02
  15  pNy2         3.05066e+00   constant   
  16  w_vw         1.43134e+01   constant   
  17  LM          -3.45580e-05   constant   
  18  wCBO_expCoeff   1.99998e+02   4.18394e-02   9.53665e-05   9.65033e-02
  19  wCBO_expOffset   2.00004e+02   5.28573e-03   9.53694e-05   6.39818e-01
  20  wCBO_expT    2.99961e+01   2.67014e-03   1.43032e-05  -1.01380e+00
  21  wCBO_linCoeff   0.00000e+00   constant   
  22  wCBO_const  -1.55529e-03   1.77007e-03   7.48410e-06  -6.26979e-01
 EXTERNAL ERROR MATRIX.    NDIM=  25    NPAR=  5    ERR DEF=1
  9.665e-08  3.581e-07  1.530e-09 -3.226e-08  1.134e-08 
  3.581e-07  1.751e-03 -1.718e-04 -5.838e-05  1.642e-05 
  1.530e-09 -1.718e-04  2.794e-05 -1.074e-06  4.176e-08 
 -3.226e-08 -5.838e-05 -1.074e-06  7.130e-06 -3.081e-06 
  1.134e-08  1.642e-05  4.176e-08 -3.081e-06  3.133e-06 
 PARAMETER  CORRELATION COEFFICIENTS  
       NO.  GLOBAL     14     18     19     20     22
       14  0.05334   1.000  0.028  0.001 -0.039  0.021
       18  0.99300   0.028  1.000 -0.777 -0.523  0.222
       19  0.99012   0.001 -0.777  1.000 -0.076  0.004
       20  0.98845  -0.039 -0.523 -0.076  1.000 -0.652
       22  0.92642   0.021  0.222  0.004 -0.652  1.000
MINUIT - FIT ALTOGETHER
 **********
 **   92 **RES 
 **********
                   PARAMETER    8  phi_CBO RESTORED TO VARIABLE.
                   PARAMETER    7  w_CBO RESTORED TO VARIABLE.
                   PARAMETER    6  A_CBO RESTORED TO VARIABLE.
                   PARAMETER    4  phi RESTORED TO VARIABLE.
                   PARAMETER    3  A0 RESTORED TO VARIABLE.
                   PARAMETER    1  N0 RESTORED TO VARIABLE.
 **********
 **   93 **MIGRAD
 **********
 START MIGRAD MINIMIZATION.  STRATEGY  1.  CONVERGENCE WHEN EDM .LT. 1.00e-04
 FCN=527.95 FROM MIGRAD    STATUS=INITIATE       22 CALLS        1090 TOTAL
                     EDM= unknown      STRATEGY= 1      NO ERROR MATRIX       
  EXT PARAMETER               CURRENT GUESS       STEP         FIRST   
  NO.   NAME      VALUE            ERROR          SIZE      DERIVATIVE 
   1  N0           3.08775e+06   6.82779e+02   6.82779e+02  -9.93374e-04
   2  tau          6.44002e+01   constant   
   3  A0           3.48097e-01   2.95456e-04   2.95456e-04   1.13244e+03
   4  phi          4.13093e+00   8.81503e-04   8.81503e-04  -1.87609e+03
   5  R           -6.02574e+01   constant   
   6  A_CBO        2.11334e-04   3.83291e-04   3.83291e-04  -4.08496e+03
   7  w_CBO        2.32726e+00   4.57978e-04   4.57978e-04   7.82933e+00
   8  phi_CBO      3.94287e+00   1.53494e+00   1.53494e+00   4.95774e-03
   9  ANx2         2.45054e-04   constant   
  10  pNx2         5.52114e+00   constant   
  11  ANy1         0.00000e+00   constant   
  12  pNy1         0.00000e+00   constant   
  13  w_y          0.00000e+00   constant   
  14  ANy2         1.01622e-04   3.10879e-04   3.48618e-06  -8.04097e-02
  15  pNy2         3.05066e+00   constant   
  16  w_vw         1.43134e+01   constant   
  17  LM          -3.45580e-05   constant   
  18  wCBO_expCoeff   1.99998e+02   4.18394e-02   9.53665e-05   9.44100e-02
  19  wCBO_expOffset   2.00004e+02   5.28573e-03   9.53694e-05  -1.78175e-01
  20  wCBO_expT    2.99961e+01   2.67014e-03   1.43032e-05  -1.04668e+00
  21  wCBO_linCoeff   0.00000e+00   constant   
  22  wCBO_const  -1.55529e-03   1.77007e-03   7.48410e-06  -6.32047e-01
 MIGRAD MINIMIZATION HAS CONVERGED.
 FCN=526.704 FROM MIGRAD    STATUS=CONVERGED     216 CALLS        1284 TOTAL
                     EDM=5.4088e-07    STRATEGY= 1  ERROR MATRIX UNCERTAINTY   1.2 per cent
  EXT PARAMETER                                   STEP         FIRST   
  NO.   NAME      VALUE            ERROR          SIZE      DERIVATIVE 
   1  N0           3.08796e+06   6.73600e+02  -3.04669e-01  -1.99671e-07
   2  tau          6.44002e+01   constant   
