 + ++++++++++++++++++++++++++++++++++++++++++++++++++++++++++++++++++++ +
 +                                                                      +
 +           You have chose to blind your fitting according to          +
 +                omega_ref * (1 + (R +/- deltaR) *10^{-6})             +
 +                                                                      +
 + ++++++++++++++++++++++++++++++++++++++++++++++++++++++++++++++++++++ +
In main()...
reading format from /gm2data/zkhechad/run45/envelope/formats/formatB_sBin_constraintOn.txt
pBinTau 	= 0  
pBinPhi 	= 0  
constraintau 	= 1 
includeMopTerm 	= 0    
constrainMop    = 0   
Parameters after format file: pBinTau 0 pBinPhi 0 constraintau 1 includeMopTerm 0 constrainMop 0 c_e_scale 0.000000 
reading cbo reference file (full fit) from /gm2data/zkhechad/cboTemplates/Run4CBOTemplates/fullFits/run4/sBin_constraintOn_cE0.0_seed0_run4_calo12.root
A_CBO 0.007990 w_CBO 2.327632 phi_CBO 5.471864 N0 3435893.469287 R -59.911173 tau 64.398066 
Reading cboRef file /gm2data/zkhechad/cboTemplates/Run4CBOTemplates//cboIsolate/run4_calo12.root
deltaT 164.120000
windowBins = 1100
fitting sliding window 1860 from bin 2063 at 307.799600 to bin 3163 at 471.919600 (1100 bins)

Reading data from /gm2data/cornell/histograms/aMethod/histogram_a_run4.root
fitting cbo isolate
 **********
 **    1 **SET PRINTOUT            1
 **********
 **********
 **    2 **SET NOWARNINGS 
 **********
 PARAMETER DEFINITIONS:
    NO.   NAME         VALUE      STEP SIZE      LIMITS
     1 A_CBO        7.98954e-03  1.00000e-05     no limits
     2 w_CBO        2.32763e+00  1.00000e-02    2.00000e+00  3.00000e+00
     3 phi_CBO      5.47186e+00  1.00000e-02    0.00000e+00  6.28319e+00
 **********
 **    3 **MIGRAD
 **********
 FIRST CALL TO USER FUNCTION AT NEW START POINT, WITH IFLAG=4.
 START MIGRAD MINIMIZATION.  STRATEGY  1.  CONVERGENCE WHEN EDM .LT. 1.00e-04
 FCN=0.0844463 FROM MIGRAD    STATUS=INITIATE       12 CALLS          13 TOTAL
                     EDM= unknown      STRATEGY= 1      NO ERROR MATRIX       
  EXT PARAMETER               CURRENT GUESS       STEP         FIRST   
  NO.   NAME      VALUE            ERROR          SIZE      DERIVATIVE 
   1  A_CBO        7.98954e-03   1.00000e-05   1.00000e-05   5.74592e+00
   2  w_CBO        2.32763e+00   1.00000e-02   2.13083e-02   1.12053e+00
   3  phi_CBO      5.47186e+00   1.00000e-02   4.74617e-03  -1.17532e-02
 MIGRAD MINIMIZATION HAS CONVERGED.
 MIGRAD WILL VERIFY CONVERGENCE AND ERROR MATRIX.
 COVARIANCE MATRIX CALCULATED SUCCESSFULLY
 FCN=0.0691431 FROM HESSE     STATUS=OK             16 CALLS          59 TOTAL
                     EDM=8.63316e-05    STRATEGY= 1      ERROR MATRIX ACCURATE 
  EXT PARAMETER                                   STEP         FIRST   
  NO.   NAME      VALUE            ERROR          SIZE      DERIVATIVE 
   1  A_CBO        2.83112e-03   4.35786e-02   2.15638e-05   4.87922e-03
   2  w_CBO        2.32729e+00   2.79542e-01   4.15903e-05   1.86735e-02
   3  phi_CBO      5.57040e+00   5.54054e+00   3.89603e-03   1.12883e-04
 MIGRAD MINIMIZATION HAS CONVERGED.
 MIGRAD WILL VERIFY CONVERGENCE AND ERROR MATRIX.
 COVARIANCE MATRIX CALCULATED SUCCESSFULLY
 FCN=0.06906 FROM MIGRAD    STATUS=CONVERGED     107 CALLS         108 TOTAL
                     EDM=9.32678e-06    STRATEGY= 1      ERROR MATRIX ACCURATE 
  EXT PARAMETER                                   STEP         FIRST   
  NO.   NAME      VALUE            ERROR          SIZE      DERIVATIVE 
   1  A_CBO        2.84940e-03   4.28932e-02   2.15648e-05  -4.35045e-03
   2  w_CBO        2.32511e+00   2.79348e-01   4.05001e-05  -6.74252e-03
   3  phi_CBO      4.71367e+00   3.40879e+00   2.83359e-03   1.95055e-04
 EXTERNAL ERROR MATRIX.    NDIM=  25    NPAR=  3    ERR DEF=1
  1.840e-03 -1.169e-03 -4.699e-01 
 -1.169e-03  8.958e-02  3.535e+01 
 -4.699e-01  3.535e+01  1.417e+04 
 PARAMETER  CORRELATION COEFFICIENTS  
       NO.  GLOBAL      1      2      3
        1  0.09202   1.000 -0.091 -0.092
        2  0.99208  -0.091  1.000  0.992
        3  0.99208  -0.092  0.992  1.000
setting A_CBO=0.002849 w_CBO=2.325111, phi_CBO=4.713672
done fitting cbo isolate
 **********
 **    1 **SET PRINTOUT            1
 **********
 **********
 **    2 **SET NOWARNINGS 
 **********
 PARAMETER DEFINITIONS:
    NO.   NAME         VALUE      STEP SIZE      LIMITS
     1 N0           3.43589e+06  1.00000e+02     no limits
     2 tau          6.43981e+01  constant
     3 A0           3.53663e-01  1.00000e-04     no limits
     4 phi          4.11774e+00  1.00000e-02     no limits
     5 R           -5.99112e+01  constant
     6 A_CBO        2.84940e-03  1.00000e-05     no limits
     7 w_CBO        2.32511e+00  1.00000e-03     no limits
     8 phi_CBO      4.71367e+00  1.00000e-04     no limits
     9 ANx2         3.16301e-04  constant
    10 pNx2         1.53957e+00  constant
    11 ANy1         0.00000e+00  constant
    12 pNy1         0.00000e+00  constant
    13 w_y          0.00000e+00  constant
    14 ANy2         1.02217e-02  1.00000e-04     no limits
    15 pNy2         1.44040e+00  constant
    16 w_vw         1.43192e+01  constant
    17 LM          -2.49463e-04  constant
    18 wCBO_expCoeff   2.00000e+02  1.00000e+00     no limits
    19 wCBO_expOffset   2.00000e+02  1.00000e+00     no limits
    20 wCBO_expT    3.00000e+01  1.00000e+00     no limits
    21 wCBO_linCoeff   0.00000e+00  constant
    22 wCBO_const   0.00000e+00  1.00000e-02     no limits
MINUIT - FIT ONLY WIGGLE
 **********
 **    3 **FIX            5
 **********
 PARAMETER    5  IS CONSTANT.   IGNORED.
 **********
 **    4 **FIX            6
 **********
 **********
 **    5 **FIX            7
 **********
 **********
 **    6 **FIX            8
 **********
 **********
 **    7 **FIX            9
 **********
 PARAMETER    9  IS CONSTANT.   IGNORED.
 **********
 **    8 **FIX           10
 **********
 PARAMETER   10  IS CONSTANT.   IGNORED.
 **********
 **    9 **FIX           11
 **********
 PARAMETER   11  IS CONSTANT.   IGNORED.
 **********
 **   10 **FIX           12
 **********
 PARAMETER   12  IS CONSTANT.   IGNORED.
 **********
 **   11 **FIX           13
 **********
 PARAMETER   13  IS CONSTANT.   IGNORED.
 **********
 **   12 **FIX           14
 **********
 **********
 **   13 **FIX           15
 **********
 PARAMETER   15  IS CONSTANT.   IGNORED.
 **********
 **   14 **FIX           16
 **********
 PARAMETER   16  IS CONSTANT.   IGNORED.
 **********
 **   15 **MIGRAD
 **********
 FIRST CALL TO USER FUNCTION AT NEW START POINT, WITH IFLAG=4.
 START MIGRAD MINIMIZATION.  STRATEGY  1.  CONVERGENCE WHEN EDM .LT. 1.00e-04
 FCN=817.885 FROM MIGRAD    STATUS=INITIATE       58 CALLS          59 TOTAL
                     EDM= unknown      STRATEGY= 1      NO ERROR MATRIX       
  EXT PARAMETER               CURRENT GUESS       STEP         FIRST   
  NO.   NAME      VALUE            ERROR          SIZE      DERIVATIVE 
   1  N0           3.43589e+06   1.00000e+02   0.00000e+00   4.37509e-04
   2  tau          6.43981e+01   constant   
   3  A0           3.53663e-01   1.00000e-04   0.00000e+00  -5.98037e+03
   4  phi          4.11774e+00   1.00000e-02   0.00000e+00  -4.33167e+02
   5  R           -5.99112e+01   constant   
   6  A_CBO        2.84940e-03     fixed    
   7  w_CBO        2.32511e+00     fixed    
   8  phi_CBO      4.71367e+00     fixed    
   9  ANx2         3.16301e-04   constant   
  10  pNx2         1.53957e+00   constant   
  11  ANy1         0.00000e+00   constant   
  12  pNy1         0.00000e+00   constant   
  13  w_y          0.00000e+00   constant   
  14  ANy2         1.02217e-02     fixed    
  15  pNy2         1.44040e+00   constant   
  16  w_vw         1.43192e+01   constant   
  17  LM          -2.49463e-04   constant   
  18  wCBO_expCoeff   1.99901e+02   1.00000e+00  -9.90865e-02  -2.26520e+00
  19  wCBO_expOffset   2.00000e+02   1.00000e+00   0.00000e+00  -1.50896e+01
  20  wCBO_expT    3.00000e+01   1.00000e+00   0.00000e+00  -1.68240e+01
  21  wCBO_linCoeff   0.00000e+00   constant   
  22  wCBO_const   0.00000e+00   1.00000e-02   0.00000e+00  -4.15781e+03
 MIGRAD MINIMIZATION HAS CONVERGED.
 FCN=806.372 FROM MIGRAD    STATUS=CONVERGED     207 CALLS         208 TOTAL
                     EDM=1.47143e-06    STRATEGY= 1  ERROR MATRIX UNCERTAINTY   0.4 per cent
  EXT PARAMETER                                   STEP         FIRST   
  NO.   NAME      VALUE            ERROR          SIZE      DERIVATIVE 
   1  N0           3.43577e+06   1.19018e+03  -1.72051e-01   1.79519e-08
   2  tau          6.43981e+01   constant   
   3  A0           3.54118e-01   4.59476e-04  -5.75586e-07   3.83518e-01
   4  phi          4.11809e+00   1.37154e-03  -2.62225e-06   7.45095e-01
   5  R           -5.99112e+01   constant   
   6  A_CBO        2.84940e-03     fixed    
   7  w_CBO        2.32511e+00     fixed    
   8  phi_CBO      4.71367e+00     fixed    
   9  ANx2         3.16301e-04   constant   
  10  pNx2         1.53957e+00   constant   
  11  ANy1         0.00000e+00   constant   
  12  pNy1         0.00000e+00   constant   
  13  w_y          0.00000e+00   constant   
  14  ANy2         1.02217e-02     fixed    
  15  pNy2         1.44040e+00   constant   
  16  w_vw         1.43192e+01   constant   
  17  LM          -2.49463e-04   constant   
  18  wCBO_expCoeff   2.00315e+02   1.76654e-01   1.19686e-03  -1.01657e-01
  19  wCBO_expOffset   2.00062e+02   2.65004e-02   1.79560e-04  -6.79352e-01
  20  wCBO_expT    2.99625e+01   1.47588e-02  -9.89820e-05  -2.62667e+00
  21  wCBO_linCoeff   0.00000e+00   constant   
  22  wCBO_const   2.52968e-03   7.19453e-04   2.91090e-06  -4.87237e+00
 EXTERNAL ERROR MATRIX.    NDIM=  25    NPAR=  7    ERR DEF=1
  1.417e+06  5.991e-03 -1.341e-02  6.264e+00  9.398e-01 -5.210e-01  3.838e-02 
  5.991e-03  2.111e-07  3.029e-09 -6.947e-06 -1.042e-06  5.779e-07 -1.869e-08 
 -1.341e-02  3.029e-09  1.881e-06  1.668e-05  2.501e-06 -1.346e-06  1.937e-08 
  6.264e+00 -6.947e-06  1.668e-05  3.121e-02  4.627e-03 -2.589e-03  7.722e-05 
  9.398e-01 -1.042e-06  2.501e-06  4.627e-03  7.023e-04 -3.884e-04  1.158e-05 
 -5.210e-01  5.779e-07 -1.346e-06 -2.589e-03 -3.884e-04  2.178e-04 -7.064e-06 
  3.838e-02 -1.869e-08  1.937e-08  7.722e-05  1.158e-05 -7.064e-06  5.176e-07 
 PARAMETER  CORRELATION COEFFICIENTS  
       NO.  GLOBAL      1      3      4     18     19     20     22
        1  0.06892   1.000  0.011 -0.008  0.030  0.030 -0.030  0.045
        3  0.08878   0.011  1.000  0.005 -0.086 -0.086  0.085 -0.057
        4  0.07605  -0.008  0.005  1.000  0.069  0.069 -0.066  0.020
       18  0.99601   0.030 -0.086  0.069  1.000  0.988 -0.993  0.608
       19  0.99601   0.030 -0.086  0.069  0.988  1.000 -0.993  0.608
       20  0.99864  -0.030  0.085 -0.066 -0.993 -0.993  1.000 -0.665
       22  0.88940   0.045 -0.057  0.020  0.608  0.608 -0.665  1.000
MINUIT - FIT ONLY 1-CBO + other amplitudes 
 **********
 **   16 **RES 
 **********
                   PARAMETER   14  ANy2 RESTORED TO VARIABLE.
                   PARAMETER    8  phi_CBO RESTORED TO VARIABLE.
                   PARAMETER    7  w_CBO RESTORED TO VARIABLE.
                   PARAMETER    6  A_CBO RESTORED TO VARIABLE.
 **********
 **   17 **FIX            0
 **********
 PARAMETER    0  IS UNDEFINED. IGNORED.
 **********
 **   18 **FIX            1
 **********
 **********
 **   19 **FIX            2
 **********
 PARAMETER    2  IS CONSTANT.   IGNORED.
 **********
 **   20 **FIX            3
 **********
 **********
 **   21 **FIX            4
 **********
 **********
 **   22 **FIX            9
 **********
 PARAMETER    9  IS CONSTANT.   IGNORED.
 **********
 **   23 **FIX           11
 **********
 PARAMETER   11  IS CONSTANT.   IGNORED.
 **********
 **   24 **FIX           12
 **********
 PARAMETER   12  IS CONSTANT.   IGNORED.
 **********
 **   25 **FIX           14
 **********
 **********
 **   26 **FIX           15
 **********
 PARAMETER   15  IS CONSTANT.   IGNORED.
 **********
 **   27 **FIX           16
 **********
 PARAMETER   16  IS CONSTANT.   IGNORED.
 **********
 **   28 **MIGRAD
 **********
 START MIGRAD MINIMIZATION.  STRATEGY  1.  CONVERGENCE WHEN EDM .LT. 1.00e-04
 FCN=806.372 FROM MIGRAD    STATUS=INITIATE       20 CALLS         228 TOTAL
                     EDM= unknown      STRATEGY= 1      NO ERROR MATRIX       
  EXT PARAMETER               CURRENT GUESS       STEP         FIRST   
  NO.   NAME      VALUE            ERROR          SIZE      DERIVATIVE 
   1  N0           3.43577e+06     fixed    
   2  tau          6.43981e+01   constant   
   3  A0           3.54118e-01     fixed    
   4  phi          4.11809e+00     fixed    
   5  R           -5.99112e+01   constant   
   6  A_CBO        2.84940e-03   1.00000e-05   1.00000e-05   1.26223e+04
   7  w_CBO        2.32511e+00   1.00000e-03   1.00000e-03  -1.08590e+01
   8  phi_CBO      4.71367e+00   1.00000e-04   1.00000e-04  -1.40707e+00
   9  ANx2         3.16301e-04   constant   
  10  pNx2         1.53957e+00   constant   
  11  ANy1         0.00000e+00   constant   
  12  pNy1         0.00000e+00   constant   
  13  w_y          0.00000e+00   constant   
  14  ANy2         1.02217e-02     fixed    
  15  pNy2         1.44040e+00   constant   
  16  w_vw         1.43192e+01   constant   
  17  LM          -2.49463e-04   constant   
  18  wCBO_expCoeff   2.00315e+02   1.76654e-01   1.19686e-03  -1.01657e-01
  19  wCBO_expOffset   2.00062e+02   2.65004e-02   1.79560e-04  -6.79352e-01
  20  wCBO_expT    2.99625e+01   1.47588e-02  -9.89820e-05  -2.62667e+00
  21  wCBO_linCoeff   0.00000e+00   constant   
  22  wCBO_const   2.52968e-03   7.19453e-04   2.91090e-06  -4.87237e+00
 MIGRAD MINIMIZATION HAS CONVERGED.
 MIGRAD WILL VERIFY CONVERGENCE AND ERROR MATRIX.
 FCN=794.497 FROM MIGRAD    STATUS=CONVERGED     278 CALLS         486 TOTAL
                     EDM=6.41379e-08    STRATEGY= 1      ERR MATRIX NOT POS-DEF
  EXT PARAMETER                APPROXIMATE        STEP         FIRST   
  NO.   NAME      VALUE            ERROR          SIZE      DERIVATIVE 
   1  N0           3.43577e+06     fixed    
   2  tau          6.43981e+01   constant   
   3  A0           3.54118e-01     fixed    
   4  phi          4.11809e+00     fixed    
   5  R           -5.99112e+01   constant   
   6  A_CBO        1.27747e-03   4.93980e-04   6.81501e-06   2.02679e-01
   7  w_CBO        2.32496e+00   2.79278e-03   3.21866e-06  -2.52856e-01
   8  phi_CBO      5.89821e+00   7.53981e-01   5.25729e-03  -2.94597e-04
   9  ANx2         3.16301e-04   constant   
  10  pNx2         1.53957e+00   constant   
  11  ANy1         0.00000e+00   constant   
  12  pNy1         0.00000e+00   constant   
  13  w_y          0.00000e+00   constant   
  14  ANy2         1.02217e-02     fixed    
  15  pNy2         1.44040e+00   constant   
  16  w_vw         1.43192e+01   constant   
  17  LM          -2.49463e-04   constant   
  18  wCBO_expCoeff   2.00275e+02   2.85739e-01   3.50841e-04  -2.86668e-03
  19  wCBO_expOffset   2.00056e+02   4.30609e-02   9.53942e-05  -1.90005e-02
  20  wCBO_expT    2.99670e+01   1.01753e-02   1.42894e-05  -5.56679e-02
  21  wCBO_linCoeff   0.00000e+00   constant   
  22  wCBO_const   3.66450e-03   1.45023e-03   5.64436e-06  -1.39289e-02
 EXTERNAL ERROR MATRIX.    NDIM=  25    NPAR=  7    ERR DEF=1
  2.440e-07  2.275e-08 -3.811e-07  3.047e-06 -1.042e-07 -1.511e-07 -1.461e-08 
  2.275e-08  7.800e-06  1.656e-04 -2.430e-04 -3.707e-05 -7.184e-06 -3.069e-06 
 -3.811e-07  1.656e-04  5.685e-01  1.504e-02  2.458e-03 -1.529e-03  3.805e-04 
  3.047e-06 -2.430e-04  1.504e-02  8.165e-02 -5.415e-03 -9.572e-04  1.302e-04 
 -1.042e-07 -3.707e-05  2.458e-03 -5.415e-03  1.854e-03 -1.477e-04  1.998e-05 
 -1.511e-07 -7.184e-06 -1.529e-03 -9.572e-04 -1.477e-04  1.035e-04 -7.672e-07 
 -1.461e-08 -3.069e-06  3.805e-04  1.302e-04  1.998e-05 -7.672e-07  2.103e-06 
ERR MATRIX NOT POS-DEF
 PARAMETER  CORRELATION COEFFICIENTS  
       NO.  GLOBAL      6      7      8     18     19     20     22
        6  0.04595   1.000  0.016 -0.001  0.022 -0.005 -0.030 -0.020
        7  0.99652   0.016  1.000  0.079 -0.305 -0.308 -0.253 -0.758
        8  0.86337  -0.001  0.079  1.000  0.070  0.076 -0.199  0.348
       18  0.99605   0.022 -0.305  0.070  1.000 -0.440 -0.329  0.314
       19  0.99610  -0.005 -0.308  0.076 -0.440  1.000 -0.337  0.320
       20  0.99538  -0.030 -0.253 -0.199 -0.329 -0.337  1.000 -0.052
       22  0.95951  -0.020 -0.758  0.348  0.314  0.320 -0.052  1.000
 ERR MATRIX NOT POS-DEF
MINUIT - FIT ONLY 1-CBO
 **********
 **   29 **RES 
 **********
                   PARAMETER   14  ANy2 RESTORED TO VARIABLE.
                   PARAMETER    4  phi RESTORED TO VARIABLE.
                   PARAMETER    3  A0 RESTORED TO VARIABLE.
                   PARAMETER    1  N0 RESTORED TO VARIABLE.
 **********
 **   30 **FIX            0
 **********
 PARAMETER    0  IS UNDEFINED. IGNORED.
 **********
 **   31 **FIX            1
 **********
 **********
 **   32 **FIX            2
 **********
 PARAMETER    2  IS CONSTANT.   IGNORED.
 **********
 **   33 **FIX            3
 **********
 **********
 **   34 **FIX            4
 **********
 **********
 **   35 **FIX            8
 **********
 **********
 **   36 **FIX            9
 **********
 PARAMETER    9  IS CONSTANT.   IGNORED.
 **********
 **   37 **FIX           11
 **********
 PARAMETER   11  IS CONSTANT.   IGNORED.
 **********
 **   38 **FIX           12
 **********
 PARAMETER   12  IS CONSTANT.   IGNORED.
 **********
 **   39 **FIX           13
 **********
 PARAMETER   13  IS CONSTANT.   IGNORED.
 **********
 **   40 **FIX           15
 **********
 PARAMETER   15  IS CONSTANT.   IGNORED.
 **********
 **   41 **FIX           16
 **********
 PARAMETER   16  IS CONSTANT.   IGNORED.
 **********
 **   42 **MIGRAD
 **********
 START MIGRAD MINIMIZATION.  STRATEGY  1.  CONVERGENCE WHEN EDM .LT. 1.00e-04
 FCN=794.497 FROM MIGRAD    STATUS=INITIATE       16 CALLS         502 TOTAL
                     EDM= unknown      STRATEGY= 1      NO ERROR MATRIX       
  EXT PARAMETER               CURRENT GUESS       STEP         FIRST   
  NO.   NAME      VALUE            ERROR          SIZE      DERIVATIVE 
   1  N0           3.43577e+06     fixed    
   2  tau          6.43981e+01   constant   
   3  A0           3.54118e-01     fixed    
   4  phi          4.11809e+00     fixed    
   5  R           -5.99112e+01   constant   
   6  A_CBO        1.27747e-03   4.93980e-04   6.81501e-06   2.02679e-01
   7  w_CBO        2.32496e+00   2.79278e-03   3.21866e-06  -2.47892e-01
   8  phi_CBO      5.89821e+00     fixed    
   9  ANx2         3.16301e-04   constant   
  10  pNx2         1.53957e+00   constant   
  11  ANy1         0.00000e+00   constant   
  12  pNy1         0.00000e+00   constant   
  13  w_y          0.00000e+00   constant   
  14  ANy2         1.02217e-02   1.00000e-04   1.00000e-04   8.61502e+04
  15  pNy2         1.44040e+00   constant   
  16  w_vw         1.43192e+01   constant   
  17  LM          -2.49463e-04   constant   
  18  wCBO_expCoeff   2.00275e+02   2.85739e-01   3.50841e-04  -2.83875e-03
  19  wCBO_expOffset   2.00056e+02   4.30609e-02   9.53942e-05  -1.85031e-02
  20  wCBO_expT    2.99670e+01   1.01753e-02   1.42894e-05  -5.43427e-02
  21  wCBO_linCoeff   0.00000e+00   constant   
  22  wCBO_const   3.66450e-03   1.45023e-03   5.64436e-06  -1.32883e-02
 MIGRAD MINIMIZATION HAS CONVERGED.
 FCN=339.905 FROM MIGRAD    STATUS=CONVERGED     426 CALLS         912 TOTAL
                     EDM=3.55837e-08    STRATEGY= 1  ERROR MATRIX UNCERTAINTY   0.7 per cent
  EXT PARAMETER                                   STEP         FIRST   
  NO.   NAME      VALUE            ERROR          SIZE      DERIVATIVE 
   1  N0           3.43577e+06     fixed    
   2  tau          6.43981e+01   constant   
   3  A0           3.54118e-01     fixed    
   4  phi          4.11809e+00     fixed    
   5  R           -5.99112e+01   constant   
   6  A_CBO        3.73861e-04   6.10295e-04   5.17212e-07  -3.55431e-01
   7  w_CBO        2.23753e+00   1.36545e-02  -1.01320e-05  -8.50074e-01
   8  phi_CBO      5.89821e+00     fixed    
   9  ANx2         3.16301e-04   constant   
  10  pNx2         1.53957e+00   constant   
  11  ANy1         0.00000e+00   constant   
  12  pNy1         0.00000e+00   constant   
  13  w_y          0.00000e+00   constant   
  14  ANy2        -3.10056e-04   4.85760e-04   9.53137e-07  -2.19084e-02
  15  pNy2         1.44040e+00   constant   
  16  w_vw         1.43192e+01   constant   
  17  LM          -2.49463e-04   constant   
  18  wCBO_expCoeff   2.00320e+02   9.95257e-01  -1.59331e-04  -6.40980e-03
  19  wCBO_expOffset   2.00716e+02   2.57574e-01   4.76065e-05  -4.46619e-02
  20  wCBO_expT    3.00888e+01   3.23930e-02   2.59356e-05  -1.86014e-01
  21  wCBO_linCoeff   0.00000e+00   constant   
  22  wCBO_const   4.05390e-02   6.15512e-03   4.28403e-06  -6.13867e-01
 EXTERNAL ERROR MATRIX.    NDIM=  25    NPAR=  7    ERR DEF=1
  3.725e-07  2.727e-06  2.831e-09 -6.837e-06 -6.779e-07 -1.002e-05 -7.457e-07 
  2.727e-06  1.864e-04 -2.431e-07 -5.686e-04 -2.421e-03  7.910e-06 -8.186e-05 
  2.831e-09 -2.431e-07  2.360e-07 -1.216e-05  5.683e-06 -1.656e-07  1.225e-07 
 -6.837e-06 -5.686e-04 -1.216e-05  9.905e-01 -1.374e-01 -9.409e-04  2.737e-04 
 -6.779e-07 -2.421e-03  5.683e-06 -1.374e-01  6.634e-02 -3.746e-03  1.197e-03 
 -1.002e-05  7.910e-06 -1.656e-07 -9.409e-04 -3.746e-03  1.049e-03 -4.327e-05 
 -7.457e-07 -8.186e-05  1.225e-07  2.737e-04  1.197e-03 -4.327e-05  3.789e-05 
 PARAMETER  CORRELATION COEFFICIENTS  
       NO.  GLOBAL      6      7     14     18     19     20     22
        6  0.67540   1.000  0.327  0.010 -0.011 -0.004 -0.507 -0.199
        7  0.99987   0.327  1.000 -0.037 -0.042 -0.688  0.018 -0.974
       14  0.10308   0.010 -0.037  1.000 -0.025  0.045 -0.011  0.041
       18  0.99959  -0.011 -0.042 -0.025  1.000 -0.536 -0.029  0.045
       19  0.99986  -0.004 -0.688  0.045 -0.536  1.000 -0.449  0.755
       20  0.99950  -0.507  0.018 -0.011 -0.029 -0.449  1.000 -0.217
       22  0.99891  -0.199 -0.974  0.041  0.045  0.755 -0.217  1.000
MINUIT - FIT ONLY 2-CBO
 **********
 **   43 **RES 
 **********
                   PARAMETER    8  phi_CBO RESTORED TO VARIABLE.
                   PARAMETER    4  phi RESTORED TO VARIABLE.
                   PARAMETER    3  A0 RESTORED TO VARIABLE.
                   PARAMETER    1  N0 RESTORED TO VARIABLE.
 **********
 **   44 **FIX            0
 **********
 PARAMETER    0  IS UNDEFINED. IGNORED.
 **********
 **   45 **FIX            1
 **********
 **********
 **   46 **FIX            2
 **********
 PARAMETER    2  IS CONSTANT.   IGNORED.
 **********
 **   47 **FIX            3
 **********
 **********
 **   48 **FIX            4
 **********
 **********
 **   49 **FIX            5
 **********
 PARAMETER    5  IS CONSTANT.   IGNORED.
 **********
 **   50 **FIX            6
 **********
 **********
 **   51 **FIX            7
 **********
 **********
 **   52 **FIX           10
 **********
 PARAMETER   10  IS CONSTANT.   IGNORED.
 **********
 **   53 **FIX           11
 **********
 PARAMETER   11  IS CONSTANT.   IGNORED.
 **********
 **   54 **FIX           12
 **********
 PARAMETER   12  IS CONSTANT.   IGNORED.
 **********
 **   55 **FIX           13
 **********
 PARAMETER   13  IS CONSTANT.   IGNORED.
 **********
 **   56 **FIX           14
 **********
 **********
 **   57 **FIX           15
 **********
 PARAMETER   15  IS CONSTANT.   IGNORED.
 **********
 **   58 **FIX           16
 **********
 PARAMETER   16  IS CONSTANT.   IGNORED.
 **********
 **   59 **MIGRAD
 **********
 START MIGRAD MINIMIZATION.  STRATEGY  1.  CONVERGENCE WHEN EDM .LT. 1.00e-04
 FCN=339.905 FROM MIGRAD    STATUS=INITIATE       12 CALLS         924 TOTAL
                     EDM= unknown      STRATEGY= 1      NO ERROR MATRIX       
  EXT PARAMETER               CURRENT GUESS       STEP         FIRST   
  NO.   NAME      VALUE            ERROR          SIZE      DERIVATIVE 
   1  N0           3.43577e+06     fixed    
   2  tau          6.43981e+01   constant   
   3  A0           3.54118e-01     fixed    
   4  phi          4.11809e+00     fixed    
   5  R           -5.99112e+01   constant   
   6  A_CBO        3.73861e-04     fixed    
   7  w_CBO        2.23753e+00     fixed    
   8  phi_CBO      5.89821e+00   7.53981e-01   7.53981e-01   8.82812e-01
   9  ANx2         3.16301e-04   constant   
  10  pNx2         1.53957e+00   constant   
  11  ANy1         0.00000e+00   constant   
  12  pNy1         0.00000e+00   constant   
  13  w_y          0.00000e+00   constant   
  14  ANy2        -3.10056e-04     fixed    
  15  pNy2         1.44040e+00   constant   
  16  w_vw         1.43192e+01   constant   
  17  LM          -2.49463e-04   constant   
  18  wCBO_expCoeff   2.00320e+02   9.95257e-01  -1.59331e-04  -6.40902e-03
  19  wCBO_expOffset   2.00716e+02   2.57574e-01   4.76065e-05  -4.46619e-02
  20  wCBO_expT    3.00888e+01   3.23930e-02   2.59356e-05  -1.86004e-01
  21  wCBO_linCoeff   0.00000e+00   constant   
  22  wCBO_const   4.05390e-02   6.15512e-03   4.28403e-06  -6.13864e-01
 MIGRAD MINIMIZATION HAS CONVERGED.
 MIGRAD WILL VERIFY CONVERGENCE AND ERROR MATRIX.
 COVARIANCE MATRIX CALCULATED SUCCESSFULLY
 FCN=339.567 FROM MIGRAD    STATUS=CONVERGED      94 CALLS        1006 TOTAL
                     EDM=6.0571e-05    STRATEGY= 1      ERROR MATRIX ACCURATE 
  EXT PARAMETER                                   STEP         FIRST   
  NO.   NAME      VALUE            ERROR          SIZE      DERIVATIVE 
   1  N0           3.43577e+06     fixed    
   2  tau          6.43981e+01   constant   
   3  A0           3.54118e-01     fixed    
   4  phi          4.11809e+00     fixed    
   5  R           -5.99112e+01   constant   
   6  A_CBO        3.73861e-04     fixed    
   7  w_CBO        2.23753e+00     fixed    
   8  phi_CBO      5.15336e+00   1.27028e+00   1.05788e-02  -5.38118e-04
   9  ANx2         3.16301e-04   constant   
  10  pNx2         1.53957e+00   constant   
  11  ANy1         0.00000e+00   constant   
  12  pNy1         0.00000e+00   constant   
  13  w_y          0.00000e+00   constant   
  14  ANy2        -3.10056e-04     fixed    
  15  pNy2         1.44040e+00   constant   
  16  w_vw         1.43192e+01   constant   
  17  LM          -2.49463e-04   constant   
  18  wCBO_expCoeff   2.00320e+02   6.09041e-01   4.70224e-04  -4.19452e-03
  19  wCBO_expOffset   2.00716e+02   8.70999e-02   9.57088e-05  -2.79506e-02
  20  wCBO_expT    3.00888e+01   2.09793e-02   1.79907e-05   4.10814e-01
  21  wCBO_linCoeff   0.00000e+00   constant   
  22  wCBO_const   4.04218e-02   9.55815e-04   4.78863e-06  -2.79145e-01
 EXTERNAL ERROR MATRIX.    NDIM=  25    NPAR=  5    ERR DEF=1
  1.614e+00  2.846e-02  2.861e-03 -2.079e-03  3.509e-04 
  2.846e-02  3.709e-01 -3.350e-02 -6.032e-03  1.731e-04 
  2.861e-03 -3.350e-02  7.586e-03 -6.908e-04  1.947e-05 
 -2.079e-03 -6.032e-03 -6.908e-04  4.401e-04 -1.363e-05 
  3.509e-04  1.731e-04  1.947e-05 -1.363e-05  9.136e-07 
 PARAMETER  CORRELATION COEFFICIENTS  
       NO.  GLOBAL      8     18     19     20     22
        8  0.38063   1.000  0.037  0.026 -0.078  0.289
       18  0.99631   0.037  1.000 -0.632 -0.472  0.297
       19  0.99593   0.026 -0.632  1.000 -0.378  0.234
       20  0.99544  -0.078 -0.472 -0.378  1.000 -0.680
       22  0.83136   0.289  0.297  0.234 -0.680  1.000
MINUIT - FIT ONLY 1-y
 **********
 **   60 **RES 
 **********
                   PARAMETER   14  ANy2 RESTORED TO VARIABLE.
                   PARAMETER    7  w_CBO RESTORED TO VARIABLE.
                   PARAMETER    6  A_CBO RESTORED TO VARIABLE.
                   PARAMETER    4  phi RESTORED TO VARIABLE.
                   PARAMETER    3  A0 RESTORED TO VARIABLE.
                   PARAMETER    1  N0 RESTORED TO VARIABLE.
 **********
 **   61 **FIX            0
 **********
 PARAMETER    0  IS UNDEFINED. IGNORED.
 **********
 **   62 **FIX            1
 **********
 **********
 **   63 **FIX            2
 **********
 PARAMETER    2  IS CONSTANT.   IGNORED.
 **********
 **   64 **FIX            3
 **********
 **********
 **   65 **FIX            4
 **********
 **********
 **   66 **FIX            5
 **********
 PARAMETER    5  IS CONSTANT.   IGNORED.
 **********
 **   67 **FIX            6
 **********
 **********
 **   68 **FIX            7
 **********
 **********
 **   69 **FIX            8
 **********
 **********
 **   70 **FIX            9
 **********
 PARAMETER    9  IS CONSTANT.   IGNORED.
 **********
 **   71 **FIX           13
 **********
 PARAMETER   13  IS CONSTANT.   IGNORED.
 **********
 **   72 **FIX           14
 **********
 **********
 **   73 **FIX           15
 **********
 PARAMETER   15  IS CONSTANT.   IGNORED.
 **********
 **   74 **FIX           16
 **********
 PARAMETER   16  IS CONSTANT.   IGNORED.
 **********
 **   75 **MIGRAD
 **********
 START MIGRAD MINIMIZATION.  STRATEGY  1.  CONVERGENCE WHEN EDM .LT. 1.00e-04
 FCN=339.567 FROM MIGRAD    STATUS=INITIATE        8 CALLS        1014 TOTAL
                     EDM= unknown      STRATEGY= 1      NO ERROR MATRIX       
  EXT PARAMETER               CURRENT GUESS       STEP         FIRST   
  NO.   NAME      VALUE            ERROR          SIZE      DERIVATIVE 
   1  N0           3.43577e+06     fixed    
   2  tau          6.43981e+01   constant   
   3  A0           3.54118e-01     fixed    
   4  phi          4.11809e+00     fixed    
   5  R           -5.99112e+01   constant   
   6  A_CBO        3.73861e-04     fixed    
   7  w_CBO        2.23753e+00     fixed    
   8  phi_CBO      5.15336e+00     fixed    
   9  ANx2         3.16301e-04   constant   
  10  pNx2         1.53957e+00   constant   
  11  ANy1         0.00000e+00   constant   
  12  pNy1         0.00000e+00   constant   
  13  w_y          0.00000e+00   constant   
  14  ANy2        -3.10056e-04     fixed    
  15  pNy2         1.44040e+00   constant   
  16  w_vw         1.43192e+01   constant   
  17  LM          -2.49463e-04   constant   
  18  wCBO_expCoeff   2.00320e+02   6.09041e-01   4.70224e-04  -4.23025e-03
  19  wCBO_expOffset   2.00716e+02   8.70999e-02   9.57088e-05  -3.06769e-02
  20  wCBO_expT    3.00888e+01   2.09793e-02   1.79907e-05   4.08331e-01
  21  wCBO_linCoeff   0.00000e+00   constant   
  22  wCBO_const   4.04218e-02   9.55815e-04   4.78863e-06  -2.81380e-01
 MIGRAD MINIMIZATION HAS CONVERGED.
 MIGRAD WILL VERIFY CONVERGENCE AND ERROR MATRIX.
 COVARIANCE MATRIX CALCULATED SUCCESSFULLY
 FCN=339.567 FROM MIGRAD    STATUS=CONVERGED      66 CALLS        1072 TOTAL
                     EDM=2.25117e-06    STRATEGY= 1      ERROR MATRIX ACCURATE 
  EXT PARAMETER                                   STEP         FIRST   
  NO.   NAME      VALUE            ERROR          SIZE      DERIVATIVE 
   1  N0           3.43577e+06     fixed    
   2  tau          6.43981e+01   constant   
   3  A0           3.54118e-01     fixed    
   4  phi          4.11809e+00     fixed    
   5  R           -5.99112e+01   constant   
   6  A_CBO        3.73861e-04     fixed    
   7  w_CBO        2.23753e+00     fixed    
   8  phi_CBO      5.15336e+00     fixed    
   9  ANx2         3.16301e-04   constant   
  10  pNx2         1.53957e+00   constant   
  11  ANy1         0.00000e+00   constant   
  12  pNy1         0.00000e+00   constant   
  13  w_y          0.00000e+00   constant   
  14  ANy2        -3.10056e-04     fixed    
  15  pNy2         1.44040e+00   constant   
  16  w_vw         1.43192e+01   constant   
  17  LM          -2.49463e-04   constant   
  18  wCBO_expCoeff   2.00323e+02   6.03986e-01   4.71304e-04   3.84595e-02
  19  wCBO_expOffset   2.00716e+02   8.63980e-02   9.57089e-05   2.55415e-01
  20  wCBO_expT    3.00886e+01   2.08369e-02   1.80310e-05   1.04028e+00
  21  wCBO_linCoeff   0.00000e+00   constant   
  22  wCBO_const   4.04277e-02   9.13617e-04   4.78806e-06   2.98885e+00
 EXTERNAL ERROR MATRIX.    NDIM=  25    NPAR=  4    ERR DEF=1
  3.648e-01 -3.288e-02 -5.947e-03  1.654e-04 
 -3.288e-02  7.465e-03 -6.828e-04  1.871e-05 
 -5.947e-03 -6.828e-04  4.342e-04 -1.308e-05 
  1.654e-04  1.871e-05 -1.308e-05  8.347e-07 
 PARAMETER  CORRELATION COEFFICIENTS  
       NO.  GLOBAL     18     19     20     22
       18  0.99622   1.000 -0.630 -0.473  0.300
       19  0.99584  -0.630  1.000 -0.379  0.237
       20  0.99536  -0.473 -0.379  1.000 -0.687
       22  0.81332   0.300  0.237 -0.687  1.000
MINUIT - FIT ONLY 2-y
 **********
 **   76 **RES 
 **********
                   PARAMETER   14  ANy2 RESTORED TO VARIABLE.
                   PARAMETER    8  phi_CBO RESTORED TO VARIABLE.
                   PARAMETER    7  w_CBO RESTORED TO VARIABLE.
                   PARAMETER    6  A_CBO RESTORED TO VARIABLE.
                   PARAMETER    4  phi RESTORED TO VARIABLE.
                   PARAMETER    3  A0 RESTORED TO VARIABLE.
                   PARAMETER    1  N0 RESTORED TO VARIABLE.
 **********
 **   77 **FIX            0
 **********
 PARAMETER    0  IS UNDEFINED. IGNORED.
 **********
 **   78 **FIX            1
 **********
 **********
 **   79 **FIX            2
 **********
 PARAMETER    2  IS CONSTANT.   IGNORED.
 **********
 **   80 **FIX            3
 **********
 **********
 **   81 **FIX            4
 **********
 **********
 **   82 **FIX            5
 **********
 PARAMETER    5  IS CONSTANT.   IGNORED.
 **********
 **   83 **FIX            6
 **********
 **********
 **   84 **FIX            7
 **********
 **********
 **   85 **FIX            8
 **********
 **********
 **   86 **FIX            9
 **********
 PARAMETER    9  IS CONSTANT.   IGNORED.
 **********
 **   87 **FIX           10
 **********
 PARAMETER   10  IS CONSTANT.   IGNORED.
 **********
 **   88 **FIX           11
 **********
 PARAMETER   11  IS CONSTANT.   IGNORED.
 **********
 **   89 **FIX           12
 **********
 PARAMETER   12  IS CONSTANT.   IGNORED.
 **********
 **   90 **FIX           16
 **********
 PARAMETER   16  IS CONSTANT.   IGNORED.
 **********
 **   91 **MIGRAD
 **********
 START MIGRAD MINIMIZATION.  STRATEGY  1.  CONVERGENCE WHEN EDM .LT. 1.00e-04
 FCN=339.567 FROM MIGRAD    STATUS=INITIATE       10 CALLS        1082 TOTAL
                     EDM= unknown      STRATEGY= 1      NO ERROR MATRIX       
  EXT PARAMETER               CURRENT GUESS       STEP         FIRST   
  NO.   NAME      VALUE            ERROR          SIZE      DERIVATIVE 
   1  N0           3.43577e+06     fixed    
   2  tau          6.43981e+01   constant   
   3  A0           3.54118e-01     fixed    
   4  phi          4.11809e+00     fixed    
   5  R           -5.99112e+01   constant   
   6  A_CBO        3.73861e-04     fixed    
   7  w_CBO        2.23753e+00     fixed    
   8  phi_CBO      5.15336e+00     fixed    
   9  ANx2         3.16301e-04   constant   
  10  pNx2         1.53957e+00   constant   
  11  ANy1         0.00000e+00   constant   
  12  pNy1         0.00000e+00   constant   
  13  w_y          0.00000e+00   constant   
  14  ANy2        -3.10056e-04   4.85760e-04   4.85760e-04   5.20200e+01
  15  pNy2         1.44040e+00   constant   
  16  w_vw         1.43192e+01   constant   
  17  LM          -2.49463e-04   constant   
  18  wCBO_expCoeff   2.00323e+02   6.03986e-01   4.71304e-04   3.82368e-02
  19  wCBO_expOffset   2.00716e+02   8.63980e-02   9.57089e-05   2.53314e-01
  20  wCBO_expT    3.00886e+01   2.08369e-02   1.80310e-05   1.03772e+00
  21  wCBO_linCoeff   0.00000e+00   constant   
  22  wCBO_const   4.04277e-02   9.13617e-04   4.78806e-06   2.98657e+00
 MIGRAD MINIMIZATION HAS CONVERGED.
 MIGRAD WILL VERIFY CONVERGENCE AND ERROR MATRIX.
 COVARIANCE MATRIX CALCULATED SUCCESSFULLY
 FCN=339.567 FROM MIGRAD    STATUS=CONVERGED      71 CALLS        1143 TOTAL
                     EDM=8.16865e-08    STRATEGY= 1      ERROR MATRIX ACCURATE 
  EXT PARAMETER                                   STEP         FIRST   
  NO.   NAME      VALUE            ERROR          SIZE      DERIVATIVE 
   1  N0           3.43577e+06     fixed    
   2  tau          6.43981e+01   constant   
   3  A0           3.54118e-01     fixed    
   4  phi          4.11809e+00     fixed    
   5  R           -5.99112e+01   constant   
   6  A_CBO        3.73861e-04     fixed    
   7  w_CBO        2.23753e+00     fixed    
   8  phi_CBO      5.15336e+00     fixed    
   9  ANx2         3.16301e-04   constant   
  10  pNx2         1.53957e+00   constant   
  11  ANy1         0.00000e+00   constant   
  12  pNy1         0.00000e+00   constant   
  13  w_y          0.00000e+00   constant   
  14  ANy2        -3.16320e-04   4.90765e-04   4.42189e-06  -6.75200e-03
  15  pNy2         1.44040e+00   constant   
  16  w_vw         1.43192e+01   constant   
  17  LM          -2.49463e-04   constant   
  18  wCBO_expCoeff   2.00323e+02   6.04919e-01   4.72198e-04  -1.10784e-03
  19  wCBO_expOffset   2.00716e+02   8.65665e-02   9.57089e-05  -7.40104e-03
  20  wCBO_expT    3.00886e+01   2.08586e-02   1.80616e-05  -2.41162e-03
  21  wCBO_linCoeff   0.00000e+00   constant   
  22  wCBO_const   4.04275e-02   9.14130e-04   4.78968e-06   3.65799e-01
 EXTERNAL ERROR MATRIX.    NDIM=  25    NPAR=  5    ERR DEF=1
  2.409e-07  3.491e-07  5.089e-08 -4.092e-08  5.201e-09 
  3.491e-07  3.659e-01 -3.302e-02 -5.954e-03  1.657e-04 
  5.089e-08 -3.302e-02  7.494e-03 -6.850e-04  1.877e-05 
 -4.092e-08 -5.954e-03 -6.850e-04  4.351e-04 -1.311e-05 
  5.201e-09  1.657e-04  1.877e-05 -1.311e-05  8.356e-07 
 PARAMETER  CORRELATION COEFFICIENTS  
       NO.  GLOBAL     14     18     19     20     22
       14  0.01308   1.000  0.001  0.001 -0.004  0.012
       18  0.99624   0.001  1.000 -0.631 -0.472  0.300
       19  0.99585   0.001 -0.631  1.000 -0.379  0.237
       20  0.99537  -0.004 -0.472 -0.379  1.000 -0.687
       22  0.81357   0.012  0.300  0.237 -0.687  1.000
MINUIT - FIT ALTOGETHER
 **********
 **   92 **RES 
 **********
                   PARAMETER    8  phi_CBO RESTORED TO VARIABLE.
                   PARAMETER    7  w_CBO RESTORED TO VARIABLE.
                   PARAMETER    6  A_CBO RESTORED TO VARIABLE.
                   PARAMETER    4  phi RESTORED TO VARIABLE.
                   PARAMETER    3  A0 RESTORED TO VARIABLE.
                   PARAMETER    1  N0 RESTORED TO VARIABLE.
 **********
 **   93 **MIGRAD
 **********
 START MIGRAD MINIMIZATION.  STRATEGY  1.  CONVERGENCE WHEN EDM .LT. 1.00e-04
 FCN=339.567 FROM MIGRAD    STATUS=INITIATE       22 CALLS        1165 TOTAL
                     EDM= unknown      STRATEGY= 1      NO ERROR MATRIX       
  EXT PARAMETER               CURRENT GUESS       STEP         FIRST   
  NO.   NAME      VALUE            ERROR          SIZE      DERIVATIVE 
   1  N0           3.43577e+06   1.19018e+03   1.19018e+03  -3.79721e-04
   2  tau          6.43981e+01   constant   
   3  A0           3.54118e-01   4.59476e-04   4.59476e-04  -6.55157e+02
   4  phi          4.11809e+00   1.37154e-03   1.37154e-03  -4.13433e+01
   5  R           -5.99112e+01   constant   
   6  A_CBO        3.73861e-04   6.10295e-04   6.10295e-04  -7.71197e+02
   7  w_CBO        2.23753e+00   1.36545e-02   1.36545e-02   5.70446e-02
   8  phi_CBO      5.15336e+00   1.27028e+00   1.27028e+00  -1.45527e-03
   9  ANx2         3.16301e-04   constant   
  10  pNx2         1.53957e+00   constant   
  11  ANy1         0.00000e+00   constant   
  12  pNy1         0.00000e+00   constant   
  13  w_y          0.00000e+00   constant   
  14  ANy2        -3.16320e-04   4.90765e-04   4.42189e-06  -6.75280e-03
  15  pNy2         1.44040e+00   constant   
  16  w_vw         1.43192e+01   constant   
  17  LM          -2.49463e-04   constant   
  18  wCBO_expCoeff   2.00323e+02   6.04919e-01   4.72198e-04  -1.14432e-03
  19  wCBO_expOffset   2.00716e+02   8.65665e-02   9.57089e-05  -1.01613e-02
  20  wCBO_expT    3.00886e+01   2.08586e-02   1.80616e-05  -4.29259e-03
