 + ++++++++++++++++++++++++++++++++++++++++++++++++++++++++++++++++++++ +
 +                                                                      +
 +           You have chose to blind your fitting according to          +
 +                omega_ref * (1 + (R +/- deltaR) *10^{-6})             +
 +                                                                      +
 + ++++++++++++++++++++++++++++++++++++++++++++++++++++++++++++++++++++ +
In main()...
reading format from /gm2data/zkhechad/run45/envelope/formats/formatB_sBin_constraintOn.txt
pBinTau 	= 0  
pBinPhi 	= 0  
constraintau 	= 1 
includeMopTerm 	= 0    
constrainMop    = 0   
Parameters after format file: pBinTau 0 pBinPhi 0 constraintau 1 includeMopTerm 0 constrainMop 0 c_e_scale 0.000000 
reading cbo reference file (full fit) from /gm2data/zkhechad/cboTemplates/Run4CBOTemplates/fullFits/run4/sBin_constraintOn_cE0.0_seed0_run4_calo19.root
A_CBO 0.009558 w_CBO 2.327254 phi_CBO 0.902980 N0 3088607.252134 R -60.257448 tau 64.400175 
Reading cboRef file /gm2data/zkhechad/cboTemplates/Run4CBOTemplates//cboIsolate/run4_calo19.root
deltaT 164.120000
windowBins = 1100
fitting sliding window 2520 from bin 2723 at 406.271600 to bin 3823 at 570.391600 (1100 bins)

Reading data from /gm2data/cornell/histograms/aMethod/histogram_a_run4.root
fitting cbo isolate
 **********
 **    1 **SET PRINTOUT            1
 **********
 **********
 **    2 **SET NOWARNINGS 
 **********
 PARAMETER DEFINITIONS:
    NO.   NAME         VALUE      STEP SIZE      LIMITS
     1 A_CBO        9.55751e-03  1.00000e-05     no limits
     2 w_CBO        2.32725e+00  1.00000e-02    2.00000e+00  3.00000e+00
     3 phi_CBO      9.02980e-01  1.00000e-02    0.00000e+00  6.28319e+00
 **********
 **    3 **MIGRAD
 **********
 FIRST CALL TO USER FUNCTION AT NEW START POINT, WITH IFLAG=4.
 START MIGRAD MINIMIZATION.  STRATEGY  1.  CONVERGENCE WHEN EDM .LT. 1.00e-04
 FCN=0.364934 FROM MIGRAD    STATUS=INITIATE       12 CALLS          13 TOTAL
                     EDM= unknown      STRATEGY= 1      NO ERROR MATRIX       
  EXT PARAMETER               CURRENT GUESS       STEP         FIRST   
  NO.   NAME      VALUE            ERROR          SIZE      DERIVATIVE 
   1  A_CBO        9.55751e-03   1.00000e-05   1.00000e-05   6.20228e+00
   2  w_CBO        2.32725e+00   1.00000e-02   2.13147e-02   3.94819e+00
   3  phi_CBO      9.02980e-01   1.00000e-02   4.53699e-03  -3.54104e-02
 MIGRAD MINIMIZATION HAS CONVERGED.
 MIGRAD WILL VERIFY CONVERGENCE AND ERROR MATRIX.
 COVARIANCE MATRIX CALCULATED SUCCESSFULLY
 FCN=0.346166 FROM HESSE     STATUS=OK             16 CALLS          56 TOTAL
                     EDM=0.000178725    STRATEGY= 1      ERROR MATRIX ACCURATE 
  EXT PARAMETER                                   STEP         FIRST   
  NO.   NAME      VALUE            ERROR          SIZE      DERIVATIVE 
   1  A_CBO        4.25693e-03   4.33933e-02   2.41479e-05   2.94794e-02
   2  w_CBO        2.32687e+00   1.92378e-01   2.45108e-05   2.93115e-02
   3  phi_CBO      1.08612e+00   5.55870e+00   2.38991e-03   3.45997e-04
 MIGRAD MINIMIZATION HAS CONVERGED.
 MIGRAD WILL VERIFY CONVERGENCE AND ERROR MATRIX.
 COVARIANCE MATRIX CALCULATED SUCCESSFULLY
 FCN=0.346006 FROM MIGRAD    STATUS=CONVERGED     129 CALLS         130 TOTAL
                     EDM=3.03786e-05    STRATEGY= 1      ERROR MATRIX ACCURATE 
  EXT PARAMETER                                   STEP         FIRST   
  NO.   NAME      VALUE            ERROR          SIZE      DERIVATIVE 
   1  A_CBO        4.26863e-03   4.27593e-02   2.41432e-05   5.22787e-03
   2  w_CBO        2.32517e+00   1.48695e-01   2.39247e-05  -1.98698e-02
   3  phi_CBO      2.30010e-01   3.85696e+00   4.80363e-03   2.19731e-04
 EXTERNAL ERROR MATRIX.    NDIM=  25    NPAR=  3    ERR DEF=1
  1.828e-03 -5.234e-04 -2.644e-01 
 -5.234e-04  2.290e-02  1.138e+01 
 -2.644e-01  1.138e+01  5.756e+03 
 PARAMETER  CORRELATION COEFFICIENTS  
       NO.  GLOBAL      1      2      3
        1  0.08150   1.000 -0.081 -0.081
        2  0.99146  -0.081  1.000  0.991
        3  0.99146  -0.081  0.991  1.000
setting A_CBO=0.004269 w_CBO=2.325168, phi_CBO=0.230010
done fitting cbo isolate
 **********
 **    1 **SET PRINTOUT            1
 **********
 **********
 **    2 **SET NOWARNINGS 
 **********
 PARAMETER DEFINITIONS:
    NO.   NAME         VALUE      STEP SIZE      LIMITS
     1 N0           3.08861e+06  1.00000e+02     no limits
     2 tau          6.44002e+01  constant
     3 A0           3.48093e-01  1.00000e-04     no limits
     4 phi          4.13197e+00  1.00000e-02     no limits
     5 R           -6.02574e+01  constant
     6 A_CBO        4.26863e-03  1.00000e-05     no limits
     7 w_CBO        2.32517e+00  1.00000e-03     no limits
     8 phi_CBO      2.30010e-01  1.00000e-04     no limits
     9 ANx2         2.45054e-04  constant
    10 pNx2         5.52114e+00  constant
    11 ANy1         0.00000e+00  constant
    12 pNy1         0.00000e+00  constant
    13 w_y          0.00000e+00  constant
    14 ANy2         1.46670e-02  1.00000e-04     no limits
    15 pNy2         3.05066e+00  constant
    16 w_vw         1.43134e+01  constant
    17 LM          -3.45580e-05  constant
    18 wCBO_expCoeff   2.00000e+02  1.00000e+00     no limits
    19 wCBO_expOffset   2.00000e+02  1.00000e+00     no limits
    20 wCBO_expT    3.00000e+01  1.00000e+00     no limits
    21 wCBO_linCoeff   0.00000e+00  constant
    22 wCBO_const   0.00000e+00  1.00000e-02     no limits
MINUIT - FIT ONLY WIGGLE
 **********
 **    3 **FIX            5
 **********
 PARAMETER    5  IS CONSTANT.   IGNORED.
 **********
 **    4 **FIX            6
 **********
 **********
 **    5 **FIX            7
 **********
 **********
 **    6 **FIX            8
 **********
 **********
 **    7 **FIX            9
 **********
 PARAMETER    9  IS CONSTANT.   IGNORED.
 **********
 **    8 **FIX           10
 **********
 PARAMETER   10  IS CONSTANT.   IGNORED.
 **********
 **    9 **FIX           11
 **********
 PARAMETER   11  IS CONSTANT.   IGNORED.
 **********
 **   10 **FIX           12
 **********
 PARAMETER   12  IS CONSTANT.   IGNORED.
 **********
 **   11 **FIX           13
 **********
 PARAMETER   13  IS CONSTANT.   IGNORED.
 **********
 **   12 **FIX           14
 **********
 **********
 **   13 **FIX           15
 **********
 PARAMETER   15  IS CONSTANT.   IGNORED.
 **********
 **   14 **FIX           16
 **********
 PARAMETER   16  IS CONSTANT.   IGNORED.
 **********
 **   15 **MIGRAD
 **********
 FIRST CALL TO USER FUNCTION AT NEW START POINT, WITH IFLAG=4.
 START MIGRAD MINIMIZATION.  STRATEGY  1.  CONVERGENCE WHEN EDM .LT. 1.00e-04
 FCN=508.801 FROM MIGRAD    STATUS=INITIATE       26 CALLS          27 TOTAL
                     EDM= unknown      STRATEGY= 1      NO ERROR MATRIX       
  EXT PARAMETER               CURRENT GUESS       STEP         FIRST   
  NO.   NAME      VALUE            ERROR          SIZE      DERIVATIVE 
   1  N0           3.08861e+06   1.00000e+02   1.00000e+02   9.85338e-04
   2  tau          6.44002e+01   constant   
   3  A0           3.48093e-01   1.00000e-04   1.00000e-04  -2.75845e+02
   4  phi          4.13197e+00   1.00000e-02   1.00000e-02   1.03532e+02
   5  R           -6.02574e+01   constant   
   6  A_CBO        4.26863e-03     fixed    
   7  w_CBO        2.32517e+00     fixed    
   8  phi_CBO      2.30010e-01     fixed    
   9  ANx2         2.45054e-04   constant   
  10  pNx2         5.52114e+00   constant   
  11  ANy1         0.00000e+00   constant   
  12  pNy1         0.00000e+00   constant   
  13  w_y          0.00000e+00   constant   
  14  ANy2         1.46670e-02     fixed    
  15  pNy2         3.05066e+00   constant   
  16  w_vw         1.43134e+01   constant   
  17  LM          -3.45580e-05   constant   
  18  wCBO_expCoeff   2.00000e+02   1.00000e+00   1.00000e+00  -2.78512e+00
  19  wCBO_expOffset   2.00000e+02   1.00000e+00   1.00000e+00  -1.85674e+01
  20  wCBO_expT    3.00000e+01   1.00000e+00   1.00000e+00  -1.43378e+02
  21  wCBO_linCoeff   0.00000e+00   constant   
  22  wCBO_const   0.00000e+00   1.00000e-02   1.00000e-02  -5.51440e+03
 MIGRAD MINIMIZATION HAS CONVERGED.
 FCN=497.716 FROM MIGRAD    STATUS=CONVERGED     323 CALLS         324 TOTAL
                     EDM=1.3173e-07    STRATEGY= 1  ERROR MATRIX UNCERTAINTY   1.3 per cent
  EXT PARAMETER                                   STEP         FIRST   
  NO.   NAME      VALUE            ERROR          SIZE      DERIVATIVE 
   1  N0           3.08564e+06   2.49565e+03   1.88925e-01  -9.64207e-08
   2  tau          6.44002e+01   constant   
   3  A0           3.48604e-01   1.02958e-03   1.89254e-06  -2.40213e-01
   4  phi          4.13208e+00   3.26557e-03  -8.64027e-06   4.14253e-02
   5  R           -6.02574e+01   constant   
   6  A_CBO        4.26863e-03     fixed    
   7  w_CBO        2.32517e+00     fixed    
   8  phi_CBO      2.30010e-01     fixed    
   9  ANx2         2.45054e-04   constant   
  10  pNx2         5.52114e+00   constant   
  11  ANy1         0.00000e+00   constant   
  12  pNy1         0.00000e+00   constant   
  13  w_y          0.00000e+00   constant   
  14  ANy2         1.46670e-02     fixed    
  15  pNy2         3.05066e+00   constant   
  16  w_vw         1.43134e+01   constant   
  17  LM          -3.45580e-05   constant   
  18  wCBO_expCoeff   1.55996e+02   1.05613e+01  -2.57350e-02  -2.34581e-05
  19  wCBO_expOffset   1.92991e+02   1.78123e+00  -4.41328e-03  -1.09951e-04
  20  wCBO_expT    3.22126e+01   5.71192e-01   1.43791e-03  -1.27681e-03
  21  wCBO_linCoeff   0.00000e+00   constant   
  22  wCBO_const   2.50994e-03   8.72130e-04  -1.75568e-06  -8.44541e-01
 EXTERNAL ERROR MATRIX.    NDIM=  25    NPAR=  7    ERR DEF=1
  6.228e+06 -3.245e-02 -1.661e-01 -6.051e+03 -1.049e+03  3.366e+02 -2.294e-01 
 -3.245e-02  1.060e-06 -1.219e-07 -3.410e-04 -4.990e-05  1.411e-05  3.677e-08 
 -1.661e-01 -1.219e-07  1.066e-05  5.119e-03  8.577e-04 -2.455e-04 -1.933e-07 
 -6.051e+03 -3.410e-04  5.119e-03  1.115e+02  1.862e+01 -6.001e+00  5.757e-03 
 -1.049e+03 -4.990e-05  8.577e-04  1.862e+01  3.173e+00 -1.013e+00  9.849e-04 
  3.366e+02  1.411e-05 -2.455e-04 -6.001e+00 -1.013e+00  3.263e-01 -3.339e-04 
 -2.294e-01  3.677e-08 -1.933e-07  5.757e-03  9.849e-04 -3.339e-04  7.606e-07 
 PARAMETER  CORRELATION COEFFICIENTS  
       NO.  GLOBAL      1      3      4     18     19     20     22
        1  0.28863   1.000 -0.013 -0.020 -0.230 -0.236  0.236 -0.105
        3  0.09361  -0.013  1.000 -0.036 -0.031 -0.027  0.024  0.041
        4  0.29259  -0.020 -0.036  1.000  0.148  0.147 -0.132 -0.068
       18  0.99743  -0.230 -0.031  0.148  1.000  0.990 -0.995  0.625
       19  0.99766  -0.236 -0.027  0.147  0.990  1.000 -0.996  0.634
       20  0.99926   0.236  0.024 -0.132 -0.995 -0.996  1.000 -0.670
       22  0.88709  -0.105  0.041 -0.068  0.625  0.634 -0.670  1.000
MINUIT - FIT ONLY 1-CBO + other amplitudes 
 **********
 **   16 **RES 
 **********
                   PARAMETER   14  ANy2 RESTORED TO VARIABLE.
                   PARAMETER    8  phi_CBO RESTORED TO VARIABLE.
                   PARAMETER    7  w_CBO RESTORED TO VARIABLE.
                   PARAMETER    6  A_CBO RESTORED TO VARIABLE.
 **********
 **   17 **FIX            0
 **********
 PARAMETER    0  IS UNDEFINED. IGNORED.
 **********
 **   18 **FIX            1
 **********
 **********
 **   19 **FIX            2
 **********
 PARAMETER    2  IS CONSTANT.   IGNORED.
 **********
 **   20 **FIX            3
 **********
 **********
 **   21 **FIX            4
 **********
 **********
 **   22 **FIX            9
 **********
 PARAMETER    9  IS CONSTANT.   IGNORED.
 **********
 **   23 **FIX           11
 **********
 PARAMETER   11  IS CONSTANT.   IGNORED.
 **********
 **   24 **FIX           12
 **********
 PARAMETER   12  IS CONSTANT.   IGNORED.
 **********
 **   25 **FIX           14
 **********
 **********
 **   26 **FIX           15
 **********
 PARAMETER   15  IS CONSTANT.   IGNORED.
 **********
 **   27 **FIX           16
 **********
 PARAMETER   16  IS CONSTANT.   IGNORED.
 **********
 **   28 **MIGRAD
 **********
 START MIGRAD MINIMIZATION.  STRATEGY  1.  CONVERGENCE WHEN EDM .LT. 1.00e-04
 FCN=497.716 FROM MIGRAD    STATUS=INITIATE       18 CALLS         342 TOTAL
                     EDM= unknown      STRATEGY= 1      NO ERROR MATRIX       
  EXT PARAMETER               CURRENT GUESS       STEP         FIRST   
  NO.   NAME      VALUE            ERROR          SIZE      DERIVATIVE 
   1  N0           3.08564e+06     fixed    
   2  tau          6.44002e+01   constant   
   3  A0           3.48604e-01     fixed    
   4  phi          4.13208e+00     fixed    
   5  R           -6.02574e+01   constant   
   6  A_CBO        4.26863e-03   1.00000e-05   1.00000e-05   4.31800e+03
   7  w_CBO        2.32517e+00   1.00000e-03   1.00000e-03  -3.60832e-01
   8  phi_CBO      2.30010e-01   1.00000e-04   1.00000e-04  -6.96154e-01
   9  ANx2         2.45054e-04   constant   
  10  pNx2         5.52114e+00   constant   
  11  ANy1         0.00000e+00   constant   
  12  pNy1         0.00000e+00   constant   
  13  w_y          0.00000e+00   constant   
  14  ANy2         1.46670e-02     fixed    
  15  pNy2         3.05066e+00   constant   
  16  w_vw         1.43134e+01   constant   
  17  LM          -3.45580e-05   constant   
  18  wCBO_expCoeff   1.55996e+02   1.05613e+01  -2.57350e-02  -2.34652e-05
  19  wCBO_expOffset   1.92991e+02   1.78123e+00  -4.41328e-03  -1.09943e-04
  20  wCBO_expT    3.22126e+01   5.71192e-01   1.43791e-03  -1.27684e-03
  21  wCBO_linCoeff   0.00000e+00   constant   
  22  wCBO_const   2.50994e-03   8.72130e-04  -1.75568e-06  -8.44568e-01
 MIGRAD MINIMIZATION HAS CONVERGED.
 MIGRAD WILL VERIFY CONVERGENCE AND ERROR MATRIX.
 FCN=491.639 FROM MIGRAD    STATUS=CONVERGED     249 CALLS         573 TOTAL
                     EDM=2.57583e-06    STRATEGY= 1      ERR MATRIX NOT POS-DEF
  EXT PARAMETER                APPROXIMATE        STEP         FIRST   
  NO.   NAME      VALUE            ERROR          SIZE      DERIVATIVE 
   1  N0           3.08564e+06     fixed    
   2  tau          6.44002e+01   constant   
   3  A0           3.48604e-01     fixed    
   4  phi          4.13208e+00     fixed    
   5  R           -6.02574e+01   constant   
   6  A_CBO        1.62180e-03   1.08249e-03   1.17526e-05   4.98673e-01
   7  w_CBO        2.32607e+00   1.10886e-02   1.34492e-05  -1.40533e+00
   8  phi_CBO      1.02019e+00   1.36895e+00   7.66801e-03   3.03225e-03
   9  ANx2         2.45054e-04   constant   
  10  pNx2         5.52114e+00   constant   
  11  ANy1         0.00000e+00   constant   
  12  pNy1         0.00000e+00   constant   
  13  w_y          0.00000e+00   constant   
  14  ANy2         1.46670e-02     fixed    
  15  pNy2         3.05066e+00   constant   
  16  w_vw         1.43134e+01   constant   
  17  LM          -3.45580e-05   constant   
  18  wCBO_expCoeff   1.59311e+02   1.11181e+01   1.09395e-02  -1.73769e-03
  19  wCBO_expOffset   1.93676e+02   2.23778e+00   2.20127e-03  -8.64610e-03
  20  wCBO_expT    3.20176e+01   2.99988e-01   3.11958e-04  -6.30071e-02
  21  wCBO_linCoeff   0.00000e+00   constant   
  22  wCBO_const   2.82064e-03   4.78480e-03   6.19418e-06  -2.98361e+00
 EXTERNAL ERROR MATRIX.    NDIM=  25    NPAR=  7    ERR DEF=1
  1.172e-06 -4.889e-08 -7.584e-05 -1.797e-04 -3.652e-05  1.041e-05 -2.113e-08 
 -4.889e-08  1.230e-04  1.199e-03 -1.314e-03 -2.732e-04 -1.968e-04 -5.122e-05 
 -7.584e-05  1.199e-03  1.874e+00 -2.372e-01 -4.784e-02  2.253e-02  5.925e-04 
 -1.797e-04 -1.314e-03 -2.372e-01  1.236e+02 -1.488e+01 -1.468e+00  2.186e-03 
 -3.652e-05 -2.732e-04 -4.784e-02 -1.488e+01  5.008e+00 -2.973e-01  4.449e-04 
  1.041e-05 -1.968e-04  2.253e-02 -1.468e+00 -2.973e-01  8.999e-02 -3.944e-05 
 -2.113e-08 -5.122e-05  5.925e-04  2.186e-03  4.449e-04 -3.944e-05  2.289e-05 
ERR MATRIX NOT POS-DEF
 PARAMETER  CORRELATION COEFFICIENTS  
       NO.  GLOBAL      6      7      8     18     19     20     22
        6  0.06787   1.000 -0.004 -0.051 -0.015 -0.015  0.032 -0.004
        7  0.99377  -0.004  1.000  0.079 -0.011 -0.011 -0.059 -0.965
        8  0.85717  -0.051  0.079  1.000 -0.016 -0.016  0.055  0.090
       18  0.99590  -0.015 -0.011 -0.016  1.000 -0.598 -0.440  0.041
       19  0.99591  -0.015 -0.011 -0.016 -0.598  1.000 -0.443  0.042
       20  0.99543   0.032 -0.059  0.055 -0.440 -0.443  1.000 -0.027
       22  0.99290  -0.004 -0.965  0.090  0.041  0.042 -0.027  1.000
 ERR MATRIX NOT POS-DEF
MINUIT - FIT ONLY 1-CBO
 **********
 **   29 **RES 
 **********
                   PARAMETER   14  ANy2 RESTORED TO VARIABLE.
                   PARAMETER    4  phi RESTORED TO VARIABLE.
                   PARAMETER    3  A0 RESTORED TO VARIABLE.
                   PARAMETER    1  N0 RESTORED TO VARIABLE.
 **********
 **   30 **FIX            0
 **********
 PARAMETER    0  IS UNDEFINED. IGNORED.
 **********
 **   31 **FIX            1
 **********
 **********
 **   32 **FIX            2
 **********
 PARAMETER    2  IS CONSTANT.   IGNORED.
 **********
 **   33 **FIX            3
 **********
 **********
 **   34 **FIX            4
 **********
 **********
 **   35 **FIX            8
 **********
 **********
 **   36 **FIX            9
 **********
 PARAMETER    9  IS CONSTANT.   IGNORED.
 **********
 **   37 **FIX           11
 **********
 PARAMETER   11  IS CONSTANT.   IGNORED.
 **********
 **   38 **FIX           12
 **********
 PARAMETER   12  IS CONSTANT.   IGNORED.
 **********
 **   39 **FIX           13
 **********
 PARAMETER   13  IS CONSTANT.   IGNORED.
 **********
 **   40 **FIX           15
 **********
 PARAMETER   15  IS CONSTANT.   IGNORED.
 **********
 **   41 **FIX           16
 **********
 PARAMETER   16  IS CONSTANT.   IGNORED.
 **********
 **   42 **MIGRAD
 **********
 START MIGRAD MINIMIZATION.  STRATEGY  1.  CONVERGENCE WHEN EDM .LT. 1.00e-04
 FCN=491.639 FROM MIGRAD    STATUS=INITIATE       16 CALLS         589 TOTAL
                     EDM= unknown      STRATEGY= 1      NO ERROR MATRIX       
  EXT PARAMETER               CURRENT GUESS       STEP         FIRST   
  NO.   NAME      VALUE            ERROR          SIZE      DERIVATIVE 
   1  N0           3.08564e+06     fixed    
   2  tau          6.44002e+01   constant   
   3  A0           3.48604e-01     fixed    
   4  phi          4.13208e+00     fixed    
   5  R           -6.02574e+01   constant   
   6  A_CBO        1.62180e-03   1.08249e-03   1.17526e-05   4.98672e-01
   7  w_CBO        2.32607e+00   1.10886e-02   1.34492e-05  -1.40246e+00
   8  phi_CBO      1.02019e+00     fixed    
   9  ANx2         2.45054e-04   constant   
  10  pNx2         5.52114e+00   constant   
  11  ANy1         0.00000e+00   constant   
  12  pNy1         0.00000e+00   constant   
  13  w_y          0.00000e+00   constant   
  14  ANy2         1.46670e-02   1.00000e-04   1.00000e-04   2.42654e+04
  15  pNy2         3.05066e+00   constant   
  16  w_vw         1.43134e+01   constant   
  17  LM          -3.45580e-05   constant   
  18  wCBO_expCoeff   1.59311e+02   1.11181e+01   1.09395e-02  -1.72888e-03
  19  wCBO_expOffset   1.93676e+02   2.23778e+00   2.20127e-03  -8.59875e-03
  20  wCBO_expT    3.20176e+01   2.99988e-01   3.11958e-04  -6.27225e-02
  21  wCBO_linCoeff   0.00000e+00   constant   
  22  wCBO_const   2.82064e-03   4.78480e-03   6.19418e-06  -2.97756e+00
 MIGRAD MINIMIZATION HAS CONVERGED.
 MIGRAD WILL VERIFY CONVERGENCE AND ERROR MATRIX.
 FCN=308.604 FROM MIGRAD    STATUS=CONVERGED     133 CALLS         706 TOTAL
                     EDM=2.83984e-05    STRATEGY= 1      ERR MATRIX NOT POS-DEF
  EXT PARAMETER                APPROXIMATE        STEP         FIRST   
  NO.   NAME      VALUE            ERROR          SIZE      DERIVATIVE 
   1  N0           3.08564e+06     fixed    
   2  tau          6.44002e+01   constant   
   3  A0           3.48604e-01     fixed    
   4  phi          4.13208e+00     fixed    
   5  R           -6.02574e+01   constant   
   6  A_CBO        1.68028e-03   1.08183e-03   9.31425e-06   1.79062e-01
   7  w_CBO        2.32608e+00   1.16704e-02   1.04476e-05  -1.65326e-01
   8  phi_CBO      1.02019e+00     fixed    
   9  ANx2         2.45054e-04   constant   
  10  pNx2         5.52114e+00   constant   
  11  ANy1         0.00000e+00   constant   
  12  pNy1         0.00000e+00   constant   
  13  w_y          0.00000e+00   constant   
  14  ANy2        -4.19027e-04   1.11138e-03   9.58026e-06   4.18161e-02
  15  pNy2         3.05066e+00   constant   
  16  w_vw         1.43134e+01   constant   
  17  LM          -3.45580e-05   constant   
  18  wCBO_expCoeff   1.59302e+02   1.16941e+01   8.49634e-03  -4.20321e-05
  19  wCBO_expOffset   1.93675e+02   2.35259e+00   1.70760e-03  -2.09131e-04
  20  wCBO_expT    3.20174e+01   3.11733e-01   2.42009e-04  -2.61328e-02
  21  wCBO_linCoeff   0.00000e+00   constant   
  22  wCBO_const   2.82509e-03   5.03016e-03   4.81173e-06  -3.76817e-01
 EXTERNAL ERROR MATRIX.    NDIM=  25    NPAR=  7    ERR DEF=1
  1.170e-06 -7.047e-09 -3.906e-09 -2.348e-04 -4.743e-05  1.394e-05  1.506e-09 
 -7.047e-09  1.362e-04 -6.822e-10 -1.367e-03 -2.834e-04 -2.264e-04 -5.765e-05 
 -3.906e-09 -6.822e-10  1.235e-06  4.342e-06  8.783e-07 -2.035e-07 -4.646e-10 
 -2.348e-04 -1.367e-03  4.342e-06  1.368e+02 -1.669e+01 -1.591e+00  2.520e-03 
 -4.743e-05 -2.834e-04  8.783e-07 -1.669e+01  5.535e+00 -3.214e-01  5.115e-04 
  1.394e-05 -2.264e-04 -2.035e-07 -1.591e+00 -3.214e-01  9.718e-02 -4.890e-05 
  1.506e-09 -5.765e-05 -4.646e-10  2.520e-03  5.115e-04 -4.890e-05  2.530e-05 
ERR MATRIX NOT POS-DEF
 PARAMETER  CORRELATION COEFFICIENTS  
       NO.  GLOBAL      6      7     14     18     19     20     22
        6  0.04866   1.000 -0.001 -0.003 -0.019 -0.019  0.041  0.000
        7  0.99459  -0.001  1.000 -0.000 -0.010 -0.010 -0.062 -0.982
       14  0.00350  -0.003 -0.000  1.000  0.000  0.000 -0.001 -0.000
       18  0.99644  -0.019 -0.010  0.000  1.000 -0.607 -0.437  0.043
       19  0.99644  -0.019 -0.010  0.000 -0.607  1.000 -0.438  0.043
       20  0.99593   0.041 -0.062 -0.001 -0.437 -0.438  1.000 -0.031
       22  0.99382   0.000 -0.982 -0.000  0.043  0.043 -0.031  1.000
 ERR MATRIX NOT POS-DEF
MINUIT - FIT ONLY 2-CBO
 **********
 **   43 **RES 
 **********
                   PARAMETER    8  phi_CBO RESTORED TO VARIABLE.
                   PARAMETER    4  phi RESTORED TO VARIABLE.
                   PARAMETER    3  A0 RESTORED TO VARIABLE.
                   PARAMETER    1  N0 RESTORED TO VARIABLE.
 **********
 **   44 **FIX            0
 **********
 PARAMETER    0  IS UNDEFINED. IGNORED.
 **********
 **   45 **FIX            1
 **********
 **********
 **   46 **FIX            2
 **********
 PARAMETER    2  IS CONSTANT.   IGNORED.
 **********
 **   47 **FIX            3
 **********
 **********
 **   48 **FIX            4
 **********
 **********
 **   49 **FIX            5
 **********
 PARAMETER    5  IS CONSTANT.   IGNORED.
 **********
 **   50 **FIX            6
 **********
 **********
 **   51 **FIX            7
 **********
 **********
 **   52 **FIX           10
 **********
 PARAMETER   10  IS CONSTANT.   IGNORED.
 **********
 **   53 **FIX           11
 **********
 PARAMETER   11  IS CONSTANT.   IGNORED.
 **********
 **   54 **FIX           12
 **********
 PARAMETER   12  IS CONSTANT.   IGNORED.
 **********
 **   55 **FIX           13
 **********
 PARAMETER   13  IS CONSTANT.   IGNORED.
 **********
 **   56 **FIX           14
 **********
 **********
 **   57 **FIX           15
 **********
 PARAMETER   15  IS CONSTANT.   IGNORED.
 **********
 **   58 **FIX           16
 **********
 PARAMETER   16  IS CONSTANT.   IGNORED.
 **********
 **   59 **MIGRAD
 **********
 START MIGRAD MINIMIZATION.  STRATEGY  1.  CONVERGENCE WHEN EDM .LT. 1.00e-04
 FCN=308.604 FROM MIGRAD    STATUS=INITIATE       10 CALLS         716 TOTAL
                     EDM= unknown      STRATEGY= 1      NO ERROR MATRIX       
  EXT PARAMETER               CURRENT GUESS       STEP         FIRST   
  NO.   NAME      VALUE            ERROR          SIZE      DERIVATIVE 
   1  N0           3.08564e+06     fixed    
   2  tau          6.44002e+01   constant   
   3  A0           3.48604e-01     fixed    
   4  phi          4.13208e+00     fixed    
   5  R           -6.02574e+01   constant   
   6  A_CBO        1.68028e-03     fixed    
   7  w_CBO        2.32608e+00     fixed    
   8  phi_CBO      1.02019e+00   1.36895e+00   1.36895e+00  -1.65984e-02
   9  ANx2         2.45054e-04   constant   
  10  pNx2         5.52114e+00   constant   
  11  ANy1         0.00000e+00   constant   
  12  pNy1         0.00000e+00   constant   
  13  w_y          0.00000e+00   constant   
  14  ANy2        -4.19027e-04     fixed    
  15  pNy2         3.05066e+00   constant   
  16  w_vw         1.43134e+01   constant   
  17  LM          -3.45580e-05   constant   
  18  wCBO_expCoeff   1.59302e+02   1.16941e+01   8.49634e-03  -4.10446e-05
  19  wCBO_expOffset   1.93675e+02   2.35259e+00   1.70760e-03  -2.03849e-04
  20  wCBO_expT    3.20174e+01   3.11733e-01   2.42009e-04  -2.59391e-02
  21  wCBO_linCoeff   0.00000e+00   constant   
  22  wCBO_const   2.82509e-03   5.03016e-03   4.81173e-06  -3.72704e-01
 MIGRAD MINIMIZATION HAS CONVERGED.
 MIGRAD WILL VERIFY CONVERGENCE AND ERROR MATRIX.
 FCN=308.604 FROM MIGRAD    STATUS=CONVERGED      85 CALLS         791 TOTAL
                     EDM=3.45047e-05    STRATEGY= 1      ERR MATRIX NOT POS-DEF
  EXT PARAMETER                APPROXIMATE        STEP         FIRST   
  NO.   NAME      VALUE            ERROR          SIZE      DERIVATIVE 
   1  N0           3.08564e+06     fixed    
   2  tau          6.44002e+01   constant   
   3  A0           3.48604e-01     fixed    
   4  phi          4.13208e+00     fixed    
   5  R           -6.02574e+01   constant   
   6  A_CBO        1.68028e-03     fixed    
   7  w_CBO        2.32608e+00     fixed    
   8  phi_CBO      1.03724e+00   1.38906e+00   5.87219e-03   6.74803e-05
   9  ANx2         2.45054e-04   constant   
  10  pNx2         5.52114e+00   constant   
  11  ANy1         0.00000e+00   constant   
  12  pNy1         0.00000e+00   constant   
  13  w_y          0.00000e+00   constant   
  14  ANy2        -4.19027e-04     fixed    
  15  pNy2         3.05066e+00   constant   
  16  w_vw         1.43134e+01   constant   
  17  LM          -3.45580e-05   constant   
  18  wCBO_expCoeff   1.59302e+02   1.18352e+01   8.49098e-03   1.01989e-04
  19  wCBO_expOffset   1.93675e+02   2.38098e+00   1.70653e-03   5.07449e-04
  20  wCBO_expT    3.20176e+01   3.14727e-01   2.41887e-04  -2.29946e-02
  21  wCBO_linCoeff   0.00000e+00   constant   
  22  wCBO_const   2.83537e-03   1.24969e-03   4.81192e-06   3.42919e-02
 EXTERNAL ERROR MATRIX.    NDIM=  25    NPAR=  5    ERR DEF=1
  1.929e+00 -1.264e-01 -2.515e-02  2.232e-02  1.129e-03 
 -1.264e-01  1.401e+02 -1.714e+01 -1.628e+00  1.916e-03 
 -2.515e-02 -1.714e+01  5.669e+00 -3.288e-01  3.866e-04 
  2.232e-02 -1.628e+00 -3.288e-01  9.905e-02 -1.345e-04 
  1.129e-03  1.916e-03  3.866e-04 -1.345e-04  1.562e-06 
ERR MATRIX NOT POS-DEF
 PARAMETER  CORRELATION COEFFICIENTS  
       NO.  GLOBAL      8     18     19     20     22
        8  0.87145   1.000 -0.008 -0.008  0.051  0.650
       18  0.99653  -0.008  1.000 -0.608 -0.437  0.130
       19  0.99654  -0.008 -0.608  1.000 -0.439  0.130
       20  0.99602   0.051 -0.437 -0.439  1.000 -0.342
       22  0.89469   0.650  0.130  0.130 -0.342  1.000
 ERR MATRIX NOT POS-DEF
MINUIT - FIT ONLY 1-y
 **********
 **   60 **RES 
 **********
                   PARAMETER   14  ANy2 RESTORED TO VARIABLE.
                   PARAMETER    7  w_CBO RESTORED TO VARIABLE.
                   PARAMETER    6  A_CBO RESTORED TO VARIABLE.
                   PARAMETER    4  phi RESTORED TO VARIABLE.
                   PARAMETER    3  A0 RESTORED TO VARIABLE.
                   PARAMETER    1  N0 RESTORED TO VARIABLE.
 **********
 **   61 **FIX            0
 **********
 PARAMETER    0  IS UNDEFINED. IGNORED.
 **********
 **   62 **FIX            1
 **********
 **********
 **   63 **FIX            2
 **********
 PARAMETER    2  IS CONSTANT.   IGNORED.
 **********
 **   64 **FIX            3
 **********
 **********
 **   65 **FIX            4
 **********
 **********
 **   66 **FIX            5
 **********
 PARAMETER    5  IS CONSTANT.   IGNORED.
 **********
 **   67 **FIX            6
 **********
 **********
 **   68 **FIX            7
 **********
 **********
 **   69 **FIX            8
 **********
 **********
 **   70 **FIX            9
 **********
 PARAMETER    9  IS CONSTANT.   IGNORED.
 **********
 **   71 **FIX           13
 **********
 PARAMETER   13  IS CONSTANT.   IGNORED.
 **********
 **   72 **FIX           14
 **********
 **********
 **   73 **FIX           15
 **********
 PARAMETER   15  IS CONSTANT.   IGNORED.
 **********
 **   74 **FIX           16
 **********
 PARAMETER   16  IS CONSTANT.   IGNORED.
 **********
 **   75 **MIGRAD
 **********
 START MIGRAD MINIMIZATION.  STRATEGY  1.  CONVERGENCE WHEN EDM .LT. 1.00e-04
 FCN=308.604 FROM MIGRAD    STATUS=INITIATE        8 CALLS         799 TOTAL
                     EDM= unknown      STRATEGY= 1      NO ERROR MATRIX       
  EXT PARAMETER               CURRENT GUESS       STEP         FIRST   
  NO.   NAME      VALUE            ERROR          SIZE      DERIVATIVE 
   1  N0           3.08564e+06     fixed    
   2  tau          6.44002e+01   constant   
   3  A0           3.48604e-01     fixed    
   4  phi          4.13208e+00     fixed    
   5  R           -6.02574e+01   constant   
   6  A_CBO        1.68028e-03     fixed    
   7  w_CBO        2.32608e+00     fixed    
   8  phi_CBO      1.03724e+00     fixed    
   9  ANx2         2.45054e-04   constant   
  10  pNx2         5.52114e+00   constant   
  11  ANy1         0.00000e+00   constant   
  12  pNy1         0.00000e+00   constant   
  13  w_y          0.00000e+00   constant   
  14  ANy2        -4.19027e-04     fixed    
  15  pNy2         3.05066e+00   constant   
  16  w_vw         1.43134e+01   constant   
  17  LM          -3.45580e-05   constant   
  18  wCBO_expCoeff   1.59302e+02   1.18352e+01   8.49098e-03   1.02922e-04
  19  wCBO_expOffset   1.93675e+02   2.38098e+00   1.70653e-03   5.12456e-04
  20  wCBO_expT    3.20176e+01   3.14727e-01   2.41887e-04  -2.28107e-02
  21  wCBO_linCoeff   0.00000e+00   constant   
  22  wCBO_const   2.83537e-03   1.24969e-03   4.81192e-06   3.49312e-02
 MIGRAD MINIMIZATION HAS CONVERGED.
 MIGRAD WILL VERIFY CONVERGENCE AND ERROR MATRIX.
 FCN=308.604 FROM MIGRAD    STATUS=CONVERGED      41 CALLS         832 TOTAL
                     EDM=3.96148e-05    STRATEGY= 1      ERR MATRIX NOT POS-DEF
  EXT PARAMETER                APPROXIMATE        STEP         FIRST   
  NO.   NAME      VALUE            ERROR          SIZE      DERIVATIVE 
   1  N0           3.08564e+06     fixed    
   2  tau          6.44002e+01   constant   
   3  A0           3.48604e-01     fixed    
   4  phi          4.13208e+00     fixed    
   5  R           -6.02574e+01   constant   
   6  A_CBO        1.68028e-03     fixed    
   7  w_CBO        2.32608e+00     fixed    
   8  phi_CBO      1.03724e+00     fixed    
   9  ANx2         2.45054e-04   constant   
  10  pNx2         5.52114e+00   constant   
  11  ANy1         0.00000e+00   constant   
  12  pNy1         0.00000e+00   constant   
  13  w_y          0.00000e+00   constant   
  14  ANy2        -4.19027e-04     fixed    
  15  pNy2         3.05066e+00   constant   
  16  w_vw         1.43134e+01   constant   
  17  LM          -3.45580e-05   constant   
  18  wCBO_expCoeff   1.59302e+02   1.28560e+01   8.49165e-03   1.17267e-03
  19  wCBO_expOffset   1.93675e+02   2.58613e+00   1.70670e-03   5.83467e-03
  20  wCBO_expT    3.20176e+01   3.35914e-01   2.41911e-04   1.46716e-02
  21  wCBO_linCoeff   0.00000e+00   constant   
  22  wCBO_const   2.83535e-03   9.64967e-04   4.81130e-06   1.48637e+00
 EXTERNAL ERROR MATRIX.    NDIM=  25    NPAR=  4    ERR DEF=1
  1.653e+02 -2.066e+01 -1.859e+00  2.322e-03 
 -2.066e+01  6.688e+00 -3.754e-01  4.681e-04 
 -1.859e+00 -3.754e-01  1.128e-01 -1.677e-04 
  2.322e-03  4.681e-04 -1.677e-04  9.312e-07 
ERR MATRIX NOT POS-DEF
 PARAMETER  CORRELATION COEFFICIENTS  
       NO.  GLOBAL     18     19     20     22
       18  0.99706   1.000 -0.621 -0.431  0.187
       19  0.99706  -0.621  1.000 -0.432  0.188
       20  0.99650  -0.431 -0.432  1.000 -0.517
       22  0.81557   0.187  0.188 -0.517  1.000
 ERR MATRIX NOT POS-DEF
MINUIT - FIT ONLY 2-y
 **********
 **   76 **RES 
 **********
                   PARAMETER   14  ANy2 RESTORED TO VARIABLE.
                   PARAMETER    8  phi_CBO RESTORED TO VARIABLE.
                   PARAMETER    7  w_CBO RESTORED TO VARIABLE.
                   PARAMETER    6  A_CBO RESTORED TO VARIABLE.
                   PARAMETER    4  phi RESTORED TO VARIABLE.
                   PARAMETER    3  A0 RESTORED TO VARIABLE.
                   PARAMETER    1  N0 RESTORED TO VARIABLE.
 **********
 **   77 **FIX            0
 **********
 PARAMETER    0  IS UNDEFINED. IGNORED.
 **********
 **   78 **FIX            1
 **********
 **********
 **   79 **FIX            2
 **********
 PARAMETER    2  IS CONSTANT.   IGNORED.
 **********
 **   80 **FIX            3
 **********
 **********
 **   81 **FIX            4
 **********
 **********
 **   82 **FIX            5
 **********
 PARAMETER    5  IS CONSTANT.   IGNORED.
 **********
 **   83 **FIX            6
 **********
 **********
 **   84 **FIX            7
 **********
 **********
 **   85 **FIX            8
 **********
 **********
 **   86 **FIX            9
 **********
 PARAMETER    9  IS CONSTANT.   IGNORED.
 **********
 **   87 **FIX           10
 **********
 PARAMETER   10  IS CONSTANT.   IGNORED.
 **********
 **   88 **FIX           11
 **********
 PARAMETER   11  IS CONSTANT.   IGNORED.
 **********
 **   89 **FIX           12
 **********
 PARAMETER   12  IS CONSTANT.   IGNORED.
 **********
 **   90 **FIX           16
 **********
 PARAMETER   16  IS CONSTANT.   IGNORED.
 **********
 **   91 **MIGRAD
 **********
 START MIGRAD MINIMIZATION.  STRATEGY  1.  CONVERGENCE WHEN EDM .LT. 1.00e-04
 FCN=308.604 FROM MIGRAD    STATUS=INITIATE       10 CALLS         842 TOTAL
                     EDM= unknown      STRATEGY= 1      NO ERROR MATRIX       
  EXT PARAMETER               CURRENT GUESS       STEP         FIRST   
  NO.   NAME      VALUE            ERROR          SIZE      DERIVATIVE 
   1  N0           3.08564e+06     fixed    
   2  tau          6.44002e+01   constant   
   3  A0           3.48604e-01     fixed    
   4  phi          4.13208e+00     fixed    
   5  R           -6.02574e+01   constant   
   6  A_CBO        1.68028e-03     fixed    
   7  w_CBO        2.32608e+00     fixed    
   8  phi_CBO      1.03724e+00     fixed    
   9  ANx2         2.45054e-04   constant   
  10  pNx2         5.52114e+00   constant   
  11  ANy1         0.00000e+00   constant   
  12  pNy1         0.00000e+00   constant   
  13  w_y          0.00000e+00   constant   
  14  ANy2        -4.19027e-04   1.11138e-03   1.11138e-03   4.90054e-02
  15  pNy2         3.05066e+00   constant   
  16  w_vw         1.43134e+01   constant   
  17  LM          -3.45580e-05   constant   
  18  wCBO_expCoeff   1.59302e+02   1.28560e+01   8.49165e-03   1.17831e-03
  19  wCBO_expOffset   1.93675e+02   2.58613e+00   1.70670e-03   5.86493e-03
  20  wCBO_expT    3.20176e+01   3.35914e-01   2.41911e-04   1.48548e-02
  21  wCBO_linCoeff   0.00000e+00   constant   
  22  wCBO_const   2.83535e-03   9.64967e-04   4.81130e-06   1.49024e+00
 MIGRAD MINIMIZATION HAS CONVERGED.
 MIGRAD WILL VERIFY CONVERGENCE AND ERROR MATRIX.
 FCN=308.604 FROM MIGRAD    STATUS=CONVERGED      53 CALLS         885 TOTAL
                     EDM=3.91703e-05    STRATEGY= 1      ERR MATRIX NOT POS-DEF
  EXT PARAMETER                APPROXIMATE        STEP         FIRST   
  NO.   NAME      VALUE            ERROR          SIZE      DERIVATIVE 
   1  N0           3.08564e+06     fixed    
   2  tau          6.44002e+01   constant   
   3  A0           3.48604e-01     fixed    
   4  phi          4.13208e+00     fixed    
   5  R           -6.02574e+01   constant   
   6  A_CBO        1.68028e-03     fixed    
   7  w_CBO        2.32608e+00     fixed    
   8  phi_CBO      1.03724e+00     fixed    
   9  ANx2         2.45054e-04   constant   
  10  pNx2         5.52114e+00   constant   
  11  ANy1         0.00000e+00   constant   
  12  pNy1         0.00000e+00   constant   
  13  w_y          0.00000e+00   constant   
  14  ANy2        -4.19037e-04   1.11189e-03   9.58025e-06   3.42574e-02
  15  pNy2         3.05066e+00   constant   
  16  w_vw         1.43134e+01   constant   
  17  LM          -3.45580e-05   constant   
  18  wCBO_expCoeff   1.59302e+02   1.28553e+01   8.49115e-03   1.28459e-04
  19  wCBO_expOffset   1.93675e+02   2.58657e+00   1.70660e-03   6.39234e-04
  20  wCBO_expT    3.20176e+01   3.35935e-01   2.41898e-04  -2.22286e-02
  21  wCBO_linCoeff   0.00000e+00   constant   
  22  wCBO_const   2.83528e-03   9.64984e-04   4.81121e-06  -9.11945e-02
 EXTERNAL ERROR MATRIX.    NDIM=  25    NPAR=  5    ERR DEF=1
  1.236e-06  3.880e-06  7.857e-07 -1.804e-07 -7.122e-10 
  3.880e-06  1.653e+02 -2.066e+01 -1.859e+00  2.321e-03 
  7.857e-07 -2.066e+01  6.690e+00 -3.757e-01  4.684e-04 
 -1.804e-07 -1.859e+00 -3.757e-01  1.129e-01 -1.677e-04 
 -7.122e-10  2.321e-03  4.684e-04 -1.677e-04  9.312e-07 
ERR MATRIX NOT POS-DEF
 PARAMETER  CORRELATION COEFFICIENTS  
       NO.  GLOBAL     14     18     19     20     22
       14  0.00128   1.000  0.000  0.000 -0.000 -0.001
       18  0.99706   0.000  1.000 -0.621 -0.430  0.187
       19  0.99706   0.000 -0.621  1.000 -0.432  0.188
       20  0.99650  -0.000 -0.430 -0.432  1.000 -0.517
       22  0.81557  -0.001  0.187  0.188 -0.517  1.000
 ERR MATRIX NOT POS-DEF
MINUIT - FIT ALTOGETHER
 **********
 **   92 **RES 
 **********
                   PARAMETER    8  phi_CBO RESTORED TO VARIABLE.
                   PARAMETER    7  w_CBO RESTORED TO VARIABLE.
                   PARAMETER    6  A_CBO RESTORED TO VARIABLE.
                   PARAMETER    4  phi RESTORED TO VARIABLE.
                   PARAMETER    3  A0 RESTORED TO VARIABLE.
                   PARAMETER    1  N0 RESTORED TO VARIABLE.
 **********
 **   93 **MIGRAD
 **********
 START MIGRAD MINIMIZATION.  STRATEGY  1.  CONVERGENCE WHEN EDM .LT. 1.00e-04
 FCN=308.604 FROM MIGRAD    STATUS=INITIATE       22 CALLS         907 TOTAL
                     EDM= unknown      STRATEGY= 1      NO ERROR MATRIX       
  EXT PARAMETER               CURRENT GUESS       STEP         FIRST   
  NO.   NAME      VALUE            ERROR          SIZE      DERIVATIVE 
   1  N0           3.08564e+06   2.49565e+03   2.49565e+03  -1.57456e-04
   2  tau          6.44002e+01   constant   
   3  A0           3.48604e-01   1.02958e-03   1.02958e-03   8.81155e+02
   4  phi          4.13208e+00   3.26557e-03   3.26557e-03   8.63979e+01
   5  R           -6.02574e+01   constant   
   6  A_CBO        1.68028e-03   1.08183e-03   1.08183e-03   1.10125e+00
   7  w_CBO        2.32608e+00   1.16704e-02   1.16704e-02  -2.86794e-02
   8  phi_CBO      1.03724e+00   1.38906e+00   1.38906e+00   1.33646e-04
   9  ANx2         2.45054e-04   constant   
  10  pNx2         5.52114e+00   constant   
  11  ANy1         0.00000e+00   constant   
  12  pNy1         0.00000e+00   constant   
  13  w_y          0.00000e+00   constant   
  14  ANy2        -4.19037e-04   1.11189e-03   9.58025e-06   3.42575e-02
  15  pNy2         3.05066e+00   constant   
  16  w_vw         1.43134e+01   constant   
  17  LM          -3.45580e-05   constant   
  18  wCBO_expCoeff   1.59302e+02   1.28553e+01   8.49115e-03   1.34119e-04
  19  wCBO_expOffset   1.93675e+02   2.58657e+00   1.70660e-03   6.69608e-04
