 + ++++++++++++++++++++++++++++++++++++++++++++++++++++++++++++++++++++ +
 +                                                                      +
 +           You have chose to blind your fitting according to          +
 +                omega_ref * (1 + (R +/- deltaR) *10^{-6})             +
 +                                                                      +
 + ++++++++++++++++++++++++++++++++++++++++++++++++++++++++++++++++++++ +
In main()...
reading format from /gm2data/zkhechad/run45/envelope/formats/formatB_sBin_constraintOn.txt
pBinTau 	= 0  
pBinPhi 	= 0  
constraintau 	= 1 
includeMopTerm 	= 0    
constrainMop    = 0   
Parameters after format file: pBinTau 0 pBinPhi 0 constraintau 1 includeMopTerm 0 constrainMop 0 c_e_scale 0.000000 
reading cbo reference file (full fit) from /gm2data/zkhechad/cboTemplates/Run4CBOTemplates/fullFits/run4/sBin_constraintOn_cE0.0_seed0_run4_calo7.root
A_CBO 0.010017 w_CBO 2.326795 phi_CBO 5.385454 N0 2934724.912691 R -61.426290 tau 64.406392 
Reading cboRef file /gm2data/zkhechad/cboTemplates/Run4CBOTemplates//cboIsolate/run4_calo7.root
deltaT 164.120000
windowBins = 1100
fitting sliding window 1240 from bin 1443 at 215.295600 to bin 2543 at 379.415600 (1100 bins)

Reading data from /gm2data/cornell/histograms/aMethod/histogram_a_run4.root
fitting cbo isolate
 **********
 **    1 **SET PRINTOUT            1
 **********
 **********
 **    2 **SET NOWARNINGS 
 **********
 PARAMETER DEFINITIONS:
    NO.   NAME         VALUE      STEP SIZE      LIMITS
     1 A_CBO        1.00169e-02  1.00000e-05     no limits
     2 w_CBO        2.32680e+00  1.00000e-02    2.00000e+00  3.00000e+00
     3 phi_CBO      5.38545e+00  1.00000e-02    0.00000e+00  6.28319e+00
 **********
 **    3 **MIGRAD
 **********
 FIRST CALL TO USER FUNCTION AT NEW START POINT, WITH IFLAG=4.
 START MIGRAD MINIMIZATION.  STRATEGY  1.  CONVERGENCE WHEN EDM .LT. 1.00e-04
 FCN=0.0438436 FROM MIGRAD    STATUS=INITIATE       12 CALLS          13 TOTAL
                     EDM= unknown      STRATEGY= 1      NO ERROR MATRIX       
  EXT PARAMETER               CURRENT GUESS       STEP         FIRST   
  NO.   NAME      VALUE            ERROR          SIZE      DERIVATIVE 
   1  A_CBO        1.00169e-02   1.00000e-05   1.00000e-05   7.33425e+00
   2  w_CBO        2.32680e+00   1.00000e-02   2.13223e-02  -7.20663e-03
   3  phi_CBO      5.38545e+00   1.00000e-02   4.54801e-03   8.06237e-04
 MIGRAD MINIMIZATION HAS CONVERGED.
 MIGRAD WILL VERIFY CONVERGENCE AND ERROR MATRIX.
 COVARIANCE MATRIX CALCULATED SUCCESSFULLY
 FCN=0.0194431 FROM MIGRAD    STATUS=CONVERGED      41 CALLS          42 TOTAL
                     EDM=3.36967e-05    STRATEGY= 1      ERROR MATRIX ACCURATE 
  EXT PARAMETER                                   STEP         FIRST   
  NO.   NAME      VALUE            ERROR          SIZE      DERIVATIVE 
   1  A_CBO        3.36329e-03   4.27630e-02   2.09995e-05  -1.94390e-04
   2  w_CBO        2.32680e+00   2.47584e-01   4.51766e-05   1.24823e-02
   3  phi_CBO      5.37537e+00   4.96751e+00   2.83396e-03   3.67664e-05
 EXTERNAL ERROR MATRIX.    NDIM=  25    NPAR=  3    ERR DEF=1
  1.829e-03 -9.871e-04 -2.893e-01 
 -9.871e-04  6.803e-02  1.982e+01 
 -2.893e-01  1.982e+01  5.937e+03 
 PARAMETER  CORRELATION COEFFICIENTS  
       NO.  GLOBAL      1      2      3
        1  0.08855   1.000 -0.089 -0.088
        2  0.98633  -0.089  1.000  0.986
        3  0.98633  -0.088  0.986  1.000
setting A_CBO=0.003363 w_CBO=2.326800, phi_CBO=5.375371
done fitting cbo isolate
 **********
 **    1 **SET PRINTOUT            1
 **********
 **********
 **    2 **SET NOWARNINGS 
 **********
 PARAMETER DEFINITIONS:
    NO.   NAME         VALUE      STEP SIZE      LIMITS
     1 N0           2.93472e+06  1.00000e+02     no limits
     2 tau          6.44064e+01  constant
     3 A0           3.50200e-01  1.00000e-04     no limits
     4 phi          4.11726e+00  1.00000e-02     no limits
     5 R           -6.14263e+01  constant
     6 A_CBO        3.36329e-03  1.00000e-05     no limits
     7 w_CBO        2.32680e+00  1.00000e-03     no limits
     8 phi_CBO      5.37537e+00  1.00000e-04     no limits
     9 ANx2         5.09258e-04  constant
    10 pNx2         1.79030e-01  constant
    11 ANy1         0.00000e+00  constant
    12 pNy1         0.00000e+00  constant
    13 w_y          0.00000e+00  constant
    14 ANy2         8.95951e-03  1.00000e-04     no limits
    15 pNy2         6.17155e+00  constant
    16 w_vw         1.43200e+01  constant
    17 LM          -8.21731e-05  constant
    18 wCBO_expCoeff   2.00000e+02  1.00000e+00     no limits
    19 wCBO_expOffset   2.00000e+02  1.00000e+00     no limits
    20 wCBO_expT    3.00000e+01  1.00000e+00     no limits
    21 wCBO_linCoeff   0.00000e+00  constant
    22 wCBO_const   0.00000e+00  1.00000e-02     no limits
MINUIT - FIT ONLY WIGGLE
 **********
 **    3 **FIX            5
 **********
 PARAMETER    5  IS CONSTANT.   IGNORED.
 **********
 **    4 **FIX            6
 **********
 **********
 **    5 **FIX            7
 **********
 **********
 **    6 **FIX            8
 **********
 **********
 **    7 **FIX            9
 **********
 PARAMETER    9  IS CONSTANT.   IGNORED.
 **********
 **    8 **FIX           10
 **********
 PARAMETER   10  IS CONSTANT.   IGNORED.
 **********
 **    9 **FIX           11
 **********
 PARAMETER   11  IS CONSTANT.   IGNORED.
 **********
 **   10 **FIX           12
 **********
 PARAMETER   12  IS CONSTANT.   IGNORED.
 **********
 **   11 **FIX           13
 **********
 PARAMETER   13  IS CONSTANT.   IGNORED.
 **********
 **   12 **FIX           14
 **********
 **********
 **   13 **FIX           15
 **********
 PARAMETER   15  IS CONSTANT.   IGNORED.
 **********
 **   14 **FIX           16
 **********
 PARAMETER   16  IS CONSTANT.   IGNORED.
 **********
 **   15 **MIGRAD
 **********
 FIRST CALL TO USER FUNCTION AT NEW START POINT, WITH IFLAG=4.
 START MIGRAD MINIMIZATION.  STRATEGY  1.  CONVERGENCE WHEN EDM .LT. 1.00e-04
 FCN=1803.57 FROM MIGRAD    STATUS=INITIATE       56 CALLS          57 TOTAL
                     EDM= unknown      STRATEGY= 1      NO ERROR MATRIX       
  EXT PARAMETER               CURRENT GUESS       STEP         FIRST   
  NO.   NAME      VALUE            ERROR          SIZE      DERIVATIVE 
   1  N0           2.93472e+06   1.00000e+02   0.00000e+00   1.70948e-03
   2  tau          6.44064e+01   constant   
   3  A0           3.50200e-01   1.00000e-04   0.00000e+00   1.09370e+04
   4  phi          4.11726e+00   1.00000e-02   0.00000e+00  -6.14923e+02
   5  R           -6.14263e+01   constant   
   6  A_CBO        3.36329e-03     fixed    
   7  w_CBO        2.32680e+00     fixed    
   8  phi_CBO      5.37537e+00     fixed    
   9  ANx2         5.09258e-04   constant   
  10  pNx2         1.79030e-01   constant   
  11  ANy1         0.00000e+00   constant   
  12  pNy1         0.00000e+00   constant   
  13  w_y          0.00000e+00   constant   
  14  ANy2         8.95951e-03     fixed    
  15  pNy2         6.17155e+00   constant   
  16  w_vw         1.43200e+01   constant   
  17  LM          -8.21731e-05   constant   
  18  wCBO_expCoeff   2.00003e+02   1.00000e+00   2.80149e-03   6.36251e+00
  19  wCBO_expOffset   2.00000e+02   1.00000e+00   0.00000e+00   6.27886e+02
  20  wCBO_expT    3.00000e+01   1.00000e+00   0.00000e+00   1.57903e+04
  21  wCBO_linCoeff   0.00000e+00   constant   
  22  wCBO_const   0.00000e+00   1.00000e-02   0.00000e+00  -7.23283e+03
 MIGRAD FAILS TO FIND IMPROVEMENT
 FCN=1755.62 FROM HESSE     STATUS=NOT POSDEF     52 CALLS         331 TOTAL
                     EDM=0.000111741    STRATEGY= 1      ERR MATRIX NOT POS-DEF
  EXT PARAMETER                APPROXIMATE        STEP         FIRST   
  NO.   NAME      VALUE            ERROR          SIZE      DERIVATIVE 
   1  N0           2.93523e+06   5.24340e+02   1.08675e+01  -1.81874e-05
   2  tau          6.44064e+01   constant   
   3  A0           3.50060e-01   2.41682e-04   5.01105e-06  -1.42212e+01
   4  phi          4.11620e+00   7.15300e-04   1.47405e-05   2.07582e+01
   5  R           -6.14263e+01   constant   
   6  A_CBO        3.36329e-03     fixed    
   7  w_CBO        2.32680e+00     fixed    
   8  phi_CBO      5.37537e+00     fixed    
   9  ANx2         5.09258e-04   constant   
  10  pNx2         1.79030e-01   constant   
  11  ANy1         0.00000e+00   constant   
  12  pNy1         0.00000e+00   constant   
  13  w_y          0.00000e+00   constant   
  14  ANy2         8.95951e-03     fixed    
  15  pNy2         6.17155e+00   constant   
  16  w_vw         1.43200e+01   constant   
  17  LM          -8.21731e-05   constant   
  18  wCBO_expCoeff   2.00012e+02   6.71310e-03   9.53732e-05  -1.63549e+01
  19  wCBO_expOffset   2.00001e+02   1.08719e-03   9.53680e-05  -1.07808e+02
  20  wCBO_expT    2.99959e+01   2.98063e-04   1.43032e-05  -6.37599e+01
  21  wCBO_linCoeff   0.00000e+00   constant   
  22  wCBO_const   1.33271e-03   3.82820e-04   4.01788e-06  -3.96649e+01
 MIGRAD FAILS TO FIND IMPROVEMENT
 MIGRAD TERMINATED WITHOUT CONVERGENCE.
 FCN=1755.62 FROM MIGRAD    STATUS=FAILED        357 CALLS         358 TOTAL
                     EDM=0.0223372    STRATEGY= 1      ERR MATRIX NOT POS-DEF
  EXT PARAMETER                APPROXIMATE        STEP         FIRST   
  NO.   NAME      VALUE            ERROR          SIZE      DERIVATIVE 
   1  N0           2.93523e+06   5.48443e+02   0.00000e+00   2.31166e-06
   2  tau          6.44064e+01   constant   
   3  A0           3.50060e-01   2.43404e-04   0.00000e+00   1.86258e+00
   4  phi          4.11619e+00   7.88382e-04  -0.00000e+00  -2.64031e+00
   5  R           -6.14263e+01   constant   
   6  A_CBO        3.36329e-03     fixed    
   7  w_CBO        2.32680e+00     fixed    
   8  phi_CBO      5.37537e+00     fixed    
   9  ANx2         5.09258e-04   constant   
  10  pNx2         1.79030e-01   constant   
  11  ANy1         0.00000e+00   constant   
  12  pNy1         0.00000e+00   constant   
  13  w_y          0.00000e+00   constant   
  14  ANy2         8.95951e-03     fixed    
  15  pNy2         6.17155e+00   constant   
  16  w_vw         1.43200e+01   constant   
  17  LM          -8.21731e-05   constant   
  18  wCBO_expCoeff   2.00012e+02   1.74408e-03   0.00000e+00   2.01461e+00
  19  wCBO_expOffset   2.00001e+02   1.04822e-04  -0.00000e+00   2.89062e+02
  20  wCBO_expT    2.99959e+01   2.91327e-04  -0.00000e+00   1.92963e+01
  21  wCBO_linCoeff   0.00000e+00   constant   
  22  wCBO_const   1.33346e-03   3.84650e-04   0.00000e+00   3.56629e+00
 EXTERNAL ERROR MATRIX.    NDIM=  25    NPAR=  7    ERR DEF=1
  3.008e+05  5.678e-03 -5.279e-02  1.230e-01 -8.637e-03 -1.311e-02  6.770e-03 
  5.678e-03  5.925e-08 -1.138e-08  5.150e-08 -1.484e-09 -4.951e-09 -3.750e-09 
 -5.279e-02 -1.138e-08  6.215e-07 -2.572e-07  1.764e-08  2.982e-08 -7.933e-09 
  1.230e-01  5.150e-08 -2.572e-07  3.042e-06 -8.012e-08 -3.472e-07 -1.819e-08 
 -8.637e-03 -1.484e-09  1.764e-08 -8.012e-08  1.099e-08 -2.319e-10  3.932e-10 
 -1.311e-02 -4.951e-09  2.982e-08 -3.472e-07 -2.319e-10  8.487e-08 -5.989e-08 
  6.770e-03 -3.750e-09 -7.933e-09 -1.819e-08  3.932e-10 -5.989e-08  1.480e-07 
ERR MATRIX NOT POS-DEF
 PARAMETER  CORRELATION COEFFICIENTS  
       NO.  GLOBAL      1      3      4     18     19     20     22
        1  0.19194   1.000  0.043 -0.122  0.129 -0.150 -0.082  0.032
        3  0.13678   0.043  1.000 -0.059  0.121 -0.058 -0.070 -0.040
        4  0.27541  -0.122 -0.059  1.000 -0.187  0.213  0.130 -0.026
       18  0.93637   0.129  0.121 -0.187  1.000 -0.438 -0.683 -0.027
       19  0.79112  -0.150 -0.058  0.213 -0.438  1.000 -0.008  0.010
       20  0.94445  -0.082 -0.070  0.130 -0.683 -0.008  1.000 -0.534
       22  0.85987   0.032 -0.040 -0.026 -0.027  0.010 -0.534  1.000
 ERR MATRIX NOT POS-DEF
MINUIT - FIT ONLY 1-CBO + other amplitudes 
 **********
 **   16 **RES 
 **********
                   PARAMETER   14  ANy2 RESTORED TO VARIABLE.
                   PARAMETER    8  phi_CBO RESTORED TO VARIABLE.
                   PARAMETER    7  w_CBO RESTORED TO VARIABLE.
                   PARAMETER    6  A_CBO RESTORED TO VARIABLE.
 **********
 **   17 **FIX            0
 **********
 PARAMETER    0  IS UNDEFINED. IGNORED.
 **********
 **   18 **FIX            1
 **********
 **********
 **   19 **FIX            2
 **********
 PARAMETER    2  IS CONSTANT.   IGNORED.
 **********
 **   20 **FIX            3
 **********
 **********
 **   21 **FIX            4
 **********
 **********
 **   22 **FIX            9
 **********
 PARAMETER    9  IS CONSTANT.   IGNORED.
 **********
 **   23 **FIX           11
 **********
 PARAMETER   11  IS CONSTANT.   IGNORED.
 **********
 **   24 **FIX           12
 **********
 PARAMETER   12  IS CONSTANT.   IGNORED.
 **********
 **   25 **FIX           14
 **********
 **********
 **   26 **FIX           15
 **********
 PARAMETER   15  IS CONSTANT.   IGNORED.
 **********
 **   27 **FIX           16
 **********
 PARAMETER   16  IS CONSTANT.   IGNORED.
 **********
 **   28 **MIGRAD
 **********
 START MIGRAD MINIMIZATION.  STRATEGY  1.  CONVERGENCE WHEN EDM .LT. 1.00e-04
 FCN=1755.62 FROM MIGRAD    STATUS=INITIATE       22 CALLS         380 TOTAL
                     EDM= unknown      STRATEGY= 1      NO ERROR MATRIX       
  EXT PARAMETER               CURRENT GUESS       STEP         FIRST   
  NO.   NAME      VALUE            ERROR          SIZE      DERIVATIVE 
   1  N0           2.93523e+06     fixed    
   2  tau          6.44064e+01   constant   
   3  A0           3.50060e-01     fixed    
   4  phi          4.11619e+00     fixed    
   5  R           -6.14263e+01   constant   
   6  A_CBO        3.36329e-03   1.00000e-05   1.00000e-05   7.96093e+04
   7  w_CBO        2.32680e+00   1.00000e-03   1.00000e-03   1.76779e+02
   8  phi_CBO      5.37537e+00   1.00000e-04   1.00000e-04   2.24204e+00
   9  ANx2         5.09258e-04   constant   
  10  pNx2         1.79030e-01   constant   
  11  ANy1         0.00000e+00   constant   
  12  pNy1         0.00000e+00   constant   
  13  w_y          0.00000e+00   constant   
  14  ANy2         8.95951e-03     fixed    
  15  pNy2         6.17155e+00   constant   
  16  w_vw         1.43200e+01   constant   
  17  LM          -8.21731e-05   constant   
  18  wCBO_expCoeff   2.00012e+02   1.74408e-03   0.00000e+00   2.01461e+00
  19  wCBO_expOffset   2.00001e+02   1.04822e-04  -0.00000e+00   2.89062e+02
  20  wCBO_expT    2.99959e+01   2.91327e-04  -0.00000e+00   1.92963e+01
  21  wCBO_linCoeff   0.00000e+00   constant   
  22  wCBO_const   1.33346e-03   3.84650e-04   0.00000e+00   3.56632e+00
 MIGRAD FAILS TO FIND IMPROVEMENT
 MIGRAD MINIMIZATION HAS CONVERGED.
 MIGRAD WILL VERIFY CONVERGENCE AND ERROR MATRIX.
 FCN=1648.49 FROM MIGRAD    STATUS=CONVERGED     241 CALLS         599 TOTAL
                     EDM=1.85606e-05    STRATEGY= 1      ERR MATRIX NOT POS-DEF
  EXT PARAMETER                APPROXIMATE        STEP         FIRST   
  NO.   NAME      VALUE            ERROR          SIZE      DERIVATIVE 
   1  N0           2.93523e+06     fixed    
   2  tau          6.44064e+01   constant   
   3  A0           3.50060e-01     fixed    
   4  phi          4.11619e+00     fixed    
   5  R           -6.14263e+01   constant   
   6  A_CBO        6.94077e-04   2.70254e-04   5.06967e-06   7.99636e-01
   7  w_CBO        2.32680e+00   7.23533e-05   1.10950e-06  -1.63136e+02
   8  phi_CBO      5.13859e+00   4.52492e-01   7.36862e-03  -1.94704e-04
   9  ANx2         5.09258e-04   constant   
  10  pNx2         1.79030e-01   constant   
  11  ANy1         0.00000e+00   constant   
  12  pNy1         0.00000e+00   constant   
  13  w_y          0.00000e+00   constant   
  14  ANy2         8.95951e-03     fixed    
  15  pNy2         6.17155e+00   constant   
  16  w_vw         1.43200e+01   constant   
  17  LM          -8.21731e-05   constant   
  18  wCBO_expCoeff   2.00012e+02   6.38122e-03   9.53731e-05  -1.92523e+00
  19  wCBO_expOffset   2.00001e+02   1.54155e-03   9.53679e-05  -1.15447e+01
  20  wCBO_expT    2.99957e+01   3.91659e-04   1.43031e-05  -6.46527e+00
  21  wCBO_linCoeff   0.00000e+00   constant   
  22  wCBO_const   1.68658e-03   5.76693e-04   5.35016e-06   5.46060e+00
 EXTERNAL ERROR MATRIX.    NDIM=  25    NPAR=  7    ERR DEF=1
  7.304e-08  5.605e-09 -2.291e-06  5.002e-07 -1.532e-07  5.389e-09  1.289e-09 
  5.605e-09  5.235e-09  2.783e-06  2.008e-07 -9.136e-08 -6.075e-09  5.160e-10 
 -2.291e-06  2.783e-06  2.047e-01  2.483e-04  3.751e-06 -3.215e-05 -8.488e-06 
  5.002e-07  2.008e-07  2.483e-04  4.072e-05 -8.137e-06 -5.325e-07  1.363e-07 
 -1.532e-07 -9.136e-08  3.751e-06 -8.137e-06  2.376e-06  5.538e-08 -4.976e-08 
  5.389e-09 -6.075e-09 -3.215e-05 -5.325e-07  5.538e-08  1.534e-07 -1.232e-07 
  1.289e-09  5.160e-10 -8.488e-06  1.363e-07 -4.976e-08 -1.232e-07  3.326e-07 
ERR MATRIX NOT POS-DEF
 PARAMETER  CORRELATION COEFFICIENTS  
       NO.  GLOBAL      6      7      8     18     19     20     22
        6  0.38049   1.000  0.287 -0.019  0.290 -0.368  0.051  0.008
        7  0.99005   0.287  1.000  0.085  0.435 -0.819 -0.214  0.012
        8  0.59597  -0.019  0.085  1.000  0.086  0.005 -0.181 -0.033
       18  0.99027   0.290  0.435  0.086  1.000 -0.827 -0.213  0.037
       19  0.99624  -0.368 -0.819  0.005 -0.827  1.000  0.092 -0.056
       20  0.94648   0.051 -0.214 -0.181 -0.213  0.092  1.000 -0.545
       22  0.88910   0.008  0.012 -0.033  0.037 -0.056 -0.545  1.000
 ERR MATRIX NOT POS-DEF
MINUIT - FIT ONLY 1-CBO
 **********
 **   29 **RES 
 **********
                   PARAMETER   14  ANy2 RESTORED TO VARIABLE.
                   PARAMETER    4  phi RESTORED TO VARIABLE.
                   PARAMETER    3  A0 RESTORED TO VARIABLE.
                   PARAMETER    1  N0 RESTORED TO VARIABLE.
 **********
 **   30 **FIX            0
 **********
 PARAMETER    0  IS UNDEFINED. IGNORED.
 **********
 **   31 **FIX            1
 **********
 **********
 **   32 **FIX            2
 **********
 PARAMETER    2  IS CONSTANT.   IGNORED.
 **********
 **   33 **FIX            3
 **********
 **********
 **   34 **FIX            4
 **********
 **********
 **   35 **FIX            8
 **********
 **********
 **   36 **FIX            9
 **********
 PARAMETER    9  IS CONSTANT.   IGNORED.
 **********
 **   37 **FIX           11
 **********
 PARAMETER   11  IS CONSTANT.   IGNORED.
 **********
 **   38 **FIX           12
 **********
 PARAMETER   12  IS CONSTANT.   IGNORED.
 **********
 **   39 **FIX           13
 **********
 PARAMETER   13  IS CONSTANT.   IGNORED.
 **********
 **   40 **FIX           15
 **********
 PARAMETER   15  IS CONSTANT.   IGNORED.
 **********
 **   41 **FIX           16
 **********
 PARAMETER   16  IS CONSTANT.   IGNORED.
 **********
 **   42 **MIGRAD
 **********
 START MIGRAD MINIMIZATION.  STRATEGY  1.  CONVERGENCE WHEN EDM .LT. 1.00e-04
 FCN=1648.49 FROM MIGRAD    STATUS=INITIATE       16 CALLS         615 TOTAL
                     EDM= unknown      STRATEGY= 1      NO ERROR MATRIX       
  EXT PARAMETER               CURRENT GUESS       STEP         FIRST   
  NO.   NAME      VALUE            ERROR          SIZE      DERIVATIVE 
   1  N0           2.93523e+06     fixed    
   2  tau          6.44064e+01   constant   
   3  A0           3.50060e-01     fixed    
   4  phi          4.11619e+00     fixed    
   5  R           -6.14263e+01   constant   
   6  A_CBO        6.94077e-04   2.70254e-04   5.06967e-06   7.99636e-01
   7  w_CBO        2.32680e+00   7.23533e-05   1.10950e-06  -1.24528e+02
   8  phi_CBO      5.13859e+00     fixed    
   9  ANx2         5.09258e-04   constant   
  10  pNx2         1.79030e-01   constant   
  11  ANy1         0.00000e+00   constant   
  12  pNy1         0.00000e+00   constant   
  13  w_y          0.00000e+00   constant   
  14  ANy2         8.95951e-03   1.00000e-04   1.00000e-04   2.61879e+05
  15  pNy2         6.17155e+00   constant   
  16  w_vw         1.43200e+01   constant   
  17  LM          -8.21731e-05   constant   
  18  wCBO_expCoeff   2.00012e+02   6.38122e-03   9.53731e-05  -1.48368e+00
  19  wCBO_expOffset   2.00001e+02   1.54155e-03   9.53679e-05   1.17979e+02
  20  wCBO_expT    2.99957e+01   3.91659e-04   1.43031e-05  -7.58653e+00
  21  wCBO_linCoeff   0.00000e+00   constant   
  22  wCBO_const   1.68658e-03   5.76693e-04   5.35016e-06   5.44043e+00
 MIGRAD MINIMIZATION HAS CONVERGED.
 MIGRAD WILL VERIFY CONVERGENCE AND ERROR MATRIX.
 FCN=507.919 FROM MIGRAD    STATUS=CONVERGED     735 CALLS        1334 TOTAL
                     EDM=1.55417e-06    STRATEGY= 1      ERR MATRIX NOT POS-DEF
  EXT PARAMETER                APPROXIMATE        STEP         FIRST   
  NO.   NAME      VALUE            ERROR          SIZE      DERIVATIVE 
   1  N0           2.93523e+06     fixed    
   2  tau          6.44064e+01   constant   
   3  A0           3.50060e-01     fixed    
   4  phi          4.11619e+00     fixed    
   5  R           -6.14263e+01   constant   
   6  A_CBO        1.35724e-04   2.56975e-04   2.80136e-06  -9.92376e-01
   7  w_CBO        2.32684e+00   1.40539e-04   1.10952e-06  -7.87957e+01
   8  phi_CBO      5.13859e+00     fixed    
   9  ANx2         5.09258e-04   constant   
  10  pNx2         1.79030e-01   constant   
  11  ANy1         0.00000e+00   constant   
  12  pNy1         0.00000e+00   constant   
  13  w_y          0.00000e+00   constant   
  14  ANy2         2.45886e-04   2.56484e-04   2.82825e-06   4.54435e+00
  15  pNy2         6.17155e+00   constant   
  16  w_vw         1.43200e+01   constant   
  17  LM          -8.21731e-05   constant   
  18  wCBO_expCoeff   2.00016e+02   1.21327e-02   9.53749e-05  -9.01724e-01
  19  wCBO_expOffset   2.00002e+02   1.01217e-03   9.53682e-05  -5.95721e+00
  20  wCBO_expT    2.99953e+01   7.62659e-04   1.43029e-05  -4.89948e+00
  21  wCBO_linCoeff   0.00000e+00   constant   
  22  wCBO_const  -2.53267e-03   9.36230e-04   4.50195e-06  -3.05475e+00
 EXTERNAL ERROR MATRIX.    NDIM=  25    NPAR=  7    ERR DEF=1
  6.604e-08  8.832e-10  2.250e-09  8.284e-08 -2.605e-08 -9.794e-09  1.440e-08 
  8.832e-10  1.975e-08  2.951e-11 -1.397e-06 -3.664e-08 -1.107e-08 -6.249e-09 
  2.250e-09  2.951e-11  6.578e-08  3.115e-09 -2.528e-09  5.386e-09 -4.051e-09 
  8.284e-08 -1.397e-06  3.115e-09  1.472e-04 -3.326e-06 -9.584e-07  7.648e-07 
 -2.605e-08 -3.664e-08 -2.528e-09 -3.326e-06  1.024e-06 -3.227e-08 -7.371e-09 
 -9.794e-09 -1.107e-08  5.386e-09 -9.584e-07 -3.227e-08  5.816e-07 -4.161e-07 
  1.440e-08 -6.249e-09 -4.051e-09  7.648e-07 -7.371e-09 -4.161e-07  8.765e-07 
ERR MATRIX NOT POS-DEF
 PARAMETER  CORRELATION COEFFICIENTS  
       NO.  GLOBAL      6      7     14     18     19     20     22
        6  0.16039   1.000  0.024  0.034  0.027 -0.100 -0.050  0.060
        7  0.99575   0.024  1.000  0.001 -0.819 -0.258 -0.103 -0.047
       14  0.05589   0.034  0.001  1.000  0.001 -0.010  0.028 -0.017
       18  0.99569   0.027 -0.819  0.001  1.000 -0.271 -0.104  0.067
       19  0.98587  -0.100 -0.258 -0.010 -0.271  1.000 -0.042 -0.008
       20  0.96514  -0.050 -0.103  0.028 -0.104 -0.042  1.000 -0.583
       22  0.90026   0.060 -0.047 -0.017  0.067 -0.008 -0.583  1.000
 ERR MATRIX NOT POS-DEF
MINUIT - FIT ONLY 2-CBO
 **********
 **   43 **RES 
 **********
                   PARAMETER    8  phi_CBO RESTORED TO VARIABLE.
                   PARAMETER    4  phi RESTORED TO VARIABLE.
                   PARAMETER    3  A0 RESTORED TO VARIABLE.
                   PARAMETER    1  N0 RESTORED TO VARIABLE.
 **********
 **   44 **FIX            0
 **********
 PARAMETER    0  IS UNDEFINED. IGNORED.
 **********
 **   45 **FIX            1
 **********
 **********
 **   46 **FIX            2
 **********
 PARAMETER    2  IS CONSTANT.   IGNORED.
 **********
 **   47 **FIX            3
 **********
 **********
 **   48 **FIX            4
 **********
 **********
 **   49 **FIX            5
 **********
 PARAMETER    5  IS CONSTANT.   IGNORED.
 **********
 **   50 **FIX            6
 **********
 **********
 **   51 **FIX            7
 **********
 **********
 **   52 **FIX           10
 **********
 PARAMETER   10  IS CONSTANT.   IGNORED.
 **********
 **   53 **FIX           11
 **********
 PARAMETER   11  IS CONSTANT.   IGNORED.
 **********
 **   54 **FIX           12
 **********
 PARAMETER   12  IS CONSTANT.   IGNORED.
 **********
 **   55 **FIX           13
 **********
 PARAMETER   13  IS CONSTANT.   IGNORED.
 **********
 **   56 **FIX           14
 **********
 **********
 **   57 **FIX           15
 **********
 PARAMETER   15  IS CONSTANT.   IGNORED.
 **********
 **   58 **FIX           16
 **********
 PARAMETER   16  IS CONSTANT.   IGNORED.
 **********
 **   59 **MIGRAD
 **********
 START MIGRAD MINIMIZATION.  STRATEGY  1.  CONVERGENCE WHEN EDM .LT. 1.00e-04
 FCN=507.919 FROM MIGRAD    STATUS=INITIATE       12 CALLS        1346 TOTAL
                     EDM= unknown      STRATEGY= 1      NO ERROR MATRIX       
  EXT PARAMETER               CURRENT GUESS       STEP         FIRST   
  NO.   NAME      VALUE            ERROR          SIZE      DERIVATIVE 
   1  N0           2.93523e+06     fixed    
   2  tau          6.44064e+01   constant   
   3  A0           3.50060e-01     fixed    
   4  phi          4.11619e+00     fixed    
   5  R           -6.14263e+01   constant   
   6  A_CBO        1.35724e-04     fixed    
   7  w_CBO        2.32684e+00     fixed    
   8  phi_CBO      5.13859e+00   4.52492e-01   4.52492e-01  -4.47386e-01
   9  ANx2         5.09258e-04   constant   
  10  pNx2         1.79030e-01   constant   
  11  ANy1         0.00000e+00   constant   
  12  pNy1         0.00000e+00   constant   
  13  w_y          0.00000e+00   constant   
  14  ANy2         2.45886e-04     fixed    
  15  pNy2         6.17155e+00   constant   
  16  w_vw         1.43200e+01   constant   
  17  LM          -8.21731e-05   constant   
  18  wCBO_expCoeff   2.00016e+02   1.21327e-02   9.53749e-05  -8.69587e-01
  19  wCBO_expOffset   2.00002e+02   1.01217e-03   9.53682e-05   6.69066e+00
  20  wCBO_expT    2.99953e+01   7.62659e-04   1.43029e-05  -4.83427e+00
  21  wCBO_linCoeff   0.00000e+00   constant   
  22  wCBO_const  -2.53267e-03   9.36230e-04   4.50195e-06  -3.05496e+00
 MIGRAD MINIMIZATION HAS CONVERGED.
 MIGRAD WILL VERIFY CONVERGENCE AND ERROR MATRIX.
 COVARIANCE MATRIX CALCULATED SUCCESSFULLY
 FCN=507.748 FROM MIGRAD    STATUS=CONVERGED      93 CALLS        1427 TOTAL
                     EDM=1.26971e-05    STRATEGY= 1      ERROR MATRIX ACCURATE 
  EXT PARAMETER                                   STEP         FIRST   
  NO.   NAME      VALUE            ERROR          SIZE      DERIVATIVE 
   1  N0           2.93523e+06     fixed    
   2  tau          6.44064e+01   constant   
   3  A0           3.50060e-01     fixed    
   4  phi          4.11619e+00     fixed    
   5  R           -6.14263e+01   constant   
   6  A_CBO        1.35724e-04     fixed    
   7  w_CBO        2.32684e+00     fixed    
   8  phi_CBO      5.87493e+00   1.73814e+00   1.87094e-02   7.61995e-04
   9  ANx2         5.09258e-04   constant   
  10  pNx2         1.79030e-01   constant   
  11  ANy1         0.00000e+00   constant   
  12  pNy1         0.00000e+00   constant   
  13  w_y          0.00000e+00   constant   
  14  ANy2         2.45886e-04     fixed    
  15  pNy2         6.17155e+00   constant   
  16  w_vw         1.43200e+01   constant   
  17  LM          -8.21731e-05   constant   
  18  wCBO_expCoeff   2.00016e+02   7.01372e-03   9.53749e-05  -4.78981e-01
  19  wCBO_expOffset   2.00002e+02   9.50415e-04   9.53683e-05  -3.19121e+00
  20  wCBO_expT    2.99953e+01   7.92929e-04   1.43029e-05   4.17802e+00
  21  wCBO_linCoeff   0.00000e+00   constant   
  22  wCBO_const  -2.56051e-03   9.68054e-04   4.49536e-06  -1.62720e-01
 EXTERNAL ERROR MATRIX.    NDIM=  25    NPAR=  5    ERR DEF=1
  3.021e+00  1.721e-04  5.643e-05  2.984e-05 -1.279e-04 
  1.721e-04  4.919e-05 -5.725e-06 -2.131e-06  4.022e-07 
  5.643e-05 -5.725e-06  9.033e-07 -2.375e-08 -1.795e-08 
  2.984e-05 -2.131e-06 -2.375e-08  6.287e-07 -4.642e-07 
 -1.279e-04  4.022e-07 -1.795e-08 -4.642e-07  9.371e-07 
 PARAMETER  CORRELATION COEFFICIENTS  
       NO.  GLOBAL      8     18     19     20     22
        8  0.21826   1.000  0.014  0.034  0.022 -0.076
       18  0.98704   0.014  1.000 -0.859 -0.383  0.059
       19  0.98397   0.034 -0.859  1.000 -0.032 -0.020
       20  0.96799   0.022 -0.383 -0.032  1.000 -0.605
       22  0.90678  -0.076  0.059 -0.020 -0.605  1.000
MINUIT - FIT ONLY 1-y
 **********
 **   60 **RES 
 **********
                   PARAMETER   14  ANy2 RESTORED TO VARIABLE.
                   PARAMETER    7  w_CBO RESTORED TO VARIABLE.
                   PARAMETER    6  A_CBO RESTORED TO VARIABLE.
                   PARAMETER    4  phi RESTORED TO VARIABLE.
                   PARAMETER    3  A0 RESTORED TO VARIABLE.
                   PARAMETER    1  N0 RESTORED TO VARIABLE.
 **********
 **   61 **FIX            0
 **********
 PARAMETER    0  IS UNDEFINED. IGNORED.
 **********
 **   62 **FIX            1
 **********
 **********
 **   63 **FIX            2
 **********
 PARAMETER    2  IS CONSTANT.   IGNORED.
 **********
 **   64 **FIX            3
 **********
 **********
 **   65 **FIX            4
 **********
 **********
 **   66 **FIX            5
 **********
 PARAMETER    5  IS CONSTANT.   IGNORED.
 **********
 **   67 **FIX            6
 **********
 **********
 **   68 **FIX            7
 **********
 **********
 **   69 **FIX            8
 **********
 **********
 **   70 **FIX            9
 **********
 PARAMETER    9  IS CONSTANT.   IGNORED.
 **********
 **   71 **FIX           13
 **********
 PARAMETER   13  IS CONSTANT.   IGNORED.
 **********
 **   72 **FIX           14
 **********
 **********
 **   73 **FIX           15
 **********
 PARAMETER   15  IS CONSTANT.   IGNORED.
 **********
 **   74 **FIX           16
 **********
 PARAMETER   16  IS CONSTANT.   IGNORED.
 **********
 **   75 **MIGRAD
 **********
 START MIGRAD MINIMIZATION.  STRATEGY  1.  CONVERGENCE WHEN EDM .LT. 1.00e-04
 FCN=507.748 FROM MIGRAD    STATUS=INITIATE        8 CALLS        1435 TOTAL
                     EDM= unknown      STRATEGY= 1      NO ERROR MATRIX       
  EXT PARAMETER               CURRENT GUESS       STEP         FIRST   
  NO.   NAME      VALUE            ERROR          SIZE      DERIVATIVE 
   1  N0           2.93523e+06     fixed    
   2  tau          6.44064e+01   constant   
   3  A0           3.50060e-01     fixed    
   4  phi          4.11619e+00     fixed    
   5  R           -6.14263e+01   constant   
   6  A_CBO        1.35724e-04     fixed    
   7  w_CBO        2.32684e+00     fixed    
   8  phi_CBO      5.87493e+00     fixed    
   9  ANx2         5.09258e-04   constant   
  10  pNx2         1.79030e-01   constant   
  11  ANy1         0.00000e+00   constant   
  12  pNy1         0.00000e+00   constant   
  13  w_y          0.00000e+00   constant   
  14  ANy2         2.45886e-04     fixed    
  15  pNy2         6.17155e+00   constant   
  16  w_vw         1.43200e+01   constant   
  17  LM          -8.21731e-05   constant   
  18  wCBO_expCoeff   2.00016e+02   7.01372e-03   9.53749e-05  -4.77444e-01
  19  wCBO_expOffset   2.00002e+02   9.50415e-04   9.53683e-05  -2.42343e+00
  20  wCBO_expT    2.99953e+01   7.92929e-04   1.43029e-05   4.15157e+00
  21  wCBO_linCoeff   0.00000e+00   constant   
  22  wCBO_const  -2.56051e-03   9.68054e-04   4.49536e-06  -1.63434e-01
 MIGRAD MINIMIZATION HAS CONVERGED.
 MIGRAD WILL VERIFY CONVERGENCE AND ERROR MATRIX.
 COVARIANCE MATRIX CALCULATED SUCCESSFULLY
 FCN=507.748 FROM MIGRAD    STATUS=CONVERGED      57 CALLS        1484 TOTAL
                     EDM=2.41885e-06    STRATEGY= 1      ERROR MATRIX ACCURATE 
  EXT PARAMETER                                   STEP         FIRST   
  NO.   NAME      VALUE            ERROR          SIZE      DERIVATIVE 
   1  N0           2.93523e+06     fixed    
   2  tau          6.44064e+01   constant   
   3  A0           3.50060e-01     fixed    
   4  phi          4.11619e+00     fixed    
   5  R           -6.14263e+01   constant   
   6  A_CBO        1.35724e-04     fixed    
   7  w_CBO        2.32684e+00     fixed    
   8  phi_CBO      5.87493e+00     fixed    
   9  ANx2         5.09258e-04   constant   
  10  pNx2         1.79030e-01   constant   
  11  ANy1         0.00000e+00   constant   
  12  pNy1         0.00000e+00   constant   
  13  w_y          0.00000e+00   constant   
  14  ANy2         2.45886e-04     fixed    
  15  pNy2         6.17155e+00   constant   
  16  w_vw         1.43200e+01   constant   
  17  LM          -8.21731e-05   constant   
  18  wCBO_expCoeff   2.00016e+02   6.99627e-03   9.53749e-05  -1.02943e-01
  19  wCBO_expOffset   2.00002e+02   9.47415e-04   9.53683e-05  -6.84455e-01
  20  wCBO_expT    2.99953e+01   7.92747e-04   1.43029e-05   1.28832e-01
  21  wCBO_linCoeff   0.00000e+00   constant   
  22  wCBO_const  -2.56042e-03   9.65371e-04   4.49496e-06  -2.13322e+00
 EXTERNAL ERROR MATRIX.    NDIM=  25    NPAR=  4    ERR DEF=1
  4.895e-05 -5.695e-06 -2.129e-06  4.081e-07 
 -5.695e-06  8.976e-07 -2.481e-08 -1.535e-08 
 -2.129e-06 -2.481e-08  6.284e-07 -4.630e-07 
  4.081e-07 -1.535e-08 -4.630e-07  9.319e-07 
 PARAMETER  CORRELATION COEFFICIENTS  
       NO.  GLOBAL     18     19     20     22
       18  0.98698   1.000 -0.859 -0.384  0.060
       19  0.98387  -0.859  1.000 -0.033 -0.017
       20  0.96798  -0.384 -0.033  1.000 -0.605
       22  0.90623   0.060 -0.017 -0.605  1.000
MINUIT - FIT ONLY 2-y
 **********
 **   76 **RES 
 **********
                   PARAMETER   14  ANy2 RESTORED TO VARIABLE.
                   PARAMETER    8  phi_CBO RESTORED TO VARIABLE.
                   PARAMETER    7  w_CBO RESTORED TO VARIABLE.
                   PARAMETER    6  A_CBO RESTORED TO VARIABLE.
                   PARAMETER    4  phi RESTORED TO VARIABLE.
                   PARAMETER    3  A0 RESTORED TO VARIABLE.
                   PARAMETER    1  N0 RESTORED TO VARIABLE.
 **********
 **   77 **FIX            0
 **********
 PARAMETER    0  IS UNDEFINED. IGNORED.
 **********
 **   78 **FIX            1
 **********
 **********
 **   79 **FIX            2
 **********
 PARAMETER    2  IS CONSTANT.   IGNORED.
 **********
 **   80 **FIX            3
 **********
 **********
 **   81 **FIX            4
 **********
 **********
 **   82 **FIX            5
 **********
 PARAMETER    5  IS CONSTANT.   IGNORED.
 **********
 **   83 **FIX            6
 **********
 **********
 **   84 **FIX            7
 **********
 **********
 **   85 **FIX            8
 **********
 **********
 **   86 **FIX            9
 **********
 PARAMETER    9  IS CONSTANT.   IGNORED.
 **********
 **   87 **FIX           10
 **********
 PARAMETER   10  IS CONSTANT.   IGNORED.
 **********
 **   88 **FIX           11
 **********
 PARAMETER   11  IS CONSTANT.   IGNORED.
 **********
 **   89 **FIX           12
 **********
 PARAMETER   12  IS CONSTANT.   IGNORED.
 **********
 **   90 **FIX           16
 **********
 PARAMETER   16  IS CONSTANT.   IGNORED.
 **********
 **   91 **MIGRAD
 **********
 START MIGRAD MINIMIZATION.  STRATEGY  1.  CONVERGENCE WHEN EDM .LT. 1.00e-04
 FCN=507.748 FROM MIGRAD    STATUS=INITIATE       10 CALLS        1494 TOTAL
                     EDM= unknown      STRATEGY= 1      NO ERROR MATRIX       
  EXT PARAMETER               CURRENT GUESS       STEP         FIRST   
  NO.   NAME      VALUE            ERROR          SIZE      DERIVATIVE 
   1  N0           2.93523e+06     fixed    
   2  tau          6.44064e+01   constant   
   3  A0           3.50060e-01     fixed    
   4  phi          4.11619e+00     fixed    
   5  R           -6.14263e+01   constant   
   6  A_CBO        1.35724e-04     fixed    
   7  w_CBO        2.32684e+00     fixed    
   8  phi_CBO      5.87493e+00     fixed    
   9  ANx2         5.09258e-04   constant   
  10  pNx2         1.79030e-01   constant   
  11  ANy1         0.00000e+00   constant   
  12  pNy1         0.00000e+00   constant   
  13  w_y          0.00000e+00   constant   
  14  ANy2         2.45886e-04   2.56484e-04   2.56484e-04   4.52996e+01
  15  pNy2         6.17155e+00   constant   
  16  w_vw         1.43200e+01   constant   
  17  LM          -8.21731e-05   constant   
  18  wCBO_expCoeff   2.00016e+02   6.99627e-03   9.53749e-05  -1.01847e-01
  19  wCBO_expOffset   2.00002e+02   9.47415e-04   9.53683e-05  -8.82009e-02
  20  wCBO_expT    2.99953e+01   7.92747e-04   1.43029e-05   9.53740e-02
  21  wCBO_linCoeff   0.00000e+00   constant   
  22  wCBO_const  -2.56042e-03   9.65371e-04   4.49496e-06  -2.13392e+00
 MIGRAD MINIMIZATION HAS CONVERGED.
 MIGRAD WILL VERIFY CONVERGENCE AND ERROR MATRIX.
 COVARIANCE MATRIX CALCULATED SUCCESSFULLY
 FCN=507.748 FROM MIGRAD    STATUS=CONVERGED      54 CALLS        1538 TOTAL
                     EDM=3.09136e-06    STRATEGY= 1      ERROR MATRIX ACCURATE 
  EXT PARAMETER                                   STEP         FIRST   
  NO.   NAME      VALUE            ERROR          SIZE      DERIVATIVE 
   1  N0           2.93523e+06     fixed    
   2  tau          6.44064e+01   constant   
   3  A0           3.50060e-01     fixed    
   4  phi          4.11619e+00     fixed    
   5  R           -6.14263e+01   constant   
   6  A_CBO        1.35724e-04     fixed    
   7  w_CBO        2.32684e+00     fixed    
   8  phi_CBO      5.87493e+00     fixed    
   9  ANx2         5.09258e-04   constant   
  10  pNx2         1.79030e-01   constant   
  11  ANy1         0.00000e+00   constant   
  12  pNy1         0.00000e+00   constant   
  13  w_y          0.00000e+00   constant   
  14  ANy2         2.44392e-04   2.57031e-04   2.82776e-06  -1.16246e-01
  15  pNy2         6.17155e+00   constant   
  16  w_vw         1.43200e+01   constant   
  17  LM          -8.21731e-05   constant   
  18  wCBO_expCoeff   2.00016e+02   6.98711e-03   9.53749e-05   1.01791e+00
  19  wCBO_expOffset   2.00002e+02   9.45961e-04   9.53683e-05   6.78922e+00
  20  wCBO_expT    2.99953e+01   7.92977e-04   1.43029e-05   6.98319e+00
  21  wCBO_linCoeff   0.00000e+00   constant   
  22  wCBO_const  -2.56024e-03   9.65689e-04   4.49498e-06   1.07928e+00
 EXTERNAL ERROR MATRIX.    NDIM=  25    NPAR=  5    ERR DEF=1
  6.606e-08 -3.614e-09 -1.268e-09  6.039e-09 -4.417e-09 
 -3.614e-09  4.882e-05 -5.677e-06 -2.128e-06  4.075e-07 
 -1.268e-09 -5.677e-06  8.948e-07 -2.497e-08 -1.522e-08 
  6.039e-09 -2.128e-06 -2.497e-08  6.288e-07 -4.635e-07 
 -4.417e-09  4.075e-07 -1.522e-08 -4.635e-07  9.326e-07 
 PARAMETER  CORRELATION COEFFICIENTS  
       NO.  GLOBAL     14     18     19     20     22
       14  0.04620   1.000 -0.002 -0.005  0.030 -0.018
       18  0.98694  -0.002  1.000 -0.859 -0.384  0.060
       19  0.98382  -0.005 -0.859  1.000 -0.033 -0.017
       20  0.96800   0.030 -0.384 -0.033  1.000 -0.605
       22  0.90629  -0.018  0.060 -0.017 -0.605  1.000
MINUIT - FIT ALTOGETHER
 **********
 **   92 **RES 
 **********
                   PARAMETER    8  phi_CBO RESTORED TO VARIABLE.
                   PARAMETER    7  w_CBO RESTORED TO VARIABLE.
                   PARAMETER    6  A_CBO RESTORED TO VARIABLE.
                   PARAMETER    4  phi RESTORED TO VARIABLE.
                   PARAMETER    3  A0 RESTORED TO VARIABLE.
                   PARAMETER    1  N0 RESTORED TO VARIABLE.
 **********
 **   93 **MIGRAD
 **********
 START MIGRAD MINIMIZATION.  STRATEGY  1.  CONVERGENCE WHEN EDM .LT. 1.00e-04
 FCN=507.748 FROM MIGRAD    STATUS=INITIATE       22 CALLS        1560 TOTAL
                     EDM= unknown      STRATEGY= 1      NO ERROR MATRIX       
  EXT PARAMETER               CURRENT GUESS       STEP         FIRST   
  NO.   NAME      VALUE            ERROR          SIZE      DERIVATIVE 
   1  N0           2.93523e+06   5.48443e+02   5.48443e+02   2.74826e-03
   2  tau          6.44064e+01   constant   
