 + ++++++++++++++++++++++++++++++++++++++++++++++++++++++++++++++++++++ +
 +                                                                      +
 +           You have chose to blind your fitting according to          +
 +                omega_ref * (1 + (R +/- deltaR) *10^{-6})             +
 +                                                                      +
 + ++++++++++++++++++++++++++++++++++++++++++++++++++++++++++++++++++++ +
In main()...
reading format from /gm2data/zkhechad/run45/envelope/formats/formatB_sBin_constraintOn.txt
pBinTau 	= 0  
pBinPhi 	= 0  
constraintau 	= 1 
includeMopTerm 	= 0    
constrainMop    = 0   
Parameters after format file: pBinTau 0 pBinPhi 0 constraintau 1 includeMopTerm 0 constrainMop 0 c_e_scale 0.000000 
reading cbo reference file (full fit) from /gm2data/zkhechad/cboTemplates/Run4CBOTemplates/fullFits/run4/sBin_constraintOn_cE0.0_seed0_run4_calo19.root
A_CBO 0.009558 w_CBO 2.327254 phi_CBO 0.902980 N0 3088607.252134 R -60.257448 tau 64.400175 
Reading cboRef file /gm2data/zkhechad/cboTemplates/Run4CBOTemplates//cboIsolate/run4_calo19.root
deltaT 164.120000
windowBins = 1100
fitting sliding window 2080 from bin 2283 at 340.623600 to bin 3383 at 504.743600 (1100 bins)

Reading data from /gm2data/cornell/histograms/aMethod/histogram_a_run4.root
fitting cbo isolate
 **********
 **    1 **SET PRINTOUT            1
 **********
 **********
 **    2 **SET NOWARNINGS 
 **********
 PARAMETER DEFINITIONS:
    NO.   NAME         VALUE      STEP SIZE      LIMITS
     1 A_CBO        9.55751e-03  1.00000e-05     no limits
     2 w_CBO        2.32725e+00  1.00000e-02    2.00000e+00  3.00000e+00
     3 phi_CBO      9.02980e-01  1.00000e-02    0.00000e+00  6.28319e+00
 **********
 **    3 **MIGRAD
 **********
 FIRST CALL TO USER FUNCTION AT NEW START POINT, WITH IFLAG=4.
 START MIGRAD MINIMIZATION.  STRATEGY  1.  CONVERGENCE WHEN EDM .LT. 1.00e-04
 FCN=0.150306 FROM MIGRAD    STATUS=INITIATE       12 CALLS          13 TOTAL
                     EDM= unknown      STRATEGY= 1      NO ERROR MATRIX       
  EXT PARAMETER               CURRENT GUESS       STEP         FIRST   
  NO.   NAME      VALUE            ERROR          SIZE      DERIVATIVE 
   1  A_CBO        9.55751e-03   1.00000e-05   1.00000e-05   6.75407e+00
   2  w_CBO        2.32725e+00   1.00000e-02   2.13147e-02   1.07346e+00
   3  phi_CBO      9.02980e-01   1.00000e-02   4.53699e-03  -1.09696e-02
 MIGRAD MINIMIZATION HAS CONVERGED.
 MIGRAD WILL VERIFY CONVERGENCE AND ERROR MATRIX.
 COVARIANCE MATRIX CALCULATED SUCCESSFULLY
 FCN=0.129435 FROM HESSE     STATUS=OK             16 CALLS          57 TOTAL
                     EDM=0.000114949    STRATEGY= 1      ERROR MATRIX ACCURATE 
  EXT PARAMETER                                   STEP         FIRST   
  NO.   NAME      VALUE            ERROR          SIZE      DERIVATIVE 
   1  A_CBO        3.45877e-03   4.34291e-02   2.21114e-05   5.32401e-04
   2  w_CBO        2.32705e+00   2.79886e-01   3.28714e-05   2.32698e-02
   3  phi_CBO      9.64326e-01   4.48896e+00   2.84785e-03   1.18557e-04
 MIGRAD MINIMIZATION HAS CONVERGED.
 MIGRAD WILL VERIFY CONVERGENCE AND ERROR MATRIX.
 COVARIANCE MATRIX CALCULATED SUCCESSFULLY
 FCN=0.129374 FROM MIGRAD    STATUS=CONVERGED     105 CALLS         106 TOTAL
                     EDM=3.01357e-05    STRATEGY= 1      ERROR MATRIX ACCURATE 
  EXT PARAMETER                                   STEP         FIRST   
  NO.   NAME      VALUE            ERROR          SIZE      DERIVATIVE 
   1  A_CBO        3.47994e-03   4.27046e-02   2.21089e-05   6.74961e-03
   2  w_CBO        2.32571e+00   1.32732e-01   3.23515e-05  -9.26806e-02
   3  phi_CBO      4.42565e-01   5.72058e+00   3.47633e-03   9.05806e-04
 EXTERNAL ERROR MATRIX.    NDIM=  25    NPAR=  3    ERR DEF=1
  1.824e-03 -2.871e-04 -1.392e-01 
 -2.871e-04  1.811e-02  7.270e+00 
 -1.392e-01  7.270e+00  3.063e+03 
 PARAMETER  CORRELATION COEFFICIENTS  
       NO.  GLOBAL      1      2      3
        1  0.06838   1.000 -0.050 -0.059
        2  0.97615  -0.050  1.000  0.976
        3  0.97618  -0.059  0.976  1.000
setting A_CBO=0.003480 w_CBO=2.325710, phi_CBO=0.442565
done fitting cbo isolate
 **********
 **    1 **SET PRINTOUT            1
 **********
 **********
 **    2 **SET NOWARNINGS 
 **********
 PARAMETER DEFINITIONS:
    NO.   NAME         VALUE      STEP SIZE      LIMITS
     1 N0           3.08861e+06  1.00000e+02     no limits
     2 tau          6.44002e+01  constant
     3 A0           3.48093e-01  1.00000e-04     no limits
     4 phi          4.13197e+00  1.00000e-02     no limits
     5 R           -6.02574e+01  constant
     6 A_CBO        3.47994e-03  1.00000e-05     no limits
     7 w_CBO        2.32571e+00  1.00000e-03     no limits
     8 phi_CBO      4.42565e-01  1.00000e-04     no limits
     9 ANx2         2.45054e-04  constant
    10 pNx2         5.52114e+00  constant
    11 ANy1         0.00000e+00  constant
    12 pNy1         0.00000e+00  constant
    13 w_y          0.00000e+00  constant
    14 ANy2         1.46670e-02  1.00000e-04     no limits
    15 pNy2         3.05066e+00  constant
    16 w_vw         1.43134e+01  constant
    17 LM          -3.45580e-05  constant
    18 wCBO_expCoeff   2.00000e+02  1.00000e+00     no limits
    19 wCBO_expOffset   2.00000e+02  1.00000e+00     no limits
    20 wCBO_expT    3.00000e+01  1.00000e+00     no limits
    21 wCBO_linCoeff   0.00000e+00  constant
    22 wCBO_const   0.00000e+00  1.00000e-02     no limits
MINUIT - FIT ONLY WIGGLE
 **********
 **    3 **FIX            5
 **********
 PARAMETER    5  IS CONSTANT.   IGNORED.
 **********
 **    4 **FIX            6
 **********
 **********
 **    5 **FIX            7
 **********
 **********
 **    6 **FIX            8
 **********
 **********
 **    7 **FIX            9
 **********
 PARAMETER    9  IS CONSTANT.   IGNORED.
 **********
 **    8 **FIX           10
 **********
 PARAMETER   10  IS CONSTANT.   IGNORED.
 **********
 **    9 **FIX           11
 **********
 PARAMETER   11  IS CONSTANT.   IGNORED.
 **********
 **   10 **FIX           12
 **********
 PARAMETER   12  IS CONSTANT.   IGNORED.
 **********
 **   11 **FIX           13
 **********
 PARAMETER   13  IS CONSTANT.   IGNORED.
 **********
 **   12 **FIX           14
 **********
 **********
 **   13 **FIX           15
 **********
 PARAMETER   15  IS CONSTANT.   IGNORED.
 **********
 **   14 **FIX           16
 **********
 PARAMETER   16  IS CONSTANT.   IGNORED.
 **********
 **   15 **MIGRAD
 **********
 FIRST CALL TO USER FUNCTION AT NEW START POINT, WITH IFLAG=4.
 START MIGRAD MINIMIZATION.  STRATEGY  1.  CONVERGENCE WHEN EDM .LT. 1.00e-04
 FCN=817.203 FROM MIGRAD    STATUS=INITIATE       59 CALLS          60 TOTAL
                     EDM= unknown      STRATEGY= 1      NO ERROR MATRIX       
  EXT PARAMETER               CURRENT GUESS       STEP         FIRST   
  NO.   NAME      VALUE            ERROR          SIZE      DERIVATIVE 
   1  N0           3.08861e+06   1.00000e+02   0.00000e+00  -1.34908e-06
   2  tau          6.44002e+01   constant   
   3  A0           3.48093e-01   1.00000e-04   0.00000e+00   1.08590e+03
   4  phi          4.13197e+00   1.00000e-02   0.00000e+00  -3.48524e+02
   5  R           -6.02574e+01   constant   
   6  A_CBO        3.47994e-03     fixed    
   7  w_CBO        2.32571e+00     fixed    
   8  phi_CBO      4.42565e-01     fixed    
   9  ANx2         2.45054e-04   constant   
  10  pNx2         5.52114e+00   constant   
  11  ANy1         0.00000e+00   constant   
  12  pNy1         0.00000e+00   constant   
  13  w_y          0.00000e+00   constant   
  14  ANy2         1.46670e-02     fixed    
  15  pNy2         3.05066e+00   constant   
  16  w_vw         1.43134e+01   constant   
  17  LM          -3.45580e-05   constant   
  18  wCBO_expCoeff   1.99558e+02   1.00000e+00  -4.42162e-01  -2.59485e+00
  19  wCBO_expOffset   2.00000e+02   1.00000e+00   0.00000e+00  -1.72607e+01
  20  wCBO_expT    3.00000e+01   1.00000e+00   0.00000e+00  -5.20015e+01
  21  wCBO_linCoeff   0.00000e+00   constant   
  22  wCBO_const   0.00000e+00   1.00000e-02   0.00000e+00  -2.78686e+03
 MIGRAD MINIMIZATION HAS CONVERGED.
 FCN=811.745 FROM MIGRAD    STATUS=CONVERGED     209 CALLS         210 TOTAL
                     EDM=8.46749e-06    STRATEGY= 1  ERROR MATRIX UNCERTAINTY   2.0 per cent
  EXT PARAMETER                                   STEP         FIRST   
  NO.   NAME      VALUE            ERROR          SIZE      DERIVATIVE 
   1  N0           3.08832e+06   1.50422e+03   1.69127e+01  -1.95078e-06
   2  tau          6.44002e+01   constant   
   3  A0           3.47982e-01   6.19339e-04   6.27300e-06   5.20955e+00
   4  phi          4.13264e+00   1.87504e-03  -3.98722e-06  -6.27742e-03
   5  R           -6.02574e+01   constant   
   6  A_CBO        3.47994e-03     fixed    
   7  w_CBO        2.32571e+00     fixed    
   8  phi_CBO      4.42565e-01     fixed    
   9  ANx2         2.45054e-04   constant   
  10  pNx2         5.52114e+00   constant   
  11  ANy1         0.00000e+00   constant   
  12  pNy1         0.00000e+00   constant   
  13  w_y          0.00000e+00   constant   
  14  ANy2         1.46670e-02     fixed    
  15  pNy2         3.05066e+00   constant   
  16  w_vw         1.43134e+01   constant   
  17  LM          -3.45580e-05   constant   
  18  wCBO_expCoeff   2.01982e+02   1.14655e+00  -1.05681e-02  -3.25339e-02
  19  wCBO_expOffset   2.00365e+02   1.72452e-01  -1.59085e-03  -2.20165e-01
  20  wCBO_expT    2.98462e+01   7.15452e-02   6.04599e-04  -1.17026e+00
  21  wCBO_linCoeff   0.00000e+00   constant   
  22  wCBO_const   2.38543e-03   1.11806e-03  -1.15022e-06  -1.01434e+01
 EXTERNAL ERROR MATRIX.    NDIM=  25    NPAR=  7    ERR DEF=1
  2.263e+06 -7.797e-03  5.973e-03 -2.078e+02 -3.125e+01  1.298e+01 -1.710e-01 
 -7.797e-03  3.836e-07 -3.980e-09  1.420e-04  2.138e-05 -8.925e-06  1.397e-07 
  5.973e-03 -3.980e-09  3.516e-06 -3.127e-05 -4.706e-06  2.314e-06 -4.599e-08 
 -2.078e+02  1.420e-04 -3.127e-05  1.315e+00  1.968e-01 -8.180e-02  1.068e-03 
 -3.125e+01  2.138e-05 -4.706e-06  1.968e-01  2.974e-02 -1.230e-02  1.607e-04 
  1.298e+01 -8.925e-06  2.314e-06 -8.180e-02 -1.230e-02  5.119e-03 -6.864e-05 
 -1.710e-01  1.397e-07 -4.599e-08  1.068e-03  1.607e-04 -6.864e-05  1.250e-06 
 PARAMETER  CORRELATION COEFFICIENTS  
       NO.  GLOBAL      1      3      4     18     19     20     22
        1  0.12173   1.000 -0.008  0.002 -0.120 -0.120  0.121 -0.102
        3  0.21485  -0.008  1.000 -0.003  0.200  0.200 -0.201  0.202
        4  0.05994   0.002 -0.003  1.000 -0.015 -0.015  0.017 -0.022
       18  0.99831  -0.120  0.200 -0.015  1.000  0.995 -0.997  0.833
       19  0.99830  -0.120  0.200 -0.015  0.995  1.000 -0.997  0.833
       20  0.99942   0.121 -0.201  0.017 -0.997 -0.997  1.000 -0.858
       22  0.94456  -0.102  0.202 -0.022  0.833  0.833 -0.858  1.000
MINUIT - FIT ONLY 1-CBO + other amplitudes 
 **********
 **   16 **RES 
 **********
                   PARAMETER   14  ANy2 RESTORED TO VARIABLE.
                   PARAMETER    8  phi_CBO RESTORED TO VARIABLE.
                   PARAMETER    7  w_CBO RESTORED TO VARIABLE.
                   PARAMETER    6  A_CBO RESTORED TO VARIABLE.
 **********
 **   17 **FIX            0
 **********
 PARAMETER    0  IS UNDEFINED. IGNORED.
 **********
 **   18 **FIX            1
 **********
 **********
 **   19 **FIX            2
 **********
 PARAMETER    2  IS CONSTANT.   IGNORED.
 **********
 **   20 **FIX            3
 **********
 **********
 **   21 **FIX            4
 **********
 **********
 **   22 **FIX            9
 **********
 PARAMETER    9  IS CONSTANT.   IGNORED.
 **********
 **   23 **FIX           11
 **********
 PARAMETER   11  IS CONSTANT.   IGNORED.
 **********
 **   24 **FIX           12
 **********
 PARAMETER   12  IS CONSTANT.   IGNORED.
 **********
 **   25 **FIX           14
 **********
 **********
 **   26 **FIX           15
 **********
 PARAMETER   15  IS CONSTANT.   IGNORED.
 **********
 **   27 **FIX           16
 **********
 PARAMETER   16  IS CONSTANT.   IGNORED.
 **********
 **   28 **MIGRAD
 **********
 START MIGRAD MINIMIZATION.  STRATEGY  1.  CONVERGENCE WHEN EDM .LT. 1.00e-04
 FCN=811.745 FROM MIGRAD    STATUS=INITIATE       20 CALLS         230 TOTAL
                     EDM= unknown      STRATEGY= 1      NO ERROR MATRIX       
  EXT PARAMETER               CURRENT GUESS       STEP         FIRST   
  NO.   NAME      VALUE            ERROR          SIZE      DERIVATIVE 
   1  N0           3.08832e+06     fixed    
   2  tau          6.44002e+01   constant   
   3  A0           3.47982e-01     fixed    
   4  phi          4.13264e+00     fixed    
   5  R           -6.02574e+01   constant   
   6  A_CBO        3.47994e-03   1.00000e-05   1.00000e-05   9.54804e+03
   7  w_CBO        2.32571e+00   1.00000e-03   1.00000e-03  -7.19461e+00
   8  phi_CBO      4.42565e-01   1.00000e-04   1.00000e-04   2.46769e+00
   9  ANx2         2.45054e-04   constant   
  10  pNx2         5.52114e+00   constant   
  11  ANy1         0.00000e+00   constant   
  12  pNy1         0.00000e+00   constant   
  13  w_y          0.00000e+00   constant   
  14  ANy2         1.46670e-02     fixed    
  15  pNy2         3.05066e+00   constant   
  16  w_vw         1.43134e+01   constant   
  17  LM          -3.45580e-05   constant   
  18  wCBO_expCoeff   2.01982e+02   1.14655e+00  -1.05681e-02  -3.25336e-02
  19  wCBO_expOffset   2.00365e+02   1.72452e-01  -1.59085e-03  -2.20163e-01
  20  wCBO_expT    2.98462e+01   7.15452e-02   6.04599e-04  -1.17026e+00
  21  wCBO_linCoeff   0.00000e+00   constant   
  22  wCBO_const   2.38543e-03   1.11806e-03  -1.15022e-06  -1.01435e+01
 MIGRAD MINIMIZATION HAS CONVERGED.
 MIGRAD WILL VERIFY CONVERGENCE AND ERROR MATRIX.
 FCN=800.535 FROM MIGRAD    STATUS=CONVERGED     256 CALLS         466 TOTAL
                     EDM=5.5246e-06    STRATEGY= 1      ERR MATRIX NOT POS-DEF
  EXT PARAMETER                APPROXIMATE        STEP         FIRST   
  NO.   NAME      VALUE            ERROR          SIZE      DERIVATIVE 
   1  N0           3.08832e+06     fixed    
   2  tau          6.44002e+01   constant   
   3  A0           3.47982e-01     fixed    
   4  phi          4.13264e+00     fixed    
   5  R           -6.02574e+01   constant   
   6  A_CBO        1.39628e-03   6.63731e-04   9.15121e-06  -8.91161e-01
   7  w_CBO        2.32632e+00   5.27149e-03   6.96672e-06   3.71875e+00
   8  phi_CBO     -4.34507e-01   7.62517e-01   6.70982e-03   7.47465e-04
   9  ANx2         2.45054e-04   constant   
  10  pNx2         5.52114e+00   constant   
  11  ANy1         0.00000e+00   constant   
  12  pNy1         0.00000e+00   constant   
  13  w_y          0.00000e+00   constant   
  14  ANy2         1.46670e-02     fixed    
  15  pNy2         3.05066e+00   constant   
  16  w_vw         1.43134e+01   constant   
  17  LM          -3.45580e-05   constant   
  18  wCBO_expCoeff   2.02434e+02   9.99526e-01   1.23910e-03   1.92597e-02
  19  wCBO_expOffset   2.00431e+02   1.47241e-01   1.82523e-04   1.30773e-01
  20  wCBO_expT    2.98188e+01   2.75356e-02   3.52534e-05   6.64912e-01
  21  wCBO_linCoeff   0.00000e+00   constant   
  22  wCBO_const   1.45965e-03   2.35566e-03   5.39886e-06   4.74514e+00
 EXTERNAL ERROR MATRIX.    NDIM=  25    NPAR=  7    ERR DEF=1
  4.405e-07  5.314e-09  1.417e-05 -1.514e-05 -2.231e-06  5.606e-07  3.676e-08 
  5.314e-09  2.779e-05  2.935e-04 -8.285e-04 -1.222e-04 -2.587e-05 -1.104e-05 
  1.417e-05  2.935e-04  5.814e-01 -2.802e-02 -4.134e-03 -6.307e-04  4.070e-04 
 -1.514e-05 -8.285e-04 -2.802e-02  9.991e-01 -8.324e-02 -1.088e-02  4.621e-04 
 -2.231e-06 -1.222e-04 -4.134e-03 -8.324e-02  2.168e-02 -1.602e-03  6.814e-05 
  5.606e-07 -2.587e-05 -6.307e-04 -1.088e-02 -1.602e-03  7.582e-04 -2.403e-06 
  3.676e-08 -1.104e-05  4.070e-04  4.621e-04  6.814e-05 -2.403e-06  5.549e-06 
ERR MATRIX NOT POS-DEF
 PARAMETER  CORRELATION COEFFICIENTS  
       NO.  GLOBAL      6      7      8     18     19     20     22
        6  0.11079   1.000  0.002  0.028 -0.023 -0.023  0.031  0.024
        7  0.99546   0.002  1.000  0.073 -0.157 -0.157 -0.178 -0.889
        8  0.77360   0.028  0.073  1.000 -0.037 -0.037 -0.030  0.227
       18  0.99601  -0.023 -0.157 -0.037  1.000 -0.566 -0.395  0.196
       19  0.99601  -0.023 -0.157 -0.037 -0.566  1.000 -0.395  0.196
       20  0.99574   0.031 -0.178 -0.030 -0.395 -0.395  1.000 -0.037
       22  0.98630   0.024 -0.889  0.227  0.196  0.196 -0.037  1.000
 ERR MATRIX NOT POS-DEF
MINUIT - FIT ONLY 1-CBO
 **********
 **   29 **RES 
 **********
                   PARAMETER   14  ANy2 RESTORED TO VARIABLE.
                   PARAMETER    4  phi RESTORED TO VARIABLE.
                   PARAMETER    3  A0 RESTORED TO VARIABLE.
                   PARAMETER    1  N0 RESTORED TO VARIABLE.
 **********
 **   30 **FIX            0
 **********
 PARAMETER    0  IS UNDEFINED. IGNORED.
 **********
 **   31 **FIX            1
 **********
 **********
 **   32 **FIX            2
 **********
 PARAMETER    2  IS CONSTANT.   IGNORED.
 **********
 **   33 **FIX            3
 **********
 **********
 **   34 **FIX            4
 **********
 **********
 **   35 **FIX            8
 **********
 **********
 **   36 **FIX            9
 **********
 PARAMETER    9  IS CONSTANT.   IGNORED.
 **********
 **   37 **FIX           11
 **********
 PARAMETER   11  IS CONSTANT.   IGNORED.
 **********
 **   38 **FIX           12
 **********
 PARAMETER   12  IS CONSTANT.   IGNORED.
 **********
 **   39 **FIX           13
 **********
 PARAMETER   13  IS CONSTANT.   IGNORED.
 **********
 **   40 **FIX           15
 **********
 PARAMETER   15  IS CONSTANT.   IGNORED.
 **********
 **   41 **FIX           16
 **********
 PARAMETER   16  IS CONSTANT.   IGNORED.
 **********
 **   42 **MIGRAD
 **********
 START MIGRAD MINIMIZATION.  STRATEGY  1.  CONVERGENCE WHEN EDM .LT. 1.00e-04
 FCN=800.535 FROM MIGRAD    STATUS=INITIATE       16 CALLS         482 TOTAL
                     EDM= unknown      STRATEGY= 1      NO ERROR MATRIX       
  EXT PARAMETER               CURRENT GUESS       STEP         FIRST   
  NO.   NAME      VALUE            ERROR          SIZE      DERIVATIVE 
   1  N0           3.08832e+06     fixed    
   2  tau          6.44002e+01   constant   
   3  A0           3.47982e-01     fixed    
   4  phi          4.13264e+00     fixed    
   5  R           -6.02574e+01   constant   
   6  A_CBO        1.39628e-03   6.63731e-04   9.15121e-06  -8.91160e-01
   7  w_CBO        2.32632e+00   5.27149e-03   6.96672e-06   3.72652e+00
   8  phi_CBO     -4.34507e-01     fixed    
   9  ANx2         2.45054e-04   constant   
  10  pNx2         5.52114e+00   constant   
  11  ANy1         0.00000e+00   constant   
  12  pNy1         0.00000e+00   constant   
  13  w_y          0.00000e+00   constant   
  14  ANy2         1.46670e-02   1.00000e-04   1.00000e-04   6.45401e+04
  15  pNy2         3.05066e+00   constant   
  16  w_vw         1.43134e+01   constant   
  17  LM          -3.45580e-05   constant   
  18  wCBO_expCoeff   2.02434e+02   9.99526e-01   1.23910e-03   1.93693e-02
  19  wCBO_expOffset   2.00431e+02   1.47241e-01   1.82523e-04   1.31501e-01
  20  wCBO_expT    2.98188e+01   2.75356e-02   3.52534e-05   6.68163e-01
  21  wCBO_linCoeff   0.00000e+00   constant   
  22  wCBO_const   1.45965e-03   2.35566e-03   5.39886e-06   4.73825e+00
 MIGRAD MINIMIZATION HAS CONVERGED.
 MIGRAD WILL VERIFY CONVERGENCE AND ERROR MATRIX.
 FCN=331.281 FROM MIGRAD    STATUS=CONVERGED     240 CALLS         706 TOTAL
                     EDM=3.03766e-06    STRATEGY= 1      ERR MATRIX NOT POS-DEF
  EXT PARAMETER                APPROXIMATE        STEP         FIRST   
  NO.   NAME      VALUE            ERROR          SIZE      DERIVATIVE 
   1  N0           3.08832e+06     fixed    
   2  tau          6.44002e+01   constant   
   3  A0           3.47982e-01     fixed    
   4  phi          4.13264e+00     fixed    
   5  R           -6.02574e+01   constant   
   6  A_CBO        4.68001e-04   6.86644e-04   5.83359e-06  -1.86222e+00
   7  w_CBO        2.32810e+00   1.26405e-02   9.05369e-06  -1.22145e+00
   8  phi_CBO     -4.34507e-01     fixed    
   9  ANx2         2.45054e-04   constant   
  10  pNx2         5.52114e+00   constant   
  11  ANy1         0.00000e+00   constant   
  12  pNy1         0.00000e+00   constant   
  13  w_y          0.00000e+00   constant   
  14  ANy2         1.23783e-04   6.69249e-04   5.96255e-06   3.47947e-01
  15  pNy2         3.05066e+00   constant   
  16  w_vw         1.43134e+01   constant   
  17  LM          -3.45580e-05   constant   
  18  wCBO_expCoeff   2.03082e+02   1.86287e+00   1.52973e-03  -9.79031e-03
  19  wCBO_expOffset   2.00527e+02   2.73152e-01   2.24281e-04  -6.67792e-02
  20  wCBO_expT    2.97731e+01   5.67863e-02   4.44165e-05  -3.33233e-01
  21  wCBO_linCoeff   0.00000e+00   constant   
  22  wCBO_const   1.45726e-03   5.45564e-03   7.23776e-06  -8.54174e-01
 EXTERNAL ERROR MATRIX.    NDIM=  25    NPAR=  7    ERR DEF=1
  4.715e-07 -1.241e-07  2.809e-08 -1.428e-05 -2.092e-06  1.881e-06 -2.180e-07 
 -1.241e-07  1.598e-04 -2.016e-08 -4.545e-03 -6.677e-04 -1.556e-04 -6.554e-05 
  2.809e-08 -2.016e-08  4.479e-07 -4.740e-06 -6.950e-07  4.216e-07 -9.769e-09 
 -1.428e-05 -4.545e-03 -4.740e-06  3.470e+00 -2.441e-01 -4.367e-02  2.564e-03 
 -2.092e-06 -6.677e-04 -6.950e-07 -2.441e-01  7.461e-02 -6.404e-03  3.765e-04 
  1.881e-06 -1.556e-04  4.216e-07 -4.367e-02 -6.404e-03  3.225e-03  9.150e-06 
 -2.180e-07 -6.554e-05 -9.769e-09  2.564e-03  3.765e-04  9.150e-06  2.976e-05 
ERR MATRIX NOT POS-DEF
 PARAMETER  CORRELATION COEFFICIENTS  
       NO.  GLOBAL      6      7     14     18     19     20     22
        6  0.30728   1.000 -0.014  0.061 -0.011 -0.011  0.048 -0.058
        7  0.99677  -0.014  1.000 -0.002 -0.193 -0.193 -0.217 -0.950
       14  0.06285   0.061 -0.002  1.000 -0.004 -0.004  0.011 -0.003
       18  0.99575  -0.011 -0.193 -0.004  1.000 -0.480 -0.413  0.252
       19  0.99575  -0.011 -0.193 -0.004 -0.480  1.000 -0.413  0.253
       20  0.99614   0.048 -0.217  0.011 -0.413 -0.413  1.000  0.030
       22  0.98891  -0.058 -0.950 -0.003  0.252  0.253  0.030  1.000
 ERR MATRIX NOT POS-DEF
MINUIT - FIT ONLY 2-CBO
 **********
 **   43 **RES 
 **********
                   PARAMETER    8  phi_CBO RESTORED TO VARIABLE.
                   PARAMETER    4  phi RESTORED TO VARIABLE.
                   PARAMETER    3  A0 RESTORED TO VARIABLE.
                   PARAMETER    1  N0 RESTORED TO VARIABLE.
 **********
 **   44 **FIX            0
 **********
 PARAMETER    0  IS UNDEFINED. IGNORED.
 **********
 **   45 **FIX            1
 **********
 **********
 **   46 **FIX            2
 **********
 PARAMETER    2  IS CONSTANT.   IGNORED.
 **********
 **   47 **FIX            3
 **********
 **********
 **   48 **FIX            4
 **********
 **********
 **   49 **FIX            5
 **********
 PARAMETER    5  IS CONSTANT.   IGNORED.
 **********
 **   50 **FIX            6
 **********
 **********
 **   51 **FIX            7
 **********
 **********
 **   52 **FIX           10
 **********
 PARAMETER   10  IS CONSTANT.   IGNORED.
 **********
 **   53 **FIX           11
 **********
 PARAMETER   11  IS CONSTANT.   IGNORED.
 **********
 **   54 **FIX           12
 **********
 PARAMETER   12  IS CONSTANT.   IGNORED.
 **********
 **   55 **FIX           13
 **********
 PARAMETER   13  IS CONSTANT.   IGNORED.
 **********
 **   56 **FIX           14
 **********
 **********
 **   57 **FIX           15
 **********
 PARAMETER   15  IS CONSTANT.   IGNORED.
 **********
 **   58 **FIX           16
 **********
 PARAMETER   16  IS CONSTANT.   IGNORED.
 **********
 **   59 **MIGRAD
 **********
 START MIGRAD MINIMIZATION.  STRATEGY  1.  CONVERGENCE WHEN EDM .LT. 1.00e-04
 FCN=331.281 FROM MIGRAD    STATUS=INITIATE       12 CALLS         718 TOTAL
                     EDM= unknown      STRATEGY= 1      NO ERROR MATRIX       
  EXT PARAMETER               CURRENT GUESS       STEP         FIRST   
  NO.   NAME      VALUE            ERROR          SIZE      DERIVATIVE 
   1  N0           3.08832e+06     fixed    
   2  tau          6.44002e+01   constant   
   3  A0           3.47982e-01     fixed    
   4  phi          4.13264e+00     fixed    
   5  R           -6.02574e+01   constant   
   6  A_CBO        4.68001e-04     fixed    
   7  w_CBO        2.32810e+00     fixed    
   8  phi_CBO     -4.34507e-01   7.62517e-01   7.62517e-01  -4.67881e-01
   9  ANx2         2.45054e-04   constant   
  10  pNx2         5.52114e+00   constant   
  11  ANy1         0.00000e+00   constant   
  12  pNy1         0.00000e+00   constant   
  13  w_y          0.00000e+00   constant   
  14  ANy2         1.23783e-04     fixed    
  15  pNy2         3.05066e+00   constant   
  16  w_vw         1.43134e+01   constant   
  17  LM          -3.45580e-05   constant   
  18  wCBO_expCoeff   2.03082e+02   1.86287e+00   1.52973e-03  -9.78504e-03
  19  wCBO_expOffset   2.00527e+02   2.73152e-01   2.24281e-04  -6.67410e-02
  20  wCBO_expT    2.97731e+01   5.67863e-02   4.44165e-05  -3.32693e-01
  21  wCBO_linCoeff   0.00000e+00   constant   
  22  wCBO_const   1.45726e-03   5.45564e-03   7.23776e-06  -8.47626e-01
 MIGRAD MINIMIZATION HAS CONVERGED.
 MIGRAD WILL VERIFY CONVERGENCE AND ERROR MATRIX.
 FCN=330.819 FROM MIGRAD    STATUS=CONVERGED     156 CALLS         862 TOTAL
                     EDM=4.82273e-09    STRATEGY= 1      ERR MATRIX NOT POS-DEF
  EXT PARAMETER                APPROXIMATE        STEP         FIRST   
  NO.   NAME      VALUE            ERROR          SIZE      DERIVATIVE 
   1  N0           3.08832e+06     fixed    
   2  tau          6.44002e+01   constant   
   3  A0           3.47982e-01     fixed    
   4  phi          4.13264e+00     fixed    
   5  R           -6.02574e+01   constant   
   6  A_CBO        4.68001e-04     fixed    
   7  w_CBO        2.32810e+00     fixed    
   8  phi_CBO      9.12026e-01   1.71101e+00   1.05983e-02  -6.54523e-05
   9  ANx2         2.45054e-04   constant   
  10  pNx2         5.52114e+00   constant   
  11  ANy1         0.00000e+00   constant   
  12  pNy1         0.00000e+00   constant   
  13  w_y          0.00000e+00   constant   
  14  ANy2         1.23783e-04     fixed    
  15  pNy2         3.05066e+00   constant   
  16  w_vw         1.43134e+01   constant   
  17  LM          -3.45580e-05   constant   
  18  wCBO_expCoeff   2.03116e+02   1.98817e+00   1.39529e-03  -1.71615e-04
  19  wCBO_expOffset   2.00532e+02   2.91376e-01   2.04475e-04  -1.17074e-03
  20  wCBO_expT    2.97660e+01   5.04988e-02   4.06556e-05  -5.42381e-03
  21  wCBO_linCoeff   0.00000e+00   constant   
  22  wCBO_const   2.53910e-03   1.64906e-03   6.48634e-06  -3.22740e-03
 EXTERNAL ERROR MATRIX.    NDIM=  25    NPAR=  5    ERR DEF=1
  2.928e+00 -1.927e-01 -2.828e-02  4.168e-03  1.868e-03 
 -1.927e-01  3.953e+00 -3.757e-01 -4.149e-02  2.280e-04 
 -2.828e-02 -3.757e-01  8.490e-02 -6.081e-03  3.338e-05 
  4.168e-03 -4.149e-02 -6.081e-03  2.550e-03 -2.513e-05 
  1.868e-03  2.280e-04  3.338e-05 -2.513e-05  2.719e-06 
ERR MATRIX NOT POS-DEF
 PARAMETER  CORRELATION COEFFICIENTS  
       NO.  GLOBAL      8     18     19     20     22
        8  0.71965   1.000 -0.057 -0.057  0.048  0.662
       18  0.99691  -0.057  1.000 -0.649 -0.413  0.070
       19  0.99691  -0.057 -0.649  1.000 -0.413  0.069
       20  0.99593   0.048 -0.413 -0.413  1.000 -0.302
       22  0.89785   0.662  0.070  0.069 -0.302  1.000
 ERR MATRIX NOT POS-DEF
MINUIT - FIT ONLY 1-y
 **********
 **   60 **RES 
 **********
                   PARAMETER   14  ANy2 RESTORED TO VARIABLE.
                   PARAMETER    7  w_CBO RESTORED TO VARIABLE.
                   PARAMETER    6  A_CBO RESTORED TO VARIABLE.
                   PARAMETER    4  phi RESTORED TO VARIABLE.
                   PARAMETER    3  A0 RESTORED TO VARIABLE.
                   PARAMETER    1  N0 RESTORED TO VARIABLE.
 **********
 **   61 **FIX            0
 **********
 PARAMETER    0  IS UNDEFINED. IGNORED.
 **********
 **   62 **FIX            1
 **********
 **********
 **   63 **FIX            2
 **********
 PARAMETER    2  IS CONSTANT.   IGNORED.
 **********
 **   64 **FIX            3
 **********
 **********
 **   65 **FIX            4
 **********
 **********
 **   66 **FIX            5
 **********
 PARAMETER    5  IS CONSTANT.   IGNORED.
 **********
 **   67 **FIX            6
 **********
 **********
 **   68 **FIX            7
 **********
 **********
 **   69 **FIX            8
 **********
 **********
 **   70 **FIX            9
 **********
 PARAMETER    9  IS CONSTANT.   IGNORED.
 **********
 **   71 **FIX           13
 **********
 PARAMETER   13  IS CONSTANT.   IGNORED.
 **********
 **   72 **FIX           14
 **********
 **********
 **   73 **FIX           15
 **********
 PARAMETER   15  IS CONSTANT.   IGNORED.
 **********
 **   74 **FIX           16
 **********
 PARAMETER   16  IS CONSTANT.   IGNORED.
 **********
 **   75 **MIGRAD
 **********
 START MIGRAD MINIMIZATION.  STRATEGY  1.  CONVERGENCE WHEN EDM .LT. 1.00e-04
 FCN=330.819 FROM MIGRAD    STATUS=INITIATE        8 CALLS         870 TOTAL
                     EDM= unknown      STRATEGY= 1      NO ERROR MATRIX       
  EXT PARAMETER               CURRENT GUESS       STEP         FIRST   
  NO.   NAME      VALUE            ERROR          SIZE      DERIVATIVE 
   1  N0           3.08832e+06     fixed    
   2  tau          6.44002e+01   constant   
   3  A0           3.47982e-01     fixed    
   4  phi          4.13264e+00     fixed    
   5  R           -6.02574e+01   constant   
   6  A_CBO        4.68001e-04     fixed    
   7  w_CBO        2.32810e+00     fixed    
   8  phi_CBO      9.12026e-01     fixed    
   9  ANx2         2.45054e-04   constant   
  10  pNx2         5.52114e+00   constant   
  11  ANy1         0.00000e+00   constant   
  12  pNy1         0.00000e+00   constant   
  13  w_y          0.00000e+00   constant   
  14  ANy2         1.23783e-04     fixed    
  15  pNy2         3.05066e+00   constant   
  16  w_vw         1.43134e+01   constant   
  17  LM          -3.45580e-05   constant   
  18  wCBO_expCoeff   2.03116e+02   1.98817e+00   1.39529e-03  -1.60667e-04
  19  wCBO_expOffset   2.00532e+02   2.91376e-01   2.04475e-04  -1.06810e-03
  20  wCBO_expT    2.97660e+01   5.04988e-02   4.06556e-05  -5.08837e-03
  21  wCBO_linCoeff   0.00000e+00   constant   
  22  wCBO_const   2.53910e-03   1.64906e-03   6.48634e-06  -3.72669e-03
 MIGRAD MINIMIZATION HAS CONVERGED.
 MIGRAD WILL VERIFY CONVERGENCE AND ERROR MATRIX.
 FCN=330.819 FROM MIGRAD    STATUS=CONVERGED      49 CALLS         911 TOTAL
                     EDM=4.46175e-10    STRATEGY= 1      ERR MATRIX NOT POS-DEF
  EXT PARAMETER                APPROXIMATE        STEP         FIRST   
  NO.   NAME      VALUE            ERROR          SIZE      DERIVATIVE 
   1  N0           3.08832e+06     fixed    
   2  tau          6.44002e+01   constant   
   3  A0           3.47982e-01     fixed    
   4  phi          4.13264e+00     fixed    
   5  R           -6.02574e+01   constant   
   6  A_CBO        4.68001e-04     fixed    
   7  w_CBO        2.32810e+00     fixed    
   8  phi_CBO      9.12026e-01     fixed    
   9  ANx2         2.45054e-04   constant   
  10  pNx2         5.52114e+00   constant   
  11  ANy1         0.00000e+00   constant   
  12  pNy1         0.00000e+00   constant   
  13  w_y          0.00000e+00   constant   
  14  ANy2         1.23783e-04     fixed    
  15  pNy2         3.05066e+00   constant   
  16  w_vw         1.43134e+01   constant   
  17  LM          -3.45580e-05   constant   
  18  wCBO_expCoeff   2.03116e+02   2.01020e+00   1.39368e-03  -1.22697e-05
  19  wCBO_expOffset   2.00532e+02   2.94605e-01   2.04239e-04  -8.34362e-05
  20  wCBO_expT    2.97660e+01   5.08933e-02   4.06113e-05   4.56301e-05
  21  wCBO_linCoeff   0.00000e+00   constant   
  22  wCBO_const   2.53910e-03   1.23818e-03   6.48168e-06   2.35658e-02
 EXTERNAL ERROR MATRIX.    NDIM=  25    NPAR=  4    ERR DEF=1
  4.041e+00 -3.888e-01 -4.196e-02  3.586e-04 
 -3.888e-01  8.679e-02 -6.151e-03  5.254e-05 
 -4.196e-02 -6.151e-03  2.590e-03 -2.827e-05 
  3.586e-04  5.254e-05 -2.827e-05  1.533e-06 
ERR MATRIX NOT POS-DEF
 PARAMETER  CORRELATION COEFFICIENTS  
       NO.  GLOBAL     18     19     20     22
       18  0.99698   1.000 -0.656 -0.410  0.144
       19  0.99698  -0.656  1.000 -0.410  0.144
       20  0.99600  -0.410 -0.410  1.000 -0.449
       22  0.80999   0.144  0.144 -0.449  1.000
 ERR MATRIX NOT POS-DEF
MINUIT - FIT ONLY 2-y
 **********
 **   76 **RES 
 **********
                   PARAMETER   14  ANy2 RESTORED TO VARIABLE.
                   PARAMETER    8  phi_CBO RESTORED TO VARIABLE.
                   PARAMETER    7  w_CBO RESTORED TO VARIABLE.
                   PARAMETER    6  A_CBO RESTORED TO VARIABLE.
                   PARAMETER    4  phi RESTORED TO VARIABLE.
                   PARAMETER    3  A0 RESTORED TO VARIABLE.
                   PARAMETER    1  N0 RESTORED TO VARIABLE.
 **********
 **   77 **FIX            0
 **********
 PARAMETER    0  IS UNDEFINED. IGNORED.
 **********
 **   78 **FIX            1
 **********
 **********
 **   79 **FIX            2
 **********
 PARAMETER    2  IS CONSTANT.   IGNORED.
 **********
 **   80 **FIX            3
 **********
 **********
 **   81 **FIX            4
 **********
 **********
 **   82 **FIX            5
 **********
 PARAMETER    5  IS CONSTANT.   IGNORED.
 **********
 **   83 **FIX            6
 **********
 **********
 **   84 **FIX            7
 **********
 **********
 **   85 **FIX            8
 **********
 **********
 **   86 **FIX            9
 **********
 PARAMETER    9  IS CONSTANT.   IGNORED.
 **********
 **   87 **FIX           10
 **********
 PARAMETER   10  IS CONSTANT.   IGNORED.
 **********
 **   88 **FIX           11
 **********
 PARAMETER   11  IS CONSTANT.   IGNORED.
 **********
 **   89 **FIX           12
 **********
 PARAMETER   12  IS CONSTANT.   IGNORED.
 **********
 **   90 **FIX           16
 **********
 PARAMETER   16  IS CONSTANT.   IGNORED.
 **********
 **   91 **MIGRAD
 **********
 START MIGRAD MINIMIZATION.  STRATEGY  1.  CONVERGENCE WHEN EDM .LT. 1.00e-04
 FCN=330.819 FROM MIGRAD    STATUS=INITIATE       10 CALLS         921 TOTAL
                     EDM= unknown      STRATEGY= 1      NO ERROR MATRIX       
  EXT PARAMETER               CURRENT GUESS       STEP         FIRST   
  NO.   NAME      VALUE            ERROR          SIZE      DERIVATIVE 
   1  N0           3.08832e+06     fixed    
   2  tau          6.44002e+01   constant   
   3  A0           3.47982e-01     fixed    
   4  phi          4.13264e+00     fixed    
   5  R           -6.02574e+01   constant   
   6  A_CBO        4.68001e-04     fixed    
   7  w_CBO        2.32810e+00     fixed    
   8  phi_CBO      9.12026e-01     fixed    
   9  ANx2         2.45054e-04   constant   
  10  pNx2         5.52114e+00   constant   
  11  ANy1         0.00000e+00   constant   
  12  pNy1         0.00000e+00   constant   
  13  w_y          0.00000e+00   constant   
  14  ANy2         1.23783e-04   6.69249e-04   6.69249e-04   1.35012e+02
  15  pNy2         3.05066e+00   constant   
  16  w_vw         1.43134e+01   constant   
  17  LM          -3.45580e-05   constant   
  18  wCBO_expCoeff   2.03116e+02   2.01020e+00   1.39368e-03  -1.34841e-06
  19  wCBO_expOffset   2.00532e+02   2.94605e-01   2.04239e-04   1.92274e-05
  20  wCBO_expT    2.97660e+01   5.08933e-02   4.06113e-05   3.80416e-04
  21  wCBO_linCoeff   0.00000e+00   constant   
  22  wCBO_const   2.53910e-03   1.23818e-03   6.48168e-06   2.30689e-02
 MIGRAD MINIMIZATION HAS CONVERGED.
 MIGRAD WILL VERIFY CONVERGENCE AND ERROR MATRIX.
 FCN=330.817 FROM MIGRAD    STATUS=CONVERGED      70 CALLS         981 TOTAL
                     EDM=3.82327e-07    STRATEGY= 1      ERR MATRIX NOT POS-DEF
  EXT PARAMETER                APPROXIMATE        STEP         FIRST   
  NO.   NAME      VALUE            ERROR          SIZE      DERIVATIVE 
   1  N0           3.08832e+06     fixed    
   2  tau          6.44002e+01   constant   
   3  A0           3.47982e-01     fixed    
   4  phi          4.13264e+00     fixed    
   5  R           -6.02574e+01   constant   
   6  A_CBO        4.68001e-04     fixed    
   7  w_CBO        2.32810e+00     fixed    
   8  phi_CBO      9.12026e-01     fixed    
   9  ANx2         2.45054e-04   constant   
  10  pNx2         5.52114e+00   constant   
  11  ANy1         0.00000e+00   constant   
  12  pNy1         0.00000e+00   constant   
  13  w_y          0.00000e+00   constant   
  14  ANy2         9.34641e-05   6.67785e-04   5.95851e-06   7.98272e-04
  15  pNy2         3.05066e+00   constant   
  16  w_vw         1.43134e+01   constant   
  17  LM          -3.45580e-05   constant   
  18  wCBO_expCoeff   2.03116e+02   2.01320e+00   1.39559e-03   3.97425e-04
  19  wCBO_expOffset   2.00532e+02   2.95043e-01   2.04518e-04   2.71220e-03
  20  wCBO_expT    2.97660e+01   5.09531e-02   4.06687e-05   2.04392e-02
  21  wCBO_linCoeff   0.00000e+00   constant   
  22  wCBO_const   2.53891e-03   1.23829e-03   6.48728e-06  -4.66547e-01
 EXTERNAL ERROR MATRIX.    NDIM=  25    NPAR=  5    ERR DEF=1
  4.459e-07 -2.551e-06 -3.735e-07  2.584e-07 -4.779e-09 
 -2.551e-06  4.053e+00 -3.901e-01 -4.206e-02  3.593e-04 
 -3.735e-07 -3.901e-01  8.705e-02 -6.165e-03  5.265e-05 
  2.584e-07 -4.206e-02 -6.165e-03  2.596e-03 -2.831e-05 
 -4.779e-09  3.593e-04  5.265e-05 -2.831e-05  1.533e-06 
ERR MATRIX NOT POS-DEF
 PARAMETER  CORRELATION COEFFICIENTS  
       NO.  GLOBAL     14     18     19     20     22
       14  0.02938   1.000 -0.002 -0.002  0.008 -0.006
       18  0.99698  -0.002  1.000 -0.657 -0.410  0.144
       19  0.99698  -0.002 -0.657  1.000 -0.410  0.144
       20  0.99599   0.008 -0.410 -0.410  1.000 -0.449
       22  0.80965  -0.006  0.144  0.144 -0.449  1.000
 ERR MATRIX NOT POS-DEF
MINUIT - FIT ALTOGETHER
 **********
 **   92 **RES 
 **********
                   PARAMETER    8  phi_CBO RESTORED TO VARIABLE.
                   PARAMETER    7  w_CBO RESTORED TO VARIABLE.
                   PARAMETER    6  A_CBO RESTORED TO VARIABLE.
                   PARAMETER    4  phi RESTORED TO VARIABLE.
                   PARAMETER    3  A0 RESTORED TO VARIABLE.
                   PARAMETER    1  N0 RESTORED TO VARIABLE.
 **********
 **   93 **MIGRAD
 **********
 START MIGRAD MINIMIZATION.  STRATEGY  1.  CONVERGENCE WHEN EDM .LT. 1.00e-04
 FCN=330.817 FROM MIGRAD    STATUS=INITIATE       22 CALLS        1003 TOTAL
                     EDM= unknown      STRATEGY= 1      NO ERROR MATRIX       
  EXT PARAMETER               CURRENT GUESS       STEP         FIRST   
  NO.   NAME      VALUE            ERROR          SIZE      DERIVATIVE 
   1  N0           3.08832e+06   1.50422e+03   1.50422e+03  -4.38469e-04
   2  tau          6.44002e+01   constant   
   3  A0           3.47982e-01   6.19339e-04   6.19339e-04   4.11234e+02
   4  phi          4.13264e+00   1.87504e-03   1.87504e-03   3.55835e+01
   5  R           -6.02574e+01   constant   
   6  A_CBO        4.68001e-04   6.86644e-04   6.86644e-04  -9.31307e+02
   7  w_CBO        2.32810e+00   1.26405e-02   1.26405e-02  -1.59317e-01
   8  phi_CBO      9.12026e-01   1.71101e+00   1.71101e+00  -3.73536e-03
   9  ANx2         2.45054e-04   constant   
  10  pNx2         5.52114e+00   constant   
  11  ANy1         0.00000e+00   constant   
  12  pNy1         0.00000e+00   constant   
  13  w_y          0.00000e+00   constant   
  14  ANy2         9.34641e-05   6.67785e-04   5.95851e-06   7.97958e-04
  15  pNy2         3.05066e+00   constant   
  16  w_vw         1.43134e+01   constant   
  17  LM          -3.45580e-05   constant   
  18  wCBO_expCoeff   2.03116e+02   2.01320e+00   1.39559e-03   4.08429e-04
  19  wCBO_expOffset   2.00532e+02   2.95043e-01   2.04518e-04   2.81539e-03
