 + ++++++++++++++++++++++++++++++++++++++++++++++++++++++++++++++++++++ +
 +                                                                      +
 +           You have chose to blind your fitting according to          +
 +                omega_ref * (1 + (R +/- deltaR) *10^{-6})             +
 +                                                                      +
 + ++++++++++++++++++++++++++++++++++++++++++++++++++++++++++++++++++++ +
In main()...
reading format from /gm2data/zkhechad/run45/envelope/formats/formatB_sBin_constraintOn.txt
pBinTau 	= 0  
pBinPhi 	= 0  
constraintau 	= 1 
includeMopTerm 	= 0    
constrainMop    = 0   
Parameters after format file: pBinTau 0 pBinPhi 0 constraintau 1 includeMopTerm 0 constrainMop 0 c_e_scale 0.000000 
reading cbo reference file (full fit) from /gm2data/zkhechad/cboTemplates/Run4CBOTemplates/fullFits/run4/sBin_constraintOn_cE0.0_seed0_run4_calo21.root
A_CBO 0.009954 w_CBO 2.326310 phi_CBO 2.942572 N0 2740148.315147 R -59.181603 tau 64.402317 
Reading cboRef file /gm2data/zkhechad/cboTemplates/Run4CBOTemplates//cboIsolate/run4_calo21.root
deltaT 164.120000
windowBins = 1100
fitting sliding window 2080 from bin 2283 at 340.623600 to bin 3383 at 504.743600 (1100 bins)

Reading data from /gm2data/cornell/histograms/aMethod/histogram_a_run4.root
fitting cbo isolate
 **********
 **    1 **SET PRINTOUT            1
 **********
 **********
 **    2 **SET NOWARNINGS 
 **********
 PARAMETER DEFINITIONS:
    NO.   NAME         VALUE      STEP SIZE      LIMITS
     1 A_CBO        9.95405e-03  1.00000e-05     no limits
     2 w_CBO        2.32631e+00  1.00000e-02    2.00000e+00  3.00000e+00
     3 phi_CBO      2.94257e+00  1.00000e-02    0.00000e+00  6.28319e+00
 **********
 **    3 **MIGRAD
 **********
 FIRST CALL TO USER FUNCTION AT NEW START POINT, WITH IFLAG=4.
 START MIGRAD MINIMIZATION.  STRATEGY  1.  CONVERGENCE WHEN EDM .LT. 1.00e-04
 FCN=0.153211 FROM MIGRAD    STATUS=INITIATE       12 CALLS          13 TOTAL
                     EDM= unknown      STRATEGY= 1      NO ERROR MATRIX       
  EXT PARAMETER               CURRENT GUESS       STEP         FIRST   
  NO.   NAME      VALUE            ERROR          SIZE      DERIVATIVE 
   1  A_CBO        9.95405e-03   1.00000e-05   1.00000e-05   7.94650e+00
   2  w_CBO        2.32631e+00   1.00000e-02   2.13305e-02   2.20843e+00
   3  phi_CBO      2.94257e+00   1.00000e-02   3.18951e-03  -3.13574e-02
 MIGRAD MINIMIZATION HAS CONVERGED.
 MIGRAD WILL VERIFY CONVERGENCE AND ERROR MATRIX.
 COVARIANCE MATRIX CALCULATED SUCCESSFULLY
 FCN=0.123896 FROM HESSE     STATUS=OK             16 CALLS          58 TOTAL
                     EDM=0.00118247    STRATEGY= 1      ERROR MATRIX ACCURATE 
  EXT PARAMETER                                   STEP         FIRST   
  NO.   NAME      VALUE            ERROR          SIZE      DERIVATIVE 
   1  A_CBO        2.88551e-03   4.98141e-02   2.20862e-05  -3.50674e-03
   2  w_CBO        2.32582e+00   3.62351e-01   4.14234e-05   8.17321e-02
   3  phi_CBO      3.06330e+00   4.74929e+00   2.58162e-03  -6.48731e-05
 MIGRAD MINIMIZATION HAS CONVERGED.
 MIGRAD WILL VERIFY CONVERGENCE AND ERROR MATRIX.
 COVARIANCE MATRIX CALCULATED SUCCESSFULLY
 FCN=0.123144 FROM MIGRAD    STATUS=CONVERGED     174 CALLS         175 TOTAL
                     EDM=3.11269e-05    STRATEGY= 1      ERROR MATRIX ACCURATE 
  EXT PARAMETER                                   STEP         FIRST   
  NO.   NAME      VALUE            ERROR          SIZE      DERIVATIVE 
   1  A_CBO        3.07186e-03   4.27747e-02   2.20706e-05  -4.78808e-02
   2  w_CBO        2.31907e+00   1.35370e-01   3.63667e-05  -4.93430e-02
   3  phi_CBO      2.80923e-01   3.58049e+00   4.86236e-03   4.76767e-04
 EXTERNAL ERROR MATRIX.    NDIM=  25    NPAR=  3    ERR DEF=1
  1.830e-03 -3.904e-04 -1.780e-01 
 -3.904e-04  1.886e-02  7.541e+00 
 -1.780e-01  7.541e+00  3.194e+03 
 PARAMETER  CORRELATION COEFFICIENTS  
       NO.  GLOBAL      1      2      3
        1  0.07669   1.000 -0.066 -0.074
        2  0.97151  -0.066  1.000  0.971
        3  0.97153  -0.074  0.971  1.000
setting A_CBO=0.003072 w_CBO=2.319075, phi_CBO=0.280923
done fitting cbo isolate
 **********
 **    1 **SET PRINTOUT            1
 **********
 **********
 **    2 **SET NOWARNINGS 
 **********
 PARAMETER DEFINITIONS:
    NO.   NAME         VALUE      STEP SIZE      LIMITS
     1 N0           2.74015e+06  1.00000e+02     no limits
     2 tau          6.44023e+01  constant
     3 A0           3.54223e-01  1.00000e-04     no limits
     4 phi          4.11631e+00  1.00000e-02     no limits
     5 R           -5.91816e+01  constant
     6 A_CBO        3.07186e-03  1.00000e-05     no limits
     7 w_CBO        2.31907e+00  1.00000e-03     no limits
     8 phi_CBO      2.80923e-01  1.00000e-04     no limits
     9 ANx2         7.44254e-04  constant
    10 pNx2         1.53785e+00  constant
    11 ANy1         0.00000e+00  constant
    12 pNy1         0.00000e+00  constant
    13 w_y          0.00000e+00  constant
    14 ANy2         8.00900e-03  1.00000e-04     no limits
    15 pNy2         3.64406e+00  constant
    16 w_vw         1.43170e+01  constant
    17 LM          -4.99363e-05  constant
    18 wCBO_expCoeff   2.00000e+02  1.00000e+00     no limits
    19 wCBO_expOffset   2.00000e+02  1.00000e+00     no limits
    20 wCBO_expT    3.00000e+01  1.00000e+00     no limits
    21 wCBO_linCoeff   0.00000e+00  constant
    22 wCBO_const   0.00000e+00  1.00000e-02     no limits
MINUIT - FIT ONLY WIGGLE
 **********
 **    3 **FIX            5
 **********
 PARAMETER    5  IS CONSTANT.   IGNORED.
 **********
 **    4 **FIX            6
 **********
 **********
 **    5 **FIX            7
 **********
 **********
 **    6 **FIX            8
 **********
 **********
 **    7 **FIX            9
 **********
 PARAMETER    9  IS CONSTANT.   IGNORED.
 **********
 **    8 **FIX           10
 **********
 PARAMETER   10  IS CONSTANT.   IGNORED.
 **********
 **    9 **FIX           11
 **********
 PARAMETER   11  IS CONSTANT.   IGNORED.
 **********
 **   10 **FIX           12
 **********
 PARAMETER   12  IS CONSTANT.   IGNORED.
 **********
 **   11 **FIX           13
 **********
 PARAMETER   13  IS CONSTANT.   IGNORED.
 **********
 **   12 **FIX           14
 **********
 **********
 **   13 **FIX           15
 **********
 PARAMETER   15  IS CONSTANT.   IGNORED.
 **********
 **   14 **FIX           16
 **********
 PARAMETER   16  IS CONSTANT.   IGNORED.
 **********
 **   15 **MIGRAD
 **********
 FIRST CALL TO USER FUNCTION AT NEW START POINT, WITH IFLAG=4.
 START MIGRAD MINIMIZATION.  STRATEGY  1.  CONVERGENCE WHEN EDM .LT. 1.00e-04
 FCN=429.789 FROM MIGRAD    STATUS=INITIATE       32 CALLS          33 TOTAL
                     EDM= unknown      STRATEGY= 1      NO ERROR MATRIX       
  EXT PARAMETER               CURRENT GUESS       STEP         FIRST   
  NO.   NAME      VALUE            ERROR          SIZE      DERIVATIVE 
   1  N0           2.74015e+06   1.00000e+02   1.00000e+02   4.47009e-04
   2  tau          6.44023e+01   constant   
   3  A0           3.54223e-01   1.00000e-04   1.00000e-04   1.86604e+03
   4  phi          4.11631e+00   1.00000e-02   1.00000e-02   1.71252e+02
   5  R           -5.91816e+01   constant   
   6  A_CBO        3.07186e-03     fixed    
   7  w_CBO        2.31907e+00     fixed    
   8  phi_CBO      2.80923e-01     fixed    
   9  ANx2         7.44254e-04   constant   
  10  pNx2         1.53785e+00   constant   
  11  ANy1         0.00000e+00   constant   
  12  pNy1         0.00000e+00   constant   
  13  w_y          0.00000e+00   constant   
  14  ANy2         8.00900e-03     fixed    
  15  pNy2         3.64406e+00   constant   
  16  w_vw         1.43170e+01   constant   
  17  LM          -4.99363e-05   constant   
  18  wCBO_expCoeff   2.00000e+02   1.00000e+00   1.00000e+00  -2.15064e+01
  19  wCBO_expOffset   2.00000e+02   1.00000e+00   1.00000e+00  -1.43376e+02
  20  wCBO_expT    3.00000e+01   1.00000e+00   1.00000e+00  -6.97236e+02
  21  wCBO_linCoeff   0.00000e+00   constant   
  22  wCBO_const   0.00000e+00   1.00000e-02   1.00000e-02  -1.95080e+03
 MIGRAD MINIMIZATION HAS CONVERGED.
 FCN=427.33 FROM MIGRAD    STATUS=CONVERGED     174 CALLS         175 TOTAL
                     EDM=4.95708e-08    STRATEGY= 1  ERROR MATRIX UNCERTAINTY   1.4 per cent
  EXT PARAMETER                                   STEP         FIRST   
  NO.   NAME      VALUE            ERROR          SIZE      DERIVATIVE 
   1  N0           2.73962e+06   1.38163e+03  -2.06591e+00   1.10432e-07
   2  tau          6.44023e+01   constant   
   3  A0           3.53976e-01   6.69702e-04  -8.81209e-08  -2.11953e-01
   4  phi          4.11604e+00   1.97694e-03   2.87678e-06  -1.67911e-01
   5  R           -5.91816e+01   constant   
   6  A_CBO        3.07186e-03     fixed    
   7  w_CBO        2.31907e+00     fixed    
   8  phi_CBO      2.80923e-01     fixed    
   9  ANx2         7.44254e-04   constant   
  10  pNx2         1.53785e+00   constant   
  11  ANy1         0.00000e+00   constant   
  12  pNy1         0.00000e+00   constant   
  13  w_y          0.00000e+00   constant   
  14  ANy2         8.00900e-03     fixed    
  15  pNy2         3.64406e+00   constant   
  16  w_vw         1.43170e+01   constant   
  17  LM          -4.99363e-05   constant   
  18  wCBO_expCoeff   1.99612e+02   1.04478e+00  -3.03327e-03  -1.08804e-03
  19  wCBO_expOffset   1.99942e+02   1.57029e-01  -4.55847e-04  -7.22852e-03
  20  wCBO_expT    3.00313e+01   6.72249e-02   2.02673e-04  -3.11338e-02
  21  wCBO_linCoeff   0.00000e+00   constant   
  22  wCBO_const  -7.45099e-04   9.72052e-04  -3.83105e-06  -1.59953e-03
 EXTERNAL ERROR MATRIX.    NDIM=  25    NPAR=  7    ERR DEF=1
  1.909e+06 -3.209e-03 -2.246e-02  4.899e+01  7.365e+00 -3.447e+00  1.141e-01 
 -3.209e-03  4.485e-07  2.678e-08 -3.093e-05 -4.650e-06  2.319e-06 -7.747e-08 
 -2.246e-02  2.678e-08  3.908e-06 -3.079e-04 -4.628e-05  1.978e-05 -2.853e-07 
  4.899e+01 -3.093e-05 -3.079e-04  1.092e+00  1.592e-01 -6.955e-02  8.308e-04 
  7.365e+00 -4.650e-06 -4.628e-05  1.592e-01  2.466e-02 -1.045e-02  1.249e-04 
 -3.447e+00  2.319e-06  1.978e-05 -6.955e-02 -1.045e-02  4.519e-03 -5.558e-05 
  1.141e-01 -7.747e-08 -2.853e-07  8.308e-04  1.249e-04 -5.558e-05  9.449e-07 
 PARAMETER  CORRELATION COEFFICIENTS  
       NO.  GLOBAL      1      3      4     18     19     20     22
        1  0.11516   1.000 -0.003 -0.008  0.034  0.034 -0.037  0.085
        3  0.15277  -0.003  1.000  0.020 -0.044 -0.044  0.052 -0.119
        4  0.17090  -0.008  0.020  1.000 -0.149 -0.149  0.149 -0.148
       18  0.99577   0.034 -0.044 -0.149  1.000  0.970 -0.990  0.818
       19  0.99578   0.034 -0.044 -0.149  0.970  1.000 -0.990  0.818
       20  0.99892  -0.037  0.052  0.149 -0.990 -0.990  1.000 -0.851
       22  0.92432   0.085 -0.119 -0.148  0.818  0.818 -0.851  1.000
MINUIT - FIT ONLY 1-CBO + other amplitudes 
 **********
 **   16 **RES 
 **********
                   PARAMETER   14  ANy2 RESTORED TO VARIABLE.
                   PARAMETER    8  phi_CBO RESTORED TO VARIABLE.
                   PARAMETER    7  w_CBO RESTORED TO VARIABLE.
                   PARAMETER    6  A_CBO RESTORED TO VARIABLE.
 **********
 **   17 **FIX            0
 **********
 PARAMETER    0  IS UNDEFINED. IGNORED.
 **********
 **   18 **FIX            1
 **********
 **********
 **   19 **FIX            2
 **********
 PARAMETER    2  IS CONSTANT.   IGNORED.
 **********
 **   20 **FIX            3
 **********
 **********
 **   21 **FIX            4
 **********
 **********
 **   22 **FIX            9
 **********
 PARAMETER    9  IS CONSTANT.   IGNORED.
 **********
 **   23 **FIX           11
 **********
 PARAMETER   11  IS CONSTANT.   IGNORED.
 **********
 **   24 **FIX           12
 **********
 PARAMETER   12  IS CONSTANT.   IGNORED.
 **********
 **   25 **FIX           14
 **********
 **********
 **   26 **FIX           15
 **********
 PARAMETER   15  IS CONSTANT.   IGNORED.
 **********
 **   27 **FIX           16
 **********
 PARAMETER   16  IS CONSTANT.   IGNORED.
 **********
 **   28 **MIGRAD
 **********
 START MIGRAD MINIMIZATION.  STRATEGY  1.  CONVERGENCE WHEN EDM .LT. 1.00e-04
 FCN=427.33 FROM MIGRAD    STATUS=INITIATE       20 CALLS         195 TOTAL
                     EDM= unknown      STRATEGY= 1      NO ERROR MATRIX       
  EXT PARAMETER               CURRENT GUESS       STEP         FIRST   
  NO.   NAME      VALUE            ERROR          SIZE      DERIVATIVE 
   1  N0           2.73962e+06     fixed    
   2  tau          6.44023e+01   constant   
   3  A0           3.53976e-01     fixed    
   4  phi          4.11604e+00     fixed    
   5  R           -5.91816e+01   constant   
   6  A_CBO        3.07186e-03   1.00000e-05   1.00000e-05   1.00792e+04
   7  w_CBO        2.31907e+00   1.00000e-03   1.00000e-03  -9.51078e-02
   8  phi_CBO      2.80923e-01   1.00000e-04   1.00000e-04   3.48471e+00
   9  ANx2         7.44254e-04   constant   
  10  pNx2         1.53785e+00   constant   
  11  ANy1         0.00000e+00   constant   
  12  pNy1         0.00000e+00   constant   
  13  w_y          0.00000e+00   constant   
  14  ANy2         8.00900e-03     fixed    
  15  pNy2         3.64406e+00   constant   
  16  w_vw         1.43170e+01   constant   
  17  LM          -4.99363e-05   constant   
  18  wCBO_expCoeff   1.99612e+02   1.04478e+00  -3.03327e-03  -1.08827e-03
  19  wCBO_expOffset   1.99942e+02   1.57029e-01  -4.55847e-04  -7.23014e-03
  20  wCBO_expT    3.00313e+01   6.72249e-02   2.02673e-04  -3.11450e-02
  21  wCBO_linCoeff   0.00000e+00   constant   
  22  wCBO_const  -7.45099e-04   9.72052e-04  -3.83105e-06  -1.59159e-03
 MIGRAD MINIMIZATION HAS CONVERGED.
 MIGRAD WILL VERIFY CONVERGENCE AND ERROR MATRIX.
 FCN=412.774 FROM MIGRAD    STATUS=CONVERGED     244 CALLS         419 TOTAL
                     EDM=7.523e-06    STRATEGY= 1      ERR MATRIX NOT POS-DEF
  EXT PARAMETER                APPROXIMATE        STEP         FIRST   
  NO.   NAME      VALUE            ERROR          SIZE      DERIVATIVE 
   1  N0           2.73962e+06     fixed    
   2  tau          6.44023e+01   constant   
   3  A0           3.53976e-01     fixed    
   4  phi          4.11604e+00     fixed    
   5  R           -5.91816e+01   constant   
   6  A_CBO        6.07194e-04   7.05732e-04   6.97836e-06  -6.01377e-01
   7  w_CBO        2.31899e+00   7.62608e-03   6.55321e-06   3.62902e+00
   8  phi_CBO     -9.23254e-01   1.23722e+00   1.13682e-02  -1.05495e-03
   9  ANx2         7.44254e-04   constant   
  10  pNx2         1.53785e+00   constant   
  11  ANy1         0.00000e+00   constant   
  12  pNy1         0.00000e+00   constant   
  13  w_y          0.00000e+00   constant   
  14  ANy2         8.00900e-03     fixed    
  15  pNy2         3.64406e+00   constant   
  16  w_vw         1.43170e+01   constant   
  17  LM          -4.99363e-05   constant   
  18  wCBO_expCoeff   1.99819e+02   1.42592e+00   1.21864e-03   2.75134e-02
  19  wCBO_expOffset   1.99973e+02   2.14238e-01   1.83087e-04   1.83132e-01
  20  wCBO_expT    3.00207e+01   3.48598e-02   3.56089e-05   9.10919e-01
  21  wCBO_linCoeff   0.00000e+00   constant   
  22  wCBO_const  -1.41410e-03   3.29836e-03   4.52847e-06   2.92222e+00
 EXTERNAL ERROR MATRIX.    NDIM=  25    NPAR=  7    ERR DEF=1
  4.981e-07 -7.225e-08  4.026e-06 -3.857e-05 -5.794e-06  2.486e-06  3.306e-09 
 -7.225e-08  5.816e-05  1.378e-04 -1.940e-03 -2.919e-04 -3.533e-05 -2.456e-05 
  4.026e-06  1.378e-04  1.531e+00 -2.964e-02 -4.456e-03  6.858e-04  2.146e-04 
 -3.857e-05 -1.940e-03 -2.964e-02  2.033e+00 -1.882e-01 -1.832e-02  9.268e-04 
 -5.794e-06 -2.919e-04 -4.456e-03 -1.882e-01  4.590e-02 -2.752e-03  1.394e-04 
  2.486e-06 -3.533e-05  6.858e-04 -1.832e-02 -2.752e-03  1.215e-03  6.005e-06 
  3.306e-09 -2.456e-05  2.146e-04  9.268e-04  1.394e-04  6.005e-06  1.088e-05 
ERR MATRIX NOT POS-DEF
 PARAMETER  CORRELATION COEFFICIENTS  
       NO.  GLOBAL      6      7      8     18     19     20     22
        6  0.11270   1.000 -0.013  0.005 -0.038 -0.038  0.101  0.001
        7  0.99627  -0.013  1.000  0.015 -0.178 -0.179 -0.133 -0.976
        8  0.37239   0.005  0.015  1.000 -0.017 -0.017  0.016  0.053
       18  0.99631  -0.038 -0.178 -0.017  1.000 -0.616 -0.369  0.197
       19  0.99631  -0.038 -0.179 -0.017 -0.616  1.000 -0.368  0.197
       20  0.99473   0.101 -0.133  0.016 -0.369 -0.368  1.000  0.052
       22  0.99043   0.001 -0.976  0.053  0.197  0.197  0.052  1.000
 ERR MATRIX NOT POS-DEF
MINUIT - FIT ONLY 1-CBO
 **********
 **   29 **RES 
 **********
                   PARAMETER   14  ANy2 RESTORED TO VARIABLE.
                   PARAMETER    4  phi RESTORED TO VARIABLE.
                   PARAMETER    3  A0 RESTORED TO VARIABLE.
                   PARAMETER    1  N0 RESTORED TO VARIABLE.
 **********
 **   30 **FIX            0
 **********
 PARAMETER    0  IS UNDEFINED. IGNORED.
 **********
 **   31 **FIX            1
 **********
 **********
 **   32 **FIX            2
 **********
 PARAMETER    2  IS CONSTANT.   IGNORED.
 **********
 **   33 **FIX            3
 **********
 **********
 **   34 **FIX            4
 **********
 **********
 **   35 **FIX            8
 **********
 **********
 **   36 **FIX            9
 **********
 PARAMETER    9  IS CONSTANT.   IGNORED.
 **********
 **   37 **FIX           11
 **********
 PARAMETER   11  IS CONSTANT.   IGNORED.
 **********
 **   38 **FIX           12
 **********
 PARAMETER   12  IS CONSTANT.   IGNORED.
 **********
 **   39 **FIX           13
 **********
 PARAMETER   13  IS CONSTANT.   IGNORED.
 **********
 **   40 **FIX           15
 **********
 PARAMETER   15  IS CONSTANT.   IGNORED.
 **********
 **   41 **FIX           16
 **********
 PARAMETER   16  IS CONSTANT.   IGNORED.
 **********
 **   42 **MIGRAD
 **********
 START MIGRAD MINIMIZATION.  STRATEGY  1.  CONVERGENCE WHEN EDM .LT. 1.00e-04
 FCN=412.774 FROM MIGRAD    STATUS=INITIATE       16 CALLS         435 TOTAL
                     EDM= unknown      STRATEGY= 1      NO ERROR MATRIX       
  EXT PARAMETER               CURRENT GUESS       STEP         FIRST   
  NO.   NAME      VALUE            ERROR          SIZE      DERIVATIVE 
   1  N0           2.73962e+06     fixed    
   2  tau          6.44023e+01   constant   
   3  A0           3.53976e-01     fixed    
   4  phi          4.11604e+00     fixed    
   5  R           -5.91816e+01   constant   
   6  A_CBO        6.07194e-04   7.05732e-04   6.97836e-06  -6.01377e-01
   7  w_CBO        2.31899e+00   7.62608e-03   6.55321e-06   3.62725e+00
   8  phi_CBO     -9.23254e-01     fixed    
   9  ANx2         7.44254e-04   constant   
  10  pNx2         1.53785e+00   constant   
  11  ANy1         0.00000e+00   constant   
  12  pNy1         0.00000e+00   constant   
  13  w_y          0.00000e+00   constant   
  14  ANy2         8.00900e-03   1.00000e-04   1.00000e-04   3.19504e+04
  15  pNy2         3.64406e+00   constant   
  16  w_vw         1.43170e+01   constant   
  17  LM          -4.99363e-05   constant   
  18  wCBO_expCoeff   1.99819e+02   1.42592e+00   1.21864e-03   2.75193e-02
  19  wCBO_expOffset   1.99973e+02   2.14238e-01   1.83087e-04   1.83173e-01
  20  wCBO_expT    3.00207e+01   3.48598e-02   3.56089e-05   9.10892e-01
  21  wCBO_linCoeff   0.00000e+00   constant   
  22  wCBO_const  -1.41410e-03   3.29836e-03   4.52847e-06   2.91938e+00
 MIGRAD MINIMIZATION HAS CONVERGED.
 MIGRAD WILL VERIFY CONVERGENCE AND ERROR MATRIX.
 FCN=286.714 FROM MIGRAD    STATUS=CONVERGED     195 CALLS         614 TOTAL
                     EDM=1.639e-07    STRATEGY= 1      ERR MATRIX NOT POS-DEF
  EXT PARAMETER                APPROXIMATE        STEP         FIRST   
  NO.   NAME      VALUE            ERROR          SIZE      DERIVATIVE 
   1  N0           2.73962e+06     fixed    
   2  tau          6.44023e+01   constant   
   3  A0           3.53976e-01     fixed    
   4  phi          4.11604e+00     fixed    
   5  R           -5.91816e+01   constant   
   6  A_CBO        3.92653e-04   7.10774e-04   5.75693e-06  -3.20286e-01
   7  w_CBO        2.31796e+00   7.15120e-03   5.40522e-06  -3.41077e-01
   8  phi_CBO     -9.23254e-01     fixed    
   9  ANx2         7.44254e-04   constant   
  10  pNx2         1.53785e+00   constant   
  11  ANy1         0.00000e+00   constant   
  12  pNy1         0.00000e+00   constant   
  13  w_y          0.00000e+00   constant   
  14  ANy2         1.15931e-04   6.99997e-04   5.80617e-06   4.00850e-01
  15  pNy2         3.64406e+00   constant   
  16  w_vw         1.43170e+01   constant   
  17  LM          -4.99363e-05   constant   
  18  wCBO_expCoeff   1.99260e+02   1.39048e+00   9.85359e-04  -2.91037e-03
  19  wCBO_expOffset   1.99889e+02   2.09768e-01   1.48640e-04  -1.92728e-02
  20  wCBO_expT    3.00580e+01   3.45764e-02   2.93733e-05  -8.68727e-02
  21  wCBO_linCoeff   0.00000e+00   constant   
  22  wCBO_const  -1.01312e-03   3.09001e-03   3.71479e-06  -2.10677e-01
 EXTERNAL ERROR MATRIX.    NDIM=  25    NPAR=  7    ERR DEF=1
  5.052e-07 -5.762e-08  1.914e-08 -1.685e-05 -2.543e-06  9.826e-07 -3.328e-08 
 -5.762e-08  5.114e-05  9.099e-09 -1.690e-03 -2.553e-04 -3.227e-05 -2.160e-05 
  1.914e-08  9.099e-09  4.900e-07  8.494e-06  1.281e-06 -6.093e-07 -8.377e-09 
 -1.685e-05 -1.690e-03  8.494e-06  1.933e+00 -1.820e-01 -1.775e-02  8.330e-04 
 -2.543e-06 -2.553e-04  1.281e-06 -1.820e-01  4.400e-02 -2.679e-03  1.258e-04 
  9.826e-07 -3.227e-05 -6.093e-07 -1.775e-02 -2.679e-03  1.196e-03  4.373e-06 
 -3.328e-08 -2.160e-05 -8.377e-09  8.330e-04  1.258e-04  4.373e-06  9.548e-06 
ERR MATRIX NOT POS-DEF
 PARAMETER  CORRELATION COEFFICIENTS  
       NO.  GLOBAL      6      7     14     18     19     20     22
        6  0.22319   1.000 -0.011  0.038 -0.017 -0.017  0.040 -0.015
        7  0.99586  -0.011  1.000  0.002 -0.170 -0.170 -0.130 -0.978
       14  0.05989   0.038  0.002  1.000  0.009  0.009 -0.025 -0.004
       18  0.99636  -0.017 -0.170  0.009  1.000 -0.624 -0.369  0.194
       19  0.99636  -0.017 -0.170  0.009 -0.624  1.000 -0.369  0.194
       20  0.99476   0.040 -0.130 -0.025 -0.369 -0.369  1.000  0.041
       22  0.98948  -0.015 -0.978 -0.004  0.194  0.194  0.041  1.000
 ERR MATRIX NOT POS-DEF
MINUIT - FIT ONLY 2-CBO
 **********
 **   43 **RES 
 **********
                   PARAMETER    8  phi_CBO RESTORED TO VARIABLE.
                   PARAMETER    4  phi RESTORED TO VARIABLE.
                   PARAMETER    3  A0 RESTORED TO VARIABLE.
                   PARAMETER    1  N0 RESTORED TO VARIABLE.
 **********
 **   44 **FIX            0
 **********
 PARAMETER    0  IS UNDEFINED. IGNORED.
 **********
 **   45 **FIX            1
 **********
 **********
 **   46 **FIX            2
 **********
 PARAMETER    2  IS CONSTANT.   IGNORED.
 **********
 **   47 **FIX            3
 **********
 **********
 **   48 **FIX            4
 **********
 **********
 **   49 **FIX            5
 **********
 PARAMETER    5  IS CONSTANT.   IGNORED.
 **********
 **   50 **FIX            6
 **********
 **********
 **   51 **FIX            7
 **********
 **********
 **   52 **FIX           10
 **********
 PARAMETER   10  IS CONSTANT.   IGNORED.
 **********
 **   53 **FIX           11
 **********
 PARAMETER   11  IS CONSTANT.   IGNORED.
 **********
 **   54 **FIX           12
 **********
 PARAMETER   12  IS CONSTANT.   IGNORED.
 **********
 **   55 **FIX           13
 **********
 PARAMETER   13  IS CONSTANT.   IGNORED.
 **********
 **   56 **FIX           14
 **********
 **********
 **   57 **FIX           15
 **********
 PARAMETER   15  IS CONSTANT.   IGNORED.
 **********
 **   58 **FIX           16
 **********
 PARAMETER   16  IS CONSTANT.   IGNORED.
 **********
 **   59 **MIGRAD
 **********
 START MIGRAD MINIMIZATION.  STRATEGY  1.  CONVERGENCE WHEN EDM .LT. 1.00e-04
 FCN=286.714 FROM MIGRAD    STATUS=INITIATE       12 CALLS         626 TOTAL
                     EDM= unknown      STRATEGY= 1      NO ERROR MATRIX       
  EXT PARAMETER               CURRENT GUESS       STEP         FIRST   
  NO.   NAME      VALUE            ERROR          SIZE      DERIVATIVE 
   1  N0           2.73962e+06     fixed    
   2  tau          6.44023e+01   constant   
   3  A0           3.53976e-01     fixed    
   4  phi          4.11604e+00     fixed    
   5  R           -5.91816e+01   constant   
   6  A_CBO        3.92653e-04     fixed    
   7  w_CBO        2.31796e+00     fixed    
   8  phi_CBO     -9.23254e-01   1.23722e+00   1.23722e+00  -5.41461e-01
   9  ANx2         7.44254e-04   constant   
  10  pNx2         1.53785e+00   constant   
  11  ANy1         0.00000e+00   constant   
  12  pNy1         0.00000e+00   constant   
  13  w_y          0.00000e+00   constant   
  14  ANy2         1.15931e-04     fixed    
  15  pNy2         3.64406e+00   constant   
  16  w_vw         1.43170e+01   constant   
  17  LM          -4.99363e-05   constant   
  18  wCBO_expCoeff   1.99260e+02   1.39048e+00   9.85359e-04  -2.86357e-03
  19  wCBO_expOffset   1.99889e+02   2.09768e-01   1.48640e-04  -1.89808e-02
  20  wCBO_expT    3.00580e+01   3.45764e-02   2.93733e-05  -8.57882e-02
  21  wCBO_linCoeff   0.00000e+00   constant   
  22  wCBO_const  -1.01312e-03   3.09001e-03   3.71479e-06  -2.06253e-01
 MIGRAD MINIMIZATION HAS CONVERGED.
 MIGRAD WILL VERIFY CONVERGENCE AND ERROR MATRIX.
 FCN=286.489 FROM MIGRAD    STATUS=CONVERGED     118 CALLS         732 TOTAL
                     EDM=1.32029e-06    STRATEGY= 1      ERR MATRIX NOT POS-DEF
  EXT PARAMETER                APPROXIMATE        STEP         FIRST   
  NO.   NAME      VALUE            ERROR          SIZE      DERIVATIVE 
   1  N0           2.73962e+06     fixed    
   2  tau          6.44023e+01   constant   
   3  A0           3.53976e-01     fixed    
   4  phi          4.11604e+00     fixed    
   5  R           -5.91816e+01   constant   
   6  A_CBO        3.92653e-04     fixed    
   7  w_CBO        2.31796e+00     fixed    
   8  phi_CBO     -1.33134e-01   1.60116e+00   1.26658e-02  -2.75455e-04
   9  ANx2         7.44254e-04   constant   
  10  pNx2         1.53785e+00   constant   
  11  ANy1         0.00000e+00   constant   
  12  pNy1         0.00000e+00   constant   
  13  w_y          0.00000e+00   constant   
  14  ANy2         1.15931e-04     fixed    
  15  pNy2         3.64406e+00   constant   
  16  w_vw         1.43170e+01   constant   
  17  LM          -4.99363e-05   constant   
  18  wCBO_expCoeff   1.99340e+02   1.45372e+00   9.43124e-04  -1.26594e-02
  19  wCBO_expOffset   1.99901e+02   2.19181e-01   1.42194e-04  -8.39505e-02
  20  wCBO_expT    3.00530e+01   3.55726e-02   2.82439e-05  -4.18379e-01
  21  wCBO_linCoeff   0.00000e+00   constant   
  22  wCBO_const  -9.14270e-04   6.78141e-04   3.70201e-06  -1.50138e+00
 EXTERNAL ERROR MATRIX.    NDIM=  25    NPAR=  5    ERR DEF=1
  2.564e+00  8.411e-02  1.269e-02 -5.121e-03  2.446e-04 
  8.411e-02  2.113e+00 -2.203e-01 -2.014e-02  1.449e-04 
  1.269e-02 -2.203e-01  4.804e-02 -3.037e-03  2.185e-05 
 -5.121e-03 -2.014e-02 -3.037e-03  1.265e-03 -1.093e-05 
  2.446e-04  1.449e-04  2.185e-05 -1.093e-05  4.599e-07 
ERR MATRIX NOT POS-DEF
 PARAMETER  CORRELATION COEFFICIENTS  
       NO.  GLOBAL      8     18     19     20     22
        8  0.30124   1.000  0.036  0.036 -0.090  0.225
       18  0.99696   0.036  1.000 -0.691 -0.389  0.147
       19  0.99696   0.036 -0.691  1.000 -0.390  0.147
       20  0.99544  -0.090 -0.389 -0.390  1.000 -0.453
       22  0.75328   0.225  0.147  0.147 -0.453  1.000
 ERR MATRIX NOT POS-DEF
MINUIT - FIT ONLY 1-y
 **********
 **   60 **RES 
 **********
                   PARAMETER   14  ANy2 RESTORED TO VARIABLE.
                   PARAMETER    7  w_CBO RESTORED TO VARIABLE.
                   PARAMETER    6  A_CBO RESTORED TO VARIABLE.
                   PARAMETER    4  phi RESTORED TO VARIABLE.
                   PARAMETER    3  A0 RESTORED TO VARIABLE.
                   PARAMETER    1  N0 RESTORED TO VARIABLE.
 **********
 **   61 **FIX            0
 **********
 PARAMETER    0  IS UNDEFINED. IGNORED.
 **********
 **   62 **FIX            1
 **********
 **********
 **   63 **FIX            2
 **********
 PARAMETER    2  IS CONSTANT.   IGNORED.
 **********
 **   64 **FIX            3
 **********
 **********
 **   65 **FIX            4
 **********
 **********
 **   66 **FIX            5
 **********
 PARAMETER    5  IS CONSTANT.   IGNORED.
 **********
 **   67 **FIX            6
 **********
 **********
 **   68 **FIX            7
 **********
 **********
 **   69 **FIX            8
 **********
 **********
 **   70 **FIX            9
 **********
 PARAMETER    9  IS CONSTANT.   IGNORED.
 **********
 **   71 **FIX           13
 **********
 PARAMETER   13  IS CONSTANT.   IGNORED.
 **********
 **   72 **FIX           14
 **********
 **********
 **   73 **FIX           15
 **********
 PARAMETER   15  IS CONSTANT.   IGNORED.
 **********
 **   74 **FIX           16
 **********
 PARAMETER   16  IS CONSTANT.   IGNORED.
 **********
 **   75 **MIGRAD
 **********
 START MIGRAD MINIMIZATION.  STRATEGY  1.  CONVERGENCE WHEN EDM .LT. 1.00e-04
 FCN=286.489 FROM MIGRAD    STATUS=INITIATE        8 CALLS         740 TOTAL
                     EDM= unknown      STRATEGY= 1      NO ERROR MATRIX       
  EXT PARAMETER               CURRENT GUESS       STEP         FIRST   
  NO.   NAME      VALUE            ERROR          SIZE      DERIVATIVE 
   1  N0           2.73962e+06     fixed    
   2  tau          6.44023e+01   constant   
   3  A0           3.53976e-01     fixed    
   4  phi          4.11604e+00     fixed    
   5  R           -5.91816e+01   constant   
   6  A_CBO        3.92653e-04     fixed    
   7  w_CBO        2.31796e+00     fixed    
   8  phi_CBO     -1.33134e-01     fixed    
   9  ANx2         7.44254e-04   constant   
  10  pNx2         1.53785e+00   constant   
  11  ANy1         0.00000e+00   constant   
  12  pNy1         0.00000e+00   constant   
  13  w_y          0.00000e+00   constant   
  14  ANy2         1.15931e-04     fixed    
  15  pNy2         3.64406e+00   constant   
  16  w_vw         1.43170e+01   constant   
  17  LM          -4.99363e-05   constant   
  18  wCBO_expCoeff   1.99340e+02   1.45372e+00   9.43124e-04  -1.26228e-02
  19  wCBO_expOffset   1.99901e+02   2.19181e-01   1.42194e-04  -8.37239e-02
  20  wCBO_expT    3.00530e+01   3.55726e-02   2.82439e-05  -4.17595e-01
  21  wCBO_linCoeff   0.00000e+00   constant   
  22  wCBO_const  -9.14270e-04   6.78141e-04   3.70201e-06  -1.49999e+00
 MIGRAD MINIMIZATION HAS CONVERGED.
 MIGRAD WILL VERIFY CONVERGENCE AND ERROR MATRIX.
 FCN=286.489 FROM MIGRAD    STATUS=CONVERGED      47 CALLS         779 TOTAL
                     EDM=1.44814e-07    STRATEGY= 1      ERR MATRIX NOT POS-DEF
  EXT PARAMETER                APPROXIMATE        STEP         FIRST   
  NO.   NAME      VALUE            ERROR          SIZE      DERIVATIVE 
   1  N0           2.73962e+06     fixed    
   2  tau          6.44023e+01   constant   
   3  A0           3.53976e-01     fixed    
   4  phi          4.11604e+00     fixed    
   5  R           -5.91816e+01   constant   
   6  A_CBO        3.92653e-04     fixed    
   7  w_CBO        2.31796e+00     fixed    
   8  phi_CBO     -1.33134e-01     fixed    
   9  ANx2         7.44254e-04   constant   
  10  pNx2         1.53785e+00   constant   
  11  ANy1         0.00000e+00   constant   
  12  pNy1         0.00000e+00   constant   
  13  w_y          0.00000e+00   constant   
  14  ANy2         1.15931e-04     fixed    
  15  pNy2         3.64406e+00   constant   
  16  w_vw         1.43170e+01   constant   
  17  LM          -4.99363e-05   constant   
  18  wCBO_expCoeff   1.99340e+02   1.46725e+00   9.40153e-04  -5.65434e-04
  19  wCBO_expOffset   1.99901e+02   2.21214e-01   1.41740e-04  -3.74976e-03
  20  wCBO_expT    3.00530e+01   3.56474e-02   2.81706e-05  -1.32171e-02
  21  wCBO_linCoeff   0.00000e+00   constant   
  22  wCBO_const  -9.14227e-04   6.61508e-04   3.70206e-06   8.01905e-01
 EXTERNAL ERROR MATRIX.    NDIM=  25    NPAR=  4    ERR DEF=1
  2.153e+00 -2.259e-01 -2.022e-02  1.389e-04 
 -2.259e-01  4.894e-02 -3.049e-03  2.094e-05 
 -2.022e-02 -3.049e-03  1.271e-03 -1.056e-05 
  1.389e-04  2.094e-05 -1.056e-05  4.376e-07 
ERR MATRIX NOT POS-DEF
 PARAMETER  CORRELATION COEFFICIENTS  
       NO.  GLOBAL     18     19     20     22
       18  0.99702   1.000 -0.696 -0.387  0.143
       19  0.99702  -0.696  1.000 -0.387  0.143
       20  0.99546  -0.387 -0.387  1.000 -0.448
       22  0.73849   0.143  0.143 -0.448  1.000
 ERR MATRIX NOT POS-DEF
MINUIT - FIT ONLY 2-y
 **********
 **   76 **RES 
 **********
                   PARAMETER   14  ANy2 RESTORED TO VARIABLE.
                   PARAMETER    8  phi_CBO RESTORED TO VARIABLE.
                   PARAMETER    7  w_CBO RESTORED TO VARIABLE.
                   PARAMETER    6  A_CBO RESTORED TO VARIABLE.
                   PARAMETER    4  phi RESTORED TO VARIABLE.
                   PARAMETER    3  A0 RESTORED TO VARIABLE.
                   PARAMETER    1  N0 RESTORED TO VARIABLE.
 **********
 **   77 **FIX            0
 **********
 PARAMETER    0  IS UNDEFINED. IGNORED.
 **********
 **   78 **FIX            1
 **********
 **********
 **   79 **FIX            2
 **********
 PARAMETER    2  IS CONSTANT.   IGNORED.
 **********
 **   80 **FIX            3
 **********
 **********
 **   81 **FIX            4
 **********
 **********
 **   82 **FIX            5
 **********
 PARAMETER    5  IS CONSTANT.   IGNORED.
 **********
 **   83 **FIX            6
 **********
 **********
 **   84 **FIX            7
 **********
 **********
 **   85 **FIX            8
 **********
 **********
 **   86 **FIX            9
 **********
 PARAMETER    9  IS CONSTANT.   IGNORED.
 **********
 **   87 **FIX           10
 **********
 PARAMETER   10  IS CONSTANT.   IGNORED.
 **********
 **   88 **FIX           11
 **********
 PARAMETER   11  IS CONSTANT.   IGNORED.
 **********
 **   89 **FIX           12
 **********
 PARAMETER   12  IS CONSTANT.   IGNORED.
 **********
 **   90 **FIX           16
 **********
 PARAMETER   16  IS CONSTANT.   IGNORED.
 **********
 **   91 **MIGRAD
 **********
 START MIGRAD MINIMIZATION.  STRATEGY  1.  CONVERGENCE WHEN EDM .LT. 1.00e-04
 FCN=286.489 FROM MIGRAD    STATUS=INITIATE       10 CALLS         789 TOTAL
                     EDM= unknown      STRATEGY= 1      NO ERROR MATRIX       
  EXT PARAMETER               CURRENT GUESS       STEP         FIRST   
  NO.   NAME      VALUE            ERROR          SIZE      DERIVATIVE 
   1  N0           2.73962e+06     fixed    
   2  tau          6.44023e+01   constant   
   3  A0           3.53976e-01     fixed    
   4  phi          4.11604e+00     fixed    
   5  R           -5.91816e+01   constant   
   6  A_CBO        3.92653e-04     fixed    
   7  w_CBO        2.31796e+00     fixed    
   8  phi_CBO     -1.33134e-01     fixed    
   9  ANx2         7.44254e-04   constant   
  10  pNx2         1.53785e+00   constant   
  11  ANy1         0.00000e+00   constant   
  12  pNy1         0.00000e+00   constant   
  13  w_y          0.00000e+00   constant   
  14  ANy2         1.15931e-04   6.99997e-04   6.99997e-04   4.64242e+01
  15  pNy2         3.64406e+00   constant   
  16  w_vw         1.43170e+01   constant   
  17  LM          -4.99363e-05   constant   
  18  wCBO_expCoeff   1.99340e+02   1.46725e+00   9.40153e-04  -5.59426e-04
  19  wCBO_expOffset   1.99901e+02   2.21214e-01   1.41740e-04  -3.63599e-03
  20  wCBO_expT    3.00530e+01   3.56474e-02   2.81706e-05  -1.30041e-02
  21  wCBO_linCoeff   0.00000e+00   constant   
  22  wCBO_const  -9.14227e-04   6.61508e-04   3.70206e-06   8.03289e-01
 MIGRAD MINIMIZATION HAS CONVERGED.
 MIGRAD WILL VERIFY CONVERGENCE AND ERROR MATRIX.
 FCN=286.488 FROM MIGRAD    STATUS=CONVERGED      52 CALLS         831 TOTAL
                     EDM=9.19761e-07    STRATEGY= 1      ERR MATRIX NOT POS-DEF
  EXT PARAMETER                APPROXIMATE        STEP         FIRST   
  NO.   NAME      VALUE            ERROR          SIZE      DERIVATIVE 
   1  N0           2.73962e+06     fixed    
   2  tau          6.44023e+01   constant   
   3  A0           3.53976e-01     fixed    
   4  phi          4.11604e+00     fixed    
   5  R           -5.91816e+01   constant   
   6  A_CBO        3.92653e-04     fixed    
   7  w_CBO        2.31796e+00     fixed    
   8  phi_CBO     -1.33134e-01     fixed    
   9  ANx2         7.44254e-04   constant   
  10  pNx2         1.53785e+00   constant   
  11  ANy1         0.00000e+00   constant   
  12  pNy1         0.00000e+00   constant   
  13  w_y          0.00000e+00   constant   
  14  ANy2         1.04524e-04   6.99818e-04   5.80387e-06  -8.49140e-03
  15  pNy2         3.64406e+00   constant   
  16  w_vw         1.43170e+01   constant   
  17  LM          -4.99363e-05   constant   
  18  wCBO_expCoeff   1.99340e+02   1.46658e+00   9.40094e-04  -8.65076e-03
  19  wCBO_expOffset   1.99901e+02   2.21118e-01   1.41731e-04  -5.73612e-02
  20  wCBO_expT    3.00530e+01   3.56462e-02   2.81693e-05  -3.16157e-01
  21  wCBO_linCoeff   0.00000e+00   constant   
  22  wCBO_const  -9.14307e-04   6.61457e-04   3.70202e-06  -1.88265e+00
 EXTERNAL ERROR MATRIX.    NDIM=  25    NPAR=  5    ERR DEF=1
  4.897e-07  9.697e-06  1.462e-06 -6.393e-07 -1.312e-09 
  9.697e-06  2.151e+00 -2.256e-01 -2.021e-02  1.388e-04 
  1.462e-06 -2.256e-01  4.889e-02 -3.049e-03  2.094e-05 
 -6.393e-07 -2.021e-02 -3.049e-03  1.271e-03 -1.056e-05 
 -1.312e-09  1.388e-04  2.094e-05 -1.056e-05  4.375e-07 
ERR MATRIX NOT POS-DEF
 PARAMETER  CORRELATION COEFFICIENTS  
       NO.  GLOBAL     14     18     19     20     22
       14  0.03978   1.000  0.009  0.009 -0.026 -0.003
       18  0.99702   0.009  1.000 -0.696 -0.387  0.143
       19  0.99702   0.009 -0.696  1.000 -0.387  0.143
       20  0.99546  -0.026 -0.387 -0.387  1.000 -0.448
       22  0.73858  -0.003  0.143  0.143 -0.448  1.000
 ERR MATRIX NOT POS-DEF
MINUIT - FIT ALTOGETHER
 **********
 **   92 **RES 
 **********
                   PARAMETER    8  phi_CBO RESTORED TO VARIABLE.
                   PARAMETER    7  w_CBO RESTORED TO VARIABLE.
                   PARAMETER    6  A_CBO RESTORED TO VARIABLE.
                   PARAMETER    4  phi RESTORED TO VARIABLE.
                   PARAMETER    3  A0 RESTORED TO VARIABLE.
                   PARAMETER    1  N0 RESTORED TO VARIABLE.
 **********
 **   93 **MIGRAD
 **********
 START MIGRAD MINIMIZATION.  STRATEGY  1.  CONVERGENCE WHEN EDM .LT. 1.00e-04
 FCN=286.488 FROM MIGRAD    STATUS=INITIATE       22 CALLS         853 TOTAL
                     EDM= unknown      STRATEGY= 1      NO ERROR MATRIX       
  EXT PARAMETER               CURRENT GUESS       STEP         FIRST   
  NO.   NAME      VALUE            ERROR          SIZE      DERIVATIVE 
   1  N0           2.73962e+06   1.38163e+03   1.38163e+03  -1.16899e-04
   2  tau          6.44023e+01   constant   
   3  A0           3.53976e-01   6.69702e-04   6.69702e-04   3.67415e+02
   4  phi          4.11604e+00   1.97694e-03   1.97694e-03  -1.59149e+01
   5  R           -5.91816e+01   constant   
   6  A_CBO        3.92653e-04   7.10774e-04   7.10774e-04  -5.57159e+02
   7  w_CBO        2.31796e+00   7.15120e-03   7.15120e-03  -1.55308e+00
   8  phi_CBO     -1.33134e-01   1.60116e+00   1.60116e+00  -1.17763e-03
   9  ANx2         7.44254e-04   constant   
  10  pNx2         1.53785e+00   constant   
  11  ANy1         0.00000e+00   constant   
  12  pNy1         0.00000e+00   constant   
  13  w_y          0.00000e+00   constant   
  14  ANy2         1.04524e-04   6.99818e-04   5.80387e-06  -8.49122e-03
  15  pNy2         3.64406e+00   constant   
  16  w_vw         1.43170e+01   constant   
  17  LM          -4.99363e-05   constant   
  18  wCBO_expCoeff   1.99340e+02   1.46658e+00   9.40094e-04  -8.61426e-03
  19  wCBO_expOffset   1.99901e+02   2.21118e-01   1.41731e-04  -5.71356e-02
