 + ++++++++++++++++++++++++++++++++++++++++++++++++++++++++++++++++++++ +
 +                                                                      +
 +           You have chose to blind your fitting according to          +
 +                omega_ref * (1 + (R +/- deltaR) *10^{-6})             +
 +                                                                      +
 + ++++++++++++++++++++++++++++++++++++++++++++++++++++++++++++++++++++ +
In main()...
reading format from /gm2data/zkhechad/run45/envelope/formats/formatB_sBin_constraintOn.txt
pBinTau 	= 0  
pBinPhi 	= 0  
constraintau 	= 1 
includeMopTerm 	= 0    
constrainMop    = 0   
Parameters after format file: pBinTau 0 pBinPhi 0 constraintau 1 includeMopTerm 0 constrainMop 0 c_e_scale 0.000000 
reading cbo reference file (full fit) from /gm2data/zkhechad/cboTemplates/Run4CBOTemplates/fullFits/run4/sBin_constraintOn_cE0.0_seed0_run4_calo13.root
A_CBO 0.010252 w_CBO 2.327514 phi_CBO 5.545635 N0 3338670.649067 R -60.961072 tau 64.390414 
Reading cboRef file /gm2data/zkhechad/cboTemplates/Run4CBOTemplates//cboIsolate/run4_calo13.root
deltaT 164.120000
windowBins = 1100
fitting sliding window 2440 from bin 2643 at 394.335600 to bin 3743 at 558.455600 (1100 bins)

Reading data from /gm2data/cornell/histograms/aMethod/histogram_a_run4.root
fitting cbo isolate
 **********
 **    1 **SET PRINTOUT            1
 **********
 **********
 **    2 **SET NOWARNINGS 
 **********
 PARAMETER DEFINITIONS:
    NO.   NAME         VALUE      STEP SIZE      LIMITS
     1 A_CBO        1.02517e-02  1.00000e-05     no limits
     2 w_CBO        2.32751e+00  1.00000e-02    2.00000e+00  3.00000e+00
     3 phi_CBO      5.54564e+00  1.00000e-02    0.00000e+00  6.28319e+00
 **********
 **    3 **MIGRAD
 **********
 FIRST CALL TO USER FUNCTION AT NEW START POINT, WITH IFLAG=4.
 START MIGRAD MINIMIZATION.  STRATEGY  1.  CONVERGENCE WHEN EDM .LT. 1.00e-04
 FCN=0.3077 FROM MIGRAD    STATUS=INITIATE       12 CALLS          13 TOTAL
                     EDM= unknown      STRATEGY= 1      NO ERROR MATRIX       
  EXT PARAMETER               CURRENT GUESS       STEP         FIRST   
  NO.   NAME      VALUE            ERROR          SIZE      DERIVATIVE 
   1  A_CBO        1.02517e-02   1.00000e-05   1.00000e-05   7.87060e+00
   2  w_CBO        2.32751e+00   1.00000e-02   2.13103e-02   5.67854e-01
   3  phi_CBO      5.54564e+00   1.00000e-02   4.94468e-03  -8.28942e-03
 MIGRAD MINIMIZATION HAS CONVERGED.
 MIGRAD WILL VERIFY CONVERGENCE AND ERROR MATRIX.
 COVARIANCE MATRIX CALCULATED SUCCESSFULLY
 FCN=0.279385 FROM HESSE     STATUS=OK             16 CALLS          50 TOTAL
                     EDM=0.000302659    STRATEGY= 1      ERROR MATRIX ACCURATE 
  EXT PARAMETER                                   STEP         FIRST   
  NO.   NAME      VALUE            ERROR          SIZE      DERIVATIVE 
   1  A_CBO        3.06835e-03   4.35294e-02   2.35971e-05  -2.28851e-02
   2  w_CBO        2.32749e+00   1.61371e-01   3.51334e-05  -3.12636e-02
   3  phi_CBO      5.61994e+00   5.53469e+00   4.15015e-03  -6.01985e-04
 MIGRAD MINIMIZATION HAS CONVERGED.
 MIGRAD WILL VERIFY CONVERGENCE AND ERROR MATRIX.
 COVARIANCE MATRIX CALCULATED SUCCESSFULLY
 FCN=0.279107 FROM MIGRAD    STATUS=CONVERGED     123 CALLS         124 TOTAL
                     EDM=1.13573e-05    STRATEGY= 1      ERROR MATRIX ACCURATE 
  EXT PARAMETER                                   STEP         FIRST   
  NO.   NAME      VALUE            ERROR          SIZE      DERIVATIVE 
   1  A_CBO        3.17097e-03   4.27325e-02   2.35876e-05   1.66104e-03
   2  w_CBO        2.32895e+00   3.39450e-02   3.38576e-05   4.85340e-02
   3  phi_CBO      6.26985e+00   3.14733e+00   1.08370e-02  -1.79296e-04
 EXTERNAL ERROR MATRIX.    NDIM=  25    NPAR=  3    ERR DEF=1
  1.826e-03 -1.636e-05  7.479e-03 
 -1.636e-05  1.154e-03  1.630e-01 
  7.479e-03  1.630e-01  8.140e+01 
 PARAMETER  CORRELATION COEFFICIENTS  
       NO.  GLOBAL      1      2      3
        1  0.03203   1.000 -0.011  0.019
        2  0.53213  -0.011  1.000  0.532
        3  0.53230   0.019  0.532  1.000
setting A_CBO=0.003171 w_CBO=2.328950, phi_CBO=6.269847
done fitting cbo isolate
 **********
 **    1 **SET PRINTOUT            1
 **********
 **********
 **    2 **SET NOWARNINGS 
 **********
 PARAMETER DEFINITIONS:
    NO.   NAME         VALUE      STEP SIZE      LIMITS
     1 N0           3.33867e+06  1.00000e+02     no limits
     2 tau          6.43904e+01  constant
     3 A0           3.52926e-01  1.00000e-04     no limits
     4 phi          4.13059e+00  1.00000e-02     no limits
     5 R           -6.09611e+01  constant
     6 A_CBO        3.17097e-03  1.00000e-05     no limits
     7 w_CBO        2.32895e+00  1.00000e-03     no limits
     8 phi_CBO      6.26985e+00  1.00000e-04     no limits
     9 ANx2         2.14836e-04  constant
    10 pNx2         2.09111e+00  constant
    11 ANy1         0.00000e+00  constant
    12 pNy1         0.00000e+00  constant
    13 w_y          0.00000e+00  constant
    14 ANy2         1.07548e-02  1.00000e-04     no limits
    15 pNy2         1.09622e+00  constant
    16 w_vw         1.43115e+01  constant
    17 LM          -4.64416e-04  constant
    18 wCBO_expCoeff   2.00000e+02  1.00000e+00     no limits
    19 wCBO_expOffset   2.00000e+02  1.00000e+00     no limits
    20 wCBO_expT    3.00000e+01  1.00000e+00     no limits
    21 wCBO_linCoeff   0.00000e+00  constant
    22 wCBO_const   0.00000e+00  1.00000e-02     no limits
MINUIT - FIT ONLY WIGGLE
 **********
 **    3 **FIX            5
 **********
 PARAMETER    5  IS CONSTANT.   IGNORED.
 **********
 **    4 **FIX            6
 **********
 **********
 **    5 **FIX            7
 **********
 **********
 **    6 **FIX            8
 **********
 **********
 **    7 **FIX            9
 **********
 PARAMETER    9  IS CONSTANT.   IGNORED.
 **********
 **    8 **FIX           10
 **********
 PARAMETER   10  IS CONSTANT.   IGNORED.
 **********
 **    9 **FIX           11
 **********
 PARAMETER   11  IS CONSTANT.   IGNORED.
 **********
 **   10 **FIX           12
 **********
 PARAMETER   12  IS CONSTANT.   IGNORED.
 **********
 **   11 **FIX           13
 **********
 PARAMETER   13  IS CONSTANT.   IGNORED.
 **********
 **   12 **FIX           14
 **********
 **********
 **   13 **FIX           15
 **********
 PARAMETER   15  IS CONSTANT.   IGNORED.
 **********
 **   14 **FIX           16
 **********
 PARAMETER   16  IS CONSTANT.   IGNORED.
 **********
 **   15 **MIGRAD
 **********
 FIRST CALL TO USER FUNCTION AT NEW START POINT, WITH IFLAG=4.
 START MIGRAD MINIMIZATION.  STRATEGY  1.  CONVERGENCE WHEN EDM .LT. 1.00e-04
 FCN=437.419 FROM MIGRAD    STATUS=INITIATE       47 CALLS          48 TOTAL
                     EDM= unknown      STRATEGY= 1      NO ERROR MATRIX       
  EXT PARAMETER               CURRENT GUESS       STEP         FIRST   
  NO.   NAME      VALUE            ERROR          SIZE      DERIVATIVE 
   1  N0           3.33867e+06   1.00000e+02   0.00000e+00   6.47400e-04
   2  tau          6.43904e+01   constant   
   3  A0           3.52926e-01   1.00000e-04   0.00000e+00   1.02004e+03
   4  phi          4.13059e+00   1.00000e-02   0.00000e+00   1.02216e+02
   5  R           -6.09611e+01   constant   
   6  A_CBO        3.17097e-03     fixed    
   7  w_CBO        2.32895e+00     fixed    
   8  phi_CBO      6.26985e+00     fixed    
   9  ANx2         2.14836e-04   constant   
  10  pNx2         2.09111e+00   constant   
  11  ANy1         0.00000e+00   constant   
  12  pNy1         0.00000e+00   constant   
  13  w_y          0.00000e+00   constant   
  14  ANy2         1.07548e-02     fixed    
  15  pNy2         1.09622e+00   constant   
  16  w_vw         1.43115e+01   constant   
  17  LM          -4.64416e-04   constant   
  18  wCBO_expCoeff   2.03098e+02   1.00000e+00   3.09819e+00   9.84964e-01
  19  wCBO_expOffset   2.00000e+02   1.00000e+00   0.00000e+00   6.66814e+00
  20  wCBO_expT    3.00000e+01   1.00000e+00   0.00000e+00   3.56542e+01
  21  wCBO_linCoeff   0.00000e+00   constant   
  22  wCBO_const   0.00000e+00   1.00000e-02   0.00000e+00  -1.21721e+03
 MIGRAD MINIMIZATION HAS CONVERGED.
 MIGRAD WILL VERIFY CONVERGENCE AND ERROR MATRIX.
 COVARIANCE MATRIX CALCULATED SUCCESSFULLY
 FCN=435.245 FROM MIGRAD    STATUS=CONVERGED     190 CALLS         191 TOTAL
                     EDM=3.82051e-05    STRATEGY= 1      ERROR MATRIX ACCURATE 
  EXT PARAMETER                                   STEP         FIRST   
  NO.   NAME      VALUE            ERROR          SIZE      DERIVATIVE 
   1  N0           3.33724e+06   2.33878e+03   2.18945e+01   1.03497e-07
   2  tau          6.43904e+01   constant   
   3  A0           3.52263e-01   9.48607e-04   9.50582e-06  -1.27411e-01
   4  phi          4.13004e+00   2.76695e-03   2.78358e-05  -1.25407e-01
   5  R           -6.09611e+01   constant   
   6  A_CBO        3.17097e-03     fixed    
   7  w_CBO        2.32895e+00     fixed    
   8  phi_CBO      6.26985e+00     fixed    
   9  ANx2         2.14836e-04   constant   
  10  pNx2         2.09111e+00   constant   
  11  ANy1         0.00000e+00   constant   
  12  pNy1         0.00000e+00   constant   
  13  w_y          0.00000e+00   constant   
  14  ANy2         1.07548e-02     fixed    
  15  pNy2         1.09622e+00   constant   
  16  w_vw         1.43115e+01   constant   
  17  LM          -4.64416e-04   constant   
  18  wCBO_expCoeff   2.02593e+02   1.18443e+01   7.13109e-03  -1.64301e-04
  19  wCBO_expOffset   1.99926e+02   1.75566e+00   1.05574e-03  -1.10977e-03
  20  wCBO_expT    2.99935e+01   2.51030e-01   1.57058e-04   2.76816e-02
  21  wCBO_linCoeff   0.00000e+00   constant   
  22  wCBO_const   1.02502e-03   1.16581e-03   5.71123e-06   3.19043e-02
 EXTERNAL ERROR MATRIX.    NDIM=  25    NPAR=  7    ERR DEF=1
  5.470e+06 -2.934e-02 -4.379e-02 -9.863e+02 -1.470e+02  4.396e+01  1.006e-01 
 -2.934e-02  8.999e-07 -9.996e-09 -1.715e-04 -2.544e-05  1.121e-05 -1.823e-07 
 -4.379e-02 -9.996e-09  7.656e-06  1.871e-03  2.785e-04 -9.284e-05  2.797e-07 
 -9.863e+02 -1.715e-04  1.871e-03  1.403e+02 -1.236e+01 -1.329e+00  3.787e-03 
 -1.470e+02 -2.544e-05  2.785e-04 -1.236e+01  3.082e+00 -1.979e-01  5.635e-04 
  4.396e+01  1.121e-05 -9.284e-05 -1.329e+00 -1.979e-01  6.302e-02 -1.959e-04 
  1.006e-01 -1.823e-07  2.797e-07  3.787e-03  5.635e-04 -1.959e-04  1.359e-06 
 PARAMETER  CORRELATION COEFFICIENTS  
       NO.  GLOBAL      1      3      4     18     19     20     22
        1  0.15244   1.000 -0.013 -0.007 -0.036 -0.036  0.075  0.037
        3  0.18584  -0.013  1.000 -0.004 -0.015 -0.015  0.047 -0.165
        4  0.16418  -0.007 -0.004  1.000  0.057  0.057 -0.134  0.087
       18  0.99826  -0.036 -0.015  0.057  1.000 -0.594 -0.447  0.274
       19  0.99826  -0.036 -0.015  0.057 -0.594  1.000 -0.449  0.275
       20  0.99812   0.075  0.047 -0.134 -0.447 -0.449  1.000 -0.669
       22  0.87707   0.037 -0.165  0.087  0.274  0.275 -0.669  1.000
MINUIT - FIT ONLY 1-CBO + other amplitudes 
 **********
 **   16 **RES 
 **********
                   PARAMETER   14  ANy2 RESTORED TO VARIABLE.
                   PARAMETER    8  phi_CBO RESTORED TO VARIABLE.
                   PARAMETER    7  w_CBO RESTORED TO VARIABLE.
                   PARAMETER    6  A_CBO RESTORED TO VARIABLE.
 **********
 **   17 **FIX            0
 **********
 PARAMETER    0  IS UNDEFINED. IGNORED.
 **********
 **   18 **FIX            1
 **********
 **********
 **   19 **FIX            2
 **********
 PARAMETER    2  IS CONSTANT.   IGNORED.
 **********
 **   20 **FIX            3
 **********
 **********
 **   21 **FIX            4
 **********
 **********
 **   22 **FIX            9
 **********
 PARAMETER    9  IS CONSTANT.   IGNORED.
 **********
 **   23 **FIX           11
 **********
 PARAMETER   11  IS CONSTANT.   IGNORED.
 **********
 **   24 **FIX           12
 **********
 PARAMETER   12  IS CONSTANT.   IGNORED.
 **********
 **   25 **FIX           14
 **********
 **********
 **   26 **FIX           15
 **********
 PARAMETER   15  IS CONSTANT.   IGNORED.
 **********
 **   27 **FIX           16
 **********
 PARAMETER   16  IS CONSTANT.   IGNORED.
 **********
 **   28 **MIGRAD
 **********
 START MIGRAD MINIMIZATION.  STRATEGY  1.  CONVERGENCE WHEN EDM .LT. 1.00e-04
 FCN=435.245 FROM MIGRAD    STATUS=INITIATE       18 CALLS         209 TOTAL
                     EDM= unknown      STRATEGY= 1      NO ERROR MATRIX       
  EXT PARAMETER               CURRENT GUESS       STEP         FIRST   
  NO.   NAME      VALUE            ERROR          SIZE      DERIVATIVE 
   1  N0           3.33724e+06     fixed    
   2  tau          6.43904e+01   constant   
   3  A0           3.52263e-01     fixed    
   4  phi          4.13004e+00     fixed    
   5  R           -6.09611e+01   constant   
   6  A_CBO        3.17097e-03   1.00000e-05   1.00000e-05   4.66794e+03
   7  w_CBO        2.32895e+00   1.00000e-03   1.00000e-03  -3.16480e-03
   8  phi_CBO      6.26985e+00   1.00000e-04   1.00000e-04  -5.70429e-01
   9  ANx2         2.14836e-04   constant   
  10  pNx2         2.09111e+00   constant   
  11  ANy1         0.00000e+00   constant   
  12  pNy1         0.00000e+00   constant   
  13  w_y          0.00000e+00   constant   
  14  ANy2         1.07548e-02     fixed    
  15  pNy2         1.09622e+00   constant   
  16  w_vw         1.43115e+01   constant   
  17  LM          -4.64416e-04   constant   
  18  wCBO_expCoeff   2.02593e+02   1.18443e+01   7.13109e-03  -1.66017e-04
  19  wCBO_expOffset   1.99926e+02   1.75566e+00   1.05574e-03  -1.12082e-03
  20  wCBO_expT    2.99935e+01   2.51030e-01   1.57058e-04   2.72382e-02
  21  wCBO_linCoeff   0.00000e+00   constant   
  22  wCBO_const   1.02502e-03   1.16581e-03   5.71123e-06   3.09606e-02
 MIGRAD MINIMIZATION HAS CONVERGED.
 MIGRAD WILL VERIFY CONVERGENCE AND ERROR MATRIX.
 FCN=429.13 FROM MIGRAD    STATUS=CONVERGED     271 CALLS         462 TOTAL
                     EDM=5.4304e-05    STRATEGY= 1      ERR MATRIX NOT POS-DEF
  EXT PARAMETER                APPROXIMATE        STEP         FIRST   
  NO.   NAME      VALUE            ERROR          SIZE      DERIVATIVE 
   1  N0           3.33724e+06     fixed    
   2  tau          6.43904e+01   constant   
   3  A0           3.52263e-01     fixed    
   4  phi          4.13004e+00     fixed    
   5  R           -6.09611e+01   constant   
   6  A_CBO        8.46455e-04   1.02504e-03   1.01597e-05   5.70196e-01
   7  w_CBO        2.32977e+00   9.34177e-03   1.52419e-05   4.07275e-02
   8  phi_CBO      7.63098e+00   1.45438e+00   1.14044e-02  -3.92143e-05
   9  ANx2         2.14836e-04   constant   
  10  pNx2         2.09111e+00   constant   
  11  ANy1         0.00000e+00   constant   
  12  pNy1         0.00000e+00   constant   
  13  w_y          0.00000e+00   constant   
  14  ANy2         1.07548e-02     fixed    
  15  pNy2         1.09622e+00   constant   
  16  w_vw         1.43115e+01   constant   
  17  LM          -4.64416e-04   constant   
  18  wCBO_expCoeff   2.02807e+02   1.14183e+01   1.04808e-02   6.30560e-04
  19  wCBO_expOffset   1.99957e+02   1.69028e+00   1.55050e-03   4.26260e-03
  20  wCBO_expT    3.00019e+01   2.19206e-01   2.24750e-04  -1.98742e-02
  21  wCBO_linCoeff   0.00000e+00   constant   
  22  wCBO_const   1.44332e-03   4.02439e-03   7.28101e-06  -3.26440e-02
 EXTERNAL ERROR MATRIX.    NDIM=  25    NPAR=  7    ERR DEF=1
  1.051e-06  1.454e-07 -5.619e-05 -4.608e-04 -6.862e-05  1.194e-05  8.407e-08 
  1.454e-07  8.727e-05  6.226e-04 -7.517e-04 -1.159e-04 -1.676e-04 -3.564e-05 
 -5.619e-05  6.226e-04  2.115e+00  6.179e-01  9.198e-02 -1.645e-02  2.860e-04 
 -4.608e-04 -7.517e-04  6.179e-01  1.304e+02 -1.229e+01 -1.044e+00  2.288e-03 
 -6.862e-05 -1.159e-04  9.198e-02 -1.229e+01  2.857e+00 -1.550e-01  3.409e-04 
  1.194e-05 -1.676e-04 -1.645e-02 -1.044e+00 -1.550e-01  4.805e-02 -5.001e-05 
  8.407e-08 -3.564e-05  2.860e-04  2.288e-03  3.409e-04 -5.001e-05  1.620e-05 
ERR MATRIX NOT POS-DEF
 PARAMETER  CORRELATION COEFFICIENTS  
       NO.  GLOBAL      6      7      8     18     19     20     22
        6  0.23423   1.000  0.015 -0.038 -0.039 -0.040  0.053  0.020
        7  0.98712   0.015  1.000  0.046 -0.007 -0.007 -0.082 -0.948
        8  0.63539  -0.038  0.046  1.000  0.037  0.037 -0.052  0.049
       18  0.99595  -0.039 -0.007  0.037  1.000 -0.637 -0.417  0.050
       19  0.99596  -0.040 -0.007  0.037 -0.637  1.000 -0.418  0.050
       20  0.99495   0.053 -0.082 -0.052 -0.417 -0.418  1.000 -0.057
       22  0.98414   0.020 -0.948  0.049  0.050  0.050 -0.057  1.000
 ERR MATRIX NOT POS-DEF
MINUIT - FIT ONLY 1-CBO
 **********
 **   29 **RES 
 **********
                   PARAMETER   14  ANy2 RESTORED TO VARIABLE.
                   PARAMETER    4  phi RESTORED TO VARIABLE.
                   PARAMETER    3  A0 RESTORED TO VARIABLE.
                   PARAMETER    1  N0 RESTORED TO VARIABLE.
 **********
 **   30 **FIX            0
 **********
 PARAMETER    0  IS UNDEFINED. IGNORED.
 **********
 **   31 **FIX            1
 **********
 **********
 **   32 **FIX            2
 **********
 PARAMETER    2  IS CONSTANT.   IGNORED.
 **********
 **   33 **FIX            3
 **********
 **********
 **   34 **FIX            4
 **********
 **********
 **   35 **FIX            8
 **********
 **********
 **   36 **FIX            9
 **********
 PARAMETER    9  IS CONSTANT.   IGNORED.
 **********
 **   37 **FIX           11
 **********
 PARAMETER   11  IS CONSTANT.   IGNORED.
 **********
 **   38 **FIX           12
 **********
 PARAMETER   12  IS CONSTANT.   IGNORED.
 **********
 **   39 **FIX           13
 **********
 PARAMETER   13  IS CONSTANT.   IGNORED.
 **********
 **   40 **FIX           15
 **********
 PARAMETER   15  IS CONSTANT.   IGNORED.
 **********
 **   41 **FIX           16
 **********
 PARAMETER   16  IS CONSTANT.   IGNORED.
 **********
 **   42 **MIGRAD
 **********
 START MIGRAD MINIMIZATION.  STRATEGY  1.  CONVERGENCE WHEN EDM .LT. 1.00e-04
 FCN=429.13 FROM MIGRAD    STATUS=INITIATE       16 CALLS         478 TOTAL
                     EDM= unknown      STRATEGY= 1      NO ERROR MATRIX       
  EXT PARAMETER               CURRENT GUESS       STEP         FIRST   
  NO.   NAME      VALUE            ERROR          SIZE      DERIVATIVE 
   1  N0           3.33724e+06     fixed    
   2  tau          6.43904e+01   constant   
   3  A0           3.52263e-01     fixed    
   4  phi          4.13004e+00     fixed    
   5  R           -6.09611e+01   constant   
   6  A_CBO        8.46455e-04   1.02504e-03   1.01597e-05   5.70196e-01
   7  w_CBO        2.32977e+00   9.34177e-03   1.52419e-05   3.99166e-02
   8  phi_CBO      7.63098e+00     fixed    
   9  ANx2         2.14836e-04   constant   
  10  pNx2         2.09111e+00   constant   
  11  ANy1         0.00000e+00   constant   
  12  pNy1         0.00000e+00   constant   
  13  w_y          0.00000e+00   constant   
  14  ANy2         1.07548e-02   1.00000e-04   1.00000e-04   2.20401e+04
  15  pNy2         1.09622e+00   constant   
  16  w_vw         1.43115e+01   constant   
  17  LM          -4.64416e-04   constant   
  18  wCBO_expCoeff   2.02807e+02   1.14183e+01   1.04808e-02   6.58180e-04
  19  wCBO_expOffset   1.99957e+02   1.69028e+00   1.55050e-03   4.45259e-03
  20  wCBO_expT    3.00019e+01   2.19206e-01   2.24750e-04  -1.96945e-02
  21  wCBO_linCoeff   0.00000e+00   constant   
  22  wCBO_const   1.44332e-03   4.02439e-03   7.28101e-06  -3.35913e-02
 MIGRAD MINIMIZATION HAS CONVERGED.
 MIGRAD WILL VERIFY CONVERGENCE AND ERROR MATRIX.
 FCN=312.512 FROM HESSE     STATUS=NOT POSDEF     50 CALLS         591 TOTAL
                     EDM=0.000467089    STRATEGY= 1      ERR MATRIX NOT POS-DEF
  EXT PARAMETER                APPROXIMATE        STEP         FIRST   
  NO.   NAME      VALUE            ERROR          SIZE      DERIVATIVE 
   1  N0           3.33724e+06     fixed    
   2  tau          6.43904e+01   constant   
   3  A0           3.52263e-01     fixed    
   4  phi          4.13004e+00     fixed    
   5  R           -6.09611e+01   constant   
   6  A_CBO        8.41168e-04   1.02363e-03   8.67319e-06  -5.62922e-01
   7  w_CBO        2.32974e+00   1.00318e-02   1.24657e-05  -7.37657e-01
   8  phi_CBO      7.63098e+00     fixed    
   9  ANx2         2.14836e-04   constant   
  10  pNx2         2.09111e+00   constant   
  11  ANy1         0.00000e+00   constant   
  12  pNy1         0.00000e+00   constant   
  13  w_y          0.00000e+00   constant   
  14  ANy2         1.72599e-04   9.74448e-04   8.47190e-06  -5.08709e-04
  15  pNy2         1.09622e+00   constant   
  16  w_vw         1.43115e+01   constant   
  17  LM          -4.64416e-04   constant   
  18  wCBO_expCoeff   2.02849e+02   1.04405e+01   7.75596e-03  -2.33174e-03
  19  wCBO_expOffset   1.99963e+02   1.54552e+00   1.14715e-03  -1.57650e-02
  20  wCBO_expT    3.00025e+01   2.06263e-01   1.68704e-04   1.05313e-01
  21  wCBO_linCoeff   0.00000e+00   constant   
  22  wCBO_const   1.42351e-03   4.31895e-03   6.03156e-06  -1.24373e+00
 MIGRAD MINIMIZATION HAS CONVERGED.
 MIGRAD WILL VERIFY CONVERGENCE AND ERROR MATRIX.
 FCN=312.509 FROM MIGRAD    STATUS=CONVERGED     198 CALLS         660 TOTAL
                     EDM=7.22218e-06    STRATEGY= 1      ERR MATRIX NOT POS-DEF
  EXT PARAMETER                APPROXIMATE        STEP         FIRST   
  NO.   NAME      VALUE            ERROR          SIZE      DERIVATIVE 
   1  N0           3.33724e+06     fixed    
   2  tau          6.43904e+01   constant   
   3  A0           3.52263e-01     fixed    
   4  phi          4.13004e+00     fixed    
   5  R           -6.09611e+01   constant   
   6  A_CBO        8.37016e-04   1.02770e-03   8.67410e-06   3.68048e+00
   7  w_CBO        2.32985e+00   1.01993e-02   1.24905e-05   1.50129e-01
   8  phi_CBO      7.63098e+00     fixed    
   9  ANx2         2.14836e-04   constant   
  10  pNx2         2.09111e+00   constant   
  11  ANy1         0.00000e+00   constant   
  12  pNy1         0.00000e+00   constant   
  13  w_y          0.00000e+00   constant   
  14  ANy2         1.72342e-04   9.74727e-04   8.47185e-06  -2.88536e-02
  15  pNy2         1.09622e+00   constant   
  16  w_vw         1.43115e+01   constant   
  17  LM          -4.64416e-04   constant   
  18  wCBO_expCoeff   2.03482e+02   1.03165e+01   7.77923e-03   1.33804e-03
  19  wCBO_expOffset   2.00057e+02   1.52185e+00   1.15059e-03   9.08382e-03
  20  wCBO_expT    2.99732e+01   2.04993e-01   1.69181e-04   5.77154e-02
  21  wCBO_linCoeff   0.00000e+00   constant   
  22  wCBO_const   1.45013e-03   4.39030e-03   6.04276e-06   7.75930e-02
 EXTERNAL ERROR MATRIX.    NDIM=  25    NPAR=  7    ERR DEF=1
  1.056e-06  1.736e-07 -5.636e-10 -3.364e-04 -5.027e-05  7.416e-06  1.014e-07 
  1.736e-07  1.040e-04 -6.352e-11 -1.519e-03 -2.295e-04 -1.674e-04 -4.300e-05 
 -5.636e-10 -6.352e-11  9.501e-07 -8.676e-06 -1.278e-06  2.668e-07  5.101e-10 
 -3.364e-04 -1.519e-03 -8.676e-06  1.064e+02 -9.757e+00 -8.997e-01  2.418e-03 
 -5.027e-05 -2.295e-04 -1.278e-06 -9.757e+00  2.316e+00 -1.335e-01  3.602e-04 
  7.416e-06 -1.674e-04  2.668e-07 -8.997e-01 -1.335e-01  4.202e-02 -4.157e-05 
  1.014e-07 -4.300e-05  5.101e-10  2.418e-03  3.602e-04 -4.157e-05  1.927e-05 
ERR MATRIX NOT POS-DEF
 PARAMETER  CORRELATION COEFFICIENTS  
       NO.  GLOBAL      6      7     14     18     19     20     22
        6  0.23560   1.000  0.017 -0.001 -0.032 -0.032  0.035  0.022
        7  0.99014   0.017  1.000 -0.000 -0.014 -0.015 -0.080 -0.960
       14  0.00578  -0.001 -0.000  1.000 -0.001 -0.001  0.001  0.000
       18  0.99632  -0.032 -0.014 -0.001  1.000 -0.621 -0.425  0.053
       19  0.99633  -0.032 -0.015 -0.001 -0.621  1.000 -0.428  0.054
       20  0.99563   0.035 -0.080  0.001 -0.425 -0.428  1.000 -0.046
       22  0.98749   0.022 -0.960  0.000  0.053  0.054 -0.046  1.000
 ERR MATRIX NOT POS-DEF
MINUIT - FIT ONLY 2-CBO
 **********
 **   43 **RES 
 **********
                   PARAMETER    8  phi_CBO RESTORED TO VARIABLE.
                   PARAMETER    4  phi RESTORED TO VARIABLE.
                   PARAMETER    3  A0 RESTORED TO VARIABLE.
                   PARAMETER    1  N0 RESTORED TO VARIABLE.
 **********
 **   44 **FIX            0
 **********
 PARAMETER    0  IS UNDEFINED. IGNORED.
 **********
 **   45 **FIX            1
 **********
 **********
 **   46 **FIX            2
 **********
 PARAMETER    2  IS CONSTANT.   IGNORED.
 **********
 **   47 **FIX            3
 **********
 **********
 **   48 **FIX            4
 **********
 **********
 **   49 **FIX            5
 **********
 PARAMETER    5  IS CONSTANT.   IGNORED.
 **********
 **   50 **FIX            6
 **********
 **********
 **   51 **FIX            7
 **********
 **********
 **   52 **FIX           10
 **********
 PARAMETER   10  IS CONSTANT.   IGNORED.
 **********
 **   53 **FIX           11
 **********
 PARAMETER   11  IS CONSTANT.   IGNORED.
 **********
 **   54 **FIX           12
 **********
 PARAMETER   12  IS CONSTANT.   IGNORED.
 **********
 **   55 **FIX           13
 **********
 PARAMETER   13  IS CONSTANT.   IGNORED.
 **********
 **   56 **FIX           14
 **********
 **********
 **   57 **FIX           15
 **********
 PARAMETER   15  IS CONSTANT.   IGNORED.
 **********
 **   58 **FIX           16
 **********
 PARAMETER   16  IS CONSTANT.   IGNORED.
 **********
 **   59 **MIGRAD
 **********
 START MIGRAD MINIMIZATION.  STRATEGY  1.  CONVERGENCE WHEN EDM .LT. 1.00e-04
 FCN=312.509 FROM MIGRAD    STATUS=INITIATE       12 CALLS         672 TOTAL
                     EDM= unknown      STRATEGY= 1      NO ERROR MATRIX       
  EXT PARAMETER               CURRENT GUESS       STEP         FIRST   
  NO.   NAME      VALUE            ERROR          SIZE      DERIVATIVE 
   1  N0           3.33724e+06     fixed    
   2  tau          6.43904e+01   constant   
   3  A0           3.52263e-01     fixed    
   4  phi          4.13004e+00     fixed    
   5  R           -6.09611e+01   constant   
   6  A_CBO        8.37016e-04     fixed    
   7  w_CBO        2.32985e+00     fixed    
   8  phi_CBO      7.63098e+00   1.45438e+00   1.45438e+00  -1.50026e-02
   9  ANx2         2.14836e-04   constant   
  10  pNx2         2.09111e+00   constant   
  11  ANy1         0.00000e+00   constant   
  12  pNy1         0.00000e+00   constant   
  13  w_y          0.00000e+00   constant   
  14  ANy2         1.72342e-04     fixed    
  15  pNy2         1.09622e+00   constant   
  16  w_vw         1.43115e+01   constant   
  17  LM          -4.64416e-04   constant   
  18  wCBO_expCoeff   2.03482e+02   1.03165e+01   7.77923e-03   1.35680e-03
  19  wCBO_expOffset   2.00057e+02   1.52185e+00   1.15059e-03   9.21351e-03
  20  wCBO_expT    2.99732e+01   2.04993e-01   1.69181e-04   5.84647e-02
  21  wCBO_linCoeff   0.00000e+00   constant   
  22  wCBO_const   1.45013e-03   4.39030e-03   6.04276e-06   7.69224e-02
 MIGRAD MINIMIZATION HAS CONVERGED.
 MIGRAD WILL VERIFY CONVERGENCE AND ERROR MATRIX.
 FCN=312.509 FROM MIGRAD    STATUS=CONVERGED      67 CALLS         727 TOTAL
                     EDM=1.71701e-05    STRATEGY= 1      ERR MATRIX NOT POS-DEF
  EXT PARAMETER                APPROXIMATE        STEP         FIRST   
  NO.   NAME      VALUE            ERROR          SIZE      DERIVATIVE 
   1  N0           3.33724e+06     fixed    
   2  tau          6.43904e+01   constant   
   3  A0           3.52263e-01     fixed    
   4  phi          4.13004e+00     fixed    
   5  R           -6.09611e+01   constant   
   6  A_CBO        8.37016e-04     fixed    
   7  w_CBO        2.32985e+00     fixed    
   8  phi_CBO      7.64504e+00   1.40431e+00   9.88500e-03   1.81994e-04
   9  ANx2         2.14836e-04   constant   
  10  pNx2         2.09111e+00   constant   
  11  ANy1         0.00000e+00   constant   
  12  pNy1         0.00000e+00   constant   
  13  w_y          0.00000e+00   constant   
  14  ANy2         1.72342e-04     fixed    
  15  pNy2         1.09622e+00   constant   
  16  w_vw         1.43115e+01   constant   
  17  LM          -4.64416e-04   constant   
  18  wCBO_expCoeff   2.03483e+02   1.08893e+01   7.68180e-03   1.31495e-03
  19  wCBO_expOffset   2.00058e+02   1.60482e+00   1.13156e-03   8.92706e-03
  20  wCBO_expT    2.99732e+01   2.13112e-01   1.66396e-04   4.92026e-02
  21  wCBO_linCoeff   0.00000e+00   constant   
  22  wCBO_const   1.45193e-03   1.29699e-03   6.01755e-06  -3.87019e+00
 EXTERNAL ERROR MATRIX.    NDIM=  25    NPAR=  5    ERR DEF=1
  1.972e+00  2.083e-01  3.084e-02 -5.331e-03  5.981e-04 
  2.083e-01  1.186e+02 -1.105e+01 -9.830e-01  2.122e-03 
  3.084e-02 -1.105e+01  2.575e+00 -1.452e-01  3.129e-04 
 -5.331e-03 -9.830e-01 -1.452e-01  4.542e-02 -1.233e-04 
  5.981e-04  2.122e-03  3.129e-04 -1.233e-04  1.682e-06 
ERR MATRIX NOT POS-DEF
 PARAMETER  CORRELATION COEFFICIENTS  
       NO.  GLOBAL      8     18     19     20     22
        8  0.58586   1.000  0.014  0.014 -0.018  0.328
       18  0.99672   0.014  1.000 -0.632 -0.424  0.150
       19  0.99672   0.014 -0.632  1.000 -0.425  0.150
       20  0.99598  -0.018 -0.424 -0.425  1.000 -0.446
       22  0.84558   0.328  0.150  0.150 -0.446  1.000
 ERR MATRIX NOT POS-DEF
MINUIT - FIT ONLY 1-y
 **********
 **   60 **RES 
 **********
                   PARAMETER   14  ANy2 RESTORED TO VARIABLE.
                   PARAMETER    7  w_CBO RESTORED TO VARIABLE.
                   PARAMETER    6  A_CBO RESTORED TO VARIABLE.
                   PARAMETER    4  phi RESTORED TO VARIABLE.
                   PARAMETER    3  A0 RESTORED TO VARIABLE.
                   PARAMETER    1  N0 RESTORED TO VARIABLE.
 **********
 **   61 **FIX            0
 **********
 PARAMETER    0  IS UNDEFINED. IGNORED.
 **********
 **   62 **FIX            1
 **********
 **********
 **   63 **FIX            2
 **********
 PARAMETER    2  IS CONSTANT.   IGNORED.
 **********
 **   64 **FIX            3
 **********
 **********
 **   65 **FIX            4
 **********
 **********
 **   66 **FIX            5
 **********
 PARAMETER    5  IS CONSTANT.   IGNORED.
 **********
 **   67 **FIX            6
 **********
 **********
 **   68 **FIX            7
 **********
 **********
 **   69 **FIX            8
 **********
 **********
 **   70 **FIX            9
 **********
 PARAMETER    9  IS CONSTANT.   IGNORED.
 **********
 **   71 **FIX           13
 **********
 PARAMETER   13  IS CONSTANT.   IGNORED.
 **********
 **   72 **FIX           14
 **********
 **********
 **   73 **FIX           15
 **********
 PARAMETER   15  IS CONSTANT.   IGNORED.
 **********
 **   74 **FIX           16
 **********
 PARAMETER   16  IS CONSTANT.   IGNORED.
 **********
 **   75 **MIGRAD
 **********
 START MIGRAD MINIMIZATION.  STRATEGY  1.  CONVERGENCE WHEN EDM .LT. 1.00e-04
 FCN=312.509 FROM MIGRAD    STATUS=INITIATE        8 CALLS         735 TOTAL
                     EDM= unknown      STRATEGY= 1      NO ERROR MATRIX       
  EXT PARAMETER               CURRENT GUESS       STEP         FIRST   
  NO.   NAME      VALUE            ERROR          SIZE      DERIVATIVE 
   1  N0           3.33724e+06     fixed    
   2  tau          6.43904e+01   constant   
   3  A0           3.52263e-01     fixed    
   4  phi          4.13004e+00     fixed    
   5  R           -6.09611e+01   constant   
   6  A_CBO        8.37016e-04     fixed    
   7  w_CBO        2.32985e+00     fixed    
   8  phi_CBO      7.64504e+00     fixed    
   9  ANx2         2.14836e-04   constant   
  10  pNx2         2.09111e+00   constant   
  11  ANy1         0.00000e+00   constant   
  12  pNy1         0.00000e+00   constant   
  13  w_y          0.00000e+00   constant   
  14  ANy2         1.72342e-04     fixed    
  15  pNy2         1.09622e+00   constant   
  16  w_vw         1.43115e+01   constant   
  17  LM          -4.64416e-04   constant   
  18  wCBO_expCoeff   2.03483e+02   1.08893e+01   7.68180e-03   1.33335e-03
  19  wCBO_expOffset   2.00058e+02   1.60482e+00   1.13156e-03   9.05439e-03
  20  wCBO_expT    2.99732e+01   2.13112e-01   1.66396e-04   4.99372e-02
  21  wCBO_linCoeff   0.00000e+00   constant   
  22  wCBO_const   1.45193e-03   1.29699e-03   6.01755e-06  -3.87435e+00
 MIGRAD MINIMIZATION HAS CONVERGED.
 MIGRAD WILL VERIFY CONVERGENCE AND ERROR MATRIX.
 FCN=312.509 FROM MIGRAD    STATUS=CONVERGED      59 CALLS         786 TOTAL
                     EDM=9.32425e-08    STRATEGY= 1      ERR MATRIX NOT POS-DEF
  EXT PARAMETER                APPROXIMATE        STEP         FIRST   
  NO.   NAME      VALUE            ERROR          SIZE      DERIVATIVE 
   1  N0           3.33724e+06     fixed    
   2  tau          6.43904e+01   constant   
   3  A0           3.52263e-01     fixed    
   4  phi          4.13004e+00     fixed    
   5  R           -6.09611e+01   constant   
   6  A_CBO        8.37016e-04     fixed    
   7  w_CBO        2.32985e+00     fixed    
   8  phi_CBO      7.64504e+00     fixed    
   9  ANx2         2.14836e-04   constant   
  10  pNx2         2.09111e+00   constant   
  11  ANy1         0.00000e+00   constant   
  12  pNy1         0.00000e+00   constant   
  13  w_y          0.00000e+00   constant   
  14  ANy2         1.72342e-04     fixed    
  15  pNy2         1.09622e+00   constant   
  16  w_vw         1.43115e+01   constant   
  17  LM          -4.64416e-04   constant   
  18  wCBO_expCoeff   2.03481e+02   1.13812e+01   7.66615e-03  -2.48001e-05
  19  wCBO_expOffset   2.00057e+02   1.67765e+00   1.12924e-03  -1.68347e-04
  20  wCBO_expT    2.99732e+01   2.20336e-01   1.66093e-04   8.64157e-04
  21  wCBO_linCoeff   0.00000e+00   constant   
  22  wCBO_const   1.45512e-03   1.23461e-03   6.01847e-06  -6.02970e-03
 EXTERNAL ERROR MATRIX.    NDIM=  25    NPAR=  4    ERR DEF=1
  1.295e+02 -1.223e+01 -1.050e+00  2.231e-03 
 -1.223e+01  2.815e+00 -1.553e-01  3.294e-04 
 -1.050e+00 -1.553e-01  4.855e-02 -1.297e-04 
  2.231e-03  3.294e-04 -1.297e-04  1.524e-06 
ERR MATRIX NOT POS-DEF
 PARAMETER  CORRELATION COEFFICIENTS  
       NO.  GLOBAL     18     19     20     22
       18  0.99699   1.000 -0.641 -0.419  0.159
       19  0.99699  -0.641  1.000 -0.420  0.159
       20  0.99623  -0.419 -0.420  1.000 -0.477
       22  0.82768   0.159  0.159 -0.477  1.000
 ERR MATRIX NOT POS-DEF
MINUIT - FIT ONLY 2-y
 **********
 **   76 **RES 
 **********
                   PARAMETER   14  ANy2 RESTORED TO VARIABLE.
                   PARAMETER    8  phi_CBO RESTORED TO VARIABLE.
                   PARAMETER    7  w_CBO RESTORED TO VARIABLE.
                   PARAMETER    6  A_CBO RESTORED TO VARIABLE.
                   PARAMETER    4  phi RESTORED TO VARIABLE.
                   PARAMETER    3  A0 RESTORED TO VARIABLE.
                   PARAMETER    1  N0 RESTORED TO VARIABLE.
 **********
 **   77 **FIX            0
 **********
 PARAMETER    0  IS UNDEFINED. IGNORED.
 **********
 **   78 **FIX            1
 **********
 **********
 **   79 **FIX            2
 **********
 PARAMETER    2  IS CONSTANT.   IGNORED.
 **********
 **   80 **FIX            3
 **********
 **********
 **   81 **FIX            4
 **********
 **********
 **   82 **FIX            5
 **********
 PARAMETER    5  IS CONSTANT.   IGNORED.
 **********
 **   83 **FIX            6
 **********
 **********
 **   84 **FIX            7
 **********
 **********
 **   85 **FIX            8
 **********
 **********
 **   86 **FIX            9
 **********
 PARAMETER    9  IS CONSTANT.   IGNORED.
 **********
 **   87 **FIX           10
 **********
 PARAMETER   10  IS CONSTANT.   IGNORED.
 **********
 **   88 **FIX           11
 **********
 PARAMETER   11  IS CONSTANT.   IGNORED.
 **********
 **   89 **FIX           12
 **********
 PARAMETER   12  IS CONSTANT.   IGNORED.
 **********
 **   90 **FIX           16
 **********
 PARAMETER   16  IS CONSTANT.   IGNORED.
 **********
 **   91 **MIGRAD
 **********
 START MIGRAD MINIMIZATION.  STRATEGY  1.  CONVERGENCE WHEN EDM .LT. 1.00e-04
 FCN=312.509 FROM MIGRAD    STATUS=INITIATE       10 CALLS         796 TOTAL
                     EDM= unknown      STRATEGY= 1      NO ERROR MATRIX       
  EXT PARAMETER               CURRENT GUESS       STEP         FIRST   
  NO.   NAME      VALUE            ERROR          SIZE      DERIVATIVE 
   1  N0           3.33724e+06     fixed    
   2  tau          6.43904e+01   constant   
   3  A0           3.52263e-01     fixed    
   4  phi          4.13004e+00     fixed    
   5  R           -6.09611e+01   constant   
   6  A_CBO        8.37016e-04     fixed    
   7  w_CBO        2.32985e+00     fixed    
   8  phi_CBO      7.64504e+00     fixed    
   9  ANx2         2.14836e-04   constant   
  10  pNx2         2.09111e+00   constant   
  11  ANy1         0.00000e+00   constant   
  12  pNy1         0.00000e+00   constant   
  13  w_y          0.00000e+00   constant   
  14  ANy2         1.72342e-04   9.74727e-04   9.74727e-04  -5.86839e-02
  15  pNy2         1.09622e+00   constant   
  16  w_vw         1.43115e+01   constant   
  17  LM          -4.64416e-04   constant   
  18  wCBO_expCoeff   2.03481e+02   1.13812e+01   7.66615e-03  -2.17427e-05
  19  wCBO_expOffset   2.00057e+02   1.67765e+00   1.12924e-03  -1.47207e-04
  20  wCBO_expT    2.99732e+01   2.20336e-01   1.66093e-04   9.86194e-04
  21  wCBO_linCoeff   0.00000e+00   constant   
  22  wCBO_const   1.45512e-03   1.23461e-03   6.01847e-06  -6.73313e-03
 MIGRAD MINIMIZATION HAS CONVERGED.
 MIGRAD WILL VERIFY CONVERGENCE AND ERROR MATRIX.
 FCN=312.509 FROM MIGRAD    STATUS=CONVERGED      61 CALLS         847 TOTAL
                     EDM=9.31963e-08    STRATEGY= 1      ERR MATRIX NOT POS-DEF
  EXT PARAMETER                APPROXIMATE        STEP         FIRST   
  NO.   NAME      VALUE            ERROR          SIZE      DERIVATIVE 
   1  N0           3.33724e+06     fixed    
   2  tau          6.43904e+01   constant   
   3  A0           3.52263e-01     fixed    
   4  phi          4.13004e+00     fixed    
   5  R           -6.09611e+01   constant   
   6  A_CBO        8.37016e-04     fixed    
   7  w_CBO        2.32985e+00     fixed    
   8  phi_CBO      7.64504e+00     fixed    
   9  ANx2         2.14836e-04   constant   
  10  pNx2         2.09111e+00   constant   
  11  ANy1         0.00000e+00   constant   
  12  pNy1         0.00000e+00   constant   
  13  w_y          0.00000e+00   constant   
  14  ANy2         1.72375e-04   9.75237e-04   8.47184e-06   1.07698e-02
  15  pNy2         1.09622e+00   constant   
  16  w_vw         1.43115e+01   constant   
  17  LM          -4.64416e-04   constant   
  18  wCBO_expCoeff   2.03481e+02   1.13811e+01   7.66461e-03   6.55494e-06
  19  wCBO_expOffset   2.00057e+02   1.67764e+00   1.12901e-03   4.44937e-05
  20  wCBO_expT    2.99732e+01   2.20339e-01   1.66064e-04   2.31237e-03
  21  wCBO_linCoeff   0.00000e+00   constant   
  22  wCBO_const   1.45512e-03   1.23462e-03   6.01891e-06   2.70635e-02
 EXTERNAL ERROR MATRIX.    NDIM=  25    NPAR=  5    ERR DEF=1
  9.511e-07 -9.840e-06 -1.458e-06  3.189e-07  4.318e-10 
 -9.840e-06  1.295e+02 -1.223e+01 -1.050e+00  2.231e-03 
 -1.458e-06 -1.223e+01  2.814e+00 -1.553e-01  3.294e-04 
  3.189e-07 -1.050e+00 -1.553e-01  4.855e-02 -1.297e-04 
  4.318e-10  2.231e-03  3.294e-04 -1.297e-04  1.524e-06 
ERR MATRIX NOT POS-DEF
 PARAMETER  CORRELATION COEFFICIENTS  
       NO.  GLOBAL     14     18     19     20     22
       14  0.00573   1.000 -0.001 -0.001  0.001  0.000
       18  0.99699  -0.001  1.000 -0.641 -0.419  0.159
       19  0.99699  -0.001 -0.641  1.000 -0.420  0.159
       20  0.99623   0.001 -0.419 -0.420  1.000 -0.477
       22  0.82768   0.000  0.159  0.159 -0.477  1.000
 ERR MATRIX NOT POS-DEF
MINUIT - FIT ALTOGETHER
 **********
 **   92 **RES 
 **********
                   PARAMETER    8  phi_CBO RESTORED TO VARIABLE.
                   PARAMETER    7  w_CBO RESTORED TO VARIABLE.
                   PARAMETER    6  A_CBO RESTORED TO VARIABLE.
                   PARAMETER    4  phi RESTORED TO VARIABLE.
