 + ++++++++++++++++++++++++++++++++++++++++++++++++++++++++++++++++++++ +
 +                                                                      +
 +           You have chose to blind your fitting according to          +
 +                omega_ref * (1 + (R +/- deltaR) *10^{-6})             +
 +                                                                      +
 + ++++++++++++++++++++++++++++++++++++++++++++++++++++++++++++++++++++ +
In main()...
reading format from /gm2data/zkhechad/run45/envelope/formats/formatB_sBin_constraintOn.txt
pBinTau 	= 0  
pBinPhi 	= 0  
constraintau 	= 1 
includeMopTerm 	= 0    
constrainMop    = 0   
Parameters after format file: pBinTau 0 pBinPhi 0 constraintau 1 includeMopTerm 0 constrainMop 0 c_e_scale 0.000000 
reading cbo reference file (full fit) from /gm2data/zkhechad/cboTemplates/Run4CBOTemplates/fullFits/run4/sBin_constraintOn_cE0.0_seed0_run4_calo21.root
A_CBO 0.009954 w_CBO 2.326310 phi_CBO 2.942572 N0 2740148.315147 R -59.181603 tau 64.402317 
Reading cboRef file /gm2data/zkhechad/cboTemplates/Run4CBOTemplates//cboIsolate/run4_calo21.root
deltaT 64.710754
windowBins = 430
fitting sliding window 940 from bin 1143 at 170.535600 to bin 1573 at 234.691600 (430 bins)

Reading data from /gm2data/cornell/histograms/aMethod/histogram_a_run4.root
fitting cbo isolate
 **********
 **    1 **SET PRINTOUT            1
 **********
 **********
 **    2 **SET NOWARNINGS 
 **********
 PARAMETER DEFINITIONS:
    NO.   NAME         VALUE      STEP SIZE      LIMITS
     1 A_CBO        9.95405e-03  1.00000e-05     no limits
     2 w_CBO        2.32631e+00  1.00000e-02    2.00000e+00  3.00000e+00
     3 phi_CBO      2.94257e+00  1.00000e-02    0.00000e+00  6.28319e+00
 **********
 **    3 **MIGRAD
 **********
 FIRST CALL TO USER FUNCTION AT NEW START POINT, WITH IFLAG=4.
 START MIGRAD MINIMIZATION.  STRATEGY  1.  CONVERGENCE WHEN EDM .LT. 1.00e-04
 FCN=0.00839159 FROM MIGRAD    STATUS=INITIATE       12 CALLS          13 TOTAL
                     EDM= unknown      STRATEGY= 1      NO ERROR MATRIX       
  EXT PARAMETER               CURRENT GUESS       STEP         FIRST   
  NO.   NAME      VALUE            ERROR          SIZE      DERIVATIVE 
   1  A_CBO        9.95405e-03   1.00000e-05   1.00000e-05   2.39819e+00
   2  w_CBO        2.32631e+00   1.00000e-02   2.13305e-02  -1.76053e-01
   3  phi_CBO      2.94257e+00   1.00000e-02   3.18951e-03   5.70886e-03
 MIGRAD MINIMIZATION HAS CONVERGED.
 MIGRAD WILL VERIFY CONVERGENCE AND ERROR MATRIX.
 COVARIANCE MATRIX CALCULATED SUCCESSFULLY
 FCN=0.00161817 FROM MIGRAD    STATUS=CONVERGED      49 CALLS          50 TOTAL
                     EDM=3.59113e-06    STRATEGY= 1      ERROR MATRIX ACCURATE 
  EXT PARAMETER                                   STEP         FIRST   
  NO.   NAME      VALUE            ERROR          SIZE      DERIVATIVE 
   1  A_CBO        4.30878e-03   6.86013e-02   3.34406e-05  -2.10630e-02
   2  w_CBO        2.32656e+00   6.18625e-01   8.05150e-05   1.64790e-04
   3  phi_CBO      2.89456e+00   4.66814e+00   2.45245e-03  -4.79884e-05
 EXTERNAL ERROR MATRIX.    NDIM=  25    NPAR=  3    ERR DEF=1
  4.706e-03 -4.015e-03 -8.122e-01 
 -4.015e-03  7.313e-01  1.477e+02 
 -8.122e-01  1.477e+02  3.007e+04 
 PARAMETER  CORRELATION COEFFICIENTS  
       NO.  GLOBAL      1      2      3
        1  0.06846   1.000 -0.068 -0.068
        2  0.99590  -0.068  1.000  0.996
        3  0.99590  -0.068  0.996  1.000
setting A_CBO=0.004309 w_CBO=2.326559, phi_CBO=2.894559
done fitting cbo isolate
 **********
 **    1 **SET PRINTOUT            1
 **********
 **********
 **    2 **SET NOWARNINGS 
 **********
 PARAMETER DEFINITIONS:
    NO.   NAME         VALUE      STEP SIZE      LIMITS
     1 N0           2.74015e+06  1.00000e+02     no limits
     2 tau          6.44023e+01  constant
     3 A0           3.54223e-01  1.00000e-04     no limits
     4 phi          4.11631e+00  1.00000e-02     no limits
     5 R           -5.91816e+01  constant
     6 A_CBO        4.30878e-03  1.00000e-05     no limits
     7 w_CBO        2.32656e+00  1.00000e-03     no limits
     8 phi_CBO      2.89456e+00  1.00000e-04     no limits
     9 ANx2         7.44254e-04  constant
    10 pNx2         1.53785e+00  constant
    11 ANy1         0.00000e+00  constant
    12 pNy1         0.00000e+00  constant
    13 w_y          0.00000e+00  constant
    14 ANy2         8.00900e-03  1.00000e-04     no limits
    15 pNy2         3.64406e+00  constant
    16 w_vw         1.43170e+01  constant
    17 LM          -4.99363e-05  constant
    18 wCBO_expCoeff   2.00000e+02  1.00000e+00     no limits
    19 wCBO_expOffset   2.00000e+02  1.00000e+00     no limits
    20 wCBO_expT    3.00000e+01  1.00000e+00     no limits
    21 wCBO_linCoeff   0.00000e+00  constant
    22 wCBO_const   0.00000e+00  1.00000e-02     no limits
MINUIT - FIT ONLY WIGGLE
 **********
 **    3 **FIX            5
 **********
 PARAMETER    5  IS CONSTANT.   IGNORED.
 **********
 **    4 **FIX            6
 **********
 **********
 **    5 **FIX            7
 **********
 **********
 **    6 **FIX            8
 **********
 **********
 **    7 **FIX            9
 **********
 PARAMETER    9  IS CONSTANT.   IGNORED.
 **********
 **    8 **FIX           10
 **********
 PARAMETER   10  IS CONSTANT.   IGNORED.
 **********
 **    9 **FIX           11
 **********
 PARAMETER   11  IS CONSTANT.   IGNORED.
 **********
 **   10 **FIX           12
 **********
 PARAMETER   12  IS CONSTANT.   IGNORED.
 **********
 **   11 **FIX           13
 **********
 PARAMETER   13  IS CONSTANT.   IGNORED.
 **********
 **   12 **FIX           14
 **********
 **********
 **   13 **FIX           15
 **********
 PARAMETER   15  IS CONSTANT.   IGNORED.
 **********
 **   14 **FIX           16
 **********
 PARAMETER   16  IS CONSTANT.   IGNORED.
 **********
 **   15 **MIGRAD
 **********
 FIRST CALL TO USER FUNCTION AT NEW START POINT, WITH IFLAG=4.
 START MIGRAD MINIMIZATION.  STRATEGY  1.  CONVERGENCE WHEN EDM .LT. 1.00e-04
 FCN=2069.87 FROM MIGRAD    STATUS=INITIATE       34 CALLS          35 TOTAL
                     EDM= unknown      STRATEGY= 1      NO ERROR MATRIX       
  EXT PARAMETER               CURRENT GUESS       STEP         FIRST   
  NO.   NAME      VALUE            ERROR          SIZE      DERIVATIVE 
   1  N0           2.74015e+06   1.00000e+02   1.00000e+02  -3.45960e-03
   2  tau          6.44023e+01   constant   
   3  A0           3.54223e-01   1.00000e-04   1.00000e-04   5.43144e+03
   4  phi          4.11631e+00   1.00000e-02   1.00000e-02  -2.97806e+03
   5  R           -5.91816e+01   constant   
   6  A_CBO        4.30878e-03     fixed    
   7  w_CBO        2.32656e+00     fixed    
   8  phi_CBO      2.89456e+00     fixed    
   9  ANx2         7.44254e-04   constant   
  10  pNx2         1.53785e+00   constant   
  11  ANy1         0.00000e+00   constant   
  12  pNy1         0.00000e+00   constant   
  13  w_y          0.00000e+00   constant   
  14  ANy2         8.00900e-03     fixed    
  15  pNy2         3.64406e+00   constant   
  16  w_vw         1.43170e+01   constant   
  17  LM          -4.99363e-05   constant   
  18  wCBO_expCoeff   2.00000e+02   1.00000e+00   1.00000e+00   9.64260e+03
  19  wCBO_expOffset   2.00000e+02   1.00000e+00   1.00000e+00   7.48111e+04
  20  wCBO_expT    3.00000e+01   1.00000e+00   1.00000e+00  -1.16661e+05
  21  wCBO_linCoeff   0.00000e+00   constant   
  22  wCBO_const   0.00000e+00   1.00000e-02   1.00000e-02   7.57584e+03
 CALL LIMIT EXCEEDED IN MIGRAD.
 MIGRAD TERMINATED WITHOUT CONVERGENCE.
 FCN=1917.73 FROM MIGRAD    STATUS=CALL LIMIT   1155 CALLS        1156 TOTAL
                     EDM=8.77981    STRATEGY= 1  ERROR MATRIX UNCERTAINTY   1.9 per cent
  EXT PARAMETER                APPROXIMATE        STEP         FIRST   
  NO.   NAME      VALUE            ERROR          SIZE      DERIVATIVE 
   1  N0           2.73962e+06   3.84080e+02  -4.89885e+01  -1.00325e-02
   2  tau          6.44023e+01   constant   
   3  A0           3.53995e-01   2.06249e-04  -2.17204e-05  -1.40944e+04
   4  phi          4.11633e+00   6.03708e-04  -1.66340e-05  -2.43314e+03
   5  R           -5.91816e+01   constant   
   6  A_CBO        4.30878e-03     fixed    
   7  w_CBO        2.32656e+00     fixed    
   8  phi_CBO      2.89456e+00     fixed    
   9  ANx2         7.44254e-04   constant   
  10  pNx2         1.53785e+00   constant   
  11  ANy1         0.00000e+00   constant   
  12  pNy1         0.00000e+00   constant   
  13  w_y          0.00000e+00   constant   
  14  ANy2         8.00900e-03     fixed    
  15  pNy2         3.64406e+00   constant   
  16  w_vw         1.43170e+01   constant   
  17  LM          -4.99363e-05   constant   
  18  wCBO_expCoeff   2.00021e+02   1.05327e-03   1.98257e-04   2.83499e+03
  19  wCBO_expOffset   2.00002e+02   1.07433e-04   1.92477e-05  -3.95055e+04
  20  wCBO_expT    3.00032e+01   2.03966e-04   3.92732e-05  -1.18687e+05
  21  wCBO_linCoeff   0.00000e+00   constant   
  22  wCBO_const  -3.37815e-02   1.38427e-03  -2.58210e-04  -1.10758e+04
 EXTERNAL ERROR MATRIX.    NDIM=  25    NPAR=  7    ERR DEF=1
  1.475e+05 -5.671e-03 -2.091e-02 -2.514e-01 -2.605e-02 -5.058e-02  3.190e-01 
 -5.671e-03  4.254e-08  1.252e-09 -1.118e-07 -1.161e-08 -2.223e-08  1.430e-07 
 -2.091e-02  1.252e-09  3.645e-07 -4.622e-08 -9.463e-09 -1.497e-08  7.417e-08 
 -2.514e-01 -1.118e-07 -4.622e-08  1.109e-06  1.037e-07  2.127e-07 -1.440e-06 
 -2.605e-02 -1.161e-08 -9.463e-09  1.037e-07  1.154e-08  2.077e-08 -1.417e-07 
 -5.058e-02 -2.223e-08 -1.497e-08  2.127e-07  2.077e-08  4.160e-08 -2.785e-07 
  3.190e-01  1.430e-07  7.417e-08 -1.440e-06 -1.417e-07 -2.785e-07  1.916e-06 
ERR MATRIX APPROXIMATE
 PARAMETER  CORRELATION COEFFICIENTS  
       NO.  GLOBAL      1      3      4     18     19     20     22
        1  0.97027   1.000 -0.072 -0.090 -0.621 -0.631 -0.646  0.600
        3  0.95511  -0.072  1.000  0.010 -0.515 -0.524 -0.528  0.501
        4  0.77622  -0.090  0.010  1.000 -0.073 -0.146 -0.122  0.089
       18  0.99859  -0.621 -0.515 -0.073  1.000  0.916  0.990 -0.988
       19  0.99494  -0.631 -0.524 -0.146  0.916  1.000  0.948 -0.953
       20  0.99663  -0.646 -0.528 -0.122  0.990  0.948  1.000 -0.986
       22  0.99905   0.600  0.501  0.089 -0.988 -0.953 -0.986  1.000
 ERR MATRIX APPROXIMATE
MINUIT - FIT ONLY 1-CBO + other amplitudes 
 **********
 **   16 **RES 
 **********
                   PARAMETER   14  ANy2 RESTORED TO VARIABLE.
                   PARAMETER    8  phi_CBO RESTORED TO VARIABLE.
                   PARAMETER    7  w_CBO RESTORED TO VARIABLE.
                   PARAMETER    6  A_CBO RESTORED TO VARIABLE.
 **********
 **   17 **FIX            0
 **********
 PARAMETER    0  IS UNDEFINED. IGNORED.
 **********
 **   18 **FIX            1
 **********
 **********
 **   19 **FIX            2
 **********
 PARAMETER    2  IS CONSTANT.   IGNORED.
 **********
 **   20 **FIX            3
 **********
 **********
 **   21 **FIX            4
 **********
 **********
 **   22 **FIX            9
 **********
 PARAMETER    9  IS CONSTANT.   IGNORED.
 **********
 **   23 **FIX           11
 **********
 PARAMETER   11  IS CONSTANT.   IGNORED.
 **********
 **   24 **FIX           12
 **********
 PARAMETER   12  IS CONSTANT.   IGNORED.
 **********
 **   25 **FIX           14
 **********
 **********
 **   26 **FIX           15
 **********
 PARAMETER   15  IS CONSTANT.   IGNORED.
 **********
 **   27 **FIX           16
 **********
 PARAMETER   16  IS CONSTANT.   IGNORED.
 **********
 **   28 **MIGRAD
 **********
 START MIGRAD MINIMIZATION.  STRATEGY  1.  CONVERGENCE WHEN EDM .LT. 1.00e-04
 FCN=1917.73 FROM MIGRAD    STATUS=INITIATE       22 CALLS        1178 TOTAL
                     EDM= unknown      STRATEGY= 1      NO ERROR MATRIX       
  EXT PARAMETER               CURRENT GUESS       STEP         FIRST   
  NO.   NAME      VALUE            ERROR          SIZE      DERIVATIVE 
   1  N0           2.73962e+06     fixed    
   2  tau          6.44023e+01   constant   
   3  A0           3.53995e-01     fixed    
   4  phi          4.11633e+00     fixed    
   5  R           -5.91816e+01   constant   
   6  A_CBO        4.30878e-03   1.00000e-05   1.00000e-05   1.22353e+05
   7  w_CBO        2.32656e+00   1.00000e-03   1.00000e-03   2.39011e+05
   8  phi_CBO      2.89456e+00   1.00000e-04   1.00000e-04   2.16032e+01
   9  ANx2         7.44254e-04   constant   
  10  pNx2         1.53785e+00   constant   
  11  ANy1         0.00000e+00   constant   
  12  pNy1         0.00000e+00   constant   
  13  w_y          0.00000e+00   constant   
  14  ANy2         8.00900e-03     fixed    
  15  pNy2         3.64406e+00   constant   
  16  w_vw         1.43170e+01   constant   
  17  LM          -4.99363e-05   constant   
  18  wCBO_expCoeff   2.00021e+02   1.05327e-03   1.98257e-04   2.83499e+03
  19  wCBO_expOffset   2.00002e+02   1.07433e-04   1.92477e-05  -3.95055e+04
  20  wCBO_expT    3.00032e+01   2.03966e-04   3.92732e-05  -1.18687e+05
  21  wCBO_linCoeff   0.00000e+00   constant   
  22  wCBO_const  -3.37815e-02   1.38427e-03  -2.58210e-04  -1.10758e+04
 CALL LIMIT EXCEEDED IN MIGRAD.
 MIGRAD TERMINATED WITHOUT CONVERGENCE.
 FCN=1690.25 FROM MIGRAD    STATUS=CALL LIMIT   1149 CALLS        2305 TOTAL
                     EDM=0.403236    STRATEGY= 1  ERROR MATRIX UNCERTAINTY   0.1 per cent
  EXT PARAMETER                APPROXIMATE        STEP         FIRST   
  NO.   NAME      VALUE            ERROR          SIZE      DERIVATIVE 
   1  N0           2.73962e+06     fixed    
   2  tau          6.44023e+01   constant   
   3  A0           3.53995e-01     fixed    
   4  phi          4.11633e+00     fixed    
   5  R           -5.91816e+01   constant   
   6  A_CBO        9.75428e-04   2.37168e-04   7.69067e-08   3.68160e+02
   7  w_CBO        2.32655e+00   2.88841e-06   1.20049e-09  -2.29048e+04
   8  phi_CBO      1.22327e+00   3.81271e-01   8.40548e-05  -3.26882e-01
   9  ANx2         7.44254e-04   constant   
  10  pNx2         1.53785e+00   constant   
  11  ANy1         0.00000e+00   constant   
  12  pNy1         0.00000e+00   constant   
  13  w_y          0.00000e+00   constant   
  14  ANy2         8.00900e-03     fixed    
  15  pNy2         3.64406e+00   constant   
  16  w_vw         1.43170e+01   constant   
  17  LM          -4.99363e-05   constant   
  18  wCBO_expCoeff   2.00020e+02   2.46748e-04   1.02002e-07  -2.66237e+02
  19  wCBO_expOffset   2.00002e+02   2.06476e-04  -1.11315e-07   4.36750e+03
  20  wCBO_expT    3.00031e+01   5.45128e-05  -2.17178e-08   5.07288e+03
  21  wCBO_linCoeff   0.00000e+00   constant   
  22  wCBO_const  -3.57344e-02   1.41937e-03   7.44384e-07  -5.51892e+01
 EXTERNAL ERROR MATRIX.    NDIM=  25    NPAR=  7    ERR DEF=1
  5.625e-08  2.967e-10  1.221e-05  2.528e-08 -2.841e-08 -1.019e-08  1.548e-07 
  2.967e-10  8.343e-12  5.766e-07  4.098e-10 -4.591e-10 -5.752e-11  3.217e-09 
  1.221e-05  5.766e-07  1.454e-01  4.914e-05 -2.944e-05  3.055e-06  2.949e-04 
  2.528e-08  4.098e-10  4.914e-05  6.088e-08 -3.901e-08 -4.862e-09  2.734e-07 
 -2.841e-08 -4.591e-10 -2.944e-05 -3.901e-08  4.263e-08  8.351e-09 -2.813e-07 
 -1.019e-08 -5.752e-11  3.055e-06 -4.862e-09  8.351e-09  2.972e-09 -4.666e-08 
  1.548e-07  3.217e-09  2.949e-04  2.734e-07 -2.813e-07 -4.666e-08  2.015e-06 
ERR MATRIX APPROXIMATE
 PARAMETER  CORRELATION COEFFICIENTS  
       NO.  GLOBAL      6      7      8     18     19     20     22
        6  0.98781   1.000  0.433  0.135  0.432 -0.580 -0.788  0.460
        7  0.97109   0.433  1.000  0.524  0.575 -0.770 -0.365  0.785
        8  0.97630   0.135  0.524  1.000  0.522 -0.374  0.147  0.545
       18  0.97077   0.432  0.575  0.522  1.000 -0.766 -0.361  0.781
       19  0.99239  -0.580 -0.770 -0.374 -0.766  1.000  0.742 -0.960
       20  0.99585  -0.788 -0.365  0.147 -0.361  0.742  1.000 -0.603
       22  0.99396   0.460  0.785  0.545  0.781 -0.960 -0.603  1.000
 ERR MATRIX APPROXIMATE
MINUIT - FIT ONLY 1-CBO
 **********
 **   29 **RES 
 **********
                   PARAMETER   14  ANy2 RESTORED TO VARIABLE.
                   PARAMETER    4  phi RESTORED TO VARIABLE.
                   PARAMETER    3  A0 RESTORED TO VARIABLE.
                   PARAMETER    1  N0 RESTORED TO VARIABLE.
 **********
 **   30 **FIX            0
 **********
 PARAMETER    0  IS UNDEFINED. IGNORED.
 **********
 **   31 **FIX            1
 **********
 **********
 **   32 **FIX            2
 **********
 PARAMETER    2  IS CONSTANT.   IGNORED.
 **********
 **   33 **FIX            3
 **********
 **********
 **   34 **FIX            4
 **********
 **********
 **   35 **FIX            8
 **********
 **********
 **   36 **FIX            9
 **********
 PARAMETER    9  IS CONSTANT.   IGNORED.
 **********
 **   37 **FIX           11
 **********
 PARAMETER   11  IS CONSTANT.   IGNORED.
 **********
 **   38 **FIX           12
 **********
 PARAMETER   12  IS CONSTANT.   IGNORED.
 **********
 **   39 **FIX           13
 **********
 PARAMETER   13  IS CONSTANT.   IGNORED.
 **********
 **   40 **FIX           15
 **********
 PARAMETER   15  IS CONSTANT.   IGNORED.
 **********
 **   41 **FIX           16
 **********
 PARAMETER   16  IS CONSTANT.   IGNORED.
 **********
 **   42 **MIGRAD
 **********
 START MIGRAD MINIMIZATION.  STRATEGY  1.  CONVERGENCE WHEN EDM .LT. 1.00e-04
 FCN=1690.25 FROM MIGRAD    STATUS=INITIATE       16 CALLS        2321 TOTAL
                     EDM= unknown      STRATEGY= 1      NO ERROR MATRIX       
  EXT PARAMETER               CURRENT GUESS       STEP         FIRST   
  NO.   NAME      VALUE            ERROR          SIZE      DERIVATIVE 
   1  N0           2.73962e+06     fixed    
   2  tau          6.44023e+01   constant   
   3  A0           3.53995e-01     fixed    
   4  phi          4.11633e+00     fixed    
   5  R           -5.91816e+01   constant   
   6  A_CBO        9.75428e-04   2.37168e-04   7.69067e-08   3.68160e+02
   7  w_CBO        2.32655e+00   2.88841e-06   1.20049e-09  -2.29048e+04
   8  phi_CBO      1.22327e+00     fixed    
   9  ANx2         7.44254e-04   constant   
  10  pNx2         1.53785e+00   constant   
  11  ANy1         0.00000e+00   constant   
  12  pNy1         0.00000e+00   constant   
  13  w_y          0.00000e+00   constant   
  14  ANy2         8.00900e-03   1.00000e-04   1.00000e-04   3.02249e+05
  15  pNy2         3.64406e+00   constant   
  16  w_vw         1.43170e+01   constant   
  17  LM          -4.99363e-05   constant   
  18  wCBO_expCoeff   2.00020e+02   2.46748e-04   1.02002e-07  -2.66237e+02
  19  wCBO_expOffset   2.00002e+02   2.06476e-04  -1.11315e-07   4.36750e+03
  20  wCBO_expT    3.00031e+01   5.45128e-05  -2.17178e-08   5.07288e+03
  21  wCBO_linCoeff   0.00000e+00   constant   
  22  wCBO_const  -3.57344e-02   1.41937e-03   7.44384e-07  -5.51892e+01
 MIGRAD FAILS TO FIND IMPROVEMENT
 FCN=512.4 FROM HESSE     STATUS=NOT POSDEF     54 CALLS        3463 TOTAL
                     EDM=0.00137084    STRATEGY= 1      ERR MATRIX NOT POS-DEF
  EXT PARAMETER                APPROXIMATE        STEP         FIRST   
  NO.   NAME      VALUE            ERROR          SIZE      DERIVATIVE 
   1  N0           2.73962e+06     fixed    
   2  tau          6.44023e+01   constant   
   3  A0           3.53995e-01     fixed    
   4  phi          4.11633e+00     fixed    
   5  R           -5.91816e+01   constant   
   6  A_CBO        5.02473e-04   2.97182e-04   2.44946e-06   1.68950e+01
   7  w_CBO        2.32656e+00   3.51001e-05   1.10939e-06  -1.09648e+04
   8  phi_CBO      1.22327e+00     fixed    
   9  ANx2         7.44254e-04   constant   
  10  pNx2         1.53785e+00   constant   
  11  ANy1         0.00000e+00   constant   
  12  pNy1         0.00000e+00   constant   
  13  w_y          0.00000e+00   constant   
  14  ANy2         1.86912e-04   2.30203e-04   2.50572e-06   8.58770e+00
  15  pNy2         3.64406e+00   constant   
  16  w_vw         1.43170e+01   constant   
  17  LM          -4.99363e-05   constant   
  18  wCBO_expCoeff   2.00020e+02   3.02129e-03   9.53771e-05  -1.26963e+02
  19  wCBO_expOffset   2.00002e+02   1.58094e-04   9.53682e-05  -8.40378e+02
  20  wCBO_expT    3.00030e+01   5.18147e-04   1.43066e-05   2.03635e+02
  21  wCBO_linCoeff   0.00000e+00   constant   
  22  wCBO_const  -3.55425e-02   3.59995e-03   4.46714e-06  -1.23647e+02
 CALL LIMIT EXCEEDED IN MIGRAD.
 MIGRAD TERMINATED WITHOUT CONVERGENCE.
 FCN=512.4 FROM MIGRAD    STATUS=CALL LIMIT   1158 CALLS        3463 TOTAL
                     EDM=0.00137084    STRATEGY= 1      ERR MATRIX NOT POS-DEF
  EXT PARAMETER                APPROXIMATE        STEP         FIRST   
  NO.   NAME      VALUE            ERROR          SIZE      DERIVATIVE 
   1  N0           2.73962e+06     fixed    
   2  tau          6.44023e+01   constant   
   3  A0           3.53995e-01     fixed    
   4  phi          4.11633e+00     fixed    
   5  R           -5.91816e+01   constant   
   6  A_CBO        5.02473e-04   2.97182e-04   2.44946e-06   1.68950e+01
   7  w_CBO        2.32656e+00   3.51001e-05   1.10939e-06  -1.09648e+04
   8  phi_CBO      1.22327e+00     fixed    
   9  ANx2         7.44254e-04   constant   
  10  pNx2         1.53785e+00   constant   
  11  ANy1         0.00000e+00   constant   
  12  pNy1         0.00000e+00   constant   
  13  w_y          0.00000e+00   constant   
  14  ANy2         1.86912e-04   2.30203e-04   2.50572e-06   8.58770e+00
  15  pNy2         3.64406e+00   constant   
  16  w_vw         1.43170e+01   constant   
  17  LM          -4.99363e-05   constant   
  18  wCBO_expCoeff   2.00020e+02   3.02129e-03   9.53771e-05  -1.26963e+02
  19  wCBO_expOffset   2.00002e+02   1.58094e-04   9.53682e-05  -8.40378e+02
  20  wCBO_expT    3.00030e+01   5.18147e-04   1.43066e-05   2.03635e+02
  21  wCBO_linCoeff   0.00000e+00   constant   
  22  wCBO_const  -3.55425e-02   3.59995e-03   4.46714e-06  -1.23647e+02
 EXTERNAL ERROR MATRIX.    NDIM=  25    NPAR=  7    ERR DEF=1
  8.832e-08  3.249e-09  1.088e-08  2.796e-07  8.680e-10  7.643e-08 -5.622e-07 
  3.249e-09  1.232e-09  6.502e-10 -3.131e-09 -1.348e-09  1.228e-08 -8.436e-08 
  1.088e-08  6.502e-10  5.299e-08  5.570e-08  2.028e-09  1.775e-08 -1.208e-07 
  2.796e-07 -3.131e-09  5.570e-08  9.128e-06 -1.175e-07  1.057e-06 -7.217e-06 
  8.680e-10 -1.348e-09  2.028e-09 -1.175e-07  2.499e-08 -1.397e-08  5.116e-08 
  7.643e-08  1.228e-08  1.775e-08  1.057e-06 -1.397e-08  2.685e-07 -1.805e-06 
 -5.622e-07 -8.436e-08 -1.208e-07 -7.217e-06  5.116e-08 -1.805e-06  1.296e-05 
ERR MATRIX NOT POS-DEF
 PARAMETER  CORRELATION COEFFICIENTS  
       NO.  GLOBAL      6      7     14     18     19     20     22
        6  0.67377   1.000  0.312  0.159  0.311  0.018  0.496 -0.526
        7  0.99486   0.312  1.000  0.080 -0.030 -0.243  0.675 -0.668
       14  0.21845   0.159  0.080  1.000  0.080  0.056  0.149 -0.146
       18  0.99484   0.311 -0.030  0.080  1.000 -0.246  0.675 -0.664
       19  0.95395   0.018 -0.243  0.056 -0.246  1.000 -0.171  0.090
       20  0.98927   0.496  0.675  0.149  0.675 -0.171  1.000 -0.967
       22  0.99379  -0.526 -0.668 -0.146 -0.664  0.090 -0.967  1.000
 ERR MATRIX NOT POS-DEF
MINUIT - FIT ONLY 2-CBO
 **********
 **   43 **RES 
 **********
                   PARAMETER    8  phi_CBO RESTORED TO VARIABLE.
                   PARAMETER    4  phi RESTORED TO VARIABLE.
                   PARAMETER    3  A0 RESTORED TO VARIABLE.
                   PARAMETER    1  N0 RESTORED TO VARIABLE.
 **********
 **   44 **FIX            0
 **********
 PARAMETER    0  IS UNDEFINED. IGNORED.
 **********
 **   45 **FIX            1
 **********
 **********
 **   46 **FIX            2
 **********
 PARAMETER    2  IS CONSTANT.   IGNORED.
 **********
 **   47 **FIX            3
 **********
 **********
 **   48 **FIX            4
 **********
 **********
 **   49 **FIX            5
 **********
 PARAMETER    5  IS CONSTANT.   IGNORED.
 **********
 **   50 **FIX            6
 **********
 **********
 **   51 **FIX            7
 **********
 **********
 **   52 **FIX           10
 **********
 PARAMETER   10  IS CONSTANT.   IGNORED.
 **********
 **   53 **FIX           11
 **********
 PARAMETER   11  IS CONSTANT.   IGNORED.
 **********
 **   54 **FIX           12
 **********
 PARAMETER   12  IS CONSTANT.   IGNORED.
 **********
 **   55 **FIX           13
 **********
 PARAMETER   13  IS CONSTANT.   IGNORED.
 **********
 **   56 **FIX           14
 **********
 **********
 **   57 **FIX           15
 **********
 PARAMETER   15  IS CONSTANT.   IGNORED.
 **********
 **   58 **FIX           16
 **********
 PARAMETER   16  IS CONSTANT.   IGNORED.
 **********
 **   59 **MIGRAD
 **********
 START MIGRAD MINIMIZATION.  STRATEGY  1.  CONVERGENCE WHEN EDM .LT. 1.00e-04
 FCN=512.4 FROM MIGRAD    STATUS=INITIATE       12 CALLS        3475 TOTAL
                     EDM= unknown      STRATEGY= 1      NO ERROR MATRIX       
  EXT PARAMETER               CURRENT GUESS       STEP         FIRST   
  NO.   NAME      VALUE            ERROR          SIZE      DERIVATIVE 
   1  N0           2.73962e+06     fixed    
   2  tau          6.44023e+01   constant   
   3  A0           3.53995e-01     fixed    
   4  phi          4.11633e+00     fixed    
   5  R           -5.91816e+01   constant   
   6  A_CBO        5.02473e-04     fixed    
   7  w_CBO        2.32656e+00     fixed    
   8  phi_CBO      1.22327e+00   3.81271e-01   3.81271e-01  -1.06010e+01
   9  ANx2         7.44254e-04   constant   
  10  pNx2         1.53785e+00   constant   
  11  ANy1         0.00000e+00   constant   
  12  pNy1         0.00000e+00   constant   
  13  w_y          0.00000e+00   constant   
  14  ANy2         1.86912e-04     fixed    
  15  pNy2         3.64406e+00   constant   
  16  w_vw         1.43170e+01   constant   
  17  LM          -4.99363e-05   constant   
  18  wCBO_expCoeff   2.00020e+02   3.02129e-03   9.53771e-05  -1.23451e+02
  19  wCBO_expOffset   2.00002e+02   1.58094e-04   9.53682e-05   9.12118e+02
  20  wCBO_expT    3.00030e+01   5.18147e-04   1.43066e-05   3.28908e+02
  21  wCBO_linCoeff   0.00000e+00   constant   
  22  wCBO_const  -3.55425e-02   3.59995e-03   4.46714e-06  -1.23642e+02
 MIGRAD FAILS TO FIND IMPROVEMENT
 COVARIANCE MATRIX CALCULATED SUCCESSFULLY
 FCN=506.322 FROM HESSE     STATUS=OK             35 CALLS        4051 TOTAL
                     EDM=0.00913455    STRATEGY= 1      ERROR MATRIX ACCURATE 
  EXT PARAMETER                                   STEP         FIRST   
  NO.   NAME      VALUE            ERROR          SIZE      DERIVATIVE 
   1  N0           2.73962e+06     fixed    
   2  tau          6.44023e+01   constant   
   3  A0           3.53995e-01     fixed    
   4  phi          4.11633e+00     fixed    
   5  R           -5.91816e+01   constant   
   6  A_CBO        5.02473e-04     fixed    
   7  w_CBO        2.32656e+00     fixed    
   8  phi_CBO      2.30097e+00   4.12765e-01   4.00432e-03  -7.19068e-02
   9  ANx2         7.44254e-04   constant   
  10  pNx2         1.53785e+00   constant   
  11  ANy1         0.00000e+00   constant   
  12  pNy1         0.00000e+00   constant   
  13  w_y          0.00000e+00   constant   
  14  ANy2         1.86912e-04     fixed    
  15  pNy2         3.64406e+00   constant   
  16  w_vw         1.43170e+01   constant   
  17  LM          -4.99363e-05   constant   
  18  wCBO_expCoeff   2.00020e+02   1.28978e-03   9.53772e-05   4.94257e+02
  19  wCBO_expOffset   2.00002e+02   6.30381e-05   9.53682e-05   3.26144e+03
  20  wCBO_expT    3.00031e+01   1.93751e-04   1.43066e-05  -8.87981e+02
  21  wCBO_linCoeff   0.00000e+00   constant   
  22  wCBO_const  -3.53150e-02   1.18748e-03   4.03430e-06   4.70719e+02
 MIGRAD FAILS TO FIND IMPROVEMENT
 MIGRAD TERMINATED WITHOUT CONVERGENCE.
 FCN=506.314 FROM MIGRAD    STATUS=FAILED        765 CALLS        4228 TOTAL
                     EDM=0.153988    STRATEGY= 1  ERROR MATRIX UNCERTAINTY   0.1 per cent
  EXT PARAMETER                APPROXIMATE        STEP         FIRST   
  NO.   NAME      VALUE            ERROR          SIZE      DERIVATIVE 
   1  N0           2.73962e+06     fixed    
   2  tau          6.44023e+01   constant   
   3  A0           3.53995e-01     fixed    
   4  phi          4.11633e+00     fixed    
   5  R           -5.91816e+01   constant   
   6  A_CBO        5.02473e-04     fixed    
   7  w_CBO        2.32656e+00     fixed    
   8  phi_CBO      2.28858e+00   4.08006e-01  -0.00000e+00   1.65851e-02
   9  ANx2         7.44254e-04   constant   
  10  pNx2         1.53785e+00   constant   
  11  ANy1         0.00000e+00   constant   
  12  pNy1         0.00000e+00   constant   
  13  w_y          0.00000e+00   constant   
  14  ANy2         1.86912e-04     fixed    
  15  pNy2         3.64406e+00   constant   
  16  w_vw         1.43170e+01   constant   
  17  LM          -4.99363e-05   constant   
  18  wCBO_expCoeff   2.00020e+02   1.25373e-03   0.00000e+00  -8.19680e+01
  19  wCBO_expOffset   2.00002e+02   1.46142e-04   0.00000e+00  -6.32807e+03
  20  wCBO_expT    3.00030e+01   2.00069e-04   0.00000e+00   2.90880e+02
  21  wCBO_linCoeff   0.00000e+00   constant   
  22  wCBO_const  -3.53465e-02   1.54240e-03  -0.00000e+00  -3.94841e+01
 EXTERNAL ERROR MATRIX.    NDIM=  25    NPAR=  5    ERR DEF=1
  1.665e-01 -1.426e-05 -1.617e-05 -1.969e-05  1.604e-04 
 -1.426e-05  1.572e-06 -2.162e-09  2.093e-07 -1.220e-06 
 -1.617e-05 -2.162e-09  2.136e-08  1.318e-08 -1.717e-07 
 -1.969e-05  2.093e-07  1.318e-08  4.003e-08 -2.748e-07 
  1.604e-04 -1.220e-06 -1.717e-07 -2.748e-07  2.379e-06 
ERR MATRIX APPROXIMATE
 PARAMETER  CORRELATION COEFFICIENTS  
       NO.  GLOBAL      8     18     19     20     22
        8  0.45411   1.000 -0.028 -0.271 -0.241  0.255
       18  0.98913  -0.028  1.000 -0.012  0.835 -0.631
       19  0.99203  -0.271 -0.012  1.000  0.451 -0.762
       20  0.96081  -0.241  0.835  0.451  1.000 -0.891
       22  0.99558   0.255 -0.631 -0.762 -0.891  1.000
 ERR MATRIX APPROXIMATE
MINUIT - FIT ONLY 1-y
 **********
 **   60 **RES 
 **********
                   PARAMETER   14  ANy2 RESTORED TO VARIABLE.
                   PARAMETER    7  w_CBO RESTORED TO VARIABLE.
                   PARAMETER    6  A_CBO RESTORED TO VARIABLE.
                   PARAMETER    4  phi RESTORED TO VARIABLE.
                   PARAMETER    3  A0 RESTORED TO VARIABLE.
                   PARAMETER    1  N0 RESTORED TO VARIABLE.
 **********
 **   61 **FIX            0
 **********
 PARAMETER    0  IS UNDEFINED. IGNORED.
 **********
 **   62 **FIX            1
 **********
 **********
 **   63 **FIX            2
 **********
 PARAMETER    2  IS CONSTANT.   IGNORED.
 **********
 **   64 **FIX            3
 **********
 **********
 **   65 **FIX            4
 **********
 **********
 **   66 **FIX            5
 **********
 PARAMETER    5  IS CONSTANT.   IGNORED.
 **********
 **   67 **FIX            6
 **********
 **********
 **   68 **FIX            7
 **********
 **********
 **   69 **FIX            8
 **********
 **********
 **   70 **FIX            9
 **********
 PARAMETER    9  IS CONSTANT.   IGNORED.
 **********
 **   71 **FIX           13
 **********
 PARAMETER   13  IS CONSTANT.   IGNORED.
 **********
 **   72 **FIX           14
 **********
 **********
 **   73 **FIX           15
 **********
 PARAMETER   15  IS CONSTANT.   IGNORED.
 **********
 **   74 **FIX           16
 **********
 PARAMETER   16  IS CONSTANT.   IGNORED.
 **********
 **   75 **MIGRAD
 **********
 START MIGRAD MINIMIZATION.  STRATEGY  1.  CONVERGENCE WHEN EDM .LT. 1.00e-04
 FCN=506.314 FROM MIGRAD    STATUS=INITIATE        8 CALLS        4236 TOTAL
                     EDM= unknown      STRATEGY= 1      NO ERROR MATRIX       
  EXT PARAMETER               CURRENT GUESS       STEP         FIRST   
  NO.   NAME      VALUE            ERROR          SIZE      DERIVATIVE 
   1  N0           2.73962e+06     fixed    
   2  tau          6.44023e+01   constant   
   3  A0           3.53995e-01     fixed    
   4  phi          4.11633e+00     fixed    
   5  R           -5.91816e+01   constant   
   6  A_CBO        5.02473e-04     fixed    
   7  w_CBO        2.32656e+00     fixed    
   8  phi_CBO      2.28858e+00     fixed    
   9  ANx2         7.44254e-04   constant   
  10  pNx2         1.53785e+00   constant   
  11  ANy1         0.00000e+00   constant   
  12  pNy1         0.00000e+00   constant   
  13  w_y          0.00000e+00   constant   
  14  ANy2         1.86912e-04     fixed    
  15  pNy2         3.64406e+00   constant   
  16  w_vw         1.43170e+01   constant   
  17  LM          -4.99363e-05   constant   
  18  wCBO_expCoeff   2.00020e+02   1.25373e-03   0.00000e+00  -8.19680e+01
  19  wCBO_expOffset   2.00002e+02   1.46142e-04   0.00000e+00  -6.32807e+03
  20  wCBO_expT    3.00030e+01   2.00069e-04   0.00000e+00   2.90880e+02
  21  wCBO_linCoeff   0.00000e+00   constant   
  22  wCBO_const  -3.53465e-02   1.54240e-03  -0.00000e+00  -3.94841e+01
 MIGRAD FAILS TO FIND IMPROVEMENT
 COVARIANCE MATRIX CALCULATED SUCCESSFULLY
 FCN=506.313 FROM HESSE     STATUS=OK             29 CALLS        4362 TOTAL
                     EDM=0.00322453    STRATEGY= 1      ERROR MATRIX ACCURATE 
  EXT PARAMETER                                   STEP         FIRST   
  NO.   NAME      VALUE            ERROR          SIZE      DERIVATIVE 
   1  N0           2.73962e+06     fixed    
   2  tau          6.44023e+01   constant   
   3  A0           3.53995e-01     fixed    
   4  phi          4.11633e+00     fixed    
   5  R           -5.91816e+01   constant   
   6  A_CBO        5.02473e-04     fixed    
   7  w_CBO        2.32656e+00     fixed    
   8  phi_CBO      2.28858e+00     fixed    
   9  ANx2         7.44254e-04   constant   
  10  pNx2         1.53785e+00   constant   
  11  ANy1         0.00000e+00   constant   
  12  pNy1         0.00000e+00   constant   
  13  w_y          0.00000e+00   constant   
  14  ANy2         1.86912e-04     fixed    
  15  pNy2         3.64406e+00   constant   
  16  w_vw         1.43170e+01   constant   
  17  LM          -4.99363e-05   constant   
  18  wCBO_expCoeff   2.00020e+02   1.33400e-03   9.53772e-05   5.95578e+00
  19  wCBO_expOffset   2.00002e+02   6.40980e-05   9.53682e-05  -1.67668e+03
  20  wCBO_expT    3.00030e+01   1.99028e-04   1.43066e-05  -1.00414e+02
  21  wCBO_linCoeff   0.00000e+00   constant   
  22  wCBO_const  -3.53465e-02   1.21476e-03   4.02035e-06   1.10846e+00
 MIGRAD FAILS TO FIND IMPROVEMENT
 MIGRAD TERMINATED WITHOUT CONVERGENCE.
 FCN=506.313 FROM MIGRAD    STATUS=FAILED        157 CALLS        4385 TOTAL
                     EDM=0.0362181    STRATEGY= 1  ERROR MATRIX UNCERTAINTY   3.0 per cent
  EXT PARAMETER                APPROXIMATE        STEP         FIRST   
  NO.   NAME      VALUE            ERROR          SIZE      DERIVATIVE 
   1  N0           2.73962e+06     fixed    
   2  tau          6.44023e+01   constant   
   3  A0           3.53995e-01     fixed    
   4  phi          4.11633e+00     fixed    
   5  R           -5.91816e+01   constant   
   6  A_CBO        5.02473e-04     fixed    
   7  w_CBO        2.32656e+00     fixed    
   8  phi_CBO      2.28858e+00     fixed    
   9  ANx2         7.44254e-04   constant   
  10  pNx2         1.53785e+00   constant   
  11  ANy1         0.00000e+00   constant   
  12  pNy1         0.00000e+00   constant   
  13  w_y          0.00000e+00   constant   
  14  ANy2         1.86912e-04     fixed    
  15  pNy2         3.64406e+00   constant   
  16  w_vw         1.43170e+01   constant   
  17  LM          -4.99363e-05   constant   
  18  wCBO_expCoeff   2.00020e+02   1.00000e+00  -0.00000e+00   8.67720e+00
  19  wCBO_expOffset   2.00002e+02   1.00000e+00   0.00000e+00  -5.81018e+03
  20  wCBO_expT    3.00030e+01   1.00000e+00   0.00000e+00  -3.56509e+01
  21  wCBO_linCoeff   0.00000e+00   constant   
  22  wCBO_const  -3.53508e-02   1.00000e+00  -0.00000e+00   1.60181e+01
 EXTERNAL ERROR MATRIX.    NDIM=  25    NPAR=  4    ERR DEF=1
  1.000e+00 -1.424e-09  2.279e-07 -1.338e-06 
 -1.424e-09  1.000e+00 -1.776e-10  3.047e-09 
  2.279e-07 -1.776e-10  1.000e+00 -1.613e-07 
 -1.338e-06  3.047e-09 -1.613e-07  1.000e+00 
ERR MATRIX APPROXIMATE
 PARAMETER  CORRELATION COEFFICIENTS  
       NO.  GLOBAL     18     19     20     22
       18  0.00000   1.000 -0.000  0.000 -0.000
       19  0.00000  -0.000  1.000 -0.000  0.000
       20  0.00000   0.000 -0.000  1.000 -0.000
       22  0.00000  -0.000  0.000 -0.000  1.000
 ERR MATRIX APPROXIMATE
MINUIT - FIT ONLY 2-y
 **********
 **   76 **RES 
 **********
                   PARAMETER   14  ANy2 RESTORED TO VARIABLE.
                   PARAMETER    8  phi_CBO RESTORED TO VARIABLE.
                   PARAMETER    7  w_CBO RESTORED TO VARIABLE.
                   PARAMETER    6  A_CBO RESTORED TO VARIABLE.
                   PARAMETER    4  phi RESTORED TO VARIABLE.
                   PARAMETER    3  A0 RESTORED TO VARIABLE.
                   PARAMETER    1  N0 RESTORED TO VARIABLE.
 **********
 **   77 **FIX            0
 **********
 PARAMETER    0  IS UNDEFINED. IGNORED.
 **********
 **   78 **FIX            1
 **********
 **********
 **   79 **FIX            2
 **********
 PARAMETER    2  IS CONSTANT.   IGNORED.
 **********
 **   80 **FIX            3
 **********
 **********
 **   81 **FIX            4
 **********
 **********
 **   82 **FIX            5
 **********
 PARAMETER    5  IS CONSTANT.   IGNORED.
 **********
 **   83 **FIX            6
 **********
 **********
 **   84 **FIX            7
 **********
 **********
 **   85 **FIX            8
 **********
 **********
 **   86 **FIX            9
 **********
 PARAMETER    9  IS CONSTANT.   IGNORED.
 **********
 **   87 **FIX           10
 **********
 PARAMETER   10  IS CONSTANT.   IGNORED.
 **********
 **   88 **FIX           11
 **********
 PARAMETER   11  IS CONSTANT.   IGNORED.
 **********
 **   89 **FIX           12
 **********
 PARAMETER   12  IS CONSTANT.   IGNORED.
 **********
 **   90 **FIX           16
 **********
 PARAMETER   16  IS CONSTANT.   IGNORED.
 **********
 **   91 **MIGRAD
 **********
 START MIGRAD MINIMIZATION.  STRATEGY  1.  CONVERGENCE WHEN EDM .LT. 1.00e-04
 FCN=506.313 FROM MIGRAD    STATUS=INITIATE       10 CALLS        4395 TOTAL
                     EDM= unknown      STRATEGY= 1      NO ERROR MATRIX       
  EXT PARAMETER               CURRENT GUESS       STEP         FIRST   
  NO.   NAME      VALUE            ERROR          SIZE      DERIVATIVE 
   1  N0           2.73962e+06     fixed    
   2  tau          6.44023e+01   constant   
   3  A0           3.53995e-01     fixed    
   4  phi          4.11633e+00     fixed    
   5  R           -5.91816e+01   constant   
   6  A_CBO        5.02473e-04     fixed    
   7  w_CBO        2.32656e+00     fixed    
   8  phi_CBO      2.28858e+00     fixed    
   9  ANx2         7.44254e-04   constant   
  10  pNx2         1.53785e+00   constant   
  11  ANy1         0.00000e+00   constant   
  12  pNy1         0.00000e+00   constant   
  13  w_y          0.00000e+00   constant   
  14  ANy2         1.86912e-04   2.30203e-04   2.30203e-04   1.54467e+03
  15  pNy2         3.64406e+00   constant   
  16  w_vw         1.43170e+01   constant   
  17  LM          -4.99363e-05   constant   
  18  wCBO_expCoeff   2.00020e+02   1.00000e+00  -0.00000e+00   8.67720e+00
  19  wCBO_expOffset   2.00002e+02   1.00000e+00   0.00000e+00  -5.81018e+03
  20  wCBO_expT    3.00030e+01   1.00000e+00   0.00000e+00  -3.56509e+01
  21  wCBO_linCoeff   0.00000e+00   constant   
  22  wCBO_const  -3.53508e-02   1.00000e+00  -0.00000e+00   1.60181e+01
 MIGRAD FAILS TO FIND IMPROVEMENT
 COVARIANCE MATRIX CALCULATED SUCCESSFULLY
 FCN=506.286 FROM HESSE     STATUS=OK             37 CALLS        4468 TOTAL
                     EDM=0.00325339    STRATEGY= 1      ERROR MATRIX ACCURATE 
  EXT PARAMETER                                   STEP         FIRST   
