 + ++++++++++++++++++++++++++++++++++++++++++++++++++++++++++++++++++++ +
 +                                                                      +
 +           You have chose to blind your fitting according to          +
 +                omega_ref * (1 + (R +/- deltaR) *10^{-6})             +
 +                                                                      +
 + ++++++++++++++++++++++++++++++++++++++++++++++++++++++++++++++++++++ +
In main()...
reading format from /gm2data/zkhechad/run45/envelope/formats/formatB_sBin_constraintOn.txt
pBinTau 	= 0  
pBinPhi 	= 0  
constraintau 	= 1 
includeMopTerm 	= 0    
constrainMop    = 0   
Parameters after format file: pBinTau 0 pBinPhi 0 constraintau 1 includeMopTerm 0 constrainMop 0 c_e_scale 0.000000 
reading cbo reference file (full fit) from /gm2data/zkhechad/cboTemplates/Run4CBOTemplates/fullFits/run4/sBin_constraintOn_cE0.0_seed0_run4_calo6.root
A_CBO 0.010001 w_CBO 2.327040 phi_CBO 5.088588 N0 2817823.633276 R -61.510560 tau 64.405014 
Reading cboRef file /gm2data/zkhechad/cboTemplates/Run4CBOTemplates//cboIsolate/run4_calo6.root
deltaT 164.120000
windowBins = 1100
fitting sliding window 1900 from bin 2103 at 313.767600 to bin 3203 at 477.887600 (1100 bins)

Reading data from /gm2data/cornell/histograms/aMethod/histogram_a_run4.root
fitting cbo isolate
 **********
 **    1 **SET PRINTOUT            1
 **********
 **********
 **    2 **SET NOWARNINGS 
 **********
 PARAMETER DEFINITIONS:
    NO.   NAME         VALUE      STEP SIZE      LIMITS
     1 A_CBO        1.00010e-02  1.00000e-05     no limits
     2 w_CBO        2.32704e+00  1.00000e-02    2.00000e+00  3.00000e+00
     3 phi_CBO      5.08859e+00  1.00000e-02    0.00000e+00  6.28319e+00
 **********
 **    3 **MIGRAD
 **********
 FIRST CALL TO USER FUNCTION AT NEW START POINT, WITH IFLAG=4.
 START MIGRAD MINIMIZATION.  STRATEGY  1.  CONVERGENCE WHEN EDM .LT. 1.00e-04
 FCN=0.124261 FROM MIGRAD    STATUS=INITIATE       12 CALLS          13 TOTAL
                     EDM= unknown      STRATEGY= 1      NO ERROR MATRIX       
  EXT PARAMETER               CURRENT GUESS       STEP         FIRST   
  NO.   NAME      VALUE            ERROR          SIZE      DERIVATIVE 
   1  A_CBO        1.00010e-02   1.00000e-05   1.00000e-05   8.39708e+00
   2  w_CBO        2.32704e+00   1.00000e-02   2.13182e-02   1.98490e-01
   3  phi_CBO      5.08859e+00   1.00000e-02   4.05596e-03  -4.26430e-03
 MIGRAD MINIMIZATION HAS CONVERGED.
 MIGRAD WILL VERIFY CONVERGENCE AND ERROR MATRIX.
 COVARIANCE MATRIX CALCULATED SUCCESSFULLY
 FCN=0.0922823 FROM HESSE     STATUS=OK             16 CALLS          50 TOTAL
                     EDM=8.52571e-05    STRATEGY= 1      ERROR MATRIX ACCURATE 
  EXT PARAMETER                                   STEP         FIRST   
  NO.   NAME      VALUE            ERROR          SIZE      DERIVATIVE 
   1  A_CBO        2.38665e-03   4.28072e-02   2.17321e-05  -5.52873e-03
   2  w_CBO        2.32702e+00   2.95401e-01   4.99755e-05  -9.90364e-03
   3  phi_CBO      5.13252e+00   4.42299e+00   3.80902e-03  -2.29587e-04
 MIGRAD MINIMIZATION HAS CONVERGED.
 MIGRAD WILL VERIFY CONVERGENCE AND ERROR MATRIX.
 COVARIANCE MATRIX CALCULATED SUCCESSFULLY
 FCN=0.0921919 FROM MIGRAD    STATUS=CONVERGED      96 CALLS          97 TOTAL
                     EDM=3.47167e-05    STRATEGY= 1      ERROR MATRIX ACCURATE 
  EXT PARAMETER                                   STEP         FIRST   
  NO.   NAME      VALUE            ERROR          SIZE      DERIVATIVE 
   1  A_CBO        2.42380e-03   4.26101e-02   2.17352e-05  -2.64121e-03
   2  w_CBO        2.32899e+00   2.39673e-01   4.89377e-05  -6.72971e-03
   3  phi_CBO      5.90180e+00   6.02739e+00   5.42667e-03  -7.30135e-05
 EXTERNAL ERROR MATRIX.    NDIM=  25    NPAR=  3    ERR DEF=1
  1.816e-03  2.961e-04  1.161e-01 
  2.961e-04  6.326e-02  2.420e+01 
  1.161e-01  2.420e+01  9.565e+03 
 PARAMETER  CORRELATION COEFFICIENTS  
       NO.  GLOBAL      1      2      3
        1  0.02788   1.000  0.028  0.028
        2  0.98382   0.028  1.000  0.984
        3  0.98382   0.028  0.984  1.000
setting A_CBO=0.002424 w_CBO=2.328988, phi_CBO=5.901797
done fitting cbo isolate
 **********
 **    1 **SET PRINTOUT            1
 **********
 **********
 **    2 **SET NOWARNINGS 
 **********
 PARAMETER DEFINITIONS:
    NO.   NAME         VALUE      STEP SIZE      LIMITS
     1 N0           2.81782e+06  1.00000e+02     no limits
     2 tau          6.44050e+01  constant
     3 A0           3.53650e-01  1.00000e-04     no limits
     4 phi          4.11538e+00  1.00000e-02     no limits
     5 R           -6.15106e+01  constant
     6 A_CBO        2.42380e-03  1.00000e-05     no limits
     7 w_CBO        2.32899e+00  1.00000e-03     no limits
     8 phi_CBO      5.90180e+00  1.00000e-04     no limits
     9 ANx2         5.52857e-04  constant
    10 pNx2         5.73177e+00  constant
    11 ANy1         0.00000e+00  constant
    12 pNy1         0.00000e+00  constant
    13 w_y          0.00000e+00  constant
    14 ANy2         9.05236e-03  1.00000e-04     no limits
    15 pNy2         5.72687e+00  constant
    16 w_vw         1.43172e+01  constant
    17 LM           3.92941e-07  constant
    18 wCBO_expCoeff   2.00000e+02  1.00000e+00     no limits
    19 wCBO_expOffset   2.00000e+02  1.00000e+00     no limits
    20 wCBO_expT    3.00000e+01  1.00000e+00     no limits
    21 wCBO_linCoeff   0.00000e+00  constant
    22 wCBO_const   0.00000e+00  1.00000e-02     no limits
MINUIT - FIT ONLY WIGGLE
 **********
 **    3 **FIX            5
 **********
 PARAMETER    5  IS CONSTANT.   IGNORED.
 **********
 **    4 **FIX            6
 **********
 **********
 **    5 **FIX            7
 **********
 **********
 **    6 **FIX            8
 **********
 **********
 **    7 **FIX            9
 **********
 PARAMETER    9  IS CONSTANT.   IGNORED.
 **********
 **    8 **FIX           10
 **********
 PARAMETER   10  IS CONSTANT.   IGNORED.
 **********
 **    9 **FIX           11
 **********
 PARAMETER   11  IS CONSTANT.   IGNORED.
 **********
 **   10 **FIX           12
 **********
 PARAMETER   12  IS CONSTANT.   IGNORED.
 **********
 **   11 **FIX           13
 **********
 PARAMETER   13  IS CONSTANT.   IGNORED.
 **********
 **   12 **FIX           14
 **********
 **********
 **   13 **FIX           15
 **********
 PARAMETER   15  IS CONSTANT.   IGNORED.
 **********
 **   14 **FIX           16
 **********
 PARAMETER   16  IS CONSTANT.   IGNORED.
 **********
 **   15 **MIGRAD
 **********
 FIRST CALL TO USER FUNCTION AT NEW START POINT, WITH IFLAG=4.
 START MIGRAD MINIMIZATION.  STRATEGY  1.  CONVERGENCE WHEN EDM .LT. 1.00e-04
 FCN=565.593 FROM MIGRAD    STATUS=INITIATE       63 CALLS          64 TOTAL
                     EDM= unknown      STRATEGY= 1      NO ERROR MATRIX       
  EXT PARAMETER               CURRENT GUESS       STEP         FIRST   
  NO.   NAME      VALUE            ERROR          SIZE      DERIVATIVE 
   1  N0           2.81782e+06   1.00000e+02   0.00000e+00   1.00744e-03
   2  tau          6.44050e+01   constant   
   3  A0           3.53650e-01   1.00000e-04   0.00000e+00   1.59417e+02
   4  phi          4.11538e+00   1.00000e-02   0.00000e+00  -2.71736e+01
   5  R           -6.15106e+01   constant   
   6  A_CBO        2.42380e-03     fixed    
   7  w_CBO        2.32899e+00     fixed    
   8  phi_CBO      5.90180e+00     fixed    
   9  ANx2         5.52857e-04   constant   
  10  pNx2         5.73177e+00   constant   
  11  ANy1         0.00000e+00   constant   
  12  pNy1         0.00000e+00   constant   
  13  w_y          0.00000e+00   constant   
  14  ANy2         9.05236e-03     fixed    
  15  pNy2         5.72687e+00   constant   
  16  w_vw         1.43172e+01   constant   
  17  LM           3.92941e-07   constant   
  18  wCBO_expCoeff   1.99798e+02   1.00000e+00  -2.02389e-01   1.48601e+01
  19  wCBO_expOffset   2.00000e+02   1.00000e+00   0.00000e+00   9.89674e+01
  20  wCBO_expT    3.00000e+01   1.00000e+00   0.00000e+00   5.97373e+02
  21  wCBO_linCoeff   0.00000e+00   constant   
  22  wCBO_const   0.00000e+00   1.00000e-02   0.00000e+00   7.43444e+03
 MIGRAD MINIMIZATION HAS CONVERGED.
 FCN=558.697 FROM MIGRAD    STATUS=CONVERGED     329 CALLS         330 TOTAL
                     EDM=9.14911e-06    STRATEGY= 1  ERROR MATRIX UNCERTAINTY   0.1 per cent
  EXT PARAMETER                                   STEP         FIRST   
  NO.   NAME      VALUE            ERROR          SIZE      DERIVATIVE 
   1  N0           2.81718e+06   1.13165e+03   7.59288e-02  -2.82155e-07
   2  tau          6.44050e+01   constant   
   3  A0           3.53564e-01   5.37928e-04   3.13241e-06   5.50976e+00
   4  phi          4.11487e+00   1.56503e-03   1.33196e-06  -1.30414e-01
   5  R           -6.15106e+01   constant   
   6  A_CBO        2.42380e-03     fixed    
   7  w_CBO        2.32899e+00     fixed    
   8  phi_CBO      5.90180e+00     fixed    
   9  ANx2         5.52857e-04   constant   
  10  pNx2         5.73177e+00   constant   
  11  ANy1         0.00000e+00   constant   
  12  pNy1         0.00000e+00   constant   
  13  w_y          0.00000e+00   constant   
  14  ANy2         9.05236e-03     fixed    
  15  pNy2         5.72687e+00   constant   
  16  w_vw         1.43172e+01   constant   
  17  LM           3.92941e-07   constant   
  18  wCBO_expCoeff   1.99622e+02   3.05876e-01   8.07393e-04  -2.43600e-02
  19  wCBO_expOffset   1.99974e+02   4.56220e-02   1.22613e-04  -1.60185e-01
  20  wCBO_expT    3.00239e+01   2.44231e-02  -5.66491e-05  -8.96098e-01
  21  wCBO_linCoeff   0.00000e+00   constant   
  22  wCBO_const  -3.52539e-03   1.10739e-03   9.78971e-06  -2.80842e+00
 EXTERNAL ERROR MATRIX.    NDIM=  25    NPAR=  7    ERR DEF=1
  1.281e+06  1.453e-02 -4.001e-03 -2.884e+01 -4.302e+00  2.523e+00 -1.035e-01 
  1.453e-02  2.894e-07  1.957e-08  1.505e-05  2.228e-06 -1.307e-06  6.772e-08 
 -4.001e-03  1.957e-08  2.449e-06  4.954e-06  7.318e-07 -6.379e-07  1.182e-07 
 -2.884e+01  1.505e-05  4.954e-06  9.356e-02  1.298e-02 -7.296e-03  2.744e-04 
 -4.302e+00  2.228e-06  7.318e-07  1.298e-02  2.081e-03 -1.088e-03  4.092e-05 
  2.523e+00 -1.307e-06 -6.379e-07 -7.296e-03 -1.088e-03  5.965e-04 -2.345e-05 
 -1.035e-01  6.772e-08  1.182e-07  2.744e-04  4.092e-05 -2.345e-05  1.226e-06 
 PARAMETER  CORRELATION COEFFICIENTS  
       NO.  GLOBAL      1      3      4     18     19     20     22
        1  0.11904   1.000  0.024 -0.002 -0.083 -0.083  0.091 -0.083
        3  0.12267   0.024  1.000  0.023  0.091  0.091 -0.099  0.114
        4  0.11295  -0.002  0.023  1.000  0.010  0.010 -0.017  0.068
       18  0.98958  -0.083  0.091  0.010  1.000  0.930 -0.977  0.810
       19  0.98934  -0.083  0.091  0.010  0.930  1.000 -0.976  0.810
       20  0.99752   0.091 -0.099 -0.017 -0.977 -0.976  1.000 -0.867
       22  0.93171  -0.083  0.114  0.068  0.810  0.810 -0.867  1.000
MINUIT - FIT ONLY 1-CBO + other amplitudes 
 **********
 **   16 **RES 
 **********
                   PARAMETER   14  ANy2 RESTORED TO VARIABLE.
                   PARAMETER    8  phi_CBO RESTORED TO VARIABLE.
                   PARAMETER    7  w_CBO RESTORED TO VARIABLE.
                   PARAMETER    6  A_CBO RESTORED TO VARIABLE.
 **********
 **   17 **FIX            0
 **********
 PARAMETER    0  IS UNDEFINED. IGNORED.
 **********
 **   18 **FIX            1
 **********
 **********
 **   19 **FIX            2
 **********
 PARAMETER    2  IS CONSTANT.   IGNORED.
 **********
 **   20 **FIX            3
 **********
 **********
 **   21 **FIX            4
 **********
 **********
 **   22 **FIX            9
 **********
 PARAMETER    9  IS CONSTANT.   IGNORED.
 **********
 **   23 **FIX           11
 **********
 PARAMETER   11  IS CONSTANT.   IGNORED.
 **********
 **   24 **FIX           12
 **********
 PARAMETER   12  IS CONSTANT.   IGNORED.
 **********
 **   25 **FIX           14
 **********
 **********
 **   26 **FIX           15
 **********
 PARAMETER   15  IS CONSTANT.   IGNORED.
 **********
 **   27 **FIX           16
 **********
 PARAMETER   16  IS CONSTANT.   IGNORED.
 **********
 **   28 **MIGRAD
 **********
 START MIGRAD MINIMIZATION.  STRATEGY  1.  CONVERGENCE WHEN EDM .LT. 1.00e-04
 FCN=558.697 FROM MIGRAD    STATUS=INITIATE       20 CALLS         350 TOTAL
                     EDM= unknown      STRATEGY= 1      NO ERROR MATRIX       
  EXT PARAMETER               CURRENT GUESS       STEP         FIRST   
  NO.   NAME      VALUE            ERROR          SIZE      DERIVATIVE 
   1  N0           2.81718e+06     fixed    
   2  tau          6.44050e+01   constant   
   3  A0           3.53564e-01     fixed    
   4  phi          4.11487e+00     fixed    
   5  R           -6.15106e+01   constant   
   6  A_CBO        2.42380e-03   1.00000e-05   1.00000e-05   1.15639e+04
   7  w_CBO        2.32899e+00   1.00000e-03   1.00000e-03  -3.30463e+00
   8  phi_CBO      5.90180e+00   1.00000e-04   1.00000e-04   3.61610e+00
   9  ANx2         5.52857e-04   constant   
  10  pNx2         5.73177e+00   constant   
  11  ANy1         0.00000e+00   constant   
  12  pNy1         0.00000e+00   constant   
  13  w_y          0.00000e+00   constant   
  14  ANy2         9.05236e-03     fixed    
  15  pNy2         5.72687e+00   constant   
  16  w_vw         1.43172e+01   constant   
  17  LM           3.92941e-07   constant   
  18  wCBO_expCoeff   1.99622e+02   3.05876e-01   8.07393e-04  -2.43682e-02
  19  wCBO_expOffset   1.99974e+02   4.56220e-02   1.22613e-04  -1.60185e-01
  20  wCBO_expT    3.00239e+01   2.44231e-02  -5.66491e-05  -8.96191e-01
  21  wCBO_linCoeff   0.00000e+00   constant   
  22  wCBO_const  -3.52539e-03   1.10739e-03   9.78971e-06  -2.80851e+00
 MIGRAD MINIMIZATION HAS CONVERGED.
 MIGRAD WILL VERIFY CONVERGENCE AND ERROR MATRIX.
 FCN=546.793 FROM MIGRAD    STATUS=CONVERGED     284 CALLS         614 TOTAL
                     EDM=2.05795e-06    STRATEGY= 1      ERR MATRIX NOT POS-DEF
  EXT PARAMETER                APPROXIMATE        STEP         FIRST   
  NO.   NAME      VALUE            ERROR          SIZE      DERIVATIVE 
   1  N0           2.81718e+06     fixed    
   2  tau          6.44050e+01   constant   
   3  A0           3.53564e-01     fixed    
   4  phi          4.11487e+00     fixed    
   5  R           -6.15106e+01   constant   
   6  A_CBO        5.41848e-04   5.76942e-04   6.48219e-06  -5.96194e-02
   7  w_CBO        2.32987e+00   3.36865e-03   3.75882e-06  -2.04045e+00
   8  phi_CBO      5.13202e+00   1.09721e+00   1.17497e-02   2.22108e-04
   9  ANx2         5.52857e-04   constant   
  10  pNx2         5.73177e+00   constant   
  11  ANy1         0.00000e+00   constant   
  12  pNy1         0.00000e+00   constant   
  13  w_y          0.00000e+00   constant   
  14  ANy2         9.05236e-03     fixed    
  15  pNy2         5.72687e+00   constant   
  16  w_vw         1.43172e+01   constant   
  17  LM           3.92941e-07   constant   
  18  wCBO_expCoeff   1.99811e+02   4.33430e-01   4.49917e-04  -2.84096e-02
  19  wCBO_expOffset   2.00002e+02   7.00508e-02   9.53685e-05  -1.87781e-01
  20  wCBO_expT    3.00069e+01   1.25174e-02   1.62878e-05  -6.96048e-01
  21  wCBO_linCoeff   0.00000e+00   constant   
  22  wCBO_const  -3.92987e-03   1.51790e-03   4.50758e-06   9.26551e-01
 EXTERNAL ERROR MATRIX.    NDIM=  25    NPAR=  7    ERR DEF=1
  3.329e-07 -1.954e-08 -5.092e-06 -8.074e-06 -1.700e-06  5.971e-07  4.213e-08 
 -1.954e-08  1.135e-05 -3.462e-05 -3.193e-04 -7.186e-05 -6.958e-06 -4.594e-06 
 -5.092e-06 -3.462e-05  1.204e+00 -1.926e-02 -4.514e-03  1.935e-03  1.335e-04 
 -8.074e-06 -3.193e-04 -1.926e-02  1.879e-01 -1.859e-02 -1.384e-03  1.619e-04 
 -1.700e-06 -7.186e-05 -4.514e-03 -1.859e-02  4.907e-03 -3.013e-04  3.646e-05 
  5.971e-07 -6.958e-06  1.935e-03 -1.384e-03 -3.013e-04  1.567e-04 -1.274e-06 
  4.213e-08 -4.594e-06  1.335e-04  1.619e-04  3.646e-05 -1.274e-06  2.304e-06 
ERR MATRIX NOT POS-DEF
 PARAMETER  CORRELATION COEFFICIENTS  
       NO.  GLOBAL      6      7      8     18     19     20     22
        6  0.20700   1.000 -0.010 -0.008 -0.032 -0.042  0.083  0.048
        7  0.99526  -0.010  1.000 -0.009 -0.219 -0.305 -0.165 -0.899
        8  0.36121  -0.008 -0.009  1.000 -0.041 -0.059  0.141  0.080
       18  0.99590  -0.032 -0.219 -0.041  1.000 -0.612 -0.255  0.246
       19  0.99646  -0.042 -0.305 -0.059 -0.612  1.000 -0.344  0.343
       20  0.99355   0.083 -0.165  0.141 -0.255 -0.344  1.000 -0.067
       22  0.96601   0.048 -0.899  0.080  0.246  0.343 -0.067  1.000
 ERR MATRIX NOT POS-DEF
MINUIT - FIT ONLY 1-CBO
 **********
 **   29 **RES 
 **********
                   PARAMETER   14  ANy2 RESTORED TO VARIABLE.
                   PARAMETER    4  phi RESTORED TO VARIABLE.
                   PARAMETER    3  A0 RESTORED TO VARIABLE.
                   PARAMETER    1  N0 RESTORED TO VARIABLE.
 **********
 **   30 **FIX            0
 **********
 PARAMETER    0  IS UNDEFINED. IGNORED.
 **********
 **   31 **FIX            1
 **********
 **********
 **   32 **FIX            2
 **********
 PARAMETER    2  IS CONSTANT.   IGNORED.
 **********
 **   33 **FIX            3
 **********
 **********
 **   34 **FIX            4
 **********
 **********
 **   35 **FIX            8
 **********
 **********
 **   36 **FIX            9
 **********
 PARAMETER    9  IS CONSTANT.   IGNORED.
 **********
 **   37 **FIX           11
 **********
 PARAMETER   11  IS CONSTANT.   IGNORED.
 **********
 **   38 **FIX           12
 **********
 PARAMETER   12  IS CONSTANT.   IGNORED.
 **********
 **   39 **FIX           13
 **********
 PARAMETER   13  IS CONSTANT.   IGNORED.
 **********
 **   40 **FIX           15
 **********
 PARAMETER   15  IS CONSTANT.   IGNORED.
 **********
 **   41 **FIX           16
 **********
 PARAMETER   16  IS CONSTANT.   IGNORED.
 **********
 **   42 **MIGRAD
 **********
 START MIGRAD MINIMIZATION.  STRATEGY  1.  CONVERGENCE WHEN EDM .LT. 1.00e-04
 FCN=546.793 FROM MIGRAD    STATUS=INITIATE       16 CALLS         630 TOTAL
                     EDM= unknown      STRATEGY= 1      NO ERROR MATRIX       
  EXT PARAMETER               CURRENT GUESS       STEP         FIRST   
  NO.   NAME      VALUE            ERROR          SIZE      DERIVATIVE 
   1  N0           2.81718e+06     fixed    
   2  tau          6.44050e+01   constant   
   3  A0           3.53564e-01     fixed    
   4  phi          4.11487e+00     fixed    
   5  R           -6.15106e+01   constant   
   6  A_CBO        5.41848e-04   5.76942e-04   6.48219e-06  -5.96200e-02
   7  w_CBO        2.32987e+00   3.36865e-03   3.75882e-06  -2.00590e+00
   8  phi_CBO      5.13202e+00     fixed    
   9  ANx2         5.52857e-04   constant   
  10  pNx2         5.73177e+00   constant   
  11  ANy1         0.00000e+00   constant   
  12  pNy1         0.00000e+00   constant   
  13  w_y          0.00000e+00   constant   
  14  ANy2         9.05236e-03   1.00000e-04   1.00000e-04   5.55317e+04
  15  pNy2         5.72687e+00   constant   
  16  w_vw         1.43172e+01   constant   
  17  LM           3.92941e-07   constant   
  18  wCBO_expCoeff   1.99811e+02   4.33430e-01   4.49917e-04  -2.79709e-02
  19  wCBO_expOffset   2.00002e+02   7.00508e-02   9.53685e-05  -1.83237e-01
  20  wCBO_expT    3.00069e+01   1.25174e-02   1.62878e-05  -6.88470e-01
  21  wCBO_linCoeff   0.00000e+00   constant   
  22  wCBO_const  -3.92987e-03   1.51790e-03   4.50758e-06   9.27837e-01
 MIGRAD MINIMIZATION HAS CONVERGED.
 MIGRAD WILL VERIFY CONVERGENCE AND ERROR MATRIX.
 FCN=302.82 FROM MIGRAD    STATUS=CONVERGED     185 CALLS         799 TOTAL
                     EDM=1.68146e-06    STRATEGY= 1      ERR MATRIX NOT POS-DEF
  EXT PARAMETER                APPROXIMATE        STEP         FIRST   
  NO.   NAME      VALUE            ERROR          SIZE      DERIVATIVE 
   1  N0           2.81718e+06     fixed    
   2  tau          6.44050e+01   constant   
   3  A0           3.53564e-01     fixed    
   4  phi          4.11487e+00     fixed    
   5  R           -6.15106e+01   constant   
   6  A_CBO        3.79295e-04   5.82573e-04   4.84026e-06   2.35298e-01
   7  w_CBO        2.33013e+00   4.55661e-03   3.81220e-06  -2.17300e+00
   8  phi_CBO      5.13202e+00     fixed    
   9  ANx2         5.52857e-04   constant   
  10  pNx2         5.73177e+00   constant   
  11  ANy1         0.00000e+00   constant   
  12  pNy1         0.00000e+00   constant   
  13  w_y          0.00000e+00   constant   
  14  ANy2         2.65084e-04   5.59599e-04   4.78649e-06  -1.99864e-01
  15  pNy2         5.72687e+00   constant   
  16  w_vw         1.43172e+01   constant   
  17  LM           3.92941e-07   constant   
  18  wCBO_expCoeff   1.99856e+02   5.81913e-01   4.47691e-04  -1.08478e-02
  19  wCBO_expOffset   2.00009e+02   9.54017e-02   9.53717e-05  -7.13822e-02
  20  wCBO_expT    3.00030e+01   1.75729e-02   1.66661e-05  -3.86407e-01
  21  wCBO_linCoeff   0.00000e+00   constant   
  22  wCBO_const  -3.95820e-03   2.01096e-03   4.41422e-06  -2.90680e+00
 EXTERNAL ERROR MATRIX.    NDIM=  25    NPAR=  7    ERR DEF=1
  3.394e-07 -2.122e-08  4.968e-09 -1.126e-05 -2.910e-06  1.041e-06  7.112e-08 
 -2.122e-08  2.076e-05 -2.117e-09 -5.578e-04 -1.333e-04 -1.323e-05 -8.500e-06 
  4.968e-09 -2.117e-09  3.132e-07 -4.374e-07 -2.039e-07  5.031e-08  4.566e-10 
 -1.126e-05 -5.578e-04 -4.374e-07  3.386e-01 -3.323e-02 -2.644e-03  2.767e-04 
 -2.910e-06 -1.333e-04 -2.039e-07 -3.323e-02  9.101e-03 -6.125e-04  6.603e-05 
  1.041e-06 -1.323e-05  5.031e-08 -2.644e-03 -6.125e-04  3.088e-04 -5.623e-07 
  7.112e-08 -8.500e-06  4.566e-10  2.767e-04  6.603e-05 -5.623e-07  4.044e-06 
ERR MATRIX NOT POS-DEF
 PARAMETER  CORRELATION COEFFICIENTS  
       NO.  GLOBAL      6      7     14     18     19     20     22
        6  0.23840   1.000 -0.008  0.015 -0.033 -0.052  0.102  0.061
        7  0.99529  -0.008  1.000 -0.001 -0.210 -0.307 -0.165 -0.928
       14  0.02738   0.015 -0.001  1.000 -0.001 -0.004  0.005  0.000
       18  0.99603  -0.033 -0.210 -0.001  1.000 -0.599 -0.259  0.236
       19  0.99667  -0.052 -0.307 -0.004 -0.599  1.000 -0.365  0.344
       20  0.99396   0.102 -0.165  0.005 -0.259 -0.365  1.000 -0.016
       22  0.96662   0.061 -0.928  0.000  0.236  0.344 -0.016  1.000
 ERR MATRIX NOT POS-DEF
MINUIT - FIT ONLY 2-CBO
 **********
 **   43 **RES 
 **********
                   PARAMETER    8  phi_CBO RESTORED TO VARIABLE.
                   PARAMETER    4  phi RESTORED TO VARIABLE.
                   PARAMETER    3  A0 RESTORED TO VARIABLE.
                   PARAMETER    1  N0 RESTORED TO VARIABLE.
 **********
 **   44 **FIX            0
 **********
 PARAMETER    0  IS UNDEFINED. IGNORED.
 **********
 **   45 **FIX            1
 **********
 **********
 **   46 **FIX            2
 **********
 PARAMETER    2  IS CONSTANT.   IGNORED.
 **********
 **   47 **FIX            3
 **********
 **********
 **   48 **FIX            4
 **********
 **********
 **   49 **FIX            5
 **********
 PARAMETER    5  IS CONSTANT.   IGNORED.
 **********
 **   50 **FIX            6
 **********
 **********
 **   51 **FIX            7
 **********
 **********
 **   52 **FIX           10
 **********
 PARAMETER   10  IS CONSTANT.   IGNORED.
 **********
 **   53 **FIX           11
 **********
 PARAMETER   11  IS CONSTANT.   IGNORED.
 **********
 **   54 **FIX           12
 **********
 PARAMETER   12  IS CONSTANT.   IGNORED.
 **********
 **   55 **FIX           13
 **********
 PARAMETER   13  IS CONSTANT.   IGNORED.
 **********
 **   56 **FIX           14
 **********
 **********
 **   57 **FIX           15
 **********
 PARAMETER   15  IS CONSTANT.   IGNORED.
 **********
 **   58 **FIX           16
 **********
 PARAMETER   16  IS CONSTANT.   IGNORED.
 **********
 **   59 **MIGRAD
 **********
 START MIGRAD MINIMIZATION.  STRATEGY  1.  CONVERGENCE WHEN EDM .LT. 1.00e-04
 FCN=302.82 FROM MIGRAD    STATUS=INITIATE       10 CALLS         809 TOTAL
                     EDM= unknown      STRATEGY= 1      NO ERROR MATRIX       
  EXT PARAMETER               CURRENT GUESS       STEP         FIRST   
  NO.   NAME      VALUE            ERROR          SIZE      DERIVATIVE 
   1  N0           2.81718e+06     fixed    
   2  tau          6.44050e+01   constant   
   3  A0           3.53564e-01     fixed    
   4  phi          4.11487e+00     fixed    
   5  R           -6.15106e+01   constant   
   6  A_CBO        3.79295e-04     fixed    
   7  w_CBO        2.33013e+00     fixed    
   8  phi_CBO      5.13202e+00   1.09721e+00   1.09721e+00   3.03508e-01
   9  ANx2         5.52857e-04   constant   
  10  pNx2         5.73177e+00   constant   
  11  ANy1         0.00000e+00   constant   
  12  pNy1         0.00000e+00   constant   
  13  w_y          0.00000e+00   constant   
  14  ANy2         2.65084e-04     fixed    
  15  pNy2         5.72687e+00   constant   
  16  w_vw         1.43172e+01   constant   
  17  LM           3.92941e-07   constant   
  18  wCBO_expCoeff   1.99856e+02   5.81913e-01   4.47691e-04  -1.05808e-02
  19  wCBO_expOffset   2.00009e+02   9.54017e-02   9.53717e-05  -6.85230e-02
  20  wCBO_expT    3.00030e+01   1.75729e-02   1.66661e-05  -3.81473e-01
  21  wCBO_linCoeff   0.00000e+00   constant   
  22  wCBO_const  -3.95820e-03   2.01096e-03   4.41422e-06  -2.90652e+00
 MIGRAD MINIMIZATION HAS CONVERGED.
 MIGRAD WILL VERIFY CONVERGENCE AND ERROR MATRIX.
 FCN=302.766 FROM HESSE     STATUS=NOT POSDEF     31 CALLS         887 TOTAL
                     EDM=0.000508023    STRATEGY= 1      ERR MATRIX NOT POS-DEF
  EXT PARAMETER                APPROXIMATE        STEP         FIRST   
  NO.   NAME      VALUE            ERROR          SIZE      DERIVATIVE 
   1  N0           2.81718e+06     fixed    
   2  tau          6.44050e+01   constant   
   3  A0           3.53564e-01     fixed    
   4  phi          4.11487e+00     fixed    
   5  R           -6.15106e+01   constant   
   6  A_CBO        3.79295e-04     fixed    
   7  w_CBO        2.33013e+00     fixed    
   8  phi_CBO      4.78041e+00   1.50235e+00   1.20200e-02  -6.42615e-04
   9  ANx2         5.52857e-04   constant   
  10  pNx2         5.73177e+00   constant   
  11  ANy1         0.00000e+00   constant   
  12  pNy1         0.00000e+00   constant   
  13  w_y          0.00000e+00   constant   
  14  ANy2         2.65084e-04     fixed    
  15  pNy2         5.72687e+00   constant   
  16  w_vw         1.43172e+01   constant   
  17  LM           3.92941e-07   constant   
  18  wCBO_expCoeff   1.99855e+02   6.38906e-01   4.52018e-04  -2.21913e-02
  19  wCBO_expOffset   2.00009e+02   1.03593e-01   9.53717e-05  -1.46827e-01
  20  wCBO_expT    3.00029e+01   1.82262e-02   1.67552e-05   1.89409e+00
  21  wCBO_linCoeff   0.00000e+00   constant   
  22  wCBO_const  -3.99055e-03   7.52291e-04   4.38767e-06  -1.06164e+00
 MIGRAD MINIMIZATION HAS CONVERGED.
 MIGRAD WILL VERIFY CONVERGENCE AND ERROR MATRIX.
 FCN=302.764 FROM MIGRAD    STATUS=CONVERGED     131 CALLS         930 TOTAL
                     EDM=2.44809e-06    STRATEGY= 1      ERR MATRIX NOT POS-DEF
  EXT PARAMETER                APPROXIMATE        STEP         FIRST   
  NO.   NAME      VALUE            ERROR          SIZE      DERIVATIVE 
   1  N0           2.81718e+06     fixed    
   2  tau          6.44050e+01   constant   
   3  A0           3.53564e-01     fixed    
   4  phi          4.11487e+00     fixed    
   5  R           -6.15106e+01   constant   
   6  A_CBO        3.79295e-04     fixed    
   7  w_CBO        2.33013e+00     fixed    
   8  phi_CBO      4.77158e+00   1.50659e+00   1.20214e-02   1.13825e-03
   9  ANx2         5.52857e-04   constant   
  10  pNx2         5.73177e+00   constant   
  11  ANy1         0.00000e+00   constant   
  12  pNy1         0.00000e+00   constant   
  13  w_y          0.00000e+00   constant   
  14  ANy2         2.65084e-04     fixed    
  15  pNy2         5.72687e+00   constant   
  16  w_vw         1.43172e+01   constant   
  17  LM           3.92941e-07   constant   
  18  wCBO_expCoeff   1.99866e+02   6.35305e-01   4.51915e-04  -2.08481e-02
  19  wCBO_expOffset   2.00012e+02   1.02749e-01   9.53731e-05  -1.37933e-01
  20  wCBO_expT    3.00017e+01   1.83176e-02   1.67512e-05  -5.30241e-01
  21  wCBO_linCoeff   0.00000e+00   constant   
  22  wCBO_const  -3.96744e-03   7.54190e-04   4.38643e-06   1.89618e-01
 EXTERNAL ERROR MATRIX.    NDIM=  25    NPAR=  5    ERR DEF=1
  2.270e+00 -2.352e-02 -7.878e-03  3.186e-03  1.781e-04 
 -2.352e-02  4.036e-01 -4.874e-02 -3.015e-03  4.756e-05 
 -7.878e-03 -4.874e-02  1.056e-02 -8.324e-04  1.339e-05 
  3.186e-03 -3.015e-03 -8.324e-04  3.355e-04 -6.372e-06 
  1.781e-04  4.756e-05  1.339e-05 -6.372e-06  5.688e-07 
ERR MATRIX NOT POS-DEF
 PARAMETER  CORRELATION COEFFICIENTS  
       NO.  GLOBAL      8     18     19     20     22
        8  0.35217   1.000 -0.025 -0.051  0.115  0.157
       18  0.99660  -0.025  1.000 -0.747 -0.259  0.099
       19  0.99707  -0.051 -0.747  1.000 -0.442  0.173
       20  0.99437   0.115 -0.259 -0.442  1.000 -0.461
       22  0.73213   0.157  0.099  0.173 -0.461  1.000
 ERR MATRIX NOT POS-DEF
MINUIT - FIT ONLY 1-y
 **********
 **   60 **RES 
 **********
                   PARAMETER   14  ANy2 RESTORED TO VARIABLE.
                   PARAMETER    7  w_CBO RESTORED TO VARIABLE.
                   PARAMETER    6  A_CBO RESTORED TO VARIABLE.
                   PARAMETER    4  phi RESTORED TO VARIABLE.
                   PARAMETER    3  A0 RESTORED TO VARIABLE.
                   PARAMETER    1  N0 RESTORED TO VARIABLE.
 **********
 **   61 **FIX            0
 **********
 PARAMETER    0  IS UNDEFINED. IGNORED.
 **********
 **   62 **FIX            1
 **********
 **********
 **   63 **FIX            2
 **********
 PARAMETER    2  IS CONSTANT.   IGNORED.
 **********
 **   64 **FIX            3
 **********
 **********
 **   65 **FIX            4
 **********
 **********
 **   66 **FIX            5
 **********
 PARAMETER    5  IS CONSTANT.   IGNORED.
 **********
 **   67 **FIX            6
 **********
 **********
 **   68 **FIX            7
 **********
 **********
 **   69 **FIX            8
 **********
 **********
 **   70 **FIX            9
 **********
 PARAMETER    9  IS CONSTANT.   IGNORED.
 **********
 **   71 **FIX           13
 **********
 PARAMETER   13  IS CONSTANT.   IGNORED.
 **********
 **   72 **FIX           14
 **********
 **********
 **   73 **FIX           15
 **********
 PARAMETER   15  IS CONSTANT.   IGNORED.
 **********
 **   74 **FIX           16
 **********
 PARAMETER   16  IS CONSTANT.   IGNORED.
 **********
 **   75 **MIGRAD
 **********
 START MIGRAD MINIMIZATION.  STRATEGY  1.  CONVERGENCE WHEN EDM .LT. 1.00e-04
 FCN=302.764 FROM MIGRAD    STATUS=INITIATE        8 CALLS         938 TOTAL
                     EDM= unknown      STRATEGY= 1      NO ERROR MATRIX       
  EXT PARAMETER               CURRENT GUESS       STEP         FIRST   
  NO.   NAME      VALUE            ERROR          SIZE      DERIVATIVE 
   1  N0           2.81718e+06     fixed    
   2  tau          6.44050e+01   constant   
   3  A0           3.53564e-01     fixed    
   4  phi          4.11487e+00     fixed    
   5  R           -6.15106e+01   constant   
   6  A_CBO        3.79295e-04     fixed    
   7  w_CBO        2.33013e+00     fixed    
   8  phi_CBO      4.77158e+00     fixed    
   9  ANx2         5.52857e-04   constant   
  10  pNx2         5.73177e+00   constant   
  11  ANy1         0.00000e+00   constant   
  12  pNy1         0.00000e+00   constant   
  13  w_y          0.00000e+00   constant   
  14  ANy2         2.65084e-04     fixed    
  15  pNy2         5.72687e+00   constant   
  16  w_vw         1.43172e+01   constant   
  17  LM           3.92941e-07   constant   
  18  wCBO_expCoeff   1.99866e+02   6.35305e-01   4.51915e-04  -2.05520e-02
  19  wCBO_expOffset   2.00012e+02   1.02749e-01   9.53731e-05  -1.34825e-01
  20  wCBO_expT    3.00017e+01   1.83176e-02   1.67512e-05  -5.24658e-01
  21  wCBO_linCoeff   0.00000e+00   constant   
  22  wCBO_const  -3.96744e-03   7.54190e-04   4.38643e-06   1.91536e-01
 MIGRAD MINIMIZATION HAS CONVERGED.
 MIGRAD WILL VERIFY CONVERGENCE AND ERROR MATRIX.
 FCN=302.764 FROM MIGRAD    STATUS=CONVERGED      47 CALLS         977 TOTAL
                     EDM=4.71056e-07    STRATEGY= 1      ERR MATRIX NOT POS-DEF
  EXT PARAMETER                APPROXIMATE        STEP         FIRST   
  NO.   NAME      VALUE            ERROR          SIZE      DERIVATIVE 
   1  N0           2.81718e+06     fixed    
   2  tau          6.44050e+01   constant   
   3  A0           3.53564e-01     fixed    
   4  phi          4.11487e+00     fixed    
   5  R           -6.15106e+01   constant   
   6  A_CBO        3.79295e-04     fixed    
   7  w_CBO        2.33013e+00     fixed    
   8  phi_CBO      4.77158e+00     fixed    
   9  ANx2         5.52857e-04   constant   
  10  pNx2         5.73177e+00   constant   
  11  ANy1         0.00000e+00   constant   
  12  pNy1         0.00000e+00   constant   
  13  w_y          0.00000e+00   constant   
  14  ANy2         2.65084e-04     fixed    
  15  pNy2         5.72687e+00   constant   
  16  w_vw         1.43172e+01   constant   
  17  LM           3.92941e-07   constant   
  18  wCBO_expCoeff   1.99866e+02   6.43401e-01   4.47774e-04  -1.52780e-05
  19  wCBO_expOffset   2.00012e+02   1.04231e-01   9.53731e-05   9.29195e-04
  20  wCBO_expT    3.00017e+01   1.83206e-02   1.66066e-05   2.90325e-02
  21  wCBO_linCoeff   0.00000e+00   constant   
  22  wCBO_const  -3.96745e-03   7.46084e-04   4.39487e-06   1.48868e+00
 EXTERNAL ERROR MATRIX.    NDIM=  25    NPAR=  4    ERR DEF=1
  4.140e-01 -5.050e-02 -2.958e-03  4.905e-05 
 -5.050e-02  1.086e-02 -8.425e-04  1.440e-05 
 -2.958e-03 -8.425e-04  3.356e-04 -6.711e-06 
  4.905e-05  1.440e-05 -6.711e-06  5.566e-07 
ERR MATRIX NOT POS-DEF
 PARAMETER  CORRELATION COEFFICIENTS  
       NO.  GLOBAL     18     19     20     22
       18  0.99669   1.000 -0.753 -0.251  0.102
       19  0.99716  -0.753  1.000 -0.441  0.185
       20  0.99437  -0.251 -0.441  1.000 -0.491
       22  0.72515   0.102  0.185 -0.491  1.000
 ERR MATRIX NOT POS-DEF
MINUIT - FIT ONLY 2-y
 **********
 **   76 **RES 
 **********
                   PARAMETER   14  ANy2 RESTORED TO VARIABLE.
                   PARAMETER    8  phi_CBO RESTORED TO VARIABLE.
                   PARAMETER    7  w_CBO RESTORED TO VARIABLE.
                   PARAMETER    6  A_CBO RESTORED TO VARIABLE.
                   PARAMETER    4  phi RESTORED TO VARIABLE.
                   PARAMETER    3  A0 RESTORED TO VARIABLE.
                   PARAMETER    1  N0 RESTORED TO VARIABLE.
 **********
 **   77 **FIX            0
 **********
 PARAMETER    0  IS UNDEFINED. IGNORED.
 **********
 **   78 **FIX            1
 **********
 **********
 **   79 **FIX            2
 **********
 PARAMETER    2  IS CONSTANT.   IGNORED.
 **********
 **   80 **FIX            3
 **********
 **********
 **   81 **FIX            4
 **********
 **********
 **   82 **FIX            5
 **********
 PARAMETER    5  IS CONSTANT.   IGNORED.
 **********
 **   83 **FIX            6
 **********
 **********
 **   84 **FIX            7
 **********
 **********
 **   85 **FIX            8
 **********
 **********
 **   86 **FIX            9
 **********
 PARAMETER    9  IS CONSTANT.   IGNORED.
 **********
 **   87 **FIX           10
 **********
 PARAMETER   10  IS CONSTANT.   IGNORED.
 **********
 **   88 **FIX           11
 **********
 PARAMETER   11  IS CONSTANT.   IGNORED.
 **********
 **   89 **FIX           12
 **********
 PARAMETER   12  IS CONSTANT.   IGNORED.
 **********
 **   90 **FIX           16
 **********
 PARAMETER   16  IS CONSTANT.   IGNORED.
 **********
 **   91 **MIGRAD
 **********
 START MIGRAD MINIMIZATION.  STRATEGY  1.  CONVERGENCE WHEN EDM .LT. 1.00e-04
 FCN=302.764 FROM MIGRAD    STATUS=INITIATE       10 CALLS         987 TOTAL
                     EDM= unknown      STRATEGY= 1      NO ERROR MATRIX       
  EXT PARAMETER               CURRENT GUESS       STEP         FIRST   
  NO.   NAME      VALUE            ERROR          SIZE      DERIVATIVE 
   1  N0           2.81718e+06     fixed    
   2  tau          6.44050e+01   constant   
   3  A0           3.53564e-01     fixed    
   4  phi          4.11487e+00     fixed    
   5  R           -6.15106e+01   constant   
   6  A_CBO        3.79295e-04     fixed    
   7  w_CBO        2.33013e+00     fixed    
   8  phi_CBO      4.77158e+00     fixed    
   9  ANx2         5.52857e-04   constant   
  10  pNx2         5.73177e+00   constant   
  11  ANy1         0.00000e+00   constant   
  12  pNy1         0.00000e+00   constant   
  13  w_y          0.00000e+00   constant   
  14  ANy2         2.65084e-04   5.59599e-04   5.59599e-04   1.03351e+01
  15  pNy2         5.72687e+00   constant   
  16  w_vw         1.43172e+01   constant   
  17  LM           3.92941e-07   constant   
  18  wCBO_expCoeff   1.99866e+02   6.43401e-01   4.47774e-04   3.35020e-05
  19  wCBO_expOffset   2.00012e+02   1.04231e-01   9.53731e-05   4.03247e-03
  20  wCBO_expT    3.00017e+01   1.83206e-02   1.66066e-05   3.40580e-02
  21  wCBO_linCoeff   0.00000e+00   constant   
  22  wCBO_const  -3.96745e-03   7.46084e-04   4.39487e-06   1.49058e+00
 MIGRAD MINIMIZATION HAS CONVERGED.
 MIGRAD WILL VERIFY CONVERGENCE AND ERROR MATRIX.
 FCN=302.764 FROM MIGRAD    STATUS=CONVERGED      52 CALLS        1029 TOTAL
                     EDM=2.82993e-07    STRATEGY= 1      ERR MATRIX NOT POS-DEF
  EXT PARAMETER                APPROXIMATE        STEP         FIRST   
  NO.   NAME      VALUE            ERROR          SIZE      DERIVATIVE 
   1  N0           2.81718e+06     fixed    
   2  tau          6.44050e+01   constant   
   3  A0           3.53564e-01     fixed    
   4  phi          4.11487e+00     fixed    
   5  R           -6.15106e+01   constant   
   6  A_CBO        3.79295e-04     fixed    
   7  w_CBO        2.33013e+00     fixed    
   8  phi_CBO      4.77158e+00     fixed    
   9  ANx2         5.52857e-04   constant   
  10  pNx2         5.73177e+00   constant   
  11  ANy1         0.00000e+00   constant   
  12  pNy1         0.00000e+00   constant   
  13  w_y          0.00000e+00   constant   
  14  ANy2         2.63450e-04   5.59576e-04   4.78607e-06  -1.74200e-02
  15  pNy2         5.72687e+00   constant   
  16  w_vw         1.43172e+01   constant   
  17  LM           3.92941e-07   constant   
  18  wCBO_expCoeff   1.99866e+02   6.43418e-01   4.47690e-04  -1.26656e-02
  19  wCBO_expOffset   2.00012e+02   1.04248e-01   9.53731e-05  -8.34227e-02
  20  wCBO_expT    3.00017e+01   1.83216e-02   1.66040e-05  -3.27054e-01
  21  wCBO_linCoeff   0.00000e+00   constant   
  22  wCBO_const  -3.96765e-03   7.46063e-04   4.39468e-06  -2.47421e-01
 EXTERNAL ERROR MATRIX.    NDIM=  25    NPAR=  5    ERR DEF=1
  3.131e-07 -2.360e-07 -2.255e-07  5.082e-08 -1.463e-09 
 -2.360e-07  4.140e-01 -5.051e-02 -2.956e-03  4.900e-05 
 -2.255e-07 -5.051e-02  1.087e-02 -8.430e-04  1.440e-05 
  5.082e-08 -2.956e-03 -8.430e-04  3.357e-04 -6.710e-06 
 -1.463e-09  4.900e-05  1.440e-05 -6.710e-06  5.566e-07 
ERR MATRIX NOT POS-DEF
 PARAMETER  CORRELATION COEFFICIENTS  
       NO.  GLOBAL     14     18     19     20     22
       14  0.01683   1.000 -0.001 -0.004  0.005 -0.004
       18  0.99669  -0.001  1.000 -0.753 -0.251  0.102
       19  0.99716  -0.004 -0.753  1.000 -0.441  0.185
       20  0.99437   0.005 -0.251 -0.441  1.000 -0.491
       22  0.72509  -0.004  0.102  0.185 -0.491  1.000
 ERR MATRIX NOT POS-DEF
MINUIT - FIT ALTOGETHER
 **********
 **   92 **RES 
 **********
                   PARAMETER    8  phi_CBO RESTORED TO VARIABLE.
                   PARAMETER    7  w_CBO RESTORED TO VARIABLE.
                   PARAMETER    6  A_CBO RESTORED TO VARIABLE.
                   PARAMETER    4  phi RESTORED TO VARIABLE.
                   PARAMETER    3  A0 RESTORED TO VARIABLE.
                   PARAMETER    1  N0 RESTORED TO VARIABLE.
 **********
 **   93 **MIGRAD
