 + ++++++++++++++++++++++++++++++++++++++++++++++++++++++++++++++++++++ +
 +                                                                      +
 +           You have chose to blind your fitting according to          +
 +                omega_ref * (1 + (R +/- deltaR) *10^{-6})             +
 +                                                                      +
 + ++++++++++++++++++++++++++++++++++++++++++++++++++++++++++++++++++++ +
In main()...
reading format from /gm2data/zkhechad/run45/envelope/formats/formatB_sBin_constraintOn.txt
pBinTau 	= 0  
pBinPhi 	= 0  
constraintau 	= 1 
includeMopTerm 	= 0    
constrainMop    = 0   
Parameters after format file: pBinTau 0 pBinPhi 0 constraintau 1 includeMopTerm 0 constrainMop 0 c_e_scale 0.000000 
reading cbo reference file (full fit) from /gm2data/zkhechad/cboTemplates/Run4CBOTemplates/fullFits/run4/sBin_constraintOn_cE0.0_seed0_run4_calo21.root
A_CBO 0.009954 w_CBO 2.326310 phi_CBO 2.942572 N0 2740148.315147 R -59.181603 tau 64.402317 
Reading cboRef file /gm2data/zkhechad/cboTemplates/Run4CBOTemplates//cboIsolate/run4_calo21.root
deltaT 164.120000
windowBins = 1100
fitting sliding window 1800 from bin 2003 at 298.847600 to bin 3103 at 462.967600 (1100 bins)

Reading data from /gm2data/cornell/histograms/aMethod/histogram_a_run4.root
fitting cbo isolate
 **********
 **    1 **SET PRINTOUT            1
 **********
 **********
 **    2 **SET NOWARNINGS 
 **********
 PARAMETER DEFINITIONS:
    NO.   NAME         VALUE      STEP SIZE      LIMITS
     1 A_CBO        9.95405e-03  1.00000e-05     no limits
     2 w_CBO        2.32631e+00  1.00000e-02    2.00000e+00  3.00000e+00
     3 phi_CBO      2.94257e+00  1.00000e-02    0.00000e+00  6.28319e+00
 **********
 **    3 **MIGRAD
 **********
 FIRST CALL TO USER FUNCTION AT NEW START POINT, WITH IFLAG=4.
 START MIGRAD MINIMIZATION.  STRATEGY  1.  CONVERGENCE WHEN EDM .LT. 1.00e-04
 FCN=0.0878773 FROM MIGRAD    STATUS=INITIATE       12 CALLS          13 TOTAL
                     EDM= unknown      STRATEGY= 1      NO ERROR MATRIX       
  EXT PARAMETER               CURRENT GUESS       STEP         FIRST   
  NO.   NAME      VALUE            ERROR          SIZE      DERIVATIVE 
   1  A_CBO        9.95405e-03   1.00000e-05   1.00000e-05   7.19813e+00
   2  w_CBO        2.32631e+00   1.00000e-02   2.13305e-02   1.82054e-02
   3  phi_CBO      2.94257e+00   1.00000e-02   3.18951e-03   4.39582e-04
 MIGRAD MINIMIZATION HAS CONVERGED.
 MIGRAD WILL VERIFY CONVERGENCE AND ERROR MATRIX.
 COVARIANCE MATRIX CALCULATED SUCCESSFULLY
 FCN=0.0642595 FROM MIGRAD    STATUS=CONVERGED      41 CALLS          42 TOTAL
                     EDM=3.25637e-05    STRATEGY= 1      ERROR MATRIX ACCURATE 
  EXT PARAMETER                                   STEP         FIRST   
  NO.   NAME      VALUE            ERROR          SIZE      DERIVATIVE 
   1  A_CBO        3.39192e-03   4.29249e-02   2.15091e-05  -7.78134e-05
   2  w_CBO        2.32630e+00   2.49816e-01   3.50430e-05   5.88504e-03
   3  phi_CBO      2.93885e+00   4.35750e+00   2.01718e-03   1.47712e-04
 EXTERNAL ERROR MATRIX.    NDIM=  25    NPAR=  3    ERR DEF=1
  1.843e-03 -1.154e-03 -4.442e-01 
 -1.154e-03  6.941e-02  2.651e+01 
 -4.442e-01  2.651e+01  1.028e+04 
 PARAMETER  CORRELATION COEFFICIENTS  
       NO.  GLOBAL      1      2      3
        1  0.10224   1.000 -0.102 -0.102
        2  0.99231  -0.102  1.000  0.992
        3  0.99231  -0.102  0.992  1.000
setting A_CBO=0.003392 w_CBO=2.326303, phi_CBO=2.938845
done fitting cbo isolate
 **********
 **    1 **SET PRINTOUT            1
 **********
 **********
 **    2 **SET NOWARNINGS 
 **********
 PARAMETER DEFINITIONS:
    NO.   NAME         VALUE      STEP SIZE      LIMITS
     1 N0           2.74015e+06  1.00000e+02     no limits
     2 tau          6.44023e+01  constant
     3 A0           3.54223e-01  1.00000e-04     no limits
     4 phi          4.11631e+00  1.00000e-02     no limits
     5 R           -5.91816e+01  constant
     6 A_CBO        3.39192e-03  1.00000e-05     no limits
     7 w_CBO        2.32630e+00  1.00000e-03     no limits
     8 phi_CBO      2.93885e+00  1.00000e-04     no limits
     9 ANx2         7.44254e-04  constant
    10 pNx2         1.53785e+00  constant
    11 ANy1         0.00000e+00  constant
    12 pNy1         0.00000e+00  constant
    13 w_y          0.00000e+00  constant
    14 ANy2         8.00900e-03  1.00000e-04     no limits
    15 pNy2         3.64406e+00  constant
    16 w_vw         1.43170e+01  constant
    17 LM          -4.99363e-05  constant
    18 wCBO_expCoeff   2.00000e+02  1.00000e+00     no limits
    19 wCBO_expOffset   2.00000e+02  1.00000e+00     no limits
    20 wCBO_expT    3.00000e+01  1.00000e+00     no limits
    21 wCBO_linCoeff   0.00000e+00  constant
    22 wCBO_const   0.00000e+00  1.00000e-02     no limits
MINUIT - FIT ONLY WIGGLE
 **********
 **    3 **FIX            5
 **********
 PARAMETER    5  IS CONSTANT.   IGNORED.
 **********
 **    4 **FIX            6
 **********
 **********
 **    5 **FIX            7
 **********
 **********
 **    6 **FIX            8
 **********
 **********
 **    7 **FIX            9
 **********
 PARAMETER    9  IS CONSTANT.   IGNORED.
 **********
 **    8 **FIX           10
 **********
 PARAMETER   10  IS CONSTANT.   IGNORED.
 **********
 **    9 **FIX           11
 **********
 PARAMETER   11  IS CONSTANT.   IGNORED.
 **********
 **   10 **FIX           12
 **********
 PARAMETER   12  IS CONSTANT.   IGNORED.
 **********
 **   11 **FIX           13
 **********
 PARAMETER   13  IS CONSTANT.   IGNORED.
 **********
 **   12 **FIX           14
 **********
 **********
 **   13 **FIX           15
 **********
 PARAMETER   15  IS CONSTANT.   IGNORED.
 **********
 **   14 **FIX           16
 **********
 PARAMETER   16  IS CONSTANT.   IGNORED.
 **********
 **   15 **MIGRAD
 **********
 FIRST CALL TO USER FUNCTION AT NEW START POINT, WITH IFLAG=4.
 START MIGRAD MINIMIZATION.  STRATEGY  1.  CONVERGENCE WHEN EDM .LT. 1.00e-04
 FCN=578.25 FROM MIGRAD    STATUS=INITIATE       61 CALLS          62 TOTAL
                     EDM= unknown      STRATEGY= 1      NO ERROR MATRIX       
  EXT PARAMETER               CURRENT GUESS       STEP         FIRST   
  NO.   NAME      VALUE            ERROR          SIZE      DERIVATIVE 
   1  N0           2.74015e+06   1.00000e+02   0.00000e+00  -4.92898e-05
   2  tau          6.44023e+01   constant   
   3  A0           3.54223e-01   1.00000e-04   0.00000e+00   1.71784e+03
   4  phi          4.11631e+00   1.00000e-02   0.00000e+00  -8.22976e+01
   5  R           -5.91816e+01   constant   
   6  A_CBO        3.39192e-03     fixed    
   7  w_CBO        2.32630e+00     fixed    
   8  phi_CBO      2.93885e+00     fixed    
   9  ANx2         7.44254e-04   constant   
  10  pNx2         1.53785e+00   constant   
  11  ANy1         0.00000e+00   constant   
  12  pNy1         0.00000e+00   constant   
  13  w_y          0.00000e+00   constant   
  14  ANy2         8.00900e-03     fixed    
  15  pNy2         3.64406e+00   constant   
  16  w_vw         1.43170e+01   constant   
  17  LM          -4.99363e-05   constant   
  18  wCBO_expCoeff   1.99848e+02   1.00000e+00  -1.52466e-01  -2.04518e+02
  19  wCBO_expOffset   2.00000e+02   1.00000e+00   0.00000e+00  -1.36232e+03
  20  wCBO_expT    3.00000e+01   1.00000e+00   0.00000e+00  -5.21468e+03
  21  wCBO_linCoeff   0.00000e+00   constant   
  22  wCBO_const   0.00000e+00   1.00000e-02   0.00000e+00  -6.15700e+03
 MIGRAD MINIMIZATION HAS CONVERGED.
 MIGRAD WILL VERIFY CONVERGENCE AND ERROR MATRIX.
 FCN=568.021 FROM MIGRAD    STATUS=CONVERGED     303 CALLS         304 TOTAL
                     EDM=2.20854e-06    STRATEGY= 1      ERR MATRIX NOT POS-DEF
  EXT PARAMETER                APPROXIMATE        STEP         FIRST   
  NO.   NAME      VALUE            ERROR          SIZE      DERIVATIVE 
   1  N0           2.73998e+06   9.77778e+02   1.12337e+01  -7.15972e-07
   2  tau          6.44023e+01   constant   
   3  A0           3.54003e-01   4.77896e-04   5.58115e-06  -3.77831e+00
   4  phi          4.11659e+00   1.40686e-03   1.63709e-05   3.94906e-01
   5  R           -5.91816e+01   constant   
   6  A_CBO        3.39192e-03     fixed    
   7  w_CBO        2.32630e+00     fixed    
   8  phi_CBO      2.93885e+00     fixed    
   9  ANx2         7.44254e-04   constant   
  10  pNx2         1.53785e+00   constant   
  11  ANy1         0.00000e+00   constant   
  12  pNy1         0.00000e+00   constant   
  13  w_y          0.00000e+00   constant   
  14  ANy2         8.00900e-03     fixed    
  15  pNy2         3.64406e+00   constant   
  16  w_vw         1.43170e+01   constant   
  17  LM          -4.99363e-05   constant   
  18  wCBO_expCoeff   1.99563e+02   1.22287e-01   1.32307e-04  -4.34941e-02
  19  wCBO_expOffset   1.99957e+02   2.25261e-02   9.53471e-05  -2.88702e-01
  20  wCBO_expT    3.00266e+01   4.82599e-03   1.43178e-05  -9.79795e-01
  21  wCBO_linCoeff   0.00000e+00   constant   
  22  wCBO_const  -1.08583e-03   4.72065e-04   2.91057e-06  -1.17337e+00
 EXTERNAL ERROR MATRIX.    NDIM=  25    NPAR=  7    ERR DEF=1
  9.561e+05  6.832e-04  1.406e-03  1.586e+00  9.719e-01 -3.505e-01  2.077e-02 
  6.832e-04  2.284e-07  7.378e-09  1.327e-07 -1.823e-08  2.370e-08 -8.987e-09 
  1.406e-03  7.378e-09  1.979e-06  1.670e-06  7.126e-07 -1.703e-07 -3.869e-08 
  1.586e+00  1.327e-07  1.670e-06  1.495e-02 -1.950e-03 -8.630e-05  2.789e-06 
  9.719e-01 -1.823e-08  7.126e-07 -1.950e-03  5.074e-04 -6.345e-05  2.171e-06 
 -3.505e-01  2.370e-08 -1.703e-07 -8.630e-05 -6.345e-05  2.329e-05 -1.079e-06 
  2.077e-02 -8.987e-09 -3.869e-08  2.789e-06  2.171e-06 -1.079e-06  2.228e-07 
ERR MATRIX NOT POS-DEF
 PARAMETER  CORRELATION COEFFICIENTS  
       NO.  GLOBAL      1      3      4     18     19     20     22
        1  0.09082   1.000  0.001  0.001  0.013  0.044 -0.074  0.045
        3  0.06052   0.001  1.000  0.011  0.002 -0.002  0.010 -0.040
        4  0.10406   0.001  0.011  1.000  0.010  0.022 -0.025 -0.058
       18  0.99571   0.013  0.002  0.010  1.000 -0.708 -0.146  0.048
       19  0.99714   0.044 -0.002  0.022 -0.708  1.000 -0.584  0.204
       20  0.99506  -0.074  0.010 -0.025 -0.146 -0.584  1.000 -0.474
       22  0.85000   0.045 -0.040 -0.058  0.048  0.204 -0.474  1.000
 ERR MATRIX NOT POS-DEF
MINUIT - FIT ONLY 1-CBO + other amplitudes 
 **********
 **   16 **RES 
 **********
                   PARAMETER   14  ANy2 RESTORED TO VARIABLE.
                   PARAMETER    8  phi_CBO RESTORED TO VARIABLE.
                   PARAMETER    7  w_CBO RESTORED TO VARIABLE.
                   PARAMETER    6  A_CBO RESTORED TO VARIABLE.
 **********
 **   17 **FIX            0
 **********
 PARAMETER    0  IS UNDEFINED. IGNORED.
 **********
 **   18 **FIX            1
 **********
 **********
 **   19 **FIX            2
 **********
 PARAMETER    2  IS CONSTANT.   IGNORED.
 **********
 **   20 **FIX            3
 **********
 **********
 **   21 **FIX            4
 **********
 **********
 **   22 **FIX            9
 **********
 PARAMETER    9  IS CONSTANT.   IGNORED.
 **********
 **   23 **FIX           11
 **********
 PARAMETER   11  IS CONSTANT.   IGNORED.
 **********
 **   24 **FIX           12
 **********
 PARAMETER   12  IS CONSTANT.   IGNORED.
 **********
 **   25 **FIX           14
 **********
 **********
 **   26 **FIX           15
 **********
 PARAMETER   15  IS CONSTANT.   IGNORED.
 **********
 **   27 **FIX           16
 **********
 PARAMETER   16  IS CONSTANT.   IGNORED.
 **********
 **   28 **MIGRAD
 **********
 START MIGRAD MINIMIZATION.  STRATEGY  1.  CONVERGENCE WHEN EDM .LT. 1.00e-04
 FCN=568.021 FROM MIGRAD    STATUS=INITIATE       20 CALLS         324 TOTAL
                     EDM= unknown      STRATEGY= 1      NO ERROR MATRIX       
  EXT PARAMETER               CURRENT GUESS       STEP         FIRST   
  NO.   NAME      VALUE            ERROR          SIZE      DERIVATIVE 
   1  N0           2.73998e+06     fixed    
   2  tau          6.44023e+01   constant   
   3  A0           3.54003e-01     fixed    
   4  phi          4.11659e+00     fixed    
   5  R           -5.91816e+01   constant   
   6  A_CBO        3.39192e-03   1.00000e-05   1.00000e-05   1.86013e+04
   7  w_CBO        2.32630e+00   1.00000e-03   1.00000e-03  -4.18755e+00
   8  phi_CBO      2.93885e+00   1.00000e-04   1.00000e-04  -6.26171e+00
   9  ANx2         7.44254e-04   constant   
  10  pNx2         1.53785e+00   constant   
  11  ANy1         0.00000e+00   constant   
  12  pNy1         0.00000e+00   constant   
  13  w_y          0.00000e+00   constant   
  14  ANy2         8.00900e-03     fixed    
  15  pNy2         3.64406e+00   constant   
  16  w_vw         1.43170e+01   constant   
  17  LM          -4.99363e-05   constant   
  18  wCBO_expCoeff   1.99563e+02   1.22287e-01   1.32307e-04  -4.30121e-02
  19  wCBO_expOffset   1.99957e+02   2.25261e-02   9.53471e-05  -2.05140e-01
  20  wCBO_expT    3.00266e+01   4.82599e-03   1.43178e-05  -9.00250e-01
  21  wCBO_linCoeff   0.00000e+00   constant   
  22  wCBO_const  -1.08583e-03   4.72065e-04   2.91057e-06  -1.15017e+00
 MIGRAD MINIMIZATION HAS CONVERGED.
 FCN=544.784 FROM MIGRAD    STATUS=CONVERGED     184 CALLS         488 TOTAL
                     EDM=2.78349e-08    STRATEGY= 1  ERROR MATRIX UNCERTAINTY   1.8 per cent
  EXT PARAMETER                                   STEP         FIRST   
  NO.   NAME      VALUE            ERROR          SIZE      DERIVATIVE 
   1  N0           2.73998e+06     fixed    
   2  tau          6.44023e+01   constant   
   3  A0           3.54003e-01     fixed    
   4  phi          4.11659e+00     fixed    
   5  R           -5.91816e+01   constant   
   6  A_CBO        1.01837e-03   5.21532e-04  -4.34305e-07   1.96115e-01
   7  w_CBO        2.32646e+00   6.85073e-04   1.48860e-06  -9.89272e-01
   8  phi_CBO      3.36833e+00   6.08164e-01  -1.14142e-03  -1.57264e-04
   9  ANx2         7.44254e-04   constant   
  10  pNx2         1.53785e+00   constant   
  11  ANy1         0.00000e+00   constant   
  12  pNy1         0.00000e+00   constant   
  13  w_y          0.00000e+00   constant   
  14  ANy2         8.00900e-03     fixed    
  15  pNy2         3.64406e+00   constant   
  16  w_vw         1.43170e+01   constant   
  17  LM          -4.99363e-05   constant   
  18  wCBO_expCoeff   1.99580e+02   7.81088e-02   1.43535e-04  -9.10844e-03
  19  wCBO_expOffset   1.99960e+02   1.16543e-02   2.13496e-05  -4.55062e-02
  20  wCBO_expT    3.00248e+01   1.00858e-02  -2.38640e-05  -1.96971e-01
  21  wCBO_linCoeff   0.00000e+00   constant   
  22  wCBO_const  -9.43175e-04   9.56205e-04   3.61973e-06  -4.82565e-01
 EXTERNAL ERROR MATRIX.    NDIM=  25    NPAR=  7    ERR DEF=1
  2.720e-07  3.538e-08  3.200e-05  3.316e-06  4.938e-07 -5.729e-07  9.518e-08 
  3.538e-08  4.693e-07  1.263e-04  5.196e-05  7.751e-06 -6.822e-06  3.486e-07 
  3.200e-05  1.263e-04  3.699e-01  1.243e-02  1.853e-03 -1.867e-03  2.820e-04 
  3.316e-06  5.196e-05  1.243e-02  6.101e-03  8.909e-04 -7.712e-04  3.356e-05 
  4.938e-07  7.751e-06  1.853e-03  8.909e-04  1.358e-04 -1.150e-04  4.994e-06 
 -5.729e-07 -6.822e-06 -1.867e-03 -7.712e-04 -1.150e-04  1.017e-04 -5.643e-06 
  9.518e-08  3.486e-07  2.820e-04  3.356e-05  4.994e-06 -5.643e-06  9.143e-07 
 PARAMETER  CORRELATION COEFFICIENTS  
       NO.  GLOBAL      6      7      8     18     19     20     22
        6  0.19210   1.000  0.099  0.101  0.081  0.081 -0.109  0.191
        7  0.99070   0.099  1.000  0.303  0.971  0.971 -0.987  0.532
        8  0.59299   0.101  0.303  1.000  0.262  0.261 -0.304  0.485
       18  0.99198   0.081  0.971  0.262  1.000  0.979 -0.979  0.449
       19  0.99186   0.081  0.971  0.261  0.979  1.000 -0.979  0.448
       20  0.99842  -0.109 -0.987 -0.304 -0.979 -0.979  1.000 -0.585
       22  0.94663   0.191  0.532  0.485  0.449  0.448 -0.585  1.000
MINUIT - FIT ONLY 1-CBO
 **********
 **   29 **RES 
 **********
                   PARAMETER   14  ANy2 RESTORED TO VARIABLE.
                   PARAMETER    4  phi RESTORED TO VARIABLE.
                   PARAMETER    3  A0 RESTORED TO VARIABLE.
                   PARAMETER    1  N0 RESTORED TO VARIABLE.
 **********
 **   30 **FIX            0
 **********
 PARAMETER    0  IS UNDEFINED. IGNORED.
 **********
 **   31 **FIX            1
 **********
 **********
 **   32 **FIX            2
 **********
 PARAMETER    2  IS CONSTANT.   IGNORED.
 **********
 **   33 **FIX            3
 **********
 **********
 **   34 **FIX            4
 **********
 **********
 **   35 **FIX            8
 **********
 **********
 **   36 **FIX            9
 **********
 PARAMETER    9  IS CONSTANT.   IGNORED.
 **********
 **   37 **FIX           11
 **********
 PARAMETER   11  IS CONSTANT.   IGNORED.
 **********
 **   38 **FIX           12
 **********
 PARAMETER   12  IS CONSTANT.   IGNORED.
 **********
 **   39 **FIX           13
 **********
 PARAMETER   13  IS CONSTANT.   IGNORED.
 **********
 **   40 **FIX           15
 **********
 PARAMETER   15  IS CONSTANT.   IGNORED.
 **********
 **   41 **FIX           16
 **********
 PARAMETER   16  IS CONSTANT.   IGNORED.
 **********
 **   42 **MIGRAD
 **********
 START MIGRAD MINIMIZATION.  STRATEGY  1.  CONVERGENCE WHEN EDM .LT. 1.00e-04
 FCN=544.784 FROM MIGRAD    STATUS=INITIATE       16 CALLS         504 TOTAL
                     EDM= unknown      STRATEGY= 1      NO ERROR MATRIX       
  EXT PARAMETER               CURRENT GUESS       STEP         FIRST   
  NO.   NAME      VALUE            ERROR          SIZE      DERIVATIVE 
   1  N0           2.73998e+06     fixed    
   2  tau          6.44023e+01   constant   
   3  A0           3.54003e-01     fixed    
   4  phi          4.11659e+00     fixed    
   5  R           -5.91816e+01   constant   
   6  A_CBO        1.01837e-03   5.21532e-04  -4.34305e-07   1.96115e-01
   7  w_CBO        2.32646e+00   6.85073e-04   1.48860e-06  -9.89272e-01
   8  phi_CBO      3.36833e+00     fixed    
   9  ANx2         7.44254e-04   constant   
  10  pNx2         1.53785e+00   constant   
  11  ANy1         0.00000e+00   constant   
  12  pNy1         0.00000e+00   constant   
  13  w_y          0.00000e+00   constant   
  14  ANy2         8.00900e-03   1.00000e-04   1.00000e-04   5.99628e+04
  15  pNy2         3.64406e+00   constant   
  16  w_vw         1.43170e+01   constant   
  17  LM          -4.99363e-05   constant   
  18  wCBO_expCoeff   1.99580e+02   7.81088e-02   1.43535e-04  -9.10841e-03
  19  wCBO_expOffset   1.99960e+02   1.16543e-02   2.13496e-05  -4.55062e-02
  20  wCBO_expT    3.00248e+01   1.00858e-02  -2.38640e-05  -1.96971e-01
  21  wCBO_linCoeff   0.00000e+00   constant   
  22  wCBO_const  -9.43175e-04   9.56205e-04   3.61973e-06  -4.82565e-01
 MIGRAD MINIMIZATION HAS CONVERGED.
 MIGRAD WILL VERIFY CONVERGENCE AND ERROR MATRIX.
 COVARIANCE MATRIX CALCULATED SUCCESSFULLY
 FCN=312.31 FROM MIGRAD    STATUS=CONVERGED     195 CALLS         683 TOTAL
                     EDM=2.04546e-07    STRATEGY= 1      ERROR MATRIX ACCURATE 
  EXT PARAMETER                                   STEP         FIRST   
  NO.   NAME      VALUE            ERROR          SIZE      DERIVATIVE 
   1  N0           2.73998e+06     fixed    
   2  tau          6.44023e+01   constant   
   3  A0           3.54003e-01     fixed    
   4  phi          4.11659e+00     fixed    
   5  R           -5.91816e+01   constant   
   6  A_CBO        2.63440e-04   5.19127e-04   4.39294e-06  -5.18802e-01
   7  w_CBO        2.32664e+00   6.32420e-03   1.46341e-06   2.68278e+00
   8  phi_CBO      3.36833e+00     fixed    
   9  ANx2         7.44254e-04   constant   
  10  pNx2         1.53785e+00   constant   
  11  ANy1         0.00000e+00   constant   
  12  pNy1         0.00000e+00   constant   
  13  w_y          0.00000e+00   constant   
  14  ANy2         2.63848e-04   5.07403e-04   4.36524e-06  -8.09544e-02
  15  pNy2         3.64406e+00   constant   
  16  w_vw         1.43170e+01   constant   
  17  LM          -4.99363e-05   constant   
  18  wCBO_expCoeff   1.99608e+02   5.53464e-01   1.50566e-04   2.61355e-02
  19  wCBO_expOffset   1.99964e+02   5.05007e-02   9.53503e-05   1.71314e-01
  20  wCBO_expT    3.00229e+01   1.03461e-02   1.43161e-05   5.84815e-01
  21  wCBO_linCoeff   0.00000e+00   constant   
  22  wCBO_const  -1.49673e-03   2.76456e-03   3.18615e-06   1.02740e+00
 EXTERNAL ERROR MATRIX.    NDIM=  25    NPAR=  7    ERR DEF=1
  2.695e-07  2.169e-08  2.130e-08  2.235e-06 -1.939e-07 -1.753e-07  5.087e-08 
  2.169e-08  4.000e-05 -1.226e-08 -2.617e-03 -8.661e-05 -1.090e-05 -1.662e-05 
  2.130e-08 -1.226e-08  2.575e-07 -1.009e-06 -2.038e-07  1.284e-07  7.676e-09 
  2.235e-06 -2.617e-03 -1.009e-06  3.063e-01 -8.642e-03 -1.115e-03  1.181e-03 
 -1.939e-07 -8.661e-05 -2.038e-07 -8.642e-03  2.550e-03 -3.908e-05  3.887e-05 
 -1.753e-07 -1.090e-05  1.284e-07 -1.115e-03 -3.908e-05  1.070e-04 -1.397e-06 
  5.087e-08 -1.662e-05  7.676e-09  1.181e-03  3.887e-05 -1.397e-06  7.643e-06 
 PARAMETER  CORRELATION COEFFICIENTS  
       NO.  GLOBAL      6      7     14     18     19     20     22
        6  0.20287   1.000  0.007  0.081  0.008 -0.007 -0.033  0.035
        7  0.99964   0.007  1.000 -0.004 -0.748 -0.271 -0.167 -0.950
       14  0.09579   0.081 -0.004  1.000 -0.004 -0.008  0.024  0.005
       18  0.99950   0.008 -0.748 -0.004  1.000 -0.309 -0.195  0.772
       19  0.99865  -0.007 -0.271 -0.008 -0.309  1.000 -0.075  0.278
       20  0.99751  -0.033 -0.167  0.024 -0.195 -0.075  1.000 -0.049
       22  0.99107   0.035 -0.950  0.005  0.772  0.278 -0.049  1.000
MINUIT - FIT ONLY 2-CBO
 **********
 **   43 **RES 
 **********
                   PARAMETER    8  phi_CBO RESTORED TO VARIABLE.
                   PARAMETER    4  phi RESTORED TO VARIABLE.
                   PARAMETER    3  A0 RESTORED TO VARIABLE.
                   PARAMETER    1  N0 RESTORED TO VARIABLE.
 **********
 **   44 **FIX            0
 **********
 PARAMETER    0  IS UNDEFINED. IGNORED.
 **********
 **   45 **FIX            1
 **********
 **********
 **   46 **FIX            2
 **********
 PARAMETER    2  IS CONSTANT.   IGNORED.
 **********
 **   47 **FIX            3
 **********
 **********
 **   48 **FIX            4
 **********
 **********
 **   49 **FIX            5
 **********
 PARAMETER    5  IS CONSTANT.   IGNORED.
 **********
 **   50 **FIX            6
 **********
 **********
 **   51 **FIX            7
 **********
 **********
 **   52 **FIX           10
 **********
 PARAMETER   10  IS CONSTANT.   IGNORED.
 **********
 **   53 **FIX           11
 **********
 PARAMETER   11  IS CONSTANT.   IGNORED.
 **********
 **   54 **FIX           12
 **********
 PARAMETER   12  IS CONSTANT.   IGNORED.
 **********
 **   55 **FIX           13
 **********
 PARAMETER   13  IS CONSTANT.   IGNORED.
 **********
 **   56 **FIX           14
 **********
 **********
 **   57 **FIX           15
 **********
 PARAMETER   15  IS CONSTANT.   IGNORED.
 **********
 **   58 **FIX           16
 **********
 PARAMETER   16  IS CONSTANT.   IGNORED.
 **********
 **   59 **MIGRAD
 **********
 START MIGRAD MINIMIZATION.  STRATEGY  1.  CONVERGENCE WHEN EDM .LT. 1.00e-04
 FCN=312.31 FROM MIGRAD    STATUS=INITIATE       12 CALLS         695 TOTAL
                     EDM= unknown      STRATEGY= 1      NO ERROR MATRIX       
  EXT PARAMETER               CURRENT GUESS       STEP         FIRST   
  NO.   NAME      VALUE            ERROR          SIZE      DERIVATIVE 
   1  N0           2.73998e+06     fixed    
   2  tau          6.44023e+01   constant   
   3  A0           3.54003e-01     fixed    
   4  phi          4.11659e+00     fixed    
   5  R           -5.91816e+01   constant   
   6  A_CBO        2.63440e-04     fixed    
   7  w_CBO        2.32664e+00     fixed    
   8  phi_CBO      3.36833e+00   6.08164e-01   6.08164e-01   4.30235e-01
   9  ANx2         7.44254e-04   constant   
  10  pNx2         1.53785e+00   constant   
  11  ANy1         0.00000e+00   constant   
  12  pNy1         0.00000e+00   constant   
  13  w_y          0.00000e+00   constant   
  14  ANy2         2.63848e-04     fixed    
  15  pNy2         3.64406e+00   constant   
  16  w_vw         1.43170e+01   constant   
  17  LM          -4.99363e-05   constant   
  18  wCBO_expCoeff   1.99608e+02   5.53464e-01   1.50566e-04   2.60587e-02
  19  wCBO_expOffset   1.99964e+02   5.05007e-02   9.53503e-05   1.63804e-01
  20  wCBO_expT    3.00229e+01   1.03461e-02   1.43161e-05   5.78954e-01
  21  wCBO_linCoeff   0.00000e+00   constant   
  22  wCBO_const  -1.49673e-03   2.76456e-03   3.18615e-06   1.02968e+00
 MIGRAD MINIMIZATION HAS CONVERGED.
 MIGRAD WILL VERIFY CONVERGENCE AND ERROR MATRIX.
 COVARIANCE MATRIX CALCULATED SUCCESSFULLY
 FCN=312.152 FROM MIGRAD    STATUS=CONVERGED     123 CALLS         806 TOTAL
                     EDM=3.85686e-08    STRATEGY= 1      ERROR MATRIX ACCURATE 
  EXT PARAMETER                                   STEP         FIRST   
  NO.   NAME      VALUE            ERROR          SIZE      DERIVATIVE 
   1  N0           2.73998e+06     fixed    
   2  tau          6.44023e+01   constant   
   3  A0           3.54003e-01     fixed    
   4  phi          4.11659e+00     fixed    
   5  R           -5.91816e+01   constant   
   6  A_CBO        2.63440e-04     fixed    
   7  w_CBO        2.32664e+00     fixed    
   8  phi_CBO      2.65290e+00   1.77686e+00   1.49653e-02   6.62471e-05
   9  ANx2         7.44254e-04   constant   
  10  pNx2         1.53785e+00   constant   
  11  ANy1         0.00000e+00   constant   
  12  pNy1         0.00000e+00   constant   
  13  w_y          0.00000e+00   constant   
  14  ANy2         2.63848e-04     fixed    
  15  pNy2         3.64406e+00   constant   
  16  w_vw         1.43170e+01   constant   
  17  LM          -4.99363e-05   constant   
  18  wCBO_expCoeff   1.99601e+02   4.27986e-01   1.49350e-04  -5.33318e-03
  19  wCBO_expOffset   1.99963e+02   5.80141e-02   9.53498e-05  -3.54847e-02
  20  wCBO_expT    3.00236e+01   1.07672e-02   1.43164e-05  -1.28968e-01
  21  wCBO_linCoeff   0.00000e+00   constant   
  22  wCBO_const  -1.56580e-03   8.86928e-04   3.14545e-06   2.37947e-02
 EXTERNAL ERROR MATRIX.    NDIM=  25    NPAR=  5    ERR DEF=1
  3.157e+00  3.472e-02  1.717e-03 -2.253e-03  2.947e-04 
  3.472e-02  1.832e-01 -2.086e-02 -2.042e-03  1.092e-04 
  1.717e-03 -2.086e-02  3.366e-03 -6.813e-05  3.326e-06 
 -2.253e-03 -2.042e-03 -6.813e-05  1.159e-04 -6.786e-06 
  2.947e-04  1.092e-04  3.326e-06 -6.786e-06  7.866e-07 
 PARAMETER  CORRELATION COEFFICIENTS  
       NO.  GLOBAL      8     18     19     20     22
        8  0.22465   1.000  0.046  0.017 -0.118  0.187
       18  0.99918   0.046  1.000 -0.840 -0.443  0.288
       19  0.99900   0.017 -0.840  1.000 -0.109  0.065
       20  0.99773  -0.118 -0.443 -0.109  1.000 -0.711
       22  0.91178   0.187  0.288  0.065 -0.711  1.000
MINUIT - FIT ONLY 1-y
 **********
 **   60 **RES 
 **********
                   PARAMETER   14  ANy2 RESTORED TO VARIABLE.
                   PARAMETER    7  w_CBO RESTORED TO VARIABLE.
                   PARAMETER    6  A_CBO RESTORED TO VARIABLE.
                   PARAMETER    4  phi RESTORED TO VARIABLE.
                   PARAMETER    3  A0 RESTORED TO VARIABLE.
                   PARAMETER    1  N0 RESTORED TO VARIABLE.
 **********
 **   61 **FIX            0
 **********
 PARAMETER    0  IS UNDEFINED. IGNORED.
 **********
 **   62 **FIX            1
 **********
 **********
 **   63 **FIX            2
 **********
 PARAMETER    2  IS CONSTANT.   IGNORED.
 **********
 **   64 **FIX            3
 **********
 **********
 **   65 **FIX            4
 **********
 **********
 **   66 **FIX            5
 **********
 PARAMETER    5  IS CONSTANT.   IGNORED.
 **********
 **   67 **FIX            6
 **********
 **********
 **   68 **FIX            7
 **********
 **********
 **   69 **FIX            8
 **********
 **********
 **   70 **FIX            9
 **********
 PARAMETER    9  IS CONSTANT.   IGNORED.
 **********
 **   71 **FIX           13
 **********
 PARAMETER   13  IS CONSTANT.   IGNORED.
 **********
 **   72 **FIX           14
 **********
 **********
 **   73 **FIX           15
 **********
 PARAMETER   15  IS CONSTANT.   IGNORED.
 **********
 **   74 **FIX           16
 **********
 PARAMETER   16  IS CONSTANT.   IGNORED.
 **********
 **   75 **MIGRAD
 **********
 START MIGRAD MINIMIZATION.  STRATEGY  1.  CONVERGENCE WHEN EDM .LT. 1.00e-04
 FCN=312.152 FROM MIGRAD    STATUS=INITIATE        8 CALLS         814 TOTAL
                     EDM= unknown      STRATEGY= 1      NO ERROR MATRIX       
  EXT PARAMETER               CURRENT GUESS       STEP         FIRST   
  NO.   NAME      VALUE            ERROR          SIZE      DERIVATIVE 
   1  N0           2.73998e+06     fixed    
   2  tau          6.44023e+01   constant   
   3  A0           3.54003e-01     fixed    
   4  phi          4.11659e+00     fixed    
   5  R           -5.91816e+01   constant   
   6  A_CBO        2.63440e-04     fixed    
   7  w_CBO        2.32664e+00     fixed    
   8  phi_CBO      2.65290e+00     fixed    
   9  ANx2         7.44254e-04   constant   
  10  pNx2         1.53785e+00   constant   
  11  ANy1         0.00000e+00   constant   
  12  pNy1         0.00000e+00   constant   
  13  w_y          0.00000e+00   constant   
  14  ANy2         2.63848e-04     fixed    
  15  pNy2         3.64406e+00   constant   
  16  w_vw         1.43170e+01   constant   
  17  LM          -4.99363e-05   constant   
  18  wCBO_expCoeff   1.99601e+02   4.27986e-01   1.49350e-04  -5.38352e-03
  19  wCBO_expOffset   1.99963e+02   5.80141e-02   9.53498e-05  -4.20810e-02
  20  wCBO_expT    3.00236e+01   1.07672e-02   1.43164e-05  -1.32229e-01
  21  wCBO_linCoeff   0.00000e+00   constant   
  22  wCBO_const  -1.56580e-03   8.86928e-04   3.14545e-06   2.43763e-02
 MIGRAD MINIMIZATION HAS CONVERGED.
 MIGRAD WILL VERIFY CONVERGENCE AND ERROR MATRIX.
 COVARIANCE MATRIX CALCULATED SUCCESSFULLY
 FCN=312.152 FROM MIGRAD    STATUS=CONVERGED      47 CALLS         853 TOTAL
                     EDM=2.16809e-08    STRATEGY= 1      ERROR MATRIX ACCURATE 
  EXT PARAMETER                                   STEP         FIRST   
  NO.   NAME      VALUE            ERROR          SIZE      DERIVATIVE 
   1  N0           2.73998e+06     fixed    
   2  tau          6.44023e+01   constant   
   3  A0           3.54003e-01     fixed    
   4  phi          4.11659e+00     fixed    
   5  R           -5.91816e+01   constant   
   6  A_CBO        2.63440e-04     fixed    
   7  w_CBO        2.32664e+00     fixed    
   8  phi_CBO      2.65290e+00     fixed    
   9  ANx2         7.44254e-04   constant   
  10  pNx2         1.53785e+00   constant   
  11  ANy1         0.00000e+00   constant   
  12  pNy1         0.00000e+00   constant   
  13  w_y          0.00000e+00   constant   
  14  ANy2         2.63848e-04     fixed    
  15  pNy2         3.64406e+00   constant   
  16  w_vw         1.43170e+01   constant   
  17  LM          -4.99363e-05   constant   
  18  wCBO_expCoeff   1.99601e+02   4.27439e-01   1.49331e-04   3.12509e-04
  19  wCBO_expOffset   1.99963e+02   5.79898e-02   9.53498e-05   2.01191e-03
  20  wCBO_expT    3.00236e+01   1.06916e-02   1.43164e-05   6.23073e-03
  21  wCBO_linCoeff   0.00000e+00   constant   
  22  wCBO_const  -1.56580e-03   8.71254e-04   3.14722e-06   2.40628e-01
 EXTERNAL ERROR MATRIX.    NDIM=  25    NPAR=  4    ERR DEF=1
  1.827e-01 -2.087e-02 -2.017e-03  1.060e-04 
 -2.087e-02  3.363e-03 -6.690e-05  3.165e-06 
 -2.017e-03 -6.690e-05  1.143e-04 -6.575e-06 
  1.060e-04  3.165e-06 -6.575e-06  7.591e-07 
 PARAMETER  CORRELATION COEFFICIENTS  
       NO.  GLOBAL     18     19     20     22
       18  0.99918   1.000 -0.842 -0.441  0.285
       19  0.99899  -0.842  1.000 -0.108  0.063
       20  0.99770  -0.441 -0.108  1.000 -0.706
       22  0.90842   0.285  0.063 -0.706  1.000
MINUIT - FIT ONLY 2-y
 **********
 **   76 **RES 
 **********
                   PARAMETER   14  ANy2 RESTORED TO VARIABLE.
                   PARAMETER    8  phi_CBO RESTORED TO VARIABLE.
                   PARAMETER    7  w_CBO RESTORED TO VARIABLE.
                   PARAMETER    6  A_CBO RESTORED TO VARIABLE.
                   PARAMETER    4  phi RESTORED TO VARIABLE.
                   PARAMETER    3  A0 RESTORED TO VARIABLE.
                   PARAMETER    1  N0 RESTORED TO VARIABLE.
 **********
 **   77 **FIX            0
 **********
 PARAMETER    0  IS UNDEFINED. IGNORED.
 **********
 **   78 **FIX            1
 **********
 **********
 **   79 **FIX            2
 **********
 PARAMETER    2  IS CONSTANT.   IGNORED.
 **********
 **   80 **FIX            3
 **********
 **********
 **   81 **FIX            4
 **********
 **********
 **   82 **FIX            5
 **********
 PARAMETER    5  IS CONSTANT.   IGNORED.
 **********
 **   83 **FIX            6
 **********
 **********
 **   84 **FIX            7
 **********
 **********
 **   85 **FIX            8
 **********
 **********
 **   86 **FIX            9
 **********
 PARAMETER    9  IS CONSTANT.   IGNORED.
 **********
 **   87 **FIX           10
 **********
 PARAMETER   10  IS CONSTANT.   IGNORED.
 **********
 **   88 **FIX           11
 **********
 PARAMETER   11  IS CONSTANT.   IGNORED.
 **********
 **   89 **FIX           12
 **********
 PARAMETER   12  IS CONSTANT.   IGNORED.
 **********
 **   90 **FIX           16
 **********
 PARAMETER   16  IS CONSTANT.   IGNORED.
 **********
 **   91 **MIGRAD
 **********
 START MIGRAD MINIMIZATION.  STRATEGY  1.  CONVERGENCE WHEN EDM .LT. 1.00e-04
 FCN=312.152 FROM MIGRAD    STATUS=INITIATE       10 CALLS         863 TOTAL
                     EDM= unknown      STRATEGY= 1      NO ERROR MATRIX       
  EXT PARAMETER               CURRENT GUESS       STEP         FIRST   
  NO.   NAME      VALUE            ERROR          SIZE      DERIVATIVE 
   1  N0           2.73998e+06     fixed    
   2  tau          6.44023e+01   constant   
   3  A0           3.54003e-01     fixed    
   4  phi          4.11659e+00     fixed    
   5  R           -5.91816e+01   constant   
   6  A_CBO        2.63440e-04     fixed    
   7  w_CBO        2.32664e+00     fixed    
   8  phi_CBO      2.65290e+00     fixed    
   9  ANx2         7.44254e-04   constant   
  10  pNx2         1.53785e+00   constant   
  11  ANy1         0.00000e+00   constant   
  12  pNy1         0.00000e+00   constant   
  13  w_y          0.00000e+00   constant   
  14  ANy2         2.63848e-04   5.07403e-04   5.07403e-04   6.04287e+01
  15  pNy2         3.64406e+00   constant   
  16  w_vw         1.43170e+01   constant   
  17  LM          -4.99363e-05   constant   
  18  wCBO_expCoeff   1.99601e+02   4.27439e-01   1.49331e-04   2.89918e-04
  19  wCBO_expOffset   1.99963e+02   5.79898e-02   9.53498e-05  -4.58904e-03
  20  wCBO_expT    3.00236e+01   1.06916e-02   1.43164e-05   1.92292e-03
  21  wCBO_linCoeff   0.00000e+00   constant   
  22  wCBO_const  -1.56580e-03   8.71254e-04   3.14722e-06   2.44146e-01
 MIGRAD MINIMIZATION HAS CONVERGED.
 MIGRAD WILL VERIFY CONVERGENCE AND ERROR MATRIX.
 COVARIANCE MATRIX CALCULATED SUCCESSFULLY
 FCN=312.151 FROM MIGRAD    STATUS=CONVERGED      52 CALLS         905 TOTAL
                     EDM=1.39092e-06    STRATEGY= 1      ERROR MATRIX ACCURATE 
  EXT PARAMETER                                   STEP         FIRST   
  NO.   NAME      VALUE            ERROR          SIZE      DERIVATIVE 
   1  N0           2.73998e+06     fixed    
   2  tau          6.44023e+01   constant   
   3  A0           3.54003e-01     fixed    
   4  phi          4.11659e+00     fixed    
   5  R           -5.91816e+01   constant   
   6  A_CBO        2.63440e-04     fixed    
   7  w_CBO        2.32664e+00     fixed    
   8  phi_CBO      2.65290e+00     fixed    
   9  ANx2         7.44254e-04   constant   
  10  pNx2         1.53785e+00   constant   
  11  ANy1         0.00000e+00   constant   
  12  pNy1         0.00000e+00   constant   
  13  w_y          0.00000e+00   constant   
  14  ANy2         2.56141e-04   5.05814e-04   4.36414e-06  -4.76351e-03
  15  pNy2         3.64406e+00   constant   
  16  w_vw         1.43170e+01   constant   
  17  LM          -4.99363e-05   constant   
  18  wCBO_expCoeff   1.99601e+02   4.29080e-01   1.49331e-04  -8.29869e-02
  19  wCBO_expOffset   1.99963e+02   5.82457e-02   9.53498e-05  -5.53319e-01
  20  wCBO_expT    3.00236e+01   1.07072e-02   1.43164e-05  -1.86452e+00
  21  wCBO_linCoeff   0.00000e+00   constant   
  22  wCBO_const  -1.56581e-03   8.71524e-04   3.14722e-06  -2.49675e+00
 EXTERNAL ERROR MATRIX.    NDIM=  25    NPAR=  5    ERR DEF=1
  2.558e-07 -2.040e-06 -2.561e-07  1.492e-07 -5.125e-09 
 -2.040e-06  1.841e-01 -2.106e-02 -2.023e-03  1.063e-04 
 -2.561e-07 -2.106e-02  3.393e-03 -6.715e-05  3.174e-06 
  1.492e-07 -2.023e-03 -6.715e-05  1.146e-04 -6.590e-06 
 -5.125e-09  1.063e-04  3.174e-06 -6.590e-06  7.596e-07 
 PARAMETER  CORRELATION COEFFICIENTS  
       NO.  GLOBAL     14     18     19     20     22
       14  0.05424   1.000 -0.009 -0.009  0.028 -0.012
       18  0.99919  -0.009  1.000 -0.843 -0.440  0.284
       19  0.99900  -0.009 -0.843  1.000 -0.108  0.063
       20  0.99771   0.028 -0.440 -0.108  1.000 -0.706
       22  0.90848  -0.012  0.284  0.063 -0.706  1.000
MINUIT - FIT ALTOGETHER
 **********
 **   92 **RES 
 **********
                   PARAMETER    8  phi_CBO RESTORED TO VARIABLE.
                   PARAMETER    7  w_CBO RESTORED TO VARIABLE.
                   PARAMETER    6  A_CBO RESTORED TO VARIABLE.
                   PARAMETER    4  phi RESTORED TO VARIABLE.
                   PARAMETER    3  A0 RESTORED TO VARIABLE.
                   PARAMETER    1  N0 RESTORED TO VARIABLE.
 **********
 **   93 **MIGRAD
 **********
 START MIGRAD MINIMIZATION.  STRATEGY  1.  CONVERGENCE WHEN EDM .LT. 1.00e-04
 FCN=312.151 FROM MIGRAD    STATUS=INITIATE       22 CALLS         927 TOTAL
                     EDM= unknown      STRATEGY= 1      NO ERROR MATRIX       
  EXT PARAMETER               CURRENT GUESS       STEP         FIRST   
  NO.   NAME      VALUE            ERROR          SIZE      DERIVATIVE 
   1  N0           2.73998e+06   9.77778e+02   9.77778e+02  -1.77382e-04
   2  tau          6.44023e+01   constant   
   3  A0           3.54003e-01   4.77896e-04   4.77896e-04  -1.08209e+03
   4  phi          4.11659e+00   1.40686e-03   1.40686e-03  -3.17822e+01
   5  R           -5.91816e+01   constant   
   6  A_CBO        2.63440e-04   5.19127e-04   5.19127e-04  -5.25063e+02
   7  w_CBO        2.32664e+00   6.32420e-03   6.32420e-03  -8.19475e+00
   8  phi_CBO      2.65290e+00   1.77686e+00   1.77686e+00   1.19514e-03
   9  ANx2         7.44254e-04   constant   
  10  pNx2         1.53785e+00   constant   
  11  ANy1         0.00000e+00   constant   
  12  pNy1         0.00000e+00   constant   
  13  w_y          0.00000e+00   constant   
  14  ANy2         2.56141e-04   5.05814e-04   4.36414e-06  -4.76441e-03
  15  pNy2         3.64406e+00   constant   
  16  w_vw         1.43170e+01   constant   
  17  LM          -4.99363e-05   constant   
  18  wCBO_expCoeff   1.99601e+02   4.29080e-01   1.49331e-04  -8.30367e-02
  19  wCBO_expOffset   1.99963e+02   5.82457e-02   9.53498e-05  -5.58268e-01
  20  wCBO_expT    3.00236e+01   1.07072e-02   1.43164e-05  -1.86774e+00
  21  wCBO_linCoeff   0.00000e+00   constant   
  22  wCBO_const  -1.56581e-03   8.71524e-04   3.14722e-06  -2.49323e+00
 MIGRAD MINIMIZATION HAS CONVERGED.
 MIGRAD WILL VERIFY CONVERGENCE AND ERROR MATRIX.
 COVARIANCE MATRIX CALCULATED SUCCESSFULLY
 FCN=312.06 FROM MIGRAD    STATUS=CONVERGED     221 CALLS        1126 TOTAL
                     EDM=1.79734e-05    STRATEGY= 1      ERROR MATRIX ACCURATE 
  EXT PARAMETER                                   STEP         FIRST   
  NO.   NAME      VALUE            ERROR          SIZE      DERIVATIVE 
