 + ++++++++++++++++++++++++++++++++++++++++++++++++++++++++++++++++++++ +
 +                                                                      +
 +           You have chose to blind your fitting according to          +
 +                omega_ref * (1 + (R +/- deltaR) *10^{-6})             +
 +                                                                      +
 + ++++++++++++++++++++++++++++++++++++++++++++++++++++++++++++++++++++ +
In main()...
reading format from /gm2data/zkhechad/run45/envelope/formats/formatB_sBin_constraintOn.txt
pBinTau 	= 0  
pBinPhi 	= 0  
constraintau 	= 1 
includeMopTerm 	= 0    
constrainMop    = 0   
Parameters after format file: pBinTau 0 pBinPhi 0 constraintau 1 includeMopTerm 0 constrainMop 0 c_e_scale 0.000000 
reading cbo reference file (full fit) from /gm2data/zkhechad/cboTemplates/Run4CBOTemplates/fullFits/run4/sBin_constraintOn_cE0.0_seed0_run4_calo16.root
A_CBO 0.009336 w_CBO 2.326091 phi_CBO 1.561564 N0 3000865.229519 R -62.230085 tau 64.400102 
Reading cboRef file /gm2data/zkhechad/cboTemplates/Run4CBOTemplates//cboIsolate/run4_calo16.root
deltaT 11.066850
windowBins = 120
fitting sliding window 340 from bin 543 at 81.015600 to bin 663 at 98.919600 (120 bins)

Reading data from /gm2data/cornell/histograms/aMethod/histogram_a_run4.root
fitting cbo isolate
 **********
 **    1 **SET PRINTOUT            1
 **********
 **********
 **    2 **SET NOWARNINGS 
 **********
 PARAMETER DEFINITIONS:
    NO.   NAME         VALUE      STEP SIZE      LIMITS
     1 A_CBO        9.33615e-03  1.00000e-05     no limits
     2 w_CBO        2.32609e+00  1.00000e-02    2.00000e+00  3.00000e+00
     3 phi_CBO      1.56156e+00  1.00000e-02    0.00000e+00  6.28319e+00
 **********
 **    3 **MIGRAD
 **********
 FIRST CALL TO USER FUNCTION AT NEW START POINT, WITH IFLAG=4.
 START MIGRAD MINIMIZATION.  STRATEGY  1.  CONVERGENCE WHEN EDM .LT. 1.00e-04
 FCN=0.000925381 FROM MIGRAD    STATUS=INITIATE       10 CALLS          11 TOTAL
                     EDM= unknown      STRATEGY= 1      NO ERROR MATRIX       
  EXT PARAMETER               CURRENT GUESS       STEP         FIRST   
  NO.   NAME      VALUE            ERROR          SIZE      DERIVATIVE 
   1  A_CBO        9.33615e-03   1.00000e-05   1.00000e-05   4.44091e-01
   2  w_CBO        2.32609e+00   1.00000e-02   2.13342e-02  -1.03992e-03
   3  phi_CBO      1.56156e+00   1.00000e-02   3.68279e-03   6.11182e-05
 MIGRAD MINIMIZATION HAS CONVERGED.
 MIGRAD WILL VERIFY CONVERGENCE AND ERROR MATRIX.
 COVARIANCE MATRIX CALCULATED SUCCESSFULLY
 FCN=8.84172e-05 FROM MIGRAD    STATUS=CONVERGED      35 CALLS          36 TOTAL
                     EDM=2.54342e-06    STRATEGY= 1      ERROR MATRIX ACCURATE 
  EXT PARAMETER                                   STEP         FIRST   
  NO.   NAME      VALUE            ERROR          SIZE      DERIVATIVE 
   1  A_CBO        5.56682e-03   1.35258e-01   6.36209e-05   1.25333e-07
   2  w_CBO        2.32613e+00   5.27771e-01   2.03587e-04   6.18105e-04
   3  phi_CBO      1.55810e+00   3.62422e+00   3.15501e-03  -3.21447e-05
 EXTERNAL ERROR MATRIX.    NDIM=  25    NPAR=  3    ERR DEF=1
  1.829e-02 -3.190e-01 -2.864e+01 
 -3.190e-01  7.713e+01  6.924e+03 
 -2.864e+01  6.924e+03  6.221e+05 
 PARAMETER  CORRELATION COEFFICIENTS  
       NO.  GLOBAL      1      2      3
        1  0.26855   1.000 -0.269 -0.268
        2  0.99957  -0.269  1.000  1.000
        3  0.99957  -0.268  1.000  1.000
setting A_CBO=0.005567 w_CBO=2.326133, phi_CBO=1.558101
done fitting cbo isolate
 **********
 **    1 **SET PRINTOUT            1
 **********
 **********
 **    2 **SET NOWARNINGS 
 **********
 PARAMETER DEFINITIONS:
    NO.   NAME         VALUE      STEP SIZE      LIMITS
     1 N0           3.00087e+06  1.00000e+02     no limits
     2 tau          6.44001e+01  constant
     3 A0           3.49583e-01  1.00000e-04     no limits
     4 phi          4.11719e+00  1.00000e-02     no limits
     5 R           -6.22301e+01  constant
     6 A_CBO        5.56682e-03  1.00000e-05     no limits
     7 w_CBO        2.32613e+00  1.00000e-03     no limits
     8 phi_CBO      1.55810e+00  1.00000e-04     no limits
     9 ANx2         8.68669e-04  constant
    10 pNx2         4.82289e+00  constant
    11 ANy1         0.00000e+00  constant
    12 pNy1         0.00000e+00  constant
    13 w_y          0.00000e+00  constant
    14 ANy2         6.17882e-03  1.00000e-04     no limits
    15 pNy2         1.49923e+00  constant
    16 w_vw         1.43037e+01  constant
    17 LM          -2.26665e-04  constant
    18 wCBO_expCoeff   2.00000e+02  1.00000e+00     no limits
    19 wCBO_expOffset   2.00000e+02  1.00000e+00     no limits
    20 wCBO_expT    3.00000e+01  1.00000e+00     no limits
    21 wCBO_linCoeff   0.00000e+00  constant
    22 wCBO_const   0.00000e+00  1.00000e-02     no limits
MINUIT - FIT ONLY WIGGLE
 **********
 **    3 **FIX            5
 **********
 PARAMETER    5  IS CONSTANT.   IGNORED.
 **********
 **    4 **FIX            6
 **********
 **********
 **    5 **FIX            7
 **********
 **********
 **    6 **FIX            8
 **********
 **********
 **    7 **FIX            9
 **********
 PARAMETER    9  IS CONSTANT.   IGNORED.
 **********
 **    8 **FIX           10
 **********
 PARAMETER   10  IS CONSTANT.   IGNORED.
 **********
 **    9 **FIX           11
 **********
 PARAMETER   11  IS CONSTANT.   IGNORED.
 **********
 **   10 **FIX           12
 **********
 PARAMETER   12  IS CONSTANT.   IGNORED.
 **********
 **   11 **FIX           13
 **********
 PARAMETER   13  IS CONSTANT.   IGNORED.
 **********
 **   12 **FIX           14
 **********
 **********
 **   13 **FIX           15
 **********
 PARAMETER   15  IS CONSTANT.   IGNORED.
 **********
 **   14 **FIX           16
 **********
 PARAMETER   16  IS CONSTANT.   IGNORED.
 **********
 **   15 **MIGRAD
 **********
 FIRST CALL TO USER FUNCTION AT NEW START POINT, WITH IFLAG=4.
 START MIGRAD MINIMIZATION.  STRATEGY  1.  CONVERGENCE WHEN EDM .LT. 1.00e-04
 FCN=1989.4 FROM MIGRAD    STATUS=INITIATE       57 CALLS          58 TOTAL
                     EDM= unknown      STRATEGY= 1      NO ERROR MATRIX       
  EXT PARAMETER               CURRENT GUESS       STEP         FIRST   
  NO.   NAME      VALUE            ERROR          SIZE      DERIVATIVE 
   1  N0           3.00087e+06   1.00000e+02   0.00000e+00  -3.05141e-02
   2  tau          6.44001e+01   constant   
   3  A0           3.49583e-01   1.00000e-04   0.00000e+00  -3.72468e+04
   4  phi          4.11719e+00   1.00000e-02   0.00000e+00   2.41791e+04
   5  R           -6.22301e+01   constant   
   6  A_CBO        5.56682e-03     fixed    
   7  w_CBO        2.32613e+00     fixed    
   8  phi_CBO      1.55810e+00     fixed    
   9  ANx2         8.68669e-04   constant   
  10  pNx2         4.82289e+00   constant   
  11  ANy1         0.00000e+00   constant   
  12  pNy1         0.00000e+00   constant   
  13  w_y          0.00000e+00   constant   
  14  ANy2         6.17882e-03     fixed    
  15  pNy2         1.49923e+00   constant   
  16  w_vw         1.43037e+01   constant   
  17  LM          -2.26665e-04   constant   
  18  wCBO_expCoeff   2.00000e+02   1.00000e+00  -1.93355e-04  -2.23880e+05
  19  wCBO_expOffset   2.00000e+02   1.00000e+00   0.00000e+00   1.98603e+06
  20  wCBO_expT    3.00000e+01   1.00000e+00   0.00000e+00   2.41940e+07
  21  wCBO_linCoeff   0.00000e+00   constant   
  22  wCBO_const   0.00000e+00   1.00000e-02   0.00000e+00  -1.80580e+04
 MIGRAD FAILS TO FIND IMPROVEMENT
 FCN=1967.41 FROM HESSE     STATUS=NOT POSDEF     56 CALLS         141 TOTAL
                     EDM=51545.3    STRATEGY= 1      ERR MATRIX NOT POS-DEF
  EXT PARAMETER                APPROXIMATE        STEP         FIRST   
  NO.   NAME      VALUE            ERROR          SIZE      DERIVATIVE 
   1  N0           3.00168e+06   7.85836e+02   7.99997e+00  -2.17169e-02
   2  tau          6.44001e+01   constant   
   3  A0           3.49781e-01   1.91137e-04   3.58594e-06  -2.73140e+04
   4  phi          4.11603e+00   1.29252e-03   1.07571e-05   1.68514e+04
   5  R           -6.22301e+01   constant   
   6  A_CBO        5.56682e-03     fixed    
   7  w_CBO        2.32613e+00     fixed    
   8  phi_CBO      1.55810e+00     fixed    
   9  ANx2         8.68669e-04   constant   
  10  pNx2         4.82289e+00   constant   
  11  ANy1         0.00000e+00   constant   
  12  pNy1         0.00000e+00   constant   
  13  w_y          0.00000e+00   constant   
  14  ANy2         6.17882e-03     fixed    
  15  pNy2         1.49923e+00   constant   
  16  w_vw         1.43037e+01   constant   
  17  LM          -2.26665e-04   constant   
  18  wCBO_expCoeff   2.00000e+02   5.83469e-05   9.53673e-05  -2.16928e+06
  19  wCBO_expOffset   2.00000e+02   3.71463e-05   9.53674e-05  -1.33380e+07
  20  wCBO_expT    3.00000e+01   2.93886e-06   1.43051e-05   2.88188e+07
  21  wCBO_linCoeff   0.00000e+00   constant   
  22  wCBO_const   1.42240e-04   9.24817e-04   4.36397e-06  -5.82418e+04
 MIGRAD FAILS TO FIND IMPROVEMENT
 MIGRAD TERMINATED WITHOUT CONVERGENCE.
 FCN=1932.59 FROM MIGRAD    STATUS=FAILED        188 CALLS         189 TOTAL
                     EDM=192.101    STRATEGY= 1      ERR MATRIX NOT POS-DEF
  EXT PARAMETER                APPROXIMATE        STEP         FIRST   
  NO.   NAME      VALUE            ERROR          SIZE      DERIVATIVE 
   1  N0           3.00200e+06   3.50082e+02   0.00000e+00  -1.17686e-02
   2  tau          6.44001e+01   constant   
   3  A0           3.49837e-01   1.45786e-04   0.00000e+00  -1.44988e+04
   4  phi          4.11552e+00   4.87093e-04  -0.00000e+00   9.14146e+03
   5  R           -6.22301e+01   constant   
   6  A_CBO        5.56682e-03     fixed    
   7  w_CBO        2.32613e+00     fixed    
   8  phi_CBO      1.55810e+00     fixed    
   9  ANx2         8.68669e-04   constant   
  10  pNx2         4.82289e+00   constant   
  11  ANy1         0.00000e+00   constant   
  12  pNy1         0.00000e+00   constant   
  13  w_y          0.00000e+00   constant   
  14  ANy2         6.17882e-03     fixed    
  15  pNy2         1.49923e+00   constant   
  16  w_vw         1.43037e+01   constant   
  17  LM          -2.26665e-04   constant   
  18  wCBO_expCoeff   2.00000e+02   9.52244e-06  -0.00000e+00   1.12701e+06
  19  wCBO_expOffset   2.00000e+02   7.81942e-07  -0.00000e+00   5.46458e+05
  20  wCBO_expT    3.00000e+01   4.17607e-07  -0.00000e+00   2.09599e+07
  21  wCBO_linCoeff   0.00000e+00   constant   
  22  wCBO_const   5.20097e-04   3.55825e-04   0.00000e+00   1.87509e+04
 EXTERNAL ERROR MATRIX.    NDIM=  25    NPAR=  7    ERR DEF=1
  1.226e+05  1.593e-03 -3.042e-02 -1.094e-03  1.491e-05 -4.832e-05  2.432e-02 
  1.593e-03  2.125e-08 -2.476e-09 -4.258e-11  1.297e-13 -7.377e-13 -1.306e-09 
 -3.042e-02 -2.476e-09  2.373e-07  1.924e-09 -2.835e-11  8.620e-11 -4.711e-08 
 -1.094e-03 -4.258e-11  1.924e-09  9.068e-11 -1.959e-13  2.791e-12 -3.217e-09 
  1.491e-05  1.297e-13 -2.835e-11 -1.959e-13  6.114e-13  5.440e-14 -7.294e-12 
 -4.832e-05 -7.377e-13  8.620e-11  2.791e-12  5.440e-14  1.744e-13 -9.754e-11 
  2.432e-02 -1.306e-09 -4.711e-08 -3.217e-09 -7.294e-12 -9.754e-11  1.266e-07 
ERR MATRIX NOT POS-DEF
 PARAMETER  CORRELATION COEFFICIENTS  
       NO.  GLOBAL      1      3      4     18     19     20     22
        1  0.53549   1.000  0.031 -0.178 -0.328  0.054 -0.331  0.195
        3  0.19486   0.031  1.000 -0.035 -0.031  0.001 -0.012 -0.025
        4  0.61362  -0.178 -0.035  1.000  0.415 -0.074  0.424 -0.272
       18  0.97328  -0.328 -0.031  0.415  1.000 -0.026  0.702 -0.949
       19  0.32204   0.054  0.001 -0.074 -0.026  1.000  0.167 -0.026
       20  0.75284  -0.331 -0.012  0.424  0.702  0.167  1.000 -0.656
       22  0.96794   0.195 -0.025 -0.272 -0.949 -0.026 -0.656  1.000
 ERR MATRIX NOT POS-DEF
MINUIT - FIT ONLY 1-CBO + other amplitudes 
 **********
 **   16 **RES 
 **********
                   PARAMETER   14  ANy2 RESTORED TO VARIABLE.
                   PARAMETER    8  phi_CBO RESTORED TO VARIABLE.
                   PARAMETER    7  w_CBO RESTORED TO VARIABLE.
                   PARAMETER    6  A_CBO RESTORED TO VARIABLE.
 **********
 **   17 **FIX            0
 **********
 PARAMETER    0  IS UNDEFINED. IGNORED.
 **********
 **   18 **FIX            1
 **********
 **********
 **   19 **FIX            2
 **********
 PARAMETER    2  IS CONSTANT.   IGNORED.
 **********
 **   20 **FIX            3
 **********
 **********
 **   21 **FIX            4
 **********
 **********
 **   22 **FIX            9
 **********
 PARAMETER    9  IS CONSTANT.   IGNORED.
 **********
 **   23 **FIX           11
 **********
 PARAMETER   11  IS CONSTANT.   IGNORED.
 **********
 **   24 **FIX           12
 **********
 PARAMETER   12  IS CONSTANT.   IGNORED.
 **********
 **   25 **FIX           14
 **********
 **********
 **   26 **FIX           15
 **********
 PARAMETER   15  IS CONSTANT.   IGNORED.
 **********
 **   27 **FIX           16
 **********
 PARAMETER   16  IS CONSTANT.   IGNORED.
 **********
 **   28 **MIGRAD
 **********
 START MIGRAD MINIMIZATION.  STRATEGY  1.  CONVERGENCE WHEN EDM .LT. 1.00e-04
 FCN=1932.59 FROM MIGRAD    STATUS=INITIATE       22 CALLS         211 TOTAL
                     EDM= unknown      STRATEGY= 1      NO ERROR MATRIX       
  EXT PARAMETER               CURRENT GUESS       STEP         FIRST   
  NO.   NAME      VALUE            ERROR          SIZE      DERIVATIVE 
   1  N0           3.00200e+06     fixed    
   2  tau          6.44001e+01   constant   
   3  A0           3.49837e-01     fixed    
   4  phi          4.11552e+00     fixed    
   5  R           -6.22301e+01   constant   
   6  A_CBO        5.56682e-03   1.00000e-05   1.00000e-05   1.49209e+05
   7  w_CBO        2.32613e+00   1.00000e-03   1.00000e-03   9.69062e+07
   8  phi_CBO      1.55810e+00   1.00000e-04   1.00000e-04  -1.35362e+02
   9  ANx2         8.68669e-04   constant   
  10  pNx2         4.82289e+00   constant   
  11  ANy1         0.00000e+00   constant   
  12  pNy1         0.00000e+00   constant   
  13  w_y          0.00000e+00   constant   
  14  ANy2         6.17882e-03     fixed    
  15  pNy2         1.49923e+00   constant   
  16  w_vw         1.43037e+01   constant   
  17  LM          -2.26665e-04   constant   
  18  wCBO_expCoeff   2.00000e+02   9.52244e-06  -0.00000e+00   1.12701e+06
  19  wCBO_expOffset   2.00000e+02   7.81942e-07  -0.00000e+00   5.46458e+05
  20  wCBO_expT    3.00000e+01   4.17607e-07  -0.00000e+00   2.09599e+07
  21  wCBO_linCoeff   0.00000e+00   constant   
  22  wCBO_const   5.20097e-04   3.55825e-04   0.00000e+00   1.87510e+04
 MIGRAD FAILS TO FIND IMPROVEMENT
 FCN=1791.98 FROM HESSE     STATUS=NOT POSDEF     58 CALLS         299 TOTAL
                     EDM=32156    STRATEGY= 1      ERR MATRIX NOT POS-DEF
  EXT PARAMETER                APPROXIMATE        STEP         FIRST   
  NO.   NAME      VALUE            ERROR          SIZE      DERIVATIVE 
   1  N0           3.00200e+06     fixed    
   2  tau          6.44001e+01   constant   
   3  A0           3.49837e-01     fixed    
   4  phi          4.11552e+00     fixed    
   5  R           -6.22301e+01   constant   
   6  A_CBO        3.75946e-03   1.33787e-03   3.60461e-06   3.57866e+04
   7  w_CBO        2.32613e+00   3.18914e-07   1.10919e-06  -1.43915e+08
   8  phi_CBO      1.64716e+00   1.22757e-01   1.02524e-03   1.91653e+02
   9  ANx2         8.68669e-04   constant   
  10  pNx2         4.82289e+00   constant   
  11  ANy1         0.00000e+00   constant   
  12  pNy1         0.00000e+00   constant   
  13  w_y          0.00000e+00   constant   
  14  ANy2         6.17882e-03     fixed    
  15  pNy2         1.49923e+00   constant   
  16  w_vw         1.43037e+01   constant   
  17  LM          -2.26665e-04   constant   
  18  wCBO_expCoeff   2.00000e+02   2.74194e-05   9.53673e-05  -1.67361e+06
  19  wCBO_expOffset   2.00000e+02   3.27448e-05   9.53674e-05  -1.04858e+07
  20  wCBO_expT    3.00000e+01   2.98049e-06   1.43051e-05   2.37738e+07
  21  wCBO_linCoeff   0.00000e+00   constant   
  22  wCBO_const   2.31075e-04   6.94479e-04   4.06617e-06  -4.57635e+04
 MIGRAD FAILS TO FIND IMPROVEMENT
 MIGRAD TERMINATED WITHOUT CONVERGENCE.
 FCN=1768.03 FROM MIGRAD    STATUS=FAILED        140 CALLS         329 TOTAL
                     EDM=1101.6    STRATEGY= 1      ERR MATRIX NOT POS-DEF
  EXT PARAMETER                APPROXIMATE        STEP         FIRST   
  NO.   NAME      VALUE            ERROR          SIZE      DERIVATIVE 
   1  N0           3.00200e+06     fixed    
   2  tau          6.44001e+01   constant   
   3  A0           3.49837e-01     fixed    
   4  phi          4.11552e+00     fixed    
   5  R           -6.22301e+01   constant   
   6  A_CBO        3.46635e-03   1.62035e-04   0.00000e+00   1.05005e+04
   7  w_CBO        2.32613e+00   5.87098e-08  -0.00000e+00   5.67033e+07
   8  phi_CBO      1.67252e+00   4.28873e-02  -0.00000e+00  -4.34960e+01
   9  ANx2         8.68669e-04   constant   
  10  pNx2         4.82289e+00   constant   
  11  ANy1         0.00000e+00   constant   
  12  pNy1         0.00000e+00   constant   
  13  w_y          0.00000e+00   constant   
  14  ANy2         6.17882e-03     fixed    
  15  pNy2         1.49923e+00   constant   
  16  w_vw         1.43037e+01   constant   
  17  LM          -2.26665e-04   constant   
  18  wCBO_expCoeff   2.00000e+02   5.04829e-06  -0.00000e+00   6.59466e+05
  19  wCBO_expOffset   2.00000e+02   1.41750e-06  -0.00000e+00   4.72595e+05
  20  wCBO_expT    3.00000e+01   3.66314e-07  -0.00000e+00   1.37107e+07
  21  wCBO_linCoeff   0.00000e+00   constant   
  22  wCBO_const   8.66296e-05   2.29607e-04   0.00000e+00   9.87597e+03
 EXTERNAL ERROR MATRIX.    NDIM=  25    NPAR=  7    ERR DEF=1
  2.626e-08 -2.827e-12 -2.130e-06 -2.430e-10 -4.925e-11 -3.868e-11  1.548e-08 
 -2.827e-12  3.447e-15  8.557e-10 -7.090e-15 -4.255e-16  7.160e-15 -5.935e-12 
 -2.130e-06  8.557e-10  1.839e-03  7.358e-08  1.202e-08  4.926e-09  6.911e-08 
 -2.430e-10 -7.090e-15  7.358e-08  2.549e-11 -3.679e-14  6.156e-13 -5.103e-10 
 -4.925e-11 -4.255e-16  1.202e-08 -3.679e-14  2.009e-12  1.780e-13 -7.234e-11 
 -3.868e-11  7.160e-15  4.926e-09  6.156e-13  1.780e-13  1.342e-13 -3.573e-11 
  1.548e-08 -5.935e-12  6.911e-08 -5.103e-10 -7.234e-11 -3.573e-11  5.272e-08 
ERR MATRIX NOT POS-DEF
 PARAMETER  CORRELATION COEFFICIENTS  
       NO.  GLOBAL      6      7      8     18     19     20     22
        6  0.68607   1.000 -0.297 -0.307 -0.297 -0.214 -0.652  0.416
        7  0.75511  -0.297  1.000  0.340 -0.024 -0.005  0.333 -0.440
        8  0.72874  -0.307  0.340  1.000  0.340  0.198  0.314  0.007
       18  0.75510  -0.297 -0.024  0.340  1.000 -0.005  0.333 -0.440
       19  0.57348  -0.214 -0.005  0.198 -0.005  1.000  0.343 -0.222
       20  0.72693  -0.652  0.333  0.314  0.333  0.343  1.000 -0.425
       22  0.80517   0.416 -0.440  0.007 -0.440 -0.222 -0.425  1.000
 ERR MATRIX NOT POS-DEF
MINUIT - FIT ONLY 1-CBO
 **********
 **   29 **RES 
 **********
                   PARAMETER   14  ANy2 RESTORED TO VARIABLE.
                   PARAMETER    4  phi RESTORED TO VARIABLE.
                   PARAMETER    3  A0 RESTORED TO VARIABLE.
                   PARAMETER    1  N0 RESTORED TO VARIABLE.
 **********
 **   30 **FIX            0
 **********
 PARAMETER    0  IS UNDEFINED. IGNORED.
 **********
 **   31 **FIX            1
 **********
 **********
 **   32 **FIX            2
 **********
 PARAMETER    2  IS CONSTANT.   IGNORED.
 **********
 **   33 **FIX            3
 **********
 **********
 **   34 **FIX            4
 **********
 **********
 **   35 **FIX            8
 **********
 **********
 **   36 **FIX            9
 **********
 PARAMETER    9  IS CONSTANT.   IGNORED.
 **********
 **   37 **FIX           11
 **********
 PARAMETER   11  IS CONSTANT.   IGNORED.
 **********
 **   38 **FIX           12
 **********
 PARAMETER   12  IS CONSTANT.   IGNORED.
 **********
 **   39 **FIX           13
 **********
 PARAMETER   13  IS CONSTANT.   IGNORED.
 **********
 **   40 **FIX           15
 **********
 PARAMETER   15  IS CONSTANT.   IGNORED.
 **********
 **   41 **FIX           16
 **********
 PARAMETER   16  IS CONSTANT.   IGNORED.
 **********
 **   42 **MIGRAD
 **********
 START MIGRAD MINIMIZATION.  STRATEGY  1.  CONVERGENCE WHEN EDM .LT. 1.00e-04
 FCN=1768.03 FROM MIGRAD    STATUS=INITIATE       16 CALLS         345 TOTAL
                     EDM= unknown      STRATEGY= 1      NO ERROR MATRIX       
  EXT PARAMETER               CURRENT GUESS       STEP         FIRST   
  NO.   NAME      VALUE            ERROR          SIZE      DERIVATIVE 
   1  N0           3.00200e+06     fixed    
   2  tau          6.44001e+01   constant   
   3  A0           3.49837e-01     fixed    
   4  phi          4.11552e+00     fixed    
   5  R           -6.22301e+01   constant   
   6  A_CBO        3.46635e-03   1.62035e-04   0.00000e+00   1.05005e+04
   7  w_CBO        2.32613e+00   5.87098e-08  -0.00000e+00   5.67033e+07
   8  phi_CBO      1.67252e+00     fixed    
   9  ANx2         8.68669e-04   constant   
  10  pNx2         4.82289e+00   constant   
  11  ANy1         0.00000e+00   constant   
  12  pNy1         0.00000e+00   constant   
  13  w_y          0.00000e+00   constant   
  14  ANy2         6.17882e-03   1.00000e-04   1.00000e-04   2.94107e+05
  15  pNy2         1.49923e+00   constant   
  16  w_vw         1.43037e+01   constant   
  17  LM          -2.26665e-04   constant   
  18  wCBO_expCoeff   2.00000e+02   5.04829e-06  -0.00000e+00   6.59466e+05
  19  wCBO_expOffset   2.00000e+02   1.41750e-06  -0.00000e+00   4.72595e+05
  20  wCBO_expT    3.00000e+01   3.66314e-07  -0.00000e+00   1.37107e+07
  21  wCBO_linCoeff   0.00000e+00   constant   
  22  wCBO_const   8.66296e-05   2.29607e-04   0.00000e+00   9.87597e+03
 MIGRAD FAILS TO FIND IMPROVEMENT
 FCN=1125.87 FROM HESSE     STATUS=NOT POSDEF     58 CALLS         450 TOTAL
                     EDM=66281    STRATEGY= 1      ERR MATRIX NOT POS-DEF
  EXT PARAMETER                APPROXIMATE        STEP         FIRST   
  NO.   NAME      VALUE            ERROR          SIZE      DERIVATIVE 
   1  N0           3.00200e+06     fixed    
   2  tau          6.44001e+01   constant   
   3  A0           3.49837e-01     fixed    
   4  phi          4.11552e+00     fixed    
   5  R           -6.22301e+01   constant   
   6  A_CBO        2.50401e-03   1.15842e-03   2.89245e-06   9.50913e+04
   7  w_CBO        2.32613e+00   1.62414e-07   1.10919e-06  -1.52700e+08
   8  phi_CBO      1.67252e+00     fixed    
   9  ANx2         8.68669e-04   constant   
  10  pNx2         4.82289e+00   constant   
  11  ANy1         0.00000e+00   constant   
  12  pNy1         0.00000e+00   constant   
  13  w_y          0.00000e+00   constant   
  14  ANy2         1.29503e-03   6.72202e-04   2.84040e-06  -8.41528e+03
  15  pNy2         1.49923e+00   constant   
  16  w_vw         1.43037e+01   constant   
  17  LM          -2.26665e-04   constant   
  18  wCBO_expCoeff   2.00000e+02   1.39566e-05   9.53673e-05  -1.77578e+06
  19  wCBO_expOffset   2.00000e+02   6.51152e-05   9.53674e-05  -1.14913e+07
  20  wCBO_expT    3.00000e+01   6.40678e-06   1.43051e-05   4.28920e+07
  21  wCBO_linCoeff   0.00000e+00   constant   
  22  wCBO_const   3.30813e-04   2.27919e-03   5.82541e-06  -4.62778e+04
 MIGRAD FAILS TO FIND IMPROVEMENT
 MIGRAD TERMINATED WITHOUT CONVERGENCE.
 FCN=1075.96 FROM MIGRAD    STATUS=FAILED        153 CALLS         482 TOTAL
                     EDM=3887.87    STRATEGY= 1      ERR MATRIX NOT POS-DEF
  EXT PARAMETER                APPROXIMATE        STEP         FIRST   
  NO.   NAME      VALUE            ERROR          SIZE      DERIVATIVE 
   1  N0           3.00200e+06     fixed    
   2  tau          6.44001e+01   constant   
   3  A0           3.49837e-01     fixed    
   4  phi          4.11552e+00     fixed    
   5  R           -6.22301e+01   constant   
   6  A_CBO        1.61977e-03   2.21919e-04  -0.00000e+00   2.63320e+04
   7  w_CBO        2.32613e+00   9.61153e-08  -0.00000e+00   7.30186e+07
   8  phi_CBO      1.67252e+00     fixed    
   9  ANx2         8.68669e-04   constant   
  10  pNx2         4.82289e+00   constant   
  11  ANy1         0.00000e+00   constant   
  12  pNy1         0.00000e+00   constant   
  13  w_y          0.00000e+00   constant   
  14  ANy2         7.86734e-04   1.56984e-04  -0.00000e+00   7.14399e+03
  15  pNy2         1.49923e+00   constant   
  16  w_vw         1.43037e+01   constant   
  17  LM          -2.26665e-04   constant   
  18  wCBO_expCoeff   2.00000e+02   8.26483e-06  -0.00000e+00   8.49222e+05
  19  wCBO_expOffset   2.00000e+02   8.18246e-06   0.00000e+00  -6.72351e+05
  20  wCBO_expT    3.00000e+01   1.28876e-06   0.00000e+00  -1.12312e+04
  21  wCBO_linCoeff   0.00000e+00   constant   
  22  wCBO_const  -1.39403e-03   5.44244e-04  -0.00000e+00   2.84640e+04
 EXTERNAL ERROR MATRIX.    NDIM=  25    NPAR=  7    ERR DEF=1
  4.925e-08  2.602e-13  2.402e-08  2.281e-11 -1.526e-09 -2.473e-10  9.402e-08 
  2.602e-13  9.238e-15 -4.268e-13 -3.566e-13 -1.206e-14  2.582e-15 -9.124e-12 
  2.402e-08 -4.268e-13  2.464e-08 -3.644e-11 -9.351e-10 -1.484e-10  5.612e-08 
  2.281e-11 -3.566e-13 -3.644e-11  6.831e-11 -1.054e-12  2.194e-13 -7.835e-10 
 -1.526e-09 -1.206e-14 -9.351e-10 -1.054e-12  6.695e-11  9.997e-12 -3.749e-09 
 -2.473e-10  2.582e-15 -1.484e-10  2.194e-13  9.997e-12  1.661e-12 -5.751e-10 
  9.402e-08 -9.124e-12  5.612e-08 -7.835e-10 -3.749e-09 -5.751e-10  2.962e-07 
ERR MATRIX NOT POS-DEF
 PARAMETER  CORRELATION COEFFICIENTS  
       NO.  GLOBAL      6      7     14     18     19     20     22
        6  0.88865   1.000  0.012  0.689  0.012 -0.841 -0.865  0.778
        7  0.73677   0.012  1.000 -0.028 -0.449 -0.015  0.021 -0.174
       14  0.74912   0.689 -0.028  1.000 -0.028 -0.728 -0.733  0.657
       18  0.73677   0.012 -0.449 -0.028  1.000 -0.016  0.021 -0.174
       19  0.96695  -0.841 -0.015 -0.728 -0.016  1.000  0.948 -0.842
       20  0.96028  -0.865  0.021 -0.733  0.021  0.948  1.000 -0.820
       22  0.92579   0.778 -0.174  0.657 -0.174 -0.842 -0.820  1.000
 ERR MATRIX NOT POS-DEF
MINUIT - FIT ONLY 2-CBO
 **********
 **   43 **RES 
 **********
                   PARAMETER    8  phi_CBO RESTORED TO VARIABLE.
                   PARAMETER    4  phi RESTORED TO VARIABLE.
                   PARAMETER    3  A0 RESTORED TO VARIABLE.
                   PARAMETER    1  N0 RESTORED TO VARIABLE.
 **********
 **   44 **FIX            0
 **********
 PARAMETER    0  IS UNDEFINED. IGNORED.
 **********
 **   45 **FIX            1
 **********
 **********
 **   46 **FIX            2
 **********
 PARAMETER    2  IS CONSTANT.   IGNORED.
 **********
 **   47 **FIX            3
 **********
 **********
 **   48 **FIX            4
 **********
 **********
 **   49 **FIX            5
 **********
 PARAMETER    5  IS CONSTANT.   IGNORED.
 **********
 **   50 **FIX            6
 **********
 **********
 **   51 **FIX            7
 **********
 **********
 **   52 **FIX           10
 **********
 PARAMETER   10  IS CONSTANT.   IGNORED.
 **********
 **   53 **FIX           11
 **********
 PARAMETER   11  IS CONSTANT.   IGNORED.
 **********
 **   54 **FIX           12
 **********
 PARAMETER   12  IS CONSTANT.   IGNORED.
 **********
 **   55 **FIX           13
 **********
 PARAMETER   13  IS CONSTANT.   IGNORED.
 **********
 **   56 **FIX           14
 **********
 **********
 **   57 **FIX           15
 **********
 PARAMETER   15  IS CONSTANT.   IGNORED.
 **********
 **   58 **FIX           16
 **********
 PARAMETER   16  IS CONSTANT.   IGNORED.
 **********
 **   59 **MIGRAD
 **********
 START MIGRAD MINIMIZATION.  STRATEGY  1.  CONVERGENCE WHEN EDM .LT. 1.00e-04
 FCN=1075.96 FROM MIGRAD    STATUS=INITIATE       12 CALLS         494 TOTAL
                     EDM= unknown      STRATEGY= 1      NO ERROR MATRIX       
  EXT PARAMETER               CURRENT GUESS       STEP         FIRST   
  NO.   NAME      VALUE            ERROR          SIZE      DERIVATIVE 
   1  N0           3.00200e+06     fixed    
   2  tau          6.44001e+01   constant   
   3  A0           3.49837e-01     fixed    
   4  phi          4.11552e+00     fixed    
   5  R           -6.22301e+01   constant   
   6  A_CBO        1.61977e-03     fixed    
   7  w_CBO        2.32613e+00     fixed    
   8  phi_CBO      1.67252e+00   4.28873e-02   4.28873e-02  -7.42012e+01
   9  ANx2         8.68669e-04   constant   
  10  pNx2         4.82289e+00   constant   
  11  ANy1         0.00000e+00   constant   
  12  pNy1         0.00000e+00   constant   
  13  w_y          0.00000e+00   constant   
  14  ANy2         7.86734e-04     fixed    
  15  pNy2         1.49923e+00   constant   
  16  w_vw         1.43037e+01   constant   
  17  LM          -2.26665e-04   constant   
  18  wCBO_expCoeff   2.00000e+02   8.26483e-06  -0.00000e+00   8.49222e+05
  19  wCBO_expOffset   2.00000e+02   8.18246e-06   0.00000e+00  -6.72351e+05
  20  wCBO_expT    3.00000e+01   1.28876e-06   0.00000e+00  -1.12312e+04
  21  wCBO_linCoeff   0.00000e+00   constant   
  22  wCBO_const  -1.39403e-03   5.44244e-04  -0.00000e+00   2.84640e+04
 MIGRAD FAILS TO FIND IMPROVEMENT
 FCN=1034.15 FROM HESSE     STATUS=NOT POSDEF     37 CALLS         568 TOTAL
                     EDM=6553.93    STRATEGY= 1      ERR MATRIX NOT POS-DEF
  EXT PARAMETER                APPROXIMATE        STEP         FIRST   
  NO.   NAME      VALUE            ERROR          SIZE      DERIVATIVE 
   1  N0           3.00200e+06     fixed    
   2  tau          6.44001e+01   constant   
   3  A0           3.49837e-01     fixed    
   4  phi          4.11552e+00     fixed    
   5  R           -6.22301e+01   constant   
   6  A_CBO        1.61977e-03     fixed    
   7  w_CBO        2.32613e+00     fixed    
   8  phi_CBO      1.94356e+00   5.66570e-01   1.83449e-03   5.30017e+01
   9  ANx2         8.68669e-04   constant   
  10  pNx2         4.82289e+00   constant   
  11  ANy1         0.00000e+00   constant   
  12  pNy1         0.00000e+00   constant   
  13  w_y          0.00000e+00   constant   
  14  ANy2         7.86734e-04     fixed    
  15  pNy2         1.49923e+00   constant   
  16  w_vw         1.43037e+01   constant   
  17  LM          -2.26665e-04   constant   
  18  wCBO_expCoeff   2.00000e+02   1.18066e-04   9.53673e-05  -5.71218e+04
  19  wCBO_expOffset   2.00000e+02   1.08494e-04   9.53675e-05  -1.97574e+06
  20  wCBO_expT    3.00000e+01   8.57403e-06   1.43051e-05   3.59603e+06
  21  wCBO_linCoeff   0.00000e+00   constant   
  22  wCBO_const  -5.62486e-03   4.97380e-04   7.41720e-06  -4.11436e+03
 MIGRAD FAILS TO FIND IMPROVEMENT
 MIGRAD TERMINATED WITHOUT CONVERGENCE.
 FCN=1032.01 FROM MIGRAD    STATUS=FAILED        207 CALLS         689 TOTAL
                     EDM=124.616    STRATEGY= 1      ERR MATRIX NOT POS-DEF
  EXT PARAMETER                APPROXIMATE        STEP         FIRST   
  NO.   NAME      VALUE            ERROR          SIZE      DERIVATIVE 
   1  N0           3.00200e+06     fixed    
   2  tau          6.44001e+01   constant   
   3  A0           3.49837e-01     fixed    
   4  phi          4.11552e+00     fixed    
   5  R           -6.22301e+01   constant   
   6  A_CBO        1.61977e-03     fixed    
   7  w_CBO        2.32613e+00     fixed    
   8  phi_CBO      1.86456e+00   1.93791e-01  -0.00000e+00   2.70319e+01
   9  ANx2         8.68669e-04   constant   
  10  pNx2         4.82289e+00   constant   
  11  ANy1         0.00000e+00   constant   
  12  pNy1         0.00000e+00   constant   
  13  w_y          0.00000e+00   constant   
  14  ANy2         7.86734e-04     fixed    
  15  pNy2         1.49923e+00   constant   
  16  w_vw         1.43037e+01   constant   
  17  LM          -2.26665e-04   constant   
  18  wCBO_expCoeff   2.00000e+02   2.12116e-05  -0.00000e+00   1.75563e+05
  19  wCBO_expOffset   2.00000e+02   1.53468e-06   0.00000e+00   3.53256e+05
  20  wCBO_expT    3.00000e+01   1.31424e-06  -0.00000e+00   5.79037e+06
  21  wCBO_linCoeff   0.00000e+00   constant   
  22  wCBO_const  -5.54607e-03   3.85442e-04  -0.00000e+00   2.93148e+03
 EXTERNAL ERROR MATRIX.    NDIM=  25    NPAR=  5    ERR DEF=1
  3.755e-02  3.440e-06 -2.147e-07  1.995e-07  2.483e-05 
  3.440e-06  4.499e-10 -2.447e-11  2.271e-11 -1.877e-09 
 -2.147e-07 -2.447e-11  2.355e-12 -1.826e-12  1.041e-11 
  1.995e-07  2.271e-11 -1.826e-12  1.727e-12  2.328e-12 
  2.483e-05 -1.877e-09  1.041e-11  2.328e-12  1.486e-07 
ERR MATRIX NOT POS-DEF
 PARAMETER  CORRELATION COEFFICIENTS  
       NO.  GLOBAL      8     18     19     20     22
        8  0.99567   1.000  0.837 -0.722  0.783  0.332
       18  0.99559   0.837  1.000 -0.752  0.815 -0.230
       19  0.91328  -0.722 -0.752  1.000 -0.906  0.018
       20  0.93737   0.783  0.815 -0.906  1.000  0.005
       22  0.98647   0.332 -0.230  0.018  0.005  1.000
 ERR MATRIX NOT POS-DEF
MINUIT - FIT ONLY 1-y
 **********
 **   60 **RES 
 **********
                   PARAMETER   14  ANy2 RESTORED TO VARIABLE.
                   PARAMETER    7  w_CBO RESTORED TO VARIABLE.
                   PARAMETER    6  A_CBO RESTORED TO VARIABLE.
                   PARAMETER    4  phi RESTORED TO VARIABLE.
                   PARAMETER    3  A0 RESTORED TO VARIABLE.
                   PARAMETER    1  N0 RESTORED TO VARIABLE.
 **********
 **   61 **FIX            0
 **********
 PARAMETER    0  IS UNDEFINED. IGNORED.
 **********
 **   62 **FIX            1
 **********
 **********
 **   63 **FIX            2
 **********
 PARAMETER    2  IS CONSTANT.   IGNORED.
 **********
 **   64 **FIX            3
 **********
 **********
 **   65 **FIX            4
 **********
 **********
 **   66 **FIX            5
 **********
 PARAMETER    5  IS CONSTANT.   IGNORED.
 **********
 **   67 **FIX            6
 **********
 **********
 **   68 **FIX            7
 **********
 **********
 **   69 **FIX            8
 **********
 **********
 **   70 **FIX            9
 **********
 PARAMETER    9  IS CONSTANT.   IGNORED.
 **********
 **   71 **FIX           13
 **********
 PARAMETER   13  IS CONSTANT.   IGNORED.
 **********
 **   72 **FIX           14
 **********
 **********
 **   73 **FIX           15
 **********
 PARAMETER   15  IS CONSTANT.   IGNORED.
 **********
 **   74 **FIX           16
 **********
 PARAMETER   16  IS CONSTANT.   IGNORED.
 **********
 **   75 **MIGRAD
 **********
 START MIGRAD MINIMIZATION.  STRATEGY  1.  CONVERGENCE WHEN EDM .LT. 1.00e-04
 FCN=1032.01 FROM MIGRAD    STATUS=INITIATE        8 CALLS         697 TOTAL
                     EDM= unknown      STRATEGY= 1      NO ERROR MATRIX       
  EXT PARAMETER               CURRENT GUESS       STEP         FIRST   
  NO.   NAME      VALUE            ERROR          SIZE      DERIVATIVE 
   1  N0           3.00200e+06     fixed    
   2  tau          6.44001e+01   constant   
   3  A0           3.49837e-01     fixed    
   4  phi          4.11552e+00     fixed    
   5  R           -6.22301e+01   constant   
   6  A_CBO        1.61977e-03     fixed    
   7  w_CBO        2.32613e+00     fixed    
   8  phi_CBO      1.86456e+00     fixed    
   9  ANx2         8.68669e-04   constant   
  10  pNx2         4.82289e+00   constant   
  11  ANy1         0.00000e+00   constant   
  12  pNy1         0.00000e+00   constant   
  13  w_y          0.00000e+00   constant   
  14  ANy2         7.86734e-04     fixed    
  15  pNy2         1.49923e+00   constant   
  16  w_vw         1.43037e+01   constant   
  17  LM          -2.26665e-04   constant   
  18  wCBO_expCoeff   2.00000e+02   2.12116e-05  -0.00000e+00   1.75563e+05
  19  wCBO_expOffset   2.00000e+02   1.53468e-06   0.00000e+00   3.53256e+05
  20  wCBO_expT    3.00000e+01   1.31424e-06  -0.00000e+00   5.79037e+06
  21  wCBO_linCoeff   0.00000e+00   constant   
  22  wCBO_const  -5.54607e-03   3.85442e-04  -0.00000e+00   2.93148e+03
 MIGRAD FAILS TO FIND IMPROVEMENT
 FCN=1030.94 FROM HESSE     STATUS=NOT POSDEF     29 CALLS         747 TOTAL
                     EDM=10330    STRATEGY= 1      ERR MATRIX NOT POS-DEF
  EXT PARAMETER                APPROXIMATE        STEP         FIRST   
  NO.   NAME      VALUE            ERROR          SIZE      DERIVATIVE 
   1  N0           3.00200e+06     fixed    
   2  tau          6.44001e+01   constant   
   3  A0           3.49837e-01     fixed    
   4  phi          4.11552e+00     fixed    
   5  R           -6.22301e+01   constant   
   6  A_CBO        1.61977e-03     fixed    
   7  w_CBO        2.32613e+00     fixed    
   8  phi_CBO      1.86456e+00     fixed    
   9  ANx2         8.68669e-04   constant   
  10  pNx2         4.82289e+00   constant   
  11  ANy1         0.00000e+00   constant   
  12  pNy1         0.00000e+00   constant   
  13  w_y          0.00000e+00   constant   
  14  ANy2         7.86734e-04     fixed    
  15  pNy2         1.49923e+00   constant   
  16  w_vw         1.43037e+01   constant   
  17  LM          -2.26665e-04   constant   
  18  wCBO_expCoeff   2.00000e+02   1.26747e-04   9.53673e-05  -4.00010e+04
  19  wCBO_expOffset   2.00000e+02   1.20158e-04   9.53675e-05  -1.90483e+06
  20  wCBO_expT    3.00000e+01   9.66002e-06   1.43051e-05   2.94244e+06
  21  wCBO_linCoeff   0.00000e+00   constant   
  22  wCBO_const  -5.60701e-03   8.51449e-04   7.27855e-06  -3.29980e+03
 MIGRAD FAILS TO FIND IMPROVEMENT
 MIGRAD TERMINATED WITHOUT CONVERGENCE.
 FCN=1030.87 FROM MIGRAD    STATUS=FAILED        105 CALLS         794 TOTAL
                     EDM=16.685    STRATEGY= 1      ERR MATRIX NOT POS-DEF
  EXT PARAMETER                APPROXIMATE        STEP         FIRST   
  NO.   NAME      VALUE            ERROR          SIZE      DERIVATIVE 
   1  N0           3.00200e+06     fixed    
   2  tau          6.44001e+01   constant   
   3  A0           3.49837e-01     fixed    
   4  phi          4.11552e+00     fixed    
   5  R           -6.22301e+01   constant   
   6  A_CBO        1.61977e-03     fixed    
   7  w_CBO        2.32613e+00     fixed    
   8  phi_CBO      1.86456e+00     fixed    
   9  ANx2         8.68669e-04   constant   
  10  pNx2         4.82289e+00   constant   
  11  ANy1         0.00000e+00   constant   
  12  pNy1         0.00000e+00   constant   
  13  w_y          0.00000e+00   constant   
  14  ANy2         7.86734e-04     fixed    
  15  pNy2         1.49923e+00   constant   
  16  w_vw         1.43037e+01   constant   
  17  LM          -2.26665e-04   constant   
  18  wCBO_expCoeff   2.00000e+02   1.54053e-05  -0.00000e+00   2.90228e+04
  19  wCBO_expOffset   2.00000e+02   1.77880e-06   0.00000e+00   5.24280e+05
  20  wCBO_expT    3.00000e+01   1.27749e-06  -0.00000e+00   6.21550e+06
  21  wCBO_linCoeff   0.00000e+00   constant   
  22  wCBO_const  -5.60994e-03   5.62857e-04   0.00000e+00  -2.08205e+03
 EXTERNAL ERROR MATRIX.    NDIM=  25    NPAR=  4    ERR DEF=1
  2.373e-10 -1.825e-11  1.352e-11 -8.518e-09 
 -1.825e-11  3.164e-12 -2.062e-12  7.389e-10 
  1.352e-11 -2.062e-12  1.632e-12 -5.463e-10 
 -8.518e-09  7.389e-10 -5.463e-10  3.168e-07 
ERR MATRIX NOT POS-DEF
 PARAMETER  CORRELATION COEFFICIENTS  
       NO.  GLOBAL     18     19     20     22
       18  0.98686   1.000 -0.666  0.687 -0.982
       19  0.91282  -0.666  1.000 -0.908  0.738
       20  0.92138   0.687 -0.908  1.000 -0.760
       22  0.98963  -0.982  0.738 -0.760  1.000
 ERR MATRIX NOT POS-DEF
MINUIT - FIT ONLY 2-y
 **********
 **   76 **RES 
 **********
                   PARAMETER   14  ANy2 RESTORED TO VARIABLE.
                   PARAMETER    8  phi_CBO RESTORED TO VARIABLE.
                   PARAMETER    7  w_CBO RESTORED TO VARIABLE.
                   PARAMETER    6  A_CBO RESTORED TO VARIABLE.
                   PARAMETER    4  phi RESTORED TO VARIABLE.
                   PARAMETER    3  A0 RESTORED TO VARIABLE.
                   PARAMETER    1  N0 RESTORED TO VARIABLE.
 **********
 **   77 **FIX            0
 **********
