 + ++++++++++++++++++++++++++++++++++++++++++++++++++++++++++++++++++++ +
 +                                                                      +
 +           You have chose to blind your fitting according to          +
 +                omega_ref * (1 + (R +/- deltaR) *10^{-6})             +
 +                                                                      +
 + ++++++++++++++++++++++++++++++++++++++++++++++++++++++++++++++++++++ +
In main()...
reading format from /gm2data/zkhechad/run45/envelope/formats/formatB_sBin_constraintOn.txt
pBinTau 	= 0  
pBinPhi 	= 0  
constraintau 	= 1 
includeMopTerm 	= 0    
constrainMop    = 0   
Parameters after format file: pBinTau 0 pBinPhi 0 constraintau 1 includeMopTerm 0 constrainMop 0 c_e_scale 0.000000 
reading cbo reference file (full fit) from /gm2data/zkhechad/cboTemplates/Run4CBOTemplates/fullFits/run4/sBin_constraintOn_cE0.0_seed0_run4_calo1.root
A_CBO 0.008450 w_CBO 2.327583 phi_CBO 2.512904 N0 3416164.907261 R -60.829491 tau 64.397625 
Reading cboRef file /gm2data/zkhechad/cboTemplates/Run4CBOTemplates//cboIsolate/run4_calo1.root
deltaT 164.120000
windowBins = 1100
fitting sliding window 1760 from bin 1963 at 292.879600 to bin 3063 at 456.999600 (1100 bins)

Reading data from /gm2data/cornell/histograms/aMethod/histogram_a_run4.root
fitting cbo isolate
 **********
 **    1 **SET PRINTOUT            1
 **********
 **********
 **    2 **SET NOWARNINGS 
 **********
 PARAMETER DEFINITIONS:
    NO.   NAME         VALUE      STEP SIZE      LIMITS
     1 A_CBO        8.44960e-03  1.00000e-05     no limits
     2 w_CBO        2.32758e+00  1.00000e-02    2.00000e+00  3.00000e+00
     3 phi_CBO      2.51290e+00  1.00000e-02    0.00000e+00  6.28319e+00
 **********
 **    3 **MIGRAD
 **********
 FIRST CALL TO USER FUNCTION AT NEW START POINT, WITH IFLAG=4.
 START MIGRAD MINIMIZATION.  STRATEGY  1.  CONVERGENCE WHEN EDM .LT. 1.00e-04
 FCN=0.0814821 FROM MIGRAD    STATUS=INITIATE       12 CALLS          13 TOTAL
                     EDM= unknown      STRATEGY= 1      NO ERROR MATRIX       
  EXT PARAMETER               CURRENT GUESS       STEP         FIRST   
  NO.   NAME      VALUE            ERROR          SIZE      DERIVATIVE 
   1  A_CBO        8.44960e-03   1.00000e-05   1.00000e-05   6.75475e+00
   2  w_CBO        2.32758e+00   1.00000e-02   2.13091e-02   1.50171e+00
   3  phi_CBO      2.51290e+00   1.00000e-02   3.24882e-03  -2.71486e-02
 MIGRAD MINIMIZATION HAS CONVERGED.
 MIGRAD WILL VERIFY CONVERGENCE AND ERROR MATRIX.
 COVARIANCE MATRIX CALCULATED SUCCESSFULLY
 FCN=0.0601876 FROM MIGRAD    STATUS=CONVERGED      60 CALLS          61 TOTAL
                     EDM=1.97151e-06    STRATEGY= 1      ERROR MATRIX ACCURATE 
  EXT PARAMETER                                   STEP         FIRST   
  NO.   NAME      VALUE            ERROR          SIZE      DERIVATIVE 
   1  A_CBO        2.46388e-03   4.28945e-02   2.14376e-05  -2.35851e-02
   2  w_CBO        2.32705e+00   6.60208e-01   5.47060e-05   1.17769e-02
   3  phi_CBO      2.70687e+00   4.33034e+00   2.96615e-03  -1.95669e-04
 EXTERNAL ERROR MATRIX.    NDIM=  25    NPAR=  3    ERR DEF=1
  1.840e-03 -2.237e-03 -8.038e-01 
 -2.237e-03  2.447e-01  8.812e+01 
 -8.038e-01  8.812e+01  3.203e+04 
 PARAMETER  CORRELATION COEFFICIENTS  
       NO.  GLOBAL      1      2      3
        1  0.10542   1.000 -0.105 -0.105
        2  0.99535  -0.105  1.000  0.995
        3  0.99535  -0.105  0.995  1.000
setting A_CBO=0.002464 w_CBO=2.327050, phi_CBO=2.706868
done fitting cbo isolate
 **********
 **    1 **SET PRINTOUT            1
 **********
 **********
 **    2 **SET NOWARNINGS 
 **********
 PARAMETER DEFINITIONS:
    NO.   NAME         VALUE      STEP SIZE      LIMITS
     1 N0           3.41616e+06  1.00000e+02     no limits
     2 tau          6.43976e+01  constant
     3 A0           3.54950e-01  1.00000e-04     no limits
     4 phi          4.12292e+00  1.00000e-02     no limits
     5 R           -6.08295e+01  constant
     6 A_CBO        2.46388e-03  1.00000e-05     no limits
     7 w_CBO        2.32705e+00  1.00000e-03     no limits
     8 phi_CBO      2.70687e+00  1.00000e-04     no limits
     9 ANx2         2.24467e-04  constant
    10 pNx2         2.31915e+00  constant
    11 ANy1         0.00000e+00  constant
    12 pNy1         0.00000e+00  constant
    13 w_y          0.00000e+00  constant
    14 ANy2         1.49899e-02  1.00000e-04     no limits
    15 pNy2         4.64502e+00  constant
    16 w_vw         1.43138e+01  constant
    17 LM          -1.76320e-04  constant
    18 wCBO_expCoeff   2.00000e+02  1.00000e+00     no limits
    19 wCBO_expOffset   2.00000e+02  1.00000e+00     no limits
    20 wCBO_expT    3.00000e+01  1.00000e+00     no limits
    21 wCBO_linCoeff   0.00000e+00  constant
    22 wCBO_const   0.00000e+00  1.00000e-02     no limits
MINUIT - FIT ONLY WIGGLE
 **********
 **    3 **FIX            5
 **********
 PARAMETER    5  IS CONSTANT.   IGNORED.
 **********
 **    4 **FIX            6
 **********
 **********
 **    5 **FIX            7
 **********
 **********
 **    6 **FIX            8
 **********
 **********
 **    7 **FIX            9
 **********
 PARAMETER    9  IS CONSTANT.   IGNORED.
 **********
 **    8 **FIX           10
 **********
 PARAMETER   10  IS CONSTANT.   IGNORED.
 **********
 **    9 **FIX           11
 **********
 PARAMETER   11  IS CONSTANT.   IGNORED.
 **********
 **   10 **FIX           12
 **********
 PARAMETER   12  IS CONSTANT.   IGNORED.
 **********
 **   11 **FIX           13
 **********
 PARAMETER   13  IS CONSTANT.   IGNORED.
 **********
 **   12 **FIX           14
 **********
 **********
 **   13 **FIX           15
 **********
 PARAMETER   15  IS CONSTANT.   IGNORED.
 **********
 **   14 **FIX           16
 **********
 PARAMETER   16  IS CONSTANT.   IGNORED.
 **********
 **   15 **MIGRAD
 **********
 FIRST CALL TO USER FUNCTION AT NEW START POINT, WITH IFLAG=4.
 START MIGRAD MINIMIZATION.  STRATEGY  1.  CONVERGENCE WHEN EDM .LT. 1.00e-04
 FCN=1573.2 FROM MIGRAD    STATUS=INITIATE       58 CALLS          59 TOTAL
                     EDM= unknown      STRATEGY= 1      NO ERROR MATRIX       
  EXT PARAMETER               CURRENT GUESS       STEP         FIRST   
  NO.   NAME      VALUE            ERROR          SIZE      DERIVATIVE 
   1  N0           3.41616e+06   1.00000e+02   0.00000e+00   1.04885e-03
   2  tau          6.43976e+01   constant   
   3  A0           3.54950e-01   1.00000e-04   0.00000e+00   2.60038e+02
   4  phi          4.12292e+00   1.00000e-02   0.00000e+00  -1.73936e+02
   5  R           -6.08295e+01   constant   
   6  A_CBO        2.46388e-03     fixed    
   7  w_CBO        2.32705e+00     fixed    
   8  phi_CBO      2.70687e+00     fixed    
   9  ANx2         2.24467e-04   constant   
  10  pNx2         2.31915e+00   constant   
  11  ANy1         0.00000e+00   constant   
  12  pNy1         0.00000e+00   constant   
  13  w_y          0.00000e+00   constant   
  14  ANy2         1.49899e-02     fixed    
  15  pNy2         4.64502e+00   constant   
  16  w_vw         1.43138e+01   constant   
  17  LM          -1.76320e-04   constant   
  18  wCBO_expCoeff   1.99681e+02   1.00000e+00  -3.18508e-01  -3.77718e+01
  19  wCBO_expOffset   2.00000e+02   1.00000e+00   0.00000e+00  -2.51364e+02
  20  wCBO_expT    3.00000e+01   1.00000e+00   0.00000e+00  -1.06573e+03
  21  wCBO_linCoeff   0.00000e+00   constant   
  22  wCBO_const   0.00000e+00   1.00000e-02   0.00000e+00  -4.20105e+03
 MIGRAD MINIMIZATION HAS CONVERGED.
 FCN=1564.54 FROM MIGRAD    STATUS=CONVERGED     228 CALLS         229 TOTAL
                     EDM=4.8277e-06    STRATEGY= 1  ERROR MATRIX UNCERTAINTY   1.9 per cent
  EXT PARAMETER                                   STEP         FIRST   
  NO.   NAME      VALUE            ERROR          SIZE      DERIVATIVE 
   1  N0           3.41540e+06   1.05610e+03  -3.52195e+01  -1.42982e-07
   2  tau          6.43976e+01   constant   
   3  A0           3.54971e-01   4.14859e-04   6.75917e-07   6.83317e+00
   4  phi          4.12317e+00   1.21577e-03  -9.17921e-06   6.23543e-01
   5  R           -6.08295e+01   constant   
   6  A_CBO        2.46388e-03     fixed    
   7  w_CBO        2.32705e+00     fixed    
   8  phi_CBO      2.70687e+00     fixed    
   9  ANx2         2.24467e-04   constant   
  10  pNx2         2.31915e+00   constant   
  11  ANy1         0.00000e+00   constant   
  12  pNy1         0.00000e+00   constant   
  13  w_y          0.00000e+00   constant   
  14  ANy2         1.49899e-02     fixed    
  15  pNy2         4.64502e+00   constant   
  16  w_vw         1.43138e+01   constant   
  17  LM          -1.76320e-04   constant   
  18  wCBO_expCoeff   1.99866e+02   1.02741e-01   1.20393e-03  -2.11385e-02
  19  wCBO_expOffset   2.00028e+02   1.54254e-02   1.80668e-04  -1.04036e-01
  20  wCBO_expT    2.99793e+01   1.00516e-02  -1.22746e-04   1.61692e-01
  21  wCBO_linCoeff   0.00000e+00   constant   
  22  wCBO_const   3.05461e-03   8.82121e-04   1.82234e-05   4.08888e+00
 EXTERNAL ERROR MATRIX.    NDIM=  25    NPAR=  7    ERR DEF=1
  1.115e+06  2.195e-02  9.879e-03  1.038e+00  1.585e-01 -3.042e-02 -1.521e-02 
  2.195e-02  1.721e-07  1.311e-09  2.978e-06  4.472e-07 -2.589e-07  9.327e-09 
  9.879e-03  1.311e-09  1.478e-06  4.550e-06  6.839e-07 -5.392e-07  8.113e-08 
  1.038e+00  2.978e-06  4.550e-06  1.056e-02  1.530e-03 -1.016e-03  6.912e-05 
  1.585e-01  4.472e-07  6.839e-07  1.530e-03  2.379e-04 -1.525e-04  1.038e-05 
 -3.042e-02 -2.589e-07 -5.392e-07 -1.016e-03 -1.525e-04  1.010e-04 -7.319e-06 
 -1.521e-02  9.327e-09  8.113e-08  6.912e-05  1.038e-05 -7.319e-06  7.781e-07 
 PARAMETER  CORRELATION COEFFICIENTS  
       NO.  GLOBAL      1      3      4     18     19     20     22
        1  0.07342   1.000  0.050  0.008  0.010  0.010 -0.003 -0.016
        3  0.10553   0.050  1.000  0.003  0.070  0.070 -0.062  0.025
        4  0.08365   0.008  0.003  1.000  0.036  0.036 -0.044  0.076
       18  0.98949   0.010  0.070  0.036  1.000  0.965 -0.984  0.763
       19  0.98949   0.010  0.070  0.036  0.965  1.000 -0.984  0.763
       20  0.99702  -0.003 -0.062 -0.044 -0.984 -0.984  1.000 -0.825
       22  0.91768  -0.016  0.025  0.076  0.763  0.763 -0.825  1.000
MINUIT - FIT ONLY 1-CBO + other amplitudes 
 **********
 **   16 **RES 
 **********
                   PARAMETER   14  ANy2 RESTORED TO VARIABLE.
                   PARAMETER    8  phi_CBO RESTORED TO VARIABLE.
                   PARAMETER    7  w_CBO RESTORED TO VARIABLE.
                   PARAMETER    6  A_CBO RESTORED TO VARIABLE.
 **********
 **   17 **FIX            0
 **********
 PARAMETER    0  IS UNDEFINED. IGNORED.
 **********
 **   18 **FIX            1
 **********
 **********
 **   19 **FIX            2
 **********
 PARAMETER    2  IS CONSTANT.   IGNORED.
 **********
 **   20 **FIX            3
 **********
 **********
 **   21 **FIX            4
 **********
 **********
 **   22 **FIX            9
 **********
 PARAMETER    9  IS CONSTANT.   IGNORED.
 **********
 **   23 **FIX           11
 **********
 PARAMETER   11  IS CONSTANT.   IGNORED.
 **********
 **   24 **FIX           12
 **********
 PARAMETER   12  IS CONSTANT.   IGNORED.
 **********
 **   25 **FIX           14
 **********
 **********
 **   26 **FIX           15
 **********
 PARAMETER   15  IS CONSTANT.   IGNORED.
 **********
 **   27 **FIX           16
 **********
 PARAMETER   16  IS CONSTANT.   IGNORED.
 **********
 **   28 **MIGRAD
 **********
 START MIGRAD MINIMIZATION.  STRATEGY  1.  CONVERGENCE WHEN EDM .LT. 1.00e-04
 FCN=1564.54 FROM MIGRAD    STATUS=INITIATE       20 CALLS         249 TOTAL
                     EDM= unknown      STRATEGY= 1      NO ERROR MATRIX       
  EXT PARAMETER               CURRENT GUESS       STEP         FIRST   
  NO.   NAME      VALUE            ERROR          SIZE      DERIVATIVE 
   1  N0           3.41540e+06     fixed    
   2  tau          6.43976e+01   constant   
   3  A0           3.54971e-01     fixed    
   4  phi          4.12317e+00     fixed    
   5  R           -6.08295e+01   constant   
   6  A_CBO        2.46388e-03   1.00000e-05   1.00000e-05   1.58258e+04
   7  w_CBO        2.32705e+00   1.00000e-03   1.00000e-03  -6.19063e-02
   8  phi_CBO      2.70687e+00   1.00000e-04   1.00000e-04  -1.90602e-01
   9  ANx2         2.24467e-04   constant   
  10  pNx2         2.31915e+00   constant   
  11  ANy1         0.00000e+00   constant   
  12  pNy1         0.00000e+00   constant   
  13  w_y          0.00000e+00   constant   
  14  ANy2         1.49899e-02     fixed    
  15  pNy2         4.64502e+00   constant   
  16  w_vw         1.43138e+01   constant   
  17  LM          -1.76320e-04   constant   
  18  wCBO_expCoeff   1.99866e+02   1.02741e-01   1.20393e-03  -2.11517e-02
  19  wCBO_expOffset   2.00028e+02   1.54254e-02   1.80668e-04  -1.04036e-01
  20  wCBO_expT    2.99793e+01   1.00516e-02  -1.22746e-04   1.61520e-01
  21  wCBO_linCoeff   0.00000e+00   constant   
  22  wCBO_const   3.05461e-03   8.82121e-04   1.82234e-05   4.08888e+00
 MIGRAD MINIMIZATION HAS CONVERGED.
 MIGRAD WILL VERIFY CONVERGENCE AND ERROR MATRIX.
 FCN=1552.3 FROM MIGRAD    STATUS=CONVERGED     225 CALLS         454 TOTAL
                     EDM=6.71857e-06    STRATEGY= 1      ERR MATRIX NOT POS-DEF
  EXT PARAMETER                APPROXIMATE        STEP         FIRST   
  NO.   NAME      VALUE            ERROR          SIZE      DERIVATIVE 
   1  N0           3.41540e+06     fixed    
   2  tau          6.43976e+01   constant   
   3  A0           3.54971e-01     fixed    
   4  phi          4.12317e+00     fixed    
   5  R           -6.08295e+01   constant   
   6  A_CBO        8.93490e-04   4.55520e-04   8.41706e-06   4.54033e-01
   7  w_CBO        2.32727e+00   2.03387e-03   4.08078e-06  -7.74907e+00
   8  phi_CBO      2.76769e+00   6.91698e-01   9.47008e-03  -2.06522e-03
   9  ANx2         2.24467e-04   constant   
  10  pNx2         2.31915e+00   constant   
  11  ANy1         0.00000e+00   constant   
  12  pNy1         0.00000e+00   constant   
  13  w_y          0.00000e+00   constant   
  14  ANy2         1.49899e-02     fixed    
  15  pNy2         4.64502e+00   constant   
  16  w_vw         1.43138e+01   constant   
  17  LM          -1.76320e-04   constant   
  18  wCBO_expCoeff   1.99894e+02   2.13317e-01   4.13575e-04  -7.11143e-02
  19  wCBO_expOffset   2.00032e+02   3.75615e-02   9.53826e-05  -4.74479e-01
  20  wCBO_expT    2.99764e+01   7.53456e-03   1.82052e-05  -1.72187e+00
  21  wCBO_linCoeff   0.00000e+00   constant   
  22  wCBO_const   2.95272e-03   1.14265e-03   8.70606e-06  -3.80854e+00
 EXTERNAL ERROR MATRIX.    NDIM=  25    NPAR=  7    ERR DEF=1
  2.075e-07 -1.216e-08 -4.480e-06 -2.798e-06 -1.209e-06  3.861e-07  4.092e-08 
 -1.216e-08  4.137e-06  1.949e-05 -9.574e-05 -3.120e-05 -2.489e-06 -1.593e-06 
 -4.480e-06  1.949e-05  4.784e-01 -1.837e-03 -2.063e-03  8.238e-04  1.986e-04 
 -2.798e-06 -9.574e-05 -1.837e-03  4.550e-02 -4.636e-03 -2.915e-04  5.223e-05 
 -1.209e-06 -3.120e-05 -2.063e-03 -4.636e-03  1.411e-03 -9.836e-05  1.659e-05 
  3.861e-07 -2.489e-06  8.238e-04 -2.915e-04 -9.836e-05  5.677e-05 -1.905e-06 
  4.092e-08 -1.593e-06  1.986e-04  5.223e-05  1.659e-05 -1.905e-06  1.306e-06 
ERR MATRIX NOT POS-DEF
 PARAMETER  CORRELATION COEFFICIENTS  
       NO.  GLOBAL      6      7      8     18     19     20     22
        6  0.30316   1.000 -0.013 -0.014 -0.029 -0.071  0.112  0.079
        7  0.99466  -0.013  1.000  0.014 -0.221 -0.408 -0.162 -0.685
        8  0.70470  -0.014  0.014  1.000 -0.012 -0.079  0.158  0.251
       18  0.99501  -0.029 -0.221 -0.012  1.000 -0.579 -0.181  0.214
       19  0.99638  -0.071 -0.408 -0.079 -0.579  1.000 -0.348  0.387
       20  0.99225   0.112 -0.162  0.158 -0.181 -0.348  1.000 -0.221
       22  0.91986   0.079 -0.685  0.251  0.214  0.387 -0.221  1.000
 ERR MATRIX NOT POS-DEF
MINUIT - FIT ONLY 1-CBO
 **********
 **   29 **RES 
 **********
                   PARAMETER   14  ANy2 RESTORED TO VARIABLE.
                   PARAMETER    4  phi RESTORED TO VARIABLE.
                   PARAMETER    3  A0 RESTORED TO VARIABLE.
                   PARAMETER    1  N0 RESTORED TO VARIABLE.
 **********
 **   30 **FIX            0
 **********
 PARAMETER    0  IS UNDEFINED. IGNORED.
 **********
 **   31 **FIX            1
 **********
 **********
 **   32 **FIX            2
 **********
 PARAMETER    2  IS CONSTANT.   IGNORED.
 **********
 **   33 **FIX            3
 **********
 **********
 **   34 **FIX            4
 **********
 **********
 **   35 **FIX            8
 **********
 **********
 **   36 **FIX            9
 **********
 PARAMETER    9  IS CONSTANT.   IGNORED.
 **********
 **   37 **FIX           11
 **********
 PARAMETER   11  IS CONSTANT.   IGNORED.
 **********
 **   38 **FIX           12
 **********
 PARAMETER   12  IS CONSTANT.   IGNORED.
 **********
 **   39 **FIX           13
 **********
 PARAMETER   13  IS CONSTANT.   IGNORED.
 **********
 **   40 **FIX           15
 **********
 PARAMETER   15  IS CONSTANT.   IGNORED.
 **********
 **   41 **FIX           16
 **********
 PARAMETER   16  IS CONSTANT.   IGNORED.
 **********
 **   42 **MIGRAD
 **********
 START MIGRAD MINIMIZATION.  STRATEGY  1.  CONVERGENCE WHEN EDM .LT. 1.00e-04
 FCN=1552.3 FROM MIGRAD    STATUS=INITIATE       16 CALLS         470 TOTAL
                     EDM= unknown      STRATEGY= 1      NO ERROR MATRIX       
  EXT PARAMETER               CURRENT GUESS       STEP         FIRST   
  NO.   NAME      VALUE            ERROR          SIZE      DERIVATIVE 
   1  N0           3.41540e+06     fixed    
   2  tau          6.43976e+01   constant   
   3  A0           3.54971e-01     fixed    
   4  phi          4.12317e+00     fixed    
   5  R           -6.08295e+01   constant   
   6  A_CBO        8.93490e-04   4.55520e-04   8.41706e-06   4.54032e-01
   7  w_CBO        2.32727e+00   2.03387e-03   4.08078e-06  -7.54731e+00
   8  phi_CBO      2.76769e+00     fixed    
   9  ANx2         2.24467e-04   constant   
  10  pNx2         2.31915e+00   constant   
  11  ANy1         0.00000e+00   constant   
  12  pNy1         0.00000e+00   constant   
  13  w_y          0.00000e+00   constant   
  14  ANy2         1.49899e-02   1.00000e-04   1.00000e-04   1.56612e+05
  15  pNy2         4.64502e+00   constant   
  16  w_vw         1.43138e+01   constant   
  17  LM          -1.76320e-04   constant   
  18  wCBO_expCoeff   1.99894e+02   2.13317e-01   4.13575e-04  -6.88205e-02
  19  wCBO_expOffset   2.00032e+02   3.75615e-02   9.53826e-05  -4.36983e-01
  20  wCBO_expT    2.99764e+01   7.53456e-03   1.82052e-05  -1.68052e+00
  21  wCBO_linCoeff   0.00000e+00   constant   
  22  wCBO_const   2.95272e-03   1.14265e-03   8.70606e-06  -3.81981e+00
 MIGRAD MINIMIZATION HAS CONVERGED.
 MIGRAD WILL VERIFY CONVERGENCE AND ERROR MATRIX.
 FCN=363.435 FROM MIGRAD    STATUS=CONVERGED     199 CALLS         653 TOTAL
                     EDM=3.20599e-07    STRATEGY= 1      ERR MATRIX NOT POS-DEF
  EXT PARAMETER                APPROXIMATE        STEP         FIRST   
  NO.   NAME      VALUE            ERROR          SIZE      DERIVATIVE 
   1  N0           3.41540e+06     fixed    
   2  tau          6.43976e+01   constant   
   3  A0           3.54971e-01     fixed    
   4  phi          4.12317e+00     fixed    
   5  R           -6.08295e+01   constant   
   6  A_CBO        1.77274e-04   4.75967e-04   4.09386e-06  -1.12617e-01
   7  w_CBO        2.32756e+00   3.26831e-03   2.60761e-06  -1.37122e+00
   8  phi_CBO      2.76769e+00     fixed    
   9  ANx2         2.24467e-04   constant   
  10  pNx2         2.31915e+00   constant   
  11  ANy1         0.00000e+00   constant   
  12  pNy1         0.00000e+00   constant   
  13  w_y          0.00000e+00   constant   
  14  ANy2        -1.91959e-04   4.38798e-04   4.10055e-06   3.59197e-02
  15  pNy2         4.64502e+00   constant   
  16  w_vw         1.43138e+01   constant   
  17  LM          -1.76320e-04   constant   
  18  wCBO_expCoeff   1.99933e+02   3.21397e-01   2.63516e-04  -1.56908e-02
  19  wCBO_expOffset   2.00038e+02   5.13513e-02   9.53854e-05  -1.03537e-01
  20  wCBO_expT    2.99725e+01   1.12790e-02   1.42920e-05  -3.19065e-01
  21  wCBO_linCoeff   0.00000e+00   constant   
  22  wCBO_const   2.61498e-03   1.83672e-03   6.32871e-06  -5.44665e-02
 EXTERNAL ERROR MATRIX.    NDIM=  25    NPAR=  7    ERR DEF=1
  2.265e-07 -9.752e-08  7.938e-09 -1.352e-05 -2.472e-06  1.407e-06  1.440e-07 
 -9.752e-08  1.068e-05 -1.430e-09 -3.193e-04 -6.276e-05 -7.863e-06 -4.419e-06 
  7.938e-09 -1.430e-09  1.925e-07 -2.720e-07 -7.650e-08  2.811e-08  7.269e-09 
 -1.352e-05 -3.193e-04 -2.720e-07  1.033e-01 -8.002e-03 -9.606e-04  1.443e-04 
 -2.472e-06 -6.276e-05 -7.650e-08 -8.002e-03  2.637e-03 -1.803e-04  2.859e-05 
  1.407e-06 -7.863e-06  2.811e-08 -9.606e-04 -1.803e-04  1.272e-04 -3.291e-07 
  1.440e-07 -4.419e-06  7.269e-09  1.443e-04  2.859e-05 -3.291e-07  3.374e-06 
ERR MATRIX NOT POS-DEF
 PARAMETER  CORRELATION COEFFICIENTS  
       NO.  GLOBAL      6      7     14     18     19     20     22
        6  0.39262   1.000 -0.063  0.038 -0.088 -0.101  0.262  0.165
        7  0.99635  -0.063  1.000 -0.001 -0.304 -0.374 -0.213 -0.736
       14  0.03877   0.038 -0.001  1.000 -0.002 -0.003  0.006  0.009
       18  0.99615  -0.088 -0.304 -0.002  1.000 -0.485 -0.265  0.244
       19  0.99661  -0.101 -0.374 -0.003 -0.485  1.000 -0.311  0.303
       20  0.99424   0.262 -0.213  0.006 -0.265 -0.311  1.000 -0.016
       22  0.92958   0.165 -0.736  0.009  0.244  0.303 -0.016  1.000
 ERR MATRIX NOT POS-DEF
MINUIT - FIT ONLY 2-CBO
 **********
 **   43 **RES 
 **********
                   PARAMETER    8  phi_CBO RESTORED TO VARIABLE.
                   PARAMETER    4  phi RESTORED TO VARIABLE.
                   PARAMETER    3  A0 RESTORED TO VARIABLE.
                   PARAMETER    1  N0 RESTORED TO VARIABLE.
 **********
 **   44 **FIX            0
 **********
 PARAMETER    0  IS UNDEFINED. IGNORED.
 **********
 **   45 **FIX            1
 **********
 **********
 **   46 **FIX            2
 **********
 PARAMETER    2  IS CONSTANT.   IGNORED.
 **********
 **   47 **FIX            3
 **********
 **********
 **   48 **FIX            4
 **********
 **********
 **   49 **FIX            5
 **********
 PARAMETER    5  IS CONSTANT.   IGNORED.
 **********
 **   50 **FIX            6
 **********
 **********
 **   51 **FIX            7
 **********
 **********
 **   52 **FIX           10
 **********
 PARAMETER   10  IS CONSTANT.   IGNORED.
 **********
 **   53 **FIX           11
 **********
 PARAMETER   11  IS CONSTANT.   IGNORED.
 **********
 **   54 **FIX           12
 **********
 PARAMETER   12  IS CONSTANT.   IGNORED.
 **********
 **   55 **FIX           13
 **********
 PARAMETER   13  IS CONSTANT.   IGNORED.
 **********
 **   56 **FIX           14
 **********
 **********
 **   57 **FIX           15
 **********
 PARAMETER   15  IS CONSTANT.   IGNORED.
 **********
 **   58 **FIX           16
 **********
 PARAMETER   16  IS CONSTANT.   IGNORED.
 **********
 **   59 **MIGRAD
 **********
 START MIGRAD MINIMIZATION.  STRATEGY  1.  CONVERGENCE WHEN EDM .LT. 1.00e-04
 FCN=363.435 FROM MIGRAD    STATUS=INITIATE       12 CALLS         665 TOTAL
                     EDM= unknown      STRATEGY= 1      NO ERROR MATRIX       
  EXT PARAMETER               CURRENT GUESS       STEP         FIRST   
  NO.   NAME      VALUE            ERROR          SIZE      DERIVATIVE 
   1  N0           3.41540e+06     fixed    
   2  tau          6.43976e+01   constant   
   3  A0           3.54971e-01     fixed    
   4  phi          4.12317e+00     fixed    
   5  R           -6.08295e+01   constant   
   6  A_CBO        1.77274e-04     fixed    
   7  w_CBO        2.32756e+00     fixed    
   8  phi_CBO      2.76769e+00   6.91698e-01   6.91698e-01   2.15866e-02
   9  ANx2         2.24467e-04   constant   
  10  pNx2         2.31915e+00   constant   
  11  ANy1         0.00000e+00   constant   
  12  pNy1         0.00000e+00   constant   
  13  w_y          0.00000e+00   constant   
  14  ANy2        -1.91959e-04     fixed    
  15  pNy2         4.64502e+00   constant   
  16  w_vw         1.43138e+01   constant   
  17  LM          -1.76320e-04   constant   
  18  wCBO_expCoeff   1.99933e+02   3.21397e-01   2.63516e-04  -1.55765e-02
  19  wCBO_expOffset   2.00038e+02   5.13513e-02   9.53854e-05  -1.00054e-01
  20  wCBO_expT    2.99725e+01   1.12790e-02   1.42920e-05  -3.16638e-01
  21  wCBO_linCoeff   0.00000e+00   constant   
  22  wCBO_const   2.61498e-03   1.83672e-03   6.32871e-06  -5.49348e-02
 MIGRAD MINIMIZATION HAS CONVERGED.
 MIGRAD WILL VERIFY CONVERGENCE AND ERROR MATRIX.
 FCN=363.435 FROM MIGRAD    STATUS=CONVERGED      78 CALLS         731 TOTAL
                     EDM=3.19391e-05    STRATEGY= 1      ERR MATRIX NOT POS-DEF
  EXT PARAMETER                APPROXIMATE        STEP         FIRST   
  NO.   NAME      VALUE            ERROR          SIZE      DERIVATIVE 
   1  N0           3.41540e+06     fixed    
   2  tau          6.43976e+01   constant   
   3  A0           3.54971e-01     fixed    
   4  phi          4.12317e+00     fixed    
   5  R           -6.08295e+01   constant   
   6  A_CBO        1.77274e-04     fixed    
   7  w_CBO        2.32756e+00     fixed    
   8  phi_CBO      2.69810e+00   2.58183e+00   2.30999e-02   3.92107e-04
   9  ANx2         2.24467e-04   constant   
  10  pNx2         2.31915e+00   constant   
  11  ANy1         0.00000e+00   constant   
  12  pNy1         0.00000e+00   constant   
  13  w_y          0.00000e+00   constant   
  14  ANy2        -1.91959e-04     fixed    
  15  pNy2         4.64502e+00   constant   
  16  w_vw         1.43138e+01   constant   
  17  LM          -1.76320e-04   constant   
  18  wCBO_expCoeff   1.99933e+02   3.43231e-01   2.64266e-04  -1.22476e-02
  19  wCBO_expOffset   2.00038e+02   5.37807e-02   9.53854e-05  -8.05259e-02
  20  wCBO_expT    2.99725e+01   1.15257e-02   1.42920e-05   3.91116e-01
  21  wCBO_linCoeff   0.00000e+00   constant   
  22  wCBO_const   2.60707e-03   1.25185e-03   6.33068e-06  -4.90104e-01
 EXTERNAL ERROR MATRIX.    NDIM=  25    NPAR=  5    ERR DEF=1
  6.666e+00 -3.716e-02 -1.134e-02  4.289e-03  5.718e-04 
 -3.716e-02  1.178e-01 -1.345e-02 -1.224e-03  2.008e-05 
 -1.134e-02 -1.345e-02  2.892e-03 -2.559e-04  4.226e-06 
  4.289e-03 -1.224e-03 -2.559e-04  1.328e-04 -4.349e-06 
  5.718e-04  2.008e-05  4.226e-06 -4.349e-06  1.567e-06 
ERR MATRIX NOT POS-DEF
 PARAMETER  CORRELATION COEFFICIENTS  
       NO.  GLOBAL      8     18     19     20     22
        8  0.28336   1.000 -0.042 -0.082  0.144  0.177
       18  0.99660  -0.042  1.000 -0.729 -0.309  0.047
       19  0.99689  -0.082 -0.729  1.000 -0.413  0.063
       20  0.99446   0.144 -0.309 -0.413  1.000 -0.301
       22  0.84105   0.177  0.047  0.063 -0.301  1.000
 ERR MATRIX NOT POS-DEF
MINUIT - FIT ONLY 1-y
 **********
 **   60 **RES 
 **********
                   PARAMETER   14  ANy2 RESTORED TO VARIABLE.
                   PARAMETER    7  w_CBO RESTORED TO VARIABLE.
                   PARAMETER    6  A_CBO RESTORED TO VARIABLE.
                   PARAMETER    4  phi RESTORED TO VARIABLE.
                   PARAMETER    3  A0 RESTORED TO VARIABLE.
                   PARAMETER    1  N0 RESTORED TO VARIABLE.
 **********
 **   61 **FIX            0
 **********
 PARAMETER    0  IS UNDEFINED. IGNORED.
 **********
 **   62 **FIX            1
 **********
 **********
 **   63 **FIX            2
 **********
 PARAMETER    2  IS CONSTANT.   IGNORED.
 **********
 **   64 **FIX            3
 **********
 **********
 **   65 **FIX            4
 **********
 **********
 **   66 **FIX            5
 **********
 PARAMETER    5  IS CONSTANT.   IGNORED.
 **********
 **   67 **FIX            6
 **********
 **********
 **   68 **FIX            7
 **********
 **********
 **   69 **FIX            8
 **********
 **********
 **   70 **FIX            9
 **********
 PARAMETER    9  IS CONSTANT.   IGNORED.
 **********
 **   71 **FIX           13
 **********
 PARAMETER   13  IS CONSTANT.   IGNORED.
 **********
 **   72 **FIX           14
 **********
 **********
 **   73 **FIX           15
 **********
 PARAMETER   15  IS CONSTANT.   IGNORED.
 **********
 **   74 **FIX           16
 **********
 PARAMETER   16  IS CONSTANT.   IGNORED.
 **********
 **   75 **MIGRAD
 **********
 START MIGRAD MINIMIZATION.  STRATEGY  1.  CONVERGENCE WHEN EDM .LT. 1.00e-04
 FCN=363.435 FROM MIGRAD    STATUS=INITIATE        8 CALLS         739 TOTAL
                     EDM= unknown      STRATEGY= 1      NO ERROR MATRIX       
  EXT PARAMETER               CURRENT GUESS       STEP         FIRST   
  NO.   NAME      VALUE            ERROR          SIZE      DERIVATIVE 
   1  N0           3.41540e+06     fixed    
   2  tau          6.43976e+01   constant   
   3  A0           3.54971e-01     fixed    
   4  phi          4.12317e+00     fixed    
   5  R           -6.08295e+01   constant   
   6  A_CBO        1.77274e-04     fixed    
   7  w_CBO        2.32756e+00     fixed    
   8  phi_CBO      2.69810e+00     fixed    
   9  ANx2         2.24467e-04   constant   
  10  pNx2         2.31915e+00   constant   
  11  ANy1         0.00000e+00   constant   
  12  pNy1         0.00000e+00   constant   
  13  w_y          0.00000e+00   constant   
  14  ANy2        -1.91959e-04     fixed    
  15  pNy2         4.64502e+00   constant   
  16  w_vw         1.43138e+01   constant   
  17  LM          -1.76320e-04   constant   
  18  wCBO_expCoeff   1.99933e+02   3.43231e-01   2.64266e-04  -1.21283e-02
  19  wCBO_expOffset   2.00038e+02   5.37807e-02   9.53854e-05  -7.69092e-02
  20  wCBO_expT    2.99725e+01   1.15257e-02   1.42920e-05   3.93660e-01
  21  wCBO_linCoeff   0.00000e+00   constant   
  22  wCBO_const   2.60707e-03   1.25185e-03   6.33068e-06  -4.90202e-01
 MIGRAD MINIMIZATION HAS CONVERGED.
 MIGRAD WILL VERIFY CONVERGENCE AND ERROR MATRIX.
 FCN=363.435 FROM MIGRAD    STATUS=CONVERGED      41 CALLS         772 TOTAL
                     EDM=2.98438e-05    STRATEGY= 1      ERR MATRIX NOT POS-DEF
  EXT PARAMETER                APPROXIMATE        STEP         FIRST   
  NO.   NAME      VALUE            ERROR          SIZE      DERIVATIVE 
   1  N0           3.41540e+06     fixed    
   2  tau          6.43976e+01   constant   
   3  A0           3.54971e-01     fixed    
   4  phi          4.12317e+00     fixed    
   5  R           -6.08295e+01   constant   
   6  A_CBO        1.77274e-04     fixed    
   7  w_CBO        2.32756e+00     fixed    
   8  phi_CBO      2.69810e+00     fixed    
   9  ANx2         2.24467e-04   constant   
  10  pNx2         2.31915e+00   constant   
  11  ANy1         0.00000e+00   constant   
  12  pNy1         0.00000e+00   constant   
  13  w_y          0.00000e+00   constant   
  14  ANy2        -1.91959e-04     fixed    
  15  pNy2         4.64502e+00   constant   
  16  w_vw         1.43138e+01   constant   
  17  LM          -1.76320e-04   constant   
  18  wCBO_expCoeff   1.99933e+02   3.43949e-01   2.64215e-04   2.69015e-02
  19  wCBO_expOffset   2.00038e+02   5.37489e-02   9.53854e-05   1.80613e-01
  20  wCBO_expT    2.99725e+01   1.14241e-02   1.42920e-05   1.30921e+00
  21  wCBO_linCoeff   0.00000e+00   constant   
  22  wCBO_const   2.60734e-03   1.23235e-03   6.32992e-06   1.19950e+00
 EXTERNAL ERROR MATRIX.    NDIM=  25    NPAR=  4    ERR DEF=1
  1.183e-01 -1.360e-02 -1.205e-03  2.341e-05 
 -1.360e-02  2.889e-03 -2.493e-04  5.224e-06 
 -1.205e-03 -2.493e-04  1.305e-04 -4.731e-06 
  2.341e-05  5.224e-06 -4.731e-06  1.519e-06 
ERR MATRIX NOT POS-DEF
 PARAMETER  CORRELATION COEFFICIENTS  
       NO.  GLOBAL     18     19     20     22
       18  0.99662   1.000 -0.736 -0.307  0.055
       19  0.99689  -0.736  1.000 -0.406  0.079
       20  0.99436  -0.307 -0.406  1.000 -0.336
       22  0.83547   0.055  0.079 -0.336  1.000
 ERR MATRIX NOT POS-DEF
MINUIT - FIT ONLY 2-y
 **********
 **   76 **RES 
 **********
                   PARAMETER   14  ANy2 RESTORED TO VARIABLE.
                   PARAMETER    8  phi_CBO RESTORED TO VARIABLE.
                   PARAMETER    7  w_CBO RESTORED TO VARIABLE.
                   PARAMETER    6  A_CBO RESTORED TO VARIABLE.
                   PARAMETER    4  phi RESTORED TO VARIABLE.
                   PARAMETER    3  A0 RESTORED TO VARIABLE.
                   PARAMETER    1  N0 RESTORED TO VARIABLE.
 **********
 **   77 **FIX            0
 **********
 PARAMETER    0  IS UNDEFINED. IGNORED.
 **********
 **   78 **FIX            1
 **********
 **********
 **   79 **FIX            2
 **********
 PARAMETER    2  IS CONSTANT.   IGNORED.
 **********
 **   80 **FIX            3
 **********
 **********
 **   81 **FIX            4
 **********
 **********
 **   82 **FIX            5
 **********
 PARAMETER    5  IS CONSTANT.   IGNORED.
 **********
 **   83 **FIX            6
 **********
 **********
 **   84 **FIX            7
 **********
 **********
 **   85 **FIX            8
 **********
 **********
 **   86 **FIX            9
 **********
 PARAMETER    9  IS CONSTANT.   IGNORED.
 **********
 **   87 **FIX           10
 **********
 PARAMETER   10  IS CONSTANT.   IGNORED.
 **********
 **   88 **FIX           11
 **********
 PARAMETER   11  IS CONSTANT.   IGNORED.
 **********
 **   89 **FIX           12
 **********
 PARAMETER   12  IS CONSTANT.   IGNORED.
 **********
 **   90 **FIX           16
 **********
 PARAMETER   16  IS CONSTANT.   IGNORED.
 **********
 **   91 **MIGRAD
 **********
 START MIGRAD MINIMIZATION.  STRATEGY  1.  CONVERGENCE WHEN EDM .LT. 1.00e-04
 FCN=363.435 FROM MIGRAD    STATUS=INITIATE       10 CALLS         782 TOTAL
                     EDM= unknown      STRATEGY= 1      NO ERROR MATRIX       
  EXT PARAMETER               CURRENT GUESS       STEP         FIRST   
  NO.   NAME      VALUE            ERROR          SIZE      DERIVATIVE 
   1  N0           3.41540e+06     fixed    
   2  tau          6.43976e+01   constant   
   3  A0           3.54971e-01     fixed    
   4  phi          4.12317e+00     fixed    
   5  R           -6.08295e+01   constant   
   6  A_CBO        1.77274e-04     fixed    
   7  w_CBO        2.32756e+00     fixed    
   8  phi_CBO      2.69810e+00     fixed    
   9  ANx2         2.24467e-04   constant   
  10  pNx2         2.31915e+00   constant   
  11  ANy1         0.00000e+00   constant   
  12  pNy1         0.00000e+00   constant   
  13  w_y          0.00000e+00   constant   
  14  ANy2        -1.91959e-04   4.38798e-04   4.38798e-04  -1.19525e-01
  15  pNy2         4.64502e+00   constant   
  16  w_vw         1.43138e+01   constant   
  17  LM          -1.76320e-04   constant   
  18  wCBO_expCoeff   1.99933e+02   3.43949e-01   2.64215e-04   2.70199e-02
  19  wCBO_expOffset   2.00038e+02   5.37489e-02   9.53854e-05   1.84205e-01
  20  wCBO_expT    2.99725e+01   1.14241e-02   1.42920e-05   1.31173e+00
  21  wCBO_linCoeff   0.00000e+00   constant   
  22  wCBO_const   2.60734e-03   1.23235e-03   6.32992e-06   1.19937e+00
 MIGRAD MINIMIZATION HAS CONVERGED.
 MIGRAD WILL VERIFY CONVERGENCE AND ERROR MATRIX.
 FCN=363.435 FROM MIGRAD    STATUS=CONVERGED      53 CALLS         825 TOTAL
                     EDM=2.92476e-05    STRATEGY= 1      ERR MATRIX NOT POS-DEF
  EXT PARAMETER                APPROXIMATE        STEP         FIRST   
  NO.   NAME      VALUE            ERROR          SIZE      DERIVATIVE 
   1  N0           3.41540e+06     fixed    
   2  tau          6.43976e+01   constant   
   3  A0           3.54971e-01     fixed    
   4  phi          4.12317e+00     fixed    
   5  R           -6.08295e+01   constant   
   6  A_CBO        1.77274e-04     fixed    
   7  w_CBO        2.32756e+00     fixed    
   8  phi_CBO      2.69810e+00     fixed    
   9  ANx2         2.24467e-04   constant   
  10  pNx2         2.31915e+00   constant   
  11  ANy1         0.00000e+00   constant   
  12  pNy1         0.00000e+00   constant   
  13  w_y          0.00000e+00   constant   
  14  ANy2        -1.91956e-04   4.38713e-04   4.10054e-06  -7.24947e-02
  15  pNy2         4.64502e+00   constant   
  16  w_vw         1.43138e+01   constant   
  17  LM          -1.76320e-04   constant   
  18  wCBO_expCoeff   1.99933e+02   3.43875e-01   2.64207e-04  -1.30253e-02
  19  wCBO_expOffset   2.00038e+02   5.37570e-02   9.53854e-05  -8.57134e-02
  20  wCBO_expT    2.99725e+01   1.14223e-02   1.42920e-05   3.73986e-01
  21  wCBO_linCoeff   0.00000e+00   constant   
  22  wCBO_const   2.60726e-03   1.23232e-03   6.32988e-06  -2.93425e-01
 EXTERNAL ERROR MATRIX.    NDIM=  25    NPAR=  5    ERR DEF=1
  1.925e-07  3.040e-07  2.559e-08 -2.279e-08  3.044e-09 
  3.040e-07  1.182e-01 -1.360e-02 -1.203e-03  2.335e-05 
  2.559e-08 -1.360e-02  2.890e-03 -2.495e-04  5.228e-06 
 -2.279e-08 -1.203e-03 -2.495e-04  1.305e-04 -4.730e-06 
  3.044e-09  2.335e-05  5.228e-06 -4.730e-06  1.519e-06 
ERR MATRIX NOT POS-DEF
 PARAMETER  CORRELATION COEFFICIENTS  
       NO.  GLOBAL     14     18     19     20     22
       14  0.00747   1.000  0.002  0.001 -0.005  0.006
       18  0.99662   0.002  1.000 -0.736 -0.306  0.055
       19  0.99689   0.001 -0.736  1.000 -0.406  0.079
       20  0.99436  -0.005 -0.306 -0.406  1.000 -0.336
       22  0.83547   0.006  0.055  0.079 -0.336  1.000
 ERR MATRIX NOT POS-DEF
MINUIT - FIT ALTOGETHER
 **********
 **   92 **RES 
 **********
                   PARAMETER    8  phi_CBO RESTORED TO VARIABLE.
                   PARAMETER    7  w_CBO RESTORED TO VARIABLE.
                   PARAMETER    6  A_CBO RESTORED TO VARIABLE.
                   PARAMETER    4  phi RESTORED TO VARIABLE.
                   PARAMETER    3  A0 RESTORED TO VARIABLE.
                   PARAMETER    1  N0 RESTORED TO VARIABLE.
 **********
 **   93 **MIGRAD
 **********
 START MIGRAD MINIMIZATION.  STRATEGY  1.  CONVERGENCE WHEN EDM .LT. 1.00e-04
 FCN=363.435 FROM MIGRAD    STATUS=INITIATE       22 CALLS         847 TOTAL
                     EDM= unknown      STRATEGY= 1      NO ERROR MATRIX       
  EXT PARAMETER               CURRENT GUESS       STEP         FIRST   
  NO.   NAME      VALUE            ERROR          SIZE      DERIVATIVE 
   1  N0           3.41540e+06   1.05610e+03   1.05610e+03  -8.39383e-04
   2  tau          6.43976e+01   constant   
   3  A0           3.54971e-01   4.14859e-04   4.14859e-04  -7.92335e+02
   4  phi          4.12317e+00   1.21577e-03   1.21577e-03   1.11170e+02
   5  R           -6.08295e+01   constant   
   6  A_CBO        1.77274e-04   4.75967e-04   4.75967e-04   9.37615e-01
   7  w_CBO        2.32756e+00   3.26831e-03   3.26831e-03  -1.23520e+00
   8  phi_CBO      2.69810e+00   2.58183e+00   2.58183e+00   3.77212e-04
   9  ANx2         2.24467e-04   constant   
  10  pNx2         2.31915e+00   constant   
  11  ANy1         0.00000e+00   constant   
  12  pNy1         0.00000e+00   constant   
  13  w_y          0.00000e+00   constant   
  14  ANy2        -1.91956e-04   4.38713e-04   4.10054e-06  -7.24948e-02
  15  pNy2         4.64502e+00   constant   
  16  w_vw         1.43138e+01   constant   
  17  LM          -1.76320e-04   constant   
  18  wCBO_expCoeff   1.99933e+02   3.43875e-01   2.64207e-04  -1.29060e-02
  19  wCBO_expOffset   2.00038e+02   5.37570e-02   9.53854e-05  -8.20961e-02
  20  wCBO_expT    2.99725e+01   1.14223e-02   1.42920e-05   3.76530e-01
  21  wCBO_linCoeff   0.00000e+00   constant   
  22  wCBO_const   2.60726e-03   1.23232e-03   6.32988e-06  -2.93528e-01
 MIGRAD MINIMIZATION HAS CONVERGED.
 MIGRAD WILL VERIFY CONVERGENCE AND ERROR MATRIX.
 FCN=363.201 FROM HESSE     STATUS=NOT POSDEF    100 CALLS        1018 TOTAL
                     EDM=5.68391e-05    STRATEGY= 1      ERR MATRIX NOT POS-DEF
  EXT PARAMETER                APPROXIMATE        STEP         FIRST   
  NO.   NAME      VALUE            ERROR          SIZE      DERIVATIVE 
   1  N0           3.41588e+06   1.05945e+03   9.73236e+00   3.18017e-08
