 + ++++++++++++++++++++++++++++++++++++++++++++++++++++++++++++++++++++ +
 +                                                                      +
 +           You have chose to blind your fitting according to          +
 +                omega_ref * (1 + (R +/- deltaR) *10^{-6})             +
 +                                                                      +
 + ++++++++++++++++++++++++++++++++++++++++++++++++++++++++++++++++++++ +
In main()...
reading format from /gm2data/zkhechad/run45/envelope/formats/formatB_sBin_constraintOn.txt
pBinTau 	= 0  
pBinPhi 	= 0  
constraintau 	= 1 
includeMopTerm 	= 0    
constrainMop    = 0   
Parameters after format file: pBinTau 0 pBinPhi 0 constraintau 1 includeMopTerm 0 constrainMop 0 c_e_scale 0.000000 
reading cbo reference file (full fit) from /gm2data/zkhechad/cboTemplates/Run4CBOTemplates/fullFits/run4/sBin_constraintOn_cE0.0_seed0_run4_calo13.root
A_CBO 0.010252 w_CBO 2.327514 phi_CBO 5.545635 N0 3338670.649067 R -60.961072 tau 64.390414 
Reading cboRef file /gm2data/zkhechad/cboTemplates/Run4CBOTemplates//cboIsolate/run4_calo13.root
deltaT 18.612497
windowBins = 120
fitting sliding window 540 from bin 743 at 110.855600 to bin 863 at 128.759600 (120 bins)

Reading data from /gm2data/cornell/histograms/aMethod/histogram_a_run4.root
fitting cbo isolate
 **********
 **    1 **SET PRINTOUT            1
 **********
 **********
 **    2 **SET NOWARNINGS 
 **********
 PARAMETER DEFINITIONS:
    NO.   NAME         VALUE      STEP SIZE      LIMITS
     1 A_CBO        1.02517e-02  1.00000e-05     no limits
     2 w_CBO        2.32751e+00  1.00000e-02    2.00000e+00  3.00000e+00
     3 phi_CBO      5.54564e+00  1.00000e-02    0.00000e+00  6.28319e+00
 **********
 **    3 **MIGRAD
 **********
 FIRST CALL TO USER FUNCTION AT NEW START POINT, WITH IFLAG=4.
 START MIGRAD MINIMIZATION.  STRATEGY  1.  CONVERGENCE WHEN EDM .LT. 1.00e-04
 FCN=0.000759978 FROM MIGRAD    STATUS=INITIATE       12 CALLS          13 TOTAL
                     EDM= unknown      STRATEGY= 1      NO ERROR MATRIX       
  EXT PARAMETER               CURRENT GUESS       STEP         FIRST   
  NO.   NAME      VALUE            ERROR          SIZE      DERIVATIVE 
   1  A_CBO        1.02517e-02   1.00000e-05   1.00000e-05   3.73958e-01
   2  w_CBO        2.32751e+00   1.00000e-02   2.13103e-02  -1.44799e-02
   3  phi_CBO      5.54564e+00   1.00000e-02   4.94468e-03   5.24292e-04
 MIGRAD MINIMIZATION HAS CONVERGED.
 MIGRAD WILL VERIFY CONVERGENCE AND ERROR MATRIX.
 COVARIANCE MATRIX CALCULATED SUCCESSFULLY
 FCN=0.000167407 FROM MIGRAD    STATUS=CONVERGED      47 CALLS          48 TOTAL
                     EDM=3.33727e-07    STRATEGY= 1      ERROR MATRIX ACCURATE 
  EXT PARAMETER                                   STEP         FIRST   
  NO.   NAME      VALUE            ERROR          SIZE      DERIVATIVE 
   1  A_CBO        7.07443e-03   1.30767e-01   6.35268e-05  -2.52685e-03
   2  w_CBO        2.32761e+00   8.14415e-01   1.57282e-04   1.75537e-04
   3  phi_CBO      5.53346e+00   5.49167e+00   4.24840e-03   2.03115e-07
 EXTERNAL ERROR MATRIX.    NDIM=  25    NPAR=  3    ERR DEF=1
  1.710e-02 -2.517e-02 -3.035e+00 
 -2.517e-02  3.419e+00  4.073e+02 
 -3.035e+00  4.073e+02  4.884e+04 
 PARAMETER  CORRELATION COEFFICIENTS  
       NO.  GLOBAL      1      2      3
        1  0.10526   1.000 -0.104 -0.105
        2  0.99664  -0.104  1.000  0.997
        3  0.99664  -0.105  0.997  1.000
setting A_CBO=0.007074 w_CBO=2.327613, phi_CBO=5.533459
done fitting cbo isolate
 **********
 **    1 **SET PRINTOUT            1
 **********
 **********
 **    2 **SET NOWARNINGS 
 **********
 PARAMETER DEFINITIONS:
    NO.   NAME         VALUE      STEP SIZE      LIMITS
     1 N0           3.33867e+06  1.00000e+02     no limits
     2 tau          6.43904e+01  constant
     3 A0           3.52926e-01  1.00000e-04     no limits
     4 phi          4.13059e+00  1.00000e-02     no limits
     5 R           -6.09611e+01  constant
     6 A_CBO        7.07443e-03  1.00000e-05     no limits
     7 w_CBO        2.32761e+00  1.00000e-03     no limits
     8 phi_CBO      5.53346e+00  1.00000e-04     no limits
     9 ANx2         2.14836e-04  constant
    10 pNx2         2.09111e+00  constant
    11 ANy1         0.00000e+00  constant
    12 pNy1         0.00000e+00  constant
    13 w_y          0.00000e+00  constant
    14 ANy2         1.07548e-02  1.00000e-04     no limits
    15 pNy2         1.09622e+00  constant
    16 w_vw         1.43115e+01  constant
    17 LM          -4.64416e-04  constant
    18 wCBO_expCoeff   2.00000e+02  1.00000e+00     no limits
    19 wCBO_expOffset   2.00000e+02  1.00000e+00     no limits
    20 wCBO_expT    3.00000e+01  1.00000e+00     no limits
    21 wCBO_linCoeff   0.00000e+00  constant
    22 wCBO_const   0.00000e+00  1.00000e-02     no limits
MINUIT - FIT ONLY WIGGLE
 **********
 **    3 **FIX            5
 **********
 PARAMETER    5  IS CONSTANT.   IGNORED.
 **********
 **    4 **FIX            6
 **********
 **********
 **    5 **FIX            7
 **********
 **********
 **    6 **FIX            8
 **********
 **********
 **    7 **FIX            9
 **********
 PARAMETER    9  IS CONSTANT.   IGNORED.
 **********
 **    8 **FIX           10
 **********
 PARAMETER   10  IS CONSTANT.   IGNORED.
 **********
 **    9 **FIX           11
 **********
 PARAMETER   11  IS CONSTANT.   IGNORED.
 **********
 **   10 **FIX           12
 **********
 PARAMETER   12  IS CONSTANT.   IGNORED.
 **********
 **   11 **FIX           13
 **********
 PARAMETER   13  IS CONSTANT.   IGNORED.
 **********
 **   12 **FIX           14
 **********
 **********
 **   13 **FIX           15
 **********
 PARAMETER   15  IS CONSTANT.   IGNORED.
 **********
 **   14 **FIX           16
 **********
 PARAMETER   16  IS CONSTANT.   IGNORED.
 **********
 **   15 **MIGRAD
 **********
 FIRST CALL TO USER FUNCTION AT NEW START POINT, WITH IFLAG=4.
 START MIGRAD MINIMIZATION.  STRATEGY  1.  CONVERGENCE WHEN EDM .LT. 1.00e-04
 FCN=4241.75 FROM MIGRAD    STATUS=INITIATE       61 CALLS          62 TOTAL
                     EDM= unknown      STRATEGY= 1      NO ERROR MATRIX       
  EXT PARAMETER               CURRENT GUESS       STEP         FIRST   
  NO.   NAME      VALUE            ERROR          SIZE      DERIVATIVE 
   1  N0           3.33867e+06   1.00000e+02   0.00000e+00   2.54714e-02
   2  tau          6.43904e+01   constant   
   3  A0           3.52926e-01   1.00000e-04   0.00000e+00   8.33631e+03
   4  phi          4.13059e+00   1.00000e-02   0.00000e+00  -2.52254e+04
   5  R           -6.09611e+01   constant   
   6  A_CBO        7.07443e-03     fixed    
   7  w_CBO        2.32761e+00     fixed    
   8  phi_CBO      5.53346e+00     fixed    
   9  ANx2         2.14836e-04   constant   
  10  pNx2         2.09111e+00   constant   
  11  ANy1         0.00000e+00   constant   
  12  pNy1         0.00000e+00   constant   
  13  w_y          0.00000e+00   constant   
  14  ANy2         1.07548e-02     fixed    
  15  pNy2         1.09622e+00   constant   
  16  w_vw         1.43115e+01   constant   
  17  LM          -4.64416e-04   constant   
  18  wCBO_expCoeff   2.00000e+02   1.00000e+00  -3.35292e-04   1.03261e+06
  19  wCBO_expOffset   2.00000e+02   1.00000e+00   0.00000e+00   5.65772e+04
  20  wCBO_expT    3.00000e+01   1.00000e+00   0.00000e+00  -1.32304e+07
  21  wCBO_linCoeff   0.00000e+00   constant   
  22  wCBO_const   0.00000e+00   1.00000e-02   0.00000e+00   7.56166e+04
 MIGRAD FAILS TO FIND IMPROVEMENT
 FCN=4111.47 FROM HESSE     STATUS=NOT POSDEF     56 CALLS         179 TOTAL
                     EDM=35.6747    STRATEGY= 1      ERR MATRIX NOT POS-DEF
  EXT PARAMETER                APPROXIMATE        STEP         FIRST   
  NO.   NAME      VALUE            ERROR          SIZE      DERIVATIVE 
   1  N0           3.33535e+06   6.54733e+02   1.55514e+01  -2.99706e-03
   2  tau          6.43904e+01   constant   
   3  A0           3.52830e-01   1.91984e-04   6.35152e-06  -1.18849e+03
   4  phi          4.13514e+00   1.50077e-03   1.82654e-05   2.30088e+03
   5  R           -6.09611e+01   constant   
   6  A_CBO        7.07443e-03     fixed    
   7  w_CBO        2.32761e+00     fixed    
   8  phi_CBO      5.53346e+00     fixed    
   9  ANx2         2.14836e-04   constant   
  10  pNx2         2.09111e+00   constant   
  11  ANy1         0.00000e+00   constant   
  12  pNy1         0.00000e+00   constant   
  13  w_y          0.00000e+00   constant   
  14  ANy2         1.07548e-02     fixed    
  15  pNy2         1.09622e+00   constant   
  16  w_vw         1.43115e+01   constant   
  17  LM          -4.64416e-04   constant   
  18  wCBO_expCoeff   2.00000e+02   2.10488e-04   9.53673e-05  -5.41947e+05
  19  wCBO_expOffset   2.00000e+02   1.53786e-05   9.53674e-05   1.02579e+06
  20  wCBO_expT    3.00000e+01   3.49743e-06   1.43051e-05   1.08378e+07
  21  wCBO_linCoeff   0.00000e+00   constant   
  22  wCBO_const  -3.59226e-04   2.81973e-03   6.96523e-06  -2.48220e+04
 MIGRAD FAILS TO FIND IMPROVEMENT
 MIGRAD TERMINATED WITHOUT CONVERGENCE.
 FCN=4111.47 FROM MIGRAD    STATUS=FAILED        189 CALLS         190 TOTAL
                     EDM=35.6747    STRATEGY= 1      ERR MATRIX NOT POS-DEF
  EXT PARAMETER                APPROXIMATE        STEP         FIRST   
  NO.   NAME      VALUE            ERROR          SIZE      DERIVATIVE 
   1  N0           3.33535e+06   6.54733e+02  -0.00000e+00  -2.99706e-03
   2  tau          6.43904e+01   constant   
   3  A0           3.52830e-01   1.91984e-04  -0.00000e+00  -1.18849e+03
   4  phi          4.13514e+00   1.50077e-03   0.00000e+00   2.30088e+03
   5  R           -6.09611e+01   constant   
   6  A_CBO        7.07443e-03     fixed    
   7  w_CBO        2.32761e+00     fixed    
   8  phi_CBO      5.53346e+00     fixed    
   9  ANx2         2.14836e-04   constant   
  10  pNx2         2.09111e+00   constant   
  11  ANy1         0.00000e+00   constant   
  12  pNy1         0.00000e+00   constant   
  13  w_y          0.00000e+00   constant   
  14  ANy2         1.07548e-02     fixed    
  15  pNy2         1.09622e+00   constant   
  16  w_vw         1.43115e+01   constant   
  17  LM          -4.64416e-04   constant   
  18  wCBO_expCoeff   2.00000e+02   2.10488e-04  -0.00000e+00  -5.41947e+05
  19  wCBO_expOffset   2.00000e+02   1.53786e-05  -0.00000e+00   1.02579e+06
  20  wCBO_expT    3.00000e+01   3.49743e-06  -0.00000e+00   1.08378e+07
  21  wCBO_linCoeff   0.00000e+00   constant   
  22  wCBO_const  -3.59226e-04   2.81973e-03   0.00000e+00  -2.48220e+04
 EXTERNAL ERROR MATRIX.    NDIM=  25    NPAR=  7    ERR DEF=1
  4.287e+05  3.078e-02 -6.658e-01  9.781e-02  7.367e-03  1.651e-03 -1.304e+00 
  3.078e-02  3.686e-08 -8.947e-08  1.307e-08  9.522e-10  2.254e-10 -1.756e-07 
 -6.658e-01 -8.947e-08  2.252e-06 -2.934e-07 -2.135e-08 -4.851e-09  3.921e-06 
  9.781e-02  1.307e-08 -2.934e-07  4.431e-08  3.121e-09  7.103e-10 -5.921e-07 
  7.367e-03  9.522e-10 -2.135e-08  3.121e-09  2.365e-10  5.169e-11 -4.158e-08 
  1.651e-03  2.254e-10 -4.851e-09  7.103e-10  5.169e-11  1.223e-11 -9.453e-09 
 -1.304e+00 -1.756e-07  3.921e-06 -5.921e-07 -4.158e-08 -9.453e-09  7.951e-06 
ERR MATRIX NOT POS-DEF
 PARAMETER  CORRELATION COEFFICIENTS  
       NO.  GLOBAL      1      3      4     18     19     20     22
        1  0.73516   1.000  0.245 -0.678  0.710  0.732  0.721 -0.706
        3  0.33865   0.245  1.000 -0.311  0.324  0.323  0.336 -0.324
        4  0.93819  -0.678 -0.311  1.000 -0.929 -0.925 -0.924  0.927
       18  0.99810   0.710  0.324 -0.929  1.000  0.964  0.965 -0.998
       19  0.97373   0.732  0.323 -0.925  0.964  1.000  0.961 -0.959
       20  0.97403   0.721  0.336 -0.924  0.965  0.961  1.000 -0.959
       22  0.99769  -0.706 -0.324  0.927 -0.998 -0.959 -0.959  1.000
 ERR MATRIX NOT POS-DEF
MINUIT - FIT ONLY 1-CBO + other amplitudes 
 **********
 **   16 **RES 
 **********
                   PARAMETER   14  ANy2 RESTORED TO VARIABLE.
                   PARAMETER    8  phi_CBO RESTORED TO VARIABLE.
                   PARAMETER    7  w_CBO RESTORED TO VARIABLE.
                   PARAMETER    6  A_CBO RESTORED TO VARIABLE.
 **********
 **   17 **FIX            0
 **********
 PARAMETER    0  IS UNDEFINED. IGNORED.
 **********
 **   18 **FIX            1
 **********
 **********
 **   19 **FIX            2
 **********
 PARAMETER    2  IS CONSTANT.   IGNORED.
 **********
 **   20 **FIX            3
 **********
 **********
 **   21 **FIX            4
 **********
 **********
 **   22 **FIX            9
 **********
 PARAMETER    9  IS CONSTANT.   IGNORED.
 **********
 **   23 **FIX           11
 **********
 PARAMETER   11  IS CONSTANT.   IGNORED.
 **********
 **   24 **FIX           12
 **********
 PARAMETER   12  IS CONSTANT.   IGNORED.
 **********
 **   25 **FIX           14
 **********
 **********
 **   26 **FIX           15
 **********
 PARAMETER   15  IS CONSTANT.   IGNORED.
 **********
 **   27 **FIX           16
 **********
 PARAMETER   16  IS CONSTANT.   IGNORED.
 **********
 **   28 **MIGRAD
 **********
 START MIGRAD MINIMIZATION.  STRATEGY  1.  CONVERGENCE WHEN EDM .LT. 1.00e-04
 FCN=4111.47 FROM MIGRAD    STATUS=INITIATE       22 CALLS         212 TOTAL
                     EDM= unknown      STRATEGY= 1      NO ERROR MATRIX       
  EXT PARAMETER               CURRENT GUESS       STEP         FIRST   
  NO.   NAME      VALUE            ERROR          SIZE      DERIVATIVE 
   1  N0           3.33535e+06     fixed    
   2  tau          6.43904e+01   constant   
   3  A0           3.52830e-01     fixed    
   4  phi          4.13514e+00     fixed    
   5  R           -6.09611e+01   constant   
   6  A_CBO        7.07443e-03   1.00000e-05   1.00000e-05   2.49975e+05
   7  w_CBO        2.32761e+00   1.00000e-03   1.00000e-03  -3.73388e+07
   8  phi_CBO      5.53346e+00   1.00000e-04   1.00000e-04   8.75872e+01
   9  ANx2         2.14836e-04   constant   
  10  pNx2         2.09111e+00   constant   
  11  ANy1         0.00000e+00   constant   
  12  pNy1         0.00000e+00   constant   
  13  w_y          0.00000e+00   constant   
  14  ANy2         1.07548e-02     fixed    
  15  pNy2         1.09622e+00   constant   
  16  w_vw         1.43115e+01   constant   
  17  LM          -4.64416e-04   constant   
  18  wCBO_expCoeff   2.00000e+02   2.10488e-04  -0.00000e+00  -4.34511e+05
  19  wCBO_expOffset   2.00000e+02   1.53786e-05  -0.00000e+00   3.40347e+04
  20  wCBO_expT    3.00000e+01   3.49743e-06  -0.00000e+00  -1.25557e+06
  21  wCBO_linCoeff   0.00000e+00   constant   
  22  wCBO_const  -3.59226e-04   2.81973e-03   0.00000e+00  -2.48219e+04
 MIGRAD FAILS TO FIND IMPROVEMENT
 FCN=3340.82 FROM HESSE     STATUS=NOT POSDEF     58 CALLS         446 TOTAL
                     EDM=3050.4    STRATEGY= 1      ERR MATRIX NOT POS-DEF
  EXT PARAMETER                APPROXIMATE        STEP         FIRST   
  NO.   NAME      VALUE            ERROR          SIZE      DERIVATIVE 
   1  N0           3.33535e+06     fixed    
   2  tau          6.43904e+01   constant   
   3  A0           3.52830e-01     fixed    
   4  phi          4.13514e+00     fixed    
   5  R           -6.09611e+01   constant   
   6  A_CBO       -1.25091e-03   7.73864e-04   6.20175e-06  -1.50424e+04
   7  w_CBO        2.32761e+00   3.16397e-06   1.10989e-06   2.27235e+07
   8  phi_CBO      1.37206e+00   2.25935e-01   6.34576e-03  -2.40714e+01
   9  ANx2         2.14836e-04   constant   
  10  pNx2         2.09111e+00   constant   
  11  ANy1         0.00000e+00   constant   
  12  pNy1         0.00000e+00   constant   
  13  w_y          0.00000e+00   constant   
  14  ANy2         1.07548e-02     fixed    
  15  pNy2         1.09622e+00   constant   
  16  w_vw         1.43115e+01   constant   
  17  LM          -4.64416e-04   constant   
  18  wCBO_expCoeff   1.99999e+02   2.71945e-04   9.53671e-05   2.64379e+05
  19  wCBO_expOffset   2.00000e+02   2.54007e-05   9.53675e-05   1.69417e+06
  20  wCBO_expT    3.00000e+01   2.34227e-05   1.43051e-05  -4.94141e+06
  21  wCBO_linCoeff   0.00000e+00   constant   
  22  wCBO_const  -7.02763e-03   3.57823e-03   2.07805e-05   1.58040e+04
 CALL LIMIT EXCEEDED IN MIGRAD.
 MIGRAD TERMINATED WITHOUT CONVERGENCE.
 FCN=3313.83 FROM MIGRAD    STATUS=CALL LIMIT   1152 CALLS        1342 TOTAL
                     EDM=3.20271    STRATEGY= 1      ERR MATRIX NOT POS-DEF
  EXT PARAMETER                APPROXIMATE        STEP         FIRST   
  NO.   NAME      VALUE            ERROR          SIZE      DERIVATIVE 
   1  N0           3.33535e+06     fixed    
   2  tau          6.43904e+01   constant   
   3  A0           3.52830e-01     fixed    
   4  phi          4.13514e+00     fixed    
   5  R           -6.09611e+01   constant   
   6  A_CBO       -8.60993e-04   1.24090e-04   5.97446e-08   4.29380e+03
   7  w_CBO        2.32761e+00   6.04968e-07   3.78211e-10   7.15936e+05
   8  phi_CBO      8.56794e-01   3.12833e-01  -2.35265e-04  -1.32359e+00
   9  ANx2         2.14836e-04   constant   
  10  pNx2         2.09111e+00   constant   
  11  ANy1         0.00000e+00   constant   
  12  pNy1         0.00000e+00   constant   
  13  w_y          0.00000e+00   constant   
  14  ANy2         1.07548e-02     fixed    
  15  pNy2         1.09622e+00   constant   
  16  w_vw         1.43115e+01   constant   
  17  LM          -4.64416e-04   constant   
  18  wCBO_expCoeff   1.99999e+02   5.19865e-05   3.24971e-08   8.33040e+03
  19  wCBO_expOffset   2.00000e+02   2.01447e-05   1.50774e-08  -1.21006e+04
  20  wCBO_expT    3.00000e+01   1.89625e-05   1.43056e-08  -2.80252e+05
  21  wCBO_linCoeff   0.00000e+00   constant   
  22  wCBO_const  -8.07139e-03   1.89989e-03   1.41402e-06   2.38937e+02
 EXTERNAL ERROR MATRIX.    NDIM=  25    NPAR=  7    ERR DEF=1
  1.540e-08  5.106e-11 -2.113e-05  4.387e-09  1.698e-09  1.663e-09  1.616e-07 
  5.106e-11  3.660e-13 -1.428e-07  2.613e-11  9.822e-12  1.001e-11  9.751e-10 
 -2.113e-05 -1.428e-07  9.786e-02 -1.227e-05 -6.026e-06 -5.673e-06 -5.489e-04 
  4.387e-09  2.613e-11 -1.227e-05  2.703e-09  8.439e-10  8.597e-10  8.378e-08 
  1.698e-09  9.822e-12 -6.026e-06  8.439e-10  4.058e-10  3.733e-10  3.650e-08 
  1.663e-09  1.001e-11 -5.673e-06  8.597e-10  3.733e-10  3.596e-10  3.545e-08 
  1.616e-07  9.751e-10 -5.489e-04  8.378e-08  3.650e-08  3.545e-08  3.610e-06 
ERR MATRIX NOT POS-DEF
 PARAMETER  CORRELATION COEFFICIENTS  
       NO.  GLOBAL      6      7      8     18     19     20     22
        6  0.96117   1.000  0.680 -0.544  0.680  0.679  0.707  0.685
        7  0.97957   0.680  1.000 -0.755  0.831  0.806  0.872  0.848
        8  0.99791  -0.544 -0.755  1.000 -0.755 -0.956 -0.956 -0.924
       18  0.97956   0.680  0.831 -0.755  1.000  0.806  0.872  0.848
       19  0.99109   0.679  0.806 -0.956  0.806  1.000  0.977  0.954
       20  0.99974   0.707  0.872 -0.956  0.872  0.977  1.000  0.984
       22  0.99760   0.685  0.848 -0.924  0.848  0.954  0.984  1.000
 ERR MATRIX NOT POS-DEF
MINUIT - FIT ONLY 1-CBO
 **********
 **   29 **RES 
 **********
                   PARAMETER   14  ANy2 RESTORED TO VARIABLE.
                   PARAMETER    4  phi RESTORED TO VARIABLE.
                   PARAMETER    3  A0 RESTORED TO VARIABLE.
                   PARAMETER    1  N0 RESTORED TO VARIABLE.
 **********
 **   30 **FIX            0
 **********
 PARAMETER    0  IS UNDEFINED. IGNORED.
 **********
 **   31 **FIX            1
 **********
 **********
 **   32 **FIX            2
 **********
 PARAMETER    2  IS CONSTANT.   IGNORED.
 **********
 **   33 **FIX            3
 **********
 **********
 **   34 **FIX            4
 **********
 **********
 **   35 **FIX            8
 **********
 **********
 **   36 **FIX            9
 **********
 PARAMETER    9  IS CONSTANT.   IGNORED.
 **********
 **   37 **FIX           11
 **********
 PARAMETER   11  IS CONSTANT.   IGNORED.
 **********
 **   38 **FIX           12
 **********
 PARAMETER   12  IS CONSTANT.   IGNORED.
 **********
 **   39 **FIX           13
 **********
 PARAMETER   13  IS CONSTANT.   IGNORED.
 **********
 **   40 **FIX           15
 **********
 PARAMETER   15  IS CONSTANT.   IGNORED.
 **********
 **   41 **FIX           16
 **********
 PARAMETER   16  IS CONSTANT.   IGNORED.
 **********
 **   42 **MIGRAD
 **********
 START MIGRAD MINIMIZATION.  STRATEGY  1.  CONVERGENCE WHEN EDM .LT. 1.00e-04
 FCN=3313.83 FROM MIGRAD    STATUS=INITIATE       16 CALLS        1358 TOTAL
                     EDM= unknown      STRATEGY= 1      NO ERROR MATRIX       
  EXT PARAMETER               CURRENT GUESS       STEP         FIRST   
  NO.   NAME      VALUE            ERROR          SIZE      DERIVATIVE 
   1  N0           3.33535e+06     fixed    
   2  tau          6.43904e+01   constant   
   3  A0           3.52830e-01     fixed    
   4  phi          4.13514e+00     fixed    
   5  R           -6.09611e+01   constant   
   6  A_CBO       -8.60993e-04   1.24090e-04   5.97446e-08   4.29380e+03
   7  w_CBO        2.32761e+00   6.04968e-07   3.78211e-10   7.15936e+05
   8  phi_CBO      8.56794e-01     fixed    
   9  ANx2         2.14836e-04   constant   
  10  pNx2         2.09111e+00   constant   
  11  ANy1         0.00000e+00   constant   
  12  pNy1         0.00000e+00   constant   
  13  w_y          0.00000e+00   constant   
  14  ANy2         1.07548e-02   1.00000e-04   1.00000e-04   4.39082e+05
  15  pNy2         1.09622e+00   constant   
  16  w_vw         1.43115e+01   constant   
  17  LM          -4.64416e-04   constant   
  18  wCBO_expCoeff   1.99999e+02   5.19865e-05   3.24971e-08   8.33040e+03
  19  wCBO_expOffset   2.00000e+02   2.01447e-05   1.50774e-08  -1.21006e+04
  20  wCBO_expT    3.00000e+01   1.89625e-05   1.43056e-08  -2.80252e+05
  21  wCBO_linCoeff   0.00000e+00   constant   
  22  wCBO_const  -8.07139e-03   1.89989e-03   1.41402e-06   2.38938e+02
 MIGRAD FAILS TO FIND IMPROVEMENT
 FCN=1150.69 FROM HESSE     STATUS=NOT POSDEF     54 CALLS        1534 TOTAL
                     EDM=428.731    STRATEGY= 1      ERR MATRIX NOT POS-DEF
  EXT PARAMETER                APPROXIMATE        STEP         FIRST   
  NO.   NAME      VALUE            ERROR          SIZE      DERIVATIVE 
   1  N0           3.33535e+06     fixed    
   2  tau          6.43904e+01   constant   
   3  A0           3.52830e-01     fixed    
   4  phi          4.13514e+00     fixed    
   5  R           -6.09611e+01   constant   
   6  A_CBO       -1.23142e-03   2.02750e-03   3.76342e-06   8.91410e+03
   7  w_CBO        2.32761e+00   1.86255e-06   1.10989e-06   4.74294e+06
   8  phi_CBO      8.56794e-01     fixed    
   9  ANx2         2.14836e-04   constant   
  10  pNx2         2.09111e+00   constant   
  11  ANy1         0.00000e+00   constant   
  12  pNy1         0.00000e+00   constant   
  13  w_y          0.00000e+00   constant   
  14  ANy2         9.11675e-04   1.74944e-04   3.50326e-06   5.05336e+02
  15  pNy2         1.09622e+00   constant   
  16  w_vw         1.43115e+01   constant   
  17  LM          -4.64416e-04   constant   
  18  wCBO_expCoeff   1.99999e+02   1.60062e-04   9.53670e-05   5.51851e+04
  19  wCBO_expOffset   2.00000e+02   6.52183e-05   9.53675e-05   3.66964e+05
  20  wCBO_expT    3.00000e+01   1.57484e-05   1.43051e-05  -1.06906e+06
  21  wCBO_linCoeff   0.00000e+00   constant   
  22  wCBO_const  -7.78805e-03   6.07034e-04   7.40514e-06   2.86518e+03
 MIGRAD FAILS TO FIND IMPROVEMENT
 MIGRAD TERMINATED WITHOUT CONVERGENCE.
 FCN=1148.73 FROM MIGRAD    STATUS=FAILED        804 CALLS        2146 TOTAL
                     EDM=28.8874    STRATEGY= 1      ERR MATRIX NOT POS-DEF
  EXT PARAMETER                APPROXIMATE        STEP         FIRST   
  NO.   NAME      VALUE            ERROR          SIZE      DERIVATIVE 
   1  N0           3.33535e+06     fixed    
   2  tau          6.43904e+01   constant   
   3  A0           3.52830e-01     fixed    
   4  phi          4.13514e+00     fixed    
   5  R           -6.09611e+01   constant   
   6  A_CBO       -1.55963e-03   4.92657e-04  -0.00000e+00  -2.84356e+03
   7  w_CBO        2.32761e+00   5.28290e-07  -0.00000e+00   2.34804e+06
   8  phi_CBO      8.56794e-01     fixed    
   9  ANx2         2.14836e-04   constant   
  10  pNx2         2.09111e+00   constant   
  11  ANy1         0.00000e+00   constant   
  12  pNy1         0.00000e+00   constant   
  13  w_y          0.00000e+00   constant   
  14  ANy2         8.93634e-04   1.61246e-04  -0.00000e+00   1.95285e+02
  15  pNy2         1.09622e+00   constant   
  16  w_vw         1.43115e+01   constant   
  17  LM          -4.64416e-04   constant   
  18  wCBO_expCoeff   1.99999e+02   4.54436e-05  -0.00000e+00   2.73235e+04
  19  wCBO_expOffset   2.00000e+02   3.12168e-05   0.00000e+00  -1.44338e+05
  20  wCBO_expT    3.00000e+01   1.10657e-05   0.00000e+00  -6.14280e+05
  21  wCBO_linCoeff   0.00000e+00   constant   
  22  wCBO_const  -7.41243e-03   1.38688e-03   0.00000e+00   8.20746e+02
 EXTERNAL ERROR MATRIX.    NDIM=  25    NPAR=  7    ERR DEF=1
  2.427e-07  2.143e-10  1.986e-08  1.844e-08 -1.515e-08 -5.291e-09 -6.385e-07 
  2.143e-10  2.791e-13  1.744e-11  1.481e-11 -1.311e-11 -4.426e-12 -6.053e-10 
  1.986e-08  1.744e-11  2.600e-08  1.501e-09 -1.315e-09 -4.655e-10 -5.616e-08 
  1.844e-08  1.481e-11  1.501e-09  2.065e-09 -1.128e-09 -3.809e-10 -5.209e-08 
 -1.515e-08 -1.311e-11 -1.315e-09 -1.128e-09  9.745e-10  3.401e-10  4.109e-08 
 -5.291e-09 -4.426e-12 -4.655e-10 -3.809e-10  3.401e-10  1.224e-10  1.466e-08 
 -6.385e-07 -6.053e-10 -5.616e-08 -5.209e-08  4.109e-08  1.466e-08  1.923e-06 
ERR MATRIX NOT POS-DEF
 PARAMETER  CORRELATION COEFFICIENTS  
       NO.  GLOBAL      6      7     14     18     19     20     22
        6  0.99930   1.000  0.824  0.250  0.824 -0.985 -0.971 -0.934
        7  0.99417   0.824  1.000  0.205  0.617 -0.795 -0.757 -0.826
       14  0.32169   0.250  0.205  1.000  0.205 -0.261 -0.261 -0.251
       18  0.99418   0.824  0.617  0.205  1.000 -0.795 -0.758 -0.826
       19  0.99247  -0.985 -0.795 -0.261 -0.795  1.000  0.985  0.949
       20  0.99943  -0.971 -0.757 -0.261 -0.758  0.985  1.000  0.955
       22  0.99872  -0.934 -0.826 -0.251 -0.826  0.949  0.955  1.000
 ERR MATRIX NOT POS-DEF
MINUIT - FIT ONLY 2-CBO
 **********
 **   43 **RES 
 **********
                   PARAMETER    8  phi_CBO RESTORED TO VARIABLE.
                   PARAMETER    4  phi RESTORED TO VARIABLE.
                   PARAMETER    3  A0 RESTORED TO VARIABLE.
                   PARAMETER    1  N0 RESTORED TO VARIABLE.
 **********
 **   44 **FIX            0
 **********
 PARAMETER    0  IS UNDEFINED. IGNORED.
 **********
 **   45 **FIX            1
 **********
 **********
 **   46 **FIX            2
 **********
 PARAMETER    2  IS CONSTANT.   IGNORED.
 **********
 **   47 **FIX            3
 **********
 **********
 **   48 **FIX            4
 **********
 **********
 **   49 **FIX            5
 **********
 PARAMETER    5  IS CONSTANT.   IGNORED.
 **********
 **   50 **FIX            6
 **********
 **********
 **   51 **FIX            7
 **********
 **********
 **   52 **FIX           10
 **********
 PARAMETER   10  IS CONSTANT.   IGNORED.
 **********
 **   53 **FIX           11
 **********
 PARAMETER   11  IS CONSTANT.   IGNORED.
 **********
 **   54 **FIX           12
 **********
 PARAMETER   12  IS CONSTANT.   IGNORED.
 **********
 **   55 **FIX           13
 **********
 PARAMETER   13  IS CONSTANT.   IGNORED.
 **********
 **   56 **FIX           14
 **********
 **********
 **   57 **FIX           15
 **********
 PARAMETER   15  IS CONSTANT.   IGNORED.
 **********
 **   58 **FIX           16
 **********
 PARAMETER   16  IS CONSTANT.   IGNORED.
 **********
 **   59 **MIGRAD
 **********
 START MIGRAD MINIMIZATION.  STRATEGY  1.  CONVERGENCE WHEN EDM .LT. 1.00e-04
 FCN=1148.73 FROM MIGRAD    STATUS=INITIATE       12 CALLS        2158 TOTAL
                     EDM= unknown      STRATEGY= 1      NO ERROR MATRIX       
  EXT PARAMETER               CURRENT GUESS       STEP         FIRST   
  NO.   NAME      VALUE            ERROR          SIZE      DERIVATIVE 
   1  N0           3.33535e+06     fixed    
   2  tau          6.43904e+01   constant   
   3  A0           3.52830e-01     fixed    
   4  phi          4.13514e+00     fixed    
   5  R           -6.09611e+01   constant   
   6  A_CBO       -1.55963e-03     fixed    
   7  w_CBO        2.32761e+00     fixed    
   8  phi_CBO      8.56794e-01   3.12833e-01   3.12833e-01  -1.81172e+00
   9  ANx2         2.14836e-04   constant   
  10  pNx2         2.09111e+00   constant   
  11  ANy1         0.00000e+00   constant   
  12  pNy1         0.00000e+00   constant   
  13  w_y          0.00000e+00   constant   
  14  ANy2         8.93634e-04     fixed    
  15  pNy2         1.09622e+00   constant   
  16  w_vw         1.43115e+01   constant   
  17  LM          -4.64416e-04   constant   
  18  wCBO_expCoeff   1.99999e+02   4.54436e-05  -0.00000e+00   2.73235e+04
  19  wCBO_expOffset   2.00000e+02   3.12168e-05   0.00000e+00  -1.44338e+05
  20  wCBO_expT    3.00000e+01   1.10657e-05   0.00000e+00  -6.14280e+05
  21  wCBO_linCoeff   0.00000e+00   constant   
  22  wCBO_const  -7.41243e-03   1.38688e-03   0.00000e+00   8.20747e+02
 MIGRAD FAILS TO FIND IMPROVEMENT
 FCN=1148.69 FROM HESSE     STATUS=NOT POSDEF     37 CALLS        2218 TOTAL
                     EDM=1.23826    STRATEGY= 1      ERR MATRIX NOT POS-DEF
  EXT PARAMETER                APPROXIMATE        STEP         FIRST   
  NO.   NAME      VALUE            ERROR          SIZE      DERIVATIVE 
   1  N0           3.33535e+06     fixed    
   2  tau          6.43904e+01   constant   
   3  A0           3.52830e-01     fixed    
   4  phi          4.13514e+00     fixed    
   5  R           -6.09611e+01   constant   
   6  A_CBO       -1.55963e-03     fixed    
   7  w_CBO        2.32761e+00     fixed    
   8  phi_CBO      8.72029e-01   2.49600e-01   2.14705e-03   1.41270e+00
   9  ANx2         2.14836e-04   constant   
  10  pNx2         2.09111e+00   constant   
  11  ANy1         0.00000e+00   constant   
  12  pNy1         0.00000e+00   constant   
  13  w_y          0.00000e+00   constant   
  14  ANy2         8.93634e-04     fixed    
  15  pNy2         1.09622e+00   constant   
  16  w_vw         1.43115e+01   constant   
  17  LM          -4.64416e-04   constant   
  18  wCBO_expCoeff   1.99999e+02   3.34275e-04   9.53670e-05   1.04315e+04
  19  wCBO_expOffset   2.00000e+02   4.15846e-05   9.53675e-05   7.55569e+04
  20  wCBO_expT    3.00000e+01   1.37116e-05   1.43051e-05  -3.79625e+05
  21  wCBO_linCoeff   0.00000e+00   constant   
  22  wCBO_const  -7.47881e-03   2.12346e-03   6.65870e-06  -2.01637e+02
 MIGRAD FAILS TO FIND IMPROVEMENT
 MIGRAD TERMINATED WITHOUT CONVERGENCE.
 FCN=1148.01 FROM MIGRAD    STATUS=FAILED        254 CALLS        2400 TOTAL
                     EDM=15.6908    STRATEGY= 1      ERR MATRIX NOT POS-DEF
  EXT PARAMETER                APPROXIMATE        STEP         FIRST   
  NO.   NAME      VALUE            ERROR          SIZE      DERIVATIVE 
   1  N0           3.33535e+06     fixed    
   2  tau          6.43904e+01   constant   
   3  A0           3.52830e-01     fixed    
   4  phi          4.13514e+00     fixed    
   5  R           -6.09611e+01   constant   
   6  A_CBO       -1.55963e-03     fixed    
   7  w_CBO        2.32761e+00     fixed    
   8  phi_CBO      6.28026e-01   2.35967e-01  -0.00000e+00  -5.61843e+00
   9  ANx2         2.14836e-04   constant   
  10  pNx2         2.09111e+00   constant   
  11  ANy1         0.00000e+00   constant   
  12  pNy1         0.00000e+00   constant   
  13  w_y          0.00000e+00   constant   
  14  ANy2         8.93634e-04     fixed    
  15  pNy2         1.09622e+00   constant   
  16  w_vw         1.43115e+01   constant   
  17  LM          -4.64416e-04   constant   
  18  wCBO_expCoeff   1.99999e+02   1.38178e-04   0.00000e+00   1.57938e+04
  19  wCBO_expOffset   2.00000e+02   2.10594e-05   0.00000e+00  -7.73980e+04
  20  wCBO_expT    3.00000e+01   1.69305e-05   0.00000e+00  -5.66990e+05
  21  wCBO_linCoeff   0.00000e+00   constant   
  22  wCBO_const  -6.81919e-03   9.79430e-04   0.00000e+00   5.06481e+02
 EXTERNAL ERROR MATRIX.    NDIM=  25    NPAR=  5    ERR DEF=1
  5.568e-02 -2.115e-05 -3.400e-06 -2.817e-06  4.383e-05 
 -2.115e-05  1.909e-08  2.603e-09  2.147e-09  4.403e-09 
 -3.400e-06  2.603e-09  4.435e-10  3.481e-10  6.445e-09 
 -2.817e-06  2.147e-09  3.481e-10  2.866e-10  5.609e-09 
  4.383e-05  4.403e-09  6.445e-09  5.609e-09  9.593e-07 
ERR MATRIX NOT POS-DEF
 PARAMETER  CORRELATION COEFFICIENTS  
       NO.  GLOBAL      8     18     19     20     22
        8  0.98344   1.000 -0.649 -0.684 -0.705  0.190
       18  0.99608  -0.649  1.000  0.894  0.918  0.033
       19  0.98386  -0.684  0.894  1.000  0.976  0.312
       20  0.99872  -0.705  0.918  0.976  1.000  0.338
       22  0.98723   0.190  0.033  0.312  0.338  1.000
 ERR MATRIX NOT POS-DEF
MINUIT - FIT ONLY 1-y
 **********
 **   60 **RES 
 **********
                   PARAMETER   14  ANy2 RESTORED TO VARIABLE.
                   PARAMETER    7  w_CBO RESTORED TO VARIABLE.
                   PARAMETER    6  A_CBO RESTORED TO VARIABLE.
                   PARAMETER    4  phi RESTORED TO VARIABLE.
                   PARAMETER    3  A0 RESTORED TO VARIABLE.
                   PARAMETER    1  N0 RESTORED TO VARIABLE.
 **********
 **   61 **FIX            0
 **********
 PARAMETER    0  IS UNDEFINED. IGNORED.
 **********
 **   62 **FIX            1
 **********
 **********
 **   63 **FIX            2
 **********
 PARAMETER    2  IS CONSTANT.   IGNORED.
 **********
 **   64 **FIX            3
 **********
 **********
 **   65 **FIX            4
 **********
 **********
 **   66 **FIX            5
 **********
 PARAMETER    5  IS CONSTANT.   IGNORED.
 **********
 **   67 **FIX            6
 **********
 **********
 **   68 **FIX            7
 **********
 **********
 **   69 **FIX            8
 **********
 **********
 **   70 **FIX            9
 **********
 PARAMETER    9  IS CONSTANT.   IGNORED.
 **********
 **   71 **FIX           13
 **********
 PARAMETER   13  IS CONSTANT.   IGNORED.
 **********
 **   72 **FIX           14
 **********
 **********
 **   73 **FIX           15
 **********
 PARAMETER   15  IS CONSTANT.   IGNORED.
 **********
 **   74 **FIX           16
 **********
 PARAMETER   16  IS CONSTANT.   IGNORED.
 **********
 **   75 **MIGRAD
 **********
 START MIGRAD MINIMIZATION.  STRATEGY  1.  CONVERGENCE WHEN EDM .LT. 1.00e-04
 FCN=1148.01 FROM MIGRAD    STATUS=INITIATE        8 CALLS        2408 TOTAL
                     EDM= unknown      STRATEGY= 1      NO ERROR MATRIX       
  EXT PARAMETER               CURRENT GUESS       STEP         FIRST   
  NO.   NAME      VALUE            ERROR          SIZE      DERIVATIVE 
   1  N0           3.33535e+06     fixed    
   2  tau          6.43904e+01   constant   
   3  A0           3.52830e-01     fixed    
   4  phi          4.13514e+00     fixed    
   5  R           -6.09611e+01   constant   
   6  A_CBO       -1.55963e-03     fixed    
   7  w_CBO        2.32761e+00     fixed    
   8  phi_CBO      6.28026e-01     fixed    
   9  ANx2         2.14836e-04   constant   
  10  pNx2         2.09111e+00   constant   
  11  ANy1         0.00000e+00   constant   
  12  pNy1         0.00000e+00   constant   
  13  w_y          0.00000e+00   constant   
  14  ANy2         8.93634e-04     fixed    
  15  pNy2         1.09622e+00   constant   
  16  w_vw         1.43115e+01   constant   
  17  LM          -4.64416e-04   constant   
  18  wCBO_expCoeff   1.99999e+02   1.38178e-04   0.00000e+00   1.57938e+04
  19  wCBO_expOffset   2.00000e+02   2.10594e-05   0.00000e+00  -7.73980e+04
  20  wCBO_expT    3.00000e+01   1.69305e-05   0.00000e+00  -5.66990e+05
  21  wCBO_linCoeff   0.00000e+00   constant   
  22  wCBO_const  -6.81919e-03   9.79430e-04   0.00000e+00   5.06481e+02
 MIGRAD FAILS TO FIND IMPROVEMENT
 FCN=1147.88 FROM HESSE     STATUS=NOT POSDEF     29 CALLS        2470 TOTAL
                     EDM=3.59013    STRATEGY= 1      ERR MATRIX NOT POS-DEF
  EXT PARAMETER                APPROXIMATE        STEP         FIRST   
  NO.   NAME      VALUE            ERROR          SIZE      DERIVATIVE 
   1  N0           3.33535e+06     fixed    
   2  tau          6.43904e+01   constant   
   3  A0           3.52830e-01     fixed    
   4  phi          4.13514e+00     fixed    
   5  R           -6.09611e+01   constant   
   6  A_CBO       -1.55963e-03     fixed    
   7  w_CBO        2.32761e+00     fixed    
   8  phi_CBO      6.28026e-01     fixed    
   9  ANx2         2.14836e-04   constant   
  10  pNx2         2.09111e+00   constant   
  11  ANy1         0.00000e+00   constant   
  12  pNy1         0.00000e+00   constant   
  13  w_y          0.00000e+00   constant   
  14  ANy2         8.93634e-04     fixed    
  15  pNy2         1.09622e+00   constant   
  16  w_vw         1.43115e+01   constant   
  17  LM          -4.64416e-04   constant   
  18  wCBO_expCoeff   1.99999e+02   3.83340e-04   9.53670e-05   1.22320e+04
  19  wCBO_expOffset   2.00000e+02   5.02001e-05   9.53675e-05   8.48492e+04
  20  wCBO_expT    3.00000e+01   1.71774e-05   1.43051e-05  -2.32991e+05
  21  wCBO_linCoeff   0.00000e+00   constant   
  22  wCBO_const  -6.76521e-03   2.19813e-03   6.74667e-06   5.60061e+02
 MIGRAD FAILS TO FIND IMPROVEMENT
 MIGRAD TERMINATED WITHOUT CONVERGENCE.
 FCN=1147.85 FROM MIGRAD    STATUS=FAILED        301 CALLS        2701 TOTAL
                     EDM=2.60522    STRATEGY= 1      ERR MATRIX NOT POS-DEF
  EXT PARAMETER                APPROXIMATE        STEP         FIRST   
  NO.   NAME      VALUE            ERROR          SIZE      DERIVATIVE 
   1  N0           3.33535e+06     fixed    
   2  tau          6.43904e+01   constant   
   3  A0           3.52830e-01     fixed    
   4  phi          4.13514e+00     fixed    
   5  R           -6.09611e+01   constant   
   6  A_CBO       -1.55963e-03     fixed    
   7  w_CBO        2.32761e+00     fixed    
   8  phi_CBO      6.28026e-01     fixed    
   9  ANx2         2.14836e-04   constant   
  10  pNx2         2.09111e+00   constant   
  11  ANy1         0.00000e+00   constant   
  12  pNy1         0.00000e+00   constant   
  13  w_y          0.00000e+00   constant   
  14  ANy2         8.93634e-04     fixed    
  15  pNy2         1.09622e+00   constant   
  16  w_vw         1.43115e+01   constant   
  17  LM          -4.64416e-04   constant   
  18  wCBO_expCoeff   1.99999e+02   7.73819e-05   0.00000e+00  -3.46866e+03
  19  wCBO_expOffset   2.00000e+02   5.65223e-06   0.00000e+00  -7.35926e+04
  20  wCBO_expT    3.00000e+01   8.40402e-06   0.00000e+00  -2.94481e+05
  21  wCBO_linCoeff   0.00000e+00   constant   
  22  wCBO_const  -6.70661e-03   9.43197e-04   0.00000e+00  -5.91225e+02
 EXTERNAL ERROR MATRIX.    NDIM=  25    NPAR=  4    ERR DEF=1
  5.988e-09  2.423e-10  4.783e-10 -1.122e-08 
  2.423e-10  3.195e-11  3.148e-11  1.369e-09 
  4.783e-10  3.148e-11  7.063e-11  4.396e-09 
 -1.122e-08  1.369e-09  4.396e-09  8.896e-07 
ERR MATRIX NOT POS-DEF
 PARAMETER  CORRELATION COEFFICIENTS  
       NO.  GLOBAL     18     19     20     22
       18  0.99866   1.000  0.554  0.735 -0.154
       19  0.77667   0.554  1.000  0.663  0.257
       20  0.99910   0.735  0.663  1.000  0.555
       22  0.99800  -0.154  0.257  0.555  1.000
 ERR MATRIX NOT POS-DEF
MINUIT - FIT ONLY 2-y
 **********
 **   76 **RES 
 **********
                   PARAMETER   14  ANy2 RESTORED TO VARIABLE.
                   PARAMETER    8  phi_CBO RESTORED TO VARIABLE.
                   PARAMETER    7  w_CBO RESTORED TO VARIABLE.
                   PARAMETER    6  A_CBO RESTORED TO VARIABLE.
                   PARAMETER    4  phi RESTORED TO VARIABLE.
                   PARAMETER    3  A0 RESTORED TO VARIABLE.
                   PARAMETER    1  N0 RESTORED TO VARIABLE.
 **********
 **   77 **FIX            0
