 + ++++++++++++++++++++++++++++++++++++++++++++++++++++++++++++++++++++ +
 +                                                                      +
 +           You have chose to blind your fitting according to          +
 +                omega_ref * (1 + (R +/- deltaR) *10^{-6})             +
 +                                                                      +
 + ++++++++++++++++++++++++++++++++++++++++++++++++++++++++++++++++++++ +
In main()...
reading format from /gm2data/zkhechad/run45/envelope/formats/formatB_sBin_constraintOn.txt
pBinTau 	= 0  
pBinPhi 	= 0  
constraintau 	= 1 
includeMopTerm 	= 0    
constrainMop    = 0   
Parameters after format file: pBinTau 0 pBinPhi 0 constraintau 1 includeMopTerm 0 constrainMop 0 c_e_scale 0.000000 
reading cbo reference file (full fit) from /gm2data/zkhechad/cboTemplates/Run4CBOTemplates/fullFits/run4/sBin_constraintOn_cE0.0_seed0_run4_calo2.root
A_CBO 0.007108 w_CBO 2.327171 phi_CBO 2.947562 N0 3111930.391320 R -60.007933 tau 64.411359 
Reading cboRef file /gm2data/zkhechad/cboTemplates/Run4CBOTemplates//cboIsolate/run4_calo2.root
deltaT 164.120000
windowBins = 1100
fitting sliding window 1420 from bin 1623 at 242.151600 to bin 2723 at 406.271600 (1100 bins)

Reading data from /gm2data/cornell/histograms/aMethod/histogram_a_run4.root
fitting cbo isolate
 **********
 **    1 **SET PRINTOUT            1
 **********
 **********
 **    2 **SET NOWARNINGS 
 **********
 PARAMETER DEFINITIONS:
    NO.   NAME         VALUE      STEP SIZE      LIMITS
     1 A_CBO        7.10761e-03  1.00000e-05     no limits
     2 w_CBO        2.32717e+00  1.00000e-02    2.00000e+00  3.00000e+00
     3 phi_CBO      2.94756e+00  1.00000e-02    0.00000e+00  6.28319e+00
 **********
 **    3 **MIGRAD
 **********
 FIRST CALL TO USER FUNCTION AT NEW START POINT, WITH IFLAG=4.
 START MIGRAD MINIMIZATION.  STRATEGY  1.  CONVERGENCE WHEN EDM .LT. 1.00e-04
 FCN=0.0450307 FROM MIGRAD    STATUS=INITIATE       12 CALLS          13 TOTAL
                     EDM= unknown      STRATEGY= 1      NO ERROR MATRIX       
  EXT PARAMETER               CURRENT GUESS       STEP         FIRST   
  NO.   NAME      VALUE            ERROR          SIZE      DERIVATIVE 
   1  A_CBO        7.10761e-03   1.00000e-05   1.00000e-05   5.94427e+00
   2  w_CBO        2.32717e+00   1.00000e-02   2.13160e-02   6.13247e-01
   3  phi_CBO      2.94756e+00   1.00000e-02   3.18919e-03  -1.15286e-02
 MIGRAD MINIMIZATION HAS CONVERGED.
 MIGRAD WILL VERIFY CONVERGENCE AND ERROR MATRIX.
 COVARIANCE MATRIX CALCULATED SUCCESSFULLY
 FCN=0.0288141 FROM HESSE     STATUS=OK             16 CALLS          58 TOTAL
                     EDM=0.00011867    STRATEGY= 1      ERROR MATRIX ACCURATE 
  EXT PARAMETER                                   STEP         FIRST   
  NO.   NAME      VALUE            ERROR          SIZE      DERIVATIVE 
   1  A_CBO        1.76804e-03   4.53929e-02   2.11385e-05  -1.38310e-03
   2  w_CBO        2.32665e+00   6.62790e-01   8.35459e-05   1.52460e-02
   3  phi_CBO      3.05132e+00   4.38267e+00   3.94939e-03   3.69244e-05
 MIGRAD MINIMIZATION HAS CONVERGED.
 FCN=0.0287228 FROM MIGRAD    STATUS=CONVERGED      65 CALLS          66 TOTAL
                     EDM=7.13795e-06    STRATEGY= 1  ERROR MATRIX UNCERTAINTY   5.8 per cent
  EXT PARAMETER                                   STEP         FIRST   
  NO.   NAME      VALUE            ERROR          SIZE      DERIVATIVE 
   1  A_CBO        1.87247e-03   4.23456e-02   1.04429e-04   6.16515e-02
   2  w_CBO        2.32262e+00   6.60403e-01  -8.59808e-03  -1.80514e-02
   3  phi_CBO      1.82610e+00   5.36893e+00  -4.03310e-01   4.53280e-04
 EXTERNAL ERROR MATRIX.    NDIM=  25    NPAR=  3    ERR DEF=1
  1.793e-03 -3.681e-03 -1.140e+00 
 -3.681e-03  2.755e-01  8.099e+01 
 -1.140e+00  8.099e+01  2.425e+04 
 PARAMETER  CORRELATION COEFFICIENTS  
       NO.  GLOBAL      1      2      3
        1  0.17777   1.000 -0.166 -0.173
        2  0.99076  -0.166  1.000  0.991
        3  0.99078  -0.173  0.991  1.000
setting A_CBO=0.001872 w_CBO=2.322622, phi_CBO=1.826104
done fitting cbo isolate
 **********
 **    1 **SET PRINTOUT            1
 **********
 **********
 **    2 **SET NOWARNINGS 
 **********
 PARAMETER DEFINITIONS:
    NO.   NAME         VALUE      STEP SIZE      LIMITS
     1 N0           3.11193e+06  1.00000e+02     no limits
     2 tau          6.44114e+01  constant
     3 A0           3.64516e-01  1.00000e-04     no limits
     4 phi          4.11813e+00  1.00000e-02     no limits
     5 R           -6.00079e+01  constant
     6 A_CBO        1.87247e-03  1.00000e-05     no limits
     7 w_CBO        2.32262e+00  1.00000e-03     no limits
     8 phi_CBO      1.82610e+00  1.00000e-04     no limits
     9 ANx2         3.40456e-04  constant
    10 pNx2         3.19484e+00  constant
    11 ANy1         0.00000e+00  constant
    12 pNy1         0.00000e+00  constant
    13 w_y          0.00000e+00  constant
    14 ANy2         1.04941e-02  1.00000e-04     no limits
    15 pNy2         5.11372e+00  constant
    16 w_vw         1.43155e+01  constant
    17 LM           3.07992e-04  constant
    18 wCBO_expCoeff   2.00000e+02  1.00000e+00     no limits
    19 wCBO_expOffset   2.00000e+02  1.00000e+00     no limits
    20 wCBO_expT    3.00000e+01  1.00000e+00     no limits
    21 wCBO_linCoeff   0.00000e+00  constant
    22 wCBO_const   0.00000e+00  1.00000e-02     no limits
MINUIT - FIT ONLY WIGGLE
 **********
 **    3 **FIX            5
 **********
 PARAMETER    5  IS CONSTANT.   IGNORED.
 **********
 **    4 **FIX            6
 **********
 **********
 **    5 **FIX            7
 **********
 **********
 **    6 **FIX            8
 **********
 **********
 **    7 **FIX            9
 **********
 PARAMETER    9  IS CONSTANT.   IGNORED.
 **********
 **    8 **FIX           10
 **********
 PARAMETER   10  IS CONSTANT.   IGNORED.
 **********
 **    9 **FIX           11
 **********
 PARAMETER   11  IS CONSTANT.   IGNORED.
 **********
 **   10 **FIX           12
 **********
 PARAMETER   12  IS CONSTANT.   IGNORED.
 **********
 **   11 **FIX           13
 **********
 PARAMETER   13  IS CONSTANT.   IGNORED.
 **********
 **   12 **FIX           14
 **********
 **********
 **   13 **FIX           15
 **********
 PARAMETER   15  IS CONSTANT.   IGNORED.
 **********
 **   14 **FIX           16
 **********
 PARAMETER   16  IS CONSTANT.   IGNORED.
 **********
 **   15 **MIGRAD
 **********
 FIRST CALL TO USER FUNCTION AT NEW START POINT, WITH IFLAG=4.
 START MIGRAD MINIMIZATION.  STRATEGY  1.  CONVERGENCE WHEN EDM .LT. 1.00e-04
 FCN=1523.72 FROM MIGRAD    STATUS=INITIATE       34 CALLS          35 TOTAL
                     EDM= unknown      STRATEGY= 1      NO ERROR MATRIX       
  EXT PARAMETER               CURRENT GUESS       STEP         FIRST   
  NO.   NAME      VALUE            ERROR          SIZE      DERIVATIVE 
   1  N0           3.11193e+06   1.00000e+02   1.00000e+02  -8.23055e-04
   2  tau          6.44114e+01   constant   
   3  A0           3.64516e-01   1.00000e-04   1.00000e-04   4.56161e+03
   4  phi          4.11813e+00   1.00000e-02   1.00000e-02   9.53842e+02
   5  R           -6.00079e+01   constant   
   6  A_CBO        1.87247e-03     fixed    
   7  w_CBO        2.32262e+00     fixed    
   8  phi_CBO      1.82610e+00     fixed    
   9  ANx2         3.40456e-04   constant   
  10  pNx2         3.19484e+00   constant   
  11  ANy1         0.00000e+00   constant   
  12  pNy1         0.00000e+00   constant   
  13  w_y          0.00000e+00   constant   
  14  ANy2         1.04941e-02     fixed    
  15  pNy2         5.11372e+00   constant   
  16  w_vw         1.43155e+01   constant   
  17  LM           3.07992e-04   constant   
  18  wCBO_expCoeff   2.00000e+02   1.00000e+00   1.00000e+00  -2.27905e+03
  19  wCBO_expOffset   2.00000e+02   1.00000e+00   1.00000e+00  -1.51109e+04
  20  wCBO_expT    3.00000e+01   1.00000e+00   1.00000e+00  -2.63449e+04
  21  wCBO_linCoeff   0.00000e+00   constant   
  22  wCBO_const   0.00000e+00   1.00000e-02   1.00000e-02  -2.21417e+04
 MIGRAD MINIMIZATION HAS CONVERGED.
 FCN=1488.62 FROM MIGRAD    STATUS=CONVERGED     169 CALLS         170 TOTAL
                     EDM=7.94063e-06    STRATEGY= 1  ERROR MATRIX UNCERTAINTY   0.9 per cent
  EXT PARAMETER                                   STEP         FIRST   
  NO.   NAME      VALUE            ERROR          SIZE      DERIVATIVE 
   1  N0           3.11208e+06   6.77942e+02  -5.82040e+00  -1.57894e-06
   2  tau          6.44114e+01   constant   
   3  A0           3.64290e-01   2.95523e-04  -2.39060e-06  -1.16167e+01
   4  phi          4.11790e+00   8.45671e-04   3.61357e-07   2.89136e-01
   5  R           -6.00079e+01   constant   
   6  A_CBO        1.87247e-03     fixed    
   7  w_CBO        2.32262e+00     fixed    
   8  phi_CBO      1.82610e+00     fixed    
   9  ANx2         3.40456e-04   constant   
  10  pNx2         3.19484e+00   constant   
  11  ANy1         0.00000e+00   constant   
  12  pNy1         0.00000e+00   constant   
  13  w_y          0.00000e+00   constant   
  14  ANy2         1.04941e-02     fixed    
  15  pNy2         5.11372e+00   constant   
  16  w_vw         1.43155e+01   constant   
  17  LM           3.07992e-04   constant   
  18  wCBO_expCoeff   2.00029e+02   1.06137e-02   5.84902e-05  -2.04885e+00
  19  wCBO_expOffset   2.00004e+02   1.50515e-03   6.73419e-06  -6.80420e+00
  20  wCBO_expT    2.99936e+01   2.04495e-03  -1.46673e-05  -1.63621e+01
  21  wCBO_linCoeff   0.00000e+00   constant   
  22  wCBO_const   3.85572e-03   5.83247e-04   2.90439e-06  -8.54955e+00
 EXTERNAL ERROR MATRIX.    NDIM=  25    NPAR=  7    ERR DEF=1
  4.596e+05 -2.404e-03  6.910e-04 -3.203e-01 -3.210e-02  6.273e-02 -2.346e-02 
 -2.404e-03  8.733e-08  7.678e-09  2.886e-07  4.618e-08 -5.963e-08  6.065e-09 
  6.910e-04  7.678e-09  7.152e-07  9.488e-07  1.331e-07 -1.888e-07  2.476e-08 
 -3.203e-01  2.886e-07  9.488e-07  1.127e-04  1.333e-05 -2.067e-05  3.888e-06 
 -3.210e-02  4.618e-08  1.331e-07  1.333e-05  2.265e-06 -2.906e-06  5.459e-07 
  6.273e-02 -5.963e-08 -1.888e-07 -2.067e-05 -2.906e-06  4.182e-06 -8.712e-07 
 -2.346e-02  6.065e-09  2.476e-08  3.888e-06  5.459e-07 -8.712e-07  3.402e-07 
 PARAMETER  CORRELATION COEFFICIENTS  
       NO.  GLOBAL      1      3      4     18     19     20     22
        1  0.06496   1.000 -0.012  0.001 -0.045 -0.031  0.045 -0.059
        3  0.11725  -0.012  1.000  0.031  0.092  0.104 -0.099  0.035
        4  0.12268   0.001  0.031  1.000  0.106  0.105 -0.109  0.050
       18  0.98671  -0.045  0.092  0.106  1.000  0.834 -0.953  0.628
       19  0.98412  -0.031  0.104  0.105  0.834  1.000 -0.944  0.622
       20  0.99651   0.045 -0.099 -0.109 -0.953 -0.944  1.000 -0.730
       22  0.89069  -0.059  0.035  0.050  0.628  0.622 -0.730  1.000
MINUIT - FIT ONLY 1-CBO + other amplitudes 
 **********
 **   16 **RES 
 **********
                   PARAMETER   14  ANy2 RESTORED TO VARIABLE.
                   PARAMETER    8  phi_CBO RESTORED TO VARIABLE.
                   PARAMETER    7  w_CBO RESTORED TO VARIABLE.
                   PARAMETER    6  A_CBO RESTORED TO VARIABLE.
 **********
 **   17 **FIX            0
 **********
 PARAMETER    0  IS UNDEFINED. IGNORED.
 **********
 **   18 **FIX            1
 **********
 **********
 **   19 **FIX            2
 **********
 PARAMETER    2  IS CONSTANT.   IGNORED.
 **********
 **   20 **FIX            3
 **********
 **********
 **   21 **FIX            4
 **********
 **********
 **   22 **FIX            9
 **********
 PARAMETER    9  IS CONSTANT.   IGNORED.
 **********
 **   23 **FIX           11
 **********
 PARAMETER   11  IS CONSTANT.   IGNORED.
 **********
 **   24 **FIX           12
 **********
 PARAMETER   12  IS CONSTANT.   IGNORED.
 **********
 **   25 **FIX           14
 **********
 **********
 **   26 **FIX           15
 **********
 PARAMETER   15  IS CONSTANT.   IGNORED.
 **********
 **   27 **FIX           16
 **********
 PARAMETER   16  IS CONSTANT.   IGNORED.
 **********
 **   28 **MIGRAD
 **********
 START MIGRAD MINIMIZATION.  STRATEGY  1.  CONVERGENCE WHEN EDM .LT. 1.00e-04
 FCN=1488.62 FROM MIGRAD    STATUS=INITIATE       22 CALLS         192 TOTAL
                     EDM= unknown      STRATEGY= 1      NO ERROR MATRIX       
  EXT PARAMETER               CURRENT GUESS       STEP         FIRST   
  NO.   NAME      VALUE            ERROR          SIZE      DERIVATIVE 
   1  N0           3.11208e+06     fixed    
   2  tau          6.44114e+01   constant   
   3  A0           3.64290e-01     fixed    
   4  phi          4.11790e+00     fixed    
   5  R           -6.00079e+01   constant   
   6  A_CBO        1.87247e-03   1.00000e-05   1.00000e-05   1.45429e+04
   7  w_CBO        2.32262e+00   1.00000e-03   1.00000e-03  -1.79990e+02
   8  phi_CBO      1.82610e+00   1.00000e-04   1.00000e-04  -5.44631e+00
   9  ANx2         3.40456e-04   constant   
  10  pNx2         3.19484e+00   constant   
  11  ANy1         0.00000e+00   constant   
  12  pNy1         0.00000e+00   constant   
  13  w_y          0.00000e+00   constant   
  14  ANy2         1.04941e-02     fixed    
  15  pNy2         5.11372e+00   constant   
  16  w_vw         1.43155e+01   constant   
  17  LM           3.07992e-04   constant   
  18  wCBO_expCoeff   2.00029e+02   1.06137e-02   5.84902e-05  -2.04885e+00
  19  wCBO_expOffset   2.00004e+02   1.50515e-03   6.73419e-06  -6.80420e+00
  20  wCBO_expT    2.99936e+01   2.04495e-03  -1.46673e-05  -1.63621e+01
  21  wCBO_linCoeff   0.00000e+00   constant   
  22  wCBO_const   3.85572e-03   5.83247e-04   2.90439e-06  -8.54954e+00
 MIGRAD MINIMIZATION HAS CONVERGED.
 MIGRAD WILL VERIFY CONVERGENCE AND ERROR MATRIX.
 COVARIANCE MATRIX CALCULATED SUCCESSFULLY
 FCN=1482.35 FROM MIGRAD    STATUS=CONVERGED     223 CALLS         393 TOTAL
                     EDM=1.74242e-05    STRATEGY= 1      ERROR MATRIX ACCURATE 
  EXT PARAMETER                                   STEP         FIRST   
  NO.   NAME      VALUE            ERROR          SIZE      DERIVATIVE 
   1  N0           3.11208e+06     fixed    
   2  tau          6.44114e+01   constant   
   3  A0           3.64290e-01     fixed    
   4  phi          4.11790e+00     fixed    
   5  R           -6.00079e+01   constant   
   6  A_CBO        1.16914e-03   3.22100e-04   5.92054e-06  -5.43872e-01
   7  w_CBO        2.32259e+00   5.43835e-04   1.10750e-06  -4.83730e+01
   8  phi_CBO      2.26019e+00   4.13983e-01   4.86309e-03   1.51065e-02
   9  ANx2         3.40456e-04   constant   
  10  pNx2         3.19484e+00   constant   
  11  ANy1         0.00000e+00   constant   
  12  pNy1         0.00000e+00   constant   
  13  w_y          0.00000e+00   constant   
  14  ANy2         1.04941e-02     fixed    
  15  pNy2         5.11372e+00   constant   
  16  w_vw         1.43155e+01   constant   
  17  LM           3.07992e-04   constant   
  18  wCBO_expCoeff   2.00025e+02   4.70558e-02   9.53795e-05  -5.52239e-01
  19  wCBO_expOffset   2.00004e+02   3.01151e-03   9.53691e-05  -3.69105e+00
  20  wCBO_expT    2.99947e+01   2.05825e-03   1.43026e-05  -7.74141e+00
  21  wCBO_linCoeff   0.00000e+00   constant   
  22  wCBO_const   3.99420e-03   6.70840e-04   5.63457e-06  -1.87149e+00
 EXTERNAL ERROR MATRIX.    NDIM=  25    NPAR=  7    ERR DEF=1
  1.037e-07  7.560e-09  1.046e-06  7.960e-07 -1.793e-07 -3.534e-08  1.357e-08 
  7.560e-09  2.958e-07 -1.213e-05 -2.129e-05 -3.095e-07 -2.168e-07 -9.774e-08 
  1.046e-06 -1.213e-05  1.714e-01 -1.036e-03 -4.333e-05  2.602e-04  8.520e-05 
  7.960e-07 -2.129e-05 -1.036e-03  2.214e-03 -2.912e-05 -1.913e-05  1.192e-05 
 -1.793e-07 -3.095e-07 -4.333e-05 -2.912e-05  9.069e-06 -4.208e-07  1.313e-07 
 -3.534e-08 -2.168e-07  2.602e-04 -1.913e-05 -4.208e-07  4.236e-06 -5.686e-07 
  1.357e-08 -9.774e-08  8.520e-05  1.192e-05  1.313e-07 -5.686e-07  4.500e-07 
 PARAMETER  CORRELATION COEFFICIENTS  
       NO.  GLOBAL      6      7      8     18     19     20     22
        6  0.21178   1.000  0.043  0.008  0.053 -0.185 -0.053  0.063
        7  0.99914   0.043  1.000 -0.054 -0.832 -0.189 -0.194 -0.268
        8  0.78027   0.008 -0.054  1.000 -0.053 -0.035  0.305  0.307
       18  0.99910   0.053 -0.832 -0.053  1.000 -0.206 -0.197  0.378
       19  0.99503  -0.185 -0.189 -0.035 -0.206  1.000 -0.068  0.065
       20  0.99592  -0.053 -0.194  0.305 -0.197 -0.068  1.000 -0.412
       22  0.89449   0.063 -0.268  0.307  0.378  0.065 -0.412  1.000
MINUIT - FIT ONLY 1-CBO
 **********
 **   29 **RES 
 **********
                   PARAMETER   14  ANy2 RESTORED TO VARIABLE.
                   PARAMETER    4  phi RESTORED TO VARIABLE.
                   PARAMETER    3  A0 RESTORED TO VARIABLE.
                   PARAMETER    1  N0 RESTORED TO VARIABLE.
 **********
 **   30 **FIX            0
 **********
 PARAMETER    0  IS UNDEFINED. IGNORED.
 **********
 **   31 **FIX            1
 **********
 **********
 **   32 **FIX            2
 **********
 PARAMETER    2  IS CONSTANT.   IGNORED.
 **********
 **   33 **FIX            3
 **********
 **********
 **   34 **FIX            4
 **********
 **********
 **   35 **FIX            8
 **********
 **********
 **   36 **FIX            9
 **********
 PARAMETER    9  IS CONSTANT.   IGNORED.
 **********
 **   37 **FIX           11
 **********
 PARAMETER   11  IS CONSTANT.   IGNORED.
 **********
 **   38 **FIX           12
 **********
 PARAMETER   12  IS CONSTANT.   IGNORED.
 **********
 **   39 **FIX           13
 **********
 PARAMETER   13  IS CONSTANT.   IGNORED.
 **********
 **   40 **FIX           15
 **********
 PARAMETER   15  IS CONSTANT.   IGNORED.
 **********
 **   41 **FIX           16
 **********
 PARAMETER   16  IS CONSTANT.   IGNORED.
 **********
 **   42 **MIGRAD
 **********
 START MIGRAD MINIMIZATION.  STRATEGY  1.  CONVERGENCE WHEN EDM .LT. 1.00e-04
 FCN=1482.35 FROM MIGRAD    STATUS=INITIATE       16 CALLS         409 TOTAL
                     EDM= unknown      STRATEGY= 1      NO ERROR MATRIX       
  EXT PARAMETER               CURRENT GUESS       STEP         FIRST   
  NO.   NAME      VALUE            ERROR          SIZE      DERIVATIVE 
   1  N0           3.11208e+06     fixed    
   2  tau          6.44114e+01   constant   
   3  A0           3.64290e-01     fixed    
   4  phi          4.11790e+00     fixed    
   5  R           -6.00079e+01   constant   
   6  A_CBO        1.16914e-03   3.22100e-04   5.92054e-06  -5.43873e-01
   7  w_CBO        2.32259e+00   5.43835e-04   1.10750e-06  -4.88028e+01
   8  phi_CBO      2.26019e+00     fixed    
   9  ANx2         3.40456e-04   constant   
  10  pNx2         3.19484e+00   constant   
  11  ANy1         0.00000e+00   constant   
  12  pNy1         0.00000e+00   constant   
  13  w_y          0.00000e+00   constant   
  14  ANy2         1.04941e-02   1.00000e-04   1.00000e-04   2.17435e+05
  15  pNy2         5.11372e+00   constant   
  16  w_vw         1.43155e+01   constant   
  17  LM           3.07992e-04   constant   
  18  wCBO_expCoeff   2.00025e+02   4.70558e-02   9.53795e-05  -5.57081e-01
  19  wCBO_expOffset   2.00004e+02   3.01151e-03   9.53691e-05  -5.57121e+00
  20  wCBO_expT    2.99947e+01   2.05825e-03   1.43026e-05  -7.71879e+00
  21  wCBO_linCoeff   0.00000e+00   constant   
  22  wCBO_const   3.99420e-03   6.70840e-04   5.63457e-06  -1.87158e+00
 MIGRAD MINIMIZATION HAS CONVERGED.
 MIGRAD WILL VERIFY CONVERGENCE AND ERROR MATRIX.
 COVARIANCE MATRIX CALCULATED SUCCESSFULLY
 FCN=347.59 FROM MIGRAD    STATUS=CONVERGED     311 CALLS         704 TOTAL
                     EDM=1.22311e-07    STRATEGY= 1      ERROR MATRIX ACCURATE 
  EXT PARAMETER                                   STEP         FIRST   
  NO.   NAME      VALUE            ERROR          SIZE      DERIVATIVE 
   1  N0           3.11208e+06     fixed    
   2  tau          6.44114e+01   constant   
   3  A0           3.64290e-01     fixed    
   4  phi          4.11790e+00     fixed    
   5  R           -6.00079e+01   constant   
   6  A_CBO        2.79790e-04   3.20387e-04   2.83126e-06   1.38519e+00
   7  w_CBO        2.32272e+00   5.57568e-03   1.10756e-06  -3.54192e+00
   8  phi_CBO      2.26019e+00     fixed    
   9  ANx2         3.40456e-04   constant   
  10  pNx2         3.19484e+00   constant   
  11  ANy1         0.00000e+00   constant   
  12  pNy1         0.00000e+00   constant   
  13  w_y          0.00000e+00   constant   
  14  ANy2         3.35231e-05   3.10901e-04   2.81486e-06   1.74825e-01
  15  pNy2         5.11372e+00   constant   
  16  w_vw         1.43155e+01   constant   
  17  LM           3.07992e-04   constant   
  18  wCBO_expCoeff   2.00037e+02   4.80185e-01   9.53853e-05  -3.93181e-02
  19  wCBO_expOffset   2.00005e+02   1.11700e-02   9.53700e-05  -2.62049e-01
  20  wCBO_expT    2.99919e+01   2.90820e-03   1.43013e-05  -4.45482e-01
  21  wCBO_linCoeff   0.00000e+00   constant   
  22  wCBO_const   3.82373e-03   2.60863e-03   5.09962e-06  -3.63678e-01
 EXTERNAL ERROR MATRIX.    NDIM=  25    NPAR=  7    ERR DEF=1
  1.026e-07 -3.320e-09  6.469e-09  2.038e-06 -3.899e-07  7.382e-08  2.543e-08 
 -3.320e-09  3.109e-05 -2.664e-09 -2.641e-03 -4.325e-06 -7.380e-07 -1.325e-05 
  6.469e-09 -2.664e-09  9.666e-08 -2.598e-07  1.869e-08  1.545e-08  9.044e-09 
  2.038e-06 -2.641e-03 -2.598e-07  2.306e-01 -4.477e-04 -1.146e-05  1.145e-03 
 -3.899e-07 -4.325e-06  1.869e-08 -4.477e-04  1.248e-04 -7.198e-07  1.649e-06 
  7.382e-08 -7.380e-07  1.545e-08 -1.146e-05 -7.198e-07  8.458e-06 -1.996e-06 
  2.543e-08 -1.325e-05  9.044e-09  1.145e-03  1.649e-06 -1.996e-06  6.805e-06 
 PARAMETER  CORRELATION COEFFICIENTS  
       NO.  GLOBAL      6      7     14     18     19     20     22
        6  0.24604   1.000 -0.002  0.065  0.013 -0.109  0.079  0.030
        7  0.99993  -0.002  1.000 -0.002 -0.987 -0.069 -0.046 -0.911
       14  0.11700   0.065 -0.002  1.000 -0.002  0.005  0.017  0.011
       18  0.99993   0.013 -0.987 -0.002  1.000 -0.083 -0.008  0.914
       19  0.99711  -0.109 -0.069  0.005 -0.083  1.000 -0.022  0.057
       20  0.98569   0.079 -0.046  0.017 -0.008 -0.022  1.000 -0.263
       22  0.97674   0.030 -0.911  0.011  0.914  0.057 -0.263  1.000
MINUIT - FIT ONLY 2-CBO
 **********
 **   43 **RES 
 **********
                   PARAMETER    8  phi_CBO RESTORED TO VARIABLE.
                   PARAMETER    4  phi RESTORED TO VARIABLE.
                   PARAMETER    3  A0 RESTORED TO VARIABLE.
                   PARAMETER    1  N0 RESTORED TO VARIABLE.
 **********
 **   44 **FIX            0
 **********
 PARAMETER    0  IS UNDEFINED. IGNORED.
 **********
 **   45 **FIX            1
 **********
 **********
 **   46 **FIX            2
 **********
 PARAMETER    2  IS CONSTANT.   IGNORED.
 **********
 **   47 **FIX            3
 **********
 **********
 **   48 **FIX            4
 **********
 **********
 **   49 **FIX            5
 **********
 PARAMETER    5  IS CONSTANT.   IGNORED.
 **********
 **   50 **FIX            6
 **********
 **********
 **   51 **FIX            7
 **********
 **********
 **   52 **FIX           10
 **********
 PARAMETER   10  IS CONSTANT.   IGNORED.
 **********
 **   53 **FIX           11
 **********
 PARAMETER   11  IS CONSTANT.   IGNORED.
 **********
 **   54 **FIX           12
 **********
 PARAMETER   12  IS CONSTANT.   IGNORED.
 **********
 **   55 **FIX           13
 **********
 PARAMETER   13  IS CONSTANT.   IGNORED.
 **********
 **   56 **FIX           14
 **********
 **********
 **   57 **FIX           15
 **********
 PARAMETER   15  IS CONSTANT.   IGNORED.
 **********
 **   58 **FIX           16
 **********
 PARAMETER   16  IS CONSTANT.   IGNORED.
 **********
 **   59 **MIGRAD
 **********
 START MIGRAD MINIMIZATION.  STRATEGY  1.  CONVERGENCE WHEN EDM .LT. 1.00e-04
 FCN=347.59 FROM MIGRAD    STATUS=INITIATE       12 CALLS         716 TOTAL
                     EDM= unknown      STRATEGY= 1      NO ERROR MATRIX       
  EXT PARAMETER               CURRENT GUESS       STEP         FIRST   
  NO.   NAME      VALUE            ERROR          SIZE      DERIVATIVE 
   1  N0           3.11208e+06     fixed    
   2  tau          6.44114e+01   constant   
   3  A0           3.64290e-01     fixed    
   4  phi          4.11790e+00     fixed    
   5  R           -6.00079e+01   constant   
   6  A_CBO        2.79790e-04     fixed    
   7  w_CBO        2.32272e+00     fixed    
   8  phi_CBO      2.26019e+00   4.13983e-01   4.13983e-01   7.51395e-01
   9  ANx2         3.40456e-04   constant   
  10  pNx2         3.19484e+00   constant   
  11  ANy1         0.00000e+00   constant   
  12  pNy1         0.00000e+00   constant   
  13  w_y          0.00000e+00   constant   
  14  ANy2         3.35231e-05     fixed    
  15  pNy2         5.11372e+00   constant   
  16  w_vw         1.43155e+01   constant   
  17  LM           3.07992e-04   constant   
  18  wCBO_expCoeff   2.00037e+02   4.80185e-01   9.53853e-05  -3.92098e-02
  19  wCBO_expOffset   2.00005e+02   1.11700e-02   9.53700e-05  -2.20052e-01
  20  wCBO_expT    2.99919e+01   2.90820e-03   1.43013e-05  -3.98927e-01
  21  wCBO_linCoeff   0.00000e+00   constant   
  22  wCBO_const   3.82373e-03   2.60863e-03   5.09962e-06  -3.65309e-01
 MIGRAD MINIMIZATION HAS CONVERGED.
 MIGRAD WILL VERIFY CONVERGENCE AND ERROR MATRIX.
 FCN=347.405 FROM MIGRAD    STATUS=CONVERGED     123 CALLS         827 TOTAL
                     EDM=3.9067e-07    STRATEGY= 1      ERR MATRIX NOT POS-DEF
  EXT PARAMETER                APPROXIMATE        STEP         FIRST   
  NO.   NAME      VALUE            ERROR          SIZE      DERIVATIVE 
   1  N0           3.11208e+06     fixed    
   2  tau          6.44114e+01   constant   
   3  A0           3.64290e-01     fixed    
   4  phi          4.11790e+00     fixed    
   5  R           -6.00079e+01   constant   
   6  A_CBO        2.79790e-04     fixed    
   7  w_CBO        2.32272e+00     fixed    
   8  phi_CBO      1.77582e+00   1.11020e+00   9.41218e-03  -7.57280e-04
   9  ANx2         3.40456e-04   constant   
  10  pNx2         3.19484e+00   constant   
  11  ANy1         0.00000e+00   constant   
  12  pNy1         0.00000e+00   constant   
  13  w_y          0.00000e+00   constant   
  14  ANy2         3.35231e-05     fixed    
  15  pNy2         5.11372e+00   constant   
  16  w_vw         1.43155e+01   constant   
  17  LM           3.07992e-04   constant   
  18  wCBO_expCoeff   2.00038e+02   6.65192e-02   9.53855e-05   2.15844e-02
  19  wCBO_expOffset   2.00005e+02   1.02203e-02   9.53700e-05   1.49345e-01
  20  wCBO_expT    2.99918e+01   2.65585e-03   1.43012e-05   5.04815e-01
  21  wCBO_linCoeff   0.00000e+00   constant   
  22  wCBO_const   3.79037e-03   1.01354e-03   5.02314e-06   4.27299e-01
 EXTERNAL ERROR MATRIX.    NDIM=  25    NPAR=  5    ERR DEF=1
  1.233e+00 -3.323e-04 -2.465e-04  3.008e-04  9.635e-05 
 -3.323e-04  4.425e-03 -6.302e-04 -2.229e-05  5.970e-06 
 -2.465e-04 -6.302e-04  1.045e-04 -6.519e-06  1.351e-06 
  3.008e-04 -2.229e-05 -6.519e-06  7.054e-06 -1.916e-06 
  9.635e-05  5.970e-06  1.351e-06 -1.916e-06  1.027e-06 
ERR MATRIX NOT POS-DEF
 PARAMETER  CORRELATION COEFFICIENTS  
       NO.  GLOBAL      8     18     19     20     22
        8  0.37528   1.000 -0.005 -0.022  0.102  0.086
       18  0.99643  -0.005  1.000 -0.927 -0.126  0.089
       19  0.99659  -0.022 -0.927  1.000 -0.240  0.130
       20  0.98294   0.102 -0.126 -0.240  1.000 -0.712
       22  0.84053   0.086  0.089  0.130 -0.712  1.000
 ERR MATRIX NOT POS-DEF
MINUIT - FIT ONLY 1-y
 **********
 **   60 **RES 
 **********
                   PARAMETER   14  ANy2 RESTORED TO VARIABLE.
                   PARAMETER    7  w_CBO RESTORED TO VARIABLE.
                   PARAMETER    6  A_CBO RESTORED TO VARIABLE.
                   PARAMETER    4  phi RESTORED TO VARIABLE.
                   PARAMETER    3  A0 RESTORED TO VARIABLE.
                   PARAMETER    1  N0 RESTORED TO VARIABLE.
 **********
 **   61 **FIX            0
 **********
 PARAMETER    0  IS UNDEFINED. IGNORED.
 **********
 **   62 **FIX            1
 **********
 **********
 **   63 **FIX            2
 **********
 PARAMETER    2  IS CONSTANT.   IGNORED.
 **********
 **   64 **FIX            3
 **********
 **********
 **   65 **FIX            4
 **********
 **********
 **   66 **FIX            5
 **********
 PARAMETER    5  IS CONSTANT.   IGNORED.
 **********
 **   67 **FIX            6
 **********
 **********
 **   68 **FIX            7
 **********
 **********
 **   69 **FIX            8
 **********
 **********
 **   70 **FIX            9
 **********
 PARAMETER    9  IS CONSTANT.   IGNORED.
 **********
 **   71 **FIX           13
 **********
 PARAMETER   13  IS CONSTANT.   IGNORED.
 **********
 **   72 **FIX           14
 **********
 **********
 **   73 **FIX           15
 **********
 PARAMETER   15  IS CONSTANT.   IGNORED.
 **********
 **   74 **FIX           16
 **********
 PARAMETER   16  IS CONSTANT.   IGNORED.
 **********
 **   75 **MIGRAD
 **********
 START MIGRAD MINIMIZATION.  STRATEGY  1.  CONVERGENCE WHEN EDM .LT. 1.00e-04
 FCN=347.405 FROM MIGRAD    STATUS=INITIATE        8 CALLS         835 TOTAL
                     EDM= unknown      STRATEGY= 1      NO ERROR MATRIX       
  EXT PARAMETER               CURRENT GUESS       STEP         FIRST   
  NO.   NAME      VALUE            ERROR          SIZE      DERIVATIVE 
   1  N0           3.11208e+06     fixed    
   2  tau          6.44114e+01   constant   
   3  A0           3.64290e-01     fixed    
   4  phi          4.11790e+00     fixed    
   5  R           -6.00079e+01   constant   
   6  A_CBO        2.79790e-04     fixed    
   7  w_CBO        2.32272e+00     fixed    
   8  phi_CBO      1.77582e+00     fixed    
   9  ANx2         3.40456e-04   constant   
  10  pNx2         3.19484e+00   constant   
  11  ANy1         0.00000e+00   constant   
  12  pNy1         0.00000e+00   constant   
  13  w_y          0.00000e+00   constant   
  14  ANy2         3.35231e-05     fixed    
  15  pNy2         5.11372e+00   constant   
  16  w_vw         1.43155e+01   constant   
  17  LM           3.07992e-04   constant   
  18  wCBO_expCoeff   2.00038e+02   6.65192e-02   9.53855e-05   2.34202e-02
  19  wCBO_expOffset   2.00005e+02   1.02203e-02   9.53700e-05   6.92987e-01
  20  wCBO_expT    2.99918e+01   2.65585e-03   1.43012e-05   5.80039e-01
  21  wCBO_linCoeff   0.00000e+00   constant   
  22  wCBO_const   3.79037e-03   1.01354e-03   5.02314e-06   4.28376e-01
 MIGRAD MINIMIZATION HAS CONVERGED.
 MIGRAD WILL VERIFY CONVERGENCE AND ERROR MATRIX.
 FCN=347.405 FROM MIGRAD    STATUS=CONVERGED      48 CALLS         875 TOTAL
                     EDM=1.24719e-07    STRATEGY= 1      ERR MATRIX NOT POS-DEF
  EXT PARAMETER                APPROXIMATE        STEP         FIRST   
  NO.   NAME      VALUE            ERROR          SIZE      DERIVATIVE 
   1  N0           3.11208e+06     fixed    
   2  tau          6.44114e+01   constant   
   3  A0           3.64290e-01     fixed    
   4  phi          4.11790e+00     fixed    
   5  R           -6.00079e+01   constant   
   6  A_CBO        2.79790e-04     fixed    
   7  w_CBO        2.32272e+00     fixed    
   8  phi_CBO      1.77582e+00     fixed    
   9  ANx2         3.40456e-04   constant   
  10  pNx2         3.19484e+00   constant   
  11  ANy1         0.00000e+00   constant   
  12  pNy1         0.00000e+00   constant   
  13  w_y          0.00000e+00   constant   
  14  ANy2         3.35231e-05     fixed    
  15  pNy2         5.11372e+00   constant   
  16  w_vw         1.43155e+01   constant   
  17  LM           3.07992e-04   constant   
  18  wCBO_expCoeff   2.00038e+02   6.79102e-02   9.53855e-05  -1.01495e-02
  19  wCBO_expOffset   2.00005e+02   1.04346e-02   9.53700e-05  -6.23085e-02
  20  wCBO_expT    2.99918e+01   2.65022e-03   1.43012e-05   1.34376e-01
  21  wCBO_linCoeff   0.00000e+00   constant   
  22  wCBO_const   3.79036e-03   1.01150e-03   5.02215e-06   1.73794e-01
 EXTERNAL ERROR MATRIX.    NDIM=  25    NPAR=  4    ERR DEF=1
  4.612e-03 -6.590e-04 -2.183e-05  5.950e-06 
 -6.590e-04  1.089e-04 -6.578e-06  1.393e-06 
 -2.183e-05 -6.578e-06  7.024e-06 -1.951e-06 
  5.950e-06  1.393e-06 -1.951e-06  1.023e-06 
ERR MATRIX NOT POS-DEF
 PARAMETER  CORRELATION COEFFICIENTS  
       NO.  GLOBAL     18     19     20     22
       18  0.99657   1.000 -0.930 -0.121  0.087
       19  0.99673  -0.930  1.000 -0.238  0.132
       20  0.98286  -0.121 -0.238  1.000 -0.728
       22  0.83980   0.087  0.132 -0.728  1.000
 ERR MATRIX NOT POS-DEF
MINUIT - FIT ONLY 2-y
 **********
 **   76 **RES 
 **********
                   PARAMETER   14  ANy2 RESTORED TO VARIABLE.
                   PARAMETER    8  phi_CBO RESTORED TO VARIABLE.
                   PARAMETER    7  w_CBO RESTORED TO VARIABLE.
                   PARAMETER    6  A_CBO RESTORED TO VARIABLE.
                   PARAMETER    4  phi RESTORED TO VARIABLE.
                   PARAMETER    3  A0 RESTORED TO VARIABLE.
                   PARAMETER    1  N0 RESTORED TO VARIABLE.
 **********
 **   77 **FIX            0
 **********
 PARAMETER    0  IS UNDEFINED. IGNORED.
 **********
 **   78 **FIX            1
 **********
 **********
 **   79 **FIX            2
 **********
 PARAMETER    2  IS CONSTANT.   IGNORED.
 **********
 **   80 **FIX            3
 **********
 **********
 **   81 **FIX            4
 **********
 **********
 **   82 **FIX            5
 **********
 PARAMETER    5  IS CONSTANT.   IGNORED.
 **********
 **   83 **FIX            6
 **********
 **********
 **   84 **FIX            7
 **********
 **********
 **   85 **FIX            8
 **********
 **********
 **   86 **FIX            9
 **********
 PARAMETER    9  IS CONSTANT.   IGNORED.
 **********
 **   87 **FIX           10
 **********
 PARAMETER   10  IS CONSTANT.   IGNORED.
 **********
 **   88 **FIX           11
 **********
 PARAMETER   11  IS CONSTANT.   IGNORED.
 **********
 **   89 **FIX           12
 **********
 PARAMETER   12  IS CONSTANT.   IGNORED.
 **********
 **   90 **FIX           16
 **********
 PARAMETER   16  IS CONSTANT.   IGNORED.
 **********
 **   91 **MIGRAD
 **********
 START MIGRAD MINIMIZATION.  STRATEGY  1.  CONVERGENCE WHEN EDM .LT. 1.00e-04
 FCN=347.405 FROM MIGRAD    STATUS=INITIATE       10 CALLS         885 TOTAL
                     EDM= unknown      STRATEGY= 1      NO ERROR MATRIX       
  EXT PARAMETER               CURRENT GUESS       STEP         FIRST   
  NO.   NAME      VALUE            ERROR          SIZE      DERIVATIVE 
   1  N0           3.11208e+06     fixed    
   2  tau          6.44114e+01   constant   
   3  A0           3.64290e-01     fixed    
   4  phi          4.11790e+00     fixed    
   5  R           -6.00079e+01   constant   
   6  A_CBO        2.79790e-04     fixed    
   7  w_CBO        2.32272e+00     fixed    
   8  phi_CBO      1.77582e+00     fixed    
   9  ANx2         3.40456e-04   constant   
  10  pNx2         3.19484e+00   constant   
  11  ANy1         0.00000e+00   constant   
  12  pNy1         0.00000e+00   constant   
  13  w_y          0.00000e+00   constant   
  14  ANy2         3.35231e-05   3.10901e-04   3.10901e-04   9.39870e+01
  15  pNy2         5.11372e+00   constant   
  16  w_vw         1.43155e+01   constant   
  17  LM           3.07992e-04   constant   
  18  wCBO_expCoeff   2.00038e+02   6.79102e-02   9.53855e-05  -8.31182e-03
  19  wCBO_expOffset   2.00005e+02   1.04346e-02   9.53700e-05   4.82061e-01
  20  wCBO_expT    2.99918e+01   2.65022e-03   1.43012e-05   2.09651e-01
  21  wCBO_linCoeff   0.00000e+00   constant   
  22  wCBO_const   3.79036e-03   1.01150e-03   5.02215e-06   1.74872e-01
 MIGRAD MINIMIZATION HAS CONVERGED.
 MIGRAD WILL VERIFY CONVERGENCE AND ERROR MATRIX.
 FCN=347.405 FROM MIGRAD    STATUS=CONVERGED      68 CALLS         943 TOTAL
                     EDM=1.94517e-06    STRATEGY= 1      ERR MATRIX NOT POS-DEF
  EXT PARAMETER                APPROXIMATE        STEP         FIRST   
  NO.   NAME      VALUE            ERROR          SIZE      DERIVATIVE 
   1  N0           3.11208e+06     fixed    
   2  tau          6.44114e+01   constant   
   3  A0           3.64290e-01     fixed    
   4  phi          4.11790e+00     fixed    
   5  R           -6.00079e+01   constant   
   6  A_CBO        2.79790e-04     fixed    
   7  w_CBO        2.32272e+00     fixed    
   8  phi_CBO      1.77582e+00     fixed    
   9  ANx2         3.40456e-04   constant   
  10  pNx2         3.19484e+00   constant   
  11  ANy1         0.00000e+00   constant   
  12  pNy1         0.00000e+00   constant   
  13  w_y          0.00000e+00   constant   
  14  ANy2         2.89932e-05   3.09510e-04   2.81410e-06  -2.36332e-01
  15  pNy2         5.11372e+00   constant   
  16  w_vw         1.43155e+01   constant   
  17  LM           3.07992e-04   constant   
  18  wCBO_expCoeff   2.00038e+02   6.78037e-02   9.53855e-05  -6.44630e-02
  19  wCBO_expOffset   2.00005e+02   1.04162e-02   9.53700e-05  -4.27536e-01
  20  wCBO_expT    2.99918e+01   2.64850e-03   1.43012e-05   3.08265e-01
  21  wCBO_linCoeff   0.00000e+00   constant   
  22  wCBO_const   3.79043e-03   1.01161e-03   5.02210e-06   2.10495e+00
 EXTERNAL ERROR MATRIX.    NDIM=  25    NPAR=  5    ERR DEF=1
  9.580e-08 -3.728e-07  1.516e-08  4.702e-09  7.346e-09 
 -3.728e-07  4.597e-03 -6.566e-04 -2.187e-05  5.923e-06 
  1.516e-08 -6.566e-04  1.085e-04 -6.561e-06  1.391e-06 
  4.702e-09 -2.187e-05 -6.561e-06  7.015e-06 -1.949e-06 
  7.346e-09  5.923e-06  1.391e-06 -1.949e-06  1.023e-06 
ERR MATRIX NOT POS-DEF
 PARAMETER  CORRELATION COEFFICIENTS  
       NO.  GLOBAL     14     18     19     20     22
       14  0.10794   1.000 -0.018  0.005  0.006  0.023
       18  0.99656  -0.018  1.000 -0.930 -0.122  0.086
       19  0.99672   0.005 -0.930  1.000 -0.238  0.132
       20  0.98285   0.006 -0.122 -0.238  1.000 -0.727
       22  0.83985   0.023  0.086  0.132 -0.727  1.000
 ERR MATRIX NOT POS-DEF
MINUIT - FIT ALTOGETHER
 **********
 **   92 **RES 
 **********
                   PARAMETER    8  phi_CBO RESTORED TO VARIABLE.
                   PARAMETER    7  w_CBO RESTORED TO VARIABLE.
                   PARAMETER    6  A_CBO RESTORED TO VARIABLE.
                   PARAMETER    4  phi RESTORED TO VARIABLE.
                   PARAMETER    3  A0 RESTORED TO VARIABLE.
                   PARAMETER    1  N0 RESTORED TO VARIABLE.
 **********
 **   93 **MIGRAD
 **********
 START MIGRAD MINIMIZATION.  STRATEGY  1.  CONVERGENCE WHEN EDM .LT. 1.00e-04
 FCN=347.405 FROM MIGRAD    STATUS=INITIATE       22 CALLS         965 TOTAL
                     EDM= unknown      STRATEGY= 1      NO ERROR MATRIX       
  EXT PARAMETER               CURRENT GUESS       STEP         FIRST   
  NO.   NAME      VALUE            ERROR          SIZE      DERIVATIVE 
   1  N0           3.11208e+06   6.77942e+02   6.77942e+02  -6.47840e-04
   2  tau          6.44114e+01   constant   
   3  A0           3.64290e-01   2.95523e-04   2.95523e-04  -2.47148e+02
   4  phi          4.11790e+00   8.45671e-04   8.45671e-04   5.73636e+02
   5  R           -6.00079e+01   constant   
   6  A_CBO        2.79790e-04   3.20387e-04   3.20387e-04  -6.23155e+02
   7  w_CBO        2.32272e+00   5.57568e-03   5.57568e-03  -4.50737e+00
   8  phi_CBO      1.77582e+00   1.11020e+00   1.11020e+00   1.24599e-04
   9  ANx2         3.40456e-04   constant   
  10  pNx2         3.19484e+00   constant   
  11  ANy1         0.00000e+00   constant   
  12  pNy1         0.00000e+00   constant   
  13  w_y          0.00000e+00   constant   
  14  ANy2         2.89932e-05   3.09510e-04   2.81410e-06  -2.36332e-01
  15  pNy2         5.11372e+00   constant   
  16  w_vw         1.43155e+01   constant   
  17  LM           3.07992e-04   constant   
  18  wCBO_expCoeff   2.00038e+02   6.78037e-02   9.53855e-05  -6.30709e-02
  19  wCBO_expOffset   2.00005e+02   1.04162e-02   9.53700e-05   1.16791e-01
  20  wCBO_expT    2.99918e+01   2.64850e-03   1.43012e-05   3.83607e-01
