 + ++++++++++++++++++++++++++++++++++++++++++++++++++++++++++++++++++++ +
 +                                                                      +
 +           You have chose to blind your fitting according to          +
 +                omega_ref * (1 + (R +/- deltaR) *10^{-6})             +
 +                                                                      +
 + ++++++++++++++++++++++++++++++++++++++++++++++++++++++++++++++++++++ +
In main()...
reading format from /gm2data/zkhechad/run45/envelope/formats/formatB_sBin_constraintOn.txt
pBinTau 	= 0  
pBinPhi 	= 0  
constraintau 	= 1 
includeMopTerm 	= 0    
constrainMop    = 0   
Parameters after format file: pBinTau 0 pBinPhi 0 constraintau 1 includeMopTerm 0 constrainMop 0 c_e_scale 0.000000 
reading cbo reference file (full fit) from /gm2data/zkhechad/cboTemplates/Run4CBOTemplates/fullFits/run4/sBin_constraintOn_cE0.0_seed0_run4_calo8.root
A_CBO 0.011357 w_CBO 2.326581 phi_CBO 5.876624 N0 2844262.344614 R -61.301649 tau 64.404749 
Reading cboRef file /gm2data/zkhechad/cboTemplates/Run4CBOTemplates//cboIsolate/run4_calo8.root
deltaT 164.120000
windowBins = 1100
fitting sliding window 2400 from bin 2603 at 388.367600 to bin 3703 at 552.487600 (1100 bins)

Reading data from /gm2data/cornell/histograms/aMethod/histogram_a_run4.root
fitting cbo isolate
 **********
 **    1 **SET PRINTOUT            1
 **********
 **********
 **    2 **SET NOWARNINGS 
 **********
 PARAMETER DEFINITIONS:
    NO.   NAME         VALUE      STEP SIZE      LIMITS
     1 A_CBO        1.13569e-02  1.00000e-05     no limits
     2 w_CBO        2.32658e+00  1.00000e-02    2.00000e+00  3.00000e+00
     3 phi_CBO      5.87662e+00  1.00000e-02    0.00000e+00  6.28319e+00
 **********
 **    3 **MIGRAD
 **********
 FIRST CALL TO USER FUNCTION AT NEW START POINT, WITH IFLAG=4.
 START MIGRAD MINIMIZATION.  STRATEGY  1.  CONVERGENCE WHEN EDM .LT. 1.00e-04
 FCN=0.325732 FROM MIGRAD    STATUS=INITIATE       12 CALLS          13 TOTAL
                     EDM= unknown      STRATEGY= 1      NO ERROR MATRIX       
  EXT PARAMETER               CURRENT GUESS       STEP         FIRST   
  NO.   NAME      VALUE            ERROR          SIZE      DERIVATIVE 
   1  A_CBO        1.13569e-02   1.00000e-05   1.00000e-05   9.55460e+00
   2  w_CBO        2.32658e+00   1.00000e-02   2.13259e-02  -1.32132e+00
   3  phi_CBO      5.87662e+00   1.00000e-02   6.47001e-03   8.03620e-03
 MIGRAD MINIMIZATION HAS CONVERGED.
 MIGRAD WILL VERIFY CONVERGENCE AND ERROR MATRIX.
 COVARIANCE MATRIX CALCULATED SUCCESSFULLY
 FCN=0.284274 FROM HESSE     STATUS=OK             16 CALLS          56 TOTAL
                     EDM=7.14638e-05    STRATEGY= 1      ERROR MATRIX ACCURATE 
  EXT PARAMETER                                   STEP         FIRST   
  NO.   NAME      VALUE            ERROR          SIZE      DERIVATIVE 
   1  A_CBO        2.74143e-03   4.26674e-02   2.35444e-05  -1.78181e-03
   2  w_CBO        2.32679e+00   2.08341e-01   3.91723e-05  -2.86545e-02
   3  phi_CBO      5.81433e+00   3.34192e+00   5.22759e-03  -5.99491e-05
 MIGRAD MINIMIZATION HAS CONVERGED.
 MIGRAD WILL VERIFY CONVERGENCE AND ERROR MATRIX.
 COVARIANCE MATRIX CALCULATED SUCCESSFULLY
 FCN=0.284229 FROM MIGRAD    STATUS=CONVERGED     111 CALLS         112 TOTAL
                     EDM=2.0302e-05    STRATEGY= 1      ERROR MATRIX ACCURATE 
  EXT PARAMETER                                   STEP         FIRST   
  NO.   NAME      VALUE            ERROR          SIZE      DERIVATIVE 
   1  A_CBO        2.75852e-03   4.25863e-02   2.35443e-05   5.76606e-04
   2  w_CBO        2.32757e+00   7.79769e-02   3.81099e-05   6.01735e-02
   3  phi_CBO      6.14005e+00   3.15586e+00   7.29826e-03  -3.76976e-04
 EXTERNAL ERROR MATRIX.    NDIM=  25    NPAR=  3    ERR DEF=1
  1.814e-03  8.741e-06  2.894e-02 
  8.741e-06  6.137e-03  2.484e+00 
  2.894e-02  2.484e+00  1.211e+03 
 PARAMETER  CORRELATION COEFFICIENTS  
       NO.  GLOBAL      1      2      3
        1  0.04165   1.000  0.003  0.020
        2  0.91119   0.003  1.000  0.911
        3  0.91122   0.020  0.911  1.000
setting A_CBO=0.002759 w_CBO=2.327568, phi_CBO=6.140055
done fitting cbo isolate
 **********
 **    1 **SET PRINTOUT            1
 **********
 **********
 **    2 **SET NOWARNINGS 
 **********
 PARAMETER DEFINITIONS:
    NO.   NAME         VALUE      STEP SIZE      LIMITS
     1 N0           2.84426e+06  1.00000e+02     no limits
     2 tau          6.44047e+01  constant
     3 A0           3.52885e-01  1.00000e-04     no limits
     4 phi          4.11503e+00  1.00000e-02     no limits
     5 R           -6.13016e+01  constant
     6 A_CBO        2.75852e-03  1.00000e-05     no limits
     7 w_CBO        2.32757e+00  1.00000e-03     no limits
     8 phi_CBO      6.14005e+00  1.00000e-04     no limits
     9 ANx2         6.64823e-04  constant
    10 pNx2         9.66896e-01  constant
    11 ANy1         0.00000e+00  constant
    12 pNy1         0.00000e+00  constant
    13 w_y          0.00000e+00  constant
    14 ANy2         8.37111e-03  1.00000e-04     no limits
    15 pNy2         5.88808e+00  constant
    16 w_vw         1.43122e+01  constant
    17 LM           1.40011e-04  constant
    18 wCBO_expCoeff   2.00000e+02  1.00000e+00     no limits
    19 wCBO_expOffset   2.00000e+02  1.00000e+00     no limits
    20 wCBO_expT    3.00000e+01  1.00000e+00     no limits
    21 wCBO_linCoeff   0.00000e+00  constant
    22 wCBO_const   0.00000e+00  1.00000e-02     no limits
MINUIT - FIT ONLY WIGGLE
 **********
 **    3 **FIX            5
 **********
 PARAMETER    5  IS CONSTANT.   IGNORED.
 **********
 **    4 **FIX            6
 **********
 **********
 **    5 **FIX            7
 **********
 **********
 **    6 **FIX            8
 **********
 **********
 **    7 **FIX            9
 **********
 PARAMETER    9  IS CONSTANT.   IGNORED.
 **********
 **    8 **FIX           10
 **********
 PARAMETER   10  IS CONSTANT.   IGNORED.
 **********
 **    9 **FIX           11
 **********
 PARAMETER   11  IS CONSTANT.   IGNORED.
 **********
 **   10 **FIX           12
 **********
 PARAMETER   12  IS CONSTANT.   IGNORED.
 **********
 **   11 **FIX           13
 **********
 PARAMETER   13  IS CONSTANT.   IGNORED.
 **********
 **   12 **FIX           14
 **********
 **********
 **   13 **FIX           15
 **********
 PARAMETER   15  IS CONSTANT.   IGNORED.
 **********
 **   14 **FIX           16
 **********
 PARAMETER   16  IS CONSTANT.   IGNORED.
 **********
 **   15 **MIGRAD
 **********
 FIRST CALL TO USER FUNCTION AT NEW START POINT, WITH IFLAG=4.
 START MIGRAD MINIMIZATION.  STRATEGY  1.  CONVERGENCE WHEN EDM .LT. 1.00e-04
 FCN=360.239 FROM MIGRAD    STATUS=INITIATE       75 CALLS          76 TOTAL
                     EDM= unknown      STRATEGY= 1      NO ERROR MATRIX       
  EXT PARAMETER               CURRENT GUESS       STEP         FIRST   
  NO.   NAME      VALUE            ERROR          SIZE      DERIVATIVE 
   1  N0           2.84426e+06   1.00000e+02   0.00000e+00   8.40491e-04
   2  tau          6.44047e+01   constant   
   3  A0           3.52885e-01   1.00000e-04   0.00000e+00  -6.74837e+02
   4  phi          4.11503e+00   1.00000e-02   0.00000e+00   1.07556e+03
   5  R           -6.13016e+01   constant   
   6  A_CBO        2.75852e-03     fixed    
   7  w_CBO        2.32757e+00     fixed    
   8  phi_CBO      6.14005e+00     fixed    
   9  ANx2         6.64823e-04   constant   
  10  pNx2         9.66896e-01   constant   
  11  ANy1         0.00000e+00   constant   
  12  pNy1         0.00000e+00   constant   
  13  w_y          0.00000e+00   constant   
  14  ANy2         8.37111e-03     fixed    
  15  pNy2         5.88808e+00   constant   
  16  w_vw         1.43122e+01   constant   
  17  LM           1.40011e-04   constant   
  18  wCBO_expCoeff   1.99264e+02   1.00000e+00   0.00000e+00   2.11867e+00
  19  wCBO_expOffset   2.00000e+02   1.00000e+00   0.00000e+00   1.40725e+01
  20  wCBO_expT    3.00000e+01   1.00000e+00   0.00000e+00   8.75093e+01
  21  wCBO_linCoeff   0.00000e+00   constant   
  22  wCBO_const  -3.17064e-03   1.00000e-02  -3.17064e-03  -3.05386e+01
 MIGRAD MINIMIZATION HAS CONVERGED.
 FCN=355.187 FROM MIGRAD    STATUS=CONVERGED     228 CALLS         229 TOTAL
                     EDM=4.29569e-07    STRATEGY= 1  ERROR MATRIX UNCERTAINTY   1.9 per cent
  EXT PARAMETER                                   STEP         FIRST   
  NO.   NAME      VALUE            ERROR          SIZE      DERIVATIVE 
   1  N0           2.84234e+06   2.01866e+03  -1.38835e+01  -2.26852e-07
   2  tau          6.44047e+01   constant   
   3  A0           3.53388e-01   9.81213e-04   9.62450e-07  -2.00042e-01
   4  phi          4.11131e+00   2.77807e-03   1.07886e-05   7.47939e-02
   5  R           -6.13016e+01   constant   
   6  A_CBO        2.75852e-03     fixed    
   7  w_CBO        2.32757e+00     fixed    
   8  phi_CBO      6.14005e+00     fixed    
   9  ANx2         6.64823e-04   constant   
  10  pNx2         9.66896e-01   constant   
  11  ANy1         0.00000e+00   constant   
  12  pNy1         0.00000e+00   constant   
  13  w_y          0.00000e+00   constant   
  14  ANy2         8.37111e-03     fixed    
  15  pNy2         5.88808e+00   constant   
  16  w_vw         1.43122e+01   constant   
  17  LM           1.40011e-04   constant   
  18  wCBO_expCoeff   1.98041e+02   6.11092e+00  -1.27236e-02   4.21828e-04
  19  wCBO_expOffset   1.99816e+02   9.17301e-01  -1.91406e-03   2.78452e-03
  20  wCBO_expT    3.00315e+01   2.94241e-01   5.68944e-04   1.34717e-02
  21  wCBO_linCoeff   0.00000e+00   constant   
  22  wCBO_const  -1.85444e-03   9.88991e-04   5.88547e-06  -1.00816e-01
 EXTERNAL ERROR MATRIX.    NDIM=  25    NPAR=  7    ERR DEF=1
  4.075e+06 -1.128e-02  4.284e-02  1.293e+03  1.941e+02 -6.097e+01  4.071e-02 
 -1.128e-02  9.628e-07  3.122e-08 -9.251e-04 -1.389e-04  4.249e-05  6.864e-08 
  4.284e-02  3.122e-08  7.718e-06  6.303e-04  9.460e-05 -3.237e-05  1.700e-07 
  1.293e+03 -9.251e-04  6.303e-04  3.734e+01  5.568e+00 -1.792e+00  4.009e-03 
  1.941e+02 -1.389e-04  9.460e-05  5.568e+00  8.414e-01 -2.691e-01  6.017e-04 
 -6.097e+01  4.249e-05 -3.237e-05 -1.792e+00 -2.691e-01  8.658e-02 -2.022e-04 
  4.071e-02  6.864e-08  1.700e-07  4.009e-03  6.017e-04 -2.022e-04  9.781e-07 
 PARAMETER  CORRELATION COEFFICIENTS  
       NO.  GLOBAL      1      3      4     18     19     20     22
        1  0.12866   1.000 -0.006  0.008  0.105  0.105 -0.103  0.020
        3  0.29087  -0.006  1.000  0.011 -0.154 -0.154  0.147  0.071
        4  0.06376   0.008  0.011  1.000  0.037  0.037 -0.040  0.062
       18  0.99822   0.105 -0.154  0.037  1.000  0.993 -0.997  0.663
       19  0.99821   0.105 -0.154  0.037  0.993  1.000 -0.997  0.663
       20  0.99943  -0.103  0.147 -0.040 -0.997 -0.997  1.000 -0.695
       22  0.88979   0.020  0.071  0.062  0.663  0.663 -0.695  1.000
MINUIT - FIT ONLY 1-CBO + other amplitudes 
 **********
 **   16 **RES 
 **********
                   PARAMETER   14  ANy2 RESTORED TO VARIABLE.
                   PARAMETER    8  phi_CBO RESTORED TO VARIABLE.
                   PARAMETER    7  w_CBO RESTORED TO VARIABLE.
                   PARAMETER    6  A_CBO RESTORED TO VARIABLE.
 **********
 **   17 **FIX            0
 **********
 PARAMETER    0  IS UNDEFINED. IGNORED.
 **********
 **   18 **FIX            1
 **********
 **********
 **   19 **FIX            2
 **********
 PARAMETER    2  IS CONSTANT.   IGNORED.
 **********
 **   20 **FIX            3
 **********
 **********
 **   21 **FIX            4
 **********
 **********
 **   22 **FIX            9
 **********
 PARAMETER    9  IS CONSTANT.   IGNORED.
 **********
 **   23 **FIX           11
 **********
 PARAMETER   11  IS CONSTANT.   IGNORED.
 **********
 **   24 **FIX           12
 **********
 PARAMETER   12  IS CONSTANT.   IGNORED.
 **********
 **   25 **FIX           14
 **********
 **********
 **   26 **FIX           15
 **********
 PARAMETER   15  IS CONSTANT.   IGNORED.
 **********
 **   27 **FIX           16
 **********
 PARAMETER   16  IS CONSTANT.   IGNORED.
 **********
 **   28 **MIGRAD
 **********
 START MIGRAD MINIMIZATION.  STRATEGY  1.  CONVERGENCE WHEN EDM .LT. 1.00e-04
 FCN=355.187 FROM MIGRAD    STATUS=INITIATE       18 CALLS         247 TOTAL
                     EDM= unknown      STRATEGY= 1      NO ERROR MATRIX       
  EXT PARAMETER               CURRENT GUESS       STEP         FIRST   
  NO.   NAME      VALUE            ERROR          SIZE      DERIVATIVE 
   1  N0           2.84234e+06     fixed    
   2  tau          6.44047e+01   constant   
   3  A0           3.53388e-01     fixed    
   4  phi          4.11131e+00     fixed    
   5  R           -6.13016e+01   constant   
   6  A_CBO        2.75852e-03   1.00000e-05   1.00000e-05   4.12934e+03
   7  w_CBO        2.32757e+00   1.00000e-03   1.00000e-03  -5.82174e-03
   8  phi_CBO      6.14005e+00   1.00000e-04   1.00000e-04  -6.02947e-01
   9  ANx2         6.64823e-04   constant   
  10  pNx2         9.66896e-01   constant   
  11  ANy1         0.00000e+00   constant   
  12  pNy1         0.00000e+00   constant   
  13  w_y          0.00000e+00   constant   
  14  ANy2         8.37111e-03     fixed    
  15  pNy2         5.88808e+00   constant   
  16  w_vw         1.43122e+01   constant   
  17  LM           1.40011e-04   constant   
  18  wCBO_expCoeff   1.98041e+02   6.11092e+00  -1.27236e-02   4.21786e-04
  19  wCBO_expOffset   1.99816e+02   9.17301e-01  -1.91406e-03   2.78427e-03
  20  wCBO_expT    3.00315e+01   2.94241e-01   5.68944e-04   1.34704e-02
  21  wCBO_linCoeff   0.00000e+00   constant   
  22  wCBO_const  -1.85444e-03   9.88991e-04   5.88547e-06  -1.00843e-01
 MIGRAD MINIMIZATION HAS CONVERGED.
 FCN=350.449 FROM MIGRAD    STATUS=CONVERGED     236 CALLS         465 TOTAL
                     EDM=3.169e-06    STRATEGY= 1  ERROR MATRIX UNCERTAINTY   4.3 per cent
  EXT PARAMETER                                   STEP         FIRST   
  NO.   NAME      VALUE            ERROR          SIZE      DERIVATIVE 
   1  N0           2.84234e+06     fixed    
   2  tau          6.44047e+01   constant   
   3  A0           3.53388e-01     fixed    
   4  phi          4.11131e+00     fixed    
   5  R           -6.13016e+01   constant   
   6  A_CBO        3.95930e-04   1.14261e-03  -3.60317e-07   1.69844e+00
   7  w_CBO        2.32979e+00   3.23720e-03   2.74468e-06  -1.73441e+00
   8  phi_CBO      6.47686e+00   2.61064e+00  -1.52102e-02   4.38141e-04
   9  ANx2         6.64823e-04   constant   
  10  pNx2         9.66896e-01   constant   
  11  ANy1         0.00000e+00   constant   
  12  pNy1         0.00000e+00   constant   
  13  w_y          0.00000e+00   constant   
  14  ANy2         8.37111e-03     fixed    
  15  pNy2         5.88808e+00   constant   
  16  w_vw         1.43122e+01   constant   
  17  LM           1.40011e-04   constant   
  18  wCBO_expCoeff   2.04232e+02   8.38644e+00   1.01373e-02  -2.68034e-04
  19  wCBO_expOffset   2.00756e+02   1.27442e+00   1.54279e-03  -1.83865e-03
  20  wCBO_expT    2.97269e+01   4.10635e-01  -4.98461e-04  -2.93956e-02
  21  wCBO_linCoeff   0.00000e+00   constant   
  22  wCBO_const  -1.93924e-03   5.12035e-04  -6.65562e-07  -3.99308e+00
 EXTERNAL ERROR MATRIX.    NDIM=  25    NPAR=  7    ERR DEF=1
  1.306e-06 -1.977e-06 -1.374e-04 -5.318e-03 -8.078e-04  2.618e-04  3.392e-08 
 -1.977e-06  1.048e-05  7.020e-04  2.583e-02  3.925e-03 -1.275e-03 -1.249e-07 
 -1.374e-04  7.020e-04  6.815e+00  1.322e+00  1.989e-01 -6.538e-02  1.164e-04 
 -5.318e-03  2.583e-02  1.322e+00  7.033e+01  1.066e+01 -3.438e+00 -5.925e-04 
 -8.078e-04  3.925e-03  1.989e-01  1.066e+01  1.624e+00 -5.225e-01 -9.018e-05 
  2.618e-04 -1.275e-03 -6.538e-02 -3.438e+00 -5.225e-01  1.686e-01  2.365e-05 
  3.392e-08 -1.249e-07  1.164e-04 -5.925e-04 -9.018e-05  2.365e-05  2.622e-07 
 PARAMETER  CORRELATION COEFFICIENTS  
       NO.  GLOBAL      6      7      8     18     19     20     22
        6  0.56359   1.000 -0.534 -0.046 -0.555 -0.555  0.558  0.058
        7  0.97373  -0.534  1.000  0.083  0.952  0.951 -0.959 -0.075
        8  0.17749  -0.046  0.083  1.000  0.060  0.060 -0.061  0.087
       18  0.99902  -0.555  0.952  0.060  1.000  0.997 -0.998 -0.138
       19  0.99903  -0.555  0.951  0.060  0.997  1.000 -0.998 -0.138
       20  0.99966   0.558 -0.959 -0.061 -0.998 -0.998  1.000  0.112
       22  0.65867   0.058 -0.075  0.087 -0.138 -0.138  0.112  1.000
MINUIT - FIT ONLY 1-CBO
 **********
 **   29 **RES 
 **********
                   PARAMETER   14  ANy2 RESTORED TO VARIABLE.
                   PARAMETER    4  phi RESTORED TO VARIABLE.
                   PARAMETER    3  A0 RESTORED TO VARIABLE.
                   PARAMETER    1  N0 RESTORED TO VARIABLE.
 **********
 **   30 **FIX            0
 **********
 PARAMETER    0  IS UNDEFINED. IGNORED.
 **********
 **   31 **FIX            1
 **********
 **********
 **   32 **FIX            2
 **********
 PARAMETER    2  IS CONSTANT.   IGNORED.
 **********
 **   33 **FIX            3
 **********
 **********
 **   34 **FIX            4
 **********
 **********
 **   35 **FIX            8
 **********
 **********
 **   36 **FIX            9
 **********
 PARAMETER    9  IS CONSTANT.   IGNORED.
 **********
 **   37 **FIX           11
 **********
 PARAMETER   11  IS CONSTANT.   IGNORED.
 **********
 **   38 **FIX           12
 **********
 PARAMETER   12  IS CONSTANT.   IGNORED.
 **********
 **   39 **FIX           13
 **********
 PARAMETER   13  IS CONSTANT.   IGNORED.
 **********
 **   40 **FIX           15
 **********
 PARAMETER   15  IS CONSTANT.   IGNORED.
 **********
 **   41 **FIX           16
 **********
 PARAMETER   16  IS CONSTANT.   IGNORED.
 **********
 **   42 **MIGRAD
 **********
 START MIGRAD MINIMIZATION.  STRATEGY  1.  CONVERGENCE WHEN EDM .LT. 1.00e-04
 FCN=350.449 FROM MIGRAD    STATUS=INITIATE       16 CALLS         481 TOTAL
                     EDM= unknown      STRATEGY= 1      NO ERROR MATRIX       
  EXT PARAMETER               CURRENT GUESS       STEP         FIRST   
  NO.   NAME      VALUE            ERROR          SIZE      DERIVATIVE 
   1  N0           2.84234e+06     fixed    
   2  tau          6.44047e+01   constant   
   3  A0           3.53388e-01     fixed    
   4  phi          4.11131e+00     fixed    
   5  R           -6.13016e+01   constant   
   6  A_CBO        3.95930e-04   1.14261e-03  -3.60317e-07   1.69844e+00
   7  w_CBO        2.32979e+00   3.23720e-03   2.74468e-06  -1.73441e+00
   8  phi_CBO      6.47686e+00     fixed    
   9  ANx2         6.64823e-04   constant   
  10  pNx2         9.66896e-01   constant   
  11  ANy1         0.00000e+00   constant   
  12  pNy1         0.00000e+00   constant   
  13  w_y          0.00000e+00   constant   
  14  ANy2         8.37111e-03   1.00000e-04   1.00000e-04   1.51266e+04
  15  pNy2         5.88808e+00   constant   
  16  w_vw         1.43122e+01   constant   
  17  LM           1.40011e-04   constant   
  18  wCBO_expCoeff   2.04232e+02   8.38644e+00   1.01373e-02  -2.68034e-04
  19  wCBO_expOffset   2.00756e+02   1.27442e+00   1.54279e-03  -1.83865e-03
  20  wCBO_expT    2.97269e+01   4.10635e-01  -4.98461e-04  -2.93956e-02
  21  wCBO_linCoeff   0.00000e+00   constant   
  22  wCBO_const  -1.93924e-03   5.12035e-04  -6.65562e-07  -3.99308e+00
 MIGRAD MINIMIZATION HAS CONVERGED.
 MIGRAD WILL VERIFY CONVERGENCE AND ERROR MATRIX.
 FCN=293.317 FROM MIGRAD    STATUS=CONVERGED     119 CALLS         584 TOTAL
                     EDM=2.2873e-05    STRATEGY= 1      ERR MATRIX NOT POS-DEF
  EXT PARAMETER                APPROXIMATE        STEP         FIRST   
  NO.   NAME      VALUE            ERROR          SIZE      DERIVATIVE 
   1  N0           2.84234e+06     fixed    
   2  tau          6.44047e+01   constant   
   3  A0           3.53388e-01     fixed    
   4  phi          4.11131e+00     fixed    
   5  R           -6.13016e+01   constant   
   6  A_CBO        3.85555e-04   1.02726e-03   8.20384e-06   3.15554e+00
   7  w_CBO        2.32981e+00   1.23913e-02   9.25397e-06  -7.30687e-01
   8  phi_CBO      6.47686e+00     fixed    
   9  ANx2         6.64823e-04   constant   
  10  pNx2         9.66896e-01   constant   
  11  ANy1         0.00000e+00   constant   
  12  pNy1         0.00000e+00   constant   
  13  w_y          0.00000e+00   constant   
  14  ANy2         8.15823e-04   9.97637e-04   8.37051e-06  -2.26570e-01
  15  pNy2         5.88808e+00   constant   
  16  w_vw         1.43122e+01   constant   
  17  LM           1.40011e-04   constant   
  18  wCBO_expCoeff   2.04195e+02   8.19467e+00   6.09991e-03  -2.04559e-03
  19  wCBO_expOffset   2.00751e+02   1.19367e+00   8.87898e-04  -1.40515e-02
  20  wCBO_expT    2.97261e+01   1.72701e-01   1.33052e-04  -1.30094e-01
  21  wCBO_linCoeff   0.00000e+00   constant   
  22  wCBO_const  -1.92275e-03   5.30018e-03   4.38004e-06  -1.28711e+00
 EXTERNAL ERROR MATRIX.    NDIM=  25    NPAR=  7    ERR DEF=1
  1.055e-06 -3.170e-07  4.532e-09 -8.884e-04 -1.297e-04  4.641e-05 -6.758e-08 
 -3.170e-07  1.535e-04 -1.410e-09 -3.264e-03 -4.803e-04 -1.722e-04 -6.477e-05 
  4.532e-09 -1.410e-09  9.953e-07  2.143e-05  3.139e-06 -2.387e-07 -5.817e-09 
 -8.884e-04 -3.264e-03  2.143e-05  6.715e+01 -5.789e+00 -6.254e-01  3.063e-03 
 -1.297e-04 -4.803e-04  3.139e-06 -5.789e+00  1.425e+00 -9.131e-02  4.486e-04 
  4.641e-05 -1.722e-04 -2.387e-07 -6.254e-01 -9.131e-02  2.983e-02 -1.791e-05 
 -6.758e-08 -6.477e-05 -5.817e-09  3.063e-03  4.486e-04 -1.791e-05  2.809e-05 
ERR MATRIX NOT POS-DEF
 PARAMETER  CORRELATION COEFFICIENTS  
       NO.  GLOBAL      6      7     14     18     19     20     22
        6  0.30943   1.000 -0.025  0.004 -0.106 -0.106  0.262 -0.012
        7  0.99606  -0.025  1.000 -0.000 -0.032 -0.032 -0.080 -0.986
       14  0.03676   0.004 -0.000  1.000  0.003  0.003 -0.001 -0.001
       18  0.99607  -0.106 -0.032  0.003  1.000 -0.592 -0.442  0.071
       19  0.99607  -0.106 -0.032  0.003 -0.592  1.000 -0.443  0.071
       20  0.99578   0.262 -0.080 -0.001 -0.442 -0.443  1.000 -0.020
       22  0.99518  -0.012 -0.986 -0.001  0.071  0.071 -0.020  1.000
 ERR MATRIX NOT POS-DEF
MINUIT - FIT ONLY 2-CBO
 **********
 **   43 **RES 
 **********
                   PARAMETER    8  phi_CBO RESTORED TO VARIABLE.
                   PARAMETER    4  phi RESTORED TO VARIABLE.
                   PARAMETER    3  A0 RESTORED TO VARIABLE.
                   PARAMETER    1  N0 RESTORED TO VARIABLE.
 **********
 **   44 **FIX            0
 **********
 PARAMETER    0  IS UNDEFINED. IGNORED.
 **********
 **   45 **FIX            1
 **********
 **********
 **   46 **FIX            2
 **********
 PARAMETER    2  IS CONSTANT.   IGNORED.
 **********
 **   47 **FIX            3
 **********
 **********
 **   48 **FIX            4
 **********
 **********
 **   49 **FIX            5
 **********
 PARAMETER    5  IS CONSTANT.   IGNORED.
 **********
 **   50 **FIX            6
 **********
 **********
 **   51 **FIX            7
 **********
 **********
 **   52 **FIX           10
 **********
 PARAMETER   10  IS CONSTANT.   IGNORED.
 **********
 **   53 **FIX           11
 **********
 PARAMETER   11  IS CONSTANT.   IGNORED.
 **********
 **   54 **FIX           12
 **********
 PARAMETER   12  IS CONSTANT.   IGNORED.
 **********
 **   55 **FIX           13
 **********
 PARAMETER   13  IS CONSTANT.   IGNORED.
 **********
 **   56 **FIX           14
 **********
 **********
 **   57 **FIX           15
 **********
 PARAMETER   15  IS CONSTANT.   IGNORED.
 **********
 **   58 **FIX           16
 **********
 PARAMETER   16  IS CONSTANT.   IGNORED.
 **********
 **   59 **MIGRAD
 **********
 START MIGRAD MINIMIZATION.  STRATEGY  1.  CONVERGENCE WHEN EDM .LT. 1.00e-04
 FCN=293.317 FROM MIGRAD    STATUS=INITIATE       10 CALLS         594 TOTAL
                     EDM= unknown      STRATEGY= 1      NO ERROR MATRIX       
  EXT PARAMETER               CURRENT GUESS       STEP         FIRST   
  NO.   NAME      VALUE            ERROR          SIZE      DERIVATIVE 
   1  N0           2.84234e+06     fixed    
   2  tau          6.44047e+01   constant   
   3  A0           3.53388e-01     fixed    
   4  phi          4.11131e+00     fixed    
   5  R           -6.13016e+01   constant   
   6  A_CBO        3.85555e-04     fixed    
   7  w_CBO        2.32981e+00     fixed    
   8  phi_CBO      6.47686e+00   2.61064e+00   2.61064e+00   3.38004e-02
   9  ANx2         6.64823e-04   constant   
  10  pNx2         9.66896e-01   constant   
  11  ANy1         0.00000e+00   constant   
  12  pNy1         0.00000e+00   constant   
  13  w_y          0.00000e+00   constant   
  14  ANy2         8.15823e-04     fixed    
  15  pNy2         5.88808e+00   constant   
  16  w_vw         1.43122e+01   constant   
  17  LM           1.40011e-04   constant   
  18  wCBO_expCoeff   2.04195e+02   8.19467e+00   6.09991e-03  -2.04668e-03
  19  wCBO_expOffset   2.00751e+02   1.19367e+00   8.87898e-04  -1.40567e-02
  20  wCBO_expT    2.97261e+01   1.72701e-01   1.33052e-04  -1.30133e-01
  21  wCBO_linCoeff   0.00000e+00   constant   
  22  wCBO_const  -1.92275e-03   5.30018e-03   4.38004e-06  -1.28516e+00
 MIGRAD MINIMIZATION HAS CONVERGED.
 MIGRAD WILL VERIFY CONVERGENCE AND ERROR MATRIX.
 COVARIANCE MATRIX CALCULATED SUCCESSFULLY
 FCN=293.315 FROM HESSE     STATUS=OK             31 CALLS         648 TOTAL
                     EDM=0.00010769    STRATEGY= 1      ERROR MATRIX ACCURATE 
  EXT PARAMETER                                   STEP         FIRST   
  NO.   NAME      VALUE            ERROR          SIZE      DERIVATIVE 
   1  N0           2.84234e+06     fixed    
   2  tau          6.44047e+01   constant   
   3  A0           3.53388e-01     fixed    
   4  phi          4.11131e+00     fixed    
   5  R           -6.13016e+01   constant   
   6  A_CBO        3.85555e-04     fixed    
   7  w_CBO        2.32981e+00     fixed    
   8  phi_CBO      6.35116e+00   2.71550e+00   2.21886e-02  -6.06514e-04
   9  ANx2         6.64823e-04   constant   
  10  pNx2         9.66896e-01   constant   
  11  ANy1         0.00000e+00   constant   
  12  pNy1         0.00000e+00   constant   
  13  w_y          0.00000e+00   constant   
  14  ANy2         8.15823e-04     fixed    
  15  pNy2         5.88808e+00   constant   
  16  w_vw         1.43122e+01   constant   
  17  LM           1.40011e-04   constant   
  18  wCBO_expCoeff   2.04193e+02   3.97649e+01   6.09269e-03   7.29579e-04
  19  wCBO_expOffset   2.00751e+02   5.79952e+00   8.86939e-04   5.01168e-03
  20  wCBO_expT    2.97261e+01   3.35719e-01   1.32853e-04  -2.66891e-02
  21  wCBO_linCoeff   0.00000e+00   constant   
  22  wCBO_const  -1.92394e-03   1.21043e-03   4.36031e-06   1.31576e+00
 MIGRAD MINIMIZATION HAS CONVERGED.
 FCN=293.315 FROM MIGRAD    STATUS=CONVERGED      76 CALLS         660 TOTAL
                     EDM=1.06219e-08    STRATEGY= 1  ERROR MATRIX UNCERTAINTY   0.1 per cent
  EXT PARAMETER                                   STEP         FIRST   
  NO.   NAME      VALUE            ERROR          SIZE      DERIVATIVE 
   1  N0           2.84234e+06     fixed    
   2  tau          6.44047e+01   constant   
   3  A0           3.53388e-01     fixed    
   4  phi          4.11131e+00     fixed    
   5  R           -6.13016e+01   constant   
   6  A_CBO        3.85555e-04     fixed    
   7  w_CBO        2.32981e+00     fixed    
   8  phi_CBO      6.35179e+00   2.71520e+00   6.28907e-04   6.18390e-05
   9  ANx2         6.64823e-04   constant   
  10  pNx2         9.66896e-01   constant   
  11  ANy1         0.00000e+00   constant   
  12  pNy1         0.00000e+00   constant   
  13  w_y          0.00000e+00   constant   
  14  ANy2         8.15823e-04     fixed    
  15  pNy2         5.88808e+00   constant   
  16  w_vw         1.43122e+01   constant   
  17  LM           1.40011e-04   constant   
  18  wCBO_expCoeff   2.04112e+02   3.98339e+01  -8.11952e-02  -2.01831e-04
  19  wCBO_expOffset   2.00738e+02   5.81258e+00  -1.24937e-02  -1.38332e-03
  20  wCBO_expT    2.97300e+01   3.55576e-01   3.88838e-03  -9.40274e-03
  21  wCBO_linCoeff   0.00000e+00   constant   
  22  wCBO_const  -1.93546e-03   1.25873e-03  -1.15200e-05  -2.22168e-01
 EXTERNAL ERROR MATRIX.    NDIM=  25    NPAR=  5    ERR DEF=1
  7.372e+00  1.259e+00  1.961e-01 -5.253e-02  2.176e-04 
  1.259e+00  1.587e+03 -2.145e+02 -2.629e+00  7.475e-03 
  1.961e-01 -2.145e+02  3.379e+01 -4.079e-01  1.156e-03 
 -5.253e-02 -2.629e+00 -4.079e-01  1.264e-01 -3.699e-04 
  2.176e-04  7.475e-03  1.156e-03 -3.699e-04  1.584e-06 
 PARAMETER  CORRELATION COEFFICIENTS  
       NO.  GLOBAL      8     18     19     20     22
        8  0.21301   1.000  0.012  0.012 -0.054  0.064
       18  0.99983   0.012  1.000 -0.926 -0.186  0.149
       19  0.99983   0.012 -0.926  1.000 -0.197  0.158
       20  0.99900  -0.054 -0.186 -0.197  1.000 -0.826
       22  0.91053   0.064  0.149  0.158 -0.826  1.000
MINUIT - FIT ONLY 1-y
 **********
 **   60 **RES 
 **********
                   PARAMETER   14  ANy2 RESTORED TO VARIABLE.
                   PARAMETER    7  w_CBO RESTORED TO VARIABLE.
                   PARAMETER    6  A_CBO RESTORED TO VARIABLE.
                   PARAMETER    4  phi RESTORED TO VARIABLE.
                   PARAMETER    3  A0 RESTORED TO VARIABLE.
                   PARAMETER    1  N0 RESTORED TO VARIABLE.
 **********
 **   61 **FIX            0
 **********
 PARAMETER    0  IS UNDEFINED. IGNORED.
 **********
 **   62 **FIX            1
 **********
 **********
 **   63 **FIX            2
 **********
 PARAMETER    2  IS CONSTANT.   IGNORED.
 **********
 **   64 **FIX            3
 **********
 **********
 **   65 **FIX            4
 **********
 **********
 **   66 **FIX            5
 **********
 PARAMETER    5  IS CONSTANT.   IGNORED.
 **********
 **   67 **FIX            6
 **********
 **********
 **   68 **FIX            7
 **********
 **********
 **   69 **FIX            8
 **********
 **********
 **   70 **FIX            9
 **********
 PARAMETER    9  IS CONSTANT.   IGNORED.
 **********
 **   71 **FIX           13
 **********
 PARAMETER   13  IS CONSTANT.   IGNORED.
 **********
 **   72 **FIX           14
 **********
 **********
 **   73 **FIX           15
 **********
 PARAMETER   15  IS CONSTANT.   IGNORED.
 **********
 **   74 **FIX           16
 **********
 PARAMETER   16  IS CONSTANT.   IGNORED.
 **********
 **   75 **MIGRAD
 **********
 START MIGRAD MINIMIZATION.  STRATEGY  1.  CONVERGENCE WHEN EDM .LT. 1.00e-04
 FCN=293.315 FROM MIGRAD    STATUS=INITIATE        8 CALLS         668 TOTAL
                     EDM= unknown      STRATEGY= 1      NO ERROR MATRIX       
  EXT PARAMETER               CURRENT GUESS       STEP         FIRST   
  NO.   NAME      VALUE            ERROR          SIZE      DERIVATIVE 
   1  N0           2.84234e+06     fixed    
   2  tau          6.44047e+01   constant   
   3  A0           3.53388e-01     fixed    
   4  phi          4.11131e+00     fixed    
   5  R           -6.13016e+01   constant   
   6  A_CBO        3.85555e-04     fixed    
   7  w_CBO        2.32981e+00     fixed    
   8  phi_CBO      6.35179e+00     fixed    
   9  ANx2         6.64823e-04   constant   
  10  pNx2         9.66896e-01   constant   
  11  ANy1         0.00000e+00   constant   
  12  pNy1         0.00000e+00   constant   
  13  w_y          0.00000e+00   constant   
  14  ANy2         8.15823e-04     fixed    
  15  pNy2         5.88808e+00   constant   
  16  w_vw         1.43122e+01   constant   
  17  LM           1.40011e-04   constant   
  18  wCBO_expCoeff   2.04112e+02   3.98339e+01  -8.11952e-02  -2.01832e-04
  19  wCBO_expOffset   2.00738e+02   5.81258e+00  -1.24937e-02  -1.38332e-03
  20  wCBO_expT    2.97300e+01   3.55576e-01   3.88838e-03  -9.40274e-03
  21  wCBO_linCoeff   0.00000e+00   constant   
  22  wCBO_const  -1.93546e-03   1.25873e-03  -1.15200e-05  -2.22164e-01
 MIGRAD MINIMIZATION HAS CONVERGED.
 MIGRAD WILL VERIFY CONVERGENCE AND ERROR MATRIX.
 COVARIANCE MATRIX CALCULATED SUCCESSFULLY
 FCN=293.315 FROM MIGRAD    STATUS=CONVERGED      49 CALLS         709 TOTAL
                     EDM=4.28197e-10    STRATEGY= 1      ERROR MATRIX ACCURATE 
  EXT PARAMETER                                   STEP         FIRST   
  NO.   NAME      VALUE            ERROR          SIZE      DERIVATIVE 
   1  N0           2.84234e+06     fixed    
   2  tau          6.44047e+01   constant   
   3  A0           3.53388e-01     fixed    
   4  phi          4.11131e+00     fixed    
   5  R           -6.13016e+01   constant   
   6  A_CBO        3.85555e-04     fixed    
   7  w_CBO        2.32981e+00     fixed    
   8  phi_CBO      6.35179e+00     fixed    
   9  ANx2         6.64823e-04   constant   
  10  pNx2         9.66896e-01   constant   
  11  ANy1         0.00000e+00   constant   
  12  pNy1         0.00000e+00   constant   
  13  w_y          0.00000e+00   constant   
  14  ANy2         8.15823e-04     fixed    
  15  pNy2         5.88808e+00   constant   
  16  w_vw         1.43122e+01   constant   
  17  LM           1.40011e-04   constant   
  18  wCBO_expCoeff   2.04112e+02   7.74280e+01   6.08772e-03  -4.65935e-07
  19  wCBO_expOffset   2.00738e+02   1.13035e+01   8.86710e-04  -3.20209e-06
  20  wCBO_expT    2.97300e+01   3.48891e-01   1.32850e-04  -9.26618e-05
  21  wCBO_linCoeff   0.00000e+00   constant   
  22  wCBO_const  -1.93545e-03   1.24132e-03   4.36387e-06   3.69611e-03
 EXTERNAL ERROR MATRIX.    NDIM=  25    NPAR=  4    ERR DEF=1
  5.995e+03 -8.588e+02 -2.295e+00  6.545e-03 
 -8.588e+02  1.278e+02 -4.266e-01  1.200e-03 
 -2.295e+00 -4.266e-01  1.217e-01 -3.555e-04 
  6.545e-03  1.200e-03 -3.555e-04  1.541e-06 
 PARAMETER  CORRELATION COEFFICIENTS  
       NO.  GLOBAL     18     19     20     22
       18  0.99996   1.000 -0.981 -0.085  0.068
       19  0.99996  -0.981  1.000 -0.108  0.086
       20  0.99897  -0.085 -0.108  1.000 -0.821
       22  0.90767   0.068  0.086 -0.821  1.000
MINUIT - FIT ONLY 2-y
 **********
 **   76 **RES 
 **********
                   PARAMETER   14  ANy2 RESTORED TO VARIABLE.
                   PARAMETER    8  phi_CBO RESTORED TO VARIABLE.
                   PARAMETER    7  w_CBO RESTORED TO VARIABLE.
                   PARAMETER    6  A_CBO RESTORED TO VARIABLE.
                   PARAMETER    4  phi RESTORED TO VARIABLE.
                   PARAMETER    3  A0 RESTORED TO VARIABLE.
                   PARAMETER    1  N0 RESTORED TO VARIABLE.
 **********
 **   77 **FIX            0
 **********
 PARAMETER    0  IS UNDEFINED. IGNORED.
 **********
 **   78 **FIX            1
 **********
 **********
 **   79 **FIX            2
 **********
 PARAMETER    2  IS CONSTANT.   IGNORED.
 **********
 **   80 **FIX            3
 **********
 **********
 **   81 **FIX            4
 **********
 **********
 **   82 **FIX            5
 **********
 PARAMETER    5  IS CONSTANT.   IGNORED.
 **********
 **   83 **FIX            6
 **********
 **********
 **   84 **FIX            7
 **********
 **********
 **   85 **FIX            8
 **********
 **********
 **   86 **FIX            9
 **********
 PARAMETER    9  IS CONSTANT.   IGNORED.
 **********
 **   87 **FIX           10
 **********
 PARAMETER   10  IS CONSTANT.   IGNORED.
 **********
 **   88 **FIX           11
 **********
 PARAMETER   11  IS CONSTANT.   IGNORED.
 **********
 **   89 **FIX           12
 **********
 PARAMETER   12  IS CONSTANT.   IGNORED.
 **********
 **   90 **FIX           16
 **********
 PARAMETER   16  IS CONSTANT.   IGNORED.
 **********
 **   91 **MIGRAD
 **********
 START MIGRAD MINIMIZATION.  STRATEGY  1.  CONVERGENCE WHEN EDM .LT. 1.00e-04
 FCN=293.315 FROM MIGRAD    STATUS=INITIATE       10 CALLS         719 TOTAL
                     EDM= unknown      STRATEGY= 1      NO ERROR MATRIX       
  EXT PARAMETER               CURRENT GUESS       STEP         FIRST   
  NO.   NAME      VALUE            ERROR          SIZE      DERIVATIVE 
   1  N0           2.84234e+06     fixed    
   2  tau          6.44047e+01   constant   
   3  A0           3.53388e-01     fixed    
   4  phi          4.11131e+00     fixed    
   5  R           -6.13016e+01   constant   
   6  A_CBO        3.85555e-04     fixed    
   7  w_CBO        2.32981e+00     fixed    
   8  phi_CBO      6.35179e+00     fixed    
   9  ANx2         6.64823e-04   constant   
  10  pNx2         9.66896e-01   constant   
  11  ANy1         0.00000e+00   constant   
  12  pNy1         0.00000e+00   constant   
  13  w_y          0.00000e+00   constant   
  14  ANy2         8.15823e-04   9.97637e-04   9.97637e-04   8.72518e-01
  15  pNy2         5.88808e+00   constant   
  16  w_vw         1.43122e+01   constant   
  17  LM           1.40011e-04   constant   
  18  wCBO_expCoeff   2.04112e+02   7.74280e+01   6.08772e-03  -4.52828e-07
  19  wCBO_expOffset   2.00738e+02   1.13035e+01   8.86710e-04  -2.72979e-06
  20  wCBO_expT    2.97300e+01   3.48891e-01   1.32850e-04  -9.14862e-05
  21  wCBO_linCoeff   0.00000e+00   constant   
  22  wCBO_const  -1.93545e-03   1.24132e-03   4.36387e-06   4.07780e-03
 MIGRAD MINIMIZATION HAS CONVERGED.
 MIGRAD WILL VERIFY CONVERGENCE AND ERROR MATRIX.
 COVARIANCE MATRIX CALCULATED SUCCESSFULLY
 FCN=293.315 FROM MIGRAD    STATUS=CONVERGED      54 CALLS         763 TOTAL
                     EDM=1.27281e-09    STRATEGY= 1      ERROR MATRIX ACCURATE 
  EXT PARAMETER                                   STEP         FIRST   
  NO.   NAME      VALUE            ERROR          SIZE      DERIVATIVE 
   1  N0           2.84234e+06     fixed    
   2  tau          6.44047e+01   constant   
   3  A0           3.53388e-01     fixed    
   4  phi          4.11131e+00     fixed    
   5  R           -6.13016e+01   constant   
   6  A_CBO        3.85555e-04     fixed    
   7  w_CBO        2.32981e+00     fixed    
   8  phi_CBO      6.35179e+00     fixed    
   9  ANx2         6.64823e-04   constant   
  10  pNx2         9.66896e-01   constant   
  11  ANy1         0.00000e+00   constant   
  12  pNy1         0.00000e+00   constant   
  13  w_y          0.00000e+00   constant   
  14  ANy2         8.15387e-04   1.00003e-03   8.37045e-06  -3.92178e-05
  15  pNy2         5.88808e+00   constant   
  16  w_vw         1.43122e+01   constant   
  17  LM           1.40011e-04   constant   
  18  wCBO_expCoeff   2.04112e+02   7.69231e+01   6.08766e-03   4.56781e-05
  19  wCBO_expOffset   2.00738e+02   1.12296e+01   8.86701e-04   3.13699e-04
  20  wCBO_expT    2.97300e+01   3.48839e-01   1.32849e-04   1.94660e-03
  21  wCBO_linCoeff   0.00000e+00   constant   
  22  wCBO_const  -1.93545e-03   1.24116e-03   4.36385e-06   3.15303e-02
 EXTERNAL ERROR MATRIX.    NDIM=  25    NPAR=  5    ERR DEF=1
  1.000e-06  6.797e-05  1.376e-05 -2.989e-06  1.101e-09 
  6.797e-05  5.917e+03 -8.474e+02 -2.301e+00  6.562e-03 
  1.376e-05 -8.474e+02  1.261e+02 -4.255e-01  1.197e-03 
 -2.989e-06 -2.301e+00 -4.255e-01  1.217e-01 -3.554e-04 
  1.101e-09  6.562e-03  1.197e-03 -3.554e-04  1.540e-06 
 PARAMETER  CORRELATION COEFFICIENTS  
       NO.  GLOBAL     14     18     19     20     22
       14  0.03957   1.000  0.001  0.001 -0.009  0.001
       18  0.99996   0.001  1.000 -0.981 -0.086  0.069
       19  0.99996   0.001 -0.981  1.000 -0.109  0.086
       20  0.99897  -0.009 -0.086 -0.109  1.000 -0.821
       22  0.90765   0.001  0.069  0.086 -0.821  1.000
MINUIT - FIT ALTOGETHER
 **********
 **   92 **RES 
 **********
                   PARAMETER    8  phi_CBO RESTORED TO VARIABLE.
                   PARAMETER    7  w_CBO RESTORED TO VARIABLE.
                   PARAMETER    6  A_CBO RESTORED TO VARIABLE.
                   PARAMETER    4  phi RESTORED TO VARIABLE.
                   PARAMETER    3  A0 RESTORED TO VARIABLE.
                   PARAMETER    1  N0 RESTORED TO VARIABLE.
 **********
 **   93 **MIGRAD
 **********
 START MIGRAD MINIMIZATION.  STRATEGY  1.  CONVERGENCE WHEN EDM .LT. 1.00e-04
