 + ++++++++++++++++++++++++++++++++++++++++++++++++++++++++++++++++++++ +
 +                                                                      +
 +           You have chose to blind your fitting according to          +
 +                omega_ref * (1 + (R +/- deltaR) *10^{-6})             +
 +                                                                      +
 + ++++++++++++++++++++++++++++++++++++++++++++++++++++++++++++++++++++ +
In main()...
reading format from /gm2data/zkhechad/run45/envelope/formats/formatB_sBin_constraintOn.txt
pBinTau 	= 0  
pBinPhi 	= 0  
constraintau 	= 1 
includeMopTerm 	= 0    
constrainMop    = 0   
Parameters after format file: pBinTau 0 pBinPhi 0 constraintau 1 includeMopTerm 0 constrainMop 0 c_e_scale 0.000000 
reading cbo reference file (full fit) from /gm2data/zkhechad/cboTemplates/Run4CBOTemplates/fullFits/run4/sBin_constraintOn_cE0.0_seed0_run4_calo18.root
A_CBO 0.008791 w_CBO 2.327338 phi_CBO 0.630678 N0 3499835.498759 R -60.917989 tau 64.411905 
Reading cboRef file /gm2data/zkhechad/cboTemplates/Run4CBOTemplates//cboIsolate/run4_calo18.root
deltaT 9.517487
windowBins = 120
fitting sliding window 280 from bin 483 at 72.063600 to bin 603 at 89.967600 (120 bins)

Reading data from /gm2data/cornell/histograms/aMethod/histogram_a_run4.root
fitting cbo isolate
 **********
 **    1 **SET PRINTOUT            1
 **********
 **********
 **    2 **SET NOWARNINGS 
 **********
 PARAMETER DEFINITIONS:
    NO.   NAME         VALUE      STEP SIZE      LIMITS
     1 A_CBO        8.79094e-03  1.00000e-05     no limits
     2 w_CBO        2.32734e+00  1.00000e-02    2.00000e+00  3.00000e+00
     3 phi_CBO      6.30678e-01  1.00000e-02    0.00000e+00  6.28319e+00
 **********
 **    3 **MIGRAD
 **********
 FIRST CALL TO USER FUNCTION AT NEW START POINT, WITH IFLAG=4.
 START MIGRAD MINIMIZATION.  STRATEGY  1.  CONVERGENCE WHEN EDM .LT. 1.00e-04
 FCN=0.000359418 FROM MIGRAD    STATUS=INITIATE       10 CALLS          11 TOTAL
                     EDM= unknown      STRATEGY= 1      NO ERROR MATRIX       
  EXT PARAMETER               CURRENT GUESS       STEP         FIRST   
  NO.   NAME      VALUE            ERROR          SIZE      DERIVATIVE 
   1  A_CBO        8.79094e-03   1.00000e-05   1.00000e-05   2.68099e-01
   2  w_CBO        2.32734e+00   1.00000e-02   2.13132e-02  -6.27060e-03
   3  phi_CBO      6.30678e-01   1.00000e-02   5.29649e-03   2.96853e-04
 MIGRAD MINIMIZATION HAS CONVERGED.
 MIGRAD WILL VERIFY CONVERGENCE AND ERROR MATRIX.
 FCN=6.06249e-05 FROM MIGRAD    STATUS=CONVERGED      43 CALLS          44 TOTAL
                     EDM=2.39694e-06    STRATEGY= 1      ERR MATRIX NOT POS-DEF
  EXT PARAMETER                APPROXIMATE        STEP         FIRST   
  NO.   NAME      VALUE            ERROR          SIZE      DERIVATIVE 
   1  A_CBO        6.55496e-03   1.29793e-01   6.29340e-05  -1.91312e-03
   2  w_CBO        2.32746e+00   5.99853e-01   2.53834e-04  -1.04793e-04
   3  phi_CBO      6.22780e-01   5.10600e+00   5.22952e-03  -8.11665e-06
 EXTERNAL ERROR MATRIX.    NDIM=  25    NPAR=  3    ERR DEF=1
  1.685e-02 -6.776e-02 -5.512e+00 
 -6.776e-02  1.493e+01  1.202e+03 
 -5.512e+00  1.202e+03  9.719e+04 
ERR MATRIX NOT POS-DEF
 PARAMETER  CORRELATION COEFFICIENTS  
       NO.  GLOBAL      1      2      3
        1  0.13685   1.000 -0.135 -0.136
        2  0.99800  -0.135  1.000  0.998
        3  0.99801  -0.136  0.998  1.000
 ERR MATRIX NOT POS-DEF
setting A_CBO=0.006555 w_CBO=2.327459, phi_CBO=0.622780
done fitting cbo isolate
 **********
 **    1 **SET PRINTOUT            1
 **********
 **********
 **    2 **SET NOWARNINGS 
 **********
 PARAMETER DEFINITIONS:
    NO.   NAME         VALUE      STEP SIZE      LIMITS
     1 N0           3.49984e+06  1.00000e+02     no limits
     2 tau          6.44119e+01  constant
     3 A0           3.53539e-01  1.00000e-04     no limits
     4 phi          4.12187e+00  1.00000e-02     no limits
     5 R           -6.09180e+01  constant
     6 A_CBO        6.55496e-03  1.00000e-05     no limits
     7 w_CBO        2.32746e+00  1.00000e-03     no limits
     8 phi_CBO      6.22780e-01  1.00000e-04     no limits
     9 ANx2         2.22853e-04  constant
    10 pNx2         5.08518e+00  constant
    11 ANy1         0.00000e+00  constant
    12 pNy1         0.00000e+00  constant
    13 w_y          0.00000e+00  constant
    14 ANy2         9.04789e-03  1.00000e-04     no limits
    15 pNy2         3.29982e+00  constant
    16 w_vw         1.43191e+01  constant
    17 LM           2.21951e-04  constant
    18 wCBO_expCoeff   2.00000e+02  1.00000e+00     no limits
    19 wCBO_expOffset   2.00000e+02  1.00000e+00     no limits
    20 wCBO_expT    3.00000e+01  1.00000e+00     no limits
    21 wCBO_linCoeff   0.00000e+00  constant
    22 wCBO_const   0.00000e+00  1.00000e-02     no limits
MINUIT - FIT ONLY WIGGLE
 **********
 **    3 **FIX            5
 **********
 PARAMETER    5  IS CONSTANT.   IGNORED.
 **********
 **    4 **FIX            6
 **********
 **********
 **    5 **FIX            7
 **********
 **********
 **    6 **FIX            8
 **********
 **********
 **    7 **FIX            9
 **********
 PARAMETER    9  IS CONSTANT.   IGNORED.
 **********
 **    8 **FIX           10
 **********
 PARAMETER   10  IS CONSTANT.   IGNORED.
 **********
 **    9 **FIX           11
 **********
 PARAMETER   11  IS CONSTANT.   IGNORED.
 **********
 **   10 **FIX           12
 **********
 PARAMETER   12  IS CONSTANT.   IGNORED.
 **********
 **   11 **FIX           13
 **********
 PARAMETER   13  IS CONSTANT.   IGNORED.
 **********
 **   12 **FIX           14
 **********
 **********
 **   13 **FIX           15
 **********
 PARAMETER   15  IS CONSTANT.   IGNORED.
 **********
 **   14 **FIX           16
 **********
 PARAMETER   16  IS CONSTANT.   IGNORED.
 **********
 **   15 **MIGRAD
 **********
 FIRST CALL TO USER FUNCTION AT NEW START POINT, WITH IFLAG=4.
 START MIGRAD MINIMIZATION.  STRATEGY  1.  CONVERGENCE WHEN EDM .LT. 1.00e-04
 FCN=5389.02 FROM MIGRAD    STATUS=INITIATE       63 CALLS          64 TOTAL
                     EDM= unknown      STRATEGY= 1      NO ERROR MATRIX       
  EXT PARAMETER               CURRENT GUESS       STEP         FIRST   
  NO.   NAME      VALUE            ERROR          SIZE      DERIVATIVE 
   1  N0           3.49984e+06   1.00000e+02  -0.00000e+00   1.21622e-02
   2  tau          6.44119e+01   constant   
   3  A0           3.53539e-01   1.00000e-04  -0.00000e+00   5.52049e+04
   4  phi          4.12187e+00   1.00000e-02  -0.00000e+00  -1.08930e+04
   5  R           -6.09180e+01   constant   
   6  A_CBO        6.55496e-03     fixed    
   7  w_CBO        2.32746e+00     fixed    
   8  phi_CBO      6.22780e-01     fixed    
   9  ANx2         2.22853e-04   constant   
  10  pNx2         5.08518e+00   constant   
  11  ANy1         0.00000e+00   constant   
  12  pNy1         0.00000e+00   constant   
  13  w_y          0.00000e+00   constant   
  14  ANy2         9.04789e-03     fixed    
  15  pNy2         3.29982e+00   constant   
  16  w_vw         1.43191e+01   constant   
  17  LM           2.21951e-04   constant   
  18  wCBO_expCoeff   2.00000e+02   1.00000e+00   1.38077e-04  -4.09099e+06
  19  wCBO_expOffset   2.00000e+02   1.00000e+00  -0.00000e+00  -2.15568e+06
  20  wCBO_expT    3.00000e+01   1.00000e+00  -0.00000e+00  -1.21293e+07
  21  wCBO_linCoeff   0.00000e+00   constant   
  22  wCBO_const   0.00000e+00   1.00000e-02  -0.00000e+00  -9.21848e+04
 MIGRAD FAILS TO FIND IMPROVEMENT
 FCN=5306.15 FROM HESSE     STATUS=NOT POSDEF     56 CALLS         202 TOTAL
                     EDM=8730.38    STRATEGY= 1      ERR MATRIX NOT POS-DEF
  EXT PARAMETER                APPROXIMATE        STEP         FIRST   
  NO.   NAME      VALUE            ERROR          SIZE      DERIVATIVE 
   1  N0           3.49968e+06   1.00895e+03   1.33437e+01   1.15674e-02
   2  tau          6.44119e+01   constant   
   3  A0           3.53484e-01   1.45478e-03   5.14396e-06   1.43812e+03
   4  phi          4.12200e+00   1.57671e-03   1.51427e-05  -3.93531e+03
   5  R           -6.09180e+01   constant   
   6  A_CBO        6.55496e-03     fixed    
   7  w_CBO        2.32746e+00     fixed    
   8  phi_CBO      6.22780e-01     fixed    
   9  ANx2         2.22853e-04   constant   
  10  pNx2         5.08518e+00   constant   
  11  ANy1         0.00000e+00   constant   
  12  pNy1         0.00000e+00   constant   
  13  w_y          0.00000e+00   constant   
  14  ANy2         9.04789e-03     fixed    
  15  pNy2         3.29982e+00   constant   
  16  w_vw         1.43191e+01   constant   
  17  LM           2.21951e-04   constant   
  18  wCBO_expCoeff   2.00000e+02   4.59207e-05   9.53675e-05   1.12081e+05
  19  wCBO_expOffset   2.00000e+02   4.57818e-05   9.53674e-05   2.55701e+06
  20  wCBO_expT    3.00000e+01   3.17971e-06   1.43051e-05   1.61133e+07
  21  wCBO_linCoeff   0.00000e+00   constant   
  22  wCBO_const   1.24103e-04   5.24430e-04   6.25685e-06   1.10229e+04
 MIGRAD FAILS TO FIND IMPROVEMENT
 MIGRAD TERMINATED WITHOUT CONVERGENCE.
 FCN=5296.41 FROM MIGRAD    STATUS=FAILED        284 CALLS         285 TOTAL
                     EDM=5.64007    STRATEGY= 1      ERR MATRIX NOT POS-DEF
  EXT PARAMETER                APPROXIMATE        STEP         FIRST   
  NO.   NAME      VALUE            ERROR          SIZE      DERIVATIVE 
   1  N0           3.49849e+06   3.19651e+02  -0.00000e+00  -5.33732e-03
   2  tau          6.44119e+01   constant   
   3  A0           3.53419e-01   1.58023e-04   0.00000e+00  -1.11425e+03
   4  phi          4.12256e+00   4.08508e-04   0.00000e+00   1.87078e+03
   5  R           -6.09180e+01   constant   
   6  A_CBO        6.55496e-03     fixed    
   7  w_CBO        2.32746e+00     fixed    
   8  phi_CBO      6.22780e-01     fixed    
   9  ANx2         2.22853e-04   constant   
  10  pNx2         5.08518e+00   constant   
  11  ANy1         0.00000e+00   constant   
  12  pNy1         0.00000e+00   constant   
  13  w_y          0.00000e+00   constant   
  14  ANy2         9.04789e-03     fixed    
  15  pNy2         3.29982e+00   constant   
  16  w_vw         1.43191e+01   constant   
  17  LM           2.21951e-04   constant   
  18  wCBO_expCoeff   2.00000e+02   7.88447e-06   0.00000e+00  -6.81783e+05
  19  wCBO_expOffset   2.00000e+02   2.00862e-06  -0.00000e+00  -1.27468e+06
  20  wCBO_expT    3.00000e+01   2.80123e-07   0.00000e+00  -5.49365e+06
  21  wCBO_linCoeff   0.00000e+00   constant   
  22  wCBO_const  -5.16398e-04   3.42897e-04  -0.00000e+00   3.06031e+03
 EXTERNAL ERROR MATRIX.    NDIM=  25    NPAR=  7    ERR DEF=1
  1.022e+05 -6.217e-03  1.909e-02 -1.396e-03  1.825e-04 -5.744e-06  4.759e-02 
 -6.217e-03  2.497e-08 -1.253e-09  2.218e-10 -8.727e-11  1.073e-11  3.702e-09 
  1.909e-02 -1.253e-09  1.669e-07  4.583e-10 -3.499e-11 -2.031e-12 -2.787e-08 
 -1.396e-03  2.218e-10  4.583e-10  6.216e-11 -1.010e-11  6.023e-13 -2.568e-09 
  1.825e-04 -8.727e-11 -3.499e-11 -1.010e-11  4.035e-12 -4.990e-13  3.927e-10 
 -5.744e-06  1.073e-11 -2.031e-12  6.023e-13 -4.990e-13  7.847e-14 -2.211e-11 
  4.759e-02  3.702e-09 -2.787e-08 -2.568e-09  3.927e-10 -2.211e-11  1.176e-07 
ERR MATRIX NOT POS-DEF
 PARAMETER  CORRELATION COEFFICIENTS  
       NO.  GLOBAL      1      3      4     18     19     20     22
        1  0.72701   1.000 -0.123  0.146 -0.554  0.284 -0.064  0.434
        3  0.83921  -0.123  1.000 -0.019  0.178 -0.275  0.242  0.068
        4  0.35379   0.146 -0.019  1.000  0.142 -0.043 -0.018 -0.199
       18  0.99152  -0.554  0.178  0.142  1.000 -0.638  0.273 -0.950
       19  0.97995   0.284 -0.275 -0.043 -0.638  1.000 -0.887  0.570
       20  0.96848  -0.064  0.242 -0.018  0.273 -0.887  1.000 -0.230
       22  0.98739   0.434  0.068 -0.199 -0.950  0.570 -0.230  1.000
 ERR MATRIX NOT POS-DEF
MINUIT - FIT ONLY 1-CBO + other amplitudes 
 **********
 **   16 **RES 
 **********
                   PARAMETER   14  ANy2 RESTORED TO VARIABLE.
                   PARAMETER    8  phi_CBO RESTORED TO VARIABLE.
                   PARAMETER    7  w_CBO RESTORED TO VARIABLE.
                   PARAMETER    6  A_CBO RESTORED TO VARIABLE.
 **********
 **   17 **FIX            0
 **********
 PARAMETER    0  IS UNDEFINED. IGNORED.
 **********
 **   18 **FIX            1
 **********
 **********
 **   19 **FIX            2
 **********
 PARAMETER    2  IS CONSTANT.   IGNORED.
 **********
 **   20 **FIX            3
 **********
 **********
 **   21 **FIX            4
 **********
 **********
 **   22 **FIX            9
 **********
 PARAMETER    9  IS CONSTANT.   IGNORED.
 **********
 **   23 **FIX           11
 **********
 PARAMETER   11  IS CONSTANT.   IGNORED.
 **********
 **   24 **FIX           12
 **********
 PARAMETER   12  IS CONSTANT.   IGNORED.
 **********
 **   25 **FIX           14
 **********
 **********
 **   26 **FIX           15
 **********
 PARAMETER   15  IS CONSTANT.   IGNORED.
 **********
 **   27 **FIX           16
 **********
 PARAMETER   16  IS CONSTANT.   IGNORED.
 **********
 **   28 **MIGRAD
 **********
 START MIGRAD MINIMIZATION.  STRATEGY  1.  CONVERGENCE WHEN EDM .LT. 1.00e-04
 FCN=5296.41 FROM MIGRAD    STATUS=INITIATE       22 CALLS         307 TOTAL
                     EDM= unknown      STRATEGY= 1      NO ERROR MATRIX       
  EXT PARAMETER               CURRENT GUESS       STEP         FIRST   
  NO.   NAME      VALUE            ERROR          SIZE      DERIVATIVE 
   1  N0           3.49849e+06     fixed    
   2  tau          6.44119e+01   constant   
   3  A0           3.53419e-01     fixed    
   4  phi          4.12256e+00     fixed    
   5  R           -6.09180e+01   constant   
   6  A_CBO        6.55496e-03   1.00000e-05   1.00000e-05   3.43692e+05
   7  w_CBO        2.32746e+00   1.00000e-03   1.00000e-03  -5.85940e+07
   8  phi_CBO      6.22780e-01   1.00000e-04   1.00000e-04   2.14470e+01
   9  ANx2         2.22853e-04   constant   
  10  pNx2         5.08518e+00   constant   
  11  ANy1         0.00000e+00   constant   
  12  pNy1         0.00000e+00   constant   
  13  w_y          0.00000e+00   constant   
  14  ANy2         9.04789e-03     fixed    
  15  pNy2         3.29982e+00   constant   
  16  w_vw         1.43191e+01   constant   
  17  LM           2.21951e-04   constant   
  18  wCBO_expCoeff   2.00000e+02   7.88447e-06   0.00000e+00  -6.81783e+05
  19  wCBO_expOffset   2.00000e+02   2.00862e-06  -0.00000e+00  -1.27468e+06
  20  wCBO_expT    3.00000e+01   2.80123e-07   0.00000e+00  -5.49365e+06
  21  wCBO_linCoeff   0.00000e+00   constant   
  22  wCBO_const  -5.16398e-04   3.42897e-04  -0.00000e+00   3.06032e+03
 MIGRAD FAILS TO FIND IMPROVEMENT
 FCN=4565.42 FROM HESSE     STATUS=NOT POSDEF     58 CALLS         454 TOTAL
                     EDM=3419.92    STRATEGY= 1      ERR MATRIX NOT POS-DEF
  EXT PARAMETER                APPROXIMATE        STEP         FIRST   
  NO.   NAME      VALUE            ERROR          SIZE      DERIVATIVE 
   1  N0           3.49849e+06     fixed    
   2  tau          6.44119e+01   constant   
   3  A0           3.53419e-01     fixed    
   4  phi          4.12256e+00     fixed    
   5  R           -6.09180e+01   constant   
   6  A_CBO        2.24460e-03   1.41798e-03   5.22115e-06  -1.01692e+03
   7  w_CBO        2.32746e+00   5.11553e-07   1.10982e-06  -1.28393e+07
   8  phi_CBO      9.74561e-01   4.62288e-01   2.16411e-03   7.43007e+01
   9  ANx2         2.22853e-04   constant   
  10  pNx2         5.08518e+00   constant   
  11  ANy1         0.00000e+00   constant   
  12  pNy1         0.00000e+00   constant   
  13  w_y          0.00000e+00   constant   
  14  ANy2         9.04789e-03     fixed    
  15  pNy2         3.29982e+00   constant   
  16  w_vw         1.43191e+01   constant   
  17  LM           2.21951e-04   constant   
  18  wCBO_expCoeff   2.00000e+02   4.39596e-05   9.53675e-05  -1.49401e+05
  19  wCBO_expOffset   2.00000e+02   4.76221e-05   9.53674e-05   6.45483e+05
  20  wCBO_expT    3.00000e+01   4.21434e-06   1.43051e-05   1.48756e+07
  21  wCBO_linCoeff   0.00000e+00   constant   
  22  wCBO_const  -3.01707e-03   5.87839e-04   1.10168e-05  -2.59839e+03
 MIGRAD FAILS TO FIND IMPROVEMENT
 MIGRAD TERMINATED WITHOUT CONVERGENCE.
 FCN=4565.42 FROM MIGRAD    STATUS=FAILED        180 CALLS         465 TOTAL
                     EDM=3419.92    STRATEGY= 1      ERR MATRIX NOT POS-DEF
  EXT PARAMETER                APPROXIMATE        STEP         FIRST   
  NO.   NAME      VALUE            ERROR          SIZE      DERIVATIVE 
   1  N0           3.49849e+06     fixed    
   2  tau          6.44119e+01   constant   
   3  A0           3.53419e-01     fixed    
   4  phi          4.12256e+00     fixed    
   5  R           -6.09180e+01   constant   
   6  A_CBO        2.24460e-03   1.41798e-03   0.00000e+00  -1.01692e+03
   7  w_CBO        2.32746e+00   5.11553e-07  -0.00000e+00  -1.28393e+07
   8  phi_CBO      9.74561e-01   4.62288e-01  -0.00000e+00   7.43007e+01
   9  ANx2         2.22853e-04   constant   
  10  pNx2         5.08518e+00   constant   
  11  ANy1         0.00000e+00   constant   
  12  pNy1         0.00000e+00   constant   
  13  w_y          0.00000e+00   constant   
  14  ANy2         9.04789e-03     fixed    
  15  pNy2         3.29982e+00   constant   
  16  w_vw         1.43191e+01   constant   
  17  LM           2.21951e-04   constant   
  18  wCBO_expCoeff   2.00000e+02   4.39596e-05  -0.00000e+00  -1.49401e+05
  19  wCBO_expOffset   2.00000e+02   4.76221e-05  -0.00000e+00   6.45483e+05
  20  wCBO_expT    3.00000e+01   4.21434e-06  -0.00000e+00   1.48756e+07
  21  wCBO_linCoeff   0.00000e+00   constant   
  22  wCBO_const  -3.01707e-03   5.87839e-04   0.00000e+00  -2.59839e+03
 EXTERNAL ERROR MATRIX.    NDIM=  25    NPAR=  7    ERR DEF=1
  2.011e-06 -7.185e-10 -6.480e-04 -6.175e-08 -6.674e-08 -5.945e-09  7.242e-07 
 -7.185e-10  2.617e-13  2.337e-07  2.216e-11  2.399e-11  2.133e-12 -2.618e-10 
 -6.480e-04  2.337e-07  2.137e-01  2.008e-05  2.163e-05  1.925e-06 -2.269e-04 
 -6.175e-08  2.216e-11  2.008e-05  1.932e-09  2.061e-09  1.833e-10 -2.250e-08 
 -6.674e-08  2.399e-11  2.163e-05  2.061e-09  2.268e-09  1.981e-10 -2.395e-08 
 -5.945e-09  2.133e-12  1.925e-06  1.833e-10  1.981e-10  1.776e-11 -2.149e-09 
  7.242e-07 -2.618e-10 -2.269e-04 -2.250e-08 -2.395e-08 -2.149e-09  3.456e-07 
ERR MATRIX NOT POS-DEF
 PARAMETER  CORRELATION COEFFICIENTS  
       NO.  GLOBAL      6      7      8     18     19     20     22
        6  0.99649   1.000 -0.991 -0.989 -0.991 -0.988 -0.995  0.869
        7  0.99365  -0.991  1.000  0.988  0.985  0.985  0.989 -0.871
        8  0.99448  -0.989  0.988  1.000  0.988  0.982  0.988 -0.835
       18  0.99365  -0.991  0.985  0.988  1.000  0.985  0.989 -0.871
       19  0.99007  -0.988  0.985  0.982  0.985  1.000  0.987 -0.855
       20  0.99568  -0.995  0.989  0.988  0.989  0.987  1.000 -0.867
       22  0.91224   0.869 -0.871 -0.835 -0.871 -0.855 -0.867  1.000
 ERR MATRIX NOT POS-DEF
MINUIT - FIT ONLY 1-CBO
 **********
 **   29 **RES 
 **********
                   PARAMETER   14  ANy2 RESTORED TO VARIABLE.
                   PARAMETER    4  phi RESTORED TO VARIABLE.
                   PARAMETER    3  A0 RESTORED TO VARIABLE.
                   PARAMETER    1  N0 RESTORED TO VARIABLE.
 **********
 **   30 **FIX            0
 **********
 PARAMETER    0  IS UNDEFINED. IGNORED.
 **********
 **   31 **FIX            1
 **********
 **********
 **   32 **FIX            2
 **********
 PARAMETER    2  IS CONSTANT.   IGNORED.
 **********
 **   33 **FIX            3
 **********
 **********
 **   34 **FIX            4
 **********
 **********
 **   35 **FIX            8
 **********
 **********
 **   36 **FIX            9
 **********
 PARAMETER    9  IS CONSTANT.   IGNORED.
 **********
 **   37 **FIX           11
 **********
 PARAMETER   11  IS CONSTANT.   IGNORED.
 **********
 **   38 **FIX           12
 **********
 PARAMETER   12  IS CONSTANT.   IGNORED.
 **********
 **   39 **FIX           13
 **********
 PARAMETER   13  IS CONSTANT.   IGNORED.
 **********
 **   40 **FIX           15
 **********
 PARAMETER   15  IS CONSTANT.   IGNORED.
 **********
 **   41 **FIX           16
 **********
 PARAMETER   16  IS CONSTANT.   IGNORED.
 **********
 **   42 **MIGRAD
 **********
 START MIGRAD MINIMIZATION.  STRATEGY  1.  CONVERGENCE WHEN EDM .LT. 1.00e-04
 FCN=4565.42 FROM MIGRAD    STATUS=INITIATE       16 CALLS         481 TOTAL
                     EDM= unknown      STRATEGY= 1      NO ERROR MATRIX       
  EXT PARAMETER               CURRENT GUESS       STEP         FIRST   
  NO.   NAME      VALUE            ERROR          SIZE      DERIVATIVE 
   1  N0           3.49849e+06     fixed    
   2  tau          6.44119e+01   constant   
   3  A0           3.53419e-01     fixed    
   4  phi          4.12256e+00     fixed    
   5  R           -6.09180e+01   constant   
   6  A_CBO        2.24460e-03   1.41798e-03   0.00000e+00  -1.01692e+03
   7  w_CBO        2.32746e+00   5.11553e-07  -0.00000e+00  -3.78125e+07
   8  phi_CBO      9.74561e-01     fixed    
   9  ANx2         2.22853e-04   constant   
  10  pNx2         5.08518e+00   constant   
  11  ANy1         0.00000e+00   constant   
  12  pNy1         0.00000e+00   constant   
  13  w_y          0.00000e+00   constant   
  14  ANy2         9.04789e-03   1.00000e-04   1.00000e-04   6.75467e+05
  15  pNy2         3.29982e+00   constant   
  16  w_vw         1.43191e+01   constant   
  17  LM           2.21951e-04   constant   
  18  wCBO_expCoeff   2.00000e+02   4.39596e-05  -0.00000e+00  -4.39958e+05
  19  wCBO_expOffset   2.00000e+02   4.76221e-05  -0.00000e+00   5.40501e+04
  20  wCBO_expT    3.00000e+01   4.21434e-06  -0.00000e+00  -3.84908e+06
  21  wCBO_linCoeff   0.00000e+00   constant   
  22  wCBO_const  -3.01707e-03   5.87839e-04   0.00000e+00  -2.59841e+03
 MIGRAD FAILS TO FIND IMPROVEMENT
 FCN=1948.24 FROM HESSE     STATUS=NOT POSDEF     58 CALLS         581 TOTAL
                     EDM=3247.2    STRATEGY= 1      ERR MATRIX NOT POS-DEF
  EXT PARAMETER                APPROXIMATE        STEP         FIRST   
  NO.   NAME      VALUE            ERROR          SIZE      DERIVATIVE 
   1  N0           3.49849e+06     fixed    
   2  tau          6.44119e+01   constant   
   3  A0           3.53419e-01     fixed    
   4  phi          4.12256e+00     fixed    
   5  R           -6.09180e+01   constant   
   6  A_CBO        2.14556e-03   1.94922e-03   3.43159e-06   4.61697e+04
   7  w_CBO        2.32746e+00   7.39762e-07   1.10982e-06   3.73882e+07
   8  phi_CBO      9.74561e-01     fixed    
   9  ANx2         2.22853e-04   constant   
  10  pNx2         5.08518e+00   constant   
  11  ANy1         0.00000e+00   constant   
  12  pNy1         0.00000e+00   constant   
  13  w_y          0.00000e+00   constant   
  14  ANy2         1.29911e-03   3.50795e-04   3.25915e-06   1.76426e+03
  15  pNy2         3.29982e+00   constant   
  16  w_vw         1.43191e+01   constant   
  17  LM           2.21951e-04   constant   
  18  wCBO_expCoeff   2.00000e+02   6.35694e-05   9.53675e-05   4.35046e+05
  19  wCBO_expOffset   2.00000e+02   1.04842e-05   9.53674e-05   1.84323e+06
  20  wCBO_expT    3.00000e+01   7.05693e-06   1.43051e-05  -9.18546e+06
  21  wCBO_linCoeff   0.00000e+00   constant   
  22  wCBO_const  -2.73351e-03   1.99362e-03   8.24756e-06   1.03183e+04
 MIGRAD FAILS TO FIND IMPROVEMENT
 MIGRAD TERMINATED WITHOUT CONVERGENCE.
 FCN=1935.59 FROM MIGRAD    STATUS=FAILED        164 CALLS         629 TOTAL
                     EDM=585.407    STRATEGY= 1      ERR MATRIX NOT POS-DEF
  EXT PARAMETER                APPROXIMATE        STEP         FIRST   
  NO.   NAME      VALUE            ERROR          SIZE      DERIVATIVE 
   1  N0           3.49849e+06     fixed    
   2  tau          6.44119e+01   constant   
   3  A0           3.53419e-01     fixed    
   4  phi          4.12256e+00     fixed    
   5  R           -6.09180e+01   constant   
   6  A_CBO        1.55927e-03   1.34796e-04  -0.00000e+00  -3.21295e+03
   7  w_CBO        2.32746e+00   1.01406e-07   0.00000e+00  -2.35029e+07
   8  phi_CBO      9.74561e-01     fixed    
   9  ANx2         2.22853e-04   constant   
  10  pNx2         5.08518e+00   constant   
  11  ANy1         0.00000e+00   constant   
  12  pNy1         0.00000e+00   constant   
  13  w_y          0.00000e+00   constant   
  14  ANy2         1.20192e-03   1.36633e-04   0.00000e+00  -4.92890e+03
  15  pNy2         3.29982e+00   constant   
  16  w_vw         1.43191e+01   constant   
  17  LM           2.21951e-04   constant   
  18  wCBO_expCoeff   2.00000e+02   8.71452e-06   0.00000e+00  -2.73489e+05
  19  wCBO_expOffset   2.00000e+02   3.88171e-06   0.00000e+00  -4.44177e+05
  20  wCBO_expT    3.00000e+01   6.95443e-07   0.00000e+00  -3.21282e+06
  21  wCBO_linCoeff   0.00000e+00   constant   
  22  wCBO_const  -3.31794e-03   4.87550e-04  -0.00000e+00  -2.19523e+03
 EXTERNAL ERROR MATRIX.    NDIM=  25    NPAR=  7    ERR DEF=1
  1.817e-08 -5.155e-12  1.387e-09 -4.429e-10 -2.290e-10 -4.650e-11  1.860e-08 
 -5.155e-12  1.028e-14 -7.808e-13  1.325e-13 -3.981e-14  2.566e-14 -2.475e-11 
  1.387e-09 -7.808e-13  1.867e-08 -6.710e-11 -5.674e-11 -1.004e-11  1.075e-09 
 -4.429e-10  1.325e-13 -6.710e-11  7.594e-11 -3.421e-12  2.205e-12 -2.127e-09 
 -2.290e-10 -3.981e-14 -5.674e-11 -3.421e-12  1.507e-11  1.018e-12 -5.154e-10 
 -4.650e-11  2.566e-14 -1.004e-11  2.205e-12  1.018e-12  4.836e-13 -9.858e-11 
  1.860e-08 -2.475e-11  1.075e-09 -2.127e-09 -5.154e-10 -9.858e-11  2.377e-07 
ERR MATRIX NOT POS-DEF
 PARAMETER  CORRELATION COEFFICIENTS  
       NO.  GLOBAL      6      7     14     18     19     20     22
        6  0.80164   1.000 -0.377  0.075 -0.377 -0.438 -0.496  0.283
        7  0.85068  -0.377  1.000 -0.056  0.150 -0.101  0.364 -0.501
       14  0.21128   0.075 -0.056  1.000 -0.056 -0.107 -0.106  0.016
       18  0.85067  -0.377  0.150 -0.056  1.000 -0.101  0.364 -0.501
       19  0.86438  -0.438 -0.101 -0.107 -0.101  1.000  0.377 -0.272
       20  0.72362  -0.496  0.364 -0.106  0.364  0.377  1.000 -0.291
       22  0.85712   0.283 -0.501  0.016 -0.501 -0.272 -0.291  1.000
 ERR MATRIX NOT POS-DEF
MINUIT - FIT ONLY 2-CBO
 **********
 **   43 **RES 
 **********
                   PARAMETER    8  phi_CBO RESTORED TO VARIABLE.
                   PARAMETER    4  phi RESTORED TO VARIABLE.
                   PARAMETER    3  A0 RESTORED TO VARIABLE.
                   PARAMETER    1  N0 RESTORED TO VARIABLE.
 **********
 **   44 **FIX            0
 **********
 PARAMETER    0  IS UNDEFINED. IGNORED.
 **********
 **   45 **FIX            1
 **********
 **********
 **   46 **FIX            2
 **********
 PARAMETER    2  IS CONSTANT.   IGNORED.
 **********
 **   47 **FIX            3
 **********
 **********
 **   48 **FIX            4
 **********
 **********
 **   49 **FIX            5
 **********
 PARAMETER    5  IS CONSTANT.   IGNORED.
 **********
 **   50 **FIX            6
 **********
 **********
 **   51 **FIX            7
 **********
 **********
 **   52 **FIX           10
 **********
 PARAMETER   10  IS CONSTANT.   IGNORED.
 **********
 **   53 **FIX           11
 **********
 PARAMETER   11  IS CONSTANT.   IGNORED.
 **********
 **   54 **FIX           12
 **********
 PARAMETER   12  IS CONSTANT.   IGNORED.
 **********
 **   55 **FIX           13
 **********
 PARAMETER   13  IS CONSTANT.   IGNORED.
 **********
 **   56 **FIX           14
 **********
 **********
 **   57 **FIX           15
 **********
 PARAMETER   15  IS CONSTANT.   IGNORED.
 **********
 **   58 **FIX           16
 **********
 PARAMETER   16  IS CONSTANT.   IGNORED.
 **********
 **   59 **MIGRAD
 **********
 START MIGRAD MINIMIZATION.  STRATEGY  1.  CONVERGENCE WHEN EDM .LT. 1.00e-04
 FCN=1935.59 FROM MIGRAD    STATUS=INITIATE       12 CALLS         641 TOTAL
                     EDM= unknown      STRATEGY= 1      NO ERROR MATRIX       
  EXT PARAMETER               CURRENT GUESS       STEP         FIRST   
  NO.   NAME      VALUE            ERROR          SIZE      DERIVATIVE 
   1  N0           3.49849e+06     fixed    
   2  tau          6.44119e+01   constant   
   3  A0           3.53419e-01     fixed    
   4  phi          4.12256e+00     fixed    
   5  R           -6.09180e+01   constant   
   6  A_CBO        1.55927e-03     fixed    
   7  w_CBO        2.32746e+00     fixed    
   8  phi_CBO      9.74561e-01   4.62288e-01   4.62288e-01   2.09117e+01
   9  ANx2         2.22853e-04   constant   
  10  pNx2         5.08518e+00   constant   
  11  ANy1         0.00000e+00   constant   
  12  pNy1         0.00000e+00   constant   
  13  w_y          0.00000e+00   constant   
  14  ANy2         1.20192e-03     fixed    
  15  pNy2         3.29982e+00   constant   
  16  w_vw         1.43191e+01   constant   
  17  LM           2.21951e-04   constant   
  18  wCBO_expCoeff   2.00000e+02   8.71452e-06   0.00000e+00  -2.73489e+05
  19  wCBO_expOffset   2.00000e+02   3.88171e-06   0.00000e+00  -4.44177e+05
  20  wCBO_expT    3.00000e+01   6.95443e-07   0.00000e+00  -3.21282e+06
  21  wCBO_linCoeff   0.00000e+00   constant   
  22  wCBO_const  -3.31794e-03   4.87550e-04  -0.00000e+00  -2.19523e+03
 MIGRAD FAILS TO FIND IMPROVEMENT
 COVARIANCE MATRIX CALCULATED SUCCESSFULLY
 FCN=1934.62 FROM HESSE     STATUS=OK             37 CALLS         701 TOTAL
                     EDM=24.0446    STRATEGY= 1      ERROR MATRIX ACCURATE 
  EXT PARAMETER                                   STEP         FIRST   
  NO.   NAME      VALUE            ERROR          SIZE      DERIVATIVE 
   1  N0           3.49849e+06     fixed    
   2  tau          6.44119e+01   constant   
   3  A0           3.53419e-01     fixed    
   4  phi          4.12256e+00     fixed    
   5  R           -6.09180e+01   constant   
   6  A_CBO        1.55927e-03     fixed    
   7  w_CBO        2.32746e+00     fixed    
   8  phi_CBO      9.70016e-01   4.68199e-01   2.00295e-03  -4.27141e+00
   9  ANx2         2.22853e-04   constant   
  10  pNx2         5.08518e+00   constant   
  11  ANy1         0.00000e+00   constant   
  12  pNy1         0.00000e+00   constant   
  13  w_y          0.00000e+00   constant   
  14  ANy2         1.20192e-03     fixed    
  15  pNy2         3.29982e+00   constant   
  16  w_vw         1.43191e+01   constant   
  17  LM           2.21951e-04   constant   
  18  wCBO_expCoeff   2.00000e+02   1.69023e-05   9.53675e-05   5.25905e+04
  19  wCBO_expOffset   2.00000e+02   1.23732e-05   9.53674e-05   6.27058e+05
  20  wCBO_expT    3.00000e+01   9.85310e-07   1.43051e-05   1.96484e+06
  21  wCBO_linCoeff   0.00000e+00   constant   
  22  wCBO_const  -3.30540e-03   2.03192e-03   1.02687e-05   3.01691e+03
 MIGRAD FAILS TO FIND IMPROVEMENT
 MIGRAD TERMINATED WITHOUT CONVERGENCE.
 FCN=1930.7 FROM MIGRAD    STATUS=FAILED        165 CALLS         794 TOTAL
                     EDM=1.63309    STRATEGY= 1  ERROR MATRIX UNCERTAINTY  32.7 per cent
  EXT PARAMETER                APPROXIMATE        STEP         FIRST   
  NO.   NAME      VALUE            ERROR          SIZE      DERIVATIVE 
   1  N0           3.49849e+06     fixed    
   2  tau          6.44119e+01   constant   
   3  A0           3.53419e-01     fixed    
   4  phi          4.12256e+00     fixed    
   5  R           -6.09180e+01   constant   
   6  A_CBO        1.55927e-03     fixed    
   7  w_CBO        2.32746e+00     fixed    
   8  phi_CBO      1.76554e-01   2.21837e-01   0.00000e+00  -1.22738e+01
   9  ANx2         2.22853e-04   constant   
  10  pNx2         5.08518e+00   constant   
  11  ANy1         0.00000e+00   constant   
  12  pNy1         0.00000e+00   constant   
  13  w_y          0.00000e+00   constant   
  14  ANy2         1.20192e-03     fixed    
  15  pNy2         3.29982e+00   constant   
  16  w_vw         1.43191e+01   constant   
  17  LM           2.21951e-04   constant   
  18  wCBO_expCoeff   2.00000e+02   1.96555e-05   0.00000e+00  -1.82981e+04
  19  wCBO_expOffset   2.00000e+02   5.80824e-06  -0.00000e+00  -3.49866e+05
  20  wCBO_expT    3.00000e+01   1.02528e-06   0.00000e+00  -1.41565e+06
  21  wCBO_linCoeff   0.00000e+00   constant   
  22  wCBO_const  -8.11529e-03   7.57527e-04   0.00000e+00   1.14258e+03
 EXTERNAL ERROR MATRIX.    NDIM=  25    NPAR=  5    ERR DEF=1
  4.921e-02  3.034e-06 -8.762e-07  1.364e-07  8.814e-05 
  3.034e-06  3.863e-10 -8.937e-11  1.260e-11 -3.477e-09 
 -8.762e-07 -8.937e-11  3.374e-11 -5.593e-12  2.523e-10 
  1.364e-07  1.260e-11 -5.593e-12  1.051e-12 -1.683e-11 
  8.814e-05 -3.477e-09  2.523e-10 -1.683e-11  5.738e-07 
ERR MATRIX APPROXIMATE
 PARAMETER  CORRELATION COEFFICIENTS  
       NO.  GLOBAL      8     18     19     20     22
        8  0.99742   1.000  0.696 -0.680  0.600  0.524
       18  0.99650   0.696  1.000 -0.783  0.625 -0.233
       19  0.98044  -0.680 -0.783  1.000 -0.939  0.057
       20  0.98013   0.600  0.625 -0.939  1.000 -0.022
       22  0.99503   0.524 -0.233  0.057 -0.022  1.000
 ERR MATRIX APPROXIMATE
MINUIT - FIT ONLY 1-y
 **********
 **   60 **RES 
 **********
                   PARAMETER   14  ANy2 RESTORED TO VARIABLE.
                   PARAMETER    7  w_CBO RESTORED TO VARIABLE.
                   PARAMETER    6  A_CBO RESTORED TO VARIABLE.
                   PARAMETER    4  phi RESTORED TO VARIABLE.
                   PARAMETER    3  A0 RESTORED TO VARIABLE.
                   PARAMETER    1  N0 RESTORED TO VARIABLE.
 **********
 **   61 **FIX            0
 **********
 PARAMETER    0  IS UNDEFINED. IGNORED.
 **********
 **   62 **FIX            1
 **********
 **********
 **   63 **FIX            2
 **********
 PARAMETER    2  IS CONSTANT.   IGNORED.
 **********
 **   64 **FIX            3
 **********
 **********
 **   65 **FIX            4
 **********
 **********
 **   66 **FIX            5
 **********
 PARAMETER    5  IS CONSTANT.   IGNORED.
 **********
 **   67 **FIX            6
 **********
 **********
 **   68 **FIX            7
 **********
 **********
 **   69 **FIX            8
 **********
 **********
 **   70 **FIX            9
 **********
 PARAMETER    9  IS CONSTANT.   IGNORED.
 **********
 **   71 **FIX           13
 **********
 PARAMETER   13  IS CONSTANT.   IGNORED.
 **********
 **   72 **FIX           14
 **********
 **********
 **   73 **FIX           15
 **********
 PARAMETER   15  IS CONSTANT.   IGNORED.
 **********
 **   74 **FIX           16
 **********
 PARAMETER   16  IS CONSTANT.   IGNORED.
 **********
 **   75 **MIGRAD
 **********
 START MIGRAD MINIMIZATION.  STRATEGY  1.  CONVERGENCE WHEN EDM .LT. 1.00e-04
 FCN=1930.7 FROM MIGRAD    STATUS=INITIATE        8 CALLS         802 TOTAL
                     EDM= unknown      STRATEGY= 1      NO ERROR MATRIX       
  EXT PARAMETER               CURRENT GUESS       STEP         FIRST   
  NO.   NAME      VALUE            ERROR          SIZE      DERIVATIVE 
   1  N0           3.49849e+06     fixed    
   2  tau          6.44119e+01   constant   
   3  A0           3.53419e-01     fixed    
   4  phi          4.12256e+00     fixed    
   5  R           -6.09180e+01   constant   
   6  A_CBO        1.55927e-03     fixed    
   7  w_CBO        2.32746e+00     fixed    
   8  phi_CBO      1.76554e-01     fixed    
   9  ANx2         2.22853e-04   constant   
  10  pNx2         5.08518e+00   constant   
  11  ANy1         0.00000e+00   constant   
  12  pNy1         0.00000e+00   constant   
  13  w_y          0.00000e+00   constant   
  14  ANy2         1.20192e-03     fixed    
  15  pNy2         3.29982e+00   constant   
  16  w_vw         1.43191e+01   constant   
  17  LM           2.21951e-04   constant   
  18  wCBO_expCoeff   2.00000e+02   1.96555e-05   0.00000e+00  -1.82981e+04
  19  wCBO_expOffset   2.00000e+02   5.80824e-06  -0.00000e+00  -3.49866e+05
  20  wCBO_expT    3.00000e+01   1.02528e-06   0.00000e+00  -1.41565e+06
  21  wCBO_linCoeff   0.00000e+00   constant   
  22  wCBO_const  -8.11529e-03   7.57527e-04   0.00000e+00   1.14258e+03
 MIGRAD FAILS TO FIND IMPROVEMENT
 COVARIANCE MATRIX CALCULATED SUCCESSFULLY
 FCN=1930.63 FROM HESSE     STATUS=OK             29 CALLS         905 TOTAL
                     EDM=1.20389    STRATEGY= 1      ERROR MATRIX ACCURATE 
  EXT PARAMETER                                   STEP         FIRST   
  NO.   NAME      VALUE            ERROR          SIZE      DERIVATIVE 
   1  N0           3.49849e+06     fixed    
   2  tau          6.44119e+01   constant   
   3  A0           3.53419e-01     fixed    
   4  phi          4.12256e+00     fixed    
   5  R           -6.09180e+01   constant   
   6  A_CBO        1.55927e-03     fixed    
   7  w_CBO        2.32746e+00     fixed    
   8  phi_CBO      1.76554e-01     fixed    
   9  ANx2         2.22853e-04   constant   
  10  pNx2         5.08518e+00   constant   
  11  ANy1         0.00000e+00   constant   
  12  pNy1         0.00000e+00   constant   
  13  w_y          0.00000e+00   constant   
  14  ANy2         1.20192e-03     fixed    
  15  pNy2         3.29982e+00   constant   
  16  w_vw         1.43191e+01   constant   
  17  LM           2.21951e-04   constant   
  18  wCBO_expCoeff   2.00000e+02   1.58510e-05   9.53675e-05   1.51292e+04
  19  wCBO_expOffset   2.00000e+02   1.29533e-05   9.53674e-05   1.42615e+05
  20  wCBO_expT    3.00000e+01   9.05534e-07   1.43051e-05   3.79812e+05
  21  wCBO_linCoeff   0.00000e+00   constant   
  22  wCBO_const  -8.11710e-03   8.13052e-04   1.00239e-05   2.28743e+03
 MIGRAD FAILS TO FIND IMPROVEMENT
 MIGRAD TERMINATED WITHOUT CONVERGENCE.
 FCN=1930.57 FROM MIGRAD    STATUS=FAILED        144 CALLS         938 TOTAL
                     EDM=0.486196    STRATEGY= 1  ERROR MATRIX UNCERTAINTY   8.5 per cent
  EXT PARAMETER                APPROXIMATE        STEP         FIRST   
  NO.   NAME      VALUE            ERROR          SIZE      DERIVATIVE 
   1  N0           3.49849e+06     fixed    
   2  tau          6.44119e+01   constant   
   3  A0           3.53419e-01     fixed    
   4  phi          4.12256e+00     fixed    
   5  R           -6.09180e+01   constant   
   6  A_CBO        1.55927e-03     fixed    
   7  w_CBO        2.32746e+00     fixed    
   8  phi_CBO      1.76554e-01     fixed    
   9  ANx2         2.22853e-04   constant   
  10  pNx2         5.08518e+00   constant   
  11  ANy1         0.00000e+00   constant   
  12  pNy1         0.00000e+00   constant   
  13  w_y          0.00000e+00   constant   
  14  ANy2         1.20192e-03     fixed    
  15  pNy2         3.29982e+00   constant   
  16  w_vw         1.43191e+01   constant   
  17  LM           2.21951e-04   constant   
  18  wCBO_expCoeff   2.00000e+02   1.87463e-05   0.00000e+00  -3.48410e+04
  19  wCBO_expOffset   2.00000e+02   3.00242e-06  -0.00000e+00  -3.51955e+05
  20  wCBO_expT    3.00000e+01   9.64798e-07   0.00000e+00  -1.47142e+06
  21  wCBO_linCoeff   0.00000e+00   constant   
  22  wCBO_const  -8.21973e-03   9.62830e-04  -0.00000e+00   7.12262e+02
 EXTERNAL ERROR MATRIX.    NDIM=  25    NPAR=  4    ERR DEF=1
  3.514e-10 -2.502e-11  1.057e-11 -1.757e-08 
 -2.502e-11  9.015e-12 -2.810e-12  1.509e-09 
  1.057e-11 -2.810e-12  9.308e-13 -6.149e-10 
 -1.757e-08  1.509e-09 -6.149e-10  9.270e-07 
ERR MATRIX APPROXIMATE
 PARAMETER  CORRELATION COEFFICIENTS  
       NO.  GLOBAL     18     19     20     22
       18  0.97708   1.000 -0.445  0.584 -0.974
       19  0.98343  -0.445  1.000 -0.970  0.522
       20  0.98746   0.584 -0.970  1.000 -0.662
       22  0.98208  -0.974  0.522 -0.662  1.000
 ERR MATRIX APPROXIMATE
MINUIT - FIT ONLY 2-y
 **********
 **   76 **RES 
 **********
                   PARAMETER   14  ANy2 RESTORED TO VARIABLE.
                   PARAMETER    8  phi_CBO RESTORED TO VARIABLE.
                   PARAMETER    7  w_CBO RESTORED TO VARIABLE.
                   PARAMETER    6  A_CBO RESTORED TO VARIABLE.
                   PARAMETER    4  phi RESTORED TO VARIABLE.
