 + ++++++++++++++++++++++++++++++++++++++++++++++++++++++++++++++++++++ +
 +                                                                      +
 +           You have chose to blind your fitting according to          +
 +                omega_ref * (1 + (R +/- deltaR) *10^{-6})             +
 +                                                                      +
 + ++++++++++++++++++++++++++++++++++++++++++++++++++++++++++++++++++++ +
In main()...
reading format from /gm2data/zkhechad/run45/envelope/formats/formatB_sBin_constraintOn.txt
pBinTau 	= 0  
pBinPhi 	= 0  
constraintau 	= 1 
includeMopTerm 	= 0    
constrainMop    = 0   
Parameters after format file: pBinTau 0 pBinPhi 0 constraintau 1 includeMopTerm 0 constrainMop 0 c_e_scale 0.000000 
reading cbo reference file (full fit) from /gm2data/zkhechad/cboTemplates/Run4CBOTemplates/fullFits/run4/sBin_constraintOn_cE0.0_seed0_run4_calo13.root
A_CBO 0.010252 w_CBO 2.327514 phi_CBO 5.545635 N0 3338670.649067 R -60.961072 tau 64.390414 
Reading cboRef file /gm2data/zkhechad/cboTemplates/Run4CBOTemplates//cboIsolate/run4_calo13.root
deltaT 15.060627
windowBins = 120
fitting sliding window 460 from bin 663 at 98.919600 to bin 783 at 116.823600 (120 bins)

Reading data from /gm2data/cornell/histograms/aMethod/histogram_a_run4.root
fitting cbo isolate
 **********
 **    1 **SET PRINTOUT            1
 **********
 **********
 **    2 **SET NOWARNINGS 
 **********
 PARAMETER DEFINITIONS:
    NO.   NAME         VALUE      STEP SIZE      LIMITS
     1 A_CBO        1.02517e-02  1.00000e-05     no limits
     2 w_CBO        2.32751e+00  1.00000e-02    2.00000e+00  3.00000e+00
     3 phi_CBO      5.54564e+00  1.00000e-02    0.00000e+00  6.28319e+00
 **********
 **    3 **MIGRAD
 **********
 FIRST CALL TO USER FUNCTION AT NEW START POINT, WITH IFLAG=4.
 START MIGRAD MINIMIZATION.  STRATEGY  1.  CONVERGENCE WHEN EDM .LT. 1.00e-04
 FCN=0.000517756 FROM MIGRAD    STATUS=INITIATE       12 CALLS          13 TOTAL
                     EDM= unknown      STRATEGY= 1      NO ERROR MATRIX       
  EXT PARAMETER               CURRENT GUESS       STEP         FIRST   
  NO.   NAME      VALUE            ERROR          SIZE      DERIVATIVE 
   1  A_CBO        1.02517e-02   1.00000e-05   1.00000e-05   2.95556e-01
   2  w_CBO        2.32751e+00   1.00000e-02   2.13103e-02  -1.88947e-02
   3  phi_CBO      5.54564e+00   1.00000e-02   4.94468e-03   7.50586e-04
 MIGRAD MINIMIZATION HAS CONVERGED.
 MIGRAD WILL VERIFY CONVERGENCE AND ERROR MATRIX.
 COVARIANCE MATRIX CALCULATED SUCCESSFULLY
 FCN=0.000141209 FROM MIGRAD    STATUS=CONVERGED      45 CALLS          46 TOTAL
                     EDM=2.19713e-07    STRATEGY= 1      ERROR MATRIX ACCURATE 
  EXT PARAMETER                                   STEP         FIRST   
  NO.   NAME      VALUE            ERROR          SIZE      DERIVATIVE 
   1  A_CBO        7.70932e-03   1.30790e-01   6.36053e-05  -4.44087e-03
   2  w_CBO        2.32770e+00   8.11319e-01   1.59591e-04   2.41674e-04
   3  phi_CBO      5.52543e+00   5.90231e+00   3.86753e-03  -7.03331e-06
 EXTERNAL ERROR MATRIX.    NDIM=  25    NPAR=  3    ERR DEF=1
  1.711e-02 -2.106e-02 -2.256e+00 
 -2.106e-02  3.370e+00  3.621e+02 
 -2.256e+00  3.621e+02  3.918e+04 
 PARAMETER  CORRELATION COEFFICIENTS  
       NO.  GLOBAL      1      2      3
        1  0.08773   1.000 -0.088 -0.087
        2  0.99649  -0.088  1.000  0.996
        3  0.99649  -0.087  0.996  1.000
setting A_CBO=0.007709 w_CBO=2.327701, phi_CBO=5.525435
done fitting cbo isolate
 **********
 **    1 **SET PRINTOUT            1
 **********
 **********
 **    2 **SET NOWARNINGS 
 **********
 PARAMETER DEFINITIONS:
    NO.   NAME         VALUE      STEP SIZE      LIMITS
     1 N0           3.33867e+06  1.00000e+02     no limits
     2 tau          6.43904e+01  constant
     3 A0           3.52926e-01  1.00000e-04     no limits
     4 phi          4.13059e+00  1.00000e-02     no limits
     5 R           -6.09611e+01  constant
     6 A_CBO        7.70932e-03  1.00000e-05     no limits
     7 w_CBO        2.32770e+00  1.00000e-03     no limits
     8 phi_CBO      5.52543e+00  1.00000e-04     no limits
     9 ANx2         2.14836e-04  constant
    10 pNx2         2.09111e+00  constant
    11 ANy1         0.00000e+00  constant
    12 pNy1         0.00000e+00  constant
    13 w_y          0.00000e+00  constant
    14 ANy2         1.07548e-02  1.00000e-04     no limits
    15 pNy2         1.09622e+00  constant
    16 w_vw         1.43115e+01  constant
    17 LM          -4.64416e-04  constant
    18 wCBO_expCoeff   2.00000e+02  1.00000e+00     no limits
    19 wCBO_expOffset   2.00000e+02  1.00000e+00     no limits
    20 wCBO_expT    3.00000e+01  1.00000e+00     no limits
    21 wCBO_linCoeff   0.00000e+00  constant
    22 wCBO_const   0.00000e+00  1.00000e-02     no limits
MINUIT - FIT ONLY WIGGLE
 **********
 **    3 **FIX            5
 **********
 PARAMETER    5  IS CONSTANT.   IGNORED.
 **********
 **    4 **FIX            6
 **********
 **********
 **    5 **FIX            7
 **********
 **********
 **    6 **FIX            8
 **********
 **********
 **    7 **FIX            9
 **********
 PARAMETER    9  IS CONSTANT.   IGNORED.
 **********
 **    8 **FIX           10
 **********
 PARAMETER   10  IS CONSTANT.   IGNORED.
 **********
 **    9 **FIX           11
 **********
 PARAMETER   11  IS CONSTANT.   IGNORED.
 **********
 **   10 **FIX           12
 **********
 PARAMETER   12  IS CONSTANT.   IGNORED.
 **********
 **   11 **FIX           13
 **********
 PARAMETER   13  IS CONSTANT.   IGNORED.
 **********
 **   12 **FIX           14
 **********
 **********
 **   13 **FIX           15
 **********
 PARAMETER   15  IS CONSTANT.   IGNORED.
 **********
 **   14 **FIX           16
 **********
 PARAMETER   16  IS CONSTANT.   IGNORED.
 **********
 **   15 **MIGRAD
 **********
 FIRST CALL TO USER FUNCTION AT NEW START POINT, WITH IFLAG=4.
 START MIGRAD MINIMIZATION.  STRATEGY  1.  CONVERGENCE WHEN EDM .LT. 1.00e-04
 FCN=5436.02 FROM MIGRAD    STATUS=INITIATE       58 CALLS          59 TOTAL
                     EDM= unknown      STRATEGY= 1      NO ERROR MATRIX       
  EXT PARAMETER               CURRENT GUESS       STEP         FIRST   
  NO.   NAME      VALUE            ERROR          SIZE      DERIVATIVE 
   1  N0           3.33867e+06   1.00000e+02   0.00000e+00  -3.96168e-02
   2  tau          6.43904e+01   constant   
   3  A0           3.52926e-01   1.00000e-04   0.00000e+00  -9.48194e+04
   4  phi          4.13059e+00   1.00000e-02   0.00000e+00  -4.30921e+03
   5  R           -6.09611e+01   constant   
   6  A_CBO        7.70932e-03     fixed    
   7  w_CBO        2.32770e+00     fixed    
   8  phi_CBO      5.52543e+00     fixed    
   9  ANx2         2.14836e-04   constant   
  10  pNx2         2.09111e+00   constant   
  11  ANy1         0.00000e+00   constant   
  12  pNy1         0.00000e+00   constant   
  13  w_y          0.00000e+00   constant   
  14  ANy2         1.07548e-02     fixed    
  15  pNy2         1.09622e+00   constant   
  16  w_vw         1.43115e+01   constant   
  17  LM          -4.64416e-04   constant   
  18  wCBO_expCoeff   2.00000e+02   1.00000e+00  -3.87225e-04   1.33382e+06
  19  wCBO_expOffset   2.00000e+02   1.00000e+00   0.00000e+00  -3.13679e+06
  20  wCBO_expT    3.00000e+01   1.00000e+00   0.00000e+00  -2.42873e+07
  21  wCBO_linCoeff   0.00000e+00   constant   
  22  wCBO_const   0.00000e+00   1.00000e-02   0.00000e+00   5.17387e+04
 MIGRAD FAILS TO FIND IMPROVEMENT
 FCN=5231.7 FROM HESSE     STATUS=NOT POSDEF     56 CALLS         159 TOTAL
                     EDM=340.721    STRATEGY= 1      ERR MATRIX NOT POS-DEF
  EXT PARAMETER                APPROXIMATE        STEP         FIRST   
  NO.   NAME      VALUE            ERROR          SIZE      DERIVATIVE 
   1  N0           3.34261e+06   1.30117e+03   1.59905e+01   1.52520e-03
   2  tau          6.43904e+01   constant   
   3  A0           3.54583e-01   3.85577e-04   6.41071e-06  -8.81098e+02
   4  phi          4.13211e+00   9.18828e-04   1.90738e-05  -2.98705e+03
   5  R           -6.09611e+01   constant   
   6  A_CBO        7.70932e-03     fixed    
   7  w_CBO        2.32770e+00     fixed    
   8  phi_CBO      5.52543e+00     fixed    
   9  ANx2         2.14836e-04   constant   
  10  pNx2         2.09111e+00   constant   
  11  ANy1         0.00000e+00   constant   
  12  pNy1         0.00000e+00   constant   
  13  w_y          0.00000e+00   constant   
  14  ANy2         1.07548e-02     fixed    
  15  pNy2         1.09622e+00   constant   
  16  w_vw         1.43115e+01   constant   
  17  LM          -4.64416e-04   constant   
  18  wCBO_expCoeff   2.00000e+02   1.20841e-04   9.53672e-05   6.37372e+04
  19  wCBO_expOffset   2.00000e+02   1.06922e-05   9.53674e-05   6.72010e+06
  20  wCBO_expT    3.00000e+01   1.80176e-06   1.43051e-05  -1.29043e+07
  21  wCBO_linCoeff   0.00000e+00   constant   
  22  wCBO_const  -1.15523e-03   2.58345e-03   8.91172e-06   9.14471e+03
 MIGRAD FAILS TO FIND IMPROVEMENT
 MIGRAD TERMINATED WITHOUT CONVERGENCE.
 FCN=5231.7 FROM MIGRAD    STATUS=FAILED        169 CALLS         170 TOTAL
                     EDM=340.721    STRATEGY= 1      ERR MATRIX NOT POS-DEF
  EXT PARAMETER                APPROXIMATE        STEP         FIRST   
  NO.   NAME      VALUE            ERROR          SIZE      DERIVATIVE 
   1  N0           3.34261e+06   1.30117e+03   0.00000e+00   1.52520e-03
   2  tau          6.43904e+01   constant   
   3  A0           3.54583e-01   3.85577e-04   0.00000e+00  -8.81098e+02
   4  phi          4.13211e+00   9.18828e-04   0.00000e+00  -2.98705e+03
   5  R           -6.09611e+01   constant   
   6  A_CBO        7.70932e-03     fixed    
   7  w_CBO        2.32770e+00     fixed    
   8  phi_CBO      5.52543e+00     fixed    
   9  ANx2         2.14836e-04   constant   
  10  pNx2         2.09111e+00   constant   
  11  ANy1         0.00000e+00   constant   
  12  pNy1         0.00000e+00   constant   
  13  w_y          0.00000e+00   constant   
  14  ANy2         1.07548e-02     fixed    
  15  pNy2         1.09622e+00   constant   
  16  w_vw         1.43115e+01   constant   
  17  LM          -4.64416e-04   constant   
  18  wCBO_expCoeff   2.00000e+02   1.20841e-04  -0.00000e+00   6.37372e+04
  19  wCBO_expOffset   2.00000e+02   1.06922e-05  -0.00000e+00   6.72010e+06
  20  wCBO_expT    3.00000e+01   1.80176e-06  -0.00000e+00  -1.29043e+07
  21  wCBO_linCoeff   0.00000e+00   constant   
  22  wCBO_const  -1.15523e-03   2.58345e-03   0.00000e+00   9.14471e+03
 EXTERNAL ERROR MATRIX.    NDIM=  25    NPAR=  7    ERR DEF=1
  1.693e+06  4.288e-01  9.249e-01 -1.474e-01 -1.303e-02 -2.174e-03  3.133e+00 
  4.288e-01  1.487e-07  2.662e-07 -4.162e-08 -3.686e-09 -6.142e-10  8.787e-07 
  9.249e-01  2.662e-07  8.442e-07 -9.096e-08 -8.041e-09 -1.329e-09  1.892e-06 
 -1.474e-01 -4.162e-08 -9.096e-08  1.460e-08  1.250e-09  2.078e-10 -3.109e-07 
 -1.303e-02 -3.686e-09 -8.041e-09  1.250e-09  1.143e-10  1.821e-11 -2.646e-08 
 -2.174e-03 -6.142e-10 -1.329e-09  2.078e-10  1.821e-11  3.246e-12 -4.379e-09 
  3.133e+00  8.787e-07  1.892e-06 -3.109e-07 -2.646e-08 -4.379e-09  6.674e-06 
ERR MATRIX NOT POS-DEF
 PARAMETER  CORRELATION COEFFICIENTS  
       NO.  GLOBAL      1      3      4     18     19     20     22
        1  0.94874   1.000  0.855  0.774 -0.938 -0.936 -0.927  0.932
        3  0.90462   0.855  1.000  0.751 -0.893 -0.894 -0.884  0.882
        4  0.84680   0.774  0.751  1.000 -0.819 -0.818 -0.803  0.797
       18  0.99793  -0.938 -0.893 -0.819  1.000  0.968  0.955 -0.996
       19  0.97491  -0.936 -0.894 -0.818  0.968  1.000  0.945 -0.958
       20  0.96615  -0.927 -0.884 -0.803  0.955  0.945  1.000 -0.941
       22  0.99694   0.932  0.882  0.797 -0.996 -0.958 -0.941  1.000
 ERR MATRIX NOT POS-DEF
MINUIT - FIT ONLY 1-CBO + other amplitudes 
 **********
 **   16 **RES 
 **********
                   PARAMETER   14  ANy2 RESTORED TO VARIABLE.
                   PARAMETER    8  phi_CBO RESTORED TO VARIABLE.
                   PARAMETER    7  w_CBO RESTORED TO VARIABLE.
                   PARAMETER    6  A_CBO RESTORED TO VARIABLE.
 **********
 **   17 **FIX            0
 **********
 PARAMETER    0  IS UNDEFINED. IGNORED.
 **********
 **   18 **FIX            1
 **********
 **********
 **   19 **FIX            2
 **********
 PARAMETER    2  IS CONSTANT.   IGNORED.
 **********
 **   20 **FIX            3
 **********
 **********
 **   21 **FIX            4
 **********
 **********
 **   22 **FIX            9
 **********
 PARAMETER    9  IS CONSTANT.   IGNORED.
 **********
 **   23 **FIX           11
 **********
 PARAMETER   11  IS CONSTANT.   IGNORED.
 **********
 **   24 **FIX           12
 **********
 PARAMETER   12  IS CONSTANT.   IGNORED.
 **********
 **   25 **FIX           14
 **********
 **********
 **   26 **FIX           15
 **********
 PARAMETER   15  IS CONSTANT.   IGNORED.
 **********
 **   27 **FIX           16
 **********
 PARAMETER   16  IS CONSTANT.   IGNORED.
 **********
 **   28 **MIGRAD
 **********
 START MIGRAD MINIMIZATION.  STRATEGY  1.  CONVERGENCE WHEN EDM .LT. 1.00e-04
 FCN=5231.7 FROM MIGRAD    STATUS=INITIATE       22 CALLS         192 TOTAL
                     EDM= unknown      STRATEGY= 1      NO ERROR MATRIX       
  EXT PARAMETER               CURRENT GUESS       STEP         FIRST   
  NO.   NAME      VALUE            ERROR          SIZE      DERIVATIVE 
   1  N0           3.34261e+06     fixed    
   2  tau          6.43904e+01   constant   
   3  A0           3.54583e-01     fixed    
   4  phi          4.13211e+00     fixed    
   5  R           -6.09611e+01   constant   
   6  A_CBO        7.70932e-03   1.00000e-05   1.00000e-05   3.31210e+05
   7  w_CBO        2.32770e+00   1.00000e-03   1.00000e-03   2.54723e+07
   8  phi_CBO      5.52543e+00   1.00000e-04   1.00000e-04   6.89615e+01
   9  ANx2         2.14836e-04   constant   
  10  pNx2         2.09111e+00   constant   
  11  ANy1         0.00000e+00   constant   
  12  pNy1         0.00000e+00   constant   
  13  w_y          0.00000e+00   constant   
  14  ANy2         1.07548e-02     fixed    
  15  pNy2         1.09622e+00   constant   
  16  w_vw         1.43115e+01   constant   
  17  LM          -4.64416e-04   constant   
  18  wCBO_expCoeff   2.00000e+02   1.20841e-04  -0.00000e+00   2.96299e+05
  19  wCBO_expOffset   2.00000e+02   1.06922e-05  -0.00000e+00  -3.60088e+06
  20  wCBO_expT    3.00000e+01   1.80176e-06  -0.00000e+00  -2.24974e+07
  21  wCBO_linCoeff   0.00000e+00   constant   
  22  wCBO_const  -1.15523e-03   2.58345e-03   0.00000e+00   9.14478e+03
 MIGRAD FAILS TO FIND IMPROVEMENT
 FCN=4191.06 FROM HESSE     STATUS=NOT POSDEF     54 CALLS         573 TOTAL
                     EDM=242.642    STRATEGY= 1      ERR MATRIX NOT POS-DEF
  EXT PARAMETER                APPROXIMATE        STEP         FIRST   
  NO.   NAME      VALUE            ERROR          SIZE      DERIVATIVE 
   1  N0           3.34261e+06     fixed    
   2  tau          6.43904e+01   constant   
   3  A0           3.54583e-01     fixed    
   4  phi          4.13211e+00     fixed    
   5  R           -6.09611e+01   constant   
   6  A_CBO        1.78950e-03   1.39460e-03   5.96490e-06   5.68613e+03
   7  w_CBO        2.32770e+00   1.00638e-06   1.10993e-06   1.36634e+07
   8  phi_CBO      5.03295e+00   1.09392e-01   3.56347e-03  -1.18849e+01
   9  ANx2         2.14836e-04   constant   
  10  pNx2         2.09111e+00   constant   
  11  ANy1         0.00000e+00   constant   
  12  pNy1         0.00000e+00   constant   
  13  w_y          0.00000e+00   constant   
  14  ANy2         1.07548e-02     fixed    
  15  pNy2         1.09622e+00   constant   
  16  w_vw         1.43115e+01   constant   
  17  LM          -4.64416e-04   constant   
  18  wCBO_expCoeff   2.00000e+02   8.64728e-05   9.53672e-05   1.58987e+05
  19  wCBO_expOffset   2.00000e+02   3.99088e-05   9.53675e-05   1.07078e+06
  20  wCBO_expT    3.00000e+01   6.94078e-06   1.43051e-05  -3.34769e+06
  21  wCBO_linCoeff   0.00000e+00   constant   
  22  wCBO_const  -2.90696e-03   1.18833e-03   1.02578e-05   6.88870e+03
 MIGRAD FAILS TO FIND IMPROVEMENT
 MIGRAD TERMINATED WITHOUT CONVERGENCE.
 FCN=4189.54 FROM MIGRAD    STATUS=FAILED        471 CALLS         641 TOTAL
                     EDM=2.80934    STRATEGY= 1      ERR MATRIX NOT POS-DEF
  EXT PARAMETER                APPROXIMATE        STEP         FIRST   
  NO.   NAME      VALUE            ERROR          SIZE      DERIVATIVE 
   1  N0           3.34261e+06     fixed    
   2  tau          6.43904e+01   constant   
   3  A0           3.54583e-01     fixed    
   4  phi          4.13211e+00     fixed    
   5  R           -6.09611e+01   constant   
   6  A_CBO        1.71547e-03   2.23211e-04  -0.00000e+00   2.08550e+03
   7  w_CBO        2.32770e+00   2.12939e-07   0.00000e+00  -6.06255e+05
   8  phi_CBO      5.01820e+00   1.17820e-01  -0.00000e+00   4.64905e+00
   9  ANx2         2.14836e-04   constant   
  10  pNx2         2.09111e+00   constant   
  11  ANy1         0.00000e+00   constant   
  12  pNy1         0.00000e+00   constant   
  13  w_y          0.00000e+00   constant   
  14  ANy2         1.07548e-02     fixed    
  15  pNy2         1.09622e+00   constant   
  16  w_vw         1.43115e+01   constant   
  17  LM          -4.64416e-04   constant   
  18  wCBO_expCoeff   2.00000e+02   1.82991e-05   0.00000e+00  -7.06464e+03
  19  wCBO_expOffset   2.00000e+02   2.24043e-06   0.00000e+00  -3.44042e+05
  20  wCBO_expT    3.00000e+01   2.22428e-06   0.00000e+00  -1.70885e+06
  21  wCBO_linCoeff   0.00000e+00   constant   
  22  wCBO_const  -2.96549e-03   3.45474e-04  -0.00000e+00  -1.49900e+03
 EXTERNAL ERROR MATRIX.    NDIM=  25    NPAR=  7    ERR DEF=1
  4.982e-08 -2.847e-11  5.986e-06 -2.446e-09 -2.528e-10 -4.210e-10  1.436e-08 
 -2.847e-11  4.534e-14  8.336e-10  1.214e-12  1.787e-13  2.768e-13 -3.881e-11 
  5.986e-06  8.336e-10  1.388e-02  7.166e-08 -5.576e-08 -9.286e-08  5.836e-06 
 -2.446e-09  1.214e-12  7.166e-08  3.349e-10  1.535e-11  2.378e-11 -3.336e-09 
 -2.528e-10  1.787e-13 -5.576e-08  1.535e-11  5.020e-12  3.316e-12 -1.995e-10 
 -4.210e-10  2.768e-13 -9.286e-08  2.378e-11  3.316e-12  4.947e-12 -1.946e-10 
  1.436e-08 -3.881e-11  5.836e-06 -3.336e-09 -1.995e-10 -1.946e-10  1.194e-07 
ERR MATRIX NOT POS-DEF
 PARAMETER  CORRELATION COEFFICIENTS  
       NO.  GLOBAL      6      7      8     18     19     20     22
        6  0.91297   1.000 -0.599  0.228 -0.599 -0.506 -0.848  0.186
        7  0.91419  -0.599  1.000  0.033  0.312  0.374  0.584 -0.528
        8  0.80320   0.228  0.033  1.000  0.033 -0.211 -0.354  0.143
       18  0.91419  -0.599  0.312  0.033  1.000  0.374  0.584 -0.528
       19  0.70451  -0.506  0.374 -0.211  0.374  1.000  0.665 -0.258
       20  0.93465  -0.848  0.584 -0.354  0.584  0.665  1.000 -0.253
       22  0.89901   0.186 -0.528  0.143 -0.528 -0.258 -0.253  1.000
 ERR MATRIX NOT POS-DEF
MINUIT - FIT ONLY 1-CBO
 **********
 **   29 **RES 
 **********
                   PARAMETER   14  ANy2 RESTORED TO VARIABLE.
                   PARAMETER    4  phi RESTORED TO VARIABLE.
                   PARAMETER    3  A0 RESTORED TO VARIABLE.
                   PARAMETER    1  N0 RESTORED TO VARIABLE.
 **********
 **   30 **FIX            0
 **********
 PARAMETER    0  IS UNDEFINED. IGNORED.
 **********
 **   31 **FIX            1
 **********
 **********
 **   32 **FIX            2
 **********
 PARAMETER    2  IS CONSTANT.   IGNORED.
 **********
 **   33 **FIX            3
 **********
 **********
 **   34 **FIX            4
 **********
 **********
 **   35 **FIX            8
 **********
 **********
 **   36 **FIX            9
 **********
 PARAMETER    9  IS CONSTANT.   IGNORED.
 **********
 **   37 **FIX           11
 **********
 PARAMETER   11  IS CONSTANT.   IGNORED.
 **********
 **   38 **FIX           12
 **********
 PARAMETER   12  IS CONSTANT.   IGNORED.
 **********
 **   39 **FIX           13
 **********
 PARAMETER   13  IS CONSTANT.   IGNORED.
 **********
 **   40 **FIX           15
 **********
 PARAMETER   15  IS CONSTANT.   IGNORED.
 **********
 **   41 **FIX           16
 **********
 PARAMETER   16  IS CONSTANT.   IGNORED.
 **********
 **   42 **MIGRAD
 **********
 START MIGRAD MINIMIZATION.  STRATEGY  1.  CONVERGENCE WHEN EDM .LT. 1.00e-04
 FCN=4189.54 FROM MIGRAD    STATUS=INITIATE       16 CALLS         657 TOTAL
                     EDM= unknown      STRATEGY= 1      NO ERROR MATRIX       
  EXT PARAMETER               CURRENT GUESS       STEP         FIRST   
  NO.   NAME      VALUE            ERROR          SIZE      DERIVATIVE 
   1  N0           3.34261e+06     fixed    
   2  tau          6.43904e+01   constant   
   3  A0           3.54583e-01     fixed    
   4  phi          4.13211e+00     fixed    
   5  R           -6.09611e+01   constant   
   6  A_CBO        1.71547e-03   2.23211e-04  -0.00000e+00   2.08550e+03
   7  w_CBO        2.32770e+00   2.12939e-07   0.00000e+00  -6.06255e+05
   8  phi_CBO      5.01820e+00     fixed    
   9  ANx2         2.14836e-04   constant   
  10  pNx2         2.09111e+00   constant   
  11  ANy1         0.00000e+00   constant   
  12  pNy1         0.00000e+00   constant   
  13  w_y          0.00000e+00   constant   
  14  ANy2         1.07548e-02   1.00000e-04   1.00000e-04   5.34193e+05
  15  pNy2         1.09622e+00   constant   
  16  w_vw         1.43115e+01   constant   
  17  LM          -4.64416e-04   constant   
  18  wCBO_expCoeff   2.00000e+02   1.82991e-05   0.00000e+00  -7.06464e+03
  19  wCBO_expOffset   2.00000e+02   2.24043e-06   0.00000e+00  -3.44042e+05
  20  wCBO_expT    3.00000e+01   2.22428e-06   0.00000e+00  -1.70885e+06
  21  wCBO_linCoeff   0.00000e+00   constant   
  22  wCBO_const  -2.96549e-03   3.45474e-04  -0.00000e+00  -1.49900e+03
 MIGRAD FAILS TO FIND IMPROVEMENT
 FCN=1560.86 FROM HESSE     STATUS=NOT POSDEF     58 CALLS         774 TOTAL
                     EDM=151.319    STRATEGY= 1      ERR MATRIX NOT POS-DEF
  EXT PARAMETER                APPROXIMATE        STEP         FIRST   
  NO.   NAME      VALUE            ERROR          SIZE      DERIVATIVE 
   1  N0           3.34261e+06     fixed    
   2  tau          6.43904e+01   constant   
   3  A0           3.54583e-01     fixed    
   4  phi          4.13211e+00     fixed    
   5  R           -6.09611e+01   constant   
   6  A_CBO        1.63417e-03   1.40611e-03   3.51853e-06  -1.60476e+03
   7  w_CBO        2.32770e+00   1.10251e-06   1.10993e-06  -2.42792e+06
   8  phi_CBO      5.01820e+00     fixed    
   9  ANx2         2.14836e-04   constant   
  10  pNx2         2.09111e+00   constant   
  11  ANy1         0.00000e+00   constant   
  12  pNy1         0.00000e+00   constant   
  13  w_y          0.00000e+00   constant   
  14  ANy2         8.76720e-04   1.73628e-04   3.68883e-06  -6.31894e+02
  15  pNy2         1.09622e+00   constant   
  16  w_vw         1.43115e+01   constant   
  17  LM          -4.64416e-04   constant   
  18  wCBO_expCoeff   1.99999e+02   9.47239e-05   9.53672e-05  -2.82540e+04
  19  wCBO_expOffset   2.00000e+02   4.87492e-05   9.53675e-05   4.72165e+05
  20  wCBO_expT    3.00000e+01   7.92017e-06   1.43051e-05   5.83701e+05
  21  wCBO_linCoeff   0.00000e+00   constant   
  22  wCBO_const  -3.66758e-03   4.78188e-04   9.79236e-06  -7.02609e+02
 MIGRAD FAILS TO FIND IMPROVEMENT
 MIGRAD TERMINATED WITHOUT CONVERGENCE.
 FCN=1560.86 FROM MIGRAD    STATUS=FAILED        144 CALLS         785 TOTAL
                     EDM=151.319    STRATEGY= 1      ERR MATRIX NOT POS-DEF
  EXT PARAMETER                APPROXIMATE        STEP         FIRST   
  NO.   NAME      VALUE            ERROR          SIZE      DERIVATIVE 
   1  N0           3.34261e+06     fixed    
   2  tau          6.43904e+01   constant   
   3  A0           3.54583e-01     fixed    
   4  phi          4.13211e+00     fixed    
   5  R           -6.09611e+01   constant   
   6  A_CBO        1.63417e-03   1.40611e-03   0.00000e+00  -1.60476e+03
   7  w_CBO        2.32770e+00   1.10251e-06  -0.00000e+00  -2.42792e+06
   8  phi_CBO      5.01820e+00     fixed    
   9  ANx2         2.14836e-04   constant   
  10  pNx2         2.09111e+00   constant   
  11  ANy1         0.00000e+00   constant   
  12  pNy1         0.00000e+00   constant   
  13  w_y          0.00000e+00   constant   
  14  ANy2         8.76720e-04   1.73628e-04  -0.00000e+00  -6.31894e+02
  15  pNy2         1.09622e+00   constant   
  16  w_vw         1.43115e+01   constant   
  17  LM          -4.64416e-04   constant   
  18  wCBO_expCoeff   1.99999e+02   9.47239e-05  -0.00000e+00  -2.82540e+04
  19  wCBO_expOffset   2.00000e+02   4.87492e-05  -0.00000e+00   4.72165e+05
  20  wCBO_expT    3.00000e+01   7.92017e-06  -0.00000e+00   5.83701e+05
  21  wCBO_linCoeff   0.00000e+00   constant   
  22  wCBO_const  -3.66758e-03   4.78188e-04   0.00000e+00  -7.02609e+02
 EXTERNAL ERROR MATRIX.    NDIM=  25    NPAR=  7    ERR DEF=1
  1.977e-06 -1.519e-09 -1.514e-07 -1.305e-07 -6.818e-08 -1.107e-08  1.196e-07 
 -1.519e-09  1.216e-12  1.173e-10  9.975e-11  5.274e-11  8.566e-12 -1.278e-10 
 -1.514e-07  1.173e-10  3.015e-08  1.008e-08  5.256e-09  8.517e-10 -6.556e-09 
 -1.305e-07  9.975e-11  1.008e-08  8.973e-09  4.531e-09  7.360e-10 -1.098e-08 
 -6.818e-08  5.274e-11  5.256e-09  4.531e-09  2.376e-09  3.838e-10 -4.087e-09 
 -1.107e-08  8.566e-12  8.517e-10  7.360e-10  3.838e-10  6.273e-11 -6.623e-10 
  1.196e-07 -1.278e-10 -6.556e-09 -1.098e-08 -4.087e-09 -6.623e-10  2.287e-07 
ERR MATRIX NOT POS-DEF
 PARAMETER  CORRELATION COEFFICIENTS  
       NO.  GLOBAL      6      7     14     18     19     20     22
        6  0.99576   1.000 -0.980 -0.620 -0.980 -0.995 -0.994  0.178
        7  0.98958  -0.980  1.000  0.613  0.955  0.981  0.981 -0.242
       14  0.62438  -0.620  0.613  1.000  0.613  0.621  0.619 -0.079
       18  0.98958  -0.980  0.955  0.613  1.000  0.981  0.981 -0.242
       19  0.99668  -0.995  0.981  0.621  0.981  1.000  0.994 -0.175
       20  0.99611  -0.994  0.981  0.619  0.981  0.994  1.000 -0.175
       22  0.66754   0.178 -0.242 -0.079 -0.242 -0.175 -0.175  1.000
 ERR MATRIX NOT POS-DEF
MINUIT - FIT ONLY 2-CBO
 **********
 **   43 **RES 
 **********
                   PARAMETER    8  phi_CBO RESTORED TO VARIABLE.
                   PARAMETER    4  phi RESTORED TO VARIABLE.
                   PARAMETER    3  A0 RESTORED TO VARIABLE.
                   PARAMETER    1  N0 RESTORED TO VARIABLE.
 **********
 **   44 **FIX            0
 **********
 PARAMETER    0  IS UNDEFINED. IGNORED.
 **********
 **   45 **FIX            1
 **********
 **********
 **   46 **FIX            2
 **********
 PARAMETER    2  IS CONSTANT.   IGNORED.
 **********
 **   47 **FIX            3
 **********
 **********
 **   48 **FIX            4
 **********
 **********
 **   49 **FIX            5
 **********
 PARAMETER    5  IS CONSTANT.   IGNORED.
 **********
 **   50 **FIX            6
 **********
 **********
 **   51 **FIX            7
 **********
 **********
 **   52 **FIX           10
 **********
 PARAMETER   10  IS CONSTANT.   IGNORED.
 **********
 **   53 **FIX           11
 **********
 PARAMETER   11  IS CONSTANT.   IGNORED.
 **********
 **   54 **FIX           12
 **********
 PARAMETER   12  IS CONSTANT.   IGNORED.
 **********
 **   55 **FIX           13
 **********
 PARAMETER   13  IS CONSTANT.   IGNORED.
 **********
 **   56 **FIX           14
 **********
 **********
 **   57 **FIX           15
 **********
 PARAMETER   15  IS CONSTANT.   IGNORED.
 **********
 **   58 **FIX           16
 **********
 PARAMETER   16  IS CONSTANT.   IGNORED.
 **********
 **   59 **MIGRAD
 **********
 START MIGRAD MINIMIZATION.  STRATEGY  1.  CONVERGENCE WHEN EDM .LT. 1.00e-04
 FCN=1560.86 FROM MIGRAD    STATUS=INITIATE       10 CALLS         795 TOTAL
                     EDM= unknown      STRATEGY= 1      NO ERROR MATRIX       
  EXT PARAMETER               CURRENT GUESS       STEP         FIRST   
  NO.   NAME      VALUE            ERROR          SIZE      DERIVATIVE 
   1  N0           3.34261e+06     fixed    
   2  tau          6.43904e+01   constant   
   3  A0           3.54583e-01     fixed    
   4  phi          4.13211e+00     fixed    
   5  R           -6.09611e+01   constant   
   6  A_CBO        1.63417e-03     fixed    
   7  w_CBO        2.32770e+00     fixed    
   8  phi_CBO      5.01820e+00   1.17820e-01   1.17820e-01  -1.83643e+01
   9  ANx2         2.14836e-04   constant   
  10  pNx2         2.09111e+00   constant   
  11  ANy1         0.00000e+00   constant   
  12  pNy1         0.00000e+00   constant   
  13  w_y          0.00000e+00   constant   
  14  ANy2         8.76720e-04     fixed    
  15  pNy2         1.09622e+00   constant   
  16  w_vw         1.43115e+01   constant   
  17  LM          -4.64416e-04   constant   
  18  wCBO_expCoeff   1.99999e+02   9.47239e-05  -0.00000e+00  -5.94014e+03
  19  wCBO_expOffset   2.00000e+02   4.87492e-05  -0.00000e+00  -7.32585e+04
  20  wCBO_expT    3.00000e+01   7.92017e-06  -0.00000e+00  -1.30998e+06
  21  wCBO_linCoeff   0.00000e+00   constant   
  22  wCBO_const  -3.66758e-03   4.78188e-04   0.00000e+00  -7.02585e+02
 MIGRAD FAILS TO FIND IMPROVEMENT
 FCN=1555.41 FROM HESSE     STATUS=NOT POSDEF     35 CALLS         896 TOTAL
                     EDM=305.872    STRATEGY= 1      ERR MATRIX NOT POS-DEF
  EXT PARAMETER                APPROXIMATE        STEP         FIRST   
  NO.   NAME      VALUE            ERROR          SIZE      DERIVATIVE 
   1  N0           3.34261e+06     fixed    
   2  tau          6.43904e+01   constant   
   3  A0           3.54583e-01     fixed    
   4  phi          4.13211e+00     fixed    
   5  R           -6.09611e+01   constant   
   6  A_CBO        1.63417e-03     fixed    
   7  w_CBO        2.32770e+00     fixed    
   8  phi_CBO      5.75250e+00   1.99655e-01   2.36525e-03   1.69315e+01
   9  ANx2         2.14836e-04   constant   
  10  pNx2         2.09111e+00   constant   
  11  ANy1         0.00000e+00   constant   
  12  pNy1         0.00000e+00   constant   
  13  w_y          0.00000e+00   constant   
  14  ANy2         8.76720e-04     fixed    
  15  pNy2         1.09622e+00   constant   
  16  w_vw         1.43115e+01   constant   
  17  LM          -4.64416e-04   constant   
  18  wCBO_expCoeff   2.00000e+02   1.92778e-04   9.53672e-05  -1.20357e+05
  19  wCBO_expOffset   2.00000e+02   5.02038e-05   9.53675e-05  -7.93509e+05
  20  wCBO_expT    3.00000e+01   9.28156e-06   1.43051e-05   2.70821e+06
  21  wCBO_linCoeff   0.00000e+00   constant   
  22  wCBO_const  -1.62435e-03   1.46118e-03   8.31846e-06  -3.81860e+03
 MIGRAD FAILS TO FIND IMPROVEMENT
 MIGRAD TERMINATED WITHOUT CONVERGENCE.
 FCN=1486.23 FROM MIGRAD    STATUS=FAILED        156 CALLS         941 TOTAL
                     EDM=28.6722    STRATEGY= 1      ERR MATRIX NOT POS-DEF
  EXT PARAMETER                APPROXIMATE        STEP         FIRST   
  NO.   NAME      VALUE            ERROR          SIZE      DERIVATIVE 
   1  N0           3.34261e+06     fixed    
   2  tau          6.43904e+01   constant   
   3  A0           3.54583e-01     fixed    
   4  phi          4.13211e+00     fixed    
   5  R           -6.09611e+01   constant   
   6  A_CBO        1.63417e-03     fixed    
   7  w_CBO        2.32770e+00     fixed    
   8  phi_CBO      3.44377e+00   1.82216e-01   0.00000e+00   2.60685e+01
   9  ANx2         2.14836e-04   constant   
  10  pNx2         2.09111e+00   constant   
  11  ANy1         0.00000e+00   constant   
  12  pNy1         0.00000e+00   constant   
  13  w_y          0.00000e+00   constant   
  14  ANy2         8.76720e-04     fixed    
  15  pNy2         1.09622e+00   constant   
  16  w_vw         1.43115e+01   constant   
  17  LM          -4.64416e-04   constant   
  18  wCBO_expCoeff   2.00003e+02   1.76227e-04  -0.00000e+00  -1.71261e+04
  19  wCBO_expOffset   2.00001e+02   4.61564e-05  -0.00000e+00   1.73409e+05
  20  wCBO_expT    3.00002e+01   8.55290e-06  -0.00000e+00   9.88346e+05
  21  wCBO_linCoeff   0.00000e+00   constant   
  22  wCBO_const  -2.49594e-02   1.39576e-03   0.00000e+00  -4.59974e+02
 EXTERNAL ERROR MATRIX.    NDIM=  25    NPAR=  5    ERR DEF=1
  3.320e-02 -1.771e-05 -5.111e-06 -9.615e-07  1.717e-04 
 -1.771e-05  3.106e-08  8.033e-09  1.490e-09 -2.318e-07 
 -5.111e-06  8.033e-09  2.130e-09  3.920e-10 -5.893e-08 
 -9.615e-07  1.490e-09  3.920e-10  7.315e-11 -1.091e-08 
  1.717e-04 -2.318e-07 -5.893e-08 -1.091e-08  1.948e-06 
ERR MATRIX NOT POS-DEF
 PARAMETER  CORRELATION COEFFICIENTS  
       NO.  GLOBAL      8     18     19     20     22
        8  0.99728   1.000 -0.551 -0.608 -0.617  0.675
       18  0.99994  -0.551  1.000  0.988  0.988 -0.942
       19  0.99894  -0.608  0.988  1.000  0.993 -0.915
       20  0.99980  -0.617  0.988  0.993  1.000 -0.914
       22  0.99943   0.675 -0.942 -0.915 -0.914  1.000
 ERR MATRIX NOT POS-DEF
MINUIT - FIT ONLY 1-y
 **********
 **   60 **RES 
 **********
                   PARAMETER   14  ANy2 RESTORED TO VARIABLE.
                   PARAMETER    7  w_CBO RESTORED TO VARIABLE.
                   PARAMETER    6  A_CBO RESTORED TO VARIABLE.
                   PARAMETER    4  phi RESTORED TO VARIABLE.
                   PARAMETER    3  A0 RESTORED TO VARIABLE.
                   PARAMETER    1  N0 RESTORED TO VARIABLE.
 **********
 **   61 **FIX            0
 **********
 PARAMETER    0  IS UNDEFINED. IGNORED.
 **********
 **   62 **FIX            1
 **********
 **********
 **   63 **FIX            2
 **********
 PARAMETER    2  IS CONSTANT.   IGNORED.
 **********
 **   64 **FIX            3
 **********
 **********
 **   65 **FIX            4
 **********
 **********
 **   66 **FIX            5
 **********
 PARAMETER    5  IS CONSTANT.   IGNORED.
 **********
 **   67 **FIX            6
 **********
 **********
 **   68 **FIX            7
 **********
 **********
 **   69 **FIX            8
 **********
 **********
 **   70 **FIX            9
 **********
 PARAMETER    9  IS CONSTANT.   IGNORED.
 **********
 **   71 **FIX           13
 **********
 PARAMETER   13  IS CONSTANT.   IGNORED.
 **********
 **   72 **FIX           14
 **********
 **********
 **   73 **FIX           15
 **********
 PARAMETER   15  IS CONSTANT.   IGNORED.
 **********
 **   74 **FIX           16
 **********
 PARAMETER   16  IS CONSTANT.   IGNORED.
 **********
 **   75 **MIGRAD
 **********
 START MIGRAD MINIMIZATION.  STRATEGY  1.  CONVERGENCE WHEN EDM .LT. 1.00e-04
 FCN=1486.23 FROM MIGRAD    STATUS=INITIATE        8 CALLS         949 TOTAL
                     EDM= unknown      STRATEGY= 1      NO ERROR MATRIX       
  EXT PARAMETER               CURRENT GUESS       STEP         FIRST   
  NO.   NAME      VALUE            ERROR          SIZE      DERIVATIVE 
   1  N0           3.34261e+06     fixed    
   2  tau          6.43904e+01   constant   
   3  A0           3.54583e-01     fixed    
   4  phi          4.13211e+00     fixed    
   5  R           -6.09611e+01   constant   
   6  A_CBO        1.63417e-03     fixed    
   7  w_CBO        2.32770e+00     fixed    
   8  phi_CBO      3.44377e+00     fixed    
   9  ANx2         2.14836e-04   constant   
  10  pNx2         2.09111e+00   constant   
  11  ANy1         0.00000e+00   constant   
  12  pNy1         0.00000e+00   constant   
  13  w_y          0.00000e+00   constant   
  14  ANy2         8.76720e-04     fixed    
  15  pNy2         1.09622e+00   constant   
  16  w_vw         1.43115e+01   constant   
  17  LM          -4.64416e-04   constant   
  18  wCBO_expCoeff   2.00003e+02   1.76227e-04  -0.00000e+00  -1.71261e+04
  19  wCBO_expOffset   2.00001e+02   4.61564e-05  -0.00000e+00   1.73409e+05
  20  wCBO_expT    3.00002e+01   8.55290e-06  -0.00000e+00   9.88346e+05
  21  wCBO_linCoeff   0.00000e+00   constant   
  22  wCBO_const  -2.49594e-02   1.39576e-03   0.00000e+00  -4.59973e+02
 MIGRAD FAILS TO FIND IMPROVEMENT
 FCN=1486.23 FROM HESSE     STATUS=NOT POSDEF     29 CALLS         989 TOTAL
                     EDM=39.9151    STRATEGY= 1      ERR MATRIX NOT POS-DEF
  EXT PARAMETER                APPROXIMATE        STEP         FIRST   
  NO.   NAME      VALUE            ERROR          SIZE      DERIVATIVE 
   1  N0           3.34261e+06     fixed    
   2  tau          6.43904e+01   constant   
   3  A0           3.54583e-01     fixed    
   4  phi          4.13211e+00     fixed    
   5  R           -6.09611e+01   constant   
   6  A_CBO        1.63417e-03     fixed    
   7  w_CBO        2.32770e+00     fixed    
   8  phi_CBO      3.44377e+00     fixed    
   9  ANx2         2.14836e-04   constant   
  10  pNx2         2.09111e+00   constant   
  11  ANy1         0.00000e+00   constant   
  12  pNy1         0.00000e+00   constant   
  13  w_y          0.00000e+00   constant   
  14  ANy2         8.76720e-04     fixed    
  15  pNy2         1.09622e+00   constant   
  16  w_vw         1.43115e+01   constant   
  17  LM          -4.64416e-04   constant   
  18  wCBO_expCoeff   2.00003e+02   1.99336e-04   9.53688e-05  -1.39652e+04
  19  wCBO_expOffset   2.00001e+02   4.53041e-05   9.53679e-05  -2.93829e+05
  20  wCBO_expT    3.00002e+01   9.74383e-06   1.43052e-05   3.14497e+05
  21  wCBO_linCoeff   0.00000e+00   constant   
  22  wCBO_const  -2.49594e-02   9.90415e-04   7.31845e-06  -4.59971e+02
 MIGRAD FAILS TO FIND IMPROVEMENT
 MIGRAD TERMINATED WITHOUT CONVERGENCE.
 FCN=1486.22 FROM MIGRAD    STATUS=FAILED        123 CALLS        1064 TOTAL
                     EDM=1.81658    STRATEGY= 1      ERR MATRIX NOT POS-DEF
  EXT PARAMETER                APPROXIMATE        STEP         FIRST   
  NO.   NAME      VALUE            ERROR          SIZE      DERIVATIVE 
   1  N0           3.34261e+06     fixed    
   2  tau          6.43904e+01   constant   
   3  A0           3.54583e-01     fixed    
   4  phi          4.13211e+00     fixed    
   5  R           -6.09611e+01   constant   
   6  A_CBO        1.63417e-03     fixed    
   7  w_CBO        2.32770e+00     fixed    
   8  phi_CBO      3.44377e+00     fixed    
   9  ANx2         2.14836e-04   constant   
  10  pNx2         2.09111e+00   constant   
  11  ANy1         0.00000e+00   constant   
  12  pNy1         0.00000e+00   constant   
  13  w_y          0.00000e+00   constant   
  14  ANy2         8.76720e-04     fixed    
  15  pNy2         1.09622e+00   constant   
  16  w_vw         1.43115e+01   constant   
  17  LM          -4.64416e-04   constant   
  18  wCBO_expCoeff   2.00003e+02   2.46958e-05  -0.00000e+00  -2.56311e+03
  19  wCBO_expOffset   2.00001e+02   1.58856e-06   0.00000e+00   1.61534e+05
  20  wCBO_expT    3.00002e+01   2.73507e-06  -0.00000e+00   8.24375e+05
  21  wCBO_linCoeff   0.00000e+00   constant   
  22  wCBO_const  -2.49659e-02   5.06297e-04  -0.00000e+00   1.51679e+02
 EXTERNAL ERROR MATRIX.    NDIM=  25    NPAR=  4    ERR DEF=1
  6.099e-10 -8.346e-12  4.013e-11 -6.378e-09 
 -8.346e-12  2.524e-12 -2.253e-12 -2.341e-10 
  4.013e-11 -2.253e-12  7.481e-12  5.338e-10 
 -6.378e-09 -2.341e-10  5.338e-10  2.563e-07 
ERR MATRIX NOT POS-DEF
 PARAMETER  CORRELATION COEFFICIENTS  
       NO.  GLOBAL     18     19     20     22
       18  0.99748   1.000 -0.213  0.594 -0.510
       19  0.57203  -0.213  1.000 -0.519 -0.291
       20  0.99717   0.594 -0.519  1.000  0.385
       22  0.99667  -0.510 -0.291  0.385  1.000
 ERR MATRIX NOT POS-DEF
MINUIT - FIT ONLY 2-y
 **********
 **   76 **RES 
 **********
                   PARAMETER   14  ANy2 RESTORED TO VARIABLE.
                   PARAMETER    8  phi_CBO RESTORED TO VARIABLE.
                   PARAMETER    7  w_CBO RESTORED TO VARIABLE.
                   PARAMETER    6  A_CBO RESTORED TO VARIABLE.
                   PARAMETER    4  phi RESTORED TO VARIABLE.
                   PARAMETER    3  A0 RESTORED TO VARIABLE.
                   PARAMETER    1  N0 RESTORED TO VARIABLE.
 **********
 **   77 **FIX            0
