 + ++++++++++++++++++++++++++++++++++++++++++++++++++++++++++++++++++++ +
 +                                                                      +
 +           You have chose to blind your fitting according to          +
 +                omega_ref * (1 + (R +/- deltaR) *10^{-6})             +
 +                                                                      +
 + ++++++++++++++++++++++++++++++++++++++++++++++++++++++++++++++++++++ +
In main()...
reading format from /gm2data/zkhechad/run45/envelope/formats/formatB_sBin_constraintOn.txt
pBinTau 	= 0  
pBinPhi 	= 0  
constraintau 	= 1 
includeMopTerm 	= 0    
constrainMop    = 0   
Parameters after format file: pBinTau 0 pBinPhi 0 constraintau 1 includeMopTerm 0 constrainMop 0 c_e_scale 0.000000 
reading cbo reference file (full fit) from /gm2data/zkhechad/cboTemplates/Run4CBOTemplates/fullFits/run4/sBin_constraintOn_cE0.0_seed0_run4_calo7.root
A_CBO 0.010017 w_CBO 2.326795 phi_CBO 5.385454 N0 2934724.912691 R -61.426290 tau 64.406392 
Reading cboRef file /gm2data/zkhechad/cboTemplates/Run4CBOTemplates//cboIsolate/run4_calo7.root
deltaT 164.120000
windowBins = 1100
fitting sliding window 2560 from bin 2763 at 412.239600 to bin 3863 at 576.359600 (1100 bins)

Reading data from /gm2data/cornell/histograms/aMethod/histogram_a_run4.root
fitting cbo isolate
 **********
 **    1 **SET PRINTOUT            1
 **********
 **********
 **    2 **SET NOWARNINGS 
 **********
 PARAMETER DEFINITIONS:
    NO.   NAME         VALUE      STEP SIZE      LIMITS
     1 A_CBO        1.00169e-02  1.00000e-05     no limits
     2 w_CBO        2.32680e+00  1.00000e-02    2.00000e+00  3.00000e+00
     3 phi_CBO      5.38545e+00  1.00000e-02    0.00000e+00  6.28319e+00
 **********
 **    3 **MIGRAD
 **********
 FIRST CALL TO USER FUNCTION AT NEW START POINT, WITH IFLAG=4.
 START MIGRAD MINIMIZATION.  STRATEGY  1.  CONVERGENCE WHEN EDM .LT. 1.00e-04
 FCN=0.437873 FROM MIGRAD    STATUS=INITIATE       12 CALLS          13 TOTAL
                     EDM= unknown      STRATEGY= 1      NO ERROR MATRIX       
  EXT PARAMETER               CURRENT GUESS       STEP         FIRST   
  NO.   NAME      VALUE            ERROR          SIZE      DERIVATIVE 
   1  A_CBO        1.00169e-02   1.00000e-05   1.00000e-05   9.65333e+00
   2  w_CBO        2.32680e+00   1.00000e-02   2.13223e-02   3.47654e+00
   3  phi_CBO      5.38545e+00   1.00000e-02   4.54801e-03  -3.30655e-02
 MIGRAD MINIMIZATION HAS CONVERGED.
 MIGRAD WILL VERIFY CONVERGENCE AND ERROR MATRIX.
 COVARIANCE MATRIX CALCULATED SUCCESSFULLY
 FCN=0.394606 FROM MIGRAD    STATUS=CONVERGED      65 CALLS          66 TOTAL
                     EDM=3.2405e-05    STRATEGY= 1      ERROR MATRIX ACCURATE 
  EXT PARAMETER                                   STEP         FIRST   
  NO.   NAME      VALUE            ERROR          SIZE      DERIVATIVE 
   1  A_CBO        1.76309e-03   4.26812e-02   2.45969e-05  -6.81005e-02
   2  w_CBO        2.32596e+00   2.39556e-01   7.50683e-05  -5.01455e-03
   3  phi_CBO      5.77575e+00   4.44570e+00   7.95292e-03  -6.59368e-05
 EXTERNAL ERROR MATRIX.    NDIM=  25    NPAR=  3    ERR DEF=1
  1.822e-03  6.129e-05  3.429e-02 
  6.129e-05  6.322e-02  3.097e+01 
  3.429e-02  3.097e+01  1.573e+04 
 PARAMETER  CORRELATION COEFFICIENTS  
       NO.  GLOBAL      1      2      3
        1  0.00711   1.000  0.006  0.006
        2  0.98212   0.006  1.000  0.982
        3  0.98212   0.006  0.982  1.000
setting A_CBO=0.001763 w_CBO=2.325960, phi_CBO=5.775753
done fitting cbo isolate
 **********
 **    1 **SET PRINTOUT            1
 **********
 **********
 **    2 **SET NOWARNINGS 
 **********
 PARAMETER DEFINITIONS:
    NO.   NAME         VALUE      STEP SIZE      LIMITS
     1 N0           2.93472e+06  1.00000e+02     no limits
     2 tau          6.44064e+01  constant
     3 A0           3.50200e-01  1.00000e-04     no limits
     4 phi          4.11726e+00  1.00000e-02     no limits
     5 R           -6.14263e+01  constant
     6 A_CBO        1.76309e-03  1.00000e-05     no limits
     7 w_CBO        2.32596e+00  1.00000e-03     no limits
     8 phi_CBO      5.77575e+00  1.00000e-04     no limits
     9 ANx2         5.09258e-04  constant
    10 pNx2         1.79030e-01  constant
    11 ANy1         0.00000e+00  constant
    12 pNy1         0.00000e+00  constant
    13 w_y          0.00000e+00  constant
    14 ANy2         8.95951e-03  1.00000e-04     no limits
    15 pNy2         6.17155e+00  constant
    16 w_vw         1.43200e+01  constant
    17 LM          -8.21731e-05  constant
    18 wCBO_expCoeff   2.00000e+02  1.00000e+00     no limits
    19 wCBO_expOffset   2.00000e+02  1.00000e+00     no limits
    20 wCBO_expT    3.00000e+01  1.00000e+00     no limits
    21 wCBO_linCoeff   0.00000e+00  constant
    22 wCBO_const   0.00000e+00  1.00000e-02     no limits
MINUIT - FIT ONLY WIGGLE
 **********
 **    3 **FIX            5
 **********
 PARAMETER    5  IS CONSTANT.   IGNORED.
 **********
 **    4 **FIX            6
 **********
 **********
 **    5 **FIX            7
 **********
 **********
 **    6 **FIX            8
 **********
 **********
 **    7 **FIX            9
 **********
 PARAMETER    9  IS CONSTANT.   IGNORED.
 **********
 **    8 **FIX           10
 **********
 PARAMETER   10  IS CONSTANT.   IGNORED.
 **********
 **    9 **FIX           11
 **********
 PARAMETER   11  IS CONSTANT.   IGNORED.
 **********
 **   10 **FIX           12
 **********
 PARAMETER   12  IS CONSTANT.   IGNORED.
 **********
 **   11 **FIX           13
 **********
 PARAMETER   13  IS CONSTANT.   IGNORED.
 **********
 **   12 **FIX           14
 **********
 **********
 **   13 **FIX           15
 **********
 PARAMETER   15  IS CONSTANT.   IGNORED.
 **********
 **   14 **FIX           16
 **********
 PARAMETER   16  IS CONSTANT.   IGNORED.
 **********
 **   15 **MIGRAD
 **********
 FIRST CALL TO USER FUNCTION AT NEW START POINT, WITH IFLAG=4.
 START MIGRAD MINIMIZATION.  STRATEGY  1.  CONVERGENCE WHEN EDM .LT. 1.00e-04
 FCN=354.32 FROM MIGRAD    STATUS=INITIATE       28 CALLS          29 TOTAL
                     EDM= unknown      STRATEGY= 1      NO ERROR MATRIX       
  EXT PARAMETER               CURRENT GUESS       STEP         FIRST   
  NO.   NAME      VALUE            ERROR          SIZE      DERIVATIVE 
   1  N0           2.93472e+06   1.00000e+02   1.00000e+02   4.70719e-04
   2  tau          6.44064e+01   constant   
   3  A0           3.50200e-01   1.00000e-04   1.00000e-04  -7.25113e+02
   4  phi          4.11726e+00   1.00000e-02   1.00000e-02   5.02848e+01
   5  R           -6.14263e+01   constant   
   6  A_CBO        1.76309e-03     fixed    
   7  w_CBO        2.32596e+00     fixed    
   8  phi_CBO      5.77575e+00     fixed    
   9  ANx2         5.09258e-04   constant   
  10  pNx2         1.79030e-01   constant   
  11  ANy1         0.00000e+00   constant   
  12  pNy1         0.00000e+00   constant   
  13  w_y          0.00000e+00   constant   
  14  ANy2         8.95951e-03     fixed    
  15  pNy2         6.17155e+00   constant   
  16  w_vw         1.43200e+01   constant   
  17  LM          -8.21731e-05   constant   
  18  wCBO_expCoeff   2.00000e+02   1.00000e+00   1.00000e+00   9.50047e-01
  19  wCBO_expOffset   2.00000e+02   1.00000e+00   1.00000e+00   6.33365e+00
  20  wCBO_expT    3.00000e+01   1.00000e+00   1.00000e+00   4.63365e+01
  21  wCBO_linCoeff   0.00000e+00   constant   
  22  wCBO_const   0.00000e+00   1.00000e-02   1.00000e-02   1.65890e+03
 MIGRAD MINIMIZATION HAS CONVERGED.
 MIGRAD WILL VERIFY CONVERGENCE AND ERROR MATRIX.
 FCN=353.005 FROM MIGRAD    STATUS=CONVERGED     374 CALLS         375 TOTAL
                     EDM=1.23105e-09    STRATEGY= 1      ERR MATRIX NOT POS-DEF
  EXT PARAMETER                APPROXIMATE        STEP         FIRST   
  NO.   NAME      VALUE            ERROR          SIZE      DERIVATIVE 
   1  N0           2.93373e+06   2.45769e+03   2.07860e+01   1.63392e-10
   2  tau          6.44064e+01   constant   
   3  A0           3.50581e-01   1.14036e-03   1.03458e-05   4.15892e-03
   4  phi          4.11713e+00   3.32984e-03   3.05945e-05   6.84406e-03
   5  R           -6.14263e+01   constant   
   6  A_CBO        1.76309e-03     fixed    
   7  w_CBO        2.32596e+00     fixed    
   8  phi_CBO      5.77575e+00     fixed    
   9  ANx2         5.09258e-04   constant   
  10  pNx2         1.79030e-01   constant   
  11  ANy1         0.00000e+00   constant   
  12  pNy1         0.00000e+00   constant   
  13  w_y          0.00000e+00   constant   
  14  ANy2         8.95951e-03     fixed    
  15  pNy2         6.17155e+00   constant   
  16  w_vw         1.43200e+01   constant   
  17  LM          -8.21731e-05   constant   
  18  wCBO_expCoeff   2.17919e+02   2.20196e+01   1.51651e-02  -8.44222e-06
  19  wCBO_expOffset   2.02660e+02   2.96042e+00   2.03525e-03  -6.28901e-05
  20  wCBO_expT    2.92457e+01   3.77510e-01   2.76316e-04  -5.16162e-04
  21  wCBO_linCoeff   0.00000e+00   constant   
  22  wCBO_const   4.60083e-04   8.54289e-04   5.36323e-06  -6.98909e-02
 EXTERNAL ERROR MATRIX.    NDIM=  25    NPAR=  7    ERR DEF=1
  6.040e+06 -2.951e-02 -1.754e-02  1.334e+03  1.806e+02 -5.228e+01  9.469e-03 
 -2.951e-02  1.300e-06  3.213e-08 -7.446e-04 -1.008e-04  2.962e-05  5.907e-08 
 -1.754e-02  3.213e-08  1.109e-05  3.599e-05  5.253e-06  8.161e-06 -1.146e-07 
  1.334e+03 -7.446e-04  3.599e-05  4.849e+02 -3.824e+01 -3.745e+00  3.429e-03 
  1.806e+02 -1.008e-04  5.253e-06 -3.824e+01  8.764e+00 -5.069e-01  4.634e-04 
 -5.228e+01  2.962e-05  8.161e-06 -3.745e+00 -5.069e-01  1.425e-01 -1.495e-04 
  9.469e-03  5.907e-08 -1.146e-07  3.429e-03  4.634e-04 -1.495e-04  7.298e-07 
ERR MATRIX NOT POS-DEF
 PARAMETER  CORRELATION COEFFICIENTS  
       NO.  GLOBAL      1      3      4     18     19     20     22
        1  0.07280   1.000 -0.011 -0.002  0.025  0.025 -0.056  0.005
        3  0.17325  -0.011  1.000  0.008 -0.030 -0.030  0.069  0.061
        4  0.07179  -0.002  0.008  1.000  0.000  0.001  0.006 -0.040
       18  0.99720   0.025 -0.030  0.000  1.000 -0.587 -0.450  0.182
       19  0.99721   0.025 -0.030  0.001 -0.587  1.000 -0.454  0.183
       20  0.99684  -0.056  0.069  0.006 -0.450 -0.454  1.000 -0.464
       22  0.73182   0.005  0.061 -0.040  0.182  0.183 -0.464  1.000
 ERR MATRIX NOT POS-DEF
MINUIT - FIT ONLY 1-CBO + other amplitudes 
 **********
 **   16 **RES 
 **********
                   PARAMETER   14  ANy2 RESTORED TO VARIABLE.
                   PARAMETER    8  phi_CBO RESTORED TO VARIABLE.
                   PARAMETER    7  w_CBO RESTORED TO VARIABLE.
                   PARAMETER    6  A_CBO RESTORED TO VARIABLE.
 **********
 **   17 **FIX            0
 **********
 PARAMETER    0  IS UNDEFINED. IGNORED.
 **********
 **   18 **FIX            1
 **********
 **********
 **   19 **FIX            2
 **********
 PARAMETER    2  IS CONSTANT.   IGNORED.
 **********
 **   20 **FIX            3
 **********
 **********
 **   21 **FIX            4
 **********
 **********
 **   22 **FIX            9
 **********
 PARAMETER    9  IS CONSTANT.   IGNORED.
 **********
 **   23 **FIX           11
 **********
 PARAMETER   11  IS CONSTANT.   IGNORED.
 **********
 **   24 **FIX           12
 **********
 PARAMETER   12  IS CONSTANT.   IGNORED.
 **********
 **   25 **FIX           14
 **********
 **********
 **   26 **FIX           15
 **********
 PARAMETER   15  IS CONSTANT.   IGNORED.
 **********
 **   27 **FIX           16
 **********
 PARAMETER   16  IS CONSTANT.   IGNORED.
 **********
 **   28 **MIGRAD
 **********
 START MIGRAD MINIMIZATION.  STRATEGY  1.  CONVERGENCE WHEN EDM .LT. 1.00e-04
 FCN=353.005 FROM MIGRAD    STATUS=INITIATE       18 CALLS         393 TOTAL
                     EDM= unknown      STRATEGY= 1      NO ERROR MATRIX       
  EXT PARAMETER               CURRENT GUESS       STEP         FIRST   
  NO.   NAME      VALUE            ERROR          SIZE      DERIVATIVE 
   1  N0           2.93373e+06     fixed    
   2  tau          6.44064e+01   constant   
   3  A0           3.50581e-01     fixed    
   4  phi          4.11713e+00     fixed    
   5  R           -6.14263e+01   constant   
   6  A_CBO        1.76309e-03   1.00000e-05   1.00000e-05   7.36419e+02
   7  w_CBO        2.32596e+00   1.00000e-03   1.00000e-03  -3.12208e-02
   8  phi_CBO      5.77575e+00   1.00000e-04   1.00000e-04   4.68727e-02
   9  ANx2         5.09258e-04   constant   
  10  pNx2         1.79030e-01   constant   
  11  ANy1         0.00000e+00   constant   
  12  pNy1         0.00000e+00   constant   
  13  w_y          0.00000e+00   constant   
  14  ANy2         8.95951e-03     fixed    
  15  pNy2         6.17155e+00   constant   
  16  w_vw         1.43200e+01   constant   
  17  LM          -8.21731e-05   constant   
  18  wCBO_expCoeff   2.17919e+02   2.20196e+01   1.51651e-02  -7.90471e-06
  19  wCBO_expOffset   2.02660e+02   2.96042e+00   2.03525e-03  -5.84377e-05
  20  wCBO_expT    2.92457e+01   3.77510e-01   2.76316e-04  -4.87145e-04
  21  wCBO_linCoeff   0.00000e+00   constant   
  22  wCBO_const   4.60083e-04   8.54289e-04   5.36323e-06  -7.09587e-02
 MIGRAD MINIMIZATION HAS CONVERGED.
 MIGRAD WILL VERIFY CONVERGENCE AND ERROR MATRIX.
 FCN=352.794 FROM MIGRAD    STATUS=CONVERGED     202 CALLS         577 TOTAL
                     EDM=9.5908e-07    STRATEGY= 1      ERR MATRIX NOT POS-DEF
  EXT PARAMETER                APPROXIMATE        STEP         FIRST   
  NO.   NAME      VALUE            ERROR          SIZE      DERIVATIVE 
   1  N0           2.93373e+06     fixed    
   2  tau          6.44064e+01   constant   
   3  A0           3.50581e-01     fixed    
   4  phi          4.11713e+00     fixed    
   5  R           -6.14263e+01   constant   
   6  A_CBO        1.18636e-03   1.20666e-03   1.10070e-05   7.59397e-02
   7  w_CBO        2.32625e+00   1.32580e-02   1.33943e-05  -8.88890e-01
   8  phi_CBO      5.82750e+00   1.47857e+00   9.05637e-03   1.25734e-03
   9  ANx2         5.09258e-04   constant   
  10  pNx2         1.79030e-01   constant   
  11  ANy1         0.00000e+00   constant   
  12  pNy1         0.00000e+00   constant   
  13  w_y          0.00000e+00   constant   
  14  ANy2         8.95951e-03     fixed    
  15  pNy2         6.17155e+00   constant   
  16  w_vw         1.43200e+01   constant   
  17  LM          -8.21731e-05   constant   
  18  wCBO_expCoeff   2.21263e+02   2.15717e+01   1.68010e-02  -5.15448e-04
  19  wCBO_expOffset   2.03109e+02   2.84430e+00   2.21376e-03  -3.91656e-03
  20  wCBO_expT    2.91190e+01   3.74604e-01   3.00616e-04  -2.96908e-02
  21  wCBO_linCoeff   0.00000e+00   constant   
  22  wCBO_const   5.04909e-04   5.70253e-03   6.06931e-06  -1.95270e+00
 EXTERNAL ERROR MATRIX.    NDIM=  25    NPAR=  7    ERR DEF=1
  1.456e-06 -2.132e-07 -1.865e-04 -1.273e-03 -1.690e-04  5.005e-05 -8.324e-08 
 -2.132e-07  1.758e-04  1.479e-03 -1.133e-03 -1.616e-04 -3.041e-04 -7.359e-05 
 -1.865e-04  1.479e-03  2.186e+00  1.081e+00  1.430e-01 -5.779e-02  6.780e-04 
 -1.273e-03 -1.133e-03  1.081e+00  4.653e+02 -3.464e+01 -3.721e+00  4.851e-03 
 -1.690e-04 -1.616e-04  1.430e-01 -3.464e+01  8.090e+00 -4.939e-01  6.476e-04 
  5.005e-05 -3.041e-04 -5.779e-02 -3.721e+00 -4.939e-01  1.403e-01 -7.004e-05 
 -8.324e-08 -7.359e-05  6.780e-04  4.851e-03  6.476e-04 -7.004e-05  3.252e-05 
ERR MATRIX NOT POS-DEF
 PARAMETER  CORRELATION COEFFICIENTS  
       NO.  GLOBAL      6      7      8     18     19     20     22
        6  0.14552   1.000 -0.013 -0.105 -0.049 -0.049  0.111 -0.012
        7  0.99398  -0.013  1.000  0.075 -0.004 -0.004 -0.061 -0.973
        8  0.74579  -0.105  0.075  1.000  0.034  0.034 -0.104  0.080
       18  0.99641  -0.049 -0.004  0.034  1.000 -0.565 -0.460  0.039
       19  0.99643  -0.049 -0.004  0.034 -0.565  1.000 -0.464  0.040
       20  0.99620   0.111 -0.061 -0.104 -0.460 -0.464  1.000 -0.033
       22  0.99332  -0.012 -0.973  0.080  0.039  0.040 -0.033  1.000
 ERR MATRIX NOT POS-DEF
MINUIT - FIT ONLY 1-CBO
 **********
 **   29 **RES 
 **********
                   PARAMETER   14  ANy2 RESTORED TO VARIABLE.
                   PARAMETER    4  phi RESTORED TO VARIABLE.
                   PARAMETER    3  A0 RESTORED TO VARIABLE.
                   PARAMETER    1  N0 RESTORED TO VARIABLE.
 **********
 **   30 **FIX            0
 **********
 PARAMETER    0  IS UNDEFINED. IGNORED.
 **********
 **   31 **FIX            1
 **********
 **********
 **   32 **FIX            2
 **********
 PARAMETER    2  IS CONSTANT.   IGNORED.
 **********
 **   33 **FIX            3
 **********
 **********
 **   34 **FIX            4
 **********
 **********
 **   35 **FIX            8
 **********
 **********
 **   36 **FIX            9
 **********
 PARAMETER    9  IS CONSTANT.   IGNORED.
 **********
 **   37 **FIX           11
 **********
 PARAMETER   11  IS CONSTANT.   IGNORED.
 **********
 **   38 **FIX           12
 **********
 PARAMETER   12  IS CONSTANT.   IGNORED.
 **********
 **   39 **FIX           13
 **********
 PARAMETER   13  IS CONSTANT.   IGNORED.
 **********
 **   40 **FIX           15
 **********
 PARAMETER   15  IS CONSTANT.   IGNORED.
 **********
 **   41 **FIX           16
 **********
 PARAMETER   16  IS CONSTANT.   IGNORED.
 **********
 **   42 **MIGRAD
 **********
 START MIGRAD MINIMIZATION.  STRATEGY  1.  CONVERGENCE WHEN EDM .LT. 1.00e-04
 FCN=352.794 FROM MIGRAD    STATUS=INITIATE       16 CALLS         593 TOTAL
                     EDM= unknown      STRATEGY= 1      NO ERROR MATRIX       
  EXT PARAMETER               CURRENT GUESS       STEP         FIRST   
  NO.   NAME      VALUE            ERROR          SIZE      DERIVATIVE 
   1  N0           2.93373e+06     fixed    
   2  tau          6.44064e+01   constant   
   3  A0           3.50581e-01     fixed    
   4  phi          4.11713e+00     fixed    
   5  R           -6.14263e+01   constant   
   6  A_CBO        1.18636e-03   1.20666e-03   1.10070e-05   7.59397e-02
   7  w_CBO        2.32625e+00   1.32580e-02   1.33943e-05  -8.88942e-01
   8  phi_CBO      5.82750e+00     fixed    
   9  ANx2         5.09258e-04   constant   
  10  pNx2         1.79030e-01   constant   
  11  ANy1         0.00000e+00   constant   
  12  pNy1         0.00000e+00   constant   
  13  w_y          0.00000e+00   constant   
  14  ANy2         8.95951e-03   1.00000e-04   1.00000e-04   1.25663e+04
  15  pNy2         6.17155e+00   constant   
  16  w_vw         1.43200e+01   constant   
  17  LM          -8.21731e-05   constant   
  18  wCBO_expCoeff   2.21263e+02   2.15717e+01   1.68010e-02  -5.12562e-04
  19  wCBO_expOffset   2.03109e+02   2.84430e+00   2.21376e-03  -3.89185e-03
  20  wCBO_expT    2.91190e+01   3.74604e-01   3.00616e-04  -2.95298e-02
  21  wCBO_linCoeff   0.00000e+00   constant   
  22  wCBO_const   5.04909e-04   5.70253e-03   6.06931e-06  -1.95257e+00
 MIGRAD MINIMIZATION HAS CONVERGED.
 MIGRAD WILL VERIFY CONVERGENCE AND ERROR MATRIX.
 FCN=297.334 FROM MIGRAD    STATUS=CONVERGED     114 CALLS         691 TOTAL
                     EDM=2.60356e-05    STRATEGY= 1      ERR MATRIX NOT POS-DEF
  EXT PARAMETER                APPROXIMATE        STEP         FIRST   
  NO.   NAME      VALUE            ERROR          SIZE      DERIVATIVE 
   1  N0           2.93373e+06     fixed    
   2  tau          6.44064e+01   constant   
   3  A0           3.50581e-01     fixed    
   4  phi          4.11713e+00     fixed    
   5  R           -6.14263e+01   constant   
   6  A_CBO        1.19930e-03   1.20117e-03   1.00926e-05   2.46961e-01
   7  w_CBO        2.32624e+00   1.43153e-02   1.23253e-05  -6.66701e-01
   8  phi_CBO      5.82750e+00     fixed    
   9  ANx2         5.09258e-04   constant   
  10  pNx2         1.79030e-01   constant   
  11  ANy1         0.00000e+00   constant   
  12  pNy1         0.00000e+00   constant   
  13  w_y          0.00000e+00   constant   
  14  ANy2         1.32572e-04   1.18209e-03   9.99623e-06   5.37735e-03
  15  pNy2         6.17155e+00   constant   
  16  w_vw         1.43200e+01   constant   
  17  LM          -8.21731e-05   constant   
  18  wCBO_expCoeff   2.21251e+02   2.24891e+01   1.55057e-02   3.60746e-04
  19  wCBO_expOffset   2.03108e+02   2.96387e+00   2.04067e-03   2.74113e-03
  20  wCBO_expT    2.91188e+01   3.88086e-01   2.76969e-04  -4.73759e-04
  21  wCBO_linCoeff   0.00000e+00   constant   
  22  wCBO_const   5.04340e-04   6.15430e-03   5.58485e-06  -1.62988e+00
 EXTERNAL ERROR MATRIX.    NDIM=  25    NPAR=  7    ERR DEF=1
  1.443e-06 -9.905e-08 -2.610e-09 -1.335e-03 -1.767e-04  5.125e-05 -2.712e-08 
 -9.905e-08  2.049e-04  5.979e-10 -2.510e-03 -3.457e-04 -2.940e-04 -8.698e-05 
 -2.610e-09  5.979e-10  1.397e-06  6.029e-06  8.026e-07 -1.171e-07  1.553e-10 
 -1.335e-03 -2.510e-03  6.029e-06  5.058e+02 -3.784e+01 -4.011e+00  5.170e-03 
 -1.767e-04 -3.457e-04  8.026e-07 -3.784e+01  8.785e+00 -5.313e-01  6.895e-04 
  5.125e-05 -2.940e-04 -1.171e-07 -4.011e+00 -5.313e-01  1.506e-01 -5.370e-05 
 -2.712e-08 -8.698e-05  1.553e-10  5.170e-03  6.895e-04 -5.370e-05  3.788e-05 
ERR MATRIX NOT POS-DEF
 PARAMETER  CORRELATION COEFFICIENTS  
       NO.  GLOBAL      6      7     14     18     19     20     22
        6  0.11220   1.000 -0.006 -0.002 -0.049 -0.050  0.110 -0.004
        7  0.99483  -0.006  1.000  0.000 -0.008 -0.008 -0.053 -0.987
       14  0.00352  -0.002  0.000  1.000  0.000  0.000 -0.000  0.000
       18  0.99668  -0.049 -0.008  0.000  1.000 -0.568 -0.460  0.037
       19  0.99669  -0.050 -0.008  0.000 -0.568  1.000 -0.462  0.038
       20  0.99644   0.110 -0.053 -0.000 -0.460 -0.462  1.000 -0.022
       22  0.99426  -0.004 -0.987  0.000  0.037  0.038 -0.022  1.000
 ERR MATRIX NOT POS-DEF
MINUIT - FIT ONLY 2-CBO
 **********
 **   43 **RES 
 **********
                   PARAMETER    8  phi_CBO RESTORED TO VARIABLE.
                   PARAMETER    4  phi RESTORED TO VARIABLE.
                   PARAMETER    3  A0 RESTORED TO VARIABLE.
                   PARAMETER    1  N0 RESTORED TO VARIABLE.
 **********
 **   44 **FIX            0
 **********
 PARAMETER    0  IS UNDEFINED. IGNORED.
 **********
 **   45 **FIX            1
 **********
 **********
 **   46 **FIX            2
 **********
 PARAMETER    2  IS CONSTANT.   IGNORED.
 **********
 **   47 **FIX            3
 **********
 **********
 **   48 **FIX            4
 **********
 **********
 **   49 **FIX            5
 **********
 PARAMETER    5  IS CONSTANT.   IGNORED.
 **********
 **   50 **FIX            6
 **********
 **********
 **   51 **FIX            7
 **********
 **********
 **   52 **FIX           10
 **********
 PARAMETER   10  IS CONSTANT.   IGNORED.
 **********
 **   53 **FIX           11
 **********
 PARAMETER   11  IS CONSTANT.   IGNORED.
 **********
 **   54 **FIX           12
 **********
 PARAMETER   12  IS CONSTANT.   IGNORED.
 **********
 **   55 **FIX           13
 **********
 PARAMETER   13  IS CONSTANT.   IGNORED.
 **********
 **   56 **FIX           14
 **********
 **********
 **   57 **FIX           15
 **********
 PARAMETER   15  IS CONSTANT.   IGNORED.
 **********
 **   58 **FIX           16
 **********
 PARAMETER   16  IS CONSTANT.   IGNORED.
 **********
 **   59 **MIGRAD
 **********
 START MIGRAD MINIMIZATION.  STRATEGY  1.  CONVERGENCE WHEN EDM .LT. 1.00e-04
 FCN=297.334 FROM MIGRAD    STATUS=INITIATE       10 CALLS         701 TOTAL
                     EDM= unknown      STRATEGY= 1      NO ERROR MATRIX       
  EXT PARAMETER               CURRENT GUESS       STEP         FIRST   
  NO.   NAME      VALUE            ERROR          SIZE      DERIVATIVE 
   1  N0           2.93373e+06     fixed    
   2  tau          6.44064e+01   constant   
   3  A0           3.50581e-01     fixed    
   4  phi          4.11713e+00     fixed    
   5  R           -6.14263e+01   constant   
   6  A_CBO        1.19930e-03     fixed    
   7  w_CBO        2.32624e+00     fixed    
   8  phi_CBO      5.82750e+00   1.47857e+00   1.47857e+00   1.62392e-02
   9  ANx2         5.09258e-04   constant   
  10  pNx2         1.79030e-01   constant   
  11  ANy1         0.00000e+00   constant   
  12  pNy1         0.00000e+00   constant   
  13  w_y          0.00000e+00   constant   
  14  ANy2         1.32572e-04     fixed    
  15  pNy2         6.17155e+00   constant   
  16  w_vw         1.43200e+01   constant   
  17  LM          -8.21731e-05   constant   
  18  wCBO_expCoeff   2.21251e+02   2.24891e+01   1.55057e-02   3.62404e-04
  19  wCBO_expOffset   2.03108e+02   2.96387e+00   2.04067e-03   2.75607e-03
  20  wCBO_expT    2.91188e+01   3.88086e-01   2.76969e-04  -4.57600e-04
  21  wCBO_linCoeff   0.00000e+00   constant   
  22  wCBO_const   5.04340e-04   6.15430e-03   5.58485e-06  -1.62996e+00
 MIGRAD MINIMIZATION HAS CONVERGED.
 MIGRAD WILL VERIFY CONVERGENCE AND ERROR MATRIX.
 FCN=297.333 FROM MIGRAD    STATUS=CONVERGED      80 CALLS         771 TOTAL
                     EDM=4.83587e-05    STRATEGY= 1      ERR MATRIX NOT POS-DEF
  EXT PARAMETER                APPROXIMATE        STEP         FIRST   
  NO.   NAME      VALUE            ERROR          SIZE      DERIVATIVE 
   1  N0           2.93373e+06     fixed    
   2  tau          6.44064e+01   constant   
   3  A0           3.50581e-01     fixed    
   4  phi          4.11713e+00     fixed    
   5  R           -6.14263e+01   constant   
   6  A_CBO        1.19930e-03     fixed    
   7  w_CBO        2.32624e+00     fixed    
   8  phi_CBO      5.81138e+00   1.46709e+00   8.24453e-03   9.23562e-04
   9  ANx2         5.09258e-04   constant   
  10  pNx2         1.79030e-01   constant   
  11  ANy1         0.00000e+00   constant   
  12  pNy1         0.00000e+00   constant   
  13  w_y          0.00000e+00   constant   
  14  ANy2         1.32572e-04     fixed    
  15  pNy2         6.17155e+00   constant   
  16  w_vw         1.43200e+01   constant   
  17  LM          -8.21731e-05   constant   
  18  wCBO_expCoeff   2.21252e+02   2.36355e+01   1.54909e-02  -1.17593e-05
  19  wCBO_expOffset   2.03108e+02   3.11594e+00   2.03878e-03  -8.93476e-05
  20  wCBO_expT    2.91188e+01   4.04527e-01   2.76665e-04  -2.58822e-02
  21  wCBO_linCoeff   0.00000e+00   constant   
  22  wCBO_const   4.95553e-04   1.32694e-03   5.56929e-06  -1.01744e+00
 EXTERNAL ERROR MATRIX.    NDIM=  25    NPAR=  5    ERR DEF=1
  2.152e+00  1.438e+00  1.903e-01 -6.606e-02  1.299e-03 
  1.438e+00  5.586e+02 -4.238e+01 -4.364e+00  5.326e-03 
  1.903e-01 -4.238e+01  9.709e+00 -5.789e-01  7.055e-04 
 -6.606e-02 -4.364e+00 -5.789e-01  1.636e-01 -2.317e-04 
  1.299e-03  5.326e-03  7.055e-04 -2.317e-04  1.761e-06 
ERR MATRIX NOT POS-DEF
 PARAMETER  CORRELATION COEFFICIENTS  
       NO.  GLOBAL      8     18     19     20     22
        8  0.74733   1.000  0.041  0.042 -0.111  0.667
       18  0.99699   0.041  1.000 -0.575 -0.456  0.170
       19  0.99700   0.042 -0.575  1.000 -0.459  0.171
       20  0.99673  -0.111 -0.456 -0.459  1.000 -0.432
       22  0.86804   0.667  0.170  0.171 -0.432  1.000
 ERR MATRIX NOT POS-DEF
MINUIT - FIT ONLY 1-y
 **********
 **   60 **RES 
 **********
                   PARAMETER   14  ANy2 RESTORED TO VARIABLE.
                   PARAMETER    7  w_CBO RESTORED TO VARIABLE.
                   PARAMETER    6  A_CBO RESTORED TO VARIABLE.
                   PARAMETER    4  phi RESTORED TO VARIABLE.
                   PARAMETER    3  A0 RESTORED TO VARIABLE.
                   PARAMETER    1  N0 RESTORED TO VARIABLE.
 **********
 **   61 **FIX            0
 **********
 PARAMETER    0  IS UNDEFINED. IGNORED.
 **********
 **   62 **FIX            1
 **********
 **********
 **   63 **FIX            2
 **********
 PARAMETER    2  IS CONSTANT.   IGNORED.
 **********
 **   64 **FIX            3
 **********
 **********
 **   65 **FIX            4
 **********
 **********
 **   66 **FIX            5
 **********
 PARAMETER    5  IS CONSTANT.   IGNORED.
 **********
 **   67 **FIX            6
 **********
 **********
 **   68 **FIX            7
 **********
 **********
 **   69 **FIX            8
 **********
 **********
 **   70 **FIX            9
 **********
 PARAMETER    9  IS CONSTANT.   IGNORED.
 **********
 **   71 **FIX           13
 **********
 PARAMETER   13  IS CONSTANT.   IGNORED.
 **********
 **   72 **FIX           14
 **********
 **********
 **   73 **FIX           15
 **********
 PARAMETER   15  IS CONSTANT.   IGNORED.
 **********
 **   74 **FIX           16
 **********
 PARAMETER   16  IS CONSTANT.   IGNORED.
 **********
 **   75 **MIGRAD
 **********
 START MIGRAD MINIMIZATION.  STRATEGY  1.  CONVERGENCE WHEN EDM .LT. 1.00e-04
 FCN=297.333 FROM MIGRAD    STATUS=INITIATE        8 CALLS         779 TOTAL
                     EDM= unknown      STRATEGY= 1      NO ERROR MATRIX       
  EXT PARAMETER               CURRENT GUESS       STEP         FIRST   
  NO.   NAME      VALUE            ERROR          SIZE      DERIVATIVE 
   1  N0           2.93373e+06     fixed    
   2  tau          6.44064e+01   constant   
   3  A0           3.50581e-01     fixed    
   4  phi          4.11713e+00     fixed    
   5  R           -6.14263e+01   constant   
   6  A_CBO        1.19930e-03     fixed    
   7  w_CBO        2.32624e+00     fixed    
   8  phi_CBO      5.81138e+00     fixed    
   9  ANx2         5.09258e-04   constant   
  10  pNx2         1.79030e-01   constant   
  11  ANy1         0.00000e+00   constant   
  12  pNy1         0.00000e+00   constant   
  13  w_y          0.00000e+00   constant   
  14  ANy2         1.32572e-04     fixed    
  15  pNy2         6.17155e+00   constant   
  16  w_vw         1.43200e+01   constant   
  17  LM          -8.21731e-05   constant   
  18  wCBO_expCoeff   2.21252e+02   2.36355e+01   1.54909e-02  -1.14601e-05
  19  wCBO_expOffset   2.03108e+02   3.11594e+00   2.03878e-03  -8.66852e-05
  20  wCBO_expT    2.91188e+01   4.04527e-01   2.76665e-04  -2.57769e-02
  21  wCBO_linCoeff   0.00000e+00   constant   
  22  wCBO_const   4.95553e-04   1.32694e-03   5.56929e-06  -1.01737e+00
 MIGRAD MINIMIZATION HAS CONVERGED.
 MIGRAD WILL VERIFY CONVERGENCE AND ERROR MATRIX.
 FCN=297.333 FROM MIGRAD    STATUS=CONVERGED      41 CALLS         812 TOTAL
                     EDM=5.03183e-05    STRATEGY= 1      ERR MATRIX NOT POS-DEF
  EXT PARAMETER                APPROXIMATE        STEP         FIRST   
  NO.   NAME      VALUE            ERROR          SIZE      DERIVATIVE 
   1  N0           2.93373e+06     fixed    
   2  tau          6.44064e+01   constant   
   3  A0           3.50581e-01     fixed    
   4  phi          4.11713e+00     fixed    
   5  R           -6.14263e+01   constant   
   6  A_CBO        1.19930e-03     fixed    
   7  w_CBO        2.32624e+00     fixed    
   8  phi_CBO      5.81138e+00     fixed    
   9  ANx2         5.09258e-04   constant   
  10  pNx2         1.79030e-01   constant   
  11  ANy1         0.00000e+00   constant   
  12  pNy1         0.00000e+00   constant   
  13  w_y          0.00000e+00   constant   
  14  ANy2         1.32572e-04     fixed    
  15  pNy2         6.17155e+00   constant   
  16  w_vw         1.43200e+01   constant   
  17  LM          -8.21731e-05   constant   
  18  wCBO_expCoeff   2.21252e+02   2.45779e+01   1.54883e-02   3.99473e-04
  19  wCBO_expOffset   2.03108e+02   3.23979e+00   2.03841e-03   3.03539e-03
  20  wCBO_expT    2.91188e+01   4.16143e-01   2.76576e-04  -2.45971e-03
  21  wCBO_linCoeff   0.00000e+00   constant   
  22  wCBO_const   4.95679e-04   9.96224e-04   5.57043e-06   8.54807e-02
 EXTERNAL ERROR MATRIX.    NDIM=  25    NPAR=  4    ERR DEF=1
  6.041e+02 -4.641e+01 -4.631e+00  4.815e-03 
 -4.641e+01  1.050e+01 -6.141e-01  6.375e-04 
 -4.631e+00 -6.141e-01  1.732e-01 -2.051e-04 
  4.815e-03  6.375e-04 -2.051e-04  9.925e-07 
ERR MATRIX NOT POS-DEF
 PARAMETER  CORRELATION COEFFICIENTS  
       NO.  GLOBAL     18     19     20     22
       18  0.99722   1.000 -0.583 -0.453  0.197
       19  0.99723  -0.583  1.000 -0.455  0.198
       20  0.99690  -0.453 -0.455  1.000 -0.495
       22  0.75001   0.197  0.198 -0.495  1.000
 ERR MATRIX NOT POS-DEF
MINUIT - FIT ONLY 2-y
 **********
 **   76 **RES 
 **********
                   PARAMETER   14  ANy2 RESTORED TO VARIABLE.
                   PARAMETER    8  phi_CBO RESTORED TO VARIABLE.
                   PARAMETER    7  w_CBO RESTORED TO VARIABLE.
                   PARAMETER    6  A_CBO RESTORED TO VARIABLE.
                   PARAMETER    4  phi RESTORED TO VARIABLE.
                   PARAMETER    3  A0 RESTORED TO VARIABLE.
                   PARAMETER    1  N0 RESTORED TO VARIABLE.
 **********
 **   77 **FIX            0
 **********
 PARAMETER    0  IS UNDEFINED. IGNORED.
 **********
 **   78 **FIX            1
 **********
 **********
 **   79 **FIX            2
 **********
 PARAMETER    2  IS CONSTANT.   IGNORED.
 **********
 **   80 **FIX            3
 **********
 **********
 **   81 **FIX            4
 **********
 **********
 **   82 **FIX            5
 **********
 PARAMETER    5  IS CONSTANT.   IGNORED.
 **********
 **   83 **FIX            6
 **********
 **********
 **   84 **FIX            7
 **********
 **********
 **   85 **FIX            8
 **********
 **********
 **   86 **FIX            9
 **********
 PARAMETER    9  IS CONSTANT.   IGNORED.
 **********
 **   87 **FIX           10
 **********
 PARAMETER   10  IS CONSTANT.   IGNORED.
 **********
 **   88 **FIX           11
 **********
 PARAMETER   11  IS CONSTANT.   IGNORED.
 **********
 **   89 **FIX           12
 **********
 PARAMETER   12  IS CONSTANT.   IGNORED.
 **********
 **   90 **FIX           16
 **********
 PARAMETER   16  IS CONSTANT.   IGNORED.
 **********
 **   91 **MIGRAD
 **********
 START MIGRAD MINIMIZATION.  STRATEGY  1.  CONVERGENCE WHEN EDM .LT. 1.00e-04
 FCN=297.333 FROM MIGRAD    STATUS=INITIATE       10 CALLS         822 TOTAL
                     EDM= unknown      STRATEGY= 1      NO ERROR MATRIX       
  EXT PARAMETER               CURRENT GUESS       STEP         FIRST   
  NO.   NAME      VALUE            ERROR          SIZE      DERIVATIVE 
   1  N0           2.93373e+06     fixed    
   2  tau          6.44064e+01   constant   
   3  A0           3.50581e-01     fixed    
   4  phi          4.11713e+00     fixed    
   5  R           -6.14263e+01   constant   
   6  A_CBO        1.19930e-03     fixed    
   7  w_CBO        2.32624e+00     fixed    
   8  phi_CBO      5.81138e+00     fixed    
   9  ANx2         5.09258e-04   constant   
  10  pNx2         1.79030e-01   constant   
  11  ANy1         0.00000e+00   constant   
  12  pNy1         0.00000e+00   constant   
  13  w_y          0.00000e+00   constant   
  14  ANy2         1.32572e-04   1.18209e-03   1.18209e-03   1.96068e-02
  15  pNy2         6.17155e+00   constant   
  16  w_vw         1.43200e+01   constant   
  17  LM          -8.21731e-05   constant   
  18  wCBO_expCoeff   2.21252e+02   2.45779e+01   1.54883e-02   4.01266e-04
  19  wCBO_expOffset   2.03108e+02   3.23979e+00   2.03841e-03   3.05136e-03
  20  wCBO_expT    2.91188e+01   4.16143e-01   2.76576e-04  -2.35536e-03
  21  wCBO_linCoeff   0.00000e+00   constant   
  22  wCBO_const   4.95679e-04   9.96224e-04   5.57043e-06   8.55351e-02
 MIGRAD MINIMIZATION HAS CONVERGED.
 MIGRAD WILL VERIFY CONVERGENCE AND ERROR MATRIX.
 FCN=297.333 FROM MIGRAD    STATUS=CONVERGED      57 CALLS         869 TOTAL
                     EDM=5.02019e-05    STRATEGY= 1      ERR MATRIX NOT POS-DEF
  EXT PARAMETER                APPROXIMATE        STEP         FIRST   
  NO.   NAME      VALUE            ERROR          SIZE      DERIVATIVE 
   1  N0           2.93373e+06     fixed    
   2  tau          6.44064e+01   constant   
   3  A0           3.50581e-01     fixed    
   4  phi          4.11713e+00     fixed    
   5  R           -6.14263e+01   constant   
   6  A_CBO        1.19930e-03     fixed    
   7  w_CBO        2.32624e+00     fixed    
   8  phi_CBO      5.81138e+00     fixed    
   9  ANx2         5.09258e-04   constant   
  10  pNx2         1.79030e-01   constant   
  11  ANy1         0.00000e+00   constant   
  12  pNy1         0.00000e+00   constant   
  13  w_y          0.00000e+00   constant   
  14  ANy2         1.32565e-04   1.18245e-03   9.99622e-06   1.11826e-02
  15  pNy2         6.17155e+00   constant   
  16  w_vw         1.43200e+01   constant   
  17  LM          -8.21731e-05   constant   
  18  wCBO_expCoeff   2.21251e+02   2.45755e+01   1.54881e-02  -1.44977e-05
  19  wCBO_expOffset   2.03108e+02   3.24026e+00   2.03838e-03  -1.10155e-04
  20  wCBO_expT    2.91188e+01   4.16155e-01   2.76570e-04  -2.56317e-02
  21  wCBO_linCoeff   0.00000e+00   constant   
  22  wCBO_const   4.95669e-04   9.96234e-04   5.57046e-06  -6.87957e-01
 EXTERNAL ERROR MATRIX.    NDIM=  25    NPAR=  5    ERR DEF=1
  1.398e-06  4.158e-06  5.567e-07 -4.141e-08  2.957e-10 
  4.158e-06  6.040e+02 -4.641e+01 -4.628e+00  4.813e-03 
  5.567e-07 -4.641e+01  1.050e+01 -6.144e-01  6.380e-04 
 -4.141e-08 -4.628e+00 -6.144e-01  1.732e-01 -2.052e-04 
  2.957e-10  4.813e-03  6.380e-04 -2.052e-04  9.925e-07 
ERR MATRIX NOT POS-DEF
 PARAMETER  CORRELATION COEFFICIENTS  
       NO.  GLOBAL     14     18     19     20     22
       14  0.00306   1.000  0.000  0.000 -0.000  0.000
       18  0.99722   0.000  1.000 -0.583 -0.453  0.197
       19  0.99723   0.000 -0.583  1.000 -0.456  0.198
       20  0.99691  -0.000 -0.453 -0.456  1.000 -0.495
       22  0.75003   0.000  0.197  0.198 -0.495  1.000
 ERR MATRIX NOT POS-DEF
MINUIT - FIT ALTOGETHER
 **********
 **   92 **RES 
 **********
                   PARAMETER    8  phi_CBO RESTORED TO VARIABLE.
                   PARAMETER    7  w_CBO RESTORED TO VARIABLE.
                   PARAMETER    6  A_CBO RESTORED TO VARIABLE.
                   PARAMETER    4  phi RESTORED TO VARIABLE.
                   PARAMETER    3  A0 RESTORED TO VARIABLE.
                   PARAMETER    1  N0 RESTORED TO VARIABLE.
 **********
 **   93 **MIGRAD
 **********
 START MIGRAD MINIMIZATION.  STRATEGY  1.  CONVERGENCE WHEN EDM .LT. 1.00e-04
 FCN=297.333 FROM MIGRAD    STATUS=INITIATE       22 CALLS         891 TOTAL
                     EDM= unknown      STRATEGY= 1      NO ERROR MATRIX       
  EXT PARAMETER               CURRENT GUESS       STEP         FIRST   
  NO.   NAME      VALUE            ERROR          SIZE      DERIVATIVE 
   1  N0           2.93373e+06   2.45769e+03   2.45769e+03  -2.05518e-05
   2  tau          6.44064e+01   constant   
   3  A0           3.50581e-01   1.14036e-03   1.14036e-03   8.18656e+01
   4  phi          4.11713e+00   3.32984e-03   3.32984e-03  -7.24058e+00
   5  R           -6.14263e+01   constant   
   6  A_CBO        1.19930e-03   1.20117e-03   1.20117e-03  -1.34361e+00
   7  w_CBO        2.32624e+00   1.43153e-02   1.43153e-02  -2.97370e-01
   8  phi_CBO      5.81138e+00   1.46709e+00   1.46709e+00   7.33595e-04
   9  ANx2         5.09258e-04   constant   
  10  pNx2         1.79030e-01   constant   
  11  ANy1         0.00000e+00   constant   
  12  pNy1         0.00000e+00   constant   
  13  w_y          0.00000e+00   constant   
  14  ANy2         1.32565e-04   1.18245e-03   9.99622e-06   1.11826e-02
  15  pNy2         6.17155e+00   constant   
  16  w_vw         1.43200e+01   constant   
  17  LM          -8.21731e-05   constant   
  18  wCBO_expCoeff   2.21251e+02   2.45755e+01   1.54881e-02  -1.41991e-05
  19  wCBO_expOffset   2.03108e+02   3.24026e+00   2.03838e-03  -1.07497e-04
  20  wCBO_expT    2.91188e+01   4.16155e-01   2.76570e-04  -2.55262e-02
  21  wCBO_linCoeff   0.00000e+00   constant   
  22  wCBO_const   4.95669e-04   9.96234e-04   5.57046e-06  -6.87892e-01
 MIGRAD MINIMIZATION HAS CONVERGED.
 MIGRAD WILL VERIFY CONVERGENCE AND ERROR MATRIX.
 FCN=297.33 FROM MIGRAD    STATUS=CONVERGED     221 CALLS        1090 TOTAL
                     EDM=7.32624e-07    STRATEGY= 1      ERR MATRIX NOT POS-DEF
  EXT PARAMETER                APPROXIMATE        STEP         FIRST   
  NO.   NAME      VALUE            ERROR          SIZE      DERIVATIVE 
