 + ++++++++++++++++++++++++++++++++++++++++++++++++++++++++++++++++++++ +
 +                                                                      +
 +           You have chose to blind your fitting according to          +
 +                omega_ref * (1 + (R +/- deltaR) *10^{-6})             +
 +                                                                      +
 + ++++++++++++++++++++++++++++++++++++++++++++++++++++++++++++++++++++ +
In main()...
reading format from /gm2data/zkhechad/run45/envelope/formats/formatB_sBin_constraintOn.txt
pBinTau 	= 0  
pBinPhi 	= 0  
constraintau 	= 1 
includeMopTerm 	= 0    
constrainMop    = 0   
Parameters after format file: pBinTau 0 pBinPhi 0 constraintau 1 includeMopTerm 0 constrainMop 0 c_e_scale 0.000000 
reading cbo reference file (full fit) from /gm2data/zkhechad/cboTemplates/Run4CBOTemplates/fullFits/run4/sBin_constraintOn_cE0.0_seed0_run4_calo21.root
A_CBO 0.009954 w_CBO 2.326310 phi_CBO 2.942572 N0 2740148.315147 R -59.181603 tau 64.402317 
Reading cboRef file /gm2data/zkhechad/cboTemplates/Run4CBOTemplates//cboIsolate/run4_calo21.root
deltaT 164.120000
windowBins = 1100
fitting sliding window 1920 from bin 2123 at 316.751600 to bin 3223 at 480.871600 (1100 bins)

Reading data from /gm2data/cornell/histograms/aMethod/histogram_a_run4.root
fitting cbo isolate
 **********
 **    1 **SET PRINTOUT            1
 **********
 **********
 **    2 **SET NOWARNINGS 
 **********
 PARAMETER DEFINITIONS:
    NO.   NAME         VALUE      STEP SIZE      LIMITS
     1 A_CBO        9.95405e-03  1.00000e-05     no limits
     2 w_CBO        2.32631e+00  1.00000e-02    2.00000e+00  3.00000e+00
     3 phi_CBO      2.94257e+00  1.00000e-02    0.00000e+00  6.28319e+00
 **********
 **    3 **MIGRAD
 **********
 FIRST CALL TO USER FUNCTION AT NEW START POINT, WITH IFLAG=4.
 START MIGRAD MINIMIZATION.  STRATEGY  1.  CONVERGENCE WHEN EDM .LT. 1.00e-04
 FCN=0.112976 FROM MIGRAD    STATUS=INITIATE       12 CALLS          13 TOTAL
                     EDM= unknown      STRATEGY= 1      NO ERROR MATRIX       
  EXT PARAMETER               CURRENT GUESS       STEP         FIRST   
  NO.   NAME      VALUE            ERROR          SIZE      DERIVATIVE 
   1  A_CBO        9.95405e-03   1.00000e-05   1.00000e-05   7.51032e+00
   2  w_CBO        2.32631e+00   1.00000e-02   2.13305e-02   9.02946e-01
   3  phi_CBO      2.94257e+00   1.00000e-02   3.18951e-03  -1.32916e-02
 MIGRAD MINIMIZATION HAS CONVERGED.
 MIGRAD WILL VERIFY CONVERGENCE AND ERROR MATRIX.
 COVARIANCE MATRIX CALCULATED SUCCESSFULLY
 FCN=0.0872603 FROM HESSE     STATUS=OK             16 CALLS          50 TOTAL
                     EDM=0.000142477    STRATEGY= 1      ERROR MATRIX ACCURATE 
  EXT PARAMETER                                   STEP         FIRST   
  NO.   NAME      VALUE            ERROR          SIZE      DERIVATIVE 
   1  A_CBO        3.09753e-03   4.37017e-02   2.17213e-05  -6.42162e-02
   2  w_CBO        2.32612e+00   2.93616e-01   3.69810e-05   1.34475e-02
   3  phi_CBO      2.99358e+00   3.71672e+00   2.20778e-03   3.47624e-04
 MIGRAD MINIMIZATION HAS CONVERGED.
 FCN=0.0871411 FROM MIGRAD    STATUS=CONVERGED      58 CALLS          59 TOTAL
                     EDM=7.36949e-06    STRATEGY= 1  ERROR MATRIX UNCERTAINTY   5.1 per cent
  EXT PARAMETER                                   STEP         FIRST   
  NO.   NAME      VALUE            ERROR          SIZE      DERIVATIVE 
   1  A_CBO        3.22711e-03   4.21594e-02   1.29578e-04   4.08876e-02
   2  w_CBO        2.32329e+00   2.64600e-01  -6.04928e-03  -7.02140e-02
   3  phi_CBO      1.89406e+00   4.47774e+00  -3.61223e-01   1.18482e-03
 EXTERNAL ERROR MATRIX.    NDIM=  25    NPAR=  3    ERR DEF=1
  1.777e-03 -1.176e-03 -4.754e-01 
 -1.176e-03  7.910e-02  2.966e+01 
 -4.754e-01  2.966e+01  1.127e+04 
 PARAMETER  CORRELATION COEFFICIENTS  
       NO.  GLOBAL      1      2      3
        1  0.11977   1.000 -0.099 -0.106
        2  0.99348  -0.099  1.000  0.993
        3  0.99349  -0.106  0.993  1.000
setting A_CBO=0.003227 w_CBO=2.323285, phi_CBO=1.894064
done fitting cbo isolate
 **********
 **    1 **SET PRINTOUT            1
 **********
 **********
 **    2 **SET NOWARNINGS 
 **********
 PARAMETER DEFINITIONS:
    NO.   NAME         VALUE      STEP SIZE      LIMITS
     1 N0           2.74015e+06  1.00000e+02     no limits
     2 tau          6.44023e+01  constant
     3 A0           3.54223e-01  1.00000e-04     no limits
     4 phi          4.11631e+00  1.00000e-02     no limits
     5 R           -5.91816e+01  constant
     6 A_CBO        3.22711e-03  1.00000e-05     no limits
     7 w_CBO        2.32329e+00  1.00000e-03     no limits
     8 phi_CBO      1.89406e+00  1.00000e-04     no limits
     9 ANx2         7.44254e-04  constant
    10 pNx2         1.53785e+00  constant
    11 ANy1         0.00000e+00  constant
    12 pNy1         0.00000e+00  constant
    13 w_y          0.00000e+00  constant
    14 ANy2         8.00900e-03  1.00000e-04     no limits
    15 pNy2         3.64406e+00  constant
    16 w_vw         1.43170e+01  constant
    17 LM          -4.99363e-05  constant
    18 wCBO_expCoeff   2.00000e+02  1.00000e+00     no limits
    19 wCBO_expOffset   2.00000e+02  1.00000e+00     no limits
    20 wCBO_expT    3.00000e+01  1.00000e+00     no limits
    21 wCBO_linCoeff   0.00000e+00  constant
    22 wCBO_const   0.00000e+00  1.00000e-02     no limits
MINUIT - FIT ONLY WIGGLE
 **********
 **    3 **FIX            5
 **********
 PARAMETER    5  IS CONSTANT.   IGNORED.
 **********
 **    4 **FIX            6
 **********
 **********
 **    5 **FIX            7
 **********
 **********
 **    6 **FIX            8
 **********
 **********
 **    7 **FIX            9
 **********
 PARAMETER    9  IS CONSTANT.   IGNORED.
 **********
 **    8 **FIX           10
 **********
 PARAMETER   10  IS CONSTANT.   IGNORED.
 **********
 **    9 **FIX           11
 **********
 PARAMETER   11  IS CONSTANT.   IGNORED.
 **********
 **   10 **FIX           12
 **********
 PARAMETER   12  IS CONSTANT.   IGNORED.
 **********
 **   11 **FIX           13
 **********
 PARAMETER   13  IS CONSTANT.   IGNORED.
 **********
 **   12 **FIX           14
 **********
 **********
 **   13 **FIX           15
 **********
 PARAMETER   15  IS CONSTANT.   IGNORED.
 **********
 **   14 **FIX           16
 **********
 PARAMETER   16  IS CONSTANT.   IGNORED.
 **********
 **   15 **MIGRAD
 **********
 FIRST CALL TO USER FUNCTION AT NEW START POINT, WITH IFLAG=4.
 START MIGRAD MINIMIZATION.  STRATEGY  1.  CONVERGENCE WHEN EDM .LT. 1.00e-04
 FCN=506.982 FROM MIGRAD    STATUS=INITIATE       32 CALLS          33 TOTAL
                     EDM= unknown      STRATEGY= 1      NO ERROR MATRIX       
  EXT PARAMETER               CURRENT GUESS       STEP         FIRST   
  NO.   NAME      VALUE            ERROR          SIZE      DERIVATIVE 
   1  N0           2.74015e+06   1.00000e+02   1.00000e+02  -5.76053e-04
   2  tau          6.44023e+01   constant   
   3  A0           3.54223e-01   1.00000e-04   1.00000e-04   1.67791e+03
   4  phi          4.11631e+00   1.00000e-02   1.00000e-02   3.22333e+02
   5  R           -5.91816e+01   constant   
   6  A_CBO        3.22711e-03     fixed    
   7  w_CBO        2.32329e+00     fixed    
   8  phi_CBO      1.89406e+00     fixed    
   9  ANx2         7.44254e-04   constant   
  10  pNx2         1.53785e+00   constant   
  11  ANy1         0.00000e+00   constant   
  12  pNy1         0.00000e+00   constant   
  13  w_y          0.00000e+00   constant   
  14  ANy2         8.00900e-03     fixed    
  15  pNy2         3.64406e+00   constant   
  16  w_vw         1.43170e+01   constant   
  17  LM          -4.99363e-05   constant   
  18  wCBO_expCoeff   2.00000e+02   1.00000e+00   1.00000e+00  -9.84151e+01
  19  wCBO_expOffset   2.00000e+02   1.00000e+00   1.00000e+00  -6.56106e+02
  20  wCBO_expT    3.00000e+01   1.00000e+00   1.00000e+00  -2.75280e+03
  21  wCBO_linCoeff   0.00000e+00   constant   
  22  wCBO_const   0.00000e+00   1.00000e-02   1.00000e-02  -4.73529e+03
 MIGRAD MINIMIZATION HAS CONVERGED.
 FCN=494.854 FROM MIGRAD    STATUS=CONVERGED     342 CALLS         343 TOTAL
                     EDM=1.65447e-06    STRATEGY= 1  ERROR MATRIX UNCERTAINTY   2.6 per cent
  EXT PARAMETER                                   STEP         FIRST   
  NO.   NAME      VALUE            ERROR          SIZE      DERIVATIVE 
   1  N0           2.73988e+06   1.15493e+03  -4.78883e+00  -3.85225e-08
   2  tau          6.44023e+01   constant   
   3  A0           3.54051e-01   5.76761e-04  -3.27571e-06   1.83466e+00
   4  phi          4.11658e+00   1.77359e-03   3.56011e-08  -3.20899e-03
   5  R           -5.91816e+01   constant   
   6  A_CBO        3.22711e-03     fixed    
   7  w_CBO        2.32329e+00     fixed    
   8  phi_CBO      1.89406e+00     fixed    
   9  ANx2         7.44254e-04   constant   
  10  pNx2         1.53785e+00   constant   
  11  ANy1         0.00000e+00   constant   
  12  pNy1         0.00000e+00   constant   
  13  w_y          0.00000e+00   constant   
  14  ANy2         8.00900e-03     fixed    
  15  pNy2         3.64406e+00   constant   
  16  w_vw         1.43170e+01   constant   
  17  LM          -4.99363e-05   constant   
  18  wCBO_expCoeff   1.98668e+02   9.94456e-01  -3.50727e-04  -1.02337e-02
  19  wCBO_expOffset   1.99845e+02   1.70188e-01   1.60106e-04  -6.42740e-02
  20  wCBO_expT    3.01006e+01   2.05053e-02  -1.34140e-05  -2.72605e-01
  21  wCBO_linCoeff   0.00000e+00   constant   
  22  wCBO_const  -3.23515e-03   8.02851e-04  -3.10836e-06  -3.20249e+00
 EXTERNAL ERROR MATRIX.    NDIM=  25    NPAR=  7    ERR DEF=1
  1.334e+06 -8.875e-03  1.022e-01  1.489e+02 -2.198e+01 -6.524e-01  6.046e-02 
 -8.875e-03  3.327e-07 -1.833e-08 -6.961e-06 -4.407e-06  1.517e-06 -5.922e-08 
  1.022e-01 -1.833e-08  3.146e-06  6.945e-06 -1.981e-05  4.024e-06 -1.444e-07 
  1.489e+02 -6.961e-06  6.945e-06  9.889e-01 -1.496e-01 -9.166e-05  1.307e-06 
 -2.198e+01 -4.407e-06 -1.981e-05 -1.496e-01  2.896e-02 -1.610e-03  5.053e-05 
 -6.524e-01  1.517e-06  4.024e-06 -9.166e-05 -1.610e-03  4.205e-04 -1.380e-05 
  6.046e-02 -5.922e-08 -1.444e-07  1.307e-06  5.053e-05 -1.380e-05  6.446e-07 
 PARAMETER  CORRELATION COEFFICIENTS  
       NO.  GLOBAL      1      3      4     18     19     20     22
        1  0.25645   1.000 -0.013  0.050  0.130 -0.112 -0.028  0.065
        3  0.15613  -0.013  1.000 -0.018 -0.012 -0.045  0.128 -0.128
        4  0.34079   0.050 -0.018  1.000  0.004 -0.066  0.111 -0.101
       18  0.99934   0.130 -0.012  0.004  1.000 -0.884 -0.004  0.002
       19  0.99948  -0.112 -0.045 -0.066 -0.884  1.000 -0.461  0.370
       20  0.99808  -0.028  0.128  0.111 -0.004 -0.461  1.000 -0.838
       22  0.92627   0.065 -0.128 -0.101  0.002  0.370 -0.838  1.000
MINUIT - FIT ONLY 1-CBO + other amplitudes 
 **********
 **   16 **RES 
 **********
                   PARAMETER   14  ANy2 RESTORED TO VARIABLE.
                   PARAMETER    8  phi_CBO RESTORED TO VARIABLE.
                   PARAMETER    7  w_CBO RESTORED TO VARIABLE.
                   PARAMETER    6  A_CBO RESTORED TO VARIABLE.
 **********
 **   17 **FIX            0
 **********
 PARAMETER    0  IS UNDEFINED. IGNORED.
 **********
 **   18 **FIX            1
 **********
 **********
 **   19 **FIX            2
 **********
 PARAMETER    2  IS CONSTANT.   IGNORED.
 **********
 **   20 **FIX            3
 **********
 **********
 **   21 **FIX            4
 **********
 **********
 **   22 **FIX            9
 **********
 PARAMETER    9  IS CONSTANT.   IGNORED.
 **********
 **   23 **FIX           11
 **********
 PARAMETER   11  IS CONSTANT.   IGNORED.
 **********
 **   24 **FIX           12
 **********
 PARAMETER   12  IS CONSTANT.   IGNORED.
 **********
 **   25 **FIX           14
 **********
 **********
 **   26 **FIX           15
 **********
 PARAMETER   15  IS CONSTANT.   IGNORED.
 **********
 **   27 **FIX           16
 **********
 PARAMETER   16  IS CONSTANT.   IGNORED.
 **********
 **   28 **MIGRAD
 **********
 START MIGRAD MINIMIZATION.  STRATEGY  1.  CONVERGENCE WHEN EDM .LT. 1.00e-04
 FCN=494.854 FROM MIGRAD    STATUS=INITIATE       20 CALLS         363 TOTAL
                     EDM= unknown      STRATEGY= 1      NO ERROR MATRIX       
  EXT PARAMETER               CURRENT GUESS       STEP         FIRST   
  NO.   NAME      VALUE            ERROR          SIZE      DERIVATIVE 
   1  N0           2.73988e+06     fixed    
   2  tau          6.44023e+01   constant   
   3  A0           3.54051e-01     fixed    
   4  phi          4.11658e+00     fixed    
   5  R           -5.91816e+01   constant   
   6  A_CBO        3.22711e-03   1.00000e-05   1.00000e-05   1.36092e+04
   7  w_CBO        2.32329e+00   1.00000e-03   1.00000e-03  -2.24230e+00
   8  phi_CBO      1.89406e+00   1.00000e-04   1.00000e-04   2.83284e-01
   9  ANx2         7.44254e-04   constant   
  10  pNx2         1.53785e+00   constant   
  11  ANy1         0.00000e+00   constant   
  12  pNy1         0.00000e+00   constant   
  13  w_y          0.00000e+00   constant   
  14  ANy2         8.00900e-03     fixed    
  15  pNy2         3.64406e+00   constant   
  16  w_vw         1.43170e+01   constant   
  17  LM          -4.99363e-05   constant   
  18  wCBO_expCoeff   1.98668e+02   9.94456e-01  -3.50727e-04  -1.02338e-02
  19  wCBO_expOffset   1.99845e+02   1.70188e-01   1.60106e-04  -6.42740e-02
  20  wCBO_expT    3.01006e+01   2.05053e-02  -1.34140e-05  -2.72605e-01
  21  wCBO_linCoeff   0.00000e+00   constant   
  22  wCBO_const  -3.23515e-03   8.02851e-04  -3.10836e-06  -3.20248e+00
 MIGRAD MINIMIZATION HAS CONVERGED.
 FCN=476.404 FROM MIGRAD    STATUS=CONVERGED     271 CALLS         614 TOTAL
                     EDM=1.2259e-07    STRATEGY= 1  ERROR MATRIX UNCERTAINTY   2.1 per cent
  EXT PARAMETER                                   STEP         FIRST   
  NO.   NAME      VALUE            ERROR          SIZE      DERIVATIVE 
   1  N0           2.73988e+06     fixed    
   2  tau          6.44023e+01   constant   
   3  A0           3.54051e-01     fixed    
   4  phi          4.11658e+00     fixed    
   5  R           -5.91816e+01   constant   
   6  A_CBO        4.29245e-04   6.56313e-04  -1.22714e-06  -4.73467e-01
   7  w_CBO        2.32438e+00   1.29817e-03  -7.94765e-06   6.26145e-01
   8  phi_CBO      1.93791e+00   1.46433e+00  -2.00107e-03   3.64044e-04
   9  ANx2         7.44254e-04   constant   
  10  pNx2         1.53785e+00   constant   
  11  ANy1         0.00000e+00   constant   
  12  pNy1         0.00000e+00   constant   
  13  w_y          0.00000e+00   constant   
  14  ANy2         8.00900e-03     fixed    
  15  pNy2         3.64406e+00   constant   
  16  w_vw         1.43170e+01   constant   
  17  LM          -4.99363e-05   constant   
  18  wCBO_expCoeff   1.98922e+02   2.42752e-01  -1.38598e-03   4.22379e-03
  19  wCBO_expOffset   1.99884e+02   3.67490e-02  -2.09835e-04   3.13312e-02
  20  wCBO_expT    3.00822e+01   2.26023e-02   1.36183e-04   1.30624e-01
  21  wCBO_linCoeff   0.00000e+00   constant   
  22  wCBO_const  -3.94919e-03   4.83307e-04  -1.54706e-06   6.19849e-01
 EXTERNAL ERROR MATRIX.    NDIM=  25    NPAR=  7    ERR DEF=1
  4.307e-07  9.245e-09 -3.565e-05 -5.805e-06 -8.774e-07 -3.079e-08  1.121e-07 
  9.245e-09  1.685e-06 -3.955e-04  3.038e-04  4.599e-05 -2.884e-05 -1.424e-08 
 -3.565e-05 -3.955e-04  2.144e+00 -8.290e-02 -1.255e-02  7.356e-03  1.306e-04 
 -5.805e-06  3.038e-04 -8.290e-02  5.893e-02  8.751e-03 -5.426e-03 -1.276e-05 
 -8.774e-07  4.599e-05 -1.255e-02  8.751e-03  1.350e-03 -8.214e-04 -1.930e-06 
 -3.079e-08 -2.884e-05  7.356e-03 -5.426e-03 -8.214e-04  5.109e-04  3.031e-07 
  1.121e-07 -1.424e-08  1.306e-04 -1.276e-05 -1.930e-06  3.031e-07  2.336e-07 
 PARAMETER  CORRELATION COEFFICIENTS  
       NO.  GLOBAL      6      7      8     18     19     20     22
        6  0.39026   1.000  0.011 -0.037 -0.036 -0.036 -0.002  0.354
        7  0.98774   0.011  1.000 -0.208  0.964  0.964 -0.983 -0.023
        8  0.31136  -0.037 -0.208  1.000 -0.233 -0.233  0.222  0.184
       18  0.99423  -0.036  0.964 -0.233  1.000  0.981 -0.989 -0.109
       19  0.99423  -0.036  0.964 -0.233  0.981  1.000 -0.989 -0.109
       20  0.99868  -0.002 -0.983  0.222 -0.989 -0.989  1.000  0.028
       22  0.78951   0.354 -0.023  0.184 -0.109 -0.109  0.028  1.000
MINUIT - FIT ONLY 1-CBO
 **********
 **   29 **RES 
 **********
                   PARAMETER   14  ANy2 RESTORED TO VARIABLE.
                   PARAMETER    4  phi RESTORED TO VARIABLE.
                   PARAMETER    3  A0 RESTORED TO VARIABLE.
                   PARAMETER    1  N0 RESTORED TO VARIABLE.
 **********
 **   30 **FIX            0
 **********
 PARAMETER    0  IS UNDEFINED. IGNORED.
 **********
 **   31 **FIX            1
 **********
 **********
 **   32 **FIX            2
 **********
 PARAMETER    2  IS CONSTANT.   IGNORED.
 **********
 **   33 **FIX            3
 **********
 **********
 **   34 **FIX            4
 **********
 **********
 **   35 **FIX            8
 **********
 **********
 **   36 **FIX            9
 **********
 PARAMETER    9  IS CONSTANT.   IGNORED.
 **********
 **   37 **FIX           11
 **********
 PARAMETER   11  IS CONSTANT.   IGNORED.
 **********
 **   38 **FIX           12
 **********
 PARAMETER   12  IS CONSTANT.   IGNORED.
 **********
 **   39 **FIX           13
 **********
 PARAMETER   13  IS CONSTANT.   IGNORED.
 **********
 **   40 **FIX           15
 **********
 PARAMETER   15  IS CONSTANT.   IGNORED.
 **********
 **   41 **FIX           16
 **********
 PARAMETER   16  IS CONSTANT.   IGNORED.
 **********
 **   42 **MIGRAD
 **********
 START MIGRAD MINIMIZATION.  STRATEGY  1.  CONVERGENCE WHEN EDM .LT. 1.00e-04
 FCN=476.404 FROM MIGRAD    STATUS=INITIATE       16 CALLS         630 TOTAL
                     EDM= unknown      STRATEGY= 1      NO ERROR MATRIX       
  EXT PARAMETER               CURRENT GUESS       STEP         FIRST   
  NO.   NAME      VALUE            ERROR          SIZE      DERIVATIVE 
   1  N0           2.73988e+06     fixed    
   2  tau          6.44023e+01   constant   
   3  A0           3.54051e-01     fixed    
   4  phi          4.11658e+00     fixed    
   5  R           -5.91816e+01   constant   
   6  A_CBO        4.29245e-04   6.56313e-04  -1.22714e-06  -4.73466e-01
   7  w_CBO        2.32438e+00   1.29817e-03  -7.94765e-06   6.26160e-01
   8  phi_CBO      1.93791e+00     fixed    
   9  ANx2         7.44254e-04   constant   
  10  pNx2         1.53785e+00   constant   
  11  ANy1         0.00000e+00   constant   
  12  pNy1         0.00000e+00   constant   
  13  w_y          0.00000e+00   constant   
  14  ANy2         8.00900e-03   1.00000e-04   1.00000e-04   4.55592e+04
  15  pNy2         3.64406e+00   constant   
  16  w_vw         1.43170e+01   constant   
  17  LM          -4.99363e-05   constant   
  18  wCBO_expCoeff   1.98922e+02   2.42752e-01  -1.38598e-03   4.22405e-03
  19  wCBO_expOffset   1.99884e+02   3.67490e-02  -2.09835e-04   3.13312e-02
  20  wCBO_expT    3.00822e+01   2.26023e-02   1.36183e-04   1.30624e-01
  21  wCBO_linCoeff   0.00000e+00   constant   
  22  wCBO_const  -3.94919e-03   4.83307e-04  -1.54706e-06   6.19848e-01
 MIGRAD MINIMIZATION HAS CONVERGED.
 MIGRAD WILL VERIFY CONVERGENCE AND ERROR MATRIX.
 FCN=301.484 FROM MIGRAD    STATUS=CONVERGED     180 CALLS         794 TOTAL
                     EDM=7.03754e-06    STRATEGY= 1      ERR MATRIX NOT POS-DEF
  EXT PARAMETER                APPROXIMATE        STEP         FIRST   
  NO.   NAME      VALUE            ERROR          SIZE      DERIVATIVE 
   1  N0           2.73988e+06     fixed    
   2  tau          6.44023e+01   constant   
   3  A0           3.54051e-01     fixed    
   4  phi          4.11658e+00     fixed    
   5  R           -5.91816e+01   constant   
   6  A_CBO        2.25124e-04   6.57091e-04   4.96732e-06   8.71993e-02
   7  w_CBO        2.32403e+00   3.46948e-03   3.25890e-06   6.90482e-01
   8  phi_CBO      1.93791e+00     fixed    
   9  ANx2         7.44254e-04   constant   
  10  pNx2         1.53785e+00   constant   
  11  ANy1         0.00000e+00   constant   
  12  pNy1         0.00000e+00   constant   
  13  w_y          0.00000e+00   constant   
  14  ANy2         3.27436e-04   5.77468e-04   4.92660e-06  -3.50032e-01
  15  pNy2         3.64406e+00   constant   
  16  w_vw         1.43170e+01   constant   
  17  LM          -4.99363e-05   constant   
  18  wCBO_expCoeff   1.98856e+02   5.47612e-01   4.28808e-04   2.61811e-02
  19  wCBO_expOffset   1.99874e+02   9.10772e-02   9.53071e-05   1.74204e-01
  20  wCBO_expT    3.00877e+01   1.46653e-02   1.47470e-05   5.96500e-01
  21  wCBO_linCoeff   0.00000e+00   constant   
  22  wCBO_const  -3.84738e-03   1.54905e-03   3.19336e-06  -3.61483e+00
 EXTERNAL ERROR MATRIX.    NDIM=  25    NPAR=  7    ERR DEF=1
  4.318e-07  1.707e-08  5.377e-09 -1.740e-05 -3.809e-06  7.194e-07  1.312e-07 
  1.707e-08  1.204e-05  5.241e-09 -2.894e-04 -8.422e-05 -7.024e-06 -4.918e-06 
  5.377e-09  5.241e-09  3.335e-07  2.554e-06  4.091e-07 -1.465e-07 -6.077e-09 
 -1.740e-05 -2.894e-04  2.554e-06  2.999e-01 -3.342e-02 -1.895e-03  1.456e-04 
 -3.809e-06 -8.422e-05  4.091e-07 -3.342e-02  8.295e-03 -5.045e-04  4.267e-05 
  7.194e-07 -7.024e-06 -1.465e-07 -1.895e-03 -5.045e-04  2.151e-04 -1.286e-06 
  1.312e-07 -4.918e-06 -6.077e-09  1.456e-04  4.267e-05 -1.286e-06  2.400e-06 
ERR MATRIX NOT POS-DEF
 PARAMETER  CORRELATION COEFFICIENTS  
       NO.  GLOBAL      6      7     14     18     19     20     22
        6  0.46577   1.000  0.007  0.014 -0.048 -0.064  0.075  0.129
        7  0.99391   0.007  1.000  0.003 -0.152 -0.267 -0.138 -0.915
       14  0.05685   0.014  0.003  1.000  0.008  0.008 -0.017 -0.007
       18  0.99576  -0.048 -0.152  0.008  1.000 -0.670 -0.236  0.172
       19  0.99649  -0.064 -0.267  0.008 -0.670  1.000 -0.378  0.302
       20  0.99300   0.075 -0.138 -0.017 -0.236 -0.378  1.000 -0.057
       22  0.97050   0.129 -0.915 -0.007  0.172  0.302 -0.057  1.000
 ERR MATRIX NOT POS-DEF
MINUIT - FIT ONLY 2-CBO
 **********
 **   43 **RES 
 **********
                   PARAMETER    8  phi_CBO RESTORED TO VARIABLE.
                   PARAMETER    4  phi RESTORED TO VARIABLE.
                   PARAMETER    3  A0 RESTORED TO VARIABLE.
                   PARAMETER    1  N0 RESTORED TO VARIABLE.
 **********
 **   44 **FIX            0
 **********
 PARAMETER    0  IS UNDEFINED. IGNORED.
 **********
 **   45 **FIX            1
 **********
 **********
 **   46 **FIX            2
 **********
 PARAMETER    2  IS CONSTANT.   IGNORED.
 **********
 **   47 **FIX            3
 **********
 **********
 **   48 **FIX            4
 **********
 **********
 **   49 **FIX            5
 **********
 PARAMETER    5  IS CONSTANT.   IGNORED.
 **********
 **   50 **FIX            6
 **********
 **********
 **   51 **FIX            7
 **********
 **********
 **   52 **FIX           10
 **********
 PARAMETER   10  IS CONSTANT.   IGNORED.
 **********
 **   53 **FIX           11
 **********
 PARAMETER   11  IS CONSTANT.   IGNORED.
 **********
 **   54 **FIX           12
 **********
 PARAMETER   12  IS CONSTANT.   IGNORED.
 **********
 **   55 **FIX           13
 **********
 PARAMETER   13  IS CONSTANT.   IGNORED.
 **********
 **   56 **FIX           14
 **********
 **********
 **   57 **FIX           15
 **********
 PARAMETER   15  IS CONSTANT.   IGNORED.
 **********
 **   58 **FIX           16
 **********
 PARAMETER   16  IS CONSTANT.   IGNORED.
 **********
 **   59 **MIGRAD
 **********
 START MIGRAD MINIMIZATION.  STRATEGY  1.  CONVERGENCE WHEN EDM .LT. 1.00e-04
 FCN=301.484 FROM MIGRAD    STATUS=INITIATE       12 CALLS         806 TOTAL
                     EDM= unknown      STRATEGY= 1      NO ERROR MATRIX       
  EXT PARAMETER               CURRENT GUESS       STEP         FIRST   
  NO.   NAME      VALUE            ERROR          SIZE      DERIVATIVE 
   1  N0           2.73988e+06     fixed    
   2  tau          6.44023e+01   constant   
   3  A0           3.54051e-01     fixed    
   4  phi          4.11658e+00     fixed    
   5  R           -5.91816e+01   constant   
   6  A_CBO        2.25124e-04     fixed    
   7  w_CBO        2.32403e+00     fixed    
   8  phi_CBO      1.93791e+00   1.46433e+00   1.46433e+00   1.15795e-01
   9  ANx2         7.44254e-04   constant   
  10  pNx2         1.53785e+00   constant   
  11  ANy1         0.00000e+00   constant   
  12  pNy1         0.00000e+00   constant   
  13  w_y          0.00000e+00   constant   
  14  ANy2         3.27436e-04     fixed    
  15  pNy2         3.64406e+00   constant   
  16  w_vw         1.43170e+01   constant   
  17  LM          -4.99363e-05   constant   
  18  wCBO_expCoeff   1.98856e+02   5.47612e-01   4.28808e-04   2.65235e-02
  19  wCBO_expOffset   1.99874e+02   9.10772e-02   9.53071e-05   1.77989e-01
  20  wCBO_expT    3.00877e+01   1.46653e-02   1.47470e-05   6.01719e-01
  21  wCBO_linCoeff   0.00000e+00   constant   
  22  wCBO_const  -3.84738e-03   1.54905e-03   3.19336e-06  -3.61386e+00
 MIGRAD MINIMIZATION HAS CONVERGED.
 MIGRAD WILL VERIFY CONVERGENCE AND ERROR MATRIX.
 FCN=301.463 FROM HESSE     STATUS=NOT POSDEF     31 CALLS         884 TOTAL
                     EDM=0.000167778    STRATEGY= 1      ERR MATRIX NOT POS-DEF
  EXT PARAMETER                APPROXIMATE        STEP         FIRST   
  NO.   NAME      VALUE            ERROR          SIZE      DERIVATIVE 
   1  N0           2.73988e+06     fixed    
   2  tau          6.44023e+01   constant   
   3  A0           3.54051e-01     fixed    
   4  phi          4.11658e+00     fixed    
   5  R           -5.91816e+01   constant   
   6  A_CBO        2.25124e-04     fixed    
   7  w_CBO        2.32403e+00     fixed    
   8  phi_CBO      1.56026e+00   2.57396e+00   2.12314e-02  -1.46642e-04
   9  ANx2         7.44254e-04   constant   
  10  pNx2         1.53785e+00   constant   
  11  ANy1         0.00000e+00   constant   
  12  pNy1         0.00000e+00   constant   
  13  w_y          0.00000e+00   constant   
  14  ANy2         3.27436e-04     fixed    
  15  pNy2         3.64406e+00   constant   
  16  w_vw         1.43170e+01   constant   
  17  LM          -4.99363e-05   constant   
  18  wCBO_expCoeff   1.98856e+02   6.11430e-01   4.33453e-04  -1.86021e-02
  19  wCBO_expOffset   1.99874e+02   1.00106e-01   9.53072e-05  -1.21753e-01
  20  wCBO_expT    3.00877e+01   1.53857e-02   1.48801e-05   1.15588e+00
  21  wCBO_linCoeff   0.00000e+00   constant   
  22  wCBO_const  -3.85978e-03   5.96713e-04   3.17476e-06  -1.44219e+00
 MIGRAD MINIMIZATION HAS CONVERGED.
 MIGRAD WILL VERIFY CONVERGENCE AND ERROR MATRIX.
 FCN=301.462 FROM MIGRAD    STATUS=CONVERGED     135 CALLS         929 TOTAL
                     EDM=7.7994e-07    STRATEGY= 1      ERR MATRIX NOT POS-DEF
  EXT PARAMETER                APPROXIMATE        STEP         FIRST   
  NO.   NAME      VALUE            ERROR          SIZE      DERIVATIVE 
   1  N0           2.73988e+06     fixed    
   2  tau          6.44023e+01   constant   
   3  A0           3.54051e-01     fixed    
   4  phi          4.11658e+00     fixed    
   5  R           -5.91816e+01   constant   
   6  A_CBO        2.25124e-04     fixed    
   7  w_CBO        2.32403e+00     fixed    
   8  phi_CBO      1.55012e+00   2.58605e+00   2.12711e-02   4.04240e-04
   9  ANx2         7.44254e-04   constant   
  10  pNx2         1.53785e+00   constant   
  11  ANy1         0.00000e+00   constant   
  12  pNy1         0.00000e+00   constant   
  13  w_y          0.00000e+00   constant   
  14  ANy2         3.27436e-04     fixed    
  15  pNy2         3.64406e+00   constant   
  16  w_vw         1.43170e+01   constant   
  17  LM          -4.99363e-05   constant   
  18  wCBO_expCoeff   1.98862e+02   6.04745e-01   4.33273e-04   7.85768e-03
  19  wCBO_expOffset   1.99875e+02   9.86826e-02   9.53081e-05   5.18913e-02
  20  wCBO_expT    3.00871e+01   1.53257e-02   1.48761e-05   1.86519e-01
  21  wCBO_linCoeff   0.00000e+00   constant   
  22  wCBO_const  -3.84635e-03   5.99376e-04   3.17376e-06   8.60957e-01
 EXTERNAL ERROR MATRIX.    NDIM=  25    NPAR=  5    ERR DEF=1
  6.688e+00 -4.480e-02 -1.431e-02  3.961e-03  2.327e-04 
 -4.480e-02  3.657e-01 -4.653e-02 -2.075e-03  3.216e-05 
 -1.431e-02 -4.653e-02  9.738e-03 -6.458e-04  1.080e-05 
  3.961e-03 -2.075e-03 -6.458e-04  2.349e-04 -4.722e-06 
  2.327e-04  3.216e-05  1.080e-05 -4.722e-06  3.593e-07 
ERR MATRIX NOT POS-DEF
 PARAMETER  CORRELATION COEFFICIENTS  
       NO.  GLOBAL      8     18     19     20     22
        8  0.25717   1.000 -0.029 -0.056  0.100  0.150
       18  0.99657  -0.029  1.000 -0.780 -0.224  0.089
       19  0.99705  -0.056 -0.780  1.000 -0.427  0.183
       20  0.99366   0.100 -0.224 -0.427  1.000 -0.514
       22  0.78467   0.150  0.089  0.183 -0.514  1.000
 ERR MATRIX NOT POS-DEF
MINUIT - FIT ONLY 1-y
 **********
 **   60 **RES 
 **********
                   PARAMETER   14  ANy2 RESTORED TO VARIABLE.
                   PARAMETER    7  w_CBO RESTORED TO VARIABLE.
                   PARAMETER    6  A_CBO RESTORED TO VARIABLE.
                   PARAMETER    4  phi RESTORED TO VARIABLE.
                   PARAMETER    3  A0 RESTORED TO VARIABLE.
                   PARAMETER    1  N0 RESTORED TO VARIABLE.
 **********
 **   61 **FIX            0
 **********
 PARAMETER    0  IS UNDEFINED. IGNORED.
 **********
 **   62 **FIX            1
 **********
 **********
 **   63 **FIX            2
 **********
 PARAMETER    2  IS CONSTANT.   IGNORED.
 **********
 **   64 **FIX            3
 **********
 **********
 **   65 **FIX            4
 **********
 **********
 **   66 **FIX            5
 **********
 PARAMETER    5  IS CONSTANT.   IGNORED.
 **********
 **   67 **FIX            6
 **********
 **********
 **   68 **FIX            7
 **********
 **********
 **   69 **FIX            8
 **********
 **********
 **   70 **FIX            9
 **********
 PARAMETER    9  IS CONSTANT.   IGNORED.
 **********
 **   71 **FIX           13
 **********
 PARAMETER   13  IS CONSTANT.   IGNORED.
 **********
 **   72 **FIX           14
 **********
 **********
 **   73 **FIX           15
 **********
 PARAMETER   15  IS CONSTANT.   IGNORED.
 **********
 **   74 **FIX           16
 **********
 PARAMETER   16  IS CONSTANT.   IGNORED.
 **********
 **   75 **MIGRAD
 **********
 START MIGRAD MINIMIZATION.  STRATEGY  1.  CONVERGENCE WHEN EDM .LT. 1.00e-04
 FCN=301.462 FROM MIGRAD    STATUS=INITIATE        8 CALLS         937 TOTAL
                     EDM= unknown      STRATEGY= 1      NO ERROR MATRIX       
  EXT PARAMETER               CURRENT GUESS       STEP         FIRST   
  NO.   NAME      VALUE            ERROR          SIZE      DERIVATIVE 
   1  N0           2.73988e+06     fixed    
   2  tau          6.44023e+01   constant   
   3  A0           3.54051e-01     fixed    
   4  phi          4.11658e+00     fixed    
   5  R           -5.91816e+01   constant   
   6  A_CBO        2.25124e-04     fixed    
   7  w_CBO        2.32403e+00     fixed    
   8  phi_CBO      1.55012e+00     fixed    
   9  ANx2         7.44254e-04   constant   
  10  pNx2         1.53785e+00   constant   
  11  ANy1         0.00000e+00   constant   
  12  pNy1         0.00000e+00   constant   
  13  w_y          0.00000e+00   constant   
  14  ANy2         3.27436e-04     fixed    
  15  pNy2         3.64406e+00   constant   
  16  w_vw         1.43170e+01   constant   
  17  LM          -4.99363e-05   constant   
  18  wCBO_expCoeff   1.98862e+02   6.04745e-01   4.33273e-04   8.19205e-03
  19  wCBO_expOffset   1.99875e+02   9.86826e-02   9.53081e-05   5.68548e-02
  20  wCBO_expT    3.00871e+01   1.53257e-02   1.48761e-05   1.91589e-01
  21  wCBO_linCoeff   0.00000e+00   constant   
  22  wCBO_const  -3.84635e-03   5.99376e-04   3.17376e-06   8.62508e-01
 MIGRAD MINIMIZATION HAS CONVERGED.
 MIGRAD WILL VERIFY CONVERGENCE AND ERROR MATRIX.
 FCN=301.462 FROM MIGRAD    STATUS=CONVERGED      49 CALLS         978 TOTAL
                     EDM=2.3783e-07    STRATEGY= 1      ERR MATRIX NOT POS-DEF
  EXT PARAMETER                APPROXIMATE        STEP         FIRST   
  NO.   NAME      VALUE            ERROR          SIZE      DERIVATIVE 
   1  N0           2.73988e+06     fixed    
   2  tau          6.44023e+01   constant   
   3  A0           3.54051e-01     fixed    
   4  phi          4.11658e+00     fixed    
   5  R           -5.91816e+01   constant   
   6  A_CBO        2.25124e-04     fixed    
   7  w_CBO        2.32403e+00     fixed    
   8  phi_CBO      1.55012e+00     fixed    
   9  ANx2         7.44254e-04   constant   
  10  pNx2         1.53785e+00   constant   
  11  ANy1         0.00000e+00   constant   
  12  pNy1         0.00000e+00   constant   
  13  w_y          0.00000e+00   constant   
  14  ANy2         3.27436e-04     fixed    
  15  pNy2         3.64406e+00   constant   
  16  w_vw         1.43170e+01   constant   
  17  LM          -4.99363e-05   constant   
  18  wCBO_expCoeff   1.98862e+02   6.03847e-01   4.27329e-04   1.82311e-04
  19  wCBO_expOffset   1.99875e+02   9.86449e-02   9.53081e-05   1.25168e-03
  20  wCBO_expT    3.00871e+01   1.52516e-02   1.47118e-05  -3.97079e-02
  21  wCBO_linCoeff   0.00000e+00   constant   
  22  wCBO_const  -3.84637e-03   5.92625e-04   3.17302e-06   2.24645e-02
 EXTERNAL ERROR MATRIX.    NDIM=  25    NPAR=  4    ERR DEF=1
  3.646e-01 -4.664e-02 -2.016e-03  3.311e-05 
 -4.664e-02  9.731e-03 -6.426e-04  1.139e-05 
 -2.016e-03 -6.426e-04  2.326e-04 -4.861e-06 
  3.311e-05  1.139e-05 -4.861e-06  3.512e-07 
ERR MATRIX NOT POS-DEF
 PARAMETER  CORRELATION COEFFICIENTS  
       NO.  GLOBAL     18     19     20     22
       18  0.99656   1.000 -0.783 -0.219  0.093
       19  0.99705  -0.783  1.000 -0.427  0.195
       20  0.99360  -0.219 -0.427  1.000 -0.538
       22  0.77903   0.093  0.195 -0.538  1.000
 ERR MATRIX NOT POS-DEF
MINUIT - FIT ONLY 2-y
 **********
 **   76 **RES 
 **********
                   PARAMETER   14  ANy2 RESTORED TO VARIABLE.
                   PARAMETER    8  phi_CBO RESTORED TO VARIABLE.
                   PARAMETER    7  w_CBO RESTORED TO VARIABLE.
                   PARAMETER    6  A_CBO RESTORED TO VARIABLE.
                   PARAMETER    4  phi RESTORED TO VARIABLE.
                   PARAMETER    3  A0 RESTORED TO VARIABLE.
                   PARAMETER    1  N0 RESTORED TO VARIABLE.
 **********
 **   77 **FIX            0
 **********
 PARAMETER    0  IS UNDEFINED. IGNORED.
 **********
 **   78 **FIX            1
 **********
 **********
 **   79 **FIX            2
 **********
 PARAMETER    2  IS CONSTANT.   IGNORED.
 **********
 **   80 **FIX            3
 **********
 **********
 **   81 **FIX            4
 **********
 **********
 **   82 **FIX            5
 **********
 PARAMETER    5  IS CONSTANT.   IGNORED.
 **********
 **   83 **FIX            6
 **********
 **********
 **   84 **FIX            7
 **********
 **********
 **   85 **FIX            8
 **********
 **********
 **   86 **FIX            9
 **********
 PARAMETER    9  IS CONSTANT.   IGNORED.
 **********
 **   87 **FIX           10
 **********
 PARAMETER   10  IS CONSTANT.   IGNORED.
 **********
 **   88 **FIX           11
 **********
 PARAMETER   11  IS CONSTANT.   IGNORED.
 **********
 **   89 **FIX           12
 **********
 PARAMETER   12  IS CONSTANT.   IGNORED.
 **********
 **   90 **FIX           16
 **********
 PARAMETER   16  IS CONSTANT.   IGNORED.
 **********
 **   91 **MIGRAD
 **********
 START MIGRAD MINIMIZATION.  STRATEGY  1.  CONVERGENCE WHEN EDM .LT. 1.00e-04
 FCN=301.462 FROM MIGRAD    STATUS=INITIATE       10 CALLS         988 TOTAL
                     EDM= unknown      STRATEGY= 1      NO ERROR MATRIX       
  EXT PARAMETER               CURRENT GUESS       STEP         FIRST   
  NO.   NAME      VALUE            ERROR          SIZE      DERIVATIVE 
   1  N0           2.73988e+06     fixed    
   2  tau          6.44023e+01   constant   
   3  A0           3.54051e-01     fixed    
   4  phi          4.11658e+00     fixed    
   5  R           -5.91816e+01   constant   
   6  A_CBO        2.25124e-04     fixed    
   7  w_CBO        2.32403e+00     fixed    
   8  phi_CBO      1.55012e+00     fixed    
   9  ANx2         7.44254e-04   constant   
  10  pNx2         1.53785e+00   constant   
  11  ANy1         0.00000e+00   constant   
  12  pNy1         0.00000e+00   constant   
  13  w_y          0.00000e+00   constant   
  14  ANy2         3.27436e-04   5.77468e-04   5.77468e-04   5.74474e+00
  15  pNy2         3.64406e+00   constant   
  16  w_vw         1.43170e+01   constant   
  17  LM          -4.99363e-05   constant   
  18  wCBO_expCoeff   1.98862e+02   6.03847e-01   4.27329e-04   2.37591e-04
  19  wCBO_expOffset   1.99875e+02   9.86449e-02   9.53081e-05   6.21719e-03
  20  wCBO_expT    3.00871e+01   1.52516e-02   1.47118e-05  -3.34431e-02
  21  wCBO_linCoeff   0.00000e+00   constant   
  22  wCBO_const  -3.84637e-03   5.92625e-04   3.17302e-06   2.27241e-02
 MIGRAD MINIMIZATION HAS CONVERGED.
 MIGRAD WILL VERIFY CONVERGENCE AND ERROR MATRIX.
 FCN=301.462 FROM MIGRAD    STATUS=CONVERGED      58 CALLS        1036 TOTAL
                     EDM=2.99976e-07    STRATEGY= 1      ERR MATRIX NOT POS-DEF
  EXT PARAMETER                APPROXIMATE        STEP         FIRST   
  NO.   NAME      VALUE            ERROR          SIZE      DERIVATIVE 
   1  N0           2.73988e+06     fixed    
   2  tau          6.44023e+01   constant   
   3  A0           3.54051e-01     fixed    
   4  phi          4.11658e+00     fixed    
   5  R           -5.91816e+01   constant   
   6  A_CBO        2.25124e-04     fixed    
   7  w_CBO        2.32403e+00     fixed    
   8  phi_CBO      1.55012e+00     fixed    
   9  ANx2         7.44254e-04   constant   
  10  pNx2         1.53785e+00   constant   
  11  ANy1         0.00000e+00   constant   
  12  pNy1         0.00000e+00   constant   
  13  w_y          0.00000e+00   constant   
  14  ANy2         3.26470e-04   5.77730e-04   4.92641e-06   6.43300e-04
  15  pNy2         3.64406e+00   constant   
  16  w_vw         1.43170e+01   constant   
  17  LM          -4.99363e-05   constant   
  18  wCBO_expCoeff   1.98862e+02   6.03797e-01   4.27354e-04   2.73577e-03
  19  wCBO_expOffset   1.99875e+02   9.86344e-02   9.53081e-05   1.81289e-02
  20  wCBO_expT    3.00871e+01   1.52537e-02   1.47125e-05   2.51718e-02
  21  wCBO_linCoeff   0.00000e+00   constant   
  22  wCBO_const  -3.84637e-03   5.92692e-04   3.17304e-06   4.27289e-02
 EXTERNAL ERROR MATRIX.    NDIM=  25    NPAR=  5    ERR DEF=1
  3.338e-07  2.961e-06  5.338e-07 -1.686e-07 -5.273e-09 
  2.961e-06  3.646e-01 -4.662e-02 -2.018e-03  3.307e-05 
  5.338e-07 -4.662e-02  9.729e-03 -6.427e-04  1.138e-05 
 -1.686e-07 -2.018e-03 -6.427e-04  2.327e-04 -4.858e-06 
 -5.273e-09  3.307e-05  1.138e-05 -4.858e-06  3.513e-07 
ERR MATRIX NOT POS-DEF
 PARAMETER  CORRELATION COEFFICIENTS  
       NO.  GLOBAL     14     18     19     20     22
       14  0.05376   1.000  0.008  0.009 -0.019 -0.015
       18  0.99656   0.008  1.000 -0.783 -0.219  0.092
       19  0.99705   0.009 -0.783  1.000 -0.427  0.195
       20  0.99360  -0.019 -0.219 -0.427  1.000 -0.537
       22  0.77907  -0.015  0.092  0.195 -0.537  1.000
 ERR MATRIX NOT POS-DEF
MINUIT - FIT ALTOGETHER
 **********
 **   92 **RES 
 **********
                   PARAMETER    8  phi_CBO RESTORED TO VARIABLE.
                   PARAMETER    7  w_CBO RESTORED TO VARIABLE.
                   PARAMETER    6  A_CBO RESTORED TO VARIABLE.
                   PARAMETER    4  phi RESTORED TO VARIABLE.
                   PARAMETER    3  A0 RESTORED TO VARIABLE.
                   PARAMETER    1  N0 RESTORED TO VARIABLE.
 **********
 **   93 **MIGRAD
 **********
 START MIGRAD MINIMIZATION.  STRATEGY  1.  CONVERGENCE WHEN EDM .LT. 1.00e-04
