 + ++++++++++++++++++++++++++++++++++++++++++++++++++++++++++++++++++++ +
 +                                                                      +
 +           You have chose to blind your fitting according to          +
 +                omega_ref * (1 + (R +/- deltaR) *10^{-6})             +
 +                                                                      +
 + ++++++++++++++++++++++++++++++++++++++++++++++++++++++++++++++++++++ +
In main()...
reading format from /gm2data/zkhechad/run45/envelope/formats/formatB_sBin_constraintOn.txt
pBinTau 	= 0  
pBinPhi 	= 0  
constraintau 	= 1 
includeMopTerm 	= 0    
constrainMop    = 0   
Parameters after format file: pBinTau 0 pBinPhi 0 constraintau 1 includeMopTerm 0 constrainMop 0 c_e_scale 0.000000 
reading cbo reference file (full fit) from /gm2data/zkhechad/cboTemplates/Run4CBOTemplates/fullFits/run4/sBin_constraintOn_cE0.0_seed0_run4_calo12.root
A_CBO 0.007990 w_CBO 2.327632 phi_CBO 5.471864 N0 3435893.469287 R -59.911173 tau 64.398066 
Reading cboRef file /gm2data/zkhechad/cboTemplates/Run4CBOTemplates//cboIsolate/run4_calo12.root
deltaT 164.120000
windowBins = 1100
fitting sliding window 1540 from bin 1743 at 260.055600 to bin 2843 at 424.175600 (1100 bins)

Reading data from /gm2data/cornell/histograms/aMethod/histogram_a_run4.root
fitting cbo isolate
 **********
 **    1 **SET PRINTOUT            1
 **********
 **********
 **    2 **SET NOWARNINGS 
 **********
 PARAMETER DEFINITIONS:
    NO.   NAME         VALUE      STEP SIZE      LIMITS
     1 A_CBO        7.98954e-03  1.00000e-05     no limits
     2 w_CBO        2.32763e+00  1.00000e-02    2.00000e+00  3.00000e+00
     3 phi_CBO      5.47186e+00  1.00000e-02    0.00000e+00  6.28319e+00
 **********
 **    3 **MIGRAD
 **********
 FIRST CALL TO USER FUNCTION AT NEW START POINT, WITH IFLAG=4.
 START MIGRAD MINIMIZATION.  STRATEGY  1.  CONVERGENCE WHEN EDM .LT. 1.00e-04
 FCN=0.0500564 FROM MIGRAD    STATUS=INITIATE       12 CALLS          13 TOTAL
                     EDM= unknown      STRATEGY= 1      NO ERROR MATRIX       
  EXT PARAMETER               CURRENT GUESS       STEP         FIRST   
  NO.   NAME      VALUE            ERROR          SIZE      DERIVATIVE 
   1  A_CBO        7.98954e-03   1.00000e-05   1.00000e-05   5.93951e+00
   2  w_CBO        2.32763e+00   1.00000e-02   2.13083e-02   1.95163e-01
   3  phi_CBO      5.47186e+00   1.00000e-02   4.74617e-03  -2.80095e-03
 MIGRAD MINIMIZATION HAS CONVERGED.
 MIGRAD WILL VERIFY CONVERGENCE AND ERROR MATRIX.
 COVARIANCE MATRIX CALCULATED SUCCESSFULLY
 FCN=0.0340236 FROM MIGRAD    STATUS=CONVERGED      49 CALLS          50 TOTAL
                     EDM=5.15028e-06    STRATEGY= 1      ERROR MATRIX ACCURATE 
  EXT PARAMETER                                   STEP         FIRST   
  NO.   NAME      VALUE            ERROR          SIZE      DERIVATIVE 
   1  A_CBO        2.59369e-03   4.26297e-02   2.11575e-05  -6.68908e-03
   2  w_CBO        2.32755e+00   2.94862e-01   5.14577e-05  -1.86872e-03
   3  phi_CBO      5.50471e+00   5.60691e+00   4.05345e-03  -3.73279e-05
 EXTERNAL ERROR MATRIX.    NDIM=  25    NPAR=  3    ERR DEF=1
  1.817e-03 -3.563e-04 -1.213e-01 
 -3.563e-04  1.016e-01  3.397e+01 
 -1.213e-01  3.397e+01  1.162e+04 
 PARAMETER  CORRELATION COEFFICIENTS  
       NO.  GLOBAL      1      2      3
        1  0.02640   1.000 -0.026 -0.026
        2  0.98832  -0.026  1.000  0.988
        3  0.98832  -0.026  0.988  1.000
setting A_CBO=0.002594 w_CBO=2.327553, phi_CBO=5.504707
done fitting cbo isolate
 **********
 **    1 **SET PRINTOUT            1
 **********
 **********
 **    2 **SET NOWARNINGS 
 **********
 PARAMETER DEFINITIONS:
    NO.   NAME         VALUE      STEP SIZE      LIMITS
     1 N0           3.43589e+06  1.00000e+02     no limits
     2 tau          6.43981e+01  constant
     3 A0           3.53663e-01  1.00000e-04     no limits
     4 phi          4.11774e+00  1.00000e-02     no limits
     5 R           -5.99112e+01  constant
     6 A_CBO        2.59369e-03  1.00000e-05     no limits
     7 w_CBO        2.32755e+00  1.00000e-03     no limits
     8 phi_CBO      5.50471e+00  1.00000e-04     no limits
     9 ANx2         3.16301e-04  constant
    10 pNx2         1.53957e+00  constant
    11 ANy1         0.00000e+00  constant
    12 pNy1         0.00000e+00  constant
    13 w_y          0.00000e+00  constant
    14 ANy2         1.02217e-02  1.00000e-04     no limits
    15 pNy2         1.44040e+00  constant
    16 w_vw         1.43192e+01  constant
    17 LM          -2.49463e-04  constant
    18 wCBO_expCoeff   2.00000e+02  1.00000e+00     no limits
    19 wCBO_expOffset   2.00000e+02  1.00000e+00     no limits
    20 wCBO_expT    3.00000e+01  1.00000e+00     no limits
    21 wCBO_linCoeff   0.00000e+00  constant
    22 wCBO_const   0.00000e+00  1.00000e-02     no limits
MINUIT - FIT ONLY WIGGLE
 **********
 **    3 **FIX            5
 **********
 PARAMETER    5  IS CONSTANT.   IGNORED.
 **********
 **    4 **FIX            6
 **********
 **********
 **    5 **FIX            7
 **********
 **********
 **    6 **FIX            8
 **********
 **********
 **    7 **FIX            9
 **********
 PARAMETER    9  IS CONSTANT.   IGNORED.
 **********
 **    8 **FIX           10
 **********
 PARAMETER   10  IS CONSTANT.   IGNORED.
 **********
 **    9 **FIX           11
 **********
 PARAMETER   11  IS CONSTANT.   IGNORED.
 **********
 **   10 **FIX           12
 **********
 PARAMETER   12  IS CONSTANT.   IGNORED.
 **********
 **   11 **FIX           13
 **********
 PARAMETER   13  IS CONSTANT.   IGNORED.
 **********
 **   12 **FIX           14
 **********
 **********
 **   13 **FIX           15
 **********
 PARAMETER   15  IS CONSTANT.   IGNORED.
 **********
 **   14 **FIX           16
 **********
 PARAMETER   16  IS CONSTANT.   IGNORED.
 **********
 **   15 **MIGRAD
 **********
 FIRST CALL TO USER FUNCTION AT NEW START POINT, WITH IFLAG=4.
 START MIGRAD MINIMIZATION.  STRATEGY  1.  CONVERGENCE WHEN EDM .LT. 1.00e-04
 FCN=1305.63 FROM MIGRAD    STATUS=INITIATE       55 CALLS          56 TOTAL
                     EDM= unknown      STRATEGY= 1      NO ERROR MATRIX       
  EXT PARAMETER               CURRENT GUESS       STEP         FIRST   
  NO.   NAME      VALUE            ERROR          SIZE      DERIVATIVE 
   1  N0           3.43589e+06   1.00000e+02   0.00000e+00   6.56204e-04
   2  tau          6.43981e+01   constant   
   3  A0           3.53663e-01   1.00000e-04   0.00000e+00  -6.30261e+03
   4  phi          4.11774e+00   1.00000e-02   0.00000e+00   1.11214e+02
   5  R           -5.99112e+01   constant   
   6  A_CBO        2.59369e-03     fixed    
   7  w_CBO        2.32755e+00     fixed    
   8  phi_CBO      5.50471e+00     fixed    
   9  ANx2         3.16301e-04   constant   
  10  pNx2         1.53957e+00   constant   
  11  ANy1         0.00000e+00   constant   
  12  pNy1         0.00000e+00   constant   
  13  w_y          0.00000e+00   constant   
  14  ANy2         1.02217e-02     fixed    
  15  pNy2         1.44040e+00   constant   
  16  w_vw         1.43192e+01   constant   
  17  LM          -2.49463e-04   constant   
  18  wCBO_expCoeff   2.00052e+02   1.00000e+00   5.23347e-02   3.99619e+02
  19  wCBO_expOffset   2.00000e+02   1.00000e+00   0.00000e+00   2.66309e+03
  20  wCBO_expT    3.00000e+01   1.00000e+00   0.00000e+00   5.67161e+03
  21  wCBO_linCoeff   0.00000e+00   constant   
  22  wCBO_const   0.00000e+00   1.00000e-02   0.00000e+00   4.20728e+03
 MIGRAD MINIMIZATION HAS CONVERGED.
 FCN=1298.69 FROM MIGRAD    STATUS=CONVERGED     207 CALLS         208 TOTAL
                     EDM=1.98501e-06    STRATEGY= 1  ERROR MATRIX UNCERTAINTY   1.1 per cent
  EXT PARAMETER                                   STEP         FIRST   
  NO.   NAME      VALUE            ERROR          SIZE      DERIVATIVE 
   1  N0           3.43557e+06   8.31233e+02  -9.70257e+00   9.37895e-07
   2  tau          6.43981e+01   constant   
   3  A0           3.54008e-01   3.21573e-04  -3.91105e-06  -9.61194e-01
   4  phi          4.11762e+00   9.48660e-04   4.85018e-06   1.23742e+00
   5  R           -5.99112e+01   constant   
   6  A_CBO        2.59369e-03     fixed    
   7  w_CBO        2.32755e+00     fixed    
   8  phi_CBO      5.50471e+00     fixed    
   9  ANx2         3.16301e-04   constant   
  10  pNx2         1.53957e+00   constant   
  11  ANy1         0.00000e+00   constant   
  12  pNy1         0.00000e+00   constant   
  13  w_y          0.00000e+00   constant   
  14  ANy2         1.02217e-02     fixed    
  15  pNy2         1.44040e+00   constant   
  16  w_vw         1.43192e+01   constant   
  17  LM          -2.49463e-04   constant   
  18  wCBO_expCoeff   2.00015e+02   2.02342e-02  -2.50825e-05  -6.25765e-02
  19  wCBO_expOffset   1.99994e+02   3.00940e-03  -3.83448e-06   2.03586e-01
  20  wCBO_expT    3.00062e+01   2.88421e-03   3.30981e-06  -1.20457e+00
  21  wCBO_linCoeff   0.00000e+00   constant   
  22  wCBO_const  -2.08684e-03   6.16031e-04   3.66466e-06  -1.35629e+00
 EXTERNAL ERROR MATRIX.    NDIM=  25    NPAR=  7    ERR DEF=1
  6.909e+05  4.776e-03 -6.249e-03  1.915e+00  2.867e-01 -2.892e-01  3.688e-02 
  4.776e-03  1.034e-07 -8.088e-10  4.785e-07  7.199e-08 -6.558e-08  3.206e-09 
 -6.249e-03 -8.088e-10  9.000e-07 -3.372e-07 -5.136e-08  2.781e-08  1.352e-08 
  1.915e+00  4.785e-07 -3.372e-07  4.094e-04  5.881e-05 -5.722e-05  7.125e-06 
  2.867e-01  7.199e-08 -5.136e-08  5.881e-05  9.056e-06 -8.508e-06  1.057e-06 
 -2.892e-01 -6.558e-08  2.781e-08 -5.722e-05 -8.508e-06  8.319e-06 -1.191e-06 
  3.688e-02  3.206e-09  1.352e-08  7.125e-06  1.057e-06 -1.191e-06  3.795e-07 
 PARAMETER  CORRELATION COEFFICIENTS  
       NO.  GLOBAL      1      3      4     18     19     20     22
        1  0.13557   1.000  0.018 -0.008  0.114  0.115 -0.121  0.072
        3  0.08283   0.018  1.000 -0.003  0.074  0.074 -0.071  0.016
        4  0.05468  -0.008 -0.003  1.000 -0.018 -0.018  0.010  0.023
       18  0.98891   0.114  0.074 -0.018  1.000  0.966 -0.981  0.572
       19  0.98880   0.115  0.074 -0.018  0.966  1.000 -0.980  0.570
       20  0.99656  -0.121 -0.071  0.010 -0.981 -0.980  1.000 -0.670
       22  0.88984   0.072  0.016  0.023  0.572  0.570 -0.670  1.000
MINUIT - FIT ONLY 1-CBO + other amplitudes 
 **********
 **   16 **RES 
 **********
                   PARAMETER   14  ANy2 RESTORED TO VARIABLE.
                   PARAMETER    8  phi_CBO RESTORED TO VARIABLE.
                   PARAMETER    7  w_CBO RESTORED TO VARIABLE.
                   PARAMETER    6  A_CBO RESTORED TO VARIABLE.
 **********
 **   17 **FIX            0
 **********
 PARAMETER    0  IS UNDEFINED. IGNORED.
 **********
 **   18 **FIX            1
 **********
 **********
 **   19 **FIX            2
 **********
 PARAMETER    2  IS CONSTANT.   IGNORED.
 **********
 **   20 **FIX            3
 **********
 **********
 **   21 **FIX            4
 **********
 **********
 **   22 **FIX            9
 **********
 PARAMETER    9  IS CONSTANT.   IGNORED.
 **********
 **   23 **FIX           11
 **********
 PARAMETER   11  IS CONSTANT.   IGNORED.
 **********
 **   24 **FIX           12
 **********
 PARAMETER   12  IS CONSTANT.   IGNORED.
 **********
 **   25 **FIX           14
 **********
 **********
 **   26 **FIX           15
 **********
 PARAMETER   15  IS CONSTANT.   IGNORED.
 **********
 **   27 **FIX           16
 **********
 PARAMETER   16  IS CONSTANT.   IGNORED.
 **********
 **   28 **MIGRAD
 **********
 START MIGRAD MINIMIZATION.  STRATEGY  1.  CONVERGENCE WHEN EDM .LT. 1.00e-04
 FCN=1298.69 FROM MIGRAD    STATUS=INITIATE       22 CALLS         230 TOTAL
                     EDM= unknown      STRATEGY= 1      NO ERROR MATRIX       
  EXT PARAMETER               CURRENT GUESS       STEP         FIRST   
  NO.   NAME      VALUE            ERROR          SIZE      DERIVATIVE 
   1  N0           3.43557e+06     fixed    
   2  tau          6.43981e+01   constant   
   3  A0           3.54008e-01     fixed    
   4  phi          4.11762e+00     fixed    
   5  R           -5.99112e+01   constant   
   6  A_CBO        2.59369e-03   1.00000e-05   1.00000e-05   2.54162e+04
   7  w_CBO        2.32755e+00   1.00000e-03   1.00000e-03  -5.94092e+00
   8  phi_CBO      5.50471e+00   1.00000e-04   1.00000e-04   3.57689e+00
   9  ANx2         3.16301e-04   constant   
  10  pNx2         1.53957e+00   constant   
  11  ANy1         0.00000e+00   constant   
  12  pNy1         0.00000e+00   constant   
  13  w_y          0.00000e+00   constant   
  14  ANy2         1.02217e-02     fixed    
  15  pNy2         1.44040e+00   constant   
  16  w_vw         1.43192e+01   constant   
  17  LM          -2.49463e-04   constant   
  18  wCBO_expCoeff   2.00015e+02   2.02342e-02  -2.50825e-05  -6.25765e-02
  19  wCBO_expOffset   1.99994e+02   3.00940e-03  -3.83448e-06   2.03586e-01
  20  wCBO_expT    3.00062e+01   2.88421e-03   3.30981e-06  -1.20457e+00
  21  wCBO_linCoeff   0.00000e+00   constant   
  22  wCBO_const  -2.08684e-03   6.16031e-04   3.66466e-06  -1.35628e+00
 MIGRAD MINIMIZATION HAS CONVERGED.
 MIGRAD WILL VERIFY CONVERGENCE AND ERROR MATRIX.
 FCN=1277.51 FROM MIGRAD    STATUS=CONVERGED     273 CALLS         481 TOTAL
                     EDM=5.41794e-07    STRATEGY= 1      ERR MATRIX NOT POS-DEF
  EXT PARAMETER                APPROXIMATE        STEP         FIRST   
  NO.   NAME      VALUE            ERROR          SIZE      DERIVATIVE 
   1  N0           3.43557e+06     fixed    
   2  tau          6.43981e+01   constant   
   3  A0           3.54008e-01     fixed    
   4  phi          4.11762e+00     fixed    
   5  R           -5.99112e+01   constant   
   6  A_CBO        1.06621e-03   3.51135e-04   5.92568e-06  -1.89872e+00
   7  w_CBO        2.32776e+00   5.31099e-04   1.10996e-06  -1.12405e+01
   8  phi_CBO      4.80019e+00   4.94414e-01   5.54555e-03   9.28828e-04
   9  ANx2         3.16301e-04   constant   
  10  pNx2         1.53957e+00   constant   
  11  ANy1         0.00000e+00   constant   
  12  pNy1         0.00000e+00   constant   
  13  w_y          0.00000e+00   constant   
  14  ANy2         1.02217e-02     fixed    
  15  pNy2         1.44040e+00   constant   
  16  w_vw         1.43192e+01   constant   
  17  LM          -2.49463e-04   constant   
  18  wCBO_expCoeff   2.00034e+02   4.80080e-02   9.53838e-05  -1.25232e-01
  19  wCBO_expOffset   1.99997e+02   8.88168e-03   9.53662e-05  -8.33162e-01
  20  wCBO_expT    3.00018e+01   2.46422e-03   1.43060e-05  -1.71156e+00
  21  wCBO_linCoeff   0.00000e+00   constant   
  22  wCBO_const  -2.10420e-03   6.10339e-04   5.70593e-06  -1.12271e+00
 EXTERNAL ERROR MATRIX.    NDIM=  25    NPAR=  7    ERR DEF=1
  1.233e-07  4.358e-09 -9.903e-06  4.628e-07 -5.793e-07  1.757e-07 -8.822e-09 
  4.358e-09  2.821e-07  1.337e-05 -5.437e-06 -2.267e-06 -2.299e-07 -9.709e-08 
 -9.903e-06  1.337e-05  2.444e-01  1.269e-03 -2.350e-04  9.946e-05  3.722e-05 
  4.628e-07 -5.437e-06  1.269e-03  2.305e-03 -2.230e-04 -2.154e-05  4.184e-06 
 -5.793e-07 -2.267e-06 -2.350e-04 -2.230e-04  7.888e-05 -7.154e-06  1.495e-06 
  1.757e-07 -2.299e-07  9.946e-05 -2.154e-05 -7.154e-06  6.072e-06 -5.784e-07 
 -8.822e-09 -9.709e-08  3.722e-05  4.184e-06  1.495e-06 -5.784e-07  3.725e-07 
ERR MATRIX NOT POS-DEF
 PARAMETER  CORRELATION COEFFICIENTS  
       NO.  GLOBAL      6      7      8     18     19     20     22
        6  0.27435   1.000  0.023 -0.057  0.027 -0.186  0.203 -0.041
        7  0.99447   0.023  1.000  0.051 -0.213 -0.481 -0.176 -0.300
        8  0.76867  -0.057  0.051  1.000  0.053 -0.054  0.082  0.123
       18  0.99438   0.027 -0.213  0.053  1.000 -0.523 -0.182  0.143
       19  0.99631  -0.186 -0.481 -0.054 -0.523  1.000 -0.327  0.276
       20  0.99195   0.203 -0.176  0.082 -0.182 -0.327  1.000 -0.385
       22  0.84625  -0.041 -0.300  0.123  0.143  0.276 -0.385  1.000
 ERR MATRIX NOT POS-DEF
MINUIT - FIT ONLY 1-CBO
 **********
 **   29 **RES 
 **********
                   PARAMETER   14  ANy2 RESTORED TO VARIABLE.
                   PARAMETER    4  phi RESTORED TO VARIABLE.
                   PARAMETER    3  A0 RESTORED TO VARIABLE.
                   PARAMETER    1  N0 RESTORED TO VARIABLE.
 **********
 **   30 **FIX            0
 **********
 PARAMETER    0  IS UNDEFINED. IGNORED.
 **********
 **   31 **FIX            1
 **********
 **********
 **   32 **FIX            2
 **********
 PARAMETER    2  IS CONSTANT.   IGNORED.
 **********
 **   33 **FIX            3
 **********
 **********
 **   34 **FIX            4
 **********
 **********
 **   35 **FIX            8
 **********
 **********
 **   36 **FIX            9
 **********
 PARAMETER    9  IS CONSTANT.   IGNORED.
 **********
 **   37 **FIX           11
 **********
 PARAMETER   11  IS CONSTANT.   IGNORED.
 **********
 **   38 **FIX           12
 **********
 PARAMETER   12  IS CONSTANT.   IGNORED.
 **********
 **   39 **FIX           13
 **********
 PARAMETER   13  IS CONSTANT.   IGNORED.
 **********
 **   40 **FIX           15
 **********
 PARAMETER   15  IS CONSTANT.   IGNORED.
 **********
 **   41 **FIX           16
 **********
 PARAMETER   16  IS CONSTANT.   IGNORED.
 **********
 **   42 **MIGRAD
 **********
 START MIGRAD MINIMIZATION.  STRATEGY  1.  CONVERGENCE WHEN EDM .LT. 1.00e-04
 FCN=1277.51 FROM MIGRAD    STATUS=INITIATE       16 CALLS         497 TOTAL
                     EDM= unknown      STRATEGY= 1      NO ERROR MATRIX       
  EXT PARAMETER               CURRENT GUESS       STEP         FIRST   
  NO.   NAME      VALUE            ERROR          SIZE      DERIVATIVE 
   1  N0           3.43557e+06     fixed    
   2  tau          6.43981e+01   constant   
   3  A0           3.54008e-01     fixed    
   4  phi          4.11762e+00     fixed    
   5  R           -5.99112e+01   constant   
   6  A_CBO        1.06621e-03   3.51135e-04   5.92568e-06  -1.89872e+00
   7  w_CBO        2.32776e+00   5.31099e-04   1.10996e-06  -1.11437e+01
   8  phi_CBO      4.80019e+00     fixed    
   9  ANx2         3.16301e-04   constant   
  10  pNx2         1.53957e+00   constant   
  11  ANy1         0.00000e+00   constant   
  12  pNy1         0.00000e+00   constant   
  13  w_y          0.00000e+00   constant   
  14  ANy2         1.02217e-02   1.00000e-04   1.00000e-04   1.76284e+05
  15  pNy2         1.44040e+00   constant   
  16  w_vw         1.43192e+01   constant   
  17  LM          -2.49463e-04   constant   
  18  wCBO_expCoeff   2.00034e+02   4.80080e-02   9.53838e-05  -1.24188e-01
  19  wCBO_expOffset   1.99997e+02   8.88168e-03   9.53662e-05  -4.24527e-01
  20  wCBO_expT    3.00018e+01   2.46422e-03   1.43060e-05  -1.67368e+00
  21  wCBO_linCoeff   0.00000e+00   constant   
  22  wCBO_const  -2.10420e-03   6.10339e-04   5.70593e-06  -1.12513e+00
 MIGRAD MINIMIZATION HAS CONVERGED.
 MIGRAD WILL VERIFY CONVERGENCE AND ERROR MATRIX.
 COVARIANCE MATRIX CALCULATED SUCCESSFULLY
 FCN=376.998 FROM MIGRAD    STATUS=CONVERGED     298 CALLS         779 TOTAL
                     EDM=3.71035e-08    STRATEGY= 1      ERROR MATRIX ACCURATE 
  EXT PARAMETER                                   STEP         FIRST   
  NO.   NAME      VALUE            ERROR          SIZE      DERIVATIVE 
   1  N0           3.43557e+06     fixed    
   2  tau          6.43981e+01   constant   
   3  A0           3.54008e-01     fixed    
   4  phi          4.11762e+00     fixed    
   5  R           -5.99112e+01   constant   
   6  A_CBO        3.11223e-04   3.53948e-04   3.21607e-06   6.63926e-01
   7  w_CBO        2.32786e+00   4.34878e-03   1.32181e-06   6.99506e-01
   8  phi_CBO      4.80019e+00     fixed    
   9  ANx2         3.16301e-04   constant   
  10  pNx2         1.53957e+00   constant   
  11  ANy1         0.00000e+00   constant   
  12  pNy1         0.00000e+00   constant   
  13  w_y          0.00000e+00   constant   
  14  ANy2         9.57003e-06   3.40638e-04   3.22250e-06  -2.25586e-01
  15  pNy2         1.44040e+00   constant   
  16  w_vw         1.43192e+01   constant   
  17  LM          -2.49463e-04   constant   
  18  wCBO_expCoeff   2.00044e+02   3.84596e-01   1.22632e-04   8.02301e-03
  19  wCBO_expOffset   1.99999e+02   2.97423e-02   9.53668e-05   5.34201e-02
  20  wCBO_expT    2.99999e+01   4.64323e-03   1.43051e-05   1.49558e-01
  21  wCBO_linCoeff   0.00000e+00   constant   
  22  wCBO_const  -2.15484e-03   2.00526e-03   5.06905e-06   2.54373e-02
 EXTERNAL ERROR MATRIX.    NDIM=  25    NPAR=  7    ERR DEF=1
  1.253e-07 -1.082e-09  7.289e-09  5.288e-07 -6.398e-07  1.456e-07  1.546e-08 
 -1.082e-09  1.891e-05  1.569e-08 -1.398e-03 -2.907e-05 -2.089e-06 -7.931e-06 
  7.289e-09  1.569e-08  1.160e-07  1.911e-06 -3.776e-07 -4.365e-08 -6.258e-10 
  5.288e-07 -1.398e-03  1.911e-06  1.479e-01 -3.584e-03 -2.437e-04  6.195e-04 
 -6.398e-07 -2.907e-05 -3.776e-07 -3.584e-03  8.846e-04  1.299e-05  1.115e-05 
  1.456e-07 -2.089e-06 -4.365e-08 -2.437e-04  1.299e-05  2.156e-05 -1.291e-06 
  1.546e-08 -7.931e-06 -6.258e-10  6.195e-04  1.115e-05 -1.291e-06  4.021e-06 
 PARAMETER  CORRELATION COEFFICIENTS  
       NO.  GLOBAL      6      7     14     18     19     20     22
        6  0.28954   1.000 -0.001  0.060  0.004 -0.061  0.089  0.022
        7  0.99949  -0.001  1.000  0.011 -0.836 -0.225 -0.103 -0.909
       14  0.08340   0.060  0.011  1.000  0.015 -0.037 -0.028 -0.001
       18  0.99944   0.004 -0.836  0.015  1.000 -0.313 -0.136  0.803
       19  0.99788  -0.061 -0.225 -0.037 -0.313  1.000  0.094  0.187
       20  0.98717   0.089 -0.103 -0.028 -0.136  0.094  1.000 -0.139
       22  0.96390   0.022 -0.909 -0.001  0.803  0.187 -0.139  1.000
MINUIT - FIT ONLY 2-CBO
 **********
 **   43 **RES 
 **********
                   PARAMETER    8  phi_CBO RESTORED TO VARIABLE.
                   PARAMETER    4  phi RESTORED TO VARIABLE.
                   PARAMETER    3  A0 RESTORED TO VARIABLE.
                   PARAMETER    1  N0 RESTORED TO VARIABLE.
 **********
 **   44 **FIX            0
 **********
 PARAMETER    0  IS UNDEFINED. IGNORED.
 **********
 **   45 **FIX            1
 **********
 **********
 **   46 **FIX            2
 **********
 PARAMETER    2  IS CONSTANT.   IGNORED.
 **********
 **   47 **FIX            3
 **********
 **********
 **   48 **FIX            4
 **********
 **********
 **   49 **FIX            5
 **********
 PARAMETER    5  IS CONSTANT.   IGNORED.
 **********
 **   50 **FIX            6
 **********
 **********
 **   51 **FIX            7
 **********
 **********
 **   52 **FIX           10
 **********
 PARAMETER   10  IS CONSTANT.   IGNORED.
 **********
 **   53 **FIX           11
 **********
 PARAMETER   11  IS CONSTANT.   IGNORED.
 **********
 **   54 **FIX           12
 **********
 PARAMETER   12  IS CONSTANT.   IGNORED.
 **********
 **   55 **FIX           13
 **********
 PARAMETER   13  IS CONSTANT.   IGNORED.
 **********
 **   56 **FIX           14
 **********
 **********
 **   57 **FIX           15
 **********
 PARAMETER   15  IS CONSTANT.   IGNORED.
 **********
 **   58 **FIX           16
 **********
 PARAMETER   16  IS CONSTANT.   IGNORED.
 **********
 **   59 **MIGRAD
 **********
 START MIGRAD MINIMIZATION.  STRATEGY  1.  CONVERGENCE WHEN EDM .LT. 1.00e-04
 FCN=376.998 FROM MIGRAD    STATUS=INITIATE       12 CALLS         791 TOTAL
                     EDM= unknown      STRATEGY= 1      NO ERROR MATRIX       
  EXT PARAMETER               CURRENT GUESS       STEP         FIRST   
  NO.   NAME      VALUE            ERROR          SIZE      DERIVATIVE 
   1  N0           3.43557e+06     fixed    
   2  tau          6.43981e+01   constant   
   3  A0           3.54008e-01     fixed    
   4  phi          4.11762e+00     fixed    
   5  R           -5.99112e+01   constant   
   6  A_CBO        3.11223e-04     fixed    
   7  w_CBO        2.32786e+00     fixed    
   8  phi_CBO      4.80019e+00   4.94414e-01   4.94414e-01  -1.86393e-01
   9  ANx2         3.16301e-04   constant   
  10  pNx2         1.53957e+00   constant   
  11  ANy1         0.00000e+00   constant   
  12  pNy1         0.00000e+00   constant   
  13  w_y          0.00000e+00   constant   
  14  ANy2         9.57003e-06     fixed    
  15  pNy2         1.44040e+00   constant   
  16  w_vw         1.43192e+01   constant   
  17  LM          -2.49463e-04   constant   
  18  wCBO_expCoeff   2.00044e+02   3.84596e-01   1.22632e-04   7.93682e-03
  19  wCBO_expOffset   1.99999e+02   2.97423e-02   9.53668e-05   3.57576e-02
  20  wCBO_expT    2.99999e+01   4.64323e-03   1.43051e-05   1.23200e-01
  21  wCBO_linCoeff   0.00000e+00   constant   
  22  wCBO_const  -2.15484e-03   2.00526e-03   5.06905e-06   2.51168e-02
 MIGRAD MINIMIZATION HAS CONVERGED.
 MIGRAD WILL VERIFY CONVERGENCE AND ERROR MATRIX.
 COVARIANCE MATRIX CALCULATED SUCCESSFULLY
 FCN=376.98 FROM MIGRAD    STATUS=CONVERGED     108 CALLS         887 TOTAL
                     EDM=1.58349e-07    STRATEGY= 1      ERROR MATRIX ACCURATE 
  EXT PARAMETER                                   STEP         FIRST   
  NO.   NAME      VALUE            ERROR          SIZE      DERIVATIVE 
   1  N0           3.43557e+06     fixed    
   2  tau          6.43981e+01   constant   
   3  A0           3.54008e-01     fixed    
   4  phi          4.11762e+00     fixed    
   5  R           -5.99112e+01   constant   
   6  A_CBO        3.11223e-04     fixed    
   7  w_CBO        2.32786e+00     fixed    
   8  phi_CBO      4.98724e+00   1.38978e+00   1.03372e-02  -1.25861e-04
   9  ANx2         3.16301e-04   constant   
  10  pNx2         1.53957e+00   constant   
  11  ANy1         0.00000e+00   constant   
  12  pNy1         0.00000e+00   constant   
  13  w_y          0.00000e+00   constant   
  14  ANy2         9.57003e-06     fixed    
  15  pNy2         1.44040e+00   constant   
  16  w_vw         1.43192e+01   constant   
  17  LM          -2.49463e-04   constant   
  18  wCBO_expCoeff   2.00042e+02   1.37495e-01   1.21722e-04   2.00154e-02
  19  wCBO_expOffset   1.99999e+02   1.80845e-02   9.53667e-05   1.33163e-01
  20  wCBO_expT    3.00002e+01   4.56448e-03   1.43052e-05   2.31473e-01
  21  wCBO_linCoeff   0.00000e+00   constant   
  22  wCBO_const  -2.19169e-03   8.49383e-04   5.05943e-06  -3.95867e-01
 EXTERNAL ERROR MATRIX.    NDIM=  25    NPAR=  5    ERR DEF=1
  1.932e+00 -1.830e-02 -7.339e-04  2.353e-03 -3.139e-04 
 -1.830e-02  1.890e-02 -2.146e-03 -2.944e-04  2.542e-05 
 -7.339e-04 -2.146e-03  3.270e-04 -1.639e-06  1.072e-07 
  2.353e-03 -2.944e-04 -1.639e-06  2.083e-05 -2.290e-06 
 -3.139e-04  2.542e-05  1.072e-07 -2.290e-06  7.215e-07 
 PARAMETER  CORRELATION COEFFICIENTS  
       NO.  GLOBAL      8     18     19     20     22
        8  0.62182   1.000 -0.096 -0.029  0.371 -0.266
       18  0.99564  -0.096  1.000 -0.863 -0.469  0.218
       19  0.99433  -0.029 -0.863  1.000 -0.020  0.007
       20  0.98689   0.371 -0.469 -0.020  1.000 -0.591
       22  0.77866  -0.266  0.218  0.007 -0.591  1.000
MINUIT - FIT ONLY 1-y
 **********
 **   60 **RES 
 **********
                   PARAMETER   14  ANy2 RESTORED TO VARIABLE.
                   PARAMETER    7  w_CBO RESTORED TO VARIABLE.
                   PARAMETER    6  A_CBO RESTORED TO VARIABLE.
                   PARAMETER    4  phi RESTORED TO VARIABLE.
                   PARAMETER    3  A0 RESTORED TO VARIABLE.
                   PARAMETER    1  N0 RESTORED TO VARIABLE.
 **********
 **   61 **FIX            0
 **********
 PARAMETER    0  IS UNDEFINED. IGNORED.
 **********
 **   62 **FIX            1
 **********
 **********
 **   63 **FIX            2
 **********
 PARAMETER    2  IS CONSTANT.   IGNORED.
 **********
 **   64 **FIX            3
 **********
 **********
 **   65 **FIX            4
 **********
 **********
 **   66 **FIX            5
 **********
 PARAMETER    5  IS CONSTANT.   IGNORED.
 **********
 **   67 **FIX            6
 **********
 **********
 **   68 **FIX            7
 **********
 **********
 **   69 **FIX            8
 **********
 **********
 **   70 **FIX            9
 **********
 PARAMETER    9  IS CONSTANT.   IGNORED.
 **********
 **   71 **FIX           13
 **********
 PARAMETER   13  IS CONSTANT.   IGNORED.
 **********
 **   72 **FIX           14
 **********
 **********
 **   73 **FIX           15
 **********
 PARAMETER   15  IS CONSTANT.   IGNORED.
 **********
 **   74 **FIX           16
 **********
 PARAMETER   16  IS CONSTANT.   IGNORED.
 **********
 **   75 **MIGRAD
 **********
 START MIGRAD MINIMIZATION.  STRATEGY  1.  CONVERGENCE WHEN EDM .LT. 1.00e-04
 FCN=376.98 FROM MIGRAD    STATUS=INITIATE        8 CALLS         895 TOTAL
                     EDM= unknown      STRATEGY= 1      NO ERROR MATRIX       
  EXT PARAMETER               CURRENT GUESS       STEP         FIRST   
  NO.   NAME      VALUE            ERROR          SIZE      DERIVATIVE 
   1  N0           3.43557e+06     fixed    
   2  tau          6.43981e+01   constant   
   3  A0           3.54008e-01     fixed    
   4  phi          4.11762e+00     fixed    
   5  R           -5.99112e+01   constant   
   6  A_CBO        3.11223e-04     fixed    
   7  w_CBO        2.32786e+00     fixed    
   8  phi_CBO      4.98724e+00     fixed    
   9  ANx2         3.16301e-04   constant   
  10  pNx2         1.53957e+00   constant   
  11  ANy1         0.00000e+00   constant   
  12  pNy1         0.00000e+00   constant   
  13  w_y          0.00000e+00   constant   
  14  ANy2         9.57003e-06     fixed    
  15  pNy2         1.44040e+00   constant   
  16  w_vw         1.43192e+01   constant   
  17  LM          -2.49463e-04   constant   
  18  wCBO_expCoeff   2.00042e+02   1.37495e-01   1.21722e-04   1.96960e-02
  19  wCBO_expOffset   1.99999e+02   1.80845e-02   9.53667e-05   6.55900e-02
  20  wCBO_expT    3.00002e+01   4.56448e-03   1.43052e-05   1.87139e-01
  21  wCBO_linCoeff   0.00000e+00   constant   
  22  wCBO_const  -2.19169e-03   8.49383e-04   5.05943e-06  -3.98389e-01
 MIGRAD MINIMIZATION HAS CONVERGED.
 MIGRAD WILL VERIFY CONVERGENCE AND ERROR MATRIX.
 COVARIANCE MATRIX CALCULATED SUCCESSFULLY
 FCN=376.98 FROM MIGRAD    STATUS=CONVERGED      45 CALLS         932 TOTAL
                     EDM=7.72261e-08    STRATEGY= 1      ERROR MATRIX ACCURATE 
  EXT PARAMETER                                   STEP         FIRST   
  NO.   NAME      VALUE            ERROR          SIZE      DERIVATIVE 
   1  N0           3.43557e+06     fixed    
   2  tau          6.43981e+01   constant   
   3  A0           3.54008e-01     fixed    
   4  phi          4.11762e+00     fixed    
   5  R           -5.99112e+01   constant   
   6  A_CBO        3.11223e-04     fixed    
   7  w_CBO        2.32786e+00     fixed    
   8  phi_CBO      4.98724e+00     fixed    
   9  ANx2         3.16301e-04   constant   
  10  pNx2         1.53957e+00   constant   
  11  ANy1         0.00000e+00   constant   
  12  pNy1         0.00000e+00   constant   
  13  w_y          0.00000e+00   constant   
  14  ANy2         9.57003e-06     fixed    
  15  pNy2         1.44040e+00   constant   
  16  w_vw         1.43192e+01   constant   
  17  LM          -2.49463e-04   constant   
  18  wCBO_expCoeff   2.00042e+02   1.37005e-01   1.21704e-04  -9.68316e-03
  19  wCBO_expOffset   1.99999e+02   1.80974e-02   9.53667e-05  -6.48661e-02
  20  wCBO_expT    3.00002e+01   4.23976e-03   1.43052e-05  -2.57518e-01
  21  wCBO_linCoeff   0.00000e+00   constant   
  22  wCBO_const  -2.19163e-03   8.18836e-04   5.05922e-06  -6.25650e-01
 EXTERNAL ERROR MATRIX.    NDIM=  25    NPAR=  4    ERR DEF=1
  1.877e-02 -2.158e-03 -2.724e-04  2.247e-05 
 -2.158e-03  3.275e-04 -7.267e-07 -1.350e-08 
 -2.724e-04 -7.267e-07  1.798e-05 -1.908e-06 
  2.247e-05 -1.350e-08 -1.908e-06  6.705e-07 
 PARAMETER  CORRELATION COEFFICIENTS  
       NO.  GLOBAL     18     19     20     22
       18  0.99561   1.000 -0.871 -0.469  0.200
       19  0.99434  -0.871  1.000 -0.009 -0.001
       20  0.98479  -0.469 -0.009  1.000 -0.550
       22  0.75921   0.200 -0.001 -0.550  1.000
MINUIT - FIT ONLY 2-y
 **********
 **   76 **RES 
 **********
                   PARAMETER   14  ANy2 RESTORED TO VARIABLE.
                   PARAMETER    8  phi_CBO RESTORED TO VARIABLE.
                   PARAMETER    7  w_CBO RESTORED TO VARIABLE.
                   PARAMETER    6  A_CBO RESTORED TO VARIABLE.
                   PARAMETER    4  phi RESTORED TO VARIABLE.
                   PARAMETER    3  A0 RESTORED TO VARIABLE.
                   PARAMETER    1  N0 RESTORED TO VARIABLE.
 **********
 **   77 **FIX            0
 **********
 PARAMETER    0  IS UNDEFINED. IGNORED.
 **********
 **   78 **FIX            1
 **********
 **********
 **   79 **FIX            2
 **********
 PARAMETER    2  IS CONSTANT.   IGNORED.
 **********
 **   80 **FIX            3
 **********
 **********
 **   81 **FIX            4
 **********
 **********
 **   82 **FIX            5
 **********
 PARAMETER    5  IS CONSTANT.   IGNORED.
 **********
 **   83 **FIX            6
 **********
 **********
 **   84 **FIX            7
 **********
 **********
 **   85 **FIX            8
 **********
 **********
 **   86 **FIX            9
 **********
 PARAMETER    9  IS CONSTANT.   IGNORED.
 **********
 **   87 **FIX           10
 **********
 PARAMETER   10  IS CONSTANT.   IGNORED.
 **********
 **   88 **FIX           11
 **********
 PARAMETER   11  IS CONSTANT.   IGNORED.
 **********
 **   89 **FIX           12
 **********
 PARAMETER   12  IS CONSTANT.   IGNORED.
 **********
 **   90 **FIX           16
 **********
 PARAMETER   16  IS CONSTANT.   IGNORED.
 **********
 **   91 **MIGRAD
 **********
 START MIGRAD MINIMIZATION.  STRATEGY  1.  CONVERGENCE WHEN EDM .LT. 1.00e-04
 FCN=376.98 FROM MIGRAD    STATUS=INITIATE       10 CALLS         942 TOTAL
                     EDM= unknown      STRATEGY= 1      NO ERROR MATRIX       
  EXT PARAMETER               CURRENT GUESS       STEP         FIRST   
  NO.   NAME      VALUE            ERROR          SIZE      DERIVATIVE 
   1  N0           3.43557e+06     fixed    
   2  tau          6.43981e+01   constant   
   3  A0           3.54008e-01     fixed    
   4  phi          4.11762e+00     fixed    
   5  R           -5.99112e+01   constant   
   6  A_CBO        3.11223e-04     fixed    
   7  w_CBO        2.32786e+00     fixed    
   8  phi_CBO      4.98724e+00     fixed    
   9  ANx2         3.16301e-04   constant   
  10  pNx2         1.53957e+00   constant   
  11  ANy1         0.00000e+00   constant   
  12  pNy1         0.00000e+00   constant   
  13  w_y          0.00000e+00   constant   
  14  ANy2         9.57003e-06   3.40638e-04   3.40638e-04   1.29112e+01
  15  pNy2         1.44040e+00   constant   
  16  w_vw         1.43192e+01   constant   
  17  LM          -2.49463e-04   constant   
  18  wCBO_expCoeff   2.00042e+02   1.37005e-01   1.21704e-04  -1.00015e-02
  19  wCBO_expOffset   1.99999e+02   1.80974e-02   9.53667e-05  -1.32248e-01
  20  wCBO_expT    3.00002e+01   4.23976e-03   1.43052e-05  -3.01804e-01
  21  wCBO_linCoeff   0.00000e+00   constant   
  22  wCBO_const  -2.19163e-03   8.18836e-04   5.05922e-06  -6.28174e-01
 MIGRAD MINIMIZATION HAS CONVERGED.
 MIGRAD WILL VERIFY CONVERGENCE AND ERROR MATRIX.
 COVARIANCE MATRIX CALCULATED SUCCESSFULLY
 FCN=376.98 FROM MIGRAD    STATUS=CONVERGED      54 CALLS         986 TOTAL
                     EDM=3.9675e-07    STRATEGY= 1      ERROR MATRIX ACCURATE 
  EXT PARAMETER                                   STEP         FIRST   
  NO.   NAME      VALUE            ERROR          SIZE      DERIVATIVE 
   1  N0           3.43557e+06     fixed    
   2  tau          6.43981e+01   constant   
   3  A0           3.54008e-01     fixed    
   4  phi          4.11762e+00     fixed    
   5  R           -5.99112e+01   constant   
   6  A_CBO        3.11223e-04     fixed    
   7  w_CBO        2.32786e+00     fixed    
   8  phi_CBO      4.98724e+00     fixed    
   9  ANx2         3.16301e-04   constant   
  10  pNx2         1.53957e+00   constant   
  11  ANy1         0.00000e+00   constant   
  12  pNy1         0.00000e+00   constant   
  13  w_y          0.00000e+00   constant   
  14  ANy2         8.82617e-06   3.39838e-04   3.22243e-06  -8.17621e-02
  15  pNy2         1.44040e+00   constant   
  16  w_vw         1.43192e+01   constant   
  17  LM          -2.49463e-04   constant   
  18  wCBO_expCoeff   2.00042e+02   1.36761e-01   1.21702e-04   6.55591e-02
  19  wCBO_expOffset   1.99999e+02   1.80544e-02   9.53667e-05   4.36849e-01
  20  wCBO_expT    3.00002e+01   4.23947e-03   1.43052e-05   1.04207e+00
  21  wCBO_linCoeff   0.00000e+00   constant   
  22  wCBO_const  -2.19154e-03   8.18881e-04   5.05919e-06   9.34823e-01
 EXTERNAL ERROR MATRIX.    NDIM=  25    NPAR=  5    ERR DEF=1
  1.155e-07  1.486e-06 -1.112e-07 -3.917e-08  4.503e-09 
  1.486e-06  1.870e-02 -2.148e-03 -2.724e-04  2.248e-05 
 -1.112e-07 -2.148e-03  3.260e-04 -7.271e-07 -1.484e-08 
 -3.917e-08 -2.724e-04 -7.271e-07  1.797e-05 -1.909e-06 
  4.503e-09  2.248e-05 -1.484e-08 -1.909e-06  6.706e-07 
 PARAMETER  CORRELATION COEFFICIENTS  
       NO.  GLOBAL     14     18     19     20     22
       14  0.04765   1.000  0.032 -0.018 -0.027  0.016
       18  0.99560   0.032  1.000 -0.870 -0.470  0.201
       19  0.99431  -0.018 -0.870  1.000 -0.009 -0.001
       20  0.98478  -0.027 -0.470 -0.009  1.000 -0.550
       22  0.75921   0.016  0.201 -0.001 -0.550  1.000
MINUIT - FIT ALTOGETHER
 **********
 **   92 **RES 
 **********
                   PARAMETER    8  phi_CBO RESTORED TO VARIABLE.
                   PARAMETER    7  w_CBO RESTORED TO VARIABLE.
                   PARAMETER    6  A_CBO RESTORED TO VARIABLE.
                   PARAMETER    4  phi RESTORED TO VARIABLE.
                   PARAMETER    3  A0 RESTORED TO VARIABLE.
                   PARAMETER    1  N0 RESTORED TO VARIABLE.
 **********
 **   93 **MIGRAD
 **********
 START MIGRAD MINIMIZATION.  STRATEGY  1.  CONVERGENCE WHEN EDM .LT. 1.00e-04
 FCN=376.98 FROM MIGRAD    STATUS=INITIATE       22 CALLS        1008 TOTAL
                     EDM= unknown      STRATEGY= 1      NO ERROR MATRIX       
  EXT PARAMETER               CURRENT GUESS       STEP         FIRST   
  NO.   NAME      VALUE            ERROR          SIZE      DERIVATIVE 
   1  N0           3.43557e+06   8.31233e+02   8.31233e+02  -5.98573e-04
   2  tau          6.43981e+01   constant   
   3  A0           3.54008e-01   3.21573e-04   3.21573e-04   2.46213e+03
   4  phi          4.11762e+00   9.48660e-04   9.48660e-04  -5.72153e+02
   5  R           -5.99112e+01   constant   
   6  A_CBO        3.11223e-04   3.53948e-04   3.53948e-04  -6.99644e+00
   7  w_CBO        2.32786e+00   4.34878e-03   4.34878e-03   6.00212e+00
   8  phi_CBO      4.98724e+00   1.38978e+00   1.38978e+00  -4.22850e-04
   9  ANx2         3.16301e-04   constant   
  10  pNx2         1.53957e+00   constant   
  11  ANy1         0.00000e+00   constant   
  12  pNy1         0.00000e+00   constant   
  13  w_y          0.00000e+00   constant   
  14  ANy2         8.82617e-06   3.39838e-04   3.22243e-06  -8.17629e-02
  15  pNy2         1.44040e+00   constant   
  16  w_vw         1.43192e+01   constant   
  17  LM          -2.49463e-04   constant   
  18  wCBO_expCoeff   2.00042e+02   1.36761e-01   1.21702e-04   6.52386e-02
  19  wCBO_expOffset   1.99999e+02   1.80544e-02   9.53667e-05   3.69036e-01
  20  wCBO_expT    3.00002e+01   4.23947e-03   1.43052e-05   1.00843e+00
  21  wCBO_linCoeff   0.00000e+00   constant   
  22  wCBO_const  -2.19154e-03   8.18881e-04   5.05919e-06   9.32288e-01
 MIGRAD MINIMIZATION HAS CONVERGED.
 MIGRAD WILL VERIFY CONVERGENCE AND ERROR MATRIX.
 COVARIANCE MATRIX CALCULATED SUCCESSFULLY
 FCN=376.692 FROM HESSE     STATUS=OK            102 CALLS        1204 TOTAL
                     EDM=0.000104144    STRATEGY= 1      ERROR MATRIX ACCURATE 
  EXT PARAMETER                                   STEP         FIRST   
  NO.   NAME      VALUE            ERROR          SIZE      DERIVATIVE 
