 + ++++++++++++++++++++++++++++++++++++++++++++++++++++++++++++++++++++ +
 +                                                                      +
 +           You have chose to blind your fitting according to          +
 +                omega_ref * (1 + (R +/- deltaR) *10^{-6})             +
 +                                                                      +
 + ++++++++++++++++++++++++++++++++++++++++++++++++++++++++++++++++++++ +
In main()...
reading format from /gm2data/zkhechad/run45/envelope/formats/formatB_sBin_constraintOn.txt
pBinTau 	= 0  
pBinPhi 	= 0  
constraintau 	= 1 
includeMopTerm 	= 0    
constrainMop    = 0   
Parameters after format file: pBinTau 0 pBinPhi 0 constraintau 1 includeMopTerm 0 constrainMop 0 c_e_scale 0.000000 
reading cbo reference file (full fit) from /gm2data/zkhechad/cboTemplates/Run4CBOTemplates/fullFits/run4/sBin_constraintOn_cE0.0_seed0_run4_calo20.root
A_CBO 0.007307 w_CBO 2.326921 phi_CBO 1.268494 N0 3181980.382925 R -61.000535 tau 64.408953 
Reading cboRef file /gm2data/zkhechad/cboTemplates/Run4CBOTemplates//cboIsolate/run4_calo20.root
deltaT 164.120000
windowBins = 1100
fitting sliding window 1160 from bin 1363 at 203.359600 to bin 2463 at 367.479600 (1100 bins)

Reading data from /gm2data/cornell/histograms/aMethod/histogram_a_run4.root
fitting cbo isolate
 **********
 **    1 **SET PRINTOUT            1
 **********
 **********
 **    2 **SET NOWARNINGS 
 **********
 PARAMETER DEFINITIONS:
    NO.   NAME         VALUE      STEP SIZE      LIMITS
     1 A_CBO        7.30680e-03  1.00000e-05     no limits
     2 w_CBO        2.32692e+00  1.00000e-02    2.00000e+00  3.00000e+00
     3 phi_CBO      1.26849e+00  1.00000e-02    0.00000e+00  6.28319e+00
 **********
 **    3 **MIGRAD
 **********
 FIRST CALL TO USER FUNCTION AT NEW START POINT, WITH IFLAG=4.
 START MIGRAD MINIMIZATION.  STRATEGY  1.  CONVERGENCE WHEN EDM .LT. 1.00e-04
 FCN=0.0269271 FROM MIGRAD    STATUS=INITIATE       12 CALLS          13 TOTAL
                     EDM= unknown      STRATEGY= 1      NO ERROR MATRIX       
  EXT PARAMETER               CURRENT GUESS       STEP         FIRST   
  NO.   NAME      VALUE            ERROR          SIZE      DERIVATIVE 
   1  A_CBO        7.30680e-03   1.00000e-05   1.00000e-05   5.27930e+00
   2  w_CBO        2.32692e+00   1.00000e-02   2.13202e-02   1.72339e-01
   3  phi_CBO      1.26849e+00   1.00000e-02   3.96494e-03  -3.09412e-03
 MIGRAD MINIMIZATION HAS CONVERGED.
 MIGRAD WILL VERIFY CONVERGENCE AND ERROR MATRIX.
 COVARIANCE MATRIX CALCULATED SUCCESSFULLY
 FCN=0.0142187 FROM MIGRAD    STATUS=CONVERGED      49 CALLS          50 TOTAL
                     EDM=1.32084e-06    STRATEGY= 1      ERROR MATRIX ACCURATE 
  EXT PARAMETER                                   STEP         FIRST   
  NO.   NAME      VALUE            ERROR          SIZE      DERIVATIVE 
   1  A_CBO        2.49405e-03   4.27678e-02   2.09838e-05  -9.86967e-03
   2  w_CBO        2.32680e+00   3.27381e-01   6.21056e-05   7.13490e-04
   3  phi_CBO      1.29981e+00   5.15365e+00   3.23999e-03   2.43016e-05
 EXTERNAL ERROR MATRIX.    NDIM=  25    NPAR=  3    ERR DEF=1
  1.829e-03 -1.000e-03 -2.894e-01 
 -1.000e-03  1.313e-01  3.729e+01 
 -2.894e-01  3.729e+01  1.088e+04 
 PARAMETER  CORRELATION COEFFICIENTS  
       NO.  GLOBAL      1      2      3
        1  0.06496   1.000 -0.065 -0.065
        2  0.98656  -0.065  1.000  0.987
        3  0.98656  -0.065  0.987  1.000
setting A_CBO=0.002494 w_CBO=2.326801, phi_CBO=1.299810
done fitting cbo isolate
 **********
 **    1 **SET PRINTOUT            1
 **********
 **********
 **    2 **SET NOWARNINGS 
 **********
 PARAMETER DEFINITIONS:
    NO.   NAME         VALUE      STEP SIZE      LIMITS
     1 N0           3.18198e+06  1.00000e+02     no limits
     2 tau          6.44090e+01  constant
     3 A0           3.64685e-01  1.00000e-04     no limits
     4 phi          4.11970e+00  1.00000e-02     no limits
     5 R           -6.10005e+01  constant
     6 A_CBO        2.49405e-03  1.00000e-05     no limits
     7 w_CBO        2.32680e+00  1.00000e-03     no limits
     8 phi_CBO      1.29981e+00  1.00000e-04     no limits
     9 ANx2         1.86992e-04  constant
    10 pNx2         5.81164e+00  constant
    11 ANy1         0.00000e+00  constant
    12 pNy1         0.00000e+00  constant
    13 w_y          0.00000e+00  constant
    14 ANy2         8.35747e-03  1.00000e-04     no limits
    15 pNy2         4.18605e+00  constant
    16 w_vw         1.43216e+01  constant
    17 LM           7.21641e-05  constant
    18 wCBO_expCoeff   2.00000e+02  1.00000e+00     no limits
    19 wCBO_expOffset   2.00000e+02  1.00000e+00     no limits
    20 wCBO_expT    3.00000e+01  1.00000e+00     no limits
    21 wCBO_linCoeff   0.00000e+00  constant
    22 wCBO_const   0.00000e+00  1.00000e-02     no limits
MINUIT - FIT ONLY WIGGLE
 **********
 **    3 **FIX            5
 **********
 PARAMETER    5  IS CONSTANT.   IGNORED.
 **********
 **    4 **FIX            6
 **********
 **********
 **    5 **FIX            7
 **********
 **********
 **    6 **FIX            8
 **********
 **********
 **    7 **FIX            9
 **********
 PARAMETER    9  IS CONSTANT.   IGNORED.
 **********
 **    8 **FIX           10
 **********
 PARAMETER   10  IS CONSTANT.   IGNORED.
 **********
 **    9 **FIX           11
 **********
 PARAMETER   11  IS CONSTANT.   IGNORED.
 **********
 **   10 **FIX           12
 **********
 PARAMETER   12  IS CONSTANT.   IGNORED.
 **********
 **   11 **FIX           13
 **********
 PARAMETER   13  IS CONSTANT.   IGNORED.
 **********
 **   12 **FIX           14
 **********
 **********
 **   13 **FIX           15
 **********
 PARAMETER   15  IS CONSTANT.   IGNORED.
 **********
 **   14 **FIX           16
 **********
 PARAMETER   16  IS CONSTANT.   IGNORED.
 **********
 **   15 **MIGRAD
 **********
 FIRST CALL TO USER FUNCTION AT NEW START POINT, WITH IFLAG=4.
 START MIGRAD MINIMIZATION.  STRATEGY  1.  CONVERGENCE WHEN EDM .LT. 1.00e-04
 FCN=1838.89 FROM MIGRAD    STATUS=INITIATE       34 CALLS          35 TOTAL
                     EDM= unknown      STRATEGY= 1      NO ERROR MATRIX       
  EXT PARAMETER               CURRENT GUESS       STEP         FIRST   
  NO.   NAME      VALUE            ERROR          SIZE      DERIVATIVE 
   1  N0           3.18198e+06   1.00000e+02   1.00000e+02  -4.54130e-04
   2  tau          6.44090e+01   constant   
   3  A0           3.64685e-01   1.00000e-04   1.00000e-04  -9.39922e+03
   4  phi          4.11970e+00   1.00000e-02   1.00000e-02   8.02287e+02
   5  R           -6.10005e+01   constant   
   6  A_CBO        2.49405e-03     fixed    
   7  w_CBO        2.32680e+00     fixed    
   8  phi_CBO      1.29981e+00     fixed    
   9  ANx2         1.86992e-04   constant   
  10  pNx2         5.81164e+00   constant   
  11  ANy1         0.00000e+00   constant   
  12  pNy1         0.00000e+00   constant   
  13  w_y          0.00000e+00   constant   
  14  ANy2         8.35747e-03     fixed    
  15  pNy2         4.18605e+00   constant   
  16  w_vw         1.43216e+01   constant   
  17  LM           7.21641e-05   constant   
  18  wCBO_expCoeff   2.00000e+02   1.00000e+00   1.00000e+00   2.95176e+03
  19  wCBO_expOffset   2.00000e+02   1.00000e+00   1.00000e+00   1.99031e+04
  20  wCBO_expT    3.00000e+01   1.00000e+00   1.00000e+00   1.84308e+04
  21  wCBO_linCoeff   0.00000e+00   constant   
  22  wCBO_const   0.00000e+00   1.00000e-02   1.00000e-02   6.29280e+03
 MIGRAD MINIMIZATION HAS CONVERGED.
 FCN=1834.13 FROM MIGRAD    STATUS=CONVERGED     135 CALLS         136 TOTAL
                     EDM=6.31297e-06    STRATEGY= 1  ERROR MATRIX UNCERTAINTY   1.9 per cent
  EXT PARAMETER                                   STEP         FIRST   
  NO.   NAME      VALUE            ERROR          SIZE      DERIVATIVE 
   1  N0           3.18196e+06   5.14096e+02   6.04981e-01   4.89989e-07
   2  tau          6.44090e+01   constant   
   3  A0           3.64906e-01   2.13657e-04   3.23983e-07  -9.27741e-01
   4  phi          4.11959e+00   6.10315e-04  -5.00636e-07   5.93399e-01
   5  R           -6.10005e+01   constant   
   6  A_CBO        2.49405e-03     fixed    
   7  w_CBO        2.32680e+00     fixed    
   8  phi_CBO      1.29981e+00     fixed    
   9  ANx2         1.86992e-04   constant   
  10  pNx2         5.81164e+00   constant   
  11  ANy1         0.00000e+00   constant   
  12  pNy1         0.00000e+00   constant   
  13  w_y          0.00000e+00   constant   
  14  ANy2         8.35747e-03     fixed    
  15  pNy2         4.18605e+00   constant   
  16  w_vw         1.43216e+01   constant   
  17  LM           7.21641e-05   constant   
  18  wCBO_expCoeff   2.00000e+02   9.34426e-04  -8.84090e-08  -2.78302e+00
  19  wCBO_expOffset   2.00000e+02   1.39273e-04  -3.32427e-07   3.07973e+01
  20  wCBO_expT    2.99994e+01   4.54670e-04   1.02166e-06   3.00194e+00
  21  wCBO_linCoeff   0.00000e+00   constant   
  22  wCBO_const   8.35816e-04   7.45203e-04  -3.17018e-06   4.89808e+00
 EXTERNAL ERROR MATRIX.    NDIM=  25    NPAR=  7    ERR DEF=1
  2.643e+05  1.789e-03  1.918e-03 -1.684e-02 -5.063e-03  3.012e-02 -3.477e-02 
  1.789e-03  4.565e-08  5.476e-10 -8.691e-09 -2.745e-09  6.219e-09 -5.998e-09 
  1.918e-03  5.476e-10  3.725e-07 -3.129e-08 -1.689e-09  3.602e-09 -6.531e-09 
 -1.684e-02 -8.691e-09 -3.129e-08  8.732e-07  2.349e-08 -1.371e-07 -5.709e-08 
 -5.063e-03 -2.745e-09 -1.689e-09  2.349e-08  1.940e-08 -2.450e-08  9.615e-09 
  3.012e-02  6.219e-09  3.602e-09 -1.371e-07 -2.450e-08  2.067e-07 -2.801e-07 
 -3.477e-02 -5.998e-09 -6.531e-09 -5.709e-08  9.615e-09 -2.801e-07  5.553e-07 
 PARAMETER  CORRELATION COEFFICIENTS  
       NO.  GLOBAL      1      3      4     18     19     20     22
        1  0.13644   1.000  0.016  0.006 -0.035 -0.071  0.129 -0.091
        3  0.10300   0.016  1.000  0.004 -0.044 -0.092  0.064 -0.038
        4  0.09212   0.006  0.004  1.000 -0.055 -0.020  0.013 -0.014
       18  0.74017  -0.035 -0.044 -0.055  1.000  0.180 -0.323 -0.082
       19  0.62568  -0.071 -0.092 -0.020  0.180  1.000 -0.387  0.093
       20  0.94679   0.129  0.064  0.013 -0.323 -0.387  1.000 -0.827
       22  0.93270  -0.091 -0.038 -0.014 -0.082  0.093 -0.827  1.000
MINUIT - FIT ONLY 1-CBO + other amplitudes 
 **********
 **   16 **RES 
 **********
                   PARAMETER   14  ANy2 RESTORED TO VARIABLE.
                   PARAMETER    8  phi_CBO RESTORED TO VARIABLE.
                   PARAMETER    7  w_CBO RESTORED TO VARIABLE.
                   PARAMETER    6  A_CBO RESTORED TO VARIABLE.
 **********
 **   17 **FIX            0
 **********
 PARAMETER    0  IS UNDEFINED. IGNORED.
 **********
 **   18 **FIX            1
 **********
 **********
 **   19 **FIX            2
 **********
 PARAMETER    2  IS CONSTANT.   IGNORED.
 **********
 **   20 **FIX            3
 **********
 **********
 **   21 **FIX            4
 **********
 **********
 **   22 **FIX            9
 **********
 PARAMETER    9  IS CONSTANT.   IGNORED.
 **********
 **   23 **FIX           11
 **********
 PARAMETER   11  IS CONSTANT.   IGNORED.
 **********
 **   24 **FIX           12
 **********
 PARAMETER   12  IS CONSTANT.   IGNORED.
 **********
 **   25 **FIX           14
 **********
 **********
 **   26 **FIX           15
 **********
 PARAMETER   15  IS CONSTANT.   IGNORED.
 **********
 **   27 **FIX           16
 **********
 PARAMETER   16  IS CONSTANT.   IGNORED.
 **********
 **   28 **MIGRAD
 **********
 START MIGRAD MINIMIZATION.  STRATEGY  1.  CONVERGENCE WHEN EDM .LT. 1.00e-04
 FCN=1834.13 FROM MIGRAD    STATUS=INITIATE       22 CALLS         158 TOTAL
                     EDM= unknown      STRATEGY= 1      NO ERROR MATRIX       
  EXT PARAMETER               CURRENT GUESS       STEP         FIRST   
  NO.   NAME      VALUE            ERROR          SIZE      DERIVATIVE 
   1  N0           3.18196e+06     fixed    
   2  tau          6.44090e+01   constant   
   3  A0           3.64906e-01     fixed    
   4  phi          4.11959e+00     fixed    
   5  R           -6.10005e+01   constant   
   6  A_CBO        2.49405e-03   1.00000e-05   1.00000e-05   6.96409e+04
   7  w_CBO        2.32680e+00   1.00000e-03   1.00000e-03  -2.36146e+02
   8  phi_CBO      1.29981e+00   1.00000e-04   1.00000e-04  -6.62260e+00
   9  ANx2         1.86992e-04   constant   
  10  pNx2         5.81164e+00   constant   
  11  ANy1         0.00000e+00   constant   
  12  pNy1         0.00000e+00   constant   
  13  w_y          0.00000e+00   constant   
  14  ANy2         8.35747e-03     fixed    
  15  pNy2         4.18605e+00   constant   
  16  w_vw         1.43216e+01   constant   
  17  LM           7.21641e-05   constant   
  18  wCBO_expCoeff   2.00000e+02   9.34426e-04  -8.84090e-08  -2.78302e+00
  19  wCBO_expOffset   2.00000e+02   1.39273e-04  -3.32427e-07   3.07973e+01
  20  wCBO_expT    2.99994e+01   4.54670e-04   1.02166e-06   3.00194e+00
  21  wCBO_linCoeff   0.00000e+00   constant   
  22  wCBO_const   8.35816e-04   7.45203e-04  -3.17018e-06   4.89804e+00
 MIGRAD MINIMIZATION HAS CONVERGED.
 MIGRAD WILL VERIFY CONVERGENCE AND ERROR MATRIX.
 FCN=1765.32 FROM MIGRAD    STATUS=CONVERGED     278 CALLS         414 TOTAL
                     EDM=6.75301e-06    STRATEGY= 1      ERR MATRIX NOT POS-DEF
  EXT PARAMETER                APPROXIMATE        STEP         FIRST   
  NO.   NAME      VALUE            ERROR          SIZE      DERIVATIVE 
   1  N0           3.18196e+06     fixed    
   2  tau          6.44090e+01   constant   
   3  A0           3.64906e-01     fixed    
   4  phi          4.11959e+00     fixed    
   5  R           -6.10005e+01   constant   
   6  A_CBO        6.27124e-04   2.27805e-04   4.65091e-06   1.27574e+00
   7  w_CBO        2.32682e+00   1.18983e-04   1.10951e-06  -2.28725e+02
   8  phi_CBO      1.94061e+00   4.73569e-01   7.38963e-03   1.49849e-03
   9  ANx2         1.86992e-04   constant   
  10  pNx2         5.81164e+00   constant   
  11  ANy1         0.00000e+00   constant   
  12  pNy1         0.00000e+00   constant   
  13  w_y          0.00000e+00   constant   
  14  ANy2         8.35747e-03     fixed    
  15  pNy2         4.18605e+00   constant   
  16  w_vw         1.43216e+01   constant   
  17  LM           7.21641e-05   constant   
  18  wCBO_expCoeff   2.00001e+02   1.02842e-02   9.53681e-05  -2.61326e+00
  19  wCBO_expOffset   2.00000e+02   1.04095e-03   9.53675e-05  -1.71974e+01
  20  wCBO_expT    2.99983e+01   5.78484e-04   1.43043e-05  -3.72563e+00
  21  wCBO_linCoeff   0.00000e+00   constant   
  22  wCBO_const   2.54952e-03   8.44942e-04   7.54462e-06  -1.21018e+00
 EXTERNAL ERROR MATRIX.    NDIM=  25    NPAR=  7    ERR DEF=1
  5.190e-08  5.553e-10 -2.193e-06  5.370e-08 -1.943e-08  1.160e-08 -9.687e-09 
  5.553e-10  1.416e-08 -2.323e-06 -9.344e-07 -4.038e-08 -3.988e-09 -5.610e-09 
 -2.193e-06 -2.323e-06  2.243e-01 -2.126e-04  2.511e-05  8.448e-05  7.472e-05 
  5.370e-08 -9.344e-07 -2.126e-04  1.058e-04 -3.642e-06 -3.378e-07  4.104e-07 
 -1.943e-08 -4.038e-08  2.511e-05 -3.642e-06  1.084e-06  1.763e-08 -1.297e-08 
  1.160e-08 -3.988e-09  8.448e-05 -3.378e-07  1.763e-08  3.346e-07 -3.091e-07 
 -9.687e-09 -5.610e-09  7.472e-05  4.104e-07 -1.297e-08 -3.091e-07  7.139e-07 
ERR MATRIX NOT POS-DEF
 PARAMETER  CORRELATION COEFFICIENTS  
       NO.  GLOBAL      6      7      8     18     19     20     22
        6  0.13557   1.000  0.020 -0.020  0.023 -0.082  0.088 -0.050
        7  0.99586   0.020  1.000 -0.041 -0.764 -0.326 -0.058 -0.056
        8  0.65336  -0.020 -0.041  1.000 -0.044  0.051  0.308  0.187
       18  0.99582   0.023 -0.764 -0.044  1.000 -0.340 -0.057  0.047
       19  0.99072  -0.082 -0.326  0.051 -0.340  1.000  0.029 -0.015
       20  0.93287   0.088 -0.058  0.308 -0.057  0.029  1.000 -0.632
       22  0.90123  -0.050 -0.056  0.187  0.047 -0.015 -0.632  1.000
 ERR MATRIX NOT POS-DEF
MINUIT - FIT ONLY 1-CBO
 **********
 **   29 **RES 
 **********
                   PARAMETER   14  ANy2 RESTORED TO VARIABLE.
                   PARAMETER    4  phi RESTORED TO VARIABLE.
                   PARAMETER    3  A0 RESTORED TO VARIABLE.
                   PARAMETER    1  N0 RESTORED TO VARIABLE.
 **********
 **   30 **FIX            0
 **********
 PARAMETER    0  IS UNDEFINED. IGNORED.
 **********
 **   31 **FIX            1
 **********
 **********
 **   32 **FIX            2
 **********
 PARAMETER    2  IS CONSTANT.   IGNORED.
 **********
 **   33 **FIX            3
 **********
 **********
 **   34 **FIX            4
 **********
 **********
 **   35 **FIX            8
 **********
 **********
 **   36 **FIX            9
 **********
 PARAMETER    9  IS CONSTANT.   IGNORED.
 **********
 **   37 **FIX           11
 **********
 PARAMETER   11  IS CONSTANT.   IGNORED.
 **********
 **   38 **FIX           12
 **********
 PARAMETER   12  IS CONSTANT.   IGNORED.
 **********
 **   39 **FIX           13
 **********
 PARAMETER   13  IS CONSTANT.   IGNORED.
 **********
 **   40 **FIX           15
 **********
 PARAMETER   15  IS CONSTANT.   IGNORED.
 **********
 **   41 **FIX           16
 **********
 PARAMETER   16  IS CONSTANT.   IGNORED.
 **********
 **   42 **MIGRAD
 **********
 START MIGRAD MINIMIZATION.  STRATEGY  1.  CONVERGENCE WHEN EDM .LT. 1.00e-04
 FCN=1765.32 FROM MIGRAD    STATUS=INITIATE       16 CALLS         430 TOTAL
                     EDM= unknown      STRATEGY= 1      NO ERROR MATRIX       
  EXT PARAMETER               CURRENT GUESS       STEP         FIRST   
  NO.   NAME      VALUE            ERROR          SIZE      DERIVATIVE 
   1  N0           3.18196e+06     fixed    
   2  tau          6.44090e+01   constant   
   3  A0           3.64906e-01     fixed    
   4  phi          4.11959e+00     fixed    
   5  R           -6.10005e+01   constant   
   6  A_CBO        6.27124e-04   2.27805e-04   4.65091e-06   1.27574e+00
   7  w_CBO        2.32682e+00   1.18983e-04   1.10951e-06  -2.13676e+02
   8  phi_CBO      1.94061e+00     fixed    
   9  ANx2         1.86992e-04   constant   
  10  pNx2         5.81164e+00   constant   
  11  ANy1         0.00000e+00   constant   
  12  pNy1         0.00000e+00   constant   
  13  w_y          0.00000e+00   constant   
  14  ANy2         8.35747e-03   1.00000e-04   1.00000e-04   3.23032e+05
  15  pNy2         4.18605e+00   constant   
  16  w_vw         1.43216e+01   constant   
  17  LM           7.21641e-05   constant   
  18  wCBO_expCoeff   2.00001e+02   1.02842e-02   9.53681e-05  -2.48302e+00
  19  wCBO_expOffset   2.00000e+02   1.04095e-03   9.53675e-05   3.26197e+01
  20  wCBO_expT    2.99983e+01   5.78484e-04   1.43043e-05  -3.67336e+00
  21  wCBO_linCoeff   0.00000e+00   constant   
  22  wCBO_const   2.54952e-03   8.44942e-04   7.54462e-06  -1.19921e+00
 MIGRAD FAILS TO FIND IMPROVEMENT
 FCN=420.917 FROM HESSE     STATUS=NOT POSDEF     52 CALLS         709 TOTAL
                     EDM=0.000145508    STRATEGY= 1      ERR MATRIX NOT POS-DEF
  EXT PARAMETER                APPROXIMATE        STEP         FIRST   
  NO.   NAME      VALUE            ERROR          SIZE      DERIVATIVE 
   1  N0           3.18196e+06     fixed    
   2  tau          6.44090e+01   constant   
   3  A0           3.64906e-01     fixed    
   4  phi          4.11959e+00     fixed    
   5  R           -6.10005e+01   constant   
   6  A_CBO        1.73756e-04   2.66267e-04   2.30464e-06   6.21881e-01
   7  w_CBO        2.32680e+00   1.13112e-04   1.10950e-06  -9.99554e+02
   8  phi_CBO      1.94061e+00     fixed    
   9  ANx2         1.86992e-04   constant   
  10  pNx2         5.81164e+00   constant   
  11  ANy1         0.00000e+00   constant   
  12  pNy1         0.00000e+00   constant   
  13  w_y          0.00000e+00   constant   
  14  ANy2         2.35887e-05   2.19273e-04   2.26915e-06   1.97098e+01
  15  pNy2         4.18605e+00   constant   
  16  w_vw         1.43216e+01   constant   
  17  LM           7.21641e-05   constant   
  18  wCBO_expCoeff   1.99999e+02   9.87516e-03   9.53672e-05  -1.16075e+01
  19  wCBO_expOffset   2.00000e+02   2.67612e-03   9.53673e-05  -7.69860e+01
  20  wCBO_expT    2.99990e+01   7.22014e-04   1.43046e-05  -4.06874e+01
  21  wCBO_linCoeff   0.00000e+00   constant   
  22  wCBO_const   3.65696e-03   1.04074e-03   6.48330e-06  -4.54935e+00
 MIGRAD FAILS TO FIND IMPROVEMENT
 MIGRAD TERMINATED WITHOUT CONVERGENCE.
 FCN=420.917 FROM MIGRAD    STATUS=FAILED        368 CALLS         782 TOTAL
                     EDM=0.0098732    STRATEGY= 1      ERR MATRIX NOT POS-DEF
  EXT PARAMETER                APPROXIMATE        STEP         FIRST   
  NO.   NAME      VALUE            ERROR          SIZE      DERIVATIVE 
   1  N0           3.18196e+06     fixed    
   2  tau          6.44090e+01   constant   
   3  A0           3.64906e-01     fixed    
   4  phi          4.11959e+00     fixed    
   5  R           -6.10005e+01   constant   
   6  A_CBO        1.73219e-04   2.44579e-04   0.00000e+00  -5.52591e+00
   7  w_CBO        2.32680e+00   8.32789e-05   0.00000e+00   1.25101e+02
   8  phi_CBO      1.94061e+00     fixed    
   9  ANx2         1.86992e-04   constant   
  10  pNx2         5.81164e+00   constant   
  11  ANy1         0.00000e+00   constant   
  12  pNy1         0.00000e+00   constant   
  13  w_y          0.00000e+00   constant   
  14  ANy2         2.31240e-05   2.18424e-04  -0.00000e+00  -1.31034e+00
  15  pNy2         4.18605e+00   constant   
  16  w_vw         1.43216e+01   constant   
  17  LM           7.21641e-05   constant   
  18  wCBO_expCoeff   1.99999e+02   7.26375e-03   0.00000e+00   1.43512e+00
  19  wCBO_expOffset   2.00000e+02   1.48617e-03  -0.00000e+00   9.49157e+01
  20  wCBO_expT    2.99990e+01   7.49640e-04   0.00000e+00   2.40543e+00
  21  wCBO_linCoeff   0.00000e+00   constant   
  22  wCBO_const   3.64745e-03   1.13027e-03  -0.00000e+00   2.91801e+00
 EXTERNAL ERROR MATRIX.    NDIM=  25    NPAR=  7    ERR DEF=1
  5.982e-08  3.475e-10  1.601e-09  3.315e-08 -3.401e-08  4.573e-08 -5.720e-08 
  3.475e-10  6.935e-09 -2.134e-09  1.271e-07 -9.372e-08  1.174e-08 -4.169e-08 
  1.601e-09 -2.134e-09  4.771e-08 -1.871e-07  6.023e-08 -4.047e-09 -5.614e-09 
  3.315e-08  1.271e-07 -1.871e-07  5.276e-05 -8.255e-06  1.046e-06 -3.494e-06 
 -3.401e-08 -9.372e-08  6.023e-08 -8.255e-06  2.209e-06 -4.662e-07  9.595e-07 
  4.573e-08  1.174e-08 -4.047e-09  1.046e-06 -4.662e-07  5.620e-07 -4.530e-07 
 -5.720e-08 -4.169e-08 -5.614e-09 -3.494e-06  9.595e-07 -4.530e-07  1.278e-06 
ERR MATRIX NOT POS-DEF
 PARAMETER  CORRELATION COEFFICIENTS  
       NO.  GLOBAL      6      7     14     18     19     20     22
        6  0.69636   1.000  0.017  0.030  0.019 -0.094  0.249 -0.207
        7  0.99796   0.017  1.000 -0.117  0.210 -0.757  0.188 -0.443
       14  0.63740   0.030 -0.117  1.000 -0.118  0.186 -0.025 -0.023
       18  0.99800   0.019  0.210 -0.118  1.000 -0.765  0.192 -0.426
       19  0.99921  -0.094 -0.757  0.186 -0.765  1.000 -0.418  0.571
       20  0.98466   0.249  0.188 -0.025  0.192 -0.418  1.000 -0.535
       22  0.93584  -0.207 -0.443 -0.023 -0.426  0.571 -0.535  1.000
 ERR MATRIX NOT POS-DEF
MINUIT - FIT ONLY 2-CBO
 **********
 **   43 **RES 
 **********
                   PARAMETER    8  phi_CBO RESTORED TO VARIABLE.
                   PARAMETER    4  phi RESTORED TO VARIABLE.
                   PARAMETER    3  A0 RESTORED TO VARIABLE.
                   PARAMETER    1  N0 RESTORED TO VARIABLE.
 **********
 **   44 **FIX            0
 **********
 PARAMETER    0  IS UNDEFINED. IGNORED.
 **********
 **   45 **FIX            1
 **********
 **********
 **   46 **FIX            2
 **********
 PARAMETER    2  IS CONSTANT.   IGNORED.
 **********
 **   47 **FIX            3
 **********
 **********
 **   48 **FIX            4
 **********
 **********
 **   49 **FIX            5
 **********
 PARAMETER    5  IS CONSTANT.   IGNORED.
 **********
 **   50 **FIX            6
 **********
 **********
 **   51 **FIX            7
 **********
 **********
 **   52 **FIX           10
 **********
 PARAMETER   10  IS CONSTANT.   IGNORED.
 **********
 **   53 **FIX           11
 **********
 PARAMETER   11  IS CONSTANT.   IGNORED.
 **********
 **   54 **FIX           12
 **********
 PARAMETER   12  IS CONSTANT.   IGNORED.
 **********
 **   55 **FIX           13
 **********
 PARAMETER   13  IS CONSTANT.   IGNORED.
 **********
 **   56 **FIX           14
 **********
 **********
 **   57 **FIX           15
 **********
 PARAMETER   15  IS CONSTANT.   IGNORED.
 **********
 **   58 **FIX           16
 **********
 PARAMETER   16  IS CONSTANT.   IGNORED.
 **********
 **   59 **MIGRAD
 **********
 START MIGRAD MINIMIZATION.  STRATEGY  1.  CONVERGENCE WHEN EDM .LT. 1.00e-04
 FCN=420.917 FROM MIGRAD    STATUS=INITIATE       12 CALLS         794 TOTAL
                     EDM= unknown      STRATEGY= 1      NO ERROR MATRIX       
  EXT PARAMETER               CURRENT GUESS       STEP         FIRST   
  NO.   NAME      VALUE            ERROR          SIZE      DERIVATIVE 
   1  N0           3.18196e+06     fixed    
   2  tau          6.44090e+01   constant   
   3  A0           3.64906e-01     fixed    
   4  phi          4.11959e+00     fixed    
   5  R           -6.10005e+01   constant   
   6  A_CBO        1.73219e-04     fixed    
   7  w_CBO        2.32680e+00     fixed    
   8  phi_CBO      1.94061e+00   4.73569e-01   4.73569e-01  -1.38823e+00
   9  ANx2         1.86992e-04   constant   
  10  pNx2         5.81164e+00   constant   
  11  ANy1         0.00000e+00   constant   
  12  pNy1         0.00000e+00   constant   
  13  w_y          0.00000e+00   constant   
  14  ANy2         2.31240e-05     fixed    
  15  pNy2         4.18605e+00   constant   
  16  w_vw         1.43216e+01   constant   
  17  LM           7.21641e-05   constant   
  18  wCBO_expCoeff   1.99999e+02   7.26375e-03   0.00000e+00   1.43512e+00
  19  wCBO_expOffset   2.00000e+02   1.48617e-03  -0.00000e+00   9.49157e+01
  20  wCBO_expT    2.99990e+01   7.49640e-04   0.00000e+00   2.40543e+00
  21  wCBO_linCoeff   0.00000e+00   constant   
  22  wCBO_const   3.64745e-03   1.13027e-03  -0.00000e+00   2.91801e+00
 MIGRAD FAILS TO FIND IMPROVEMENT
 MIGRAD MINIMIZATION HAS CONVERGED.
 FCN=420.176 FROM MIGRAD    STATUS=CONVERGED     131 CALLS         913 TOTAL
                     EDM=6.32416e-05    STRATEGY= 1  ERROR MATRIX UNCERTAINTY   3.5 per cent
  EXT PARAMETER                                   STEP         FIRST   
  NO.   NAME      VALUE            ERROR          SIZE      DERIVATIVE 
   1  N0           3.18196e+06     fixed    
   2  tau          6.44090e+01   constant   
   3  A0           3.64906e-01     fixed    
   4  phi          4.11959e+00     fixed    
   5  R           -6.10005e+01   constant   
   6  A_CBO        1.73219e-04     fixed    
   7  w_CBO        2.32680e+00     fixed    
   8  phi_CBO      2.94166e+00   1.13478e+00   0.00000e+00  -3.55053e-04
   9  ANx2         1.86992e-04   constant   
  10  pNx2         5.81164e+00   constant   
  11  ANy1         0.00000e+00   constant   
  12  pNy1         0.00000e+00   constant   
  13  w_y          0.00000e+00   constant   
  14  ANy2         2.31240e-05     fixed    
  15  pNy2         4.18605e+00   constant   
  16  w_vw         1.43216e+01   constant   
  17  LM           7.21641e-05   constant   
  18  wCBO_expCoeff   2.00000e+02   5.44012e-03   0.00000e+00  -2.75184e+00
  19  wCBO_expOffset   2.00000e+02   6.95653e-04  -0.00000e+00   1.98931e+01
  20  wCBO_expT    2.99990e+01   8.50707e-04  -0.00000e+00  -3.66229e+00
  21  wCBO_linCoeff   0.00000e+00   constant   
  22  wCBO_const   3.70025e-03   1.13066e-03   0.00000e+00   2.17728e+00
 EXTERNAL ERROR MATRIX.    NDIM=  25    NPAR=  5    ERR DEF=1
  1.288e+00  3.736e-03 -4.498e-04 -1.039e-04  1.618e-04 
  3.736e-03  2.959e-05 -3.286e-06 -3.237e-06  2.364e-06 
 -4.498e-04 -3.286e-06  4.839e-07  2.803e-07 -4.285e-07 
 -1.039e-04 -3.237e-06  2.803e-07  7.237e-07 -5.131e-07 
  1.618e-04  2.364e-06 -4.285e-07 -5.131e-07  1.278e-06 
 PARAMETER  CORRELATION COEFFICIENTS  
       NO.  GLOBAL      8     18     19     20     22
        8  0.77608   1.000  0.605 -0.570 -0.108  0.126
       18  0.97423   0.605  1.000 -0.868 -0.699  0.384
       19  0.95256  -0.570 -0.868  1.000  0.474 -0.545
       20  0.92214  -0.108 -0.699  0.474  1.000 -0.533
       22  0.82715   0.126  0.384 -0.545 -0.533  1.000
MINUIT - FIT ONLY 1-y
 **********
 **   60 **RES 
 **********
                   PARAMETER   14  ANy2 RESTORED TO VARIABLE.
                   PARAMETER    7  w_CBO RESTORED TO VARIABLE.
                   PARAMETER    6  A_CBO RESTORED TO VARIABLE.
                   PARAMETER    4  phi RESTORED TO VARIABLE.
                   PARAMETER    3  A0 RESTORED TO VARIABLE.
                   PARAMETER    1  N0 RESTORED TO VARIABLE.
 **********
 **   61 **FIX            0
 **********
 PARAMETER    0  IS UNDEFINED. IGNORED.
 **********
 **   62 **FIX            1
 **********
 **********
 **   63 **FIX            2
 **********
 PARAMETER    2  IS CONSTANT.   IGNORED.
 **********
 **   64 **FIX            3
 **********
 **********
 **   65 **FIX            4
 **********
 **********
 **   66 **FIX            5
 **********
 PARAMETER    5  IS CONSTANT.   IGNORED.
 **********
 **   67 **FIX            6
 **********
 **********
 **   68 **FIX            7
 **********
 **********
 **   69 **FIX            8
 **********
 **********
 **   70 **FIX            9
 **********
 PARAMETER    9  IS CONSTANT.   IGNORED.
 **********
 **   71 **FIX           13
 **********
 PARAMETER   13  IS CONSTANT.   IGNORED.
 **********
 **   72 **FIX           14
 **********
 **********
 **   73 **FIX           15
 **********
 PARAMETER   15  IS CONSTANT.   IGNORED.
 **********
 **   74 **FIX           16
 **********
 PARAMETER   16  IS CONSTANT.   IGNORED.
 **********
 **   75 **MIGRAD
 **********
 START MIGRAD MINIMIZATION.  STRATEGY  1.  CONVERGENCE WHEN EDM .LT. 1.00e-04
 FCN=420.176 FROM MIGRAD    STATUS=INITIATE        8 CALLS         921 TOTAL
                     EDM= unknown      STRATEGY= 1      NO ERROR MATRIX       
  EXT PARAMETER               CURRENT GUESS       STEP         FIRST   
  NO.   NAME      VALUE            ERROR          SIZE      DERIVATIVE 
   1  N0           3.18196e+06     fixed    
   2  tau          6.44090e+01   constant   
   3  A0           3.64906e-01     fixed    
   4  phi          4.11959e+00     fixed    
   5  R           -6.10005e+01   constant   
   6  A_CBO        1.73219e-04     fixed    
   7  w_CBO        2.32680e+00     fixed    
   8  phi_CBO      2.94166e+00     fixed    
   9  ANx2         1.86992e-04   constant   
  10  pNx2         5.81164e+00   constant   
  11  ANy1         0.00000e+00   constant   
  12  pNy1         0.00000e+00   constant   
  13  w_y          0.00000e+00   constant   
  14  ANy2         2.31240e-05     fixed    
  15  pNy2         4.18605e+00   constant   
  16  w_vw         1.43216e+01   constant   
  17  LM           7.21641e-05   constant   
  18  wCBO_expCoeff   2.00000e+02   5.44012e-03   0.00000e+00  -2.75184e+00
  19  wCBO_expOffset   2.00000e+02   6.95653e-04  -0.00000e+00   1.98931e+01
  20  wCBO_expT    2.99990e+01   8.50707e-04  -0.00000e+00  -3.66229e+00
  21  wCBO_linCoeff   0.00000e+00   constant   
  22  wCBO_const   3.70025e-03   1.13066e-03   0.00000e+00   2.17728e+00
 MIGRAD FAILS TO FIND IMPROVEMENT
 FCN=420.176 FROM HESSE     STATUS=NOT POSDEF     29 CALLS         985 TOTAL
                     EDM=1.15135e-05    STRATEGY= 1      ERR MATRIX NOT POS-DEF
  EXT PARAMETER                APPROXIMATE        STEP         FIRST   
  NO.   NAME      VALUE            ERROR          SIZE      DERIVATIVE 
   1  N0           3.18196e+06     fixed    
   2  tau          6.44090e+01   constant   
   3  A0           3.64906e-01     fixed    
   4  phi          4.11959e+00     fixed    
   5  R           -6.10005e+01   constant   
   6  A_CBO        1.73219e-04     fixed    
   7  w_CBO        2.32680e+00     fixed    
   8  phi_CBO      2.94166e+00     fixed    
   9  ANx2         1.86992e-04   constant   
  10  pNx2         5.81164e+00   constant   
  11  ANy1         0.00000e+00   constant   
  12  pNy1         0.00000e+00   constant   
  13  w_y          0.00000e+00   constant   
  14  ANy2         2.31240e-05     fixed    
  15  pNy2         4.18605e+00   constant   
  16  w_vw         1.43216e+01   constant   
  17  LM           7.21641e-05   constant   
  18  wCBO_expCoeff   2.00000e+02   1.66718e-02   9.53673e-05  -2.76708e+00
  19  wCBO_expOffset   2.00000e+02   2.48731e-03   9.53674e-05  -1.82683e+01
  20  wCBO_expT    2.99990e+01   8.24679e-04   1.43046e-05  -5.66286e-01
  21  wCBO_linCoeff   0.00000e+00   constant   
  22  wCBO_const   3.69808e-03   1.11155e-03   6.30447e-06   3.84582e-03
 MIGRAD FAILS TO FIND IMPROVEMENT
 MIGRAD TERMINATED WITHOUT CONVERGENCE.
 FCN=420.176 FROM MIGRAD    STATUS=FAILED         93 CALLS        1006 TOTAL
                     EDM=0.00219107    STRATEGY= 1      ERR MATRIX NOT POS-DEF
  EXT PARAMETER                APPROXIMATE        STEP         FIRST   
  NO.   NAME      VALUE            ERROR          SIZE      DERIVATIVE 
   1  N0           3.18196e+06     fixed    
   2  tau          6.44090e+01   constant   
   3  A0           3.64906e-01     fixed    
   4  phi          4.11959e+00     fixed    
   5  R           -6.10005e+01   constant   
   6  A_CBO        1.73219e-04     fixed    
   7  w_CBO        2.32680e+00     fixed    
   8  phi_CBO      2.94166e+00     fixed    
   9  ANx2         1.86992e-04   constant   
  10  pNx2         5.81164e+00   constant   
  11  ANy1         0.00000e+00   constant   
  12  pNy1         0.00000e+00   constant   
  13  w_y          0.00000e+00   constant   
  14  ANy2         2.31240e-05     fixed    
  15  pNy2         4.18605e+00   constant   
  16  w_vw         1.43216e+01   constant   
  17  LM           7.21641e-05   constant   
  18  wCBO_expCoeff   2.00000e+02   4.97623e-03   0.00000e+00   1.91211e-01
  19  wCBO_expOffset   2.00000e+02   1.99150e-04  -0.00000e+00   3.89034e+01
  20  wCBO_expT    2.99990e+01   9.61876e-04  -0.00000e+00   5.77941e-03
  21  wCBO_linCoeff   0.00000e+00   constant   
  22  wCBO_const   3.69705e-03   1.15332e-03  -0.00000e+00  -2.42315e-02
 EXTERNAL ERROR MATRIX.    NDIM=  25    NPAR=  4    ERR DEF=1
  2.476e-05 -8.929e-07 -3.366e-06 -1.968e-06 
 -8.929e-07  3.966e-08  1.096e-07  6.994e-08 
 -3.366e-06  1.096e-07  9.252e-07 -3.230e-07 
 -1.968e-06  6.994e-08 -3.230e-07  1.330e-06 
ERR MATRIX NOT POS-DEF
 PARAMETER  CORRELATION COEFFICIENTS  
       NO.  GLOBAL     18     19     20     22
       18  0.96515   1.000 -0.901 -0.703 -0.343
       19  0.91336  -0.901  1.000  0.572  0.305
       20  0.91519  -0.703  0.572  1.000 -0.291
       22  0.83946  -0.343  0.305 -0.291  1.000
 ERR MATRIX NOT POS-DEF
MINUIT - FIT ONLY 2-y
 **********
 **   76 **RES 
 **********
                   PARAMETER   14  ANy2 RESTORED TO VARIABLE.
                   PARAMETER    8  phi_CBO RESTORED TO VARIABLE.
                   PARAMETER    7  w_CBO RESTORED TO VARIABLE.
                   PARAMETER    6  A_CBO RESTORED TO VARIABLE.
                   PARAMETER    4  phi RESTORED TO VARIABLE.
                   PARAMETER    3  A0 RESTORED TO VARIABLE.
                   PARAMETER    1  N0 RESTORED TO VARIABLE.
 **********
 **   77 **FIX            0
 **********
 PARAMETER    0  IS UNDEFINED. IGNORED.
 **********
 **   78 **FIX            1
 **********
 **********
 **   79 **FIX            2
 **********
 PARAMETER    2  IS CONSTANT.   IGNORED.
 **********
 **   80 **FIX            3
 **********
 **********
 **   81 **FIX            4
 **********
 **********
 **   82 **FIX            5
 **********
 PARAMETER    5  IS CONSTANT.   IGNORED.
 **********
 **   83 **FIX            6
 **********
 **********
 **   84 **FIX            7
 **********
 **********
 **   85 **FIX            8
 **********
 **********
 **   86 **FIX            9
 **********
 PARAMETER    9  IS CONSTANT.   IGNORED.
 **********
 **   87 **FIX           10
 **********
 PARAMETER   10  IS CONSTANT.   IGNORED.
 **********
 **   88 **FIX           11
 **********
 PARAMETER   11  IS CONSTANT.   IGNORED.
 **********
 **   89 **FIX           12
 **********
 PARAMETER   12  IS CONSTANT.   IGNORED.
 **********
 **   90 **FIX           16
 **********
 PARAMETER   16  IS CONSTANT.   IGNORED.
 **********
 **   91 **MIGRAD
 **********
 START MIGRAD MINIMIZATION.  STRATEGY  1.  CONVERGENCE WHEN EDM .LT. 1.00e-04
 FCN=420.176 FROM MIGRAD    STATUS=INITIATE       10 CALLS        1016 TOTAL
                     EDM= unknown      STRATEGY= 1      NO ERROR MATRIX       
  EXT PARAMETER               CURRENT GUESS       STEP         FIRST   
  NO.   NAME      VALUE            ERROR          SIZE      DERIVATIVE 
   1  N0           3.18196e+06     fixed    
   2  tau          6.44090e+01   constant   
   3  A0           3.64906e-01     fixed    
   4  phi          4.11959e+00     fixed    
   5  R           -6.10005e+01   constant   
   6  A_CBO        1.73219e-04     fixed    
   7  w_CBO        2.32680e+00     fixed    
   8  phi_CBO      2.94166e+00     fixed    
   9  ANx2         1.86992e-04   constant   
  10  pNx2         5.81164e+00   constant   
  11  ANy1         0.00000e+00   constant   
  12  pNy1         0.00000e+00   constant   
  13  w_y          0.00000e+00   constant   
  14  ANy2         2.31240e-05   2.18424e-04   2.18424e-04   7.57347e+01
  15  pNy2         4.18605e+00   constant   
  16  w_vw         1.43216e+01   constant   
  17  LM           7.21641e-05   constant   
  18  wCBO_expCoeff   2.00000e+02   4.97623e-03   0.00000e+00   1.91211e-01
  19  wCBO_expOffset   2.00000e+02   1.99150e-04  -0.00000e+00   3.89034e+01
  20  wCBO_expT    2.99990e+01   9.61876e-04  -0.00000e+00   5.77941e-03
  21  wCBO_linCoeff   0.00000e+00   constant   
  22  wCBO_const   3.69705e-03   1.15332e-03  -0.00000e+00  -2.32139e-02
 MIGRAD FAILS TO FIND IMPROVEMENT
 MIGRAD MINIMIZATION HAS CONVERGED.
 MIGRAD WILL VERIFY CONVERGENCE AND ERROR MATRIX.
 FCN=420.176 FROM MIGRAD    STATUS=CONVERGED      81 CALLS        1087 TOTAL
                     EDM=3.98802e-06    STRATEGY= 1      ERR MATRIX NOT POS-DEF
  EXT PARAMETER                APPROXIMATE        STEP         FIRST   
  NO.   NAME      VALUE            ERROR          SIZE      DERIVATIVE 
   1  N0           3.18196e+06     fixed    
   2  tau          6.44090e+01   constant   
   3  A0           3.64906e-01     fixed    
   4  phi          4.11959e+00     fixed    
   5  R           -6.10005e+01   constant   
   6  A_CBO        1.73219e-04     fixed    
   7  w_CBO        2.32680e+00     fixed    
   8  phi_CBO      2.94166e+00     fixed    
   9  ANx2         1.86992e-04   constant   
  10  pNx2         5.81164e+00   constant   
  11  ANy1         0.00000e+00   constant   
  12  pNy1         0.00000e+00   constant   
  13  w_y          0.00000e+00   constant   
  14  ANy2         2.10472e-05   2.26000e-04   2.26716e-06  -4.59636e+00
  15  pNy2         4.18605e+00   constant   
  16  w_vw         1.43216e+01   constant   
  17  LM           7.21641e-05   constant   
  18  wCBO_expCoeff   2.00000e+02   1.66676e-02   9.53673e-05  -1.40510e+00
  19  wCBO_expOffset   2.00000e+02   2.48699e-03   9.53674e-05  -8.97075e+00
  20  wCBO_expT    2.99990e+01   8.25413e-04   1.43046e-05  -2.26429e+00
  21  wCBO_linCoeff   0.00000e+00   constant   
  22  wCBO_const   3.69779e-03   1.11268e-03   6.30398e-06  -8.68127e-01
 EXTERNAL ERROR MATRIX.    NDIM=  25    NPAR=  5    ERR DEF=1
  5.108e-08 -1.417e-07  2.599e-08 -3.820e-09 -6.797e-09 
 -1.417e-07  2.778e-04 -4.096e-05 -2.164e-06  5.513e-07 
  2.599e-08 -4.096e-05  6.185e-06  1.430e-07 -1.746e-07 
 -3.820e-09 -2.164e-06  1.430e-07  6.813e-07 -4.850e-07 
 -6.797e-09  5.513e-07 -1.746e-07 -4.850e-07  1.238e-06 
ERR MATRIX NOT POS-DEF
 PARAMETER  CORRELATION COEFFICIENTS  
       NO.  GLOBAL     14     18     19     20     22
