 + ++++++++++++++++++++++++++++++++++++++++++++++++++++++++++++++++++++ +
 +                                                                      +
 +           You have chose to blind your fitting according to          +
 +                omega_ref * (1 + (R +/- deltaR) *10^{-6})             +
 +                                                                      +
 + ++++++++++++++++++++++++++++++++++++++++++++++++++++++++++++++++++++ +
In main()...
reading format from /gm2data/zkhechad/run45/envelope/formats/formatB_sBin_constraintOn.txt
pBinTau 	= 0  
pBinPhi 	= 0  
constraintau 	= 1 
includeMopTerm 	= 0    
constrainMop    = 0   
Parameters after format file: pBinTau 0 pBinPhi 0 constraintau 1 includeMopTerm 0 constrainMop 0 c_e_scale 0.000000 
reading cbo reference file (full fit) from /gm2data/zkhechad/cboTemplates/Run4CBOTemplates/fullFits/run4/sBin_constraintOn_cE0.0_seed0_run4_calo2.root
A_CBO 0.007108 w_CBO 2.327171 phi_CBO 2.947562 N0 3111930.391320 R -60.007933 tau 64.411359 
Reading cboRef file /gm2data/zkhechad/cboTemplates/Run4CBOTemplates//cboIsolate/run4_calo2.root
deltaT 164.120000
windowBins = 1100
fitting sliding window 2160 from bin 2363 at 352.559600 to bin 3463 at 516.679600 (1100 bins)

Reading data from /gm2data/cornell/histograms/aMethod/histogram_a_run4.root
fitting cbo isolate
 **********
 **    1 **SET PRINTOUT            1
 **********
 **********
 **    2 **SET NOWARNINGS 
 **********
 PARAMETER DEFINITIONS:
    NO.   NAME         VALUE      STEP SIZE      LIMITS
     1 A_CBO        7.10761e-03  1.00000e-05     no limits
     2 w_CBO        2.32717e+00  1.00000e-02    2.00000e+00  3.00000e+00
     3 phi_CBO      2.94756e+00  1.00000e-02    0.00000e+00  6.28319e+00
 **********
 **    3 **MIGRAD
 **********
 FIRST CALL TO USER FUNCTION AT NEW START POINT, WITH IFLAG=4.
 START MIGRAD MINIMIZATION.  STRATEGY  1.  CONVERGENCE WHEN EDM .LT. 1.00e-04
 FCN=0.168607 FROM MIGRAD    STATUS=INITIATE       12 CALLS          13 TOTAL
                     EDM= unknown      STRATEGY= 1      NO ERROR MATRIX       
  EXT PARAMETER               CURRENT GUESS       STEP         FIRST   
  NO.   NAME      VALUE            ERROR          SIZE      DERIVATIVE 
   1  A_CBO        7.10761e-03   1.00000e-05   1.00000e-05   5.53443e+00
   2  w_CBO        2.32717e+00   1.00000e-02   2.13160e-02   1.67895e+00
   3  phi_CBO      2.94756e+00   1.00000e-02   3.18919e-03  -2.54717e-02
 MIGRAD MINIMIZATION HAS CONVERGED.
 MIGRAD WILL VERIFY CONVERGENCE AND ERROR MATRIX.
 COVARIANCE MATRIX CALCULATED SUCCESSFULLY
 FCN=0.154088 FROM HESSE     STATUS=OK             16 CALLS          61 TOTAL
                     EDM=5.365e-05    STRATEGY= 1      ERROR MATRIX ACCURATE 
  EXT PARAMETER                                   STEP         FIRST   
  NO.   NAME      VALUE            ERROR          SIZE      DERIVATIVE 
   1  A_CBO        2.31449e-03   4.26300e-02   2.23439e-05   2.51855e-03
   2  w_CBO        2.32670e+00   3.57531e-01   4.95826e-05  -5.35515e-03
   3  phi_CBO      3.19137e+00   4.55664e+00   3.35079e-03  -1.71026e-04
 MIGRAD MINIMIZATION HAS CONVERGED.
 FCN=0.154038 FROM MIGRAD    STATUS=CONVERGED      69 CALLS          70 TOTAL
                     EDM=2.07695e-06    STRATEGY= 1  ERROR MATRIX UNCERTAINTY   2.3 per cent
  EXT PARAMETER                                   STEP         FIRST   
  NO.   NAME      VALUE            ERROR          SIZE      DERIVATIVE 
   1  A_CBO        2.31979e-03   4.26308e-02   5.30779e-06  -1.27142e-02
   2  w_CBO        2.32909e+00   3.41181e-01   5.10517e-03   3.01068e-02
   3  phi_CBO      4.25329e+00   3.72729e+00   3.45854e-01  -4.61463e-04
 EXTERNAL ERROR MATRIX.    NDIM=  25    NPAR=  3    ERR DEF=1
  1.817e-03  1.130e-03  4.757e-01 
  1.130e-03  1.458e-01  6.261e+01 
  4.757e-01  6.261e+01  2.717e+04 
 PARAMETER  CORRELATION COEFFICIENTS  
       NO.  GLOBAL      1      2      3
        1  0.07078   1.000  0.069  0.068
        2  0.99479   0.069  1.000  0.995
        3  0.99479   0.068  0.995  1.000
setting A_CBO=0.002320 w_CBO=2.329093, phi_CBO=4.253291
done fitting cbo isolate
 **********
 **    1 **SET PRINTOUT            1
 **********
 **********
 **    2 **SET NOWARNINGS 
 **********
 PARAMETER DEFINITIONS:
    NO.   NAME         VALUE      STEP SIZE      LIMITS
     1 N0           3.11193e+06  1.00000e+02     no limits
     2 tau          6.44114e+01  constant
     3 A0           3.64516e-01  1.00000e-04     no limits
     4 phi          4.11813e+00  1.00000e-02     no limits
     5 R           -6.00079e+01  constant
     6 A_CBO        2.31979e-03  1.00000e-05     no limits
     7 w_CBO        2.32909e+00  1.00000e-03     no limits
     8 phi_CBO      4.25329e+00  1.00000e-04     no limits
     9 ANx2         3.40456e-04  constant
    10 pNx2         3.19484e+00  constant
    11 ANy1         0.00000e+00  constant
    12 pNy1         0.00000e+00  constant
    13 w_y          0.00000e+00  constant
    14 ANy2         1.04941e-02  1.00000e-04     no limits
    15 pNy2         5.11372e+00  constant
    16 w_vw         1.43155e+01  constant
    17 LM           3.07992e-04  constant
    18 wCBO_expCoeff   2.00000e+02  1.00000e+00     no limits
    19 wCBO_expOffset   2.00000e+02  1.00000e+00     no limits
    20 wCBO_expT    3.00000e+01  1.00000e+00     no limits
    21 wCBO_linCoeff   0.00000e+00  constant
    22 wCBO_const   0.00000e+00  1.00000e-02     no limits
MINUIT - FIT ONLY WIGGLE
 **********
 **    3 **FIX            5
 **********
 PARAMETER    5  IS CONSTANT.   IGNORED.
 **********
 **    4 **FIX            6
 **********
 **********
 **    5 **FIX            7
 **********
 **********
 **    6 **FIX            8
 **********
 **********
 **    7 **FIX            9
 **********
 PARAMETER    9  IS CONSTANT.   IGNORED.
 **********
 **    8 **FIX           10
 **********
 PARAMETER   10  IS CONSTANT.   IGNORED.
 **********
 **    9 **FIX           11
 **********
 PARAMETER   11  IS CONSTANT.   IGNORED.
 **********
 **   10 **FIX           12
 **********
 PARAMETER   12  IS CONSTANT.   IGNORED.
 **********
 **   11 **FIX           13
 **********
 PARAMETER   13  IS CONSTANT.   IGNORED.
 **********
 **   12 **FIX           14
 **********
 **********
 **   13 **FIX           15
 **********
 PARAMETER   15  IS CONSTANT.   IGNORED.
 **********
 **   14 **FIX           16
 **********
 PARAMETER   16  IS CONSTANT.   IGNORED.
 **********
 **   15 **MIGRAD
 **********
 FIRST CALL TO USER FUNCTION AT NEW START POINT, WITH IFLAG=4.
 START MIGRAD MINIMIZATION.  STRATEGY  1.  CONVERGENCE WHEN EDM .LT. 1.00e-04
 FCN=516.693 FROM MIGRAD    STATUS=INITIATE       30 CALLS          31 TOTAL
                     EDM= unknown      STRATEGY= 1      NO ERROR MATRIX       
  EXT PARAMETER               CURRENT GUESS       STEP         FIRST   
  NO.   NAME      VALUE            ERROR          SIZE      DERIVATIVE 
   1  N0           3.11193e+06   1.00000e+02   1.00000e+02  -2.37151e-04
   2  tau          6.44114e+01   constant   
   3  A0           3.64516e-01   1.00000e-04   1.00000e-04   7.32743e+02
   4  phi          4.11813e+00   1.00000e-02   1.00000e-02   8.95763e+01
   5  R           -6.00079e+01   constant   
   6  A_CBO        2.31979e-03     fixed    
   7  w_CBO        2.32909e+00     fixed    
   8  phi_CBO      4.25329e+00     fixed    
   9  ANx2         3.40456e-04   constant   
  10  pNx2         3.19484e+00   constant   
  11  ANy1         0.00000e+00   constant   
  12  pNy1         0.00000e+00   constant   
  13  w_y          0.00000e+00   constant   
  14  ANy2         1.04941e-02     fixed    
  15  pNy2         5.11372e+00   constant   
  16  w_vw         1.43155e+01   constant   
  17  LM           3.07992e-04   constant   
  18  wCBO_expCoeff   2.00000e+02   1.00000e+00   1.00000e+00   1.30807e+00
  19  wCBO_expOffset   2.00000e+02   1.00000e+00   1.00000e+00   8.72231e+00
  20  wCBO_expT    3.00000e+01   1.00000e+00   1.00000e+00  -1.97595e+01
  21  wCBO_linCoeff   0.00000e+00   constant   
  22  wCBO_const   0.00000e+00   1.00000e-02   1.00000e-02  -1.25336e+03
 MIGRAD MINIMIZATION HAS CONVERGED.
 FCN=501.286 FROM MIGRAD    STATUS=CONVERGED     252 CALLS         253 TOTAL
                     EDM=2.03592e-07    STRATEGY= 1  ERROR MATRIX UNCERTAINTY   0.7 per cent
  EXT PARAMETER                                   STEP         FIRST   
  NO.   NAME      VALUE            ERROR          SIZE      DERIVATIVE 
   1  N0           3.11196e+06   1.60975e+03  -2.97816e+00  -5.38798e-08
   2  tau          6.44114e+01   constant   
   3  A0           3.64524e-01   7.01255e-04   3.11379e-07  -1.36941e-01
   4  phi          4.11816e+00   1.94992e-03   4.45983e-06   6.61250e-02
   5  R           -6.00079e+01   constant   
   6  A_CBO        2.31979e-03     fixed    
   7  w_CBO        2.32909e+00     fixed    
   8  phi_CBO      4.25329e+00     fixed    
   9  ANx2         3.40456e-04   constant   
  10  pNx2         3.19484e+00   constant   
  11  ANy1         0.00000e+00   constant   
  12  pNy1         0.00000e+00   constant   
  13  w_y          0.00000e+00   constant   
  14  ANy2         1.04941e-02     fixed    
  15  pNy2         5.11372e+00   constant   
  16  w_vw         1.43155e+01   constant   
  17  LM           3.07992e-04   constant   
  18  wCBO_expCoeff   1.98542e+02   1.19049e+00  -1.04034e-02  -7.44757e-03
  19  wCBO_expOffset   1.99781e+02   1.78428e-01  -1.56121e-03  -4.92073e-02
  20  wCBO_expT    3.00470e+01   7.00396e-02   6.48165e-04  -2.63102e-01
  21  wCBO_linCoeff   0.00000e+00   constant   
  22  wCBO_const   4.94245e-03   1.07815e-03  -8.96506e-06  -1.77680e+00
 EXTERNAL ERROR MATRIX.    NDIM=  25    NPAR=  7    ERR DEF=1
  2.591e+06 -4.126e-03 -5.509e-02  4.949e+01  7.395e+00 -3.901e+00  1.725e-01 
 -4.126e-03  4.918e-07 -1.562e-08 -5.791e-05 -8.651e-06  4.080e-06 -1.369e-07 
 -5.509e-02 -1.562e-08  3.802e-06  4.249e-05  6.395e-06 -3.010e-06  9.465e-08 
  4.949e+01 -5.791e-05  4.249e-05  1.417e+00  2.004e-01 -8.186e-02  8.390e-04 
  7.395e+00 -8.651e-06  6.395e-06  2.004e-01  3.184e-02 -1.227e-02  1.257e-04 
 -3.901e+00  4.080e-06 -3.010e-06 -8.186e-02 -1.227e-02  4.906e-03 -5.436e-05 
  1.725e-01 -1.369e-07  9.465e-08  8.390e-04  1.257e-04 -5.436e-05  1.162e-06 
 PARAMETER  CORRELATION COEFFICIENTS  
       NO.  GLOBAL      1      3      4     18     19     20     22
        1  0.11651   1.000 -0.004 -0.018  0.026  0.026 -0.035  0.099
        3  0.19567  -0.004  1.000 -0.011 -0.069 -0.069  0.083 -0.181
        4  0.05277  -0.018 -0.011  1.000  0.018  0.018 -0.022  0.045
       18  0.99593   0.026 -0.069  0.018  1.000  0.943 -0.982  0.654
       19  0.99591   0.026 -0.069  0.018  0.943  1.000 -0.982  0.653
       20  0.99903  -0.035  0.083 -0.022 -0.982 -0.982  1.000 -0.720
       22  0.93325   0.099 -0.181  0.045  0.654  0.653 -0.720  1.000
MINUIT - FIT ONLY 1-CBO + other amplitudes 
 **********
 **   16 **RES 
 **********
                   PARAMETER   14  ANy2 RESTORED TO VARIABLE.
                   PARAMETER    8  phi_CBO RESTORED TO VARIABLE.
                   PARAMETER    7  w_CBO RESTORED TO VARIABLE.
                   PARAMETER    6  A_CBO RESTORED TO VARIABLE.
 **********
 **   17 **FIX            0
 **********
 PARAMETER    0  IS UNDEFINED. IGNORED.
 **********
 **   18 **FIX            1
 **********
 **********
 **   19 **FIX            2
 **********
 PARAMETER    2  IS CONSTANT.   IGNORED.
 **********
 **   20 **FIX            3
 **********
 **********
 **   21 **FIX            4
 **********
 **********
 **   22 **FIX            9
 **********
 PARAMETER    9  IS CONSTANT.   IGNORED.
 **********
 **   23 **FIX           11
 **********
 PARAMETER   11  IS CONSTANT.   IGNORED.
 **********
 **   24 **FIX           12
 **********
 PARAMETER   12  IS CONSTANT.   IGNORED.
 **********
 **   25 **FIX           14
 **********
 **********
 **   26 **FIX           15
 **********
 PARAMETER   15  IS CONSTANT.   IGNORED.
 **********
 **   27 **FIX           16
 **********
 PARAMETER   16  IS CONSTANT.   IGNORED.
 **********
 **   28 **MIGRAD
 **********
 START MIGRAD MINIMIZATION.  STRATEGY  1.  CONVERGENCE WHEN EDM .LT. 1.00e-04
 FCN=501.286 FROM MIGRAD    STATUS=INITIATE       20 CALLS         273 TOTAL
                     EDM= unknown      STRATEGY= 1      NO ERROR MATRIX       
  EXT PARAMETER               CURRENT GUESS       STEP         FIRST   
  NO.   NAME      VALUE            ERROR          SIZE      DERIVATIVE 
   1  N0           3.11196e+06     fixed    
   2  tau          6.44114e+01   constant   
   3  A0           3.64524e-01     fixed    
   4  phi          4.11816e+00     fixed    
   5  R           -6.00079e+01   constant   
   6  A_CBO        2.31979e-03   1.00000e-05   1.00000e-05   1.97952e+03
   7  w_CBO        2.32909e+00   1.00000e-03   1.00000e-03  -1.40277e+00
   8  phi_CBO      4.25329e+00   1.00000e-04   1.00000e-04  -1.11504e+00
   9  ANx2         3.40456e-04   constant   
  10  pNx2         3.19484e+00   constant   
  11  ANy1         0.00000e+00   constant   
  12  pNy1         0.00000e+00   constant   
  13  w_y          0.00000e+00   constant   
  14  ANy2         1.04941e-02     fixed    
  15  pNy2         5.11372e+00   constant   
  16  w_vw         1.43155e+01   constant   
  17  LM           3.07992e-04   constant   
  18  wCBO_expCoeff   1.98542e+02   1.19049e+00  -1.04034e-02  -7.44757e-03
  19  wCBO_expOffset   1.99781e+02   1.78428e-01  -1.56121e-03  -4.92072e-02
  20  wCBO_expT    3.00470e+01   7.00396e-02   6.48165e-04  -2.63101e-01
  21  wCBO_linCoeff   0.00000e+00   constant   
  22  wCBO_const   4.94245e-03   1.07815e-03  -8.96506e-06  -1.77681e+00
 MIGRAD MINIMIZATION HAS CONVERGED.
 MIGRAD WILL VERIFY CONVERGENCE AND ERROR MATRIX.
 COVARIANCE MATRIX CALCULATED SUCCESSFULLY
 FCN=500.382 FROM MIGRAD    STATUS=CONVERGED     240 CALLS         493 TOTAL
                     EDM=6.47122e-07    STRATEGY= 1      ERROR MATRIX ACCURATE 
  EXT PARAMETER                                   STEP         FIRST   
  NO.   NAME      VALUE            ERROR          SIZE      DERIVATIVE 
   1  N0           3.11196e+06     fixed    
   2  tau          6.44114e+01   constant   
   3  A0           3.64524e-01     fixed    
   4  phi          4.11816e+00     fixed    
   5  R           -6.00079e+01   constant   
   6  A_CBO        1.76870e-03   7.31528e-04   7.90363e-06   7.24734e-01
   7  w_CBO        2.32866e+00   2.60450e-02   6.46916e-06  -9.93880e-01
   8  phi_CBO      4.83408e+00   9.18833e-01   4.54404e-03   3.92466e-04
   9  ANx2         3.40456e-04   constant   
  10  pNx2         3.19484e+00   constant   
  11  ANy1         0.00000e+00   constant   
  12  pNy1         0.00000e+00   constant   
  13  w_y          0.00000e+00   constant   
  14  ANy2         1.04941e-02     fixed    
  15  pNy2         5.11372e+00   constant   
  16  w_vw         1.43155e+01   constant   
  17  LM           3.07992e-04   constant   
  18  wCBO_expCoeff   1.98208e+02   2.29757e+00   1.36009e-03  -4.20383e-03
  19  wCBO_expOffset   1.99731e+02   3.48809e-01   2.06329e-04  -2.77152e-02
  20  wCBO_expT    3.00696e+01   5.56254e-02   3.73811e-05  -1.49784e-01
  21  wCBO_linCoeff   0.00000e+00   constant   
  22  wCBO_const   5.26428e-03   1.11835e-02   4.44408e-06  -1.47350e+00
 EXTERNAL ERROR MATRIX.    NDIM=  25    NPAR=  7    ERR DEF=1
  5.351e-07  6.880e-07 -1.691e-05  6.675e-05  1.012e-05 -5.829e-06 -2.218e-07 
  6.880e-07  6.783e-04 -5.442e-04 -2.290e-02 -3.488e-03 -3.510e-04 -2.898e-04 
 -1.691e-05 -5.442e-04  8.443e-01  9.439e-04  1.727e-04  4.520e-03  5.963e-04 
  6.675e-05 -2.290e-02  9.439e-04  5.279e+00 -3.222e-01 -3.593e-02  1.028e-02 
  1.012e-05 -3.488e-03  1.727e-04 -3.222e-01  1.217e-01 -5.449e-03  1.565e-03 
 -5.829e-06 -3.510e-04  4.520e-03 -3.593e-02 -5.449e-03  3.094e-03  1.159e-04 
 -2.218e-07 -2.898e-04  5.963e-04  1.028e-02  1.565e-03  1.159e-04  1.251e-04 
 PARAMETER  CORRELATION COEFFICIENTS  
       NO.  GLOBAL      6      7      8     18     19     20     22
        6  0.15406   1.000  0.036 -0.025  0.040  0.040 -0.143 -0.027
        7  0.99974   0.036  1.000 -0.023 -0.383 -0.384 -0.242 -0.995
        8  0.89148  -0.025 -0.023  1.000  0.000  0.001  0.088  0.058
       18  0.99853   0.040 -0.383  0.000  1.000 -0.402 -0.281  0.400
       19  0.99853   0.040 -0.384  0.001 -0.402  1.000 -0.281  0.401
       20  0.99810  -0.143 -0.242  0.088 -0.281 -0.281  1.000  0.186
       22  0.99934  -0.027 -0.995  0.058  0.400  0.401  0.186  1.000
MINUIT - FIT ONLY 1-CBO
 **********
 **   29 **RES 
 **********
                   PARAMETER   14  ANy2 RESTORED TO VARIABLE.
                   PARAMETER    4  phi RESTORED TO VARIABLE.
                   PARAMETER    3  A0 RESTORED TO VARIABLE.
                   PARAMETER    1  N0 RESTORED TO VARIABLE.
 **********
 **   30 **FIX            0
 **********
 PARAMETER    0  IS UNDEFINED. IGNORED.
 **********
 **   31 **FIX            1
 **********
 **********
 **   32 **FIX            2
 **********
 PARAMETER    2  IS CONSTANT.   IGNORED.
 **********
 **   33 **FIX            3
 **********
 **********
 **   34 **FIX            4
 **********
 **********
 **   35 **FIX            8
 **********
 **********
 **   36 **FIX            9
 **********
 PARAMETER    9  IS CONSTANT.   IGNORED.
 **********
 **   37 **FIX           11
 **********
 PARAMETER   11  IS CONSTANT.   IGNORED.
 **********
 **   38 **FIX           12
 **********
 PARAMETER   12  IS CONSTANT.   IGNORED.
 **********
 **   39 **FIX           13
 **********
 PARAMETER   13  IS CONSTANT.   IGNORED.
 **********
 **   40 **FIX           15
 **********
 PARAMETER   15  IS CONSTANT.   IGNORED.
 **********
 **   41 **FIX           16
 **********
 PARAMETER   16  IS CONSTANT.   IGNORED.
 **********
 **   42 **MIGRAD
 **********
 START MIGRAD MINIMIZATION.  STRATEGY  1.  CONVERGENCE WHEN EDM .LT. 1.00e-04
 FCN=500.382 FROM MIGRAD    STATUS=INITIATE       16 CALLS         509 TOTAL
                     EDM= unknown      STRATEGY= 1      NO ERROR MATRIX       
  EXT PARAMETER               CURRENT GUESS       STEP         FIRST   
  NO.   NAME      VALUE            ERROR          SIZE      DERIVATIVE 
   1  N0           3.11196e+06     fixed    
   2  tau          6.44114e+01   constant   
   3  A0           3.64524e-01     fixed    
   4  phi          4.11816e+00     fixed    
   5  R           -6.00079e+01   constant   
   6  A_CBO        1.76870e-03   7.31528e-04   7.90363e-06   7.24734e-01
   7  w_CBO        2.32866e+00   2.60450e-02   6.46916e-06  -9.96843e-01
   8  phi_CBO      4.83408e+00     fixed    
   9  ANx2         3.40456e-04   constant   
  10  pNx2         3.19484e+00   constant   
  11  ANy1         0.00000e+00   constant   
  12  pNy1         0.00000e+00   constant   
  13  w_y          0.00000e+00   constant   
  14  ANy2         1.04941e-02   1.00000e-04   1.00000e-04   3.76318e+04
  15  pNy2         5.11372e+00   constant   
  16  w_vw         1.43155e+01   constant   
  17  LM           3.07992e-04   constant   
  18  wCBO_expCoeff   1.98208e+02   2.29757e+00   1.36009e-03  -4.26296e-03
  19  wCBO_expOffset   1.99731e+02   3.48809e-01   2.06329e-04  -2.80959e-02
  20  wCBO_expT    3.00696e+01   5.56254e-02   3.73811e-05  -1.51408e-01
  21  wCBO_linCoeff   0.00000e+00   constant   
  22  wCBO_const   5.26428e-03   1.11835e-02   4.44408e-06  -1.47069e+00
 MIGRAD MINIMIZATION HAS CONVERGED.
 MIGRAD WILL VERIFY CONVERGENCE AND ERROR MATRIX.
 COVARIANCE MATRIX CALCULATED SUCCESSFULLY
 FCN=310.366 FROM MIGRAD    STATUS=CONVERGED     218 CALLS         711 TOTAL
                     EDM=1.90616e-06    STRATEGY= 1      ERROR MATRIX ACCURATE 
  EXT PARAMETER                                   STEP         FIRST   
  NO.   NAME      VALUE            ERROR          SIZE      DERIVATIVE 
   1  N0           3.11196e+06     fixed    
   2  tau          6.44114e+01   constant   
   3  A0           3.64524e-01     fixed    
   4  phi          4.11816e+00     fixed    
   5  R           -6.00079e+01   constant   
   6  A_CBO        1.21256e-03   7.23200e-04   6.16914e-06  -9.75733e-02
   7  w_CBO        2.32774e+00   2.12903e-02   6.15449e-06   7.28530e-01
   8  phi_CBO      4.83408e+00     fixed    
   9  ANx2         3.40456e-04   constant   
  10  pNx2         3.19484e+00   constant   
  11  ANy1         0.00000e+00   constant   
  12  pNy1         0.00000e+00   constant   
  13  w_y          0.00000e+00   constant   
  14  ANy2         3.92481e-04   7.32703e-04   6.29117e-06  -5.75367e-01
  15  pNy2         5.11372e+00   constant   
  16  w_vw         1.43155e+01   constant   
  17  LM           3.07992e-04   constant   
  18  wCBO_expCoeff   1.97686e+02   2.99379e+00   1.31527e-03   5.65566e-03
  19  wCBO_expOffset   1.99652e+02   4.55995e-01   2.00267e-04   3.71421e-02
  20  wCBO_expT    3.00994e+01   6.65945e-02   3.63025e-05   1.72210e-01
  21  wCBO_linCoeff   0.00000e+00   constant   
  22  wCBO_const   5.35637e-03   9.16179e-03   4.12529e-06   5.74692e-01
 EXTERNAL ERROR MATRIX.    NDIM=  25    NPAR=  7    ERR DEF=1
  5.230e-07  1.297e-07  2.240e-08  3.013e-05  4.585e-06 -2.353e-06  2.842e-08 
  1.297e-07  4.533e-04  4.238e-08 -1.571e-02 -2.403e-03 -2.084e-04 -1.937e-04 
  2.240e-08  4.238e-08  5.369e-07  1.413e-05  2.154e-06 -6.926e-07 -1.315e-08 
  3.013e-05 -1.571e-02  1.413e-05  8.963e+00 -8.227e-01 -6.537e-02  7.342e-03 
  4.585e-06 -2.403e-03  2.154e-06 -8.227e-01  2.079e-01 -9.955e-03  1.123e-03 
 -2.353e-06 -2.084e-04 -6.926e-07 -6.537e-02 -9.955e-03  4.435e-03  4.549e-05 
  2.842e-08 -1.937e-04 -1.315e-08  7.342e-03  1.123e-03  4.549e-05  8.394e-05 
 PARAMETER  CORRELATION COEFFICIENTS  
       NO.  GLOBAL      6      7     14     18     19     20     22
        6  0.13806   1.000  0.008  0.042  0.014  0.014 -0.049  0.004
        7  0.99944   0.008  1.000  0.003 -0.246 -0.248 -0.147 -0.993
       14  0.08303   0.042  0.003  1.000  0.006  0.006 -0.014 -0.002
       18  0.99870   0.014 -0.246  0.006  1.000 -0.603 -0.328  0.268
       19  0.99871   0.014 -0.248  0.006 -0.603  1.000 -0.328  0.269
       20  0.99801  -0.049 -0.147 -0.014 -0.328 -0.328  1.000  0.075
       22  0.99864   0.004 -0.993 -0.002  0.268  0.269  0.075  1.000
MINUIT - FIT ONLY 2-CBO
 **********
 **   43 **RES 
 **********
                   PARAMETER    8  phi_CBO RESTORED TO VARIABLE.
                   PARAMETER    4  phi RESTORED TO VARIABLE.
                   PARAMETER    3  A0 RESTORED TO VARIABLE.
                   PARAMETER    1  N0 RESTORED TO VARIABLE.
 **********
 **   44 **FIX            0
 **********
 PARAMETER    0  IS UNDEFINED. IGNORED.
 **********
 **   45 **FIX            1
 **********
 **********
 **   46 **FIX            2
 **********
 PARAMETER    2  IS CONSTANT.   IGNORED.
 **********
 **   47 **FIX            3
 **********
 **********
 **   48 **FIX            4
 **********
 **********
 **   49 **FIX            5
 **********
 PARAMETER    5  IS CONSTANT.   IGNORED.
 **********
 **   50 **FIX            6
 **********
 **********
 **   51 **FIX            7
 **********
 **********
 **   52 **FIX           10
 **********
 PARAMETER   10  IS CONSTANT.   IGNORED.
 **********
 **   53 **FIX           11
 **********
 PARAMETER   11  IS CONSTANT.   IGNORED.
 **********
 **   54 **FIX           12
 **********
 PARAMETER   12  IS CONSTANT.   IGNORED.
 **********
 **   55 **FIX           13
 **********
 PARAMETER   13  IS CONSTANT.   IGNORED.
 **********
 **   56 **FIX           14
 **********
 **********
 **   57 **FIX           15
 **********
 PARAMETER   15  IS CONSTANT.   IGNORED.
 **********
 **   58 **FIX           16
 **********
 PARAMETER   16  IS CONSTANT.   IGNORED.
 **********
 **   59 **MIGRAD
 **********
 START MIGRAD MINIMIZATION.  STRATEGY  1.  CONVERGENCE WHEN EDM .LT. 1.00e-04
 FCN=310.366 FROM MIGRAD    STATUS=INITIATE       12 CALLS         723 TOTAL
                     EDM= unknown      STRATEGY= 1      NO ERROR MATRIX       
  EXT PARAMETER               CURRENT GUESS       STEP         FIRST   
  NO.   NAME      VALUE            ERROR          SIZE      DERIVATIVE 
   1  N0           3.11196e+06     fixed    
   2  tau          6.44114e+01   constant   
   3  A0           3.64524e-01     fixed    
   4  phi          4.11816e+00     fixed    
   5  R           -6.00079e+01   constant   
   6  A_CBO        1.21256e-03     fixed    
   7  w_CBO        2.32774e+00     fixed    
   8  phi_CBO      4.83408e+00   9.18833e-01   9.18833e-01   6.14160e-01
   9  ANx2         3.40456e-04   constant   
  10  pNx2         3.19484e+00   constant   
  11  ANy1         0.00000e+00   constant   
  12  pNy1         0.00000e+00   constant   
  13  w_y          0.00000e+00   constant   
  14  ANy2         3.92481e-04     fixed    
  15  pNy2         5.11372e+00   constant   
  16  w_vw         1.43155e+01   constant   
  17  LM           3.07992e-04   constant   
  18  wCBO_expCoeff   1.97686e+02   2.99379e+00   1.31527e-03   5.62681e-03
  19  wCBO_expOffset   1.99652e+02   4.55995e-01   2.00267e-04   3.69582e-02
  20  wCBO_expT    3.00994e+01   6.65945e-02   3.63025e-05   1.71311e-01
  21  wCBO_linCoeff   0.00000e+00   constant   
  22  wCBO_const   5.35637e-03   9.16179e-03   4.12529e-06   5.72537e-01
 MIGRAD MINIMIZATION HAS CONVERGED.
 MIGRAD WILL VERIFY CONVERGENCE AND ERROR MATRIX.
 COVARIANCE MATRIX CALCULATED SUCCESSFULLY
 FCN=310.286 FROM HESSE     STATUS=OK             31 CALLS         801 TOTAL
                     EDM=0.000609583    STRATEGY= 1      ERROR MATRIX ACCURATE 
  EXT PARAMETER                                   STEP         FIRST   
  NO.   NAME      VALUE            ERROR          SIZE      DERIVATIVE 
   1  N0           3.11196e+06     fixed    
   2  tau          6.44114e+01   constant   
   3  A0           3.64524e-01     fixed    
   4  phi          4.11816e+00     fixed    
   5  R           -6.00079e+01   constant   
   6  A_CBO        1.21256e-03     fixed    
   7  w_CBO        2.32774e+00     fixed    
   8  phi_CBO      4.57589e+00   9.10601e-01   5.23837e-03   1.75997e-04
   9  ANx2         3.40456e-04   constant   
  10  pNx2         3.19484e+00   constant   
  11  ANy1         0.00000e+00   constant   
  12  pNy1         0.00000e+00   constant   
  13  w_y          0.00000e+00   constant   
  14  ANy2         3.92481e-04     fixed    
  15  pNy2         5.11372e+00   constant   
  16  w_vw         1.43155e+01   constant   
  17  LM           3.07992e-04   constant   
  18  wCBO_expCoeff   1.97677e+02   6.48575e+00   1.28620e-03  -5.64566e-03
  19  wCBO_expOffset   1.99650e+02   9.87873e-01   1.95841e-04  -3.70787e-02
  20  wCBO_expT    3.00991e+01   8.49099e-02   3.55457e-05   3.83708e-01
  21  wCBO_linCoeff   0.00000e+00   constant   
  22  wCBO_const   5.29006e-03   1.17387e-03   4.04067e-06  -9.19111e-01
 MIGRAD MINIMIZATION HAS CONVERGED.
 FCN=310.285 FROM MIGRAD    STATUS=CONVERGED     102 CALLS         813 TOTAL
                     EDM=1.97884e-09    STRATEGY= 1  ERROR MATRIX UNCERTAINTY   0.2 per cent
  EXT PARAMETER                                   STEP         FIRST   
  NO.   NAME      VALUE            ERROR          SIZE      DERIVATIVE 
   1  N0           3.11196e+06     fixed    
   2  tau          6.44114e+01   constant   
   3  A0           3.64524e-01     fixed    
   4  phi          4.11816e+00     fixed    
   5  R           -6.00079e+01   constant   
   6  A_CBO        1.21256e-03     fixed    
   7  w_CBO        2.32774e+00     fixed    
   8  phi_CBO      4.57349e+00   9.11139e-01  -2.40002e-03  -2.52731e-06
   9  ANx2         3.40456e-04   constant   
  10  pNx2         3.19484e+00   constant   
  11  ANy1         0.00000e+00   constant   
  12  pNy1         0.00000e+00   constant   
  13  w_y          0.00000e+00   constant   
  14  ANy2         3.92481e-04     fixed    
  15  pNy2         5.11372e+00   constant   
  16  w_vw         1.43155e+01   constant   
  17  LM           3.07992e-04   constant   
  18  wCBO_expCoeff   1.97718e+02   6.51216e+00   4.09770e-02  -3.44510e-04
  19  wCBO_expOffset   1.99657e+02   9.91934e-01   6.28238e-03  -2.26080e-03
  20  wCBO_expT    3.00966e+01   9.18405e-02  -2.45093e-03  -1.23233e-02
  21  wCBO_linCoeff   0.00000e+00   constant   
  22  wCBO_const   5.31244e-03   1.21706e-03   2.23786e-05  -1.18723e-01
 EXTERNAL ERROR MATRIX.    NDIM=  25    NPAR=  5    ERR DEF=1
  8.302e-01 -1.111e-01 -1.691e-02  9.075e-03  1.498e-04 
 -1.111e-01  4.241e+01 -5.733e+00 -1.408e-01  1.214e-03 
 -1.691e-02 -5.733e+00  9.839e-01 -2.158e-02  1.858e-04 
  9.075e-03 -1.408e-01 -2.158e-02  8.435e-03 -7.751e-05 
  1.498e-04  1.214e-03  1.858e-04 -7.751e-05  1.481e-06 
 PARAMETER  CORRELATION COEFFICIENTS  
       NO.  GLOBAL      8     18     19     20     22
        8  0.74464   1.000 -0.019 -0.019  0.108  0.135
       18  0.99974  -0.019  1.000 -0.888 -0.235  0.153
       19  0.99974  -0.019 -0.888  1.000 -0.237  0.154
       20  0.99899   0.108 -0.235 -0.237  1.000 -0.693
       22  0.92276   0.135  0.153  0.154 -0.693  1.000
MINUIT - FIT ONLY 1-y
 **********
 **   60 **RES 
 **********
                   PARAMETER   14  ANy2 RESTORED TO VARIABLE.
                   PARAMETER    7  w_CBO RESTORED TO VARIABLE.
                   PARAMETER    6  A_CBO RESTORED TO VARIABLE.
                   PARAMETER    4  phi RESTORED TO VARIABLE.
                   PARAMETER    3  A0 RESTORED TO VARIABLE.
                   PARAMETER    1  N0 RESTORED TO VARIABLE.
 **********
 **   61 **FIX            0
 **********
 PARAMETER    0  IS UNDEFINED. IGNORED.
 **********
 **   62 **FIX            1
 **********
 **********
 **   63 **FIX            2
 **********
 PARAMETER    2  IS CONSTANT.   IGNORED.
 **********
 **   64 **FIX            3
 **********
 **********
 **   65 **FIX            4
 **********
 **********
 **   66 **FIX            5
 **********
 PARAMETER    5  IS CONSTANT.   IGNORED.
 **********
 **   67 **FIX            6
 **********
 **********
 **   68 **FIX            7
 **********
 **********
 **   69 **FIX            8
 **********
 **********
 **   70 **FIX            9
 **********
 PARAMETER    9  IS CONSTANT.   IGNORED.
 **********
 **   71 **FIX           13
 **********
 PARAMETER   13  IS CONSTANT.   IGNORED.
 **********
 **   72 **FIX           14
 **********
 **********
 **   73 **FIX           15
 **********
 PARAMETER   15  IS CONSTANT.   IGNORED.
 **********
 **   74 **FIX           16
 **********
 PARAMETER   16  IS CONSTANT.   IGNORED.
 **********
 **   75 **MIGRAD
 **********
 START MIGRAD MINIMIZATION.  STRATEGY  1.  CONVERGENCE WHEN EDM .LT. 1.00e-04
 FCN=310.285 FROM MIGRAD    STATUS=INITIATE        8 CALLS         821 TOTAL
                     EDM= unknown      STRATEGY= 1      NO ERROR MATRIX       
  EXT PARAMETER               CURRENT GUESS       STEP         FIRST   
  NO.   NAME      VALUE            ERROR          SIZE      DERIVATIVE 
   1  N0           3.11196e+06     fixed    
   2  tau          6.44114e+01   constant   
   3  A0           3.64524e-01     fixed    
   4  phi          4.11816e+00     fixed    
   5  R           -6.00079e+01   constant   
   6  A_CBO        1.21256e-03     fixed    
   7  w_CBO        2.32774e+00     fixed    
   8  phi_CBO      4.57349e+00     fixed    
   9  ANx2         3.40456e-04   constant   
  10  pNx2         3.19484e+00   constant   
  11  ANy1         0.00000e+00   constant   
  12  pNy1         0.00000e+00   constant   
  13  w_y          0.00000e+00   constant   
  14  ANy2         3.92481e-04     fixed    
  15  pNy2         5.11372e+00   constant   
  16  w_vw         1.43155e+01   constant   
  17  LM           3.07992e-04   constant   
  18  wCBO_expCoeff   1.97718e+02   6.51216e+00   4.09770e-02  -3.44518e-04
  19  wCBO_expOffset   1.99657e+02   9.91934e-01   6.28238e-03  -2.26083e-03
  20  wCBO_expT    3.00966e+01   9.18405e-02  -2.45093e-03  -1.23234e-02
  21  wCBO_linCoeff   0.00000e+00   constant   
  22  wCBO_const   5.31244e-03   1.21706e-03   2.23786e-05  -1.18723e-01
 MIGRAD MINIMIZATION HAS CONVERGED.
 MIGRAD WILL VERIFY CONVERGENCE AND ERROR MATRIX.
 COVARIANCE MATRIX CALCULATED SUCCESSFULLY
 FCN=310.285 FROM MIGRAD    STATUS=CONVERGED      49 CALLS         862 TOTAL
                     EDM=6.20617e-10    STRATEGY= 1      ERROR MATRIX ACCURATE 
  EXT PARAMETER                                   STEP         FIRST   
  NO.   NAME      VALUE            ERROR          SIZE      DERIVATIVE 
   1  N0           3.11196e+06     fixed    
   2  tau          6.44114e+01   constant   
   3  A0           3.64524e-01     fixed    
   4  phi          4.11816e+00     fixed    
   5  R           -6.00079e+01   constant   
   6  A_CBO        1.21256e-03     fixed    
   7  w_CBO        2.32774e+00     fixed    
   8  phi_CBO      4.57349e+00     fixed    
   9  ANx2         3.40456e-04   constant   
  10  pNx2         3.19484e+00   constant   
  11  ANy1         0.00000e+00   constant   
  12  pNy1         0.00000e+00   constant   
  13  w_y          0.00000e+00   constant   
  14  ANy2         3.92481e-04     fixed    
  15  pNy2         5.11372e+00   constant   
  16  w_vw         1.43155e+01   constant   
  17  LM           3.07992e-04   constant   
  18  wCBO_expCoeff   1.97718e+02   5.58483e+00   1.28645e-03   1.88305e-05
  19  wCBO_expOffset   1.99657e+02   8.50324e-01   1.95823e-04   1.23740e-04
  20  wCBO_expT    3.00966e+01   8.25902e-02   3.55436e-05   8.42124e-04
  21  wCBO_linCoeff   0.00000e+00   constant   
  22  wCBO_const   5.31244e-03   1.15284e-03   4.03996e-06  -1.63280e-02
 EXTERNAL ERROR MATRIX.    NDIM=  25    NPAR=  4    ERR DEF=1
  3.119e+01 -4.158e+00 -1.143e-01  1.004e-03 
 -4.158e+00  7.231e-01 -1.747e-02  1.532e-04 
 -1.143e-01 -1.747e-02  6.821e-03 -6.539e-05 
  1.004e-03  1.532e-04 -6.539e-05  1.329e-06 
 PARAMETER  CORRELATION COEFFICIENTS  
       NO.  GLOBAL     18     19     20     22
       18  0.99964   1.000 -0.876 -0.248  0.156
       19  0.99964  -0.876  1.000 -0.249  0.156
       20  0.99875  -0.248 -0.249  1.000 -0.687
       22  0.91353   0.156  0.156 -0.687  1.000
MINUIT - FIT ONLY 2-y
 **********
 **   76 **RES 
 **********
                   PARAMETER   14  ANy2 RESTORED TO VARIABLE.
                   PARAMETER    8  phi_CBO RESTORED TO VARIABLE.
                   PARAMETER    7  w_CBO RESTORED TO VARIABLE.
                   PARAMETER    6  A_CBO RESTORED TO VARIABLE.
                   PARAMETER    4  phi RESTORED TO VARIABLE.
                   PARAMETER    3  A0 RESTORED TO VARIABLE.
                   PARAMETER    1  N0 RESTORED TO VARIABLE.
 **********
 **   77 **FIX            0
 **********
 PARAMETER    0  IS UNDEFINED. IGNORED.
 **********
 **   78 **FIX            1
 **********
 **********
 **   79 **FIX            2
 **********
 PARAMETER    2  IS CONSTANT.   IGNORED.
 **********
 **   80 **FIX            3
 **********
 **********
 **   81 **FIX            4
 **********
 **********
 **   82 **FIX            5
 **********
 PARAMETER    5  IS CONSTANT.   IGNORED.
 **********
 **   83 **FIX            6
 **********
 **********
 **   84 **FIX            7
 **********
 **********
 **   85 **FIX            8
 **********
 **********
 **   86 **FIX            9
 **********
 PARAMETER    9  IS CONSTANT.   IGNORED.
 **********
 **   87 **FIX           10
 **********
 PARAMETER   10  IS CONSTANT.   IGNORED.
 **********
 **   88 **FIX           11
 **********
 PARAMETER   11  IS CONSTANT.   IGNORED.
 **********
 **   89 **FIX           12
 **********
 PARAMETER   12  IS CONSTANT.   IGNORED.
 **********
 **   90 **FIX           16
 **********
 PARAMETER   16  IS CONSTANT.   IGNORED.
 **********
 **   91 **MIGRAD
 **********
 START MIGRAD MINIMIZATION.  STRATEGY  1.  CONVERGENCE WHEN EDM .LT. 1.00e-04
 FCN=310.285 FROM MIGRAD    STATUS=INITIATE       10 CALLS         872 TOTAL
                     EDM= unknown      STRATEGY= 1      NO ERROR MATRIX       
  EXT PARAMETER               CURRENT GUESS       STEP         FIRST   
  NO.   NAME      VALUE            ERROR          SIZE      DERIVATIVE 
   1  N0           3.11196e+06     fixed    
   2  tau          6.44114e+01   constant   
   3  A0           3.64524e-01     fixed    
   4  phi          4.11816e+00     fixed    
   5  R           -6.00079e+01   constant   
   6  A_CBO        1.21256e-03     fixed    
   7  w_CBO        2.32774e+00     fixed    
   8  phi_CBO      4.57349e+00     fixed    
   9  ANx2         3.40456e-04   constant   
  10  pNx2         3.19484e+00   constant   
  11  ANy1         0.00000e+00   constant   
  12  pNy1         0.00000e+00   constant   
  13  w_y          0.00000e+00   constant   
  14  ANy2         3.92481e-04   7.32703e-04   7.32703e-04   1.06469e+01
  15  pNy2         5.11372e+00   constant   
  16  w_vw         1.43155e+01   constant   
  17  LM           3.07992e-04   constant   
  18  wCBO_expCoeff   1.97718e+02   5.58483e+00   1.28645e-03   1.77321e-05
  19  wCBO_expOffset   1.99657e+02   8.50324e-01   1.95823e-04   1.13569e-04
  20  wCBO_expT    3.00966e+01   8.25902e-02   3.55436e-05   8.11932e-04
  21  wCBO_linCoeff   0.00000e+00   constant   
  22  wCBO_const   5.31244e-03   1.15284e-03   4.03996e-06  -1.59621e-02
 MIGRAD MINIMIZATION HAS CONVERGED.
 MIGRAD WILL VERIFY CONVERGENCE AND ERROR MATRIX.
 COVARIANCE MATRIX CALCULATED SUCCESSFULLY
 FCN=310.285 FROM MIGRAD    STATUS=CONVERGED      52 CALLS         914 TOTAL
                     EDM=1.36308e-07    STRATEGY= 1      ERROR MATRIX ACCURATE 
  EXT PARAMETER                                   STEP         FIRST   
  NO.   NAME      VALUE            ERROR          SIZE      DERIVATIVE 
   1  N0           3.11196e+06     fixed    
   2  tau          6.44114e+01   constant   
   3  A0           3.64524e-01     fixed    
   4  phi          4.11816e+00     fixed    
   5  R           -6.00079e+01   constant   
   6  A_CBO        1.21256e-03     fixed    
   7  w_CBO        2.32774e+00     fixed    
   8  phi_CBO      4.57349e+00     fixed    
   9  ANx2         3.40456e-04   constant   
  10  pNx2         3.19484e+00   constant   
  11  ANy1         0.00000e+00   constant   
  12  pNy1         0.00000e+00   constant   
  13  w_y          0.00000e+00   constant   
  14  ANy2         3.89642e-04   7.31858e-04   6.29037e-06   2.57249e-04
  15  pNy2         5.11372e+00   constant   
  16  w_vw         1.43155e+01   constant   
  17  LM           3.07992e-04   constant   
  18  wCBO_expCoeff   1.97718e+02   5.57280e+00   1.28645e-03   3.31507e-03
  19  wCBO_expOffset   1.99657e+02   8.48454e-01   1.95823e-04   2.17774e-02
  20  wCBO_expT    3.00966e+01   8.25699e-02   3.55435e-05   1.17041e-01
  21  wCBO_linCoeff   0.00000e+00   constant   
  22  wCBO_const   5.31244e-03   1.15264e-03   4.03996e-06   7.65126e-01
 EXTERNAL ERROR MATRIX.    NDIM=  25    NPAR=  5    ERR DEF=1
  5.356e-07  2.568e-05  3.929e-06 -1.277e-06  6.066e-09 
  2.568e-05  3.106e+01 -4.138e+00 -1.143e-01  1.004e-03 
  3.929e-06 -4.138e+00  7.199e-01 -1.745e-02  1.531e-04 
 -1.277e-06 -1.143e-01 -1.745e-02  6.818e-03 -6.535e-05 
  6.066e-09  1.004e-03  1.531e-04 -6.535e-05  1.329e-06 
 PARAMETER  CORRELATION COEFFICIENTS  
       NO.  GLOBAL     14     18     19     20     22
       14  0.06779   1.000  0.006  0.006 -0.021  0.007
       18  0.99964   0.006  1.000 -0.875 -0.248  0.156
       19  0.99964   0.006 -0.875  1.000 -0.249  0.157
       20  0.99875  -0.021 -0.248 -0.249  1.000 -0.687
       22  0.91350   0.007  0.156  0.157 -0.687  1.000
MINUIT - FIT ALTOGETHER
 **********
 **   92 **RES 
 **********
                   PARAMETER    8  phi_CBO RESTORED TO VARIABLE.
                   PARAMETER    7  w_CBO RESTORED TO VARIABLE.
                   PARAMETER    6  A_CBO RESTORED TO VARIABLE.
                   PARAMETER    4  phi RESTORED TO VARIABLE.
                   PARAMETER    3  A0 RESTORED TO VARIABLE.
                   PARAMETER    1  N0 RESTORED TO VARIABLE.
 **********
 **   93 **MIGRAD
 **********
 START MIGRAD MINIMIZATION.  STRATEGY  1.  CONVERGENCE WHEN EDM .LT. 1.00e-04
