 + ++++++++++++++++++++++++++++++++++++++++++++++++++++++++++++++++++++ +
 +                                                                      +
 +           You have chose to blind your fitting according to          +
 +                omega_ref * (1 + (R +/- deltaR) *10^{-6})             +
 +                                                                      +
 + ++++++++++++++++++++++++++++++++++++++++++++++++++++++++++++++++++++ +
In main()...
reading format from /gm2data/zkhechad/run45/envelope/formats/formatB_sBin_constraintOn.txt
pBinTau 	= 0  
pBinPhi 	= 0  
constraintau 	= 1 
includeMopTerm 	= 0    
constrainMop    = 0   
Parameters after format file: pBinTau 0 pBinPhi 0 constraintau 1 includeMopTerm 0 constrainMop 0 c_e_scale 0.000000 
reading cbo reference file (full fit) from /gm2data/zkhechad/cboTemplates/Run4CBOTemplates/fullFits/run4/sBin_constraintOn_cE0.0_seed0_run4_calo8.root
A_CBO 0.011357 w_CBO 2.326581 phi_CBO 5.876624 N0 2844262.344614 R -61.301649 tau 64.404749 
Reading cboRef file /gm2data/zkhechad/cboTemplates/Run4CBOTemplates//cboIsolate/run4_calo8.root
deltaT 164.120000
windowBins = 1100
fitting sliding window 2580 from bin 2783 at 415.223600 to bin 3883 at 579.343600 (1100 bins)

Reading data from /gm2data/cornell/histograms/aMethod/histogram_a_run4.root
fitting cbo isolate
 **********
 **    1 **SET PRINTOUT            1
 **********
 **********
 **    2 **SET NOWARNINGS 
 **********
 PARAMETER DEFINITIONS:
    NO.   NAME         VALUE      STEP SIZE      LIMITS
     1 A_CBO        1.13569e-02  1.00000e-05     no limits
     2 w_CBO        2.32658e+00  1.00000e-02    2.00000e+00  3.00000e+00
     3 phi_CBO      5.87662e+00  1.00000e-02    0.00000e+00  6.28319e+00
 **********
 **    3 **MIGRAD
 **********
 FIRST CALL TO USER FUNCTION AT NEW START POINT, WITH IFLAG=4.
 START MIGRAD MINIMIZATION.  STRATEGY  1.  CONVERGENCE WHEN EDM .LT. 1.00e-04
 FCN=0.449224 FROM MIGRAD    STATUS=INITIATE       12 CALLS          13 TOTAL
                     EDM= unknown      STRATEGY= 1      NO ERROR MATRIX       
  EXT PARAMETER               CURRENT GUESS       STEP         FIRST   
  NO.   NAME      VALUE            ERROR          SIZE      DERIVATIVE 
   1  A_CBO        1.13569e-02   1.00000e-05   1.00000e-05   9.19607e+00
   2  w_CBO        2.32658e+00   1.00000e-02   2.13259e-02  -2.90451e+00
   3  phi_CBO      5.87662e+00   1.00000e-02   6.47001e-03   1.78830e-02
 MIGRAD MINIMIZATION HAS CONVERGED.
 MIGRAD WILL VERIFY CONVERGENCE AND ERROR MATRIX.
 FCN=0.410342 FROM HESSE     STATUS=NOT POSDEF     16 CALLS          58 TOTAL
                     EDM=0.000321266    STRATEGY= 1      ERR MATRIX NOT POS-DEF
  EXT PARAMETER                APPROXIMATE        STEP         FIRST   
  NO.   NAME      VALUE            ERROR          SIZE      DERIVATIVE 
   1  A_CBO        3.16808e-03   4.27896e-02   2.46851e-05   4.27031e-03
   2  w_CBO        2.32692e+00   3.65355e-01   3.80042e-05  -9.52769e-02
   3  phi_CBO      5.76465e+00   3.30260e+00   4.57119e-03   3.97610e-04
 MIGRAD MINIMIZATION HAS CONVERGED.
 MIGRAD WILL VERIFY CONVERGENCE AND ERROR MATRIX.
 COVARIANCE MATRIX CALCULATED SUCCESSFULLY
 FCN=0.410263 FROM MIGRAD    STATUS=CONVERGED     192 CALLS         193 TOTAL
                     EDM=3.45997e-07    STRATEGY= 1      ERROR MATRIX ACCURATE 
  EXT PARAMETER                                   STEP         FIRST   
  NO.   NAME      VALUE            ERROR          SIZE      DERIVATIVE 
   1  A_CBO        3.17641e-03   4.25807e-02   2.46900e-05  -1.15783e-02
   2  w_CBO        2.32800e+00   2.69089e-02   3.24579e-05   2.16723e-03
   3  phi_CBO      6.28196e+00   6.24848e+00   2.83180e-02  -1.03331e-05
 EXTERNAL ERROR MATRIX.    NDIM=  25    NPAR=  3    ERR DEF=1
  1.813e-03 -6.126e-06  2.929e-04 
 -6.126e-06  7.249e-04  3.239e-02 
  2.929e-04  3.239e-02  3.364e+01 
 PARAMETER  CORRELATION COEFFICIENTS  
       NO.  GLOBAL      1      2      3
        1  0.00584   1.000 -0.005  0.001
        2  0.20753  -0.005  1.000  0.207
        3  0.20747   0.001  0.207  1.000
setting A_CBO=0.003176 w_CBO=2.328003, phi_CBO=6.281962
done fitting cbo isolate
 **********
 **    1 **SET PRINTOUT            1
 **********
 **********
 **    2 **SET NOWARNINGS 
 **********
 PARAMETER DEFINITIONS:
    NO.   NAME         VALUE      STEP SIZE      LIMITS
     1 N0           2.84426e+06  1.00000e+02     no limits
     2 tau          6.44047e+01  constant
     3 A0           3.52885e-01  1.00000e-04     no limits
     4 phi          4.11503e+00  1.00000e-02     no limits
     5 R           -6.13016e+01  constant
     6 A_CBO        3.17641e-03  1.00000e-05     no limits
     7 w_CBO        2.32800e+00  1.00000e-03     no limits
     8 phi_CBO      6.28196e+00  1.00000e-04     no limits
     9 ANx2         6.64823e-04  constant
    10 pNx2         9.66896e-01  constant
    11 ANy1         0.00000e+00  constant
    12 pNy1         0.00000e+00  constant
    13 w_y          0.00000e+00  constant
    14 ANy2         8.37111e-03  1.00000e-04     no limits
    15 pNy2         5.88808e+00  constant
    16 w_vw         1.43122e+01  constant
    17 LM           1.40011e-04  constant
    18 wCBO_expCoeff   2.00000e+02  1.00000e+00     no limits
    19 wCBO_expOffset   2.00000e+02  1.00000e+00     no limits
    20 wCBO_expT    3.00000e+01  1.00000e+00     no limits
    21 wCBO_linCoeff   0.00000e+00  constant
    22 wCBO_const   0.00000e+00  1.00000e-02     no limits
MINUIT - FIT ONLY WIGGLE
 **********
 **    3 **FIX            5
 **********
 PARAMETER    5  IS CONSTANT.   IGNORED.
 **********
 **    4 **FIX            6
 **********
 **********
 **    5 **FIX            7
 **********
 **********
 **    6 **FIX            8
 **********
 **********
 **    7 **FIX            9
 **********
 PARAMETER    9  IS CONSTANT.   IGNORED.
 **********
 **    8 **FIX           10
 **********
 PARAMETER   10  IS CONSTANT.   IGNORED.
 **********
 **    9 **FIX           11
 **********
 PARAMETER   11  IS CONSTANT.   IGNORED.
 **********
 **   10 **FIX           12
 **********
 PARAMETER   12  IS CONSTANT.   IGNORED.
 **********
 **   11 **FIX           13
 **********
 PARAMETER   13  IS CONSTANT.   IGNORED.
 **********
 **   12 **FIX           14
 **********
 **********
 **   13 **FIX           15
 **********
 PARAMETER   15  IS CONSTANT.   IGNORED.
 **********
 **   14 **FIX           16
 **********
 PARAMETER   16  IS CONSTANT.   IGNORED.
 **********
 **   15 **MIGRAD
 **********
 FIRST CALL TO USER FUNCTION AT NEW START POINT, WITH IFLAG=4.
 START MIGRAD MINIMIZATION.  STRATEGY  1.  CONVERGENCE WHEN EDM .LT. 1.00e-04
 FCN=330.439 FROM MIGRAD    STATUS=INITIATE       61 CALLS          62 TOTAL
                     EDM= unknown      STRATEGY= 1      NO ERROR MATRIX       
  EXT PARAMETER               CURRENT GUESS       STEP         FIRST   
  NO.   NAME      VALUE            ERROR          SIZE      DERIVATIVE 
   1  N0           2.84426e+06   1.00000e+02   0.00000e+00   6.27013e-04
   2  tau          6.44047e+01   constant   
   3  A0           3.52885e-01   1.00000e-04   0.00000e+00  -7.48892e+02
   4  phi          4.11503e+00   1.00000e-02   0.00000e+00   9.01110e+02
   5  R           -6.13016e+01   constant   
   6  A_CBO        3.17641e-03     fixed    
   7  w_CBO        2.32800e+00     fixed    
   8  phi_CBO      6.28196e+00     fixed    
   9  ANx2         6.64823e-04   constant   
  10  pNx2         9.66896e-01   constant   
  11  ANy1         0.00000e+00   constant   
  12  pNy1         0.00000e+00   constant   
  13  w_y          0.00000e+00   constant   
  14  ANy2         8.37111e-03     fixed    
  15  pNy2         5.88808e+00   constant   
  16  w_vw         1.43122e+01   constant   
  17  LM           1.40011e-04   constant   
  18  wCBO_expCoeff   2.04166e+02   1.00000e+00   4.16561e+00  -1.27059e-01
  19  wCBO_expOffset   2.00000e+02   1.00000e+00   0.00000e+00  -8.64692e-01
  20  wCBO_expT    3.00000e+01   1.00000e+00   0.00000e+00  -8.05449e+00
  21  wCBO_linCoeff   0.00000e+00   constant   
  22  wCBO_const   0.00000e+00   1.00000e-02   0.00000e+00   8.58863e+02
 MIGRAD MINIMIZATION HAS CONVERGED.
 FCN=325.021 FROM MIGRAD    STATUS=CONVERGED     361 CALLS         362 TOTAL
                     EDM=8.5107e-06    STRATEGY= 1  ERROR MATRIX UNCERTAINTY   2.1 per cent
  EXT PARAMETER                                   STEP         FIRST   
  NO.   NAME      VALUE            ERROR          SIZE      DERIVATIVE 
   1  N0           2.84271e+06   2.62336e+03   2.25289e+01   6.10716e-07
   2  tau          6.44047e+01   constant   
   3  A0           3.53461e-01   1.16288e-03  -4.68182e-06   1.47354e+00
   4  phi          4.11007e+00   3.67576e-03   6.09778e-05   8.47596e-01
   5  R           -6.13016e+01   constant   
   6  A_CBO        3.17641e-03     fixed    
   7  w_CBO        2.32800e+00     fixed    
   8  phi_CBO      6.28196e+00     fixed    
   9  ANx2         6.64823e-04   constant   
  10  pNx2         9.66896e-01   constant   
  11  ANy1         0.00000e+00   constant   
  12  pNy1         0.00000e+00   constant   
  13  w_y          0.00000e+00   constant   
  14  ANy2         8.37111e-03     fixed    
  15  pNy2         5.88808e+00   constant   
  16  w_vw         1.43122e+01   constant   
  17  LM           1.40011e-04   constant   
  18  wCBO_expCoeff   1.83446e+02   1.20333e+01   4.74392e-01   6.55390e-04
  19  wCBO_expOffset   1.97090e+02   3.26757e+00   1.87829e-01   3.88877e-03
  20  wCBO_expT    3.09348e+01   7.18343e-01  -3.77290e-02   1.95987e-02
  21  wCBO_linCoeff   0.00000e+00   constant   
  22  wCBO_const  -2.60184e-03   8.02729e-04   1.76588e-05  -4.79619e+00
 EXTERNAL ERROR MATRIX.    NDIM=  25    NPAR=  7    ERR DEF=1
  6.882e+06  9.341e-02 -8.806e-01 -1.199e+04 -1.756e+03  5.310e+02 -1.503e-01 
  9.341e-02  1.352e-06 -1.735e-07 -1.272e-03  2.666e-04 -4.215e-06  8.123e-09 
 -8.806e-01 -1.735e-07  1.351e-05  3.296e-03  2.400e-03 -4.254e-04 -7.784e-08 
 -1.199e+04 -1.272e-03  3.296e-03  1.448e+02  3.462e+01 -8.187e+00  5.245e-03 
 -1.756e+03  2.666e-04  2.400e-03  3.462e+01  1.068e+01 -2.311e+00  1.340e-03 
  5.310e+02 -4.215e-06 -4.254e-04 -8.187e+00 -2.311e+00  5.160e-01 -3.271e-04 
 -1.503e-01  8.123e-09 -7.784e-08  5.245e-03  1.340e-03 -3.271e-04  6.444e-07 
 PARAMETER  CORRELATION COEFFICIENTS  
       NO.  GLOBAL      1      3      4     18     19     20     22
        1  0.97194   1.000  0.031 -0.091 -0.380 -0.205  0.282 -0.071
        3  0.94883   0.031  1.000 -0.041 -0.091  0.070 -0.005  0.009
        4  0.37147  -0.091 -0.041  1.000  0.075  0.200 -0.161 -0.026
       18  0.99987  -0.380 -0.091  0.075  1.000  0.880 -0.947  0.543
       19  0.99997  -0.205  0.070  0.200  0.880  1.000 -0.985  0.511
       20  0.99999   0.282 -0.005 -0.161 -0.947 -0.985  1.000 -0.567
       22  0.99480  -0.071  0.009 -0.026  0.543  0.511 -0.567  1.000
MINUIT - FIT ONLY 1-CBO + other amplitudes 
 **********
 **   16 **RES 
 **********
                   PARAMETER   14  ANy2 RESTORED TO VARIABLE.
                   PARAMETER    8  phi_CBO RESTORED TO VARIABLE.
                   PARAMETER    7  w_CBO RESTORED TO VARIABLE.
                   PARAMETER    6  A_CBO RESTORED TO VARIABLE.
 **********
 **   17 **FIX            0
 **********
 PARAMETER    0  IS UNDEFINED. IGNORED.
 **********
 **   18 **FIX            1
 **********
 **********
 **   19 **FIX            2
 **********
 PARAMETER    2  IS CONSTANT.   IGNORED.
 **********
 **   20 **FIX            3
 **********
 **********
 **   21 **FIX            4
 **********
 **********
 **   22 **FIX            9
 **********
 PARAMETER    9  IS CONSTANT.   IGNORED.
 **********
 **   23 **FIX           11
 **********
 PARAMETER   11  IS CONSTANT.   IGNORED.
 **********
 **   24 **FIX           12
 **********
 PARAMETER   12  IS CONSTANT.   IGNORED.
 **********
 **   25 **FIX           14
 **********
 **********
 **   26 **FIX           15
 **********
 PARAMETER   15  IS CONSTANT.   IGNORED.
 **********
 **   27 **FIX           16
 **********
 PARAMETER   16  IS CONSTANT.   IGNORED.
 **********
 **   28 **MIGRAD
 **********
 START MIGRAD MINIMIZATION.  STRATEGY  1.  CONVERGENCE WHEN EDM .LT. 1.00e-04
 FCN=325.021 FROM MIGRAD    STATUS=INITIATE       18 CALLS         380 TOTAL
                     EDM= unknown      STRATEGY= 1      NO ERROR MATRIX       
  EXT PARAMETER               CURRENT GUESS       STEP         FIRST   
  NO.   NAME      VALUE            ERROR          SIZE      DERIVATIVE 
   1  N0           2.84271e+06     fixed    
   2  tau          6.44047e+01   constant   
   3  A0           3.53461e-01     fixed    
   4  phi          4.11007e+00     fixed    
   5  R           -6.13016e+01   constant   
   6  A_CBO        3.17641e-03   1.00000e-05   1.00000e-05   2.74182e+03
   7  w_CBO        2.32800e+00   1.00000e-03   1.00000e-03  -2.00697e+00
   8  phi_CBO      6.28196e+00   1.00000e-04   1.00000e-04   3.12796e-01
   9  ANx2         6.64823e-04   constant   
  10  pNx2         9.66896e-01   constant   
  11  ANy1         0.00000e+00   constant   
  12  pNy1         0.00000e+00   constant   
  13  w_y          0.00000e+00   constant   
  14  ANy2         8.37111e-03     fixed    
  15  pNy2         5.88808e+00   constant   
  16  w_vw         1.43122e+01   constant   
  17  LM           1.40011e-04   constant   
  18  wCBO_expCoeff   1.83446e+02   1.20333e+01   4.74392e-01   6.55456e-04
  19  wCBO_expOffset   1.97090e+02   3.26757e+00   1.87829e-01   3.88943e-03
  20  wCBO_expT    3.09348e+01   7.18343e-01  -3.77290e-02   1.96045e-02
  21  wCBO_linCoeff   0.00000e+00   constant   
  22  wCBO_const  -2.60184e-03   8.02729e-04   1.76588e-05  -4.79591e+00
 MIGRAD MINIMIZATION HAS CONVERGED.
 MIGRAD WILL VERIFY CONVERGENCE AND ERROR MATRIX.
 COVARIANCE MATRIX CALCULATED SUCCESSFULLY
 FCN=321.846 FROM HESSE     STATUS=OK             50 CALLS         532 TOTAL
                     EDM=0.00151498    STRATEGY= 1      ERROR MATRIX ACCURATE 
  EXT PARAMETER                                   STEP         FIRST   
  NO.   NAME      VALUE            ERROR          SIZE      DERIVATIVE 
   1  N0           2.84271e+06     fixed    
   2  tau          6.44047e+01   constant   
   3  A0           3.53461e-01     fixed    
   4  phi          4.11007e+00     fixed    
   5  R           -6.13016e+01   constant   
   6  A_CBO        8.95113e-04   1.29089e-03   1.12368e-05   3.40825e-01
   7  w_CBO        2.32781e+00   2.48858e-02   1.11584e-05  -3.15774e-01
   8  phi_CBO      5.96359e+00   2.14833e+00   1.16156e-02   1.84262e-04
   9  ANx2         6.64823e-04   constant   
  10  pNx2         9.66896e-01   constant   
  11  ANy1         0.00000e+00   constant   
  12  pNy1         0.00000e+00   constant   
  13  w_y          0.00000e+00   constant   
  14  ANy2         8.37111e-03     fixed    
  15  pNy2         5.88808e+00   constant   
  16  w_vw         1.43122e+01   constant   
  17  LM           1.40011e-04   constant   
  18  wCBO_expCoeff   1.83452e+02   4.16952e+01   1.11812e-02  -6.71750e-04
  19  wCBO_expOffset   1.97091e+02   7.13783e+00   1.88549e-03  -3.98352e-03
  20  wCBO_expT    3.09351e+01   1.17359e+00   2.60582e-04   3.77313e-02
  21  wCBO_linCoeff   0.00000e+00   constant   
  22  wCBO_const  -2.69465e-03   1.06628e-02   5.04220e-06  -6.13487e-01
 MIGRAD MINIMIZATION HAS CONVERGED.
 FCN=321.716 FROM MIGRAD    STATUS=CONVERGED     357 CALLS         719 TOTAL
                     EDM=3.6618e-07    STRATEGY= 1  ERROR MATRIX UNCERTAINTY   2.2 per cent
  EXT PARAMETER                                   STEP         FIRST   
  NO.   NAME      VALUE            ERROR          SIZE      DERIVATIVE 
   1  N0           2.84271e+06     fixed    
   2  tau          6.44047e+01   constant   
   3  A0           3.53461e-01     fixed    
   4  phi          4.11007e+00     fixed    
   5  R           -6.13016e+01   constant   
   6  A_CBO        8.10479e-04   1.36395e-03  -2.83489e-06  -2.52582e-01
   7  w_CBO        2.32390e+00   2.93754e-02  -1.44095e-05  -4.00176e-01
   8  phi_CBO      5.26630e+00   1.71825e+00   3.44134e-03   3.32468e-04
   9  ANx2         6.64823e-04   constant   
  10  pNx2         9.66896e-01   constant   
  11  ANy1         0.00000e+00   constant   
  12  pNy1         0.00000e+00   constant   
  13  w_y          0.00000e+00   constant   
  14  ANy2         8.37111e-03     fixed    
  15  pNy2         5.88808e+00   constant   
  16  w_vw         1.43122e+01   constant   
  17  LM           1.40011e-04   constant   
  18  wCBO_expCoeff   1.85480e+02   4.08019e+01   1.24388e-02  -5.51168e-04
  19  wCBO_expOffset   2.01855e+02   1.34207e+01  -5.01803e-03  -3.37987e-03
  20  wCBO_expT    3.02242e+01   1.37851e+00   4.96422e-04  -2.38836e-02
  21  wCBO_linCoeff   0.00000e+00   constant   
  22  wCBO_const  -8.77431e-04   1.28056e-02   7.07615e-06  -8.28038e-01
 EXTERNAL ERROR MATRIX.    NDIM=  25    NPAR=  7    ERR DEF=1
  1.860e-06  7.292e-06 -1.269e-05  3.457e-03 -4.853e-03  5.836e-04 -3.348e-06 
  7.292e-06  8.629e-04  7.792e-03  9.518e-02 -1.179e-01  1.242e-02 -3.752e-04 
 -1.269e-05  7.792e-03  2.952e+00  5.854e+00 -5.007e+00  5.697e-01 -3.249e-03 
  3.457e-03  9.518e-02  5.854e+00  1.665e+03 -3.856e+02  1.605e+01 -4.796e-02 
 -4.853e-03 -1.179e-01 -5.007e+00 -3.856e+02  1.801e+02 -1.629e+01  5.741e-02 
  5.836e-04  1.242e-02  5.697e-01  1.605e+01 -1.629e+01  1.900e+00 -6.134e-03 
 -3.348e-06 -3.752e-04 -3.249e-03 -4.796e-02  5.741e-02 -6.134e-03  1.640e-04 
 PARAMETER  CORRELATION COEFFICIENTS  
       NO.  GLOBAL      6      7      8     18     19     20     22
        6  0.34314   1.000  0.182 -0.005  0.062 -0.265  0.310 -0.192
        7  0.99911   0.182  1.000  0.154  0.079 -0.299  0.307 -0.997
        8  0.56020  -0.005  0.154  1.000  0.083 -0.217  0.241 -0.148
       18  0.99945   0.062  0.079  0.083  1.000 -0.704  0.285 -0.092
       19  0.99987  -0.265 -0.299 -0.217 -0.704  1.000 -0.880  0.334
       20  0.99976   0.310  0.307  0.241  0.285 -0.880  1.000 -0.348
       22  0.99902  -0.192 -0.997 -0.148 -0.092  0.334 -0.348  1.000
MINUIT - FIT ONLY 1-CBO
 **********
 **   29 **RES 
 **********
                   PARAMETER   14  ANy2 RESTORED TO VARIABLE.
                   PARAMETER    4  phi RESTORED TO VARIABLE.
                   PARAMETER    3  A0 RESTORED TO VARIABLE.
                   PARAMETER    1  N0 RESTORED TO VARIABLE.
 **********
 **   30 **FIX            0
 **********
 PARAMETER    0  IS UNDEFINED. IGNORED.
 **********
 **   31 **FIX            1
 **********
 **********
 **   32 **FIX            2
 **********
 PARAMETER    2  IS CONSTANT.   IGNORED.
 **********
 **   33 **FIX            3
 **********
 **********
 **   34 **FIX            4
 **********
 **********
 **   35 **FIX            8
 **********
 **********
 **   36 **FIX            9
 **********
 PARAMETER    9  IS CONSTANT.   IGNORED.
 **********
 **   37 **FIX           11
 **********
 PARAMETER   11  IS CONSTANT.   IGNORED.
 **********
 **   38 **FIX           12
 **********
 PARAMETER   12  IS CONSTANT.   IGNORED.
 **********
 **   39 **FIX           13
 **********
 PARAMETER   13  IS CONSTANT.   IGNORED.
 **********
 **   40 **FIX           15
 **********
 PARAMETER   15  IS CONSTANT.   IGNORED.
 **********
 **   41 **FIX           16
 **********
 PARAMETER   16  IS CONSTANT.   IGNORED.
 **********
 **   42 **MIGRAD
 **********
 START MIGRAD MINIMIZATION.  STRATEGY  1.  CONVERGENCE WHEN EDM .LT. 1.00e-04
 FCN=321.716 FROM MIGRAD    STATUS=INITIATE       16 CALLS         735 TOTAL
                     EDM= unknown      STRATEGY= 1      NO ERROR MATRIX       
  EXT PARAMETER               CURRENT GUESS       STEP         FIRST   
  NO.   NAME      VALUE            ERROR          SIZE      DERIVATIVE 
   1  N0           2.84271e+06     fixed    
   2  tau          6.44047e+01   constant   
   3  A0           3.53461e-01     fixed    
   4  phi          4.11007e+00     fixed    
   5  R           -6.13016e+01   constant   
   6  A_CBO        8.10479e-04   1.36395e-03  -2.83489e-06  -2.52581e-01
   7  w_CBO        2.32390e+00   2.93754e-02  -1.44095e-05  -4.00175e-01
   8  phi_CBO      5.26630e+00     fixed    
   9  ANx2         6.64823e-04   constant   
  10  pNx2         9.66896e-01   constant   
  11  ANy1         0.00000e+00   constant   
  12  pNy1         0.00000e+00   constant   
  13  w_y          0.00000e+00   constant   
  14  ANy2         8.37111e-03   1.00000e-04   1.00000e-04   9.70132e+03
  15  pNy2         5.88808e+00   constant   
  16  w_vw         1.43122e+01   constant   
  17  LM           1.40011e-04   constant   
  18  wCBO_expCoeff   1.85480e+02   4.08019e+01   1.24388e-02  -5.51171e-04
  19  wCBO_expOffset   2.01855e+02   1.34207e+01  -5.01803e-03  -3.37989e-03
  20  wCBO_expT    3.02242e+01   1.37851e+00   4.96422e-04  -2.38837e-02
  21  wCBO_linCoeff   0.00000e+00   constant   
  22  wCBO_const  -8.77431e-04   1.28056e-02   7.07615e-06  -8.28037e-01
 MIGRAD MINIMIZATION HAS CONVERGED.
 MIGRAD WILL VERIFY CONVERGENCE AND ERROR MATRIX.
 FCN=286.093 FROM MIGRAD    STATUS=CONVERGED     119 CALLS         838 TOTAL
                     EDM=3.88779e-06    STRATEGY= 1      ERR MATRIX NOT POS-DEF
  EXT PARAMETER                APPROXIMATE        STEP         FIRST   
  NO.   NAME      VALUE            ERROR          SIZE      DERIVATIVE 
   1  N0           2.84271e+06     fixed    
   2  tau          6.44047e+01   constant   
   3  A0           3.53461e-01     fixed    
   4  phi          4.11007e+00     fixed    
   5  R           -6.13016e+01   constant   
   6  A_CBO        8.14729e-04   1.29133e-03   1.05985e-05   1.98503e-02
   7  w_CBO        2.32390e+00   1.07517e-02   1.06887e-05  -1.71931e-01
   8  phi_CBO      5.26630e+00     fixed    
   9  ANx2         6.64823e-04   constant   
  10  pNx2         9.66896e-01   constant   
  11  ANy1         0.00000e+00   constant   
  12  pNy1         0.00000e+00   constant   
  13  w_y          0.00000e+00   constant   
  14  ANy2         1.02703e-03   1.22547e-03   1.01800e-05   7.47072e-04
  15  pNy2         5.88808e+00   constant   
  16  w_vw         1.43122e+01   constant   
  17  LM           1.40011e-04   constant   
  18  wCBO_expCoeff   1.85481e+02   1.82921e+01   1.20691e-02   1.36458e-04
  19  wCBO_expOffset   2.01855e+02   2.98522e+00   1.96665e-03   8.37420e-04
  20  wCBO_expT    3.02242e+01   3.97426e-01   2.72391e-04  -1.19484e-03
  21  wCBO_linCoeff   0.00000e+00   constant   
  22  wCBO_const  -8.77079e-04   4.62217e-03   4.80108e-06  -4.25273e-01
 EXTERNAL ERROR MATRIX.    NDIM=  25    NPAR=  7    ERR DEF=1
  1.668e-06  8.966e-09 -1.242e-09 -1.203e-03 -1.976e-04  4.913e-05  2.071e-08 
  8.966e-09  1.156e-04 -1.173e-10 -1.721e-03 -2.899e-04 -1.503e-04 -4.906e-05 
 -1.242e-09 -1.173e-10  1.502e-06  4.636e-06  7.605e-07 -2.268e-07 -1.141e-10 
 -1.203e-03 -1.721e-03  4.636e-06  3.346e+02 -3.002e+01 -3.417e+00  2.072e-03 
 -1.976e-04 -2.899e-04  7.605e-07 -3.002e+01  8.912e+00 -5.606e-01  3.426e-04 
  4.913e-05 -1.503e-04 -2.268e-07 -3.417e+00 -5.606e-01  1.579e-01 -1.511e-05 
  2.071e-08 -4.906e-05 -1.141e-10  2.072e-03  3.426e-04 -1.511e-05  2.136e-05 
ERR MATRIX NOT POS-DEF
 PARAMETER  CORRELATION COEFFICIENTS  
       NO.  GLOBAL      6      7     14     18     19     20     22
        6  0.15459   1.000  0.001 -0.001 -0.051 -0.051  0.096  0.003
        7  0.99282   0.001  1.000 -0.000 -0.009 -0.009 -0.035 -0.987
       14  0.00112  -0.001 -0.000  1.000  0.000  0.000 -0.000 -0.000
       18  0.99684  -0.051 -0.009  0.000  1.000 -0.550 -0.470  0.025
       19  0.99685  -0.051 -0.009  0.000 -0.550  1.000 -0.472  0.025
       20  0.99659   0.096 -0.035 -0.000 -0.470 -0.472  1.000 -0.008
       22  0.99216   0.003 -0.987 -0.000  0.025  0.025 -0.008  1.000
 ERR MATRIX NOT POS-DEF
MINUIT - FIT ONLY 2-CBO
 **********
 **   43 **RES 
 **********
                   PARAMETER    8  phi_CBO RESTORED TO VARIABLE.
                   PARAMETER    4  phi RESTORED TO VARIABLE.
                   PARAMETER    3  A0 RESTORED TO VARIABLE.
                   PARAMETER    1  N0 RESTORED TO VARIABLE.
 **********
 **   44 **FIX            0
 **********
 PARAMETER    0  IS UNDEFINED. IGNORED.
 **********
 **   45 **FIX            1
 **********
 **********
 **   46 **FIX            2
 **********
 PARAMETER    2  IS CONSTANT.   IGNORED.
 **********
 **   47 **FIX            3
 **********
 **********
 **   48 **FIX            4
 **********
 **********
 **   49 **FIX            5
 **********
 PARAMETER    5  IS CONSTANT.   IGNORED.
 **********
 **   50 **FIX            6
 **********
 **********
 **   51 **FIX            7
 **********
 **********
 **   52 **FIX           10
 **********
 PARAMETER   10  IS CONSTANT.   IGNORED.
 **********
 **   53 **FIX           11
 **********
 PARAMETER   11  IS CONSTANT.   IGNORED.
 **********
 **   54 **FIX           12
 **********
 PARAMETER   12  IS CONSTANT.   IGNORED.
 **********
 **   55 **FIX           13
 **********
 PARAMETER   13  IS CONSTANT.   IGNORED.
 **********
 **   56 **FIX           14
 **********
 **********
 **   57 **FIX           15
 **********
 PARAMETER   15  IS CONSTANT.   IGNORED.
 **********
 **   58 **FIX           16
 **********
 PARAMETER   16  IS CONSTANT.   IGNORED.
 **********
 **   59 **MIGRAD
 **********
 START MIGRAD MINIMIZATION.  STRATEGY  1.  CONVERGENCE WHEN EDM .LT. 1.00e-04
 FCN=286.093 FROM MIGRAD    STATUS=INITIATE       10 CALLS         848 TOTAL
                     EDM= unknown      STRATEGY= 1      NO ERROR MATRIX       
  EXT PARAMETER               CURRENT GUESS       STEP         FIRST   
  NO.   NAME      VALUE            ERROR          SIZE      DERIVATIVE 
   1  N0           2.84271e+06     fixed    
   2  tau          6.44047e+01   constant   
   3  A0           3.53461e-01     fixed    
   4  phi          4.11007e+00     fixed    
   5  R           -6.13016e+01   constant   
   6  A_CBO        8.14729e-04     fixed    
   7  w_CBO        2.32390e+00     fixed    
   8  phi_CBO      5.26630e+00   1.71825e+00   1.71825e+00  -8.63928e-03
   9  ANx2         6.64823e-04   constant   
  10  pNx2         9.66896e-01   constant   
  11  ANy1         0.00000e+00   constant   
  12  pNy1         0.00000e+00   constant   
  13  w_y          0.00000e+00   constant   
  14  ANy2         1.02703e-03     fixed    
  15  pNy2         5.88808e+00   constant   
  16  w_vw         1.43122e+01   constant   
  17  LM           1.40011e-04   constant   
  18  wCBO_expCoeff   1.85481e+02   1.82921e+01   1.20691e-02   1.37666e-04
  19  wCBO_expOffset   2.01855e+02   2.98522e+00   1.96665e-03   8.45197e-04
  20  wCBO_expT    3.02242e+01   3.97426e-01   2.72391e-04  -1.13951e-03
  21  wCBO_linCoeff   0.00000e+00   constant   
  22  wCBO_const  -8.77079e-04   4.62217e-03   4.80108e-06  -4.22816e-01
 MIGRAD MINIMIZATION HAS CONVERGED.
 MIGRAD WILL VERIFY CONVERGENCE AND ERROR MATRIX.
 FCN=286.093 FROM MIGRAD    STATUS=CONVERGED      66 CALLS         904 TOTAL
                     EDM=1.2633e-05    STRATEGY= 1      ERR MATRIX NOT POS-DEF
  EXT PARAMETER                APPROXIMATE        STEP         FIRST   
  NO.   NAME      VALUE            ERROR          SIZE      DERIVATIVE 
   1  N0           2.84271e+06     fixed    
   2  tau          6.44047e+01   constant   
   3  A0           3.53461e-01     fixed    
   4  phi          4.11007e+00     fixed    
   5  R           -6.13016e+01   constant   
   6  A_CBO        8.14729e-04     fixed    
   7  w_CBO        2.32390e+00     fixed    
   8  phi_CBO      5.27789e+00   1.65672e+00   1.20392e-02   4.80250e-05
   9  ANx2         6.64823e-04   constant   
  10  pNx2         9.66896e-01   constant   
  11  ANy1         0.00000e+00   constant   
  12  pNy1         0.00000e+00   constant   
  13  w_y          0.00000e+00   constant   
  14  ANy2         1.02703e-03     fixed    
  15  pNy2         5.88808e+00   constant   
  16  w_vw         1.43122e+01   constant   
  17  LM           1.40011e-04   constant   
  18  wCBO_expCoeff   1.85482e+02   1.92377e+01   1.20675e-02   5.14567e-04
  19  wCBO_expOffset   2.01855e+02   3.13945e+00   1.96642e-03   3.15792e-03
  20  wCBO_expT    3.02242e+01   4.16558e-01   2.72384e-04   1.07901e-02
  21  wCBO_linCoeff   0.00000e+00   constant   
  22  wCBO_const  -8.76346e-04   7.64151e-04   4.80191e-06  -2.81978e+00
 EXTERNAL ERROR MATRIX.    NDIM=  25    NPAR=  5    ERR DEF=1
  2.745e+00 -1.309e+00 -2.143e-01  7.357e-02  3.155e-04 
 -1.309e+00  3.701e+02 -3.354e+01 -3.750e+00  1.363e-03 
 -2.143e-01 -3.354e+01  9.856e+00 -6.151e-01  2.231e-04 
  7.357e-02 -3.750e+00 -6.151e-01  1.735e-01 -7.827e-05 
  3.155e-04  1.363e-03  2.231e-04 -7.827e-05  5.839e-07 
ERR MATRIX NOT POS-DEF
 PARAMETER  CORRELATION COEFFICIENTS  
       NO.  GLOBAL      8     18     19     20     22
        8  0.48373   1.000 -0.041 -0.041  0.107  0.249
       18  0.99715  -0.041  1.000 -0.555 -0.468  0.093
       19  0.99716  -0.041 -0.555  1.000 -0.470  0.093
       20  0.99690   0.107 -0.468 -0.470  1.000 -0.246
       22  0.65394   0.249  0.093  0.093 -0.246  1.000
 ERR MATRIX NOT POS-DEF
MINUIT - FIT ONLY 1-y
 **********
 **   60 **RES 
 **********
                   PARAMETER   14  ANy2 RESTORED TO VARIABLE.
                   PARAMETER    7  w_CBO RESTORED TO VARIABLE.
                   PARAMETER    6  A_CBO RESTORED TO VARIABLE.
                   PARAMETER    4  phi RESTORED TO VARIABLE.
                   PARAMETER    3  A0 RESTORED TO VARIABLE.
                   PARAMETER    1  N0 RESTORED TO VARIABLE.
 **********
 **   61 **FIX            0
 **********
 PARAMETER    0  IS UNDEFINED. IGNORED.
 **********
 **   62 **FIX            1
 **********
 **********
 **   63 **FIX            2
 **********
 PARAMETER    2  IS CONSTANT.   IGNORED.
 **********
 **   64 **FIX            3
 **********
 **********
 **   65 **FIX            4
 **********
 **********
 **   66 **FIX            5
 **********
 PARAMETER    5  IS CONSTANT.   IGNORED.
 **********
 **   67 **FIX            6
 **********
 **********
 **   68 **FIX            7
 **********
 **********
 **   69 **FIX            8
 **********
 **********
 **   70 **FIX            9
 **********
 PARAMETER    9  IS CONSTANT.   IGNORED.
 **********
 **   71 **FIX           13
 **********
 PARAMETER   13  IS CONSTANT.   IGNORED.
 **********
 **   72 **FIX           14
 **********
 **********
 **   73 **FIX           15
 **********
 PARAMETER   15  IS CONSTANT.   IGNORED.
 **********
 **   74 **FIX           16
 **********
 PARAMETER   16  IS CONSTANT.   IGNORED.
 **********
 **   75 **MIGRAD
 **********
 START MIGRAD MINIMIZATION.  STRATEGY  1.  CONVERGENCE WHEN EDM .LT. 1.00e-04
 FCN=286.093 FROM MIGRAD    STATUS=INITIATE        8 CALLS         912 TOTAL
                     EDM= unknown      STRATEGY= 1      NO ERROR MATRIX       
  EXT PARAMETER               CURRENT GUESS       STEP         FIRST   
  NO.   NAME      VALUE            ERROR          SIZE      DERIVATIVE 
   1  N0           2.84271e+06     fixed    
   2  tau          6.44047e+01   constant   
   3  A0           3.53461e-01     fixed    
   4  phi          4.11007e+00     fixed    
   5  R           -6.13016e+01   constant   
   6  A_CBO        8.14729e-04     fixed    
   7  w_CBO        2.32390e+00     fixed    
   8  phi_CBO      5.27789e+00     fixed    
   9  ANx2         6.64823e-04   constant   
  10  pNx2         9.66896e-01   constant   
  11  ANy1         0.00000e+00   constant   
  12  pNy1         0.00000e+00   constant   
  13  w_y          0.00000e+00   constant   
  14  ANy2         1.02703e-03     fixed    
  15  pNy2         5.88808e+00   constant   
  16  w_vw         1.43122e+01   constant   
  17  LM           1.40011e-04   constant   
  18  wCBO_expCoeff   1.85482e+02   1.92377e+01   1.20675e-02   5.21737e-04
  19  wCBO_expOffset   2.01855e+02   3.13945e+00   1.96642e-03   3.20409e-03
  20  wCBO_expT    3.02242e+01   4.16558e-01   2.72384e-04   1.11189e-02
  21  wCBO_linCoeff   0.00000e+00   constant   
  22  wCBO_const  -8.76346e-04   7.64151e-04   4.80191e-06  -2.81739e+00
 MIGRAD MINIMIZATION HAS CONVERGED.
 MIGRAD WILL VERIFY CONVERGENCE AND ERROR MATRIX.
 FCN=286.093 FROM MIGRAD    STATUS=CONVERGED      41 CALLS         945 TOTAL
                     EDM=1.00336e-05    STRATEGY= 1      ERR MATRIX NOT POS-DEF
  EXT PARAMETER                APPROXIMATE        STEP         FIRST   
  NO.   NAME      VALUE            ERROR          SIZE      DERIVATIVE 
   1  N0           2.84271e+06     fixed    
   2  tau          6.44047e+01   constant   
   3  A0           3.53461e-01     fixed    
   4  phi          4.11007e+00     fixed    
   5  R           -6.13016e+01   constant   
   6  A_CBO        8.14729e-04     fixed    
   7  w_CBO        2.32390e+00     fixed    
   8  phi_CBO      5.27789e+00     fixed    
   9  ANx2         6.64823e-04   constant   
  10  pNx2         9.66896e-01   constant   
  11  ANy1         0.00000e+00   constant   
  12  pNy1         0.00000e+00   constant   
  13  w_y          0.00000e+00   constant   
  14  ANy2         1.02703e-03     fixed    
  15  pNy2         5.88808e+00   constant   
  16  w_vw         1.43122e+01   constant   
  17  LM           1.40011e-04   constant   
  18  wCBO_expCoeff   1.85481e+02   1.98808e+01   1.20569e-02  -4.42468e-04
  19  wCBO_expOffset   2.01855e+02   3.24616e+00   1.96467e-03  -2.71527e-03
  20  wCBO_expT    3.02242e+01   4.26952e-01   2.72150e-04  -3.02601e-02
  21  wCBO_linCoeff   0.00000e+00   constant   
  22  wCBO_const  -8.75637e-04   7.41833e-04   4.80128e-06  -1.45763e+00
 EXTERNAL ERROR MATRIX.    NDIM=  25    NPAR=  4    ERR DEF=1
  3.952e+02 -3.622e+01 -3.943e+00  1.623e-03 
 -3.622e+01  1.054e+01 -6.485e-01  2.663e-04 
 -3.943e+00 -6.485e-01  1.823e-01 -9.186e-05 
  1.623e-03  2.663e-04 -9.186e-05  5.503e-07 
ERR MATRIX NOT POS-DEF
 PARAMETER  CORRELATION COEFFICIENTS  
       NO.  GLOBAL     18     19     20     22
       18  0.99733   1.000 -0.561 -0.465  0.110
       19  0.99734  -0.561  1.000 -0.468  0.111
       20  0.99705  -0.465 -0.468  1.000 -0.290
       22  0.62647   0.110  0.111 -0.290  1.000
 ERR MATRIX NOT POS-DEF
MINUIT - FIT ONLY 2-y
 **********
 **   76 **RES 
 **********
                   PARAMETER   14  ANy2 RESTORED TO VARIABLE.
                   PARAMETER    8  phi_CBO RESTORED TO VARIABLE.
                   PARAMETER    7  w_CBO RESTORED TO VARIABLE.
                   PARAMETER    6  A_CBO RESTORED TO VARIABLE.
                   PARAMETER    4  phi RESTORED TO VARIABLE.
                   PARAMETER    3  A0 RESTORED TO VARIABLE.
                   PARAMETER    1  N0 RESTORED TO VARIABLE.
 **********
 **   77 **FIX            0
 **********
 PARAMETER    0  IS UNDEFINED. IGNORED.
 **********
 **   78 **FIX            1
 **********
 **********
 **   79 **FIX            2
 **********
 PARAMETER    2  IS CONSTANT.   IGNORED.
 **********
 **   80 **FIX            3
 **********
 **********
 **   81 **FIX            4
 **********
 **********
 **   82 **FIX            5
 **********
 PARAMETER    5  IS CONSTANT.   IGNORED.
 **********
 **   83 **FIX            6
 **********
 **********
 **   84 **FIX            7
 **********
 **********
 **   85 **FIX            8
 **********
 **********
 **   86 **FIX            9
 **********
 PARAMETER    9  IS CONSTANT.   IGNORED.
 **********
 **   87 **FIX           10
 **********
 PARAMETER   10  IS CONSTANT.   IGNORED.
 **********
 **   88 **FIX           11
 **********
 PARAMETER   11  IS CONSTANT.   IGNORED.
 **********
 **   89 **FIX           12
 **********
 PARAMETER   12  IS CONSTANT.   IGNORED.
 **********
 **   90 **FIX           16
 **********
 PARAMETER   16  IS CONSTANT.   IGNORED.
 **********
 **   91 **MIGRAD
 **********
 START MIGRAD MINIMIZATION.  STRATEGY  1.  CONVERGENCE WHEN EDM .LT. 1.00e-04
 FCN=286.093 FROM MIGRAD    STATUS=INITIATE       10 CALLS         955 TOTAL
                     EDM= unknown      STRATEGY= 1      NO ERROR MATRIX       
  EXT PARAMETER               CURRENT GUESS       STEP         FIRST   
  NO.   NAME      VALUE            ERROR          SIZE      DERIVATIVE 
   1  N0           2.84271e+06     fixed    
   2  tau          6.44047e+01   constant   
   3  A0           3.53461e-01     fixed    
   4  phi          4.11007e+00     fixed    
   5  R           -6.13016e+01   constant   
   6  A_CBO        8.14729e-04     fixed    
   7  w_CBO        2.32390e+00     fixed    
   8  phi_CBO      5.27789e+00     fixed    
   9  ANx2         6.64823e-04   constant   
  10  pNx2         9.66896e-01   constant   
  11  ANy1         0.00000e+00   constant   
  12  pNy1         0.00000e+00   constant   
  13  w_y          0.00000e+00   constant   
  14  ANy2         1.02703e-03   1.22547e-03   1.22547e-03   5.13685e-03
  15  pNy2         5.88808e+00   constant   
  16  w_vw         1.43122e+01   constant   
  17  LM           1.40011e-04   constant   
  18  wCBO_expCoeff   1.85481e+02   1.98808e+01   1.20569e-02  -4.35252e-04
  19  wCBO_expOffset   2.01855e+02   3.24616e+00   1.96467e-03  -2.66881e-03
  20  wCBO_expT    3.02242e+01   4.26952e-01   2.72150e-04  -2.99292e-02
  21  wCBO_linCoeff   0.00000e+00   constant   
  22  wCBO_const  -8.75637e-04   7.41833e-04   4.80128e-06  -1.45529e+00
 MIGRAD MINIMIZATION HAS CONVERGED.
 MIGRAD WILL VERIFY CONVERGENCE AND ERROR MATRIX.
 FCN=286.093 FROM MIGRAD    STATUS=CONVERGED      57 CALLS        1002 TOTAL
                     EDM=9.67191e-06    STRATEGY= 1      ERR MATRIX NOT POS-DEF
  EXT PARAMETER                APPROXIMATE        STEP         FIRST   
  NO.   NAME      VALUE            ERROR          SIZE      DERIVATIVE 
   1  N0           2.84271e+06     fixed    
   2  tau          6.44047e+01   constant   
   3  A0           3.53461e-01     fixed    
   4  phi          4.11007e+00     fixed    
   5  R           -6.13016e+01   constant   
   6  A_CBO        8.14729e-04     fixed    
   7  w_CBO        2.32390e+00     fixed    
   8  phi_CBO      5.27789e+00     fixed    
   9  ANx2         6.64823e-04   constant   
  10  pNx2         9.66896e-01   constant   
  11  ANy1         0.00000e+00   constant   
  12  pNy1         0.00000e+00   constant   
  13  w_y          0.00000e+00   constant   
  14  ANy2         1.02703e-03   1.22591e-03   1.01800e-05   4.03894e-03
  15  pNy2         5.88808e+00   constant   
  16  w_vw         1.43122e+01   constant   
  17  LM           1.40011e-04   constant   
  18  wCBO_expCoeff   1.85481e+02   1.98814e+01   1.20592e-02   1.44266e-04
  19  wCBO_expOffset   2.01855e+02   3.24534e+00   1.96505e-03   8.83578e-04
  20  wCBO_expT    3.02242e+01   4.26888e-01   2.72203e-04  -4.13980e-03
  21  wCBO_linCoeff   0.00000e+00   constant   
  22  wCBO_const  -8.75561e-04   7.41830e-04   4.80156e-06  -2.90143e-01
 EXTERNAL ERROR MATRIX.    NDIM=  25    NPAR=  5    ERR DEF=1
  1.503e-06  4.429e-06  7.274e-07 -2.226e-07 -1.334e-10 
  4.429e-06  3.953e+02 -3.622e+01 -3.944e+00  1.623e-03 
  7.274e-07 -3.622e+01  1.053e+01 -6.479e-01  2.660e-04 
 -2.226e-07 -3.944e+00 -6.479e-01  1.822e-01 -9.183e-05 
 -1.334e-10  1.623e-03  2.660e-04 -9.183e-05  5.503e-07 
ERR MATRIX NOT POS-DEF
 PARAMETER  CORRELATION COEFFICIENTS  
       NO.  GLOBAL     14     18     19     20     22
       14  0.00082   1.000  0.000  0.000 -0.000 -0.000
       18  0.99733   0.000  1.000 -0.561 -0.465  0.110
       19  0.99734   0.000 -0.561  1.000 -0.468  0.110
       20  0.99705  -0.000 -0.465 -0.468  1.000 -0.290
       22  0.62649  -0.000  0.110  0.110 -0.290  1.000
 ERR MATRIX NOT POS-DEF
MINUIT - FIT ALTOGETHER
 **********
 **   92 **RES 
 **********
                   PARAMETER    8  phi_CBO RESTORED TO VARIABLE.
                   PARAMETER    7  w_CBO RESTORED TO VARIABLE.
                   PARAMETER    6  A_CBO RESTORED TO VARIABLE.
                   PARAMETER    4  phi RESTORED TO VARIABLE.
                   PARAMETER    3  A0 RESTORED TO VARIABLE.
                   PARAMETER    1  N0 RESTORED TO VARIABLE.
 **********
 **   93 **MIGRAD
 **********
