 + ++++++++++++++++++++++++++++++++++++++++++++++++++++++++++++++++++++ +
 +                                                                      +
 +           You have chose to blind your fitting according to          +
 +                omega_ref * (1 + (R +/- deltaR) *10^{-6})             +
 +                                                                      +
 + ++++++++++++++++++++++++++++++++++++++++++++++++++++++++++++++++++++ +
In main()...
reading format from /gm2data/zkhechad/run45/envelope/formats/formatB_sBin_constraintOn.txt
pBinTau 	= 0  
pBinPhi 	= 0  
constraintau 	= 1 
includeMopTerm 	= 0    
constrainMop    = 0   
Parameters after format file: pBinTau 0 pBinPhi 0 constraintau 1 includeMopTerm 0 constrainMop 0 c_e_scale 0.000000 
reading cbo reference file (full fit) from /gm2data/zkhechad/cboTemplates/Run4CBOTemplates/fullFits/run4/sBin_constraintOn_cE0.0_seed0_run4_calo12.root
A_CBO 0.007990 w_CBO 2.327632 phi_CBO 5.471864 N0 3435893.469287 R -59.911173 tau 64.398066 
Reading cboRef file /gm2data/zkhechad/cboTemplates/Run4CBOTemplates//cboIsolate/run4_calo12.root
deltaT 164.120000
windowBins = 1100
fitting sliding window 1580 from bin 1783 at 266.023600 to bin 2883 at 430.143600 (1100 bins)

Reading data from /gm2data/cornell/histograms/aMethod/histogram_a_run4.root
fitting cbo isolate
 **********
 **    1 **SET PRINTOUT            1
 **********
 **********
 **    2 **SET NOWARNINGS 
 **********
 PARAMETER DEFINITIONS:
    NO.   NAME         VALUE      STEP SIZE      LIMITS
     1 A_CBO        7.98954e-03  1.00000e-05     no limits
     2 w_CBO        2.32763e+00  1.00000e-02    2.00000e+00  3.00000e+00
     3 phi_CBO      5.47186e+00  1.00000e-02    0.00000e+00  6.28319e+00
 **********
 **    3 **MIGRAD
 **********
 FIRST CALL TO USER FUNCTION AT NEW START POINT, WITH IFLAG=4.
 START MIGRAD MINIMIZATION.  STRATEGY  1.  CONVERGENCE WHEN EDM .LT. 1.00e-04
 FCN=0.0541193 FROM MIGRAD    STATUS=INITIATE       12 CALLS          13 TOTAL
                     EDM= unknown      STRATEGY= 1      NO ERROR MATRIX       
  EXT PARAMETER               CURRENT GUESS       STEP         FIRST   
  NO.   NAME      VALUE            ERROR          SIZE      DERIVATIVE 
   1  A_CBO        7.98954e-03   1.00000e-05   1.00000e-05   5.87777e+00
   2  w_CBO        2.32763e+00   1.00000e-02   2.13083e-02   2.54918e-01
   3  phi_CBO      5.47186e+00   1.00000e-02   4.74617e-03  -3.56583e-03
 MIGRAD MINIMIZATION HAS CONVERGED.
 MIGRAD WILL VERIFY CONVERGENCE AND ERROR MATRIX.
 COVARIANCE MATRIX CALCULATED SUCCESSFULLY
 FCN=0.0383443 FROM MIGRAD    STATUS=CONVERGED      49 CALLS          50 TOTAL
                     EDM=1.039e-05    STRATEGY= 1      ERROR MATRIX ACCURATE 
  EXT PARAMETER                                   STEP         FIRST   
  NO.   NAME      VALUE            ERROR          SIZE      DERIVATIVE 
   1  A_CBO        2.62314e-03   4.27213e-02   2.12537e-05  -1.23050e-02
   2  w_CBO        2.32755e+00   2.78964e-01   4.96044e-05  -2.84776e-03
   3  phi_CBO      5.50977e+00   3.28798e+00   4.05061e-03  -5.46392e-05
 EXTERNAL ERROR MATRIX.    NDIM=  25    NPAR=  3    ERR DEF=1
  1.825e-03 -2.199e-04 -7.529e-02 
 -2.199e-04  8.924e-02  3.052e+01 
 -7.529e-02  3.052e+01  1.070e+04 
 PARAMETER  CORRELATION COEFFICIENTS  
       NO.  GLOBAL      1      2      3
        1  0.01723   1.000 -0.017 -0.017
        2  0.98768  -0.017  1.000  0.988
        3  0.98768  -0.017  0.988  1.000
setting A_CBO=0.002623 w_CBO=2.327546, phi_CBO=5.509773
done fitting cbo isolate
 **********
 **    1 **SET PRINTOUT            1
 **********
 **********
 **    2 **SET NOWARNINGS 
 **********
 PARAMETER DEFINITIONS:
    NO.   NAME         VALUE      STEP SIZE      LIMITS
     1 N0           3.43589e+06  1.00000e+02     no limits
     2 tau          6.43981e+01  constant
     3 A0           3.53663e-01  1.00000e-04     no limits
     4 phi          4.11774e+00  1.00000e-02     no limits
     5 R           -5.99112e+01  constant
     6 A_CBO        2.62314e-03  1.00000e-05     no limits
     7 w_CBO        2.32755e+00  1.00000e-03     no limits
     8 phi_CBO      5.50977e+00  1.00000e-04     no limits
     9 ANx2         3.16301e-04  constant
    10 pNx2         1.53957e+00  constant
    11 ANy1         0.00000e+00  constant
    12 pNy1         0.00000e+00  constant
    13 w_y          0.00000e+00  constant
    14 ANy2         1.02217e-02  1.00000e-04     no limits
    15 pNy2         1.44040e+00  constant
    16 w_vw         1.43192e+01  constant
    17 LM          -2.49463e-04  constant
    18 wCBO_expCoeff   2.00000e+02  1.00000e+00     no limits
    19 wCBO_expOffset   2.00000e+02  1.00000e+00     no limits
    20 wCBO_expT    3.00000e+01  1.00000e+00     no limits
    21 wCBO_linCoeff   0.00000e+00  constant
    22 wCBO_const   0.00000e+00  1.00000e-02     no limits
MINUIT - FIT ONLY WIGGLE
 **********
 **    3 **FIX            5
 **********
 PARAMETER    5  IS CONSTANT.   IGNORED.
 **********
 **    4 **FIX            6
 **********
 **********
 **    5 **FIX            7
 **********
 **********
 **    6 **FIX            8
 **********
 **********
 **    7 **FIX            9
 **********
 PARAMETER    9  IS CONSTANT.   IGNORED.
 **********
 **    8 **FIX           10
 **********
 PARAMETER   10  IS CONSTANT.   IGNORED.
 **********
 **    9 **FIX           11
 **********
 PARAMETER   11  IS CONSTANT.   IGNORED.
 **********
 **   10 **FIX           12
 **********
 PARAMETER   12  IS CONSTANT.   IGNORED.
 **********
 **   11 **FIX           13
 **********
 PARAMETER   13  IS CONSTANT.   IGNORED.
 **********
 **   12 **FIX           14
 **********
 **********
 **   13 **FIX           15
 **********
 PARAMETER   15  IS CONSTANT.   IGNORED.
 **********
 **   14 **FIX           16
 **********
 PARAMETER   16  IS CONSTANT.   IGNORED.
 **********
 **   15 **MIGRAD
 **********
 FIRST CALL TO USER FUNCTION AT NEW START POINT, WITH IFLAG=4.
 START MIGRAD MINIMIZATION.  STRATEGY  1.  CONVERGENCE WHEN EDM .LT. 1.00e-04
 FCN=1236.27 FROM MIGRAD    STATUS=INITIATE       56 CALLS          57 TOTAL
                     EDM= unknown      STRATEGY= 1      NO ERROR MATRIX       
  EXT PARAMETER               CURRENT GUESS       STEP         FIRST   
  NO.   NAME      VALUE            ERROR          SIZE      DERIVATIVE 
   1  N0           3.43589e+06   1.00000e+02   0.00000e+00   1.56286e-03
   2  tau          6.43981e+01   constant   
   3  A0           3.53663e-01   1.00000e-04   0.00000e+00  -3.84498e+03
   4  phi          4.11774e+00   1.00000e-02   0.00000e+00  -1.15337e+03
   5  R           -5.99112e+01   constant   
   6  A_CBO        2.62314e-03     fixed    
   7  w_CBO        2.32755e+00     fixed    
   8  phi_CBO      5.50977e+00     fixed    
   9  ANx2         3.16301e-04   constant   
  10  pNx2         1.53957e+00   constant   
  11  ANy1         0.00000e+00   constant   
  12  pNy1         0.00000e+00   constant   
  13  w_y          0.00000e+00   constant   
  14  ANy2         1.02217e-02     fixed    
  15  pNy2         1.44040e+00   constant   
  16  w_vw         1.43192e+01   constant   
  17  LM          -2.49463e-04   constant   
  18  wCBO_expCoeff   1.99950e+02   1.00000e+00  -4.99241e-02   1.31046e+02
  19  wCBO_expOffset   2.00000e+02   1.00000e+00   0.00000e+00   8.72915e+02
  20  wCBO_expT    3.00000e+01   1.00000e+00   0.00000e+00   4.56413e+02
  21  wCBO_linCoeff   0.00000e+00   constant   
  22  wCBO_const   0.00000e+00   1.00000e-02   0.00000e+00  -3.24065e+03
 MIGRAD MINIMIZATION HAS CONVERGED.
 FCN=1198.05 FROM MIGRAD    STATUS=CONVERGED     348 CALLS         349 TOTAL
                     EDM=1.99058e-07    STRATEGY= 1  ERROR MATRIX UNCERTAINTY   2.0 per cent
  EXT PARAMETER                                   STEP         FIRST   
  NO.   NAME      VALUE            ERROR          SIZE      DERIVATIVE 
   1  N0           3.43524e+06   8.67354e+02  -1.35190e+00  -2.80472e-07
   2  tau          6.43981e+01   constant   
   3  A0           3.53840e-01   3.34890e-04   2.51487e-07  -5.09215e-01
   4  phi          4.11800e+00   9.94211e-04  -1.27406e-06   8.13454e-01
   5  R           -5.99112e+01   constant   
   6  A_CBO        2.62314e-03     fixed    
   7  w_CBO        2.32755e+00     fixed    
   8  phi_CBO      5.50977e+00     fixed    
   9  ANx2         3.16301e-04   constant   
  10  pNx2         1.53957e+00   constant   
  11  ANy1         0.00000e+00   constant   
  12  pNy1         0.00000e+00   constant   
  13  w_y          0.00000e+00   constant   
  14  ANy2         1.02217e-02     fixed    
  15  pNy2         1.44040e+00   constant   
  16  w_vw         1.43192e+01   constant   
  17  LM          -2.49463e-04   constant   
  18  wCBO_expCoeff   2.00064e+02   2.24186e-02   7.58666e-05  -1.08227e-03
  19  wCBO_expOffset   2.00017e+02   3.36658e-03   1.14176e-05  -2.06348e-01
  20  wCBO_expT    2.99792e+01   2.99953e-03  -1.04741e-05  -2.97253e-01
  21  wCBO_linCoeff   0.00000e+00   constant   
  22  wCBO_const   8.99380e-03   6.66283e-04   2.46002e-06  -4.97000e-01
 EXTERNAL ERROR MATRIX.    NDIM=  25    NPAR=  7    ERR DEF=1
  7.523e+05  9.377e-03  5.927e-03 -2.511e-01 -4.081e-02  2.431e-02 -4.706e-03 
  9.377e-03  1.122e-07  1.174e-09 -3.526e-09  4.783e-10 -5.056e-09  3.980e-09 
  5.927e-03  1.174e-09  9.885e-07 -3.896e-07 -6.102e-08  1.126e-07 -5.289e-08 
 -2.511e-01 -3.526e-09 -3.896e-07  5.026e-04  7.106e-05 -6.528e-05  1.048e-05 
 -4.081e-02  4.783e-10 -6.102e-08  7.106e-05  1.133e-05 -9.803e-06  1.575e-06 
  2.431e-02 -5.056e-09  1.126e-07 -6.528e-05 -9.803e-06  8.997e-06 -1.605e-06 
 -4.706e-03  3.980e-09 -5.289e-08  1.048e-05  1.575e-06 -1.605e-06  4.439e-07 
 PARAMETER  CORRELATION COEFFICIENTS  
       NO.  GLOBAL      1      3      4     18     19     20     22
        1  0.05464   1.000  0.032  0.007 -0.013 -0.014  0.009 -0.008
        3  0.04390   0.032  1.000  0.004 -0.000  0.000 -0.005  0.018
        4  0.11854   0.007  0.004  1.000 -0.017 -0.018  0.038 -0.080
       18  0.98367  -0.013 -0.000 -0.017  1.000  0.942 -0.971  0.702
       19  0.98360  -0.014  0.000 -0.018  0.942  1.000 -0.971  0.702
       20  0.99582   0.009 -0.005  0.038 -0.971 -0.971  1.000 -0.803
       22  0.92663  -0.008  0.018 -0.080  0.702  0.702 -0.803  1.000
MINUIT - FIT ONLY 1-CBO + other amplitudes 
 **********
 **   16 **RES 
 **********
                   PARAMETER   14  ANy2 RESTORED TO VARIABLE.
                   PARAMETER    8  phi_CBO RESTORED TO VARIABLE.
                   PARAMETER    7  w_CBO RESTORED TO VARIABLE.
                   PARAMETER    6  A_CBO RESTORED TO VARIABLE.
 **********
 **   17 **FIX            0
 **********
 PARAMETER    0  IS UNDEFINED. IGNORED.
 **********
 **   18 **FIX            1
 **********
 **********
 **   19 **FIX            2
 **********
 PARAMETER    2  IS CONSTANT.   IGNORED.
 **********
 **   20 **FIX            3
 **********
 **********
 **   21 **FIX            4
 **********
 **********
 **   22 **FIX            9
 **********
 PARAMETER    9  IS CONSTANT.   IGNORED.
 **********
 **   23 **FIX           11
 **********
 PARAMETER   11  IS CONSTANT.   IGNORED.
 **********
 **   24 **FIX           12
 **********
 PARAMETER   12  IS CONSTANT.   IGNORED.
 **********
 **   25 **FIX           14
 **********
 **********
 **   26 **FIX           15
 **********
 PARAMETER   15  IS CONSTANT.   IGNORED.
 **********
 **   27 **FIX           16
 **********
 PARAMETER   16  IS CONSTANT.   IGNORED.
 **********
 **   28 **MIGRAD
 **********
 START MIGRAD MINIMIZATION.  STRATEGY  1.  CONVERGENCE WHEN EDM .LT. 1.00e-04
 FCN=1198.05 FROM MIGRAD    STATUS=INITIATE       22 CALLS         371 TOTAL
                     EDM= unknown      STRATEGY= 1      NO ERROR MATRIX       
  EXT PARAMETER               CURRENT GUESS       STEP         FIRST   
  NO.   NAME      VALUE            ERROR          SIZE      DERIVATIVE 
   1  N0           3.43524e+06     fixed    
   2  tau          6.43981e+01   constant   
   3  A0           3.53840e-01     fixed    
   4  phi          4.11800e+00     fixed    
   5  R           -5.99112e+01   constant   
   6  A_CBO        2.62314e-03   1.00000e-05   1.00000e-05   1.96252e+04
   7  w_CBO        2.32755e+00   1.00000e-03   1.00000e-03  -3.24889e-01
   8  phi_CBO      5.50977e+00   1.00000e-04   1.00000e-04   6.96924e+00
   9  ANx2         3.16301e-04   constant   
  10  pNx2         1.53957e+00   constant   
  11  ANy1         0.00000e+00   constant   
  12  pNy1         0.00000e+00   constant   
  13  w_y          0.00000e+00   constant   
  14  ANy2         1.02217e-02     fixed    
  15  pNy2         1.44040e+00   constant   
  16  w_vw         1.43192e+01   constant   
  17  LM          -2.49463e-04   constant   
  18  wCBO_expCoeff   2.00064e+02   2.24186e-02   7.58666e-05  -1.08227e-03
  19  wCBO_expOffset   2.00017e+02   3.36658e-03   1.14176e-05  -2.06348e-01
  20  wCBO_expT    2.99792e+01   2.99953e-03  -1.04741e-05  -2.97253e-01
  21  wCBO_linCoeff   0.00000e+00   constant   
  22  wCBO_const   8.99380e-03   6.66283e-04   2.46002e-06  -4.97000e-01
 MIGRAD MINIMIZATION HAS CONVERGED.
 FCN=1183.2 FROM MIGRAD    STATUS=CONVERGED     187 CALLS         536 TOTAL
                     EDM=4.66555e-07    STRATEGY= 1  ERROR MATRIX UNCERTAINTY   2.2 per cent
  EXT PARAMETER                                   STEP         FIRST   
  NO.   NAME      VALUE            ERROR          SIZE      DERIVATIVE 
   1  N0           3.43524e+06     fixed    
   2  tau          6.43981e+01   constant   
   3  A0           3.53840e-01     fixed    
   4  phi          4.11800e+00     fixed    
   5  R           -5.99112e+01   constant   
   6  A_CBO        1.34781e-03   3.62992e-04  -3.61944e-06  -1.70495e+00
   7  w_CBO        2.32751e+00   2.05171e-04  -6.60562e-07   5.99290e+00
   8  phi_CBO      4.86738e+00   4.44130e-01  -3.31118e-03  -1.53690e-03
   9  ANx2         3.16301e-04   constant   
  10  pNx2         1.53957e+00   constant   
  11  ANy1         0.00000e+00   constant   
  12  pNy1         0.00000e+00   constant   
  13  w_y          0.00000e+00   constant   
  14  ANy2         1.02217e-02     fixed    
  15  pNy2         1.44040e+00   constant   
  16  w_vw         1.43192e+01   constant   
  17  LM          -2.49463e-04   constant   
  18  wCBO_expCoeff   2.00062e+02   1.93482e-02  -6.03094e-05   5.79765e-02
  19  wCBO_expOffset   2.00017e+02   2.65650e-03  -8.29491e-06   1.44825e-03
  20  wCBO_expT    2.99794e+01   3.59719e-03   8.09467e-06   9.75159e-01
  21  wCBO_linCoeff   0.00000e+00   constant   
  22  wCBO_const   8.45600e-03   9.11746e-04  -2.95427e-06   2.38626e+00
 EXTERNAL ERROR MATRIX.    NDIM=  25    NPAR=  7    ERR DEF=1
  1.318e-07  7.470e-10 -1.683e-06  1.138e-07  1.558e-08  8.616e-09 -2.151e-08 
  7.470e-10  4.210e-08  1.324e-05  3.718e-06  5.068e-07 -7.146e-07  1.136e-07 
 -1.683e-06  1.324e-05  1.973e-01  9.416e-04  1.236e-04 -1.883e-04  2.049e-04 
  1.138e-07  3.718e-06  9.416e-04  3.744e-04  4.800e-05 -6.703e-05  9.894e-06 
  1.558e-08  5.068e-07  1.236e-04  4.800e-05  7.057e-06 -9.137e-06  1.324e-06 
  8.616e-09 -7.146e-07 -1.883e-04 -6.703e-05 -9.137e-06  1.294e-05 -2.226e-06 
 -2.151e-08  1.136e-07  2.049e-04  9.894e-06  1.324e-06 -2.226e-06  8.313e-07 
 PARAMETER  CORRELATION COEFFICIENTS  
       NO.  GLOBAL      6      7      8     18     19     20     22
        6  0.12172   1.000  0.010 -0.010  0.016  0.016  0.007 -0.065
        7  0.97874   0.010  1.000  0.145  0.936  0.930 -0.968  0.607
        8  0.80696  -0.010  0.145  1.000  0.110  0.105 -0.118  0.506
       18  0.97898   0.016  0.936  0.110  1.000  0.934 -0.963  0.561
       19  0.97523   0.016  0.930  0.105  0.934  1.000 -0.956  0.547
       20  0.99643   0.007 -0.968 -0.118 -0.963 -0.956  1.000 -0.679
       22  0.94359  -0.065  0.607  0.506  0.561  0.547 -0.679  1.000
MINUIT - FIT ONLY 1-CBO
 **********
 **   29 **RES 
 **********
                   PARAMETER   14  ANy2 RESTORED TO VARIABLE.
                   PARAMETER    4  phi RESTORED TO VARIABLE.
                   PARAMETER    3  A0 RESTORED TO VARIABLE.
                   PARAMETER    1  N0 RESTORED TO VARIABLE.
 **********
 **   30 **FIX            0
 **********
 PARAMETER    0  IS UNDEFINED. IGNORED.
 **********
 **   31 **FIX            1
 **********
 **********
 **   32 **FIX            2
 **********
 PARAMETER    2  IS CONSTANT.   IGNORED.
 **********
 **   33 **FIX            3
 **********
 **********
 **   34 **FIX            4
 **********
 **********
 **   35 **FIX            8
 **********
 **********
 **   36 **FIX            9
 **********
 PARAMETER    9  IS CONSTANT.   IGNORED.
 **********
 **   37 **FIX           11
 **********
 PARAMETER   11  IS CONSTANT.   IGNORED.
 **********
 **   38 **FIX           12
 **********
 PARAMETER   12  IS CONSTANT.   IGNORED.
 **********
 **   39 **FIX           13
 **********
 PARAMETER   13  IS CONSTANT.   IGNORED.
 **********
 **   40 **FIX           15
 **********
 PARAMETER   15  IS CONSTANT.   IGNORED.
 **********
 **   41 **FIX           16
 **********
 PARAMETER   16  IS CONSTANT.   IGNORED.
 **********
 **   42 **MIGRAD
 **********
 START MIGRAD MINIMIZATION.  STRATEGY  1.  CONVERGENCE WHEN EDM .LT. 1.00e-04
 FCN=1183.2 FROM MIGRAD    STATUS=INITIATE       16 CALLS         552 TOTAL
                     EDM= unknown      STRATEGY= 1      NO ERROR MATRIX       
  EXT PARAMETER               CURRENT GUESS       STEP         FIRST   
  NO.   NAME      VALUE            ERROR          SIZE      DERIVATIVE 
   1  N0           3.43524e+06     fixed    
   2  tau          6.43981e+01   constant   
   3  A0           3.53840e-01     fixed    
   4  phi          4.11800e+00     fixed    
   5  R           -5.99112e+01   constant   
   6  A_CBO        1.34781e-03   3.62992e-04  -3.61944e-06  -1.70495e+00
   7  w_CBO        2.32751e+00   2.05171e-04  -6.60562e-07   5.99290e+00
   8  phi_CBO      4.86738e+00     fixed    
   9  ANx2         3.16301e-04   constant   
  10  pNx2         1.53957e+00   constant   
  11  ANy1         0.00000e+00   constant   
  12  pNy1         0.00000e+00   constant   
  13  w_y          0.00000e+00   constant   
  14  ANy2         1.02217e-02   1.00000e-04   1.00000e-04   1.58275e+05
  15  pNy2         1.44040e+00   constant   
  16  w_vw         1.43192e+01   constant   
  17  LM          -2.49463e-04   constant   
  18  wCBO_expCoeff   2.00062e+02   1.93482e-02  -6.03094e-05   5.79765e-02
  19  wCBO_expOffset   2.00017e+02   2.65650e-03  -8.29491e-06   1.44825e-03
  20  wCBO_expT    2.99794e+01   3.59719e-03   8.09467e-06   9.75159e-01
  21  wCBO_linCoeff   0.00000e+00   constant   
  22  wCBO_const   8.45600e-03   9.11746e-04  -2.95427e-06   2.38626e+00
 MIGRAD MINIMIZATION HAS CONVERGED.
 MIGRAD WILL VERIFY CONVERGENCE AND ERROR MATRIX.
 COVARIANCE MATRIX CALCULATED SUCCESSFULLY
 FCN=372.555 FROM MIGRAD    STATUS=CONVERGED     241 CALLS         777 TOTAL
                     EDM=5.73437e-07    STRATEGY= 1      ERROR MATRIX ACCURATE 
  EXT PARAMETER                                   STEP         FIRST   
  NO.   NAME      VALUE            ERROR          SIZE      DERIVATIVE 
   1  N0           3.43524e+06     fixed    
   2  tau          6.43981e+01   constant   
   3  A0           3.53840e-01     fixed    
   4  phi          4.11800e+00     fixed    
   5  R           -5.99112e+01   constant   
   6  A_CBO        1.89736e-04   3.65040e-04   3.35543e-06   1.33985e+00
   7  w_CBO        2.32725e+00   3.96955e-03   1.10972e-06   6.40362e+00
   8  phi_CBO      4.86738e+00     fixed    
   9  ANx2         3.16301e-04   constant   
  10  pNx2         1.53957e+00   constant   
  11  ANy1         0.00000e+00   constant   
  12  pNy1         0.00000e+00   constant   
  13  w_y          0.00000e+00   constant   
  14  ANy2        -5.04435e-06   3.58048e-04   3.36602e-06  -1.40417e+00
  15  pNy2         1.44040e+00   constant   
  16  w_vw         1.43192e+01   constant   
  17  LM          -2.49463e-04   constant   
  18  wCBO_expCoeff   2.00035e+02   3.51033e-01   9.53842e-05   7.12671e-02
  19  wCBO_expOffset   2.00013e+02   2.47367e-02   9.53735e-05   4.67873e-01
  20  wCBO_expT    2.99828e+01   5.32933e-03   1.42969e-05   1.24810e+00
  21  wCBO_linCoeff   0.00000e+00   constant   
  22  wCBO_const   8.77650e-03   2.09277e-03   5.60093e-06   6.43234e-01
 EXTERNAL ERROR MATRIX.    NDIM=  25    NPAR=  7    ERR DEF=1
  1.333e-07  3.731e-10  1.001e-08  2.366e-07 -5.163e-07  1.435e-07  6.302e-08 
  3.731e-10  1.576e-05  1.713e-09 -1.186e-03 -1.948e-05 -2.312e-06 -6.674e-06 
  1.001e-08  1.713e-09  1.282e-07  2.199e-07 -4.472e-08  2.503e-09  2.601e-09 
  2.366e-07 -1.186e-03  2.199e-07  1.232e-01 -2.478e-03 -2.847e-04  5.305e-04 
 -5.163e-07 -1.948e-05 -4.472e-08 -2.478e-03  6.119e-04  4.836e-06  7.947e-06 
  1.435e-07 -2.312e-06  2.503e-09 -2.847e-04  4.836e-06  2.840e-05 -1.763e-06 
  6.302e-08 -6.674e-06  2.601e-09  5.305e-04  7.947e-06 -1.763e-06  4.380e-06 
 PARAMETER  CORRELATION COEFFICIENTS  
       NO.  GLOBAL      6      7     14     18     19     20     22
        6  0.22652   1.000  0.000  0.077  0.002 -0.057  0.074  0.082
        7  0.99965   0.000  1.000  0.001 -0.851 -0.198 -0.109 -0.803
       14  0.08759   0.077  0.001  1.000  0.002 -0.005  0.001  0.003
       18  0.99962   0.002 -0.851  0.002  1.000 -0.285 -0.152  0.722
       19  0.99827  -0.057 -0.198 -0.005 -0.285  1.000  0.037  0.154
       20  0.99450   0.074 -0.109  0.001 -0.152  0.037  1.000 -0.158
       22  0.95896   0.082 -0.803  0.003  0.722  0.154 -0.158  1.000
MINUIT - FIT ONLY 2-CBO
 **********
 **   43 **RES 
 **********
                   PARAMETER    8  phi_CBO RESTORED TO VARIABLE.
                   PARAMETER    4  phi RESTORED TO VARIABLE.
                   PARAMETER    3  A0 RESTORED TO VARIABLE.
                   PARAMETER    1  N0 RESTORED TO VARIABLE.
 **********
 **   44 **FIX            0
 **********
 PARAMETER    0  IS UNDEFINED. IGNORED.
 **********
 **   45 **FIX            1
 **********
 **********
 **   46 **FIX            2
 **********
 PARAMETER    2  IS CONSTANT.   IGNORED.
 **********
 **   47 **FIX            3
 **********
 **********
 **   48 **FIX            4
 **********
 **********
 **   49 **FIX            5
 **********
 PARAMETER    5  IS CONSTANT.   IGNORED.
 **********
 **   50 **FIX            6
 **********
 **********
 **   51 **FIX            7
 **********
 **********
 **   52 **FIX           10
 **********
 PARAMETER   10  IS CONSTANT.   IGNORED.
 **********
 **   53 **FIX           11
 **********
 PARAMETER   11  IS CONSTANT.   IGNORED.
 **********
 **   54 **FIX           12
 **********
 PARAMETER   12  IS CONSTANT.   IGNORED.
 **********
 **   55 **FIX           13
 **********
 PARAMETER   13  IS CONSTANT.   IGNORED.
 **********
 **   56 **FIX           14
 **********
 **********
 **   57 **FIX           15
 **********
 PARAMETER   15  IS CONSTANT.   IGNORED.
 **********
 **   58 **FIX           16
 **********
 PARAMETER   16  IS CONSTANT.   IGNORED.
 **********
 **   59 **MIGRAD
 **********
 START MIGRAD MINIMIZATION.  STRATEGY  1.  CONVERGENCE WHEN EDM .LT. 1.00e-04
 FCN=372.555 FROM MIGRAD    STATUS=INITIATE       12 CALLS         789 TOTAL
                     EDM= unknown      STRATEGY= 1      NO ERROR MATRIX       
  EXT PARAMETER               CURRENT GUESS       STEP         FIRST   
  NO.   NAME      VALUE            ERROR          SIZE      DERIVATIVE 
   1  N0           3.43524e+06     fixed    
   2  tau          6.43981e+01   constant   
   3  A0           3.53840e-01     fixed    
   4  phi          4.11800e+00     fixed    
   5  R           -5.99112e+01   constant   
   6  A_CBO        1.89736e-04     fixed    
   7  w_CBO        2.32725e+00     fixed    
   8  phi_CBO      4.86738e+00   4.44130e-01   4.44130e-01   2.91511e-01
   9  ANx2         3.16301e-04   constant   
  10  pNx2         1.53957e+00   constant   
  11  ANy1         0.00000e+00   constant   
  12  pNy1         0.00000e+00   constant   
  13  w_y          0.00000e+00   constant   
  14  ANy2        -5.04435e-06     fixed    
  15  pNy2         1.44040e+00   constant   
  16  w_vw         1.43192e+01   constant   
  17  LM          -2.49463e-04   constant   
  18  wCBO_expCoeff   2.00035e+02   3.51033e-01   9.53842e-05   7.11882e-02
  19  wCBO_expOffset   2.00013e+02   2.47367e-02   9.53735e-05   4.44609e-01
  20  wCBO_expT    2.99828e+01   5.32933e-03   1.42969e-05   1.22913e+00
  21  wCBO_linCoeff   0.00000e+00   constant   
  22  wCBO_const   8.77650e-03   2.09277e-03   5.60093e-06   6.39255e-01
 MIGRAD MINIMIZATION HAS CONVERGED.
 MIGRAD WILL VERIFY CONVERGENCE AND ERROR MATRIX.
 COVARIANCE MATRIX CALCULATED SUCCESSFULLY
 FCN=372.476 FROM MIGRAD    STATUS=CONVERGED     121 CALLS         898 TOTAL
                     EDM=1.18274e-08    STRATEGY= 1      ERROR MATRIX ACCURATE 
  EXT PARAMETER                                   STEP         FIRST   
  NO.   NAME      VALUE            ERROR          SIZE      DERIVATIVE 
   1  N0           3.43524e+06     fixed    
   2  tau          6.43981e+01   constant   
   3  A0           3.53840e-01     fixed    
   4  phi          4.11800e+00     fixed    
   5  R           -5.99112e+01   constant   
   6  A_CBO        1.89736e-04     fixed    
   7  w_CBO        2.32725e+00     fixed    
   8  phi_CBO      4.34346e+00   1.84020e+00   1.64867e-02   2.93687e-05
   9  ANx2         3.16301e-04   constant   
  10  pNx2         1.53957e+00   constant   
  11  ANy1         0.00000e+00   constant   
  12  pNy1         0.00000e+00   constant   
  13  w_y          0.00000e+00   constant   
  14  ANy2        -5.04435e-06     fixed    
  15  pNy2         1.44040e+00   constant   
  16  w_vw         1.43192e+01   constant   
  17  LM          -2.49463e-04   constant   
  18  wCBO_expCoeff   2.00032e+02   4.17877e-01   9.53829e-05  -1.17378e-02
  19  wCBO_expOffset   2.00012e+02   5.80086e-02   9.53733e-05  -7.82731e-02
  20  wCBO_expT    2.99832e+01   5.80593e-03   1.42971e-05  -1.83061e-01
  21  wCBO_linCoeff   0.00000e+00   constant   
  22  wCBO_const   8.70682e-03   1.26119e-03   5.57486e-06  -1.25944e-01
 EXTERNAL ERROR MATRIX.    NDIM=  25    NPAR=  5    ERR DEF=1
  3.386e+00  8.607e-02 -8.554e-03 -1.823e-03  4.777e-04 
  8.607e-02  1.746e-01 -2.365e-02 -1.024e-03  6.943e-05 
 -8.554e-03 -2.365e-02  3.365e-03  7.308e-05 -4.709e-06 
 -1.823e-03 -1.024e-03  7.308e-05  3.371e-05 -3.446e-06 
  4.777e-04  6.943e-05 -4.709e-06 -3.446e-06  1.591e-06 
 PARAMETER  CORRELATION COEFFICIENTS  
       NO.  GLOBAL      8     18     19     20     22
        8  0.31306   1.000  0.112 -0.080 -0.171  0.206
       18  0.99973   0.112  1.000 -0.976 -0.422  0.132
       19  0.99968  -0.080 -0.976  1.000  0.217 -0.064
       20  0.99534  -0.171 -0.422  0.217  1.000 -0.471
       22  0.88351   0.206  0.132 -0.064 -0.471  1.000
MINUIT - FIT ONLY 1-y
 **********
 **   60 **RES 
 **********
                   PARAMETER   14  ANy2 RESTORED TO VARIABLE.
                   PARAMETER    7  w_CBO RESTORED TO VARIABLE.
                   PARAMETER    6  A_CBO RESTORED TO VARIABLE.
                   PARAMETER    4  phi RESTORED TO VARIABLE.
                   PARAMETER    3  A0 RESTORED TO VARIABLE.
                   PARAMETER    1  N0 RESTORED TO VARIABLE.
 **********
 **   61 **FIX            0
 **********
 PARAMETER    0  IS UNDEFINED. IGNORED.
 **********
 **   62 **FIX            1
 **********
 **********
 **   63 **FIX            2
 **********
 PARAMETER    2  IS CONSTANT.   IGNORED.
 **********
 **   64 **FIX            3
 **********
 **********
 **   65 **FIX            4
 **********
 **********
 **   66 **FIX            5
 **********
 PARAMETER    5  IS CONSTANT.   IGNORED.
 **********
 **   67 **FIX            6
 **********
 **********
 **   68 **FIX            7
 **********
 **********
 **   69 **FIX            8
 **********
 **********
 **   70 **FIX            9
 **********
 PARAMETER    9  IS CONSTANT.   IGNORED.
 **********
 **   71 **FIX           13
 **********
 PARAMETER   13  IS CONSTANT.   IGNORED.
 **********
 **   72 **FIX           14
 **********
 **********
 **   73 **FIX           15
 **********
 PARAMETER   15  IS CONSTANT.   IGNORED.
 **********
 **   74 **FIX           16
 **********
 PARAMETER   16  IS CONSTANT.   IGNORED.
 **********
 **   75 **MIGRAD
 **********
 START MIGRAD MINIMIZATION.  STRATEGY  1.  CONVERGENCE WHEN EDM .LT. 1.00e-04
 FCN=372.476 FROM MIGRAD    STATUS=INITIATE        8 CALLS         906 TOTAL
                     EDM= unknown      STRATEGY= 1      NO ERROR MATRIX       
  EXT PARAMETER               CURRENT GUESS       STEP         FIRST   
  NO.   NAME      VALUE            ERROR          SIZE      DERIVATIVE 
   1  N0           3.43524e+06     fixed    
   2  tau          6.43981e+01   constant   
   3  A0           3.53840e-01     fixed    
   4  phi          4.11800e+00     fixed    
   5  R           -5.99112e+01   constant   
   6  A_CBO        1.89736e-04     fixed    
   7  w_CBO        2.32725e+00     fixed    
   8  phi_CBO      4.34346e+00     fixed    
   9  ANx2         3.16301e-04   constant   
  10  pNx2         1.53957e+00   constant   
  11  ANy1         0.00000e+00   constant   
  12  pNy1         0.00000e+00   constant   
  13  w_y          0.00000e+00   constant   
  14  ANy2        -5.04435e-06     fixed    
  15  pNy2         1.44040e+00   constant   
  16  w_vw         1.43192e+01   constant   
  17  LM          -2.49463e-04   constant   
  18  wCBO_expCoeff   2.00032e+02   4.17877e-01   9.53829e-05  -1.17180e-02
  19  wCBO_expOffset   2.00012e+02   5.80086e-02   9.53733e-05  -7.02877e-02
  20  wCBO_expT    2.99832e+01   5.80593e-03   1.42971e-05  -1.95410e-01
  21  wCBO_linCoeff   0.00000e+00   constant   
  22  wCBO_const   8.70682e-03   1.26119e-03   5.57486e-06  -1.27809e-01
 MIGRAD MINIMIZATION HAS CONVERGED.
 MIGRAD WILL VERIFY CONVERGENCE AND ERROR MATRIX.
 COVARIANCE MATRIX CALCULATED SUCCESSFULLY
 FCN=372.476 FROM MIGRAD    STATUS=CONVERGED      47 CALLS         945 TOTAL
                     EDM=6.13001e-09    STRATEGY= 1      ERROR MATRIX ACCURATE 
  EXT PARAMETER                                   STEP         FIRST   
  NO.   NAME      VALUE            ERROR          SIZE      DERIVATIVE 
   1  N0           3.43524e+06     fixed    
   2  tau          6.43981e+01   constant   
   3  A0           3.53840e-01     fixed    
   4  phi          4.11800e+00     fixed    
   5  R           -5.99112e+01   constant   
   6  A_CBO        1.89736e-04     fixed    
   7  w_CBO        2.32725e+00     fixed    
   8  phi_CBO      4.34346e+00     fixed    
   9  ANx2         3.16301e-04   constant   
  10  pNx2         1.53957e+00   constant   
  11  ANy1         0.00000e+00   constant   
  12  pNy1         0.00000e+00   constant   
  13  w_y          0.00000e+00   constant   
  14  ANy2        -5.04435e-06     fixed    
  15  pNy2         1.44040e+00   constant   
  16  w_vw         1.43192e+01   constant   
  17  LM          -2.49463e-04   constant   
  18  wCBO_expCoeff   2.00032e+02   4.14136e-01   9.53829e-05  -9.66255e-04
  19  wCBO_expOffset   2.00012e+02   5.76622e-02   9.53733e-05  -6.41080e-03
  20  wCBO_expT    2.99832e+01   5.71944e-03   1.42971e-05   4.82120e-03
  21  wCBO_linCoeff   0.00000e+00   constant   
  22  wCBO_const   8.70682e-03   1.23416e-03   5.57458e-06   3.53103e-02
 EXTERNAL ERROR MATRIX.    NDIM=  25    NPAR=  4    ERR DEF=1
  1.715e-01 -2.330e-02 -9.747e-04  5.711e-05 
 -2.330e-02  3.325e-03  6.803e-05 -3.479e-06 
 -9.747e-04  6.803e-05  3.271e-05 -3.188e-06 
  5.711e-05 -3.479e-06 -3.188e-06  1.523e-06 
 PARAMETER  CORRELATION COEFFICIENTS  
       NO.  GLOBAL     18     19     20     22
       18  0.99972   1.000 -0.976 -0.412  0.112
       19  0.99968  -0.976  1.000  0.206 -0.049
       20  0.99519  -0.412  0.206  1.000 -0.452
       22  0.87799   0.112 -0.049 -0.452  1.000
MINUIT - FIT ONLY 2-y
 **********
 **   76 **RES 
 **********
                   PARAMETER   14  ANy2 RESTORED TO VARIABLE.
                   PARAMETER    8  phi_CBO RESTORED TO VARIABLE.
                   PARAMETER    7  w_CBO RESTORED TO VARIABLE.
                   PARAMETER    6  A_CBO RESTORED TO VARIABLE.
                   PARAMETER    4  phi RESTORED TO VARIABLE.
                   PARAMETER    3  A0 RESTORED TO VARIABLE.
                   PARAMETER    1  N0 RESTORED TO VARIABLE.
 **********
 **   77 **FIX            0
 **********
 PARAMETER    0  IS UNDEFINED. IGNORED.
 **********
 **   78 **FIX            1
 **********
 **********
 **   79 **FIX            2
 **********
 PARAMETER    2  IS CONSTANT.   IGNORED.
 **********
 **   80 **FIX            3
 **********
 **********
 **   81 **FIX            4
 **********
 **********
 **   82 **FIX            5
 **********
 PARAMETER    5  IS CONSTANT.   IGNORED.
 **********
 **   83 **FIX            6
 **********
 **********
 **   84 **FIX            7
 **********
 **********
 **   85 **FIX            8
 **********
 **********
 **   86 **FIX            9
 **********
 PARAMETER    9  IS CONSTANT.   IGNORED.
 **********
 **   87 **FIX           10
 **********
 PARAMETER   10  IS CONSTANT.   IGNORED.
 **********
 **   88 **FIX           11
 **********
 PARAMETER   11  IS CONSTANT.   IGNORED.
 **********
 **   89 **FIX           12
 **********
 PARAMETER   12  IS CONSTANT.   IGNORED.
 **********
 **   90 **FIX           16
 **********
 PARAMETER   16  IS CONSTANT.   IGNORED.
 **********
 **   91 **MIGRAD
 **********
 START MIGRAD MINIMIZATION.  STRATEGY  1.  CONVERGENCE WHEN EDM .LT. 1.00e-04
 FCN=372.476 FROM MIGRAD    STATUS=INITIATE       10 CALLS         955 TOTAL
                     EDM= unknown      STRATEGY= 1      NO ERROR MATRIX       
  EXT PARAMETER               CURRENT GUESS       STEP         FIRST   
  NO.   NAME      VALUE            ERROR          SIZE      DERIVATIVE 
   1  N0           3.43524e+06     fixed    
   2  tau          6.43981e+01   constant   
   3  A0           3.53840e-01     fixed    
   4  phi          4.11800e+00     fixed    
   5  R           -5.99112e+01   constant   
   6  A_CBO        1.89736e-04     fixed    
   7  w_CBO        2.32725e+00     fixed    
   8  phi_CBO      4.34346e+00     fixed    
   9  ANx2         3.16301e-04   constant   
  10  pNx2         1.53957e+00   constant   
  11  ANy1         0.00000e+00   constant   
  12  pNy1         0.00000e+00   constant   
  13  w_y          0.00000e+00   constant   
  14  ANy2        -5.04435e-06   3.58048e-04   3.58048e-04   2.35529e+01
  15  pNy2         1.44040e+00   constant   
  16  w_vw         1.43192e+01   constant   
  17  LM          -2.49463e-04   constant   
  18  wCBO_expCoeff   2.00032e+02   4.14136e-01   9.53829e-05  -9.46515e-04
  19  wCBO_expOffset   2.00012e+02   5.76622e-02   9.53733e-05   1.52949e-03
  20  wCBO_expT    2.99832e+01   5.71944e-03   1.42971e-05  -7.53963e-03
  21  wCBO_linCoeff   0.00000e+00   constant   
  22  wCBO_const   8.70682e-03   1.23416e-03   5.57458e-06   3.50047e-02
 MIGRAD MINIMIZATION HAS CONVERGED.
 MIGRAD WILL VERIFY CONVERGENCE AND ERROR MATRIX.
 COVARIANCE MATRIX CALCULATED SUCCESSFULLY
 FCN=372.476 FROM MIGRAD    STATUS=CONVERGED      52 CALLS         997 TOTAL
                     EDM=4.94058e-08    STRATEGY= 1      ERROR MATRIX ACCURATE 
  EXT PARAMETER                                   STEP         FIRST   
  NO.   NAME      VALUE            ERROR          SIZE      DERIVATIVE 
   1  N0           3.43524e+06     fixed    
   2  tau          6.43981e+01   constant   
   3  A0           3.53840e-01     fixed    
   4  phi          4.11800e+00     fixed    
   5  R           -5.99112e+01   constant   
   6  A_CBO        1.89736e-04     fixed    
   7  w_CBO        2.32725e+00     fixed    
   8  phi_CBO      4.34346e+00     fixed    
   9  ANx2         3.16301e-04   constant   
  10  pNx2         1.53957e+00   constant   
  11  ANy1         0.00000e+00   constant   
  12  pNy1         0.00000e+00   constant   
  13  w_y          0.00000e+00   constant   
  14  ANy2        -6.54249e-06   3.56961e-04   3.36566e-06   2.73690e-04
  15  pNy2         1.44040e+00   constant   
  16  w_vw         1.43192e+01   constant   
  17  LM          -2.49463e-04   constant   
  18  wCBO_expCoeff   2.00032e+02   4.11612e-01   9.53829e-05   2.94795e-02
  19  wCBO_expOffset   2.00012e+02   5.72969e-02   9.53733e-05   1.98596e-01
  20  wCBO_expT    2.99832e+01   5.71689e-03   1.42971e-05   5.04143e-01
  21  wCBO_linCoeff   0.00000e+00   constant   
  22  wCBO_const   8.70682e-03   1.23411e-03   5.57457e-06   3.56291e-01
 EXTERNAL ERROR MATRIX.    NDIM=  25    NPAR=  5    ERR DEF=1
  1.274e-07  1.683e-06 -1.670e-07 -2.354e-08 -2.639e-09 
  1.683e-06  1.694e-01 -2.300e-02 -9.678e-04  5.666e-05 
 -1.670e-07 -2.300e-02  3.283e-03  6.706e-05 -3.421e-06 
 -2.354e-08 -9.678e-04  6.706e-05  3.268e-05 -3.185e-06 
 -2.639e-09  5.666e-05 -3.421e-06 -3.185e-06  1.523e-06 
 PARAMETER  CORRELATION COEFFICIENTS  
       NO.  GLOBAL     14     18     19     20     22
       14  0.04021   1.000  0.011 -0.008 -0.012 -0.006
       18  0.99972   0.011  1.000 -0.975 -0.411  0.112
       19  0.99967  -0.008 -0.975  1.000  0.205 -0.048
       20  0.99519  -0.012 -0.411  0.205  1.000 -0.451
       22  0.87797  -0.006  0.112 -0.048 -0.451  1.000
MINUIT - FIT ALTOGETHER
 **********
 **   92 **RES 
 **********
                   PARAMETER    8  phi_CBO RESTORED TO VARIABLE.
                   PARAMETER    7  w_CBO RESTORED TO VARIABLE.
                   PARAMETER    6  A_CBO RESTORED TO VARIABLE.
                   PARAMETER    4  phi RESTORED TO VARIABLE.
                   PARAMETER    3  A0 RESTORED TO VARIABLE.
                   PARAMETER    1  N0 RESTORED TO VARIABLE.
 **********
 **   93 **MIGRAD
 **********
 START MIGRAD MINIMIZATION.  STRATEGY  1.  CONVERGENCE WHEN EDM .LT. 1.00e-04
 FCN=372.476 FROM MIGRAD    STATUS=INITIATE       22 CALLS        1019 TOTAL
                     EDM= unknown      STRATEGY= 1      NO ERROR MATRIX       
  EXT PARAMETER               CURRENT GUESS       STEP         FIRST   
  NO.   NAME      VALUE            ERROR          SIZE      DERIVATIVE 
   1  N0           3.43524e+06   8.67354e+02   8.67354e+02  -2.01698e-03
   2  tau          6.43981e+01   constant   
   3  A0           3.53840e-01   3.34890e-04   3.34890e-04  -8.29706e+02
   4  phi          4.11800e+00   9.94211e-04   9.94211e-04  -1.64790e+02
   5  R           -5.99112e+01   constant   
   6  A_CBO        1.89736e-04   3.65040e-04   3.65040e-04  -4.47429e+02
   7  w_CBO        2.32725e+00   3.96955e-03   3.96955e-03   2.68834e+00
   8  phi_CBO      4.34346e+00   1.84020e+00   1.84020e+00   1.26800e-04
   9  ANx2         3.16301e-04   constant   
  10  pNx2         1.53957e+00   constant   
  11  ANy1         0.00000e+00   constant   
  12  pNy1         0.00000e+00   constant   
  13  w_y          0.00000e+00   constant   
  14  ANy2        -6.54249e-06   3.56961e-04   3.36566e-06   2.73234e-04
  15  pNy2         1.44040e+00   constant   
  16  w_vw         1.43192e+01   constant   
  17  LM          -2.49463e-04   constant   
  18  wCBO_expCoeff   2.00032e+02   4.11612e-01   9.53829e-05   2.94990e-02
  19  wCBO_expOffset   2.00012e+02   5.72969e-02   9.53733e-05   2.04544e-01
  20  wCBO_expT    2.99832e+01   5.71689e-03   1.42971e-05   4.94745e-01
  21  wCBO_linCoeff   0.00000e+00   constant   
  22  wCBO_const   8.70682e-03   1.23411e-03   5.57457e-06   3.54421e-01
 MIGRAD MINIMIZATION HAS CONVERGED.
 MIGRAD WILL VERIFY CONVERGENCE AND ERROR MATRIX.
 FCN=371.676 FROM HESSE     STATUS=NOT POSDEF    100 CALLS        1214 TOTAL
                     EDM=0.000339944    STRATEGY= 1      ERR MATRIX NOT POS-DEF
  EXT PARAMETER                APPROXIMATE        STEP         FIRST   
  NO.   NAME      VALUE            ERROR          SIZE      DERIVATIVE 
   1  N0           3.43600e+06   8.65183e+02   8.07294e+00  -1.06549e-07
   2  tau          6.43981e+01   constant   
   3  A0           3.53898e-01   3.34487e-04   3.15584e-06   2.07415e+00
