 + ++++++++++++++++++++++++++++++++++++++++++++++++++++++++++++++++++++ +
 +                                                                      +
 +           You have chose to blind your fitting according to          +
 +                omega_ref * (1 + (R +/- deltaR) *10^{-6})             +
 +                                                                      +
 + ++++++++++++++++++++++++++++++++++++++++++++++++++++++++++++++++++++ +
In main()...
reading format from /gm2data/zkhechad/run45/envelope/formats/formatB_sBin_constraintOn.txt
pBinTau 	= 0  
pBinPhi 	= 0  
constraintau 	= 1 
includeMopTerm 	= 0    
constrainMop    = 0   
Parameters after format file: pBinTau 0 pBinPhi 0 constraintau 1 includeMopTerm 0 constrainMop 0 c_e_scale 0.000000 
reading cbo reference file (full fit) from /gm2data/zkhechad/cboTemplates/Run4CBOTemplates/fullFits/run4/sBin_constraintOn_cE0.0_seed0_run4_calo5.root
A_CBO 0.008637 w_CBO 2.327270 phi_CBO 4.582201 N0 2703588.677157 R -62.169895 tau 64.408322 
Reading cboRef file /gm2data/zkhechad/cboTemplates/Run4CBOTemplates//cboIsolate/run4_calo5.root
deltaT 164.120000
windowBins = 1100
fitting sliding window 2040 from bin 2243 at 334.655600 to bin 3343 at 498.775600 (1100 bins)

Reading data from /gm2data/cornell/histograms/aMethod/histogram_a_run4.root
fitting cbo isolate
 **********
 **    1 **SET PRINTOUT            1
 **********
 **********
 **    2 **SET NOWARNINGS 
 **********
 PARAMETER DEFINITIONS:
    NO.   NAME         VALUE      STEP SIZE      LIMITS
     1 A_CBO        8.63683e-03  1.00000e-05     no limits
     2 w_CBO        2.32727e+00  1.00000e-02    2.00000e+00  3.00000e+00
     3 phi_CBO      4.58220e+00  1.00000e-02    0.00000e+00  6.28319e+00
 **********
 **    3 **MIGRAD
 **********
 FIRST CALL TO USER FUNCTION AT NEW START POINT, WITH IFLAG=4.
 START MIGRAD MINIMIZATION.  STRATEGY  1.  CONVERGENCE WHEN EDM .LT. 1.00e-04
 FCN=0.148761 FROM MIGRAD    STATUS=INITIATE       12 CALLS          13 TOTAL
                     EDM= unknown      STRATEGY= 1      NO ERROR MATRIX       
  EXT PARAMETER               CURRENT GUESS       STEP         FIRST   
  NO.   NAME      VALUE            ERROR          SIZE      DERIVATIVE 
   1  A_CBO        8.63683e-03   1.00000e-05   1.00000e-05   7.40528e+00
   2  w_CBO        2.32727e+00   1.00000e-02   2.13144e-02  -4.79581e-01
   3  phi_CBO      4.58220e+00   1.00000e-02   3.58191e-03   6.31620e-03
 MIGRAD MINIMIZATION HAS CONVERGED.
 MIGRAD WILL VERIFY CONVERGENCE AND ERROR MATRIX.
 COVARIANCE MATRIX CALCULATED SUCCESSFULLY
 FCN=0.123772 FROM MIGRAD    STATUS=CONVERGED      49 CALLS          50 TOTAL
                     EDM=2.42515e-05    STRATEGY= 1      ERROR MATRIX ACCURATE 
  EXT PARAMETER                                   STEP         FIRST   
  NO.   NAME      VALUE            ERROR          SIZE      DERIVATIVE 
   1  A_CBO        1.89298e-03   4.26566e-02   2.20706e-05  -2.43067e-02
   2  w_CBO        2.32745e+00   3.73703e-01   5.88380e-05  -3.23624e-03
   3  phi_CBO      4.52086e+00   5.19806e+00   4.02822e-03  -6.11671e-05
 EXTERNAL ERROR MATRIX.    NDIM=  25    NPAR=  3    ERR DEF=1
  1.820e-03 -3.071e-04 -1.263e-01 
 -3.071e-04  1.869e-01  7.791e+01 
 -1.263e-01  7.791e+01  3.298e+04 
 PARAMETER  CORRELATION COEFFICIENTS  
       NO.  GLOBAL      1      2      3
        1  0.01675   1.000 -0.017 -0.016
        2  0.99239  -0.017  1.000  0.992
        3  0.99239  -0.016  0.992  1.000
setting A_CBO=0.001893 w_CBO=2.327448, phi_CBO=4.520857
done fitting cbo isolate
 **********
 **    1 **SET PRINTOUT            1
 **********
 **********
 **    2 **SET NOWARNINGS 
 **********
 PARAMETER DEFINITIONS:
    NO.   NAME         VALUE      STEP SIZE      LIMITS
     1 N0           2.70359e+06  1.00000e+02     no limits
     2 tau          6.44083e+01  constant
     3 A0           3.58550e-01  1.00000e-04     no limits
     4 phi          4.11640e+00  1.00000e-02     no limits
     5 R           -6.21699e+01  constant
     6 A_CBO        1.89298e-03  1.00000e-05     no limits
     7 w_CBO        2.32745e+00  1.00000e-03     no limits
     8 phi_CBO      4.52086e+00  1.00000e-04     no limits
     9 ANx2         2.34902e-04  constant
    10 pNx2         5.38708e+00  constant
    11 ANy1         0.00000e+00  constant
    12 pNy1         0.00000e+00  constant
    13 w_y          0.00000e+00  constant
    14 ANy2         8.91556e-03  1.00000e-04     no limits
    15 pNy2         6.21709e+00  constant
    16 w_vw         1.43264e+01  constant
    17 LM           1.88334e-04  constant
    18 wCBO_expCoeff   2.00000e+02  1.00000e+00     no limits
    19 wCBO_expOffset   2.00000e+02  1.00000e+00     no limits
    20 wCBO_expT    3.00000e+01  1.00000e+00     no limits
    21 wCBO_linCoeff   0.00000e+00  constant
    22 wCBO_const   0.00000e+00  1.00000e-02     no limits
MINUIT - FIT ONLY WIGGLE
 **********
 **    3 **FIX            5
 **********
 PARAMETER    5  IS CONSTANT.   IGNORED.
 **********
 **    4 **FIX            6
 **********
 **********
 **    5 **FIX            7
 **********
 **********
 **    6 **FIX            8
 **********
 **********
 **    7 **FIX            9
 **********
 PARAMETER    9  IS CONSTANT.   IGNORED.
 **********
 **    8 **FIX           10
 **********
 PARAMETER   10  IS CONSTANT.   IGNORED.
 **********
 **    9 **FIX           11
 **********
 PARAMETER   11  IS CONSTANT.   IGNORED.
 **********
 **   10 **FIX           12
 **********
 PARAMETER   12  IS CONSTANT.   IGNORED.
 **********
 **   11 **FIX           13
 **********
 PARAMETER   13  IS CONSTANT.   IGNORED.
 **********
 **   12 **FIX           14
 **********
 **********
 **   13 **FIX           15
 **********
 PARAMETER   15  IS CONSTANT.   IGNORED.
 **********
 **   14 **FIX           16
 **********
 PARAMETER   16  IS CONSTANT.   IGNORED.
 **********
 **   15 **MIGRAD
 **********
 FIRST CALL TO USER FUNCTION AT NEW START POINT, WITH IFLAG=4.
 START MIGRAD MINIMIZATION.  STRATEGY  1.  CONVERGENCE WHEN EDM .LT. 1.00e-04
 FCN=475.669 FROM MIGRAD    STATUS=INITIATE       52 CALLS          53 TOTAL
                     EDM= unknown      STRATEGY= 1      NO ERROR MATRIX       
  EXT PARAMETER               CURRENT GUESS       STEP         FIRST   
  NO.   NAME      VALUE            ERROR          SIZE      DERIVATIVE 
   1  N0           2.70359e+06   1.00000e+02   0.00000e+00   2.00626e-04
   2  tau          6.44083e+01   constant   
   3  A0           3.58550e-01   1.00000e-04   0.00000e+00   9.31040e+01
   4  phi          4.11640e+00   1.00000e-02   0.00000e+00   4.99797e+02
   5  R           -6.21699e+01   constant   
   6  A_CBO        1.89298e-03     fixed    
   7  w_CBO        2.32745e+00     fixed    
   8  phi_CBO      4.52086e+00     fixed    
   9  ANx2         2.34902e-04   constant   
  10  pNx2         5.38708e+00   constant   
  11  ANy1         0.00000e+00   constant   
  12  pNy1         0.00000e+00   constant   
  13  w_y          0.00000e+00   constant   
  14  ANy2         8.91556e-03     fixed    
  15  pNy2         6.21709e+00   constant   
  16  w_vw         1.43264e+01   constant   
  17  LM           1.88334e-04   constant   
  18  wCBO_expCoeff   2.00434e+02   1.00000e+00   4.34096e-01  -1.50021e+00
  19  wCBO_expOffset   2.00000e+02   1.00000e+00   0.00000e+00  -1.00231e+01
  20  wCBO_expT    3.00000e+01   1.00000e+00   0.00000e+00  -2.36474e+01
  21  wCBO_linCoeff   0.00000e+00   constant   
  22  wCBO_const   0.00000e+00   1.00000e-02   0.00000e+00  -1.44167e+03
 MIGRAD MINIMIZATION HAS CONVERGED.
 FCN=473.03 FROM MIGRAD    STATUS=CONVERGED     240 CALLS         241 TOTAL
                     EDM=1.93249e-06    STRATEGY= 1  ERROR MATRIX UNCERTAINTY   1.7 per cent
  EXT PARAMETER                                   STEP         FIRST   
  NO.   NAME      VALUE            ERROR          SIZE      DERIVATIVE 
   1  N0           2.70354e+06   1.26759e+03  -5.07262e+00  -8.93470e-07
   2  tau          6.44083e+01   constant   
   3  A0           3.58509e-01   6.55513e-04   2.57039e-06   1.93722e+00
   4  phi          4.11570e+00   1.84513e-03  -1.24793e-06  -9.50367e-02
   5  R           -6.21699e+01   constant   
   6  A_CBO        1.89298e-03     fixed    
   7  w_CBO        2.32745e+00     fixed    
   8  phi_CBO      4.52086e+00     fixed    
   9  ANx2         2.34902e-04   constant   
  10  pNx2         5.38708e+00   constant   
  11  ANy1         0.00000e+00   constant   
  12  pNy1         0.00000e+00   constant   
  13  w_y          0.00000e+00   constant   
  14  ANy2         8.91556e-03     fixed    
  15  pNy2         6.21709e+00   constant   
  16  w_vw         1.43264e+01   constant   
  17  LM           1.88334e-04   constant   
  18  wCBO_expCoeff   2.01915e+02   1.71894e+00   7.28510e-03   1.04378e-02
  19  wCBO_expOffset   2.00222e+02   2.57374e-01   1.09062e-03   7.04968e-02
  20  wCBO_expT    2.98973e+01   1.19371e-01  -5.14115e-04   3.34194e-01
  21  wCBO_linCoeff   0.00000e+00   constant   
  22  wCBO_const   2.53150e-03   3.07903e-03   1.32716e-05   5.53218e-01
 EXTERNAL ERROR MATRIX.    NDIM=  25    NPAR=  7    ERR DEF=1
  1.607e+06  9.051e-03 -5.944e-02 -2.155e+02 -3.226e+01  1.549e+01 -4.455e-01 
  9.051e-03  4.297e-07  2.118e-08  2.941e-04  4.403e-05 -2.063e-05  5.636e-07 
 -5.944e-02  2.118e-08  3.404e-06  1.936e-04  2.899e-05 -1.360e-05  2.720e-07 
 -2.155e+02  2.941e-04  1.936e-04  2.955e+00  4.409e-01 -2.048e-01  4.843e-03 
 -3.226e+01  4.403e-05  2.899e-05  4.409e-01  6.624e-02 -3.066e-02  7.251e-04 
  1.549e+01 -2.063e-05 -1.360e-05 -2.048e-01 -3.066e-02  1.425e-02 -3.424e-04 
 -4.455e-01  5.636e-07  2.720e-07  4.843e-03  7.251e-04 -3.424e-04  9.480e-06 
 PARAMETER  CORRELATION COEFFICIENTS  
       NO.  GLOBAL      1      3      4     18     19     20     22
        1  0.13029   1.000  0.011 -0.025 -0.099 -0.099  0.102 -0.114
        3  0.28738   0.011  1.000  0.018  0.261  0.261 -0.264  0.279
        4  0.08991  -0.025  0.018  1.000  0.061  0.061 -0.062  0.048
       18  0.99886  -0.099  0.261  0.061  1.000  0.997 -0.998  0.915
       19  0.99886  -0.099  0.261  0.061  0.997  1.000 -0.998  0.915
       20  0.99965   0.102 -0.264 -0.062 -0.998 -0.998  1.000 -0.932
       22  0.97719  -0.114  0.279  0.048  0.915  0.915 -0.932  1.000
MINUIT - FIT ONLY 1-CBO + other amplitudes 
 **********
 **   16 **RES 
 **********
                   PARAMETER   14  ANy2 RESTORED TO VARIABLE.
                   PARAMETER    8  phi_CBO RESTORED TO VARIABLE.
                   PARAMETER    7  w_CBO RESTORED TO VARIABLE.
                   PARAMETER    6  A_CBO RESTORED TO VARIABLE.
 **********
 **   17 **FIX            0
 **********
 PARAMETER    0  IS UNDEFINED. IGNORED.
 **********
 **   18 **FIX            1
 **********
 **********
 **   19 **FIX            2
 **********
 PARAMETER    2  IS CONSTANT.   IGNORED.
 **********
 **   20 **FIX            3
 **********
 **********
 **   21 **FIX            4
 **********
 **********
 **   22 **FIX            9
 **********
 PARAMETER    9  IS CONSTANT.   IGNORED.
 **********
 **   23 **FIX           11
 **********
 PARAMETER   11  IS CONSTANT.   IGNORED.
 **********
 **   24 **FIX           12
 **********
 PARAMETER   12  IS CONSTANT.   IGNORED.
 **********
 **   25 **FIX           14
 **********
 **********
 **   26 **FIX           15
 **********
 PARAMETER   15  IS CONSTANT.   IGNORED.
 **********
 **   27 **FIX           16
 **********
 PARAMETER   16  IS CONSTANT.   IGNORED.
 **********
 **   28 **MIGRAD
 **********
 START MIGRAD MINIMIZATION.  STRATEGY  1.  CONVERGENCE WHEN EDM .LT. 1.00e-04
 FCN=473.03 FROM MIGRAD    STATUS=INITIATE       20 CALLS         261 TOTAL
                     EDM= unknown      STRATEGY= 1      NO ERROR MATRIX       
  EXT PARAMETER               CURRENT GUESS       STEP         FIRST   
  NO.   NAME      VALUE            ERROR          SIZE      DERIVATIVE 
   1  N0           2.70354e+06     fixed    
   2  tau          6.44083e+01   constant   
   3  A0           3.58509e-01     fixed    
   4  phi          4.11570e+00     fixed    
   5  R           -6.21699e+01   constant   
   6  A_CBO        1.89298e-03   1.00000e-05   1.00000e-05   5.67208e+03
   7  w_CBO        2.32745e+00   1.00000e-03   1.00000e-03   1.14543e+00
   8  phi_CBO      4.52086e+00   1.00000e-04   1.00000e-04  -1.71959e+00
   9  ANx2         2.34902e-04   constant   
  10  pNx2         5.38708e+00   constant   
  11  ANy1         0.00000e+00   constant   
  12  pNy1         0.00000e+00   constant   
  13  w_y          0.00000e+00   constant   
  14  ANy2         8.91556e-03     fixed    
  15  pNy2         6.21709e+00   constant   
  16  w_vw         1.43264e+01   constant   
  17  LM           1.88334e-04   constant   
  18  wCBO_expCoeff   2.01915e+02   1.71894e+00   7.28510e-03   1.04381e-02
  19  wCBO_expOffset   2.00222e+02   2.57374e-01   1.09062e-03   7.04983e-02
  20  wCBO_expT    2.98973e+01   1.19371e-01  -5.14115e-04   3.34210e-01
  21  wCBO_linCoeff   0.00000e+00   constant   
  22  wCBO_const   2.53150e-03   3.07903e-03   1.32716e-05   5.53361e-01
 MIGRAD MINIMIZATION HAS CONVERGED.
 MIGRAD WILL VERIFY CONVERGENCE AND ERROR MATRIX.
 COVARIANCE MATRIX CALCULATED SUCCESSFULLY
 FCN=468.762 FROM MIGRAD    STATUS=CONVERGED     309 CALLS         550 TOTAL
                     EDM=8.12237e-06    STRATEGY= 1      ERROR MATRIX ACCURATE 
  EXT PARAMETER                                   STEP         FIRST   
  NO.   NAME      VALUE            ERROR          SIZE      DERIVATIVE 
   1  N0           2.70354e+06     fixed    
   2  tau          6.44083e+01   constant   
   3  A0           3.58509e-01     fixed    
   4  phi          4.11570e+00     fixed    
   5  R           -6.21699e+01   constant   
   6  A_CBO        6.35161e-04   6.74206e-04   7.04349e-06   1.48084e+00
   7  w_CBO        2.32573e+00   2.19819e-02   7.00805e-06   2.38659e+00
   8  phi_CBO      5.34824e+00   1.23611e+00   1.13469e-02   1.66718e-03
   9  ANx2         2.34902e-04   constant   
  10  pNx2         5.38708e+00   constant   
  11  ANy1         0.00000e+00   constant   
  12  pNy1         0.00000e+00   constant   
  13  w_y          0.00000e+00   constant   
  14  ANy2         8.91556e-03     fixed    
  15  pNy2         6.21709e+00   constant   
  16  w_vw         1.43264e+01   constant   
  17  LM           1.88334e-04   constant   
  18  wCBO_expCoeff   2.01440e+02   1.98393e+00   1.03293e-03   2.29709e-02
  19  wCBO_expOffset   2.00151e+02   2.94953e-01   1.53493e-04   1.54556e-01
  20  wCBO_expT    2.99348e+01   5.66191e-02   3.20862e-05   7.04190e-01
  21  wCBO_linCoeff   0.00000e+00   constant   
  22  wCBO_const   2.97310e-03   9.31964e-03   6.51243e-06   9.20202e-01
 EXTERNAL ERROR MATRIX.    NDIM=  25    NPAR=  7    ERR DEF=1
  4.546e-07  6.744e-07 -2.308e-06  6.128e-05  9.093e-06 -6.068e-06 -1.852e-07 
  6.744e-07  4.832e-04 -2.171e-04 -1.579e-02 -2.355e-03 -3.421e-04 -2.022e-04 
 -2.308e-06 -2.171e-04  1.528e+00 -2.955e-02 -4.386e-03  2.681e-03  4.683e-04 
  6.128e-05 -1.579e-02 -2.955e-02  3.936e+00 -2.354e-01 -3.279e-02  7.365e-03 
  9.093e-06 -2.355e-03 -4.386e-03 -2.354e-01  8.700e-02 -4.866e-03  1.098e-03 
 -6.068e-06 -3.421e-04  2.681e-03 -3.279e-02 -4.866e-03  3.206e-03  8.751e-05 
 -1.852e-07 -2.022e-04  4.683e-04  7.365e-03  1.098e-03  8.751e-05  8.686e-05 
 PARAMETER  CORRELATION COEFFICIENTS  
       NO.  GLOBAL      6      7      8     18     19     20     22
        6  0.15957   1.000  0.046 -0.003  0.046  0.046 -0.159 -0.029
        7  0.99955   0.046  1.000 -0.008 -0.362 -0.363 -0.275 -0.987
        8  0.49693  -0.003 -0.008  1.000 -0.012 -0.012  0.038  0.041
       18  0.99879   0.046 -0.362 -0.012  1.000 -0.402 -0.292  0.398
       19  0.99879   0.046 -0.363 -0.012 -0.402  1.000 -0.291  0.399
       20  0.99857  -0.159 -0.275  0.038 -0.292 -0.291  1.000  0.166
       22  0.99782  -0.029 -0.987  0.041  0.398  0.399  0.166  1.000
MINUIT - FIT ONLY 1-CBO
 **********
 **   29 **RES 
 **********
                   PARAMETER   14  ANy2 RESTORED TO VARIABLE.
                   PARAMETER    4  phi RESTORED TO VARIABLE.
                   PARAMETER    3  A0 RESTORED TO VARIABLE.
                   PARAMETER    1  N0 RESTORED TO VARIABLE.
 **********
 **   30 **FIX            0
 **********
 PARAMETER    0  IS UNDEFINED. IGNORED.
 **********
 **   31 **FIX            1
 **********
 **********
 **   32 **FIX            2
 **********
 PARAMETER    2  IS CONSTANT.   IGNORED.
 **********
 **   33 **FIX            3
 **********
 **********
 **   34 **FIX            4
 **********
 **********
 **   35 **FIX            8
 **********
 **********
 **   36 **FIX            9
 **********
 PARAMETER    9  IS CONSTANT.   IGNORED.
 **********
 **   37 **FIX           11
 **********
 PARAMETER   11  IS CONSTANT.   IGNORED.
 **********
 **   38 **FIX           12
 **********
 PARAMETER   12  IS CONSTANT.   IGNORED.
 **********
 **   39 **FIX           13
 **********
 PARAMETER   13  IS CONSTANT.   IGNORED.
 **********
 **   40 **FIX           15
 **********
 PARAMETER   15  IS CONSTANT.   IGNORED.
 **********
 **   41 **FIX           16
 **********
 PARAMETER   16  IS CONSTANT.   IGNORED.
 **********
 **   42 **MIGRAD
 **********
 START MIGRAD MINIMIZATION.  STRATEGY  1.  CONVERGENCE WHEN EDM .LT. 1.00e-04
 FCN=468.762 FROM MIGRAD    STATUS=INITIATE       16 CALLS         566 TOTAL
                     EDM= unknown      STRATEGY= 1      NO ERROR MATRIX       
  EXT PARAMETER               CURRENT GUESS       STEP         FIRST   
  NO.   NAME      VALUE            ERROR          SIZE      DERIVATIVE 
   1  N0           2.70354e+06     fixed    
   2  tau          6.44083e+01   constant   
   3  A0           3.58509e-01     fixed    
   4  phi          4.11570e+00     fixed    
   5  R           -6.21699e+01   constant   
   6  A_CBO        6.35161e-04   6.74206e-04   7.04349e-06   1.48084e+00
   7  w_CBO        2.32573e+00   2.19819e-02   7.00805e-06   2.38404e+00
   8  phi_CBO      5.34824e+00     fixed    
   9  ANx2         2.34902e-04   constant   
  10  pNx2         5.38708e+00   constant   
  11  ANy1         0.00000e+00   constant   
  12  pNy1         0.00000e+00   constant   
  13  w_y          0.00000e+00   constant   
  14  ANy2         8.91556e-03   1.00000e-04   1.00000e-04   4.06204e+04
  15  pNy2         6.21709e+00   constant   
  16  w_vw         1.43264e+01   constant   
  17  LM           1.88334e-04   constant   
  18  wCBO_expCoeff   2.01440e+02   1.98393e+00   1.03293e-03   2.29139e-02
  19  wCBO_expOffset   2.00151e+02   2.94953e-01   1.53493e-04   1.54198e-01
  20  wCBO_expT    2.99348e+01   5.66191e-02   3.20862e-05   7.03347e-01
  21  wCBO_linCoeff   0.00000e+00   constant   
  22  wCBO_const   2.97310e-03   9.31964e-03   6.51243e-06   9.17218e-01
 MIGRAD MINIMIZATION HAS CONVERGED.
 MIGRAD WILL VERIFY CONVERGENCE AND ERROR MATRIX.
 FCN=281.258 FROM MIGRAD    STATUS=CONVERGED     196 CALLS         746 TOTAL
                     EDM=7.48078e-08    STRATEGY= 1      ERR MATRIX NOT POS-DEF
  EXT PARAMETER                APPROXIMATE        STEP         FIRST   
  NO.   NAME      VALUE            ERROR          SIZE      DERIVATIVE 
   1  N0           2.70354e+06     fixed    
   2  tau          6.44083e+01   constant   
   3  A0           3.58509e-01     fixed    
   4  phi          4.11570e+00     fixed    
   5  R           -6.21699e+01   constant   
   6  A_CBO        2.17003e-04   6.93093e-04   5.47883e-06   1.57670e-01
   7  w_CBO        2.32535e+00   9.73823e-03   6.45415e-06   9.24238e-02
   8  phi_CBO      5.34824e+00     fixed    
   9  ANx2         2.34902e-04   constant   
  10  pNx2         5.38708e+00   constant   
  11  ANy1         0.00000e+00   constant   
  12  pNy1         0.00000e+00   constant   
  13  w_y          0.00000e+00   constant   
  14  ANy2        -3.17498e-04   6.72694e-04   5.52517e-06   2.71385e-02
  15  pNy2         6.21709e+00   constant   
  16  w_vw         1.43264e+01   constant   
  17  LM           1.88334e-04   constant   
  18  wCBO_expCoeff   2.01354e+02   1.40302e+00   9.78033e-04   1.53691e-03
  19  wCBO_expOffset   2.00139e+02   2.08658e-01   1.45443e-04   1.03416e-02
  20  wCBO_expT    2.99428e+01   4.07029e-02   3.01516e-05   4.60139e-02
  21  wCBO_linCoeff   0.00000e+00   constant   
  22  wCBO_const   2.90602e-03   4.23668e-03   5.71235e-06  -9.44201e-02
 EXTERNAL ERROR MATRIX.    NDIM=  25    NPAR=  7    ERR DEF=1
  4.804e-07  1.221e-07  2.289e-08  4.092e-06  6.053e-07 -1.845e-06  1.445e-07 
  1.221e-07  9.483e-05  2.824e-09 -2.959e-03 -4.406e-04 -7.783e-05 -3.913e-05 
  2.289e-08  2.824e-09  4.525e-07 -1.654e-06 -2.462e-07 -2.530e-08  1.269e-08 
  4.092e-06 -2.959e-03 -1.654e-06  1.968e+00 -1.569e-01 -2.134e-02  1.560e-03 
  6.053e-07 -4.406e-04 -2.462e-07 -1.569e-01  4.354e-02 -3.173e-03  2.323e-04 
 -1.845e-06 -7.783e-05 -2.530e-08 -2.134e-02 -3.173e-03  1.657e-03  3.405e-06 
  1.445e-07 -3.913e-05  1.269e-08  1.560e-03  2.323e-04  3.405e-06  1.795e-05 
ERR MATRIX NOT POS-DEF
 PARAMETER  CORRELATION COEFFICIENTS  
       NO.  GLOBAL      6      7     14     18     19     20     22
        6  0.27615   1.000  0.018  0.049  0.004  0.004 -0.065  0.049
        7  0.99675   0.018  1.000  0.000 -0.217 -0.217 -0.196 -0.948
       14  0.05243   0.049  0.000  1.000 -0.002 -0.002 -0.001  0.004
       18  0.99640   0.004 -0.217 -0.002  1.000 -0.536 -0.374  0.263
       19  0.99640   0.004 -0.217 -0.002 -0.536  1.000 -0.374  0.263
       20  0.99593  -0.065 -0.196 -0.001 -0.374 -0.374  1.000  0.020
       22  0.98648   0.049 -0.948  0.004  0.263  0.263  0.020  1.000
 ERR MATRIX NOT POS-DEF
MINUIT - FIT ONLY 2-CBO
 **********
 **   43 **RES 
 **********
                   PARAMETER    8  phi_CBO RESTORED TO VARIABLE.
                   PARAMETER    4  phi RESTORED TO VARIABLE.
                   PARAMETER    3  A0 RESTORED TO VARIABLE.
                   PARAMETER    1  N0 RESTORED TO VARIABLE.
 **********
 **   44 **FIX            0
 **********
 PARAMETER    0  IS UNDEFINED. IGNORED.
 **********
 **   45 **FIX            1
 **********
 **********
 **   46 **FIX            2
 **********
 PARAMETER    2  IS CONSTANT.   IGNORED.
 **********
 **   47 **FIX            3
 **********
 **********
 **   48 **FIX            4
 **********
 **********
 **   49 **FIX            5
 **********
 PARAMETER    5  IS CONSTANT.   IGNORED.
 **********
 **   50 **FIX            6
 **********
 **********
 **   51 **FIX            7
 **********
 **********
 **   52 **FIX           10
 **********
 PARAMETER   10  IS CONSTANT.   IGNORED.
 **********
 **   53 **FIX           11
 **********
 PARAMETER   11  IS CONSTANT.   IGNORED.
 **********
 **   54 **FIX           12
 **********
 PARAMETER   12  IS CONSTANT.   IGNORED.
 **********
 **   55 **FIX           13
 **********
 PARAMETER   13  IS CONSTANT.   IGNORED.
 **********
 **   56 **FIX           14
 **********
 **********
 **   57 **FIX           15
 **********
 PARAMETER   15  IS CONSTANT.   IGNORED.
 **********
 **   58 **FIX           16
 **********
 PARAMETER   16  IS CONSTANT.   IGNORED.
 **********
 **   59 **MIGRAD
 **********
 START MIGRAD MINIMIZATION.  STRATEGY  1.  CONVERGENCE WHEN EDM .LT. 1.00e-04
 FCN=281.258 FROM MIGRAD    STATUS=INITIATE       12 CALLS         758 TOTAL
                     EDM= unknown      STRATEGY= 1      NO ERROR MATRIX       
  EXT PARAMETER               CURRENT GUESS       STEP         FIRST   
  NO.   NAME      VALUE            ERROR          SIZE      DERIVATIVE 
   1  N0           2.70354e+06     fixed    
   2  tau          6.44083e+01   constant   
   3  A0           3.58509e-01     fixed    
   4  phi          4.11570e+00     fixed    
   5  R           -6.21699e+01   constant   
   6  A_CBO        2.17003e-04     fixed    
   7  w_CBO        2.32535e+00     fixed    
   8  phi_CBO      5.34824e+00   1.23611e+00   1.23611e+00  -1.33639e-02
   9  ANx2         2.34902e-04   constant   
  10  pNx2         5.38708e+00   constant   
  11  ANy1         0.00000e+00   constant   
  12  pNy1         0.00000e+00   constant   
  13  w_y          0.00000e+00   constant   
  14  ANy2        -3.17498e-04     fixed    
  15  pNy2         6.21709e+00   constant   
  16  w_vw         1.43264e+01   constant   
  17  LM           1.88334e-04   constant   
  18  wCBO_expCoeff   2.01354e+02   1.40302e+00   9.78033e-04   1.55012e-03
  19  wCBO_expOffset   2.00139e+02   2.08658e-01   1.45443e-04   1.04262e-02
  20  wCBO_expT    2.99428e+01   4.07029e-02   3.01516e-05   4.66831e-02
  21  wCBO_linCoeff   0.00000e+00   constant   
  22  wCBO_const   2.90602e-03   4.23668e-03   5.71235e-06  -9.59804e-02
 MIGRAD MINIMIZATION HAS CONVERGED.
 MIGRAD WILL VERIFY CONVERGENCE AND ERROR MATRIX.
 FCN=281.258 FROM MIGRAD    STATUS=CONVERGED      66 CALLS         812 TOTAL
                     EDM=5.75738e-05    STRATEGY= 1      ERR MATRIX NOT POS-DEF
  EXT PARAMETER                APPROXIMATE        STEP         FIRST   
  NO.   NAME      VALUE            ERROR          SIZE      DERIVATIVE 
   1  N0           2.70354e+06     fixed    
   2  tau          6.44083e+01   constant   
   3  A0           3.58509e-01     fixed    
   4  phi          4.11570e+00     fixed    
   5  R           -6.21699e+01   constant   
   6  A_CBO        2.17003e-04     fixed    
   7  w_CBO        2.32535e+00     fixed    
   8  phi_CBO      5.41771e+00   3.30941e+00   2.55998e-02   5.67267e-05
   9  ANx2         2.34902e-04   constant   
  10  pNx2         5.38708e+00   constant   
  11  ANy1         0.00000e+00   constant   
  12  pNy1         0.00000e+00   constant   
  13  w_y          0.00000e+00   constant   
  14  ANy2        -3.17498e-04     fixed    
  15  pNy2         6.21709e+00   constant   
  16  w_vw         1.43264e+01   constant   
  17  LM           1.88334e-04   constant   
  18  wCBO_expCoeff   2.01354e+02   1.52746e+00   9.77099e-04  -2.52466e-03
  19  wCBO_expOffset   2.00139e+02   2.27154e-01   1.45302e-04  -1.69714e-02
  20  wCBO_expT    2.99428e+01   4.44843e-02   3.01200e-05   1.62686e-01
  21  wCBO_linCoeff   0.00000e+00   constant   
  22  wCBO_const   2.90696e-03   1.36313e-03   5.70968e-06  -1.92667e-01
 EXTERNAL ERROR MATRIX.    NDIM=  25    NPAR=  5    ERR DEF=1
  1.095e+01  5.590e-01  8.316e-02 -3.423e-02  6.827e-04 
  5.590e-01  2.333e+00 -2.109e-01 -2.978e-02  4.436e-04 
  8.316e-02 -2.109e-01  5.160e-02 -4.429e-03  6.596e-05 
 -3.423e-02 -2.978e-02 -4.429e-03  1.979e-03 -3.496e-05 
  6.827e-04  4.436e-04  6.596e-05 -3.496e-05  1.858e-06 
ERR MATRIX NOT POS-DEF
 PARAMETER  CORRELATION COEFFICIENTS  
       NO.  GLOBAL      8     18     19     20     22
        8  0.33598   1.000  0.111  0.111 -0.233  0.151
       18  0.99697   0.111  1.000 -0.608 -0.438  0.213
       19  0.99697   0.111 -0.608  1.000 -0.438  0.213
       20  0.99660  -0.233 -0.438 -0.438  1.000 -0.577
       22  0.86049   0.151  0.213  0.213 -0.577  1.000
 ERR MATRIX NOT POS-DEF
MINUIT - FIT ONLY 1-y
 **********
 **   60 **RES 
 **********
                   PARAMETER   14  ANy2 RESTORED TO VARIABLE.
                   PARAMETER    7  w_CBO RESTORED TO VARIABLE.
                   PARAMETER    6  A_CBO RESTORED TO VARIABLE.
                   PARAMETER    4  phi RESTORED TO VARIABLE.
                   PARAMETER    3  A0 RESTORED TO VARIABLE.
                   PARAMETER    1  N0 RESTORED TO VARIABLE.
 **********
 **   61 **FIX            0
 **********
 PARAMETER    0  IS UNDEFINED. IGNORED.
 **********
 **   62 **FIX            1
 **********
 **********
 **   63 **FIX            2
 **********
 PARAMETER    2  IS CONSTANT.   IGNORED.
 **********
 **   64 **FIX            3
 **********
 **********
 **   65 **FIX            4
 **********
 **********
 **   66 **FIX            5
 **********
 PARAMETER    5  IS CONSTANT.   IGNORED.
 **********
 **   67 **FIX            6
 **********
 **********
 **   68 **FIX            7
 **********
 **********
 **   69 **FIX            8
 **********
 **********
 **   70 **FIX            9
 **********
 PARAMETER    9  IS CONSTANT.   IGNORED.
 **********
 **   71 **FIX           13
 **********
 PARAMETER   13  IS CONSTANT.   IGNORED.
 **********
 **   72 **FIX           14
 **********
 **********
 **   73 **FIX           15
 **********
 PARAMETER   15  IS CONSTANT.   IGNORED.
 **********
 **   74 **FIX           16
 **********
 PARAMETER   16  IS CONSTANT.   IGNORED.
 **********
 **   75 **MIGRAD
 **********
 START MIGRAD MINIMIZATION.  STRATEGY  1.  CONVERGENCE WHEN EDM .LT. 1.00e-04
 FCN=281.258 FROM MIGRAD    STATUS=INITIATE        8 CALLS         820 TOTAL
                     EDM= unknown      STRATEGY= 1      NO ERROR MATRIX       
  EXT PARAMETER               CURRENT GUESS       STEP         FIRST   
  NO.   NAME      VALUE            ERROR          SIZE      DERIVATIVE 
   1  N0           2.70354e+06     fixed    
   2  tau          6.44083e+01   constant   
   3  A0           3.58509e-01     fixed    
   4  phi          4.11570e+00     fixed    
   5  R           -6.21699e+01   constant   
   6  A_CBO        2.17003e-04     fixed    
   7  w_CBO        2.32535e+00     fixed    
   8  phi_CBO      5.41771e+00     fixed    
   9  ANx2         2.34902e-04   constant   
  10  pNx2         5.38708e+00   constant   
  11  ANy1         0.00000e+00   constant   
  12  pNy1         0.00000e+00   constant   
  13  w_y          0.00000e+00   constant   
  14  ANy2        -3.17498e-04     fixed    
  15  pNy2         6.21709e+00   constant   
  16  w_vw         1.43264e+01   constant   
  17  LM           1.88334e-04   constant   
  18  wCBO_expCoeff   2.01354e+02   1.52746e+00   9.77099e-04  -2.51263e-03
  19  wCBO_expOffset   2.00139e+02   2.27154e-01   1.45302e-04  -1.68943e-02
  20  wCBO_expT    2.99428e+01   4.44843e-02   3.01200e-05   1.63316e-01
  21  wCBO_linCoeff   0.00000e+00   constant   
  22  wCBO_const   2.90696e-03   1.36313e-03   5.70968e-06  -1.94349e-01
 MIGRAD MINIMIZATION HAS CONVERGED.
 MIGRAD WILL VERIFY CONVERGENCE AND ERROR MATRIX.
 FCN=281.258 FROM MIGRAD    STATUS=CONVERGED      77 CALLS         889 TOTAL
                     EDM=1.49263e-09    STRATEGY= 1      ERR MATRIX NOT POS-DEF
  EXT PARAMETER                APPROXIMATE        STEP         FIRST   
  NO.   NAME      VALUE            ERROR          SIZE      DERIVATIVE 
   1  N0           2.70354e+06     fixed    
   2  tau          6.44083e+01   constant   
   3  A0           3.58509e-01     fixed    
   4  phi          4.11570e+00     fixed    
   5  R           -6.21699e+01   constant   
   6  A_CBO        2.17003e-04     fixed    
   7  w_CBO        2.32535e+00     fixed    
   8  phi_CBO      5.41771e+00     fixed    
   9  ANx2         2.34902e-04   constant   
  10  pNx2         5.38708e+00   constant   
  11  ANy1         0.00000e+00   constant   
  12  pNy1         0.00000e+00   constant   
  13  w_y          0.00000e+00   constant   
  14  ANy2        -3.17498e-04     fixed    
  15  pNy2         6.21709e+00   constant   
  16  w_vw         1.43264e+01   constant   
  17  LM           1.88334e-04   constant   
  18  wCBO_expCoeff   2.01365e+02   1.53634e+00   9.78123e-04  -4.03359e-04
  19  wCBO_expOffset   2.00140e+02   2.28452e-01   1.45445e-04  -2.70744e-03
  20  wCBO_expT    2.99420e+01   4.37561e-02   3.01389e-05  -1.35666e-02
  21  wCBO_linCoeff   0.00000e+00   constant   
  22  wCBO_const   2.91995e-03   1.35503e-03   5.71180e-06  -7.67291e-02
 EXTERNAL ERROR MATRIX.    NDIM=  25    NPAR=  4    ERR DEF=1
  2.360e+00 -2.205e-01 -2.868e-02  4.205e-04 
 -2.205e-01  5.219e-02 -4.265e-03  6.252e-05 
 -2.868e-02 -4.265e-03  1.915e-03 -3.364e-05 
  4.205e-04  6.252e-05 -3.364e-05  1.836e-06 
ERR MATRIX NOT POS-DEF
 PARAMETER  CORRELATION COEFFICIENTS  
       NO.  GLOBAL     18     19     20     22
       18  0.99699   1.000 -0.628 -0.427  0.202
       19  0.99699  -0.628  1.000 -0.427  0.202
       20  0.99648  -0.427 -0.427  1.000 -0.567
       22  0.85853   0.202  0.202 -0.567  1.000
 ERR MATRIX NOT POS-DEF
MINUIT - FIT ONLY 2-y
 **********
 **   76 **RES 
 **********
                   PARAMETER   14  ANy2 RESTORED TO VARIABLE.
                   PARAMETER    8  phi_CBO RESTORED TO VARIABLE.
                   PARAMETER    7  w_CBO RESTORED TO VARIABLE.
                   PARAMETER    6  A_CBO RESTORED TO VARIABLE.
                   PARAMETER    4  phi RESTORED TO VARIABLE.
                   PARAMETER    3  A0 RESTORED TO VARIABLE.
                   PARAMETER    1  N0 RESTORED TO VARIABLE.
 **********
 **   77 **FIX            0
 **********
 PARAMETER    0  IS UNDEFINED. IGNORED.
 **********
 **   78 **FIX            1
 **********
 **********
 **   79 **FIX            2
 **********
 PARAMETER    2  IS CONSTANT.   IGNORED.
 **********
 **   80 **FIX            3
 **********
 **********
 **   81 **FIX            4
 **********
 **********
 **   82 **FIX            5
 **********
 PARAMETER    5  IS CONSTANT.   IGNORED.
 **********
 **   83 **FIX            6
 **********
 **********
 **   84 **FIX            7
 **********
 **********
 **   85 **FIX            8
 **********
 **********
 **   86 **FIX            9
 **********
 PARAMETER    9  IS CONSTANT.   IGNORED.
 **********
 **   87 **FIX           10
 **********
 PARAMETER   10  IS CONSTANT.   IGNORED.
 **********
 **   88 **FIX           11
 **********
 PARAMETER   11  IS CONSTANT.   IGNORED.
 **********
 **   89 **FIX           12
 **********
 PARAMETER   12  IS CONSTANT.   IGNORED.
 **********
 **   90 **FIX           16
 **********
 PARAMETER   16  IS CONSTANT.   IGNORED.
 **********
 **   91 **MIGRAD
 **********
 START MIGRAD MINIMIZATION.  STRATEGY  1.  CONVERGENCE WHEN EDM .LT. 1.00e-04
 FCN=281.258 FROM MIGRAD    STATUS=INITIATE       10 CALLS         899 TOTAL
                     EDM= unknown      STRATEGY= 1      NO ERROR MATRIX       
  EXT PARAMETER               CURRENT GUESS       STEP         FIRST   
  NO.   NAME      VALUE            ERROR          SIZE      DERIVATIVE 
   1  N0           2.70354e+06     fixed    
   2  tau          6.44083e+01   constant   
   3  A0           3.58509e-01     fixed    
   4  phi          4.11570e+00     fixed    
   5  R           -6.21699e+01   constant   
   6  A_CBO        2.17003e-04     fixed    
   7  w_CBO        2.32535e+00     fixed    
   8  phi_CBO      5.41771e+00     fixed    
   9  ANx2         2.34902e-04   constant   
  10  pNx2         5.38708e+00   constant   
  11  ANy1         0.00000e+00   constant   
  12  pNy1         0.00000e+00   constant   
  13  w_y          0.00000e+00   constant   
  14  ANy2        -3.17498e-04   6.72694e-04   6.72694e-04   3.44015e-01
  15  pNy2         6.21709e+00   constant   
  16  w_vw         1.43264e+01   constant   
  17  LM           1.88334e-04   constant   
  18  wCBO_expCoeff   2.01365e+02   1.53634e+00   9.78123e-04  -3.92859e-04
  19  wCBO_expOffset   2.00140e+02   2.28452e-01   1.45445e-04  -2.63980e-03
  20  wCBO_expT    2.99420e+01   4.37561e-02   3.01389e-05  -1.29666e-02
  21  wCBO_linCoeff   0.00000e+00   constant   
  22  wCBO_const   2.91995e-03   1.35503e-03   5.71180e-06  -7.84064e-02
 MIGRAD MINIMIZATION HAS CONVERGED.
 MIGRAD WILL VERIFY CONVERGENCE AND ERROR MATRIX.
 FCN=281.258 FROM MIGRAD    STATUS=CONVERGED      53 CALLS         942 TOTAL
                     EDM=5.47421e-09    STRATEGY= 1      ERR MATRIX NOT POS-DEF
  EXT PARAMETER                APPROXIMATE        STEP         FIRST   
  NO.   NAME      VALUE            ERROR          SIZE      DERIVATIVE 
   1  N0           2.70354e+06     fixed    
   2  tau          6.44083e+01   constant   
   3  A0           3.58509e-01     fixed    
   4  phi          4.11570e+00     fixed    
   5  R           -6.21699e+01   constant   
   6  A_CBO        2.17003e-04     fixed    
   7  w_CBO        2.32535e+00     fixed    
   8  phi_CBO      5.41771e+00     fixed    
   9  ANx2         2.34902e-04   constant   
  10  pNx2         5.38708e+00   constant   
  11  ANy1         0.00000e+00   constant   
  12  pNy1         0.00000e+00   constant   
  13  w_y          0.00000e+00   constant   
  14  ANy2        -3.17554e-04   6.72260e-04   5.52517e-06   9.73729e-02
  15  pNy2         6.21709e+00   constant   
  16  w_vw         1.43264e+01   constant   
  17  LM           1.88334e-04   constant   
  18  wCBO_expCoeff   2.01365e+02   1.53628e+00   9.78353e-04   6.92834e-04
  19  wCBO_expOffset   2.00140e+02   2.28444e-01   1.45476e-04   4.66463e-03
  20  wCBO_expT    2.99420e+01   4.37553e-02   3.01412e-05   2.23793e-02
  21  wCBO_linCoeff   0.00000e+00   constant   
  22  wCBO_const   2.91997e-03   1.35504e-03   5.71155e-06   9.53760e-02
 EXTERNAL ERROR MATRIX.    NDIM=  25    NPAR=  5    ERR DEF=1
  4.519e-07 -2.384e-06 -3.548e-07  8.868e-08  4.437e-09 
 -2.384e-06  2.360e+00 -2.204e-01 -2.868e-02  4.204e-04 
 -3.548e-07 -2.204e-01  5.219e-02 -4.265e-03  6.251e-05 
  8.868e-08 -2.868e-02 -4.265e-03  1.915e-03 -3.364e-05 
  4.437e-09  4.204e-04  6.251e-05 -3.364e-05  1.836e-06 
ERR MATRIX NOT POS-DEF
 PARAMETER  CORRELATION COEFFICIENTS  
       NO.  GLOBAL     14     18     19     20     22
       14  0.01844   1.000 -0.002 -0.002  0.003  0.005
       18  0.99699  -0.002  1.000 -0.628 -0.427  0.202
       19  0.99699  -0.002 -0.628  1.000 -0.427  0.202
       20  0.99648   0.003 -0.427 -0.427  1.000 -0.567
       22  0.85853   0.005  0.202  0.202 -0.567  1.000
 ERR MATRIX NOT POS-DEF
MINUIT - FIT ALTOGETHER
 **********
 **   92 **RES 
 **********
                   PARAMETER    8  phi_CBO RESTORED TO VARIABLE.
                   PARAMETER    7  w_CBO RESTORED TO VARIABLE.
                   PARAMETER    6  A_CBO RESTORED TO VARIABLE.
                   PARAMETER    4  phi RESTORED TO VARIABLE.
                   PARAMETER    3  A0 RESTORED TO VARIABLE.
                   PARAMETER    1  N0 RESTORED TO VARIABLE.
 **********
 **   93 **MIGRAD
 **********
 START MIGRAD MINIMIZATION.  STRATEGY  1.  CONVERGENCE WHEN EDM .LT. 1.00e-04
 FCN=281.258 FROM MIGRAD    STATUS=INITIATE       22 CALLS         964 TOTAL
                     EDM= unknown      STRATEGY= 1      NO ERROR MATRIX       
  EXT PARAMETER               CURRENT GUESS       STEP         FIRST   
  NO.   NAME      VALUE            ERROR          SIZE      DERIVATIVE 
   1  N0           2.70354e+06   1.26759e+03   1.26759e+03  -2.17172e-04
   2  tau          6.44083e+01   constant   
   3  A0           3.58509e-01   6.55513e-04   6.55513e-04  -1.39822e+02
   4  phi          4.11570e+00   1.84513e-03   1.84513e-03  -1.53632e+01
   5  R           -6.21699e+01   constant   
   6  A_CBO        2.17003e-04   6.93093e-04   6.93093e-04  -4.69375e+00
   7  w_CBO        2.32535e+00   9.73823e-03   9.73823e-03   1.02978e-01
   8  phi_CBO      5.41771e+00   3.30941e+00   3.30941e+00  -2.57303e-03
   9  ANx2         2.34902e-04   constant   
  10  pNx2         5.38708e+00   constant   
  11  ANy1         0.00000e+00   constant   
  12  pNy1         0.00000e+00   constant   
  13  w_y          0.00000e+00   constant   
  14  ANy2        -3.17554e-04   6.72260e-04   5.52517e-06   9.73730e-02
  15  pNy2         6.21709e+00   constant   
  16  w_vw         1.43264e+01   constant   
  17  LM           1.88334e-04   constant   
  18  wCBO_expCoeff   2.01365e+02   1.53628e+00   9.78353e-04   7.03304e-04
  19  wCBO_expOffset   2.00140e+02   2.28444e-01   1.45476e-04   4.73208e-03
  20  wCBO_expT    2.99420e+01   4.37553e-02   3.01412e-05   2.29785e-02
  21  wCBO_linCoeff   0.00000e+00   constant   
  22  wCBO_const   2.91997e-03   1.35504e-03   5.71155e-06   9.36962e-02
 MIGRAD MINIMIZATION HAS CONVERGED.
 MIGRAD WILL VERIFY CONVERGENCE AND ERROR MATRIX.
 FCN=281.236 FROM MIGRAD    STATUS=CONVERGED     169 CALLS        1111 TOTAL
                     EDM=1.0475e-05    STRATEGY= 1      ERR MATRIX NOT POS-DEF
  EXT PARAMETER                APPROXIMATE        STEP         FIRST   
  NO.   NAME      VALUE            ERROR          SIZE      DERIVATIVE 
   1  N0           2.70372e+06   1.28474e+03   1.03063e+01   1.03246e-07
