 + ++++++++++++++++++++++++++++++++++++++++++++++++++++++++++++++++++++ +
 +                                                                      +
 +           You have chose to blind your fitting according to          +
 +                omega_ref * (1 + (R +/- deltaR) *10^{-6})             +
 +                                                                      +
 + ++++++++++++++++++++++++++++++++++++++++++++++++++++++++++++++++++++ +
In main()...
reading format from /gm2data/zkhechad/run45/envelope/formats/formatB_sBin_constraintOn.txt
pBinTau 	= 0  
pBinPhi 	= 0  
constraintau 	= 1 
includeMopTerm 	= 0    
constrainMop    = 0   
Parameters after format file: pBinTau 0 pBinPhi 0 constraintau 1 includeMopTerm 0 constrainMop 0 c_e_scale 0.000000 
reading cbo reference file (full fit) from /gm2data/zkhechad/cboTemplates/Run4CBOTemplates/fullFits/run4/sBin_constraintOn_cE0.0_seed0_run4_calo13.root
A_CBO 0.010252 w_CBO 2.327514 phi_CBO 5.545635 N0 3338670.649067 R -60.961072 tau 64.390414 
Reading cboRef file /gm2data/zkhechad/cboTemplates/Run4CBOTemplates//cboIsolate/run4_calo13.root
deltaT 164.120000
windowBins = 1100
fitting sliding window 1760 from bin 1963 at 292.879600 to bin 3063 at 456.999600 (1100 bins)

Reading data from /gm2data/cornell/histograms/aMethod/histogram_a_run4.root
fitting cbo isolate
 **********
 **    1 **SET PRINTOUT            1
 **********
 **********
 **    2 **SET NOWARNINGS 
 **********
 PARAMETER DEFINITIONS:
    NO.   NAME         VALUE      STEP SIZE      LIMITS
     1 A_CBO        1.02517e-02  1.00000e-05     no limits
     2 w_CBO        2.32751e+00  1.00000e-02    2.00000e+00  3.00000e+00
     3 phi_CBO      5.54564e+00  1.00000e-02    0.00000e+00  6.28319e+00
 **********
 **    3 **MIGRAD
 **********
 FIRST CALL TO USER FUNCTION AT NEW START POINT, WITH IFLAG=4.
 START MIGRAD MINIMIZATION.  STRATEGY  1.  CONVERGENCE WHEN EDM .LT. 1.00e-04
 FCN=0.0840247 FROM MIGRAD    STATUS=INITIATE       12 CALLS          13 TOTAL
                     EDM= unknown      STRATEGY= 1      NO ERROR MATRIX       
  EXT PARAMETER               CURRENT GUESS       STEP         FIRST   
  NO.   NAME      VALUE            ERROR          SIZE      DERIVATIVE 
   1  A_CBO        1.02517e-02   1.00000e-05   1.00000e-05   6.91943e+00
   2  w_CBO        2.32751e+00   1.00000e-02   2.13103e-02   2.70009e+00
   3  phi_CBO      5.54564e+00   1.00000e-02   4.94468e-03  -3.04984e-02
 MIGRAD MINIMIZATION HAS CONVERGED.
 MIGRAD WILL VERIFY CONVERGENCE AND ERROR MATRIX.
 COVARIANCE MATRIX CALCULATED SUCCESSFULLY
 FCN=0.0611793 FROM MIGRAD    STATUS=CONVERGED      59 CALLS          60 TOTAL
                     EDM=8.71061e-06    STRATEGY= 1      ERROR MATRIX ACCURATE 
  EXT PARAMETER                                   STEP         FIRST   
  NO.   NAME      VALUE            ERROR          SIZE      DERIVATIVE 
   1  A_CBO        4.15900e-03   4.27538e-02   2.14654e-05  -7.26259e-03
   2  w_CBO        2.32705e+00   1.80088e-01   3.00323e-05   1.93348e-02
   3  phi_CBO      5.69799e+00   3.71859e+00   3.04118e-03  -9.28138e-05
 EXTERNAL ERROR MATRIX.    NDIM=  25    NPAR=  3    ERR DEF=1
  1.828e-03 -4.591e-04 -1.725e-01 
 -4.591e-04  3.416e-02  1.275e+01 
 -1.725e-01  1.275e+01  4.862e+03 
 PARAMETER  CORRELATION COEFFICIENTS  
       NO.  GLOBAL      1      2      3
        1  0.05815   1.000 -0.058 -0.058
        2  0.98917  -0.058  1.000  0.989
        3  0.98917  -0.058  0.989  1.000
setting A_CBO=0.004159 w_CBO=2.327049, phi_CBO=5.697986
done fitting cbo isolate
 **********
 **    1 **SET PRINTOUT            1
 **********
 **********
 **    2 **SET NOWARNINGS 
 **********
 PARAMETER DEFINITIONS:
    NO.   NAME         VALUE      STEP SIZE      LIMITS
     1 N0           3.33867e+06  1.00000e+02     no limits
     2 tau          6.43904e+01  constant
     3 A0           3.52926e-01  1.00000e-04     no limits
     4 phi          4.13059e+00  1.00000e-02     no limits
     5 R           -6.09611e+01  constant
     6 A_CBO        4.15900e-03  1.00000e-05     no limits
     7 w_CBO        2.32705e+00  1.00000e-03     no limits
     8 phi_CBO      5.69799e+00  1.00000e-04     no limits
     9 ANx2         2.14836e-04  constant
    10 pNx2         2.09111e+00  constant
    11 ANy1         0.00000e+00  constant
    12 pNy1         0.00000e+00  constant
    13 w_y          0.00000e+00  constant
    14 ANy2         1.07548e-02  1.00000e-04     no limits
    15 pNy2         1.09622e+00  constant
    16 w_vw         1.43115e+01  constant
    17 LM          -4.64416e-04  constant
    18 wCBO_expCoeff   2.00000e+02  1.00000e+00     no limits
    19 wCBO_expOffset   2.00000e+02  1.00000e+00     no limits
    20 wCBO_expT    3.00000e+01  1.00000e+00     no limits
    21 wCBO_linCoeff   0.00000e+00  constant
    22 wCBO_const   0.00000e+00  1.00000e-02     no limits
MINUIT - FIT ONLY WIGGLE
 **********
 **    3 **FIX            5
 **********
 PARAMETER    5  IS CONSTANT.   IGNORED.
 **********
 **    4 **FIX            6
 **********
 **********
 **    5 **FIX            7
 **********
 **********
 **    6 **FIX            8
 **********
 **********
 **    7 **FIX            9
 **********
 PARAMETER    9  IS CONSTANT.   IGNORED.
 **********
 **    8 **FIX           10
 **********
 PARAMETER   10  IS CONSTANT.   IGNORED.
 **********
 **    9 **FIX           11
 **********
 PARAMETER   11  IS CONSTANT.   IGNORED.
 **********
 **   10 **FIX           12
 **********
 PARAMETER   12  IS CONSTANT.   IGNORED.
 **********
 **   11 **FIX           13
 **********
 PARAMETER   13  IS CONSTANT.   IGNORED.
 **********
 **   12 **FIX           14
 **********
 **********
 **   13 **FIX           15
 **********
 PARAMETER   15  IS CONSTANT.   IGNORED.
 **********
 **   14 **FIX           16
 **********
 PARAMETER   16  IS CONSTANT.   IGNORED.
 **********
 **   15 **MIGRAD
 **********
 FIRST CALL TO USER FUNCTION AT NEW START POINT, WITH IFLAG=4.
 START MIGRAD MINIMIZATION.  STRATEGY  1.  CONVERGENCE WHEN EDM .LT. 1.00e-04
 FCN=1090.44 FROM MIGRAD    STATUS=INITIATE       80 CALLS          81 TOTAL
                     EDM= unknown      STRATEGY= 1      NO ERROR MATRIX       
  EXT PARAMETER               CURRENT GUESS       STEP         FIRST   
  NO.   NAME      VALUE            ERROR          SIZE      DERIVATIVE 
   1  N0           3.33867e+06   1.00000e+02   0.00000e+00   1.46175e-03
   2  tau          6.43904e+01   constant   
   3  A0           3.52926e-01   1.00000e-04   0.00000e+00  -1.20583e+03
   4  phi          4.13059e+00   1.00000e-02   0.00000e+00  -5.08314e+02
   5  R           -6.09611e+01   constant   
   6  A_CBO        4.15900e-03     fixed    
   7  w_CBO        2.32705e+00     fixed    
   8  phi_CBO      5.69799e+00     fixed    
   9  ANx2         2.14836e-04   constant   
  10  pNx2         2.09111e+00   constant   
  11  ANy1         0.00000e+00   constant   
  12  pNy1         0.00000e+00   constant   
  13  w_y          0.00000e+00   constant   
  14  ANy2         1.07548e-02     fixed    
  15  pNy2         1.09622e+00   constant   
  16  w_vw         1.43115e+01   constant   
  17  LM          -4.64416e-04   constant   
  18  wCBO_expCoeff   1.99886e+02   1.00000e+00   0.00000e+00   2.53046e+02
  19  wCBO_expOffset   2.00000e+02   1.00000e+00   0.00000e+00   1.68603e+03
  20  wCBO_expT    3.00000e+01   1.00000e+00   0.00000e+00   5.22711e+03
  21  wCBO_linCoeff   0.00000e+00   constant   
  22  wCBO_const   9.51188e-04   1.00000e-02   9.51188e-04  -1.02870e+03
 MIGRAD MINIMIZATION HAS CONVERGED.
 FCN=1068.76 FROM MIGRAD    STATUS=CONVERGED     284 CALLS         285 TOTAL
                     EDM=9.54676e-06    STRATEGY= 1  ERROR MATRIX UNCERTAINTY   1.6 per cent
  EXT PARAMETER                                   STEP         FIRST   
  NO.   NAME      VALUE            ERROR          SIZE      DERIVATIVE 
   1  N0           3.33775e+06   1.06868e+03   9.91716e+00  -5.17808e-06
   2  tau          6.43904e+01   constant   
   3  A0           3.52918e-01   4.26679e-04   1.21992e-05  -1.53849e+00
   4  phi          4.13034e+00   1.24738e-03   2.04098e-05   1.45803e+00
   5  R           -6.09611e+01   constant   
   6  A_CBO        4.15900e-03     fixed    
   7  w_CBO        2.32705e+00     fixed    
   8  phi_CBO      5.69799e+00     fixed    
   9  ANx2         2.14836e-04   constant   
  10  pNx2         2.09111e+00   constant   
  11  ANy1         0.00000e+00   constant   
  12  pNy1         0.00000e+00   constant   
  13  w_y          0.00000e+00   constant   
  14  ANy2         1.07548e-02     fixed    
  15  pNy2         1.09622e+00   constant   
  16  w_vw         1.43115e+01   constant   
  17  LM          -4.64416e-04   constant   
  18  wCBO_expCoeff   1.99569e+02   1.28417e-01  -2.43309e-03   1.30628e-01
  19  wCBO_expOffset   1.99953e+02   1.91958e-02  -3.63779e-04   8.84150e-01
  20  wCBO_expT    3.00230e+01   1.19204e-02   2.25546e-04   3.09468e+00
  21  wCBO_linCoeff   0.00000e+00   constant   
  22  wCBO_const   3.71741e-03   6.30011e-04  -4.32416e-06   5.89451e+00
 EXTERNAL ERROR MATRIX.    NDIM=  25    NPAR=  7    ERR DEF=1
  1.142e+06  2.425e-02  7.347e-02  2.051e+01  3.066e+00 -1.783e+00  2.819e-02 
  2.425e-02  1.821e-07  1.005e-08  6.195e-06  9.257e-07 -5.586e-07  2.683e-08 
  7.347e-02  1.005e-08  1.556e-06  1.930e-05  2.884e-06 -1.770e-06  7.415e-08 
  2.051e+01  6.195e-06  1.930e-05  1.649e-02  2.440e-03 -1.524e-03  6.179e-05 
  3.066e+00  9.257e-07  2.884e-06  2.440e-03  3.685e-04 -2.277e-04  9.235e-06 
 -1.783e+00 -5.586e-07 -1.770e-06 -1.524e-03 -2.277e-04  1.421e-04 -5.983e-06 
  2.819e-02  2.683e-08  7.415e-08  6.179e-05  9.235e-06 -5.983e-06  3.969e-07 
 PARAMETER  CORRELATION COEFFICIENTS  
       NO.  GLOBAL      1      3      4     18     19     20     22
        1  0.21365   1.000  0.053  0.055  0.149  0.149 -0.140  0.042
        3  0.15747   0.053  1.000  0.019  0.113  0.113 -0.110  0.100
        4  0.13145   0.055  0.019  1.000  0.120  0.120 -0.119  0.094
       18  0.99724   0.149  0.113  0.120  1.000  0.990 -0.995  0.764
       19  0.99722   0.149  0.113  0.120  0.990  1.000 -0.995  0.764
       20  0.99915  -0.140 -0.110 -0.119 -0.995 -0.995  1.000 -0.797
       22  0.91415   0.042  0.100  0.094  0.764  0.764 -0.797  1.000
MINUIT - FIT ONLY 1-CBO + other amplitudes 
 **********
 **   16 **RES 
 **********
                   PARAMETER   14  ANy2 RESTORED TO VARIABLE.
                   PARAMETER    8  phi_CBO RESTORED TO VARIABLE.
                   PARAMETER    7  w_CBO RESTORED TO VARIABLE.
                   PARAMETER    6  A_CBO RESTORED TO VARIABLE.
 **********
 **   17 **FIX            0
 **********
 PARAMETER    0  IS UNDEFINED. IGNORED.
 **********
 **   18 **FIX            1
 **********
 **********
 **   19 **FIX            2
 **********
 PARAMETER    2  IS CONSTANT.   IGNORED.
 **********
 **   20 **FIX            3
 **********
 **********
 **   21 **FIX            4
 **********
 **********
 **   22 **FIX            9
 **********
 PARAMETER    9  IS CONSTANT.   IGNORED.
 **********
 **   23 **FIX           11
 **********
 PARAMETER   11  IS CONSTANT.   IGNORED.
 **********
 **   24 **FIX           12
 **********
 PARAMETER   12  IS CONSTANT.   IGNORED.
 **********
 **   25 **FIX           14
 **********
 **********
 **   26 **FIX           15
 **********
 PARAMETER   15  IS CONSTANT.   IGNORED.
 **********
 **   27 **FIX           16
 **********
 PARAMETER   16  IS CONSTANT.   IGNORED.
 **********
 **   28 **MIGRAD
 **********
 START MIGRAD MINIMIZATION.  STRATEGY  1.  CONVERGENCE WHEN EDM .LT. 1.00e-04
 FCN=1068.76 FROM MIGRAD    STATUS=INITIATE       20 CALLS         305 TOTAL
                     EDM= unknown      STRATEGY= 1      NO ERROR MATRIX       
  EXT PARAMETER               CURRENT GUESS       STEP         FIRST   
  NO.   NAME      VALUE            ERROR          SIZE      DERIVATIVE 
   1  N0           3.33775e+06     fixed    
   2  tau          6.43904e+01   constant   
   3  A0           3.52918e-01     fixed    
   4  phi          4.13034e+00     fixed    
   5  R           -6.09611e+01   constant   
   6  A_CBO        4.15900e-03   1.00000e-05   1.00000e-05   3.29794e+04
   7  w_CBO        2.32705e+00   1.00000e-03   1.00000e-03   1.37319e+01
   8  phi_CBO      5.69799e+00   1.00000e-04   1.00000e-04  -3.13080e+00
   9  ANx2         2.14836e-04   constant   
  10  pNx2         2.09111e+00   constant   
  11  ANy1         0.00000e+00   constant   
  12  pNy1         0.00000e+00   constant   
  13  w_y          0.00000e+00   constant   
  14  ANy2         1.07548e-02     fixed    
  15  pNy2         1.09622e+00   constant   
  16  w_vw         1.43115e+01   constant   
  17  LM          -4.64416e-04   constant   
  18  wCBO_expCoeff   1.99569e+02   1.28417e-01  -2.43309e-03   1.30628e-01
  19  wCBO_expOffset   1.99953e+02   1.91958e-02  -3.63779e-04   8.84150e-01
  20  wCBO_expT    3.00230e+01   1.19204e-02   2.25546e-04   3.09468e+00
  21  wCBO_linCoeff   0.00000e+00   constant   
  22  wCBO_const   3.71741e-03   6.30011e-04  -4.32416e-06   5.89441e+00
 MIGRAD MINIMIZATION HAS CONVERGED.
 FCN=1009.86 FROM MIGRAD    STATUS=CONVERGED     219 CALLS         504 TOTAL
                     EDM=2.88528e-06    STRATEGY= 1  ERROR MATRIX UNCERTAINTY   2.3 per cent
  EXT PARAMETER                                   STEP         FIRST   
  NO.   NAME      VALUE            ERROR          SIZE      DERIVATIVE 
   1  N0           3.33775e+06     fixed    
   2  tau          6.43904e+01   constant   
   3  A0           3.52918e-01     fixed    
   4  phi          4.13034e+00     fixed    
   5  R           -6.09611e+01   constant   
   6  A_CBO        6.97880e-04   4.54717e-04  -1.51056e-05   6.16333e+00
   7  w_CBO        2.32739e+00   1.11475e-03   1.18873e-05  -4.98171e-01
   8  phi_CBO      6.57865e+00   8.35485e-01  -1.09498e-02   7.69850e-04
   9  ANx2         2.14836e-04   constant   
  10  pNx2         2.09111e+00   constant   
  11  ANy1         0.00000e+00   constant   
  12  pNy1         0.00000e+00   constant   
  13  w_y          0.00000e+00   constant   
  14  ANy2         1.07548e-02     fixed    
  15  pNy2         1.09622e+00   constant   
  16  w_vw         1.43115e+01   constant   
  17  LM          -4.64416e-04   constant   
  18  wCBO_expCoeff   1.99606e+02   1.27924e-01   1.29590e-03   4.24857e-03
  19  wCBO_expOffset   1.99958e+02   1.91717e-02   1.94150e-04   3.18747e-02
  20  wCBO_expT    3.00196e+01   1.65388e-02  -1.83779e-04   6.26550e-02
  21  wCBO_linCoeff   0.00000e+00   constant   
  22  wCBO_const   3.97736e-03   7.57699e-04   1.11589e-05  -1.98542e+00
 EXTERNAL ERROR MATRIX.    NDIM=  25    NPAR=  7    ERR DEF=1
  2.068e-07  7.151e-09 -8.013e-06  6.416e-07  9.599e-08 -1.397e-07  2.229e-08 
  7.151e-09  1.243e-06 -3.410e-05  1.413e-04  2.117e-05 -1.830e-05  3.547e-07 
 -8.013e-06 -3.410e-05  6.980e-01 -4.851e-03 -7.254e-04  1.162e-03  9.626e-05 
  6.416e-07  1.413e-04 -4.851e-03  1.636e-02  2.434e-03 -2.097e-03  3.713e-05 
  9.599e-08  2.117e-05 -7.254e-04  2.434e-03  3.676e-04 -3.143e-04  5.562e-06 
 -1.397e-07 -1.830e-05  1.162e-03 -2.097e-03 -3.143e-04  2.735e-04 -5.628e-06 
  2.229e-08  3.547e-07  9.626e-05  3.713e-05  5.562e-06 -5.628e-06  5.741e-07 
 PARAMETER  CORRELATION COEFFICIENTS  
       NO.  GLOBAL      6      7      8     18     19     20     22
        6  0.07559   1.000  0.014 -0.021  0.011  0.011 -0.019  0.065
        7  0.99479   0.014  1.000 -0.037  0.991  0.991 -0.993  0.420
        8  0.65534  -0.021 -0.037  1.000 -0.045 -0.045  0.084  0.152
       18  0.99557   0.011  0.991 -0.045  1.000  0.993 -0.991  0.383
       19  0.99554   0.011  0.991 -0.045  0.993  1.000 -0.991  0.383
       20  0.99791  -0.019 -0.993  0.084 -0.991 -0.991  1.000 -0.449
       22  0.80120   0.065  0.420  0.152  0.383  0.383 -0.449  1.000
MINUIT - FIT ONLY 1-CBO
 **********
 **   29 **RES 
 **********
                   PARAMETER   14  ANy2 RESTORED TO VARIABLE.
                   PARAMETER    4  phi RESTORED TO VARIABLE.
                   PARAMETER    3  A0 RESTORED TO VARIABLE.
                   PARAMETER    1  N0 RESTORED TO VARIABLE.
 **********
 **   30 **FIX            0
 **********
 PARAMETER    0  IS UNDEFINED. IGNORED.
 **********
 **   31 **FIX            1
 **********
 **********
 **   32 **FIX            2
 **********
 PARAMETER    2  IS CONSTANT.   IGNORED.
 **********
 **   33 **FIX            3
 **********
 **********
 **   34 **FIX            4
 **********
 **********
 **   35 **FIX            8
 **********
 **********
 **   36 **FIX            9
 **********
 PARAMETER    9  IS CONSTANT.   IGNORED.
 **********
 **   37 **FIX           11
 **********
 PARAMETER   11  IS CONSTANT.   IGNORED.
 **********
 **   38 **FIX           12
 **********
 PARAMETER   12  IS CONSTANT.   IGNORED.
 **********
 **   39 **FIX           13
 **********
 PARAMETER   13  IS CONSTANT.   IGNORED.
 **********
 **   40 **FIX           15
 **********
 PARAMETER   15  IS CONSTANT.   IGNORED.
 **********
 **   41 **FIX           16
 **********
 PARAMETER   16  IS CONSTANT.   IGNORED.
 **********
 **   42 **MIGRAD
 **********
 START MIGRAD MINIMIZATION.  STRATEGY  1.  CONVERGENCE WHEN EDM .LT. 1.00e-04
 FCN=1009.86 FROM MIGRAD    STATUS=INITIATE       16 CALLS         520 TOTAL
                     EDM= unknown      STRATEGY= 1      NO ERROR MATRIX       
  EXT PARAMETER               CURRENT GUESS       STEP         FIRST   
  NO.   NAME      VALUE            ERROR          SIZE      DERIVATIVE 
   1  N0           3.33775e+06     fixed    
   2  tau          6.43904e+01   constant   
   3  A0           3.52918e-01     fixed    
   4  phi          4.13034e+00     fixed    
   5  R           -6.09611e+01   constant   
   6  A_CBO        6.97880e-04   4.54717e-04  -1.51056e-05   6.16333e+00
   7  w_CBO        2.32739e+00   1.11475e-03   1.18873e-05  -4.98041e-01
   8  phi_CBO      6.57865e+00     fixed    
   9  ANx2         2.14836e-04   constant   
  10  pNx2         2.09111e+00   constant   
  11  ANy1         0.00000e+00   constant   
  12  pNy1         0.00000e+00   constant   
  13  w_y          0.00000e+00   constant   
  14  ANy2         1.07548e-02   1.00000e-04   1.00000e-04   1.11007e+05
  15  pNy2         1.09622e+00   constant   
  16  w_vw         1.43115e+01   constant   
  17  LM          -4.64416e-04   constant   
  18  wCBO_expCoeff   1.99606e+02   1.27924e-01   1.29590e-03   4.25068e-03
  19  wCBO_expOffset   1.99958e+02   1.91717e-02   1.94150e-04   3.18747e-02
  20  wCBO_expT    3.00196e+01   1.65388e-02  -1.83779e-04   6.26517e-02
  21  wCBO_linCoeff   0.00000e+00   constant   
  22  wCBO_const   3.97736e-03   7.57699e-04   1.11589e-05  -1.98542e+00
 MIGRAD MINIMIZATION HAS CONVERGED.
 MIGRAD WILL VERIFY CONVERGENCE AND ERROR MATRIX.
 COVARIANCE MATRIX CALCULATED SUCCESSFULLY
 FCN=393.03 FROM MIGRAD    STATUS=CONVERGED     304 CALLS         808 TOTAL
                     EDM=2.29669e-07    STRATEGY= 1      ERROR MATRIX ACCURATE 
  EXT PARAMETER                                   STEP         FIRST   
  NO.   NAME      VALUE            ERROR          SIZE      DERIVATIVE 
   1  N0           3.33775e+06     fixed    
   2  tau          6.43904e+01   constant   
   3  A0           3.52918e-01     fixed    
   4  phi          4.13034e+00     fixed    
   5  R           -6.09611e+01   constant   
   6  A_CBO        3.06859e-04   4.45115e-04   4.23487e-06   1.32177e+00
   7  w_CBO        2.32605e+00   6.75363e-03   3.64702e-06   3.94820e-01
   8  phi_CBO      6.57865e+00     fixed    
   9  ANx2         2.14836e-04   constant   
  10  pNx2         2.09111e+00   constant   
  11  ANy1         0.00000e+00   constant   
  12  pNy1         0.00000e+00   constant   
  13  w_y          0.00000e+00   constant   
  14  ANy2        -3.57128e-04   4.47595e-04   4.33286e-06  -5.00378e-01
  15  pNy2         1.09622e+00   constant   
  16  w_vw         1.43115e+01   constant   
  17  LM          -4.64416e-04   constant   
  18  wCBO_expCoeff   1.99445e+02   6.17650e-01   3.64755e-04   3.61223e-03
  19  wCBO_expOffset   1.99934e+02   7.66222e-02   9.53360e-05   2.39477e-02
  20  wCBO_expT    3.00376e+01   2.61743e-02   1.66815e-05   7.45407e-02
  21  wCBO_linCoeff   0.00000e+00   constant   
  22  wCBO_const   3.99276e-03   2.92040e-03   7.16062e-06   1.98566e-01
 EXTERNAL ERROR MATRIX.    NDIM=  25    NPAR=  7    ERR DEF=1
  1.981e-07 -4.718e-08  4.674e-09 -5.464e-06 -4.311e-07  4.663e-07  7.853e-08 
 -4.718e-08  4.561e-05 -3.741e-08 -1.764e-03 -1.451e-04 -5.668e-05 -1.778e-05 
  4.674e-09 -3.741e-08  2.003e-07 -3.970e-06 -3.982e-07  4.841e-07  1.212e-09 
 -5.464e-06 -1.764e-03 -3.970e-06  3.815e-01 -1.584e-02 -5.984e-03  9.592e-04 
 -4.311e-07 -1.451e-04 -3.982e-07 -1.584e-02  5.871e-03 -5.093e-04  7.938e-05 
  4.663e-07 -5.668e-05  4.841e-07 -5.984e-03 -5.093e-04  6.851e-04  4.897e-07 
  7.853e-08 -1.778e-05  1.212e-09  9.592e-04  7.938e-05  4.897e-07  8.529e-06 
 PARAMETER  CORRELATION COEFFICIENTS  
       NO.  GLOBAL      6      7     14     18     19     20     22
        6  0.19011   1.000 -0.016  0.023 -0.020 -0.013  0.040  0.060
        7  0.99845  -0.016  1.000 -0.012 -0.423 -0.280 -0.321 -0.901
       14  0.05005   0.023 -0.012  1.000 -0.014 -0.012  0.041  0.001
       18  0.99814  -0.020 -0.423 -0.014  1.000 -0.335 -0.370  0.532
       19  0.99726  -0.013 -0.280 -0.012 -0.335  1.000 -0.254  0.355
       20  0.99784   0.040 -0.321  0.041 -0.370 -0.254  1.000  0.006
       22  0.96746   0.060 -0.901  0.001  0.532  0.355  0.006  1.000
MINUIT - FIT ONLY 2-CBO
 **********
 **   43 **RES 
 **********
                   PARAMETER    8  phi_CBO RESTORED TO VARIABLE.
                   PARAMETER    4  phi RESTORED TO VARIABLE.
                   PARAMETER    3  A0 RESTORED TO VARIABLE.
                   PARAMETER    1  N0 RESTORED TO VARIABLE.
 **********
 **   44 **FIX            0
 **********
 PARAMETER    0  IS UNDEFINED. IGNORED.
 **********
 **   45 **FIX            1
 **********
 **********
 **   46 **FIX            2
 **********
 PARAMETER    2  IS CONSTANT.   IGNORED.
 **********
 **   47 **FIX            3
 **********
 **********
 **   48 **FIX            4
 **********
 **********
 **   49 **FIX            5
 **********
 PARAMETER    5  IS CONSTANT.   IGNORED.
 **********
 **   50 **FIX            6
 **********
 **********
 **   51 **FIX            7
 **********
 **********
 **   52 **FIX           10
 **********
 PARAMETER   10  IS CONSTANT.   IGNORED.
 **********
 **   53 **FIX           11
 **********
 PARAMETER   11  IS CONSTANT.   IGNORED.
 **********
 **   54 **FIX           12
 **********
 PARAMETER   12  IS CONSTANT.   IGNORED.
 **********
 **   55 **FIX           13
 **********
 PARAMETER   13  IS CONSTANT.   IGNORED.
 **********
 **   56 **FIX           14
 **********
 **********
 **   57 **FIX           15
 **********
 PARAMETER   15  IS CONSTANT.   IGNORED.
 **********
 **   58 **FIX           16
 **********
 PARAMETER   16  IS CONSTANT.   IGNORED.
 **********
 **   59 **MIGRAD
 **********
 START MIGRAD MINIMIZATION.  STRATEGY  1.  CONVERGENCE WHEN EDM .LT. 1.00e-04
 FCN=393.03 FROM MIGRAD    STATUS=INITIATE       12 CALLS         820 TOTAL
                     EDM= unknown      STRATEGY= 1      NO ERROR MATRIX       
  EXT PARAMETER               CURRENT GUESS       STEP         FIRST   
  NO.   NAME      VALUE            ERROR          SIZE      DERIVATIVE 
   1  N0           3.33775e+06     fixed    
   2  tau          6.43904e+01   constant   
   3  A0           3.52918e-01     fixed    
   4  phi          4.13034e+00     fixed    
   5  R           -6.09611e+01   constant   
   6  A_CBO        3.06859e-04     fixed    
   7  w_CBO        2.32605e+00     fixed    
   8  phi_CBO      6.57865e+00   8.35485e-01   8.35485e-01   2.95475e-01
   9  ANx2         2.14836e-04   constant   
  10  pNx2         2.09111e+00   constant   
  11  ANy1         0.00000e+00   constant   
  12  pNy1         0.00000e+00   constant   
  13  w_y          0.00000e+00   constant   
  14  ANy2        -3.57128e-04     fixed    
  15  pNy2         1.09622e+00   constant   
  16  w_vw         1.43115e+01   constant   
  17  LM          -4.64416e-04   constant   
  18  wCBO_expCoeff   1.99445e+02   6.17650e-01   3.64755e-04   3.58128e-03
  19  wCBO_expOffset   1.99934e+02   7.66222e-02   9.53360e-05   2.00866e-02
  20  wCBO_expT    3.00376e+01   2.61743e-02   1.66815e-05   7.13523e-02
  21  wCBO_linCoeff   0.00000e+00   constant   
  22  wCBO_const   3.99276e-03   2.92040e-03   7.16062e-06   1.94708e-01
 MIGRAD MINIMIZATION HAS CONVERGED.
 MIGRAD WILL VERIFY CONVERGENCE AND ERROR MATRIX.
 COVARIANCE MATRIX CALCULATED SUCCESSFULLY
 FCN=392.838 FROM MIGRAD    STATUS=CONVERGED     149 CALLS         957 TOTAL
                     EDM=1.98776e-07    STRATEGY= 1      ERROR MATRIX ACCURATE 
  EXT PARAMETER                                   STEP         FIRST   
  NO.   NAME      VALUE            ERROR          SIZE      DERIVATIVE 
   1  N0           3.33775e+06     fixed    
   2  tau          6.43904e+01   constant   
   3  A0           3.52918e-01     fixed    
   4  phi          4.13034e+00     fixed    
   5  R           -6.09611e+01   constant   
   6  A_CBO        3.06859e-04     fixed    
   7  w_CBO        2.32605e+00     fixed    
   8  phi_CBO      5.72456e+00   1.53450e+00   1.26308e-02  -3.99050e-04
   9  ANx2         2.14836e-04   constant   
  10  pNx2         2.09111e+00   constant   
  11  ANy1         0.00000e+00   constant   
  12  pNy1         0.00000e+00   constant   
  13  w_y          0.00000e+00   constant   
  14  ANy2        -3.57128e-04     fixed    
  15  pNy2         1.09622e+00   constant   
  16  w_vw         1.43115e+01   constant   
  17  LM          -4.64416e-04   constant   
  18  wCBO_expCoeff   1.99619e+02   5.75713e-01   3.81661e-04   8.45161e-05
  19  wCBO_expOffset   1.99960e+02   7.72851e-02   9.53485e-05   5.27937e-04
  20  wCBO_expT    3.00209e+01   2.56270e-02   1.70064e-05   2.65835e-02
  21  wCBO_linCoeff   0.00000e+00   constant   
  22  wCBO_const   4.39376e-03   1.19480e-03   6.87221e-06   1.60313e-01
 EXTERNAL ERROR MATRIX.    NDIM=  25    NPAR=  5    ERR DEF=1
  2.355e+00 -1.718e-01 -1.476e-02  1.314e-02 -5.859e-06 
 -1.718e-01  3.314e-01 -2.244e-02 -8.545e-03  2.451e-04 
 -1.476e-02 -2.244e-02  5.973e-03 -8.072e-04  2.309e-05 
  1.314e-02 -8.545e-03 -8.072e-04  6.567e-04 -1.988e-05 
 -5.859e-06  2.451e-04  2.309e-05 -1.988e-05  1.428e-06 
 PARAMETER  CORRELATION COEFFICIENTS  
       NO.  GLOBAL      8     18     19     20     22
        8  0.52883   1.000 -0.195 -0.124  0.334 -0.003
       18  0.99765  -0.195  1.000 -0.504 -0.579  0.356
       19  0.99705  -0.124 -0.504  1.000 -0.408  0.250
       20  0.99765   0.334 -0.579 -0.408  1.000 -0.649
       22  0.80469  -0.003  0.356  0.250 -0.649  1.000
MINUIT - FIT ONLY 1-y
 **********
 **   60 **RES 
 **********
                   PARAMETER   14  ANy2 RESTORED TO VARIABLE.
                   PARAMETER    7  w_CBO RESTORED TO VARIABLE.
                   PARAMETER    6  A_CBO RESTORED TO VARIABLE.
                   PARAMETER    4  phi RESTORED TO VARIABLE.
                   PARAMETER    3  A0 RESTORED TO VARIABLE.
                   PARAMETER    1  N0 RESTORED TO VARIABLE.
 **********
 **   61 **FIX            0
 **********
 PARAMETER    0  IS UNDEFINED. IGNORED.
 **********
 **   62 **FIX            1
 **********
 **********
 **   63 **FIX            2
 **********
 PARAMETER    2  IS CONSTANT.   IGNORED.
 **********
 **   64 **FIX            3
 **********
 **********
 **   65 **FIX            4
 **********
 **********
 **   66 **FIX            5
 **********
 PARAMETER    5  IS CONSTANT.   IGNORED.
 **********
 **   67 **FIX            6
 **********
 **********
 **   68 **FIX            7
 **********
 **********
 **   69 **FIX            8
 **********
 **********
 **   70 **FIX            9
 **********
 PARAMETER    9  IS CONSTANT.   IGNORED.
 **********
 **   71 **FIX           13
 **********
 PARAMETER   13  IS CONSTANT.   IGNORED.
 **********
 **   72 **FIX           14
 **********
 **********
 **   73 **FIX           15
 **********
 PARAMETER   15  IS CONSTANT.   IGNORED.
 **********
 **   74 **FIX           16
 **********
 PARAMETER   16  IS CONSTANT.   IGNORED.
 **********
 **   75 **MIGRAD
 **********
 START MIGRAD MINIMIZATION.  STRATEGY  1.  CONVERGENCE WHEN EDM .LT. 1.00e-04
 FCN=392.838 FROM MIGRAD    STATUS=INITIATE        8 CALLS         965 TOTAL
                     EDM= unknown      STRATEGY= 1      NO ERROR MATRIX       
  EXT PARAMETER               CURRENT GUESS       STEP         FIRST   
  NO.   NAME      VALUE            ERROR          SIZE      DERIVATIVE 
   1  N0           3.33775e+06     fixed    
   2  tau          6.43904e+01   constant   
   3  A0           3.52918e-01     fixed    
   4  phi          4.13034e+00     fixed    
   5  R           -6.09611e+01   constant   
   6  A_CBO        3.06859e-04     fixed    
   7  w_CBO        2.32605e+00     fixed    
   8  phi_CBO      5.72456e+00     fixed    
   9  ANx2         2.14836e-04   constant   
  10  pNx2         2.09111e+00   constant   
  11  ANy1         0.00000e+00   constant   
  12  pNy1         0.00000e+00   constant   
  13  w_y          0.00000e+00   constant   
  14  ANy2        -3.57128e-04     fixed    
  15  pNy2         1.09622e+00   constant   
  16  w_vw         1.43115e+01   constant   
  17  LM          -4.64416e-04   constant   
  18  wCBO_expCoeff   1.99619e+02   5.75713e-01   3.81661e-04   5.30848e-05
  19  wCBO_expOffset   1.99960e+02   7.72851e-02   9.53485e-05  -3.07147e-03
  20  wCBO_expT    3.00209e+01   2.56270e-02   1.70064e-05   2.51517e-02
  21  wCBO_linCoeff   0.00000e+00   constant   
  22  wCBO_const   4.39376e-03   1.19480e-03   6.87221e-06   1.61971e-01
 MIGRAD MINIMIZATION HAS CONVERGED.
 MIGRAD WILL VERIFY CONVERGENCE AND ERROR MATRIX.
 COVARIANCE MATRIX CALCULATED SUCCESSFULLY
 FCN=392.838 FROM MIGRAD    STATUS=CONVERGED      49 CALLS        1006 TOTAL
                     EDM=1.13323e-07    STRATEGY= 1      ERROR MATRIX ACCURATE 
  EXT PARAMETER                                   STEP         FIRST   
  NO.   NAME      VALUE            ERROR          SIZE      DERIVATIVE 
   1  N0           3.33775e+06     fixed    
   2  tau          6.43904e+01   constant   
   3  A0           3.52918e-01     fixed    
   4  phi          4.13034e+00     fixed    
   5  R           -6.09611e+01   constant   
   6  A_CBO        3.06859e-04     fixed    
   7  w_CBO        2.32605e+00     fixed    
   8  phi_CBO      5.72456e+00     fixed    
   9  ANx2         2.14836e-04   constant   
  10  pNx2         2.09111e+00   constant   
  11  ANy1         0.00000e+00   constant   
  12  pNy1         0.00000e+00   constant   
  13  w_y          0.00000e+00   constant   
  14  ANy2        -3.57128e-04     fixed    
  15  pNy2         1.09622e+00   constant   
  16  w_vw         1.43115e+01   constant   
  17  LM          -4.64416e-04   constant   
  18  wCBO_expCoeff   1.99619e+02   5.64595e-01   3.82182e-04  -1.84935e-03
  19  wCBO_expOffset   1.99960e+02   7.66884e-02   9.53485e-05  -1.23311e-02
  20  wCBO_expT    3.00209e+01   2.41509e-02   1.70243e-05  -1.97807e-02
  21  wCBO_linCoeff   0.00000e+00   constant   
  22  wCBO_const   4.39373e-03   1.19474e-03   6.87358e-06   7.65105e-03
 EXTERNAL ERROR MATRIX.    NDIM=  25    NPAR=  4    ERR DEF=1
  3.188e-01 -2.351e-02 -7.581e-03  2.445e-04 
 -2.351e-02  5.881e-03 -7.253e-04  2.307e-05 
 -7.581e-03 -7.253e-04  5.833e-04 -1.984e-05 
  2.445e-04  2.307e-05 -1.984e-05  1.427e-06 
 PARAMETER  CORRELATION COEFFICIENTS  
       NO.  GLOBAL     18     19     20     22
       18  0.99756   1.000 -0.543 -0.556  0.362
       19  0.99700  -0.543  1.000 -0.392  0.252
       20  0.99735  -0.556 -0.392  1.000 -0.688
       22  0.80467   0.362  0.252 -0.688  1.000
MINUIT - FIT ONLY 2-y
 **********
 **   76 **RES 
 **********
                   PARAMETER   14  ANy2 RESTORED TO VARIABLE.
                   PARAMETER    8  phi_CBO RESTORED TO VARIABLE.
                   PARAMETER    7  w_CBO RESTORED TO VARIABLE.
                   PARAMETER    6  A_CBO RESTORED TO VARIABLE.
                   PARAMETER    4  phi RESTORED TO VARIABLE.
                   PARAMETER    3  A0 RESTORED TO VARIABLE.
                   PARAMETER    1  N0 RESTORED TO VARIABLE.
 **********
 **   77 **FIX            0
 **********
 PARAMETER    0  IS UNDEFINED. IGNORED.
 **********
 **   78 **FIX            1
 **********
 **********
 **   79 **FIX            2
 **********
 PARAMETER    2  IS CONSTANT.   IGNORED.
 **********
 **   80 **FIX            3
 **********
 **********
 **   81 **FIX            4
 **********
 **********
 **   82 **FIX            5
 **********
 PARAMETER    5  IS CONSTANT.   IGNORED.
 **********
 **   83 **FIX            6
 **********
 **********
 **   84 **FIX            7
 **********
 **********
 **   85 **FIX            8
 **********
 **********
 **   86 **FIX            9
 **********
 PARAMETER    9  IS CONSTANT.   IGNORED.
 **********
 **   87 **FIX           10
 **********
 PARAMETER   10  IS CONSTANT.   IGNORED.
 **********
 **   88 **FIX           11
 **********
 PARAMETER   11  IS CONSTANT.   IGNORED.
 **********
 **   89 **FIX           12
 **********
 PARAMETER   12  IS CONSTANT.   IGNORED.
 **********
 **   90 **FIX           16
 **********
 PARAMETER   16  IS CONSTANT.   IGNORED.
 **********
 **   91 **MIGRAD
 **********
 START MIGRAD MINIMIZATION.  STRATEGY  1.  CONVERGENCE WHEN EDM .LT. 1.00e-04
 FCN=392.838 FROM MIGRAD    STATUS=INITIATE       10 CALLS        1016 TOTAL
                     EDM= unknown      STRATEGY= 1      NO ERROR MATRIX       
  EXT PARAMETER               CURRENT GUESS       STEP         FIRST   
  NO.   NAME      VALUE            ERROR          SIZE      DERIVATIVE 
   1  N0           3.33775e+06     fixed    
   2  tau          6.43904e+01   constant   
   3  A0           3.52918e-01     fixed    
   4  phi          4.13034e+00     fixed    
   5  R           -6.09611e+01   constant   
   6  A_CBO        3.06859e-04     fixed    
   7  w_CBO        2.32605e+00     fixed    
   8  phi_CBO      5.72456e+00     fixed    
   9  ANx2         2.14836e-04   constant   
  10  pNx2         2.09111e+00   constant   
  11  ANy1         0.00000e+00   constant   
  12  pNy1         0.00000e+00   constant   
  13  w_y          0.00000e+00   constant   
  14  ANy2        -3.57128e-04   4.47595e-04   4.47595e-04   1.64035e+02
  15  pNy2         1.09622e+00   constant   
  16  w_vw         1.43115e+01   constant   
  17  LM          -4.64416e-04   constant   
  18  wCBO_expCoeff   1.99619e+02   5.64595e-01   3.82182e-04  -1.88086e-03
  19  wCBO_expOffset   1.99960e+02   7.66884e-02   9.53485e-05  -1.59287e-02
  20  wCBO_expT    3.00209e+01   2.41509e-02   1.70243e-05  -2.12117e-02
  21  wCBO_linCoeff   0.00000e+00   constant   
  22  wCBO_const   4.39373e-03   1.19474e-03   6.87358e-06   7.92449e-03
 MIGRAD MINIMIZATION HAS CONVERGED.
 MIGRAD WILL VERIFY CONVERGENCE AND ERROR MATRIX.
 COVARIANCE MATRIX CALCULATED SUCCESSFULLY
 FCN=392.836 FROM MIGRAD    STATUS=CONVERGED      66 CALLS        1072 TOTAL
                     EDM=9.17363e-06    STRATEGY= 1      ERROR MATRIX ACCURATE 
  EXT PARAMETER                                   STEP         FIRST   
  NO.   NAME      VALUE            ERROR          SIZE      DERIVATIVE 
   1  N0           3.33775e+06     fixed    
   2  tau          6.43904e+01   constant   
   3  A0           3.52918e-01     fixed    
   4  phi          4.13034e+00     fixed    
   5  R           -6.09611e+01   constant   
   6  A_CBO        3.06859e-04     fixed    
   7  w_CBO        2.32605e+00     fixed    
   8  phi_CBO      5.72456e+00     fixed    
   9  ANx2         2.14836e-04   constant   
  10  pNx2         2.09111e+00   constant   
  11  ANy1         0.00000e+00   constant   
  12  pNy1         0.00000e+00   constant   
  13  w_y          0.00000e+00   constant   
  14  ANy2        -3.73532e-04   4.47785e-04   4.33184e-06  -1.61840e-02
  15  pNy2         1.09622e+00   constant   
  16  w_vw         1.43115e+01   constant   
  17  LM          -4.64416e-04   constant   
  18  wCBO_expCoeff   1.99619e+02   5.68010e-01   3.81896e-04  -6.73831e-03
  19  wCBO_expOffset   1.99960e+02   7.71612e-02   9.53485e-05  -4.47890e-02
  20  wCBO_expT    3.00209e+01   2.42592e-02   1.70113e-05   4.92980e-02
  21  wCBO_linCoeff   0.00000e+00   constant   
  22  wCBO_const   4.39352e-03   1.19698e-03   6.87339e-06   5.41917e-01
 EXTERNAL ERROR MATRIX.    NDIM=  25    NPAR=  5    ERR DEF=1
  2.005e-07 -7.466e-06 -6.215e-07  5.550e-07 -1.298e-08 
 -7.466e-06  3.226e-01 -2.387e-02 -7.652e-03  2.467e-04 
 -6.215e-07 -2.387e-02  5.954e-03 -7.313e-04  2.325e-05 
  5.550e-07 -7.652e-03 -7.313e-04  5.885e-04 -2.000e-05 
 -1.298e-08  2.467e-04  2.325e-05 -2.000e-05  1.433e-06 
 PARAMETER  CORRELATION COEFFICIENTS  
       NO.  GLOBAL     14     18     19     20     22
       14  0.05774   1.000 -0.029 -0.018  0.051 -0.024
       18  0.99759  -0.029  1.000 -0.545 -0.555  0.363
       19  0.99705  -0.018 -0.545  1.000 -0.391  0.252
       20  0.99738   0.051 -0.555 -0.391  1.000 -0.689
       22  0.80550  -0.024  0.363  0.252 -0.689  1.000
MINUIT - FIT ALTOGETHER
 **********
 **   92 **RES 
 **********
                   PARAMETER    8  phi_CBO RESTORED TO VARIABLE.
                   PARAMETER    7  w_CBO RESTORED TO VARIABLE.
                   PARAMETER    6  A_CBO RESTORED TO VARIABLE.
                   PARAMETER    4  phi RESTORED TO VARIABLE.
                   PARAMETER    3  A0 RESTORED TO VARIABLE.
                   PARAMETER    1  N0 RESTORED TO VARIABLE.
 **********
 **   93 **MIGRAD
 **********
 START MIGRAD MINIMIZATION.  STRATEGY  1.  CONVERGENCE WHEN EDM .LT. 1.00e-04
 FCN=392.836 FROM MIGRAD    STATUS=INITIATE       22 CALLS        1094 TOTAL
                     EDM= unknown      STRATEGY= 1      NO ERROR MATRIX       
  EXT PARAMETER               CURRENT GUESS       STEP         FIRST   
  NO.   NAME      VALUE            ERROR          SIZE      DERIVATIVE 
   1  N0           3.33775e+06   1.06868e+03   1.06868e+03  -2.20154e-04
   2  tau          6.43904e+01   constant   
   3  A0           3.52918e-01   4.26679e-04   4.26679e-04   3.26078e+02
   4  phi          4.13034e+00   1.24738e-03   1.24738e-03  -3.43511e+02
   5  R           -6.09611e+01   constant   
   6  A_CBO        3.06859e-04   4.45115e-04   4.45115e-04  -6.76267e+02
   7  w_CBO        2.32605e+00   6.75363e-03   6.75363e-03  -3.57117e-01
   8  phi_CBO      5.72456e+00   1.53450e+00   1.53450e+00  -1.57795e-04
   9  ANx2         2.14836e-04   constant   
  10  pNx2         2.09111e+00   constant   
  11  ANy1         0.00000e+00   constant   
  12  pNy1         0.00000e+00   constant   
  13  w_y          0.00000e+00   constant   
  14  ANy2        -3.73532e-04   4.47785e-04   4.33184e-06  -1.61845e-02
  15  pNy2         1.09622e+00   constant   
  16  w_vw         1.43115e+01   constant   
  17  LM          -4.64416e-04   constant   
  18  wCBO_expCoeff   1.99619e+02   5.68010e-01   3.81896e-04  -6.92637e-03
  19  wCBO_expOffset   1.99960e+02   7.71612e-02   9.53485e-05  -4.83353e-02
  20  wCBO_expT    3.00209e+01   2.42592e-02   1.70113e-05   4.76520e-02
  21  wCBO_linCoeff   0.00000e+00   constant   
  22  wCBO_const   4.39352e-03   1.19698e-03   6.87339e-06   5.43565e-01
 MIGRAD MINIMIZATION HAS CONVERGED.
 MIGRAD WILL VERIFY CONVERGENCE AND ERROR MATRIX.
 COVARIANCE MATRIX CALCULATED SUCCESSFULLY
 FCN=392.75 FROM HESSE     STATUS=OK            100 CALLS        1289 TOTAL
                     EDM=0.00127417    STRATEGY= 1      ERROR MATRIX ACCURATE 
  EXT PARAMETER                                   STEP         FIRST   
  NO.   NAME      VALUE            ERROR          SIZE      DERIVATIVE 
   1  N0           3.33787e+06   1.05767e+03   1.00520e+01   2.06651e-07
   2  tau          6.43904e+01   constant   
