 + ++++++++++++++++++++++++++++++++++++++++++++++++++++++++++++++++++++ +
 +                                                                      +
 +           You have chose to blind your fitting according to          +
 +                omega_ref * (1 + (R +/- deltaR) *10^{-6})             +
 +                                                                      +
 + ++++++++++++++++++++++++++++++++++++++++++++++++++++++++++++++++++++ +
In main()...
reading format from /gm2data/zkhechad/run45/envelope/formats/formatB_sBin_constraintOn.txt
pBinTau 	= 0  
pBinPhi 	= 0  
constraintau 	= 1 
includeMopTerm 	= 0    
constrainMop    = 0   
Parameters after format file: pBinTau 0 pBinPhi 0 constraintau 1 includeMopTerm 0 constrainMop 0 c_e_scale 0.000000 
reading cbo reference file (full fit) from /gm2data/zkhechad/cboTemplates/Run4CBOTemplates/fullFits/run4/sBin_constraintOn_cE0.0_seed0_run4_calo19.root
A_CBO 0.009558 w_CBO 2.327254 phi_CBO 0.902980 N0 3088607.252134 R -60.257448 tau 64.400175 
Reading cboRef file /gm2data/zkhechad/cboTemplates/Run4CBOTemplates//cboIsolate/run4_calo19.root
deltaT 12.250092
windowBins = 120
fitting sliding window 380 from bin 583 at 86.983600 to bin 703 at 104.887600 (120 bins)

Reading data from /gm2data/cornell/histograms/aMethod/histogram_a_run4.root
fitting cbo isolate
 **********
 **    1 **SET PRINTOUT            1
 **********
 **********
 **    2 **SET NOWARNINGS 
 **********
 PARAMETER DEFINITIONS:
    NO.   NAME         VALUE      STEP SIZE      LIMITS
     1 A_CBO        9.55751e-03  1.00000e-05     no limits
     2 w_CBO        2.32725e+00  1.00000e-02    2.00000e+00  3.00000e+00
     3 phi_CBO      9.02980e-01  1.00000e-02    0.00000e+00  6.28319e+00
 **********
 **    3 **MIGRAD
 **********
 FIRST CALL TO USER FUNCTION AT NEW START POINT, WITH IFLAG=4.
 START MIGRAD MINIMIZATION.  STRATEGY  1.  CONVERGENCE WHEN EDM .LT. 1.00e-04
 FCN=0.000363879 FROM MIGRAD    STATUS=INITIATE       10 CALLS          11 TOTAL
                     EDM= unknown      STRATEGY= 1      NO ERROR MATRIX       
  EXT PARAMETER               CURRENT GUESS       STEP         FIRST   
  NO.   NAME      VALUE            ERROR          SIZE      DERIVATIVE 
   1  A_CBO        9.55751e-03   1.00000e-05   1.00000e-05   2.57534e-01
   2  w_CBO        2.32725e+00   1.00000e-02   2.13147e-02  -1.28340e-02
   3  phi_CBO      9.02980e-01   1.00000e-02   4.53699e-03   6.27796e-04
 MIGRAD MINIMIZATION HAS CONVERGED.
 MIGRAD WILL VERIFY CONVERGENCE AND ERROR MATRIX.
 FCN=8.72023e-05 FROM MIGRAD    STATUS=CONVERGED      43 CALLS          44 TOTAL
                     EDM=3.21998e-07    STRATEGY= 1      ERR MATRIX NOT POS-DEF
  EXT PARAMETER                APPROXIMATE        STEP         FIRST   
  NO.   NAME      VALUE            ERROR          SIZE      DERIVATIVE 
   1  A_CBO        7.40182e-03   1.29619e-01   6.28283e-05  -4.23902e-03
   2  w_CBO        2.32741e+00   5.29635e-01   1.89688e-04   9.01382e-05
   3  phi_CBO      8.88257e-01   3.54812e+00   3.95751e-03  -9.64851e-06
 EXTERNAL ERROR MATRIX.    NDIM=  25    NPAR=  3    ERR DEF=1
  1.680e-02 -5.060e-02 -4.871e+00 
 -5.060e-02  8.354e+00  7.970e+02 
 -4.871e+00  7.970e+02  7.634e+04 
ERR MATRIX NOT POS-DEF
 PARAMETER  CORRELATION COEFFICIENTS  
       NO.  GLOBAL      1      2      3
        1  0.13648   1.000 -0.135 -0.136
        2  0.99800  -0.135  1.000  0.998
        3  0.99800  -0.136  0.998  1.000
 ERR MATRIX NOT POS-DEF
setting A_CBO=0.007402 w_CBO=2.327412, phi_CBO=0.888257
done fitting cbo isolate
 **********
 **    1 **SET PRINTOUT            1
 **********
 **********
 **    2 **SET NOWARNINGS 
 **********
 PARAMETER DEFINITIONS:
    NO.   NAME         VALUE      STEP SIZE      LIMITS
     1 N0           3.08861e+06  1.00000e+02     no limits
     2 tau          6.44002e+01  constant
     3 A0           3.48093e-01  1.00000e-04     no limits
     4 phi          4.13197e+00  1.00000e-02     no limits
     5 R           -6.02574e+01  constant
     6 A_CBO        7.40182e-03  1.00000e-05     no limits
     7 w_CBO        2.32741e+00  1.00000e-03     no limits
     8 phi_CBO      8.88257e-01  1.00000e-04     no limits
     9 ANx2         2.45054e-04  constant
    10 pNx2         5.52114e+00  constant
    11 ANy1         0.00000e+00  constant
    12 pNy1         0.00000e+00  constant
    13 w_y          0.00000e+00  constant
    14 ANy2         1.46670e-02  1.00000e-04     no limits
    15 pNy2         3.05066e+00  constant
    16 w_vw         1.43134e+01  constant
    17 LM          -3.45580e-05  constant
    18 wCBO_expCoeff   2.00000e+02  1.00000e+00     no limits
    19 wCBO_expOffset   2.00000e+02  1.00000e+00     no limits
    20 wCBO_expT    3.00000e+01  1.00000e+00     no limits
    21 wCBO_linCoeff   0.00000e+00  constant
    22 wCBO_const   0.00000e+00  1.00000e-02     no limits
MINUIT - FIT ONLY WIGGLE
 **********
 **    3 **FIX            5
 **********
 PARAMETER    5  IS CONSTANT.   IGNORED.
 **********
 **    4 **FIX            6
 **********
 **********
 **    5 **FIX            7
 **********
 **********
 **    6 **FIX            8
 **********
 **********
 **    7 **FIX            9
 **********
 PARAMETER    9  IS CONSTANT.   IGNORED.
 **********
 **    8 **FIX           10
 **********
 PARAMETER   10  IS CONSTANT.   IGNORED.
 **********
 **    9 **FIX           11
 **********
 PARAMETER   11  IS CONSTANT.   IGNORED.
 **********
 **   10 **FIX           12
 **********
 PARAMETER   12  IS CONSTANT.   IGNORED.
 **********
 **   11 **FIX           13
 **********
 PARAMETER   13  IS CONSTANT.   IGNORED.
 **********
 **   12 **FIX           14
 **********
 **********
 **   13 **FIX           15
 **********
 PARAMETER   15  IS CONSTANT.   IGNORED.
 **********
 **   14 **FIX           16
 **********
 PARAMETER   16  IS CONSTANT.   IGNORED.
 **********
 **   15 **MIGRAD
 **********
 FIRST CALL TO USER FUNCTION AT NEW START POINT, WITH IFLAG=4.
 START MIGRAD MINIMIZATION.  STRATEGY  1.  CONVERGENCE WHEN EDM .LT. 1.00e-04
 FCN=8492.55 FROM MIGRAD    STATUS=INITIATE       34 CALLS          35 TOTAL
                     EDM= unknown      STRATEGY= 1      NO ERROR MATRIX       
  EXT PARAMETER               CURRENT GUESS       STEP         FIRST   
  NO.   NAME      VALUE            ERROR          SIZE      DERIVATIVE 
   1  N0           3.08861e+06   1.00000e+02   1.00000e+02  -2.08134e-02
   2  tau          6.44002e+01   constant   
   3  A0           3.48093e-01   1.00000e-04   1.00000e-04  -1.02101e+04
   4  phi          4.13197e+00   1.00000e-02   1.00000e-02   2.91720e+04
   5  R           -6.02574e+01   constant   
   6  A_CBO        7.40182e-03     fixed    
   7  w_CBO        2.32741e+00     fixed    
   8  phi_CBO      8.88257e-01     fixed    
   9  ANx2         2.45054e-04   constant   
  10  pNx2         5.52114e+00   constant   
  11  ANy1         0.00000e+00   constant   
  12  pNy1         0.00000e+00   constant   
  13  w_y          0.00000e+00   constant   
  14  ANy2         1.46670e-02     fixed    
  15  pNy2         3.05066e+00   constant   
  16  w_vw         1.43134e+01   constant   
  17  LM          -3.45580e-05   constant   
  18  wCBO_expCoeff   2.00000e+02   1.00000e+00   1.00000e+00   3.31574e+05
  19  wCBO_expOffset   2.00000e+02   1.00000e+00   1.00000e+00   1.67041e+06
  20  wCBO_expT    3.00000e+01   1.00000e+00   1.00000e+00   1.06023e+06
  21  wCBO_linCoeff   0.00000e+00   constant   
  22  wCBO_const   0.00000e+00   1.00000e-02   1.00000e-02  -1.28468e+05
 MIGRAD FAILS TO FIND IMPROVEMENT
 FCN=8193.49 FROM HESSE     STATUS=NOT POSDEF     56 CALLS         161 TOTAL
                     EDM=48.234    STRATEGY= 1      ERR MATRIX NOT POS-DEF
  EXT PARAMETER                APPROXIMATE        STEP         FIRST   
  NO.   NAME      VALUE            ERROR          SIZE      DERIVATIVE 
   1  N0           3.08866e+06   8.85178e+02   1.75548e+01  -9.56772e-03
   2  tau          6.44002e+01   constant   
   3  A0           3.48100e-01   2.14489e-04   7.65431e-06  -6.62501e+04
   4  phi          4.13186e+00   5.24759e-04   2.23729e-05   7.10982e+03
   5  R           -6.02574e+01   constant   
   6  A_CBO        7.40182e-03     fixed    
   7  w_CBO        2.32741e+00     fixed    
   8  phi_CBO      8.88257e-01     fixed    
   9  ANx2         2.45054e-04   constant   
  10  pNx2         5.52114e+00   constant   
  11  ANy1         0.00000e+00   constant   
  12  pNy1         0.00000e+00   constant   
  13  w_y          0.00000e+00   constant   
  14  ANy2         1.46670e-02     fixed    
  15  pNy2         3.05066e+00   constant   
  16  w_vw         1.43134e+01   constant   
  17  LM          -3.45580e-05   constant   
  18  wCBO_expCoeff   2.00000e+02   6.49607e-05   9.53674e-05  -9.04187e+04
  19  wCBO_expOffset   2.00000e+02   3.22122e-05   9.53674e-05  -3.57185e+05
  20  wCBO_expT    3.00000e+01   3.02184e-06   1.43051e-05   2.44967e+06
  21  wCBO_linCoeff   0.00000e+00   constant   
  22  wCBO_const   1.36009e-04   9.51840e-04   1.01378e-05   1.31853e+03
 MIGRAD FAILS TO FIND IMPROVEMENT
 MIGRAD TERMINATED WITHOUT CONVERGENCE.
 FCN=8152.28 FROM MIGRAD    STATUS=FAILED        221 CALLS         222 TOTAL
                     EDM=1.19906    STRATEGY= 1      ERR MATRIX NOT POS-DEF
  EXT PARAMETER                APPROXIMATE        STEP         FIRST   
  NO.   NAME      VALUE            ERROR          SIZE      DERIVATIVE 
   1  N0           3.08951e+06   4.38784e+02   0.00000e+00   3.23049e-04
   2  tau          6.44002e+01   constant   
   3  A0           3.49128e-01   3.78616e-04   0.00000e+00  -2.04144e+02
   4  phi          4.13101e+00   7.75253e-04   0.00000e+00  -7.27037e+02
   5  R           -6.02574e+01   constant   
   6  A_CBO        7.40182e-03     fixed    
   7  w_CBO        2.32741e+00     fixed    
   8  phi_CBO      8.88257e-01     fixed    
   9  ANx2         2.45054e-04   constant   
  10  pNx2         5.52114e+00   constant   
  11  ANy1         0.00000e+00   constant   
  12  pNy1         0.00000e+00   constant   
  13  w_y          0.00000e+00   constant   
  14  ANy2         1.46670e-02     fixed    
  15  pNy2         3.05066e+00   constant   
  16  w_vw         1.43134e+01   constant   
  17  LM          -3.45580e-05   constant   
  18  wCBO_expCoeff   2.00000e+02   1.67901e-05  -0.00000e+00   2.00171e+04
  19  wCBO_expOffset   2.00000e+02   8.05916e-06  -0.00000e+00   5.11514e+05
  20  wCBO_expT    3.00000e+01   2.44161e-06  -0.00000e+00   1.39780e+06
  21  wCBO_linCoeff   0.00000e+00   constant   
  22  wCBO_const   1.62030e-04   2.62166e-04  -0.00000e+00   4.27493e+01
 EXTERNAL ERROR MATRIX.    NDIM=  25    NPAR=  7    ERR DEF=1
  1.925e+05  1.047e-01  1.693e-01 -4.648e-03 -2.410e-03 -7.259e-04 -3.517e-02 
  1.047e-01  1.434e-07  2.166e-07 -5.328e-09 -2.876e-09 -8.627e-10 -3.039e-08 
  1.693e-01  2.166e-07  6.010e-07 -9.185e-09 -5.234e-09 -1.562e-09 -5.883e-08 
 -4.648e-03 -5.328e-09 -9.185e-09  2.819e-10  1.203e-10  3.767e-11  6.364e-10 
 -2.410e-03 -2.876e-09 -5.234e-09  1.203e-10  6.495e-11  1.949e-11  9.875e-10 
 -7.259e-04 -8.627e-10 -1.562e-09  3.767e-11  1.949e-11  5.961e-12  2.846e-10 
 -3.517e-02 -3.039e-08 -5.883e-08  6.364e-10  9.875e-10  2.846e-10  6.873e-08 
ERR MATRIX NOT POS-DEF
 PARAMETER  CORRELATION COEFFICIENTS  
       NO.  GLOBAL      1      3      4     18     19     20     22
        1  0.94225   1.000  0.630  0.498 -0.631 -0.682 -0.678 -0.306
        3  0.99972   0.630  1.000  0.738 -0.838 -0.943 -0.933 -0.306
        4  0.99903   0.498  0.738  1.000 -0.706 -0.838 -0.825 -0.289
       18  0.99981  -0.631 -0.838 -0.706  1.000  0.889  0.919  0.145
       19  0.99978  -0.682 -0.943 -0.838  0.889  1.000  0.990  0.467
       20  0.99991  -0.678 -0.933 -0.825  0.919  0.990  1.000  0.445
       22  0.99928  -0.306 -0.306 -0.289  0.145  0.467  0.445  1.000
 ERR MATRIX NOT POS-DEF
MINUIT - FIT ONLY 1-CBO + other amplitudes 
 **********
 **   16 **RES 
 **********
                   PARAMETER   14  ANy2 RESTORED TO VARIABLE.
                   PARAMETER    8  phi_CBO RESTORED TO VARIABLE.
                   PARAMETER    7  w_CBO RESTORED TO VARIABLE.
                   PARAMETER    6  A_CBO RESTORED TO VARIABLE.
 **********
 **   17 **FIX            0
 **********
 PARAMETER    0  IS UNDEFINED. IGNORED.
 **********
 **   18 **FIX            1
 **********
 **********
 **   19 **FIX            2
 **********
 PARAMETER    2  IS CONSTANT.   IGNORED.
 **********
 **   20 **FIX            3
 **********
 **********
 **   21 **FIX            4
 **********
 **********
 **   22 **FIX            9
 **********
 PARAMETER    9  IS CONSTANT.   IGNORED.
 **********
 **   23 **FIX           11
 **********
 PARAMETER   11  IS CONSTANT.   IGNORED.
 **********
 **   24 **FIX           12
 **********
 PARAMETER   12  IS CONSTANT.   IGNORED.
 **********
 **   25 **FIX           14
 **********
 **********
 **   26 **FIX           15
 **********
 PARAMETER   15  IS CONSTANT.   IGNORED.
 **********
 **   27 **FIX           16
 **********
 PARAMETER   16  IS CONSTANT.   IGNORED.
 **********
 **   28 **MIGRAD
 **********
 START MIGRAD MINIMIZATION.  STRATEGY  1.  CONVERGENCE WHEN EDM .LT. 1.00e-04
 FCN=8152.28 FROM MIGRAD    STATUS=INITIATE       22 CALLS         244 TOTAL
                     EDM= unknown      STRATEGY= 1      NO ERROR MATRIX       
  EXT PARAMETER               CURRENT GUESS       STEP         FIRST   
  NO.   NAME      VALUE            ERROR          SIZE      DERIVATIVE 
   1  N0           3.08951e+06     fixed    
   2  tau          6.44002e+01   constant   
   3  A0           3.49128e-01     fixed    
   4  phi          4.13101e+00     fixed    
   5  R           -6.02574e+01   constant   
   6  A_CBO        7.40182e-03   1.00000e-05   1.00000e-05   3.33500e+05
   7  w_CBO        2.32741e+00   1.00000e-03   1.00000e-03   1.72250e+06
   8  phi_CBO      8.88257e-01   1.00000e-04   1.00000e-04   3.42530e+01
   9  ANx2         2.45054e-04   constant   
  10  pNx2         5.52114e+00   constant   
  11  ANy1         0.00000e+00   constant   
  12  pNy1         0.00000e+00   constant   
  13  w_y          0.00000e+00   constant   
  14  ANy2         1.46670e-02     fixed    
  15  pNy2         3.05066e+00   constant   
  16  w_vw         1.43134e+01   constant   
  17  LM          -3.45580e-05   constant   
  18  wCBO_expCoeff   2.00000e+02   1.67901e-05  -0.00000e+00   2.00171e+04
  19  wCBO_expOffset   2.00000e+02   8.05916e-06  -0.00000e+00   5.11514e+05
  20  wCBO_expT    3.00000e+01   2.44161e-06  -0.00000e+00   1.39780e+06
  21  wCBO_linCoeff   0.00000e+00   constant   
  22  wCBO_const   1.62030e-04   2.62166e-04  -0.00000e+00   4.27551e+01
 MIGRAD FAILS TO FIND IMPROVEMENT
 FCN=7276.06 FROM HESSE     STATUS=NOT POSDEF     58 CALLS        1189 TOTAL
                     EDM=161.609    STRATEGY= 1      ERR MATRIX NOT POS-DEF
  EXT PARAMETER                APPROXIMATE        STEP         FIRST   
  NO.   NAME      VALUE            ERROR          SIZE      DERIVATIVE 
   1  N0           3.08951e+06     fixed    
   2  tau          6.44002e+01   constant   
   3  A0           3.49128e-01     fixed    
   4  phi          4.13101e+00     fixed    
   5  R           -6.02574e+01   constant   
   6  A_CBO        2.15136e-03   1.32689e-03   7.36308e-06   1.23300e+03
   7  w_CBO        2.32741e+00   6.32868e-07   1.10980e-06  -1.34761e+07
   8  phi_CBO      7.93954e-01   1.34404e-01   3.66092e-03   4.53335e+01
   9  ANx2         2.45054e-04   constant   
  10  pNx2         5.52114e+00   constant   
  11  ANy1         0.00000e+00   constant   
  12  pNy1         0.00000e+00   constant   
  13  w_y          0.00000e+00   constant   
  14  ANy2         1.46670e-02     fixed    
  15  pNy2         3.05066e+00   constant   
  16  w_vw         1.43134e+01   constant   
  17  LM          -3.45580e-05   constant   
  18  wCBO_expCoeff   2.00000e+02   5.43844e-05   9.53674e-05  -1.56798e+05
  19  wCBO_expOffset   2.00000e+02   4.04425e-05   9.53674e-05  -1.07891e+06
  20  wCBO_expT    3.00000e+01   4.87720e-06   1.43051e-05   5.80509e+06
  21  wCBO_linCoeff   0.00000e+00   constant   
  22  wCBO_const  -7.82233e-05   8.14652e-04   1.31494e-05  -4.99464e+03
 CALL LIMIT EXCEEDED IN MIGRAD.
 MIGRAD TERMINATED WITHOUT CONVERGENCE.
 FCN=7269.95 FROM MIGRAD    STATUS=CALL LIMIT   1153 CALLS        1375 TOTAL
                     EDM=0.358297    STRATEGY= 1      ERR MATRIX NOT POS-DEF
  EXT PARAMETER                APPROXIMATE        STEP         FIRST   
  NO.   NAME      VALUE            ERROR          SIZE      DERIVATIVE 
   1  N0           3.08951e+06     fixed    
   2  tau          6.44002e+01   constant   
   3  A0           3.49128e-01     fixed    
   4  phi          4.13101e+00     fixed    
   5  R           -6.02574e+01   constant   
   6  A_CBO        2.04615e-03   1.27705e-04  -1.03775e-05  -6.31312e+03
   7  w_CBO        2.32741e+00   1.35686e-07   7.02024e-09  -2.12363e+06
   8  phi_CBO      3.86693e-01   1.22814e-01   2.78965e-03   2.44160e+00
   9  ANx2         2.45054e-04   constant   
  10  pNx2         5.52114e+00   constant   
  11  ANy1         0.00000e+00   constant   
  12  pNy1         0.00000e+00   constant   
  13  w_y          0.00000e+00   constant   
  14  ANy2         1.46670e-02     fixed    
  15  pNy2         3.05066e+00   constant   
  16  w_vw         1.43134e+01   constant   
  17  LM          -3.45580e-05   constant   
  18  wCBO_expCoeff   2.00000e+02   1.16618e-05   6.03445e-07  -2.47172e+04
  19  wCBO_expOffset   2.00000e+02   3.44023e-06   2.24957e-07  -7.23696e+04
  20  wCBO_expT    3.00000e+01   1.47665e-06   1.18759e-07  -8.19977e+05
  21  wCBO_linCoeff   0.00000e+00   constant   
  22  wCBO_const   3.25976e-06   3.46785e-04   1.95859e-05  -2.00924e+03
 EXTERNAL ERROR MATRIX.    NDIM=  25    NPAR=  7    ERR DEF=1
  1.631e-08 -9.485e-12 -4.279e-06 -8.153e-10 -3.653e-10 -1.757e-10 -2.180e-08 
 -9.485e-12  1.841e-14  8.871e-09  6.864e-13  2.931e-13  1.282e-13  1.396e-12 
 -4.279e-06  8.871e-09  1.508e-02  7.624e-07  2.029e-07  6.077e-08  2.550e-06 
 -8.153e-10  6.864e-13  7.624e-07  1.360e-10  2.519e-11  1.102e-11  1.202e-10 
 -3.653e-10  2.931e-13  2.029e-07  2.519e-11  1.184e-11  4.539e-12  3.066e-10 
 -1.757e-10  1.282e-13  6.077e-08  1.102e-11  4.539e-12  2.181e-12  2.275e-10 
 -2.180e-08  1.396e-12  2.550e-06  1.202e-10  3.066e-10  2.275e-10  1.203e-07 
ERR MATRIX NOT POS-DEF
 PARAMETER  CORRELATION COEFFICIENTS  
       NO.  GLOBAL      6      7      8     18     19     20     22
        6  0.93805   1.000 -0.547 -0.273 -0.547 -0.832 -0.932 -0.492
        7  0.81620  -0.547  1.000  0.532  0.434  0.628  0.640  0.030
        8  0.78776  -0.273  0.532  1.000  0.532  0.480  0.335  0.060
       18  0.81620  -0.547  0.434  0.532  1.000  0.628  0.640  0.030
       19  0.93230  -0.832  0.628  0.480  0.628  1.000  0.893  0.257
       20  0.97473  -0.932  0.640  0.335  0.640  0.893  1.000  0.444
       22  0.76126  -0.492  0.030  0.060  0.030  0.257  0.444  1.000
 ERR MATRIX NOT POS-DEF
MINUIT - FIT ONLY 1-CBO
 **********
 **   29 **RES 
 **********
                   PARAMETER   14  ANy2 RESTORED TO VARIABLE.
                   PARAMETER    4  phi RESTORED TO VARIABLE.
                   PARAMETER    3  A0 RESTORED TO VARIABLE.
                   PARAMETER    1  N0 RESTORED TO VARIABLE.
 **********
 **   30 **FIX            0
 **********
 PARAMETER    0  IS UNDEFINED. IGNORED.
 **********
 **   31 **FIX            1
 **********
 **********
 **   32 **FIX            2
 **********
 PARAMETER    2  IS CONSTANT.   IGNORED.
 **********
 **   33 **FIX            3
 **********
 **********
 **   34 **FIX            4
 **********
 **********
 **   35 **FIX            8
 **********
 **********
 **   36 **FIX            9
 **********
 PARAMETER    9  IS CONSTANT.   IGNORED.
 **********
 **   37 **FIX           11
 **********
 PARAMETER   11  IS CONSTANT.   IGNORED.
 **********
 **   38 **FIX           12
 **********
 PARAMETER   12  IS CONSTANT.   IGNORED.
 **********
 **   39 **FIX           13
 **********
 PARAMETER   13  IS CONSTANT.   IGNORED.
 **********
 **   40 **FIX           15
 **********
 PARAMETER   15  IS CONSTANT.   IGNORED.
 **********
 **   41 **FIX           16
 **********
 PARAMETER   16  IS CONSTANT.   IGNORED.
 **********
 **   42 **MIGRAD
 **********
 START MIGRAD MINIMIZATION.  STRATEGY  1.  CONVERGENCE WHEN EDM .LT. 1.00e-04
 FCN=7269.95 FROM MIGRAD    STATUS=INITIATE       16 CALLS        1391 TOTAL
                     EDM= unknown      STRATEGY= 1      NO ERROR MATRIX       
  EXT PARAMETER               CURRENT GUESS       STEP         FIRST   
  NO.   NAME      VALUE            ERROR          SIZE      DERIVATIVE 
   1  N0           3.08951e+06     fixed    
   2  tau          6.44002e+01   constant   
   3  A0           3.49128e-01     fixed    
   4  phi          4.13101e+00     fixed    
   5  R           -6.02574e+01   constant   
   6  A_CBO        2.04615e-03   1.27705e-04  -1.03775e-05  -6.31312e+03
   7  w_CBO        2.32741e+00   1.35686e-07   7.02024e-09  -2.12363e+06
   8  phi_CBO      3.86693e-01     fixed    
   9  ANx2         2.45054e-04   constant   
  10  pNx2         5.52114e+00   constant   
  11  ANy1         0.00000e+00   constant   
  12  pNy1         0.00000e+00   constant   
  13  w_y          0.00000e+00   constant   
  14  ANy2         1.46670e-02   1.00000e-04   1.00000e-04   8.13713e+05
  15  pNy2         3.05066e+00   constant   
  16  w_vw         1.43134e+01   constant   
  17  LM          -3.45580e-05   constant   
  18  wCBO_expCoeff   2.00000e+02   1.16618e-05   6.03445e-07  -2.47172e+04
  19  wCBO_expOffset   2.00000e+02   3.44023e-06   2.24957e-07  -7.23696e+04
  20  wCBO_expT    3.00000e+01   1.47665e-06   1.18759e-07  -8.19977e+05
  21  wCBO_linCoeff   0.00000e+00   constant   
  22  wCBO_const   3.25976e-06   3.46785e-04   1.95859e-05  -2.00924e+03
 MIGRAD FAILS TO FIND IMPROVEMENT
 FCN=1702.56 FROM HESSE     STATUS=NOT POSDEF     58 CALLS        1492 TOTAL
                     EDM=234.648    STRATEGY= 1      ERR MATRIX NOT POS-DEF
  EXT PARAMETER                APPROXIMATE        STEP         FIRST   
  NO.   NAME      VALUE            ERROR          SIZE      DERIVATIVE 
   1  N0           3.08951e+06     fixed    
   2  tau          6.44002e+01   constant   
   3  A0           3.49128e-01     fixed    
   4  phi          4.13101e+00     fixed    
   5  R           -6.02574e+01   constant   
   6  A_CBO        1.88844e-04   1.92091e-04   3.57639e-06   6.27667e+03
   7  w_CBO        2.32741e+00   2.29368e-06   1.10980e-06   1.42757e+07
   8  phi_CBO      3.86693e-01     fixed    
   9  ANx2         2.45054e-04   constant   
  10  pNx2         5.52114e+00   constant   
  11  ANy1         0.00000e+00   constant   
  12  pNy1         0.00000e+00   constant   
  13  w_y          0.00000e+00   constant   
  14  ANy2         9.72911e-04   2.65363e-04   3.65655e-06  -6.14250e+02
  15  pNy2         3.05066e+00   constant   
  16  w_vw         1.43134e+01   constant   
  17  LM          -3.45580e-05   constant   
  18  wCBO_expCoeff   2.00000e+02   1.97127e-04   9.53674e-05   1.66114e+05
  19  wCBO_expOffset   2.00000e+02   6.82518e-05   9.53674e-05   9.05720e+05
  20  wCBO_expT    3.00000e+01   2.38008e-05   1.43051e-05  -4.13937e+06
  21  wCBO_linCoeff   0.00000e+00   constant   
  22  wCBO_const  -1.97117e-04   8.81404e-03   1.39488e-05   2.79301e+03
 MIGRAD FAILS TO FIND IMPROVEMENT
 MIGRAD TERMINATED WITHOUT CONVERGENCE.
 FCN=1679.83 FROM MIGRAD    STATUS=FAILED        153 CALLS        1528 TOTAL
                     EDM=836.26    STRATEGY= 1      ERR MATRIX NOT POS-DEF
  EXT PARAMETER                APPROXIMATE        STEP         FIRST   
  NO.   NAME      VALUE            ERROR          SIZE      DERIVATIVE 
   1  N0           3.08951e+06     fixed    
   2  tau          6.44002e+01   constant   
   3  A0           3.49128e-01     fixed    
   4  phi          4.13101e+00     fixed    
   5  R           -6.02574e+01   constant   
   6  A_CBO        1.11402e-03   2.01306e-04   0.00000e+00  -3.24246e+03
   7  w_CBO        2.32741e+00   9.72522e-07   0.00000e+00  -6.68462e+06
   8  phi_CBO      3.86693e-01     fixed    
   9  ANx2         2.45054e-04   constant   
  10  pNx2         5.52114e+00   constant   
  11  ANy1         0.00000e+00   constant   
  12  pNy1         0.00000e+00   constant   
  13  w_y          0.00000e+00   constant   
  14  ANy2         1.30450e-03   1.85486e-04  -0.00000e+00   1.83883e+04
  15  pNy2         3.05066e+00   constant   
  16  w_vw         1.43134e+01   constant   
  17  LM          -3.45580e-05   constant   
  18  wCBO_expCoeff   2.00000e+02   8.35811e-05   0.00000e+00  -7.77877e+04
  19  wCBO_expOffset   2.00000e+02   2.56519e-05   0.00000e+00  -1.71956e+05
  20  wCBO_expT    3.00000e+01   1.36283e-05   0.00000e+00  -1.37615e+06
  21  wCBO_linCoeff   0.00000e+00   constant   
  22  wCBO_const   7.32824e-03   4.39474e-03  -0.00000e+00  -2.31937e+03
 EXTERNAL ERROR MATRIX.    NDIM=  25    NPAR=  7    ERR DEF=1
  4.052e-08  5.082e-11 -2.152e-09  4.367e-09  6.069e-10  1.208e-09 -3.369e-07 
  5.082e-11  9.458e-13 -6.734e-11  7.764e-11  2.064e-11  1.172e-11 -4.047e-09 
 -2.152e-09 -6.734e-11  3.441e-08 -5.787e-09 -1.513e-09 -1.014e-09  3.251e-07 
  4.367e-09  7.764e-11 -5.787e-09  6.986e-09  1.774e-09  1.007e-09 -3.478e-07 
  6.069e-10  2.064e-11 -1.513e-09  1.774e-09  6.580e-10  2.555e-10 -8.823e-08 
  1.208e-09  1.172e-11 -1.014e-09  1.007e-09  2.555e-10  1.857e-10 -5.803e-08 
 -3.369e-07 -4.047e-09  3.251e-07 -3.478e-07 -8.823e-08 -5.803e-08  1.931e-05 
ERR MATRIX NOT POS-DEF
 PARAMETER  CORRELATION COEFFICIENTS  
       NO.  GLOBAL      6      7     14     18     19     20     22
        6  0.56897   1.000  0.260 -0.058  0.260  0.118  0.440 -0.381
        7  0.96910   0.260  1.000 -0.373  0.955  0.827  0.884 -0.947
       14  0.42341  -0.058 -0.373  1.000 -0.373 -0.318 -0.401  0.399
       18  0.96910   0.260  0.955 -0.373  1.000  0.827  0.884 -0.947
       19  0.84517   0.118  0.827 -0.318  0.827  1.000  0.731 -0.783
       20  0.97709   0.440  0.884 -0.401  0.884  0.731  1.000 -0.969
       22  0.99046  -0.381 -0.947  0.399 -0.947 -0.783 -0.969  1.000
 ERR MATRIX NOT POS-DEF
MINUIT - FIT ONLY 2-CBO
 **********
 **   43 **RES 
 **********
                   PARAMETER    8  phi_CBO RESTORED TO VARIABLE.
                   PARAMETER    4  phi RESTORED TO VARIABLE.
                   PARAMETER    3  A0 RESTORED TO VARIABLE.
                   PARAMETER    1  N0 RESTORED TO VARIABLE.
 **********
 **   44 **FIX            0
 **********
 PARAMETER    0  IS UNDEFINED. IGNORED.
 **********
 **   45 **FIX            1
 **********
 **********
 **   46 **FIX            2
 **********
 PARAMETER    2  IS CONSTANT.   IGNORED.
 **********
 **   47 **FIX            3
 **********
 **********
 **   48 **FIX            4
 **********
 **********
 **   49 **FIX            5
 **********
 PARAMETER    5  IS CONSTANT.   IGNORED.
 **********
 **   50 **FIX            6
 **********
 **********
 **   51 **FIX            7
 **********
 **********
 **   52 **FIX           10
 **********
 PARAMETER   10  IS CONSTANT.   IGNORED.
 **********
 **   53 **FIX           11
 **********
 PARAMETER   11  IS CONSTANT.   IGNORED.
 **********
 **   54 **FIX           12
 **********
 PARAMETER   12  IS CONSTANT.   IGNORED.
 **********
 **   55 **FIX           13
 **********
 PARAMETER   13  IS CONSTANT.   IGNORED.
 **********
 **   56 **FIX           14
 **********
 **********
 **   57 **FIX           15
 **********
 PARAMETER   15  IS CONSTANT.   IGNORED.
 **********
 **   58 **FIX           16
 **********
 PARAMETER   16  IS CONSTANT.   IGNORED.
 **********
 **   59 **MIGRAD
 **********
 START MIGRAD MINIMIZATION.  STRATEGY  1.  CONVERGENCE WHEN EDM .LT. 1.00e-04
 FCN=1679.83 FROM MIGRAD    STATUS=INITIATE       12 CALLS        1540 TOTAL
                     EDM= unknown      STRATEGY= 1      NO ERROR MATRIX       
  EXT PARAMETER               CURRENT GUESS       STEP         FIRST   
  NO.   NAME      VALUE            ERROR          SIZE      DERIVATIVE 
   1  N0           3.08951e+06     fixed    
   2  tau          6.44002e+01   constant   
   3  A0           3.49128e-01     fixed    
   4  phi          4.13101e+00     fixed    
   5  R           -6.02574e+01   constant   
   6  A_CBO        1.11402e-03     fixed    
   7  w_CBO        2.32741e+00     fixed    
   8  phi_CBO      3.86693e-01   1.22814e-01   1.22814e-01   4.46811e+00
   9  ANx2         2.45054e-04   constant   
  10  pNx2         5.52114e+00   constant   
  11  ANy1         0.00000e+00   constant   
  12  pNy1         0.00000e+00   constant   
  13  w_y          0.00000e+00   constant   
  14  ANy2         1.30450e-03     fixed    
  15  pNy2         3.05066e+00   constant   
  16  w_vw         1.43134e+01   constant   
  17  LM          -3.45580e-05   constant   
  18  wCBO_expCoeff   2.00000e+02   8.35811e-05   0.00000e+00  -7.77877e+04
  19  wCBO_expOffset   2.00000e+02   2.56519e-05   0.00000e+00  -1.71956e+05
  20  wCBO_expT    3.00000e+01   1.36283e-05   0.00000e+00  -1.37615e+06
  21  wCBO_linCoeff   0.00000e+00   constant   
  22  wCBO_const   7.32824e-03   4.39474e-03  -0.00000e+00  -2.31938e+03
 MIGRAD FAILS TO FIND IMPROVEMENT
 COVARIANCE MATRIX CALCULATED SUCCESSFULLY
 FCN=1679.35 FROM HESSE     STATUS=OK             37 CALLS        1600 TOTAL
                     EDM=54.9451    STRATEGY= 1      ERROR MATRIX ACCURATE 
  EXT PARAMETER                                   STEP         FIRST   
  NO.   NAME      VALUE            ERROR          SIZE      DERIVATIVE 
   1  N0           3.08951e+06     fixed    
   2  tau          6.44002e+01   constant   
   3  A0           3.49128e-01     fixed    
   4  phi          4.13101e+00     fixed    
   5  R           -6.02574e+01   constant   
   6  A_CBO        1.11402e-03     fixed    
   7  w_CBO        2.32741e+00     fixed    
   8  phi_CBO      3.70150e-01   7.92158e-01   3.09632e-03  -4.23112e+00
   9  ANx2         2.45054e-04   constant   
  10  pNx2         5.52114e+00   constant   
  11  ANy1         0.00000e+00   constant   
  12  pNy1         0.00000e+00   constant   
  13  w_y          0.00000e+00   constant   
  14  ANy2         1.30450e-03     fixed    
  15  pNy2         3.05066e+00   constant   
  16  w_vw         1.43134e+01   constant   
  17  LM          -3.45580e-05   constant   
  18  wCBO_expCoeff   2.00000e+02   1.32065e-04   9.53672e-05  -6.21966e+03
  19  wCBO_expOffset   2.00000e+02   4.01199e-05   9.53673e-05   3.26457e+05
  20  wCBO_expT    3.00000e+01   5.17984e-06   1.43051e-05   3.39521e+05
  21  wCBO_linCoeff   0.00000e+00   constant   
  22  wCBO_const   7.43462e-03   4.30805e-03   1.08984e-05   5.78573e+02
 MIGRAD FAILS TO FIND IMPROVEMENT
 MIGRAD TERMINATED WITHOUT CONVERGENCE.
 FCN=1679.31 FROM MIGRAD    STATUS=FAILED        134 CALLS        1662 TOTAL
                     EDM=4.18671    STRATEGY= 1  ERROR MATRIX UNCERTAINTY  50.1 per cent
  EXT PARAMETER                APPROXIMATE        STEP         FIRST   
  NO.   NAME      VALUE            ERROR          SIZE      DERIVATIVE 
   1  N0           3.08951e+06     fixed    
   2  tau          6.44002e+01   constant   
   3  A0           3.49128e-01     fixed    
   4  phi          4.13101e+00     fixed    
   5  R           -6.02574e+01   constant   
   6  A_CBO        1.11402e-03     fixed    
   7  w_CBO        2.32741e+00     fixed    
   8  phi_CBO      3.86862e-01   3.33573e-01   0.00000e+00  -1.61732e+00
   9  ANx2         2.45054e-04   constant   
  10  pNx2         5.52114e+00   constant   
  11  ANy1         0.00000e+00   constant   
  12  pNy1         0.00000e+00   constant   
  13  w_y          0.00000e+00   constant   
  14  ANy2         1.30450e-03     fixed    
  15  pNy2         3.05066e+00   constant   
  16  w_vw         1.43134e+01   constant   
  17  LM          -3.45580e-05   constant   
  18  wCBO_expCoeff   2.00000e+02   6.18653e-05   0.00000e+00  -2.45542e+04
  19  wCBO_expOffset   2.00000e+02   5.26162e-06  -0.00000e+00  -2.06167e+05
  20  wCBO_expT    3.00000e+01   1.46057e-06   0.00000e+00  -1.56558e+06
  21  wCBO_linCoeff   0.00000e+00   constant   
  22  wCBO_const   7.38048e-03   1.40608e-03  -0.00000e+00  -1.81163e+02
 EXTERNAL ERROR MATRIX.    NDIM=  25    NPAR=  5    ERR DEF=1
  1.113e-01  1.137e-05 -5.800e-07  1.651e-07  5.990e-05 
  1.137e-05  3.827e-09 -1.886e-10  5.378e-11 -6.560e-08 
 -5.800e-07 -1.886e-10  2.768e-11 -7.679e-12  3.190e-09 
  1.651e-07  5.378e-11 -7.679e-12  2.133e-12 -9.101e-10 
  5.990e-05 -6.560e-08  3.190e-09 -9.101e-10  1.977e-06 
ERR MATRIX APPROXIMATE
 PARAMETER  CORRELATION COEFFICIENTS  
       NO.  GLOBAL      8     18     19     20     22
        8  0.99412   1.000  0.551 -0.330  0.339  0.128
       18  0.99743   0.551  1.000 -0.579  0.595 -0.754
       19  0.99942  -0.330 -0.579  1.000 -0.999  0.431
       20  0.99944   0.339  0.595 -0.999  1.000 -0.443
       22  0.99636   0.128 -0.754  0.431 -0.443  1.000
 ERR MATRIX APPROXIMATE
MINUIT - FIT ONLY 1-y
 **********
 **   60 **RES 
 **********
                   PARAMETER   14  ANy2 RESTORED TO VARIABLE.
                   PARAMETER    7  w_CBO RESTORED TO VARIABLE.
                   PARAMETER    6  A_CBO RESTORED TO VARIABLE.
                   PARAMETER    4  phi RESTORED TO VARIABLE.
                   PARAMETER    3  A0 RESTORED TO VARIABLE.
                   PARAMETER    1  N0 RESTORED TO VARIABLE.
 **********
 **   61 **FIX            0
 **********
 PARAMETER    0  IS UNDEFINED. IGNORED.
 **********
 **   62 **FIX            1
 **********
 **********
 **   63 **FIX            2
 **********
 PARAMETER    2  IS CONSTANT.   IGNORED.
 **********
 **   64 **FIX            3
 **********
 **********
 **   65 **FIX            4
 **********
 **********
 **   66 **FIX            5
 **********
 PARAMETER    5  IS CONSTANT.   IGNORED.
 **********
 **   67 **FIX            6
 **********
 **********
 **   68 **FIX            7
 **********
 **********
 **   69 **FIX            8
 **********
 **********
 **   70 **FIX            9
 **********
 PARAMETER    9  IS CONSTANT.   IGNORED.
 **********
 **   71 **FIX           13
 **********
 PARAMETER   13  IS CONSTANT.   IGNORED.
 **********
 **   72 **FIX           14
 **********
 **********
 **   73 **FIX           15
 **********
 PARAMETER   15  IS CONSTANT.   IGNORED.
 **********
 **   74 **FIX           16
 **********
 PARAMETER   16  IS CONSTANT.   IGNORED.
 **********
 **   75 **MIGRAD
 **********
 START MIGRAD MINIMIZATION.  STRATEGY  1.  CONVERGENCE WHEN EDM .LT. 1.00e-04
 FCN=1679.31 FROM MIGRAD    STATUS=INITIATE        8 CALLS        1670 TOTAL
                     EDM= unknown      STRATEGY= 1      NO ERROR MATRIX       
  EXT PARAMETER               CURRENT GUESS       STEP         FIRST   
  NO.   NAME      VALUE            ERROR          SIZE      DERIVATIVE 
   1  N0           3.08951e+06     fixed    
   2  tau          6.44002e+01   constant   
   3  A0           3.49128e-01     fixed    
   4  phi          4.13101e+00     fixed    
   5  R           -6.02574e+01   constant   
   6  A_CBO        1.11402e-03     fixed    
   7  w_CBO        2.32741e+00     fixed    
   8  phi_CBO      3.86862e-01     fixed    
   9  ANx2         2.45054e-04   constant   
  10  pNx2         5.52114e+00   constant   
  11  ANy1         0.00000e+00   constant   
  12  pNy1         0.00000e+00   constant   
  13  w_y          0.00000e+00   constant   
  14  ANy2         1.30450e-03     fixed    
  15  pNy2         3.05066e+00   constant   
  16  w_vw         1.43134e+01   constant   
  17  LM          -3.45580e-05   constant   
  18  wCBO_expCoeff   2.00000e+02   6.18653e-05   0.00000e+00  -2.45542e+04
  19  wCBO_expOffset   2.00000e+02   5.26162e-06  -0.00000e+00  -2.06167e+05
  20  wCBO_expT    3.00000e+01   1.46057e-06   0.00000e+00  -1.56558e+06
  21  wCBO_linCoeff   0.00000e+00   constant   
  22  wCBO_const   7.38048e-03   1.40608e-03  -0.00000e+00  -1.81164e+02
 MIGRAD FAILS TO FIND IMPROVEMENT
 FCN=1670.26 FROM HESSE     STATUS=NOT POSDEF     23 CALLS        1737 TOTAL
                     EDM=20.595    STRATEGY= 1      ERR MATRIX NOT POS-DEF
  EXT PARAMETER                APPROXIMATE        STEP         FIRST   
  NO.   NAME      VALUE            ERROR          SIZE      DERIVATIVE 
   1  N0           3.08951e+06     fixed    
   2  tau          6.44002e+01   constant   
   3  A0           3.49128e-01     fixed    
   4  phi          4.13101e+00     fixed    
   5  R           -6.02574e+01   constant   
   6  A_CBO        1.11402e-03     fixed    
   7  w_CBO        2.32741e+00     fixed    
   8  phi_CBO      3.86862e-01     fixed    
   9  ANx2         2.45054e-04   constant   
  10  pNx2         5.52114e+00   constant   
  11  ANy1         0.00000e+00   constant   
  12  pNy1         0.00000e+00   constant   
  13  w_y          0.00000e+00   constant   
  14  ANy2         1.30450e-03     fixed    
  15  pNy2         3.05066e+00   constant   
  16  w_vw         1.43134e+01   constant   
  17  LM          -3.45580e-05   constant   
  18  wCBO_expCoeff   2.04299e+02   5.06696e-03   9.74171e-05   1.28225e+04
  19  wCBO_expOffset   3.05247e+02   2.58918e-02   1.45553e-04   3.19350e+03
  20  wCBO_expT    8.20312e+02   1.43943e-01   3.91155e-04  -8.21627e+02
  21  wCBO_linCoeff   0.00000e+00   constant   
  22  wCBO_const  -2.13956e-01   9.40304e-03   1.79437e-05   9.91399e+03
 MIGRAD FAILS TO FIND IMPROVEMENT
 MIGRAD TERMINATED WITHOUT CONVERGENCE.
 FCN=1653.4 FROM MIGRAD    STATUS=FAILED        211 CALLS        1873 TOTAL
                     EDM=0.00103096    STRATEGY= 1      ERR MATRIX NOT POS-DEF
  EXT PARAMETER                APPROXIMATE        STEP         FIRST   
  NO.   NAME      VALUE            ERROR          SIZE      DERIVATIVE 
   1  N0           3.08951e+06     fixed    
   2  tau          6.44002e+01   constant   
   3  A0           3.49128e-01     fixed    
   4  phi          4.13101e+00     fixed    
   5  R           -6.02574e+01   constant   
   6  A_CBO        1.11402e-03     fixed    
   7  w_CBO        2.32741e+00     fixed    
   8  phi_CBO      3.86862e-01     fixed    
   9  ANx2         2.45054e-04   constant   
  10  pNx2         5.52114e+00   constant   
  11  ANy1         0.00000e+00   constant   
  12  pNy1         0.00000e+00   constant   
  13  w_y          0.00000e+00   constant   
  14  ANy2         1.30450e-03     fixed    
  15  pNy2         3.05066e+00   constant   
  16  w_vw         1.43134e+01   constant   
  17  LM          -3.45580e-05   constant   
  18  wCBO_expCoeff   2.04297e+02   4.87364e-02   0.00000e+00   8.32002e+00
  19  wCBO_expOffset   3.05237e+02   2.61645e-02   0.00000e+00   2.38122e+00
  20  wCBO_expT    8.20220e+02   6.93002e-01   0.00000e+00  -6.18982e-01
  21  wCBO_linCoeff   0.00000e+00   constant   
  22  wCBO_const  -2.19136e-01   1.19892e-02  -0.00000e+00   7.48982e+00
 EXTERNAL ERROR MATRIX.    NDIM=  25    NPAR=  4    ERR DEF=1
  2.375e-03  3.470e-04  3.333e-02 -4.209e-04 
  3.470e-04  6.846e-04  6.421e-03 -1.371e-04 
  3.333e-02  6.421e-03  4.803e-01 -5.363e-03 
 -4.209e-04 -1.371e-04 -5.363e-03  1.437e-04 
ERR MATRIX NOT POS-DEF
 PARAMETER  CORRELATION COEFFICIENTS  
       NO.  GLOBAL     18     19     20     22
       18  0.99997   1.000  0.272  0.987 -0.720
       19  0.99807   0.272  1.000  0.354 -0.437
       20  0.99996   0.987  0.354  1.000 -0.646
       22  0.99905  -0.720 -0.437 -0.646  1.000
 ERR MATRIX NOT POS-DEF
MINUIT - FIT ONLY 2-y
 **********
 **   76 **RES 
 **********
                   PARAMETER   14  ANy2 RESTORED TO VARIABLE.
                   PARAMETER    8  phi_CBO RESTORED TO VARIABLE.
                   PARAMETER    7  w_CBO RESTORED TO VARIABLE.
                   PARAMETER    6  A_CBO RESTORED TO VARIABLE.
                   PARAMETER    4  phi RESTORED TO VARIABLE.
                   PARAMETER    3  A0 RESTORED TO VARIABLE.
