 + ++++++++++++++++++++++++++++++++++++++++++++++++++++++++++++++++++++ +
 +                                                                      +
 +           You have chose to blind your fitting according to          +
 +                omega_ref * (1 + (R +/- deltaR) *10^{-6})             +
 +                                                                      +
 + ++++++++++++++++++++++++++++++++++++++++++++++++++++++++++++++++++++ +
In main()...
reading format from /gm2data/zkhechad/run45/envelope/formats/formatB_sBin_constraintOn.txt
pBinTau 	= 0  
pBinPhi 	= 0  
constraintau 	= 1 
includeMopTerm 	= 0    
constrainMop    = 0   
Parameters after format file: pBinTau 0 pBinPhi 0 constraintau 1 includeMopTerm 0 constrainMop 0 c_e_scale 0.000000 
reading cbo reference file (full fit) from /gm2data/zkhechad/cboTemplates/Run4CBOTemplates/fullFits/run4/sBin_constraintOn_cE0.0_seed0_run4_calo2.root
A_CBO 0.007108 w_CBO 2.327171 phi_CBO 2.947562 N0 3111930.391320 R -60.007933 tau 64.411359 
Reading cboRef file /gm2data/zkhechad/cboTemplates/Run4CBOTemplates//cboIsolate/run4_calo2.root
deltaT 164.120000
windowBins = 1100
fitting sliding window 2220 from bin 2423 at 361.511600 to bin 3523 at 525.631600 (1100 bins)

Reading data from /gm2data/cornell/histograms/aMethod/histogram_a_run4.root
fitting cbo isolate
 **********
 **    1 **SET PRINTOUT            1
 **********
 **********
 **    2 **SET NOWARNINGS 
 **********
 PARAMETER DEFINITIONS:
    NO.   NAME         VALUE      STEP SIZE      LIMITS
     1 A_CBO        7.10761e-03  1.00000e-05     no limits
     2 w_CBO        2.32717e+00  1.00000e-02    2.00000e+00  3.00000e+00
     3 phi_CBO      2.94756e+00  1.00000e-02    0.00000e+00  6.28319e+00
 **********
 **    3 **MIGRAD
 **********
 FIRST CALL TO USER FUNCTION AT NEW START POINT, WITH IFLAG=4.
 START MIGRAD MINIMIZATION.  STRATEGY  1.  CONVERGENCE WHEN EDM .LT. 1.00e-04
 FCN=0.198174 FROM MIGRAD    STATUS=INITIATE       12 CALLS          13 TOTAL
                     EDM= unknown      STRATEGY= 1      NO ERROR MATRIX       
  EXT PARAMETER               CURRENT GUESS       STEP         FIRST   
  NO.   NAME      VALUE            ERROR          SIZE      DERIVATIVE 
   1  A_CBO        7.10761e-03   1.00000e-05   1.00000e-05   5.40746e+00
   2  w_CBO        2.32717e+00   1.00000e-02   2.13160e-02   1.78149e+00
   3  phi_CBO      2.94756e+00   1.00000e-02   3.18919e-03  -2.63116e-02
 MIGRAD MINIMIZATION HAS CONVERGED.
 MIGRAD WILL VERIFY CONVERGENCE AND ERROR MATRIX.
 COVARIANCE MATRIX CALCULATED SUCCESSFULLY
 FCN=0.184314 FROM MIGRAD    STATUS=CONVERGED      60 CALLS          61 TOTAL
                     EDM=9.28293e-05    STRATEGY= 1      ERROR MATRIX ACCURATE 
  EXT PARAMETER                                   STEP         FIRST   
  NO.   NAME      VALUE            ERROR          SIZE      DERIVATIVE 
   1  A_CBO        2.44536e-03   4.25700e-02   2.26227e-05  -8.86798e-03
   2  w_CBO        2.32672e+00   3.48216e-01   4.56500e-05  -2.39072e-04
   3  phi_CBO      3.18188e+00   4.70652e+00   3.16026e-03  -2.31493e-04
 EXTERNAL ERROR MATRIX.    NDIM=  25    NPAR=  3    ERR DEF=1
  1.812e-03  2.656e-04  1.283e-01 
  2.656e-04  1.540e-01  7.111e+01 
  1.283e-01  7.111e+01  3.314e+04 
 PARAMETER  CORRELATION COEFFICIENTS  
       NO.  GLOBAL      1      2      3
        1  0.01765   1.000  0.016  0.017
        2  0.99542   0.016  1.000  0.995
        3  0.99542   0.017  0.995  1.000
setting A_CBO=0.002445 w_CBO=2.326721, phi_CBO=3.181883
done fitting cbo isolate
 **********
 **    1 **SET PRINTOUT            1
 **********
 **********
 **    2 **SET NOWARNINGS 
 **********
 PARAMETER DEFINITIONS:
    NO.   NAME         VALUE      STEP SIZE      LIMITS
     1 N0           3.11193e+06  1.00000e+02     no limits
     2 tau          6.44114e+01  constant
     3 A0           3.64516e-01  1.00000e-04     no limits
     4 phi          4.11813e+00  1.00000e-02     no limits
     5 R           -6.00079e+01  constant
     6 A_CBO        2.44536e-03  1.00000e-05     no limits
     7 w_CBO        2.32672e+00  1.00000e-03     no limits
     8 phi_CBO      3.18188e+00  1.00000e-04     no limits
     9 ANx2         3.40456e-04  constant
    10 pNx2         3.19484e+00  constant
    11 ANy1         0.00000e+00  constant
    12 pNy1         0.00000e+00  constant
    13 w_y          0.00000e+00  constant
    14 ANy2         1.04941e-02  1.00000e-04     no limits
    15 pNy2         5.11372e+00  constant
    16 w_vw         1.43155e+01  constant
    17 LM           3.07992e-04  constant
    18 wCBO_expCoeff   2.00000e+02  1.00000e+00     no limits
    19 wCBO_expOffset   2.00000e+02  1.00000e+00     no limits
    20 wCBO_expT    3.00000e+01  1.00000e+00     no limits
    21 wCBO_linCoeff   0.00000e+00  constant
    22 wCBO_const   0.00000e+00  1.00000e-02     no limits
MINUIT - FIT ONLY WIGGLE
 **********
 **    3 **FIX            5
 **********
 PARAMETER    5  IS CONSTANT.   IGNORED.
 **********
 **    4 **FIX            6
 **********
 **********
 **    5 **FIX            7
 **********
 **********
 **    6 **FIX            8
 **********
 **********
 **    7 **FIX            9
 **********
 PARAMETER    9  IS CONSTANT.   IGNORED.
 **********
 **    8 **FIX           10
 **********
 PARAMETER   10  IS CONSTANT.   IGNORED.
 **********
 **    9 **FIX           11
 **********
 PARAMETER   11  IS CONSTANT.   IGNORED.
 **********
 **   10 **FIX           12
 **********
 PARAMETER   12  IS CONSTANT.   IGNORED.
 **********
 **   11 **FIX           13
 **********
 PARAMETER   13  IS CONSTANT.   IGNORED.
 **********
 **   12 **FIX           14
 **********
 **********
 **   13 **FIX           15
 **********
 PARAMETER   15  IS CONSTANT.   IGNORED.
 **********
 **   14 **FIX           16
 **********
 PARAMETER   16  IS CONSTANT.   IGNORED.
 **********
 **   15 **MIGRAD
 **********
 FIRST CALL TO USER FUNCTION AT NEW START POINT, WITH IFLAG=4.
 START MIGRAD MINIMIZATION.  STRATEGY  1.  CONVERGENCE WHEN EDM .LT. 1.00e-04
 FCN=480.887 FROM MIGRAD    STATUS=INITIATE       58 CALLS          59 TOTAL
                     EDM= unknown      STRATEGY= 1      NO ERROR MATRIX       
  EXT PARAMETER               CURRENT GUESS       STEP         FIRST   
  NO.   NAME      VALUE            ERROR          SIZE      DERIVATIVE 
   1  N0           3.11193e+06   1.00000e+02   0.00000e+00   5.38506e-04
   2  tau          6.44114e+01   constant   
   3  A0           3.64516e-01   1.00000e-04   0.00000e+00   1.48723e+03
   4  phi          4.11813e+00   1.00000e-02   0.00000e+00   2.39791e+02
   5  R           -6.00079e+01   constant   
   6  A_CBO        2.44536e-03     fixed    
   7  w_CBO        2.32672e+00     fixed    
   8  phi_CBO      3.18188e+00     fixed    
   9  ANx2         3.40456e-04   constant   
  10  pNx2         3.19484e+00   constant   
  11  ANy1         0.00000e+00   constant   
  12  pNy1         0.00000e+00   constant   
  13  w_y          0.00000e+00   constant   
  14  ANy2         1.04941e-02     fixed    
  15  pNy2         5.11372e+00   constant   
  16  w_vw         1.43155e+01   constant   
  17  LM           3.07992e-04   constant   
  18  wCBO_expCoeff   2.00513e+02   1.00000e+00   5.12961e-01   9.08601e-03
  19  wCBO_expOffset   2.00000e+02   1.00000e+00   0.00000e+00   6.01812e-02
  20  wCBO_expT    3.00000e+01   1.00000e+00   0.00000e+00  -3.56343e+01
  21  wCBO_linCoeff   0.00000e+00   constant   
  22  wCBO_const   0.00000e+00   1.00000e-02   0.00000e+00  -1.83834e+03
 MIGRAD MINIMIZATION HAS CONVERGED.
 FCN=473.258 FROM MIGRAD    STATUS=CONVERGED     250 CALLS         251 TOTAL
                     EDM=3.47541e-07    STRATEGY= 1  ERROR MATRIX UNCERTAINTY   0.8 per cent
  EXT PARAMETER                                   STEP         FIRST   
  NO.   NAME      VALUE            ERROR          SIZE      DERIVATIVE 
   1  N0           3.11069e+06   1.72586e+03  -2.56644e+00   3.66831e-07
   2  tau          6.44114e+01   constant   
   3  A0           3.64332e-01   7.57801e-04  -6.87591e-11   1.04514e-01
   4  phi          4.11779e+00   2.12116e-03  -3.43958e-06   1.58215e-03
   5  R           -6.00079e+01   constant   
   6  A_CBO        2.44536e-03     fixed    
   7  w_CBO        2.32672e+00     fixed    
   8  phi_CBO      3.18188e+00     fixed    
   9  ANx2         3.40456e-04   constant   
  10  pNx2         3.19484e+00   constant   
  11  ANy1         0.00000e+00   constant   
  12  pNy1         0.00000e+00   constant   
  13  w_y          0.00000e+00   constant   
  14  ANy2         1.04941e-02     fixed    
  15  pNy2         5.11372e+00   constant   
  16  w_vw         1.43155e+01   constant   
  17  LM           3.07992e-04   constant   
  18  wCBO_expCoeff   2.01276e+02   2.48182e+00   4.05242e-03  -2.14196e-03
  19  wCBO_expOffset   2.00114e+02   3.70459e-01   6.03778e-04  -1.44070e-02
  20  wCBO_expT    2.99168e+01   1.33248e-01  -2.46508e-04  -7.51336e-02
  21  wCBO_linCoeff   0.00000e+00   constant   
  22  wCBO_const   5.32729e-03   1.08742e-03   2.67531e-06  -5.74553e-02
 EXTERNAL ERROR MATRIX.    NDIM=  25    NPAR=  7    ERR DEF=1
  2.979e+06  1.121e-02  5.879e-02 -3.596e+02 -5.368e+01  1.807e+01  7.698e-02 
  1.121e-02  5.743e-07 -4.957e-08  1.144e-04  1.707e-05 -4.902e-06 -1.413e-07 
  5.879e-02 -4.957e-08  4.499e-06 -4.387e-04 -6.549e-05  2.135e-05  1.557e-07 
 -3.596e+02  1.144e-04 -4.387e-04  6.159e+00  9.122e-01 -3.293e-01  1.151e-03 
 -5.368e+01  1.707e-05 -6.549e-05  9.122e-01  1.372e-01 -4.916e-02  1.717e-04 
  1.807e+01 -4.902e-06  2.135e-05 -3.293e-01 -4.916e-02  1.775e-02 -6.949e-05 
  7.698e-02 -1.413e-07  1.557e-07  1.151e-03  1.717e-04 -6.949e-05  1.182e-06 
 PARAMETER  CORRELATION COEFFICIENTS  
       NO.  GLOBAL      1      3      4     18     19     20     22
        1  0.12452   1.000  0.009  0.016 -0.084 -0.084  0.079  0.041
        3  0.22996   0.009  1.000 -0.031  0.061  0.061 -0.049 -0.171
        4  0.14507   0.016 -0.031  1.000 -0.083 -0.083  0.076  0.068
       18  0.99835  -0.084  0.061 -0.083  1.000  0.992 -0.996  0.426
       19  0.99834  -0.084  0.061 -0.083  0.992  1.000 -0.996  0.426
       20  0.99950   0.079 -0.049  0.076 -0.996 -0.996  1.000 -0.480
       22  0.90636   0.041 -0.171  0.068  0.426  0.426 -0.480  1.000
MINUIT - FIT ONLY 1-CBO + other amplitudes 
 **********
 **   16 **RES 
 **********
                   PARAMETER   14  ANy2 RESTORED TO VARIABLE.
                   PARAMETER    8  phi_CBO RESTORED TO VARIABLE.
                   PARAMETER    7  w_CBO RESTORED TO VARIABLE.
                   PARAMETER    6  A_CBO RESTORED TO VARIABLE.
 **********
 **   17 **FIX            0
 **********
 PARAMETER    0  IS UNDEFINED. IGNORED.
 **********
 **   18 **FIX            1
 **********
 **********
 **   19 **FIX            2
 **********
 PARAMETER    2  IS CONSTANT.   IGNORED.
 **********
 **   20 **FIX            3
 **********
 **********
 **   21 **FIX            4
 **********
 **********
 **   22 **FIX            9
 **********
 PARAMETER    9  IS CONSTANT.   IGNORED.
 **********
 **   23 **FIX           11
 **********
 PARAMETER   11  IS CONSTANT.   IGNORED.
 **********
 **   24 **FIX           12
 **********
 PARAMETER   12  IS CONSTANT.   IGNORED.
 **********
 **   25 **FIX           14
 **********
 **********
 **   26 **FIX           15
 **********
 PARAMETER   15  IS CONSTANT.   IGNORED.
 **********
 **   27 **FIX           16
 **********
 PARAMETER   16  IS CONSTANT.   IGNORED.
 **********
 **   28 **MIGRAD
 **********
 START MIGRAD MINIMIZATION.  STRATEGY  1.  CONVERGENCE WHEN EDM .LT. 1.00e-04
 FCN=473.258 FROM MIGRAD    STATUS=INITIATE       20 CALLS         271 TOTAL
                     EDM= unknown      STRATEGY= 1      NO ERROR MATRIX       
  EXT PARAMETER               CURRENT GUESS       STEP         FIRST   
  NO.   NAME      VALUE            ERROR          SIZE      DERIVATIVE 
   1  N0           3.11069e+06     fixed    
   2  tau          6.44114e+01   constant   
   3  A0           3.64332e-01     fixed    
   4  phi          4.11779e+00     fixed    
   5  R           -6.00079e+01   constant   
   6  A_CBO        2.44536e-03   1.00000e-05   1.00000e-05   2.95219e+03
   7  w_CBO        2.32672e+00   1.00000e-03   1.00000e-03  -2.10447e-01
   8  phi_CBO      3.18188e+00   1.00000e-04   1.00000e-04   2.02044e+00
   9  ANx2         3.40456e-04   constant   
  10  pNx2         3.19484e+00   constant   
  11  ANy1         0.00000e+00   constant   
  12  pNy1         0.00000e+00   constant   
  13  w_y          0.00000e+00   constant   
  14  ANy2         1.04941e-02     fixed    
  15  pNy2         5.11372e+00   constant   
  16  w_vw         1.43155e+01   constant   
  17  LM           3.07992e-04   constant   
  18  wCBO_expCoeff   2.01276e+02   2.48182e+00   4.05242e-03  -2.14196e-03
  19  wCBO_expOffset   2.00114e+02   3.70459e-01   6.03778e-04  -1.44070e-02
  20  wCBO_expT    2.99168e+01   1.33248e-01  -2.46508e-04  -7.51335e-02
  21  wCBO_linCoeff   0.00000e+00   constant   
  22  wCBO_const   5.32729e-03   1.08742e-03   2.67531e-06  -5.74497e-02
 MIGRAD MINIMIZATION HAS CONVERGED.
 FCN=471.009 FROM MIGRAD    STATUS=CONVERGED     136 CALLS         387 TOTAL
                     EDM=2.68312e-07    STRATEGY= 1  ERROR MATRIX UNCERTAINTY   5.4 per cent
  EXT PARAMETER                                   STEP         FIRST   
  NO.   NAME      VALUE            ERROR          SIZE      DERIVATIVE 
   1  N0           3.11069e+06     fixed    
   2  tau          6.44114e+01   constant   
   3  A0           3.64332e-01     fixed    
   4  phi          4.11779e+00     fixed    
   5  R           -6.00079e+01   constant   
   6  A_CBO        1.57367e-03   7.86589e-04   1.87104e-08  -2.76815e-01
   7  w_CBO        2.32627e+00   8.27175e-04   1.84148e-06   8.40011e-01
   8  phi_CBO      2.31517e+00   9.13970e-01   3.70224e-03  -6.21452e-04
   9  ANx2         3.40456e-04   constant   
  10  pNx2         3.19484e+00   constant   
  11  ANy1         0.00000e+00   constant   
  12  pNy1         0.00000e+00   constant   
  13  w_y          0.00000e+00   constant   
  14  ANy2         1.04941e-02     fixed    
  15  pNy2         5.11372e+00   constant   
  16  w_vw         1.43155e+01   constant   
  17  LM           3.07992e-04   constant   
  18  wCBO_expCoeff   2.01265e+02   1.93719e-01  -1.18543e-04   4.88261e-03
  19  wCBO_expOffset   2.00112e+02   2.87921e-02  -1.76146e-05   3.28521e-02
  20  wCBO_expT    2.99162e+01   4.76198e-03   4.34325e-07  -1.48307e-02
  21  wCBO_linCoeff   0.00000e+00   constant   
  22  wCBO_const   4.91226e-03   7.85488e-04   1.94599e-06   9.68700e-01
 EXTERNAL ERROR MATRIX.    NDIM=  25    NPAR=  7    ERR DEF=1
  6.187e-07  3.163e-09 -2.521e-05 -3.673e-06 -5.458e-07 -7.672e-08  8.503e-09 
  3.163e-09  6.842e-07  3.046e-04 -6.413e-05 -9.531e-06 -1.210e-06  3.250e-07 
 -2.521e-05  3.046e-04  8.353e-01  2.027e-02  3.013e-03  1.078e-03  2.625e-04 
 -3.673e-06 -6.413e-05  2.027e-02  3.753e-02  1.879e-03  2.610e-04 -8.045e-05 
 -5.458e-07 -9.531e-06  3.013e-03  1.879e-03  8.290e-04  3.879e-05 -1.196e-05 
 -7.672e-08 -1.210e-06  1.078e-03  2.610e-04  3.879e-05  2.268e-05 -1.551e-06 
  8.503e-09  3.250e-07  2.625e-04 -8.045e-05 -1.196e-05 -1.551e-06  6.170e-07 
 PARAMETER  CORRELATION COEFFICIENTS  
       NO.  GLOBAL      6      7      8     18     19     20     22
        6  0.04707   1.000  0.005 -0.035 -0.024 -0.024 -0.020  0.014
        7  0.76118   0.005  1.000  0.403 -0.400 -0.400 -0.307  0.500
        8  0.84479  -0.035  0.403  1.000  0.114  0.115  0.248  0.366
       18  0.73037  -0.024 -0.400  0.114  1.000  0.337  0.283 -0.529
       19  0.73033  -0.024 -0.400  0.115  0.337  1.000  0.283 -0.529
       20  0.71178  -0.020 -0.307  0.248  0.283  0.283  1.000 -0.415
       22  0.86861   0.014  0.500  0.366 -0.529 -0.529 -0.415  1.000
MINUIT - FIT ONLY 1-CBO
 **********
 **   29 **RES 
 **********
                   PARAMETER   14  ANy2 RESTORED TO VARIABLE.
                   PARAMETER    4  phi RESTORED TO VARIABLE.
                   PARAMETER    3  A0 RESTORED TO VARIABLE.
                   PARAMETER    1  N0 RESTORED TO VARIABLE.
 **********
 **   30 **FIX            0
 **********
 PARAMETER    0  IS UNDEFINED. IGNORED.
 **********
 **   31 **FIX            1
 **********
 **********
 **   32 **FIX            2
 **********
 PARAMETER    2  IS CONSTANT.   IGNORED.
 **********
 **   33 **FIX            3
 **********
 **********
 **   34 **FIX            4
 **********
 **********
 **   35 **FIX            8
 **********
 **********
 **   36 **FIX            9
 **********
 PARAMETER    9  IS CONSTANT.   IGNORED.
 **********
 **   37 **FIX           11
 **********
 PARAMETER   11  IS CONSTANT.   IGNORED.
 **********
 **   38 **FIX           12
 **********
 PARAMETER   12  IS CONSTANT.   IGNORED.
 **********
 **   39 **FIX           13
 **********
 PARAMETER   13  IS CONSTANT.   IGNORED.
 **********
 **   40 **FIX           15
 **********
 PARAMETER   15  IS CONSTANT.   IGNORED.
 **********
 **   41 **FIX           16
 **********
 PARAMETER   16  IS CONSTANT.   IGNORED.
 **********
 **   42 **MIGRAD
 **********
 START MIGRAD MINIMIZATION.  STRATEGY  1.  CONVERGENCE WHEN EDM .LT. 1.00e-04
 FCN=471.009 FROM MIGRAD    STATUS=INITIATE       16 CALLS         403 TOTAL
                     EDM= unknown      STRATEGY= 1      NO ERROR MATRIX       
  EXT PARAMETER               CURRENT GUESS       STEP         FIRST   
  NO.   NAME      VALUE            ERROR          SIZE      DERIVATIVE 
   1  N0           3.11069e+06     fixed    
   2  tau          6.44114e+01   constant   
   3  A0           3.64332e-01     fixed    
   4  phi          4.11779e+00     fixed    
   5  R           -6.00079e+01   constant   
   6  A_CBO        1.57367e-03   7.86589e-04   1.87104e-08  -2.76815e-01
   7  w_CBO        2.32627e+00   8.27175e-04   1.84148e-06   8.40011e-01
   8  phi_CBO      2.31517e+00     fixed    
   9  ANx2         3.40456e-04   constant   
  10  pNx2         3.19484e+00   constant   
  11  ANy1         0.00000e+00   constant   
  12  pNy1         0.00000e+00   constant   
  13  w_y          0.00000e+00   constant   
  14  ANy2         1.04941e-02   1.00000e-04   1.00000e-04   3.19741e+04
  15  pNy2         5.11372e+00   constant   
  16  w_vw         1.43155e+01   constant   
  17  LM           3.07992e-04   constant   
  18  wCBO_expCoeff   2.01265e+02   1.93719e-01  -1.18543e-04   4.88261e-03
  19  wCBO_expOffset   2.00112e+02   2.87921e-02  -1.76146e-05   3.28521e-02
  20  wCBO_expT    2.99162e+01   4.76198e-03   4.34325e-07  -1.48307e-02
  21  wCBO_linCoeff   0.00000e+00   constant   
  22  wCBO_const   4.91226e-03   7.85488e-04   1.94599e-06   9.68700e-01
 MIGRAD MINIMIZATION HAS CONVERGED.
 MIGRAD WILL VERIFY CONVERGENCE AND ERROR MATRIX.
 COVARIANCE MATRIX CALCULATED SUCCESSFULLY
 FCN=313.818 FROM MIGRAD    STATUS=CONVERGED     216 CALLS         603 TOTAL
                     EDM=1.03733e-07    STRATEGY= 1      ERROR MATRIX ACCURATE 
  EXT PARAMETER                                   STEP         FIRST   
  NO.   NAME      VALUE            ERROR          SIZE      DERIVATIVE 
   1  N0           3.11069e+06     fixed    
   2  tau          6.44114e+01   constant   
   3  A0           3.64332e-01     fixed    
   4  phi          4.11779e+00     fixed    
   5  R           -6.00079e+01   constant   
   6  A_CBO        1.10194e-03   8.07195e-04   6.84378e-06   2.26652e-01
   7  w_CBO        2.32702e+00   2.58260e-02   7.90808e-06   5.38910e-02
   8  phi_CBO      2.31517e+00     fixed    
   9  ANx2         3.40456e-04   constant   
  10  pNx2         3.19484e+00   constant   
  11  ANy1         0.00000e+00   constant   
  12  pNy1         0.00000e+00   constant   
  13  w_y          0.00000e+00   constant   
  14  ANy2         6.56779e-04   7.84993e-04   6.78144e-06  -3.83746e-02
  15  pNy2         5.11372e+00   constant   
  16  w_vw         1.43155e+01   constant   
  17  LM           3.07992e-04   constant   
  18  wCBO_expCoeff   2.01869e+02   1.05566e+01   2.19237e-03  -3.44432e-04
  19  wCBO_expOffset   2.00202e+02   1.56387e+00   3.24462e-04  -2.32699e-03
  20  wCBO_expT    2.98783e+01   1.44647e-01   5.54114e-05  -1.29053e-02
  21  wCBO_linCoeff   0.00000e+00   constant   
  22  wCBO_const   4.83641e-03   1.11626e-02   4.69259e-06   1.93856e-01
 EXTERNAL ERROR MATRIX.    NDIM=  25    NPAR=  7    ERR DEF=1
  6.516e-07 -1.381e-07  2.937e-08 -3.600e-04 -5.370e-05  2.075e-05 -1.070e-07 
 -1.381e-07  6.670e-04 -1.807e-08 -2.437e-02 -3.754e-03 -2.300e-04 -2.855e-04 
  2.937e-08 -1.807e-08  6.162e-07 -2.905e-05 -4.308e-06  2.021e-06 -1.157e-08 
 -3.600e-04 -2.437e-02 -2.905e-05  1.114e+02 -1.420e+01 -3.668e-01  1.347e-02 
 -5.370e-05 -3.754e-03 -4.308e-06 -1.420e+01  2.446e+00 -5.475e-02  2.060e-03 
  2.075e-05 -2.300e-04  2.021e-06 -3.668e-01 -5.475e-02  2.092e-02 -7.950e-05 
 -1.070e-07 -2.855e-04 -1.157e-08  1.347e-02  2.060e-03 -7.950e-05  1.246e-04 
 PARAMETER  CORRELATION COEFFICIENTS  
       NO.  GLOBAL      6      7     14     18     19     20     22
        6  0.20574   1.000 -0.007  0.046 -0.042 -0.043  0.178 -0.012
        7  0.99937  -0.007  1.000 -0.001 -0.089 -0.093 -0.062 -0.990
       14  0.07556   0.046 -0.001  1.000 -0.004 -0.004  0.018 -0.001
       18  0.99971  -0.042 -0.089 -0.004  1.000 -0.860 -0.240  0.114
       19  0.99971  -0.043 -0.093 -0.004 -0.860  1.000 -0.242  0.118
       20  0.99902   0.178 -0.062  0.018 -0.240 -0.242  1.000 -0.049
       22  0.99882  -0.012 -0.990 -0.001  0.114  0.118 -0.049  1.000
MINUIT - FIT ONLY 2-CBO
 **********
 **   43 **RES 
 **********
                   PARAMETER    8  phi_CBO RESTORED TO VARIABLE.
                   PARAMETER    4  phi RESTORED TO VARIABLE.
                   PARAMETER    3  A0 RESTORED TO VARIABLE.
                   PARAMETER    1  N0 RESTORED TO VARIABLE.
 **********
 **   44 **FIX            0
 **********
 PARAMETER    0  IS UNDEFINED. IGNORED.
 **********
 **   45 **FIX            1
 **********
 **********
 **   46 **FIX            2
 **********
 PARAMETER    2  IS CONSTANT.   IGNORED.
 **********
 **   47 **FIX            3
 **********
 **********
 **   48 **FIX            4
 **********
 **********
 **   49 **FIX            5
 **********
 PARAMETER    5  IS CONSTANT.   IGNORED.
 **********
 **   50 **FIX            6
 **********
 **********
 **   51 **FIX            7
 **********
 **********
 **   52 **FIX           10
 **********
 PARAMETER   10  IS CONSTANT.   IGNORED.
 **********
 **   53 **FIX           11
 **********
 PARAMETER   11  IS CONSTANT.   IGNORED.
 **********
 **   54 **FIX           12
 **********
 PARAMETER   12  IS CONSTANT.   IGNORED.
 **********
 **   55 **FIX           13
 **********
 PARAMETER   13  IS CONSTANT.   IGNORED.
 **********
 **   56 **FIX           14
 **********
 **********
 **   57 **FIX           15
 **********
 PARAMETER   15  IS CONSTANT.   IGNORED.
 **********
 **   58 **FIX           16
 **********
 PARAMETER   16  IS CONSTANT.   IGNORED.
 **********
 **   59 **MIGRAD
 **********
 START MIGRAD MINIMIZATION.  STRATEGY  1.  CONVERGENCE WHEN EDM .LT. 1.00e-04
 FCN=313.818 FROM MIGRAD    STATUS=INITIATE       12 CALLS         615 TOTAL
                     EDM= unknown      STRATEGY= 1      NO ERROR MATRIX       
  EXT PARAMETER               CURRENT GUESS       STEP         FIRST   
  NO.   NAME      VALUE            ERROR          SIZE      DERIVATIVE 
   1  N0           3.11069e+06     fixed    
   2  tau          6.44114e+01   constant   
   3  A0           3.64332e-01     fixed    
   4  phi          4.11779e+00     fixed    
   5  R           -6.00079e+01   constant   
   6  A_CBO        1.10194e-03     fixed    
   7  w_CBO        2.32702e+00     fixed    
   8  phi_CBO      2.31517e+00   9.13970e-01   9.13970e-01   3.64070e-01
   9  ANx2         3.40456e-04   constant   
  10  pNx2         3.19484e+00   constant   
  11  ANy1         0.00000e+00   constant   
  12  pNy1         0.00000e+00   constant   
  13  w_y          0.00000e+00   constant   
  14  ANy2         6.56779e-04     fixed    
  15  pNy2         5.11372e+00   constant   
  16  w_vw         1.43155e+01   constant   
  17  LM           3.07992e-04   constant   
  18  wCBO_expCoeff   2.01869e+02   1.05566e+01   2.19237e-03  -3.47942e-04
  19  wCBO_expOffset   2.00202e+02   1.56387e+00   3.24462e-04  -2.34831e-03
  20  wCBO_expT    2.98783e+01   1.44647e-01   5.54114e-05  -1.31894e-02
  21  wCBO_linCoeff   0.00000e+00   constant   
  22  wCBO_const   4.83641e-03   1.11626e-02   4.69259e-06   1.90857e-01
 MIGRAD MINIMIZATION HAS CONVERGED.
 MIGRAD WILL VERIFY CONVERGENCE AND ERROR MATRIX.
 COVARIANCE MATRIX CALCULATED SUCCESSFULLY
 FCN=313.696 FROM MIGRAD    STATUS=CONVERGED     156 CALLS         759 TOTAL
                     EDM=8.27904e-08    STRATEGY= 1      ERROR MATRIX ACCURATE 
  EXT PARAMETER                                   STEP         FIRST   
  NO.   NAME      VALUE            ERROR          SIZE      DERIVATIVE 
   1  N0           3.11069e+06     fixed    
   2  tau          6.44114e+01   constant   
   3  A0           3.64332e-01     fixed    
   4  phi          4.11779e+00     fixed    
   5  R           -6.00079e+01   constant   
   6  A_CBO        1.10194e-03     fixed    
   7  w_CBO        2.32702e+00     fixed    
   8  phi_CBO      1.70759e+00   1.29627e+00   5.98985e-03   1.04403e-04
   9  ANx2         3.40456e-04   constant   
  10  pNx2         3.19484e+00   constant   
  11  ANy1         0.00000e+00   constant   
  12  pNy1         0.00000e+00   constant   
  13  w_y          0.00000e+00   constant   
  14  ANy2         6.56779e-04     fixed    
  15  pNy2         5.11372e+00   constant   
  16  w_vw         1.43155e+01   constant   
  17  LM           3.07992e-04   constant   
  18  wCBO_expCoeff   2.00302e+02   8.76372e+00   2.03433e-03   7.58473e-04
  19  wCBO_expOffset   1.99970e+02   1.31202e+00   3.04323e-04   5.07051e-03
  20  wCBO_expT    2.99628e+01   1.80772e-01   5.21299e-05   3.18135e-02
  21  wCBO_linCoeff   0.00000e+00   constant   
  22  wCBO_const   3.89127e-03   2.25029e-03   4.70430e-06   3.63526e-01
 EXTERNAL ERROR MATRIX.    NDIM=  25    NPAR=  5    ERR DEF=1
  1.680e+00  2.336e+00  3.517e-01 -1.260e-01  1.746e-03 
  2.336e+00  7.680e+01 -8.330e+00 -5.849e-01  6.172e-03 
  3.517e-01 -8.330e+00  1.721e+00 -8.802e-02  9.282e-04 
 -1.260e-01 -5.849e-01 -8.802e-02  3.268e-02 -3.546e-04 
  1.746e-03  6.172e-03  9.282e-04 -3.546e-04  5.064e-06 
 PARAMETER  CORRELATION COEFFICIENTS  
       NO.  GLOBAL      8     18     19     20     22
        8  0.84581   1.000  0.206  0.207 -0.538  0.598
       18  0.99964   0.206  1.000 -0.724 -0.369  0.313
       19  0.99964   0.207 -0.724  1.000 -0.371  0.314
       20  0.99945  -0.538 -0.369 -0.371  1.000 -0.872
       22  0.97043   0.598  0.313  0.314 -0.872  1.000
MINUIT - FIT ONLY 1-y
 **********
 **   60 **RES 
 **********
                   PARAMETER   14  ANy2 RESTORED TO VARIABLE.
                   PARAMETER    7  w_CBO RESTORED TO VARIABLE.
                   PARAMETER    6  A_CBO RESTORED TO VARIABLE.
                   PARAMETER    4  phi RESTORED TO VARIABLE.
                   PARAMETER    3  A0 RESTORED TO VARIABLE.
                   PARAMETER    1  N0 RESTORED TO VARIABLE.
 **********
 **   61 **FIX            0
 **********
 PARAMETER    0  IS UNDEFINED. IGNORED.
 **********
 **   62 **FIX            1
 **********
 **********
 **   63 **FIX            2
 **********
 PARAMETER    2  IS CONSTANT.   IGNORED.
 **********
 **   64 **FIX            3
 **********
 **********
 **   65 **FIX            4
 **********
 **********
 **   66 **FIX            5
 **********
 PARAMETER    5  IS CONSTANT.   IGNORED.
 **********
 **   67 **FIX            6
 **********
 **********
 **   68 **FIX            7
 **********
 **********
 **   69 **FIX            8
 **********
 **********
 **   70 **FIX            9
 **********
 PARAMETER    9  IS CONSTANT.   IGNORED.
 **********
 **   71 **FIX           13
 **********
 PARAMETER   13  IS CONSTANT.   IGNORED.
 **********
 **   72 **FIX           14
 **********
 **********
 **   73 **FIX           15
 **********
 PARAMETER   15  IS CONSTANT.   IGNORED.
 **********
 **   74 **FIX           16
 **********
 PARAMETER   16  IS CONSTANT.   IGNORED.
 **********
 **   75 **MIGRAD
 **********
 START MIGRAD MINIMIZATION.  STRATEGY  1.  CONVERGENCE WHEN EDM .LT. 1.00e-04
 FCN=313.696 FROM MIGRAD    STATUS=INITIATE        8 CALLS         767 TOTAL
                     EDM= unknown      STRATEGY= 1      NO ERROR MATRIX       
  EXT PARAMETER               CURRENT GUESS       STEP         FIRST   
  NO.   NAME      VALUE            ERROR          SIZE      DERIVATIVE 
   1  N0           3.11069e+06     fixed    
   2  tau          6.44114e+01   constant   
   3  A0           3.64332e-01     fixed    
   4  phi          4.11779e+00     fixed    
   5  R           -6.00079e+01   constant   
   6  A_CBO        1.10194e-03     fixed    
   7  w_CBO        2.32702e+00     fixed    
   8  phi_CBO      1.70759e+00     fixed    
   9  ANx2         3.40456e-04   constant   
  10  pNx2         3.19484e+00   constant   
  11  ANy1         0.00000e+00   constant   
  12  pNy1         0.00000e+00   constant   
  13  w_y          0.00000e+00   constant   
  14  ANy2         6.56779e-04     fixed    
  15  pNy2         5.11372e+00   constant   
  16  w_vw         1.43155e+01   constant   
  17  LM           3.07992e-04   constant   
  18  wCBO_expCoeff   2.00302e+02   8.76372e+00   2.03433e-03   7.53654e-04
  19  wCBO_expOffset   1.99970e+02   1.31202e+00   3.04323e-04   5.04070e-03
  20  wCBO_expT    2.99628e+01   1.80772e-01   5.21299e-05   3.16731e-02
  21  wCBO_linCoeff   0.00000e+00   constant   
  22  wCBO_const   3.89127e-03   2.25029e-03   4.70430e-06   3.64728e-01
 MIGRAD MINIMIZATION HAS CONVERGED.
 MIGRAD WILL VERIFY CONVERGENCE AND ERROR MATRIX.
 COVARIANCE MATRIX CALCULATED SUCCESSFULLY
 FCN=313.696 FROM MIGRAD    STATUS=CONVERGED      47 CALLS         806 TOTAL
                     EDM=2.6602e-08    STRATEGY= 1      ERROR MATRIX ACCURATE 
  EXT PARAMETER                                   STEP         FIRST   
  NO.   NAME      VALUE            ERROR          SIZE      DERIVATIVE 
   1  N0           3.11069e+06     fixed    
   2  tau          6.44114e+01   constant   
   3  A0           3.64332e-01     fixed    
   4  phi          4.11779e+00     fixed    
   5  R           -6.00079e+01   constant   
   6  A_CBO        1.10194e-03     fixed    
   7  w_CBO        2.32702e+00     fixed    
   8  phi_CBO      1.70759e+00     fixed    
   9  ANx2         3.40456e-04   constant   
  10  pNx2         3.19484e+00   constant   
  11  ANy1         0.00000e+00   constant   
  12  pNy1         0.00000e+00   constant   
  13  w_y          0.00000e+00   constant   
  14  ANy2         6.56779e-04     fixed    
  15  pNy2         5.11372e+00   constant   
  16  w_vw         1.43155e+01   constant   
  17  LM           3.07992e-04   constant   
  18  wCBO_expCoeff   2.00302e+02   8.58190e+00   2.03483e-03  -4.72028e-05
  19  wCBO_expOffset   1.99970e+02   1.28452e+00   3.04386e-04  -3.15533e-04
  20  wCBO_expT    2.99628e+01   1.52455e-01   5.21386e-05   1.49185e-04
  21  wCBO_linCoeff   0.00000e+00   constant   
  22  wCBO_const   3.89125e-03   1.80316e-03   4.70499e-06   3.68446e-02
 EXTERNAL ERROR MATRIX.    NDIM=  25    NPAR=  4    ERR DEF=1
  7.365e+01 -8.832e+00 -4.099e-01  3.747e-03 
 -8.832e+00  1.650e+00 -6.169e-02  5.632e-04 
 -4.099e-01 -6.169e-02  2.324e-02 -2.238e-04 
  3.747e-03  5.632e-04 -2.238e-04  3.251e-06 
 PARAMETER  CORRELATION COEFFICIENTS  
       NO.  GLOBAL     18     19     20     22
       18  0.99963   1.000 -0.801 -0.313  0.242
       19  0.99963  -0.801  1.000 -0.315  0.243
       20  0.99922  -0.313 -0.315  1.000 -0.814
       22  0.95355   0.242  0.243 -0.814  1.000
MINUIT - FIT ONLY 2-y
 **********
 **   76 **RES 
 **********
                   PARAMETER   14  ANy2 RESTORED TO VARIABLE.
                   PARAMETER    8  phi_CBO RESTORED TO VARIABLE.
                   PARAMETER    7  w_CBO RESTORED TO VARIABLE.
                   PARAMETER    6  A_CBO RESTORED TO VARIABLE.
                   PARAMETER    4  phi RESTORED TO VARIABLE.
                   PARAMETER    3  A0 RESTORED TO VARIABLE.
                   PARAMETER    1  N0 RESTORED TO VARIABLE.
 **********
 **   77 **FIX            0
 **********
 PARAMETER    0  IS UNDEFINED. IGNORED.
 **********
 **   78 **FIX            1
 **********
 **********
 **   79 **FIX            2
 **********
 PARAMETER    2  IS CONSTANT.   IGNORED.
 **********
 **   80 **FIX            3
 **********
 **********
 **   81 **FIX            4
 **********
 **********
 **   82 **FIX            5
 **********
 PARAMETER    5  IS CONSTANT.   IGNORED.
 **********
 **   83 **FIX            6
 **********
 **********
 **   84 **FIX            7
 **********
 **********
 **   85 **FIX            8
 **********
 **********
 **   86 **FIX            9
 **********
 PARAMETER    9  IS CONSTANT.   IGNORED.
 **********
 **   87 **FIX           10
 **********
 PARAMETER   10  IS CONSTANT.   IGNORED.
 **********
 **   88 **FIX           11
 **********
 PARAMETER   11  IS CONSTANT.   IGNORED.
 **********
 **   89 **FIX           12
 **********
 PARAMETER   12  IS CONSTANT.   IGNORED.
 **********
 **   90 **FIX           16
 **********
 PARAMETER   16  IS CONSTANT.   IGNORED.
 **********
 **   91 **MIGRAD
 **********
 START MIGRAD MINIMIZATION.  STRATEGY  1.  CONVERGENCE WHEN EDM .LT. 1.00e-04
 FCN=313.696 FROM MIGRAD    STATUS=INITIATE       10 CALLS         816 TOTAL
                     EDM= unknown      STRATEGY= 1      NO ERROR MATRIX       
  EXT PARAMETER               CURRENT GUESS       STEP         FIRST   
  NO.   NAME      VALUE            ERROR          SIZE      DERIVATIVE 
   1  N0           3.11069e+06     fixed    
   2  tau          6.44114e+01   constant   
   3  A0           3.64332e-01     fixed    
   4  phi          4.11779e+00     fixed    
   5  R           -6.00079e+01   constant   
   6  A_CBO        1.10194e-03     fixed    
   7  w_CBO        2.32702e+00     fixed    
   8  phi_CBO      1.70759e+00     fixed    
   9  ANx2         3.40456e-04   constant   
  10  pNx2         3.19484e+00   constant   
  11  ANy1         0.00000e+00   constant   
  12  pNy1         0.00000e+00   constant   
  13  w_y          0.00000e+00   constant   
  14  ANy2         6.56779e-04   7.84993e-04   7.84993e-04   2.63014e+01
  15  pNy2         5.11372e+00   constant   
  16  w_vw         1.43155e+01   constant   
  17  LM           3.07992e-04   constant   
  18  wCBO_expCoeff   2.00302e+02   8.58190e+00   2.03483e-03  -4.79922e-05
  19  wCBO_expOffset   1.99970e+02   1.28452e+00   3.04386e-04  -3.20429e-04
  20  wCBO_expT    2.99628e+01   1.52455e-01   5.21386e-05   1.26119e-04
  21  wCBO_linCoeff   0.00000e+00   constant   
  22  wCBO_const   3.89125e-03   1.80316e-03   4.70499e-06   3.80490e-02
 MIGRAD MINIMIZATION HAS CONVERGED.
 MIGRAD WILL VERIFY CONVERGENCE AND ERROR MATRIX.
 COVARIANCE MATRIX CALCULATED SUCCESSFULLY
 FCN=313.696 FROM MIGRAD    STATUS=CONVERGED      52 CALLS         858 TOTAL
                     EDM=4.67752e-07    STRATEGY= 1      ERROR MATRIX ACCURATE 
  EXT PARAMETER                                   STEP         FIRST   
  NO.   NAME      VALUE            ERROR          SIZE      DERIVATIVE 
   1  N0           3.11069e+06     fixed    
   2  tau          6.44114e+01   constant   
   3  A0           3.64332e-01     fixed    
   4  phi          4.11779e+00     fixed    
   5  R           -6.00079e+01   constant   
   6  A_CBO        1.10194e-03     fixed    
   7  w_CBO        2.32702e+00     fixed    
   8  phi_CBO      1.70759e+00     fixed    
   9  ANx2         3.40456e-04   constant   
  10  pNx2         3.19484e+00   constant   
  11  ANy1         0.00000e+00   constant   
  12  pNy1         0.00000e+00   constant   
  13  w_y          0.00000e+00   constant   
  14  ANy2         6.48721e-04   7.83479e-04   6.78008e-06  -2.20580e-04
  15  pNy2         5.11372e+00   constant   
  16  w_vw         1.43155e+01   constant   
  17  LM           3.07992e-04   constant   
  18  wCBO_expCoeff   2.00302e+02   8.54832e+00   2.03482e-03   3.64920e-03
  19  wCBO_expOffset   1.99970e+02   1.27929e+00   3.04385e-04   2.43951e-02
  20  wCBO_expT    2.99628e+01   1.52199e-01   5.21384e-05   1.45432e-01
  21  wCBO_linCoeff   0.00000e+00   constant   
  22  wCBO_const   3.89125e-03   1.80126e-03   4.70499e-06   1.39249e+00
 EXTERNAL ERROR MATRIX.    NDIM=  25    NPAR=  5    ERR DEF=1
  6.138e-07 -1.866e-05 -2.793e-06  1.274e-06 -1.227e-08 
 -1.866e-05  7.307e+01 -8.752e+00 -4.089e-01  3.737e-03 
 -2.793e-06 -8.752e+00  1.637e+00 -6.143e-02  5.608e-04 
  1.274e-06 -4.089e-01 -6.143e-02  2.316e-02 -2.231e-04 
 -1.227e-08  3.737e-03  5.608e-04 -2.231e-04  3.245e-06 
 PARAMETER  CORRELATION COEFFICIENTS  
       NO.  GLOBAL     14     18     19     20     22
       14  0.04331   1.000 -0.003 -0.003  0.011 -0.009
       18  0.99962  -0.003  1.000 -0.800 -0.314  0.243
       19  0.99962  -0.003 -0.800  1.000 -0.315  0.243
       20  0.99922   0.011 -0.314 -0.315  1.000 -0.814
       22  0.95345  -0.009  0.243  0.243 -0.814  1.000
MINUIT - FIT ALTOGETHER
 **********
 **   92 **RES 
 **********
                   PARAMETER    8  phi_CBO RESTORED TO VARIABLE.
                   PARAMETER    7  w_CBO RESTORED TO VARIABLE.
                   PARAMETER    6  A_CBO RESTORED TO VARIABLE.
                   PARAMETER    4  phi RESTORED TO VARIABLE.
                   PARAMETER    3  A0 RESTORED TO VARIABLE.
                   PARAMETER    1  N0 RESTORED TO VARIABLE.
 **********
 **   93 **MIGRAD
 **********
 START MIGRAD MINIMIZATION.  STRATEGY  1.  CONVERGENCE WHEN EDM .LT. 1.00e-04
 FCN=313.696 FROM MIGRAD    STATUS=INITIATE       22 CALLS         880 TOTAL
                     EDM= unknown      STRATEGY= 1      NO ERROR MATRIX       
  EXT PARAMETER               CURRENT GUESS       STEP         FIRST   
  NO.   NAME      VALUE            ERROR          SIZE      DERIVATIVE 
   1  N0           3.11069e+06   1.72586e+03   1.72586e+03  -2.12986e-04
   2  tau          6.44114e+01   constant   
   3  A0           3.64332e-01   7.57801e-04   7.57801e-04   1.42701e+02
   4  phi          4.11779e+00   2.12116e-03   2.12116e-03  -3.64686e+01
   5  R           -6.00079e+01   constant   
   6  A_CBO        1.10194e-03   8.07195e-04   8.07195e-04  -1.52605e+02
   7  w_CBO        2.32702e+00   2.58260e-02   2.58260e-02   9.14803e-01
   8  phi_CBO      1.70759e+00   1.29627e+00   1.29627e+00  -1.33063e-04
   9  ANx2         3.40456e-04   constant   
  10  pNx2         3.19484e+00   constant   
  11  ANy1         0.00000e+00   constant   
  12  pNy1         0.00000e+00   constant   
  13  w_y          0.00000e+00   constant   
  14  ANy2         6.48721e-04   7.83479e-04   6.78008e-06  -2.20588e-04
  15  pNy2         5.11372e+00   constant   
  16  w_vw         1.43155e+01   constant   
  17  LM           3.07992e-04   constant   
  18  wCBO_expCoeff   2.00302e+02   8.54832e+00   2.03482e-03   3.64435e-03
  19  wCBO_expOffset   1.99970e+02   1.27929e+00   3.04385e-04   2.43650e-02
  20  wCBO_expT    2.99628e+01   1.52199e-01   5.21384e-05   1.45291e-01
  21  wCBO_linCoeff   0.00000e+00   constant   
  22  wCBO_const   3.89125e-03   1.80126e-03   4.70499e-06   1.39369e+00
 MIGRAD MINIMIZATION HAS CONVERGED.
 MIGRAD WILL VERIFY CONVERGENCE AND ERROR MATRIX.
 FCN=313.655 FROM HESSE     STATUS=NOT POSDEF    100 CALLS        1075 TOTAL
                     EDM=6.24342e-05    STRATEGY= 1      ERR MATRIX NOT POS-DEF
  EXT PARAMETER                APPROXIMATE        STEP         FIRST   
  NO.   NAME      VALUE            ERROR          SIZE      DERIVATIVE 
   1  N0           3.11101e+06   1.72187e+03   1.42905e+01   1.54565e-07
   2  tau          6.44114e+01   constant   
   3  A0           3.64294e-01   7.44531e-04   6.36597e-06  -4.44815e-01
