 + ++++++++++++++++++++++++++++++++++++++++++++++++++++++++++++++++++++ +
 +                                                                      +
 +           You have chose to blind your fitting according to          +
 +                omega_ref * (1 + (R +/- deltaR) *10^{-6})             +
 +                                                                      +
 + ++++++++++++++++++++++++++++++++++++++++++++++++++++++++++++++++++++ +
In main()...
reading format from /gm2data/zkhechad/run45/envelope/formats/formatB_sBin_constraintOn.txt
pBinTau 	= 0  
pBinPhi 	= 0  
constraintau 	= 1 
includeMopTerm 	= 0    
constrainMop    = 0   
Parameters after format file: pBinTau 0 pBinPhi 0 constraintau 1 includeMopTerm 0 constrainMop 0 c_e_scale 0.000000 
reading cbo reference file (full fit) from /gm2data/zkhechad/cboTemplates/Run4CBOTemplates/fullFits/run4/sBin_constraintOn_cE0.0_seed0_run4_calo8.root
A_CBO 0.011357 w_CBO 2.326581 phi_CBO 5.876624 N0 2844262.344614 R -61.301649 tau 64.404749 
Reading cboRef file /gm2data/zkhechad/cboTemplates/Run4CBOTemplates//cboIsolate/run4_calo8.root
deltaT 164.120000
windowBins = 1100
fitting sliding window 2420 from bin 2623 at 391.351600 to bin 3723 at 555.471600 (1100 bins)

Reading data from /gm2data/cornell/histograms/aMethod/histogram_a_run4.root
fitting cbo isolate
 **********
 **    1 **SET PRINTOUT            1
 **********
 **********
 **    2 **SET NOWARNINGS 
 **********
 PARAMETER DEFINITIONS:
    NO.   NAME         VALUE      STEP SIZE      LIMITS
     1 A_CBO        1.13569e-02  1.00000e-05     no limits
     2 w_CBO        2.32658e+00  1.00000e-02    2.00000e+00  3.00000e+00
     3 phi_CBO      5.87662e+00  1.00000e-02    0.00000e+00  6.28319e+00
 **********
 **    3 **MIGRAD
 **********
 FIRST CALL TO USER FUNCTION AT NEW START POINT, WITH IFLAG=4.
 START MIGRAD MINIMIZATION.  STRATEGY  1.  CONVERGENCE WHEN EDM .LT. 1.00e-04
 FCN=0.337529 FROM MIGRAD    STATUS=INITIATE       12 CALLS          13 TOTAL
                     EDM= unknown      STRATEGY= 1      NO ERROR MATRIX       
  EXT PARAMETER               CURRENT GUESS       STEP         FIRST   
  NO.   NAME      VALUE            ERROR          SIZE      DERIVATIVE 
   1  A_CBO        1.13569e-02   1.00000e-05   1.00000e-05   9.64771e+00
   2  w_CBO        2.32658e+00   1.00000e-02   2.13259e-02  -9.21184e-01
   3  phi_CBO      5.87662e+00   1.00000e-02   6.47001e-03   5.83704e-03
 MIGRAD MINIMIZATION HAS CONVERGED.
 MIGRAD WILL VERIFY CONVERGENCE AND ERROR MATRIX.
 COVARIANCE MATRIX CALCULATED SUCCESSFULLY
 FCN=0.295326 FROM MIGRAD    STATUS=CONVERGED      49 CALLS          50 TOTAL
                     EDM=2.85503e-05    STRATEGY= 1      ERROR MATRIX ACCURATE 
  EXT PARAMETER                                   STEP         FIRST   
  NO.   NAME      VALUE            ERROR          SIZE      DERIVATIVE 
   1  A_CBO        2.57696e-03   4.25748e-02   2.36654e-05  -6.55189e-02
   2  w_CBO        2.32673e+00   1.86700e-01   4.04589e-05   7.95168e-03
   3  phi_CBO      5.82143e+00   3.17874e+00   4.78873e-03  -1.83279e-04
 EXTERNAL ERROR MATRIX.    NDIM=  25    NPAR=  3    ERR DEF=1
  1.813e-03  7.186e-05  3.983e-02 
  7.186e-05  3.687e-02  1.719e+01 
  3.983e-02  1.719e+01  8.279e+03 
 PARAMETER  CORRELATION COEFFICIENTS  
       NO.  GLOBAL      1      2      3
        1  0.01269   1.000  0.009  0.010
        2  0.98394   0.009  1.000  0.984
        3  0.98395   0.010  0.984  1.000
setting A_CBO=0.002577 w_CBO=2.326728, phi_CBO=5.821427
done fitting cbo isolate
 **********
 **    1 **SET PRINTOUT            1
 **********
 **********
 **    2 **SET NOWARNINGS 
 **********
 PARAMETER DEFINITIONS:
    NO.   NAME         VALUE      STEP SIZE      LIMITS
     1 N0           2.84426e+06  1.00000e+02     no limits
     2 tau          6.44047e+01  constant
     3 A0           3.52885e-01  1.00000e-04     no limits
     4 phi          4.11503e+00  1.00000e-02     no limits
     5 R           -6.13016e+01  constant
     6 A_CBO        2.57696e-03  1.00000e-05     no limits
     7 w_CBO        2.32673e+00  1.00000e-03     no limits
     8 phi_CBO      5.82143e+00  1.00000e-04     no limits
     9 ANx2         6.64823e-04  constant
    10 pNx2         9.66896e-01  constant
    11 ANy1         0.00000e+00  constant
    12 pNy1         0.00000e+00  constant
    13 w_y          0.00000e+00  constant
    14 ANy2         8.37111e-03  1.00000e-04     no limits
    15 pNy2         5.88808e+00  constant
    16 w_vw         1.43122e+01  constant
    17 LM           1.40011e-04  constant
    18 wCBO_expCoeff   2.00000e+02  1.00000e+00     no limits
    19 wCBO_expOffset   2.00000e+02  1.00000e+00     no limits
    20 wCBO_expT    3.00000e+01  1.00000e+00     no limits
    21 wCBO_linCoeff   0.00000e+00  constant
    22 wCBO_const   0.00000e+00  1.00000e-02     no limits
MINUIT - FIT ONLY WIGGLE
 **********
 **    3 **FIX            5
 **********
 PARAMETER    5  IS CONSTANT.   IGNORED.
 **********
 **    4 **FIX            6
 **********
 **********
 **    5 **FIX            7
 **********
 **********
 **    6 **FIX            8
 **********
 **********
 **    7 **FIX            9
 **********
 PARAMETER    9  IS CONSTANT.   IGNORED.
 **********
 **    8 **FIX           10
 **********
 PARAMETER   10  IS CONSTANT.   IGNORED.
 **********
 **    9 **FIX           11
 **********
 PARAMETER   11  IS CONSTANT.   IGNORED.
 **********
 **   10 **FIX           12
 **********
 PARAMETER   12  IS CONSTANT.   IGNORED.
 **********
 **   11 **FIX           13
 **********
 PARAMETER   13  IS CONSTANT.   IGNORED.
 **********
 **   12 **FIX           14
 **********
 **********
 **   13 **FIX           15
 **********
 PARAMETER   15  IS CONSTANT.   IGNORED.
 **********
 **   14 **FIX           16
 **********
 PARAMETER   16  IS CONSTANT.   IGNORED.
 **********
 **   15 **MIGRAD
 **********
 FIRST CALL TO USER FUNCTION AT NEW START POINT, WITH IFLAG=4.
 START MIGRAD MINIMIZATION.  STRATEGY  1.  CONVERGENCE WHEN EDM .LT. 1.00e-04
 FCN=352.47 FROM MIGRAD    STATUS=INITIATE       82 CALLS          83 TOTAL
                     EDM= unknown      STRATEGY= 1      NO ERROR MATRIX       
  EXT PARAMETER               CURRENT GUESS       STEP         FIRST   
  NO.   NAME      VALUE            ERROR          SIZE      DERIVATIVE 
   1  N0           2.84426e+06   1.00000e+02   0.00000e+00   8.56657e-04
   2  tau          6.44047e+01   constant   
   3  A0           3.52885e-01   1.00000e-04   0.00000e+00  -7.90588e+02
   4  phi          4.11503e+00   1.00000e-02   0.00000e+00   1.08941e+03
   5  R           -6.13016e+01   constant   
   6  A_CBO        2.57696e-03     fixed    
   7  w_CBO        2.32673e+00     fixed    
   8  phi_CBO      5.82143e+00     fixed    
   9  ANx2         6.64823e-04   constant   
  10  pNx2         9.66896e-01   constant   
  11  ANy1         0.00000e+00   constant   
  12  pNy1         0.00000e+00   constant   
  13  w_y          0.00000e+00   constant   
  14  ANy2         8.37111e-03     fixed    
  15  pNy2         5.88808e+00   constant   
  16  w_vw         1.43122e+01   constant   
  17  LM           1.40011e-04   constant   
  18  wCBO_expCoeff   2.00000e+02   1.00000e+00   0.00000e+00   1.26826e+00
  19  wCBO_expOffset   2.00000e+02   1.00000e+00   0.00000e+00   8.45982e+00
  20  wCBO_expT    2.99832e+01   1.00000e+00   0.00000e+00   5.51670e+01
  21  wCBO_linCoeff   0.00000e+00   constant   
  22  wCBO_const  -2.43106e-03   1.00000e-02  -2.43106e-03   1.19042e+02
 MIGRAD MINIMIZATION HAS CONVERGED.
 FCN=348.746 FROM MIGRAD    STATUS=CONVERGED     181 CALLS         182 TOTAL
                     EDM=9.64161e-06    STRATEGY= 1  ERROR MATRIX UNCERTAINTY   1.9 per cent
  EXT PARAMETER                                   STEP         FIRST   
  NO.   NAME      VALUE            ERROR          SIZE      DERIVATIVE 
   1  N0           2.84236e+06   2.06601e+03  -5.53681e+00  -1.10586e-06
   2  tau          6.44047e+01   constant   
   3  A0           3.53393e-01   1.00468e-03  -2.57792e-06  -2.29850e+00
   4  phi          4.11094e+00   2.84716e-03   7.29314e-06   7.75824e-01
   5  R           -6.13016e+01   constant   
   6  A_CBO        2.57696e-03     fixed    
   7  w_CBO        2.32673e+00     fixed    
   8  phi_CBO      5.82143e+00     fixed    
   9  ANx2         6.64823e-04   constant   
  10  pNx2         9.66896e-01   constant   
  11  ANy1         0.00000e+00   constant   
  12  pNy1         0.00000e+00   constant   
  13  w_y          0.00000e+00   constant   
  14  ANy2         8.37111e-03     fixed    
  15  pNy2         5.88808e+00   constant   
  16  w_vw         1.43122e+01   constant   
  17  LM           1.40011e-04   constant   
  18  wCBO_expCoeff   1.99747e+02   6.68899e-01   8.76832e-04  -2.96945e-03
  19  wCBO_expOffset   1.99962e+02   1.00189e-01   1.31115e-04  -1.97830e-02
  20  wCBO_expT    2.99780e+01   2.00116e-02  -4.89733e-05   2.55026e-01
  21  wCBO_linCoeff   0.00000e+00   constant   
  22  wCBO_const  -1.70450e-03   9.01023e-04   4.23930e-07   4.04015e-02
 EXTERNAL ERROR MATRIX.    NDIM=  25    NPAR=  7    ERR DEF=1
  4.268e+06 -4.241e-02 -1.349e-01 -2.167e+02 -3.240e+01  1.331e+01 -2.399e-01 
 -4.241e-02  1.009e-06  3.090e-08 -1.779e-04 -2.661e-05  4.847e-06  2.235e-07 
 -1.349e-01  3.090e-08  8.106e-06  2.759e-04  4.125e-05 -1.817e-05  2.671e-07 
 -2.167e+02 -1.779e-04  2.759e-04  4.474e-01  8.574e-03 -5.004e-03 -2.142e-04 
 -3.240e+01 -2.661e-05  4.125e-05  8.574e-03  1.004e-02 -7.484e-04 -3.205e-05 
  1.331e+01  4.847e-06 -1.817e-05 -5.004e-03 -7.484e-04  4.005e-04 -6.008e-06 
 -2.399e-01  2.235e-07  2.671e-07 -2.142e-04 -3.205e-05 -6.008e-06  8.118e-07 
 PARAMETER  CORRELATION COEFFICIENTS  
       NO.  GLOBAL      1      3      4     18     19     20     22
        1  0.37194   1.000 -0.020 -0.023 -0.157 -0.157  0.322 -0.129
        3  0.44528  -0.020  1.000  0.011 -0.265 -0.264  0.241  0.247
        4  0.35416  -0.023  0.011  1.000  0.145  0.145 -0.319  0.104
       18  0.72652  -0.157 -0.265  0.145  1.000  0.128 -0.374 -0.355
       19  0.72595  -0.157 -0.264  0.145  0.128  1.000 -0.373 -0.355
       20  0.83411   0.322  0.241 -0.319 -0.374 -0.373  1.000 -0.333
       22  0.82177  -0.129  0.247  0.104 -0.355 -0.355 -0.333  1.000
MINUIT - FIT ONLY 1-CBO + other amplitudes 
 **********
 **   16 **RES 
 **********
                   PARAMETER   14  ANy2 RESTORED TO VARIABLE.
                   PARAMETER    8  phi_CBO RESTORED TO VARIABLE.
                   PARAMETER    7  w_CBO RESTORED TO VARIABLE.
                   PARAMETER    6  A_CBO RESTORED TO VARIABLE.
 **********
 **   17 **FIX            0
 **********
 PARAMETER    0  IS UNDEFINED. IGNORED.
 **********
 **   18 **FIX            1
 **********
 **********
 **   19 **FIX            2
 **********
 PARAMETER    2  IS CONSTANT.   IGNORED.
 **********
 **   20 **FIX            3
 **********
 **********
 **   21 **FIX            4
 **********
 **********
 **   22 **FIX            9
 **********
 PARAMETER    9  IS CONSTANT.   IGNORED.
 **********
 **   23 **FIX           11
 **********
 PARAMETER   11  IS CONSTANT.   IGNORED.
 **********
 **   24 **FIX           12
 **********
 PARAMETER   12  IS CONSTANT.   IGNORED.
 **********
 **   25 **FIX           14
 **********
 **********
 **   26 **FIX           15
 **********
 PARAMETER   15  IS CONSTANT.   IGNORED.
 **********
 **   27 **FIX           16
 **********
 PARAMETER   16  IS CONSTANT.   IGNORED.
 **********
 **   28 **MIGRAD
 **********
 START MIGRAD MINIMIZATION.  STRATEGY  1.  CONVERGENCE WHEN EDM .LT. 1.00e-04
 FCN=348.746 FROM MIGRAD    STATUS=INITIATE       18 CALLS         200 TOTAL
                     EDM= unknown      STRATEGY= 1      NO ERROR MATRIX       
  EXT PARAMETER               CURRENT GUESS       STEP         FIRST   
  NO.   NAME      VALUE            ERROR          SIZE      DERIVATIVE 
   1  N0           2.84236e+06     fixed    
   2  tau          6.44047e+01   constant   
   3  A0           3.53393e-01     fixed    
   4  phi          4.11094e+00     fixed    
   5  R           -6.13016e+01   constant   
   6  A_CBO        2.57696e-03   1.00000e-05   1.00000e-05   3.69866e+03
   7  w_CBO        2.32673e+00   1.00000e-03   1.00000e-03  -2.38948e-01
   8  phi_CBO      5.82143e+00   1.00000e-04   1.00000e-04  -5.65168e-01
   9  ANx2         6.64823e-04   constant   
  10  pNx2         9.66896e-01   constant   
  11  ANy1         0.00000e+00   constant   
  12  pNy1         0.00000e+00   constant   
  13  w_y          0.00000e+00   constant   
  14  ANy2         8.37111e-03     fixed    
  15  pNy2         5.88808e+00   constant   
  16  w_vw         1.43122e+01   constant   
  17  LM           1.40011e-04   constant   
  18  wCBO_expCoeff   1.99747e+02   6.68899e-01   8.76832e-04  -2.96945e-03
  19  wCBO_expOffset   1.99962e+02   1.00189e-01   1.31115e-04  -1.97830e-02
  20  wCBO_expT    2.99780e+01   2.00116e-02  -4.89733e-05   2.55026e-01
  21  wCBO_linCoeff   0.00000e+00   constant   
  22  wCBO_const  -1.70450e-03   9.01023e-04   4.23930e-07   4.03928e-02
 MIGRAD MINIMIZATION HAS CONVERGED.
 MIGRAD WILL VERIFY CONVERGENCE AND ERROR MATRIX.
 FCN=344.623 FROM MIGRAD    STATUS=CONVERGED     288 CALLS         470 TOTAL
                     EDM=9.2378e-07    STRATEGY= 1      ERR MATRIX NOT POS-DEF
  EXT PARAMETER                APPROXIMATE        STEP         FIRST   
  NO.   NAME      VALUE            ERROR          SIZE      DERIVATIVE 
   1  N0           2.84236e+06     fixed    
   2  tau          6.44047e+01   constant   
   3  A0           3.53393e-01     fixed    
   4  phi          4.11094e+00     fixed    
   5  R           -6.13016e+01   constant   
   6  A_CBO        2.89089e-04   1.06143e-03   9.07696e-06  -1.39612e-02
   7  w_CBO        2.32906e+00   1.16350e-02   9.43982e-06   6.58661e-01
   8  phi_CBO      6.07169e+00   3.68129e+00   3.34181e-02  -1.66227e-04
   9  ANx2         6.64823e-04   constant   
  10  pNx2         9.66896e-01   constant   
  11  ANy1         0.00000e+00   constant   
  12  pNy1         0.00000e+00   constant   
  13  w_y          0.00000e+00   constant   
  14  ANy2         8.37111e-03     fixed    
  15  pNy2         5.88808e+00   constant   
  16  w_vw         1.43122e+01   constant   
  17  LM           1.40011e-04   constant   
  18  wCBO_expCoeff   2.06239e+02   7.28673e+00   5.78747e-03   1.90233e-03
  19  wCBO_expOffset   2.00937e+02   1.04817e+00   8.32078e-04   1.32293e-02
  20  wCBO_expT    2.96566e+01   1.52009e-01   1.25024e-04   8.63435e-02
  21  wCBO_linCoeff   0.00000e+00   constant   
  22  wCBO_const  -1.47894e-03   4.98237e-03   4.52864e-06   1.14347e+00
 EXTERNAL ERROR MATRIX.    NDIM=  25    NPAR=  7    ERR DEF=1
  1.127e-06 -3.290e-07  1.195e-04 -6.126e-04 -8.815e-05  3.515e-05 -9.710e-08 
 -3.290e-07  1.354e-04 -3.718e-04 -3.113e-03 -4.519e-04 -1.427e-04 -5.712e-05 
  1.195e-04 -3.718e-04  1.355e+01 -7.885e-01 -1.134e-01  5.040e-02 -1.265e-04 
 -6.126e-04 -3.113e-03 -7.885e-01  5.310e+01 -4.502e+00 -4.899e-01  2.624e-03 
 -8.815e-05 -4.519e-04 -1.134e-01 -4.502e+00  1.099e+00 -7.056e-02  3.793e-04 
  3.515e-05 -1.427e-04  5.040e-02 -4.899e-01 -7.056e-02  2.311e-02 -1.157e-05 
 -9.710e-08 -5.712e-05 -1.265e-04  2.624e-03  3.793e-04 -1.157e-05  2.482e-05 
ERR MATRIX NOT POS-DEF
 PARAMETER  CORRELATION COEFFICIENTS  
       NO.  GLOBAL      6      7      8     18     19     20     22
        6  0.34027   1.000 -0.027  0.031 -0.079 -0.079  0.218 -0.018
        7  0.99602  -0.027  1.000 -0.009 -0.037 -0.037 -0.081 -0.985
        8  0.20986   0.031 -0.009  1.000 -0.029 -0.029  0.090 -0.007
       18  0.99619  -0.079 -0.037 -0.029  1.000 -0.589 -0.442  0.072
       19  0.99619  -0.079 -0.037 -0.029 -0.589  1.000 -0.443  0.073
       20  0.99591   0.218 -0.081  0.090 -0.442 -0.443  1.000 -0.015
       22  0.99500  -0.018 -0.985 -0.007  0.072  0.073 -0.015  1.000
 ERR MATRIX NOT POS-DEF
MINUIT - FIT ONLY 1-CBO
 **********
 **   29 **RES 
 **********
                   PARAMETER   14  ANy2 RESTORED TO VARIABLE.
                   PARAMETER    4  phi RESTORED TO VARIABLE.
                   PARAMETER    3  A0 RESTORED TO VARIABLE.
                   PARAMETER    1  N0 RESTORED TO VARIABLE.
 **********
 **   30 **FIX            0
 **********
 PARAMETER    0  IS UNDEFINED. IGNORED.
 **********
 **   31 **FIX            1
 **********
 **********
 **   32 **FIX            2
 **********
 PARAMETER    2  IS CONSTANT.   IGNORED.
 **********
 **   33 **FIX            3
 **********
 **********
 **   34 **FIX            4
 **********
 **********
 **   35 **FIX            8
 **********
 **********
 **   36 **FIX            9
 **********
 PARAMETER    9  IS CONSTANT.   IGNORED.
 **********
 **   37 **FIX           11
 **********
 PARAMETER   11  IS CONSTANT.   IGNORED.
 **********
 **   38 **FIX           12
 **********
 PARAMETER   12  IS CONSTANT.   IGNORED.
 **********
 **   39 **FIX           13
 **********
 PARAMETER   13  IS CONSTANT.   IGNORED.
 **********
 **   40 **FIX           15
 **********
 PARAMETER   15  IS CONSTANT.   IGNORED.
 **********
 **   41 **FIX           16
 **********
 PARAMETER   16  IS CONSTANT.   IGNORED.
 **********
 **   42 **MIGRAD
 **********
 START MIGRAD MINIMIZATION.  STRATEGY  1.  CONVERGENCE WHEN EDM .LT. 1.00e-04
 FCN=344.623 FROM MIGRAD    STATUS=INITIATE       16 CALLS         486 TOTAL
                     EDM= unknown      STRATEGY= 1      NO ERROR MATRIX       
  EXT PARAMETER               CURRENT GUESS       STEP         FIRST   
  NO.   NAME      VALUE            ERROR          SIZE      DERIVATIVE 
   1  N0           2.84236e+06     fixed    
   2  tau          6.44047e+01   constant   
   3  A0           3.53393e-01     fixed    
   4  phi          4.11094e+00     fixed    
   5  R           -6.13016e+01   constant   
   6  A_CBO        2.89089e-04   1.06143e-03   9.07696e-06  -1.39614e-02
   7  w_CBO        2.32906e+00   1.16350e-02   9.43982e-06   6.59513e-01
   8  phi_CBO      6.07169e+00     fixed    
   9  ANx2         6.64823e-04   constant   
  10  pNx2         9.66896e-01   constant   
  11  ANy1         0.00000e+00   constant   
  12  pNy1         0.00000e+00   constant   
  13  w_y          0.00000e+00   constant   
  14  ANy2         8.37111e-03   1.00000e-04   1.00000e-04   1.41593e+04
  15  pNy2         5.88808e+00   constant   
  16  w_vw         1.43122e+01   constant   
  17  LM           1.40011e-04   constant   
  18  wCBO_expCoeff   2.06239e+02   7.28673e+00   5.78747e-03   1.90263e-03
  19  wCBO_expOffset   2.00937e+02   1.04817e+00   8.32078e-04   1.32341e-02
  20  wCBO_expT    2.96566e+01   1.52009e-01   1.25024e-04   8.63211e-02
  21  wCBO_linCoeff   0.00000e+00   constant   
  22  wCBO_const  -1.47894e-03   4.98237e-03   4.52864e-06   1.14657e+00
 MIGRAD MINIMIZATION HAS CONVERGED.
 MIGRAD WILL VERIFY CONVERGENCE AND ERROR MATRIX.
 FCN=292.288 FROM MIGRAD    STATUS=CONVERGED      99 CALLS         569 TOTAL
                     EDM=1.02442e-05    STRATEGY= 1      ERR MATRIX NOT POS-DEF
  EXT PARAMETER                APPROXIMATE        STEP         FIRST   
  NO.   NAME      VALUE            ERROR          SIZE      DERIVATIVE 
   1  N0           2.84236e+06     fixed    
   2  tau          6.44047e+01   constant   
   3  A0           3.53393e-01     fixed    
   4  phi          4.11094e+00     fixed    
   5  R           -6.13016e+01   constant   
   6  A_CBO        2.89377e-04   1.08940e-03   8.36602e-06  -2.27403e+00
   7  w_CBO        2.32907e+00   1.25967e-02   9.50700e-06   6.64942e-02
   8  phi_CBO      6.07169e+00     fixed    
   9  ANx2         6.64823e-04   constant   
  10  pNx2         9.66896e-01   constant   
  11  ANy1         0.00000e+00   constant   
  12  pNy1         0.00000e+00   constant   
  13  w_y          0.00000e+00   constant   
  14  ANy2         9.78906e-04   1.01934e-03   8.54473e-06  -2.45042e-03
  15  pNy2         5.88808e+00   constant   
  16  w_vw         1.43122e+01   constant   
  17  LM           1.40011e-04   constant   
  18  wCBO_expCoeff   2.06239e+02   1.03706e+01   7.37040e-03   3.75796e-04
  19  wCBO_expOffset   2.00937e+02   1.49202e+00   1.05985e-03   2.61347e-03
  20  wCBO_expT    2.96566e+01   1.98574e-01   1.54666e-04   1.06453e-04
  21  wCBO_linCoeff   0.00000e+00   constant   
  22  wCBO_const  -1.47838e-03   5.39590e-03   4.43996e-06   7.75287e-02
 EXTERNAL ERROR MATRIX.    NDIM=  25    NPAR=  7    ERR DEF=1
  1.187e-06 -4.178e-07 -1.078e-09 -9.322e-04 -1.342e-04  5.353e-05 -1.521e-07 
 -4.178e-07  1.587e-04  2.919e-09 -3.195e-03 -4.663e-04 -1.883e-04 -6.693e-05 
 -1.078e-09  2.919e-09  1.039e-06 -1.415e-06 -2.053e-07  1.451e-08 -7.119e-10 
 -9.322e-04 -3.195e-03 -1.415e-06  1.075e+02 -9.938e+00 -8.530e-01  3.510e-03 
 -1.342e-04 -4.663e-04 -2.053e-07 -9.938e+00  2.226e+00 -1.230e-01  5.081e-04 
  5.353e-05 -1.883e-04  1.451e-08 -8.530e-01 -1.230e-01  3.943e-02 -3.476e-05 
 -1.521e-07 -6.693e-05 -7.119e-10  3.510e-03  5.081e-04 -3.476e-05  2.912e-05 
ERR MATRIX NOT POS-DEF
 PARAMETER  CORRELATION COEFFICIENTS  
       NO.  GLOBAL      6      7     14     18     19     20     22
        6  0.40081   1.000 -0.030 -0.001 -0.083 -0.083  0.247 -0.026
        7  0.99594  -0.030  1.000  0.000 -0.024 -0.025 -0.075 -0.985
       14  0.00166  -0.001  0.000  1.000 -0.000 -0.000  0.000 -0.000
       18  0.99640  -0.083 -0.024 -0.000  1.000 -0.642 -0.414  0.063
       19  0.99640  -0.083 -0.025 -0.000 -0.642  1.000 -0.415  0.063
       20  0.99567   0.247 -0.075  0.000 -0.414 -0.415  1.000 -0.032
       22  0.99517  -0.026 -0.985 -0.000  0.063  0.063 -0.032  1.000
 ERR MATRIX NOT POS-DEF
MINUIT - FIT ONLY 2-CBO
 **********
 **   43 **RES 
 **********
                   PARAMETER    8  phi_CBO RESTORED TO VARIABLE.
                   PARAMETER    4  phi RESTORED TO VARIABLE.
                   PARAMETER    3  A0 RESTORED TO VARIABLE.
                   PARAMETER    1  N0 RESTORED TO VARIABLE.
 **********
 **   44 **FIX            0
 **********
 PARAMETER    0  IS UNDEFINED. IGNORED.
 **********
 **   45 **FIX            1
 **********
 **********
 **   46 **FIX            2
 **********
 PARAMETER    2  IS CONSTANT.   IGNORED.
 **********
 **   47 **FIX            3
 **********
 **********
 **   48 **FIX            4
 **********
 **********
 **   49 **FIX            5
 **********
 PARAMETER    5  IS CONSTANT.   IGNORED.
 **********
 **   50 **FIX            6
 **********
 **********
 **   51 **FIX            7
 **********
 **********
 **   52 **FIX           10
 **********
 PARAMETER   10  IS CONSTANT.   IGNORED.
 **********
 **   53 **FIX           11
 **********
 PARAMETER   11  IS CONSTANT.   IGNORED.
 **********
 **   54 **FIX           12
 **********
 PARAMETER   12  IS CONSTANT.   IGNORED.
 **********
 **   55 **FIX           13
 **********
 PARAMETER   13  IS CONSTANT.   IGNORED.
 **********
 **   56 **FIX           14
 **********
 **********
 **   57 **FIX           15
 **********
 PARAMETER   15  IS CONSTANT.   IGNORED.
 **********
 **   58 **FIX           16
 **********
 PARAMETER   16  IS CONSTANT.   IGNORED.
 **********
 **   59 **MIGRAD
 **********
 START MIGRAD MINIMIZATION.  STRATEGY  1.  CONVERGENCE WHEN EDM .LT. 1.00e-04
 FCN=292.288 FROM MIGRAD    STATUS=INITIATE       10 CALLS         579 TOTAL
                     EDM= unknown      STRATEGY= 1      NO ERROR MATRIX       
  EXT PARAMETER               CURRENT GUESS       STEP         FIRST   
  NO.   NAME      VALUE            ERROR          SIZE      DERIVATIVE 
   1  N0           2.84236e+06     fixed    
   2  tau          6.44047e+01   constant   
   3  A0           3.53393e-01     fixed    
   4  phi          4.11094e+00     fixed    
   5  R           -6.13016e+01   constant   
   6  A_CBO        2.89377e-04     fixed    
   7  w_CBO        2.32907e+00     fixed    
   8  phi_CBO      6.07169e+00   3.68129e+00   3.68129e+00  -1.60088e-02
   9  ANx2         6.64823e-04   constant   
  10  pNx2         9.66896e-01   constant   
  11  ANy1         0.00000e+00   constant   
  12  pNy1         0.00000e+00   constant   
  13  w_y          0.00000e+00   constant   
  14  ANy2         9.78906e-04     fixed    
  15  pNy2         5.88808e+00   constant   
  16  w_vw         1.43122e+01   constant   
  17  LM           1.40011e-04   constant   
  18  wCBO_expCoeff   2.06239e+02   1.03706e+01   7.37040e-03   3.77562e-04
  19  wCBO_expOffset   2.00937e+02   1.49202e+00   1.05985e-03   2.62802e-03
  20  wCBO_expT    2.96566e+01   1.98574e-01   1.54666e-04   1.08726e-04
  21  wCBO_linCoeff   0.00000e+00   constant   
  22  wCBO_const  -1.47838e-03   5.39590e-03   4.43996e-06   8.06085e-02
 MIGRAD MINIMIZATION HAS CONVERGED.
 MIGRAD WILL VERIFY CONVERGENCE AND ERROR MATRIX.
 FCN=292.288 FROM MIGRAD    STATUS=CONVERGED      76 CALLS         645 TOTAL
                     EDM=2.17927e-05    STRATEGY= 1      ERR MATRIX NOT POS-DEF
  EXT PARAMETER                APPROXIMATE        STEP         FIRST   
  NO.   NAME      VALUE            ERROR          SIZE      DERIVATIVE 
   1  N0           2.84236e+06     fixed    
   2  tau          6.44047e+01   constant   
   3  A0           3.53393e-01     fixed    
   4  phi          4.11094e+00     fixed    
   5  R           -6.13016e+01   constant   
   6  A_CBO        2.89377e-04     fixed    
   7  w_CBO        2.32907e+00     fixed    
   8  phi_CBO      6.18208e+00   3.69152e+00   2.99791e-02  -1.32143e-04
   9  ANx2         6.64823e-04   constant   
  10  pNx2         9.66896e-01   constant   
  11  ANy1         0.00000e+00   constant   
  12  pNy1         0.00000e+00   constant   
  13  w_y          0.00000e+00   constant   
  14  ANy2         9.78906e-04     fixed    
  15  pNy2         5.88808e+00   constant   
  16  w_vw         1.43122e+01   constant   
  17  LM           1.40011e-04   constant   
  18  wCBO_expCoeff   2.06242e+02   1.13355e+01   7.39103e-03   3.72300e-04
  19  wCBO_expOffset   2.00937e+02   1.63092e+00   1.06280e-03   2.58919e-03
  20  wCBO_expT    2.96567e+01   2.05488e-01   1.55167e-04  -1.49556e-02
  21  wCBO_linCoeff   0.00000e+00   constant   
  22  wCBO_const  -1.48081e-03   9.14111e-04   4.44056e-06   1.77688e-01
 EXTERNAL ERROR MATRIX.    NDIM=  25    NPAR=  5    ERR DEF=1
  1.363e+01 -2.315e-01 -3.293e-02  3.417e-02 -3.216e-04 
 -2.315e-01  1.285e+02 -1.243e+01 -9.329e-01  2.203e-03 
 -3.293e-02 -1.243e+01  2.660e+00 -1.346e-01  3.177e-04 
  3.417e-02 -9.329e-01 -1.346e-01  4.223e-02 -1.136e-04 
 -3.216e-04  2.203e-03  3.177e-04 -1.136e-04  8.356e-07 
ERR MATRIX NOT POS-DEF
 PARAMETER  CORRELATION COEFFICIENTS  
       NO.  GLOBAL      8     18     19     20     22
        8  0.25334   1.000 -0.006 -0.005  0.045 -0.095
       18  0.99697  -0.006  1.000 -0.672 -0.400  0.213
       19  0.99697  -0.005 -0.672  1.000 -0.402  0.213
       20  0.99593   0.045 -0.400 -0.402  1.000 -0.605
       22  0.81465  -0.095  0.213  0.213 -0.605  1.000
 ERR MATRIX NOT POS-DEF
MINUIT - FIT ONLY 1-y
 **********
 **   60 **RES 
 **********
                   PARAMETER   14  ANy2 RESTORED TO VARIABLE.
                   PARAMETER    7  w_CBO RESTORED TO VARIABLE.
                   PARAMETER    6  A_CBO RESTORED TO VARIABLE.
                   PARAMETER    4  phi RESTORED TO VARIABLE.
                   PARAMETER    3  A0 RESTORED TO VARIABLE.
                   PARAMETER    1  N0 RESTORED TO VARIABLE.
 **********
 **   61 **FIX            0
 **********
 PARAMETER    0  IS UNDEFINED. IGNORED.
 **********
 **   62 **FIX            1
 **********
 **********
 **   63 **FIX            2
 **********
 PARAMETER    2  IS CONSTANT.   IGNORED.
 **********
 **   64 **FIX            3
 **********
 **********
 **   65 **FIX            4
 **********
 **********
 **   66 **FIX            5
 **********
 PARAMETER    5  IS CONSTANT.   IGNORED.
 **********
 **   67 **FIX            6
 **********
 **********
 **   68 **FIX            7
 **********
 **********
 **   69 **FIX            8
 **********
 **********
 **   70 **FIX            9
 **********
 PARAMETER    9  IS CONSTANT.   IGNORED.
 **********
 **   71 **FIX           13
 **********
 PARAMETER   13  IS CONSTANT.   IGNORED.
 **********
 **   72 **FIX           14
 **********
 **********
 **   73 **FIX           15
 **********
 PARAMETER   15  IS CONSTANT.   IGNORED.
 **********
 **   74 **FIX           16
 **********
 PARAMETER   16  IS CONSTANT.   IGNORED.
 **********
 **   75 **MIGRAD
 **********
 START MIGRAD MINIMIZATION.  STRATEGY  1.  CONVERGENCE WHEN EDM .LT. 1.00e-04
 FCN=292.288 FROM MIGRAD    STATUS=INITIATE        8 CALLS         653 TOTAL
                     EDM= unknown      STRATEGY= 1      NO ERROR MATRIX       
  EXT PARAMETER               CURRENT GUESS       STEP         FIRST   
  NO.   NAME      VALUE            ERROR          SIZE      DERIVATIVE 
   1  N0           2.84236e+06     fixed    
   2  tau          6.44047e+01   constant   
   3  A0           3.53393e-01     fixed    
   4  phi          4.11094e+00     fixed    
   5  R           -6.13016e+01   constant   
   6  A_CBO        2.89377e-04     fixed    
   7  w_CBO        2.32907e+00     fixed    
   8  phi_CBO      6.18208e+00     fixed    
   9  ANx2         6.64823e-04   constant   
  10  pNx2         9.66896e-01   constant   
  11  ANy1         0.00000e+00   constant   
  12  pNy1         0.00000e+00   constant   
  13  w_y          0.00000e+00   constant   
  14  ANy2         9.78906e-04     fixed    
  15  pNy2         5.88808e+00   constant   
  16  w_vw         1.43122e+01   constant   
  17  LM           1.40011e-04   constant   
  18  wCBO_expCoeff   2.06242e+02   1.13355e+01   7.39103e-03   3.73193e-04
  19  wCBO_expOffset   2.00937e+02   1.63092e+00   1.06280e-03   2.59767e-03
  20  wCBO_expT    2.96567e+01   2.05488e-01   1.55167e-04  -1.49769e-02
  21  wCBO_linCoeff   0.00000e+00   constant   
  22  wCBO_const  -1.48081e-03   9.14111e-04   4.44056e-06   1.80612e-01
 MIGRAD MINIMIZATION HAS CONVERGED.
 MIGRAD WILL VERIFY CONVERGENCE AND ERROR MATRIX.
 FCN=292.288 FROM MIGRAD    STATUS=CONVERGED      41 CALLS         686 TOTAL
                     EDM=2.18292e-05    STRATEGY= 1      ERR MATRIX NOT POS-DEF
  EXT PARAMETER                APPROXIMATE        STEP         FIRST   
  NO.   NAME      VALUE            ERROR          SIZE      DERIVATIVE 
   1  N0           2.84236e+06     fixed    
   2  tau          6.44047e+01   constant   
   3  A0           3.53393e-01     fixed    
   4  phi          4.11094e+00     fixed    
   5  R           -6.13016e+01   constant   
   6  A_CBO        2.89377e-04     fixed    
   7  w_CBO        2.32907e+00     fixed    
   8  phi_CBO      6.18208e+00     fixed    
   9  ANx2         6.64823e-04   constant   
  10  pNx2         9.66896e-01   constant   
  11  ANy1         0.00000e+00   constant   
  12  pNy1         0.00000e+00   constant   
  13  w_y          0.00000e+00   constant   
  14  ANy2         9.78906e-04     fixed    
  15  pNy2         5.88808e+00   constant   
  16  w_vw         1.43122e+01   constant   
  17  LM           1.40011e-04   constant   
  18  wCBO_expCoeff   2.06242e+02   1.14301e+01   7.38953e-03  -3.77476e-04
  19  wCBO_expOffset   2.00937e+02   1.64468e+00   1.06258e-03  -2.62499e-03
  20  wCBO_expT    2.96567e+01   2.06437e-01   1.55144e-04  -5.07633e-02
  21  wCBO_linCoeff   0.00000e+00   constant   
  22  wCBO_const  -1.48084e-03   9.11765e-04   4.44164e-06  -7.80551e-01
 EXTERNAL ERROR MATRIX.    NDIM=  25    NPAR=  4    ERR DEF=1
  1.306e+02 -1.267e+01 -9.426e-01  2.225e-03 
 -1.267e+01  2.705e+00 -1.361e-01  3.209e-04 
 -9.426e-01 -1.361e-01  4.262e-02 -1.140e-04 
  2.225e-03  3.209e-04 -1.140e-04  8.313e-07 
ERR MATRIX NOT POS-DEF
 PARAMETER  CORRELATION COEFFICIENTS  
       NO.  GLOBAL     18     19     20     22
       18  0.99702   1.000 -0.674 -0.399  0.213
       19  0.99702  -0.674  1.000 -0.401  0.214
       20  0.99597  -0.399 -0.401  1.000 -0.606
       22  0.81358   0.213  0.214 -0.606  1.000
 ERR MATRIX NOT POS-DEF
MINUIT - FIT ONLY 2-y
 **********
 **   76 **RES 
 **********
                   PARAMETER   14  ANy2 RESTORED TO VARIABLE.
                   PARAMETER    8  phi_CBO RESTORED TO VARIABLE.
                   PARAMETER    7  w_CBO RESTORED TO VARIABLE.
                   PARAMETER    6  A_CBO RESTORED TO VARIABLE.
                   PARAMETER    4  phi RESTORED TO VARIABLE.
                   PARAMETER    3  A0 RESTORED TO VARIABLE.
                   PARAMETER    1  N0 RESTORED TO VARIABLE.
 **********
 **   77 **FIX            0
 **********
 PARAMETER    0  IS UNDEFINED. IGNORED.
 **********
 **   78 **FIX            1
 **********
 **********
 **   79 **FIX            2
 **********
 PARAMETER    2  IS CONSTANT.   IGNORED.
 **********
 **   80 **FIX            3
 **********
 **********
 **   81 **FIX            4
 **********
 **********
 **   82 **FIX            5
 **********
 PARAMETER    5  IS CONSTANT.   IGNORED.
 **********
 **   83 **FIX            6
 **********
 **********
 **   84 **FIX            7
 **********
 **********
 **   85 **FIX            8
 **********
 **********
 **   86 **FIX            9
 **********
 PARAMETER    9  IS CONSTANT.   IGNORED.
 **********
 **   87 **FIX           10
 **********
 PARAMETER   10  IS CONSTANT.   IGNORED.
 **********
 **   88 **FIX           11
 **********
 PARAMETER   11  IS CONSTANT.   IGNORED.
 **********
 **   89 **FIX           12
 **********
 PARAMETER   12  IS CONSTANT.   IGNORED.
 **********
 **   90 **FIX           16
 **********
 PARAMETER   16  IS CONSTANT.   IGNORED.
 **********
 **   91 **MIGRAD
 **********
 START MIGRAD MINIMIZATION.  STRATEGY  1.  CONVERGENCE WHEN EDM .LT. 1.00e-04
 FCN=292.288 FROM MIGRAD    STATUS=INITIATE       10 CALLS         696 TOTAL
                     EDM= unknown      STRATEGY= 1      NO ERROR MATRIX       
  EXT PARAMETER               CURRENT GUESS       STEP         FIRST   
  NO.   NAME      VALUE            ERROR          SIZE      DERIVATIVE 
   1  N0           2.84236e+06     fixed    
   2  tau          6.44047e+01   constant   
   3  A0           3.53393e-01     fixed    
   4  phi          4.11094e+00     fixed    
   5  R           -6.13016e+01   constant   
   6  A_CBO        2.89377e-04     fixed    
   7  w_CBO        2.32907e+00     fixed    
   8  phi_CBO      6.18208e+00     fixed    
   9  ANx2         6.64823e-04   constant   
  10  pNx2         9.66896e-01   constant   
  11  ANy1         0.00000e+00   constant   
  12  pNy1         0.00000e+00   constant   
  13  w_y          0.00000e+00   constant   
  14  ANy2         9.78906e-04   1.01934e-03   1.01934e-03   2.55577e-01
  15  pNy2         5.88808e+00   constant   
  16  w_vw         1.43122e+01   constant   
  17  LM           1.40011e-04   constant   
  18  wCBO_expCoeff   2.06242e+02   1.14301e+01   7.38953e-03  -3.76545e-04
  19  wCBO_expOffset   2.00937e+02   1.64468e+00   1.06258e-03  -2.61626e-03
  20  wCBO_expT    2.96567e+01   2.06437e-01   1.55144e-04  -5.07831e-02
  21  wCBO_linCoeff   0.00000e+00   constant   
  22  wCBO_const  -1.48084e-03   9.11765e-04   4.44164e-06  -7.77615e-01
 MIGRAD MINIMIZATION HAS CONVERGED.
 MIGRAD WILL VERIFY CONVERGENCE AND ERROR MATRIX.
 FCN=292.288 FROM MIGRAD    STATUS=CONVERGED      53 CALLS         739 TOTAL
                     EDM=2.16821e-05    STRATEGY= 1      ERR MATRIX NOT POS-DEF
  EXT PARAMETER                APPROXIMATE        STEP         FIRST   
  NO.   NAME      VALUE            ERROR          SIZE      DERIVATIVE 
   1  N0           2.84236e+06     fixed    
   2  tau          6.44047e+01   constant   
   3  A0           3.53393e-01     fixed    
   4  phi          4.11094e+00     fixed    
   5  R           -6.13016e+01   constant   
   6  A_CBO        2.89377e-04     fixed    
   7  w_CBO        2.32907e+00     fixed    
   8  phi_CBO      6.18208e+00     fixed    
   9  ANx2         6.64823e-04   constant   
  10  pNx2         9.66896e-01   constant   
  11  ANy1         0.00000e+00   constant   
  12  pNy1         0.00000e+00   constant   
  13  w_y          0.00000e+00   constant   
  14  ANy2         9.78858e-04   1.01991e-03   8.54472e-06   1.65075e-01
  15  pNy2         5.88808e+00   constant   
  16  w_vw         1.43122e+01   constant   
  17  LM           1.40011e-04   constant   
  18  wCBO_expCoeff   2.06242e+02   1.14308e+01   7.38958e-03   3.87751e-04
  19  wCBO_expOffset   2.00937e+02   1.64463e+00   1.06259e-03   2.69664e-03
  20  wCBO_expT    2.96567e+01   2.06452e-01   1.55145e-04  -1.39264e-02
  21  wCBO_linCoeff   0.00000e+00   constant   
  22  wCBO_const  -1.48080e-03   9.11794e-04   4.44163e-06   2.70421e-01
 EXTERNAL ERROR MATRIX.    NDIM=  25    NPAR=  5    ERR DEF=1
  1.040e-06 -4.770e-06 -6.902e-07  1.480e-07  3.831e-10 
 -4.770e-06  1.307e+02 -1.267e+01 -9.430e-01  2.226e-03 
 -6.902e-07 -1.267e+01  2.705e+00 -1.361e-01  3.209e-04 
  1.480e-07 -9.430e-01 -1.361e-01  4.262e-02 -1.141e-04 
  3.831e-10  2.226e-03  3.209e-04 -1.141e-04  8.314e-07 
ERR MATRIX NOT POS-DEF
 PARAMETER  CORRELATION COEFFICIENTS  
       NO.  GLOBAL     14     18     19     20     22
       14  0.00268   1.000 -0.000 -0.000  0.001  0.000
       18  0.99702  -0.000  1.000 -0.674 -0.400  0.214
       19  0.99702  -0.000 -0.674  1.000 -0.401  0.214
       20  0.99597   0.001 -0.400 -0.401  1.000 -0.606
       22  0.81359   0.000  0.214  0.214 -0.606  1.000
 ERR MATRIX NOT POS-DEF
MINUIT - FIT ALTOGETHER
 **********
 **   92 **RES 
 **********
                   PARAMETER    8  phi_CBO RESTORED TO VARIABLE.
                   PARAMETER    7  w_CBO RESTORED TO VARIABLE.
                   PARAMETER    6  A_CBO RESTORED TO VARIABLE.
                   PARAMETER    4  phi RESTORED TO VARIABLE.
                   PARAMETER    3  A0 RESTORED TO VARIABLE.
                   PARAMETER    1  N0 RESTORED TO VARIABLE.
 **********
 **   93 **MIGRAD
 **********
 START MIGRAD MINIMIZATION.  STRATEGY  1.  CONVERGENCE WHEN EDM .LT. 1.00e-04
 FCN=292.288 FROM MIGRAD    STATUS=INITIATE       22 CALLS         761 TOTAL
                     EDM= unknown      STRATEGY= 1      NO ERROR MATRIX       
  EXT PARAMETER               CURRENT GUESS       STEP         FIRST   
  NO.   NAME      VALUE            ERROR          SIZE      DERIVATIVE 
   1  N0           2.84236e+06   2.06601e+03   2.06601e+03   7.32037e-05
   2  tau          6.44047e+01   constant   
   3  A0           3.53393e-01   1.00468e-03   1.00468e-03  -1.79424e+02
   4  phi          4.11094e+00   2.84716e-03   2.84716e-03  -2.35344e+01
   5  R           -6.13016e+01   constant   
   6  A_CBO        2.89377e-04   1.08940e-03   1.08940e-03  -9.91946e+00
   7  w_CBO        2.32907e+00   1.25967e-02   1.25967e-02   1.51119e-01
   8  phi_CBO      6.18208e+00   3.69152e+00   3.69152e+00  -1.33417e-04
   9  ANx2         6.64823e-04   constant   
  10  pNx2         9.66896e-01   constant   
  11  ANy1         0.00000e+00   constant   
  12  pNy1         0.00000e+00   constant   
  13  w_y          0.00000e+00   constant   
  14  ANy2         9.78858e-04   1.01991e-03   8.54472e-06   1.65075e-01
  15  pNy2         5.88808e+00   constant   
  16  w_vw         1.43122e+01   constant   
  17  LM           1.40011e-04   constant   
  18  wCBO_expCoeff   2.06242e+02   1.14308e+01   7.38958e-03   3.88646e-04
  19  wCBO_expOffset   2.00937e+02   1.64463e+00   1.06259e-03   2.70513e-03
  20  wCBO_expT    2.96567e+01   2.06452e-01   1.55145e-04  -1.39477e-02
  21  wCBO_linCoeff   0.00000e+00   constant   
  22  wCBO_const  -1.48080e-03   9.11794e-04   4.44163e-06   2.73343e-01
 MIGRAD MINIMIZATION HAS CONVERGED.
 MIGRAD WILL VERIFY CONVERGENCE AND ERROR MATRIX.
 FCN=292.273 FROM MIGRAD    STATUS=CONVERGED     219 CALLS         958 TOTAL
                     EDM=2.65097e-05    STRATEGY= 1      ERR MATRIX NOT POS-DEF
  EXT PARAMETER                APPROXIMATE        STEP         FIRST   
  NO.   NAME      VALUE            ERROR          SIZE      DERIVATIVE 
   1  N0           2.84220e+06   2.05737e+03   1.61755e+01   2.35580e-08
