 + ++++++++++++++++++++++++++++++++++++++++++++++++++++++++++++++++++++ +
 +                                                                      +
 +           You have chose to blind your fitting according to          +
 +                omega_ref * (1 + (R +/- deltaR) *10^{-6})             +
 +                                                                      +
 + ++++++++++++++++++++++++++++++++++++++++++++++++++++++++++++++++++++ +
In main()...
reading format from /gm2data/zkhechad/run45/envelope/formats/formatB_sBin_constraintOn.txt
pBinTau 	= 0  
pBinPhi 	= 0  
constraintau 	= 1 
includeMopTerm 	= 0    
constrainMop    = 0   
Parameters after format file: pBinTau 0 pBinPhi 0 constraintau 1 includeMopTerm 0 constrainMop 0 c_e_scale 0.000000 
reading cbo reference file (full fit) from /gm2data/zkhechad/cboTemplates/Run4CBOTemplates/fullFits/run4/sBin_constraintOn_cE0.0_seed0_run4_calo18.root
A_CBO 0.008791 w_CBO 2.327338 phi_CBO 0.630678 N0 3499835.498759 R -60.917989 tau 64.411905 
Reading cboRef file /gm2data/zkhechad/cboTemplates/Run4CBOTemplates//cboIsolate/run4_calo18.root
deltaT 134.606167
windowBins = 900
fitting sliding window 1080 from bin 1283 at 191.423600 to bin 2183 at 325.703600 (900 bins)

Reading data from /gm2data/cornell/histograms/aMethod/histogram_a_run4.root
fitting cbo isolate
 **********
 **    1 **SET PRINTOUT            1
 **********
 **********
 **    2 **SET NOWARNINGS 
 **********
 PARAMETER DEFINITIONS:
    NO.   NAME         VALUE      STEP SIZE      LIMITS
     1 A_CBO        8.79094e-03  1.00000e-05     no limits
     2 w_CBO        2.32734e+00  1.00000e-02    2.00000e+00  3.00000e+00
     3 phi_CBO      6.30678e-01  1.00000e-02    0.00000e+00  6.28319e+00
 **********
 **    3 **MIGRAD
 **********
 FIRST CALL TO USER FUNCTION AT NEW START POINT, WITH IFLAG=4.
 START MIGRAD MINIMIZATION.  STRATEGY  1.  CONVERGENCE WHEN EDM .LT. 1.00e-04
 FCN=0.0188693 FROM MIGRAD    STATUS=INITIATE       12 CALLS          13 TOTAL
                     EDM= unknown      STRATEGY= 1      NO ERROR MATRIX       
  EXT PARAMETER               CURRENT GUESS       STEP         FIRST   
  NO.   NAME      VALUE            ERROR          SIZE      DERIVATIVE 
   1  A_CBO        8.79094e-03   1.00000e-05   1.00000e-05   4.64817e+00
   2  w_CBO        2.32734e+00   1.00000e-02   2.13132e-02   1.61952e-01
   3  phi_CBO      6.30678e-01   1.00000e-02   5.29649e-03  -2.30818e-03
 MIGRAD MINIMIZATION HAS CONVERGED.
 MIGRAD WILL VERIFY CONVERGENCE AND ERROR MATRIX.
 COVARIANCE MATRIX CALCULATED SUCCESSFULLY
 FCN=0.00686103 FROM MIGRAD    STATUS=CONVERGED      49 CALLS          50 TOTAL
                     EDM=8.26847e-06    STRATEGY= 1      ERROR MATRIX ACCURATE 
  EXT PARAMETER                                   STEP         FIRST   
  NO.   NAME      VALUE            ERROR          SIZE      DERIVATIVE 
   1  A_CBO        3.62095e-03   4.72548e-02   2.30989e-05  -9.56823e-03
   2  w_CBO        2.32725e+00   3.22207e-01   5.22262e-05   2.13754e-03
   3  phi_CBO      6.48110e-01   5.81466e+00   3.21529e-03   4.98111e-05
 EXTERNAL ERROR MATRIX.    NDIM=  25    NPAR=  3    ERR DEF=1
  2.233e-03 -1.179e-03 -3.042e-01 
 -1.179e-03  1.261e-01  3.240e+01 
 -3.042e-01  3.240e+01  8.488e+03 
 PARAMETER  CORRELATION COEFFICIENTS  
       NO.  GLOBAL      1      2      3
        1  0.07030   1.000 -0.070 -0.070
        2  0.99002  -0.070  1.000  0.990
        3  0.99002  -0.070  0.990  1.000
setting A_CBO=0.003621 w_CBO=2.327249, phi_CBO=0.648110
done fitting cbo isolate
 **********
 **    1 **SET PRINTOUT            1
 **********
 **********
 **    2 **SET NOWARNINGS 
 **********
 PARAMETER DEFINITIONS:
    NO.   NAME         VALUE      STEP SIZE      LIMITS
     1 N0           3.49984e+06  1.00000e+02     no limits
     2 tau          6.44119e+01  constant
     3 A0           3.53539e-01  1.00000e-04     no limits
     4 phi          4.12187e+00  1.00000e-02     no limits
     5 R           -6.09180e+01  constant
     6 A_CBO        3.62095e-03  1.00000e-05     no limits
     7 w_CBO        2.32725e+00  1.00000e-03     no limits
     8 phi_CBO      6.48110e-01  1.00000e-04     no limits
     9 ANx2         2.22853e-04  constant
    10 pNx2         5.08518e+00  constant
    11 ANy1         0.00000e+00  constant
    12 pNy1         0.00000e+00  constant
    13 w_y          0.00000e+00  constant
    14 ANy2         9.04789e-03  1.00000e-04     no limits
    15 pNy2         3.29982e+00  constant
    16 w_vw         1.43191e+01  constant
    17 LM           2.21951e-04  constant
    18 wCBO_expCoeff   2.00000e+02  1.00000e+00     no limits
    19 wCBO_expOffset   2.00000e+02  1.00000e+00     no limits
    20 wCBO_expT    3.00000e+01  1.00000e+00     no limits
    21 wCBO_linCoeff   0.00000e+00  constant
    22 wCBO_const   0.00000e+00  1.00000e-02     no limits
MINUIT - FIT ONLY WIGGLE
 **********
 **    3 **FIX            5
 **********
 PARAMETER    5  IS CONSTANT.   IGNORED.
 **********
 **    4 **FIX            6
 **********
 **********
 **    5 **FIX            7
 **********
 **********
 **    6 **FIX            8
 **********
 **********
 **    7 **FIX            9
 **********
 PARAMETER    9  IS CONSTANT.   IGNORED.
 **********
 **    8 **FIX           10
 **********
 PARAMETER   10  IS CONSTANT.   IGNORED.
 **********
 **    9 **FIX           11
 **********
 PARAMETER   11  IS CONSTANT.   IGNORED.
 **********
 **   10 **FIX           12
 **********
 PARAMETER   12  IS CONSTANT.   IGNORED.
 **********
 **   11 **FIX           13
 **********
 PARAMETER   13  IS CONSTANT.   IGNORED.
 **********
 **   12 **FIX           14
 **********
 **********
 **   13 **FIX           15
 **********
 PARAMETER   15  IS CONSTANT.   IGNORED.
 **********
 **   14 **FIX           16
 **********
 PARAMETER   16  IS CONSTANT.   IGNORED.
 **********
 **   15 **MIGRAD
 **********
 FIRST CALL TO USER FUNCTION AT NEW START POINT, WITH IFLAG=4.
 START MIGRAD MINIMIZATION.  STRATEGY  1.  CONVERGENCE WHEN EDM .LT. 1.00e-04
 FCN=2708.91 FROM MIGRAD    STATUS=INITIATE       61 CALLS          62 TOTAL
                     EDM= unknown      STRATEGY= 1      NO ERROR MATRIX       
  EXT PARAMETER               CURRENT GUESS       STEP         FIRST   
  NO.   NAME      VALUE            ERROR          SIZE      DERIVATIVE 
   1  N0           3.49984e+06   1.00000e+02   0.00000e+00   3.86804e-03
   2  tau          6.44119e+01   constant   
   3  A0           3.53539e-01   1.00000e-04   0.00000e+00   1.74355e+03
   4  phi          4.12187e+00   1.00000e-02   0.00000e+00  -2.11910e+03
   5  R           -6.09180e+01   constant   
   6  A_CBO        3.62095e-03     fixed    
   7  w_CBO        2.32725e+00     fixed    
   8  phi_CBO      6.48110e-01     fixed    
   9  ANx2         2.22853e-04   constant   
  10  pNx2         5.08518e+00   constant   
  11  ANy1         0.00000e+00   constant   
  12  pNy1         0.00000e+00   constant   
  13  w_y          0.00000e+00   constant   
  14  ANy2         9.04789e-03     fixed    
  15  pNy2         3.29982e+00   constant   
  16  w_vw         1.43191e+01   constant   
  17  LM           2.21951e-04   constant   
  18  wCBO_expCoeff   2.00006e+02   1.00000e+00   6.23606e-03  -2.82273e+03
  19  wCBO_expOffset   2.00000e+02   1.00000e+00   0.00000e+00  -1.46773e+04
  20  wCBO_expT    3.00000e+01   1.00000e+00   0.00000e+00   7.25282e+04
  21  wCBO_linCoeff   0.00000e+00   constant   
  22  wCBO_const   0.00000e+00   1.00000e-02   0.00000e+00   3.39570e+04
 MIGRAD FAILS TO FIND IMPROVEMENT
 MIGRAD MINIMIZATION HAS CONVERGED.
 FCN=2649.89 FROM MIGRAD    STATUS=CONVERGED     186 CALLS         187 TOTAL
                     EDM=4.9332e-05    STRATEGY= 1  ERROR MATRIX UNCERTAINTY   0.9 per cent
  EXT PARAMETER                                   STEP         FIRST   
  NO.   NAME      VALUE            ERROR          SIZE      DERIVATIVE 
   1  N0           3.49951e+06   5.02240e+02   0.00000e+00  -1.38594e-06
   2  tau          6.44119e+01   constant   
   3  A0           3.53495e-01   1.92626e-04  -0.00000e+00  -2.42797e-01
   4  phi          4.12204e+00   5.63776e-04  -0.00000e+00   2.17527e+00
   5  R           -6.09180e+01   constant   
   6  A_CBO        3.62095e-03     fixed    
   7  w_CBO        2.32725e+00     fixed    
   8  phi_CBO      6.48110e-01     fixed    
   9  ANx2         2.22853e-04   constant   
  10  pNx2         5.08518e+00   constant   
  11  ANy1         0.00000e+00   constant   
  12  pNy1         0.00000e+00   constant   
  13  w_y          0.00000e+00   constant   
  14  ANy2         9.04789e-03     fixed    
  15  pNy2         3.29982e+00   constant   
  16  w_vw         1.43191e+01   constant   
  17  LM           2.21951e-04   constant   
  18  wCBO_expCoeff   2.00008e+02   3.32141e-04   0.00000e+00  -2.08012e+01
  19  wCBO_expOffset   2.00000e+02   5.15000e-05  -0.00000e+00   2.99376e+02
  20  wCBO_expT    3.00003e+01   1.97903e-04  -0.00000e+00   1.63805e+00
  21  wCBO_linCoeff   0.00000e+00   constant   
  22  wCBO_const  -2.96236e-03   4.36547e-04   0.00000e+00   6.72177e+00
 EXTERNAL ERROR MATRIX.    NDIM=  25    NPAR=  7    ERR DEF=1
  2.522e+05  1.059e-04 -1.677e-03  2.665e-03 -7.165e-04 -2.261e-03 -4.247e-04 
  1.059e-04  3.710e-08 -2.000e-10 -1.442e-09  3.774e-10  2.677e-09 -3.156e-09 
 -1.677e-03 -2.000e-10  3.178e-07  3.721e-09  1.157e-10 -1.726e-09  1.043e-08 
  2.665e-03 -1.442e-09  3.721e-09  1.103e-07  5.131e-09  4.030e-08 -1.063e-07 
 -7.165e-04  3.774e-10  1.157e-10  5.131e-09  2.652e-09  4.250e-09 -1.510e-08 
 -2.261e-03  2.677e-09 -1.726e-09  4.030e-08  4.250e-09  3.917e-08 -6.479e-08 
 -4.247e-04 -3.156e-09  1.043e-08 -1.063e-07 -1.510e-08 -6.479e-08  1.906e-07 
 PARAMETER  CORRELATION COEFFICIENTS  
       NO.  GLOBAL      1      3      4     18     19     20     22
        1  0.06040   1.000  0.001 -0.006  0.016 -0.028 -0.023 -0.002
        3  0.11162   0.001  1.000 -0.002 -0.023  0.038  0.070 -0.038
        4  0.11913  -0.006 -0.002  1.000  0.020  0.004 -0.015  0.042
       18  0.78309   0.016 -0.023  0.020  1.000  0.300  0.613 -0.733
       19  0.73718  -0.028  0.038  0.004  0.300  1.000  0.417 -0.672
       20  0.76310  -0.023  0.070 -0.015  0.613  0.417  1.000 -0.750
       22  0.90805  -0.002 -0.038  0.042 -0.733 -0.672 -0.750  1.000
MINUIT - FIT ONLY 1-CBO + other amplitudes 
 **********
 **   16 **RES 
 **********
                   PARAMETER   14  ANy2 RESTORED TO VARIABLE.
                   PARAMETER    8  phi_CBO RESTORED TO VARIABLE.
                   PARAMETER    7  w_CBO RESTORED TO VARIABLE.
                   PARAMETER    6  A_CBO RESTORED TO VARIABLE.
 **********
 **   17 **FIX            0
 **********
 PARAMETER    0  IS UNDEFINED. IGNORED.
 **********
 **   18 **FIX            1
 **********
 **********
 **   19 **FIX            2
 **********
 PARAMETER    2  IS CONSTANT.   IGNORED.
 **********
 **   20 **FIX            3
 **********
 **********
 **   21 **FIX            4
 **********
 **********
 **   22 **FIX            9
 **********
 PARAMETER    9  IS CONSTANT.   IGNORED.
 **********
 **   23 **FIX           11
 **********
 PARAMETER   11  IS CONSTANT.   IGNORED.
 **********
 **   24 **FIX           12
 **********
 PARAMETER   12  IS CONSTANT.   IGNORED.
 **********
 **   25 **FIX           14
 **********
 **********
 **   26 **FIX           15
 **********
 PARAMETER   15  IS CONSTANT.   IGNORED.
 **********
 **   27 **FIX           16
 **********
 PARAMETER   16  IS CONSTANT.   IGNORED.
 **********
 **   28 **MIGRAD
 **********
 START MIGRAD MINIMIZATION.  STRATEGY  1.  CONVERGENCE WHEN EDM .LT. 1.00e-04
 FCN=2649.89 FROM MIGRAD    STATUS=INITIATE       22 CALLS         209 TOTAL
                     EDM= unknown      STRATEGY= 1      NO ERROR MATRIX       
  EXT PARAMETER               CURRENT GUESS       STEP         FIRST   
  NO.   NAME      VALUE            ERROR          SIZE      DERIVATIVE 
   1  N0           3.49951e+06     fixed    
   2  tau          6.44119e+01   constant   
   3  A0           3.53495e-01     fixed    
   4  phi          4.12204e+00     fixed    
   5  R           -6.09180e+01   constant   
   6  A_CBO        3.62095e-03   1.00000e-05   1.00000e-05   1.25640e+05
   7  w_CBO        2.32725e+00   1.00000e-03   1.00000e-03  -1.78416e+03
   8  phi_CBO      6.48110e-01   1.00000e-04   1.00000e-04  -2.30641e+01
   9  ANx2         2.22853e-04   constant   
  10  pNx2         5.08518e+00   constant   
  11  ANy1         0.00000e+00   constant   
  12  pNy1         0.00000e+00   constant   
  13  w_y          0.00000e+00   constant   
  14  ANy2         9.04789e-03     fixed    
  15  pNy2         3.29982e+00   constant   
  16  w_vw         1.43191e+01   constant   
  17  LM           2.21951e-04   constant   
  18  wCBO_expCoeff   2.00008e+02   3.32141e-04   0.00000e+00  -2.08012e+01
  19  wCBO_expOffset   2.00000e+02   5.15000e-05  -0.00000e+00   2.99376e+02
  20  wCBO_expT    3.00003e+01   1.97903e-04  -0.00000e+00   1.63805e+00
  21  wCBO_linCoeff   0.00000e+00   constant   
  22  wCBO_const  -2.96236e-03   4.36547e-04   0.00000e+00   6.72181e+00
 MIGRAD FAILS TO FIND IMPROVEMENT
 MIGRAD MINIMIZATION HAS CONVERGED.
 FCN=2477.78 FROM MIGRAD    STATUS=CONVERGED     231 CALLS         418 TOTAL
                     EDM=8.4348e-05    STRATEGY= 1  ERROR MATRIX UNCERTAINTY   0.8 per cent
  EXT PARAMETER                                   STEP         FIRST   
  NO.   NAME      VALUE            ERROR          SIZE      DERIVATIVE 
   1  N0           3.49951e+06     fixed    
   2  tau          6.44119e+01   constant   
   3  A0           3.53495e-01     fixed    
   4  phi          4.12204e+00     fixed    
   5  R           -6.09180e+01   constant   
   6  A_CBO        1.00867e-03   2.03849e-04  -0.00000e+00   2.40527e+00
   7  w_CBO        2.32725e+00   4.85538e-06  -0.00000e+00   8.04344e+02
   8  phi_CBO      1.33907e+00   2.90583e-01  -0.00000e+00   4.70086e-03
   9  ANx2         2.22853e-04   constant   
  10  pNx2         5.08518e+00   constant   
  11  ANy1         0.00000e+00   constant   
  12  pNy1         0.00000e+00   constant   
  13  w_y          0.00000e+00   constant   
  14  ANy2         9.04789e-03     fixed    
  15  pNy2         3.29982e+00   constant   
  16  w_vw         1.43191e+01   constant   
  17  LM           2.21951e-04   constant   
  18  wCBO_expCoeff   2.00008e+02   4.24772e-04  -0.00000e+00   9.38474e+00
  19  wCBO_expOffset   2.00000e+02   9.89094e-05   0.00000e+00  -1.70193e+02
  20  wCBO_expT    3.00004e+01   2.92718e-04  -0.00000e+00   5.11897e-01
  21  wCBO_linCoeff   0.00000e+00   constant   
  22  wCBO_const  -2.20342e-03   7.68409e-04  -0.00000e+00  -2.42343e+00
 EXTERNAL ERROR MATRIX.    NDIM=  25    NPAR=  7    ERR DEF=1
  4.155e-08  1.598e-10  2.162e-07  1.380e-08 -6.069e-09 -5.009e-09  1.013e-08 
  1.598e-10  2.357e-11  6.896e-07  1.287e-09 -1.348e-10  8.328e-10 -1.722e-09 
  2.162e-07  6.896e-07  8.444e-02  5.918e-05 -1.954e-05  6.465e-06  7.986e-05 
  1.380e-08  1.287e-09  5.918e-05  1.804e-07 -1.137e-08  7.400e-08 -1.552e-07 
 -6.069e-09 -1.348e-10 -1.954e-05 -1.137e-08  9.783e-09  2.817e-09 -3.631e-08 
 -5.009e-09  8.328e-10  6.465e-06  7.400e-08  2.817e-09  8.568e-08 -1.619e-07 
  1.013e-08 -1.722e-09  7.986e-05 -1.552e-07 -3.631e-08 -1.619e-07  5.905e-07 
 PARAMETER  CORRELATION COEFFICIENTS  
       NO.  GLOBAL      6      7      8     18     19     20     22
        6  0.64511   1.000  0.161  0.004  0.159 -0.301 -0.084  0.065
        7  0.91106   0.161  1.000  0.489  0.624 -0.281  0.586 -0.461
        8  0.95034   0.004  0.489  1.000  0.479 -0.680  0.076  0.358
       18  0.91330   0.159  0.624  0.479  1.000 -0.271  0.595 -0.475
       19  0.81898  -0.301 -0.281 -0.680 -0.271  1.000  0.097 -0.478
       20  0.80969  -0.084  0.586  0.076  0.595  0.097  1.000 -0.720
       22  0.96620   0.065 -0.461  0.358 -0.475 -0.478 -0.720  1.000
MINUIT - FIT ONLY 1-CBO
 **********
 **   29 **RES 
 **********
                   PARAMETER   14  ANy2 RESTORED TO VARIABLE.
                   PARAMETER    4  phi RESTORED TO VARIABLE.
                   PARAMETER    3  A0 RESTORED TO VARIABLE.
                   PARAMETER    1  N0 RESTORED TO VARIABLE.
 **********
 **   30 **FIX            0
 **********
 PARAMETER    0  IS UNDEFINED. IGNORED.
 **********
 **   31 **FIX            1
 **********
 **********
 **   32 **FIX            2
 **********
 PARAMETER    2  IS CONSTANT.   IGNORED.
 **********
 **   33 **FIX            3
 **********
 **********
 **   34 **FIX            4
 **********
 **********
 **   35 **FIX            8
 **********
 **********
 **   36 **FIX            9
 **********
 PARAMETER    9  IS CONSTANT.   IGNORED.
 **********
 **   37 **FIX           11
 **********
 PARAMETER   11  IS CONSTANT.   IGNORED.
 **********
 **   38 **FIX           12
 **********
 PARAMETER   12  IS CONSTANT.   IGNORED.
 **********
 **   39 **FIX           13
 **********
 PARAMETER   13  IS CONSTANT.   IGNORED.
 **********
 **   40 **FIX           15
 **********
 PARAMETER   15  IS CONSTANT.   IGNORED.
 **********
 **   41 **FIX           16
 **********
 PARAMETER   16  IS CONSTANT.   IGNORED.
 **********
 **   42 **MIGRAD
 **********
 START MIGRAD MINIMIZATION.  STRATEGY  1.  CONVERGENCE WHEN EDM .LT. 1.00e-04
 FCN=2477.78 FROM MIGRAD    STATUS=INITIATE       16 CALLS         434 TOTAL
                     EDM= unknown      STRATEGY= 1      NO ERROR MATRIX       
  EXT PARAMETER               CURRENT GUESS       STEP         FIRST   
  NO.   NAME      VALUE            ERROR          SIZE      DERIVATIVE 
   1  N0           3.49951e+06     fixed    
   2  tau          6.44119e+01   constant   
   3  A0           3.53495e-01     fixed    
   4  phi          4.12204e+00     fixed    
   5  R           -6.09180e+01   constant   
   6  A_CBO        1.00867e-03   2.03849e-04  -0.00000e+00   2.40527e+00
   7  w_CBO        2.32725e+00   4.85538e-06  -0.00000e+00   8.04344e+02
   8  phi_CBO      1.33907e+00     fixed    
   9  ANx2         2.22853e-04   constant   
  10  pNx2         5.08518e+00   constant   
  11  ANy1         0.00000e+00   constant   
  12  pNy1         0.00000e+00   constant   
  13  w_y          0.00000e+00   constant   
  14  ANy2         9.04789e-03   1.00000e-04   1.00000e-04   4.28717e+05
  15  pNy2         3.29982e+00   constant   
  16  w_vw         1.43191e+01   constant   
  17  LM           2.21951e-04   constant   
  18  wCBO_expCoeff   2.00008e+02   4.24772e-04  -0.00000e+00   9.38474e+00
  19  wCBO_expOffset   2.00000e+02   9.89094e-05   0.00000e+00  -1.70193e+02
  20  wCBO_expT    3.00004e+01   2.92718e-04  -0.00000e+00   5.11897e-01
  21  wCBO_linCoeff   0.00000e+00   constant   
  22  wCBO_const  -2.20342e-03   7.68409e-04  -0.00000e+00  -2.42343e+00
 MIGRAD FAILS TO FIND IMPROVEMENT
 MIGRAD MINIMIZATION HAS CONVERGED.
 MIGRAD WILL VERIFY CONVERGENCE AND ERROR MATRIX.
 COVARIANCE MATRIX CALCULATED SUCCESSFULLY
 FCN=573.274 FROM MIGRAD    STATUS=CONVERGED     209 CALLS         627 TOTAL
                     EDM=3.15878e-05    STRATEGY= 1      ERROR MATRIX ACCURATE 
  EXT PARAMETER                                   STEP         FIRST   
  NO.   NAME      VALUE            ERROR          SIZE      DERIVATIVE 
   1  N0           3.49951e+06     fixed    
   2  tau          6.44119e+01   constant   
   3  A0           3.53495e-01     fixed    
   4  phi          4.12204e+00     fixed    
   5  R           -6.09180e+01   constant   
   6  A_CBO        4.71408e-04   2.06175e-04   2.38236e-06   1.61701e+01
   7  w_CBO        2.32726e+00   5.70904e-05   1.10972e-06   7.46721e+02
   8  phi_CBO      1.33907e+00     fixed    
   9  ANx2         2.22853e-04   constant   
  10  pNx2         5.08518e+00   constant   
  11  ANy1         0.00000e+00   constant   
  12  pNy1         0.00000e+00   constant   
  13  w_y          0.00000e+00   constant   
  14  ANy2         1.62895e-04   2.03845e-04   2.37671e-06  -1.58542e+00
  15  pNy2         3.29982e+00   constant   
  16  w_vw         1.43191e+01   constant   
  17  LM           2.21951e-04   constant   
  18  wCBO_expCoeff   2.00008e+02   4.91322e-03   9.53715e-05   8.65577e+00
  19  wCBO_expOffset   2.00000e+02   2.94622e-04   9.53676e-05   5.70563e+01
  20  wCBO_expT    3.00008e+01   4.85479e-04   1.43055e-05   5.32826e+00
  21  wCBO_linCoeff   0.00000e+00   constant   
  22  wCBO_const  -2.94236e-03   1.04441e-03   5.30601e-06   7.07245e+00
 EXTERNAL ERROR MATRIX.    NDIM=  25    NPAR=  7    ERR DEF=1
  4.251e-08  1.421e-10  2.336e-09  1.361e-08 -5.500e-09  2.139e-09  1.237e-08 
  1.421e-10  3.259e-09  3.082e-11 -2.530e-07 -2.972e-09  1.923e-09 -7.208e-09 
  2.336e-09  3.082e-11  4.155e-08  3.239e-09 -2.695e-09 -2.515e-09  5.347e-09 
  1.361e-08 -2.530e-07  3.239e-09  2.414e-05 -2.647e-07  1.672e-07 -3.985e-07 
 -5.500e-09 -2.972e-09 -2.695e-09 -2.647e-07  8.680e-08  2.690e-09 -1.497e-08 
  2.139e-09  1.923e-09 -2.515e-09  1.672e-07  2.690e-09  2.357e-07 -3.775e-07 
  1.237e-08 -7.208e-09  5.347e-09 -3.985e-07 -1.497e-08 -3.775e-07  1.091e-06 
 PARAMETER  CORRELATION COEFFICIENTS  
       NO.  GLOBAL      6      7     14     18     19     20     22
        6  0.15766   1.000  0.012  0.056  0.013 -0.091  0.021  0.057
        7  0.99033   0.012  1.000  0.003 -0.902 -0.177  0.069 -0.121
       14  0.08444   0.056  0.003  1.000  0.003 -0.045 -0.025  0.025
       18  0.99025   0.013 -0.902  0.003  1.000 -0.183  0.070 -0.078
       19  0.93598  -0.091 -0.177 -0.045 -0.183  1.000  0.019 -0.049
       20  0.75536   0.021  0.069 -0.025  0.070  0.019  1.000 -0.745
       22  0.90086   0.057 -0.121  0.025 -0.078 -0.049 -0.745  1.000
MINUIT - FIT ONLY 2-CBO
 **********
 **   43 **RES 
 **********
                   PARAMETER    8  phi_CBO RESTORED TO VARIABLE.
                   PARAMETER    4  phi RESTORED TO VARIABLE.
                   PARAMETER    3  A0 RESTORED TO VARIABLE.
                   PARAMETER    1  N0 RESTORED TO VARIABLE.
 **********
 **   44 **FIX            0
 **********
 PARAMETER    0  IS UNDEFINED. IGNORED.
 **********
 **   45 **FIX            1
 **********
 **********
 **   46 **FIX            2
 **********
 PARAMETER    2  IS CONSTANT.   IGNORED.
 **********
 **   47 **FIX            3
 **********
 **********
 **   48 **FIX            4
 **********
 **********
 **   49 **FIX            5
 **********
 PARAMETER    5  IS CONSTANT.   IGNORED.
 **********
 **   50 **FIX            6
 **********
 **********
 **   51 **FIX            7
 **********
 **********
 **   52 **FIX           10
 **********
 PARAMETER   10  IS CONSTANT.   IGNORED.
 **********
 **   53 **FIX           11
 **********
 PARAMETER   11  IS CONSTANT.   IGNORED.
 **********
 **   54 **FIX           12
 **********
 PARAMETER   12  IS CONSTANT.   IGNORED.
 **********
 **   55 **FIX           13
 **********
 PARAMETER   13  IS CONSTANT.   IGNORED.
 **********
 **   56 **FIX           14
 **********
 **********
 **   57 **FIX           15
 **********
 PARAMETER   15  IS CONSTANT.   IGNORED.
 **********
 **   58 **FIX           16
 **********
 PARAMETER   16  IS CONSTANT.   IGNORED.
 **********
 **   59 **MIGRAD
 **********
 START MIGRAD MINIMIZATION.  STRATEGY  1.  CONVERGENCE WHEN EDM .LT. 1.00e-04
 FCN=573.274 FROM MIGRAD    STATUS=INITIATE       12 CALLS         639 TOTAL
                     EDM= unknown      STRATEGY= 1      NO ERROR MATRIX       
  EXT PARAMETER               CURRENT GUESS       STEP         FIRST   
  NO.   NAME      VALUE            ERROR          SIZE      DERIVATIVE 
   1  N0           3.49951e+06     fixed    
   2  tau          6.44119e+01   constant   
   3  A0           3.53495e-01     fixed    
   4  phi          4.12204e+00     fixed    
   5  R           -6.09180e+01   constant   
   6  A_CBO        4.71408e-04     fixed    
   7  w_CBO        2.32726e+00     fixed    
   8  phi_CBO      1.33907e+00   2.90583e-01   2.90583e-01   2.50925e+00
   9  ANx2         2.22853e-04   constant   
  10  pNx2         5.08518e+00   constant   
  11  ANy1         0.00000e+00   constant   
  12  pNy1         0.00000e+00   constant   
  13  w_y          0.00000e+00   constant   
  14  ANy2         1.62895e-04     fixed    
  15  pNy2         3.29982e+00   constant   
  16  w_vw         1.43191e+01   constant   
  17  LM           2.21951e-04   constant   
  18  wCBO_expCoeff   2.00008e+02   4.91322e-03   9.53715e-05   8.27977e+00
  19  wCBO_expOffset   2.00000e+02   2.94622e-04   9.53676e-05  -8.50120e+01
  20  wCBO_expT    3.00008e+01   4.85479e-04   1.43055e-05   5.09505e+00
  21  wCBO_linCoeff   0.00000e+00   constant   
  22  wCBO_const  -2.94236e-03   1.04441e-03   5.30601e-06   7.06203e+00
 MIGRAD MINIMIZATION HAS CONVERGED.
 MIGRAD WILL VERIFY CONVERGENCE AND ERROR MATRIX.
 COVARIANCE MATRIX CALCULATED SUCCESSFULLY
 FCN=572.844 FROM MIGRAD    STATUS=CONVERGED     111 CALLS         738 TOTAL
                     EDM=3.72508e-07    STRATEGY= 1      ERROR MATRIX ACCURATE 
  EXT PARAMETER                                   STEP         FIRST   
  NO.   NAME      VALUE            ERROR          SIZE      DERIVATIVE 
   1  N0           3.49951e+06     fixed    
   2  tau          6.44119e+01   constant   
   3  A0           3.53495e-01     fixed    
   4  phi          4.12204e+00     fixed    
   5  R           -6.09180e+01   constant   
   6  A_CBO        4.71408e-04     fixed    
   7  w_CBO        2.32726e+00     fixed    
   8  phi_CBO      9.97564e-01   5.20603e-01   4.99284e-03  -1.25258e-03
   9  ANx2         2.22853e-04   constant   
  10  pNx2         5.08518e+00   constant   
  11  ANy1         0.00000e+00   constant   
  12  pNy1         0.00000e+00   constant   
  13  w_y          0.00000e+00   constant   
  14  ANy2         1.62895e-04     fixed    
  15  pNy2         3.29982e+00   constant   
  16  w_vw         1.43191e+01   constant   
  17  LM           2.21951e-04   constant   
  18  wCBO_expCoeff   2.00008e+02   2.69056e-03   9.53715e-05   5.22532e-03
  19  wCBO_expOffset   2.00000e+02   3.79154e-04   9.53676e-05   3.04707e-02
  20  wCBO_expT    3.00007e+01   4.77244e-04   1.43055e-05   1.31550e+00
  21  wCBO_linCoeff   0.00000e+00   constant   
  22  wCBO_const  -3.12841e-03   1.06273e-03   5.22173e-06  -2.52799e-03
 EXTERNAL ERROR MATRIX.    NDIM=  25    NPAR=  5    ERR DEF=1
  2.710e-01  1.675e-06 -4.985e-06  2.505e-05  1.501e-04 
  1.675e-06  7.239e-06 -9.036e-07  3.656e-07 -1.025e-06 
 -4.985e-06 -9.036e-07  1.438e-07 -6.844e-09 -7.673e-09 
  2.505e-05  3.656e-07 -6.844e-09  2.278e-07 -3.497e-07 
  1.501e-04 -1.025e-06 -7.673e-09 -3.497e-07  1.129e-06 
 PARAMETER  CORRELATION COEFFICIENTS  
       NO.  GLOBAL      8     18     19     20     22
        8  0.57259   1.000  0.001 -0.025  0.101  0.271
       18  0.96686   0.001  1.000 -0.886  0.285 -0.358
       19  0.96161  -0.025 -0.886  1.000 -0.038 -0.019
       20  0.76324   0.101  0.285 -0.038  1.000 -0.689
       22  0.90758   0.271 -0.358 -0.019 -0.689  1.000
MINUIT - FIT ONLY 1-y
 **********
 **   60 **RES 
 **********
                   PARAMETER   14  ANy2 RESTORED TO VARIABLE.
                   PARAMETER    7  w_CBO RESTORED TO VARIABLE.
                   PARAMETER    6  A_CBO RESTORED TO VARIABLE.
                   PARAMETER    4  phi RESTORED TO VARIABLE.
                   PARAMETER    3  A0 RESTORED TO VARIABLE.
                   PARAMETER    1  N0 RESTORED TO VARIABLE.
 **********
 **   61 **FIX            0
 **********
 PARAMETER    0  IS UNDEFINED. IGNORED.
 **********
 **   62 **FIX            1
 **********
 **********
 **   63 **FIX            2
 **********
 PARAMETER    2  IS CONSTANT.   IGNORED.
 **********
 **   64 **FIX            3
 **********
 **********
 **   65 **FIX            4
 **********
 **********
 **   66 **FIX            5
 **********
 PARAMETER    5  IS CONSTANT.   IGNORED.
 **********
 **   67 **FIX            6
 **********
 **********
 **   68 **FIX            7
 **********
 **********
 **   69 **FIX            8
 **********
 **********
 **   70 **FIX            9
 **********
 PARAMETER    9  IS CONSTANT.   IGNORED.
 **********
 **   71 **FIX           13
 **********
 PARAMETER   13  IS CONSTANT.   IGNORED.
 **********
 **   72 **FIX           14
 **********
 **********
 **   73 **FIX           15
 **********
 PARAMETER   15  IS CONSTANT.   IGNORED.
 **********
 **   74 **FIX           16
 **********
 PARAMETER   16  IS CONSTANT.   IGNORED.
 **********
 **   75 **MIGRAD
 **********
 START MIGRAD MINIMIZATION.  STRATEGY  1.  CONVERGENCE WHEN EDM .LT. 1.00e-04
 FCN=572.844 FROM MIGRAD    STATUS=INITIATE        8 CALLS         746 TOTAL
                     EDM= unknown      STRATEGY= 1      NO ERROR MATRIX       
  EXT PARAMETER               CURRENT GUESS       STEP         FIRST   
  NO.   NAME      VALUE            ERROR          SIZE      DERIVATIVE 
   1  N0           3.49951e+06     fixed    
   2  tau          6.44119e+01   constant   
   3  A0           3.53495e-01     fixed    
   4  phi          4.12204e+00     fixed    
   5  R           -6.09180e+01   constant   
   6  A_CBO        4.71408e-04     fixed    
   7  w_CBO        2.32726e+00     fixed    
   8  phi_CBO      9.97564e-01     fixed    
   9  ANx2         2.22853e-04   constant   
  10  pNx2         5.08518e+00   constant   
  11  ANy1         0.00000e+00   constant   
  12  pNy1         0.00000e+00   constant   
  13  w_y          0.00000e+00   constant   
  14  ANy2         1.62895e-04     fixed    
  15  pNy2         3.29982e+00   constant   
  16  w_vw         1.43191e+01   constant   
  17  LM           2.21951e-04   constant   
  18  wCBO_expCoeff   2.00008e+02   2.69056e-03   9.53715e-05   3.70373e-03
  19  wCBO_expOffset   2.00000e+02   3.79154e-04   9.53676e-05   1.20692e+00
  20  wCBO_expT    3.00007e+01   4.77244e-04   1.43055e-05   1.04239e+00
  21  wCBO_linCoeff   0.00000e+00   constant   
  22  wCBO_const  -3.12841e-03   1.06273e-03   5.22173e-06  -3.05212e-03
 MIGRAD MINIMIZATION HAS CONVERGED.
 MIGRAD WILL VERIFY CONVERGENCE AND ERROR MATRIX.
 COVARIANCE MATRIX CALCULATED SUCCESSFULLY
 FCN=572.844 FROM MIGRAD    STATUS=CONVERGED      45 CALLS         783 TOTAL
                     EDM=1.3646e-07    STRATEGY= 1      ERROR MATRIX ACCURATE 
  EXT PARAMETER                                   STEP         FIRST   
  NO.   NAME      VALUE            ERROR          SIZE      DERIVATIVE 
   1  N0           3.49951e+06     fixed    
   2  tau          6.44119e+01   constant   
   3  A0           3.53495e-01     fixed    
   4  phi          4.12204e+00     fixed    
   5  R           -6.09180e+01   constant   
   6  A_CBO        4.71408e-04     fixed    
   7  w_CBO        2.32726e+00     fixed    
   8  phi_CBO      9.97564e-01     fixed    
   9  ANx2         2.22853e-04   constant   
  10  pNx2         5.08518e+00   constant   
  11  ANy1         0.00000e+00   constant   
  12  pNy1         0.00000e+00   constant   
  13  w_y          0.00000e+00   constant   
  14  ANy2         1.62895e-04     fixed    
  15  pNy2         3.29982e+00   constant   
  16  w_vw         1.43191e+01   constant   
  17  LM           2.21951e-04   constant   
  18  wCBO_expCoeff   2.00008e+02   2.69084e-03   9.53715e-05  -2.72079e-01
  19  wCBO_expOffset   2.00000e+02   3.79077e-04   9.53676e-05  -1.81547e+00
  20  wCBO_expT    3.00007e+01   4.74809e-04   1.43055e-05   1.95104e-01
  21  wCBO_linCoeff   0.00000e+00   constant   
  22  wCBO_const  -3.12841e-03   1.02289e-03   5.21933e-06  -6.73038e-01
 EXTERNAL ERROR MATRIX.    NDIM=  25    NPAR=  4    ERR DEF=1
  7.241e-06 -9.038e-07  3.655e-07 -1.026e-06 
 -9.038e-07  1.437e-07 -6.391e-09 -4.903e-09 
  3.655e-07 -6.391e-09  2.254e-07 -3.635e-07 
 -1.026e-06 -4.903e-09 -3.635e-07  1.046e-06 
 PARAMETER  CORRELATION COEFFICIENTS  
       NO.  GLOBAL     18     19     20     22
       18  0.96687   1.000 -0.886  0.286 -0.373
       19  0.96160  -0.886  1.000 -0.036 -0.013
       20  0.76043   0.286 -0.036  1.000 -0.748
       22  0.89983  -0.373 -0.013 -0.748  1.000
MINUIT - FIT ONLY 2-y
 **********
 **   76 **RES 
 **********
                   PARAMETER   14  ANy2 RESTORED TO VARIABLE.
                   PARAMETER    8  phi_CBO RESTORED TO VARIABLE.
                   PARAMETER    7  w_CBO RESTORED TO VARIABLE.
                   PARAMETER    6  A_CBO RESTORED TO VARIABLE.
                   PARAMETER    4  phi RESTORED TO VARIABLE.
                   PARAMETER    3  A0 RESTORED TO VARIABLE.
                   PARAMETER    1  N0 RESTORED TO VARIABLE.
 **********
 **   77 **FIX            0
 **********
 PARAMETER    0  IS UNDEFINED. IGNORED.
 **********
 **   78 **FIX            1
 **********
 **********
 **   79 **FIX            2
 **********
 PARAMETER    2  IS CONSTANT.   IGNORED.
 **********
 **   80 **FIX            3
 **********
 **********
 **   81 **FIX            4
 **********
 **********
 **   82 **FIX            5
 **********
 PARAMETER    5  IS CONSTANT.   IGNORED.
 **********
 **   83 **FIX            6
 **********
 **********
 **   84 **FIX            7
 **********
 **********
 **   85 **FIX            8
 **********
 **********
 **   86 **FIX            9
 **********
 PARAMETER    9  IS CONSTANT.   IGNORED.
 **********
 **   87 **FIX           10
 **********
 PARAMETER   10  IS CONSTANT.   IGNORED.
 **********
 **   88 **FIX           11
 **********
 PARAMETER   11  IS CONSTANT.   IGNORED.
 **********
 **   89 **FIX           12
 **********
 PARAMETER   12  IS CONSTANT.   IGNORED.
 **********
 **   90 **FIX           16
 **********
 PARAMETER   16  IS CONSTANT.   IGNORED.
 **********
 **   91 **MIGRAD
 **********
 START MIGRAD MINIMIZATION.  STRATEGY  1.  CONVERGENCE WHEN EDM .LT. 1.00e-04
 FCN=572.844 FROM MIGRAD    STATUS=INITIATE       10 CALLS         793 TOTAL
                     EDM= unknown      STRATEGY= 1      NO ERROR MATRIX       
  EXT PARAMETER               CURRENT GUESS       STEP         FIRST   
  NO.   NAME      VALUE            ERROR          SIZE      DERIVATIVE 
   1  N0           3.49951e+06     fixed    
   2  tau          6.44119e+01   constant   
   3  A0           3.53495e-01     fixed    
   4  phi          4.12204e+00     fixed    
   5  R           -6.09180e+01   constant   
   6  A_CBO        4.71408e-04     fixed    
   7  w_CBO        2.32726e+00     fixed    
   8  phi_CBO      9.97564e-01     fixed    
   9  ANx2         2.22853e-04   constant   
  10  pNx2         5.08518e+00   constant   
  11  ANy1         0.00000e+00   constant   
  12  pNy1         0.00000e+00   constant   
  13  w_y          0.00000e+00   constant   
  14  ANy2         1.62895e-04   2.03845e-04   2.03845e-04   1.23287e+02
  15  pNy2         3.29982e+00   constant   
  16  w_vw         1.43191e+01   constant   
  17  LM           2.21951e-04   constant   
  18  wCBO_expCoeff   2.00008e+02   2.69084e-03   9.53715e-05  -2.73101e-01
  19  wCBO_expOffset   2.00000e+02   3.79077e-04   9.53676e-05  -5.96831e-01
  20  wCBO_expT    3.00007e+01   4.74809e-04   1.43055e-05  -7.79321e-02
  21  wCBO_linCoeff   0.00000e+00   constant   
  22  wCBO_const  -3.12841e-03   1.02289e-03   5.21933e-06  -6.76427e-01
 MIGRAD MINIMIZATION HAS CONVERGED.
 MIGRAD WILL VERIFY CONVERGENCE AND ERROR MATRIX.
 COVARIANCE MATRIX CALCULATED SUCCESSFULLY
 FCN=572.843 FROM MIGRAD    STATUS=CONVERGED      56 CALLS         839 TOTAL
                     EDM=2.46356e-07    STRATEGY= 1      ERROR MATRIX ACCURATE 
  EXT PARAMETER                                   STEP         FIRST   
  NO.   NAME      VALUE            ERROR          SIZE      DERIVATIVE 
   1  N0           3.49951e+06     fixed    
   2  tau          6.44119e+01   constant   
   3  A0           3.53495e-01     fixed    
   4  phi          4.12204e+00     fixed    
   5  R           -6.09180e+01   constant   
   6  A_CBO        4.71408e-04     fixed    
   7  w_CBO        2.32726e+00     fixed    
   8  phi_CBO      9.97564e-01     fixed    
   9  ANx2         2.22853e-04   constant   
  10  pNx2         5.08518e+00   constant   
  11  ANy1         0.00000e+00   constant   
  12  pNy1         0.00000e+00   constant   
  13  w_y          0.00000e+00   constant   
  14  ANy2         1.60351e-04   2.03578e-04   2.37582e-06   9.71868e-02
  15  pNy2         3.29982e+00   constant   
  16  w_vw         1.43191e+01   constant   
  17  LM           2.21951e-04   constant   
  18  wCBO_expCoeff   2.00008e+02   2.69341e-03   9.53715e-05  -9.94338e-01
  19  wCBO_expOffset   2.00000e+02   3.79776e-04   9.53676e-05  -6.62999e+00
  20  wCBO_expT    3.00007e+01   4.74990e-04   1.43055e-05  -7.00458e-01
  21  wCBO_linCoeff   0.00000e+00   constant   
  22  wCBO_const  -3.12834e-03   1.02306e-03   5.21931e-06  -1.29615e+00
 EXTERNAL ERROR MATRIX.    NDIM=  25    NPAR=  5    ERR DEF=1
  4.144e-08  1.479e-08 -3.743e-09 -1.926e-09  3.444e-09 
  1.479e-08  7.254e-06 -9.064e-07  3.649e-07 -1.024e-06 
 -3.743e-09 -9.064e-07  1.442e-07 -6.230e-09 -5.196e-09 
 -1.926e-09  3.649e-07 -6.230e-09  2.256e-07 -3.637e-07 
  3.444e-09 -1.024e-06 -5.196e-09 -3.637e-07  1.047e-06 
 PARAMETER  CORRELATION COEFFICIENTS  
       NO.  GLOBAL     14     18     19     20     22
       14  0.06721   1.000  0.027 -0.048 -0.020  0.017
       18  0.96692   0.027  1.000 -0.886  0.285 -0.372
       19  0.96173  -0.048 -0.886  1.000 -0.035 -0.013
       20  0.76051  -0.020  0.285 -0.035  1.000 -0.749
       22  0.89984   0.017 -0.372 -0.013 -0.749  1.000
MINUIT - FIT ALTOGETHER
 **********
 **   92 **RES 
 **********
                   PARAMETER    8  phi_CBO RESTORED TO VARIABLE.
                   PARAMETER    7  w_CBO RESTORED TO VARIABLE.
                   PARAMETER    6  A_CBO RESTORED TO VARIABLE.
                   PARAMETER    4  phi RESTORED TO VARIABLE.
                   PARAMETER    3  A0 RESTORED TO VARIABLE.
                   PARAMETER    1  N0 RESTORED TO VARIABLE.
 **********
 **   93 **MIGRAD
 **********
 START MIGRAD MINIMIZATION.  STRATEGY  1.  CONVERGENCE WHEN EDM .LT. 1.00e-04
 FCN=572.843 FROM MIGRAD    STATUS=INITIATE       22 CALLS         861 TOTAL
                     EDM= unknown      STRATEGY= 1      NO ERROR MATRIX       
  EXT PARAMETER               CURRENT GUESS       STEP         FIRST   
  NO.   NAME      VALUE            ERROR          SIZE      DERIVATIVE 
   1  N0           3.49951e+06   5.02240e+02   5.02240e+02  -2.39009e-03
   2  tau          6.44119e+01   constant   
   3  A0           3.53495e-01   1.92626e-04   1.92626e-04  -3.18648e+03
   4  phi          4.12204e+00   5.63776e-04   5.63776e-04   4.24851e+02
   5  R           -6.09180e+01   constant   
   6  A_CBO        4.71408e-04   2.06175e-04   2.06175e-04  -5.47015e+02
   7  w_CBO        2.32726e+00   5.70904e-05   5.70904e-05  -8.60700e+01
   8  phi_CBO      9.97564e-01   5.20603e-01   5.20603e-01   8.01874e-04
   9  ANx2         2.22853e-04   constant   
  10  pNx2         5.08518e+00   constant   
  11  ANy1         0.00000e+00   constant   
  12  pNy1         0.00000e+00   constant   
  13  w_y          0.00000e+00   constant   
  14  ANy2         1.60351e-04   2.03578e-04   2.37582e-06   9.71841e-02
  15  pNy2         3.29982e+00   constant   
  16  w_vw         1.43191e+01   constant   
  17  LM           2.21951e-04   constant   
  18  wCBO_expCoeff   2.00008e+02   2.69341e-03   9.53715e-05  -9.95000e-01
  19  wCBO_expOffset   2.00000e+02   3.79776e-04   9.53676e-05  -5.27492e+00
  20  wCBO_expT    3.00007e+01   4.74990e-04   1.43055e-05  -9.73631e-01
  21  wCBO_linCoeff   0.00000e+00   constant   
  22  wCBO_const  -3.12834e-03   1.02306e-03   5.21931e-06  -1.29953e+00
 MIGRAD MINIMIZATION HAS CONVERGED.
 FCN=572.359 FROM MIGRAD    STATUS=CONVERGED     164 CALLS        1003 TOTAL
                     EDM=7.30193e-07    STRATEGY= 1  ERROR MATRIX UNCERTAINTY   2.2 per cent
  EXT PARAMETER                                   STEP         FIRST   
  NO.   NAME      VALUE            ERROR          SIZE      DERIVATIVE 
   1  N0           3.49982e+06   5.05890e+02   2.66285e-01  -2.92262e-07
   2  tau          6.44119e+01   constant   
