 + ++++++++++++++++++++++++++++++++++++++++++++++++++++++++++++++++++++ +
 +                                                                      +
 +           You have chose to blind your fitting according to          +
 +                omega_ref * (1 + (R +/- deltaR) *10^{-6})             +
 +                                                                      +
 + ++++++++++++++++++++++++++++++++++++++++++++++++++++++++++++++++++++ +
In main()...
reading format from /gm2data/zkhechad/run45/envelope/formats/formatB_sBin_constraintOn.txt
pBinTau 	= 0  
pBinPhi 	= 0  
constraintau 	= 1 
includeMopTerm 	= 0    
constrainMop    = 0   
Parameters after format file: pBinTau 0 pBinPhi 0 constraintau 1 includeMopTerm 0 constrainMop 0 c_e_scale 0.000000 
reading cbo reference file (full fit) from /gm2data/zkhechad/cboTemplates/Run4CBOTemplates/fullFits/run4/sBin_constraintOn_cE0.0_seed0_run4_calo22.root
A_CBO 0.009526 w_CBO 2.326135 phi_CBO 3.153773 N0 2910883.778789 R -61.156963 tau 64.406920 
Reading cboRef file /gm2data/zkhechad/cboTemplates/Run4CBOTemplates//cboIsolate/run4_calo22.root
deltaT 64.691090
windowBins = 430
fitting sliding window 940 from bin 1143 at 170.535600 to bin 1573 at 234.691600 (430 bins)

Reading data from /gm2data/cornell/histograms/aMethod/histogram_a_run4.root
fitting cbo isolate
 **********
 **    1 **SET PRINTOUT            1
 **********
 **********
 **    2 **SET NOWARNINGS 
 **********
 PARAMETER DEFINITIONS:
    NO.   NAME         VALUE      STEP SIZE      LIMITS
     1 A_CBO        9.52554e-03  1.00000e-05     no limits
     2 w_CBO        2.32614e+00  1.00000e-02    2.00000e+00  3.00000e+00
     3 phi_CBO      3.15377e+00  1.00000e-02    0.00000e+00  6.28319e+00
 **********
 **    3 **MIGRAD
 **********
 FIRST CALL TO USER FUNCTION AT NEW START POINT, WITH IFLAG=4.
 START MIGRAD MINIMIZATION.  STRATEGY  1.  CONVERGENCE WHEN EDM .LT. 1.00e-04
 FCN=0.00774882 FROM MIGRAD    STATUS=INITIATE       12 CALLS          13 TOTAL
                     EDM= unknown      STRATEGY= 1      NO ERROR MATRIX       
  EXT PARAMETER               CURRENT GUESS       STEP         FIRST   
  NO.   NAME      VALUE            ERROR          SIZE      DERIVATIVE 
   1  A_CBO        9.52554e-03   1.00000e-05   1.00000e-05   2.30850e+00
   2  w_CBO        2.32614e+00   1.00000e-02   2.13335e-02  -5.25985e-02
   3  phi_CBO      3.15377e+00   1.00000e-02   3.18313e-03   1.75916e-03
 MIGRAD MINIMIZATION HAS CONVERGED.
 MIGRAD WILL VERIFY CONVERGENCE AND ERROR MATRIX.
 COVARIANCE MATRIX CALCULATED SUCCESSFULLY
 FCN=0.00151651 FROM MIGRAD    STATUS=CONVERGED      49 CALLS          50 TOTAL
                     EDM=1.28447e-07    STRATEGY= 1      ERROR MATRIX ACCURATE 
  EXT PARAMETER                                   STEP         FIRST   
  NO.   NAME      VALUE            ERROR          SIZE      DERIVATIVE 
   1  A_CBO        4.12413e-03   6.86823e-02   3.34205e-05  -2.79506e-03
   2  w_CBO        2.32620e+00   6.08597e-01   8.46839e-05   1.68130e-04
   3  phi_CBO      3.13940e+00   3.99720e+00   2.56166e-03   2.35395e-06
 EXTERNAL ERROR MATRIX.    NDIM=  25    NPAR=  3    ERR DEF=1
  4.717e-03 -5.628e-03 -1.144e+00 
 -5.628e-03  7.841e-01  1.582e+02 
 -1.144e+00  1.582e+02  3.221e+04 
 PARAMETER  CORRELATION COEFFICIENTS  
       NO.  GLOBAL      1      2      3
        1  0.09284   1.000 -0.093 -0.093
        2  0.99578  -0.093  1.000  0.996
        3  0.99578  -0.093  0.996  1.000
setting A_CBO=0.004124 w_CBO=2.326203, phi_CBO=3.139398
done fitting cbo isolate
 **********
 **    1 **SET PRINTOUT            1
 **********
 **********
 **    2 **SET NOWARNINGS 
 **********
 PARAMETER DEFINITIONS:
    NO.   NAME         VALUE      STEP SIZE      LIMITS
     1 N0           2.91088e+06  1.00000e+02     no limits
     2 tau          6.44069e+01  constant
     3 A0           3.51795e-01  1.00000e-04     no limits
     4 phi          4.11585e+00  1.00000e-02     no limits
     5 R           -6.11570e+01  constant
     6 A_CBO        4.12413e-03  1.00000e-05     no limits
     7 w_CBO        2.32620e+00  1.00000e-03     no limits
     8 phi_CBO      3.13940e+00  1.00000e-04     no limits
     9 ANx2         8.59960e-04  constant
    10 pNx2         1.29548e+00  constant
    11 ANy1         0.00000e+00  constant
    12 pNy1         0.00000e+00  constant
    13 w_y          0.00000e+00  constant
    14 ANy2         8.55552e-03  1.00000e-04     no limits
    15 pNy2         3.07836e+00  constant
    16 w_vw         1.43006e+01  constant
    17 LM           1.55944e-04  constant
    18 wCBO_expCoeff   2.00000e+02  1.00000e+00     no limits
    19 wCBO_expOffset   2.00000e+02  1.00000e+00     no limits
    20 wCBO_expT    3.00000e+01  1.00000e+00     no limits
    21 wCBO_linCoeff   0.00000e+00  constant
    22 wCBO_const   0.00000e+00  1.00000e-02     no limits
MINUIT - FIT ONLY WIGGLE
 **********
 **    3 **FIX            5
 **********
 PARAMETER    5  IS CONSTANT.   IGNORED.
 **********
 **    4 **FIX            6
 **********
 **********
 **    5 **FIX            7
 **********
 **********
 **    6 **FIX            8
 **********
 **********
 **    7 **FIX            9
 **********
 PARAMETER    9  IS CONSTANT.   IGNORED.
 **********
 **    8 **FIX           10
 **********
 PARAMETER   10  IS CONSTANT.   IGNORED.
 **********
 **    9 **FIX           11
 **********
 PARAMETER   11  IS CONSTANT.   IGNORED.
 **********
 **   10 **FIX           12
 **********
 PARAMETER   12  IS CONSTANT.   IGNORED.
 **********
 **   11 **FIX           13
 **********
 PARAMETER   13  IS CONSTANT.   IGNORED.
 **********
 **   12 **FIX           14
 **********
 **********
 **   13 **FIX           15
 **********
 PARAMETER   15  IS CONSTANT.   IGNORED.
 **********
 **   14 **FIX           16
 **********
 PARAMETER   16  IS CONSTANT.   IGNORED.
 **********
 **   15 **MIGRAD
 **********
 FIRST CALL TO USER FUNCTION AT NEW START POINT, WITH IFLAG=4.
 START MIGRAD MINIMIZATION.  STRATEGY  1.  CONVERGENCE WHEN EDM .LT. 1.00e-04
 FCN=2282.08 FROM MIGRAD    STATUS=INITIATE       79 CALLS          80 TOTAL
                     EDM= unknown      STRATEGY= 1      NO ERROR MATRIX       
  EXT PARAMETER               CURRENT GUESS       STEP         FIRST   
  NO.   NAME      VALUE            ERROR          SIZE      DERIVATIVE 
   1  N0           2.91088e+06   1.00000e+02   0.00000e+00  -6.64095e-03
   2  tau          6.44069e+01   constant   
   3  A0           3.51795e-01   1.00000e-04   0.00000e+00   1.49089e+04
   4  phi          4.11585e+00   1.00000e-02   0.00000e+00  -8.50812e+02
   5  R           -6.11570e+01   constant   
   6  A_CBO        4.12413e-03     fixed    
   7  w_CBO        2.32620e+00     fixed    
   8  phi_CBO      3.13940e+00     fixed    
   9  ANx2         8.59960e-04   constant   
  10  pNx2         1.29548e+00   constant   
  11  ANy1         0.00000e+00   constant   
  12  pNy1         0.00000e+00   constant   
  13  w_y          0.00000e+00   constant   
  14  ANy2         8.55552e-03     fixed    
  15  pNy2         3.07836e+00   constant   
  16  w_vw         1.43006e+01   constant   
  17  LM           1.55944e-04   constant   
  18  wCBO_expCoeff   1.99997e+02   1.00000e+00   0.00000e+00  -4.35834e+04
  19  wCBO_expOffset   2.00000e+02   1.00000e+00   0.00000e+00  -2.77742e+05
  20  wCBO_expT    3.00000e+01   1.00000e+00   0.00000e+00   4.48236e+05
  21  wCBO_linCoeff   0.00000e+00   constant   
  22  wCBO_const  -2.58582e-03   1.00000e-02  -2.58582e-03   5.10438e+03
 MIGRAD FAILS TO FIND IMPROVEMENT
 COVARIANCE MATRIX CALCULATED SUCCESSFULLY
 FCN=2177.66 FROM HESSE     STATUS=OK             54 CALLS         707 TOTAL
                     EDM=0.0868644    STRATEGY= 1      ERROR MATRIX ACCURATE 
  EXT PARAMETER                                   STEP         FIRST   
  NO.   NAME      VALUE            ERROR          SIZE      DERIVATIVE 
   1  N0           2.91164e+06   4.59219e+02   1.03112e+01  -1.04618e-03
   2  tau          6.44069e+01   constant   
   3  A0           3.52117e-01   2.10917e-04   4.70076e-06  -3.20120e+02
   4  phi          4.11572e+00   6.20746e-04   1.40501e-05   2.21151e+02
   5  R           -6.11570e+01   constant   
   6  A_CBO        4.12413e-03     fixed    
   7  w_CBO        2.32620e+00     fixed    
   8  phi_CBO      3.13940e+00     fixed    
   9  ANx2         8.59960e-04   constant   
  10  pNx2         1.29548e+00   constant   
  11  ANy1         0.00000e+00   constant   
  12  pNy1         0.00000e+00   constant   
  13  w_y          0.00000e+00   constant   
  14  ANy2         8.55552e-03     fixed    
  15  pNy2         3.07836e+00   constant   
  16  w_vw         1.43006e+01   constant   
  17  LM           1.55944e-04   constant   
  18  wCBO_expCoeff   1.99997e+02   7.12473e-04   9.53661e-05   3.00111e+02
  19  wCBO_expOffset   2.00000e+02   4.26266e-05   9.53675e-05   1.79701e+03
  20  wCBO_expT    2.99996e+01   9.65534e-05   1.43049e-05  -5.10658e+03
  21  wCBO_linCoeff   0.00000e+00   constant   
  22  wCBO_const  -5.80724e-03   6.75697e-04   4.52312e-06  -4.17382e+01
 MIGRAD FAILS TO FIND IMPROVEMENT
 MIGRAD TERMINATED WITHOUT CONVERGENCE.
 FCN=2177.55 FROM MIGRAD    STATUS=FAILED       1042 CALLS        1043 TOTAL
                     EDM=0.955102    STRATEGY= 1  ERROR MATRIX UNCERTAINTY   1.0 per cent
  EXT PARAMETER                APPROXIMATE        STEP         FIRST   
  NO.   NAME      VALUE            ERROR          SIZE      DERIVATIVE 
   1  N0           2.91183e+06   6.22741e+02   0.00000e+00   5.42925e-04
   2  tau          6.44069e+01   constant   
   3  A0           3.52119e-01   2.09533e-04  -0.00000e+00  -4.37512e+01
   4  phi          4.11565e+00   6.36374e-04  -0.00000e+00  -9.25570e+01
   5  R           -6.11570e+01   constant   
   6  A_CBO        4.12413e-03     fixed    
   7  w_CBO        2.32620e+00     fixed    
   8  phi_CBO      3.13940e+00     fixed    
   9  ANx2         8.59960e-04   constant   
  10  pNx2         1.29548e+00   constant   
  11  ANy1         0.00000e+00   constant   
  12  pNy1         0.00000e+00   constant   
  13  w_y          0.00000e+00   constant   
  14  ANy2         8.55552e-03     fixed    
  15  pNy2         3.07836e+00   constant   
  16  w_vw         1.43006e+01   constant   
  17  LM           1.55944e-04   constant   
  18  wCBO_expCoeff   1.99997e+02   9.73333e-04   0.00000e+00   7.31227e+01
  19  wCBO_expOffset   2.00000e+02   1.02130e-04   0.00000e+00  -1.85327e+04
  20  wCBO_expT    2.99997e+01   1.91895e-04   0.00000e+00   6.87888e+02
  21  wCBO_linCoeff   0.00000e+00   constant   
  22  wCBO_const  -5.93853e-03   1.22813e-03  -0.00000e+00   5.61271e+02
 EXTERNAL ERROR MATRIX.    NDIM=  25    NPAR=  7    ERR DEF=1
  3.878e+05 -4.143e-03 -5.431e-02  3.878e-01  5.968e-02  9.585e-02 -6.410e-01 
 -4.143e-03  4.390e-08  1.013e-09 -1.645e-08 -9.871e-10 -3.771e-09  1.393e-08 
 -5.431e-02  1.013e-09  4.050e-07 -1.245e-07 -1.960e-08 -2.991e-08  2.032e-07 
  3.878e-01 -1.645e-08 -1.245e-07  9.474e-07  6.791e-08  1.721e-07 -1.130e-06 
  5.968e-02 -9.871e-10 -1.960e-08  6.791e-08  1.043e-08  1.739e-08 -1.060e-07 
  9.585e-02 -3.771e-09 -2.991e-08  1.721e-07  1.739e-08  3.682e-08 -2.246e-07 
 -6.410e-01  1.393e-08  2.032e-07 -1.130e-06 -1.060e-07 -2.246e-07  1.508e-06 
ERR MATRIX APPROXIMATE
 PARAMETER  CORRELATION COEFFICIENTS  
       NO.  GLOBAL      1      3      4     18     19     20     22
        1  0.99122   1.000 -0.032 -0.137  0.640  0.938  0.802 -0.838
        3  0.25185  -0.032  1.000  0.008 -0.081 -0.046 -0.094  0.054
        4  0.82229  -0.137  0.008  1.000 -0.201 -0.302 -0.245  0.260
       18  0.99312   0.640 -0.081 -0.201  1.000  0.683  0.921 -0.945
       19  0.99272   0.938 -0.046 -0.302  0.683  1.000  0.887 -0.845
       20  0.99324   0.802 -0.094 -0.245  0.921  0.887  1.000 -0.953
       22  0.99610  -0.838  0.054  0.260 -0.945 -0.845 -0.953  1.000
 ERR MATRIX APPROXIMATE
MINUIT - FIT ONLY 1-CBO + other amplitudes 
 **********
 **   16 **RES 
 **********
                   PARAMETER   14  ANy2 RESTORED TO VARIABLE.
                   PARAMETER    8  phi_CBO RESTORED TO VARIABLE.
                   PARAMETER    7  w_CBO RESTORED TO VARIABLE.
                   PARAMETER    6  A_CBO RESTORED TO VARIABLE.
 **********
 **   17 **FIX            0
 **********
 PARAMETER    0  IS UNDEFINED. IGNORED.
 **********
 **   18 **FIX            1
 **********
 **********
 **   19 **FIX            2
 **********
 PARAMETER    2  IS CONSTANT.   IGNORED.
 **********
 **   20 **FIX            3
 **********
 **********
 **   21 **FIX            4
 **********
 **********
 **   22 **FIX            9
 **********
 PARAMETER    9  IS CONSTANT.   IGNORED.
 **********
 **   23 **FIX           11
 **********
 PARAMETER   11  IS CONSTANT.   IGNORED.
 **********
 **   24 **FIX           12
 **********
 PARAMETER   12  IS CONSTANT.   IGNORED.
 **********
 **   25 **FIX           14
 **********
 **********
 **   26 **FIX           15
 **********
 PARAMETER   15  IS CONSTANT.   IGNORED.
 **********
 **   27 **FIX           16
 **********
 PARAMETER   16  IS CONSTANT.   IGNORED.
 **********
 **   28 **MIGRAD
 **********
 START MIGRAD MINIMIZATION.  STRATEGY  1.  CONVERGENCE WHEN EDM .LT. 1.00e-04
 FCN=2177.55 FROM MIGRAD    STATUS=INITIATE       22 CALLS        1065 TOTAL
                     EDM= unknown      STRATEGY= 1      NO ERROR MATRIX       
  EXT PARAMETER               CURRENT GUESS       STEP         FIRST   
  NO.   NAME      VALUE            ERROR          SIZE      DERIVATIVE 
   1  N0           2.91183e+06     fixed    
   2  tau          6.44069e+01   constant   
   3  A0           3.52119e-01     fixed    
   4  phi          4.11565e+00     fixed    
   5  R           -6.11570e+01   constant   
   6  A_CBO        4.12413e-03   1.00000e-05   1.00000e-05   1.28825e+05
   7  w_CBO        2.32620e+00   1.00000e-03   1.00000e-03   6.48089e+03
   8  phi_CBO      3.13940e+00   1.00000e-04   1.00000e-04  -6.89850e-01
   9  ANx2         8.59960e-04   constant   
  10  pNx2         1.29548e+00   constant   
  11  ANy1         0.00000e+00   constant   
  12  pNy1         0.00000e+00   constant   
  13  w_y          0.00000e+00   constant   
  14  ANy2         8.55552e-03     fixed    
  15  pNy2         3.07836e+00   constant   
  16  w_vw         1.43006e+01   constant   
  17  LM           1.55944e-04   constant   
  18  wCBO_expCoeff   1.99997e+02   9.73333e-04   0.00000e+00   7.31227e+01
  19  wCBO_expOffset   2.00000e+02   1.02130e-04   0.00000e+00  -1.85327e+04
  20  wCBO_expT    2.99997e+01   1.91895e-04   0.00000e+00   6.87888e+02
  21  wCBO_linCoeff   0.00000e+00   constant   
  22  wCBO_const  -5.93853e-03   1.22813e-03  -0.00000e+00   5.61271e+02
 MIGRAD FAILS TO FIND IMPROVEMENT
 FCN=1968.55 FROM HESSE     STATUS=NOT POSDEF     52 CALLS        1267 TOTAL
                     EDM=2.90336    STRATEGY= 1      ERR MATRIX NOT POS-DEF
  EXT PARAMETER                APPROXIMATE        STEP         FIRST   
  NO.   NAME      VALUE            ERROR          SIZE      DERIVATIVE 
   1  N0           2.91183e+06     fixed    
   2  tau          6.44069e+01   constant   
   3  A0           3.52119e-01     fixed    
   4  phi          4.11565e+00     fixed    
   5  R           -6.11570e+01   constant   
   6  A_CBO        9.91412e-04   3.18506e-04   4.79371e-06   3.19621e+03
   7  w_CBO        2.32621e+00   1.61174e-05   1.10922e-06   1.17647e+05
   8  phi_CBO      2.77507e+00   3.65996e-01   5.31437e-03   3.21344e+00
   9  ANx2         8.59960e-04   constant   
  10  pNx2         1.29548e+00   constant   
  11  ANy1         0.00000e+00   constant   
  12  pNy1         0.00000e+00   constant   
  13  w_y          0.00000e+00   constant   
  14  ANy2         8.55552e-03     fixed    
  15  pNy2         3.07836e+00   constant   
  16  w_vw         1.43006e+01   constant   
  17  LM           1.55944e-04   constant   
  18  wCBO_expCoeff   1.99998e+02   1.39052e-03   9.53664e-05   1.36869e+03
  19  wCBO_expOffset   2.00000e+02   6.75059e-05   9.53676e-05   9.07893e+03
  20  wCBO_expT    2.99999e+01   3.19766e-04   1.43051e-05  -2.04892e+04
  21  wCBO_linCoeff   0.00000e+00   constant   
  22  wCBO_const  -8.14613e-03   2.29937e-03   7.17404e-06  -5.84742e+01
 MIGRAD FAILS TO FIND IMPROVEMENT
 MIGRAD TERMINATED WITHOUT CONVERGENCE.
 FCN=1965.32 FROM MIGRAD    STATUS=FAILED        336 CALLS        1379 TOTAL
                     EDM=0.0205644    STRATEGY= 1      ERR MATRIX NOT POS-DEF
  EXT PARAMETER                APPROXIMATE        STEP         FIRST   
  NO.   NAME      VALUE            ERROR          SIZE      DERIVATIVE 
   1  N0           2.91183e+06     fixed    
   2  tau          6.44069e+01   constant   
   3  A0           3.52119e-01     fixed    
   4  phi          4.11565e+00     fixed    
   5  R           -6.11570e+01   constant   
   6  A_CBO        8.34836e-04   2.27171e-04   0.00000e+00  -6.34271e+01
   7  w_CBO        2.32623e+00   1.40294e-05  -0.00000e+00   3.12861e+04
   8  phi_CBO      2.42541e+00   3.23553e-01   0.00000e+00  -1.39814e-02
   9  ANx2         8.59960e-04   constant   
  10  pNx2         1.29548e+00   constant   
  11  ANy1         0.00000e+00   constant   
  12  pNy1         0.00000e+00   constant   
  13  w_y          0.00000e+00   constant   
  14  ANy2         8.55552e-03     fixed    
  15  pNy2         3.07836e+00   constant   
  16  w_vw         1.43006e+01   constant   
  17  LM           1.55944e-04   constant   
  18  wCBO_expCoeff   2.00000e+02   1.21101e-03  -0.00000e+00   3.63949e+02
  19  wCBO_expOffset   2.00000e+02   1.17491e-04   0.00000e+00  -2.12856e+03
  20  wCBO_expT    3.00004e+01   2.70115e-04  -0.00000e+00  -2.41026e+03
  21  wCBO_linCoeff   0.00000e+00   constant   
  22  wCBO_const  -1.15924e-02   1.93717e-03  -0.00000e+00   4.03304e+00
 EXTERNAL ERROR MATRIX.    NDIM=  25    NPAR=  7    ERR DEF=1
  5.161e-08 -8.885e-10 -7.311e-07 -7.669e-08  6.738e-10 -1.757e-08  1.184e-07 
 -8.885e-10  1.968e-10 -7.409e-07  1.090e-08 -1.688e-11  3.245e-09 -2.206e-08 
 -7.311e-07 -7.409e-07  1.047e-01 -6.414e-05  4.761e-06 -1.487e-05  1.365e-04 
 -7.669e-08  1.090e-08 -6.414e-05  1.467e-06 -1.675e-09  2.802e-07 -1.902e-06 
  6.738e-10 -1.688e-11  4.761e-06 -1.675e-09  1.380e-08  8.692e-09 -9.183e-08 
 -1.757e-08  3.245e-09 -1.487e-05  2.802e-07  8.692e-09  7.296e-08 -5.018e-07 
  1.184e-07 -2.206e-08  1.365e-04 -1.902e-06 -9.183e-08 -5.018e-07  3.753e-06 
ERR MATRIX NOT POS-DEF
 PARAMETER  CORRELATION COEFFICIENTS  
       NO.  GLOBAL      6      7      8     18     19     20     22
        6  0.33792   1.000 -0.279 -0.010 -0.279  0.025 -0.286  0.269
        7  0.99198  -0.279  1.000 -0.163  0.642 -0.010  0.856 -0.812
        8  0.79982  -0.010 -0.163  1.000 -0.164  0.125 -0.170  0.218
       18  0.99199  -0.279  0.642 -0.164  1.000 -0.012  0.857 -0.811
       19  0.98559   0.025 -0.010  0.125 -0.012  1.000  0.274 -0.403
       20  0.99171  -0.286  0.856 -0.170  0.857  0.274  1.000 -0.959
       22  0.99498   0.269 -0.812  0.218 -0.811 -0.403 -0.959  1.000
 ERR MATRIX NOT POS-DEF
MINUIT - FIT ONLY 1-CBO
 **********
 **   29 **RES 
 **********
                   PARAMETER   14  ANy2 RESTORED TO VARIABLE.
                   PARAMETER    4  phi RESTORED TO VARIABLE.
                   PARAMETER    3  A0 RESTORED TO VARIABLE.
                   PARAMETER    1  N0 RESTORED TO VARIABLE.
 **********
 **   30 **FIX            0
 **********
 PARAMETER    0  IS UNDEFINED. IGNORED.
 **********
 **   31 **FIX            1
 **********
 **********
 **   32 **FIX            2
 **********
 PARAMETER    2  IS CONSTANT.   IGNORED.
 **********
 **   33 **FIX            3
 **********
 **********
 **   34 **FIX            4
 **********
 **********
 **   35 **FIX            8
 **********
 **********
 **   36 **FIX            9
 **********
 PARAMETER    9  IS CONSTANT.   IGNORED.
 **********
 **   37 **FIX           11
 **********
 PARAMETER   11  IS CONSTANT.   IGNORED.
 **********
 **   38 **FIX           12
 **********
 PARAMETER   12  IS CONSTANT.   IGNORED.
 **********
 **   39 **FIX           13
 **********
 PARAMETER   13  IS CONSTANT.   IGNORED.
 **********
 **   40 **FIX           15
 **********
 PARAMETER   15  IS CONSTANT.   IGNORED.
 **********
 **   41 **FIX           16
 **********
 PARAMETER   16  IS CONSTANT.   IGNORED.
 **********
 **   42 **MIGRAD
 **********
 START MIGRAD MINIMIZATION.  STRATEGY  1.  CONVERGENCE WHEN EDM .LT. 1.00e-04
 FCN=1965.32 FROM MIGRAD    STATUS=INITIATE       16 CALLS        1395 TOTAL
                     EDM= unknown      STRATEGY= 1      NO ERROR MATRIX       
  EXT PARAMETER               CURRENT GUESS       STEP         FIRST   
  NO.   NAME      VALUE            ERROR          SIZE      DERIVATIVE 
   1  N0           2.91183e+06     fixed    
   2  tau          6.44069e+01   constant   
   3  A0           3.52119e-01     fixed    
   4  phi          4.11565e+00     fixed    
   5  R           -6.11570e+01   constant   
   6  A_CBO        8.34836e-04   2.27171e-04   0.00000e+00  -6.34271e+01
   7  w_CBO        2.32623e+00   1.40294e-05  -0.00000e+00   3.12861e+04
   8  phi_CBO      2.42541e+00     fixed    
   9  ANx2         8.59960e-04   constant   
  10  pNx2         1.29548e+00   constant   
  11  ANy1         0.00000e+00   constant   
  12  pNy1         0.00000e+00   constant   
  13  w_y          0.00000e+00   constant   
  14  ANy2         8.55552e-03   1.00000e-04   1.00000e-04   3.43835e+05
  15  pNy2         3.07836e+00   constant   
  16  w_vw         1.43006e+01   constant   
  17  LM           1.55944e-04   constant   
  18  wCBO_expCoeff   2.00000e+02   1.21101e-03  -0.00000e+00   3.63949e+02
  19  wCBO_expOffset   2.00000e+02   1.17491e-04   0.00000e+00  -2.12856e+03
  20  wCBO_expT    3.00004e+01   2.70115e-04  -0.00000e+00  -2.41026e+03
  21  wCBO_linCoeff   0.00000e+00   constant   
  22  wCBO_const  -1.15924e-02   1.93717e-03  -0.00000e+00   4.03309e+00
 MIGRAD FAILS TO FIND IMPROVEMENT
 COVARIANCE MATRIX CALCULATED SUCCESSFULLY
 FCN=490.684 FROM HESSE     STATUS=OK             52 CALLS        2441 TOTAL
                     EDM=11.8579    STRATEGY= 1      ERROR MATRIX ACCURATE 
  EXT PARAMETER                                   STEP         FIRST   
  NO.   NAME      VALUE            ERROR          SIZE      DERIVATIVE 
   1  N0           2.91183e+06     fixed    
   2  tau          6.44069e+01   constant   
   3  A0           3.52119e-01     fixed    
   4  phi          4.11565e+00     fixed    
   5  R           -6.11570e+01   constant   
   6  A_CBO       -1.68895e-04   2.49662e-04   2.44643e-06   6.28551e+03
   7  w_CBO        2.32628e+00   3.73622e-05   1.10926e-06   6.03209e+05
   8  phi_CBO      2.42541e+00     fixed    
   9  ANx2         8.59960e-04   constant   
  10  pNx2         1.29548e+00   constant   
  11  ANy1         0.00000e+00   constant   
  12  pNy1         0.00000e+00   constant   
  13  w_y          0.00000e+00   constant   
  14  ANy2        -3.21521e-05   2.59083e-04   2.38518e-06  -2.43398e+03
  15  pNy2         3.07836e+00   constant   
  16  w_vw         1.43006e+01   constant   
  17  LM           1.55944e-04   constant   
  18  wCBO_expCoeff   2.00004e+02   3.22606e-03   9.53695e-05   6.98573e+03
  19  wCBO_expOffset   2.00001e+02   1.56959e-04   9.53681e-05   4.65433e+04
  20  wCBO_expT    3.00025e+01   8.46845e-04   1.43063e-05  -9.14961e+03
  21  wCBO_linCoeff   0.00000e+00   constant   
  22  wCBO_const  -2.89942e-02   5.92302e-03   3.22382e-06   6.24869e+03
 CALL LIMIT EXCEEDED IN MIGRAD.
 MIGRAD TERMINATED WITHOUT CONVERGENCE.
 FCN=488.826 FROM MIGRAD    STATUS=CALL LIMIT   1161 CALLS        2540 TOTAL
                     EDM=0.0124324    STRATEGY= 1  ERROR MATRIX UNCERTAINTY  11.6 per cent
  EXT PARAMETER                APPROXIMATE        STEP         FIRST   
  NO.   NAME      VALUE            ERROR          SIZE      DERIVATIVE 
   1  N0           2.91183e+06     fixed    
   2  tau          6.44069e+01   constant   
   3  A0           3.52119e-01     fixed    
   4  phi          4.11565e+00     fixed    
   5  R           -6.11570e+01   constant   
   6  A_CBO       -3.31162e-04   2.20313e-04  -5.65658e-08   1.56033e+01
   7  w_CBO        2.32628e+00   1.34869e-05  -9.25049e-08   6.13801e+03
   8  phi_CBO      2.42541e+00     fixed    
   9  ANx2         8.59960e-04   constant   
  10  pNx2         1.29548e+00   constant   
  11  ANy1         0.00000e+00   constant   
  12  pNy1         0.00000e+00   constant   
  13  w_y          0.00000e+00   constant   
  14  ANy2         2.93933e-05   2.16896e-04  -1.02251e-06   3.88900e+01
  15  pNy2         3.07836e+00   constant   
  16  w_vw         1.43006e+01   constant   
  17  LM           1.55944e-04   constant   
  18  wCBO_expCoeff   2.00004e+02   1.16453e-03  -8.09370e-06   7.14588e+01
  19  wCBO_expOffset   2.00001e+02   1.45118e-04   2.86839e-06  -1.64615e+03
  20  wCBO_expT    3.00023e+01   2.26991e-04   1.10222e-06  -1.50491e+02
  21  wCBO_linCoeff   0.00000e+00   constant   
  22  wCBO_const  -2.81414e-02   1.62604e-03  -4.12866e-06  -9.52050e+00
 EXTERNAL ERROR MATRIX.    NDIM=  25    NPAR=  7    ERR DEF=1
  4.854e-08 -1.935e-10  1.090e-09 -1.668e-08 -1.918e-09 -2.874e-09  4.485e-08 
 -1.935e-10  1.819e-10  2.709e-10  3.470e-09 -2.637e-10  1.933e-09 -1.437e-08 
  1.090e-09  2.709e-10  4.704e-08  2.349e-08 -2.084e-09  5.221e-09 -3.232e-08 
 -1.668e-08  3.470e-09  2.349e-08  1.356e-06 -2.349e-08  1.668e-07 -1.236e-06 
 -1.918e-09 -2.637e-10 -2.084e-09 -2.349e-08  2.106e-08  1.300e-08 -8.479e-08 
 -2.874e-09  1.933e-09  5.221e-09  1.668e-07  1.300e-08  5.152e-08 -3.448e-07 
  4.485e-08 -1.437e-08 -3.232e-08 -1.236e-06 -8.479e-08 -3.448e-07  2.644e-06 
ERR MATRIX APPROXIMATE
 PARAMETER  CORRELATION COEFFICIENTS  
       NO.  GLOBAL      6      7     14     18     19     20     22
        6  0.25598   1.000 -0.065  0.023 -0.065 -0.060 -0.057  0.125
        7  0.98670  -0.065  1.000  0.093  0.221 -0.135  0.632 -0.655
       14  0.27958   0.023  0.093  1.000  0.093 -0.066  0.106 -0.092
       18  0.98673  -0.065  0.221  0.093  1.000 -0.139  0.631 -0.653
       19  0.98428  -0.060 -0.135 -0.066 -0.139  1.000  0.395 -0.359
       20  0.98311  -0.057  0.632  0.106  0.631  0.395  1.000 -0.934
       22  0.98748   0.125 -0.655 -0.092 -0.653 -0.359 -0.934  1.000
 ERR MATRIX APPROXIMATE
MINUIT - FIT ONLY 2-CBO
 **********
 **   43 **RES 
 **********
                   PARAMETER    8  phi_CBO RESTORED TO VARIABLE.
                   PARAMETER    4  phi RESTORED TO VARIABLE.
                   PARAMETER    3  A0 RESTORED TO VARIABLE.
                   PARAMETER    1  N0 RESTORED TO VARIABLE.
 **********
 **   44 **FIX            0
 **********
 PARAMETER    0  IS UNDEFINED. IGNORED.
 **********
 **   45 **FIX            1
 **********
 **********
 **   46 **FIX            2
 **********
 PARAMETER    2  IS CONSTANT.   IGNORED.
 **********
 **   47 **FIX            3
 **********
 **********
 **   48 **FIX            4
 **********
 **********
 **   49 **FIX            5
 **********
 PARAMETER    5  IS CONSTANT.   IGNORED.
 **********
 **   50 **FIX            6
 **********
 **********
 **   51 **FIX            7
 **********
 **********
 **   52 **FIX           10
 **********
 PARAMETER   10  IS CONSTANT.   IGNORED.
 **********
 **   53 **FIX           11
 **********
 PARAMETER   11  IS CONSTANT.   IGNORED.
 **********
 **   54 **FIX           12
 **********
 PARAMETER   12  IS CONSTANT.   IGNORED.
 **********
 **   55 **FIX           13
 **********
 PARAMETER   13  IS CONSTANT.   IGNORED.
 **********
 **   56 **FIX           14
 **********
 **********
 **   57 **FIX           15
 **********
 PARAMETER   15  IS CONSTANT.   IGNORED.
 **********
 **   58 **FIX           16
 **********
 PARAMETER   16  IS CONSTANT.   IGNORED.
 **********
 **   59 **MIGRAD
 **********
 START MIGRAD MINIMIZATION.  STRATEGY  1.  CONVERGENCE WHEN EDM .LT. 1.00e-04
 FCN=488.826 FROM MIGRAD    STATUS=INITIATE       12 CALLS        2552 TOTAL
                     EDM= unknown      STRATEGY= 1      NO ERROR MATRIX       
  EXT PARAMETER               CURRENT GUESS       STEP         FIRST   
  NO.   NAME      VALUE            ERROR          SIZE      DERIVATIVE 
   1  N0           2.91183e+06     fixed    
   2  tau          6.44069e+01   constant   
   3  A0           3.52119e-01     fixed    
   4  phi          4.11565e+00     fixed    
   5  R           -6.11570e+01   constant   
   6  A_CBO       -3.31162e-04     fixed    
   7  w_CBO        2.32628e+00     fixed    
   8  phi_CBO      2.42541e+00   3.23553e-01   3.23553e-01   6.86569e-01
   9  ANx2         8.59960e-04   constant   
  10  pNx2         1.29548e+00   constant   
  11  ANy1         0.00000e+00   constant   
  12  pNy1         0.00000e+00   constant   
  13  w_y          0.00000e+00   constant   
  14  ANy2         2.93933e-05     fixed    
  15  pNy2         3.07836e+00   constant   
  16  w_vw         1.43006e+01   constant   
  17  LM           1.55944e-04   constant   
  18  wCBO_expCoeff   2.00004e+02   1.16453e-03  -8.09370e-06   7.14588e+01
  19  wCBO_expOffset   2.00001e+02   1.45118e-04   2.86839e-06  -1.64615e+03
  20  wCBO_expT    3.00023e+01   2.26991e-04   1.10222e-06  -1.50491e+02
  21  wCBO_linCoeff   0.00000e+00   constant   
  22  wCBO_const  -2.81414e-02   1.62604e-03  -4.12866e-06  -9.52054e+00
 MIGRAD FAILS TO FIND IMPROVEMENT
 FCN=488.762 FROM HESSE     STATUS=NOT POSDEF     35 CALLS        2975 TOTAL
                     EDM=0.00308351    STRATEGY= 1      ERR MATRIX NOT POS-DEF
  EXT PARAMETER                APPROXIMATE        STEP         FIRST   
  NO.   NAME      VALUE            ERROR          SIZE      DERIVATIVE 
   1  N0           2.91183e+06     fixed    
   2  tau          6.44069e+01   constant   
   3  A0           3.52119e-01     fixed    
   4  phi          4.11565e+00     fixed    
   5  R           -6.11570e+01   constant   
   6  A_CBO       -3.31162e-04     fixed    
   7  w_CBO        2.32628e+00     fixed    
   8  phi_CBO      2.18999e+00   9.81818e-01   7.25147e-03   2.31765e-04
   9  ANx2         8.59960e-04   constant   
  10  pNx2         1.29548e+00   constant   
  11  ANy1         0.00000e+00   constant   
  12  pNy1         0.00000e+00   constant   
  13  w_y          0.00000e+00   constant   
  14  ANy2         2.93933e-05     fixed    
  15  pNy2         3.07836e+00   constant   
  16  w_vw         1.43006e+01   constant   
  17  LM           1.55944e-04   constant   
  18  wCBO_expCoeff   2.00004e+02   2.91075e-03   9.53692e-05   7.13568e+01
  19  wCBO_expOffset   2.00001e+02   9.90514e-05   9.53681e-05   4.72695e+02
  20  wCBO_expT    3.00024e+01   4.17664e-04   1.43063e-05   4.27501e+02
  21  wCBO_linCoeff   0.00000e+00   constant   
  22  wCBO_const  -2.84098e-02   2.86669e-03   3.26847e-06   1.12579e+02
 MIGRAD FAILS TO FIND IMPROVEMENT
 MIGRAD TERMINATED WITHOUT CONVERGENCE.
 FCN=488.76 FROM MIGRAD    STATUS=FAILED        471 CALLS        3011 TOTAL
                     EDM=0.000381748    STRATEGY= 1      ERR MATRIX NOT POS-DEF
  EXT PARAMETER                APPROXIMATE        STEP         FIRST   
  NO.   NAME      VALUE            ERROR          SIZE      DERIVATIVE 
   1  N0           2.91183e+06     fixed    
   2  tau          6.44069e+01   constant   
   3  A0           3.52119e-01     fixed    
   4  phi          4.11565e+00     fixed    
   5  R           -6.11570e+01   constant   
   6  A_CBO       -3.31162e-04     fixed    
   7  w_CBO        2.32628e+00     fixed    
   8  phi_CBO      2.21604e+00   8.64457e-01  -0.00000e+00   1.15978e-02
   9  ANx2         8.59960e-04   constant   
  10  pNx2         1.29548e+00   constant   
  11  ANy1         0.00000e+00   constant   
  12  pNy1         0.00000e+00   constant   
  13  w_y          0.00000e+00   constant   
  14  ANy2         2.93933e-05     fixed    
  15  pNy2         3.07836e+00   constant   
  16  w_vw         1.43006e+01   constant   
  17  LM           1.55944e-04   constant   
  18  wCBO_expCoeff   2.00004e+02   2.40620e-03   0.00000e+00  -2.21700e+01
  19  wCBO_expOffset   2.00001e+02   7.77773e-05   0.00000e+00  -7.31989e+02
  20  wCBO_expT    3.00024e+01   3.30323e-04   0.00000e+00   8.92951e+01
  21  wCBO_linCoeff   0.00000e+00   constant   
  22  wCBO_const  -2.83148e-02   2.27019e-03  -0.00000e+00  -2.17021e+01
 EXTERNAL ERROR MATRIX.    NDIM=  25    NPAR=  5    ERR DEF=1
  7.473e-01 -1.107e-03 -1.190e-05 -1.648e-04  1.024e-03 
 -1.107e-03  5.790e-06  6.205e-08  7.865e-07 -5.282e-06 
 -1.190e-05  6.205e-08  6.049e-09  9.091e-09 -9.263e-08 
 -1.648e-04  7.865e-07  9.091e-09  1.091e-07 -7.180e-07 
  1.024e-03 -5.282e-06 -9.263e-08 -7.180e-07  5.154e-06 
ERR MATRIX NOT POS-DEF
 PARAMETER  CORRELATION COEFFICIENTS  
       NO.  GLOBAL      8     18     19     20     22
        8  0.65852   1.000 -0.532 -0.177 -0.577  0.522
       18  0.99657  -0.532  1.000  0.332  0.990 -0.967
       19  0.88768  -0.177  0.332  1.000  0.354 -0.525
       20  0.99259  -0.577  0.990  0.354  1.000 -0.957
       22  0.99189   0.522 -0.967 -0.525 -0.957  1.000
 ERR MATRIX NOT POS-DEF
MINUIT - FIT ONLY 1-y
 **********
 **   60 **RES 
 **********
                   PARAMETER   14  ANy2 RESTORED TO VARIABLE.
                   PARAMETER    7  w_CBO RESTORED TO VARIABLE.
                   PARAMETER    6  A_CBO RESTORED TO VARIABLE.
                   PARAMETER    4  phi RESTORED TO VARIABLE.
                   PARAMETER    3  A0 RESTORED TO VARIABLE.
                   PARAMETER    1  N0 RESTORED TO VARIABLE.
 **********
 **   61 **FIX            0
 **********
 PARAMETER    0  IS UNDEFINED. IGNORED.
 **********
 **   62 **FIX            1
 **********
 **********
 **   63 **FIX            2
 **********
 PARAMETER    2  IS CONSTANT.   IGNORED.
 **********
 **   64 **FIX            3
 **********
 **********
 **   65 **FIX            4
 **********
 **********
 **   66 **FIX            5
 **********
 PARAMETER    5  IS CONSTANT.   IGNORED.
 **********
 **   67 **FIX            6
 **********
 **********
 **   68 **FIX            7
 **********
 **********
 **   69 **FIX            8
 **********
 **********
 **   70 **FIX            9
 **********
 PARAMETER    9  IS CONSTANT.   IGNORED.
 **********
 **   71 **FIX           13
 **********
 PARAMETER   13  IS CONSTANT.   IGNORED.
 **********
 **   72 **FIX           14
 **********
 **********
 **   73 **FIX           15
 **********
 PARAMETER   15  IS CONSTANT.   IGNORED.
 **********
 **   74 **FIX           16
 **********
 PARAMETER   16  IS CONSTANT.   IGNORED.
 **********
 **   75 **MIGRAD
 **********
 START MIGRAD MINIMIZATION.  STRATEGY  1.  CONVERGENCE WHEN EDM .LT. 1.00e-04
 FCN=488.76 FROM MIGRAD    STATUS=INITIATE        8 CALLS        3019 TOTAL
                     EDM= unknown      STRATEGY= 1      NO ERROR MATRIX       
  EXT PARAMETER               CURRENT GUESS       STEP         FIRST   
  NO.   NAME      VALUE            ERROR          SIZE      DERIVATIVE 
   1  N0           2.91183e+06     fixed    
   2  tau          6.44069e+01   constant   
   3  A0           3.52119e-01     fixed    
   4  phi          4.11565e+00     fixed    
   5  R           -6.11570e+01   constant   
   6  A_CBO       -3.31162e-04     fixed    
   7  w_CBO        2.32628e+00     fixed    
   8  phi_CBO      2.21604e+00     fixed    
   9  ANx2         8.59960e-04   constant   
  10  pNx2         1.29548e+00   constant   
  11  ANy1         0.00000e+00   constant   
  12  pNy1         0.00000e+00   constant   
  13  w_y          0.00000e+00   constant   
  14  ANy2         2.93933e-05     fixed    
  15  pNy2         3.07836e+00   constant   
  16  w_vw         1.43006e+01   constant   
  17  LM           1.55944e-04   constant   
  18  wCBO_expCoeff   2.00004e+02   2.40620e-03   0.00000e+00  -2.21700e+01
  19  wCBO_expOffset   2.00001e+02   7.77773e-05   0.00000e+00  -7.31989e+02
  20  wCBO_expT    3.00024e+01   3.30323e-04   0.00000e+00   8.92951e+01
  21  wCBO_linCoeff   0.00000e+00   constant   
  22  wCBO_const  -2.83148e-02   2.27019e-03  -0.00000e+00  -2.17022e+01
 MIGRAD FAILS TO FIND IMPROVEMENT
 COVARIANCE MATRIX CALCULATED SUCCESSFULLY
 FCN=488.76 FROM HESSE     STATUS=OK             29 CALLS        3067 TOTAL
                     EDM=7.12636e-05    STRATEGY= 1      ERROR MATRIX ACCURATE 
  EXT PARAMETER                                   STEP         FIRST   
  NO.   NAME      VALUE            ERROR          SIZE      DERIVATIVE 
   1  N0           2.91183e+06     fixed    
   2  tau          6.44069e+01   constant   
   3  A0           3.52119e-01     fixed    
   4  phi          4.11565e+00     fixed    
   5  R           -6.11570e+01   constant   
   6  A_CBO       -3.31162e-04     fixed    
   7  w_CBO        2.32628e+00     fixed    
   8  phi_CBO      2.21604e+00     fixed    
   9  ANx2         8.59960e-04   constant   
  10  pNx2         1.29548e+00   constant   
  11  ANy1         0.00000e+00   constant   
  12  pNy1         0.00000e+00   constant   
  13  w_y          0.00000e+00   constant   
  14  ANy2         2.93933e-05     fixed    
  15  pNy2         3.07836e+00   constant   
  16  w_vw         1.43006e+01   constant   
  17  LM           1.55944e-04   constant   
  18  wCBO_expCoeff   2.00004e+02   2.78412e-03   9.53691e-05   1.00702e+00
  19  wCBO_expOffset   2.00001e+02   9.50688e-05   9.53681e-05  -2.54727e+02
  20  wCBO_expT    3.00024e+01   3.78226e-04   1.43062e-05  -3.74513e+01
  21  wCBO_linCoeff   0.00000e+00   constant   
  22  wCBO_const  -2.83147e-02   2.73722e-03   3.27444e-06  -8.88199e+00
 MIGRAD FAILS TO FIND IMPROVEMENT
 MIGRAD MINIMIZATION HAS CONVERGED.
 FCN=488.76 FROM MIGRAD    STATUS=CONVERGED      65 CALLS        3076 TOTAL
                     EDM=7.12636e-05    STRATEGY= 1      ERROR MATRIX ACCURATE 
  EXT PARAMETER                                   STEP         FIRST   
  NO.   NAME      VALUE            ERROR          SIZE      DERIVATIVE 
   1  N0           2.91183e+06     fixed    
   2  tau          6.44069e+01   constant   
   3  A0           3.52119e-01     fixed    
   4  phi          4.11565e+00     fixed    
   5  R           -6.11570e+01   constant   
   6  A_CBO       -3.31162e-04     fixed    
   7  w_CBO        2.32628e+00     fixed    
   8  phi_CBO      2.21604e+00     fixed    
   9  ANx2         8.59960e-04   constant   
  10  pNx2         1.29548e+00   constant   
  11  ANy1         0.00000e+00   constant   
  12  pNy1         0.00000e+00   constant   
  13  w_y          0.00000e+00   constant   
  14  ANy2         2.93933e-05     fixed    
  15  pNy2         3.07836e+00   constant   
  16  w_vw         1.43006e+01   constant   
  17  LM           1.55944e-04   constant   
  18  wCBO_expCoeff   2.00004e+02   2.78412e-03   0.00000e+00   1.00702e+00
  19  wCBO_expOffset   2.00001e+02   9.50688e-05   0.00000e+00  -2.54727e+02
  20  wCBO_expT    3.00024e+01   3.78226e-04   0.00000e+00  -3.74513e+01
  21  wCBO_linCoeff   0.00000e+00   constant   
  22  wCBO_const  -2.83147e-02   2.73722e-03  -0.00000e+00  -8.88199e+00
 EXTERNAL ERROR MATRIX.    NDIM=  25    NPAR=  4    ERR DEF=1
  7.751e-06  1.771e-07  1.037e-06 -7.495e-06 
  1.771e-07  9.038e-09  2.622e-08 -1.977e-07 
  1.037e-06  2.622e-08  1.431e-07 -1.009e-06 
 -7.495e-06 -1.977e-07 -1.009e-06  7.492e-06 
 PARAMETER  CORRELATION COEFFICIENTS  
       NO.  GLOBAL     18     19     20     22
       18  0.99643   1.000  0.669  0.984 -0.983
       19  0.92015   0.669  1.000  0.729 -0.760
       20  0.99036   0.984  0.729  1.000 -0.975
       22  0.99385  -0.983 -0.760 -0.975  1.000
MINUIT - FIT ONLY 2-y
 **********
 **   76 **RES 
 **********
                   PARAMETER   14  ANy2 RESTORED TO VARIABLE.
                   PARAMETER    8  phi_CBO RESTORED TO VARIABLE.
                   PARAMETER    7  w_CBO RESTORED TO VARIABLE.
                   PARAMETER    6  A_CBO RESTORED TO VARIABLE.
                   PARAMETER    4  phi RESTORED TO VARIABLE.
