 + ++++++++++++++++++++++++++++++++++++++++++++++++++++++++++++++++++++ +
 +                                                                      +
 +           You have chose to blind your fitting according to          +
 +                omega_ref * (1 + (R +/- deltaR) *10^{-6})             +
 +                                                                      +
 + ++++++++++++++++++++++++++++++++++++++++++++++++++++++++++++++++++++ +
In main()...
reading format from /gm2data/zkhechad/run45/envelope/formats/formatB_sBin_constraintOn.txt
pBinTau 	= 0  
pBinPhi 	= 0  
constraintau 	= 1 
includeMopTerm 	= 0    
constrainMop    = 0   
Parameters after format file: pBinTau 0 pBinPhi 0 constraintau 1 includeMopTerm 0 constrainMop 0 c_e_scale 0.000000 
reading cbo reference file (full fit) from /gm2data/zkhechad/cboTemplates/Run4CBOTemplates/fullFits/run4/sBin_constraintOn_cE0.0_seed0_run4_calo20.root
A_CBO 0.007307 w_CBO 2.326921 phi_CBO 1.268494 N0 3181980.382925 R -61.000535 tau 64.408953 
Reading cboRef file /gm2data/zkhechad/cboTemplates/Run4CBOTemplates//cboIsolate/run4_calo20.root
deltaT 11.640668
windowBins = 120
fitting sliding window 360 from bin 563 at 83.999600 to bin 683 at 101.903600 (120 bins)

Reading data from /gm2data/cornell/histograms/aMethod/histogram_a_run4.root
fitting cbo isolate
 **********
 **    1 **SET PRINTOUT            1
 **********
 **********
 **    2 **SET NOWARNINGS 
 **********
 PARAMETER DEFINITIONS:
    NO.   NAME         VALUE      STEP SIZE      LIMITS
     1 A_CBO        7.30680e-03  1.00000e-05     no limits
     2 w_CBO        2.32692e+00  1.00000e-02    2.00000e+00  3.00000e+00
     3 phi_CBO      1.26849e+00  1.00000e-02    0.00000e+00  6.28319e+00
 **********
 **    3 **MIGRAD
 **********
 FIRST CALL TO USER FUNCTION AT NEW START POINT, WITH IFLAG=4.
 START MIGRAD MINIMIZATION.  STRATEGY  1.  CONVERGENCE WHEN EDM .LT. 1.00e-04
 FCN=0.000538272 FROM MIGRAD    STATUS=INITIATE       10 CALLS          11 TOTAL
                     EDM= unknown      STRATEGY= 1      NO ERROR MATRIX       
  EXT PARAMETER               CURRENT GUESS       STEP         FIRST   
  NO.   NAME      VALUE            ERROR          SIZE      DERIVATIVE 
   1  A_CBO        7.30680e-03   1.00000e-05   1.00000e-05   3.33976e-01
   2  w_CBO        2.32692e+00   1.00000e-02   2.13202e-02  -7.21946e-03
   3  phi_CBO      1.26849e+00   1.00000e-02   3.96494e-03   4.14810e-04
 MIGRAD MINIMIZATION HAS CONVERGED.
 MIGRAD WILL VERIFY CONVERGENCE AND ERROR MATRIX.
 FCN=7.55549e-05 FROM MIGRAD    STATUS=CONVERGED      35 CALLS          36 TOTAL
                     EDM=3.14035e-06    STRATEGY= 1      ERR MATRIX NOT POS-DEF
  EXT PARAMETER                APPROXIMATE        STEP         FIRST   
  NO.   NAME      VALUE            ERROR          SIZE      DERIVATIVE 
   1  A_CBO        4.54793e-03   1.29644e-01   6.26845e-05   2.52772e-04
   2  w_CBO        2.32738e+00   8.26160e-01   2.53455e-04   3.37020e-03
   3  phi_CBO      1.22720e+00   3.71434e+00   3.96494e-03  -1.98135e-04
 EXTERNAL ERROR MATRIX.    NDIM=  25    NPAR=  3    ERR DEF=1
  1.681e-02 -9.899e-02 -9.053e+00 
 -9.899e-02  2.362e+01  2.197e+03 
 -9.053e+00  2.197e+03  2.051e+05 
ERR MATRIX NOT POS-DEF
 PARAMETER  CORRELATION COEFFICIENTS  
       NO.  GLOBAL      1      2      3
        1  0.16235   1.000 -0.157 -0.154
        2  0.99801  -0.157  1.000  0.998
        3  0.99800  -0.154  0.998  1.000
 ERR MATRIX NOT POS-DEF
setting A_CBO=0.004548 w_CBO=2.327378, phi_CBO=1.227196
done fitting cbo isolate
 **********
 **    1 **SET PRINTOUT            1
 **********
 **********
 **    2 **SET NOWARNINGS 
 **********
 PARAMETER DEFINITIONS:
    NO.   NAME         VALUE      STEP SIZE      LIMITS
     1 N0           3.18198e+06  1.00000e+02     no limits
     2 tau          6.44090e+01  constant
     3 A0           3.64685e-01  1.00000e-04     no limits
     4 phi          4.11970e+00  1.00000e-02     no limits
     5 R           -6.10005e+01  constant
     6 A_CBO        4.54793e-03  1.00000e-05     no limits
     7 w_CBO        2.32738e+00  1.00000e-03     no limits
     8 phi_CBO      1.22720e+00  1.00000e-04     no limits
     9 ANx2         1.86992e-04  constant
    10 pNx2         5.81164e+00  constant
    11 ANy1         0.00000e+00  constant
    12 pNy1         0.00000e+00  constant
    13 w_y          0.00000e+00  constant
    14 ANy2         8.35747e-03  1.00000e-04     no limits
    15 pNy2         4.18605e+00  constant
    16 w_vw         1.43216e+01  constant
    17 LM           7.21641e-05  constant
    18 wCBO_expCoeff   2.00000e+02  1.00000e+00     no limits
    19 wCBO_expOffset   2.00000e+02  1.00000e+00     no limits
    20 wCBO_expT    3.00000e+01  1.00000e+00     no limits
    21 wCBO_linCoeff   0.00000e+00  constant
    22 wCBO_const   0.00000e+00  1.00000e-02     no limits
MINUIT - FIT ONLY WIGGLE
 **********
 **    3 **FIX            5
 **********
 PARAMETER    5  IS CONSTANT.   IGNORED.
 **********
 **    4 **FIX            6
 **********
 **********
 **    5 **FIX            7
 **********
 **********
 **    6 **FIX            8
 **********
 **********
 **    7 **FIX            9
 **********
 PARAMETER    9  IS CONSTANT.   IGNORED.
 **********
 **    8 **FIX           10
 **********
 PARAMETER   10  IS CONSTANT.   IGNORED.
 **********
 **    9 **FIX           11
 **********
 PARAMETER   11  IS CONSTANT.   IGNORED.
 **********
 **   10 **FIX           12
 **********
 PARAMETER   12  IS CONSTANT.   IGNORED.
 **********
 **   11 **FIX           13
 **********
 PARAMETER   13  IS CONSTANT.   IGNORED.
 **********
 **   12 **FIX           14
 **********
 **********
 **   13 **FIX           15
 **********
 PARAMETER   15  IS CONSTANT.   IGNORED.
 **********
 **   14 **FIX           16
 **********
 PARAMETER   16  IS CONSTANT.   IGNORED.
 **********
 **   15 **MIGRAD
 **********
 FIRST CALL TO USER FUNCTION AT NEW START POINT, WITH IFLAG=4.
 START MIGRAD MINIMIZATION.  STRATEGY  1.  CONVERGENCE WHEN EDM .LT. 1.00e-04
 FCN=3060.84 FROM MIGRAD    STATUS=INITIATE       57 CALLS          58 TOTAL
                     EDM= unknown      STRATEGY= 1      NO ERROR MATRIX       
  EXT PARAMETER               CURRENT GUESS       STEP         FIRST   
  NO.   NAME      VALUE            ERROR          SIZE      DERIVATIVE 
   1  N0           3.18198e+06   1.00000e+02   0.00000e+00   7.74523e-03
   2  tau          6.44090e+01   constant   
   3  A0           3.64685e-01   1.00000e-04   0.00000e+00   3.88668e+04
   4  phi          4.11970e+00   1.00000e-02   0.00000e+00  -8.73732e+03
   5  R           -6.10005e+01   constant   
   6  A_CBO        4.54793e-03     fixed    
   7  w_CBO        2.32738e+00     fixed    
   8  phi_CBO      1.22720e+00     fixed    
   9  ANx2         1.86992e-04   constant   
  10  pNx2         5.81164e+00   constant   
  11  ANy1         0.00000e+00   constant   
  12  pNy1         0.00000e+00   constant   
  13  w_y          0.00000e+00   constant   
  14  ANy2         8.35747e-03     fixed    
  15  pNy2         4.18605e+00   constant   
  16  w_vw         1.43216e+01   constant   
  17  LM           7.21641e-05   constant   
  18  wCBO_expCoeff   2.00000e+02   1.00000e+00   3.59752e-04  -3.36591e+04
  19  wCBO_expOffset   2.00000e+02   1.00000e+00   0.00000e+00  -1.14156e+06
  20  wCBO_expT    3.00000e+01   1.00000e+00   0.00000e+00  -7.80311e+06
  21  wCBO_linCoeff   0.00000e+00   constant   
  22  wCBO_const   0.00000e+00   1.00000e-02   0.00000e+00  -2.75389e+03
 MIGRAD FAILS TO FIND IMPROVEMENT
 COVARIANCE MATRIX CALCULATED SUCCESSFULLY
 FCN=3057.57 FROM HESSE     STATUS=OK             52 CALLS         138 TOTAL
                     EDM=91.9883    STRATEGY= 1      ERROR MATRIX ACCURATE 
  EXT PARAMETER                                   STEP         FIRST   
  NO.   NAME      VALUE            ERROR          SIZE      DERIVATIVE 
   1  N0           3.18190e+06   3.97848e+02   1.06143e+01   6.22233e-03
   2  tau          6.44090e+01   constant   
   3  A0           3.64613e-01   1.90837e-04   4.42264e-06   2.72278e+04
   4  phi          4.11983e+00   5.13661e-04   1.26716e-05  -9.12775e+03
   5  R           -6.10005e+01   constant   
   6  A_CBO        4.54793e-03     fixed    
   7  w_CBO        2.32738e+00     fixed    
   8  phi_CBO      1.22720e+00     fixed    
   9  ANx2         1.86992e-04   constant   
  10  pNx2         5.81164e+00   constant   
  11  ANy1         0.00000e+00   constant   
  12  pNy1         0.00000e+00   constant   
  13  w_y          0.00000e+00   constant   
  14  ANy2         8.35747e-03     fixed    
  15  pNy2         4.18605e+00   constant   
  16  w_vw         1.43216e+01   constant   
  17  LM           7.21641e-05   constant   
  18  wCBO_expCoeff   2.00000e+02   1.50380e-05   9.53676e-05   2.96554e+05
  19  wCBO_expOffset   2.00000e+02   7.60937e-06   9.53674e-05   1.98823e+06
  20  wCBO_expT    3.00000e+01   9.22480e-07   1.43051e-05  -8.03957e+06
  21  wCBO_linCoeff   0.00000e+00   constant   
  22  wCBO_const   1.49964e-05   4.99610e-04   7.62791e-06   9.81574e+03
 MIGRAD FAILS TO FIND IMPROVEMENT
 MIGRAD TERMINATED WITHOUT CONVERGENCE.
 FCN=3055.5 FROM MIGRAD    STATUS=FAILED        183 CALLS         184 TOTAL
                     EDM=26.4628    STRATEGY= 1  ERROR MATRIX UNCERTAINTY   1.7 per cent
  EXT PARAMETER                APPROXIMATE        STEP         FIRST   
  NO.   NAME      VALUE            ERROR          SIZE      DERIVATIVE 
   1  N0           3.18185e+06   4.11903e+02  -0.00000e+00   6.33861e-03
   2  tau          6.44090e+01   constant   
   3  A0           3.64556e-01   2.45452e-04  -0.00000e+00   3.14735e+04
   4  phi          4.11986e+00   5.06913e-04   0.00000e+00  -6.77103e+03
   5  R           -6.10005e+01   constant   
   6  A_CBO        4.54793e-03     fixed    
   7  w_CBO        2.32738e+00     fixed    
   8  phi_CBO      1.22720e+00     fixed    
   9  ANx2         1.86992e-04   constant   
  10  pNx2         5.81164e+00   constant   
  11  ANy1         0.00000e+00   constant   
  12  pNy1         0.00000e+00   constant   
  13  w_y          0.00000e+00   constant   
  14  ANy2         8.35747e-03     fixed    
  15  pNy2         4.18605e+00   constant   
  16  w_vw         1.43216e+01   constant   
  17  LM           7.21641e-05   constant   
  18  wCBO_expCoeff   2.00000e+02   1.39945e-05   0.00000e+00  -9.50903e+04
  19  wCBO_expOffset   2.00000e+02   8.99129e-07   0.00000e+00  -1.15339e+06
  20  wCBO_expT    3.00000e+01   1.24858e-06   0.00000e+00  -8.28190e+06
  21  wCBO_linCoeff   0.00000e+00   constant   
  22  wCBO_const  -5.50709e-05   4.58060e-04  -0.00000e+00  -5.05491e+03
 EXTERNAL ERROR MATRIX.    NDIM=  25    NPAR=  7    ERR DEF=1
  1.697e+05  2.099e-02  3.114e-03  4.900e-06  1.524e-05 -8.692e-05  1.094e-02 
  2.099e-02  6.025e-08  8.268e-09 -9.062e-10  1.403e-11 -2.069e-10  4.911e-08 
  3.114e-03  8.268e-09  2.570e-07 -7.174e-10 -1.657e-11 -1.026e-10  6.367e-08 
  4.900e-06 -9.062e-10 -7.174e-10  1.958e-10  1.742e-12  8.031e-12 -6.051e-09 
  1.524e-05  1.403e-11 -1.657e-11  1.742e-12  8.084e-13  1.330e-13 -6.505e-11 
 -8.692e-05 -2.069e-10 -1.026e-10  8.031e-12  1.330e-13  1.559e-12 -3.769e-10 
  1.094e-02  4.911e-08  6.367e-08 -6.051e-09 -6.505e-11 -3.769e-10  2.098e-07 
ERR MATRIX APPROXIMATE
 PARAMETER  CORRELATION COEFFICIENTS  
       NO.  GLOBAL      1      3      4     18     19     20     22
        1  0.23262   1.000  0.208  0.015  0.001  0.041 -0.169  0.058
        3  0.73804   0.208  1.000  0.066 -0.264  0.064 -0.675  0.437
        4  0.73788   0.015  0.066  1.000 -0.101 -0.036 -0.162  0.274
       18  0.98524   0.001 -0.264 -0.101  1.000  0.138  0.460 -0.944
       19  0.27720   0.041  0.064 -0.036  0.138  1.000  0.118 -0.158
       20  0.88239  -0.169 -0.675 -0.162  0.460  0.118  1.000 -0.659
       22  0.98995   0.058  0.437  0.274 -0.944 -0.158 -0.659  1.000
 ERR MATRIX APPROXIMATE
MINUIT - FIT ONLY 1-CBO + other amplitudes 
 **********
 **   16 **RES 
 **********
                   PARAMETER   14  ANy2 RESTORED TO VARIABLE.
                   PARAMETER    8  phi_CBO RESTORED TO VARIABLE.
                   PARAMETER    7  w_CBO RESTORED TO VARIABLE.
                   PARAMETER    6  A_CBO RESTORED TO VARIABLE.
 **********
 **   17 **FIX            0
 **********
 PARAMETER    0  IS UNDEFINED. IGNORED.
 **********
 **   18 **FIX            1
 **********
 **********
 **   19 **FIX            2
 **********
 PARAMETER    2  IS CONSTANT.   IGNORED.
 **********
 **   20 **FIX            3
 **********
 **********
 **   21 **FIX            4
 **********
 **********
 **   22 **FIX            9
 **********
 PARAMETER    9  IS CONSTANT.   IGNORED.
 **********
 **   23 **FIX           11
 **********
 PARAMETER   11  IS CONSTANT.   IGNORED.
 **********
 **   24 **FIX           12
 **********
 PARAMETER   12  IS CONSTANT.   IGNORED.
 **********
 **   25 **FIX           14
 **********
 **********
 **   26 **FIX           15
 **********
 PARAMETER   15  IS CONSTANT.   IGNORED.
 **********
 **   27 **FIX           16
 **********
 PARAMETER   16  IS CONSTANT.   IGNORED.
 **********
 **   28 **MIGRAD
 **********
 START MIGRAD MINIMIZATION.  STRATEGY  1.  CONVERGENCE WHEN EDM .LT. 1.00e-04
 FCN=3055.5 FROM MIGRAD    STATUS=INITIATE       22 CALLS         206 TOTAL
                     EDM= unknown      STRATEGY= 1      NO ERROR MATRIX       
  EXT PARAMETER               CURRENT GUESS       STEP         FIRST   
  NO.   NAME      VALUE            ERROR          SIZE      DERIVATIVE 
   1  N0           3.18185e+06     fixed    
   2  tau          6.44090e+01   constant   
   3  A0           3.64556e-01     fixed    
   4  phi          4.11986e+00     fixed    
   5  R           -6.10005e+01   constant   
   6  A_CBO        4.54793e-03   1.00000e-05   1.00000e-05   2.25966e+05
   7  w_CBO        2.32738e+00   1.00000e-03   1.00000e-03  -8.16724e+06
   8  phi_CBO      1.22720e+00   1.00000e-04   1.00000e-04   3.93047e+01
   9  ANx2         1.86992e-04   constant   
  10  pNx2         5.81164e+00   constant   
  11  ANy1         0.00000e+00   constant   
  12  pNy1         0.00000e+00   constant   
  13  w_y          0.00000e+00   constant   
  14  ANy2         8.35747e-03     fixed    
  15  pNy2         4.18605e+00   constant   
  16  w_vw         1.43216e+01   constant   
  17  LM           7.21641e-05   constant   
  18  wCBO_expCoeff   2.00000e+02   1.39945e-05   0.00000e+00  -9.50903e+04
  19  wCBO_expOffset   2.00000e+02   8.99129e-07   0.00000e+00  -1.15339e+06
  20  wCBO_expT    3.00000e+01   1.24858e-06   0.00000e+00  -8.28190e+06
  21  wCBO_linCoeff   0.00000e+00   constant   
  22  wCBO_const  -5.50709e-05   4.58060e-04  -0.00000e+00  -5.05491e+03
 MIGRAD FAILS TO FIND IMPROVEMENT
 FCN=2609.75 FROM HESSE     STATUS=NOT POSDEF     58 CALLS         428 TOTAL
                     EDM=207.263    STRATEGY= 1      ERR MATRIX NOT POS-DEF
  EXT PARAMETER                APPROXIMATE        STEP         FIRST   
  NO.   NAME      VALUE            ERROR          SIZE      DERIVATIVE 
   1  N0           3.18185e+06     fixed    
   2  tau          6.44090e+01   constant   
   3  A0           3.64556e-01     fixed    
   4  phi          4.11986e+00     fixed    
   5  R           -6.10005e+01   constant   
   6  A_CBO        5.80034e-04   1.65650e-03   4.31080e-06  -6.68868e+03
   7  w_CBO        2.32737e+00   1.44552e-06   1.10978e-06   4.52796e+06
   8  phi_CBO      1.68674e+00   1.26568e+00   7.27470e-03   6.41163e+00
   9  ANx2         1.86992e-04   constant   
  10  pNx2         5.81164e+00   constant   
  11  ANy1         0.00000e+00   constant   
  12  pNy1         0.00000e+00   constant   
  13  w_y          0.00000e+00   constant   
  14  ANy2         8.35747e-03     fixed    
  15  pNy2         4.18605e+00   constant   
  16  w_vw         1.43216e+01   constant   
  17  LM           7.21641e-05   constant   
  18  wCBO_expCoeff   2.00000e+02   1.24229e-04   9.53675e-05   5.26878e+04
  19  wCBO_expOffset   2.00000e+02   1.28864e-04   9.53675e-05  -1.18856e+05
  20  wCBO_expT    3.00000e+01   1.77643e-05   1.43051e-05   7.33664e+05
  21  wCBO_linCoeff   0.00000e+00   constant   
  22  wCBO_const  -1.16064e-02   1.62193e-03   1.60181e-05   7.32133e+02
 MIGRAD FAILS TO FIND IMPROVEMENT
 MIGRAD TERMINATED WITHOUT CONVERGENCE.
 FCN=2608.79 FROM MIGRAD    STATUS=FAILED        289 CALLS         473 TOTAL
                     EDM=14.2334    STRATEGY= 1      ERR MATRIX NOT POS-DEF
  EXT PARAMETER                APPROXIMATE        STEP         FIRST   
  NO.   NAME      VALUE            ERROR          SIZE      DERIVATIVE 
   1  N0           3.18185e+06     fixed    
   2  tau          6.44090e+01   constant   
   3  A0           3.64556e-01     fixed    
   4  phi          4.11986e+00     fixed    
   5  R           -6.10005e+01   constant   
   6  A_CBO        6.34912e-04   1.51748e-04   0.00000e+00  -4.14546e+03
   7  w_CBO        2.32737e+00   1.58732e-07   0.00000e+00   2.18636e+06
   8  phi_CBO      1.57978e+00   2.99244e-01  -0.00000e+00   4.51126e+00
   9  ANx2         1.86992e-04   constant   
  10  pNx2         5.81164e+00   constant   
  11  ANy1         0.00000e+00   constant   
  12  pNy1         0.00000e+00   constant   
  13  w_y          0.00000e+00   constant   
  14  ANy2         8.35747e-03     fixed    
  15  pNy2         4.18605e+00   constant   
  16  w_vw         1.43216e+01   constant   
  17  LM           7.21641e-05   constant   
  18  wCBO_expCoeff   2.00000e+02   1.36424e-05   0.00000e+00   2.54479e+04
  19  wCBO_expOffset   2.00000e+02   1.55045e-05   0.00000e+00  -1.01546e+05
  20  wCBO_expT    3.00000e+01   1.18857e-06   0.00000e+00   2.23776e+04
  21  wCBO_linCoeff   0.00000e+00   constant   
  22  wCBO_const  -1.15471e-02   5.33397e-04  -0.00000e+00   9.46471e+02
 EXTERNAL ERROR MATRIX.    NDIM=  25    NPAR=  7    ERR DEF=1
  2.303e-08 -1.978e-12 -1.237e-05 -1.701e-10 -6.365e-10 -4.394e-11 -2.777e-09 
 -1.978e-12  2.520e-14  9.671e-09  1.116e-13  8.300e-13 -3.738e-14 -3.178e-11 
 -1.237e-05  9.671e-09  8.955e-02  8.312e-07 -3.833e-07 -3.033e-08  2.700e-05 
 -1.701e-10  1.116e-13  8.312e-07  1.861e-10  7.134e-11 -3.212e-12 -2.732e-09 
 -6.365e-10  8.300e-13 -3.833e-07  7.134e-11  2.404e-10  2.623e-12  1.650e-09 
 -4.394e-11 -3.738e-14 -3.033e-08 -3.212e-12  2.623e-12  1.413e-12  9.384e-11 
 -2.777e-09 -3.178e-11  2.700e-05 -2.732e-09  1.650e-09  9.384e-11  2.845e-07 
ERR MATRIX NOT POS-DEF
 PARAMETER  CORRELATION COEFFICIENTS  
       NO.  GLOBAL      6      7      8     18     19     20     22
        6  0.55176   1.000 -0.082 -0.272 -0.082 -0.271 -0.244 -0.034
        7  0.87170  -0.082  1.000  0.204  0.052  0.337 -0.198 -0.375
        8  0.81411  -0.272  0.204  1.000  0.204 -0.083 -0.085  0.169
       18  0.87172  -0.082  0.052  0.204  1.000  0.337 -0.198 -0.375
       19  0.89534  -0.271  0.337 -0.083  0.337  1.000  0.142  0.199
       20  0.54319  -0.244 -0.198 -0.085 -0.198  0.142  1.000  0.148
       22  0.89317  -0.034 -0.375  0.169 -0.375  0.199  0.148  1.000
 ERR MATRIX NOT POS-DEF
MINUIT - FIT ONLY 1-CBO
 **********
 **   29 **RES 
 **********
                   PARAMETER   14  ANy2 RESTORED TO VARIABLE.
                   PARAMETER    4  phi RESTORED TO VARIABLE.
                   PARAMETER    3  A0 RESTORED TO VARIABLE.
                   PARAMETER    1  N0 RESTORED TO VARIABLE.
 **********
 **   30 **FIX            0
 **********
 PARAMETER    0  IS UNDEFINED. IGNORED.
 **********
 **   31 **FIX            1
 **********
 **********
 **   32 **FIX            2
 **********
 PARAMETER    2  IS CONSTANT.   IGNORED.
 **********
 **   33 **FIX            3
 **********
 **********
 **   34 **FIX            4
 **********
 **********
 **   35 **FIX            8
 **********
 **********
 **   36 **FIX            9
 **********
 PARAMETER    9  IS CONSTANT.   IGNORED.
 **********
 **   37 **FIX           11
 **********
 PARAMETER   11  IS CONSTANT.   IGNORED.
 **********
 **   38 **FIX           12
 **********
 PARAMETER   12  IS CONSTANT.   IGNORED.
 **********
 **   39 **FIX           13
 **********
 PARAMETER   13  IS CONSTANT.   IGNORED.
 **********
 **   40 **FIX           15
 **********
 PARAMETER   15  IS CONSTANT.   IGNORED.
 **********
 **   41 **FIX           16
 **********
 PARAMETER   16  IS CONSTANT.   IGNORED.
 **********
 **   42 **MIGRAD
 **********
 START MIGRAD MINIMIZATION.  STRATEGY  1.  CONVERGENCE WHEN EDM .LT. 1.00e-04
 FCN=2608.79 FROM MIGRAD    STATUS=INITIATE       16 CALLS         489 TOTAL
                     EDM= unknown      STRATEGY= 1      NO ERROR MATRIX       
  EXT PARAMETER               CURRENT GUESS       STEP         FIRST   
  NO.   NAME      VALUE            ERROR          SIZE      DERIVATIVE 
   1  N0           3.18185e+06     fixed    
   2  tau          6.44090e+01   constant   
   3  A0           3.64556e-01     fixed    
   4  phi          4.11986e+00     fixed    
   5  R           -6.10005e+01   constant   
   6  A_CBO        6.34912e-04   1.51748e-04   0.00000e+00  -4.14546e+03
   7  w_CBO        2.32737e+00   1.58732e-07   0.00000e+00   2.18636e+06
   8  phi_CBO      1.57978e+00     fixed    
   9  ANx2         1.86992e-04   constant   
  10  pNx2         5.81164e+00   constant   
  11  ANy1         0.00000e+00   constant   
  12  pNy1         0.00000e+00   constant   
  13  w_y          0.00000e+00   constant   
  14  ANy2         8.35747e-03   1.00000e-04   1.00000e-04   4.93857e+05
  15  pNy2         4.18605e+00   constant   
  16  w_vw         1.43216e+01   constant   
  17  LM           7.21641e-05   constant   
  18  wCBO_expCoeff   2.00000e+02   1.36424e-05   0.00000e+00   2.54479e+04
  19  wCBO_expOffset   2.00000e+02   1.55045e-05   0.00000e+00  -1.01546e+05
  20  wCBO_expT    3.00000e+01   1.18857e-06   0.00000e+00   2.23776e+04
  21  wCBO_linCoeff   0.00000e+00   constant   
  22  wCBO_const  -1.15471e-02   5.33397e-04  -0.00000e+00   9.46471e+02
 MIGRAD FAILS TO FIND IMPROVEMENT
 FCN=752.871 FROM HESSE     STATUS=NOT POSDEF     58 CALLS         575 TOTAL
                     EDM=10590    STRATEGY= 1      ERR MATRIX NOT POS-DEF
  EXT PARAMETER                APPROXIMATE        STEP         FIRST   
  NO.   NAME      VALUE            ERROR          SIZE      DERIVATIVE 
   1  N0           3.18185e+06     fixed    
   2  tau          6.44090e+01   constant   
   3  A0           3.64556e-01     fixed    
   4  phi          4.11986e+00     fixed    
   5  R           -6.10005e+01   constant   
   6  A_CBO        6.97757e-04   1.24893e-03   2.33443e-06   2.57712e+04
   7  w_CBO        2.32737e+00   3.70334e-06   1.10978e-06   2.21156e+07
   8  phi_CBO      1.57978e+00     fixed    
   9  ANx2         1.86992e-04   constant   
  10  pNx2         5.81164e+00   constant   
  11  ANy1         0.00000e+00   constant   
  12  pNy1         0.00000e+00   constant   
  13  w_y          0.00000e+00   constant   
  14  ANy2         7.91576e-04   1.77673e-04   2.34673e-06   1.26573e+03
  15  pNy2         4.18605e+00   constant   
  16  w_vw         1.43216e+01   constant   
  17  LM           7.21641e-05   constant   
  18  wCBO_expCoeff   2.00000e+02   3.18275e-04   9.53675e-05   2.57324e+05
  19  wCBO_expOffset   2.00000e+02   4.21261e-05   9.53675e-05   1.48685e+06
  20  wCBO_expT    3.00000e+01   2.22758e-05   1.43051e-05  -2.03267e+06
  21  wCBO_linCoeff   0.00000e+00   constant   
  22  wCBO_const  -1.17336e-02   9.17248e-03   1.81013e-05   6.52844e+03
 MIGRAD FAILS TO FIND IMPROVEMENT
 MIGRAD TERMINATED WITHOUT CONVERGENCE.
 FCN=742.221 FROM MIGRAD    STATUS=FAILED        150 CALLS         623 TOTAL
                     EDM=783.229    STRATEGY= 1      ERR MATRIX NOT POS-DEF
  EXT PARAMETER                APPROXIMATE        STEP         FIRST   
  NO.   NAME      VALUE            ERROR          SIZE      DERIVATIVE 
   1  N0           3.18185e+06     fixed    
   2  tau          6.44090e+01   constant   
   3  A0           3.64556e-01     fixed    
   4  phi          4.11986e+00     fixed    
   5  R           -6.10005e+01   constant   
   6  A_CBO        7.17579e-04   1.00000e+00  -0.00000e+00   1.49040e+04
   7  w_CBO        2.32737e+00   1.00000e+00   0.00000e+00  -3.38974e+06
   8  phi_CBO      1.57978e+00     fixed    
   9  ANx2         1.86992e-04   constant   
  10  pNx2         5.81164e+00   constant   
  11  ANy1         0.00000e+00   constant   
  12  pNy1         0.00000e+00   constant   
  13  w_y          0.00000e+00   constant   
  14  ANy2         7.97884e-04   1.00000e+00  -0.00000e+00   6.06931e+02
  15  pNy2         4.18605e+00   constant   
  16  w_vw         1.43216e+01   constant   
  17  LM           7.21641e-05   constant   
  18  wCBO_expCoeff   2.00000e+02   1.00000e+00   0.00000e+00  -3.94510e+04
  19  wCBO_expOffset   2.00000e+02   1.00000e+00   0.00000e+00  -3.63388e+04
  20  wCBO_expT    3.00000e+01   1.00000e+00   0.00000e+00  -3.53689e+05
  21  wCBO_linCoeff   0.00000e+00   constant   
  22  wCBO_const  -1.24975e-02   1.00000e+00   0.00000e+00  -1.88074e+03
 EXTERNAL ERROR MATRIX.    NDIM=  25    NPAR=  7    ERR DEF=1
  1.000e+00  1.858e-11 -1.374e-09  1.597e-09 -3.213e-10  2.201e-10  5.584e-08 
  1.858e-11  1.000e+00  1.721e-12 -3.149e-12  4.745e-13 -2.726e-13 -1.448e-10 
 -1.374e-09  1.721e-12  1.000e+00  1.479e-10 -3.451e-11  1.573e-11  4.793e-09 
  1.597e-09 -3.149e-12  1.479e-10  1.000e+00  4.078e-11 -2.343e-11 -1.244e-08 
 -3.213e-10  4.745e-13 -3.451e-11  4.078e-11  1.000e+00  6.482e-12  1.970e-09 
  2.201e-10 -2.726e-13  1.573e-11 -2.343e-11  6.482e-12  1.000e+00 -7.736e-10 
  5.584e-08 -1.448e-10  4.793e-09 -1.244e-08  1.970e-09 -7.736e-10  1.000e+00 
ERR MATRIX NOT POS-DEF
 PARAMETER  CORRELATION COEFFICIENTS  
       NO.  GLOBAL      6      7     14     18     19     20     22
        6  0.00000   1.000  0.000 -0.000  0.000 -0.000  0.000  0.000
        7  0.00000   0.000  1.000  0.000 -0.000  0.000 -0.000 -0.000
       14  0.00000  -0.000  0.000  1.000  0.000 -0.000  0.000  0.000
       18  0.00000   0.000 -0.000  0.000  1.000  0.000 -0.000 -0.000
       19  0.00000  -0.000  0.000 -0.000  0.000  1.000  0.000  0.000
       20  0.00000   0.000 -0.000  0.000 -0.000  0.000  1.000 -0.000
       22  0.00000   0.000 -0.000  0.000 -0.000  0.000 -0.000  1.000
 ERR MATRIX NOT POS-DEF
MINUIT - FIT ONLY 2-CBO
 **********
 **   43 **RES 
 **********
                   PARAMETER    8  phi_CBO RESTORED TO VARIABLE.
                   PARAMETER    4  phi RESTORED TO VARIABLE.
                   PARAMETER    3  A0 RESTORED TO VARIABLE.
                   PARAMETER    1  N0 RESTORED TO VARIABLE.
 **********
 **   44 **FIX            0
 **********
 PARAMETER    0  IS UNDEFINED. IGNORED.
 **********
 **   45 **FIX            1
 **********
 **********
 **   46 **FIX            2
 **********
 PARAMETER    2  IS CONSTANT.   IGNORED.
 **********
 **   47 **FIX            3
 **********
 **********
 **   48 **FIX            4
 **********
 **********
 **   49 **FIX            5
 **********
 PARAMETER    5  IS CONSTANT.   IGNORED.
 **********
 **   50 **FIX            6
 **********
 **********
 **   51 **FIX            7
 **********
 **********
 **   52 **FIX           10
 **********
 PARAMETER   10  IS CONSTANT.   IGNORED.
 **********
 **   53 **FIX           11
 **********
 PARAMETER   11  IS CONSTANT.   IGNORED.
 **********
 **   54 **FIX           12
 **********
 PARAMETER   12  IS CONSTANT.   IGNORED.
 **********
 **   55 **FIX           13
 **********
 PARAMETER   13  IS CONSTANT.   IGNORED.
 **********
 **   56 **FIX           14
 **********
 **********
 **   57 **FIX           15
 **********
 PARAMETER   15  IS CONSTANT.   IGNORED.
 **********
 **   58 **FIX           16
 **********
 PARAMETER   16  IS CONSTANT.   IGNORED.
 **********
 **   59 **MIGRAD
 **********
 START MIGRAD MINIMIZATION.  STRATEGY  1.  CONVERGENCE WHEN EDM .LT. 1.00e-04
 FCN=742.221 FROM MIGRAD    STATUS=INITIATE       10 CALLS         633 TOTAL
                     EDM= unknown      STRATEGY= 1      NO ERROR MATRIX       
  EXT PARAMETER               CURRENT GUESS       STEP         FIRST   
  NO.   NAME      VALUE            ERROR          SIZE      DERIVATIVE 
   1  N0           3.18185e+06     fixed    
   2  tau          6.44090e+01   constant   
   3  A0           3.64556e-01     fixed    
   4  phi          4.11986e+00     fixed    
   5  R           -6.10005e+01   constant   
   6  A_CBO        7.17579e-04     fixed    
   7  w_CBO        2.32737e+00     fixed    
   8  phi_CBO      1.57978e+00   2.99244e-01   2.99244e-01  -9.81179e-01
   9  ANx2         1.86992e-04   constant   
  10  pNx2         5.81164e+00   constant   
  11  ANy1         0.00000e+00   constant   
  12  pNy1         0.00000e+00   constant   
  13  w_y          0.00000e+00   constant   
  14  ANy2         7.97884e-04     fixed    
  15  pNy2         4.18605e+00   constant   
  16  w_vw         1.43216e+01   constant   
  17  LM           7.21641e-05   constant   
  18  wCBO_expCoeff   2.00000e+02   1.00000e+00   0.00000e+00  -3.94510e+04
  19  wCBO_expOffset   2.00000e+02   1.00000e+00   0.00000e+00  -3.63388e+04
  20  wCBO_expT    3.00000e+01   1.00000e+00   0.00000e+00  -3.53689e+05
  21  wCBO_linCoeff   0.00000e+00   constant   
  22  wCBO_const  -1.24975e-02   1.00000e+00   0.00000e+00  -1.88074e+03
 MIGRAD FAILS TO FIND IMPROVEMENT
 FCN=741.253 FROM HESSE     STATUS=NOT POSDEF     37 CALLS         787 TOTAL
                     EDM=511.752    STRATEGY= 1      ERR MATRIX NOT POS-DEF
  EXT PARAMETER                APPROXIMATE        STEP         FIRST   
  NO.   NAME      VALUE            ERROR          SIZE      DERIVATIVE 
   1  N0           3.18185e+06     fixed    
   2  tau          6.44090e+01   constant   
   3  A0           3.64556e-01     fixed    
   4  phi          4.11986e+00     fixed    
   5  R           -6.10005e+01   constant   
   6  A_CBO        7.17579e-04     fixed    
   7  w_CBO        2.32737e+00     fixed    
   8  phi_CBO      1.59587e+00   3.33239e+00   4.00210e-03  -5.39906e+00
   9  ANx2         1.86992e-04   constant   
  10  pNx2         5.81164e+00   constant   
  11  ANy1         0.00000e+00   constant   
  12  pNy1         0.00000e+00   constant   
  13  w_y          0.00000e+00   constant   
  14  ANy2         7.97884e-04     fixed    
  15  pNy2         4.18605e+00   constant   
  16  w_vw         1.43216e+01   constant   
  17  LM           7.21641e-05   constant   
  18  wCBO_expCoeff   2.00000e+02   1.50796e-04   9.53675e-05   6.00798e+03
  19  wCBO_expOffset   2.00000e+02   2.00277e-04   9.53675e-05   1.87810e+05
  20  wCBO_expT    3.00000e+01   1.33860e-05   1.43051e-05  -7.52882e+05
  21  wCBO_linCoeff   0.00000e+00   constant   
  22  wCBO_const  -1.22007e-02   4.83071e-03   1.20596e-05   2.81269e+02
 MIGRAD FAILS TO FIND IMPROVEMENT
 MIGRAD TERMINATED WITHOUT CONVERGENCE.
 FCN=740.818 FROM MIGRAD    STATUS=FAILED        207 CALLS         830 TOTAL
                     EDM=33.4825    STRATEGY= 1      ERR MATRIX NOT POS-DEF
  EXT PARAMETER                APPROXIMATE        STEP         FIRST   
  NO.   NAME      VALUE            ERROR          SIZE      DERIVATIVE 
   1  N0           3.18185e+06     fixed    
   2  tau          6.44090e+01   constant   
   3  A0           3.64556e-01     fixed    
   4  phi          4.11986e+00     fixed    
   5  R           -6.10005e+01   constant   
   6  A_CBO        7.17579e-04     fixed    
   7  w_CBO        2.32737e+00     fixed    
   8  phi_CBO      1.81409e+00   5.36952e-01   0.00000e+00  -2.29833e-01
   9  ANx2         1.86992e-04   constant   
  10  pNx2         5.81164e+00   constant   
  11  ANy1         0.00000e+00   constant   
  12  pNy1         0.00000e+00   constant   
  13  w_y          0.00000e+00   constant   
  14  ANy2         7.97884e-04     fixed    
  15  pNy2         4.18605e+00   constant   
  16  w_vw         1.43216e+01   constant   
  17  LM           7.21641e-05   constant   
  18  wCBO_expCoeff   2.00000e+02   4.37614e-05   0.00000e+00  -2.54807e+04
  19  wCBO_expOffset   2.00000e+02   4.13889e-06   0.00000e+00  -4.38072e+04
  20  wCBO_expT    3.00000e+01   3.13128e-06   0.00000e+00  -4.16067e+05
  21  wCBO_linCoeff   0.00000e+00   constant   
  22  wCBO_const  -1.16629e-02   2.04134e-03   0.00000e+00  -1.08174e+03
 EXTERNAL ERROR MATRIX.    NDIM=  25    NPAR=  5    ERR DEF=1
  2.883e-01  2.562e-06  7.477e-08  4.674e-07  8.388e-04 
  2.562e-06  1.915e-09  1.147e-10  4.343e-11 -4.543e-08 
  7.477e-08  1.147e-10  1.713e-11  8.335e-12 -2.789e-09 
  4.674e-07  4.343e-11  8.335e-12  9.805e-12  8.482e-10 
  8.388e-04 -4.543e-08 -2.789e-09  8.482e-10  4.167e-06 
ERR MATRIX NOT POS-DEF
 PARAMETER  CORRELATION COEFFICIENTS  
       NO.  GLOBAL      8     18     19     20     22
        8  0.96436   1.000  0.109  0.034  0.278  0.765
       18  0.94375   0.109  1.000  0.633  0.317 -0.509
       19  0.81265   0.034  0.633  1.000  0.643 -0.330
       20  0.77311   0.278  0.317  0.643  1.000  0.133
       22  0.97590   0.765 -0.509 -0.330  0.133  1.000
 ERR MATRIX NOT POS-DEF
MINUIT - FIT ONLY 1-y
 **********
 **   60 **RES 
 **********
                   PARAMETER   14  ANy2 RESTORED TO VARIABLE.
                   PARAMETER    7  w_CBO RESTORED TO VARIABLE.
                   PARAMETER    6  A_CBO RESTORED TO VARIABLE.
                   PARAMETER    4  phi RESTORED TO VARIABLE.
                   PARAMETER    3  A0 RESTORED TO VARIABLE.
                   PARAMETER    1  N0 RESTORED TO VARIABLE.
 **********
 **   61 **FIX            0
 **********
 PARAMETER    0  IS UNDEFINED. IGNORED.
 **********
 **   62 **FIX            1
 **********
 **********
 **   63 **FIX            2
 **********
 PARAMETER    2  IS CONSTANT.   IGNORED.
 **********
 **   64 **FIX            3
 **********
 **********
 **   65 **FIX            4
 **********
 **********
 **   66 **FIX            5
 **********
 PARAMETER    5  IS CONSTANT.   IGNORED.
 **********
 **   67 **FIX            6
 **********
 **********
 **   68 **FIX            7
 **********
 **********
 **   69 **FIX            8
 **********
 **********
 **   70 **FIX            9
 **********
 PARAMETER    9  IS CONSTANT.   IGNORED.
 **********
 **   71 **FIX           13
 **********
 PARAMETER   13  IS CONSTANT.   IGNORED.
 **********
 **   72 **FIX           14
 **********
 **********
 **   73 **FIX           15
 **********
 PARAMETER   15  IS CONSTANT.   IGNORED.
 **********
 **   74 **FIX           16
 **********
 PARAMETER   16  IS CONSTANT.   IGNORED.
 **********
 **   75 **MIGRAD
 **********
 START MIGRAD MINIMIZATION.  STRATEGY  1.  CONVERGENCE WHEN EDM .LT. 1.00e-04
 FCN=740.818 FROM MIGRAD    STATUS=INITIATE        8 CALLS         838 TOTAL
                     EDM= unknown      STRATEGY= 1      NO ERROR MATRIX       
  EXT PARAMETER               CURRENT GUESS       STEP         FIRST   
  NO.   NAME      VALUE            ERROR          SIZE      DERIVATIVE 
   1  N0           3.18185e+06     fixed    
   2  tau          6.44090e+01   constant   
   3  A0           3.64556e-01     fixed    
   4  phi          4.11986e+00     fixed    
   5  R           -6.10005e+01   constant   
   6  A_CBO        7.17579e-04     fixed    
   7  w_CBO        2.32737e+00     fixed    
   8  phi_CBO      1.81409e+00     fixed    
   9  ANx2         1.86992e-04   constant   
  10  pNx2         5.81164e+00   constant   
  11  ANy1         0.00000e+00   constant   
  12  pNy1         0.00000e+00   constant   
  13  w_y          0.00000e+00   constant   
  14  ANy2         7.97884e-04     fixed    
  15  pNy2         4.18605e+00   constant   
  16  w_vw         1.43216e+01   constant   
  17  LM           7.21641e-05   constant   
  18  wCBO_expCoeff   2.00000e+02   4.37614e-05   0.00000e+00  -2.54807e+04
  19  wCBO_expOffset   2.00000e+02   4.13889e-06   0.00000e+00  -4.38072e+04
  20  wCBO_expT    3.00000e+01   3.13128e-06   0.00000e+00  -4.16067e+05
  21  wCBO_linCoeff   0.00000e+00   constant   
  22  wCBO_const  -1.16629e-02   2.04134e-03   0.00000e+00  -1.08174e+03
 MIGRAD FAILS TO FIND IMPROVEMENT
 COVARIANCE MATRIX CALCULATED SUCCESSFULLY
 FCN=740.527 FROM HESSE     STATUS=OK             29 CALLS         889 TOTAL
                     EDM=3.51536    STRATEGY= 1      ERROR MATRIX ACCURATE 
  EXT PARAMETER                                   STEP         FIRST   
  NO.   NAME      VALUE            ERROR          SIZE      DERIVATIVE 
   1  N0           3.18185e+06     fixed    
   2  tau          6.44090e+01   constant   
   3  A0           3.64556e-01     fixed    
   4  phi          4.11986e+00     fixed    
   5  R           -6.10005e+01   constant   
   6  A_CBO        7.17579e-04     fixed    
   7  w_CBO        2.32737e+00     fixed    
   8  phi_CBO      1.81409e+00     fixed    
   9  ANx2         1.86992e-04   constant   
  10  pNx2         5.81164e+00   constant   
  11  ANy1         0.00000e+00   constant   
  12  pNy1         0.00000e+00   constant   
  13  w_y          0.00000e+00   constant   
  14  ANy2         7.97884e-04     fixed    
  15  pNy2         4.18605e+00   constant   
  16  w_vw         1.43216e+01   constant   
  17  LM           7.21641e-05   constant   
  18  wCBO_expCoeff   2.00000e+02   4.57023e-05   9.53675e-05  -1.37128e+03
  19  wCBO_expOffset   2.00000e+02   2.69736e-05   9.53675e-05   1.48126e+05
  20  wCBO_expT    3.00000e+01   2.63633e-06   1.43051e-05  -4.02471e+05
  21  wCBO_linCoeff   0.00000e+00   constant   
  22  wCBO_const  -1.15670e-02   1.38757e-03   1.21184e-05   1.10955e+02
 MIGRAD FAILS TO FIND IMPROVEMENT
 MIGRAD TERMINATED WITHOUT CONVERGENCE.
 FCN=740.527 FROM MIGRAD    STATUS=FAILED         70 CALLS         900 TOTAL
                     EDM=3.51536    STRATEGY= 1      ERR MATRIX APPROXIMATE
  EXT PARAMETER                APPROXIMATE        STEP         FIRST   
  NO.   NAME      VALUE            ERROR          SIZE      DERIVATIVE 
   1  N0           3.18185e+06     fixed    
   2  tau          6.44090e+01   constant   
   3  A0           3.64556e-01     fixed    
   4  phi          4.11986e+00     fixed    
   5  R           -6.10005e+01   constant   
   6  A_CBO        7.17579e-04     fixed    
   7  w_CBO        2.32737e+00     fixed    
   8  phi_CBO      1.81409e+00     fixed    
   9  ANx2         1.86992e-04   constant   
  10  pNx2         5.81164e+00   constant   
  11  ANy1         0.00000e+00   constant   
  12  pNy1         0.00000e+00   constant   
  13  w_y          0.00000e+00   constant   
  14  ANy2         7.97884e-04     fixed    
  15  pNy2         4.18605e+00   constant   
  16  w_vw         1.43216e+01   constant   
  17  LM           7.21641e-05   constant   
  18  wCBO_expCoeff   2.00000e+02   4.57023e-05  -0.00000e+00  -1.37128e+03
  19  wCBO_expOffset   2.00000e+02   2.69736e-05  -0.00000e+00   1.48126e+05
  20  wCBO_expT    3.00000e+01   2.63633e-06  -0.00000e+00  -4.02471e+05
  21  wCBO_linCoeff   0.00000e+00   constant   
  22  wCBO_const  -1.15670e-02   1.38757e-03  -0.00000e+00   1.10955e+02
 EXTERNAL ERROR MATRIX.    NDIM=  25    NPAR=  4    ERR DEF=1
  2.089e-09  5.860e-10  4.945e-11 -3.912e-08 
  5.860e-10  7.276e-10  2.469e-11  1.978e-09 
  4.945e-11  2.469e-11  6.950e-12  6.211e-11 
 -3.912e-08  1.978e-09  6.211e-11  1.925e-06 
ERR MATRIX APPROXIMATE
 PARAMETER  CORRELATION COEFFICIENTS  
       NO.  GLOBAL     18     19     20     22
       18  0.84094   1.000  0.475  0.410 -0.617
       19  0.64752   0.475  1.000  0.347  0.053
       20  0.53498   0.410  0.347  1.000  0.017
       22  0.76561  -0.617  0.053  0.017  1.000
 ERR MATRIX APPROXIMATE
MINUIT - FIT ONLY 2-y
 **********
 **   76 **RES 
 **********
                   PARAMETER   14  ANy2 RESTORED TO VARIABLE.
                   PARAMETER    8  phi_CBO RESTORED TO VARIABLE.
                   PARAMETER    7  w_CBO RESTORED TO VARIABLE.
                   PARAMETER    6  A_CBO RESTORED TO VARIABLE.
                   PARAMETER    4  phi RESTORED TO VARIABLE.
                   PARAMETER    3  A0 RESTORED TO VARIABLE.
