 + ++++++++++++++++++++++++++++++++++++++++++++++++++++++++++++++++++++ +
 +                                                                      +
 +           You have chose to blind your fitting according to          +
 +                omega_ref * (1 + (R +/- deltaR) *10^{-6})             +
 +                                                                      +
 + ++++++++++++++++++++++++++++++++++++++++++++++++++++++++++++++++++++ +
In main()...
reading format from /gm2data/zkhechad/run45/envelope/formats/formatB_sBin_constraintOn.txt
pBinTau 	= 0  
pBinPhi 	= 0  
constraintau 	= 1 
includeMopTerm 	= 0    
constrainMop    = 0   
Parameters after format file: pBinTau 0 pBinPhi 0 constraintau 1 includeMopTerm 0 constrainMop 0 c_e_scale 0.000000 
reading cbo reference file (full fit) from /gm2data/zkhechad/cboTemplates/Run4CBOTemplates/fullFits/run4/sBin_constraintOn_cE0.0_seed0_run4_calo10.root
A_CBO 0.009734 w_CBO 2.326087 phi_CBO 0.029548 N0 2975169.599894 R -60.949257 tau 64.405372 
Reading cboRef file /gm2data/zkhechad/cboTemplates/Run4CBOTemplates//cboIsolate/run4_calo10.root
deltaT 20.735509
windowBins = 130
fitting sliding window 580 from bin 783 at 116.823600 to bin 913 at 136.219600 (130 bins)

Reading data from /gm2data/cornell/histograms/aMethod/histogram_a_run4.root
fitting cbo isolate
 **********
 **    1 **SET PRINTOUT            1
 **********
 **********
 **    2 **SET NOWARNINGS 
 **********
 PARAMETER DEFINITIONS:
    NO.   NAME         VALUE      STEP SIZE      LIMITS
     1 A_CBO        9.73400e-03  1.00000e-05     no limits
     2 w_CBO        2.32609e+00  1.00000e-02    2.00000e+00  3.00000e+00
     3 phi_CBO      2.95478e-02  1.00000e-02    0.00000e+00  6.28319e+00
 **********
 **    3 **MIGRAD
 **********
 FIRST CALL TO USER FUNCTION AT NEW START POINT, WITH IFLAG=4.
 START MIGRAD MINIMIZATION.  STRATEGY  1.  CONVERGENCE WHEN EDM .LT. 1.00e-04
 FCN=0.00158087 FROM MIGRAD    STATUS=INITIATE       12 CALLS          13 TOTAL
                     EDM= unknown      STRATEGY= 1      NO ERROR MATRIX       
  EXT PARAMETER               CURRENT GUESS       STEP         FIRST   
  NO.   NAME      VALUE            ERROR          SIZE      DERIVATIVE 
   1  A_CBO        9.73400e-03   1.00000e-05   1.00000e-05   6.02760e-01
   2  w_CBO        2.32609e+00   1.00000e-02   2.13343e-02   2.22277e-03
   3  phi_CBO      2.95478e-02   1.00000e-02   2.36132e-02  -1.60047e-05
 MIGRAD MINIMIZATION HAS CONVERGED.
 MIGRAD WILL VERIFY CONVERGENCE AND ERROR MATRIX.
 COVARIANCE MATRIX CALCULATED SUCCESSFULLY
 FCN=0.000156862 FROM MIGRAD    STATUS=CONVERGED      37 CALLS          38 TOTAL
                     EDM=5.4096e-07    STRATEGY= 1      ERROR MATRIX ACCURATE 
  EXT PARAMETER                                   STEP         FIRST   
  NO.   NAME      VALUE            ERROR          SIZE      DERIVATIVE 
   1  A_CBO        5.00810e-03   1.25373e-01   6.11543e-05   6.08516e-07
   2  w_CBO        2.32604e+00   5.91538e-01   1.42458e-04  -2.50727e-03
   3  phi_CBO      3.60121e-02   4.97225e+00   2.06409e-02   2.11217e-05
 EXTERNAL ERROR MATRIX.    NDIM=  25    NPAR=  3    ERR DEF=1
  1.572e-02 -5.328e-03 -6.370e-01 
 -5.328e-03  8.710e-01  9.876e+01 
 -6.370e-01  9.876e+01  1.170e+04 
 PARAMETER  CORRELATION COEFFICIENTS  
       NO.  GLOBAL      1      2      3
        1  0.04700   1.000 -0.046 -0.047
        2  0.97814  -0.046  1.000  0.978
        3  0.97814  -0.047  0.978  1.000
setting A_CBO=0.005008 w_CBO=2.326042, phi_CBO=0.036012
done fitting cbo isolate
 **********
 **    1 **SET PRINTOUT            1
 **********
 **********
 **    2 **SET NOWARNINGS 
 **********
 PARAMETER DEFINITIONS:
    NO.   NAME         VALUE      STEP SIZE      LIMITS
     1 N0           2.97517e+06  1.00000e+02     no limits
     2 tau          6.44054e+01  constant
     3 A0           3.48516e-01  1.00000e-04     no limits
     4 phi          4.11546e+00  1.00000e-02     no limits
     5 R           -6.09493e+01  constant
     6 A_CBO        5.00810e-03  1.00000e-05     no limits
     7 w_CBO        2.32604e+00  1.00000e-03     no limits
     8 phi_CBO      3.60121e-02  1.00000e-04     no limits
     9 ANx2         7.43781e-04  constant
    10 pNx2         1.57222e+00  constant
    11 ANy1         0.00000e+00  constant
    12 pNy1         0.00000e+00  constant
    13 w_y          0.00000e+00  constant
    14 ANy2         7.31057e-03  1.00000e-04     no limits
    15 pNy2         6.06093e+00  constant
    16 w_vw         1.43032e+01  constant
    17 LM           6.04551e-05  constant
    18 wCBO_expCoeff   2.00000e+02  1.00000e+00     no limits
    19 wCBO_expOffset   2.00000e+02  1.00000e+00     no limits
    20 wCBO_expT    3.00000e+01  1.00000e+00     no limits
    21 wCBO_linCoeff   0.00000e+00  constant
    22 wCBO_const   0.00000e+00  1.00000e-02     no limits
MINUIT - FIT ONLY WIGGLE
 **********
 **    3 **FIX            5
 **********
 PARAMETER    5  IS CONSTANT.   IGNORED.
 **********
 **    4 **FIX            6
 **********
 **********
 **    5 **FIX            7
 **********
 **********
 **    6 **FIX            8
 **********
 **********
 **    7 **FIX            9
 **********
 PARAMETER    9  IS CONSTANT.   IGNORED.
 **********
 **    8 **FIX           10
 **********
 PARAMETER   10  IS CONSTANT.   IGNORED.
 **********
 **    9 **FIX           11
 **********
 PARAMETER   11  IS CONSTANT.   IGNORED.
 **********
 **   10 **FIX           12
 **********
 PARAMETER   12  IS CONSTANT.   IGNORED.
 **********
 **   11 **FIX           13
 **********
 PARAMETER   13  IS CONSTANT.   IGNORED.
 **********
 **   12 **FIX           14
 **********
 **********
 **   13 **FIX           15
 **********
 PARAMETER   15  IS CONSTANT.   IGNORED.
 **********
 **   14 **FIX           16
 **********
 PARAMETER   16  IS CONSTANT.   IGNORED.
 **********
 **   15 **MIGRAD
 **********
 FIRST CALL TO USER FUNCTION AT NEW START POINT, WITH IFLAG=4.
 START MIGRAD MINIMIZATION.  STRATEGY  1.  CONVERGENCE WHEN EDM .LT. 1.00e-04
 FCN=1883.8 FROM MIGRAD    STATUS=INITIATE       57 CALLS          58 TOTAL
                     EDM= unknown      STRATEGY= 1      NO ERROR MATRIX       
  EXT PARAMETER               CURRENT GUESS       STEP         FIRST   
  NO.   NAME      VALUE            ERROR          SIZE      DERIVATIVE 
   1  N0           2.97517e+06   1.00000e+02   0.00000e+00   1.29580e-02
   2  tau          6.44054e+01   constant   
   3  A0           3.48516e-01   1.00000e-04   0.00000e+00   2.01530e+04
   4  phi          4.11546e+00   1.00000e-02   0.00000e+00   6.64534e+03
   5  R           -6.09493e+01   constant   
   6  A_CBO        5.00810e-03     fixed    
   7  w_CBO        2.32604e+00     fixed    
   8  phi_CBO      3.60121e-02     fixed    
   9  ANx2         7.43781e-04   constant   
  10  pNx2         1.57222e+00   constant   
  11  ANy1         0.00000e+00   constant   
  12  pNy1         0.00000e+00   constant   
  13  w_y          0.00000e+00   constant   
  14  ANy2         7.31057e-03     fixed    
  15  pNy2         6.06093e+00   constant   
  16  w_vw         1.43032e+01   constant   
  17  LM           6.04551e-05   constant   
  18  wCBO_expCoeff   1.99999e+02   1.00000e+00  -5.54060e-04   6.22094e+04
  19  wCBO_expOffset   2.00000e+02   1.00000e+00   0.00000e+00  -2.45002e+05
  20  wCBO_expT    3.00000e+01   1.00000e+00   0.00000e+00   4.33087e+05
  21  wCBO_linCoeff   0.00000e+00   constant   
  22  wCBO_const   0.00000e+00   1.00000e-02   0.00000e+00  -4.19459e+03
 MIGRAD FAILS TO FIND IMPROVEMENT
 FCN=1864.07 FROM HESSE     STATUS=NOT POSDEF     56 CALLS         158 TOTAL
                     EDM=418.995    STRATEGY= 1      ERR MATRIX NOT POS-DEF
  EXT PARAMETER                APPROXIMATE        STEP         FIRST   
  NO.   NAME      VALUE            ERROR          SIZE      DERIVATIVE 
   1  N0           2.97348e+06   5.28912e+02   9.94604e+00  -2.43938e-03
   2  tau          6.44054e+01   constant   
   3  A0           3.47963e-01   2.54201e-04   4.47075e-06  -2.41680e+03
   4  phi          4.11407e+00   1.64564e-03   1.32536e-05  -1.14162e+03
   5  R           -6.09493e+01   constant   
   6  A_CBO        5.00810e-03     fixed    
   7  w_CBO        2.32604e+00     fixed    
   8  phi_CBO      3.60121e-02     fixed    
   9  ANx2         7.43781e-04   constant   
  10  pNx2         1.57222e+00   constant   
  11  ANy1         0.00000e+00   constant   
  12  pNy1         0.00000e+00   constant   
  13  w_y          0.00000e+00   constant   
  14  ANy2         7.31057e-03     fixed    
  15  pNy2         6.06093e+00   constant   
  16  w_vw         1.43032e+01   constant   
  17  LM           6.04551e-05   constant   
  18  wCBO_expCoeff   1.99999e+02   2.15259e-04   9.53671e-05   7.07996e+04
  19  wCBO_expOffset   2.00000e+02   2.82483e-05   9.53674e-05  -4.97215e+05
  20  wCBO_expT    3.00000e+01   1.76043e-05   1.43051e-05  -2.01016e+06
  21  wCBO_linCoeff   0.00000e+00   constant   
  22  wCBO_const   8.70253e-05   1.23676e-03   6.94334e-06  -3.77799e+03
 MIGRAD FAILS TO FIND IMPROVEMENT
 MIGRAD TERMINATED WITHOUT CONVERGENCE.
 FCN=1852.77 FROM MIGRAD    STATUS=FAILED        261 CALLS         262 TOTAL
                     EDM=921.306    STRATEGY= 1      ERR MATRIX NOT POS-DEF
  EXT PARAMETER                APPROXIMATE        STEP         FIRST   
  NO.   NAME      VALUE            ERROR          SIZE      DERIVATIVE 
   1  N0           2.97532e+06   7.84931e+02   0.00000e+00   1.36449e-02
   2  tau          6.44054e+01   constant   
   3  A0           3.48512e-01   2.58795e-04   0.00000e+00   2.07511e+04
   4  phi          4.11544e+00   8.71891e-04   0.00000e+00   3.38325e+03
   5  R           -6.09493e+01   constant   
   6  A_CBO        5.00810e-03     fixed    
   7  w_CBO        2.32604e+00     fixed    
   8  phi_CBO      3.60121e-02     fixed    
   9  ANx2         7.43781e-04   constant   
  10  pNx2         1.57222e+00   constant   
  11  ANy1         0.00000e+00   constant   
  12  pNy1         0.00000e+00   constant   
  13  w_y          0.00000e+00   constant   
  14  ANy2         7.31057e-03     fixed    
  15  pNy2         6.06093e+00   constant   
  16  w_vw         1.43032e+01   constant   
  17  LM           6.04551e-05   constant   
  18  wCBO_expCoeff   1.99998e+02   8.67595e-04  -0.00000e+00   7.73715e+04
  19  wCBO_expOffset   2.00000e+02   4.67393e-05   0.00000e+00  -5.65474e+05
  20  wCBO_expT    3.00000e+01   1.47265e-05  -0.00000e+00   4.97841e+05
  21  wCBO_linCoeff   0.00000e+00   constant   
  22  wCBO_const   5.25163e-03   4.15022e-03   0.00000e+00   1.52440e+03
 EXTERNAL ERROR MATRIX.    NDIM=  25    NPAR=  7    ERR DEF=1
  6.161e+05  1.313e-01  4.715e-01 -6.294e-01  3.429e-02 -1.067e-02  2.979e+00 
  1.313e-01  6.697e-08  1.405e-07 -1.844e-07  9.977e-09 -3.129e-09  8.733e-07 
  4.715e-01  1.405e-07  7.602e-07 -5.999e-07  3.276e-08 -1.011e-08  2.872e-06 
 -6.294e-01 -1.844e-07 -5.999e-07  7.527e-07 -4.035e-08  1.274e-08 -3.594e-06 
  3.429e-02  9.977e-09  3.276e-08 -4.035e-08  2.185e-09 -6.810e-10  1.926e-07 
 -1.067e-02 -3.129e-09 -1.011e-08  1.274e-08 -6.810e-10  2.169e-10 -6.068e-08 
  2.979e+00  8.733e-07  2.872e-06 -3.594e-06  1.926e-07 -6.068e-08  1.722e-05 
ERR MATRIX NOT POS-DEF
 PARAMETER  CORRELATION COEFFICIENTS  
       NO.  GLOBAL      1      3      4     18     19     20     22
        1  0.98639   1.000  0.646  0.689 -0.924  0.935 -0.923  0.915
        3  0.95603   0.646  1.000  0.623 -0.821  0.825 -0.821  0.813
        4  0.89177   0.689  0.623  1.000 -0.793  0.804 -0.787  0.794
       18  0.99954  -0.924 -0.821 -0.793  1.000 -0.995  0.997 -0.998
       19  0.99843   0.935  0.825  0.804 -0.995  1.000 -0.989  0.993
       20  0.99771  -0.923 -0.821 -0.787  0.997 -0.989  1.000 -0.993
       22  0.99910   0.915  0.813  0.794 -0.998  0.993 -0.993  1.000
 ERR MATRIX NOT POS-DEF
MINUIT - FIT ONLY 1-CBO + other amplitudes 
 **********
 **   16 **RES 
 **********
                   PARAMETER   14  ANy2 RESTORED TO VARIABLE.
                   PARAMETER    8  phi_CBO RESTORED TO VARIABLE.
                   PARAMETER    7  w_CBO RESTORED TO VARIABLE.
                   PARAMETER    6  A_CBO RESTORED TO VARIABLE.
 **********
 **   17 **FIX            0
 **********
 PARAMETER    0  IS UNDEFINED. IGNORED.
 **********
 **   18 **FIX            1
 **********
 **********
 **   19 **FIX            2
 **********
 PARAMETER    2  IS CONSTANT.   IGNORED.
 **********
 **   20 **FIX            3
 **********
 **********
 **   21 **FIX            4
 **********
 **********
 **   22 **FIX            9
 **********
 PARAMETER    9  IS CONSTANT.   IGNORED.
 **********
 **   23 **FIX           11
 **********
 PARAMETER   11  IS CONSTANT.   IGNORED.
 **********
 **   24 **FIX           12
 **********
 PARAMETER   12  IS CONSTANT.   IGNORED.
 **********
 **   25 **FIX           14
 **********
 **********
 **   26 **FIX           15
 **********
 PARAMETER   15  IS CONSTANT.   IGNORED.
 **********
 **   27 **FIX           16
 **********
 PARAMETER   16  IS CONSTANT.   IGNORED.
 **********
 **   28 **MIGRAD
 **********
 START MIGRAD MINIMIZATION.  STRATEGY  1.  CONVERGENCE WHEN EDM .LT. 1.00e-04
 FCN=1852.77 FROM MIGRAD    STATUS=INITIATE       20 CALLS         282 TOTAL
                     EDM= unknown      STRATEGY= 1      NO ERROR MATRIX       
  EXT PARAMETER               CURRENT GUESS       STEP         FIRST   
  NO.   NAME      VALUE            ERROR          SIZE      DERIVATIVE 
   1  N0           2.97532e+06     fixed    
   2  tau          6.44054e+01   constant   
   3  A0           3.48512e-01     fixed    
   4  phi          4.11544e+00     fixed    
   5  R           -6.09493e+01   constant   
   6  A_CBO        5.00810e-03   1.00000e-05   1.00000e-05   1.54626e+05
   7  w_CBO        2.32604e+00   1.00000e-03   1.00000e-03   1.72150e+06
   8  phi_CBO      3.60121e-02   1.00000e-04   1.00000e-04  -3.56459e+01
   9  ANx2         7.43781e-04   constant   
  10  pNx2         1.57222e+00   constant   
  11  ANy1         0.00000e+00   constant   
  12  pNy1         0.00000e+00   constant   
  13  w_y          0.00000e+00   constant   
  14  ANy2         7.31057e-03     fixed    
  15  pNy2         6.06093e+00   constant   
  16  w_vw         1.43032e+01   constant   
  17  LM           6.04551e-05   constant   
  18  wCBO_expCoeff   1.99998e+02   8.67595e-04  -0.00000e+00   7.73715e+04
  19  wCBO_expOffset   2.00000e+02   4.67393e-05   0.00000e+00  -5.65474e+05
  20  wCBO_expT    3.00000e+01   1.47265e-05  -0.00000e+00   4.97841e+05
  21  wCBO_linCoeff   0.00000e+00   constant   
  22  wCBO_const   5.25163e-03   4.15022e-03   0.00000e+00   1.52440e+03
 CALL LIMIT EXCEEDED IN MIGRAD.
 MIGRAD TERMINATED WITHOUT CONVERGENCE.
 FCN=1519.86 FROM MIGRAD    STATUS=CALL LIMIT   1163 CALLS        1425 TOTAL
                     EDM=11.9731    STRATEGY= 1  ERROR MATRIX UNCERTAINTY   0.0 per cent
  EXT PARAMETER                APPROXIMATE        STEP         FIRST   
  NO.   NAME      VALUE            ERROR          SIZE      DERIVATIVE 
   1  N0           2.97532e+06     fixed    
   2  tau          6.44054e+01   constant   
   3  A0           3.48512e-01     fixed    
   4  phi          4.11544e+00     fixed    
   5  R           -6.09493e+01   constant   
   6  A_CBO        7.62069e-04   2.31987e-04   7.44955e-08   2.11495e+03
   7  w_CBO        2.32604e+00   8.44480e-07  -2.01013e-09   8.27099e+06
   8  phi_CBO      1.71556e-01   8.80534e-02   6.87365e-05  -4.74146e+00
   9  ANx2         7.43781e-04   constant   
  10  pNx2         1.57222e+00   constant   
  11  ANy1         0.00000e+00   constant   
  12  pNy1         0.00000e+00   constant   
  13  w_y          0.00000e+00   constant   
  14  ANy2         7.31057e-03     fixed    
  15  pNy2         6.06093e+00   constant   
  16  w_vw         1.43032e+01   constant   
  17  LM           6.04551e-05   constant   
  18  wCBO_expCoeff   1.99998e+02   7.00545e-05  -1.66493e-07   9.61875e+04
  19  wCBO_expOffset   2.00000e+02   6.10734e-06   8.65597e-09  -7.07327e+04
  20  wCBO_expT    3.00000e+01   3.52304e-06  -8.19688e-09  -5.47956e+05
  21  wCBO_linCoeff   0.00000e+00   constant   
  22  wCBO_const   6.46393e-03   1.48239e-03   3.59322e-06   3.33280e+03
 EXTERNAL ERROR MATRIX.    NDIM=  25    NPAR=  7    ERR DEF=1
  5.382e-08 -2.964e-11  1.115e-06 -2.449e-09  1.313e-10 -7.946e-11  3.746e-08 
 -2.964e-11  7.131e-13 -2.110e-08  5.415e-11 -2.883e-12  2.781e-12 -1.217e-09 
  1.115e-06 -2.110e-08  7.753e-03 -1.748e-06  9.637e-08 -9.376e-08  4.102e-05 
 -2.449e-09  5.415e-11 -1.748e-06  4.908e-09 -2.389e-10  2.303e-10 -1.008e-07 
  1.313e-10 -2.883e-12  9.637e-08 -2.389e-10  3.730e-11 -1.231e-11  5.368e-09 
 -7.946e-11  2.781e-12 -9.376e-08  2.303e-10 -1.231e-11  1.241e-11 -4.817e-09 
  3.746e-08 -1.217e-09  4.102e-05 -1.008e-07  5.368e-09 -4.817e-09  2.197e-06 
ERR MATRIX APPROXIMATE
 PARAMETER  CORRELATION COEFFICIENTS  
       NO.  GLOBAL      6      7      8     18     19     20     22
        6  0.95083   1.000 -0.151  0.055 -0.151  0.093 -0.097  0.109
        7  0.99952  -0.151  1.000 -0.284  0.915 -0.559  0.935 -0.972
        8  0.88334   0.055 -0.284  1.000 -0.283  0.179 -0.302  0.314
       18  0.99949  -0.151  0.915 -0.283  1.000 -0.558  0.933 -0.971
       19  0.93411   0.093 -0.559  0.179 -0.558  1.000 -0.572  0.593
       20  0.99826  -0.097  0.935 -0.302  0.933 -0.572  1.000 -0.922
       22  0.99978   0.109 -0.972  0.314 -0.971  0.593 -0.922  1.000
 ERR MATRIX APPROXIMATE
MINUIT - FIT ONLY 1-CBO
 **********
 **   29 **RES 
 **********
                   PARAMETER   14  ANy2 RESTORED TO VARIABLE.
                   PARAMETER    4  phi RESTORED TO VARIABLE.
                   PARAMETER    3  A0 RESTORED TO VARIABLE.
                   PARAMETER    1  N0 RESTORED TO VARIABLE.
 **********
 **   30 **FIX            0
 **********
 PARAMETER    0  IS UNDEFINED. IGNORED.
 **********
 **   31 **FIX            1
 **********
 **********
 **   32 **FIX            2
 **********
 PARAMETER    2  IS CONSTANT.   IGNORED.
 **********
 **   33 **FIX            3
 **********
 **********
 **   34 **FIX            4
 **********
 **********
 **   35 **FIX            8
 **********
 **********
 **   36 **FIX            9
 **********
 PARAMETER    9  IS CONSTANT.   IGNORED.
 **********
 **   37 **FIX           11
 **********
 PARAMETER   11  IS CONSTANT.   IGNORED.
 **********
 **   38 **FIX           12
 **********
 PARAMETER   12  IS CONSTANT.   IGNORED.
 **********
 **   39 **FIX           13
 **********
 PARAMETER   13  IS CONSTANT.   IGNORED.
 **********
 **   40 **FIX           15
 **********
 PARAMETER   15  IS CONSTANT.   IGNORED.
 **********
 **   41 **FIX           16
 **********
 PARAMETER   16  IS CONSTANT.   IGNORED.
 **********
 **   42 **MIGRAD
 **********
 START MIGRAD MINIMIZATION.  STRATEGY  1.  CONVERGENCE WHEN EDM .LT. 1.00e-04
 FCN=1519.86 FROM MIGRAD    STATUS=INITIATE       16 CALLS        1441 TOTAL
                     EDM= unknown      STRATEGY= 1      NO ERROR MATRIX       
  EXT PARAMETER               CURRENT GUESS       STEP         FIRST   
  NO.   NAME      VALUE            ERROR          SIZE      DERIVATIVE 
   1  N0           2.97532e+06     fixed    
   2  tau          6.44054e+01   constant   
   3  A0           3.48512e-01     fixed    
   4  phi          4.11544e+00     fixed    
   5  R           -6.09493e+01   constant   
   6  A_CBO        7.62069e-04   2.31987e-04   7.44955e-08   2.11495e+03
   7  w_CBO        2.32604e+00   8.44480e-07  -2.01013e-09   8.27099e+06
   8  phi_CBO      1.71556e-01     fixed    
   9  ANx2         7.43781e-04   constant   
  10  pNx2         1.57222e+00   constant   
  11  ANy1         0.00000e+00   constant   
  12  pNy1         0.00000e+00   constant   
  13  w_y          0.00000e+00   constant   
  14  ANy2         7.31057e-03   1.00000e-04   1.00000e-04   2.74420e+05
  15  pNy2         6.06093e+00   constant   
  16  w_vw         1.43032e+01   constant   
  17  LM           6.04551e-05   constant   
  18  wCBO_expCoeff   1.99998e+02   7.00545e-05  -1.66493e-07   9.61875e+04
  19  wCBO_expOffset   2.00000e+02   6.10734e-06   8.65597e-09  -7.07327e+04
  20  wCBO_expT    3.00000e+01   3.52304e-06  -8.19688e-09  -5.47956e+05
  21  wCBO_linCoeff   0.00000e+00   constant   
  22  wCBO_const   6.46393e-03   1.48239e-03   3.59322e-06   3.33280e+03
 MIGRAD FAILS TO FIND IMPROVEMENT
 FCN=535.592 FROM HESSE     STATUS=NOT POSDEF     58 CALLS        1834 TOTAL
                     EDM=2.30886    STRATEGY= 1      ERR MATRIX NOT POS-DEF
  EXT PARAMETER                APPROXIMATE        STEP         FIRST   
  NO.   NAME      VALUE            ERROR          SIZE      DERIVATIVE 
   1  N0           2.97532e+06     fixed    
   2  tau          6.44054e+01   constant   
   3  A0           3.48512e-01     fixed    
   4  phi          4.11544e+00     fixed    
   5  R           -6.09493e+01   constant   
   6  A_CBO        8.96212e-04   1.99185e-03   2.71583e-06  -8.86275e+03
   7  w_CBO        2.32604e+00   2.09052e-06   1.10914e-06  -3.77577e+06
   8  phi_CBO      1.71556e-01     fixed    
   9  ANx2         7.43781e-04   constant   
  10  pNx2         1.57222e+00   constant   
  11  ANy1         0.00000e+00   constant   
  12  pNy1         0.00000e+00   constant   
  13  w_y          0.00000e+00   constant   
  14  ANy2         1.79791e-04   2.43826e-04   2.55501e-06   4.71027e+03
  15  pNy2         6.06093e+00   constant   
  16  w_vw         1.43032e+01   constant   
  17  LM           6.04551e-05   constant   
  18  wCBO_expCoeff   1.99998e+02   1.79738e-04   9.53666e-05  -4.38904e+04
  19  wCBO_expOffset   2.00000e+02   1.12531e-04   9.53675e-05  -2.80440e+05
  20  wCBO_expT    3.00000e+01   1.99167e-05   1.43051e-05   6.54918e+05
  21  wCBO_linCoeff   0.00000e+00   constant   
  22  wCBO_const   5.91837e-03   3.24763e-03   6.59712e-06  -4.58328e+03
 MIGRAD FAILS TO FIND IMPROVEMENT
 MIGRAD TERMINATED WITHOUT CONVERGENCE.
 FCN=532.915 FROM MIGRAD    STATUS=FAILED        959 CALLS        2384 TOTAL
                     EDM=11.0891    STRATEGY= 1      ERR MATRIX NOT POS-DEF
  EXT PARAMETER                APPROXIMATE        STEP         FIRST   
  NO.   NAME      VALUE            ERROR          SIZE      DERIVATIVE 
   1  N0           2.97532e+06     fixed    
   2  tau          6.44054e+01   constant   
   3  A0           3.48512e-01     fixed    
   4  phi          4.11544e+00     fixed    
   5  R           -6.09493e+01   constant   
   6  A_CBO        1.29030e-03   4.95665e-04   0.00000e+00   4.84999e+03
   7  w_CBO        2.32604e+00   1.37331e-06  -0.00000e+00  -4.79222e+04
   8  phi_CBO      1.71556e-01     fixed    
   9  ANx2         7.43781e-04   constant   
  10  pNx2         1.57222e+00   constant   
  11  ANy1         0.00000e+00   constant   
  12  pNy1         0.00000e+00   constant   
  13  w_y          0.00000e+00   constant   
  14  ANy2         4.10825e-05   2.81084e-04  -0.00000e+00  -4.83415e+02
  15  pNy2         6.06093e+00   constant   
  16  w_vw         1.43032e+01   constant   
  17  LM           6.04551e-05   constant   
  18  wCBO_expCoeff   1.99998e+02   1.18148e-04  -0.00000e+00  -5.52940e+02
  19  wCBO_expOffset   2.00000e+02   3.37723e-05  -0.00000e+00   1.69194e+05
  20  wCBO_expT    3.00000e+01   1.00893e-05  -0.00000e+00  -4.01481e+03
  21  wCBO_linCoeff   0.00000e+00   constant   
  22  wCBO_const   7.21845e-03   2.92957e-03   0.00000e+00  -1.21470e+03
 EXTERNAL ERROR MATRIX.    NDIM=  25    NPAR=  7    ERR DEF=1
  2.457e-07 -6.218e-10 -1.073e-07 -5.350e-08 -1.622e-08 -4.808e-09  1.394e-06 
 -6.218e-10  1.886e-12  3.049e-10  1.438e-10  4.393e-11  1.312e-11 -3.882e-09 
 -1.073e-07  3.049e-10  7.901e-08  2.624e-08  7.922e-09  2.292e-09 -6.785e-07 
 -5.350e-08  1.438e-10  2.624e-08  1.396e-08  3.779e-09  1.129e-09 -3.340e-07 
 -1.622e-08  4.393e-11  7.922e-09  3.779e-09  1.141e-09  3.328e-10 -9.669e-08 
 -4.808e-09  1.312e-11  2.292e-09  1.129e-09  3.328e-10  1.018e-10 -2.855e-08 
  1.394e-06 -3.882e-09 -6.785e-07 -3.340e-07 -9.669e-08 -2.855e-08  8.582e-06 
ERR MATRIX NOT POS-DEF
 PARAMETER  CORRELATION COEFFICIENTS  
       NO.  GLOBAL      6      7     14     18     19     20     22
        6  0.99869   1.000 -0.914 -0.770 -0.914 -0.969 -0.961  0.960
        7  0.99916  -0.914  1.000  0.790  0.886  0.947  0.947 -0.965
       14  0.96473  -0.770  0.790  1.000  0.790  0.834  0.808 -0.824
       18  0.99916  -0.914  0.886  0.790  1.000  0.947  0.947 -0.965
       19  0.99414  -0.969  0.947  0.834  0.947  1.000  0.977 -0.977
       20  0.99858  -0.961  0.947  0.808  0.947  0.977  1.000 -0.966
       22  0.99975   0.960 -0.965 -0.824 -0.965 -0.977 -0.966  1.000
 ERR MATRIX NOT POS-DEF
MINUIT - FIT ONLY 2-CBO
 **********
 **   43 **RES 
 **********
                   PARAMETER    8  phi_CBO RESTORED TO VARIABLE.
                   PARAMETER    4  phi RESTORED TO VARIABLE.
                   PARAMETER    3  A0 RESTORED TO VARIABLE.
                   PARAMETER    1  N0 RESTORED TO VARIABLE.
 **********
 **   44 **FIX            0
 **********
 PARAMETER    0  IS UNDEFINED. IGNORED.
 **********
 **   45 **FIX            1
 **********
 **********
 **   46 **FIX            2
 **********
 PARAMETER    2  IS CONSTANT.   IGNORED.
 **********
 **   47 **FIX            3
 **********
 **********
 **   48 **FIX            4
 **********
 **********
 **   49 **FIX            5
 **********
 PARAMETER    5  IS CONSTANT.   IGNORED.
 **********
 **   50 **FIX            6
 **********
 **********
 **   51 **FIX            7
 **********
 **********
 **   52 **FIX           10
 **********
 PARAMETER   10  IS CONSTANT.   IGNORED.
 **********
 **   53 **FIX           11
 **********
 PARAMETER   11  IS CONSTANT.   IGNORED.
 **********
 **   54 **FIX           12
 **********
 PARAMETER   12  IS CONSTANT.   IGNORED.
 **********
 **   55 **FIX           13
 **********
 PARAMETER   13  IS CONSTANT.   IGNORED.
 **********
 **   56 **FIX           14
 **********
 **********
 **   57 **FIX           15
 **********
 PARAMETER   15  IS CONSTANT.   IGNORED.
 **********
 **   58 **FIX           16
 **********
 PARAMETER   16  IS CONSTANT.   IGNORED.
 **********
 **   59 **MIGRAD
 **********
 START MIGRAD MINIMIZATION.  STRATEGY  1.  CONVERGENCE WHEN EDM .LT. 1.00e-04
 FCN=532.915 FROM MIGRAD    STATUS=INITIATE       12 CALLS        2396 TOTAL
                     EDM= unknown      STRATEGY= 1      NO ERROR MATRIX       
  EXT PARAMETER               CURRENT GUESS       STEP         FIRST   
  NO.   NAME      VALUE            ERROR          SIZE      DERIVATIVE 
   1  N0           2.97532e+06     fixed    
   2  tau          6.44054e+01   constant   
   3  A0           3.48512e-01     fixed    
   4  phi          4.11544e+00     fixed    
   5  R           -6.09493e+01   constant   
   6  A_CBO        1.29030e-03     fixed    
   7  w_CBO        2.32604e+00     fixed    
   8  phi_CBO      1.71556e-01   8.80534e-02   8.80534e-02  -8.63329e+00
   9  ANx2         7.43781e-04   constant   
  10  pNx2         1.57222e+00   constant   
  11  ANy1         0.00000e+00   constant   
  12  pNy1         0.00000e+00   constant   
  13  w_y          0.00000e+00   constant   
  14  ANy2         4.10825e-05     fixed    
  15  pNy2         6.06093e+00   constant   
  16  w_vw         1.43032e+01   constant   
  17  LM           6.04551e-05   constant   
  18  wCBO_expCoeff   1.99998e+02   1.18148e-04  -0.00000e+00  -5.52940e+02
  19  wCBO_expOffset   2.00000e+02   3.37723e-05  -0.00000e+00   1.69194e+05
  20  wCBO_expT    3.00000e+01   1.00893e-05  -0.00000e+00  -4.01481e+03
  21  wCBO_linCoeff   0.00000e+00   constant   
  22  wCBO_const   7.21845e-03   2.92957e-03   0.00000e+00  -1.21470e+03
 MIGRAD FAILS TO FIND IMPROVEMENT
 FCN=532.822 FROM HESSE     STATUS=NOT POSDEF     37 CALLS        2630 TOTAL
                     EDM=4.20614    STRATEGY= 1      ERR MATRIX NOT POS-DEF
  EXT PARAMETER                APPROXIMATE        STEP         FIRST   
  NO.   NAME      VALUE            ERROR          SIZE      DERIVATIVE 
   1  N0           2.97532e+06     fixed    
   2  tau          6.44054e+01   constant   
   3  A0           3.48512e-01     fixed    
   4  phi          4.11544e+00     fixed    
   5  R           -6.09493e+01   constant   
   6  A_CBO        1.29030e-03     fixed    
   7  w_CBO        2.32604e+00     fixed    
   8  phi_CBO      1.94995e-01   6.35307e-01   1.92593e-03  -4.84723e+00
   9  ANx2         7.43781e-04   constant   
  10  pNx2         1.57222e+00   constant   
  11  ANy1         0.00000e+00   constant   
  12  pNy1         0.00000e+00   constant   
  13  w_y          0.00000e+00   constant   
  14  ANy2         4.10825e-05     fixed    
  15  pNy2         6.06093e+00   constant   
  16  w_vw         1.43032e+01   constant   
  17  LM           6.04551e-05   constant   
  18  wCBO_expCoeff   1.99998e+02   3.53224e-04   9.53666e-05  -2.14010e+04
  19  wCBO_expOffset   2.00000e+02   6.21229e-05   9.53675e-05  -1.37918e+05
  20  wCBO_expT    3.00000e+01   1.96108e-05   1.43051e-05   2.73488e+05
  21  wCBO_linCoeff   0.00000e+00   constant   
  22  wCBO_const   7.24479e-03   4.03085e-03   5.21554e-06  -2.76008e+03
 MIGRAD FAILS TO FIND IMPROVEMENT
 MIGRAD TERMINATED WITHOUT CONVERGENCE.
 FCN=531.033 FROM MIGRAD    STATUS=FAILED        313 CALLS        2697 TOTAL
                     EDM=1.31983    STRATEGY= 1      ERR MATRIX NOT POS-DEF
  EXT PARAMETER                APPROXIMATE        STEP         FIRST   
  NO.   NAME      VALUE            ERROR          SIZE      DERIVATIVE 
   1  N0           2.97532e+06     fixed    
   2  tau          6.44054e+01   constant   
   3  A0           3.48512e-01     fixed    
   4  phi          4.11544e+00     fixed    
   5  R           -6.09493e+01   constant   
   6  A_CBO        1.29030e-03     fixed    
   7  w_CBO        2.32604e+00     fixed    
   8  phi_CBO      4.36552e-01   5.55015e-01   0.00000e+00  -4.70705e+00
   9  ANx2         7.43781e-04   constant   
  10  pNx2         1.57222e+00   constant   
  11  ANy1         0.00000e+00   constant   
  12  pNy1         0.00000e+00   constant   
  13  w_y          0.00000e+00   constant   
  14  ANy2         4.10825e-05     fixed    
  15  pNy2         6.06093e+00   constant   
  16  w_vw         1.43032e+01   constant   
  17  LM           6.04551e-05   constant   
  18  wCBO_expCoeff   1.99998e+02   7.35598e-05  -0.00000e+00   1.70341e+04
  19  wCBO_expOffset   2.00000e+02   1.19482e-05   0.00000e+00   1.41933e+05
  20  wCBO_expT    3.00000e+01   3.74771e-06  -0.00000e+00   5.66740e+04
  21  wCBO_linCoeff   0.00000e+00   constant   
  22  wCBO_const   7.95752e-03   1.05210e-03   0.00000e+00   4.09515e+02
 EXTERNAL ERROR MATRIX.    NDIM=  25    NPAR=  5    ERR DEF=1
  3.080e-01 -3.151e-05  6.608e-06 -1.755e-06  4.952e-04 
 -3.151e-05  5.411e-09 -8.711e-10  2.023e-10 -7.550e-08 
  6.608e-06 -8.711e-10  1.428e-10 -4.489e-11  1.281e-08 
 -1.755e-06  2.023e-10 -4.489e-11  1.405e-11 -2.786e-09 
  4.952e-04 -7.550e-08  1.281e-08 -2.786e-09  1.107e-06 
ERR MATRIX NOT POS-DEF
 PARAMETER  CORRELATION COEFFICIENTS  
       NO.  GLOBAL      8     18     19     20     22
        8  0.97937   1.000 -0.772  0.996 -0.844  0.848
       18  0.99387  -0.772  1.000 -0.991  0.734 -0.976
       19  1.15080   0.996 -0.991  1.000 -1.002  1.019
       20  0.91557  -0.844  0.734 -1.002  1.000 -0.706
       22  0.99457   0.848 -0.976  1.019 -0.706  1.000
 ERR MATRIX NOT POS-DEF
MINUIT - FIT ONLY 1-y
 **********
 **   60 **RES 
 **********
                   PARAMETER   14  ANy2 RESTORED TO VARIABLE.
                   PARAMETER    7  w_CBO RESTORED TO VARIABLE.
                   PARAMETER    6  A_CBO RESTORED TO VARIABLE.
                   PARAMETER    4  phi RESTORED TO VARIABLE.
                   PARAMETER    3  A0 RESTORED TO VARIABLE.
                   PARAMETER    1  N0 RESTORED TO VARIABLE.
 **********
 **   61 **FIX            0
 **********
 PARAMETER    0  IS UNDEFINED. IGNORED.
 **********
 **   62 **FIX            1
 **********
 **********
 **   63 **FIX            2
 **********
 PARAMETER    2  IS CONSTANT.   IGNORED.
 **********
 **   64 **FIX            3
 **********
 **********
 **   65 **FIX            4
 **********
 **********
 **   66 **FIX            5
 **********
 PARAMETER    5  IS CONSTANT.   IGNORED.
 **********
 **   67 **FIX            6
 **********
 **********
 **   68 **FIX            7
 **********
 **********
 **   69 **FIX            8
 **********
 **********
 **   70 **FIX            9
 **********
 PARAMETER    9  IS CONSTANT.   IGNORED.
 **********
 **   71 **FIX           13
 **********
 PARAMETER   13  IS CONSTANT.   IGNORED.
 **********
 **   72 **FIX           14
 **********
 **********
 **   73 **FIX           15
 **********
 PARAMETER   15  IS CONSTANT.   IGNORED.
 **********
 **   74 **FIX           16
 **********
 PARAMETER   16  IS CONSTANT.   IGNORED.
 **********
 **   75 **MIGRAD
 **********
 START MIGRAD MINIMIZATION.  STRATEGY  1.  CONVERGENCE WHEN EDM .LT. 1.00e-04
 FCN=531.033 FROM MIGRAD    STATUS=INITIATE        8 CALLS        2705 TOTAL
                     EDM= unknown      STRATEGY= 1      NO ERROR MATRIX       
  EXT PARAMETER               CURRENT GUESS       STEP         FIRST   
  NO.   NAME      VALUE            ERROR          SIZE      DERIVATIVE 
   1  N0           2.97532e+06     fixed    
   2  tau          6.44054e+01   constant   
   3  A0           3.48512e-01     fixed    
   4  phi          4.11544e+00     fixed    
   5  R           -6.09493e+01   constant   
   6  A_CBO        1.29030e-03     fixed    
   7  w_CBO        2.32604e+00     fixed    
   8  phi_CBO      4.36552e-01     fixed    
   9  ANx2         7.43781e-04   constant   
  10  pNx2         1.57222e+00   constant   
  11  ANy1         0.00000e+00   constant   
  12  pNy1         0.00000e+00   constant   
  13  w_y          0.00000e+00   constant   
  14  ANy2         4.10825e-05     fixed    
  15  pNy2         6.06093e+00   constant   
  16  w_vw         1.43032e+01   constant   
  17  LM           6.04551e-05   constant   
  18  wCBO_expCoeff   1.99998e+02   7.35598e-05  -0.00000e+00   1.70341e+04
  19  wCBO_expOffset   2.00000e+02   1.19482e-05   0.00000e+00   1.41933e+05
  20  wCBO_expT    3.00000e+01   3.74771e-06  -0.00000e+00   5.66740e+04
  21  wCBO_linCoeff   0.00000e+00   constant   
  22  wCBO_const   7.95752e-03   1.05210e-03   0.00000e+00   4.09515e+02
 MIGRAD FAILS TO FIND IMPROVEMENT
 FCN=530.896 FROM HESSE     STATUS=NOT POSDEF     29 CALLS        2894 TOTAL
                     EDM=12.9836    STRATEGY= 1      ERR MATRIX NOT POS-DEF
  EXT PARAMETER                APPROXIMATE        STEP         FIRST   
  NO.   NAME      VALUE            ERROR          SIZE      DERIVATIVE 
   1  N0           2.97532e+06     fixed    
   2  tau          6.44054e+01   constant   
   3  A0           3.48512e-01     fixed    
   4  phi          4.11544e+00     fixed    
   5  R           -6.09493e+01   constant   
   6  A_CBO        1.29030e-03     fixed    
   7  w_CBO        2.32604e+00     fixed    
   8  phi_CBO      4.36552e-01     fixed    
   9  ANx2         7.43781e-04   constant   
  10  pNx2         1.57222e+00   constant   
  11  ANy1         0.00000e+00   constant   
  12  pNy1         0.00000e+00   constant   
  13  w_y          0.00000e+00   constant   
  14  ANy2         4.10825e-05     fixed    
  15  pNy2         6.06093e+00   constant   
  16  w_vw         1.43032e+01   constant   
  17  LM           6.04551e-05   constant   
  18  wCBO_expCoeff   1.99998e+02   4.25927e-04   9.53666e-05  -1.01716e+03
  19  wCBO_expOffset   2.00000e+02   7.56017e-05   9.53675e-05  -8.99135e+04
  20  wCBO_expT    3.00000e+01   2.55560e-05   1.43051e-05  -1.07665e+05
  21  wCBO_linCoeff   0.00000e+00   constant   
  22  wCBO_const   7.94923e-03   2.23738e-03   5.00169e-06  -1.29715e+03
 CALL LIMIT EXCEEDED IN MIGRAD.
 MIGRAD TERMINATED WITHOUT CONVERGENCE.
 FCN=529.429 FROM MIGRAD    STATUS=CALL LIMIT    687 CALLS        3384 TOTAL
                     EDM=4.45857    STRATEGY= 1      ERR MATRIX NOT POS-DEF
  EXT PARAMETER                APPROXIMATE        STEP         FIRST   
  NO.   NAME      VALUE            ERROR          SIZE      DERIVATIVE 
   1  N0           2.97532e+06     fixed    
   2  tau          6.44054e+01   constant   
   3  A0           3.48512e-01     fixed    
   4  phi          4.11544e+00     fixed    
   5  R           -6.09493e+01   constant   
   6  A_CBO        1.29030e-03     fixed    
   7  w_CBO        2.32604e+00     fixed    
   8  phi_CBO      4.36552e-01     fixed    
   9  ANx2         7.43781e-04   constant   
  10  pNx2         1.57222e+00   constant   
  11  ANy1         0.00000e+00   constant   
  12  pNy1         0.00000e+00   constant   
  13  w_y          0.00000e+00   constant   
  14  ANy2         4.10825e-05     fixed    
  15  pNy2         6.06093e+00   constant   
  16  w_vw         1.43032e+01   constant   
  17  LM           6.04551e-05   constant   
  18  wCBO_expCoeff   1.99998e+02   2.13030e-04   7.40139e-07  -1.86013e+04
  19  wCBO_expOffset   2.00000e+02   1.59482e-05  -5.62225e-08   1.57091e+05
  20  wCBO_expT    3.00000e+01   8.99762e-06   3.15966e-08   3.38889e+05
  21  wCBO_linCoeff   0.00000e+00   constant   
  22  wCBO_const   1.06500e-02   8.97758e-04   2.88507e-06  -1.12271e+03
 EXTERNAL ERROR MATRIX.    NDIM=  25    NPAR=  4    ERR DEF=1
  4.538e-08 -3.187e-09  1.827e-09  1.368e-07 
 -3.187e-09  2.543e-10 -1.428e-10 -1.276e-08 
  1.827e-09 -1.428e-10  8.096e-11  6.985e-09 
  1.368e-07 -1.276e-08  6.985e-09  8.060e-07 
ERR MATRIX NOT POS-DEF
 PARAMETER  CORRELATION COEFFICIENTS  
       NO.  GLOBAL     18     19     20     22
       18  0.97810   1.000 -0.938  0.953  0.716
       19  0.99733  -0.938  1.000 -0.995 -0.891
       20  0.99706   0.953 -0.995  1.000  0.865
       22  0.95765   0.716 -0.891  0.865  1.000
 ERR MATRIX NOT POS-DEF
MINUIT - FIT ONLY 2-y
 **********
 **   76 **RES 
 **********
                   PARAMETER   14  ANy2 RESTORED TO VARIABLE.
                   PARAMETER    8  phi_CBO RESTORED TO VARIABLE.
                   PARAMETER    7  w_CBO RESTORED TO VARIABLE.
                   PARAMETER    6  A_CBO RESTORED TO VARIABLE.
                   PARAMETER    4  phi RESTORED TO VARIABLE.
                   PARAMETER    3  A0 RESTORED TO VARIABLE.
                   PARAMETER    1  N0 RESTORED TO VARIABLE.
 **********
 **   77 **FIX            0
 **********
 PARAMETER    0  IS UNDEFINED. IGNORED.
 **********
 **   78 **FIX            1
 **********
 **********
 **   79 **FIX            2
 **********
 PARAMETER    2  IS CONSTANT.   IGNORED.
 **********
 **   80 **FIX            3
 **********
 **********
 **   81 **FIX            4
 **********
 **********
 **   82 **FIX            5
 **********
 PARAMETER    5  IS CONSTANT.   IGNORED.
 **********
 **   83 **FIX            6
 **********
 **********
 **   84 **FIX            7
 **********
 **********
 **   85 **FIX            8
 **********
 **********
 **   86 **FIX            9
 **********
 PARAMETER    9  IS CONSTANT.   IGNORED.
 **********
 **   87 **FIX           10
 **********
 PARAMETER   10  IS CONSTANT.   IGNORED.
 **********
 **   88 **FIX           11
 **********
 PARAMETER   11  IS CONSTANT.   IGNORED.
 **********
 **   89 **FIX           12
 **********
 PARAMETER   12  IS CONSTANT.   IGNORED.
 **********
 **   90 **FIX           16
 **********
 PARAMETER   16  IS CONSTANT.   IGNORED.
 **********
 **   91 **MIGRAD
 **********
 START MIGRAD MINIMIZATION.  STRATEGY  1.  CONVERGENCE WHEN EDM .LT. 1.00e-04
 FCN=529.429 FROM MIGRAD    STATUS=INITIATE       10 CALLS        3394 TOTAL
                     EDM= unknown      STRATEGY= 1      NO ERROR MATRIX       
  EXT PARAMETER               CURRENT GUESS       STEP         FIRST   
  NO.   NAME      VALUE            ERROR          SIZE      DERIVATIVE 
   1  N0           2.97532e+06     fixed    
   2  tau          6.44054e+01   constant   
