 + ++++++++++++++++++++++++++++++++++++++++++++++++++++++++++++++++++++ +
 +                                                                      +
 +           You have chose to blind your fitting according to          +
 +                omega_ref * (1 + (R +/- deltaR) *10^{-6})             +
 +                                                                      +
 + ++++++++++++++++++++++++++++++++++++++++++++++++++++++++++++++++++++ +
In main()...
reading format from /gm2data/zkhechad/run45/envelope/formats/formatB_sBin_constraintOn.txt
pBinTau 	= 0  
pBinPhi 	= 0  
constraintau 	= 1 
includeMopTerm 	= 0    
constrainMop    = 0   
Parameters after format file: pBinTau 0 pBinPhi 0 constraintau 1 includeMopTerm 0 constrainMop 0 c_e_scale 0.000000 
reading cbo reference file (full fit) from /gm2data/zkhechad/cboTemplates/Run4CBOTemplates/fullFits/run4/sBin_constraintOn_cE0.0_seed0_run4_calo5.root
A_CBO 0.008637 w_CBO 2.327270 phi_CBO 4.582201 N0 2703588.677157 R -62.169895 tau 64.408322 
Reading cboRef file /gm2data/zkhechad/cboTemplates/Run4CBOTemplates//cboIsolate/run4_calo5.root
deltaT 164.120000
windowBins = 1100
fitting sliding window 2060 from bin 2263 at 337.639600 to bin 3363 at 501.759600 (1100 bins)

Reading data from /gm2data/cornell/histograms/aMethod/histogram_a_run4.root
fitting cbo isolate
 **********
 **    1 **SET PRINTOUT            1
 **********
 **********
 **    2 **SET NOWARNINGS 
 **********
 PARAMETER DEFINITIONS:
    NO.   NAME         VALUE      STEP SIZE      LIMITS
     1 A_CBO        8.63683e-03  1.00000e-05     no limits
     2 w_CBO        2.32727e+00  1.00000e-02    2.00000e+00  3.00000e+00
     3 phi_CBO      4.58220e+00  1.00000e-02    0.00000e+00  6.28319e+00
 **********
 **    3 **MIGRAD
 **********
 FIRST CALL TO USER FUNCTION AT NEW START POINT, WITH IFLAG=4.
 START MIGRAD MINIMIZATION.  STRATEGY  1.  CONVERGENCE WHEN EDM .LT. 1.00e-04
 FCN=0.154407 FROM MIGRAD    STATUS=INITIATE       12 CALLS          13 TOTAL
                     EDM= unknown      STRATEGY= 1      NO ERROR MATRIX       
  EXT PARAMETER               CURRENT GUESS       STEP         FIRST   
  NO.   NAME      VALUE            ERROR          SIZE      DERIVATIVE 
   1  A_CBO        8.63683e-03   1.00000e-05   1.00000e-05   7.48834e+00
   2  w_CBO        2.32727e+00   1.00000e-02   2.13144e-02  -6.27790e-01
   3  phi_CBO      4.58220e+00   1.00000e-02   3.58191e-03   8.24007e-03
 MIGRAD MINIMIZATION HAS CONVERGED.
 MIGRAD WILL VERIFY CONVERGENCE AND ERROR MATRIX.
 COVARIANCE MATRIX CALCULATED SUCCESSFULLY
 FCN=0.128912 FROM MIGRAD    STATUS=CONVERGED      49 CALLS          50 TOTAL
                     EDM=3.56597e-05    STRATEGY= 1      ERROR MATRIX ACCURATE 
  EXT PARAMETER                                   STEP         FIRST   
  NO.   NAME      VALUE            ERROR          SIZE      DERIVATIVE 
   1  A_CBO        1.82567e-03   4.25814e-02   2.20877e-05  -5.33291e-02
   2  w_CBO        2.32751e+00   3.82751e-01   6.02923e-05  -1.74534e-03
   3  phi_CBO      4.49892e+00   3.14995e+00   4.11569e-03  -9.69576e-05
 EXTERNAL ERROR MATRIX.    NDIM=  25    NPAR=  3    ERR DEF=1
  1.813e-03 -3.695e-05 -1.096e-02 
 -3.695e-05  2.003e-01  8.416e+01 
 -1.096e-02  8.416e+01  3.589e+04 
 PARAMETER  CORRELATION COEFFICIENTS  
       NO.  GLOBAL      1      2      3
        1  0.00503   1.000 -0.002 -0.001
        2  0.99257  -0.002  1.000  0.993
        3  0.99257  -0.001  0.993  1.000
setting A_CBO=0.001826 w_CBO=2.327508, phi_CBO=4.498917
done fitting cbo isolate
 **********
 **    1 **SET PRINTOUT            1
 **********
 **********
 **    2 **SET NOWARNINGS 
 **********
 PARAMETER DEFINITIONS:
    NO.   NAME         VALUE      STEP SIZE      LIMITS
     1 N0           2.70359e+06  1.00000e+02     no limits
     2 tau          6.44083e+01  constant
     3 A0           3.58550e-01  1.00000e-04     no limits
     4 phi          4.11640e+00  1.00000e-02     no limits
     5 R           -6.21699e+01  constant
     6 A_CBO        1.82567e-03  1.00000e-05     no limits
     7 w_CBO        2.32751e+00  1.00000e-03     no limits
     8 phi_CBO      4.49892e+00  1.00000e-04     no limits
     9 ANx2         2.34902e-04  constant
    10 pNx2         5.38708e+00  constant
    11 ANy1         0.00000e+00  constant
    12 pNy1         0.00000e+00  constant
    13 w_y          0.00000e+00  constant
    14 ANy2         8.91556e-03  1.00000e-04     no limits
    15 pNy2         6.21709e+00  constant
    16 w_vw         1.43264e+01  constant
    17 LM           1.88334e-04  constant
    18 wCBO_expCoeff   2.00000e+02  1.00000e+00     no limits
    19 wCBO_expOffset   2.00000e+02  1.00000e+00     no limits
    20 wCBO_expT    3.00000e+01  1.00000e+00     no limits
    21 wCBO_linCoeff   0.00000e+00  constant
    22 wCBO_const   0.00000e+00  1.00000e-02     no limits
MINUIT - FIT ONLY WIGGLE
 **********
 **    3 **FIX            5
 **********
 PARAMETER    5  IS CONSTANT.   IGNORED.
 **********
 **    4 **FIX            6
 **********
 **********
 **    5 **FIX            7
 **********
 **********
 **    6 **FIX            8
 **********
 **********
 **    7 **FIX            9
 **********
 PARAMETER    9  IS CONSTANT.   IGNORED.
 **********
 **    8 **FIX           10
 **********
 PARAMETER   10  IS CONSTANT.   IGNORED.
 **********
 **    9 **FIX           11
 **********
 PARAMETER   11  IS CONSTANT.   IGNORED.
 **********
 **   10 **FIX           12
 **********
 PARAMETER   12  IS CONSTANT.   IGNORED.
 **********
 **   11 **FIX           13
 **********
 PARAMETER   13  IS CONSTANT.   IGNORED.
 **********
 **   12 **FIX           14
 **********
 **********
 **   13 **FIX           15
 **********
 PARAMETER   15  IS CONSTANT.   IGNORED.
 **********
 **   14 **FIX           16
 **********
 PARAMETER   16  IS CONSTANT.   IGNORED.
 **********
 **   15 **MIGRAD
 **********
 FIRST CALL TO USER FUNCTION AT NEW START POINT, WITH IFLAG=4.
 START MIGRAD MINIMIZATION.  STRATEGY  1.  CONVERGENCE WHEN EDM .LT. 1.00e-04
 FCN=464.044 FROM MIGRAD    STATUS=INITIATE       57 CALLS          58 TOTAL
                     EDM= unknown      STRATEGY= 1      NO ERROR MATRIX       
  EXT PARAMETER               CURRENT GUESS       STEP         FIRST   
  NO.   NAME      VALUE            ERROR          SIZE      DERIVATIVE 
   1  N0           2.70359e+06   1.00000e+02   0.00000e+00   9.14307e-05
   2  tau          6.44083e+01   constant   
   3  A0           3.58550e-01   1.00000e-04   0.00000e+00  -4.31019e+02
   4  phi          4.11640e+00   1.00000e-02   0.00000e+00   2.51699e+02
   5  R           -6.21699e+01   constant   
   6  A_CBO        1.82567e-03     fixed    
   7  w_CBO        2.32751e+00     fixed    
   8  phi_CBO      4.49892e+00     fixed    
   9  ANx2         2.34902e-04   constant   
  10  pNx2         5.38708e+00   constant   
  11  ANy1         0.00000e+00   constant   
  12  pNy1         0.00000e+00   constant   
  13  w_y          0.00000e+00   constant   
  14  ANy2         8.91556e-03     fixed    
  15  pNy2         6.21709e+00   constant   
  16  w_vw         1.43264e+01   constant   
  17  LM           1.88334e-04   constant   
  18  wCBO_expCoeff   2.00387e+02   1.00000e+00   3.87370e-01   3.48588e-02
  19  wCBO_expOffset   2.00000e+02   1.00000e+00   0.00000e+00   2.32846e-01
  20  wCBO_expT    3.00000e+01   1.00000e+00   0.00000e+00   9.93758e+00
  21  wCBO_linCoeff   0.00000e+00   constant   
  22  wCBO_const   0.00000e+00   1.00000e-02   0.00000e+00  -1.41894e+03
 MIGRAD MINIMIZATION HAS CONVERGED.
 FCN=460.716 FROM MIGRAD    STATUS=CONVERGED     261 CALLS         262 TOTAL
                     EDM=6.45222e-07    STRATEGY= 1  ERROR MATRIX UNCERTAINTY   1.7 per cent
  EXT PARAMETER                                   STEP         FIRST   
  NO.   NAME      VALUE            ERROR          SIZE      DERIVATIVE 
   1  N0           2.70362e+06   1.33633e+03  -2.24047e+00   8.37144e-07
   2  tau          6.44083e+01   constant   
   3  A0           3.58758e-01   6.63774e-04  -1.29550e-06  -7.30879e-01
   4  phi          4.11603e+00   1.91305e-03   1.48743e-06   2.45841e-01
   5  R           -6.21699e+01   constant   
   6  A_CBO        1.82567e-03     fixed    
   7  w_CBO        2.32751e+00     fixed    
   8  phi_CBO      4.49892e+00     fixed    
   9  ANx2         2.34902e-04   constant   
  10  pNx2         5.38708e+00   constant   
  11  ANy1         0.00000e+00   constant   
  12  pNy1         0.00000e+00   constant   
  13  w_y          0.00000e+00   constant   
  14  ANy2         8.91556e-03     fixed    
  15  pNy2         6.21709e+00   constant   
  16  w_vw         1.43264e+01   constant   
  17  LM           1.88334e-04   constant   
  18  wCBO_expCoeff   2.03272e+02   1.46368e+00  -6.78418e-04  -1.32656e-03
  19  wCBO_expOffset   2.00432e+02   2.18978e-01  -1.03695e-04  -9.04239e-03
  20  wCBO_expT    2.98089e+01   9.47894e-02   8.10798e-06  -5.45420e-02
  21  wCBO_linCoeff   0.00000e+00   constant   
  22  wCBO_const   3.98431e-03   1.69615e-03   1.74762e-06  -7.32795e-01
 EXTERNAL ERROR MATRIX.    NDIM=  25    NPAR=  7    ERR DEF=1
  1.786e+06 -1.913e-02  8.085e-02  9.089e+01  1.364e+01 -4.609e+00 -1.421e-01 
 -1.913e-02  4.406e-07 -2.186e-08  8.535e-05  1.273e-05 -6.042e-06  1.913e-07 
  8.085e-02 -2.186e-08  3.660e-06  4.339e-06  7.575e-07  8.554e-07 -2.686e-07 
  9.089e+01  8.535e-05  4.339e-06  2.142e+00  3.163e-01 -1.380e-01  1.996e-03 
  1.364e+01  1.273e-05  7.575e-07  3.163e-01  4.795e-02 -2.064e-02  2.986e-04 
 -4.609e+00 -6.042e-06  8.554e-07 -1.380e-01 -2.064e-02  8.985e-03 -1.342e-04 
 -1.421e-01  1.913e-07 -2.686e-07  1.996e-03  2.986e-04 -1.342e-04  2.877e-06 
 PARAMETER  CORRELATION COEFFICIENTS  
       NO.  GLOBAL      1      3      4     18     19     20     22
        1  0.18000   1.000 -0.022  0.032  0.046  0.047 -0.036 -0.063
        3  0.18935  -0.022  1.000 -0.017  0.088  0.088 -0.096  0.170
        4  0.14392   0.032 -0.017  1.000  0.002  0.002  0.005 -0.083
       18  0.99665   0.046  0.088  0.002  1.000  0.987 -0.994  0.804
       19  0.99669   0.047  0.088  0.002  0.987  1.000 -0.994  0.804
       20  0.99903  -0.036 -0.096  0.005 -0.994 -0.994  1.000 -0.835
       22  0.92417  -0.063  0.170 -0.083  0.804  0.804 -0.835  1.000
MINUIT - FIT ONLY 1-CBO + other amplitudes 
 **********
 **   16 **RES 
 **********
                   PARAMETER   14  ANy2 RESTORED TO VARIABLE.
                   PARAMETER    8  phi_CBO RESTORED TO VARIABLE.
                   PARAMETER    7  w_CBO RESTORED TO VARIABLE.
                   PARAMETER    6  A_CBO RESTORED TO VARIABLE.
 **********
 **   17 **FIX            0
 **********
 PARAMETER    0  IS UNDEFINED. IGNORED.
 **********
 **   18 **FIX            1
 **********
 **********
 **   19 **FIX            2
 **********
 PARAMETER    2  IS CONSTANT.   IGNORED.
 **********
 **   20 **FIX            3
 **********
 **********
 **   21 **FIX            4
 **********
 **********
 **   22 **FIX            9
 **********
 PARAMETER    9  IS CONSTANT.   IGNORED.
 **********
 **   23 **FIX           11
 **********
 PARAMETER   11  IS CONSTANT.   IGNORED.
 **********
 **   24 **FIX           12
 **********
 PARAMETER   12  IS CONSTANT.   IGNORED.
 **********
 **   25 **FIX           14
 **********
 **********
 **   26 **FIX           15
 **********
 PARAMETER   15  IS CONSTANT.   IGNORED.
 **********
 **   27 **FIX           16
 **********
 PARAMETER   16  IS CONSTANT.   IGNORED.
 **********
 **   28 **MIGRAD
 **********
 START MIGRAD MINIMIZATION.  STRATEGY  1.  CONVERGENCE WHEN EDM .LT. 1.00e-04
 FCN=460.716 FROM MIGRAD    STATUS=INITIATE       18 CALLS         280 TOTAL
                     EDM= unknown      STRATEGY= 1      NO ERROR MATRIX       
  EXT PARAMETER               CURRENT GUESS       STEP         FIRST   
  NO.   NAME      VALUE            ERROR          SIZE      DERIVATIVE 
   1  N0           2.70362e+06     fixed    
   2  tau          6.44083e+01   constant   
   3  A0           3.58758e-01     fixed    
   4  phi          4.11603e+00     fixed    
   5  R           -6.21699e+01   constant   
   6  A_CBO        1.82567e-03   1.00000e-05   1.00000e-05   4.64731e+03
   7  w_CBO        2.32751e+00   1.00000e-03   1.00000e-03  -4.12943e-01
   8  phi_CBO      4.49892e+00   1.00000e-04   1.00000e-04  -2.19104e+00
   9  ANx2         2.34902e-04   constant   
  10  pNx2         5.38708e+00   constant   
  11  ANy1         0.00000e+00   constant   
  12  pNy1         0.00000e+00   constant   
  13  w_y          0.00000e+00   constant   
  14  ANy2         8.91556e-03     fixed    
  15  pNy2         6.21709e+00   constant   
  16  w_vw         1.43264e+01   constant   
  17  LM           1.88334e-04   constant   
  18  wCBO_expCoeff   2.03272e+02   1.46368e+00  -6.78418e-04  -1.32481e-03
  19  wCBO_expOffset   2.00432e+02   2.18978e-01  -1.03695e-04  -9.03046e-03
  20  wCBO_expT    2.98089e+01   9.47894e-02   8.10798e-06  -5.44686e-02
  21  wCBO_linCoeff   0.00000e+00   constant   
  22  wCBO_const   3.98431e-03   1.69615e-03   1.74762e-06  -7.32675e-01
 MIGRAD MINIMIZATION HAS CONVERGED.
 MIGRAD WILL VERIFY CONVERGENCE AND ERROR MATRIX.
 COVARIANCE MATRIX CALCULATED SUCCESSFULLY
 FCN=456.806 FROM MIGRAD    STATUS=CONVERGED     238 CALLS         500 TOTAL
                     EDM=3.81583e-07    STRATEGY= 1      ERROR MATRIX ACCURATE 
  EXT PARAMETER                                   STEP         FIRST   
  NO.   NAME      VALUE            ERROR          SIZE      DERIVATIVE 
   1  N0           2.70362e+06     fixed    
   2  tau          6.44083e+01   constant   
   3  A0           3.58758e-01     fixed    
   4  phi          4.11603e+00     fixed    
   5  R           -6.21699e+01   constant   
   6  A_CBO        8.42236e-04   6.79536e-04   7.08980e-06   1.08871e+00
   7  w_CBO        2.32785e+00   1.79979e-02   6.99981e-06   8.91380e-02
   8  phi_CBO      5.86515e+00   1.17144e+00   8.62458e-03   4.34207e-04
   9  ANx2         2.34902e-04   constant   
  10  pNx2         5.38708e+00   constant   
  11  ANy1         0.00000e+00   constant   
  12  pNy1         0.00000e+00   constant   
  13  w_y          0.00000e+00   constant   
  14  ANy2         8.91556e-03     fixed    
  15  pNy2         6.21709e+00   constant   
  16  w_vw         1.43264e+01   constant   
  17  LM           1.88334e-04   constant   
  18  wCBO_expCoeff   2.03129e+02   1.87008e+00   1.11278e-03   1.34949e-03
  19  wCBO_expOffset   2.00411e+02   2.74584e-01   1.63323e-04   9.15396e-03
  20  wCBO_expT    2.98143e+01   5.20179e-02   3.29859e-05   3.98847e-02
  21  wCBO_linCoeff   0.00000e+00   constant   
  22  wCBO_const   5.05230e-03   7.72275e-03   6.08331e-06  -6.63515e-02
 EXTERNAL ERROR MATRIX.    NDIM=  25    NPAR=  7    ERR DEF=1
  4.618e-07  1.945e-07  6.539e-06  1.658e-05  2.431e-06 -1.725e-06 -3.957e-08 
  1.945e-07  3.239e-04  6.088e-04 -1.069e-02 -1.573e-03 -2.228e-04 -1.353e-04 
  6.539e-06  6.088e-04  1.372e+00  6.701e-02  9.815e-03 -9.121e-03  9.481e-04 
  1.658e-05 -1.069e-02  6.701e-02  3.497e+00 -2.334e-01 -3.146e-02  5.211e-03 
  2.431e-06 -1.573e-03  9.815e-03 -2.334e-01  7.540e-02 -4.615e-03  7.669e-04 
 -1.725e-06 -2.228e-04 -9.121e-03 -3.146e-02 -4.615e-03  2.706e-03  3.631e-05 
 -3.957e-08 -1.353e-04  9.481e-04  5.211e-03  7.669e-04  3.631e-05  5.964e-05 
 PARAMETER  CORRELATION COEFFICIENTS  
       NO.  GLOBAL      6      7      8     18     19     20     22
        6  0.05368   1.000  0.016  0.008  0.013  0.013 -0.049 -0.008
        7  0.99931   0.016  1.000  0.029 -0.317 -0.318 -0.238 -0.974
        8  0.70698   0.008  0.029  1.000  0.031  0.031 -0.150  0.105
       18  0.99838   0.013 -0.317  0.031  1.000 -0.454 -0.323  0.361
       19  0.99838   0.013 -0.318  0.031 -0.454  1.000 -0.323  0.362
       20  0.99816  -0.049 -0.238 -0.150 -0.323 -0.323  1.000  0.090
       22  0.99715  -0.008 -0.974  0.105  0.361  0.362  0.090  1.000
MINUIT - FIT ONLY 1-CBO
 **********
 **   29 **RES 
 **********
                   PARAMETER   14  ANy2 RESTORED TO VARIABLE.
                   PARAMETER    4  phi RESTORED TO VARIABLE.
                   PARAMETER    3  A0 RESTORED TO VARIABLE.
                   PARAMETER    1  N0 RESTORED TO VARIABLE.
 **********
 **   30 **FIX            0
 **********
 PARAMETER    0  IS UNDEFINED. IGNORED.
 **********
 **   31 **FIX            1
 **********
 **********
 **   32 **FIX            2
 **********
 PARAMETER    2  IS CONSTANT.   IGNORED.
 **********
 **   33 **FIX            3
 **********
 **********
 **   34 **FIX            4
 **********
 **********
 **   35 **FIX            8
 **********
 **********
 **   36 **FIX            9
 **********
 PARAMETER    9  IS CONSTANT.   IGNORED.
 **********
 **   37 **FIX           11
 **********
 PARAMETER   11  IS CONSTANT.   IGNORED.
 **********
 **   38 **FIX           12
 **********
 PARAMETER   12  IS CONSTANT.   IGNORED.
 **********
 **   39 **FIX           13
 **********
 PARAMETER   13  IS CONSTANT.   IGNORED.
 **********
 **   40 **FIX           15
 **********
 PARAMETER   15  IS CONSTANT.   IGNORED.
 **********
 **   41 **FIX           16
 **********
 PARAMETER   16  IS CONSTANT.   IGNORED.
 **********
 **   42 **MIGRAD
 **********
 START MIGRAD MINIMIZATION.  STRATEGY  1.  CONVERGENCE WHEN EDM .LT. 1.00e-04
 FCN=456.806 FROM MIGRAD    STATUS=INITIATE       16 CALLS         516 TOTAL
                     EDM= unknown      STRATEGY= 1      NO ERROR MATRIX       
  EXT PARAMETER               CURRENT GUESS       STEP         FIRST   
  NO.   NAME      VALUE            ERROR          SIZE      DERIVATIVE 
   1  N0           2.70362e+06     fixed    
   2  tau          6.44083e+01   constant   
   3  A0           3.58758e-01     fixed    
   4  phi          4.11603e+00     fixed    
   5  R           -6.21699e+01   constant   
   6  A_CBO        8.42236e-04   6.79536e-04   7.08980e-06   1.08871e+00
   7  w_CBO        2.32785e+00   1.79979e-02   6.99981e-06   8.83028e-02
   8  phi_CBO      5.86515e+00     fixed    
   9  ANx2         2.34902e-04   constant   
  10  pNx2         5.38708e+00   constant   
  11  ANy1         0.00000e+00   constant   
  12  pNy1         0.00000e+00   constant   
  13  w_y          0.00000e+00   constant   
  14  ANy2         8.91556e-03   1.00000e-04   1.00000e-04   3.86075e+04
  15  pNy2         6.21709e+00   constant   
  16  w_vw         1.43264e+01   constant   
  17  LM           1.88334e-04   constant   
  18  wCBO_expCoeff   2.03129e+02   1.87008e+00   1.11278e-03   1.33825e-03
  19  wCBO_expOffset   2.00411e+02   2.74584e-01   1.63323e-04   8.71564e-03
  20  wCBO_expT    2.98143e+01   5.20179e-02   3.29859e-05   3.82577e-02
  21  wCBO_linCoeff   0.00000e+00   constant   
  22  wCBO_const   5.05230e-03   7.72275e-03   6.08331e-06  -6.78774e-02
 MIGRAD MINIMIZATION HAS CONVERGED.
 MIGRAD WILL VERIFY CONVERGENCE AND ERROR MATRIX.
 FCN=280.129 FROM HESSE     STATUS=NOT POSDEF     50 CALLS         645 TOTAL
                     EDM=0.000920652    STRATEGY= 1      ERR MATRIX NOT POS-DEF
  EXT PARAMETER                APPROXIMATE        STEP         FIRST   
  NO.   NAME      VALUE            ERROR          SIZE      DERIVATIVE 
   1  N0           2.70362e+06     fixed    
   2  tau          6.44083e+01   constant   
   3  A0           3.58758e-01     fixed    
   4  phi          4.11603e+00     fixed    
   5  R           -6.21699e+01   constant   
   6  A_CBO        5.31066e-04   7.12375e-04   5.57082e-06  -4.28674e-02
   7  w_CBO        2.32786e+00   1.00940e-02   6.61135e-06   2.46437e-01
   8  phi_CBO      5.86515e+00     fixed    
   9  ANx2         2.34902e-04   constant   
  10  pNx2         5.38708e+00   constant   
  11  ANy1         0.00000e+00   constant   
  12  pNy1         0.00000e+00   constant   
  13  w_y          0.00000e+00   constant   
  14  ANy2        -2.36699e-04   6.86610e-04   5.63326e-06  -1.02994e+00
  15  pNy2         6.21709e+00   constant   
  16  w_vw         1.43264e+01   constant   
  17  LM           1.88334e-04   constant   
  18  wCBO_expCoeff   2.03118e+02   1.28973e+00   1.00166e-03   7.03344e-03
  19  wCBO_expOffset   2.00409e+02   1.89324e-01   1.47024e-04   4.79132e-02
  20  wCBO_expT    2.98141e+01   3.89185e-02   3.01520e-05  -1.36282e+00
  21  wCBO_linCoeff   0.00000e+00   constant   
  22  wCBO_const   5.13756e-03   4.48074e-03   6.16510e-06  -8.50672e-01
 MIGRAD MINIMIZATION HAS CONVERGED.
 MIGRAD WILL VERIFY CONVERGENCE AND ERROR MATRIX.
 FCN=280.123 FROM MIGRAD    STATUS=CONVERGED     227 CALLS         727 TOTAL
                     EDM=5.93946e-09    STRATEGY= 1      ERR MATRIX NOT POS-DEF
  EXT PARAMETER                APPROXIMATE        STEP         FIRST   
  NO.   NAME      VALUE            ERROR          SIZE      DERIVATIVE 
   1  N0           2.70362e+06     fixed    
   2  tau          6.44083e+01   constant   
   3  A0           3.58758e-01     fixed    
   4  phi          4.11603e+00     fixed    
   5  R           -6.21699e+01   constant   
   6  A_CBO        5.14191e-04   7.06443e-04   5.56210e-06   2.76088e-02
   7  w_CBO        2.32743e+00   9.97431e-03   6.53396e-06  -1.12810e-01
   8  phi_CBO      5.86515e+00     fixed    
   9  ANx2         2.34902e-04   constant   
  10  pNx2         5.38708e+00   constant   
  11  ANy1         0.00000e+00   constant   
  12  pNy1         0.00000e+00   constant   
  13  w_y          0.00000e+00   constant   
  14  ANy2        -2.37106e-04   6.86655e-04   5.63320e-06   3.55876e-02
  15  pNy2         6.21709e+00   constant   
  16  w_vw         1.43264e+01   constant   
  17  LM           1.88334e-04   constant   
  18  wCBO_expCoeff   2.03024e+02   1.30291e+00   9.88806e-04  -6.65345e-04
  19  wCBO_expOffset   2.00395e+02   1.91398e-01   1.45243e-04  -4.53126e-03
  20  wCBO_expT    2.98216e+01   3.89788e-02   2.97774e-05  -2.30606e-02
  21  wCBO_linCoeff   0.00000e+00   constant   
  22  wCBO_const   5.18551e-03   4.43036e-03   6.11949e-06  -1.26883e-01
 EXTERNAL ERROR MATRIX.    NDIM=  25    NPAR=  7    ERR DEF=1
  4.991e-07  1.707e-07  1.717e-08  4.420e-05  6.493e-06 -3.466e-06 -1.332e-07 
  1.707e-07  9.949e-05  7.772e-09 -3.059e-03 -4.499e-04 -8.477e-05 -4.106e-05 
  1.717e-08  7.772e-09  4.715e-07  2.440e-06  3.585e-07 -1.313e-07 -1.107e-08 
  4.420e-05 -3.059e-03  2.440e-06  1.698e+00 -1.212e-01 -1.921e-02  1.566e-03 
  6.493e-06 -4.499e-04  3.585e-07 -1.212e-01  3.663e-02 -2.821e-03  2.303e-04 
 -3.466e-06 -8.477e-05 -1.313e-07 -1.921e-02 -2.821e-03  1.519e-03  5.496e-06 
 -1.332e-07 -4.106e-05 -1.107e-08  1.566e-03  2.303e-04  5.496e-06  1.963e-05 
ERR MATRIX NOT POS-DEF
 PARAMETER  CORRELATION COEFFICIENTS  
       NO.  GLOBAL      6      7     14     18     19     20     22
        6  0.28299   1.000  0.024  0.035  0.048  0.048 -0.126 -0.043
        7  0.99681   0.024  1.000  0.001 -0.235 -0.236 -0.218 -0.929
       14  0.03727   0.035  0.001  1.000  0.003  0.003 -0.005 -0.004
       18  0.99572   0.048 -0.235  0.003  1.000 -0.486 -0.378  0.271
       19  0.99572   0.048 -0.236  0.003 -0.486  1.000 -0.378  0.272
       20  0.99566  -0.126 -0.218 -0.005 -0.378 -0.378  1.000  0.032
       22  0.98574  -0.043 -0.929 -0.004  0.271  0.272  0.032  1.000
 ERR MATRIX NOT POS-DEF
MINUIT - FIT ONLY 2-CBO
 **********
 **   43 **RES 
 **********
                   PARAMETER    8  phi_CBO RESTORED TO VARIABLE.
                   PARAMETER    4  phi RESTORED TO VARIABLE.
                   PARAMETER    3  A0 RESTORED TO VARIABLE.
                   PARAMETER    1  N0 RESTORED TO VARIABLE.
 **********
 **   44 **FIX            0
 **********
 PARAMETER    0  IS UNDEFINED. IGNORED.
 **********
 **   45 **FIX            1
 **********
 **********
 **   46 **FIX            2
 **********
 PARAMETER    2  IS CONSTANT.   IGNORED.
 **********
 **   47 **FIX            3
 **********
 **********
 **   48 **FIX            4
 **********
 **********
 **   49 **FIX            5
 **********
 PARAMETER    5  IS CONSTANT.   IGNORED.
 **********
 **   50 **FIX            6
 **********
 **********
 **   51 **FIX            7
 **********
 **********
 **   52 **FIX           10
 **********
 PARAMETER   10  IS CONSTANT.   IGNORED.
 **********
 **   53 **FIX           11
 **********
 PARAMETER   11  IS CONSTANT.   IGNORED.
 **********
 **   54 **FIX           12
 **********
 PARAMETER   12  IS CONSTANT.   IGNORED.
 **********
 **   55 **FIX           13
 **********
 PARAMETER   13  IS CONSTANT.   IGNORED.
 **********
 **   56 **FIX           14
 **********
 **********
 **   57 **FIX           15
 **********
 PARAMETER   15  IS CONSTANT.   IGNORED.
 **********
 **   58 **FIX           16
 **********
 PARAMETER   16  IS CONSTANT.   IGNORED.
 **********
 **   59 **MIGRAD
 **********
 START MIGRAD MINIMIZATION.  STRATEGY  1.  CONVERGENCE WHEN EDM .LT. 1.00e-04
 FCN=280.123 FROM MIGRAD    STATUS=INITIATE       12 CALLS         739 TOTAL
                     EDM= unknown      STRATEGY= 1      NO ERROR MATRIX       
  EXT PARAMETER               CURRENT GUESS       STEP         FIRST   
  NO.   NAME      VALUE            ERROR          SIZE      DERIVATIVE 
   1  N0           2.70362e+06     fixed    
   2  tau          6.44083e+01   constant   
   3  A0           3.58758e-01     fixed    
   4  phi          4.11603e+00     fixed    
   5  R           -6.21699e+01   constant   
   6  A_CBO        5.14191e-04     fixed    
   7  w_CBO        2.32743e+00     fixed    
   8  phi_CBO      5.86515e+00   1.17144e+00   1.17144e+00  -5.71228e-01
   9  ANx2         2.34902e-04   constant   
  10  pNx2         5.38708e+00   constant   
  11  ANy1         0.00000e+00   constant   
  12  pNy1         0.00000e+00   constant   
  13  w_y          0.00000e+00   constant   
  14  ANy2        -2.37106e-04     fixed    
  15  pNy2         6.21709e+00   constant   
  16  w_vw         1.43264e+01   constant   
  17  LM           1.88334e-04   constant   
  18  wCBO_expCoeff   2.03024e+02   1.30291e+00   9.88806e-04  -6.69250e-04
  19  wCBO_expOffset   2.00395e+02   1.91398e-01   1.45243e-04  -4.55396e-03
  20  wCBO_expT    2.98216e+01   3.89788e-02   2.97774e-05  -2.28286e-02
  21  wCBO_linCoeff   0.00000e+00   constant   
  22  wCBO_const   5.18551e-03   4.43036e-03   6.11949e-06  -1.22109e-01
 MIGRAD MINIMIZATION HAS CONVERGED.
 MIGRAD WILL VERIFY CONVERGENCE AND ERROR MATRIX.
 COVARIANCE MATRIX CALCULATED SUCCESSFULLY
 FCN=279.697 FROM MIGRAD    STATUS=CONVERGED     163 CALLS         890 TOTAL
                     EDM=4.78687e-07    STRATEGY= 1      ERROR MATRIX ACCURATE 
  EXT PARAMETER                                   STEP         FIRST   
  NO.   NAME      VALUE            ERROR          SIZE      DERIVATIVE 
   1  N0           2.70362e+06     fixed    
   2  tau          6.44083e+01   constant   
   3  A0           3.58758e-01     fixed    
   4  phi          4.11603e+00     fixed    
   5  R           -6.21699e+01   constant   
   6  A_CBO        5.14191e-04     fixed    
   7  w_CBO        2.32743e+00     fixed    
   8  phi_CBO      7.20894e+00   1.54702e+00   8.92870e-03  -5.96285e-04
   9  ANx2         2.34902e-04   constant   
  10  pNx2         5.38708e+00   constant   
  11  ANy1         0.00000e+00   constant   
  12  pNy1         0.00000e+00   constant   
  13  w_y          0.00000e+00   constant   
  14  ANy2        -2.37106e-04     fixed    
  15  pNy2         6.21709e+00   constant   
  16  w_vw         1.43264e+01   constant   
  17  LM           1.88334e-04   constant   
  18  wCBO_expCoeff   2.03784e+02   1.59344e+00   1.03114e-03   5.03180e-04
  19  wCBO_expOffset   2.00507e+02   2.32769e-01   1.50619e-04   3.44333e-03
  20  wCBO_expT    2.97677e+01   4.75900e-02   3.02986e-05   3.69925e-02
  21  wCBO_linCoeff   0.00000e+00   constant   
  22  wCBO_const   7.43815e-03   2.14205e-03   5.72660e-06   7.73074e-01
 EXTERNAL ERROR MATRIX.    NDIM=  25    NPAR=  5    ERR DEF=1
  2.393e+00  1.779e-01  2.598e-02 -1.737e-02  2.122e-03 
  1.779e-01  2.539e+00 -2.155e-01 -3.413e-02  7.037e-04 
  2.598e-02 -2.155e-01  5.418e-02 -4.986e-03  1.028e-04 
 -1.737e-02 -3.413e-02 -4.986e-03  2.265e-03 -5.987e-05 
  2.122e-03  7.037e-04  1.028e-04 -5.987e-05  4.588e-06 
 PARAMETER  CORRELATION COEFFICIENTS  
       NO.  GLOBAL      8     18     19     20     22
        8  0.70882   1.000  0.072  0.072 -0.236  0.640
       18  0.99686   0.072  1.000 -0.581 -0.450  0.206
       19  0.99686   0.072 -0.581  1.000 -0.450  0.206
       20  0.99696  -0.236 -0.450 -0.450  1.000 -0.587
       22  0.94505   0.640  0.206  0.206 -0.587  1.000
MINUIT - FIT ONLY 1-y
 **********
 **   60 **RES 
 **********
                   PARAMETER   14  ANy2 RESTORED TO VARIABLE.
                   PARAMETER    7  w_CBO RESTORED TO VARIABLE.
                   PARAMETER    6  A_CBO RESTORED TO VARIABLE.
                   PARAMETER    4  phi RESTORED TO VARIABLE.
                   PARAMETER    3  A0 RESTORED TO VARIABLE.
                   PARAMETER    1  N0 RESTORED TO VARIABLE.
 **********
 **   61 **FIX            0
 **********
 PARAMETER    0  IS UNDEFINED. IGNORED.
 **********
 **   62 **FIX            1
 **********
 **********
 **   63 **FIX            2
 **********
 PARAMETER    2  IS CONSTANT.   IGNORED.
 **********
 **   64 **FIX            3
 **********
 **********
 **   65 **FIX            4
 **********
 **********
 **   66 **FIX            5
 **********
 PARAMETER    5  IS CONSTANT.   IGNORED.
 **********
 **   67 **FIX            6
 **********
 **********
 **   68 **FIX            7
 **********
 **********
 **   69 **FIX            8
 **********
 **********
 **   70 **FIX            9
 **********
 PARAMETER    9  IS CONSTANT.   IGNORED.
 **********
 **   71 **FIX           13
 **********
 PARAMETER   13  IS CONSTANT.   IGNORED.
 **********
 **   72 **FIX           14
 **********
 **********
 **   73 **FIX           15
 **********
 PARAMETER   15  IS CONSTANT.   IGNORED.
 **********
 **   74 **FIX           16
 **********
 PARAMETER   16  IS CONSTANT.   IGNORED.
 **********
 **   75 **MIGRAD
 **********
 START MIGRAD MINIMIZATION.  STRATEGY  1.  CONVERGENCE WHEN EDM .LT. 1.00e-04
 FCN=279.697 FROM MIGRAD    STATUS=INITIATE        8 CALLS         898 TOTAL
                     EDM= unknown      STRATEGY= 1      NO ERROR MATRIX       
  EXT PARAMETER               CURRENT GUESS       STEP         FIRST   
  NO.   NAME      VALUE            ERROR          SIZE      DERIVATIVE 
   1  N0           2.70362e+06     fixed    
   2  tau          6.44083e+01   constant   
   3  A0           3.58758e-01     fixed    
   4  phi          4.11603e+00     fixed    
   5  R           -6.21699e+01   constant   
   6  A_CBO        5.14191e-04     fixed    
   7  w_CBO        2.32743e+00     fixed    
   8  phi_CBO      7.20894e+00     fixed    
   9  ANx2         2.34902e-04   constant   
  10  pNx2         5.38708e+00   constant   
  11  ANy1         0.00000e+00   constant   
  12  pNy1         0.00000e+00   constant   
  13  w_y          0.00000e+00   constant   
  14  ANy2        -2.37106e-04     fixed    
  15  pNy2         6.21709e+00   constant   
  16  w_vw         1.43264e+01   constant   
  17  LM           1.88334e-04   constant   
  18  wCBO_expCoeff   2.03784e+02   1.59344e+00   1.03114e-03   4.89822e-04
  19  wCBO_expOffset   2.00507e+02   2.32769e-01   1.50619e-04   3.21381e-03
  20  wCBO_expT    2.97677e+01   4.75900e-02   3.02986e-05   3.65098e-02
  21  wCBO_linCoeff   0.00000e+00   constant   
  22  wCBO_const   7.43815e-03   2.14205e-03   5.72660e-06   7.73574e-01
 MIGRAD MINIMIZATION HAS CONVERGED.
 MIGRAD WILL VERIFY CONVERGENCE AND ERROR MATRIX.
 COVARIANCE MATRIX CALCULATED SUCCESSFULLY
 FCN=279.697 FROM MIGRAD    STATUS=CONVERGED      41 CALLS         931 TOTAL
                     EDM=3.83744e-07    STRATEGY= 1      ERROR MATRIX ACCURATE 
  EXT PARAMETER                                   STEP         FIRST   
  NO.   NAME      VALUE            ERROR          SIZE      DERIVATIVE 
   1  N0           2.70362e+06     fixed    
   2  tau          6.44083e+01   constant   
   3  A0           3.58758e-01     fixed    
   4  phi          4.11603e+00     fixed    
   5  R           -6.21699e+01   constant   
   6  A_CBO        5.14191e-04     fixed    
   7  w_CBO        2.32743e+00     fixed    
   8  phi_CBO      7.20894e+00     fixed    
   9  ANx2         2.34902e-04   constant   
  10  pNx2         5.38708e+00   constant   
  11  ANy1         0.00000e+00   constant   
  12  pNy1         0.00000e+00   constant   
  13  w_y          0.00000e+00   constant   
  14  ANy2        -2.37106e-04     fixed    
  15  pNy2         6.21709e+00   constant   
  16  w_vw         1.43264e+01   constant   
  17  LM           1.88334e-04   constant   
  18  wCBO_expCoeff   2.03784e+02   1.58905e+00   1.03220e-03  -2.53076e-03
  19  wCBO_expOffset   2.00507e+02   2.32129e-01   1.50778e-04  -1.73599e-02
  20  wCBO_expT    2.97677e+01   4.62436e-02   3.03253e-05  -6.83657e-02
  21  wCBO_linCoeff   0.00000e+00   constant   
  22  wCBO_const   7.43804e-03   1.64533e-03   5.72897e-06   1.91933e-01
 EXTERNAL ERROR MATRIX.    NDIM=  25    NPAR=  4    ERR DEF=1
  2.525e+00 -2.173e-01 -3.284e-02  5.459e-04 
 -2.173e-01  5.388e-02 -4.797e-03  7.973e-05 
 -3.284e-02 -4.797e-03  2.138e-03 -4.446e-05 
  5.459e-04  7.973e-05 -4.446e-05  2.707e-06 
 PARAMETER  CORRELATION COEFFICIENTS  
       NO.  GLOBAL     18     19     20     22
       18  0.99684   1.000 -0.589 -0.447  0.209
       19  0.99684  -0.589  1.000 -0.447  0.209
       20  0.99678  -0.447 -0.447  1.000 -0.584
       22  0.90490   0.209  0.209 -0.584  1.000
MINUIT - FIT ONLY 2-y
 **********
 **   76 **RES 
 **********
                   PARAMETER   14  ANy2 RESTORED TO VARIABLE.
                   PARAMETER    8  phi_CBO RESTORED TO VARIABLE.
                   PARAMETER    7  w_CBO RESTORED TO VARIABLE.
                   PARAMETER    6  A_CBO RESTORED TO VARIABLE.
                   PARAMETER    4  phi RESTORED TO VARIABLE.
                   PARAMETER    3  A0 RESTORED TO VARIABLE.
                   PARAMETER    1  N0 RESTORED TO VARIABLE.
 **********
 **   77 **FIX            0
 **********
 PARAMETER    0  IS UNDEFINED. IGNORED.
 **********
 **   78 **FIX            1
 **********
 **********
 **   79 **FIX            2
 **********
 PARAMETER    2  IS CONSTANT.   IGNORED.
 **********
 **   80 **FIX            3
 **********
 **********
 **   81 **FIX            4
 **********
 **********
 **   82 **FIX            5
 **********
 PARAMETER    5  IS CONSTANT.   IGNORED.
 **********
 **   83 **FIX            6
 **********
 **********
 **   84 **FIX            7
 **********
 **********
 **   85 **FIX            8
 **********
 **********
 **   86 **FIX            9
 **********
 PARAMETER    9  IS CONSTANT.   IGNORED.
 **********
 **   87 **FIX           10
 **********
 PARAMETER   10  IS CONSTANT.   IGNORED.
 **********
 **   88 **FIX           11
 **********
 PARAMETER   11  IS CONSTANT.   IGNORED.
 **********
 **   89 **FIX           12
 **********
 PARAMETER   12  IS CONSTANT.   IGNORED.
 **********
 **   90 **FIX           16
 **********
 PARAMETER   16  IS CONSTANT.   IGNORED.
 **********
 **   91 **MIGRAD
 **********
 START MIGRAD MINIMIZATION.  STRATEGY  1.  CONVERGENCE WHEN EDM .LT. 1.00e-04
 FCN=279.697 FROM MIGRAD    STATUS=INITIATE       10 CALLS         941 TOTAL
                     EDM= unknown      STRATEGY= 1      NO ERROR MATRIX       
  EXT PARAMETER               CURRENT GUESS       STEP         FIRST   
  NO.   NAME      VALUE            ERROR          SIZE      DERIVATIVE 
   1  N0           2.70362e+06     fixed    
   2  tau          6.44083e+01   constant   
   3  A0           3.58758e-01     fixed    
   4  phi          4.11603e+00     fixed    
   5  R           -6.21699e+01   constant   
   6  A_CBO        5.14191e-04     fixed    
   7  w_CBO        2.32743e+00     fixed    
   8  phi_CBO      7.20894e+00     fixed    
   9  ANx2         2.34902e-04   constant   
  10  pNx2         5.38708e+00   constant   
  11  ANy1         0.00000e+00   constant   
  12  pNy1         0.00000e+00   constant   
  13  w_y          0.00000e+00   constant   
  14  ANy2        -2.37106e-04   6.86655e-04   6.86655e-04   1.25563e+02
  15  pNy2         6.21709e+00   constant   
  16  w_vw         1.43264e+01   constant   
  17  LM           1.88334e-04   constant   
  18  wCBO_expCoeff   2.03784e+02   1.58905e+00   1.03220e-03  -2.61187e-03
  19  wCBO_expOffset   2.00507e+02   2.32129e-01   1.50778e-04  -1.78781e-02
  20  wCBO_expT    2.97677e+01   4.62436e-02   3.03253e-05  -7.04671e-02
  21  wCBO_linCoeff   0.00000e+00   constant   
  22  wCBO_const   7.43804e-03   1.64533e-03   5.72897e-06   1.92441e-01
 MIGRAD MINIMIZATION HAS CONVERGED.
 MIGRAD WILL VERIFY CONVERGENCE AND ERROR MATRIX.
 COVARIANCE MATRIX CALCULATED SUCCESSFULLY
 FCN=279.695 FROM MIGRAD    STATUS=CONVERGED      52 CALLS         983 TOTAL
                     EDM=7.4418e-07    STRATEGY= 1      ERROR MATRIX ACCURATE 
  EXT PARAMETER                                   STEP         FIRST   
  NO.   NAME      VALUE            ERROR          SIZE      DERIVATIVE 
   1  N0           2.70362e+06     fixed    
   2  tau          6.44083e+01   constant   
   3  A0           3.58758e-01     fixed    
   4  phi          4.11603e+00     fixed    
   5  R           -6.21699e+01   constant   
   6  A_CBO        5.14191e-04     fixed    
   7  w_CBO        2.32743e+00     fixed    
   8  phi_CBO      7.20894e+00     fixed    
   9  ANx2         2.34902e-04   constant   
  10  pNx2         5.38708e+00   constant   
  11  ANy1         0.00000e+00   constant   
  12  pNy1         0.00000e+00   constant   
  13  w_y          0.00000e+00   constant   
  14  ANy2        -2.66828e-04   6.88089e-04   5.62880e-06  -8.49647e-03
  15  pNy2         6.21709e+00   constant   
  16  w_vw         1.43264e+01   constant   
  17  LM           1.88334e-04   constant   
  18  wCBO_expCoeff   2.03784e+02   1.58740e+00   1.03217e-03   8.55765e-03
  19  wCBO_expOffset   2.00507e+02   2.31881e-01   1.50773e-04   5.85492e-02
  20  wCBO_expT    2.97677e+01   4.62022e-02   3.03245e-05   3.05141e-01
  21  wCBO_linCoeff   0.00000e+00   constant   
  22  wCBO_const   7.43800e-03   1.64488e-03   5.72893e-06   1.54655e+00
 EXTERNAL ERROR MATRIX.    NDIM=  25    NPAR=  5    ERR DEF=1
  4.735e-07 -4.957e-07 -7.232e-08  7.309e-08 -5.806e-09 
 -4.957e-07  2.520e+00 -2.168e-01 -3.278e-02  5.449e-04 
 -7.232e-08 -2.168e-01  5.377e-02 -4.788e-03  7.957e-05 
  7.309e-08 -3.278e-02 -4.788e-03  2.135e-03 -4.439e-05 
 -5.806e-09  5.449e-04  7.957e-05 -4.439e-05  2.706e-06 
 PARAMETER  CORRELATION COEFFICIENTS  
       NO.  GLOBAL     14     18     19     20     22
       14  0.00860   1.000 -0.000 -0.000  0.002 -0.005
       18  0.99683  -0.000  1.000 -0.589 -0.447  0.209
       19  0.99683  -0.000 -0.589  1.000 -0.447  0.209
       20  0.99677   0.002 -0.447 -0.447  1.000 -0.584
       22  0.90484  -0.005  0.209  0.209 -0.584  1.000
MINUIT - FIT ALTOGETHER
 **********
 **   92 **RES 
 **********
                   PARAMETER    8  phi_CBO RESTORED TO VARIABLE.
                   PARAMETER    7  w_CBO RESTORED TO VARIABLE.
                   PARAMETER    6  A_CBO RESTORED TO VARIABLE.
                   PARAMETER    4  phi RESTORED TO VARIABLE.
                   PARAMETER    3  A0 RESTORED TO VARIABLE.
                   PARAMETER    1  N0 RESTORED TO VARIABLE.
 **********
 **   93 **MIGRAD
 **********
 START MIGRAD MINIMIZATION.  STRATEGY  1.  CONVERGENCE WHEN EDM .LT. 1.00e-04
 FCN=279.695 FROM MIGRAD    STATUS=INITIATE       22 CALLS        1005 TOTAL
                     EDM= unknown      STRATEGY= 1      NO ERROR MATRIX       
  EXT PARAMETER               CURRENT GUESS       STEP         FIRST   
  NO.   NAME      VALUE            ERROR          SIZE      DERIVATIVE 
   1  N0           2.70362e+06   1.33633e+03   1.33633e+03  -8.22626e-05
   2  tau          6.44083e+01   constant   
   3  A0           3.58758e-01   6.63774e-04   6.63774e-04   4.88095e+02
