 + ++++++++++++++++++++++++++++++++++++++++++++++++++++++++++++++++++++ +
 +                                                                      +
 +           You have chose to blind your fitting according to          +
 +                omega_ref * (1 + (R +/- deltaR) *10^{-6})             +
 +                                                                      +
 + ++++++++++++++++++++++++++++++++++++++++++++++++++++++++++++++++++++ +
In main()...
reading format from /gm2data/zkhechad/run45/envelope/formats/formatB_sBin_constraintOn.txt
pBinTau 	= 0  
pBinPhi 	= 0  
constraintau 	= 1 
includeMopTerm 	= 0    
constrainMop    = 0   
Parameters after format file: pBinTau 0 pBinPhi 0 constraintau 1 includeMopTerm 0 constrainMop 0 c_e_scale 0.000000 
reading cbo reference file (full fit) from /gm2data/zkhechad/cboTemplates/Run4CBOTemplates/fullFits/run4/sBin_constraintOn_cE0.0_seed0_run4_calo10.root
A_CBO 0.009734 w_CBO 2.326087 phi_CBO 0.029548 N0 2975169.599894 R -60.949257 tau 64.405372 
Reading cboRef file /gm2data/zkhechad/cboTemplates/Run4CBOTemplates//cboIsolate/run4_calo10.root
deltaT 164.120000
windowBins = 1100
fitting sliding window 1480 from bin 1683 at 251.103600 to bin 2783 at 415.223600 (1100 bins)

Reading data from /gm2data/cornell/histograms/aMethod/histogram_a_run4.root
fitting cbo isolate
 **********
 **    1 **SET PRINTOUT            1
 **********
 **********
 **    2 **SET NOWARNINGS 
 **********
 PARAMETER DEFINITIONS:
    NO.   NAME         VALUE      STEP SIZE      LIMITS
     1 A_CBO        9.73400e-03  1.00000e-05     no limits
     2 w_CBO        2.32609e+00  1.00000e-02    2.00000e+00  3.00000e+00
     3 phi_CBO      2.95478e-02  1.00000e-02    0.00000e+00  6.28319e+00
 **********
 **    3 **MIGRAD
 **********
 FIRST CALL TO USER FUNCTION AT NEW START POINT, WITH IFLAG=4.
 START MIGRAD MINIMIZATION.  STRATEGY  1.  CONVERGENCE WHEN EDM .LT. 1.00e-04
 FCN=0.0554181 FROM MIGRAD    STATUS=INITIATE       12 CALLS          13 TOTAL
                     EDM= unknown      STRATEGY= 1      NO ERROR MATRIX       
  EXT PARAMETER               CURRENT GUESS       STEP         FIRST   
  NO.   NAME      VALUE            ERROR          SIZE      DERIVATIVE 
   1  A_CBO        9.73400e-03   1.00000e-05   1.00000e-05   7.41752e+00
   2  w_CBO        2.32609e+00   1.00000e-02   2.13343e-02  -6.15532e-01
   3  phi_CBO      2.95478e-02   1.00000e-02   2.36132e-02   1.61951e-03
 MIGRAD MINIMIZATION HAS CONVERGED.
 MIGRAD WILL VERIFY CONVERGENCE AND ERROR MATRIX.
 COVARIANCE MATRIX CALCULATED SUCCESSFULLY
 FCN=0.0304229 FROM MIGRAD    STATUS=CONVERGED      41 CALLS          42 TOTAL
                     EDM=9.93522e-06    STRATEGY= 1      ERROR MATRIX ACCURATE 
  EXT PARAMETER                                   STEP         FIRST   
  NO.   NAME      VALUE            ERROR          SIZE      DERIVATIVE 
   1  A_CBO        3.01233e-03   4.25833e-02   2.11051e-05  -2.26471e-02
   2  w_CBO        2.32646e+00   4.22670e-02   4.47986e-05   4.78811e-02
   3  phi_CBO      3.20972e-03   4.39630e+00   2.34241e-02  -4.96344e-05
 EXTERNAL ERROR MATRIX.    NDIM=  25    NPAR=  3    ERR DEF=1
  1.813e-03 -5.811e-05 -1.062e-07 
 -5.811e-05  1.791e-03  1.502e-04 
 -1.062e-07  1.502e-04  4.033e-02 
 PARAMETER  CORRELATION COEFFICIENTS  
       NO.  GLOBAL      1      2      3
        1  0.03224   1.000 -0.032 -0.000
        2  0.03677  -0.032  1.000  0.018
        3  0.01768  -0.000  0.018  1.000
setting A_CBO=0.003012 w_CBO=2.326460, phi_CBO=0.003210
done fitting cbo isolate
 **********
 **    1 **SET PRINTOUT            1
 **********
 **********
 **    2 **SET NOWARNINGS 
 **********
 PARAMETER DEFINITIONS:
    NO.   NAME         VALUE      STEP SIZE      LIMITS
     1 N0           2.97517e+06  1.00000e+02     no limits
     2 tau          6.44054e+01  constant
     3 A0           3.48516e-01  1.00000e-04     no limits
     4 phi          4.11546e+00  1.00000e-02     no limits
     5 R           -6.09493e+01  constant
     6 A_CBO        3.01233e-03  1.00000e-05     no limits
     7 w_CBO        2.32646e+00  1.00000e-03     no limits
     8 phi_CBO      3.20972e-03  1.00000e-04     no limits
     9 ANx2         7.43781e-04  constant
    10 pNx2         1.57222e+00  constant
    11 ANy1         0.00000e+00  constant
    12 pNy1         0.00000e+00  constant
    13 w_y          0.00000e+00  constant
    14 ANy2         7.31057e-03  1.00000e-04     no limits
    15 pNy2         6.06093e+00  constant
    16 w_vw         1.43032e+01  constant
    17 LM           6.04551e-05  constant
    18 wCBO_expCoeff   2.00000e+02  1.00000e+00     no limits
    19 wCBO_expOffset   2.00000e+02  1.00000e+00     no limits
    20 wCBO_expT    3.00000e+01  1.00000e+00     no limits
    21 wCBO_linCoeff   0.00000e+00  constant
    22 wCBO_const   0.00000e+00  1.00000e-02     no limits
MINUIT - FIT ONLY WIGGLE
 **********
 **    3 **FIX            5
 **********
 PARAMETER    5  IS CONSTANT.   IGNORED.
 **********
 **    4 **FIX            6
 **********
 **********
 **    5 **FIX            7
 **********
 **********
 **    6 **FIX            8
 **********
 **********
 **    7 **FIX            9
 **********
 PARAMETER    9  IS CONSTANT.   IGNORED.
 **********
 **    8 **FIX           10
 **********
 PARAMETER   10  IS CONSTANT.   IGNORED.
 **********
 **    9 **FIX           11
 **********
 PARAMETER   11  IS CONSTANT.   IGNORED.
 **********
 **   10 **FIX           12
 **********
 PARAMETER   12  IS CONSTANT.   IGNORED.
 **********
 **   11 **FIX           13
 **********
 PARAMETER   13  IS CONSTANT.   IGNORED.
 **********
 **   12 **FIX           14
 **********
 **********
 **   13 **FIX           15
 **********
 PARAMETER   15  IS CONSTANT.   IGNORED.
 **********
 **   14 **FIX           16
 **********
 PARAMETER   16  IS CONSTANT.   IGNORED.
 **********
 **   15 **MIGRAD
 **********
 FIRST CALL TO USER FUNCTION AT NEW START POINT, WITH IFLAG=4.
 START MIGRAD MINIMIZATION.  STRATEGY  1.  CONVERGENCE WHEN EDM .LT. 1.00e-04
 FCN=911.143 FROM MIGRAD    STATUS=INITIATE       34 CALLS          35 TOTAL
                     EDM= unknown      STRATEGY= 1      NO ERROR MATRIX       
  EXT PARAMETER               CURRENT GUESS       STEP         FIRST   
  NO.   NAME      VALUE            ERROR          SIZE      DERIVATIVE 
   1  N0           2.97517e+06   1.00000e+02   1.00000e+02  -1.53100e-03
   2  tau          6.44054e+01   constant   
   3  A0           3.48516e-01   1.00000e-04   1.00000e-04  -4.81099e+03
   4  phi          4.11546e+00   1.00000e-02   1.00000e-02   5.05516e+02
   5  R           -6.09493e+01   constant   
   6  A_CBO        3.01233e-03     fixed    
   7  w_CBO        2.32646e+00     fixed    
   8  phi_CBO      3.20972e-03     fixed    
   9  ANx2         7.43781e-04   constant   
  10  pNx2         1.57222e+00   constant   
  11  ANy1         0.00000e+00   constant   
  12  pNy1         0.00000e+00   constant   
  13  w_y          0.00000e+00   constant   
  14  ANy2         7.31057e-03     fixed    
  15  pNy2         6.06093e+00   constant   
  16  w_vw         1.43032e+01   constant   
  17  LM           6.04551e-05   constant   
  18  wCBO_expCoeff   2.00000e+02   1.00000e+00   1.00000e+00  -2.82283e+03
  19  wCBO_expOffset   2.00000e+02   1.00000e+00   1.00000e+00  -1.87618e+04
  20  wCBO_expT    3.00000e+01   1.00000e+00   1.00000e+00  -4.08924e+04
  21  wCBO_linCoeff   0.00000e+00   constant   
  22  wCBO_const   0.00000e+00   1.00000e-02   1.00000e-02  -3.55175e+04
 MIGRAD MINIMIZATION HAS CONVERGED.
 FCN=860.706 FROM MIGRAD    STATUS=CONVERGED     280 CALLS         281 TOTAL
                     EDM=5.55519e-07    STRATEGY= 1  ERROR MATRIX UNCERTAINTY   2.2 per cent
  EXT PARAMETER                                   STEP         FIRST   
  NO.   NAME      VALUE            ERROR          SIZE      DERIVATIVE 
   1  N0           2.97557e+06   7.09916e+02   1.30417e+00   4.27980e-07
   2  tau          6.44054e+01   constant   
   3  A0           3.48640e-01   3.18612e-04   2.71804e-07  -9.17864e-02
   4  phi          4.11517e+00   9.64584e-04  -2.46501e-06   9.78524e-03
   5  R           -6.09493e+01   constant   
   6  A_CBO        3.01233e-03     fixed    
   7  w_CBO        2.32646e+00     fixed    
   8  phi_CBO      3.20972e-03     fixed    
   9  ANx2         7.43781e-04   constant   
  10  pNx2         1.57222e+00   constant   
  11  ANy1         0.00000e+00   constant   
  12  pNy1         0.00000e+00   constant   
  13  w_y          0.00000e+00   constant   
  14  ANy2         7.31057e-03     fixed    
  15  pNy2         6.06093e+00   constant   
  16  w_vw         1.43032e+01   constant   
  17  LM           6.04551e-05   constant   
  18  wCBO_expCoeff   2.00072e+02   1.20145e-02  -4.18615e-06   2.00969e-01
  19  wCBO_expOffset   2.00009e+02   1.60879e-03  -2.00703e-07  -2.66923e-01
  20  wCBO_expT    2.99916e+01   1.73738e-03  -3.87021e-07   1.93191e+00
  21  wCBO_linCoeff   0.00000e+00   constant   
  22  wCBO_const   1.10527e-02   6.13979e-04   1.59969e-06   3.31200e+00
 EXTERNAL ERROR MATRIX.    NDIM=  25    NPAR=  7    ERR DEF=1
  5.040e+05 -2.074e-03 -5.889e-03  1.917e-01  5.530e-02 -4.498e-02  1.220e-02 
 -2.074e-03  1.015e-07  2.398e-09 -3.644e-08  5.042e-09  2.407e-09 -4.509e-09 
 -5.889e-03  2.398e-09  9.304e-07  1.594e-06  1.530e-07 -1.870e-07  4.849e-08 
  1.917e-01 -3.644e-08  1.594e-06  1.443e-04  1.390e-05 -1.889e-05  4.911e-06 
  5.530e-02  5.042e-09  1.530e-07  1.390e-05  2.588e-06 -2.487e-06  6.518e-07 
 -4.498e-02  2.407e-09 -1.870e-07 -1.889e-05 -2.487e-06  3.018e-06 -8.989e-07 
  1.220e-02 -4.509e-09  4.849e-08  4.911e-06  6.518e-07 -8.989e-07  3.770e-07 
 PARAMETER  CORRELATION COEFFICIENTS  
       NO.  GLOBAL      1      3      4     18     19     20     22
        1  0.05386   1.000 -0.009 -0.009  0.022  0.048 -0.036  0.028
        3  0.05037  -0.009  1.000  0.008 -0.010  0.010  0.004 -0.023
        4  0.15868  -0.009  0.008  1.000  0.138  0.099 -0.112  0.082
       18  0.96295   0.022 -0.010  0.138  1.000  0.719 -0.905  0.666
       19  0.95457   0.048  0.010  0.099  0.719  1.000 -0.890  0.660
       20  0.99187  -0.036  0.004 -0.112 -0.905 -0.890  1.000 -0.843
       22  0.93452   0.028 -0.023  0.082  0.666  0.660 -0.843  1.000
MINUIT - FIT ONLY 1-CBO + other amplitudes 
 **********
 **   16 **RES 
 **********
                   PARAMETER   14  ANy2 RESTORED TO VARIABLE.
                   PARAMETER    8  phi_CBO RESTORED TO VARIABLE.
                   PARAMETER    7  w_CBO RESTORED TO VARIABLE.
                   PARAMETER    6  A_CBO RESTORED TO VARIABLE.
 **********
 **   17 **FIX            0
 **********
 PARAMETER    0  IS UNDEFINED. IGNORED.
 **********
 **   18 **FIX            1
 **********
 **********
 **   19 **FIX            2
 **********
 PARAMETER    2  IS CONSTANT.   IGNORED.
 **********
 **   20 **FIX            3
 **********
 **********
 **   21 **FIX            4
 **********
 **********
 **   22 **FIX            9
 **********
 PARAMETER    9  IS CONSTANT.   IGNORED.
 **********
 **   23 **FIX           11
 **********
 PARAMETER   11  IS CONSTANT.   IGNORED.
 **********
 **   24 **FIX           12
 **********
 PARAMETER   12  IS CONSTANT.   IGNORED.
 **********
 **   25 **FIX           14
 **********
 **********
 **   26 **FIX           15
 **********
 PARAMETER   15  IS CONSTANT.   IGNORED.
 **********
 **   27 **FIX           16
 **********
 PARAMETER   16  IS CONSTANT.   IGNORED.
 **********
 **   28 **MIGRAD
 **********
 START MIGRAD MINIMIZATION.  STRATEGY  1.  CONVERGENCE WHEN EDM .LT. 1.00e-04
 FCN=860.706 FROM MIGRAD    STATUS=INITIATE       20 CALLS         301 TOTAL
                     EDM= unknown      STRATEGY= 1      NO ERROR MATRIX       
  EXT PARAMETER               CURRENT GUESS       STEP         FIRST   
  NO.   NAME      VALUE            ERROR          SIZE      DERIVATIVE 
   1  N0           2.97557e+06     fixed    
   2  tau          6.44054e+01   constant   
   3  A0           3.48640e-01     fixed    
   4  phi          4.11517e+00     fixed    
   5  R           -6.09493e+01   constant   
   6  A_CBO        3.01233e-03   1.00000e-05   1.00000e-05   3.05685e+04
   7  w_CBO        2.32646e+00   1.00000e-03   1.00000e-03   1.83281e+01
   8  phi_CBO      3.20972e-03   1.00000e-04   1.00000e-04   3.16798e+00
   9  ANx2         7.43781e-04   constant   
  10  pNx2         1.57222e+00   constant   
  11  ANy1         0.00000e+00   constant   
  12  pNy1         0.00000e+00   constant   
  13  w_y          0.00000e+00   constant   
  14  ANy2         7.31057e-03     fixed    
  15  pNy2         6.06093e+00   constant   
  16  w_vw         1.43032e+01   constant   
  17  LM           6.04551e-05   constant   
  18  wCBO_expCoeff   2.00072e+02   1.20145e-02  -4.18615e-06   2.00969e-01
  19  wCBO_expOffset   2.00009e+02   1.60879e-03  -2.00703e-07  -2.66923e-01
  20  wCBO_expT    2.99916e+01   1.73738e-03  -3.87021e-07   1.93191e+00
  21  wCBO_linCoeff   0.00000e+00   constant   
  22  wCBO_const   1.10527e-02   6.13979e-04   1.59969e-06   3.31200e+00
 MIGRAD MINIMIZATION HAS CONVERGED.
 FCN=828.581 FROM MIGRAD    STATUS=CONVERGED     301 CALLS         582 TOTAL
                     EDM=6.00444e-07    STRATEGY= 1  ERROR MATRIX UNCERTAINTY   4.8 per cent
  EXT PARAMETER                                   STEP         FIRST   
  NO.   NAME      VALUE            ERROR          SIZE      DERIVATIVE 
   1  N0           2.97557e+06     fixed    
   2  tau          6.44054e+01   constant   
   3  A0           3.48640e-01     fixed    
   4  phi          4.11517e+00     fixed    
   5  R           -6.09493e+01   constant   
   6  A_CBO        8.58880e-04   3.75254e-04   5.46321e-07  -1.22433e-01
   7  w_CBO        2.32608e+00   1.30786e-04  -1.83603e-08   1.41838e+01
   8  phi_CBO     -5.03732e-01   4.73118e-01   4.84460e-04  -1.82475e-05
   9  ANx2         7.43781e-04   constant   
  10  pNx2         1.57222e+00   constant   
  11  ANy1         0.00000e+00   constant   
  12  pNy1         0.00000e+00   constant   
  13  w_y          0.00000e+00   constant   
  14  ANy2         7.31057e-03     fixed    
  15  pNy2         6.06093e+00   constant   
  16  w_vw         1.43032e+01   constant   
  17  LM           6.04551e-05   constant   
  18  wCBO_expCoeff   2.00038e+02   1.20047e-02  -5.82907e-07   1.66118e-01
  19  wCBO_expOffset   2.00004e+02   1.76711e-03   3.82154e-07  -2.11404e+00
  20  wCBO_expT    2.99988e+01   2.75058e-03   5.69828e-07  -6.98645e-03
  21  wCBO_linCoeff   0.00000e+00   constant   
  22  wCBO_const   9.34510e-03   7.72794e-04  -9.33820e-07  -1.07156e-01
 EXTERNAL ERROR MATRIX.    NDIM=  25    NPAR=  7    ERR DEF=1
  1.408e-07  1.840e-08 -1.316e-05  1.718e-06  2.788e-07 -3.895e-07  5.136e-08 
  1.840e-08  1.711e-08 -1.321e-05  1.434e-06  2.084e-07 -3.464e-07  6.458e-08 
 -1.316e-05 -1.321e-05  2.238e-01 -1.378e-03 -1.704e-04  2.449e-04  7.508e-05 
  1.718e-06  1.434e-06 -1.378e-03  1.441e-04  1.922e-05 -3.162e-05  5.556e-06 
  2.788e-07  2.084e-07 -1.704e-04  1.922e-05  3.123e-06 -4.602e-06  7.661e-07 
 -3.895e-07 -3.464e-07  2.449e-04 -3.162e-05 -4.602e-06  7.566e-06 -1.528e-06 
  5.136e-08  6.458e-08  7.508e-05  5.556e-06  7.661e-07 -1.528e-06  5.972e-07 
 PARAMETER  CORRELATION COEFFICIENTS  
       NO.  GLOBAL      6      7      8     18     19     20     22
        6  0.44132   1.000  0.375 -0.074  0.381  0.420 -0.377  0.177
        7  0.97648   0.375  1.000 -0.214  0.913  0.902 -0.963  0.639
        8  0.59155  -0.074 -0.214  1.000 -0.243 -0.204  0.188  0.205
       18  0.97669   0.381  0.913 -0.243  1.000  0.906 -0.958  0.599
       19  0.97726   0.420  0.902 -0.204  0.906  1.000 -0.947  0.561
       20  0.99684  -0.377 -0.963  0.188 -0.958 -0.947  1.000 -0.719
       22  0.93662   0.177  0.639  0.205  0.599  0.561 -0.719  1.000
MINUIT - FIT ONLY 1-CBO
 **********
 **   29 **RES 
 **********
                   PARAMETER   14  ANy2 RESTORED TO VARIABLE.
                   PARAMETER    4  phi RESTORED TO VARIABLE.
                   PARAMETER    3  A0 RESTORED TO VARIABLE.
                   PARAMETER    1  N0 RESTORED TO VARIABLE.
 **********
 **   30 **FIX            0
 **********
 PARAMETER    0  IS UNDEFINED. IGNORED.
 **********
 **   31 **FIX            1
 **********
 **********
 **   32 **FIX            2
 **********
 PARAMETER    2  IS CONSTANT.   IGNORED.
 **********
 **   33 **FIX            3
 **********
 **********
 **   34 **FIX            4
 **********
 **********
 **   35 **FIX            8
 **********
 **********
 **   36 **FIX            9
 **********
 PARAMETER    9  IS CONSTANT.   IGNORED.
 **********
 **   37 **FIX           11
 **********
 PARAMETER   11  IS CONSTANT.   IGNORED.
 **********
 **   38 **FIX           12
 **********
 PARAMETER   12  IS CONSTANT.   IGNORED.
 **********
 **   39 **FIX           13
 **********
 PARAMETER   13  IS CONSTANT.   IGNORED.
 **********
 **   40 **FIX           15
 **********
 PARAMETER   15  IS CONSTANT.   IGNORED.
 **********
 **   41 **FIX           16
 **********
 PARAMETER   16  IS CONSTANT.   IGNORED.
 **********
 **   42 **MIGRAD
 **********
 START MIGRAD MINIMIZATION.  STRATEGY  1.  CONVERGENCE WHEN EDM .LT. 1.00e-04
 FCN=828.581 FROM MIGRAD    STATUS=INITIATE       16 CALLS         598 TOTAL
                     EDM= unknown      STRATEGY= 1      NO ERROR MATRIX       
  EXT PARAMETER               CURRENT GUESS       STEP         FIRST   
  NO.   NAME      VALUE            ERROR          SIZE      DERIVATIVE 
   1  N0           2.97557e+06     fixed    
   2  tau          6.44054e+01   constant   
   3  A0           3.48640e-01     fixed    
   4  phi          4.11517e+00     fixed    
   5  R           -6.09493e+01   constant   
   6  A_CBO        8.58880e-04   3.75254e-04   5.46321e-07  -1.22433e-01
   7  w_CBO        2.32608e+00   1.30786e-04  -1.83603e-08   1.41838e+01
   8  phi_CBO     -5.03732e-01     fixed    
   9  ANx2         7.43781e-04   constant   
  10  pNx2         1.57222e+00   constant   
  11  ANy1         0.00000e+00   constant   
  12  pNy1         0.00000e+00   constant   
  13  w_y          0.00000e+00   constant   
  14  ANy2         7.31057e-03   1.00000e-04   1.00000e-04   1.26045e+05
  15  pNy2         6.06093e+00   constant   
  16  w_vw         1.43032e+01   constant   
  17  LM           6.04551e-05   constant   
  18  wCBO_expCoeff   2.00038e+02   1.20047e-02  -5.82907e-07   1.66118e-01
  19  wCBO_expOffset   2.00004e+02   1.76711e-03   3.82154e-07  -2.11404e+00
  20  wCBO_expT    2.99988e+01   2.75058e-03   5.69828e-07  -6.98645e-03
  21  wCBO_linCoeff   0.00000e+00   constant   
  22  wCBO_const   9.34510e-03   7.72794e-04  -9.33820e-07  -1.07151e-01
 MIGRAD MINIMIZATION HAS CONVERGED.
 MIGRAD WILL VERIFY CONVERGENCE AND ERROR MATRIX.
 COVARIANCE MATRIX CALCULATED SUCCESSFULLY
 FCN=372.003 FROM MIGRAD    STATUS=CONVERGED     216 CALLS         798 TOTAL
                     EDM=1.53777e-06    STRATEGY= 1      ERROR MATRIX ACCURATE 
  EXT PARAMETER                                   STEP         FIRST   
  NO.   NAME      VALUE            ERROR          SIZE      DERIVATIVE 
   1  N0           2.97557e+06     fixed    
   2  tau          6.44054e+01   constant   
   3  A0           3.48640e-01     fixed    
   4  phi          4.11517e+00     fixed    
   5  R           -6.09493e+01   constant   
   6  A_CBO        1.94721e-04   3.51237e-04   3.18483e-06   8.84415e-02
   7  w_CBO        2.32603e+00   6.17996e-04   1.10914e-06   1.30787e+01
   8  phi_CBO     -5.03732e-01     fixed    
   9  ANx2         7.43781e-04   constant   
  10  pNx2         1.57222e+00   constant   
  11  ANy1         0.00000e+00   constant   
  12  pNy1         0.00000e+00   constant   
  13  w_y          0.00000e+00   constant   
  14  ANy2         6.51861e-05   3.39030e-04   3.17843e-06   3.87440e-01
  15  pNy2         6.06093e+00   constant   
  16  w_vw         1.43032e+01   constant   
  17  LM           6.04551e-05   constant   
  18  wCBO_expCoeff   2.00032e+02   5.38706e-02   9.53827e-05   1.49598e-01
  19  wCBO_expOffset   2.00004e+02   3.85482e-03   9.53691e-05   9.90302e-01
  20  wCBO_expT    3.00000e+01   2.12109e-03   1.43051e-05   1.09826e+00
  21  wCBO_linCoeff   0.00000e+00   constant   
  22  wCBO_const   9.65281e-03   8.72702e-04   3.18842e-06   5.26387e-01
 EXTERNAL ERROR MATRIX.    NDIM=  25    NPAR=  7    ERR DEF=1
  1.234e-07  3.722e-09  9.062e-09  3.674e-07  1.793e-08 -1.918e-08 -5.026e-08 
  3.722e-09  3.819e-07  8.440e-11 -2.626e-05 -5.021e-07 -2.673e-07 -1.109e-07 
  9.062e-09  8.440e-11  1.149e-07  1.403e-08 -3.324e-09  3.591e-09 -1.350e-08 
  3.674e-07 -2.626e-05  1.403e-08  2.902e-03 -4.968e-05 -2.577e-05  1.658e-05 
  1.793e-08 -5.021e-07 -3.324e-09 -4.968e-05  1.486e-05 -4.296e-07  2.763e-07 
 -1.918e-08 -2.673e-07  3.591e-09 -2.577e-05 -4.296e-07  4.499e-06 -1.085e-06 
 -5.026e-08 -1.109e-07 -1.350e-08  1.658e-05  2.763e-07 -1.085e-06  7.616e-07 
 PARAMETER  CORRELATION COEFFICIENTS  
       NO.  GLOBAL      6      7     14     18     19     20     22
        6  0.27453   1.000  0.017  0.076  0.019  0.013 -0.026 -0.164
        7  0.99822   0.017  1.000  0.000 -0.789 -0.211 -0.204 -0.206
       14  0.10809   0.076  0.000  1.000  0.001 -0.003  0.005 -0.046
       18  0.99812   0.019 -0.789  0.001  1.000 -0.239 -0.226  0.353
       19  0.99171   0.013 -0.211 -0.003 -0.239  1.000 -0.053  0.082
       20  0.99363  -0.026 -0.204  0.005 -0.226 -0.053  1.000 -0.586
       22  0.92192  -0.164 -0.206 -0.046  0.353  0.082 -0.586  1.000
MINUIT - FIT ONLY 2-CBO
 **********
 **   43 **RES 
 **********
                   PARAMETER    8  phi_CBO RESTORED TO VARIABLE.
                   PARAMETER    4  phi RESTORED TO VARIABLE.
                   PARAMETER    3  A0 RESTORED TO VARIABLE.
                   PARAMETER    1  N0 RESTORED TO VARIABLE.
 **********
 **   44 **FIX            0
 **********
 PARAMETER    0  IS UNDEFINED. IGNORED.
 **********
 **   45 **FIX            1
 **********
 **********
 **   46 **FIX            2
 **********
 PARAMETER    2  IS CONSTANT.   IGNORED.
 **********
 **   47 **FIX            3
 **********
 **********
 **   48 **FIX            4
 **********
 **********
 **   49 **FIX            5
 **********
 PARAMETER    5  IS CONSTANT.   IGNORED.
 **********
 **   50 **FIX            6
 **********
 **********
 **   51 **FIX            7
 **********
 **********
 **   52 **FIX           10
 **********
 PARAMETER   10  IS CONSTANT.   IGNORED.
 **********
 **   53 **FIX           11
 **********
 PARAMETER   11  IS CONSTANT.   IGNORED.
 **********
 **   54 **FIX           12
 **********
 PARAMETER   12  IS CONSTANT.   IGNORED.
 **********
 **   55 **FIX           13
 **********
 PARAMETER   13  IS CONSTANT.   IGNORED.
 **********
 **   56 **FIX           14
 **********
 **********
 **   57 **FIX           15
 **********
 PARAMETER   15  IS CONSTANT.   IGNORED.
 **********
 **   58 **FIX           16
 **********
 PARAMETER   16  IS CONSTANT.   IGNORED.
 **********
 **   59 **MIGRAD
 **********
 START MIGRAD MINIMIZATION.  STRATEGY  1.  CONVERGENCE WHEN EDM .LT. 1.00e-04
 FCN=372.003 FROM MIGRAD    STATUS=INITIATE       12 CALLS         810 TOTAL
                     EDM= unknown      STRATEGY= 1      NO ERROR MATRIX       
  EXT PARAMETER               CURRENT GUESS       STEP         FIRST   
  NO.   NAME      VALUE            ERROR          SIZE      DERIVATIVE 
   1  N0           2.97557e+06     fixed    
   2  tau          6.44054e+01   constant   
   3  A0           3.48640e-01     fixed    
   4  phi          4.11517e+00     fixed    
   5  R           -6.09493e+01   constant   
   6  A_CBO        1.94721e-04     fixed    
   7  w_CBO        2.32603e+00     fixed    
   8  phi_CBO     -5.03732e-01   4.73118e-01   4.73118e-01  -2.13987e-01
   9  ANx2         7.43781e-04   constant   
  10  pNx2         1.57222e+00   constant   
  11  ANy1         0.00000e+00   constant   
  12  pNy1         0.00000e+00   constant   
  13  w_y          0.00000e+00   constant   
  14  ANy2         6.51861e-05     fixed    
  15  pNy2         6.06093e+00   constant   
  16  w_vw         1.43032e+01   constant   
  17  LM           6.04551e-05   constant   
  18  wCBO_expCoeff   2.00032e+02   5.38706e-02   9.53827e-05   1.45441e-01
  19  wCBO_expOffset   2.00004e+02   3.85482e-03   9.53691e-05  -6.33430e-01
  20  wCBO_expT    3.00000e+01   2.12109e-03   1.43051e-05   7.86961e-01
  21  wCBO_linCoeff   0.00000e+00   constant   
  22  wCBO_const   9.65281e-03   8.72702e-04   3.18842e-06   5.20147e-01
 MIGRAD MINIMIZATION HAS CONVERGED.
 MIGRAD WILL VERIFY CONVERGENCE AND ERROR MATRIX.
 COVARIANCE MATRIX CALCULATED SUCCESSFULLY
 FCN=371.968 FROM HESSE     STATUS=OK             33 CALLS         890 TOTAL
                     EDM=7.09297e-05    STRATEGY= 1      ERROR MATRIX ACCURATE 
  EXT PARAMETER                                   STEP         FIRST   
  NO.   NAME      VALUE            ERROR          SIZE      DERIVATIVE 
   1  N0           2.97557e+06     fixed    
   2  tau          6.44054e+01   constant   
   3  A0           3.48640e-01     fixed    
   4  phi          4.11517e+00     fixed    
   5  R           -6.09493e+01   constant   
   6  A_CBO        1.94721e-04     fixed    
   7  w_CBO        2.32603e+00     fixed    
   8  phi_CBO     -1.77152e-01   1.73515e+00   1.57542e-02   8.18432e-04
   9  ANx2         7.43781e-04   constant   
  10  pNx2         1.57222e+00   constant   
  11  ANy1         0.00000e+00   constant   
  12  pNy1         0.00000e+00   constant   
  13  w_y          0.00000e+00   constant   
  14  ANy2         6.51861e-05     fixed    
  15  pNy2         6.06093e+00   constant   
  16  w_vw         1.43032e+01   constant   
  17  LM           6.04551e-05   constant   
  18  wCBO_expCoeff   2.00032e+02   3.27681e-02   9.53826e-05   2.16515e-01
  19  wCBO_expOffset   2.00003e+02   3.72684e-03   9.53691e-05   1.43622e+00
  20  wCBO_expT    3.00000e+01   2.06382e-03   1.43051e-05   1.08563e+01
  21  wCBO_linCoeff   0.00000e+00   constant   
  22  wCBO_const   9.68290e-03   8.50764e-04   3.18769e-06   8.14827e-01
 MIGRAD MINIMIZATION HAS CONVERGED.
 FCN=371.968 FROM MIGRAD    STATUS=CONVERGED     117 CALLS         915 TOTAL
                     EDM=9.33955e-06    STRATEGY= 1  ERROR MATRIX UNCERTAINTY   0.7 per cent
  EXT PARAMETER                                   STEP         FIRST   
  NO.   NAME      VALUE            ERROR          SIZE      DERIVATIVE 
   1  N0           2.97557e+06     fixed    
   2  tau          6.44054e+01   constant   
   3  A0           3.48640e-01     fixed    
   4  phi          4.11517e+00     fixed    
   5  R           -6.09493e+01   constant   
   6  A_CBO        1.94721e-04     fixed    
   7  w_CBO        2.32603e+00     fixed    
   8  phi_CBO     -1.77520e-01   1.74057e+00   3.02118e-04  -3.68616e-04
   9  ANx2         7.43781e-04   constant   
  10  pNx2         1.57222e+00   constant   
  11  ANy1         0.00000e+00   constant   
  12  pNy1         0.00000e+00   constant   
  13  w_y          0.00000e+00   constant   
  14  ANy2         6.51861e-05     fixed    
  15  pNy2         6.06093e+00   constant   
  16  w_vw         1.43032e+01   constant   
  17  LM           6.04551e-05   constant   
  18  wCBO_expCoeff   2.00032e+02   4.90384e-02  -1.88906e-05  -1.59894e-01
  19  wCBO_expOffset   2.00003e+02   1.04636e-02   4.54787e-06  -2.73062e+00
  20  wCBO_expT    3.00000e+01   2.70966e-03  -8.67068e-07  -2.58249e+00
  21  wCBO_linCoeff   0.00000e+00   constant   
  22  wCBO_const   9.69115e-03   9.66740e-04   1.54186e-07  -5.76409e-01
 EXTERNAL ERROR MATRIX.    NDIM=  25    NPAR=  5    ERR DEF=1
  3.030e+00 -3.828e-02  5.801e-03 -2.490e-04  3.557e-04 
 -3.828e-02  2.405e-03 -4.695e-04  5.027e-05 -7.119e-06 
  5.801e-03 -4.695e-04  1.095e-04 -2.021e-05  3.915e-06 
 -2.490e-04  5.027e-05 -2.021e-05  7.342e-06 -1.951e-06 
  3.557e-04 -7.119e-06  3.915e-06 -1.951e-06  9.346e-07 
 PARAMETER  CORRELATION COEFFICIENTS  
       NO.  GLOBAL      8     18     19     20     22
        8  0.74851   1.000 -0.448  0.319 -0.053  0.211
       18  0.99920  -0.448  1.000 -0.915  0.378 -0.150
       19  0.99955   0.319 -0.915  1.000 -0.713  0.387
       20  0.99818  -0.053  0.378 -0.713  1.000 -0.745
       22  0.95686   0.211 -0.150  0.387 -0.745  1.000
MINUIT - FIT ONLY 1-y
 **********
 **   60 **RES 
 **********
                   PARAMETER   14  ANy2 RESTORED TO VARIABLE.
                   PARAMETER    7  w_CBO RESTORED TO VARIABLE.
                   PARAMETER    6  A_CBO RESTORED TO VARIABLE.
                   PARAMETER    4  phi RESTORED TO VARIABLE.
                   PARAMETER    3  A0 RESTORED TO VARIABLE.
                   PARAMETER    1  N0 RESTORED TO VARIABLE.
 **********
 **   61 **FIX            0
 **********
 PARAMETER    0  IS UNDEFINED. IGNORED.
 **********
 **   62 **FIX            1
 **********
 **********
 **   63 **FIX            2
 **********
 PARAMETER    2  IS CONSTANT.   IGNORED.
 **********
 **   64 **FIX            3
 **********
 **********
 **   65 **FIX            4
 **********
 **********
 **   66 **FIX            5
 **********
 PARAMETER    5  IS CONSTANT.   IGNORED.
 **********
 **   67 **FIX            6
 **********
 **********
 **   68 **FIX            7
 **********
 **********
 **   69 **FIX            8
 **********
 **********
 **   70 **FIX            9
 **********
 PARAMETER    9  IS CONSTANT.   IGNORED.
 **********
 **   71 **FIX           13
 **********
 PARAMETER   13  IS CONSTANT.   IGNORED.
 **********
 **   72 **FIX           14
 **********
 **********
 **   73 **FIX           15
 **********
 PARAMETER   15  IS CONSTANT.   IGNORED.
 **********
 **   74 **FIX           16
 **********
 PARAMETER   16  IS CONSTANT.   IGNORED.
 **********
 **   75 **MIGRAD
 **********
 START MIGRAD MINIMIZATION.  STRATEGY  1.  CONVERGENCE WHEN EDM .LT. 1.00e-04
 FCN=371.968 FROM MIGRAD    STATUS=INITIATE        8 CALLS         923 TOTAL
                     EDM= unknown      STRATEGY= 1      NO ERROR MATRIX       
  EXT PARAMETER               CURRENT GUESS       STEP         FIRST   
  NO.   NAME      VALUE            ERROR          SIZE      DERIVATIVE 
   1  N0           2.97557e+06     fixed    
   2  tau          6.44054e+01   constant   
   3  A0           3.48640e-01     fixed    
   4  phi          4.11517e+00     fixed    
   5  R           -6.09493e+01   constant   
   6  A_CBO        1.94721e-04     fixed    
   7  w_CBO        2.32603e+00     fixed    
   8  phi_CBO     -1.77520e-01     fixed    
   9  ANx2         7.43781e-04   constant   
  10  pNx2         1.57222e+00   constant   
  11  ANy1         0.00000e+00   constant   
  12  pNy1         0.00000e+00   constant   
  13  w_y          0.00000e+00   constant   
  14  ANy2         6.51861e-05     fixed    
  15  pNy2         6.06093e+00   constant   
  16  w_vw         1.43032e+01   constant   
  17  LM           6.04551e-05   constant   
  18  wCBO_expCoeff   2.00032e+02   4.90384e-02  -1.88906e-05  -1.59894e-01
  19  wCBO_expOffset   2.00003e+02   1.04636e-02   4.54787e-06  -2.73062e+00
  20  wCBO_expT    3.00000e+01   2.70966e-03  -8.67068e-07  -2.58249e+00
  21  wCBO_linCoeff   0.00000e+00   constant   
  22  wCBO_const   9.69115e-03   9.66740e-04   1.54186e-07  -5.76410e-01
 MIGRAD MINIMIZATION HAS CONVERGED.
 MIGRAD WILL VERIFY CONVERGENCE AND ERROR MATRIX.
 COVARIANCE MATRIX CALCULATED SUCCESSFULLY
 FCN=371.968 FROM MIGRAD    STATUS=CONVERGED      48 CALLS         963 TOTAL
                     EDM=1.51445e-06    STRATEGY= 1      ERROR MATRIX ACCURATE 
  EXT PARAMETER                                   STEP         FIRST   
  NO.   NAME      VALUE            ERROR          SIZE      DERIVATIVE 
   1  N0           2.97557e+06     fixed    
   2  tau          6.44054e+01   constant   
   3  A0           3.48640e-01     fixed    
   4  phi          4.11517e+00     fixed    
   5  R           -6.09493e+01   constant   
   6  A_CBO        1.94721e-04     fixed    
   7  w_CBO        2.32603e+00     fixed    
   8  phi_CBO     -1.77520e-01     fixed    
   9  ANx2         7.43781e-04   constant   
  10  pNx2         1.57222e+00   constant   
  11  ANy1         0.00000e+00   constant   
  12  pNy1         0.00000e+00   constant   
  13  w_y          0.00000e+00   constant   
  14  ANy2         6.51861e-05     fixed    
  15  pNy2         6.06093e+00   constant   
  16  w_vw         1.43032e+01   constant   
  17  LM           6.04551e-05   constant   
  18  wCBO_expCoeff   2.00032e+02   3.27232e-02   9.53828e-05  -3.39535e-03
  19  wCBO_expOffset   2.00003e+02   3.72118e-03   9.53691e-05  -4.48606e-01
  20  wCBO_expT    3.00000e+01   2.06048e-03   1.43051e-05  -1.82573e-01
  21  wCBO_linCoeff   0.00000e+00   constant   
  22  wCBO_const   9.69116e-03   8.26096e-04   3.18627e-06   7.25262e-01
 EXTERNAL ERROR MATRIX.    NDIM=  25    NPAR=  4    ERR DEF=1
  1.071e-03 -8.164e-05 -4.343e-05  8.820e-06 
 -8.164e-05  1.385e-05 -8.029e-07  1.399e-07 
 -4.343e-05 -8.029e-07  4.246e-06 -1.125e-06 
  8.820e-06  1.399e-07 -1.125e-06  6.824e-07 
 PARAMETER  CORRELATION COEFFICIENTS  
       NO.  GLOBAL     18     19     20     22
       18  0.99484   1.000 -0.670 -0.644  0.326
       19  0.99100  -0.670  1.000 -0.105  0.046
       20  0.99319  -0.644 -0.105  1.000 -0.661
       22  0.91252   0.326  0.046 -0.661  1.000
MINUIT - FIT ONLY 2-y
 **********
 **   76 **RES 
 **********
                   PARAMETER   14  ANy2 RESTORED TO VARIABLE.
                   PARAMETER    8  phi_CBO RESTORED TO VARIABLE.
                   PARAMETER    7  w_CBO RESTORED TO VARIABLE.
                   PARAMETER    6  A_CBO RESTORED TO VARIABLE.
                   PARAMETER    4  phi RESTORED TO VARIABLE.
                   PARAMETER    3  A0 RESTORED TO VARIABLE.
                   PARAMETER    1  N0 RESTORED TO VARIABLE.
 **********
 **   77 **FIX            0
 **********
 PARAMETER    0  IS UNDEFINED. IGNORED.
 **********
 **   78 **FIX            1
 **********
 **********
 **   79 **FIX            2
 **********
 PARAMETER    2  IS CONSTANT.   IGNORED.
 **********
 **   80 **FIX            3
 **********
 **********
 **   81 **FIX            4
 **********
 **********
 **   82 **FIX            5
 **********
 PARAMETER    5  IS CONSTANT.   IGNORED.
 **********
 **   83 **FIX            6
 **********
 **********
 **   84 **FIX            7
 **********
 **********
 **   85 **FIX            8
 **********
 **********
 **   86 **FIX            9
 **********
 PARAMETER    9  IS CONSTANT.   IGNORED.
 **********
 **   87 **FIX           10
 **********
 PARAMETER   10  IS CONSTANT.   IGNORED.
 **********
 **   88 **FIX           11
 **********
 PARAMETER   11  IS CONSTANT.   IGNORED.
 **********
 **   89 **FIX           12
 **********
 PARAMETER   12  IS CONSTANT.   IGNORED.
 **********
 **   90 **FIX           16
 **********
 PARAMETER   16  IS CONSTANT.   IGNORED.
 **********
 **   91 **MIGRAD
 **********
 START MIGRAD MINIMIZATION.  STRATEGY  1.  CONVERGENCE WHEN EDM .LT. 1.00e-04
 FCN=371.968 FROM MIGRAD    STATUS=INITIATE       10 CALLS         973 TOTAL
                     EDM= unknown      STRATEGY= 1      NO ERROR MATRIX       
  EXT PARAMETER               CURRENT GUESS       STEP         FIRST   
  NO.   NAME      VALUE            ERROR          SIZE      DERIVATIVE 
   1  N0           2.97557e+06     fixed    
   2  tau          6.44054e+01   constant   
   3  A0           3.48640e-01     fixed    
   4  phi          4.11517e+00     fixed    
   5  R           -6.09493e+01   constant   
   6  A_CBO        1.94721e-04     fixed    
   7  w_CBO        2.32603e+00     fixed    
   8  phi_CBO     -1.77520e-01     fixed    
   9  ANx2         7.43781e-04   constant   
  10  pNx2         1.57222e+00   constant   
  11  ANy1         0.00000e+00   constant   
  12  pNy1         0.00000e+00   constant   
  13  w_y          0.00000e+00   constant   
  14  ANy2         6.51861e-05   3.39030e-04   3.39030e-04  -8.07664e+00
  15  pNy2         6.06093e+00   constant   
  16  w_vw         1.43032e+01   constant   
  17  LM           6.04551e-05   constant   
  18  wCBO_expCoeff   2.00032e+02   3.27232e-02   9.53828e-05  -9.09727e-03
  19  wCBO_expOffset   2.00003e+02   3.72118e-03   9.53691e-05  -1.72659e+00
  20  wCBO_expT    3.00000e+01   2.06048e-03   1.43051e-05  -4.99039e-01
  21  wCBO_linCoeff   0.00000e+00   constant   
  22  wCBO_const   9.69116e-03   8.26096e-04   3.18627e-06   7.18511e-01
 MIGRAD MINIMIZATION HAS CONVERGED.
 MIGRAD WILL VERIFY CONVERGENCE AND ERROR MATRIX.
 COVARIANCE MATRIX CALCULATED SUCCESSFULLY
 FCN=371.968 FROM MIGRAD    STATUS=CONVERGED      58 CALLS        1021 TOTAL
                     EDM=7.40493e-07    STRATEGY= 1      ERROR MATRIX ACCURATE 
  EXT PARAMETER                                   STEP         FIRST   
  NO.   NAME      VALUE            ERROR          SIZE      DERIVATIVE 
   1  N0           2.97557e+06     fixed    
   2  tau          6.44054e+01   constant   
   3  A0           3.48640e-01     fixed    
   4  phi          4.11517e+00     fixed    
   5  R           -6.09493e+01   constant   
   6  A_CBO        1.94721e-04     fixed    
   7  w_CBO        2.32603e+00     fixed    
   8  phi_CBO     -1.77520e-01     fixed    
   9  ANx2         7.43781e-04   constant   
  10  pNx2         1.57222e+00   constant   
  11  ANy1         0.00000e+00   constant   
  12  pNy1         0.00000e+00   constant   
  13  w_y          0.00000e+00   constant   
  14  ANy2         6.55984e-05   3.37967e-04   3.17829e-06  -6.93313e-01
  15  pNy2         6.06093e+00   constant   
  16  w_vw         1.43032e+01   constant   
  17  LM           6.04551e-05   constant   
  18  wCBO_expCoeff   2.00032e+02   3.27064e-02   9.53828e-05   2.60078e-01
  19  wCBO_expOffset   2.00003e+02   3.71872e-03   9.53691e-05   1.72667e+00
  20  wCBO_expT    3.00000e+01   2.05998e-03   1.43051e-05   3.43244e+00
  21  wCBO_linCoeff   0.00000e+00   constant   
  22  wCBO_const   9.69112e-03   8.26454e-04   3.18630e-06   2.88097e+00
 EXTERNAL ERROR MATRIX.    NDIM=  25    NPAR=  5    ERR DEF=1
  1.142e-07 -3.930e-08 -5.018e-09  5.579e-09 -9.137e-09 
 -3.930e-08  1.070e-03 -8.152e-05 -4.340e-05  8.817e-06 
 -5.018e-09 -8.152e-05  1.383e-05 -8.030e-07  1.402e-07 
  5.579e-09 -4.340e-05 -8.030e-07  4.244e-06 -1.125e-06 
 -9.137e-09  8.817e-06  1.402e-07 -1.125e-06  6.830e-07 
 PARAMETER  CORRELATION COEFFICIENTS  
       NO.  GLOBAL     14     18     19     20     22
       14  0.07382   1.000 -0.004 -0.004  0.008 -0.033
       18  0.99483  -0.004  1.000 -0.670 -0.644  0.326
       19  0.99098  -0.004 -0.670  1.000 -0.105  0.046
       20  0.99318   0.008 -0.644 -0.105  1.000 -0.661
       22  0.91260  -0.033  0.326  0.046 -0.661  1.000
MINUIT - FIT ALTOGETHER
 **********
 **   92 **RES 
 **********
                   PARAMETER    8  phi_CBO RESTORED TO VARIABLE.
                   PARAMETER    7  w_CBO RESTORED TO VARIABLE.
                   PARAMETER    6  A_CBO RESTORED TO VARIABLE.
                   PARAMETER    4  phi RESTORED TO VARIABLE.
                   PARAMETER    3  A0 RESTORED TO VARIABLE.
                   PARAMETER    1  N0 RESTORED TO VARIABLE.
 **********
 **   93 **MIGRAD
 **********
 START MIGRAD MINIMIZATION.  STRATEGY  1.  CONVERGENCE WHEN EDM .LT. 1.00e-04
 FCN=371.968 FROM MIGRAD    STATUS=INITIATE       22 CALLS        1043 TOTAL
                     EDM= unknown      STRATEGY= 1      NO ERROR MATRIX       
  EXT PARAMETER               CURRENT GUESS       STEP         FIRST   
  NO.   NAME      VALUE            ERROR          SIZE      DERIVATIVE 
   1  N0           2.97557e+06   7.09916e+02   7.09916e+02   7.26499e-04
   2  tau          6.44054e+01   constant   
   3  A0           3.48640e-01   3.18612e-04   3.18612e-04   8.43287e+02
   4  phi          4.11517e+00   9.64584e-04   9.64584e-04  -9.69189e+02
   5  R           -6.09493e+01   constant   
   6  A_CBO        1.94721e-04   3.51237e-04   3.51237e-04  -1.71967e+02
