 + ++++++++++++++++++++++++++++++++++++++++++++++++++++++++++++++++++++ +
 +                                                                      +
 +           You have chose to blind your fitting according to          +
 +                omega_ref * (1 + (R +/- deltaR) *10^{-6})             +
 +                                                                      +
 + ++++++++++++++++++++++++++++++++++++++++++++++++++++++++++++++++++++ +
In main()...
reading format from /gm2data/zkhechad/run45/envelope/formats/formatB_sBin_constraintOn.txt
pBinTau 	= 0  
pBinPhi 	= 0  
constraintau 	= 1 
includeMopTerm 	= 0    
constrainMop    = 0   
Parameters after format file: pBinTau 0 pBinPhi 0 constraintau 1 includeMopTerm 0 constrainMop 0 c_e_scale 0.000000 
reading cbo reference file (full fit) from /gm2data/zkhechad/cboTemplates/Run4CBOTemplates/fullFits/run4/sBin_constraintOn_cE0.0_seed0_run4_calo11.root
A_CBO 0.010027 w_CBO 2.327222 phi_CBO 0.184420 N0 3062002.636939 R -61.179583 tau 64.395304 
Reading cboRef file /gm2data/zkhechad/cboTemplates/Run4CBOTemplates//cboIsolate/run4_calo11.root
deltaT 164.120000
windowBins = 1100
fitting sliding window 2480 from bin 2683 at 400.303600 to bin 3783 at 564.423600 (1100 bins)

Reading data from /gm2data/cornell/histograms/aMethod/histogram_a_run4.root
fitting cbo isolate
 **********
 **    1 **SET PRINTOUT            1
 **********
 **********
 **    2 **SET NOWARNINGS 
 **********
 PARAMETER DEFINITIONS:
    NO.   NAME         VALUE      STEP SIZE      LIMITS
     1 A_CBO        1.00270e-02  1.00000e-05     no limits
     2 w_CBO        2.32722e+00  1.00000e-02    2.00000e+00  3.00000e+00
     3 phi_CBO      1.84420e-01  1.00000e-02    0.00000e+00  6.28319e+00
 **********
 **    3 **MIGRAD
 **********
 FIRST CALL TO USER FUNCTION AT NEW START POINT, WITH IFLAG=4.
 START MIGRAD MINIMIZATION.  STRATEGY  1.  CONVERGENCE WHEN EDM .LT. 1.00e-04
 FCN=0.376 FROM MIGRAD    STATUS=INITIATE       12 CALLS          13 TOTAL
                     EDM= unknown      STRATEGY= 1      NO ERROR MATRIX       
  EXT PARAMETER               CURRENT GUESS       STEP         FIRST   
  NO.   NAME      VALUE            ERROR          SIZE      DERIVATIVE 
   1  A_CBO        1.00270e-02   1.00000e-05   1.00000e-05   9.38804e+00
   2  w_CBO        2.32722e+00   1.00000e-02   2.13152e-02  -4.54361e-01
   3  phi_CBO      1.84420e-01   1.00000e-02   9.43260e-03   2.11741e-03
 MIGRAD MINIMIZATION HAS CONVERGED.
 MIGRAD WILL VERIFY CONVERGENCE AND ERROR MATRIX.
 FCN=0.335823 FROM MIGRAD    STATUS=CONVERGED      41 CALLS          42 TOTAL
                     EDM=2.009e-05    STRATEGY= 1      ERR MATRIX NOT POS-DEF
  EXT PARAMETER                APPROXIMATE        STEP         FIRST   
  NO.   NAME      VALUE            ERROR          SIZE      DERIVATIVE 
   1  A_CBO        1.47130e-03   3.90271e-02   2.40823e-05  -1.00419e-02
   2  w_CBO        2.32745e+00   6.21446e-01   6.82296e-05   3.82009e-02
   3  phi_CBO      1.03810e-01   6.03694e+00   2.40949e-02  -1.15705e-04
 EXTERNAL ERROR MATRIX.    NDIM=  25    NPAR=  3    ERR DEF=1
  1.523e-03 -5.401e-03 -3.180e+00 
 -5.401e-03  7.203e-01  4.326e+02 
 -3.180e+00  4.326e+02  2.607e+05 
ERR MATRIX NOT POS-DEF
 PARAMETER  CORRELATION COEFFICIENTS  
       NO.  GLOBAL      1      2      3
        1  0.17129   1.000 -0.163 -0.160
        2  0.99818  -0.163  1.000  0.998
        3  0.99818  -0.160  0.998  1.000
 ERR MATRIX NOT POS-DEF
setting A_CBO=0.001471 w_CBO=2.327448, phi_CBO=0.103810
done fitting cbo isolate
 **********
 **    1 **SET PRINTOUT            1
 **********
 **********
 **    2 **SET NOWARNINGS 
 **********
 PARAMETER DEFINITIONS:
    NO.   NAME         VALUE      STEP SIZE      LIMITS
     1 N0           3.06200e+06  1.00000e+02     no limits
     2 tau          6.43953e+01  constant
     3 A0           3.42893e-01  1.00000e-04     no limits
     4 phi          4.11802e+00  1.00000e-02     no limits
     5 R           -6.11796e+01  constant
     6 A_CBO        1.47130e-03  1.00000e-05     no limits
     7 w_CBO        2.32745e+00  1.00000e-03     no limits
     8 phi_CBO      1.03810e-01  1.00000e-04     no limits
     9 ANx2         4.90616e-04  constant
    10 pNx2         2.30674e+00  constant
    11 ANy1         0.00000e+00  constant
    12 pNy1         0.00000e+00  constant
    13 w_y          0.00000e+00  constant
    14 ANy2         9.23997e-03  1.00000e-04     no limits
    15 pNy2         3.41148e-01  constant
    16 w_vw         1.43130e+01  constant
    17 LM          -3.45991e-04  constant
    18 wCBO_expCoeff   2.00000e+02  1.00000e+00     no limits
    19 wCBO_expOffset   2.00000e+02  1.00000e+00     no limits
    20 wCBO_expT    3.00000e+01  1.00000e+00     no limits
    21 wCBO_linCoeff   0.00000e+00  constant
    22 wCBO_const   0.00000e+00  1.00000e-02     no limits
MINUIT - FIT ONLY WIGGLE
 **********
 **    3 **FIX            5
 **********
 PARAMETER    5  IS CONSTANT.   IGNORED.
 **********
 **    4 **FIX            6
 **********
 **********
 **    5 **FIX            7
 **********
 **********
 **    6 **FIX            8
 **********
 **********
 **    7 **FIX            9
 **********
 PARAMETER    9  IS CONSTANT.   IGNORED.
 **********
 **    8 **FIX           10
 **********
 PARAMETER   10  IS CONSTANT.   IGNORED.
 **********
 **    9 **FIX           11
 **********
 PARAMETER   11  IS CONSTANT.   IGNORED.
 **********
 **   10 **FIX           12
 **********
 PARAMETER   12  IS CONSTANT.   IGNORED.
 **********
 **   11 **FIX           13
 **********
 PARAMETER   13  IS CONSTANT.   IGNORED.
 **********
 **   12 **FIX           14
 **********
 **********
 **   13 **FIX           15
 **********
 PARAMETER   15  IS CONSTANT.   IGNORED.
 **********
 **   14 **FIX           16
 **********
 PARAMETER   16  IS CONSTANT.   IGNORED.
 **********
 **   15 **MIGRAD
 **********
 FIRST CALL TO USER FUNCTION AT NEW START POINT, WITH IFLAG=4.
 START MIGRAD MINIMIZATION.  STRATEGY  1.  CONVERGENCE WHEN EDM .LT. 1.00e-04
 FCN=363.313 FROM MIGRAD    STATUS=INITIATE       70 CALLS          71 TOTAL
                     EDM= unknown      STRATEGY= 1      NO ERROR MATRIX       
  EXT PARAMETER               CURRENT GUESS       STEP         FIRST   
  NO.   NAME      VALUE            ERROR          SIZE      DERIVATIVE 
   1  N0           3.06200e+06   1.00000e+02   0.00000e+00   5.30372e-04
   2  tau          6.43953e+01   constant   
   3  A0           3.42893e-01   1.00000e-04   0.00000e+00  -1.26581e+02
   4  phi          4.11802e+00   1.00000e-02   0.00000e+00  -1.51342e+02
   5  R           -6.11796e+01   constant   
   6  A_CBO        1.47130e-03     fixed    
   7  w_CBO        2.32745e+00     fixed    
   8  phi_CBO      1.03810e-01     fixed    
   9  ANx2         4.90616e-04   constant   
  10  pNx2         2.30674e+00   constant   
  11  ANy1         0.00000e+00   constant   
  12  pNy1         0.00000e+00   constant   
  13  w_y          0.00000e+00   constant   
  14  ANy2         9.23997e-03     fixed    
  15  pNy2         3.41148e-01   constant   
  16  w_vw         1.43130e+01   constant   
  17  LM          -3.45991e-04   constant   
  18  wCBO_expCoeff   1.98650e+02   1.00000e+00   0.00000e+00   1.73504e+00
  19  wCBO_expOffset   2.00000e+02   1.00000e+00   0.00000e+00   1.14888e+01
  20  wCBO_expT    3.00000e+01   1.00000e+00   0.00000e+00   8.13620e+01
  21  wCBO_linCoeff   0.00000e+00   constant   
  22  wCBO_const   7.55914e-03   1.00000e-02   7.55914e-03   2.20623e+03
 MIGRAD MINIMIZATION HAS CONVERGED.
 FCN=361.654 FROM MIGRAD    STATUS=CONVERGED     231 CALLS         232 TOTAL
                     EDM=5.36526e-06    STRATEGY= 1  ERROR MATRIX UNCERTAINTY   2.5 per cent
  EXT PARAMETER                                   STEP         FIRST   
  NO.   NAME      VALUE            ERROR          SIZE      DERIVATIVE 
   1  N0           3.06056e+06   2.26321e+03   1.33211e+01   1.41544e-06
   2  tau          6.43953e+01   constant   
   3  A0           3.42925e-01   1.00643e-03  -1.48940e-06  -2.03058e+00
   4  phi          4.11839e+00   3.04174e-03   4.44289e-07   2.15344e-01
   5  R           -6.11796e+01   constant   
   6  A_CBO        1.47130e-03     fixed    
   7  w_CBO        2.32745e+00     fixed    
   8  phi_CBO      1.03810e-01     fixed    
   9  ANx2         4.90616e-04   constant   
  10  pNx2         2.30674e+00   constant   
  11  ANy1         0.00000e+00   constant   
  12  pNy1         0.00000e+00   constant   
  13  w_y          0.00000e+00   constant   
  14  ANy2         9.23997e-03     fixed    
  15  pNy2         3.41148e-01   constant   
  16  w_vw         1.43130e+01   constant   
  17  LM          -3.45991e-04   constant   
  18  wCBO_expCoeff   1.90633e+02   1.66687e+01  -2.33259e-01  -1.55321e-03
  19  wCBO_expOffset   1.98805e+02   2.48952e+00  -3.48111e-02  -9.77189e-03
  20  wCBO_expT    3.02900e+01   7.74755e-01   1.08916e-02  -7.21154e-02
  21  wCBO_linCoeff   0.00000e+00   constant   
  22  wCBO_const   7.43532e-03   1.50969e-03  -2.04871e-05  -3.04006e+00
 EXTERNAL ERROR MATRIX.    NDIM=  25    NPAR=  7    ERR DEF=1
  5.122e+06  6.980e-02 -6.209e-02 -4.456e+02 -6.732e+01  2.214e+01 -7.928e-02 
  6.980e-02  1.013e-06  2.292e-08 -2.159e-04 -3.211e-05  1.196e-05 -8.859e-08 
 -6.209e-02  2.292e-08  9.252e-06 -4.582e-03 -6.836e-04  2.148e-04 -2.632e-07 
 -4.456e+02 -2.159e-04 -4.582e-03  2.778e+02  4.111e+01 -1.287e+01  2.127e-02 
 -6.732e+01 -3.211e-05 -6.836e-04  4.111e+01  6.198e+00 -1.923e+00  3.176e-03 
  2.214e+01  1.196e-05  2.148e-04 -1.287e+01 -1.923e+00  6.002e-01 -1.008e-03 
 -7.928e-02 -8.859e-08 -2.632e-07  2.127e-02  3.176e-03 -1.008e-03  2.279e-06 
 PARAMETER  CORRELATION COEFFICIENTS  
       NO.  GLOBAL      1      3      4     18     19     20     22
        1  0.04063   1.000  0.031 -0.009 -0.012 -0.012  0.013 -0.023
        3  0.09507   0.031  1.000  0.007 -0.013 -0.013  0.015 -0.058
        4  0.11594  -0.009  0.007  1.000 -0.090 -0.090  0.091 -0.057
       18  0.99851  -0.012 -0.013 -0.090  1.000  0.991 -0.997  0.845
       19  0.99845  -0.012 -0.013 -0.090  0.991  1.000 -0.997  0.845
       20  0.99959   0.013  0.015  0.091 -0.997 -0.997  1.000 -0.862
       22  0.92816  -0.023 -0.058 -0.057  0.845  0.845 -0.862  1.000
MINUIT - FIT ONLY 1-CBO + other amplitudes 
 **********
 **   16 **RES 
 **********
                   PARAMETER   14  ANy2 RESTORED TO VARIABLE.
                   PARAMETER    8  phi_CBO RESTORED TO VARIABLE.
                   PARAMETER    7  w_CBO RESTORED TO VARIABLE.
                   PARAMETER    6  A_CBO RESTORED TO VARIABLE.
 **********
 **   17 **FIX            0
 **********
 PARAMETER    0  IS UNDEFINED. IGNORED.
 **********
 **   18 **FIX            1
 **********
 **********
 **   19 **FIX            2
 **********
 PARAMETER    2  IS CONSTANT.   IGNORED.
 **********
 **   20 **FIX            3
 **********
 **********
 **   21 **FIX            4
 **********
 **********
 **   22 **FIX            9
 **********
 PARAMETER    9  IS CONSTANT.   IGNORED.
 **********
 **   23 **FIX           11
 **********
 PARAMETER   11  IS CONSTANT.   IGNORED.
 **********
 **   24 **FIX           12
 **********
 PARAMETER   12  IS CONSTANT.   IGNORED.
 **********
 **   25 **FIX           14
 **********
 **********
 **   26 **FIX           15
 **********
 PARAMETER   15  IS CONSTANT.   IGNORED.
 **********
 **   27 **FIX           16
 **********
 PARAMETER   16  IS CONSTANT.   IGNORED.
 **********
 **   28 **MIGRAD
 **********
 START MIGRAD MINIMIZATION.  STRATEGY  1.  CONVERGENCE WHEN EDM .LT. 1.00e-04
 FCN=361.654 FROM MIGRAD    STATUS=INITIATE       18 CALLS         250 TOTAL
                     EDM= unknown      STRATEGY= 1      NO ERROR MATRIX       
  EXT PARAMETER               CURRENT GUESS       STEP         FIRST   
  NO.   NAME      VALUE            ERROR          SIZE      DERIVATIVE 
   1  N0           3.06056e+06     fixed    
   2  tau          6.43953e+01   constant   
   3  A0           3.42925e-01     fixed    
   4  phi          4.11839e+00     fixed    
   5  R           -6.11796e+01   constant   
   6  A_CBO        1.47130e-03   1.00000e-05   1.00000e-05   1.29687e+03
   7  w_CBO        2.32745e+00   1.00000e-03   1.00000e-03  -1.44071e+00
   8  phi_CBO      1.03810e-01   1.00000e-04   1.00000e-04   1.06964e+00
   9  ANx2         4.90616e-04   constant   
  10  pNx2         2.30674e+00   constant   
  11  ANy1         0.00000e+00   constant   
  12  pNy1         0.00000e+00   constant   
  13  w_y          0.00000e+00   constant   
  14  ANy2         9.23997e-03     fixed    
  15  pNy2         3.41148e-01   constant   
  16  w_vw         1.43130e+01   constant   
  17  LM          -3.45991e-04   constant   
  18  wCBO_expCoeff   1.90633e+02   1.66687e+01  -2.33259e-01  -1.55298e-03
  19  wCBO_expOffset   1.98805e+02   2.48952e+00  -3.48111e-02  -9.77099e-03
  20  wCBO_expT    3.02900e+01   7.74755e-01   1.08916e-02  -7.21099e-02
  21  wCBO_linCoeff   0.00000e+00   constant   
  22  wCBO_const   7.43532e-03   1.50969e-03  -2.04871e-05  -3.04009e+00
 MIGRAD MINIMIZATION HAS CONVERGED.
 MIGRAD WILL VERIFY CONVERGENCE AND ERROR MATRIX.
 FCN=360.541 FROM MIGRAD    STATUS=CONVERGED     275 CALLS         507 TOTAL
                     EDM=1.61064e-07    STRATEGY= 1      ERR MATRIX NOT POS-DEF
  EXT PARAMETER                APPROXIMATE        STEP         FIRST   
  NO.   NAME      VALUE            ERROR          SIZE      DERIVATIVE 
   1  N0           3.06056e+06     fixed    
   2  tau          6.43953e+01   constant   
   3  A0           3.42925e-01     fixed    
   4  phi          4.11839e+00     fixed    
   5  R           -6.11796e+01   constant   
   6  A_CBO        1.15094e-03   1.10791e-03   1.01713e-05  -1.39296e-01
   7  w_CBO        2.32523e+00   9.80125e-03   1.10052e-05  -6.21618e-02
   8  phi_CBO     -1.17241e+00   1.14514e+00   8.34291e-03   4.98277e-04
   9  ANx2         4.90616e-04   constant   
  10  pNx2         2.30674e+00   constant   
  11  ANy1         0.00000e+00   constant   
  12  pNy1         0.00000e+00   constant   
  13  w_y          0.00000e+00   constant   
  14  ANy2         9.23997e-03     fixed    
  15  pNy2         3.41148e-01   constant   
  16  w_vw         1.43130e+01   constant   
  17  LM          -3.45991e-04   constant   
  18  wCBO_expCoeff   1.80498e+02   9.89264e+00   8.03115e-03  -1.73283e-04
  19  wCBO_expOffset   1.97192e+02   1.68892e+00   1.36947e-03  -1.01573e-03
  20  wCBO_expT    3.07923e+01   2.36055e-01   1.96578e-04  -6.95357e-03
  21  wCBO_linCoeff   0.00000e+00   constant   
  22  wCBO_const   7.00074e-03   4.24516e-03   5.19664e-06  -1.12540e-01
 EXTERNAL ERROR MATRIX.    NDIM=  25    NPAR=  7    ERR DEF=1
  1.227e-06  5.802e-08 -5.569e-05 -3.370e-04 -5.778e-05  1.123e-05  3.902e-08 
  5.802e-08  9.606e-05  6.255e-04 -7.740e-04 -1.364e-04 -1.752e-04 -4.028e-05 
 -5.569e-05  6.255e-04  1.311e+00  6.254e-01  1.071e-01 -3.301e-02  2.813e-04 
 -3.370e-04 -7.740e-04  6.254e-01  9.786e+01 -9.517e+00 -1.066e+00  2.073e-03 
 -5.778e-05 -1.364e-04  1.071e-01 -9.517e+00  2.852e+00 -1.824e-01  3.561e-04 
  1.123e-05 -1.752e-04 -3.301e-02 -1.066e+00 -1.824e-01  5.572e-02 -3.905e-05 
  3.902e-08 -4.028e-05  2.813e-04  2.073e-03  3.561e-04 -3.905e-05  1.802e-05 
ERR MATRIX NOT POS-DEF
 PARAMETER  CORRELATION COEFFICIENTS  
       NO.  GLOBAL      6      7      8     18     19     20     22
        6  0.17184   1.000  0.005 -0.044 -0.031 -0.031  0.043  0.008
        7  0.99271   0.005  1.000  0.056 -0.008 -0.008 -0.076 -0.968
        8  0.62465  -0.044  0.056  1.000  0.055  0.055 -0.122  0.058
       18  0.99620  -0.031 -0.008  0.055  1.000 -0.570 -0.456  0.049
       19  0.99620  -0.031 -0.008  0.055 -0.570  1.000 -0.458  0.050
       20  0.99600   0.043 -0.076 -0.122 -0.456 -0.458  1.000 -0.039
       22  0.99133   0.008 -0.968  0.058  0.049  0.050 -0.039  1.000
 ERR MATRIX NOT POS-DEF
MINUIT - FIT ONLY 1-CBO
 **********
 **   29 **RES 
 **********
                   PARAMETER   14  ANy2 RESTORED TO VARIABLE.
                   PARAMETER    4  phi RESTORED TO VARIABLE.
                   PARAMETER    3  A0 RESTORED TO VARIABLE.
                   PARAMETER    1  N0 RESTORED TO VARIABLE.
 **********
 **   30 **FIX            0
 **********
 PARAMETER    0  IS UNDEFINED. IGNORED.
 **********
 **   31 **FIX            1
 **********
 **********
 **   32 **FIX            2
 **********
 PARAMETER    2  IS CONSTANT.   IGNORED.
 **********
 **   33 **FIX            3
 **********
 **********
 **   34 **FIX            4
 **********
 **********
 **   35 **FIX            8
 **********
 **********
 **   36 **FIX            9
 **********
 PARAMETER    9  IS CONSTANT.   IGNORED.
 **********
 **   37 **FIX           11
 **********
 PARAMETER   11  IS CONSTANT.   IGNORED.
 **********
 **   38 **FIX           12
 **********
 PARAMETER   12  IS CONSTANT.   IGNORED.
 **********
 **   39 **FIX           13
 **********
 PARAMETER   13  IS CONSTANT.   IGNORED.
 **********
 **   40 **FIX           15
 **********
 PARAMETER   15  IS CONSTANT.   IGNORED.
 **********
 **   41 **FIX           16
 **********
 PARAMETER   16  IS CONSTANT.   IGNORED.
 **********
 **   42 **MIGRAD
 **********
 START MIGRAD MINIMIZATION.  STRATEGY  1.  CONVERGENCE WHEN EDM .LT. 1.00e-04
 FCN=360.541 FROM MIGRAD    STATUS=INITIATE       16 CALLS         523 TOTAL
                     EDM= unknown      STRATEGY= 1      NO ERROR MATRIX       
  EXT PARAMETER               CURRENT GUESS       STEP         FIRST   
  NO.   NAME      VALUE            ERROR          SIZE      DERIVATIVE 
   1  N0           3.06056e+06     fixed    
   2  tau          6.43953e+01   constant   
   3  A0           3.42925e-01     fixed    
   4  phi          4.11839e+00     fixed    
   5  R           -6.11796e+01   constant   
   6  A_CBO        1.15094e-03   1.10791e-03   1.01713e-05  -1.39296e-01
   7  w_CBO        2.32523e+00   9.80125e-03   1.10052e-05  -6.23555e-02
   8  phi_CBO     -1.17241e+00     fixed    
   9  ANx2         4.90616e-04   constant   
  10  pNx2         2.30674e+00   constant   
  11  ANy1         0.00000e+00   constant   
  12  pNy1         0.00000e+00   constant   
  13  w_y          0.00000e+00   constant   
  14  ANy2         9.23997e-03   1.00000e-04   1.00000e-04   1.54760e+04
  15  pNy2         3.41148e-01   constant   
  16  w_vw         1.43130e+01   constant   
  17  LM          -3.45991e-04   constant   
  18  wCBO_expCoeff   1.80498e+02   9.89264e+00   8.03115e-03  -1.71623e-04
  19  wCBO_expOffset   1.97192e+02   1.68892e+00   1.36947e-03  -1.00558e-03
  20  wCBO_expT    3.07923e+01   2.36055e-01   1.96578e-04  -6.88834e-03
  21  wCBO_linCoeff   0.00000e+00   constant   
  22  wCBO_const   7.00074e-03   4.24516e-03   5.19664e-06  -1.14595e-01
 MIGRAD MINIMIZATION HAS CONVERGED.
 MIGRAD WILL VERIFY CONVERGENCE AND ERROR MATRIX.
 FCN=292.862 FROM MIGRAD    STATUS=CONVERGED     112 CALLS         619 TOTAL
                     EDM=3.69412e-05    STRATEGY= 1      ERR MATRIX NOT POS-DEF
  EXT PARAMETER                APPROXIMATE        STEP         FIRST   
  NO.   NAME      VALUE            ERROR          SIZE      DERIVATIVE 
   1  N0           3.06056e+06     fixed    
   2  tau          6.43953e+01   constant   
   3  A0           3.42925e-01     fixed    
   4  phi          4.11839e+00     fixed    
   5  R           -6.11796e+01   constant   
   6  A_CBO        1.15720e-03   1.10554e-03   9.17187e-06   3.14527e-01
   7  w_CBO        2.32523e+00   1.02254e-02   9.82325e-06   2.60685e-01
   8  phi_CBO     -1.17241e+00     fixed    
   9  ANx2         4.90616e-04   constant   
  10  pNx2         2.30674e+00   constant   
  11  ANy1         0.00000e+00   constant   
  12  pNy1         0.00000e+00   constant   
  13  w_y          0.00000e+00   constant   
  14  ANy2         4.93675e-04   1.05944e-03   8.89895e-06   5.30239e-04
  15  pNy2         3.41148e-01   constant   
  16  w_vw         1.43130e+01   constant   
  17  LM          -3.45991e-04   constant   
  18  wCBO_expCoeff   1.80501e+02   9.95424e+00   7.03283e-03  -5.86337e-04
  19  wCBO_expOffset   1.97193e+02   1.69949e+00   1.19976e-03  -3.43694e-03
  20  wCBO_expT    3.07923e+01   2.35928e-01   1.72664e-04   1.46890e-02
  21  wCBO_linCoeff   0.00000e+00   constant   
  22  wCBO_const   7.00101e-03   4.42772e-03   4.64735e-06   7.07044e-01
 EXTERNAL ERROR MATRIX.    NDIM=  25    NPAR=  7    ERR DEF=1
  1.222e-06  7.878e-08 -8.896e-10 -2.710e-04 -4.651e-05  8.325e-06  4.761e-08 
  7.878e-08  1.046e-04 -5.409e-10 -1.265e-03 -2.206e-04 -1.666e-04 -4.422e-05 
 -8.896e-10 -5.409e-10  1.122e-06 -2.038e-06 -3.494e-07  8.959e-08 -1.249e-10 
 -2.710e-04 -1.265e-03 -2.038e-06  9.909e+01 -9.771e+00 -1.062e+00  2.087e-03 
 -4.651e-05 -2.206e-04 -3.494e-07 -9.771e+00  2.888e+00 -1.819e-01  3.586e-04 
  8.325e-06 -1.666e-04  8.959e-08 -1.062e+00 -1.819e-01  5.566e-02 -3.169e-05 
  4.761e-08 -4.422e-05 -1.249e-10  2.087e-03  3.586e-04 -3.169e-05  1.960e-05 
ERR MATRIX NOT POS-DEF
 PARAMETER  CORRELATION COEFFICIENTS  
       NO.  GLOBAL      6      7     14     18     19     20     22
        6  0.15651   1.000  0.007 -0.001 -0.025 -0.025  0.032  0.010
        7  0.99345   0.007  1.000 -0.000 -0.012 -0.013 -0.069 -0.977
       14  0.00140  -0.001 -0.000  1.000 -0.000 -0.000  0.000 -0.000
       18  0.99646  -0.025 -0.012 -0.000  1.000 -0.578 -0.452  0.047
       19  0.99647  -0.025 -0.013 -0.000 -0.578  1.000 -0.454  0.048
       20  0.99620   0.032 -0.069  0.000 -0.452 -0.454  1.000 -0.030
       22  0.99218   0.010 -0.977 -0.000  0.047  0.048 -0.030  1.000
 ERR MATRIX NOT POS-DEF
MINUIT - FIT ONLY 2-CBO
 **********
 **   43 **RES 
 **********
                   PARAMETER    8  phi_CBO RESTORED TO VARIABLE.
                   PARAMETER    4  phi RESTORED TO VARIABLE.
                   PARAMETER    3  A0 RESTORED TO VARIABLE.
                   PARAMETER    1  N0 RESTORED TO VARIABLE.
 **********
 **   44 **FIX            0
 **********
 PARAMETER    0  IS UNDEFINED. IGNORED.
 **********
 **   45 **FIX            1
 **********
 **********
 **   46 **FIX            2
 **********
 PARAMETER    2  IS CONSTANT.   IGNORED.
 **********
 **   47 **FIX            3
 **********
 **********
 **   48 **FIX            4
 **********
 **********
 **   49 **FIX            5
 **********
 PARAMETER    5  IS CONSTANT.   IGNORED.
 **********
 **   50 **FIX            6
 **********
 **********
 **   51 **FIX            7
 **********
 **********
 **   52 **FIX           10
 **********
 PARAMETER   10  IS CONSTANT.   IGNORED.
 **********
 **   53 **FIX           11
 **********
 PARAMETER   11  IS CONSTANT.   IGNORED.
 **********
 **   54 **FIX           12
 **********
 PARAMETER   12  IS CONSTANT.   IGNORED.
 **********
 **   55 **FIX           13
 **********
 PARAMETER   13  IS CONSTANT.   IGNORED.
 **********
 **   56 **FIX           14
 **********
 **********
 **   57 **FIX           15
 **********
 PARAMETER   15  IS CONSTANT.   IGNORED.
 **********
 **   58 **FIX           16
 **********
 PARAMETER   16  IS CONSTANT.   IGNORED.
 **********
 **   59 **MIGRAD
 **********
 START MIGRAD MINIMIZATION.  STRATEGY  1.  CONVERGENCE WHEN EDM .LT. 1.00e-04
 FCN=292.862 FROM MIGRAD    STATUS=INITIATE       10 CALLS         629 TOTAL
                     EDM= unknown      STRATEGY= 1      NO ERROR MATRIX       
  EXT PARAMETER               CURRENT GUESS       STEP         FIRST   
  NO.   NAME      VALUE            ERROR          SIZE      DERIVATIVE 
   1  N0           3.06056e+06     fixed    
   2  tau          6.43953e+01   constant   
   3  A0           3.42925e-01     fixed    
   4  phi          4.11839e+00     fixed    
   5  R           -6.11796e+01   constant   
   6  A_CBO        1.15720e-03     fixed    
   7  w_CBO        2.32523e+00     fixed    
   8  phi_CBO     -1.17241e+00   1.14514e+00   1.14514e+00  -6.85388e-03
   9  ANx2         4.90616e-04   constant   
  10  pNx2         2.30674e+00   constant   
  11  ANy1         0.00000e+00   constant   
  12  pNy1         0.00000e+00   constant   
  13  w_y          0.00000e+00   constant   
  14  ANy2         4.93675e-04     fixed    
  15  pNy2         3.41148e-01   constant   
  16  w_vw         1.43130e+01   constant   
  17  LM          -3.45991e-04   constant   
  18  wCBO_expCoeff   1.80501e+02   9.95424e+00   7.03283e-03  -5.78365e-04
  19  wCBO_expOffset   1.97193e+02   1.69949e+00   1.19976e-03  -3.38803e-03
  20  wCBO_expT    3.07923e+01   2.35928e-01   1.72664e-04   1.50011e-02
  21  wCBO_linCoeff   0.00000e+00   constant   
  22  wCBO_const   7.00101e-03   4.42772e-03   4.64735e-06   7.05517e-01
 MIGRAD MINIMIZATION HAS CONVERGED.
 MIGRAD WILL VERIFY CONVERGENCE AND ERROR MATRIX.
 FCN=292.862 FROM MIGRAD    STATUS=CONVERGED      64 CALLS         683 TOTAL
                     EDM=5.10675e-05    STRATEGY= 1      ERR MATRIX NOT POS-DEF
  EXT PARAMETER                APPROXIMATE        STEP         FIRST   
  NO.   NAME      VALUE            ERROR          SIZE      DERIVATIVE 
   1  N0           3.06056e+06     fixed    
   2  tau          6.43953e+01   constant   
   3  A0           3.42925e-01     fixed    
   4  phi          4.11839e+00     fixed    
   5  R           -6.11796e+01   constant   
   6  A_CBO        1.15720e-03     fixed    
   7  w_CBO        2.32523e+00     fixed    
   8  phi_CBO     -1.16870e+00   1.13419e+00   7.47486e-03  -1.21837e-04
   9  ANx2         4.90616e-04   constant   
  10  pNx2         2.30674e+00   constant   
  11  ANy1         0.00000e+00   constant   
  12  pNy1         0.00000e+00   constant   
  13  w_y          0.00000e+00   constant   
  14  ANy2         4.93675e-04     fixed    
  15  pNy2         3.41148e-01   constant   
  16  w_vw         1.43130e+01   constant   
  17  LM          -3.45991e-04   constant   
  18  wCBO_expCoeff   1.80502e+02   1.05517e+01   7.02589e-03   2.78401e-04
  19  wCBO_expOffset   1.97193e+02   1.80144e+00   1.19858e-03   1.63205e-03
  20  wCBO_expT    3.07923e+01   2.49000e-01   1.72493e-04   4.69220e-02
  21  wCBO_linCoeff   0.00000e+00   constant   
  22  wCBO_const   7.00121e-03   1.07478e-03   4.64245e-06  -1.73233e+00
 EXTERNAL ERROR MATRIX.    NDIM=  25    NPAR=  5    ERR DEF=1
  1.286e+00  6.170e-01  1.056e-01 -3.236e-02  5.539e-04 
  6.170e-01  1.113e+02 -1.104e+01 -1.191e+00  2.034e-03 
  1.056e-01 -1.104e+01  3.245e+00 -2.039e-01  3.479e-04 
 -3.236e-02 -1.191e+00 -2.039e-01  6.200e-02 -1.270e-04 
  5.539e-04  2.034e-03  3.479e-04 -1.270e-04  1.155e-06 
ERR MATRIX NOT POS-DEF
 PARAMETER  CORRELATION COEFFICIENTS  
       NO.  GLOBAL      8     18     19     20     22
        8  0.61964   1.000  0.052  0.052 -0.115  0.454
       18  0.99685   0.052  1.000 -0.581 -0.453  0.179
       19  0.99686   0.052 -0.581  1.000 -0.454  0.180
       20  0.99659  -0.115 -0.453 -0.454  1.000 -0.474
       22  0.85758   0.454  0.179  0.180 -0.474  1.000
 ERR MATRIX NOT POS-DEF
MINUIT - FIT ONLY 1-y
 **********
 **   60 **RES 
 **********
                   PARAMETER   14  ANy2 RESTORED TO VARIABLE.
                   PARAMETER    7  w_CBO RESTORED TO VARIABLE.
                   PARAMETER    6  A_CBO RESTORED TO VARIABLE.
                   PARAMETER    4  phi RESTORED TO VARIABLE.
                   PARAMETER    3  A0 RESTORED TO VARIABLE.
                   PARAMETER    1  N0 RESTORED TO VARIABLE.
 **********
 **   61 **FIX            0
 **********
 PARAMETER    0  IS UNDEFINED. IGNORED.
 **********
 **   62 **FIX            1
 **********
 **********
 **   63 **FIX            2
 **********
 PARAMETER    2  IS CONSTANT.   IGNORED.
 **********
 **   64 **FIX            3
 **********
 **********
 **   65 **FIX            4
 **********
 **********
 **   66 **FIX            5
 **********
 PARAMETER    5  IS CONSTANT.   IGNORED.
 **********
 **   67 **FIX            6
 **********
 **********
 **   68 **FIX            7
 **********
 **********
 **   69 **FIX            8
 **********
 **********
 **   70 **FIX            9
 **********
 PARAMETER    9  IS CONSTANT.   IGNORED.
 **********
 **   71 **FIX           13
 **********
 PARAMETER   13  IS CONSTANT.   IGNORED.
 **********
 **   72 **FIX           14
 **********
 **********
 **   73 **FIX           15
 **********
 PARAMETER   15  IS CONSTANT.   IGNORED.
 **********
 **   74 **FIX           16
 **********
 PARAMETER   16  IS CONSTANT.   IGNORED.
 **********
 **   75 **MIGRAD
 **********
 START MIGRAD MINIMIZATION.  STRATEGY  1.  CONVERGENCE WHEN EDM .LT. 1.00e-04
 FCN=292.862 FROM MIGRAD    STATUS=INITIATE        8 CALLS         691 TOTAL
                     EDM= unknown      STRATEGY= 1      NO ERROR MATRIX       
  EXT PARAMETER               CURRENT GUESS       STEP         FIRST   
  NO.   NAME      VALUE            ERROR          SIZE      DERIVATIVE 
   1  N0           3.06056e+06     fixed    
   2  tau          6.43953e+01   constant   
   3  A0           3.42925e-01     fixed    
   4  phi          4.11839e+00     fixed    
   5  R           -6.11796e+01   constant   
   6  A_CBO        1.15720e-03     fixed    
   7  w_CBO        2.32523e+00     fixed    
   8  phi_CBO     -1.16870e+00     fixed    
   9  ANx2         4.90616e-04   constant   
  10  pNx2         2.30674e+00   constant   
  11  ANy1         0.00000e+00   constant   
  12  pNy1         0.00000e+00   constant   
  13  w_y          0.00000e+00   constant   
  14  ANy2         4.93675e-04     fixed    
  15  pNy2         3.41148e-01   constant   
  16  w_vw         1.43130e+01   constant   
  17  LM          -3.45991e-04   constant   
  18  wCBO_expCoeff   1.80502e+02   1.05517e+01   7.02589e-03   2.86276e-04
  19  wCBO_expOffset   1.97193e+02   1.80144e+00   1.19858e-03   1.68040e-03
  20  wCBO_expT    3.07923e+01   2.49000e-01   1.72493e-04   4.72305e-02
  21  wCBO_linCoeff   0.00000e+00   constant   
  22  wCBO_const   7.00121e-03   1.07478e-03   4.64245e-06  -1.73387e+00
 MIGRAD MINIMIZATION HAS CONVERGED.
 MIGRAD WILL VERIFY CONVERGENCE AND ERROR MATRIX.
 FCN=292.862 FROM MIGRAD    STATUS=CONVERGED      41 CALLS         724 TOTAL
                     EDM=5.12608e-05    STRATEGY= 1      ERR MATRIX NOT POS-DEF
  EXT PARAMETER                APPROXIMATE        STEP         FIRST   
  NO.   NAME      VALUE            ERROR          SIZE      DERIVATIVE 
   1  N0           3.06056e+06     fixed    
   2  tau          6.43953e+01   constant   
   3  A0           3.42925e-01     fixed    
   4  phi          4.11839e+00     fixed    
   5  R           -6.11796e+01   constant   
   6  A_CBO        1.15720e-03     fixed    
   7  w_CBO        2.32523e+00     fixed    
   8  phi_CBO     -1.16870e+00     fixed    
   9  ANx2         4.90616e-04   constant   
  10  pNx2         2.30674e+00   constant   
  11  ANy1         0.00000e+00   constant   
  12  pNy1         0.00000e+00   constant   
  13  w_y          0.00000e+00   constant   
  14  ANy2         4.93675e-04     fixed    
  15  pNy2         3.41148e-01   constant   
  16  w_vw         1.43130e+01   constant   
  17  LM          -3.45991e-04   constant   
  18  wCBO_expCoeff   1.80501e+02   1.09867e+01   7.02328e-03  -1.64772e-03
  19  wCBO_expOffset   1.97193e+02   1.87632e+00   1.19812e-03  -9.65869e-03
  20  wCBO_expT    3.07923e+01   2.56457e-01   1.72432e-04  -2.87645e-02
  21  wCBO_linCoeff   0.00000e+00   constant   
  22  wCBO_const   7.00180e-03   9.65134e-04   4.64218e-06  -2.39782e+00
 EXTERNAL ERROR MATRIX.    NDIM=  25    NPAR=  4    ERR DEF=1
  1.207e+02 -1.216e+01 -1.262e+00  1.922e-03 
 -1.216e+01  3.521e+00 -2.165e-01  3.292e-04 
 -1.262e+00 -2.165e-01  6.577e-02 -1.211e-04 
  1.922e-03  3.292e-04 -1.211e-04  9.315e-07 
ERR MATRIX NOT POS-DEF
 PARAMETER  CORRELATION COEFFICIENTS  
       NO.  GLOBAL     18     19     20     22
       18  0.99710   1.000 -0.590 -0.448  0.181
       19  0.99710  -0.590  1.000 -0.450  0.182
       20  0.99679  -0.448 -0.450  1.000 -0.489
       22  0.81962   0.181  0.182 -0.489  1.000
 ERR MATRIX NOT POS-DEF
MINUIT - FIT ONLY 2-y
 **********
 **   76 **RES 
 **********
                   PARAMETER   14  ANy2 RESTORED TO VARIABLE.
                   PARAMETER    8  phi_CBO RESTORED TO VARIABLE.
                   PARAMETER    7  w_CBO RESTORED TO VARIABLE.
                   PARAMETER    6  A_CBO RESTORED TO VARIABLE.
                   PARAMETER    4  phi RESTORED TO VARIABLE.
                   PARAMETER    3  A0 RESTORED TO VARIABLE.
                   PARAMETER    1  N0 RESTORED TO VARIABLE.
 **********
 **   77 **FIX            0
 **********
 PARAMETER    0  IS UNDEFINED. IGNORED.
 **********
 **   78 **FIX            1
 **********
 **********
 **   79 **FIX            2
 **********
 PARAMETER    2  IS CONSTANT.   IGNORED.
 **********
 **   80 **FIX            3
 **********
 **********
 **   81 **FIX            4
 **********
 **********
 **   82 **FIX            5
 **********
 PARAMETER    5  IS CONSTANT.   IGNORED.
 **********
 **   83 **FIX            6
 **********
 **********
 **   84 **FIX            7
 **********
 **********
 **   85 **FIX            8
 **********
 **********
 **   86 **FIX            9
 **********
 PARAMETER    9  IS CONSTANT.   IGNORED.
 **********
 **   87 **FIX           10
 **********
 PARAMETER   10  IS CONSTANT.   IGNORED.
 **********
 **   88 **FIX           11
 **********
 PARAMETER   11  IS CONSTANT.   IGNORED.
 **********
 **   89 **FIX           12
 **********
 PARAMETER   12  IS CONSTANT.   IGNORED.
 **********
 **   90 **FIX           16
 **********
 PARAMETER   16  IS CONSTANT.   IGNORED.
 **********
 **   91 **MIGRAD
 **********
 START MIGRAD MINIMIZATION.  STRATEGY  1.  CONVERGENCE WHEN EDM .LT. 1.00e-04
 FCN=292.862 FROM MIGRAD    STATUS=INITIATE       10 CALLS         734 TOTAL
                     EDM= unknown      STRATEGY= 1      NO ERROR MATRIX       
  EXT PARAMETER               CURRENT GUESS       STEP         FIRST   
  NO.   NAME      VALUE            ERROR          SIZE      DERIVATIVE 
   1  N0           3.06056e+06     fixed    
   2  tau          6.43953e+01   constant   
   3  A0           3.42925e-01     fixed    
   4  phi          4.11839e+00     fixed    
   5  R           -6.11796e+01   constant   
   6  A_CBO        1.15720e-03     fixed    
   7  w_CBO        2.32523e+00     fixed    
   8  phi_CBO     -1.16870e+00     fixed    
   9  ANx2         4.90616e-04   constant   
  10  pNx2         2.30674e+00   constant   
  11  ANy1         0.00000e+00   constant   
  12  pNy1         0.00000e+00   constant   
  13  w_y          0.00000e+00   constant   
  14  ANy2         4.93675e-04   1.05944e-03   1.05944e-03  -1.56156e-03
  15  pNy2         3.41148e-01   constant   
  16  w_vw         1.43130e+01   constant   
  17  LM          -3.45991e-04   constant   
  18  wCBO_expCoeff   1.80501e+02   1.09867e+01   7.02328e-03  -1.63980e-03
  19  wCBO_expOffset   1.97193e+02   1.87632e+00   1.19812e-03  -9.61003e-03
  20  wCBO_expT    3.07923e+01   2.56457e-01   1.72432e-04  -2.84540e-02
  21  wCBO_linCoeff   0.00000e+00   constant   
  22  wCBO_const   7.00180e-03   9.65134e-04   4.64218e-06  -2.39937e+00
 MIGRAD MINIMIZATION HAS CONVERGED.
 MIGRAD WILL VERIFY CONVERGENCE AND ERROR MATRIX.
 FCN=292.862 FROM MIGRAD    STATUS=CONVERGED      57 CALLS         781 TOTAL
                     EDM=5.05127e-05    STRATEGY= 1      ERR MATRIX NOT POS-DEF
  EXT PARAMETER                APPROXIMATE        STEP         FIRST   
  NO.   NAME      VALUE            ERROR          SIZE      DERIVATIVE 
   1  N0           3.06056e+06     fixed    
   2  tau          6.43953e+01   constant   
   3  A0           3.42925e-01     fixed    
   4  phi          4.11839e+00     fixed    
   5  R           -6.11796e+01   constant   
   6  A_CBO        1.15720e-03     fixed    
   7  w_CBO        2.32523e+00     fixed    
   8  phi_CBO     -1.16870e+00     fixed    
   9  ANx2         4.90616e-04   constant   
  10  pNx2         2.30674e+00   constant   
  11  ANy1         0.00000e+00   constant   
  12  pNy1         0.00000e+00   constant   
  13  w_y          0.00000e+00   constant   
  14  ANy2         4.93675e-04   1.05989e-03   8.89895e-06   3.19095e-04
  15  pNy2         3.41148e-01   constant   
  16  w_vw         1.43130e+01   constant   
  17  LM          -3.45991e-04   constant   
  18  wCBO_expCoeff   1.80502e+02   1.09869e+01   7.02435e-03  -9.20732e-05
  19  wCBO_expOffset   1.97193e+02   1.87593e+00   1.19831e-03  -5.39734e-04
  20  wCBO_expT    3.07923e+01   2.56427e-01   1.72458e-04   3.50961e-02
  21  wCBO_linCoeff   0.00000e+00   constant   
  22  wCBO_const   7.00192e-03   9.65123e-04   4.64249e-06  -2.98826e-01
 EXTERNAL ERROR MATRIX.    NDIM=  25    NPAR=  5    ERR DEF=1
  1.123e-06 -2.579e-06 -4.427e-07  1.128e-07 -3.307e-10 
 -2.579e-06  1.207e+02 -1.216e+01 -1.263e+00  1.923e-03 
 -4.427e-07 -1.216e+01  3.519e+00 -2.164e-01  3.289e-04 
  1.128e-07 -1.263e+00 -2.164e-01  6.575e-02 -1.211e-04 
 -3.307e-10  1.923e-03  3.289e-04 -1.211e-04  9.315e-07 
ERR MATRIX NOT POS-DEF
 PARAMETER  CORRELATION COEFFICIENTS  
       NO.  GLOBAL     14     18     19     20     22
       14  0.00118   1.000 -0.000 -0.000  0.000 -0.000
       18  0.99710  -0.000  1.000 -0.590 -0.448  0.181
       19  0.99710  -0.000 -0.590  1.000 -0.450  0.182
       20  0.99679   0.000 -0.448 -0.450  1.000 -0.489
       22  0.81962  -0.000  0.181  0.182 -0.489  1.000
 ERR MATRIX NOT POS-DEF
MINUIT - FIT ALTOGETHER
 **********
 **   92 **RES 
 **********
                   PARAMETER    8  phi_CBO RESTORED TO VARIABLE.
                   PARAMETER    7  w_CBO RESTORED TO VARIABLE.
                   PARAMETER    6  A_CBO RESTORED TO VARIABLE.
                   PARAMETER    4  phi RESTORED TO VARIABLE.
                   PARAMETER    3  A0 RESTORED TO VARIABLE.
                   PARAMETER    1  N0 RESTORED TO VARIABLE.
 **********
 **   93 **MIGRAD
 **********
 START MIGRAD MINIMIZATION.  STRATEGY  1.  CONVERGENCE WHEN EDM .LT. 1.00e-04
 FCN=292.862 FROM MIGRAD    STATUS=INITIATE       22 CALLS         803 TOTAL
                     EDM= unknown      STRATEGY= 1      NO ERROR MATRIX       
  EXT PARAMETER               CURRENT GUESS       STEP         FIRST   
  NO.   NAME      VALUE            ERROR          SIZE      DERIVATIVE 
   1  N0           3.06056e+06   2.26321e+03   2.26321e+03  -1.76250e-04
   2  tau          6.43953e+01   constant   
   3  A0           3.42925e-01   1.00643e-03   1.00643e-03   1.65425e+02
   4  phi          4.11839e+00   3.04174e-03   3.04174e-03  -1.24128e+02
   5  R           -6.11796e+01   constant   
   6  A_CBO        1.15720e-03   1.10554e-03   1.10554e-03   6.42854e-01
   7  w_CBO        2.32523e+00   1.02254e-02   1.02254e-02  -1.36669e-01
   8  phi_CBO     -1.16870e+00   1.13419e+00   1.13419e+00  -7.02887e-04
   9  ANx2         4.90616e-04   constant   
  10  pNx2         2.30674e+00   constant   
  11  ANy1         0.00000e+00   constant   
  12  pNy1         0.00000e+00   constant   
  13  w_y          0.00000e+00   constant   
  14  ANy2         4.93675e-04   1.05989e-03   8.89895e-06   3.19163e-04
  15  pNy2         3.41148e-01   constant   
  16  w_vw         1.43130e+01   constant   
  17  LM          -3.45991e-04   constant   
  18  wCBO_expCoeff   1.80502e+02   1.09869e+01   7.02435e-03  -9.07711e-05
  19  wCBO_expOffset   1.97193e+02   1.87593e+00   1.19831e-03  -5.31726e-04
  20  wCBO_expT    3.07923e+01   2.56427e-01   1.72458e-04   3.54053e-02
  21  wCBO_linCoeff   0.00000e+00   constant   
  22  wCBO_const   7.00192e-03   9.65123e-04   4.64249e-06  -3.00387e-01
 MIGRAD MINIMIZATION HAS CONVERGED.
 MIGRAD WILL VERIFY CONVERGENCE AND ERROR MATRIX.
 FCN=292.777 FROM HESSE     STATUS=NOT POSDEF    100 CALLS        1022 TOTAL
                     EDM=8.78447e-05    STRATEGY= 1      ERR MATRIX NOT POS-DEF
  EXT PARAMETER                APPROXIMATE        STEP         FIRST   
  NO.   NAME      VALUE            ERROR          SIZE      DERIVATIVE 
   1  N0           3.06103e+06   2.30730e+03   1.78957e+01   2.08999e-07
