 + ++++++++++++++++++++++++++++++++++++++++++++++++++++++++++++++++++++ +
 +                                                                      +
 +           You have chose to blind your fitting according to          +
 +                omega_ref * (1 + (R +/- deltaR) *10^{-6})             +
 +                                                                      +
 + ++++++++++++++++++++++++++++++++++++++++++++++++++++++++++++++++++++ +
In main()...
reading format from /gm2data/zkhechad/run45/envelope/formats/formatB_sBin_constraintOn.txt
pBinTau 	= 0  
pBinPhi 	= 0  
constraintau 	= 1 
includeMopTerm 	= 0    
constrainMop    = 0   
Parameters after format file: pBinTau 0 pBinPhi 0 constraintau 1 includeMopTerm 0 constrainMop 0 c_e_scale 0.000000 
reading cbo reference file (full fit) from /gm2data/zkhechad/cboTemplates/Run4CBOTemplates/fullFits/run4/sBin_constraintOn_cE0.0_seed0_run4_calo20.root
A_CBO 0.007307 w_CBO 2.326921 phi_CBO 1.268494 N0 3181980.382925 R -61.000535 tau 64.408953 
Reading cboRef file /gm2data/zkhechad/cboTemplates/Run4CBOTemplates//cboIsolate/run4_calo20.root
deltaT 164.120000
windowBins = 1100
fitting sliding window 2080 from bin 2283 at 340.623600 to bin 3383 at 504.743600 (1100 bins)

Reading data from /gm2data/cornell/histograms/aMethod/histogram_a_run4.root
fitting cbo isolate
 **********
 **    1 **SET PRINTOUT            1
 **********
 **********
 **    2 **SET NOWARNINGS 
 **********
 PARAMETER DEFINITIONS:
    NO.   NAME         VALUE      STEP SIZE      LIMITS
     1 A_CBO        7.30680e-03  1.00000e-05     no limits
     2 w_CBO        2.32692e+00  1.00000e-02    2.00000e+00  3.00000e+00
     3 phi_CBO      1.26849e+00  1.00000e-02    0.00000e+00  6.28319e+00
 **********
 **    3 **MIGRAD
 **********
 FIRST CALL TO USER FUNCTION AT NEW START POINT, WITH IFLAG=4.
 START MIGRAD MINIMIZATION.  STRATEGY  1.  CONVERGENCE WHEN EDM .LT. 1.00e-04
 FCN=0.154562 FROM MIGRAD    STATUS=INITIATE       12 CALLS          13 TOTAL
                     EDM= unknown      STRATEGY= 1      NO ERROR MATRIX       
  EXT PARAMETER               CURRENT GUESS       STEP         FIRST   
  NO.   NAME      VALUE            ERROR          SIZE      DERIVATIVE 
   1  A_CBO        7.30680e-03   1.00000e-05   1.00000e-05   6.61888e+00
   2  w_CBO        2.32692e+00   1.00000e-02   2.13202e-02   7.43708e-01
   3  phi_CBO      1.26849e+00   1.00000e-02   3.96494e-03  -9.63222e-03
 MIGRAD MINIMIZATION HAS CONVERGED.
 MIGRAD WILL VERIFY CONVERGENCE AND ERROR MATRIX.
 FCN=0.134568 FROM HESSE     STATUS=NOT POSDEF     16 CALLS          60 TOTAL
                     EDM=0.000355753    STRATEGY= 1      ERR MATRIX NOT POS-DEF
  EXT PARAMETER                APPROXIMATE        STEP         FIRST   
  NO.   NAME      VALUE            ERROR          SIZE      DERIVATIVE 
   1  A_CBO        1.38308e-03   5.52648e-02   2.21451e-05  -2.29732e-02
   2  w_CBO        2.32639e+00   5.69469e-01   9.89942e-05   2.12712e-02
   3  phi_CBO      1.39944e+00   4.53044e+00   6.56047e-03  -1.13326e-04
 MIGRAD MINIMIZATION HAS CONVERGED.
 MIGRAD WILL VERIFY CONVERGENCE AND ERROR MATRIX.
 COVARIANCE MATRIX CALCULATED SUCCESSFULLY
 FCN=0.134458 FROM MIGRAD    STATUS=CONVERGED     120 CALLS         121 TOTAL
                     EDM=7.40344e-06    STRATEGY= 1      ERROR MATRIX ACCURATE 
  EXT PARAMETER                                   STEP         FIRST   
  NO.   NAME      VALUE            ERROR          SIZE      DERIVATIVE 
   1  A_CBO        1.49718e-03   4.26951e-02   2.21475e-05   2.53899e-02
   2  w_CBO        2.32265e+00   1.25585e-01   8.35057e-05  -1.49244e-02
   3  phi_CBO      4.94265e-02   3.15755e+00   2.07889e-02   9.04683e-05
 EXTERNAL ERROR MATRIX.    NDIM=  25    NPAR=  3    ERR DEF=1
  1.823e-03 -2.184e-04 -1.084e-01 
 -2.184e-04  1.617e-02  3.973e+00 
 -1.084e-01  3.973e+00  1.470e+03 
 PARAMETER  CORRELATION COEFFICIENTS  
       NO.  GLOBAL      1      2      3
        1  0.07038   1.000 -0.040 -0.066
        2  0.81513  -0.040  1.000  0.815
        3  0.81570  -0.066  0.815  1.000
setting A_CBO=0.001497 w_CBO=2.322649, phi_CBO=0.049426
done fitting cbo isolate
 **********
 **    1 **SET PRINTOUT            1
 **********
 **********
 **    2 **SET NOWARNINGS 
 **********
 PARAMETER DEFINITIONS:
    NO.   NAME         VALUE      STEP SIZE      LIMITS
     1 N0           3.18198e+06  1.00000e+02     no limits
     2 tau          6.44090e+01  constant
     3 A0           3.64685e-01  1.00000e-04     no limits
     4 phi          4.11970e+00  1.00000e-02     no limits
     5 R           -6.10005e+01  constant
     6 A_CBO        1.49718e-03  1.00000e-05     no limits
     7 w_CBO        2.32265e+00  1.00000e-03     no limits
     8 phi_CBO      4.94265e-02  1.00000e-04     no limits
     9 ANx2         1.86992e-04  constant
    10 pNx2         5.81164e+00  constant
    11 ANy1         0.00000e+00  constant
    12 pNy1         0.00000e+00  constant
    13 w_y          0.00000e+00  constant
    14 ANy2         8.35747e-03  1.00000e-04     no limits
    15 pNy2         4.18605e+00  constant
    16 w_vw         1.43216e+01  constant
    17 LM           7.21641e-05  constant
    18 wCBO_expCoeff   2.00000e+02  1.00000e+00     no limits
    19 wCBO_expOffset   2.00000e+02  1.00000e+00     no limits
    20 wCBO_expT    3.00000e+01  1.00000e+00     no limits
    21 wCBO_linCoeff   0.00000e+00  constant
    22 wCBO_const   0.00000e+00  1.00000e-02     no limits
MINUIT - FIT ONLY WIGGLE
 **********
 **    3 **FIX            5
 **********
 PARAMETER    5  IS CONSTANT.   IGNORED.
 **********
 **    4 **FIX            6
 **********
 **********
 **    5 **FIX            7
 **********
 **********
 **    6 **FIX            8
 **********
 **********
 **    7 **FIX            9
 **********
 PARAMETER    9  IS CONSTANT.   IGNORED.
 **********
 **    8 **FIX           10
 **********
 PARAMETER   10  IS CONSTANT.   IGNORED.
 **********
 **    9 **FIX           11
 **********
 PARAMETER   11  IS CONSTANT.   IGNORED.
 **********
 **   10 **FIX           12
 **********
 PARAMETER   12  IS CONSTANT.   IGNORED.
 **********
 **   11 **FIX           13
 **********
 PARAMETER   13  IS CONSTANT.   IGNORED.
 **********
 **   12 **FIX           14
 **********
 **********
 **   13 **FIX           15
 **********
 PARAMETER   15  IS CONSTANT.   IGNORED.
 **********
 **   14 **FIX           16
 **********
 PARAMETER   16  IS CONSTANT.   IGNORED.
 **********
 **   15 **MIGRAD
 **********
 FIRST CALL TO USER FUNCTION AT NEW START POINT, WITH IFLAG=4.
 START MIGRAD MINIMIZATION.  STRATEGY  1.  CONVERGENCE WHEN EDM .LT. 1.00e-04
 FCN=481.689 FROM MIGRAD    STATUS=INITIATE       52 CALLS          53 TOTAL
                     EDM= unknown      STRATEGY= 1      NO ERROR MATRIX       
  EXT PARAMETER               CURRENT GUESS       STEP         FIRST   
  NO.   NAME      VALUE            ERROR          SIZE      DERIVATIVE 
   1  N0           3.18198e+06   1.00000e+02   0.00000e+00  -2.93199e-04
   2  tau          6.44090e+01   constant   
   3  A0           3.64685e-01   1.00000e-04   0.00000e+00   1.91202e+02
   4  phi          4.11970e+00   1.00000e-02   0.00000e+00   1.26855e+02
   5  R           -6.10005e+01   constant   
   6  A_CBO        1.49718e-03     fixed    
   7  w_CBO        2.32265e+00     fixed    
   8  phi_CBO      4.94265e-02     fixed    
   9  ANx2         1.86992e-04   constant   
  10  pNx2         5.81164e+00   constant   
  11  ANy1         0.00000e+00   constant   
  12  pNy1         0.00000e+00   constant   
  13  w_y          0.00000e+00   constant   
  14  ANy2         8.35747e-03     fixed    
  15  pNy2         4.18605e+00   constant   
  16  w_vw         1.43216e+01   constant   
  17  LM           7.21641e-05   constant   
  18  wCBO_expCoeff   1.99779e+02   1.00000e+00  -2.20823e-01  -6.41733e-01
  19  wCBO_expOffset   2.00000e+02   1.00000e+00   0.00000e+00  -4.27349e+00
  20  wCBO_expT    3.00000e+01   1.00000e+00   0.00000e+00  -2.49328e+01
  21  wCBO_linCoeff   0.00000e+00   constant   
  22  wCBO_const   0.00000e+00   1.00000e-02   0.00000e+00  -1.17503e+03
 MIGRAD MINIMIZATION HAS CONVERGED.
 FCN=480.491 FROM MIGRAD    STATUS=CONVERGED     499 CALLS         500 TOTAL
                     EDM=8.48731e-06    STRATEGY= 1  ERROR MATRIX UNCERTAINTY   3.3 per cent
  EXT PARAMETER                                   STEP         FIRST   
  NO.   NAME      VALUE            ERROR          SIZE      DERIVATIVE 
   1  N0           3.18227e+06   1.49281e+03  -7.53330e+00  -1.79959e-06
   2  tau          6.44090e+01   constant   
   3  A0           3.64712e-01   6.26800e-04  -1.99086e-06  -7.87734e-01
   4  phi          4.11974e+00   1.78163e-03   3.80202e-06   1.17193e+00
   5  R           -6.10005e+01   constant   
   6  A_CBO        1.49718e-03     fixed    
   7  w_CBO        2.32265e+00     fixed    
   8  phi_CBO      4.94265e-02     fixed    
   9  ANx2         1.86992e-04   constant   
  10  pNx2         5.81164e+00   constant   
  11  ANy1         0.00000e+00   constant   
  12  pNy1         0.00000e+00   constant   
  13  w_y          0.00000e+00   constant   
  14  ANy2         8.35747e-03     fixed    
  15  pNy2         4.18605e+00   constant   
  16  w_vw         1.43216e+01   constant   
  17  LM           7.21641e-05   constant   
  18  wCBO_expCoeff   2.01406e+02   1.39606e+00  -1.22549e-02   6.87127e-03
  19  wCBO_expOffset   2.00131e+02   2.07470e-01  -2.81545e-03   4.62741e-02
  20  wCBO_expT    2.99096e+01   7.84965e-02   7.71659e-04   3.00641e-01
  21  wCBO_linCoeff   0.00000e+00   constant   
  22  wCBO_const   1.07160e-03   9.63422e-04  -8.44895e-06   3.98362e+00
 EXTERNAL ERROR MATRIX.    NDIM=  25    NPAR=  7    ERR DEF=1
  2.228e+06  1.418e-02  2.231e-02  3.393e+02 -6.635e+01  3.406e+00 -6.939e-02 
  1.418e-02  3.929e-07 -1.156e-08  2.445e-04 -1.566e-05 -4.030e-06  6.363e-08 
  2.231e-02 -1.156e-08  3.174e-06 -5.026e-04  9.883e-06  1.212e-05 -8.613e-08 
  3.393e+02  2.445e-04 -5.026e-04  1.949e+00  2.206e-01 -1.027e-01  6.577e-04 
 -6.635e+01 -1.566e-05  9.883e-06  2.206e-01  4.304e-02 -1.516e-02  1.214e-04 
  3.406e+00 -4.030e-06  1.212e-05 -1.027e-01 -1.516e-02  6.162e-03 -4.783e-05 
 -6.939e-02  6.363e-08 -8.613e-08  6.577e-04  1.214e-04 -4.783e-05  9.282e-07 
 PARAMETER  CORRELATION COEFFICIENTS  
       NO.  GLOBAL      1      3      4     18     19     20     22
        1  0.89635   1.000  0.015  0.008  0.163 -0.214  0.029 -0.048
        3  0.92335   0.015  1.000 -0.010  0.279 -0.120 -0.082  0.105
        4  0.81593   0.008 -0.010  1.000 -0.202  0.027  0.087 -0.050
       18  0.99821   0.163  0.279 -0.202  1.000  0.762 -0.937  0.489
       19  0.99209  -0.214 -0.120  0.027  0.762  1.000 -0.931  0.607
       20  0.99911   0.029 -0.082  0.087 -0.937 -0.931  1.000 -0.632
       22  0.94580  -0.048  0.105 -0.050  0.489  0.607 -0.632  1.000
MINUIT - FIT ONLY 1-CBO + other amplitudes 
 **********
 **   16 **RES 
 **********
                   PARAMETER   14  ANy2 RESTORED TO VARIABLE.
                   PARAMETER    8  phi_CBO RESTORED TO VARIABLE.
                   PARAMETER    7  w_CBO RESTORED TO VARIABLE.
                   PARAMETER    6  A_CBO RESTORED TO VARIABLE.
 **********
 **   17 **FIX            0
 **********
 PARAMETER    0  IS UNDEFINED. IGNORED.
 **********
 **   18 **FIX            1
 **********
 **********
 **   19 **FIX            2
 **********
 PARAMETER    2  IS CONSTANT.   IGNORED.
 **********
 **   20 **FIX            3
 **********
 **********
 **   21 **FIX            4
 **********
 **********
 **   22 **FIX            9
 **********
 PARAMETER    9  IS CONSTANT.   IGNORED.
 **********
 **   23 **FIX           11
 **********
 PARAMETER   11  IS CONSTANT.   IGNORED.
 **********
 **   24 **FIX           12
 **********
 PARAMETER   12  IS CONSTANT.   IGNORED.
 **********
 **   25 **FIX           14
 **********
 **********
 **   26 **FIX           15
 **********
 PARAMETER   15  IS CONSTANT.   IGNORED.
 **********
 **   27 **FIX           16
 **********
 PARAMETER   16  IS CONSTANT.   IGNORED.
 **********
 **   28 **MIGRAD
 **********
 START MIGRAD MINIMIZATION.  STRATEGY  1.  CONVERGENCE WHEN EDM .LT. 1.00e-04
 FCN=480.491 FROM MIGRAD    STATUS=INITIATE       18 CALLS         518 TOTAL
                     EDM= unknown      STRATEGY= 1      NO ERROR MATRIX       
  EXT PARAMETER               CURRENT GUESS       STEP         FIRST   
  NO.   NAME      VALUE            ERROR          SIZE      DERIVATIVE 
   1  N0           3.18227e+06     fixed    
   2  tau          6.44090e+01   constant   
   3  A0           3.64712e-01     fixed    
   4  phi          4.11974e+00     fixed    
   5  R           -6.10005e+01   constant   
   6  A_CBO        1.49718e-03   1.00000e-05   1.00000e-05   3.50930e+03
   7  w_CBO        2.32265e+00   1.00000e-03   1.00000e-03   2.31197e+00
   8  phi_CBO      4.94265e-02   1.00000e-04   1.00000e-04   1.09933e+00
   9  ANx2         1.86992e-04   constant   
  10  pNx2         5.81164e+00   constant   
  11  ANy1         0.00000e+00   constant   
  12  pNy1         0.00000e+00   constant   
  13  w_y          0.00000e+00   constant   
  14  ANy2         8.35747e-03     fixed    
  15  pNy2         4.18605e+00   constant   
  16  w_vw         1.43216e+01   constant   
  17  LM           7.21641e-05   constant   
  18  wCBO_expCoeff   2.01406e+02   1.39606e+00  -1.22549e-02   6.87714e-03
  19  wCBO_expOffset   2.00131e+02   2.07470e-01  -2.81545e-03   4.63132e-02
  20  wCBO_expT    2.99096e+01   7.84965e-02   7.71659e-04   3.00884e-01
  21  wCBO_linCoeff   0.00000e+00   constant   
  22  wCBO_const   1.07160e-03   9.63422e-04  -8.44895e-06   3.98367e+00
 MIGRAD MINIMIZATION HAS CONVERGED.
 MIGRAD WILL VERIFY CONVERGENCE AND ERROR MATRIX.
 FCN=478.565 FROM MIGRAD    STATUS=CONVERGED     347 CALLS         847 TOTAL
                     EDM=8.10502e-08    STRATEGY= 1      ERR MATRIX NOT POS-DEF
  EXT PARAMETER                APPROXIMATE        STEP         FIRST   
  NO.   NAME      VALUE            ERROR          SIZE      DERIVATIVE 
   1  N0           3.18227e+06     fixed    
   2  tau          6.44090e+01   constant   
   3  A0           3.64712e-01     fixed    
   4  phi          4.11974e+00     fixed    
   5  R           -6.10005e+01   constant   
   6  A_CBO        7.38992e-04   6.67958e-04   7.03703e-06  -4.21045e-01
   7  w_CBO        2.32039e+00   1.10713e-02   1.02028e-05   1.60183e-01
   8  phi_CBO     -1.58967e+00   1.41217e+00   9.53184e-03   7.93164e-05
   9  ANx2         1.86992e-04   constant   
  10  pNx2         5.81164e+00   constant   
  11  ANy1         0.00000e+00   constant   
  12  pNy1         0.00000e+00   constant   
  13  w_y          0.00000e+00   constant   
  14  ANy2         8.35747e-03     fixed    
  15  pNy2         4.18605e+00   constant   
  16  w_vw         1.43216e+01   constant   
  17  LM           7.21641e-05   constant   
  18  wCBO_expCoeff   2.00878e+02   2.00728e+00   1.86689e-03   1.27729e-03
  19  wCBO_expOffset   2.00053e+02   2.99333e-01   2.78362e-04   8.56651e-03
  20  wCBO_expT    2.99519e+01   5.26116e-02   5.53000e-05   4.32870e-02
  21  wCBO_linCoeff   0.00000e+00   constant   
  22  wCBO_const  -3.31941e-05   4.80809e-03   7.04922e-06   1.15049e-01
 EXTERNAL ERROR MATRIX.    NDIM=  25    NPAR=  7    ERR DEF=1
  4.462e-07  2.596e-07  8.722e-05  6.827e-05  1.018e-05 -5.560e-06  5.033e-08 
  2.596e-07  1.226e-04  1.236e-03 -3.859e-03 -5.769e-04 -9.490e-05 -5.055e-05 
  8.722e-05  1.236e-03  1.994e+00  1.403e-01  2.090e-02 -1.638e-02  1.035e-03 
  6.827e-05 -3.859e-03  1.403e-01  4.029e+00 -3.635e-01 -3.914e-02  2.109e-03 
  1.018e-05 -5.769e-04  2.090e-02 -3.635e-01  8.960e-02 -5.837e-03  3.150e-04 
 -5.560e-06 -9.490e-05 -1.638e-02 -3.914e-02 -5.837e-03  2.768e-03 -9.002e-07 
  5.033e-08 -5.055e-05  1.035e-03  2.109e-03  3.150e-04 -9.002e-07  2.312e-05 
ERR MATRIX NOT POS-DEF
 PARAMETER  CORRELATION COEFFICIENTS  
       NO.  GLOBAL      6      7      8     18     19     20     22
        6  0.18611   1.000  0.035  0.092  0.051  0.051 -0.158  0.016
        7  0.99630   0.035  1.000  0.079 -0.174 -0.174 -0.163 -0.950
        8  0.77701   0.092  0.079  1.000  0.050  0.049 -0.220  0.152
       18  0.99623   0.051 -0.174  0.050  1.000 -0.605 -0.371  0.218
       19  0.99623   0.051 -0.174  0.049 -0.605  1.000 -0.371  0.219
       20  0.99518  -0.158 -0.163 -0.220 -0.371 -0.371  1.000 -0.004
       22  0.99061   0.016 -0.950  0.152  0.218  0.219 -0.004  1.000
 ERR MATRIX NOT POS-DEF
MINUIT - FIT ONLY 1-CBO
 **********
 **   29 **RES 
 **********
                   PARAMETER   14  ANy2 RESTORED TO VARIABLE.
                   PARAMETER    4  phi RESTORED TO VARIABLE.
                   PARAMETER    3  A0 RESTORED TO VARIABLE.
                   PARAMETER    1  N0 RESTORED TO VARIABLE.
 **********
 **   30 **FIX            0
 **********
 PARAMETER    0  IS UNDEFINED. IGNORED.
 **********
 **   31 **FIX            1
 **********
 **********
 **   32 **FIX            2
 **********
 PARAMETER    2  IS CONSTANT.   IGNORED.
 **********
 **   33 **FIX            3
 **********
 **********
 **   34 **FIX            4
 **********
 **********
 **   35 **FIX            8
 **********
 **********
 **   36 **FIX            9
 **********
 PARAMETER    9  IS CONSTANT.   IGNORED.
 **********
 **   37 **FIX           11
 **********
 PARAMETER   11  IS CONSTANT.   IGNORED.
 **********
 **   38 **FIX           12
 **********
 PARAMETER   12  IS CONSTANT.   IGNORED.
 **********
 **   39 **FIX           13
 **********
 PARAMETER   13  IS CONSTANT.   IGNORED.
 **********
 **   40 **FIX           15
 **********
 PARAMETER   15  IS CONSTANT.   IGNORED.
 **********
 **   41 **FIX           16
 **********
 PARAMETER   16  IS CONSTANT.   IGNORED.
 **********
 **   42 **MIGRAD
 **********
 START MIGRAD MINIMIZATION.  STRATEGY  1.  CONVERGENCE WHEN EDM .LT. 1.00e-04
 FCN=478.565 FROM MIGRAD    STATUS=INITIATE       16 CALLS         863 TOTAL
                     EDM= unknown      STRATEGY= 1      NO ERROR MATRIX       
  EXT PARAMETER               CURRENT GUESS       STEP         FIRST   
  NO.   NAME      VALUE            ERROR          SIZE      DERIVATIVE 
   1  N0           3.18227e+06     fixed    
   2  tau          6.44090e+01   constant   
   3  A0           3.64712e-01     fixed    
   4  phi          4.11974e+00     fixed    
   5  R           -6.10005e+01   constant   
   6  A_CBO        7.38992e-04   6.67958e-04   7.03703e-06  -4.21045e-01
   7  w_CBO        2.32039e+00   1.10713e-02   1.02028e-05   1.62379e-01
   8  phi_CBO     -1.58967e+00     fixed    
   9  ANx2         1.86992e-04   constant   
  10  pNx2         5.81164e+00   constant   
  11  ANy1         0.00000e+00   constant   
  12  pNy1         0.00000e+00   constant   
  13  w_y          0.00000e+00   constant   
  14  ANy2         8.35747e-03   1.00000e-04   1.00000e-04   3.72545e+04
  15  pNy2         4.18605e+00   constant   
  16  w_vw         1.43216e+01   constant   
  17  LM           7.21641e-05   constant   
  18  wCBO_expCoeff   2.00878e+02   2.00728e+00   1.86689e-03   1.29562e-03
  19  wCBO_expOffset   2.00053e+02   2.99333e-01   2.78362e-04   8.69314e-03
  20  wCBO_expT    2.99519e+01   5.26116e-02   5.53000e-05   4.37069e-02
  21  wCBO_linCoeff   0.00000e+00   constant   
  22  wCBO_const  -3.31941e-05   4.80809e-03   7.04922e-06   1.14933e-01
 MIGRAD MINIMIZATION HAS CONVERGED.
 MIGRAD WILL VERIFY CONVERGENCE AND ERROR MATRIX.
 COVARIANCE MATRIX CALCULATED SUCCESSFULLY
 FCN=327.435 FROM MIGRAD    STATUS=CONVERGED     220 CALLS        1067 TOTAL
                     EDM=1.19954e-06    STRATEGY= 1      ERROR MATRIX ACCURATE 
  EXT PARAMETER                                   STEP         FIRST   
  NO.   NAME      VALUE            ERROR          SIZE      DERIVATIVE 
   1  N0           3.18227e+06     fixed    
   2  tau          6.44090e+01   constant   
   3  A0           3.64712e-01     fixed    
   4  phi          4.11974e+00     fixed    
   5  R           -6.10005e+01   constant   
   6  A_CBO        8.79659e-04   6.56739e-04   5.72100e-06   2.24695e+00
   7  w_CBO        2.31851e+00   1.58985e-02   8.47616e-06   1.88402e-01
   8  phi_CBO     -1.58967e+00     fixed    
   9  ANx2         1.86992e-04   constant   
  10  pNx2         5.81164e+00   constant   
  11  ANy1         0.00000e+00   constant   
  12  pNy1         0.00000e+00   constant   
  13  w_y          0.00000e+00   constant   
  14  ANy2         2.33607e-04   6.59882e-04   5.82346e-06   5.65470e-02
  15  pNy2         4.18605e+00   constant   
  16  w_vw         1.43216e+01   constant   
  17  LM           7.21641e-05   constant   
  18  wCBO_expCoeff   2.00023e+02   2.12361e+00   1.53302e-03   3.62065e-04
  19  wCBO_expOffset   1.99925e+02   3.18720e-01   2.30026e-04   2.41283e-03
  20  wCBO_expT    3.00145e+01   5.36583e-02   4.63059e-05   1.21533e-02
  21  wCBO_linCoeff   0.00000e+00   constant   
  22  wCBO_const   3.29812e-04   6.83386e-03   5.77916e-06   3.64715e-01
 EXTERNAL ERROR MATRIX.    NDIM=  25    NPAR=  7    ERR DEF=1
  4.313e-07  1.198e-07 -2.003e-08  6.872e-06  1.031e-06 -8.058e-07  3.293e-08 
  1.198e-07  2.528e-04  5.572e-08 -8.565e-03 -1.288e-03 -1.476e-04 -1.075e-04 
 -2.003e-08  5.572e-08  4.354e-07  1.653e-05  2.480e-06 -1.273e-06 -2.820e-08 
  6.872e-06 -8.565e-03  1.653e-05  4.510e+00 -3.804e-01 -3.872e-02  4.017e-03 
  1.031e-06 -1.288e-03  2.480e-06 -3.804e-01  1.016e-01 -5.811e-03  6.039e-04 
 -8.058e-07 -1.476e-04 -1.273e-06 -3.872e-02 -5.811e-03  2.879e-03  3.536e-05 
  3.293e-08 -1.075e-04 -2.820e-08  4.017e-03  6.039e-04  3.536e-05  4.670e-05 
 PARAMETER  CORRELATION COEFFICIENTS  
       NO.  GLOBAL      6      7     14     18     19     20     22
        6  0.17606   1.000  0.011 -0.046  0.005  0.005 -0.023  0.007
        7  0.99818   0.011  1.000  0.005 -0.254 -0.254 -0.173 -0.990
       14  0.07363  -0.046  0.005  1.000  0.012  0.012 -0.036 -0.006
       18  0.99667   0.005 -0.254  0.012  1.000 -0.562 -0.340  0.277
       19  0.99667   0.005 -0.254  0.012 -0.562  1.000 -0.340  0.277
       20  0.99523  -0.023 -0.173 -0.036 -0.340 -0.340  1.000  0.096
       22  0.99543   0.007 -0.990 -0.006  0.277  0.277  0.096  1.000
MINUIT - FIT ONLY 2-CBO
 **********
 **   43 **RES 
 **********
                   PARAMETER    8  phi_CBO RESTORED TO VARIABLE.
                   PARAMETER    4  phi RESTORED TO VARIABLE.
                   PARAMETER    3  A0 RESTORED TO VARIABLE.
                   PARAMETER    1  N0 RESTORED TO VARIABLE.
 **********
 **   44 **FIX            0
 **********
 PARAMETER    0  IS UNDEFINED. IGNORED.
 **********
 **   45 **FIX            1
 **********
 **********
 **   46 **FIX            2
 **********
 PARAMETER    2  IS CONSTANT.   IGNORED.
 **********
 **   47 **FIX            3
 **********
 **********
 **   48 **FIX            4
 **********
 **********
 **   49 **FIX            5
 **********
 PARAMETER    5  IS CONSTANT.   IGNORED.
 **********
 **   50 **FIX            6
 **********
 **********
 **   51 **FIX            7
 **********
 **********
 **   52 **FIX           10
 **********
 PARAMETER   10  IS CONSTANT.   IGNORED.
 **********
 **   53 **FIX           11
 **********
 PARAMETER   11  IS CONSTANT.   IGNORED.
 **********
 **   54 **FIX           12
 **********
 PARAMETER   12  IS CONSTANT.   IGNORED.
 **********
 **   55 **FIX           13
 **********
 PARAMETER   13  IS CONSTANT.   IGNORED.
 **********
 **   56 **FIX           14
 **********
 **********
 **   57 **FIX           15
 **********
 PARAMETER   15  IS CONSTANT.   IGNORED.
 **********
 **   58 **FIX           16
 **********
 PARAMETER   16  IS CONSTANT.   IGNORED.
 **********
 **   59 **MIGRAD
 **********
 START MIGRAD MINIMIZATION.  STRATEGY  1.  CONVERGENCE WHEN EDM .LT. 1.00e-04
 FCN=327.435 FROM MIGRAD    STATUS=INITIATE       10 CALLS        1077 TOTAL
                     EDM= unknown      STRATEGY= 1      NO ERROR MATRIX       
  EXT PARAMETER               CURRENT GUESS       STEP         FIRST   
  NO.   NAME      VALUE            ERROR          SIZE      DERIVATIVE 
   1  N0           3.18227e+06     fixed    
   2  tau          6.44090e+01   constant   
   3  A0           3.64712e-01     fixed    
   4  phi          4.11974e+00     fixed    
   5  R           -6.10005e+01   constant   
   6  A_CBO        8.79659e-04     fixed    
   7  w_CBO        2.31851e+00     fixed    
   8  phi_CBO     -1.58967e+00   1.41217e+00   1.41217e+00   6.15347e-01
   9  ANx2         1.86992e-04   constant   
  10  pNx2         5.81164e+00   constant   
  11  ANy1         0.00000e+00   constant   
  12  pNy1         0.00000e+00   constant   
  13  w_y          0.00000e+00   constant   
  14  ANy2         2.33607e-04     fixed    
  15  pNy2         4.18605e+00   constant   
  16  w_vw         1.43216e+01   constant   
  17  LM           7.21641e-05   constant   
  18  wCBO_expCoeff   2.00023e+02   2.12361e+00   1.53302e-03   3.50730e-04
  19  wCBO_expOffset   1.99925e+02   3.18720e-01   2.30026e-04   2.33219e-03
  20  wCBO_expT    3.00145e+01   5.36583e-02   4.63059e-05   1.17717e-02
  21  wCBO_linCoeff   0.00000e+00   constant   
  22  wCBO_const   3.29812e-04   6.83386e-03   5.77916e-06   3.58105e-01
 MIGRAD MINIMIZATION HAS CONVERGED.
 MIGRAD WILL VERIFY CONVERGENCE AND ERROR MATRIX.
 COVARIANCE MATRIX CALCULATED SUCCESSFULLY
 FCN=327.273 FROM MIGRAD    STATUS=CONVERGED     134 CALLS        1201 TOTAL
                     EDM=1.45766e-08    STRATEGY= 1      ERROR MATRIX ACCURATE 
  EXT PARAMETER                                   STEP         FIRST   
  NO.   NAME      VALUE            ERROR          SIZE      DERIVATIVE 
   1  N0           3.18227e+06     fixed    
   2  tau          6.44090e+01   constant   
   3  A0           3.64712e-01     fixed    
   4  phi          4.11974e+00     fixed    
   5  R           -6.10005e+01   constant   
   6  A_CBO        8.79659e-04     fixed    
   7  w_CBO        2.31851e+00     fixed    
   8  phi_CBO     -2.10399e+00   1.25585e+00   6.64020e-03   1.50419e-04
   9  ANx2         1.86992e-04   constant   
  10  pNx2         5.81164e+00   constant   
  11  ANy1         0.00000e+00   constant   
  12  pNy1         0.00000e+00   constant   
  13  w_y          0.00000e+00   constant   
  14  ANy2         2.33607e-04     fixed    
  15  pNy2         4.18605e+00   constant   
  16  w_vw         1.43216e+01   constant   
  17  LM           7.21641e-05   constant   
  18  wCBO_expCoeff   1.99940e+02   3.29874e+00   1.44658e-03  -3.66609e-04
  19  wCBO_expOffset   1.99913e+02   4.95337e-01   2.17195e-04  -2.44167e-03
  20  wCBO_expT    3.00198e+01   7.11921e-02   4.37509e-05  -1.09177e-02
  21  wCBO_linCoeff   0.00000e+00   constant   
  22  wCBO_const  -6.50894e-05   1.37938e-03   5.50687e-06  -4.51228e-02
 EXTERNAL ERROR MATRIX.    NDIM=  25    NPAR=  5    ERR DEF=1
  1.577e+00  1.562e-01  2.347e-02 -9.794e-03  1.127e-03 
  1.562e-01  1.088e+01 -1.256e+00 -7.945e-02  8.215e-04 
  2.347e-02 -1.256e+00  2.454e-01 -1.194e-02  1.234e-04 
 -9.794e-03 -7.945e-02 -1.194e-02  5.068e-03 -5.553e-05 
  1.127e-03  8.215e-04  1.234e-04 -5.553e-05  1.903e-06 
 PARAMETER  CORRELATION COEFFICIENTS  
       NO.  GLOBAL      8     18     19     20     22
        8  0.80175   1.000  0.038  0.038 -0.110  0.651
       18  0.99877   0.038  1.000 -0.769 -0.338  0.181
       19  0.99877   0.038 -0.769  1.000 -0.339  0.181
       20  0.99759  -0.110 -0.338 -0.339  1.000 -0.565
       22  0.89242   0.651  0.181  0.181 -0.565  1.000
MINUIT - FIT ONLY 1-y
 **********
 **   60 **RES 
 **********
                   PARAMETER   14  ANy2 RESTORED TO VARIABLE.
                   PARAMETER    7  w_CBO RESTORED TO VARIABLE.
                   PARAMETER    6  A_CBO RESTORED TO VARIABLE.
                   PARAMETER    4  phi RESTORED TO VARIABLE.
                   PARAMETER    3  A0 RESTORED TO VARIABLE.
                   PARAMETER    1  N0 RESTORED TO VARIABLE.
 **********
 **   61 **FIX            0
 **********
 PARAMETER    0  IS UNDEFINED. IGNORED.
 **********
 **   62 **FIX            1
 **********
 **********
 **   63 **FIX            2
 **********
 PARAMETER    2  IS CONSTANT.   IGNORED.
 **********
 **   64 **FIX            3
 **********
 **********
 **   65 **FIX            4
 **********
 **********
 **   66 **FIX            5
 **********
 PARAMETER    5  IS CONSTANT.   IGNORED.
 **********
 **   67 **FIX            6
 **********
 **********
 **   68 **FIX            7
 **********
 **********
 **   69 **FIX            8
 **********
 **********
 **   70 **FIX            9
 **********
 PARAMETER    9  IS CONSTANT.   IGNORED.
 **********
 **   71 **FIX           13
 **********
 PARAMETER   13  IS CONSTANT.   IGNORED.
 **********
 **   72 **FIX           14
 **********
 **********
 **   73 **FIX           15
 **********
 PARAMETER   15  IS CONSTANT.   IGNORED.
 **********
 **   74 **FIX           16
 **********
 PARAMETER   16  IS CONSTANT.   IGNORED.
 **********
 **   75 **MIGRAD
 **********
 START MIGRAD MINIMIZATION.  STRATEGY  1.  CONVERGENCE WHEN EDM .LT. 1.00e-04
 FCN=327.273 FROM MIGRAD    STATUS=INITIATE        8 CALLS        1209 TOTAL
                     EDM= unknown      STRATEGY= 1      NO ERROR MATRIX       
  EXT PARAMETER               CURRENT GUESS       STEP         FIRST   
  NO.   NAME      VALUE            ERROR          SIZE      DERIVATIVE 
   1  N0           3.18227e+06     fixed    
   2  tau          6.44090e+01   constant   
   3  A0           3.64712e-01     fixed    
   4  phi          4.11974e+00     fixed    
   5  R           -6.10005e+01   constant   
   6  A_CBO        8.79659e-04     fixed    
   7  w_CBO        2.31851e+00     fixed    
   8  phi_CBO     -2.10399e+00     fixed    
   9  ANx2         1.86992e-04   constant   
  10  pNx2         5.81164e+00   constant   
  11  ANy1         0.00000e+00   constant   
  12  pNy1         0.00000e+00   constant   
  13  w_y          0.00000e+00   constant   
  14  ANy2         2.33607e-04     fixed    
  15  pNy2         4.18605e+00   constant   
  16  w_vw         1.43216e+01   constant   
  17  LM           7.21641e-05   constant   
  18  wCBO_expCoeff   1.99940e+02   3.29874e+00   1.44658e-03  -3.70409e-04
  19  wCBO_expOffset   1.99913e+02   4.95337e-01   2.17195e-04  -2.47174e-03
  20  wCBO_expT    3.00198e+01   7.11921e-02   4.37509e-05  -1.10286e-02
  21  wCBO_linCoeff   0.00000e+00   constant   
  22  wCBO_const  -6.50894e-05   1.37938e-03   5.50687e-06  -4.47352e-02
 MIGRAD MINIMIZATION HAS CONVERGED.
 MIGRAD WILL VERIFY CONVERGENCE AND ERROR MATRIX.
 COVARIANCE MATRIX CALCULATED SUCCESSFULLY
 FCN=327.273 FROM MIGRAD    STATUS=CONVERGED      49 CALLS        1250 TOTAL
                     EDM=2.84819e-09    STRATEGY= 1      ERROR MATRIX ACCURATE 
  EXT PARAMETER                                   STEP         FIRST   
  NO.   NAME      VALUE            ERROR          SIZE      DERIVATIVE 
   1  N0           3.18227e+06     fixed    
   2  tau          6.44090e+01   constant   
   3  A0           3.64712e-01     fixed    
   4  phi          4.11974e+00     fixed    
   5  R           -6.10005e+01   constant   
   6  A_CBO        8.79659e-04     fixed    
   7  w_CBO        2.31851e+00     fixed    
   8  phi_CBO     -2.10399e+00     fixed    
   9  ANx2         1.86992e-04   constant   
  10  pNx2         5.81164e+00   constant   
  11  ANy1         0.00000e+00   constant   
  12  pNy1         0.00000e+00   constant   
  13  w_y          0.00000e+00   constant   
  14  ANy2         2.33607e-04     fixed    
  15  pNy2         4.18605e+00   constant   
  16  w_vw         1.43216e+01   constant   
  17  LM           7.21641e-05   constant   
  18  wCBO_expCoeff   1.99940e+02   3.29617e+00   1.44631e-03  -2.24117e-05
  19  wCBO_expOffset   1.99913e+02   4.94946e-01   2.17155e-04  -1.49274e-04
  20  wCBO_expT    3.00198e+01   7.07613e-02   4.37422e-05   5.23247e-04
  21  wCBO_linCoeff   0.00000e+00   constant   
  22  wCBO_const  -6.50869e-05   1.04746e-03   5.50619e-06   2.00402e-02
 EXTERNAL ERROR MATRIX.    NDIM=  25    NPAR=  4    ERR DEF=1
  1.086e+01 -1.258e+00 -7.848e-02  7.098e-04 
 -1.258e+00  2.450e-01 -1.179e-02  1.066e-04 
 -7.848e-02 -1.179e-02  5.007e-03 -4.853e-05 
  7.098e-04  1.066e-04 -4.853e-05  1.097e-06 
 PARAMETER  CORRELATION COEFFICIENTS  
       NO.  GLOBAL     18     19     20     22
       18  0.99877   1.000 -0.771 -0.336  0.206
       19  0.99877  -0.771  1.000 -0.337  0.206
       20  0.99756  -0.336 -0.337  1.000 -0.655
       22  0.80432   0.206  0.206 -0.655  1.000
MINUIT - FIT ONLY 2-y
 **********
 **   76 **RES 
 **********
                   PARAMETER   14  ANy2 RESTORED TO VARIABLE.
                   PARAMETER    8  phi_CBO RESTORED TO VARIABLE.
                   PARAMETER    7  w_CBO RESTORED TO VARIABLE.
                   PARAMETER    6  A_CBO RESTORED TO VARIABLE.
                   PARAMETER    4  phi RESTORED TO VARIABLE.
                   PARAMETER    3  A0 RESTORED TO VARIABLE.
                   PARAMETER    1  N0 RESTORED TO VARIABLE.
 **********
 **   77 **FIX            0
 **********
 PARAMETER    0  IS UNDEFINED. IGNORED.
 **********
 **   78 **FIX            1
 **********
 **********
 **   79 **FIX            2
 **********
 PARAMETER    2  IS CONSTANT.   IGNORED.
 **********
 **   80 **FIX            3
 **********
 **********
 **   81 **FIX            4
 **********
 **********
 **   82 **FIX            5
 **********
 PARAMETER    5  IS CONSTANT.   IGNORED.
 **********
 **   83 **FIX            6
 **********
 **********
 **   84 **FIX            7
 **********
 **********
 **   85 **FIX            8
 **********
 **********
 **   86 **FIX            9
 **********
 PARAMETER    9  IS CONSTANT.   IGNORED.
 **********
 **   87 **FIX           10
 **********
 PARAMETER   10  IS CONSTANT.   IGNORED.
 **********
 **   88 **FIX           11
 **********
 PARAMETER   11  IS CONSTANT.   IGNORED.
 **********
 **   89 **FIX           12
 **********
 PARAMETER   12  IS CONSTANT.   IGNORED.
 **********
 **   90 **FIX           16
 **********
 PARAMETER   16  IS CONSTANT.   IGNORED.
 **********
 **   91 **MIGRAD
 **********
 START MIGRAD MINIMIZATION.  STRATEGY  1.  CONVERGENCE WHEN EDM .LT. 1.00e-04
 FCN=327.273 FROM MIGRAD    STATUS=INITIATE       10 CALLS        1260 TOTAL
                     EDM= unknown      STRATEGY= 1      NO ERROR MATRIX       
  EXT PARAMETER               CURRENT GUESS       STEP         FIRST   
  NO.   NAME      VALUE            ERROR          SIZE      DERIVATIVE 
   1  N0           3.18227e+06     fixed    
   2  tau          6.44090e+01   constant   
   3  A0           3.64712e-01     fixed    
   4  phi          4.11974e+00     fixed    
   5  R           -6.10005e+01   constant   
   6  A_CBO        8.79659e-04     fixed    
   7  w_CBO        2.31851e+00     fixed    
   8  phi_CBO     -2.10399e+00     fixed    
   9  ANx2         1.86992e-04   constant   
  10  pNx2         5.81164e+00   constant   
  11  ANy1         0.00000e+00   constant   
  12  pNy1         0.00000e+00   constant   
  13  w_y          0.00000e+00   constant   
  14  ANy2         2.33607e-04   6.59882e-04   6.59882e-04  -1.06477e+01
  15  pNy2         4.18605e+00   constant   
  16  w_vw         1.43216e+01   constant   
  17  LM           7.21641e-05   constant   
  18  wCBO_expCoeff   1.99940e+02   3.29617e+00   1.44631e-03  -2.62180e-05
  19  wCBO_expOffset   1.99913e+02   4.94946e-01   2.17155e-04  -1.79347e-04
  20  wCBO_expT    3.00198e+01   7.07613e-02   4.37422e-05   4.13028e-04
  21  wCBO_linCoeff   0.00000e+00   constant   
  22  wCBO_const  -6.50869e-05   1.04746e-03   5.50619e-06   2.04295e-02
 MIGRAD MINIMIZATION HAS CONVERGED.
 MIGRAD WILL VERIFY CONVERGENCE AND ERROR MATRIX.
 COVARIANCE MATRIX CALCULATED SUCCESSFULLY
 FCN=327.273 FROM MIGRAD    STATUS=CONVERGED      52 CALLS        1302 TOTAL
                     EDM=9.59075e-08    STRATEGY= 1      ERROR MATRIX ACCURATE 
  EXT PARAMETER                                   STEP         FIRST   
  NO.   NAME      VALUE            ERROR          SIZE      DERIVATIVE 
   1  N0           3.18227e+06     fixed    
   2  tau          6.44090e+01   constant   
   3  A0           3.64712e-01     fixed    
   4  phi          4.11974e+00     fixed    
   5  R           -6.10005e+01   constant   
   6  A_CBO        8.79659e-04     fixed    
   7  w_CBO        2.31851e+00     fixed    
   8  phi_CBO     -2.10399e+00     fixed    
   9  ANx2         1.86992e-04   constant   
  10  pNx2         5.81164e+00   constant   
  11  ANy1         0.00000e+00   constant   
  12  pNy1         0.00000e+00   constant   
  13  w_y          0.00000e+00   constant   
  14  ANy2         2.35913e-04   6.59056e-04   5.82204e-06  -3.42308e-04
  15  pNy2         4.18605e+00   constant   
  16  w_vw         1.43216e+01   constant   
  17  LM           7.21641e-05   constant   
  18  wCBO_expCoeff   1.99940e+02   3.29373e+00   1.44631e-03   1.34207e-03
  19  wCBO_expOffset   1.99913e+02   4.94574e-01   2.17156e-04   8.93737e-03
  20  wCBO_expT    3.00198e+01   7.07921e-02   4.37423e-05   5.08385e-02
  21  wCBO_linCoeff   0.00000e+00   constant   
  22  wCBO_const  -6.50908e-05   1.04738e-03   5.50619e-06   3.87301e-01
 EXTERNAL ERROR MATRIX.    NDIM=  25    NPAR=  5    ERR DEF=1
  4.344e-07  2.817e-05  4.231e-06 -1.858e-06  8.625e-09 
  2.817e-05  1.085e+01 -1.256e+00 -7.855e-02  7.099e-04 
  4.231e-06 -1.256e+00  2.446e-01 -1.180e-02  1.066e-04 
 -1.858e-06 -7.855e-02 -1.180e-02  5.012e-03 -4.853e-05 
  8.625e-09  7.099e-04  1.066e-04 -4.853e-05  1.097e-06 
 PARAMETER  CORRELATION COEFFICIENTS  
       NO.  GLOBAL     14     18     19     20     22
       14  0.05404   1.000  0.013  0.013 -0.040  0.012
       18  0.99877   0.013  1.000 -0.771 -0.337  0.206
       19  0.99877   0.013 -0.771  1.000 -0.337  0.206
       20  0.99756  -0.040 -0.337 -0.337  1.000 -0.655
       22  0.80428   0.012  0.206  0.206 -0.655  1.000
MINUIT - FIT ALTOGETHER
 **********
 **   92 **RES 
 **********
                   PARAMETER    8  phi_CBO RESTORED TO VARIABLE.
                   PARAMETER    7  w_CBO RESTORED TO VARIABLE.
                   PARAMETER    6  A_CBO RESTORED TO VARIABLE.
                   PARAMETER    4  phi RESTORED TO VARIABLE.
                   PARAMETER    3  A0 RESTORED TO VARIABLE.
                   PARAMETER    1  N0 RESTORED TO VARIABLE.
 **********
 **   93 **MIGRAD
 **********
 START MIGRAD MINIMIZATION.  STRATEGY  1.  CONVERGENCE WHEN EDM .LT. 1.00e-04
 FCN=327.273 FROM MIGRAD    STATUS=INITIATE       22 CALLS        1324 TOTAL
                     EDM= unknown      STRATEGY= 1      NO ERROR MATRIX       
  EXT PARAMETER               CURRENT GUESS       STEP         FIRST   
  NO.   NAME      VALUE            ERROR          SIZE      DERIVATIVE 
   1  N0           3.18227e+06   1.49281e+03   1.49281e+03  -8.85912e-05
   2  tau          6.44090e+01   constant   
   3  A0           3.64712e-01   6.26800e-04   6.26800e-04   9.49876e+01
   4  phi          4.11974e+00   1.78163e-03   1.78163e-03   1.14882e+02
   5  R           -6.10005e+01   constant   
   6  A_CBO        8.79659e-04   6.56739e-04   6.56739e-04  -7.11772e+01
   7  w_CBO        2.31851e+00   1.58985e-02   1.58985e-02   2.81645e-01
   8  phi_CBO     -2.10399e+00   1.25585e+00   1.25585e+00  -2.47763e-05
   9  ANx2         1.86992e-04   constant   
  10  pNx2         5.81164e+00   constant   
  11  ANy1         0.00000e+00   constant   
  12  pNy1         0.00000e+00   constant   
  13  w_y          0.00000e+00   constant   
  14  ANy2         2.35913e-04   6.59056e-04   5.82204e-06  -3.42220e-04
  15  pNy2         4.18605e+00   constant   
  16  w_vw         1.43216e+01   constant   
  17  LM           7.21641e-05   constant   
  18  wCBO_expCoeff   1.99940e+02   3.29373e+00   1.44631e-03   1.31896e-03
  19  wCBO_expOffset   1.99913e+02   4.94574e-01   2.17156e-04   8.78725e-03
  20  wCBO_expT    3.00198e+01   7.07921e-02   4.37423e-05   5.01671e-02
