 + ++++++++++++++++++++++++++++++++++++++++++++++++++++++++++++++++++++ +
 +                                                                      +
 +           You have chose to blind your fitting according to          +
 +                omega_ref * (1 + (R +/- deltaR) *10^{-6})             +
 +                                                                      +
 + ++++++++++++++++++++++++++++++++++++++++++++++++++++++++++++++++++++ +
In main()...
reading format from /gm2data/zkhechad/run45/envelope/formats/formatB_sBin_constraintOn.txt
pBinTau 	= 0  
pBinPhi 	= 0  
constraintau 	= 1 
includeMopTerm 	= 0    
constrainMop    = 0   
Parameters after format file: pBinTau 0 pBinPhi 0 constraintau 1 includeMopTerm 0 constrainMop 0 c_e_scale 0.000000 
reading cbo reference file (full fit) from /gm2data/zkhechad/cboTemplates/Run4CBOTemplates/fullFits/run4/sBin_constraintOn_cE0.0_seed0_run4_calo22.root
A_CBO 0.009526 w_CBO 2.326135 phi_CBO 3.153773 N0 2910883.778789 R -61.156963 tau 64.406920 
Reading cboRef file /gm2data/zkhechad/cboTemplates/Run4CBOTemplates//cboIsolate/run4_calo22.root
deltaT 20.734706
windowBins = 130
fitting sliding window 580 from bin 783 at 116.823600 to bin 913 at 136.219600 (130 bins)

Reading data from /gm2data/cornell/histograms/aMethod/histogram_a_run4.root
fitting cbo isolate
 **********
 **    1 **SET PRINTOUT            1
 **********
 **********
 **    2 **SET NOWARNINGS 
 **********
 PARAMETER DEFINITIONS:
    NO.   NAME         VALUE      STEP SIZE      LIMITS
     1 A_CBO        9.52554e-03  1.00000e-05     no limits
     2 w_CBO        2.32614e+00  1.00000e-02    2.00000e+00  3.00000e+00
     3 phi_CBO      3.15377e+00  1.00000e-02    0.00000e+00  6.28319e+00
 **********
 **    3 **MIGRAD
 **********
 FIRST CALL TO USER FUNCTION AT NEW START POINT, WITH IFLAG=4.
 START MIGRAD MINIMIZATION.  STRATEGY  1.  CONVERGENCE WHEN EDM .LT. 1.00e-04
 FCN=0.00149902 FROM MIGRAD    STATUS=INITIATE       12 CALLS          13 TOTAL
                     EDM= unknown      STRATEGY= 1      NO ERROR MATRIX       
  EXT PARAMETER               CURRENT GUESS       STEP         FIRST   
  NO.   NAME      VALUE            ERROR          SIZE      DERIVATIVE 
   1  A_CBO        9.52554e-03   1.00000e-05   1.00000e-05   5.86578e-01
   2  w_CBO        2.32614e+00   1.00000e-02   2.13335e-02   4.77508e-03
   3  phi_CBO      3.15377e+00   1.00000e-02   3.18313e-03  -2.63704e-04
 MIGRAD MINIMIZATION HAS CONVERGED.
 MIGRAD WILL VERIFY CONVERGENCE AND ERROR MATRIX.
 COVARIANCE MATRIX CALCULATED SUCCESSFULLY
 FCN=0.000151436 FROM MIGRAD    STATUS=CONVERGED      37 CALLS          38 TOTAL
                     EDM=1.24475e-06    STRATEGY= 1      ERROR MATRIX ACCURATE 
  EXT PARAMETER                                   STEP         FIRST   
  NO.   NAME      VALUE            ERROR          SIZE      DERIVATIVE 
   1  A_CBO        4.92888e-03   1.27738e-01   6.11450e-05  -8.42530e-06
   2  w_CBO        2.32604e+00   7.83607e-01   1.45157e-04  -3.74136e-03
   3  phi_CBO      3.16682e+00   3.55095e+00   2.74099e-03   1.98714e-04
 EXTERNAL ERROR MATRIX.    NDIM=  25    NPAR=  3    ERR DEF=1
  1.632e-02 -1.177e-01 -1.492e+01 
 -1.177e-01  2.186e+01  2.762e+03 
 -1.492e+01  2.762e+03  3.497e+05 
 PARAMETER  CORRELATION COEFFICIENTS  
       NO.  GLOBAL      1      2      3
        1  0.19775   1.000 -0.197 -0.198
        2  0.99911  -0.197  1.000  0.999
        3  0.99911  -0.198  0.999  1.000
setting A_CBO=0.004929 w_CBO=2.326036, phi_CBO=3.166824
done fitting cbo isolate
 **********
 **    1 **SET PRINTOUT            1
 **********
 **********
 **    2 **SET NOWARNINGS 
 **********
 PARAMETER DEFINITIONS:
    NO.   NAME         VALUE      STEP SIZE      LIMITS
     1 N0           2.91088e+06  1.00000e+02     no limits
     2 tau          6.44069e+01  constant
     3 A0           3.51795e-01  1.00000e-04     no limits
     4 phi          4.11585e+00  1.00000e-02     no limits
     5 R           -6.11570e+01  constant
     6 A_CBO        4.92888e-03  1.00000e-05     no limits
     7 w_CBO        2.32604e+00  1.00000e-03     no limits
     8 phi_CBO      3.16682e+00  1.00000e-04     no limits
     9 ANx2         8.59960e-04  constant
    10 pNx2         1.29548e+00  constant
    11 ANy1         0.00000e+00  constant
    12 pNy1         0.00000e+00  constant
    13 w_y          0.00000e+00  constant
    14 ANy2         8.55552e-03  1.00000e-04     no limits
    15 pNy2         3.07836e+00  constant
    16 w_vw         1.43006e+01  constant
    17 LM           1.55944e-04  constant
    18 wCBO_expCoeff   2.00000e+02  1.00000e+00     no limits
    19 wCBO_expOffset   2.00000e+02  1.00000e+00     no limits
    20 wCBO_expT    3.00000e+01  1.00000e+00     no limits
    21 wCBO_linCoeff   0.00000e+00  constant
    22 wCBO_const   0.00000e+00  1.00000e-02     no limits
MINUIT - FIT ONLY WIGGLE
 **********
 **    3 **FIX            5
 **********
 PARAMETER    5  IS CONSTANT.   IGNORED.
 **********
 **    4 **FIX            6
 **********
 **********
 **    5 **FIX            7
 **********
 **********
 **    6 **FIX            8
 **********
 **********
 **    7 **FIX            9
 **********
 PARAMETER    9  IS CONSTANT.   IGNORED.
 **********
 **    8 **FIX           10
 **********
 PARAMETER   10  IS CONSTANT.   IGNORED.
 **********
 **    9 **FIX           11
 **********
 PARAMETER   11  IS CONSTANT.   IGNORED.
 **********
 **   10 **FIX           12
 **********
 PARAMETER   12  IS CONSTANT.   IGNORED.
 **********
 **   11 **FIX           13
 **********
 PARAMETER   13  IS CONSTANT.   IGNORED.
 **********
 **   12 **FIX           14
 **********
 **********
 **   13 **FIX           15
 **********
 PARAMETER   15  IS CONSTANT.   IGNORED.
 **********
 **   14 **FIX           16
 **********
 PARAMETER   16  IS CONSTANT.   IGNORED.
 **********
 **   15 **MIGRAD
 **********
 FIRST CALL TO USER FUNCTION AT NEW START POINT, WITH IFLAG=4.
 START MIGRAD MINIMIZATION.  STRATEGY  1.  CONVERGENCE WHEN EDM .LT. 1.00e-04
 FCN=2086.24 FROM MIGRAD    STATUS=INITIATE       57 CALLS          58 TOTAL
                     EDM= unknown      STRATEGY= 1      NO ERROR MATRIX       
  EXT PARAMETER               CURRENT GUESS       STEP         FIRST   
  NO.   NAME      VALUE            ERROR          SIZE      DERIVATIVE 
   1  N0           2.91088e+06   1.00000e+02   0.00000e+00  -2.84566e-03
   2  tau          6.44069e+01   constant   
   3  A0           3.51795e-01   1.00000e-04   0.00000e+00  -3.41547e+04
   4  phi          4.11585e+00   1.00000e-02   0.00000e+00   3.10299e+03
   5  R           -6.11570e+01   constant   
   6  A_CBO        4.92888e-03     fixed    
   7  w_CBO        2.32604e+00     fixed    
   8  phi_CBO      3.16682e+00     fixed    
   9  ANx2         8.59960e-04   constant   
  10  pNx2         1.29548e+00   constant   
  11  ANy1         0.00000e+00   constant   
  12  pNy1         0.00000e+00   constant   
  13  w_y          0.00000e+00   constant   
  14  ANy2         8.55552e-03     fixed    
  15  pNy2         3.07836e+00   constant   
  16  w_vw         1.43006e+01   constant   
  17  LM           1.55944e-04   constant   
  18  wCBO_expCoeff   2.00000e+02   1.00000e+00   0.00000e+00  -1.46688e+05
  19  wCBO_expOffset   2.00000e+02   1.00000e+00  -2.08397e-04   6.74576e+05
  20  wCBO_expT    3.00000e+01   1.00000e+00   0.00000e+00  -3.59572e+05
  21  wCBO_linCoeff   0.00000e+00   constant   
  22  wCBO_const   0.00000e+00   1.00000e-02   0.00000e+00  -3.36580e+04
 MIGRAD FAILS TO FIND IMPROVEMENT
 FCN=1818.68 FROM HESSE     STATUS=NOT POSDEF     56 CALLS         369 TOTAL
                     EDM=4.53597    STRATEGY= 1      ERR MATRIX NOT POS-DEF
  EXT PARAMETER                APPROXIMATE        STEP         FIRST   
  NO.   NAME      VALUE            ERROR          SIZE      DERIVATIVE 
   1  N0           2.91125e+06   4.65448e+02   9.68669e+00   4.18680e-04
   2  tau          6.44069e+01   constant   
   3  A0           3.52724e-01   3.43154e-04   4.44363e-06  -2.52229e+03
   4  phi          4.11659e+00   6.70132e-04   1.29956e-05   6.00080e+02
   5  R           -6.11570e+01   constant   
   6  A_CBO        4.92888e-03     fixed    
   7  w_CBO        2.32604e+00     fixed    
   8  phi_CBO      3.16682e+00     fixed    
   9  ANx2         8.59960e-04   constant   
  10  pNx2         1.29548e+00   constant   
  11  ANy1         0.00000e+00   constant   
  12  pNy1         0.00000e+00   constant   
  13  w_y          0.00000e+00   constant   
  14  ANy2         8.55552e-03     fixed    
  15  pNy2         3.07836e+00   constant   
  16  w_vw         1.43006e+01   constant   
  17  LM           1.55944e-04   constant   
  18  wCBO_expCoeff   2.00000e+02   2.29244e-04   9.53674e-05  -9.00553e+04
  19  wCBO_expOffset   2.00000e+02   1.58632e-05   9.53673e-05  -5.38778e+05
  20  wCBO_expT    3.00000e+01   7.65649e-06   1.43051e-05   1.49688e+06
  21  wCBO_linCoeff   0.00000e+00   constant   
  22  wCBO_const   6.63192e-02   1.90304e-03   4.32203e-06  -7.15689e+03
 MIGRAD FAILS TO FIND IMPROVEMENT
 MIGRAD TERMINATED WITHOUT CONVERGENCE.
 FCN=1818.09 FROM MIGRAD    STATUS=FAILED        412 CALLS         413 TOTAL
                     EDM=0.629392    STRATEGY= 1      ERR MATRIX NOT POS-DEF
  EXT PARAMETER                APPROXIMATE        STEP         FIRST   
  NO.   NAME      VALUE            ERROR          SIZE      DERIVATIVE 
   1  N0           2.91122e+06   4.64382e+02  -0.00000e+00  -2.17637e-04
   2  tau          6.44069e+01   constant   
   3  A0           3.52684e-01   2.25292e-04   0.00000e+00  -3.67456e+03
   4  phi          4.11650e+00   8.08080e-04  -0.00000e+00  -9.31709e+01
   5  R           -6.11570e+01   constant   
   6  A_CBO        4.92888e-03     fixed    
   7  w_CBO        2.32604e+00     fixed    
   8  phi_CBO      3.16682e+00     fixed    
   9  ANx2         8.59960e-04   constant   
  10  pNx2         1.29548e+00   constant   
  11  ANy1         0.00000e+00   constant   
  12  pNy1         0.00000e+00   constant   
  13  w_y          0.00000e+00   constant   
  14  ANy2         8.55552e-03     fixed    
  15  pNy2         3.07836e+00   constant   
  16  w_vw         1.43006e+01   constant   
  17  LM           1.55944e-04   constant   
  18  wCBO_expCoeff   2.00000e+02   2.64045e-04   0.00000e+00   2.18054e+04
  19  wCBO_expOffset   2.00000e+02   2.09888e-05   0.00000e+00   1.45146e+05
  20  wCBO_expT    3.00000e+01   1.30698e-05   0.00000e+00  -1.08888e+06
  21  wCBO_linCoeff   0.00000e+00   constant   
  22  wCBO_const   6.59391e-02   1.44457e-03  -0.00000e+00   1.21379e+02
 EXTERNAL ERROR MATRIX.    NDIM=  25    NPAR=  7    ERR DEF=1
  2.157e+05  8.419e-03  5.811e-02 -3.753e-02 -3.053e-03 -1.901e-03  2.055e-01 
  8.419e-03  5.076e-08  1.720e-08 -7.253e-09 -3.304e-10 -2.689e-10  4.587e-08 
  5.811e-02  1.720e-08  6.530e-07 -1.470e-07 -1.170e-08 -7.321e-09  8.079e-07 
 -3.753e-02 -7.253e-09 -1.470e-07  6.972e-08  5.392e-09  3.405e-09 -3.740e-07 
 -3.053e-03 -3.304e-10 -1.170e-08  5.392e-09  4.405e-10  2.726e-10 -2.787e-08 
 -1.901e-03 -2.689e-10 -7.321e-09  3.405e-09  2.726e-10  1.708e-10 -1.769e-08 
  2.055e-01  4.587e-08  8.079e-07 -3.740e-07 -2.787e-08 -1.769e-08  2.087e-06 
ERR MATRIX NOT POS-DEF
 PARAMETER  CORRELATION COEFFICIENTS  
       NO.  GLOBAL      1      3      4     18     19     20     22
        1  0.93286   1.000  0.080  0.155 -0.306 -0.313 -0.313  0.306
        3  0.74066   0.080  1.000  0.094 -0.122 -0.070 -0.091  0.141
        4  0.98776   0.155  0.094  1.000 -0.689 -0.690 -0.693  0.692
       18  0.99999  -0.306 -0.122 -0.689  1.000  0.973  0.987 -0.980
       19  0.99966  -0.313 -0.070 -0.690  0.973  1.000  0.994 -0.919
       20  0.99998  -0.313 -0.091 -0.693  0.987  0.994  1.000 -0.937
       22  0.99995   0.306  0.141  0.692 -0.980 -0.919 -0.937  1.000
 ERR MATRIX NOT POS-DEF
MINUIT - FIT ONLY 1-CBO + other amplitudes 
 **********
 **   16 **RES 
 **********
                   PARAMETER   14  ANy2 RESTORED TO VARIABLE.
                   PARAMETER    8  phi_CBO RESTORED TO VARIABLE.
                   PARAMETER    7  w_CBO RESTORED TO VARIABLE.
                   PARAMETER    6  A_CBO RESTORED TO VARIABLE.
 **********
 **   17 **FIX            0
 **********
 PARAMETER    0  IS UNDEFINED. IGNORED.
 **********
 **   18 **FIX            1
 **********
 **********
 **   19 **FIX            2
 **********
 PARAMETER    2  IS CONSTANT.   IGNORED.
 **********
 **   20 **FIX            3
 **********
 **********
 **   21 **FIX            4
 **********
 **********
 **   22 **FIX            9
 **********
 PARAMETER    9  IS CONSTANT.   IGNORED.
 **********
 **   23 **FIX           11
 **********
 PARAMETER   11  IS CONSTANT.   IGNORED.
 **********
 **   24 **FIX           12
 **********
 PARAMETER   12  IS CONSTANT.   IGNORED.
 **********
 **   25 **FIX           14
 **********
 **********
 **   26 **FIX           15
 **********
 PARAMETER   15  IS CONSTANT.   IGNORED.
 **********
 **   27 **FIX           16
 **********
 PARAMETER   16  IS CONSTANT.   IGNORED.
 **********
 **   28 **MIGRAD
 **********
 START MIGRAD MINIMIZATION.  STRATEGY  1.  CONVERGENCE WHEN EDM .LT. 1.00e-04
 FCN=1818.09 FROM MIGRAD    STATUS=INITIATE       22 CALLS         435 TOTAL
                     EDM= unknown      STRATEGY= 1      NO ERROR MATRIX       
  EXT PARAMETER               CURRENT GUESS       STEP         FIRST   
  NO.   NAME      VALUE            ERROR          SIZE      DERIVATIVE 
   1  N0           2.91122e+06     fixed    
   2  tau          6.44069e+01   constant   
   3  A0           3.52684e-01     fixed    
   4  phi          4.11650e+00     fixed    
   5  R           -6.11570e+01   constant   
   6  A_CBO        4.92888e-03   1.00000e-05   1.00000e-05   7.36507e+04
   7  w_CBO        2.32604e+00   1.00000e-03   1.00000e-03   1.87704e+06
   8  phi_CBO      3.16682e+00   1.00000e-04   1.00000e-04   1.90371e+01
   9  ANx2         8.59960e-04   constant   
  10  pNx2         1.29548e+00   constant   
  11  ANy1         0.00000e+00   constant   
  12  pNy1         0.00000e+00   constant   
  13  w_y          0.00000e+00   constant   
  14  ANy2         8.55552e-03     fixed    
  15  pNy2         3.07836e+00   constant   
  16  w_vw         1.43006e+01   constant   
  17  LM           1.55944e-04   constant   
  18  wCBO_expCoeff   2.00000e+02   2.64045e-04   0.00000e+00   2.18054e+04
  19  wCBO_expOffset   2.00000e+02   2.09888e-05   0.00000e+00   1.45146e+05
  20  wCBO_expT    3.00000e+01   1.30698e-05   0.00000e+00  -1.08888e+06
  21  wCBO_linCoeff   0.00000e+00   constant   
  22  wCBO_const   6.59391e-02   1.44457e-03  -0.00000e+00   1.21382e+02
 CALL LIMIT EXCEEDED IN MIGRAD.
 MIGRAD TERMINATED WITHOUT CONVERGENCE.
 FCN=1686.83 FROM MIGRAD    STATUS=CALL LIMIT   1149 CALLS        1562 TOTAL
                     EDM=50.9647    STRATEGY= 1  ERROR MATRIX UNCERTAINTY   0.3 per cent
  EXT PARAMETER                APPROXIMATE        STEP         FIRST   
  NO.   NAME      VALUE            ERROR          SIZE      DERIVATIVE 
   1  N0           2.91122e+06     fixed    
   2  tau          6.44069e+01   constant   
   3  A0           3.52684e-01     fixed    
   4  phi          4.11650e+00     fixed    
   5  R           -6.11570e+01   constant   
   6  A_CBO        2.86353e-03   2.83894e-04   1.85548e-06   4.88947e+03
   7  w_CBO        2.32603e+00   3.31919e-07   2.17257e-09  -2.72959e+07
   8  phi_CBO      1.59227e+00   1.24534e-01   8.07903e-04   2.74219e+01
   9  ANx2         8.59960e-04   constant   
  10  pNx2         1.29548e+00   constant   
  11  ANy1         0.00000e+00   constant   
  12  pNy1         0.00000e+00   constant   
  13  w_y          0.00000e+00   constant   
  14  ANy2         8.55552e-03     fixed    
  15  pNy2         3.07836e+00   constant   
  16  w_vw         1.43006e+01   constant   
  17  LM           1.55944e-04   constant   
  18  wCBO_expCoeff   2.00000e+02   2.85619e-05   1.86979e-07  -3.17360e+05
  19  wCBO_expOffset   2.00000e+02   6.91330e-06  -4.70304e-08   2.93045e+05
  20  wCBO_expT    3.00000e+01   1.00268e-06  -1.35517e-09   3.63397e+06
  21  wCBO_linCoeff   0.00000e+00   constant   
  22  wCBO_const   6.30422e-02   1.95744e-04   1.26224e-07  -2.11573e+04
 EXTERNAL ERROR MATRIX.    NDIM=  25    NPAR=  7    ERR DEF=1
  8.060e-08  6.901e-11  1.770e-05  5.939e-09 -1.337e-09 -5.919e-11 -6.287e-10 
  6.901e-11  1.102e-13  3.020e-08  5.894e-12 -1.696e-12 -5.616e-15 -5.637e-12 
  1.770e-05  3.020e-08  1.551e-02  2.599e-06 -6.313e-07 -2.112e-08  5.773e-06 
  5.939e-09  5.894e-12  2.599e-06  8.158e-10 -1.459e-10 -4.852e-13 -4.850e-10 
 -1.337e-09 -1.696e-12 -6.313e-07 -1.459e-10  4.779e-11  1.068e-12 -1.085e-10 
 -5.919e-11 -5.616e-15 -2.112e-08 -4.852e-13  1.068e-12  1.005e-12  3.945e-11 
 -6.287e-10 -5.637e-12  5.773e-06 -4.850e-10 -1.085e-10  3.945e-11  3.832e-08 
ERR MATRIX APPROXIMATE
 PARAMETER  CORRELATION COEFFICIENTS  
       NO.  GLOBAL      6      7      8     18     19     20     22
        6  0.99606   1.000  0.732  0.501  0.732 -0.681 -0.208 -0.011
        7  0.99694   0.732  1.000  0.731  0.622 -0.739 -0.017 -0.087
        8  0.99737   0.501  0.731  1.000  0.731 -0.733 -0.169  0.237
       18  0.99695   0.732  0.622  0.731  1.000 -0.739 -0.017 -0.087
       19  0.94841  -0.681 -0.739 -0.733 -0.739  1.000  0.154 -0.080
       20  0.98634  -0.208 -0.017 -0.169 -0.017  0.154  1.000  0.201
       22  0.98923  -0.011 -0.087  0.237 -0.087 -0.080  0.201  1.000
 ERR MATRIX APPROXIMATE
MINUIT - FIT ONLY 1-CBO
 **********
 **   29 **RES 
 **********
                   PARAMETER   14  ANy2 RESTORED TO VARIABLE.
                   PARAMETER    4  phi RESTORED TO VARIABLE.
                   PARAMETER    3  A0 RESTORED TO VARIABLE.
                   PARAMETER    1  N0 RESTORED TO VARIABLE.
 **********
 **   30 **FIX            0
 **********
 PARAMETER    0  IS UNDEFINED. IGNORED.
 **********
 **   31 **FIX            1
 **********
 **********
 **   32 **FIX            2
 **********
 PARAMETER    2  IS CONSTANT.   IGNORED.
 **********
 **   33 **FIX            3
 **********
 **********
 **   34 **FIX            4
 **********
 **********
 **   35 **FIX            8
 **********
 **********
 **   36 **FIX            9
 **********
 PARAMETER    9  IS CONSTANT.   IGNORED.
 **********
 **   37 **FIX           11
 **********
 PARAMETER   11  IS CONSTANT.   IGNORED.
 **********
 **   38 **FIX           12
 **********
 PARAMETER   12  IS CONSTANT.   IGNORED.
 **********
 **   39 **FIX           13
 **********
 PARAMETER   13  IS CONSTANT.   IGNORED.
 **********
 **   40 **FIX           15
 **********
 PARAMETER   15  IS CONSTANT.   IGNORED.
 **********
 **   41 **FIX           16
 **********
 PARAMETER   16  IS CONSTANT.   IGNORED.
 **********
 **   42 **MIGRAD
 **********
 START MIGRAD MINIMIZATION.  STRATEGY  1.  CONVERGENCE WHEN EDM .LT. 1.00e-04
 FCN=1686.83 FROM MIGRAD    STATUS=INITIATE       16 CALLS        1578 TOTAL
                     EDM= unknown      STRATEGY= 1      NO ERROR MATRIX       
  EXT PARAMETER               CURRENT GUESS       STEP         FIRST   
  NO.   NAME      VALUE            ERROR          SIZE      DERIVATIVE 
   1  N0           2.91122e+06     fixed    
   2  tau          6.44069e+01   constant   
   3  A0           3.52684e-01     fixed    
   4  phi          4.11650e+00     fixed    
   5  R           -6.11570e+01   constant   
   6  A_CBO        2.86353e-03   2.83894e-04   1.85548e-06   4.88947e+03
   7  w_CBO        2.32603e+00   3.31919e-07   2.17257e-09  -2.72959e+07
   8  phi_CBO      1.59227e+00     fixed    
   9  ANx2         8.59960e-04   constant   
  10  pNx2         1.29548e+00   constant   
  11  ANy1         0.00000e+00   constant   
  12  pNy1         0.00000e+00   constant   
  13  w_y          0.00000e+00   constant   
  14  ANy2         8.55552e-03   1.00000e-04   1.00000e-04   2.97284e+05
  15  pNy2         3.07836e+00   constant   
  16  w_vw         1.43006e+01   constant   
  17  LM           1.55944e-04   constant   
  18  wCBO_expCoeff   2.00000e+02   2.85619e-05   1.86979e-07  -3.17360e+05
  19  wCBO_expOffset   2.00000e+02   6.91330e-06  -4.70304e-08   2.93045e+05
  20  wCBO_expT    3.00000e+01   1.00268e-06  -1.35517e-09   3.63397e+06
  21  wCBO_linCoeff   0.00000e+00   constant   
  22  wCBO_const   6.30422e-02   1.95744e-04   1.26224e-07  -2.11573e+04
 MIGRAD FAILS TO FIND IMPROVEMENT
 FCN=497.363 FROM HESSE     STATUS=NOT POSDEF     58 CALLS        1734 TOTAL
                     EDM=38.5655    STRATEGY= 1      ERR MATRIX NOT POS-DEF
  EXT PARAMETER                APPROXIMATE        STEP         FIRST   
  NO.   NAME      VALUE            ERROR          SIZE      DERIVATIVE 
   1  N0           2.91122e+06     fixed    
   2  tau          6.44069e+01   constant   
   3  A0           3.52684e-01     fixed    
   4  phi          4.11650e+00     fixed    
   5  R           -6.11570e+01   constant   
   6  A_CBO        1.19505e-03   1.92154e-03   2.60521e-06  -4.48849e+02
   7  w_CBO        2.32603e+00   2.33218e-06   1.10914e-06  -1.86773e+06
   8  phi_CBO      1.59227e+00     fixed    
   9  ANx2         8.59960e-04   constant   
  10  pNx2         1.29548e+00   constant   
  11  ANy1         0.00000e+00   constant   
  12  pNy1         0.00000e+00   constant   
  13  w_y          0.00000e+00   constant   
  14  ANy2         6.66115e-04   4.49402e-04   2.47521e-06   2.46065e+03
  15  pNy2         3.07836e+00   constant   
  16  w_vw         1.43006e+01   constant   
  17  LM           1.55944e-04   constant   
  18  wCBO_expCoeff   2.00000e+02   2.00529e-04   9.53674e-05  -2.17036e+04
  19  wCBO_expOffset   2.00000e+02   8.20553e-05   9.53673e-05   1.49605e+05
  20  wCBO_expT    3.00000e+01   1.52191e-05   1.43051e-05   2.38065e+05
  21  wCBO_linCoeff   0.00000e+00   constant   
  22  wCBO_const   6.49908e-02   1.57277e-03   5.51904e-06  -3.48125e+03
 MIGRAD FAILS TO FIND IMPROVEMENT
 MIGRAD TERMINATED WITHOUT CONVERGENCE.
 FCN=497.363 FROM MIGRAD    STATUS=FAILED        183 CALLS        1745 TOTAL
                     EDM=38.5655    STRATEGY= 1      ERR MATRIX NOT POS-DEF
  EXT PARAMETER                APPROXIMATE        STEP         FIRST   
  NO.   NAME      VALUE            ERROR          SIZE      DERIVATIVE 
   1  N0           2.91122e+06     fixed    
   2  tau          6.44069e+01   constant   
   3  A0           3.52684e-01     fixed    
   4  phi          4.11650e+00     fixed    
   5  R           -6.11570e+01   constant   
   6  A_CBO        1.19505e-03   1.92154e-03   0.00000e+00  -4.48849e+02
   7  w_CBO        2.32603e+00   2.33218e-06  -0.00000e+00  -1.86773e+06
   8  phi_CBO      1.59227e+00     fixed    
   9  ANx2         8.59960e-04   constant   
  10  pNx2         1.29548e+00   constant   
  11  ANy1         0.00000e+00   constant   
  12  pNy1         0.00000e+00   constant   
  13  w_y          0.00000e+00   constant   
  14  ANy2         6.66115e-04   4.49402e-04   0.00000e+00   2.46065e+03
  15  pNy2         3.07836e+00   constant   
  16  w_vw         1.43006e+01   constant   
  17  LM           1.55944e-04   constant   
  18  wCBO_expCoeff   2.00000e+02   2.00529e-04  -0.00000e+00  -2.17036e+04
  19  wCBO_expOffset   2.00000e+02   8.20553e-05  -0.00000e+00   1.49605e+05
  20  wCBO_expT    3.00000e+01   1.52191e-05  -0.00000e+00   2.38065e+05
  21  wCBO_linCoeff   0.00000e+00   constant   
  22  wCBO_const   6.49908e-02   1.57277e-03   0.00000e+00  -3.48125e+03
 EXTERNAL ERROR MATRIX.    NDIM=  25    NPAR=  7    ERR DEF=1
  3.692e-06 -4.395e-09  7.983e-07 -3.779e-07 -1.568e-07 -2.895e-08  2.850e-06 
 -4.395e-09  5.439e-12 -9.538e-10  4.468e-10  1.878e-10  3.478e-11 -3.496e-09 
  7.983e-07 -9.538e-10  2.020e-07 -8.201e-08 -3.411e-08 -6.299e-09  6.193e-07 
 -3.779e-07  4.468e-10 -8.201e-08  4.021e-08  1.615e-08  2.991e-09 -3.006e-07 
 -1.568e-07  1.878e-10 -3.411e-08  1.615e-08  6.733e-09  1.238e-09 -1.222e-07 
 -2.895e-08  3.478e-11 -6.299e-09  2.991e-09  1.238e-09  2.316e-10 -2.252e-08 
  2.850e-06 -3.496e-09  6.193e-07 -3.006e-07 -1.222e-07 -2.252e-08  2.474e-06 
ERR MATRIX NOT POS-DEF
 PARAMETER  CORRELATION COEFFICIENTS  
       NO.  GLOBAL      6      7     14     18     19     20     22
        6  0.99570   1.000 -0.981  0.924 -0.981 -0.995 -0.990  0.943
        7  0.99084  -0.981  1.000 -0.910  0.955  0.982  0.980 -0.953
       14  0.92613   0.924 -0.910  1.000 -0.910 -0.925 -0.921  0.876
       18  0.99083  -0.981  0.955 -0.910  1.000  0.981  0.980 -0.953
       19  0.99631  -0.995  0.982 -0.925  0.981  1.000  0.992 -0.947
       20  0.99392  -0.990  0.980 -0.921  0.980  0.992  1.000 -0.941
       22  0.97202   0.943 -0.953  0.876 -0.953 -0.947 -0.941  1.000
 ERR MATRIX NOT POS-DEF
MINUIT - FIT ONLY 2-CBO
 **********
 **   43 **RES 
 **********
                   PARAMETER    8  phi_CBO RESTORED TO VARIABLE.
                   PARAMETER    4  phi RESTORED TO VARIABLE.
                   PARAMETER    3  A0 RESTORED TO VARIABLE.
                   PARAMETER    1  N0 RESTORED TO VARIABLE.
 **********
 **   44 **FIX            0
 **********
 PARAMETER    0  IS UNDEFINED. IGNORED.
 **********
 **   45 **FIX            1
 **********
 **********
 **   46 **FIX            2
 **********
 PARAMETER    2  IS CONSTANT.   IGNORED.
 **********
 **   47 **FIX            3
 **********
 **********
 **   48 **FIX            4
 **********
 **********
 **   49 **FIX            5
 **********
 PARAMETER    5  IS CONSTANT.   IGNORED.
 **********
 **   50 **FIX            6
 **********
 **********
 **   51 **FIX            7
 **********
 **********
 **   52 **FIX           10
 **********
 PARAMETER   10  IS CONSTANT.   IGNORED.
 **********
 **   53 **FIX           11
 **********
 PARAMETER   11  IS CONSTANT.   IGNORED.
 **********
 **   54 **FIX           12
 **********
 PARAMETER   12  IS CONSTANT.   IGNORED.
 **********
 **   55 **FIX           13
 **********
 PARAMETER   13  IS CONSTANT.   IGNORED.
 **********
 **   56 **FIX           14
 **********
 **********
 **   57 **FIX           15
 **********
 PARAMETER   15  IS CONSTANT.   IGNORED.
 **********
 **   58 **FIX           16
 **********
 PARAMETER   16  IS CONSTANT.   IGNORED.
 **********
 **   59 **MIGRAD
 **********
 START MIGRAD MINIMIZATION.  STRATEGY  1.  CONVERGENCE WHEN EDM .LT. 1.00e-04
 FCN=497.363 FROM MIGRAD    STATUS=INITIATE       12 CALLS        1757 TOTAL
                     EDM= unknown      STRATEGY= 1      NO ERROR MATRIX       
  EXT PARAMETER               CURRENT GUESS       STEP         FIRST   
  NO.   NAME      VALUE            ERROR          SIZE      DERIVATIVE 
   1  N0           2.91122e+06     fixed    
   2  tau          6.44069e+01   constant   
   3  A0           3.52684e-01     fixed    
   4  phi          4.11650e+00     fixed    
   5  R           -6.11570e+01   constant   
   6  A_CBO        1.19505e-03     fixed    
   7  w_CBO        2.32603e+00     fixed    
   8  phi_CBO      1.59227e+00   1.24534e-01   1.24534e-01  -2.14841e+01
   9  ANx2         8.59960e-04   constant   
  10  pNx2         1.29548e+00   constant   
  11  ANy1         0.00000e+00   constant   
  12  pNy1         0.00000e+00   constant   
  13  w_y          0.00000e+00   constant   
  14  ANy2         6.66115e-04     fixed    
  15  pNy2         3.07836e+00   constant   
  16  w_vw         1.43006e+01   constant   
  17  LM           1.55944e-04   constant   
  18  wCBO_expCoeff   2.00000e+02   2.00529e-04  -0.00000e+00  -1.67801e+04
  19  wCBO_expOffset   2.00000e+02   8.20553e-05  -0.00000e+00   2.24723e+05
  20  wCBO_expT    3.00000e+01   1.52191e-05  -0.00000e+00  -2.40764e+05
  21  wCBO_linCoeff   0.00000e+00   constant   
  22  wCBO_const   6.49908e-02   1.57277e-03   0.00000e+00  -3.48123e+03
 MIGRAD FAILS TO FIND IMPROVEMENT
 FCN=482 FROM HESSE     STATUS=NOT POSDEF     35 CALLS        2237 TOTAL
                     EDM=1.92961    STRATEGY= 1      ERR MATRIX NOT POS-DEF
  EXT PARAMETER                APPROXIMATE        STEP         FIRST   
  NO.   NAME      VALUE            ERROR          SIZE      DERIVATIVE 
   1  N0           2.91122e+06     fixed    
   2  tau          6.44069e+01   constant   
   3  A0           3.52684e-01     fixed    
   4  phi          4.11650e+00     fixed    
   5  R           -6.11570e+01   constant   
   6  A_CBO        1.19505e-03     fixed    
   7  w_CBO        2.32603e+00     fixed    
   8  phi_CBO      2.26953e+00   2.17337e-01   2.05156e-03   4.11614e-02
   9  ANx2         8.59960e-04   constant   
  10  pNx2         1.29548e+00   constant   
  11  ANy1         0.00000e+00   constant   
  12  pNy1         0.00000e+00   constant   
  13  w_y          0.00000e+00   constant   
  14  ANy2         6.66115e-04     fixed    
  15  pNy2         3.07836e+00   constant   
  16  w_vw         1.43006e+01   constant   
  17  LM           1.55944e-04   constant   
  18  wCBO_expCoeff   2.00000e+02   3.78299e-04   9.53673e-05  -2.66233e+03
  19  wCBO_expOffset   2.00000e+02   6.15030e-05   9.53673e-05   3.71708e+04
  20  wCBO_expT    3.00000e+01   1.91553e-05   1.43051e-05   4.89401e+04
  21  wCBO_linCoeff   0.00000e+00   constant   
  22  wCBO_const   7.09126e-02   1.78933e-03   4.50566e-06  -3.30528e+02
 MIGRAD FAILS TO FIND IMPROVEMENT
 MIGRAD TERMINATED WITHOUT CONVERGENCE.
 FCN=482 FROM MIGRAD    STATUS=FAILED        503 CALLS        2248 TOTAL
                     EDM=1.92961    STRATEGY= 1      ERR MATRIX NOT POS-DEF
  EXT PARAMETER                APPROXIMATE        STEP         FIRST   
  NO.   NAME      VALUE            ERROR          SIZE      DERIVATIVE 
   1  N0           2.91122e+06     fixed    
   2  tau          6.44069e+01   constant   
   3  A0           3.52684e-01     fixed    
   4  phi          4.11650e+00     fixed    
   5  R           -6.11570e+01   constant   
   6  A_CBO        1.19505e-03     fixed    
   7  w_CBO        2.32603e+00     fixed    
   8  phi_CBO      2.26953e+00   2.17337e-01  -0.00000e+00   4.11614e-02
   9  ANx2         8.59960e-04   constant   
  10  pNx2         1.29548e+00   constant   
  11  ANy1         0.00000e+00   constant   
  12  pNy1         0.00000e+00   constant   
  13  w_y          0.00000e+00   constant   
  14  ANy2         6.66115e-04     fixed    
  15  pNy2         3.07836e+00   constant   
  16  w_vw         1.43006e+01   constant   
  17  LM           1.55944e-04   constant   
  18  wCBO_expCoeff   2.00000e+02   3.78299e-04  -0.00000e+00  -2.66233e+03
  19  wCBO_expOffset   2.00000e+02   6.15030e-05  -0.00000e+00   3.71708e+04
  20  wCBO_expT    3.00000e+01   1.91553e-05  -0.00000e+00   4.89401e+04
  21  wCBO_linCoeff   0.00000e+00   constant   
  22  wCBO_const   7.09126e-02   1.78933e-03   0.00000e+00  -3.30528e+02
 EXTERNAL ERROR MATRIX.    NDIM=  25    NPAR=  5    ERR DEF=1
  4.724e-02  1.938e-05  3.318e-06  8.259e-07 -5.189e-05 
  1.938e-05  1.431e-07  2.298e-08  7.172e-09 -6.515e-07 
  3.318e-06  2.298e-08  3.783e-09  1.165e-09 -1.029e-07 
  8.259e-07  7.172e-09  1.165e-09  3.669e-10 -3.202e-08 
 -5.189e-05 -6.515e-07 -1.029e-07 -3.202e-08  3.202e-06 
ERR MATRIX NOT POS-DEF
 PARAMETER  CORRELATION COEFFICIENTS  
       NO.  GLOBAL      8     18     19     20     22
        8  0.64619   1.000  0.236  0.248  0.198 -0.133
       18  0.99718   0.236  1.000  0.988  0.990 -0.963
       19  0.99151   0.248  0.988  1.000  0.989 -0.935
       20  0.99530   0.198  0.990  0.989  1.000 -0.934
       22  0.98015  -0.133 -0.963 -0.935 -0.934  1.000
 ERR MATRIX NOT POS-DEF
MINUIT - FIT ONLY 1-y
 **********
 **   60 **RES 
 **********
                   PARAMETER   14  ANy2 RESTORED TO VARIABLE.
                   PARAMETER    7  w_CBO RESTORED TO VARIABLE.
                   PARAMETER    6  A_CBO RESTORED TO VARIABLE.
                   PARAMETER    4  phi RESTORED TO VARIABLE.
                   PARAMETER    3  A0 RESTORED TO VARIABLE.
                   PARAMETER    1  N0 RESTORED TO VARIABLE.
 **********
 **   61 **FIX            0
 **********
 PARAMETER    0  IS UNDEFINED. IGNORED.
 **********
 **   62 **FIX            1
 **********
 **********
 **   63 **FIX            2
 **********
 PARAMETER    2  IS CONSTANT.   IGNORED.
 **********
 **   64 **FIX            3
 **********
 **********
 **   65 **FIX            4
 **********
 **********
 **   66 **FIX            5
 **********
 PARAMETER    5  IS CONSTANT.   IGNORED.
 **********
 **   67 **FIX            6
 **********
 **********
 **   68 **FIX            7
 **********
 **********
 **   69 **FIX            8
 **********
 **********
 **   70 **FIX            9
 **********
 PARAMETER    9  IS CONSTANT.   IGNORED.
 **********
 **   71 **FIX           13
 **********
 PARAMETER   13  IS CONSTANT.   IGNORED.
 **********
 **   72 **FIX           14
 **********
 **********
 **   73 **FIX           15
 **********
 PARAMETER   15  IS CONSTANT.   IGNORED.
 **********
 **   74 **FIX           16
 **********
 PARAMETER   16  IS CONSTANT.   IGNORED.
 **********
 **   75 **MIGRAD
 **********
 START MIGRAD MINIMIZATION.  STRATEGY  1.  CONVERGENCE WHEN EDM .LT. 1.00e-04
 FCN=482 FROM MIGRAD    STATUS=INITIATE        8 CALLS        2256 TOTAL
                     EDM= unknown      STRATEGY= 1      NO ERROR MATRIX       
  EXT PARAMETER               CURRENT GUESS       STEP         FIRST   
  NO.   NAME      VALUE            ERROR          SIZE      DERIVATIVE 
   1  N0           2.91122e+06     fixed    
   2  tau          6.44069e+01   constant   
   3  A0           3.52684e-01     fixed    
   4  phi          4.11650e+00     fixed    
   5  R           -6.11570e+01   constant   
   6  A_CBO        1.19505e-03     fixed    
   7  w_CBO        2.32603e+00     fixed    
   8  phi_CBO      2.26953e+00     fixed    
   9  ANx2         8.59960e-04   constant   
  10  pNx2         1.29548e+00   constant   
  11  ANy1         0.00000e+00   constant   
  12  pNy1         0.00000e+00   constant   
  13  w_y          0.00000e+00   constant   
  14  ANy2         6.66115e-04     fixed    
  15  pNy2         3.07836e+00   constant   
  16  w_vw         1.43006e+01   constant   
  17  LM           1.55944e-04   constant   
  18  wCBO_expCoeff   2.00000e+02   3.78299e-04  -0.00000e+00  -2.56932e+03
  19  wCBO_expOffset   2.00000e+02   6.15030e-05  -0.00000e+00   4.43957e+04
  20  wCBO_expT    3.00000e+01   1.91553e-05  -0.00000e+00  -8.84596e+04
  21  wCBO_linCoeff   0.00000e+00   constant   
  22  wCBO_const   7.09126e-02   1.78933e-03   0.00000e+00  -3.30527e+02
 MIGRAD FAILS TO FIND IMPROVEMENT
 FCN=482 FROM HESSE     STATUS=NOT POSDEF     27 CALLS        2292 TOTAL
                     EDM=2.32505    STRATEGY= 1      ERR MATRIX NOT POS-DEF
  EXT PARAMETER                APPROXIMATE        STEP         FIRST   
  NO.   NAME      VALUE            ERROR          SIZE      DERIVATIVE 
   1  N0           2.91122e+06     fixed    
   2  tau          6.44069e+01   constant   
   3  A0           3.52684e-01     fixed    
   4  phi          4.11650e+00     fixed    
   5  R           -6.11570e+01   constant   
   6  A_CBO        1.19505e-03     fixed    
   7  w_CBO        2.32603e+00     fixed    
   8  phi_CBO      2.26953e+00     fixed    
   9  ANx2         8.59960e-04   constant   
  10  pNx2         1.29548e+00   constant   
  11  ANy1         0.00000e+00   constant   
  12  pNy1         0.00000e+00   constant   
  13  w_y          0.00000e+00   constant   
  14  ANy2         6.66115e-04     fixed    
  15  pNy2         3.07836e+00   constant   
  16  w_vw         1.43006e+01   constant   
  17  LM           1.55944e-04   constant   
  18  wCBO_expCoeff   2.00000e+02   4.13807e-04   9.53673e-05  -2.66233e+03
  19  wCBO_expOffset   2.00000e+02   6.69619e-05   9.53673e-05   3.71708e+04
  20  wCBO_expT    3.00000e+01   2.11114e-05   1.43051e-05   4.89401e+04
  21  wCBO_linCoeff   0.00000e+00   constant   
  22  wCBO_const   7.09126e-02   1.98150e-03   4.05543e-06  -3.30528e+02
 MIGRAD FAILS TO FIND IMPROVEMENT
 MIGRAD TERMINATED WITHOUT CONVERGENCE.
 FCN=482 FROM MIGRAD    STATUS=FAILED         55 CALLS        2303 TOTAL
                     EDM=2.32505    STRATEGY= 1      ERR MATRIX NOT POS-DEF
  EXT PARAMETER                APPROXIMATE        STEP         FIRST   
  NO.   NAME      VALUE            ERROR          SIZE      DERIVATIVE 
   1  N0           2.91122e+06     fixed    
   2  tau          6.44069e+01   constant   
   3  A0           3.52684e-01     fixed    
   4  phi          4.11650e+00     fixed    
   5  R           -6.11570e+01   constant   
   6  A_CBO        1.19505e-03     fixed    
   7  w_CBO        2.32603e+00     fixed    
   8  phi_CBO      2.26953e+00     fixed    
   9  ANx2         8.59960e-04   constant   
  10  pNx2         1.29548e+00   constant   
  11  ANy1         0.00000e+00   constant   
  12  pNy1         0.00000e+00   constant   
  13  w_y          0.00000e+00   constant   
  14  ANy2         6.66115e-04     fixed    
  15  pNy2         3.07836e+00   constant   
  16  w_vw         1.43006e+01   constant   
  17  LM           1.55944e-04   constant   
  18  wCBO_expCoeff   2.00000e+02   4.13807e-04  -0.00000e+00  -2.66233e+03
  19  wCBO_expOffset   2.00000e+02   6.69619e-05  -0.00000e+00   3.71708e+04
  20  wCBO_expT    3.00000e+01   2.11114e-05  -0.00000e+00   4.89401e+04
  21  wCBO_linCoeff   0.00000e+00   constant   
  22  wCBO_const   7.09126e-02   1.98150e-03   0.00000e+00  -3.30528e+02
 EXTERNAL ERROR MATRIX.    NDIM=  25    NPAR=  4    ERR DEF=1
  1.712e-07  2.742e-08  8.667e-09 -7.981e-07 
  2.742e-08  4.484e-09  1.402e-09 -1.262e-07 
  8.667e-09  1.402e-09  4.457e-10 -3.964e-08 
 -7.981e-07 -1.262e-07 -3.964e-08  3.926e-06 
ERR MATRIX NOT POS-DEF
 PARAMETER  CORRELATION COEFFICIENTS  
       NO.  GLOBAL     18     19     20     22
       18  0.99764   1.000  0.990  0.992 -0.973
       19  0.99284   0.990  1.000  0.992 -0.951
       20  0.99613   0.992  0.992  1.000 -0.948
       22  0.98384  -0.973 -0.951 -0.948  1.000
 ERR MATRIX NOT POS-DEF
MINUIT - FIT ONLY 2-y
 **********
 **   76 **RES 
 **********
                   PARAMETER   14  ANy2 RESTORED TO VARIABLE.
                   PARAMETER    8  phi_CBO RESTORED TO VARIABLE.
                   PARAMETER    7  w_CBO RESTORED TO VARIABLE.
                   PARAMETER    6  A_CBO RESTORED TO VARIABLE.
                   PARAMETER    4  phi RESTORED TO VARIABLE.
                   PARAMETER    3  A0 RESTORED TO VARIABLE.
                   PARAMETER    1  N0 RESTORED TO VARIABLE.
 **********
 **   77 **FIX            0
 **********
 PARAMETER    0  IS UNDEFINED. IGNORED.
 **********
 **   78 **FIX            1
 **********
 **********
 **   79 **FIX            2
 **********
 PARAMETER    2  IS CONSTANT.   IGNORED.
 **********
 **   80 **FIX            3
 **********
 **********
 **   81 **FIX            4
 **********
 **********
 **   82 **FIX            5
 **********
 PARAMETER    5  IS CONSTANT.   IGNORED.
 **********
 **   83 **FIX            6
 **********
 **********
 **   84 **FIX            7
 **********
 **********
 **   85 **FIX            8
 **********
 **********
 **   86 **FIX            9
 **********
 PARAMETER    9  IS CONSTANT.   IGNORED.
 **********
 **   87 **FIX           10
 **********
 PARAMETER   10  IS CONSTANT.   IGNORED.
 **********
 **   88 **FIX           11
 **********
 PARAMETER   11  IS CONSTANT.   IGNORED.
 **********
 **   89 **FIX           12
 **********
 PARAMETER   12  IS CONSTANT.   IGNORED.
 **********
 **   90 **FIX           16
 **********
 PARAMETER   16  IS CONSTANT.   IGNORED.
 **********
 **   91 **MIGRAD
 **********
 START MIGRAD MINIMIZATION.  STRATEGY  1.  CONVERGENCE WHEN EDM .LT. 1.00e-04
 FCN=482 FROM MIGRAD    STATUS=INITIATE       10 CALLS        2313 TOTAL
                     EDM= unknown      STRATEGY= 1      NO ERROR MATRIX       
  EXT PARAMETER               CURRENT GUESS       STEP         FIRST   
  NO.   NAME      VALUE            ERROR          SIZE      DERIVATIVE 
   1  N0           2.91122e+06     fixed    
   2  tau          6.44069e+01   constant   
