 + ++++++++++++++++++++++++++++++++++++++++++++++++++++++++++++++++++++ +
 +                                                                      +
 +           You have chose to blind your fitting according to          +
 +                omega_ref * (1 + (R +/- deltaR) *10^{-6})             +
 +                                                                      +
 + ++++++++++++++++++++++++++++++++++++++++++++++++++++++++++++++++++++ +
In main()...
reading format from /gm2data/zkhechad/run45/envelope/formats/formatB_sBin_constraintOn.txt
pBinTau 	= 0  
pBinPhi 	= 0  
constraintau 	= 1 
includeMopTerm 	= 0    
constrainMop    = 0   
Parameters after format file: pBinTau 0 pBinPhi 0 constraintau 1 includeMopTerm 0 constrainMop 0 c_e_scale 0.000000 
reading cbo reference file (full fit) from /gm2data/zkhechad/cboTemplates/Run4CBOTemplates/fullFits/run4/sBin_constraintOn_cE0.0_seed0_run4_calo14.root
A_CBO 0.007725 w_CBO 2.327367 phi_CBO 5.940248 N0 3305546.525918 R -60.591491 tau 64.400381 
Reading cboRef file /gm2data/zkhechad/cboTemplates/Run4CBOTemplates//cboIsolate/run4_calo14.root
deltaT 164.120000
windowBins = 1100
fitting sliding window 2120 from bin 2323 at 346.591600 to bin 3423 at 510.711600 (1100 bins)

Reading data from /gm2data/cornell/histograms/aMethod/histogram_a_run4.root
fitting cbo isolate
 **********
 **    1 **SET PRINTOUT            1
 **********
 **********
 **    2 **SET NOWARNINGS 
 **********
 PARAMETER DEFINITIONS:
    NO.   NAME         VALUE      STEP SIZE      LIMITS
     1 A_CBO        7.72458e-03  1.00000e-05     no limits
     2 w_CBO        2.32737e+00  1.00000e-02    2.00000e+00  3.00000e+00
     3 phi_CBO      5.94025e+00  1.00000e-02    0.00000e+00  6.28319e+00
 **********
 **    3 **MIGRAD
 **********
 FIRST CALL TO USER FUNCTION AT NEW START POINT, WITH IFLAG=4.
 START MIGRAD MINIMIZATION.  STRATEGY  1.  CONVERGENCE WHEN EDM .LT. 1.00e-04
 FCN=0.171492 FROM MIGRAD    STATUS=INITIATE       12 CALLS          13 TOTAL
                     EDM= unknown      STRATEGY= 1      NO ERROR MATRIX       
  EXT PARAMETER               CURRENT GUESS       STEP         FIRST   
  NO.   NAME      VALUE            ERROR          SIZE      DERIVATIVE 
   1  A_CBO        7.72458e-03   1.00000e-05   1.00000e-05   7.02561e+00
   2  w_CBO        2.32737e+00   1.00000e-02   2.13128e-02   2.45680e+00
   3  phi_CBO      5.94025e+00   1.00000e-02   7.00705e-03  -1.59747e-02
 MIGRAD MINIMIZATION HAS CONVERGED.
 MIGRAD WILL VERIFY CONVERGENCE AND ERROR MATRIX.
 FCN=0.148027 FROM HESSE     STATUS=NOT POSDEF     16 CALLS          65 TOTAL
                     EDM=0.00103839    STRATEGY= 1      ERR MATRIX NOT POS-DEF
  EXT PARAMETER                APPROXIMATE        STEP         FIRST   
  NO.   NAME      VALUE            ERROR          SIZE      DERIVATIVE 
   1  A_CBO        1.91544e-03   5.61580e-02   2.23167e-05  -2.92513e-02
   2  w_CBO        2.32608e+00   6.38694e-01   6.07723e-05   1.80052e-02
   3  phi_CBO      6.16881e+00   5.84618e+00   1.44795e-02   7.68515e-05
 MIGRAD MINIMIZATION HAS CONVERGED.
 MIGRAD WILL VERIFY CONVERGENCE AND ERROR MATRIX.
 COVARIANCE MATRIX CALCULATED SUCCESSFULLY
 FCN=0.147666 FROM MIGRAD    STATUS=CONVERGED     310 CALLS         311 TOTAL
                     EDM=4.62175e-07    STRATEGY= 1      ERROR MATRIX ACCURATE 
  EXT PARAMETER                                   STEP         FIRST   
  NO.   NAME      VALUE            ERROR          SIZE      DERIVATIVE 
   1  A_CBO        2.11454e-03   4.28622e-02   2.23052e-05   1.09707e-02
   2  w_CBO        2.31761e+00   3.78754e-01   5.27743e-05   1.32351e-03
   3  phi_CBO      2.38338e+00   4.05566e+00   3.63668e-03  -3.14075e-05
 EXTERNAL ERROR MATRIX.    NDIM=  25    NPAR=  3    ERR DEF=1
  1.837e-03 -1.922e-03 -8.562e-01 
 -1.922e-03  1.957e-01  8.689e+01 
 -8.562e-01  8.689e+01  3.898e+04 
 PARAMETER  CORRELATION COEFFICIENTS  
       NO.  GLOBAL      1      2      3
        1  0.10143   1.000 -0.101 -0.101
        2  0.99474  -0.101  1.000  0.995
        3  0.99474  -0.101  0.995  1.000
setting A_CBO=0.002115 w_CBO=2.317609, phi_CBO=2.383382
done fitting cbo isolate
 **********
 **    1 **SET PRINTOUT            1
 **********
 **********
 **    2 **SET NOWARNINGS 
 **********
 PARAMETER DEFINITIONS:
    NO.   NAME         VALUE      STEP SIZE      LIMITS
     1 N0           3.30555e+06  1.00000e+02     no limits
     2 tau          6.44004e+01  constant
     3 A0           3.62072e-01  1.00000e-04     no limits
     4 phi          4.12124e+00  1.00000e-02     no limits
     5 R           -6.05915e+01  constant
     6 A_CBO        2.11454e-03  1.00000e-05     no limits
     7 w_CBO        2.31761e+00  1.00000e-03     no limits
     8 phi_CBO      2.38338e+00  1.00000e-04     no limits
     9 ANx2         3.16430e-04  constant
    10 pNx2         2.82055e+00  constant
    11 ANy1         0.00000e+00  constant
    12 pNy1         0.00000e+00  constant
    13 w_y          0.00000e+00  constant
    14 ANy2         7.39162e-03  1.00000e-04     no limits
    15 pNy2         2.23607e+00  constant
    16 w_vw         1.43191e+01  constant
    17 LM          -1.34420e-04  constant
    18 wCBO_expCoeff   2.00000e+02  1.00000e+00     no limits
    19 wCBO_expOffset   2.00000e+02  1.00000e+00     no limits
    20 wCBO_expT    3.00000e+01  1.00000e+00     no limits
    21 wCBO_linCoeff   0.00000e+00  constant
    22 wCBO_const   0.00000e+00  1.00000e-02     no limits
MINUIT - FIT ONLY WIGGLE
 **********
 **    3 **FIX            5
 **********
 PARAMETER    5  IS CONSTANT.   IGNORED.
 **********
 **    4 **FIX            6
 **********
 **********
 **    5 **FIX            7
 **********
 **********
 **    6 **FIX            8
 **********
 **********
 **    7 **FIX            9
 **********
 PARAMETER    9  IS CONSTANT.   IGNORED.
 **********
 **    8 **FIX           10
 **********
 PARAMETER   10  IS CONSTANT.   IGNORED.
 **********
 **    9 **FIX           11
 **********
 PARAMETER   11  IS CONSTANT.   IGNORED.
 **********
 **   10 **FIX           12
 **********
 PARAMETER   12  IS CONSTANT.   IGNORED.
 **********
 **   11 **FIX           13
 **********
 PARAMETER   13  IS CONSTANT.   IGNORED.
 **********
 **   12 **FIX           14
 **********
 **********
 **   13 **FIX           15
 **********
 PARAMETER   15  IS CONSTANT.   IGNORED.
 **********
 **   14 **FIX           16
 **********
 PARAMETER   16  IS CONSTANT.   IGNORED.
 **********
 **   15 **MIGRAD
 **********
 FIRST CALL TO USER FUNCTION AT NEW START POINT, WITH IFLAG=4.
 START MIGRAD MINIMIZATION.  STRATEGY  1.  CONVERGENCE WHEN EDM .LT. 1.00e-04
 FCN=442.954 FROM MIGRAD    STATUS=INITIATE       52 CALLS          53 TOTAL
                     EDM= unknown      STRATEGY= 1      NO ERROR MATRIX       
  EXT PARAMETER               CURRENT GUESS       STEP         FIRST   
  NO.   NAME      VALUE            ERROR          SIZE      DERIVATIVE 
   1  N0           3.30555e+06   1.00000e+02   0.00000e+00  -9.47438e-05
   2  tau          6.44004e+01   constant   
   3  A0           3.62072e-01   1.00000e-04   0.00000e+00   2.57251e+02
   4  phi          4.12124e+00   1.00000e-02   0.00000e+00   3.49276e+02
   5  R           -6.05915e+01   constant   
   6  A_CBO        2.11454e-03     fixed    
   7  w_CBO        2.31761e+00     fixed    
   8  phi_CBO      2.38338e+00     fixed    
   9  ANx2         3.16430e-04   constant   
  10  pNx2         2.82055e+00   constant   
  11  ANy1         0.00000e+00   constant   
  12  pNy1         0.00000e+00   constant   
  13  w_y          0.00000e+00   constant   
  14  ANy2         7.39162e-03     fixed    
  15  pNy2         2.23607e+00   constant   
  16  w_vw         1.43191e+01   constant   
  17  LM          -1.34420e-04   constant   
  18  wCBO_expCoeff   2.00569e+02   1.00000e+00   5.69153e-01  -3.73497e-02
  19  wCBO_expOffset   2.00000e+02   1.00000e+00   0.00000e+00  -2.49701e-01
  20  wCBO_expT    3.00000e+01   1.00000e+00   0.00000e+00  -1.91925e+01
  21  wCBO_linCoeff   0.00000e+00   constant   
  22  wCBO_const   0.00000e+00   1.00000e-02   0.00000e+00   1.50900e+03
 MIGRAD MINIMIZATION HAS CONVERGED.
 FCN=436.684 FROM MIGRAD    STATUS=CONVERGED     240 CALLS         241 TOTAL
                     EDM=2.62314e-07    STRATEGY= 1  ERROR MATRIX UNCERTAINTY   0.4 per cent
  EXT PARAMETER                                   STEP         FIRST   
  NO.   NAME      VALUE            ERROR          SIZE      DERIVATIVE 
   1  N0           3.30594e+06   1.59743e+03   4.34301e+00  -3.58157e-07
   2  tau          6.44004e+01   constant   
   3  A0           3.61858e-01   6.42586e-04   8.15085e-07   3.89472e-02
   4  phi          4.12039e+00   1.86193e-03  -7.96389e-06  -1.57906e-01
   5  R           -6.05915e+01   constant   
   6  A_CBO        2.11454e-03     fixed    
   7  w_CBO        2.31761e+00     fixed    
   8  phi_CBO      2.38338e+00     fixed    
   9  ANx2         3.16430e-04   constant   
  10  pNx2         2.82055e+00   constant   
  11  ANy1         0.00000e+00   constant   
  12  pNy1         0.00000e+00   constant   
  13  w_y          0.00000e+00   constant   
  14  ANy2         7.39162e-03     fixed    
  15  pNy2         2.23607e+00   constant   
  16  w_vw         1.43191e+01   constant   
  17  LM          -1.34420e-04   constant   
  18  wCBO_expCoeff   1.98615e+02   1.03841e+00   5.08829e-03  -2.47662e-03
  19  wCBO_expOffset   1.99708e+02   1.55368e-01   7.61962e-04  -1.63239e-02
  20  wCBO_expT    3.01269e+01   6.25390e-02  -3.30884e-04  -7.14075e-02
  21  wCBO_linCoeff   0.00000e+00   constant   
  22  wCBO_const  -2.35528e-03   7.43719e-04   4.20683e-06   4.15735e-01
 EXTERNAL ERROR MATRIX.    NDIM=  25    NPAR=  7    ERR DEF=1
  2.552e+06 -8.240e-03 -3.378e-02  2.655e+01  3.964e+00 -9.891e-01 -8.588e-02 
 -8.240e-03  4.129e-07  2.652e-08 -1.360e-05 -2.027e-06  5.966e-07  2.735e-08 
 -3.378e-02  2.652e-08  3.467e-06  1.534e-05  2.304e-06 -1.694e-06  1.301e-07 
  2.655e+01 -1.360e-05  1.534e-05  1.078e+00  1.588e-01 -6.444e-02  4.300e-04 
  3.964e+00 -2.027e-06  2.304e-06  1.588e-01  2.414e-02 -9.641e-03  6.437e-05 
 -9.891e-01  5.966e-07 -1.694e-06 -6.444e-02 -9.641e-03  3.911e-03 -2.842e-05 
 -8.588e-02  2.735e-08  1.301e-07  4.300e-04  6.437e-05 -2.842e-05  5.531e-07 
 PARAMETER  CORRELATION COEFFICIENTS  
       NO.  GLOBAL      1      3      4     18     19     20     22
        1  0.09947   1.000 -0.008 -0.011  0.016  0.016 -0.010 -0.072
        3  0.08635  -0.008  1.000  0.022 -0.020 -0.020  0.015  0.057
        4  0.10933  -0.011  0.022  1.000  0.008  0.008 -0.015  0.094
       18  0.99491   0.016 -0.020  0.008  1.000  0.984 -0.992  0.557
       19  0.99488   0.016 -0.020  0.008  0.984  1.000 -0.992  0.557
       20  0.99826  -0.010  0.015 -0.015 -0.992 -0.992  1.000 -0.611
       22  0.83422  -0.072  0.057  0.094  0.557  0.557 -0.611  1.000
MINUIT - FIT ONLY 1-CBO + other amplitudes 
 **********
 **   16 **RES 
 **********
                   PARAMETER   14  ANy2 RESTORED TO VARIABLE.
                   PARAMETER    8  phi_CBO RESTORED TO VARIABLE.
                   PARAMETER    7  w_CBO RESTORED TO VARIABLE.
                   PARAMETER    6  A_CBO RESTORED TO VARIABLE.
 **********
 **   17 **FIX            0
 **********
 PARAMETER    0  IS UNDEFINED. IGNORED.
 **********
 **   18 **FIX            1
 **********
 **********
 **   19 **FIX            2
 **********
 PARAMETER    2  IS CONSTANT.   IGNORED.
 **********
 **   20 **FIX            3
 **********
 **********
 **   21 **FIX            4
 **********
 **********
 **   22 **FIX            9
 **********
 PARAMETER    9  IS CONSTANT.   IGNORED.
 **********
 **   23 **FIX           11
 **********
 PARAMETER   11  IS CONSTANT.   IGNORED.
 **********
 **   24 **FIX           12
 **********
 PARAMETER   12  IS CONSTANT.   IGNORED.
 **********
 **   25 **FIX           14
 **********
 **********
 **   26 **FIX           15
 **********
 PARAMETER   15  IS CONSTANT.   IGNORED.
 **********
 **   27 **FIX           16
 **********
 PARAMETER   16  IS CONSTANT.   IGNORED.
 **********
 **   28 **MIGRAD
 **********
 START MIGRAD MINIMIZATION.  STRATEGY  1.  CONVERGENCE WHEN EDM .LT. 1.00e-04
 FCN=436.684 FROM MIGRAD    STATUS=INITIATE       20 CALLS         261 TOTAL
                     EDM= unknown      STRATEGY= 1      NO ERROR MATRIX       
  EXT PARAMETER               CURRENT GUESS       STEP         FIRST   
  NO.   NAME      VALUE            ERROR          SIZE      DERIVATIVE 
   1  N0           3.30594e+06     fixed    
   2  tau          6.44004e+01   constant   
   3  A0           3.61858e-01     fixed    
   4  phi          4.12039e+00     fixed    
   5  R           -6.05915e+01   constant   
   6  A_CBO        2.11454e-03   1.00000e-05   1.00000e-05   4.92537e+03
   7  w_CBO        2.31761e+00   1.00000e-03   1.00000e-03  -3.52995e-02
   8  phi_CBO      2.38338e+00   1.00000e-04   1.00000e-04   4.08640e-01
   9  ANx2         3.16430e-04   constant   
  10  pNx2         2.82055e+00   constant   
  11  ANy1         0.00000e+00   constant   
  12  pNy1         0.00000e+00   constant   
  13  w_y          0.00000e+00   constant   
  14  ANy2         7.39162e-03     fixed    
  15  pNy2         2.23607e+00   constant   
  16  w_vw         1.43191e+01   constant   
  17  LM          -1.34420e-04   constant   
  18  wCBO_expCoeff   1.98615e+02   1.03841e+00   5.08829e-03  -2.47662e-03
  19  wCBO_expOffset   1.99708e+02   1.55368e-01   7.61962e-04  -1.63239e-02
  20  wCBO_expT    3.01269e+01   6.25390e-02  -3.30884e-04  -7.14074e-02
  21  wCBO_linCoeff   0.00000e+00   constant   
  22  wCBO_const  -2.35528e-03   7.43719e-04   4.20683e-06   4.15729e-01
 MIGRAD MINIMIZATION HAS CONVERGED.
 MIGRAD WILL VERIFY CONVERGENCE AND ERROR MATRIX.
 FCN=433.855 FROM MIGRAD    STATUS=CONVERGED     204 CALLS         445 TOTAL
                     EDM=2.53334e-07    STRATEGY= 1      ERR MATRIX NOT POS-DEF
  EXT PARAMETER                APPROXIMATE        STEP         FIRST   
  NO.   NAME      VALUE            ERROR          SIZE      DERIVATIVE 
   1  N0           3.30594e+06     fixed    
   2  tau          6.44004e+01   constant   
   3  A0           3.61858e-01     fixed    
   4  phi          4.12039e+00     fixed    
   5  R           -6.05915e+01   constant   
   6  A_CBO        9.73144e-04   6.78588e-04   6.91447e-06  -9.78045e-01
   7  w_CBO        2.31766e+00   8.54277e-03   8.04058e-06  -2.30873e-01
   8  phi_CBO      2.31386e+00   1.00002e+00   7.08023e-03   1.97571e-06
   9  ANx2         3.16430e-04   constant   
  10  pNx2         2.82055e+00   constant   
  11  ANy1         0.00000e+00   constant   
  12  pNy1         0.00000e+00   constant   
  13  w_y          0.00000e+00   constant   
  14  ANy2         7.39162e-03     fixed    
  15  pNy2         2.23607e+00   constant   
  16  w_vw         1.43191e+01   constant   
  17  LM          -1.34420e-04   constant   
  18  wCBO_expCoeff   1.98672e+02   1.77056e+00   1.62878e-03  -8.97360e-04
  19  wCBO_expOffset   1.99716e+02   2.68487e-01   2.46966e-04  -5.91821e-03
  20  wCBO_expT    3.01233e+01   4.32759e-02   4.70434e-05  -3.14751e-02
  21  wCBO_linCoeff   0.00000e+00   constant   
  22  wCBO_const  -2.43880e-03   3.68906e-03   5.23629e-06  -3.57507e-01
 EXTERNAL ERROR MATRIX.    NDIM=  25    NPAR=  7    ERR DEF=1
  4.605e-07 -1.281e-08 -3.696e-05 -1.615e-05 -2.450e-06  9.505e-07 -4.948e-09 
 -1.281e-08  7.298e-05  5.038e-04 -2.327e-03 -3.536e-04 -4.988e-05 -3.047e-05 
 -3.696e-05  5.038e-04  1.000e+00  1.128e-01  1.711e-02 -7.233e-03  2.948e-04 
 -1.615e-05 -2.327e-03  1.128e-01  3.135e+00 -3.006e-01 -2.841e-02  1.242e-03 
 -2.450e-06 -3.536e-04  1.711e-02 -3.006e-01  7.209e-02 -4.309e-03  1.887e-04 
  9.505e-07 -4.988e-05 -7.233e-03 -2.841e-02 -4.309e-03  1.873e-03  1.494e-06 
 -4.948e-09 -3.047e-05  2.948e-04  1.242e-03  1.887e-04  1.494e-06  1.361e-05 
ERR MATRIX NOT POS-DEF
 PARAMETER  CORRELATION COEFFICIENTS  
       NO.  GLOBAL      6      7      8     18     19     20     22
        6  0.06890   1.000 -0.002 -0.054 -0.013 -0.013  0.032 -0.002
        7  0.99576  -0.002  1.000  0.059 -0.154 -0.154 -0.135 -0.967
        8  0.72281  -0.054  0.059  1.000  0.064  0.064 -0.167  0.080
       18  0.99595  -0.013 -0.154  0.064  1.000 -0.632 -0.371  0.190
       19  0.99596  -0.013 -0.154  0.064 -0.632  1.000 -0.371  0.190
       20  0.99435   0.032 -0.135 -0.167 -0.371 -0.371  1.000  0.009
       22  0.99033  -0.002 -0.967  0.080  0.190  0.190  0.009  1.000
 ERR MATRIX NOT POS-DEF
MINUIT - FIT ONLY 1-CBO
 **********
 **   29 **RES 
 **********
                   PARAMETER   14  ANy2 RESTORED TO VARIABLE.
                   PARAMETER    4  phi RESTORED TO VARIABLE.
                   PARAMETER    3  A0 RESTORED TO VARIABLE.
                   PARAMETER    1  N0 RESTORED TO VARIABLE.
 **********
 **   30 **FIX            0
 **********
 PARAMETER    0  IS UNDEFINED. IGNORED.
 **********
 **   31 **FIX            1
 **********
 **********
 **   32 **FIX            2
 **********
 PARAMETER    2  IS CONSTANT.   IGNORED.
 **********
 **   33 **FIX            3
 **********
 **********
 **   34 **FIX            4
 **********
 **********
 **   35 **FIX            8
 **********
 **********
 **   36 **FIX            9
 **********
 PARAMETER    9  IS CONSTANT.   IGNORED.
 **********
 **   37 **FIX           11
 **********
 PARAMETER   11  IS CONSTANT.   IGNORED.
 **********
 **   38 **FIX           12
 **********
 PARAMETER   12  IS CONSTANT.   IGNORED.
 **********
 **   39 **FIX           13
 **********
 PARAMETER   13  IS CONSTANT.   IGNORED.
 **********
 **   40 **FIX           15
 **********
 PARAMETER   15  IS CONSTANT.   IGNORED.
 **********
 **   41 **FIX           16
 **********
 PARAMETER   16  IS CONSTANT.   IGNORED.
 **********
 **   42 **MIGRAD
 **********
 START MIGRAD MINIMIZATION.  STRATEGY  1.  CONVERGENCE WHEN EDM .LT. 1.00e-04
 FCN=433.855 FROM MIGRAD    STATUS=INITIATE       16 CALLS         461 TOTAL
                     EDM= unknown      STRATEGY= 1      NO ERROR MATRIX       
  EXT PARAMETER               CURRENT GUESS       STEP         FIRST   
  NO.   NAME      VALUE            ERROR          SIZE      DERIVATIVE 
   1  N0           3.30594e+06     fixed    
   2  tau          6.44004e+01   constant   
   3  A0           3.61858e-01     fixed    
   4  phi          4.12039e+00     fixed    
   5  R           -6.05915e+01   constant   
   6  A_CBO        9.73144e-04   6.78588e-04   6.91447e-06  -9.78045e-01
   7  w_CBO        2.31766e+00   8.54277e-03   8.04058e-06  -2.28730e-01
   8  phi_CBO      2.31386e+00     fixed    
   9  ANx2         3.16430e-04   constant   
  10  pNx2         2.82055e+00   constant   
  11  ANy1         0.00000e+00   constant   
  12  pNy1         0.00000e+00   constant   
  13  w_y          0.00000e+00   constant   
  14  ANy2         7.39162e-03   1.00000e-04   1.00000e-04   3.07378e+04
  15  pNy2         2.23607e+00   constant   
  16  w_vw         1.43191e+01   constant   
  17  LM          -1.34420e-04   constant   
  18  wCBO_expCoeff   1.98672e+02   1.77056e+00   1.62878e-03  -8.70082e-04
  19  wCBO_expOffset   1.99716e+02   2.68487e-01   2.46966e-04  -5.73500e-03
  20  wCBO_expT    3.01233e+01   4.32759e-02   4.70434e-05  -3.07165e-02
  21  wCBO_linCoeff   0.00000e+00   constant   
  22  wCBO_const  -2.43880e-03   3.68906e-03   5.23629e-06  -3.53901e-01
 MIGRAD MINIMIZATION HAS CONVERGED.
 MIGRAD WILL VERIFY CONVERGENCE AND ERROR MATRIX.
 FCN=324.752 FROM MIGRAD    STATUS=CONVERGED     195 CALLS         640 TOTAL
                     EDM=2.12038e-06    STRATEGY= 1      ERR MATRIX NOT POS-DEF
  EXT PARAMETER                APPROXIMATE        STEP         FIRST   
  NO.   NAME      VALUE            ERROR          SIZE      DERIVATIVE 
   1  N0           3.30594e+06     fixed    
   2  tau          6.44004e+01   constant   
   3  A0           3.61858e-01     fixed    
   4  phi          4.12039e+00     fixed    
   5  R           -6.05915e+01   constant   
   6  A_CBO        4.54931e-04   6.73162e-04   5.92896e-06   2.68253e+00
   7  w_CBO        2.31838e+00   1.00142e-02   7.79085e-06  -1.47236e-01
   8  phi_CBO      2.31386e+00     fixed    
   9  ANx2         3.16430e-04   constant   
  10  pNx2         2.82055e+00   constant   
  11  ANy1         0.00000e+00   constant   
  12  pNy1         0.00000e+00   constant   
  13  w_y          0.00000e+00   constant   
  14  ANy2         2.93277e-04   6.77370e-04   5.96819e-06   9.48722e-01
  15  pNy2         2.23607e+00   constant   
  16  w_vw         1.43191e+01   constant   
  17  LM          -1.34420e-04   constant   
  18  wCBO_expCoeff   1.99122e+02   2.01249e+00   1.52246e-03  -1.93095e-03
  19  wCBO_expOffset   1.99784e+02   3.04191e-01   2.30086e-04  -1.27760e-02
  20  wCBO_expT    3.00940e+01   4.91660e-02   4.42568e-05  -6.96299e-02
  21  wCBO_linCoeff   0.00000e+00   constant   
  22  wCBO_const  -2.65435e-03   4.31335e-03   5.18660e-06   4.33301e-02
 EXTERNAL ERROR MATRIX.    NDIM=  25    NPAR=  7    ERR DEF=1
  4.531e-07  3.122e-08  3.095e-08  3.276e-06  4.948e-07 -3.980e-07 -3.881e-09 
  3.122e-08  1.003e-04 -1.184e-08 -3.283e-03 -4.973e-04 -6.445e-05 -4.222e-05 
  3.095e-08 -1.184e-08  4.588e-07 -1.094e-05 -1.653e-06  7.069e-07  8.322e-09 
  3.276e-06 -3.283e-03 -1.094e-05  4.050e+00 -3.868e-01 -3.639e-02  1.658e-03 
  4.948e-07 -4.973e-04 -1.653e-06 -3.868e-01  9.253e-02 -5.501e-03  2.511e-04 
 -3.980e-07 -6.445e-05  7.069e-07 -3.639e-02 -5.501e-03  2.417e-03  6.139e-06 
 -3.881e-09 -4.222e-05  8.322e-09  1.658e-03  2.511e-04  6.139e-06  1.860e-05 
ERR MATRIX NOT POS-DEF
 PARAMETER  CORRELATION COEFFICIENTS  
       NO.  GLOBAL      6      7     14     18     19     20     22
        6  0.07345   1.000  0.005  0.068  0.002  0.002 -0.012 -0.001
        7  0.99613   0.005  1.000 -0.002 -0.163 -0.163 -0.131 -0.977
       14  0.07547   0.068 -0.002  1.000 -0.008 -0.008  0.021  0.003
       18  0.99635   0.002 -0.163 -0.008  1.000 -0.632 -0.368  0.191
       19  0.99635   0.002 -0.163 -0.008 -0.632  1.000 -0.368  0.191
       20  0.99482  -0.012 -0.131  0.021 -0.368 -0.368  1.000  0.029
       22  0.99072  -0.001 -0.977  0.003  0.191  0.191  0.029  1.000
 ERR MATRIX NOT POS-DEF
MINUIT - FIT ONLY 2-CBO
 **********
 **   43 **RES 
 **********
                   PARAMETER    8  phi_CBO RESTORED TO VARIABLE.
                   PARAMETER    4  phi RESTORED TO VARIABLE.
                   PARAMETER    3  A0 RESTORED TO VARIABLE.
                   PARAMETER    1  N0 RESTORED TO VARIABLE.
 **********
 **   44 **FIX            0
 **********
 PARAMETER    0  IS UNDEFINED. IGNORED.
 **********
 **   45 **FIX            1
 **********
 **********
 **   46 **FIX            2
 **********
 PARAMETER    2  IS CONSTANT.   IGNORED.
 **********
 **   47 **FIX            3
 **********
 **********
 **   48 **FIX            4
 **********
 **********
 **   49 **FIX            5
 **********
 PARAMETER    5  IS CONSTANT.   IGNORED.
 **********
 **   50 **FIX            6
 **********
 **********
 **   51 **FIX            7
 **********
 **********
 **   52 **FIX           10
 **********
 PARAMETER   10  IS CONSTANT.   IGNORED.
 **********
 **   53 **FIX           11
 **********
 PARAMETER   11  IS CONSTANT.   IGNORED.
 **********
 **   54 **FIX           12
 **********
 PARAMETER   12  IS CONSTANT.   IGNORED.
 **********
 **   55 **FIX           13
 **********
 PARAMETER   13  IS CONSTANT.   IGNORED.
 **********
 **   56 **FIX           14
 **********
 **********
 **   57 **FIX           15
 **********
 PARAMETER   15  IS CONSTANT.   IGNORED.
 **********
 **   58 **FIX           16
 **********
 PARAMETER   16  IS CONSTANT.   IGNORED.
 **********
 **   59 **MIGRAD
 **********
 START MIGRAD MINIMIZATION.  STRATEGY  1.  CONVERGENCE WHEN EDM .LT. 1.00e-04
 FCN=324.752 FROM MIGRAD    STATUS=INITIATE       12 CALLS         652 TOTAL
                     EDM= unknown      STRATEGY= 1      NO ERROR MATRIX       
  EXT PARAMETER               CURRENT GUESS       STEP         FIRST   
  NO.   NAME      VALUE            ERROR          SIZE      DERIVATIVE 
   1  N0           3.30594e+06     fixed    
   2  tau          6.44004e+01   constant   
   3  A0           3.61858e-01     fixed    
   4  phi          4.12039e+00     fixed    
   5  R           -6.05915e+01   constant   
   6  A_CBO        4.54931e-04     fixed    
   7  w_CBO        2.31838e+00     fixed    
   8  phi_CBO      2.31386e+00   1.00002e+00   1.00002e+00  -5.05705e-02
   9  ANx2         3.16430e-04   constant   
  10  pNx2         2.82055e+00   constant   
  11  ANy1         0.00000e+00   constant   
  12  pNy1         0.00000e+00   constant   
  13  w_y          0.00000e+00   constant   
  14  ANy2         2.93277e-04     fixed    
  15  pNy2         2.23607e+00   constant   
  16  w_vw         1.43191e+01   constant   
  17  LM          -1.34420e-04   constant   
  18  wCBO_expCoeff   1.99122e+02   2.01249e+00   1.52246e-03  -1.91647e-03
  19  wCBO_expOffset   1.99784e+02   3.04191e-01   2.30086e-04  -1.26780e-02
  20  wCBO_expT    3.00940e+01   4.91660e-02   4.42568e-05  -6.93172e-02
  21  wCBO_linCoeff   0.00000e+00   constant   
  22  wCBO_const  -2.65435e-03   4.31335e-03   5.18660e-06   4.28702e-02
 MIGRAD MINIMIZATION HAS CONVERGED.
 MIGRAD WILL VERIFY CONVERGENCE AND ERROR MATRIX.
 FCN=324.75 FROM HESSE     STATUS=NOT POSDEF     31 CALLS         718 TOTAL
                     EDM=0.000155865    STRATEGY= 1      ERR MATRIX NOT POS-DEF
  EXT PARAMETER                APPROXIMATE        STEP         FIRST   
  NO.   NAME      VALUE            ERROR          SIZE      DERIVATIVE 
   1  N0           3.30594e+06     fixed    
   2  tau          6.44004e+01   constant   
   3  A0           3.61858e-01     fixed    
   4  phi          4.12039e+00     fixed    
   5  R           -6.05915e+01   constant   
   6  A_CBO        4.54931e-04     fixed    
   7  w_CBO        2.31838e+00     fixed    
   8  phi_CBO      2.39091e+00   1.80493e+00   1.32455e-02   4.84726e-04
   9  ANx2         3.16430e-04   constant   
  10  pNx2         2.82055e+00   constant   
  11  ANy1         0.00000e+00   constant   
  12  pNy1         0.00000e+00   constant   
  13  w_y          0.00000e+00   constant   
  14  ANy2         2.93277e-04     fixed    
  15  pNy2         2.23607e+00   constant   
  16  w_vw         1.43191e+01   constant   
  17  LM          -1.34420e-04   constant   
  18  wCBO_expCoeff   1.99121e+02   2.20846e+00   1.51860e-03  -4.90128e-03
  19  wCBO_expOffset   1.99784e+02   3.33802e-01   2.29511e-04  -3.24294e-02
  20  wCBO_expT    3.00940e+01   5.40788e-02   4.41653e-05   3.01888e-01
  21  wCBO_linCoeff   0.00000e+00   constant   
  22  wCBO_const  -2.63385e-03   1.10305e-03   5.18371e-06  -5.83849e-01
 MIGRAD MINIMIZATION HAS CONVERGED.
 MIGRAD WILL VERIFY CONVERGENCE AND ERROR MATRIX.
 FCN=324.749 FROM MIGRAD    STATUS=CONVERGED     121 CALLS         761 TOTAL
                     EDM=1.19882e-06    STRATEGY= 1      ERR MATRIX NOT POS-DEF
  EXT PARAMETER                APPROXIMATE        STEP         FIRST   
  NO.   NAME      VALUE            ERROR          SIZE      DERIVATIVE 
   1  N0           3.30594e+06     fixed    
   2  tau          6.44004e+01   constant   
   3  A0           3.61858e-01     fixed    
   4  phi          4.12039e+00     fixed    
   5  R           -6.05915e+01   constant   
   6  A_CBO        4.54931e-04     fixed    
   7  w_CBO        2.31838e+00     fixed    
   8  phi_CBO      2.40711e+00   1.80538e+00   1.32471e-02  -9.69888e-04
   9  ANx2         3.16430e-04   constant   
  10  pNx2         2.82055e+00   constant   
  11  ANy1         0.00000e+00   constant   
  12  pNy1         0.00000e+00   constant   
  13  w_y          0.00000e+00   constant   
  14  ANy2         2.93277e-04     fixed    
  15  pNy2         2.23607e+00   constant   
  16  w_vw         1.43191e+01   constant   
  17  LM          -1.34420e-04   constant   
  18  wCBO_expCoeff   1.99152e+02   2.20590e+00   1.52013e-03   3.66573e-04
  19  wCBO_expOffset   1.99789e+02   3.33336e-01   2.29744e-04   2.42642e-03
  20  wCBO_expT    3.00921e+01   5.41690e-02   4.42003e-05   8.21097e-03
  21  wCBO_linCoeff   0.00000e+00   constant   
  22  wCBO_const  -2.61298e-03   1.10304e-03   5.18514e-06   3.99075e-01
 EXTERNAL ERROR MATRIX.    NDIM=  25    NPAR=  5    ERR DEF=1
  3.259e+00  3.906e-01  5.902e-02 -2.789e-02  1.089e-03 
  3.906e-01  4.866e+00 -5.023e-01 -4.709e-02  4.487e-04 
  5.902e-02 -5.023e-01  1.111e-01 -7.119e-03  6.781e-05 
 -2.789e-02 -4.709e-02 -7.119e-03  2.934e-03 -3.291e-05 
  1.089e-03  4.487e-04  6.781e-05 -3.291e-05  1.217e-06 
ERR MATRIX NOT POS-DEF
 PARAMETER  CORRELATION COEFFICIENTS  
       NO.  GLOBAL      8     18     19     20     22
        8  0.55636   1.000  0.098  0.098 -0.285  0.547
       18  0.99696   0.098  1.000 -0.683 -0.394  0.184
       19  0.99696   0.098 -0.683  1.000 -0.394  0.184
       20  0.99574  -0.285 -0.394 -0.394  1.000 -0.551
       22  0.84669   0.547  0.184  0.184 -0.551  1.000
 ERR MATRIX NOT POS-DEF
MINUIT - FIT ONLY 1-y
 **********
 **   60 **RES 
 **********
                   PARAMETER   14  ANy2 RESTORED TO VARIABLE.
                   PARAMETER    7  w_CBO RESTORED TO VARIABLE.
                   PARAMETER    6  A_CBO RESTORED TO VARIABLE.
                   PARAMETER    4  phi RESTORED TO VARIABLE.
                   PARAMETER    3  A0 RESTORED TO VARIABLE.
                   PARAMETER    1  N0 RESTORED TO VARIABLE.
 **********
 **   61 **FIX            0
 **********
 PARAMETER    0  IS UNDEFINED. IGNORED.
 **********
 **   62 **FIX            1
 **********
 **********
 **   63 **FIX            2
 **********
 PARAMETER    2  IS CONSTANT.   IGNORED.
 **********
 **   64 **FIX            3
 **********
 **********
 **   65 **FIX            4
 **********
 **********
 **   66 **FIX            5
 **********
 PARAMETER    5  IS CONSTANT.   IGNORED.
 **********
 **   67 **FIX            6
 **********
 **********
 **   68 **FIX            7
 **********
 **********
 **   69 **FIX            8
 **********
 **********
 **   70 **FIX            9
 **********
 PARAMETER    9  IS CONSTANT.   IGNORED.
 **********
 **   71 **FIX           13
 **********
 PARAMETER   13  IS CONSTANT.   IGNORED.
 **********
 **   72 **FIX           14
 **********
 **********
 **   73 **FIX           15
 **********
 PARAMETER   15  IS CONSTANT.   IGNORED.
 **********
 **   74 **FIX           16
 **********
 PARAMETER   16  IS CONSTANT.   IGNORED.
 **********
 **   75 **MIGRAD
 **********
 START MIGRAD MINIMIZATION.  STRATEGY  1.  CONVERGENCE WHEN EDM .LT. 1.00e-04
 FCN=324.749 FROM MIGRAD    STATUS=INITIATE        8 CALLS         769 TOTAL
                     EDM= unknown      STRATEGY= 1      NO ERROR MATRIX       
  EXT PARAMETER               CURRENT GUESS       STEP         FIRST   
  NO.   NAME      VALUE            ERROR          SIZE      DERIVATIVE 
   1  N0           3.30594e+06     fixed    
   2  tau          6.44004e+01   constant   
   3  A0           3.61858e-01     fixed    
   4  phi          4.12039e+00     fixed    
   5  R           -6.05915e+01   constant   
   6  A_CBO        4.54931e-04     fixed    
   7  w_CBO        2.31838e+00     fixed    
   8  phi_CBO      2.40711e+00     fixed    
   9  ANx2         3.16430e-04   constant   
  10  pNx2         2.82055e+00   constant   
  11  ANy1         0.00000e+00   constant   
  12  pNy1         0.00000e+00   constant   
  13  w_y          0.00000e+00   constant   
  14  ANy2         2.93277e-04     fixed    
  15  pNy2         2.23607e+00   constant   
  16  w_vw         1.43191e+01   constant   
  17  LM          -1.34420e-04   constant   
  18  wCBO_expCoeff   1.99152e+02   2.20590e+00   1.52013e-03   3.80597e-04
  19  wCBO_expOffset   1.99789e+02   3.33336e-01   2.29744e-04   2.52141e-03
  20  wCBO_expT    3.00921e+01   5.41690e-02   4.42003e-05   8.51070e-03
  21  wCBO_linCoeff   0.00000e+00   constant   
  22  wCBO_const  -2.61298e-03   1.10304e-03   5.18514e-06   3.97809e-01
 MIGRAD MINIMIZATION HAS CONVERGED.
 MIGRAD WILL VERIFY CONVERGENCE AND ERROR MATRIX.
 FCN=324.749 FROM MIGRAD    STATUS=CONVERGED      41 CALLS         802 TOTAL
                     EDM=9.19179e-08    STRATEGY= 1      ERR MATRIX NOT POS-DEF
  EXT PARAMETER                APPROXIMATE        STEP         FIRST   
  NO.   NAME      VALUE            ERROR          SIZE      DERIVATIVE 
   1  N0           3.30594e+06     fixed    
   2  tau          6.44004e+01   constant   
   3  A0           3.61858e-01     fixed    
   4  phi          4.12039e+00     fixed    
   5  R           -6.05915e+01   constant   
   6  A_CBO        4.54931e-04     fixed    
   7  w_CBO        2.31838e+00     fixed    
   8  phi_CBO      2.40711e+00     fixed    
   9  ANx2         3.16430e-04   constant   
  10  pNx2         2.82055e+00   constant   
  11  ANy1         0.00000e+00   constant   
  12  pNy1         0.00000e+00   constant   
  13  w_y          0.00000e+00   constant   
  14  ANy2         2.93277e-04     fixed    
  15  pNy2         2.23607e+00   constant   
  16  w_vw         1.43191e+01   constant   
  17  LM          -1.34420e-04   constant   
  18  wCBO_expCoeff   1.99152e+02   2.21092e+00   1.51768e-03  -5.24771e-04
  19  wCBO_expOffset   1.99789e+02   3.34094e-01   2.29323e-04  -3.47257e-03
  20  wCBO_expT    3.00921e+01   5.21436e-02   4.41169e-05  -2.32066e-02
  21  wCBO_linCoeff   0.00000e+00   constant   
  22  wCBO_const  -2.61301e-03   9.24438e-04   5.18361e-06   1.22004e-01
 EXTERNAL ERROR MATRIX.    NDIM=  25    NPAR=  4    ERR DEF=1
  4.888e+00 -5.179e-01 -4.413e-02  3.214e-04 
 -5.179e-01  1.116e-01 -6.671e-03  4.857e-05 
 -4.413e-02 -6.671e-03  2.719e-03 -2.379e-05 
  3.214e-04  4.857e-05 -2.379e-05  8.546e-07 
ERR MATRIX NOT POS-DEF
 PARAMETER  CORRELATION COEFFICIENTS  
       NO.  GLOBAL     18     19     20     22
       18  0.99697   1.000 -0.701 -0.383  0.157
       19  0.99698  -0.701  1.000 -0.383  0.157
       20  0.99540  -0.383 -0.383  1.000 -0.493
       22  0.77260   0.157  0.157 -0.493  1.000
 ERR MATRIX NOT POS-DEF
MINUIT - FIT ONLY 2-y
 **********
 **   76 **RES 
 **********
                   PARAMETER   14  ANy2 RESTORED TO VARIABLE.
                   PARAMETER    8  phi_CBO RESTORED TO VARIABLE.
                   PARAMETER    7  w_CBO RESTORED TO VARIABLE.
                   PARAMETER    6  A_CBO RESTORED TO VARIABLE.
                   PARAMETER    4  phi RESTORED TO VARIABLE.
                   PARAMETER    3  A0 RESTORED TO VARIABLE.
                   PARAMETER    1  N0 RESTORED TO VARIABLE.
 **********
 **   77 **FIX            0
 **********
 PARAMETER    0  IS UNDEFINED. IGNORED.
 **********
 **   78 **FIX            1
 **********
 **********
 **   79 **FIX            2
 **********
 PARAMETER    2  IS CONSTANT.   IGNORED.
 **********
 **   80 **FIX            3
 **********
 **********
 **   81 **FIX            4
 **********
 **********
 **   82 **FIX            5
 **********
 PARAMETER    5  IS CONSTANT.   IGNORED.
 **********
 **   83 **FIX            6
 **********
 **********
 **   84 **FIX            7
 **********
 **********
 **   85 **FIX            8
 **********
 **********
 **   86 **FIX            9
 **********
 PARAMETER    9  IS CONSTANT.   IGNORED.
 **********
 **   87 **FIX           10
 **********
 PARAMETER   10  IS CONSTANT.   IGNORED.
 **********
 **   88 **FIX           11
 **********
 PARAMETER   11  IS CONSTANT.   IGNORED.
 **********
 **   89 **FIX           12
 **********
 PARAMETER   12  IS CONSTANT.   IGNORED.
 **********
 **   90 **FIX           16
 **********
 PARAMETER   16  IS CONSTANT.   IGNORED.
 **********
 **   91 **MIGRAD
 **********
 START MIGRAD MINIMIZATION.  STRATEGY  1.  CONVERGENCE WHEN EDM .LT. 1.00e-04
 FCN=324.749 FROM MIGRAD    STATUS=INITIATE       10 CALLS         812 TOTAL
                     EDM= unknown      STRATEGY= 1      NO ERROR MATRIX       
  EXT PARAMETER               CURRENT GUESS       STEP         FIRST   
  NO.   NAME      VALUE            ERROR          SIZE      DERIVATIVE 
   1  N0           3.30594e+06     fixed    
   2  tau          6.44004e+01   constant   
   3  A0           3.61858e-01     fixed    
   4  phi          4.12039e+00     fixed    
   5  R           -6.05915e+01   constant   
   6  A_CBO        4.54931e-04     fixed    
   7  w_CBO        2.31838e+00     fixed    
   8  phi_CBO      2.40711e+00     fixed    
   9  ANx2         3.16430e-04   constant   
  10  pNx2         2.82055e+00   constant   
  11  ANy1         0.00000e+00   constant   
  12  pNy1         0.00000e+00   constant   
  13  w_y          0.00000e+00   constant   
  14  ANy2         2.93277e-04   6.77370e-04   6.77370e-04   4.05077e+00
  15  pNy2         2.23607e+00   constant   
  16  w_vw         1.43191e+01   constant   
  17  LM          -1.34420e-04   constant   
  18  wCBO_expCoeff   1.99152e+02   2.21092e+00   1.51768e-03  -5.10716e-04
  19  wCBO_expOffset   1.99789e+02   3.34094e-01   2.29323e-04  -3.37738e-03
  20  wCBO_expT    3.00921e+01   5.21436e-02   4.41169e-05  -2.29059e-02
  21  wCBO_linCoeff   0.00000e+00   constant   
  22  wCBO_const  -2.61301e-03   9.24438e-04   5.18361e-06   1.20742e-01
 MIGRAD MINIMIZATION HAS CONVERGED.
 MIGRAD WILL VERIFY CONVERGENCE AND ERROR MATRIX.
 FCN=324.749 FROM MIGRAD    STATUS=CONVERGED      52 CALLS         854 TOTAL
                     EDM=8.41873e-08    STRATEGY= 1      ERR MATRIX NOT POS-DEF
  EXT PARAMETER                APPROXIMATE        STEP         FIRST   
  NO.   NAME      VALUE            ERROR          SIZE      DERIVATIVE 
   1  N0           3.30594e+06     fixed    
   2  tau          6.44004e+01   constant   
   3  A0           3.61858e-01     fixed    
   4  phi          4.12039e+00     fixed    
   5  R           -6.05915e+01   constant   
   6  A_CBO        4.54931e-04     fixed    
   7  w_CBO        2.31838e+00     fixed    
   8  phi_CBO      2.40711e+00     fixed    
   9  ANx2         3.16430e-04   constant   
  10  pNx2         2.82055e+00   constant   
  11  ANy1         0.00000e+00   constant   
  12  pNy1         0.00000e+00   constant   
  13  w_y          0.00000e+00   constant   
  14  ANy2         2.92348e-04   6.76212e-04   5.96818e-06  -6.82155e-03
  15  pNy2         2.23607e+00   constant   
  16  w_vw         1.43191e+01   constant   
  17  LM          -1.34420e-04   constant   
  18  wCBO_expCoeff   1.99152e+02   2.21073e+00   1.51768e-03   1.21619e-03
  19  wCBO_expOffset   1.99789e+02   3.34062e-01   2.29323e-04   8.04926e-03
  20  wCBO_expT    3.00921e+01   5.21553e-02   4.41169e-05   3.78672e-02
  21  wCBO_linCoeff   0.00000e+00   constant   
  22  wCBO_const  -2.61303e-03   9.24427e-04   5.18361e-06   4.73573e-01
 EXTERNAL ERROR MATRIX.    NDIM=  25    NPAR=  5    ERR DEF=1
  4.573e-07 -1.358e-05 -2.052e-06  8.556e-07  1.802e-09 
 -1.358e-05  4.887e+00 -5.177e-01 -4.415e-02  3.213e-04 
 -2.052e-06 -5.177e-01  1.116e-01 -6.674e-03  4.856e-05 
  8.556e-07 -4.415e-02 -6.674e-03  2.720e-03 -2.378e-05 
  1.802e-09  3.213e-04  4.856e-05 -2.378e-05  8.546e-07 
ERR MATRIX NOT POS-DEF
 PARAMETER  CORRELATION COEFFICIENTS  
       NO.  GLOBAL     14     18     19     20     22
       14  0.03653   1.000 -0.009 -0.009  0.024  0.003
       18  0.99697  -0.009  1.000 -0.701 -0.383  0.157
       19  0.99697  -0.009 -0.701  1.000 -0.383  0.157
       20  0.99540   0.024 -0.383 -0.383  1.000 -0.493
       22  0.77259   0.003  0.157  0.157 -0.493  1.000
 ERR MATRIX NOT POS-DEF
MINUIT - FIT ALTOGETHER
 **********
 **   92 **RES 
 **********
                   PARAMETER    8  phi_CBO RESTORED TO VARIABLE.
                   PARAMETER    7  w_CBO RESTORED TO VARIABLE.
                   PARAMETER    6  A_CBO RESTORED TO VARIABLE.
                   PARAMETER    4  phi RESTORED TO VARIABLE.
                   PARAMETER    3  A0 RESTORED TO VARIABLE.
                   PARAMETER    1  N0 RESTORED TO VARIABLE.
 **********
 **   93 **MIGRAD
 **********
