 + ++++++++++++++++++++++++++++++++++++++++++++++++++++++++++++++++++++ +
 +                                                                      +
 +           You have chose to blind your fitting according to          +
 +                omega_ref * (1 + (R +/- deltaR) *10^{-6})             +
 +                                                                      +
 + ++++++++++++++++++++++++++++++++++++++++++++++++++++++++++++++++++++ +
In main()...
reading format from /gm2data/zkhechad/run45/envelope/formats/formatB_sBin_constraintOn.txt
pBinTau 	= 0  
pBinPhi 	= 0  
constraintau 	= 1 
includeMopTerm 	= 0    
constrainMop    = 0   
Parameters after format file: pBinTau 0 pBinPhi 0 constraintau 1 includeMopTerm 0 constrainMop 0 c_e_scale 0.000000 
reading cbo reference file (full fit) from /gm2data/zkhechad/cboTemplates/Run4CBOTemplates/fullFits/run4/sBin_constraintOn_cE0.0_seed0_run4_calo8.root
A_CBO 0.011357 w_CBO 2.326581 phi_CBO 5.876624 N0 2844262.344614 R -61.301649 tau 64.404749 
Reading cboRef file /gm2data/zkhechad/cboTemplates/Run4CBOTemplates//cboIsolate/run4_calo8.root
deltaT 164.120000
windowBins = 1100
fitting sliding window 1500 from bin 1703 at 254.087600 to bin 2803 at 418.207600 (1100 bins)

Reading data from /gm2data/cornell/histograms/aMethod/histogram_a_run4.root
fitting cbo isolate
 **********
 **    1 **SET PRINTOUT            1
 **********
 **********
 **    2 **SET NOWARNINGS 
 **********
 PARAMETER DEFINITIONS:
    NO.   NAME         VALUE      STEP SIZE      LIMITS
     1 A_CBO        1.13569e-02  1.00000e-05     no limits
     2 w_CBO        2.32658e+00  1.00000e-02    2.00000e+00  3.00000e+00
     3 phi_CBO      5.87662e+00  1.00000e-02    0.00000e+00  6.28319e+00
 **********
 **    3 **MIGRAD
 **********
 FIRST CALL TO USER FUNCTION AT NEW START POINT, WITH IFLAG=4.
 START MIGRAD MINIMIZATION.  STRATEGY  1.  CONVERGENCE WHEN EDM .LT. 1.00e-04
 FCN=0.0678824 FROM MIGRAD    STATUS=INITIATE       12 CALLS          13 TOTAL
                     EDM= unknown      STRATEGY= 1      NO ERROR MATRIX       
  EXT PARAMETER               CURRENT GUESS       STEP         FIRST   
  NO.   NAME      VALUE            ERROR          SIZE      DERIVATIVE 
   1  A_CBO        1.13569e-02   1.00000e-05   1.00000e-05   8.72420e+00
   2  w_CBO        2.32658e+00   1.00000e-02   2.13259e-02   3.88986e-01
   3  phi_CBO      5.87662e+00   1.00000e-02   6.47001e-03  -2.98600e-03
 MIGRAD MINIMIZATION HAS CONVERGED.
 MIGRAD WILL VERIFY CONVERGENCE AND ERROR MATRIX.
 COVARIANCE MATRIX CALCULATED SUCCESSFULLY
 FCN=0.0332102 FROM HESSE     STATUS=OK             16 CALLS          50 TOTAL
                     EDM=5.47286e-05    STRATEGY= 1      ERROR MATRIX ACCURATE 
  EXT PARAMETER                                   STEP         FIRST   
  NO.   NAME      VALUE            ERROR          SIZE      DERIVATIVE 
   1  A_CBO        3.41227e-03   4.30758e-02   2.11788e-05  -6.43475e-03
   2  w_CBO        2.32647e+00   2.51291e-01   3.98665e-05   1.57750e-02
   3  phi_CBO      5.89258e+00   5.16759e+00   4.36160e-03   1.01125e-04
 MIGRAD MINIMIZATION HAS CONVERGED.
 MIGRAD WILL VERIFY CONVERGENCE AND ERROR MATRIX.
 COVARIANCE MATRIX CALCULATED SUCCESSFULLY
 FCN=0.0331739 FROM MIGRAD    STATUS=CONVERGED      89 CALLS          90 TOTAL
                     EDM=2.81491e-05    STRATEGY= 1      ERROR MATRIX ACCURATE 
  EXT PARAMETER                                   STEP         FIRST   
  NO.   NAME      VALUE            ERROR          SIZE      DERIVATIVE 
   1  A_CBO        3.43077e-03   4.27994e-02   2.11796e-05   3.19217e-03
   2  w_CBO        2.32556e+00   1.90634e-01   3.97849e-05   6.16083e-02
   3  phi_CBO      5.56501e+00   4.29871e+00   3.43485e-03  -6.09783e-04
 EXTERNAL ERROR MATRIX.    NDIM=  25    NPAR=  3    ERR DEF=1
  1.832e-03 -6.217e-04 -1.904e-01 
 -6.217e-04  3.854e-02  1.243e+01 
 -1.904e-01  1.243e+01  4.160e+03 
 PARAMETER  CORRELATION COEFFICIENTS  
       NO.  GLOBAL      1      2      3
        1  0.07643   1.000 -0.074 -0.069
        2  0.98158  -0.074  1.000  0.982
        3  0.98156  -0.069  0.982  1.000
setting A_CBO=0.003431 w_CBO=2.325560, phi_CBO=5.565006
done fitting cbo isolate
 **********
 **    1 **SET PRINTOUT            1
 **********
 **********
 **    2 **SET NOWARNINGS 
 **********
 PARAMETER DEFINITIONS:
    NO.   NAME         VALUE      STEP SIZE      LIMITS
     1 N0           2.84426e+06  1.00000e+02     no limits
     2 tau          6.44047e+01  constant
     3 A0           3.52885e-01  1.00000e-04     no limits
     4 phi          4.11503e+00  1.00000e-02     no limits
     5 R           -6.13016e+01  constant
     6 A_CBO        3.43077e-03  1.00000e-05     no limits
     7 w_CBO        2.32556e+00  1.00000e-03     no limits
     8 phi_CBO      5.56501e+00  1.00000e-04     no limits
     9 ANx2         6.64823e-04  constant
    10 pNx2         9.66896e-01  constant
    11 ANy1         0.00000e+00  constant
    12 pNy1         0.00000e+00  constant
    13 w_y          0.00000e+00  constant
    14 ANy2         8.37111e-03  1.00000e-04     no limits
    15 pNy2         5.88808e+00  constant
    16 w_vw         1.43122e+01  constant
    17 LM           1.40011e-04  constant
    18 wCBO_expCoeff   2.00000e+02  1.00000e+00     no limits
    19 wCBO_expOffset   2.00000e+02  1.00000e+00     no limits
    20 wCBO_expT    3.00000e+01  1.00000e+00     no limits
    21 wCBO_linCoeff   0.00000e+00  constant
    22 wCBO_const   0.00000e+00  1.00000e-02     no limits
MINUIT - FIT ONLY WIGGLE
 **********
 **    3 **FIX            5
 **********
 PARAMETER    5  IS CONSTANT.   IGNORED.
 **********
 **    4 **FIX            6
 **********
 **********
 **    5 **FIX            7
 **********
 **********
 **    6 **FIX            8
 **********
 **********
 **    7 **FIX            9
 **********
 PARAMETER    9  IS CONSTANT.   IGNORED.
 **********
 **    8 **FIX           10
 **********
 PARAMETER   10  IS CONSTANT.   IGNORED.
 **********
 **    9 **FIX           11
 **********
 PARAMETER   11  IS CONSTANT.   IGNORED.
 **********
 **   10 **FIX           12
 **********
 PARAMETER   12  IS CONSTANT.   IGNORED.
 **********
 **   11 **FIX           13
 **********
 PARAMETER   13  IS CONSTANT.   IGNORED.
 **********
 **   12 **FIX           14
 **********
 **********
 **   13 **FIX           15
 **********
 PARAMETER   15  IS CONSTANT.   IGNORED.
 **********
 **   14 **FIX           16
 **********
 PARAMETER   16  IS CONSTANT.   IGNORED.
 **********
 **   15 **MIGRAD
 **********
 FIRST CALL TO USER FUNCTION AT NEW START POINT, WITH IFLAG=4.
 START MIGRAD MINIMIZATION.  STRATEGY  1.  CONVERGENCE WHEN EDM .LT. 1.00e-04
 FCN=1049.28 FROM MIGRAD    STATUS=INITIATE       83 CALLS          84 TOTAL
                     EDM= unknown      STRATEGY= 1      NO ERROR MATRIX       
  EXT PARAMETER               CURRENT GUESS       STEP         FIRST   
  NO.   NAME      VALUE            ERROR          SIZE      DERIVATIVE 
   1  N0           2.84426e+06   1.00000e+02   0.00000e+00   2.01615e-03
   2  tau          6.44047e+01   constant   
   3  A0           3.52885e-01   1.00000e-04   0.00000e+00  -3.64026e+03
   4  phi          4.11503e+00   1.00000e-02   0.00000e+00  -1.38973e+01
   5  R           -6.13016e+01   constant   
   6  A_CBO        3.43077e-03     fixed    
   7  w_CBO        2.32556e+00     fixed    
   8  phi_CBO      5.56501e+00     fixed    
   9  ANx2         6.64823e-04   constant   
  10  pNx2         9.66896e-01   constant   
  11  ANy1         0.00000e+00   constant   
  12  pNy1         0.00000e+00   constant   
  13  w_y          0.00000e+00   constant   
  14  ANy2         8.37111e-03     fixed    
  15  pNy2         5.88808e+00   constant   
  16  w_vw         1.43122e+01   constant   
  17  LM           1.40011e-04   constant   
  18  wCBO_expCoeff   2.00010e+02   1.00000e+00   0.00000e+00   4.08527e+02
  19  wCBO_expOffset   2.00000e+02   1.00000e+00   0.00000e+00   2.70757e+03
  20  wCBO_expT    3.00000e+01   1.00000e+00   0.00000e+00   7.73050e+03
  21  wCBO_linCoeff   0.00000e+00   constant   
  22  wCBO_const  -3.01587e-03   1.00000e-02  -3.01587e-03   4.65116e+03
 MIGRAD MINIMIZATION HAS CONVERGED.
 FCN=1014.23 FROM MIGRAD    STATUS=CONVERGED     290 CALLS         291 TOTAL
                     EDM=4.6552e-07    STRATEGY= 1  ERROR MATRIX UNCERTAINTY   0.2 per cent
  EXT PARAMETER                                   STEP         FIRST   
  NO.   NAME      VALUE            ERROR          SIZE      DERIVATIVE 
   1  N0           2.84393e+06   7.13042e+02  -1.83197e+00   6.91076e-07
   2  tau          6.44047e+01   constant   
   3  A0           3.53117e-01   3.35632e-04  -9.10912e-07   2.82064e+00
   4  phi          4.11456e+00   9.75874e-04   2.55230e-06   8.90312e-02
   5  R           -6.13016e+01   constant   
   6  A_CBO        3.43077e-03     fixed    
   7  w_CBO        2.32556e+00     fixed    
   8  phi_CBO      5.56501e+00     fixed    
   9  ANx2         6.64823e-04   constant   
  10  pNx2         9.66896e-01   constant   
  11  ANy1         0.00000e+00   constant   
  12  pNy1         0.00000e+00   constant   
  13  w_y          0.00000e+00   constant   
  14  ANy2         8.37111e-03     fixed    
  15  pNy2         5.88808e+00   constant   
  16  w_vw         1.43122e+01   constant   
  17  LM           1.40011e-04   constant   
  18  wCBO_expCoeff   2.00077e+02   1.02924e-02  -3.33052e-05  -1.27276e-01
  19  wCBO_expOffset   2.00010e+02   1.58830e-03  -5.46736e-06  -4.73885e-01
  20  wCBO_expT    2.99889e+01   1.64940e-03   7.86891e-06  -2.13640e+00
  21  wCBO_linCoeff   0.00000e+00   constant   
  22  wCBO_const   4.36725e-04   5.67143e-04  -4.05002e-06  -3.24954e+00
 EXTERNAL ERROR MATRIX.    NDIM=  25    NPAR=  7    ERR DEF=1
  5.084e+05 -3.553e-05 -9.179e-04  6.950e-02  1.436e-02 -7.123e-03 -1.245e-03 
 -3.553e-05  1.126e-07 -5.800e-09  2.252e-08  5.751e-09 -1.234e-08  4.670e-09 
 -9.179e-04 -5.800e-09  9.523e-07 -3.172e-07 -5.416e-08  4.589e-08 -1.102e-08 
  6.950e-02  2.252e-08 -3.172e-07  1.059e-04  9.800e-06 -1.474e-05  3.834e-06 
  1.436e-02  5.751e-09 -5.416e-08  9.800e-06  2.523e-06 -2.301e-06  6.100e-07 
 -7.123e-03 -1.234e-08  4.589e-08 -1.474e-05 -2.301e-06  2.721e-06 -7.914e-07 
 -1.245e-03  4.670e-09 -1.102e-08  3.834e-06  6.100e-07 -7.914e-07  3.217e-07 
 PARAMETER  CORRELATION COEFFICIENTS  
       NO.  GLOBAL      1      3      4     18     19     20     22
        1  0.03195   1.000 -0.000 -0.001  0.009  0.013 -0.006 -0.003
        3  0.07503  -0.000  1.000 -0.018  0.007  0.011 -0.022  0.025
        4  0.06419  -0.001 -0.018  1.000 -0.032 -0.035  0.029 -0.020
       18  0.96368   0.009  0.007 -0.032  1.000  0.599 -0.868  0.657
       19  0.96559   0.013  0.011 -0.035  0.599  1.000 -0.878  0.677
       20  0.99235  -0.006 -0.022  0.029 -0.868 -0.878  1.000 -0.846
       22  0.92417  -0.003  0.025 -0.020  0.657  0.677 -0.846  1.000
MINUIT - FIT ONLY 1-CBO + other amplitudes 
 **********
 **   16 **RES 
 **********
                   PARAMETER   14  ANy2 RESTORED TO VARIABLE.
                   PARAMETER    8  phi_CBO RESTORED TO VARIABLE.
                   PARAMETER    7  w_CBO RESTORED TO VARIABLE.
                   PARAMETER    6  A_CBO RESTORED TO VARIABLE.
 **********
 **   17 **FIX            0
 **********
 PARAMETER    0  IS UNDEFINED. IGNORED.
 **********
 **   18 **FIX            1
 **********
 **********
 **   19 **FIX            2
 **********
 PARAMETER    2  IS CONSTANT.   IGNORED.
 **********
 **   20 **FIX            3
 **********
 **********
 **   21 **FIX            4
 **********
 **********
 **   22 **FIX            9
 **********
 PARAMETER    9  IS CONSTANT.   IGNORED.
 **********
 **   23 **FIX           11
 **********
 PARAMETER   11  IS CONSTANT.   IGNORED.
 **********
 **   24 **FIX           12
 **********
 PARAMETER   12  IS CONSTANT.   IGNORED.
 **********
 **   25 **FIX           14
 **********
 **********
 **   26 **FIX           15
 **********
 PARAMETER   15  IS CONSTANT.   IGNORED.
 **********
 **   27 **FIX           16
 **********
 PARAMETER   16  IS CONSTANT.   IGNORED.
 **********
 **   28 **MIGRAD
 **********
 START MIGRAD MINIMIZATION.  STRATEGY  1.  CONVERGENCE WHEN EDM .LT. 1.00e-04
 FCN=1014.23 FROM MIGRAD    STATUS=INITIATE       22 CALLS         313 TOTAL
                     EDM= unknown      STRATEGY= 1      NO ERROR MATRIX       
  EXT PARAMETER               CURRENT GUESS       STEP         FIRST   
  NO.   NAME      VALUE            ERROR          SIZE      DERIVATIVE 
   1  N0           2.84393e+06     fixed    
   2  tau          6.44047e+01   constant   
   3  A0           3.53117e-01     fixed    
   4  phi          4.11456e+00     fixed    
   5  R           -6.13016e+01   constant   
   6  A_CBO        3.43077e-03   1.00000e-05   1.00000e-05   3.87601e+04
   7  w_CBO        2.32556e+00   1.00000e-03   1.00000e-03  -1.23087e+01
   8  phi_CBO      5.56501e+00   1.00000e-04   1.00000e-04  -2.17945e+00
   9  ANx2         6.64823e-04   constant   
  10  pNx2         9.66896e-01   constant   
  11  ANy1         0.00000e+00   constant   
  12  pNy1         0.00000e+00   constant   
  13  w_y          0.00000e+00   constant   
  14  ANy2         8.37111e-03     fixed    
  15  pNy2         5.88808e+00   constant   
  16  w_vw         1.43122e+01   constant   
  17  LM           1.40011e-04   constant   
  18  wCBO_expCoeff   2.00077e+02   1.02924e-02  -3.33052e-05  -1.27276e-01
  19  wCBO_expOffset   2.00010e+02   1.58830e-03  -5.46736e-06  -4.73885e-01
  20  wCBO_expT    2.99889e+01   1.64940e-03   7.86891e-06  -2.13640e+00
  21  wCBO_linCoeff   0.00000e+00   constant   
  22  wCBO_const   4.36725e-04   5.67143e-04  -4.05002e-06  -3.24952e+00
 MIGRAD MINIMIZATION HAS CONVERGED.
 MIGRAD WILL VERIFY CONVERGENCE AND ERROR MATRIX.
 COVARIANCE MATRIX CALCULATED SUCCESSFULLY
 FCN=967.344 FROM MIGRAD    STATUS=CONVERGED     206 CALLS         497 TOTAL
                     EDM=1.03608e-07    STRATEGY= 1      ERROR MATRIX ACCURATE 
  EXT PARAMETER                                   STEP         FIRST   
  NO.   NAME      VALUE            ERROR          SIZE      DERIVATIVE 
   1  N0           2.84393e+06     fixed    
   2  tau          6.44047e+01   constant   
   3  A0           3.53117e-01     fixed    
   4  phi          4.11456e+00     fixed    
   5  R           -6.13016e+01   constant   
   6  A_CBO        1.01650e-03   3.54760e-04   5.33987e-06  -5.69544e-02
   7  w_CBO        2.32553e+00   1.70380e-03   1.10890e-06  -1.13140e+00
   8  phi_CBO      5.60664e+00   4.11730e-01   5.26925e-03  -2.48012e-04
   9  ANx2         6.64823e-04   constant   
  10  pNx2         9.66896e-01   constant   
  11  ANy1         0.00000e+00   constant   
  12  pNy1         0.00000e+00   constant   
  13  w_y          0.00000e+00   constant   
  14  ANy2         8.37111e-03     fixed    
  15  pNy2         5.88808e+00   constant   
  16  w_vw         1.43122e+01   constant   
  17  LM           1.40011e-04   constant   
  18  wCBO_expCoeff   2.00075e+02   1.47247e-01   9.54031e-05  -1.70221e-02
  19  wCBO_expOffset   2.00010e+02   7.63407e-03   9.53722e-05  -1.14127e-01
  20  wCBO_expT    2.99896e+01   1.91213e-03   1.43002e-05  -1.58028e-01
  21  wCBO_linCoeff   0.00000e+00   constant   
  22  wCBO_const   2.18286e-04   9.33504e-04   4.08276e-06   7.71551e-01
 EXTERNAL ERROR MATRIX.    NDIM=  25    NPAR=  7    ERR DEF=1
  1.259e-07  1.028e-08  2.616e-06  1.337e-06 -2.850e-07 -3.703e-08  1.176e-08 
  1.028e-08  2.903e-06 -3.710e-07 -2.331e-04 -2.034e-06 -2.485e-07 -1.194e-06 
  2.616e-06 -3.710e-07  1.695e-01  6.560e-05 -9.314e-05  4.766e-05  6.061e-05 
  1.337e-06 -2.331e-04  6.560e-05  2.168e-02 -2.070e-04 -1.968e-05  1.044e-04 
 -2.850e-07 -2.034e-06 -9.314e-05 -2.070e-04  5.828e-05 -3.951e-07  8.364e-07 
 -3.703e-08 -2.485e-07  4.766e-05 -1.968e-05 -3.951e-07  3.656e-06 -7.389e-07 
  1.176e-08 -1.194e-06  6.061e-05  1.044e-04  8.364e-07 -7.389e-07  8.714e-07 
 PARAMETER  CORRELATION COEFFICIENTS  
       NO.  GLOBAL      6      7      8     18     19     20     22
        6  0.13619   1.000  0.017  0.018  0.026 -0.105 -0.055  0.036
        7  0.99974   0.017  1.000 -0.001 -0.929 -0.156 -0.076 -0.751
        8  0.54118   0.018 -0.001  1.000  0.001 -0.030  0.061  0.158
       18  0.99972   0.026 -0.929  0.001  1.000 -0.184 -0.070  0.760
       19  0.99766  -0.105 -0.156 -0.030 -0.184  1.000 -0.027  0.117
       20  0.99205  -0.055 -0.076  0.061 -0.070 -0.027  1.000 -0.414
       22  0.95770   0.036 -0.751  0.158  0.760  0.117 -0.414  1.000
MINUIT - FIT ONLY 1-CBO
 **********
 **   29 **RES 
 **********
                   PARAMETER   14  ANy2 RESTORED TO VARIABLE.
                   PARAMETER    4  phi RESTORED TO VARIABLE.
                   PARAMETER    3  A0 RESTORED TO VARIABLE.
                   PARAMETER    1  N0 RESTORED TO VARIABLE.
 **********
 **   30 **FIX            0
 **********
 PARAMETER    0  IS UNDEFINED. IGNORED.
 **********
 **   31 **FIX            1
 **********
 **********
 **   32 **FIX            2
 **********
 PARAMETER    2  IS CONSTANT.   IGNORED.
 **********
 **   33 **FIX            3
 **********
 **********
 **   34 **FIX            4
 **********
 **********
 **   35 **FIX            8
 **********
 **********
 **   36 **FIX            9
 **********
 PARAMETER    9  IS CONSTANT.   IGNORED.
 **********
 **   37 **FIX           11
 **********
 PARAMETER   11  IS CONSTANT.   IGNORED.
 **********
 **   38 **FIX           12
 **********
 PARAMETER   12  IS CONSTANT.   IGNORED.
 **********
 **   39 **FIX           13
 **********
 PARAMETER   13  IS CONSTANT.   IGNORED.
 **********
 **   40 **FIX           15
 **********
 PARAMETER   15  IS CONSTANT.   IGNORED.
 **********
 **   41 **FIX           16
 **********
 PARAMETER   16  IS CONSTANT.   IGNORED.
 **********
 **   42 **MIGRAD
 **********
 START MIGRAD MINIMIZATION.  STRATEGY  1.  CONVERGENCE WHEN EDM .LT. 1.00e-04
 FCN=967.344 FROM MIGRAD    STATUS=INITIATE       16 CALLS         513 TOTAL
                     EDM= unknown      STRATEGY= 1      NO ERROR MATRIX       
  EXT PARAMETER               CURRENT GUESS       STEP         FIRST   
  NO.   NAME      VALUE            ERROR          SIZE      DERIVATIVE 
   1  N0           2.84393e+06     fixed    
   2  tau          6.44047e+01   constant   
   3  A0           3.53117e-01     fixed    
   4  phi          4.11456e+00     fixed    
   5  R           -6.13016e+01   constant   
   6  A_CBO        1.01650e-03   3.54760e-04   5.33987e-06  -5.69553e-02
   7  w_CBO        2.32553e+00   1.70380e-03   1.10890e-06  -1.15674e+00
   8  phi_CBO      5.60664e+00     fixed    
   9  ANx2         6.64823e-04   constant   
  10  pNx2         9.66896e-01   constant   
  11  ANy1         0.00000e+00   constant   
  12  pNy1         0.00000e+00   constant   
  13  w_y          0.00000e+00   constant   
  14  ANy2         8.37111e-03   1.00000e-04   1.00000e-04   1.36180e+05
  15  pNy2         5.88808e+00   constant   
  16  w_vw         1.43122e+01   constant   
  17  LM           1.40011e-04   constant   
  18  wCBO_expCoeff   2.00075e+02   1.47247e-01   9.54031e-05  -1.73531e-02
  19  wCBO_expOffset   2.00010e+02   7.63407e-03   9.53722e-05  -2.42411e-01
  20  wCBO_expT    2.99896e+01   1.91213e-03   1.43002e-05  -1.00161e-01
  21  wCBO_linCoeff   0.00000e+00   constant   
  22  wCBO_const   2.18286e-04   9.33504e-04   4.08276e-06   7.59405e-01
 MIGRAD MINIMIZATION HAS CONVERGED.
 MIGRAD WILL VERIFY CONVERGENCE AND ERROR MATRIX.
 COVARIANCE MATRIX CALCULATED SUCCESSFULLY
 FCN=389.978 FROM MIGRAD    STATUS=CONVERGED     203 CALLS         700 TOTAL
                     EDM=2.98532e-06    STRATEGY= 1      ERROR MATRIX ACCURATE 
  EXT PARAMETER                                   STEP         FIRST   
  NO.   NAME      VALUE            ERROR          SIZE      DERIVATIVE 
   1  N0           2.84393e+06     fixed    
   2  tau          6.44047e+01   constant   
   3  A0           3.53117e-01     fixed    
   4  phi          4.11456e+00     fixed    
   5  R           -6.13016e+01   constant   
   6  A_CBO        6.14424e-04   3.55454e-04   3.39756e-06   9.65226e-01
   7  w_CBO        2.32557e+00   5.84818e-04   1.10892e-06   2.73230e+00
   8  phi_CBO      5.60664e+00     fixed    
   9  ANx2         6.64823e-04   constant   
  10  pNx2         9.66896e-01   constant   
  11  ANy1         0.00000e+00   constant   
  12  pNy1         0.00000e+00   constant   
  13  w_y          0.00000e+00   constant   
  14  ANy2        -1.08685e-04   3.52879e-04   3.39585e-06   6.50164e-01
  15  pNy2         5.88808e+00   constant   
  16  w_vw         1.43122e+01   constant   
  17  LM           1.40011e-04   constant   
  18  wCBO_expCoeff   2.00079e+02   5.08295e-02   9.54052e-05   3.09027e-02
  19  wCBO_expOffset   2.00011e+02   3.72829e-03   9.53725e-05   1.87467e-01
  20  wCBO_expT    2.99892e+01   2.01619e-03   1.43000e-05  -7.81416e-01
  21  wCBO_linCoeff   0.00000e+00   constant   
  22  wCBO_const  -3.94016e-04   7.01340e-04   3.37344e-06   1.72533e-01
 EXTERNAL ERROR MATRIX.    NDIM=  25    NPAR=  7    ERR DEF=1
  1.263e-07  3.651e-09  3.190e-09  3.743e-07 -2.725e-08 -1.874e-08 -1.967e-08 
  3.651e-09  3.420e-07 -1.002e-09 -2.327e-05 -4.541e-07 -2.464e-07 -1.041e-07 
  3.190e-09 -1.002e-09  1.245e-07 -8.895e-08 -9.645e-09  8.377e-09  1.152e-08 
  3.743e-07 -2.327e-05 -8.895e-08  2.584e-03 -4.339e-05 -2.307e-05  1.403e-05 
 -2.725e-08 -4.541e-07 -9.645e-09 -4.339e-05  1.390e-05 -6.891e-07  2.775e-07 
 -1.874e-08 -2.464e-07  8.377e-09 -2.307e-05 -6.891e-07  4.065e-06 -7.882e-07 
 -1.967e-08 -1.041e-07  1.152e-08  1.403e-05  2.775e-07 -7.882e-07  4.919e-07 
 PARAMETER  CORRELATION COEFFICIENTS  
       NO.  GLOBAL      6      7     14     18     19     20     22
        6  0.14094   1.000  0.018  0.025  0.021 -0.021 -0.026 -0.079
        7  0.99659   0.018  1.000 -0.005 -0.783 -0.208 -0.209 -0.254
       14  0.08085   0.025 -0.005  1.000 -0.005 -0.007  0.012  0.047
       18  0.99634   0.021 -0.783 -0.005  1.000 -0.229 -0.225  0.394
       19  0.98462  -0.021 -0.208 -0.007 -0.229  1.000 -0.092  0.106
       20  0.98856  -0.026 -0.209  0.012 -0.225 -0.092  1.000 -0.557
       22  0.86730  -0.079 -0.254  0.047  0.394  0.106 -0.557  1.000
MINUIT - FIT ONLY 2-CBO
 **********
 **   43 **RES 
 **********
                   PARAMETER    8  phi_CBO RESTORED TO VARIABLE.
                   PARAMETER    4  phi RESTORED TO VARIABLE.
                   PARAMETER    3  A0 RESTORED TO VARIABLE.
                   PARAMETER    1  N0 RESTORED TO VARIABLE.
 **********
 **   44 **FIX            0
 **********
 PARAMETER    0  IS UNDEFINED. IGNORED.
 **********
 **   45 **FIX            1
 **********
 **********
 **   46 **FIX            2
 **********
 PARAMETER    2  IS CONSTANT.   IGNORED.
 **********
 **   47 **FIX            3
 **********
 **********
 **   48 **FIX            4
 **********
 **********
 **   49 **FIX            5
 **********
 PARAMETER    5  IS CONSTANT.   IGNORED.
 **********
 **   50 **FIX            6
 **********
 **********
 **   51 **FIX            7
 **********
 **********
 **   52 **FIX           10
 **********
 PARAMETER   10  IS CONSTANT.   IGNORED.
 **********
 **   53 **FIX           11
 **********
 PARAMETER   11  IS CONSTANT.   IGNORED.
 **********
 **   54 **FIX           12
 **********
 PARAMETER   12  IS CONSTANT.   IGNORED.
 **********
 **   55 **FIX           13
 **********
 PARAMETER   13  IS CONSTANT.   IGNORED.
 **********
 **   56 **FIX           14
 **********
 **********
 **   57 **FIX           15
 **********
 PARAMETER   15  IS CONSTANT.   IGNORED.
 **********
 **   58 **FIX           16
 **********
 PARAMETER   16  IS CONSTANT.   IGNORED.
 **********
 **   59 **MIGRAD
 **********
 START MIGRAD MINIMIZATION.  STRATEGY  1.  CONVERGENCE WHEN EDM .LT. 1.00e-04
 FCN=389.978 FROM MIGRAD    STATUS=INITIATE       12 CALLS         712 TOTAL
                     EDM= unknown      STRATEGY= 1      NO ERROR MATRIX       
  EXT PARAMETER               CURRENT GUESS       STEP         FIRST   
  NO.   NAME      VALUE            ERROR          SIZE      DERIVATIVE 
   1  N0           2.84393e+06     fixed    
   2  tau          6.44047e+01   constant   
   3  A0           3.53117e-01     fixed    
   4  phi          4.11456e+00     fixed    
   5  R           -6.13016e+01   constant   
   6  A_CBO        6.14424e-04     fixed    
   7  w_CBO        2.32557e+00     fixed    
   8  phi_CBO      5.60664e+00   4.11730e-01   4.11730e-01  -5.10371e-01
   9  ANx2         6.64823e-04   constant   
  10  pNx2         9.66896e-01   constant   
  11  ANy1         0.00000e+00   constant   
  12  pNy1         0.00000e+00   constant   
  13  w_y          0.00000e+00   constant   
  14  ANy2        -1.08685e-04     fixed    
  15  pNy2         5.88808e+00   constant   
  16  w_vw         1.43122e+01   constant   
  17  LM           1.40011e-04   constant   
  18  wCBO_expCoeff   2.00079e+02   5.08295e-02   9.54052e-05   2.45163e-02
  19  wCBO_expOffset   2.00011e+02   3.72829e-03   9.53725e-05  -1.70341e+00
  20  wCBO_expT    2.99892e+01   2.01619e-03   1.43000e-05  -1.02707e+00
  21  wCBO_linCoeff   0.00000e+00   constant   
  22  wCBO_const  -3.94016e-04   7.01340e-04   3.37344e-06   1.71127e-01
 MIGRAD MINIMIZATION HAS CONVERGED.
 MIGRAD WILL VERIFY CONVERGENCE AND ERROR MATRIX.
 COVARIANCE MATRIX CALCULATED SUCCESSFULLY
 FCN=389.95 FROM MIGRAD    STATUS=CONVERGED     107 CALLS         807 TOTAL
                     EDM=1.34162e-05    STRATEGY= 1      ERROR MATRIX ACCURATE 
  EXT PARAMETER                                   STEP         FIRST   
  NO.   NAME      VALUE            ERROR          SIZE      DERIVATIVE 
   1  N0           2.84393e+06     fixed    
   2  tau          6.44047e+01   constant   
   3  A0           3.53117e-01     fixed    
   4  phi          4.11456e+00     fixed    
   5  R           -6.13016e+01   constant   
   6  A_CBO        6.14424e-04     fixed    
   7  w_CBO        2.32557e+00     fixed    
   8  phi_CBO      5.71374e+00   6.43582e-01   5.49970e-03  -6.98364e-03
   9  ANx2         6.64823e-04   constant   
  10  pNx2         9.66896e-01   constant   
  11  ANy1         0.00000e+00   constant   
  12  pNy1         0.00000e+00   constant   
  13  w_y          0.00000e+00   constant   
  14  ANy2        -1.08685e-04     fixed    
  15  pNy2         5.88808e+00   constant   
  16  w_vw         1.43122e+01   constant   
  17  LM           1.40011e-04   constant   
  18  wCBO_expCoeff   2.00079e+02   3.02818e-02   9.54049e-05   6.92330e-01
  19  wCBO_expOffset   2.00011e+02   3.42823e-03   9.53725e-05   4.60934e+00
  20  wCBO_expT    2.99893e+01   1.93871e-03   1.43000e-05   1.01086e+01
  21  wCBO_linCoeff   0.00000e+00   constant   
  22  wCBO_const  -3.93894e-04   6.65821e-04   3.36622e-06   1.16743e+01
 EXTERNAL ERROR MATRIX.    NDIM=  25    NPAR=  5    ERR DEF=1
  4.142e-01 -2.339e-03  1.988e-05  2.281e-04  2.511e-05 
 -2.339e-03  9.170e-04 -6.493e-05 -3.848e-05  6.340e-06 
  1.988e-05 -6.493e-05  1.175e-05 -9.345e-07  1.258e-07 
  2.281e-04 -3.848e-05 -9.345e-07  3.759e-06 -7.969e-07 
  2.511e-05  6.340e-06  1.258e-07 -7.969e-07  4.433e-07 
 PARAMETER  CORRELATION COEFFICIENTS  
       NO.  GLOBAL      8     18     19     20     22
        8  0.46484   1.000 -0.120  0.009  0.183  0.059
       18  0.98957  -0.120  1.000 -0.625 -0.655  0.314
       19  0.98163   0.009 -0.625  1.000 -0.141  0.055
       20  0.98754   0.183 -0.655 -0.141  1.000 -0.617
       22  0.85192   0.059  0.314  0.055 -0.617  1.000
MINUIT - FIT ONLY 1-y
 **********
 **   60 **RES 
 **********
                   PARAMETER   14  ANy2 RESTORED TO VARIABLE.
                   PARAMETER    7  w_CBO RESTORED TO VARIABLE.
                   PARAMETER    6  A_CBO RESTORED TO VARIABLE.
                   PARAMETER    4  phi RESTORED TO VARIABLE.
                   PARAMETER    3  A0 RESTORED TO VARIABLE.
                   PARAMETER    1  N0 RESTORED TO VARIABLE.
 **********
 **   61 **FIX            0
 **********
 PARAMETER    0  IS UNDEFINED. IGNORED.
 **********
 **   62 **FIX            1
 **********
 **********
 **   63 **FIX            2
 **********
 PARAMETER    2  IS CONSTANT.   IGNORED.
 **********
 **   64 **FIX            3
 **********
 **********
 **   65 **FIX            4
 **********
 **********
 **   66 **FIX            5
 **********
 PARAMETER    5  IS CONSTANT.   IGNORED.
 **********
 **   67 **FIX            6
 **********
 **********
 **   68 **FIX            7
 **********
 **********
 **   69 **FIX            8
 **********
 **********
 **   70 **FIX            9
 **********
 PARAMETER    9  IS CONSTANT.   IGNORED.
 **********
 **   71 **FIX           13
 **********
 PARAMETER   13  IS CONSTANT.   IGNORED.
 **********
 **   72 **FIX           14
 **********
 **********
 **   73 **FIX           15
 **********
 PARAMETER   15  IS CONSTANT.   IGNORED.
 **********
 **   74 **FIX           16
 **********
 PARAMETER   16  IS CONSTANT.   IGNORED.
 **********
 **   75 **MIGRAD
 **********
 START MIGRAD MINIMIZATION.  STRATEGY  1.  CONVERGENCE WHEN EDM .LT. 1.00e-04
 FCN=389.95 FROM MIGRAD    STATUS=INITIATE        8 CALLS         815 TOTAL
                     EDM= unknown      STRATEGY= 1      NO ERROR MATRIX       
  EXT PARAMETER               CURRENT GUESS       STEP         FIRST   
  NO.   NAME      VALUE            ERROR          SIZE      DERIVATIVE 
   1  N0           2.84393e+06     fixed    
   2  tau          6.44047e+01   constant   
   3  A0           3.53117e-01     fixed    
   4  phi          4.11456e+00     fixed    
   5  R           -6.13016e+01   constant   
   6  A_CBO        6.14424e-04     fixed    
   7  w_CBO        2.32557e+00     fixed    
   8  phi_CBO      5.71374e+00     fixed    
   9  ANx2         6.64823e-04   constant   
  10  pNx2         9.66896e-01   constant   
  11  ANy1         0.00000e+00   constant   
  12  pNy1         0.00000e+00   constant   
  13  w_y          0.00000e+00   constant   
  14  ANy2        -1.08685e-04     fixed    
  15  pNy2         5.88808e+00   constant   
  16  w_vw         1.43122e+01   constant   
  17  LM           1.40011e-04   constant   
  18  wCBO_expCoeff   2.00079e+02   3.02818e-02   9.54049e-05   6.86756e-01
  19  wCBO_expOffset   2.00011e+02   3.42823e-03   9.53725e-05   2.43035e+00
  20  wCBO_expT    2.99893e+01   1.93871e-03   1.43000e-05   9.87740e+00
  21  wCBO_linCoeff   0.00000e+00   constant   
  22  wCBO_const  -3.93894e-04   6.65821e-04   3.36622e-06   1.16717e+01
 MIGRAD MINIMIZATION HAS CONVERGED.
 MIGRAD WILL VERIFY CONVERGENCE AND ERROR MATRIX.
 COVARIANCE MATRIX CALCULATED SUCCESSFULLY
 FCN=389.95 FROM MIGRAD    STATUS=CONVERGED      47 CALLS         854 TOTAL
                     EDM=2.69972e-06    STRATEGY= 1      ERROR MATRIX ACCURATE 
  EXT PARAMETER                                   STEP         FIRST   
  NO.   NAME      VALUE            ERROR          SIZE      DERIVATIVE 
   1  N0           2.84393e+06     fixed    
   2  tau          6.44047e+01   constant   
   3  A0           3.53117e-01     fixed    
   4  phi          4.11456e+00     fixed    
   5  R           -6.13016e+01   constant   
   6  A_CBO        6.14424e-04     fixed    
   7  w_CBO        2.32557e+00     fixed    
   8  phi_CBO      5.71374e+00     fixed    
   9  ANx2         6.64823e-04   constant   
  10  pNx2         9.66896e-01   constant   
  11  ANy1         0.00000e+00   constant   
  12  pNy1         0.00000e+00   constant   
  13  w_y          0.00000e+00   constant   
  14  ANy2        -1.08685e-04     fixed    
  15  pNy2         5.88808e+00   constant   
  16  w_vw         1.43122e+01   constant   
  17  LM           1.40011e-04   constant   
  18  wCBO_expCoeff   2.00079e+02   3.01027e-02   9.54049e-05  -8.10421e-02
  19  wCBO_expOffset   2.00011e+02   3.43404e-03   9.53725e-05  -5.62150e-01
  20  wCBO_expT    2.99893e+01   1.90758e-03   1.43000e-05  -1.20015e+00
  21  wCBO_linCoeff   0.00000e+00   constant   
  22  wCBO_const  -3.94122e-04   6.64895e-04   3.36629e-06   2.59327e+00
 EXTERNAL ERROR MATRIX.    NDIM=  25    NPAR=  4    ERR DEF=1
  9.062e-04 -6.507e-05 -3.725e-05  6.496e-06 
 -6.507e-05  1.179e-05 -9.469e-07  1.248e-07 
 -3.725e-05 -9.469e-07  3.639e-06 -8.120e-07 
  6.496e-06  1.248e-07 -8.120e-07  4.421e-07 
 PARAMETER  CORRELATION COEFFICIENTS  
       NO.  GLOBAL     18     19     20     22
       18  0.98945   1.000 -0.629 -0.649  0.325
       19  0.98170  -0.629  1.000 -0.145  0.055
       20  0.98713  -0.649 -0.145  1.000 -0.640
       22  0.85148   0.325  0.055 -0.640  1.000
MINUIT - FIT ONLY 2-y
 **********
 **   76 **RES 
 **********
                   PARAMETER   14  ANy2 RESTORED TO VARIABLE.
                   PARAMETER    8  phi_CBO RESTORED TO VARIABLE.
                   PARAMETER    7  w_CBO RESTORED TO VARIABLE.
                   PARAMETER    6  A_CBO RESTORED TO VARIABLE.
                   PARAMETER    4  phi RESTORED TO VARIABLE.
                   PARAMETER    3  A0 RESTORED TO VARIABLE.
                   PARAMETER    1  N0 RESTORED TO VARIABLE.
 **********
 **   77 **FIX            0
 **********
 PARAMETER    0  IS UNDEFINED. IGNORED.
 **********
 **   78 **FIX            1
 **********
 **********
 **   79 **FIX            2
 **********
 PARAMETER    2  IS CONSTANT.   IGNORED.
 **********
 **   80 **FIX            3
 **********
 **********
 **   81 **FIX            4
 **********
 **********
 **   82 **FIX            5
 **********
 PARAMETER    5  IS CONSTANT.   IGNORED.
 **********
 **   83 **FIX            6
 **********
 **********
 **   84 **FIX            7
 **********
 **********
 **   85 **FIX            8
 **********
 **********
 **   86 **FIX            9
 **********
 PARAMETER    9  IS CONSTANT.   IGNORED.
 **********
 **   87 **FIX           10
 **********
 PARAMETER   10  IS CONSTANT.   IGNORED.
 **********
 **   88 **FIX           11
 **********
 PARAMETER   11  IS CONSTANT.   IGNORED.
 **********
 **   89 **FIX           12
 **********
 PARAMETER   12  IS CONSTANT.   IGNORED.
 **********
 **   90 **FIX           16
 **********
 PARAMETER   16  IS CONSTANT.   IGNORED.
 **********
 **   91 **MIGRAD
 **********
 START MIGRAD MINIMIZATION.  STRATEGY  1.  CONVERGENCE WHEN EDM .LT. 1.00e-04
 FCN=389.95 FROM MIGRAD    STATUS=INITIATE       10 CALLS         864 TOTAL
                     EDM= unknown      STRATEGY= 1      NO ERROR MATRIX       
  EXT PARAMETER               CURRENT GUESS       STEP         FIRST   
  NO.   NAME      VALUE            ERROR          SIZE      DERIVATIVE 
   1  N0           2.84393e+06     fixed    
   2  tau          6.44047e+01   constant   
   3  A0           3.53117e-01     fixed    
   4  phi          4.11456e+00     fixed    
   5  R           -6.13016e+01   constant   
   6  A_CBO        6.14424e-04     fixed    
   7  w_CBO        2.32557e+00     fixed    
   8  phi_CBO      5.71374e+00     fixed    
   9  ANx2         6.64823e-04   constant   
  10  pNx2         9.66896e-01   constant   
  11  ANy1         0.00000e+00   constant   
  12  pNy1         0.00000e+00   constant   
  13  w_y          0.00000e+00   constant   
  14  ANy2        -1.08685e-04   3.52879e-04   3.52879e-04   1.69212e+01
  15  pNy2         5.88808e+00   constant   
  16  w_vw         1.43122e+01   constant   
  17  LM           1.40011e-04   constant   
  18  wCBO_expCoeff   2.00079e+02   3.01027e-02   9.54049e-05  -8.83703e-02
  19  wCBO_expOffset   2.00011e+02   3.43404e-03   9.53725e-05  -2.73235e+00
  20  wCBO_expT    2.99893e+01   1.90758e-03   1.43000e-05  -1.50364e+00
  21  wCBO_linCoeff   0.00000e+00   constant   
  22  wCBO_const  -3.94122e-04   6.64895e-04   3.36629e-06   2.59070e+00
 MIGRAD MINIMIZATION HAS CONVERGED.
 MIGRAD WILL VERIFY CONVERGENCE AND ERROR MATRIX.
 COVARIANCE MATRIX CALCULATED SUCCESSFULLY
 FCN=389.95 FROM MIGRAD    STATUS=CONVERGED      55 CALLS         909 TOTAL
                     EDM=3.53565e-06    STRATEGY= 1      ERROR MATRIX ACCURATE 
  EXT PARAMETER                                   STEP         FIRST   
  NO.   NAME      VALUE            ERROR          SIZE      DERIVATIVE 
   1  N0           2.84393e+06     fixed    
   2  tau          6.44047e+01   constant   
   3  A0           3.53117e-01     fixed    
   4  phi          4.11456e+00     fixed    
   5  R           -6.13016e+01   constant   
   6  A_CBO        6.14424e-04     fixed    
   7  w_CBO        2.32557e+00     fixed    
   8  phi_CBO      5.71374e+00     fixed    
   9  ANx2         6.64823e-04   constant   
  10  pNx2         9.66896e-01   constant   
  11  ANy1         0.00000e+00   constant   
  12  pNy1         0.00000e+00   constant   
  13  w_y          0.00000e+00   constant   
  14  ANy2        -1.09731e-04   3.52771e-04   3.39573e-06   1.98877e-01
  15  pNy2         5.88808e+00   constant   
  16  w_vw         1.43122e+01   constant   
  17  LM           1.40011e-04   constant   
  18  wCBO_expCoeff   2.00079e+02   3.00822e-02   9.54049e-05   3.47014e-01
  19  wCBO_expOffset   2.00011e+02   3.43053e-03   9.53725e-05   2.30552e+00
  20  wCBO_expT    2.99893e+01   1.90679e-03   1.43000e-05   4.78370e+00
  21  wCBO_linCoeff   0.00000e+00   constant   
  22  wCBO_const  -3.94279e-04   6.65655e-04   3.36614e-06   6.30806e+00
 EXTERNAL ERROR MATRIX.    NDIM=  25    NPAR=  5    ERR DEF=1
  1.244e-07 -1.597e-07 -9.799e-09  6.477e-09  1.208e-08 
 -1.597e-07  9.049e-04 -6.490e-05 -3.722e-05  6.473e-06 
 -9.799e-09 -6.490e-05  1.177e-05 -9.466e-07  1.237e-07 
  6.477e-09 -3.722e-05 -9.466e-07  3.636e-06 -8.106e-07 
  1.208e-08  6.473e-06  1.237e-07 -8.106e-07  4.431e-07 
 PARAMETER  CORRELATION COEFFICIENTS  
       NO.  GLOBAL     14     18     19     20     22
       14  0.07696   1.000 -0.015 -0.008  0.010  0.051
       18  0.98943  -0.015  1.000 -0.629 -0.649  0.323
       19  0.98166  -0.008 -0.629  1.000 -0.145  0.054
       20  0.98712   0.010 -0.649 -0.145  1.000 -0.639
       22  0.85184   0.051  0.323  0.054 -0.639  1.000
MINUIT - FIT ALTOGETHER
 **********
 **   92 **RES 
 **********
                   PARAMETER    8  phi_CBO RESTORED TO VARIABLE.
                   PARAMETER    7  w_CBO RESTORED TO VARIABLE.
                   PARAMETER    6  A_CBO RESTORED TO VARIABLE.
                   PARAMETER    4  phi RESTORED TO VARIABLE.
                   PARAMETER    3  A0 RESTORED TO VARIABLE.
                   PARAMETER    1  N0 RESTORED TO VARIABLE.
 **********
 **   93 **MIGRAD
 **********
 START MIGRAD MINIMIZATION.  STRATEGY  1.  CONVERGENCE WHEN EDM .LT. 1.00e-04
 FCN=389.95 FROM MIGRAD    STATUS=INITIATE       22 CALLS         931 TOTAL
                     EDM= unknown      STRATEGY= 1      NO ERROR MATRIX       
  EXT PARAMETER               CURRENT GUESS       STEP         FIRST   
  NO.   NAME      VALUE            ERROR          SIZE      DERIVATIVE 
   1  N0           2.84393e+06   7.13042e+02   7.13042e+02  -1.00720e-05
   2  tau          6.44047e+01   constant   
   3  A0           3.53117e-01   3.35632e-04   3.35632e-04   1.16820e+03
   4  phi          4.11456e+00   9.75874e-04   9.75874e-04  -1.61399e+03
   5  R           -6.13016e+01   constant   
   6  A_CBO        6.14424e-04   3.55454e-04   3.55454e-04  -5.73161e+01
   7  w_CBO        2.32557e+00   5.84818e-04   5.84818e-04   3.20252e+01
   8  phi_CBO      5.71374e+00   6.43582e-01   6.43582e-01  -5.75421e-03
   9  ANx2         6.64823e-04   constant   
  10  pNx2         9.66896e-01   constant   
  11  ANy1         0.00000e+00   constant   
  12  pNy1         0.00000e+00   constant   
  13  w_y          0.00000e+00   constant   
  14  ANy2        -1.09731e-04   3.52771e-04   3.39573e-06   1.98877e-01
  15  pNy2         5.88808e+00   constant   
  16  w_vw         1.43122e+01   constant   
  17  LM           1.40011e-04   constant   
  18  wCBO_expCoeff   2.00079e+02   3.00822e-02   9.54049e-05   3.41449e-01
  19  wCBO_expOffset   2.00011e+02   3.43053e-03   9.53725e-05   1.29952e-01
