 + ++++++++++++++++++++++++++++++++++++++++++++++++++++++++++++++++++++ +
 +                                                                      +
 +           You have chose to blind your fitting according to          +
 +                omega_ref * (1 + (R +/- deltaR) *10^{-6})             +
 +                                                                      +
 + ++++++++++++++++++++++++++++++++++++++++++++++++++++++++++++++++++++ +
In main()...
reading format from /gm2data/zkhechad/run45/envelope/formats/formatB_sBin_constraintOn.txt
pBinTau 	= 0  
pBinPhi 	= 0  
constraintau 	= 1 
includeMopTerm 	= 0    
constrainMop    = 0   
Parameters after format file: pBinTau 0 pBinPhi 0 constraintau 1 includeMopTerm 0 constrainMop 0 c_e_scale 0.000000 
reading cbo reference file (full fit) from /gm2data/zkhechad/cboTemplates/Run4CBOTemplates/fullFits/run4/sBin_constraintOn_cE0.0_seed0_run4_calo1.root
A_CBO 0.008450 w_CBO 2.327583 phi_CBO 2.512904 N0 3416164.907261 R -60.829491 tau 64.397625 
Reading cboRef file /gm2data/zkhechad/cboTemplates/Run4CBOTemplates//cboIsolate/run4_calo1.root
deltaT 164.120000
windowBins = 1100
fitting sliding window 1360 from bin 1563 at 233.199600 to bin 2663 at 397.319600 (1100 bins)

Reading data from /gm2data/cornell/histograms/aMethod/histogram_a_run4.root
fitting cbo isolate
 **********
 **    1 **SET PRINTOUT            1
 **********
 **********
 **    2 **SET NOWARNINGS 
 **********
 PARAMETER DEFINITIONS:
    NO.   NAME         VALUE      STEP SIZE      LIMITS
     1 A_CBO        8.44960e-03  1.00000e-05     no limits
     2 w_CBO        2.32758e+00  1.00000e-02    2.00000e+00  3.00000e+00
     3 phi_CBO      2.51290e+00  1.00000e-02    0.00000e+00  6.28319e+00
 **********
 **    3 **MIGRAD
 **********
 FIRST CALL TO USER FUNCTION AT NEW START POINT, WITH IFLAG=4.
 START MIGRAD MINIMIZATION.  STRATEGY  1.  CONVERGENCE WHEN EDM .LT. 1.00e-04
 FCN=0.041228 FROM MIGRAD    STATUS=INITIATE       12 CALLS          13 TOTAL
                     EDM= unknown      STRATEGY= 1      NO ERROR MATRIX       
  EXT PARAMETER               CURRENT GUESS       STEP         FIRST   
  NO.   NAME      VALUE            ERROR          SIZE      DERIVATIVE 
   1  A_CBO        8.44960e-03   1.00000e-05   1.00000e-05   5.90304e+00
   2  w_CBO        2.32758e+00   1.00000e-02   2.13091e-02   1.18698e+00
   3  phi_CBO      2.51290e+00   1.00000e-02   3.24882e-03  -2.25407e-02
 MIGRAD MINIMIZATION HAS CONVERGED.
 MIGRAD WILL VERIFY CONVERGENCE AND ERROR MATRIX.
 COVARIANCE MATRIX CALCULATED SUCCESSFULLY
 FCN=0.0250105 FROM HESSE     STATUS=OK             16 CALLS          59 TOTAL
                     EDM=0.000103891    STRATEGY= 1      ERROR MATRIX ACCURATE 
  EXT PARAMETER                                   STEP         FIRST   
  NO.   NAME      VALUE            ERROR          SIZE      DERIVATIVE 
   1  A_CBO        3.19292e-03   4.32778e-02   2.10601e-05  -6.17117e-03
   2  w_CBO        2.32711e+00   2.56827e-01   4.55392e-05   2.80855e-02
   3  phi_CBO      2.62257e+00   3.15553e+00   2.19243e-03   1.46923e-04
 MIGRAD MINIMIZATION HAS CONVERGED.
 FCN=0.024915 FROM MIGRAD    STATUS=CONVERGED      66 CALLS          67 TOTAL
                     EDM=4.3658e-06    STRATEGY= 1  ERROR MATRIX UNCERTAINTY   1.4 per cent
  EXT PARAMETER                                   STEP         FIRST   
  NO.   NAME      VALUE            ERROR          SIZE      DERIVATIVE 
   1  A_CBO        3.26830e-03   4.23004e-02   7.53877e-05   4.70363e-02
   2  w_CBO        2.32460e+00   2.44213e-01  -5.35438e-03  -4.03423e-02
   3  phi_CBO      1.85346e+00   3.43756e+00  -2.56510e-01   8.23766e-04
 EXTERNAL ERROR MATRIX.    NDIM=  25    NPAR=  3    ERR DEF=1
  1.789e-03 -8.023e-04 -2.611e-01 
 -8.023e-04  6.600e-02  1.979e+01 
 -2.611e-01  1.979e+01  6.079e+03 
 PARAMETER  CORRELATION COEFFICIENTS  
       NO.  GLOBAL      1      2      3
        1  0.08409   1.000 -0.074 -0.079
        2  0.98795  -0.074  1.000  0.988
        3  0.98796  -0.079  0.988  1.000
setting A_CBO=0.003268 w_CBO=2.324602, phi_CBO=1.853465
done fitting cbo isolate
 **********
 **    1 **SET PRINTOUT            1
 **********
 **********
 **    2 **SET NOWARNINGS 
 **********
 PARAMETER DEFINITIONS:
    NO.   NAME         VALUE      STEP SIZE      LIMITS
     1 N0           3.41616e+06  1.00000e+02     no limits
     2 tau          6.43976e+01  constant
     3 A0           3.54950e-01  1.00000e-04     no limits
     4 phi          4.12292e+00  1.00000e-02     no limits
     5 R           -6.08295e+01  constant
     6 A_CBO        3.26830e-03  1.00000e-05     no limits
     7 w_CBO        2.32460e+00  1.00000e-03     no limits
     8 phi_CBO      1.85346e+00  1.00000e-04     no limits
     9 ANx2         2.24467e-04  constant
    10 pNx2         2.31915e+00  constant
    11 ANy1         0.00000e+00  constant
    12 pNy1         0.00000e+00  constant
    13 w_y          0.00000e+00  constant
    14 ANy2         1.49899e-02  1.00000e-04     no limits
    15 pNy2         4.64502e+00  constant
    16 w_vw         1.43138e+01  constant
    17 LM          -1.76320e-04  constant
    18 wCBO_expCoeff   2.00000e+02  1.00000e+00     no limits
    19 wCBO_expOffset   2.00000e+02  1.00000e+00     no limits
    20 wCBO_expT    3.00000e+01  1.00000e+00     no limits
    21 wCBO_linCoeff   0.00000e+00  constant
    22 wCBO_const   0.00000e+00  1.00000e-02     no limits
MINUIT - FIT ONLY WIGGLE
 **********
 **    3 **FIX            5
 **********
 PARAMETER    5  IS CONSTANT.   IGNORED.
 **********
 **    4 **FIX            6
 **********
 **********
 **    5 **FIX            7
 **********
 **********
 **    6 **FIX            8
 **********
 **********
 **    7 **FIX            9
 **********
 PARAMETER    9  IS CONSTANT.   IGNORED.
 **********
 **    8 **FIX           10
 **********
 PARAMETER   10  IS CONSTANT.   IGNORED.
 **********
 **    9 **FIX           11
 **********
 PARAMETER   11  IS CONSTANT.   IGNORED.
 **********
 **   10 **FIX           12
 **********
 PARAMETER   12  IS CONSTANT.   IGNORED.
 **********
 **   11 **FIX           13
 **********
 PARAMETER   13  IS CONSTANT.   IGNORED.
 **********
 **   12 **FIX           14
 **********
 **********
 **   13 **FIX           15
 **********
 PARAMETER   15  IS CONSTANT.   IGNORED.
 **********
 **   14 **FIX           16
 **********
 PARAMETER   16  IS CONSTANT.   IGNORED.
 **********
 **   15 **MIGRAD
 **********
 FIRST CALL TO USER FUNCTION AT NEW START POINT, WITH IFLAG=4.
 START MIGRAD MINIMIZATION.  STRATEGY  1.  CONVERGENCE WHEN EDM .LT. 1.00e-04
 FCN=3489.16 FROM MIGRAD    STATUS=INITIATE       34 CALLS          35 TOTAL
                     EDM= unknown      STRATEGY= 1      NO ERROR MATRIX       
  EXT PARAMETER               CURRENT GUESS       STEP         FIRST   
  NO.   NAME      VALUE            ERROR          SIZE      DERIVATIVE 
   1  N0           3.41616e+06   1.00000e+02   1.00000e+02  -3.29841e-04
   2  tau          6.43976e+01   constant   
   3  A0           3.54950e-01   1.00000e-04   1.00000e-04   3.54224e+02
   4  phi          4.12292e+00   1.00000e-02   1.00000e-02   5.63331e+02
   5  R           -6.08295e+01   constant   
   6  A_CBO        3.26830e-03     fixed    
   7  w_CBO        2.32460e+00     fixed    
   8  phi_CBO      1.85346e+00     fixed    
   9  ANx2         2.24467e-04   constant   
  10  pNx2         2.31915e+00   constant   
  11  ANy1         0.00000e+00   constant   
  12  pNy1         0.00000e+00   constant   
  13  w_y          0.00000e+00   constant   
  14  ANy2         1.49899e-02     fixed    
  15  pNy2         4.64502e+00   constant   
  16  w_vw         1.43138e+01   constant   
  17  LM          -1.76320e-04   constant   
  18  wCBO_expCoeff   2.00000e+02   1.00000e+00   1.00000e+00  -2.29929e+03
  19  wCBO_expOffset   2.00000e+02   1.00000e+00   1.00000e+00  -1.48900e+04
  20  wCBO_expT    3.00000e+01   1.00000e+00   1.00000e+00  -2.40648e+04
  21  wCBO_linCoeff   0.00000e+00   constant   
  22  wCBO_const   0.00000e+00   1.00000e-02   1.00000e-02  -1.11612e+04
 MIGRAD MINIMIZATION HAS CONVERGED.
 FCN=3427.96 FROM MIGRAD    STATUS=CONVERGED     226 CALLS         227 TOTAL
                     EDM=2.59651e-06    STRATEGY= 1  ERROR MATRIX UNCERTAINTY   0.3 per cent
  EXT PARAMETER                                   STEP         FIRST   
  NO.   NAME      VALUE            ERROR          SIZE      DERIVATIVE 
   1  N0           3.41585e+06   6.54281e+02  -1.90303e+00   8.07647e-07
   2  tau          6.43976e+01   constant   
   3  A0           3.55109e-01   2.60680e-04  -1.68292e-06   3.20241e+00
   4  phi          4.12226e+00   7.68771e-04   1.19900e-05   1.71066e+00
   5  R           -6.08295e+01   constant   
   6  A_CBO        3.26830e-03     fixed    
   7  w_CBO        2.32460e+00     fixed    
   8  phi_CBO      1.85346e+00     fixed    
   9  ANx2         2.24467e-04   constant   
  10  pNx2         2.31915e+00   constant   
  11  ANy1         0.00000e+00   constant   
  12  pNy1         0.00000e+00   constant   
  13  w_y          0.00000e+00   constant   
  14  ANy2         1.49899e-02     fixed    
  15  pNy2         4.64502e+00   constant   
  16  w_vw         1.43138e+01   constant   
  17  LM          -1.76320e-04   constant   
  18  wCBO_expCoeff   1.99995e+02   3.46001e-03   1.48179e-05  -3.57726e-01
  19  wCBO_expOffset   1.99999e+02   5.19849e-04   2.01529e-06   8.70854e+00
  20  wCBO_expT    2.99980e+01   8.43762e-04   5.63892e-07   5.93544e+00
  21  wCBO_linCoeff   0.00000e+00   constant   
  22  wCBO_const   7.95852e-03   5.41472e-04  -7.25449e-06   2.30537e-01
 EXTERNAL ERROR MATRIX.    NDIM=  25    NPAR=  7    ERR DEF=1
  4.281e+05  1.733e-03  9.549e-03 -5.152e-02 -6.901e-03 -3.786e-03  1.345e-02 
  1.733e-03  6.795e-08  3.381e-10  1.355e-08  2.632e-09 -4.240e-09  4.466e-10 
  9.549e-03  3.381e-10  5.910e-07  6.775e-08  4.844e-09 -2.990e-08  2.223e-08 
 -5.152e-02  1.355e-08  6.775e-08  1.197e-05  1.459e-06 -2.638e-06  9.137e-07 
 -6.901e-03  2.632e-09  4.844e-09  1.459e-06  2.702e-07 -3.966e-07  1.390e-07 
 -3.786e-03 -4.240e-09 -2.990e-08 -2.638e-06 -3.966e-07  7.119e-07 -3.311e-07 
  1.345e-02  4.466e-10  2.223e-08  9.137e-07  1.390e-07 -3.311e-07  2.932e-07 
 PARAMETER  CORRELATION COEFFICIENTS  
       NO.  GLOBAL      1      3      4     18     19     20     22
        1  0.10430   1.000  0.010  0.019 -0.023 -0.020 -0.007  0.038
        3  0.03522   0.010  1.000  0.002  0.015  0.019 -0.019  0.003
        4  0.10715   0.019  0.002  1.000  0.025  0.012 -0.046  0.053
       18  0.95234  -0.023  0.015  0.025  1.000  0.811 -0.904  0.488
       19  0.95134  -0.020  0.019  0.012  0.811  1.000 -0.904  0.494
       20  0.98875  -0.007 -0.019 -0.046 -0.904 -0.904  1.000 -0.725
       22  0.91137   0.038  0.003  0.053  0.488  0.494 -0.725  1.000
MINUIT - FIT ONLY 1-CBO + other amplitudes 
 **********
 **   16 **RES 
 **********
                   PARAMETER   14  ANy2 RESTORED TO VARIABLE.
                   PARAMETER    8  phi_CBO RESTORED TO VARIABLE.
                   PARAMETER    7  w_CBO RESTORED TO VARIABLE.
                   PARAMETER    6  A_CBO RESTORED TO VARIABLE.
 **********
 **   17 **FIX            0
 **********
 PARAMETER    0  IS UNDEFINED. IGNORED.
 **********
 **   18 **FIX            1
 **********
 **********
 **   19 **FIX            2
 **********
 PARAMETER    2  IS CONSTANT.   IGNORED.
 **********
 **   20 **FIX            3
 **********
 **********
 **   21 **FIX            4
 **********
 **********
 **   22 **FIX            9
 **********
 PARAMETER    9  IS CONSTANT.   IGNORED.
 **********
 **   23 **FIX           11
 **********
 PARAMETER   11  IS CONSTANT.   IGNORED.
 **********
 **   24 **FIX           12
 **********
 PARAMETER   12  IS CONSTANT.   IGNORED.
 **********
 **   25 **FIX           14
 **********
 **********
 **   26 **FIX           15
 **********
 PARAMETER   15  IS CONSTANT.   IGNORED.
 **********
 **   27 **FIX           16
 **********
 PARAMETER   16  IS CONSTANT.   IGNORED.
 **********
 **   28 **MIGRAD
 **********
 START MIGRAD MINIMIZATION.  STRATEGY  1.  CONVERGENCE WHEN EDM .LT. 1.00e-04
 FCN=3427.96 FROM MIGRAD    STATUS=INITIATE       22 CALLS         249 TOTAL
                     EDM= unknown      STRATEGY= 1      NO ERROR MATRIX       
  EXT PARAMETER               CURRENT GUESS       STEP         FIRST   
  NO.   NAME      VALUE            ERROR          SIZE      DERIVATIVE 
   1  N0           3.41585e+06     fixed    
   2  tau          6.43976e+01   constant   
   3  A0           3.55109e-01     fixed    
   4  phi          4.12226e+00     fixed    
   5  R           -6.08295e+01   constant   
   6  A_CBO        3.26830e-03   1.00000e-05   1.00000e-05   6.29424e+04
   7  w_CBO        2.32460e+00   1.00000e-03   1.00000e-03  -3.04069e+01
   8  phi_CBO      1.85346e+00   1.00000e-04   1.00000e-04   3.51731e+00
   9  ANx2         2.24467e-04   constant   
  10  pNx2         2.31915e+00   constant   
  11  ANy1         0.00000e+00   constant   
  12  pNy1         0.00000e+00   constant   
  13  w_y          0.00000e+00   constant   
  14  ANy2         1.49899e-02     fixed    
  15  pNy2         4.64502e+00   constant   
  16  w_vw         1.43138e+01   constant   
  17  LM          -1.76320e-04   constant   
  18  wCBO_expCoeff   1.99995e+02   3.46001e-03   1.48179e-05  -3.57726e-01
  19  wCBO_expOffset   1.99999e+02   5.19849e-04   2.01529e-06   8.70854e+00
  20  wCBO_expT    2.99980e+01   8.43762e-04   5.63892e-07   5.93544e+00
  21  wCBO_linCoeff   0.00000e+00   constant   
  22  wCBO_const   7.95852e-03   5.41472e-04  -7.25449e-06   2.30609e-01
 MIGRAD MINIMIZATION HAS CONVERGED.
 FCN=3351.48 FROM MIGRAD    STATUS=CONVERGED     171 CALLS         398 TOTAL
                     EDM=1.95447e-07    STRATEGY= 1  ERROR MATRIX UNCERTAINTY   1.7 per cent
  EXT PARAMETER                                   STEP         FIRST   
  NO.   NAME      VALUE            ERROR          SIZE      DERIVATIVE 
   1  N0           3.41585e+06     fixed    
   2  tau          6.43976e+01   constant   
   3  A0           3.55109e-01     fixed    
   4  phi          4.12226e+00     fixed    
   5  R           -6.08295e+01   constant   
   6  A_CBO        8.48764e-04   2.73480e-04  -2.02378e-06  -1.46197e+00
   7  w_CBO        2.32461e+00   4.02877e-05  -2.71120e-07   7.72214e+00
   8  phi_CBO      1.78942e+00   4.32988e-01  -1.11919e-03   1.13063e-03
   9  ANx2         2.24467e-04   constant   
  10  pNx2         2.31915e+00   constant   
  11  ANy1         0.00000e+00   constant   
  12  pNy1         0.00000e+00   constant   
  13  w_y          0.00000e+00   constant   
  14  ANy2         1.49899e-02     fixed    
  15  pNy2         4.64502e+00   constant   
  16  w_vw         1.43138e+01   constant   
  17  LM          -1.76320e-04   constant   
  18  wCBO_expCoeff   1.99996e+02   3.53459e-03  -2.34861e-05   9.10866e-02
  19  wCBO_expOffset   1.99999e+02   4.96132e-04  -3.23744e-06   1.86434e+00
  20  wCBO_expT    2.99975e+01   1.33935e-03   1.05738e-05   1.08878e+00
  21  wCBO_linCoeff   0.00000e+00   constant   
  22  wCBO_const   8.11310e-03   9.51017e-04  -5.95259e-06  -2.52729e-01
 EXTERNAL ERROR MATRIX.    NDIM=  25    NPAR=  7    ERR DEF=1
  7.479e-08 -2.492e-10 -4.776e-06 -1.969e-08 -2.195e-09  1.613e-08 -1.814e-08 
 -2.492e-10  1.623e-09  1.880e-06  1.259e-07  1.749e-08 -4.979e-08  2.164e-08 
 -4.776e-06  1.880e-06  1.875e-01  1.447e-04  1.889e-05 -6.497e-05  1.623e-04 
 -1.969e-08  1.259e-07  1.447e-04  1.249e-05  1.536e-06 -4.335e-06  1.817e-06 
 -2.195e-09  1.749e-08  1.889e-05  1.536e-06  2.461e-07 -6.000e-07  2.450e-07 
  1.613e-08 -4.979e-08 -6.497e-05 -4.335e-06 -6.000e-07  1.794e-06 -9.486e-07 
 -1.814e-08  2.164e-08  1.623e-04  1.817e-06  2.450e-07 -9.486e-07  9.044e-07 
 PARAMETER  CORRELATION COEFFICIENTS  
       NO.  GLOBAL      6      7      8     18     19     20     22
        6  0.09272   1.000 -0.023 -0.040 -0.020 -0.016  0.044 -0.070
        7  0.94754  -0.023  1.000  0.108  0.884  0.875 -0.923  0.565
        8  0.66056  -0.040  0.108  1.000  0.095  0.088 -0.112  0.394
       18  0.94660  -0.020  0.884  0.095  1.000  0.876 -0.916  0.541
       19  0.93929  -0.016  0.875  0.088  0.876  1.000 -0.903  0.519
       20  0.99012   0.044 -0.923 -0.112 -0.916 -0.903  1.000 -0.745
       22  0.93652  -0.070  0.565  0.394  0.541  0.519 -0.745  1.000
MINUIT - FIT ONLY 1-CBO
 **********
 **   29 **RES 
 **********
                   PARAMETER   14  ANy2 RESTORED TO VARIABLE.
                   PARAMETER    4  phi RESTORED TO VARIABLE.
                   PARAMETER    3  A0 RESTORED TO VARIABLE.
                   PARAMETER    1  N0 RESTORED TO VARIABLE.
 **********
 **   30 **FIX            0
 **********
 PARAMETER    0  IS UNDEFINED. IGNORED.
 **********
 **   31 **FIX            1
 **********
 **********
 **   32 **FIX            2
 **********
 PARAMETER    2  IS CONSTANT.   IGNORED.
 **********
 **   33 **FIX            3
 **********
 **********
 **   34 **FIX            4
 **********
 **********
 **   35 **FIX            8
 **********
 **********
 **   36 **FIX            9
 **********
 PARAMETER    9  IS CONSTANT.   IGNORED.
 **********
 **   37 **FIX           11
 **********
 PARAMETER   11  IS CONSTANT.   IGNORED.
 **********
 **   38 **FIX           12
 **********
 PARAMETER   12  IS CONSTANT.   IGNORED.
 **********
 **   39 **FIX           13
 **********
 PARAMETER   13  IS CONSTANT.   IGNORED.
 **********
 **   40 **FIX           15
 **********
 PARAMETER   15  IS CONSTANT.   IGNORED.
 **********
 **   41 **FIX           16
 **********
 PARAMETER   16  IS CONSTANT.   IGNORED.
 **********
 **   42 **MIGRAD
 **********
 START MIGRAD MINIMIZATION.  STRATEGY  1.  CONVERGENCE WHEN EDM .LT. 1.00e-04
 FCN=3351.48 FROM MIGRAD    STATUS=INITIATE       16 CALLS         414 TOTAL
                     EDM= unknown      STRATEGY= 1      NO ERROR MATRIX       
  EXT PARAMETER               CURRENT GUESS       STEP         FIRST   
  NO.   NAME      VALUE            ERROR          SIZE      DERIVATIVE 
   1  N0           3.41585e+06     fixed    
   2  tau          6.43976e+01   constant   
   3  A0           3.55109e-01     fixed    
   4  phi          4.12226e+00     fixed    
   5  R           -6.08295e+01   constant   
   6  A_CBO        8.48764e-04   2.73480e-04  -2.02378e-06  -1.46197e+00
   7  w_CBO        2.32461e+00   4.02877e-05  -2.71120e-07   7.72214e+00
   8  phi_CBO      1.78942e+00     fixed    
   9  ANx2         2.24467e-04   constant   
  10  pNx2         2.31915e+00   constant   
  11  ANy1         0.00000e+00   constant   
  12  pNy1         0.00000e+00   constant   
  13  w_y          0.00000e+00   constant   
  14  ANy2         1.49899e-02   1.00000e-04   1.00000e-04   3.88377e+05
  15  pNy2         4.64502e+00   constant   
  16  w_vw         1.43138e+01   constant   
  17  LM          -1.76320e-04   constant   
  18  wCBO_expCoeff   1.99996e+02   3.53459e-03  -2.34861e-05   9.10866e-02
  19  wCBO_expOffset   1.99999e+02   4.96132e-04  -3.23744e-06   1.86434e+00
  20  wCBO_expT    2.99975e+01   1.33935e-03   1.05738e-05   1.08878e+00
  21  wCBO_linCoeff   0.00000e+00   constant   
  22  wCBO_const   8.11310e-03   9.51017e-04  -5.95259e-06  -2.52709e-01
 MIGRAD MINIMIZATION HAS CONVERGED.
 MIGRAD WILL VERIFY CONVERGENCE AND ERROR MATRIX.
 COVARIANCE MATRIX CALCULATED SUCCESSFULLY
 FCN=477.708 FROM MIGRAD    STATUS=CONVERGED     202 CALLS         600 TOTAL
                     EDM=6.9824e-06    STRATEGY= 1      ERROR MATRIX ACCURATE 
  EXT PARAMETER                                   STEP         FIRST   
  NO.   NAME      VALUE            ERROR          SIZE      DERIVATIVE 
   1  N0           3.41585e+06     fixed    
   2  tau          6.43976e+01   constant   
   3  A0           3.55109e-01     fixed    
   4  phi          4.12226e+00     fixed    
   5  R           -6.08295e+01   constant   
   6  A_CBO        4.91622e-04   2.83812e-04   2.98060e-06  -7.06759e-02
   7  w_CBO        2.32461e+00   3.92967e-04   1.10846e-06  -9.98017e-01
   8  phi_CBO      1.78942e+00     fixed    
   9  ANx2         2.24467e-04   constant   
  10  pNx2         2.31915e+00   constant   
  11  ANy1         0.00000e+00   constant   
  12  pNy1         0.00000e+00   constant   
  13  w_y          0.00000e+00   constant   
  14  ANy2         1.89575e-04   2.76170e-04   2.94752e-06   2.32450e-02
  15  pNy2         4.64502e+00   constant   
  16  w_vw         1.43138e+01   constant   
  17  LM          -1.76320e-04   constant   
  18  wCBO_expCoeff   1.99996e+02   3.40002e-02   9.53653e-05  -3.89276e-03
  19  wCBO_expOffset   1.99999e+02   2.40123e-03   9.53671e-05  -1.01538e+00
  20  wCBO_expT    2.99980e+01   1.79855e-03   1.43042e-05  -2.55868e+00
  21  wCBO_linCoeff   0.00000e+00   constant   
  22  wCBO_const   7.93044e-03   1.11955e-03   5.07024e-06  -2.17950e+00
 EXTERNAL ERROR MATRIX.    NDIM=  25    NPAR=  7    ERR DEF=1
  8.055e-08  1.567e-09  1.482e-09  1.755e-07 -7.816e-08  4.215e-08 -1.983e-08 
  1.567e-09  1.544e-07  2.266e-10 -1.103e-05 -1.984e-07 -1.192e-07 -1.914e-08 
  1.482e-09  2.266e-10  7.627e-08  2.375e-08 -7.659e-09 -3.344e-09  1.831e-09 
  1.755e-07 -1.103e-05  2.375e-08  1.156e-03 -1.837e-05 -1.083e-05  9.125e-06 
 -7.816e-08 -1.984e-07 -7.659e-09 -1.837e-05  5.766e-06 -3.006e-07  1.778e-07 
  4.215e-08 -1.192e-07 -3.344e-09 -1.083e-05 -3.006e-07  3.235e-06 -1.535e-06 
 -1.983e-08 -1.914e-08  1.831e-09  9.125e-06  1.778e-07 -1.535e-06  1.253e-06 
 PARAMETER  CORRELATION COEFFICIENTS  
       NO.  GLOBAL      6      7     14     18     19     20     22
        6  0.18481   1.000  0.014  0.019  0.018 -0.115  0.083 -0.062
        7  0.99623   0.014  1.000  0.002 -0.826 -0.210 -0.169 -0.044
       14  0.04426   0.019  0.002  1.000  0.003 -0.012 -0.007  0.006
       18  0.99610   0.018 -0.826  0.003  1.000 -0.225 -0.177  0.240
       19  0.98224  -0.115 -0.210 -0.012 -0.225  1.000 -0.070  0.066
       20  0.98535   0.083 -0.169 -0.007 -0.177 -0.070  1.000 -0.762
       22  0.90535  -0.062 -0.044  0.006  0.240  0.066 -0.762  1.000
MINUIT - FIT ONLY 2-CBO
 **********
 **   43 **RES 
 **********
                   PARAMETER    8  phi_CBO RESTORED TO VARIABLE.
                   PARAMETER    4  phi RESTORED TO VARIABLE.
                   PARAMETER    3  A0 RESTORED TO VARIABLE.
                   PARAMETER    1  N0 RESTORED TO VARIABLE.
 **********
 **   44 **FIX            0
 **********
 PARAMETER    0  IS UNDEFINED. IGNORED.
 **********
 **   45 **FIX            1
 **********
 **********
 **   46 **FIX            2
 **********
 PARAMETER    2  IS CONSTANT.   IGNORED.
 **********
 **   47 **FIX            3
 **********
 **********
 **   48 **FIX            4
 **********
 **********
 **   49 **FIX            5
 **********
 PARAMETER    5  IS CONSTANT.   IGNORED.
 **********
 **   50 **FIX            6
 **********
 **********
 **   51 **FIX            7
 **********
 **********
 **   52 **FIX           10
 **********
 PARAMETER   10  IS CONSTANT.   IGNORED.
 **********
 **   53 **FIX           11
 **********
 PARAMETER   11  IS CONSTANT.   IGNORED.
 **********
 **   54 **FIX           12
 **********
 PARAMETER   12  IS CONSTANT.   IGNORED.
 **********
 **   55 **FIX           13
 **********
 PARAMETER   13  IS CONSTANT.   IGNORED.
 **********
 **   56 **FIX           14
 **********
 **********
 **   57 **FIX           15
 **********
 PARAMETER   15  IS CONSTANT.   IGNORED.
 **********
 **   58 **FIX           16
 **********
 PARAMETER   16  IS CONSTANT.   IGNORED.
 **********
 **   59 **MIGRAD
 **********
 START MIGRAD MINIMIZATION.  STRATEGY  1.  CONVERGENCE WHEN EDM .LT. 1.00e-04
 FCN=477.708 FROM MIGRAD    STATUS=INITIATE       12 CALLS         612 TOTAL
                     EDM= unknown      STRATEGY= 1      NO ERROR MATRIX       
  EXT PARAMETER               CURRENT GUESS       STEP         FIRST   
  NO.   NAME      VALUE            ERROR          SIZE      DERIVATIVE 
   1  N0           3.41585e+06     fixed    
   2  tau          6.43976e+01   constant   
   3  A0           3.55109e-01     fixed    
   4  phi          4.12226e+00     fixed    
   5  R           -6.08295e+01   constant   
   6  A_CBO        4.91622e-04     fixed    
   7  w_CBO        2.32461e+00     fixed    
   8  phi_CBO      1.78942e+00   4.32988e-01   4.32988e-01   1.05237e+00
   9  ANx2         2.24467e-04   constant   
  10  pNx2         2.31915e+00   constant   
  11  ANy1         0.00000e+00   constant   
  12  pNy1         0.00000e+00   constant   
  13  w_y          0.00000e+00   constant   
  14  ANy2         1.89575e-04     fixed    
  15  pNy2         4.64502e+00   constant   
  16  w_vw         1.43138e+01   constant   
  17  LM          -1.76320e-04   constant   
  18  wCBO_expCoeff   1.99996e+02   3.40002e-02   9.53653e-05  -1.41531e-02
  19  wCBO_expOffset   1.99999e+02   2.40123e-03   9.53671e-05  -4.03950e+00
  20  wCBO_expT    2.99980e+01   1.79855e-03   1.43042e-05  -2.77909e+00
  21  wCBO_linCoeff   0.00000e+00   constant   
  22  wCBO_const   7.93044e-03   1.11955e-03   5.07024e-06  -2.18135e+00
 MIGRAD MINIMIZATION HAS CONVERGED.
 MIGRAD WILL VERIFY CONVERGENCE AND ERROR MATRIX.
 COVARIANCE MATRIX CALCULATED SUCCESSFULLY
 FCN=477.576 FROM HESSE     STATUS=OK             35 CALLS         693 TOTAL
                     EDM=0.000199885    STRATEGY= 1      ERROR MATRIX ACCURATE 
  EXT PARAMETER                                   STEP         FIRST   
  NO.   NAME      VALUE            ERROR          SIZE      DERIVATIVE 
   1  N0           3.41585e+06     fixed    
   2  tau          6.43976e+01   constant   
   3  A0           3.55109e-01     fixed    
   4  phi          4.12226e+00     fixed    
   5  R           -6.08295e+01   constant   
   6  A_CBO        4.91622e-04     fixed    
   7  w_CBO        2.32461e+00     fixed    
   8  phi_CBO      1.53969e+00   6.86943e-01   5.84600e-03   1.04386e-05
   9  ANx2         2.24467e-04   constant   
  10  pNx2         2.31915e+00   constant   
  11  ANy1         0.00000e+00   constant   
  12  pNy1         0.00000e+00   constant   
  13  w_y          0.00000e+00   constant   
  14  ANy2         1.89575e-04     fixed    
  15  pNy2         4.64502e+00   constant   
  16  w_vw         1.43138e+01   constant   
  17  LM          -1.76320e-04   constant   
  18  wCBO_expCoeff   1.99995e+02   2.31183e-02   9.53652e-05  -2.14642e-01
  19  wCBO_expOffset   1.99999e+02   2.97717e-03   9.53671e-05  -1.43946e+00
  20  wCBO_expT    2.99980e+01   1.83001e-03   1.43042e-05   1.17603e+01
  21  wCBO_linCoeff   0.00000e+00   constant   
  22  wCBO_const   7.87799e-03   1.14657e-03   5.03774e-06  -4.31171e+00
 MIGRAD MINIMIZATION HAS CONVERGED.
 FCN=477.576 FROM MIGRAD    STATUS=CONVERGED     105 CALLS         705 TOTAL
                     EDM=8.78718e-06    STRATEGY= 1  ERROR MATRIX UNCERTAINTY   0.0 per cent
  EXT PARAMETER                                   STEP         FIRST   
  NO.   NAME      VALUE            ERROR          SIZE      DERIVATIVE 
   1  N0           3.41585e+06     fixed    
   2  tau          6.43976e+01   constant   
   3  A0           3.55109e-01     fixed    
   4  phi          4.12226e+00     fixed    
   5  R           -6.08295e+01   constant   
   6  A_CBO        4.91622e-04     fixed    
   7  w_CBO        2.32461e+00     fixed    
   8  phi_CBO      1.53918e+00   6.86688e-01  -5.04899e-04  -1.46030e-04
   9  ANx2         2.24467e-04   constant   
  10  pNx2         2.31915e+00   constant   
  11  ANy1         0.00000e+00   constant   
  12  pNy1         0.00000e+00   constant   
  13  w_y          0.00000e+00   constant   
  14  ANy2         1.89575e-04     fixed    
  15  pNy2         4.64502e+00   constant   
  16  w_vw         1.43138e+01   constant   
  17  LM          -1.76320e-04   constant   
  18  wCBO_expCoeff   1.99996e+02   2.16575e-02   1.85649e-04  -5.20570e-02
  19  wCBO_expOffset   1.99999e+02   3.01874e-03   3.13049e-06  -2.31846e+00
  20  wCBO_expT    2.99980e+01   2.00176e-03  -2.94326e-05  -1.46915e-01
  21  wCBO_linCoeff   0.00000e+00   constant   
  22  wCBO_const   7.89335e-03   1.20844e-03   1.53623e-05   5.88752e-01
 EXTERNAL ERROR MATRIX.    NDIM=  25    NPAR=  5    ERR DEF=1
  4.715e-01 -3.205e-04  7.497e-05  9.841e-05  7.220e-05 
 -3.205e-04  4.690e-04 -4.856e-05 -1.836e-05  6.869e-06 
  7.497e-05 -4.856e-05  9.113e-06 -1.553e-06  7.523e-07 
  9.841e-05 -1.836e-05 -1.553e-06  4.007e-06 -1.942e-06 
  7.220e-05  6.869e-06  7.523e-07 -1.942e-06  1.460e-06 
 PARAMETER  CORRELATION COEFFICIENTS  
       NO.  GLOBAL      8     18     19     20     22
        8  0.60402   1.000 -0.022  0.036  0.072  0.087
       18  0.99068  -0.022  1.000 -0.743 -0.424  0.262
       19  0.98917   0.036 -0.743  1.000 -0.257  0.206
       20  0.98861   0.072 -0.424 -0.257  1.000 -0.803
       22  0.92075   0.087  0.262  0.206 -0.803  1.000
MINUIT - FIT ONLY 1-y
 **********
 **   60 **RES 
 **********
                   PARAMETER   14  ANy2 RESTORED TO VARIABLE.
                   PARAMETER    7  w_CBO RESTORED TO VARIABLE.
                   PARAMETER    6  A_CBO RESTORED TO VARIABLE.
                   PARAMETER    4  phi RESTORED TO VARIABLE.
                   PARAMETER    3  A0 RESTORED TO VARIABLE.
                   PARAMETER    1  N0 RESTORED TO VARIABLE.
 **********
 **   61 **FIX            0
 **********
 PARAMETER    0  IS UNDEFINED. IGNORED.
 **********
 **   62 **FIX            1
 **********
 **********
 **   63 **FIX            2
 **********
 PARAMETER    2  IS CONSTANT.   IGNORED.
 **********
 **   64 **FIX            3
 **********
 **********
 **   65 **FIX            4
 **********
 **********
 **   66 **FIX            5
 **********
 PARAMETER    5  IS CONSTANT.   IGNORED.
 **********
 **   67 **FIX            6
 **********
 **********
 **   68 **FIX            7
 **********
 **********
 **   69 **FIX            8
 **********
 **********
 **   70 **FIX            9
 **********
 PARAMETER    9  IS CONSTANT.   IGNORED.
 **********
 **   71 **FIX           13
 **********
 PARAMETER   13  IS CONSTANT.   IGNORED.
 **********
 **   72 **FIX           14
 **********
 **********
 **   73 **FIX           15
 **********
 PARAMETER   15  IS CONSTANT.   IGNORED.
 **********
 **   74 **FIX           16
 **********
 PARAMETER   16  IS CONSTANT.   IGNORED.
 **********
 **   75 **MIGRAD
 **********
 START MIGRAD MINIMIZATION.  STRATEGY  1.  CONVERGENCE WHEN EDM .LT. 1.00e-04
 FCN=477.576 FROM MIGRAD    STATUS=INITIATE        8 CALLS         713 TOTAL
                     EDM= unknown      STRATEGY= 1      NO ERROR MATRIX       
  EXT PARAMETER               CURRENT GUESS       STEP         FIRST   
  NO.   NAME      VALUE            ERROR          SIZE      DERIVATIVE 
   1  N0           3.41585e+06     fixed    
   2  tau          6.43976e+01   constant   
   3  A0           3.55109e-01     fixed    
   4  phi          4.12226e+00     fixed    
   5  R           -6.08295e+01   constant   
   6  A_CBO        4.91622e-04     fixed    
   7  w_CBO        2.32461e+00     fixed    
   8  phi_CBO      1.53918e+00     fixed    
   9  ANx2         2.24467e-04   constant   
  10  pNx2         2.31915e+00   constant   
  11  ANy1         0.00000e+00   constant   
  12  pNy1         0.00000e+00   constant   
  13  w_y          0.00000e+00   constant   
  14  ANy2         1.89575e-04     fixed    
  15  pNy2         4.64502e+00   constant   
  16  w_vw         1.43138e+01   constant   
  17  LM          -1.76320e-04   constant   
  18  wCBO_expCoeff   1.99996e+02   2.16575e-02   1.85649e-04  -5.20570e-02
  19  wCBO_expOffset   1.99999e+02   3.01874e-03   3.13049e-06  -2.31846e+00
  20  wCBO_expT    2.99980e+01   2.00176e-03  -2.94326e-05  -1.46915e-01
  21  wCBO_linCoeff   0.00000e+00   constant   
  22  wCBO_const   7.89335e-03   1.20844e-03   1.53623e-05   5.88752e-01
 MIGRAD MINIMIZATION HAS CONVERGED.
 MIGRAD WILL VERIFY CONVERGENCE AND ERROR MATRIX.
 COVARIANCE MATRIX CALCULATED SUCCESSFULLY
 FCN=477.576 FROM MIGRAD    STATUS=CONVERGED      48 CALLS         753 TOTAL
                     EDM=1.40912e-07    STRATEGY= 1      ERROR MATRIX ACCURATE 
  EXT PARAMETER                                   STEP         FIRST   
  NO.   NAME      VALUE            ERROR          SIZE      DERIVATIVE 
   1  N0           3.41585e+06     fixed    
   2  tau          6.43976e+01   constant   
   3  A0           3.55109e-01     fixed    
   4  phi          4.12226e+00     fixed    
   5  R           -6.08295e+01   constant   
   6  A_CBO        4.91622e-04     fixed    
   7  w_CBO        2.32461e+00     fixed    
   8  phi_CBO      1.53918e+00     fixed    
   9  ANx2         2.24467e-04   constant   
  10  pNx2         2.31915e+00   constant   
  11  ANy1         0.00000e+00   constant   
  12  pNy1         0.00000e+00   constant   
  13  w_y          0.00000e+00   constant   
  14  ANy2         1.89575e-04     fixed    
  15  pNy2         4.64502e+00   constant   
  16  w_vw         1.43138e+01   constant   
  17  LM          -1.76320e-04   constant   
  18  wCBO_expCoeff   1.99996e+02   2.28201e-02   9.53653e-05   3.05560e-02
  19  wCBO_expOffset   1.99999e+02   2.92947e-03   9.53671e-05   1.83820e-01
  20  wCBO_expT    2.99980e+01   1.82114e-03   1.43041e-05   6.57940e-01
  21  wCBO_linCoeff   0.00000e+00   constant   
  22  wCBO_const   7.89334e-03   1.14089e-03   5.03642e-06   8.82675e-01
 EXTERNAL ERROR MATRIX.    NDIM=  25    NPAR=  4    ERR DEF=1
  5.208e-04 -5.347e-05 -2.123e-05  8.703e-06 
 -5.347e-05  8.582e-06 -3.776e-07  1.164e-07 
 -2.123e-05 -3.776e-07  3.317e-06 -1.641e-06 
  8.703e-06  1.164e-07 -1.641e-06  1.302e-06 
 PARAMETER  CORRELATION COEFFICIENTS  
       NO.  GLOBAL     18     19     20     22
       18  0.99161   1.000 -0.800 -0.511  0.334
       19  0.98850  -0.800  1.000 -0.071  0.035
       20  0.98625  -0.511 -0.071  1.000 -0.790
       22  0.91061   0.334  0.035 -0.790  1.000
MINUIT - FIT ONLY 2-y
 **********
 **   76 **RES 
 **********
                   PARAMETER   14  ANy2 RESTORED TO VARIABLE.
                   PARAMETER    8  phi_CBO RESTORED TO VARIABLE.
                   PARAMETER    7  w_CBO RESTORED TO VARIABLE.
                   PARAMETER    6  A_CBO RESTORED TO VARIABLE.
                   PARAMETER    4  phi RESTORED TO VARIABLE.
                   PARAMETER    3  A0 RESTORED TO VARIABLE.
                   PARAMETER    1  N0 RESTORED TO VARIABLE.
 **********
 **   77 **FIX            0
 **********
 PARAMETER    0  IS UNDEFINED. IGNORED.
 **********
 **   78 **FIX            1
 **********
 **********
 **   79 **FIX            2
 **********
 PARAMETER    2  IS CONSTANT.   IGNORED.
 **********
 **   80 **FIX            3
 **********
 **********
 **   81 **FIX            4
 **********
 **********
 **   82 **FIX            5
 **********
 PARAMETER    5  IS CONSTANT.   IGNORED.
 **********
 **   83 **FIX            6
 **********
 **********
 **   84 **FIX            7
 **********
 **********
 **   85 **FIX            8
 **********
 **********
 **   86 **FIX            9
 **********
 PARAMETER    9  IS CONSTANT.   IGNORED.
 **********
 **   87 **FIX           10
 **********
 PARAMETER   10  IS CONSTANT.   IGNORED.
 **********
 **   88 **FIX           11
 **********
 PARAMETER   11  IS CONSTANT.   IGNORED.
 **********
 **   89 **FIX           12
 **********
 PARAMETER   12  IS CONSTANT.   IGNORED.
 **********
 **   90 **FIX           16
 **********
 PARAMETER   16  IS CONSTANT.   IGNORED.
 **********
 **   91 **MIGRAD
 **********
 START MIGRAD MINIMIZATION.  STRATEGY  1.  CONVERGENCE WHEN EDM .LT. 1.00e-04
 FCN=477.576 FROM MIGRAD    STATUS=INITIATE       10 CALLS         763 TOTAL
                     EDM= unknown      STRATEGY= 1      NO ERROR MATRIX       
  EXT PARAMETER               CURRENT GUESS       STEP         FIRST   
  NO.   NAME      VALUE            ERROR          SIZE      DERIVATIVE 
   1  N0           3.41585e+06     fixed    
   2  tau          6.43976e+01   constant   
   3  A0           3.55109e-01     fixed    
   4  phi          4.12226e+00     fixed    
   5  R           -6.08295e+01   constant   
   6  A_CBO        4.91622e-04     fixed    
   7  w_CBO        2.32461e+00     fixed    
   8  phi_CBO      1.53918e+00     fixed    
   9  ANx2         2.24467e-04   constant   
  10  pNx2         2.31915e+00   constant   
  11  ANy1         0.00000e+00   constant   
  12  pNy1         0.00000e+00   constant   
  13  w_y          0.00000e+00   constant   
  14  ANy2         1.89575e-04   2.76170e-04   2.76170e-04   4.43776e+00
  15  pNy2         4.64502e+00   constant   
  16  w_vw         1.43138e+01   constant   
  17  LM          -1.76320e-04   constant   
  18  wCBO_expCoeff   1.99996e+02   2.28201e-02   9.53653e-05   2.37511e-02
  19  wCBO_expOffset   1.99999e+02   2.92947e-03   9.53671e-05  -1.81536e+00
  20  wCBO_expT    2.99980e+01   1.82114e-03   1.43041e-05   5.43539e-01
  21  wCBO_linCoeff   0.00000e+00   constant   
  22  wCBO_const   7.89334e-03   1.14089e-03   5.03642e-06   8.83837e-01
 MIGRAD MINIMIZATION HAS CONVERGED.
 MIGRAD WILL VERIFY CONVERGENCE AND ERROR MATRIX.
 COVARIANCE MATRIX CALCULATED SUCCESSFULLY
 FCN=477.576 FROM MIGRAD    STATUS=CONVERGED      57 CALLS         810 TOTAL
                     EDM=7.00405e-08    STRATEGY= 1      ERROR MATRIX ACCURATE 
  EXT PARAMETER                                   STEP         FIRST   
  NO.   NAME      VALUE            ERROR          SIZE      DERIVATIVE 
   1  N0           3.41585e+06     fixed    
   2  tau          6.43976e+01   constant   
   3  A0           3.55109e-01     fixed    
   4  phi          4.12226e+00     fixed    
   5  R           -6.08295e+01   constant   
   6  A_CBO        4.91622e-04     fixed    
   7  w_CBO        2.32461e+00     fixed    
   8  phi_CBO      1.53918e+00     fixed    
   9  ANx2         2.24467e-04   constant   
  10  pNx2         2.31915e+00   constant   
  11  ANy1         0.00000e+00   constant   
  12  pNy1         0.00000e+00   constant   
  13  w_y          0.00000e+00   constant   
  14  ANy2         1.89406e-04   2.76103e-04   2.94710e-06   3.25252e-02
  15  pNy2         4.64502e+00   constant   
  16  w_vw         1.43138e+01   constant   
  17  LM          -1.76320e-04   constant   
  18  wCBO_expCoeff   1.99996e+02   2.28125e-02   9.53653e-05   1.05430e-01
  19  wCBO_expOffset   1.99999e+02   2.92832e-03   9.53671e-05   6.93987e-01
  20  wCBO_expT    2.99980e+01   1.82108e-03   1.43041e-05   1.14206e+00
  21  wCBO_linCoeff   0.00000e+00   constant   
  22  wCBO_const   7.89324e-03   1.14087e-03   5.03643e-06   7.84696e-01
 EXTERNAL ERROR MATRIX.    NDIM=  25    NPAR=  5    ERR DEF=1
  7.623e-08  6.143e-08 -9.860e-09 -3.515e-09  1.650e-09 
  6.143e-08  5.204e-04 -5.342e-05 -2.123e-05  8.702e-06 
 -9.860e-09 -5.342e-05  8.575e-06 -3.773e-07  1.163e-07 
 -3.515e-09 -2.123e-05 -3.773e-07  3.316e-06 -1.641e-06 
  1.650e-09  8.702e-06  1.163e-07 -1.641e-06  1.302e-06 
 PARAMETER  CORRELATION COEFFICIENTS  
       NO.  GLOBAL     14     18     19     20     22
       14  0.03845   1.000  0.010 -0.012 -0.007  0.005
       18  0.99160   0.010  1.000 -0.800 -0.511  0.334
       19  0.98849  -0.012 -0.800  1.000 -0.071  0.035
       20  0.98625  -0.007 -0.511 -0.071  1.000 -0.790
       22  0.91060   0.005  0.334  0.035 -0.790  1.000
MINUIT - FIT ALTOGETHER
 **********
 **   92 **RES 
 **********
                   PARAMETER    8  phi_CBO RESTORED TO VARIABLE.
                   PARAMETER    7  w_CBO RESTORED TO VARIABLE.
                   PARAMETER    6  A_CBO RESTORED TO VARIABLE.
                   PARAMETER    4  phi RESTORED TO VARIABLE.
                   PARAMETER    3  A0 RESTORED TO VARIABLE.
                   PARAMETER    1  N0 RESTORED TO VARIABLE.
 **********
 **   93 **MIGRAD
 **********
 START MIGRAD MINIMIZATION.  STRATEGY  1.  CONVERGENCE WHEN EDM .LT. 1.00e-04
 FCN=477.576 FROM MIGRAD    STATUS=INITIATE       22 CALLS         832 TOTAL
