 + ++++++++++++++++++++++++++++++++++++++++++++++++++++++++++++++++++++ +
 +                                                                      +
 +           You have chose to blind your fitting according to          +
 +                omega_ref * (1 + (R +/- deltaR) *10^{-6})             +
 +                                                                      +
 + ++++++++++++++++++++++++++++++++++++++++++++++++++++++++++++++++++++ +
In main()...
reading format from /gm2data/zkhechad/run45/envelope/formats/formatB_sBin_constraintOn.txt
pBinTau 	= 0  
pBinPhi 	= 0  
constraintau 	= 1 
includeMopTerm 	= 0    
constrainMop    = 0   
Parameters after format file: pBinTau 0 pBinPhi 0 constraintau 1 includeMopTerm 0 constrainMop 0 c_e_scale 0.000000 
reading cbo reference file (full fit) from /gm2data/zkhechad/cboTemplates/Run4CBOTemplates/fullFits/run4/sBin_constraintOn_cE0.0_seed0_run4_calo7.root
A_CBO 0.010017 w_CBO 2.326795 phi_CBO 5.385454 N0 2934724.912691 R -61.426290 tau 64.406392 
Reading cboRef file /gm2data/zkhechad/cboTemplates/Run4CBOTemplates//cboIsolate/run4_calo7.root
deltaT 164.120000
windowBins = 1100
fitting sliding window 2360 from bin 2563 at 382.399600 to bin 3663 at 546.519600 (1100 bins)

Reading data from /gm2data/cornell/histograms/aMethod/histogram_a_run4.root
fitting cbo isolate
 **********
 **    1 **SET PRINTOUT            1
 **********
 **********
 **    2 **SET NOWARNINGS 
 **********
 PARAMETER DEFINITIONS:
    NO.   NAME         VALUE      STEP SIZE      LIMITS
     1 A_CBO        1.00169e-02  1.00000e-05     no limits
     2 w_CBO        2.32680e+00  1.00000e-02    2.00000e+00  3.00000e+00
     3 phi_CBO      5.38545e+00  1.00000e-02    0.00000e+00  6.28319e+00
 **********
 **    3 **MIGRAD
 **********
 FIRST CALL TO USER FUNCTION AT NEW START POINT, WITH IFLAG=4.
 START MIGRAD MINIMIZATION.  STRATEGY  1.  CONVERGENCE WHEN EDM .LT. 1.00e-04
 FCN=0.291359 FROM MIGRAD    STATUS=INITIATE       12 CALLS          13 TOTAL
                     EDM= unknown      STRATEGY= 1      NO ERROR MATRIX       
  EXT PARAMETER               CURRENT GUESS       STEP         FIRST   
  NO.   NAME      VALUE            ERROR          SIZE      DERIVATIVE 
   1  A_CBO        1.00169e-02   1.00000e-05   1.00000e-05   9.62102e+00
   2  w_CBO        2.32680e+00   1.00000e-02   2.13223e-02   2.83849e+00
   3  phi_CBO      5.38545e+00   1.00000e-02   4.54801e-03  -2.76670e-02
 MIGRAD MINIMIZATION HAS CONVERGED.
 MIGRAD WILL VERIFY CONVERGENCE AND ERROR MATRIX.
 COVARIANCE MATRIX CALCULATED SUCCESSFULLY
 FCN=0.248466 FROM HESSE     STATUS=OK             16 CALLS          66 TOTAL
                     EDM=0.000884256    STRATEGY= 1      ERROR MATRIX ACCURATE 
  EXT PARAMETER                                   STEP         FIRST   
  NO.   NAME      VALUE            ERROR          SIZE      DERIVATIVE 
   1  A_CBO        1.70559e-03   5.81101e-02   2.32633e-05  -3.00575e-02
   2  w_CBO        2.32582e+00   6.54255e-01   8.04135e-05   3.13451e-02
   3  phi_CBO      5.68431e+00   4.06020e+00   7.35612e-03   7.01299e-05
 MIGRAD MINIMIZATION HAS CONVERGED.
 MIGRAD WILL VERIFY CONVERGENCE AND ERROR MATRIX.
 COVARIANCE MATRIX CALCULATED SUCCESSFULLY
 FCN=0.247925 FROM MIGRAD    STATUS=CONVERGED     134 CALLS         135 TOTAL
                     EDM=8.08013e-06    STRATEGY= 1      ERROR MATRIX ACCURATE 
  EXT PARAMETER                                   STEP         FIRST   
  NO.   NAME      VALUE            ERROR          SIZE      DERIVATIVE 
   1  A_CBO        1.97429e-03   4.28829e-02   2.32549e-05  -2.17215e-02
   2  w_CBO        2.31530e+00   3.13534e-01   5.56382e-05  -2.52359e-02
   3  phi_CBO      9.66509e-01   4.44724e+00   4.50751e-03   3.12762e-04
 EXTERNAL ERROR MATRIX.    NDIM=  25    NPAR=  3    ERR DEF=1
  1.839e-03 -1.518e-03 -7.085e-01 
 -1.518e-03  1.184e-01  5.270e+01 
 -7.085e-01  5.270e+01  2.391e+04 
 PARAMETER  CORRELATION COEFFICIENTS  
       NO.  GLOBAL      1      2      3
        1  0.10903   1.000 -0.103 -0.107
        2  0.99042  -0.103  1.000  0.990
        3  0.99042  -0.107  0.990  1.000
setting A_CBO=0.001974 w_CBO=2.315297, phi_CBO=0.966509
done fitting cbo isolate
 **********
 **    1 **SET PRINTOUT            1
 **********
 **********
 **    2 **SET NOWARNINGS 
 **********
 PARAMETER DEFINITIONS:
    NO.   NAME         VALUE      STEP SIZE      LIMITS
     1 N0           2.93472e+06  1.00000e+02     no limits
     2 tau          6.44064e+01  constant
     3 A0           3.50200e-01  1.00000e-04     no limits
     4 phi          4.11726e+00  1.00000e-02     no limits
     5 R           -6.14263e+01  constant
     6 A_CBO        1.97429e-03  1.00000e-05     no limits
     7 w_CBO        2.31530e+00  1.00000e-03     no limits
     8 phi_CBO      9.66509e-01  1.00000e-04     no limits
     9 ANx2         5.09258e-04  constant
    10 pNx2         1.79030e-01  constant
    11 ANy1         0.00000e+00  constant
    12 pNy1         0.00000e+00  constant
    13 w_y          0.00000e+00  constant
    14 ANy2         8.95951e-03  1.00000e-04     no limits
    15 pNy2         6.17155e+00  constant
    16 w_vw         1.43200e+01  constant
    17 LM          -8.21731e-05  constant
    18 wCBO_expCoeff   2.00000e+02  1.00000e+00     no limits
    19 wCBO_expOffset   2.00000e+02  1.00000e+00     no limits
    20 wCBO_expT    3.00000e+01  1.00000e+00     no limits
    21 wCBO_linCoeff   0.00000e+00  constant
    22 wCBO_const   0.00000e+00  1.00000e-02     no limits
MINUIT - FIT ONLY WIGGLE
 **********
 **    3 **FIX            5
 **********
 PARAMETER    5  IS CONSTANT.   IGNORED.
 **********
 **    4 **FIX            6
 **********
 **********
 **    5 **FIX            7
 **********
 **********
 **    6 **FIX            8
 **********
 **********
 **    7 **FIX            9
 **********
 PARAMETER    9  IS CONSTANT.   IGNORED.
 **********
 **    8 **FIX           10
 **********
 PARAMETER   10  IS CONSTANT.   IGNORED.
 **********
 **    9 **FIX           11
 **********
 PARAMETER   11  IS CONSTANT.   IGNORED.
 **********
 **   10 **FIX           12
 **********
 PARAMETER   12  IS CONSTANT.   IGNORED.
 **********
 **   11 **FIX           13
 **********
 PARAMETER   13  IS CONSTANT.   IGNORED.
 **********
 **   12 **FIX           14
 **********
 **********
 **   13 **FIX           15
 **********
 PARAMETER   15  IS CONSTANT.   IGNORED.
 **********
 **   14 **FIX           16
 **********
 PARAMETER   16  IS CONSTANT.   IGNORED.
 **********
 **   15 **MIGRAD
 **********
 FIRST CALL TO USER FUNCTION AT NEW START POINT, WITH IFLAG=4.
 START MIGRAD MINIMIZATION.  STRATEGY  1.  CONVERGENCE WHEN EDM .LT. 1.00e-04
 FCN=405.918 FROM MIGRAD    STATUS=INITIATE       55 CALLS          56 TOTAL
                     EDM= unknown      STRATEGY= 1      NO ERROR MATRIX       
  EXT PARAMETER               CURRENT GUESS       STEP         FIRST   
  NO.   NAME      VALUE            ERROR          SIZE      DERIVATIVE 
   1  N0           2.93472e+06   1.00000e+02  -0.00000e+00   4.71868e-04
   2  tau          6.44064e+01   constant   
   3  A0           3.50200e-01   1.00000e-04  -0.00000e+00  -2.21569e+03
   4  phi          4.11726e+00   1.00000e-02  -0.00000e+00   7.05347e+02
   5  R           -6.14263e+01   constant   
   6  A_CBO        1.97429e-03     fixed    
   7  w_CBO        2.31530e+00     fixed    
   8  phi_CBO      9.66509e-01     fixed    
   9  ANx2         5.09258e-04   constant   
  10  pNx2         1.79030e-01   constant   
  11  ANy1         0.00000e+00   constant   
  12  pNy1         0.00000e+00   constant   
  13  w_y          0.00000e+00   constant   
  14  ANy2         8.95951e-03     fixed    
  15  pNy2         6.17155e+00   constant   
  16  w_vw         1.43200e+01   constant   
  17  LM          -8.21731e-05   constant   
  18  wCBO_expCoeff   1.97797e+02   1.00000e+00  -2.20320e+00  -1.39882e+00
  19  wCBO_expOffset   2.00000e+02   1.00000e+00  -0.00000e+00  -9.22277e+00
  20  wCBO_expT    3.00000e+01   1.00000e+00  -0.00000e+00  -5.68956e+01
  21  wCBO_linCoeff   0.00000e+00   constant   
  22  wCBO_const   0.00000e+00   1.00000e-02  -0.00000e+00  -1.86699e+03
 MIGRAD MINIMIZATION HAS CONVERGED.
 FCN=402.213 FROM MIGRAD    STATUS=CONVERGED     223 CALLS         224 TOTAL
                     EDM=1.45312e-06    STRATEGY= 1  ERROR MATRIX UNCERTAINTY   0.4 per cent
  EXT PARAMETER                                   STEP         FIRST   
  NO.   NAME      VALUE            ERROR          SIZE      DERIVATIVE 
   1  N0           2.93381e+06   1.95795e+03  -3.54233e-01  -5.39514e-07
   2  tau          6.44064e+01   constant   
   3  A0           3.51107e-01   9.12704e-04   3.02049e-06  -1.91550e+00
   4  phi          4.11464e+00   2.64325e-03  -3.00442e-06   1.23981e-01
   5  R           -6.14263e+01   constant   
   6  A_CBO        1.97429e-03     fixed    
   7  w_CBO        2.31530e+00     fixed    
   8  phi_CBO      9.66509e-01     fixed    
   9  ANx2         5.09258e-04   constant   
  10  pNx2         1.79030e-01   constant   
  11  ANy1         0.00000e+00   constant   
  12  pNy1         0.00000e+00   constant   
  13  w_y          0.00000e+00   constant   
  14  ANy2         8.95951e-03     fixed    
  15  pNy2         6.17155e+00   constant   
  16  w_vw         1.43200e+01   constant   
  17  LM          -8.21731e-05   constant   
  18  wCBO_expCoeff   2.02830e+02   5.52864e+00   4.10649e-03  -6.60620e-04
  19  wCBO_expOffset   2.00765e+02   8.40709e-01   6.36332e-04  -4.50057e-03
  20  wCBO_expT    2.97510e+01   2.59876e-01  -4.86442e-05  -3.24869e-02
  21  wCBO_linCoeff   0.00000e+00   constant   
  22  wCBO_const   1.27051e-03   8.44231e-04  -4.89855e-06  -2.07595e+00
 EXTERNAL ERROR MATRIX.    NDIM=  25    NPAR=  7    ERR DEF=1
  3.834e+06 -1.519e-03 -2.757e-02  7.235e+02  1.099e+02 -3.309e+01 -1.720e-02 
 -1.519e-03  8.330e-07 -3.958e-08 -6.102e-04 -9.279e-05  2.816e-05  3.577e-10 
 -2.757e-02 -3.958e-08  6.987e-06  1.103e-04  1.660e-05 -2.893e-06 -1.218e-07 
  7.235e+02 -6.102e-04  1.103e-04  3.057e+01  4.612e+00 -1.431e+00  2.985e-03 
  1.099e+02 -9.279e-05  1.660e-05  4.612e+00  7.068e-01 -2.177e-01  4.539e-04 
 -3.309e+01  2.816e-05 -2.893e-06 -1.431e+00 -2.177e-01  6.754e-02 -1.479e-04 
 -1.720e-02  3.577e-10 -1.218e-07  2.985e-03  4.539e-04 -1.479e-04  7.127e-07 
 PARAMETER  CORRELATION COEFFICIENTS  
       NO.  GLOBAL      1      3      4     18     19     20     22
        1  0.10388   1.000 -0.001 -0.005  0.067  0.067 -0.065 -0.010
        3  0.16968  -0.001  1.000 -0.016 -0.121 -0.121  0.119  0.000
        4  0.07903  -0.005 -0.016  1.000  0.008  0.007 -0.004 -0.055
       18  0.99766   0.067 -0.121  0.008  1.000  0.992 -0.996  0.640
       19  0.99769   0.067 -0.121  0.007  0.992  1.000 -0.996  0.640
       20  0.99923  -0.065  0.119 -0.004 -0.996 -0.996  1.000 -0.674
       22  0.86414  -0.010  0.000 -0.055  0.640  0.640 -0.674  1.000
MINUIT - FIT ONLY 1-CBO + other amplitudes 
 **********
 **   16 **RES 
 **********
                   PARAMETER   14  ANy2 RESTORED TO VARIABLE.
                   PARAMETER    8  phi_CBO RESTORED TO VARIABLE.
                   PARAMETER    7  w_CBO RESTORED TO VARIABLE.
                   PARAMETER    6  A_CBO RESTORED TO VARIABLE.
 **********
 **   17 **FIX            0
 **********
 PARAMETER    0  IS UNDEFINED. IGNORED.
 **********
 **   18 **FIX            1
 **********
 **********
 **   19 **FIX            2
 **********
 PARAMETER    2  IS CONSTANT.   IGNORED.
 **********
 **   20 **FIX            3
 **********
 **********
 **   21 **FIX            4
 **********
 **********
 **   22 **FIX            9
 **********
 PARAMETER    9  IS CONSTANT.   IGNORED.
 **********
 **   23 **FIX           11
 **********
 PARAMETER   11  IS CONSTANT.   IGNORED.
 **********
 **   24 **FIX           12
 **********
 PARAMETER   12  IS CONSTANT.   IGNORED.
 **********
 **   25 **FIX           14
 **********
 **********
 **   26 **FIX           15
 **********
 PARAMETER   15  IS CONSTANT.   IGNORED.
 **********
 **   27 **FIX           16
 **********
 PARAMETER   16  IS CONSTANT.   IGNORED.
 **********
 **   28 **MIGRAD
 **********
 START MIGRAD MINIMIZATION.  STRATEGY  1.  CONVERGENCE WHEN EDM .LT. 1.00e-04
 FCN=402.213 FROM MIGRAD    STATUS=INITIATE       18 CALLS         242 TOTAL
                     EDM= unknown      STRATEGY= 1      NO ERROR MATRIX       
  EXT PARAMETER               CURRENT GUESS       STEP         FIRST   
  NO.   NAME      VALUE            ERROR          SIZE      DERIVATIVE 
   1  N0           2.93381e+06     fixed    
   2  tau          6.44064e+01   constant   
   3  A0           3.51107e-01     fixed    
   4  phi          4.11464e+00     fixed    
   5  R           -6.14263e+01   constant   
   6  A_CBO        1.97429e-03   1.00000e-05   1.00000e-05   1.18099e+03
   7  w_CBO        2.31530e+00   1.00000e-03   1.00000e-03  -9.54791e-01
   8  phi_CBO      9.66509e-01   1.00000e-04   1.00000e-04  -1.26707e+00
   9  ANx2         5.09258e-04   constant   
  10  pNx2         1.79030e-01   constant   
  11  ANy1         0.00000e+00   constant   
  12  pNy1         0.00000e+00   constant   
  13  w_y          0.00000e+00   constant   
  14  ANy2         8.95951e-03     fixed    
  15  pNy2         6.17155e+00   constant   
  16  w_vw         1.43200e+01   constant   
  17  LM          -8.21731e-05   constant   
  18  wCBO_expCoeff   2.02830e+02   5.52864e+00   4.10649e-03  -6.60689e-04
  19  wCBO_expOffset   2.00765e+02   8.40709e-01   6.36332e-04  -4.50105e-03
  20  wCBO_expT    2.97510e+01   2.59876e-01  -4.86442e-05  -3.24894e-02
  21  wCBO_linCoeff   0.00000e+00   constant   
  22  wCBO_const   1.27051e-03   8.44231e-04  -4.89855e-06  -2.07595e+00
 MIGRAD MINIMIZATION HAS CONVERGED.
 MIGRAD WILL VERIFY CONVERGENCE AND ERROR MATRIX.
 FCN=401.577 FROM MIGRAD    STATUS=CONVERGED     223 CALLS         447 TOTAL
                     EDM=8.09763e-08    STRATEGY= 1      ERR MATRIX NOT POS-DEF
  EXT PARAMETER                APPROXIMATE        STEP         FIRST   
  NO.   NAME      VALUE            ERROR          SIZE      DERIVATIVE 
   1  N0           2.93381e+06     fixed    
   2  tau          6.44064e+01   constant   
   3  A0           3.51107e-01     fixed    
   4  phi          4.11464e+00     fixed    
   5  R           -6.14263e+01   constant   
   6  A_CBO        1.45924e-03   9.59448e-04   9.41391e-06   5.78965e-02
   7  w_CBO        2.31576e+00   7.67632e-03   8.51792e-06  -3.11808e-01
   8  phi_CBO      1.48861e+00   9.09560e-01   6.18743e-03   6.50324e-05
   9  ANx2         5.09258e-04   constant   
  10  pNx2         1.79030e-01   constant   
  11  ANy1         0.00000e+00   constant   
  12  pNy1         0.00000e+00   constant   
  13  w_y          0.00000e+00   constant   
  14  ANy2         8.95951e-03     fixed    
  15  pNy2         6.17155e+00   constant   
  16  w_vw         1.43200e+01   constant   
  17  LM          -8.21731e-05   constant   
  18  wCBO_expCoeff   2.03698e+02   4.91101e+00   4.29310e-03  -2.78445e-04
  19  wCBO_expOffset   2.00892e+02   7.16567e-01   6.26162e-04  -1.90893e-03
  20  wCBO_expT    2.97122e+01   1.01685e-01   9.62086e-05  -1.22595e-02
  21  wCBO_linCoeff   0.00000e+00   constant   
  22  wCBO_const   1.38302e-03   3.32329e-03   4.24919e-06  -6.64476e-01
 EXTERNAL ERROR MATRIX.    NDIM=  25    NPAR=  7    ERR DEF=1
  9.205e-07 -4.073e-09  6.968e-06 -1.199e-04 -1.752e-05  5.338e-06  9.079e-09 
 -4.073e-09  5.893e-05  3.361e-04 -1.496e-03 -2.196e-04 -5.597e-05 -2.484e-05 
  6.968e-06  3.361e-04  8.273e-01  7.944e-02  1.162e-02 -1.590e-03  1.750e-04 
 -1.199e-04 -1.496e-03  7.944e-02  2.412e+01 -2.113e+00 -2.178e-01  1.070e-03 
 -1.752e-05 -2.196e-04  1.162e-02 -2.113e+00  5.135e-01 -3.181e-02  1.567e-04 
  5.338e-06 -5.597e-05 -1.590e-03 -2.178e-01 -3.181e-02  1.034e-02 -2.463e-06 
  9.079e-09 -2.484e-05  1.750e-04  1.070e-03  1.567e-04 -2.463e-06  1.104e-05 
ERR MATRIX NOT POS-DEF
 PARAMETER  CORRELATION COEFFICIENTS  
       NO.  GLOBAL      6      7      8     18     19     20     22
        6  0.06321   1.000 -0.001  0.008 -0.025 -0.025  0.055  0.003
        7  0.99360  -0.001  1.000  0.048 -0.040 -0.040 -0.072 -0.974
        8  0.72175   0.008  0.048  1.000  0.018  0.018 -0.017  0.058
       18  0.99603  -0.025 -0.040  0.018  1.000 -0.600 -0.436  0.066
       19  0.99603  -0.025 -0.040  0.018 -0.600  1.000 -0.437  0.066
       20  0.99535   0.055 -0.072 -0.017 -0.436 -0.437  1.000 -0.007
       22  0.99150   0.003 -0.974  0.058  0.066  0.066 -0.007  1.000
 ERR MATRIX NOT POS-DEF
MINUIT - FIT ONLY 1-CBO
 **********
 **   29 **RES 
 **********
                   PARAMETER   14  ANy2 RESTORED TO VARIABLE.
                   PARAMETER    4  phi RESTORED TO VARIABLE.
                   PARAMETER    3  A0 RESTORED TO VARIABLE.
                   PARAMETER    1  N0 RESTORED TO VARIABLE.
 **********
 **   30 **FIX            0
 **********
 PARAMETER    0  IS UNDEFINED. IGNORED.
 **********
 **   31 **FIX            1
 **********
 **********
 **   32 **FIX            2
 **********
 PARAMETER    2  IS CONSTANT.   IGNORED.
 **********
 **   33 **FIX            3
 **********
 **********
 **   34 **FIX            4
 **********
 **********
 **   35 **FIX            8
 **********
 **********
 **   36 **FIX            9
 **********
 PARAMETER    9  IS CONSTANT.   IGNORED.
 **********
 **   37 **FIX           11
 **********
 PARAMETER   11  IS CONSTANT.   IGNORED.
 **********
 **   38 **FIX           12
 **********
 PARAMETER   12  IS CONSTANT.   IGNORED.
 **********
 **   39 **FIX           13
 **********
 PARAMETER   13  IS CONSTANT.   IGNORED.
 **********
 **   40 **FIX           15
 **********
 PARAMETER   15  IS CONSTANT.   IGNORED.
 **********
 **   41 **FIX           16
 **********
 PARAMETER   16  IS CONSTANT.   IGNORED.
 **********
 **   42 **MIGRAD
 **********
 START MIGRAD MINIMIZATION.  STRATEGY  1.  CONVERGENCE WHEN EDM .LT. 1.00e-04
 FCN=401.577 FROM MIGRAD    STATUS=INITIATE       14 CALLS         461 TOTAL
                     EDM= unknown      STRATEGY= 1      NO ERROR MATRIX       
  EXT PARAMETER               CURRENT GUESS       STEP         FIRST   
  NO.   NAME      VALUE            ERROR          SIZE      DERIVATIVE 
   1  N0           2.93381e+06     fixed    
   2  tau          6.44064e+01   constant   
   3  A0           3.51107e-01     fixed    
   4  phi          4.11464e+00     fixed    
   5  R           -6.14263e+01   constant   
   6  A_CBO        1.45924e-03   9.59448e-04   9.41391e-06   5.78965e-02
   7  w_CBO        2.31576e+00   7.67632e-03   8.51792e-06  -3.12588e-01
   8  phi_CBO      1.48861e+00     fixed    
   9  ANx2         5.09258e-04   constant   
  10  pNx2         1.79030e-01   constant   
  11  ANy1         0.00000e+00   constant   
  12  pNy1         0.00000e+00   constant   
  13  w_y          0.00000e+00   constant   
  14  ANy2         8.95951e-03   1.00000e-04   1.00000e-04   1.96715e+04
  15  pNy2         6.17155e+00   constant   
  16  w_vw         1.43200e+01   constant   
  17  LM          -8.21731e-05   constant   
  18  wCBO_expCoeff   2.03698e+02   4.91101e+00   4.29310e-03  -2.75987e-04
  19  wCBO_expOffset   2.00892e+02   7.16567e-01   6.26162e-04  -1.89157e-03
  20  wCBO_expT    2.97122e+01   1.01685e-01   9.62086e-05  -1.17764e-02
  21  wCBO_linCoeff   0.00000e+00   constant   
  22  wCBO_const   1.38302e-03   3.32329e-03   4.24919e-06  -6.67351e-01
 MIGRAD MINIMIZATION HAS CONVERGED.
 MIGRAD WILL VERIFY CONVERGENCE AND ERROR MATRIX.
 FCN=315.839 FROM HESSE     STATUS=NOT POSDEF     50 CALLS         574 TOTAL
                     EDM=0.000643756    STRATEGY= 1      ERR MATRIX NOT POS-DEF
  EXT PARAMETER                APPROXIMATE        STEP         FIRST   
  NO.   NAME      VALUE            ERROR          SIZE      DERIVATIVE 
   1  N0           2.93381e+06     fixed    
   2  tau          6.44064e+01   constant   
   3  A0           3.51107e-01     fixed    
   4  phi          4.11464e+00     fixed    
   5  R           -6.14263e+01   constant   
   6  A_CBO        1.39596e-03   9.61681e-04   8.35355e-06   7.86028e-01
   7  w_CBO        2.31576e+00   7.61201e-03   8.66886e-06   1.03649e+00
   8  phi_CBO      1.48861e+00     fixed    
   9  ANx2         5.09258e-04   constant   
  10  pNx2         1.79030e-01   constant   
  11  ANy1         0.00000e+00   constant   
  12  pNy1         0.00000e+00   constant   
  13  w_y          0.00000e+00   constant   
  14  ANy2         2.42560e-04   9.37105e-04   8.18193e-06   4.87772e-02
  15  pNy2         6.17155e+00   constant   
  16  w_vw         1.43200e+01   constant   
  17  LM          -8.21731e-05   constant   
  18  wCBO_expCoeff   2.03690e+02   7.21515e+00   5.32713e-03   2.51114e-03
  19  wCBO_expOffset   2.00891e+02   1.05274e+00   7.77051e-04   1.72151e-02
  20  wCBO_expT    2.97122e+01   1.34404e-01   1.17213e-04  -2.64828e-01
  21  wCBO_linCoeff   0.00000e+00   constant   
  22  wCBO_const   1.38722e-03   3.29381e-03   4.17272e-06   1.88630e+00
 MIGRAD MINIMIZATION HAS CONVERGED.
 MIGRAD WILL VERIFY CONVERGENCE AND ERROR MATRIX.
 FCN=315.836 FROM MIGRAD    STATUS=CONVERGED     212 CALLS         659 TOTAL
                     EDM=6.64515e-08    STRATEGY= 1      ERR MATRIX NOT POS-DEF
  EXT PARAMETER                APPROXIMATE        STEP         FIRST   
  NO.   NAME      VALUE            ERROR          SIZE      DERIVATIVE 
   1  N0           2.93381e+06     fixed    
   2  tau          6.44064e+01   constant   
   3  A0           3.51107e-01     fixed    
   4  phi          4.11464e+00     fixed    
   5  R           -6.14263e+01   constant   
   6  A_CBO        1.40523e-03   9.60576e-04   8.35503e-06   5.09817e-02
   7  w_CBO        2.31571e+00   7.37924e-03   8.70337e-06   6.88673e-02
   8  phi_CBO      1.48861e+00     fixed    
   9  ANx2         5.09258e-04   constant   
  10  pNx2         1.79030e-01   constant   
  11  ANy1         0.00000e+00   constant   
  12  pNy1         0.00000e+00   constant   
  13  w_y          0.00000e+00   constant   
  14  ANy2         2.42159e-04   9.36838e-04   8.18186e-06   1.68923e-02
  15  pNy2         6.17155e+00   constant   
  16  w_vw         1.43200e+01   constant   
  17  LM          -8.21731e-05   constant   
  18  wCBO_expCoeff   2.03354e+02   7.37362e+00   5.45010e-03   4.55838e-04
  19  wCBO_expOffset   2.00842e+02   1.07831e+00   7.96678e-04   3.11821e-03
  20  wCBO_expT    2.97277e+01   1.36134e-01   1.19733e-04   1.93899e-02
  21  wCBO_linCoeff   0.00000e+00   constant   
  22  wCBO_const   1.37766e-03   3.19375e-03   4.17941e-06   6.66494e-02
 EXTERNAL ERROR MATRIX.    NDIM=  25    NPAR=  7    ERR DEF=1
  9.227e-07 -7.994e-09  5.712e-09 -2.431e-04 -3.562e-05  1.056e-05  4.025e-09 
 -7.994e-09  5.445e-05  1.195e-09 -1.179e-03 -1.742e-04 -6.368e-05 -2.299e-05 
  5.712e-09  1.195e-09  8.777e-07  1.277e-05  1.873e-06 -4.706e-07 -6.221e-10 
 -2.431e-04 -1.179e-03  1.277e-05  5.437e+01 -5.348e+00 -3.990e-01  1.181e-03 
 -3.562e-05 -1.742e-04  1.873e-06 -5.348e+00  1.163e+00 -5.844e-02  1.735e-04 
  1.056e-05 -6.368e-05 -4.706e-07 -3.990e-01 -5.844e-02  1.853e-02 -1.285e-05 
  4.025e-09 -2.299e-05 -6.221e-10  1.181e-03  1.735e-04 -1.285e-05  1.020e-05 
ERR MATRIX NOT POS-DEF
 PARAMETER  CORRELATION COEFFICIENTS  
       NO.  GLOBAL      6      7     14     18     19     20     22
        6  0.09069   1.000 -0.001  0.006 -0.034 -0.034  0.081  0.001
        7  0.99084  -0.001  1.000  0.000 -0.022 -0.022 -0.063 -0.975
       14  0.01083   0.006  0.000  1.000  0.002  0.002 -0.004 -0.000
       18  0.99640  -0.034 -0.022  0.002  1.000 -0.673 -0.397  0.050
       19  0.99641  -0.034 -0.022  0.002 -0.673  1.000 -0.398  0.050
       20  0.99491   0.081 -0.063 -0.004 -0.397 -0.398  1.000 -0.030
       22  0.98871   0.001 -0.975 -0.000  0.050  0.050 -0.030  1.000
 ERR MATRIX NOT POS-DEF
MINUIT - FIT ONLY 2-CBO
 **********
 **   43 **RES 
 **********
                   PARAMETER    8  phi_CBO RESTORED TO VARIABLE.
                   PARAMETER    4  phi RESTORED TO VARIABLE.
                   PARAMETER    3  A0 RESTORED TO VARIABLE.
                   PARAMETER    1  N0 RESTORED TO VARIABLE.
 **********
 **   44 **FIX            0
 **********
 PARAMETER    0  IS UNDEFINED. IGNORED.
 **********
 **   45 **FIX            1
 **********
 **********
 **   46 **FIX            2
 **********
 PARAMETER    2  IS CONSTANT.   IGNORED.
 **********
 **   47 **FIX            3
 **********
 **********
 **   48 **FIX            4
 **********
 **********
 **   49 **FIX            5
 **********
 PARAMETER    5  IS CONSTANT.   IGNORED.
 **********
 **   50 **FIX            6
 **********
 **********
 **   51 **FIX            7
 **********
 **********
 **   52 **FIX           10
 **********
 PARAMETER   10  IS CONSTANT.   IGNORED.
 **********
 **   53 **FIX           11
 **********
 PARAMETER   11  IS CONSTANT.   IGNORED.
 **********
 **   54 **FIX           12
 **********
 PARAMETER   12  IS CONSTANT.   IGNORED.
 **********
 **   55 **FIX           13
 **********
 PARAMETER   13  IS CONSTANT.   IGNORED.
 **********
 **   56 **FIX           14
 **********
 **********
 **   57 **FIX           15
 **********
 PARAMETER   15  IS CONSTANT.   IGNORED.
 **********
 **   58 **FIX           16
 **********
 PARAMETER   16  IS CONSTANT.   IGNORED.
 **********
 **   59 **MIGRAD
 **********
 START MIGRAD MINIMIZATION.  STRATEGY  1.  CONVERGENCE WHEN EDM .LT. 1.00e-04
 FCN=315.836 FROM MIGRAD    STATUS=INITIATE       10 CALLS         669 TOTAL
                     EDM= unknown      STRATEGY= 1      NO ERROR MATRIX       
  EXT PARAMETER               CURRENT GUESS       STEP         FIRST   
  NO.   NAME      VALUE            ERROR          SIZE      DERIVATIVE 
   1  N0           2.93381e+06     fixed    
   2  tau          6.44064e+01   constant   
   3  A0           3.51107e-01     fixed    
   4  phi          4.11464e+00     fixed    
   5  R           -6.14263e+01   constant   
   6  A_CBO        1.40523e-03     fixed    
   7  w_CBO        2.31571e+00     fixed    
   8  phi_CBO      1.48861e+00   9.09560e-01   9.09560e-01  -1.81895e-03
   9  ANx2         5.09258e-04   constant   
  10  pNx2         1.79030e-01   constant   
  11  ANy1         0.00000e+00   constant   
  12  pNy1         0.00000e+00   constant   
  13  w_y          0.00000e+00   constant   
  14  ANy2         2.42159e-04     fixed    
  15  pNy2         6.17155e+00   constant   
  16  w_vw         1.43200e+01   constant   
  17  LM          -8.21731e-05   constant   
  18  wCBO_expCoeff   2.03354e+02   7.37362e+00   5.45010e-03   4.59827e-04
  19  wCBO_expOffset   2.00842e+02   1.07831e+00   7.96678e-04   3.14587e-03
  20  wCBO_expT    2.97277e+01   1.36134e-01   1.19733e-04   2.01647e-02
  21  wCBO_linCoeff   0.00000e+00   constant   
  22  wCBO_const   1.37766e-03   3.19375e-03   4.17941e-06   6.35235e-02
 MIGRAD MINIMIZATION HAS CONVERGED.
 MIGRAD WILL VERIFY CONVERGENCE AND ERROR MATRIX.
 FCN=315.836 FROM MIGRAD    STATUS=CONVERGED      53 CALLS         712 TOTAL
                     EDM=1.68728e-06    STRATEGY= 1      ERR MATRIX NOT POS-DEF
  EXT PARAMETER                APPROXIMATE        STEP         FIRST   
  NO.   NAME      VALUE            ERROR          SIZE      DERIVATIVE 
   1  N0           2.93381e+06     fixed    
   2  tau          6.44064e+01   constant   
   3  A0           3.51107e-01     fixed    
   4  phi          4.11464e+00     fixed    
   5  R           -6.14263e+01   constant   
   6  A_CBO        1.40523e-03     fixed    
   7  w_CBO        2.31571e+00     fixed    
   8  phi_CBO      1.48878e+00   1.27544e+00   5.69992e-03  -5.76923e-04
   9  ANx2         5.09258e-04   constant   
  10  pNx2         1.79030e-01   constant   
  11  ANy1         0.00000e+00   constant   
  12  pNy1         0.00000e+00   constant   
  13  w_y          0.00000e+00   constant   
  14  ANy2         2.42159e-04     fixed    
  15  pNy2         6.17155e+00   constant   
  16  w_vw         1.43200e+01   constant   
  17  LM          -8.21731e-05   constant   
  18  wCBO_expCoeff   2.03354e+02   7.41327e+00   5.45681e-03  -7.94828e-04
  19  wCBO_expOffset   2.00842e+02   1.08422e+00   7.97716e-04  -5.43696e-03
  20  wCBO_expT    2.97277e+01   1.36807e-01   1.19861e-04  -3.76854e-02
  21  wCBO_linCoeff   0.00000e+00   constant   
  22  wCBO_const   1.37766e-03   8.14556e-04   4.17942e-06  -1.28208e+00
 EXTERNAL ERROR MATRIX.    NDIM=  25    NPAR=  5    ERR DEF=1
  1.627e+00  9.421e-01  1.383e-01 -2.397e-02  5.197e-04 
  9.421e-01  5.496e+01 -5.297e+00 -4.119e-01  9.851e-04 
  1.383e-01 -5.297e+00  1.176e+00 -6.037e-02  1.444e-04 
 -2.397e-02 -4.119e-01 -6.037e-02  1.872e-02 -4.745e-05 
  5.197e-04  9.851e-04  1.444e-04 -4.745e-05  6.635e-07 
ERR MATRIX NOT POS-DEF
 PARAMETER  CORRELATION COEFFICIENTS  
       NO.  GLOBAL      8     18     19     20     22
        8  0.85918   1.000  0.100  0.100 -0.137  0.500
       18  0.99644   0.100  1.000 -0.659 -0.406  0.163
       19  0.99645   0.100 -0.659  1.000 -0.407  0.163
       20  0.99496  -0.137 -0.406 -0.407  1.000 -0.426
       22  0.80925   0.500  0.163  0.163 -0.426  1.000
 ERR MATRIX NOT POS-DEF
MINUIT - FIT ONLY 1-y
 **********
 **   60 **RES 
 **********
                   PARAMETER   14  ANy2 RESTORED TO VARIABLE.
                   PARAMETER    7  w_CBO RESTORED TO VARIABLE.
                   PARAMETER    6  A_CBO RESTORED TO VARIABLE.
                   PARAMETER    4  phi RESTORED TO VARIABLE.
                   PARAMETER    3  A0 RESTORED TO VARIABLE.
                   PARAMETER    1  N0 RESTORED TO VARIABLE.
 **********
 **   61 **FIX            0
 **********
 PARAMETER    0  IS UNDEFINED. IGNORED.
 **********
 **   62 **FIX            1
 **********
 **********
 **   63 **FIX            2
 **********
 PARAMETER    2  IS CONSTANT.   IGNORED.
 **********
 **   64 **FIX            3
 **********
 **********
 **   65 **FIX            4
 **********
 **********
 **   66 **FIX            5
 **********
 PARAMETER    5  IS CONSTANT.   IGNORED.
 **********
 **   67 **FIX            6
 **********
 **********
 **   68 **FIX            7
 **********
 **********
 **   69 **FIX            8
 **********
 **********
 **   70 **FIX            9
 **********
 PARAMETER    9  IS CONSTANT.   IGNORED.
 **********
 **   71 **FIX           13
 **********
 PARAMETER   13  IS CONSTANT.   IGNORED.
 **********
 **   72 **FIX           14
 **********
 **********
 **   73 **FIX           15
 **********
 PARAMETER   15  IS CONSTANT.   IGNORED.
 **********
 **   74 **FIX           16
 **********
 PARAMETER   16  IS CONSTANT.   IGNORED.
 **********
 **   75 **MIGRAD
 **********
 START MIGRAD MINIMIZATION.  STRATEGY  1.  CONVERGENCE WHEN EDM .LT. 1.00e-04
 FCN=315.836 FROM MIGRAD    STATUS=INITIATE        8 CALLS         720 TOTAL
                     EDM= unknown      STRATEGY= 1      NO ERROR MATRIX       
  EXT PARAMETER               CURRENT GUESS       STEP         FIRST   
  NO.   NAME      VALUE            ERROR          SIZE      DERIVATIVE 
   1  N0           2.93381e+06     fixed    
   2  tau          6.44064e+01   constant   
   3  A0           3.51107e-01     fixed    
   4  phi          4.11464e+00     fixed    
   5  R           -6.14263e+01   constant   
   6  A_CBO        1.40523e-03     fixed    
   7  w_CBO        2.31571e+00     fixed    
   8  phi_CBO      1.48878e+00     fixed    
   9  ANx2         5.09258e-04   constant   
  10  pNx2         1.79030e-01   constant   
  11  ANy1         0.00000e+00   constant   
  12  pNy1         0.00000e+00   constant   
  13  w_y          0.00000e+00   constant   
  14  ANy2         2.42159e-04     fixed    
  15  pNy2         6.17155e+00   constant   
  16  w_vw         1.43200e+01   constant   
  17  LM          -8.21731e-05   constant   
  18  wCBO_expCoeff   2.03354e+02   7.41327e+00   5.45681e-03  -7.70582e-04
  19  wCBO_expOffset   2.00842e+02   1.08422e+00   7.97716e-04  -5.26866e-03
  20  wCBO_expT    2.97277e+01   1.36807e-01   1.19861e-04  -3.69101e-02
  21  wCBO_linCoeff   0.00000e+00   constant   
  22  wCBO_const   1.37766e-03   8.14556e-04   4.17942e-06  -1.28520e+00
 MIGRAD MINIMIZATION HAS CONVERGED.
 MIGRAD WILL VERIFY CONVERGENCE AND ERROR MATRIX.
 FCN=315.836 FROM MIGRAD    STATUS=CONVERGED      47 CALLS         759 TOTAL
                     EDM=3.00084e-08    STRATEGY= 1      ERR MATRIX NOT POS-DEF
  EXT PARAMETER                APPROXIMATE        STEP         FIRST   
  NO.   NAME      VALUE            ERROR          SIZE      DERIVATIVE 
   1  N0           2.93381e+06     fixed    
   2  tau          6.44064e+01   constant   
   3  A0           3.51107e-01     fixed    
   4  phi          4.11464e+00     fixed    
   5  R           -6.14263e+01   constant   
   6  A_CBO        1.40523e-03     fixed    
   7  w_CBO        2.31571e+00     fixed    
   8  phi_CBO      1.48878e+00     fixed    
   9  ANx2         5.09258e-04   constant   
  10  pNx2         1.79030e-01   constant   
  11  ANy1         0.00000e+00   constant   
  12  pNy1         0.00000e+00   constant   
  13  w_y          0.00000e+00   constant   
  14  ANy2         2.42159e-04     fixed    
  15  pNy2         6.17155e+00   constant   
  16  w_vw         1.43200e+01   constant   
  17  LM          -8.21731e-05   constant   
  18  wCBO_expCoeff   2.03354e+02   8.08202e+00   5.45709e-03   9.11159e-05
  19  wCBO_expOffset   2.00842e+02   1.18199e+00   7.97757e-04   6.23290e-04
  20  wCBO_expT    2.97277e+01   1.43483e-01   1.19866e-04   3.05987e-03
  21  wCBO_linCoeff   0.00000e+00   constant   
  22  wCBO_const   1.37770e-03   7.12416e-04   4.17941e-06  -2.86608e-01
 EXTERNAL ERROR MATRIX.    NDIM=  25    NPAR=  4    ERR DEF=1
  6.532e+01 -6.663e+00 -4.465e-01  7.835e-04 
 -6.663e+00  1.397e+00 -6.545e-02  1.147e-04 
 -4.465e-01 -6.545e-02  2.059e-02 -4.437e-05 
  7.835e-04  1.147e-04 -4.437e-05  5.075e-07 
ERR MATRIX NOT POS-DEF
 PARAMETER  CORRELATION COEFFICIENTS  
       NO.  GLOBAL     18     19     20     22
       18  0.99701   1.000 -0.697 -0.385  0.136
       19  0.99701  -0.697  1.000 -0.386  0.136
       20  0.99541  -0.385 -0.386  1.000 -0.434
       22  0.74060   0.136  0.136 -0.434  1.000
 ERR MATRIX NOT POS-DEF
MINUIT - FIT ONLY 2-y
 **********
 **   76 **RES 
 **********
                   PARAMETER   14  ANy2 RESTORED TO VARIABLE.
                   PARAMETER    8  phi_CBO RESTORED TO VARIABLE.
                   PARAMETER    7  w_CBO RESTORED TO VARIABLE.
                   PARAMETER    6  A_CBO RESTORED TO VARIABLE.
                   PARAMETER    4  phi RESTORED TO VARIABLE.
                   PARAMETER    3  A0 RESTORED TO VARIABLE.
                   PARAMETER    1  N0 RESTORED TO VARIABLE.
 **********
 **   77 **FIX            0
 **********
 PARAMETER    0  IS UNDEFINED. IGNORED.
 **********
 **   78 **FIX            1
 **********
 **********
 **   79 **FIX            2
 **********
 PARAMETER    2  IS CONSTANT.   IGNORED.
 **********
 **   80 **FIX            3
 **********
 **********
 **   81 **FIX            4
 **********
 **********
 **   82 **FIX            5
 **********
 PARAMETER    5  IS CONSTANT.   IGNORED.
 **********
 **   83 **FIX            6
 **********
 **********
 **   84 **FIX            7
 **********
 **********
 **   85 **FIX            8
 **********
 **********
 **   86 **FIX            9
 **********
 PARAMETER    9  IS CONSTANT.   IGNORED.
 **********
 **   87 **FIX           10
 **********
 PARAMETER   10  IS CONSTANT.   IGNORED.
 **********
 **   88 **FIX           11
 **********
 PARAMETER   11  IS CONSTANT.   IGNORED.
 **********
 **   89 **FIX           12
 **********
 PARAMETER   12  IS CONSTANT.   IGNORED.
 **********
 **   90 **FIX           16
 **********
 PARAMETER   16  IS CONSTANT.   IGNORED.
 **********
 **   91 **MIGRAD
 **********
 START MIGRAD MINIMIZATION.  STRATEGY  1.  CONVERGENCE WHEN EDM .LT. 1.00e-04
 FCN=315.836 FROM MIGRAD    STATUS=INITIATE       10 CALLS         769 TOTAL
                     EDM= unknown      STRATEGY= 1      NO ERROR MATRIX       
  EXT PARAMETER               CURRENT GUESS       STEP         FIRST   
  NO.   NAME      VALUE            ERROR          SIZE      DERIVATIVE 
   1  N0           2.93381e+06     fixed    
   2  tau          6.44064e+01   constant   
   3  A0           3.51107e-01     fixed    
   4  phi          4.11464e+00     fixed    
   5  R           -6.14263e+01   constant   
   6  A_CBO        1.40523e-03     fixed    
   7  w_CBO        2.31571e+00     fixed    
   8  phi_CBO      1.48878e+00     fixed    
   9  ANx2         5.09258e-04   constant   
  10  pNx2         1.79030e-01   constant   
  11  ANy1         0.00000e+00   constant   
  12  pNy1         0.00000e+00   constant   
  13  w_y          0.00000e+00   constant   
  14  ANy2         2.42159e-04   9.36838e-04   9.36838e-04   1.77580e-02
  15  pNy2         6.17155e+00   constant   
  16  w_vw         1.43200e+01   constant   
  17  LM          -8.21731e-05   constant   
  18  wCBO_expCoeff   2.03354e+02   8.08202e+00   5.45709e-03   9.51149e-05
  19  wCBO_expOffset   2.00842e+02   1.18199e+00   7.97757e-04   6.51044e-04
  20  wCBO_expT    2.97277e+01   1.43483e-01   1.19866e-04   3.18768e-03
  21  wCBO_linCoeff   0.00000e+00   constant   
  22  wCBO_const   1.37770e-03   7.12416e-04   4.17941e-06  -2.89735e-01
 MIGRAD MINIMIZATION HAS CONVERGED.
 MIGRAD WILL VERIFY CONVERGENCE AND ERROR MATRIX.
 FCN=315.836 FROM MIGRAD    STATUS=CONVERGED      60 CALLS         819 TOTAL
                     EDM=5.01937e-09    STRATEGY= 1      ERR MATRIX NOT POS-DEF
  EXT PARAMETER                APPROXIMATE        STEP         FIRST   
  NO.   NAME      VALUE            ERROR          SIZE      DERIVATIVE 
   1  N0           2.93381e+06     fixed    
   2  tau          6.44064e+01   constant   
   3  A0           3.51107e-01     fixed    
   4  phi          4.11464e+00     fixed    
   5  R           -6.14263e+01   constant   
   6  A_CBO        1.40523e-03     fixed    
   7  w_CBO        2.31571e+00     fixed    
   8  phi_CBO      1.48878e+00     fixed    
   9  ANx2         5.09258e-04   constant   
  10  pNx2         1.79030e-01   constant   
  11  ANy1         0.00000e+00   constant   
  12  pNy1         0.00000e+00   constant   
  13  w_y          0.00000e+00   constant   
  14  ANy2         2.42145e-04   9.37179e-04   8.18186e-06  -1.31751e-02
  15  pNy2         6.17155e+00   constant   
  16  w_vw         1.43200e+01   constant   
  17  LM          -8.21731e-05   constant   
  18  wCBO_expCoeff   2.03354e+02   8.08224e+00   5.45668e-03  -1.11835e-04
  19  wCBO_expOffset   2.00842e+02   1.18203e+00   7.97696e-04  -7.65020e-04
  20  wCBO_expT    2.97277e+01   1.43490e-01   1.19859e-04  -5.57328e-03
  21  wCBO_linCoeff   0.00000e+00   constant   
  22  wCBO_const   1.37776e-03   7.12420e-04   4.17943e-06  -1.78883e-01
 EXTERNAL ERROR MATRIX.    NDIM=  25    NPAR=  5    ERR DEF=1
  8.783e-07  1.585e-05  2.325e-06 -6.053e-07  1.927e-11 
  1.585e-05  6.532e+01 -6.663e+00 -4.465e-01  7.835e-04 
  2.325e-06 -6.663e+00  1.397e+00 -6.546e-02  1.147e-04 
 -6.053e-07 -4.465e-01 -6.546e-02  2.059e-02 -4.437e-05 
  1.927e-11  7.835e-04  1.147e-04 -4.437e-05  5.075e-07 
ERR MATRIX NOT POS-DEF
 PARAMETER  CORRELATION COEFFICIENTS  
       NO.  GLOBAL     14     18     19     20     22
       14  0.00893   1.000  0.002  0.002 -0.005  0.000
       18  0.99701   0.002  1.000 -0.697 -0.385  0.136
       19  0.99701   0.002 -0.697  1.000 -0.386  0.136
       20  0.99541  -0.005 -0.385 -0.386  1.000 -0.434
       22  0.74060   0.000  0.136  0.136 -0.434  1.000
 ERR MATRIX NOT POS-DEF
MINUIT - FIT ALTOGETHER
 **********
 **   92 **RES 
 **********
                   PARAMETER    8  phi_CBO RESTORED TO VARIABLE.
                   PARAMETER    7  w_CBO RESTORED TO VARIABLE.
                   PARAMETER    6  A_CBO RESTORED TO VARIABLE.
                   PARAMETER    4  phi RESTORED TO VARIABLE.
                   PARAMETER    3  A0 RESTORED TO VARIABLE.
