 + ++++++++++++++++++++++++++++++++++++++++++++++++++++++++++++++++++++ +
 +                                                                      +
 +           You have chose to blind your fitting according to          +
 +                omega_ref * (1 + (R +/- deltaR) *10^{-6})             +
 +                                                                      +
 + ++++++++++++++++++++++++++++++++++++++++++++++++++++++++++++++++++++ +
In main()...
reading format from /gm2data/zkhechad/run45/envelope/formats/formatB_sBin_constraintOn.txt
pBinTau 	= 0  
pBinPhi 	= 0  
constraintau 	= 1 
includeMopTerm 	= 0    
constrainMop    = 0   
Parameters after format file: pBinTau 0 pBinPhi 0 constraintau 1 includeMopTerm 0 constrainMop 0 c_e_scale 0.000000 
reading cbo reference file (full fit) from /gm2data/zkhechad/cboTemplates/Run4CBOTemplates/fullFits/run4/sBin_constraintOn_cE0.0_seed0_run4_calo18.root
A_CBO 0.008791 w_CBO 2.327338 phi_CBO 0.630678 N0 3499835.498759 R -60.917989 tau 64.411905 
Reading cboRef file /gm2data/zkhechad/cboTemplates/Run4CBOTemplates//cboIsolate/run4_calo18.root
deltaT 5.547335
windowBins = 120
fitting sliding window 60 from bin 263 at 39.239600 to bin 383 at 57.143600 (120 bins)

Reading data from /gm2data/cornell/histograms/aMethod/histogram_a_run4.root
fitting cbo isolate
 **********
 **    1 **SET PRINTOUT            1
 **********
 **********
 **    2 **SET NOWARNINGS 
 **********
 PARAMETER DEFINITIONS:
    NO.   NAME         VALUE      STEP SIZE      LIMITS
     1 A_CBO        8.79094e-03  1.00000e-05     no limits
     2 w_CBO        2.32734e+00  1.00000e-02    2.00000e+00  3.00000e+00
     3 phi_CBO      6.30678e-01  1.00000e-02    0.00000e+00  6.28319e+00
 **********
 **    3 **MIGRAD
 **********
 FIRST CALL TO USER FUNCTION AT NEW START POINT, WITH IFLAG=4.
 START MIGRAD MINIMIZATION.  STRATEGY  1.  CONVERGENCE WHEN EDM .LT. 1.00e-04
 FCN=7.60275e-05 FROM MIGRAD    STATUS=INITIATE       12 CALLS          13 TOTAL
                     EDM= unknown      STRATEGY= 1      NO ERROR MATRIX       
  EXT PARAMETER               CURRENT GUESS       STEP         FIRST   
  NO.   NAME      VALUE            ERROR          SIZE      DERIVATIVE 
   1  A_CBO        8.79094e-03   1.00000e-05   1.00000e-05   8.76813e-02
   2  w_CBO        2.32734e+00   1.00000e-02   2.13132e-02   3.67843e-03
   3  phi_CBO      6.30678e-01   1.00000e-02   5.29649e-03  -3.20397e-04
 MIGRAD MINIMIZATION HAS CONVERGED.
 MIGRAD WILL VERIFY CONVERGENCE AND ERROR MATRIX.
 COVARIANCE MATRIX CALCULATED SUCCESSFULLY
 FCN=4.45406e-05 FROM MIGRAD    STATUS=CONVERGED      38 CALLS          39 TOTAL
                     EDM=3.49725e-06    STRATEGY= 1      ERROR MATRIX ACCURATE 
  EXT PARAMETER                                   STEP         FIRST   
  NO.   NAME      VALUE            ERROR          SIZE      DERIVATIVE 
   1  A_CBO        8.14026e-03   1.28512e-01   6.26180e-05   7.99467e-03
   2  w_CBO        2.32697e+00   6.97054e-01   3.33595e-04  -3.14204e-03
   3  phi_CBO      6.49365e-01   3.30875e+00   4.02505e-03   2.50798e-04
 EXTERNAL ERROR MATRIX.    NDIM=  25    NPAR=  3    ERR DEF=1
  1.652e-02 -2.134e-02 -1.030e+00 
 -2.134e-02  6.589e+00  3.130e+02 
 -1.030e+00  3.130e+02  1.513e+04 
 PARAMETER  CORRELATION COEFFICIENTS  
       NO.  GLOBAL      1      2      3
        1  0.06516   1.000 -0.065 -0.065
        2  0.99157  -0.065  1.000  0.992
        3  0.99157  -0.065  0.992  1.000
setting A_CBO=0.008140 w_CBO=2.326974, phi_CBO=0.649365
done fitting cbo isolate
 **********
 **    1 **SET PRINTOUT            1
 **********
 **********
 **    2 **SET NOWARNINGS 
 **********
 PARAMETER DEFINITIONS:
    NO.   NAME         VALUE      STEP SIZE      LIMITS
     1 N0           3.49984e+06  1.00000e+02     no limits
     2 tau          6.44119e+01  constant
     3 A0           3.53539e-01  1.00000e-04     no limits
     4 phi          4.12187e+00  1.00000e-02     no limits
     5 R           -6.09180e+01  constant
     6 A_CBO        8.14026e-03  1.00000e-05     no limits
     7 w_CBO        2.32697e+00  1.00000e-03     no limits
     8 phi_CBO      6.49365e-01  1.00000e-04     no limits
     9 ANx2         2.22853e-04  constant
    10 pNx2         5.08518e+00  constant
    11 ANy1         0.00000e+00  constant
    12 pNy1         0.00000e+00  constant
    13 w_y          0.00000e+00  constant
    14 ANy2         9.04789e-03  1.00000e-04     no limits
    15 pNy2         3.29982e+00  constant
    16 w_vw         1.43191e+01  constant
    17 LM           2.21951e-04  constant
    18 wCBO_expCoeff   2.00000e+02  1.00000e+00     no limits
    19 wCBO_expOffset   2.00000e+02  1.00000e+00     no limits
    20 wCBO_expT    3.00000e+01  1.00000e+00     no limits
    21 wCBO_linCoeff   0.00000e+00  constant
    22 wCBO_const   0.00000e+00  1.00000e-02     no limits
MINUIT - FIT ONLY WIGGLE
 **********
 **    3 **FIX            5
 **********
 PARAMETER    5  IS CONSTANT.   IGNORED.
 **********
 **    4 **FIX            6
 **********
 **********
 **    5 **FIX            7
 **********
 **********
 **    6 **FIX            8
 **********
 **********
 **    7 **FIX            9
 **********
 PARAMETER    9  IS CONSTANT.   IGNORED.
 **********
 **    8 **FIX           10
 **********
 PARAMETER   10  IS CONSTANT.   IGNORED.
 **********
 **    9 **FIX           11
 **********
 PARAMETER   11  IS CONSTANT.   IGNORED.
 **********
 **   10 **FIX           12
 **********
 PARAMETER   12  IS CONSTANT.   IGNORED.
 **********
 **   11 **FIX           13
 **********
 PARAMETER   13  IS CONSTANT.   IGNORED.
 **********
 **   12 **FIX           14
 **********
 **********
 **   13 **FIX           15
 **********
 PARAMETER   15  IS CONSTANT.   IGNORED.
 **********
 **   14 **FIX           16
 **********
 PARAMETER   16  IS CONSTANT.   IGNORED.
 **********
 **   15 **MIGRAD
 **********
 FIRST CALL TO USER FUNCTION AT NEW START POINT, WITH IFLAG=4.
 START MIGRAD MINIMIZATION.  STRATEGY  1.  CONVERGENCE WHEN EDM .LT. 1.00e-04
 FCN=9365.27 FROM MIGRAD    STATUS=INITIATE       61 CALLS          62 TOTAL
                     EDM= unknown      STRATEGY= 1      NO ERROR MATRIX       
  EXT PARAMETER               CURRENT GUESS       STEP         FIRST   
  NO.   NAME      VALUE            ERROR          SIZE      DERIVATIVE 
   1  N0           3.49984e+06   1.00000e+02   0.00000e+00   8.42796e-03
   2  tau          6.44119e+01   constant   
   3  A0           3.53539e-01   1.00000e-04   0.00000e+00   6.87769e+04
   4  phi          4.12187e+00   1.00000e-02   0.00000e+00   3.26179e+04
   5  R           -6.09180e+01   constant   
   6  A_CBO        8.14026e-03     fixed    
   7  w_CBO        2.32697e+00     fixed    
   8  phi_CBO      6.49365e-01     fixed    
   9  ANx2         2.22853e-04   constant   
  10  pNx2         5.08518e+00   constant   
  11  ANy1         0.00000e+00   constant   
  12  pNy1         0.00000e+00   constant   
  13  w_y          0.00000e+00   constant   
  14  ANy2         9.04789e-03     fixed    
  15  pNy2         3.29982e+00   constant   
  16  w_vw         1.43191e+01   constant   
  17  LM           2.21951e-04   constant   
  18  wCBO_expCoeff   2.00001e+02   1.00000e+00   5.80794e-04   9.07360e+06
  19  wCBO_expOffset   2.00000e+02   1.00000e+00   0.00000e+00  -1.01894e+07
  20  wCBO_expT    3.00000e+01   1.00000e+00   0.00000e+00  -7.43668e+07
  21  wCBO_linCoeff   0.00000e+00   constant   
  22  wCBO_const   0.00000e+00   1.00000e-02   0.00000e+00   8.68981e+04
 MIGRAD FAILS TO FIND IMPROVEMENT
 FCN=9365.27 FROM HESSE     STATUS=NOT POSDEF     56 CALLS         154 TOTAL
                     EDM=88288.1    STRATEGY= 1      ERR MATRIX NOT POS-DEF
  EXT PARAMETER                APPROXIMATE        STEP         FIRST   
  NO.   NAME      VALUE            ERROR          SIZE      DERIVATIVE 
   1  N0           3.49984e+06   2.61350e+02   1.38615e+01   8.42796e-03
   2  tau          6.44119e+01   constant   
   3  A0           3.53539e-01   1.14770e-04   5.26373e-06   6.87769e+04
   4  phi          4.12187e+00   4.89376e-04   1.54312e-05   3.26179e+04
   5  R           -6.09180e+01   constant   
   6  A_CBO        8.14026e-03     fixed    
   7  w_CBO        2.32697e+00     fixed    
   8  phi_CBO      6.49365e-01     fixed    
   9  ANx2         2.22853e-04   constant   
  10  pNx2         5.08518e+00   constant   
  11  ANy1         0.00000e+00   constant   
  12  pNy1         0.00000e+00   constant   
  13  w_y          0.00000e+00   constant   
  14  ANy2         9.04789e-03     fixed    
  15  pNy2         3.29982e+00   constant   
  16  w_vw         1.43191e+01   constant   
  17  LM           2.21951e-04   constant   
  18  wCBO_expCoeff   2.00001e+02   1.59207e-05   9.53677e-05   1.36914e+07
  19  wCBO_expOffset   2.00000e+02   2.79142e-05   9.53674e-05  -1.14027e+07
  20  wCBO_expT    3.00000e+01   1.40224e-06   1.43051e-05  -4.30319e+08
  21  wCBO_linCoeff   0.00000e+00   constant   
  22  wCBO_const  -2.42135e-12   1.38788e-03   1.20516e-05   8.68982e+04
 MIGRAD FAILS TO FIND IMPROVEMENT
 MIGRAD TERMINATED WITHOUT CONVERGENCE.
 FCN=9365.27 FROM MIGRAD    STATUS=FAILED        164 CALLS         165 TOTAL
                     EDM=88288.1    STRATEGY= 1      ERR MATRIX NOT POS-DEF
  EXT PARAMETER                APPROXIMATE        STEP         FIRST   
  NO.   NAME      VALUE            ERROR          SIZE      DERIVATIVE 
   1  N0           3.49984e+06   2.61350e+02  -0.00000e+00   8.42796e-03
   2  tau          6.44119e+01   constant   
   3  A0           3.53539e-01   1.14770e-04   0.00000e+00   6.87769e+04
   4  phi          4.12187e+00   4.89376e-04  -0.00000e+00   3.26179e+04
   5  R           -6.09180e+01   constant   
   6  A_CBO        8.14026e-03     fixed    
   7  w_CBO        2.32697e+00     fixed    
   8  phi_CBO      6.49365e-01     fixed    
   9  ANx2         2.22853e-04   constant   
  10  pNx2         5.08518e+00   constant   
  11  ANy1         0.00000e+00   constant   
  12  pNy1         0.00000e+00   constant   
  13  w_y          0.00000e+00   constant   
  14  ANy2         9.04789e-03     fixed    
  15  pNy2         3.29982e+00   constant   
  16  w_vw         1.43191e+01   constant   
  17  LM           2.21951e-04   constant   
  18  wCBO_expCoeff   2.00001e+02   1.59207e-05   0.00000e+00   1.36914e+07
  19  wCBO_expOffset   2.00000e+02   2.79142e-05   0.00000e+00  -1.14027e+07
  20  wCBO_expT    3.00000e+01   1.40224e-06   0.00000e+00  -4.30319e+08
  21  wCBO_linCoeff   0.00000e+00   constant   
  22  wCBO_const  -2.42135e-12   1.38788e-03   0.00000e+00   8.68982e+04
 EXTERNAL ERROR MATRIX.    NDIM=  25    NPAR=  7    ERR DEF=1
  6.830e+04 -5.253e-04  7.065e-03 -2.941e-04 -5.768e-04 -2.478e-05 -1.762e-02 
 -5.253e-04  1.317e-08 -2.420e-08  9.749e-10  1.692e-09  8.627e-11  8.054e-08 
  7.065e-03 -2.420e-08  2.395e-07 -6.323e-09 -1.097e-08 -5.580e-10 -5.267e-07 
 -2.941e-04  9.749e-10 -6.323e-09  2.535e-10  4.410e-10  2.219e-11  2.137e-08 
 -5.768e-04  1.692e-09 -1.097e-08  4.410e-10  7.792e-10  3.872e-11  3.810e-08 
 -2.478e-05  8.627e-11 -5.580e-10  2.219e-11  3.872e-11  1.966e-12  1.887e-09 
 -1.762e-02  8.054e-08 -5.267e-07  2.137e-08  3.810e-08  1.887e-09  1.926e-06 
ERR MATRIX NOT POS-DEF
 PARAMETER  CORRELATION COEFFICIENTS  
       NO.  GLOBAL      1      3      4     18     19     20     22
        1  0.22805   1.000 -0.018  0.055 -0.071 -0.079 -0.068 -0.049
        3  0.54128  -0.018  1.000 -0.431  0.534  0.528  0.536  0.506
        4  0.81596   0.055 -0.431  1.000 -0.811 -0.803 -0.813 -0.776
       18  0.99674  -0.071  0.534 -0.811  1.000  0.992  0.994  0.967
       19  0.99683  -0.079  0.528 -0.803  0.992  1.000  0.989  0.983
       20  0.99478  -0.068  0.536 -0.813  0.994  0.989  1.000  0.970
       22  0.98725  -0.049  0.506 -0.776  0.967  0.983  0.970  1.000
 ERR MATRIX NOT POS-DEF
MINUIT - FIT ONLY 1-CBO + other amplitudes 
 **********
 **   16 **RES 
 **********
                   PARAMETER   14  ANy2 RESTORED TO VARIABLE.
                   PARAMETER    8  phi_CBO RESTORED TO VARIABLE.
                   PARAMETER    7  w_CBO RESTORED TO VARIABLE.
                   PARAMETER    6  A_CBO RESTORED TO VARIABLE.
 **********
 **   17 **FIX            0
 **********
 PARAMETER    0  IS UNDEFINED. IGNORED.
 **********
 **   18 **FIX            1
 **********
 **********
 **   19 **FIX            2
 **********
 PARAMETER    2  IS CONSTANT.   IGNORED.
 **********
 **   20 **FIX            3
 **********
 **********
 **   21 **FIX            4
 **********
 **********
 **   22 **FIX            9
 **********
 PARAMETER    9  IS CONSTANT.   IGNORED.
 **********
 **   23 **FIX           11
 **********
 PARAMETER   11  IS CONSTANT.   IGNORED.
 **********
 **   24 **FIX           12
 **********
 PARAMETER   12  IS CONSTANT.   IGNORED.
 **********
 **   25 **FIX           14
 **********
 **********
 **   26 **FIX           15
 **********
 PARAMETER   15  IS CONSTANT.   IGNORED.
 **********
 **   27 **FIX           16
 **********
 PARAMETER   16  IS CONSTANT.   IGNORED.
 **********
 **   28 **MIGRAD
 **********
 START MIGRAD MINIMIZATION.  STRATEGY  1.  CONVERGENCE WHEN EDM .LT. 1.00e-04
 FCN=9365.27 FROM MIGRAD    STATUS=INITIATE       22 CALLS         187 TOTAL
                     EDM= unknown      STRATEGY= 1      NO ERROR MATRIX       
  EXT PARAMETER               CURRENT GUESS       STEP         FIRST   
  NO.   NAME      VALUE            ERROR          SIZE      DERIVATIVE 
   1  N0           3.49984e+06     fixed    
   2  tau          6.44119e+01   constant   
   3  A0           3.53539e-01     fixed    
   4  phi          4.12187e+00     fixed    
   5  R           -6.09180e+01   constant   
   6  A_CBO        8.14026e-03   1.00000e-05   1.00000e-05   7.45189e+05
   7  w_CBO        2.32697e+00   1.00000e-03   1.00000e-03   7.79859e+08
   8  phi_CBO      6.49365e-01   1.00000e-04   1.00000e-04  -8.51781e+02
   9  ANx2         2.22853e-04   constant   
  10  pNx2         5.08518e+00   constant   
  11  ANy1         0.00000e+00   constant   
  12  pNy1         0.00000e+00   constant   
  13  w_y          0.00000e+00   constant   
  14  ANy2         9.04789e-03     fixed    
  15  pNy2         3.29982e+00   constant   
  16  w_vw         1.43191e+01   constant   
  17  LM           2.21951e-04   constant   
  18  wCBO_expCoeff   2.00001e+02   1.59207e-05   0.00000e+00   9.07360e+06
  19  wCBO_expOffset   2.00000e+02   2.79142e-05   0.00000e+00  -1.01894e+07
  20  wCBO_expT    3.00000e+01   1.40224e-06   0.00000e+00  -7.43668e+07
  21  wCBO_linCoeff   0.00000e+00   constant   
  22  wCBO_const  -2.42135e-12   1.38788e-03   0.00000e+00   8.68981e+04
 MIGRAD FAILS TO FIND IMPROVEMENT
 FCN=9271.92 FROM HESSE     STATUS=NOT POSDEF     58 CALLS         271 TOTAL
                     EDM=286421    STRATEGY= 1      ERR MATRIX NOT POS-DEF
  EXT PARAMETER                APPROXIMATE        STEP         FIRST   
  NO.   NAME      VALUE            ERROR          SIZE      DERIVATIVE 
   1  N0           3.49984e+06     fixed    
   2  tau          6.44119e+01   constant   
   3  A0           3.53539e-01     fixed    
   4  phi          4.12187e+00     fixed    
   5  R           -6.09180e+01   constant   
   6  A_CBO        7.58950e-03   6.43325e-04   5.45492e-06   7.03520e+05
   7  w_CBO        2.32697e+00   1.35038e-07   1.10959e-06   2.31748e+09
   8  phi_CBO      6.79693e-01   6.12266e-02   1.33311e-03  -1.53507e+03
   9  ANx2         2.22853e-04   constant   
  10  pNx2         5.08518e+00   constant   
  11  ANy1         0.00000e+00   constant   
  12  pNy1         0.00000e+00   constant   
  13  w_y          0.00000e+00   constant   
  14  ANy2         9.04789e-03     fixed    
  15  pNy2         3.29982e+00   constant   
  16  w_vw         1.43191e+01   constant   
  17  LM           2.21951e-04   constant   
  18  wCBO_expCoeff   2.00001e+02   1.16066e-05   9.53677e-05   2.69627e+07
  19  wCBO_expOffset   2.00000e+02   1.56385e-05   9.53674e-05  -1.74644e+07
  20  wCBO_expT    3.00000e+01   1.33906e-06   1.43051e-05  -8.71808e+08
  21  wCBO_linCoeff   0.00000e+00   constant   
  22  wCBO_const  -3.10328e-04   6.89979e-04   1.19908e-05   1.59852e+05
 MIGRAD FAILS TO FIND IMPROVEMENT
 MIGRAD TERMINATED WITHOUT CONVERGENCE.
 FCN=7497.57 FROM MIGRAD    STATUS=FAILED        353 CALLS         518 TOTAL
                     EDM=302.79    STRATEGY= 1      ERR MATRIX NOT POS-DEF
  EXT PARAMETER                APPROXIMATE        STEP         FIRST   
  NO.   NAME      VALUE            ERROR          SIZE      DERIVATIVE 
   1  N0           3.49984e+06     fixed    
   2  tau          6.44119e+01   constant   
   3  A0           3.53539e-01     fixed    
   4  phi          4.12187e+00     fixed    
   5  R           -6.09180e+01   constant   
   6  A_CBO        4.17008e-03   1.84082e-04  -0.00000e+00   1.19664e+05
   7  w_CBO        2.32697e+00   1.91069e-08   0.00000e+00   1.21821e+08
   8  phi_CBO      6.60749e-01   1.83581e-02   0.00000e+00  -1.16111e+02
   9  ANx2         2.22853e-04   constant   
  10  pNx2         5.08518e+00   constant   
  11  ANy1         0.00000e+00   constant   
  12  pNy1         0.00000e+00   constant   
  13  w_y          0.00000e+00   constant   
  14  ANy2         9.04789e-03     fixed    
  15  pNy2         3.29982e+00   constant   
  16  w_vw         1.43191e+01   constant   
  17  LM           2.21951e-04   constant   
  18  wCBO_expCoeff   2.00001e+02   1.64226e-06   0.00000e+00   1.41735e+06
  19  wCBO_expOffset   2.00000e+02   4.95465e-06   0.00000e+00  -2.73820e+06
  20  wCBO_expT    3.00000e+01   2.07378e-07   0.00000e+00  -3.18663e+07
  21  wCBO_linCoeff   0.00000e+00   constant   
  22  wCBO_const   2.34301e-04   1.79374e-04   0.00000e+00   1.13354e+04
 EXTERNAL ERROR MATRIX.    NDIM=  25    NPAR=  7    ERR DEF=1
  3.389e-08 -2.758e-12 -5.852e-07 -2.370e-10 -7.736e-10 -3.127e-11 -4.945e-09 
 -2.758e-12  3.651e-16  1.156e-10  2.272e-14  7.399e-14  3.077e-15  3.842e-14 
 -5.852e-07  1.156e-10  3.370e-04  9.934e-09  1.044e-09  7.930e-10  1.298e-06 
 -2.370e-10  2.272e-14  9.934e-09  2.697e-12  6.360e-12  2.645e-13  3.302e-12 
 -7.736e-10  7.399e-14  1.044e-09  6.360e-12  2.455e-11  8.046e-13  2.509e-10 
 -3.127e-11  3.077e-15  7.930e-10  2.645e-13  8.046e-13  4.301e-14  4.576e-12 
 -4.945e-09  3.842e-14  1.298e-06  3.302e-12  2.509e-10  4.576e-12  3.217e-08 
ERR MATRIX NOT POS-DEF
 PARAMETER  CORRELATION COEFFICIENTS  
       NO.  GLOBAL      6      7      8     18     19     20     22
        6  0.92543   1.000 -0.784 -0.173 -0.784 -0.848 -0.819 -0.150
        7  0.99933  -0.784  1.000  0.329  0.724  0.782  0.777  0.011
        8  0.99925  -0.173  0.329  1.000  0.329  0.011  0.208  0.394
       18  0.99933  -0.784  0.724  0.329  1.000  0.782  0.777  0.011
       19  0.99977  -0.848  0.782  0.011  0.782  1.000  0.783  0.282
       20  0.97993  -0.819  0.777  0.208  0.777  0.783  1.000  0.123
       22  0.99906  -0.150  0.011  0.394  0.011  0.282  0.123  1.000
 ERR MATRIX NOT POS-DEF
MINUIT - FIT ONLY 1-CBO
 **********
 **   29 **RES 
 **********
                   PARAMETER   14  ANy2 RESTORED TO VARIABLE.
                   PARAMETER    4  phi RESTORED TO VARIABLE.
                   PARAMETER    3  A0 RESTORED TO VARIABLE.
                   PARAMETER    1  N0 RESTORED TO VARIABLE.
 **********
 **   30 **FIX            0
 **********
 PARAMETER    0  IS UNDEFINED. IGNORED.
 **********
 **   31 **FIX            1
 **********
 **********
 **   32 **FIX            2
 **********
 PARAMETER    2  IS CONSTANT.   IGNORED.
 **********
 **   33 **FIX            3
 **********
 **********
 **   34 **FIX            4
 **********
 **********
 **   35 **FIX            8
 **********
 **********
 **   36 **FIX            9
 **********
 PARAMETER    9  IS CONSTANT.   IGNORED.
 **********
 **   37 **FIX           11
 **********
 PARAMETER   11  IS CONSTANT.   IGNORED.
 **********
 **   38 **FIX           12
 **********
 PARAMETER   12  IS CONSTANT.   IGNORED.
 **********
 **   39 **FIX           13
 **********
 PARAMETER   13  IS CONSTANT.   IGNORED.
 **********
 **   40 **FIX           15
 **********
 PARAMETER   15  IS CONSTANT.   IGNORED.
 **********
 **   41 **FIX           16
 **********
 PARAMETER   16  IS CONSTANT.   IGNORED.
 **********
 **   42 **MIGRAD
 **********
 START MIGRAD MINIMIZATION.  STRATEGY  1.  CONVERGENCE WHEN EDM .LT. 1.00e-04
 FCN=7497.57 FROM MIGRAD    STATUS=INITIATE       14 CALLS         532 TOTAL
                     EDM= unknown      STRATEGY= 1      NO ERROR MATRIX       
  EXT PARAMETER               CURRENT GUESS       STEP         FIRST   
  NO.   NAME      VALUE            ERROR          SIZE      DERIVATIVE 
   1  N0           3.49984e+06     fixed    
   2  tau          6.44119e+01   constant   
   3  A0           3.53539e-01     fixed    
   4  phi          4.12187e+00     fixed    
   5  R           -6.09180e+01   constant   
   6  A_CBO        4.17008e-03   1.84082e-04  -0.00000e+00   1.19664e+05
   7  w_CBO        2.32697e+00   1.91069e-08   0.00000e+00   1.21821e+08
   8  phi_CBO      6.60749e-01     fixed    
   9  ANx2         2.22853e-04   constant   
  10  pNx2         5.08518e+00   constant   
  11  ANy1         0.00000e+00   constant   
  12  pNy1         0.00000e+00   constant   
  13  w_y          0.00000e+00   constant   
  14  ANy2         9.04789e-03   1.00000e-04   1.00000e-04   8.83596e+05
  15  pNy2         3.29982e+00   constant   
  16  w_vw         1.43191e+01   constant   
  17  LM           2.21951e-04   constant   
  18  wCBO_expCoeff   2.00001e+02   1.64226e-06   0.00000e+00   1.41735e+06
  19  wCBO_expOffset   2.00000e+02   4.95465e-06   0.00000e+00  -2.73820e+06
  20  wCBO_expT    3.00000e+01   2.07378e-07   0.00000e+00  -3.18663e+07
  21  wCBO_linCoeff   0.00000e+00   constant   
  22  wCBO_const   2.34301e-04   1.79374e-04   0.00000e+00   1.13354e+04
 MIGRAD FAILS TO FIND IMPROVEMENT
 FCN=5713.6 FROM HESSE     STATUS=NOT POSDEF     58 CALLS         620 TOTAL
                     EDM=947571    STRATEGY= 1      ERR MATRIX NOT POS-DEF
  EXT PARAMETER                APPROXIMATE        STEP         FIRST   
  NO.   NAME      VALUE            ERROR          SIZE      DERIVATIVE 
   1  N0           3.49984e+06     fixed    
   2  tau          6.44119e+01   constant   
   3  A0           3.53539e-01     fixed    
   4  phi          4.12187e+00     fixed    
   5  R           -6.09180e+01   constant   
   6  A_CBO        3.59732e-03   4.63396e-04   4.33696e-06   3.59340e+05
   7  w_CBO        2.32697e+00   2.36522e-07   1.10959e-06   2.18502e+09
   8  phi_CBO      6.60749e-01     fixed    
   9  ANx2         2.22853e-04   constant   
  10  pNx2         5.08518e+00   constant   
  11  ANy1         0.00000e+00   constant   
  12  pNy1         0.00000e+00   constant   
  13  w_y          0.00000e+00   constant   
  14  ANy2         4.70506e-03   7.72063e-05   4.39481e-06   3.70478e+05
  15  pNy2         3.29982e+00   constant   
  16  w_vw         1.43191e+01   constant   
  17  LM           2.21951e-04   constant   
  18  wCBO_expCoeff   2.00001e+02   2.03289e-05   9.53677e-05   2.54216e+07
  19  wCBO_expOffset   2.00000e+02   2.69772e-05   9.53675e-05  -1.13819e+07
  20  wCBO_expT    3.00000e+01   2.81760e-06   1.43051e-05   1.82367e+08
  21  wCBO_linCoeff   0.00000e+00   constant   
  22  wCBO_const  -2.20585e-04   2.03118e-03   1.94797e-05   1.41970e+05
 MIGRAD FAILS TO FIND IMPROVEMENT
 MIGRAD TERMINATED WITHOUT CONVERGENCE.
 FCN=4757.6 FROM MIGRAD    STATUS=FAILED        182 CALLS         700 TOTAL
                     EDM=4642.98    STRATEGY= 1      ERR MATRIX NOT POS-DEF
  EXT PARAMETER                APPROXIMATE        STEP         FIRST   
  NO.   NAME      VALUE            ERROR          SIZE      DERIVATIVE 
   1  N0           3.49984e+06     fixed    
   2  tau          6.44119e+01   constant   
   3  A0           3.53539e-01     fixed    
   4  phi          4.12187e+00     fixed    
   5  R           -6.09180e+01   constant   
   6  A_CBO        1.80143e-03   9.20261e-05  -0.00000e+00  -6.40756e+03
   7  w_CBO        2.32697e+00   1.78788e-08   0.00000e+00  -3.55638e+08
   8  phi_CBO      6.60749e-01     fixed    
   9  ANx2         2.22853e-04   constant   
  10  pNx2         5.08518e+00   constant   
  11  ANy1         0.00000e+00   constant   
  12  pNy1         0.00000e+00   constant   
  13  w_y          0.00000e+00   constant   
  14  ANy2         3.10810e-03   5.09025e-05  -0.00000e+00   8.95370e+04
  15  pNy2         3.29982e+00   constant   
  16  w_vw         1.43191e+01   constant   
  17  LM           2.21951e-04   constant   
  18  wCBO_expCoeff   2.00001e+02   1.53668e-06   0.00000e+00  -4.13780e+06
  19  wCBO_expOffset   2.00000e+02   5.72032e-06  -0.00000e+00   1.41389e+06
  20  wCBO_expT    3.00000e+01   1.96437e-07   0.00000e+00  -1.21576e+06
  21  wCBO_linCoeff   0.00000e+00   constant   
  22  wCBO_const  -3.36926e-03   2.40672e-04   0.00000e+00  -3.20814e+04
 EXTERNAL ERROR MATRIX.    NDIM=  25    NPAR=  7    ERR DEF=1
  8.469e-09 -8.092e-13  1.089e-09 -6.955e-11  2.863e-10 -5.760e-12 -2.962e-09 
 -8.092e-13  3.197e-16 -1.170e-13  1.157e-14 -1.836e-14  1.180e-15  7.979e-13 
  1.089e-09 -1.170e-13  2.591e-09 -1.006e-11  9.519e-11 -8.162e-13  7.983e-10 
 -6.955e-11  1.157e-14 -1.006e-11  2.361e-12 -1.578e-12  1.014e-13  6.858e-11 
  2.863e-10 -1.836e-14  9.519e-11 -1.578e-12  3.272e-11 -2.476e-13  5.443e-10 
 -5.760e-12  1.180e-15 -8.162e-13  1.014e-13 -2.476e-13  3.859e-14  9.387e-12 
 -2.962e-09  7.979e-13  7.983e-10  6.858e-11  5.443e-10  9.387e-12  5.792e-08 
ERR MATRIX NOT POS-DEF
 PARAMETER  CORRELATION COEFFICIENTS  
       NO.  GLOBAL      6      7     14     18     19     20     22
        6  0.76081   1.000 -0.492  0.233 -0.492  0.544 -0.319 -0.134
        7  0.56278  -0.492  1.000 -0.129  0.421 -0.180  0.336  0.185
       14  0.34224   0.233 -0.129  1.000 -0.129  0.327 -0.082  0.065
       18  0.56278  -0.492  0.421 -0.129  1.000 -0.180  0.336  0.185
       19  0.75357   0.544 -0.180  0.327 -0.180  1.000 -0.220  0.395
       20  0.46948  -0.319  0.336 -0.082  0.336 -0.220  1.000  0.199
       22  0.60900  -0.134  0.185  0.065  0.185  0.395  0.199  1.000
 ERR MATRIX NOT POS-DEF
MINUIT - FIT ONLY 2-CBO
 **********
 **   43 **RES 
 **********
                   PARAMETER    8  phi_CBO RESTORED TO VARIABLE.
                   PARAMETER    4  phi RESTORED TO VARIABLE.
                   PARAMETER    3  A0 RESTORED TO VARIABLE.
                   PARAMETER    1  N0 RESTORED TO VARIABLE.
 **********
 **   44 **FIX            0
 **********
 PARAMETER    0  IS UNDEFINED. IGNORED.
 **********
 **   45 **FIX            1
 **********
 **********
 **   46 **FIX            2
 **********
 PARAMETER    2  IS CONSTANT.   IGNORED.
 **********
 **   47 **FIX            3
 **********
 **********
 **   48 **FIX            4
 **********
 **********
 **   49 **FIX            5
 **********
 PARAMETER    5  IS CONSTANT.   IGNORED.
 **********
 **   50 **FIX            6
 **********
 **********
 **   51 **FIX            7
 **********
 **********
 **   52 **FIX           10
 **********
 PARAMETER   10  IS CONSTANT.   IGNORED.
 **********
 **   53 **FIX           11
 **********
 PARAMETER   11  IS CONSTANT.   IGNORED.
 **********
 **   54 **FIX           12
 **********
 PARAMETER   12  IS CONSTANT.   IGNORED.
 **********
 **   55 **FIX           13
 **********
 PARAMETER   13  IS CONSTANT.   IGNORED.
 **********
 **   56 **FIX           14
 **********
 **********
 **   57 **FIX           15
 **********
 PARAMETER   15  IS CONSTANT.   IGNORED.
 **********
 **   58 **FIX           16
 **********
 PARAMETER   16  IS CONSTANT.   IGNORED.
 **********
 **   59 **MIGRAD
 **********
 START MIGRAD MINIMIZATION.  STRATEGY  1.  CONVERGENCE WHEN EDM .LT. 1.00e-04
 FCN=4757.6 FROM MIGRAD    STATUS=INITIATE       12 CALLS         712 TOTAL
                     EDM= unknown      STRATEGY= 1      NO ERROR MATRIX       
  EXT PARAMETER               CURRENT GUESS       STEP         FIRST   
  NO.   NAME      VALUE            ERROR          SIZE      DERIVATIVE 
   1  N0           3.49984e+06     fixed    
   2  tau          6.44119e+01   constant   
   3  A0           3.53539e-01     fixed    
   4  phi          4.12187e+00     fixed    
   5  R           -6.09180e+01   constant   
   6  A_CBO        1.80143e-03     fixed    
   7  w_CBO        2.32697e+00     fixed    
   8  phi_CBO      6.60749e-01   1.83581e-02   1.83581e-02   3.87856e+02
   9  ANx2         2.22853e-04   constant   
  10  pNx2         5.08518e+00   constant   
  11  ANy1         0.00000e+00   constant   
  12  pNy1         0.00000e+00   constant   
  13  w_y          0.00000e+00   constant   
  14  ANy2         3.10810e-03     fixed    
  15  pNy2         3.29982e+00   constant   
  16  w_vw         1.43191e+01   constant   
  17  LM           2.21951e-04   constant   
  18  wCBO_expCoeff   2.00001e+02   1.53668e-06   0.00000e+00  -4.13780e+06
  19  wCBO_expOffset   2.00000e+02   5.72032e-06  -0.00000e+00   1.41389e+06
  20  wCBO_expT    3.00000e+01   1.96437e-07   0.00000e+00  -1.21576e+06
  21  wCBO_linCoeff   0.00000e+00   constant   
  22  wCBO_const  -3.36926e-03   2.40672e-04   0.00000e+00  -3.20814e+04
 MIGRAD FAILS TO FIND IMPROVEMENT
 FCN=4757.6 FROM HESSE     STATUS=NOT POSDEF     37 CALLS         760 TOTAL
                     EDM=9662.33    STRATEGY= 1      ERR MATRIX NOT POS-DEF
  EXT PARAMETER                APPROXIMATE        STEP         FIRST   
  NO.   NAME      VALUE            ERROR          SIZE      DERIVATIVE 
   1  N0           3.49984e+06     fixed    
   2  tau          6.44119e+01   constant   
   3  A0           3.53539e-01     fixed    
   4  phi          4.12187e+00     fixed    
   5  R           -6.09180e+01   constant   
   6  A_CBO        1.80143e-03     fixed    
   7  w_CBO        2.32697e+00     fixed    
   8  phi_CBO      6.60749e-01   4.36615e-01   2.15759e-03   3.87857e+02
   9  ANx2         2.22853e-04   constant   
  10  pNx2         5.08518e+00   constant   
  11  ANy1         0.00000e+00   constant   
  12  pNy1         0.00000e+00   constant   
  13  w_y          0.00000e+00   constant   
  14  ANy2         3.10810e-03     fixed    
  15  pNy2         3.29982e+00   constant   
  16  w_vw         1.43191e+01   constant   
  17  LM           2.21951e-04   constant   
  18  wCBO_expCoeff   2.00001e+02   4.40214e-05   9.53677e-05  -6.11392e+06
  19  wCBO_expOffset   2.00000e+02   3.66100e-05   9.53674e-05   1.52800e+06
  20  wCBO_expT    3.00000e+01   3.62929e-06   1.43051e-05  -5.49707e+07
  21  wCBO_linCoeff   0.00000e+00   constant   
  22  wCBO_const  -3.36926e-03   1.61115e-03   1.95948e-05  -3.20814e+04
 MIGRAD FAILS TO FIND IMPROVEMENT
 MIGRAD TERMINATED WITHOUT CONVERGENCE.
 FCN=4621.54 FROM MIGRAD    STATUS=FAILED         89 CALLS         789 TOTAL
                     EDM=2745.46    STRATEGY= 1      ERR MATRIX NOT POS-DEF
  EXT PARAMETER                APPROXIMATE        STEP         FIRST   
  NO.   NAME      VALUE            ERROR          SIZE      DERIVATIVE 
   1  N0           3.49984e+06     fixed    
   2  tau          6.44119e+01   constant   
   3  A0           3.53539e-01     fixed    
   4  phi          4.12187e+00     fixed    
   5  R           -6.09180e+01   constant   
   6  A_CBO        1.80143e-03     fixed    
   7  w_CBO        2.32697e+00     fixed    
   8  phi_CBO      3.11614e+00   2.31001e-01   0.00000e+00  -2.24330e+02
   9  ANx2         2.22853e-04   constant   
  10  pNx2         5.08518e+00   constant   
  11  ANy1         0.00000e+00   constant   
  12  pNy1         0.00000e+00   constant   
  13  w_y          0.00000e+00   constant   
  14  ANy2         3.10810e-03     fixed    
  15  pNy2         3.29982e+00   constant   
  16  w_vw         1.43191e+01   constant   
  17  LM           2.21951e-04   constant   
  18  wCBO_expCoeff   2.00001e+02   2.09325e-05   0.00000e+00   2.45194e+06
  19  wCBO_expOffset   2.00000e+02   1.82811e-05   0.00000e+00  -1.68557e+06
  20  wCBO_expT    3.00000e+01   1.72057e-06   0.00000e+00  -5.20173e+06
  21  wCBO_linCoeff   0.00000e+00   constant   
  22  wCBO_const  -1.20283e-02   9.57350e-04  -0.00000e+00   2.27505e+04
 EXTERNAL ERROR MATRIX.    NDIM=  25    NPAR=  5    ERR DEF=1
  5.336e-02  4.704e-06  3.896e-06  3.825e-07 -1.684e-04 
  4.704e-06  4.382e-10  3.664e-10  3.504e-11 -1.710e-08 
  3.896e-06  3.664e-10  3.342e-10  2.997e-11 -1.380e-08 
  3.825e-07  3.504e-11  2.997e-11  2.960e-12 -1.377e-09 
 -1.684e-04 -1.710e-08 -1.380e-08 -1.377e-09  9.165e-07 
ERR MATRIX NOT POS-DEF
 PARAMETER  CORRELATION COEFFICIENTS  
       NO.  GLOBAL      8     18     19     20     22
        8  0.98840   1.000  0.973  0.922  0.962 -0.761
       18  0.99360   0.973  1.000  0.957  0.973 -0.853
       19  0.97287   0.922  0.957  1.000  0.953 -0.788
       20  0.98338   0.962  0.973  0.953  1.000 -0.836
       22  0.93259  -0.761 -0.853 -0.788 -0.836  1.000
 ERR MATRIX NOT POS-DEF
MINUIT - FIT ONLY 1-y
 **********
 **   60 **RES 
 **********
                   PARAMETER   14  ANy2 RESTORED TO VARIABLE.
                   PARAMETER    7  w_CBO RESTORED TO VARIABLE.
                   PARAMETER    6  A_CBO RESTORED TO VARIABLE.
                   PARAMETER    4  phi RESTORED TO VARIABLE.
                   PARAMETER    3  A0 RESTORED TO VARIABLE.
                   PARAMETER    1  N0 RESTORED TO VARIABLE.
 **********
 **   61 **FIX            0
 **********
 PARAMETER    0  IS UNDEFINED. IGNORED.
 **********
 **   62 **FIX            1
 **********
 **********
 **   63 **FIX            2
 **********
 PARAMETER    2  IS CONSTANT.   IGNORED.
 **********
 **   64 **FIX            3
 **********
 **********
 **   65 **FIX            4
 **********
 **********
 **   66 **FIX            5
 **********
 PARAMETER    5  IS CONSTANT.   IGNORED.
 **********
 **   67 **FIX            6
 **********
 **********
 **   68 **FIX            7
 **********
 **********
 **   69 **FIX            8
 **********
 **********
 **   70 **FIX            9
 **********
 PARAMETER    9  IS CONSTANT.   IGNORED.
 **********
 **   71 **FIX           13
 **********
 PARAMETER   13  IS CONSTANT.   IGNORED.
 **********
 **   72 **FIX           14
 **********
 **********
 **   73 **FIX           15
 **********
 PARAMETER   15  IS CONSTANT.   IGNORED.
 **********
 **   74 **FIX           16
 **********
 PARAMETER   16  IS CONSTANT.   IGNORED.
 **********
 **   75 **MIGRAD
 **********
 START MIGRAD MINIMIZATION.  STRATEGY  1.  CONVERGENCE WHEN EDM .LT. 1.00e-04
 FCN=4621.54 FROM MIGRAD    STATUS=INITIATE        8 CALLS         797 TOTAL
                     EDM= unknown      STRATEGY= 1      NO ERROR MATRIX       
  EXT PARAMETER               CURRENT GUESS       STEP         FIRST   
  NO.   NAME      VALUE            ERROR          SIZE      DERIVATIVE 
   1  N0           3.49984e+06     fixed    
   2  tau          6.44119e+01   constant   
   3  A0           3.53539e-01     fixed    
   4  phi          4.12187e+00     fixed    
   5  R           -6.09180e+01   constant   
   6  A_CBO        1.80143e-03     fixed    
   7  w_CBO        2.32697e+00     fixed    
   8  phi_CBO      3.11614e+00     fixed    
   9  ANx2         2.22853e-04   constant   
  10  pNx2         5.08518e+00   constant   
  11  ANy1         0.00000e+00   constant   
  12  pNy1         0.00000e+00   constant   
  13  w_y          0.00000e+00   constant   
  14  ANy2         3.10810e-03     fixed    
  15  pNy2         3.29982e+00   constant   
  16  w_vw         1.43191e+01   constant   
  17  LM           2.21951e-04   constant   
  18  wCBO_expCoeff   2.00001e+02   2.09325e-05   0.00000e+00   2.45194e+06
  19  wCBO_expOffset   2.00000e+02   1.82811e-05   0.00000e+00  -1.68557e+06
  20  wCBO_expT    3.00000e+01   1.72057e-06   0.00000e+00  -5.20173e+06
  21  wCBO_linCoeff   0.00000e+00   constant   
  22  wCBO_const  -1.20283e-02   9.57350e-04  -0.00000e+00   2.27505e+04
 MIGRAD FAILS TO FIND IMPROVEMENT
 FCN=4621.54 FROM HESSE     STATUS=NOT POSDEF     29 CALLS         834 TOTAL
                     EDM=4349.69    STRATEGY= 1      ERR MATRIX NOT POS-DEF
  EXT PARAMETER                APPROXIMATE        STEP         FIRST   
  NO.   NAME      VALUE            ERROR          SIZE      DERIVATIVE 
   1  N0           3.49984e+06     fixed    
   2  tau          6.44119e+01   constant   
   3  A0           3.53539e-01     fixed    
   4  phi          4.12187e+00     fixed    
   5  R           -6.09180e+01   constant   
   6  A_CBO        1.80143e-03     fixed    
   7  w_CBO        2.32697e+00     fixed    
   8  phi_CBO      3.11614e+00     fixed    
   9  ANx2         2.22853e-04   constant   
  10  pNx2         5.08518e+00   constant   
  11  ANy1         0.00000e+00   constant   
  12  pNy1         0.00000e+00   constant   
  13  w_y          0.00000e+00   constant   
  14  ANy2         3.10810e-03     fixed    
  15  pNy2         3.29982e+00   constant   
  16  w_vw         1.43191e+01   constant   
  17  LM           2.21951e-04   constant   
  18  wCBO_expCoeff   2.00001e+02   2.26628e-05   9.53678e-05   3.66424e+06
  19  wCBO_expOffset   2.00000e+02   8.02811e-05   9.53675e-05  -2.24748e+06
  20  wCBO_expT    3.00000e+01   2.58539e-06   1.43051e-05   2.67300e+07
  21  wCBO_linCoeff   0.00000e+00   constant   
  22  wCBO_const  -1.20283e-02   7.04355e-03   2.32515e-05   2.27505e+04
 MIGRAD FAILS TO FIND IMPROVEMENT
 MIGRAD TERMINATED WITHOUT CONVERGENCE.
 FCN=4579.13 FROM MIGRAD    STATUS=FAILED        132 CALLS         921 TOTAL
                     EDM=13.9969    STRATEGY= 1      ERR MATRIX NOT POS-DEF
  EXT PARAMETER                APPROXIMATE        STEP         FIRST   
  NO.   NAME      VALUE            ERROR          SIZE      DERIVATIVE 
   1  N0           3.49984e+06     fixed    
   2  tau          6.44119e+01   constant   
   3  A0           3.53539e-01     fixed    
   4  phi          4.12187e+00     fixed    
   5  R           -6.09180e+01   constant   
   6  A_CBO        1.80143e-03     fixed    
   7  w_CBO        2.32697e+00     fixed    
   8  phi_CBO      3.11614e+00     fixed    
   9  ANx2         2.22853e-04   constant   
  10  pNx2         5.08518e+00   constant   
  11  ANy1         0.00000e+00   constant   
  12  pNy1         0.00000e+00   constant   
  13  w_y          0.00000e+00   constant   
  14  ANy2         3.10810e-03     fixed    
  15  pNy2         3.29982e+00   constant   
  16  w_vw         1.43191e+01   constant   
  17  LM           2.21951e-04   constant   
  18  wCBO_expCoeff   2.00001e+02   3.46136e-06   0.00000e+00  -5.42660e+05
  19  wCBO_expOffset   2.00000e+02   2.03120e-05  -0.00000e+00   1.71490e+04
  20  wCBO_expT    3.00000e+01   3.92963e-07  -0.00000e+00  -4.02596e+06
  21  wCBO_linCoeff   0.00000e+00   constant   
  22  wCBO_const  -1.23445e-02   1.68074e-03  -0.00000e+00   2.94310e+03
 EXTERNAL ERROR MATRIX.    NDIM=  25    NPAR=  4    ERR DEF=1
  1.198e-11  9.504e-12 -1.822e-13 -9.612e-10 
  9.504e-12  4.126e-10  7.430e-12  3.260e-08 
 -1.822e-13  7.430e-12  1.544e-13  6.389e-10 
 -9.612e-10  3.260e-08  6.389e-10  2.825e-06 
ERR MATRIX NOT POS-DEF
 PARAMETER  CORRELATION COEFFICIENTS  
       NO.  GLOBAL     18     19     20     22
       18  0.99969   1.000  0.135 -0.134 -0.165
       19  0.99997   0.135  1.000  0.931  0.955
       20  0.96980  -0.134  0.931  1.000  0.967
       22  0.99997  -0.165  0.955  0.967  1.000
 ERR MATRIX NOT POS-DEF
MINUIT - FIT ONLY 2-y
 **********
 **   76 **RES 
 **********
                   PARAMETER   14  ANy2 RESTORED TO VARIABLE.
                   PARAMETER    8  phi_CBO RESTORED TO VARIABLE.
                   PARAMETER    7  w_CBO RESTORED TO VARIABLE.
                   PARAMETER    6  A_CBO RESTORED TO VARIABLE.
                   PARAMETER    4  phi RESTORED TO VARIABLE.
                   PARAMETER    3  A0 RESTORED TO VARIABLE.
                   PARAMETER    1  N0 RESTORED TO VARIABLE.
 **********
 **   77 **FIX            0
 **********
