 + ++++++++++++++++++++++++++++++++++++++++++++++++++++++++++++++++++++ +
 +                                                                      +
 +           You have chose to blind your fitting according to          +
 +                omega_ref * (1 + (R +/- deltaR) *10^{-6})             +
 +                                                                      +
 + ++++++++++++++++++++++++++++++++++++++++++++++++++++++++++++++++++++ +
In main()...
reading format from /gm2data/zkhechad/run45/envelope/formats/formatB_sBin_constraintOn.txt
pBinTau 	= 0  
pBinPhi 	= 0  
constraintau 	= 1 
includeMopTerm 	= 0    
constrainMop    = 0   
Parameters after format file: pBinTau 0 pBinPhi 0 constraintau 1 includeMopTerm 0 constrainMop 0 c_e_scale 0.000000 
reading cbo reference file (full fit) from /gm2data/zkhechad/cboTemplates/Run4CBOTemplates/fullFits/run4/sBin_constraintOn_cE0.0_seed0_run4_calo21.root
A_CBO 0.009954 w_CBO 2.326310 phi_CBO 2.942572 N0 2740148.315147 R -59.181603 tau 64.402317 
Reading cboRef file /gm2data/zkhechad/cboTemplates/Run4CBOTemplates//cboIsolate/run4_calo21.root
deltaT 164.120000
windowBins = 1100
fitting sliding window 2300 from bin 2503 at 373.447600 to bin 3603 at 537.567600 (1100 bins)

Reading data from /gm2data/cornell/histograms/aMethod/histogram_a_run4.root
fitting cbo isolate
 **********
 **    1 **SET PRINTOUT            1
 **********
 **********
 **    2 **SET NOWARNINGS 
 **********
 PARAMETER DEFINITIONS:
    NO.   NAME         VALUE      STEP SIZE      LIMITS
     1 A_CBO        9.95405e-03  1.00000e-05     no limits
     2 w_CBO        2.32631e+00  1.00000e-02    2.00000e+00  3.00000e+00
     3 phi_CBO      2.94257e+00  1.00000e-02    0.00000e+00  6.28319e+00
 **********
 **    3 **MIGRAD
 **********
 FIRST CALL TO USER FUNCTION AT NEW START POINT, WITH IFLAG=4.
 START MIGRAD MINIMIZATION.  STRATEGY  1.  CONVERGENCE WHEN EDM .LT. 1.00e-04
 FCN=0.256259 FROM MIGRAD    STATUS=INITIATE       12 CALLS          13 TOTAL
                     EDM= unknown      STRATEGY= 1      NO ERROR MATRIX       
  EXT PARAMETER               CURRENT GUESS       STEP         FIRST   
  NO.   NAME      VALUE            ERROR          SIZE      DERIVATIVE 
   1  A_CBO        9.95405e-03   1.00000e-05   1.00000e-05   8.33541e+00
   2  w_CBO        2.32631e+00   1.00000e-02   2.13305e-02   2.83374e+00
   3  phi_CBO      2.94257e+00   1.00000e-02   3.18951e-03  -3.90864e-02
 MIGRAD MINIMIZATION HAS CONVERGED.
 MIGRAD WILL VERIFY CONVERGENCE AND ERROR MATRIX.
 COVARIANCE MATRIX CALCULATED SUCCESSFULLY
 FCN=0.223916 FROM HESSE     STATUS=OK             16 CALLS          60 TOTAL
                     EDM=0.00102041    STRATEGY= 1      ERROR MATRIX ACCURATE 
  EXT PARAMETER                                   STEP         FIRST   
  NO.   NAME      VALUE            ERROR          SIZE      DERIVATIVE 
   1  A_CBO        2.63949e-03   5.02915e-02   2.30675e-05  -2.74376e-02
   2  w_CBO        2.32571e+00   3.62124e-01   4.61416e-05   5.94452e-02
   3  phi_CBO      3.12209e+00   4.68165e+00   3.08249e-03   1.83352e-04
 MIGRAD MINIMIZATION HAS CONVERGED.
 MIGRAD WILL VERIFY CONVERGENCE AND ERROR MATRIX.
 COVARIANCE MATRIX CALCULATED SUCCESSFULLY
 FCN=0.223222 FROM MIGRAD    STATUS=CONVERGED     169 CALLS         170 TOTAL
                     EDM=6.31097e-05    STRATEGY= 1      ERROR MATRIX ACCURATE 
  EXT PARAMETER                                   STEP         FIRST   
  NO.   NAME      VALUE            ERROR          SIZE      DERIVATIVE 
   1  A_CBO        2.86013e-03   4.30237e-02   2.30454e-05  -3.41165e-02
   2  w_CBO        2.31920e+00   1.95523e-01   3.87148e-05  -9.02037e-03
   3  phi_CBO      2.61748e-01   3.30968e+00   6.26542e-03   2.10748e-04
 EXTERNAL ERROR MATRIX.    NDIM=  25    NPAR=  3    ERR DEF=1
  1.851e-03 -1.090e-03 -4.825e-01 
 -1.090e-03  4.071e-02  1.752e+01 
 -4.825e-01  1.752e+01  7.757e+03 
 PARAMETER  CORRELATION COEFFICIENTS  
       NO.  GLOBAL      1      2      3
        1  0.12734   1.000 -0.126 -0.127
        2  0.98621  -0.126  1.000  0.986
        3  0.98622  -0.127  0.986  1.000
setting A_CBO=0.002860 w_CBO=2.319198, phi_CBO=0.261748
done fitting cbo isolate
 **********
 **    1 **SET PRINTOUT            1
 **********
 **********
 **    2 **SET NOWARNINGS 
 **********
 PARAMETER DEFINITIONS:
    NO.   NAME         VALUE      STEP SIZE      LIMITS
     1 N0           2.74015e+06  1.00000e+02     no limits
     2 tau          6.44023e+01  constant
     3 A0           3.54223e-01  1.00000e-04     no limits
     4 phi          4.11631e+00  1.00000e-02     no limits
     5 R           -5.91816e+01  constant
     6 A_CBO        2.86013e-03  1.00000e-05     no limits
     7 w_CBO        2.31920e+00  1.00000e-03     no limits
     8 phi_CBO      2.61748e-01  1.00000e-04     no limits
     9 ANx2         7.44254e-04  constant
    10 pNx2         1.53785e+00  constant
    11 ANy1         0.00000e+00  constant
    12 pNy1         0.00000e+00  constant
    13 w_y          0.00000e+00  constant
    14 ANy2         8.00900e-03  1.00000e-04     no limits
    15 pNy2         3.64406e+00  constant
    16 w_vw         1.43170e+01  constant
    17 LM          -4.99363e-05  constant
    18 wCBO_expCoeff   2.00000e+02  1.00000e+00     no limits
    19 wCBO_expOffset   2.00000e+02  1.00000e+00     no limits
    20 wCBO_expT    3.00000e+01  1.00000e+00     no limits
    21 wCBO_linCoeff   0.00000e+00  constant
    22 wCBO_const   0.00000e+00  1.00000e-02     no limits
MINUIT - FIT ONLY WIGGLE
 **********
 **    3 **FIX            5
 **********
 PARAMETER    5  IS CONSTANT.   IGNORED.
 **********
 **    4 **FIX            6
 **********
 **********
 **    5 **FIX            7
 **********
 **********
 **    6 **FIX            8
 **********
 **********
 **    7 **FIX            9
 **********
 PARAMETER    9  IS CONSTANT.   IGNORED.
 **********
 **    8 **FIX           10
 **********
 PARAMETER   10  IS CONSTANT.   IGNORED.
 **********
 **    9 **FIX           11
 **********
 PARAMETER   11  IS CONSTANT.   IGNORED.
 **********
 **   10 **FIX           12
 **********
 PARAMETER   12  IS CONSTANT.   IGNORED.
 **********
 **   11 **FIX           13
 **********
 PARAMETER   13  IS CONSTANT.   IGNORED.
 **********
 **   12 **FIX           14
 **********
 **********
 **   13 **FIX           15
 **********
 PARAMETER   15  IS CONSTANT.   IGNORED.
 **********
 **   14 **FIX           16
 **********
 PARAMETER   16  IS CONSTANT.   IGNORED.
 **********
 **   15 **MIGRAD
 **********
 FIRST CALL TO USER FUNCTION AT NEW START POINT, WITH IFLAG=4.
 START MIGRAD MINIMIZATION.  STRATEGY  1.  CONVERGENCE WHEN EDM .LT. 1.00e-04
 FCN=382.998 FROM MIGRAD    STATUS=INITIATE       30 CALLS          31 TOTAL
                     EDM= unknown      STRATEGY= 1      NO ERROR MATRIX       
  EXT PARAMETER               CURRENT GUESS       STEP         FIRST   
  NO.   NAME      VALUE            ERROR          SIZE      DERIVATIVE 
   1  N0           2.74015e+06   1.00000e+02   1.00000e+02   1.99983e-04
   2  tau          6.44023e+01   constant   
   3  A0           3.54223e-01   1.00000e-04   1.00000e-04   2.23441e+03
   4  phi          4.11631e+00   1.00000e-02   1.00000e-02   4.64658e+02
   5  R           -5.91816e+01   constant   
   6  A_CBO        2.86013e-03     fixed    
   7  w_CBO        2.31920e+00     fixed    
   8  phi_CBO      2.61748e-01     fixed    
   9  ANx2         7.44254e-04   constant   
  10  pNx2         1.53785e+00   constant   
  11  ANy1         0.00000e+00   constant   
  12  pNy1         0.00000e+00   constant   
  13  w_y          0.00000e+00   constant   
  14  ANy2         8.00900e-03     fixed    
  15  pNy2         3.64406e+00   constant   
  16  w_vw         1.43170e+01   constant   
  17  LM          -4.99363e-05   constant   
  18  wCBO_expCoeff   2.00000e+02   1.00000e+00   1.00000e+00   1.67136e+00
  19  wCBO_expOffset   2.00000e+02   1.00000e+00   1.00000e+00   1.11472e+01
  20  wCBO_expT    3.00000e+01   1.00000e+00   1.00000e+00   7.19454e+01
  21  wCBO_linCoeff   0.00000e+00   constant   
  22  wCBO_const   0.00000e+00   1.00000e-02   1.00000e-02   2.69871e+03
 MIGRAD MINIMIZATION HAS CONVERGED.
 FCN=375.507 FROM MIGRAD    STATUS=CONVERGED     212 CALLS         213 TOTAL
                     EDM=1.12767e-06    STRATEGY= 1  ERROR MATRIX UNCERTAINTY   2.3 per cent
  EXT PARAMETER                                   STEP         FIRST   
  NO.   NAME      VALUE            ERROR          SIZE      DERIVATIVE 
   1  N0           2.73943e+06   1.73495e+03  -1.99090e+00  -7.96777e-07
   2  tau          6.44023e+01   constant   
   3  A0           3.53632e-01   8.52591e-04   8.17347e-07   9.19432e-01
   4  phi          4.11443e+00   2.50888e-03   1.00891e-05   3.73508e-02
   5  R           -5.91816e+01   constant   
   6  A_CBO        2.86013e-03     fixed    
   7  w_CBO        2.31920e+00     fixed    
   8  phi_CBO      2.61748e-01     fixed    
   9  ANx2         7.44254e-04   constant   
  10  pNx2         1.53785e+00   constant   
  11  ANy1         0.00000e+00   constant   
  12  pNy1         0.00000e+00   constant   
  13  w_y          0.00000e+00   constant   
  14  ANy2         8.00900e-03     fixed    
  15  pNy2         3.64406e+00   constant   
  16  w_vw         1.43170e+01   constant   
  17  LM          -4.99363e-05   constant   
  18  wCBO_expCoeff   1.91515e+02   2.86018e+00   1.57776e-03   2.52475e-03
  19  wCBO_expOffset   1.98759e+02   4.27414e-01   5.61057e-04   1.60273e-02
  20  wCBO_expT    3.01744e+01   1.36528e-01  -1.63561e-04   1.10882e-01
  21  wCBO_linCoeff   0.00000e+00   constant   
  22  wCBO_const  -6.33253e-03   7.24687e-04  -2.50952e-06   2.26423e+00
 EXTERNAL ERROR MATRIX.    NDIM=  25    NPAR=  7    ERR DEF=1
  3.010e+06  9.553e-03  2.720e-02 -3.130e+01 -4.469e+00  2.232e+00 -5.980e-02 
  9.553e-03  7.269e-07 -4.374e-10 -1.147e-04 -1.604e-05  6.033e-06 -3.797e-08 
  2.720e-02 -4.374e-10  6.294e-06  4.723e-05  9.864e-06 -1.799e-06 -7.700e-08 
 -3.130e+01 -1.147e-04  4.723e-05  8.181e+00  8.442e-01 -3.590e-01  1.394e-03 
 -4.469e+00 -1.604e-05  9.864e-06  8.442e-01  1.827e-01 -5.330e-02  2.048e-04 
  2.232e+00  6.033e-06 -1.799e-06 -3.590e-01 -5.330e-02  1.864e-02 -7.575e-05 
 -5.980e-02 -3.797e-08 -7.700e-08  1.394e-03  2.048e-04 -7.575e-05  5.252e-07 
 PARAMETER  CORRELATION COEFFICIENTS  
       NO.  GLOBAL      1      3      4     18     19     20     22
        1  0.06609   1.000  0.006  0.006 -0.006 -0.006  0.009 -0.048
        3  0.06219   0.006  1.000 -0.000 -0.047 -0.044  0.052 -0.061
        4  0.07420   0.006 -0.000  1.000  0.007  0.009 -0.005 -0.042
       18  0.99513  -0.006 -0.047  0.007  1.000  0.691 -0.919  0.673
       19  0.99481  -0.006 -0.044  0.009  0.691  1.000 -0.913  0.661
       20  0.99868   0.009  0.052 -0.005 -0.919 -0.913  1.000 -0.766
       22  0.89886  -0.048 -0.061 -0.042  0.673  0.661 -0.766  1.000
MINUIT - FIT ONLY 1-CBO + other amplitudes 
 **********
 **   16 **RES 
 **********
                   PARAMETER   14  ANy2 RESTORED TO VARIABLE.
                   PARAMETER    8  phi_CBO RESTORED TO VARIABLE.
                   PARAMETER    7  w_CBO RESTORED TO VARIABLE.
                   PARAMETER    6  A_CBO RESTORED TO VARIABLE.
 **********
 **   17 **FIX            0
 **********
 PARAMETER    0  IS UNDEFINED. IGNORED.
 **********
 **   18 **FIX            1
 **********
 **********
 **   19 **FIX            2
 **********
 PARAMETER    2  IS CONSTANT.   IGNORED.
 **********
 **   20 **FIX            3
 **********
 **********
 **   21 **FIX            4
 **********
 **********
 **   22 **FIX            9
 **********
 PARAMETER    9  IS CONSTANT.   IGNORED.
 **********
 **   23 **FIX           11
 **********
 PARAMETER   11  IS CONSTANT.   IGNORED.
 **********
 **   24 **FIX           12
 **********
 PARAMETER   12  IS CONSTANT.   IGNORED.
 **********
 **   25 **FIX           14
 **********
 **********
 **   26 **FIX           15
 **********
 PARAMETER   15  IS CONSTANT.   IGNORED.
 **********
 **   27 **FIX           16
 **********
 PARAMETER   16  IS CONSTANT.   IGNORED.
 **********
 **   28 **MIGRAD
 **********
 START MIGRAD MINIMIZATION.  STRATEGY  1.  CONVERGENCE WHEN EDM .LT. 1.00e-04
 FCN=375.507 FROM MIGRAD    STATUS=INITIATE       20 CALLS         233 TOTAL
                     EDM= unknown      STRATEGY= 1      NO ERROR MATRIX       
  EXT PARAMETER               CURRENT GUESS       STEP         FIRST   
  NO.   NAME      VALUE            ERROR          SIZE      DERIVATIVE 
   1  N0           2.73943e+06     fixed    
   2  tau          6.44023e+01   constant   
   3  A0           3.53632e-01     fixed    
   4  phi          4.11443e+00     fixed    
   5  R           -5.91816e+01   constant   
   6  A_CBO        2.86013e-03   1.00000e-05   1.00000e-05   3.95769e+03
   7  w_CBO        2.31920e+00   1.00000e-03   1.00000e-03   1.17938e+00
   8  phi_CBO      2.61748e-01   1.00000e-04   1.00000e-04   1.56601e-01
   9  ANx2         7.44254e-04   constant   
  10  pNx2         1.53785e+00   constant   
  11  ANy1         0.00000e+00   constant   
  12  pNy1         0.00000e+00   constant   
  13  w_y          0.00000e+00   constant   
  14  ANy2         8.00900e-03     fixed    
  15  pNy2         3.64406e+00   constant   
  16  w_vw         1.43170e+01   constant   
  17  LM          -4.99363e-05   constant   
  18  wCBO_expCoeff   1.91515e+02   2.86018e+00   1.57776e-03   2.52476e-03
  19  wCBO_expOffset   1.98759e+02   4.27414e-01   5.61057e-04   1.60274e-02
  20  wCBO_expT    3.01744e+01   1.36528e-01  -1.63561e-04   1.10882e-01
  21  wCBO_linCoeff   0.00000e+00   constant   
  22  wCBO_const  -6.33253e-03   7.24687e-04  -2.50952e-06   2.26423e+00
 MIGRAD MINIMIZATION HAS CONVERGED.
 MIGRAD WILL VERIFY CONVERGENCE AND ERROR MATRIX.
 FCN=372.206 FROM MIGRAD    STATUS=CONVERGED     188 CALLS         401 TOTAL
                     EDM=5.52678e-08    STRATEGY= 1      ERR MATRIX NOT POS-DEF
  EXT PARAMETER                APPROXIMATE        STEP         FIRST   
  NO.   NAME      VALUE            ERROR          SIZE      DERIVATIVE 
   1  N0           2.73943e+06     fixed    
   2  tau          6.44023e+01   constant   
   3  A0           3.53632e-01     fixed    
   4  phi          4.11443e+00     fixed    
   5  R           -5.91816e+01   constant   
   6  A_CBO        1.19276e-03   9.12290e-04   8.60374e-06   1.01032e-01
   7  w_CBO        2.31904e+00   7.99247e-03   6.96457e-06   3.90134e-02
   8  phi_CBO      2.18882e-01   8.50038e-01   7.03492e-03   1.76674e-04
   9  ANx2         7.44254e-04   constant   
  10  pNx2         1.53785e+00   constant   
  11  ANy1         0.00000e+00   constant   
  12  pNy1         0.00000e+00   constant   
  13  w_y          0.00000e+00   constant   
  14  ANy2         8.00900e-03     fixed    
  15  pNy2         3.64406e+00   constant   
  16  w_vw         1.43170e+01   constant   
  17  LM          -4.99363e-05   constant   
  18  wCBO_expCoeff   1.91090e+02   3.67418e+00   3.02670e-03   5.41966e-04
  19  wCBO_expOffset   1.98692e+02   5.80730e-01   4.78287e-04   3.42978e-03
  20  wCBO_expT    3.01968e+01   8.29089e-02   7.55900e-05   1.87598e-02
  21  wCBO_linCoeff   0.00000e+00   constant   
  22  wCBO_const  -6.32269e-03   3.42417e-03   3.49812e-06  -1.32045e-02
 EXTERNAL ERROR MATRIX.    NDIM=  25    NPAR=  7    ERR DEF=1
  8.323e-07  1.616e-08  1.006e-05  8.192e-05  1.296e-05 -4.010e-06 -1.390e-08 
  1.616e-08  6.388e-05  1.508e-04 -1.676e-03 -2.660e-04 -5.505e-05 -2.686e-05 
  1.006e-05  1.508e-04  7.226e-01 -7.823e-02 -1.238e-02  3.369e-03  1.088e-04 
  8.192e-05 -1.676e-03 -7.823e-02  1.350e+01 -1.346e+00 -1.263e-01  1.078e-03 
  1.296e-05 -2.660e-04 -1.238e-02 -1.346e+00  3.372e-01 -1.998e-02  1.709e-04 
 -4.010e-06 -5.505e-05  3.369e-03 -1.263e-01 -1.998e-02  6.874e-03 -1.823e-06 
 -1.390e-08 -2.686e-05  1.088e-04  1.078e-03  1.709e-04 -1.823e-06  1.172e-05 
ERR MATRIX NOT POS-DEF
 PARAMETER  CORRELATION COEFFICIENTS  
       NO.  GLOBAL      6      7      8     18     19     20     22
        6  0.07482   1.000  0.002  0.013  0.024  0.024 -0.053 -0.004
        7  0.99574   0.002  1.000  0.022 -0.057 -0.057 -0.083 -0.981
        8  0.48067   0.013  0.022  1.000 -0.025 -0.025  0.048  0.037
       18  0.99620   0.024 -0.057 -0.025  1.000 -0.631 -0.415  0.086
       19  0.99620   0.024 -0.057 -0.025 -0.631  1.000 -0.415  0.086
       20  0.99534  -0.053 -0.083  0.048 -0.415 -0.415  1.000 -0.006
       22  0.99414  -0.004 -0.981  0.037  0.086  0.086 -0.006  1.000
 ERR MATRIX NOT POS-DEF
MINUIT - FIT ONLY 1-CBO
 **********
 **   29 **RES 
 **********
                   PARAMETER   14  ANy2 RESTORED TO VARIABLE.
                   PARAMETER    4  phi RESTORED TO VARIABLE.
                   PARAMETER    3  A0 RESTORED TO VARIABLE.
                   PARAMETER    1  N0 RESTORED TO VARIABLE.
 **********
 **   30 **FIX            0
 **********
 PARAMETER    0  IS UNDEFINED. IGNORED.
 **********
 **   31 **FIX            1
 **********
 **********
 **   32 **FIX            2
 **********
 PARAMETER    2  IS CONSTANT.   IGNORED.
 **********
 **   33 **FIX            3
 **********
 **********
 **   34 **FIX            4
 **********
 **********
 **   35 **FIX            8
 **********
 **********
 **   36 **FIX            9
 **********
 PARAMETER    9  IS CONSTANT.   IGNORED.
 **********
 **   37 **FIX           11
 **********
 PARAMETER   11  IS CONSTANT.   IGNORED.
 **********
 **   38 **FIX           12
 **********
 PARAMETER   12  IS CONSTANT.   IGNORED.
 **********
 **   39 **FIX           13
 **********
 PARAMETER   13  IS CONSTANT.   IGNORED.
 **********
 **   40 **FIX           15
 **********
 PARAMETER   15  IS CONSTANT.   IGNORED.
 **********
 **   41 **FIX           16
 **********
 PARAMETER   16  IS CONSTANT.   IGNORED.
 **********
 **   42 **MIGRAD
 **********
 START MIGRAD MINIMIZATION.  STRATEGY  1.  CONVERGENCE WHEN EDM .LT. 1.00e-04
 FCN=372.206 FROM MIGRAD    STATUS=INITIATE       14 CALLS         415 TOTAL
                     EDM= unknown      STRATEGY= 1      NO ERROR MATRIX       
  EXT PARAMETER               CURRENT GUESS       STEP         FIRST   
  NO.   NAME      VALUE            ERROR          SIZE      DERIVATIVE 
   1  N0           2.73943e+06     fixed    
   2  tau          6.44023e+01   constant   
   3  A0           3.53632e-01     fixed    
   4  phi          4.11443e+00     fixed    
   5  R           -5.91816e+01   constant   
   6  A_CBO        1.19276e-03   9.12290e-04   8.60374e-06   1.01032e-01
   7  w_CBO        2.31904e+00   7.99247e-03   6.96457e-06   3.96622e-02
   8  phi_CBO      2.18882e-01     fixed    
   9  ANx2         7.44254e-04   constant   
  10  pNx2         1.53785e+00   constant   
  11  ANy1         0.00000e+00   constant   
  12  pNy1         0.00000e+00   constant   
  13  w_y          0.00000e+00   constant   
  14  ANy2         8.00900e-03   1.00000e-04   1.00000e-04   2.00275e+04
  15  pNy2         3.64406e+00   constant   
  16  w_vw         1.43170e+01   constant   
  17  LM          -4.99363e-05   constant   
  18  wCBO_expCoeff   1.91090e+02   3.67418e+00   3.02670e-03   5.45948e-04
  19  wCBO_expOffset   1.98692e+02   5.80730e-01   4.78287e-04   3.45780e-03
  20  wCBO_expT    3.01968e+01   8.29089e-02   7.55900e-05   1.88675e-02
  21  wCBO_linCoeff   0.00000e+00   constant   
  22  wCBO_const  -6.32269e-03   3.42417e-03   3.49812e-06  -1.30047e-02
 MIGRAD MINIMIZATION HAS CONVERGED.
 MIGRAD WILL VERIFY CONVERGENCE AND ERROR MATRIX.
 FCN=290.51 FROM MIGRAD    STATUS=CONVERGED     222 CALLS         623 TOTAL
                     EDM=2.20392e-07    STRATEGY= 1      ERR MATRIX NOT POS-DEF
  EXT PARAMETER                APPROXIMATE        STEP         FIRST   
  NO.   NAME      VALUE            ERROR          SIZE      DERIVATIVE 
   1  N0           2.73943e+06     fixed    
   2  tau          6.44023e+01   constant   
   3  A0           3.53632e-01     fixed    
   4  phi          4.11443e+00     fixed    
   5  R           -5.91816e+01   constant   
   6  A_CBO        1.19125e-03   9.11863e-04   7.56576e-06  -6.45445e-01
   7  w_CBO        2.31836e+00   9.47596e-03   6.99946e-06  -3.23462e-01
   8  phi_CBO      2.18882e-01     fixed    
   9  ANx2         7.44254e-04   constant   
  10  pNx2         1.53785e+00   constant   
  11  ANy1         0.00000e+00   constant   
  12  pNy1         0.00000e+00   constant   
  13  w_y          0.00000e+00   constant   
  14  ANy2        -1.67414e-04   9.01122e-04   7.51865e-06  -9.76395e-02
  15  pNy2         3.64406e+00   constant   
  16  w_vw         1.43170e+01   constant   
  17  LM          -4.99363e-05   constant   
  18  wCBO_expCoeff   1.89183e+02   3.59872e+00   3.97310e-03  -4.85339e-04
  19  wCBO_expOffset   1.98390e+02   5.76338e-01   6.36207e-04  -3.03102e-03
  20  wCBO_expT    3.02927e+01   9.07904e-02   9.70448e-05  -2.30752e-02
  21  wCBO_linCoeff   0.00000e+00   constant   
  22  wCBO_const  -6.23121e-03   4.05509e-03   3.35252e-06  -6.62148e-01
 EXTERNAL ERROR MATRIX.    NDIM=  25    NPAR=  7    ERR DEF=1
  8.315e-07  3.494e-08 -1.054e-08  1.406e-04  2.253e-05 -6.766e-06 -3.559e-08 
  3.494e-08  8.979e-05  8.099e-09 -2.199e-03 -3.531e-04 -8.166e-05 -3.797e-05 
 -1.054e-08  8.099e-09  8.120e-07  4.350e-05  6.972e-06 -1.599e-06 -9.240e-09 
  1.406e-04 -2.199e-03  4.350e-05  1.295e+01 -1.070e+00 -1.537e-01  1.275e-03 
  2.253e-05 -3.531e-04  6.972e-06 -1.070e+00  3.322e-01 -2.463e-02  2.046e-04 
 -6.766e-06 -8.166e-05 -1.599e-06 -1.537e-01 -2.463e-02  8.243e-03  9.739e-06 
 -3.559e-08 -3.797e-05 -9.240e-09  1.275e-03  2.046e-04  9.739e-06  1.644e-05 
ERR MATRIX NOT POS-DEF
 PARAMETER  CORRELATION COEFFICIENTS  
       NO.  GLOBAL      6      7     14     18     19     20     22
        6  0.11760   1.000  0.004 -0.013  0.043  0.043 -0.082 -0.010
        7  0.99608   0.004  1.000  0.001 -0.064 -0.065 -0.095 -0.988
       14  0.05300  -0.013  0.001  1.000  0.013  0.013 -0.020 -0.003
       18  0.99120   0.043 -0.064  0.013  1.000 -0.516 -0.471  0.087
       19  0.99121   0.043 -0.065  0.013 -0.516  1.000 -0.471  0.088
       20  0.99176  -0.082 -0.095 -0.020 -0.471 -0.471  1.000  0.026
       22  0.99509  -0.010 -0.988 -0.003  0.087  0.088  0.026  1.000
 ERR MATRIX NOT POS-DEF
MINUIT - FIT ONLY 2-CBO
 **********
 **   43 **RES 
 **********
                   PARAMETER    8  phi_CBO RESTORED TO VARIABLE.
                   PARAMETER    4  phi RESTORED TO VARIABLE.
                   PARAMETER    3  A0 RESTORED TO VARIABLE.
                   PARAMETER    1  N0 RESTORED TO VARIABLE.
 **********
 **   44 **FIX            0
 **********
 PARAMETER    0  IS UNDEFINED. IGNORED.
 **********
 **   45 **FIX            1
 **********
 **********
 **   46 **FIX            2
 **********
 PARAMETER    2  IS CONSTANT.   IGNORED.
 **********
 **   47 **FIX            3
 **********
 **********
 **   48 **FIX            4
 **********
 **********
 **   49 **FIX            5
 **********
 PARAMETER    5  IS CONSTANT.   IGNORED.
 **********
 **   50 **FIX            6
 **********
 **********
 **   51 **FIX            7
 **********
 **********
 **   52 **FIX           10
 **********
 PARAMETER   10  IS CONSTANT.   IGNORED.
 **********
 **   53 **FIX           11
 **********
 PARAMETER   11  IS CONSTANT.   IGNORED.
 **********
 **   54 **FIX           12
 **********
 PARAMETER   12  IS CONSTANT.   IGNORED.
 **********
 **   55 **FIX           13
 **********
 PARAMETER   13  IS CONSTANT.   IGNORED.
 **********
 **   56 **FIX           14
 **********
 **********
 **   57 **FIX           15
 **********
 PARAMETER   15  IS CONSTANT.   IGNORED.
 **********
 **   58 **FIX           16
 **********
 PARAMETER   16  IS CONSTANT.   IGNORED.
 **********
 **   59 **MIGRAD
 **********
 START MIGRAD MINIMIZATION.  STRATEGY  1.  CONVERGENCE WHEN EDM .LT. 1.00e-04
 FCN=290.51 FROM MIGRAD    STATUS=INITIATE       10 CALLS         633 TOTAL
                     EDM= unknown      STRATEGY= 1      NO ERROR MATRIX       
  EXT PARAMETER               CURRENT GUESS       STEP         FIRST   
  NO.   NAME      VALUE            ERROR          SIZE      DERIVATIVE 
   1  N0           2.73943e+06     fixed    
   2  tau          6.44023e+01   constant   
   3  A0           3.53632e-01     fixed    
   4  phi          4.11443e+00     fixed    
   5  R           -5.91816e+01   constant   
   6  A_CBO        1.19125e-03     fixed    
   7  w_CBO        2.31836e+00     fixed    
   8  phi_CBO      2.18882e-01   8.50038e-01   8.50038e-01  -2.51078e-01
   9  ANx2         7.44254e-04   constant   
  10  pNx2         1.53785e+00   constant   
  11  ANy1         0.00000e+00   constant   
  12  pNy1         0.00000e+00   constant   
  13  w_y          0.00000e+00   constant   
  14  ANy2        -1.67414e-04     fixed    
  15  pNy2         3.64406e+00   constant   
  16  w_vw         1.43170e+01   constant   
  17  LM          -4.99363e-05   constant   
  18  wCBO_expCoeff   1.89183e+02   3.59872e+00   3.97310e-03  -4.91917e-04
  19  wCBO_expOffset   1.98390e+02   5.76338e-01   6.36207e-04  -3.07174e-03
  20  wCBO_expT    3.02927e+01   9.07904e-02   9.70448e-05  -2.41330e-02
  21  wCBO_linCoeff   0.00000e+00   constant   
  22  wCBO_const  -6.23121e-03   4.05509e-03   3.35252e-06  -6.60189e-01
 MIGRAD MINIMIZATION HAS CONVERGED.
 MIGRAD WILL VERIFY CONVERGENCE AND ERROR MATRIX.
 COVARIANCE MATRIX CALCULATED SUCCESSFULLY
 FCN=290.497 FROM MIGRAD    STATUS=CONVERGED      76 CALLS         699 TOTAL
                     EDM=2.86606e-05    STRATEGY= 1      ERROR MATRIX ACCURATE 
  EXT PARAMETER                                   STEP         FIRST   
  NO.   NAME      VALUE            ERROR          SIZE      DERIVATIVE 
   1  N0           2.73943e+06     fixed    
   2  tau          6.44023e+01   constant   
   3  A0           3.53632e-01     fixed    
   4  phi          4.11443e+00     fixed    
   5  R           -5.91816e+01   constant   
   6  A_CBO        1.19125e-03     fixed    
   7  w_CBO        2.31836e+00     fixed    
   8  phi_CBO      3.22756e-01   9.10845e-01   6.22885e-03   8.36259e-05
   9  ANx2         7.44254e-04   constant   
  10  pNx2         1.53785e+00   constant   
  11  ANy1         0.00000e+00   constant   
  12  pNy1         0.00000e+00   constant   
  13  w_y          0.00000e+00   constant   
  14  ANy2        -1.67414e-04     fixed    
  15  pNy2         3.64406e+00   constant   
  16  w_vw         1.43170e+01   constant   
  17  LM          -4.99363e-05   constant   
  18  wCBO_expCoeff   1.89189e+02   4.42438e+00   4.11410e-03   2.55975e-03
  19  wCBO_expOffset   1.98391e+02   7.08554e-01   6.58737e-04   1.59866e-02
  20  wCBO_expT    3.02929e+01   1.12331e-01   9.96100e-05   1.73005e-01
  21  wCBO_linCoeff   0.00000e+00   constant   
  22  wCBO_const  -6.21377e-03   6.72452e-04   3.35661e-06   2.85848e+00
 EXTERNAL ERROR MATRIX.    NDIM=  25    NPAR=  5    ERR DEF=1
  8.296e-01  1.424e-01  2.283e-02 -3.049e-03  1.483e-04 
  1.424e-01  1.958e+01 -1.590e+00 -2.434e-01  5.937e-04 
  2.283e-02 -1.590e+00  5.020e-01 -3.899e-02  9.509e-05 
 -3.049e-03 -2.434e-01 -3.899e-02  1.262e-02 -3.715e-05 
  1.483e-04  5.937e-04  9.509e-05 -3.715e-05  4.522e-07 
 PARAMETER  CORRELATION COEFFICIENTS  
       NO.  GLOBAL      8     18     19     20     22
        8  0.57143   1.000  0.035  0.035 -0.030  0.242
       18  0.99382   0.035  1.000 -0.507 -0.490  0.200
       19  0.99382   0.035 -0.507  1.000 -0.490  0.200
       20  0.99437  -0.030 -0.490 -0.490  1.000 -0.492
       22  0.80116   0.242  0.200  0.200 -0.492  1.000
MINUIT - FIT ONLY 1-y
 **********
 **   60 **RES 
 **********
                   PARAMETER   14  ANy2 RESTORED TO VARIABLE.
                   PARAMETER    7  w_CBO RESTORED TO VARIABLE.
                   PARAMETER    6  A_CBO RESTORED TO VARIABLE.
                   PARAMETER    4  phi RESTORED TO VARIABLE.
                   PARAMETER    3  A0 RESTORED TO VARIABLE.
                   PARAMETER    1  N0 RESTORED TO VARIABLE.
 **********
 **   61 **FIX            0
 **********
 PARAMETER    0  IS UNDEFINED. IGNORED.
 **********
 **   62 **FIX            1
 **********
 **********
 **   63 **FIX            2
 **********
 PARAMETER    2  IS CONSTANT.   IGNORED.
 **********
 **   64 **FIX            3
 **********
 **********
 **   65 **FIX            4
 **********
 **********
 **   66 **FIX            5
 **********
 PARAMETER    5  IS CONSTANT.   IGNORED.
 **********
 **   67 **FIX            6
 **********
 **********
 **   68 **FIX            7
 **********
 **********
 **   69 **FIX            8
 **********
 **********
 **   70 **FIX            9
 **********
 PARAMETER    9  IS CONSTANT.   IGNORED.
 **********
 **   71 **FIX           13
 **********
 PARAMETER   13  IS CONSTANT.   IGNORED.
 **********
 **   72 **FIX           14
 **********
 **********
 **   73 **FIX           15
 **********
 PARAMETER   15  IS CONSTANT.   IGNORED.
 **********
 **   74 **FIX           16
 **********
 PARAMETER   16  IS CONSTANT.   IGNORED.
 **********
 **   75 **MIGRAD
 **********
 START MIGRAD MINIMIZATION.  STRATEGY  1.  CONVERGENCE WHEN EDM .LT. 1.00e-04
 FCN=290.497 FROM MIGRAD    STATUS=INITIATE        8 CALLS         707 TOTAL
                     EDM= unknown      STRATEGY= 1      NO ERROR MATRIX       
  EXT PARAMETER               CURRENT GUESS       STEP         FIRST   
  NO.   NAME      VALUE            ERROR          SIZE      DERIVATIVE 
   1  N0           2.73943e+06     fixed    
   2  tau          6.44023e+01   constant   
   3  A0           3.53632e-01     fixed    
   4  phi          4.11443e+00     fixed    
   5  R           -5.91816e+01   constant   
   6  A_CBO        1.19125e-03     fixed    
   7  w_CBO        2.31836e+00     fixed    
   8  phi_CBO      3.22756e-01     fixed    
   9  ANx2         7.44254e-04   constant   
  10  pNx2         1.53785e+00   constant   
  11  ANy1         0.00000e+00   constant   
  12  pNy1         0.00000e+00   constant   
  13  w_y          0.00000e+00   constant   
  14  ANy2        -1.67414e-04     fixed    
  15  pNy2         3.64406e+00   constant   
  16  w_vw         1.43170e+01   constant   
  17  LM          -4.99363e-05   constant   
  18  wCBO_expCoeff   1.89189e+02   4.42438e+00   4.11410e-03   2.51530e-03
  19  wCBO_expOffset   1.98391e+02   7.08554e-01   6.58737e-04   1.57112e-02
  20  wCBO_expT    3.02929e+01   1.12331e-01   9.96100e-05   1.71797e-01
  21  wCBO_linCoeff   0.00000e+00   constant   
  22  wCBO_const  -6.21377e-03   6.72452e-04   3.35661e-06   2.85912e+00
 MIGRAD MINIMIZATION HAS CONVERGED.
 MIGRAD WILL VERIFY CONVERGENCE AND ERROR MATRIX.
 COVARIANCE MATRIX CALCULATED SUCCESSFULLY
 FCN=290.497 FROM MIGRAD    STATUS=CONVERGED      45 CALLS         744 TOTAL
                     EDM=2.72504e-05    STRATEGY= 1      ERROR MATRIX ACCURATE 
  EXT PARAMETER                                   STEP         FIRST   
  NO.   NAME      VALUE            ERROR          SIZE      DERIVATIVE 
   1  N0           2.73943e+06     fixed    
   2  tau          6.44023e+01   constant   
   3  A0           3.53632e-01     fixed    
   4  phi          4.11443e+00     fixed    
   5  R           -5.91816e+01   constant   
   6  A_CBO        1.19125e-03     fixed    
   7  w_CBO        2.31836e+00     fixed    
   8  phi_CBO      3.22756e-01     fixed    
   9  ANx2         7.44254e-04   constant   
  10  pNx2         1.53785e+00   constant   
  11  ANy1         0.00000e+00   constant   
  12  pNy1         0.00000e+00   constant   
  13  w_y          0.00000e+00   constant   
  14  ANy2        -1.67414e-04     fixed    
  15  pNy2         3.64406e+00   constant   
  16  w_vw         1.43170e+01   constant   
  17  LM          -4.99363e-05   constant   
  18  wCBO_expCoeff   1.89189e+02   4.43119e+00   4.09443e-03  -6.33681e-04
  19  wCBO_expOffset   1.98391e+02   7.09697e-01   6.55598e-04  -3.95756e-03
  20  wCBO_expT    3.02929e+01   1.12462e-01   9.92417e-05   4.00910e-02
  21  wCBO_linCoeff   0.00000e+00   constant   
  22  wCBO_const  -6.21383e-03   6.52695e-04   3.35490e-06  -3.68126e-01
 EXTERNAL ERROR MATRIX.    NDIM=  25    NPAR=  4    ERR DEF=1
  1.964e+01 -1.603e+00 -2.436e-01  5.707e-04 
 -1.603e+00  5.037e-01 -3.904e-02  9.143e-05 
 -2.436e-01 -3.904e-02  1.265e-02 -3.674e-05 
  5.707e-04  9.143e-05 -3.674e-05  4.260e-07 
 PARAMETER  CORRELATION COEFFICIENTS  
       NO.  GLOBAL     18     19     20     22
       18  0.99384   1.000 -0.510 -0.489  0.197
       19  0.99385  -0.510  1.000 -0.489  0.197
       20  0.99438  -0.489 -0.489  1.000 -0.500
       22  0.78731   0.197  0.197 -0.500  1.000
MINUIT - FIT ONLY 2-y
 **********
 **   76 **RES 
 **********
                   PARAMETER   14  ANy2 RESTORED TO VARIABLE.
                   PARAMETER    8  phi_CBO RESTORED TO VARIABLE.
                   PARAMETER    7  w_CBO RESTORED TO VARIABLE.
                   PARAMETER    6  A_CBO RESTORED TO VARIABLE.
                   PARAMETER    4  phi RESTORED TO VARIABLE.
                   PARAMETER    3  A0 RESTORED TO VARIABLE.
                   PARAMETER    1  N0 RESTORED TO VARIABLE.
 **********
 **   77 **FIX            0
 **********
 PARAMETER    0  IS UNDEFINED. IGNORED.
 **********
 **   78 **FIX            1
 **********
 **********
 **   79 **FIX            2
 **********
 PARAMETER    2  IS CONSTANT.   IGNORED.
 **********
 **   80 **FIX            3
 **********
 **********
 **   81 **FIX            4
 **********
 **********
 **   82 **FIX            5
 **********
 PARAMETER    5  IS CONSTANT.   IGNORED.
 **********
 **   83 **FIX            6
 **********
 **********
 **   84 **FIX            7
 **********
 **********
 **   85 **FIX            8
 **********
 **********
 **   86 **FIX            9
 **********
 PARAMETER    9  IS CONSTANT.   IGNORED.
 **********
 **   87 **FIX           10
 **********
 PARAMETER   10  IS CONSTANT.   IGNORED.
 **********
 **   88 **FIX           11
 **********
 PARAMETER   11  IS CONSTANT.   IGNORED.
 **********
 **   89 **FIX           12
 **********
 PARAMETER   12  IS CONSTANT.   IGNORED.
 **********
 **   90 **FIX           16
 **********
 PARAMETER   16  IS CONSTANT.   IGNORED.
 **********
 **   91 **MIGRAD
 **********
 START MIGRAD MINIMIZATION.  STRATEGY  1.  CONVERGENCE WHEN EDM .LT. 1.00e-04
 FCN=290.497 FROM MIGRAD    STATUS=INITIATE       10 CALLS         754 TOTAL
                     EDM= unknown      STRATEGY= 1      NO ERROR MATRIX       
  EXT PARAMETER               CURRENT GUESS       STEP         FIRST   
  NO.   NAME      VALUE            ERROR          SIZE      DERIVATIVE 
   1  N0           2.73943e+06     fixed    
   2  tau          6.44023e+01   constant   
   3  A0           3.53632e-01     fixed    
   4  phi          4.11443e+00     fixed    
   5  R           -5.91816e+01   constant   
   6  A_CBO        1.19125e-03     fixed    
   7  w_CBO        2.31836e+00     fixed    
   8  phi_CBO      3.22756e-01     fixed    
   9  ANx2         7.44254e-04   constant   
  10  pNx2         1.53785e+00   constant   
  11  ANy1         0.00000e+00   constant   
  12  pNy1         0.00000e+00   constant   
  13  w_y          0.00000e+00   constant   
  14  ANy2        -1.67414e-04   9.01122e-04   9.01122e-04  -2.50603e+00
  15  pNy2         3.64406e+00   constant   
  16  w_vw         1.43170e+01   constant   
  17  LM          -4.99363e-05   constant   
  18  wCBO_expCoeff   1.89189e+02   4.43119e+00   4.09443e-03  -6.41021e-04
  19  wCBO_expOffset   1.98391e+02   7.09697e-01   6.55598e-04  -4.00302e-03
  20  wCBO_expT    3.02929e+01   1.12462e-01   9.92417e-05   3.88844e-02
  21  wCBO_linCoeff   0.00000e+00   constant   
  22  wCBO_const  -6.21383e-03   6.52695e-04   3.35490e-06  -3.67470e-01
 MIGRAD MINIMIZATION HAS CONVERGED.
 MIGRAD WILL VERIFY CONVERGENCE AND ERROR MATRIX.
 COVARIANCE MATRIX CALCULATED SUCCESSFULLY
 FCN=290.497 FROM MIGRAD    STATUS=CONVERGED      57 CALLS         801 TOTAL
                     EDM=2.77231e-05    STRATEGY= 1      ERROR MATRIX ACCURATE 
  EXT PARAMETER                                   STEP         FIRST   
  NO.   NAME      VALUE            ERROR          SIZE      DERIVATIVE 
   1  N0           2.73943e+06     fixed    
   2  tau          6.44023e+01   constant   
   3  A0           3.53632e-01     fixed    
   4  phi          4.11443e+00     fixed    
   5  R           -5.91816e+01   constant   
   6  A_CBO        1.19125e-03     fixed    
   7  w_CBO        2.31836e+00     fixed    
   8  phi_CBO      3.22756e-01     fixed    
   9  ANx2         7.44254e-04   constant   
  10  pNx2         1.53785e+00   constant   
  11  ANy1         0.00000e+00   constant   
  12  pNy1         0.00000e+00   constant   
  13  w_y          0.00000e+00   constant   
  14  ANy2        -1.66314e-04   9.03127e-04   7.51850e-06   1.87169e-01
  15  pNy2         3.64406e+00   constant   
  16  w_vw         1.43170e+01   constant   
  17  LM          -4.99363e-05   constant   
  18  wCBO_expCoeff   1.89189e+02   4.43320e+00   4.09308e-03  -2.23096e-04
  19  wCBO_expOffset   1.98391e+02   7.10012e-01   6.55383e-04  -1.39334e-03
  20  wCBO_expT    3.02929e+01   1.12538e-01   9.92171e-05   5.82282e-02
  21  wCBO_linCoeff   0.00000e+00   constant   
  22  wCBO_const  -6.21380e-03   6.52730e-04   3.35485e-06   2.32296e-01
 EXTERNAL ERROR MATRIX.    NDIM=  25    NPAR=  5    ERR DEF=1
  8.156e-07  7.034e-05  1.128e-05 -2.958e-06 -3.154e-09 
  7.034e-05  1.965e+01 -1.603e+00 -2.440e-01  5.706e-04 
  1.128e-05 -1.603e+00  5.041e-01 -3.910e-02  9.142e-05 
 -2.958e-06 -2.440e-01 -3.910e-02  1.266e-02 -3.674e-05 
 -3.154e-09  5.706e-04  9.142e-05 -3.674e-05  4.261e-07 
 PARAMETER  CORRELATION COEFFICIENTS  
       NO.  GLOBAL     14     18     19     20     22
       14  0.05276   1.000  0.018  0.018 -0.029 -0.005
       18  0.99385   0.018  1.000 -0.509 -0.489  0.197
       19  0.99385   0.018 -0.509  1.000 -0.489  0.197
       20  0.99439  -0.029 -0.489 -0.489  1.000 -0.500
       22  0.78734  -0.005  0.197  0.197 -0.500  1.000
MINUIT - FIT ALTOGETHER
 **********
 **   92 **RES 
 **********
                   PARAMETER    8  phi_CBO RESTORED TO VARIABLE.
                   PARAMETER    7  w_CBO RESTORED TO VARIABLE.
                   PARAMETER    6  A_CBO RESTORED TO VARIABLE.
                   PARAMETER    4  phi RESTORED TO VARIABLE.
                   PARAMETER    3  A0 RESTORED TO VARIABLE.
                   PARAMETER    1  N0 RESTORED TO VARIABLE.
 **********
 **   93 **MIGRAD
 **********
 START MIGRAD MINIMIZATION.  STRATEGY  1.  CONVERGENCE WHEN EDM .LT. 1.00e-04
 FCN=290.497 FROM MIGRAD    STATUS=INITIATE       22 CALLS         823 TOTAL
                     EDM= unknown      STRATEGY= 1      NO ERROR MATRIX       
  EXT PARAMETER               CURRENT GUESS       STEP         FIRST   
  NO.   NAME      VALUE            ERROR          SIZE      DERIVATIVE 
   1  N0           2.73943e+06   1.73495e+03   1.73495e+03  -1.64031e-04
   2  tau          6.44023e+01   constant   
   3  A0           3.53632e-01   8.52591e-04   8.52591e-04   7.21072e+01
   4  phi          4.11443e+00   2.50888e-03   2.50888e-03  -1.13915e+02
   5  R           -5.91816e+01   constant   
   6  A_CBO        1.19125e-03   9.11863e-04   9.11863e-04  -1.75698e+01
   7  w_CBO        2.31836e+00   9.47596e-03   9.47596e-03   8.07241e-02
   8  phi_CBO      3.22756e-01   9.10845e-01   9.10845e-01   1.05525e-03
   9  ANx2         7.44254e-04   constant   
  10  pNx2         1.53785e+00   constant   
  11  ANy1         0.00000e+00   constant   
  12  pNy1         0.00000e+00   constant   
  13  w_y          0.00000e+00   constant   
  14  ANy2        -1.66314e-04   9.03127e-04   7.51850e-06   1.87169e-01
  15  pNy2         3.64406e+00   constant   
  16  w_vw         1.43170e+01   constant   
  17  LM          -4.99363e-05   constant   
  18  wCBO_expCoeff   1.89189e+02   4.43320e+00   4.09308e-03  -2.30429e-04
  19  wCBO_expOffset   1.98391e+02   7.10012e-01   6.55383e-04  -1.43874e-03
