 + ++++++++++++++++++++++++++++++++++++++++++++++++++++++++++++++++++++ +
 +                                                                      +
 +           You have chose to blind your fitting according to          +
 +                omega_ref * (1 + (R +/- deltaR) *10^{-6})             +
 +                                                                      +
 + ++++++++++++++++++++++++++++++++++++++++++++++++++++++++++++++++++++ +
In main()...
reading format from /gm2data/zkhechad/run45/envelope/formats/formatB_sBin_constraintOn.txt
pBinTau 	= 0  
pBinPhi 	= 0  
constraintau 	= 1 
includeMopTerm 	= 0    
constrainMop    = 0   
Parameters after format file: pBinTau 0 pBinPhi 0 constraintau 1 includeMopTerm 0 constrainMop 0 c_e_scale 0.000000 
reading cbo reference file (full fit) from /gm2data/zkhechad/cboTemplates/Run4CBOTemplates/fullFits/run4/sBin_constraintOn_cE0.0_seed0_run4_calo1.root
A_CBO 0.008450 w_CBO 2.327583 phi_CBO 2.512904 N0 3416164.907261 R -60.829491 tau 64.397625 
Reading cboRef file /gm2data/zkhechad/cboTemplates/Run4CBOTemplates//cboIsolate/run4_calo1.root
deltaT 164.120000
windowBins = 1100
fitting sliding window 1460 from bin 1663 at 248.119600 to bin 2763 at 412.239600 (1100 bins)

Reading data from /gm2data/cornell/histograms/aMethod/histogram_a_run4.root
fitting cbo isolate
 **********
 **    1 **SET PRINTOUT            1
 **********
 **********
 **    2 **SET NOWARNINGS 
 **********
 PARAMETER DEFINITIONS:
    NO.   NAME         VALUE      STEP SIZE      LIMITS
     1 A_CBO        8.44960e-03  1.00000e-05     no limits
     2 w_CBO        2.32758e+00  1.00000e-02    2.00000e+00  3.00000e+00
     3 phi_CBO      2.51290e+00  1.00000e-02    0.00000e+00  6.28319e+00
 **********
 **    3 **MIGRAD
 **********
 FIRST CALL TO USER FUNCTION AT NEW START POINT, WITH IFLAG=4.
 START MIGRAD MINIMIZATION.  STRATEGY  1.  CONVERGENCE WHEN EDM .LT. 1.00e-04
 FCN=0.0478838 FROM MIGRAD    STATUS=INITIATE       12 CALLS          13 TOTAL
                     EDM= unknown      STRATEGY= 1      NO ERROR MATRIX       
  EXT PARAMETER               CURRENT GUESS       STEP         FIRST   
  NO.   NAME      VALUE            ERROR          SIZE      DERIVATIVE 
   1  A_CBO        8.44960e-03   1.00000e-05   1.00000e-05   6.07668e+00
   2  w_CBO        2.32758e+00   1.00000e-02   2.13091e-02   1.32040e+00
   3  phi_CBO      2.51290e+00   1.00000e-02   3.24882e-03  -2.43797e-02
 MIGRAD MINIMIZATION HAS CONVERGED.
 MIGRAD WILL VERIFY CONVERGENCE AND ERROR MATRIX.
 COVARIANCE MATRIX CALCULATED SUCCESSFULLY
 FCN=0.0306535 FROM HESSE     STATUS=OK             16 CALLS          59 TOTAL
                     EDM=8.80534e-05    STRATEGY= 1      ERROR MATRIX ACCURATE 
  EXT PARAMETER                                   STEP         FIRST   
  NO.   NAME      VALUE            ERROR          SIZE      DERIVATIVE 
   1  A_CBO        3.05205e-03   4.32997e-02   2.11208e-05  -7.80897e-03
   2  w_CBO        2.32709e+00   2.76747e-01   4.59310e-05   2.69176e-02
   3  phi_CBO      2.64105e+00   3.74778e+00   2.31097e-03   5.45810e-05
 MIGRAD MINIMIZATION HAS CONVERGED.
 FCN=0.0305738 FROM MIGRAD    STATUS=CONVERGED      67 CALLS          68 TOTAL
                     EDM=3.01328e-06    STRATEGY= 1  ERROR MATRIX UNCERTAINTY   1.7 per cent
  EXT PARAMETER                                   STEP         FIRST   
  NO.   NAME      VALUE            ERROR          SIZE      DERIVATIVE 
   1  A_CBO        3.11821e-03   4.23084e-02   6.61604e-05   3.90522e-02
   2  w_CBO        2.32477e+00   2.62868e-01  -4.94763e-03  -3.21899e-02
   3  phi_CBO      1.89627e+00   4.03909e+00  -2.47584e-01   6.69830e-04
 EXTERNAL ERROR MATRIX.    NDIM=  25    NPAR=  3    ERR DEF=1
  1.790e-03 -8.994e-04 -3.051e-01 
 -8.994e-04  7.790e-02  2.457e+01 
 -3.051e-01  2.457e+01  7.908e+03 
 PARAMETER  CORRELATION COEFFICIENTS  
       NO.  GLOBAL      1      2      3
        1  0.08606   1.000 -0.076 -0.081
        2  0.98981  -0.076  1.000  0.990
        3  0.98982  -0.081  0.990  1.000
setting A_CBO=0.003118 w_CBO=2.324774, phi_CBO=1.896266
done fitting cbo isolate
 **********
 **    1 **SET PRINTOUT            1
 **********
 **********
 **    2 **SET NOWARNINGS 
 **********
 PARAMETER DEFINITIONS:
    NO.   NAME         VALUE      STEP SIZE      LIMITS
     1 N0           3.41616e+06  1.00000e+02     no limits
     2 tau          6.43976e+01  constant
     3 A0           3.54950e-01  1.00000e-04     no limits
     4 phi          4.12292e+00  1.00000e-02     no limits
     5 R           -6.08295e+01  constant
     6 A_CBO        3.11821e-03  1.00000e-05     no limits
     7 w_CBO        2.32477e+00  1.00000e-03     no limits
     8 phi_CBO      1.89627e+00  1.00000e-04     no limits
     9 ANx2         2.24467e-04  constant
    10 pNx2         2.31915e+00  constant
    11 ANy1         0.00000e+00  constant
    12 pNy1         0.00000e+00  constant
    13 w_y          0.00000e+00  constant
    14 ANy2         1.49899e-02  1.00000e-04     no limits
    15 pNy2         4.64502e+00  constant
    16 w_vw         1.43138e+01  constant
    17 LM          -1.76320e-04  constant
    18 wCBO_expCoeff   2.00000e+02  1.00000e+00     no limits
    19 wCBO_expOffset   2.00000e+02  1.00000e+00     no limits
    20 wCBO_expT    3.00000e+01  1.00000e+00     no limits
    21 wCBO_linCoeff   0.00000e+00  constant
    22 wCBO_const   0.00000e+00  1.00000e-02     no limits
MINUIT - FIT ONLY WIGGLE
 **********
 **    3 **FIX            5
 **********
 PARAMETER    5  IS CONSTANT.   IGNORED.
 **********
 **    4 **FIX            6
 **********
 **********
 **    5 **FIX            7
 **********
 **********
 **    6 **FIX            8
 **********
 **********
 **    7 **FIX            9
 **********
 PARAMETER    9  IS CONSTANT.   IGNORED.
 **********
 **    8 **FIX           10
 **********
 PARAMETER   10  IS CONSTANT.   IGNORED.
 **********
 **    9 **FIX           11
 **********
 PARAMETER   11  IS CONSTANT.   IGNORED.
 **********
 **   10 **FIX           12
 **********
 PARAMETER   12  IS CONSTANT.   IGNORED.
 **********
 **   11 **FIX           13
 **********
 PARAMETER   13  IS CONSTANT.   IGNORED.
 **********
 **   12 **FIX           14
 **********
 **********
 **   13 **FIX           15
 **********
 PARAMETER   15  IS CONSTANT.   IGNORED.
 **********
 **   14 **FIX           16
 **********
 PARAMETER   16  IS CONSTANT.   IGNORED.
 **********
 **   15 **MIGRAD
 **********
 FIRST CALL TO USER FUNCTION AT NEW START POINT, WITH IFLAG=4.
 START MIGRAD MINIMIZATION.  STRATEGY  1.  CONVERGENCE WHEN EDM .LT. 1.00e-04
 FCN=2765.32 FROM MIGRAD    STATUS=INITIATE       61 CALLS          62 TOTAL
                     EDM= unknown      STRATEGY= 1      NO ERROR MATRIX       
  EXT PARAMETER               CURRENT GUESS       STEP         FIRST   
  NO.   NAME      VALUE            ERROR          SIZE      DERIVATIVE 
   1  N0           3.41616e+06   1.00000e+02   0.00000e+00   2.75427e-03
   2  tau          6.43976e+01   constant   
   3  A0           3.54950e-01   1.00000e-04   0.00000e+00  -2.56179e+03
   4  phi          4.12292e+00   1.00000e-02   0.00000e+00  -1.11775e+02
   5  R           -6.08295e+01   constant   
   6  A_CBO        3.11821e-03     fixed    
   7  w_CBO        2.32477e+00     fixed    
   8  phi_CBO      1.89627e+00     fixed    
   9  ANx2         2.24467e-04   constant   
  10  pNx2         2.31915e+00   constant   
  11  ANy1         0.00000e+00   constant   
  12  pNy1         0.00000e+00   constant   
  13  w_y          0.00000e+00   constant   
  14  ANy2         1.49899e-02     fixed    
  15  pNy2         4.64502e+00   constant   
  16  w_vw         1.43138e+01   constant   
  17  LM          -1.76320e-04   constant   
  18  wCBO_expCoeff   2.00000e+02   1.00000e+00   0.00000e+00   3.47026e+02
  19  wCBO_expOffset   2.00000e+02   1.00000e+00   0.00000e+00   2.30485e+03
  20  wCBO_expT    3.00000e+01   1.00000e+00   0.00000e+00  -1.31555e+03
  21  wCBO_linCoeff   0.00000e+00   constant   
  22  wCBO_const   1.78614e-03   1.00000e-02   1.78614e-03  -1.68698e+02
 MIGRAD MINIMIZATION HAS CONVERGED.
 FCN=2707.91 FROM MIGRAD    STATUS=CONVERGED     406 CALLS         407 TOTAL
                     EDM=2.22318e-06    STRATEGY= 1  ERROR MATRIX UNCERTAINTY   0.9 per cent
  EXT PARAMETER                                   STEP         FIRST   
  NO.   NAME      VALUE            ERROR          SIZE      DERIVATIVE 
   1  N0           3.41556e+06   7.56345e+02  -1.70823e+00   1.12397e-06
   2  tau          6.43976e+01   constant   
   3  A0           3.55012e-01   3.00611e-04   1.17043e-06  -1.37232e+00
   4  phi          4.12283e+00   8.61572e-04  -2.23111e-06  -7.67796e-01
   5  R           -6.08295e+01   constant   
   6  A_CBO        3.11821e-03     fixed    
   7  w_CBO        2.32477e+00     fixed    
   8  phi_CBO      1.89627e+00     fixed    
   9  ANx2         2.24467e-04   constant   
  10  pNx2         2.31915e+00   constant   
  11  ANy1         0.00000e+00   constant   
  12  pNy1         0.00000e+00   constant   
  13  w_y          0.00000e+00   constant   
  14  ANy2         1.49899e-02     fixed    
  15  pNy2         4.64502e+00   constant   
  16  w_vw         1.43138e+01   constant   
  17  LM          -1.76320e-04   constant   
  18  wCBO_expCoeff   1.99860e+02   9.27976e-03   1.65929e-05  -6.73641e-01
  19  wCBO_expOffset   1.99976e+02   1.48332e-03  -3.12759e-06   4.32592e-01
  20  wCBO_expT    3.00247e+01   1.77360e-03   2.09783e-08  -3.53168e+00
  21  wCBO_linCoeff   0.00000e+00   constant   
  22  wCBO_const   1.39830e-03   7.27074e-04   2.14688e-06  -4.60550e-01
 EXTERNAL ERROR MATRIX.    NDIM=  25    NPAR=  7    ERR DEF=1
  5.721e+05  7.439e-03 -5.654e-03  4.687e-01  3.054e-02 -5.570e-02  1.326e-02 
  7.439e-03  9.037e-08 -6.870e-09  9.374e-08 -1.053e-07  6.447e-08 -2.373e-08 
 -5.654e-03 -6.870e-09  7.423e-07 -6.096e-07  2.002e-07 -6.877e-08  1.674e-08 
  4.687e-01  9.374e-08 -6.096e-07  8.611e-05  1.010e-05 -1.495e-05  4.729e-06 
  3.054e-02 -1.053e-07  2.002e-07  1.010e-05  2.200e-06 -2.423e-06  6.697e-07 
 -5.570e-02  6.447e-08 -6.877e-08 -1.495e-05 -2.423e-06  3.146e-06 -1.049e-06 
  1.326e-02 -2.373e-08  1.674e-08  4.729e-06  6.697e-07 -1.049e-06  5.286e-07 
 PARAMETER  CORRELATION COEFFICIENTS  
       NO.  GLOBAL      1      3      4     18     19     20     22
        1  0.08938   1.000  0.033 -0.009  0.067  0.027 -0.042  0.024
        3  0.43932   0.033  1.000 -0.027  0.034 -0.236  0.121 -0.109
        4  0.37728  -0.009 -0.027  1.000 -0.076  0.157 -0.045  0.027
       18  0.98138   0.067  0.034 -0.076  1.000  0.734 -0.908  0.701
       19  0.98992   0.027 -0.236  0.157  0.734  1.000 -0.921  0.621
       20  0.99725  -0.042  0.121 -0.045 -0.908 -0.921  1.000 -0.814
       22  0.96148   0.024 -0.109  0.027  0.701  0.621 -0.814  1.000
MINUIT - FIT ONLY 1-CBO + other amplitudes 
 **********
 **   16 **RES 
 **********
                   PARAMETER   14  ANy2 RESTORED TO VARIABLE.
                   PARAMETER    8  phi_CBO RESTORED TO VARIABLE.
                   PARAMETER    7  w_CBO RESTORED TO VARIABLE.
                   PARAMETER    6  A_CBO RESTORED TO VARIABLE.
 **********
 **   17 **FIX            0
 **********
 PARAMETER    0  IS UNDEFINED. IGNORED.
 **********
 **   18 **FIX            1
 **********
 **********
 **   19 **FIX            2
 **********
 PARAMETER    2  IS CONSTANT.   IGNORED.
 **********
 **   20 **FIX            3
 **********
 **********
 **   21 **FIX            4
 **********
 **********
 **   22 **FIX            9
 **********
 PARAMETER    9  IS CONSTANT.   IGNORED.
 **********
 **   23 **FIX           11
 **********
 PARAMETER   11  IS CONSTANT.   IGNORED.
 **********
 **   24 **FIX           12
 **********
 PARAMETER   12  IS CONSTANT.   IGNORED.
 **********
 **   25 **FIX           14
 **********
 **********
 **   26 **FIX           15
 **********
 PARAMETER   15  IS CONSTANT.   IGNORED.
 **********
 **   27 **FIX           16
 **********
 PARAMETER   16  IS CONSTANT.   IGNORED.
 **********
 **   28 **MIGRAD
 **********
 START MIGRAD MINIMIZATION.  STRATEGY  1.  CONVERGENCE WHEN EDM .LT. 1.00e-04
 FCN=2707.91 FROM MIGRAD    STATUS=INITIATE       22 CALLS         429 TOTAL
                     EDM= unknown      STRATEGY= 1      NO ERROR MATRIX       
  EXT PARAMETER               CURRENT GUESS       STEP         FIRST   
  NO.   NAME      VALUE            ERROR          SIZE      DERIVATIVE 
   1  N0           3.41556e+06     fixed    
   2  tau          6.43976e+01   constant   
   3  A0           3.55012e-01     fixed    
   4  phi          4.12283e+00     fixed    
   5  R           -6.08295e+01   constant   
   6  A_CBO        3.11821e-03   1.00000e-05   1.00000e-05   3.51146e+04
   7  w_CBO        2.32477e+00   1.00000e-03   1.00000e-03  -5.80186e+01
   8  phi_CBO      1.89627e+00   1.00000e-04   1.00000e-04  -5.75191e+00
   9  ANx2         2.24467e-04   constant   
  10  pNx2         2.31915e+00   constant   
  11  ANy1         0.00000e+00   constant   
  12  pNy1         0.00000e+00   constant   
  13  w_y          0.00000e+00   constant   
  14  ANy2         1.49899e-02     fixed    
  15  pNy2         4.64502e+00   constant   
  16  w_vw         1.43138e+01   constant   
  17  LM          -1.76320e-04   constant   
  18  wCBO_expCoeff   1.99860e+02   9.27976e-03   1.65929e-05  -6.73641e-01
  19  wCBO_expOffset   1.99976e+02   1.48332e-03  -3.12759e-06   4.32592e-01
  20  wCBO_expT    3.00247e+01   1.77360e-03   2.09783e-08  -3.53168e+00
  21  wCBO_linCoeff   0.00000e+00   constant   
  22  wCBO_const   1.39830e-03   7.27074e-04   2.14688e-06  -4.60556e-01
 MIGRAD MINIMIZATION HAS CONVERGED.
 FCN=2670.38 FROM MIGRAD    STATUS=CONVERGED     208 CALLS         615 TOTAL
                     EDM=3.97046e-07    STRATEGY= 1  ERROR MATRIX UNCERTAINTY   1.3 per cent
  EXT PARAMETER                                   STEP         FIRST   
  NO.   NAME      VALUE            ERROR          SIZE      DERIVATIVE 
   1  N0           3.41556e+06     fixed    
   2  tau          6.43976e+01   constant   
   3  A0           3.55012e-01     fixed    
   4  phi          4.12283e+00     fixed    
   5  R           -6.08295e+01   constant   
   6  A_CBO        1.30484e-03   3.19634e-04   8.97655e-07  -2.56871e-01
   7  w_CBO        2.32476e+00   9.35588e-05  -5.59627e-07  -8.49412e+00
   8  phi_CBO      2.95490e+00   4.13941e-01   4.36959e-03   8.05794e-04
   9  ANx2         2.24467e-04   constant   
  10  pNx2         2.31915e+00   constant   
  11  ANy1         0.00000e+00   constant   
  12  pNy1         0.00000e+00   constant   
  13  w_y          0.00000e+00   constant   
  14  ANy2         1.49899e-02     fixed    
  15  pNy2         4.64502e+00   constant   
  16  w_vw         1.43138e+01   constant   
  17  LM          -1.76320e-04   constant   
  18  wCBO_expCoeff   1.99857e+02   8.31463e-03  -5.19359e-05  -9.93370e-02
  19  wCBO_expOffset   1.99975e+02   1.04466e-03  -6.82420e-06  -2.85156e+00
  20  wCBO_expT    3.00252e+01   2.31873e-03   1.00676e-05  -1.61126e+00
  21  wCBO_linCoeff   0.00000e+00   constant   
  22  wCBO_const   2.75965e-03   1.05392e-03   2.00797e-06   2.42197e-01
 EXTERNAL ERROR MATRIX.    NDIM=  25    NPAR=  7    ERR DEF=1
  1.022e-07  9.619e-10 -5.862e-07  9.149e-08  1.277e-08 -1.038e-08 -1.073e-08 
  9.619e-10  8.753e-09  8.574e-06  7.421e-07  9.219e-08 -2.098e-07  7.791e-08 
 -5.862e-07  8.574e-06  1.713e-01  7.379e-04  9.527e-05 -1.430e-04  1.580e-04 
  9.149e-08  7.421e-07  7.379e-04  6.913e-05  8.200e-06 -1.860e-05  6.821e-06 
  1.277e-08  9.219e-08  9.527e-05  8.200e-06  1.091e-06 -2.303e-06  8.320e-07 
 -1.038e-08 -2.098e-07 -1.430e-04 -1.860e-05 -2.303e-06  5.377e-06 -2.096e-06 
 -1.073e-08  7.791e-08  1.580e-04  6.821e-06  8.320e-07 -2.096e-06  1.111e-06 
 PARAMETER  CORRELATION COEFFICIENTS  
       NO.  GLOBAL      6      7      8     18     19     20     22
        6  0.11817   1.000  0.032 -0.004  0.034  0.038 -0.014 -0.032
        7  0.97917   0.032  1.000  0.221  0.954  0.943 -0.967  0.790
        8  0.82514  -0.004  0.221  1.000  0.214  0.220 -0.149  0.362
       18  0.97874   0.034  0.954  0.214  1.000  0.944 -0.965  0.778
       19  0.97039   0.038  0.943  0.220  0.944  1.000 -0.951  0.756
       20  0.99577  -0.014 -0.967 -0.149 -0.965 -0.951  1.000 -0.858
       22  0.96019  -0.032  0.790  0.362  0.778  0.756 -0.858  1.000
MINUIT - FIT ONLY 1-CBO
 **********
 **   29 **RES 
 **********
                   PARAMETER   14  ANy2 RESTORED TO VARIABLE.
                   PARAMETER    4  phi RESTORED TO VARIABLE.
                   PARAMETER    3  A0 RESTORED TO VARIABLE.
                   PARAMETER    1  N0 RESTORED TO VARIABLE.
 **********
 **   30 **FIX            0
 **********
 PARAMETER    0  IS UNDEFINED. IGNORED.
 **********
 **   31 **FIX            1
 **********
 **********
 **   32 **FIX            2
 **********
 PARAMETER    2  IS CONSTANT.   IGNORED.
 **********
 **   33 **FIX            3
 **********
 **********
 **   34 **FIX            4
 **********
 **********
 **   35 **FIX            8
 **********
 **********
 **   36 **FIX            9
 **********
 PARAMETER    9  IS CONSTANT.   IGNORED.
 **********
 **   37 **FIX           11
 **********
 PARAMETER   11  IS CONSTANT.   IGNORED.
 **********
 **   38 **FIX           12
 **********
 PARAMETER   12  IS CONSTANT.   IGNORED.
 **********
 **   39 **FIX           13
 **********
 PARAMETER   13  IS CONSTANT.   IGNORED.
 **********
 **   40 **FIX           15
 **********
 PARAMETER   15  IS CONSTANT.   IGNORED.
 **********
 **   41 **FIX           16
 **********
 PARAMETER   16  IS CONSTANT.   IGNORED.
 **********
 **   42 **MIGRAD
 **********
 START MIGRAD MINIMIZATION.  STRATEGY  1.  CONVERGENCE WHEN EDM .LT. 1.00e-04
 FCN=2670.38 FROM MIGRAD    STATUS=INITIATE       16 CALLS         631 TOTAL
                     EDM= unknown      STRATEGY= 1      NO ERROR MATRIX       
  EXT PARAMETER               CURRENT GUESS       STEP         FIRST   
  NO.   NAME      VALUE            ERROR          SIZE      DERIVATIVE 
   1  N0           3.41556e+06     fixed    
   2  tau          6.43976e+01   constant   
   3  A0           3.55012e-01     fixed    
   4  phi          4.12283e+00     fixed    
   5  R           -6.08295e+01   constant   
   6  A_CBO        1.30484e-03   3.19634e-04   8.97655e-07  -2.56870e-01
   7  w_CBO        2.32476e+00   9.35588e-05  -5.59627e-07  -8.49412e+00
   8  phi_CBO      2.95490e+00     fixed    
   9  ANx2         2.24467e-04   constant   
  10  pNx2         2.31915e+00   constant   
  11  ANy1         0.00000e+00   constant   
  12  pNy1         0.00000e+00   constant   
  13  w_y          0.00000e+00   constant   
  14  ANy2         1.49899e-02   1.00000e-04   1.00000e-04   3.02954e+05
  15  pNy2         4.64502e+00   constant   
  16  w_vw         1.43138e+01   constant   
  17  LM          -1.76320e-04   constant   
  18  wCBO_expCoeff   1.99857e+02   8.31463e-03  -5.19359e-05  -9.93370e-02
  19  wCBO_expOffset   1.99975e+02   1.04466e-03  -6.82420e-06  -2.85156e+00
  20  wCBO_expT    3.00252e+01   2.31873e-03   1.00676e-05  -1.61126e+00
  21  wCBO_linCoeff   0.00000e+00   constant   
  22  wCBO_const   2.75965e-03   1.05392e-03   2.00797e-06   2.42173e-01
 MIGRAD MINIMIZATION HAS CONVERGED.
 MIGRAD WILL VERIFY CONVERGENCE AND ERROR MATRIX.
 FCN=430.497 FROM MIGRAD    STATUS=CONVERGED     285 CALLS         900 TOTAL
                     EDM=6.82073e-07    STRATEGY= 1      ERR MATRIX NOT POS-DEF
  EXT PARAMETER                APPROXIMATE        STEP         FIRST   
  NO.   NAME      VALUE            ERROR          SIZE      DERIVATIVE 
   1  N0           3.41556e+06     fixed    
   2  tau          6.43976e+01   constant   
   3  A0           3.55012e-01     fixed    
   4  phi          4.12283e+00     fixed    
   5  R           -6.08295e+01   constant   
   6  A_CBO        8.39126e-05   3.17986e-04   3.19951e-06  -1.01068e+00
   7  w_CBO        2.32467e+00   8.97686e-04   1.10849e-06   5.18839e+00
   8  phi_CBO      2.95490e+00     fixed    
   9  ANx2         2.24467e-04   constant   
  10  pNx2         2.31915e+00   constant   
  11  ANy1         0.00000e+00   constant   
  12  pNy1         0.00000e+00   constant   
  13  w_y          0.00000e+00   constant   
  14  ANy2         2.12307e-04   3.10955e-04   3.15480e-06  -3.00390e+00
  15  pNy2         4.64502e+00   constant   
  16  w_vw         1.43138e+01   constant   
  17  LM          -1.76320e-04   constant   
  18  wCBO_expCoeff   1.99851e+02   7.91125e-02   9.52963e-05   5.67667e-02
  19  wCBO_expOffset   1.99975e+02   1.16202e-02   9.53553e-05   3.78359e-01
  20  wCBO_expT    3.00289e+01   3.23041e-03   1.43189e-05   7.08750e-01
  21  wCBO_linCoeff   0.00000e+00   constant   
  22  wCBO_const   3.24797e-04   1.25811e-03   5.50047e-06   7.13944e-01
 EXTERNAL ERROR MATRIX.    NDIM=  25    NPAR=  7    ERR DEF=1
  1.011e-07 -1.900e-09  5.614e-09 -1.562e-07 -1.370e-07  1.163e-07 -2.376e-08 
 -1.900e-09  8.058e-07 -3.235e-09 -3.327e-05 -4.630e-06 -4.552e-07 -2.254e-07 
  5.614e-09 -3.235e-09  9.669e-08 -3.042e-07  2.970e-08  3.004e-08 -4.909e-09 
 -1.562e-07 -3.327e-05 -3.042e-07  6.259e-03 -4.408e-04 -4.022e-05  2.446e-05 
 -1.370e-07 -4.630e-06  2.970e-08 -4.408e-04  1.350e-04 -5.019e-06  3.154e-06 
  1.163e-07 -4.552e-07  3.004e-08 -4.022e-05 -5.019e-06  1.044e-05 -2.917e-06 
 -2.376e-08 -2.254e-07 -4.909e-09  2.446e-05  3.154e-06 -2.917e-06  1.583e-06 
ERR MATRIX NOT POS-DEF
 PARAMETER  CORRELATION COEFFICIENTS  
       NO.  GLOBAL      6      7     14     18     19     20     22
        6  0.14451   1.000 -0.007  0.057 -0.006 -0.037  0.113 -0.059
        7  0.99668  -0.007  1.000 -0.012 -0.469 -0.444 -0.157 -0.200
       14  0.06716   0.057 -0.012  1.000 -0.012  0.008  0.030 -0.013
       18  0.99656  -0.006 -0.469 -0.012  1.000 -0.480 -0.157  0.246
       19  0.99639  -0.037 -0.444  0.008 -0.480  1.000 -0.134  0.216
       20  0.98910   0.113 -0.157  0.030 -0.157 -0.134  1.000 -0.718
       22  0.90287  -0.059 -0.200 -0.013  0.246  0.216 -0.718  1.000
 ERR MATRIX NOT POS-DEF
MINUIT - FIT ONLY 2-CBO
 **********
 **   43 **RES 
 **********
                   PARAMETER    8  phi_CBO RESTORED TO VARIABLE.
                   PARAMETER    4  phi RESTORED TO VARIABLE.
                   PARAMETER    3  A0 RESTORED TO VARIABLE.
                   PARAMETER    1  N0 RESTORED TO VARIABLE.
 **********
 **   44 **FIX            0
 **********
 PARAMETER    0  IS UNDEFINED. IGNORED.
 **********
 **   45 **FIX            1
 **********
 **********
 **   46 **FIX            2
 **********
 PARAMETER    2  IS CONSTANT.   IGNORED.
 **********
 **   47 **FIX            3
 **********
 **********
 **   48 **FIX            4
 **********
 **********
 **   49 **FIX            5
 **********
 PARAMETER    5  IS CONSTANT.   IGNORED.
 **********
 **   50 **FIX            6
 **********
 **********
 **   51 **FIX            7
 **********
 **********
 **   52 **FIX           10
 **********
 PARAMETER   10  IS CONSTANT.   IGNORED.
 **********
 **   53 **FIX           11
 **********
 PARAMETER   11  IS CONSTANT.   IGNORED.
 **********
 **   54 **FIX           12
 **********
 PARAMETER   12  IS CONSTANT.   IGNORED.
 **********
 **   55 **FIX           13
 **********
 PARAMETER   13  IS CONSTANT.   IGNORED.
 **********
 **   56 **FIX           14
 **********
 **********
 **   57 **FIX           15
 **********
 PARAMETER   15  IS CONSTANT.   IGNORED.
 **********
 **   58 **FIX           16
 **********
 PARAMETER   16  IS CONSTANT.   IGNORED.
 **********
 **   59 **MIGRAD
 **********
 START MIGRAD MINIMIZATION.  STRATEGY  1.  CONVERGENCE WHEN EDM .LT. 1.00e-04
 FCN=430.497 FROM MIGRAD    STATUS=INITIATE       12 CALLS         912 TOTAL
                     EDM= unknown      STRATEGY= 1      NO ERROR MATRIX       
  EXT PARAMETER               CURRENT GUESS       STEP         FIRST   
  NO.   NAME      VALUE            ERROR          SIZE      DERIVATIVE 
   1  N0           3.41556e+06     fixed    
   2  tau          6.43976e+01   constant   
   3  A0           3.55012e-01     fixed    
   4  phi          4.12283e+00     fixed    
   5  R           -6.08295e+01   constant   
   6  A_CBO        8.39126e-05     fixed    
   7  w_CBO        2.32467e+00     fixed    
   8  phi_CBO      2.95490e+00   4.13941e-01   4.13941e-01   1.11180e-01
   9  ANx2         2.24467e-04   constant   
  10  pNx2         2.31915e+00   constant   
  11  ANy1         0.00000e+00   constant   
  12  pNy1         0.00000e+00   constant   
  13  w_y          0.00000e+00   constant   
  14  ANy2         2.12307e-04     fixed    
  15  pNy2         4.64502e+00   constant   
  16  w_vw         1.43138e+01   constant   
  17  LM          -1.76320e-04   constant   
  18  wCBO_expCoeff   1.99851e+02   7.91125e-02   9.52963e-05   5.70914e-02
  19  wCBO_expOffset   1.99975e+02   1.16202e-02   9.53553e-05   5.04883e-01
  20  wCBO_expT    3.00289e+01   3.23041e-03   1.43189e-05   7.24464e-01
  21  wCBO_linCoeff   0.00000e+00   constant   
  22  wCBO_const   3.24797e-04   1.25811e-03   5.50047e-06   7.13160e-01
 MIGRAD MINIMIZATION HAS CONVERGED.
 MIGRAD WILL VERIFY CONVERGENCE AND ERROR MATRIX.
 COVARIANCE MATRIX CALCULATED SUCCESSFULLY
 FCN=430.459 FROM HESSE     STATUS=OK             31 CALLS         991 TOTAL
                     EDM=0.000421835    STRATEGY= 1      ERROR MATRIX ACCURATE 
  EXT PARAMETER                                   STEP         FIRST   
  NO.   NAME      VALUE            ERROR          SIZE      DERIVATIVE 
   1  N0           3.41556e+06     fixed    
   2  tau          6.43976e+01   constant   
   3  A0           3.55012e-01     fixed    
   4  phi          4.12283e+00     fixed    
   5  R           -6.08295e+01   constant   
   6  A_CBO        8.39126e-05     fixed    
   7  w_CBO        2.32467e+00     fixed    
   8  phi_CBO      2.28361e+00   3.37597e+00   3.37100e-02  -5.58342e-04
   9  ANx2         2.24467e-04   constant   
  10  pNx2         2.31915e+00   constant   
  11  ANy1         0.00000e+00   constant   
  12  pNy1         0.00000e+00   constant   
  13  w_y          0.00000e+00   constant   
  14  ANy2         2.12307e-04     fixed    
  15  pNy2         4.64502e+00   constant   
  16  w_vw         1.43138e+01   constant   
  17  LM          -1.76320e-04   constant   
  18  wCBO_expCoeff   1.99851e+02   1.09399e-01   9.52963e-05   2.79246e-01
  19  wCBO_expOffset   1.99975e+02   1.53889e-02   9.53553e-05   1.85788e+00
  20  wCBO_expT    3.00289e+01   3.68280e-03   1.43189e-05  -7.87761e+00
  21  wCBO_linCoeff   0.00000e+00   constant   
  22  wCBO_const   2.95822e-04   1.37826e-03   5.48870e-06   8.64083e-01
 MIGRAD MINIMIZATION HAS CONVERGED.
 FCN=430.458 FROM MIGRAD    STATUS=CONVERGED     102 CALLS        1002 TOTAL
                     EDM=4.7685e-08    STRATEGY= 1  ERROR MATRIX UNCERTAINTY   0.0 per cent
  EXT PARAMETER                                   STEP         FIRST   
  NO.   NAME      VALUE            ERROR          SIZE      DERIVATIVE 
   1  N0           3.41556e+06     fixed    
   2  tau          6.43976e+01   constant   
   3  A0           3.55012e-01     fixed    
   4  phi          4.12283e+00     fixed    
   5  R           -6.08295e+01   constant   
   6  A_CBO        8.39126e-05     fixed    
   7  w_CBO        2.32467e+00     fixed    
   8  phi_CBO      2.28330e+00   3.37598e+00  -3.07695e-04  -9.03560e-08
   9  ANx2         2.24467e-04   constant   
  10  pNx2         2.31915e+00   constant   
  11  ANy1         0.00000e+00   constant   
  12  pNy1         0.00000e+00   constant   
  13  w_y          0.00000e+00   constant   
  14  ANy2         2.12307e-04     fixed    
  15  pNy2         4.64502e+00   constant   
  16  w_vw         1.43138e+01   constant   
  17  LM          -1.76320e-04   constant   
  18  wCBO_expCoeff   1.99850e+02   1.09036e-01  -7.93684e-04  -1.70821e-03
  19  wCBO_expOffset   1.99975e+02   1.53912e-02  -4.62245e-06   1.64971e-02
  20  wCBO_expT    3.00290e+01   3.68646e-03   7.54375e-05  -5.25290e-02
  21  wCBO_linCoeff   0.00000e+00   constant   
  22  wCBO_const   2.73423e-04   1.37865e-03  -2.23993e-05  -4.76114e-02
 EXTERNAL ERROR MATRIX.    NDIM=  25    NPAR=  5    ERR DEF=1
  1.140e+01 -2.322e-03  9.731e-04 -6.720e-04  6.365e-04 
 -2.322e-03  1.189e-02 -1.556e-03 -1.375e-04  3.792e-05 
  9.731e-04 -1.556e-03  2.369e-04 -1.349e-06  1.818e-07 
 -6.720e-04 -1.375e-04 -1.349e-06  1.359e-05 -4.145e-06 
  6.365e-04  3.792e-05  1.818e-07 -4.145e-06  1.901e-06 
 PARAMETER  CORRELATION COEFFICIENTS  
       NO.  GLOBAL      8     18     19     20     22
        8  0.17290   1.000 -0.006  0.019 -0.054  0.137
       18  0.99820  -0.006  1.000 -0.927 -0.342  0.252
       19  0.99796   0.019 -0.927  1.000 -0.024  0.009
       20  0.99171  -0.054 -0.342 -0.024  1.000 -0.816
       22  0.91974   0.137  0.252  0.009 -0.816  1.000
MINUIT - FIT ONLY 1-y
 **********
 **   60 **RES 
 **********
                   PARAMETER   14  ANy2 RESTORED TO VARIABLE.
                   PARAMETER    7  w_CBO RESTORED TO VARIABLE.
                   PARAMETER    6  A_CBO RESTORED TO VARIABLE.
                   PARAMETER    4  phi RESTORED TO VARIABLE.
                   PARAMETER    3  A0 RESTORED TO VARIABLE.
                   PARAMETER    1  N0 RESTORED TO VARIABLE.
 **********
 **   61 **FIX            0
 **********
 PARAMETER    0  IS UNDEFINED. IGNORED.
 **********
 **   62 **FIX            1
 **********
 **********
 **   63 **FIX            2
 **********
 PARAMETER    2  IS CONSTANT.   IGNORED.
 **********
 **   64 **FIX            3
 **********
 **********
 **   65 **FIX            4
 **********
 **********
 **   66 **FIX            5
 **********
 PARAMETER    5  IS CONSTANT.   IGNORED.
 **********
 **   67 **FIX            6
 **********
 **********
 **   68 **FIX            7
 **********
 **********
 **   69 **FIX            8
 **********
 **********
 **   70 **FIX            9
 **********
 PARAMETER    9  IS CONSTANT.   IGNORED.
 **********
 **   71 **FIX           13
 **********
 PARAMETER   13  IS CONSTANT.   IGNORED.
 **********
 **   72 **FIX           14
 **********
 **********
 **   73 **FIX           15
 **********
 PARAMETER   15  IS CONSTANT.   IGNORED.
 **********
 **   74 **FIX           16
 **********
 PARAMETER   16  IS CONSTANT.   IGNORED.
 **********
 **   75 **MIGRAD
 **********
 START MIGRAD MINIMIZATION.  STRATEGY  1.  CONVERGENCE WHEN EDM .LT. 1.00e-04
 FCN=430.458 FROM MIGRAD    STATUS=INITIATE        8 CALLS        1010 TOTAL
                     EDM= unknown      STRATEGY= 1      NO ERROR MATRIX       
  EXT PARAMETER               CURRENT GUESS       STEP         FIRST   
  NO.   NAME      VALUE            ERROR          SIZE      DERIVATIVE 
   1  N0           3.41556e+06     fixed    
   2  tau          6.43976e+01   constant   
   3  A0           3.55012e-01     fixed    
   4  phi          4.12283e+00     fixed    
   5  R           -6.08295e+01   constant   
   6  A_CBO        8.39126e-05     fixed    
   7  w_CBO        2.32467e+00     fixed    
   8  phi_CBO      2.28330e+00     fixed    
   9  ANx2         2.24467e-04   constant   
  10  pNx2         2.31915e+00   constant   
  11  ANy1         0.00000e+00   constant   
  12  pNy1         0.00000e+00   constant   
  13  w_y          0.00000e+00   constant   
  14  ANy2         2.12307e-04     fixed    
  15  pNy2         4.64502e+00   constant   
  16  w_vw         1.43138e+01   constant   
  17  LM          -1.76320e-04   constant   
  18  wCBO_expCoeff   1.99850e+02   1.09036e-01  -7.93684e-04  -1.70821e-03
  19  wCBO_expOffset   1.99975e+02   1.53912e-02  -4.62245e-06   1.64971e-02
  20  wCBO_expT    3.00290e+01   3.68646e-03   7.54375e-05  -5.25290e-02
  21  wCBO_linCoeff   0.00000e+00   constant   
  22  wCBO_const   2.73423e-04   1.37865e-03  -2.23993e-05  -4.76112e-02
 MIGRAD MINIMIZATION HAS CONVERGED.
 MIGRAD WILL VERIFY CONVERGENCE AND ERROR MATRIX.
 COVARIANCE MATRIX CALCULATED SUCCESSFULLY
 FCN=430.458 FROM MIGRAD    STATUS=CONVERGED      45 CALLS        1047 TOTAL
                     EDM=5.84907e-09    STRATEGY= 1      ERROR MATRIX ACCURATE 
  EXT PARAMETER                                   STEP         FIRST   
  NO.   NAME      VALUE            ERROR          SIZE      DERIVATIVE 
   1  N0           3.41556e+06     fixed    
   2  tau          6.43976e+01   constant   
   3  A0           3.55012e-01     fixed    
   4  phi          4.12283e+00     fixed    
   5  R           -6.08295e+01   constant   
   6  A_CBO        8.39126e-05     fixed    
   7  w_CBO        2.32467e+00     fixed    
   8  phi_CBO      2.28330e+00     fixed    
   9  ANx2         2.24467e-04   constant   
  10  pNx2         2.31915e+00   constant   
  11  ANy1         0.00000e+00   constant   
  12  pNy1         0.00000e+00   constant   
  13  w_y          0.00000e+00   constant   
  14  ANy2         2.12307e-04     fixed    
  15  pNy2         4.64502e+00   constant   
  16  w_vw         1.43138e+01   constant   
  17  LM          -1.76320e-04   constant   
  18  wCBO_expCoeff   1.99850e+02   1.26001e-01   9.52960e-05   1.91973e-03
  19  wCBO_expOffset   1.99975e+02   1.79127e-02   9.53553e-05   1.29022e-02
  20  wCBO_expT    3.00290e+01   3.69500e-03   1.43189e-05  -7.31848e-03
  21  wCBO_linCoeff   0.00000e+00   constant   
  22  wCBO_const   2.73427e-04   1.36816e-03   5.48902e-06   2.86598e-03
 EXTERNAL ERROR MATRIX.    NDIM=  25    NPAR=  4    ERR DEF=1
  1.588e-02 -2.134e-03 -1.506e-04  4.187e-05 
 -2.134e-03  3.209e-04  4.792e-07 -4.015e-07 
 -1.506e-04  4.792e-07  1.365e-05 -4.134e-06 
  4.187e-05 -4.015e-07 -4.134e-06  1.872e-06 
 PARAMETER  CORRELATION COEFFICIENTS  
       NO.  GLOBAL     18     19     20     22
       18  0.99865   1.000 -0.946 -0.323  0.243
       19  0.99849  -0.946  1.000  0.007 -0.016
       20  0.99175  -0.323  0.007  1.000 -0.818
       22  0.91844   0.243 -0.016 -0.818  1.000
MINUIT - FIT ONLY 2-y
 **********
 **   76 **RES 
 **********
                   PARAMETER   14  ANy2 RESTORED TO VARIABLE.
                   PARAMETER    8  phi_CBO RESTORED TO VARIABLE.
                   PARAMETER    7  w_CBO RESTORED TO VARIABLE.
                   PARAMETER    6  A_CBO RESTORED TO VARIABLE.
                   PARAMETER    4  phi RESTORED TO VARIABLE.
                   PARAMETER    3  A0 RESTORED TO VARIABLE.
                   PARAMETER    1  N0 RESTORED TO VARIABLE.
 **********
 **   77 **FIX            0
 **********
 PARAMETER    0  IS UNDEFINED. IGNORED.
 **********
 **   78 **FIX            1
 **********
 **********
 **   79 **FIX            2
 **********
 PARAMETER    2  IS CONSTANT.   IGNORED.
 **********
 **   80 **FIX            3
 **********
 **********
 **   81 **FIX            4
 **********
 **********
 **   82 **FIX            5
 **********
 PARAMETER    5  IS CONSTANT.   IGNORED.
 **********
 **   83 **FIX            6
 **********
 **********
 **   84 **FIX            7
 **********
 **********
 **   85 **FIX            8
 **********
 **********
 **   86 **FIX            9
 **********
 PARAMETER    9  IS CONSTANT.   IGNORED.
 **********
 **   87 **FIX           10
 **********
 PARAMETER   10  IS CONSTANT.   IGNORED.
 **********
 **   88 **FIX           11
 **********
 PARAMETER   11  IS CONSTANT.   IGNORED.
 **********
 **   89 **FIX           12
 **********
 PARAMETER   12  IS CONSTANT.   IGNORED.
 **********
 **   90 **FIX           16
 **********
 PARAMETER   16  IS CONSTANT.   IGNORED.
 **********
 **   91 **MIGRAD
 **********
 START MIGRAD MINIMIZATION.  STRATEGY  1.  CONVERGENCE WHEN EDM .LT. 1.00e-04
 FCN=430.458 FROM MIGRAD    STATUS=INITIATE       10 CALLS        1057 TOTAL
                     EDM= unknown      STRATEGY= 1      NO ERROR MATRIX       
  EXT PARAMETER               CURRENT GUESS       STEP         FIRST   
  NO.   NAME      VALUE            ERROR          SIZE      DERIVATIVE 
   1  N0           3.41556e+06     fixed    
   2  tau          6.43976e+01   constant   
   3  A0           3.55012e-01     fixed    
   4  phi          4.12283e+00     fixed    
   5  R           -6.08295e+01   constant   
   6  A_CBO        8.39126e-05     fixed    
   7  w_CBO        2.32467e+00     fixed    
   8  phi_CBO      2.28330e+00     fixed    
   9  ANx2         2.24467e-04   constant   
  10  pNx2         2.31915e+00   constant   
  11  ANy1         0.00000e+00   constant   
  12  pNy1         0.00000e+00   constant   
  13  w_y          0.00000e+00   constant   
  14  ANy2         2.12307e-04   3.10955e-04   3.10955e-04   4.64009e+01
  15  pNy2         4.64502e+00   constant   
  16  w_vw         1.43138e+01   constant   
  17  LM          -1.76320e-04   constant   
  18  wCBO_expCoeff   1.99850e+02   1.26001e-01   9.52960e-05   1.99145e-03
  19  wCBO_expOffset   1.99975e+02   1.79127e-02   9.53553e-05   4.10800e-02
  20  wCBO_expT    3.00290e+01   3.69500e-03   1.43189e-05   3.25143e-03
  21  wCBO_linCoeff   0.00000e+00   constant   
  22  wCBO_const   2.73427e-04   1.36816e-03   5.48902e-06   2.85468e-03
 MIGRAD MINIMIZATION HAS CONVERGED.
 MIGRAD WILL VERIFY CONVERGENCE AND ERROR MATRIX.
 COVARIANCE MATRIX CALCULATED SUCCESSFULLY
 FCN=430.458 FROM MIGRAD    STATUS=CONVERGED      54 CALLS        1101 TOTAL
                     EDM=1.55085e-07    STRATEGY= 1      ERROR MATRIX ACCURATE 
  EXT PARAMETER                                   STEP         FIRST   
  NO.   NAME      VALUE            ERROR          SIZE      DERIVATIVE 
   1  N0           3.41556e+06     fixed    
   2  tau          6.43976e+01   constant   
   3  A0           3.55012e-01     fixed    
   4  phi          4.12283e+00     fixed    
   5  R           -6.08295e+01   constant   
   6  A_CBO        8.39126e-05     fixed    
   7  w_CBO        2.32467e+00     fixed    
   8  phi_CBO      2.28330e+00     fixed    
   9  ANx2         2.24467e-04   constant   
  10  pNx2         2.31915e+00   constant   
  11  ANy1         0.00000e+00   constant   
  12  pNy1         0.00000e+00   constant   
  13  w_y          0.00000e+00   constant   
  14  ANy2         2.10062e-04   3.11406e-04   3.15466e-06  -4.48386e-03
  15  pNy2         4.64502e+00   constant   
  16  w_vw         1.43138e+01   constant   
  17  LM          -1.76320e-04   constant   
  18  wCBO_expCoeff   1.99850e+02   1.26798e-01   9.52960e-05  -6.24090e-02
  19  wCBO_expOffset   1.99975e+02   1.80269e-02   9.53553e-05  -4.15216e-01
  20  wCBO_expT    3.00290e+01   3.69774e-03   1.43189e-05  -6.94666e-01
  21  wCBO_linCoeff   0.00000e+00   constant   
  22  wCBO_const   2.73427e-04   1.36864e-03   5.48902e-06  -3.87753e-01
 EXTERNAL ERROR MATRIX.    NDIM=  25    NPAR=  5    ERR DEF=1
  9.697e-08 -1.401e-06  1.400e-07  3.717e-08 -9.084e-09 
 -1.401e-06  1.608e-02 -2.163e-03 -1.516e-04  4.213e-05 
  1.400e-07 -2.163e-03  3.250e-04  5.884e-07 -4.317e-07 
  3.717e-08 -1.516e-04  5.884e-07  1.367e-05 -4.139e-06 
 -9.084e-09  4.213e-05 -4.317e-07 -4.139e-06  1.873e-06 
 PARAMETER  CORRELATION COEFFICIENTS  
       NO.  GLOBAL     14     18     19     20     22
       14  0.04859   1.000 -0.035  0.025  0.032 -0.021
       18  0.99867  -0.035  1.000 -0.946 -0.323  0.243
       19  0.99851   0.025 -0.946  1.000  0.009 -0.017
       20  0.99177   0.032 -0.323  0.009  1.000 -0.818
       22  0.91850  -0.021  0.243 -0.017 -0.818  1.000
MINUIT - FIT ALTOGETHER
 **********
 **   92 **RES 
 **********
                   PARAMETER    8  phi_CBO RESTORED TO VARIABLE.
                   PARAMETER    7  w_CBO RESTORED TO VARIABLE.
                   PARAMETER    6  A_CBO RESTORED TO VARIABLE.
                   PARAMETER    4  phi RESTORED TO VARIABLE.
                   PARAMETER    3  A0 RESTORED TO VARIABLE.
                   PARAMETER    1  N0 RESTORED TO VARIABLE.
 **********
 **   93 **MIGRAD
 **********
 START MIGRAD MINIMIZATION.  STRATEGY  1.  CONVERGENCE WHEN EDM .LT. 1.00e-04
 FCN=430.458 FROM MIGRAD    STATUS=INITIATE       22 CALLS        1123 TOTAL
