 + ++++++++++++++++++++++++++++++++++++++++++++++++++++++++++++++++++++ +
 +                                                                      +
 +           You have chose to blind your fitting according to          +
 +                omega_ref * (1 + (R +/- deltaR) *10^{-6})             +
 +                                                                      +
 + ++++++++++++++++++++++++++++++++++++++++++++++++++++++++++++++++++++ +
In main()...
reading format from /gm2data/zkhechad/run45/envelope/formats/formatB_sBin_constraintOn.txt
pBinTau 	= 0  
pBinPhi 	= 0  
constraintau 	= 1 
includeMopTerm 	= 0    
constrainMop    = 0   
Parameters after format file: pBinTau 0 pBinPhi 0 constraintau 1 includeMopTerm 0 constrainMop 0 c_e_scale 0.000000 
reading cbo reference file (full fit) from /gm2data/zkhechad/cboTemplates/Run4CBOTemplates/fullFits/run4/sBin_constraintOn_cE0.0_seed0_run4_calo14.root
A_CBO 0.007725 w_CBO 2.327367 phi_CBO 5.940248 N0 3305546.525918 R -60.591491 tau 64.400381 
Reading cboRef file /gm2data/zkhechad/cboTemplates/Run4CBOTemplates//cboIsolate/run4_calo14.root
deltaT 164.120000
windowBins = 1100
fitting sliding window 1760 from bin 1963 at 292.879600 to bin 3063 at 456.999600 (1100 bins)

Reading data from /gm2data/cornell/histograms/aMethod/histogram_a_run4.root
fitting cbo isolate
 **********
 **    1 **SET PRINTOUT            1
 **********
 **********
 **    2 **SET NOWARNINGS 
 **********
 PARAMETER DEFINITIONS:
    NO.   NAME         VALUE      STEP SIZE      LIMITS
     1 A_CBO        7.72458e-03  1.00000e-05     no limits
     2 w_CBO        2.32737e+00  1.00000e-02    2.00000e+00  3.00000e+00
     3 phi_CBO      5.94025e+00  1.00000e-02    0.00000e+00  6.28319e+00
 **********
 **    3 **MIGRAD
 **********
 FIRST CALL TO USER FUNCTION AT NEW START POINT, WITH IFLAG=4.
 START MIGRAD MINIMIZATION.  STRATEGY  1.  CONVERGENCE WHEN EDM .LT. 1.00e-04
 FCN=0.0794547 FROM MIGRAD    STATUS=INITIATE       12 CALLS          13 TOTAL
                     EDM= unknown      STRATEGY= 1      NO ERROR MATRIX       
  EXT PARAMETER               CURRENT GUESS       STEP         FIRST   
  NO.   NAME      VALUE            ERROR          SIZE      DERIVATIVE 
   1  A_CBO        7.72458e-03   1.00000e-05   1.00000e-05   6.53507e+00
   2  w_CBO        2.32737e+00   1.00000e-02   2.13128e-02   7.79405e-01
   3  phi_CBO      5.94025e+00   1.00000e-02   7.00705e-03  -6.42679e-03
 MIGRAD MINIMIZATION HAS CONVERGED.
 MIGRAD WILL VERIFY CONVERGENCE AND ERROR MATRIX.
 COVARIANCE MATRIX CALCULATED SUCCESSFULLY
 FCN=0.0598665 FROM MIGRAD    STATUS=CONVERGED      52 CALLS          53 TOTAL
                     EDM=5.11847e-06    STRATEGY= 1      ERROR MATRIX ACCURATE 
  EXT PARAMETER                                   STEP         FIRST   
  NO.   NAME      VALUE            ERROR          SIZE      DERIVATIVE 
   1  A_CBO        1.91620e-03   4.26741e-02   2.14191e-05   6.34109e-02
   2  w_CBO        2.32691e+00   3.14076e-01   6.82366e-05  -6.61356e-03
   3  phi_CBO      6.07546e+00   5.50065e+00   1.01970e-02   2.97014e-05
 EXTERNAL ERROR MATRIX.    NDIM=  25    NPAR=  3    ERR DEF=1
  1.821e-03 -6.744e-04 -2.631e-01 
 -6.744e-04  1.184e-01  4.372e+01 
 -2.631e-01  4.372e+01  1.666e+04 
 PARAMETER  CORRELATION COEFFICIENTS  
       NO.  GLOBAL      1      2      3
        1  0.04814   1.000 -0.046 -0.048
        2  0.98429  -0.046  1.000  0.984
        3  0.98429  -0.048  0.984  1.000
setting A_CBO=0.001916 w_CBO=2.326909, phi_CBO=6.075456
done fitting cbo isolate
 **********
 **    1 **SET PRINTOUT            1
 **********
 **********
 **    2 **SET NOWARNINGS 
 **********
 PARAMETER DEFINITIONS:
    NO.   NAME         VALUE      STEP SIZE      LIMITS
     1 N0           3.30555e+06  1.00000e+02     no limits
     2 tau          6.44004e+01  constant
     3 A0           3.62072e-01  1.00000e-04     no limits
     4 phi          4.12124e+00  1.00000e-02     no limits
     5 R           -6.05915e+01  constant
     6 A_CBO        1.91620e-03  1.00000e-05     no limits
     7 w_CBO        2.32691e+00  1.00000e-03     no limits
     8 phi_CBO      6.07546e+00  1.00000e-04     no limits
     9 ANx2         3.16430e-04  constant
    10 pNx2         2.82055e+00  constant
    11 ANy1         0.00000e+00  constant
    12 pNy1         0.00000e+00  constant
    13 w_y          0.00000e+00  constant
    14 ANy2         7.39162e-03  1.00000e-04     no limits
    15 pNy2         2.23607e+00  constant
    16 w_vw         1.43191e+01  constant
    17 LM          -1.34420e-04  constant
    18 wCBO_expCoeff   2.00000e+02  1.00000e+00     no limits
    19 wCBO_expOffset   2.00000e+02  1.00000e+00     no limits
    20 wCBO_expT    3.00000e+01  1.00000e+00     no limits
    21 wCBO_linCoeff   0.00000e+00  constant
    22 wCBO_const   0.00000e+00  1.00000e-02     no limits
MINUIT - FIT ONLY WIGGLE
 **********
 **    3 **FIX            5
 **********
 PARAMETER    5  IS CONSTANT.   IGNORED.
 **********
 **    4 **FIX            6
 **********
 **********
 **    5 **FIX            7
 **********
 **********
 **    6 **FIX            8
 **********
 **********
 **    7 **FIX            9
 **********
 PARAMETER    9  IS CONSTANT.   IGNORED.
 **********
 **    8 **FIX           10
 **********
 PARAMETER   10  IS CONSTANT.   IGNORED.
 **********
 **    9 **FIX           11
 **********
 PARAMETER   11  IS CONSTANT.   IGNORED.
 **********
 **   10 **FIX           12
 **********
 PARAMETER   12  IS CONSTANT.   IGNORED.
 **********
 **   11 **FIX           13
 **********
 PARAMETER   13  IS CONSTANT.   IGNORED.
 **********
 **   12 **FIX           14
 **********
 **********
 **   13 **FIX           15
 **********
 PARAMETER   15  IS CONSTANT.   IGNORED.
 **********
 **   14 **FIX           16
 **********
 PARAMETER   16  IS CONSTANT.   IGNORED.
 **********
 **   15 **MIGRAD
 **********
 FIRST CALL TO USER FUNCTION AT NEW START POINT, WITH IFLAG=4.
 START MIGRAD MINIMIZATION.  STRATEGY  1.  CONVERGENCE WHEN EDM .LT. 1.00e-04
 FCN=601.931 FROM MIGRAD    STATUS=INITIATE       52 CALLS          53 TOTAL
                     EDM= unknown      STRATEGY= 1      NO ERROR MATRIX       
  EXT PARAMETER               CURRENT GUESS       STEP         FIRST   
  NO.   NAME      VALUE            ERROR          SIZE      DERIVATIVE 
   1  N0           3.30555e+06   1.00000e+02   0.00000e+00   9.35277e-04
   2  tau          6.44004e+01   constant   
   3  A0           3.62072e-01   1.00000e-04   0.00000e+00   2.37454e+03
   4  phi          4.12124e+00   1.00000e-02   0.00000e+00  -2.33389e+02
   5  R           -6.05915e+01   constant   
   6  A_CBO        1.91620e-03     fixed    
   7  w_CBO        2.32691e+00     fixed    
   8  phi_CBO      6.07546e+00     fixed    
   9  ANx2         3.16430e-04   constant   
  10  pNx2         2.82055e+00   constant   
  11  ANy1         0.00000e+00   constant   
  12  pNy1         0.00000e+00   constant   
  13  w_y          0.00000e+00   constant   
  14  ANy2         7.39162e-03     fixed    
  15  pNy2         2.23607e+00   constant   
  16  w_vw         1.43191e+01   constant   
  17  LM          -1.34420e-04   constant   
  18  wCBO_expCoeff   1.99932e+02   1.00000e+00  -6.79606e-02  -7.67551e+00
  19  wCBO_expOffset   2.00000e+02   1.00000e+00   0.00000e+00  -5.11294e+01
  20  wCBO_expT    3.00000e+01   1.00000e+00   0.00000e+00   1.54705e+02
  21  wCBO_linCoeff   0.00000e+00   constant   
  22  wCBO_const   0.00000e+00   1.00000e-02   0.00000e+00   2.24606e+03
 MIGRAD MINIMIZATION HAS CONVERGED.
 FCN=591.886 FROM MIGRAD    STATUS=CONVERGED     292 CALLS         293 TOTAL
                     EDM=7.07496e-06    STRATEGY= 1  ERROR MATRIX UNCERTAINTY   3.0 per cent
  EXT PARAMETER                                   STEP         FIRST   
  NO.   NAME      VALUE            ERROR          SIZE      DERIVATIVE 
   1  N0           3.30505e+06   1.05901e+03  -6.37227e+00   1.25739e-06
   2  tau          6.44004e+01   constant   
   3  A0           3.61734e-01   4.22649e-04  -8.50478e-07  -1.82261e+00
   4  phi          4.12131e+00   1.22137e-03   2.10644e-06  -5.73097e-01
   5  R           -6.05915e+01   constant   
   6  A_CBO        1.91620e-03     fixed    
   7  w_CBO        2.32691e+00     fixed    
   8  phi_CBO      6.07546e+00     fixed    
   9  ANx2         3.16430e-04   constant   
  10  pNx2         2.82055e+00   constant   
  11  ANy1         0.00000e+00   constant   
  12  pNy1         0.00000e+00   constant   
  13  w_y          0.00000e+00   constant   
  14  ANy2         7.39162e-03     fixed    
  15  pNy2         2.23607e+00   constant   
  16  w_vw         1.43191e+01   constant   
  17  LM          -1.34420e-04   constant   
  18  wCBO_expCoeff   2.00113e+02   1.04388e-01  -6.47035e-04  -2.07236e-01
  19  wCBO_expOffset   2.00027e+02   1.56483e-02  -9.69384e-05  -1.37822e+00
  20  wCBO_expT    2.99873e+01   9.90151e-03   8.45342e-05  -4.78806e+00
  21  wCBO_linCoeff   0.00000e+00   constant   
  22  wCBO_const  -3.52039e-03   1.09915e-03  -1.64339e-05  -8.74142e+00
 EXTERNAL ERROR MATRIX.    NDIM=  25    NPAR=  7    ERR DEF=1
  1.122e+06  9.683e-03  1.323e-02 -2.970e+00 -4.446e-01  1.425e-01  4.122e-02 
  9.683e-03  1.786e-07 -1.473e-09 -2.083e-06 -3.125e-07  1.496e-07  3.031e-09 
  1.323e-02 -1.473e-09  1.492e-06 -1.063e-05 -1.593e-06  1.130e-06 -1.047e-07 
 -2.970e+00 -2.083e-06 -1.063e-05  1.090e-02  1.478e-03 -9.952e-04  6.289e-05 
 -4.446e-01 -3.125e-07 -1.593e-06  1.478e-03  2.449e-04 -1.492e-04  9.425e-06 
  1.425e-01  1.496e-07  1.130e-06 -9.952e-04 -1.492e-04  9.804e-05 -7.258e-06 
  4.122e-02  3.031e-09 -1.047e-07  6.289e-05  9.425e-06 -7.258e-06  1.208e-06 
 PARAMETER  CORRELATION COEFFICIENTS  
       NO.  GLOBAL      1      3      4     18     19     20     22
        1  0.09019   1.000  0.022  0.010 -0.027 -0.027  0.014  0.035
        3  0.09622   0.022  1.000 -0.003 -0.047 -0.047  0.036  0.007
        4  0.10454   0.010 -0.003  1.000 -0.083 -0.083  0.093 -0.078
       18  0.98404  -0.027 -0.047 -0.083  1.000  0.905 -0.963  0.548
       19  0.98401  -0.027 -0.047 -0.083  0.905  1.000 -0.963  0.548
       20  0.99594   0.014  0.036  0.093 -0.963 -0.963  1.000 -0.667
       22  0.88947   0.035  0.007 -0.078  0.548  0.548 -0.667  1.000
MINUIT - FIT ONLY 1-CBO + other amplitudes 
 **********
 **   16 **RES 
 **********
                   PARAMETER   14  ANy2 RESTORED TO VARIABLE.
                   PARAMETER    8  phi_CBO RESTORED TO VARIABLE.
                   PARAMETER    7  w_CBO RESTORED TO VARIABLE.
                   PARAMETER    6  A_CBO RESTORED TO VARIABLE.
 **********
 **   17 **FIX            0
 **********
 PARAMETER    0  IS UNDEFINED. IGNORED.
 **********
 **   18 **FIX            1
 **********
 **********
 **   19 **FIX            2
 **********
 PARAMETER    2  IS CONSTANT.   IGNORED.
 **********
 **   20 **FIX            3
 **********
 **********
 **   21 **FIX            4
 **********
 **********
 **   22 **FIX            9
 **********
 PARAMETER    9  IS CONSTANT.   IGNORED.
 **********
 **   23 **FIX           11
 **********
 PARAMETER   11  IS CONSTANT.   IGNORED.
 **********
 **   24 **FIX           12
 **********
 PARAMETER   12  IS CONSTANT.   IGNORED.
 **********
 **   25 **FIX           14
 **********
 **********
 **   26 **FIX           15
 **********
 PARAMETER   15  IS CONSTANT.   IGNORED.
 **********
 **   27 **FIX           16
 **********
 PARAMETER   16  IS CONSTANT.   IGNORED.
 **********
 **   28 **MIGRAD
 **********
 START MIGRAD MINIMIZATION.  STRATEGY  1.  CONVERGENCE WHEN EDM .LT. 1.00e-04
 FCN=591.886 FROM MIGRAD    STATUS=INITIATE       20 CALLS         313 TOTAL
                     EDM= unknown      STRATEGY= 1      NO ERROR MATRIX       
  EXT PARAMETER               CURRENT GUESS       STEP         FIRST   
  NO.   NAME      VALUE            ERROR          SIZE      DERIVATIVE 
   1  N0           3.30505e+06     fixed    
   2  tau          6.44004e+01   constant   
   3  A0           3.61734e-01     fixed    
   4  phi          4.12131e+00     fixed    
   5  R           -6.05915e+01   constant   
   6  A_CBO        1.91620e-03   1.00000e-05   1.00000e-05   1.40709e+04
   7  w_CBO        2.32691e+00   1.00000e-03   1.00000e-03  -2.15739e+01
   8  phi_CBO      6.07546e+00   1.00000e-04   1.00000e-04  -7.69736e-01
   9  ANx2         3.16430e-04   constant   
  10  pNx2         2.82055e+00   constant   
  11  ANy1         0.00000e+00   constant   
  12  pNy1         0.00000e+00   constant   
  13  w_y          0.00000e+00   constant   
  14  ANy2         7.39162e-03     fixed    
  15  pNy2         2.23607e+00   constant   
  16  w_vw         1.43191e+01   constant   
  17  LM          -1.34420e-04   constant   
  18  wCBO_expCoeff   2.00113e+02   1.04388e-01  -6.47035e-04  -2.07236e-01
  19  wCBO_expOffset   2.00027e+02   1.56483e-02  -9.69384e-05  -1.37822e+00
  20  wCBO_expT    2.99873e+01   9.90151e-03   8.45342e-05  -4.78806e+00
  21  wCBO_linCoeff   0.00000e+00   constant   
  22  wCBO_const  -3.52039e-03   1.09915e-03  -1.64339e-05  -8.74132e+00
 MIGRAD MINIMIZATION HAS CONVERGED.
 MIGRAD WILL VERIFY CONVERGENCE AND ERROR MATRIX.
 FCN=579.489 FROM MIGRAD    STATUS=CONVERGED     337 CALLS         630 TOTAL
                     EDM=5.48827e-08    STRATEGY= 1      ERR MATRIX NOT POS-DEF
  EXT PARAMETER                APPROXIMATE        STEP         FIRST   
  NO.   NAME      VALUE            ERROR          SIZE      DERIVATIVE 
   1  N0           3.30505e+06     fixed    
   2  tau          6.44004e+01   constant   
   3  A0           3.61734e-01     fixed    
   4  phi          4.12131e+00     fixed    
   5  R           -6.05915e+01   constant   
   6  A_CBO        7.18699e-04   4.74905e-04   5.32611e-06  -1.82444e-01
   7  w_CBO        2.32629e+00   2.58221e-03   2.61469e-06  -6.26215e-01
   8  phi_CBO      7.89899e+00   8.25568e-01   7.25352e-03   1.70945e-05
   9  ANx2         3.16430e-04   constant   
  10  pNx2         2.82055e+00   constant   
  11  ANy1         0.00000e+00   constant   
  12  pNy1         0.00000e+00   constant   
  13  w_y          0.00000e+00   constant   
  14  ANy2         7.39162e-03     fixed    
  15  pNy2         2.23607e+00   constant   
  16  w_vw         1.43191e+01   constant   
  17  LM          -1.34420e-04   constant   
  18  wCBO_expCoeff   2.00050e+02   2.49229e-01   2.64283e-04  -7.32990e-03
  19  wCBO_expOffset   2.00018e+02   3.87834e-02   9.53759e-05  -4.88642e-02
  20  wCBO_expT    3.00006e+01   1.07127e-02   1.43054e-05  -1.32506e-01
  21  wCBO_linCoeff   0.00000e+00   constant   
  22  wCBO_const  -4.85538e-03   1.73300e-03   6.36217e-06   9.53790e-03
 EXTERNAL ERROR MATRIX.    NDIM=  25    NPAR=  7    ERR DEF=1
  2.255e-07 -4.729e-08  1.110e-05 -4.312e-06 -1.549e-06  1.195e-06 -1.841e-07 
 -4.729e-08  6.668e-06  1.070e-05 -2.074e-04 -3.530e-05 -6.720e-06 -2.155e-06 
  1.110e-05  1.070e-05  6.816e-01 -8.763e-04  3.619e-04  2.372e-04  2.214e-04 
 -4.312e-06 -2.074e-04 -8.763e-04  6.212e-02 -4.464e-03 -7.323e-04  1.558e-04 
 -1.549e-06 -3.530e-05  3.619e-04 -4.464e-03  1.504e-03 -1.287e-04  2.754e-05 
  1.195e-06 -6.720e-06  2.372e-04 -7.323e-04 -1.287e-04  1.148e-04 -9.743e-06 
 -1.841e-07 -2.155e-06  2.214e-04  1.558e-04  2.754e-05 -9.743e-06  3.003e-06 
ERR MATRIX NOT POS-DEF
 PARAMETER  CORRELATION COEFFICIENTS  
       NO.  GLOBAL      6      7      8     18     19     20     22
        6  0.31123   1.000 -0.039  0.028 -0.036 -0.084  0.235 -0.224
        7  0.99632  -0.039  1.000  0.005 -0.322 -0.353 -0.243 -0.482
        8  0.66872   0.028  0.005  1.000 -0.004  0.011  0.027  0.155
       18  0.99596  -0.036 -0.322 -0.004  1.000 -0.462 -0.274  0.361
       19  0.99625  -0.084 -0.353  0.011 -0.462  1.000 -0.310  0.410
       20  0.99585   0.235 -0.243  0.027 -0.274 -0.310  1.000 -0.525
       22  0.95040  -0.224 -0.482  0.155  0.361  0.410 -0.525  1.000
 ERR MATRIX NOT POS-DEF
MINUIT - FIT ONLY 1-CBO
 **********
 **   29 **RES 
 **********
                   PARAMETER   14  ANy2 RESTORED TO VARIABLE.
                   PARAMETER    4  phi RESTORED TO VARIABLE.
                   PARAMETER    3  A0 RESTORED TO VARIABLE.
                   PARAMETER    1  N0 RESTORED TO VARIABLE.
 **********
 **   30 **FIX            0
 **********
 PARAMETER    0  IS UNDEFINED. IGNORED.
 **********
 **   31 **FIX            1
 **********
 **********
 **   32 **FIX            2
 **********
 PARAMETER    2  IS CONSTANT.   IGNORED.
 **********
 **   33 **FIX            3
 **********
 **********
 **   34 **FIX            4
 **********
 **********
 **   35 **FIX            8
 **********
 **********
 **   36 **FIX            9
 **********
 PARAMETER    9  IS CONSTANT.   IGNORED.
 **********
 **   37 **FIX           11
 **********
 PARAMETER   11  IS CONSTANT.   IGNORED.
 **********
 **   38 **FIX           12
 **********
 PARAMETER   12  IS CONSTANT.   IGNORED.
 **********
 **   39 **FIX           13
 **********
 PARAMETER   13  IS CONSTANT.   IGNORED.
 **********
 **   40 **FIX           15
 **********
 PARAMETER   15  IS CONSTANT.   IGNORED.
 **********
 **   41 **FIX           16
 **********
 PARAMETER   16  IS CONSTANT.   IGNORED.
 **********
 **   42 **MIGRAD
 **********
 START MIGRAD MINIMIZATION.  STRATEGY  1.  CONVERGENCE WHEN EDM .LT. 1.00e-04
 FCN=579.489 FROM MIGRAD    STATUS=INITIATE       16 CALLS         646 TOTAL
                     EDM= unknown      STRATEGY= 1      NO ERROR MATRIX       
  EXT PARAMETER               CURRENT GUESS       STEP         FIRST   
  NO.   NAME      VALUE            ERROR          SIZE      DERIVATIVE 
   1  N0           3.30505e+06     fixed    
   2  tau          6.44004e+01   constant   
   3  A0           3.61734e-01     fixed    
   4  phi          4.12131e+00     fixed    
   5  R           -6.05915e+01   constant   
   6  A_CBO        7.18699e-04   4.74905e-04   5.32611e-06  -1.82443e-01
   7  w_CBO        2.32629e+00   2.58221e-03   2.61469e-06  -6.17306e-01
   8  phi_CBO      7.89899e+00     fixed    
   9  ANx2         3.16430e-04   constant   
  10  pNx2         2.82055e+00   constant   
  11  ANy1         0.00000e+00   constant   
  12  pNy1         0.00000e+00   constant   
  13  w_y          0.00000e+00   constant   
  14  ANy2         7.39162e-03   1.00000e-04   1.00000e-04   7.02630e+04
  15  pNy2         2.23607e+00   constant   
  16  w_vw         1.43191e+01   constant   
  17  LM          -1.34420e-04   constant   
  18  wCBO_expCoeff   2.00050e+02   2.49229e-01   2.64283e-04  -7.22676e-03
  19  wCBO_expOffset   2.00018e+02   3.87834e-02   9.53759e-05  -4.47249e-02
  20  wCBO_expT    3.00006e+01   1.07127e-02   1.43054e-05  -1.30253e-01
  21  wCBO_linCoeff   0.00000e+00   constant   
  22  wCBO_const  -4.85538e-03   1.73300e-03   6.36217e-06   1.10655e-02
 MIGRAD MINIMIZATION HAS CONVERGED.
 MIGRAD WILL VERIFY CONVERGENCE AND ERROR MATRIX.
 FCN=331.701 FROM MIGRAD    STATUS=CONVERGED     228 CALLS         858 TOTAL
                     EDM=2.211e-07    STRATEGY= 1      ERR MATRIX NOT POS-DEF
  EXT PARAMETER                APPROXIMATE        STEP         FIRST   
  NO.   NAME      VALUE            ERROR          SIZE      DERIVATIVE 
   1  N0           3.30505e+06     fixed    
   2  tau          6.44004e+01   constant   
   3  A0           3.61734e-01     fixed    
   4  phi          4.12131e+00     fixed    
   5  R           -6.05915e+01   constant   
   6  A_CBO        4.80050e-04   4.60246e-04   4.00467e-06  -1.92800e-01
   7  w_CBO        2.32703e+00   2.76761e-03   2.04385e-06   1.65478e+00
   8  phi_CBO      7.89899e+00     fixed    
   9  ANx2         3.16430e-04   constant   
  10  pNx2         2.82055e+00   constant   
  11  ANy1         0.00000e+00   constant   
  12  pNy1         0.00000e+00   constant   
  13  w_y          0.00000e+00   constant   
  14  ANy2         3.37566e-04   4.46809e-04   3.98578e-06  -5.35312e-01
  15  pNy2         2.23607e+00   constant   
  16  w_vw         1.43191e+01   constant   
  17  LM          -1.34420e-04   constant   
  18  wCBO_expCoeff   2.00136e+02   2.64851e-01   2.04115e-04   1.49749e-02
  19  wCBO_expOffset   2.00031e+02   4.18251e-02   9.53820e-05   1.01049e-01
  20  wCBO_expT    2.99893e+01   1.17352e-02   1.43000e-05   4.03025e-01
  21  wCBO_linCoeff   0.00000e+00   constant   
  22  wCBO_const  -4.59556e-03   1.75619e-03   5.32131e-06   8.57172e-01
 EXTERNAL ERROR MATRIX.    NDIM=  25    NPAR=  7    ERR DEF=1
  2.118e-07 -4.264e-08  3.596e-09 -4.038e-06 -1.525e-06  1.024e-06 -1.054e-07 
 -4.264e-08  7.660e-06 -3.562e-09 -2.266e-04 -4.043e-05 -8.239e-06 -2.527e-06 
  3.596e-09 -3.562e-09  1.996e-07 -5.795e-07 -7.772e-08  3.964e-08  1.942e-08 
 -4.038e-06 -2.266e-04 -5.795e-07  7.015e-02 -4.963e-03 -8.736e-04  1.670e-04 
 -1.525e-06 -4.043e-05 -7.772e-08 -4.963e-03  1.749e-03 -1.620e-04  3.040e-05 
  1.024e-06 -8.239e-06  3.964e-08 -8.736e-04 -1.620e-04  1.377e-04 -9.674e-06 
 -1.054e-07 -2.527e-06  1.942e-08  1.670e-04  3.040e-05 -9.674e-06  3.084e-06 
ERR MATRIX NOT POS-DEF
 PARAMETER  CORRELATION COEFFICIENTS  
       NO.  GLOBAL      6      7     14     18     19     20     22
        6  0.22596   1.000 -0.033  0.017 -0.033 -0.079  0.190 -0.130
        7  0.99658  -0.033  1.000 -0.003 -0.309 -0.349 -0.254 -0.520
       14  0.05147   0.017 -0.003  1.000 -0.005 -0.004  0.008  0.025
       18  0.99627  -0.033 -0.309 -0.005  1.000 -0.448 -0.281  0.359
       19  0.99664  -0.079 -0.349 -0.004 -0.448  1.000 -0.330  0.414
       20  0.99626   0.190 -0.254  0.008 -0.281 -0.330  1.000 -0.469
       22  0.94072  -0.130 -0.520  0.025  0.359  0.414 -0.469  1.000
 ERR MATRIX NOT POS-DEF
MINUIT - FIT ONLY 2-CBO
 **********
 **   43 **RES 
 **********
                   PARAMETER    8  phi_CBO RESTORED TO VARIABLE.
                   PARAMETER    4  phi RESTORED TO VARIABLE.
                   PARAMETER    3  A0 RESTORED TO VARIABLE.
                   PARAMETER    1  N0 RESTORED TO VARIABLE.
 **********
 **   44 **FIX            0
 **********
 PARAMETER    0  IS UNDEFINED. IGNORED.
 **********
 **   45 **FIX            1
 **********
 **********
 **   46 **FIX            2
 **********
 PARAMETER    2  IS CONSTANT.   IGNORED.
 **********
 **   47 **FIX            3
 **********
 **********
 **   48 **FIX            4
 **********
 **********
 **   49 **FIX            5
 **********
 PARAMETER    5  IS CONSTANT.   IGNORED.
 **********
 **   50 **FIX            6
 **********
 **********
 **   51 **FIX            7
 **********
 **********
 **   52 **FIX           10
 **********
 PARAMETER   10  IS CONSTANT.   IGNORED.
 **********
 **   53 **FIX           11
 **********
 PARAMETER   11  IS CONSTANT.   IGNORED.
 **********
 **   54 **FIX           12
 **********
 PARAMETER   12  IS CONSTANT.   IGNORED.
 **********
 **   55 **FIX           13
 **********
 PARAMETER   13  IS CONSTANT.   IGNORED.
 **********
 **   56 **FIX           14
 **********
 **********
 **   57 **FIX           15
 **********
 PARAMETER   15  IS CONSTANT.   IGNORED.
 **********
 **   58 **FIX           16
 **********
 PARAMETER   16  IS CONSTANT.   IGNORED.
 **********
 **   59 **MIGRAD
 **********
 START MIGRAD MINIMIZATION.  STRATEGY  1.  CONVERGENCE WHEN EDM .LT. 1.00e-04
 FCN=331.701 FROM MIGRAD    STATUS=INITIATE       12 CALLS         870 TOTAL
                     EDM= unknown      STRATEGY= 1      NO ERROR MATRIX       
  EXT PARAMETER               CURRENT GUESS       STEP         FIRST   
  NO.   NAME      VALUE            ERROR          SIZE      DERIVATIVE 
   1  N0           3.30505e+06     fixed    
   2  tau          6.44004e+01   constant   
   3  A0           3.61734e-01     fixed    
   4  phi          4.12131e+00     fixed    
   5  R           -6.05915e+01   constant   
   6  A_CBO        4.80050e-04     fixed    
   7  w_CBO        2.32703e+00     fixed    
   8  phi_CBO      7.89899e+00   8.25568e-01   8.25568e-01   2.86411e-01
   9  ANx2         3.16430e-04   constant   
  10  pNx2         2.82055e+00   constant   
  11  ANy1         0.00000e+00   constant   
  12  pNy1         0.00000e+00   constant   
  13  w_y          0.00000e+00   constant   
  14  ANy2         3.37566e-04     fixed    
  15  pNy2         2.23607e+00   constant   
  16  w_vw         1.43191e+01   constant   
  17  LM          -1.34420e-04   constant   
  18  wCBO_expCoeff   2.00136e+02   2.64851e-01   2.04115e-04   1.50409e-02
  19  wCBO_expOffset   2.00031e+02   4.18251e-02   9.53820e-05   1.04463e-01
  20  wCBO_expT    2.99893e+01   1.17352e-02   1.43000e-05   4.06399e-01
  21  wCBO_linCoeff   0.00000e+00   constant   
  22  wCBO_const  -4.59556e-03   1.75619e-03   5.32131e-06   8.55638e-01
 MIGRAD MINIMIZATION HAS CONVERGED.
 MIGRAD WILL VERIFY CONVERGENCE AND ERROR MATRIX.
 FCN=331.671 FROM MIGRAD    STATUS=CONVERGED     122 CALLS         980 TOTAL
                     EDM=7.596e-08    STRATEGY= 1      ERR MATRIX NOT POS-DEF
  EXT PARAMETER                APPROXIMATE        STEP         FIRST   
  NO.   NAME      VALUE            ERROR          SIZE      DERIVATIVE 
   1  N0           3.30505e+06     fixed    
   2  tau          6.44004e+01   constant   
   3  A0           3.61734e-01     fixed    
   4  phi          4.12131e+00     fixed    
   5  R           -6.05915e+01   constant   
   6  A_CBO        4.80050e-04     fixed    
   7  w_CBO        2.32703e+00     fixed    
   8  phi_CBO      7.68161e+00   1.11474e+00   8.42957e-03   1.10976e-04
   9  ANx2         3.16430e-04   constant   
  10  pNx2         2.82055e+00   constant   
  11  ANy1         0.00000e+00   constant   
  12  pNy1         0.00000e+00   constant   
  13  w_y          0.00000e+00   constant   
  14  ANy2         3.37566e-04     fixed    
  15  pNy2         2.23607e+00   constant   
  16  w_vw         1.43191e+01   constant   
  17  LM          -1.34420e-04   constant   
  18  wCBO_expCoeff   2.00162e+02   2.64733e-01   2.04730e-04  -1.00085e-02
  19  wCBO_expOffset   2.00034e+02   4.30735e-02   9.53838e-05  -6.67702e-02
  20  wCBO_expT    2.99866e+01   1.21221e-02   1.42987e-05  -1.98869e-01
  21  wCBO_linCoeff   0.00000e+00   constant   
  22  wCBO_const  -4.36465e-03   1.51661e-03   5.31331e-06  -3.24311e-01
 EXTERNAL ERROR MATRIX.    NDIM=  25    NPAR=  5    ERR DEF=1
  1.243e+00 -2.028e-02 -4.819e-03  3.261e-03 -1.921e-04 
 -2.028e-02  7.008e-02 -7.244e-03 -1.094e-03  8.862e-05 
 -4.819e-03 -7.244e-03  1.855e-03 -2.597e-04  2.097e-05 
  3.261e-03 -1.094e-03 -2.597e-04  1.469e-04 -1.353e-05 
 -1.921e-04  8.862e-05  2.097e-05 -1.353e-05  2.300e-06 
ERR MATRIX NOT POS-DEF
 PARAMETER  CORRELATION COEFFICIENTS  
       NO.  GLOBAL      8     18     19     20     22
        8  0.53261   1.000 -0.069 -0.100  0.241 -0.114
       18  0.99625  -0.069  1.000 -0.635 -0.341  0.221
       19  0.99682  -0.100 -0.635  1.000 -0.497  0.321
       20  0.99648   0.241 -0.341 -0.497  1.000 -0.736
       22  0.91994  -0.114  0.221  0.321 -0.736  1.000
 ERR MATRIX NOT POS-DEF
MINUIT - FIT ONLY 1-y
 **********
 **   60 **RES 
 **********
                   PARAMETER   14  ANy2 RESTORED TO VARIABLE.
                   PARAMETER    7  w_CBO RESTORED TO VARIABLE.
                   PARAMETER    6  A_CBO RESTORED TO VARIABLE.
                   PARAMETER    4  phi RESTORED TO VARIABLE.
                   PARAMETER    3  A0 RESTORED TO VARIABLE.
                   PARAMETER    1  N0 RESTORED TO VARIABLE.
 **********
 **   61 **FIX            0
 **********
 PARAMETER    0  IS UNDEFINED. IGNORED.
 **********
 **   62 **FIX            1
 **********
 **********
 **   63 **FIX            2
 **********
 PARAMETER    2  IS CONSTANT.   IGNORED.
 **********
 **   64 **FIX            3
 **********
 **********
 **   65 **FIX            4
 **********
 **********
 **   66 **FIX            5
 **********
 PARAMETER    5  IS CONSTANT.   IGNORED.
 **********
 **   67 **FIX            6
 **********
 **********
 **   68 **FIX            7
 **********
 **********
 **   69 **FIX            8
 **********
 **********
 **   70 **FIX            9
 **********
 PARAMETER    9  IS CONSTANT.   IGNORED.
 **********
 **   71 **FIX           13
 **********
 PARAMETER   13  IS CONSTANT.   IGNORED.
 **********
 **   72 **FIX           14
 **********
 **********
 **   73 **FIX           15
 **********
 PARAMETER   15  IS CONSTANT.   IGNORED.
 **********
 **   74 **FIX           16
 **********
 PARAMETER   16  IS CONSTANT.   IGNORED.
 **********
 **   75 **MIGRAD
 **********
 START MIGRAD MINIMIZATION.  STRATEGY  1.  CONVERGENCE WHEN EDM .LT. 1.00e-04
 FCN=331.671 FROM MIGRAD    STATUS=INITIATE        8 CALLS         988 TOTAL
                     EDM= unknown      STRATEGY= 1      NO ERROR MATRIX       
  EXT PARAMETER               CURRENT GUESS       STEP         FIRST   
  NO.   NAME      VALUE            ERROR          SIZE      DERIVATIVE 
   1  N0           3.30505e+06     fixed    
   2  tau          6.44004e+01   constant   
   3  A0           3.61734e-01     fixed    
   4  phi          4.12131e+00     fixed    
   5  R           -6.05915e+01   constant   
   6  A_CBO        4.80050e-04     fixed    
   7  w_CBO        2.32703e+00     fixed    
   8  phi_CBO      7.68161e+00     fixed    
   9  ANx2         3.16430e-04   constant   
  10  pNx2         2.82055e+00   constant   
  11  ANy1         0.00000e+00   constant   
  12  pNy1         0.00000e+00   constant   
  13  w_y          0.00000e+00   constant   
  14  ANy2         3.37566e-04     fixed    
  15  pNy2         2.23607e+00   constant   
  16  w_vw         1.43191e+01   constant   
  17  LM          -1.34420e-04   constant   
  18  wCBO_expCoeff   2.00162e+02   2.64733e-01   2.04730e-04  -9.88556e-03
  19  wCBO_expOffset   2.00034e+02   4.30735e-02   9.53838e-05  -5.84352e-02
  20  wCBO_expT    2.99866e+01   1.21221e-02   1.42987e-05  -1.92663e-01
  21  wCBO_linCoeff   0.00000e+00   constant   
  22  wCBO_const  -4.36465e-03   1.51661e-03   5.31331e-06  -3.25325e-01
 MIGRAD MINIMIZATION HAS CONVERGED.
 MIGRAD WILL VERIFY CONVERGENCE AND ERROR MATRIX.
 FCN=331.671 FROM MIGRAD    STATUS=CONVERGED      49 CALLS        1029 TOTAL
                     EDM=4.53045e-08    STRATEGY= 1      ERR MATRIX NOT POS-DEF
  EXT PARAMETER                APPROXIMATE        STEP         FIRST   
  NO.   NAME      VALUE            ERROR          SIZE      DERIVATIVE 
   1  N0           3.30505e+06     fixed    
   2  tau          6.44004e+01   constant   
   3  A0           3.61734e-01     fixed    
   4  phi          4.12131e+00     fixed    
   5  R           -6.05915e+01   constant   
   6  A_CBO        4.80050e-04     fixed    
   7  w_CBO        2.32703e+00     fixed    
   8  phi_CBO      7.68161e+00     fixed    
   9  ANx2         3.16430e-04   constant   
  10  pNx2         2.82055e+00   constant   
  11  ANy1         0.00000e+00   constant   
  12  pNy1         0.00000e+00   constant   
  13  w_y          0.00000e+00   constant   
  14  ANy2         3.37566e-04     fixed    
  15  pNy2         2.23607e+00   constant   
  16  w_vw         1.43191e+01   constant   
  17  LM          -1.34420e-04   constant   
  18  wCBO_expCoeff   2.00162e+02   2.74265e-01   2.04712e-04  -6.67058e-04
  19  wCBO_expOffset   2.00034e+02   4.47514e-02   9.53838e-05  -4.37039e-03
  20  wCBO_expT    2.99866e+01   1.21632e-02   1.42987e-05   1.22217e-02
  21  wCBO_linCoeff   0.00000e+00   constant   
  22  wCBO_const  -4.36463e-03   1.53399e-03   5.31185e-06   4.44075e-03
 EXTERNAL ERROR MATRIX.    NDIM=  25    NPAR=  4    ERR DEF=1
  7.522e-02 -8.013e-03 -1.085e-03  8.985e-05 
 -8.013e-03  2.003e-03 -2.684e-04  2.214e-05 
 -1.085e-03 -2.684e-04  1.479e-04 -1.391e-05 
  8.985e-05  2.214e-05 -1.391e-05  2.353e-06 
ERR MATRIX NOT POS-DEF
 PARAMETER  CORRELATION COEFFICIENTS  
       NO.  GLOBAL     18     19     20     22
       18  0.99650   1.000 -0.653 -0.325  0.214
       19  0.99705  -0.653  1.000 -0.493  0.323
       20  0.99650  -0.325 -0.493  1.000 -0.746
       22  0.92179   0.214  0.323 -0.746  1.000
 ERR MATRIX NOT POS-DEF
MINUIT - FIT ONLY 2-y
 **********
 **   76 **RES 
 **********
                   PARAMETER   14  ANy2 RESTORED TO VARIABLE.
                   PARAMETER    8  phi_CBO RESTORED TO VARIABLE.
                   PARAMETER    7  w_CBO RESTORED TO VARIABLE.
                   PARAMETER    6  A_CBO RESTORED TO VARIABLE.
                   PARAMETER    4  phi RESTORED TO VARIABLE.
                   PARAMETER    3  A0 RESTORED TO VARIABLE.
                   PARAMETER    1  N0 RESTORED TO VARIABLE.
 **********
 **   77 **FIX            0
 **********
 PARAMETER    0  IS UNDEFINED. IGNORED.
 **********
 **   78 **FIX            1
 **********
 **********
 **   79 **FIX            2
 **********
 PARAMETER    2  IS CONSTANT.   IGNORED.
 **********
 **   80 **FIX            3
 **********
 **********
 **   81 **FIX            4
 **********
 **********
 **   82 **FIX            5
 **********
 PARAMETER    5  IS CONSTANT.   IGNORED.
 **********
 **   83 **FIX            6
 **********
 **********
 **   84 **FIX            7
 **********
 **********
 **   85 **FIX            8
 **********
 **********
 **   86 **FIX            9
 **********
 PARAMETER    9  IS CONSTANT.   IGNORED.
 **********
 **   87 **FIX           10
 **********
 PARAMETER   10  IS CONSTANT.   IGNORED.
 **********
 **   88 **FIX           11
 **********
 PARAMETER   11  IS CONSTANT.   IGNORED.
 **********
 **   89 **FIX           12
 **********
 PARAMETER   12  IS CONSTANT.   IGNORED.
 **********
 **   90 **FIX           16
 **********
 PARAMETER   16  IS CONSTANT.   IGNORED.
 **********
 **   91 **MIGRAD
 **********
 START MIGRAD MINIMIZATION.  STRATEGY  1.  CONVERGENCE WHEN EDM .LT. 1.00e-04
 FCN=331.671 FROM MIGRAD    STATUS=INITIATE       10 CALLS        1039 TOTAL
                     EDM= unknown      STRATEGY= 1      NO ERROR MATRIX       
  EXT PARAMETER               CURRENT GUESS       STEP         FIRST   
  NO.   NAME      VALUE            ERROR          SIZE      DERIVATIVE 
   1  N0           3.30505e+06     fixed    
   2  tau          6.44004e+01   constant   
   3  A0           3.61734e-01     fixed    
   4  phi          4.12131e+00     fixed    
   5  R           -6.05915e+01   constant   
   6  A_CBO        4.80050e-04     fixed    
   7  w_CBO        2.32703e+00     fixed    
   8  phi_CBO      7.68161e+00     fixed    
   9  ANx2         3.16430e-04   constant   
  10  pNx2         2.82055e+00   constant   
  11  ANy1         0.00000e+00   constant   
  12  pNy1         0.00000e+00   constant   
  13  w_y          0.00000e+00   constant   
  14  ANy2         3.37566e-04   4.46809e-04   4.46809e-04   7.96834e+00
  15  pNy2         2.23607e+00   constant   
  16  w_vw         1.43191e+01   constant   
  17  LM          -1.34420e-04   constant   
  18  wCBO_expCoeff   2.00162e+02   2.74265e-01   2.04712e-04  -6.39080e-04
  19  wCBO_expOffset   2.00034e+02   4.47514e-02   9.53838e-05   3.95701e-03
  20  wCBO_expT    2.99866e+01   1.21632e-02   1.42987e-05   2.04074e-02
  21  wCBO_linCoeff   0.00000e+00   constant   
  22  wCBO_const  -4.36463e-03   1.53399e-03   5.31185e-06   4.27693e-03
 MIGRAD MINIMIZATION HAS CONVERGED.
 MIGRAD WILL VERIFY CONVERGENCE AND ERROR MATRIX.
 FCN=331.671 FROM MIGRAD    STATUS=CONVERGED      58 CALLS        1087 TOTAL
                     EDM=7.09769e-08    STRATEGY= 1      ERR MATRIX NOT POS-DEF
  EXT PARAMETER                APPROXIMATE        STEP         FIRST   
  NO.   NAME      VALUE            ERROR          SIZE      DERIVATIVE 
   1  N0           3.30505e+06     fixed    
   2  tau          6.44004e+01   constant   
   3  A0           3.61734e-01     fixed    
   4  phi          4.12131e+00     fixed    
   5  R           -6.05915e+01   constant   
   6  A_CBO        4.80050e-04     fixed    
   7  w_CBO        2.32703e+00     fixed    
   8  phi_CBO      7.68161e+00     fixed    
   9  ANx2         3.16430e-04   constant   
  10  pNx2         2.82055e+00   constant   
  11  ANy1         0.00000e+00   constant   
  12  pNy1         0.00000e+00   constant   
  13  w_y          0.00000e+00   constant   
  14  ANy2         3.36768e-04   4.46760e-04   3.98557e-06   4.16601e-04
  15  pNy2         2.23607e+00   constant   
  16  w_vw         1.43191e+01   constant   
  17  LM          -1.34420e-04   constant   
  18  wCBO_expCoeff   2.00162e+02   2.74256e-01   2.04710e-04  -1.55889e-03
  19  wCBO_expOffset   2.00034e+02   4.47507e-02   9.53838e-05  -1.03238e-02
  20  wCBO_expT    2.99866e+01   1.21627e-02   1.42987e-05   9.64078e-03
  21  wCBO_linCoeff   0.00000e+00   constant   
  22  wCBO_const  -4.36463e-03   1.53459e-03   5.31183e-06   1.44899e-01
 EXTERNAL ERROR MATRIX.    NDIM=  25    NPAR=  5    ERR DEF=1
  1.996e-07 -6.187e-07 -9.152e-08  2.737e-08  1.980e-08 
 -6.187e-07  7.522e-02 -8.012e-03 -1.085e-03  8.977e-05 
 -9.152e-08 -8.012e-03  2.003e-03 -2.684e-04  2.213e-05 
  2.737e-08 -1.085e-03 -2.684e-04  1.479e-04 -1.391e-05 
  1.980e-08  8.977e-05  2.213e-05 -1.391e-05  2.355e-06 
ERR MATRIX NOT POS-DEF
 PARAMETER  CORRELATION COEFFICIENTS  
       NO.  GLOBAL     14     18     19     20     22
       14  0.04921   1.000 -0.005 -0.005  0.005  0.029
       18  0.99650  -0.005  1.000 -0.653 -0.325  0.213
       19  0.99705  -0.005 -0.653  1.000 -0.493  0.322
       20  0.99650   0.005 -0.325 -0.493  1.000 -0.745
       22  0.92185   0.029  0.213  0.322 -0.745  1.000
 ERR MATRIX NOT POS-DEF
MINUIT - FIT ALTOGETHER
 **********
 **   92 **RES 
 **********
                   PARAMETER    8  phi_CBO RESTORED TO VARIABLE.
                   PARAMETER    7  w_CBO RESTORED TO VARIABLE.
                   PARAMETER    6  A_CBO RESTORED TO VARIABLE.
                   PARAMETER    4  phi RESTORED TO VARIABLE.
                   PARAMETER    3  A0 RESTORED TO VARIABLE.
                   PARAMETER    1  N0 RESTORED TO VARIABLE.
 **********
 **   93 **MIGRAD
 **********
 START MIGRAD MINIMIZATION.  STRATEGY  1.  CONVERGENCE WHEN EDM .LT. 1.00e-04
 FCN=331.671 FROM MIGRAD    STATUS=INITIATE       22 CALLS        1109 TOTAL
                     EDM= unknown      STRATEGY= 1      NO ERROR MATRIX       
  EXT PARAMETER               CURRENT GUESS       STEP         FIRST   
  NO.   NAME      VALUE            ERROR          SIZE      DERIVATIVE 
   1  N0           3.30505e+06   1.05901e+03   1.05901e+03   4.01655e-05
   2  tau          6.44004e+01   constant   
   3  A0           3.61734e-01   4.22649e-04   4.22649e-04  -6.10706e+02
   4  phi          4.12131e+00   1.22137e-03   1.22137e-03   8.55474e+01
   5  R           -6.05915e+01   constant   
   6  A_CBO        4.80050e-04   4.60246e-04   4.60246e-04   1.52027e+02
   7  w_CBO        2.32703e+00   2.76761e-03   2.76761e-03  -5.93540e-02
   8  phi_CBO      7.68161e+00   1.11474e+00   1.11474e+00   6.76529e-06
   9  ANx2         3.16430e-04   constant   
  10  pNx2         2.82055e+00   constant   
  11  ANy1         0.00000e+00   constant   
  12  pNy1         0.00000e+00   constant   
  13  w_y          0.00000e+00   constant   
  14  ANy2         3.36768e-04   4.46760e-04   3.98557e-06   4.16730e-04
  15  pNy2         2.23607e+00   constant   
  16  w_vw         1.43191e+01   constant   
  17  LM          -1.34420e-04   constant   
  18  wCBO_expCoeff   2.00162e+02   2.74256e-01   2.04710e-04  -1.53100e-03
  19  wCBO_expOffset   2.00034e+02   4.47507e-02   9.53838e-05  -1.99399e-03
  20  wCBO_expT    2.99866e+01   1.21627e-02   1.42987e-05   1.78284e-02
  21  wCBO_linCoeff   0.00000e+00   constant   
  22  wCBO_const  -4.36463e-03   1.53459e-03   5.31183e-06   1.43880e-01
 MIGRAD MINIMIZATION HAS CONVERGED.
 MIGRAD WILL VERIFY CONVERGENCE AND ERROR MATRIX.
 FCN=331.651 FROM MIGRAD    STATUS=CONVERGED     195 CALLS        1282 TOTAL
                     EDM=1.99965e-05    STRATEGY= 1      ERR MATRIX NOT POS-DEF
  EXT PARAMETER                APPROXIMATE        STEP         FIRST   
  NO.   NAME      VALUE            ERROR          SIZE      DERIVATIVE 
   1  N0           3.30503e+06   1.04489e+03   9.16646e+00   1.80942e-06
