 + ++++++++++++++++++++++++++++++++++++++++++++++++++++++++++++++++++++ +
 +                                                                      +
 +           You have chose to blind your fitting according to          +
 +                omega_ref * (1 + (R +/- deltaR) *10^{-6})             +
 +                                                                      +
 + ++++++++++++++++++++++++++++++++++++++++++++++++++++++++++++++++++++ +
In main()...
reading format from /gm2data/zkhechad/run45/envelope/formats/formatB_sBin_constraintOn.txt
pBinTau 	= 0  
pBinPhi 	= 0  
constraintau 	= 1 
includeMopTerm 	= 0    
constrainMop    = 0   
Parameters after format file: pBinTau 0 pBinPhi 0 constraintau 1 includeMopTerm 0 constrainMop 0 c_e_scale 0.000000 
reading cbo reference file (full fit) from /gm2data/zkhechad/cboTemplates/Run4CBOTemplates/fullFits/run4/sBin_constraintOn_cE0.0_seed0_run4_calo19.root
A_CBO 0.009558 w_CBO 2.327254 phi_CBO 0.902980 N0 3088607.252134 R -60.257448 tau 64.400175 
Reading cboRef file /gm2data/zkhechad/cboTemplates/Run4CBOTemplates//cboIsolate/run4_calo19.root
deltaT 23.158839
windowBins = 150
fitting sliding window 620 from bin 823 at 122.791600 to bin 973 at 145.171600 (150 bins)

Reading data from /gm2data/cornell/histograms/aMethod/histogram_a_run4.root
fitting cbo isolate
 **********
 **    1 **SET PRINTOUT            1
 **********
 **********
 **    2 **SET NOWARNINGS 
 **********
 PARAMETER DEFINITIONS:
    NO.   NAME         VALUE      STEP SIZE      LIMITS
     1 A_CBO        9.55751e-03  1.00000e-05     no limits
     2 w_CBO        2.32725e+00  1.00000e-02    2.00000e+00  3.00000e+00
     3 phi_CBO      9.02980e-01  1.00000e-02    0.00000e+00  6.28319e+00
 **********
 **    3 **MIGRAD
 **********
 FIRST CALL TO USER FUNCTION AT NEW START POINT, WITH IFLAG=4.
 START MIGRAD MINIMIZATION.  STRATEGY  1.  CONVERGENCE WHEN EDM .LT. 1.00e-04
 FCN=0.000877076 FROM MIGRAD    STATUS=INITIATE       12 CALLS          13 TOTAL
                     EDM= unknown      STRATEGY= 1      NO ERROR MATRIX       
  EXT PARAMETER               CURRENT GUESS       STEP         FIRST   
  NO.   NAME      VALUE            ERROR          SIZE      DERIVATIVE 
   1  A_CBO        9.55751e-03   1.00000e-05   1.00000e-05   4.58816e-01
   2  w_CBO        2.32725e+00   1.00000e-02   2.13147e-02  -4.19525e-03
   3  phi_CBO      9.02980e-01   1.00000e-02   4.53699e-03   1.53778e-04
 MIGRAD MINIMIZATION HAS CONVERGED.
 MIGRAD WILL VERIFY CONVERGENCE AND ERROR MATRIX.
 FCN=0.000182865 FROM MIGRAD    STATUS=CONVERGED      37 CALLS          38 TOTAL
                     EDM=3.05006e-07    STRATEGY= 1      ERR MATRIX NOT POS-DEF
  EXT PARAMETER                APPROXIMATE        STEP         FIRST   
  NO.   NAME      VALUE            ERROR          SIZE      DERIVATIVE 
   1  A_CBO        6.53425e-03   1.15346e-01   5.60466e-05   1.14764e-04
   2  w_CBO        2.32731e+00   8.34592e-01   1.14975e-04   2.97135e-04
   3  phi_CBO      8.95402e-01   4.27509e+00   3.26811e-03  -4.29724e-06
 EXTERNAL ERROR MATRIX.    NDIM=  25    NPAR=  3    ERR DEF=1
  1.330e-02 -2.703e-02 -3.586e+00 
 -2.703e-02  4.416e+00  5.897e+02 
 -3.586e+00  5.897e+02  7.906e+04 
ERR MATRIX NOT POS-DEF
 PARAMETER  CORRELATION COEFFICIENTS  
       NO.  GLOBAL      1      2      3
        1  0.11211   1.000 -0.112 -0.111
        2  0.99800  -0.112  1.000  0.998
        3  0.99800  -0.111  0.998  1.000
 ERR MATRIX NOT POS-DEF
setting A_CBO=0.006534 w_CBO=2.327309, phi_CBO=0.895402
done fitting cbo isolate
 **********
 **    1 **SET PRINTOUT            1
 **********
 **********
 **    2 **SET NOWARNINGS 
 **********
 PARAMETER DEFINITIONS:
    NO.   NAME         VALUE      STEP SIZE      LIMITS
     1 N0           3.08861e+06  1.00000e+02     no limits
     2 tau          6.44002e+01  constant
     3 A0           3.48093e-01  1.00000e-04     no limits
     4 phi          4.13197e+00  1.00000e-02     no limits
     5 R           -6.02574e+01  constant
     6 A_CBO        6.53425e-03  1.00000e-05     no limits
     7 w_CBO        2.32731e+00  1.00000e-03     no limits
     8 phi_CBO      8.95402e-01  1.00000e-04     no limits
     9 ANx2         2.45054e-04  constant
    10 pNx2         5.52114e+00  constant
    11 ANy1         0.00000e+00  constant
    12 pNy1         0.00000e+00  constant
    13 w_y          0.00000e+00  constant
    14 ANy2         1.46670e-02  1.00000e-04     no limits
    15 pNy2         3.05066e+00  constant
    16 w_vw         1.43134e+01  constant
    17 LM          -3.45580e-05  constant
    18 wCBO_expCoeff   2.00000e+02  1.00000e+00     no limits
    19 wCBO_expOffset   2.00000e+02  1.00000e+00     no limits
    20 wCBO_expT    3.00000e+01  1.00000e+00     no limits
    21 wCBO_linCoeff   0.00000e+00  constant
    22 wCBO_const   0.00000e+00  1.00000e-02     no limits
MINUIT - FIT ONLY WIGGLE
 **********
 **    3 **FIX            5
 **********
 PARAMETER    5  IS CONSTANT.   IGNORED.
 **********
 **    4 **FIX            6
 **********
 **********
 **    5 **FIX            7
 **********
 **********
 **    6 **FIX            8
 **********
 **********
 **    7 **FIX            9
 **********
 PARAMETER    9  IS CONSTANT.   IGNORED.
 **********
 **    8 **FIX           10
 **********
 PARAMETER   10  IS CONSTANT.   IGNORED.
 **********
 **    9 **FIX           11
 **********
 PARAMETER   11  IS CONSTANT.   IGNORED.
 **********
 **   10 **FIX           12
 **********
 PARAMETER   12  IS CONSTANT.   IGNORED.
 **********
 **   11 **FIX           13
 **********
 PARAMETER   13  IS CONSTANT.   IGNORED.
 **********
 **   12 **FIX           14
 **********
 **********
 **   13 **FIX           15
 **********
 PARAMETER   15  IS CONSTANT.   IGNORED.
 **********
 **   14 **FIX           16
 **********
 PARAMETER   16  IS CONSTANT.   IGNORED.
 **********
 **   15 **MIGRAD
 **********
 FIRST CALL TO USER FUNCTION AT NEW START POINT, WITH IFLAG=4.
 START MIGRAD MINIMIZATION.  STRATEGY  1.  CONVERGENCE WHEN EDM .LT. 1.00e-04
 FCN=5326.13 FROM MIGRAD    STATUS=INITIATE       54 CALLS          55 TOTAL
                     EDM= unknown      STRATEGY= 1      NO ERROR MATRIX       
  EXT PARAMETER               CURRENT GUESS       STEP         FIRST   
  NO.   NAME      VALUE            ERROR          SIZE      DERIVATIVE 
   1  N0           3.08861e+06   1.00000e+02   0.00000e+00  -6.25128e-03
   2  tau          6.44002e+01   constant   
   3  A0           3.48093e-01   1.00000e-04   0.00000e+00  -6.24572e+04
   4  phi          4.13197e+00   1.00000e-02   0.00000e+00   2.08309e+03
   5  R           -6.02574e+01   constant   
   6  A_CBO        6.53425e-03     fixed    
   7  w_CBO        2.32731e+00     fixed    
   8  phi_CBO      8.95402e-01     fixed    
   9  ANx2         2.45054e-04   constant   
  10  pNx2         5.52114e+00   constant   
  11  ANy1         0.00000e+00   constant   
  12  pNy1         0.00000e+00   constant   
  13  w_y          0.00000e+00   constant   
  14  ANy2         1.46670e-02     fixed    
  15  pNy2         3.05066e+00   constant   
  16  w_vw         1.43134e+01   constant   
  17  LM          -3.45580e-05   constant   
  18  wCBO_expCoeff   1.99999e+02   1.00000e+00  -6.51170e-04  -1.43771e+05
  19  wCBO_expOffset   2.00000e+02   1.00000e+00   0.00000e+00   1.29218e+06
  20  wCBO_expT    3.00000e+01   1.00000e+00   0.00000e+00   1.19815e+06
  21  wCBO_linCoeff   0.00000e+00   constant   
  22  wCBO_const   0.00000e+00   1.00000e-02   0.00000e+00  -6.68060e+03
 MIGRAD FAILS TO FIND IMPROVEMENT
 FCN=5280.59 FROM HESSE     STATUS=NOT POSDEF     56 CALLS         138 TOTAL
                     EDM=171.961    STRATEGY= 1      ERR MATRIX NOT POS-DEF
  EXT PARAMETER                APPROXIMATE        STEP         FIRST   
  NO.   NAME      VALUE            ERROR          SIZE      DERIVATIVE 
   1  N0           3.08932e+06   9.48375e+02   1.69295e+01  -1.97055e-03
   2  tau          6.44002e+01   constant   
   3  A0           3.49371e-01   3.32037e-04   7.17840e-06  -1.50306e+02
   4  phi          4.13157e+00   6.40238e-04   2.20390e-05   6.84408e+02
   5  R           -6.02574e+01   constant   
   6  A_CBO        6.53425e-03     fixed    
   7  w_CBO        2.32731e+00     fixed    
   8  phi_CBO      8.95402e-01     fixed    
   9  ANx2         2.45054e-04   constant   
  10  pNx2         5.52114e+00   constant   
  11  ANy1         0.00000e+00   constant   
  12  pNy1         0.00000e+00   constant   
  13  w_y          0.00000e+00   constant   
  14  ANy2         1.46670e-02     fixed    
  15  pNy2         3.05066e+00   constant   
  16  w_vw         1.43134e+01   constant   
  17  LM          -3.45580e-05   constant   
  18  wCBO_expCoeff   1.99999e+02   1.82409e-04   9.53671e-05  -3.72753e+04
  19  wCBO_expOffset   2.00000e+02   2.59747e-05   9.53674e-05   9.66785e+05
  20  wCBO_expT    3.00000e+01   9.48930e-06   1.43051e-05   1.10280e+06
  21  wCBO_linCoeff   0.00000e+00   constant   
  22  wCBO_const   1.95551e-04   2.01751e-03   8.58598e-06   2.39534e+03
 MIGRAD FAILS TO FIND IMPROVEMENT
 MIGRAD TERMINATED WITHOUT CONVERGENCE.
 FCN=5280.59 FROM MIGRAD    STATUS=FAILED        148 CALLS         149 TOTAL
                     EDM=171.961    STRATEGY= 1      ERR MATRIX NOT POS-DEF
  EXT PARAMETER                APPROXIMATE        STEP         FIRST   
  NO.   NAME      VALUE            ERROR          SIZE      DERIVATIVE 
   1  N0           3.08932e+06   9.48375e+02   0.00000e+00  -1.97055e-03
   2  tau          6.44002e+01   constant   
   3  A0           3.49371e-01   3.32037e-04   0.00000e+00  -1.50306e+02
   4  phi          4.13157e+00   6.40238e-04  -0.00000e+00   6.84408e+02
   5  R           -6.02574e+01   constant   
   6  A_CBO        6.53425e-03     fixed    
   7  w_CBO        2.32731e+00     fixed    
   8  phi_CBO      8.95402e-01     fixed    
   9  ANx2         2.45054e-04   constant   
  10  pNx2         5.52114e+00   constant   
  11  ANy1         0.00000e+00   constant   
  12  pNy1         0.00000e+00   constant   
  13  w_y          0.00000e+00   constant   
  14  ANy2         1.46670e-02     fixed    
  15  pNy2         3.05066e+00   constant   
  16  w_vw         1.43134e+01   constant   
  17  LM          -3.45580e-05   constant   
  18  wCBO_expCoeff   1.99999e+02   1.82409e-04  -0.00000e+00  -3.72753e+04
  19  wCBO_expOffset   2.00000e+02   2.59747e-05  -0.00000e+00   9.66785e+05
  20  wCBO_expT    3.00000e+01   9.48930e-06  -0.00000e+00   1.10280e+06
  21  wCBO_linCoeff   0.00000e+00   constant   
  22  wCBO_const   1.95551e-04   2.01751e-03   0.00000e+00   2.39534e+03
 EXTERNAL ERROR MATRIX.    NDIM=  25    NPAR=  7    ERR DEF=1
  8.994e+05  2.368e-01 -2.585e-01 -1.502e-01 -2.189e-02 -7.965e-03  1.668e+00 
  2.368e-01  1.102e-07 -8.516e-08 -5.008e-08 -7.180e-09 -2.600e-09  5.529e-07 
 -2.585e-01 -8.516e-08  4.099e-07  5.483e-08  7.936e-09  2.882e-09 -6.215e-07 
 -1.502e-01 -5.008e-08  5.483e-08  3.327e-08  4.590e-09  1.676e-09 -3.646e-07 
 -2.189e-02 -7.180e-09  7.936e-09  4.590e-09  6.747e-10  2.431e-10 -5.105e-08 
 -7.965e-03 -2.600e-09  2.882e-09  1.676e-09  2.431e-10  9.005e-11 -1.837e-08 
  1.668e+00  5.529e-07 -6.215e-07 -3.646e-07 -5.105e-08 -1.837e-08  4.070e-06 
ERR MATRIX NOT POS-DEF
 PARAMETER  CORRELATION COEFFICIENTS  
       NO.  GLOBAL      1      3      4     18     19     20     22
        1  0.89121   1.000  0.752 -0.426 -0.868 -0.888 -0.885  0.872
        3  0.83694   0.752  1.000 -0.401 -0.827 -0.833 -0.825  0.825
        4  0.49284  -0.426 -0.401  1.000  0.470  0.477  0.474 -0.481
       18  0.99475  -0.868 -0.827  0.470  1.000  0.969  0.968 -0.991
       19  0.99367  -0.888 -0.833  0.477  0.969  1.000  0.986 -0.974
       20  0.99218  -0.885 -0.825  0.474  0.968  0.986  1.000 -0.960
       22  0.99520   0.872  0.825 -0.481 -0.991 -0.974 -0.960  1.000
 ERR MATRIX NOT POS-DEF
MINUIT - FIT ONLY 1-CBO + other amplitudes 
 **********
 **   16 **RES 
 **********
                   PARAMETER   14  ANy2 RESTORED TO VARIABLE.
                   PARAMETER    8  phi_CBO RESTORED TO VARIABLE.
                   PARAMETER    7  w_CBO RESTORED TO VARIABLE.
                   PARAMETER    6  A_CBO RESTORED TO VARIABLE.
 **********
 **   17 **FIX            0
 **********
 PARAMETER    0  IS UNDEFINED. IGNORED.
 **********
 **   18 **FIX            1
 **********
 **********
 **   19 **FIX            2
 **********
 PARAMETER    2  IS CONSTANT.   IGNORED.
 **********
 **   20 **FIX            3
 **********
 **********
 **   21 **FIX            4
 **********
 **********
 **   22 **FIX            9
 **********
 PARAMETER    9  IS CONSTANT.   IGNORED.
 **********
 **   23 **FIX           11
 **********
 PARAMETER   11  IS CONSTANT.   IGNORED.
 **********
 **   24 **FIX           12
 **********
 PARAMETER   12  IS CONSTANT.   IGNORED.
 **********
 **   25 **FIX           14
 **********
 **********
 **   26 **FIX           15
 **********
 PARAMETER   15  IS CONSTANT.   IGNORED.
 **********
 **   27 **FIX           16
 **********
 PARAMETER   16  IS CONSTANT.   IGNORED.
 **********
 **   28 **MIGRAD
 **********
 START MIGRAD MINIMIZATION.  STRATEGY  1.  CONVERGENCE WHEN EDM .LT. 1.00e-04
 FCN=5280.59 FROM MIGRAD    STATUS=INITIATE       22 CALLS         171 TOTAL
                     EDM= unknown      STRATEGY= 1      NO ERROR MATRIX       
  EXT PARAMETER               CURRENT GUESS       STEP         FIRST   
  NO.   NAME      VALUE            ERROR          SIZE      DERIVATIVE 
   1  N0           3.08932e+06     fixed    
   2  tau          6.44002e+01   constant   
   3  A0           3.49371e-01     fixed    
   4  phi          4.13157e+00     fixed    
   5  R           -6.02574e+01   constant   
   6  A_CBO        6.53425e-03   1.00000e-05   1.00000e-05   1.83561e+05
   7  w_CBO        2.32731e+00   1.00000e-03   1.00000e-03  -1.46473e+06
   8  phi_CBO      8.95402e-01   1.00000e-04   1.00000e-04  -1.86939e+01
   9  ANx2         2.45054e-04   constant   
  10  pNx2         5.52114e+00   constant   
  11  ANy1         0.00000e+00   constant   
  12  pNy1         0.00000e+00   constant   
  13  w_y          0.00000e+00   constant   
  14  ANy2         1.46670e-02     fixed    
  15  pNy2         3.05066e+00   constant   
  16  w_vw         1.43134e+01   constant   
  17  LM          -3.45580e-05   constant   
  18  wCBO_expCoeff   1.99999e+02   1.82409e-04  -0.00000e+00  -1.70804e+04
  19  wCBO_expOffset   2.00000e+02   2.59747e-05  -0.00000e+00   1.82928e+06
  20  wCBO_expT    3.00000e+01   9.48930e-06  -0.00000e+00  -8.96425e+05
  21  wCBO_linCoeff   0.00000e+00   constant   
  22  wCBO_const   1.95551e-04   2.01751e-03   0.00000e+00   2.39542e+03
 MIGRAD FAILS TO FIND IMPROVEMENT
 FCN=4899.82 FROM HESSE     STATUS=NOT POSDEF     58 CALLS         292 TOTAL
                     EDM=38.0915    STRATEGY= 1      ERR MATRIX NOT POS-DEF
  EXT PARAMETER                APPROXIMATE        STEP         FIRST   
  NO.   NAME      VALUE            ERROR          SIZE      DERIVATIVE 
   1  N0           3.08932e+06     fixed    
   2  tau          6.44002e+01   constant   
   3  A0           3.49371e-01     fixed    
   4  phi          4.13157e+00     fixed    
   5  R           -6.02574e+01   constant   
   6  A_CBO        2.46232e-03   1.31532e-03   7.25260e-06   2.58548e+03
   7  w_CBO        2.32731e+00   9.24579e-07   1.10975e-06  -8.31066e+06
   8  phi_CBO      1.01314e+00   1.17136e-01   3.27980e-03  -3.73259e+00
   9  ANx2         2.45054e-04   constant   
  10  pNx2         5.52114e+00   constant   
  11  ANy1         0.00000e+00   constant   
  12  pNy1         0.00000e+00   constant   
  13  w_y          0.00000e+00   constant   
  14  ANy2         1.46670e-02     fixed    
  15  pNy2         3.05066e+00   constant   
  16  w_vw         1.43134e+01   constant   
  17  LM          -3.45580e-05   constant   
  18  wCBO_expCoeff   1.99999e+02   7.93374e-05   9.53672e-05  -9.66798e+04
  19  wCBO_expOffset   2.00000e+02   4.27425e-05   9.53674e-05  -6.16582e+05
  20  wCBO_expT    3.00000e+01   1.39620e-05   1.43051e-05   1.78414e+06
  21  wCBO_linCoeff   0.00000e+00   constant   
  22  wCBO_const   3.88672e-04   1.20066e-03   1.04883e-05  -5.60280e+03
 MIGRAD FAILS TO FIND IMPROVEMENT
 MIGRAD TERMINATED WITHOUT CONVERGENCE.
 FCN=4883.31 FROM MIGRAD    STATUS=FAILED        617 CALLS         766 TOTAL
                     EDM=7.81856    STRATEGY= 1      ERR MATRIX NOT POS-DEF
  EXT PARAMETER                APPROXIMATE        STEP         FIRST   
  NO.   NAME      VALUE            ERROR          SIZE      DERIVATIVE 
   1  N0           3.08932e+06     fixed    
   2  tau          6.44002e+01   constant   
   3  A0           3.49371e-01     fixed    
   4  phi          4.13157e+00     fixed    
   5  R           -6.02574e+01   constant   
   6  A_CBO        2.54376e-03   3.32009e-04   0.00000e+00   4.94628e+03
   7  w_CBO        2.32731e+00   7.45732e-07   0.00000e+00  -1.35877e+06
   8  phi_CBO      1.27109e+00   2.67691e-01  -0.00000e+00  -2.28057e+00
   9  ANx2         2.45054e-04   constant   
  10  pNx2         5.52114e+00   constant   
  11  ANy1         0.00000e+00   constant   
  12  pNy1         0.00000e+00   constant   
  13  w_y          0.00000e+00   constant   
  14  ANy2         1.46670e-02     fixed    
  15  pNy2         3.05066e+00   constant   
  16  w_vw         1.43134e+01   constant   
  17  LM          -3.45580e-05   constant   
  18  wCBO_expCoeff   2.00000e+02   6.43141e-05   0.00000e+00  -1.58122e+04
  19  wCBO_expOffset   2.00000e+02   2.68299e-05  -0.00000e+00   2.38962e+05
  20  wCBO_expT    3.00000e+01   9.89206e-06  -0.00000e+00   3.01774e+04
  21  wCBO_linCoeff   0.00000e+00   constant   
  22  wCBO_const  -1.99805e-03   1.49249e-03  -0.00000e+00  -3.43464e+02
 EXTERNAL ERROR MATRIX.    NDIM=  25    NPAR=  7    ERR DEF=1
  1.102e-07  1.657e-10 -5.644e-05  1.433e-08 -8.378e-09 -3.121e-09 -4.064e-07 
  1.657e-10  5.561e-13 -1.231e-07  1.360e-11 -1.416e-11 -4.907e-12 -8.506e-10 
 -5.644e-05 -1.231e-07  7.166e-02 -1.065e-05  6.010e-06  2.021e-06  3.505e-04 
  1.433e-08  1.360e-11 -1.065e-05  4.136e-09 -1.225e-09 -4.245e-10 -7.352e-08 
 -8.378e-09 -1.416e-11  6.010e-06 -1.225e-09  7.198e-10  2.601e-10  3.753e-08 
 -3.121e-09 -4.907e-12  2.021e-06 -4.245e-10  2.601e-10  9.785e-11  1.326e-08 
 -4.064e-07 -8.506e-10  3.505e-04 -7.352e-08  3.753e-08  1.326e-08  2.228e-06 
ERR MATRIX NOT POS-DEF
 PARAMETER  CORRELATION COEFFICIENTS  
       NO.  GLOBAL      6      7      8     18     19     20     22
        6  0.99760   1.000  0.669 -0.635  0.671 -0.940 -0.950 -0.820
        7  0.99227   0.669  1.000 -0.617  0.284 -0.708 -0.665 -0.764
        8  0.95612  -0.635 -0.617  1.000 -0.619  0.837  0.763  0.877
       18  0.99232   0.671  0.284 -0.619  1.000 -0.710 -0.667 -0.766
       19  0.99709  -0.940 -0.708  0.837 -0.710  1.000  0.980  0.937
       20  0.99686  -0.950 -0.665  0.763 -0.667  0.980  1.000  0.898
       22  0.99849  -0.820 -0.764  0.877 -0.766  0.937  0.898  1.000
 ERR MATRIX NOT POS-DEF
MINUIT - FIT ONLY 1-CBO
 **********
 **   29 **RES 
 **********
                   PARAMETER   14  ANy2 RESTORED TO VARIABLE.
                   PARAMETER    4  phi RESTORED TO VARIABLE.
                   PARAMETER    3  A0 RESTORED TO VARIABLE.
                   PARAMETER    1  N0 RESTORED TO VARIABLE.
 **********
 **   30 **FIX            0
 **********
 PARAMETER    0  IS UNDEFINED. IGNORED.
 **********
 **   31 **FIX            1
 **********
 **********
 **   32 **FIX            2
 **********
 PARAMETER    2  IS CONSTANT.   IGNORED.
 **********
 **   33 **FIX            3
 **********
 **********
 **   34 **FIX            4
 **********
 **********
 **   35 **FIX            8
 **********
 **********
 **   36 **FIX            9
 **********
 PARAMETER    9  IS CONSTANT.   IGNORED.
 **********
 **   37 **FIX           11
 **********
 PARAMETER   11  IS CONSTANT.   IGNORED.
 **********
 **   38 **FIX           12
 **********
 PARAMETER   12  IS CONSTANT.   IGNORED.
 **********
 **   39 **FIX           13
 **********
 PARAMETER   13  IS CONSTANT.   IGNORED.
 **********
 **   40 **FIX           15
 **********
 PARAMETER   15  IS CONSTANT.   IGNORED.
 **********
 **   41 **FIX           16
 **********
 PARAMETER   16  IS CONSTANT.   IGNORED.
 **********
 **   42 **MIGRAD
 **********
 START MIGRAD MINIMIZATION.  STRATEGY  1.  CONVERGENCE WHEN EDM .LT. 1.00e-04
 FCN=4883.31 FROM MIGRAD    STATUS=INITIATE       16 CALLS         782 TOTAL
                     EDM= unknown      STRATEGY= 1      NO ERROR MATRIX       
  EXT PARAMETER               CURRENT GUESS       STEP         FIRST   
  NO.   NAME      VALUE            ERROR          SIZE      DERIVATIVE 
   1  N0           3.08932e+06     fixed    
   2  tau          6.44002e+01   constant   
   3  A0           3.49371e-01     fixed    
   4  phi          4.13157e+00     fixed    
   5  R           -6.02574e+01   constant   
   6  A_CBO        2.54376e-03   3.32009e-04   0.00000e+00   4.94628e+03
   7  w_CBO        2.32731e+00   7.45732e-07   0.00000e+00  -1.35877e+06
   8  phi_CBO      1.27109e+00     fixed    
   9  ANx2         2.45054e-04   constant   
  10  pNx2         5.52114e+00   constant   
  11  ANy1         0.00000e+00   constant   
  12  pNy1         0.00000e+00   constant   
  13  w_y          0.00000e+00   constant   
  14  ANy2         1.46670e-02   1.00000e-04   1.00000e-04   5.70832e+05
  15  pNy2         3.05066e+00   constant   
  16  w_vw         1.43134e+01   constant   
  17  LM          -3.45580e-05   constant   
  18  wCBO_expCoeff   2.00000e+02   6.43141e-05   0.00000e+00  -1.58122e+04
  19  wCBO_expOffset   2.00000e+02   2.68299e-05  -0.00000e+00   2.38962e+05
  20  wCBO_expT    3.00000e+01   9.89206e-06  -0.00000e+00   3.01774e+04
  21  wCBO_linCoeff   0.00000e+00   constant   
  22  wCBO_const  -1.99805e-03   1.49249e-03  -0.00000e+00  -3.43465e+02
 MIGRAD FAILS TO FIND IMPROVEMENT
 FCN=907.347 FROM HESSE     STATUS=NOT POSDEF     54 CALLS        1492 TOTAL
                     EDM=3.68443    STRATEGY= 1      ERR MATRIX NOT POS-DEF
  EXT PARAMETER                APPROXIMATE        STEP         FIRST   
  NO.   NAME      VALUE            ERROR          SIZE      DERIVATIVE 
   1  N0           3.08932e+06     fixed    
   2  tau          6.44002e+01   constant   
   3  A0           3.49371e-01     fixed    
   4  phi          4.13157e+00     fixed    
   5  R           -6.02574e+01   constant   
   6  A_CBO        1.75954e-03   1.62406e-03   3.23665e-06   8.38291e+02
   7  w_CBO        2.32731e+00   1.58643e-06   1.10975e-06  -1.26292e+06
   8  phi_CBO      1.27109e+00     fixed    
   9  ANx2         2.45054e-04   constant   
  10  pNx2         5.52114e+00   constant   
  11  ANy1         0.00000e+00   constant   
  12  pNy1         0.00000e+00   constant   
  13  w_y          0.00000e+00   constant   
  14  ANy2         7.51073e-04   2.04245e-04   3.22270e-06  -6.98913e+02
  15  pNy2         3.05066e+00   constant   
  16  w_vw         1.43134e+01   constant   
  17  LM          -3.45580e-05   constant   
  18  wCBO_expCoeff   2.00000e+02   1.36304e-04   9.53672e-05  -1.46887e+04
  19  wCBO_expOffset   2.00000e+02   5.73206e-05   9.53674e-05  -9.71349e+04
  20  wCBO_expT    3.00000e+01   2.22540e-05   1.43051e-05   2.53192e+05
  21  wCBO_linCoeff   0.00000e+00   constant   
  22  wCBO_const   4.59482e-03   9.18384e-04   5.00389e-06  -1.52111e+03
 CALL LIMIT EXCEEDED IN MIGRAD.
 MIGRAD TERMINATED WITHOUT CONVERGENCE.
 FCN=892.643 FROM MIGRAD    STATUS=CALL LIMIT   1154 CALLS        1920 TOTAL
                     EDM=12.1282    STRATEGY= 1      ERR MATRIX NOT POS-DEF
  EXT PARAMETER                APPROXIMATE        STEP         FIRST   
  NO.   NAME      VALUE            ERROR          SIZE      DERIVATIVE 
   1  N0           3.08932e+06     fixed    
   2  tau          6.44002e+01   constant   
   3  A0           3.49371e-01     fixed    
   4  phi          4.13157e+00     fixed    
   5  R           -6.02574e+01   constant   
   6  A_CBO        1.87576e-03   4.41237e-04  -5.59502e-07  -1.89867e+03
   7  w_CBO        2.32730e+00   1.09081e-06  -1.22681e-09   2.21230e+05
   8  phi_CBO      1.27109e+00     fixed    
   9  ANx2         2.45054e-04   constant   
  10  pNx2         5.52114e+00   constant   
  11  ANy1         0.00000e+00   constant   
  12  pNy1         0.00000e+00   constant   
  13  w_y          0.00000e+00   constant   
  14  ANy2         7.97296e-04   2.56456e-04  -2.54575e-07  -4.97877e+01
  15  pNy2         3.05066e+00   constant   
  16  w_vw         1.43134e+01   constant   
  17  LM          -3.45580e-05   constant   
  18  wCBO_expCoeff   1.99998e+02   9.35109e-05  -1.05082e-07   2.57260e+03
  19  wCBO_expOffset   1.99998e+02   1.87811e-04  -2.39542e-07   7.37043e+04
  20  wCBO_expT    2.99993e+01   6.28201e-05  -7.98841e-08  -1.07197e+05
  21  wCBO_linCoeff   0.00000e+00   constant   
  22  wCBO_const   5.01447e-02   4.37508e-03   5.56825e-06  -1.74415e+01
 EXTERNAL ERROR MATRIX.    NDIM=  25    NPAR=  7    ERR DEF=1
  1.947e-07  4.149e-10  7.345e-08  3.553e-08  8.157e-08  2.724e-08 -1.892e-06 
  4.149e-10  1.190e-12  1.900e-10  7.455e-11  1.811e-10  6.100e-11 -4.273e-09 
  7.345e-08  1.900e-10  6.577e-08  1.628e-08  3.661e-08  1.230e-08 -8.520e-07 
  3.553e-08  7.455e-11  1.628e-08  8.744e-09  1.552e-08  5.225e-09 -3.660e-07 
  8.157e-08  1.811e-10  3.661e-08  1.552e-08  3.527e-08  1.179e-08 -8.181e-07 
  2.724e-08  6.100e-11  1.230e-08  5.225e-09  1.179e-08  3.946e-09 -2.733e-07 
 -1.892e-06 -4.273e-09 -8.520e-07 -3.660e-07 -8.181e-07 -2.733e-07  1.914e-05 
ERR MATRIX NOT POS-DEF
 PARAMETER  CORRELATION COEFFICIENTS  
       NO.  GLOBAL      6      7     14     18     19     20     22
        6  0.99796   1.000  0.862  0.649  0.861  0.984  0.983 -0.980
        7  0.97824   0.862  1.000  0.679  0.731  0.884  0.890 -0.895
       14  0.97239   0.649  0.679  1.000  0.679  0.760  0.764 -0.759
       18  0.97811   0.861  0.731  0.679  1.000  0.883  0.889 -0.895
       19  0.99982   0.984  0.884  0.760  0.883  1.000  0.999 -0.996
       20  0.99981   0.983  0.890  0.764  0.889  0.999  1.000 -0.994
       22  0.99903  -0.980 -0.895 -0.759 -0.895 -0.996 -0.994  1.000
 ERR MATRIX NOT POS-DEF
MINUIT - FIT ONLY 2-CBO
 **********
 **   43 **RES 
 **********
                   PARAMETER    8  phi_CBO RESTORED TO VARIABLE.
                   PARAMETER    4  phi RESTORED TO VARIABLE.
                   PARAMETER    3  A0 RESTORED TO VARIABLE.
                   PARAMETER    1  N0 RESTORED TO VARIABLE.
 **********
 **   44 **FIX            0
 **********
 PARAMETER    0  IS UNDEFINED. IGNORED.
 **********
 **   45 **FIX            1
 **********
 **********
 **   46 **FIX            2
 **********
 PARAMETER    2  IS CONSTANT.   IGNORED.
 **********
 **   47 **FIX            3
 **********
 **********
 **   48 **FIX            4
 **********
 **********
 **   49 **FIX            5
 **********
 PARAMETER    5  IS CONSTANT.   IGNORED.
 **********
 **   50 **FIX            6
 **********
 **********
 **   51 **FIX            7
 **********
 **********
 **   52 **FIX           10
 **********
 PARAMETER   10  IS CONSTANT.   IGNORED.
 **********
 **   53 **FIX           11
 **********
 PARAMETER   11  IS CONSTANT.   IGNORED.
 **********
 **   54 **FIX           12
 **********
 PARAMETER   12  IS CONSTANT.   IGNORED.
 **********
 **   55 **FIX           13
 **********
 PARAMETER   13  IS CONSTANT.   IGNORED.
 **********
 **   56 **FIX           14
 **********
 **********
 **   57 **FIX           15
 **********
 PARAMETER   15  IS CONSTANT.   IGNORED.
 **********
 **   58 **FIX           16
 **********
 PARAMETER   16  IS CONSTANT.   IGNORED.
 **********
 **   59 **MIGRAD
 **********
 START MIGRAD MINIMIZATION.  STRATEGY  1.  CONVERGENCE WHEN EDM .LT. 1.00e-04
 FCN=892.643 FROM MIGRAD    STATUS=INITIATE       10 CALLS        1930 TOTAL
                     EDM= unknown      STRATEGY= 1      NO ERROR MATRIX       
  EXT PARAMETER               CURRENT GUESS       STEP         FIRST   
  NO.   NAME      VALUE            ERROR          SIZE      DERIVATIVE 
   1  N0           3.08932e+06     fixed    
   2  tau          6.44002e+01   constant   
   3  A0           3.49371e-01     fixed    
   4  phi          4.13157e+00     fixed    
   5  R           -6.02574e+01   constant   
   6  A_CBO        1.87576e-03     fixed    
   7  w_CBO        2.32730e+00     fixed    
   8  phi_CBO      1.27109e+00   2.67691e-01   2.67691e-01  -8.59251e-01
   9  ANx2         2.45054e-04   constant   
  10  pNx2         5.52114e+00   constant   
  11  ANy1         0.00000e+00   constant   
  12  pNy1         0.00000e+00   constant   
  13  w_y          0.00000e+00   constant   
  14  ANy2         7.97296e-04     fixed    
  15  pNy2         3.05066e+00   constant   
  16  w_vw         1.43134e+01   constant   
  17  LM          -3.45580e-05   constant   
  18  wCBO_expCoeff   1.99998e+02   9.35109e-05  -1.05082e-07   2.57260e+03
  19  wCBO_expOffset   1.99998e+02   1.87811e-04  -2.39542e-07   7.37043e+04
  20  wCBO_expT    2.99993e+01   6.28201e-05  -7.98841e-08  -1.07197e+05
  21  wCBO_linCoeff   0.00000e+00   constant   
  22  wCBO_const   5.01447e-02   4.37508e-03   5.56825e-06  -1.74419e+01
 MIGRAD FAILS TO FIND IMPROVEMENT
 FCN=892.642 FROM HESSE     STATUS=NOT POSDEF     37 CALLS        2114 TOTAL
                     EDM=0.552931    STRATEGY= 1      ERR MATRIX NOT POS-DEF
  EXT PARAMETER                APPROXIMATE        STEP         FIRST   
  NO.   NAME      VALUE            ERROR          SIZE      DERIVATIVE 
   1  N0           3.08932e+06     fixed    
   2  tau          6.44002e+01   constant   
   3  A0           3.49371e-01     fixed    
   4  phi          4.13157e+00     fixed    
   5  R           -6.02574e+01   constant   
   6  A_CBO        1.87576e-03     fixed    
   7  w_CBO        2.32730e+00     fixed    
   8  phi_CBO      1.27135e+00   5.35387e-01   1.67752e-03  -4.39264e-01
   9  ANx2         2.45054e-04   constant   
  10  pNx2         5.52114e+00   constant   
  11  ANy1         0.00000e+00   constant   
  12  pNy1         0.00000e+00   constant   
  13  w_y          0.00000e+00   constant   
  14  ANy2         7.97296e-04     fixed    
  15  pNy2         3.05066e+00   constant   
  16  w_vw         1.43134e+01   constant   
  17  LM          -3.45580e-05   constant   
  18  wCBO_expCoeff   1.99998e+02   3.69285e-04   9.53667e-05  -3.10385e+02
  19  wCBO_expOffset   1.99998e+02   3.63814e-05   9.53664e-05   5.74040e+04
  20  wCBO_expT    2.99993e+01   1.83722e-05   1.43048e-05  -2.19921e+04
  21  wCBO_linCoeff   0.00000e+00   constant   
  22  wCBO_const   5.01449e-02   8.99008e-04   4.66682e-06  -1.80402e+02
 MIGRAD FAILS TO FIND IMPROVEMENT
 MIGRAD TERMINATED WITHOUT CONVERGENCE.
 FCN=892.642 FROM MIGRAD    STATUS=FAILED        205 CALLS        2125 TOTAL
                     EDM=0.552931    STRATEGY= 1      ERR MATRIX NOT POS-DEF
  EXT PARAMETER                APPROXIMATE        STEP         FIRST   
  NO.   NAME      VALUE            ERROR          SIZE      DERIVATIVE 
   1  N0           3.08932e+06     fixed    
   2  tau          6.44002e+01   constant   
   3  A0           3.49371e-01     fixed    
   4  phi          4.13157e+00     fixed    
   5  R           -6.02574e+01   constant   
   6  A_CBO        1.87576e-03     fixed    
   7  w_CBO        2.32730e+00     fixed    
   8  phi_CBO      1.27135e+00   5.35387e-01  -0.00000e+00  -4.39264e-01
   9  ANx2         2.45054e-04   constant   
  10  pNx2         5.52114e+00   constant   
  11  ANy1         0.00000e+00   constant   
  12  pNy1         0.00000e+00   constant   
  13  w_y          0.00000e+00   constant   
  14  ANy2         7.97296e-04     fixed    
  15  pNy2         3.05066e+00   constant   
  16  w_vw         1.43134e+01   constant   
  17  LM          -3.45580e-05   constant   
  18  wCBO_expCoeff   1.99998e+02   3.69285e-04  -0.00000e+00  -3.10385e+02
  19  wCBO_expOffset   1.99998e+02   3.63814e-05  -0.00000e+00   5.74040e+04
  20  wCBO_expT    2.99993e+01   1.83722e-05  -0.00000e+00  -2.19921e+04
  21  wCBO_linCoeff   0.00000e+00   constant   
  22  wCBO_const   5.01449e-02   8.99008e-04   0.00000e+00  -1.80402e+02
 EXTERNAL ERROR MATRIX.    NDIM=  25    NPAR=  5    ERR DEF=1
  2.866e-01  1.861e-04  1.823e-05  9.031e-06 -2.884e-04 
  1.861e-04  1.364e-07  1.310e-08  6.642e-09 -2.558e-07 
  1.823e-05  1.310e-08  1.324e-09  6.546e-10 -2.311e-08 
  9.031e-06  6.642e-09  6.546e-10  3.375e-10 -1.126e-08 
 -2.884e-04 -2.558e-07 -2.311e-08 -1.126e-08  8.082e-07 
ERR MATRIX NOT POS-DEF
 PARAMETER  CORRELATION COEFFICIENTS  
       NO.  GLOBAL      8     18     19     20     22
        8  0.97937   1.000  0.941  0.936  0.918 -0.599
       18  0.99653   0.941  1.000  0.975  0.979 -0.770
       19  0.98629   0.936  0.975  1.000  0.979 -0.707
       20  0.99387   0.918  0.979  0.979  1.000 -0.682
       22  0.94228  -0.599 -0.770 -0.707 -0.682  1.000
 ERR MATRIX NOT POS-DEF
MINUIT - FIT ONLY 1-y
 **********
 **   60 **RES 
 **********
                   PARAMETER   14  ANy2 RESTORED TO VARIABLE.
                   PARAMETER    7  w_CBO RESTORED TO VARIABLE.
                   PARAMETER    6  A_CBO RESTORED TO VARIABLE.
                   PARAMETER    4  phi RESTORED TO VARIABLE.
                   PARAMETER    3  A0 RESTORED TO VARIABLE.
                   PARAMETER    1  N0 RESTORED TO VARIABLE.
 **********
 **   61 **FIX            0
 **********
 PARAMETER    0  IS UNDEFINED. IGNORED.
 **********
 **   62 **FIX            1
 **********
 **********
 **   63 **FIX            2
 **********
 PARAMETER    2  IS CONSTANT.   IGNORED.
 **********
 **   64 **FIX            3
 **********
 **********
 **   65 **FIX            4
 **********
 **********
 **   66 **FIX            5
 **********
 PARAMETER    5  IS CONSTANT.   IGNORED.
 **********
 **   67 **FIX            6
 **********
 **********
 **   68 **FIX            7
 **********
 **********
 **   69 **FIX            8
 **********
 **********
 **   70 **FIX            9
 **********
 PARAMETER    9  IS CONSTANT.   IGNORED.
 **********
 **   71 **FIX           13
 **********
 PARAMETER   13  IS CONSTANT.   IGNORED.
 **********
 **   72 **FIX           14
 **********
 **********
 **   73 **FIX           15
 **********
 PARAMETER   15  IS CONSTANT.   IGNORED.
 **********
 **   74 **FIX           16
 **********
 PARAMETER   16  IS CONSTANT.   IGNORED.
 **********
 **   75 **MIGRAD
 **********
 START MIGRAD MINIMIZATION.  STRATEGY  1.  CONVERGENCE WHEN EDM .LT. 1.00e-04
 FCN=892.642 FROM MIGRAD    STATUS=INITIATE        8 CALLS        2133 TOTAL
                     EDM= unknown      STRATEGY= 1      NO ERROR MATRIX       
  EXT PARAMETER               CURRENT GUESS       STEP         FIRST   
  NO.   NAME      VALUE            ERROR          SIZE      DERIVATIVE 
   1  N0           3.08932e+06     fixed    
   2  tau          6.44002e+01   constant   
   3  A0           3.49371e-01     fixed    
   4  phi          4.13157e+00     fixed    
   5  R           -6.02574e+01   constant   
   6  A_CBO        1.87576e-03     fixed    
   7  w_CBO        2.32730e+00     fixed    
   8  phi_CBO      1.27135e+00     fixed    
   9  ANx2         2.45054e-04   constant   
  10  pNx2         5.52114e+00   constant   
  11  ANy1         0.00000e+00   constant   
  12  pNy1         0.00000e+00   constant   
  13  w_y          0.00000e+00   constant   
  14  ANy2         7.97296e-04     fixed    
  15  pNy2         3.05066e+00   constant   
  16  w_vw         1.43134e+01   constant   
  17  LM          -3.45580e-05   constant   
  18  wCBO_expCoeff   1.99998e+02   3.69285e-04  -0.00000e+00   9.65677e+02
  19  wCBO_expOffset   1.99998e+02   3.63814e-05  -0.00000e+00   7.04805e+04
  20  wCBO_expT    2.99993e+01   1.83722e-05  -0.00000e+00  -8.48264e+04
  21  wCBO_linCoeff   0.00000e+00   constant   
  22  wCBO_const   5.01449e-02   8.99008e-04   0.00000e+00  -1.80401e+02
 MIGRAD FAILS TO FIND IMPROVEMENT
 FCN=892.642 FROM HESSE     STATUS=NOT POSDEF     29 CALLS        2172 TOTAL
                     EDM=0.852655    STRATEGY= 1      ERR MATRIX NOT POS-DEF
  EXT PARAMETER                APPROXIMATE        STEP         FIRST   
  NO.   NAME      VALUE            ERROR          SIZE      DERIVATIVE 
   1  N0           3.08932e+06     fixed    
   2  tau          6.44002e+01   constant   
   3  A0           3.49371e-01     fixed    
   4  phi          4.13157e+00     fixed    
   5  R           -6.02574e+01   constant   
   6  A_CBO        1.87576e-03     fixed    
   7  w_CBO        2.32730e+00     fixed    
   8  phi_CBO      1.27135e+00     fixed    
   9  ANx2         2.45054e-04   constant   
  10  pNx2         5.52114e+00   constant   
  11  ANy1         0.00000e+00   constant   
  12  pNy1         0.00000e+00   constant   
  13  w_y          0.00000e+00   constant   
  14  ANy2         7.97296e-04     fixed    
  15  pNy2         3.05066e+00   constant   
  16  w_vw         1.43134e+01   constant   
  17  LM          -3.45580e-05   constant   
  18  wCBO_expCoeff   1.99998e+02   4.03936e-04   9.53667e-05  -3.10385e+02
  19  wCBO_expOffset   1.99998e+02   3.75948e-05   9.53664e-05   5.74040e+04
  20  wCBO_expT    2.99993e+01   2.24787e-05   1.43048e-05  -2.19921e+04
  21  wCBO_linCoeff   0.00000e+00   constant   
  22  wCBO_const   5.01449e-02   1.75618e-03   4.66684e-06  -1.80405e+02
 MIGRAD FAILS TO FIND IMPROVEMENT
 MIGRAD TERMINATED WITHOUT CONVERGENCE.
 FCN=892.641 FROM MIGRAD    STATUS=FAILED         86 CALLS        2211 TOTAL
                     EDM=0.493842    STRATEGY= 1      ERR MATRIX NOT POS-DEF
  EXT PARAMETER                APPROXIMATE        STEP         FIRST   
  NO.   NAME      VALUE            ERROR          SIZE      DERIVATIVE 
   1  N0           3.08932e+06     fixed    
   2  tau          6.44002e+01   constant   
   3  A0           3.49371e-01     fixed    
   4  phi          4.13157e+00     fixed    
   5  R           -6.02574e+01   constant   
   6  A_CBO        1.87576e-03     fixed    
   7  w_CBO        2.32730e+00     fixed    
   8  phi_CBO      1.27135e+00     fixed    
   9  ANx2         2.45054e-04   constant   
  10  pNx2         5.52114e+00   constant   
  11  ANy1         0.00000e+00   constant   
  12  pNy1         0.00000e+00   constant   
  13  w_y          0.00000e+00   constant   
  14  ANy2         7.97296e-04     fixed    
  15  pNy2         3.05066e+00   constant   
  16  w_vw         1.43134e+01   constant   
  17  LM          -3.45580e-05   constant   
  18  wCBO_expCoeff   1.99998e+02   1.00000e+00   0.00000e+00  -1.17770e+03
  19  wCBO_expOffset   1.99998e+02   1.00000e+00  -0.00000e+00   6.63680e+04
  20  wCBO_expT    2.99993e+01   1.00000e+00   0.00000e+00  -5.49879e+04
  21  wCBO_linCoeff   0.00000e+00   constant   
  22  wCBO_const   5.01591e-02   1.00000e+00   0.00000e+00  -3.96294e+02
 EXTERNAL ERROR MATRIX.    NDIM=  25    NPAR=  4    ERR DEF=1
  1.000e+00 -1.119e-08 -4.655e-09  6.135e-07 
 -1.119e-08  1.000e+00 -4.928e-10  6.804e-08 
 -4.655e-09 -4.928e-10  1.000e+00  2.831e-08 
  6.135e-07  6.804e-08  2.831e-08  1.000e+00 
ERR MATRIX NOT POS-DEF
 PARAMETER  CORRELATION COEFFICIENTS  
       NO.  GLOBAL     18     19     20     22
       18  0.00000   1.000 -0.000 -0.000  0.000
       19  0.00000  -0.000  1.000 -0.000  0.000
       20  0.00000  -0.000 -0.000  1.000  0.000
       22  0.00000   0.000  0.000  0.000  1.000
 ERR MATRIX NOT POS-DEF
MINUIT - FIT ONLY 2-y
 **********
 **   76 **RES 
 **********
                   PARAMETER   14  ANy2 RESTORED TO VARIABLE.
                   PARAMETER    8  phi_CBO RESTORED TO VARIABLE.
                   PARAMETER    7  w_CBO RESTORED TO VARIABLE.
                   PARAMETER    6  A_CBO RESTORED TO VARIABLE.
                   PARAMETER    4  phi RESTORED TO VARIABLE.
                   PARAMETER    3  A0 RESTORED TO VARIABLE.
                   PARAMETER    1  N0 RESTORED TO VARIABLE.
 **********
 **   77 **FIX            0
