 + ++++++++++++++++++++++++++++++++++++++++++++++++++++++++++++++++++++ +
 +                                                                      +
 +           You have chose to blind your fitting according to          +
 +                omega_ref * (1 + (R +/- deltaR) *10^{-6})             +
 +                                                                      +
 + ++++++++++++++++++++++++++++++++++++++++++++++++++++++++++++++++++++ +
In main()...
reading format from /gm2data/zkhechad/run45/envelope/formats/formatB_sBin_constraintOn.txt
pBinTau 	= 0  
pBinPhi 	= 0  
constraintau 	= 1 
includeMopTerm 	= 0    
constrainMop    = 0   
Parameters after format file: pBinTau 0 pBinPhi 0 constraintau 1 includeMopTerm 0 constrainMop 0 c_e_scale 0.000000 
reading cbo reference file (full fit) from /gm2data/zkhechad/cboTemplates/Run4CBOTemplates/fullFits/run4/sBin_constraintOn_cE0.0_seed0_run4_calo18.root
A_CBO 0.008791 w_CBO 2.327338 phi_CBO 0.630678 N0 3499835.498759 R -60.917989 tau 64.411905 
Reading cboRef file /gm2data/zkhechad/cboTemplates/Run4CBOTemplates//cboIsolate/run4_calo18.root
deltaT 164.120000
windowBins = 1100
fitting sliding window 1720 from bin 1923 at 286.911600 to bin 3023 at 451.031600 (1100 bins)

Reading data from /gm2data/cornell/histograms/aMethod/histogram_a_run4.root
fitting cbo isolate
 **********
 **    1 **SET PRINTOUT            1
 **********
 **********
 **    2 **SET NOWARNINGS 
 **********
 PARAMETER DEFINITIONS:
    NO.   NAME         VALUE      STEP SIZE      LIMITS
     1 A_CBO        8.79094e-03  1.00000e-05     no limits
     2 w_CBO        2.32734e+00  1.00000e-02    2.00000e+00  3.00000e+00
     3 phi_CBO      6.30678e-01  1.00000e-02    0.00000e+00  6.28319e+00
 **********
 **    3 **MIGRAD
 **********
 FIRST CALL TO USER FUNCTION AT NEW START POINT, WITH IFLAG=4.
 START MIGRAD MINIMIZATION.  STRATEGY  1.  CONVERGENCE WHEN EDM .LT. 1.00e-04
 FCN=0.0683715 FROM MIGRAD    STATUS=INITIATE       12 CALLS          13 TOTAL
                     EDM= unknown      STRATEGY= 1      NO ERROR MATRIX       
  EXT PARAMETER               CURRENT GUESS       STEP         FIRST   
  NO.   NAME      VALUE            ERROR          SIZE      DERIVATIVE 
   1  A_CBO        8.79094e-03   1.00000e-05   1.00000e-05   6.77038e+00
   2  w_CBO        2.32734e+00   1.00000e-02   2.13132e-02   7.36147e-01
   3  phi_CBO      6.30678e-01   1.00000e-02   5.29649e-03  -8.48035e-03
 MIGRAD MINIMIZATION HAS CONVERGED.
 MIGRAD WILL VERIFY CONVERGENCE AND ERROR MATRIX.
 COVARIANCE MATRIX CALCULATED SUCCESSFULLY
 FCN=0.0473839 FROM MIGRAD    STATUS=CONVERGED      56 CALLS          57 TOTAL
                     EDM=2.45481e-05    STRATEGY= 1      ERROR MATRIX ACCURATE 
  EXT PARAMETER                                   STEP         FIRST   
  NO.   NAME      VALUE            ERROR          SIZE      DERIVATIVE 
   1  A_CBO        2.66474e-03   4.27009e-02   2.13266e-05   5.26232e-04
   2  w_CBO        2.32712e+00   6.58572e-01   4.83470e-05   6.65256e-04
   3  phi_CBO      7.20381e-01   5.81639e+00   4.03642e-03  -8.94214e-05
 EXTERNAL ERROR MATRIX.    NDIM=  25    NPAR=  3    ERR DEF=1
  1.823e-03 -6.680e-04 -2.388e-01 
 -6.680e-04  2.280e-01  8.173e+01 
 -2.388e-01  8.173e+01  2.956e+04 
 PARAMETER  CORRELATION COEFFICIENTS  
       NO.  GLOBAL      1      2      3
        1  0.03278   1.000 -0.033 -0.033
        2  0.99566  -0.033  1.000  0.996
        3  0.99566  -0.033  0.996  1.000
setting A_CBO=0.002665 w_CBO=2.327118, phi_CBO=0.720381
done fitting cbo isolate
 **********
 **    1 **SET PRINTOUT            1
 **********
 **********
 **    2 **SET NOWARNINGS 
 **********
 PARAMETER DEFINITIONS:
    NO.   NAME         VALUE      STEP SIZE      LIMITS
     1 N0           3.49984e+06  1.00000e+02     no limits
     2 tau          6.44119e+01  constant
     3 A0           3.53539e-01  1.00000e-04     no limits
     4 phi          4.12187e+00  1.00000e-02     no limits
     5 R           -6.09180e+01  constant
     6 A_CBO        2.66474e-03  1.00000e-05     no limits
     7 w_CBO        2.32712e+00  1.00000e-03     no limits
     8 phi_CBO      7.20381e-01  1.00000e-04     no limits
     9 ANx2         2.22853e-04  constant
    10 pNx2         5.08518e+00  constant
    11 ANy1         0.00000e+00  constant
    12 pNy1         0.00000e+00  constant
    13 w_y          0.00000e+00  constant
    14 ANy2         9.04789e-03  1.00000e-04     no limits
    15 pNy2         3.29982e+00  constant
    16 w_vw         1.43191e+01  constant
    17 LM           2.21951e-04  constant
    18 wCBO_expCoeff   2.00000e+02  1.00000e+00     no limits
    19 wCBO_expOffset   2.00000e+02  1.00000e+00     no limits
    20 wCBO_expT    3.00000e+01  1.00000e+00     no limits
    21 wCBO_linCoeff   0.00000e+00  constant
    22 wCBO_const   0.00000e+00  1.00000e-02     no limits
MINUIT - FIT ONLY WIGGLE
 **********
 **    3 **FIX            5
 **********
 PARAMETER    5  IS CONSTANT.   IGNORED.
 **********
 **    4 **FIX            6
 **********
 **********
 **    5 **FIX            7
 **********
 **********
 **    6 **FIX            8
 **********
 **********
 **    7 **FIX            9
 **********
 PARAMETER    9  IS CONSTANT.   IGNORED.
 **********
 **    8 **FIX           10
 **********
 PARAMETER   10  IS CONSTANT.   IGNORED.
 **********
 **    9 **FIX           11
 **********
 PARAMETER   11  IS CONSTANT.   IGNORED.
 **********
 **   10 **FIX           12
 **********
 PARAMETER   12  IS CONSTANT.   IGNORED.
 **********
 **   11 **FIX           13
 **********
 PARAMETER   13  IS CONSTANT.   IGNORED.
 **********
 **   12 **FIX           14
 **********
 **********
 **   13 **FIX           15
 **********
 PARAMETER   15  IS CONSTANT.   IGNORED.
 **********
 **   14 **FIX           16
 **********
 PARAMETER   16  IS CONSTANT.   IGNORED.
 **********
 **   15 **MIGRAD
 **********
 FIRST CALL TO USER FUNCTION AT NEW START POINT, WITH IFLAG=4.
 START MIGRAD MINIMIZATION.  STRATEGY  1.  CONVERGENCE WHEN EDM .LT. 1.00e-04
 FCN=842.589 FROM MIGRAD    STATUS=INITIATE       58 CALLS          59 TOTAL
                     EDM= unknown      STRATEGY= 1      NO ERROR MATRIX       
  EXT PARAMETER               CURRENT GUESS       STEP         FIRST   
  NO.   NAME      VALUE            ERROR          SIZE      DERIVATIVE 
   1  N0           3.49984e+06   1.00000e+02   0.00000e+00   7.28143e-04
   2  tau          6.44119e+01   constant   
   3  A0           3.53539e-01   1.00000e-04   0.00000e+00  -1.86864e+03
   4  phi          4.12187e+00   1.00000e-02   0.00000e+00   4.32813e+02
   5  R           -6.09180e+01   constant   
   6  A_CBO        2.66474e-03     fixed    
   7  w_CBO        2.32712e+00     fixed    
   8  phi_CBO      7.20381e-01     fixed    
   9  ANx2         2.22853e-04   constant   
  10  pNx2         5.08518e+00   constant   
  11  ANy1         0.00000e+00   constant   
  12  pNy1         0.00000e+00   constant   
  13  w_y          0.00000e+00   constant   
  14  ANy2         9.04789e-03     fixed    
  15  pNy2         3.29982e+00   constant   
  16  w_vw         1.43191e+01   constant   
  17  LM           2.21951e-04   constant   
  18  wCBO_expCoeff   1.99946e+02   1.00000e+00  -5.39134e-02   5.55526e+00
  19  wCBO_expOffset   2.00000e+02   1.00000e+00   0.00000e+00   3.70585e+01
  20  wCBO_expT    3.00000e+01   1.00000e+00   0.00000e+00   4.89965e+02
  21  wCBO_linCoeff   0.00000e+00   constant   
  22  wCBO_const   0.00000e+00   1.00000e-02   0.00000e+00   4.40207e+03
 MIGRAD MINIMIZATION HAS CONVERGED.
 MIGRAD WILL VERIFY CONVERGENCE AND ERROR MATRIX.
 COVARIANCE MATRIX CALCULATED SUCCESSFULLY
 FCN=830.754 FROM MIGRAD    STATUS=CONVERGED     264 CALLS         265 TOTAL
                     EDM=2.62482e-08    STRATEGY= 1      ERROR MATRIX ACCURATE 
  EXT PARAMETER                                   STEP         FIRST   
  NO.   NAME      VALUE            ERROR          SIZE      DERIVATIVE 
   1  N0           3.49955e+06   1.03139e+03   1.42478e+01   5.52265e-08
   2  tau          6.44119e+01   constant   
   3  A0           3.53562e-01   3.92076e-04   5.51951e-06  -2.38254e-01
   4  phi          4.12169e+00   1.15845e-03   1.62012e-05   2.07009e-02
   5  R           -6.09180e+01   constant   
   6  A_CBO        2.66474e-03     fixed    
   7  w_CBO        2.32712e+00     fixed    
   8  phi_CBO      7.20381e-01     fixed    
   9  ANx2         2.22853e-04   constant   
  10  pNx2         5.08518e+00   constant   
  11  ANy1         0.00000e+00   constant   
  12  pNy1         0.00000e+00   constant   
  13  w_y          0.00000e+00   constant   
  14  ANy2         9.04789e-03     fixed    
  15  pNy2         3.29982e+00   constant   
  16  w_vw         1.43191e+01   constant   
  17  LM           2.21951e-04   constant   
  18  wCBO_expCoeff   1.99898e+02   1.88305e-01   1.52073e-04  -1.32494e-02
  19  wCBO_expOffset   1.99993e+02   2.52073e-02   9.53640e-05  -8.84264e-02
  20  wCBO_expT    3.00084e+01   5.51614e-03   1.43091e-05  -3.14310e-01
  21  wCBO_linCoeff   0.00000e+00   constant   
  22  wCBO_const  -3.22003e-03   6.53217e-04   4.38388e-06  -5.74707e-01
 EXTERNAL ERROR MATRIX.    NDIM=  25    NPAR=  7    ERR DEF=1
  1.064e+06  9.245e-03 -1.661e-02 -1.248e+00 -1.031e-01  3.099e-02  1.971e-02 
  9.245e-03  1.537e-07 -1.764e-09  1.961e-07  1.218e-08 -1.538e-08  2.407e-09 
 -1.661e-02 -1.764e-09  1.342e-06 -1.052e-05 -4.433e-07  6.930e-07 -6.364e-08 
 -1.248e+00  1.961e-07 -1.052e-05  3.546e-02 -3.927e-03 -4.780e-04  3.340e-05 
 -1.031e-01  1.218e-08 -4.433e-07 -3.927e-03  6.354e-04 -1.530e-05  1.043e-06 
  3.099e-02 -1.538e-08  6.930e-07 -4.780e-04 -1.530e-05  3.043e-05 -2.439e-06 
  1.971e-02  2.407e-09 -6.364e-08  3.340e-05  1.043e-06 -2.439e-06  4.267e-07 
 PARAMETER  CORRELATION COEFFICIENTS  
       NO.  GLOBAL      1      3      4     18     19     20     22
        1  0.08605   1.000  0.023 -0.014 -0.006 -0.004  0.005  0.029
        3  0.02520   0.023  1.000 -0.004  0.003  0.001 -0.007  0.009
        4  0.11706  -0.014 -0.004  1.000 -0.048 -0.015  0.108 -0.084
       18  0.99835  -0.006  0.003 -0.048  1.000 -0.827 -0.460  0.272
       19  0.99793  -0.004  0.001 -0.015 -0.827  1.000 -0.110  0.063
       20  0.99578   0.005 -0.007  0.108 -0.460 -0.110  1.000 -0.677
       22  0.87914   0.029  0.009 -0.084  0.272  0.063 -0.677  1.000
MINUIT - FIT ONLY 1-CBO + other amplitudes 
 **********
 **   16 **RES 
 **********
                   PARAMETER   14  ANy2 RESTORED TO VARIABLE.
                   PARAMETER    8  phi_CBO RESTORED TO VARIABLE.
                   PARAMETER    7  w_CBO RESTORED TO VARIABLE.
                   PARAMETER    6  A_CBO RESTORED TO VARIABLE.
 **********
 **   17 **FIX            0
 **********
 PARAMETER    0  IS UNDEFINED. IGNORED.
 **********
 **   18 **FIX            1
 **********
 **********
 **   19 **FIX            2
 **********
 PARAMETER    2  IS CONSTANT.   IGNORED.
 **********
 **   20 **FIX            3
 **********
 **********
 **   21 **FIX            4
 **********
 **********
 **   22 **FIX            9
 **********
 PARAMETER    9  IS CONSTANT.   IGNORED.
 **********
 **   23 **FIX           11
 **********
 PARAMETER   11  IS CONSTANT.   IGNORED.
 **********
 **   24 **FIX           12
 **********
 PARAMETER   12  IS CONSTANT.   IGNORED.
 **********
 **   25 **FIX           14
 **********
 **********
 **   26 **FIX           15
 **********
 PARAMETER   15  IS CONSTANT.   IGNORED.
 **********
 **   27 **FIX           16
 **********
 PARAMETER   16  IS CONSTANT.   IGNORED.
 **********
 **   28 **MIGRAD
 **********
 START MIGRAD MINIMIZATION.  STRATEGY  1.  CONVERGENCE WHEN EDM .LT. 1.00e-04
 FCN=830.754 FROM MIGRAD    STATUS=INITIATE       20 CALLS         285 TOTAL
                     EDM= unknown      STRATEGY= 1      NO ERROR MATRIX       
  EXT PARAMETER               CURRENT GUESS       STEP         FIRST   
  NO.   NAME      VALUE            ERROR          SIZE      DERIVATIVE 
   1  N0           3.49955e+06     fixed    
   2  tau          6.44119e+01   constant   
   3  A0           3.53562e-01     fixed    
   4  phi          4.12169e+00     fixed    
   5  R           -6.09180e+01   constant   
   6  A_CBO        2.66474e-03   1.00000e-05   1.00000e-05   2.01478e+04
   7  w_CBO        2.32712e+00   1.00000e-03   1.00000e-03  -1.41317e+00
   8  phi_CBO      7.20381e-01   1.00000e-04   1.00000e-04   1.06027e+00
   9  ANx2         2.22853e-04   constant   
  10  pNx2         5.08518e+00   constant   
  11  ANy1         0.00000e+00   constant   
  12  pNy1         0.00000e+00   constant   
  13  w_y          0.00000e+00   constant   
  14  ANy2         9.04789e-03     fixed    
  15  pNy2         3.29982e+00   constant   
  16  w_vw         1.43191e+01   constant   
  17  LM           2.21951e-04   constant   
  18  wCBO_expCoeff   1.99898e+02   1.88305e-01   1.52073e-04  -1.35458e-02
  19  wCBO_expOffset   1.99993e+02   2.52073e-02   9.53640e-05  -1.26131e-01
  20  wCBO_expT    3.00084e+01   5.51614e-03   1.43091e-05  -3.43103e-01
  21  wCBO_linCoeff   0.00000e+00   constant   
  22  wCBO_const  -3.22003e-03   6.53217e-04   4.38388e-06  -5.84825e-01
 MIGRAD MINIMIZATION HAS CONVERGED.
 FCN=812.453 FROM MIGRAD    STATUS=CONVERGED     193 CALLS         458 TOTAL
                     EDM=8.65428e-08    STRATEGY= 1  ERROR MATRIX UNCERTAINTY   3.7 per cent
  EXT PARAMETER                                   STEP         FIRST   
  NO.   NAME      VALUE            ERROR          SIZE      DERIVATIVE 
   1  N0           3.49955e+06     fixed    
   2  tau          6.44119e+01   constant   
   3  A0           3.53562e-01     fixed    
   4  phi          4.12169e+00     fixed    
   5  R           -6.09180e+01   constant   
   6  A_CBO        8.60544e-04   4.33009e-04  -3.59163e-07   9.30332e-01
   7  w_CBO        2.32694e+00   8.79460e-04  -2.53321e-06  -7.19695e-01
   8  phi_CBO      4.37899e-01   9.53071e-01   1.24797e-03  -1.35128e-05
   9  ANx2         2.22853e-04   constant   
  10  pNx2         5.08518e+00   constant   
  11  ANy1         0.00000e+00   constant   
  12  pNy1         0.00000e+00   constant   
  13  w_y          0.00000e+00   constant   
  14  ANy2         9.04789e-03     fixed    
  15  pNy2         3.29982e+00   constant   
  16  w_vw         1.43191e+01   constant   
  17  LM           2.21951e-04   constant   
  18  wCBO_expCoeff   1.99880e+02   9.50632e-02  -2.72513e-04  -8.83327e-03
  19  wCBO_expOffset   1.99990e+02   1.42302e-02  -4.07898e-05  -6.30656e-02
  20  wCBO_expT    3.00110e+01   1.41447e-02   4.12463e-05  -1.42977e-01
  21  wCBO_linCoeff   0.00000e+00   constant   
  22  wCBO_const  -3.59177e-03   1.14190e-03  -1.49196e-06   8.70230e-02
 EXTERNAL ERROR MATRIX.    NDIM=  25    NPAR=  7    ERR DEF=1
  1.875e-07  7.720e-08 -3.576e-05  8.348e-06  1.250e-06 -1.247e-06  3.823e-08 
  7.720e-08  7.735e-07 -3.685e-04  8.224e-05  1.231e-05 -1.233e-05  3.906e-07 
 -3.576e-05 -3.685e-04  9.083e-01 -4.303e-02 -6.443e-03  6.458e-03  3.480e-04 
  8.348e-06  8.224e-05 -4.303e-02  9.037e-03  1.335e-03 -1.331e-03  3.616e-05 
  1.250e-06  1.231e-05 -6.443e-03  1.335e-03  2.025e-04 -1.993e-04  5.409e-06 
 -1.247e-06 -1.233e-05  6.458e-03 -1.331e-03 -1.993e-04  2.001e-04 -6.452e-06 
  3.823e-08  3.906e-07  3.480e-04  3.616e-05  5.409e-06 -6.452e-06  1.304e-06 
 PARAMETER  CORRELATION COEFFICIENTS  
       NO.  GLOBAL      6      7      8     18     19     20     22
        6  0.20453   1.000  0.203 -0.087  0.203  0.203 -0.204  0.077
        7  0.99305   0.203  1.000 -0.440  0.984  0.984 -0.991  0.389
        8  0.87012  -0.087 -0.440  1.000 -0.475 -0.475  0.479  0.320
       18  0.99399   0.203  0.984 -0.475  1.000  0.987 -0.990  0.333
       19  0.99396   0.203  0.984 -0.475  0.987  1.000 -0.990  0.333
       20  0.99848  -0.204 -0.991  0.479 -0.990 -0.990  1.000 -0.399
       22  0.89958   0.077  0.389  0.320  0.333  0.333 -0.399  1.000
MINUIT - FIT ONLY 1-CBO
 **********
 **   29 **RES 
 **********
                   PARAMETER   14  ANy2 RESTORED TO VARIABLE.
                   PARAMETER    4  phi RESTORED TO VARIABLE.
                   PARAMETER    3  A0 RESTORED TO VARIABLE.
                   PARAMETER    1  N0 RESTORED TO VARIABLE.
 **********
 **   30 **FIX            0
 **********
 PARAMETER    0  IS UNDEFINED. IGNORED.
 **********
 **   31 **FIX            1
 **********
 **********
 **   32 **FIX            2
 **********
 PARAMETER    2  IS CONSTANT.   IGNORED.
 **********
 **   33 **FIX            3
 **********
 **********
 **   34 **FIX            4
 **********
 **********
 **   35 **FIX            8
 **********
 **********
 **   36 **FIX            9
 **********
 PARAMETER    9  IS CONSTANT.   IGNORED.
 **********
 **   37 **FIX           11
 **********
 PARAMETER   11  IS CONSTANT.   IGNORED.
 **********
 **   38 **FIX           12
 **********
 PARAMETER   12  IS CONSTANT.   IGNORED.
 **********
 **   39 **FIX           13
 **********
 PARAMETER   13  IS CONSTANT.   IGNORED.
 **********
 **   40 **FIX           15
 **********
 PARAMETER   15  IS CONSTANT.   IGNORED.
 **********
 **   41 **FIX           16
 **********
 PARAMETER   16  IS CONSTANT.   IGNORED.
 **********
 **   42 **MIGRAD
 **********
 START MIGRAD MINIMIZATION.  STRATEGY  1.  CONVERGENCE WHEN EDM .LT. 1.00e-04
 FCN=812.453 FROM MIGRAD    STATUS=INITIATE       16 CALLS         474 TOTAL
                     EDM= unknown      STRATEGY= 1      NO ERROR MATRIX       
  EXT PARAMETER               CURRENT GUESS       STEP         FIRST   
  NO.   NAME      VALUE            ERROR          SIZE      DERIVATIVE 
   1  N0           3.49955e+06     fixed    
   2  tau          6.44119e+01   constant   
   3  A0           3.53562e-01     fixed    
   4  phi          4.12169e+00     fixed    
   5  R           -6.09180e+01   constant   
   6  A_CBO        8.60544e-04   4.33009e-04  -3.59163e-07   9.30332e-01
   7  w_CBO        2.32694e+00   8.79460e-04  -2.53321e-06  -7.19695e-01
   8  phi_CBO      4.37899e-01     fixed    
   9  ANx2         2.22853e-04   constant   
  10  pNx2         5.08518e+00   constant   
  11  ANy1         0.00000e+00   constant   
  12  pNy1         0.00000e+00   constant   
  13  w_y          0.00000e+00   constant   
  14  ANy2         9.04789e-03   1.00000e-04   1.00000e-04   1.04024e+05
  15  pNy2         3.29982e+00   constant   
  16  w_vw         1.43191e+01   constant   
  17  LM           2.21951e-04   constant   
  18  wCBO_expCoeff   1.99880e+02   9.50632e-02  -2.72513e-04  -8.83328e-03
  19  wCBO_expOffset   1.99990e+02   1.42302e-02  -4.07898e-05  -6.30656e-02
  20  wCBO_expT    3.00110e+01   1.41447e-02   4.12463e-05  -1.42977e-01
  21  wCBO_linCoeff   0.00000e+00   constant   
  22  wCBO_const  -3.59177e-03   1.14190e-03  -1.49196e-06   8.70233e-02
 MIGRAD MINIMIZATION HAS CONVERGED.
 MIGRAD WILL VERIFY CONVERGENCE AND ERROR MATRIX.
 FCN=344.691 FROM HESSE     STATUS=NOT POSDEF     52 CALLS         620 TOTAL
                     EDM=9.47208e-05    STRATEGY= 1      ERR MATRIX NOT POS-DEF
  EXT PARAMETER                APPROXIMATE        STEP         FIRST   
  NO.   NAME      VALUE            ERROR          SIZE      DERIVATIVE 
   1  N0           3.49955e+06     fixed    
   2  tau          6.44119e+01   constant   
   3  A0           3.53562e-01     fixed    
   4  phi          4.12169e+00     fixed    
   5  R           -6.09180e+01   constant   
   6  A_CBO        4.78238e-04   4.24833e-04   3.80617e-06   3.42468e+00
   7  w_CBO        2.32690e+00   2.00429e-03   1.78071e-06  -1.25450e+00
   8  phi_CBO      4.37899e-01     fixed    
   9  ANx2         2.22853e-04   constant   
  10  pNx2         5.08518e+00   constant   
  11  ANy1         0.00000e+00   constant   
  12  pNy1         0.00000e+00   constant   
  13  w_y          0.00000e+00   constant   
  14  ANy2         5.62992e-05   4.13703e-04   3.76947e-06  -4.13558e-02
  15  pNy2         3.29982e+00   constant   
  16  w_vw         1.43191e+01   constant   
  17  LM           2.21951e-04   constant   
  18  wCBO_expCoeff   1.99874e+02   1.91962e-01   1.72766e-04  -1.74371e-02
  19  wCBO_expOffset   1.99989e+02   3.46092e-02   9.53623e-05  -1.16021e-01
  20  wCBO_expT    3.00108e+01   7.47972e-03   1.43102e-05   2.30980e+00
  21  wCBO_linCoeff   0.00000e+00   constant   
  22  wCBO_const  -3.18358e-03   1.47787e-03   5.71412e-06   5.66625e-01
 MIGRAD MINIMIZATION HAS CONVERGED.
 MIGRAD WILL VERIFY CONVERGENCE AND ERROR MATRIX.
 FCN=344.691 FROM MIGRAD    STATUS=CONVERGED     230 CALLS         688 TOTAL
                     EDM=3.72124e-06    STRATEGY= 1      ERR MATRIX NOT POS-DEF
  EXT PARAMETER                APPROXIMATE        STEP         FIRST   
  NO.   NAME      VALUE            ERROR          SIZE      DERIVATIVE 
   1  N0           3.49955e+06     fixed    
   2  tau          6.44119e+01   constant   
   3  A0           3.53562e-01     fixed    
   4  phi          4.12169e+00     fixed    
   5  R           -6.09180e+01   constant   
   6  A_CBO        4.78283e-04   4.24830e-04   3.80536e-06  -6.10561e+00
   7  w_CBO        2.32691e+00   2.00930e-03   1.78023e-06  -2.95288e+00
   8  phi_CBO      4.37899e-01     fixed    
   9  ANx2         2.22853e-04   constant   
  10  pNx2         5.08518e+00   constant   
  11  ANy1         0.00000e+00   constant   
  12  pNy1         0.00000e+00   constant   
  13  w_y          0.00000e+00   constant   
  14  ANy2         5.63254e-05   4.13723e-04   3.76947e-06   4.60070e-02
  15  pNy2         3.29982e+00   constant   
  16  w_vw         1.43191e+01   constant   
  17  LM           2.21951e-04   constant   
  18  wCBO_expCoeff   1.99875e+02   1.92255e-01   1.72726e-04  -2.70833e-02
  19  wCBO_expOffset   1.99990e+02   3.45551e-02   9.53624e-05  -1.80269e-01
  20  wCBO_expT    3.00106e+01   7.49273e-03   1.43102e-05  -6.08713e-01
  21  wCBO_linCoeff   0.00000e+00   constant   
  22  wCBO_const  -3.17541e-03   1.48038e-03   5.71310e-06  -1.46374e+00
 EXTERNAL ERROR MATRIX.    NDIM=  25    NPAR=  7    ERR DEF=1
  1.805e-07  2.287e-08  6.250e-09  2.435e-06 -1.414e-07 -2.505e-07  1.014e-08 
  2.287e-08  4.037e-06  1.400e-09 -8.759e-05 -3.091e-05 -2.658e-06 -1.573e-06 
  6.250e-09  1.400e-09  1.712e-07  2.039e-07  3.189e-08 -8.613e-09 -9.871e-09 
  2.435e-06 -8.759e-05  2.039e-07  3.696e-02 -3.542e-03 -2.817e-04  4.700e-05 
 -1.414e-07 -3.091e-05  3.189e-08 -3.542e-03  1.194e-03 -8.616e-05  1.654e-05 
 -2.505e-07 -2.658e-06 -8.613e-09 -2.817e-04 -8.616e-05  5.614e-05 -2.883e-06 
  1.014e-08 -1.573e-06 -9.871e-09  4.700e-05  1.654e-05 -2.883e-06  2.192e-06 
ERR MATRIX NOT POS-DEF
 PARAMETER  CORRELATION COEFFICIENTS  
       NO.  GLOBAL      6      7     14     18     19     20     22
        6  0.18767   1.000  0.027  0.036  0.030 -0.010 -0.079  0.016
        7  0.99528   0.027  1.000  0.002 -0.227 -0.445 -0.177 -0.529
       14  0.04651   0.036  0.002  1.000  0.003  0.002 -0.003 -0.016
       18  0.99515   0.030 -0.227  0.003  1.000 -0.533 -0.196  0.165
       19  0.99662  -0.010 -0.445  0.002 -0.533  1.000 -0.333  0.323
       20  0.99295  -0.079 -0.177 -0.003 -0.196 -0.333  1.000 -0.260
       22  0.90600   0.016 -0.529 -0.016  0.165  0.323 -0.260  1.000
 ERR MATRIX NOT POS-DEF
MINUIT - FIT ONLY 2-CBO
 **********
 **   43 **RES 
 **********
                   PARAMETER    8  phi_CBO RESTORED TO VARIABLE.
                   PARAMETER    4  phi RESTORED TO VARIABLE.
                   PARAMETER    3  A0 RESTORED TO VARIABLE.
                   PARAMETER    1  N0 RESTORED TO VARIABLE.
 **********
 **   44 **FIX            0
 **********
 PARAMETER    0  IS UNDEFINED. IGNORED.
 **********
 **   45 **FIX            1
 **********
 **********
 **   46 **FIX            2
 **********
 PARAMETER    2  IS CONSTANT.   IGNORED.
 **********
 **   47 **FIX            3
 **********
 **********
 **   48 **FIX            4
 **********
 **********
 **   49 **FIX            5
 **********
 PARAMETER    5  IS CONSTANT.   IGNORED.
 **********
 **   50 **FIX            6
 **********
 **********
 **   51 **FIX            7
 **********
 **********
 **   52 **FIX           10
 **********
 PARAMETER   10  IS CONSTANT.   IGNORED.
 **********
 **   53 **FIX           11
 **********
 PARAMETER   11  IS CONSTANT.   IGNORED.
 **********
 **   54 **FIX           12
 **********
 PARAMETER   12  IS CONSTANT.   IGNORED.
 **********
 **   55 **FIX           13
 **********
 PARAMETER   13  IS CONSTANT.   IGNORED.
 **********
 **   56 **FIX           14
 **********
 **********
 **   57 **FIX           15
 **********
 PARAMETER   15  IS CONSTANT.   IGNORED.
 **********
 **   58 **FIX           16
 **********
 PARAMETER   16  IS CONSTANT.   IGNORED.
 **********
 **   59 **MIGRAD
 **********
 START MIGRAD MINIMIZATION.  STRATEGY  1.  CONVERGENCE WHEN EDM .LT. 1.00e-04
 FCN=344.691 FROM MIGRAD    STATUS=INITIATE       12 CALLS         700 TOTAL
                     EDM= unknown      STRATEGY= 1      NO ERROR MATRIX       
  EXT PARAMETER               CURRENT GUESS       STEP         FIRST   
  NO.   NAME      VALUE            ERROR          SIZE      DERIVATIVE 
   1  N0           3.49955e+06     fixed    
   2  tau          6.44119e+01   constant   
   3  A0           3.53562e-01     fixed    
   4  phi          4.12169e+00     fixed    
   5  R           -6.09180e+01   constant   
   6  A_CBO        4.78283e-04     fixed    
   7  w_CBO        2.32691e+00     fixed    
   8  phi_CBO      4.37899e-01   9.53071e-01   9.53071e-01  -5.82467e-01
   9  ANx2         2.22853e-04   constant   
  10  pNx2         5.08518e+00   constant   
  11  ANy1         0.00000e+00   constant   
  12  pNy1         0.00000e+00   constant   
  13  w_y          0.00000e+00   constant   
  14  ANy2         5.63254e-05     fixed    
  15  pNy2         3.29982e+00   constant   
  16  w_vw         1.43191e+01   constant   
  17  LM           2.21951e-04   constant   
  18  wCBO_expCoeff   1.99875e+02   1.92255e-01   1.72726e-04  -2.68288e-02
  19  wCBO_expOffset   1.99990e+02   3.45551e-02   9.53624e-05  -1.55600e-01
  20  wCBO_expT    3.00106e+01   7.49273e-03   1.43102e-05  -5.98298e-01
  21  wCBO_linCoeff   0.00000e+00   constant   
  22  wCBO_const  -3.17541e-03   1.48038e-03   5.71310e-06  -1.46273e+00
 MIGRAD MINIMIZATION HAS CONVERGED.
 MIGRAD WILL VERIFY CONVERGENCE AND ERROR MATRIX.
 FCN=344.596 FROM MIGRAD    STATUS=CONVERGED     121 CALLS         809 TOTAL
                     EDM=3.32742e-07    STRATEGY= 1      ERR MATRIX NOT POS-DEF
  EXT PARAMETER                APPROXIMATE        STEP         FIRST   
  NO.   NAME      VALUE            ERROR          SIZE      DERIVATIVE 
   1  N0           3.49955e+06     fixed    
   2  tau          6.44119e+01   constant   
   3  A0           3.53562e-01     fixed    
   4  phi          4.12169e+00     fixed    
   5  R           -6.09180e+01   constant   
   6  A_CBO        4.78283e-04     fixed    
   7  w_CBO        2.32691e+00     fixed    
   8  phi_CBO      7.63038e-01   1.04071e+00   7.64436e-03   6.26332e-04
   9  ANx2         2.22853e-04   constant   
  10  pNx2         5.08518e+00   constant   
  11  ANy1         0.00000e+00   constant   
  12  pNy1         0.00000e+00   constant   
  13  w_y          0.00000e+00   constant   
  14  ANy2         5.63254e-05     fixed    
  15  pNy2         3.29982e+00   constant   
  16  w_vw         1.43191e+01   constant   
  17  LM           2.21951e-04   constant   
  18  wCBO_expCoeff   1.99880e+02   2.13905e-01   1.68927e-04   1.21295e-02
  19  wCBO_expOffset   1.99990e+02   3.35086e-02   9.53628e-05   8.08392e-02
  20  wCBO_expT    3.00100e+01   7.95600e-03   1.43099e-05   2.65713e-01
  21  wCBO_linCoeff   0.00000e+00   constant   
  22  wCBO_const  -2.98239e-03   1.48070e-03   5.69435e-06   3.14296e-01
 EXTERNAL ERROR MATRIX.    NDIM=  25    NPAR=  5    ERR DEF=1
  1.083e+00  6.706e-03  9.134e-04 -7.856e-04  5.984e-04 
  6.706e-03  4.576e-02 -5.365e-03 -4.973e-04  2.896e-05 
  9.134e-04 -5.365e-03  1.123e-03 -1.059e-04  6.335e-06 
 -7.856e-04 -4.973e-04 -1.059e-04  6.330e-05 -5.692e-06 
  5.984e-04  2.896e-05  6.335e-06 -5.692e-06  2.192e-06 
ERR MATRIX NOT POS-DEF
 PARAMETER  CORRELATION COEFFICIENTS  
       NO.  GLOBAL      8     18     19     20     22
        8  0.59090   1.000  0.030  0.026 -0.095  0.388
       18  0.99624   0.030  1.000 -0.748 -0.292  0.091
       19  0.99654   0.026 -0.748  1.000 -0.397  0.128
       20  0.99399  -0.095 -0.292 -0.397  1.000 -0.483
       22  0.90655   0.388  0.091  0.128 -0.483  1.000
 ERR MATRIX NOT POS-DEF
MINUIT - FIT ONLY 1-y
 **********
 **   60 **RES 
 **********
                   PARAMETER   14  ANy2 RESTORED TO VARIABLE.
                   PARAMETER    7  w_CBO RESTORED TO VARIABLE.
                   PARAMETER    6  A_CBO RESTORED TO VARIABLE.
                   PARAMETER    4  phi RESTORED TO VARIABLE.
                   PARAMETER    3  A0 RESTORED TO VARIABLE.
                   PARAMETER    1  N0 RESTORED TO VARIABLE.
 **********
 **   61 **FIX            0
 **********
 PARAMETER    0  IS UNDEFINED. IGNORED.
 **********
 **   62 **FIX            1
 **********
 **********
 **   63 **FIX            2
 **********
 PARAMETER    2  IS CONSTANT.   IGNORED.
 **********
 **   64 **FIX            3
 **********
 **********
 **   65 **FIX            4
 **********
 **********
 **   66 **FIX            5
 **********
 PARAMETER    5  IS CONSTANT.   IGNORED.
 **********
 **   67 **FIX            6
 **********
 **********
 **   68 **FIX            7
 **********
 **********
 **   69 **FIX            8
 **********
 **********
 **   70 **FIX            9
 **********
 PARAMETER    9  IS CONSTANT.   IGNORED.
 **********
 **   71 **FIX           13
 **********
 PARAMETER   13  IS CONSTANT.   IGNORED.
 **********
 **   72 **FIX           14
 **********
 **********
 **   73 **FIX           15
 **********
 PARAMETER   15  IS CONSTANT.   IGNORED.
 **********
 **   74 **FIX           16
 **********
 PARAMETER   16  IS CONSTANT.   IGNORED.
 **********
 **   75 **MIGRAD
 **********
 START MIGRAD MINIMIZATION.  STRATEGY  1.  CONVERGENCE WHEN EDM .LT. 1.00e-04
 FCN=344.596 FROM MIGRAD    STATUS=INITIATE        8 CALLS         817 TOTAL
                     EDM= unknown      STRATEGY= 1      NO ERROR MATRIX       
  EXT PARAMETER               CURRENT GUESS       STEP         FIRST   
  NO.   NAME      VALUE            ERROR          SIZE      DERIVATIVE 
   1  N0           3.49955e+06     fixed    
   2  tau          6.44119e+01   constant   
   3  A0           3.53562e-01     fixed    
   4  phi          4.12169e+00     fixed    
   5  R           -6.09180e+01   constant   
   6  A_CBO        4.78283e-04     fixed    
   7  w_CBO        2.32691e+00     fixed    
   8  phi_CBO      7.63038e-01     fixed    
   9  ANx2         2.22853e-04   constant   
  10  pNx2         5.08518e+00   constant   
  11  ANy1         0.00000e+00   constant   
  12  pNy1         0.00000e+00   constant   
  13  w_y          0.00000e+00   constant   
  14  ANy2         5.63254e-05     fixed    
  15  pNy2         3.29982e+00   constant   
  16  w_vw         1.43191e+01   constant   
  17  LM           2.21951e-04   constant   
  18  wCBO_expCoeff   1.99880e+02   2.13905e-01   1.68927e-04   1.22443e-02
  19  wCBO_expOffset   1.99990e+02   3.35086e-02   9.53628e-05   9.25334e-02
  20  wCBO_expT    3.00100e+01   7.95600e-03   1.43099e-05   2.69279e-01
  21  wCBO_linCoeff   0.00000e+00   constant   
  22  wCBO_const  -2.98239e-03   1.48070e-03   5.69435e-06   3.11963e-01
 MIGRAD MINIMIZATION HAS CONVERGED.
 MIGRAD WILL VERIFY CONVERGENCE AND ERROR MATRIX.
 FCN=344.596 FROM MIGRAD    STATUS=CONVERGED      49 CALLS         858 TOTAL
                     EDM=1.65687e-09    STRATEGY= 1      ERR MATRIX NOT POS-DEF
  EXT PARAMETER                APPROXIMATE        STEP         FIRST   
  NO.   NAME      VALUE            ERROR          SIZE      DERIVATIVE 
   1  N0           3.49955e+06     fixed    
   2  tau          6.44119e+01   constant   
   3  A0           3.53562e-01     fixed    
   4  phi          4.12169e+00     fixed    
   5  R           -6.09180e+01   constant   
   6  A_CBO        4.78283e-04     fixed    
   7  w_CBO        2.32691e+00     fixed    
   8  phi_CBO      7.63038e-01     fixed    
   9  ANx2         2.22853e-04   constant   
  10  pNx2         5.08518e+00   constant   
  11  ANy1         0.00000e+00   constant   
  12  pNy1         0.00000e+00   constant   
  13  w_y          0.00000e+00   constant   
  14  ANy2         5.63254e-05     fixed    
  15  pNy2         3.29982e+00   constant   
  16  w_vw         1.43191e+01   constant   
  17  LM           2.21951e-04   constant   
  18  wCBO_expCoeff   1.99880e+02   2.21923e-01   1.68762e-04  -2.18949e-04
  19  wCBO_expOffset   1.99990e+02   3.48375e-02   9.53628e-05  -1.34264e-03
  20  wCBO_expT    3.00100e+01   8.07557e-03   1.43099e-05   6.78114e-04
  21  wCBO_linCoeff   0.00000e+00   constant   
  22  wCBO_const  -2.98240e-03   1.37077e-03   5.68968e-06  -2.31861e-02
 EXTERNAL ERROR MATRIX.    NDIM=  25    NPAR=  4    ERR DEF=1
  4.925e-02 -5.872e-03 -5.029e-04  2.615e-05 
 -5.872e-03  1.214e-03 -1.108e-04  6.246e-06 
 -5.029e-04 -1.108e-04  6.521e-05 -5.452e-06 
  2.615e-05  6.246e-06 -5.452e-06  1.879e-06 
ERR MATRIX NOT POS-DEF
 PARAMETER  CORRELATION COEFFICIENTS  
       NO.  GLOBAL     18     19     20     22
       18  0.99650   1.000 -0.759 -0.281  0.086
       19  0.99680  -0.759  1.000 -0.394  0.131
       20  0.99417  -0.281 -0.394  1.000 -0.492
       22  0.88997   0.086  0.131 -0.492  1.000
 ERR MATRIX NOT POS-DEF
MINUIT - FIT ONLY 2-y
 **********
 **   76 **RES 
 **********
                   PARAMETER   14  ANy2 RESTORED TO VARIABLE.
                   PARAMETER    8  phi_CBO RESTORED TO VARIABLE.
                   PARAMETER    7  w_CBO RESTORED TO VARIABLE.
                   PARAMETER    6  A_CBO RESTORED TO VARIABLE.
                   PARAMETER    4  phi RESTORED TO VARIABLE.
                   PARAMETER    3  A0 RESTORED TO VARIABLE.
                   PARAMETER    1  N0 RESTORED TO VARIABLE.
 **********
 **   77 **FIX            0
 **********
 PARAMETER    0  IS UNDEFINED. IGNORED.
 **********
 **   78 **FIX            1
 **********
 **********
 **   79 **FIX            2
 **********
 PARAMETER    2  IS CONSTANT.   IGNORED.
 **********
 **   80 **FIX            3
 **********
 **********
 **   81 **FIX            4
 **********
 **********
 **   82 **FIX            5
 **********
 PARAMETER    5  IS CONSTANT.   IGNORED.
 **********
 **   83 **FIX            6
 **********
 **********
 **   84 **FIX            7
 **********
 **********
 **   85 **FIX            8
 **********
 **********
 **   86 **FIX            9
 **********
 PARAMETER    9  IS CONSTANT.   IGNORED.
 **********
 **   87 **FIX           10
 **********
 PARAMETER   10  IS CONSTANT.   IGNORED.
 **********
 **   88 **FIX           11
 **********
 PARAMETER   11  IS CONSTANT.   IGNORED.
 **********
 **   89 **FIX           12
 **********
 PARAMETER   12  IS CONSTANT.   IGNORED.
 **********
 **   90 **FIX           16
 **********
 PARAMETER   16  IS CONSTANT.   IGNORED.
 **********
 **   91 **MIGRAD
 **********
 START MIGRAD MINIMIZATION.  STRATEGY  1.  CONVERGENCE WHEN EDM .LT. 1.00e-04
 FCN=344.596 FROM MIGRAD    STATUS=INITIATE       10 CALLS         868 TOTAL
                     EDM= unknown      STRATEGY= 1      NO ERROR MATRIX       
  EXT PARAMETER               CURRENT GUESS       STEP         FIRST   
  NO.   NAME      VALUE            ERROR          SIZE      DERIVATIVE 
   1  N0           3.49955e+06     fixed    
   2  tau          6.44119e+01   constant   
   3  A0           3.53562e-01     fixed    
   4  phi          4.12169e+00     fixed    
   5  R           -6.09180e+01   constant   
   6  A_CBO        4.78283e-04     fixed    
   7  w_CBO        2.32691e+00     fixed    
   8  phi_CBO      7.63038e-01     fixed    
   9  ANx2         2.22853e-04   constant   
  10  pNx2         5.08518e+00   constant   
  11  ANy1         0.00000e+00   constant   
  12  pNy1         0.00000e+00   constant   
  13  w_y          0.00000e+00   constant   
  14  ANy2         5.63254e-05   4.13723e-04   4.13723e-04   3.42737e+01
  15  pNy2         3.29982e+00   constant   
  16  w_vw         1.43191e+01   constant   
  17  LM           2.21951e-04   constant   
  18  wCBO_expCoeff   1.99880e+02   2.21923e-01   1.68762e-04  -1.79507e-04
  19  wCBO_expOffset   1.99990e+02   3.48375e-02   9.53628e-05   1.03642e-02
  20  wCBO_expT    3.00100e+01   8.07557e-03   1.43099e-05   5.39502e-03
  21  wCBO_linCoeff   0.00000e+00   constant   
  22  wCBO_const  -2.98240e-03   1.37077e-03   5.68968e-06  -2.35707e-02
 MIGRAD MINIMIZATION HAS CONVERGED.
 MIGRAD WILL VERIFY CONVERGENCE AND ERROR MATRIX.
 FCN=344.596 FROM MIGRAD    STATUS=CONVERGED      54 CALLS         912 TOTAL
                     EDM=9.97641e-08    STRATEGY= 1      ERR MATRIX NOT POS-DEF
  EXT PARAMETER                APPROXIMATE        STEP         FIRST   
  NO.   NAME      VALUE            ERROR          SIZE      DERIVATIVE 
   1  N0           3.49955e+06     fixed    
   2  tau          6.44119e+01   constant   
   3  A0           3.53562e-01     fixed    
   4  phi          4.12169e+00     fixed    
   5  R           -6.09180e+01   constant   
   6  A_CBO        4.78283e-04     fixed    
   7  w_CBO        2.32691e+00     fixed    
   8  phi_CBO      7.63038e-01     fixed    
   9  ANx2         2.22853e-04   constant   
  10  pNx2         5.08518e+00   constant   
  11  ANy1         0.00000e+00   constant   
  12  pNy1         0.00000e+00   constant   
  13  w_y          0.00000e+00   constant   
  14  ANy2         5.33711e-05   4.14277e-04   3.76896e-06   1.39889e-03
  15  pNy2         3.29982e+00   constant   
  16  w_vw         1.43191e+01   constant   
  17  LM           2.21951e-04   constant   
  18  wCBO_expCoeff   1.99880e+02   2.21908e-01   1.68763e-04   1.85782e-02
  19  wCBO_expOffset   1.99990e+02   3.48326e-02   9.53628e-05   1.23790e-01
  20  wCBO_expT    3.00100e+01   8.07505e-03   1.43099e-05   3.92851e-01
  21  wCBO_linCoeff   0.00000e+00   constant   
  22  wCBO_const  -2.98240e-03   1.37096e-03   5.68967e-06   2.62865e-01
 EXTERNAL ERROR MATRIX.    NDIM=  25    NPAR=  5    ERR DEF=1
  1.716e-07 -1.910e-08  1.087e-08  1.833e-08 -9.613e-09 
 -1.910e-08  4.924e-02 -5.870e-03 -5.030e-04  2.616e-05 
  1.087e-08 -5.870e-03  1.213e-03 -1.108e-04  6.242e-06 
  1.833e-08 -5.030e-04 -1.108e-04  6.521e-05 -5.452e-06 
 -9.613e-09  2.616e-05  6.242e-06 -5.452e-06  1.880e-06 
ERR MATRIX NOT POS-DEF
 PARAMETER  CORRELATION COEFFICIENTS  
       NO.  GLOBAL     14     18     19     20     22
       14  0.03098   1.000 -0.000  0.001  0.005 -0.017
       18  0.99650  -0.000  1.000 -0.759 -0.281  0.086
       19  0.99680   0.001 -0.759  1.000 -0.394  0.131
       20  0.99417   0.005 -0.281 -0.394  1.000 -0.492
       22  0.89001  -0.017  0.086  0.131 -0.492  1.000
 ERR MATRIX NOT POS-DEF
MINUIT - FIT ALTOGETHER
 **********
 **   92 **RES 
 **********
                   PARAMETER    8  phi_CBO RESTORED TO VARIABLE.
                   PARAMETER    7  w_CBO RESTORED TO VARIABLE.
                   PARAMETER    6  A_CBO RESTORED TO VARIABLE.
                   PARAMETER    4  phi RESTORED TO VARIABLE.
                   PARAMETER    3  A0 RESTORED TO VARIABLE.
                   PARAMETER    1  N0 RESTORED TO VARIABLE.
 **********
 **   93 **MIGRAD
 **********
 START MIGRAD MINIMIZATION.  STRATEGY  1.  CONVERGENCE WHEN EDM .LT. 1.00e-04
 FCN=344.596 FROM MIGRAD    STATUS=INITIATE       22 CALLS         934 TOTAL
                     EDM= unknown      STRATEGY= 1      NO ERROR MATRIX       
  EXT PARAMETER               CURRENT GUESS       STEP         FIRST   
  NO.   NAME      VALUE            ERROR          SIZE      DERIVATIVE 
   1  N0           3.49955e+06   1.03139e+03   1.03139e+03  -8.29637e-05
   2  tau          6.44119e+01   constant   
   3  A0           3.53562e-01   3.92076e-04   3.92076e-04  -7.45439e+02
