 + ++++++++++++++++++++++++++++++++++++++++++++++++++++++++++++++++++++ +
 +                                                                      +
 +           You have chose to blind your fitting according to          +
 +                omega_ref * (1 + (R +/- deltaR) *10^{-6})             +
 +                                                                      +
 + ++++++++++++++++++++++++++++++++++++++++++++++++++++++++++++++++++++ +
In main()...
reading format from /gm2data/zkhechad/run45/envelope/formats/formatB_sBin_constraintOn.txt
pBinTau 	= 0  
pBinPhi 	= 0  
constraintau 	= 1 
includeMopTerm 	= 0    
constrainMop    = 0   
Parameters after format file: pBinTau 0 pBinPhi 0 constraintau 1 includeMopTerm 0 constrainMop 0 c_e_scale 0.000000 
reading cbo reference file (full fit) from /gm2data/zkhechad/cboTemplates/Run4CBOTemplates/fullFits/run4/sBin_constraintOn_cE0.0_seed0_run4_calo10.root
A_CBO 0.009734 w_CBO 2.326087 phi_CBO 0.029548 N0 2975169.599894 R -60.949257 tau 64.405372 
Reading cboRef file /gm2data/zkhechad/cboTemplates/Run4CBOTemplates//cboIsolate/run4_calo10.root
deltaT 164.120000
windowBins = 1100
fitting sliding window 1340 from bin 1543 at 230.215600 to bin 2643 at 394.335600 (1100 bins)

Reading data from /gm2data/cornell/histograms/aMethod/histogram_a_run4.root
fitting cbo isolate
 **********
 **    1 **SET PRINTOUT            1
 **********
 **********
 **    2 **SET NOWARNINGS 
 **********
 PARAMETER DEFINITIONS:
    NO.   NAME         VALUE      STEP SIZE      LIMITS
     1 A_CBO        9.73400e-03  1.00000e-05     no limits
     2 w_CBO        2.32609e+00  1.00000e-02    2.00000e+00  3.00000e+00
     3 phi_CBO      2.95478e-02  1.00000e-02    0.00000e+00  6.28319e+00
 **********
 **    3 **MIGRAD
 **********
 FIRST CALL TO USER FUNCTION AT NEW START POINT, WITH IFLAG=4.
 START MIGRAD MINIMIZATION.  STRATEGY  1.  CONVERGENCE WHEN EDM .LT. 1.00e-04
 FCN=0.0450933 FROM MIGRAD    STATUS=INITIATE       12 CALLS          13 TOTAL
                     EDM= unknown      STRATEGY= 1      NO ERROR MATRIX       
  EXT PARAMETER               CURRENT GUESS       STEP         FIRST   
  NO.   NAME      VALUE            ERROR          SIZE      DERIVATIVE 
   1  A_CBO        9.73400e-03   1.00000e-05   1.00000e-05   7.23721e+00
   2  w_CBO        2.32609e+00   1.00000e-02   2.13343e-02  -6.60071e-01
   3  phi_CBO      2.95478e-02   1.00000e-02   2.36132e-02   1.67740e-03
 MIGRAD MINIMIZATION HAS CONVERGED.
 MIGRAD WILL VERIFY CONVERGENCE AND ERROR MATRIX.
 COVARIANCE MATRIX CALCULATED SUCCESSFULLY
 FCN=0.0211519 FROM MIGRAD    STATUS=CONVERGED      41 CALLS          42 TOTAL
                     EDM=6.50761e-06    STRATEGY= 1      ERROR MATRIX ACCURATE 
  EXT PARAMETER                                   STEP         FIRST   
  NO.   NAME      VALUE            ERROR          SIZE      DERIVATIVE 
   1  A_CBO        3.14374e-03   4.26605e-02   2.10507e-05  -2.88036e-02
   2  w_CBO        2.32651e+00   4.28673e-02   4.52375e-05   3.66820e-02
   3  phi_CBO      3.35501e-03   4.39470e+00   2.09804e-02  -6.18484e-05
 EXTERNAL ERROR MATRIX.    NDIM=  25    NPAR=  3    ERR DEF=1
  1.820e-03 -5.165e-05  1.869e-06 
 -5.165e-05  1.843e-03  1.620e-04 
  1.869e-06  1.620e-04  4.215e-02 
 PARAMETER  CORRELATION COEFFICIENTS  
       NO.  GLOBAL      1      2      3
        1  0.02821   1.000 -0.028  0.000
        2  0.03367  -0.028  1.000  0.018
        3  0.01840   0.000  0.018  1.000
setting A_CBO=0.003144 w_CBO=2.326510, phi_CBO=0.003355
done fitting cbo isolate
 **********
 **    1 **SET PRINTOUT            1
 **********
 **********
 **    2 **SET NOWARNINGS 
 **********
 PARAMETER DEFINITIONS:
    NO.   NAME         VALUE      STEP SIZE      LIMITS
     1 N0           2.97517e+06  1.00000e+02     no limits
     2 tau          6.44054e+01  constant
     3 A0           3.48516e-01  1.00000e-04     no limits
     4 phi          4.11546e+00  1.00000e-02     no limits
     5 R           -6.09493e+01  constant
     6 A_CBO        3.14374e-03  1.00000e-05     no limits
     7 w_CBO        2.32651e+00  1.00000e-03     no limits
     8 phi_CBO      3.35501e-03  1.00000e-04     no limits
     9 ANx2         7.43781e-04  constant
    10 pNx2         1.57222e+00  constant
    11 ANy1         0.00000e+00  constant
    12 pNy1         0.00000e+00  constant
    13 w_y          0.00000e+00  constant
    14 ANy2         7.31057e-03  1.00000e-04     no limits
    15 pNy2         6.06093e+00  constant
    16 w_vw         1.43032e+01  constant
    17 LM           6.04551e-05  constant
    18 wCBO_expCoeff   2.00000e+02  1.00000e+00     no limits
    19 wCBO_expOffset   2.00000e+02  1.00000e+00     no limits
    20 wCBO_expT    3.00000e+01  1.00000e+00     no limits
    21 wCBO_linCoeff   0.00000e+00  constant
    22 wCBO_const   0.00000e+00  1.00000e-02     no limits
MINUIT - FIT ONLY WIGGLE
 **********
 **    3 **FIX            5
 **********
 PARAMETER    5  IS CONSTANT.   IGNORED.
 **********
 **    4 **FIX            6
 **********
 **********
 **    5 **FIX            7
 **********
 **********
 **    6 **FIX            8
 **********
 **********
 **    7 **FIX            9
 **********
 PARAMETER    9  IS CONSTANT.   IGNORED.
 **********
 **    8 **FIX           10
 **********
 PARAMETER   10  IS CONSTANT.   IGNORED.
 **********
 **    9 **FIX           11
 **********
 PARAMETER   11  IS CONSTANT.   IGNORED.
 **********
 **   10 **FIX           12
 **********
 PARAMETER   12  IS CONSTANT.   IGNORED.
 **********
 **   11 **FIX           13
 **********
 PARAMETER   13  IS CONSTANT.   IGNORED.
 **********
 **   12 **FIX           14
 **********
 **********
 **   13 **FIX           15
 **********
 PARAMETER   15  IS CONSTANT.   IGNORED.
 **********
 **   14 **FIX           16
 **********
 PARAMETER   16  IS CONSTANT.   IGNORED.
 **********
 **   15 **MIGRAD
 **********
 FIRST CALL TO USER FUNCTION AT NEW START POINT, WITH IFLAG=4.
 START MIGRAD MINIMIZATION.  STRATEGY  1.  CONVERGENCE WHEN EDM .LT. 1.00e-04
 FCN=1122.09 FROM MIGRAD    STATUS=INITIATE       34 CALLS          35 TOTAL
                     EDM= unknown      STRATEGY= 1      NO ERROR MATRIX       
  EXT PARAMETER               CURRENT GUESS       STEP         FIRST   
  NO.   NAME      VALUE            ERROR          SIZE      DERIVATIVE 
   1  N0           2.97517e+06   1.00000e+02   1.00000e+02  -1.33621e-04
   2  tau          6.44054e+01   constant   
   3  A0           3.48516e-01   1.00000e-04   1.00000e-04  -5.56574e+03
   4  phi          4.11546e+00   1.00000e-02   1.00000e-02   2.00411e+03
   5  R           -6.09493e+01   constant   
   6  A_CBO        3.14374e-03     fixed    
   7  w_CBO        2.32651e+00     fixed    
   8  phi_CBO      3.35501e-03     fixed    
   9  ANx2         7.43781e-04   constant   
  10  pNx2         1.57222e+00   constant   
  11  ANy1         0.00000e+00   constant   
  12  pNy1         0.00000e+00   constant   
  13  w_y          0.00000e+00   constant   
  14  ANy2         7.31057e-03     fixed    
  15  pNy2         6.06093e+00   constant   
  16  w_vw         1.43032e+01   constant   
  17  LM           6.04551e-05   constant   
  18  wCBO_expCoeff   2.00000e+02   1.00000e+00   1.00000e+00  -2.65283e+03
  19  wCBO_expOffset   2.00000e+02   1.00000e+00   1.00000e+00  -1.78053e+04
  20  wCBO_expT    3.00000e+01   1.00000e+00   1.00000e+00  -3.66222e+04
  21  wCBO_linCoeff   0.00000e+00   constant   
  22  wCBO_const   0.00000e+00   1.00000e-02   1.00000e-02  -3.20103e+04
 MIGRAD FAILS TO FIND IMPROVEMENT
 FCN=1092.99 FROM HESSE     STATUS=NOT POSDEF     54 CALLS         247 TOTAL
                     EDM=0.000659268    STRATEGY= 1      ERR MATRIX NOT POS-DEF
  EXT PARAMETER                APPROXIMATE        STEP         FIRST   
  NO.   NAME      VALUE            ERROR          SIZE      DERIVATIVE 
   1  N0           2.97509e+06   5.84662e+02   9.71371e+00   2.34444e-05
   2  tau          6.44054e+01   constant   
   3  A0           3.48632e-01   2.56047e-04   4.38981e-06   1.62050e+01
   4  phi          4.11431e+00   7.61512e-04   1.30468e-05   1.20446e+00
   5  R           -6.09493e+01   constant   
   6  A_CBO        3.14374e-03     fixed    
   7  w_CBO        2.32651e+00     fixed    
   8  phi_CBO      3.35501e-03     fixed    
   9  ANx2         7.43781e-04   constant   
  10  pNx2         1.57222e+00   constant   
  11  ANy1         0.00000e+00   constant   
  12  pNy1         0.00000e+00   constant   
  13  w_y          0.00000e+00   constant   
  14  ANy2         7.31057e-03     fixed    
  15  pNy2         6.06093e+00   constant   
  16  w_vw         1.43032e+01   constant   
  17  LM           6.04551e-05   constant   
  18  wCBO_expCoeff   2.00011e+02   1.47258e-02   9.53725e-05  -7.05863e+00
  19  wCBO_expOffset   2.00001e+02   2.96944e-03   9.53681e-05  -4.65144e+01
  20  wCBO_expT    2.99981e+01   6.80716e-04   1.43042e-05   2.04582e+01
  21  wCBO_linCoeff   0.00000e+00   constant   
  22  wCBO_const   1.75004e-03   2.83707e-04   3.20391e-06   3.32607e+01
 MIGRAD FAILS TO FIND IMPROVEMENT
 MIGRAD TERMINATED WITHOUT CONVERGENCE.
 FCN=1092.99 FROM MIGRAD    STATUS=FAILED        291 CALLS         292 TOTAL
                     EDM=0.00287087    STRATEGY= 1      ERR MATRIX NOT POS-DEF
  EXT PARAMETER                APPROXIMATE        STEP         FIRST   
  NO.   NAME      VALUE            ERROR          SIZE      DERIVATIVE 
   1  N0           2.97509e+06   5.85835e+02  -0.00000e+00   8.13451e-06
   2  tau          6.44054e+01   constant   
   3  A0           3.48632e-01   2.55572e-04  -0.00000e+00   6.61051e+00
   4  phi          4.11431e+00   7.58495e-04  -0.00000e+00   3.53662e+00
   5  R           -6.09493e+01   constant   
   6  A_CBO        3.14374e-03     fixed    
   7  w_CBO        2.32651e+00     fixed    
   8  phi_CBO      3.35501e-03     fixed    
   9  ANx2         7.43781e-04   constant   
  10  pNx2         1.57222e+00   constant   
  11  ANy1         0.00000e+00   constant   
  12  pNy1         0.00000e+00   constant   
  13  w_y          0.00000e+00   constant   
  14  ANy2         7.31057e-03     fixed    
  15  pNy2         6.06093e+00   constant   
  16  w_vw         1.43032e+01   constant   
  17  LM           6.04551e-05   constant   
  18  wCBO_expCoeff   2.00010e+02   1.94985e-02   0.00000e+00  -6.17771e+00
  19  wCBO_expOffset   2.00001e+02   3.66555e-03  -0.00000e+00   8.04490e+01
  20  wCBO_expT    2.99981e+01   6.74768e-04   0.00000e+00  -5.98423e+01
  21  wCBO_linCoeff   0.00000e+00   constant   
  22  wCBO_const   1.75092e-03   3.08260e-04  -0.00000e+00  -7.73634e+01
 EXTERNAL ERROR MATRIX.    NDIM=  25    NPAR=  7    ERR DEF=1
  3.432e+05  3.098e-03 -1.006e-02 -2.387e+00  4.727e-01 -7.655e-02  2.263e-02 
  3.098e-03  6.532e-08 -7.288e-10 -2.310e-07  3.955e-08 -4.854e-09  6.621e-10 
 -1.006e-02 -7.288e-10  5.753e-07 -5.386e-07  7.671e-08 -7.231e-09  1.111e-08 
 -2.387e+00 -2.310e-07 -5.386e-07  3.802e-04 -7.073e-05  1.092e-05 -2.978e-06 
  4.727e-01  3.955e-08  7.671e-08 -7.073e-05  1.344e-05 -2.199e-06  5.870e-07 
 -7.655e-02 -4.854e-09 -7.231e-09  1.092e-05 -2.199e-06  4.553e-07 -1.459e-07 
  2.263e-02  6.621e-10  1.111e-08 -2.978e-06  5.870e-07 -1.459e-07  9.502e-08 
ERR MATRIX NOT POS-DEF
 PARAMETER  CORRELATION COEFFICIENTS  
       NO.  GLOBAL      1      3      4     18     19     20     22
        1  0.26353   1.000  0.021 -0.023 -0.209  0.220 -0.194  0.125
        3  0.06116   0.021  1.000 -0.004 -0.046  0.042 -0.028  0.008
        4  0.08866  -0.023 -0.004  1.000 -0.036  0.028 -0.014  0.048
       18  0.99730  -0.209 -0.046 -0.036  1.000 -0.990  0.830 -0.495
       19  0.99830   0.220  0.042  0.028 -0.990  1.000 -0.889  0.519
       20  0.98239  -0.194 -0.028 -0.014  0.830 -0.889  1.000 -0.701
       22  0.84710   0.125  0.008  0.048 -0.495  0.519 -0.701  1.000
 ERR MATRIX NOT POS-DEF
MINUIT - FIT ONLY 1-CBO + other amplitudes 
 **********
 **   16 **RES 
 **********
                   PARAMETER   14  ANy2 RESTORED TO VARIABLE.
                   PARAMETER    8  phi_CBO RESTORED TO VARIABLE.
                   PARAMETER    7  w_CBO RESTORED TO VARIABLE.
                   PARAMETER    6  A_CBO RESTORED TO VARIABLE.
 **********
 **   17 **FIX            0
 **********
 PARAMETER    0  IS UNDEFINED. IGNORED.
 **********
 **   18 **FIX            1
 **********
 **********
 **   19 **FIX            2
 **********
 PARAMETER    2  IS CONSTANT.   IGNORED.
 **********
 **   20 **FIX            3
 **********
 **********
 **   21 **FIX            4
 **********
 **********
 **   22 **FIX            9
 **********
 PARAMETER    9  IS CONSTANT.   IGNORED.
 **********
 **   23 **FIX           11
 **********
 PARAMETER   11  IS CONSTANT.   IGNORED.
 **********
 **   24 **FIX           12
 **********
 PARAMETER   12  IS CONSTANT.   IGNORED.
 **********
 **   25 **FIX           14
 **********
 **********
 **   26 **FIX           15
 **********
 PARAMETER   15  IS CONSTANT.   IGNORED.
 **********
 **   27 **FIX           16
 **********
 PARAMETER   16  IS CONSTANT.   IGNORED.
 **********
 **   28 **MIGRAD
 **********
 START MIGRAD MINIMIZATION.  STRATEGY  1.  CONVERGENCE WHEN EDM .LT. 1.00e-04
 FCN=1092.99 FROM MIGRAD    STATUS=INITIATE       22 CALLS         314 TOTAL
                     EDM= unknown      STRATEGY= 1      NO ERROR MATRIX       
  EXT PARAMETER               CURRENT GUESS       STEP         FIRST   
  NO.   NAME      VALUE            ERROR          SIZE      DERIVATIVE 
   1  N0           2.97509e+06     fixed    
   2  tau          6.44054e+01   constant   
   3  A0           3.48632e-01     fixed    
   4  phi          4.11431e+00     fixed    
   5  R           -6.09493e+01   constant   
   6  A_CBO        3.14374e-03   1.00000e-05   1.00000e-05   5.60022e+04
   7  w_CBO        2.32651e+00   1.00000e-03   1.00000e-03  -5.62488e+02
   8  phi_CBO      3.35501e-03   1.00000e-04   1.00000e-04   5.82274e+00
   9  ANx2         7.43781e-04   constant   
  10  pNx2         1.57222e+00   constant   
  11  ANy1         0.00000e+00   constant   
  12  pNy1         0.00000e+00   constant   
  13  w_y          0.00000e+00   constant   
  14  ANy2         7.31057e-03     fixed    
  15  pNy2         6.06093e+00   constant   
  16  w_vw         1.43032e+01   constant   
  17  LM           6.04551e-05   constant   
  18  wCBO_expCoeff   2.00010e+02   1.94985e-02   0.00000e+00  -6.17771e+00
  19  wCBO_expOffset   2.00001e+02   3.66555e-03  -0.00000e+00   8.04490e+01
  20  wCBO_expT    2.99981e+01   6.74768e-04   0.00000e+00  -5.98423e+01
  21  wCBO_linCoeff   0.00000e+00   constant   
  22  wCBO_const   1.75092e-03   3.08260e-04  -0.00000e+00  -7.73634e+01
 MIGRAD MINIMIZATION HAS CONVERGED.
 FCN=1022.18 FROM MIGRAD    STATUS=CONVERGED     204 CALLS         496 TOTAL
                     EDM=3.42707e-06    STRATEGY= 1  ERROR MATRIX UNCERTAINTY   3.3 per cent
  EXT PARAMETER                                   STEP         FIRST   
  NO.   NAME      VALUE            ERROR          SIZE      DERIVATIVE 
   1  N0           2.97509e+06     fixed    
   2  tau          6.44054e+01   constant   
   3  A0           3.48632e-01     fixed    
   4  phi          4.11431e+00     fixed    
   5  R           -6.09493e+01   constant   
   6  A_CBO        6.14199e-04   3.06206e-04  -1.69358e-06  -2.70006e+00
   7  w_CBO        2.32654e+00   3.59993e-05   5.23906e-08  -3.49165e+01
   8  phi_CBO     -2.04617e-01   5.26865e-01   9.85873e-04  -2.16466e-03
   9  ANx2         7.43781e-04   constant   
  10  pNx2         1.57222e+00   constant   
  11  ANy1         0.00000e+00   constant   
  12  pNy1         0.00000e+00   constant   
  13  w_y          0.00000e+00   constant   
  14  ANy2         7.31057e-03     fixed    
  15  pNy2         6.06093e+00   constant   
  16  w_vw         1.43032e+01   constant   
  17  LM           6.04551e-05   constant   
  18  wCBO_expCoeff   2.00013e+02   3.14882e-03   4.26726e-06  -4.30267e-01
  19  wCBO_expOffset   2.00002e+02   4.03018e-04   3.44461e-08   1.34321e+01
  20  wCBO_expT    2.99970e+01   9.77092e-04  -1.27941e-06   4.11057e+00
  21  wCBO_linCoeff   0.00000e+00   constant   
  22  wCBO_const   1.91127e-03   6.34755e-04   1.59529e-06   4.36804e+00
 EXTERNAL ERROR MATRIX.    NDIM=  25    NPAR=  7    ERR DEF=1
  9.376e-08 -2.442e-09  9.393e-06 -2.183e-07 -1.069e-08  5.462e-08 -1.037e-08 
 -2.442e-09  1.296e-09 -1.089e-06  8.625e-08  9.989e-09 -3.081e-08  1.158e-08 
  9.393e-06 -1.089e-06  2.776e-01 -1.285e-04 -3.514e-05  8.978e-06  9.841e-05 
 -2.183e-07  8.625e-08 -1.285e-04  9.915e-06  8.801e-07 -2.657e-06  9.398e-07 
 -1.069e-08  9.989e-09 -3.514e-05  8.801e-07  1.624e-07 -3.086e-07  8.356e-08 
  5.462e-08 -3.081e-08  8.978e-06 -2.657e-06 -3.086e-07  9.547e-07 -4.467e-07 
 -1.037e-08  1.158e-08  9.841e-05  9.398e-07  8.356e-08 -4.467e-07  4.029e-07 
 PARAMETER  CORRELATION COEFFICIENTS  
       NO.  GLOBAL      6      7      8     18     19     20     22
        6  0.29460   1.000 -0.222  0.058 -0.226 -0.087  0.183 -0.053
        7  0.90964  -0.222  1.000 -0.057  0.761  0.689 -0.876  0.507
        8  0.46266   0.058 -0.057  1.000 -0.077 -0.166  0.017  0.294
       18  0.90673  -0.226  0.761 -0.077  1.000  0.694 -0.864  0.470
       19  0.88205  -0.087  0.689 -0.166  0.694  1.000 -0.784  0.327
       20  0.98486   0.183 -0.876  0.017 -0.864 -0.784  1.000 -0.720
       22  0.91447  -0.053  0.507  0.294  0.470  0.327 -0.720  1.000
MINUIT - FIT ONLY 1-CBO
 **********
 **   29 **RES 
 **********
                   PARAMETER   14  ANy2 RESTORED TO VARIABLE.
                   PARAMETER    4  phi RESTORED TO VARIABLE.
                   PARAMETER    3  A0 RESTORED TO VARIABLE.
                   PARAMETER    1  N0 RESTORED TO VARIABLE.
 **********
 **   30 **FIX            0
 **********
 PARAMETER    0  IS UNDEFINED. IGNORED.
 **********
 **   31 **FIX            1
 **********
 **********
 **   32 **FIX            2
 **********
 PARAMETER    2  IS CONSTANT.   IGNORED.
 **********
 **   33 **FIX            3
 **********
 **********
 **   34 **FIX            4
 **********
 **********
 **   35 **FIX            8
 **********
 **********
 **   36 **FIX            9
 **********
 PARAMETER    9  IS CONSTANT.   IGNORED.
 **********
 **   37 **FIX           11
 **********
 PARAMETER   11  IS CONSTANT.   IGNORED.
 **********
 **   38 **FIX           12
 **********
 PARAMETER   12  IS CONSTANT.   IGNORED.
 **********
 **   39 **FIX           13
 **********
 PARAMETER   13  IS CONSTANT.   IGNORED.
 **********
 **   40 **FIX           15
 **********
 PARAMETER   15  IS CONSTANT.   IGNORED.
 **********
 **   41 **FIX           16
 **********
 PARAMETER   16  IS CONSTANT.   IGNORED.
 **********
 **   42 **MIGRAD
 **********
 START MIGRAD MINIMIZATION.  STRATEGY  1.  CONVERGENCE WHEN EDM .LT. 1.00e-04
 FCN=1022.18 FROM MIGRAD    STATUS=INITIATE       16 CALLS         512 TOTAL
                     EDM= unknown      STRATEGY= 1      NO ERROR MATRIX       
  EXT PARAMETER               CURRENT GUESS       STEP         FIRST   
  NO.   NAME      VALUE            ERROR          SIZE      DERIVATIVE 
   1  N0           2.97509e+06     fixed    
   2  tau          6.44054e+01   constant   
   3  A0           3.48632e-01     fixed    
   4  phi          4.11431e+00     fixed    
   5  R           -6.09493e+01   constant   
   6  A_CBO        6.14199e-04   3.06206e-04  -1.69358e-06  -2.70006e+00
   7  w_CBO        2.32654e+00   3.59993e-05   5.23906e-08  -3.49165e+01
   8  phi_CBO     -2.04617e-01     fixed    
   9  ANx2         7.43781e-04   constant   
  10  pNx2         1.57222e+00   constant   
  11  ANy1         0.00000e+00   constant   
  12  pNy1         0.00000e+00   constant   
  13  w_y          0.00000e+00   constant   
  14  ANy2         7.31057e-03   1.00000e-04   1.00000e-04   1.71213e+05
  15  pNy2         6.06093e+00   constant   
  16  w_vw         1.43032e+01   constant   
  17  LM           6.04551e-05   constant   
  18  wCBO_expCoeff   2.00013e+02   3.14882e-03   4.26726e-06  -4.30267e-01
  19  wCBO_expOffset   2.00002e+02   4.03018e-04   3.44461e-08   1.34321e+01
  20  wCBO_expT    2.99970e+01   9.77092e-04  -1.27941e-06   4.11057e+00
  21  wCBO_linCoeff   0.00000e+00   constant   
  22  wCBO_const   1.91127e-03   6.34755e-04   1.59529e-06   4.36803e+00
 MIGRAD MINIMIZATION HAS CONVERGED.
 MIGRAD WILL VERIFY CONVERGENCE AND ERROR MATRIX.
 COVARIANCE MATRIX CALCULATED SUCCESSFULLY
 FCN=410.11 FROM MIGRAD    STATUS=CONVERGED     206 CALLS         702 TOTAL
                     EDM=4.78616e-06    STRATEGY= 1      ERROR MATRIX ACCURATE 
  EXT PARAMETER                                   STEP         FIRST   
  NO.   NAME      VALUE            ERROR          SIZE      DERIVATIVE 
   1  N0           2.97509e+06     fixed    
   2  tau          6.44054e+01   constant   
   3  A0           3.48632e-01     fixed    
   4  phi          4.11431e+00     fixed    
   5  R           -6.09493e+01   constant   
   6  A_CBO        2.49133e-04   3.07031e-04   2.91621e-06   3.63328e+00
   7  w_CBO        2.32654e+00   2.06594e-04   1.10938e-06   3.17735e+01
   8  phi_CBO     -2.04617e-01     fixed    
   9  ANx2         7.43781e-04   constant   
  10  pNx2         1.57222e+00   constant   
  11  ANy1         0.00000e+00   constant   
  12  pNy1         0.00000e+00   constant   
  13  w_y          0.00000e+00   constant   
  14  ANy2         1.64450e-04   2.88674e-04   2.84573e-06   2.38015e+00
  15  pNy2         6.06093e+00   constant   
  16  w_vw         1.43032e+01   constant   
  17  LM           6.04551e-05   constant   
  18  wCBO_expCoeff   2.00013e+02   1.78362e-02   9.53738e-05   3.67934e-01
  19  wCBO_expOffset   2.00002e+02   1.28096e-03   9.53683e-05   2.30722e+00
  20  wCBO_expT    2.99973e+01   1.08484e-03   1.43038e-05  -9.96934e-02
  21  wCBO_linCoeff   0.00000e+00   constant   
  22  wCBO_const   2.02836e-03   9.50680e-04   3.11139e-06   3.34150e-01
 EXTERNAL ERROR MATRIX.    NDIM=  25    NPAR=  7    ERR DEF=1
  9.427e-08 -6.794e-10  3.055e-09 -5.255e-08 -2.145e-08  6.452e-08 -5.265e-08 
 -6.794e-10  4.268e-08  3.029e-11 -3.056e-06 -5.444e-08 -3.505e-08  9.131e-10 
  3.055e-09  3.029e-11  8.333e-08  1.879e-09  2.670e-09 -3.273e-09 -5.109e-09 
 -5.255e-08 -3.056e-06  1.879e-09  3.181e-04 -4.972e-06 -3.114e-06  3.020e-06 
 -2.145e-08 -5.444e-08  2.670e-09 -4.972e-06  1.641e-06 -1.444e-07  8.597e-08 
  6.452e-08 -3.505e-08 -3.273e-09 -3.114e-06 -1.444e-07  1.177e-06 -8.387e-07 
 -5.265e-08  9.131e-10 -5.109e-09  3.020e-06  8.597e-08 -8.387e-07  9.038e-07 
 PARAMETER  CORRELATION COEFFICIENTS  
       NO.  GLOBAL      6      7     14     18     19     20     22
        6  0.28217   1.000 -0.011  0.034 -0.010 -0.055  0.194 -0.180
        7  0.99517  -0.011  1.000  0.001 -0.829 -0.206 -0.156  0.005
       14  0.09240   0.034  0.001  1.000  0.000  0.007 -0.010 -0.019
       18  0.99499  -0.010 -0.829  0.000  1.000 -0.218 -0.161  0.178
       19  0.97789  -0.055 -0.206  0.007 -0.218  1.000 -0.104  0.071
       20  0.98599   0.194 -0.156 -0.010 -0.161 -0.104  1.000 -0.813
       22  0.94378  -0.180  0.005 -0.019  0.178  0.071 -0.813  1.000
MINUIT - FIT ONLY 2-CBO
 **********
 **   43 **RES 
 **********
                   PARAMETER    8  phi_CBO RESTORED TO VARIABLE.
                   PARAMETER    4  phi RESTORED TO VARIABLE.
                   PARAMETER    3  A0 RESTORED TO VARIABLE.
                   PARAMETER    1  N0 RESTORED TO VARIABLE.
 **********
 **   44 **FIX            0
 **********
 PARAMETER    0  IS UNDEFINED. IGNORED.
 **********
 **   45 **FIX            1
 **********
 **********
 **   46 **FIX            2
 **********
 PARAMETER    2  IS CONSTANT.   IGNORED.
 **********
 **   47 **FIX            3
 **********
 **********
 **   48 **FIX            4
 **********
 **********
 **   49 **FIX            5
 **********
 PARAMETER    5  IS CONSTANT.   IGNORED.
 **********
 **   50 **FIX            6
 **********
 **********
 **   51 **FIX            7
 **********
 **********
 **   52 **FIX           10
 **********
 PARAMETER   10  IS CONSTANT.   IGNORED.
 **********
 **   53 **FIX           11
 **********
 PARAMETER   11  IS CONSTANT.   IGNORED.
 **********
 **   54 **FIX           12
 **********
 PARAMETER   12  IS CONSTANT.   IGNORED.
 **********
 **   55 **FIX           13
 **********
 PARAMETER   13  IS CONSTANT.   IGNORED.
 **********
 **   56 **FIX           14
 **********
 **********
 **   57 **FIX           15
 **********
 PARAMETER   15  IS CONSTANT.   IGNORED.
 **********
 **   58 **FIX           16
 **********
 PARAMETER   16  IS CONSTANT.   IGNORED.
 **********
 **   59 **MIGRAD
 **********
 START MIGRAD MINIMIZATION.  STRATEGY  1.  CONVERGENCE WHEN EDM .LT. 1.00e-04
 FCN=410.11 FROM MIGRAD    STATUS=INITIATE       12 CALLS         714 TOTAL
                     EDM= unknown      STRATEGY= 1      NO ERROR MATRIX       
  EXT PARAMETER               CURRENT GUESS       STEP         FIRST   
  NO.   NAME      VALUE            ERROR          SIZE      DERIVATIVE 
   1  N0           2.97509e+06     fixed    
   2  tau          6.44054e+01   constant   
   3  A0           3.48632e-01     fixed    
   4  phi          4.11431e+00     fixed    
   5  R           -6.09493e+01   constant   
   6  A_CBO        2.49133e-04     fixed    
   7  w_CBO        2.32654e+00     fixed    
   8  phi_CBO     -2.04617e-01   5.26865e-01   5.26865e-01   1.14749e+00
   9  ANx2         7.43781e-04   constant   
  10  pNx2         1.57222e+00   constant   
  11  ANy1         0.00000e+00   constant   
  12  pNy1         0.00000e+00   constant   
  13  w_y          0.00000e+00   constant   
  14  ANy2         1.64450e-04     fixed    
  15  pNy2         6.06093e+00   constant   
  16  w_vw         1.43032e+01   constant   
  17  LM           6.04551e-05   constant   
  18  wCBO_expCoeff   2.00013e+02   1.78362e-02   9.53738e-05   3.18021e-01
  19  wCBO_expOffset   2.00002e+02   1.28096e-03   9.53683e-05  -1.23413e+01
  20  wCBO_expT    2.99973e+01   1.08484e-03   1.43038e-05  -4.58160e-01
  21  wCBO_linCoeff   0.00000e+00   constant   
  22  wCBO_const   2.02836e-03   9.50680e-04   3.11139e-06   3.27112e-01
 MIGRAD MINIMIZATION HAS CONVERGED.
 MIGRAD WILL VERIFY CONVERGENCE AND ERROR MATRIX.
 COVARIANCE MATRIX CALCULATED SUCCESSFULLY
 FCN=409.684 FROM MIGRAD    STATUS=CONVERGED     122 CALLS         824 TOTAL
                     EDM=1.97088e-05    STRATEGY= 1      ERROR MATRIX ACCURATE 
  EXT PARAMETER                                   STEP         FIRST   
  NO.   NAME      VALUE            ERROR          SIZE      DERIVATIVE 
   1  N0           2.97509e+06     fixed    
   2  tau          6.44054e+01   constant   
   3  A0           3.48632e-01     fixed    
   4  phi          4.11431e+00     fixed    
   5  R           -6.09493e+01   constant   
   6  A_CBO        2.49133e-04     fixed    
   7  w_CBO        2.32654e+00     fixed    
   8  phi_CBO     -9.19071e-01   1.07308e+00   1.02048e-02  -1.21504e-04
   9  ANx2         7.43781e-04   constant   
  10  pNx2         1.57222e+00   constant   
  11  ANy1         0.00000e+00   constant   
  12  pNy1         0.00000e+00   constant   
  13  w_y          0.00000e+00   constant   
  14  ANy2         1.64450e-04     fixed    
  15  pNy2         6.06093e+00   constant   
  16  w_vw         1.43032e+01   constant   
  17  LM           6.04551e-05   constant   
  18  wCBO_expCoeff   2.00013e+02   9.84398e-03   9.53735e-05   1.12618e+00
  19  wCBO_expOffset   2.00002e+02   1.20453e-03   9.53683e-05   7.43818e+00
  20  wCBO_expT    2.99975e+01   1.12836e-03   1.43039e-05   1.69016e+00
  21  wCBO_linCoeff   0.00000e+00   constant   
  22  wCBO_const   1.84459e-03   1.06065e-03   3.10144e-06  -4.85876e-01
 EXTERNAL ERROR MATRIX.    NDIM=  25    NPAR=  5    ERR DEF=1
  1.152e+00  6.744e-04  3.377e-05 -1.438e-04  1.914e-04 
  6.744e-04  9.690e-05 -8.125e-06 -6.210e-06  3.851e-06 
  3.377e-05 -8.125e-06  1.451e-06 -1.806e-07  9.073e-08 
 -1.438e-04 -6.210e-06 -1.806e-07  1.273e-06 -1.014e-06 
  1.914e-04  3.851e-06  9.073e-08 -1.014e-06  1.125e-06 
 PARAMETER  CORRELATION COEFFICIENTS  
       NO.  GLOBAL      8     18     19     20     22
        8  0.27503   1.000  0.064  0.026 -0.119  0.168
       18  0.98401   0.064  1.000 -0.685 -0.559  0.369
       19  0.97583   0.026 -0.685  1.000 -0.133  0.071
       20  0.98759  -0.119 -0.559 -0.133  1.000 -0.847
       22  0.95535   0.168  0.369  0.071 -0.847  1.000
MINUIT - FIT ONLY 1-y
 **********
 **   60 **RES 
 **********
                   PARAMETER   14  ANy2 RESTORED TO VARIABLE.
                   PARAMETER    7  w_CBO RESTORED TO VARIABLE.
                   PARAMETER    6  A_CBO RESTORED TO VARIABLE.
                   PARAMETER    4  phi RESTORED TO VARIABLE.
                   PARAMETER    3  A0 RESTORED TO VARIABLE.
                   PARAMETER    1  N0 RESTORED TO VARIABLE.
 **********
 **   61 **FIX            0
 **********
 PARAMETER    0  IS UNDEFINED. IGNORED.
 **********
 **   62 **FIX            1
 **********
 **********
 **   63 **FIX            2
 **********
 PARAMETER    2  IS CONSTANT.   IGNORED.
 **********
 **   64 **FIX            3
 **********
 **********
 **   65 **FIX            4
 **********
 **********
 **   66 **FIX            5
 **********
 PARAMETER    5  IS CONSTANT.   IGNORED.
 **********
 **   67 **FIX            6
 **********
 **********
 **   68 **FIX            7
 **********
 **********
 **   69 **FIX            8
 **********
 **********
 **   70 **FIX            9
 **********
 PARAMETER    9  IS CONSTANT.   IGNORED.
 **********
 **   71 **FIX           13
 **********
 PARAMETER   13  IS CONSTANT.   IGNORED.
 **********
 **   72 **FIX           14
 **********
 **********
 **   73 **FIX           15
 **********
 PARAMETER   15  IS CONSTANT.   IGNORED.
 **********
 **   74 **FIX           16
 **********
 PARAMETER   16  IS CONSTANT.   IGNORED.
 **********
 **   75 **MIGRAD
 **********
 START MIGRAD MINIMIZATION.  STRATEGY  1.  CONVERGENCE WHEN EDM .LT. 1.00e-04
 FCN=409.684 FROM MIGRAD    STATUS=INITIATE        8 CALLS         832 TOTAL
                     EDM= unknown      STRATEGY= 1      NO ERROR MATRIX       
  EXT PARAMETER               CURRENT GUESS       STEP         FIRST   
  NO.   NAME      VALUE            ERROR          SIZE      DERIVATIVE 
   1  N0           2.97509e+06     fixed    
   2  tau          6.44054e+01   constant   
   3  A0           3.48632e-01     fixed    
   4  phi          4.11431e+00     fixed    
   5  R           -6.09493e+01   constant   
   6  A_CBO        2.49133e-04     fixed    
   7  w_CBO        2.32654e+00     fixed    
   8  phi_CBO     -9.19071e-01     fixed    
   9  ANx2         7.43781e-04   constant   
  10  pNx2         1.57222e+00   constant   
  11  ANy1         0.00000e+00   constant   
  12  pNy1         0.00000e+00   constant   
  13  w_y          0.00000e+00   constant   
  14  ANy2         1.64450e-04     fixed    
  15  pNy2         6.06093e+00   constant   
  16  w_vw         1.43032e+01   constant   
  17  LM           6.04551e-05   constant   
  18  wCBO_expCoeff   2.00013e+02   9.84398e-03   9.53735e-05   1.08523e+00
  19  wCBO_expOffset   2.00002e+02   1.20453e-03   9.53683e-05  -8.40991e+00
  20  wCBO_expT    2.99975e+01   1.12836e-03   1.43039e-05   1.12597e+00
  21  wCBO_linCoeff   0.00000e+00   constant   
  22  wCBO_const   1.84459e-03   1.06065e-03   3.10144e-06  -4.90783e-01
 MIGRAD FAILS TO FIND IMPROVEMENT
 COVARIANCE MATRIX CALCULATED SUCCESSFULLY
 FCN=409.684 FROM HESSE     STATUS=OK             27 CALLS         867 TOTAL
                     EDM=9.79229e-06    STRATEGY= 1      ERROR MATRIX ACCURATE 
  EXT PARAMETER                                   STEP         FIRST   
  NO.   NAME      VALUE            ERROR          SIZE      DERIVATIVE 
   1  N0           2.97509e+06     fixed    
   2  tau          6.44054e+01   constant   
   3  A0           3.48632e-01     fixed    
   4  phi          4.11431e+00     fixed    
   5  R           -6.09493e+01   constant   
   6  A_CBO        2.49133e-04     fixed    
   7  w_CBO        2.32654e+00     fixed    
   8  phi_CBO     -9.19071e-01     fixed    
   9  ANx2         7.43781e-04   constant   
  10  pNx2         1.57222e+00   constant   
  11  ANy1         0.00000e+00   constant   
  12  pNy1         0.00000e+00   constant   
  13  w_y          0.00000e+00   constant   
  14  ANy2         1.64450e-04     fixed    
  15  pNy2         6.06093e+00   constant   
  16  w_vw         1.43032e+01   constant   
  17  LM           6.04551e-05   constant   
  18  wCBO_expCoeff   2.00013e+02   9.82390e-03   9.53735e-05   1.12618e+00
  19  wCBO_expOffset   2.00002e+02   1.20412e-03   9.53683e-05   7.43818e+00
  20  wCBO_expT    2.99975e+01   1.12037e-03   1.43039e-05   1.69016e+00
  21  wCBO_linCoeff   0.00000e+00   constant   
  22  wCBO_const   1.84459e-03   1.04555e-03   3.10108e-06  -4.85888e-01
 MIGRAD FAILS TO FIND IMPROVEMENT
 MIGRAD MINIMIZATION HAS CONVERGED.
 FCN=409.684 FROM MIGRAD    STATUS=CONVERGED      64 CALLS         888 TOTAL
                     EDM=8.82671e-05    STRATEGY= 1  ERROR MATRIX UNCERTAINTY   4.7 per cent
  EXT PARAMETER                                   STEP         FIRST   
  NO.   NAME      VALUE            ERROR          SIZE      DERIVATIVE 
   1  N0           2.97509e+06     fixed    
   2  tau          6.44054e+01   constant   
   3  A0           3.48632e-01     fixed    
   4  phi          4.11431e+00     fixed    
   5  R           -6.09493e+01   constant   
   6  A_CBO        2.49133e-04     fixed    
   7  w_CBO        2.32654e+00     fixed    
   8  phi_CBO     -9.19071e-01     fixed    
   9  ANx2         7.43781e-04   constant   
  10  pNx2         1.57222e+00   constant   
  11  ANy1         0.00000e+00   constant   
  12  pNy1         0.00000e+00   constant   
  13  w_y          0.00000e+00   constant   
  14  ANy2         1.64450e-04     fixed    
  15  pNy2         6.06093e+00   constant   
  16  w_vw         1.43032e+01   constant   
  17  LM           6.04551e-05   constant   
  18  wCBO_expCoeff   2.00013e+02   1.01917e-02  -0.00000e+00  -3.13241e-01
  19  wCBO_expOffset   2.00002e+02   4.09567e-04   0.00000e+00  -1.76293e+01
  20  wCBO_expT    2.99975e+01   1.33528e-03   0.00000e+00  -2.43858e+00
  21  wCBO_linCoeff   0.00000e+00   constant   
  22  wCBO_const   1.84295e-03   1.10459e-03  -0.00000e+00   5.54342e-03
 EXTERNAL ERROR MATRIX.    NDIM=  25    NPAR=  4    ERR DEF=1
  1.039e-04 -2.087e-06 -1.197e-05  6.348e-06 
 -2.087e-06  1.677e-07  9.151e-08 -3.885e-09 
 -1.197e-05  9.151e-08  1.783e-06 -1.250e-06 
  6.348e-06 -3.885e-09 -1.250e-06  1.220e-06 
 PARAMETER  CORRELATION COEFFICIENTS  
       NO.  GLOBAL     18     19     20     22
       18  0.98493   1.000 -0.500 -0.880  0.564
       19  0.86518  -0.500  1.000  0.167 -0.009
       20  0.99121  -0.880  0.167  1.000 -0.848
       22  0.95890   0.564 -0.009 -0.848  1.000
MINUIT - FIT ONLY 2-y
 **********
 **   76 **RES 
 **********
                   PARAMETER   14  ANy2 RESTORED TO VARIABLE.
                   PARAMETER    8  phi_CBO RESTORED TO VARIABLE.
                   PARAMETER    7  w_CBO RESTORED TO VARIABLE.
                   PARAMETER    6  A_CBO RESTORED TO VARIABLE.
                   PARAMETER    4  phi RESTORED TO VARIABLE.
                   PARAMETER    3  A0 RESTORED TO VARIABLE.
                   PARAMETER    1  N0 RESTORED TO VARIABLE.
 **********
 **   77 **FIX            0
 **********
 PARAMETER    0  IS UNDEFINED. IGNORED.
 **********
 **   78 **FIX            1
 **********
 **********
 **   79 **FIX            2
 **********
 PARAMETER    2  IS CONSTANT.   IGNORED.
 **********
 **   80 **FIX            3
 **********
 **********
 **   81 **FIX            4
 **********
 **********
 **   82 **FIX            5
 **********
 PARAMETER    5  IS CONSTANT.   IGNORED.
 **********
 **   83 **FIX            6
 **********
 **********
 **   84 **FIX            7
 **********
 **********
 **   85 **FIX            8
 **********
 **********
 **   86 **FIX            9
 **********
 PARAMETER    9  IS CONSTANT.   IGNORED.
 **********
 **   87 **FIX           10
 **********
 PARAMETER   10  IS CONSTANT.   IGNORED.
 **********
 **   88 **FIX           11
 **********
 PARAMETER   11  IS CONSTANT.   IGNORED.
 **********
 **   89 **FIX           12
 **********
 PARAMETER   12  IS CONSTANT.   IGNORED.
 **********
 **   90 **FIX           16
 **********
 PARAMETER   16  IS CONSTANT.   IGNORED.
 **********
 **   91 **MIGRAD
 **********
 START MIGRAD MINIMIZATION.  STRATEGY  1.  CONVERGENCE WHEN EDM .LT. 1.00e-04
 FCN=409.684 FROM MIGRAD    STATUS=INITIATE       10 CALLS         898 TOTAL
                     EDM= unknown      STRATEGY= 1      NO ERROR MATRIX       
  EXT PARAMETER               CURRENT GUESS       STEP         FIRST   
  NO.   NAME      VALUE            ERROR          SIZE      DERIVATIVE 
   1  N0           2.97509e+06     fixed    
   2  tau          6.44054e+01   constant   
   3  A0           3.48632e-01     fixed    
   4  phi          4.11431e+00     fixed    
   5  R           -6.09493e+01   constant   
   6  A_CBO        2.49133e-04     fixed    
   7  w_CBO        2.32654e+00     fixed    
   8  phi_CBO     -9.19071e-01     fixed    
   9  ANx2         7.43781e-04   constant   
  10  pNx2         1.57222e+00   constant   
  11  ANy1         0.00000e+00   constant   
  12  pNy1         0.00000e+00   constant   
  13  w_y          0.00000e+00   constant   
  14  ANy2         1.64450e-04   2.88674e-04   2.88674e-04   1.98927e+02
  15  pNy2         6.06093e+00   constant   
  16  w_vw         1.43032e+01   constant   
  17  LM           6.04551e-05   constant   
  18  wCBO_expCoeff   2.00013e+02   1.01917e-02  -0.00000e+00  -3.13241e-01
  19  wCBO_expOffset   2.00002e+02   4.09567e-04   0.00000e+00  -1.76293e+01
  20  wCBO_expT    2.99975e+01   1.33528e-03   0.00000e+00  -2.43858e+00
  21  wCBO_linCoeff   0.00000e+00   constant   
  22  wCBO_const   1.84295e-03   1.10459e-03  -0.00000e+00   5.54245e-03
 MIGRAD FAILS TO FIND IMPROVEMENT
 MIGRAD MINIMIZATION HAS CONVERGED.
 MIGRAD WILL VERIFY CONVERGENCE AND ERROR MATRIX.
 COVARIANCE MATRIX CALCULATED SUCCESSFULLY
 FCN=409.683 FROM MIGRAD    STATUS=CONVERGED      69 CALLS         957 TOTAL
                     EDM=4.09949e-06    STRATEGY= 1      ERROR MATRIX ACCURATE 
  EXT PARAMETER                                   STEP         FIRST   
  NO.   NAME      VALUE            ERROR          SIZE      DERIVATIVE 
   1  N0           2.97509e+06     fixed    
   2  tau          6.44054e+01   constant   
   3  A0           3.48632e-01     fixed    
   4  phi          4.11431e+00     fixed    
   5  R           -6.09493e+01   constant   
   6  A_CBO        2.49133e-04     fixed    
   7  w_CBO        2.32654e+00     fixed    
   8  phi_CBO     -9.19071e-01     fixed    
   9  ANx2         7.43781e-04   constant   
  10  pNx2         1.57222e+00   constant   
  11  ANy1         0.00000e+00   constant   
  12  pNy1         0.00000e+00   constant   
  13  w_y          0.00000e+00   constant   
  14  ANy2         1.56232e-04   2.88557e-04   2.84425e-06   1.36860e+00
  15  pNy2         6.06093e+00   constant   
  16  w_vw         1.43032e+01   constant   
  17  LM           6.04551e-05   constant   
  18  wCBO_expCoeff   2.00013e+02   9.83405e-03   9.53734e-05   6.90928e-01
  19  wCBO_expOffset   2.00002e+02   1.20549e-03   9.53683e-05   4.44919e+00
  20  wCBO_expT    2.99975e+01   1.12213e-03   1.43039e-05   2.25875e+00
  21  wCBO_linCoeff   0.00000e+00   constant   
  22  wCBO_const   1.84295e-03   1.04763e-03   3.10130e-06  -4.55665e-01
 EXTERNAL ERROR MATRIX.    NDIM=  25    NPAR=  5    ERR DEF=1
  8.327e-08  2.003e-08  3.683e-09 -7.056e-09 -2.623e-09 
  2.003e-08  9.671e-05 -8.165e-06 -6.141e-06  3.753e-06 
  3.683e-09 -8.165e-06  1.453e-06 -1.768e-07  8.524e-08 
 -7.056e-09 -6.141e-06 -1.768e-07  1.259e-06 -9.937e-07 
 -2.623e-09  3.753e-06  8.524e-08 -9.937e-07  1.098e-06 
