 + ++++++++++++++++++++++++++++++++++++++++++++++++++++++++++++++++++++ +
 +                                                                      +
 +           You have chose to blind your fitting according to          +
 +                omega_ref * (1 + (R +/- deltaR) *10^{-6})             +
 +                                                                      +
 + ++++++++++++++++++++++++++++++++++++++++++++++++++++++++++++++++++++ +
In main()...
reading format from /gm2data/zkhechad/run45/envelope/formats/formatB_sBin_constraintOn.txt
pBinTau 	= 0  
pBinPhi 	= 0  
constraintau 	= 1 
includeMopTerm 	= 0    
constrainMop    = 0   
Parameters after format file: pBinTau 0 pBinPhi 0 constraintau 1 includeMopTerm 0 constrainMop 0 c_e_scale 0.000000 
reading cbo reference file (full fit) from /gm2data/zkhechad/cboTemplates/Run4CBOTemplates/fullFits/run4/sBin_constraintOn_cE0.0_seed0_run4_calo6.root
A_CBO 0.010001 w_CBO 2.327040 phi_CBO 5.088588 N0 2817823.633276 R -61.510560 tau 64.405014 
Reading cboRef file /gm2data/zkhechad/cboTemplates/Run4CBOTemplates//cboIsolate/run4_calo6.root
deltaT 164.120000
windowBins = 1100
fitting sliding window 1340 from bin 1543 at 230.215600 to bin 2643 at 394.335600 (1100 bins)

Reading data from /gm2data/cornell/histograms/aMethod/histogram_a_run4.root
fitting cbo isolate
 **********
 **    1 **SET PRINTOUT            1
 **********
 **********
 **    2 **SET NOWARNINGS 
 **********
 PARAMETER DEFINITIONS:
    NO.   NAME         VALUE      STEP SIZE      LIMITS
     1 A_CBO        1.00010e-02  1.00000e-05     no limits
     2 w_CBO        2.32704e+00  1.00000e-02    2.00000e+00  3.00000e+00
     3 phi_CBO      5.08859e+00  1.00000e-02    0.00000e+00  6.28319e+00
 **********
 **    3 **MIGRAD
 **********
 FIRST CALL TO USER FUNCTION AT NEW START POINT, WITH IFLAG=4.
 START MIGRAD MINIMIZATION.  STRATEGY  1.  CONVERGENCE WHEN EDM .LT. 1.00e-04
 FCN=0.0515877 FROM MIGRAD    STATUS=INITIATE       12 CALLS          13 TOTAL
                     EDM= unknown      STRATEGY= 1      NO ERROR MATRIX       
  EXT PARAMETER               CURRENT GUESS       STEP         FIRST   
  NO.   NAME      VALUE            ERROR          SIZE      DERIVATIVE 
   1  A_CBO        1.00010e-02   1.00000e-05   1.00000e-05   7.83642e+00
   2  w_CBO        2.32704e+00   1.00000e-02   2.13182e-02   4.61512e-01
   3  phi_CBO      5.08859e+00   1.00000e-02   4.05596e-03  -7.59475e-03
 MIGRAD MINIMIZATION HAS CONVERGED.
 MIGRAD WILL VERIFY CONVERGENCE AND ERROR MATRIX.
 COVARIANCE MATRIX CALCULATED SUCCESSFULLY
 FCN=0.0236931 FROM MIGRAD    STATUS=CONVERGED      49 CALLS          50 TOTAL
                     EDM=3.29875e-06    STRATEGY= 1      ERROR MATRIX ACCURATE 
  EXT PARAMETER                                   STEP         FIRST   
  NO.   NAME      VALUE            ERROR          SIZE      DERIVATIVE 
   1  A_CBO        2.88809e-03   4.26679e-02   2.10368e-05  -2.25005e-02
   2  w_CBO        2.32687e+00   2.79046e-01   4.98435e-05   2.46061e-03
   3  phi_CBO      5.13717e+00   4.16277e+00   3.10286e-03   1.98400e-05
 EXTERNAL ERROR MATRIX.    NDIM=  25    NPAR=  3    ERR DEF=1
  1.821e-03 -7.941e-04 -2.479e-01 
 -7.941e-04  8.932e-02  2.750e+01 
 -2.479e-01  2.750e+01  8.682e+03 
 PARAMETER  CORRELATION COEFFICIENTS  
       NO.  GLOBAL      1      2      3
        1  0.06251   1.000 -0.062 -0.062
        2  0.98742  -0.062  1.000  0.987
        3  0.98742  -0.062  0.987  1.000
setting A_CBO=0.002888 w_CBO=2.326871, phi_CBO=5.137167
done fitting cbo isolate
 **********
 **    1 **SET PRINTOUT            1
 **********
 **********
 **    2 **SET NOWARNINGS 
 **********
 PARAMETER DEFINITIONS:
    NO.   NAME         VALUE      STEP SIZE      LIMITS
     1 N0           2.81782e+06  1.00000e+02     no limits
     2 tau          6.44050e+01  constant
     3 A0           3.53650e-01  1.00000e-04     no limits
     4 phi          4.11538e+00  1.00000e-02     no limits
     5 R           -6.15106e+01  constant
     6 A_CBO        2.88809e-03  1.00000e-05     no limits
     7 w_CBO        2.32687e+00  1.00000e-03     no limits
     8 phi_CBO      5.13717e+00  1.00000e-04     no limits
     9 ANx2         5.52857e-04  constant
    10 pNx2         5.73177e+00  constant
    11 ANy1         0.00000e+00  constant
    12 pNy1         0.00000e+00  constant
    13 w_y          0.00000e+00  constant
    14 ANy2         9.05236e-03  1.00000e-04     no limits
    15 pNy2         5.72687e+00  constant
    16 w_vw         1.43172e+01  constant
    17 LM           3.92941e-07  constant
    18 wCBO_expCoeff   2.00000e+02  1.00000e+00     no limits
    19 wCBO_expOffset   2.00000e+02  1.00000e+00     no limits
    20 wCBO_expT    3.00000e+01  1.00000e+00     no limits
    21 wCBO_linCoeff   0.00000e+00  constant
    22 wCBO_const   0.00000e+00  1.00000e-02     no limits
MINUIT - FIT ONLY WIGGLE
 **********
 **    3 **FIX            5
 **********
 PARAMETER    5  IS CONSTANT.   IGNORED.
 **********
 **    4 **FIX            6
 **********
 **********
 **    5 **FIX            7
 **********
 **********
 **    6 **FIX            8
 **********
 **********
 **    7 **FIX            9
 **********
 PARAMETER    9  IS CONSTANT.   IGNORED.
 **********
 **    8 **FIX           10
 **********
 PARAMETER   10  IS CONSTANT.   IGNORED.
 **********
 **    9 **FIX           11
 **********
 PARAMETER   11  IS CONSTANT.   IGNORED.
 **********
 **   10 **FIX           12
 **********
 PARAMETER   12  IS CONSTANT.   IGNORED.
 **********
 **   11 **FIX           13
 **********
 PARAMETER   13  IS CONSTANT.   IGNORED.
 **********
 **   12 **FIX           14
 **********
 **********
 **   13 **FIX           15
 **********
 PARAMETER   15  IS CONSTANT.   IGNORED.
 **********
 **   14 **FIX           16
 **********
 PARAMETER   16  IS CONSTANT.   IGNORED.
 **********
 **   15 **MIGRAD
 **********
 FIRST CALL TO USER FUNCTION AT NEW START POINT, WITH IFLAG=4.
 START MIGRAD MINIMIZATION.  STRATEGY  1.  CONVERGENCE WHEN EDM .LT. 1.00e-04
 FCN=1441.68 FROM MIGRAD    STATUS=INITIATE       34 CALLS          35 TOTAL
                     EDM= unknown      STRATEGY= 1      NO ERROR MATRIX       
  EXT PARAMETER               CURRENT GUESS       STEP         FIRST   
  NO.   NAME      VALUE            ERROR          SIZE      DERIVATIVE 
   1  N0           2.81782e+06   1.00000e+02   1.00000e+02   2.86664e-03
   2  tau          6.44050e+01   constant   
   3  A0           3.53650e-01   1.00000e-04   1.00000e-04   3.00485e+03
   4  phi          4.11538e+00   1.00000e-02   1.00000e-02  -2.02661e+03
   5  R           -6.15106e+01   constant   
   6  A_CBO        2.88809e-03     fixed    
   7  w_CBO        2.32687e+00     fixed    
   8  phi_CBO      5.13717e+00     fixed    
   9  ANx2         5.52857e-04   constant   
  10  pNx2         5.73177e+00   constant   
  11  ANy1         0.00000e+00   constant   
  12  pNy1         0.00000e+00   constant   
  13  w_y          0.00000e+00   constant   
  14  ANy2         9.05236e-03     fixed    
  15  pNy2         5.72687e+00   constant   
  16  w_vw         1.43172e+01   constant   
  17  LM           3.92941e-07   constant   
  18  wCBO_expCoeff   2.00000e+02   1.00000e+00   1.00000e+00   4.62747e+03
  19  wCBO_expOffset   2.00000e+02   1.00000e+00   1.00000e+00   3.05460e+04
  20  wCBO_expT    3.00000e+01   1.00000e+00   1.00000e+00   4.09435e+04
  21  wCBO_linCoeff   0.00000e+00   constant   
  22  wCBO_const   0.00000e+00   1.00000e-02   1.00000e-02   2.06700e+04
 MIGRAD FAILS TO FIND IMPROVEMENT
 COVARIANCE MATRIX CALCULATED SUCCESSFULLY
 FCN=1397.75 FROM HESSE     STATUS=OK             52 CALLS         391 TOTAL
                     EDM=0.00152058    STRATEGY= 1      ERROR MATRIX ACCURATE 
  EXT PARAMETER                                   STEP         FIRST   
  NO.   NAME      VALUE            ERROR          SIZE      DERIVATIVE 
   1  N0           2.81785e+06   5.86456e+02   1.06264e+01   1.33370e-05
   2  tau          6.44050e+01   constant   
   3  A0           3.53533e-01   2.77987e-04   5.06215e-06   4.19262e+01
   4  phi          4.11507e+00   8.23355e-04   1.48485e-05   2.10071e+00
   5  R           -6.15106e+01   constant   
   6  A_CBO        2.88809e-03     fixed    
   7  w_CBO        2.32687e+00     fixed    
   8  phi_CBO      5.13717e+00     fixed    
   9  ANx2         5.52857e-04   constant   
  10  pNx2         5.73177e+00   constant   
  11  ANy1         0.00000e+00   constant   
  12  pNy1         0.00000e+00   constant   
  13  w_y          0.00000e+00   constant   
  14  ANy2         9.05236e-03     fixed    
  15  pNy2         5.72687e+00   constant   
  16  w_vw         1.43172e+01   constant   
  17  LM           3.92941e-07   constant   
  18  wCBO_expCoeff   1.99984e+02   4.26646e-03   9.53600e-05  -4.19579e+01
  19  wCBO_expOffset   2.00001e+02   4.15416e-04   9.53678e-05  -2.80430e+02
  20  wCBO_expT    2.99988e+01   5.01785e-04   1.43046e-05  -4.55623e+02
  21  wCBO_linCoeff   0.00000e+00   constant   
  22  wCBO_const   2.07798e-04   3.67879e-04   4.11092e-06  -2.98879e+02
 MIGRAD FAILS TO FIND IMPROVEMENT
 MIGRAD TERMINATED WITHOUT CONVERGENCE.
 FCN=1397.74 FROM MIGRAD    STATUS=FAILED        614 CALLS         615 TOTAL
                     EDM=0.011699    STRATEGY= 1  ERROR MATRIX UNCERTAINTY   0.0 per cent
  EXT PARAMETER                APPROXIMATE        STEP         FIRST   
  NO.   NAME      VALUE            ERROR          SIZE      DERIVATIVE 
   1  N0           2.81784e+06   5.88534e+02  -0.00000e+00  -3.72732e-06
   2  tau          6.44050e+01   constant   
   3  A0           3.53531e-01   2.78525e-04  -0.00000e+00  -1.01600e+01
   4  phi          4.11508e+00   8.28067e-04   0.00000e+00  -4.19677e-01
   5  R           -6.15106e+01   constant   
   6  A_CBO        2.88809e-03     fixed    
   7  w_CBO        2.32687e+00     fixed    
   8  phi_CBO      5.13717e+00     fixed    
   9  ANx2         5.52857e-04   constant   
  10  pNx2         5.73177e+00   constant   
  11  ANy1         0.00000e+00   constant   
  12  pNy1         0.00000e+00   constant   
  13  w_y          0.00000e+00   constant   
  14  ANy2         9.05236e-03     fixed    
  15  pNy2         5.72687e+00   constant   
  16  w_vw         1.43172e+01   constant   
  17  LM           3.92941e-07   constant   
  18  wCBO_expCoeff   1.99984e+02   1.29277e-02  -0.00000e+00   1.64110e+01
  19  wCBO_expOffset   2.00001e+02   1.40899e-03   0.00000e+00  -5.26842e+01
  20  wCBO_expT    2.99988e+01   6.68682e-04   0.00000e+00   1.03217e+02
  21  wCBO_linCoeff   0.00000e+00   constant   
  22  wCBO_const   2.13527e-04   3.43990e-04  -0.00000e+00   8.40231e+01
 EXTERNAL ERROR MATRIX.    NDIM=  25    NPAR=  7    ERR DEF=1
  3.464e+05  5.392e-03 -1.457e-02  1.181e+00 -1.218e-01 -4.619e-02  5.956e-03 
  5.392e-03  7.758e-08 -4.450e-09  6.734e-07 -7.250e-08 -2.366e-08  2.219e-09 
 -1.457e-02 -4.450e-09  6.857e-07 -1.837e-06  1.925e-07  8.437e-08 -4.787e-09 
  1.181e+00  6.734e-07 -1.837e-06  1.671e-04 -1.737e-05 -7.243e-06  8.983e-08 
 -1.218e-01 -7.250e-08  1.925e-07 -1.737e-05  1.985e-06  6.253e-07  2.399e-08 
 -4.619e-02 -2.366e-08  8.437e-08 -7.243e-06  6.253e-07  4.471e-07 -9.524e-08 
  5.956e-03  2.219e-09 -4.787e-09  8.983e-08  2.399e-08 -9.524e-08  1.183e-07 
ERR MATRIX APPROXIMATE
 PARAMETER  CORRELATION COEFFICIENTS  
       NO.  GLOBAL      1      3      4     18     19     20     22
        1  0.40325   1.000  0.033 -0.030  0.155 -0.147 -0.117  0.029
        3  0.48395   0.033  1.000 -0.019  0.187 -0.185 -0.127  0.023
        4  0.20118  -0.030 -0.019  1.000 -0.172  0.165  0.152 -0.017
       18  0.99964   0.155  0.187 -0.172  1.000 -0.954 -0.838  0.020
       19  0.99906  -0.147 -0.185  0.165 -0.954  1.000  0.664  0.049
       20  0.99849  -0.117 -0.127  0.152 -0.838  0.664  1.000 -0.414
       22  0.98485   0.029  0.023 -0.017  0.020  0.049 -0.414  1.000
 ERR MATRIX APPROXIMATE
MINUIT - FIT ONLY 1-CBO + other amplitudes 
 **********
 **   16 **RES 
 **********
                   PARAMETER   14  ANy2 RESTORED TO VARIABLE.
                   PARAMETER    8  phi_CBO RESTORED TO VARIABLE.
                   PARAMETER    7  w_CBO RESTORED TO VARIABLE.
                   PARAMETER    6  A_CBO RESTORED TO VARIABLE.
 **********
 **   17 **FIX            0
 **********
 PARAMETER    0  IS UNDEFINED. IGNORED.
 **********
 **   18 **FIX            1
 **********
 **********
 **   19 **FIX            2
 **********
 PARAMETER    2  IS CONSTANT.   IGNORED.
 **********
 **   20 **FIX            3
 **********
 **********
 **   21 **FIX            4
 **********
 **********
 **   22 **FIX            9
 **********
 PARAMETER    9  IS CONSTANT.   IGNORED.
 **********
 **   23 **FIX           11
 **********
 PARAMETER   11  IS CONSTANT.   IGNORED.
 **********
 **   24 **FIX           12
 **********
 PARAMETER   12  IS CONSTANT.   IGNORED.
 **********
 **   25 **FIX           14
 **********
 **********
 **   26 **FIX           15
 **********
 PARAMETER   15  IS CONSTANT.   IGNORED.
 **********
 **   27 **FIX           16
 **********
 PARAMETER   16  IS CONSTANT.   IGNORED.
 **********
 **   28 **MIGRAD
 **********
 START MIGRAD MINIMIZATION.  STRATEGY  1.  CONVERGENCE WHEN EDM .LT. 1.00e-04
 FCN=1397.74 FROM MIGRAD    STATUS=INITIATE       22 CALLS         637 TOTAL
                     EDM= unknown      STRATEGY= 1      NO ERROR MATRIX       
  EXT PARAMETER               CURRENT GUESS       STEP         FIRST   
  NO.   NAME      VALUE            ERROR          SIZE      DERIVATIVE 
   1  N0           2.81784e+06     fixed    
   2  tau          6.44050e+01   constant   
   3  A0           3.53531e-01     fixed    
   4  phi          4.11508e+00     fixed    
   5  R           -6.15106e+01   constant   
   6  A_CBO        2.88809e-03   1.00000e-05   1.00000e-05   5.94982e+04
   7  w_CBO        2.32687e+00   1.00000e-03   1.00000e-03   1.44378e+03
   8  phi_CBO      5.13717e+00   1.00000e-04   1.00000e-04   2.52173e+01
   9  ANx2         5.52857e-04   constant   
  10  pNx2         5.73177e+00   constant   
  11  ANy1         0.00000e+00   constant   
  12  pNy1         0.00000e+00   constant   
  13  w_y          0.00000e+00   constant   
  14  ANy2         9.05236e-03     fixed    
  15  pNy2         5.72687e+00   constant   
  16  w_vw         1.43172e+01   constant   
  17  LM           3.92941e-07   constant   
  18  wCBO_expCoeff   1.99984e+02   1.29277e-02  -0.00000e+00   1.64110e+01
  19  wCBO_expOffset   2.00001e+02   1.40899e-03   0.00000e+00  -5.26842e+01
  20  wCBO_expT    2.99988e+01   6.68682e-04   0.00000e+00   1.03217e+02
  21  wCBO_linCoeff   0.00000e+00   constant   
  22  wCBO_const   2.13527e-04   3.43990e-04  -0.00000e+00   8.40231e+01
 MIGRAD MINIMIZATION HAS CONVERGED.
 FCN=1315.48 FROM MIGRAD    STATUS=CONVERGED     172 CALLS         787 TOTAL
                     EDM=1.83116e-06    STRATEGY= 1  ERROR MATRIX UNCERTAINTY   1.1 per cent
  EXT PARAMETER                                   STEP         FIRST   
  NO.   NAME      VALUE            ERROR          SIZE      DERIVATIVE 
   1  N0           2.81784e+06     fixed    
   2  tau          6.44050e+01   constant   
   3  A0           3.53531e-01     fixed    
   4  phi          4.11508e+00     fixed    
   5  R           -6.15106e+01   constant   
   6  A_CBO        7.08516e-04   3.05234e-04  -1.08957e-06   2.66423e-02
   7  w_CBO        2.32686e+00   2.42954e-05   8.71438e-09  -7.08622e+01
   8  phi_CBO      3.74039e+00   4.77317e-01  -4.55653e-04  -9.01312e-04
   9  ANx2         5.52857e-04   constant   
  10  pNx2         5.73177e+00   constant   
  11  ANy1         0.00000e+00   constant   
  12  pNy1         0.00000e+00   constant   
  13  w_y          0.00000e+00   constant   
  14  ANy2         9.05236e-03     fixed    
  15  pNy2         5.72687e+00   constant   
  16  w_vw         1.43172e+01   constant   
  17  LM           3.92941e-07   constant   
  18  wCBO_expCoeff   1.99983e+02   2.12522e-03   7.78734e-07  -8.29966e-01
  19  wCBO_expOffset   2.00001e+02   4.49832e-04  -2.52496e-07   1.31447e+01
  20  wCBO_expT    2.99988e+01   8.63605e-04   6.80826e-07   3.27194e+00
  21  wCBO_linCoeff   0.00000e+00   constant   
  22  wCBO_const   1.88573e-04   5.14087e-04  -3.35256e-09   7.17336e-01
 EXTERNAL ERROR MATRIX.    NDIM=  25    NPAR=  7    ERR DEF=1
  9.317e-08 -2.269e-09 -2.140e-05 -2.003e-07 -3.414e-08  6.819e-08 -1.468e-08 
 -2.269e-09  5.903e-10  2.131e-06  3.688e-08  8.450e-09 -1.754e-08  5.574e-09 
 -2.140e-05  2.131e-06  2.278e-01  1.888e-04  3.991e-05 -4.299e-05  8.666e-06 
 -2.003e-07  3.688e-08  1.888e-04  4.517e-06  7.370e-07 -1.522e-06  4.696e-07 
 -3.414e-08  8.450e-09  3.991e-05  7.370e-07  2.023e-07 -3.587e-07  1.254e-07 
  6.819e-08 -1.754e-08 -4.299e-05 -1.522e-06 -3.587e-07  7.458e-07 -3.208e-07 
 -1.468e-08  5.574e-09  8.666e-06  4.696e-07  1.254e-07 -3.208e-07  2.643e-07 
 PARAMETER  CORRELATION COEFFICIENTS  
       NO.  GLOBAL      6      7      8     18     19     20     22
        6  0.35089   1.000 -0.306 -0.147 -0.309 -0.249  0.259 -0.094
        7  0.89287  -0.306  1.000  0.184  0.714  0.773 -0.836  0.446
        8  0.45178  -0.147  0.184  1.000  0.186  0.186 -0.104  0.035
       18  0.89131  -0.309  0.714  0.186  1.000  0.771 -0.829  0.430
       19  0.95543  -0.249  0.773  0.186  0.771  1.000 -0.923  0.542
       20  0.98810   0.259 -0.836 -0.104 -0.829 -0.923  1.000 -0.723
       22  0.89708  -0.094  0.446  0.035  0.430  0.542 -0.723  1.000
MINUIT - FIT ONLY 1-CBO
 **********
 **   29 **RES 
 **********
                   PARAMETER   14  ANy2 RESTORED TO VARIABLE.
                   PARAMETER    4  phi RESTORED TO VARIABLE.
                   PARAMETER    3  A0 RESTORED TO VARIABLE.
                   PARAMETER    1  N0 RESTORED TO VARIABLE.
 **********
 **   30 **FIX            0
 **********
 PARAMETER    0  IS UNDEFINED. IGNORED.
 **********
 **   31 **FIX            1
 **********
 **********
 **   32 **FIX            2
 **********
 PARAMETER    2  IS CONSTANT.   IGNORED.
 **********
 **   33 **FIX            3
 **********
 **********
 **   34 **FIX            4
 **********
 **********
 **   35 **FIX            8
 **********
 **********
 **   36 **FIX            9
 **********
 PARAMETER    9  IS CONSTANT.   IGNORED.
 **********
 **   37 **FIX           11
 **********
 PARAMETER   11  IS CONSTANT.   IGNORED.
 **********
 **   38 **FIX           12
 **********
 PARAMETER   12  IS CONSTANT.   IGNORED.
 **********
 **   39 **FIX           13
 **********
 PARAMETER   13  IS CONSTANT.   IGNORED.
 **********
 **   40 **FIX           15
 **********
 PARAMETER   15  IS CONSTANT.   IGNORED.
 **********
 **   41 **FIX           16
 **********
 PARAMETER   16  IS CONSTANT.   IGNORED.
 **********
 **   42 **MIGRAD
 **********
 START MIGRAD MINIMIZATION.  STRATEGY  1.  CONVERGENCE WHEN EDM .LT. 1.00e-04
 FCN=1315.48 FROM MIGRAD    STATUS=INITIATE       16 CALLS         803 TOTAL
                     EDM= unknown      STRATEGY= 1      NO ERROR MATRIX       
  EXT PARAMETER               CURRENT GUESS       STEP         FIRST   
  NO.   NAME      VALUE            ERROR          SIZE      DERIVATIVE 
   1  N0           2.81784e+06     fixed    
   2  tau          6.44050e+01   constant   
   3  A0           3.53531e-01     fixed    
   4  phi          4.11508e+00     fixed    
   5  R           -6.15106e+01   constant   
   6  A_CBO        7.08516e-04   3.05234e-04  -1.08957e-06   2.66419e-02
   7  w_CBO        2.32686e+00   2.42954e-05   8.71438e-09  -7.08622e+01
   8  phi_CBO      3.74039e+00     fixed    
   9  ANx2         5.52857e-04   constant   
  10  pNx2         5.73177e+00   constant   
  11  ANy1         0.00000e+00   constant   
  12  pNy1         0.00000e+00   constant   
  13  w_y          0.00000e+00   constant   
  14  ANy2         9.05236e-03   1.00000e-04   1.00000e-04   2.04344e+05
  15  pNy2         5.72687e+00   constant   
  16  w_vw         1.43172e+01   constant   
  17  LM           3.92941e-07   constant   
  18  wCBO_expCoeff   1.99983e+02   2.12522e-03   7.78734e-07  -8.29966e-01
  19  wCBO_expOffset   2.00001e+02   4.49832e-04  -2.52496e-07   1.31447e+01
  20  wCBO_expT    2.99988e+01   8.63605e-04   6.80826e-07   3.27194e+00
  21  wCBO_linCoeff   0.00000e+00   constant   
  22  wCBO_const   1.88573e-04   5.14087e-04  -3.35256e-09   7.17343e-01
 MIGRAD MINIMIZATION HAS CONVERGED.
 MIGRAD WILL VERIFY CONVERGENCE AND ERROR MATRIX.
 FCN=410.964 FROM MIGRAD    STATUS=CONVERGED     219 CALLS        1006 TOTAL
                     EDM=1.18865e-05    STRATEGY= 1      ERR MATRIX NOT POS-DEF
  EXT PARAMETER                APPROXIMATE        STEP         FIRST   
  NO.   NAME      VALUE            ERROR          SIZE      DERIVATIVE 
   1  N0           2.81784e+06     fixed    
   2  tau          6.44050e+01   constant   
   3  A0           3.53531e-01     fixed    
   4  phi          4.11508e+00     fixed    
   5  R           -6.15106e+01   constant   
   6  A_CBO       -3.31095e-05   3.19816e-04   2.86732e-06  -4.87608e+00
   7  w_CBO        2.32688e+00   2.73050e-04   1.10954e-06  -5.05140e+01
   8  phi_CBO      3.74039e+00     fixed    
   9  ANx2         5.52857e-04   constant   
  10  pNx2         5.73177e+00   constant   
  11  ANy1         0.00000e+00   constant   
  12  pNy1         0.00000e+00   constant   
  13  w_y          0.00000e+00   constant   
  14  ANy2         2.01527e-04   2.92390e-04   2.90649e-06  -7.99236e+00
  15  pNy2         5.72687e+00   constant   
  16  w_vw         1.43172e+01   constant   
  17  LM           3.92941e-07   constant   
  18  wCBO_expCoeff   1.99985e+02   2.41867e-02   9.53603e-05  -5.87286e-01
  19  wCBO_expOffset   2.00001e+02   6.33261e-03   9.53678e-05  -3.88907e+00
  20  wCBO_expT    2.99985e+01   1.79274e-03   1.43044e-05  -2.97633e+00
  21  wCBO_linCoeff   0.00000e+00   constant   
  22  wCBO_const   1.21871e-04   6.60158e-04   4.39316e-06  -1.43397e-01
 EXTERNAL ERROR MATRIX.    NDIM=  25    NPAR=  7    ERR DEF=1
  1.023e-07 -1.421e-08  4.612e-09 -1.292e-06  5.733e-07 -1.908e-07  2.564e-08 
 -1.421e-08  7.456e-08  8.194e-09  1.788e-06 -1.279e-06  5.200e-08 -3.703e-08 
  4.612e-09  8.194e-09  8.549e-08  7.410e-07 -2.411e-07  1.271e-08 -3.631e-09 
 -1.292e-06  1.788e-06  7.410e-07  5.850e-04 -1.155e-04  4.951e-06 -1.371e-06 
  5.733e-07 -1.279e-06 -2.411e-07 -1.155e-04  4.010e-05 -5.236e-06  1.321e-06 
 -1.908e-07  5.200e-08  1.271e-08  4.951e-06 -5.236e-06  3.214e-06 -6.836e-07 
  2.564e-08 -3.703e-08 -3.631e-09 -1.371e-06  1.321e-06 -6.836e-07  4.358e-07 
ERR MATRIX NOT POS-DEF
 PARAMETER  CORRELATION COEFFICIENTS  
       NO.  GLOBAL      6      7     14     18     19     20     22
        6  0.45662   1.000 -0.163  0.049 -0.167  0.283 -0.333  0.121
        7  0.99039  -0.163  1.000  0.103  0.271 -0.740  0.106 -0.205
       14  0.16383   0.049  0.103  1.000  0.105 -0.130  0.024 -0.019
       18  0.99055  -0.167  0.271  0.105  1.000 -0.754  0.114 -0.086
       19  0.99690   0.283 -0.740 -0.130 -0.754  1.000 -0.461  0.316
       20  0.98006  -0.333  0.106  0.024  0.114 -0.461  1.000 -0.578
       22  0.75049   0.121 -0.205 -0.019 -0.086  0.316 -0.578  1.000
 ERR MATRIX NOT POS-DEF
MINUIT - FIT ONLY 2-CBO
 **********
 **   43 **RES 
 **********
                   PARAMETER    8  phi_CBO RESTORED TO VARIABLE.
                   PARAMETER    4  phi RESTORED TO VARIABLE.
                   PARAMETER    3  A0 RESTORED TO VARIABLE.
                   PARAMETER    1  N0 RESTORED TO VARIABLE.
 **********
 **   44 **FIX            0
 **********
 PARAMETER    0  IS UNDEFINED. IGNORED.
 **********
 **   45 **FIX            1
 **********
 **********
 **   46 **FIX            2
 **********
 PARAMETER    2  IS CONSTANT.   IGNORED.
 **********
 **   47 **FIX            3
 **********
 **********
 **   48 **FIX            4
 **********
 **********
 **   49 **FIX            5
 **********
 PARAMETER    5  IS CONSTANT.   IGNORED.
 **********
 **   50 **FIX            6
 **********
 **********
 **   51 **FIX            7
 **********
 **********
 **   52 **FIX           10
 **********
 PARAMETER   10  IS CONSTANT.   IGNORED.
 **********
 **   53 **FIX           11
 **********
 PARAMETER   11  IS CONSTANT.   IGNORED.
 **********
 **   54 **FIX           12
 **********
 PARAMETER   12  IS CONSTANT.   IGNORED.
 **********
 **   55 **FIX           13
 **********
 PARAMETER   13  IS CONSTANT.   IGNORED.
 **********
 **   56 **FIX           14
 **********
 **********
 **   57 **FIX           15
 **********
 PARAMETER   15  IS CONSTANT.   IGNORED.
 **********
 **   58 **FIX           16
 **********
 PARAMETER   16  IS CONSTANT.   IGNORED.
 **********
 **   59 **MIGRAD
 **********
 START MIGRAD MINIMIZATION.  STRATEGY  1.  CONVERGENCE WHEN EDM .LT. 1.00e-04
 FCN=410.964 FROM MIGRAD    STATUS=INITIATE       12 CALLS        1018 TOTAL
                     EDM= unknown      STRATEGY= 1      NO ERROR MATRIX       
  EXT PARAMETER               CURRENT GUESS       STEP         FIRST   
  NO.   NAME      VALUE            ERROR          SIZE      DERIVATIVE 
   1  N0           2.81784e+06     fixed    
   2  tau          6.44050e+01   constant   
   3  A0           3.53531e-01     fixed    
   4  phi          4.11508e+00     fixed    
   5  R           -6.15106e+01   constant   
   6  A_CBO       -3.31095e-05     fixed    
   7  w_CBO        2.32688e+00     fixed    
   8  phi_CBO      3.74039e+00   4.77317e-01   4.77317e-01   1.57943e-01
   9  ANx2         5.52857e-04   constant   
  10  pNx2         5.73177e+00   constant   
  11  ANy1         0.00000e+00   constant   
  12  pNy1         0.00000e+00   constant   
  13  w_y          0.00000e+00   constant   
  14  ANy2         2.01527e-04     fixed    
  15  pNy2         5.72687e+00   constant   
  16  w_vw         1.43172e+01   constant   
  17  LM           3.92941e-07   constant   
  18  wCBO_expCoeff   1.99985e+02   2.41867e-02   9.53603e-05  -5.72215e-01
  19  wCBO_expOffset   2.00001e+02   6.33261e-03   9.53678e-05   1.94866e+00
  20  wCBO_expT    2.99985e+01   1.79274e-03   1.43044e-05  -2.72589e+00
  21  wCBO_linCoeff   0.00000e+00   constant   
  22  wCBO_const   1.21871e-04   6.60158e-04   4.39316e-06  -1.38017e-01
 MIGRAD MINIMIZATION HAS CONVERGED.
 MIGRAD WILL VERIFY CONVERGENCE AND ERROR MATRIX.
 FCN=410.826 FROM MIGRAD    STATUS=CONVERGED     193 CALLS        1199 TOTAL
                     EDM=7.76416e-06    STRATEGY= 1      ERR MATRIX NOT POS-DEF
  EXT PARAMETER                APPROXIMATE        STEP         FIRST   
  NO.   NAME      VALUE            ERROR          SIZE      DERIVATIVE 
   1  N0           2.81784e+06     fixed    
   2  tau          6.44050e+01   constant   
   3  A0           3.53531e-01     fixed    
   4  phi          4.11508e+00     fixed    
   5  R           -6.15106e+01   constant   
   6  A_CBO       -3.31095e-05     fixed    
   7  w_CBO        2.32688e+00     fixed    
   8  phi_CBO     -4.16819e+01   3.55475e+00   3.49414e-02   3.90656e-04
   9  ANx2         5.52857e-04   constant   
  10  pNx2         5.73177e+00   constant   
  11  ANy1         0.00000e+00   constant   
  12  pNy1         0.00000e+00   constant   
  13  w_y          0.00000e+00   constant   
  14  ANy2         2.01527e-04     fixed    
  15  pNy2         5.72687e+00   constant   
  16  w_vw         1.43172e+01   constant   
  17  LM           3.92941e-07   constant   
  18  wCBO_expCoeff   1.99986e+02   3.59207e-02   9.53606e-05  -2.31471e-01
  19  wCBO_expOffset   2.00001e+02   6.62724e-03   9.53678e-05  -1.48676e+00
  20  wCBO_expT    2.99984e+01   2.03391e-03   1.43043e-05   1.13229e-01
  21  wCBO_linCoeff   0.00000e+00   constant   
  22  wCBO_const   1.43340e-04   6.80983e-04   4.38637e-06   1.57344e+00
 EXTERNAL ERROR MATRIX.    NDIM=  25    NPAR=  5    ERR DEF=1
  1.264e+01  1.288e-02 -3.223e-03  1.166e-03 -1.508e-04 
  1.288e-02  1.290e-03 -2.215e-04  2.316e-05 -3.995e-06 
 -3.223e-03 -2.215e-04  4.392e-05 -8.508e-06  1.478e-06 
  1.166e-03  2.316e-05 -8.508e-06  4.137e-06 -8.692e-07 
 -1.508e-04 -3.995e-06  1.478e-06 -8.692e-07  4.637e-07 
ERR MATRIX NOT POS-DEF
 PARAMETER  CORRELATION COEFFICIENTS  
       NO.  GLOBAL      8     18     19     20     22
        8  0.20401   1.000  0.101 -0.137  0.161 -0.062
       18  0.99574   0.101  1.000 -0.931  0.317 -0.163
       19  0.99718  -0.137 -0.931  1.000 -0.631  0.328
       20  0.98458   0.161  0.317 -0.631  1.000 -0.628
       22  0.76711  -0.062 -0.163  0.328 -0.628  1.000
 ERR MATRIX NOT POS-DEF
MINUIT - FIT ONLY 1-y
 **********
 **   60 **RES 
 **********
                   PARAMETER   14  ANy2 RESTORED TO VARIABLE.
                   PARAMETER    7  w_CBO RESTORED TO VARIABLE.
                   PARAMETER    6  A_CBO RESTORED TO VARIABLE.
                   PARAMETER    4  phi RESTORED TO VARIABLE.
                   PARAMETER    3  A0 RESTORED TO VARIABLE.
                   PARAMETER    1  N0 RESTORED TO VARIABLE.
 **********
 **   61 **FIX            0
 **********
 PARAMETER    0  IS UNDEFINED. IGNORED.
 **********
 **   62 **FIX            1
 **********
 **********
 **   63 **FIX            2
 **********
 PARAMETER    2  IS CONSTANT.   IGNORED.
 **********
 **   64 **FIX            3
 **********
 **********
 **   65 **FIX            4
 **********
 **********
 **   66 **FIX            5
 **********
 PARAMETER    5  IS CONSTANT.   IGNORED.
 **********
 **   67 **FIX            6
 **********
 **********
 **   68 **FIX            7
 **********
 **********
 **   69 **FIX            8
 **********
 **********
 **   70 **FIX            9
 **********
 PARAMETER    9  IS CONSTANT.   IGNORED.
 **********
 **   71 **FIX           13
 **********
 PARAMETER   13  IS CONSTANT.   IGNORED.
 **********
 **   72 **FIX           14
 **********
 **********
 **   73 **FIX           15
 **********
 PARAMETER   15  IS CONSTANT.   IGNORED.
 **********
 **   74 **FIX           16
 **********
 PARAMETER   16  IS CONSTANT.   IGNORED.
 **********
 **   75 **MIGRAD
 **********
 START MIGRAD MINIMIZATION.  STRATEGY  1.  CONVERGENCE WHEN EDM .LT. 1.00e-04
 FCN=410.826 FROM MIGRAD    STATUS=INITIATE        8 CALLS        1207 TOTAL
                     EDM= unknown      STRATEGY= 1      NO ERROR MATRIX       
  EXT PARAMETER               CURRENT GUESS       STEP         FIRST   
  NO.   NAME      VALUE            ERROR          SIZE      DERIVATIVE 
   1  N0           2.81784e+06     fixed    
   2  tau          6.44050e+01   constant   
   3  A0           3.53531e-01     fixed    
   4  phi          4.11508e+00     fixed    
   5  R           -6.15106e+01   constant   
   6  A_CBO       -3.31095e-05     fixed    
   7  w_CBO        2.32688e+00     fixed    
   8  phi_CBO     -4.16819e+01     fixed    
   9  ANx2         5.52857e-04   constant   
  10  pNx2         5.73177e+00   constant   
  11  ANy1         0.00000e+00   constant   
  12  pNy1         0.00000e+00   constant   
  13  w_y          0.00000e+00   constant   
  14  ANy2         2.01527e-04     fixed    
  15  pNy2         5.72687e+00   constant   
  16  w_vw         1.43172e+01   constant   
  17  LM           3.92941e-07   constant   
  18  wCBO_expCoeff   1.99986e+02   3.59207e-02   9.53606e-05  -2.12219e-01
  19  wCBO_expOffset   2.00001e+02   6.62724e-03   9.53678e-05   4.15940e+00
  20  wCBO_expT    2.99984e+01   2.03391e-03   1.43043e-05   3.39807e-01
  21  wCBO_linCoeff   0.00000e+00   constant   
  22  wCBO_const   1.43340e-04   6.80983e-04   4.38637e-06   1.57786e+00
 MIGRAD FAILS TO FIND IMPROVEMENT
 FCN=410.826 FROM HESSE     STATUS=NOT POSDEF     29 CALLS        1247 TOTAL
                     EDM=3.02905e-06    STRATEGY= 1      ERR MATRIX NOT POS-DEF
  EXT PARAMETER                APPROXIMATE        STEP         FIRST   
  NO.   NAME      VALUE            ERROR          SIZE      DERIVATIVE 
   1  N0           2.81784e+06     fixed    
   2  tau          6.44050e+01   constant   
   3  A0           3.53531e-01     fixed    
   4  phi          4.11508e+00     fixed    
   5  R           -6.15106e+01   constant   
   6  A_CBO       -3.31095e-05     fixed    
   7  w_CBO        2.32688e+00     fixed    
   8  phi_CBO     -4.16819e+01     fixed    
   9  ANx2         5.52857e-04   constant   
  10  pNx2         5.73177e+00   constant   
  11  ANy1         0.00000e+00   constant   
  12  pNy1         0.00000e+00   constant   
  13  w_y          0.00000e+00   constant   
  14  ANy2         2.01527e-04     fixed    
  15  pNy2         5.72687e+00   constant   
  16  w_vw         1.43172e+01   constant   
  17  LM           3.92941e-07   constant   
  18  wCBO_expCoeff   1.99986e+02   3.61296e-02   9.53606e-05  -2.31471e-01
  19  wCBO_expOffset   2.00001e+02   6.64156e-03   9.53678e-05  -1.48676e+00
  20  wCBO_expT    2.99984e+01   2.01637e-03   1.43043e-05   1.13229e-01
  21  wCBO_linCoeff   0.00000e+00   constant   
  22  wCBO_const   1.43340e-04   6.80653e-04   4.38637e-06   1.57344e+00
 MIGRAD FAILS TO FIND IMPROVEMENT
 MIGRAD TERMINATED WITHOUT CONVERGENCE.
 FCN=410.826 FROM MIGRAD    STATUS=FAILED         70 CALLS        1269 TOTAL
                     EDM=0.000338696    STRATEGY= 1      ERR MATRIX NOT POS-DEF
  EXT PARAMETER                APPROXIMATE        STEP         FIRST   
  NO.   NAME      VALUE            ERROR          SIZE      DERIVATIVE 
   1  N0           2.81784e+06     fixed    
   2  tau          6.44050e+01   constant   
   3  A0           3.53531e-01     fixed    
   4  phi          4.11508e+00     fixed    
   5  R           -6.15106e+01   constant   
   6  A_CBO       -3.31095e-05     fixed    
   7  w_CBO        2.32688e+00     fixed    
   8  phi_CBO     -4.16819e+01     fixed    
   9  ANx2         5.52857e-04   constant   
  10  pNx2         5.73177e+00   constant   
  11  ANy1         0.00000e+00   constant   
  12  pNy1         0.00000e+00   constant   
  13  w_y          0.00000e+00   constant   
  14  ANy2         2.01527e-04     fixed    
  15  pNy2         5.72687e+00   constant   
  16  w_vw         1.43172e+01   constant   
  17  LM           3.92941e-07   constant   
  18  wCBO_expCoeff   1.99986e+02   1.58588e-02   0.00000e+00   9.63360e-02
  19  wCBO_expOffset   2.00001e+02   1.94798e-03  -0.00000e+00   6.22926e+00
  20  wCBO_expT    2.99984e+01   1.78109e-03   0.00000e+00   7.18842e-01
  21  wCBO_linCoeff   0.00000e+00   constant   
  22  wCBO_const   1.43913e-04   6.56574e-04  -0.00000e+00  -2.00247e+00
 EXTERNAL ERROR MATRIX.    NDIM=  25    NPAR=  4    ERR DEF=1
  2.515e-04 -1.454e-05 -1.700e-05  2.261e-06 
 -1.454e-05  3.795e-06 -1.320e-06  3.057e-07 
 -1.700e-05 -1.320e-06  3.172e-06 -6.807e-07 
  2.261e-06  3.057e-07 -6.807e-07  4.311e-07 
ERR MATRIX NOT POS-DEF
 PARAMETER  CORRELATION COEFFICIENTS  
       NO.  GLOBAL     18     19     20     22
       18  0.97769   1.000 -0.471 -0.602  0.217
       19  0.96864  -0.471  1.000 -0.380  0.239
       20  0.97986  -0.602 -0.380  1.000 -0.582
       22  0.74488   0.217  0.239 -0.582  1.000
 ERR MATRIX NOT POS-DEF
MINUIT - FIT ONLY 2-y
 **********
 **   76 **RES 
 **********
                   PARAMETER   14  ANy2 RESTORED TO VARIABLE.
                   PARAMETER    8  phi_CBO RESTORED TO VARIABLE.
                   PARAMETER    7  w_CBO RESTORED TO VARIABLE.
                   PARAMETER    6  A_CBO RESTORED TO VARIABLE.
                   PARAMETER    4  phi RESTORED TO VARIABLE.
                   PARAMETER    3  A0 RESTORED TO VARIABLE.
                   PARAMETER    1  N0 RESTORED TO VARIABLE.
 **********
 **   77 **FIX            0
 **********
 PARAMETER    0  IS UNDEFINED. IGNORED.
 **********
 **   78 **FIX            1
 **********
 **********
 **   79 **FIX            2
 **********
 PARAMETER    2  IS CONSTANT.   IGNORED.
 **********
 **   80 **FIX            3
 **********
 **********
 **   81 **FIX            4
 **********
 **********
 **   82 **FIX            5
 **********
 PARAMETER    5  IS CONSTANT.   IGNORED.
 **********
 **   83 **FIX            6
 **********
 **********
 **   84 **FIX            7
 **********
 **********
 **   85 **FIX            8
 **********
 **********
 **   86 **FIX            9
 **********
 PARAMETER    9  IS CONSTANT.   IGNORED.
 **********
 **   87 **FIX           10
 **********
 PARAMETER   10  IS CONSTANT.   IGNORED.
 **********
 **   88 **FIX           11
 **********
 PARAMETER   11  IS CONSTANT.   IGNORED.
 **********
 **   89 **FIX           12
 **********
 PARAMETER   12  IS CONSTANT.   IGNORED.
 **********
 **   90 **FIX           16
 **********
 PARAMETER   16  IS CONSTANT.   IGNORED.
 **********
 **   91 **MIGRAD
 **********
 START MIGRAD MINIMIZATION.  STRATEGY  1.  CONVERGENCE WHEN EDM .LT. 1.00e-04
 FCN=410.826 FROM MIGRAD    STATUS=INITIATE       10 CALLS        1279 TOTAL
                     EDM= unknown      STRATEGY= 1      NO ERROR MATRIX       
  EXT PARAMETER               CURRENT GUESS       STEP         FIRST   
  NO.   NAME      VALUE            ERROR          SIZE      DERIVATIVE 
   1  N0           2.81784e+06     fixed    
   2  tau          6.44050e+01   constant   
   3  A0           3.53531e-01     fixed    
   4  phi          4.11508e+00     fixed    
   5  R           -6.15106e+01   constant   
   6  A_CBO       -3.31095e-05     fixed    
   7  w_CBO        2.32688e+00     fixed    
   8  phi_CBO     -4.16819e+01     fixed    
   9  ANx2         5.52857e-04   constant   
  10  pNx2         5.73177e+00   constant   
  11  ANy1         0.00000e+00   constant   
  12  pNy1         0.00000e+00   constant   
  13  w_y          0.00000e+00   constant   
  14  ANy2         2.01527e-04   2.92390e-04   2.92390e-04  -6.13162e+01
  15  pNy2         5.72687e+00   constant   
  16  w_vw         1.43172e+01   constant   
  17  LM           3.92941e-07   constant   
  18  wCBO_expCoeff   1.99986e+02   1.58588e-02   0.00000e+00   9.63360e-02
  19  wCBO_expOffset   2.00001e+02   1.94798e-03  -0.00000e+00   6.22926e+00
  20  wCBO_expT    2.99984e+01   1.78109e-03   0.00000e+00   7.18842e-01
  21  wCBO_linCoeff   0.00000e+00   constant   
  22  wCBO_const   1.43913e-04   6.56574e-04  -0.00000e+00  -2.00247e+00
 MIGRAD MINIMIZATION HAS CONVERGED.
 MIGRAD WILL VERIFY CONVERGENCE AND ERROR MATRIX.
 FCN=410.826 FROM MIGRAD    STATUS=CONVERGED      72 CALLS        1341 TOTAL
                     EDM=4.10551e-05    STRATEGY= 1      ERR MATRIX NOT POS-DEF
  EXT PARAMETER                APPROXIMATE        STEP         FIRST   
  NO.   NAME      VALUE            ERROR          SIZE      DERIVATIVE 
   1  N0           2.81784e+06     fixed    
   2  tau          6.44050e+01   constant   
   3  A0           3.53531e-01     fixed    
   4  phi          4.11508e+00     fixed    
   5  R           -6.15106e+01   constant   
   6  A_CBO       -3.31095e-05     fixed    
   7  w_CBO        2.32688e+00     fixed    
   8  phi_CBO     -4.16819e+01     fixed    
   9  ANx2         5.52857e-04   constant   
  10  pNx2         5.73177e+00   constant   
  11  ANy1         0.00000e+00   constant   
  12  pNy1         0.00000e+00   constant   
  13  w_y          0.00000e+00   constant   
  14  ANy2         2.04227e-04   2.94190e-04   2.90601e-06   1.28673e+00
  15  pNy2         5.72687e+00   constant   
  16  w_vw         1.43172e+01   constant   
  17  LM           3.92941e-07   constant   
  18  wCBO_expCoeff   1.99986e+02   3.60630e-02   9.53606e-05  -3.59530e-02
  19  wCBO_expOffset   2.00001e+02   6.63467e-03   9.53678e-05   1.19998e+00
  20  wCBO_expT    2.99984e+01   2.01230e-03   1.43043e-05   4.14612e-02
  21  wCBO_linCoeff   0.00000e+00   constant   
  22  wCBO_const   1.44318e-04   6.79490e-04   4.38494e-06  -6.21421e-02
 EXTERNAL ERROR MATRIX.    NDIM=  25    NPAR=  5    ERR DEF=1
  8.655e-08  1.732e-06 -3.438e-07  6.174e-08 -7.947e-09 
  1.732e-06  1.301e-03 -2.229e-04  2.281e-05 -3.928e-06 
 -3.438e-07 -2.229e-04  4.402e-05 -8.365e-06  1.455e-06 
  6.174e-08  2.281e-05 -8.365e-06  4.049e-06 -8.565e-07 
 -7.947e-09 -3.928e-06  1.455e-06 -8.565e-07  4.617e-07 
ERR MATRIX NOT POS-DEF
