 + ++++++++++++++++++++++++++++++++++++++++++++++++++++++++++++++++++++ +
 +                                                                      +
 +           You have chose to blind your fitting according to          +
 +                omega_ref * (1 + (R +/- deltaR) *10^{-6})             +
 +                                                                      +
 + ++++++++++++++++++++++++++++++++++++++++++++++++++++++++++++++++++++ +
In main()...
reading format from /gm2data/zkhechad/run45/envelope/formats/formatB_sBin_constraintOn.txt
pBinTau 	= 0  
pBinPhi 	= 0  
constraintau 	= 1 
includeMopTerm 	= 0    
constrainMop    = 0   
Parameters after format file: pBinTau 0 pBinPhi 0 constraintau 1 includeMopTerm 0 constrainMop 0 c_e_scale 0.000000 
reading cbo reference file (full fit) from /gm2data/zkhechad/cboTemplates/Run4CBOTemplates/fullFits/run4/sBin_constraintOn_cE0.0_seed0_run4_calo1.root
A_CBO 0.008450 w_CBO 2.327583 phi_CBO 2.512904 N0 3416164.907261 R -60.829491 tau 64.397625 
Reading cboRef file /gm2data/zkhechad/cboTemplates/Run4CBOTemplates//cboIsolate/run4_calo1.root
deltaT 164.120000
windowBins = 1100
fitting sliding window 1660 from bin 1863 at 277.959600 to bin 2963 at 442.079600 (1100 bins)

Reading data from /gm2data/cornell/histograms/aMethod/histogram_a_run4.root
fitting cbo isolate
 **********
 **    1 **SET PRINTOUT            1
 **********
 **********
 **    2 **SET NOWARNINGS 
 **********
 PARAMETER DEFINITIONS:
    NO.   NAME         VALUE      STEP SIZE      LIMITS
     1 A_CBO        8.44960e-03  1.00000e-05     no limits
     2 w_CBO        2.32758e+00  1.00000e-02    2.00000e+00  3.00000e+00
     3 phi_CBO      2.51290e+00  1.00000e-02    0.00000e+00  6.28319e+00
 **********
 **    3 **MIGRAD
 **********
 FIRST CALL TO USER FUNCTION AT NEW START POINT, WITH IFLAG=4.
 START MIGRAD MINIMIZATION.  STRATEGY  1.  CONVERGENCE WHEN EDM .LT. 1.00e-04
 FCN=0.0680085 FROM MIGRAD    STATUS=INITIATE       12 CALLS          13 TOTAL
                     EDM= unknown      STRATEGY= 1      NO ERROR MATRIX       
  EXT PARAMETER               CURRENT GUESS       STEP         FIRST   
  NO.   NAME      VALUE            ERROR          SIZE      DERIVATIVE 
   1  A_CBO        8.44960e-03   1.00000e-05   1.00000e-05   6.25120e+00
   2  w_CBO        2.32758e+00   1.00000e-02   2.13091e-02   1.66549e+00
   3  phi_CBO      2.51290e+00   1.00000e-02   3.24882e-03  -2.97478e-02
 MIGRAD MINIMIZATION HAS CONVERGED.
 MIGRAD WILL VERIFY CONVERGENCE AND ERROR MATRIX.
 COVARIANCE MATRIX CALCULATED SUCCESSFULLY
 FCN=0.0495936 FROM MIGRAD    STATUS=CONVERGED      58 CALLS          59 TOTAL
                     EDM=2.12087e-05    STRATEGY= 1      ERROR MATRIX ACCURATE 
  EXT PARAMETER                                   STEP         FIRST   
  NO.   NAME      VALUE            ERROR          SIZE      DERIVATIVE 
   1  A_CBO        2.95646e-03   4.28800e-02   2.13247e-05   4.50165e-03
   2  w_CBO        2.32707e+00   2.92176e-01   4.51795e-05   1.71030e-02
   3  phi_CBO      2.68894e+00   4.59976e+00   2.45278e-03  -1.37505e-04
 EXTERNAL ERROR MATRIX.    NDIM=  25    NPAR=  3    ERR DEF=1
  1.839e-03 -1.430e-03 -5.137e-01 
 -1.430e-03  9.948e-02  3.565e+01 
 -5.137e-01  3.565e+01  1.298e+04 
 PARAMETER  CORRELATION COEFFICIENTS  
       NO.  GLOBAL      1      2      3
        1  0.10578   1.000 -0.106 -0.105
        2  0.99194  -0.106  1.000  0.992
        3  0.99194  -0.105  0.992  1.000
setting A_CBO=0.002956 w_CBO=2.327070, phi_CBO=2.688941
done fitting cbo isolate
 **********
 **    1 **SET PRINTOUT            1
 **********
 **********
 **    2 **SET NOWARNINGS 
 **********
 PARAMETER DEFINITIONS:
    NO.   NAME         VALUE      STEP SIZE      LIMITS
     1 N0           3.41616e+06  1.00000e+02     no limits
     2 tau          6.43976e+01  constant
     3 A0           3.54950e-01  1.00000e-04     no limits
     4 phi          4.12292e+00  1.00000e-02     no limits
     5 R           -6.08295e+01  constant
     6 A_CBO        2.95646e-03  1.00000e-05     no limits
     7 w_CBO        2.32707e+00  1.00000e-03     no limits
     8 phi_CBO      2.68894e+00  1.00000e-04     no limits
     9 ANx2         2.24467e-04  constant
    10 pNx2         2.31915e+00  constant
    11 ANy1         0.00000e+00  constant
    12 pNy1         0.00000e+00  constant
    13 w_y          0.00000e+00  constant
    14 ANy2         1.49899e-02  1.00000e-04     no limits
    15 pNy2         4.64502e+00  constant
    16 w_vw         1.43138e+01  constant
    17 LM          -1.76320e-04  constant
    18 wCBO_expCoeff   2.00000e+02  1.00000e+00     no limits
    19 wCBO_expOffset   2.00000e+02  1.00000e+00     no limits
    20 wCBO_expT    3.00000e+01  1.00000e+00     no limits
    21 wCBO_linCoeff   0.00000e+00  constant
    22 wCBO_const   0.00000e+00  1.00000e-02     no limits
MINUIT - FIT ONLY WIGGLE
 **********
 **    3 **FIX            5
 **********
 PARAMETER    5  IS CONSTANT.   IGNORED.
 **********
 **    4 **FIX            6
 **********
 **********
 **    5 **FIX            7
 **********
 **********
 **    6 **FIX            8
 **********
 **********
 **    7 **FIX            9
 **********
 PARAMETER    9  IS CONSTANT.   IGNORED.
 **********
 **    8 **FIX           10
 **********
 PARAMETER   10  IS CONSTANT.   IGNORED.
 **********
 **    9 **FIX           11
 **********
 PARAMETER   11  IS CONSTANT.   IGNORED.
 **********
 **   10 **FIX           12
 **********
 PARAMETER   12  IS CONSTANT.   IGNORED.
 **********
 **   11 **FIX           13
 **********
 PARAMETER   13  IS CONSTANT.   IGNORED.
 **********
 **   12 **FIX           14
 **********
 **********
 **   13 **FIX           15
 **********
 PARAMETER   15  IS CONSTANT.   IGNORED.
 **********
 **   14 **FIX           16
 **********
 PARAMETER   16  IS CONSTANT.   IGNORED.
 **********
 **   15 **MIGRAD
 **********
 FIRST CALL TO USER FUNCTION AT NEW START POINT, WITH IFLAG=4.
 START MIGRAD MINIMIZATION.  STRATEGY  1.  CONVERGENCE WHEN EDM .LT. 1.00e-04
 FCN=1847.15 FROM MIGRAD    STATUS=INITIATE       63 CALLS          64 TOTAL
                     EDM= unknown      STRATEGY= 1      NO ERROR MATRIX       
  EXT PARAMETER               CURRENT GUESS       STEP         FIRST   
  NO.   NAME      VALUE            ERROR          SIZE      DERIVATIVE 
   1  N0           3.41616e+06   1.00000e+02   0.00000e+00   2.28703e-03
   2  tau          6.43976e+01   constant   
   3  A0           3.54950e-01   1.00000e-04   0.00000e+00  -2.13072e+03
   4  phi          4.12292e+00   1.00000e-02   0.00000e+00   1.81335e+02
   5  R           -6.08295e+01   constant   
   6  A_CBO        2.95646e-03     fixed    
   7  w_CBO        2.32707e+00     fixed    
   8  phi_CBO      2.68894e+00     fixed    
   9  ANx2         2.24467e-04   constant   
  10  pNx2         2.31915e+00   constant   
  11  ANy1         0.00000e+00   constant   
  12  pNy1         0.00000e+00   constant   
  13  w_y          0.00000e+00   constant   
  14  ANy2         1.49899e-02     fixed    
  15  pNy2         4.64502e+00   constant   
  16  w_vw         1.43138e+01   constant   
  17  LM          -1.76320e-04   constant   
  18  wCBO_expCoeff   2.00000e+02   1.00000e+00   0.00000e+00  -4.04975e+02
  19  wCBO_expOffset   2.00000e+02   1.00000e+00   0.00000e+00  -2.69966e+03
  20  wCBO_expT    3.00000e+01   1.00000e+00   0.00000e+00  -5.87810e+03
  21  wCBO_linCoeff   0.00000e+00   constant   
  22  wCBO_const  -3.25225e-03   1.00000e-02  -3.25225e-03   3.88435e+03
 MIGRAD MINIMIZATION HAS CONVERGED.
 FCN=1836.25 FROM MIGRAD    STATUS=CONVERGED     177 CALLS         178 TOTAL
                     EDM=1.53223e-06    STRATEGY= 1  ERROR MATRIX UNCERTAINTY   2.1 per cent
  EXT PARAMETER                                   STEP         FIRST   
  NO.   NAME      VALUE            ERROR          SIZE      DERIVATIVE 
   1  N0           3.41533e+06   9.46617e+02   2.02264e+00  -7.50867e-07
   2  tau          6.43976e+01   constant   
   3  A0           3.55133e-01   3.70044e-04  -1.49508e-05   5.09556e+00
   4  phi          4.12282e+00   1.08546e-03   2.29333e-05  -1.39232e-01
   5  R           -6.08295e+01   constant   
   6  A_CBO        2.95646e-03     fixed    
   7  w_CBO        2.32707e+00     fixed    
   8  phi_CBO      2.68894e+00     fixed    
   9  ANx2         2.24467e-04   constant   
  10  pNx2         2.31915e+00   constant   
  11  ANy1         0.00000e+00   constant   
  12  pNy1         0.00000e+00   constant   
  13  w_y          0.00000e+00   constant   
  14  ANy2         1.49899e-02     fixed    
  15  pNy2         4.64502e+00   constant   
  16  w_vw         1.43138e+01   constant   
  17  LM          -1.76320e-04   constant   
  18  wCBO_expCoeff   2.00028e+02   3.30216e-02   1.31085e-04  -1.15578e-01
  19  wCBO_expOffset   2.00004e+02   4.93429e-03   1.94847e-05  -6.67629e-01
  20  wCBO_expT    2.99986e+01   3.83648e-03  -2.87092e-05  -2.44973e+00
  21  wCBO_linCoeff   0.00000e+00   constant   
  22  wCBO_const  -4.36678e-03   6.65632e-04   1.26356e-06  -3.04931e+00
 EXTERNAL ERROR MATRIX.    NDIM=  25    NPAR=  7    ERR DEF=1
  8.961e+05  8.956e-03 -2.187e-02 -6.259e-01 -9.331e-02  1.264e-01 -3.714e-02 
  8.956e-03  1.369e-07 -1.382e-09  2.206e-07  3.317e-08 -1.973e-08  2.388e-09 
 -2.187e-02 -1.382e-09  1.178e-06  2.432e-06  3.630e-07 -2.923e-07  3.795e-08 
 -6.259e-01  2.206e-07  2.432e-06  1.090e-03  1.567e-04 -1.238e-04  1.409e-05 
 -9.331e-02  3.317e-08  3.630e-07  1.567e-04  2.435e-05 -1.850e-05  2.104e-06 
  1.264e-01 -1.973e-08 -2.923e-07 -1.238e-04 -1.850e-05  1.472e-05 -1.905e-06 
 -3.714e-02  2.388e-09  3.795e-08  1.409e-05  2.104e-06 -1.905e-06  4.431e-07 
 PARAMETER  CORRELATION COEFFICIENTS  
       NO.  GLOBAL      1      3      4     18     19     20     22
        1  0.10434   1.000  0.026 -0.021 -0.020 -0.020  0.035 -0.059
        3  0.05427   0.026  1.000 -0.003  0.018  0.018 -0.014  0.010
        4  0.07304  -0.021 -0.003  1.000  0.068  0.068 -0.070  0.053
       18  0.98817  -0.020  0.018  0.068  1.000  0.962 -0.977  0.641
       19  0.98808  -0.020  0.018  0.068  0.962  1.000 -0.977  0.640
       20  0.99666   0.035 -0.014 -0.070 -0.977 -0.977  1.000 -0.746
       22  0.92428  -0.059  0.010  0.053  0.641  0.640 -0.746  1.000
MINUIT - FIT ONLY 1-CBO + other amplitudes 
 **********
 **   16 **RES 
 **********
                   PARAMETER   14  ANy2 RESTORED TO VARIABLE.
                   PARAMETER    8  phi_CBO RESTORED TO VARIABLE.
                   PARAMETER    7  w_CBO RESTORED TO VARIABLE.
                   PARAMETER    6  A_CBO RESTORED TO VARIABLE.
 **********
 **   17 **FIX            0
 **********
 PARAMETER    0  IS UNDEFINED. IGNORED.
 **********
 **   18 **FIX            1
 **********
 **********
 **   19 **FIX            2
 **********
 PARAMETER    2  IS CONSTANT.   IGNORED.
 **********
 **   20 **FIX            3
 **********
 **********
 **   21 **FIX            4
 **********
 **********
 **   22 **FIX            9
 **********
 PARAMETER    9  IS CONSTANT.   IGNORED.
 **********
 **   23 **FIX           11
 **********
 PARAMETER   11  IS CONSTANT.   IGNORED.
 **********
 **   24 **FIX           12
 **********
 PARAMETER   12  IS CONSTANT.   IGNORED.
 **********
 **   25 **FIX           14
 **********
 **********
 **   26 **FIX           15
 **********
 PARAMETER   15  IS CONSTANT.   IGNORED.
 **********
 **   27 **FIX           16
 **********
 PARAMETER   16  IS CONSTANT.   IGNORED.
 **********
 **   28 **MIGRAD
 **********
 START MIGRAD MINIMIZATION.  STRATEGY  1.  CONVERGENCE WHEN EDM .LT. 1.00e-04
 FCN=1836.25 FROM MIGRAD    STATUS=INITIATE       20 CALLS         198 TOTAL
                     EDM= unknown      STRATEGY= 1      NO ERROR MATRIX       
  EXT PARAMETER               CURRENT GUESS       STEP         FIRST   
  NO.   NAME      VALUE            ERROR          SIZE      DERIVATIVE 
   1  N0           3.41533e+06     fixed    
   2  tau          6.43976e+01   constant   
   3  A0           3.55133e-01     fixed    
   4  phi          4.12282e+00     fixed    
   5  R           -6.08295e+01   constant   
   6  A_CBO        2.95646e-03   1.00000e-05   1.00000e-05   1.96853e+04
   7  w_CBO        2.32707e+00   1.00000e-03   1.00000e-03  -1.11536e+01
   8  phi_CBO      2.68894e+00   1.00000e-04   1.00000e-04  -1.08383e-01
   9  ANx2         2.24467e-04   constant   
  10  pNx2         2.31915e+00   constant   
  11  ANy1         0.00000e+00   constant   
  12  pNy1         0.00000e+00   constant   
  13  w_y          0.00000e+00   constant   
  14  ANy2         1.49899e-02     fixed    
  15  pNy2         4.64502e+00   constant   
  16  w_vw         1.43138e+01   constant   
  17  LM          -1.76320e-04   constant   
  18  wCBO_expCoeff   2.00028e+02   3.30216e-02   1.31085e-04  -1.15578e-01
  19  wCBO_expOffset   2.00004e+02   4.93429e-03   1.94847e-05  -6.67629e-01
  20  wCBO_expT    2.99986e+01   3.83648e-03  -2.87092e-05  -2.44973e+00
  21  wCBO_linCoeff   0.00000e+00   constant   
  22  wCBO_const  -4.36678e-03   6.65632e-04   1.26356e-06  -3.04931e+00
 MIGRAD MINIMIZATION HAS CONVERGED.
 FCN=1820.94 FROM MIGRAD    STATUS=CONVERGED     197 CALLS         375 TOTAL
                     EDM=4.11405e-06    STRATEGY= 1  ERROR MATRIX UNCERTAINTY   6.0 per cent
  EXT PARAMETER                                   STEP         FIRST   
  NO.   NAME      VALUE            ERROR          SIZE      DERIVATIVE 
   1  N0           3.41533e+06     fixed    
   2  tau          6.43976e+01   constant   
   3  A0           3.55133e-01     fixed    
   4  phi          4.12282e+00     fixed    
   5  R           -6.08295e+01   constant   
   6  A_CBO        1.39601e-03   4.01393e-04  -1.51000e-06   1.40933e+00
   7  w_CBO        2.32717e+00   3.35928e-04   6.40063e-07  -1.88775e+01
   8  phi_CBO      2.95354e+00   7.84149e-01   9.62295e-03   5.05476e-03
   9  ANx2         2.24467e-04   constant   
  10  pNx2         2.31915e+00   constant   
  11  ANy1         0.00000e+00   constant   
  12  pNy1         0.00000e+00   constant   
  13  w_y          0.00000e+00   constant   
  14  ANy2         1.49899e-02     fixed    
  15  pNy2         4.64502e+00   constant   
  16  w_vw         1.43138e+01   constant   
  17  LM          -1.76320e-04   constant   
  18  wCBO_expCoeff   2.00037e+02   3.31711e-02   4.50130e-05  -2.16164e-01
  19  wCBO_expOffset   2.00006e+02   4.86817e-03   6.66498e-06  -1.29324e+00
  20  wCBO_expT    2.99973e+01   5.37597e-03   1.98578e-06  -3.56947e+00
  21  wCBO_linCoeff   0.00000e+00   constant   
  22  wCBO_const  -4.10968e-03   1.19177e-03   7.46448e-06  -7.06541e-01
 EXTERNAL ERROR MATRIX.    NDIM=  25    NPAR=  7    ERR DEF=1
  1.611e-07 -1.779e-08 -1.991e-05 -1.827e-06 -2.685e-07  2.443e-07 -9.233e-09 
 -1.779e-08  1.128e-07  6.169e-05  1.071e-05  1.570e-06 -1.757e-06  2.114e-07 
 -1.991e-05  6.169e-05  6.149e-01  4.641e-03  6.793e-04 -5.783e-04  6.152e-04 
 -1.827e-06  1.071e-05  4.641e-03  1.100e-03  1.559e-04 -1.729e-04  1.808e-05 
 -2.685e-07  1.570e-06  6.793e-04  1.559e-04  2.370e-05 -2.534e-05  2.638e-06 
  2.443e-07 -1.757e-06 -5.783e-04 -1.729e-04 -2.534e-05  2.890e-05 -3.500e-06 
 -9.233e-09  2.114e-07  6.152e-04  1.808e-05  2.638e-06 -3.500e-06  1.420e-06 
 PARAMETER  CORRELATION COEFFICIENTS  
       NO.  GLOBAL      6      7      8     18     19     20     22
        6  0.18057   1.000 -0.132 -0.063 -0.137 -0.137  0.113 -0.019
        7  0.98465  -0.132  1.000  0.234  0.961  0.960 -0.973  0.528
        8  0.93436  -0.063  0.234  1.000  0.178  0.178 -0.137  0.658
       18  0.98520  -0.137  0.961  0.178  1.000  0.965 -0.969  0.457
       19  0.98463  -0.137  0.960  0.178  0.965  1.000 -0.968  0.455
       20  0.99671   0.113 -0.973 -0.137 -0.969 -0.968  1.000 -0.546
       22  0.95340  -0.019  0.528  0.658  0.457  0.455 -0.546  1.000
MINUIT - FIT ONLY 1-CBO
 **********
 **   29 **RES 
 **********
                   PARAMETER   14  ANy2 RESTORED TO VARIABLE.
                   PARAMETER    4  phi RESTORED TO VARIABLE.
                   PARAMETER    3  A0 RESTORED TO VARIABLE.
                   PARAMETER    1  N0 RESTORED TO VARIABLE.
 **********
 **   30 **FIX            0
 **********
 PARAMETER    0  IS UNDEFINED. IGNORED.
 **********
 **   31 **FIX            1
 **********
 **********
 **   32 **FIX            2
 **********
 PARAMETER    2  IS CONSTANT.   IGNORED.
 **********
 **   33 **FIX            3
 **********
 **********
 **   34 **FIX            4
 **********
 **********
 **   35 **FIX            8
 **********
 **********
 **   36 **FIX            9
 **********
 PARAMETER    9  IS CONSTANT.   IGNORED.
 **********
 **   37 **FIX           11
 **********
 PARAMETER   11  IS CONSTANT.   IGNORED.
 **********
 **   38 **FIX           12
 **********
 PARAMETER   12  IS CONSTANT.   IGNORED.
 **********
 **   39 **FIX           13
 **********
 PARAMETER   13  IS CONSTANT.   IGNORED.
 **********
 **   40 **FIX           15
 **********
 PARAMETER   15  IS CONSTANT.   IGNORED.
 **********
 **   41 **FIX           16
 **********
 PARAMETER   16  IS CONSTANT.   IGNORED.
 **********
 **   42 **MIGRAD
 **********
 START MIGRAD MINIMIZATION.  STRATEGY  1.  CONVERGENCE WHEN EDM .LT. 1.00e-04
 FCN=1820.94 FROM MIGRAD    STATUS=INITIATE       16 CALLS         391 TOTAL
                     EDM= unknown      STRATEGY= 1      NO ERROR MATRIX       
  EXT PARAMETER               CURRENT GUESS       STEP         FIRST   
  NO.   NAME      VALUE            ERROR          SIZE      DERIVATIVE 
   1  N0           3.41533e+06     fixed    
   2  tau          6.43976e+01   constant   
   3  A0           3.55133e-01     fixed    
   4  phi          4.12282e+00     fixed    
   5  R           -6.08295e+01   constant   
   6  A_CBO        1.39601e-03   4.01393e-04  -1.51000e-06   1.40933e+00
   7  w_CBO        2.32717e+00   3.35928e-04   6.40063e-07  -1.88780e+01
   8  phi_CBO      2.95354e+00     fixed    
   9  ANx2         2.24467e-04   constant   
  10  pNx2         2.31915e+00   constant   
  11  ANy1         0.00000e+00   constant   
  12  pNy1         0.00000e+00   constant   
  13  w_y          0.00000e+00   constant   
  14  ANy2         1.49899e-02   1.00000e-04   1.00000e-04   1.92760e+05
  15  pNy2         4.64502e+00   constant   
  16  w_vw         1.43138e+01   constant   
  17  LM          -1.76320e-04   constant   
  18  wCBO_expCoeff   2.00037e+02   3.31711e-02   4.50130e-05  -2.16171e-01
  19  wCBO_expOffset   2.00006e+02   4.86817e-03   6.66498e-06  -1.29324e+00
  20  wCBO_expT    2.99973e+01   5.37597e-03   1.98578e-06  -3.56947e+00
  21  wCBO_linCoeff   0.00000e+00   constant   
  22  wCBO_const  -4.10968e-03   1.19177e-03   7.46448e-06  -7.06543e-01
 MIGRAD MINIMIZATION HAS CONVERGED.
 MIGRAD WILL VERIFY CONVERGENCE AND ERROR MATRIX.
 FCN=388.606 FROM MIGRAD    STATUS=CONVERGED     413 CALLS         788 TOTAL
                     EDM=7.01719e-06    STRATEGY= 1      ERR MATRIX NOT POS-DEF
  EXT PARAMETER                APPROXIMATE        STEP         FIRST   
  NO.   NAME      VALUE            ERROR          SIZE      DERIVATIVE 
   1  N0           3.41533e+06     fixed    
   2  tau          6.43976e+01   constant   
   3  A0           3.55133e-01     fixed    
   4  phi          4.12282e+00     fixed    
   5  R           -6.08295e+01   constant   
   6  A_CBO        3.48973e-04   4.12027e-04   3.76754e-06   5.58529e-01
   7  w_CBO        2.32785e+00   2.06900e-03   2.05612e-06  -1.58166e+01
   8  phi_CBO      2.95354e+00     fixed    
   9  ANx2         2.24467e-04   constant   
  10  pNx2         2.31915e+00   constant   
  11  ANy1         0.00000e+00   constant   
  12  pNy1         0.00000e+00   constant   
  13  w_y          0.00000e+00   constant   
  14  ANy2         1.34919e-04   3.90529e-04   3.77319e-06   4.75913e-01
  15  pNy2         4.64502e+00   constant   
  16  w_vw         1.43138e+01   constant   
  17  LM          -1.76320e-04   constant   
  18  wCBO_expCoeff   2.00122e+02   1.99152e-01   2.01469e-04  -1.63469e-01
  19  wCBO_expOffset   2.00020e+02   3.76984e-02   9.53770e-05  -1.08341e+00
  20  wCBO_expT    2.99859e+01   7.78164e-03   1.42984e-05  -3.52183e+00
  21  wCBO_linCoeff   0.00000e+00   constant   
  22  wCBO_const  -4.24489e-03   1.52286e-03   6.06135e-06  -4.12450e+00
 EXTERNAL ERROR MATRIX.    NDIM=  25    NPAR=  7    ERR DEF=1
  1.698e-07  3.545e-09  7.207e-09  1.612e-08 -4.155e-07 -8.475e-08  4.959e-08 
  3.545e-09  4.281e-06 -2.035e-09 -8.161e-05 -3.622e-05 -2.292e-06 -1.612e-06 
  7.207e-09 -2.035e-09  1.525e-07 -2.708e-07 -3.916e-07  1.132e-07  5.341e-09 
  1.612e-08 -8.161e-05 -2.708e-07  3.966e-02 -4.199e-03 -2.242e-04  4.841e-05 
 -4.155e-07 -3.622e-05 -3.916e-07 -4.199e-03  1.421e-03 -1.081e-04  2.183e-05 
 -8.475e-08 -2.292e-06  1.132e-07 -2.242e-04 -1.081e-04  6.055e-05 -4.722e-06 
  4.959e-08 -1.612e-06  5.341e-09  4.841e-05  2.183e-05 -4.722e-06  2.319e-06 
ERR MATRIX NOT POS-DEF
 PARAMETER  CORRELATION COEFFICIENTS  
       NO.  GLOBAL      6      7     14     18     19     20     22
        6  0.33188   1.000  0.004  0.045  0.000 -0.027 -0.026  0.079
        7  0.99474   0.004  1.000 -0.003 -0.198 -0.464 -0.142 -0.512
       14  0.08234   0.045 -0.003  1.000 -0.003 -0.027  0.037  0.009
       18  0.99455   0.000 -0.198 -0.003  1.000 -0.559 -0.145  0.160
       19  0.99659  -0.027 -0.464 -0.027 -0.559  1.000 -0.369  0.380
       20  0.99238  -0.026 -0.142  0.037 -0.145 -0.369  1.000 -0.398
       22  0.91191   0.079 -0.512  0.009  0.160  0.380 -0.398  1.000
 ERR MATRIX NOT POS-DEF
MINUIT - FIT ONLY 2-CBO
 **********
 **   43 **RES 
 **********
                   PARAMETER    8  phi_CBO RESTORED TO VARIABLE.
                   PARAMETER    4  phi RESTORED TO VARIABLE.
                   PARAMETER    3  A0 RESTORED TO VARIABLE.
                   PARAMETER    1  N0 RESTORED TO VARIABLE.
 **********
 **   44 **FIX            0
 **********
 PARAMETER    0  IS UNDEFINED. IGNORED.
 **********
 **   45 **FIX            1
 **********
 **********
 **   46 **FIX            2
 **********
 PARAMETER    2  IS CONSTANT.   IGNORED.
 **********
 **   47 **FIX            3
 **********
 **********
 **   48 **FIX            4
 **********
 **********
 **   49 **FIX            5
 **********
 PARAMETER    5  IS CONSTANT.   IGNORED.
 **********
 **   50 **FIX            6
 **********
 **********
 **   51 **FIX            7
 **********
 **********
 **   52 **FIX           10
 **********
 PARAMETER   10  IS CONSTANT.   IGNORED.
 **********
 **   53 **FIX           11
 **********
 PARAMETER   11  IS CONSTANT.   IGNORED.
 **********
 **   54 **FIX           12
 **********
 PARAMETER   12  IS CONSTANT.   IGNORED.
 **********
 **   55 **FIX           13
 **********
 PARAMETER   13  IS CONSTANT.   IGNORED.
 **********
 **   56 **FIX           14
 **********
 **********
 **   57 **FIX           15
 **********
 PARAMETER   15  IS CONSTANT.   IGNORED.
 **********
 **   58 **FIX           16
 **********
 PARAMETER   16  IS CONSTANT.   IGNORED.
 **********
 **   59 **MIGRAD
 **********
 START MIGRAD MINIMIZATION.  STRATEGY  1.  CONVERGENCE WHEN EDM .LT. 1.00e-04
 FCN=388.606 FROM MIGRAD    STATUS=INITIATE       12 CALLS         800 TOTAL
                     EDM= unknown      STRATEGY= 1      NO ERROR MATRIX       
  EXT PARAMETER               CURRENT GUESS       STEP         FIRST   
  NO.   NAME      VALUE            ERROR          SIZE      DERIVATIVE 
   1  N0           3.41533e+06     fixed    
   2  tau          6.43976e+01   constant   
   3  A0           3.55133e-01     fixed    
   4  phi          4.12282e+00     fixed    
   5  R           -6.08295e+01   constant   
   6  A_CBO        3.48973e-04     fixed    
   7  w_CBO        2.32785e+00     fixed    
   8  phi_CBO      2.95354e+00   7.84149e-01   7.84149e-01  -9.20808e-01
   9  ANx2         2.24467e-04   constant   
  10  pNx2         2.31915e+00   constant   
  11  ANy1         0.00000e+00   constant   
  12  pNy1         0.00000e+00   constant   
  13  w_y          0.00000e+00   constant   
  14  ANy2         1.34919e-04     fixed    
  15  pNy2         4.64502e+00   constant   
  16  w_vw         1.43138e+01   constant   
  17  LM          -1.76320e-04   constant   
  18  wCBO_expCoeff   2.00122e+02   1.99152e-01   2.01469e-04  -1.63032e-01
  19  wCBO_expOffset   2.00020e+02   3.76984e-02   9.53770e-05  -1.06019e+00
  20  wCBO_expT    2.99859e+01   7.78164e-03   1.42984e-05  -3.50239e+00
  21  wCBO_linCoeff   0.00000e+00   constant   
  22  wCBO_const  -4.24489e-03   1.52286e-03   6.06135e-06  -4.11985e+00
 MIGRAD MINIMIZATION HAS CONVERGED.
 MIGRAD WILL VERIFY CONVERGENCE AND ERROR MATRIX.
 FCN=388.288 FROM MIGRAD    STATUS=CONVERGED     124 CALLS         912 TOTAL
                     EDM=4.40439e-07    STRATEGY= 1      ERR MATRIX NOT POS-DEF
  EXT PARAMETER                APPROXIMATE        STEP         FIRST   
  NO.   NAME      VALUE            ERROR          SIZE      DERIVATIVE 
   1  N0           3.41533e+06     fixed    
   2  tau          6.43976e+01   constant   
   3  A0           3.55133e-01     fixed    
   4  phi          4.12282e+00     fixed    
   5  R           -6.08295e+01   constant   
   6  A_CBO        3.48973e-04     fixed    
   7  w_CBO        2.32785e+00     fixed    
   8  phi_CBO      3.62796e+00   1.16568e+00   1.00250e-02  -5.02011e-04
   9  ANx2         2.24467e-04   constant   
  10  pNx2         2.31915e+00   constant   
  11  ANy1         0.00000e+00   constant   
  12  pNy1         0.00000e+00   constant   
  13  w_y          0.00000e+00   constant   
  14  ANy2         1.34919e-04     fixed    
  15  pNy2         4.64502e+00   constant   
  16  w_vw         1.43138e+01   constant   
  17  LM          -1.76320e-04   constant   
  18  wCBO_expCoeff   2.00110e+02   2.17057e-01   1.90601e-04  -3.54162e-03
  19  wCBO_expOffset   2.00018e+02   3.67155e-02   9.53762e-05  -2.33817e-02
  20  wCBO_expT    2.99871e+01   8.29187e-03   1.42990e-05  -6.60528e-03
  21  wCBO_linCoeff   0.00000e+00   constant   
  22  wCBO_const  -4.20440e-03   1.36806e-03   5.97393e-06   6.31180e-01
 EXTERNAL ERROR MATRIX.    NDIM=  25    NPAR=  5    ERR DEF=1
  1.359e+00 -2.974e-03 -2.856e-03  1.342e-03  1.355e-04 
 -2.974e-03  4.711e-02 -6.089e-03 -3.187e-04  1.945e-05 
 -2.856e-03 -6.089e-03  1.348e-03 -1.470e-04  9.451e-06 
  1.342e-03 -3.187e-04 -1.470e-04  6.876e-05 -6.134e-06 
  1.355e-04  1.945e-05  9.451e-06 -6.134e-06  1.872e-06 
ERR MATRIX NOT POS-DEF
 PARAMETER  CORRELATION COEFFICIENTS  
       NO.  GLOBAL      8     18     19     20     22
        8  0.45614   1.000 -0.012 -0.067  0.139  0.085
       18  0.99589  -0.012  1.000 -0.764 -0.177  0.066
       19  0.99677  -0.067 -0.764  1.000 -0.483  0.188
       20  0.99396   0.139 -0.177 -0.483  1.000 -0.541
       22  0.89257   0.085  0.066  0.188 -0.541  1.000
 ERR MATRIX NOT POS-DEF
MINUIT - FIT ONLY 1-y
 **********
 **   60 **RES 
 **********
                   PARAMETER   14  ANy2 RESTORED TO VARIABLE.
                   PARAMETER    7  w_CBO RESTORED TO VARIABLE.
                   PARAMETER    6  A_CBO RESTORED TO VARIABLE.
                   PARAMETER    4  phi RESTORED TO VARIABLE.
                   PARAMETER    3  A0 RESTORED TO VARIABLE.
                   PARAMETER    1  N0 RESTORED TO VARIABLE.
 **********
 **   61 **FIX            0
 **********
 PARAMETER    0  IS UNDEFINED. IGNORED.
 **********
 **   62 **FIX            1
 **********
 **********
 **   63 **FIX            2
 **********
 PARAMETER    2  IS CONSTANT.   IGNORED.
 **********
 **   64 **FIX            3
 **********
 **********
 **   65 **FIX            4
 **********
 **********
 **   66 **FIX            5
 **********
 PARAMETER    5  IS CONSTANT.   IGNORED.
 **********
 **   67 **FIX            6
 **********
 **********
 **   68 **FIX            7
 **********
 **********
 **   69 **FIX            8
 **********
 **********
 **   70 **FIX            9
 **********
 PARAMETER    9  IS CONSTANT.   IGNORED.
 **********
 **   71 **FIX           13
 **********
 PARAMETER   13  IS CONSTANT.   IGNORED.
 **********
 **   72 **FIX           14
 **********
 **********
 **   73 **FIX           15
 **********
 PARAMETER   15  IS CONSTANT.   IGNORED.
 **********
 **   74 **FIX           16
 **********
 PARAMETER   16  IS CONSTANT.   IGNORED.
 **********
 **   75 **MIGRAD
 **********
 START MIGRAD MINIMIZATION.  STRATEGY  1.  CONVERGENCE WHEN EDM .LT. 1.00e-04
 FCN=388.288 FROM MIGRAD    STATUS=INITIATE        8 CALLS         920 TOTAL
                     EDM= unknown      STRATEGY= 1      NO ERROR MATRIX       
  EXT PARAMETER               CURRENT GUESS       STEP         FIRST   
  NO.   NAME      VALUE            ERROR          SIZE      DERIVATIVE 
   1  N0           3.41533e+06     fixed    
   2  tau          6.43976e+01   constant   
   3  A0           3.55133e-01     fixed    
   4  phi          4.12282e+00     fixed    
   5  R           -6.08295e+01   constant   
   6  A_CBO        3.48973e-04     fixed    
   7  w_CBO        2.32785e+00     fixed    
   8  phi_CBO      3.62796e+00     fixed    
   9  ANx2         2.24467e-04   constant   
  10  pNx2         2.31915e+00   constant   
  11  ANy1         0.00000e+00   constant   
  12  pNy1         0.00000e+00   constant   
  13  w_y          0.00000e+00   constant   
  14  ANy2         1.34919e-04     fixed    
  15  pNy2         4.64502e+00   constant   
  16  w_vw         1.43138e+01   constant   
  17  LM          -1.76320e-04   constant   
  18  wCBO_expCoeff   2.00110e+02   2.17057e-01   1.90601e-04  -3.45569e-03
  19  wCBO_expOffset   2.00018e+02   3.67155e-02   9.53762e-05   2.17404e-03
  20  wCBO_expT    2.99871e+01   8.29187e-03   1.42990e-05   1.04970e-02
  21  wCBO_linCoeff   0.00000e+00   constant   
  22  wCBO_const  -4.20440e-03   1.36806e-03   5.97393e-06   6.29813e-01
 MIGRAD MINIMIZATION HAS CONVERGED.
 MIGRAD WILL VERIFY CONVERGENCE AND ERROR MATRIX.
 FCN=388.288 FROM MIGRAD    STATUS=CONVERGED      43 CALLS         955 TOTAL
                     EDM=2.41321e-07    STRATEGY= 1      ERR MATRIX NOT POS-DEF
  EXT PARAMETER                APPROXIMATE        STEP         FIRST   
  NO.   NAME      VALUE            ERROR          SIZE      DERIVATIVE 
   1  N0           3.41533e+06     fixed    
   2  tau          6.43976e+01   constant   
   3  A0           3.55133e-01     fixed    
   4  phi          4.12282e+00     fixed    
   5  R           -6.08295e+01   constant   
   6  A_CBO        3.48973e-04     fixed    
   7  w_CBO        2.32785e+00     fixed    
   8  phi_CBO      3.62796e+00     fixed    
   9  ANx2         2.24467e-04   constant   
  10  pNx2         2.31915e+00   constant   
  11  ANy1         0.00000e+00   constant   
  12  pNy1         0.00000e+00   constant   
  13  w_y          0.00000e+00   constant   
  14  ANy2         1.34919e-04     fixed    
  15  pNy2         4.64502e+00   constant   
  16  w_vw         1.43138e+01   constant   
  17  LM          -1.76320e-04   constant   
  18  wCBO_expCoeff   2.00110e+02   2.22868e-01   1.90225e-04  -2.16295e-02
  19  wCBO_expOffset   2.00018e+02   3.77644e-02   9.53762e-05  -1.44225e-01
  20  wCBO_expT    2.99871e+01   8.33558e-03   1.42990e-05  -4.13914e-01
  21  wCBO_linCoeff   0.00000e+00   constant   
  22  wCBO_const  -4.20456e-03   1.36931e-03   5.96833e-06  -9.29461e-02
 EXTERNAL ERROR MATRIX.    NDIM=  25    NPAR=  4    ERR DEF=1
  4.967e-02 -6.511e-03 -3.050e-04  1.914e-05 
 -6.511e-03  1.426e-03 -1.517e-04  1.033e-05 
 -3.050e-04 -1.517e-04  6.948e-05 -6.447e-06 
  1.914e-05  1.033e-05 -6.447e-06  1.875e-06 
ERR MATRIX NOT POS-DEF
 PARAMETER  CORRELATION COEFFICIENTS  
       NO.  GLOBAL     18     19     20     22
       18  0.99610   1.000 -0.774 -0.164  0.063
       19  0.99695  -0.774  1.000 -0.482  0.200
       20  0.99403  -0.164 -0.482  1.000 -0.565
       22  0.89275   0.063  0.200 -0.565  1.000
 ERR MATRIX NOT POS-DEF
MINUIT - FIT ONLY 2-y
 **********
 **   76 **RES 
 **********
                   PARAMETER   14  ANy2 RESTORED TO VARIABLE.
                   PARAMETER    8  phi_CBO RESTORED TO VARIABLE.
                   PARAMETER    7  w_CBO RESTORED TO VARIABLE.
                   PARAMETER    6  A_CBO RESTORED TO VARIABLE.
                   PARAMETER    4  phi RESTORED TO VARIABLE.
                   PARAMETER    3  A0 RESTORED TO VARIABLE.
                   PARAMETER    1  N0 RESTORED TO VARIABLE.
 **********
 **   77 **FIX            0
 **********
 PARAMETER    0  IS UNDEFINED. IGNORED.
 **********
 **   78 **FIX            1
 **********
 **********
 **   79 **FIX            2
 **********
 PARAMETER    2  IS CONSTANT.   IGNORED.
 **********
 **   80 **FIX            3
 **********
 **********
 **   81 **FIX            4
 **********
 **********
 **   82 **FIX            5
 **********
 PARAMETER    5  IS CONSTANT.   IGNORED.
 **********
 **   83 **FIX            6
 **********
 **********
 **   84 **FIX            7
 **********
 **********
 **   85 **FIX            8
 **********
 **********
 **   86 **FIX            9
 **********
 PARAMETER    9  IS CONSTANT.   IGNORED.
 **********
 **   87 **FIX           10
 **********
 PARAMETER   10  IS CONSTANT.   IGNORED.
 **********
 **   88 **FIX           11
 **********
 PARAMETER   11  IS CONSTANT.   IGNORED.
 **********
 **   89 **FIX           12
 **********
 PARAMETER   12  IS CONSTANT.   IGNORED.
 **********
 **   90 **FIX           16
 **********
 PARAMETER   16  IS CONSTANT.   IGNORED.
 **********
 **   91 **MIGRAD
 **********
 START MIGRAD MINIMIZATION.  STRATEGY  1.  CONVERGENCE WHEN EDM .LT. 1.00e-04
 FCN=388.288 FROM MIGRAD    STATUS=INITIATE       10 CALLS         965 TOTAL
                     EDM= unknown      STRATEGY= 1      NO ERROR MATRIX       
  EXT PARAMETER               CURRENT GUESS       STEP         FIRST   
  NO.   NAME      VALUE            ERROR          SIZE      DERIVATIVE 
   1  N0           3.41533e+06     fixed    
   2  tau          6.43976e+01   constant   
   3  A0           3.55133e-01     fixed    
   4  phi          4.12282e+00     fixed    
   5  R           -6.08295e+01   constant   
   6  A_CBO        3.48973e-04     fixed    
   7  w_CBO        2.32785e+00     fixed    
   8  phi_CBO      3.62796e+00     fixed    
   9  ANx2         2.24467e-04   constant   
  10  pNx2         2.31915e+00   constant   
  11  ANy1         0.00000e+00   constant   
  12  pNy1         0.00000e+00   constant   
  13  w_y          0.00000e+00   constant   
  14  ANy2         1.34919e-04   3.90529e-04   3.90529e-04   4.27147e+01
  15  pNy2         4.64502e+00   constant   
  16  w_vw         1.43138e+01   constant   
  17  LM          -1.76320e-04   constant   
  18  wCBO_expCoeff   2.00110e+02   2.22868e-01   1.90225e-04  -2.13058e-02
  19  wCBO_expOffset   2.00018e+02   3.77644e-02   9.53762e-05  -1.18647e-01
  20  wCBO_expT    2.99871e+01   8.33558e-03   1.42990e-05  -4.00947e-01
  21  wCBO_linCoeff   0.00000e+00   constant   
  22  wCBO_const  -4.20456e-03   1.36931e-03   5.96833e-06  -9.43044e-02
 MIGRAD MINIMIZATION HAS CONVERGED.
 MIGRAD WILL VERIFY CONVERGENCE AND ERROR MATRIX.
 FCN=388.288 FROM MIGRAD    STATUS=CONVERGED      56 CALLS        1011 TOTAL
                     EDM=9.88556e-07    STRATEGY= 1      ERR MATRIX NOT POS-DEF
  EXT PARAMETER                APPROXIMATE        STEP         FIRST   
  NO.   NAME      VALUE            ERROR          SIZE      DERIVATIVE 
   1  N0           3.41533e+06     fixed    
   2  tau          6.43976e+01   constant   
   3  A0           3.55133e-01     fixed    
   4  phi          4.12282e+00     fixed    
   5  R           -6.08295e+01   constant   
   6  A_CBO        3.48973e-04     fixed    
   7  w_CBO        2.32785e+00     fixed    
   8  phi_CBO      3.62796e+00     fixed    
   9  ANx2         2.24467e-04   constant   
  10  pNx2         2.31915e+00   constant   
  11  ANy1         0.00000e+00   constant   
  12  pNy1         0.00000e+00   constant   
  13  w_y          0.00000e+00   constant   
  14  ANy2         1.31646e-04   3.90824e-04   3.77163e-06   1.14037e-01
  15  pNy2         4.64502e+00   constant   
  16  w_vw         1.43138e+01   constant   
  17  LM          -1.76320e-04   constant   
  18  wCBO_expCoeff   2.00110e+02   2.22819e-01   1.90228e-04   3.84443e-03
  19  wCBO_expOffset   2.00018e+02   3.77742e-02   9.53762e-05   2.59068e-02
  20  wCBO_expT    2.99871e+01   8.34344e-03   1.42990e-05   2.71348e-01
  21  wCBO_linCoeff   0.00000e+00   constant   
  22  wCBO_const  -4.20454e-03   1.36926e-03   5.96829e-06   1.13709e+00
 EXTERNAL ERROR MATRIX.    NDIM=  25    NPAR=  5    ERR DEF=1
  1.527e-07 -2.594e-07 -4.824e-07  1.454e-07  1.625e-09 
 -2.594e-07  4.965e-02 -6.506e-03 -3.056e-04  1.915e-05 
 -4.824e-07 -6.506e-03  1.427e-03 -1.521e-04  1.032e-05 
  1.454e-07 -3.056e-04 -1.521e-04  6.961e-05 -6.443e-06 
  1.625e-09  1.915e-05  1.032e-05 -6.443e-06  1.875e-06 
ERR MATRIX NOT POS-DEF
 PARAMETER  CORRELATION COEFFICIENTS  
       NO.  GLOBAL     14     18     19     20     22
       14  0.06997   1.000 -0.003 -0.033  0.045  0.003
       18  0.99610  -0.003  1.000 -0.773 -0.164  0.063
       19  0.99695  -0.033 -0.773  1.000 -0.483  0.200
       20  0.99404   0.045 -0.164 -0.483  1.000 -0.564
       22  0.89274   0.003  0.063  0.200 -0.564  1.000
 ERR MATRIX NOT POS-DEF
MINUIT - FIT ALTOGETHER
 **********
 **   92 **RES 
 **********
                   PARAMETER    8  phi_CBO RESTORED TO VARIABLE.
                   PARAMETER    7  w_CBO RESTORED TO VARIABLE.
                   PARAMETER    6  A_CBO RESTORED TO VARIABLE.
                   PARAMETER    4  phi RESTORED TO VARIABLE.
                   PARAMETER    3  A0 RESTORED TO VARIABLE.
                   PARAMETER    1  N0 RESTORED TO VARIABLE.
 **********
 **   93 **MIGRAD
 **********
 START MIGRAD MINIMIZATION.  STRATEGY  1.  CONVERGENCE WHEN EDM .LT. 1.00e-04
 FCN=388.288 FROM MIGRAD    STATUS=INITIATE       22 CALLS        1033 TOTAL
                     EDM= unknown      STRATEGY= 1      NO ERROR MATRIX       
  EXT PARAMETER               CURRENT GUESS       STEP         FIRST   
  NO.   NAME      VALUE            ERROR          SIZE      DERIVATIVE 
   1  N0           3.41533e+06   9.46617e+02   9.46617e+02  -9.78780e-04
   2  tau          6.43976e+01   constant   
   3  A0           3.55133e-01   3.70044e-04   3.70044e-04   9.43176e+02
   4  phi          4.12282e+00   1.08546e-03   1.08546e-03  -6.83186e+01
   5  R           -6.08295e+01   constant   
   6  A_CBO        3.48973e-04   4.12027e-04   4.12027e-04  -7.43729e+02
   7  w_CBO        2.32785e+00   2.06900e-03   2.06900e-03   8.51456e-01
   8  phi_CBO      3.62796e+00   1.16568e+00   1.16568e+00  -1.10298e-03
   9  ANx2         2.24467e-04   constant   
  10  pNx2         2.31915e+00   constant   
  11  ANy1         0.00000e+00   constant   
  12  pNy1         0.00000e+00   constant   
  13  w_y          0.00000e+00   constant   
  14  ANy2         1.31646e-04   3.90824e-04   3.77163e-06   1.14037e-01
  15  pNy2         4.64502e+00   constant   
  16  w_vw         1.43138e+01   constant   
  17  LM          -1.76320e-04   constant   
  18  wCBO_expCoeff   2.00110e+02   2.22819e-01   1.90228e-04   3.93038e-03
  19  wCBO_expOffset   2.00018e+02   3.77742e-02   9.53762e-05   5.14772e-02
  20  wCBO_expT    2.99871e+01   8.34344e-03   1.42990e-05   2.84305e-01
  21  wCBO_linCoeff   0.00000e+00   constant   
  22  wCBO_const  -4.20454e-03   1.36926e-03   5.96829e-06   1.13572e+00
 MIGRAD MINIMIZATION HAS CONVERGED.
 FCN=388.019 FROM MIGRAD    STATUS=CONVERGED     191 CALLS        1202 TOTAL
                     EDM=1.28882e-06    STRATEGY= 1  ERROR MATRIX UNCERTAINTY   1.0 per cent
  EXT PARAMETER                                   STEP         FIRST   
  NO.   NAME      VALUE            ERROR          SIZE      DERIVATIVE 
   1  N0           3.41577e+06   9.50910e+02  -2.65881e+00  -6.07599e-07
   2  tau          6.43976e+01   constant   
   3  A0           3.55073e-01   3.68965e-04  -1.83198e-06  -1.97861e+00
