 + ++++++++++++++++++++++++++++++++++++++++++++++++++++++++++++++++++++ +
 +                                                                      +
 +           You have chose to blind your fitting according to          +
 +                omega_ref * (1 + (R +/- deltaR) *10^{-6})             +
 +                                                                      +
 + ++++++++++++++++++++++++++++++++++++++++++++++++++++++++++++++++++++ +
In main()...
reading format from /gm2data/zkhechad/run45/envelope/formats/formatB_sBin_constraintOn.txt
pBinTau 	= 0  
pBinPhi 	= 0  
constraintau 	= 1 
includeMopTerm 	= 0    
constrainMop    = 0   
Parameters after format file: pBinTau 0 pBinPhi 0 constraintau 1 includeMopTerm 0 constrainMop 0 c_e_scale 0.000000 
reading cbo reference file (full fit) from /gm2data/zkhechad/cboTemplates/Run4CBOTemplates/fullFits/run4/sBin_constraintOn_cE0.0_seed0_run4_calo23.root
A_CBO 0.010020 w_CBO 2.326571 phi_CBO 3.324358 N0 2994604.828788 R -61.069952 tau 64.405626 
Reading cboRef file /gm2data/zkhechad/cboTemplates/Run4CBOTemplates//cboIsolate/run4_calo23.root
deltaT 164.120000
windowBins = 1100
fitting sliding window 1940 from bin 2143 at 319.735600 to bin 3243 at 483.855600 (1100 bins)

Reading data from /gm2data/cornell/histograms/aMethod/histogram_a_run4.root
fitting cbo isolate
 **********
 **    1 **SET PRINTOUT            1
 **********
 **********
 **    2 **SET NOWARNINGS 
 **********
 PARAMETER DEFINITIONS:
    NO.   NAME         VALUE      STEP SIZE      LIMITS
     1 A_CBO        1.00201e-02  1.00000e-05     no limits
     2 w_CBO        2.32657e+00  1.00000e-02    2.00000e+00  3.00000e+00
     3 phi_CBO      3.32436e+00  1.00000e-02    0.00000e+00  6.28319e+00
 **********
 **    3 **MIGRAD
 **********
 FIRST CALL TO USER FUNCTION AT NEW START POINT, WITH IFLAG=4.
 START MIGRAD MINIMIZATION.  STRATEGY  1.  CONVERGENCE WHEN EDM .LT. 1.00e-04
 FCN=0.124617 FROM MIGRAD    STATUS=INITIATE       12 CALLS          13 TOTAL
                     EDM= unknown      STRATEGY= 1      NO ERROR MATRIX       
  EXT PARAMETER               CURRENT GUESS       STEP         FIRST   
  NO.   NAME      VALUE            ERROR          SIZE      DERIVATIVE 
   1  A_CBO        1.00201e-02   1.00000e-05   1.00000e-05   9.05132e+00
   2  w_CBO        2.32657e+00   1.00000e-02   2.13261e-02   4.93668e-01
   3  phi_CBO      3.32436e+00   1.00000e-02   3.18850e-03  -7.58976e-03
 MIGRAD MINIMIZATION HAS CONVERGED.
 MIGRAD WILL VERIFY CONVERGENCE AND ERROR MATRIX.
 COVARIANCE MATRIX CALCULATED SUCCESSFULLY
 FCN=0.0874372 FROM MIGRAD    STATUS=CONVERGED      49 CALLS          50 TOTAL
                     EDM=2.33894e-05    STRATEGY= 1      ERROR MATRIX ACCURATE 
  EXT PARAMETER                                   STEP         FIRST   
  NO.   NAME      VALUE            ERROR          SIZE      DERIVATIVE 
   1  A_CBO        1.79244e-03   4.32660e-02   2.16994e-05  -3.40211e-02
   2  w_CBO        2.32641e+00   6.59501e-01   6.31005e-05   1.75341e-03
   3  phi_CBO      3.37757e+00   3.98009e+00   3.85137e-03   7.26728e-05
 EXTERNAL ERROR MATRIX.    NDIM=  25    NPAR=  3    ERR DEF=1
  1.872e-03 -3.690e-03 -1.496e+00 
 -3.690e-03  2.396e-01  9.651e+01 
 -1.496e+00  9.651e+01  3.943e+04 
 PARAMETER  CORRELATION COEFFICIENTS  
       NO.  GLOBAL      1      2      3
        1  0.17452   1.000 -0.174 -0.174
        2  0.99291  -0.174  1.000  0.993
        3  0.99291  -0.174  0.993  1.000
setting A_CBO=0.001792 w_CBO=2.326406, phi_CBO=3.377570
done fitting cbo isolate
 **********
 **    1 **SET PRINTOUT            1
 **********
 **********
 **    2 **SET NOWARNINGS 
 **********
 PARAMETER DEFINITIONS:
    NO.   NAME         VALUE      STEP SIZE      LIMITS
     1 N0           2.99460e+06  1.00000e+02     no limits
     2 tau          6.44056e+01  constant
     3 A0           3.43521e-01  1.00000e-04     no limits
     4 phi          4.11984e+00  1.00000e-02     no limits
     5 R           -6.10700e+01  constant
     6 A_CBO        1.79244e-03  1.00000e-05     no limits
     7 w_CBO        2.32641e+00  1.00000e-03     no limits
     8 phi_CBO      3.37757e+00  1.00000e-04     no limits
     9 ANx2         5.14298e-04  constant
    10 pNx2         2.57364e+00  constant
    11 ANy1         0.00000e+00  constant
    12 pNy1         0.00000e+00  constant
    13 w_y          0.00000e+00  constant
    14 ANy2         1.38778e-02  1.00000e-04     no limits
    15 pNy2         3.40463e+00  constant
    16 w_vw         1.43028e+01  constant
    17 LM           2.35248e-05  constant
    18 wCBO_expCoeff   2.00000e+02  1.00000e+00     no limits
    19 wCBO_expOffset   2.00000e+02  1.00000e+00     no limits
    20 wCBO_expT    3.00000e+01  1.00000e+00     no limits
    21 wCBO_linCoeff   0.00000e+00  constant
    22 wCBO_const   0.00000e+00  1.00000e-02     no limits
MINUIT - FIT ONLY WIGGLE
 **********
 **    3 **FIX            5
 **********
 PARAMETER    5  IS CONSTANT.   IGNORED.
 **********
 **    4 **FIX            6
 **********
 **********
 **    5 **FIX            7
 **********
 **********
 **    6 **FIX            8
 **********
 **********
 **    7 **FIX            9
 **********
 PARAMETER    9  IS CONSTANT.   IGNORED.
 **********
 **    8 **FIX           10
 **********
 PARAMETER   10  IS CONSTANT.   IGNORED.
 **********
 **    9 **FIX           11
 **********
 PARAMETER   11  IS CONSTANT.   IGNORED.
 **********
 **   10 **FIX           12
 **********
 PARAMETER   12  IS CONSTANT.   IGNORED.
 **********
 **   11 **FIX           13
 **********
 PARAMETER   13  IS CONSTANT.   IGNORED.
 **********
 **   12 **FIX           14
 **********
 **********
 **   13 **FIX           15
 **********
 PARAMETER   15  IS CONSTANT.   IGNORED.
 **********
 **   14 **FIX           16
 **********
 PARAMETER   16  IS CONSTANT.   IGNORED.
 **********
 **   15 **MIGRAD
 **********
 FIRST CALL TO USER FUNCTION AT NEW START POINT, WITH IFLAG=4.
 START MIGRAD MINIMIZATION.  STRATEGY  1.  CONVERGENCE WHEN EDM .LT. 1.00e-04
 FCN=846.229 FROM MIGRAD    STATUS=INITIATE       60 CALLS          61 TOTAL
                     EDM= unknown      STRATEGY= 1      NO ERROR MATRIX       
  EXT PARAMETER               CURRENT GUESS       STEP         FIRST   
  NO.   NAME      VALUE            ERROR          SIZE      DERIVATIVE 
   1  N0           2.99460e+06   1.00000e+02   0.00000e+00   1.53771e-04
   2  tau          6.44056e+01   constant   
   3  A0           3.43521e-01   1.00000e-04   0.00000e+00   6.61260e+02
   4  phi          4.11984e+00   1.00000e-02   0.00000e+00  -4.60878e+02
   5  R           -6.10700e+01   constant   
   6  A_CBO        1.79244e-03     fixed    
   7  w_CBO        2.32641e+00     fixed    
   8  phi_CBO      3.37757e+00     fixed    
   9  ANx2         5.14298e-04   constant   
  10  pNx2         2.57364e+00   constant   
  11  ANy1         0.00000e+00   constant   
  12  pNy1         0.00000e+00   constant   
  13  w_y          0.00000e+00   constant   
  14  ANy2         1.38778e-02     fixed    
  15  pNy2         3.40463e+00   constant   
  16  w_vw         1.43028e+01   constant   
  17  LM           2.35248e-05   constant   
  18  wCBO_expCoeff   2.00117e+02   1.00000e+00   1.16575e-01   1.49669e+00
  19  wCBO_expOffset   2.00000e+02   1.00000e+00   0.00000e+00   9.98291e+00
  20  wCBO_expT    3.00000e+01   1.00000e+00   0.00000e+00   3.49806e+01
  21  wCBO_linCoeff   0.00000e+00   constant   
  22  wCBO_const   0.00000e+00   1.00000e-02   0.00000e+00   1.90135e+03
 MIGRAD MINIMIZATION HAS CONVERGED.
 FCN=837.718 FROM MIGRAD    STATUS=CONVERGED     286 CALLS         287 TOTAL
                     EDM=2.28269e-07    STRATEGY= 1  ERROR MATRIX UNCERTAINTY   0.9 per cent
  EXT PARAMETER                                   STEP         FIRST   
  NO.   NAME      VALUE            ERROR          SIZE      DERIVATIVE 
   1  N0           2.99432e+06   1.21551e+03  -1.87141e+00   1.70087e-07
   2  tau          6.44056e+01   constant   
   3  A0           3.43517e-01   5.49085e-04  -1.07124e-06  -3.89289e-01
   4  phi          4.12049e+00   1.63537e-03  -4.66352e-07   2.07727e-01
   5  R           -6.10700e+01   constant   
   6  A_CBO        1.79244e-03     fixed    
   7  w_CBO        2.32641e+00     fixed    
   8  phi_CBO      3.37757e+00     fixed    
   9  ANx2         5.14298e-04   constant   
  10  pNx2         2.57364e+00   constant   
  11  ANy1         0.00000e+00   constant   
  12  pNy1         0.00000e+00   constant   
  13  w_y          0.00000e+00   constant   
  14  ANy2         1.38778e-02     fixed    
  15  pNy2         3.40463e+00   constant   
  16  w_vw         1.43028e+01   constant   
  17  LM           2.35248e-05   constant   
  18  wCBO_expCoeff   1.98985e+02   3.00075e-01  -9.13066e-04  -7.15082e-03
  19  wCBO_expOffset   1.99830e+02   4.50052e-02  -1.36937e-04  -4.95538e-02
  20  wCBO_expT    3.00922e+01   2.27741e-02   7.45180e-05  -2.22792e-01
  21  wCBO_linCoeff   0.00000e+00   constant   
  22  wCBO_const  -4.75836e-03   7.45598e-04  -3.13196e-06  -1.95274e+00
 EXTERNAL ERROR MATRIX.    NDIM=  25    NPAR=  7    ERR DEF=1
  1.477e+06 -1.918e-03  4.720e-02  7.540e+00  1.130e+00 -5.465e-01 -7.390e-03 
 -1.918e-03  3.015e-07  1.078e-08  2.186e-06  3.215e-07 -2.048e-07  1.796e-08 
  4.720e-02  1.078e-08  2.674e-06  5.558e-05  8.332e-06 -4.371e-06  1.370e-07 
  7.540e+00  2.186e-06  5.558e-05  9.005e-02  1.323e-02 -6.778e-03  1.720e-04 
  1.130e+00  3.215e-07  8.332e-06  1.323e-02  2.025e-03 -1.017e-03  2.580e-05 
 -5.465e-01 -2.048e-07 -4.371e-06 -6.778e-03 -1.017e-03  5.187e-04 -1.374e-05 
 -7.390e-03  1.796e-08  1.370e-07  1.720e-04  2.580e-05 -1.374e-05  5.559e-07 
 PARAMETER  CORRELATION COEFFICIENTS  
       NO.  GLOBAL      1      3      4     18     19     20     22
        1  0.05580   1.000 -0.003  0.024  0.021  0.021 -0.020 -0.008
        3  0.05536  -0.003  1.000  0.012  0.013  0.013 -0.016  0.044
        4  0.12631   0.024  0.012  1.000  0.113  0.113 -0.117  0.112
       18  0.99547   0.021  0.013  0.113  1.000  0.980 -0.992  0.769
       19  0.99545   0.021  0.013  0.113  0.980  1.000 -0.992  0.769
       20  0.99874  -0.020 -0.016 -0.117 -0.992 -0.992  1.000 -0.809
       22  0.91504  -0.008  0.044  0.112  0.769  0.769 -0.809  1.000
MINUIT - FIT ONLY 1-CBO + other amplitudes 
 **********
 **   16 **RES 
 **********
                   PARAMETER   14  ANy2 RESTORED TO VARIABLE.
                   PARAMETER    8  phi_CBO RESTORED TO VARIABLE.
                   PARAMETER    7  w_CBO RESTORED TO VARIABLE.
                   PARAMETER    6  A_CBO RESTORED TO VARIABLE.
 **********
 **   17 **FIX            0
 **********
 PARAMETER    0  IS UNDEFINED. IGNORED.
 **********
 **   18 **FIX            1
 **********
 **********
 **   19 **FIX            2
 **********
 PARAMETER    2  IS CONSTANT.   IGNORED.
 **********
 **   20 **FIX            3
 **********
 **********
 **   21 **FIX            4
 **********
 **********
 **   22 **FIX            9
 **********
 PARAMETER    9  IS CONSTANT.   IGNORED.
 **********
 **   23 **FIX           11
 **********
 PARAMETER   11  IS CONSTANT.   IGNORED.
 **********
 **   24 **FIX           12
 **********
 PARAMETER   12  IS CONSTANT.   IGNORED.
 **********
 **   25 **FIX           14
 **********
 **********
 **   26 **FIX           15
 **********
 PARAMETER   15  IS CONSTANT.   IGNORED.
 **********
 **   27 **FIX           16
 **********
 PARAMETER   16  IS CONSTANT.   IGNORED.
 **********
 **   28 **MIGRAD
 **********
 START MIGRAD MINIMIZATION.  STRATEGY  1.  CONVERGENCE WHEN EDM .LT. 1.00e-04
 FCN=837.718 FROM MIGRAD    STATUS=INITIATE       20 CALLS         307 TOTAL
                     EDM= unknown      STRATEGY= 1      NO ERROR MATRIX       
  EXT PARAMETER               CURRENT GUESS       STEP         FIRST   
  NO.   NAME      VALUE            ERROR          SIZE      DERIVATIVE 
   1  N0           2.99432e+06     fixed    
   2  tau          6.44056e+01   constant   
   3  A0           3.43517e-01     fixed    
   4  phi          4.12049e+00     fixed    
   5  R           -6.10700e+01   constant   
   6  A_CBO        1.79244e-03   1.00000e-05   1.00000e-05   3.29041e+03
   7  w_CBO        2.32641e+00   1.00000e-03   1.00000e-03  -1.44723e+00
   8  phi_CBO      3.37757e+00   1.00000e-04   1.00000e-04   4.04628e+00
   9  ANx2         5.14298e-04   constant   
  10  pNx2         2.57364e+00   constant   
  11  ANy1         0.00000e+00   constant   
  12  pNy1         0.00000e+00   constant   
  13  w_y          0.00000e+00   constant   
  14  ANy2         1.38778e-02     fixed    
  15  pNy2         3.40463e+00   constant   
  16  w_vw         1.43028e+01   constant   
  17  LM           2.35248e-05   constant   
  18  wCBO_expCoeff   1.98985e+02   3.00075e-01  -9.13066e-04  -7.15089e-03
  19  wCBO_expOffset   1.99830e+02   4.50052e-02  -1.36937e-04  -4.95538e-02
  20  wCBO_expT    3.00922e+01   2.27741e-02   7.45180e-05  -2.22795e-01
  21  wCBO_linCoeff   0.00000e+00   constant   
  22  wCBO_const  -4.75836e-03   7.45598e-04  -3.13196e-06  -1.95275e+00
 MIGRAD MINIMIZATION HAS CONVERGED.
 MIGRAD WILL VERIFY CONVERGENCE AND ERROR MATRIX.
 COVARIANCE MATRIX CALCULATED SUCCESSFULLY
 FCN=835.753 FROM MIGRAD    STATUS=CONVERGED     219 CALLS         506 TOTAL
                     EDM=3.69067e-07    STRATEGY= 1      ERROR MATRIX ACCURATE 
  EXT PARAMETER                                   STEP         FIRST   
  NO.   NAME      VALUE            ERROR          SIZE      DERIVATIVE 
   1  N0           2.99432e+06     fixed    
   2  tau          6.44056e+01   constant   
   3  A0           3.43517e-01     fixed    
   4  phi          4.12049e+00     fixed    
   5  R           -6.10700e+01   constant   
   6  A_CBO        1.24017e-03   5.93260e-04   8.21515e-06  -1.10347e-01
   7  w_CBO        2.32705e+00   1.13635e-02   3.77968e-06  -1.18108e+00
   8  phi_CBO      2.81670e+00   5.69247e-01   6.40233e-03   1.36563e-03
   9  ANx2         5.14298e-04   constant   
  10  pNx2         2.57364e+00   constant   
  11  ANy1         0.00000e+00   constant   
  12  pNy1         0.00000e+00   constant   
  13  w_y          0.00000e+00   constant   
  14  ANy2         1.38778e-02     fixed    
  15  pNy2         3.40463e+00   constant   
  16  w_vw         1.43028e+01   constant   
  17  LM           2.35248e-05   constant   
  18  wCBO_expCoeff   1.99105e+02   1.62292e+00   4.72121e-04  -6.24346e-03
  19  wCBO_expOffset   1.99849e+02   2.35461e-01   9.52952e-05  -4.13863e-02
  20  wCBO_expT    3.00803e+01   2.03935e-02   1.65355e-05  -1.88881e-01
  21  wCBO_linCoeff   0.00000e+00   constant   
  22  wCBO_const  -4.86381e-03   4.87649e-03   4.26066e-06  -1.51229e+00
 EXTERNAL ERROR MATRIX.    NDIM=  25    NPAR=  7    ERR DEF=1
  3.520e-07 -5.051e-08  1.401e-05 -1.703e-05 -5.771e-06  2.333e-06 -5.174e-08 
 -5.051e-08  1.291e-04 -6.025e-05 -6.231e-03 -6.702e-04 -1.468e-05 -5.479e-05 
  1.401e-05 -6.025e-05  3.240e-01 -3.739e-02 -4.243e-03  2.997e-03  3.110e-06 
 -1.703e-05 -6.231e-03 -3.739e-02  2.634e+00 -2.947e-01 -5.728e-03  2.810e-03 
 -5.771e-06 -6.702e-04 -4.243e-03 -2.947e-01  5.544e-02 -5.704e-04  3.015e-04 
  2.333e-06 -1.468e-05  2.997e-03 -5.728e-03 -5.704e-04  4.159e-04 -5.152e-06 
 -5.174e-08 -5.479e-05  3.110e-06  2.810e-03  3.015e-04 -5.152e-06  2.378e-05 
 PARAMETER  CORRELATION COEFFICIENTS  
       NO.  GLOBAL      6      7      8     18     19     20     22
        6  0.19682   1.000 -0.007  0.041 -0.018 -0.041  0.193 -0.018
        7  0.99972  -0.007  1.000 -0.009 -0.338 -0.250 -0.063 -0.989
        8  0.60505   0.041 -0.009  1.000 -0.040 -0.032  0.258  0.001
       18  0.99979  -0.018 -0.338 -0.040  1.000 -0.771 -0.173  0.355
       19  0.99977  -0.041 -0.250 -0.032 -0.771  1.000 -0.119  0.263
       20  0.99835   0.193 -0.063  0.258 -0.173 -0.119  1.000 -0.052
       22  0.99808  -0.018 -0.989  0.001  0.355  0.263 -0.052  1.000
MINUIT - FIT ONLY 1-CBO
 **********
 **   29 **RES 
 **********
                   PARAMETER   14  ANy2 RESTORED TO VARIABLE.
                   PARAMETER    4  phi RESTORED TO VARIABLE.
                   PARAMETER    3  A0 RESTORED TO VARIABLE.
                   PARAMETER    1  N0 RESTORED TO VARIABLE.
 **********
 **   30 **FIX            0
 **********
 PARAMETER    0  IS UNDEFINED. IGNORED.
 **********
 **   31 **FIX            1
 **********
 **********
 **   32 **FIX            2
 **********
 PARAMETER    2  IS CONSTANT.   IGNORED.
 **********
 **   33 **FIX            3
 **********
 **********
 **   34 **FIX            4
 **********
 **********
 **   35 **FIX            8
 **********
 **********
 **   36 **FIX            9
 **********
 PARAMETER    9  IS CONSTANT.   IGNORED.
 **********
 **   37 **FIX           11
 **********
 PARAMETER   11  IS CONSTANT.   IGNORED.
 **********
 **   38 **FIX           12
 **********
 PARAMETER   12  IS CONSTANT.   IGNORED.
 **********
 **   39 **FIX           13
 **********
 PARAMETER   13  IS CONSTANT.   IGNORED.
 **********
 **   40 **FIX           15
 **********
 PARAMETER   15  IS CONSTANT.   IGNORED.
 **********
 **   41 **FIX           16
 **********
 PARAMETER   16  IS CONSTANT.   IGNORED.
 **********
 **   42 **MIGRAD
 **********
 START MIGRAD MINIMIZATION.  STRATEGY  1.  CONVERGENCE WHEN EDM .LT. 1.00e-04
 FCN=835.753 FROM MIGRAD    STATUS=INITIATE       16 CALLS         522 TOTAL
                     EDM= unknown      STRATEGY= 1      NO ERROR MATRIX       
  EXT PARAMETER               CURRENT GUESS       STEP         FIRST   
  NO.   NAME      VALUE            ERROR          SIZE      DERIVATIVE 
   1  N0           2.99432e+06     fixed    
   2  tau          6.44056e+01   constant   
   3  A0           3.43517e-01     fixed    
   4  phi          4.12049e+00     fixed    
   5  R           -6.10700e+01   constant   
   6  A_CBO        1.24017e-03   5.93260e-04   8.21515e-06  -1.10346e-01
   7  w_CBO        2.32705e+00   1.13635e-02   3.77968e-06  -1.18844e+00
   8  phi_CBO      2.81670e+00     fixed    
   9  ANx2         5.14298e-04   constant   
  10  pNx2         2.57364e+00   constant   
  11  ANy1         0.00000e+00   constant   
  12  pNy1         0.00000e+00   constant   
  13  w_y          0.00000e+00   constant   
  14  ANy2         1.38778e-02   1.00000e-04   1.00000e-04   8.26988e+04
  15  pNy2         3.40463e+00   constant   
  16  w_vw         1.43028e+01   constant   
  17  LM           2.35248e-05   constant   
  18  wCBO_expCoeff   1.99105e+02   1.62292e+00   4.72121e-04  -6.26592e-03
  19  wCBO_expOffset   1.99849e+02   2.35461e-01   9.52952e-05  -4.15845e-02
  20  wCBO_expT    3.00803e+01   2.03935e-02   1.65355e-05  -1.90452e-01
  21  wCBO_linCoeff   0.00000e+00   constant   
  22  wCBO_const  -4.86381e-03   4.87649e-03   4.26066e-06  -1.51575e+00
 MIGRAD MINIMIZATION HAS CONVERGED.
 MIGRAD WILL VERIFY CONVERGENCE AND ERROR MATRIX.
 FCN=273.618 FROM MIGRAD    STATUS=CONVERGED     346 CALLS         852 TOTAL
                     EDM=8.69279e-08    STRATEGY= 1      ERR MATRIX NOT POS-DEF
  EXT PARAMETER                APPROXIMATE        STEP         FIRST   
  NO.   NAME      VALUE            ERROR          SIZE      DERIVATIVE 
   1  N0           2.99432e+06     fixed    
   2  tau          6.44056e+01   constant   
   3  A0           3.43517e-01     fixed    
   4  phi          4.12049e+00     fixed    
   5  R           -6.10700e+01   constant   
   6  A_CBO        4.27389e-04   5.85317e-04   4.71281e-06  -4.09841e-01
   7  w_CBO        2.32515e+00   5.42940e-03   5.02783e-06  -1.13272e-01
   8  phi_CBO      2.81670e+00     fixed    
   9  ANx2         5.14298e-04   constant   
  10  pNx2         2.57364e+00   constant   
  11  ANy1         0.00000e+00   constant   
  12  pNy1         0.00000e+00   constant   
  13  w_y          0.00000e+00   constant   
  14  ANy2         2.48802e-04   5.69681e-04   4.62423e-06  -5.75783e-01
  15  pNy2         3.40463e+00   constant   
  16  w_vw         1.43028e+01   constant   
  17  LM           2.35248e-05   constant   
  18  wCBO_expCoeff   1.98711e+02   1.07489e+00   7.64901e-04  -4.41917e-04
  19  wCBO_expOffset   1.99789e+02   1.62885e-01   1.15906e-04  -2.90896e-03
  20  wCBO_expT    3.01108e+01   2.40384e-02   2.53108e-05  -1.46335e-02
  21  wCBO_linCoeff   0.00000e+00   constant   
  22  wCBO_const  -4.08112e-03   2.35129e-03   3.88001e-06  -1.76208e-01
 EXTERNAL ERROR MATRIX.    NDIM=  25    NPAR=  7    ERR DEF=1
  3.426e-07 -4.352e-08  1.367e-08 -2.086e-05 -3.161e-06  1.433e-06 -5.527e-09 
 -4.352e-08  2.948e-05 -6.871e-10 -1.040e-03 -1.577e-04 -1.637e-05 -1.214e-05 
  1.367e-08 -6.871e-10  3.245e-07  3.516e-06  5.327e-07 -3.053e-07 -4.550e-09 
 -2.086e-05 -1.040e-03  3.516e-06  1.155e+00 -1.296e-01 -7.332e-03  5.469e-04 
 -3.161e-06 -1.577e-04  5.327e-07 -1.296e-01  2.653e-02 -1.111e-03  8.294e-05 
  1.433e-06 -1.637e-05 -3.053e-07 -7.332e-03 -1.111e-03  5.778e-04 -3.304e-06 
 -5.527e-09 -1.214e-05 -4.550e-09  5.469e-04  8.294e-05 -3.304e-06  5.529e-06 
ERR MATRIX NOT POS-DEF
 PARAMETER  CORRELATION COEFFICIENTS  
       NO.  GLOBAL      6      7     14     18     19     20     22
        6  0.14658   1.000 -0.014  0.041 -0.033 -0.033  0.102 -0.004
        7  0.99351  -0.014  1.000 -0.000 -0.178 -0.178 -0.125 -0.951
       14  0.07402   0.041 -0.000  1.000  0.006  0.006 -0.022 -0.003
       18  0.99617  -0.033 -0.178  0.006  1.000 -0.740 -0.284  0.216
       19  0.99617  -0.033 -0.178  0.006 -0.740  1.000 -0.284  0.217
       20  0.99160   0.102 -0.125 -0.022 -0.284 -0.284  1.000 -0.058
       22  0.97924  -0.004 -0.951 -0.003  0.216  0.217 -0.058  1.000
 ERR MATRIX NOT POS-DEF
MINUIT - FIT ONLY 2-CBO
 **********
 **   43 **RES 
 **********
                   PARAMETER    8  phi_CBO RESTORED TO VARIABLE.
                   PARAMETER    4  phi RESTORED TO VARIABLE.
                   PARAMETER    3  A0 RESTORED TO VARIABLE.
                   PARAMETER    1  N0 RESTORED TO VARIABLE.
 **********
 **   44 **FIX            0
 **********
 PARAMETER    0  IS UNDEFINED. IGNORED.
 **********
 **   45 **FIX            1
 **********
 **********
 **   46 **FIX            2
 **********
 PARAMETER    2  IS CONSTANT.   IGNORED.
 **********
 **   47 **FIX            3
 **********
 **********
 **   48 **FIX            4
 **********
 **********
 **   49 **FIX            5
 **********
 PARAMETER    5  IS CONSTANT.   IGNORED.
 **********
 **   50 **FIX            6
 **********
 **********
 **   51 **FIX            7
 **********
 **********
 **   52 **FIX           10
 **********
 PARAMETER   10  IS CONSTANT.   IGNORED.
 **********
 **   53 **FIX           11
 **********
 PARAMETER   11  IS CONSTANT.   IGNORED.
 **********
 **   54 **FIX           12
 **********
 PARAMETER   12  IS CONSTANT.   IGNORED.
 **********
 **   55 **FIX           13
 **********
 PARAMETER   13  IS CONSTANT.   IGNORED.
 **********
 **   56 **FIX           14
 **********
 **********
 **   57 **FIX           15
 **********
 PARAMETER   15  IS CONSTANT.   IGNORED.
 **********
 **   58 **FIX           16
 **********
 PARAMETER   16  IS CONSTANT.   IGNORED.
 **********
 **   59 **MIGRAD
 **********
 START MIGRAD MINIMIZATION.  STRATEGY  1.  CONVERGENCE WHEN EDM .LT. 1.00e-04
 FCN=273.618 FROM MIGRAD    STATUS=INITIATE       12 CALLS         864 TOTAL
                     EDM= unknown      STRATEGY= 1      NO ERROR MATRIX       
  EXT PARAMETER               CURRENT GUESS       STEP         FIRST   
  NO.   NAME      VALUE            ERROR          SIZE      DERIVATIVE 
   1  N0           2.99432e+06     fixed    
   2  tau          6.44056e+01   constant   
   3  A0           3.43517e-01     fixed    
   4  phi          4.12049e+00     fixed    
   5  R           -6.10700e+01   constant   
   6  A_CBO        4.27389e-04     fixed    
   7  w_CBO        2.32515e+00     fixed    
   8  phi_CBO      2.81670e+00   5.69247e-01   5.69247e-01  -2.72292e-01
   9  ANx2         5.14298e-04   constant   
  10  pNx2         2.57364e+00   constant   
  11  ANy1         0.00000e+00   constant   
  12  pNy1         0.00000e+00   constant   
  13  w_y          0.00000e+00   constant   
  14  ANy2         2.48802e-04     fixed    
  15  pNy2         3.40463e+00   constant   
  16  w_vw         1.43028e+01   constant   
  17  LM           2.35248e-05   constant   
  18  wCBO_expCoeff   1.98711e+02   1.07489e+00   7.64901e-04  -4.07780e-04
  19  wCBO_expOffset   1.99789e+02   1.62885e-01   1.15906e-04  -1.95641e-03
  20  wCBO_expT    3.01108e+01   2.40384e-02   2.53108e-05  -1.30925e-02
  21  wCBO_linCoeff   0.00000e+00   constant   
  22  wCBO_const  -4.08112e-03   2.35129e-03   3.88001e-06  -1.74879e-01
 MIGRAD MINIMIZATION HAS CONVERGED.
 MIGRAD WILL VERIFY CONVERGENCE AND ERROR MATRIX.
 FCN=273.579 FROM MIGRAD    STATUS=CONVERGED      78 CALLS         930 TOTAL
                     EDM=9.41701e-05    STRATEGY= 1      ERR MATRIX NOT POS-DEF
  EXT PARAMETER                APPROXIMATE        STEP         FIRST   
  NO.   NAME      VALUE            ERROR          SIZE      DERIVATIVE 
   1  N0           2.99432e+06     fixed    
   2  tau          6.44056e+01   constant   
   3  A0           3.43517e-01     fixed    
   4  phi          4.12049e+00     fixed    
   5  R           -6.10700e+01   constant   
   6  A_CBO        4.27389e-04     fixed    
   7  w_CBO        2.32515e+00     fixed    
   8  phi_CBO      3.09805e+00   1.42410e+00   1.05513e-02  -1.53494e-03
   9  ANx2         5.14298e-04   constant   
  10  pNx2         2.57364e+00   constant   
  11  ANy1         0.00000e+00   constant   
  12  pNy1         0.00000e+00   constant   
  13  w_y          0.00000e+00   constant   
  14  ANy2         2.48802e-04     fixed    
  15  pNy2         3.40463e+00   constant   
  16  w_vw         1.43028e+01   constant   
  17  LM           2.35248e-05   constant   
  18  wCBO_expCoeff   1.98714e+02   1.11562e+00   7.36538e-04   2.23937e-02
  19  wCBO_expOffset   1.99789e+02   1.69046e-01   1.11607e-04   1.47909e-01
  20  wCBO_expT    3.01109e+01   2.50524e-02   2.45606e-05   1.46007e-01
  21  wCBO_linCoeff   0.00000e+00   constant   
  22  wCBO_const  -4.07636e-03   7.40310e-04   3.86505e-06   3.56185e+00
 EXTERNAL ERROR MATRIX.    NDIM=  25    NPAR=  5    ERR DEF=1
  2.028e+00  3.975e-03  6.061e-04  1.572e-03  2.327e-05 
  3.975e-03  1.245e+00 -1.513e-01 -8.660e-03  1.336e-04 
  6.061e-04 -1.513e-01  2.858e-02 -1.312e-03  2.024e-05 
  1.572e-03 -8.660e-03 -1.312e-03  6.276e-04 -1.108e-05 
  2.327e-05  1.336e-04  2.024e-05 -1.108e-05  5.481e-07 
ERR MATRIX NOT POS-DEF
 PARAMETER  CORRELATION COEFFICIENTS  
       NO.  GLOBAL      8     18     19     20     22
        8  0.41030   1.000  0.003  0.003  0.044  0.022
       18  0.99670   0.003  1.000 -0.802 -0.310  0.162
       19  0.99670   0.003 -0.802  1.000 -0.310  0.162
       20  0.99271   0.044 -0.310 -0.310  1.000 -0.597
       22  0.76616   0.022  0.162  0.162 -0.597  1.000
 ERR MATRIX NOT POS-DEF
MINUIT - FIT ONLY 1-y
 **********
 **   60 **RES 
 **********
                   PARAMETER   14  ANy2 RESTORED TO VARIABLE.
                   PARAMETER    7  w_CBO RESTORED TO VARIABLE.
                   PARAMETER    6  A_CBO RESTORED TO VARIABLE.
                   PARAMETER    4  phi RESTORED TO VARIABLE.
                   PARAMETER    3  A0 RESTORED TO VARIABLE.
                   PARAMETER    1  N0 RESTORED TO VARIABLE.
 **********
 **   61 **FIX            0
 **********
 PARAMETER    0  IS UNDEFINED. IGNORED.
 **********
 **   62 **FIX            1
 **********
 **********
 **   63 **FIX            2
 **********
 PARAMETER    2  IS CONSTANT.   IGNORED.
 **********
 **   64 **FIX            3
 **********
 **********
 **   65 **FIX            4
 **********
 **********
 **   66 **FIX            5
 **********
 PARAMETER    5  IS CONSTANT.   IGNORED.
 **********
 **   67 **FIX            6
 **********
 **********
 **   68 **FIX            7
 **********
 **********
 **   69 **FIX            8
 **********
 **********
 **   70 **FIX            9
 **********
 PARAMETER    9  IS CONSTANT.   IGNORED.
 **********
 **   71 **FIX           13
 **********
 PARAMETER   13  IS CONSTANT.   IGNORED.
 **********
 **   72 **FIX           14
 **********
 **********
 **   73 **FIX           15
 **********
 PARAMETER   15  IS CONSTANT.   IGNORED.
 **********
 **   74 **FIX           16
 **********
 PARAMETER   16  IS CONSTANT.   IGNORED.
 **********
 **   75 **MIGRAD
 **********
 START MIGRAD MINIMIZATION.  STRATEGY  1.  CONVERGENCE WHEN EDM .LT. 1.00e-04
 FCN=273.579 FROM MIGRAD    STATUS=INITIATE        8 CALLS         938 TOTAL
                     EDM= unknown      STRATEGY= 1      NO ERROR MATRIX       
  EXT PARAMETER               CURRENT GUESS       STEP         FIRST   
  NO.   NAME      VALUE            ERROR          SIZE      DERIVATIVE 
   1  N0           2.99432e+06     fixed    
   2  tau          6.44056e+01   constant   
   3  A0           3.43517e-01     fixed    
   4  phi          4.12049e+00     fixed    
   5  R           -6.10700e+01   constant   
   6  A_CBO        4.27389e-04     fixed    
   7  w_CBO        2.32515e+00     fixed    
   8  phi_CBO      3.09805e+00     fixed    
   9  ANx2         5.14298e-04   constant   
  10  pNx2         2.57364e+00   constant   
  11  ANy1         0.00000e+00   constant   
  12  pNy1         0.00000e+00   constant   
  13  w_y          0.00000e+00   constant   
  14  ANy2         2.48802e-04     fixed    
  15  pNy2         3.40463e+00   constant   
  16  w_vw         1.43028e+01   constant   
  17  LM           2.35248e-05   constant   
  18  wCBO_expCoeff   1.98714e+02   1.11562e+00   7.36538e-04   2.25199e-02
  19  wCBO_expOffset   1.99789e+02   1.69046e-01   1.11607e-04   1.48620e-01
  20  wCBO_expT    3.01109e+01   2.50524e-02   2.45606e-05   1.48834e-01
  21  wCBO_linCoeff   0.00000e+00   constant   
  22  wCBO_const  -4.07636e-03   7.40310e-04   3.86505e-06   3.56193e+00
 MIGRAD MINIMIZATION HAS CONVERGED.
 MIGRAD WILL VERIFY CONVERGENCE AND ERROR MATRIX.
 FCN=273.579 FROM MIGRAD    STATUS=CONVERGED      45 CALLS         975 TOTAL
                     EDM=9.2602e-05    STRATEGY= 1      ERR MATRIX NOT POS-DEF
  EXT PARAMETER                APPROXIMATE        STEP         FIRST   
  NO.   NAME      VALUE            ERROR          SIZE      DERIVATIVE 
   1  N0           2.99432e+06     fixed    
   2  tau          6.44056e+01   constant   
   3  A0           3.43517e-01     fixed    
   4  phi          4.12049e+00     fixed    
   5  R           -6.10700e+01   constant   
   6  A_CBO        4.27389e-04     fixed    
   7  w_CBO        2.32515e+00     fixed    
   8  phi_CBO      3.09805e+00     fixed    
   9  ANx2         5.14298e-04   constant   
  10  pNx2         2.57364e+00   constant   
  11  ANy1         0.00000e+00   constant   
  12  pNy1         0.00000e+00   constant   
  13  w_y          0.00000e+00   constant   
  14  ANy2         2.48802e-04     fixed    
  15  pNy2         3.40463e+00   constant   
  16  w_vw         1.43028e+01   constant   
  17  LM           2.35248e-05   constant   
  18  wCBO_expCoeff   1.98714e+02   1.14812e+00   7.35726e-04   1.10812e-03
  19  wCBO_expOffset   1.99789e+02   1.73974e-01   1.11484e-04   7.31788e-03
  20  wCBO_expT    3.01109e+01   2.52940e-02   2.45351e-05  -5.01748e-01
  21  wCBO_linCoeff   0.00000e+00   constant   
  22  wCBO_const  -4.07650e-03   7.42930e-04   3.86476e-06   3.15357e-01
 EXTERNAL ERROR MATRIX.    NDIM=  25    NPAR=  4    ERR DEF=1
  1.318e+00 -1.617e-01 -8.849e-03  1.368e-04 
 -1.617e-01  3.027e-02 -1.341e-03  2.072e-05 
 -8.849e-03 -1.341e-03  6.398e-04 -1.133e-05 
  1.368e-04  2.072e-05 -1.133e-05  5.519e-07 
ERR MATRIX NOT POS-DEF
 PARAMETER  CORRELATION COEFFICIENTS  
       NO.  GLOBAL     18     19     20     22
       18  0.99688   1.000 -0.809 -0.305  0.160
       19  0.99688  -0.809  1.000 -0.305  0.160
       20  0.99284  -0.305 -0.305  1.000 -0.603
       22  0.76800   0.160  0.160 -0.603  1.000
 ERR MATRIX NOT POS-DEF
MINUIT - FIT ONLY 2-y
 **********
 **   76 **RES 
 **********
                   PARAMETER   14  ANy2 RESTORED TO VARIABLE.
                   PARAMETER    8  phi_CBO RESTORED TO VARIABLE.
                   PARAMETER    7  w_CBO RESTORED TO VARIABLE.
                   PARAMETER    6  A_CBO RESTORED TO VARIABLE.
                   PARAMETER    4  phi RESTORED TO VARIABLE.
                   PARAMETER    3  A0 RESTORED TO VARIABLE.
                   PARAMETER    1  N0 RESTORED TO VARIABLE.
 **********
 **   77 **FIX            0
 **********
 PARAMETER    0  IS UNDEFINED. IGNORED.
 **********
 **   78 **FIX            1
 **********
 **********
 **   79 **FIX            2
 **********
 PARAMETER    2  IS CONSTANT.   IGNORED.
 **********
 **   80 **FIX            3
 **********
 **********
 **   81 **FIX            4
 **********
 **********
 **   82 **FIX            5
 **********
 PARAMETER    5  IS CONSTANT.   IGNORED.
 **********
 **   83 **FIX            6
 **********
 **********
 **   84 **FIX            7
 **********
 **********
 **   85 **FIX            8
 **********
 **********
 **   86 **FIX            9
 **********
 PARAMETER    9  IS CONSTANT.   IGNORED.
 **********
 **   87 **FIX           10
 **********
 PARAMETER   10  IS CONSTANT.   IGNORED.
 **********
 **   88 **FIX           11
 **********
 PARAMETER   11  IS CONSTANT.   IGNORED.
 **********
 **   89 **FIX           12
 **********
 PARAMETER   12  IS CONSTANT.   IGNORED.
 **********
 **   90 **FIX           16
 **********
 PARAMETER   16  IS CONSTANT.   IGNORED.
 **********
 **   91 **MIGRAD
 **********
 START MIGRAD MINIMIZATION.  STRATEGY  1.  CONVERGENCE WHEN EDM .LT. 1.00e-04
 FCN=273.579 FROM MIGRAD    STATUS=INITIATE       10 CALLS         985 TOTAL
                     EDM= unknown      STRATEGY= 1      NO ERROR MATRIX       
  EXT PARAMETER               CURRENT GUESS       STEP         FIRST   
  NO.   NAME      VALUE            ERROR          SIZE      DERIVATIVE 
   1  N0           2.99432e+06     fixed    
   2  tau          6.44056e+01   constant   
   3  A0           3.43517e-01     fixed    
   4  phi          4.12049e+00     fixed    
   5  R           -6.10700e+01   constant   
   6  A_CBO        4.27389e-04     fixed    
   7  w_CBO        2.32515e+00     fixed    
   8  phi_CBO      3.09805e+00     fixed    
   9  ANx2         5.14298e-04   constant   
  10  pNx2         2.57364e+00   constant   
  11  ANy1         0.00000e+00   constant   
  12  pNy1         0.00000e+00   constant   
  13  w_y          0.00000e+00   constant   
  14  ANy2         2.48802e-04   5.69681e-04   5.69681e-04   4.37072e+01
  15  pNy2         3.40463e+00   constant   
  16  w_vw         1.43028e+01   constant   
  17  LM           2.35248e-05   constant   
  18  wCBO_expCoeff   1.98714e+02   1.14812e+00   7.35726e-04   1.12908e-03
  19  wCBO_expOffset   1.99789e+02   1.73974e-01   1.11484e-04   7.95096e-03
  20  wCBO_expT    3.01109e+01   2.52940e-02   2.45351e-05  -4.98901e-01
  21  wCBO_linCoeff   0.00000e+00   constant   
  22  wCBO_const  -4.07650e-03   7.42930e-04   3.86476e-06   3.15462e-01
 MIGRAD MINIMIZATION HAS CONVERGED.
 MIGRAD WILL VERIFY CONVERGENCE AND ERROR MATRIX.
 FCN=273.579 FROM HESSE     STATUS=NOT POSDEF     31 CALLS        1027 TOTAL
                     EDM=5.21949e-05    STRATEGY= 1      ERR MATRIX NOT POS-DEF
  EXT PARAMETER                APPROXIMATE        STEP         FIRST   
  NO.   NAME      VALUE            ERROR          SIZE      DERIVATIVE 
   1  N0           2.99432e+06     fixed    
   2  tau          6.44056e+01   constant   
   3  A0           3.43517e-01     fixed    
   4  phi          4.12049e+00     fixed    
   5  R           -6.10700e+01   constant   
   6  A_CBO        4.27389e-04     fixed    
   7  w_CBO        2.32515e+00     fixed    
   8  phi_CBO      3.09805e+00     fixed    
   9  ANx2         5.14298e-04   constant   
  10  pNx2         2.57364e+00   constant   
  11  ANy1         0.00000e+00   constant   
  12  pNy1         0.00000e+00   constant   
  13  w_y          0.00000e+00   constant   
  14  ANy2         2.41664e-04   5.70273e-04   4.62391e-06   6.95982e-02
  15  pNy2         3.40463e+00   constant   
  16  w_vw         1.43028e+01   constant   
  17  LM           2.35248e-05   constant   
  18  wCBO_expCoeff   1.98714e+02   1.14664e+00   7.35897e-04   6.82197e-03
  19  wCBO_expOffset   1.99789e+02   1.73748e-01   1.11510e-04   4.51456e-02
  20  wCBO_expT    3.01109e+01   2.53003e-02   2.45401e-05  -3.90848e-01
  21  wCBO_linCoeff   0.00000e+00   constant   
  22  wCBO_const  -4.07654e-03   7.42904e-04   3.86480e-06  -5.73398e-01
 MIGRAD MINIMIZATION HAS CONVERGED.
 MIGRAD WILL VERIFY CONVERGENCE AND ERROR MATRIX.
 FCN=273.579 FROM MIGRAD    STATUS=CONVERGED     101 CALLS        1076 TOTAL
                     EDM=1.53255e-07    STRATEGY= 1      ERR MATRIX NOT POS-DEF
  EXT PARAMETER                APPROXIMATE        STEP         FIRST   
  NO.   NAME      VALUE            ERROR          SIZE      DERIVATIVE 
   1  N0           2.99432e+06     fixed    
   2  tau          6.44056e+01   constant   
   3  A0           3.43517e-01     fixed    
   4  phi          4.12049e+00     fixed    
   5  R           -6.10700e+01   constant   
   6  A_CBO        4.27389e-04     fixed    
   7  w_CBO        2.32515e+00     fixed    
   8  phi_CBO      3.09805e+00     fixed    
   9  ANx2         5.14298e-04   constant   
  10  pNx2         2.57364e+00   constant   
  11  ANy1         0.00000e+00   constant   
  12  pNy1         0.00000e+00   constant   
  13  w_y          0.00000e+00   constant   
  14  ANy2         2.41377e-04   5.70219e-04   4.62391e-06  -8.58734e-02
  15  pNy2         3.40463e+00   constant   
  16  w_vw         1.43028e+01   constant   
  17  LM           2.35248e-05   constant   
  18  wCBO_expCoeff   1.98710e+02   1.14738e+00   7.35017e-04  -9.15388e-04
  19  wCBO_expOffset   1.99789e+02   1.73867e-01   1.11376e-04  -6.03578e-03
  20  wCBO_expT    3.01112e+01   2.52485e-02   2.45167e-05  -1.23840e-02
  21  wCBO_linCoeff   0.00000e+00   constant   
  22  wCBO_const  -4.08162e-03   7.42529e-04   3.86456e-06   8.11080e-01
 EXTERNAL ERROR MATRIX.    NDIM=  25    NPAR=  5    ERR DEF=1
  3.252e-07  7.322e-06  1.110e-06 -5.296e-07 -3.213e-09 
  7.322e-06  1.316e+00 -1.616e-01 -8.813e-03  1.360e-04 
  1.110e-06 -1.616e-01  3.023e-02 -1.335e-03  2.061e-05 
 -5.296e-07 -8.813e-03 -1.335e-03  6.375e-04 -1.128e-05 
 -3.213e-09  1.360e-04  2.061e-05 -1.128e-05  5.513e-07 
ERR MATRIX NOT POS-DEF
 PARAMETER  CORRELATION COEFFICIENTS  
       NO.  GLOBAL     14     18     19     20     22
       14  0.05913   1.000  0.011  0.011 -0.037 -0.008
       18  0.99688   0.011  1.000 -0.810 -0.304  0.160
       19  0.99688   0.011 -0.810  1.000 -0.304  0.160
       20  0.99281  -0.037 -0.304 -0.304  1.000 -0.602
       22  0.76742  -0.008  0.160  0.160 -0.602  1.000
 ERR MATRIX NOT POS-DEF
MINUIT - FIT ALTOGETHER
 **********
 **   92 **RES 
 **********
                   PARAMETER    8  phi_CBO RESTORED TO VARIABLE.
                   PARAMETER    7  w_CBO RESTORED TO VARIABLE.
                   PARAMETER    6  A_CBO RESTORED TO VARIABLE.
                   PARAMETER    4  phi RESTORED TO VARIABLE.
                   PARAMETER    3  A0 RESTORED TO VARIABLE.
                   PARAMETER    1  N0 RESTORED TO VARIABLE.
 **********
 **   93 **MIGRAD
 **********
 START MIGRAD MINIMIZATION.  STRATEGY  1.  CONVERGENCE WHEN EDM .LT. 1.00e-04
 FCN=273.579 FROM MIGRAD    STATUS=INITIATE       22 CALLS        1098 TOTAL
                     EDM= unknown      STRATEGY= 1      NO ERROR MATRIX       
  EXT PARAMETER               CURRENT GUESS       STEP         FIRST   
  NO.   NAME      VALUE            ERROR          SIZE      DERIVATIVE 
   1  N0           2.99432e+06   1.21551e+03   1.21551e+03  -4.14738e-04
   2  tau          6.44056e+01   constant   
   3  A0           3.43517e-01   5.49085e-04   5.49085e-04  -1.14302e+02
