 + ++++++++++++++++++++++++++++++++++++++++++++++++++++++++++++++++++++ +
 +                                                                      +
 +           You have chose to blind your fitting according to          +
 +                omega_ref * (1 + (R +/- deltaR) *10^{-6})             +
 +                                                                      +
 + ++++++++++++++++++++++++++++++++++++++++++++++++++++++++++++++++++++ +
In main()...
reading format from /gm2data/zkhechad/run45/envelope/formats/formatB_sBin_constraintOn.txt
pBinTau 	= 0  
pBinPhi 	= 0  
constraintau 	= 1 
includeMopTerm 	= 0    
constrainMop    = 0   
Parameters after format file: pBinTau 0 pBinPhi 0 constraintau 1 includeMopTerm 0 constrainMop 0 c_e_scale 0.000000 
reading cbo reference file (full fit) from /gm2data/zkhechad/cboTemplates/Run4CBOTemplates/fullFits/run4/sBin_constraintOn_cE0.0_seed0_run4_calo11.root
A_CBO 0.010027 w_CBO 2.327222 phi_CBO 0.184420 N0 3062002.636939 R -61.179583 tau 64.395304 
Reading cboRef file /gm2data/zkhechad/cboTemplates/Run4CBOTemplates//cboIsolate/run4_calo11.root
deltaT 7.431658
windowBins = 120
fitting sliding window 180 from bin 383 at 57.143600 to bin 503 at 75.047600 (120 bins)

Reading data from /gm2data/cornell/histograms/aMethod/histogram_a_run4.root
fitting cbo isolate
 **********
 **    1 **SET PRINTOUT            1
 **********
 **********
 **    2 **SET NOWARNINGS 
 **********
 PARAMETER DEFINITIONS:
    NO.   NAME         VALUE      STEP SIZE      LIMITS
     1 A_CBO        1.00270e-02  1.00000e-05     no limits
     2 w_CBO        2.32722e+00  1.00000e-02    2.00000e+00  3.00000e+00
     3 phi_CBO      1.84420e-01  1.00000e-02    0.00000e+00  6.28319e+00
 **********
 **    3 **MIGRAD
 **********
 FIRST CALL TO USER FUNCTION AT NEW START POINT, WITH IFLAG=4.
 START MIGRAD MINIMIZATION.  STRATEGY  1.  CONVERGENCE WHEN EDM .LT. 1.00e-04
 FCN=0.000520712 FROM MIGRAD    STATUS=INITIATE       10 CALLS          11 TOTAL
                     EDM= unknown      STRATEGY= 1      NO ERROR MATRIX       
  EXT PARAMETER               CURRENT GUESS       STEP         FIRST   
  NO.   NAME      VALUE            ERROR          SIZE      DERIVATIVE 
   1  A_CBO        1.00270e-02   1.00000e-05   1.00000e-05   3.18523e-01
   2  w_CBO        2.32722e+00   1.00000e-02   2.13152e-02  -1.06396e-02
   3  phi_CBO      1.84420e-01   1.00000e-02   9.43260e-03   3.55950e-04
 MIGRAD MINIMIZATION HAS CONVERGED.
 MIGRAD WILL VERIFY CONVERGENCE AND ERROR MATRIX.
 FCN=9.26921e-05 FROM MIGRAD    STATUS=CONVERGED      47 CALLS          48 TOTAL
                     EDM=1.09514e-06    STRATEGY= 1      ERR MATRIX NOT POS-DEF
  EXT PARAMETER                APPROXIMATE        STEP         FIRST   
  NO.   NAME      VALUE            ERROR          SIZE      DERIVATIVE 
   1  A_CBO        7.33696e-03   1.29635e-01   6.32672e-05  -3.71226e-03
   2  w_CBO        2.32748e+00   5.56176e-01   2.76384e-04  -5.40891e-05
   3  phi_CBO      1.69050e-01   4.26903e+00   9.47079e-03  -3.59428e-06
 EXTERNAL ERROR MATRIX.    NDIM=  25    NPAR=  3    ERR DEF=1
  1.681e-02 -6.729e-02 -4.466e+00 
 -6.729e-02  1.765e+01  1.159e+03 
 -4.466e+00  1.159e+03  7.638e+04 
ERR MATRIX NOT POS-DEF
 PARAMETER  CORRELATION COEFFICIENTS  
       NO.  GLOBAL      1      2      3
        1  0.12537   1.000 -0.124 -0.125
        2  0.99801  -0.124  1.000  0.998
        3  0.99801  -0.125  0.998  1.000
 ERR MATRIX NOT POS-DEF
setting A_CBO=0.007337 w_CBO=2.327476, phi_CBO=0.169050
done fitting cbo isolate
 **********
 **    1 **SET PRINTOUT            1
 **********
 **********
 **    2 **SET NOWARNINGS 
 **********
 PARAMETER DEFINITIONS:
    NO.   NAME         VALUE      STEP SIZE      LIMITS
     1 N0           3.06200e+06  1.00000e+02     no limits
     2 tau          6.43953e+01  constant
     3 A0           3.42893e-01  1.00000e-04     no limits
     4 phi          4.11802e+00  1.00000e-02     no limits
     5 R           -6.11796e+01  constant
     6 A_CBO        7.33696e-03  1.00000e-05     no limits
     7 w_CBO        2.32748e+00  1.00000e-03     no limits
     8 phi_CBO      1.69050e-01  1.00000e-04     no limits
     9 ANx2         4.90616e-04  constant
    10 pNx2         2.30674e+00  constant
    11 ANy1         0.00000e+00  constant
    12 pNy1         0.00000e+00  constant
    13 w_y          0.00000e+00  constant
    14 ANy2         9.23997e-03  1.00000e-04     no limits
    15 pNy2         3.41148e-01  constant
    16 w_vw         1.43130e+01  constant
    17 LM          -3.45991e-04  constant
    18 wCBO_expCoeff   2.00000e+02  1.00000e+00     no limits
    19 wCBO_expOffset   2.00000e+02  1.00000e+00     no limits
    20 wCBO_expT    3.00000e+01  1.00000e+00     no limits
    21 wCBO_linCoeff   0.00000e+00  constant
    22 wCBO_const   0.00000e+00  1.00000e-02     no limits
MINUIT - FIT ONLY WIGGLE
 **********
 **    3 **FIX            5
 **********
 PARAMETER    5  IS CONSTANT.   IGNORED.
 **********
 **    4 **FIX            6
 **********
 **********
 **    5 **FIX            7
 **********
 **********
 **    6 **FIX            8
 **********
 **********
 **    7 **FIX            9
 **********
 PARAMETER    9  IS CONSTANT.   IGNORED.
 **********
 **    8 **FIX           10
 **********
 PARAMETER   10  IS CONSTANT.   IGNORED.
 **********
 **    9 **FIX           11
 **********
 PARAMETER   11  IS CONSTANT.   IGNORED.
 **********
 **   10 **FIX           12
 **********
 PARAMETER   12  IS CONSTANT.   IGNORED.
 **********
 **   11 **FIX           13
 **********
 PARAMETER   13  IS CONSTANT.   IGNORED.
 **********
 **   12 **FIX           14
 **********
 **********
 **   13 **FIX           15
 **********
 PARAMETER   15  IS CONSTANT.   IGNORED.
 **********
 **   14 **FIX           16
 **********
 PARAMETER   16  IS CONSTANT.   IGNORED.
 **********
 **   15 **MIGRAD
 **********
 FIRST CALL TO USER FUNCTION AT NEW START POINT, WITH IFLAG=4.
 START MIGRAD MINIMIZATION.  STRATEGY  1.  CONVERGENCE WHEN EDM .LT. 1.00e-04
 FCN=7540.09 FROM MIGRAD    STATUS=INITIATE       59 CALLS          60 TOTAL
                     EDM= unknown      STRATEGY= 1      NO ERROR MATRIX       
  EXT PARAMETER               CURRENT GUESS       STEP         FIRST   
  NO.   NAME      VALUE            ERROR          SIZE      DERIVATIVE 
   1  N0           3.06200e+06   1.00000e+02   0.00000e+00   3.43280e-02
   2  tau          6.43953e+01   constant   
   3  A0           3.42893e-01   1.00000e-04   0.00000e+00   5.83366e+03
   4  phi          4.11802e+00   1.00000e-02   0.00000e+00   2.55385e+04
   5  R           -6.11796e+01   constant   
   6  A_CBO        7.33696e-03     fixed    
   7  w_CBO        2.32748e+00     fixed    
   8  phi_CBO      1.69050e-01     fixed    
   9  ANx2         4.90616e-04   constant   
  10  pNx2         2.30674e+00   constant   
  11  ANy1         0.00000e+00   constant   
  12  pNy1         0.00000e+00   constant   
  13  w_y          0.00000e+00   constant   
  14  ANy2         9.23997e-03     fixed    
  15  pNy2         3.41148e-01   constant   
  16  w_vw         1.43130e+01   constant   
  17  LM          -3.45991e-04   constant   
  18  wCBO_expCoeff   1.99998e+02   1.00000e+00  -2.33912e-03  -5.72510e+06
  19  wCBO_expOffset   2.00000e+02   1.00000e+00   0.00000e+00   9.21569e+06
  20  wCBO_expT    3.00000e+01   1.00000e+00   0.00000e+00   5.07321e+07
  21  wCBO_linCoeff   0.00000e+00   constant   
  22  wCBO_const   0.00000e+00   1.00000e-02   0.00000e+00  -6.44322e+04
 MIGRAD FAILS TO FIND IMPROVEMENT
 FCN=7336.27 FROM HESSE     STATUS=NOT POSDEF     56 CALLS         163 TOTAL
                     EDM=8929.78    STRATEGY= 1      ERR MATRIX NOT POS-DEF
  EXT PARAMETER                APPROXIMATE        STEP         FIRST   
  NO.   NAME      VALUE            ERROR          SIZE      DERIVATIVE 
   1  N0           3.06109e+06   5.73032e+02   1.30916e+01   2.53907e-02
   2  tau          6.43953e+01   constant   
   3  A0           3.42865e-01   5.51672e-04   5.60663e-06  -1.04532e+04
   4  phi          4.11682e+00   9.49824e-04   1.74467e-05   3.12234e+03
   5  R           -6.11796e+01   constant   
   6  A_CBO        7.33696e-03     fixed    
   7  w_CBO        2.32748e+00     fixed    
   8  phi_CBO      1.69050e-01     fixed    
   9  ANx2         4.90616e-04   constant   
  10  pNx2         2.30674e+00   constant   
  11  ANy1         0.00000e+00   constant   
  12  pNy1         0.00000e+00   constant   
  13  w_y          0.00000e+00   constant   
  14  ANy2         9.23997e-03     fixed    
  15  pNy2         3.41148e-01   constant   
  16  w_vw         1.43130e+01   constant   
  17  LM          -3.45991e-04   constant   
  18  wCBO_expCoeff   1.99998e+02   2.41380e-05   9.53663e-05   3.94184e+06
  19  wCBO_expOffset   2.00000e+02   2.28602e-05   9.53674e-05   8.75906e+06
  20  wCBO_expT    3.00000e+01   7.77581e-06   1.43051e-05  -6.60288e+07
  21  wCBO_linCoeff   0.00000e+00   constant   
  22  wCBO_const   5.37321e-04   2.62751e-04   7.50751e-06   9.02997e+04
 MIGRAD FAILS TO FIND IMPROVEMENT
 MIGRAD TERMINATED WITHOUT CONVERGENCE.
 FCN=7336.27 FROM MIGRAD    STATUS=FAILED        173 CALLS         174 TOTAL
                     EDM=8929.78    STRATEGY= 1      ERR MATRIX NOT POS-DEF
  EXT PARAMETER                APPROXIMATE        STEP         FIRST   
  NO.   NAME      VALUE            ERROR          SIZE      DERIVATIVE 
   1  N0           3.06109e+06   5.73032e+02   0.00000e+00   2.53907e-02
   2  tau          6.43953e+01   constant   
   3  A0           3.42865e-01   5.51672e-04   0.00000e+00  -1.04532e+04
   4  phi          4.11682e+00   9.49824e-04   0.00000e+00   3.12234e+03
   5  R           -6.11796e+01   constant   
   6  A_CBO        7.33696e-03     fixed    
   7  w_CBO        2.32748e+00     fixed    
   8  phi_CBO      1.69050e-01     fixed    
   9  ANx2         4.90616e-04   constant   
  10  pNx2         2.30674e+00   constant   
  11  ANy1         0.00000e+00   constant   
  12  pNy1         0.00000e+00   constant   
  13  w_y          0.00000e+00   constant   
  14  ANy2         9.23997e-03     fixed    
  15  pNy2         3.41148e-01   constant   
  16  w_vw         1.43130e+01   constant   
  17  LM          -3.45991e-04   constant   
  18  wCBO_expCoeff   1.99998e+02   2.41380e-05   0.00000e+00   3.94184e+06
  19  wCBO_expOffset   2.00000e+02   2.28602e-05   0.00000e+00   8.75906e+06
  20  wCBO_expT    3.00000e+01   7.77581e-06   0.00000e+00  -6.60288e+07
  21  wCBO_linCoeff   0.00000e+00   constant   
  22  wCBO_const   5.37321e-04   2.62751e-04   0.00000e+00   9.02997e+04
 EXTERNAL ERROR MATRIX.    NDIM=  25    NPAR=  7    ERR DEF=1
  3.284e+05  2.862e-01  4.732e-01  1.266e-02  1.202e-02  4.088e-03  1.184e-01 
  2.862e-01  3.043e-07  4.891e-07  1.309e-08  1.240e-08  4.220e-09  1.239e-07 
  4.732e-01  4.891e-07  9.022e-07  2.171e-08  2.056e-08  6.988e-09  2.060e-07 
  1.266e-02  1.309e-08  2.171e-08  5.826e-10  5.497e-10  1.871e-10  5.439e-09 
  1.202e-02  1.240e-08  2.056e-08  5.497e-10  5.226e-10  1.774e-10  5.171e-09 
  4.088e-03  4.220e-09  6.988e-09  1.871e-10  1.774e-10  6.046e-11  1.767e-09 
  1.184e-01  1.239e-07  2.060e-07  5.439e-09  5.171e-09  1.767e-09  6.904e-08 
ERR MATRIX NOT POS-DEF
 PARAMETER  CORRELATION COEFFICIENTS  
       NO.  GLOBAL      1      3      4     18     19     20     22
        1  0.91816   1.000  0.905  0.869  0.916  0.918  0.917  0.786
        3  0.98439   0.905  1.000  0.933  0.983  0.983  0.984  0.855
        4  0.94806   0.869  0.933  1.000  0.947  0.947  0.946  0.826
       18  0.99723   0.916  0.983  0.947  1.000  0.996  0.997  0.858
       19  0.99805   0.918  0.983  0.947  0.996  1.000  0.998  0.861
       20  0.99837   0.917  0.984  0.946  0.997  0.998  1.000  0.865
       22  0.86788   0.786  0.855  0.826  0.858  0.861  0.865  1.000
 ERR MATRIX NOT POS-DEF
MINUIT - FIT ONLY 1-CBO + other amplitudes 
 **********
 **   16 **RES 
 **********
                   PARAMETER   14  ANy2 RESTORED TO VARIABLE.
                   PARAMETER    8  phi_CBO RESTORED TO VARIABLE.
                   PARAMETER    7  w_CBO RESTORED TO VARIABLE.
                   PARAMETER    6  A_CBO RESTORED TO VARIABLE.
 **********
 **   17 **FIX            0
 **********
 PARAMETER    0  IS UNDEFINED. IGNORED.
 **********
 **   18 **FIX            1
 **********
 **********
 **   19 **FIX            2
 **********
 PARAMETER    2  IS CONSTANT.   IGNORED.
 **********
 **   20 **FIX            3
 **********
 **********
 **   21 **FIX            4
 **********
 **********
 **   22 **FIX            9
 **********
 PARAMETER    9  IS CONSTANT.   IGNORED.
 **********
 **   23 **FIX           11
 **********
 PARAMETER   11  IS CONSTANT.   IGNORED.
 **********
 **   24 **FIX           12
 **********
 PARAMETER   12  IS CONSTANT.   IGNORED.
 **********
 **   25 **FIX           14
 **********
 **********
 **   26 **FIX           15
 **********
 PARAMETER   15  IS CONSTANT.   IGNORED.
 **********
 **   27 **FIX           16
 **********
 PARAMETER   16  IS CONSTANT.   IGNORED.
 **********
 **   28 **MIGRAD
 **********
 START MIGRAD MINIMIZATION.  STRATEGY  1.  CONVERGENCE WHEN EDM .LT. 1.00e-04
 FCN=7336.27 FROM MIGRAD    STATUS=INITIATE       22 CALLS         196 TOTAL
                     EDM= unknown      STRATEGY= 1      NO ERROR MATRIX       
  EXT PARAMETER               CURRENT GUESS       STEP         FIRST   
  NO.   NAME      VALUE            ERROR          SIZE      DERIVATIVE 
   1  N0           3.06109e+06     fixed    
   2  tau          6.43953e+01   constant   
   3  A0           3.42865e-01     fixed    
   4  phi          4.11682e+00     fixed    
   5  R           -6.11796e+01   constant   
   6  A_CBO        7.33696e-03   1.00000e-05   1.00000e-05   4.73588e+05
   7  w_CBO        2.32748e+00   1.00000e-03   1.00000e-03   1.61682e+06
   8  phi_CBO      1.69050e-01   1.00000e-04   1.00000e-04  -5.34201e+02
   9  ANx2         4.90616e-04   constant   
  10  pNx2         2.30674e+00   constant   
  11  ANy1         0.00000e+00   constant   
  12  pNy1         0.00000e+00   constant   
  13  w_y          0.00000e+00   constant   
  14  ANy2         9.23997e-03     fixed    
  15  pNy2         3.41148e-01   constant   
  16  w_vw         1.43130e+01   constant   
  17  LM          -3.45991e-04   constant   
  18  wCBO_expCoeff   1.99998e+02   2.41380e-05   0.00000e+00   1.90337e+04
  19  wCBO_expOffset   2.00000e+02   2.28602e-05   0.00000e+00   9.90284e+06
  20  wCBO_expT    3.00000e+01   7.77581e-06   0.00000e+00   6.27621e+07
  21  wCBO_linCoeff   0.00000e+00   constant   
  22  wCBO_const   5.37321e-04   2.62751e-04   0.00000e+00   9.02995e+04
 MIGRAD FAILS TO FIND IMPROVEMENT
 FCN=5960.87 FROM HESSE     STATUS=NOT POSDEF     58 CALLS         311 TOTAL
                     EDM=39424.6    STRATEGY= 1      ERR MATRIX NOT POS-DEF
  EXT PARAMETER                APPROXIMATE        STEP         FIRST   
  NO.   NAME      VALUE            ERROR          SIZE      DERIVATIVE 
   1  N0           3.06109e+06     fixed    
   2  tau          6.43953e+01   constant   
   3  A0           3.42865e-01     fixed    
   4  phi          4.11682e+00     fixed    
   5  R           -6.11796e+01   constant   
   6  A_CBO       -1.17673e-03   1.31682e-03   5.67211e-06   7.70277e+04
   7  w_CBO        2.32748e+00   3.96616e-07   1.10983e-06   3.20156e+08
   8  phi_CBO      5.21227e-01   3.30717e-01   3.51392e-03  -2.25184e+02
   9  ANx2         4.90616e-04   constant   
  10  pNx2         2.30674e+00   constant   
  11  ANy1         0.00000e+00   constant   
  12  pNy1         0.00000e+00   constant   
  13  w_y          0.00000e+00   constant   
  14  ANy2         9.23997e-03     fixed    
  15  pNy2         3.41148e-01   constant   
  16  w_vw         1.43130e+01   constant   
  17  LM          -3.45991e-04   constant   
  18  wCBO_expCoeff   1.99998e+02   3.40814e-05   9.53663e-05   3.72560e+06
  19  wCBO_expOffset   2.00000e+02   3.09183e-05   9.53674e-05   2.13035e+07
  20  wCBO_expT    3.00000e+01   7.00799e-06   1.43051e-05  -1.04278e+08
  21  wCBO_linCoeff   0.00000e+00   constant   
  22  wCBO_const  -1.60356e-03   7.77957e-04   1.50815e-05   4.48648e+04
 MIGRAD FAILS TO FIND IMPROVEMENT
 MIGRAD TERMINATED WITHOUT CONVERGENCE.
 FCN=5801.56 FROM MIGRAD    STATUS=FAILED        207 CALLS         381 TOTAL
                     EDM=1896.31    STRATEGY= 1      ERR MATRIX NOT POS-DEF
  EXT PARAMETER                APPROXIMATE        STEP         FIRST   
  NO.   NAME      VALUE            ERROR          SIZE      DERIVATIVE 
   1  N0           3.06109e+06     fixed    
   2  tau          6.43953e+01   constant   
   3  A0           3.42865e-01     fixed    
   4  phi          4.11682e+00     fixed    
   5  R           -6.11796e+01   constant   
   6  A_CBO       -1.93237e-03   1.05616e-04  -0.00000e+00   9.29420e+04
   7  w_CBO        2.32748e+00   3.09369e-08  -0.00000e+00  -1.51822e+07
   8  phi_CBO      7.08111e-01   3.83900e-02   0.00000e+00  -4.87733e-01
   9  ANx2         4.90616e-04   constant   
  10  pNx2         2.30674e+00   constant   
  11  ANy1         0.00000e+00   constant   
  12  pNy1         0.00000e+00   constant   
  13  w_y          0.00000e+00   constant   
  14  ANy2         9.23997e-03     fixed    
  15  pNy2         3.41148e-01   constant   
  16  w_vw         1.43130e+01   constant   
  17  LM          -3.45991e-04   constant   
  18  wCBO_expCoeff   1.99998e+02   2.65840e-06  -0.00000e+00  -1.76824e+05
  19  wCBO_expOffset   2.00000e+02   2.75637e-06  -0.00000e+00   1.12248e+06
  20  wCBO_expT    3.00000e+01   5.17585e-07  -0.00000e+00   8.80837e+06
  21  wCBO_linCoeff   0.00000e+00   constant   
  22  wCBO_const  -2.02752e-03   1.61901e-04   0.00000e+00  -2.13373e+04
 EXTERNAL ERROR MATRIX.    NDIM=  25    NPAR=  7    ERR DEF=1
  1.115e-08  1.581e-12 -1.297e-07  1.358e-10  2.044e-10  3.765e-11 -5.739e-09 
  1.581e-12  9.571e-16  2.457e-10  2.844e-14  4.372e-14  8.999e-15 -1.920e-12 
 -1.297e-07  2.457e-10  1.474e-03  2.111e-08 -1.004e-09  3.587e-10  2.712e-06 
  1.358e-10  2.844e-14  2.111e-08  7.067e-12  3.757e-12  7.733e-13 -1.650e-10 
  2.044e-10  4.372e-14 -1.004e-09  3.757e-12  7.598e-12  1.408e-12 -1.467e-10 
  3.765e-11  8.999e-15  3.587e-10  7.733e-13  1.408e-12  2.679e-13 -2.555e-11 
 -5.739e-09 -1.920e-12  2.712e-06 -1.650e-10 -1.467e-10 -2.555e-11  2.621e-08 
ERR MATRIX NOT POS-DEF
 PARAMETER  CORRELATION COEFFICIENTS  
       NO.  GLOBAL      6      7      8     18     19     20     22
        6  0.76327   1.000  0.484 -0.032  0.484  0.702  0.689 -0.336
        7  0.83563   0.484  1.000  0.207  0.346  0.513  0.562 -0.383
        8  0.77466  -0.032  0.207  1.000  0.207 -0.009  0.018  0.436
       18  0.83563   0.484  0.346  0.207  1.000  0.513  0.562 -0.383
       19  0.99372   0.702  0.513 -0.009  0.513  1.000  0.987 -0.329
       20  0.99440   0.689  0.562  0.018  0.562  0.987  1.000 -0.305
       22  0.83906  -0.336 -0.383  0.436 -0.383 -0.329 -0.305  1.000
 ERR MATRIX NOT POS-DEF
MINUIT - FIT ONLY 1-CBO
 **********
 **   29 **RES 
 **********
                   PARAMETER   14  ANy2 RESTORED TO VARIABLE.
                   PARAMETER    4  phi RESTORED TO VARIABLE.
                   PARAMETER    3  A0 RESTORED TO VARIABLE.
                   PARAMETER    1  N0 RESTORED TO VARIABLE.
 **********
 **   30 **FIX            0
 **********
 PARAMETER    0  IS UNDEFINED. IGNORED.
 **********
 **   31 **FIX            1
 **********
 **********
 **   32 **FIX            2
 **********
 PARAMETER    2  IS CONSTANT.   IGNORED.
 **********
 **   33 **FIX            3
 **********
 **********
 **   34 **FIX            4
 **********
 **********
 **   35 **FIX            8
 **********
 **********
 **   36 **FIX            9
 **********
 PARAMETER    9  IS CONSTANT.   IGNORED.
 **********
 **   37 **FIX           11
 **********
 PARAMETER   11  IS CONSTANT.   IGNORED.
 **********
 **   38 **FIX           12
 **********
 PARAMETER   12  IS CONSTANT.   IGNORED.
 **********
 **   39 **FIX           13
 **********
 PARAMETER   13  IS CONSTANT.   IGNORED.
 **********
 **   40 **FIX           15
 **********
 PARAMETER   15  IS CONSTANT.   IGNORED.
 **********
 **   41 **FIX           16
 **********
 PARAMETER   16  IS CONSTANT.   IGNORED.
 **********
 **   42 **MIGRAD
 **********
 START MIGRAD MINIMIZATION.  STRATEGY  1.  CONVERGENCE WHEN EDM .LT. 1.00e-04
 FCN=5801.56 FROM MIGRAD    STATUS=INITIATE       16 CALLS         397 TOTAL
                     EDM= unknown      STRATEGY= 1      NO ERROR MATRIX       
  EXT PARAMETER               CURRENT GUESS       STEP         FIRST   
  NO.   NAME      VALUE            ERROR          SIZE      DERIVATIVE 
   1  N0           3.06109e+06     fixed    
   2  tau          6.43953e+01   constant   
   3  A0           3.42865e-01     fixed    
   4  phi          4.11682e+00     fixed    
   5  R           -6.11796e+01   constant   
   6  A_CBO       -1.93237e-03   1.05616e-04  -0.00000e+00   9.29420e+04
   7  w_CBO        2.32748e+00   3.09369e-08  -0.00000e+00  -1.51822e+07
   8  phi_CBO      7.08111e-01     fixed    
   9  ANx2         4.90616e-04   constant   
  10  pNx2         2.30674e+00   constant   
  11  ANy1         0.00000e+00   constant   
  12  pNy1         0.00000e+00   constant   
  13  w_y          0.00000e+00   constant   
  14  ANy2         9.23997e-03   1.00000e-04   1.00000e-04   7.59233e+05
  15  pNy2         3.41148e-01   constant   
  16  w_vw         1.43130e+01   constant   
  17  LM          -3.45991e-04   constant   
  18  wCBO_expCoeff   1.99998e+02   2.65840e-06  -0.00000e+00  -1.76824e+05
  19  wCBO_expOffset   2.00000e+02   2.75637e-06  -0.00000e+00   1.12248e+06
  20  wCBO_expT    3.00000e+01   5.17585e-07  -0.00000e+00   8.80837e+06
  21  wCBO_linCoeff   0.00000e+00   constant   
  22  wCBO_const  -2.02752e-03   1.61901e-04   0.00000e+00  -2.13373e+04
 MIGRAD FAILS TO FIND IMPROVEMENT
 FCN=2784.75 FROM HESSE     STATUS=NOT POSDEF     58 CALLS         970 TOTAL
                     EDM=1856.35    STRATEGY= 1      ERR MATRIX NOT POS-DEF
  EXT PARAMETER                APPROXIMATE        STEP         FIRST   
  NO.   NAME      VALUE            ERROR          SIZE      DERIVATIVE 
   1  N0           3.06109e+06     fixed    
   2  tau          6.43953e+01   constant   
   3  A0           3.42865e-01     fixed    
   4  phi          4.11682e+00     fixed    
   5  R           -6.11796e+01   constant   
   6  A_CBO       -1.18128e-03   1.26880e-03   3.85092e-06   2.71693e+03
   7  w_CBO        2.32747e+00   7.27100e-07   1.10983e-06  -7.70183e+06
   8  phi_CBO      7.08111e-01     fixed    
   9  ANx2         4.90616e-04   constant   
  10  pNx2         2.30674e+00   constant   
  11  ANy1         0.00000e+00   constant   
  12  pNy1         0.00000e+00   constant   
  13  w_y          0.00000e+00   constant   
  14  ANy2         1.25521e-03   3.99838e-04   3.72761e-06   6.78259e+03
  15  pNy2         3.41148e-01   constant   
  16  w_vw         1.43130e+01   constant   
  17  LM          -3.45991e-04   constant   
  18  wCBO_expCoeff   1.99998e+02   6.24800e-05   9.53663e-05  -8.96142e+04
  19  wCBO_expOffset   2.00000e+02   4.75310e-05   9.53674e-05  -1.72010e+06
  20  wCBO_expT    3.00000e+01   8.95839e-06   1.43051e-05  -8.18688e+05
  21  wCBO_linCoeff   0.00000e+00   constant   
  22  wCBO_const  -5.29044e-03   3.73374e-03   1.51065e-05  -3.56183e+03
 MIGRAD FAILS TO FIND IMPROVEMENT
 MIGRAD TERMINATED WITHOUT CONVERGENCE.
 FCN=2784.61 FROM MIGRAD    STATUS=FAILED        639 CALLS        1020 TOTAL
                     EDM=221.545    STRATEGY= 1      ERR MATRIX NOT POS-DEF
  EXT PARAMETER                APPROXIMATE        STEP         FIRST   
  NO.   NAME      VALUE            ERROR          SIZE      DERIVATIVE 
   1  N0           3.06109e+06     fixed    
   2  tau          6.43953e+01   constant   
   3  A0           3.42865e-01     fixed    
   4  phi          4.11682e+00     fixed    
   5  R           -6.11796e+01   constant   
   6  A_CBO       -1.16013e-03   1.17647e-04  -0.00000e+00   3.00965e+03
   7  w_CBO        2.32747e+00   9.56287e-08  -0.00000e+00   4.30130e+07
   8  phi_CBO      7.08111e-01     fixed    
   9  ANx2         4.90616e-04   constant   
  10  pNx2         2.30674e+00   constant   
  11  ANy1         0.00000e+00   constant   
  12  pNy1         0.00000e+00   constant   
  13  w_y          0.00000e+00   constant   
  14  ANy2         1.24793e-03   9.15888e-05  -0.00000e+00   5.92796e+03
  15  pNy2         3.41148e-01   constant   
  16  w_vw         1.43130e+01   constant   
  17  LM          -3.45991e-04   constant   
  18  wCBO_expCoeff   1.99998e+02   8.21757e-06  -0.00000e+00   5.00520e+05
  19  wCBO_expOffset   2.00000e+02   3.89749e-06   0.00000e+00  -1.07413e+04
  20  wCBO_expT    3.00000e+01   1.51777e-06  -0.00000e+00  -4.05394e+05
  21  wCBO_linCoeff   0.00000e+00   constant   
  22  wCBO_const  -5.34319e-03   7.39436e-04   0.00000e+00  -1.99676e+03
 EXTERNAL ERROR MATRIX.    NDIM=  25    NPAR=  7    ERR DEF=1
  1.384e-08  6.814e-12  1.923e-10  5.855e-10 -2.779e-10  4.651e-11 -4.579e-08 
  6.814e-12  9.145e-15  1.164e-12  5.696e-13 -3.264e-13  5.250e-14 -6.428e-11 
  1.923e-10  1.164e-12  8.389e-09  1.001e-10 -4.921e-11 -6.707e-12 -5.984e-09 
  5.855e-10  5.696e-13  1.001e-10  6.753e-11 -2.805e-11  4.511e-12 -5.524e-09 
 -2.779e-10 -3.264e-13 -4.921e-11 -2.805e-11  1.519e-11 -2.504e-12  2.694e-09 
  4.651e-11  5.250e-14 -6.707e-12  4.511e-12 -2.504e-12  2.304e-12 -5.453e-10 
 -4.579e-08 -6.428e-11 -5.984e-09 -5.524e-09  2.694e-09 -5.453e-10  5.468e-07 
ERR MATRIX NOT POS-DEF
 PARAMETER  CORRELATION COEFFICIENTS  
       NO.  GLOBAL      6      7     14     18     19     20     22
        6  0.96198   1.000  0.606  0.018  0.606 -0.606  0.260 -0.526
        7  0.99464   0.606  1.000  0.133  0.725 -0.876  0.362 -0.909
       14  0.69640   0.018  0.133  1.000  0.133 -0.138 -0.048 -0.088
       18  0.99465   0.606  0.725  0.133  1.000 -0.876  0.362 -0.909
       19  0.94689  -0.606 -0.876 -0.138 -0.876  1.000 -0.423  0.935
       20  0.89475   0.260  0.362 -0.048  0.362 -0.423  1.000 -0.486
       22  0.99823  -0.526 -0.909 -0.088 -0.909  0.935 -0.486  1.000
 ERR MATRIX NOT POS-DEF
MINUIT - FIT ONLY 2-CBO
 **********
 **   43 **RES 
 **********
                   PARAMETER    8  phi_CBO RESTORED TO VARIABLE.
                   PARAMETER    4  phi RESTORED TO VARIABLE.
                   PARAMETER    3  A0 RESTORED TO VARIABLE.
                   PARAMETER    1  N0 RESTORED TO VARIABLE.
 **********
 **   44 **FIX            0
 **********
 PARAMETER    0  IS UNDEFINED. IGNORED.
 **********
 **   45 **FIX            1
 **********
 **********
 **   46 **FIX            2
 **********
 PARAMETER    2  IS CONSTANT.   IGNORED.
 **********
 **   47 **FIX            3
 **********
 **********
 **   48 **FIX            4
 **********
 **********
 **   49 **FIX            5
 **********
 PARAMETER    5  IS CONSTANT.   IGNORED.
 **********
 **   50 **FIX            6
 **********
 **********
 **   51 **FIX            7
 **********
 **********
 **   52 **FIX           10
 **********
 PARAMETER   10  IS CONSTANT.   IGNORED.
 **********
 **   53 **FIX           11
 **********
 PARAMETER   11  IS CONSTANT.   IGNORED.
 **********
 **   54 **FIX           12
 **********
 PARAMETER   12  IS CONSTANT.   IGNORED.
 **********
 **   55 **FIX           13
 **********
 PARAMETER   13  IS CONSTANT.   IGNORED.
 **********
 **   56 **FIX           14
 **********
 **********
 **   57 **FIX           15
 **********
 PARAMETER   15  IS CONSTANT.   IGNORED.
 **********
 **   58 **FIX           16
 **********
 PARAMETER   16  IS CONSTANT.   IGNORED.
 **********
 **   59 **MIGRAD
 **********
 START MIGRAD MINIMIZATION.  STRATEGY  1.  CONVERGENCE WHEN EDM .LT. 1.00e-04
 FCN=2784.61 FROM MIGRAD    STATUS=INITIATE       12 CALLS        1032 TOTAL
                     EDM= unknown      STRATEGY= 1      NO ERROR MATRIX       
  EXT PARAMETER               CURRENT GUESS       STEP         FIRST   
  NO.   NAME      VALUE            ERROR          SIZE      DERIVATIVE 
   1  N0           3.06109e+06     fixed    
   2  tau          6.43953e+01   constant   
   3  A0           3.42865e-01     fixed    
   4  phi          4.11682e+00     fixed    
   5  R           -6.11796e+01   constant   
   6  A_CBO       -1.16013e-03     fixed    
   7  w_CBO        2.32747e+00     fixed    
   8  phi_CBO      7.08111e-01   3.83900e-02   3.83900e-02  -4.21339e+01
   9  ANx2         4.90616e-04   constant   
  10  pNx2         2.30674e+00   constant   
  11  ANy1         0.00000e+00   constant   
  12  pNy1         0.00000e+00   constant   
  13  w_y          0.00000e+00   constant   
  14  ANy2         1.24793e-03     fixed    
  15  pNy2         3.41148e-01   constant   
  16  w_vw         1.43130e+01   constant   
  17  LM          -3.45991e-04   constant   
  18  wCBO_expCoeff   1.99998e+02   8.21757e-06  -0.00000e+00   5.00520e+05
  19  wCBO_expOffset   2.00000e+02   3.89749e-06   0.00000e+00  -1.07413e+04
  20  wCBO_expT    3.00000e+01   1.51777e-06  -0.00000e+00  -4.05394e+05
  21  wCBO_linCoeff   0.00000e+00   constant   
  22  wCBO_const  -5.34319e-03   7.39436e-04   0.00000e+00  -1.99677e+03
 MIGRAD FAILS TO FIND IMPROVEMENT
 FCN=2783.55 FROM HESSE     STATUS=NOT POSDEF     37 CALLS        1092 TOTAL
                     EDM=161.948    STRATEGY= 1      ERR MATRIX NOT POS-DEF
  EXT PARAMETER                APPROXIMATE        STEP         FIRST   
  NO.   NAME      VALUE            ERROR          SIZE      DERIVATIVE 
   1  N0           3.06109e+06     fixed    
   2  tau          6.43953e+01   constant   
   3  A0           3.42865e-01     fixed    
   4  phi          4.11682e+00     fixed    
   5  R           -6.11796e+01   constant   
   6  A_CBO       -1.16013e-03     fixed    
   7  w_CBO        2.32747e+00     fixed    
   8  phi_CBO      7.63302e-01   1.86109e-01   3.07941e-03  -2.17451e+01
   9  ANx2         4.90616e-04   constant   
  10  pNx2         2.30674e+00   constant   
  11  ANy1         0.00000e+00   constant   
  12  pNy1         0.00000e+00   constant   
  13  w_y          0.00000e+00   constant   
  14  ANy2         1.24793e-03     fixed    
  15  pNy2         3.41148e-01   constant   
  16  w_vw         1.43130e+01   constant   
  17  LM          -3.45991e-04   constant   
  18  wCBO_expCoeff   1.99998e+02   6.33551e-05   9.53663e-05  -3.65216e+05
  19  wCBO_expOffset   2.00000e+02   2.11166e-05   9.53674e-05  -1.48468e+06
  20  wCBO_expT    3.00000e+01   2.05859e-05   1.43051e-05  -1.06754e+06
  21  wCBO_linCoeff   0.00000e+00   constant   
  22  wCBO_const  -5.28254e-03   7.53486e-03   1.48283e-05  -6.43197e+03
 MIGRAD FAILS TO FIND IMPROVEMENT
 MIGRAD TERMINATED WITHOUT CONVERGENCE.
 FCN=2783.55 FROM MIGRAD    STATUS=FAILED         80 CALLS        1100 TOTAL
                     EDM=161.948    STRATEGY= 1      ERR MATRIX NOT POS-DEF
  EXT PARAMETER                APPROXIMATE        STEP         FIRST   
  NO.   NAME      VALUE            ERROR          SIZE      DERIVATIVE 
   1  N0           3.06109e+06     fixed    
   2  tau          6.43953e+01   constant   
   3  A0           3.42865e-01     fixed    
   4  phi          4.11682e+00     fixed    
   5  R           -6.11796e+01   constant   
   6  A_CBO       -1.16013e-03     fixed    
   7  w_CBO        2.32747e+00     fixed    
   8  phi_CBO      7.63302e-01   1.86109e-01  -0.00000e+00  -2.17451e+01
   9  ANx2         4.90616e-04   constant   
  10  pNx2         2.30674e+00   constant   
  11  ANy1         0.00000e+00   constant   
  12  pNy1         0.00000e+00   constant   
  13  w_y          0.00000e+00   constant   
  14  ANy2         1.24793e-03     fixed    
  15  pNy2         3.41148e-01   constant   
  16  w_vw         1.43130e+01   constant   
  17  LM          -3.45991e-04   constant   
  18  wCBO_expCoeff   1.99998e+02   6.33551e-05   0.00000e+00  -3.65216e+05
  19  wCBO_expOffset   2.00000e+02   2.11166e-05   0.00000e+00  -1.48468e+06
  20  wCBO_expT    3.00000e+01   2.05859e-05   0.00000e+00  -1.06754e+06
  21  wCBO_linCoeff   0.00000e+00   constant   
  22  wCBO_const  -5.28254e-03   7.53486e-03  -0.00000e+00  -6.43197e+03
 EXTERNAL ERROR MATRIX.    NDIM=  25    NPAR=  5    ERR DEF=1
  3.464e-02 -9.552e-06 -3.170e-06 -3.151e-06  1.172e-03 
 -9.552e-06  4.014e-09  1.304e-09  1.292e-09 -4.744e-07 
 -3.170e-06  1.304e-09  4.459e-10  4.196e-10 -1.542e-07 
 -3.151e-06  1.292e-09  4.196e-10  4.238e-10 -1.545e-07 
  1.172e-03 -4.744e-07 -1.542e-07 -1.545e-07  5.677e-05 
ERR MATRIX NOT POS-DEF
 PARAMETER  CORRELATION COEFFICIENTS  
       NO.  GLOBAL      8     18     19     20     22
        8  0.86572   1.000 -0.810 -0.807 -0.822  0.836
       18  0.99565  -0.810  1.000  0.975  0.991 -0.994
       19  0.97547  -0.807  0.975  1.000  0.965 -0.969
       20  0.99633  -0.822  0.991  0.965  1.000 -0.996
       22  0.99799   0.836 -0.994 -0.969 -0.996  1.000
 ERR MATRIX NOT POS-DEF
MINUIT - FIT ONLY 1-y
 **********
 **   60 **RES 
 **********
                   PARAMETER   14  ANy2 RESTORED TO VARIABLE.
                   PARAMETER    7  w_CBO RESTORED TO VARIABLE.
                   PARAMETER    6  A_CBO RESTORED TO VARIABLE.
                   PARAMETER    4  phi RESTORED TO VARIABLE.
                   PARAMETER    3  A0 RESTORED TO VARIABLE.
                   PARAMETER    1  N0 RESTORED TO VARIABLE.
 **********
 **   61 **FIX            0
 **********
 PARAMETER    0  IS UNDEFINED. IGNORED.
 **********
 **   62 **FIX            1
 **********
 **********
 **   63 **FIX            2
 **********
 PARAMETER    2  IS CONSTANT.   IGNORED.
 **********
 **   64 **FIX            3
 **********
 **********
 **   65 **FIX            4
 **********
 **********
 **   66 **FIX            5
 **********
 PARAMETER    5  IS CONSTANT.   IGNORED.
 **********
 **   67 **FIX            6
 **********
 **********
 **   68 **FIX            7
 **********
 **********
 **   69 **FIX            8
 **********
 **********
 **   70 **FIX            9
 **********
 PARAMETER    9  IS CONSTANT.   IGNORED.
 **********
 **   71 **FIX           13
 **********
 PARAMETER   13  IS CONSTANT.   IGNORED.
 **********
 **   72 **FIX           14
 **********
 **********
 **   73 **FIX           15
 **********
 PARAMETER   15  IS CONSTANT.   IGNORED.
 **********
 **   74 **FIX           16
 **********
 PARAMETER   16  IS CONSTANT.   IGNORED.
 **********
 **   75 **MIGRAD
 **********
 START MIGRAD MINIMIZATION.  STRATEGY  1.  CONVERGENCE WHEN EDM .LT. 1.00e-04
 FCN=2783.55 FROM MIGRAD    STATUS=INITIATE        8 CALLS        1108 TOTAL
                     EDM= unknown      STRATEGY= 1      NO ERROR MATRIX       
  EXT PARAMETER               CURRENT GUESS       STEP         FIRST   
  NO.   NAME      VALUE            ERROR          SIZE      DERIVATIVE 
   1  N0           3.06109e+06     fixed    
   2  tau          6.43953e+01   constant   
   3  A0           3.42865e-01     fixed    
   4  phi          4.11682e+00     fixed    
   5  R           -6.11796e+01   constant   
   6  A_CBO       -1.16013e-03     fixed    
   7  w_CBO        2.32747e+00     fixed    
   8  phi_CBO      7.63302e-01     fixed    
   9  ANx2         4.90616e-04   constant   
  10  pNx2         2.30674e+00   constant   
  11  ANy1         0.00000e+00   constant   
  12  pNy1         0.00000e+00   constant   
  13  w_y          0.00000e+00   constant   
  14  ANy2         1.24793e-03     fixed    
  15  pNy2         3.41148e-01   constant   
  16  w_vw         1.43130e+01   constant   
  17  LM          -3.45991e-04   constant   
  18  wCBO_expCoeff   1.99998e+02   6.33551e-05   0.00000e+00   2.76137e+05
  19  wCBO_expOffset   2.00000e+02   2.11166e-05   0.00000e+00   1.08392e+04
  20  wCBO_expT    3.00000e+01   2.05859e-05   0.00000e+00  -5.84894e+05
  21  wCBO_linCoeff   0.00000e+00   constant   
  22  wCBO_const  -5.28254e-03   7.53486e-03  -0.00000e+00  -6.43191e+03
 MIGRAD FAILS TO FIND IMPROVEMENT
 FCN=2783.55 FROM HESSE     STATUS=NOT POSDEF     29 CALLS        1148 TOTAL
                     EDM=271.059    STRATEGY= 1      ERR MATRIX NOT POS-DEF
  EXT PARAMETER                APPROXIMATE        STEP         FIRST   
  NO.   NAME      VALUE            ERROR          SIZE      DERIVATIVE 
   1  N0           3.06109e+06     fixed    
   2  tau          6.43953e+01   constant   
   3  A0           3.42865e-01     fixed    
   4  phi          4.11682e+00     fixed    
   5  R           -6.11796e+01   constant   
   6  A_CBO       -1.16013e-03     fixed    
   7  w_CBO        2.32747e+00     fixed    
   8  phi_CBO      7.63302e-01     fixed    
   9  ANx2         4.90616e-04   constant   
  10  pNx2         2.30674e+00   constant   
  11  ANy1         0.00000e+00   constant   
  12  pNy1         0.00000e+00   constant   
  13  w_y          0.00000e+00   constant   
  14  ANy2         1.24793e-03     fixed    
  15  pNy2         3.41148e-01   constant   
  16  w_vw         1.43130e+01   constant   
  17  LM          -3.45991e-04   constant   
  18  wCBO_expCoeff   1.99998e+02   7.16289e-05   9.53663e-05  -3.65216e+05
  19  wCBO_expOffset   2.00000e+02   2.28551e-05   9.53674e-05  -1.48468e+06
  20  wCBO_expT    3.00000e+01   2.26157e-05   1.43051e-05  -1.06754e+06
  21  wCBO_linCoeff   0.00000e+00   constant   
  22  wCBO_const  -5.28254e-03   8.01584e-03   1.56759e-05  -6.43197e+03
 MIGRAD FAILS TO FIND IMPROVEMENT
 MIGRAD TERMINATED WITHOUT CONVERGENCE.
 FCN=2783.55 FROM MIGRAD    STATUS=FAILED         57 CALLS        1157 TOTAL
                     EDM=271.059    STRATEGY= 1      ERR MATRIX NOT POS-DEF
  EXT PARAMETER                APPROXIMATE        STEP         FIRST   
  NO.   NAME      VALUE            ERROR          SIZE      DERIVATIVE 
   1  N0           3.06109e+06     fixed    
   2  tau          6.43953e+01   constant   
   3  A0           3.42865e-01     fixed    
   4  phi          4.11682e+00     fixed    
   5  R           -6.11796e+01   constant   
   6  A_CBO       -1.16013e-03     fixed    
   7  w_CBO        2.32747e+00     fixed    
   8  phi_CBO      7.63302e-01     fixed    
   9  ANx2         4.90616e-04   constant   
  10  pNx2         2.30674e+00   constant   
  11  ANy1         0.00000e+00   constant   
  12  pNy1         0.00000e+00   constant   
  13  w_y          0.00000e+00   constant   
  14  ANy2         1.24793e-03     fixed    
  15  pNy2         3.41148e-01   constant   
  16  w_vw         1.43130e+01   constant   
  17  LM          -3.45991e-04   constant   
  18  wCBO_expCoeff   1.99998e+02   7.16289e-05   0.00000e+00  -3.65216e+05
  19  wCBO_expOffset   2.00000e+02   2.28551e-05   0.00000e+00  -1.48468e+06
  20  wCBO_expT    3.00000e+01   2.26157e-05   0.00000e+00  -1.06754e+06
  21  wCBO_linCoeff   0.00000e+00   constant   
  22  wCBO_const  -5.28254e-03   8.01584e-03  -0.00000e+00  -6.43197e+03
 EXTERNAL ERROR MATRIX.    NDIM=  25    NPAR=  4    ERR DEF=1
  5.131e-09  1.603e-09  1.608e-09 -5.717e-07 
  1.603e-09  5.224e-10  5.016e-10 -1.784e-07 
  1.608e-09  5.016e-10  5.115e-10 -1.807e-07 
 -5.717e-07 -1.784e-07 -1.807e-07  6.425e-05 
ERR MATRIX NOT POS-DEF
 PARAMETER  CORRELATION COEFFICIENTS  
       NO.  GLOBAL     18     19     20     22
       18  0.99659   1.000  0.979  0.993 -0.996
       19  0.97900   0.979  1.000  0.970 -0.974
       20  0.99694   0.993  0.970  1.000 -0.997
       22  0.99822  -0.996 -0.974 -0.997  1.000
 ERR MATRIX NOT POS-DEF
MINUIT - FIT ONLY 2-y
 **********
 **   76 **RES 
 **********
                   PARAMETER   14  ANy2 RESTORED TO VARIABLE.
                   PARAMETER    8  phi_CBO RESTORED TO VARIABLE.
                   PARAMETER    7  w_CBO RESTORED TO VARIABLE.
                   PARAMETER    6  A_CBO RESTORED TO VARIABLE.
                   PARAMETER    4  phi RESTORED TO VARIABLE.
                   PARAMETER    3  A0 RESTORED TO VARIABLE.
                   PARAMETER    1  N0 RESTORED TO VARIABLE.
 **********
 **   77 **FIX            0
