 + ++++++++++++++++++++++++++++++++++++++++++++++++++++++++++++++++++++ +
 +                                                                      +
 +           You have chose to blind your fitting according to          +
 +                omega_ref * (1 + (R +/- deltaR) *10^{-6})             +
 +                                                                      +
 + ++++++++++++++++++++++++++++++++++++++++++++++++++++++++++++++++++++ +
In main()...
reading format from /gm2data/zkhechad/run45/envelope/formats/formatB_sBin_constraintOn.txt
pBinTau 	= 0  
pBinPhi 	= 0  
constraintau 	= 1 
includeMopTerm 	= 0    
constrainMop    = 0   
Parameters after format file: pBinTau 0 pBinPhi 0 constraintau 1 includeMopTerm 0 constrainMop 0 c_e_scale 0.000000 
reading cbo reference file (full fit) from /gm2data/zkhechad/cboTemplates/Run4CBOTemplates/fullFits/run4/sBin_constraintOn_cE0.0_seed0_run4_calo19.root
A_CBO 0.009558 w_CBO 2.327254 phi_CBO 0.902980 N0 3088607.252134 R -60.257448 tau 64.400175 
Reading cboRef file /gm2data/zkhechad/cboTemplates/Run4CBOTemplates//cboIsolate/run4_calo19.root
deltaT 55.536010
windowBins = 370
fitting sliding window 900 from bin 1103 at 164.567600 to bin 1473 at 219.771600 (370 bins)

Reading data from /gm2data/cornell/histograms/aMethod/histogram_a_run4.root
fitting cbo isolate
 **********
 **    1 **SET PRINTOUT            1
 **********
 **********
 **    2 **SET NOWARNINGS 
 **********
 PARAMETER DEFINITIONS:
    NO.   NAME         VALUE      STEP SIZE      LIMITS
     1 A_CBO        9.55751e-03  1.00000e-05     no limits
     2 w_CBO        2.32725e+00  1.00000e-02    2.00000e+00  3.00000e+00
     3 phi_CBO      9.02980e-01  1.00000e-02    0.00000e+00  6.28319e+00
 **********
 **    3 **MIGRAD
 **********
 FIRST CALL TO USER FUNCTION AT NEW START POINT, WITH IFLAG=4.
 START MIGRAD MINIMIZATION.  STRATEGY  1.  CONVERGENCE WHEN EDM .LT. 1.00e-04
 FCN=0.00434296 FROM MIGRAD    STATUS=INITIATE       12 CALLS          13 TOTAL
                     EDM= unknown      STRATEGY= 1      NO ERROR MATRIX       
  EXT PARAMETER               CURRENT GUESS       STEP         FIRST   
  NO.   NAME      VALUE            ERROR          SIZE      DERIVATIVE 
   1  A_CBO        9.55751e-03   1.00000e-05   1.00000e-05   1.53203e+00
   2  w_CBO        2.32725e+00   1.00000e-02   2.13147e-02  -4.97787e-03
   3  phi_CBO      9.02980e-01   1.00000e-02   4.53699e-03   1.22634e-04
 MIGRAD MINIMIZATION HAS CONVERGED.
 MIGRAD WILL VERIFY CONVERGENCE AND ERROR MATRIX.
 COVARIANCE MATRIX CALCULATED SUCCESSFULLY
 FCN=0.00117787 FROM MIGRAD    STATUS=CONVERGED      37 CALLS          38 TOTAL
                     EDM=2.22579e-06    STRATEGY= 1      ERROR MATRIX ACCURATE 
  EXT PARAMETER                                   STEP         FIRST   
  NO.   NAME      VALUE            ERROR          SIZE      DERIVATIVE 
   1  A_CBO        5.42561e-03   7.36851e-02   3.58825e-05  -2.30262e-07
   2  w_CBO        2.32727e+00   5.36595e-01   5.56113e-05   3.24815e-03
   3  phi_CBO      9.00067e-01   4.40743e+00   2.26878e-03  -5.98626e-05
 EXTERNAL ERROR MATRIX.    NDIM=  25    NPAR=  3    ERR DEF=1
  5.429e-03 -7.233e-03 -1.386e+00 
 -7.233e-03  1.475e+00  2.827e+02 
 -1.386e+00  2.827e+02  5.437e+04 
 PARAMETER  CORRELATION COEFFICIENTS  
       NO.  GLOBAL      1      2      3
        1  0.08082   1.000 -0.081 -0.081
        2  0.99830  -0.081  1.000  0.998
        3  0.99830  -0.081  0.998  1.000
setting A_CBO=0.005426 w_CBO=2.327269, phi_CBO=0.900067
done fitting cbo isolate
 **********
 **    1 **SET PRINTOUT            1
 **********
 **********
 **    2 **SET NOWARNINGS 
 **********
 PARAMETER DEFINITIONS:
    NO.   NAME         VALUE      STEP SIZE      LIMITS
     1 N0           3.08861e+06  1.00000e+02     no limits
     2 tau          6.44002e+01  constant
     3 A0           3.48093e-01  1.00000e-04     no limits
     4 phi          4.13197e+00  1.00000e-02     no limits
     5 R           -6.02574e+01  constant
     6 A_CBO        5.42561e-03  1.00000e-05     no limits
     7 w_CBO        2.32727e+00  1.00000e-03     no limits
     8 phi_CBO      9.00067e-01  1.00000e-04     no limits
     9 ANx2         2.45054e-04  constant
    10 pNx2         5.52114e+00  constant
    11 ANy1         0.00000e+00  constant
    12 pNy1         0.00000e+00  constant
    13 w_y          0.00000e+00  constant
    14 ANy2         1.46670e-02  1.00000e-04     no limits
    15 pNy2         3.05066e+00  constant
    16 w_vw         1.43134e+01  constant
    17 LM          -3.45580e-05  constant
    18 wCBO_expCoeff   2.00000e+02  1.00000e+00     no limits
    19 wCBO_expOffset   2.00000e+02  1.00000e+00     no limits
    20 wCBO_expT    3.00000e+01  1.00000e+00     no limits
    21 wCBO_linCoeff   0.00000e+00  constant
    22 wCBO_const   0.00000e+00  1.00000e-02     no limits
MINUIT - FIT ONLY WIGGLE
 **********
 **    3 **FIX            5
 **********
 PARAMETER    5  IS CONSTANT.   IGNORED.
 **********
 **    4 **FIX            6
 **********
 **********
 **    5 **FIX            7
 **********
 **********
 **    6 **FIX            8
 **********
 **********
 **    7 **FIX            9
 **********
 PARAMETER    9  IS CONSTANT.   IGNORED.
 **********
 **    8 **FIX           10
 **********
 PARAMETER   10  IS CONSTANT.   IGNORED.
 **********
 **    9 **FIX           11
 **********
 PARAMETER   11  IS CONSTANT.   IGNORED.
 **********
 **   10 **FIX           12
 **********
 PARAMETER   12  IS CONSTANT.   IGNORED.
 **********
 **   11 **FIX           13
 **********
 PARAMETER   13  IS CONSTANT.   IGNORED.
 **********
 **   12 **FIX           14
 **********
 **********
 **   13 **FIX           15
 **********
 PARAMETER   15  IS CONSTANT.   IGNORED.
 **********
 **   14 **FIX           16
 **********
 PARAMETER   16  IS CONSTANT.   IGNORED.
 **********
 **   15 **MIGRAD
 **********
 FIRST CALL TO USER FUNCTION AT NEW START POINT, WITH IFLAG=4.
 START MIGRAD MINIMIZATION.  STRATEGY  1.  CONVERGENCE WHEN EDM .LT. 1.00e-04
 FCN=5583.18 FROM MIGRAD    STATUS=INITIATE       57 CALLS          58 TOTAL
                     EDM= unknown      STRATEGY= 1      NO ERROR MATRIX       
  EXT PARAMETER               CURRENT GUESS       STEP         FIRST   
  NO.   NAME      VALUE            ERROR          SIZE      DERIVATIVE 
   1  N0           3.08861e+06   1.00000e+02   0.00000e+00  -3.86329e-03
   2  tau          6.44002e+01   constant   
   3  A0           3.48093e-01   1.00000e-04   0.00000e+00  -8.37557e+02
   4  phi          4.13197e+00   1.00000e-02   0.00000e+00   4.28685e+03
   5  R           -6.02574e+01   constant   
   6  A_CBO        5.42561e-03     fixed    
   7  w_CBO        2.32727e+00     fixed    
   8  phi_CBO      9.00067e-01     fixed    
   9  ANx2         2.45054e-04   constant   
  10  pNx2         5.52114e+00   constant   
  11  ANy1         0.00000e+00   constant   
  12  pNy1         0.00000e+00   constant   
  13  w_y          0.00000e+00   constant   
  14  ANy2         1.46670e-02     fixed    
  15  pNy2         3.05066e+00   constant   
  16  w_vw         1.43134e+01   constant   
  17  LM          -3.45580e-05   constant   
  18  wCBO_expCoeff   1.99998e+02   1.00000e+00  -2.41449e-03   3.37962e+03
  19  wCBO_expOffset   2.00000e+02   1.00000e+00   0.00000e+00   3.88690e+04
  20  wCBO_expT    3.00000e+01   1.00000e+00   0.00000e+00  -4.08365e+05
  21  wCBO_linCoeff   0.00000e+00   constant   
  22  wCBO_const   0.00000e+00   1.00000e-02   0.00000e+00  -5.29535e+04
 MIGRAD FAILS TO FIND IMPROVEMENT
 COVARIANCE MATRIX CALCULATED SUCCESSFULLY
 FCN=5299.87 FROM HESSE     STATUS=OK             54 CALLS         291 TOTAL
                     EDM=0.00902019    STRATEGY= 1      ERROR MATRIX ACCURATE 
  EXT PARAMETER                                   STEP         FIRST   
  NO.   NAME      VALUE            ERROR          SIZE      DERIVATIVE 
   1  N0           3.08861e+06   4.83093e+02   1.67007e+01  -7.44599e-05
   2  tau          6.44002e+01   constant   
   3  A0           3.48222e-01   2.06762e-04   7.22419e-06  -1.67918e+02
   4  phi          4.13180e+00   6.30206e-04   2.16255e-05   1.71882e+01
   5  R           -6.02574e+01   constant   
   6  A_CBO        5.42561e-03     fixed    
   7  w_CBO        2.32727e+00     fixed    
   8  phi_CBO      9.00067e-01     fixed    
   9  ANx2         2.45054e-04   constant   
  10  pNx2         5.52114e+00   constant   
  11  ANy1         0.00000e+00   constant   
  12  pNy1         0.00000e+00   constant   
  13  w_y          0.00000e+00   constant   
  14  ANy2         1.46670e-02     fixed    
  15  pNy2         3.05066e+00   constant   
  16  w_vw         1.43134e+01   constant   
  17  LM          -3.45580e-05   constant   
  18  wCBO_expCoeff   1.99998e+02   1.55582e-03   9.53665e-05   5.27250e+02
  19  wCBO_expOffset   2.00000e+02   6.06291e-05   9.53676e-05   3.50488e+03
  20  wCBO_expT    3.00007e+01   1.84791e-04   1.43055e-05  -2.43235e+03
  21  wCBO_linCoeff   0.00000e+00   constant   
  22  wCBO_const  -9.61735e-04   1.84252e-03   4.37386e-06   1.98599e+02
 MIGRAD FAILS TO FIND IMPROVEMENT
 MIGRAD TERMINATED WITHOUT CONVERGENCE.
 FCN=5299.86 FROM MIGRAD    STATUS=FAILED        334 CALLS         335 TOTAL
                     EDM=0.00244639    STRATEGY= 1  ERROR MATRIX UNCERTAINTY   2.6 per cent
  EXT PARAMETER                APPROXIMATE        STEP         FIRST   
  NO.   NAME      VALUE            ERROR          SIZE      DERIVATIVE 
   1  N0           3.08861e+06   4.62457e+02   0.00000e+00  -3.12604e-05
   2  tau          6.44002e+01   constant   
   3  A0           3.48223e-01   2.02439e-04   0.00000e+00  -5.43964e+01
   4  phi          4.13180e+00   6.15623e-04  -0.00000e+00   9.07339e+00
   5  R           -6.02574e+01   constant   
   6  A_CBO        5.42561e-03     fixed    
   7  w_CBO        2.32727e+00     fixed    
   8  phi_CBO      9.00067e-01     fixed    
   9  ANx2         2.45054e-04   constant   
  10  pNx2         5.52114e+00   constant   
  11  ANy1         0.00000e+00   constant   
  12  pNy1         0.00000e+00   constant   
  13  w_y          0.00000e+00   constant   
  14  ANy2         1.46670e-02     fixed    
  15  pNy2         3.05066e+00   constant   
  16  w_vw         1.43134e+01   constant   
  17  LM          -3.45580e-05   constant   
  18  wCBO_expCoeff   1.99998e+02   7.47377e-04   0.00000e+00   2.67872e+01
  19  wCBO_expOffset   2.00000e+02   5.08586e-05   0.00000e+00  -3.95573e+03
  20  wCBO_expT    3.00007e+01   9.52545e-05   0.00000e+00  -2.89316e+02
  21  wCBO_linCoeff   0.00000e+00   constant   
  22  wCBO_const  -9.25071e-04   9.39528e-04  -0.00000e+00   1.09383e+01
 EXTERNAL ERROR MATRIX.    NDIM=  25    NPAR=  7    ERR DEF=1
  2.139e+05  4.594e-04 -7.403e-03  7.352e-03  6.019e-03  3.940e-03 -4.737e-02 
  4.594e-04  4.098e-08 -8.318e-10  1.170e-08  2.622e-09  2.689e-09 -2.836e-08 
 -7.403e-03 -8.318e-10  3.790e-07 -2.140e-08 -3.512e-09 -4.276e-09  3.182e-08 
  7.352e-03  1.170e-08 -2.140e-08  5.586e-07  1.808e-08  6.711e-08 -6.580e-07 
  6.019e-03  2.622e-09 -3.512e-09  1.808e-08  2.587e-09  3.422e-09 -3.415e-08 
  3.940e-03  2.689e-09 -4.276e-09  6.711e-08  3.422e-09  9.073e-09 -8.558e-08 
 -4.737e-02 -2.836e-08  3.182e-08 -6.580e-07 -3.415e-08 -8.558e-08  8.827e-07 
ERR MATRIX APPROXIMATE
 PARAMETER  CORRELATION COEFFICIENTS  
       NO.  GLOBAL      1      3      4     18     19     20     22
        1  0.30217   1.000  0.005 -0.026  0.021  0.256  0.089 -0.109
        3  0.27459   0.005  1.000 -0.007  0.077  0.255  0.139 -0.149
        4  0.19411  -0.026 -0.007  1.000 -0.047 -0.112 -0.073  0.055
       18  0.99595   0.021  0.077 -0.047  1.000  0.476  0.943 -0.937
       19  0.98024   0.256  0.255 -0.112  0.476  1.000  0.706 -0.715
       20  0.99235   0.089  0.139 -0.073  0.943  0.706  1.000 -0.956
       22  0.99150  -0.109 -0.149  0.055 -0.937 -0.715 -0.956  1.000
 ERR MATRIX APPROXIMATE
MINUIT - FIT ONLY 1-CBO + other amplitudes 
 **********
 **   16 **RES 
 **********
                   PARAMETER   14  ANy2 RESTORED TO VARIABLE.
                   PARAMETER    8  phi_CBO RESTORED TO VARIABLE.
                   PARAMETER    7  w_CBO RESTORED TO VARIABLE.
                   PARAMETER    6  A_CBO RESTORED TO VARIABLE.
 **********
 **   17 **FIX            0
 **********
 PARAMETER    0  IS UNDEFINED. IGNORED.
 **********
 **   18 **FIX            1
 **********
 **********
 **   19 **FIX            2
 **********
 PARAMETER    2  IS CONSTANT.   IGNORED.
 **********
 **   20 **FIX            3
 **********
 **********
 **   21 **FIX            4
 **********
 **********
 **   22 **FIX            9
 **********
 PARAMETER    9  IS CONSTANT.   IGNORED.
 **********
 **   23 **FIX           11
 **********
 PARAMETER   11  IS CONSTANT.   IGNORED.
 **********
 **   24 **FIX           12
 **********
 PARAMETER   12  IS CONSTANT.   IGNORED.
 **********
 **   25 **FIX           14
 **********
 **********
 **   26 **FIX           15
 **********
 PARAMETER   15  IS CONSTANT.   IGNORED.
 **********
 **   27 **FIX           16
 **********
 PARAMETER   16  IS CONSTANT.   IGNORED.
 **********
 **   28 **MIGRAD
 **********
 START MIGRAD MINIMIZATION.  STRATEGY  1.  CONVERGENCE WHEN EDM .LT. 1.00e-04
 FCN=5299.86 FROM MIGRAD    STATUS=INITIATE       22 CALLS         357 TOTAL
                     EDM= unknown      STRATEGY= 1      NO ERROR MATRIX       
  EXT PARAMETER               CURRENT GUESS       STEP         FIRST   
  NO.   NAME      VALUE            ERROR          SIZE      DERIVATIVE 
   1  N0           3.08861e+06     fixed    
   2  tau          6.44002e+01   constant   
   3  A0           3.48223e-01     fixed    
   4  phi          4.13180e+00     fixed    
   5  R           -6.02574e+01   constant   
   6  A_CBO        5.42561e-03   1.00000e-05   1.00000e-05   1.05869e+05
   7  w_CBO        2.32727e+00   1.00000e-03   1.00000e-03   2.30191e+03
   8  phi_CBO      9.00067e-01   1.00000e-04   1.00000e-04   1.08356e+01
   9  ANx2         2.45054e-04   constant   
  10  pNx2         5.52114e+00   constant   
  11  ANy1         0.00000e+00   constant   
  12  pNy1         0.00000e+00   constant   
  13  w_y          0.00000e+00   constant   
  14  ANy2         1.46670e-02     fixed    
  15  pNy2         3.05066e+00   constant   
  16  w_vw         1.43134e+01   constant   
  17  LM          -3.45580e-05   constant   
  18  wCBO_expCoeff   1.99998e+02   7.47377e-04   0.00000e+00   2.67872e+01
  19  wCBO_expOffset   2.00000e+02   5.08586e-05   0.00000e+00  -3.95573e+03
  20  wCBO_expT    3.00007e+01   9.52545e-05   0.00000e+00  -2.89316e+02
  21  wCBO_linCoeff   0.00000e+00   constant   
  22  wCBO_const  -9.25071e-04   9.39528e-04  -0.00000e+00   1.09395e+01
 MIGRAD FAILS TO FIND IMPROVEMENT
 FCN=5137.01 FROM HESSE     STATUS=NOT POSDEF     58 CALLS         606 TOTAL
                     EDM=0.130263    STRATEGY= 1      ERR MATRIX NOT POS-DEF
  EXT PARAMETER                APPROXIMATE        STEP         FIRST   
  NO.   NAME      VALUE            ERROR          SIZE      DERIVATIVE 
   1  N0           3.08861e+06     fixed    
   2  tau          6.44002e+01   constant   
   3  A0           3.48223e-01     fixed    
   4  phi          4.13180e+00     fixed    
   5  R           -6.02574e+01   constant   
   6  A_CBO        2.81587e-03   4.39155e-04   7.72715e-06  -2.98366e+01
   7  w_CBO        2.32726e+00   6.89418e-06   1.10973e-06   4.82566e+04
   8  phi_CBO     -4.68714e-01   2.34586e-01   2.62552e-03   6.58485e-02
   9  ANx2         2.45054e-04   constant   
  10  pNx2         5.52114e+00   constant   
  11  ANy1         0.00000e+00   constant   
  12  pNy1         0.00000e+00   constant   
  13  w_y          0.00000e+00   constant   
  14  ANy2         1.46670e-02     fixed    
  15  pNy2         3.05066e+00   constant   
  16  w_vw         1.43134e+01   constant   
  17  LM          -3.45580e-05   constant   
  18  wCBO_expCoeff   1.99998e+02   5.93889e-04   9.53663e-05   5.61525e+02
  19  wCBO_expOffset   2.00000e+02   5.61647e-05   9.53676e-05   3.58180e+03
  20  wCBO_expT    3.00007e+01   1.25943e-04   1.43054e-05  -3.26942e+02
  21  wCBO_linCoeff   0.00000e+00   constant   
  22  wCBO_const  -2.69359e-03   1.05523e-03   5.56391e-06   2.44607e+00
 MIGRAD FAILS TO FIND IMPROVEMENT
 MIGRAD TERMINATED WITHOUT CONVERGENCE.
 FCN=5136.93 FROM MIGRAD    STATUS=FAILED        464 CALLS         799 TOTAL
                     EDM=1.07384    STRATEGY= 1      ERR MATRIX NOT POS-DEF
  EXT PARAMETER                APPROXIMATE        STEP         FIRST   
  NO.   NAME      VALUE            ERROR          SIZE      DERIVATIVE 
   1  N0           3.08861e+06     fixed    
   2  tau          6.44002e+01   constant   
   3  A0           3.48223e-01     fixed    
   4  phi          4.13180e+00     fixed    
   5  R           -6.02574e+01   constant   
   6  A_CBO        2.78432e-03   2.08206e-04  -0.00000e+00  -1.27252e+03
   7  w_CBO        2.32726e+00   1.42277e-05  -0.00000e+00   1.79270e+05
   8  phi_CBO     -4.64434e-01   1.90161e-01   0.00000e+00  -1.46123e+00
   9  ANx2         2.45054e-04   constant   
  10  pNx2         5.52114e+00   constant   
  11  ANy1         0.00000e+00   constant   
  12  pNy1         0.00000e+00   constant   
  13  w_y          0.00000e+00   constant   
  14  ANy2         1.46670e-02     fixed    
  15  pNy2         3.05066e+00   constant   
  16  w_vw         1.43134e+01   constant   
  17  LM          -3.45580e-05   constant   
  18  wCBO_expCoeff   1.99997e+02   1.23122e-03  -0.00000e+00   2.08264e+03
  19  wCBO_expOffset   2.00000e+02   1.39768e-04   0.00000e+00  -1.69169e+03
  20  wCBO_expT    3.00006e+01   1.55522e-04  -0.00000e+00  -1.20798e+04
  21  wCBO_linCoeff   0.00000e+00   constant   
  22  wCBO_const  -2.34662e-03   1.57907e-03   0.00000e+00   7.39056e+02
 EXTERNAL ERROR MATRIX.    NDIM=  25    NPAR=  7    ERR DEF=1
  4.335e-08  1.236e-09 -3.875e-06  1.071e-07 -1.687e-08  9.531e-09 -1.078e-07 
  1.236e-09  2.024e-10 -6.571e-07  1.547e-08 -1.857e-09  2.108e-09 -2.119e-08 
 -3.875e-06 -6.571e-07  3.616e-02 -5.698e-05  9.101e-06 -6.275e-06  1.156e-04 
  1.071e-07  1.547e-08 -5.698e-05  1.516e-06 -1.608e-07  1.825e-07 -1.834e-06 
 -1.687e-08 -1.857e-09  9.101e-06 -1.608e-07  1.954e-08 -1.971e-08  2.026e-07 
  9.531e-09  2.108e-09 -6.275e-06  1.825e-07 -1.971e-08  2.419e-08 -2.347e-07 
 -1.078e-07 -2.119e-08  1.156e-04 -1.834e-06  2.026e-07 -2.347e-07  2.493e-06 
ERR MATRIX NOT POS-DEF
 PARAMETER  CORRELATION COEFFICIENTS  
       NO.  GLOBAL      6      7      8     18     19     20     22
        6  0.89715   1.000  0.417 -0.098  0.418 -0.580  0.294 -0.328
        7  0.99855   0.417  1.000 -0.243  0.883 -0.934  0.953 -0.943
        8  0.93533  -0.098 -0.243  1.000 -0.243  0.342 -0.212  0.385
       18  0.99857   0.418  0.883 -0.243  1.000 -0.934  0.953 -0.943
       19  0.99636  -0.580 -0.934  0.342 -0.934  1.000 -0.907  0.918
       20  0.99778   0.294  0.953 -0.212  0.953 -0.907  1.000 -0.956
       22  0.99695  -0.328 -0.943  0.385 -0.943  0.918 -0.956  1.000
 ERR MATRIX NOT POS-DEF
MINUIT - FIT ONLY 1-CBO
 **********
 **   29 **RES 
 **********
                   PARAMETER   14  ANy2 RESTORED TO VARIABLE.
                   PARAMETER    4  phi RESTORED TO VARIABLE.
                   PARAMETER    3  A0 RESTORED TO VARIABLE.
                   PARAMETER    1  N0 RESTORED TO VARIABLE.
 **********
 **   30 **FIX            0
 **********
 PARAMETER    0  IS UNDEFINED. IGNORED.
 **********
 **   31 **FIX            1
 **********
 **********
 **   32 **FIX            2
 **********
 PARAMETER    2  IS CONSTANT.   IGNORED.
 **********
 **   33 **FIX            3
 **********
 **********
 **   34 **FIX            4
 **********
 **********
 **   35 **FIX            8
 **********
 **********
 **   36 **FIX            9
 **********
 PARAMETER    9  IS CONSTANT.   IGNORED.
 **********
 **   37 **FIX           11
 **********
 PARAMETER   11  IS CONSTANT.   IGNORED.
 **********
 **   38 **FIX           12
 **********
 PARAMETER   12  IS CONSTANT.   IGNORED.
 **********
 **   39 **FIX           13
 **********
 PARAMETER   13  IS CONSTANT.   IGNORED.
 **********
 **   40 **FIX           15
 **********
 PARAMETER   15  IS CONSTANT.   IGNORED.
 **********
 **   41 **FIX           16
 **********
 PARAMETER   16  IS CONSTANT.   IGNORED.
 **********
 **   42 **MIGRAD
 **********
 START MIGRAD MINIMIZATION.  STRATEGY  1.  CONVERGENCE WHEN EDM .LT. 1.00e-04
 FCN=5136.93 FROM MIGRAD    STATUS=INITIATE       16 CALLS         815 TOTAL
                     EDM= unknown      STRATEGY= 1      NO ERROR MATRIX       
  EXT PARAMETER               CURRENT GUESS       STEP         FIRST   
  NO.   NAME      VALUE            ERROR          SIZE      DERIVATIVE 
   1  N0           3.08861e+06     fixed    
   2  tau          6.44002e+01   constant   
   3  A0           3.48223e-01     fixed    
   4  phi          4.13180e+00     fixed    
   5  R           -6.02574e+01   constant   
   6  A_CBO        2.78432e-03   2.08206e-04  -0.00000e+00  -1.27252e+03
   7  w_CBO        2.32726e+00   1.42277e-05  -0.00000e+00   1.79270e+05
   8  phi_CBO     -4.64434e-01     fixed    
   9  ANx2         2.45054e-04   constant   
  10  pNx2         5.52114e+00   constant   
  11  ANy1         0.00000e+00   constant   
  12  pNy1         0.00000e+00   constant   
  13  w_y          0.00000e+00   constant   
  14  ANy2         1.46670e-02   1.00000e-04   1.00000e-04   6.05770e+05
  15  pNy2         3.05066e+00   constant   
  16  w_vw         1.43134e+01   constant   
  17  LM          -3.45580e-05   constant   
  18  wCBO_expCoeff   1.99997e+02   1.23122e-03  -0.00000e+00   2.08264e+03
  19  wCBO_expOffset   2.00000e+02   1.39768e-04   0.00000e+00  -1.69169e+03
  20  wCBO_expT    3.00006e+01   1.55522e-04  -0.00000e+00  -1.20798e+04
  21  wCBO_linCoeff   0.00000e+00   constant   
  22  wCBO_const  -2.34662e-03   1.57907e-03   0.00000e+00   7.39056e+02
 CALL LIMIT EXCEEDED IN MIGRAD.
 MIGRAD TERMINATED WITHOUT CONVERGENCE.
 FCN=756.119 FROM MIGRAD    STATUS=CALL LIMIT   1164 CALLS        1963 TOTAL
                     EDM=1.12177    STRATEGY= 1  ERROR MATRIX UNCERTAINTY   0.4 per cent
  EXT PARAMETER                APPROXIMATE        STEP         FIRST   
  NO.   NAME      VALUE            ERROR          SIZE      DERIVATIVE 
   1  N0           3.08861e+06     fixed    
   2  tau          6.44002e+01   constant   
   3  A0           3.48223e-01     fixed    
   4  phi          4.13180e+00     fixed    
   5  R           -6.02574e+01   constant   
   6  A_CBO        1.14853e-03   2.08869e-04  -4.37058e-07   1.46138e+03
   7  w_CBO        2.32728e+00   4.85525e-06   6.17620e-08   6.58097e+04
   8  phi_CBO     -4.64434e-01     fixed    
   9  ANx2         2.45054e-04   constant   
  10  pNx2         5.52114e+00   constant   
  11  ANy1         0.00000e+00   constant   
  12  pNy1         0.00000e+00   constant   
  13  w_y          0.00000e+00   constant   
  14  ANy2         5.63669e-05   1.31196e-04   1.42408e-06  -6.11818e+03
  15  pNy2         3.05066e+00   constant   
  16  w_vw         1.43134e+01   constant   
  17  LM          -3.45580e-05   constant   
  18  wCBO_expCoeff   1.99999e+02   4.17304e-04   5.30777e-06   7.63983e+02
  19  wCBO_expOffset   1.99999e+02   3.67229e-04  -4.78192e-06   1.08268e+04
  20  wCBO_expT    3.00000e+01   1.54887e-04  -2.00418e-06  -9.12562e+03
  21  wCBO_linCoeff   0.00000e+00   constant   
  22  wCBO_const   4.34161e-03   1.62199e-03   2.10263e-05   3.20576e+02
 EXTERNAL ERROR MATRIX.    NDIM=  25    NPAR=  7    ERR DEF=1
  4.363e-08 -1.528e-10  5.327e-09 -1.313e-08  1.096e-08  4.780e-09 -4.968e-08 
 -1.528e-10  2.357e-11  4.775e-10  1.935e-09 -1.741e-09 -7.311e-10  7.658e-09 
  5.327e-09  4.775e-10  1.721e-08  4.104e-08 -3.552e-08 -1.523e-08  1.578e-07 
 -1.313e-08  1.935e-09  4.104e-08  1.741e-07 -1.496e-07 -6.283e-08  6.581e-07 
  1.096e-08 -1.741e-09 -3.552e-08 -1.496e-07  1.349e-07  5.653e-08 -5.923e-07 
  4.780e-09 -7.311e-10 -1.523e-08 -6.283e-08  5.653e-08  2.399e-08 -2.487e-07 
 -4.968e-08  7.658e-09  1.578e-07  6.581e-07 -5.923e-07 -2.487e-07  2.631e-06 
ERR MATRIX APPROXIMATE
 PARAMETER  CORRELATION COEFFICIENTS  
       NO.  GLOBAL      6      7     14     18     19     20     22
        6  0.53323   1.000 -0.151  0.194 -0.151  0.143  0.148 -0.147
        7  0.97793  -0.151  1.000  0.750  0.955 -0.976 -0.972  0.972
       14  0.83937   0.194  0.750  1.000  0.750 -0.737 -0.749  0.742
       18  0.97783  -0.151  0.955  0.750  1.000 -0.976 -0.972  0.972
       19  0.99733   0.143 -0.976 -0.737 -0.976  1.000  0.994 -0.994
       20  0.99435   0.148 -0.972 -0.749 -0.972  0.994  1.000 -0.990
       22  0.99466  -0.147  0.972  0.742  0.972 -0.994 -0.990  1.000
 ERR MATRIX APPROXIMATE
MINUIT - FIT ONLY 2-CBO
 **********
 **   43 **RES 
 **********
                   PARAMETER    8  phi_CBO RESTORED TO VARIABLE.
                   PARAMETER    4  phi RESTORED TO VARIABLE.
                   PARAMETER    3  A0 RESTORED TO VARIABLE.
                   PARAMETER    1  N0 RESTORED TO VARIABLE.
 **********
 **   44 **FIX            0
 **********
 PARAMETER    0  IS UNDEFINED. IGNORED.
 **********
 **   45 **FIX            1
 **********
 **********
 **   46 **FIX            2
 **********
 PARAMETER    2  IS CONSTANT.   IGNORED.
 **********
 **   47 **FIX            3
 **********
 **********
 **   48 **FIX            4
 **********
 **********
 **   49 **FIX            5
 **********
 PARAMETER    5  IS CONSTANT.   IGNORED.
 **********
 **   50 **FIX            6
 **********
 **********
 **   51 **FIX            7
 **********
 **********
 **   52 **FIX           10
 **********
 PARAMETER   10  IS CONSTANT.   IGNORED.
 **********
 **   53 **FIX           11
 **********
 PARAMETER   11  IS CONSTANT.   IGNORED.
 **********
 **   54 **FIX           12
 **********
 PARAMETER   12  IS CONSTANT.   IGNORED.
 **********
 **   55 **FIX           13
 **********
 PARAMETER   13  IS CONSTANT.   IGNORED.
 **********
 **   56 **FIX           14
 **********
 **********
 **   57 **FIX           15
 **********
 PARAMETER   15  IS CONSTANT.   IGNORED.
 **********
 **   58 **FIX           16
 **********
 PARAMETER   16  IS CONSTANT.   IGNORED.
 **********
 **   59 **MIGRAD
 **********
 START MIGRAD MINIMIZATION.  STRATEGY  1.  CONVERGENCE WHEN EDM .LT. 1.00e-04
 FCN=756.119 FROM MIGRAD    STATUS=INITIATE       12 CALLS        1975 TOTAL
                     EDM= unknown      STRATEGY= 1      NO ERROR MATRIX       
  EXT PARAMETER               CURRENT GUESS       STEP         FIRST   
  NO.   NAME      VALUE            ERROR          SIZE      DERIVATIVE 
   1  N0           3.08861e+06     fixed    
   2  tau          6.44002e+01   constant   
   3  A0           3.48223e-01     fixed    
   4  phi          4.13180e+00     fixed    
   5  R           -6.02574e+01   constant   
   6  A_CBO        1.14853e-03     fixed    
   7  w_CBO        2.32728e+00     fixed    
   8  phi_CBO     -4.64434e-01   1.90161e-01   1.90161e-01  -1.31902e+01
   9  ANx2         2.45054e-04   constant   
  10  pNx2         5.52114e+00   constant   
  11  ANy1         0.00000e+00   constant   
  12  pNy1         0.00000e+00   constant   
  13  w_y          0.00000e+00   constant   
  14  ANy2         5.63669e-05     fixed    
  15  pNy2         3.05066e+00   constant   
  16  w_vw         1.43134e+01   constant   
  17  LM          -3.45580e-05   constant   
  18  wCBO_expCoeff   1.99999e+02   4.17304e-04   5.30777e-06   7.63983e+02
  19  wCBO_expOffset   1.99999e+02   3.67229e-04  -4.78192e-06   1.08268e+04
  20  wCBO_expT    3.00000e+01   1.54887e-04  -2.00418e-06  -9.12562e+03
  21  wCBO_linCoeff   0.00000e+00   constant   
  22  wCBO_const   4.34161e-03   1.62199e-03   2.10263e-05   3.20576e+02
 CALL LIMIT EXCEEDED IN MIGRAD.
 MIGRAD TERMINATED WITHOUT CONVERGENCE.
 FCN=749.679 FROM MIGRAD    STATUS=CALL LIMIT    841 CALLS        2804 TOTAL
                     EDM=1.31794    STRATEGY= 1  ERROR MATRIX UNCERTAINTY   0.1 per cent
  EXT PARAMETER                APPROXIMATE        STEP         FIRST   
  NO.   NAME      VALUE            ERROR          SIZE      DERIVATIVE 
   1  N0           3.08861e+06     fixed    
   2  tau          6.44002e+01   constant   
   3  A0           3.48223e-01     fixed    
   4  phi          4.13180e+00     fixed    
   5  R           -6.02574e+01   constant   
   6  A_CBO        1.14853e-03     fixed    
   7  w_CBO        2.32728e+00     fixed    
   8  phi_CBO      5.85325e-01   3.51174e-01   1.54675e-03   8.15780e+00
   9  ANx2         2.45054e-04   constant   
  10  pNx2         5.52114e+00   constant   
  11  ANy1         0.00000e+00   constant   
  12  pNy1         0.00000e+00   constant   
  13  w_y          0.00000e+00   constant   
  14  ANy2         5.63669e-05     fixed    
  15  pNy2         3.05066e+00   constant   
  16  w_vw         1.43134e+01   constant   
  17  LM          -3.45580e-05   constant   
  18  wCBO_expCoeff   1.99999e+02   4.25090e-04   3.33121e-06  -3.05794e+03
  19  wCBO_expOffset   1.99999e+02   2.80660e-04   2.45073e-06  -2.88273e+04
  20  wCBO_expT    3.00001e+01   1.93213e-04   1.66442e-06  -1.17674e+04
  21  wCBO_linCoeff   0.00000e+00   constant   
  22  wCBO_const   3.85028e-03   2.35900e-03  -2.02221e-05  -3.33935e+03
 EXTERNAL ERROR MATRIX.    NDIM=  25    NPAR=  5    ERR DEF=1
  1.233e-01  8.823e-05  5.325e-05  4.059e-05 -2.603e-04 
  8.823e-05  1.807e-07  1.050e-07  7.416e-08 -8.538e-07 
  5.325e-05  1.050e-07  7.877e-08  5.332e-08 -6.391e-07 
  4.059e-05  7.416e-08  5.332e-08  3.733e-08 -4.281e-07 
 -2.603e-04 -8.538e-07 -6.391e-07 -4.281e-07  5.565e-06 
ERR MATRIX APPROXIMATE
 PARAMETER  CORRELATION COEFFICIENTS  
       NO.  GLOBAL      8     18     19     20     22
        8  0.99856   1.000  0.591  0.540  0.598 -0.314
       18  0.99256   0.591  1.000  0.881  0.903 -0.851
       19  0.99975   0.540  0.881  1.000  0.983 -0.965
       20  0.99738   0.598  0.903  0.983  1.000 -0.939
       22  0.99984  -0.314 -0.851 -0.965 -0.939  1.000
 ERR MATRIX APPROXIMATE
MINUIT - FIT ONLY 1-y
 **********
 **   60 **RES 
 **********
                   PARAMETER   14  ANy2 RESTORED TO VARIABLE.
                   PARAMETER    7  w_CBO RESTORED TO VARIABLE.
                   PARAMETER    6  A_CBO RESTORED TO VARIABLE.
                   PARAMETER    4  phi RESTORED TO VARIABLE.
                   PARAMETER    3  A0 RESTORED TO VARIABLE.
                   PARAMETER    1  N0 RESTORED TO VARIABLE.
 **********
 **   61 **FIX            0
 **********
 PARAMETER    0  IS UNDEFINED. IGNORED.
 **********
 **   62 **FIX            1
 **********
 **********
 **   63 **FIX            2
 **********
 PARAMETER    2  IS CONSTANT.   IGNORED.
 **********
 **   64 **FIX            3
 **********
 **********
 **   65 **FIX            4
 **********
 **********
 **   66 **FIX            5
 **********
 PARAMETER    5  IS CONSTANT.   IGNORED.
 **********
 **   67 **FIX            6
 **********
 **********
 **   68 **FIX            7
 **********
 **********
 **   69 **FIX            8
 **********
 **********
 **   70 **FIX            9
 **********
 PARAMETER    9  IS CONSTANT.   IGNORED.
 **********
 **   71 **FIX           13
 **********
 PARAMETER   13  IS CONSTANT.   IGNORED.
 **********
 **   72 **FIX           14
 **********
 **********
 **   73 **FIX           15
 **********
 PARAMETER   15  IS CONSTANT.   IGNORED.
 **********
 **   74 **FIX           16
 **********
 PARAMETER   16  IS CONSTANT.   IGNORED.
 **********
 **   75 **MIGRAD
 **********
 START MIGRAD MINIMIZATION.  STRATEGY  1.  CONVERGENCE WHEN EDM .LT. 1.00e-04
 FCN=749.679 FROM MIGRAD    STATUS=INITIATE        8 CALLS        2812 TOTAL
                     EDM= unknown      STRATEGY= 1      NO ERROR MATRIX       
  EXT PARAMETER               CURRENT GUESS       STEP         FIRST   
  NO.   NAME      VALUE            ERROR          SIZE      DERIVATIVE 
   1  N0           3.08861e+06     fixed    
   2  tau          6.44002e+01   constant   
   3  A0           3.48223e-01     fixed    
   4  phi          4.13180e+00     fixed    
   5  R           -6.02574e+01   constant   
   6  A_CBO        1.14853e-03     fixed    
   7  w_CBO        2.32728e+00     fixed    
   8  phi_CBO      5.85325e-01     fixed    
   9  ANx2         2.45054e-04   constant   
  10  pNx2         5.52114e+00   constant   
  11  ANy1         0.00000e+00   constant   
  12  pNy1         0.00000e+00   constant   
  13  w_y          0.00000e+00   constant   
  14  ANy2         5.63669e-05     fixed    
  15  pNy2         3.05066e+00   constant   
  16  w_vw         1.43134e+01   constant   
  17  LM          -3.45580e-05   constant   
  18  wCBO_expCoeff   1.99999e+02   4.25090e-04   3.33121e-06  -3.05794e+03
  19  wCBO_expOffset   1.99999e+02   2.80660e-04   2.45073e-06  -2.88273e+04
  20  wCBO_expT    3.00001e+01   1.93213e-04   1.66442e-06  -1.17674e+04
  21  wCBO_linCoeff   0.00000e+00   constant   
  22  wCBO_const   3.85028e-03   2.35900e-03  -2.02221e-05  -3.33935e+03
 MIGRAD FAILS TO FIND IMPROVEMENT
 FCN=746.989 FROM HESSE     STATUS=NOT POSDEF     27 CALLS        2990 TOTAL
                     EDM=0.144305    STRATEGY= 1      ERR MATRIX NOT POS-DEF
  EXT PARAMETER                APPROXIMATE        STEP         FIRST   
  NO.   NAME      VALUE            ERROR          SIZE      DERIVATIVE 
   1  N0           3.08861e+06     fixed    
   2  tau          6.44002e+01   constant   
   3  A0           3.48223e-01     fixed    
   4  phi          4.13180e+00     fixed    
   5  R           -6.02574e+01   constant   
   6  A_CBO        1.14853e-03     fixed    
   7  w_CBO        2.32728e+00     fixed    
   8  phi_CBO      5.85325e-01     fixed    
   9  ANx2         2.45054e-04   constant   
  10  pNx2         5.52114e+00   constant   
  11  ANy1         0.00000e+00   constant   
  12  pNy1         0.00000e+00   constant   
  13  w_y          0.00000e+00   constant   
  14  ANy2         5.63669e-05     fixed    
  15  pNy2         3.05066e+00   constant   
  16  w_vw         1.43134e+01   constant   
  17  LM          -3.45580e-05   constant   
  18  wCBO_expCoeff   2.00000e+02   2.11229e-03   9.53673e-05   3.05812e+02
  19  wCBO_expOffset   2.00000e+02   8.55518e-05   9.53673e-05   2.02940e+03
  20  wCBO_expT    3.00007e+01   2.35360e-04   1.43054e-05   2.66239e+02
  21  wCBO_linCoeff   0.00000e+00   constant   
  22  wCBO_const  -1.37550e-03   2.57106e-03   4.55657e-06   3.56054e+01
 MIGRAD FAILS TO FIND IMPROVEMENT
 MIGRAD TERMINATED WITHOUT CONVERGENCE.
 FCN=746.783 FROM MIGRAD    STATUS=FAILED        265 CALLS        3069 TOTAL
                     EDM=0.0499156    STRATEGY= 1      ERR MATRIX NOT POS-DEF
  EXT PARAMETER                APPROXIMATE        STEP         FIRST   
  NO.   NAME      VALUE            ERROR          SIZE      DERIVATIVE 
   1  N0           3.08861e+06     fixed    
   2  tau          6.44002e+01   constant   
   3  A0           3.48223e-01     fixed    
   4  phi          4.13180e+00     fixed    
   5  R           -6.02574e+01   constant   
   6  A_CBO        1.14853e-03     fixed    
   7  w_CBO        2.32728e+00     fixed    
   8  phi_CBO      5.85325e-01     fixed    
   9  ANx2         2.45054e-04   constant   
  10  pNx2         5.52114e+00   constant   
  11  ANy1         0.00000e+00   constant   
  12  pNy1         0.00000e+00   constant   
  13  w_y          0.00000e+00   constant   
  14  ANy2         5.63669e-05     fixed    
  15  pNy2         3.05066e+00   constant   
  16  w_vw         1.43134e+01   constant   
  17  LM          -3.45580e-05   constant   
  18  wCBO_expCoeff   1.99999e+02   2.50569e-03   0.00000e+00  -2.38734e+01
  19  wCBO_expOffset   2.00000e+02   1.49635e-04   0.00000e+00  -3.46827e+03
  20  wCBO_expT    3.00006e+01   3.12944e-04   0.00000e+00   1.41356e+02
  21  wCBO_linCoeff   0.00000e+00   constant   
  22  wCBO_const  -7.51197e-06   3.34191e-03  -0.00000e+00  -2.96474e+01
 EXTERNAL ERROR MATRIX.    NDIM=  25    NPAR=  4    ERR DEF=1
  6.278e-06  2.976e-07  7.751e-07 -8.169e-06 
  2.976e-07  2.239e-08  3.998e-08 -4.388e-07 
  7.751e-07  3.998e-08  9.793e-08 -1.015e-06 
 -8.169e-06 -4.388e-07 -1.015e-06  1.117e-05 
ERR MATRIX NOT POS-DEF
 PARAMETER  CORRELATION COEFFICIENTS  
       NO.  GLOBAL     18     19     20     22
       18  0.99956   1.000  0.794  0.989 -0.976
       19  0.99455   0.794  1.000  0.854 -0.878
       20  0.99920   0.989  0.854  1.000 -0.971
       22  0.99843  -0.976 -0.878 -0.971  1.000
 ERR MATRIX NOT POS-DEF
MINUIT - FIT ONLY 2-y
 **********
 **   76 **RES 
 **********
                   PARAMETER   14  ANy2 RESTORED TO VARIABLE.
                   PARAMETER    8  phi_CBO RESTORED TO VARIABLE.
                   PARAMETER    7  w_CBO RESTORED TO VARIABLE.
                   PARAMETER    6  A_CBO RESTORED TO VARIABLE.
                   PARAMETER    4  phi RESTORED TO VARIABLE.
                   PARAMETER    3  A0 RESTORED TO VARIABLE.
                   PARAMETER    1  N0 RESTORED TO VARIABLE.
 **********
 **   77 **FIX            0
 **********
 PARAMETER    0  IS UNDEFINED. IGNORED.
 **********
 **   78 **FIX            1
 **********
 **********
 **   79 **FIX            2
 **********
 PARAMETER    2  IS CONSTANT.   IGNORED.
 **********
 **   80 **FIX            3
 **********
 **********
 **   81 **FIX            4
 **********
 **********
 **   82 **FIX            5
 **********
 PARAMETER    5  IS CONSTANT.   IGNORED.
 **********
 **   83 **FIX            6
 **********
 **********
 **   84 **FIX            7
 **********
 **********
 **   85 **FIX            8
 **********
 **********
 **   86 **FIX            9
 **********
 PARAMETER    9  IS CONSTANT.   IGNORED.
 **********
 **   87 **FIX           10
 **********
 PARAMETER   10  IS CONSTANT.   IGNORED.
 **********
 **   88 **FIX           11
 **********
 PARAMETER   11  IS CONSTANT.   IGNORED.
 **********
 **   89 **FIX           12
 **********
 PARAMETER   12  IS CONSTANT.   IGNORED.
 **********
 **   90 **FIX           16
 **********
 PARAMETER   16  IS CONSTANT.   IGNORED.
 **********
 **   91 **MIGRAD
 **********
 START MIGRAD MINIMIZATION.  STRATEGY  1.  CONVERGENCE WHEN EDM .LT. 1.00e-04
 FCN=746.783 FROM MIGRAD    STATUS=INITIATE       10 CALLS        3079 TOTAL
                     EDM= unknown      STRATEGY= 1      NO ERROR MATRIX       
  EXT PARAMETER               CURRENT GUESS       STEP         FIRST   
  NO.   NAME      VALUE            ERROR          SIZE      DERIVATIVE 
   1  N0           3.08861e+06     fixed    
   2  tau          6.44002e+01   constant   
   3  A0           3.48223e-01     fixed    
   4  phi          4.13180e+00     fixed    
   5  R           -6.02574e+01   constant   
   6  A_CBO        1.14853e-03     fixed    
   7  w_CBO        2.32728e+00     fixed    
   8  phi_CBO      5.85325e-01     fixed    
   9  ANx2         2.45054e-04   constant   
  10  pNx2         5.52114e+00   constant   
  11  ANy1         0.00000e+00   constant   
  12  pNy1         0.00000e+00   constant   
  13  w_y          0.00000e+00   constant   
  14  ANy2         5.63669e-05   1.31196e-04   1.31196e-04  -4.77681e+03
  15  pNy2         3.05066e+00   constant   
  16  w_vw         1.43134e+01   constant   
  17  LM          -3.45580e-05   constant   
  18  wCBO_expCoeff   1.99999e+02   2.50569e-03   0.00000e+00  -2.38734e+01
  19  wCBO_expOffset   2.00000e+02   1.49635e-04   0.00000e+00  -3.46827e+03
  20  wCBO_expT    3.00006e+01   3.12944e-04   0.00000e+00   1.41356e+02
  21  wCBO_linCoeff   0.00000e+00   constant   
  22  wCBO_const  -7.51197e-06   3.34191e-03  -0.00000e+00  -2.96474e+01
 MIGRAD FAILS TO FIND IMPROVEMENT
 FCN=746.514 FROM HESSE     STATUS=NOT POSDEF     37 CALLS        3138 TOTAL
                     EDM=0.000371436    STRATEGY= 1      ERR MATRIX NOT POS-DEF
  EXT PARAMETER                APPROXIMATE        STEP         FIRST   
  NO.   NAME      VALUE            ERROR          SIZE      DERIVATIVE 
