 + ++++++++++++++++++++++++++++++++++++++++++++++++++++++++++++++++++++ +
 +                                                                      +
 +           You have chose to blind your fitting according to          +
 +                omega_ref * (1 + (R +/- deltaR) *10^{-6})             +
 +                                                                      +
 + ++++++++++++++++++++++++++++++++++++++++++++++++++++++++++++++++++++ +
In main()...
reading format from /gm2data/zkhechad/run45/envelope/formats/formatB_sBin_constraintOn.txt
pBinTau 	= 0  
pBinPhi 	= 0  
constraintau 	= 1 
includeMopTerm 	= 0    
constrainMop    = 0   
Parameters after format file: pBinTau 0 pBinPhi 0 constraintau 1 includeMopTerm 0 constrainMop 0 c_e_scale 0.000000 
reading cbo reference file (full fit) from /gm2data/zkhechad/cboTemplates/Run4CBOTemplates/fullFits/run4/sBin_constraintOn_cE0.0_seed0_run4_calo7.root
A_CBO 0.010017 w_CBO 2.326795 phi_CBO 5.385454 N0 2934724.912691 R -61.426290 tau 64.406392 
Reading cboRef file /gm2data/zkhechad/cboTemplates/Run4CBOTemplates//cboIsolate/run4_calo7.root
deltaT 164.120000
windowBins = 1100
fitting sliding window 2420 from bin 2623 at 391.351600 to bin 3723 at 555.471600 (1100 bins)

Reading data from /gm2data/cornell/histograms/aMethod/histogram_a_run4.root
fitting cbo isolate
 **********
 **    1 **SET PRINTOUT            1
 **********
 **********
 **    2 **SET NOWARNINGS 
 **********
 PARAMETER DEFINITIONS:
    NO.   NAME         VALUE      STEP SIZE      LIMITS
     1 A_CBO        1.00169e-02  1.00000e-05     no limits
     2 w_CBO        2.32680e+00  1.00000e-02    2.00000e+00  3.00000e+00
     3 phi_CBO      5.38545e+00  1.00000e-02    0.00000e+00  6.28319e+00
 **********
 **    3 **MIGRAD
 **********
 FIRST CALL TO USER FUNCTION AT NEW START POINT, WITH IFLAG=4.
 START MIGRAD MINIMIZATION.  STRATEGY  1.  CONVERGENCE WHEN EDM .LT. 1.00e-04
 FCN=0.331163 FROM MIGRAD    STATUS=INITIATE       12 CALLS          13 TOTAL
                     EDM= unknown      STRATEGY= 1      NO ERROR MATRIX       
  EXT PARAMETER               CURRENT GUESS       STEP         FIRST   
  NO.   NAME      VALUE            ERROR          SIZE      DERIVATIVE 
   1  A_CBO        1.00169e-02   1.00000e-05   1.00000e-05   9.69443e+00
   2  w_CBO        2.32680e+00   1.00000e-02   2.13223e-02   2.76407e+00
   3  phi_CBO      5.38545e+00   1.00000e-02   4.54801e-03  -2.79085e-02
 MIGRAD MINIMIZATION HAS CONVERGED.
 MIGRAD WILL VERIFY CONVERGENCE AND ERROR MATRIX.
 COVARIANCE MATRIX CALCULATED SUCCESSFULLY
 FCN=0.287658 FROM MIGRAD    STATUS=CONVERGED      65 CALLS          66 TOTAL
                     EDM=9.58666e-05    STRATEGY= 1      ERROR MATRIX ACCURATE 
  EXT PARAMETER                                   STEP         FIRST   
  NO.   NAME      VALUE            ERROR          SIZE      DERIVATIVE 
   1  A_CBO        1.65870e-03   4.40802e-02   2.35968e-05  -4.38964e-02
   2  w_CBO        2.32584e+00   3.21910e-01   8.25247e-05   2.28746e-02
   3  phi_CBO      5.72068e+00   4.56219e+00   7.82596e-03  -4.68350e-05
 EXTERNAL ERROR MATRIX.    NDIM=  25    NPAR=  3    ERR DEF=1
  1.943e-03 -4.052e-03 -1.799e+00 
 -4.052e-03  1.259e-01  5.594e+01 
 -1.799e+00  5.594e+01  2.550e+04 
 PARAMETER  CORRELATION COEFFICIENTS  
       NO.  GLOBAL      1      2      3
        1  0.25906   1.000 -0.259 -0.256
        2  0.98735  -0.259  1.000  0.987
        3  0.98733  -0.256  0.987  1.000
setting A_CBO=0.001659 w_CBO=2.325844, phi_CBO=5.720684
done fitting cbo isolate
 **********
 **    1 **SET PRINTOUT            1
 **********
 **********
 **    2 **SET NOWARNINGS 
 **********
 PARAMETER DEFINITIONS:
    NO.   NAME         VALUE      STEP SIZE      LIMITS
     1 N0           2.93472e+06  1.00000e+02     no limits
     2 tau          6.44064e+01  constant
     3 A0           3.50200e-01  1.00000e-04     no limits
     4 phi          4.11726e+00  1.00000e-02     no limits
     5 R           -6.14263e+01  constant
     6 A_CBO        1.65870e-03  1.00000e-05     no limits
     7 w_CBO        2.32584e+00  1.00000e-03     no limits
     8 phi_CBO      5.72068e+00  1.00000e-04     no limits
     9 ANx2         5.09258e-04  constant
    10 pNx2         1.79030e-01  constant
    11 ANy1         0.00000e+00  constant
    12 pNy1         0.00000e+00  constant
    13 w_y          0.00000e+00  constant
    14 ANy2         8.95951e-03  1.00000e-04     no limits
    15 pNy2         6.17155e+00  constant
    16 w_vw         1.43200e+01  constant
    17 LM          -8.21731e-05  constant
    18 wCBO_expCoeff   2.00000e+02  1.00000e+00     no limits
    19 wCBO_expOffset   2.00000e+02  1.00000e+00     no limits
    20 wCBO_expT    3.00000e+01  1.00000e+00     no limits
    21 wCBO_linCoeff   0.00000e+00  constant
    22 wCBO_const   0.00000e+00  1.00000e-02     no limits
MINUIT - FIT ONLY WIGGLE
 **********
 **    3 **FIX            5
 **********
 PARAMETER    5  IS CONSTANT.   IGNORED.
 **********
 **    4 **FIX            6
 **********
 **********
 **    5 **FIX            7
 **********
 **********
 **    6 **FIX            8
 **********
 **********
 **    7 **FIX            9
 **********
 PARAMETER    9  IS CONSTANT.   IGNORED.
 **********
 **    8 **FIX           10
 **********
 PARAMETER   10  IS CONSTANT.   IGNORED.
 **********
 **    9 **FIX           11
 **********
 PARAMETER   11  IS CONSTANT.   IGNORED.
 **********
 **   10 **FIX           12
 **********
 PARAMETER   12  IS CONSTANT.   IGNORED.
 **********
 **   11 **FIX           13
 **********
 PARAMETER   13  IS CONSTANT.   IGNORED.
 **********
 **   12 **FIX           14
 **********
 **********
 **   13 **FIX           15
 **********
 PARAMETER   15  IS CONSTANT.   IGNORED.
 **********
 **   14 **FIX           16
 **********
 PARAMETER   16  IS CONSTANT.   IGNORED.
 **********
 **   15 **MIGRAD
 **********
 FIRST CALL TO USER FUNCTION AT NEW START POINT, WITH IFLAG=4.
 START MIGRAD MINIMIZATION.  STRATEGY  1.  CONVERGENCE WHEN EDM .LT. 1.00e-04
 FCN=385.481 FROM MIGRAD    STATUS=INITIATE       55 CALLS          56 TOTAL
                     EDM= unknown      STRATEGY= 1      NO ERROR MATRIX       
  EXT PARAMETER               CURRENT GUESS       STEP         FIRST   
  NO.   NAME      VALUE            ERROR          SIZE      DERIVATIVE 
   1  N0           2.93472e+06   1.00000e+02   0.00000e+00   7.37386e-04
   2  tau          6.44064e+01   constant   
   3  A0           3.50200e-01   1.00000e-04   0.00000e+00  -1.32717e+03
   4  phi          4.11726e+00   1.00000e-02   0.00000e+00   3.67645e+02
   5  R           -6.14263e+01   constant   
   6  A_CBO        1.65870e-03     fixed    
   7  w_CBO        2.32584e+00     fixed    
   8  phi_CBO      5.72068e+00     fixed    
   9  ANx2         5.09258e-04   constant   
  10  pNx2         1.79030e-01   constant   
  11  ANy1         0.00000e+00   constant   
  12  pNy1         0.00000e+00   constant   
  13  w_y          0.00000e+00   constant   
  14  ANy2         8.95951e-03     fixed    
  15  pNy2         6.17155e+00   constant   
  16  w_vw         1.43200e+01   constant   
  17  LM          -8.21731e-05   constant   
  18  wCBO_expCoeff   2.02296e+02   1.00000e+00   2.29568e+00  -4.90987e-03
  19  wCBO_expOffset   2.00000e+02   1.00000e+00   0.00000e+00  -3.31022e-02
  20  wCBO_expT    3.00000e+01   1.00000e+00   0.00000e+00  -5.34084e-01
  21  wCBO_linCoeff   0.00000e+00   constant   
  22  wCBO_const   0.00000e+00   1.00000e-02   0.00000e+00   1.39876e+02
 MIGRAD MINIMIZATION HAS CONVERGED.
 FCN=382.922 FROM MIGRAD    STATUS=CONVERGED     427 CALLS         428 TOTAL
                     EDM=3.2697e-07    STRATEGY= 1  ERROR MATRIX UNCERTAINTY   1.3 per cent
  EXT PARAMETER                                   STEP         FIRST   
  NO.   NAME      VALUE            ERROR          SIZE      DERIVATIVE 
   1  N0           2.93349e+06   2.10355e+03  -3.93451e+00   1.41227e-07
   2  tau          6.44064e+01   constant   
   3  A0           3.50863e-01   9.55094e-04  -6.98033e-07   7.06074e-01
   4  phi          4.11567e+00   2.85135e-03  -1.30191e-06  -1.59667e-01
   5  R           -6.14263e+01   constant   
   6  A_CBO        1.65870e-03     fixed    
   7  w_CBO        2.32584e+00     fixed    
   8  phi_CBO      5.72068e+00     fixed    
   9  ANx2         5.09258e-04   constant   
  10  pNx2         1.79030e-01   constant   
  11  ANy1         0.00000e+00   constant   
  12  pNy1         0.00000e+00   constant   
  13  w_y          0.00000e+00   constant   
  14  ANy2         8.95951e-03     fixed    
  15  pNy2         6.17155e+00   constant   
  16  w_vw         1.43200e+01   constant   
  17  LM          -8.21731e-05   constant   
  18  wCBO_expCoeff   2.07054e+02   5.35305e+00   1.07258e-02   7.46141e-04
  19  wCBO_expOffset   2.04503e+02   2.69529e+00   6.52799e-03   5.29567e-03
  20  wCBO_expT    2.91906e+01   4.28671e-01  -1.27947e-03   3.31214e-02
  21  wCBO_linCoeff   0.00000e+00   constant   
  22  wCBO_const   7.94944e-04   1.14264e-03   2.77528e-06   2.87945e-01
 EXTERNAL ERROR MATRIX.    NDIM=  25    NPAR=  7    ERR DEF=1
  4.425e+06  2.851e-02 -1.152e-01 -6.224e+03  1.327e+03 -6.963e+01  8.665e-02 
  2.851e-02  9.122e-07 -4.016e-08 -1.791e-03  9.239e-06  3.696e-05 -1.112e-09 
 -1.152e-01 -4.016e-08  8.130e-06  7.853e-03 -1.615e-03  8.167e-05 -1.800e-07 
 -6.224e+03 -1.791e-03  7.853e-03  2.866e+01 -1.207e+00 -4.348e-01 -8.752e-04 
  1.327e+03  9.239e-06 -1.615e-03 -1.207e+00  7.265e+00 -1.111e+00  2.374e-03 
 -6.963e+01  3.696e-05  8.167e-05 -4.348e-01 -1.111e+00  1.838e-01 -3.623e-04 
  8.665e-02 -1.112e-09 -1.800e-07 -8.752e-04  2.374e-03 -3.623e-04  1.306e-06 
 PARAMETER  CORRELATION COEFFICIENTS  
       NO.  GLOBAL      1      3      4     18     19     20     22
        1  0.98191   1.000  0.014 -0.019 -0.553  0.234 -0.077  0.036
        3  0.92739   0.014  1.000 -0.015 -0.350  0.004  0.090 -0.001
        4  0.97895  -0.019 -0.015  1.000  0.514 -0.210  0.067 -0.055
       18  0.99964  -0.553 -0.350  0.514  1.000 -0.084 -0.189 -0.143
       19  0.99995   0.234  0.004 -0.210 -0.084  1.000 -0.962  0.771
       20  0.99996  -0.077  0.090  0.067 -0.189 -0.962  1.000 -0.740
       22  0.99490   0.036 -0.001 -0.055 -0.143  0.771 -0.740  1.000
MINUIT - FIT ONLY 1-CBO + other amplitudes 
 **********
 **   16 **RES 
 **********
                   PARAMETER   14  ANy2 RESTORED TO VARIABLE.
                   PARAMETER    8  phi_CBO RESTORED TO VARIABLE.
                   PARAMETER    7  w_CBO RESTORED TO VARIABLE.
                   PARAMETER    6  A_CBO RESTORED TO VARIABLE.
 **********
 **   17 **FIX            0
 **********
 PARAMETER    0  IS UNDEFINED. IGNORED.
 **********
 **   18 **FIX            1
 **********
 **********
 **   19 **FIX            2
 **********
 PARAMETER    2  IS CONSTANT.   IGNORED.
 **********
 **   20 **FIX            3
 **********
 **********
 **   21 **FIX            4
 **********
 **********
 **   22 **FIX            9
 **********
 PARAMETER    9  IS CONSTANT.   IGNORED.
 **********
 **   23 **FIX           11
 **********
 PARAMETER   11  IS CONSTANT.   IGNORED.
 **********
 **   24 **FIX           12
 **********
 PARAMETER   12  IS CONSTANT.   IGNORED.
 **********
 **   25 **FIX           14
 **********
 **********
 **   26 **FIX           15
 **********
 PARAMETER   15  IS CONSTANT.   IGNORED.
 **********
 **   27 **FIX           16
 **********
 PARAMETER   16  IS CONSTANT.   IGNORED.
 **********
 **   28 **MIGRAD
 **********
 START MIGRAD MINIMIZATION.  STRATEGY  1.  CONVERGENCE WHEN EDM .LT. 1.00e-04
 FCN=382.922 FROM MIGRAD    STATUS=INITIATE       18 CALLS         446 TOTAL
                     EDM= unknown      STRATEGY= 1      NO ERROR MATRIX       
  EXT PARAMETER               CURRENT GUESS       STEP         FIRST   
  NO.   NAME      VALUE            ERROR          SIZE      DERIVATIVE 
   1  N0           2.93349e+06     fixed    
   2  tau          6.44064e+01   constant   
   3  A0           3.50863e-01     fixed    
   4  phi          4.11567e+00     fixed    
   5  R           -6.14263e+01   constant   
   6  A_CBO        1.65870e-03   1.00000e-05   1.00000e-05   1.43401e+03
   7  w_CBO        2.32584e+00   1.00000e-03   1.00000e-03   1.89659e-01
   8  phi_CBO      5.72068e+00   1.00000e-04   1.00000e-04   2.68111e-01
   9  ANx2         5.09258e-04   constant   
  10  pNx2         1.79030e-01   constant   
  11  ANy1         0.00000e+00   constant   
  12  pNy1         0.00000e+00   constant   
  13  w_y          0.00000e+00   constant   
  14  ANy2         8.95951e-03     fixed    
  15  pNy2         6.17155e+00   constant   
  16  w_vw         1.43200e+01   constant   
  17  LM          -8.21731e-05   constant   
  18  wCBO_expCoeff   2.07054e+02   5.35305e+00   1.07258e-02   7.46138e-04
  19  wCBO_expOffset   2.04503e+02   2.69529e+00   6.52799e-03   5.29564e-03
  20  wCBO_expT    2.91906e+01   4.28671e-01  -1.27947e-03   3.31213e-02
  21  wCBO_linCoeff   0.00000e+00   constant   
  22  wCBO_const   7.94944e-04   1.14264e-03   2.77528e-06   2.87948e-01
 MIGRAD MINIMIZATION HAS CONVERGED.
 MIGRAD WILL VERIFY CONVERGENCE AND ERROR MATRIX.
 FCN=382.315 FROM MIGRAD    STATUS=CONVERGED     219 CALLS         647 TOTAL
                     EDM=1.72766e-06    STRATEGY= 1      ERR MATRIX NOT POS-DEF
  EXT PARAMETER                APPROXIMATE        STEP         FIRST   
  NO.   NAME      VALUE            ERROR          SIZE      DERIVATIVE 
   1  N0           2.93349e+06     fixed    
   2  tau          6.44064e+01   constant   
   3  A0           3.50863e-01     fixed    
   4  phi          4.11567e+00     fixed    
   5  R           -6.14263e+01   constant   
   6  A_CBO        8.13734e-04   1.02853e-03   9.75794e-06  -7.77326e-01
   7  w_CBO        2.32657e+00   1.18220e-02   1.04569e-05   9.46452e-01
   8  phi_CBO      5.63326e+00   1.56041e+00   1.16897e-02  -7.62033e-05
   9  ANx2         5.09258e-04   constant   
  10  pNx2         1.79030e-01   constant   
  11  ANy1         0.00000e+00   constant   
  12  pNy1         0.00000e+00   constant   
  13  w_y          0.00000e+00   constant   
  14  ANy2         8.95951e-03     fixed    
  15  pNy2         6.17155e+00   constant   
  16  w_vw         1.43200e+01   constant   
  17  LM          -8.21731e-05   constant   
  18  wCBO_expCoeff   2.09840e+02   6.34833e+00   5.13890e-03   7.74565e-04
  19  wCBO_expOffset   2.04896e+02   8.79755e-01   7.12177e-04   5.59185e-03
  20  wCBO_expT    2.90670e+01   1.32100e-01   1.08201e-04   4.28695e-02
  21  wCBO_linCoeff   0.00000e+00   constant   
  22  wCBO_const   6.78364e-04   5.09650e-03   5.28820e-06   2.03813e+00
 EXTERNAL ERROR MATRIX.    NDIM=  25    NPAR=  7    ERR DEF=1
  1.058e-06 -1.638e-07 -1.264e-04 -3.352e-04 -4.650e-05  1.636e-05 -4.594e-08 
 -1.638e-07  1.398e-04  1.045e-03 -3.823e-03 -5.336e-04 -1.247e-04 -5.870e-05 
 -1.264e-04  1.045e-03  2.435e+00 -5.241e-02 -7.447e-03 -1.404e-02  6.312e-04 
 -3.352e-04 -3.823e-03 -5.241e-02  4.030e+01 -3.016e+00 -3.900e-01  2.219e-03 
 -4.650e-05 -5.336e-04 -7.447e-03 -3.016e+00  7.740e-01 -5.412e-02  3.090e-04 
  1.636e-05 -1.247e-04 -1.404e-02 -3.900e-01 -5.412e-02  1.745e-02  6.738e-06 
 -4.594e-08 -5.870e-05  6.312e-04  2.219e-03  3.090e-04  6.738e-06  2.597e-05 
ERR MATRIX NOT POS-DEF
 PARAMETER  CORRELATION COEFFICIENTS  
       NO.  GLOBAL      6      7      8     18     19     20     22
        6  0.14296   1.000 -0.013 -0.079 -0.051 -0.051  0.120 -0.009
        7  0.99574  -0.013  1.000  0.057 -0.051 -0.051 -0.080 -0.974
        8  0.62086  -0.079  0.057  1.000 -0.005 -0.005 -0.068  0.079
       18  0.99643  -0.051 -0.051 -0.005  1.000 -0.540 -0.465  0.069
       19  0.99643  -0.051 -0.051 -0.005 -0.540  1.000 -0.466  0.069
       20  0.99635   0.120 -0.080 -0.068 -0.465 -0.466  1.000  0.010
       22  0.99414  -0.009 -0.974  0.079  0.069  0.069  0.010  1.000
 ERR MATRIX NOT POS-DEF
MINUIT - FIT ONLY 1-CBO
 **********
 **   29 **RES 
 **********
                   PARAMETER   14  ANy2 RESTORED TO VARIABLE.
                   PARAMETER    4  phi RESTORED TO VARIABLE.
                   PARAMETER    3  A0 RESTORED TO VARIABLE.
                   PARAMETER    1  N0 RESTORED TO VARIABLE.
 **********
 **   30 **FIX            0
 **********
 PARAMETER    0  IS UNDEFINED. IGNORED.
 **********
 **   31 **FIX            1
 **********
 **********
 **   32 **FIX            2
 **********
 PARAMETER    2  IS CONSTANT.   IGNORED.
 **********
 **   33 **FIX            3
 **********
 **********
 **   34 **FIX            4
 **********
 **********
 **   35 **FIX            8
 **********
 **********
 **   36 **FIX            9
 **********
 PARAMETER    9  IS CONSTANT.   IGNORED.
 **********
 **   37 **FIX           11
 **********
 PARAMETER   11  IS CONSTANT.   IGNORED.
 **********
 **   38 **FIX           12
 **********
 PARAMETER   12  IS CONSTANT.   IGNORED.
 **********
 **   39 **FIX           13
 **********
 PARAMETER   13  IS CONSTANT.   IGNORED.
 **********
 **   40 **FIX           15
 **********
 PARAMETER   15  IS CONSTANT.   IGNORED.
 **********
 **   41 **FIX           16
 **********
 PARAMETER   16  IS CONSTANT.   IGNORED.
 **********
 **   42 **MIGRAD
 **********
 START MIGRAD MINIMIZATION.  STRATEGY  1.  CONVERGENCE WHEN EDM .LT. 1.00e-04
 FCN=382.315 FROM MIGRAD    STATUS=INITIATE       16 CALLS         663 TOTAL
                     EDM= unknown      STRATEGY= 1      NO ERROR MATRIX       
  EXT PARAMETER               CURRENT GUESS       STEP         FIRST   
  NO.   NAME      VALUE            ERROR          SIZE      DERIVATIVE 
   1  N0           2.93349e+06     fixed    
   2  tau          6.44064e+01   constant   
   3  A0           3.50863e-01     fixed    
   4  phi          4.11567e+00     fixed    
   5  R           -6.14263e+01   constant   
   6  A_CBO        8.13734e-04   1.02853e-03   9.75794e-06  -7.77325e-01
   7  w_CBO        2.32657e+00   1.18220e-02   1.04569e-05   9.46403e-01
   8  phi_CBO      5.63326e+00     fixed    
   9  ANx2         5.09258e-04   constant   
  10  pNx2         1.79030e-01   constant   
  11  ANy1         0.00000e+00   constant   
  12  pNy1         0.00000e+00   constant   
  13  w_y          0.00000e+00   constant   
  14  ANy2         8.95951e-03   1.00000e-04   1.00000e-04   1.64599e+04
  15  pNy2         6.17155e+00   constant   
  16  w_vw         1.43200e+01   constant   
  17  LM          -8.21731e-05   constant   
  18  wCBO_expCoeff   2.09840e+02   6.34833e+00   5.13890e-03   7.76680e-04
  19  wCBO_expOffset   2.04896e+02   8.79755e-01   7.12177e-04   5.61014e-03
  20  wCBO_expT    2.90670e+01   1.32100e-01   1.08201e-04   4.29436e-02
  21  wCBO_linCoeff   0.00000e+00   constant   
  22  wCBO_const   6.78364e-04   5.09650e-03   5.28820e-06   2.03899e+00
 MIGRAD MINIMIZATION HAS CONVERGED.
 MIGRAD WILL VERIFY CONVERGENCE AND ERROR MATRIX.
 FCN=313.195 FROM HESSE     STATUS=NOT POSDEF     50 CALLS         776 TOTAL
                     EDM=0.000500074    STRATEGY= 1      ERR MATRIX NOT POS-DEF
  EXT PARAMETER                APPROXIMATE        STEP         FIRST   
  NO.   NAME      VALUE            ERROR          SIZE      DERIVATIVE 
   1  N0           2.93349e+06     fixed    
   2  tau          6.44064e+01   constant   
   3  A0           3.50863e-01     fixed    
   4  phi          4.11567e+00     fixed    
   5  R           -6.14263e+01   constant   
   6  A_CBO        8.29237e-04   1.03120e-03   8.83419e-06  -2.15953e-01
   7  w_CBO        2.32657e+00   1.41262e-02   1.08475e-05   1.00820e+00
   8  phi_CBO      5.63326e+00     fixed    
   9  ANx2         5.09258e-04   constant   
  10  pNx2         1.79030e-01   constant   
  11  ANy1         0.00000e+00   constant   
  12  pNy1         0.00000e+00   constant   
  13  w_y          0.00000e+00   constant   
  14  ANy2         5.60925e-04   1.00794e-03   8.74325e-06  -9.05669e-03
  15  pNy2         6.17155e+00   constant   
  16  w_vw         1.43200e+01   constant   
  17  LM          -8.21731e-05   constant   
  18  wCBO_expCoeff   2.09835e+02   8.51528e+00   6.22075e-03   2.04460e-03
  19  wCBO_expOffset   2.04895e+02   1.18005e+00   8.61718e-04   1.47601e-02
  20  wCBO_expT    2.90670e+01   1.74235e-01   1.28970e-04  -1.57707e-01
  21  wCBO_linCoeff   0.00000e+00   constant   
  22  wCBO_const   6.84018e-04   6.07412e-03   5.30235e-06   1.91535e+00
 MIGRAD MINIMIZATION HAS CONVERGED.
 MIGRAD WILL VERIFY CONVERGENCE AND ERROR MATRIX.
 FCN=313.188 FROM MIGRAD    STATUS=CONVERGED     211 CALLS         858 TOTAL
                     EDM=1.33195e-06    STRATEGY= 1      ERR MATRIX NOT POS-DEF
  EXT PARAMETER                APPROXIMATE        STEP         FIRST   
  NO.   NAME      VALUE            ERROR          SIZE      DERIVATIVE 
   1  N0           2.93349e+06     fixed    
   2  tau          6.44064e+01   constant   
   3  A0           3.50863e-01     fixed    
   4  phi          4.11567e+00     fixed    
   5  R           -6.14263e+01   constant   
   6  A_CBO        8.74997e-04   1.03170e-03   8.86582e-06   7.08639e-02
   7  w_CBO        2.32626e+00   1.37656e-02   1.09795e-05  -8.96677e-01
   8  phi_CBO      5.63326e+00     fixed    
   9  ANx2         5.09258e-04   constant   
  10  pNx2         1.79030e-01   constant   
  11  ANy1         0.00000e+00   constant   
  12  pNy1         0.00000e+00   constant   
  13  w_y          0.00000e+00   constant   
  14  ANy2         5.59573e-04   1.00780e-03   8.74316e-06  -7.06031e-02
  15  pNy2         6.17155e+00   constant   
  16  w_vw         1.43200e+01   constant   
  17  LM          -8.21731e-05   constant   
  18  wCBO_expCoeff   2.08579e+02   8.60567e+00   6.19823e-03  -3.84748e-04
  19  wCBO_expOffset   2.04719e+02   1.20227e+00   8.65433e-04  -2.75557e-03
  20  wCBO_expT    2.91219e+01   1.76188e-01   1.29496e-04  -2.44263e-02
  21  wCBO_linCoeff   0.00000e+00   constant   
  22  wCBO_const   7.09979e-04   5.92158e-03   5.38644e-06  -2.00417e+00
 EXTERNAL ERROR MATRIX.    NDIM=  25    NPAR=  7    ERR DEF=1
  1.064e-06 -1.330e-07 -2.560e-09 -5.312e-04 -7.436e-05  2.413e-05 -1.602e-08 
 -1.330e-07  1.895e-04  2.983e-09 -4.880e-03 -6.882e-04 -1.701e-04 -8.037e-05 
 -2.560e-09  2.983e-09  1.016e-06  2.441e-05  3.420e-06 -8.636e-07 -2.715e-09 
 -5.312e-04 -4.880e-03  2.441e-05  7.406e+01 -5.682e+00 -7.042e-01  3.189e-03 
 -7.436e-05 -6.882e-04  3.420e-06 -5.682e+00  1.445e+00 -9.858e-02  4.484e-04 
  2.413e-05 -1.701e-04 -8.636e-07 -7.042e-01 -9.858e-02  3.104e-02  7.818e-06 
 -1.602e-08 -8.037e-05 -2.715e-09  3.189e-03  4.484e-04  7.818e-06  3.507e-05 
ERR MATRIX NOT POS-DEF
 PARAMETER  CORRELATION COEFFICIENTS  
       NO.  GLOBAL      6      7     14     18     19     20     22
        6  0.13601   1.000 -0.009 -0.002 -0.060 -0.060  0.133 -0.003
        7  0.99576  -0.009  1.000  0.000 -0.041 -0.042 -0.070 -0.986
       14  0.01132  -0.002  0.000  1.000  0.003  0.003 -0.005 -0.000
       18  0.99655  -0.060 -0.041  0.003  1.000 -0.549 -0.464  0.063
       19  0.99655  -0.060 -0.042  0.003 -0.549  1.000 -0.465  0.063
       20  0.99640   0.133 -0.070 -0.005 -0.464 -0.465  1.000  0.007
       22  0.99448  -0.003 -0.986 -0.000  0.063  0.063  0.007  1.000
 ERR MATRIX NOT POS-DEF
MINUIT - FIT ONLY 2-CBO
 **********
 **   43 **RES 
 **********
                   PARAMETER    8  phi_CBO RESTORED TO VARIABLE.
                   PARAMETER    4  phi RESTORED TO VARIABLE.
                   PARAMETER    3  A0 RESTORED TO VARIABLE.
                   PARAMETER    1  N0 RESTORED TO VARIABLE.
 **********
 **   44 **FIX            0
 **********
 PARAMETER    0  IS UNDEFINED. IGNORED.
 **********
 **   45 **FIX            1
 **********
 **********
 **   46 **FIX            2
 **********
 PARAMETER    2  IS CONSTANT.   IGNORED.
 **********
 **   47 **FIX            3
 **********
 **********
 **   48 **FIX            4
 **********
 **********
 **   49 **FIX            5
 **********
 PARAMETER    5  IS CONSTANT.   IGNORED.
 **********
 **   50 **FIX            6
 **********
 **********
 **   51 **FIX            7
 **********
 **********
 **   52 **FIX           10
 **********
 PARAMETER   10  IS CONSTANT.   IGNORED.
 **********
 **   53 **FIX           11
 **********
 PARAMETER   11  IS CONSTANT.   IGNORED.
 **********
 **   54 **FIX           12
 **********
 PARAMETER   12  IS CONSTANT.   IGNORED.
 **********
 **   55 **FIX           13
 **********
 PARAMETER   13  IS CONSTANT.   IGNORED.
 **********
 **   56 **FIX           14
 **********
 **********
 **   57 **FIX           15
 **********
 PARAMETER   15  IS CONSTANT.   IGNORED.
 **********
 **   58 **FIX           16
 **********
 PARAMETER   16  IS CONSTANT.   IGNORED.
 **********
 **   59 **MIGRAD
 **********
 START MIGRAD MINIMIZATION.  STRATEGY  1.  CONVERGENCE WHEN EDM .LT. 1.00e-04
 FCN=313.188 FROM MIGRAD    STATUS=INITIATE       10 CALLS         868 TOTAL
                     EDM= unknown      STRATEGY= 1      NO ERROR MATRIX       
  EXT PARAMETER               CURRENT GUESS       STEP         FIRST   
  NO.   NAME      VALUE            ERROR          SIZE      DERIVATIVE 
   1  N0           2.93349e+06     fixed    
   2  tau          6.44064e+01   constant   
   3  A0           3.50863e-01     fixed    
   4  phi          4.11567e+00     fixed    
   5  R           -6.14263e+01   constant   
   6  A_CBO        8.74997e-04     fixed    
   7  w_CBO        2.32626e+00     fixed    
   8  phi_CBO      5.63326e+00   1.56041e+00   1.56041e+00   3.12808e-02
   9  ANx2         5.09258e-04   constant   
  10  pNx2         1.79030e-01   constant   
  11  ANy1         0.00000e+00   constant   
  12  pNy1         0.00000e+00   constant   
  13  w_y          0.00000e+00   constant   
  14  ANy2         5.59573e-04     fixed    
  15  pNy2         6.17155e+00   constant   
  16  w_vw         1.43200e+01   constant   
  17  LM          -8.21731e-05   constant   
  18  wCBO_expCoeff   2.08579e+02   8.60567e+00   6.19823e-03  -3.83043e-04
  19  wCBO_expOffset   2.04719e+02   1.20227e+00   8.65433e-04  -2.74088e-03
  20  wCBO_expT    2.91219e+01   1.76188e-01   1.29496e-04  -2.43660e-02
  21  wCBO_linCoeff   0.00000e+00   constant   
  22  wCBO_const   7.09979e-04   5.92158e-03   5.38644e-06  -2.00318e+00
 MIGRAD MINIMIZATION HAS CONVERGED.
 MIGRAD WILL VERIFY CONVERGENCE AND ERROR MATRIX.
 FCN=313.187 FROM MIGRAD    STATUS=CONVERGED      77 CALLS         935 TOTAL
                     EDM=1.05353e-05    STRATEGY= 1      ERR MATRIX NOT POS-DEF
  EXT PARAMETER                APPROXIMATE        STEP         FIRST   
  NO.   NAME      VALUE            ERROR          SIZE      DERIVATIVE 
   1  N0           2.93349e+06     fixed    
   2  tau          6.44064e+01   constant   
   3  A0           3.50863e-01     fixed    
   4  phi          4.11567e+00     fixed    
   5  R           -6.14263e+01   constant   
   6  A_CBO        8.74997e-04     fixed    
   7  w_CBO        2.32626e+00     fixed    
   8  phi_CBO      5.59954e+00   1.48848e+00   9.82606e-03   4.09792e-05
   9  ANx2         5.09258e-04   constant   
  10  pNx2         1.79030e-01   constant   
  11  ANy1         0.00000e+00   constant   
  12  pNy1         0.00000e+00   constant   
  13  w_y          0.00000e+00   constant   
  14  ANy2         5.59573e-04     fixed    
  15  pNy2         6.17155e+00   constant   
  16  w_vw         1.43200e+01   constant   
  17  LM          -8.21731e-05   constant   
  18  wCBO_expCoeff   2.08582e+02   9.32591e+00   6.20578e-03   1.44025e-04
  19  wCBO_expOffset   2.04720e+02   1.30291e+00   8.66464e-04   1.03166e-03
  20  wCBO_expT    2.91220e+01   1.88739e-01   1.29628e-04  -1.74813e-02
  21  wCBO_linCoeff   0.00000e+00   constant   
  22  wCBO_const   6.93922e-04   1.26467e-03   5.39373e-06   8.39250e-02
 EXTERNAL ERROR MATRIX.    NDIM=  25    NPAR=  5    ERR DEF=1
  2.216e+00  3.342e-01  4.659e-02 -2.771e-02  1.147e-03 
  3.342e-01  8.697e+01 -6.852e+00 -8.140e-01  1.495e-03 
  4.659e-02 -6.852e+00  1.698e+00 -1.140e-01  2.090e-04 
 -2.771e-02 -8.140e-01 -1.140e-01  3.562e-02 -8.767e-05 
  1.147e-03  1.495e-03  2.090e-04 -8.767e-05  1.599e-06 
ERR MATRIX NOT POS-DEF
 PARAMETER  CORRELATION COEFFICIENTS  
       NO.  GLOBAL      8     18     19     20     22
        8  0.64902   1.000  0.024  0.024 -0.099  0.609
       18  0.99705   0.024  1.000 -0.564 -0.462  0.127
       19  0.99706   0.024 -0.564  1.000 -0.463  0.127
       20  0.99686  -0.099 -0.462 -0.463  1.000 -0.367
       22  0.87047   0.609  0.127  0.127 -0.367  1.000
 ERR MATRIX NOT POS-DEF
MINUIT - FIT ONLY 1-y
 **********
 **   60 **RES 
 **********
                   PARAMETER   14  ANy2 RESTORED TO VARIABLE.
                   PARAMETER    7  w_CBO RESTORED TO VARIABLE.
                   PARAMETER    6  A_CBO RESTORED TO VARIABLE.
                   PARAMETER    4  phi RESTORED TO VARIABLE.
                   PARAMETER    3  A0 RESTORED TO VARIABLE.
                   PARAMETER    1  N0 RESTORED TO VARIABLE.
 **********
 **   61 **FIX            0
 **********
 PARAMETER    0  IS UNDEFINED. IGNORED.
 **********
 **   62 **FIX            1
 **********
 **********
 **   63 **FIX            2
 **********
 PARAMETER    2  IS CONSTANT.   IGNORED.
 **********
 **   64 **FIX            3
 **********
 **********
 **   65 **FIX            4
 **********
 **********
 **   66 **FIX            5
 **********
 PARAMETER    5  IS CONSTANT.   IGNORED.
 **********
 **   67 **FIX            6
 **********
 **********
 **   68 **FIX            7
 **********
 **********
 **   69 **FIX            8
 **********
 **********
 **   70 **FIX            9
 **********
 PARAMETER    9  IS CONSTANT.   IGNORED.
 **********
 **   71 **FIX           13
 **********
 PARAMETER   13  IS CONSTANT.   IGNORED.
 **********
 **   72 **FIX           14
 **********
 **********
 **   73 **FIX           15
 **********
 PARAMETER   15  IS CONSTANT.   IGNORED.
 **********
 **   74 **FIX           16
 **********
 PARAMETER   16  IS CONSTANT.   IGNORED.
 **********
 **   75 **MIGRAD
 **********
 START MIGRAD MINIMIZATION.  STRATEGY  1.  CONVERGENCE WHEN EDM .LT. 1.00e-04
 FCN=313.187 FROM MIGRAD    STATUS=INITIATE        8 CALLS         943 TOTAL
                     EDM= unknown      STRATEGY= 1      NO ERROR MATRIX       
  EXT PARAMETER               CURRENT GUESS       STEP         FIRST   
  NO.   NAME      VALUE            ERROR          SIZE      DERIVATIVE 
   1  N0           2.93349e+06     fixed    
   2  tau          6.44064e+01   constant   
   3  A0           3.50863e-01     fixed    
   4  phi          4.11567e+00     fixed    
   5  R           -6.14263e+01   constant   
   6  A_CBO        8.74997e-04     fixed    
   7  w_CBO        2.32626e+00     fixed    
   8  phi_CBO      5.59954e+00     fixed    
   9  ANx2         5.09258e-04   constant   
  10  pNx2         1.79030e-01   constant   
  11  ANy1         0.00000e+00   constant   
  12  pNy1         0.00000e+00   constant   
  13  w_y          0.00000e+00   constant   
  14  ANy2         5.59573e-04     fixed    
  15  pNy2         6.17155e+00   constant   
  16  w_vw         1.43200e+01   constant   
  17  LM          -8.21731e-05   constant   
  18  wCBO_expCoeff   2.08582e+02   9.32591e+00   6.20578e-03   1.45989e-04
  19  wCBO_expOffset   2.04720e+02   1.30291e+00   8.66464e-04   1.04820e-03
  20  wCBO_expT    2.91220e+01   1.88739e-01   1.29628e-04  -1.74086e-02
  21  wCBO_linCoeff   0.00000e+00   constant   
  22  wCBO_const   6.93922e-04   1.26467e-03   5.39373e-06   8.51236e-02
 MIGRAD MINIMIZATION HAS CONVERGED.
 MIGRAD WILL VERIFY CONVERGENCE AND ERROR MATRIX.
 FCN=313.187 FROM MIGRAD    STATUS=CONVERGED      44 CALLS         979 TOTAL
                     EDM=1.40281e-05    STRATEGY= 1      ERR MATRIX NOT POS-DEF
  EXT PARAMETER                APPROXIMATE        STEP         FIRST   
  NO.   NAME      VALUE            ERROR          SIZE      DERIVATIVE 
   1  N0           2.93349e+06     fixed    
   2  tau          6.44064e+01   constant   
   3  A0           3.50863e-01     fixed    
   4  phi          4.11567e+00     fixed    
   5  R           -6.14263e+01   constant   
   6  A_CBO        8.74997e-04     fixed    
   7  w_CBO        2.32626e+00     fixed    
   8  phi_CBO      5.59954e+00     fixed    
   9  ANx2         5.09258e-04   constant   
  10  pNx2         1.79030e-01   constant   
  11  ANy1         0.00000e+00   constant   
  12  pNy1         0.00000e+00   constant   
  13  w_y          0.00000e+00   constant   
  14  ANy2         5.59573e-04     fixed    
  15  pNy2         6.17155e+00   constant   
  16  w_vw         1.43200e+01   constant   
  17  LM          -8.21731e-05   constant   
  18  wCBO_expCoeff   2.08578e+02   9.49460e+00   6.20452e-03   1.75612e-03
  19  wCBO_expOffset   2.04719e+02   1.32633e+00   8.66267e-04   1.25778e-02
  20  wCBO_expT    2.91222e+01   1.90903e-01   1.29587e-04   5.49006e-02
  21  wCBO_linCoeff   0.00000e+00   constant   
  22  wCBO_const   6.92257e-04   1.00580e-03   5.39906e-06  -1.49502e+00
 EXTERNAL ERROR MATRIX.    NDIM=  25    NPAR=  4    ERR DEF=1
  9.015e+01 -7.135e+00 -8.369e-01  1.377e-03 
 -7.135e+00  1.759e+00 -1.171e-01  1.925e-04 
 -8.369e-01 -1.171e-01  3.644e-02 -7.572e-05 
  1.377e-03  1.925e-04 -7.572e-05  1.012e-06 
ERR MATRIX NOT POS-DEF
 PARAMETER  CORRELATION COEFFICIENTS  
       NO.  GLOBAL     18     19     20     22
       18  0.99716   1.000 -0.567 -0.462  0.144
       19  0.99716  -0.567  1.000 -0.463  0.144
       20  0.99693  -0.462 -0.463  1.000 -0.394
       22  0.78534   0.144  0.144 -0.394  1.000
 ERR MATRIX NOT POS-DEF
MINUIT - FIT ONLY 2-y
 **********
 **   76 **RES 
 **********
                   PARAMETER   14  ANy2 RESTORED TO VARIABLE.
                   PARAMETER    8  phi_CBO RESTORED TO VARIABLE.
                   PARAMETER    7  w_CBO RESTORED TO VARIABLE.
                   PARAMETER    6  A_CBO RESTORED TO VARIABLE.
                   PARAMETER    4  phi RESTORED TO VARIABLE.
                   PARAMETER    3  A0 RESTORED TO VARIABLE.
                   PARAMETER    1  N0 RESTORED TO VARIABLE.
 **********
 **   77 **FIX            0
 **********
 PARAMETER    0  IS UNDEFINED. IGNORED.
 **********
 **   78 **FIX            1
 **********
 **********
 **   79 **FIX            2
 **********
 PARAMETER    2  IS CONSTANT.   IGNORED.
 **********
 **   80 **FIX            3
 **********
 **********
 **   81 **FIX            4
 **********
 **********
 **   82 **FIX            5
 **********
 PARAMETER    5  IS CONSTANT.   IGNORED.
 **********
 **   83 **FIX            6
 **********
 **********
 **   84 **FIX            7
 **********
 **********
 **   85 **FIX            8
 **********
 **********
 **   86 **FIX            9
 **********
 PARAMETER    9  IS CONSTANT.   IGNORED.
 **********
 **   87 **FIX           10
 **********
 PARAMETER   10  IS CONSTANT.   IGNORED.
 **********
 **   88 **FIX           11
 **********
 PARAMETER   11  IS CONSTANT.   IGNORED.
 **********
 **   89 **FIX           12
 **********
 PARAMETER   12  IS CONSTANT.   IGNORED.
 **********
 **   90 **FIX           16
 **********
 PARAMETER   16  IS CONSTANT.   IGNORED.
 **********
 **   91 **MIGRAD
 **********
 START MIGRAD MINIMIZATION.  STRATEGY  1.  CONVERGENCE WHEN EDM .LT. 1.00e-04
 FCN=313.187 FROM MIGRAD    STATUS=INITIATE       10 CALLS         989 TOTAL
                     EDM= unknown      STRATEGY= 1      NO ERROR MATRIX       
  EXT PARAMETER               CURRENT GUESS       STEP         FIRST   
  NO.   NAME      VALUE            ERROR          SIZE      DERIVATIVE 
   1  N0           2.93349e+06     fixed    
   2  tau          6.44064e+01   constant   
   3  A0           3.50863e-01     fixed    
   4  phi          4.11567e+00     fixed    
   5  R           -6.14263e+01   constant   
   6  A_CBO        8.74997e-04     fixed    
   7  w_CBO        2.32626e+00     fixed    
   8  phi_CBO      5.59954e+00     fixed    
   9  ANx2         5.09258e-04   constant   
  10  pNx2         1.79030e-01   constant   
  11  ANy1         0.00000e+00   constant   
  12  pNy1         0.00000e+00   constant   
  13  w_y          0.00000e+00   constant   
  14  ANy2         5.59573e-04   1.00780e-03   1.00780e-03  -7.48622e-02
  15  pNy2         6.17155e+00   constant   
  16  w_vw         1.43200e+01   constant   
  17  LM          -8.21731e-05   constant   
  18  wCBO_expCoeff   2.08578e+02   9.49460e+00   6.20452e-03   1.75802e-03
  19  wCBO_expOffset   2.04719e+02   1.32633e+00   8.66267e-04   1.25939e-02
  20  wCBO_expT    2.91222e+01   1.90903e-01   1.29587e-04   5.49704e-02
  21  wCBO_linCoeff   0.00000e+00   constant   
  22  wCBO_const   6.92257e-04   1.00580e-03   5.39906e-06  -1.49381e+00
 MIGRAD MINIMIZATION HAS CONVERGED.
 MIGRAD WILL VERIFY CONVERGENCE AND ERROR MATRIX.
 FCN=313.187 FROM MIGRAD    STATUS=CONVERGED      53 CALLS        1032 TOTAL
                     EDM=1.25873e-05    STRATEGY= 1      ERR MATRIX NOT POS-DEF
  EXT PARAMETER                APPROXIMATE        STEP         FIRST   
  NO.   NAME      VALUE            ERROR          SIZE      DERIVATIVE 
   1  N0           2.93349e+06     fixed    
   2  tau          6.44064e+01   constant   
   3  A0           3.50863e-01     fixed    
   4  phi          4.11567e+00     fixed    
   5  R           -6.14263e+01   constant   
   6  A_CBO        8.74997e-04     fixed    
   7  w_CBO        2.32626e+00     fixed    
   8  phi_CBO      5.59954e+00     fixed    
   9  ANx2         5.09258e-04   constant   
  10  pNx2         1.79030e-01   constant   
  11  ANy1         0.00000e+00   constant   
  12  pNy1         0.00000e+00   constant   
  13  w_y          0.00000e+00   constant   
  14  ANy2         5.59597e-04   1.00818e-03   8.74313e-06  -8.91858e-03
  15  pNy2         6.17155e+00   constant   
  16  w_vw         1.43200e+01   constant   
  17  LM          -8.21731e-05   constant   
  18  wCBO_expCoeff   2.08578e+02   9.49375e+00   6.20423e-03  -6.05441e-04
  19  wCBO_expOffset   2.04719e+02   1.32651e+00   8.66247e-04  -4.33617e-03
  20  wCBO_expT    2.91222e+01   1.90913e-01   1.29584e-04  -5.72783e-02
  21  wCBO_linCoeff   0.00000e+00   constant   
  22  wCBO_const   6.92443e-04   1.00571e-03   5.40005e-06  -3.09605e+00
 EXTERNAL ERROR MATRIX.    NDIM=  25    NPAR=  5    ERR DEF=1
  1.016e-06  2.784e-05  3.904e-06 -9.978e-07 -1.354e-09 
  2.784e-05  9.013e+01 -7.135e+00 -8.366e-01  1.376e-03 
  3.904e-06 -7.135e+00  1.760e+00 -1.172e-01  1.925e-04 
 -9.978e-07 -8.366e-01 -1.172e-01  3.645e-02 -7.571e-05 
 -1.354e-09  1.376e-03  1.925e-04 -7.571e-05  1.011e-06 
ERR MATRIX NOT POS-DEF
 PARAMETER  CORRELATION COEFFICIENTS  
       NO.  GLOBAL     14     18     19     20     22
       14  0.01160   1.000  0.003  0.003 -0.005 -0.001
       18  0.99716   0.003  1.000 -0.567 -0.462  0.144
       19  0.99716   0.003 -0.567  1.000 -0.463  0.144
       20  0.99693  -0.005 -0.462 -0.463  1.000 -0.394
       22  0.78532  -0.001  0.144  0.144 -0.394  1.000
 ERR MATRIX NOT POS-DEF
MINUIT - FIT ALTOGETHER
 **********
 **   92 **RES 
 **********
                   PARAMETER    8  phi_CBO RESTORED TO VARIABLE.
                   PARAMETER    7  w_CBO RESTORED TO VARIABLE.
                   PARAMETER    6  A_CBO RESTORED TO VARIABLE.
                   PARAMETER    4  phi RESTORED TO VARIABLE.
                   PARAMETER    3  A0 RESTORED TO VARIABLE.
                   PARAMETER    1  N0 RESTORED TO VARIABLE.
 **********
 **   93 **MIGRAD
 **********
 START MIGRAD MINIMIZATION.  STRATEGY  1.  CONVERGENCE WHEN EDM .LT. 1.00e-04
 FCN=313.187 FROM MIGRAD    STATUS=INITIATE       22 CALLS        1054 TOTAL
                     EDM= unknown      STRATEGY= 1      NO ERROR MATRIX       
  EXT PARAMETER               CURRENT GUESS       STEP         FIRST   
  NO.   NAME      VALUE            ERROR          SIZE      DERIVATIVE 
   1  N0           2.93349e+06   2.10355e+03   2.10355e+03  -3.75994e-05
   2  tau          6.44064e+01   constant   
   3  A0           3.50863e-01   9.55094e-04   9.55094e-04   8.14966e+01
