 + ++++++++++++++++++++++++++++++++++++++++++++++++++++++++++++++++++++ +
 +                                                                      +
 +           You have chose to blind your fitting according to          +
 +                omega_ref * (1 + (R +/- deltaR) *10^{-6})             +
 +                                                                      +
 + ++++++++++++++++++++++++++++++++++++++++++++++++++++++++++++++++++++ +
In main()...
reading format from /gm2data/zkhechad/run45/envelope/formats/formatB_sBin_constraintOn.txt
pBinTau 	= 0  
pBinPhi 	= 0  
constraintau 	= 1 
includeMopTerm 	= 0    
constrainMop    = 0   
Parameters after format file: pBinTau 0 pBinPhi 0 constraintau 1 includeMopTerm 0 constrainMop 0 c_e_scale 0.000000 
reading cbo reference file (full fit) from /gm2data/zkhechad/cboTemplates/Run4CBOTemplates/fullFits/run4/sBin_constraintOn_cE0.0_seed0_run4_calo8.root
A_CBO 0.011357 w_CBO 2.326581 phi_CBO 5.876624 N0 2844262.344614 R -61.301649 tau 64.404749 
Reading cboRef file /gm2data/zkhechad/cboTemplates/Run4CBOTemplates//cboIsolate/run4_calo8.root
deltaT 32.769283
windowBins = 210
fitting sliding window 740 from bin 943 at 140.695600 to bin 1153 at 172.027600 (210 bins)

Reading data from /gm2data/cornell/histograms/aMethod/histogram_a_run4.root
fitting cbo isolate
 **********
 **    1 **SET PRINTOUT            1
 **********
 **********
 **    2 **SET NOWARNINGS 
 **********
 PARAMETER DEFINITIONS:
    NO.   NAME         VALUE      STEP SIZE      LIMITS
     1 A_CBO        1.13569e-02  1.00000e-05     no limits
     2 w_CBO        2.32658e+00  1.00000e-02    2.00000e+00  3.00000e+00
     3 phi_CBO      5.87662e+00  1.00000e-02    0.00000e+00  6.28319e+00
 **********
 **    3 **MIGRAD
 **********
 FIRST CALL TO USER FUNCTION AT NEW START POINT, WITH IFLAG=4.
 START MIGRAD MINIMIZATION.  STRATEGY  1.  CONVERGENCE WHEN EDM .LT. 1.00e-04
 FCN=0.00369728 FROM MIGRAD    STATUS=INITIATE       12 CALLS          13 TOTAL
                     EDM= unknown      STRATEGY= 1      NO ERROR MATRIX       
  EXT PARAMETER               CURRENT GUESS       STEP         FIRST   
  NO.   NAME      VALUE            ERROR          SIZE      DERIVATIVE 
   1  A_CBO        1.13569e-02   1.00000e-05   1.00000e-05   1.17782e+00
   2  w_CBO        2.32658e+00   1.00000e-02   2.13259e-02  -1.22654e-03
   3  phi_CBO      5.87662e+00   1.00000e-02   6.47001e-03   1.22358e-05
 MIGRAD MINIMIZATION HAS CONVERGED.
 MIGRAD WILL VERIFY CONVERGENCE AND ERROR MATRIX.
 COVARIANCE MATRIX CALCULATED SUCCESSFULLY
 FCN=0.000384593 FROM MIGRAD    STATUS=CONVERGED      37 CALLS          38 TOTAL
                     EDM=4.95547e-07    STRATEGY= 1      ERROR MATRIX ACCURATE 
  EXT PARAMETER                                   STEP         FIRST   
  NO.   NAME      VALUE            ERROR          SIZE      DERIVATIVE 
   1  A_CBO        5.73158e-03   9.78043e-02   4.77318e-05  -6.69924e-07
   2  w_CBO        2.32659e+00   6.38980e-01   8.05550e-05   4.20569e-03
   3  phi_CBO      5.87605e+00   6.06701e+00   3.80409e-03  -9.09257e-05
 EXTERNAL ERROR MATRIX.    NDIM=  25    NPAR=  3    ERR DEF=1
  9.566e-03 -2.844e-03 -4.401e-01 
 -2.844e-03  6.070e-01  9.325e+01 
 -4.401e-01  9.325e+01  1.461e+04 
 PARAMETER  CORRELATION COEFFICIENTS  
       NO.  GLOBAL      1      2      3
        1  0.03737   1.000 -0.037 -0.037
        2  0.99016  -0.037  1.000  0.990
        3  0.99016  -0.037  0.990  1.000
setting A_CBO=0.005732 w_CBO=2.326589, phi_CBO=5.876050
done fitting cbo isolate
 **********
 **    1 **SET PRINTOUT            1
 **********
 **********
 **    2 **SET NOWARNINGS 
 **********
 PARAMETER DEFINITIONS:
    NO.   NAME         VALUE      STEP SIZE      LIMITS
     1 N0           2.84426e+06  1.00000e+02     no limits
     2 tau          6.44047e+01  constant
     3 A0           3.52885e-01  1.00000e-04     no limits
     4 phi          4.11503e+00  1.00000e-02     no limits
     5 R           -6.13016e+01  constant
     6 A_CBO        5.73158e-03  1.00000e-05     no limits
     7 w_CBO        2.32659e+00  1.00000e-03     no limits
     8 phi_CBO      5.87605e+00  1.00000e-04     no limits
     9 ANx2         6.64823e-04  constant
    10 pNx2         9.66896e-01  constant
    11 ANy1         0.00000e+00  constant
    12 pNy1         0.00000e+00  constant
    13 w_y          0.00000e+00  constant
    14 ANy2         8.37111e-03  1.00000e-04     no limits
    15 pNy2         5.88808e+00  constant
    16 w_vw         1.43122e+01  constant
    17 LM           1.40011e-04  constant
    18 wCBO_expCoeff   2.00000e+02  1.00000e+00     no limits
    19 wCBO_expOffset   2.00000e+02  1.00000e+00     no limits
    20 wCBO_expT    3.00000e+01  1.00000e+00     no limits
    21 wCBO_linCoeff   0.00000e+00  constant
    22 wCBO_const   0.00000e+00  1.00000e-02     no limits
MINUIT - FIT ONLY WIGGLE
 **********
 **    3 **FIX            5
 **********
 PARAMETER    5  IS CONSTANT.   IGNORED.
 **********
 **    4 **FIX            6
 **********
 **********
 **    5 **FIX            7
 **********
 **********
 **    6 **FIX            8
 **********
 **********
 **    7 **FIX            9
 **********
 PARAMETER    9  IS CONSTANT.   IGNORED.
 **********
 **    8 **FIX           10
 **********
 PARAMETER   10  IS CONSTANT.   IGNORED.
 **********
 **    9 **FIX           11
 **********
 PARAMETER   11  IS CONSTANT.   IGNORED.
 **********
 **   10 **FIX           12
 **********
 PARAMETER   12  IS CONSTANT.   IGNORED.
 **********
 **   11 **FIX           13
 **********
 PARAMETER   13  IS CONSTANT.   IGNORED.
 **********
 **   12 **FIX           14
 **********
 **********
 **   13 **FIX           15
 **********
 PARAMETER   15  IS CONSTANT.   IGNORED.
 **********
 **   14 **FIX           16
 **********
 PARAMETER   16  IS CONSTANT.   IGNORED.
 **********
 **   15 **MIGRAD
 **********
 FIRST CALL TO USER FUNCTION AT NEW START POINT, WITH IFLAG=4.
 START MIGRAD MINIMIZATION.  STRATEGY  1.  CONVERGENCE WHEN EDM .LT. 1.00e-04
 FCN=2471.95 FROM MIGRAD    STATUS=INITIATE       57 CALLS          58 TOTAL
                     EDM= unknown      STRATEGY= 1      NO ERROR MATRIX       
  EXT PARAMETER               CURRENT GUESS       STEP         FIRST   
  NO.   NAME      VALUE            ERROR          SIZE      DERIVATIVE 
   1  N0           2.84426e+06   1.00000e+02   0.00000e+00   1.09964e-02
   2  tau          6.44047e+01   constant   
   3  A0           3.52885e-01   1.00000e-04   0.00000e+00   4.36293e+02
   4  phi          4.11503e+00   1.00000e-02   0.00000e+00  -1.48940e+04
   5  R           -6.13016e+01   constant   
   6  A_CBO        5.73158e-03     fixed    
   7  w_CBO        2.32659e+00     fixed    
   8  phi_CBO      5.87605e+00     fixed    
   9  ANx2         6.64823e-04   constant   
  10  pNx2         9.66896e-01   constant   
  11  ANy1         0.00000e+00   constant   
  12  pNy1         0.00000e+00   constant   
  13  w_y          0.00000e+00   constant   
  14  ANy2         8.37111e-03     fixed    
  15  pNy2         5.88808e+00   constant   
  16  w_vw         1.43122e+01   constant   
  17  LM           1.40011e-04   constant   
  18  wCBO_expCoeff   2.00000e+02   1.00000e+00   0.00000e+00   7.78716e+03
  19  wCBO_expOffset   2.00000e+02   1.00000e+00  -3.59922e-04  -2.90085e+05
  20  wCBO_expT    3.00000e+01   1.00000e+00   0.00000e+00   9.59887e+04
  21  wCBO_linCoeff   0.00000e+00   constant   
  22  wCBO_const   0.00000e+00   1.00000e-02   0.00000e+00   6.08283e+03
 MIGRAD FAILS TO FIND IMPROVEMENT
 FCN=2436.23 FROM HESSE     STATUS=NOT POSDEF     56 CALLS         226 TOTAL
                     EDM=1.90332    STRATEGY= 1      ERR MATRIX NOT POS-DEF
  EXT PARAMETER                APPROXIMATE        STEP         FIRST   
  NO.   NAME      VALUE            ERROR          SIZE      DERIVATIVE 
   1  N0           2.84338e+06   5.15866e+02   1.09206e+01  -8.30177e-04
   2  tau          6.44047e+01   constant   
   3  A0           3.52939e-01   2.35753e-04   5.14324e-06  -1.40505e+03
   4  phi          4.11786e+00   1.26457e-03   1.50681e-05   1.53629e+03
   5  R           -6.13016e+01   constant   
   6  A_CBO        5.73158e-03     fixed    
   7  w_CBO        2.32659e+00     fixed    
   8  phi_CBO      5.87605e+00     fixed    
   9  ANx2         6.64823e-04   constant   
  10  pNx2         9.66896e-01   constant   
  11  ANy1         0.00000e+00   constant   
  12  pNy1         0.00000e+00   constant   
  13  w_y          0.00000e+00   constant   
  14  ANy2         8.37111e-03     fixed    
  15  pNy2         5.88808e+00   constant   
  16  w_vw         1.43122e+01   constant   
  17  LM           1.40011e-04   constant   
  18  wCBO_expCoeff   2.00000e+02   4.35837e-04   9.53673e-05   4.56752e+03
  19  wCBO_expOffset   2.00000e+02   4.90729e-05   9.53673e-05   3.18460e+04
  20  wCBO_expT    3.00000e+01   5.44265e-05   1.43051e-05   1.26540e+04
  21  wCBO_linCoeff   0.00000e+00   constant   
  22  wCBO_const  -1.94583e-03   4.48497e-04   4.41064e-06  -9.26085e+02
 MIGRAD FAILS TO FIND IMPROVEMENT
 MIGRAD TERMINATED WITHOUT CONVERGENCE.
 FCN=2435.57 FROM MIGRAD    STATUS=FAILED        269 CALLS         270 TOTAL
                     EDM=0.166102    STRATEGY= 1      ERR MATRIX NOT POS-DEF
  EXT PARAMETER                APPROXIMATE        STEP         FIRST   
  NO.   NAME      VALUE            ERROR          SIZE      DERIVATIVE 
   1  N0           2.84345e+06   4.54138e+02   0.00000e+00  -1.98037e-05
   2  tau          6.44047e+01   constant   
   3  A0           3.52971e-01   2.12822e-04  -0.00000e+00   1.07760e+02
   4  phi          4.11757e+00   6.16321e-04  -0.00000e+00  -3.38771e+01
   5  R           -6.13016e+01   constant   
   6  A_CBO        5.73158e-03     fixed    
   7  w_CBO        2.32659e+00     fixed    
   8  phi_CBO      5.87605e+00     fixed    
   9  ANx2         6.64823e-04   constant   
  10  pNx2         9.66896e-01   constant   
  11  ANy1         0.00000e+00   constant   
  12  pNy1         0.00000e+00   constant   
  13  w_y          0.00000e+00   constant   
  14  ANy2         8.37111e-03     fixed    
  15  pNy2         5.88808e+00   constant   
  16  w_vw         1.43122e+01   constant   
  17  LM           1.40011e-04   constant   
  18  wCBO_expCoeff   2.00000e+02   1.32022e-04  -0.00000e+00   2.76257e+03
  19  wCBO_expOffset   2.00000e+02   7.60396e-06   0.00000e+00  -8.37979e+04
  20  wCBO_expT    3.00000e+01   8.07873e-06   0.00000e+00  -4.03052e+04
  21  wCBO_linCoeff   0.00000e+00   constant   
  22  wCBO_const  -1.78167e-03   4.98234e-04   0.00000e+00  -5.03546e+02
 EXTERNAL ERROR MATRIX.    NDIM=  25    NPAR=  7    ERR DEF=1
  2.062e+05  2.974e-03  1.204e-02  5.150e-03  2.711e-04  3.501e-05 -2.634e-02 
  2.974e-03  4.529e-08  8.171e-10  1.555e-09  2.990e-11 -2.248e-11 -1.120e-08 
  1.204e-02  8.171e-10  3.799e-07 -1.219e-09 -1.403e-09 -4.151e-10  7.746e-09 
  5.150e-03  1.555e-09 -1.219e-09  1.743e-08 -3.578e-11  4.414e-10 -5.488e-08 
  2.711e-04  2.990e-11 -1.403e-09 -3.578e-11  5.782e-11  2.201e-11  1.264e-10 
  3.501e-05 -2.248e-11 -4.151e-10  4.414e-10  2.201e-11  6.527e-11  7.413e-11 
 -2.634e-02 -1.120e-08  7.746e-09 -5.488e-08  1.264e-10  7.413e-11  2.482e-07 
ERR MATRIX NOT POS-DEF
 PARAMETER  CORRELATION COEFFICIENTS  
       NO.  GLOBAL      1      3      4     18     19     20     22
        1  0.16287   1.000  0.031  0.043  0.086  0.079  0.010 -0.116
        3  0.13587   0.031  1.000  0.006  0.055  0.018 -0.013 -0.106
        4  0.31242   0.043  0.006  1.000 -0.015 -0.299 -0.083  0.025
       18  0.95441   0.086  0.055 -0.015  1.000 -0.036  0.414 -0.834
       19  0.63115   0.079  0.018 -0.299 -0.036  1.000  0.358  0.033
       20  0.86248   0.010 -0.013 -0.083  0.414  0.358  1.000  0.018
       22  0.94241  -0.116 -0.106  0.025 -0.834  0.033  0.018  1.000
 ERR MATRIX NOT POS-DEF
MINUIT - FIT ONLY 1-CBO + other amplitudes 
 **********
 **   16 **RES 
 **********
                   PARAMETER   14  ANy2 RESTORED TO VARIABLE.
                   PARAMETER    8  phi_CBO RESTORED TO VARIABLE.
                   PARAMETER    7  w_CBO RESTORED TO VARIABLE.
                   PARAMETER    6  A_CBO RESTORED TO VARIABLE.
 **********
 **   17 **FIX            0
 **********
 PARAMETER    0  IS UNDEFINED. IGNORED.
 **********
 **   18 **FIX            1
 **********
 **********
 **   19 **FIX            2
 **********
 PARAMETER    2  IS CONSTANT.   IGNORED.
 **********
 **   20 **FIX            3
 **********
 **********
 **   21 **FIX            4
 **********
 **********
 **   22 **FIX            9
 **********
 PARAMETER    9  IS CONSTANT.   IGNORED.
 **********
 **   23 **FIX           11
 **********
 PARAMETER   11  IS CONSTANT.   IGNORED.
 **********
 **   24 **FIX           12
 **********
 PARAMETER   12  IS CONSTANT.   IGNORED.
 **********
 **   25 **FIX           14
 **********
 **********
 **   26 **FIX           15
 **********
 PARAMETER   15  IS CONSTANT.   IGNORED.
 **********
 **   27 **FIX           16
 **********
 PARAMETER   16  IS CONSTANT.   IGNORED.
 **********
 **   28 **MIGRAD
 **********
 START MIGRAD MINIMIZATION.  STRATEGY  1.  CONVERGENCE WHEN EDM .LT. 1.00e-04
 FCN=2435.57 FROM MIGRAD    STATUS=INITIATE       22 CALLS         292 TOTAL
                     EDM= unknown      STRATEGY= 1      NO ERROR MATRIX       
  EXT PARAMETER               CURRENT GUESS       STEP         FIRST   
  NO.   NAME      VALUE            ERROR          SIZE      DERIVATIVE 
   1  N0           2.84345e+06     fixed    
   2  tau          6.44047e+01   constant   
   3  A0           3.52971e-01     fixed    
   4  phi          4.11757e+00     fixed    
   5  R           -6.13016e+01   constant   
   6  A_CBO        5.73158e-03   1.00000e-05   1.00000e-05   1.69184e+05
   7  w_CBO        2.32659e+00   1.00000e-03   1.00000e-03   2.36974e+05
   8  phi_CBO      5.87605e+00   1.00000e-04   1.00000e-04   5.65712e+01
   9  ANx2         6.64823e-04   constant   
  10  pNx2         9.66896e-01   constant   
  11  ANy1         0.00000e+00   constant   
  12  pNy1         0.00000e+00   constant   
  13  w_y          0.00000e+00   constant   
  14  ANy2         8.37111e-03     fixed    
  15  pNy2         5.88808e+00   constant   
  16  w_vw         1.43122e+01   constant   
  17  LM           1.40011e-04   constant   
  18  wCBO_expCoeff   2.00000e+02   1.32022e-04  -0.00000e+00   2.76257e+03
  19  wCBO_expOffset   2.00000e+02   7.60396e-06   0.00000e+00  -8.37979e+04
  20  wCBO_expT    3.00000e+01   8.07873e-06   0.00000e+00  -4.03052e+04
  21  wCBO_linCoeff   0.00000e+00   constant   
  22  wCBO_const  -1.78167e-03   4.98234e-04   0.00000e+00  -5.03551e+02
 CALL LIMIT EXCEEDED IN MIGRAD.
 MIGRAD TERMINATED WITHOUT CONVERGENCE.
 FCN=2002.74 FROM MIGRAD    STATUS=CALL LIMIT   1164 CALLS        1434 TOTAL
                     EDM=17.2504    STRATEGY= 1  ERROR MATRIX UNCERTAINTY   0.7 per cent
  EXT PARAMETER                APPROXIMATE        STEP         FIRST   
  NO.   NAME      VALUE            ERROR          SIZE      DERIVATIVE 
   1  N0           2.84345e+06     fixed    
   2  tau          6.44047e+01   constant   
   3  A0           3.52971e-01     fixed    
   4  phi          4.11757e+00     fixed    
   5  R           -6.13016e+01   constant   
   6  A_CBO        1.01149e-03   1.81631e-04   1.45544e-07  -2.49917e+03
   7  w_CBO        2.32659e+00   7.12194e-07  -2.89656e-08   9.72357e+06
   8  phi_CBO      4.51968e+00   1.74673e-01  -8.21945e-03  -1.91823e+01
   9  ANx2         6.64823e-04   constant   
  10  pNx2         9.66896e-01   constant   
  11  ANy1         0.00000e+00   constant   
  12  pNy1         0.00000e+00   constant   
  13  w_y          0.00000e+00   constant   
  14  ANy2         8.37111e-03     fixed    
  15  pNy2         5.88808e+00   constant   
  16  w_vw         1.43122e+01   constant   
  17  LM           1.40011e-04   constant   
  18  wCBO_expCoeff   1.99999e+02   6.13607e-05  -2.49748e-06   1.12995e+05
  19  wCBO_expOffset   2.00000e+02   2.06017e-05   1.00261e-06   2.96636e+05
  20  wCBO_expT    3.00000e+01   8.09343e-06   3.77058e-07  -1.13634e+06
  21  wCBO_linCoeff   0.00000e+00   constant   
  22  wCBO_const  -1.39564e-03   1.80526e-04   4.34734e-06   2.51231e+04
 EXTERNAL ERROR MATRIX.    NDIM=  25    NPAR=  7    ERR DEF=1
  3.299e-08  1.357e-11  1.035e-05  1.171e-09 -4.978e-10 -2.188e-10 -4.178e-09 
  1.357e-11  5.072e-13  9.101e-08  2.148e-11 -1.117e-11 -3.510e-12 -6.571e-11 
  1.035e-05  9.101e-08  3.051e-02  7.847e-06 -3.025e-06 -1.152e-06 -1.103e-05 
  1.171e-09  2.148e-11  7.847e-06  3.765e-09 -9.632e-10 -3.027e-10 -5.662e-09 
 -4.978e-10 -1.117e-11 -3.025e-06 -9.632e-10  4.244e-10  1.420e-10  1.379e-09 
 -2.188e-10 -3.510e-12 -1.152e-06 -3.027e-10  1.420e-10  6.550e-11  7.360e-10 
 -4.178e-09 -6.571e-11 -1.103e-05 -5.662e-09  1.379e-09  7.360e-10  3.259e-08 
ERR MATRIX APPROXIMATE
 PARAMETER  CORRELATION COEFFICIENTS  
       NO.  GLOBAL      6      7      8     18     19     20     22
        6  0.87442   1.000  0.105  0.326  0.105 -0.133 -0.149 -0.127
        7  0.98962   0.105  1.000  0.732  0.492 -0.761 -0.609 -0.511
        8  0.99200   0.326  0.732  1.000  0.732 -0.841 -0.815 -0.350
       18  0.98964   0.105  0.492  0.732  1.000 -0.762 -0.610 -0.511
       19  0.99449  -0.133 -0.761 -0.841 -0.762  1.000  0.852  0.371
       20  0.99288  -0.149 -0.609 -0.815 -0.610  0.852  1.000  0.504
       22  0.98249  -0.127 -0.511 -0.350 -0.511  0.371  0.504  1.000
 ERR MATRIX APPROXIMATE
MINUIT - FIT ONLY 1-CBO
 **********
 **   29 **RES 
 **********
                   PARAMETER   14  ANy2 RESTORED TO VARIABLE.
                   PARAMETER    4  phi RESTORED TO VARIABLE.
                   PARAMETER    3  A0 RESTORED TO VARIABLE.
                   PARAMETER    1  N0 RESTORED TO VARIABLE.
 **********
 **   30 **FIX            0
 **********
 PARAMETER    0  IS UNDEFINED. IGNORED.
 **********
 **   31 **FIX            1
 **********
 **********
 **   32 **FIX            2
 **********
 PARAMETER    2  IS CONSTANT.   IGNORED.
 **********
 **   33 **FIX            3
 **********
 **********
 **   34 **FIX            4
 **********
 **********
 **   35 **FIX            8
 **********
 **********
 **   36 **FIX            9
 **********
 PARAMETER    9  IS CONSTANT.   IGNORED.
 **********
 **   37 **FIX           11
 **********
 PARAMETER   11  IS CONSTANT.   IGNORED.
 **********
 **   38 **FIX           12
 **********
 PARAMETER   12  IS CONSTANT.   IGNORED.
 **********
 **   39 **FIX           13
 **********
 PARAMETER   13  IS CONSTANT.   IGNORED.
 **********
 **   40 **FIX           15
 **********
 PARAMETER   15  IS CONSTANT.   IGNORED.
 **********
 **   41 **FIX           16
 **********
 PARAMETER   16  IS CONSTANT.   IGNORED.
 **********
 **   42 **MIGRAD
 **********
 START MIGRAD MINIMIZATION.  STRATEGY  1.  CONVERGENCE WHEN EDM .LT. 1.00e-04
 FCN=2002.74 FROM MIGRAD    STATUS=INITIATE       16 CALLS        1450 TOTAL
                     EDM= unknown      STRATEGY= 1      NO ERROR MATRIX       
  EXT PARAMETER               CURRENT GUESS       STEP         FIRST   
  NO.   NAME      VALUE            ERROR          SIZE      DERIVATIVE 
   1  N0           2.84345e+06     fixed    
   2  tau          6.44047e+01   constant   
   3  A0           3.52971e-01     fixed    
   4  phi          4.11757e+00     fixed    
   5  R           -6.13016e+01   constant   
   6  A_CBO        1.01149e-03   1.81631e-04   1.45544e-07  -2.49917e+03
   7  w_CBO        2.32659e+00   7.12194e-07  -2.89656e-08   9.72357e+06
   8  phi_CBO      4.51968e+00     fixed    
   9  ANx2         6.64823e-04   constant   
  10  pNx2         9.66896e-01   constant   
  11  ANy1         0.00000e+00   constant   
  12  pNy1         0.00000e+00   constant   
  13  w_y          0.00000e+00   constant   
  14  ANy2         8.37111e-03   1.00000e-04   1.00000e-04   3.11669e+05
  15  pNy2         5.88808e+00   constant   
  16  w_vw         1.43122e+01   constant   
  17  LM           1.40011e-04   constant   
  18  wCBO_expCoeff   1.99999e+02   6.13607e-05  -2.49748e-06   1.12995e+05
  19  wCBO_expOffset   2.00000e+02   2.06017e-05   1.00261e-06   2.96636e+05
  20  wCBO_expT    3.00000e+01   8.09343e-06   3.77058e-07  -1.13634e+06
  21  wCBO_linCoeff   0.00000e+00   constant   
  22  wCBO_const  -1.39564e-03   1.80526e-04   4.34734e-06   2.51231e+04
 MIGRAD FAILS TO FIND IMPROVEMENT
 FCN=755.89 FROM HESSE     STATUS=NOT POSDEF     58 CALLS        2618 TOTAL
                     EDM=0.08977    STRATEGY= 1      ERR MATRIX NOT POS-DEF
  EXT PARAMETER                APPROXIMATE        STEP         FIRST   
  NO.   NAME      VALUE            ERROR          SIZE      DERIVATIVE 
   1  N0           2.84345e+06     fixed    
   2  tau          6.44047e+01   constant   
   3  A0           3.52971e-01     fixed    
   4  phi          4.11757e+00     fixed    
   5  R           -6.13016e+01   constant   
   6  A_CBO        1.82817e-04   5.55016e-04   2.97658e-06  -6.27125e+02
   7  w_CBO        2.32658e+00   1.29479e-05   1.10940e-06   1.51493e+05
   8  phi_CBO      4.51968e+00     fixed    
   9  ANx2         6.64823e-04   constant   
  10  pNx2         9.66896e-01   constant   
  11  ANy1         0.00000e+00   constant   
  12  pNy1         0.00000e+00   constant   
  13  w_y          0.00000e+00   constant   
  14  ANy2         1.75426e-04   2.58991e-04   3.03628e-06  -1.32907e+03
  15  pNy2         5.88808e+00   constant   
  16  w_vw         1.43122e+01   constant   
  17  LM           1.40011e-04   constant   
  18  wCBO_expCoeff   1.99999e+02   1.11456e-03   9.53668e-05   1.75832e+03
  19  wCBO_expOffset   2.00000e+02   7.03246e-05   9.53673e-05   1.06752e+04
  20  wCBO_expT    3.00001e+01   2.06135e-04   1.43051e-05  -2.12266e+04
  21  wCBO_linCoeff   0.00000e+00   constant   
  22  wCBO_const  -3.95839e-03   1.48070e-03   9.51240e-06   8.03753e+02
 CALL LIMIT EXCEEDED IN MIGRAD.
 MIGRAD TERMINATED WITHOUT CONVERGENCE.
 FCN=755.89 FROM MIGRAD    STATUS=CALL LIMIT   1184 CALLS        2618 TOTAL
                     EDM=0.08977    STRATEGY= 1      ERR MATRIX NOT POS-DEF
  EXT PARAMETER                APPROXIMATE        STEP         FIRST   
  NO.   NAME      VALUE            ERROR          SIZE      DERIVATIVE 
   1  N0           2.84345e+06     fixed    
   2  tau          6.44047e+01   constant   
   3  A0           3.52971e-01     fixed    
   4  phi          4.11757e+00     fixed    
   5  R           -6.13016e+01   constant   
   6  A_CBO        1.82817e-04   5.55016e-04   2.97658e-06  -6.27125e+02
   7  w_CBO        2.32658e+00   1.29479e-05   1.10940e-06   1.51493e+05
   8  phi_CBO      4.51968e+00     fixed    
   9  ANx2         6.64823e-04   constant   
  10  pNx2         9.66896e-01   constant   
  11  ANy1         0.00000e+00   constant   
  12  pNy1         0.00000e+00   constant   
  13  w_y          0.00000e+00   constant   
  14  ANy2         1.75426e-04   2.58991e-04   3.03628e-06  -1.32907e+03
  15  pNy2         5.88808e+00   constant   
  16  w_vw         1.43122e+01   constant   
  17  LM           1.40011e-04   constant   
  18  wCBO_expCoeff   1.99999e+02   1.11456e-03   9.53668e-05   1.75832e+03
  19  wCBO_expOffset   2.00000e+02   7.03246e-05   9.53673e-05   1.06752e+04
  20  wCBO_expT    3.00001e+01   2.06135e-04   1.43051e-05  -2.12266e+04
  21  wCBO_linCoeff   0.00000e+00   constant   
  22  wCBO_const  -3.95839e-03   1.48070e-03   9.51240e-06   8.03753e+02
 EXTERNAL ERROR MATRIX.    NDIM=  25    NPAR=  7    ERR DEF=1
  3.080e-07 -6.694e-09 -9.589e-08 -5.762e-07  3.188e-08 -1.078e-07 -6.374e-07 
 -6.694e-09  1.676e-10  2.259e-09  1.408e-08 -7.989e-10  2.638e-09  1.488e-08 
 -9.589e-08  2.259e-09  6.708e-08  1.945e-07 -1.055e-08  3.643e-08  2.119e-07 
 -5.762e-07  1.408e-08  1.945e-07  1.242e-06 -6.877e-08  2.271e-07  1.281e-06 
  3.188e-08 -7.989e-10 -1.055e-08 -6.877e-08  4.946e-09 -1.286e-08 -8.151e-08 
 -1.078e-07  2.638e-09  3.643e-08  2.271e-07 -1.286e-08  4.249e-08  2.518e-07 
 -6.374e-07  1.488e-08  2.119e-07  1.281e-06 -8.151e-08  2.518e-07  2.192e-06 
ERR MATRIX NOT POS-DEF
 PARAMETER  CORRELATION COEFFICIENTS  
       NO.  GLOBAL      6      7     14     18     19     20     22
        6  0.94334   1.000 -0.932 -0.667 -0.932  0.817 -0.942 -0.776
        7  0.99246  -0.932  1.000  0.674  0.976 -0.877  0.989  0.776
       14  0.68838  -0.667  0.674  1.000  0.674 -0.579  0.682  0.553
       18  0.99246  -0.932  0.976  0.674  1.000 -0.877  0.989  0.776
       19  0.89814   0.817 -0.877 -0.579 -0.877  1.000 -0.887 -0.783
       20  0.99776  -0.942  0.989  0.682  0.989 -0.887  1.000  0.825
       22  0.91762  -0.776  0.776  0.553  0.776 -0.783  0.825  1.000
 ERR MATRIX NOT POS-DEF
MINUIT - FIT ONLY 2-CBO
 **********
 **   43 **RES 
 **********
                   PARAMETER    8  phi_CBO RESTORED TO VARIABLE.
                   PARAMETER    4  phi RESTORED TO VARIABLE.
                   PARAMETER    3  A0 RESTORED TO VARIABLE.
                   PARAMETER    1  N0 RESTORED TO VARIABLE.
 **********
 **   44 **FIX            0
 **********
 PARAMETER    0  IS UNDEFINED. IGNORED.
 **********
 **   45 **FIX            1
 **********
 **********
 **   46 **FIX            2
 **********
 PARAMETER    2  IS CONSTANT.   IGNORED.
 **********
 **   47 **FIX            3
 **********
 **********
 **   48 **FIX            4
 **********
 **********
 **   49 **FIX            5
 **********
 PARAMETER    5  IS CONSTANT.   IGNORED.
 **********
 **   50 **FIX            6
 **********
 **********
 **   51 **FIX            7
 **********
 **********
 **   52 **FIX           10
 **********
 PARAMETER   10  IS CONSTANT.   IGNORED.
 **********
 **   53 **FIX           11
 **********
 PARAMETER   11  IS CONSTANT.   IGNORED.
 **********
 **   54 **FIX           12
 **********
 PARAMETER   12  IS CONSTANT.   IGNORED.
 **********
 **   55 **FIX           13
 **********
 PARAMETER   13  IS CONSTANT.   IGNORED.
 **********
 **   56 **FIX           14
 **********
 **********
 **   57 **FIX           15
 **********
 PARAMETER   15  IS CONSTANT.   IGNORED.
 **********
 **   58 **FIX           16
 **********
 PARAMETER   16  IS CONSTANT.   IGNORED.
 **********
 **   59 **MIGRAD
 **********
 START MIGRAD MINIMIZATION.  STRATEGY  1.  CONVERGENCE WHEN EDM .LT. 1.00e-04
 FCN=755.89 FROM MIGRAD    STATUS=INITIATE       12 CALLS        2630 TOTAL
                     EDM= unknown      STRATEGY= 1      NO ERROR MATRIX       
  EXT PARAMETER               CURRENT GUESS       STEP         FIRST   
  NO.   NAME      VALUE            ERROR          SIZE      DERIVATIVE 
   1  N0           2.84345e+06     fixed    
   2  tau          6.44047e+01   constant   
   3  A0           3.52971e-01     fixed    
   4  phi          4.11757e+00     fixed    
   5  R           -6.13016e+01   constant   
   6  A_CBO        1.82817e-04     fixed    
   7  w_CBO        2.32658e+00     fixed    
   8  phi_CBO      4.51968e+00   1.74673e-01   1.74673e-01   6.46998e-01
   9  ANx2         6.64823e-04   constant   
  10  pNx2         9.66896e-01   constant   
  11  ANy1         0.00000e+00   constant   
  12  pNy1         0.00000e+00   constant   
  13  w_y          0.00000e+00   constant   
  14  ANy2         1.75426e-04     fixed    
  15  pNy2         5.88808e+00   constant   
  16  w_vw         1.43122e+01   constant   
  17  LM           1.40011e-04   constant   
  18  wCBO_expCoeff   1.99999e+02   1.11456e-03   9.53668e-05   1.40378e+03
  19  wCBO_expOffset   2.00000e+02   7.03246e-05   9.53673e-05  -3.18699e+04
  20  wCBO_expT    3.00001e+01   2.06135e-04   1.43051e-05  -2.59169e+03
  21  wCBO_linCoeff   0.00000e+00   constant   
  22  wCBO_const  -3.95839e-03   1.48070e-03   9.51240e-06   8.03720e+02
 MIGRAD FAILS TO FIND IMPROVEMENT
 FCN=755.859 FROM HESSE     STATUS=NOT POSDEF     37 CALLS        2709 TOTAL
                     EDM=1.85476    STRATEGY= 1      ERR MATRIX NOT POS-DEF
  EXT PARAMETER                APPROXIMATE        STEP         FIRST   
  NO.   NAME      VALUE            ERROR          SIZE      DERIVATIVE 
   1  N0           2.84345e+06     fixed    
   2  tau          6.44047e+01   constant   
   3  A0           3.52971e-01     fixed    
   4  phi          4.11757e+00     fixed    
   5  R           -6.13016e+01   constant   
   6  A_CBO        1.82817e-04     fixed    
   7  w_CBO        2.32658e+00     fixed    
   8  phi_CBO      4.39320e+00   2.09303e+00   1.57944e-02   4.02683e-01
   9  ANx2         6.64823e-04   constant   
  10  pNx2         9.66896e-01   constant   
  11  ANy1         0.00000e+00   constant   
  12  pNy1         0.00000e+00   constant   
  13  w_y          0.00000e+00   constant   
  14  ANy2         1.75426e-04     fixed    
  15  pNy2         5.88808e+00   constant   
  16  w_vw         1.43122e+01   constant   
  17  LM           1.40011e-04   constant   
  18  wCBO_expCoeff   1.99999e+02   1.37835e-03   9.53668e-05   3.62526e+03
  19  wCBO_expOffset   2.00000e+02   1.39738e-04   9.53673e-05   2.28104e+04
  20  wCBO_expT    3.00001e+01   2.36699e-04   1.43051e-05  -4.11634e+04
  21  wCBO_linCoeff   0.00000e+00   constant   
  22  wCBO_const  -4.01252e-03   5.20039e-03   9.69819e-06   1.19005e+03
 MIGRAD FAILS TO FIND IMPROVEMENT
 MIGRAD TERMINATED WITHOUT CONVERGENCE.
 FCN=751.212 FROM MIGRAD    STATUS=FAILED        173 CALLS        2791 TOTAL
                     EDM=101.816    STRATEGY= 1      ERR MATRIX NOT POS-DEF
  EXT PARAMETER                APPROXIMATE        STEP         FIRST   
  NO.   NAME      VALUE            ERROR          SIZE      DERIVATIVE 
   1  N0           2.84345e+06     fixed    
   2  tau          6.44047e+01   constant   
   3  A0           3.52971e-01     fixed    
   4  phi          4.11757e+00     fixed    
   5  R           -6.13016e+01   constant   
   6  A_CBO        1.82817e-04     fixed    
   7  w_CBO        2.32658e+00     fixed    
   8  phi_CBO      4.01042e+00   8.45758e-01   0.00000e+00  -2.23478e+00
   9  ANx2         6.64823e-04   constant   
  10  pNx2         9.66896e-01   constant   
  11  ANy1         0.00000e+00   constant   
  12  pNy1         0.00000e+00   constant   
  13  w_y          0.00000e+00   constant   
  14  ANy2         1.75426e-04     fixed    
  15  pNy2         5.88808e+00   constant   
  16  w_vw         1.43122e+01   constant   
  17  LM           1.40011e-04   constant   
  18  wCBO_expCoeff   1.99998e+02   3.08835e-04   0.00000e+00  -4.80008e+04
  19  wCBO_expOffset   2.00000e+02   4.29215e-05  -0.00000e+00  -9.12572e+04
  20  wCBO_expT    3.00000e+01   4.51256e-05   0.00000e+00   4.75223e+05
  21  wCBO_linCoeff   0.00000e+00   constant   
  22  wCBO_const  -8.68333e-03   1.66339e-03   0.00000e+00  -1.03899e+04
 EXTERNAL ERROR MATRIX.    NDIM=  25    NPAR=  5    ERR DEF=1
  7.153e-01 -8.123e-05  1.092e-06 -1.694e-05 -5.199e-04 
 -8.123e-05  9.538e-08 -4.732e-09  1.191e-08  2.405e-07 
  1.092e-06 -4.732e-09  1.842e-09 -9.593e-10 -5.548e-08 
 -1.694e-05  1.191e-08 -9.593e-10  2.036e-09  5.920e-08 
 -5.199e-04  2.405e-07 -5.548e-08  5.920e-08  2.767e-06 
ERR MATRIX NOT POS-DEF
 PARAMETER  CORRELATION COEFFICIENTS  
       NO.  GLOBAL      8     18     19     20     22
        8  0.57213   1.000 -0.311  0.030 -0.444 -0.370
       18  0.94894  -0.311  1.000 -0.357  0.854  0.468
       19  0.89631   0.030 -0.357  1.000 -0.495 -0.777
       20  0.97769  -0.444  0.854 -0.495  1.000  0.789
       22  0.96785  -0.370  0.468 -0.777  0.789  1.000
 ERR MATRIX NOT POS-DEF
MINUIT - FIT ONLY 1-y
 **********
 **   60 **RES 
 **********
                   PARAMETER   14  ANy2 RESTORED TO VARIABLE.
                   PARAMETER    7  w_CBO RESTORED TO VARIABLE.
                   PARAMETER    6  A_CBO RESTORED TO VARIABLE.
                   PARAMETER    4  phi RESTORED TO VARIABLE.
                   PARAMETER    3  A0 RESTORED TO VARIABLE.
                   PARAMETER    1  N0 RESTORED TO VARIABLE.
 **********
 **   61 **FIX            0
 **********
 PARAMETER    0  IS UNDEFINED. IGNORED.
 **********
 **   62 **FIX            1
 **********
 **********
 **   63 **FIX            2
 **********
 PARAMETER    2  IS CONSTANT.   IGNORED.
 **********
 **   64 **FIX            3
 **********
 **********
 **   65 **FIX            4
 **********
 **********
 **   66 **FIX            5
 **********
 PARAMETER    5  IS CONSTANT.   IGNORED.
 **********
 **   67 **FIX            6
 **********
 **********
 **   68 **FIX            7
 **********
 **********
 **   69 **FIX            8
 **********
 **********
 **   70 **FIX            9
 **********
 PARAMETER    9  IS CONSTANT.   IGNORED.
 **********
 **   71 **FIX           13
 **********
 PARAMETER   13  IS CONSTANT.   IGNORED.
 **********
 **   72 **FIX           14
 **********
 **********
 **   73 **FIX           15
 **********
 PARAMETER   15  IS CONSTANT.   IGNORED.
 **********
 **   74 **FIX           16
 **********
 PARAMETER   16  IS CONSTANT.   IGNORED.
 **********
 **   75 **MIGRAD
 **********
 START MIGRAD MINIMIZATION.  STRATEGY  1.  CONVERGENCE WHEN EDM .LT. 1.00e-04
 FCN=751.212 FROM MIGRAD    STATUS=INITIATE        8 CALLS        2799 TOTAL
                     EDM= unknown      STRATEGY= 1      NO ERROR MATRIX       
  EXT PARAMETER               CURRENT GUESS       STEP         FIRST   
  NO.   NAME      VALUE            ERROR          SIZE      DERIVATIVE 
   1  N0           2.84345e+06     fixed    
   2  tau          6.44047e+01   constant   
   3  A0           3.52971e-01     fixed    
   4  phi          4.11757e+00     fixed    
   5  R           -6.13016e+01   constant   
   6  A_CBO        1.82817e-04     fixed    
   7  w_CBO        2.32658e+00     fixed    
   8  phi_CBO      4.01042e+00     fixed    
   9  ANx2         6.64823e-04   constant   
  10  pNx2         9.66896e-01   constant   
  11  ANy1         0.00000e+00   constant   
  12  pNy1         0.00000e+00   constant   
  13  w_y          0.00000e+00   constant   
  14  ANy2         1.75426e-04     fixed    
  15  pNy2         5.88808e+00   constant   
  16  w_vw         1.43122e+01   constant   
  17  LM           1.40011e-04   constant   
  18  wCBO_expCoeff   1.99998e+02   3.08835e-04   0.00000e+00  -4.80008e+04
  19  wCBO_expOffset   2.00000e+02   4.29215e-05  -0.00000e+00  -9.12572e+04
  20  wCBO_expT    3.00000e+01   4.51256e-05   0.00000e+00   4.75223e+05
  21  wCBO_linCoeff   0.00000e+00   constant   
  22  wCBO_const  -8.68333e-03   1.66339e-03   0.00000e+00  -1.03899e+04
 CALL LIMIT EXCEEDED IN MIGRAD.
 MIGRAD TERMINATED WITHOUT CONVERGENCE.
 FCN=739.288 FROM MIGRAD    STATUS=CALL LIMIT    693 CALLS        3484 TOTAL
                     EDM=0.00737404    STRATEGY= 1  ERROR MATRIX UNCERTAINTY   1.3 per cent
  EXT PARAMETER                APPROXIMATE        STEP         FIRST   
  NO.   NAME      VALUE            ERROR          SIZE      DERIVATIVE 
   1  N0           2.84345e+06     fixed    
   2  tau          6.44047e+01   constant   
   3  A0           3.52971e-01     fixed    
   4  phi          4.11757e+00     fixed    
   5  R           -6.13016e+01   constant   
   6  A_CBO        1.82817e-04     fixed    
   7  w_CBO        2.32658e+00     fixed    
   8  phi_CBO      4.01042e+00     fixed    
   9  ANx2         6.64823e-04   constant   
  10  pNx2         9.66896e-01   constant   
  11  ANy1         0.00000e+00   constant   
  12  pNy1         0.00000e+00   constant   
  13  w_y          0.00000e+00   constant   
  14  ANy2         1.75426e-04     fixed    
  15  pNy2         5.88808e+00   constant   
  16  w_vw         1.43122e+01   constant   
  17  LM           1.40011e-04   constant   
  18  wCBO_expCoeff   1.99999e+02   1.57831e-03  -8.12348e-07   1.62830e+03
  19  wCBO_expOffset   2.00000e+02   7.39894e-05   3.76567e-08   5.18559e+03
  20  wCBO_expT    2.99999e+01   7.91129e-05  -2.07597e-08  -1.44331e+04
  21  wCBO_linCoeff   0.00000e+00   constant   
  22  wCBO_const  -6.34912e-03   3.75408e-03   2.01811e-06   3.64332e+02
 EXTERNAL ERROR MATRIX.    NDIM=  25    NPAR=  4    ERR DEF=1
  2.491e-06 -9.906e-08  9.181e-08 -5.379e-06 
 -9.906e-08  5.474e-09 -1.987e-09  2.535e-07 
  9.181e-08 -1.987e-09  6.259e-09 -1.157e-07 
 -5.379e-06  2.535e-07 -1.157e-07  1.409e-05 
ERR MATRIX APPROXIMATE
 PARAMETER  CORRELATION COEFFICIENTS  
       NO.  GLOBAL     18     19     20     22
       18  0.99999   1.000 -0.848  0.735 -0.908
       19  0.99976  -0.848  1.000 -0.340  0.913
       20  0.99997   0.735 -0.340  1.000 -0.390
       22  0.99998  -0.908  0.913 -0.390  1.000
 ERR MATRIX APPROXIMATE
MINUIT - FIT ONLY 2-y
 **********
 **   76 **RES 
 **********
                   PARAMETER   14  ANy2 RESTORED TO VARIABLE.
                   PARAMETER    8  phi_CBO RESTORED TO VARIABLE.
                   PARAMETER    7  w_CBO RESTORED TO VARIABLE.
                   PARAMETER    6  A_CBO RESTORED TO VARIABLE.
                   PARAMETER    4  phi RESTORED TO VARIABLE.
                   PARAMETER    3  A0 RESTORED TO VARIABLE.
                   PARAMETER    1  N0 RESTORED TO VARIABLE.
 **********
 **   77 **FIX            0
 **********
 PARAMETER    0  IS UNDEFINED. IGNORED.
 **********
 **   78 **FIX            1
 **********
 **********
 **   79 **FIX            2
 **********
 PARAMETER    2  IS CONSTANT.   IGNORED.
 **********
 **   80 **FIX            3
 **********
 **********
 **   81 **FIX            4
 **********
 **********
 **   82 **FIX            5
 **********
 PARAMETER    5  IS CONSTANT.   IGNORED.
 **********
 **   83 **FIX            6
 **********
 **********
 **   84 **FIX            7
 **********
 **********
 **   85 **FIX            8
 **********
 **********
 **   86 **FIX            9
 **********
 PARAMETER    9  IS CONSTANT.   IGNORED.
 **********
 **   87 **FIX           10
 **********
 PARAMETER   10  IS CONSTANT.   IGNORED.
 **********
 **   88 **FIX           11
 **********
 PARAMETER   11  IS CONSTANT.   IGNORED.
 **********
 **   89 **FIX           12
 **********
 PARAMETER   12  IS CONSTANT.   IGNORED.
 **********
 **   90 **FIX           16
 **********
 PARAMETER   16  IS CONSTANT.   IGNORED.
 **********
 **   91 **MIGRAD
 **********
 START MIGRAD MINIMIZATION.  STRATEGY  1.  CONVERGENCE WHEN EDM .LT. 1.00e-04
 FCN=739.288 FROM MIGRAD    STATUS=INITIATE       10 CALLS        3494 TOTAL
                     EDM= unknown      STRATEGY= 1      NO ERROR MATRIX       
  EXT PARAMETER               CURRENT GUESS       STEP         FIRST   
  NO.   NAME      VALUE            ERROR          SIZE      DERIVATIVE 
   1  N0           2.84345e+06     fixed    
   2  tau          6.44047e+01   constant   
   3  A0           3.52971e-01     fixed    
   4  phi          4.11757e+00     fixed    
   5  R           -6.13016e+01   constant   
   6  A_CBO        1.82817e-04     fixed    
   7  w_CBO        2.32658e+00     fixed    
   8  phi_CBO      4.01042e+00     fixed    
   9  ANx2         6.64823e-04   constant   
  10  pNx2         9.66896e-01   constant   
  11  ANy1         0.00000e+00   constant   
  12  pNy1         0.00000e+00   constant   
  13  w_y          0.00000e+00   constant   
  14  ANy2         1.75426e-04   2.58991e-04   2.58991e-04  -8.90500e+02
  15  pNy2         5.88808e+00   constant   
  16  w_vw         1.43122e+01   constant   
  17  LM           1.40011e-04   constant   
  18  wCBO_expCoeff   1.99999e+02   1.57831e-03  -8.12348e-07   1.62830e+03
  19  wCBO_expOffset   2.00000e+02   7.39894e-05   3.76567e-08   5.18559e+03
  20  wCBO_expT    2.99999e+01   7.91129e-05  -2.07597e-08  -1.44331e+04
  21  wCBO_linCoeff   0.00000e+00   constant   
  22  wCBO_const  -6.34912e-03   3.75408e-03   2.01811e-06   3.64332e+02
 MIGRAD FAILS TO FIND IMPROVEMENT
 FCN=739.213 FROM HESSE     STATUS=NOT POSDEF     35 CALLS        4260 TOTAL
                     EDM=0.0439123    STRATEGY= 1      ERR MATRIX NOT POS-DEF
  EXT PARAMETER                APPROXIMATE        STEP         FIRST   
  NO.   NAME      VALUE            ERROR          SIZE      DERIVATIVE 
   1  N0           2.84345e+06     fixed    
