 + ++++++++++++++++++++++++++++++++++++++++++++++++++++++++++++++++++++ +
 +                                                                      +
 +           You have chose to blind your fitting according to          +
 +                omega_ref * (1 + (R +/- deltaR) *10^{-6})             +
 +                                                                      +
 + ++++++++++++++++++++++++++++++++++++++++++++++++++++++++++++++++++++ +
In main()...
reading format from /gm2data/zkhechad/run45/envelope/formats/formatB_sBin_constraintOn.txt
pBinTau 	= 0  
pBinPhi 	= 0  
constraintau 	= 1 
includeMopTerm 	= 0    
constrainMop    = 0   
Parameters after format file: pBinTau 0 pBinPhi 0 constraintau 1 includeMopTerm 0 constrainMop 0 c_e_scale 0.000000 
reading cbo reference file (full fit) from /gm2data/zkhechad/cboTemplates/Run4CBOTemplates/fullFits/run4/sBin_constraintOn_cE0.0_seed0_run4_calo17.root
A_CBO 0.009291 w_CBO 2.326535 phi_CBO 1.607848 N0 3083493.360911 R -60.483843 tau 64.408135 
Reading cboRef file /gm2data/zkhechad/cboTemplates/Run4CBOTemplates//cboIsolate/run4_calo17.root
deltaT 164.120000
windowBins = 1100
fitting sliding window 2300 from bin 2503 at 373.447600 to bin 3603 at 537.567600 (1100 bins)

Reading data from /gm2data/cornell/histograms/aMethod/histogram_a_run4.root
fitting cbo isolate
 **********
 **    1 **SET PRINTOUT            1
 **********
 **********
 **    2 **SET NOWARNINGS 
 **********
 PARAMETER DEFINITIONS:
    NO.   NAME         VALUE      STEP SIZE      LIMITS
     1 A_CBO        9.29121e-03  1.00000e-05     no limits
     2 w_CBO        2.32653e+00  1.00000e-02    2.00000e+00  3.00000e+00
     3 phi_CBO      1.60785e+00  1.00000e-02    0.00000e+00  6.28319e+00
 **********
 **    3 **MIGRAD
 **********
 FIRST CALL TO USER FUNCTION AT NEW START POINT, WITH IFLAG=4.
 START MIGRAD MINIMIZATION.  STRATEGY  1.  CONVERGENCE WHEN EDM .LT. 1.00e-04
 FCN=0.234143 FROM MIGRAD    STATUS=INITIATE       12 CALLS          13 TOTAL
                     EDM= unknown      STRATEGY= 1      NO ERROR MATRIX       
  EXT PARAMETER               CURRENT GUESS       STEP         FIRST   
  NO.   NAME      VALUE            ERROR          SIZE      DERIVATIVE 
   1  A_CBO        9.29121e-03   1.00000e-05   1.00000e-05   7.00801e+00
   2  w_CBO        2.32653e+00   1.00000e-02   2.13267e-02   2.14179e+00
   3  phi_CBO      1.60785e+00   1.00000e-02   3.64731e-03  -2.55942e-02
 MIGRAD MINIMIZATION HAS CONVERGED.
 MIGRAD WILL VERIFY CONVERGENCE AND ERROR MATRIX.
 COVARIANCE MATRIX CALCULATED SUCCESSFULLY
 FCN=0.211373 FROM HESSE     STATUS=OK             16 CALLS          59 TOTAL
                     EDM=0.000109376    STRATEGY= 1      ERROR MATRIX ACCURATE 
  EXT PARAMETER                                   STEP         FIRST   
  NO.   NAME      VALUE            ERROR          SIZE      DERIVATIVE 
   1  A_CBO        3.07559e-03   4.37526e-02   2.28687e-05  -7.96718e-03
   2  w_CBO        2.32619e+00   3.24613e-01   3.53408e-05   3.44586e-02
   3  phi_CBO      1.75019e+00   4.88347e+00   2.72782e-03  -9.24827e-05
 MIGRAD MINIMIZATION HAS CONVERGED.
 MIGRAD WILL VERIFY CONVERGENCE AND ERROR MATRIX.
 COVARIANCE MATRIX CALCULATED SUCCESSFULLY
 FCN=0.211312 FROM MIGRAD    STATUS=CONVERGED      98 CALLS          99 TOTAL
                     EDM=2.4042e-05    STRATEGY= 1      ERROR MATRIX ACCURATE 
  EXT PARAMETER                                   STEP         FIRST   
  NO.   NAME      VALUE            ERROR          SIZE      DERIVATIVE 
   1  A_CBO        3.10706e-03   4.27522e-02   2.28717e-05   7.23609e-03
   2  w_CBO        2.32462e+00   2.06745e-01   3.35468e-05  -6.41034e-02
   3  phi_CBO      1.04841e+00   4.89491e+00   2.91354e-03   8.11782e-04
 EXTERNAL ERROR MATRIX.    NDIM=  25    NPAR=  3    ERR DEF=1
  1.828e-03 -7.970e-04 -3.915e-01 
 -7.970e-04  4.585e-02  2.126e+01 
 -3.915e-01  2.126e+01  1.005e+04 
 PARAMETER  CORRELATION COEFFICIENTS  
       NO.  GLOBAL      1      2      3
        1  0.09479   1.000 -0.087 -0.091
        2  0.99066  -0.087  1.000  0.991
        3  0.99067  -0.091  0.991  1.000
setting A_CBO=0.003107 w_CBO=2.324616, phi_CBO=1.048414
done fitting cbo isolate
 **********
 **    1 **SET PRINTOUT            1
 **********
 **********
 **    2 **SET NOWARNINGS 
 **********
 PARAMETER DEFINITIONS:
    NO.   NAME         VALUE      STEP SIZE      LIMITS
     1 N0           3.08349e+06  1.00000e+02     no limits
     2 tau          6.44081e+01  constant
     3 A0           3.45384e-01  1.00000e-04     no limits
     4 phi          4.12005e+00  1.00000e-02     no limits
     5 R           -6.04838e+01  constant
     6 A_CBO        3.10706e-03  1.00000e-05     no limits
     7 w_CBO        2.32462e+00  1.00000e-03     no limits
     8 phi_CBO      1.04841e+00  1.00000e-04     no limits
     9 ANx2         3.59468e-04  constant
    10 pNx2         5.65332e+00  constant
    11 ANy1         0.00000e+00  constant
    12 pNy1         0.00000e+00  constant
    13 w_y          0.00000e+00  constant
    14 ANy2         9.88841e-03  1.00000e-04     no limits
    15 pNy2         2.39757e+00  constant
    16 w_vw         1.43118e+01  constant
    17 LM           1.25147e-04  constant
    18 wCBO_expCoeff   2.00000e+02  1.00000e+00     no limits
    19 wCBO_expOffset   2.00000e+02  1.00000e+00     no limits
    20 wCBO_expT    3.00000e+01  1.00000e+00     no limits
    21 wCBO_linCoeff   0.00000e+00  constant
    22 wCBO_const   0.00000e+00  1.00000e-02     no limits
MINUIT - FIT ONLY WIGGLE
 **********
 **    3 **FIX            5
 **********
 PARAMETER    5  IS CONSTANT.   IGNORED.
 **********
 **    4 **FIX            6
 **********
 **********
 **    5 **FIX            7
 **********
 **********
 **    6 **FIX            8
 **********
 **********
 **    7 **FIX            9
 **********
 PARAMETER    9  IS CONSTANT.   IGNORED.
 **********
 **    8 **FIX           10
 **********
 PARAMETER   10  IS CONSTANT.   IGNORED.
 **********
 **    9 **FIX           11
 **********
 PARAMETER   11  IS CONSTANT.   IGNORED.
 **********
 **   10 **FIX           12
 **********
 PARAMETER   12  IS CONSTANT.   IGNORED.
 **********
 **   11 **FIX           13
 **********
 PARAMETER   13  IS CONSTANT.   IGNORED.
 **********
 **   12 **FIX           14
 **********
 **********
 **   13 **FIX           15
 **********
 PARAMETER   15  IS CONSTANT.   IGNORED.
 **********
 **   14 **FIX           16
 **********
 PARAMETER   16  IS CONSTANT.   IGNORED.
 **********
 **   15 **MIGRAD
 **********
 FIRST CALL TO USER FUNCTION AT NEW START POINT, WITH IFLAG=4.
 START MIGRAD MINIMIZATION.  STRATEGY  1.  CONVERGENCE WHEN EDM .LT. 1.00e-04
 FCN=474.695 FROM MIGRAD    STATUS=INITIATE       30 CALLS          31 TOTAL
                     EDM= unknown      STRATEGY= 1      NO ERROR MATRIX       
  EXT PARAMETER               CURRENT GUESS       STEP         FIRST   
  NO.   NAME      VALUE            ERROR          SIZE      DERIVATIVE 
   1  N0           3.08349e+06   1.00000e+02   1.00000e+02   1.24807e-03
   2  tau          6.44081e+01   constant   
   3  A0           3.45384e-01   1.00000e-04   1.00000e-04  -1.18924e+03
   4  phi          4.12005e+00   1.00000e-02   1.00000e-02  -7.84179e+01
   5  R           -6.04838e+01   constant   
   6  A_CBO        3.10706e-03     fixed    
   7  w_CBO        2.32462e+00     fixed    
   8  phi_CBO      1.04841e+00     fixed    
   9  ANx2         3.59468e-04   constant   
  10  pNx2         5.65332e+00   constant   
  11  ANy1         0.00000e+00   constant   
  12  pNy1         0.00000e+00   constant   
  13  w_y          0.00000e+00   constant   
  14  ANy2         9.88841e-03     fixed    
  15  pNy2         2.39757e+00   constant   
  16  w_vw         1.43118e+01   constant   
  17  LM           1.25147e-04   constant   
  18  wCBO_expCoeff   2.00000e+02   1.00000e+00   1.00000e+00  -5.44303e+00
  19  wCBO_expOffset   2.00000e+02   1.00000e+00   1.00000e+00  -3.62861e+01
  20  wCBO_expT    3.00000e+01   1.00000e+00   1.00000e+00  -2.34974e+02
  21  wCBO_linCoeff   0.00000e+00   constant   
  22  wCBO_const   0.00000e+00   1.00000e-02   1.00000e-02  -5.27953e+03
 MIGRAD MINIMIZATION HAS CONVERGED.
 FCN=467.686 FROM MIGRAD    STATUS=CONVERGED     202 CALLS         203 TOTAL
                     EDM=7.34163e-07    STRATEGY= 1  ERROR MATRIX UNCERTAINTY   0.9 per cent
  EXT PARAMETER                                   STEP         FIRST   
  NO.   NAME      VALUE            ERROR          SIZE      DERIVATIVE 
   1  N0           3.08091e+06   1.89306e+03   8.11875e-02  -8.02946e-08
   2  tau          6.44081e+01   constant   
   3  A0           3.46118e-01   8.35810e-04  -1.25219e-06   1.56547e+00
   4  phi          4.12073e+00   2.46380e-03   2.21886e-06   6.39114e-02
   5  R           -6.04838e+01   constant   
   6  A_CBO        3.10706e-03     fixed    
   7  w_CBO        2.32462e+00     fixed    
   8  phi_CBO      1.04841e+00     fixed    
   9  ANx2         3.59468e-04   constant   
  10  pNx2         5.65332e+00   constant   
  11  ANy1         0.00000e+00   constant   
  12  pNy1         0.00000e+00   constant   
  13  w_y          0.00000e+00   constant   
  14  ANy2         9.88841e-03     fixed    
  15  pNy2         2.39757e+00   constant   
  16  w_vw         1.43118e+01   constant   
  17  LM           1.25147e-04   constant   
  18  wCBO_expCoeff   2.03843e+02   3.42070e+00   6.26968e-03   8.13371e-04
  19  wCBO_expOffset   2.00580e+02   5.16770e-01   9.47107e-04   5.55590e-03
  20  wCBO_expT    2.98626e+01   1.71917e-01  -3.50800e-04   3.90568e-02
  21  wCBO_linCoeff   0.00000e+00   constant   
  22  wCBO_const   8.65292e-04   9.37575e-04   3.42201e-06   1.45057e+00
 EXTERNAL ERROR MATRIX.    NDIM=  25    NPAR=  7    ERR DEF=1
  3.584e+06 -4.172e-02 -1.557e-01  2.048e+02  3.092e+01 -8.762e+00 -9.607e-02 
 -4.172e-02  6.986e-07  1.731e-08  6.201e-05  9.425e-06 -4.150e-06  1.137e-07 
 -1.557e-01  1.731e-08  6.070e-06 -7.560e-04 -1.141e-04  3.735e-05  1.294e-08 
  2.048e+02  6.201e-05 -7.560e-04  1.170e+01  1.734e+00 -5.829e-01  2.109e-03 
  3.092e+01  9.425e-06 -1.141e-04  1.734e+00  2.671e-01 -8.806e-02  3.186e-04 
 -8.762e+00 -4.150e-06  3.735e-05 -5.829e-01 -8.806e-02  2.956e-02 -1.136e-04 
 -9.607e-02  1.137e-07  1.294e-08  2.109e-03  3.186e-04 -1.136e-04  8.790e-07 
 PARAMETER  CORRELATION COEFFICIENTS  
       NO.  GLOBAL      1      3      4     18     19     20     22
        1  0.10975   1.000 -0.026 -0.033  0.032  0.032 -0.027 -0.054
        3  0.18450  -0.026  1.000  0.008  0.022  0.022 -0.029  0.145
        4  0.13979  -0.033  0.008  1.000 -0.090 -0.090  0.088  0.006
       18  0.99363   0.032  0.022 -0.090  1.000  0.981 -0.991  0.658
       19  0.99365   0.032  0.022 -0.090  0.981  1.000 -0.991  0.658
       20  0.99785  -0.027 -0.029  0.088 -0.991 -0.991  1.000 -0.705
       22  0.84562  -0.054  0.145  0.006  0.658  0.658 -0.705  1.000
MINUIT - FIT ONLY 1-CBO + other amplitudes 
 **********
 **   16 **RES 
 **********
                   PARAMETER   14  ANy2 RESTORED TO VARIABLE.
                   PARAMETER    8  phi_CBO RESTORED TO VARIABLE.
                   PARAMETER    7  w_CBO RESTORED TO VARIABLE.
                   PARAMETER    6  A_CBO RESTORED TO VARIABLE.
 **********
 **   17 **FIX            0
 **********
 PARAMETER    0  IS UNDEFINED. IGNORED.
 **********
 **   18 **FIX            1
 **********
 **********
 **   19 **FIX            2
 **********
 PARAMETER    2  IS CONSTANT.   IGNORED.
 **********
 **   20 **FIX            3
 **********
 **********
 **   21 **FIX            4
 **********
 **********
 **   22 **FIX            9
 **********
 PARAMETER    9  IS CONSTANT.   IGNORED.
 **********
 **   23 **FIX           11
 **********
 PARAMETER   11  IS CONSTANT.   IGNORED.
 **********
 **   24 **FIX           12
 **********
 PARAMETER   12  IS CONSTANT.   IGNORED.
 **********
 **   25 **FIX           14
 **********
 **********
 **   26 **FIX           15
 **********
 PARAMETER   15  IS CONSTANT.   IGNORED.
 **********
 **   27 **FIX           16
 **********
 PARAMETER   16  IS CONSTANT.   IGNORED.
 **********
 **   28 **MIGRAD
 **********
 START MIGRAD MINIMIZATION.  STRATEGY  1.  CONVERGENCE WHEN EDM .LT. 1.00e-04
 FCN=467.686 FROM MIGRAD    STATUS=INITIATE       18 CALLS         221 TOTAL
                     EDM= unknown      STRATEGY= 1      NO ERROR MATRIX       
  EXT PARAMETER               CURRENT GUESS       STEP         FIRST   
  NO.   NAME      VALUE            ERROR          SIZE      DERIVATIVE 
   1  N0           3.08091e+06     fixed    
   2  tau          6.44081e+01   constant   
   3  A0           3.46118e-01     fixed    
   4  phi          4.12073e+00     fixed    
   5  R           -6.04838e+01   constant   
   6  A_CBO        3.10706e-03   1.00000e-05   1.00000e-05   5.56886e+03
   7  w_CBO        2.32462e+00   1.00000e-03   1.00000e-03   6.93461e-01
   8  phi_CBO      1.04841e+00   1.00000e-04   1.00000e-04  -2.78861e+00
   9  ANx2         3.59468e-04   constant   
  10  pNx2         5.65332e+00   constant   
  11  ANy1         0.00000e+00   constant   
  12  pNy1         0.00000e+00   constant   
  13  w_y          0.00000e+00   constant   
  14  ANy2         9.88841e-03     fixed    
  15  pNy2         2.39757e+00   constant   
  16  w_vw         1.43118e+01   constant   
  17  LM           1.25147e-04   constant   
  18  wCBO_expCoeff   2.03843e+02   3.42070e+00   6.26968e-03   8.13521e-04
  19  wCBO_expOffset   2.00580e+02   5.16770e-01   9.47107e-04   5.55687e-03
  20  wCBO_expT    2.98626e+01   1.71917e-01  -3.50800e-04   3.90630e-02
  21  wCBO_linCoeff   0.00000e+00   constant   
  22  wCBO_const   8.65292e-04   9.37575e-04   3.42201e-06   1.45056e+00
 MIGRAD MINIMIZATION HAS CONVERGED.
 MIGRAD WILL VERIFY CONVERGENCE AND ERROR MATRIX.
 FCN=459.622 FROM MIGRAD    STATUS=CONVERGED     268 CALLS         471 TOTAL
                     EDM=3.28549e-08    STRATEGY= 1      ERR MATRIX NOT POS-DEF
  EXT PARAMETER                APPROXIMATE        STEP         FIRST   
  NO.   NAME      VALUE            ERROR          SIZE      DERIVATIVE 
   1  N0           3.08091e+06     fixed    
   2  tau          6.44081e+01   constant   
   3  A0           3.46118e-01     fixed    
   4  phi          4.12073e+00     fixed    
   5  R           -6.04838e+01   constant   
   6  A_CBO        1.03873e-03   8.73463e-04   9.13509e-06   1.25073e-01
   7  w_CBO        2.32553e+00   1.01793e-02   9.52342e-06  -1.06507e-01
   8  phi_CBO      2.35696e+00   9.85070e-01   8.51764e-03   2.59646e-04
   9  ANx2         3.59468e-04   constant   
  10  pNx2         5.65332e+00   constant   
  11  ANy1         0.00000e+00   constant   
  12  pNy1         0.00000e+00   constant   
  13  w_y          0.00000e+00   constant   
  14  ANy2         9.88841e-03     fixed    
  15  pNy2         2.39757e+00   constant   
  16  w_vw         1.43118e+01   constant   
  17  LM           1.25147e-04   constant   
  18  wCBO_expCoeff   2.03343e+02   3.67216e+00   3.57241e-03  -8.79595e-05
  19  wCBO_expOffset   2.00507e+02   5.39781e-01   5.24984e-04  -5.99707e-04
  20  wCBO_expT    2.98829e+01   8.09166e-02   8.49068e-05  -5.26274e-03
  21  wCBO_linCoeff   0.00000e+00   constant   
  22  wCBO_const   1.49962e-03   4.38717e-03   5.03911e-06  -2.29460e-01
 EXTERNAL ERROR MATRIX.    NDIM=  25    NPAR=  7    ERR DEF=1
  7.629e-07 -6.113e-09 -3.369e-05  6.251e-05  9.202e-06 -2.203e-06 -4.206e-08 
 -6.113e-09  1.036e-04  3.518e-04 -3.078e-03 -4.543e-04 -7.819e-05 -4.375e-05 
 -3.369e-05  3.518e-04  9.704e-01 -1.524e-03 -2.376e-04 -1.970e-03  2.320e-04 
  6.251e-05 -3.078e-03 -1.524e-03  1.348e+01 -1.182e+00 -1.266e-01  1.683e-03 
  9.202e-06 -4.543e-04 -2.376e-04 -1.182e+00  2.914e-01 -1.862e-02  2.482e-04 
 -2.203e-06 -7.819e-05 -1.970e-03 -1.266e-01 -1.862e-02  6.547e-03  6.346e-06 
 -4.206e-08 -4.375e-05  2.320e-04  1.683e-03  2.482e-04  6.346e-06  1.925e-05 
ERR MATRIX NOT POS-DEF
 PARAMETER  CORRELATION COEFFICIENTS  
       NO.  GLOBAL      6      7      8     18     19     20     22
        6  0.09423   1.000 -0.001 -0.039  0.019  0.020 -0.031 -0.011
        7  0.99603  -0.001  1.000  0.035 -0.082 -0.083 -0.095 -0.980
        8  0.56779  -0.039  0.035  1.000 -0.000 -0.000 -0.025  0.054
       18  0.99570   0.019 -0.082 -0.000  1.000 -0.597 -0.426  0.104
       19  0.99570   0.020 -0.083 -0.000 -0.597  1.000 -0.426  0.105
       20  0.99500  -0.031 -0.095 -0.025 -0.426 -0.426  1.000  0.018
       22  0.99401  -0.011 -0.980  0.054  0.104  0.105  0.018  1.000
 ERR MATRIX NOT POS-DEF
MINUIT - FIT ONLY 1-CBO
 **********
 **   29 **RES 
 **********
                   PARAMETER   14  ANy2 RESTORED TO VARIABLE.
                   PARAMETER    4  phi RESTORED TO VARIABLE.
                   PARAMETER    3  A0 RESTORED TO VARIABLE.
                   PARAMETER    1  N0 RESTORED TO VARIABLE.
 **********
 **   30 **FIX            0
 **********
 PARAMETER    0  IS UNDEFINED. IGNORED.
 **********
 **   31 **FIX            1
 **********
 **********
 **   32 **FIX            2
 **********
 PARAMETER    2  IS CONSTANT.   IGNORED.
 **********
 **   33 **FIX            3
 **********
 **********
 **   34 **FIX            4
 **********
 **********
 **   35 **FIX            8
 **********
 **********
 **   36 **FIX            9
 **********
 PARAMETER    9  IS CONSTANT.   IGNORED.
 **********
 **   37 **FIX           11
 **********
 PARAMETER   11  IS CONSTANT.   IGNORED.
 **********
 **   38 **FIX           12
 **********
 PARAMETER   12  IS CONSTANT.   IGNORED.
 **********
 **   39 **FIX           13
 **********
 PARAMETER   13  IS CONSTANT.   IGNORED.
 **********
 **   40 **FIX           15
 **********
 PARAMETER   15  IS CONSTANT.   IGNORED.
 **********
 **   41 **FIX           16
 **********
 PARAMETER   16  IS CONSTANT.   IGNORED.
 **********
 **   42 **MIGRAD
 **********
 START MIGRAD MINIMIZATION.  STRATEGY  1.  CONVERGENCE WHEN EDM .LT. 1.00e-04
 FCN=459.622 FROM MIGRAD    STATUS=INITIATE       16 CALLS         487 TOTAL
                     EDM= unknown      STRATEGY= 1      NO ERROR MATRIX       
  EXT PARAMETER               CURRENT GUESS       STEP         FIRST   
  NO.   NAME      VALUE            ERROR          SIZE      DERIVATIVE 
   1  N0           3.08091e+06     fixed    
   2  tau          6.44081e+01   constant   
   3  A0           3.46118e-01     fixed    
   4  phi          4.12073e+00     fixed    
   5  R           -6.04838e+01   constant   
   6  A_CBO        1.03873e-03   8.73463e-04   9.13509e-06   1.25073e-01
   7  w_CBO        2.32553e+00   1.01793e-02   9.52342e-06  -1.06026e-01
   8  phi_CBO      2.35696e+00     fixed    
   9  ANx2         3.59468e-04   constant   
  10  pNx2         5.65332e+00   constant   
  11  ANy1         0.00000e+00   constant   
  12  pNy1         0.00000e+00   constant   
  13  w_y          0.00000e+00   constant   
  14  ANy2         9.88841e-03   1.00000e-04   1.00000e-04   2.77815e+04
  15  pNy2         2.39757e+00   constant   
  16  w_vw         1.43118e+01   constant   
  17  LM           1.25147e-04   constant   
  18  wCBO_expCoeff   2.03343e+02   3.67216e+00   3.57241e-03  -8.87615e-05
  19  wCBO_expOffset   2.00507e+02   5.39781e-01   5.24984e-04  -6.29269e-04
  20  wCBO_expT    2.98829e+01   8.09166e-02   8.49068e-05  -5.30412e-03
  21  wCBO_linCoeff   0.00000e+00   constant   
  22  wCBO_const   1.49962e-03   4.38717e-03   5.03911e-06  -2.28444e-01
 MIGRAD MINIMIZATION HAS CONVERGED.
 MIGRAD WILL VERIFY CONVERGENCE AND ERROR MATRIX.
 COVARIANCE MATRIX CALCULATED SUCCESSFULLY
 FCN=315.678 FROM MIGRAD    STATUS=CONVERGED     262 CALLS         733 TOTAL
                     EDM=8.08937e-06    STRATEGY= 1      ERROR MATRIX ACCURATE 
  EXT PARAMETER                                   STEP         FIRST   
  NO.   NAME      VALUE            ERROR          SIZE      DERIVATIVE 
   1  N0           3.08091e+06     fixed    
   2  tau          6.44081e+01   constant   
   3  A0           3.46118e-01     fixed    
   4  phi          4.12073e+00     fixed    
   5  R           -6.04838e+01   constant   
   6  A_CBO        1.31741e-03   8.71745e-04   7.45546e-06   2.69139e+00
   7  w_CBO        2.32774e+00   4.46015e-02   7.66201e-06  -3.34058e+00
   8  phi_CBO      2.35696e+00     fixed    
   9  ANx2         3.59468e-04   constant   
  10  pNx2         5.65332e+00   constant   
  11  ANy1         0.00000e+00   constant   
  12  pNy1         0.00000e+00   constant   
  13  w_y          0.00000e+00   constant   
  14  ANy2        -4.09071e-04   8.57885e-04   7.44784e-06   1.43129e+00
  15  pNy2         2.39757e+00   constant   
  16  w_vw         1.43118e+01   constant   
  17  LM           1.25147e-04   constant   
  18  wCBO_expCoeff   2.08353e+02   3.04384e+01   2.72959e-03  -1.07251e-02
  19  wCBO_expOffset   2.01244e+02   4.34433e+00   3.88410e-04  -7.53667e-02
  20  wCBO_expT    2.96499e+01   1.62574e-01   6.28690e-05  -4.63978e-01
  21  wCBO_linCoeff   0.00000e+00   constant   
  22  wCBO_const   9.12473e-04   1.91871e-02   4.16253e-06  -5.53631e+00
 EXTERNAL ERROR MATRIX.    NDIM=  25    NPAR=  7    ERR DEF=1
  7.599e-07  2.463e-07 -2.788e-08  2.585e-04  4.279e-05 -1.274e-05 -8.371e-08 
  2.463e-07  1.989e-03 -5.852e-09 -7.416e-02 -1.417e-02 -1.066e-04 -8.547e-04 
 -2.788e-08 -5.852e-09  7.360e-07  3.604e-05  5.906e-06 -1.869e-06  5.350e-09 
  2.585e-04 -7.416e-02  3.604e-05  9.265e+02 -1.279e+02 -5.064e-01  3.354e-02 
  4.279e-05 -1.417e-02  5.906e-06 -1.279e+02  1.887e+01 -8.291e-02  6.360e-03 
 -1.274e-05 -1.066e-04 -1.869e-06 -5.064e-01 -8.291e-02  2.643e-02 -4.775e-05 
 -8.371e-08 -8.547e-04  5.350e-09  3.354e-02  6.360e-03 -4.775e-05  3.681e-04 
 PARAMETER  CORRELATION COEFFICIENTS  
       NO.  GLOBAL      6      7     14     18     19     20     22
        6  0.17675   1.000  0.006 -0.037  0.010  0.011 -0.090 -0.005
        7  0.99980   0.006  1.000 -0.000 -0.055 -0.073 -0.015 -0.999
       14  0.04170  -0.037 -0.000  1.000  0.001  0.002 -0.013  0.000
       18  0.99995   0.010 -0.055  0.001  1.000 -0.967 -0.102  0.057
       19  0.99995   0.011 -0.073  0.002 -0.967  1.000 -0.117  0.076
       20  0.99900  -0.090 -0.015 -0.013 -0.102 -0.117  1.000 -0.015
       22  0.99969  -0.005 -0.999  0.000  0.057  0.076 -0.015  1.000
MINUIT - FIT ONLY 2-CBO
 **********
 **   43 **RES 
 **********
                   PARAMETER    8  phi_CBO RESTORED TO VARIABLE.
                   PARAMETER    4  phi RESTORED TO VARIABLE.
                   PARAMETER    3  A0 RESTORED TO VARIABLE.
                   PARAMETER    1  N0 RESTORED TO VARIABLE.
 **********
 **   44 **FIX            0
 **********
 PARAMETER    0  IS UNDEFINED. IGNORED.
 **********
 **   45 **FIX            1
 **********
 **********
 **   46 **FIX            2
 **********
 PARAMETER    2  IS CONSTANT.   IGNORED.
 **********
 **   47 **FIX            3
 **********
 **********
 **   48 **FIX            4
 **********
 **********
 **   49 **FIX            5
 **********
 PARAMETER    5  IS CONSTANT.   IGNORED.
 **********
 **   50 **FIX            6
 **********
 **********
 **   51 **FIX            7
 **********
 **********
 **   52 **FIX           10
 **********
 PARAMETER   10  IS CONSTANT.   IGNORED.
 **********
 **   53 **FIX           11
 **********
 PARAMETER   11  IS CONSTANT.   IGNORED.
 **********
 **   54 **FIX           12
 **********
 PARAMETER   12  IS CONSTANT.   IGNORED.
 **********
 **   55 **FIX           13
 **********
 PARAMETER   13  IS CONSTANT.   IGNORED.
 **********
 **   56 **FIX           14
 **********
 **********
 **   57 **FIX           15
 **********
 PARAMETER   15  IS CONSTANT.   IGNORED.
 **********
 **   58 **FIX           16
 **********
 PARAMETER   16  IS CONSTANT.   IGNORED.
 **********
 **   59 **MIGRAD
 **********
 START MIGRAD MINIMIZATION.  STRATEGY  1.  CONVERGENCE WHEN EDM .LT. 1.00e-04
 FCN=315.678 FROM MIGRAD    STATUS=INITIATE       10 CALLS         743 TOTAL
                     EDM= unknown      STRATEGY= 1      NO ERROR MATRIX       
  EXT PARAMETER               CURRENT GUESS       STEP         FIRST   
  NO.   NAME      VALUE            ERROR          SIZE      DERIVATIVE 
   1  N0           3.08091e+06     fixed    
   2  tau          6.44081e+01   constant   
   3  A0           3.46118e-01     fixed    
   4  phi          4.12073e+00     fixed    
   5  R           -6.04838e+01   constant   
   6  A_CBO        1.31741e-03     fixed    
   7  w_CBO        2.32774e+00     fixed    
   8  phi_CBO      2.35696e+00   9.85070e-01   9.85070e-01   4.69827e-01
   9  ANx2         3.59468e-04   constant   
  10  pNx2         5.65332e+00   constant   
  11  ANy1         0.00000e+00   constant   
  12  pNy1         0.00000e+00   constant   
  13  w_y          0.00000e+00   constant   
  14  ANy2        -4.09071e-04     fixed    
  15  pNy2         2.39757e+00   constant   
  16  w_vw         1.43118e+01   constant   
  17  LM           1.25147e-04   constant   
  18  wCBO_expCoeff   2.08353e+02   3.04384e+01   2.72959e-03  -1.07255e-02
  19  wCBO_expOffset   2.01244e+02   4.34433e+00   3.88410e-04  -7.53666e-02
  20  wCBO_expT    2.96499e+01   1.62574e-01   6.28690e-05  -4.64080e-01
  21  wCBO_linCoeff   0.00000e+00   constant   
  22  wCBO_const   9.12473e-04   1.91871e-02   4.16253e-06  -5.53728e+00
 MIGRAD MINIMIZATION HAS CONVERGED.
 MIGRAD WILL VERIFY CONVERGENCE AND ERROR MATRIX.
 FCN=315.629 FROM MIGRAD    STATUS=CONVERGED      94 CALLS         827 TOTAL
                     EDM=1.55094e-05    STRATEGY= 1      ERR MATRIX NOT POS-DEF
  EXT PARAMETER                APPROXIMATE        STEP         FIRST   
  NO.   NAME      VALUE            ERROR          SIZE      DERIVATIVE 
   1  N0           3.08091e+06     fixed    
   2  tau          6.44081e+01   constant   
   3  A0           3.46118e-01     fixed    
   4  phi          4.12073e+00     fixed    
   5  R           -6.04838e+01   constant   
   6  A_CBO        1.31741e-03     fixed    
   7  w_CBO        2.32774e+00     fixed    
   8  phi_CBO      2.14920e+00   9.34194e-01   5.61564e-03   1.16731e-05
   9  ANx2         3.59468e-04   constant   
  10  pNx2         5.65332e+00   constant   
  11  ANy1         0.00000e+00   constant   
  12  pNy1         0.00000e+00   constant   
  13  w_y          0.00000e+00   constant   
  14  ANy2        -4.09071e-04     fixed    
  15  pNy2         2.39757e+00   constant   
  16  w_vw         1.43118e+01   constant   
  17  LM           1.25147e-04   constant   
  18  wCBO_expCoeff   2.08355e+02   3.76452e+00   2.67309e-03   1.05141e-04
  19  wCBO_expOffset   2.01244e+02   5.35815e-01   3.80391e-04   7.38901e-04
  20  wCBO_expT    2.96499e+01   7.98401e-02   6.16559e-05  -6.57308e-02
  21  wCBO_linCoeff   0.00000e+00   constant   
  22  wCBO_const   8.01089e-04   9.57191e-04   4.14088e-06  -9.28597e-02
 EXTERNAL ERROR MATRIX.    NDIM=  25    NPAR=  5    ERR DEF=1
  8.727e-01  1.303e-03  1.850e-04 -1.605e-04  4.711e-04 
  1.303e-03  1.417e+01 -1.224e+00 -1.318e-01  3.355e-04 
  1.850e-04 -1.224e+00  2.871e-01 -1.877e-02  4.774e-05 
 -1.605e-04 -1.318e-01 -1.877e-02  6.374e-03 -2.331e-05 
  4.711e-04  3.355e-04  4.774e-05 -2.331e-05  9.162e-07 
ERR MATRIX NOT POS-DEF
 PARAMETER  CORRELATION COEFFICIENTS  
       NO.  GLOBAL      8     18     19     20     22
        8  0.72360   1.000  0.000  0.000 -0.002  0.527
       18  0.99667   0.000  1.000 -0.607 -0.438  0.093
       19  0.99667   0.000 -0.607  1.000 -0.439  0.093
       20  0.99606  -0.002 -0.438 -0.439  1.000 -0.305
       22  0.86792   0.527  0.093  0.093 -0.305  1.000
 ERR MATRIX NOT POS-DEF
MINUIT - FIT ONLY 1-y
 **********
 **   60 **RES 
 **********
                   PARAMETER   14  ANy2 RESTORED TO VARIABLE.
                   PARAMETER    7  w_CBO RESTORED TO VARIABLE.
                   PARAMETER    6  A_CBO RESTORED TO VARIABLE.
                   PARAMETER    4  phi RESTORED TO VARIABLE.
                   PARAMETER    3  A0 RESTORED TO VARIABLE.
                   PARAMETER    1  N0 RESTORED TO VARIABLE.
 **********
 **   61 **FIX            0
 **********
 PARAMETER    0  IS UNDEFINED. IGNORED.
 **********
 **   62 **FIX            1
 **********
 **********
 **   63 **FIX            2
 **********
 PARAMETER    2  IS CONSTANT.   IGNORED.
 **********
 **   64 **FIX            3
 **********
 **********
 **   65 **FIX            4
 **********
 **********
 **   66 **FIX            5
 **********
 PARAMETER    5  IS CONSTANT.   IGNORED.
 **********
 **   67 **FIX            6
 **********
 **********
 **   68 **FIX            7
 **********
 **********
 **   69 **FIX            8
 **********
 **********
 **   70 **FIX            9
 **********
 PARAMETER    9  IS CONSTANT.   IGNORED.
 **********
 **   71 **FIX           13
 **********
 PARAMETER   13  IS CONSTANT.   IGNORED.
 **********
 **   72 **FIX           14
 **********
 **********
 **   73 **FIX           15
 **********
 PARAMETER   15  IS CONSTANT.   IGNORED.
 **********
 **   74 **FIX           16
 **********
 PARAMETER   16  IS CONSTANT.   IGNORED.
 **********
 **   75 **MIGRAD
 **********
 START MIGRAD MINIMIZATION.  STRATEGY  1.  CONVERGENCE WHEN EDM .LT. 1.00e-04
 FCN=315.629 FROM MIGRAD    STATUS=INITIATE        8 CALLS         835 TOTAL
                     EDM= unknown      STRATEGY= 1      NO ERROR MATRIX       
  EXT PARAMETER               CURRENT GUESS       STEP         FIRST   
  NO.   NAME      VALUE            ERROR          SIZE      DERIVATIVE 
   1  N0           3.08091e+06     fixed    
   2  tau          6.44081e+01   constant   
   3  A0           3.46118e-01     fixed    
   4  phi          4.12073e+00     fixed    
   5  R           -6.04838e+01   constant   
   6  A_CBO        1.31741e-03     fixed    
   7  w_CBO        2.32774e+00     fixed    
   8  phi_CBO      2.14920e+00     fixed    
   9  ANx2         3.59468e-04   constant   
  10  pNx2         5.65332e+00   constant   
  11  ANy1         0.00000e+00   constant   
  12  pNy1         0.00000e+00   constant   
  13  w_y          0.00000e+00   constant   
  14  ANy2        -4.09071e-04     fixed    
  15  pNy2         2.39757e+00   constant   
  16  w_vw         1.43118e+01   constant   
  17  LM           1.25147e-04   constant   
  18  wCBO_expCoeff   2.08355e+02   3.76452e+00   2.67309e-03   1.06072e-04
  19  wCBO_expOffset   2.01244e+02   5.35815e-01   3.80391e-04   7.45796e-04
  20  wCBO_expT    2.96499e+01   7.98401e-02   6.16559e-05  -6.55678e-02
  21  wCBO_linCoeff   0.00000e+00   constant   
  22  wCBO_const   8.01089e-04   9.57191e-04   4.14088e-06  -9.07494e-02
 MIGRAD MINIMIZATION HAS CONVERGED.
 MIGRAD WILL VERIFY CONVERGENCE AND ERROR MATRIX.
 FCN=315.629 FROM MIGRAD    STATUS=CONVERGED      41 CALLS         868 TOTAL
                     EDM=1.69842e-05    STRATEGY= 1      ERR MATRIX NOT POS-DEF
  EXT PARAMETER                APPROXIMATE        STEP         FIRST   
  NO.   NAME      VALUE            ERROR          SIZE      DERIVATIVE 
   1  N0           3.08091e+06     fixed    
   2  tau          6.44081e+01   constant   
   3  A0           3.46118e-01     fixed    
   4  phi          4.12073e+00     fixed    
   5  R           -6.04838e+01   constant   
   6  A_CBO        1.31741e-03     fixed    
   7  w_CBO        2.32774e+00     fixed    
   8  phi_CBO      2.14920e+00     fixed    
   9  ANx2         3.59468e-04   constant   
  10  pNx2         5.65332e+00   constant   
  11  ANy1         0.00000e+00   constant   
  12  pNy1         0.00000e+00   constant   
  13  w_y          0.00000e+00   constant   
  14  ANy2        -4.09071e-04     fixed    
  15  pNy2         2.39757e+00   constant   
  16  w_vw         1.43118e+01   constant   
  17  LM           1.25147e-04   constant   
  18  wCBO_expCoeff   2.08355e+02   3.98158e+00   2.67269e-03   1.75164e-03
  19  wCBO_expOffset   2.01244e+02   5.66706e-01   3.80336e-04   1.23091e-02
  20  wCBO_expT    2.96499e+01   8.34791e-02   6.16464e-05   5.88915e-03
  21  wCBO_linCoeff   0.00000e+00   constant   
  22  wCBO_const   8.01101e-04   8.18185e-04   4.14076e-06   8.02414e-01
 EXTERNAL ERROR MATRIX.    NDIM=  25    NPAR=  4    ERR DEF=1
  1.585e+01 -1.390e+00 -1.441e-01  3.760e-04 
 -1.390e+00  3.212e-01 -2.053e-02  5.351e-05 
 -1.441e-01 -2.053e-02  6.969e-03 -2.521e-05 
  3.760e-04  5.351e-05 -2.521e-05  6.694e-07 
ERR MATRIX NOT POS-DEF
 PARAMETER  CORRELATION COEFFICIENTS  
       NO.  GLOBAL     18     19     20     22
       18  0.99702   1.000 -0.616 -0.434  0.115
       19  0.99703  -0.616  1.000 -0.434  0.115
       20  0.99640  -0.434 -0.434  1.000 -0.369
       22  0.81374   0.115  0.115 -0.369  1.000
 ERR MATRIX NOT POS-DEF
MINUIT - FIT ONLY 2-y
 **********
 **   76 **RES 
 **********
                   PARAMETER   14  ANy2 RESTORED TO VARIABLE.
                   PARAMETER    8  phi_CBO RESTORED TO VARIABLE.
                   PARAMETER    7  w_CBO RESTORED TO VARIABLE.
                   PARAMETER    6  A_CBO RESTORED TO VARIABLE.
                   PARAMETER    4  phi RESTORED TO VARIABLE.
                   PARAMETER    3  A0 RESTORED TO VARIABLE.
                   PARAMETER    1  N0 RESTORED TO VARIABLE.
 **********
 **   77 **FIX            0
 **********
 PARAMETER    0  IS UNDEFINED. IGNORED.
 **********
 **   78 **FIX            1
 **********
 **********
 **   79 **FIX            2
 **********
 PARAMETER    2  IS CONSTANT.   IGNORED.
 **********
 **   80 **FIX            3
 **********
 **********
 **   81 **FIX            4
 **********
 **********
 **   82 **FIX            5
 **********
 PARAMETER    5  IS CONSTANT.   IGNORED.
 **********
 **   83 **FIX            6
 **********
 **********
 **   84 **FIX            7
 **********
 **********
 **   85 **FIX            8
 **********
 **********
 **   86 **FIX            9
 **********
 PARAMETER    9  IS CONSTANT.   IGNORED.
 **********
 **   87 **FIX           10
 **********
 PARAMETER   10  IS CONSTANT.   IGNORED.
 **********
 **   88 **FIX           11
 **********
 PARAMETER   11  IS CONSTANT.   IGNORED.
 **********
 **   89 **FIX           12
 **********
 PARAMETER   12  IS CONSTANT.   IGNORED.
 **********
 **   90 **FIX           16
 **********
 PARAMETER   16  IS CONSTANT.   IGNORED.
 **********
 **   91 **MIGRAD
 **********
 START MIGRAD MINIMIZATION.  STRATEGY  1.  CONVERGENCE WHEN EDM .LT. 1.00e-04
 FCN=315.629 FROM MIGRAD    STATUS=INITIATE       10 CALLS         878 TOTAL
                     EDM= unknown      STRATEGY= 1      NO ERROR MATRIX       
  EXT PARAMETER               CURRENT GUESS       STEP         FIRST   
  NO.   NAME      VALUE            ERROR          SIZE      DERIVATIVE 
   1  N0           3.08091e+06     fixed    
   2  tau          6.44081e+01   constant   
   3  A0           3.46118e-01     fixed    
   4  phi          4.12073e+00     fixed    
   5  R           -6.04838e+01   constant   
   6  A_CBO        1.31741e-03     fixed    
   7  w_CBO        2.32774e+00     fixed    
   8  phi_CBO      2.14920e+00     fixed    
   9  ANx2         3.59468e-04   constant   
  10  pNx2         5.65332e+00   constant   
  11  ANy1         0.00000e+00   constant   
  12  pNy1         0.00000e+00   constant   
  13  w_y          0.00000e+00   constant   
  14  ANy2        -4.09071e-04   8.57885e-04   8.57885e-04   1.45779e+00
  15  pNy2         2.39757e+00   constant   
  16  w_vw         1.43118e+01   constant   
  17  LM           1.25147e-04   constant   
  18  wCBO_expCoeff   2.08355e+02   3.98158e+00   2.67269e-03   1.75724e-03
  19  wCBO_expOffset   2.01244e+02   5.66706e-01   3.80336e-04   1.23510e-02
  20  wCBO_expT    2.96499e+01   8.34791e-02   6.16464e-05   6.05132e-03
  21  wCBO_linCoeff   0.00000e+00   constant   
  22  wCBO_const   8.01101e-04   8.18185e-04   4.14076e-06   8.04519e-01
 MIGRAD MINIMIZATION HAS CONVERGED.
 MIGRAD WILL VERIFY CONVERGENCE AND ERROR MATRIX.
 FCN=315.629 FROM MIGRAD    STATUS=CONVERGED      53 CALLS         921 TOTAL
                     EDM=1.72228e-05    STRATEGY= 1      ERR MATRIX NOT POS-DEF
  EXT PARAMETER                APPROXIMATE        STEP         FIRST   
  NO.   NAME      VALUE            ERROR          SIZE      DERIVATIVE 
   1  N0           3.08091e+06     fixed    
   2  tau          6.44081e+01   constant   
   3  A0           3.46118e-01     fixed    
   4  phi          4.12073e+00     fixed    
   5  R           -6.04838e+01   constant   
   6  A_CBO        1.31741e-03     fixed    
   7  w_CBO        2.32774e+00     fixed    
   8  phi_CBO      2.14920e+00     fixed    
   9  ANx2         3.59468e-04   constant   
  10  pNx2         5.65332e+00   constant   
  11  ANy1         0.00000e+00   constant   
  12  pNy1         0.00000e+00   constant   
  13  w_y          0.00000e+00   constant   
  14  ANy2        -4.09410e-04   8.55432e-04   7.44721e-06   5.42758e-01
  15  pNy2         2.39757e+00   constant   
  16  w_vw         1.43118e+01   constant   
  17  LM           1.25147e-04   constant   
  18  wCBO_expCoeff   2.08355e+02   3.98160e+00   2.67268e-03  -1.15429e-03
  19  wCBO_expOffset   2.01244e+02   5.66735e-01   3.80334e-04  -8.11131e-03
  20  wCBO_expT    2.96499e+01   8.34862e-02   6.16461e-05  -1.20772e-01
  21  wCBO_linCoeff   0.00000e+00   constant   
  22  wCBO_const   8.01043e-04   8.18198e-04   4.14075e-06  -8.74837e-01
 EXTERNAL ERROR MATRIX.    NDIM=  25    NPAR=  5    ERR DEF=1
  7.318e-07  2.094e-05  2.985e-06 -8.804e-07 -3.697e-09 
  2.094e-05  1.585e+01 -1.390e+00 -1.442e-01  3.758e-04 
  2.985e-06 -1.390e+00  3.212e-01 -2.054e-02  5.349e-05 
 -8.804e-07 -1.442e-01 -2.054e-02  6.970e-03 -2.520e-05 
 -3.697e-09  3.758e-04  5.349e-05 -2.520e-05  6.694e-07 
ERR MATRIX NOT POS-DEF
 PARAMETER  CORRELATION COEFFICIENTS  
       NO.  GLOBAL     14     18     19     20     22
       14  0.01796   1.000  0.006  0.006 -0.012 -0.005
       18  0.99702   0.006  1.000 -0.616 -0.434  0.115
       19  0.99703   0.006 -0.616  1.000 -0.434  0.115
       20  0.99640  -0.012 -0.434 -0.434  1.000 -0.369
       22  0.81374  -0.005  0.115  0.115 -0.369  1.000
 ERR MATRIX NOT POS-DEF
MINUIT - FIT ALTOGETHER
 **********
 **   92 **RES 
 **********
                   PARAMETER    8  phi_CBO RESTORED TO VARIABLE.
                   PARAMETER    7  w_CBO RESTORED TO VARIABLE.
                   PARAMETER    6  A_CBO RESTORED TO VARIABLE.
                   PARAMETER    4  phi RESTORED TO VARIABLE.
                   PARAMETER    3  A0 RESTORED TO VARIABLE.
                   PARAMETER    1  N0 RESTORED TO VARIABLE.
 **********
 **   93 **MIGRAD
 **********
 START MIGRAD MINIMIZATION.  STRATEGY  1.  CONVERGENCE WHEN EDM .LT. 1.00e-04
 FCN=315.629 FROM MIGRAD    STATUS=INITIATE       22 CALLS         943 TOTAL
                     EDM= unknown      STRATEGY= 1      NO ERROR MATRIX       
  EXT PARAMETER               CURRENT GUESS       STEP         FIRST   
  NO.   NAME      VALUE            ERROR          SIZE      DERIVATIVE 
   1  N0           3.08091e+06   1.89306e+03   1.89306e+03  -1.87525e-04
   2  tau          6.44081e+01   constant   
   3  A0           3.46118e-01   8.35810e-04   8.35810e-04   3.96866e+02
   4  phi          4.12073e+00   2.46380e-03   2.46380e-03   6.27460e+01
   5  R           -6.04838e+01   constant   
   6  A_CBO        1.31741e-03   8.71745e-04   8.71745e-04  -2.75343e+01
   7  w_CBO        2.32774e+00   4.46015e-02   4.46015e-02  -4.78536e-01
   8  phi_CBO      2.14920e+00   9.34194e-01   9.34194e-01   4.28520e-04
   9  ANx2         3.59468e-04   constant   
  10  pNx2         5.65332e+00   constant   
  11  ANy1         0.00000e+00   constant   
  12  pNy1         0.00000e+00   constant   
  13  w_y          0.00000e+00   constant   
  14  ANy2        -4.09410e-04   8.55432e-04   7.44721e-06   5.42759e-01
  15  pNy2         2.39757e+00   constant   
  16  w_vw         1.43118e+01   constant   
  17  LM           1.25147e-04   constant   
  18  wCBO_expCoeff   2.08355e+02   3.98160e+00   2.67268e-03  -1.14865e-03
  19  wCBO_expOffset   2.01244e+02   5.66735e-01   3.80334e-04  -8.06922e-03
