 + ++++++++++++++++++++++++++++++++++++++++++++++++++++++++++++++++++++ +
 +                                                                      +
 +           You have chose to blind your fitting according to          +
 +                omega_ref * (1 + (R +/- deltaR) *10^{-6})             +
 +                                                                      +
 + ++++++++++++++++++++++++++++++++++++++++++++++++++++++++++++++++++++ +
In main()...
reading format from /gm2data/zkhechad/run45/envelope/formats/formatB_sBin_constraintOn.txt
pBinTau 	= 0  
pBinPhi 	= 0  
constraintau 	= 1 
includeMopTerm 	= 0    
constrainMop    = 0   
Parameters after format file: pBinTau 0 pBinPhi 0 constraintau 1 includeMopTerm 0 constrainMop 0 c_e_scale 0.000000 
reading cbo reference file (full fit) from /gm2data/zkhechad/cboTemplates/Run4CBOTemplates/fullFits/run4/sBin_constraintOn_cE0.0_seed0_run4_calo2.root
A_CBO 0.007108 w_CBO 2.327171 phi_CBO 2.947562 N0 3111930.391320 R -60.007933 tau 64.411359 
Reading cboRef file /gm2data/zkhechad/cboTemplates/Run4CBOTemplates//cboIsolate/run4_calo2.root
deltaT 164.120000
windowBins = 1100
fitting sliding window 1360 from bin 1563 at 233.199600 to bin 2663 at 397.319600 (1100 bins)

Reading data from /gm2data/cornell/histograms/aMethod/histogram_a_run4.root
fitting cbo isolate
 **********
 **    1 **SET PRINTOUT            1
 **********
 **********
 **    2 **SET NOWARNINGS 
 **********
 PARAMETER DEFINITIONS:
    NO.   NAME         VALUE      STEP SIZE      LIMITS
     1 A_CBO        7.10761e-03  1.00000e-05     no limits
     2 w_CBO        2.32717e+00  1.00000e-02    2.00000e+00  3.00000e+00
     3 phi_CBO      2.94756e+00  1.00000e-02    0.00000e+00  6.28319e+00
 **********
 **    3 **MIGRAD
 **********
 FIRST CALL TO USER FUNCTION AT NEW START POINT, WITH IFLAG=4.
 START MIGRAD MINIMIZATION.  STRATEGY  1.  CONVERGENCE WHEN EDM .LT. 1.00e-04
 FCN=0.0419769 FROM MIGRAD    STATUS=INITIATE       12 CALLS          13 TOTAL
                     EDM= unknown      STRATEGY= 1      NO ERROR MATRIX       
  EXT PARAMETER               CURRENT GUESS       STEP         FIRST   
  NO.   NAME      VALUE            ERROR          SIZE      DERIVATIVE 
   1  A_CBO        7.10761e-03   1.00000e-05   1.00000e-05   5.82418e+00
   2  w_CBO        2.32717e+00   1.00000e-02   2.13160e-02   5.48582e-01
   3  phi_CBO      2.94756e+00   1.00000e-02   3.18919e-03  -1.03195e-02
 MIGRAD MINIMIZATION HAS CONVERGED.
 MIGRAD WILL VERIFY CONVERGENCE AND ERROR MATRIX.
 COVARIANCE MATRIX CALCULATED SUCCESSFULLY
 FCN=0.0264944 FROM HESSE     STATUS=OK             16 CALLS          58 TOTAL
                     EDM=0.000108719    STRATEGY= 1      ERROR MATRIX ACCURATE 
  EXT PARAMETER                                   STEP         FIRST   
  NO.   NAME      VALUE            ERROR          SIZE      DERIVATIVE 
   1  A_CBO        1.88729e-03   4.46760e-02   2.10633e-05  -6.36843e-04
   2  w_CBO        2.32670e+00   6.62426e-01   7.88308e-05   1.42644e-02
   3  phi_CBO      3.03449e+00   4.21189e+00   3.66789e-03   9.03041e-05
 MIGRAD MINIMIZATION HAS CONVERGED.
 FCN=0.026404 FROM MIGRAD    STATUS=CONVERGED      66 CALLS          67 TOTAL
                     EDM=5.87953e-06    STRATEGY= 1  ERROR MATRIX UNCERTAINTY   5.0 per cent
  EXT PARAMETER                                   STEP         FIRST   
  NO.   NAME      VALUE            ERROR          SIZE      DERIVATIVE 
   1  A_CBO        1.99367e-03   4.21344e-02   1.06375e-04   6.77930e-02
   2  w_CBO        2.32255e+00   6.56009e-01  -8.84716e-03  -2.45035e-02
   3  phi_CBO      1.79414e+00   5.35545e+00  -4.09183e-01   5.44633e-04
 EXTERNAL ERROR MATRIX.    NDIM=  25    NPAR=  3    ERR DEF=1
  1.775e-03 -2.704e-03 -8.305e-01 
 -2.704e-03  2.195e-01  6.322e+01 
 -8.305e-01  6.322e+01  1.860e+04 
 PARAMETER  CORRELATION COEFFICIENTS  
       NO.  GLOBAL      1      2      3
        1  0.15041   1.000 -0.137 -0.145
        2  0.98940  -0.137  1.000  0.989
        3  0.98942  -0.145  0.989  1.000
setting A_CBO=0.001994 w_CBO=2.322554, phi_CBO=1.794141
done fitting cbo isolate
 **********
 **    1 **SET PRINTOUT            1
 **********
 **********
 **    2 **SET NOWARNINGS 
 **********
 PARAMETER DEFINITIONS:
    NO.   NAME         VALUE      STEP SIZE      LIMITS
     1 N0           3.11193e+06  1.00000e+02     no limits
     2 tau          6.44114e+01  constant
     3 A0           3.64516e-01  1.00000e-04     no limits
     4 phi          4.11813e+00  1.00000e-02     no limits
     5 R           -6.00079e+01  constant
     6 A_CBO        1.99367e-03  1.00000e-05     no limits
     7 w_CBO        2.32255e+00  1.00000e-03     no limits
     8 phi_CBO      1.79414e+00  1.00000e-04     no limits
     9 ANx2         3.40456e-04  constant
    10 pNx2         3.19484e+00  constant
    11 ANy1         0.00000e+00  constant
    12 pNy1         0.00000e+00  constant
    13 w_y          0.00000e+00  constant
    14 ANy2         1.04941e-02  1.00000e-04     no limits
    15 pNy2         5.11372e+00  constant
    16 w_vw         1.43155e+01  constant
    17 LM           3.07992e-04  constant
    18 wCBO_expCoeff   2.00000e+02  1.00000e+00     no limits
    19 wCBO_expOffset   2.00000e+02  1.00000e+00     no limits
    20 wCBO_expT    3.00000e+01  1.00000e+00     no limits
    21 wCBO_linCoeff   0.00000e+00  constant
    22 wCBO_const   0.00000e+00  1.00000e-02     no limits
MINUIT - FIT ONLY WIGGLE
 **********
 **    3 **FIX            5
 **********
 PARAMETER    5  IS CONSTANT.   IGNORED.
 **********
 **    4 **FIX            6
 **********
 **********
 **    5 **FIX            7
 **********
 **********
 **    6 **FIX            8
 **********
 **********
 **    7 **FIX            9
 **********
 PARAMETER    9  IS CONSTANT.   IGNORED.
 **********
 **    8 **FIX           10
 **********
 PARAMETER   10  IS CONSTANT.   IGNORED.
 **********
 **    9 **FIX           11
 **********
 PARAMETER   11  IS CONSTANT.   IGNORED.
 **********
 **   10 **FIX           12
 **********
 PARAMETER   12  IS CONSTANT.   IGNORED.
 **********
 **   11 **FIX           13
 **********
 PARAMETER   13  IS CONSTANT.   IGNORED.
 **********
 **   12 **FIX           14
 **********
 **********
 **   13 **FIX           15
 **********
 PARAMETER   15  IS CONSTANT.   IGNORED.
 **********
 **   14 **FIX           16
 **********
 PARAMETER   16  IS CONSTANT.   IGNORED.
 **********
 **   15 **MIGRAD
 **********
 FIRST CALL TO USER FUNCTION AT NEW START POINT, WITH IFLAG=4.
 START MIGRAD MINIMIZATION.  STRATEGY  1.  CONVERGENCE WHEN EDM .LT. 1.00e-04
 FCN=1712.26 FROM MIGRAD    STATUS=INITIATE       61 CALLS          62 TOTAL
                     EDM= unknown      STRATEGY= 1      NO ERROR MATRIX       
  EXT PARAMETER               CURRENT GUESS       STEP         FIRST   
  NO.   NAME      VALUE            ERROR          SIZE      DERIVATIVE 
   1  N0           3.11193e+06   1.00000e+02   0.00000e+00  -7.46874e-04
   2  tau          6.44114e+01   constant   
   3  A0           3.64516e-01   1.00000e-04   0.00000e+00   7.58129e+03
   4  phi          4.11813e+00   1.00000e-02   0.00000e+00   1.39943e+03
   5  R           -6.00079e+01   constant   
   6  A_CBO        1.99367e-03     fixed    
   7  w_CBO        2.32255e+00     fixed    
   8  phi_CBO      1.79414e+00     fixed    
   9  ANx2         3.40456e-04   constant   
  10  pNx2         3.19484e+00   constant   
  11  ANy1         0.00000e+00   constant   
  12  pNy1         0.00000e+00   constant   
  13  w_y          0.00000e+00   constant   
  14  ANy2         1.04941e-02     fixed    
  15  pNy2         5.11372e+00   constant   
  16  w_vw         1.43155e+01   constant   
  17  LM           3.07992e-04   constant   
  18  wCBO_expCoeff   2.00018e+02   1.00000e+00   1.83019e-02   7.81245e+01
  19  wCBO_expOffset   2.00000e+02   1.00000e+00   0.00000e+00   5.32541e+02
  20  wCBO_expT    3.00000e+01   1.00000e+00   0.00000e+00   6.58490e+03
  21  wCBO_linCoeff   0.00000e+00   constant   
  22  wCBO_const   0.00000e+00   1.00000e-02   0.00000e+00  -4.79416e+03
 MIGRAD MINIMIZATION HAS CONVERGED.
 FCN=1669.09 FROM MIGRAD    STATUS=CONVERGED     211 CALLS         212 TOTAL
                     EDM=3.37844e-07    STRATEGY= 1  ERROR MATRIX UNCERTAINTY   0.7 per cent
  EXT PARAMETER                                   STEP         FIRST   
  NO.   NAME      VALUE            ERROR          SIZE      DERIVATIVE 
   1  N0           3.11191e+06   6.41775e+02  -7.04674e-01  -2.69569e-07
   2  tau          6.44114e+01   constant   
   3  A0           3.64265e-01   2.74308e-04  -2.09320e-07  -3.80752e-01
   4  phi          4.11789e+00   7.77765e-04   2.61121e-06   5.30695e-01
   5  R           -6.00079e+01   constant   
   6  A_CBO        1.99367e-03     fixed    
   7  w_CBO        2.32255e+00     fixed    
   8  phi_CBO      1.79414e+00     fixed    
   9  ANx2         3.40456e-04   constant   
  10  pNx2         3.19484e+00   constant   
  11  ANy1         0.00000e+00   constant   
  12  pNy1         0.00000e+00   constant   
  13  w_y          0.00000e+00   constant   
  14  ANy2         1.04941e-02     fixed    
  15  pNy2         5.11372e+00   constant   
  16  w_vw         1.43155e+01   constant   
  17  LM           3.07992e-04   constant   
  18  wCBO_expCoeff   2.00047e+02   5.48340e-03   3.14689e-06  -4.80353e-01
  19  wCBO_expOffset   2.00004e+02   8.02782e-04   2.58203e-07   2.18490e+00
  20  wCBO_expT    2.99923e+01   1.20708e-03  -4.70536e-07  -8.04131e-01
  21  wCBO_linCoeff   0.00000e+00   constant   
  22  wCBO_const   4.07920e-03   5.24620e-04  -3.82063e-07  -6.36781e-01
 EXTERNAL ERROR MATRIX.    NDIM=  25    NPAR=  7    ERR DEF=1
  4.119e+05  1.994e-03  1.175e-03 -2.691e-01 -2.959e-02  5.328e-02 -2.029e-02 
  1.994e-03  7.525e-08  2.636e-09  7.496e-08  1.394e-08 -1.748e-08 -1.446e-09 
  1.175e-03  2.636e-09  6.049e-07  3.274e-07  1.356e-08 -4.611e-08  1.810e-09 
 -2.691e-01  7.496e-08  3.274e-07  3.007e-05  3.896e-06 -6.266e-06  1.345e-06 
 -2.959e-02  1.394e-08  1.356e-08  3.896e-06  6.445e-07 -9.165e-07  2.022e-07 
  5.328e-02 -1.748e-08 -4.611e-08 -6.266e-06 -9.165e-07  1.457e-06 -4.035e-07 
 -2.029e-02 -1.446e-09  1.810e-09  1.345e-06  2.022e-07 -4.035e-07  2.752e-07 
 PARAMETER  CORRELATION COEFFICIENTS  
       NO.  GLOBAL      1      3      4     18     19     20     22
        1  0.09362   1.000  0.011  0.002 -0.076 -0.057  0.069 -0.060
        3  0.08757   0.011  1.000  0.012  0.050  0.063 -0.053 -0.010
        4  0.13024   0.002  0.012  1.000  0.077  0.022 -0.049  0.004
       18  0.97255  -0.076  0.050  0.077  1.000  0.885 -0.947  0.467
       19  0.96971  -0.057  0.063  0.022  0.885  1.000 -0.946  0.480
       20  0.99213   0.069 -0.053 -0.049 -0.947 -0.946  1.000 -0.637
       22  0.87303  -0.060 -0.010  0.004  0.467  0.480 -0.637  1.000
MINUIT - FIT ONLY 1-CBO + other amplitudes 
 **********
 **   16 **RES 
 **********
                   PARAMETER   14  ANy2 RESTORED TO VARIABLE.
                   PARAMETER    8  phi_CBO RESTORED TO VARIABLE.
                   PARAMETER    7  w_CBO RESTORED TO VARIABLE.
                   PARAMETER    6  A_CBO RESTORED TO VARIABLE.
 **********
 **   17 **FIX            0
 **********
 PARAMETER    0  IS UNDEFINED. IGNORED.
 **********
 **   18 **FIX            1
 **********
 **********
 **   19 **FIX            2
 **********
 PARAMETER    2  IS CONSTANT.   IGNORED.
 **********
 **   20 **FIX            3
 **********
 **********
 **   21 **FIX            4
 **********
 **********
 **   22 **FIX            9
 **********
 PARAMETER    9  IS CONSTANT.   IGNORED.
 **********
 **   23 **FIX           11
 **********
 PARAMETER   11  IS CONSTANT.   IGNORED.
 **********
 **   24 **FIX           12
 **********
 PARAMETER   12  IS CONSTANT.   IGNORED.
 **********
 **   25 **FIX           14
 **********
 **********
 **   26 **FIX           15
 **********
 PARAMETER   15  IS CONSTANT.   IGNORED.
 **********
 **   27 **FIX           16
 **********
 PARAMETER   16  IS CONSTANT.   IGNORED.
 **********
 **   28 **MIGRAD
 **********
 START MIGRAD MINIMIZATION.  STRATEGY  1.  CONVERGENCE WHEN EDM .LT. 1.00e-04
 FCN=1669.09 FROM MIGRAD    STATUS=INITIATE       22 CALLS         234 TOTAL
                     EDM= unknown      STRATEGY= 1      NO ERROR MATRIX       
  EXT PARAMETER               CURRENT GUESS       STEP         FIRST   
  NO.   NAME      VALUE            ERROR          SIZE      DERIVATIVE 
   1  N0           3.11191e+06     fixed    
   2  tau          6.44114e+01   constant   
   3  A0           3.64265e-01     fixed    
   4  phi          4.11789e+00     fixed    
   5  R           -6.00079e+01   constant   
   6  A_CBO        1.99367e-03   1.00000e-05   1.00000e-05   1.92247e+04
   7  w_CBO        2.32255e+00   1.00000e-03   1.00000e-03  -4.15613e+01
   8  phi_CBO      1.79414e+00   1.00000e-04   1.00000e-04  -4.34347e+00
   9  ANx2         3.40456e-04   constant   
  10  pNx2         3.19484e+00   constant   
  11  ANy1         0.00000e+00   constant   
  12  pNy1         0.00000e+00   constant   
  13  w_y          0.00000e+00   constant   
  14  ANy2         1.04941e-02     fixed    
  15  pNy2         5.11372e+00   constant   
  16  w_vw         1.43155e+01   constant   
  17  LM           3.07992e-04   constant   
  18  wCBO_expCoeff   2.00047e+02   5.48340e-03   3.14689e-06  -4.80353e-01
  19  wCBO_expOffset   2.00004e+02   8.02782e-04   2.58203e-07   2.18490e+00
  20  wCBO_expT    2.99923e+01   1.20708e-03  -4.70536e-07  -8.04131e-01
  21  wCBO_linCoeff   0.00000e+00   constant   
  22  wCBO_const   4.07920e-03   5.24620e-04  -3.82063e-07  -6.36786e-01
 MIGRAD MINIMIZATION HAS CONVERGED.
 FCN=1660.53 FROM MIGRAD    STATUS=CONVERGED     154 CALLS         366 TOTAL
                     EDM=5.17389e-06    STRATEGY= 1  ERROR MATRIX UNCERTAINTY   1.6 per cent
  EXT PARAMETER                                   STEP         FIRST   
  NO.   NAME      VALUE            ERROR          SIZE      DERIVATIVE 
   1  N0           3.11191e+06     fixed    
   2  tau          6.44114e+01   constant   
   3  A0           3.64265e-01     fixed    
   4  phi          4.11789e+00     fixed    
   5  R           -6.00079e+01   constant   
   6  A_CBO        1.16715e-03   2.94800e-04  -3.42231e-06  -4.19415e+00
   7  w_CBO        2.32256e+00   5.52661e-05   1.61318e-06   1.22503e+02
   8  phi_CBO      2.08457e+00   3.97795e-01   5.19119e-03   1.31001e-03
   9  ANx2         3.40456e-04   constant   
  10  pNx2         3.19484e+00   constant   
  11  ANy1         0.00000e+00   constant   
  12  pNy1         0.00000e+00   constant   
  13  w_y          0.00000e+00   constant   
  14  ANy2         1.04941e-02     fixed    
  15  pNy2         5.11372e+00   constant   
  16  w_vw         1.43155e+01   constant   
  17  LM           3.07992e-04   constant   
  18  wCBO_expCoeff   2.00048e+02   4.93156e-03   1.42944e-04   1.39001e+00
  19  wCBO_expOffset   2.00004e+02   6.42359e-04   1.86759e-05   1.28403e+01
  20  wCBO_expT    2.99922e+01   1.57694e-03  -3.90341e-05   1.35398e+01
  21  wCBO_linCoeff   0.00000e+00   constant   
  22  wCBO_const   4.33102e-03   6.25642e-04   1.42224e-05   6.36204e+00
 EXTERNAL ERROR MATRIX.    NDIM=  25    NPAR=  7    ERR DEF=1
  8.691e-08 -2.422e-09  3.019e-06 -2.174e-07 -2.814e-08  6.615e-08 -5.079e-09 
 -2.422e-09  3.054e-09 -4.720e-06  2.472e-07  3.165e-08 -8.279e-08  1.263e-08 
  3.019e-06 -4.720e-06  1.582e-01 -4.371e-04 -5.527e-05  1.749e-04  6.938e-05 
 -2.174e-07  2.472e-07 -4.371e-04  2.432e-05  2.830e-06 -7.381e-06  1.082e-06 
 -2.814e-08  3.165e-08 -5.527e-05  2.830e-06  4.126e-07 -9.454e-07  1.320e-07 
  6.615e-08 -8.279e-08  1.749e-04 -7.381e-06 -9.454e-07  2.487e-06 -4.651e-07 
 -5.079e-09  1.263e-08  6.938e-05  1.082e-06  1.320e-07 -4.651e-07  3.914e-07 
 PARAMETER  CORRELATION COEFFICIENTS  
       NO.  GLOBAL      6      7      8     18     19     20     22
        6  0.16006   1.000 -0.149  0.026 -0.150 -0.149  0.142 -0.028
        7  0.96665  -0.149  1.000 -0.215  0.907  0.892 -0.950  0.365
        8  0.79186   0.026 -0.215  1.000 -0.223 -0.216  0.279  0.279
       18  0.96718  -0.150  0.907 -0.223  1.000  0.893 -0.949  0.351
       19  0.95710  -0.149  0.892 -0.216  0.893  1.000 -0.933  0.328
       20  0.99377   0.142 -0.950  0.279 -0.949 -0.933  1.000 -0.471
       22  0.87583  -0.028  0.365  0.279  0.351  0.328 -0.471  1.000
MINUIT - FIT ONLY 1-CBO
 **********
 **   29 **RES 
 **********
                   PARAMETER   14  ANy2 RESTORED TO VARIABLE.
                   PARAMETER    4  phi RESTORED TO VARIABLE.
                   PARAMETER    3  A0 RESTORED TO VARIABLE.
                   PARAMETER    1  N0 RESTORED TO VARIABLE.
 **********
 **   30 **FIX            0
 **********
 PARAMETER    0  IS UNDEFINED. IGNORED.
 **********
 **   31 **FIX            1
 **********
 **********
 **   32 **FIX            2
 **********
 PARAMETER    2  IS CONSTANT.   IGNORED.
 **********
 **   33 **FIX            3
 **********
 **********
 **   34 **FIX            4
 **********
 **********
 **   35 **FIX            8
 **********
 **********
 **   36 **FIX            9
 **********
 PARAMETER    9  IS CONSTANT.   IGNORED.
 **********
 **   37 **FIX           11
 **********
 PARAMETER   11  IS CONSTANT.   IGNORED.
 **********
 **   38 **FIX           12
 **********
 PARAMETER   12  IS CONSTANT.   IGNORED.
 **********
 **   39 **FIX           13
 **********
 PARAMETER   13  IS CONSTANT.   IGNORED.
 **********
 **   40 **FIX           15
 **********
 PARAMETER   15  IS CONSTANT.   IGNORED.
 **********
 **   41 **FIX           16
 **********
 PARAMETER   16  IS CONSTANT.   IGNORED.
 **********
 **   42 **MIGRAD
 **********
 START MIGRAD MINIMIZATION.  STRATEGY  1.  CONVERGENCE WHEN EDM .LT. 1.00e-04
 FCN=1660.53 FROM MIGRAD    STATUS=INITIATE       16 CALLS         382 TOTAL
                     EDM= unknown      STRATEGY= 1      NO ERROR MATRIX       
  EXT PARAMETER               CURRENT GUESS       STEP         FIRST   
  NO.   NAME      VALUE            ERROR          SIZE      DERIVATIVE 
   1  N0           3.11191e+06     fixed    
   2  tau          6.44114e+01   constant   
   3  A0           3.64265e-01     fixed    
   4  phi          4.11789e+00     fixed    
   5  R           -6.00079e+01   constant   
   6  A_CBO        1.16715e-03   2.94800e-04  -3.42231e-06  -4.19415e+00
   7  w_CBO        2.32256e+00   5.52661e-05   1.61318e-06   1.22503e+02
   8  phi_CBO      2.08457e+00     fixed    
   9  ANx2         3.40456e-04   constant   
  10  pNx2         3.19484e+00   constant   
  11  ANy1         0.00000e+00   constant   
  12  pNy1         0.00000e+00   constant   
  13  w_y          0.00000e+00   constant   
  14  ANy2         1.04941e-02   1.00000e-04   1.00000e-04   2.49225e+05
  15  pNy2         5.11372e+00   constant   
  16  w_vw         1.43155e+01   constant   
  17  LM           3.07992e-04   constant   
  18  wCBO_expCoeff   2.00048e+02   4.93156e-03   1.42944e-04   1.39001e+00
  19  wCBO_expOffset   2.00004e+02   6.42359e-04   1.86759e-05   1.28403e+01
  20  wCBO_expT    2.99922e+01   1.57694e-03  -3.90341e-05   1.35398e+01
  21  wCBO_linCoeff   0.00000e+00   constant   
  22  wCBO_const   4.33102e-03   6.25642e-04   1.42224e-05   6.36205e+00
 MIGRAD MINIMIZATION HAS CONVERGED.
 MIGRAD WILL VERIFY CONVERGENCE AND ERROR MATRIX.
 FCN=363.133 FROM MIGRAD    STATUS=CONVERGED     344 CALLS         710 TOTAL
                     EDM=4.32981e-07    STRATEGY= 1      ERR MATRIX NOT POS-DEF
  EXT PARAMETER                APPROXIMATE        STEP         FIRST   
  NO.   NAME      VALUE            ERROR          SIZE      DERIVATIVE 
   1  N0           3.11191e+06     fixed    
   2  tau          6.44114e+01   constant   
   3  A0           3.64265e-01     fixed    
   4  phi          4.11789e+00     fixed    
   5  R           -6.00079e+01   constant   
   6  A_CBO        2.40710e-04   3.11961e-04   2.68189e-06  -7.83115e-01
   7  w_CBO        2.32243e+00   4.21431e-04   1.10742e-06   7.12737e+00
   8  phi_CBO      2.08457e+00     fixed    
   9  ANx2         3.40456e-04   constant   
  10  pNx2         3.19484e+00   constant   
  11  ANy1         0.00000e+00   constant   
  12  pNy1         0.00000e+00   constant   
  13  w_y          0.00000e+00   constant   
  14  ANy2         5.43943e-05   2.88341e-04   2.68388e-06  -1.62754e+00
  15  pNy2         5.11372e+00   constant   
  16  w_vw         1.43155e+01   constant   
  17  LM           3.07992e-04   constant   
  18  wCBO_expCoeff   2.00036e+02   3.65763e-02   9.53848e-05   8.38394e-02
  19  wCBO_expOffset   2.00003e+02   3.92756e-03   9.53687e-05   5.61799e-01
  20  wCBO_expT    2.99972e+01   2.44447e-03   1.43038e-05   5.73657e-01
  21  wCBO_linCoeff   0.00000e+00   constant   
  22  wCBO_const   1.26130e-03   1.56481e-03   4.81569e-06  -2.28160e-01
 EXTERNAL ERROR MATRIX.    NDIM=  25    NPAR=  7    ERR DEF=1
  9.732e-08  1.058e-08  5.691e-09  9.334e-07 -7.775e-08 -2.403e-07  1.811e-07 
  1.058e-08  1.776e-07  1.036e-09 -1.042e-05 -5.281e-07 -1.930e-07  2.520e-08 
  5.691e-09  1.036e-09  8.314e-08  8.766e-08  1.023e-09 -3.757e-08  2.898e-08 
  9.334e-07 -1.042e-05  8.766e-08  1.338e-03 -4.848e-05 -1.655e-05  1.309e-05 
 -7.775e-08 -5.281e-07  1.023e-09 -4.848e-05  1.543e-05 -1.040e-06  5.972e-07 
 -2.403e-07 -1.930e-07 -3.757e-08 -1.655e-05 -1.040e-06  5.975e-06 -3.288e-06 
  1.811e-07  2.520e-08  2.898e-08  1.309e-05  5.972e-07 -3.288e-06  2.449e-06 
ERR MATRIX NOT POS-DEF
 PARAMETER  CORRELATION COEFFICIENTS  
       NO.  GLOBAL      6      7     14     18     19     20     22
        6  0.39090   1.000  0.080  0.063  0.082 -0.063 -0.315  0.371
        7  0.99621   0.080  1.000  0.009 -0.676 -0.319 -0.187  0.038
       14  0.08277   0.063  0.009  1.000  0.008  0.001 -0.053  0.064
       18  0.99609   0.082 -0.676  0.008  1.000 -0.337 -0.185  0.229
       19  0.99234  -0.063 -0.319  0.001 -0.337  1.000 -0.108  0.097
       20  0.99066  -0.315 -0.187 -0.053 -0.185 -0.108  1.000 -0.860
       22  0.94418   0.371  0.038  0.064  0.229  0.097 -0.860  1.000
 ERR MATRIX NOT POS-DEF
MINUIT - FIT ONLY 2-CBO
 **********
 **   43 **RES 
 **********
                   PARAMETER    8  phi_CBO RESTORED TO VARIABLE.
                   PARAMETER    4  phi RESTORED TO VARIABLE.
                   PARAMETER    3  A0 RESTORED TO VARIABLE.
                   PARAMETER    1  N0 RESTORED TO VARIABLE.
 **********
 **   44 **FIX            0
 **********
 PARAMETER    0  IS UNDEFINED. IGNORED.
 **********
 **   45 **FIX            1
 **********
 **********
 **   46 **FIX            2
 **********
 PARAMETER    2  IS CONSTANT.   IGNORED.
 **********
 **   47 **FIX            3
 **********
 **********
 **   48 **FIX            4
 **********
 **********
 **   49 **FIX            5
 **********
 PARAMETER    5  IS CONSTANT.   IGNORED.
 **********
 **   50 **FIX            6
 **********
 **********
 **   51 **FIX            7
 **********
 **********
 **   52 **FIX           10
 **********
 PARAMETER   10  IS CONSTANT.   IGNORED.
 **********
 **   53 **FIX           11
 **********
 PARAMETER   11  IS CONSTANT.   IGNORED.
 **********
 **   54 **FIX           12
 **********
 PARAMETER   12  IS CONSTANT.   IGNORED.
 **********
 **   55 **FIX           13
 **********
 PARAMETER   13  IS CONSTANT.   IGNORED.
 **********
 **   56 **FIX           14
 **********
 **********
 **   57 **FIX           15
 **********
 PARAMETER   15  IS CONSTANT.   IGNORED.
 **********
 **   58 **FIX           16
 **********
 PARAMETER   16  IS CONSTANT.   IGNORED.
 **********
 **   59 **MIGRAD
 **********
 START MIGRAD MINIMIZATION.  STRATEGY  1.  CONVERGENCE WHEN EDM .LT. 1.00e-04
 FCN=363.133 FROM MIGRAD    STATUS=INITIATE       12 CALLS         722 TOTAL
                     EDM= unknown      STRATEGY= 1      NO ERROR MATRIX       
  EXT PARAMETER               CURRENT GUESS       STEP         FIRST   
  NO.   NAME      VALUE            ERROR          SIZE      DERIVATIVE 
   1  N0           3.11191e+06     fixed    
   2  tau          6.44114e+01   constant   
   3  A0           3.64265e-01     fixed    
   4  phi          4.11789e+00     fixed    
   5  R           -6.00079e+01   constant   
   6  A_CBO        2.40710e-04     fixed    
   7  w_CBO        2.32243e+00     fixed    
   8  phi_CBO      2.08457e+00   3.97795e-01   3.97795e-01   3.67397e-01
   9  ANx2         3.40456e-04   constant   
  10  pNx2         3.19484e+00   constant   
  11  ANy1         0.00000e+00   constant   
  12  pNy1         0.00000e+00   constant   
  13  w_y          0.00000e+00   constant   
  14  ANy2         5.43943e-05     fixed    
  15  pNy2         5.11372e+00   constant   
  16  w_vw         1.43155e+01   constant   
  17  LM           3.07992e-04   constant   
  18  wCBO_expCoeff   2.00036e+02   3.65763e-02   9.53848e-05   8.54017e-02
  19  wCBO_expOffset   2.00003e+02   3.92756e-03   9.53687e-05   1.16948e+00
  20  wCBO_expT    2.99972e+01   2.44447e-03   1.43038e-05   6.51656e-01
  21  wCBO_linCoeff   0.00000e+00   constant   
  22  wCBO_const   1.26130e-03   1.56481e-03   4.81569e-06  -2.32031e-01
 MIGRAD MINIMIZATION HAS CONVERGED.
 MIGRAD WILL VERIFY CONVERGENCE AND ERROR MATRIX.
 FCN=363.071 FROM MIGRAD    STATUS=CONVERGED     120 CALLS         830 TOTAL
                     EDM=4.00525e-06    STRATEGY= 1      ERR MATRIX NOT POS-DEF
  EXT PARAMETER                APPROXIMATE        STEP         FIRST   
  NO.   NAME      VALUE            ERROR          SIZE      DERIVATIVE 
   1  N0           3.11191e+06     fixed    
   2  tau          6.44114e+01   constant   
   3  A0           3.64265e-01     fixed    
   4  phi          4.11789e+00     fixed    
   5  R           -6.00079e+01   constant   
   6  A_CBO        2.40710e-04     fixed    
   7  w_CBO        2.32243e+00     fixed    
   8  phi_CBO      1.76105e+00   1.23770e+00   1.05943e-02  -7.48563e-04
   9  ANx2         3.40456e-04   constant   
  10  pNx2         3.19484e+00   constant   
  11  ANy1         0.00000e+00   constant   
  12  pNy1         0.00000e+00   constant   
  13  w_y          0.00000e+00   constant   
  14  ANy2         5.43943e-05     fixed    
  15  pNy2         5.11372e+00   constant   
  16  w_vw         1.43155e+01   constant   
  17  LM           3.07992e-04   constant   
  18  wCBO_expCoeff   2.00037e+02   3.74232e-02   9.53852e-05  -2.78327e-01
  19  wCBO_expOffset   2.00003e+02   5.95614e-03   9.53688e-05  -1.84638e+00
  20  wCBO_expT    2.99969e+01   2.60039e-03   1.43036e-05  -1.11328e+00
  21  wCBO_linCoeff   0.00000e+00   constant   
  22  wCBO_const   1.40910e-03   1.61100e-03   4.82757e-06  -4.31984e-01
 EXTERNAL ERROR MATRIX.    NDIM=  25    NPAR=  5    ERR DEF=1
  1.532e+00  1.079e-03 -7.958e-04  8.256e-04 -4.425e-04 
  1.079e-03  1.400e-03 -1.988e-04 -1.035e-05  5.540e-06 
 -7.958e-04 -1.988e-04  3.548e-05 -5.238e-06  2.487e-06 
  8.256e-04 -1.035e-05 -5.238e-06  6.762e-06 -3.698e-06 
 -4.425e-04  5.540e-06  2.487e-06 -3.698e-06  2.595e-06 
ERR MATRIX NOT POS-DEF
 PARAMETER  CORRELATION COEFFICIENTS  
       NO.  GLOBAL      8     18     19     20     22
        8  0.40707   1.000  0.023 -0.108  0.257 -0.222
       18  0.99619   0.023  1.000 -0.892 -0.106  0.092
       19  0.99661  -0.108 -0.892  1.000 -0.338  0.259
       20  0.99160   0.257 -0.106 -0.338  1.000 -0.883
       22  0.94711  -0.222  0.092  0.259 -0.883  1.000
 ERR MATRIX NOT POS-DEF
MINUIT - FIT ONLY 1-y
 **********
 **   60 **RES 
 **********
                   PARAMETER   14  ANy2 RESTORED TO VARIABLE.
                   PARAMETER    7  w_CBO RESTORED TO VARIABLE.
                   PARAMETER    6  A_CBO RESTORED TO VARIABLE.
                   PARAMETER    4  phi RESTORED TO VARIABLE.
                   PARAMETER    3  A0 RESTORED TO VARIABLE.
                   PARAMETER    1  N0 RESTORED TO VARIABLE.
 **********
 **   61 **FIX            0
 **********
 PARAMETER    0  IS UNDEFINED. IGNORED.
 **********
 **   62 **FIX            1
 **********
 **********
 **   63 **FIX            2
 **********
 PARAMETER    2  IS CONSTANT.   IGNORED.
 **********
 **   64 **FIX            3
 **********
 **********
 **   65 **FIX            4
 **********
 **********
 **   66 **FIX            5
 **********
 PARAMETER    5  IS CONSTANT.   IGNORED.
 **********
 **   67 **FIX            6
 **********
 **********
 **   68 **FIX            7
 **********
 **********
 **   69 **FIX            8
 **********
 **********
 **   70 **FIX            9
 **********
 PARAMETER    9  IS CONSTANT.   IGNORED.
 **********
 **   71 **FIX           13
 **********
 PARAMETER   13  IS CONSTANT.   IGNORED.
 **********
 **   72 **FIX           14
 **********
 **********
 **   73 **FIX           15
 **********
 PARAMETER   15  IS CONSTANT.   IGNORED.
 **********
 **   74 **FIX           16
 **********
 PARAMETER   16  IS CONSTANT.   IGNORED.
 **********
 **   75 **MIGRAD
 **********
 START MIGRAD MINIMIZATION.  STRATEGY  1.  CONVERGENCE WHEN EDM .LT. 1.00e-04
 FCN=363.071 FROM MIGRAD    STATUS=INITIATE        8 CALLS         838 TOTAL
                     EDM= unknown      STRATEGY= 1      NO ERROR MATRIX       
  EXT PARAMETER               CURRENT GUESS       STEP         FIRST   
  NO.   NAME      VALUE            ERROR          SIZE      DERIVATIVE 
   1  N0           3.11191e+06     fixed    
   2  tau          6.44114e+01   constant   
   3  A0           3.64265e-01     fixed    
   4  phi          4.11789e+00     fixed    
   5  R           -6.00079e+01   constant   
   6  A_CBO        2.40710e-04     fixed    
   7  w_CBO        2.32243e+00     fixed    
   8  phi_CBO      1.76105e+00     fixed    
   9  ANx2         3.40456e-04   constant   
  10  pNx2         3.19484e+00   constant   
  11  ANy1         0.00000e+00   constant   
  12  pNy1         0.00000e+00   constant   
  13  w_y          0.00000e+00   constant   
  14  ANy2         5.43943e-05     fixed    
  15  pNy2         5.11372e+00   constant   
  16  w_vw         1.43155e+01   constant   
  17  LM           3.07992e-04   constant   
  18  wCBO_expCoeff   2.00037e+02   3.74232e-02   9.53852e-05  -2.72746e-01
  19  wCBO_expOffset   2.00003e+02   5.95614e-03   9.53688e-05   3.28017e-01
  20  wCBO_expT    2.99969e+01   2.60039e-03   1.43036e-05  -9.41682e-01
  21  wCBO_linCoeff   0.00000e+00   constant   
  22  wCBO_const   1.40910e-03   1.61100e-03   4.82757e-06  -4.35445e-01
 MIGRAD MINIMIZATION HAS CONVERGED.
 MIGRAD WILL VERIFY CONVERGENCE AND ERROR MATRIX.
 FCN=363.071 FROM MIGRAD    STATUS=CONVERGED      47 CALLS         877 TOTAL
                     EDM=3.67442e-06    STRATEGY= 1      ERR MATRIX NOT POS-DEF
  EXT PARAMETER                APPROXIMATE        STEP         FIRST   
  NO.   NAME      VALUE            ERROR          SIZE      DERIVATIVE 
   1  N0           3.11191e+06     fixed    
   2  tau          6.44114e+01   constant   
   3  A0           3.64265e-01     fixed    
   4  phi          4.11789e+00     fixed    
   5  R           -6.00079e+01   constant   
   6  A_CBO        2.40710e-04     fixed    
   7  w_CBO        2.32243e+00     fixed    
   8  phi_CBO      1.76105e+00     fixed    
   9  ANx2         3.40456e-04   constant   
  10  pNx2         3.19484e+00   constant   
  11  ANy1         0.00000e+00   constant   
  12  pNy1         0.00000e+00   constant   
  13  w_y          0.00000e+00   constant   
  14  ANy2         5.43943e-05     fixed    
  15  pNy2         5.11372e+00   constant   
  16  w_vw         1.43155e+01   constant   
  17  LM           3.07992e-04   constant   
  18  wCBO_expCoeff   2.00037e+02   3.82214e-02   9.53852e-05  -7.76908e-02
  19  wCBO_expOffset   2.00003e+02   6.04982e-03   9.53688e-05  -4.96594e-01
  20  wCBO_expT    2.99969e+01   2.53230e-03   1.43036e-05   8.76034e-01
  21  wCBO_linCoeff   0.00000e+00   constant   
  22  wCBO_const   1.40913e-03   1.58015e-03   4.83261e-06   6.71116e-01
 EXTERNAL ERROR MATRIX.    NDIM=  25    NPAR=  4    ERR DEF=1
  1.461e-03 -2.076e-04 -1.077e-05  5.811e-06 
 -2.076e-04  3.660e-05 -4.931e-06  2.317e-06 
 -1.077e-05 -4.931e-06  6.413e-06 -3.512e-06 
  5.811e-06  2.317e-06 -3.512e-06  2.497e-06 
ERR MATRIX NOT POS-DEF
 PARAMETER  CORRELATION COEFFICIENTS  
       NO.  GLOBAL     18     19     20     22
       18  0.99635   1.000 -0.898 -0.111  0.096
       19  0.99671  -0.898  1.000 -0.322  0.242
       20  0.99114  -0.111 -0.322  1.000 -0.878
       22  0.94495   0.096  0.242 -0.878  1.000
 ERR MATRIX NOT POS-DEF
MINUIT - FIT ONLY 2-y
 **********
 **   76 **RES 
 **********
                   PARAMETER   14  ANy2 RESTORED TO VARIABLE.
                   PARAMETER    8  phi_CBO RESTORED TO VARIABLE.
                   PARAMETER    7  w_CBO RESTORED TO VARIABLE.
                   PARAMETER    6  A_CBO RESTORED TO VARIABLE.
                   PARAMETER    4  phi RESTORED TO VARIABLE.
                   PARAMETER    3  A0 RESTORED TO VARIABLE.
                   PARAMETER    1  N0 RESTORED TO VARIABLE.
 **********
 **   77 **FIX            0
 **********
 PARAMETER    0  IS UNDEFINED. IGNORED.
 **********
 **   78 **FIX            1
 **********
 **********
 **   79 **FIX            2
 **********
 PARAMETER    2  IS CONSTANT.   IGNORED.
 **********
 **   80 **FIX            3
 **********
 **********
 **   81 **FIX            4
 **********
 **********
 **   82 **FIX            5
 **********
 PARAMETER    5  IS CONSTANT.   IGNORED.
 **********
 **   83 **FIX            6
 **********
 **********
 **   84 **FIX            7
 **********
 **********
 **   85 **FIX            8
 **********
 **********
 **   86 **FIX            9
 **********
 PARAMETER    9  IS CONSTANT.   IGNORED.
 **********
 **   87 **FIX           10
 **********
 PARAMETER   10  IS CONSTANT.   IGNORED.
 **********
 **   88 **FIX           11
 **********
 PARAMETER   11  IS CONSTANT.   IGNORED.
 **********
 **   89 **FIX           12
 **********
 PARAMETER   12  IS CONSTANT.   IGNORED.
 **********
 **   90 **FIX           16
 **********
 PARAMETER   16  IS CONSTANT.   IGNORED.
 **********
 **   91 **MIGRAD
 **********
 START MIGRAD MINIMIZATION.  STRATEGY  1.  CONVERGENCE WHEN EDM .LT. 1.00e-04
 FCN=363.071 FROM MIGRAD    STATUS=INITIATE       10 CALLS         887 TOTAL
                     EDM= unknown      STRATEGY= 1      NO ERROR MATRIX       
  EXT PARAMETER               CURRENT GUESS       STEP         FIRST   
  NO.   NAME      VALUE            ERROR          SIZE      DERIVATIVE 
   1  N0           3.11191e+06     fixed    
   2  tau          6.44114e+01   constant   
   3  A0           3.64265e-01     fixed    
   4  phi          4.11789e+00     fixed    
   5  R           -6.00079e+01   constant   
   6  A_CBO        2.40710e-04     fixed    
   7  w_CBO        2.32243e+00     fixed    
   8  phi_CBO      1.76105e+00     fixed    
   9  ANx2         3.40456e-04   constant   
  10  pNx2         3.19484e+00   constant   
  11  ANy1         0.00000e+00   constant   
  12  pNy1         0.00000e+00   constant   
  13  w_y          0.00000e+00   constant   
  14  ANy2         5.43943e-05   2.88341e-04   2.88341e-04  -2.26713e+01
  15  pNy2         5.11372e+00   constant   
  16  w_vw         1.43155e+01   constant   
  17  LM           3.07992e-04   constant   
  18  wCBO_expCoeff   2.00037e+02   3.82214e-02   9.53852e-05  -7.03527e-02
  19  wCBO_expOffset   2.00003e+02   6.04982e-03   9.53688e-05   1.66921e+00
  20  wCBO_expT    2.99969e+01   2.53230e-03   1.43036e-05   1.04721e+00
  21  wCBO_linCoeff   0.00000e+00   constant   
  22  wCBO_const   1.40913e-03   1.58015e-03   4.83261e-06   6.67649e-01
 MIGRAD MINIMIZATION HAS CONVERGED.
 MIGRAD WILL VERIFY CONVERGENCE AND ERROR MATRIX.
 FCN=363.071 FROM MIGRAD    STATUS=CONVERGED      56 CALLS         933 TOTAL
                     EDM=4.61154e-06    STRATEGY= 1      ERR MATRIX NOT POS-DEF
  EXT PARAMETER                APPROXIMATE        STEP         FIRST   
  NO.   NAME      VALUE            ERROR          SIZE      DERIVATIVE 
   1  N0           3.11191e+06     fixed    
   2  tau          6.44114e+01   constant   
   3  A0           3.64265e-01     fixed    
   4  phi          4.11789e+00     fixed    
   5  R           -6.00079e+01   constant   
   6  A_CBO        2.40710e-04     fixed    
   7  w_CBO        2.32243e+00     fixed    
   8  phi_CBO      1.76105e+00     fixed    
   9  ANx2         3.40456e-04   constant   
  10  pNx2         3.19484e+00   constant   
  11  ANy1         0.00000e+00   constant   
  12  pNy1         0.00000e+00   constant   
  13  w_y          0.00000e+00   constant   
  14  ANy2         5.53348e-05   2.87592e-04   2.68365e-06  -1.12041e-01
  15  pNy2         5.11372e+00   constant   
  16  w_vw         1.43155e+01   constant   
  17  LM           3.07992e-04   constant   
  18  wCBO_expCoeff   2.00037e+02   3.81917e-02   9.53852e-05  -3.71373e-01
  19  wCBO_expOffset   2.00003e+02   6.05104e-03   9.53688e-05  -2.46685e+00
  20  wCBO_expT    2.99969e+01   2.53043e-03   1.43036e-05  -2.16884e+00
  21  wCBO_linCoeff   0.00000e+00   constant   
  22  wCBO_const   1.40904e-03   1.57981e-03   4.83259e-06  -1.35827e+00
 EXTERNAL ERROR MATRIX.    NDIM=  25    NPAR=  5    ERR DEF=1
  8.271e-08  1.171e-08  1.762e-08 -2.763e-08  2.114e-08 
  1.171e-08  1.459e-03 -2.075e-04 -1.052e-05  5.682e-06 
  1.762e-08 -2.075e-04  3.662e-05 -4.956e-06  2.330e-06 
 -2.763e-08 -1.052e-05 -4.956e-06  6.403e-06 -3.508e-06 
  2.114e-08  5.682e-06  2.330e-06 -3.508e-06  2.496e-06 
ERR MATRIX NOT POS-DEF
 PARAMETER  CORRELATION COEFFICIENTS  
       NO.  GLOBAL     14     18     19     20     22
       14  0.05741   1.000  0.001  0.010 -0.038  0.047
       18  0.99634   0.001  1.000 -0.898 -0.109  0.094
       19  0.99671   0.010 -0.898  1.000 -0.324  0.244
       20  0.99112  -0.038 -0.109 -0.324  1.000 -0.878
       22  0.94493   0.047  0.094  0.244 -0.878  1.000
 ERR MATRIX NOT POS-DEF
MINUIT - FIT ALTOGETHER
 **********
 **   92 **RES 
 **********
                   PARAMETER    8  phi_CBO RESTORED TO VARIABLE.
                   PARAMETER    7  w_CBO RESTORED TO VARIABLE.
                   PARAMETER    6  A_CBO RESTORED TO VARIABLE.
                   PARAMETER    4  phi RESTORED TO VARIABLE.
                   PARAMETER    3  A0 RESTORED TO VARIABLE.
                   PARAMETER    1  N0 RESTORED TO VARIABLE.
 **********
 **   93 **MIGRAD
 **********
 START MIGRAD MINIMIZATION.  STRATEGY  1.  CONVERGENCE WHEN EDM .LT. 1.00e-04
 FCN=363.071 FROM MIGRAD    STATUS=INITIATE       22 CALLS         955 TOTAL
                     EDM= unknown      STRATEGY= 1      NO ERROR MATRIX       
  EXT PARAMETER               CURRENT GUESS       STEP         FIRST   
  NO.   NAME      VALUE            ERROR          SIZE      DERIVATIVE 
   1  N0           3.11191e+06   6.41775e+02   6.41775e+02  -5.84569e-04
   2  tau          6.44114e+01   constant   
   3  A0           3.64265e-01   2.74308e-04   2.74308e-04   7.06642e+02
   4  phi          4.11789e+00   7.77765e-04   7.77765e-04   3.68934e+02
   5  R           -6.00079e+01   constant   
   6  A_CBO        2.40710e-04   3.11961e-04   3.11961e-04  -6.22387e+02
   7  w_CBO        2.32243e+00   4.21431e-04   4.21431e-04  -3.20455e+01
   8  phi_CBO      1.76105e+00   1.23770e+00   1.23770e+00  -7.06429e-04
   9  ANx2         3.40456e-04   constant   
  10  pNx2         3.19484e+00   constant   
  11  ANy1         0.00000e+00   constant   
  12  pNy1         0.00000e+00   constant   
  13  w_y          0.00000e+00   constant   
  14  ANy2         5.53348e-05   2.87592e-04   2.68365e-06  -1.12041e-01
  15  pNy2         5.11372e+00   constant   
  16  w_vw         1.43155e+01   constant   
  17  LM           3.07992e-04   constant   
  18  wCBO_expCoeff   2.00037e+02   3.81917e-02   9.53852e-05  -3.65779e-01
  19  wCBO_expOffset   2.00003e+02   6.05104e-03   9.53688e-05  -2.87626e-01
  20  wCBO_expT    2.99969e+01   2.53043e-03   1.43036e-05  -1.99705e+00
  21  wCBO_linCoeff   0.00000e+00   constant   
