 + ++++++++++++++++++++++++++++++++++++++++++++++++++++++++++++++++++++ +
 +                                                                      +
 +           You have chose to blind your fitting according to          +
 +                omega_ref * (1 + (R +/- deltaR) *10^{-6})             +
 +                                                                      +
 + ++++++++++++++++++++++++++++++++++++++++++++++++++++++++++++++++++++ +
In main()...
reading format from /gm2data/zkhechad/run45/envelope/formats/formatB_sBin_constraintOn.txt
pBinTau 	= 0  
pBinPhi 	= 0  
constraintau 	= 1 
includeMopTerm 	= 0    
constrainMop    = 0   
Parameters after format file: pBinTau 0 pBinPhi 0 constraintau 1 includeMopTerm 0 constrainMop 0 c_e_scale 0.000000 
reading cbo reference file (full fit) from /gm2data/zkhechad/cboTemplates/Run4CBOTemplates/fullFits/run4/sBin_constraintOn_cE0.0_seed0_run4_calo11.root
A_CBO 0.010027 w_CBO 2.327222 phi_CBO 0.184420 N0 3062002.636939 R -61.179583 tau 64.395304 
Reading cboRef file /gm2data/zkhechad/cboTemplates/Run4CBOTemplates//cboIsolate/run4_calo11.root
deltaT 164.120000
windowBins = 1100
fitting sliding window 1300 from bin 1503 at 224.247600 to bin 2603 at 388.367600 (1100 bins)

Reading data from /gm2data/cornell/histograms/aMethod/histogram_a_run4.root
fitting cbo isolate
 **********
 **    1 **SET PRINTOUT            1
 **********
 **********
 **    2 **SET NOWARNINGS 
 **********
 PARAMETER DEFINITIONS:
    NO.   NAME         VALUE      STEP SIZE      LIMITS
     1 A_CBO        1.00270e-02  1.00000e-05     no limits
     2 w_CBO        2.32722e+00  1.00000e-02    2.00000e+00  3.00000e+00
     3 phi_CBO      1.84420e-01  1.00000e-02    0.00000e+00  6.28319e+00
 **********
 **    3 **MIGRAD
 **********
 FIRST CALL TO USER FUNCTION AT NEW START POINT, WITH IFLAG=4.
 START MIGRAD MINIMIZATION.  STRATEGY  1.  CONVERGENCE WHEN EDM .LT. 1.00e-04
 FCN=0.0493221 FROM MIGRAD    STATUS=INITIATE       12 CALLS          13 TOTAL
                     EDM= unknown      STRATEGY= 1      NO ERROR MATRIX       
  EXT PARAMETER               CURRENT GUESS       STEP         FIRST   
  NO.   NAME      VALUE            ERROR          SIZE      DERIVATIVE 
   1  A_CBO        1.00270e-02   1.00000e-05   1.00000e-05   7.75468e+00
   2  w_CBO        2.32722e+00   1.00000e-02   2.13152e-02   1.69365e-02
   3  phi_CBO      1.84420e-01   1.00000e-02   9.43260e-03   3.49435e-04
 MIGRAD MINIMIZATION HAS CONVERGED.
 MIGRAD WILL VERIFY CONVERGENCE AND ERROR MATRIX.
 FCN=0.0219705 FROM HESSE     STATUS=NOT POSDEF     16 CALLS          42 TOTAL
                     EDM=0.000225131    STRATEGY= 1      ERR MATRIX NOT POS-DEF
  EXT PARAMETER                APPROXIMATE        STEP         FIRST   
  NO.   NAME      VALUE            ERROR          SIZE      DERIVATIVE 
   1  A_CBO        2.97298e-03   4.48203e-02   2.10547e-05  -2.33498e-04
   2  w_CBO        2.32721e+00   6.46393e-01   4.96611e-05   2.15218e-02
   3  phi_CBO      1.74722e-01   3.22766e+00   6.87629e-03  -1.92893e-05
 MIGRAD MINIMIZATION HAS CONVERGED.
 MIGRAD WILL VERIFY CONVERGENCE AND ERROR MATRIX.
 COVARIANCE MATRIX CALCULATED SUCCESSFULLY
 FCN=0.0219517 FROM MIGRAD    STATUS=CONVERGED      87 CALLS          88 TOTAL
                     EDM=2.35182e-06    STRATEGY= 1      ERROR MATRIX ACCURATE 
  EXT PARAMETER                                   STEP         FIRST   
  NO.   NAME      VALUE            ERROR          SIZE      DERIVATIVE 
   1  A_CBO        2.96863e-03   4.26617e-02   2.10532e-05  -1.11243e-02
   2  w_CBO        2.32658e+00   7.37988e-02   4.95836e-05  -1.68749e-02
   3  phi_CBO      1.03336e-02   4.14286e+00   1.94374e-02   5.35214e-05
 EXTERNAL ERROR MATRIX.    NDIM=  25    NPAR=  3    ERR DEF=1
  1.820e-03 -2.483e-05 -1.303e-02 
 -2.483e-05  5.492e-03  8.978e-01 
 -1.303e-02  8.978e-01  2.468e+02 
 PARAMETER  CORRELATION COEFFICIENTS  
       NO.  GLOBAL      1      2      3
        1  0.02243   1.000 -0.008 -0.019
        2  0.77109  -0.008  1.000  0.771
        3  0.77118  -0.019  0.771  1.000
setting A_CBO=0.002969 w_CBO=2.326585, phi_CBO=0.010334
done fitting cbo isolate
 **********
 **    1 **SET PRINTOUT            1
 **********
 **********
 **    2 **SET NOWARNINGS 
 **********
 PARAMETER DEFINITIONS:
    NO.   NAME         VALUE      STEP SIZE      LIMITS
     1 N0           3.06200e+06  1.00000e+02     no limits
     2 tau          6.43953e+01  constant
     3 A0           3.42893e-01  1.00000e-04     no limits
     4 phi          4.11802e+00  1.00000e-02     no limits
     5 R           -6.11796e+01  constant
     6 A_CBO        2.96863e-03  1.00000e-05     no limits
     7 w_CBO        2.32658e+00  1.00000e-03     no limits
     8 phi_CBO      1.03336e-02  1.00000e-04     no limits
     9 ANx2         4.90616e-04  constant
    10 pNx2         2.30674e+00  constant
    11 ANy1         0.00000e+00  constant
    12 pNy1         0.00000e+00  constant
    13 w_y          0.00000e+00  constant
    14 ANy2         9.23997e-03  1.00000e-04     no limits
    15 pNy2         3.41148e-01  constant
    16 w_vw         1.43130e+01  constant
    17 LM          -3.45991e-04  constant
    18 wCBO_expCoeff   2.00000e+02  1.00000e+00     no limits
    19 wCBO_expOffset   2.00000e+02  1.00000e+00     no limits
    20 wCBO_expT    3.00000e+01  1.00000e+00     no limits
    21 wCBO_linCoeff   0.00000e+00  constant
    22 wCBO_const   0.00000e+00  1.00000e-02     no limits
MINUIT - FIT ONLY WIGGLE
 **********
 **    3 **FIX            5
 **********
 PARAMETER    5  IS CONSTANT.   IGNORED.
 **********
 **    4 **FIX            6
 **********
 **********
 **    5 **FIX            7
 **********
 **********
 **    6 **FIX            8
 **********
 **********
 **    7 **FIX            9
 **********
 PARAMETER    9  IS CONSTANT.   IGNORED.
 **********
 **    8 **FIX           10
 **********
 PARAMETER   10  IS CONSTANT.   IGNORED.
 **********
 **    9 **FIX           11
 **********
 PARAMETER   11  IS CONSTANT.   IGNORED.
 **********
 **   10 **FIX           12
 **********
 PARAMETER   12  IS CONSTANT.   IGNORED.
 **********
 **   11 **FIX           13
 **********
 PARAMETER   13  IS CONSTANT.   IGNORED.
 **********
 **   12 **FIX           14
 **********
 **********
 **   13 **FIX           15
 **********
 PARAMETER   15  IS CONSTANT.   IGNORED.
 **********
 **   14 **FIX           16
 **********
 PARAMETER   16  IS CONSTANT.   IGNORED.
 **********
 **   15 **MIGRAD
 **********
 FIRST CALL TO USER FUNCTION AT NEW START POINT, WITH IFLAG=4.
 START MIGRAD MINIMIZATION.  STRATEGY  1.  CONVERGENCE WHEN EDM .LT. 1.00e-04
 FCN=1738.76 FROM MIGRAD    STATUS=INITIATE       34 CALLS          35 TOTAL
                     EDM= unknown      STRATEGY= 1      NO ERROR MATRIX       
  EXT PARAMETER               CURRENT GUESS       STEP         FIRST   
  NO.   NAME      VALUE            ERROR          SIZE      DERIVATIVE 
   1  N0           3.06200e+06   1.00000e+02   1.00000e+02   2.28000e-03
   2  tau          6.43953e+01   constant   
   3  A0           3.42893e-01   1.00000e-04   1.00000e-04   1.81673e+03
   4  phi          4.11802e+00   1.00000e-02   1.00000e-02   1.89491e+03
   5  R           -6.11796e+01   constant   
   6  A_CBO        2.96863e-03     fixed    
   7  w_CBO        2.32658e+00     fixed    
   8  phi_CBO      1.03336e-02     fixed    
   9  ANx2         4.90616e-04   constant   
  10  pNx2         2.30674e+00   constant   
  11  ANy1         0.00000e+00   constant   
  12  pNy1         0.00000e+00   constant   
  13  w_y          0.00000e+00   constant   
  14  ANy2         9.23997e-03     fixed    
  15  pNy2         3.41148e-01   constant   
  16  w_vw         1.43130e+01   constant   
  17  LM          -3.45991e-04   constant   
  18  wCBO_expCoeff   2.00000e+02   1.00000e+00   1.00000e+00  -2.41587e+03
  19  wCBO_expOffset   2.00000e+02   1.00000e+00   1.00000e+00  -1.49657e+04
  20  wCBO_expT    3.00000e+01   1.00000e+00   1.00000e+00  -1.07252e+04
  21  wCBO_linCoeff   0.00000e+00   constant   
  22  wCBO_const   0.00000e+00   1.00000e-02   1.00000e-02  -8.78668e+03
 MIGRAD MINIMIZATION HAS CONVERGED.
 FCN=1683.87 FROM MIGRAD    STATUS=CONVERGED     242 CALLS         243 TOTAL
                     EDM=4.9099e-06    STRATEGY= 1  ERROR MATRIX UNCERTAINTY   0.6 per cent
  EXT PARAMETER                                   STEP         FIRST   
  NO.   NAME      VALUE            ERROR          SIZE      DERIVATIVE 
   1  N0           3.06158e+06   5.87405e+02   6.59887e-01  -1.95998e-06
   2  tau          6.43953e+01   constant   
   3  A0           3.42807e-01   2.57915e-04   1.21947e-07  -1.89757e+00
   4  phi          4.11746e+00   7.65215e-04  -7.31687e-07   1.22185e+00
   5  R           -6.11796e+01   constant   
   6  A_CBO        2.96863e-03     fixed    
   7  w_CBO        2.32658e+00     fixed    
   8  phi_CBO      1.03336e-02     fixed    
   9  ANx2         4.90616e-04   constant   
  10  pNx2         2.30674e+00   constant   
  11  ANy1         0.00000e+00   constant   
  12  pNy1         0.00000e+00   constant   
  13  w_y          0.00000e+00   constant   
  14  ANy2         9.23997e-03     fixed    
  15  pNy2         3.41148e-01   constant   
  16  w_vw         1.43130e+01   constant   
  17  LM          -3.45991e-04   constant   
  18  wCBO_expCoeff   2.00012e+02   2.49676e-03   4.10380e-07  -2.82519e+00
  19  wCBO_expOffset   2.00001e+02   3.45446e-04  -2.29427e-07   2.06809e+01
  20  wCBO_expT    2.99935e+01   7.96847e-04   3.36438e-08  -2.52487e+00
  21  wCBO_linCoeff   0.00000e+00   constant   
  22  wCBO_const   8.18790e-03   6.36179e-04   2.51485e-07  -2.73673e+00
 EXTERNAL ERROR MATRIX.    NDIM=  25    NPAR=  7    ERR DEF=1
  3.450e+05  1.177e-03 -3.270e-03  3.396e-01 -1.029e-02 -5.282e-02  2.903e-02 
  1.177e-03  6.652e-08 -1.048e-10  6.890e-08 -1.968e-09 -1.142e-08  7.259e-09 
 -3.270e-03 -1.048e-10  5.856e-07 -2.149e-07  4.211e-08 -1.605e-08  1.476e-08 
  3.396e-01  6.890e-08 -2.149e-07  6.234e-06  4.809e-07 -1.709e-06  1.068e-06 
 -1.029e-02 -1.968e-09  4.211e-08  4.809e-07  1.193e-07 -2.194e-07  1.124e-07 
 -5.282e-02 -1.142e-08 -1.605e-08 -1.709e-06 -2.194e-07  6.350e-07 -4.349e-07 
  2.903e-02  7.259e-09  1.476e-08  1.068e-06  1.124e-07 -4.349e-07  4.047e-07 
 PARAMETER  CORRELATION COEFFICIENTS  
       NO.  GLOBAL      1      3      4     18     19     20     22
        1  0.35041   1.000  0.008 -0.007  0.232 -0.051 -0.113  0.078
        3  0.16505   0.008  1.000 -0.001  0.107 -0.022 -0.056  0.044
        4  0.32069  -0.007 -0.001  1.000 -0.112  0.159 -0.026  0.030
       18  0.93286   0.232  0.107 -0.112  1.000  0.558 -0.859  0.672
       19  0.93432  -0.051 -0.022  0.159  0.558  1.000 -0.797  0.511
       20  0.98780  -0.113 -0.056 -0.026 -0.859 -0.797  1.000 -0.858
       22  0.94417   0.078  0.044  0.030  0.672  0.511 -0.858  1.000
MINUIT - FIT ONLY 1-CBO + other amplitudes 
 **********
 **   16 **RES 
 **********
                   PARAMETER   14  ANy2 RESTORED TO VARIABLE.
                   PARAMETER    8  phi_CBO RESTORED TO VARIABLE.
                   PARAMETER    7  w_CBO RESTORED TO VARIABLE.
                   PARAMETER    6  A_CBO RESTORED TO VARIABLE.
 **********
 **   17 **FIX            0
 **********
 PARAMETER    0  IS UNDEFINED. IGNORED.
 **********
 **   18 **FIX            1
 **********
 **********
 **   19 **FIX            2
 **********
 PARAMETER    2  IS CONSTANT.   IGNORED.
 **********
 **   20 **FIX            3
 **********
 **********
 **   21 **FIX            4
 **********
 **********
 **   22 **FIX            9
 **********
 PARAMETER    9  IS CONSTANT.   IGNORED.
 **********
 **   23 **FIX           11
 **********
 PARAMETER   11  IS CONSTANT.   IGNORED.
 **********
 **   24 **FIX           12
 **********
 PARAMETER   12  IS CONSTANT.   IGNORED.
 **********
 **   25 **FIX           14
 **********
 **********
 **   26 **FIX           15
 **********
 PARAMETER   15  IS CONSTANT.   IGNORED.
 **********
 **   27 **FIX           16
 **********
 PARAMETER   16  IS CONSTANT.   IGNORED.
 **********
 **   28 **MIGRAD
 **********
 START MIGRAD MINIMIZATION.  STRATEGY  1.  CONVERGENCE WHEN EDM .LT. 1.00e-04
 FCN=1683.87 FROM MIGRAD    STATUS=INITIATE       22 CALLS         265 TOTAL
                     EDM= unknown      STRATEGY= 1      NO ERROR MATRIX       
  EXT PARAMETER               CURRENT GUESS       STEP         FIRST   
  NO.   NAME      VALUE            ERROR          SIZE      DERIVATIVE 
   1  N0           3.06158e+06     fixed    
   2  tau          6.43953e+01   constant   
   3  A0           3.42807e-01     fixed    
   4  phi          4.11746e+00     fixed    
   5  R           -6.11796e+01   constant   
   6  A_CBO        2.96863e-03   1.00000e-05   1.00000e-05   4.98610e+04
   7  w_CBO        2.32658e+00   1.00000e-03   1.00000e-03  -2.43108e+02
   8  phi_CBO      1.03336e-02   1.00000e-04   1.00000e-04  -6.56574e+00
   9  ANx2         4.90616e-04   constant   
  10  pNx2         2.30674e+00   constant   
  11  ANy1         0.00000e+00   constant   
  12  pNy1         0.00000e+00   constant   
  13  w_y          0.00000e+00   constant   
  14  ANy2         9.23997e-03     fixed    
  15  pNy2         3.41148e-01   constant   
  16  w_vw         1.43130e+01   constant   
  17  LM          -3.45991e-04   constant   
  18  wCBO_expCoeff   2.00012e+02   2.49676e-03   4.10380e-07  -2.82519e+00
  19  wCBO_expOffset   2.00001e+02   3.45446e-04  -2.29427e-07   2.06809e+01
  20  wCBO_expT    2.99935e+01   7.96847e-04   3.36438e-08  -2.52487e+00
  21  wCBO_linCoeff   0.00000e+00   constant   
  22  wCBO_const   8.18790e-03   6.36179e-04   2.51485e-07  -2.73671e+00
 MIGRAD MINIMIZATION HAS CONVERGED.
 MIGRAD WILL VERIFY CONVERGENCE AND ERROR MATRIX.
 FCN=1639.15 FROM MIGRAD    STATUS=CONVERGED     240 CALLS         483 TOTAL
                     EDM=1.28796e-06    STRATEGY= 1      ERR MATRIX NOT POS-DEF
  EXT PARAMETER                APPROXIMATE        STEP         FIRST   
  NO.   NAME      VALUE            ERROR          SIZE      DERIVATIVE 
   1  N0           3.06158e+06     fixed    
   2  tau          6.43953e+01   constant   
   3  A0           3.42807e-01     fixed    
   4  phi          4.11746e+00     fixed    
   5  R           -6.11796e+01   constant   
   6  A_CBO        1.21351e-03   2.88173e-04   5.19750e-06  -1.81077e+00
   7  w_CBO        2.32661e+00   1.58939e-04   1.10941e-06   3.85404e+01
   8  phi_CBO      5.41134e-01   4.30243e-01   4.54385e-03  -8.75753e-04
   9  ANx2         4.90616e-04   constant   
  10  pNx2         2.30674e+00   constant   
  11  ANy1         0.00000e+00   constant   
  12  pNy1         0.00000e+00   constant   
  13  w_y          0.00000e+00   constant   
  14  ANy2         9.23997e-03     fixed    
  15  pNy2         3.41148e-01   constant   
  16  w_vw         1.43130e+01   constant   
  17  LM          -3.45991e-04   constant   
  18  wCBO_expCoeff   2.00014e+02   1.37137e-02   9.53742e-05   4.50088e-01
  19  wCBO_expOffset   2.00002e+02   1.98156e-03   9.53683e-05   3.00871e+00
  20  wCBO_expT    2.99929e+01   1.11416e-03   1.43018e-05   1.87756e+00
  21  wCBO_linCoeff   0.00000e+00   constant   
  22  wCBO_const   8.75686e-03   1.00070e-03   5.37539e-06  -4.97967e-01
 EXTERNAL ERROR MATRIX.    NDIM=  25    NPAR=  7    ERR DEF=1
  8.304e-08  3.599e-09 -7.906e-06  3.259e-07 -1.663e-07  3.980e-08  8.398e-09 
  3.599e-09  2.526e-08  8.735e-06 -1.295e-06 -1.168e-07 -1.539e-08  5.901e-09 
 -7.906e-06  8.735e-06  1.851e-01  7.276e-04  5.434e-05 -2.776e-04  2.987e-04 
  3.259e-07 -1.295e-06  7.276e-04  1.881e-04 -1.037e-05 -1.179e-06  1.887e-06 
 -1.663e-07 -1.168e-07  5.434e-05 -1.037e-05  3.927e-06 -7.969e-07  3.988e-07 
  3.980e-08 -1.539e-08 -2.776e-04 -1.179e-06 -7.969e-07  1.241e-06 -9.342e-07 
  8.398e-09  5.901e-09  2.987e-04  1.887e-06  3.988e-07 -9.342e-07  1.001e-06 
ERR MATRIX NOT POS-DEF
 PARAMETER  CORRELATION COEFFICIENTS  
       NO.  GLOBAL      6      7      8     18     19     20     22
        6  0.41535   1.000  0.079 -0.064  0.082 -0.291  0.124  0.029
        7  0.99589   0.079  1.000  0.128 -0.594 -0.371 -0.087  0.037
        8  0.84650  -0.064  0.128  1.000  0.123  0.064 -0.579  0.694
       18  0.99576   0.082 -0.594  0.123  1.000 -0.382 -0.077  0.138
       19  0.99543  -0.291 -0.371  0.064 -0.382  1.000 -0.361  0.201
       20  0.99127   0.124 -0.087 -0.579 -0.077 -0.361  1.000 -0.838
       22  0.96264   0.029  0.037  0.694  0.138  0.201 -0.838  1.000
 ERR MATRIX NOT POS-DEF
MINUIT - FIT ONLY 1-CBO
 **********
 **   29 **RES 
 **********
                   PARAMETER   14  ANy2 RESTORED TO VARIABLE.
                   PARAMETER    4  phi RESTORED TO VARIABLE.
                   PARAMETER    3  A0 RESTORED TO VARIABLE.
                   PARAMETER    1  N0 RESTORED TO VARIABLE.
 **********
 **   30 **FIX            0
 **********
 PARAMETER    0  IS UNDEFINED. IGNORED.
 **********
 **   31 **FIX            1
 **********
 **********
 **   32 **FIX            2
 **********
 PARAMETER    2  IS CONSTANT.   IGNORED.
 **********
 **   33 **FIX            3
 **********
 **********
 **   34 **FIX            4
 **********
 **********
 **   35 **FIX            8
 **********
 **********
 **   36 **FIX            9
 **********
 PARAMETER    9  IS CONSTANT.   IGNORED.
 **********
 **   37 **FIX           11
 **********
 PARAMETER   11  IS CONSTANT.   IGNORED.
 **********
 **   38 **FIX           12
 **********
 PARAMETER   12  IS CONSTANT.   IGNORED.
 **********
 **   39 **FIX           13
 **********
 PARAMETER   13  IS CONSTANT.   IGNORED.
 **********
 **   40 **FIX           15
 **********
 PARAMETER   15  IS CONSTANT.   IGNORED.
 **********
 **   41 **FIX           16
 **********
 PARAMETER   16  IS CONSTANT.   IGNORED.
 **********
 **   42 **MIGRAD
 **********
 START MIGRAD MINIMIZATION.  STRATEGY  1.  CONVERGENCE WHEN EDM .LT. 1.00e-04
 FCN=1639.15 FROM MIGRAD    STATUS=INITIATE       16 CALLS         499 TOTAL
                     EDM= unknown      STRATEGY= 1      NO ERROR MATRIX       
  EXT PARAMETER               CURRENT GUESS       STEP         FIRST   
  NO.   NAME      VALUE            ERROR          SIZE      DERIVATIVE 
   1  N0           3.06158e+06     fixed    
   2  tau          6.43953e+01   constant   
   3  A0           3.42807e-01     fixed    
   4  phi          4.11746e+00     fixed    
   5  R           -6.11796e+01   constant   
   6  A_CBO        1.21351e-03   2.88173e-04   5.19750e-06  -1.81077e+00
   7  w_CBO        2.32661e+00   1.58939e-04   1.10941e-06   3.90839e+01
   8  phi_CBO      5.41134e-01     fixed    
   9  ANx2         4.90616e-04   constant   
  10  pNx2         2.30674e+00   constant   
  11  ANy1         0.00000e+00   constant   
  12  pNy1         0.00000e+00   constant   
  13  w_y          0.00000e+00   constant   
  14  ANy2         9.23997e-03   1.00000e-04   1.00000e-04   2.52146e+05
  15  pNy2         3.41148e-01   constant   
  16  w_vw         1.43130e+01   constant   
  17  LM          -3.45991e-04   constant   
  18  wCBO_expCoeff   2.00014e+02   1.37137e-02   9.53742e-05   4.54214e-01
  19  wCBO_expOffset   2.00002e+02   1.98156e-03   9.53683e-05   4.84623e+00
  20  wCBO_expT    2.99929e+01   1.11416e-03   1.43018e-05   3.16205e+00
  21  wCBO_linCoeff   0.00000e+00   constant   
  22  wCBO_const   8.75686e-03   1.00070e-03   5.37539e-06  -5.11129e-01
 MIGRAD MINIMIZATION HAS CONVERGED.
 MIGRAD WILL VERIFY CONVERGENCE AND ERROR MATRIX.
 COVARIANCE MATRIX CALCULATED SUCCESSFULLY
 FCN=450.188 FROM MIGRAD    STATUS=CONVERGED     363 CALLS         846 TOTAL
                     EDM=2.80577e-06    STRATEGY= 1      ERROR MATRIX ACCURATE 
  EXT PARAMETER                                   STEP         FIRST   
  NO.   NAME      VALUE            ERROR          SIZE      DERIVATIVE 
   1  N0           3.06158e+06     fixed    
   2  tau          6.43953e+01   constant   
   3  A0           3.42807e-01     fixed    
   4  phi          4.11746e+00     fixed    
   5  R           -6.11796e+01   constant   
   6  A_CBO        7.67842e-05   2.76558e-04   2.85353e-06   7.09024e-01
   7  w_CBO        2.32661e+00   2.83063e-04   1.10941e-06   4.18450e+01
   8  phi_CBO      5.41134e-01     fixed    
   9  ANx2         4.90616e-04   constant   
  10  pNx2         2.30674e+00   constant   
  11  ANy1         0.00000e+00   constant   
  12  pNy1         0.00000e+00   constant   
  13  w_y          0.00000e+00   constant   
  14  ANy2        -1.67724e-04   2.72043e-04   2.80371e-06  -2.82171e+00
  15  pNy2         3.41148e-01   constant   
  16  w_vw         1.43130e+01   constant   
  17  LM          -3.45991e-04   constant   
  18  wCBO_expCoeff   2.00015e+02   2.44411e-02   9.53745e-05   4.92404e-01
  19  wCBO_expOffset   2.00002e+02   1.45112e-03   9.53684e-05   3.25675e+00
  20  wCBO_expT    2.99947e+01   1.09738e-03   1.43026e-05   1.51234e+00
  21  wCBO_linCoeff   0.00000e+00   constant   
  22  wCBO_const   5.92581e-03   7.89961e-04   4.12593e-06  -1.06907e+00
 EXTERNAL ERROR MATRIX.    NDIM=  25    NPAR=  7    ERR DEF=1
  7.648e-08  6.840e-10  5.868e-11  6.427e-08 -1.603e-09 -9.464e-09  2.860e-09 
  6.840e-10  8.012e-08  3.943e-10 -6.142e-06 -7.180e-08 -3.798e-08 -2.318e-08 
  5.868e-11  3.943e-10  7.401e-08  3.435e-08  4.413e-09 -2.067e-08  5.900e-09 
  6.427e-08 -6.142e-06  3.435e-08  5.974e-04 -6.771e-06 -3.452e-06  3.699e-06 
 -1.603e-09 -7.180e-08  4.413e-09 -6.771e-06  2.106e-06 -1.152e-07  5.596e-08 
 -9.464e-09 -3.798e-08 -2.067e-08 -3.452e-06 -1.152e-07  1.204e-06 -5.399e-07 
  2.860e-09 -2.318e-08  5.900e-09  3.699e-06  5.596e-08 -5.399e-07  6.240e-07 
 PARAMETER  CORRELATION COEFFICIENTS  
       NO.  GLOBAL      6      7     14     18     19     20     22
        6  0.10186   1.000  0.009  0.001  0.010 -0.004 -0.031  0.013
        7  0.99721   0.009  1.000  0.005 -0.888 -0.175 -0.122 -0.104
       14  0.11223   0.001  0.005  1.000  0.005  0.011 -0.069  0.027
       18  0.99714   0.010 -0.888  0.005  1.000 -0.191 -0.129  0.192
       19  0.98148  -0.004 -0.175  0.011 -0.191  1.000 -0.072  0.049
       20  0.97825  -0.031 -0.122 -0.069 -0.129 -0.072  1.000 -0.623
       22  0.86392   0.013 -0.104  0.027  0.192  0.049 -0.623  1.000
MINUIT - FIT ONLY 2-CBO
 **********
 **   43 **RES 
 **********
                   PARAMETER    8  phi_CBO RESTORED TO VARIABLE.
                   PARAMETER    4  phi RESTORED TO VARIABLE.
                   PARAMETER    3  A0 RESTORED TO VARIABLE.
                   PARAMETER    1  N0 RESTORED TO VARIABLE.
 **********
 **   44 **FIX            0
 **********
 PARAMETER    0  IS UNDEFINED. IGNORED.
 **********
 **   45 **FIX            1
 **********
 **********
 **   46 **FIX            2
 **********
 PARAMETER    2  IS CONSTANT.   IGNORED.
 **********
 **   47 **FIX            3
 **********
 **********
 **   48 **FIX            4
 **********
 **********
 **   49 **FIX            5
 **********
 PARAMETER    5  IS CONSTANT.   IGNORED.
 **********
 **   50 **FIX            6
 **********
 **********
 **   51 **FIX            7
 **********
 **********
 **   52 **FIX           10
 **********
 PARAMETER   10  IS CONSTANT.   IGNORED.
 **********
 **   53 **FIX           11
 **********
 PARAMETER   11  IS CONSTANT.   IGNORED.
 **********
 **   54 **FIX           12
 **********
 PARAMETER   12  IS CONSTANT.   IGNORED.
 **********
 **   55 **FIX           13
 **********
 PARAMETER   13  IS CONSTANT.   IGNORED.
 **********
 **   56 **FIX           14
 **********
 **********
 **   57 **FIX           15
 **********
 PARAMETER   15  IS CONSTANT.   IGNORED.
 **********
 **   58 **FIX           16
 **********
 PARAMETER   16  IS CONSTANT.   IGNORED.
 **********
 **   59 **MIGRAD
 **********
 START MIGRAD MINIMIZATION.  STRATEGY  1.  CONVERGENCE WHEN EDM .LT. 1.00e-04
 FCN=450.188 FROM MIGRAD    STATUS=INITIATE       12 CALLS         858 TOTAL
                     EDM= unknown      STRATEGY= 1      NO ERROR MATRIX       
  EXT PARAMETER               CURRENT GUESS       STEP         FIRST   
  NO.   NAME      VALUE            ERROR          SIZE      DERIVATIVE 
   1  N0           3.06158e+06     fixed    
   2  tau          6.43953e+01   constant   
   3  A0           3.42807e-01     fixed    
   4  phi          4.11746e+00     fixed    
   5  R           -6.11796e+01   constant   
   6  A_CBO        7.67842e-05     fixed    
   7  w_CBO        2.32661e+00     fixed    
   8  phi_CBO      5.41134e-01   4.30243e-01   4.30243e-01   9.37745e-02
   9  ANx2         4.90616e-04   constant   
  10  pNx2         2.30674e+00   constant   
  11  ANy1         0.00000e+00   constant   
  12  pNy1         0.00000e+00   constant   
  13  w_y          0.00000e+00   constant   
  14  ANy2        -1.67724e-04     fixed    
  15  pNy2         3.41148e-01   constant   
  16  w_vw         1.43130e+01   constant   
  17  LM          -3.45991e-04   constant   
  18  wCBO_expCoeff   2.00015e+02   2.44411e-02   9.53745e-05   4.76910e-01
  19  wCBO_expOffset   2.00002e+02   1.45112e-03   9.53684e-05  -2.77180e+00
  20  wCBO_expT    2.99947e+01   1.09738e-03   1.43026e-05   1.14978e+00
  21  wCBO_linCoeff   0.00000e+00   constant   
  22  wCBO_const   5.92581e-03   7.89961e-04   4.12593e-06  -1.07213e+00
 MIGRAD MINIMIZATION HAS CONVERGED.
 MIGRAD WILL VERIFY CONVERGENCE AND ERROR MATRIX.
 COVARIANCE MATRIX CALCULATED SUCCESSFULLY
 FCN=450.163 FROM MIGRAD    STATUS=CONVERGED     135 CALLS         981 TOTAL
                     EDM=1.60188e-05    STRATEGY= 1      ERROR MATRIX ACCURATE 
  EXT PARAMETER                                   STEP         FIRST   
  NO.   NAME      VALUE            ERROR          SIZE      DERIVATIVE 
   1  N0           3.06158e+06     fixed    
   2  tau          6.43953e+01   constant   
   3  A0           3.42807e-01     fixed    
   4  phi          4.11746e+00     fixed    
   5  R           -6.11796e+01   constant   
   6  A_CBO        7.67842e-05     fixed    
   7  w_CBO        2.32661e+00     fixed    
   8  phi_CBO      1.76512e-02   3.26790e+00   3.36015e-02  -3.37733e-04
   9  ANx2         4.90616e-04   constant   
  10  pNx2         2.30674e+00   constant   
  11  ANy1         0.00000e+00   constant   
  12  pNy1         0.00000e+00   constant   
  13  w_y          0.00000e+00   constant   
  14  ANy2        -1.67724e-04     fixed    
  15  pNy2         3.41148e-01   constant   
  16  w_vw         1.43130e+01   constant   
  17  LM          -3.45991e-04   constant   
  18  wCBO_expCoeff   2.00015e+02   1.10156e-02   9.53745e-05   6.18577e-01
  19  wCBO_expOffset   2.00002e+02   1.39738e-03   9.53684e-05   4.09549e+00
  20  wCBO_expT    2.99947e+01   1.08360e-03   1.43026e-05  -1.09128e+00
  21  wCBO_linCoeff   0.00000e+00   constant   
  22  wCBO_const   5.93077e-03   7.88742e-04   4.11872e-06  -3.06058e-01
 EXTERNAL ERROR MATRIX.    NDIM=  25    NPAR=  5    ERR DEF=1
  1.068e+01 -1.924e-03  1.053e-04  2.573e-04 -4.728e-05 
 -1.924e-03  1.213e-04 -1.167e-05 -6.238e-06  1.905e-06 
  1.053e-04 -1.167e-05  1.953e-06 -1.513e-07  3.647e-08 
  2.573e-04 -6.238e-06 -1.513e-07  1.174e-06 -5.525e-07 
 -4.728e-05  1.905e-06  3.647e-08 -5.525e-07  6.221e-07 
 PARAMETER  CORRELATION COEFFICIENTS  
       NO.  GLOBAL      8     18     19     20     22
        8  0.13259   1.000 -0.053  0.023  0.073 -0.018
       18  0.98592  -0.053  1.000 -0.758 -0.523  0.219
       19  0.98015   0.023 -0.758  1.000 -0.100  0.033
       20  0.97783   0.073 -0.523 -0.100  1.000 -0.646
       22  0.86399  -0.018  0.219  0.033 -0.646  1.000
MINUIT - FIT ONLY 1-y
 **********
 **   60 **RES 
 **********
                   PARAMETER   14  ANy2 RESTORED TO VARIABLE.
                   PARAMETER    7  w_CBO RESTORED TO VARIABLE.
                   PARAMETER    6  A_CBO RESTORED TO VARIABLE.
                   PARAMETER    4  phi RESTORED TO VARIABLE.
                   PARAMETER    3  A0 RESTORED TO VARIABLE.
                   PARAMETER    1  N0 RESTORED TO VARIABLE.
 **********
 **   61 **FIX            0
 **********
 PARAMETER    0  IS UNDEFINED. IGNORED.
 **********
 **   62 **FIX            1
 **********
 **********
 **   63 **FIX            2
 **********
 PARAMETER    2  IS CONSTANT.   IGNORED.
 **********
 **   64 **FIX            3
 **********
 **********
 **   65 **FIX            4
 **********
 **********
 **   66 **FIX            5
 **********
 PARAMETER    5  IS CONSTANT.   IGNORED.
 **********
 **   67 **FIX            6
 **********
 **********
 **   68 **FIX            7
 **********
 **********
 **   69 **FIX            8
 **********
 **********
 **   70 **FIX            9
 **********
 PARAMETER    9  IS CONSTANT.   IGNORED.
 **********
 **   71 **FIX           13
 **********
 PARAMETER   13  IS CONSTANT.   IGNORED.
 **********
 **   72 **FIX           14
 **********
 **********
 **   73 **FIX           15
 **********
 PARAMETER   15  IS CONSTANT.   IGNORED.
 **********
 **   74 **FIX           16
 **********
 PARAMETER   16  IS CONSTANT.   IGNORED.
 **********
 **   75 **MIGRAD
 **********
 START MIGRAD MINIMIZATION.  STRATEGY  1.  CONVERGENCE WHEN EDM .LT. 1.00e-04
 FCN=450.163 FROM MIGRAD    STATUS=INITIATE        8 CALLS         989 TOTAL
                     EDM= unknown      STRATEGY= 1      NO ERROR MATRIX       
  EXT PARAMETER               CURRENT GUESS       STEP         FIRST   
  NO.   NAME      VALUE            ERROR          SIZE      DERIVATIVE 
   1  N0           3.06158e+06     fixed    
   2  tau          6.43953e+01   constant   
   3  A0           3.42807e-01     fixed    
   4  phi          4.11746e+00     fixed    
   5  R           -6.11796e+01   constant   
   6  A_CBO        7.67842e-05     fixed    
   7  w_CBO        2.32661e+00     fixed    
   8  phi_CBO      1.76512e-02     fixed    
   9  ANx2         4.90616e-04   constant   
  10  pNx2         2.30674e+00   constant   
  11  ANy1         0.00000e+00   constant   
  12  pNy1         0.00000e+00   constant   
  13  w_y          0.00000e+00   constant   
  14  ANy2        -1.67724e-04     fixed    
  15  pNy2         3.41148e-01   constant   
  16  w_vw         1.43130e+01   constant   
  17  LM          -3.45991e-04   constant   
  18  wCBO_expCoeff   2.00015e+02   1.10156e-02   9.53745e-05   6.01562e-01
  19  wCBO_expOffset   2.00002e+02   1.39738e-03   9.53684e-05  -2.52019e+00
  20  wCBO_expT    2.99947e+01   1.08360e-03   1.43026e-05  -1.43959e+00
  21  wCBO_linCoeff   0.00000e+00   constant   
  22  wCBO_const   5.93077e-03   7.88742e-04   4.11872e-06  -3.09160e-01
 MIGRAD MINIMIZATION HAS CONVERGED.
 MIGRAD WILL VERIFY CONVERGENCE AND ERROR MATRIX.
 COVARIANCE MATRIX CALCULATED SUCCESSFULLY
 FCN=450.163 FROM MIGRAD    STATUS=CONVERGED      48 CALLS        1029 TOTAL
                     EDM=9.11499e-06    STRATEGY= 1      ERROR MATRIX ACCURATE 
  EXT PARAMETER                                   STEP         FIRST   
  NO.   NAME      VALUE            ERROR          SIZE      DERIVATIVE 
   1  N0           3.06158e+06     fixed    
   2  tau          6.43953e+01   constant   
   3  A0           3.42807e-01     fixed    
   4  phi          4.11746e+00     fixed    
   5  R           -6.11796e+01   constant   
   6  A_CBO        7.67842e-05     fixed    
   7  w_CBO        2.32661e+00     fixed    
   8  phi_CBO      1.76512e-02     fixed    
   9  ANx2         4.90616e-04   constant   
  10  pNx2         2.30674e+00   constant   
  11  ANy1         0.00000e+00   constant   
  12  pNy1         0.00000e+00   constant   
  13  w_y          0.00000e+00   constant   
  14  ANy2        -1.67724e-04     fixed    
  15  pNy2         3.41148e-01   constant   
  16  w_vw         1.43130e+01   constant   
  17  LM          -3.45991e-04   constant   
  18  wCBO_expCoeff   2.00015e+02   1.10184e-02   9.53745e-05   6.03397e-01
  19  wCBO_expOffset   2.00002e+02   1.39982e-03   9.53684e-05   3.99453e+00
  20  wCBO_expT    2.99947e+01   1.08108e-03   1.43026e-05   2.76592e+00
  21  wCBO_linCoeff   0.00000e+00   constant   
  22  wCBO_const   5.93135e-03   7.88708e-04   4.11891e-06   5.18475e+00
 EXTERNAL ERROR MATRIX.    NDIM=  25    NPAR=  4    ERR DEF=1
  1.214e-04 -1.170e-05 -6.198e-06  1.900e-06 
 -1.170e-05  1.959e-06 -1.534e-07  3.682e-08 
 -6.198e-06 -1.534e-07  1.169e-06 -5.518e-07 
  1.900e-06  3.682e-08 -5.518e-07  6.221e-07 
 PARAMETER  CORRELATION COEFFICIENTS  
       NO.  GLOBAL     18     19     20     22
       18  0.98592   1.000 -0.759 -0.520  0.219
       19  0.98022  -0.759  1.000 -0.101  0.033
       20  0.97773  -0.520 -0.101  1.000 -0.647
       22  0.86397   0.219  0.033 -0.647  1.000
MINUIT - FIT ONLY 2-y
 **********
 **   76 **RES 
 **********
                   PARAMETER   14  ANy2 RESTORED TO VARIABLE.
                   PARAMETER    8  phi_CBO RESTORED TO VARIABLE.
                   PARAMETER    7  w_CBO RESTORED TO VARIABLE.
                   PARAMETER    6  A_CBO RESTORED TO VARIABLE.
                   PARAMETER    4  phi RESTORED TO VARIABLE.
                   PARAMETER    3  A0 RESTORED TO VARIABLE.
                   PARAMETER    1  N0 RESTORED TO VARIABLE.
 **********
 **   77 **FIX            0
 **********
 PARAMETER    0  IS UNDEFINED. IGNORED.
 **********
 **   78 **FIX            1
 **********
 **********
 **   79 **FIX            2
 **********
 PARAMETER    2  IS CONSTANT.   IGNORED.
 **********
 **   80 **FIX            3
 **********
 **********
 **   81 **FIX            4
 **********
 **********
 **   82 **FIX            5
 **********
 PARAMETER    5  IS CONSTANT.   IGNORED.
 **********
 **   83 **FIX            6
 **********
 **********
 **   84 **FIX            7
 **********
 **********
 **   85 **FIX            8
 **********
 **********
 **   86 **FIX            9
 **********
 PARAMETER    9  IS CONSTANT.   IGNORED.
 **********
 **   87 **FIX           10
 **********
 PARAMETER   10  IS CONSTANT.   IGNORED.
 **********
 **   88 **FIX           11
 **********
 PARAMETER   11  IS CONSTANT.   IGNORED.
 **********
 **   89 **FIX           12
 **********
 PARAMETER   12  IS CONSTANT.   IGNORED.
 **********
 **   90 **FIX           16
 **********
 PARAMETER   16  IS CONSTANT.   IGNORED.
 **********
 **   91 **MIGRAD
 **********
 START MIGRAD MINIMIZATION.  STRATEGY  1.  CONVERGENCE WHEN EDM .LT. 1.00e-04
 FCN=450.163 FROM MIGRAD    STATUS=INITIATE       10 CALLS        1039 TOTAL
                     EDM= unknown      STRATEGY= 1      NO ERROR MATRIX       
  EXT PARAMETER               CURRENT GUESS       STEP         FIRST   
  NO.   NAME      VALUE            ERROR          SIZE      DERIVATIVE 
   1  N0           3.06158e+06     fixed    
   2  tau          6.43953e+01   constant   
   3  A0           3.42807e-01     fixed    
   4  phi          4.11746e+00     fixed    
   5  R           -6.11796e+01   constant   
   6  A_CBO        7.67842e-05     fixed    
   7  w_CBO        2.32661e+00     fixed    
   8  phi_CBO      1.76512e-02     fixed    
   9  ANx2         4.90616e-04   constant   
  10  pNx2         2.30674e+00   constant   
  11  ANy1         0.00000e+00   constant   
  12  pNy1         0.00000e+00   constant   
  13  w_y          0.00000e+00   constant   
  14  ANy2        -1.67724e-04   2.72043e-04   2.72043e-04   3.12583e+01
  15  pNy2         3.41148e-01   constant   
  16  w_vw         1.43130e+01   constant   
  17  LM          -3.45991e-04   constant   
  18  wCBO_expCoeff   2.00015e+02   1.10184e-02   9.53745e-05   5.86537e-01
  19  wCBO_expOffset   2.00002e+02   1.39982e-03   9.53684e-05  -2.56153e+00
  20  wCBO_expT    2.99947e+01   1.08108e-03   1.43026e-05   2.41790e+00
  21  wCBO_linCoeff   0.00000e+00   constant   
  22  wCBO_const   5.93135e-03   7.88708e-04   4.11891e-06   5.18161e+00
 MIGRAD MINIMIZATION HAS CONVERGED.
 MIGRAD WILL VERIFY CONVERGENCE AND ERROR MATRIX.
 COVARIANCE MATRIX CALCULATED SUCCESSFULLY
 FCN=450.163 FROM MIGRAD    STATUS=CONVERGED      71 CALLS        1100 TOTAL
                     EDM=9.35076e-06    STRATEGY= 1      ERROR MATRIX ACCURATE 
  EXT PARAMETER                                   STEP         FIRST   
  NO.   NAME      VALUE            ERROR          SIZE      DERIVATIVE 
   1  N0           3.06158e+06     fixed    
   2  tau          6.43953e+01   constant   
   3  A0           3.42807e-01     fixed    
   4  phi          4.11746e+00     fixed    
   5  R           -6.11796e+01   constant   
   6  A_CBO        7.67842e-05     fixed    
   7  w_CBO        2.32661e+00     fixed    
   8  phi_CBO      1.76512e-02     fixed    
   9  ANx2         4.90616e-04   constant   
  10  pNx2         2.30674e+00   constant   
  11  ANy1         0.00000e+00   constant   
  12  pNy1         0.00000e+00   constant   
  13  w_y          0.00000e+00   constant   
  14  ANy2        -1.68882e-04   2.72046e-04   2.80364e-06  -4.85190e-01
  15  pNy2         3.41148e-01   constant   
  16  w_vw         1.43130e+01   constant   
  17  LM          -3.45991e-04   constant   
  18  wCBO_expCoeff   2.00015e+02   1.10210e-02   9.53745e-05   2.25314e-01
  19  wCBO_expOffset   2.00002e+02   1.40001e-03   9.53684e-05   1.43737e+00
  20  wCBO_expT    2.99947e+01   1.08380e-03   1.43026e-05  -1.76571e+00
  21  wCBO_linCoeff   0.00000e+00   constant   
  22  wCBO_const   5.93101e-03   7.89004e-04   4.11886e-06   1.69094e+00
 EXTERNAL ERROR MATRIX.    NDIM=  25    NPAR=  5    ERR DEF=1
  7.401e-08  6.569e-08  5.031e-09 -2.084e-08  6.181e-09 
  6.569e-08  1.215e-04 -1.170e-05 -6.216e-06  1.905e-06 
  5.031e-09 -1.170e-05  1.960e-06 -1.550e-07  3.728e-08 
 -2.084e-08 -6.216e-06 -1.550e-07  1.175e-06 -5.534e-07 
  6.181e-09  1.905e-06  3.728e-08 -5.534e-07  6.225e-07 
 PARAMETER  CORRELATION COEFFICIENTS  
       NO.  GLOBAL     14     18     19     20     22
       14  0.11234   1.000  0.022  0.013 -0.071  0.029
       18  0.98593   0.022  1.000 -0.758 -0.520  0.219
       19  0.98023   0.013 -0.758  1.000 -0.102  0.034
       20  0.97784  -0.071 -0.520 -0.102  1.000 -0.647
       22  0.86408   0.029  0.219  0.034 -0.647  1.000
MINUIT - FIT ALTOGETHER
 **********
 **   92 **RES 
 **********
                   PARAMETER    8  phi_CBO RESTORED TO VARIABLE.
                   PARAMETER    7  w_CBO RESTORED TO VARIABLE.
                   PARAMETER    6  A_CBO RESTORED TO VARIABLE.
                   PARAMETER    4  phi RESTORED TO VARIABLE.
                   PARAMETER    3  A0 RESTORED TO VARIABLE.
                   PARAMETER    1  N0 RESTORED TO VARIABLE.
 **********
 **   93 **MIGRAD
 **********
 START MIGRAD MINIMIZATION.  STRATEGY  1.  CONVERGENCE WHEN EDM .LT. 1.00e-04
 FCN=450.163 FROM MIGRAD    STATUS=INITIATE       22 CALLS        1122 TOTAL
                     EDM= unknown      STRATEGY= 1      NO ERROR MATRIX       
  EXT PARAMETER               CURRENT GUESS       STEP         FIRST   
  NO.   NAME      VALUE            ERROR          SIZE      DERIVATIVE 
   1  N0           3.06158e+06   5.87405e+02   5.87405e+02  -2.66505e-03
   2  tau          6.43953e+01   constant   
   3  A0           3.42807e-01   2.57915e-04   2.57915e-04   6.91171e+02
   4  phi          4.11746e+00   7.65215e-04   7.65215e-04  -1.38864e+03
   5  R           -6.11796e+01   constant   
   6  A_CBO        7.67842e-05   2.76558e-04   2.76558e-04  -3.21661e+02
   7  w_CBO        2.32661e+00   2.83063e-04   2.83063e-04   1.80900e+01
   8  phi_CBO      1.76512e-02   3.26790e+00   3.26790e+00  -2.91306e-04
   9  ANx2         4.90616e-04   constant   
  10  pNx2         2.30674e+00   constant   
  11  ANy1         0.00000e+00   constant   
  12  pNy1         0.00000e+00   constant   
  13  w_y          0.00000e+00   constant   
  14  ANy2        -1.68882e-04   2.72046e-04   2.80364e-06  -4.85191e-01
  15  pNy2         3.41148e-01   constant   
  16  w_vw         1.43130e+01   constant   
  17  LM          -3.45991e-04   constant   
  18  wCBO_expCoeff   2.00015e+02   1.10210e-02   9.53745e-05   2.03063e-01
  19  wCBO_expOffset   2.00002e+02   1.40001e-03   9.53684e-05  -5.11704e+00
  20  wCBO_expT    2.99947e+01   1.08380e-03   1.43026e-05  -2.11303e+00
