 + ++++++++++++++++++++++++++++++++++++++++++++++++++++++++++++++++++++ +
 +                                                                      +
 +           You have chose to blind your fitting according to          +
 +                omega_ref * (1 + (R +/- deltaR) *10^{-6})             +
 +                                                                      +
 + ++++++++++++++++++++++++++++++++++++++++++++++++++++++++++++++++++++ +
In main()...
reading format from /gm2data/zkhechad/run45/envelope/formats/formatB_sBin_constraintOn.txt
pBinTau 	= 0  
pBinPhi 	= 0  
constraintau 	= 1 
includeMopTerm 	= 0    
constrainMop    = 0   
Parameters after format file: pBinTau 0 pBinPhi 0 constraintau 1 includeMopTerm 0 constrainMop 0 c_e_scale 0.000000 
reading cbo reference file (full fit) from /gm2data/zkhechad/cboTemplates/Run4CBOTemplates/fullFits/run4/sBin_constraintOn_cE0.0_seed0_run4_calo5.root
A_CBO 0.008637 w_CBO 2.327270 phi_CBO 4.582201 N0 2703588.677157 R -62.169895 tau 64.408322 
Reading cboRef file /gm2data/zkhechad/cboTemplates/Run4CBOTemplates//cboIsolate/run4_calo5.root
deltaT 164.120000
windowBins = 1100
fitting sliding window 1920 from bin 2123 at 316.751600 to bin 3223 at 480.871600 (1100 bins)

Reading data from /gm2data/cornell/histograms/aMethod/histogram_a_run4.root
fitting cbo isolate
 **********
 **    1 **SET PRINTOUT            1
 **********
 **********
 **    2 **SET NOWARNINGS 
 **********
 PARAMETER DEFINITIONS:
    NO.   NAME         VALUE      STEP SIZE      LIMITS
     1 A_CBO        8.63683e-03  1.00000e-05     no limits
     2 w_CBO        2.32727e+00  1.00000e-02    2.00000e+00  3.00000e+00
     3 phi_CBO      4.58220e+00  1.00000e-02    0.00000e+00  6.28319e+00
 **********
 **    3 **MIGRAD
 **********
 FIRST CALL TO USER FUNCTION AT NEW START POINT, WITH IFLAG=4.
 START MIGRAD MINIMIZATION.  STRATEGY  1.  CONVERGENCE WHEN EDM .LT. 1.00e-04
 FCN=0.118528 FROM MIGRAD    STATUS=INITIATE       12 CALLS          13 TOTAL
                     EDM= unknown      STRATEGY= 1      NO ERROR MATRIX       
  EXT PARAMETER               CURRENT GUESS       STEP         FIRST   
  NO.   NAME      VALUE            ERROR          SIZE      DERIVATIVE 
   1  A_CBO        8.63683e-03   1.00000e-05   1.00000e-05   7.53305e+00
   2  w_CBO        2.32727e+00   1.00000e-02   2.13144e-02  -1.22420e-01
   3  phi_CBO      4.58220e+00   1.00000e-02   3.58191e-03   7.28846e-04
 MIGRAD MINIMIZATION HAS CONVERGED.
 MIGRAD WILL VERIFY CONVERGENCE AND ERROR MATRIX.
 COVARIANCE MATRIX CALCULATED SUCCESSFULLY
 FCN=0.0927123 FROM MIGRAD    STATUS=CONVERGED      41 CALLS          42 TOTAL
                     EDM=9.24758e-05    STRATEGY= 1      ERROR MATRIX ACCURATE 
  EXT PARAMETER                                   STEP         FIRST   
  NO.   NAME      VALUE            ERROR          SIZE      DERIVATIVE 
   1  A_CBO        1.78277e-03   4.28033e-02   2.17755e-05   1.98769e-05
   2  w_CBO        2.32737e+00   3.59327e-01   6.50990e-05   1.43539e-02
   3  phi_CBO      4.56693e+00   5.26556e+00   4.33762e-03  -4.44831e-04
 EXTERNAL ERROR MATRIX.    NDIM=  25    NPAR=  3    ERR DEF=1
  1.832e-03  1.262e-03  5.343e-01 
  1.262e-03  1.675e-01  6.590e+01 
  5.343e-01  6.590e+01  2.649e+04 
 PARAMETER  CORRELATION COEFFICIENTS  
       NO.  GLOBAL      1      2      3
        1  0.08106   1.000  0.072  0.077
        2  0.98925   0.072  1.000  0.989
        3  0.98926   0.077  0.989  1.000
setting A_CBO=0.001783 w_CBO=2.327365, phi_CBO=4.566932
done fitting cbo isolate
 **********
 **    1 **SET PRINTOUT            1
 **********
 **********
 **    2 **SET NOWARNINGS 
 **********
 PARAMETER DEFINITIONS:
    NO.   NAME         VALUE      STEP SIZE      LIMITS
     1 N0           2.70359e+06  1.00000e+02     no limits
     2 tau          6.44083e+01  constant
     3 A0           3.58550e-01  1.00000e-04     no limits
     4 phi          4.11640e+00  1.00000e-02     no limits
     5 R           -6.21699e+01  constant
     6 A_CBO        1.78277e-03  1.00000e-05     no limits
     7 w_CBO        2.32737e+00  1.00000e-03     no limits
     8 phi_CBO      4.56693e+00  1.00000e-04     no limits
     9 ANx2         2.34902e-04  constant
    10 pNx2         5.38708e+00  constant
    11 ANy1         0.00000e+00  constant
    12 pNy1         0.00000e+00  constant
    13 w_y          0.00000e+00  constant
    14 ANy2         8.91556e-03  1.00000e-04     no limits
    15 pNy2         6.21709e+00  constant
    16 w_vw         1.43264e+01  constant
    17 LM           1.88334e-04  constant
    18 wCBO_expCoeff   2.00000e+02  1.00000e+00     no limits
    19 wCBO_expOffset   2.00000e+02  1.00000e+00     no limits
    20 wCBO_expT    3.00000e+01  1.00000e+00     no limits
    21 wCBO_linCoeff   0.00000e+00  constant
    22 wCBO_const   0.00000e+00  1.00000e-02     no limits
MINUIT - FIT ONLY WIGGLE
 **********
 **    3 **FIX            5
 **********
 PARAMETER    5  IS CONSTANT.   IGNORED.
 **********
 **    4 **FIX            6
 **********
 **********
 **    5 **FIX            7
 **********
 **********
 **    6 **FIX            8
 **********
 **********
 **    7 **FIX            9
 **********
 PARAMETER    9  IS CONSTANT.   IGNORED.
 **********
 **    8 **FIX           10
 **********
 PARAMETER   10  IS CONSTANT.   IGNORED.
 **********
 **    9 **FIX           11
 **********
 PARAMETER   11  IS CONSTANT.   IGNORED.
 **********
 **   10 **FIX           12
 **********
 PARAMETER   12  IS CONSTANT.   IGNORED.
 **********
 **   11 **FIX           13
 **********
 PARAMETER   13  IS CONSTANT.   IGNORED.
 **********
 **   12 **FIX           14
 **********
 **********
 **   13 **FIX           15
 **********
 PARAMETER   15  IS CONSTANT.   IGNORED.
 **********
 **   14 **FIX           16
 **********
 PARAMETER   16  IS CONSTANT.   IGNORED.
 **********
 **   15 **MIGRAD
 **********
 FIRST CALL TO USER FUNCTION AT NEW START POINT, WITH IFLAG=4.
 START MIGRAD MINIMIZATION.  STRATEGY  1.  CONVERGENCE WHEN EDM .LT. 1.00e-04
 FCN=551.723 FROM MIGRAD    STATUS=INITIATE       54 CALLS          55 TOTAL
                     EDM= unknown      STRATEGY= 1      NO ERROR MATRIX       
  EXT PARAMETER               CURRENT GUESS       STEP         FIRST   
  NO.   NAME      VALUE            ERROR          SIZE      DERIVATIVE 
   1  N0           2.70359e+06   1.00000e+02   0.00000e+00  -9.31059e-04
   2  tau          6.44083e+01   constant   
   3  A0           3.58550e-01   1.00000e-04   0.00000e+00  -2.50804e+03
   4  phi          4.11640e+00   1.00000e-02   0.00000e+00   1.44471e+02
   5  R           -6.21699e+01   constant   
   6  A_CBO        1.78277e-03     fixed    
   7  w_CBO        2.32737e+00     fixed    
   8  phi_CBO      4.56693e+00     fixed    
   9  ANx2         2.34902e-04   constant   
  10  pNx2         5.38708e+00   constant   
  11  ANy1         0.00000e+00   constant   
  12  pNy1         0.00000e+00   constant   
  13  w_y          0.00000e+00   constant   
  14  ANy2         8.91556e-03     fixed    
  15  pNy2         6.21709e+00   constant   
  16  w_vw         1.43264e+01   constant   
  17  LM           1.88334e-04   constant   
  18  wCBO_expCoeff   2.00000e+02   1.00000e+00   0.00000e+00  -1.06654e+01
  19  wCBO_expOffset   2.00000e+02   1.00000e+00   0.00000e+00  -7.11029e+01
  20  wCBO_expT    3.00000e+01   1.00000e+00   0.00000e+00  -1.84267e+02
  21  wCBO_linCoeff   0.00000e+00   constant   
  22  wCBO_const  -1.55156e-03   1.00000e-02  -1.55156e-03  -6.64700e+00
 MIGRAD MINIMIZATION HAS CONVERGED.
 FCN=535.776 FROM MIGRAD    STATUS=CONVERGED     320 CALLS         321 TOTAL
                     EDM=7.69124e-08    STRATEGY= 1  ERROR MATRIX UNCERTAINTY   0.6 per cent
  EXT PARAMETER                                   STEP         FIRST   
  NO.   NAME      VALUE            ERROR          SIZE      DERIVATIVE 
   1  N0           2.70430e+06   1.11213e+03  -1.07729e+00  -2.96977e-07
   2  tau          6.44083e+01   constant   
   3  A0           3.58881e-01   5.47972e-04   3.96241e-07   4.39705e-01
   4  phi          4.11587e+00   1.62863e-03  -4.08963e-07   8.79699e-02
   5  R           -6.21699e+01   constant   
   6  A_CBO        1.78277e-03     fixed    
   7  w_CBO        2.32737e+00     fixed    
   8  phi_CBO      4.56693e+00     fixed    
   9  ANx2         2.34902e-04   constant   
  10  pNx2         5.38708e+00   constant   
  11  ANy1         0.00000e+00   constant   
  12  pNy1         0.00000e+00   constant   
  13  w_y          0.00000e+00   constant   
  14  ANy2         8.91556e-03     fixed    
  15  pNy2         6.21709e+00   constant   
  16  w_vw         1.43264e+01   constant   
  17  LM           1.88334e-04   constant   
  18  wCBO_expCoeff   1.99398e+02   3.06688e-01   4.28978e-04   6.36021e-03
  19  wCBO_expOffset   1.99910e+02   4.60640e-02   6.47167e-05   4.44636e-02
  20  wCBO_expT    3.00691e+01   2.33886e-02  -3.51175e-05   1.65182e-01
  21  wCBO_linCoeff   0.00000e+00   constant   
  22  wCBO_const  -1.21973e-02   8.74630e-04  -6.57595e-07   9.02245e-02
 EXTERNAL ERROR MATRIX.    NDIM=  25    NPAR=  7    ERR DEF=1
  1.237e+06  1.430e-02 -2.416e-02  1.424e+01  2.150e+00 -1.038e+00  3.606e-02 
  1.430e-02  3.003e-07  2.441e-09 -5.586e-06 -8.458e-07  4.300e-07 -1.096e-08 
 -2.416e-02  2.441e-09  2.652e-06 -1.224e-05 -1.841e-06  1.154e-06 -1.135e-07 
  1.424e+01 -5.586e-06 -1.224e-05  9.406e-02  1.362e-02 -7.078e-03  1.877e-04 
  2.150e+00 -8.458e-07 -1.841e-06  1.362e-02  2.122e-03 -1.063e-03  2.819e-05 
 -1.038e+00  4.300e-07  1.154e-06 -7.078e-03 -1.063e-03  5.470e-04 -1.544e-05 
  3.606e-02 -1.096e-08 -1.135e-07  1.877e-04  2.819e-05 -1.544e-05  7.650e-07 
 PARAMETER  CORRELATION COEFFICIENTS  
       NO.  GLOBAL      1      3      4     18     19     20     22
        1  0.07358   1.000  0.023 -0.013  0.042  0.042 -0.040  0.037
        3  0.04199   0.023  1.000  0.003 -0.033 -0.034  0.034 -0.023
        4  0.09289  -0.013  0.003  1.000 -0.025 -0.025  0.030 -0.080
       18  0.99418   0.042 -0.033 -0.025  1.000  0.964 -0.987  0.700
       19  0.99418   0.042 -0.034 -0.025  0.964  1.000 -0.987  0.700
       20  0.99849  -0.040  0.034  0.030 -0.987 -0.987  1.000 -0.755
       22  0.90481   0.037 -0.023 -0.080  0.700  0.700 -0.755  1.000
MINUIT - FIT ONLY 1-CBO + other amplitudes 
 **********
 **   16 **RES 
 **********
                   PARAMETER   14  ANy2 RESTORED TO VARIABLE.
                   PARAMETER    8  phi_CBO RESTORED TO VARIABLE.
                   PARAMETER    7  w_CBO RESTORED TO VARIABLE.
                   PARAMETER    6  A_CBO RESTORED TO VARIABLE.
 **********
 **   17 **FIX            0
 **********
 PARAMETER    0  IS UNDEFINED. IGNORED.
 **********
 **   18 **FIX            1
 **********
 **********
 **   19 **FIX            2
 **********
 PARAMETER    2  IS CONSTANT.   IGNORED.
 **********
 **   20 **FIX            3
 **********
 **********
 **   21 **FIX            4
 **********
 **********
 **   22 **FIX            9
 **********
 PARAMETER    9  IS CONSTANT.   IGNORED.
 **********
 **   23 **FIX           11
 **********
 PARAMETER   11  IS CONSTANT.   IGNORED.
 **********
 **   24 **FIX           12
 **********
 PARAMETER   12  IS CONSTANT.   IGNORED.
 **********
 **   25 **FIX           14
 **********
 **********
 **   26 **FIX           15
 **********
 PARAMETER   15  IS CONSTANT.   IGNORED.
 **********
 **   27 **FIX           16
 **********
 PARAMETER   16  IS CONSTANT.   IGNORED.
 **********
 **   28 **MIGRAD
 **********
 START MIGRAD MINIMIZATION.  STRATEGY  1.  CONVERGENCE WHEN EDM .LT. 1.00e-04
 FCN=535.776 FROM MIGRAD    STATUS=INITIATE       20 CALLS         341 TOTAL
                     EDM= unknown      STRATEGY= 1      NO ERROR MATRIX       
  EXT PARAMETER               CURRENT GUESS       STEP         FIRST   
  NO.   NAME      VALUE            ERROR          SIZE      DERIVATIVE 
   1  N0           2.70430e+06     fixed    
   2  tau          6.44083e+01   constant   
   3  A0           3.58881e-01     fixed    
   4  phi          4.11587e+00     fixed    
   5  R           -6.21699e+01   constant   
   6  A_CBO        1.78277e-03   1.00000e-05   1.00000e-05   1.26864e+03
   7  w_CBO        2.32737e+00   1.00000e-03   1.00000e-03   5.82672e-01
   8  phi_CBO      4.56693e+00   1.00000e-04   1.00000e-04  -3.48965e+00
   9  ANx2         2.34902e-04   constant   
  10  pNx2         5.38708e+00   constant   
  11  ANy1         0.00000e+00   constant   
  12  pNy1         0.00000e+00   constant   
  13  w_y          0.00000e+00   constant   
  14  ANy2         8.91556e-03     fixed    
  15  pNy2         6.21709e+00   constant   
  16  w_vw         1.43264e+01   constant   
  17  LM           1.88334e-04   constant   
  18  wCBO_expCoeff   1.99398e+02   3.06688e-01   4.28978e-04   6.36039e-03
  19  wCBO_expOffset   1.99910e+02   4.60640e-02   6.47167e-05   4.44636e-02
  20  wCBO_expT    3.00691e+01   2.33886e-02  -3.51175e-05   1.65187e-01
  21  wCBO_linCoeff   0.00000e+00   constant   
  22  wCBO_const  -1.21973e-02   8.74630e-04  -6.57595e-07   9.02334e-02
 MIGRAD MINIMIZATION HAS CONVERGED.
 MIGRAD WILL VERIFY CONVERGENCE AND ERROR MATRIX.
 COVARIANCE MATRIX CALCULATED SUCCESSFULLY
 FCN=534.078 FROM MIGRAD    STATUS=CONVERGED     220 CALLS         541 TOTAL
                     EDM=2.48107e-06    STRATEGY= 1      ERROR MATRIX ACCURATE 
  EXT PARAMETER                                   STEP         FIRST   
  NO.   NAME      VALUE            ERROR          SIZE      DERIVATIVE 
   1  N0           2.70430e+06     fixed    
   2  tau          6.44083e+01   constant   
   3  A0           3.58881e-01     fixed    
   4  phi          4.11587e+00     fixed    
   5  R           -6.21699e+01   constant   
   6  A_CBO        1.60450e-03   5.77207e-04   6.49632e-06   2.30463e+00
   7  w_CBO        2.32821e+00   9.11640e-03   3.17163e-06   4.39419e+00
   8  phi_CBO      5.41833e+00   6.31694e-01   4.18926e-03  -1.24798e-04
   9  ANx2         2.34902e-04   constant   
  10  pNx2         5.38708e+00   constant   
  11  ANy1         0.00000e+00   constant   
  12  pNy1         0.00000e+00   constant   
  13  w_y          0.00000e+00   constant   
  14  ANy2         8.91556e-03     fixed    
  15  pNy2         6.21709e+00   constant   
  16  w_vw         1.43264e+01   constant   
  17  LM           1.88334e-04   constant   
  18  wCBO_expCoeff   1.99506e+02   9.20566e-01   3.81210e-04   4.03843e-02
  19  wCBO_expOffset   1.99926e+02   1.22254e-01   9.53321e-05   2.67689e-01
  20  wCBO_expT    3.00579e+01   2.06902e-02   1.43327e-05   1.10110e+00
  21  wCBO_linCoeff   0.00000e+00   constant   
  22  wCBO_const  -1.14849e-02   3.88185e-03   3.96876e-06   2.19897e+00
 EXTERNAL ERROR MATRIX.    NDIM=  25    NPAR=  7    ERR DEF=1
  3.332e-07  4.819e-09 -4.564e-06 -1.389e-06 -1.790e-06  5.723e-07 -4.736e-08 
  4.819e-09  8.311e-05  2.976e-04 -3.929e-03 -3.533e-04 -3.303e-05 -3.400e-05 
 -4.564e-06  2.976e-04  3.990e-01  3.896e-02  3.951e-03 -3.490e-03  2.755e-04 
 -1.389e-06 -3.929e-03  3.896e-02  8.474e-01 -5.728e-02 -5.073e-03  1.856e-03 
 -1.790e-06 -3.533e-04  3.951e-03 -5.728e-02  1.495e-02 -4.515e-04  1.671e-04 
  5.723e-07 -3.303e-05 -3.490e-03 -5.073e-03 -4.515e-04  4.281e-04 -2.988e-06 
 -4.736e-08 -3.400e-05  2.755e-04  1.856e-03  1.671e-04 -2.988e-06  1.507e-05 
 PARAMETER  CORRELATION COEFFICIENTS  
       NO.  GLOBAL      6      7      8     18     19     20     22
        6  0.08675   1.000  0.001 -0.013 -0.003 -0.025  0.048 -0.021
        7  0.99953   0.001  1.000  0.052 -0.468 -0.317 -0.175 -0.961
        8  0.80901  -0.013  0.052  1.000  0.067  0.051 -0.267  0.112
       18  0.99933  -0.003 -0.468  0.067  1.000 -0.509 -0.266  0.519
       19  0.99913  -0.025 -0.317  0.051 -0.509  1.000 -0.178  0.352
       20  0.99831   0.048 -0.175 -0.267 -0.266 -0.178  1.000 -0.037
       22  0.99589  -0.021 -0.961  0.112  0.519  0.352 -0.037  1.000
MINUIT - FIT ONLY 1-CBO
 **********
 **   29 **RES 
 **********
                   PARAMETER   14  ANy2 RESTORED TO VARIABLE.
                   PARAMETER    4  phi RESTORED TO VARIABLE.
                   PARAMETER    3  A0 RESTORED TO VARIABLE.
                   PARAMETER    1  N0 RESTORED TO VARIABLE.
 **********
 **   30 **FIX            0
 **********
 PARAMETER    0  IS UNDEFINED. IGNORED.
 **********
 **   31 **FIX            1
 **********
 **********
 **   32 **FIX            2
 **********
 PARAMETER    2  IS CONSTANT.   IGNORED.
 **********
 **   33 **FIX            3
 **********
 **********
 **   34 **FIX            4
 **********
 **********
 **   35 **FIX            8
 **********
 **********
 **   36 **FIX            9
 **********
 PARAMETER    9  IS CONSTANT.   IGNORED.
 **********
 **   37 **FIX           11
 **********
 PARAMETER   11  IS CONSTANT.   IGNORED.
 **********
 **   38 **FIX           12
 **********
 PARAMETER   12  IS CONSTANT.   IGNORED.
 **********
 **   39 **FIX           13
 **********
 PARAMETER   13  IS CONSTANT.   IGNORED.
 **********
 **   40 **FIX           15
 **********
 PARAMETER   15  IS CONSTANT.   IGNORED.
 **********
 **   41 **FIX           16
 **********
 PARAMETER   16  IS CONSTANT.   IGNORED.
 **********
 **   42 **MIGRAD
 **********
 START MIGRAD MINIMIZATION.  STRATEGY  1.  CONVERGENCE WHEN EDM .LT. 1.00e-04
 FCN=534.078 FROM MIGRAD    STATUS=INITIATE       16 CALLS         557 TOTAL
                     EDM= unknown      STRATEGY= 1      NO ERROR MATRIX       
  EXT PARAMETER               CURRENT GUESS       STEP         FIRST   
  NO.   NAME      VALUE            ERROR          SIZE      DERIVATIVE 
   1  N0           2.70430e+06     fixed    
   2  tau          6.44083e+01   constant   
   3  A0           3.58881e-01     fixed    
   4  phi          4.11587e+00     fixed    
   5  R           -6.21699e+01   constant   
   6  A_CBO        1.60450e-03   5.77207e-04   6.49632e-06   2.30463e+00
   7  w_CBO        2.32821e+00   9.11640e-03   3.17163e-06   4.38531e+00
   8  phi_CBO      5.41833e+00     fixed    
   9  ANx2         2.34902e-04   constant   
  10  pNx2         5.38708e+00   constant   
  11  ANy1         0.00000e+00   constant   
  12  pNy1         0.00000e+00   constant   
  13  w_y          0.00000e+00   constant   
  14  ANy2         8.91556e-03   1.00000e-04   1.00000e-04   5.35894e+04
  15  pNy2         6.21709e+00   constant   
  16  w_vw         1.43264e+01   constant   
  17  LM           1.88334e-04   constant   
  18  wCBO_expCoeff   1.99506e+02   9.20566e-01   3.81210e-04   4.03037e-02
  19  wCBO_expOffset   1.99926e+02   1.22254e-01   9.53321e-05   2.66546e-01
  20  wCBO_expT    3.00579e+01   2.06902e-02   1.43327e-05   1.09900e+00
  21  wCBO_linCoeff   0.00000e+00   constant   
  22  wCBO_const  -1.14849e-02   3.88185e-03   3.96876e-06   2.19600e+00
 MIGRAD MINIMIZATION HAS CONVERGED.
 MIGRAD WILL VERIFY CONVERGENCE AND ERROR MATRIX.
 FCN=287.608 FROM HESSE     STATUS=NOT POSDEF     50 CALLS         701 TOTAL
                     EDM=0.000459152    STRATEGY= 1      ERR MATRIX NOT POS-DEF
  EXT PARAMETER                APPROXIMATE        STEP         FIRST   
  NO.   NAME      VALUE            ERROR          SIZE      DERIVATIVE 
   1  N0           2.70430e+06     fixed    
   2  tau          6.44083e+01   constant   
   3  A0           3.58881e-01     fixed    
   4  phi          4.11587e+00     fixed    
   5  R           -6.21699e+01   constant   
   6  A_CBO        1.02232e-03   5.85595e-04   4.77140e-06  -1.07757e+00
   7  w_CBO        2.32821e+00   4.83498e-03   3.14072e-06  -6.19396e-01
   8  phi_CBO      5.41833e+00     fixed    
   9  ANx2         2.34902e-04   constant   
  10  pNx2         5.38708e+00   constant   
  11  ANy1         0.00000e+00   constant   
  12  pNy1         0.00000e+00   constant   
  13  w_y          0.00000e+00   constant   
  14  ANy2        -2.83504e-04   5.84571e-04   4.84923e-06  -1.77738e-01
  15  pNy2         6.21709e+00   constant   
  16  w_vw         1.43264e+01   constant   
  17  LM           1.88334e-04   constant   
  18  wCBO_expCoeff   1.99513e+02   5.23843e-01   3.70378e-04   3.78876e-03
  19  wCBO_expOffset   1.99927e+02   7.90042e-02   9.53325e-05   2.51668e-02
  20  wCBO_expT    3.00580e+01   1.69847e-02   1.43328e-05  -2.49851e+00
  21  wCBO_linCoeff   0.00000e+00   constant   
  22  wCBO_const  -1.15907e-02   2.16814e-03   4.16236e-06  -2.22373e+00
 MIGRAD MINIMIZATION HAS CONVERGED.
 MIGRAD WILL VERIFY CONVERGENCE AND ERROR MATRIX.
 FCN=287.606 FROM MIGRAD    STATUS=CONVERGED     226 CALLS         767 TOTAL
                     EDM=5.64303e-06    STRATEGY= 1      ERR MATRIX NOT POS-DEF
  EXT PARAMETER                APPROXIMATE        STEP         FIRST   
  NO.   NAME      VALUE            ERROR          SIZE      DERIVATIVE 
   1  N0           2.70430e+06     fixed    
   2  tau          6.44083e+01   constant   
   3  A0           3.58881e-01     fixed    
   4  phi          4.11587e+00     fixed    
   5  R           -6.21699e+01   constant   
   6  A_CBO        1.02227e-03   5.84722e-04   4.77153e-06   4.05972e+00
   7  w_CBO        2.32813e+00   4.82913e-03   3.14137e-06   6.57533e+00
   8  phi_CBO      5.41833e+00     fixed    
   9  ANx2         2.34902e-04   constant   
  10  pNx2         5.38708e+00   constant   
  11  ANy1         0.00000e+00   constant   
  12  pNy1         0.00000e+00   constant   
  13  w_y          0.00000e+00   constant   
  14  ANy2        -2.83545e-04   5.84585e-04   4.84921e-06   5.29760e-01
  15  pNy2         6.21709e+00   constant   
  16  w_vw         1.43264e+01   constant   
  17  LM           1.88334e-04   constant   
  18  wCBO_expCoeff   1.99500e+02   5.24897e-01   3.70447e-04   4.97251e-02
  19  wCBO_expOffset   1.99925e+02   7.92201e-02   9.53316e-05   3.30044e-01
  20  wCBO_expT    3.00593e+01   1.69739e-02   1.43334e-05   1.44288e+00
  21  wCBO_linCoeff   0.00000e+00   constant   
  22  wCBO_const  -1.15954e-02   2.16480e-03   4.16360e-06   5.45135e+00
 EXTERNAL ERROR MATRIX.    NDIM=  25    NPAR=  7    ERR DEF=1
  3.419e-07  1.689e-08  2.211e-08  4.566e-06  1.230e-07 -1.514e-07 -7.808e-08 
  1.689e-08  2.332e-05  3.701e-09 -7.625e-04 -1.155e-04 -1.835e-05 -9.292e-06 
  2.211e-08  3.701e-09  3.417e-07  3.875e-07 -2.754e-08 -5.484e-08  2.368e-09 
  4.566e-06 -7.625e-04  3.875e-07  2.755e-01 -2.042e-02 -2.851e-03  3.943e-04 
  1.230e-07 -1.155e-04 -2.754e-08 -2.042e-02  6.276e-03 -4.328e-04  5.983e-05 
 -1.514e-07 -1.835e-05 -5.484e-08 -2.851e-03 -4.328e-04  2.881e-04 -1.761e-06 
 -7.808e-08 -9.292e-06  2.368e-09  3.943e-04  5.983e-05 -1.761e-06  4.686e-06 
ERR MATRIX NOT POS-DEF
 PARAMETER  CORRELATION COEFFICIENTS  
       NO.  GLOBAL      6      7     14     18     19     20     22
        6  0.19142   1.000  0.006  0.065  0.015  0.003 -0.015 -0.062
        7  0.99694   0.006  1.000  0.001 -0.301 -0.302 -0.224 -0.889
       14  0.06993   0.065  0.001  1.000  0.001 -0.001 -0.006  0.002
       18  0.99640   0.015 -0.301  0.001  1.000 -0.491 -0.320  0.347
       19  0.99641   0.003 -0.302 -0.001 -0.491  1.000 -0.322  0.349
       20  0.99554  -0.015 -0.224 -0.006 -0.320 -0.322  1.000 -0.048
       22  0.97297  -0.062 -0.889  0.002  0.347  0.349 -0.048  1.000
 ERR MATRIX NOT POS-DEF
MINUIT - FIT ONLY 2-CBO
 **********
 **   43 **RES 
 **********
                   PARAMETER    8  phi_CBO RESTORED TO VARIABLE.
                   PARAMETER    4  phi RESTORED TO VARIABLE.
                   PARAMETER    3  A0 RESTORED TO VARIABLE.
                   PARAMETER    1  N0 RESTORED TO VARIABLE.
 **********
 **   44 **FIX            0
 **********
 PARAMETER    0  IS UNDEFINED. IGNORED.
 **********
 **   45 **FIX            1
 **********
 **********
 **   46 **FIX            2
 **********
 PARAMETER    2  IS CONSTANT.   IGNORED.
 **********
 **   47 **FIX            3
 **********
 **********
 **   48 **FIX            4
 **********
 **********
 **   49 **FIX            5
 **********
 PARAMETER    5  IS CONSTANT.   IGNORED.
 **********
 **   50 **FIX            6
 **********
 **********
 **   51 **FIX            7
 **********
 **********
 **   52 **FIX           10
 **********
 PARAMETER   10  IS CONSTANT.   IGNORED.
 **********
 **   53 **FIX           11
 **********
 PARAMETER   11  IS CONSTANT.   IGNORED.
 **********
 **   54 **FIX           12
 **********
 PARAMETER   12  IS CONSTANT.   IGNORED.
 **********
 **   55 **FIX           13
 **********
 PARAMETER   13  IS CONSTANT.   IGNORED.
 **********
 **   56 **FIX           14
 **********
 **********
 **   57 **FIX           15
 **********
 PARAMETER   15  IS CONSTANT.   IGNORED.
 **********
 **   58 **FIX           16
 **********
 PARAMETER   16  IS CONSTANT.   IGNORED.
 **********
 **   59 **MIGRAD
 **********
 START MIGRAD MINIMIZATION.  STRATEGY  1.  CONVERGENCE WHEN EDM .LT. 1.00e-04
 FCN=287.606 FROM MIGRAD    STATUS=INITIATE       12 CALLS         779 TOTAL
                     EDM= unknown      STRATEGY= 1      NO ERROR MATRIX       
  EXT PARAMETER               CURRENT GUESS       STEP         FIRST   
  NO.   NAME      VALUE            ERROR          SIZE      DERIVATIVE 
   1  N0           2.70430e+06     fixed    
   2  tau          6.44083e+01   constant   
   3  A0           3.58881e-01     fixed    
   4  phi          4.11587e+00     fixed    
   5  R           -6.21699e+01   constant   
   6  A_CBO        1.02227e-03     fixed    
   7  w_CBO        2.32813e+00     fixed    
   8  phi_CBO      5.41833e+00   6.31694e-01   6.31694e-01  -1.12952e+00
   9  ANx2         2.34902e-04   constant   
  10  pNx2         5.38708e+00   constant   
  11  ANy1         0.00000e+00   constant   
  12  pNy1         0.00000e+00   constant   
  13  w_y          0.00000e+00   constant   
  14  ANy2        -2.83545e-04     fixed    
  15  pNy2         6.21709e+00   constant   
  16  w_vw         1.43264e+01   constant   
  17  LM           1.88334e-04   constant   
  18  wCBO_expCoeff   1.99500e+02   5.24897e-01   3.70447e-04   4.97299e-02
  19  wCBO_expOffset   1.99925e+02   7.92201e-02   9.53316e-05   3.30123e-01
  20  wCBO_expT    3.00593e+01   1.69739e-02   1.43334e-05   1.44312e+00
  21  wCBO_linCoeff   0.00000e+00   constant   
  22  wCBO_const  -1.15954e-02   2.16480e-03   4.16360e-06   5.45441e+00
 MIGRAD MINIMIZATION HAS CONVERGED.
 MIGRAD WILL VERIFY CONVERGENCE AND ERROR MATRIX.
 COVARIANCE MATRIX CALCULATED SUCCESSFULLY
 FCN=287.269 FROM MIGRAD    STATUS=CONVERGED     133 CALLS         900 TOTAL
                     EDM=1.12034e-06    STRATEGY= 1      ERROR MATRIX ACCURATE 
  EXT PARAMETER                                   STEP         FIRST   
  NO.   NAME      VALUE            ERROR          SIZE      DERIVATIVE 
   1  N0           2.70430e+06     fixed    
   2  tau          6.44083e+01   constant   
   3  A0           3.58881e-01     fixed    
   4  phi          4.11587e+00     fixed    
   5  R           -6.21699e+01   constant   
   6  A_CBO        1.02227e-03     fixed    
   7  w_CBO        2.32813e+00     fixed    
   8  phi_CBO      5.97452e+00   8.61721e-01   4.70317e-03  -1.76772e-03
   9  ANx2         2.34902e-04   constant   
  10  pNx2         5.38708e+00   constant   
  11  ANy1         0.00000e+00   constant   
  12  pNy1         0.00000e+00   constant   
  13  w_y          0.00000e+00   constant   
  14  ANy2        -2.83545e-04     fixed    
  15  pNy2         6.21709e+00   constant   
  16  w_vw         1.43264e+01   constant   
  17  LM           1.88334e-04   constant   
  18  wCBO_expCoeff   1.99645e+02   8.14221e-01   3.78686e-04  -1.82208e-03
  19  wCBO_expOffset   1.99947e+02   1.13548e-01   9.53420e-05  -1.20989e-02
  20  wCBO_expT    3.00479e+01   2.42305e-02   1.43280e-05   6.24121e-03
  21  wCBO_linCoeff   0.00000e+00   constant   
  22  wCBO_const  -1.08841e-02   1.25586e-03   3.93642e-06   1.58271e+00
 EXTERNAL ERROR MATRIX.    NDIM=  25    NPAR=  5    ERR DEF=1
  7.426e-01  1.182e-01  1.180e-02 -7.588e-03  6.555e-04 
  1.182e-01  6.630e-01 -6.308e-02 -9.366e-03  3.253e-04 
  1.180e-02 -6.308e-02  1.289e-02 -8.643e-04  3.027e-05 
 -7.588e-03 -9.366e-03 -8.643e-04  5.871e-04 -2.197e-05 
  6.555e-04  3.253e-04  3.027e-05 -2.197e-05  1.577e-06 
 PARAMETER  CORRELATION COEFFICIENTS  
       NO.  GLOBAL      8     18     19     20     22
        8  0.75274   1.000  0.168  0.121 -0.363  0.606
       18  0.99842   0.168  1.000 -0.682 -0.475  0.318
       19  0.99816   0.121 -0.682  1.000 -0.314  0.212
       20  0.99773  -0.363 -0.475 -0.314  1.000 -0.722
       22  0.92575   0.606  0.318  0.212 -0.722  1.000
MINUIT - FIT ONLY 1-y
 **********
 **   60 **RES 
 **********
                   PARAMETER   14  ANy2 RESTORED TO VARIABLE.
                   PARAMETER    7  w_CBO RESTORED TO VARIABLE.
                   PARAMETER    6  A_CBO RESTORED TO VARIABLE.
                   PARAMETER    4  phi RESTORED TO VARIABLE.
                   PARAMETER    3  A0 RESTORED TO VARIABLE.
                   PARAMETER    1  N0 RESTORED TO VARIABLE.
 **********
 **   61 **FIX            0
 **********
 PARAMETER    0  IS UNDEFINED. IGNORED.
 **********
 **   62 **FIX            1
 **********
 **********
 **   63 **FIX            2
 **********
 PARAMETER    2  IS CONSTANT.   IGNORED.
 **********
 **   64 **FIX            3
 **********
 **********
 **   65 **FIX            4
 **********
 **********
 **   66 **FIX            5
 **********
 PARAMETER    5  IS CONSTANT.   IGNORED.
 **********
 **   67 **FIX            6
 **********
 **********
 **   68 **FIX            7
 **********
 **********
 **   69 **FIX            8
 **********
 **********
 **   70 **FIX            9
 **********
 PARAMETER    9  IS CONSTANT.   IGNORED.
 **********
 **   71 **FIX           13
 **********
 PARAMETER   13  IS CONSTANT.   IGNORED.
 **********
 **   72 **FIX           14
 **********
 **********
 **   73 **FIX           15
 **********
 PARAMETER   15  IS CONSTANT.   IGNORED.
 **********
 **   74 **FIX           16
 **********
 PARAMETER   16  IS CONSTANT.   IGNORED.
 **********
 **   75 **MIGRAD
 **********
 START MIGRAD MINIMIZATION.  STRATEGY  1.  CONVERGENCE WHEN EDM .LT. 1.00e-04
 FCN=287.269 FROM MIGRAD    STATUS=INITIATE        8 CALLS         908 TOTAL
                     EDM= unknown      STRATEGY= 1      NO ERROR MATRIX       
  EXT PARAMETER               CURRENT GUESS       STEP         FIRST   
  NO.   NAME      VALUE            ERROR          SIZE      DERIVATIVE 
   1  N0           2.70430e+06     fixed    
   2  tau          6.44083e+01   constant   
   3  A0           3.58881e-01     fixed    
   4  phi          4.11587e+00     fixed    
   5  R           -6.21699e+01   constant   
   6  A_CBO        1.02227e-03     fixed    
   7  w_CBO        2.32813e+00     fixed    
   8  phi_CBO      5.97452e+00     fixed    
   9  ANx2         2.34902e-04   constant   
  10  pNx2         5.38708e+00   constant   
  11  ANy1         0.00000e+00   constant   
  12  pNy1         0.00000e+00   constant   
  13  w_y          0.00000e+00   constant   
  14  ANy2        -2.83545e-04     fixed    
  15  pNy2         6.21709e+00   constant   
  16  w_vw         1.43264e+01   constant   
  17  LM           1.88334e-04   constant   
  18  wCBO_expCoeff   1.99645e+02   8.14221e-01   3.78686e-04  -1.90986e-03
  19  wCBO_expOffset   1.99947e+02   1.13548e-01   9.53420e-05  -1.37712e-02
  20  wCBO_expT    3.00479e+01   2.42305e-02   1.43280e-05   3.86861e-03
  21  wCBO_linCoeff   0.00000e+00   constant   
  22  wCBO_const  -1.08841e-02   1.25586e-03   3.93642e-06   1.58259e+00
 MIGRAD MINIMIZATION HAS CONVERGED.
 MIGRAD WILL VERIFY CONVERGENCE AND ERROR MATRIX.
 COVARIANCE MATRIX CALCULATED SUCCESSFULLY
 FCN=287.269 FROM MIGRAD    STATUS=CONVERGED      41 CALLS         941 TOTAL
                     EDM=3.85928e-07    STRATEGY= 1      ERROR MATRIX ACCURATE 
  EXT PARAMETER                                   STEP         FIRST   
  NO.   NAME      VALUE            ERROR          SIZE      DERIVATIVE 
   1  N0           2.70430e+06     fixed    
   2  tau          6.44083e+01   constant   
   3  A0           3.58881e-01     fixed    
   4  phi          4.11587e+00     fixed    
   5  R           -6.21699e+01   constant   
   6  A_CBO        1.02227e-03     fixed    
   7  w_CBO        2.32813e+00     fixed    
   8  phi_CBO      5.97452e+00     fixed    
   9  ANx2         2.34902e-04   constant   
  10  pNx2         5.38708e+00   constant   
  11  ANy1         0.00000e+00   constant   
  12  pNy1         0.00000e+00   constant   
  13  w_y          0.00000e+00   constant   
  14  ANy2        -2.83545e-04     fixed    
  15  pNy2         6.21709e+00   constant   
  16  w_vw         1.43264e+01   constant   
  17  LM           1.88334e-04   constant   
  18  wCBO_expCoeff   1.99645e+02   8.02577e-01   3.79178e-04  -1.45759e-02
  19  wCBO_expOffset   1.99947e+02   1.12738e-01   9.53420e-05  -9.72429e-02
  20  wCBO_expT    3.00479e+01   2.25764e-02   1.43280e-05  -3.79164e-01
  21  wCBO_linCoeff   0.00000e+00   constant   
  22  wCBO_const  -1.08843e-02   9.99364e-04   3.93701e-06  -3.21650e-01
 EXTERNAL ERROR MATRIX.    NDIM=  25    NPAR=  4    ERR DEF=1
  6.441e-01 -6.497e-02 -8.156e-03  2.209e-04 
 -6.497e-02  1.271e-02 -7.446e-04  1.988e-05 
 -8.156e-03 -7.446e-04  5.097e-04 -1.528e-05 
  2.209e-04  1.988e-05 -1.528e-05  9.987e-07 
 PARAMETER  CORRELATION COEFFICIENTS  
       NO.  GLOBAL     18     19     20     22
       18  0.99837   1.000 -0.718 -0.450  0.275
       19  0.99813  -0.718  1.000 -0.293  0.176
       20  0.99739  -0.450 -0.293  1.000 -0.677
       22  0.87988   0.275  0.176 -0.677  1.000
MINUIT - FIT ONLY 2-y
 **********
 **   76 **RES 
 **********
                   PARAMETER   14  ANy2 RESTORED TO VARIABLE.
                   PARAMETER    8  phi_CBO RESTORED TO VARIABLE.
                   PARAMETER    7  w_CBO RESTORED TO VARIABLE.
                   PARAMETER    6  A_CBO RESTORED TO VARIABLE.
                   PARAMETER    4  phi RESTORED TO VARIABLE.
                   PARAMETER    3  A0 RESTORED TO VARIABLE.
                   PARAMETER    1  N0 RESTORED TO VARIABLE.
 **********
 **   77 **FIX            0
 **********
 PARAMETER    0  IS UNDEFINED. IGNORED.
 **********
 **   78 **FIX            1
 **********
 **********
 **   79 **FIX            2
 **********
 PARAMETER    2  IS CONSTANT.   IGNORED.
 **********
 **   80 **FIX            3
 **********
 **********
 **   81 **FIX            4
 **********
 **********
 **   82 **FIX            5
 **********
 PARAMETER    5  IS CONSTANT.   IGNORED.
 **********
 **   83 **FIX            6
 **********
 **********
 **   84 **FIX            7
 **********
 **********
 **   85 **FIX            8
 **********
 **********
 **   86 **FIX            9
 **********
 PARAMETER    9  IS CONSTANT.   IGNORED.
 **********
 **   87 **FIX           10
 **********
 PARAMETER   10  IS CONSTANT.   IGNORED.
 **********
 **   88 **FIX           11
 **********
 PARAMETER   11  IS CONSTANT.   IGNORED.
 **********
 **   89 **FIX           12
 **********
 PARAMETER   12  IS CONSTANT.   IGNORED.
 **********
 **   90 **FIX           16
 **********
 PARAMETER   16  IS CONSTANT.   IGNORED.
 **********
 **   91 **MIGRAD
 **********
 START MIGRAD MINIMIZATION.  STRATEGY  1.  CONVERGENCE WHEN EDM .LT. 1.00e-04
 FCN=287.269 FROM MIGRAD    STATUS=INITIATE       10 CALLS         951 TOTAL
                     EDM= unknown      STRATEGY= 1      NO ERROR MATRIX       
  EXT PARAMETER               CURRENT GUESS       STEP         FIRST   
  NO.   NAME      VALUE            ERROR          SIZE      DERIVATIVE 
   1  N0           2.70430e+06     fixed    
   2  tau          6.44083e+01   constant   
   3  A0           3.58881e-01     fixed    
   4  phi          4.11587e+00     fixed    
   5  R           -6.21699e+01   constant   
   6  A_CBO        1.02227e-03     fixed    
   7  w_CBO        2.32813e+00     fixed    
   8  phi_CBO      5.97452e+00     fixed    
   9  ANx2         2.34902e-04   constant   
  10  pNx2         5.38708e+00   constant   
  11  ANy1         0.00000e+00   constant   
  12  pNy1         0.00000e+00   constant   
  13  w_y          0.00000e+00   constant   
  14  ANy2        -2.83545e-04   5.84585e-04   5.84585e-04   9.71354e+01
  15  pNy2         6.21709e+00   constant   
  16  w_vw         1.43264e+01   constant   
  17  LM           1.88334e-04   constant   
  18  wCBO_expCoeff   1.99645e+02   8.02577e-01   3.79178e-04  -1.46636e-02
  19  wCBO_expOffset   1.99947e+02   1.12738e-01   9.53420e-05  -9.85089e-02
  20  wCBO_expT    3.00479e+01   2.25764e-02   1.43280e-05  -3.80961e-01
  21  wCBO_linCoeff   0.00000e+00   constant   
  22  wCBO_const  -1.08843e-02   9.99364e-04   3.93701e-06  -3.21767e-01
 MIGRAD MINIMIZATION HAS CONVERGED.
 MIGRAD WILL VERIFY CONVERGENCE AND ERROR MATRIX.
 COVARIANCE MATRIX CALCULATED SUCCESSFULLY
 FCN=287.268 FROM MIGRAD    STATUS=CONVERGED      52 CALLS         993 TOTAL
                     EDM=1.52409e-06    STRATEGY= 1      ERROR MATRIX ACCURATE 
  EXT PARAMETER                                   STEP         FIRST   
  NO.   NAME      VALUE            ERROR          SIZE      DERIVATIVE 
   1  N0           2.70430e+06     fixed    
   2  tau          6.44083e+01   constant   
   3  A0           3.58881e-01     fixed    
   4  phi          4.11587e+00     fixed    
   5  R           -6.21699e+01   constant   
   6  A_CBO        1.02227e-03     fixed    
   7  w_CBO        2.32813e+00     fixed    
   8  phi_CBO      5.97452e+00     fixed    
   9  ANx2         2.34902e-04   constant   
  10  pNx2         5.38708e+00   constant   
  11  ANy1         0.00000e+00   constant   
  12  pNy1         0.00000e+00   constant   
  13  w_y          0.00000e+00   constant   
  14  ANy2        -3.00142e-04   5.84690e-04   4.84631e-06   3.88697e-02
  15  pNy2         6.21709e+00   constant   
  16  w_vw         1.43264e+01   constant   
  17  LM           1.88334e-04   constant   
  18  wCBO_expCoeff   1.99645e+02   8.02914e-01   3.79172e-04   1.61194e-02
  19  wCBO_expOffset   1.99947e+02   1.12784e-01   9.53420e-05   1.06704e-01
  20  wCBO_expT    3.00479e+01   2.25845e-02   1.43280e-05   5.31157e-01
  21  wCBO_linCoeff   0.00000e+00   constant   
  22  wCBO_const  -1.08843e-02   9.99592e-04   3.93702e-06   3.24386e+00
 EXTERNAL ERROR MATRIX.    NDIM=  25    NPAR=  5    ERR DEF=1
  3.419e-07 -1.297e-06 -1.785e-07  6.627e-08  4.209e-09 
 -1.297e-06  6.447e-01 -6.502e-02 -8.163e-03  2.210e-04 
 -1.785e-07 -6.502e-02  1.272e-02 -7.451e-04  1.988e-05 
  6.627e-08 -8.163e-03 -7.451e-04  5.101e-04 -1.528e-05 
  4.209e-09  2.210e-04  1.988e-05 -1.528e-05  9.992e-07 
 PARAMETER  CORRELATION COEFFICIENTS  
       NO.  GLOBAL     14     18     19     20     22
       14  0.01944   1.000 -0.003 -0.003  0.005  0.007
       18  0.99838  -0.003  1.000 -0.718 -0.450  0.275
       19  0.99813  -0.003 -0.718  1.000 -0.293  0.176
       20  0.99739   0.005 -0.450 -0.293  1.000 -0.677
       22  0.87985   0.007  0.275  0.176 -0.677  1.000
MINUIT - FIT ALTOGETHER
 **********
 **   92 **RES 
 **********
                   PARAMETER    8  phi_CBO RESTORED TO VARIABLE.
                   PARAMETER    7  w_CBO RESTORED TO VARIABLE.
                   PARAMETER    6  A_CBO RESTORED TO VARIABLE.
                   PARAMETER    4  phi RESTORED TO VARIABLE.
                   PARAMETER    3  A0 RESTORED TO VARIABLE.
                   PARAMETER    1  N0 RESTORED TO VARIABLE.
 **********
 **   93 **MIGRAD
 **********
 START MIGRAD MINIMIZATION.  STRATEGY  1.  CONVERGENCE WHEN EDM .LT. 1.00e-04
 FCN=287.268 FROM MIGRAD    STATUS=INITIATE       22 CALLS        1015 TOTAL
                     EDM= unknown      STRATEGY= 1      NO ERROR MATRIX       
  EXT PARAMETER               CURRENT GUESS       STEP         FIRST   
  NO.   NAME      VALUE            ERROR          SIZE      DERIVATIVE 
   1  N0           2.70430e+06   1.11213e+03   1.11213e+03  -1.90759e-04
   2  tau          6.44083e+01   constant   
   3  A0           3.58881e-01   5.47972e-04   5.47972e-04   3.24332e+02
