 + ++++++++++++++++++++++++++++++++++++++++++++++++++++++++++++++++++++ +
 +                                                                      +
 +           You have chose to blind your fitting according to          +
 +                omega_ref * (1 + (R +/- deltaR) *10^{-6})             +
 +                                                                      +
 + ++++++++++++++++++++++++++++++++++++++++++++++++++++++++++++++++++++ +
In main()...
reading format from /gm2data/zkhechad/run45/envelope/formats/formatB_sBin_constraintOn.txt
pBinTau 	= 0  
pBinPhi 	= 0  
constraintau 	= 1 
includeMopTerm 	= 0    
constrainMop    = 0   
Parameters after format file: pBinTau 0 pBinPhi 0 constraintau 1 includeMopTerm 0 constrainMop 0 c_e_scale 0.000000 
reading cbo reference file (full fit) from /gm2data/zkhechad/cboTemplates/Run4CBOTemplates/fullFits/run4/sBin_constraintOn_cE0.0_seed0_run4_calo3.root
A_CBO 0.008872 w_CBO 2.326183 phi_CBO 4.278101 N0 2792933.794534 R -61.131445 tau 64.392950 
Reading cboRef file /gm2data/zkhechad/cboTemplates/Run4CBOTemplates//cboIsolate/run4_calo3.root
deltaT 164.120000
windowBins = 1100
fitting sliding window 2080 from bin 2283 at 340.623600 to bin 3383 at 504.743600 (1100 bins)

Reading data from /gm2data/cornell/histograms/aMethod/histogram_a_run4.root
fitting cbo isolate
 **********
 **    1 **SET PRINTOUT            1
 **********
 **********
 **    2 **SET NOWARNINGS 
 **********
 PARAMETER DEFINITIONS:
    NO.   NAME         VALUE      STEP SIZE      LIMITS
     1 A_CBO        8.87236e-03  1.00000e-05     no limits
     2 w_CBO        2.32618e+00  1.00000e-02    2.00000e+00  3.00000e+00
     3 phi_CBO      4.27810e+00  1.00000e-02    0.00000e+00  6.28319e+00
 **********
 **    3 **MIGRAD
 **********
 FIRST CALL TO USER FUNCTION AT NEW START POINT, WITH IFLAG=4.
 START MIGRAD MINIMIZATION.  STRATEGY  1.  CONVERGENCE WHEN EDM .LT. 1.00e-04
 FCN=0.161858 FROM MIGRAD    STATUS=INITIATE       12 CALLS          13 TOTAL
                     EDM= unknown      STRATEGY= 1      NO ERROR MATRIX       
  EXT PARAMETER               CURRENT GUESS       STEP         FIRST   
  NO.   NAME      VALUE            ERROR          SIZE      DERIVATIVE 
   1  A_CBO        8.87236e-03   1.00000e-05   1.00000e-05   7.82848e+00
   2  w_CBO        2.32618e+00   1.00000e-02   2.13326e-02   6.40504e-01
   3  phi_CBO      4.27810e+00   1.00000e-02   3.41436e-03  -7.77200e-03
 MIGRAD MINIMIZATION HAS CONVERGED.
 MIGRAD WILL VERIFY CONVERGENCE AND ERROR MATRIX.
 COVARIANCE MATRIX CALCULATED SUCCESSFULLY
 FCN=0.133996 FROM HESSE     STATUS=OK             16 CALLS          50 TOTAL
                     EDM=0.000126503    STRATEGY= 1      ERROR MATRIX ACCURATE 
  EXT PARAMETER                                   STEP         FIRST   
  NO.   NAME      VALUE            ERROR          SIZE      DERIVATIVE 
   1  A_CBO        1.75383e-03   4.55057e-02   2.21596e-05  -4.41497e-02
   2  w_CBO        2.32593e+00   6.59405e-01   6.19262e-05   1.08672e-02
   3  phi_CBO      4.33896e+00   3.43207e+00   4.45343e-03   1.42444e-04
 MIGRAD MINIMIZATION HAS CONVERGED.
 MIGRAD WILL VERIFY CONVERGENCE AND ERROR MATRIX.
 COVARIANCE MATRIX CALCULATED SUCCESSFULLY
 FCN=0.133888 FROM MIGRAD    STATUS=CONVERGED      81 CALLS          82 TOTAL
                     EDM=1.79445e-06    STRATEGY= 1      ERROR MATRIX ACCURATE 
  EXT PARAMETER                                   STEP         FIRST   
  NO.   NAME      VALUE            ERROR          SIZE      DERIVATIVE 
   1  A_CBO        1.86057e-03   4.29354e-02   2.21560e-05   1.43301e-02
   2  w_CBO        2.32163e+00   3.87137e-01   5.92710e-05  -4.49045e-03
   3  phi_CBO      2.49408e+00   4.24617e+00   3.83399e-03   9.64296e-05
 EXTERNAL ERROR MATRIX.    NDIM=  25    NPAR=  3    ERR DEF=1
  1.843e-03 -2.366e-03 -1.022e+00 
 -2.366e-03  2.083e-01  8.884e+01 
 -1.022e+00  8.884e+01  3.843e+04 
 PARAMETER  CORRELATION COEFFICIENTS  
       NO.  GLOBAL      1      2      3
        1  0.12148   1.000 -0.121 -0.121
        2  0.99307  -0.121  1.000  0.993
        3  0.99308  -0.121  0.993  1.000
setting A_CBO=0.001861 w_CBO=2.321628, phi_CBO=2.494079
done fitting cbo isolate
 **********
 **    1 **SET PRINTOUT            1
 **********
 **********
 **    2 **SET NOWARNINGS 
 **********
 PARAMETER DEFINITIONS:
    NO.   NAME         VALUE      STEP SIZE      LIMITS
     1 N0           2.79293e+06  1.00000e+02     no limits
     2 tau          6.43930e+01  constant
     3 A0           3.56510e-01  1.00000e-04     no limits
     4 phi          4.11711e+00  1.00000e-02     no limits
     5 R           -6.11314e+01  constant
     6 A_CBO        1.86057e-03  1.00000e-05     no limits
     7 w_CBO        2.32163e+00  1.00000e-03     no limits
     8 phi_CBO      2.49408e+00  1.00000e-04     no limits
     9 ANx2         3.99781e-04  constant
    10 pNx2         4.45174e+00  constant
    11 ANy1         0.00000e+00  constant
    12 pNy1         0.00000e+00  constant
    13 w_y          0.00000e+00  constant
    14 ANy2         9.79441e-03  1.00000e-04     no limits
    15 pNy2         4.41741e+00  constant
    16 w_vw         1.43026e+01  constant
    17 LM          -4.33674e-04  constant
    18 wCBO_expCoeff   2.00000e+02  1.00000e+00     no limits
    19 wCBO_expOffset   2.00000e+02  1.00000e+00     no limits
    20 wCBO_expT    3.00000e+01  1.00000e+00     no limits
    21 wCBO_linCoeff   0.00000e+00  constant
    22 wCBO_const   0.00000e+00  1.00000e-02     no limits
MINUIT - FIT ONLY WIGGLE
 **********
 **    3 **FIX            5
 **********
 PARAMETER    5  IS CONSTANT.   IGNORED.
 **********
 **    4 **FIX            6
 **********
 **********
 **    5 **FIX            7
 **********
 **********
 **    6 **FIX            8
 **********
 **********
 **    7 **FIX            9
 **********
 PARAMETER    9  IS CONSTANT.   IGNORED.
 **********
 **    8 **FIX           10
 **********
 PARAMETER   10  IS CONSTANT.   IGNORED.
 **********
 **    9 **FIX           11
 **********
 PARAMETER   11  IS CONSTANT.   IGNORED.
 **********
 **   10 **FIX           12
 **********
 PARAMETER   12  IS CONSTANT.   IGNORED.
 **********
 **   11 **FIX           13
 **********
 PARAMETER   13  IS CONSTANT.   IGNORED.
 **********
 **   12 **FIX           14
 **********
 **********
 **   13 **FIX           15
 **********
 PARAMETER   15  IS CONSTANT.   IGNORED.
 **********
 **   14 **FIX           16
 **********
 PARAMETER   16  IS CONSTANT.   IGNORED.
 **********
 **   15 **MIGRAD
 **********
 FIRST CALL TO USER FUNCTION AT NEW START POINT, WITH IFLAG=4.
 START MIGRAD MINIMIZATION.  STRATEGY  1.  CONVERGENCE WHEN EDM .LT. 1.00e-04
 FCN=486.578 FROM MIGRAD    STATUS=INITIATE       56 CALLS          57 TOTAL
                     EDM= unknown      STRATEGY= 1      NO ERROR MATRIX       
  EXT PARAMETER               CURRENT GUESS       STEP         FIRST   
  NO.   NAME      VALUE            ERROR          SIZE      DERIVATIVE 
   1  N0           2.79293e+06   1.00000e+02   0.00000e+00   1.24793e-03
   2  tau          6.43930e+01   constant   
   3  A0           3.56510e-01   1.00000e-04   0.00000e+00  -3.34096e+03
   4  phi          4.11711e+00   1.00000e-02   0.00000e+00  -2.80347e+02
   5  R           -6.11314e+01   constant   
   6  A_CBO        1.86057e-03     fixed    
   7  w_CBO        2.32163e+00     fixed    
   8  phi_CBO      2.49408e+00     fixed    
   9  ANx2         3.99781e-04   constant   
  10  pNx2         4.45174e+00   constant   
  11  ANy1         0.00000e+00   constant   
  12  pNy1         0.00000e+00   constant   
  13  w_y          0.00000e+00   constant   
  14  ANy2         9.79441e-03     fixed    
  15  pNy2         4.41741e+00   constant   
  16  w_vw         1.43026e+01   constant   
  17  LM          -4.33674e-04   constant   
  18  wCBO_expCoeff   1.99723e+02   1.00000e+00  -2.76522e-01  -1.59717e+00
  19  wCBO_expOffset   2.00000e+02   1.00000e+00   0.00000e+00  -1.06331e+01
  20  wCBO_expT    3.00000e+01   1.00000e+00   0.00000e+00  -7.06879e+01
  21  wCBO_linCoeff   0.00000e+00   constant   
  22  wCBO_const   0.00000e+00   1.00000e-02   0.00000e+00  -1.17586e+03
 MIGRAD MINIMIZATION HAS CONVERGED.
 FCN=482.733 FROM MIGRAD    STATUS=CONVERGED     250 CALLS         251 TOTAL
                     EDM=4.00597e-06    STRATEGY= 1  ERROR MATRIX UNCERTAINTY   1.6 per cent
  EXT PARAMETER                                   STEP         FIRST   
  NO.   NAME      VALUE            ERROR          SIZE      DERIVATIVE 
   1  N0           2.79201e+06   1.37726e+03  -1.49973e+00   5.91208e-07
   2  tau          6.43930e+01   constant   
   3  A0           3.57095e-01   6.55590e-04  -1.35522e-06  -7.76832e-01
   4  phi          4.11761e+00   1.90742e-03   2.22357e-06   7.70035e-02
   5  R           -6.11314e+01   constant   
   6  A_CBO        1.86057e-03     fixed    
   7  w_CBO        2.32163e+00     fixed    
   8  phi_CBO      2.49408e+00     fixed    
   9  ANx2         3.99781e-04   constant   
  10  pNx2         4.45174e+00   constant   
  11  ANy1         0.00000e+00   constant   
  12  pNy1         0.00000e+00   constant   
  13  w_y          0.00000e+00   constant   
  14  ANy2         9.79441e-03     fixed    
  15  pNy2         4.41741e+00   constant   
  16  w_vw         1.43026e+01   constant   
  17  LM          -4.33674e-04   constant   
  18  wCBO_expCoeff   1.99885e+02   1.45010e+00   8.31650e-03   1.15451e-02
  19  wCBO_expOffset   2.00024e+02   2.17719e-01   1.24871e-03   7.69831e-02
  20  wCBO_expT    2.99781e+01   9.12498e-02  -4.57853e-04   4.07002e-01
  21  wCBO_linCoeff   0.00000e+00   constant   
  22  wCBO_const   3.21391e-03   1.13421e-03  -1.01562e-05   7.18516e-01
 EXTERNAL ERROR MATRIX.    NDIM=  25    NPAR=  7    ERR DEF=1
  1.897e+06  2.694e-02  2.277e-02 -7.816e+01 -1.173e+01  4.969e+00 -3.754e-02 
  2.694e-02  4.298e-07  8.537e-09 -1.346e-05 -2.021e-06  6.069e-07  6.784e-08 
  2.277e-02  8.537e-09  3.638e-06  7.223e-05  1.084e-05 -4.053e-06  1.992e-08 
 -7.816e+01 -1.346e-05  7.223e-05  2.103e+00  3.129e-01 -1.318e-01  8.744e-04 
 -1.173e+01 -2.021e-06  1.084e-05  3.129e-01  4.740e-02 -1.978e-02  1.313e-04 
  4.969e+00  6.069e-07 -4.053e-06 -1.318e-01 -1.978e-02  8.327e-03 -5.908e-05 
 -3.754e-02  6.784e-08  1.992e-08  8.744e-04  1.313e-04 -5.908e-05  1.286e-06 
 PARAMETER  CORRELATION COEFFICIENTS  
       NO.  GLOBAL      1      3      4     18     19     20     22
        1  0.05052   1.000  0.030  0.009 -0.039 -0.039  0.040 -0.024
        3  0.12591   0.030  1.000  0.007 -0.014 -0.014  0.010  0.091
        4  0.06964   0.009  0.007  1.000  0.026  0.026 -0.023  0.009
       18  0.99749  -0.039 -0.014  0.026  1.000  0.991 -0.996  0.532
       19  0.99749  -0.039 -0.014  0.026  0.991  1.000 -0.996  0.532
       20  0.99918   0.040  0.010 -0.023 -0.996 -0.996  1.000 -0.571
       22  0.83083  -0.024  0.091  0.009  0.532  0.532 -0.571  1.000
MINUIT - FIT ONLY 1-CBO + other amplitudes 
 **********
 **   16 **RES 
 **********
                   PARAMETER   14  ANy2 RESTORED TO VARIABLE.
                   PARAMETER    8  phi_CBO RESTORED TO VARIABLE.
                   PARAMETER    7  w_CBO RESTORED TO VARIABLE.
                   PARAMETER    6  A_CBO RESTORED TO VARIABLE.
 **********
 **   17 **FIX            0
 **********
 PARAMETER    0  IS UNDEFINED. IGNORED.
 **********
 **   18 **FIX            1
 **********
 **********
 **   19 **FIX            2
 **********
 PARAMETER    2  IS CONSTANT.   IGNORED.
 **********
 **   20 **FIX            3
 **********
 **********
 **   21 **FIX            4
 **********
 **********
 **   22 **FIX            9
 **********
 PARAMETER    9  IS CONSTANT.   IGNORED.
 **********
 **   23 **FIX           11
 **********
 PARAMETER   11  IS CONSTANT.   IGNORED.
 **********
 **   24 **FIX           12
 **********
 PARAMETER   12  IS CONSTANT.   IGNORED.
 **********
 **   25 **FIX           14
 **********
 **********
 **   26 **FIX           15
 **********
 PARAMETER   15  IS CONSTANT.   IGNORED.
 **********
 **   27 **FIX           16
 **********
 PARAMETER   16  IS CONSTANT.   IGNORED.
 **********
 **   28 **MIGRAD
 **********
 START MIGRAD MINIMIZATION.  STRATEGY  1.  CONVERGENCE WHEN EDM .LT. 1.00e-04
 FCN=482.733 FROM MIGRAD    STATUS=INITIATE       18 CALLS         269 TOTAL
                     EDM= unknown      STRATEGY= 1      NO ERROR MATRIX       
  EXT PARAMETER               CURRENT GUESS       STEP         FIRST   
  NO.   NAME      VALUE            ERROR          SIZE      DERIVATIVE 
   1  N0           2.79201e+06     fixed    
   2  tau          6.43930e+01   constant   
   3  A0           3.57095e-01     fixed    
   4  phi          4.11761e+00     fixed    
   5  R           -6.11314e+01   constant   
   6  A_CBO        1.86057e-03   1.00000e-05   1.00000e-05   7.13529e+03
   7  w_CBO        2.32163e+00   1.00000e-03   1.00000e-03   1.31090e+00
   8  phi_CBO      2.49408e+00   1.00000e-04   1.00000e-04  -1.83884e-01
   9  ANx2         3.99781e-04   constant   
  10  pNx2         4.45174e+00   constant   
  11  ANy1         0.00000e+00   constant   
  12  pNy1         0.00000e+00   constant   
  13  w_y          0.00000e+00   constant   
  14  ANy2         9.79441e-03     fixed    
  15  pNy2         4.41741e+00   constant   
  16  w_vw         1.43026e+01   constant   
  17  LM          -4.33674e-04   constant   
  18  wCBO_expCoeff   1.99885e+02   1.45010e+00   8.31650e-03   1.15452e-02
  19  wCBO_expOffset   2.00024e+02   2.17719e-01   1.24871e-03   7.69837e-02
  20  wCBO_expT    2.99781e+01   9.12498e-02  -4.57853e-04   4.07008e-01
  21  wCBO_linCoeff   0.00000e+00   constant   
  22  wCBO_const   3.21391e-03   1.13421e-03  -1.01562e-05   7.18576e-01
 MIGRAD MINIMIZATION HAS CONVERGED.
 MIGRAD WILL VERIFY CONVERGENCE AND ERROR MATRIX.
 FCN=476.696 FROM MIGRAD    STATUS=CONVERGED     150 CALLS         401 TOTAL
                     EDM=8.86317e-06    STRATEGY= 1      ERR MATRIX NOT POS-DEF
  EXT PARAMETER                APPROXIMATE        STEP         FIRST   
  NO.   NAME      VALUE            ERROR          SIZE      DERIVATIVE 
   1  N0           2.79201e+06     fixed    
   2  tau          6.43930e+01   constant   
   3  A0           3.57095e-01     fixed    
   4  phi          4.11761e+00     fixed    
   5  R           -6.11314e+01   constant   
   6  A_CBO        2.04272e-04   6.77195e-04   7.21818e-06  -1.93945e+00
   7  w_CBO        2.32167e+00   9.73719e-03   8.29352e-06  -1.54327e+00
   8  phi_CBO      3.15231e+00   3.61421e+00   3.72026e-02   9.11689e-04
   9  ANx2         3.99781e-04   constant   
  10  pNx2         4.45174e+00   constant   
  11  ANy1         0.00000e+00   constant   
  12  pNy1         0.00000e+00   constant   
  13  w_y          0.00000e+00   constant   
  14  ANy2         9.79441e-03     fixed    
  15  pNy2         4.41741e+00   constant   
  16  w_vw         1.43026e+01   constant   
  17  LM          -4.33674e-04   constant   
  18  wCBO_expCoeff   1.99882e+02   1.39073e+00   1.29288e-03  -2.97930e-03
  19  wCBO_expOffset   2.00024e+02   2.08607e-01   1.93905e-04  -1.98651e-02
  20  wCBO_expT    2.99781e+01   4.11879e-02   3.93156e-05  -1.18554e-01
  21  wCBO_linCoeff   0.00000e+00   constant   
  22  wCBO_const   3.29317e-03   4.26767e-03   7.22452e-06  -2.97771e+00
 EXTERNAL ERROR MATRIX.    NDIM=  25    NPAR=  7    ERR DEF=1
  4.586e-07  9.995e-08 -2.044e-05  2.120e-05  3.179e-06 -1.879e-06  5.897e-09 
  9.995e-08  9.481e-05  9.579e-04 -2.871e-03 -4.314e-04 -8.031e-05 -3.936e-05 
 -2.044e-05  9.579e-04  1.306e+01  1.321e-01  1.980e-02 -1.531e-02  8.548e-04 
  2.120e-05 -2.871e-03  1.321e-01  1.934e+00 -1.477e-01 -2.233e-02  1.485e-03 
  3.179e-06 -4.314e-04  1.980e-02 -1.477e-01  4.352e-02 -3.348e-03  2.230e-04 
 -1.879e-06 -8.031e-05 -1.531e-02 -2.233e-02 -3.348e-03  1.696e-03  7.161e-06 
  5.897e-09 -3.936e-05  8.548e-04  1.485e-03  2.230e-04  7.161e-06  1.821e-05 
ERR MATRIX NOT POS-DEF
 PARAMETER  CORRELATION COEFFICIENTS  
       NO.  GLOBAL      6      7      8     18     19     20     22
        6  0.08456   1.000  0.015 -0.008  0.023  0.023 -0.067  0.002
        7  0.99683   0.015  1.000  0.027 -0.212 -0.212 -0.200 -0.947
        8  0.26482  -0.008  0.027  1.000  0.026  0.026 -0.103  0.055
       18  0.99622   0.023 -0.212  0.026  1.000 -0.509 -0.390  0.250
       19  0.99622   0.023 -0.212  0.026 -0.509  1.000 -0.390  0.251
       20  0.99601  -0.067 -0.200 -0.103 -0.390 -0.390  1.000  0.041
       22  0.98740   0.002 -0.947  0.055  0.250  0.251  0.041  1.000
 ERR MATRIX NOT POS-DEF
MINUIT - FIT ONLY 1-CBO
 **********
 **   29 **RES 
 **********
                   PARAMETER   14  ANy2 RESTORED TO VARIABLE.
                   PARAMETER    4  phi RESTORED TO VARIABLE.
                   PARAMETER    3  A0 RESTORED TO VARIABLE.
                   PARAMETER    1  N0 RESTORED TO VARIABLE.
 **********
 **   30 **FIX            0
 **********
 PARAMETER    0  IS UNDEFINED. IGNORED.
 **********
 **   31 **FIX            1
 **********
 **********
 **   32 **FIX            2
 **********
 PARAMETER    2  IS CONSTANT.   IGNORED.
 **********
 **   33 **FIX            3
 **********
 **********
 **   34 **FIX            4
 **********
 **********
 **   35 **FIX            8
 **********
 **********
 **   36 **FIX            9
 **********
 PARAMETER    9  IS CONSTANT.   IGNORED.
 **********
 **   37 **FIX           11
 **********
 PARAMETER   11  IS CONSTANT.   IGNORED.
 **********
 **   38 **FIX           12
 **********
 PARAMETER   12  IS CONSTANT.   IGNORED.
 **********
 **   39 **FIX           13
 **********
 PARAMETER   13  IS CONSTANT.   IGNORED.
 **********
 **   40 **FIX           15
 **********
 PARAMETER   15  IS CONSTANT.   IGNORED.
 **********
 **   41 **FIX           16
 **********
 PARAMETER   16  IS CONSTANT.   IGNORED.
 **********
 **   42 **MIGRAD
 **********
 START MIGRAD MINIMIZATION.  STRATEGY  1.  CONVERGENCE WHEN EDM .LT. 1.00e-04
 FCN=476.696 FROM MIGRAD    STATUS=INITIATE       16 CALLS         417 TOTAL
                     EDM= unknown      STRATEGY= 1      NO ERROR MATRIX       
  EXT PARAMETER               CURRENT GUESS       STEP         FIRST   
  NO.   NAME      VALUE            ERROR          SIZE      DERIVATIVE 
   1  N0           2.79201e+06     fixed    
   2  tau          6.43930e+01   constant   
   3  A0           3.57095e-01     fixed    
   4  phi          4.11761e+00     fixed    
   5  R           -6.11314e+01   constant   
   6  A_CBO        2.04272e-04   6.77195e-04   7.21818e-06  -1.93945e+00
   7  w_CBO        2.32167e+00   9.73719e-03   8.29352e-06  -1.54268e+00
   8  phi_CBO      3.15231e+00     fixed    
   9  ANx2         3.99781e-04   constant   
  10  pNx2         4.45174e+00   constant   
  11  ANy1         0.00000e+00   constant   
  12  pNy1         0.00000e+00   constant   
  13  w_y          0.00000e+00   constant   
  14  ANy2         9.79441e-03   1.00000e-04   1.00000e-04   4.05614e+04
  15  pNy2         4.41741e+00   constant   
  16  w_vw         1.43026e+01   constant   
  17  LM          -4.33674e-04   constant   
  18  wCBO_expCoeff   1.99882e+02   1.39073e+00   1.29288e-03  -2.98333e-03
  19  wCBO_expOffset   2.00024e+02   2.08607e-01   1.93905e-04  -1.98878e-02
  20  wCBO_expT    2.99781e+01   4.11879e-02   3.93156e-05  -1.18427e-01
  21  wCBO_linCoeff   0.00000e+00   constant   
  22  wCBO_const   3.29317e-03   4.26767e-03   7.22452e-06  -2.97678e+00
 MIGRAD MINIMIZATION HAS CONVERGED.
 MIGRAD WILL VERIFY CONVERGENCE AND ERROR MATRIX.
 FCN=278.361 FROM HESSE     STATUS=NOT POSDEF     50 CALLS         554 TOTAL
                     EDM=0.000689773    STRATEGY= 1      ERR MATRIX NOT POS-DEF
  EXT PARAMETER                APPROXIMATE        STEP         FIRST   
  NO.   NAME      VALUE            ERROR          SIZE      DERIVATIVE 
   1  N0           2.79201e+06     fixed    
   2  tau          6.43930e+01   constant   
   3  A0           3.57095e-01     fixed    
   4  phi          4.11761e+00     fixed    
   5  R           -6.11314e+01   constant   
   6  A_CBO        3.80443e-05   7.23749e-04   5.52472e-06   3.73420e-01
   7  w_CBO        2.32164e+00   1.52098e-02   1.00266e-05   1.36689e+00
   8  phi_CBO      3.15231e+00     fixed    
   9  ANx2         3.99781e-04   constant   
  10  pNx2         4.45174e+00   constant   
  11  ANy1         0.00000e+00   constant   
  12  pNy1         0.00000e+00   constant   
  13  w_y          0.00000e+00   constant   
  14  ANy2         1.46004e-05   6.92617e-04   5.66605e-06  -2.86044e-01
  15  pNy2         4.41741e+00   constant   
  16  w_vw         1.43026e+01   constant   
  17  LM          -4.33674e-04   constant   
  18  wCBO_expCoeff   1.99877e+02   2.34152e+00   1.71516e-03   5.00877e-03
  19  wCBO_expOffset   2.00023e+02   3.51225e-01   2.57242e-04   3.33959e-02
  20  wCBO_expT    2.99780e+01   6.02097e-02   5.14065e-05  -6.84343e-01
  21  wCBO_linCoeff   0.00000e+00   constant   
  22  wCBO_const   3.26955e-03   6.61041e-03   7.69097e-06   2.16523e+00
 MIGRAD MINIMIZATION HAS CONVERGED.
 MIGRAD WILL VERIFY CONVERGENCE AND ERROR MATRIX.
 FCN=278.359 FROM MIGRAD    STATUS=CONVERGED     219 CALLS         620 TOTAL
                     EDM=1.2857e-05    STRATEGY= 1      ERR MATRIX NOT POS-DEF
  EXT PARAMETER                APPROXIMATE        STEP         FIRST   
  NO.   NAME      VALUE            ERROR          SIZE      DERIVATIVE 
   1  N0           2.79201e+06     fixed    
   2  tau          6.43930e+01   constant   
   3  A0           3.57095e-01     fixed    
   4  phi          4.11761e+00     fixed    
   5  R           -6.11314e+01   constant   
   6  A_CBO        2.53698e-05   7.22308e-04   5.52463e-06   3.72054e-01
   7  w_CBO        2.32147e+00   1.51647e-02   1.00252e-05  -7.36869e-01
   8  phi_CBO      3.15231e+00     fixed    
   9  ANx2         3.99781e-04   constant   
  10  pNx2         4.45174e+00   constant   
  11  ANy1         0.00000e+00   constant   
  12  pNy1         0.00000e+00   constant   
  13  w_y          0.00000e+00   constant   
  14  ANy2         1.45537e-05   6.92564e-04   5.66603e-06   4.65092e-01
  15  pNy2         4.41741e+00   constant   
  16  w_vw         1.43026e+01   constant   
  17  LM          -4.33674e-04   constant   
  18  wCBO_expCoeff   1.99823e+02   2.41612e+00   1.71528e-03   4.30323e-03
  19  wCBO_expOffset   2.00015e+02   3.62558e-01   2.57260e-04   2.86801e-02
  20  wCBO_expT    2.99821e+01   6.11123e-02   5.14093e-05   8.55063e-02
  21  wCBO_linCoeff   0.00000e+00   constant   
  22  wCBO_const   3.27651e-03   6.59671e-03   7.68757e-06  -2.56202e+00
 EXTERNAL ERROR MATRIX.    NDIM=  25    NPAR=  7    ERR DEF=1
  5.217e-07  4.187e-07  9.459e-09  1.815e-04  2.724e-05 -1.184e-05 -2.428e-07 
  4.187e-07  2.300e-04  1.061e-08 -7.703e-03 -1.158e-03 -1.460e-04 -9.639e-05 
  9.459e-09  1.061e-08  4.796e-07  4.502e-06  6.769e-07 -2.001e-07 -7.196e-09 
  1.815e-04 -7.703e-03  4.502e-06  5.838e+00 -5.372e-01 -5.054e-02  3.913e-03 
  2.724e-05 -1.158e-03  6.769e-07 -5.372e-01  1.314e-01 -7.582e-03  5.881e-04 
 -1.184e-05 -1.460e-04 -2.001e-07 -5.054e-02 -7.582e-03  3.735e-03  4.049e-06 
 -2.428e-07 -9.639e-05 -7.196e-09  3.913e-03  5.881e-04  4.049e-06  4.352e-05 
ERR MATRIX NOT POS-DEF
 PARAMETER  CORRELATION COEFFICIENTS  
       NO.  GLOBAL      6      7     14     18     19     20     22
        6  0.35502   1.000  0.038  0.019  0.104  0.104 -0.268 -0.051
        7  0.99674   0.038  1.000  0.001 -0.210 -0.211 -0.158 -0.964
       14  0.02768   0.019  0.001  1.000  0.003  0.003 -0.005 -0.002
       18  0.99626   0.104 -0.210  0.003  1.000 -0.613 -0.342  0.245
       19  0.99626   0.104 -0.211  0.003 -0.613  1.000 -0.342  0.246
       20  0.99474  -0.268 -0.158 -0.005 -0.342 -0.342  1.000  0.010
       22  0.98975  -0.051 -0.964 -0.002  0.245  0.246  0.010  1.000
 ERR MATRIX NOT POS-DEF
MINUIT - FIT ONLY 2-CBO
 **********
 **   43 **RES 
 **********
                   PARAMETER    8  phi_CBO RESTORED TO VARIABLE.
                   PARAMETER    4  phi RESTORED TO VARIABLE.
                   PARAMETER    3  A0 RESTORED TO VARIABLE.
                   PARAMETER    1  N0 RESTORED TO VARIABLE.
 **********
 **   44 **FIX            0
 **********
 PARAMETER    0  IS UNDEFINED. IGNORED.
 **********
 **   45 **FIX            1
 **********
 **********
 **   46 **FIX            2
 **********
 PARAMETER    2  IS CONSTANT.   IGNORED.
 **********
 **   47 **FIX            3
 **********
 **********
 **   48 **FIX            4
 **********
 **********
 **   49 **FIX            5
 **********
 PARAMETER    5  IS CONSTANT.   IGNORED.
 **********
 **   50 **FIX            6
 **********
 **********
 **   51 **FIX            7
 **********
 **********
 **   52 **FIX           10
 **********
 PARAMETER   10  IS CONSTANT.   IGNORED.
 **********
 **   53 **FIX           11
 **********
 PARAMETER   11  IS CONSTANT.   IGNORED.
 **********
 **   54 **FIX           12
 **********
 PARAMETER   12  IS CONSTANT.   IGNORED.
 **********
 **   55 **FIX           13
 **********
 PARAMETER   13  IS CONSTANT.   IGNORED.
 **********
 **   56 **FIX           14
 **********
 **********
 **   57 **FIX           15
 **********
 PARAMETER   15  IS CONSTANT.   IGNORED.
 **********
 **   58 **FIX           16
 **********
 PARAMETER   16  IS CONSTANT.   IGNORED.
 **********
 **   59 **MIGRAD
 **********
 START MIGRAD MINIMIZATION.  STRATEGY  1.  CONVERGENCE WHEN EDM .LT. 1.00e-04
 FCN=278.359 FROM MIGRAD    STATUS=INITIATE       12 CALLS         632 TOTAL
                     EDM= unknown      STRATEGY= 1      NO ERROR MATRIX       
  EXT PARAMETER               CURRENT GUESS       STEP         FIRST   
  NO.   NAME      VALUE            ERROR          SIZE      DERIVATIVE 
   1  N0           2.79201e+06     fixed    
   2  tau          6.43930e+01   constant   
   3  A0           3.57095e-01     fixed    
   4  phi          4.11761e+00     fixed    
   5  R           -6.11314e+01   constant   
   6  A_CBO        2.53698e-05     fixed    
   7  w_CBO        2.32147e+00     fixed    
   8  phi_CBO      3.15231e+00   3.61421e+00   3.61421e+00  -1.24992e-02
   9  ANx2         3.99781e-04   constant   
  10  pNx2         4.45174e+00   constant   
  11  ANy1         0.00000e+00   constant   
  12  pNy1         0.00000e+00   constant   
  13  w_y          0.00000e+00   constant   
  14  ANy2         1.45537e-05     fixed    
  15  pNy2         4.41741e+00   constant   
  16  w_vw         1.43026e+01   constant   
  17  LM          -4.33674e-04   constant   
  18  wCBO_expCoeff   1.99823e+02   2.41612e+00   1.71528e-03   4.31884e-03
  19  wCBO_expOffset   2.00015e+02   3.62558e-01   2.57260e-04   2.87862e-02
  20  wCBO_expT    2.99821e+01   6.11123e-02   5.14093e-05   8.60291e-02
  21  wCBO_linCoeff   0.00000e+00   constant   
  22  wCBO_const   3.27651e-03   6.59671e-03   7.68757e-06  -2.55780e+00
 MIGRAD MINIMIZATION HAS CONVERGED.
 MIGRAD WILL VERIFY CONVERGENCE AND ERROR MATRIX.
 FCN=278.348 FROM MIGRAD    STATUS=CONVERGED     107 CALLS         727 TOTAL
                     EDM=5.25535e-06    STRATEGY= 1      ERR MATRIX NOT POS-DEF
  EXT PARAMETER                APPROXIMATE        STEP         FIRST   
  NO.   NAME      VALUE            ERROR          SIZE      DERIVATIVE 
   1  N0           2.79201e+06     fixed    
   2  tau          6.43930e+01   constant   
   3  A0           3.57095e-01     fixed    
   4  phi          4.11761e+00     fixed    
   5  R           -6.11314e+01   constant   
   6  A_CBO        2.53698e-05     fixed    
   7  w_CBO        2.32147e+00     fixed    
   8  phi_CBO      4.54795e+00   1.21701e+01   9.82306e-02  -4.12683e-06
   9  ANx2         3.99781e-04   constant   
  10  pNx2         4.45174e+00   constant   
  11  ANy1         0.00000e+00   constant   
  12  pNy1         0.00000e+00   constant   
  13  w_y          0.00000e+00   constant   
  14  ANy2         1.45537e-05     fixed    
  15  pNy2         4.41741e+00   constant   
  16  w_vw         1.43026e+01   constant   
  17  LM          -4.33674e-04   constant   
  18  wCBO_expCoeff   1.99820e+02   2.61590e+00   1.70660e-03   7.54111e-04
  19  wCBO_expOffset   2.00015e+02   3.92517e-01   2.56066e-04   5.02600e-03
  20  wCBO_expT    2.99820e+01   6.17697e-02   5.10967e-05  -2.87355e-02
  21  wCBO_linCoeff   0.00000e+00   constant   
  22  wCBO_const   3.31182e-03   1.81030e-03   7.68717e-06   4.31606e-02
 EXTERNAL ERROR MATRIX.    NDIM=  25    NPAR=  5    ERR DEF=1
  1.481e+02 -1.430e+00 -2.147e-01  8.097e-02  1.016e-03 
 -1.430e+00  6.843e+00 -7.570e-01 -5.770e-02  8.092e-04 
 -2.147e-01 -7.570e-01  1.541e-01 -8.659e-03  1.214e-04 
  8.097e-02 -5.770e-02 -8.659e-03  3.815e-03 -6.556e-05 
  1.016e-03  8.092e-04  1.214e-04 -6.556e-05  3.277e-06 
ERR MATRIX NOT POS-DEF
 PARAMETER  CORRELATION COEFFICIENTS  
       NO.  GLOBAL      8     18     19     20     22
        8  0.17261   1.000 -0.045 -0.045  0.108  0.046
       18  0.99682  -0.045  1.000 -0.737 -0.357  0.171
       19  0.99682  -0.045 -0.737  1.000 -0.357  0.171
       20  0.99488   0.108 -0.357 -0.357  1.000 -0.586
       22  0.85486   0.046  0.171  0.171 -0.586  1.000
 ERR MATRIX NOT POS-DEF
MINUIT - FIT ONLY 1-y
 **********
 **   60 **RES 
 **********
                   PARAMETER   14  ANy2 RESTORED TO VARIABLE.
                   PARAMETER    7  w_CBO RESTORED TO VARIABLE.
                   PARAMETER    6  A_CBO RESTORED TO VARIABLE.
                   PARAMETER    4  phi RESTORED TO VARIABLE.
                   PARAMETER    3  A0 RESTORED TO VARIABLE.
                   PARAMETER    1  N0 RESTORED TO VARIABLE.
 **********
 **   61 **FIX            0
 **********
 PARAMETER    0  IS UNDEFINED. IGNORED.
 **********
 **   62 **FIX            1
 **********
 **********
 **   63 **FIX            2
 **********
 PARAMETER    2  IS CONSTANT.   IGNORED.
 **********
 **   64 **FIX            3
 **********
 **********
 **   65 **FIX            4
 **********
 **********
 **   66 **FIX            5
 **********
 PARAMETER    5  IS CONSTANT.   IGNORED.
 **********
 **   67 **FIX            6
 **********
 **********
 **   68 **FIX            7
 **********
 **********
 **   69 **FIX            8
 **********
 **********
 **   70 **FIX            9
 **********
 PARAMETER    9  IS CONSTANT.   IGNORED.
 **********
 **   71 **FIX           13
 **********
 PARAMETER   13  IS CONSTANT.   IGNORED.
 **********
 **   72 **FIX           14
 **********
 **********
 **   73 **FIX           15
 **********
 PARAMETER   15  IS CONSTANT.   IGNORED.
 **********
 **   74 **FIX           16
 **********
 PARAMETER   16  IS CONSTANT.   IGNORED.
 **********
 **   75 **MIGRAD
 **********
 START MIGRAD MINIMIZATION.  STRATEGY  1.  CONVERGENCE WHEN EDM .LT. 1.00e-04
 FCN=278.348 FROM MIGRAD    STATUS=INITIATE        8 CALLS         735 TOTAL
                     EDM= unknown      STRATEGY= 1      NO ERROR MATRIX       
  EXT PARAMETER               CURRENT GUESS       STEP         FIRST   
  NO.   NAME      VALUE            ERROR          SIZE      DERIVATIVE 
   1  N0           2.79201e+06     fixed    
   2  tau          6.43930e+01   constant   
   3  A0           3.57095e-01     fixed    
   4  phi          4.11761e+00     fixed    
   5  R           -6.11314e+01   constant   
   6  A_CBO        2.53698e-05     fixed    
   7  w_CBO        2.32147e+00     fixed    
   8  phi_CBO      4.54795e+00     fixed    
   9  ANx2         3.99781e-04   constant   
  10  pNx2         4.45174e+00   constant   
  11  ANy1         0.00000e+00   constant   
  12  pNy1         0.00000e+00   constant   
  13  w_y          0.00000e+00   constant   
  14  ANy2         1.45537e-05     fixed    
  15  pNy2         4.41741e+00   constant   
  16  w_vw         1.43026e+01   constant   
  17  LM          -4.33674e-04   constant   
  18  wCBO_expCoeff   1.99820e+02   2.61590e+00   1.70660e-03   7.79010e-04
  19  wCBO_expOffset   2.00015e+02   3.92517e-01   2.56066e-04   5.19406e-03
  20  wCBO_expT    2.99820e+01   6.17697e-02   5.10967e-05  -2.79813e-02
  21  wCBO_linCoeff   0.00000e+00   constant   
  22  wCBO_const   3.31182e-03   1.81030e-03   7.68717e-06   4.36778e-02
 MIGRAD MINIMIZATION HAS CONVERGED.
 MIGRAD WILL VERIFY CONVERGENCE AND ERROR MATRIX.
 FCN=278.348 FROM MIGRAD    STATUS=CONVERGED      41 CALLS         768 TOTAL
                     EDM=5.15726e-06    STRATEGY= 1      ERR MATRIX NOT POS-DEF
  EXT PARAMETER                APPROXIMATE        STEP         FIRST   
  NO.   NAME      VALUE            ERROR          SIZE      DERIVATIVE 
   1  N0           2.79201e+06     fixed    
   2  tau          6.43930e+01   constant   
   3  A0           3.57095e-01     fixed    
   4  phi          4.11761e+00     fixed    
   5  R           -6.11314e+01   constant   
   6  A_CBO        2.53698e-05     fixed    
   7  w_CBO        2.32147e+00     fixed    
   8  phi_CBO      4.54795e+00     fixed    
   9  ANx2         3.99781e-04   constant   
  10  pNx2         4.45174e+00   constant   
  11  ANy1         0.00000e+00   constant   
  12  pNy1         0.00000e+00   constant   
  13  w_y          0.00000e+00   constant   
  14  ANy2         1.45537e-05     fixed    
  15  pNy2         4.41741e+00   constant   
  16  w_vw         1.43026e+01   constant   
  17  LM          -4.33674e-04   constant   
  18  wCBO_expCoeff   1.99820e+02   2.61356e+00   1.70702e-03  -1.34062e-03
  19  wCBO_expOffset   2.00015e+02   3.92170e-01   2.56130e-04  -8.93471e-03
  20  wCBO_expT    2.99820e+01   6.14101e-02   5.11103e-05  -9.83784e-02
  21  wCBO_linCoeff   0.00000e+00   constant   
  22  wCBO_const   3.31177e-03   1.80836e-03   7.68646e-06  -3.34939e-01
 EXTERNAL ERROR MATRIX.    NDIM=  25    NPAR=  4    ERR DEF=1
  6.831e+00 -7.593e-01 -5.691e-02  8.190e-04 
 -7.593e-01  1.538e-01 -8.542e-03  1.229e-04 
 -5.691e-02 -8.542e-03  3.771e-03 -6.612e-05 
  8.190e-04  1.229e-04 -6.612e-05  3.270e-06 
ERR MATRIX NOT POS-DEF
 PARAMETER  CORRELATION COEFFICIENTS  
       NO.  GLOBAL     18     19     20     22
       18  0.99681   1.000 -0.741 -0.355  0.173
       19  0.99681  -0.741  1.000 -0.355  0.173
       20  0.99481  -0.355 -0.355  1.000 -0.595
       22  0.85452   0.173  0.173 -0.595  1.000
 ERR MATRIX NOT POS-DEF
MINUIT - FIT ONLY 2-y
 **********
 **   76 **RES 
 **********
                   PARAMETER   14  ANy2 RESTORED TO VARIABLE.
                   PARAMETER    8  phi_CBO RESTORED TO VARIABLE.
                   PARAMETER    7  w_CBO RESTORED TO VARIABLE.
                   PARAMETER    6  A_CBO RESTORED TO VARIABLE.
                   PARAMETER    4  phi RESTORED TO VARIABLE.
                   PARAMETER    3  A0 RESTORED TO VARIABLE.
                   PARAMETER    1  N0 RESTORED TO VARIABLE.
 **********
 **   77 **FIX            0
 **********
 PARAMETER    0  IS UNDEFINED. IGNORED.
 **********
 **   78 **FIX            1
 **********
 **********
 **   79 **FIX            2
 **********
 PARAMETER    2  IS CONSTANT.   IGNORED.
 **********
 **   80 **FIX            3
 **********
 **********
 **   81 **FIX            4
 **********
 **********
 **   82 **FIX            5
 **********
 PARAMETER    5  IS CONSTANT.   IGNORED.
 **********
 **   83 **FIX            6
 **********
 **********
 **   84 **FIX            7
 **********
 **********
 **   85 **FIX            8
 **********
 **********
 **   86 **FIX            9
 **********
 PARAMETER    9  IS CONSTANT.   IGNORED.
 **********
 **   87 **FIX           10
 **********
 PARAMETER   10  IS CONSTANT.   IGNORED.
 **********
 **   88 **FIX           11
 **********
 PARAMETER   11  IS CONSTANT.   IGNORED.
 **********
 **   89 **FIX           12
 **********
 PARAMETER   12  IS CONSTANT.   IGNORED.
 **********
 **   90 **FIX           16
 **********
 PARAMETER   16  IS CONSTANT.   IGNORED.
 **********
 **   91 **MIGRAD
 **********
 START MIGRAD MINIMIZATION.  STRATEGY  1.  CONVERGENCE WHEN EDM .LT. 1.00e-04
 FCN=278.348 FROM MIGRAD    STATUS=INITIATE       10 CALLS         778 TOTAL
                     EDM= unknown      STRATEGY= 1      NO ERROR MATRIX       
  EXT PARAMETER               CURRENT GUESS       STEP         FIRST   
  NO.   NAME      VALUE            ERROR          SIZE      DERIVATIVE 
   1  N0           2.79201e+06     fixed    
   2  tau          6.43930e+01   constant   
   3  A0           3.57095e-01     fixed    
   4  phi          4.11761e+00     fixed    
   5  R           -6.11314e+01   constant   
   6  A_CBO        2.53698e-05     fixed    
   7  w_CBO        2.32147e+00     fixed    
   8  phi_CBO      4.54795e+00     fixed    
   9  ANx2         3.99781e-04   constant   
  10  pNx2         4.45174e+00   constant   
  11  ANy1         0.00000e+00   constant   
  12  pNy1         0.00000e+00   constant   
  13  w_y          0.00000e+00   constant   
  14  ANy2         1.45537e-05   6.92564e-04   6.92564e-04   4.29772e+00
  15  pNy2         4.41741e+00   constant   
  16  w_vw         1.43026e+01   constant   
  17  LM          -4.33674e-04   constant   
  18  wCBO_expCoeff   1.99820e+02   2.61356e+00   1.70702e-03  -1.31558e-03
  19  wCBO_expOffset   2.00015e+02   3.92170e-01   2.56130e-04  -8.76565e-03
  20  wCBO_expT    2.99820e+01   6.14101e-02   5.11103e-05  -9.76198e-02
  21  wCBO_linCoeff   0.00000e+00   constant   
  22  wCBO_const   3.31177e-03   1.80836e-03   7.68646e-06  -3.31791e-01
 MIGRAD MINIMIZATION HAS CONVERGED.
 MIGRAD WILL VERIFY CONVERGENCE AND ERROR MATRIX.
 FCN=278.348 FROM MIGRAD    STATUS=CONVERGED      53 CALLS         821 TOTAL
                     EDM=5.53492e-06    STRATEGY= 1      ERR MATRIX NOT POS-DEF
  EXT PARAMETER                APPROXIMATE        STEP         FIRST   
  NO.   NAME      VALUE            ERROR          SIZE      DERIVATIVE 
   1  N0           2.79201e+06     fixed    
   2  tau          6.43930e+01   constant   
   3  A0           3.57095e-01     fixed    
   4  phi          4.11761e+00     fixed    
   5  R           -6.11314e+01   constant   
   6  A_CBO        2.53698e-05     fixed    
   7  w_CBO        2.32147e+00     fixed    
   8  phi_CBO      4.54795e+00     fixed    
   9  ANx2         3.99781e-04   constant   
  10  pNx2         4.45174e+00   constant   
  11  ANy1         0.00000e+00   constant   
  12  pNy1         0.00000e+00   constant   
  13  w_y          0.00000e+00   constant   
  14  ANy2         1.36645e-05   6.92568e-04   5.66592e-06   5.68598e-01
  15  pNy2         4.41741e+00   constant   
  16  w_vw         1.43026e+01   constant   
  17  LM          -4.33674e-04   constant   
  18  wCBO_expCoeff   1.99820e+02   2.61350e+00   1.70706e-03   4.68412e-03
  19  wCBO_expOffset   2.00015e+02   3.92148e-01   2.56136e-04   3.12182e-02
  20  wCBO_expT    2.99820e+01   6.14182e-02   5.11115e-05   1.04576e-01
  21  wCBO_linCoeff   0.00000e+00   constant   
  22  wCBO_const   3.31190e-03   1.80849e-03   7.68661e-06   8.27301e-01
 EXTERNAL ERROR MATRIX.    NDIM=  25    NPAR=  5    ERR DEF=1
  4.797e-07  1.819e-06  2.736e-07  7.705e-09 -3.514e-09 
  1.819e-06  6.830e+00 -7.592e-01 -5.693e-02  8.194e-04 
  2.736e-07 -7.592e-01  1.538e-01 -8.543e-03  1.229e-04 
  7.705e-09 -5.693e-02 -8.543e-03  3.772e-03 -6.614e-05 
 -3.514e-09  8.194e-04  1.229e-04 -6.614e-05  3.271e-06 
ERR MATRIX NOT POS-DEF
 PARAMETER  CORRELATION COEFFICIENTS  
       NO.  GLOBAL     14     18     19     20     22
       14  0.02307   1.000  0.001  0.001  0.000 -0.003
       18  0.99681   0.001  1.000 -0.741 -0.355  0.173
       19  0.99681   0.001 -0.741  1.000 -0.355  0.173
       20  0.99482   0.000 -0.355 -0.355  1.000 -0.595
       22  0.85453  -0.003  0.173  0.173 -0.595  1.000
 ERR MATRIX NOT POS-DEF
MINUIT - FIT ALTOGETHER
 **********
 **   92 **RES 
 **********
                   PARAMETER    8  phi_CBO RESTORED TO VARIABLE.
                   PARAMETER    7  w_CBO RESTORED TO VARIABLE.
                   PARAMETER    6  A_CBO RESTORED TO VARIABLE.
                   PARAMETER    4  phi RESTORED TO VARIABLE.
                   PARAMETER    3  A0 RESTORED TO VARIABLE.
