 + ++++++++++++++++++++++++++++++++++++++++++++++++++++++++++++++++++++ +
 +                                                                      +
 +           You have chose to blind your fitting according to          +
 +                omega_ref * (1 + (R +/- deltaR) *10^{-6})             +
 +                                                                      +
 + ++++++++++++++++++++++++++++++++++++++++++++++++++++++++++++++++++++ +
In main()...
reading format from /gm2data/zkhechad/run45/envelope/formats/formatB_sBin_constraintOn.txt
pBinTau 	= 0  
pBinPhi 	= 0  
constraintau 	= 1 
includeMopTerm 	= 0    
constrainMop    = 0   
Parameters after format file: pBinTau 0 pBinPhi 0 constraintau 1 includeMopTerm 0 constrainMop 0 c_e_scale 0.000000 
reading cbo reference file (full fit) from /gm2data/zkhechad/cboTemplates/Run4CBOTemplates/fullFits/run4/sBin_constraintOn_cE0.0_seed0_run4_calo22.root
A_CBO 0.009526 w_CBO 2.326135 phi_CBO 3.153773 N0 2910883.778789 R -61.156963 tau 64.406920 
Reading cboRef file /gm2data/zkhechad/cboTemplates/Run4CBOTemplates//cboIsolate/run4_calo22.root
deltaT 164.120000
windowBins = 1100
fitting sliding window 2000 from bin 2203 at 328.687600 to bin 3303 at 492.807600 (1100 bins)

Reading data from /gm2data/cornell/histograms/aMethod/histogram_a_run4.root
fitting cbo isolate
 **********
 **    1 **SET PRINTOUT            1
 **********
 **********
 **    2 **SET NOWARNINGS 
 **********
 PARAMETER DEFINITIONS:
    NO.   NAME         VALUE      STEP SIZE      LIMITS
     1 A_CBO        9.52554e-03  1.00000e-05     no limits
     2 w_CBO        2.32614e+00  1.00000e-02    2.00000e+00  3.00000e+00
     3 phi_CBO      3.15377e+00  1.00000e-02    0.00000e+00  6.28319e+00
 **********
 **    3 **MIGRAD
 **********
 FIRST CALL TO USER FUNCTION AT NEW START POINT, WITH IFLAG=4.
 START MIGRAD MINIMIZATION.  STRATEGY  1.  CONVERGENCE WHEN EDM .LT. 1.00e-04
 FCN=0.143787 FROM MIGRAD    STATUS=INITIATE       12 CALLS          13 TOTAL
                     EDM= unknown      STRATEGY= 1      NO ERROR MATRIX       
  EXT PARAMETER               CURRENT GUESS       STEP         FIRST   
  NO.   NAME      VALUE            ERROR          SIZE      DERIVATIVE 
   1  A_CBO        9.52554e-03   1.00000e-05   1.00000e-05   7.48021e+00
   2  w_CBO        2.32614e+00   1.00000e-02   2.13335e-02  -3.23412e-02
   3  phi_CBO      3.15377e+00   1.00000e-02   3.18313e-03   1.04162e-03
 MIGRAD MINIMIZATION HAS CONVERGED.
 MIGRAD WILL VERIFY CONVERGENCE AND ERROR MATRIX.
 COVARIANCE MATRIX CALCULATED SUCCESSFULLY
 FCN=0.118306 FROM MIGRAD    STATUS=CONVERGED      41 CALLS          42 TOTAL
                     EDM=2.1519e-05    STRATEGY= 1      ERROR MATRIX ACCURATE 
  EXT PARAMETER                                   STEP         FIRST   
  NO.   NAME      VALUE            ERROR          SIZE      DERIVATIVE 
   1  A_CBO        2.71282e-03   4.30117e-02   2.20377e-05  -6.98522e-05
   2  w_CBO        2.32615e+00   3.08365e-01   4.12486e-05   1.70479e-02
   3  phi_CBO      3.14230e+00   4.36505e+00   2.57885e-03  -1.28019e-04
 EXTERNAL ERROR MATRIX.    NDIM=  25    NPAR=  3    ERR DEF=1
  1.850e-03 -1.796e-03 -7.470e-01 
 -1.796e-03  1.133e-01  4.715e+01 
 -7.470e-01  4.715e+01  1.988e+04 
 PARAMETER  CORRELATION COEFFICIENTS  
       NO.  GLOBAL      1      2      3
        1  0.12410   1.000 -0.124 -0.123
        2  0.99379  -0.124  1.000  0.994
        3  0.99379  -0.123  0.994  1.000
setting A_CBO=0.002713 w_CBO=2.326149, phi_CBO=3.142304
done fitting cbo isolate
 **********
 **    1 **SET PRINTOUT            1
 **********
 **********
 **    2 **SET NOWARNINGS 
 **********
 PARAMETER DEFINITIONS:
    NO.   NAME         VALUE      STEP SIZE      LIMITS
     1 N0           2.91088e+06  1.00000e+02     no limits
     2 tau          6.44069e+01  constant
     3 A0           3.51795e-01  1.00000e-04     no limits
     4 phi          4.11585e+00  1.00000e-02     no limits
     5 R           -6.11570e+01  constant
     6 A_CBO        2.71282e-03  1.00000e-05     no limits
     7 w_CBO        2.32615e+00  1.00000e-03     no limits
     8 phi_CBO      3.14230e+00  1.00000e-04     no limits
     9 ANx2         8.59960e-04  constant
    10 pNx2         1.29548e+00  constant
    11 ANy1         0.00000e+00  constant
    12 pNy1         0.00000e+00  constant
    13 w_y          0.00000e+00  constant
    14 ANy2         8.55552e-03  1.00000e-04     no limits
    15 pNy2         3.07836e+00  constant
    16 w_vw         1.43006e+01  constant
    17 LM           1.55944e-04  constant
    18 wCBO_expCoeff   2.00000e+02  1.00000e+00     no limits
    19 wCBO_expOffset   2.00000e+02  1.00000e+00     no limits
    20 wCBO_expT    3.00000e+01  1.00000e+00     no limits
    21 wCBO_linCoeff   0.00000e+00  constant
    22 wCBO_const   0.00000e+00  1.00000e-02     no limits
MINUIT - FIT ONLY WIGGLE
 **********
 **    3 **FIX            5
 **********
 PARAMETER    5  IS CONSTANT.   IGNORED.
 **********
 **    4 **FIX            6
 **********
 **********
 **    5 **FIX            7
 **********
 **********
 **    6 **FIX            8
 **********
 **********
 **    7 **FIX            9
 **********
 PARAMETER    9  IS CONSTANT.   IGNORED.
 **********
 **    8 **FIX           10
 **********
 PARAMETER   10  IS CONSTANT.   IGNORED.
 **********
 **    9 **FIX           11
 **********
 PARAMETER   11  IS CONSTANT.   IGNORED.
 **********
 **   10 **FIX           12
 **********
 PARAMETER   12  IS CONSTANT.   IGNORED.
 **********
 **   11 **FIX           13
 **********
 PARAMETER   13  IS CONSTANT.   IGNORED.
 **********
 **   12 **FIX           14
 **********
 **********
 **   13 **FIX           15
 **********
 PARAMETER   15  IS CONSTANT.   IGNORED.
 **********
 **   14 **FIX           16
 **********
 PARAMETER   16  IS CONSTANT.   IGNORED.
 **********
 **   15 **MIGRAD
 **********
 FIRST CALL TO USER FUNCTION AT NEW START POINT, WITH IFLAG=4.
 START MIGRAD MINIMIZATION.  STRATEGY  1.  CONVERGENCE WHEN EDM .LT. 1.00e-04
 FCN=520.496 FROM MIGRAD    STATUS=INITIATE       32 CALLS          33 TOTAL
                     EDM= unknown      STRATEGY= 1      NO ERROR MATRIX       
  EXT PARAMETER               CURRENT GUESS       STEP         FIRST   
  NO.   NAME      VALUE            ERROR          SIZE      DERIVATIVE 
   1  N0           2.91088e+06   1.00000e+02   1.00000e+02  -2.20563e-04
   2  tau          6.44069e+01   constant   
   3  A0           3.51795e-01   1.00000e-04   1.00000e-04  -1.23027e+03
   4  phi          4.11585e+00   1.00000e-02   1.00000e-02   3.26165e+02
   5  R           -6.11570e+01   constant   
   6  A_CBO        2.71282e-03     fixed    
   7  w_CBO        2.32615e+00     fixed    
   8  phi_CBO      3.14230e+00     fixed    
   9  ANx2         8.59960e-04   constant   
  10  pNx2         1.29548e+00   constant   
  11  ANy1         0.00000e+00   constant   
  12  pNy1         0.00000e+00   constant   
  13  w_y          0.00000e+00   constant   
  14  ANy2         8.55552e-03     fixed    
  15  pNy2         3.07836e+00   constant   
  16  w_vw         1.43006e+01   constant   
  17  LM           1.55944e-04   constant   
  18  wCBO_expCoeff   2.00000e+02   1.00000e+00   1.00000e+00  -4.15921e+01
  19  wCBO_expOffset   2.00000e+02   1.00000e+00   1.00000e+00  -2.77281e+02
  20  wCBO_expT    3.00000e+01   1.00000e+00   1.00000e+00  -1.19324e+03
  21  wCBO_linCoeff   0.00000e+00   constant   
  22  wCBO_const   0.00000e+00   1.00000e-02   1.00000e-02  -2.73132e+03
 MIGRAD MINIMIZATION HAS CONVERGED.
 MIGRAD WILL VERIFY CONVERGENCE AND ERROR MATRIX.
 FCN=511.296 FROM MIGRAD    STATUS=CONVERGED     351 CALLS         352 TOTAL
                     EDM=6.50583e-06    STRATEGY= 1      ERR MATRIX NOT POS-DEF
  EXT PARAMETER                APPROXIMATE        STEP         FIRST   
  NO.   NAME      VALUE            ERROR          SIZE      DERIVATIVE 
   1  N0           2.91050e+06   1.28574e+03   1.37853e+01  -1.92388e-06
   2  tau          6.44069e+01   constant   
   3  A0           3.52314e-01   5.93727e-04   6.52961e-06   1.98104e+00
   4  phi          4.11520e+00   1.73843e-03   1.90934e-05   3.15681e-01
   5  R           -6.11570e+01   constant   
   6  A_CBO        2.71282e-03     fixed    
   7  w_CBO        2.32615e+00     fixed    
   8  phi_CBO      3.14230e+00     fixed    
   9  ANx2         8.59960e-04   constant   
  10  pNx2         1.29548e+00   constant   
  11  ANy1         0.00000e+00   constant   
  12  pNy1         0.00000e+00   constant   
  13  w_y          0.00000e+00   constant   
  14  ANy2         8.55552e-03     fixed    
  15  pNy2         3.07836e+00   constant   
  16  w_vw         1.43006e+01   constant   
  17  LM           1.55944e-04   constant   
  18  wCBO_expCoeff   1.98711e+02   5.67901e-01   4.89535e-04   2.89412e-02
  19  wCBO_expOffset   1.99803e+02   8.64241e-02   9.52734e-05   1.91111e-01
  20  wCBO_expT    3.01046e+01   1.82043e-02   1.59530e-05   8.32138e-01
  21  wCBO_linCoeff   0.00000e+00   constant   
  22  wCBO_const  -2.09991e-03   7.62459e-04   3.54169e-06   8.20448e-01
 EXTERNAL ERROR MATRIX.    NDIM=  25    NPAR=  7    ERR DEF=1
  1.653e+06 -6.334e-03  2.256e-03  2.207e+01  3.483e+00 -1.982e+00  1.260e-01 
 -6.334e-03  3.525e-07  4.503e-09 -5.344e-06 -8.451e-07  5.761e-07 -4.512e-08 
  2.256e-03  4.503e-09  3.022e-06 -1.311e-05 -2.075e-06  1.204e-06 -1.338e-07 
  2.207e+01 -5.344e-06 -1.311e-05  3.225e-01 -2.987e-02 -4.477e-03  1.091e-04 
  3.483e+00 -8.451e-07 -2.075e-06 -2.987e-02  7.469e-03 -6.941e-04  1.690e-05 
 -1.982e+00  5.761e-07  1.204e-06 -4.477e-03 -6.941e-04  3.314e-04 -9.377e-06 
  1.260e-01 -4.512e-08 -1.338e-07  1.091e-04  1.690e-05 -9.377e-06  5.813e-07 
ERR MATRIX NOT POS-DEF
 PARAMETER  CORRELATION COEFFICIENTS  
       NO.  GLOBAL      1      3      4     18     19     20     22
        1  0.13103   1.000 -0.008  0.001  0.030  0.031 -0.085  0.128
        3  0.11778  -0.008  1.000  0.004 -0.016 -0.016  0.053 -0.100
        4  0.12834   0.001  0.004  1.000 -0.013 -0.014  0.038 -0.101
       18  0.99697   0.030 -0.016 -0.013  1.000 -0.609 -0.433  0.252
       19  0.99699   0.031 -0.016 -0.014 -0.609  1.000 -0.441  0.256
       20  0.99686  -0.085  0.053  0.038 -0.433 -0.441  1.000 -0.676
       22  0.90772   0.128 -0.100 -0.101  0.252  0.256 -0.676  1.000
 ERR MATRIX NOT POS-DEF
MINUIT - FIT ONLY 1-CBO + other amplitudes 
 **********
 **   16 **RES 
 **********
                   PARAMETER   14  ANy2 RESTORED TO VARIABLE.
                   PARAMETER    8  phi_CBO RESTORED TO VARIABLE.
                   PARAMETER    7  w_CBO RESTORED TO VARIABLE.
                   PARAMETER    6  A_CBO RESTORED TO VARIABLE.
 **********
 **   17 **FIX            0
 **********
 PARAMETER    0  IS UNDEFINED. IGNORED.
 **********
 **   18 **FIX            1
 **********
 **********
 **   19 **FIX            2
 **********
 PARAMETER    2  IS CONSTANT.   IGNORED.
 **********
 **   20 **FIX            3
 **********
 **********
 **   21 **FIX            4
 **********
 **********
 **   22 **FIX            9
 **********
 PARAMETER    9  IS CONSTANT.   IGNORED.
 **********
 **   23 **FIX           11
 **********
 PARAMETER   11  IS CONSTANT.   IGNORED.
 **********
 **   24 **FIX           12
 **********
 PARAMETER   12  IS CONSTANT.   IGNORED.
 **********
 **   25 **FIX           14
 **********
 **********
 **   26 **FIX           15
 **********
 PARAMETER   15  IS CONSTANT.   IGNORED.
 **********
 **   27 **FIX           16
 **********
 PARAMETER   16  IS CONSTANT.   IGNORED.
 **********
 **   28 **MIGRAD
 **********
 START MIGRAD MINIMIZATION.  STRATEGY  1.  CONVERGENCE WHEN EDM .LT. 1.00e-04
 FCN=511.296 FROM MIGRAD    STATUS=INITIATE       20 CALLS         372 TOTAL
                     EDM= unknown      STRATEGY= 1      NO ERROR MATRIX       
  EXT PARAMETER               CURRENT GUESS       STEP         FIRST   
  NO.   NAME      VALUE            ERROR          SIZE      DERIVATIVE 
   1  N0           2.91050e+06     fixed    
   2  tau          6.44069e+01   constant   
   3  A0           3.52314e-01     fixed    
   4  phi          4.11520e+00     fixed    
   5  R           -6.11570e+01   constant   
   6  A_CBO        2.71282e-03   1.00000e-05   1.00000e-05   1.14392e+04
   7  w_CBO        2.32615e+00   1.00000e-03   1.00000e-03   2.83016e+00
   8  phi_CBO      3.14230e+00   1.00000e-04   1.00000e-04  -2.31757e+00
   9  ANx2         8.59960e-04   constant   
  10  pNx2         1.29548e+00   constant   
  11  ANy1         0.00000e+00   constant   
  12  pNy1         0.00000e+00   constant   
  13  w_y          0.00000e+00   constant   
  14  ANy2         8.55552e-03     fixed    
  15  pNy2         3.07836e+00   constant   
  16  w_vw         1.43006e+01   constant   
  17  LM           1.55944e-04   constant   
  18  wCBO_expCoeff   1.98711e+02   5.67901e-01   4.89535e-04   2.89717e-02
  19  wCBO_expOffset   1.99803e+02   8.64241e-02   9.52734e-05   1.91377e-01
  20  wCBO_expT    3.01046e+01   1.82043e-02   1.59530e-05   8.32903e-01
  21  wCBO_linCoeff   0.00000e+00   constant   
  22  wCBO_const  -2.09991e-03   7.62459e-04   3.54169e-06   8.36496e-01
 MIGRAD MINIMIZATION HAS CONVERGED.
 MIGRAD WILL VERIFY CONVERGENCE AND ERROR MATRIX.
 COVARIANCE MATRIX CALCULATED SUCCESSFULLY
 FCN=497.799 FROM MIGRAD    STATUS=CONVERGED     272 CALLS         624 TOTAL
                     EDM=6.5763e-06    STRATEGY= 1      ERROR MATRIX ACCURATE 
  EXT PARAMETER                                   STEP         FIRST   
  NO.   NAME      VALUE            ERROR          SIZE      DERIVATIVE 
   1  N0           2.91050e+06     fixed    
   2  tau          6.44069e+01   constant   
   3  A0           3.52314e-01     fixed    
   4  phi          4.11520e+00     fixed    
   5  R           -6.11570e+01   constant   
   6  A_CBO        5.00235e-04   6.14728e-04   6.67512e-06  -2.20297e+00
   7  w_CBO        2.32511e+00   1.18397e-02   4.22685e-06  -2.17161e+00
   8  phi_CBO      3.84829e+00   1.50947e+00   1.36850e-02  -6.72588e-05
   9  ANx2         8.59960e-04   constant   
  10  pNx2         1.29548e+00   constant   
  11  ANy1         0.00000e+00   constant   
  12  pNy1         0.00000e+00   constant   
  13  w_y          0.00000e+00   constant   
  14  ANy2         8.55552e-03     fixed    
  15  pNy2         3.07836e+00   constant   
  16  w_vw         1.43006e+01   constant   
  17  LM           1.55944e-04   constant   
  18  wCBO_expCoeff   1.98514e+02   1.68940e+00   6.52294e-04  -5.98083e-03
  19  wCBO_expOffset   1.99773e+02   2.56474e-01   9.89865e-05  -3.94646e-02
  20  wCBO_expT    3.01249e+01   2.85346e-02   2.04560e-05  -3.63747e-01
  21  wCBO_linCoeff   0.00000e+00   constant   
  22  wCBO_const  -2.45561e-03   5.07971e-03   3.57185e-06  -3.87145e+00
 EXTERNAL ERROR MATRIX.    NDIM=  25    NPAR=  7    ERR DEF=1
  3.779e-07  7.104e-08  4.456e-05  1.886e-05  2.861e-06 -1.500e-06 -1.768e-09 
  7.104e-08  1.402e-04  4.272e-04 -5.459e-03 -8.326e-04 -3.512e-05 -5.938e-05 
  4.456e-05  4.272e-04  2.279e+00  1.369e-01  2.080e-02 -8.035e-03 -2.045e-04 
  1.886e-05 -5.459e-03  1.369e-01  2.854e+00 -3.163e-01 -1.029e-02  2.537e-03 
  2.861e-06 -8.326e-04  2.080e-02 -3.163e-01  6.578e-02 -1.561e-03  3.868e-04 
 -1.500e-06 -3.512e-05 -8.035e-03 -1.029e-02 -1.561e-03  8.142e-04 -2.188e-06 
 -1.768e-09 -5.938e-05 -2.045e-04  2.537e-03  3.868e-04 -2.188e-06  2.580e-05 
 PARAMETER  CORRELATION COEFFICIENTS  
       NO.  GLOBAL      6      7      8     18     19     20     22
        6  0.09398   1.000  0.010  0.048  0.018  0.018 -0.086 -0.001
        7  0.99946   0.010  1.000  0.024 -0.273 -0.274 -0.104 -0.987
        8  0.55228   0.048  0.024  1.000  0.054  0.054 -0.187 -0.027
       18  0.99937   0.018 -0.273  0.054  1.000 -0.730 -0.213  0.296
       19  0.99937   0.018 -0.274  0.054 -0.730  1.000 -0.213  0.297
       20  0.99784  -0.086 -0.104 -0.187 -0.213 -0.213  1.000 -0.015
       22  0.99792  -0.001 -0.987 -0.027  0.296  0.297 -0.015  1.000
MINUIT - FIT ONLY 1-CBO
 **********
 **   29 **RES 
 **********
                   PARAMETER   14  ANy2 RESTORED TO VARIABLE.
                   PARAMETER    4  phi RESTORED TO VARIABLE.
                   PARAMETER    3  A0 RESTORED TO VARIABLE.
                   PARAMETER    1  N0 RESTORED TO VARIABLE.
 **********
 **   30 **FIX            0
 **********
 PARAMETER    0  IS UNDEFINED. IGNORED.
 **********
 **   31 **FIX            1
 **********
 **********
 **   32 **FIX            2
 **********
 PARAMETER    2  IS CONSTANT.   IGNORED.
 **********
 **   33 **FIX            3
 **********
 **********
 **   34 **FIX            4
 **********
 **********
 **   35 **FIX            8
 **********
 **********
 **   36 **FIX            9
 **********
 PARAMETER    9  IS CONSTANT.   IGNORED.
 **********
 **   37 **FIX           11
 **********
 PARAMETER   11  IS CONSTANT.   IGNORED.
 **********
 **   38 **FIX           12
 **********
 PARAMETER   12  IS CONSTANT.   IGNORED.
 **********
 **   39 **FIX           13
 **********
 PARAMETER   13  IS CONSTANT.   IGNORED.
 **********
 **   40 **FIX           15
 **********
 PARAMETER   15  IS CONSTANT.   IGNORED.
 **********
 **   41 **FIX           16
 **********
 PARAMETER   16  IS CONSTANT.   IGNORED.
 **********
 **   42 **MIGRAD
 **********
 START MIGRAD MINIMIZATION.  STRATEGY  1.  CONVERGENCE WHEN EDM .LT. 1.00e-04
 FCN=497.799 FROM MIGRAD    STATUS=INITIATE       16 CALLS         640 TOTAL
                     EDM= unknown      STRATEGY= 1      NO ERROR MATRIX       
  EXT PARAMETER               CURRENT GUESS       STEP         FIRST   
  NO.   NAME      VALUE            ERROR          SIZE      DERIVATIVE 
   1  N0           2.91050e+06     fixed    
   2  tau          6.44069e+01   constant   
   3  A0           3.52314e-01     fixed    
   4  phi          4.11520e+00     fixed    
   5  R           -6.11570e+01   constant   
   6  A_CBO        5.00235e-04   6.14728e-04   6.67512e-06  -2.20297e+00
   7  w_CBO        2.32511e+00   1.18397e-02   4.22685e-06  -2.17854e+00
   8  phi_CBO      3.84829e+00     fixed    
   9  ANx2         8.59960e-04   constant   
  10  pNx2         1.29548e+00   constant   
  11  ANy1         0.00000e+00   constant   
  12  pNy1         0.00000e+00   constant   
  13  w_y          0.00000e+00   constant   
  14  ANy2         8.55552e-03   1.00000e-04   1.00000e-04   4.47373e+04
  15  pNy2         3.07836e+00   constant   
  16  w_vw         1.43006e+01   constant   
  17  LM           1.55944e-04   constant   
  18  wCBO_expCoeff   1.98514e+02   1.68940e+00   6.52294e-04  -6.02170e-03
  19  wCBO_expOffset   1.99773e+02   2.56474e-01   9.89865e-05  -3.96772e-02
  20  wCBO_expT    3.01249e+01   2.85346e-02   2.04560e-05  -3.65670e-01
  21  wCBO_linCoeff   0.00000e+00   constant   
  22  wCBO_const  -2.45561e-03   5.07971e-03   3.57185e-06  -3.87891e+00
 MIGRAD MINIMIZATION HAS CONVERGED.
 MIGRAD WILL VERIFY CONVERGENCE AND ERROR MATRIX.
 COVARIANCE MATRIX CALCULATED SUCCESSFULLY
 FCN=304.066 FROM MIGRAD    STATUS=CONVERGED     242 CALLS         866 TOTAL
                     EDM=2.89568e-07    STRATEGY= 1      ERROR MATRIX ACCURATE 
  EXT PARAMETER                                   STEP         FIRST   
  NO.   NAME      VALUE            ERROR          SIZE      DERIVATIVE 
   1  N0           2.91050e+06     fixed    
   2  tau          6.44069e+01   constant   
   3  A0           3.52314e-01     fixed    
   4  phi          4.11520e+00     fixed    
   5  R           -6.11570e+01   constant   
   6  A_CBO        2.15715e-04   6.22136e-04   5.18869e-06   4.01480e-01
   7  w_CBO        2.32396e+00   9.52764e-03   4.39652e-06  -8.07724e-01
   8  phi_CBO      3.84829e+00     fixed    
   9  ANx2         8.59960e-04   constant   
  10  pNx2         1.29548e+00   constant   
  11  ANy1         0.00000e+00   constant   
  12  pNy1         0.00000e+00   constant   
  13  w_y          0.00000e+00   constant   
  14  ANy2        -1.08840e-04   6.22409e-04   5.29298e-06  -8.15277e-01
  15  pNy2         3.07836e+00   constant   
  16  w_vw         1.43006e+01   constant   
  17  LM           1.55944e-04   constant   
  18  wCBO_expCoeff   1.98152e+02   1.18439e+00   7.00054e-04  -4.68324e-03
  19  wCBO_expOffset   1.99718e+02   1.80252e-01   1.06525e-04  -3.08828e-02
  20  wCBO_expT    3.01525e+01   2.76791e-02   2.18705e-05  -1.40532e-01
  21  wCBO_linCoeff   0.00000e+00   constant   
  22  wCBO_const  -2.22083e-03   4.08326e-03   3.51163e-06  -9.51434e-01
 EXTERNAL ERROR MATRIX.    NDIM=  25    NPAR=  7    ERR DEF=1
  3.871e-07  3.028e-08  4.251e-09  6.048e-06  9.211e-07 -1.933e-07  1.972e-09 
  3.028e-08  9.078e-05  3.226e-08 -3.246e-03 -4.946e-04 -4.232e-05 -3.820e-05 
  4.251e-09  3.226e-08  3.874e-07  8.704e-06  1.324e-06 -6.975e-07 -1.642e-08 
  6.048e-06 -3.246e-03  8.704e-06  1.403e+00 -1.284e-01 -9.402e-03  1.529e-03 
  9.211e-07 -4.946e-04  1.324e-06 -1.284e-01  3.249e-02 -1.431e-03  2.329e-04 
 -1.933e-07 -4.232e-05 -6.975e-07 -9.402e-03 -1.431e-03  7.661e-04  4.819e-06 
  1.972e-09 -3.820e-05 -1.642e-08  1.529e-03  2.329e-04  4.819e-06  1.667e-05 
 PARAMETER  CORRELATION COEFFICIENTS  
       NO.  GLOBAL      6      7     14     18     19     20     22
        6  0.20875   1.000  0.005  0.011  0.008  0.008 -0.011  0.001
        7  0.99854   0.005  1.000  0.005 -0.288 -0.288 -0.160 -0.982
       14  0.07552   0.011  0.005  1.000  0.012  0.012 -0.040 -0.006
       18  0.99760   0.008 -0.288  0.012  1.000 -0.601 -0.287  0.316
       19  0.99760   0.008 -0.288  0.012 -0.601  1.000 -0.287  0.316
       20  0.99570  -0.011 -0.160 -0.040 -0.287 -0.287  1.000  0.043
       22  0.99490   0.001 -0.982 -0.006  0.316  0.316  0.043  1.000
MINUIT - FIT ONLY 2-CBO
 **********
 **   43 **RES 
 **********
                   PARAMETER    8  phi_CBO RESTORED TO VARIABLE.
                   PARAMETER    4  phi RESTORED TO VARIABLE.
                   PARAMETER    3  A0 RESTORED TO VARIABLE.
                   PARAMETER    1  N0 RESTORED TO VARIABLE.
 **********
 **   44 **FIX            0
 **********
 PARAMETER    0  IS UNDEFINED. IGNORED.
 **********
 **   45 **FIX            1
 **********
 **********
 **   46 **FIX            2
 **********
 PARAMETER    2  IS CONSTANT.   IGNORED.
 **********
 **   47 **FIX            3
 **********
 **********
 **   48 **FIX            4
 **********
 **********
 **   49 **FIX            5
 **********
 PARAMETER    5  IS CONSTANT.   IGNORED.
 **********
 **   50 **FIX            6
 **********
 **********
 **   51 **FIX            7
 **********
 **********
 **   52 **FIX           10
 **********
 PARAMETER   10  IS CONSTANT.   IGNORED.
 **********
 **   53 **FIX           11
 **********
 PARAMETER   11  IS CONSTANT.   IGNORED.
 **********
 **   54 **FIX           12
 **********
 PARAMETER   12  IS CONSTANT.   IGNORED.
 **********
 **   55 **FIX           13
 **********
 PARAMETER   13  IS CONSTANT.   IGNORED.
 **********
 **   56 **FIX           14
 **********
 **********
 **   57 **FIX           15
 **********
 PARAMETER   15  IS CONSTANT.   IGNORED.
 **********
 **   58 **FIX           16
 **********
 PARAMETER   16  IS CONSTANT.   IGNORED.
 **********
 **   59 **MIGRAD
 **********
 START MIGRAD MINIMIZATION.  STRATEGY  1.  CONVERGENCE WHEN EDM .LT. 1.00e-04
 FCN=304.066 FROM MIGRAD    STATUS=INITIATE       12 CALLS         878 TOTAL
                     EDM= unknown      STRATEGY= 1      NO ERROR MATRIX       
  EXT PARAMETER               CURRENT GUESS       STEP         FIRST   
  NO.   NAME      VALUE            ERROR          SIZE      DERIVATIVE 
   1  N0           2.91050e+06     fixed    
   2  tau          6.44069e+01   constant   
   3  A0           3.52314e-01     fixed    
   4  phi          4.11520e+00     fixed    
   5  R           -6.11570e+01   constant   
   6  A_CBO        2.15715e-04     fixed    
   7  w_CBO        2.32396e+00     fixed    
   8  phi_CBO      3.84829e+00   1.50947e+00   1.50947e+00   3.59198e-01
   9  ANx2         8.59960e-04   constant   
  10  pNx2         1.29548e+00   constant   
  11  ANy1         0.00000e+00   constant   
  12  pNy1         0.00000e+00   constant   
  13  w_y          0.00000e+00   constant   
  14  ANy2        -1.08840e-04     fixed    
  15  pNy2         3.07836e+00   constant   
  16  w_vw         1.43006e+01   constant   
  17  LM           1.55944e-04   constant   
  18  wCBO_expCoeff   1.98152e+02   1.18439e+00   7.00054e-04  -4.78070e-03
  19  wCBO_expOffset   1.99718e+02   1.80252e-01   1.06525e-04  -3.14146e-02
  20  wCBO_expT    3.01525e+01   2.76791e-02   2.18705e-05  -1.43220e-01
  21  wCBO_linCoeff   0.00000e+00   constant   
  22  wCBO_const  -2.22083e-03   4.08326e-03   3.51163e-06  -9.62278e-01
 MIGRAD MINIMIZATION HAS CONVERGED.
 MIGRAD WILL VERIFY CONVERGENCE AND ERROR MATRIX.
 COVARIANCE MATRIX CALCULATED SUCCESSFULLY
 FCN=303.854 FROM MIGRAD    STATUS=CONVERGED      93 CALLS         959 TOTAL
                     EDM=8.67619e-05    STRATEGY= 1      ERROR MATRIX ACCURATE 
  EXT PARAMETER                                   STEP         FIRST   
  NO.   NAME      VALUE            ERROR          SIZE      DERIVATIVE 
   1  N0           2.91050e+06     fixed    
   2  tau          6.44069e+01   constant   
   3  A0           3.52314e-01     fixed    
   4  phi          4.11520e+00     fixed    
   5  R           -6.11570e+01   constant   
   6  A_CBO        2.15715e-04     fixed    
   7  w_CBO        2.32396e+00     fixed    
   8  phi_CBO      2.78263e+00   2.18025e+00   1.80680e-02  -7.47987e-05
   9  ANx2         8.59960e-04   constant   
  10  pNx2         1.29548e+00   constant   
  11  ANy1         0.00000e+00   constant   
  12  pNy1         0.00000e+00   constant   
  13  w_y          0.00000e+00   constant   
  14  ANy2        -1.08840e-04     fixed    
  15  pNy2         3.07836e+00   constant   
  16  w_vw         1.43006e+01   constant   
  17  LM           1.55944e-04   constant   
  18  wCBO_expCoeff   1.98148e+02   1.43814e+00   6.81789e-04  -5.58395e-03
  19  wCBO_expOffset   1.99717e+02   2.18850e-01   1.03749e-04  -3.67598e-02
  20  wCBO_expT    3.01524e+01   2.99193e-02   2.13239e-05  -6.28218e-01
  21  wCBO_linCoeff   0.00000e+00   constant   
  22  wCBO_const  -2.21379e-03   7.93509e-04   3.47484e-06  -1.43359e+00
 EXTERNAL ERROR MATRIX.    NDIM=  25    NPAR=  5    ERR DEF=1
  4.753e+00  3.582e-02  5.458e-03 -1.018e-03  2.680e-05 
  3.582e-02  2.068e+00 -2.551e-01 -1.312e-02  1.977e-04 
  5.458e-03 -2.551e-01  4.790e-02 -1.997e-03  3.008e-05 
 -1.018e-03 -1.312e-02 -1.997e-03  8.952e-04 -1.530e-05 
  2.680e-05  1.977e-04  3.008e-05 -1.530e-05  6.297e-07 
 PARAMETER  CORRELATION COEFFICIENTS  
       NO.  GLOBAL      8     18     19     20     22
        8  0.24105   1.000  0.011  0.011 -0.016  0.015
       18  0.99845   0.011  1.000 -0.810 -0.305  0.173
       19  0.99845   0.011 -0.810  1.000 -0.305  0.173
       20  0.99650  -0.016 -0.305 -0.305  1.000 -0.645
       22  0.85782   0.015  0.173  0.173 -0.645  1.000
MINUIT - FIT ONLY 1-y
 **********
 **   60 **RES 
 **********
                   PARAMETER   14  ANy2 RESTORED TO VARIABLE.
                   PARAMETER    7  w_CBO RESTORED TO VARIABLE.
                   PARAMETER    6  A_CBO RESTORED TO VARIABLE.
                   PARAMETER    4  phi RESTORED TO VARIABLE.
                   PARAMETER    3  A0 RESTORED TO VARIABLE.
                   PARAMETER    1  N0 RESTORED TO VARIABLE.
 **********
 **   61 **FIX            0
 **********
 PARAMETER    0  IS UNDEFINED. IGNORED.
 **********
 **   62 **FIX            1
 **********
 **********
 **   63 **FIX            2
 **********
 PARAMETER    2  IS CONSTANT.   IGNORED.
 **********
 **   64 **FIX            3
 **********
 **********
 **   65 **FIX            4
 **********
 **********
 **   66 **FIX            5
 **********
 PARAMETER    5  IS CONSTANT.   IGNORED.
 **********
 **   67 **FIX            6
 **********
 **********
 **   68 **FIX            7
 **********
 **********
 **   69 **FIX            8
 **********
 **********
 **   70 **FIX            9
 **********
 PARAMETER    9  IS CONSTANT.   IGNORED.
 **********
 **   71 **FIX           13
 **********
 PARAMETER   13  IS CONSTANT.   IGNORED.
 **********
 **   72 **FIX           14
 **********
 **********
 **   73 **FIX           15
 **********
 PARAMETER   15  IS CONSTANT.   IGNORED.
 **********
 **   74 **FIX           16
 **********
 PARAMETER   16  IS CONSTANT.   IGNORED.
 **********
 **   75 **MIGRAD
 **********
 START MIGRAD MINIMIZATION.  STRATEGY  1.  CONVERGENCE WHEN EDM .LT. 1.00e-04
 FCN=303.854 FROM MIGRAD    STATUS=INITIATE        8 CALLS         967 TOTAL
                     EDM= unknown      STRATEGY= 1      NO ERROR MATRIX       
  EXT PARAMETER               CURRENT GUESS       STEP         FIRST   
  NO.   NAME      VALUE            ERROR          SIZE      DERIVATIVE 
   1  N0           2.91050e+06     fixed    
   2  tau          6.44069e+01   constant   
   3  A0           3.52314e-01     fixed    
   4  phi          4.11520e+00     fixed    
   5  R           -6.11570e+01   constant   
   6  A_CBO        2.15715e-04     fixed    
   7  w_CBO        2.32396e+00     fixed    
   8  phi_CBO      2.78263e+00     fixed    
   9  ANx2         8.59960e-04   constant   
  10  pNx2         1.29548e+00   constant   
  11  ANy1         0.00000e+00   constant   
  12  pNy1         0.00000e+00   constant   
  13  w_y          0.00000e+00   constant   
  14  ANy2        -1.08840e-04     fixed    
  15  pNy2         3.07836e+00   constant   
  16  w_vw         1.43006e+01   constant   
  17  LM           1.55944e-04   constant   
  18  wCBO_expCoeff   1.98148e+02   1.43814e+00   6.81789e-04  -5.63978e-03
  19  wCBO_expOffset   1.99717e+02   2.18850e-01   1.03749e-04  -3.70596e-02
  20  wCBO_expT    3.01524e+01   2.99193e-02   2.13239e-05  -6.29793e-01
  21  wCBO_linCoeff   0.00000e+00   constant   
  22  wCBO_const  -2.21379e-03   7.93509e-04   3.47484e-06  -1.44189e+00
 MIGRAD MINIMIZATION HAS CONVERGED.
 MIGRAD WILL VERIFY CONVERGENCE AND ERROR MATRIX.
 COVARIANCE MATRIX CALCULATED SUCCESSFULLY
 FCN=303.854 FROM MIGRAD    STATUS=CONVERGED      41 CALLS        1000 TOTAL
                     EDM=8.61319e-05    STRATEGY= 1      ERROR MATRIX ACCURATE 
  EXT PARAMETER                                   STEP         FIRST   
  NO.   NAME      VALUE            ERROR          SIZE      DERIVATIVE 
   1  N0           2.91050e+06     fixed    
   2  tau          6.44069e+01   constant   
   3  A0           3.52314e-01     fixed    
   4  phi          4.11520e+00     fixed    
   5  R           -6.11570e+01   constant   
   6  A_CBO        2.15715e-04     fixed    
   7  w_CBO        2.32396e+00     fixed    
   8  phi_CBO      2.78263e+00     fixed    
   9  ANx2         8.59960e-04   constant   
  10  pNx2         1.29548e+00   constant   
  11  ANy1         0.00000e+00   constant   
  12  pNy1         0.00000e+00   constant   
  13  w_y          0.00000e+00   constant   
  14  ANy2        -1.08840e-04     fixed    
  15  pNy2         3.07836e+00   constant   
  16  w_vw         1.43006e+01   constant   
  17  LM           1.55944e-04   constant   
  18  wCBO_expCoeff   1.98148e+02   1.43460e+00   6.81693e-04   7.86884e-03
  19  wCBO_expOffset   1.99717e+02   2.18308e-01   1.03734e-04   5.16452e-02
  20  wCBO_expT    3.01524e+01   2.98921e-02   2.13213e-05  -1.93859e-01
  21  wCBO_linCoeff   0.00000e+00   constant   
  22  wCBO_const  -2.21374e-03   7.93179e-04   3.47693e-06   8.28399e-01
 EXTERNAL ERROR MATRIX.    NDIM=  25    NPAR=  4    ERR DEF=1
  2.058e+00 -2.537e-01 -1.310e-02  1.971e-04 
 -2.537e-01  4.766e-02 -1.993e-03  2.999e-05 
 -1.310e-02 -1.993e-03  8.935e-04 -1.527e-05 
  1.971e-04  2.999e-05 -1.527e-05  6.291e-07 
 PARAMETER  CORRELATION COEFFICIENTS  
       NO.  GLOBAL     18     19     20     22
       18  0.99845   1.000 -0.810 -0.305  0.173
       19  0.99845  -0.810  1.000 -0.305  0.173
       20  0.99649  -0.305 -0.305  1.000 -0.644
       22  0.85768   0.173  0.173 -0.644  1.000
MINUIT - FIT ONLY 2-y
 **********
 **   76 **RES 
 **********
                   PARAMETER   14  ANy2 RESTORED TO VARIABLE.
                   PARAMETER    8  phi_CBO RESTORED TO VARIABLE.
                   PARAMETER    7  w_CBO RESTORED TO VARIABLE.
                   PARAMETER    6  A_CBO RESTORED TO VARIABLE.
                   PARAMETER    4  phi RESTORED TO VARIABLE.
                   PARAMETER    3  A0 RESTORED TO VARIABLE.
                   PARAMETER    1  N0 RESTORED TO VARIABLE.
 **********
 **   77 **FIX            0
 **********
 PARAMETER    0  IS UNDEFINED. IGNORED.
 **********
 **   78 **FIX            1
 **********
 **********
 **   79 **FIX            2
 **********
 PARAMETER    2  IS CONSTANT.   IGNORED.
 **********
 **   80 **FIX            3
 **********
 **********
 **   81 **FIX            4
 **********
 **********
 **   82 **FIX            5
 **********
 PARAMETER    5  IS CONSTANT.   IGNORED.
 **********
 **   83 **FIX            6
 **********
 **********
 **   84 **FIX            7
 **********
 **********
 **   85 **FIX            8
 **********
 **********
 **   86 **FIX            9
 **********
 PARAMETER    9  IS CONSTANT.   IGNORED.
 **********
 **   87 **FIX           10
 **********
 PARAMETER   10  IS CONSTANT.   IGNORED.
 **********
 **   88 **FIX           11
 **********
 PARAMETER   11  IS CONSTANT.   IGNORED.
 **********
 **   89 **FIX           12
 **********
 PARAMETER   12  IS CONSTANT.   IGNORED.
 **********
 **   90 **FIX           16
 **********
 PARAMETER   16  IS CONSTANT.   IGNORED.
 **********
 **   91 **MIGRAD
 **********
 START MIGRAD MINIMIZATION.  STRATEGY  1.  CONVERGENCE WHEN EDM .LT. 1.00e-04
 FCN=303.854 FROM MIGRAD    STATUS=INITIATE       10 CALLS        1010 TOTAL
                     EDM= unknown      STRATEGY= 1      NO ERROR MATRIX       
  EXT PARAMETER               CURRENT GUESS       STEP         FIRST   
  NO.   NAME      VALUE            ERROR          SIZE      DERIVATIVE 
   1  N0           2.91050e+06     fixed    
   2  tau          6.44069e+01   constant   
   3  A0           3.52314e-01     fixed    
   4  phi          4.11520e+00     fixed    
   5  R           -6.11570e+01   constant   
   6  A_CBO        2.15715e-04     fixed    
   7  w_CBO        2.32396e+00     fixed    
   8  phi_CBO      2.78263e+00     fixed    
   9  ANx2         8.59960e-04   constant   
  10  pNx2         1.29548e+00   constant   
  11  ANy1         0.00000e+00   constant   
  12  pNy1         0.00000e+00   constant   
  13  w_y          0.00000e+00   constant   
  14  ANy2        -1.08840e-04   6.22409e-04   6.22409e-04   1.32938e+01
  15  pNy2         3.07836e+00   constant   
  16  w_vw         1.43006e+01   constant   
  17  LM           1.55944e-04   constant   
  18  wCBO_expCoeff   1.98148e+02   1.43460e+00   6.81693e-04   7.81269e-03
  19  wCBO_expOffset   1.99717e+02   2.18308e-01   1.03734e-04   5.13437e-02
  20  wCBO_expT    3.01524e+01   2.98921e-02   2.13213e-05  -1.95442e-01
  21  wCBO_linCoeff   0.00000e+00   constant   
  22  wCBO_const  -2.21374e-03   7.93179e-04   3.47693e-06   8.20084e-01
 MIGRAD MINIMIZATION HAS CONVERGED.
 MIGRAD WILL VERIFY CONVERGENCE AND ERROR MATRIX.
 COVARIANCE MATRIX CALCULATED SUCCESSFULLY
 FCN=303.854 FROM MIGRAD    STATUS=CONVERGED      52 CALLS        1052 TOTAL
                     EDM=8.98085e-05    STRATEGY= 1      ERROR MATRIX ACCURATE 
  EXT PARAMETER                                   STEP         FIRST   
  NO.   NAME      VALUE            ERROR          SIZE      DERIVATIVE 
   1  N0           2.91050e+06     fixed    
   2  tau          6.44069e+01   constant   
   3  A0           3.52314e-01     fixed    
   4  phi          4.11520e+00     fixed    
   5  R           -6.11570e+01   constant   
   6  A_CBO        2.15715e-04     fixed    
   7  w_CBO        2.32396e+00     fixed    
   8  phi_CBO      2.78263e+00     fixed    
   9  ANx2         8.59960e-04   constant   
  10  pNx2         1.29548e+00   constant   
  11  ANy1         0.00000e+00   constant   
  12  pNy1         0.00000e+00   constant   
  13  w_y          0.00000e+00   constant   
  14  ANy2        -1.11400e-04   6.22162e-04   5.29119e-06  -9.67099e-02
  15  pNy2         3.07836e+00   constant   
  16  w_vw         1.43006e+01   constant   
  17  LM           1.55944e-04   constant   
  18  wCBO_expCoeff   1.98148e+02   1.43840e+00   6.81727e-04  -1.04442e-02
  19  wCBO_expOffset   1.99717e+02   2.18891e-01   1.03739e-04  -6.86989e-02
  20  wCBO_expT    3.01524e+01   2.99318e-02   2.13223e-05  -7.96301e-01
  21  wCBO_linCoeff   0.00000e+00   constant   
  22  wCBO_const  -2.21381e-03   7.93453e-04   3.47703e-06  -2.55268e+00
 EXTERNAL ERROR MATRIX.    NDIM=  25    NPAR=  5    ERR DEF=1
  3.871e-07  7.970e-06  1.213e-06 -5.810e-07 -1.460e-09 
  7.970e-06  2.069e+00 -2.552e-01 -1.313e-02  1.975e-04 
  1.213e-06 -2.552e-01  4.791e-02 -1.998e-03  3.005e-05 
 -5.810e-07 -1.313e-02 -1.998e-03  8.959e-04 -1.530e-05 
 -1.460e-09  1.975e-04  3.005e-05 -1.530e-05  6.296e-07 
 PARAMETER  CORRELATION COEFFICIENTS  
       NO.  GLOBAL     14     18     19     20     22
       14  0.07001   1.000  0.009  0.009 -0.031 -0.003
       18  0.99845   0.009  1.000 -0.811 -0.305  0.173
       19  0.99845   0.009 -0.811  1.000 -0.305  0.173
       20  0.99650  -0.031 -0.305 -0.305  1.000 -0.644
       22  0.85778  -0.003  0.173  0.173 -0.644  1.000
MINUIT - FIT ALTOGETHER
 **********
 **   92 **RES 
 **********
                   PARAMETER    8  phi_CBO RESTORED TO VARIABLE.
                   PARAMETER    7  w_CBO RESTORED TO VARIABLE.
                   PARAMETER    6  A_CBO RESTORED TO VARIABLE.
                   PARAMETER    4  phi RESTORED TO VARIABLE.
                   PARAMETER    3  A0 RESTORED TO VARIABLE.
                   PARAMETER    1  N0 RESTORED TO VARIABLE.
 **********
 **   93 **MIGRAD
 **********
 START MIGRAD MINIMIZATION.  STRATEGY  1.  CONVERGENCE WHEN EDM .LT. 1.00e-04
 FCN=303.854 FROM MIGRAD    STATUS=INITIATE       22 CALLS        1074 TOTAL
                     EDM= unknown      STRATEGY= 1      NO ERROR MATRIX       
  EXT PARAMETER               CURRENT GUESS       STEP         FIRST   
  NO.   NAME      VALUE            ERROR          SIZE      DERIVATIVE 
   1  N0           2.91050e+06   1.28574e+03   1.28574e+03  -2.32416e-04
   2  tau          6.44069e+01   constant   
   3  A0           3.52314e-01   5.93727e-04   5.93727e-04   2.40777e+02
   4  phi          4.11520e+00   1.73843e-03   1.73843e-03  -2.17964e+01
   5  R           -6.11570e+01   constant   
   6  A_CBO        2.15715e-04   6.22136e-04   6.22136e-04  -9.72185e+02
   7  w_CBO        2.32396e+00   9.52764e-03   9.52764e-03  -1.99357e+00
   8  phi_CBO      2.78263e+00   2.18025e+00   2.18025e+00  -1.35102e-06
   9  ANx2         8.59960e-04   constant   
  10  pNx2         1.29548e+00   constant   
  11  ANy1         0.00000e+00   constant   
  12  pNy1         0.00000e+00   constant   
  13  w_y          0.00000e+00   constant   
  14  ANy2        -1.11400e-04   6.22162e-04   5.29119e-06  -9.67099e-02
  15  pNy2         3.07836e+00   constant   
  16  w_vw         1.43006e+01   constant   
  17  LM           1.55944e-04   constant   
  18  wCBO_expCoeff   1.98148e+02   1.43840e+00   6.81727e-04  -1.05000e-02
  19  wCBO_expOffset   1.99717e+02   2.18891e-01   1.03739e-04  -6.89985e-02
  20  wCBO_expT    3.01524e+01   2.99318e-02   2.13223e-05  -7.97874e-01
  21  wCBO_linCoeff   0.00000e+00   constant   
  22  wCBO_const  -2.21381e-03   7.93453e-04   3.47703e-06  -2.56097e+00
 MIGRAD MINIMIZATION HAS CONVERGED.
 MIGRAD WILL VERIFY CONVERGENCE AND ERROR MATRIX.
 COVARIANCE MATRIX CALCULATED SUCCESSFULLY
 FCN=303.739 FROM MIGRAD    STATUS=CONVERGED     247 CALLS        1299 TOTAL
                     EDM=2.01592e-05    STRATEGY= 1      ERROR MATRIX ACCURATE 
  EXT PARAMETER                                   STEP         FIRST   
