 + ++++++++++++++++++++++++++++++++++++++++++++++++++++++++++++++++++++ +
 +                                                                      +
 +           You have chose to blind your fitting according to          +
 +                omega_ref * (1 + (R +/- deltaR) *10^{-6})             +
 +                                                                      +
 + ++++++++++++++++++++++++++++++++++++++++++++++++++++++++++++++++++++ +
In main()...
reading format from /gm2data/zkhechad/run45/envelope/formats/formatB_sBin_constraintOn.txt
pBinTau 	= 0  
pBinPhi 	= 0  
constraintau 	= 1 
includeMopTerm 	= 0    
constrainMop    = 0   
Parameters after format file: pBinTau 0 pBinPhi 0 constraintau 1 includeMopTerm 0 constrainMop 0 c_e_scale 0.000000 
reading cbo reference file (full fit) from /gm2data/zkhechad/cboTemplates/Run4CBOTemplates/fullFits/run4/sBin_constraintOn_cE0.0_seed0_run4_calo10.root
A_CBO 0.009734 w_CBO 2.326087 phi_CBO 0.029548 N0 2975169.599894 R -60.949257 tau 64.405372 
Reading cboRef file /gm2data/zkhechad/cboTemplates/Run4CBOTemplates//cboIsolate/run4_calo10.root
deltaT 9.055370
windowBins = 120
fitting sliding window 260 from bin 463 at 69.079600 to bin 583 at 86.983600 (120 bins)

Reading data from /gm2data/cornell/histograms/aMethod/histogram_a_run4.root
fitting cbo isolate
 **********
 **    1 **SET PRINTOUT            1
 **********
 **********
 **    2 **SET NOWARNINGS 
 **********
 PARAMETER DEFINITIONS:
    NO.   NAME         VALUE      STEP SIZE      LIMITS
     1 A_CBO        9.73400e-03  1.00000e-05     no limits
     2 w_CBO        2.32609e+00  1.00000e-02    2.00000e+00  3.00000e+00
     3 phi_CBO      2.95478e-02  1.00000e-02    0.00000e+00  6.28319e+00
 **********
 **    3 **MIGRAD
 **********
 FIRST CALL TO USER FUNCTION AT NEW START POINT, WITH IFLAG=4.
 START MIGRAD MINIMIZATION.  STRATEGY  1.  CONVERGENCE WHEN EDM .LT. 1.00e-04
 FCN=0.000664648 FROM MIGRAD    STATUS=INITIATE       10 CALLS          11 TOTAL
                     EDM= unknown      STRATEGY= 1      NO ERROR MATRIX       
  EXT PARAMETER               CURRENT GUESS       STEP         FIRST   
  NO.   NAME      VALUE            ERROR          SIZE      DERIVATIVE 
   1  A_CBO        9.73400e-03   1.00000e-05   1.00000e-05   3.82744e-01
   2  w_CBO        2.32609e+00   1.00000e-02   2.13343e-02  -1.45271e-03
   3  phi_CBO      2.95478e-02   1.00000e-02   2.36132e-02   1.92807e-05
 MIGRAD MINIMIZATION HAS CONVERGED.
 MIGRAD WILL VERIFY CONVERGENCE AND ERROR MATRIX.
 FCN=6.05396e-05 FROM MIGRAD    STATUS=CONVERGED      39 CALLS          40 TOTAL
                     EDM=3.06451e-06    STRATEGY= 1      ERR MATRIX NOT POS-DEF
  EXT PARAMETER                APPROXIMATE        STEP         FIRST   
  NO.   NAME      VALUE            ERROR          SIZE      DERIVATIVE 
   1  A_CBO        6.57545e-03   1.16070e-01   6.27411e-05  -6.44477e-05
   2  w_CBO        2.32616e+00   6.25790e-01   2.18731e-04   2.21549e-03
   3  phi_CBO      2.43820e-02   3.35339e+00   2.81733e-02  -2.34665e-05
 EXTERNAL ERROR MATRIX.    NDIM=  25    NPAR=  3    ERR DEF=1
  1.347e-02 -7.653e-02 -6.774e+00 
 -7.653e-02  1.425e+01  1.257e+03 
 -6.774e+00  1.257e+03  1.113e+05 
ERR MATRIX NOT POS-DEF
 PARAMETER  CORRELATION COEFFICIENTS  
       NO.  GLOBAL      1      2      3
        1  0.17491   1.000 -0.175 -0.175
        2  0.99821  -0.175  1.000  0.998
        3  0.99821  -0.175  0.998  1.000
 ERR MATRIX NOT POS-DEF
setting A_CBO=0.006575 w_CBO=2.326155, phi_CBO=0.024382
done fitting cbo isolate
 **********
 **    1 **SET PRINTOUT            1
 **********
 **********
 **    2 **SET NOWARNINGS 
 **********
 PARAMETER DEFINITIONS:
    NO.   NAME         VALUE      STEP SIZE      LIMITS
     1 N0           2.97517e+06  1.00000e+02     no limits
     2 tau          6.44054e+01  constant
     3 A0           3.48516e-01  1.00000e-04     no limits
     4 phi          4.11546e+00  1.00000e-02     no limits
     5 R           -6.09493e+01  constant
     6 A_CBO        6.57545e-03  1.00000e-05     no limits
     7 w_CBO        2.32616e+00  1.00000e-03     no limits
     8 phi_CBO      2.43820e-02  1.00000e-04     no limits
     9 ANx2         7.43781e-04  constant
    10 pNx2         1.57222e+00  constant
    11 ANy1         0.00000e+00  constant
    12 pNy1         0.00000e+00  constant
    13 w_y          0.00000e+00  constant
    14 ANy2         7.31057e-03  1.00000e-04     no limits
    15 pNy2         6.06093e+00  constant
    16 w_vw         1.43032e+01  constant
    17 LM           6.04551e-05  constant
    18 wCBO_expCoeff   2.00000e+02  1.00000e+00     no limits
    19 wCBO_expOffset   2.00000e+02  1.00000e+00     no limits
    20 wCBO_expT    3.00000e+01  1.00000e+00     no limits
    21 wCBO_linCoeff   0.00000e+00  constant
    22 wCBO_const   0.00000e+00  1.00000e-02     no limits
MINUIT - FIT ONLY WIGGLE
 **********
 **    3 **FIX            5
 **********
 PARAMETER    5  IS CONSTANT.   IGNORED.
 **********
 **    4 **FIX            6
 **********
 **********
 **    5 **FIX            7
 **********
 **********
 **    6 **FIX            8
 **********
 **********
 **    7 **FIX            9
 **********
 PARAMETER    9  IS CONSTANT.   IGNORED.
 **********
 **    8 **FIX           10
 **********
 PARAMETER   10  IS CONSTANT.   IGNORED.
 **********
 **    9 **FIX           11
 **********
 PARAMETER   11  IS CONSTANT.   IGNORED.
 **********
 **   10 **FIX           12
 **********
 PARAMETER   12  IS CONSTANT.   IGNORED.
 **********
 **   11 **FIX           13
 **********
 PARAMETER   13  IS CONSTANT.   IGNORED.
 **********
 **   12 **FIX           14
 **********
 **********
 **   13 **FIX           15
 **********
 PARAMETER   15  IS CONSTANT.   IGNORED.
 **********
 **   14 **FIX           16
 **********
 PARAMETER   16  IS CONSTANT.   IGNORED.
 **********
 **   15 **MIGRAD
 **********
 FIRST CALL TO USER FUNCTION AT NEW START POINT, WITH IFLAG=4.
 START MIGRAD MINIMIZATION.  STRATEGY  1.  CONVERGENCE WHEN EDM .LT. 1.00e-04
 FCN=4909.33 FROM MIGRAD    STATUS=INITIATE       34 CALLS          35 TOTAL
                     EDM= unknown      STRATEGY= 1      NO ERROR MATRIX       
  EXT PARAMETER               CURRENT GUESS       STEP         FIRST   
  NO.   NAME      VALUE            ERROR          SIZE      DERIVATIVE 
   1  N0           2.97517e+06   1.00000e+02   1.00000e+02  -1.58682e-02
   2  tau          6.44054e+01   constant   
   3  A0           3.48516e-01   1.00000e-04   1.00000e-04  -1.19950e+04
   4  phi          4.11546e+00   1.00000e-02   1.00000e-02  -2.43553e+04
   5  R           -6.09493e+01   constant   
   6  A_CBO        6.57545e-03     fixed    
   7  w_CBO        2.32616e+00     fixed    
   8  phi_CBO      2.43820e-02     fixed    
   9  ANx2         7.43781e-04   constant   
  10  pNx2         1.57222e+00   constant   
  11  ANy1         0.00000e+00   constant   
  12  pNy1         0.00000e+00   constant   
  13  w_y          0.00000e+00   constant   
  14  ANy2         7.31057e-03     fixed    
  15  pNy2         6.06093e+00   constant   
  16  w_vw         1.43032e+01   constant   
  17  LM           6.04551e-05   constant   
  18  wCBO_expCoeff   2.00000e+02   1.00000e+00   1.00000e+00   6.84943e+05
  19  wCBO_expOffset   2.00000e+02   1.00000e+00   1.00000e+00   1.44084e+06
  20  wCBO_expT    3.00000e+01   1.00000e+00   1.00000e+00  -1.06500e+06
  21  wCBO_linCoeff   0.00000e+00   constant   
  22  wCBO_const   0.00000e+00   1.00000e-02   1.00000e-02  -7.49933e+04
 MIGRAD FAILS TO FIND IMPROVEMENT
 FCN=4285.57 FROM HESSE     STATUS=NOT POSDEF     56 CALLS         142 TOTAL
                     EDM=25633.9    STRATEGY= 1      ERR MATRIX NOT POS-DEF
  EXT PARAMETER                APPROXIMATE        STEP         FIRST   
  NO.   NAME      VALUE            ERROR          SIZE      DERIVATIVE 
   1  N0           2.97559e+06   3.42436e+02   1.07550e+01   2.01665e-02
   2  tau          6.44054e+01   constant   
   3  A0           3.48581e-01   1.48626e-04   4.88916e-06   5.92490e+04
   4  phi          4.11661e+00   7.90267e-04   1.43303e-05  -4.14598e+03
   5  R           -6.09493e+01   constant   
   6  A_CBO        6.57545e-03     fixed    
   7  w_CBO        2.32616e+00     fixed    
   8  phi_CBO      2.43820e-02     fixed    
   9  ANx2         7.43781e-04   constant   
  10  pNx2         1.57222e+00   constant   
  11  ANy1         0.00000e+00   constant   
  12  pNy1         0.00000e+00   constant   
  13  w_y          0.00000e+00   constant   
  14  ANy2         7.31057e-03     fixed    
  15  pNy2         6.06093e+00   constant   
  16  w_vw         1.43032e+01   constant   
  17  LM           6.04551e-05   constant   
  18  wCBO_expCoeff   2.00000e+02   5.16519e-05   9.53674e-05   2.55580e+05
  19  wCBO_expOffset   2.00000e+02   5.16851e-05   9.53674e-05  -7.09904e+06
  20  wCBO_expT    3.00001e+01   2.56287e-06   1.43052e-05   7.99010e+06
  21  wCBO_linCoeff   0.00000e+00   constant   
  22  wCBO_const   5.06724e-03   3.56615e-03   8.32670e-06  -2.55876e+03
 MIGRAD FAILS TO FIND IMPROVEMENT
 MIGRAD TERMINATED WITHOUT CONVERGENCE.
 FCN=4205.94 FROM MIGRAD    STATUS=FAILED        209 CALLS         210 TOTAL
                     EDM=31.4805    STRATEGY= 1      ERR MATRIX NOT POS-DEF
  EXT PARAMETER                APPROXIMATE        STEP         FIRST   
  NO.   NAME      VALUE            ERROR          SIZE      DERIVATIVE 
   1  N0           2.97652e+06   3.25129e+02   0.00000e+00  -1.46476e-02
   2  tau          6.44054e+01   constant   
   3  A0           3.48886e-01   1.31802e-04   0.00000e+00  -6.64655e+03
   4  phi          4.11990e+00   4.80907e-04  -0.00000e+00   1.34198e+04
   5  R           -6.09493e+01   constant   
   6  A_CBO        6.57545e-03     fixed    
   7  w_CBO        2.32616e+00     fixed    
   8  phi_CBO      2.43820e-02     fixed    
   9  ANx2         7.43781e-04   constant   
  10  pNx2         1.57222e+00   constant   
  11  ANy1         0.00000e+00   constant   
  12  pNy1         0.00000e+00   constant   
  13  w_y          0.00000e+00   constant   
  14  ANy2         7.31057e-03     fixed    
  15  pNy2         6.06093e+00   constant   
  16  w_vw         1.43032e+01   constant   
  17  LM           6.04551e-05   constant   
  18  wCBO_expCoeff   2.00000e+02   9.51289e-06  -0.00000e+00  -1.20428e+06
  19  wCBO_expOffset   2.00000e+02   1.00843e-05  -0.00000e+00   1.14723e+06
  20  wCBO_expT    3.00001e+01   6.23548e-07  -0.00000e+00  -3.44301e+06
  21  wCBO_linCoeff   0.00000e+00   constant   
  22  wCBO_const  -1.29245e-02   7.62754e-04   0.00000e+00  -1.43253e+04
 EXTERNAL ERROR MATRIX.    NDIM=  25    NPAR=  7    ERR DEF=1
  1.057e+05 -9.931e-04 -5.575e-02 -5.384e-04 -9.218e-04 -5.735e-05  6.554e-02 
 -9.931e-04  1.737e-08 -1.527e-09  8.624e-11  5.853e-11  4.889e-12 -6.830e-09 
 -5.575e-02 -1.527e-09  2.313e-07  1.341e-09  2.266e-09  1.269e-10 -1.853e-07 
 -5.384e-04  8.624e-11  1.341e-09  9.050e-11  7.858e-11  4.178e-12 -6.812e-09 
 -9.218e-04  5.853e-11  2.266e-09  7.858e-11  1.017e-10  4.944e-12 -7.233e-09 
 -5.735e-05  4.889e-12  1.269e-10  4.178e-12  4.944e-12  3.888e-13 -4.033e-10 
  6.554e-02 -6.830e-09 -1.853e-07 -6.812e-09 -7.233e-09 -4.033e-10  5.818e-07 
ERR MATRIX NOT POS-DEF
 PARAMETER  CORRELATION COEFFICIENTS  
       NO.  GLOBAL      1      3      4     18     19     20     22
        1  0.65860   1.000 -0.023 -0.357 -0.174 -0.281 -0.283  0.264
        3  0.52301  -0.023  1.000 -0.024  0.069  0.044  0.059 -0.068
        4  0.99047  -0.357 -0.024  1.000  0.293  0.467  0.423 -0.505
       18  0.99933  -0.174  0.069  0.293  1.000  0.819  0.704 -0.939
       19  0.99827  -0.281  0.044  0.467  0.819  1.000  0.786 -0.940
       20  0.99502  -0.283  0.059  0.423  0.704  0.786  1.000 -0.848
       22  0.99982   0.264 -0.068 -0.505 -0.939 -0.940 -0.848  1.000
 ERR MATRIX NOT POS-DEF
MINUIT - FIT ONLY 1-CBO + other amplitudes 
 **********
 **   16 **RES 
 **********
                   PARAMETER   14  ANy2 RESTORED TO VARIABLE.
                   PARAMETER    8  phi_CBO RESTORED TO VARIABLE.
                   PARAMETER    7  w_CBO RESTORED TO VARIABLE.
                   PARAMETER    6  A_CBO RESTORED TO VARIABLE.
 **********
 **   17 **FIX            0
 **********
 PARAMETER    0  IS UNDEFINED. IGNORED.
 **********
 **   18 **FIX            1
 **********
 **********
 **   19 **FIX            2
 **********
 PARAMETER    2  IS CONSTANT.   IGNORED.
 **********
 **   20 **FIX            3
 **********
 **********
 **   21 **FIX            4
 **********
 **********
 **   22 **FIX            9
 **********
 PARAMETER    9  IS CONSTANT.   IGNORED.
 **********
 **   23 **FIX           11
 **********
 PARAMETER   11  IS CONSTANT.   IGNORED.
 **********
 **   24 **FIX           12
 **********
 PARAMETER   12  IS CONSTANT.   IGNORED.
 **********
 **   25 **FIX           14
 **********
 **********
 **   26 **FIX           15
 **********
 PARAMETER   15  IS CONSTANT.   IGNORED.
 **********
 **   27 **FIX           16
 **********
 PARAMETER   16  IS CONSTANT.   IGNORED.
 **********
 **   28 **MIGRAD
 **********
 START MIGRAD MINIMIZATION.  STRATEGY  1.  CONVERGENCE WHEN EDM .LT. 1.00e-04
 FCN=4205.94 FROM MIGRAD    STATUS=INITIATE       22 CALLS         232 TOTAL
                     EDM= unknown      STRATEGY= 1      NO ERROR MATRIX       
  EXT PARAMETER               CURRENT GUESS       STEP         FIRST   
  NO.   NAME      VALUE            ERROR          SIZE      DERIVATIVE 
   1  N0           2.97652e+06     fixed    
   2  tau          6.44054e+01   constant   
   3  A0           3.48886e-01     fixed    
   4  phi          4.11990e+00     fixed    
   5  R           -6.09493e+01   constant   
   6  A_CBO        6.57545e-03   1.00000e-05   1.00000e-05   3.75161e+05
   7  w_CBO        2.32616e+00   1.00000e-03   1.00000e-03  -1.03564e+08
   8  phi_CBO      2.43820e-02   1.00000e-04   1.00000e-04  -4.37277e+01
   9  ANx2         7.43781e-04   constant   
  10  pNx2         1.57222e+00   constant   
  11  ANy1         0.00000e+00   constant   
  12  pNy1         0.00000e+00   constant   
  13  w_y          0.00000e+00   constant   
  14  ANy2         7.31057e-03     fixed    
  15  pNy2         6.06093e+00   constant   
  16  w_vw         1.43032e+01   constant   
  17  LM           6.04551e-05   constant   
  18  wCBO_expCoeff   2.00000e+02   9.51289e-06  -0.00000e+00  -1.20428e+06
  19  wCBO_expOffset   2.00000e+02   1.00843e-05  -0.00000e+00   1.14723e+06
  20  wCBO_expT    3.00001e+01   6.23548e-07  -0.00000e+00  -3.44301e+06
  21  wCBO_linCoeff   0.00000e+00   constant   
  22  wCBO_const  -1.29245e-02   7.62754e-04   0.00000e+00  -1.43253e+04
 MIGRAD FAILS TO FIND IMPROVEMENT
 FCN=3321.13 FROM HESSE     STATUS=NOT POSDEF     58 CALLS         607 TOTAL
                     EDM=92.5724    STRATEGY= 1      ERR MATRIX NOT POS-DEF
  EXT PARAMETER                APPROXIMATE        STEP         FIRST   
  NO.   NAME      VALUE            ERROR          SIZE      DERIVATIVE 
   1  N0           2.97652e+06     fixed    
   2  tau          6.44054e+01   constant   
   3  A0           3.48886e-01     fixed    
   4  phi          4.11990e+00     fixed    
   5  R           -6.09493e+01   constant   
   6  A_CBO        1.91401e-03   1.30130e-03   4.38328e-06  -2.30480e+03
   7  w_CBO        2.32616e+00   4.74378e-07   1.10920e-06  -1.15128e+07
   8  phi_CBO     -3.11953e-02   3.94480e-01   2.40569e-03  -3.42099e+00
   9  ANx2         7.43781e-04   constant   
  10  pNx2         1.57222e+00   constant   
  11  ANy1         0.00000e+00   constant   
  12  pNy1         0.00000e+00   constant   
  13  w_y          0.00000e+00   constant   
  14  ANy2         7.31057e-03     fixed    
  15  pNy2         6.06093e+00   constant   
  16  w_vw         1.43032e+01   constant   
  17  LM           6.04551e-05   constant   
  18  wCBO_expCoeff   2.00000e+02   4.07868e-05   9.53675e-05  -1.33858e+05
  19  wCBO_expOffset   2.00000e+02   4.35289e-05   9.53675e-05  -1.31837e+06
  20  wCBO_expT    3.00001e+01   6.01714e-06   1.43052e-05   6.41014e+06
  21  wCBO_linCoeff   0.00000e+00   constant   
  22  wCBO_const  -1.16007e-02   2.01611e-03   9.56414e-06  -4.81860e+03
 MIGRAD FAILS TO FIND IMPROVEMENT
 MIGRAD TERMINATED WITHOUT CONVERGENCE.
 FCN=3321.12 FROM MIGRAD    STATUS=FAILED        448 CALLS         658 TOTAL
                     EDM=31.3074    STRATEGY= 1      ERR MATRIX NOT POS-DEF
  EXT PARAMETER                APPROXIMATE        STEP         FIRST   
  NO.   NAME      VALUE            ERROR          SIZE      DERIVATIVE 
   1  N0           2.97652e+06     fixed    
   2  tau          6.44054e+01   constant   
   3  A0           3.48886e-01     fixed    
   4  phi          4.11990e+00     fixed    
   5  R           -6.09493e+01   constant   
   6  A_CBO        1.91524e-03   2.83838e-04   0.00000e+00  -2.17994e+03
   7  w_CBO        2.32616e+00   1.15762e-07  -0.00000e+00  -2.47313e+07
   8  phi_CBO     -3.11097e-02   9.87580e-02  -0.00000e+00  -4.91473e+00
   9  ANx2         7.43781e-04   constant   
  10  pNx2         1.57222e+00   constant   
  11  ANy1         0.00000e+00   constant   
  12  pNy1         0.00000e+00   constant   
  13  w_y          0.00000e+00   constant   
  14  ANy2         7.31057e-03     fixed    
  15  pNy2         6.06093e+00   constant   
  16  w_vw         1.43032e+01   constant   
  17  LM           6.04551e-05   constant   
  18  wCBO_expCoeff   2.00000e+02   9.95350e-06  -0.00000e+00  -2.87590e+05
  19  wCBO_expOffset   2.00000e+02   5.05710e-06  -0.00000e+00   2.97697e+05
  20  wCBO_expT    3.00001e+01   1.59897e-06  -0.00000e+00   3.22063e+06
  21  wCBO_linCoeff   0.00000e+00   constant   
  22  wCBO_const  -1.15968e-02   5.50228e-04   0.00000e+00  -4.30476e+03
 EXTERNAL ERROR MATRIX.    NDIM=  25    NPAR=  7    ERR DEF=1
  8.056e-08 -2.772e-11 -1.699e-05 -2.383e-09 -1.343e-09 -4.196e-10  1.230e-07 
 -2.772e-11  1.340e-14  8.155e-09  9.041e-13  5.264e-13  1.543e-13 -5.008e-11 
 -1.699e-05  8.155e-09  9.753e-03  7.012e-07  3.635e-07  1.075e-07 -2.254e-05 
 -2.383e-09  9.041e-13  7.012e-07  9.907e-11  4.526e-11  1.327e-11 -4.306e-09 
 -1.343e-09  5.264e-13  3.635e-07  4.526e-11  2.557e-11  7.945e-12 -2.440e-09 
 -4.196e-10  1.543e-13  1.075e-07  1.327e-11  7.945e-12  2.557e-12 -7.571e-10 
  1.230e-07 -5.008e-11 -2.254e-05 -4.306e-09 -2.440e-09 -7.571e-10  3.028e-07 
ERR MATRIX NOT POS-DEF
 PARAMETER  CORRELATION COEFFICIENTS  
       NO.  GLOBAL      6      7      8     18     19     20     22
        6  0.96918   1.000 -0.844 -0.606 -0.844 -0.936 -0.924  0.788
        7  0.97980  -0.844  1.000  0.713  0.785  0.899  0.834 -0.786
        8  0.94051  -0.606  0.713  1.000  0.713  0.728  0.681 -0.415
       18  0.97980  -0.844  0.785  0.713  1.000  0.899  0.834 -0.786
       19  0.99890  -0.936  0.899  0.728  0.899  1.000  0.983 -0.877
       20  0.99749  -0.924  0.834  0.681  0.834  0.983  1.000 -0.861
       22  0.96551   0.788 -0.786 -0.415 -0.786 -0.877 -0.861  1.000
 ERR MATRIX NOT POS-DEF
MINUIT - FIT ONLY 1-CBO
 **********
 **   29 **RES 
 **********
                   PARAMETER   14  ANy2 RESTORED TO VARIABLE.
                   PARAMETER    4  phi RESTORED TO VARIABLE.
                   PARAMETER    3  A0 RESTORED TO VARIABLE.
                   PARAMETER    1  N0 RESTORED TO VARIABLE.
 **********
 **   30 **FIX            0
 **********
 PARAMETER    0  IS UNDEFINED. IGNORED.
 **********
 **   31 **FIX            1
 **********
 **********
 **   32 **FIX            2
 **********
 PARAMETER    2  IS CONSTANT.   IGNORED.
 **********
 **   33 **FIX            3
 **********
 **********
 **   34 **FIX            4
 **********
 **********
 **   35 **FIX            8
 **********
 **********
 **   36 **FIX            9
 **********
 PARAMETER    9  IS CONSTANT.   IGNORED.
 **********
 **   37 **FIX           11
 **********
 PARAMETER   11  IS CONSTANT.   IGNORED.
 **********
 **   38 **FIX           12
 **********
 PARAMETER   12  IS CONSTANT.   IGNORED.
 **********
 **   39 **FIX           13
 **********
 PARAMETER   13  IS CONSTANT.   IGNORED.
 **********
 **   40 **FIX           15
 **********
 PARAMETER   15  IS CONSTANT.   IGNORED.
 **********
 **   41 **FIX           16
 **********
 PARAMETER   16  IS CONSTANT.   IGNORED.
 **********
 **   42 **MIGRAD
 **********
 START MIGRAD MINIMIZATION.  STRATEGY  1.  CONVERGENCE WHEN EDM .LT. 1.00e-04
 FCN=3321.12 FROM MIGRAD    STATUS=INITIATE       16 CALLS         674 TOTAL
                     EDM= unknown      STRATEGY= 1      NO ERROR MATRIX       
  EXT PARAMETER               CURRENT GUESS       STEP         FIRST   
  NO.   NAME      VALUE            ERROR          SIZE      DERIVATIVE 
   1  N0           2.97652e+06     fixed    
   2  tau          6.44054e+01   constant   
   3  A0           3.48886e-01     fixed    
   4  phi          4.11990e+00     fixed    
   5  R           -6.09493e+01   constant   
   6  A_CBO        1.91524e-03   2.83838e-04   0.00000e+00  -2.17994e+03
   7  w_CBO        2.32616e+00   1.15762e-07  -0.00000e+00  -2.47313e+07
   8  phi_CBO     -3.11097e-02     fixed    
   9  ANx2         7.43781e-04   constant   
  10  pNx2         1.57222e+00   constant   
  11  ANy1         0.00000e+00   constant   
  12  pNy1         0.00000e+00   constant   
  13  w_y          0.00000e+00   constant   
  14  ANy2         7.31057e-03   1.00000e-04   1.00000e-04   4.87621e+05
  15  pNy2         6.06093e+00   constant   
  16  w_vw         1.43032e+01   constant   
  17  LM           6.04551e-05   constant   
  18  wCBO_expCoeff   2.00000e+02   9.95350e-06  -0.00000e+00  -2.87590e+05
  19  wCBO_expOffset   2.00000e+02   5.05710e-06  -0.00000e+00   2.97697e+05
  20  wCBO_expT    3.00001e+01   1.59897e-06  -0.00000e+00   3.22063e+06
  21  wCBO_linCoeff   0.00000e+00   constant   
  22  wCBO_const  -1.15968e-02   5.50228e-04   0.00000e+00  -4.30476e+03
 MIGRAD FAILS TO FIND IMPROVEMENT
 FCN=1778.26 FROM HESSE     STATUS=NOT POSDEF     58 CALLS         809 TOTAL
                     EDM=1046.04    STRATEGY= 1      ERR MATRIX NOT POS-DEF
  EXT PARAMETER                APPROXIMATE        STEP         FIRST   
  NO.   NAME      VALUE            ERROR          SIZE      DERIVATIVE 
   1  N0           2.97652e+06     fixed    
   2  tau          6.44054e+01   constant   
   3  A0           3.48886e-01     fixed    
   4  phi          4.11990e+00     fixed    
   5  R           -6.09493e+01   constant   
   6  A_CBO        1.61291e-03   1.13388e-03   3.28711e-06   1.40186e+04
   7  w_CBO        2.32616e+00   4.86766e-07   1.10920e-06  -3.85073e+07
   8  phi_CBO     -3.11097e-02     fixed    
   9  ANx2         7.43781e-04   constant   
  10  pNx2         1.57222e+00   constant   
  11  ANy1         0.00000e+00   constant   
  12  pNy1         0.00000e+00   constant   
  13  w_y          0.00000e+00   constant   
  14  ANy2         9.97235e-04   1.74667e-04   3.28889e-06   4.00092e+03
  15  pNy2         6.06093e+00   constant   
  16  w_vw         1.43032e+01   constant   
  17  LM           6.04551e-05   constant   
  18  wCBO_expCoeff   2.00000e+02   4.18516e-05   9.53675e-05  -4.47845e+05
  19  wCBO_expOffset   2.00000e+02   6.08448e-05   9.53675e-05  -1.80925e+06
  20  wCBO_expT    3.00001e+01   6.93719e-06   1.43052e-05   1.05919e+07
  21  wCBO_linCoeff   0.00000e+00   constant   
  22  wCBO_const  -1.15653e-02   4.97635e-03   8.80351e-06  -5.28462e+03
 MIGRAD FAILS TO FIND IMPROVEMENT
 MIGRAD TERMINATED WITHOUT CONVERGENCE.
 FCN=1775.57 FROM MIGRAD    STATUS=FAILED        196 CALLS         854 TOTAL
                     EDM=57.3057    STRATEGY= 1      ERR MATRIX NOT POS-DEF
  EXT PARAMETER                APPROXIMATE        STEP         FIRST   
  NO.   NAME      VALUE            ERROR          SIZE      DERIVATIVE 
   1  N0           2.97652e+06     fixed    
   2  tau          6.44054e+01   constant   
   3  A0           3.48886e-01     fixed    
   4  phi          4.11990e+00     fixed    
   5  R           -6.09493e+01   constant   
   6  A_CBO        1.50801e-03   2.66338e-04  -0.00000e+00   6.14516e+03
   7  w_CBO        2.32616e+00   1.13724e-07   0.00000e+00   1.21029e+07
   8  phi_CBO     -3.11097e-02     fixed    
   9  ANx2         7.43781e-04   constant   
  10  pNx2         1.57222e+00   constant   
  11  ANy1         0.00000e+00   constant   
  12  pNy1         0.00000e+00   constant   
  13  w_y          0.00000e+00   constant   
  14  ANy2         9.84215e-04   1.21626e-04  -0.00000e+00   3.10590e+02
  15  pNy2         6.06093e+00   constant   
  16  w_vw         1.43032e+01   constant   
  17  LM           6.04551e-05   constant   
  18  wCBO_expCoeff   2.00000e+02   9.77787e-06   0.00000e+00   1.40777e+05
  19  wCBO_expOffset   2.00000e+02   1.21503e-05   0.00000e+00   1.32181e+05
  20  wCBO_expT    3.00001e+01   1.94010e-06   0.00000e+00  -7.36583e+05
  21  wCBO_linCoeff   0.00000e+00   constant   
  22  wCBO_const  -1.20067e-02   1.32767e-03  -0.00000e+00   4.16761e+03
 EXTERNAL ERROR MATRIX.    NDIM=  25    NPAR=  7    ERR DEF=1
  7.094e-08 -2.343e-11  7.568e-09 -2.015e-09 -2.890e-09 -4.671e-10  3.277e-07 
 -2.343e-11  1.293e-14 -2.612e-12  7.834e-13  1.064e-12  1.823e-13 -1.313e-10 
  7.568e-09 -2.612e-12  1.479e-08 -2.246e-10 -3.747e-10 -5.918e-11  4.370e-08 
 -2.015e-09  7.834e-13 -2.246e-10  9.561e-11  9.145e-11  1.567e-11 -1.129e-08 
 -2.890e-09  1.064e-12 -3.747e-10  9.145e-11  1.476e-10  2.331e-11 -1.542e-08 
 -4.671e-10  1.823e-13 -5.918e-11  1.567e-11  2.331e-11  3.764e-12 -2.515e-09 
  3.277e-07 -1.313e-10  4.370e-08 -1.129e-08 -1.542e-08 -2.515e-09  1.763e-06 
ERR MATRIX NOT POS-DEF
 PARAMETER  CORRELATION COEFFICIENTS  
       NO.  GLOBAL      6      7     14     18     19     20     22
        6  0.93675   1.000 -0.774  0.234 -0.774 -0.893 -0.904  0.927
        7  0.96079  -0.774  1.000 -0.189  0.704  0.770  0.826 -0.869
       14  0.38039   0.234 -0.189  1.000 -0.189 -0.254 -0.251  0.271
       18  0.96079  -0.774  0.704 -0.189  1.000  0.770  0.826 -0.869
       19  0.99712  -0.893  0.770 -0.254  0.770  1.000  0.989 -0.956
       20  0.99737  -0.904  0.826 -0.251  0.826  0.989  1.000 -0.976
       22  0.99457   0.927 -0.869  0.271 -0.869 -0.956 -0.976  1.000
 ERR MATRIX NOT POS-DEF
MINUIT - FIT ONLY 2-CBO
 **********
 **   43 **RES 
 **********
                   PARAMETER    8  phi_CBO RESTORED TO VARIABLE.
                   PARAMETER    4  phi RESTORED TO VARIABLE.
                   PARAMETER    3  A0 RESTORED TO VARIABLE.
                   PARAMETER    1  N0 RESTORED TO VARIABLE.
 **********
 **   44 **FIX            0
 **********
 PARAMETER    0  IS UNDEFINED. IGNORED.
 **********
 **   45 **FIX            1
 **********
 **********
 **   46 **FIX            2
 **********
 PARAMETER    2  IS CONSTANT.   IGNORED.
 **********
 **   47 **FIX            3
 **********
 **********
 **   48 **FIX            4
 **********
 **********
 **   49 **FIX            5
 **********
 PARAMETER    5  IS CONSTANT.   IGNORED.
 **********
 **   50 **FIX            6
 **********
 **********
 **   51 **FIX            7
 **********
 **********
 **   52 **FIX           10
 **********
 PARAMETER   10  IS CONSTANT.   IGNORED.
 **********
 **   53 **FIX           11
 **********
 PARAMETER   11  IS CONSTANT.   IGNORED.
 **********
 **   54 **FIX           12
 **********
 PARAMETER   12  IS CONSTANT.   IGNORED.
 **********
 **   55 **FIX           13
 **********
 PARAMETER   13  IS CONSTANT.   IGNORED.
 **********
 **   56 **FIX           14
 **********
 **********
 **   57 **FIX           15
 **********
 PARAMETER   15  IS CONSTANT.   IGNORED.
 **********
 **   58 **FIX           16
 **********
 PARAMETER   16  IS CONSTANT.   IGNORED.
 **********
 **   59 **MIGRAD
 **********
 START MIGRAD MINIMIZATION.  STRATEGY  1.  CONVERGENCE WHEN EDM .LT. 1.00e-04
 FCN=1775.57 FROM MIGRAD    STATUS=INITIATE       10 CALLS         864 TOTAL
                     EDM= unknown      STRATEGY= 1      NO ERROR MATRIX       
  EXT PARAMETER               CURRENT GUESS       STEP         FIRST   
  NO.   NAME      VALUE            ERROR          SIZE      DERIVATIVE 
   1  N0           2.97652e+06     fixed    
   2  tau          6.44054e+01   constant   
   3  A0           3.48886e-01     fixed    
   4  phi          4.11990e+00     fixed    
   5  R           -6.09493e+01   constant   
   6  A_CBO        1.50801e-03     fixed    
   7  w_CBO        2.32616e+00     fixed    
   8  phi_CBO     -3.11097e-02   9.87580e-02   9.87580e-02  -2.50459e+01
   9  ANx2         7.43781e-04   constant   
  10  pNx2         1.57222e+00   constant   
  11  ANy1         0.00000e+00   constant   
  12  pNy1         0.00000e+00   constant   
  13  w_y          0.00000e+00   constant   
  14  ANy2         9.84215e-04     fixed    
  15  pNy2         6.06093e+00   constant   
  16  w_vw         1.43032e+01   constant   
  17  LM           6.04551e-05   constant   
  18  wCBO_expCoeff   2.00000e+02   9.77787e-06   0.00000e+00   1.40777e+05
  19  wCBO_expOffset   2.00000e+02   1.21503e-05   0.00000e+00   1.32181e+05
  20  wCBO_expT    3.00001e+01   1.94010e-06   0.00000e+00  -7.36583e+05
  21  wCBO_linCoeff   0.00000e+00   constant   
  22  wCBO_const  -1.20067e-02   1.32767e-03  -0.00000e+00   4.16761e+03
 MIGRAD FAILS TO FIND IMPROVEMENT
 FCN=1774.88 FROM HESSE     STATUS=NOT POSDEF     37 CALLS         936 TOTAL
                     EDM=869.265    STRATEGY= 1      ERR MATRIX NOT POS-DEF
  EXT PARAMETER                APPROXIMATE        STEP         FIRST   
  NO.   NAME      VALUE            ERROR          SIZE      DERIVATIVE 
   1  N0           2.97652e+06     fixed    
   2  tau          6.44054e+01   constant   
   3  A0           3.48886e-01     fixed    
   4  phi          4.11990e+00     fixed    
   5  R           -6.09493e+01   constant   
   6  A_CBO        1.50801e-03     fixed    
   7  w_CBO        2.32616e+00     fixed    
   8  phi_CBO     -1.26931e-02   1.61150e-01   2.26090e-03  -1.33133e+01
   9  ANx2         7.43781e-04   constant   
  10  pNx2         1.57222e+00   constant   
  11  ANy1         0.00000e+00   constant   
  12  pNy1         0.00000e+00   constant   
  13  w_y          0.00000e+00   constant   
  14  ANy2         9.84215e-04     fixed    
  15  pNy2         6.06093e+00   constant   
  16  w_vw         1.43032e+01   constant   
  17  LM           6.04551e-05   constant   
  18  wCBO_expCoeff   2.00000e+02   4.88191e-05   9.53675e-05  -5.77520e+04
  19  wCBO_expOffset   2.00000e+02   7.22719e-05   9.53675e-05  -8.57475e+05
  20  wCBO_expT    3.00001e+01   7.93498e-06   1.43052e-05   1.11304e+06
  21  wCBO_linCoeff   0.00000e+00   constant   
  22  wCBO_const  -1.20353e-02   5.23326e-03   9.07248e-06   2.91799e+02
 MIGRAD FAILS TO FIND IMPROVEMENT
 MIGRAD TERMINATED WITHOUT CONVERGENCE.
 FCN=1774.73 FROM MIGRAD    STATUS=FAILED        124 CALLS         978 TOTAL
                     EDM=2.54938    STRATEGY= 1      ERR MATRIX NOT POS-DEF
  EXT PARAMETER                APPROXIMATE        STEP         FIRST   
  NO.   NAME      VALUE            ERROR          SIZE      DERIVATIVE 
   1  N0           2.97652e+06     fixed    
   2  tau          6.44054e+01   constant   
   3  A0           3.48886e-01     fixed    
   4  phi          4.11990e+00     fixed    
   5  R           -6.09493e+01   constant   
   6  A_CBO        1.50801e-03     fixed    
   7  w_CBO        2.32616e+00     fixed    
   8  phi_CBO     -1.92678e-04   1.43438e-01   0.00000e+00  -1.12578e+01
   9  ANx2         7.43781e-04   constant   
  10  pNx2         1.57222e+00   constant   
  11  ANy1         0.00000e+00   constant   
  12  pNy1         0.00000e+00   constant   
  13  w_y          0.00000e+00   constant   
  14  ANy2         9.84215e-04     fixed    
  15  pNy2         6.06093e+00   constant   
  16  w_vw         1.43032e+01   constant   
  17  LM           6.04551e-05   constant   
  18  wCBO_expCoeff   2.00000e+02   9.18828e-06   0.00000e+00  -1.98602e+03
  19  wCBO_expOffset   2.00000e+02   4.44840e-06   0.00000e+00   1.57409e+04
  20  wCBO_expT    3.00001e+01   1.55279e-06   0.00000e+00  -1.59367e+06
  21  wCBO_linCoeff   0.00000e+00   constant   
  22  wCBO_const  -1.21152e-02   6.61628e-04  -0.00000e+00  -9.21696e+01
 EXTERNAL ERROR MATRIX.    NDIM=  25    NPAR=  5    ERR DEF=1
  2.057e-02  6.865e-07  2.701e-07  1.061e-07 -9.556e-07 
  6.865e-07  8.442e-11  2.359e-11  9.686e-12 -4.064e-09 
  2.701e-07  2.359e-11  1.979e-11  6.731e-12 -2.370e-09 
  1.061e-07  9.686e-12  6.731e-12  2.411e-12 -8.461e-10 
 -9.556e-07 -4.064e-09 -2.370e-09 -8.461e-10  4.378e-07 
ERR MATRIX NOT POS-DEF
 PARAMETER  CORRELATION COEFFICIENTS  
       NO.  GLOBAL      8     18     19     20     22
        8  0.95061   1.000  0.521  0.423  0.476 -0.010
       18  0.93890   0.521  1.000  0.577  0.679 -0.669
       19  0.98340   0.423  0.577  1.000  0.974 -0.805
       20  0.98673   0.476  0.679  0.974  1.000 -0.824
       22  0.97985  -0.010 -0.669 -0.805 -0.824  1.000
 ERR MATRIX NOT POS-DEF
MINUIT - FIT ONLY 1-y
 **********
 **   60 **RES 
 **********
                   PARAMETER   14  ANy2 RESTORED TO VARIABLE.
                   PARAMETER    7  w_CBO RESTORED TO VARIABLE.
                   PARAMETER    6  A_CBO RESTORED TO VARIABLE.
                   PARAMETER    4  phi RESTORED TO VARIABLE.
                   PARAMETER    3  A0 RESTORED TO VARIABLE.
                   PARAMETER    1  N0 RESTORED TO VARIABLE.
 **********
 **   61 **FIX            0
 **********
 PARAMETER    0  IS UNDEFINED. IGNORED.
 **********
 **   62 **FIX            1
 **********
 **********
 **   63 **FIX            2
 **********
 PARAMETER    2  IS CONSTANT.   IGNORED.
 **********
 **   64 **FIX            3
 **********
 **********
 **   65 **FIX            4
 **********
 **********
 **   66 **FIX            5
 **********
 PARAMETER    5  IS CONSTANT.   IGNORED.
 **********
 **   67 **FIX            6
 **********
 **********
 **   68 **FIX            7
 **********
 **********
 **   69 **FIX            8
 **********
 **********
 **   70 **FIX            9
 **********
 PARAMETER    9  IS CONSTANT.   IGNORED.
 **********
 **   71 **FIX           13
 **********
 PARAMETER   13  IS CONSTANT.   IGNORED.
 **********
 **   72 **FIX           14
 **********
 **********
 **   73 **FIX           15
 **********
 PARAMETER   15  IS CONSTANT.   IGNORED.
 **********
 **   74 **FIX           16
 **********
 PARAMETER   16  IS CONSTANT.   IGNORED.
 **********
 **   75 **MIGRAD
 **********
 START MIGRAD MINIMIZATION.  STRATEGY  1.  CONVERGENCE WHEN EDM .LT. 1.00e-04
 FCN=1774.73 FROM MIGRAD    STATUS=INITIATE        8 CALLS         986 TOTAL
                     EDM= unknown      STRATEGY= 1      NO ERROR MATRIX       
  EXT PARAMETER               CURRENT GUESS       STEP         FIRST   
  NO.   NAME      VALUE            ERROR          SIZE      DERIVATIVE 
   1  N0           2.97652e+06     fixed    
   2  tau          6.44054e+01   constant   
   3  A0           3.48886e-01     fixed    
   4  phi          4.11990e+00     fixed    
   5  R           -6.09493e+01   constant   
   6  A_CBO        1.50801e-03     fixed    
   7  w_CBO        2.32616e+00     fixed    
   8  phi_CBO     -1.92678e-04     fixed    
   9  ANx2         7.43781e-04   constant   
  10  pNx2         1.57222e+00   constant   
  11  ANy1         0.00000e+00   constant   
  12  pNy1         0.00000e+00   constant   
  13  w_y          0.00000e+00   constant   
  14  ANy2         9.84215e-04     fixed    
  15  pNy2         6.06093e+00   constant   
  16  w_vw         1.43032e+01   constant   
  17  LM           6.04551e-05   constant   
  18  wCBO_expCoeff   2.00000e+02   9.18828e-06   0.00000e+00  -1.98602e+03
  19  wCBO_expOffset   2.00000e+02   4.44840e-06   0.00000e+00   1.57409e+04
  20  wCBO_expT    3.00001e+01   1.55279e-06   0.00000e+00  -1.59367e+06
  21  wCBO_linCoeff   0.00000e+00   constant   
  22  wCBO_const  -1.21152e-02   6.61628e-04  -0.00000e+00  -9.21686e+01
 MIGRAD FAILS TO FIND IMPROVEMENT
 FCN=1774.73 FROM HESSE     STATUS=NOT POSDEF     29 CALLS        1020 TOTAL
                     EDM=868.359    STRATEGY= 1      ERR MATRIX NOT POS-DEF
  EXT PARAMETER                APPROXIMATE        STEP         FIRST   
  NO.   NAME      VALUE            ERROR          SIZE      DERIVATIVE 
   1  N0           2.97652e+06     fixed    
   2  tau          6.44054e+01   constant   
   3  A0           3.48886e-01     fixed    
   4  phi          4.11990e+00     fixed    
   5  R           -6.09493e+01   constant   
   6  A_CBO        1.50801e-03     fixed    
   7  w_CBO        2.32616e+00     fixed    
   8  phi_CBO     -1.92678e-04     fixed    
   9  ANx2         7.43781e-04   constant   
  10  pNx2         1.57222e+00   constant   
  11  ANy1         0.00000e+00   constant   
  12  pNy1         0.00000e+00   constant   
  13  w_y          0.00000e+00   constant   
  14  ANy2         9.84215e-04     fixed    
  15  pNy2         6.06093e+00   constant   
  16  w_vw         1.43032e+01   constant   
  17  LM           6.04551e-05   constant   
  18  wCBO_expCoeff   2.00000e+02   5.41338e-05   9.53675e-05  -8.05924e+04
  19  wCBO_expOffset   2.00000e+02   8.39791e-05   9.53675e-05  -8.42772e+05
  20  wCBO_expT    3.00001e+01   9.11749e-06   1.43052e-05   1.71792e+06
  21  wCBO_linCoeff   0.00000e+00   constant   
  22  wCBO_const  -1.21152e-02   6.33407e-03   9.04923e-06  -9.21672e+01
 MIGRAD FAILS TO FIND IMPROVEMENT
 MIGRAD TERMINATED WITHOUT CONVERGENCE.
 FCN=1774.65 FROM MIGRAD    STATUS=FAILED         81 CALLS        1059 TOTAL
                     EDM=61.2244    STRATEGY= 1      ERR MATRIX NOT POS-DEF
  EXT PARAMETER                APPROXIMATE        STEP         FIRST   
  NO.   NAME      VALUE            ERROR          SIZE      DERIVATIVE 
   1  N0           2.97652e+06     fixed    
   2  tau          6.44054e+01   constant   
   3  A0           3.48886e-01     fixed    
   4  phi          4.11990e+00     fixed    
   5  R           -6.09493e+01   constant   
   6  A_CBO        1.50801e-03     fixed    
   7  w_CBO        2.32616e+00     fixed    
   8  phi_CBO     -1.92678e-04     fixed    
   9  ANx2         7.43781e-04   constant   
  10  pNx2         1.57222e+00   constant   
  11  ANy1         0.00000e+00   constant   
  12  pNy1         0.00000e+00   constant   
  13  w_y          0.00000e+00   constant   
  14  ANy2         9.84215e-04     fixed    
  15  pNy2         6.06093e+00   constant   
  16  w_vw         1.43032e+01   constant   
  17  LM           6.04551e-05   constant   
  18  wCBO_expCoeff   2.00000e+02   1.00944e-05   0.00000e+00   2.76226e+04
  19  wCBO_expOffset   2.00000e+02   8.12336e-06   0.00000e+00   4.33572e+04
  20  wCBO_expT    3.00001e+01   2.14216e-06   0.00000e+00  -1.42357e+06
  21  wCBO_linCoeff   0.00000e+00   constant   
  22  wCBO_const  -1.21918e-02   1.07817e-03  -0.00000e+00   9.05269e+02
 EXTERNAL ERROR MATRIX.    NDIM=  25    NPAR=  4    ERR DEF=1
  1.019e-10  5.859e-11  1.655e-11 -9.243e-09 
  5.859e-11  6.599e-11  1.725e-11 -8.447e-09 
  1.655e-11  1.725e-11  4.589e-12 -2.258e-09 
 -9.243e-09 -8.447e-09 -2.258e-09  1.162e-06 
ERR MATRIX NOT POS-DEF
 PARAMETER  CORRELATION COEFFICIENTS  
       NO.  GLOBAL     18     19     20     22
       18  0.93989   1.000  0.714  0.765 -0.849
       19  0.99454   0.714  1.000  0.991 -0.964
       20  0.99475   0.765  0.991  1.000 -0.978
       22  0.99164  -0.849 -0.964 -0.978  1.000
 ERR MATRIX NOT POS-DEF
MINUIT - FIT ONLY 2-y
 **********
 **   76 **RES 
 **********
                   PARAMETER   14  ANy2 RESTORED TO VARIABLE.
                   PARAMETER    8  phi_CBO RESTORED TO VARIABLE.
                   PARAMETER    7  w_CBO RESTORED TO VARIABLE.
                   PARAMETER    6  A_CBO RESTORED TO VARIABLE.
                   PARAMETER    4  phi RESTORED TO VARIABLE.
                   PARAMETER    3  A0 RESTORED TO VARIABLE.
                   PARAMETER    1  N0 RESTORED TO VARIABLE.
 **********
 **   77 **FIX            0
