 + ++++++++++++++++++++++++++++++++++++++++++++++++++++++++++++++++++++ +
 +                                                                      +
 +           You have chose to blind your fitting according to          +
 +                omega_ref * (1 + (R +/- deltaR) *10^{-6})             +
 +                                                                      +
 + ++++++++++++++++++++++++++++++++++++++++++++++++++++++++++++++++++++ +
In main()...
reading format from /gm2data/zkhechad/run45/envelope/formats/formatB_sBin_constraintOn.txt
pBinTau 	= 0  
pBinPhi 	= 0  
constraintau 	= 1 
includeMopTerm 	= 0    
constrainMop    = 0   
Parameters after format file: pBinTau 0 pBinPhi 0 constraintau 1 includeMopTerm 0 constrainMop 0 c_e_scale 0.000000 
reading cbo reference file (full fit) from /gm2data/zkhechad/cboTemplates/Run4CBOTemplates/fullFits/run4/sBin_constraintOn_cE0.0_seed0_run4_calo14.root
A_CBO 0.007725 w_CBO 2.327367 phi_CBO 5.940248 N0 3305546.525918 R -60.591491 tau 64.400381 
Reading cboRef file /gm2data/zkhechad/cboTemplates/Run4CBOTemplates//cboIsolate/run4_calo14.root
deltaT 29.099644
windowBins = 190
fitting sliding window 700 from bin 903 at 134.727600 to bin 1093 at 163.075600 (190 bins)

Reading data from /gm2data/cornell/histograms/aMethod/histogram_a_run4.root
fitting cbo isolate
 **********
 **    1 **SET PRINTOUT            1
 **********
 **********
 **    2 **SET NOWARNINGS 
 **********
 PARAMETER DEFINITIONS:
    NO.   NAME         VALUE      STEP SIZE      LIMITS
     1 A_CBO        7.72458e-03  1.00000e-05     no limits
     2 w_CBO        2.32737e+00  1.00000e-02    2.00000e+00  3.00000e+00
     3 phi_CBO      5.94025e+00  1.00000e-02    0.00000e+00  6.28319e+00
 **********
 **    3 **MIGRAD
 **********
 FIRST CALL TO USER FUNCTION AT NEW START POINT, WITH IFLAG=4.
 START MIGRAD MINIMIZATION.  STRATEGY  1.  CONVERGENCE WHEN EDM .LT. 1.00e-04
 FCN=0.00180321 FROM MIGRAD    STATUS=INITIATE       12 CALLS          13 TOTAL
                     EDM= unknown      STRATEGY= 1      NO ERROR MATRIX       
  EXT PARAMETER               CURRENT GUESS       STEP         FIRST   
  NO.   NAME      VALUE            ERROR          SIZE      DERIVATIVE 
   1  A_CBO        7.72458e-03   1.00000e-05   1.00000e-05   7.59746e-01
   2  w_CBO        2.32737e+00   1.00000e-02   2.13128e-02  -5.25628e-03
   3  phi_CBO      5.94025e+00   1.00000e-02   7.00705e-03   1.10575e-04
 MIGRAD MINIMIZATION HAS CONVERGED.
 MIGRAD WILL VERIFY CONVERGENCE AND ERROR MATRIX.
 COVARIANCE MATRIX CALCULATED SUCCESSFULLY
 FCN=0.000283695 FROM MIGRAD    STATUS=CONVERGED      39 CALLS          40 TOTAL
                     EDM=5.16237e-07    STRATEGY= 1      ERROR MATRIX ACCURATE 
  EXT PARAMETER                                   STEP         FIRST   
  NO.   NAME      VALUE            ERROR          SIZE      DERIVATIVE 
   1  A_CBO        3.72454e-03   1.02851e-01   5.01118e-05   3.48892e-06
   2  w_CBO        2.32746e+00   5.60710e-01   1.92784e-04   2.55874e-03
   3  phi_CBO      5.92565e+00   5.86549e+00   6.60923e-03  -5.40176e-05
 EXTERNAL ERROR MATRIX.    NDIM=  25    NPAR=  3    ERR DEF=1
  1.058e-02 -6.996e-03 -9.875e-01 
 -6.996e-03  1.028e+00  1.489e+02 
 -9.875e-01  1.489e+02  2.232e+04 
 PARAMETER  CORRELATION COEFFICIENTS  
       NO.  GLOBAL      1      2      3
        1  0.06771   1.000 -0.067 -0.064
        2  0.98317  -0.067  1.000  0.983
        3  0.98316  -0.064  0.983  1.000
setting A_CBO=0.003725 w_CBO=2.327459, phi_CBO=5.925651
done fitting cbo isolate
 **********
 **    1 **SET PRINTOUT            1
 **********
 **********
 **    2 **SET NOWARNINGS 
 **********
 PARAMETER DEFINITIONS:
    NO.   NAME         VALUE      STEP SIZE      LIMITS
     1 N0           3.30555e+06  1.00000e+02     no limits
     2 tau          6.44004e+01  constant
     3 A0           3.62072e-01  1.00000e-04     no limits
     4 phi          4.12124e+00  1.00000e-02     no limits
     5 R           -6.05915e+01  constant
     6 A_CBO        3.72454e-03  1.00000e-05     no limits
     7 w_CBO        2.32746e+00  1.00000e-03     no limits
     8 phi_CBO      5.92565e+00  1.00000e-04     no limits
     9 ANx2         3.16430e-04  constant
    10 pNx2         2.82055e+00  constant
    11 ANy1         0.00000e+00  constant
    12 pNy1         0.00000e+00  constant
    13 w_y          0.00000e+00  constant
    14 ANy2         7.39162e-03  1.00000e-04     no limits
    15 pNy2         2.23607e+00  constant
    16 w_vw         1.43191e+01  constant
    17 LM          -1.34420e-04  constant
    18 wCBO_expCoeff   2.00000e+02  1.00000e+00     no limits
    19 wCBO_expOffset   2.00000e+02  1.00000e+00     no limits
    20 wCBO_expT    3.00000e+01  1.00000e+00     no limits
    21 wCBO_linCoeff   0.00000e+00  constant
    22 wCBO_const   0.00000e+00  1.00000e-02     no limits
MINUIT - FIT ONLY WIGGLE
 **********
 **    3 **FIX            5
 **********
 PARAMETER    5  IS CONSTANT.   IGNORED.
 **********
 **    4 **FIX            6
 **********
 **********
 **    5 **FIX            7
 **********
 **********
 **    6 **FIX            8
 **********
 **********
 **    7 **FIX            9
 **********
 PARAMETER    9  IS CONSTANT.   IGNORED.
 **********
 **    8 **FIX           10
 **********
 PARAMETER   10  IS CONSTANT.   IGNORED.
 **********
 **    9 **FIX           11
 **********
 PARAMETER   11  IS CONSTANT.   IGNORED.
 **********
 **   10 **FIX           12
 **********
 PARAMETER   12  IS CONSTANT.   IGNORED.
 **********
 **   11 **FIX           13
 **********
 PARAMETER   13  IS CONSTANT.   IGNORED.
 **********
 **   12 **FIX           14
 **********
 **********
 **   13 **FIX           15
 **********
 PARAMETER   15  IS CONSTANT.   IGNORED.
 **********
 **   14 **FIX           16
 **********
 PARAMETER   16  IS CONSTANT.   IGNORED.
 **********
 **   15 **MIGRAD
 **********
 FIRST CALL TO USER FUNCTION AT NEW START POINT, WITH IFLAG=4.
 START MIGRAD MINIMIZATION.  STRATEGY  1.  CONVERGENCE WHEN EDM .LT. 1.00e-04
 FCN=1730.76 FROM MIGRAD    STATUS=INITIATE       34 CALLS          35 TOTAL
                     EDM= unknown      STRATEGY= 1      NO ERROR MATRIX       
  EXT PARAMETER               CURRENT GUESS       STEP         FIRST   
  NO.   NAME      VALUE            ERROR          SIZE      DERIVATIVE 
   1  N0           3.30555e+06   1.00000e+02   1.00000e+02  -8.03809e-03
   2  tau          6.44004e+01   constant   
   3  A0           3.62072e-01   1.00000e-04   1.00000e-04  -1.65733e+04
   4  phi          4.12124e+00   1.00000e-02   1.00000e-02   8.78256e+03
   5  R           -6.05915e+01   constant   
   6  A_CBO        3.72454e-03     fixed    
   7  w_CBO        2.32746e+00     fixed    
   8  phi_CBO      5.92565e+00     fixed    
   9  ANx2         3.16430e-04   constant   
  10  pNx2         2.82055e+00   constant   
  11  ANy1         0.00000e+00   constant   
  12  pNy1         0.00000e+00   constant   
  13  w_y          0.00000e+00   constant   
  14  ANy2         7.39162e-03     fixed    
  15  pNy2         2.23607e+00   constant   
  16  w_vw         1.43191e+01   constant   
  17  LM          -1.34420e-04   constant   
  18  wCBO_expCoeff   2.00000e+02   1.00000e+00   1.00000e+00   2.54737e+04
  19  wCBO_expOffset   2.00000e+02   1.00000e+00   1.00000e+00  -3.93962e+04
  20  wCBO_expT    3.00000e+01   1.00000e+00   1.00000e+00  -1.92006e+05
  21  wCBO_linCoeff   0.00000e+00   constant   
  22  wCBO_const   0.00000e+00   1.00000e-02   1.00000e-02   7.06726e+03
 MIGRAD FAILS TO FIND IMPROVEMENT
 FCN=1716.78 FROM HESSE     STATUS=NOT POSDEF     56 CALLS         137 TOTAL
                     EDM=33.7317    STRATEGY= 1      ERR MATRIX NOT POS-DEF
  EXT PARAMETER                APPROXIMATE        STEP         FIRST   
  NO.   NAME      VALUE            ERROR          SIZE      DERIVATIVE 
   1  N0           3.30644e+06   4.83381e+02   1.00057e+01  -2.92046e-03
   2  tau          6.44004e+01   constant   
   3  A0           3.62363e-01   2.93643e-04   3.97217e-06  -4.84177e+03
   4  phi          4.11994e+00   5.56890e-04   1.14671e-05   1.36126e+03
   5  R           -6.05915e+01   constant   
   6  A_CBO        3.72454e-03     fixed    
   7  w_CBO        2.32746e+00     fixed    
   8  phi_CBO      5.92565e+00     fixed    
   9  ANx2         3.16430e-04   constant   
  10  pNx2         2.82055e+00   constant   
  11  ANy1         0.00000e+00   constant   
  12  pNy1         0.00000e+00   constant   
  13  w_y          0.00000e+00   constant   
  14  ANy2         7.39162e-03     fixed    
  15  pNy2         2.23607e+00   constant   
  16  w_vw         1.43191e+01   constant   
  17  LM          -1.34420e-04   constant   
  18  wCBO_expCoeff   2.00000e+02   6.17868e-04   9.53674e-05   2.56279e+04
  19  wCBO_expOffset   2.00000e+02   5.80767e-05   9.53674e-05   1.65065e+05
  20  wCBO_expT    3.00000e+01   5.80668e-05   1.43051e-05  -3.16300e+05
  21  wCBO_linCoeff   0.00000e+00   constant   
  22  wCBO_const  -2.77952e-04   1.18453e-03   8.00492e-06   5.24395e+03
 MIGRAD FAILS TO FIND IMPROVEMENT
 MIGRAD TERMINATED WITHOUT CONVERGENCE.
 FCN=1715.4 FROM MIGRAD    STATUS=FAILED        444 CALLS         445 TOTAL
                     EDM=15.0605    STRATEGY= 1      ERR MATRIX NOT POS-DEF
  EXT PARAMETER                APPROXIMATE        STEP         FIRST   
  NO.   NAME      VALUE            ERROR          SIZE      DERIVATIVE 
   1  N0           3.30677e+06   1.00422e+03   0.00000e+00  -7.81118e-05
   2  tau          6.44004e+01   constant   
   3  A0           3.62432e-01   3.15118e-04   0.00000e+00  -3.03620e+02
   4  phi          4.11983e+00   5.79045e-04  -0.00000e+00  -1.66072e+02
   5  R           -6.05915e+01   constant   
   6  A_CBO        3.72454e-03     fixed    
   7  w_CBO        2.32746e+00     fixed    
   8  phi_CBO      5.92565e+00     fixed    
   9  ANx2         3.16430e-04   constant   
  10  pNx2         2.82055e+00   constant   
  11  ANy1         0.00000e+00   constant   
  12  pNy1         0.00000e+00   constant   
  13  w_y          0.00000e+00   constant   
  14  ANy2         7.39162e-03     fixed    
  15  pNy2         2.23607e+00   constant   
  16  w_vw         1.43191e+01   constant   
  17  LM          -1.34420e-04   constant   
  18  wCBO_expCoeff   2.00000e+02   1.58438e-04   0.00000e+00   1.85654e+03
  19  wCBO_expOffset   2.00000e+02   2.76524e-05   0.00000e+00  -2.29971e+05
  20  wCBO_expT    3.00000e+01   1.69987e-05  -0.00000e+00   3.16589e+04
  21  wCBO_linCoeff   0.00000e+00   constant   
  22  wCBO_const  -7.16284e-04   1.49580e-03  -0.00000e+00   8.61158e+02
 EXTERNAL ERROR MATRIX.    NDIM=  25    NPAR=  7    ERR DEF=1
  1.008e+06  2.319e-01 -2.061e-01  2.523e-02  2.627e-02 -5.466e-03 -1.247e+00 
  2.319e-01  9.930e-08 -5.852e-08  1.179e-08  7.656e-09 -9.695e-10 -3.390e-07 
 -2.061e-01 -5.852e-08  3.353e-07 -7.224e-09 -7.226e-09  1.055e-09  2.743e-07 
  2.523e-02  1.179e-08 -7.224e-09  2.510e-08  1.256e-09  2.024e-09 -1.136e-08 
  2.627e-02  7.656e-09 -7.226e-09  1.256e-09  7.647e-10 -1.172e-10 -3.542e-08 
 -5.466e-03 -9.695e-10  1.055e-09  2.024e-09 -1.172e-10  2.890e-10  1.493e-08 
 -1.247e+00 -3.390e-07  2.743e-07 -1.136e-08 -3.542e-08  1.493e-08  2.237e-06 
ERR MATRIX NOT POS-DEF
 PARAMETER  CORRELATION COEFFICIENTS  
       NO.  GLOBAL      1      3      4     18     19     20     22
        1  0.99573   1.000  0.733 -0.355  0.159  0.946 -0.320 -0.830
        3  0.98904   0.733  1.000 -0.321  0.236  0.879 -0.181 -0.719
        4  0.87134  -0.355 -0.321  1.000 -0.079 -0.451  0.107  0.317
       18  0.99415   0.159  0.236 -0.079  1.000  0.287  0.752 -0.048
       19  0.99818   0.946  0.879 -0.451  0.287  1.000 -0.249 -0.856
       20  0.99559  -0.320 -0.181  0.107  0.752 -0.249  1.000  0.587
       22  0.99252  -0.830 -0.719  0.317 -0.048 -0.856  0.587  1.000
 ERR MATRIX NOT POS-DEF
MINUIT - FIT ONLY 1-CBO + other amplitudes 
 **********
 **   16 **RES 
 **********
                   PARAMETER   14  ANy2 RESTORED TO VARIABLE.
                   PARAMETER    8  phi_CBO RESTORED TO VARIABLE.
                   PARAMETER    7  w_CBO RESTORED TO VARIABLE.
                   PARAMETER    6  A_CBO RESTORED TO VARIABLE.
 **********
 **   17 **FIX            0
 **********
 PARAMETER    0  IS UNDEFINED. IGNORED.
 **********
 **   18 **FIX            1
 **********
 **********
 **   19 **FIX            2
 **********
 PARAMETER    2  IS CONSTANT.   IGNORED.
 **********
 **   20 **FIX            3
 **********
 **********
 **   21 **FIX            4
 **********
 **********
 **   22 **FIX            9
 **********
 PARAMETER    9  IS CONSTANT.   IGNORED.
 **********
 **   23 **FIX           11
 **********
 PARAMETER   11  IS CONSTANT.   IGNORED.
 **********
 **   24 **FIX           12
 **********
 PARAMETER   12  IS CONSTANT.   IGNORED.
 **********
 **   25 **FIX           14
 **********
 **********
 **   26 **FIX           15
 **********
 PARAMETER   15  IS CONSTANT.   IGNORED.
 **********
 **   27 **FIX           16
 **********
 PARAMETER   16  IS CONSTANT.   IGNORED.
 **********
 **   28 **MIGRAD
 **********
 START MIGRAD MINIMIZATION.  STRATEGY  1.  CONVERGENCE WHEN EDM .LT. 1.00e-04
 FCN=1715.4 FROM MIGRAD    STATUS=INITIATE       22 CALLS         467 TOTAL
                     EDM= unknown      STRATEGY= 1      NO ERROR MATRIX       
  EXT PARAMETER               CURRENT GUESS       STEP         FIRST   
  NO.   NAME      VALUE            ERROR          SIZE      DERIVATIVE 
   1  N0           3.30677e+06     fixed    
   2  tau          6.44004e+01   constant   
   3  A0           3.62432e-01     fixed    
   4  phi          4.11983e+00     fixed    
   5  R           -6.05915e+01   constant   
   6  A_CBO        3.72454e-03   1.00000e-05   1.00000e-05   1.39105e+05
   7  w_CBO        2.32746e+00   1.00000e-03   1.00000e-03   1.59585e+05
   8  phi_CBO      5.92565e+00   1.00000e-04   1.00000e-04   3.52347e+01
   9  ANx2         3.16430e-04   constant   
  10  pNx2         2.82055e+00   constant   
  11  ANy1         0.00000e+00   constant   
  12  pNy1         0.00000e+00   constant   
  13  w_y          0.00000e+00   constant   
  14  ANy2         7.39162e-03     fixed    
  15  pNy2         2.23607e+00   constant   
  16  w_vw         1.43191e+01   constant   
  17  LM          -1.34420e-04   constant   
  18  wCBO_expCoeff   2.00000e+02   1.58438e-04   0.00000e+00   1.85654e+03
  19  wCBO_expOffset   2.00000e+02   2.76524e-05   0.00000e+00  -2.29971e+05
  20  wCBO_expT    3.00000e+01   1.69987e-05  -0.00000e+00   3.16589e+04
  21  wCBO_linCoeff   0.00000e+00   constant   
  22  wCBO_const  -7.16284e-04   1.49580e-03  -0.00000e+00   8.61158e+02
 CALL LIMIT EXCEEDED IN MIGRAD.
 MIGRAD TERMINATED WITHOUT CONVERGENCE.
 FCN=1484.66 FROM MIGRAD    STATUS=CALL LIMIT   1153 CALLS        1598 TOTAL
                     EDM=11.5091    STRATEGY= 1  ERROR MATRIX UNCERTAINTY   0.2 per cent
  EXT PARAMETER                APPROXIMATE        STEP         FIRST   
  NO.   NAME      VALUE            ERROR          SIZE      DERIVATIVE 
   1  N0           3.30677e+06     fixed    
   2  tau          6.44004e+01   constant   
   3  A0           3.62432e-01     fixed    
   4  phi          4.11983e+00     fixed    
   5  R           -6.05915e+01   constant   
   6  A_CBO        8.53510e-04   2.84460e-04   2.47412e-06   1.53062e+04
   7  w_CBO        2.32746e+00   1.07437e-06   1.03329e-08  -4.50844e+06
   8  phi_CBO      5.02293e+00   3.51647e-01  -3.86376e-03   1.07558e+01
   9  ANx2         3.16430e-04   constant   
  10  pNx2         2.82055e+00   constant   
  11  ANy1         0.00000e+00   constant   
  12  pNy1         0.00000e+00   constant   
  13  w_y          0.00000e+00   constant   
  14  ANy2         7.39162e-03     fixed    
  15  pNy2         2.23607e+00   constant   
  16  w_vw         1.43191e+01   constant   
  17  LM          -1.34420e-04   constant   
  18  wCBO_expCoeff   2.00000e+02   9.25496e-05   8.90771e-07  -5.24360e+04
  19  wCBO_expOffset   2.00000e+02   2.87230e-05  -3.03226e-07  -5.09043e+04
  20  wCBO_expT    3.00000e+01   1.06332e-05  -1.12986e-07   6.34536e+05
  21  wCBO_linCoeff   0.00000e+00   constant   
  22  wCBO_const  -2.81722e-03   1.03652e-03  -1.12776e-05  -6.70240e+03
 EXTERNAL ERROR MATRIX.    NDIM=  25    NPAR=  7    ERR DEF=1
  8.092e-08  2.244e-10 -6.847e-05  1.934e-08 -5.146e-09 -2.275e-09 -1.837e-07 
  2.244e-10  1.154e-12 -2.900e-07  6.394e-11 -2.389e-11 -8.400e-12 -9.164e-10 
 -6.847e-05 -2.900e-07  1.237e-01 -2.500e-05  8.547e-06  3.198e-06  3.277e-04 
  1.934e-08  6.394e-11 -2.500e-05  8.565e-09 -2.059e-09 -7.243e-10 -7.900e-08 
 -5.146e-09 -2.389e-11  8.547e-06 -2.059e-09  8.250e-10  2.588e-10  2.529e-08 
 -2.275e-09 -8.400e-12  3.198e-06 -7.243e-10  2.588e-10  1.131e-10  9.871e-09 
 -1.837e-07 -9.164e-10  3.277e-04 -7.900e-08  2.529e-08  9.871e-09  1.074e-06 
ERR MATRIX APPROXIMATE
 PARAMETER  CORRELATION COEFFICIENTS  
       NO.  GLOBAL      6      7      8     18     19     20     22
        6  0.99732   1.000  0.734 -0.684  0.735 -0.630 -0.752 -0.623
        7  0.99674   0.734  1.000 -0.768  0.643 -0.774 -0.735 -0.823
        8  0.98152  -0.684 -0.768  1.000 -0.768  0.846  0.855  0.899
       18  0.99675   0.735  0.643 -0.768  1.000 -0.775 -0.736 -0.823
       19  0.99274  -0.630 -0.774  0.846 -0.775  1.000  0.847  0.849
       20  0.99808  -0.752 -0.735  0.855 -0.736  0.847  1.000  0.896
       22  0.99910  -0.623 -0.823  0.899 -0.823  0.849  0.896  1.000
 ERR MATRIX APPROXIMATE
MINUIT - FIT ONLY 1-CBO
 **********
 **   29 **RES 
 **********
                   PARAMETER   14  ANy2 RESTORED TO VARIABLE.
                   PARAMETER    4  phi RESTORED TO VARIABLE.
                   PARAMETER    3  A0 RESTORED TO VARIABLE.
                   PARAMETER    1  N0 RESTORED TO VARIABLE.
 **********
 **   30 **FIX            0
 **********
 PARAMETER    0  IS UNDEFINED. IGNORED.
 **********
 **   31 **FIX            1
 **********
 **********
 **   32 **FIX            2
 **********
 PARAMETER    2  IS CONSTANT.   IGNORED.
 **********
 **   33 **FIX            3
 **********
 **********
 **   34 **FIX            4
 **********
 **********
 **   35 **FIX            8
 **********
 **********
 **   36 **FIX            9
 **********
 PARAMETER    9  IS CONSTANT.   IGNORED.
 **********
 **   37 **FIX           11
 **********
 PARAMETER   11  IS CONSTANT.   IGNORED.
 **********
 **   38 **FIX           12
 **********
 PARAMETER   12  IS CONSTANT.   IGNORED.
 **********
 **   39 **FIX           13
 **********
 PARAMETER   13  IS CONSTANT.   IGNORED.
 **********
 **   40 **FIX           15
 **********
 PARAMETER   15  IS CONSTANT.   IGNORED.
 **********
 **   41 **FIX           16
 **********
 PARAMETER   16  IS CONSTANT.   IGNORED.
 **********
 **   42 **MIGRAD
 **********
 START MIGRAD MINIMIZATION.  STRATEGY  1.  CONVERGENCE WHEN EDM .LT. 1.00e-04
 FCN=1484.66 FROM MIGRAD    STATUS=INITIATE       16 CALLS        1614 TOTAL
                     EDM= unknown      STRATEGY= 1      NO ERROR MATRIX       
  EXT PARAMETER               CURRENT GUESS       STEP         FIRST   
  NO.   NAME      VALUE            ERROR          SIZE      DERIVATIVE 
   1  N0           3.30677e+06     fixed    
   2  tau          6.44004e+01   constant   
   3  A0           3.62432e-01     fixed    
   4  phi          4.11983e+00     fixed    
   5  R           -6.05915e+01   constant   
   6  A_CBO        8.53510e-04   2.84460e-04   2.47412e-06   1.53062e+04
   7  w_CBO        2.32746e+00   1.07437e-06   1.03329e-08  -4.50844e+06
   8  phi_CBO      5.02293e+00     fixed    
   9  ANx2         3.16430e-04   constant   
  10  pNx2         2.82055e+00   constant   
  11  ANy1         0.00000e+00   constant   
  12  pNy1         0.00000e+00   constant   
  13  w_y          0.00000e+00   constant   
  14  ANy2         7.39162e-03   1.00000e-04   1.00000e-04   3.13183e+05
  15  pNy2         2.23607e+00   constant   
  16  w_vw         1.43191e+01   constant   
  17  LM          -1.34420e-04   constant   
  18  wCBO_expCoeff   2.00000e+02   9.25496e-05   8.90771e-07  -5.24360e+04
  19  wCBO_expOffset   2.00000e+02   2.87230e-05  -3.03226e-07  -5.09043e+04
  20  wCBO_expT    3.00000e+01   1.06332e-05  -1.12986e-07   6.34536e+05
  21  wCBO_linCoeff   0.00000e+00   constant   
  22  wCBO_const  -2.81722e-03   1.03652e-03  -1.12776e-05  -6.70240e+03
 CALL LIMIT EXCEEDED IN MIGRAD.
 MIGRAD TERMINATED WITHOUT CONVERGENCE.
 FCN=373.13 FROM MIGRAD    STATUS=CALL LIMIT   1162 CALLS        2760 TOTAL
                     EDM=8.35421    STRATEGY= 1  ERROR MATRIX UNCERTAINTY   0.3 per cent
  EXT PARAMETER                APPROXIMATE        STEP         FIRST   
  NO.   NAME      VALUE            ERROR          SIZE      DERIVATIVE 
   1  N0           3.30677e+06     fixed    
   2  tau          6.44004e+01   constant   
   3  A0           3.62432e-01     fixed    
   4  phi          4.11983e+00     fixed    
   5  R           -6.05915e+01   constant   
   6  A_CBO       -6.59584e-05   3.02340e-04  -3.05560e-07  -4.71352e+02
   7  w_CBO        2.32747e+00   1.78914e-06   1.63604e-09  -8.97999e+05
   8  phi_CBO      5.02293e+00     fixed    
   9  ANx2         3.16430e-04   constant   
  10  pNx2         2.82055e+00   constant   
  11  ANy1         0.00000e+00   constant   
  12  pNy1         0.00000e+00   constant   
  13  w_y          0.00000e+00   constant   
  14  ANy2         3.00217e-04   2.15380e-04   4.74298e-08   4.31469e+02
  15  pNy2         2.23607e+00   constant   
  16  w_vw         1.43191e+01   constant   
  17  LM          -1.34420e-04   constant   
  18  wCBO_expCoeff   2.00001e+02   1.54201e-04   1.41199e-07  -1.04455e+04
  19  wCBO_expOffset   2.00000e+02   8.15859e-05  -9.18336e-08   1.65185e+04
  20  wCBO_expT    2.99999e+01   2.92610e-05  -3.25609e-08   1.25123e+05
  21  wCBO_linCoeff   0.00000e+00   constant   
  22  wCBO_const  -1.64845e-03   1.32486e-03  -1.40493e-06  -1.16452e+03
 EXTERNAL ERROR MATRIX.    NDIM=  25    NPAR=  7    ERR DEF=1
  9.141e-08 -3.822e-10 -1.063e-08 -3.296e-08  1.824e-08  6.923e-09  2.514e-07 
 -3.822e-10  3.201e-12  6.249e-11  1.312e-10 -1.082e-10 -3.501e-11 -1.771e-09 
 -1.063e-08  6.249e-11  4.639e-08  5.392e-09 -3.320e-09 -1.173e-09 -4.605e-08 
 -3.296e-08  1.312e-10  5.392e-09  2.378e-08 -9.339e-09 -3.022e-09 -1.528e-07 
  1.824e-08 -1.082e-10 -3.320e-09 -9.339e-09  6.656e-09  2.204e-09  9.742e-08 
  6.923e-09 -3.501e-11 -1.173e-09 -3.022e-09  2.204e-09  8.562e-10  3.488e-08 
  2.514e-07 -1.771e-09 -4.605e-08 -1.528e-07  9.742e-08  3.488e-08  1.755e-06 
ERR MATRIX APPROXIMATE
 PARAMETER  CORRELATION COEFFICIENTS  
       NO.  GLOBAL      6      7     14     18     19     20     22
        6  0.99802   1.000 -0.706 -0.163 -0.707  0.739  0.783  0.628
        7  0.99680  -0.706  1.000  0.162  0.475 -0.741 -0.669 -0.747
       14  0.57866  -0.163  0.162  1.000  0.162 -0.189 -0.186 -0.161
       18  0.99681  -0.707  0.475  0.162  1.000 -0.742 -0.670 -0.748
       19  0.99358   0.739 -0.741 -0.189 -0.742  1.000  0.923  0.901
       20  0.99912   0.783 -0.669 -0.186 -0.670  0.923  1.000  0.900
       22  0.99901   0.628 -0.747 -0.161 -0.748  0.901  0.900  1.000
 ERR MATRIX APPROXIMATE
MINUIT - FIT ONLY 2-CBO
 **********
 **   43 **RES 
 **********
                   PARAMETER    8  phi_CBO RESTORED TO VARIABLE.
                   PARAMETER    4  phi RESTORED TO VARIABLE.
                   PARAMETER    3  A0 RESTORED TO VARIABLE.
                   PARAMETER    1  N0 RESTORED TO VARIABLE.
 **********
 **   44 **FIX            0
 **********
 PARAMETER    0  IS UNDEFINED. IGNORED.
 **********
 **   45 **FIX            1
 **********
 **********
 **   46 **FIX            2
 **********
 PARAMETER    2  IS CONSTANT.   IGNORED.
 **********
 **   47 **FIX            3
 **********
 **********
 **   48 **FIX            4
 **********
 **********
 **   49 **FIX            5
 **********
 PARAMETER    5  IS CONSTANT.   IGNORED.
 **********
 **   50 **FIX            6
 **********
 **********
 **   51 **FIX            7
 **********
 **********
 **   52 **FIX           10
 **********
 PARAMETER   10  IS CONSTANT.   IGNORED.
 **********
 **   53 **FIX           11
 **********
 PARAMETER   11  IS CONSTANT.   IGNORED.
 **********
 **   54 **FIX           12
 **********
 PARAMETER   12  IS CONSTANT.   IGNORED.
 **********
 **   55 **FIX           13
 **********
 PARAMETER   13  IS CONSTANT.   IGNORED.
 **********
 **   56 **FIX           14
 **********
 **********
 **   57 **FIX           15
 **********
 PARAMETER   15  IS CONSTANT.   IGNORED.
 **********
 **   58 **FIX           16
 **********
 PARAMETER   16  IS CONSTANT.   IGNORED.
 **********
 **   59 **MIGRAD
 **********
 START MIGRAD MINIMIZATION.  STRATEGY  1.  CONVERGENCE WHEN EDM .LT. 1.00e-04
 FCN=373.13 FROM MIGRAD    STATUS=INITIATE       12 CALLS        2772 TOTAL
                     EDM= unknown      STRATEGY= 1      NO ERROR MATRIX       
  EXT PARAMETER               CURRENT GUESS       STEP         FIRST   
  NO.   NAME      VALUE            ERROR          SIZE      DERIVATIVE 
   1  N0           3.30677e+06     fixed    
   2  tau          6.44004e+01   constant   
   3  A0           3.62432e-01     fixed    
   4  phi          4.11983e+00     fixed    
   5  R           -6.05915e+01   constant   
   6  A_CBO       -6.59584e-05     fixed    
   7  w_CBO        2.32747e+00     fixed    
   8  phi_CBO      5.02293e+00   3.51647e-01   3.51647e-01   1.14476e-01
   9  ANx2         3.16430e-04   constant   
  10  pNx2         2.82055e+00   constant   
  11  ANy1         0.00000e+00   constant   
  12  pNy1         0.00000e+00   constant   
  13  w_y          0.00000e+00   constant   
  14  ANy2         3.00217e-04     fixed    
  15  pNy2         2.23607e+00   constant   
  16  w_vw         1.43191e+01   constant   
  17  LM          -1.34420e-04   constant   
  18  wCBO_expCoeff   2.00001e+02   1.54201e-04   1.41199e-07  -1.04455e+04
  19  wCBO_expOffset   2.00000e+02   8.15859e-05  -9.18336e-08   1.65185e+04
  20  wCBO_expT    2.99999e+01   2.92610e-05  -3.25609e-08   1.25123e+05
  21  wCBO_linCoeff   0.00000e+00   constant   
  22  wCBO_const  -1.64845e-03   1.32486e-03  -1.40493e-06  -1.16452e+03
 MIGRAD FAILS TO FIND IMPROVEMENT
 FCN=372.54 FROM HESSE     STATUS=NOT POSDEF     37 CALLS        2845 TOTAL
                     EDM=0.678855    STRATEGY= 1      ERR MATRIX NOT POS-DEF
  EXT PARAMETER                APPROXIMATE        STEP         FIRST   
  NO.   NAME      VALUE            ERROR          SIZE      DERIVATIVE 
   1  N0           3.30677e+06     fixed    
   2  tau          6.44004e+01   constant   
   3  A0           3.62432e-01     fixed    
   4  phi          4.11983e+00     fixed    
   5  R           -6.05915e+01   constant   
   6  A_CBO       -6.59584e-05     fixed    
   7  w_CBO        2.32747e+00     fixed    
   8  phi_CBO      4.66600e+00   3.88402e+00   3.04003e-02   1.52997e-02
   9  ANx2         3.16430e-04   constant   
  10  pNx2         2.82055e+00   constant   
  11  ANy1         0.00000e+00   constant   
  12  pNy1         0.00000e+00   constant   
  13  w_y          0.00000e+00   constant   
  14  ANy2         3.00217e-04     fixed    
  15  pNy2         2.23607e+00   constant   
  16  w_vw         1.43191e+01   constant   
  17  LM          -1.34420e-04   constant   
  18  wCBO_expCoeff   2.00001e+02   1.59571e-03   9.53677e-05  -2.04419e+03
  19  wCBO_expOffset   2.00000e+02   2.14682e-04   9.53674e-05  -1.29740e+04
  20  wCBO_expT    2.99999e+01   1.08529e-04   1.43051e-05   5.38598e+04
  21  wCBO_linCoeff   0.00000e+00   constant   
  22  wCBO_const  -1.53296e-03   4.35642e-03   7.06494e-06   2.87627e+02
 MIGRAD FAILS TO FIND IMPROVEMENT
 MIGRAD TERMINATED WITHOUT CONVERGENCE.
 FCN=368.437 FROM MIGRAD    STATUS=FAILED        204 CALLS        2964 TOTAL
                     EDM=7.69825e+06    STRATEGY= 1      ERR MATRIX NOT POS-DEF
  EXT PARAMETER                APPROXIMATE        STEP         FIRST   
  NO.   NAME      VALUE            ERROR          SIZE      DERIVATIVE 
   1  N0           3.30677e+06     fixed    
   2  tau          6.44004e+01   constant   
   3  A0           3.62432e-01     fixed    
   4  phi          4.11983e+00     fixed    
   5  R           -6.05915e+01   constant   
   6  A_CBO       -6.59584e-05     fixed    
   7  w_CBO        2.32747e+00     fixed    
   8  phi_CBO      3.95716e+00   2.76941e+00  -0.00000e+00   2.65284e-01
   9  ANx2         3.16430e-04   constant   
  10  pNx2         2.82055e+00   constant   
  11  ANy1         0.00000e+00   constant   
  12  pNy1         0.00000e+00   constant   
  13  w_y          0.00000e+00   constant   
  14  ANy2         3.00217e-04     fixed    
  15  pNy2         2.23607e+00   constant   
  16  w_vw         1.43191e+01   constant   
  17  LM          -1.34420e-04   constant   
  18  wCBO_expCoeff   2.57895e+02   9.89831e-01  -0.00000e+00   3.73857e+03
  19  wCBO_expOffset  -7.92133e+01   9.31632e-01   0.00000e+00  -1.33546e+03
  20  wCBO_expT   -7.23211e+02   4.32034e-01  -0.00000e+00   4.26748e+02
  21  wCBO_linCoeff   0.00000e+00   constant   
  22  wCBO_const   4.26936e+00   9.98350e-01  -0.00000e+00   2.72067e+03
 EXTERNAL ERROR MATRIX.    NDIM=  25    NPAR=  5    ERR DEF=1
  7.670e+00 -2.199e-04  3.346e-06  4.911e-05  1.927e-04 
 -2.199e-04  9.798e-01  5.186e-02  1.289e-01 -8.190e-03 
  3.346e-06  5.186e-02  8.679e-01 -3.278e-01  2.111e-02 
  4.911e-05  1.289e-01 -3.278e-01  1.867e-01  5.251e-02 
  1.927e-04 -8.190e-03  2.111e-02  5.251e-02  9.967e-01 
ERR MATRIX NOT POS-DEF
 PARAMETER  CORRELATION COEFFICIENTS  
       NO.  GLOBAL      8     18     19     20     22
        8  0.00017   1.000 -0.000  0.000  0.000  0.000
       18  0.62146  -0.000  1.000  0.056  0.301 -0.008
       19  0.88449   0.000  0.056  1.000 -0.814  0.023
       20  0.89706   0.000  0.301 -0.814  1.000  0.122
       22  0.30994   0.000 -0.008  0.023  0.122  1.000
 ERR MATRIX NOT POS-DEF
MINUIT - FIT ONLY 1-y
 **********
 **   60 **RES 
 **********
                   PARAMETER   14  ANy2 RESTORED TO VARIABLE.
                   PARAMETER    7  w_CBO RESTORED TO VARIABLE.
                   PARAMETER    6  A_CBO RESTORED TO VARIABLE.
                   PARAMETER    4  phi RESTORED TO VARIABLE.
                   PARAMETER    3  A0 RESTORED TO VARIABLE.
                   PARAMETER    1  N0 RESTORED TO VARIABLE.
 **********
 **   61 **FIX            0
 **********
 PARAMETER    0  IS UNDEFINED. IGNORED.
 **********
 **   62 **FIX            1
 **********
 **********
 **   63 **FIX            2
 **********
 PARAMETER    2  IS CONSTANT.   IGNORED.
 **********
 **   64 **FIX            3
 **********
 **********
 **   65 **FIX            4
 **********
 **********
 **   66 **FIX            5
 **********
 PARAMETER    5  IS CONSTANT.   IGNORED.
 **********
 **   67 **FIX            6
 **********
 **********
 **   68 **FIX            7
 **********
 **********
 **   69 **FIX            8
 **********
 **********
 **   70 **FIX            9
 **********
 PARAMETER    9  IS CONSTANT.   IGNORED.
 **********
 **   71 **FIX           13
 **********
 PARAMETER   13  IS CONSTANT.   IGNORED.
 **********
 **   72 **FIX           14
 **********
 **********
 **   73 **FIX           15
 **********
 PARAMETER   15  IS CONSTANT.   IGNORED.
 **********
 **   74 **FIX           16
 **********
 PARAMETER   16  IS CONSTANT.   IGNORED.
 **********
 **   75 **MIGRAD
 **********
 START MIGRAD MINIMIZATION.  STRATEGY  1.  CONVERGENCE WHEN EDM .LT. 1.00e-04
 FCN=368.437 FROM MIGRAD    STATUS=INITIATE        8 CALLS        2972 TOTAL
                     EDM= unknown      STRATEGY= 1      NO ERROR MATRIX       
  EXT PARAMETER               CURRENT GUESS       STEP         FIRST   
  NO.   NAME      VALUE            ERROR          SIZE      DERIVATIVE 
   1  N0           3.30677e+06     fixed    
   2  tau          6.44004e+01   constant   
   3  A0           3.62432e-01     fixed    
   4  phi          4.11983e+00     fixed    
   5  R           -6.05915e+01   constant   
   6  A_CBO       -6.59584e-05     fixed    
   7  w_CBO        2.32747e+00     fixed    
   8  phi_CBO      3.95716e+00     fixed    
   9  ANx2         3.16430e-04   constant   
  10  pNx2         2.82055e+00   constant   
  11  ANy1         0.00000e+00   constant   
  12  pNy1         0.00000e+00   constant   
  13  w_y          0.00000e+00   constant   
  14  ANy2         3.00217e-04     fixed    
  15  pNy2         2.23607e+00   constant   
  16  w_vw         1.43191e+01   constant   
  17  LM          -1.34420e-04   constant   
  18  wCBO_expCoeff   2.57895e+02   9.89831e-01  -0.00000e+00   3.73857e+03
  19  wCBO_expOffset  -7.92133e+01   9.31632e-01   0.00000e+00  -1.33546e+03
  20  wCBO_expT   -7.23211e+02   4.32034e-01  -0.00000e+00   4.26748e+02
  21  wCBO_linCoeff   0.00000e+00   constant   
  22  wCBO_const   4.26936e+00   9.98350e-01  -0.00000e+00   2.72067e+03
 MIGRAD MINIMIZATION HAS CONVERGED.
 MIGRAD WILL VERIFY CONVERGENCE AND ERROR MATRIX.
 FCN=367.05 FROM MIGRAD    STATUS=CONVERGED      91 CALLS        3055 TOTAL
                     EDM=2.26896e-06    STRATEGY= 1      ERR MATRIX NOT POS-DEF
  EXT PARAMETER                APPROXIMATE        STEP         FIRST   
  NO.   NAME      VALUE            ERROR          SIZE      DERIVATIVE 
   1  N0           3.30677e+06     fixed    
   2  tau          6.44004e+01   constant   
   3  A0           3.62432e-01     fixed    
   4  phi          4.11983e+00     fixed    
   5  R           -6.05915e+01   constant   
   6  A_CBO       -6.59584e-05     fixed    
   7  w_CBO        2.32747e+00     fixed    
   8  phi_CBO      3.95716e+00     fixed    
   9  ANx2         3.16430e-04   constant   
  10  pNx2         2.82055e+00   constant   
  11  ANy1         0.00000e+00   constant   
  12  pNy1         0.00000e+00   constant   
  13  w_y          0.00000e+00   constant   
  14  ANy2         3.00217e-04     fixed    
  15  pNy2         2.23607e+00   constant   
  16  w_vw         1.43191e+01   constant   
  17  LM          -1.34420e-04   constant   
  18  wCBO_expCoeff   2.57897e+02   6.10050e-03   1.22975e-04  -3.96612e+00
  19  wCBO_expOffset  -7.92187e+01   9.35806e-03   3.77744e-05   1.42403e+00
  20  wCBO_expT   -7.23296e+02   3.55731e-02   3.44895e-04  -4.05513e-01
  21  wCBO_linCoeff   0.00000e+00   constant   
  22  wCBO_const   4.27674e+00   4.78836e-03   5.71952e-06  -2.95304e+00
 EXTERNAL ERROR MATRIX.    NDIM=  25    NPAR=  4    ERR DEF=1
  3.722e-05  3.025e-05 -1.319e-04 -1.622e-05 
  3.025e-05  8.757e-05  9.569e-06 -4.743e-07 
 -1.319e-04  9.569e-06  1.265e-03 -5.716e-06 
 -1.622e-05 -4.743e-07 -5.716e-06  2.293e-05 
ERR MATRIX NOT POS-DEF
 PARAMETER  CORRELATION COEFFICIENTS  
       NO.  GLOBAL     18     19     20     22
       18  0.99734   1.000  0.530 -0.608 -0.555
       19  0.99110   0.530  1.000  0.029 -0.011
       20  0.99363  -0.608  0.029  1.000 -0.034
       22  0.99196  -0.555 -0.011 -0.034  1.000
 ERR MATRIX NOT POS-DEF
MINUIT - FIT ONLY 2-y
 **********
 **   76 **RES 
 **********
                   PARAMETER   14  ANy2 RESTORED TO VARIABLE.
                   PARAMETER    8  phi_CBO RESTORED TO VARIABLE.
                   PARAMETER    7  w_CBO RESTORED TO VARIABLE.
                   PARAMETER    6  A_CBO RESTORED TO VARIABLE.
                   PARAMETER    4  phi RESTORED TO VARIABLE.
                   PARAMETER    3  A0 RESTORED TO VARIABLE.
                   PARAMETER    1  N0 RESTORED TO VARIABLE.
 **********
 **   77 **FIX            0
 **********
 PARAMETER    0  IS UNDEFINED. IGNORED.
 **********
 **   78 **FIX            1
 **********
 **********
 **   79 **FIX            2
 **********
 PARAMETER    2  IS CONSTANT.   IGNORED.
 **********
 **   80 **FIX            3
 **********
 **********
 **   81 **FIX            4
 **********
 **********
 **   82 **FIX            5
 **********
 PARAMETER    5  IS CONSTANT.   IGNORED.
 **********
 **   83 **FIX            6
 **********
 **********
 **   84 **FIX            7
 **********
 **********
 **   85 **FIX            8
 **********
 **********
 **   86 **FIX            9
 **********
 PARAMETER    9  IS CONSTANT.   IGNORED.
 **********
 **   87 **FIX           10
 **********
 PARAMETER   10  IS CONSTANT.   IGNORED.
 **********
 **   88 **FIX           11
 **********
 PARAMETER   11  IS CONSTANT.   IGNORED.
 **********
 **   89 **FIX           12
 **********
 PARAMETER   12  IS CONSTANT.   IGNORED.
 **********
 **   90 **FIX           16
 **********
 PARAMETER   16  IS CONSTANT.   IGNORED.
 **********
 **   91 **MIGRAD
 **********
 START MIGRAD MINIMIZATION.  STRATEGY  1.  CONVERGENCE WHEN EDM .LT. 1.00e-04
 FCN=367.05 FROM MIGRAD    STATUS=INITIATE       10 CALLS        3065 TOTAL
                     EDM= unknown      STRATEGY= 1      NO ERROR MATRIX       
  EXT PARAMETER               CURRENT GUESS       STEP         FIRST   
  NO.   NAME      VALUE            ERROR          SIZE      DERIVATIVE 
   1  N0           3.30677e+06     fixed    
   2  tau          6.44004e+01   constant   
   3  A0           3.62432e-01     fixed    
   4  phi          4.11983e+00     fixed    
   5  R           -6.05915e+01   constant   
   6  A_CBO       -6.59584e-05     fixed    
   7  w_CBO        2.32747e+00     fixed    
   8  phi_CBO      3.95716e+00     fixed    
   9  ANx2         3.16430e-04   constant   
  10  pNx2         2.82055e+00   constant   
  11  ANy1         0.00000e+00   constant   
  12  pNy1         0.00000e+00   constant   
  13  w_y          0.00000e+00   constant   
  14  ANy2         3.00217e-04   2.15380e-04   2.15380e-04  -1.42791e+03
  15  pNy2         2.23607e+00   constant   
  16  w_vw         1.43191e+01   constant   
  17  LM          -1.34420e-04   constant   
  18  wCBO_expCoeff   2.57897e+02   6.10050e-03   1.22975e-04  -6.29149e-02
  19  wCBO_expOffset  -7.92187e+01   9.35806e-03   3.77744e-05   1.41133e+00
  20  wCBO_expT   -7.23296e+02   3.55731e-02   3.44895e-04  -3.60641e-01
  21  wCBO_linCoeff   0.00000e+00   constant   
  22  wCBO_const   4.27674e+00   4.78836e-03   5.71952e-06  -2.94987e+00
 MIGRAD MINIMIZATION HAS CONVERGED.
 MIGRAD WILL VERIFY CONVERGENCE AND ERROR MATRIX.
 FCN=367.027 FROM MIGRAD    STATUS=CONVERGED      70 CALLS        3125 TOTAL
                     EDM=3.82363e-07    STRATEGY= 1      ERR MATRIX NOT POS-DEF
  EXT PARAMETER                APPROXIMATE        STEP         FIRST   
  NO.   NAME      VALUE            ERROR          SIZE      DERIVATIVE 
   1  N0           3.30677e+06     fixed    
   2  tau          6.44004e+01   constant   
   3  A0           3.62432e-01     fixed    
   4  phi          4.11983e+00     fixed    
   5  R           -6.05915e+01   constant   
   6  A_CBO       -6.59584e-05     fixed    
   7  w_CBO        2.32747e+00     fixed    
   8  phi_CBO      3.95716e+00     fixed    
   9  ANx2         3.16430e-04   constant   
  10  pNx2         2.82055e+00   constant   
  11  ANy1         0.00000e+00   constant   
  12  pNy1         0.00000e+00   constant   
  13  w_y          0.00000e+00   constant   
  14  ANy2         3.32283e-04   2.10502e-04   1.98486e-06  -7.11027e-01
  15  pNy2         2.23607e+00   constant   
  16  w_vw         1.43191e+01   constant   
  17  LM          -1.34420e-04   constant   
  18  wCBO_expCoeff   2.57897e+02   6.08655e-03   1.22975e-04  -3.22174e-01
  19  wCBO_expOffset  -7.92187e+01   9.35939e-03   3.77744e-05   1.28796e-01
  20  wCBO_expT   -7.23296e+02   3.55077e-02   3.44895e-04  -5.70210e-02
  21  wCBO_linCoeff   0.00000e+00   constant   
  22  wCBO_const   4.27675e+00   4.78712e-03   5.70966e-06  -1.67518e-01
 EXTERNAL ERROR MATRIX.    NDIM=  25    NPAR=  5    ERR DEF=1
  4.431e-08 -6.344e-08 -6.350e-08  2.064e-07  2.788e-08 
 -6.344e-08  3.705e-05  3.017e-05 -1.310e-04 -1.616e-05 
 -6.350e-08  3.017e-05  8.760e-05  1.010e-05 -4.351e-07 
  2.064e-07 -1.310e-04  1.010e-05  1.261e-03 -6.016e-06 
  2.788e-08 -1.616e-05 -4.351e-07 -6.016e-06  2.292e-05 
