 + ++++++++++++++++++++++++++++++++++++++++++++++++++++++++++++++++++++ +
 +                                                                      +
 +           You have chose to blind your fitting according to          +
 +                omega_ref * (1 + (R +/- deltaR) *10^{-6})             +
 +                                                                      +
 + ++++++++++++++++++++++++++++++++++++++++++++++++++++++++++++++++++++ +
In main()...
reading format from /gm2data/zkhechad/run45/envelope/formats/formatB_sBin_constraintOn.txt
pBinTau 	= 0  
pBinPhi 	= 0  
constraintau 	= 1 
includeMopTerm 	= 0    
constrainMop    = 0   
Parameters after format file: pBinTau 0 pBinPhi 0 constraintau 1 includeMopTerm 0 constrainMop 0 c_e_scale 0.000000 
reading cbo reference file (full fit) from /gm2data/zkhechad/cboTemplates/Run4CBOTemplates/fullFits/run4/sBin_constraintOn_cE0.0_seed0_run4_calo18.root
A_CBO 0.008791 w_CBO 2.327338 phi_CBO 0.630678 N0 3499835.498759 R -60.917989 tau 64.411905 
Reading cboRef file /gm2data/zkhechad/cboTemplates/Run4CBOTemplates//cboIsolate/run4_calo18.root
deltaT 51.631101
windowBins = 340
fitting sliding window 880 from bin 1083 at 161.583600 to bin 1423 at 212.311600 (340 bins)

Reading data from /gm2data/cornell/histograms/aMethod/histogram_a_run4.root
fitting cbo isolate
 **********
 **    1 **SET PRINTOUT            1
 **********
 **********
 **    2 **SET NOWARNINGS 
 **********
 PARAMETER DEFINITIONS:
    NO.   NAME         VALUE      STEP SIZE      LIMITS
     1 A_CBO        8.79094e-03  1.00000e-05     no limits
     2 w_CBO        2.32734e+00  1.00000e-02    2.00000e+00  3.00000e+00
     3 phi_CBO      6.30678e-01  1.00000e-02    0.00000e+00  6.28319e+00
 **********
 **    3 **MIGRAD
 **********
 FIRST CALL TO USER FUNCTION AT NEW START POINT, WITH IFLAG=4.
 START MIGRAD MINIMIZATION.  STRATEGY  1.  CONVERGENCE WHEN EDM .LT. 1.00e-04
 FCN=0.00440719 FROM MIGRAD    STATUS=INITIATE       12 CALLS          13 TOTAL
                     EDM= unknown      STRATEGY= 1      NO ERROR MATRIX       
  EXT PARAMETER               CURRENT GUESS       STEP         FIRST   
  NO.   NAME      VALUE            ERROR          SIZE      DERIVATIVE 
   1  A_CBO        8.79094e-03   1.00000e-05   1.00000e-05   1.58226e+00
   2  w_CBO        2.32734e+00   1.00000e-02   2.13132e-02   7.80783e-03
   3  phi_CBO      6.30678e-01   1.00000e-02   5.29649e-03  -2.16482e-04
 MIGRAD MINIMIZATION HAS CONVERGED.
 MIGRAD WILL VERIFY CONVERGENCE AND ERROR MATRIX.
 COVARIANCE MATRIX CALCULATED SUCCESSFULLY
 FCN=0.000714511 FROM MIGRAD    STATUS=CONVERGED      41 CALLS          42 TOTAL
                     EDM=4.52348e-06    STRATEGY= 1      ERROR MATRIX ACCURATE 
  EXT PARAMETER                                   STEP         FIRST   
  NO.   NAME      VALUE            ERROR          SIZE      DERIVATIVE 
   1  A_CBO        4.12232e-03   7.70131e-02   3.75275e-05   2.09982e-05
   2  w_CBO        2.32730e+00   5.78783e-01   1.03840e-04  -9.09833e-03
   3  phi_CBO      6.39967e-01   3.34563e+00   4.74670e-03   1.73598e-04
 EXTERNAL ERROR MATRIX.    NDIM=  25    NPAR=  3    ERR DEF=1
  5.931e-03 -5.077e-03 -9.532e-01 
 -5.077e-03  9.411e-01  1.733e+02 
 -9.532e-01  1.733e+02  3.226e+04 
 PARAMETER  CORRELATION COEFFICIENTS  
       NO.  GLOBAL      1      2      3
        1  0.06915   1.000 -0.068 -0.069
        2  0.99470  -0.068  1.000  0.995
        3  0.99470  -0.069  0.995  1.000
setting A_CBO=0.004122 w_CBO=2.327300, phi_CBO=0.639967
done fitting cbo isolate
 **********
 **    1 **SET PRINTOUT            1
 **********
 **********
 **    2 **SET NOWARNINGS 
 **********
 PARAMETER DEFINITIONS:
    NO.   NAME         VALUE      STEP SIZE      LIMITS
     1 N0           3.49984e+06  1.00000e+02     no limits
     2 tau          6.44119e+01  constant
     3 A0           3.53539e-01  1.00000e-04     no limits
     4 phi          4.12187e+00  1.00000e-02     no limits
     5 R           -6.09180e+01  constant
     6 A_CBO        4.12232e-03  1.00000e-05     no limits
     7 w_CBO        2.32730e+00  1.00000e-03     no limits
     8 phi_CBO      6.39967e-01  1.00000e-04     no limits
     9 ANx2         2.22853e-04  constant
    10 pNx2         5.08518e+00  constant
    11 ANy1         0.00000e+00  constant
    12 pNy1         0.00000e+00  constant
    13 w_y          0.00000e+00  constant
    14 ANy2         9.04789e-03  1.00000e-04     no limits
    15 pNy2         3.29982e+00  constant
    16 w_vw         1.43191e+01  constant
    17 LM           2.21951e-04  constant
    18 wCBO_expCoeff   2.00000e+02  1.00000e+00     no limits
    19 wCBO_expOffset   2.00000e+02  1.00000e+00     no limits
    20 wCBO_expT    3.00000e+01  1.00000e+00     no limits
    21 wCBO_linCoeff   0.00000e+00  constant
    22 wCBO_const   0.00000e+00  1.00000e-02     no limits
MINUIT - FIT ONLY WIGGLE
 **********
 **    3 **FIX            5
 **********
 PARAMETER    5  IS CONSTANT.   IGNORED.
 **********
 **    4 **FIX            6
 **********
 **********
 **    5 **FIX            7
 **********
 **********
 **    6 **FIX            8
 **********
 **********
 **    7 **FIX            9
 **********
 PARAMETER    9  IS CONSTANT.   IGNORED.
 **********
 **    8 **FIX           10
 **********
 PARAMETER   10  IS CONSTANT.   IGNORED.
 **********
 **    9 **FIX           11
 **********
 PARAMETER   11  IS CONSTANT.   IGNORED.
 **********
 **   10 **FIX           12
 **********
 PARAMETER   12  IS CONSTANT.   IGNORED.
 **********
 **   11 **FIX           13
 **********
 PARAMETER   13  IS CONSTANT.   IGNORED.
 **********
 **   12 **FIX           14
 **********
 **********
 **   13 **FIX           15
 **********
 PARAMETER   15  IS CONSTANT.   IGNORED.
 **********
 **   14 **FIX           16
 **********
 PARAMETER   16  IS CONSTANT.   IGNORED.
 **********
 **   15 **MIGRAD
 **********
 FIRST CALL TO USER FUNCTION AT NEW START POINT, WITH IFLAG=4.
 START MIGRAD MINIMIZATION.  STRATEGY  1.  CONVERGENCE WHEN EDM .LT. 1.00e-04
 FCN=2601.81 FROM MIGRAD    STATUS=INITIATE       55 CALLS          56 TOTAL
                     EDM= unknown      STRATEGY= 1      NO ERROR MATRIX       
  EXT PARAMETER               CURRENT GUESS       STEP         FIRST   
  NO.   NAME      VALUE            ERROR          SIZE      DERIVATIVE 
   1  N0           3.49984e+06   1.00000e+02   0.00000e+00  -4.67321e-03
   2  tau          6.44119e+01   constant   
   3  A0           3.53539e-01   1.00000e-04   0.00000e+00   5.73577e+02
   4  phi          4.12187e+00   1.00000e-02   0.00000e+00   8.10733e+01
   5  R           -6.09180e+01   constant   
   6  A_CBO        4.12232e-03     fixed    
   7  w_CBO        2.32730e+00     fixed    
   8  phi_CBO      6.39967e-01     fixed    
   9  ANx2         2.22853e-04   constant   
  10  pNx2         5.08518e+00   constant   
  11  ANy1         0.00000e+00   constant   
  12  pNy1         0.00000e+00   constant   
  13  w_y          0.00000e+00   constant   
  14  ANy2         9.04789e-03     fixed    
  15  pNy2         3.29982e+00   constant   
  16  w_vw         1.43191e+01   constant   
  17  LM           2.21951e-04   constant   
  18  wCBO_expCoeff   2.00000e+02   1.00000e+00   0.00000e+00  -9.53914e+03
  19  wCBO_expOffset   2.00000e+02   1.00000e+00   2.57341e-04  -5.16068e+04
  20  wCBO_expT    3.00000e+01   1.00000e+00   0.00000e+00  -6.64794e+04
  21  wCBO_linCoeff   0.00000e+00   constant   
  22  wCBO_const   0.00000e+00   1.00000e-02   0.00000e+00  -1.03386e+04
 MIGRAD FAILS TO FIND IMPROVEMENT
 FCN=2577.05 FROM HESSE     STATUS=NOT POSDEF     52 CALLS         237 TOTAL
                     EDM=0.0468945    STRATEGY= 1      ERR MATRIX NOT POS-DEF
  EXT PARAMETER                APPROXIMATE        STEP         FIRST   
  NO.   NAME      VALUE            ERROR          SIZE      DERIVATIVE 
   1  N0           3.50063e+06   5.14634e+02   1.25121e+01  -1.24019e-04
   2  tau          6.44119e+01   constant   
   3  A0           3.53533e-01   2.15817e-04   4.73436e-06   1.18234e+03
   4  phi          4.12195e+00   5.73750e-04   1.40453e-05   8.66475e+01
   5  R           -6.09180e+01   constant   
   6  A_CBO        4.12232e-03     fixed    
   7  w_CBO        2.32730e+00     fixed    
   8  phi_CBO      6.39967e-01     fixed    
   9  ANx2         2.22853e-04   constant   
  10  pNx2         5.08518e+00   constant   
  11  ANy1         0.00000e+00   constant   
  12  pNy1         0.00000e+00   constant   
  13  w_y          0.00000e+00   constant   
  14  ANy2         9.04789e-03     fixed    
  15  pNy2         3.29982e+00   constant   
  16  w_vw         1.43191e+01   constant   
  17  LM           2.21951e-04   constant   
  18  wCBO_expCoeff   2.00006e+02   1.11515e-03   9.53701e-05  -9.65016e+02
  19  wCBO_expOffset   2.00001e+02   1.09266e-04   9.53677e-05  -6.38850e+03
  20  wCBO_expT    3.00007e+01   1.47338e-04   1.43054e-05   1.00310e+04
  21  wCBO_linCoeff   0.00000e+00   constant   
  22  wCBO_const  -7.12728e-03   1.67032e-03   4.62367e-06   7.35014e+01
 MIGRAD FAILS TO FIND IMPROVEMENT
 MIGRAD TERMINATED WITHOUT CONVERGENCE.
 FCN=2577.01 FROM MIGRAD    STATUS=FAILED        280 CALLS         281 TOTAL
                     EDM=0.0463411    STRATEGY= 1      ERR MATRIX NOT POS-DEF
  EXT PARAMETER                APPROXIMATE        STEP         FIRST   
  NO.   NAME      VALUE            ERROR          SIZE      DERIVATIVE 
   1  N0           3.50063e+06   4.86329e+02   0.00000e+00  -8.43560e-05
   2  tau          6.44119e+01   constant   
   3  A0           3.53511e-01   1.92151e-04   0.00000e+00  -1.81844e+02
   4  phi          4.12194e+00   5.72881e-04  -0.00000e+00   1.72251e+01
   5  R           -6.09180e+01   constant   
   6  A_CBO        4.12232e-03     fixed    
   7  w_CBO        2.32730e+00     fixed    
   8  phi_CBO      6.39967e-01     fixed    
   9  ANx2         2.22853e-04   constant   
  10  pNx2         5.08518e+00   constant   
  11  ANy1         0.00000e+00   constant   
  12  pNy1         0.00000e+00   constant   
  13  w_y          0.00000e+00   constant   
  14  ANy2         9.04789e-03     fixed    
  15  pNy2         3.29982e+00   constant   
  16  w_vw         1.43191e+01   constant   
  17  LM           2.21951e-04   constant   
  18  wCBO_expCoeff   2.00006e+02   9.22250e-04  -0.00000e+00   1.46611e+02
  19  wCBO_expOffset   2.00001e+02   1.66021e-04  -0.00000e+00   1.03466e+04
  20  wCBO_expT    3.00007e+01   1.49281e-04  -0.00000e+00  -1.11469e+02
  21  wCBO_linCoeff   0.00000e+00   constant   
  22  wCBO_const  -7.29780e-03   1.66197e-03   0.00000e+00   1.57284e+02
 EXTERNAL ERROR MATRIX.    NDIM=  25    NPAR=  7    ERR DEF=1
  2.365e+05 -9.305e-04  1.762e-02  3.662e-02 -1.320e-02 -4.666e-03  6.603e-02 
 -9.305e-04  3.692e-08  5.395e-09 -1.045e-08 -3.253e-09 -3.510e-09  3.352e-08 
  1.762e-02  5.395e-09  3.282e-07  5.660e-09  8.704e-09  4.916e-09 -5.229e-08 
  3.662e-02 -1.045e-08  5.660e-09  8.505e-07  4.431e-08  1.010e-07 -1.192e-06 
 -1.320e-02 -3.253e-09  8.704e-09  4.431e-08  2.756e-08  2.107e-08 -2.248e-07 
 -4.666e-03 -3.510e-09  4.916e-09  1.010e-07  2.107e-08  2.228e-08 -2.415e-07 
  6.603e-02  3.352e-08 -5.229e-08 -1.192e-06 -2.248e-07 -2.415e-07  2.762e-06 
ERR MATRIX NOT POS-DEF
 PARAMETER  CORRELATION COEFFICIENTS  
       NO.  GLOBAL      1      3      4     18     19     20     22
        1  0.30351   1.000 -0.010  0.063  0.082 -0.163 -0.064  0.082
        3  0.22541  -0.010  1.000  0.049 -0.059 -0.102 -0.122  0.105
        4  0.20201   0.063  0.049  1.000  0.011  0.092  0.057 -0.055
       18  0.99364   0.082 -0.059  0.011  1.000  0.289  0.734 -0.778
       19  0.99543  -0.163 -0.102  0.092  0.289  1.000  0.850 -0.815
       20  0.99344  -0.064 -0.122  0.057  0.734  0.850  1.000 -0.973
       22  0.99431   0.082  0.105 -0.055 -0.778 -0.815 -0.973  1.000
 ERR MATRIX NOT POS-DEF
MINUIT - FIT ONLY 1-CBO + other amplitudes 
 **********
 **   16 **RES 
 **********
                   PARAMETER   14  ANy2 RESTORED TO VARIABLE.
                   PARAMETER    8  phi_CBO RESTORED TO VARIABLE.
                   PARAMETER    7  w_CBO RESTORED TO VARIABLE.
                   PARAMETER    6  A_CBO RESTORED TO VARIABLE.
 **********
 **   17 **FIX            0
 **********
 PARAMETER    0  IS UNDEFINED. IGNORED.
 **********
 **   18 **FIX            1
 **********
 **********
 **   19 **FIX            2
 **********
 PARAMETER    2  IS CONSTANT.   IGNORED.
 **********
 **   20 **FIX            3
 **********
 **********
 **   21 **FIX            4
 **********
 **********
 **   22 **FIX            9
 **********
 PARAMETER    9  IS CONSTANT.   IGNORED.
 **********
 **   23 **FIX           11
 **********
 PARAMETER   11  IS CONSTANT.   IGNORED.
 **********
 **   24 **FIX           12
 **********
 PARAMETER   12  IS CONSTANT.   IGNORED.
 **********
 **   25 **FIX           14
 **********
 **********
 **   26 **FIX           15
 **********
 PARAMETER   15  IS CONSTANT.   IGNORED.
 **********
 **   27 **FIX           16
 **********
 PARAMETER   16  IS CONSTANT.   IGNORED.
 **********
 **   28 **MIGRAD
 **********
 START MIGRAD MINIMIZATION.  STRATEGY  1.  CONVERGENCE WHEN EDM .LT. 1.00e-04
 FCN=2577.01 FROM MIGRAD    STATUS=INITIATE       22 CALLS         303 TOTAL
                     EDM= unknown      STRATEGY= 1      NO ERROR MATRIX       
  EXT PARAMETER               CURRENT GUESS       STEP         FIRST   
  NO.   NAME      VALUE            ERROR          SIZE      DERIVATIVE 
   1  N0           3.50063e+06     fixed    
   2  tau          6.44119e+01   constant   
   3  A0           3.53511e-01     fixed    
   4  phi          4.12194e+00     fixed    
   5  R           -6.09180e+01   constant   
   6  A_CBO        4.12232e-03   1.00000e-05   1.00000e-05   1.33799e+05
   7  w_CBO        2.32730e+00   1.00000e-03   1.00000e-03   1.26846e+04
   8  phi_CBO      6.39967e-01   1.00000e-04   1.00000e-04   6.68409e-01
   9  ANx2         2.22853e-04   constant   
  10  pNx2         5.08518e+00   constant   
  11  ANy1         0.00000e+00   constant   
  12  pNy1         0.00000e+00   constant   
  13  w_y          0.00000e+00   constant   
  14  ANy2         9.04789e-03     fixed    
  15  pNy2         3.29982e+00   constant   
  16  w_vw         1.43191e+01   constant   
  17  LM           2.21951e-04   constant   
  18  wCBO_expCoeff   2.00006e+02   9.22250e-04  -0.00000e+00   1.46611e+02
  19  wCBO_expOffset   2.00001e+02   1.66021e-04  -0.00000e+00   1.03466e+04
  20  wCBO_expT    3.00007e+01   1.49281e-04  -0.00000e+00  -1.11469e+02
  21  wCBO_linCoeff   0.00000e+00   constant   
  22  wCBO_const  -7.29780e-03   1.66197e-03   0.00000e+00   1.57283e+02
 MIGRAD FAILS TO FIND IMPROVEMENT
 FCN=2379.82 FROM HESSE     STATUS=NOT POSDEF     58 CALLS         696 TOTAL
                     EDM=0.0159754    STRATEGY= 1      ERR MATRIX NOT POS-DEF
  EXT PARAMETER                APPROXIMATE        STEP         FIRST   
  NO.   NAME      VALUE            ERROR          SIZE      DERIVATIVE 
   1  N0           3.50063e+06     fixed    
   2  tau          6.44119e+01   constant   
   3  A0           3.53511e-01     fixed    
   4  phi          4.12194e+00     fixed    
   5  R           -6.09180e+01   constant   
   6  A_CBO        1.11099e-03   3.88256e-04   4.92237e-06   1.69700e+02
   7  w_CBO        2.32730e+00   1.36468e-05   1.10974e-06   3.60950e+04
   8  phi_CBO      5.56860e-01   7.54273e-01   4.35430e-03  -1.05954e+00
   9  ANx2         2.22853e-04   constant   
  10  pNx2         5.08518e+00   constant   
  11  ANy1         0.00000e+00   constant   
  12  pNy1         0.00000e+00   constant   
  13  w_y          0.00000e+00   constant   
  14  ANy2         9.04789e-03     fixed    
  15  pNy2         3.29982e+00   constant   
  16  w_vw         1.43191e+01   constant   
  17  LM           2.21951e-04   constant   
  18  wCBO_expCoeff   2.00006e+02   1.17685e-03   9.53701e-05   4.18876e+02
  19  wCBO_expOffset   2.00001e+02   1.09384e-04   9.53677e-05   2.60236e+03
  20  wCBO_expT    3.00008e+01   2.46769e-04   1.43055e-05   1.40563e+02
  21  wCBO_linCoeff   0.00000e+00   constant   
  22  wCBO_const  -6.79403e-03   1.73980e-03   7.84376e-06   2.28325e+02
 MIGRAD FAILS TO FIND IMPROVEMENT
 MIGRAD TERMINATED WITHOUT CONVERGENCE.
 FCN=2379.79 FROM MIGRAD    STATUS=FAILED        459 CALLS         740 TOTAL
                     EDM=0.0986149    STRATEGY= 1      ERR MATRIX NOT POS-DEF
  EXT PARAMETER                APPROXIMATE        STEP         FIRST   
  NO.   NAME      VALUE            ERROR          SIZE      DERIVATIVE 
   1  N0           3.50063e+06     fixed    
   2  tau          6.44119e+01   constant   
   3  A0           3.53511e-01     fixed    
   4  phi          4.12194e+00     fixed    
   5  R           -6.09180e+01   constant   
   6  A_CBO        1.11996e-03   2.28586e-04  -0.00000e+00   3.30270e+02
   7  w_CBO        2.32730e+00   7.69628e-06   0.00000e+00  -6.35493e+04
   8  phi_CBO      5.86652e-01   3.06287e-01   0.00000e+00   5.85172e-01
   9  ANx2         2.22853e-04   constant   
  10  pNx2         5.08518e+00   constant   
  11  ANy1         0.00000e+00   constant   
  12  pNy1         0.00000e+00   constant   
  13  w_y          0.00000e+00   constant   
  14  ANy2         9.04789e-03     fixed    
  15  pNy2         3.29982e+00   constant   
  16  w_vw         1.43191e+01   constant   
  17  LM           2.21951e-04   constant   
  18  wCBO_expCoeff   2.00006e+02   6.63595e-04   0.00000e+00  -7.36560e+02
  19  wCBO_expOffset   2.00001e+02   3.88233e-05   0.00000e+00  -2.26669e+04
  20  wCBO_expT    3.00008e+01   1.21901e-04   0.00000e+00   3.96139e+03
  21  wCBO_linCoeff   0.00000e+00   constant   
  22  wCBO_const  -6.66756e-03   1.15016e-03  -0.00000e+00  -5.30455e+02
 EXTERNAL ERROR MATRIX.    NDIM=  25    NPAR=  7    ERR DEF=1
  5.225e-08 -3.722e-10  2.490e-06 -3.210e-08 -2.804e-09 -1.152e-08  5.028e-08 
 -3.722e-10  5.923e-11  3.312e-07  1.883e-09  1.508e-10  7.350e-10 -6.726e-09 
  2.490e-06  3.312e-07  9.381e-02  2.849e-05  7.890e-06  7.298e-06 -1.493e-05 
 -3.210e-08  1.883e-09  2.849e-05  4.404e-07  1.302e-08  6.347e-08 -5.796e-07 
 -2.804e-09  1.508e-10  7.890e-06  1.302e-08  1.507e-09  2.937e-09 -2.461e-08 
 -1.152e-08  7.350e-10  7.298e-06  6.347e-08  2.937e-09  1.486e-08 -1.109e-07 
  5.028e-08 -6.726e-09 -1.493e-05 -5.796e-07 -2.461e-08 -1.109e-07  1.323e-06 
ERR MATRIX NOT POS-DEF
 PARAMETER  CORRELATION COEFFICIENTS  
       NO.  GLOBAL      6      7      8     18     19     20     22
        6  0.69682   1.000 -0.212  0.036 -0.212 -0.316 -0.414  0.191
        7  0.97622  -0.212  1.000  0.141  0.369  0.505  0.783 -0.760
        8  0.82227   0.036  0.141  1.000  0.140  0.664  0.195 -0.042
       18  0.97628  -0.212  0.369  0.140  1.000  0.505  0.785 -0.759
       19  0.88286  -0.316  0.505  0.664  0.505  1.000  0.621 -0.551
       20  0.98151  -0.414  0.783  0.195  0.785  0.621  1.000 -0.791
       22  0.96575   0.191 -0.760 -0.042 -0.759 -0.551 -0.791  1.000
 ERR MATRIX NOT POS-DEF
MINUIT - FIT ONLY 1-CBO
 **********
 **   29 **RES 
 **********
                   PARAMETER   14  ANy2 RESTORED TO VARIABLE.
                   PARAMETER    4  phi RESTORED TO VARIABLE.
                   PARAMETER    3  A0 RESTORED TO VARIABLE.
                   PARAMETER    1  N0 RESTORED TO VARIABLE.
 **********
 **   30 **FIX            0
 **********
 PARAMETER    0  IS UNDEFINED. IGNORED.
 **********
 **   31 **FIX            1
 **********
 **********
 **   32 **FIX            2
 **********
 PARAMETER    2  IS CONSTANT.   IGNORED.
 **********
 **   33 **FIX            3
 **********
 **********
 **   34 **FIX            4
 **********
 **********
 **   35 **FIX            8
 **********
 **********
 **   36 **FIX            9
 **********
 PARAMETER    9  IS CONSTANT.   IGNORED.
 **********
 **   37 **FIX           11
 **********
 PARAMETER   11  IS CONSTANT.   IGNORED.
 **********
 **   38 **FIX           12
 **********
 PARAMETER   12  IS CONSTANT.   IGNORED.
 **********
 **   39 **FIX           13
 **********
 PARAMETER   13  IS CONSTANT.   IGNORED.
 **********
 **   40 **FIX           15
 **********
 PARAMETER   15  IS CONSTANT.   IGNORED.
 **********
 **   41 **FIX           16
 **********
 PARAMETER   16  IS CONSTANT.   IGNORED.
 **********
 **   42 **MIGRAD
 **********
 START MIGRAD MINIMIZATION.  STRATEGY  1.  CONVERGENCE WHEN EDM .LT. 1.00e-04
 FCN=2379.79 FROM MIGRAD    STATUS=INITIATE       16 CALLS         756 TOTAL
                     EDM= unknown      STRATEGY= 1      NO ERROR MATRIX       
  EXT PARAMETER               CURRENT GUESS       STEP         FIRST   
  NO.   NAME      VALUE            ERROR          SIZE      DERIVATIVE 
   1  N0           3.50063e+06     fixed    
   2  tau          6.44119e+01   constant   
   3  A0           3.53511e-01     fixed    
   4  phi          4.12194e+00     fixed    
   5  R           -6.09180e+01   constant   
   6  A_CBO        1.11996e-03   2.28586e-04  -0.00000e+00   3.30270e+02
   7  w_CBO        2.32730e+00   7.69628e-06   0.00000e+00  -6.35493e+04
   8  phi_CBO      5.86652e-01     fixed    
   9  ANx2         2.22853e-04   constant   
  10  pNx2         5.08518e+00   constant   
  11  ANy1         0.00000e+00   constant   
  12  pNy1         0.00000e+00   constant   
  13  w_y          0.00000e+00   constant   
  14  ANy2         9.04789e-03   1.00000e-04   1.00000e-04   4.22642e+05
  15  pNy2         3.29982e+00   constant   
  16  w_vw         1.43191e+01   constant   
  17  LM           2.21951e-04   constant   
  18  wCBO_expCoeff   2.00006e+02   6.63595e-04   0.00000e+00  -7.36560e+02
  19  wCBO_expOffset   2.00001e+02   3.88233e-05   0.00000e+00  -2.26669e+04
  20  wCBO_expT    3.00008e+01   1.21901e-04   0.00000e+00   3.96139e+03
  21  wCBO_linCoeff   0.00000e+00   constant   
  22  wCBO_const  -6.66756e-03   1.15016e-03  -0.00000e+00  -5.30455e+02
 MIGRAD FAILS TO FIND IMPROVEMENT
 FCN=502.664 FROM HESSE     STATUS=NOT POSDEF     58 CALLS         996 TOTAL
                     EDM=0.00587065    STRATEGY= 1      ERR MATRIX NOT POS-DEF
  EXT PARAMETER                APPROXIMATE        STEP         FIRST   
  NO.   NAME      VALUE            ERROR          SIZE      DERIVATIVE 
   1  N0           3.50063e+06     fixed    
   2  tau          6.44119e+01   constant   
   3  A0           3.53511e-01     fixed    
   4  phi          4.12194e+00     fixed    
   5  R           -6.09180e+01   constant   
   6  A_CBO        5.94603e-04   2.95598e-04   2.24468e-06  -4.97647e+01
   7  w_CBO        2.32727e+00   2.59315e-05   1.10973e-06   1.35823e+04
   8  phi_CBO      5.86652e-01     fixed    
   9  ANx2         2.22853e-04   constant   
  10  pNx2         5.08518e+00   constant   
  11  ANy1         0.00000e+00   constant   
  12  pNy1         0.00000e+00   constant   
  13  w_y          0.00000e+00   constant   
  14  ANy2         1.67151e-04   2.04165e-04   2.24056e-06  -9.22983e+00
  15  pNy2         3.29982e+00   constant   
  16  w_vw         1.43191e+01   constant   
  17  LM           2.21951e-04   constant   
  18  wCBO_expCoeff   2.00003e+02   2.23670e-03   9.53687e-05   1.57648e+02
  19  wCBO_expOffset   2.00001e+02   1.34752e-04   9.53677e-05   1.00968e+03
  20  wCBO_expT    3.00003e+01   4.27205e-04   1.43053e-05  -6.39900e+02
  21  wCBO_linCoeff   0.00000e+00   constant   
  22  wCBO_const   5.80191e-05   4.76836e-03   5.57201e-06   7.97047e+01
 MIGRAD FAILS TO FIND IMPROVEMENT
 MIGRAD TERMINATED WITHOUT CONVERGENCE.
 FCN=502.663 FROM MIGRAD    STATUS=FAILED        300 CALLS        1040 TOTAL
                     EDM=0.0118591    STRATEGY= 1      ERR MATRIX NOT POS-DEF
  EXT PARAMETER                APPROXIMATE        STEP         FIRST   
  NO.   NAME      VALUE            ERROR          SIZE      DERIVATIVE 
   1  N0           3.50063e+06     fixed    
   2  tau          6.44119e+01   constant   
   3  A0           3.53511e-01     fixed    
   4  phi          4.12194e+00     fixed    
   5  R           -6.09180e+01   constant   
   6  A_CBO        5.97591e-04   2.35916e-04  -0.00000e+00   1.06020e+02
   7  w_CBO        2.32727e+00   1.62047e-05   0.00000e+00  -2.56531e+03
   8  phi_CBO      5.86652e-01     fixed    
   9  ANx2         2.22853e-04   constant   
  10  pNx2         5.08518e+00   constant   
  11  ANy1         0.00000e+00   constant   
  12  pNy1         0.00000e+00   constant   
  13  w_y          0.00000e+00   constant   
  14  ANy2         1.67751e-04   2.01988e-04  -0.00000e+00   6.68088e+00
  15  pNy2         3.29982e+00   constant   
  16  w_vw         1.43191e+01   constant   
  17  LM           2.21951e-04   constant   
  18  wCBO_expCoeff   2.00003e+02   1.39710e-03   0.00000e+00  -2.97503e+01
  19  wCBO_expOffset   2.00001e+02   1.72995e-04   0.00000e+00  -4.32135e+03
  20  wCBO_expT    3.00003e+01   2.54270e-04   0.00000e+00   3.81763e+02
  21  wCBO_linCoeff   0.00000e+00   constant   
  22  wCBO_const   1.27651e-04   3.02567e-03  -0.00000e+00  -1.13473e+01
 EXTERNAL ERROR MATRIX.    NDIM=  25    NPAR=  7    ERR DEF=1
  5.566e-08 -1.015e-09  1.349e-09 -8.735e-08 -1.935e-08 -3.194e-08  2.873e-07 
 -1.015e-09  2.626e-10 -9.235e-11  9.996e-09  5.480e-10  3.367e-09 -3.496e-08 
  1.349e-09 -9.235e-11  4.080e-08 -7.956e-09 -2.551e-10 -1.673e-09  1.183e-08 
 -8.735e-08  9.996e-09 -7.956e-09  1.952e-06  4.701e-08  2.905e-07 -3.009e-06 
 -1.935e-08  5.480e-10 -2.551e-10  4.701e-08  2.993e-08  1.780e-08 -3.659e-07 
 -3.194e-08  3.367e-09 -1.673e-09  2.905e-07  1.780e-08  6.465e-08 -6.903e-07 
  2.873e-07 -3.496e-08  1.183e-08 -3.009e-06 -3.659e-07 -6.903e-07  9.155e-06 
ERR MATRIX NOT POS-DEF
 PARAMETER  CORRELATION COEFFICIENTS  
       NO.  GLOBAL      6      7     14     18     19     20     22
        6  0.98290   1.000 -0.265  0.028 -0.265 -0.474 -0.533  0.402
        7  0.99195  -0.265  1.000 -0.028  0.442  0.195  0.817 -0.713
       14  0.06403   0.028 -0.028  1.000 -0.028 -0.007 -0.033  0.019
       18  0.99202  -0.265  0.442 -0.028  1.000  0.194  0.818 -0.712
       19  0.98171  -0.474  0.195 -0.007  0.194  1.000  0.405 -0.699
       20  0.99885  -0.533  0.817 -0.033  0.818  0.405  1.000 -0.897
       22  0.99607   0.402 -0.713  0.019 -0.712 -0.699 -0.897  1.000
 ERR MATRIX NOT POS-DEF
MINUIT - FIT ONLY 2-CBO
 **********
 **   43 **RES 
 **********
                   PARAMETER    8  phi_CBO RESTORED TO VARIABLE.
                   PARAMETER    4  phi RESTORED TO VARIABLE.
                   PARAMETER    3  A0 RESTORED TO VARIABLE.
                   PARAMETER    1  N0 RESTORED TO VARIABLE.
 **********
 **   44 **FIX            0
 **********
 PARAMETER    0  IS UNDEFINED. IGNORED.
 **********
 **   45 **FIX            1
 **********
 **********
 **   46 **FIX            2
 **********
 PARAMETER    2  IS CONSTANT.   IGNORED.
 **********
 **   47 **FIX            3
 **********
 **********
 **   48 **FIX            4
 **********
 **********
 **   49 **FIX            5
 **********
 PARAMETER    5  IS CONSTANT.   IGNORED.
 **********
 **   50 **FIX            6
 **********
 **********
 **   51 **FIX            7
 **********
 **********
 **   52 **FIX           10
 **********
 PARAMETER   10  IS CONSTANT.   IGNORED.
 **********
 **   53 **FIX           11
 **********
 PARAMETER   11  IS CONSTANT.   IGNORED.
 **********
 **   54 **FIX           12
 **********
 PARAMETER   12  IS CONSTANT.   IGNORED.
 **********
 **   55 **FIX           13
 **********
 PARAMETER   13  IS CONSTANT.   IGNORED.
 **********
 **   56 **FIX           14
 **********
 **********
 **   57 **FIX           15
 **********
 PARAMETER   15  IS CONSTANT.   IGNORED.
 **********
 **   58 **FIX           16
 **********
 PARAMETER   16  IS CONSTANT.   IGNORED.
 **********
 **   59 **MIGRAD
 **********
 START MIGRAD MINIMIZATION.  STRATEGY  1.  CONVERGENCE WHEN EDM .LT. 1.00e-04
 FCN=502.663 FROM MIGRAD    STATUS=INITIATE       12 CALLS        1052 TOTAL
                     EDM= unknown      STRATEGY= 1      NO ERROR MATRIX       
  EXT PARAMETER               CURRENT GUESS       STEP         FIRST   
  NO.   NAME      VALUE            ERROR          SIZE      DERIVATIVE 
   1  N0           3.50063e+06     fixed    
   2  tau          6.44119e+01   constant   
   3  A0           3.53511e-01     fixed    
   4  phi          4.12194e+00     fixed    
   5  R           -6.09180e+01   constant   
   6  A_CBO        5.97591e-04     fixed    
   7  w_CBO        2.32727e+00     fixed    
   8  phi_CBO      5.86652e-01   3.06287e-01   3.06287e-01   1.29528e+00
   9  ANx2         2.22853e-04   constant   
  10  pNx2         5.08518e+00   constant   
  11  ANy1         0.00000e+00   constant   
  12  pNy1         0.00000e+00   constant   
  13  w_y          0.00000e+00   constant   
  14  ANy2         1.67751e-04     fixed    
  15  pNy2         3.29982e+00   constant   
  16  w_vw         1.43191e+01   constant   
  17  LM           2.21951e-04   constant   
  18  wCBO_expCoeff   2.00003e+02   1.39710e-03   0.00000e+00  -2.97503e+01
  19  wCBO_expOffset   2.00001e+02   1.72995e-04   0.00000e+00  -4.32135e+03
  20  wCBO_expT    3.00003e+01   2.54270e-04   0.00000e+00   3.81763e+02
  21  wCBO_linCoeff   0.00000e+00   constant   
  22  wCBO_const   1.27651e-04   3.02567e-03  -0.00000e+00  -1.13473e+01
 MIGRAD FAILS TO FIND IMPROVEMENT
 FCN=502.582 FROM HESSE     STATUS=NOT POSDEF     37 CALLS        1155 TOTAL
                     EDM=0.0130131    STRATEGY= 1      ERR MATRIX NOT POS-DEF
  EXT PARAMETER                APPROXIMATE        STEP         FIRST   
  NO.   NAME      VALUE            ERROR          SIZE      DERIVATIVE 
   1  N0           3.50063e+06     fixed    
   2  tau          6.44119e+01   constant   
   3  A0           3.53511e-01     fixed    
   4  phi          4.12194e+00     fixed    
   5  R           -6.09180e+01   constant   
   6  A_CBO        5.97591e-04     fixed    
   7  w_CBO        2.32727e+00     fixed    
   8  phi_CBO      4.45470e-01   1.08325e+00   3.76883e-03  -1.39381e-01
   9  ANx2         2.22853e-04   constant   
  10  pNx2         5.08518e+00   constant   
  11  ANy1         0.00000e+00   constant   
  12  pNy1         0.00000e+00   constant   
  13  w_y          0.00000e+00   constant   
  14  ANy2         1.67751e-04     fixed    
  15  pNy2         3.29982e+00   constant   
  16  w_vw         1.43191e+01   constant   
  17  LM           2.21951e-04   constant   
  18  wCBO_expCoeff   2.00003e+02   3.50202e-03   9.53687e-05   7.04965e+01
  19  wCBO_expOffset   2.00001e+02   2.06522e-04   9.53677e-05   4.48625e+02
  20  wCBO_expT    3.00003e+01   3.43713e-04   1.43053e-05   2.97370e+02
  21  wCBO_linCoeff   0.00000e+00   constant   
  22  wCBO_const   2.58840e-05   4.05156e-03   5.61705e-06   1.94834e+01
 MIGRAD FAILS TO FIND IMPROVEMENT
 MIGRAD TERMINATED WITHOUT CONVERGENCE.
 FCN=502.573 FROM MIGRAD    STATUS=FAILED        286 CALLS        1326 TOTAL
                     EDM=0.157634    STRATEGY= 1      ERR MATRIX NOT POS-DEF
  EXT PARAMETER                APPROXIMATE        STEP         FIRST   
  NO.   NAME      VALUE            ERROR          SIZE      DERIVATIVE 
   1  N0           3.50063e+06     fixed    
   2  tau          6.44119e+01   constant   
   3  A0           3.53511e-01     fixed    
   4  phi          4.12194e+00     fixed    
   5  R           -6.09180e+01   constant   
   6  A_CBO        5.97591e-04     fixed    
   7  w_CBO        2.32727e+00     fixed    
   8  phi_CBO      4.54785e-01   6.82385e-01   0.00000e+00   2.05227e-02
   9  ANx2         2.22853e-04   constant   
  10  pNx2         5.08518e+00   constant   
  11  ANy1         0.00000e+00   constant   
  12  pNy1         0.00000e+00   constant   
  13  w_y          0.00000e+00   constant   
  14  ANy2         1.67751e-04     fixed    
  15  pNy2         3.29982e+00   constant   
  16  w_vw         1.43191e+01   constant   
  17  LM           2.21951e-04   constant   
  18  wCBO_expCoeff   2.00003e+02   2.81609e-03  -0.00000e+00   6.46923e+01
  19  wCBO_expOffset   2.00001e+02   2.61873e-04   0.00000e+00  -2.59221e+03
  20  wCBO_expT    3.00003e+01   2.11108e-04  -0.00000e+00  -1.84841e+02
  21  wCBO_linCoeff   0.00000e+00   constant   
  22  wCBO_const   1.44298e-04   2.09506e-03   0.00000e+00  -1.62212e+01
 EXTERNAL ERROR MATRIX.    NDIM=  25    NPAR=  5    ERR DEF=1
  4.656e-01 -1.021e-03  1.607e-04 -3.247e-05  2.718e-04 
 -1.021e-03  7.930e-06 -5.218e-07  5.582e-07 -5.018e-06 
  1.607e-04 -5.218e-07  6.858e-08 -2.555e-08  1.644e-07 
 -3.247e-05  5.582e-07 -2.555e-08  4.457e-08 -3.859e-07 
  2.718e-04 -5.018e-06  1.644e-07 -3.859e-07  4.389e-06 
ERR MATRIX NOT POS-DEF
 PARAMETER  CORRELATION COEFFICIENTS  
       NO.  GLOBAL      8     18     19     20     22
        8  0.97877   1.000 -0.531  0.899 -0.225  0.190
       18  0.99936  -0.531  1.000 -0.708  0.939 -0.850
       19  0.99157   0.899 -0.708  1.000 -0.462  0.300
       20  0.99821  -0.225  0.939 -0.462  1.000 -0.873
       22  0.99031   0.190 -0.850  0.300 -0.873  1.000
 ERR MATRIX NOT POS-DEF
MINUIT - FIT ONLY 1-y
 **********
 **   60 **RES 
 **********
                   PARAMETER   14  ANy2 RESTORED TO VARIABLE.
                   PARAMETER    7  w_CBO RESTORED TO VARIABLE.
                   PARAMETER    6  A_CBO RESTORED TO VARIABLE.
                   PARAMETER    4  phi RESTORED TO VARIABLE.
                   PARAMETER    3  A0 RESTORED TO VARIABLE.
                   PARAMETER    1  N0 RESTORED TO VARIABLE.
 **********
 **   61 **FIX            0
 **********
 PARAMETER    0  IS UNDEFINED. IGNORED.
 **********
 **   62 **FIX            1
 **********
 **********
 **   63 **FIX            2
 **********
 PARAMETER    2  IS CONSTANT.   IGNORED.
 **********
 **   64 **FIX            3
 **********
 **********
 **   65 **FIX            4
 **********
 **********
 **   66 **FIX            5
 **********
 PARAMETER    5  IS CONSTANT.   IGNORED.
 **********
 **   67 **FIX            6
 **********
 **********
 **   68 **FIX            7
 **********
 **********
 **   69 **FIX            8
 **********
 **********
 **   70 **FIX            9
 **********
 PARAMETER    9  IS CONSTANT.   IGNORED.
 **********
 **   71 **FIX           13
 **********
 PARAMETER   13  IS CONSTANT.   IGNORED.
 **********
 **   72 **FIX           14
 **********
 **********
 **   73 **FIX           15
 **********
 PARAMETER   15  IS CONSTANT.   IGNORED.
 **********
 **   74 **FIX           16
 **********
 PARAMETER   16  IS CONSTANT.   IGNORED.
 **********
 **   75 **MIGRAD
 **********
 START MIGRAD MINIMIZATION.  STRATEGY  1.  CONVERGENCE WHEN EDM .LT. 1.00e-04
 FCN=502.573 FROM MIGRAD    STATUS=INITIATE        8 CALLS        1334 TOTAL
                     EDM= unknown      STRATEGY= 1      NO ERROR MATRIX       
  EXT PARAMETER               CURRENT GUESS       STEP         FIRST   
  NO.   NAME      VALUE            ERROR          SIZE      DERIVATIVE 
   1  N0           3.50063e+06     fixed    
   2  tau          6.44119e+01   constant   
   3  A0           3.53511e-01     fixed    
   4  phi          4.12194e+00     fixed    
   5  R           -6.09180e+01   constant   
   6  A_CBO        5.97591e-04     fixed    
   7  w_CBO        2.32727e+00     fixed    
   8  phi_CBO      4.54785e-01     fixed    
   9  ANx2         2.22853e-04   constant   
  10  pNx2         5.08518e+00   constant   
  11  ANy1         0.00000e+00   constant   
  12  pNy1         0.00000e+00   constant   
  13  w_y          0.00000e+00   constant   
  14  ANy2         1.67751e-04     fixed    
  15  pNy2         3.29982e+00   constant   
  16  w_vw         1.43191e+01   constant   
  17  LM           2.21951e-04   constant   
  18  wCBO_expCoeff   2.00003e+02   2.81609e-03  -0.00000e+00   6.46923e+01
  19  wCBO_expOffset   2.00001e+02   2.61873e-04   0.00000e+00  -2.59221e+03
  20  wCBO_expT    3.00003e+01   2.11108e-04  -0.00000e+00  -1.84841e+02
  21  wCBO_linCoeff   0.00000e+00   constant   
  22  wCBO_const   1.44298e-04   2.09506e-03   0.00000e+00  -1.62212e+01
 MIGRAD FAILS TO FIND IMPROVEMENT
 FCN=502.573 FROM HESSE     STATUS=NOT POSDEF     29 CALLS        1374 TOTAL
                     EDM=0.0212068    STRATEGY= 1      ERR MATRIX NOT POS-DEF
  EXT PARAMETER                APPROXIMATE        STEP         FIRST   
  NO.   NAME      VALUE            ERROR          SIZE      DERIVATIVE 
   1  N0           3.50063e+06     fixed    
   2  tau          6.44119e+01   constant   
   3  A0           3.53511e-01     fixed    
   4  phi          4.12194e+00     fixed    
   5  R           -6.09180e+01   constant   
   6  A_CBO        5.97591e-04     fixed    
   7  w_CBO        2.32727e+00     fixed    
   8  phi_CBO      4.54785e-01     fixed    
   9  ANx2         2.22853e-04   constant   
  10  pNx2         5.08518e+00   constant   
  11  ANy1         0.00000e+00   constant   
  12  pNy1         0.00000e+00   constant   
  13  w_y          0.00000e+00   constant   
  14  ANy2         1.67751e-04     fixed    
  15  pNy2         3.29982e+00   constant   
  16  w_vw         1.43191e+01   constant   
  17  LM           2.21951e-04   constant   
  18  wCBO_expCoeff   2.00003e+02   3.86247e-03   9.53686e-05   7.32711e+01
  19  wCBO_expOffset   2.00001e+02   1.52480e-04   9.53677e-05   4.63473e+02
  20  wCBO_expT    3.00003e+01   3.84557e-04   1.43053e-05  -3.51024e+02
  21  wCBO_linCoeff   0.00000e+00   constant   
  22  wCBO_const   1.44298e-04   4.80790e-03   5.61919e-06  -1.62258e+01
 MIGRAD FAILS TO FIND IMPROVEMENT
 MIGRAD TERMINATED WITHOUT CONVERGENCE.
 FCN=502.562 FROM MIGRAD    STATUS=FAILED         80 CALLS        1406 TOTAL
                     EDM=0.013587    STRATEGY= 1      ERR MATRIX NOT POS-DEF
  EXT PARAMETER                APPROXIMATE        STEP         FIRST   
  NO.   NAME      VALUE            ERROR          SIZE      DERIVATIVE 
   1  N0           3.50063e+06     fixed    
   2  tau          6.44119e+01   constant   
   3  A0           3.53511e-01     fixed    
   4  phi          4.12194e+00     fixed    
   5  R           -6.09180e+01   constant   
   6  A_CBO        5.97591e-04     fixed    
   7  w_CBO        2.32727e+00     fixed    
   8  phi_CBO      4.54785e-01     fixed    
   9  ANx2         2.22853e-04   constant   
  10  pNx2         5.08518e+00   constant   
  11  ANy1         0.00000e+00   constant   
  12  pNy1         0.00000e+00   constant   
  13  w_y          0.00000e+00   constant   
  14  ANy2         1.67751e-04     fixed    
  15  pNy2         3.29982e+00   constant   
  16  w_vw         1.43191e+01   constant   
  17  LM           2.21951e-04   constant   
  18  wCBO_expCoeff   2.00002e+02   2.55604e-03   0.00000e+00  -9.63465e+01
  19  wCBO_expOffset   2.00001e+02   1.19688e-04   0.00000e+00  -3.51242e+03
  20  wCBO_expT    3.00003e+01   2.59158e-04   0.00000e+00   8.03642e+02
  21  wCBO_linCoeff   0.00000e+00   constant   
  22  wCBO_const   3.88312e-04   3.10306e-03  -0.00000e+00  -6.13189e+01
 EXTERNAL ERROR MATRIX.    NDIM=  25    NPAR=  4    ERR DEF=1
  6.533e-06  1.705e-07  6.528e-07 -7.650e-06 
  1.705e-07  1.433e-08  1.818e-08 -2.565e-07 
  6.528e-07  1.818e-08  6.716e-08 -7.496e-07 
 -7.650e-06 -2.565e-07 -7.496e-07  9.629e-06 
ERR MATRIX NOT POS-DEF
 PARAMETER  CORRELATION COEFFICIENTS  
       NO.  GLOBAL     18     19     20     22
       18  0.99859   1.000  0.557  0.985 -0.965
       19  0.94395   0.557  1.000  0.586 -0.691
       20  0.99628   0.985  0.586  1.000 -0.932
       22  0.99506  -0.965 -0.691 -0.932  1.000
 ERR MATRIX NOT POS-DEF
MINUIT - FIT ONLY 2-y
 **********
 **   76 **RES 
 **********
                   PARAMETER   14  ANy2 RESTORED TO VARIABLE.
                   PARAMETER    8  phi_CBO RESTORED TO VARIABLE.
                   PARAMETER    7  w_CBO RESTORED TO VARIABLE.
                   PARAMETER    6  A_CBO RESTORED TO VARIABLE.
                   PARAMETER    4  phi RESTORED TO VARIABLE.
                   PARAMETER    3  A0 RESTORED TO VARIABLE.
                   PARAMETER    1  N0 RESTORED TO VARIABLE.
 **********
