 + ++++++++++++++++++++++++++++++++++++++++++++++++++++++++++++++++++++ +
 +                                                                      +
 +           You have chose to blind your fitting according to          +
 +                omega_ref * (1 + (R +/- deltaR) *10^{-6})             +
 +                                                                      +
 + ++++++++++++++++++++++++++++++++++++++++++++++++++++++++++++++++++++ +
In main()...
reading format from /gm2data/zkhechad/run45/envelope/formats/formatB_sBin_constraintOn.txt
pBinTau 	= 0  
pBinPhi 	= 0  
constraintau 	= 1 
includeMopTerm 	= 0    
constrainMop    = 0   
Parameters after format file: pBinTau 0 pBinPhi 0 constraintau 1 includeMopTerm 0 constrainMop 0 c_e_scale 0.000000 
reading cbo reference file (full fit) from /gm2data/zkhechad/cboTemplates/Run4CBOTemplates/fullFits/run4/sBin_constraintOn_cE0.0_seed0_run4_calo20.root
A_CBO 0.007307 w_CBO 2.326921 phi_CBO 1.268494 N0 3181980.382925 R -61.000535 tau 64.408953 
Reading cboRef file /gm2data/zkhechad/cboTemplates/Run4CBOTemplates//cboIsolate/run4_calo20.root
deltaT 164.120000
windowBins = 1100
fitting sliding window 2180 from bin 2383 at 355.543600 to bin 3483 at 519.663600 (1100 bins)

Reading data from /gm2data/cornell/histograms/aMethod/histogram_a_run4.root
fitting cbo isolate
 **********
 **    1 **SET PRINTOUT            1
 **********
 **********
 **    2 **SET NOWARNINGS 
 **********
 PARAMETER DEFINITIONS:
    NO.   NAME         VALUE      STEP SIZE      LIMITS
     1 A_CBO        7.30680e-03  1.00000e-05     no limits
     2 w_CBO        2.32692e+00  1.00000e-02    2.00000e+00  3.00000e+00
     3 phi_CBO      1.26849e+00  1.00000e-02    0.00000e+00  6.28319e+00
 **********
 **    3 **MIGRAD
 **********
 FIRST CALL TO USER FUNCTION AT NEW START POINT, WITH IFLAG=4.
 START MIGRAD MINIMIZATION.  STRATEGY  1.  CONVERGENCE WHEN EDM .LT. 1.00e-04
 FCN=0.196645 FROM MIGRAD    STATUS=INITIATE       12 CALLS          13 TOTAL
                     EDM= unknown      STRATEGY= 1      NO ERROR MATRIX       
  EXT PARAMETER               CURRENT GUESS       STEP         FIRST   
  NO.   NAME      VALUE            ERROR          SIZE      DERIVATIVE 
   1  A_CBO        7.30680e-03   1.00000e-05   1.00000e-05   6.79557e+00
   2  w_CBO        2.32692e+00   1.00000e-02   2.13202e-02   6.30335e-01
   3  phi_CBO      1.26849e+00   1.00000e-02   3.96494e-03  -7.86730e-03
 MIGRAD MINIMIZATION HAS CONVERGED.
 MIGRAD WILL VERIFY CONVERGENCE AND ERROR MATRIX.
 FCN=0.175611 FROM HESSE     STATUS=NOT POSDEF     16 CALLS          59 TOTAL
                     EDM=0.000228585    STRATEGY= 1      ERR MATRIX NOT POS-DEF
  EXT PARAMETER                APPROXIMATE        STEP         FIRST   
  NO.   NAME      VALUE            ERROR          SIZE      DERIVATIVE 
   1  A_CBO        1.19598e-03   5.52345e-02   2.25385e-05  -2.62578e-02
   2  w_CBO        2.32643e+00   6.43791e-01   1.09640e-04   1.25612e-02
   3  phi_CBO      1.40107e+00   3.38174e+00   7.59425e-03  -4.04419e-05
 MIGRAD MINIMIZATION HAS CONVERGED.
 MIGRAD WILL VERIFY CONVERGENCE AND ERROR MATRIX.
 COVARIANCE MATRIX CALCULATED SUCCESSFULLY
 FCN=0.175533 FROM MIGRAD    STATUS=CONVERGED     237 CALLS         238 TOTAL
                     EDM=2.56178e-09    STRATEGY= 1      ERROR MATRIX ACCURATE 
  EXT PARAMETER                                   STEP         FIRST   
  NO.   NAME      VALUE            ERROR          SIZE      DERIVATIVE 
   1  A_CBO        1.27620e-03   4.25833e-02   2.25416e-05  -3.35777e-04
   2  w_CBO        2.32281e+00   8.56878e-02   9.40625e-05  -3.83754e-04
   3  phi_CBO      1.42272e-08   3.14411e+00   5.27975e-02** at limit **
 EXTERNAL ERROR MATRIX.    NDIM=  25    NPAR=  3    ERR DEF=1
  1.813e-03 -4.122e-05 -1.490e-05 
 -4.122e-05  7.426e-03  7.067e-04 
 -1.490e-05  7.067e-04  1.021e-03 
 PARAMETER  CORRELATION COEFFICIENTS  
       NO.  GLOBAL      1      2      3
        1  0.01399   1.000 -0.011 -0.011
        2  0.25678  -0.011  1.000  0.257
        3  0.25677  -0.011  0.257  1.000
setting A_CBO=0.001276 w_CBO=2.322806, phi_CBO=0.000000
done fitting cbo isolate
 **********
 **    1 **SET PRINTOUT            1
 **********
 **********
 **    2 **SET NOWARNINGS 
 **********
 PARAMETER DEFINITIONS:
    NO.   NAME         VALUE      STEP SIZE      LIMITS
     1 N0           3.18198e+06  1.00000e+02     no limits
     2 tau          6.44090e+01  constant
     3 A0           3.64685e-01  1.00000e-04     no limits
     4 phi          4.11970e+00  1.00000e-02     no limits
     5 R           -6.10005e+01  constant
     6 A_CBO        1.27620e-03  1.00000e-05     no limits
     7 w_CBO        2.32281e+00  1.00000e-03     no limits
     8 phi_CBO      1.42272e-08  1.00000e-04     no limits
     9 ANx2         1.86992e-04  constant
    10 pNx2         5.81164e+00  constant
    11 ANy1         0.00000e+00  constant
    12 pNy1         0.00000e+00  constant
    13 w_y          0.00000e+00  constant
    14 ANy2         8.35747e-03  1.00000e-04     no limits
    15 pNy2         4.18605e+00  constant
    16 w_vw         1.43216e+01  constant
    17 LM           7.21641e-05  constant
    18 wCBO_expCoeff   2.00000e+02  1.00000e+00     no limits
    19 wCBO_expOffset   2.00000e+02  1.00000e+00     no limits
    20 wCBO_expT    3.00000e+01  1.00000e+00     no limits
    21 wCBO_linCoeff   0.00000e+00  constant
    22 wCBO_const   0.00000e+00  1.00000e-02     no limits
MINUIT - FIT ONLY WIGGLE
 **********
 **    3 **FIX            5
 **********
 PARAMETER    5  IS CONSTANT.   IGNORED.
 **********
 **    4 **FIX            6
 **********
 **********
 **    5 **FIX            7
 **********
 **********
 **    6 **FIX            8
 **********
 **********
 **    7 **FIX            9
 **********
 PARAMETER    9  IS CONSTANT.   IGNORED.
 **********
 **    8 **FIX           10
 **********
 PARAMETER   10  IS CONSTANT.   IGNORED.
 **********
 **    9 **FIX           11
 **********
 PARAMETER   11  IS CONSTANT.   IGNORED.
 **********
 **   10 **FIX           12
 **********
 PARAMETER   12  IS CONSTANT.   IGNORED.
 **********
 **   11 **FIX           13
 **********
 PARAMETER   13  IS CONSTANT.   IGNORED.
 **********
 **   12 **FIX           14
 **********
 **********
 **   13 **FIX           15
 **********
 PARAMETER   15  IS CONSTANT.   IGNORED.
 **********
 **   14 **FIX           16
 **********
 PARAMETER   16  IS CONSTANT.   IGNORED.
 **********
 **   15 **MIGRAD
 **********
 FIRST CALL TO USER FUNCTION AT NEW START POINT, WITH IFLAG=4.
 START MIGRAD MINIMIZATION.  STRATEGY  1.  CONVERGENCE WHEN EDM .LT. 1.00e-04
 FCN=458.261 FROM MIGRAD    STATUS=INITIATE       30 CALLS          31 TOTAL
                     EDM= unknown      STRATEGY= 1      NO ERROR MATRIX       
  EXT PARAMETER               CURRENT GUESS       STEP         FIRST   
  NO.   NAME      VALUE            ERROR          SIZE      DERIVATIVE 
   1  N0           3.18198e+06   1.00000e+02   1.00000e+02  -7.54455e-05
   2  tau          6.44090e+01   constant   
   3  A0           3.64685e-01   1.00000e-04   1.00000e-04   2.59193e+02
   4  phi          4.11970e+00   1.00000e-02   1.00000e-02   2.12395e+02
   5  R           -6.10005e+01   constant   
   6  A_CBO        1.27620e-03     fixed    
   7  w_CBO        2.32281e+00     fixed    
   8  phi_CBO      1.42272e-08     fixed    
   9  ANx2         1.86992e-04   constant   
  10  pNx2         5.81164e+00   constant   
  11  ANy1         0.00000e+00   constant   
  12  pNy1         0.00000e+00   constant   
  13  w_y          0.00000e+00   constant   
  14  ANy2         8.35747e-03     fixed    
  15  pNy2         4.18605e+00   constant   
  16  w_vw         1.43216e+01   constant   
  17  LM           7.21641e-05   constant   
  18  wCBO_expCoeff   2.00000e+02   1.00000e+00   1.00000e+00   4.50500e+00
  19  wCBO_expOffset   2.00000e+02   1.00000e+00   1.00000e+00   3.00298e+01
  20  wCBO_expT    3.00000e+01   1.00000e+00   1.00000e+00   1.65586e+02
  21  wCBO_linCoeff   0.00000e+00   constant   
  22  wCBO_const   0.00000e+00   1.00000e-02   1.00000e-02   9.47283e+02
 MIGRAD MINIMIZATION HAS CONVERGED.
 FCN=457.046 FROM MIGRAD    STATUS=CONVERGED     194 CALLS         195 TOTAL
                     EDM=1.2966e-07    STRATEGY= 1  ERROR MATRIX UNCERTAINTY   0.5 per cent
  EXT PARAMETER                                   STEP         FIRST   
  NO.   NAME      VALUE            ERROR          SIZE      DERIVATIVE 
   1  N0           3.18208e+06   1.65441e+03   2.11152e-01  -3.32804e-09
   2  tau          6.44090e+01   constant   
   3  A0           3.64602e-01   7.00116e-04   5.26639e-09  -4.04284e-01
   4  phi          4.11930e+00   1.98365e-03   8.34299e-07  -1.71755e-02
   5  R           -6.10005e+01   constant   
   6  A_CBO        1.27620e-03     fixed    
   7  w_CBO        2.32281e+00     fixed    
   8  phi_CBO      1.42272e-08     fixed    
   9  ANx2         1.86992e-04   constant   
  10  pNx2         5.81164e+00   constant   
  11  ANy1         0.00000e+00   constant   
  12  pNy1         0.00000e+00   constant   
  13  w_y          0.00000e+00   constant   
  14  ANy2         8.35747e-03     fixed    
  15  pNy2         4.18605e+00   constant   
  16  w_vw         1.43216e+01   constant   
  17  LM           7.21641e-05   constant   
  18  wCBO_expCoeff   2.02193e+02   2.28701e+00   3.85065e-03  -2.15463e-03
  19  wCBO_expOffset   2.00329e+02   3.43257e-01   5.77263e-04  -1.45817e-02
  20  wCBO_expT    2.98690e+01   1.28947e-01  -2.25722e-04  -7.59773e-02
  21  wCBO_linCoeff   0.00000e+00   constant   
  22  wCBO_const   6.09156e-04   1.22833e-03   9.47858e-07  -3.75313e-01
 EXTERNAL ERROR MATRIX.    NDIM=  25    NPAR=  7    ERR DEF=1
  2.737e+06  4.165e-03 -4.690e-03  2.863e+01  4.309e+00 -1.240e+00 -2.865e-02 
  4.165e-03  4.902e-07  3.237e-09  1.107e-05  1.634e-06 -1.084e-06  7.859e-08 
 -4.690e-03  3.237e-09  3.935e-06  1.530e-04  2.293e-05 -8.292e-06  8.094e-10 
  2.863e+01  1.107e-05  1.530e-04  5.230e+00  7.732e-01 -2.930e-01  1.652e-03 
  4.309e+00  1.634e-06  2.293e-05  7.732e-01  1.178e-01 -4.398e-02  2.478e-04 
 -1.240e+00 -1.084e-06 -8.292e-06 -2.930e-01 -4.398e-02  1.663e-02 -1.001e-04 
 -2.865e-02  7.859e-08  8.094e-10  1.652e-03  2.478e-04 -1.001e-04  1.509e-06 
 PARAMETER  CORRELATION COEFFICIENTS  
       NO.  GLOBAL      1      3      4     18     19     20     22
        1  0.02728   1.000  0.004 -0.001  0.008  0.008 -0.006 -0.014
        3  0.10950   0.004  1.000  0.002  0.007  0.007 -0.012  0.091
        4  0.04199  -0.001  0.002  1.000  0.034  0.034 -0.032  0.000
       18  0.99606   0.008  0.007  0.034  1.000  0.985 -0.994  0.588
       19  0.99609   0.008  0.007  0.034  0.985  1.000 -0.994  0.588
       20  0.99877  -0.006 -0.012 -0.032 -0.994 -0.994  1.000 -0.632
       22  0.83838  -0.014  0.091  0.000  0.588  0.588 -0.632  1.000
MINUIT - FIT ONLY 1-CBO + other amplitudes 
 **********
 **   16 **RES 
 **********
                   PARAMETER   14  ANy2 RESTORED TO VARIABLE.
                   PARAMETER    8  phi_CBO RESTORED TO VARIABLE.
                   PARAMETER    7  w_CBO RESTORED TO VARIABLE.
                   PARAMETER    6  A_CBO RESTORED TO VARIABLE.
 **********
 **   17 **FIX            0
 **********
 PARAMETER    0  IS UNDEFINED. IGNORED.
 **********
 **   18 **FIX            1
 **********
 **********
 **   19 **FIX            2
 **********
 PARAMETER    2  IS CONSTANT.   IGNORED.
 **********
 **   20 **FIX            3
 **********
 **********
 **   21 **FIX            4
 **********
 **********
 **   22 **FIX            9
 **********
 PARAMETER    9  IS CONSTANT.   IGNORED.
 **********
 **   23 **FIX           11
 **********
 PARAMETER   11  IS CONSTANT.   IGNORED.
 **********
 **   24 **FIX           12
 **********
 PARAMETER   12  IS CONSTANT.   IGNORED.
 **********
 **   25 **FIX           14
 **********
 **********
 **   26 **FIX           15
 **********
 PARAMETER   15  IS CONSTANT.   IGNORED.
 **********
 **   27 **FIX           16
 **********
 PARAMETER   16  IS CONSTANT.   IGNORED.
 **********
 **   28 **MIGRAD
 **********
 START MIGRAD MINIMIZATION.  STRATEGY  1.  CONVERGENCE WHEN EDM .LT. 1.00e-04
 FCN=457.046 FROM MIGRAD    STATUS=INITIATE       18 CALLS         213 TOTAL
                     EDM= unknown      STRATEGY= 1      NO ERROR MATRIX       
  EXT PARAMETER               CURRENT GUESS       STEP         FIRST   
  NO.   NAME      VALUE            ERROR          SIZE      DERIVATIVE 
   1  N0           3.18208e+06     fixed    
   2  tau          6.44090e+01   constant   
   3  A0           3.64602e-01     fixed    
   4  phi          4.11930e+00     fixed    
   5  R           -6.10005e+01   constant   
   6  A_CBO        1.27620e-03   1.00000e-05   1.00000e-05   1.00251e+03
   7  w_CBO        2.32281e+00   1.00000e-03   1.00000e-03  -3.52740e-01
   8  phi_CBO      1.42272e-08   1.00000e-04   1.00000e-04   2.69691e-01
   9  ANx2         1.86992e-04   constant   
  10  pNx2         5.81164e+00   constant   
  11  ANy1         0.00000e+00   constant   
  12  pNy1         0.00000e+00   constant   
  13  w_y          0.00000e+00   constant   
  14  ANy2         8.35747e-03     fixed    
  15  pNy2         4.18605e+00   constant   
  16  w_vw         1.43216e+01   constant   
  17  LM           7.21641e-05   constant   
  18  wCBO_expCoeff   2.02193e+02   2.28701e+00   3.85065e-03  -2.15463e-03
  19  wCBO_expOffset   2.00329e+02   3.43257e-01   5.77263e-04  -1.45818e-02
  20  wCBO_expT    2.98690e+01   1.28947e-01  -2.25722e-04  -7.59775e-02
  21  wCBO_linCoeff   0.00000e+00   constant   
  22  wCBO_const   6.09156e-04   1.22833e-03   9.47858e-07  -3.75315e-01
 MIGRAD MINIMIZATION HAS CONVERGED.
 MIGRAD WILL VERIFY CONVERGENCE AND ERROR MATRIX.
 FCN=456.685 FROM MIGRAD    STATUS=CONVERGED     292 CALLS         487 TOTAL
                     EDM=2.97177e-07    STRATEGY= 1      ERR MATRIX NOT POS-DEF
  EXT PARAMETER                APPROXIMATE        STEP         FIRST   
  NO.   NAME      VALUE            ERROR          SIZE      DERIVATIVE 
   1  N0           3.18208e+06     fixed    
   2  tau          6.44090e+01   constant   
   3  A0           3.64602e-01     fixed    
   4  phi          4.11930e+00     fixed    
   5  R           -6.10005e+01   constant   
   6  A_CBO        1.01079e-03   7.44192e-04   7.56745e-06  -6.41438e-01
   7  w_CBO        2.32102e+00   6.98843e-03   1.11503e-05   3.55698e-01
   8  phi_CBO     -1.07158e+00   1.27925e+00   7.73934e-03  -1.57761e-04
   9  ANx2         1.86992e-04   constant   
  10  pNx2         5.81164e+00   constant   
  11  ANy1         0.00000e+00   constant   
  12  pNy1         0.00000e+00   constant   
  13  w_y          0.00000e+00   constant   
  14  ANy2         8.35747e-03     fixed    
  15  pNy2         4.18605e+00   constant   
  16  w_vw         1.43216e+01   constant   
  17  LM           7.21641e-05   constant   
  18  wCBO_expCoeff   2.01654e+02   2.92646e+00   2.82709e-03   1.72369e-03
  19  wCBO_expOffset   2.00249e+02   4.34079e-01   4.19299e-04   1.16220e-02
  20  wCBO_expT    2.99079e+01   6.47403e-02   7.54948e-05   6.51327e-02
  21  wCBO_linCoeff   0.00000e+00   constant   
  22  wCBO_const  -1.60828e-04   3.04824e-03   6.54569e-06   4.77068e-01
 EXTERNAL ERROR MATRIX.    NDIM=  25    NPAR=  7    ERR DEF=1
  5.538e-07  1.282e-07 -1.762e-05 -2.263e-05 -3.371e-06 -1.080e-06  8.325e-08 
  1.282e-07  4.884e-05  1.123e-03 -1.169e-03 -1.743e-04 -5.856e-05 -1.922e-05 
 -1.762e-05  1.123e-03  1.636e+00  2.326e-01  3.451e-02 -1.444e-02  6.579e-04 
 -2.263e-05 -1.169e-03  2.326e-01  8.564e+00 -8.748e-01 -7.089e-02  1.049e-03 
 -3.371e-06 -1.743e-04  3.451e-02 -8.748e-01  1.884e-01 -1.052e-02  1.559e-04 
 -1.080e-06 -5.856e-05 -1.444e-02 -7.089e-02 -1.052e-02  4.191e-03 -1.591e-05 
  8.325e-08 -1.922e-05  6.579e-04  1.049e-03  1.559e-04 -1.591e-05  9.292e-06 
ERR MATRIX NOT POS-DEF
 PARAMETER  CORRELATION COEFFICIENTS  
       NO.  GLOBAL      6      7      8     18     19     20     22
        6  0.26155   1.000  0.025 -0.019 -0.010 -0.010 -0.022  0.037
        7  0.98845   0.025  1.000  0.126 -0.057 -0.057 -0.129 -0.902
        8  0.81857  -0.019  0.126  1.000  0.062  0.062 -0.174  0.169
       18  0.99578  -0.010 -0.057  0.062  1.000 -0.689 -0.374  0.118
       19  0.99578  -0.010 -0.057  0.062 -0.689  1.000 -0.374  0.118
       20  0.99384  -0.022 -0.129 -0.174 -0.374 -0.374  1.000 -0.081
       22  0.97898   0.037 -0.902  0.169  0.118  0.118 -0.081  1.000
 ERR MATRIX NOT POS-DEF
MINUIT - FIT ONLY 1-CBO
 **********
 **   29 **RES 
 **********
                   PARAMETER   14  ANy2 RESTORED TO VARIABLE.
                   PARAMETER    4  phi RESTORED TO VARIABLE.
                   PARAMETER    3  A0 RESTORED TO VARIABLE.
                   PARAMETER    1  N0 RESTORED TO VARIABLE.
 **********
 **   30 **FIX            0
 **********
 PARAMETER    0  IS UNDEFINED. IGNORED.
 **********
 **   31 **FIX            1
 **********
 **********
 **   32 **FIX            2
 **********
 PARAMETER    2  IS CONSTANT.   IGNORED.
 **********
 **   33 **FIX            3
 **********
 **********
 **   34 **FIX            4
 **********
 **********
 **   35 **FIX            8
 **********
 **********
 **   36 **FIX            9
 **********
 PARAMETER    9  IS CONSTANT.   IGNORED.
 **********
 **   37 **FIX           11
 **********
 PARAMETER   11  IS CONSTANT.   IGNORED.
 **********
 **   38 **FIX           12
 **********
 PARAMETER   12  IS CONSTANT.   IGNORED.
 **********
 **   39 **FIX           13
 **********
 PARAMETER   13  IS CONSTANT.   IGNORED.
 **********
 **   40 **FIX           15
 **********
 PARAMETER   15  IS CONSTANT.   IGNORED.
 **********
 **   41 **FIX           16
 **********
 PARAMETER   16  IS CONSTANT.   IGNORED.
 **********
 **   42 **MIGRAD
 **********
 START MIGRAD MINIMIZATION.  STRATEGY  1.  CONVERGENCE WHEN EDM .LT. 1.00e-04
 FCN=456.685 FROM MIGRAD    STATUS=INITIATE       16 CALLS         503 TOTAL
                     EDM= unknown      STRATEGY= 1      NO ERROR MATRIX       
  EXT PARAMETER               CURRENT GUESS       STEP         FIRST   
  NO.   NAME      VALUE            ERROR          SIZE      DERIVATIVE 
   1  N0           3.18208e+06     fixed    
   2  tau          6.44090e+01   constant   
   3  A0           3.64602e-01     fixed    
   4  phi          4.11930e+00     fixed    
   5  R           -6.10005e+01   constant   
   6  A_CBO        1.01079e-03   7.44192e-04   7.56745e-06  -6.41438e-01
   7  w_CBO        2.32102e+00   6.98843e-03   1.11503e-05   3.64645e-01
   8  phi_CBO     -1.07158e+00     fixed    
   9  ANx2         1.86992e-04   constant   
  10  pNx2         5.81164e+00   constant   
  11  ANy1         0.00000e+00   constant   
  12  pNy1         0.00000e+00   constant   
  13  w_y          0.00000e+00   constant   
  14  ANy2         8.35747e-03   1.00000e-04   1.00000e-04   3.00900e+04
  15  pNy2         4.18605e+00   constant   
  16  w_vw         1.43216e+01   constant   
  17  LM           7.21641e-05   constant   
  18  wCBO_expCoeff   2.01654e+02   2.92646e+00   2.82709e-03   1.74833e-03
  19  wCBO_expOffset   2.00249e+02   4.34079e-01   4.19299e-04   1.17887e-02
  20  wCBO_expT    2.99079e+01   6.47403e-02   7.54948e-05   6.59170e-02
  21  wCBO_linCoeff   0.00000e+00   constant   
  22  wCBO_const  -1.60828e-04   3.04824e-03   6.54569e-06   4.72544e-01
 MIGRAD MINIMIZATION HAS CONVERGED.
 MIGRAD WILL VERIFY CONVERGENCE AND ERROR MATRIX.
 FCN=333.605 FROM MIGRAD    STATUS=CONVERGED     199 CALLS         686 TOTAL
                     EDM=1.5696e-07    STRATEGY= 1      ERR MATRIX NOT POS-DEF
  EXT PARAMETER                APPROXIMATE        STEP         FIRST   
  NO.   NAME      VALUE            ERROR          SIZE      DERIVATIVE 
   1  N0           3.18208e+06     fixed    
   2  tau          6.44090e+01   constant   
   3  A0           3.64602e-01     fixed    
   4  phi          4.11930e+00     fixed    
   5  R           -6.10005e+01   constant   
   6  A_CBO        1.00001e-03   7.59084e-04   6.57274e-06   1.84795e-01
   7  w_CBO        2.32056e+00   9.16821e-03   8.81853e-06  -5.01364e-01
   8  phi_CBO     -1.07158e+00     fixed    
   9  ANx2         1.86992e-04   constant   
  10  pNx2         5.81164e+00   constant   
  11  ANy1         0.00000e+00   constant   
  12  pNy1         0.00000e+00   constant   
  13  w_y          0.00000e+00   constant   
  14  ANy2         1.79454e-04   7.34546e-04   6.57363e-06  -9.15677e-02
  15  pNy2         4.18605e+00   constant   
  16  w_vw         1.43216e+01   constant   
  17  LM           7.21641e-05   constant   
  18  wCBO_expCoeff   2.01282e+02   2.66005e+00   2.04862e-03  -1.46162e-03
  19  wCBO_expOffset   2.00194e+02   3.95654e-01   3.04670e-04  -9.82798e-03
  20  wCBO_expT    2.99344e+01   6.25891e-02   5.52885e-05  -5.44505e-02
  21  wCBO_linCoeff   0.00000e+00   constant   
  22  wCBO_const  -1.26830e-04   3.96200e-03   5.44425e-06  -8.69397e-01
 EXTERNAL ERROR MATRIX.    NDIM=  25    NPAR=  7    ERR DEF=1
  5.762e-07  1.147e-07 -9.926e-09 -5.335e-05 -7.945e-06  1.667e-06  1.104e-07 
  1.147e-07  8.406e-05  8.711e-10 -2.587e-03 -3.859e-04 -6.417e-05 -3.519e-05 
 -9.926e-09  8.711e-10  5.396e-07  4.696e-06  6.979e-07 -4.576e-07 -2.898e-09 
 -5.335e-05 -2.587e-03  4.696e-06  7.076e+00 -6.660e-01 -6.592e-02  1.419e-03 
 -7.945e-06 -3.859e-04  6.979e-07 -6.660e-01  1.565e-01 -9.809e-03  2.115e-04 
  1.667e-06 -6.417e-05 -4.576e-07 -6.592e-02 -9.809e-03  3.917e-03  1.715e-06 
  1.104e-07 -3.519e-05 -2.898e-09  1.419e-03  2.115e-04  1.715e-06  1.570e-05 
ERR MATRIX NOT POS-DEF
 PARAMETER  CORRELATION COEFFICIENTS  
       NO.  GLOBAL      6      7     14     18     19     20     22
        6  0.25721   1.000  0.016 -0.018 -0.026 -0.026  0.035  0.037
        7  0.99424   0.016  1.000  0.000 -0.106 -0.106 -0.112 -0.969
       14  0.05158  -0.018  0.000  1.000  0.002  0.002 -0.010 -0.001
       18  0.99631  -0.026 -0.106  0.002  1.000 -0.633 -0.396  0.135
       19  0.99631  -0.026 -0.106  0.002 -0.633  1.000 -0.396  0.135
       20  0.99514   0.035 -0.112 -0.010 -0.396 -0.396  1.000  0.007
       22  0.98820   0.037 -0.969 -0.001  0.135  0.135  0.007  1.000
 ERR MATRIX NOT POS-DEF
MINUIT - FIT ONLY 2-CBO
 **********
 **   43 **RES 
 **********
                   PARAMETER    8  phi_CBO RESTORED TO VARIABLE.
                   PARAMETER    4  phi RESTORED TO VARIABLE.
                   PARAMETER    3  A0 RESTORED TO VARIABLE.
                   PARAMETER    1  N0 RESTORED TO VARIABLE.
 **********
 **   44 **FIX            0
 **********
 PARAMETER    0  IS UNDEFINED. IGNORED.
 **********
 **   45 **FIX            1
 **********
 **********
 **   46 **FIX            2
 **********
 PARAMETER    2  IS CONSTANT.   IGNORED.
 **********
 **   47 **FIX            3
 **********
 **********
 **   48 **FIX            4
 **********
 **********
 **   49 **FIX            5
 **********
 PARAMETER    5  IS CONSTANT.   IGNORED.
 **********
 **   50 **FIX            6
 **********
 **********
 **   51 **FIX            7
 **********
 **********
 **   52 **FIX           10
 **********
 PARAMETER   10  IS CONSTANT.   IGNORED.
 **********
 **   53 **FIX           11
 **********
 PARAMETER   11  IS CONSTANT.   IGNORED.
 **********
 **   54 **FIX           12
 **********
 PARAMETER   12  IS CONSTANT.   IGNORED.
 **********
 **   55 **FIX           13
 **********
 PARAMETER   13  IS CONSTANT.   IGNORED.
 **********
 **   56 **FIX           14
 **********
 **********
 **   57 **FIX           15
 **********
 PARAMETER   15  IS CONSTANT.   IGNORED.
 **********
 **   58 **FIX           16
 **********
 PARAMETER   16  IS CONSTANT.   IGNORED.
 **********
 **   59 **MIGRAD
 **********
 START MIGRAD MINIMIZATION.  STRATEGY  1.  CONVERGENCE WHEN EDM .LT. 1.00e-04
 FCN=333.605 FROM MIGRAD    STATUS=INITIATE       10 CALLS         696 TOTAL
                     EDM= unknown      STRATEGY= 1      NO ERROR MATRIX       
  EXT PARAMETER               CURRENT GUESS       STEP         FIRST   
  NO.   NAME      VALUE            ERROR          SIZE      DERIVATIVE 
   1  N0           3.18208e+06     fixed    
   2  tau          6.44090e+01   constant   
   3  A0           3.64602e-01     fixed    
   4  phi          4.11930e+00     fixed    
   5  R           -6.10005e+01   constant   
   6  A_CBO        1.00001e-03     fixed    
   7  w_CBO        2.32056e+00     fixed    
   8  phi_CBO     -1.07158e+00   1.27925e+00   1.27925e+00   7.68100e-01
   9  ANx2         1.86992e-04   constant   
  10  pNx2         5.81164e+00   constant   
  11  ANy1         0.00000e+00   constant   
  12  pNy1         0.00000e+00   constant   
  13  w_y          0.00000e+00   constant   
  14  ANy2         1.79454e-04     fixed    
  15  pNy2         4.18605e+00   constant   
  16  w_vw         1.43216e+01   constant   
  17  LM           7.21641e-05   constant   
  18  wCBO_expCoeff   2.01282e+02   2.66005e+00   2.04862e-03  -1.43533e-03
  19  wCBO_expOffset   2.00194e+02   3.95654e-01   3.04670e-04  -9.64864e-03
  20  wCBO_expT    2.99344e+01   6.25891e-02   5.52885e-05  -5.37455e-02
  21  wCBO_linCoeff   0.00000e+00   constant   
  22  wCBO_const  -1.26830e-04   3.96200e-03   5.44425e-06  -8.79507e-01
 MIGRAD MINIMIZATION HAS CONVERGED.
 MIGRAD WILL VERIFY CONVERGENCE AND ERROR MATRIX.
 FCN=333.404 FROM HESSE     STATUS=NOT POSDEF     31 CALLS         787 TOTAL
                     EDM=0.00053212    STRATEGY= 1      ERR MATRIX NOT POS-DEF
  EXT PARAMETER                APPROXIMATE        STEP         FIRST   
  NO.   NAME      VALUE            ERROR          SIZE      DERIVATIVE 
   1  N0           3.18208e+06     fixed    
   2  tau          6.44090e+01   constant   
   3  A0           3.64602e-01     fixed    
   4  phi          4.11930e+00     fixed    
   5  R           -6.10005e+01   constant   
   6  A_CBO        1.00001e-03     fixed    
   7  w_CBO        2.32056e+00     fixed    
   8  phi_CBO     -1.57853e+00   1.09456e+00   6.48168e-03   8.04663e-04
   9  ANx2         1.86992e-04   constant   
  10  pNx2         5.81164e+00   constant   
  11  ANy1         0.00000e+00   constant   
  12  pNy1         0.00000e+00   constant   
  13  w_y          0.00000e+00   constant   
  14  ANy2         1.79454e-04     fixed    
  15  pNy2         4.18605e+00   constant   
  16  w_vw         1.43216e+01   constant   
  17  LM           7.21641e-05   constant   
  18  wCBO_expCoeff   2.01289e+02   2.91300e+00   2.13059e-03   8.09172e-03
  19  wCBO_expOffset   2.00195e+02   4.33219e-01   3.16847e-04   5.44116e-02
  20  wCBO_expT    2.99344e+01   6.52708e-02   5.70415e-05  -4.37875e-01
  21  wCBO_linCoeff   0.00000e+00   constant   
  22  wCBO_const  -4.67501e-04   1.11278e-03   5.06504e-06  -2.99251e+00
 MIGRAD MINIMIZATION HAS CONVERGED.
 MIGRAD WILL VERIFY CONVERGENCE AND ERROR MATRIX.
 FCN=333.403 FROM MIGRAD    STATUS=CONVERGED     161 CALLS         847 TOTAL
                     EDM=6.77137e-08    STRATEGY= 1      ERR MATRIX NOT POS-DEF
  EXT PARAMETER                APPROXIMATE        STEP         FIRST   
  NO.   NAME      VALUE            ERROR          SIZE      DERIVATIVE 
   1  N0           3.18208e+06     fixed    
   2  tau          6.44090e+01   constant   
   3  A0           3.64602e-01     fixed    
   4  phi          4.11930e+00     fixed    
   5  R           -6.10005e+01   constant   
   6  A_CBO        1.00001e-03     fixed    
   7  w_CBO        2.32056e+00     fixed    
   8  phi_CBO     -1.58241e+00   1.09563e+00   6.47419e-03   4.53008e-05
   9  ANx2         1.86992e-04   constant   
  10  pNx2         5.81164e+00   constant   
  11  ANy1         0.00000e+00   constant   
  12  pNy1         0.00000e+00   constant   
  13  w_y          0.00000e+00   constant   
  14  ANy2         1.79454e-04     fixed    
  15  pNy2         4.18605e+00   constant   
  16  w_vw         1.43216e+01   constant   
  17  LM           7.21641e-05   constant   
  18  wCBO_expCoeff   2.01205e+02   2.93202e+00   2.14732e-03  -1.98798e-04
  19  wCBO_expOffset   2.00183e+02   4.36329e-01   3.19518e-04  -1.33599e-03
  20  wCBO_expT    2.99392e+01   6.53609e-02   5.74695e-05  -5.07089e-03
  21  wCBO_linCoeff   0.00000e+00   constant   
  22  wCBO_const  -4.98272e-04   1.11207e-03   5.07379e-06   2.93084e-01
 EXTERNAL ERROR MATRIX.    NDIM=  25    NPAR=  5    ERR DEF=1
  1.200e+00  5.938e-02  8.840e-03 -3.657e-03  7.464e-04 
  5.938e-02  8.597e+00 -8.752e-01 -7.539e-02  4.343e-04 
  8.840e-03 -8.752e-01  1.904e-01 -1.123e-02  6.464e-05 
 -3.657e-03 -7.539e-02 -1.123e-02  4.272e-03 -2.966e-05 
  7.464e-04  4.343e-04  6.464e-05 -2.966e-05  1.237e-06 
ERR MATRIX NOT POS-DEF
 PARAMETER  CORRELATION COEFFICIENTS  
       NO.  GLOBAL      8     18     19     20     22
        8  0.75203   1.000  0.018  0.018 -0.051  0.613
       18  0.99666   0.018  1.000 -0.684 -0.393  0.133
       19  0.99666   0.018 -0.684  1.000 -0.394  0.133
       20  0.99518  -0.051 -0.393 -0.394  1.000 -0.408
       22  0.86094   0.613  0.133  0.133 -0.408  1.000
 ERR MATRIX NOT POS-DEF
MINUIT - FIT ONLY 1-y
 **********
 **   60 **RES 
 **********
                   PARAMETER   14  ANy2 RESTORED TO VARIABLE.
                   PARAMETER    7  w_CBO RESTORED TO VARIABLE.
                   PARAMETER    6  A_CBO RESTORED TO VARIABLE.
                   PARAMETER    4  phi RESTORED TO VARIABLE.
                   PARAMETER    3  A0 RESTORED TO VARIABLE.
                   PARAMETER    1  N0 RESTORED TO VARIABLE.
 **********
 **   61 **FIX            0
 **********
 PARAMETER    0  IS UNDEFINED. IGNORED.
 **********
 **   62 **FIX            1
 **********
 **********
 **   63 **FIX            2
 **********
 PARAMETER    2  IS CONSTANT.   IGNORED.
 **********
 **   64 **FIX            3
 **********
 **********
 **   65 **FIX            4
 **********
 **********
 **   66 **FIX            5
 **********
 PARAMETER    5  IS CONSTANT.   IGNORED.
 **********
 **   67 **FIX            6
 **********
 **********
 **   68 **FIX            7
 **********
 **********
 **   69 **FIX            8
 **********
 **********
 **   70 **FIX            9
 **********
 PARAMETER    9  IS CONSTANT.   IGNORED.
 **********
 **   71 **FIX           13
 **********
 PARAMETER   13  IS CONSTANT.   IGNORED.
 **********
 **   72 **FIX           14
 **********
 **********
 **   73 **FIX           15
 **********
 PARAMETER   15  IS CONSTANT.   IGNORED.
 **********
 **   74 **FIX           16
 **********
 PARAMETER   16  IS CONSTANT.   IGNORED.
 **********
 **   75 **MIGRAD
 **********
 START MIGRAD MINIMIZATION.  STRATEGY  1.  CONVERGENCE WHEN EDM .LT. 1.00e-04
 FCN=333.403 FROM MIGRAD    STATUS=INITIATE        8 CALLS         855 TOTAL
                     EDM= unknown      STRATEGY= 1      NO ERROR MATRIX       
  EXT PARAMETER               CURRENT GUESS       STEP         FIRST   
  NO.   NAME      VALUE            ERROR          SIZE      DERIVATIVE 
   1  N0           3.18208e+06     fixed    
   2  tau          6.44090e+01   constant   
   3  A0           3.64602e-01     fixed    
   4  phi          4.11930e+00     fixed    
   5  R           -6.10005e+01   constant   
   6  A_CBO        1.00001e-03     fixed    
   7  w_CBO        2.32056e+00     fixed    
   8  phi_CBO     -1.58241e+00     fixed    
   9  ANx2         1.86992e-04   constant   
  10  pNx2         5.81164e+00   constant   
  11  ANy1         0.00000e+00   constant   
  12  pNy1         0.00000e+00   constant   
  13  w_y          0.00000e+00   constant   
  14  ANy2         1.79454e-04     fixed    
  15  pNy2         4.18605e+00   constant   
  16  w_vw         1.43216e+01   constant   
  17  LM           7.21641e-05   constant   
  18  wCBO_expCoeff   2.01205e+02   2.93202e+00   2.14732e-03  -1.89946e-04
  19  wCBO_expOffset   2.00183e+02   4.36329e-01   3.19518e-04  -1.27609e-03
  20  wCBO_expT    2.99392e+01   6.53609e-02   5.74695e-05  -4.79696e-03
  21  wCBO_linCoeff   0.00000e+00   constant   
  22  wCBO_const  -4.98272e-04   1.11207e-03   5.07379e-06   2.92018e-01
 MIGRAD MINIMIZATION HAS CONVERGED.
 MIGRAD WILL VERIFY CONVERGENCE AND ERROR MATRIX.
 FCN=333.403 FROM MIGRAD    STATUS=CONVERGED      47 CALLS         894 TOTAL
                     EDM=5.09178e-10    STRATEGY= 1      ERR MATRIX NOT POS-DEF
  EXT PARAMETER                APPROXIMATE        STEP         FIRST   
  NO.   NAME      VALUE            ERROR          SIZE      DERIVATIVE 
   1  N0           3.18208e+06     fixed    
   2  tau          6.44090e+01   constant   
   3  A0           3.64602e-01     fixed    
   4  phi          4.11930e+00     fixed    
   5  R           -6.10005e+01   constant   
   6  A_CBO        1.00001e-03     fixed    
   7  w_CBO        2.32056e+00     fixed    
   8  phi_CBO     -1.58241e+00     fixed    
   9  ANx2         1.86992e-04   constant   
  10  pNx2         5.81164e+00   constant   
  11  ANy1         0.00000e+00   constant   
  12  pNy1         0.00000e+00   constant   
  13  w_y          0.00000e+00   constant   
  14  ANy2         1.79454e-04     fixed    
  15  pNy2         4.18605e+00   constant   
  16  w_vw         1.43216e+01   constant   
  17  LM           7.21641e-05   constant   
  18  wCBO_expCoeff   2.01205e+02   3.08885e+00   2.14763e-03  -1.13344e-04
  19  wCBO_expOffset   2.00183e+02   4.59671e-01   3.19566e-04  -7.61708e-04
  20  wCBO_expT    2.99392e+01   6.74387e-02   5.74771e-05  -4.16837e-03
  21  wCBO_linCoeff   0.00000e+00   constant   
  22  wCBO_const  -4.98385e-04   8.85470e-04   5.07259e-06  -4.96826e-02
 EXTERNAL ERROR MATRIX.    NDIM=  25    NPAR=  4    ERR DEF=1
  9.541e+00 -9.896e-01 -8.030e-02  4.286e-04 
 -9.896e-01  2.113e-01 -1.196e-02  6.380e-05 
 -8.030e-02 -1.196e-02  4.548e-03 -2.915e-05 
  4.286e-04  6.380e-05 -2.915e-05  7.841e-07 
ERR MATRIX NOT POS-DEF
 PARAMETER  CORRELATION COEFFICIENTS  
       NO.  GLOBAL     18     19     20     22
       18  0.99699   1.000 -0.697 -0.385  0.157
       19  0.99699  -0.697  1.000 -0.386  0.157
       20  0.99547  -0.385 -0.386  1.000 -0.488
       22  0.76920   0.157  0.157 -0.488  1.000
 ERR MATRIX NOT POS-DEF
MINUIT - FIT ONLY 2-y
 **********
 **   76 **RES 
 **********
                   PARAMETER   14  ANy2 RESTORED TO VARIABLE.
                   PARAMETER    8  phi_CBO RESTORED TO VARIABLE.
                   PARAMETER    7  w_CBO RESTORED TO VARIABLE.
                   PARAMETER    6  A_CBO RESTORED TO VARIABLE.
                   PARAMETER    4  phi RESTORED TO VARIABLE.
                   PARAMETER    3  A0 RESTORED TO VARIABLE.
                   PARAMETER    1  N0 RESTORED TO VARIABLE.
 **********
 **   77 **FIX            0
 **********
 PARAMETER    0  IS UNDEFINED. IGNORED.
 **********
 **   78 **FIX            1
 **********
 **********
 **   79 **FIX            2
 **********
 PARAMETER    2  IS CONSTANT.   IGNORED.
 **********
 **   80 **FIX            3
 **********
 **********
 **   81 **FIX            4
 **********
 **********
 **   82 **FIX            5
 **********
 PARAMETER    5  IS CONSTANT.   IGNORED.
 **********
 **   83 **FIX            6
 **********
 **********
 **   84 **FIX            7
 **********
 **********
 **   85 **FIX            8
 **********
 **********
 **   86 **FIX            9
 **********
 PARAMETER    9  IS CONSTANT.   IGNORED.
 **********
 **   87 **FIX           10
 **********
 PARAMETER   10  IS CONSTANT.   IGNORED.
 **********
 **   88 **FIX           11
 **********
 PARAMETER   11  IS CONSTANT.   IGNORED.
 **********
 **   89 **FIX           12
 **********
 PARAMETER   12  IS CONSTANT.   IGNORED.
 **********
 **   90 **FIX           16
 **********
 PARAMETER   16  IS CONSTANT.   IGNORED.
 **********
 **   91 **MIGRAD
 **********
 START MIGRAD MINIMIZATION.  STRATEGY  1.  CONVERGENCE WHEN EDM .LT. 1.00e-04
 FCN=333.403 FROM MIGRAD    STATUS=INITIATE       10 CALLS         904 TOTAL
                     EDM= unknown      STRATEGY= 1      NO ERROR MATRIX       
  EXT PARAMETER               CURRENT GUESS       STEP         FIRST   
  NO.   NAME      VALUE            ERROR          SIZE      DERIVATIVE 
   1  N0           3.18208e+06     fixed    
   2  tau          6.44090e+01   constant   
   3  A0           3.64602e-01     fixed    
   4  phi          4.11930e+00     fixed    
   5  R           -6.10005e+01   constant   
   6  A_CBO        1.00001e-03     fixed    
   7  w_CBO        2.32056e+00     fixed    
   8  phi_CBO     -1.58241e+00     fixed    
   9  ANx2         1.86992e-04   constant   
  10  pNx2         5.81164e+00   constant   
  11  ANy1         0.00000e+00   constant   
  12  pNy1         0.00000e+00   constant   
  13  w_y          0.00000e+00   constant   
  14  ANy2         1.79454e-04   7.34546e-04   7.34546e-04   4.58886e+01
  15  pNy2         4.18605e+00   constant   
  16  w_vw         1.43216e+01   constant   
  17  LM           7.21641e-05   constant   
  18  wCBO_expCoeff   2.01205e+02   3.08885e+00   2.14763e-03  -1.04488e-04
  19  wCBO_expOffset   2.00183e+02   4.59671e-01   3.19566e-04  -7.01786e-04
  20  wCBO_expT    2.99392e+01   6.74387e-02   5.74771e-05  -3.89440e-03
  21  wCBO_linCoeff   0.00000e+00   constant   
  22  wCBO_const  -4.98385e-04   8.85470e-04   5.07259e-06  -5.07458e-02
 MIGRAD MINIMIZATION HAS CONVERGED.
 MIGRAD WILL VERIFY CONVERGENCE AND ERROR MATRIX.
 FCN=333.402 FROM MIGRAD    STATUS=CONVERGED      52 CALLS         946 TOTAL
                     EDM=1.16147e-06    STRATEGY= 1      ERR MATRIX NOT POS-DEF
  EXT PARAMETER                APPROXIMATE        STEP         FIRST   
  NO.   NAME      VALUE            ERROR          SIZE      DERIVATIVE 
   1  N0           3.18208e+06     fixed    
   2  tau          6.44090e+01   constant   
   3  A0           3.64602e-01     fixed    
   4  phi          4.11930e+00     fixed    
   5  R           -6.10005e+01   constant   
   6  A_CBO        1.00001e-03     fixed    
   7  w_CBO        2.32056e+00     fixed    
   8  phi_CBO     -1.58241e+00     fixed    
   9  ANx2         1.86992e-04   constant   
  10  pNx2         5.81164e+00   constant   
  11  ANy1         0.00000e+00   constant   
  12  pNy1         0.00000e+00   constant   
  13  w_y          0.00000e+00   constant   
  14  ANy2         1.67026e-04   7.33842e-04   6.57160e-06   6.01671e-03
  15  pNy2         4.18605e+00   constant   
  16  w_vw         1.43216e+01   constant   
  17  LM           7.21641e-05   constant   
  18  wCBO_expCoeff   2.01205e+02   3.08696e+00   2.14760e-03  -6.31209e-03
  19  wCBO_expOffset   2.00183e+02   4.59413e-01   3.19561e-04  -4.24200e-02
  20  wCBO_expT    2.99392e+01   6.74143e-02   5.74763e-05  -2.36367e-01
  21  wCBO_linCoeff   0.00000e+00   constant   
  22  wCBO_const  -4.98377e-04   8.85402e-04   5.07255e-06  -1.73592e+00
 EXTERNAL ERROR MATRIX.    NDIM=  25    NPAR=  5    ERR DEF=1
  5.385e-07 -7.609e-08 -1.269e-08 -2.351e-07  2.447e-09 
 -7.609e-08  9.529e+00 -9.883e-01 -8.023e-02  4.281e-04 
 -1.269e-08 -9.883e-01  2.111e-01 -1.195e-02  6.375e-05 
 -2.351e-07 -8.023e-02 -1.195e-02  4.545e-03 -2.913e-05 
  2.447e-09  4.281e-04  6.375e-05 -2.913e-05  7.839e-07 
ERR MATRIX NOT POS-DEF
 PARAMETER  CORRELATION COEFFICIENTS  
       NO.  GLOBAL     14     18     19     20     22
       14  0.04680   1.000 -0.000 -0.000 -0.005  0.004
       18  0.99699  -0.000  1.000 -0.697 -0.386  0.157
       19  0.99699  -0.000 -0.697  1.000 -0.386  0.157
       20  0.99547  -0.005 -0.386 -0.386  1.000 -0.488
       22  0.76920   0.004  0.157  0.157 -0.488  1.000
 ERR MATRIX NOT POS-DEF
MINUIT - FIT ALTOGETHER
 **********
 **   92 **RES 
 **********
                   PARAMETER    8  phi_CBO RESTORED TO VARIABLE.
                   PARAMETER    7  w_CBO RESTORED TO VARIABLE.
                   PARAMETER    6  A_CBO RESTORED TO VARIABLE.
                   PARAMETER    4  phi RESTORED TO VARIABLE.
                   PARAMETER    3  A0 RESTORED TO VARIABLE.
                   PARAMETER    1  N0 RESTORED TO VARIABLE.
 **********
 **   93 **MIGRAD
 **********
