 + ++++++++++++++++++++++++++++++++++++++++++++++++++++++++++++++++++++ +
 +                                                                      +
 +           You have chose to blind your fitting according to          +
 +                omega_ref * (1 + (R +/- deltaR) *10^{-6})             +
 +                                                                      +
 + ++++++++++++++++++++++++++++++++++++++++++++++++++++++++++++++++++++ +
In main()...
reading format from /gm2data/zkhechad/run45/envelope/formats/formatB_sBin_constraintOn.txt
pBinTau 	= 0  
pBinPhi 	= 0  
constraintau 	= 1 
includeMopTerm 	= 0    
constrainMop    = 0   
Parameters after format file: pBinTau 0 pBinPhi 0 constraintau 1 includeMopTerm 0 constrainMop 0 c_e_scale 0.000000 
reading cbo reference file (full fit) from /gm2data/zkhechad/cboTemplates/Run4CBOTemplates/fullFits/run4/sBin_constraintOn_cE0.0_seed0_run4_calo12.root
A_CBO 0.007990 w_CBO 2.327632 phi_CBO 5.471864 N0 3435893.469287 R -59.911173 tau 64.398066 
Reading cboRef file /gm2data/zkhechad/cboTemplates/Run4CBOTemplates//cboIsolate/run4_calo12.root
deltaT 92.744101
windowBins = 620
fitting sliding window 1020 from bin 1223 at 182.471600 to bin 1843 at 274.975600 (620 bins)

Reading data from /gm2data/cornell/histograms/aMethod/histogram_a_run4.root
fitting cbo isolate
 **********
 **    1 **SET PRINTOUT            1
 **********
 **********
 **    2 **SET NOWARNINGS 
 **********
 PARAMETER DEFINITIONS:
    NO.   NAME         VALUE      STEP SIZE      LIMITS
     1 A_CBO        7.98954e-03  1.00000e-05     no limits
     2 w_CBO        2.32763e+00  1.00000e-02    2.00000e+00  3.00000e+00
     3 phi_CBO      5.47186e+00  1.00000e-02    0.00000e+00  6.28319e+00
 **********
 **    3 **MIGRAD
 **********
 FIRST CALL TO USER FUNCTION AT NEW START POINT, WITH IFLAG=4.
 START MIGRAD MINIMIZATION.  STRATEGY  1.  CONVERGENCE WHEN EDM .LT. 1.00e-04
 FCN=0.00918383 FROM MIGRAD    STATUS=INITIATE       12 CALLS          13 TOTAL
                     EDM= unknown      STRATEGY= 1      NO ERROR MATRIX       
  EXT PARAMETER               CURRENT GUESS       STEP         FIRST   
  NO.   NAME      VALUE            ERROR          SIZE      DERIVATIVE 
   1  A_CBO        7.98954e-03   1.00000e-05   1.00000e-05   2.79815e+00
   2  w_CBO        2.32763e+00   1.00000e-02   2.13083e-02   3.94949e-02
   3  phi_CBO      5.47186e+00   1.00000e-02   4.74617e-03  -6.06716e-04
 MIGRAD MINIMIZATION HAS CONVERGED.
 MIGRAD WILL VERIFY CONVERGENCE AND ERROR MATRIX.
 COVARIANCE MATRIX CALCULATED SUCCESSFULLY
 FCN=0.00284426 FROM MIGRAD    STATUS=CONVERGED      41 CALLS          42 TOTAL
                     EDM=3.61378e-05    STRATEGY= 1      ERROR MATRIX ACCURATE 
  EXT PARAMETER                                   STEP         FIRST   
  NO.   NAME      VALUE            ERROR          SIZE      DERIVATIVE 
   1  A_CBO        3.45763e-03   5.78502e-02   2.78326e-05   3.37564e-05
   2  w_CBO        2.32754e+00   5.64864e-01   7.48802e-05  -1.59640e-02
   3  phi_CBO      5.48825e+00   4.77476e+00   3.86475e-03   3.82121e-04
 EXTERNAL ERROR MATRIX.    NDIM=  25    NPAR=  3    ERR DEF=1
  3.347e-03 -1.027e-02 -2.378e+00 
 -1.027e-02  1.009e+00  2.313e+02 
 -2.378e+00  2.313e+02  5.327e+04 
 PARAMETER  CORRELATION COEFFICIENTS  
       NO.  GLOBAL      1      2      3
        1  0.17857   1.000 -0.177 -0.178
        2  0.99744  -0.177  1.000  0.997
        3  0.99744  -0.178  0.997  1.000
setting A_CBO=0.003458 w_CBO=2.327539, phi_CBO=5.488252
done fitting cbo isolate
 **********
 **    1 **SET PRINTOUT            1
 **********
 **********
 **    2 **SET NOWARNINGS 
 **********
 PARAMETER DEFINITIONS:
    NO.   NAME         VALUE      STEP SIZE      LIMITS
     1 N0           3.43589e+06  1.00000e+02     no limits
     2 tau          6.43981e+01  constant
     3 A0           3.53663e-01  1.00000e-04     no limits
     4 phi          4.11774e+00  1.00000e-02     no limits
     5 R           -5.99112e+01  constant
     6 A_CBO        3.45763e-03  1.00000e-05     no limits
     7 w_CBO        2.32754e+00  1.00000e-03     no limits
     8 phi_CBO      5.48825e+00  1.00000e-04     no limits
     9 ANx2         3.16301e-04  constant
    10 pNx2         1.53957e+00  constant
    11 ANy1         0.00000e+00  constant
    12 pNy1         0.00000e+00  constant
    13 w_y          0.00000e+00  constant
    14 ANy2         1.02217e-02  1.00000e-04     no limits
    15 pNy2         1.44040e+00  constant
    16 w_vw         1.43192e+01  constant
    17 LM          -2.49463e-04  constant
    18 wCBO_expCoeff   2.00000e+02  1.00000e+00     no limits
    19 wCBO_expOffset   2.00000e+02  1.00000e+00     no limits
    20 wCBO_expT    3.00000e+01  1.00000e+00     no limits
    21 wCBO_linCoeff   0.00000e+00  constant
    22 wCBO_const   0.00000e+00  1.00000e-02     no limits
MINUIT - FIT ONLY WIGGLE
 **********
 **    3 **FIX            5
 **********
 PARAMETER    5  IS CONSTANT.   IGNORED.
 **********
 **    4 **FIX            6
 **********
 **********
 **    5 **FIX            7
 **********
 **********
 **    6 **FIX            8
 **********
 **********
 **    7 **FIX            9
 **********
 PARAMETER    9  IS CONSTANT.   IGNORED.
 **********
 **    8 **FIX           10
 **********
 PARAMETER   10  IS CONSTANT.   IGNORED.
 **********
 **    9 **FIX           11
 **********
 PARAMETER   11  IS CONSTANT.   IGNORED.
 **********
 **   10 **FIX           12
 **********
 PARAMETER   12  IS CONSTANT.   IGNORED.
 **********
 **   11 **FIX           13
 **********
 PARAMETER   13  IS CONSTANT.   IGNORED.
 **********
 **   12 **FIX           14
 **********
 **********
 **   13 **FIX           15
 **********
 PARAMETER   15  IS CONSTANT.   IGNORED.
 **********
 **   14 **FIX           16
 **********
 PARAMETER   16  IS CONSTANT.   IGNORED.
 **********
 **   15 **MIGRAD
 **********
 FIRST CALL TO USER FUNCTION AT NEW START POINT, WITH IFLAG=4.
 START MIGRAD MINIMIZATION.  STRATEGY  1.  CONVERGENCE WHEN EDM .LT. 1.00e-04
 FCN=3121.63 FROM MIGRAD    STATUS=INITIATE       96 CALLS          97 TOTAL
                     EDM= unknown      STRATEGY= 1      NO ERROR MATRIX       
  EXT PARAMETER               CURRENT GUESS       STEP         FIRST   
  NO.   NAME      VALUE            ERROR          SIZE      DERIVATIVE 
   1  N0           3.43589e+06   1.00000e+02   0.00000e+00   8.68993e-04
   2  tau          6.43981e+01   constant   
   3  A0           3.53663e-01   1.00000e-04   0.00000e+00  -9.35610e+03
   4  phi          4.11774e+00   1.00000e-02   0.00000e+00  -9.60425e+01
   5  R           -5.99112e+01   constant   
   6  A_CBO        3.45763e-03     fixed    
   7  w_CBO        2.32754e+00     fixed    
   8  phi_CBO      5.48825e+00     fixed    
   9  ANx2         3.16301e-04   constant   
  10  pNx2         1.53957e+00   constant   
  11  ANy1         0.00000e+00   constant   
  12  pNy1         0.00000e+00   constant   
  13  w_y          0.00000e+00   constant   
  14  ANy2         1.02217e-02     fixed    
  15  pNy2         1.44040e+00   constant   
  16  w_vw         1.43192e+01   constant   
  17  LM          -2.49463e-04   constant   
  18  wCBO_expCoeff   1.99997e+02   1.00000e+00  -1.85471e-03   1.80638e+03
  19  wCBO_expOffset   2.00000e+02   1.00000e+00   0.00000e+00   8.74902e+03
  20  wCBO_expT    3.00000e+01   1.00000e+00   0.00000e+00  -1.23279e+05
  21  wCBO_linCoeff   0.00000e+00   constant   
  22  wCBO_const   2.32076e-03   1.00000e-02   0.00000e+00  -2.73850e+04
 MIGRAD FAILS TO FIND IMPROVEMENT
 COVARIANCE MATRIX CALCULATED SUCCESSFULLY
 FCN=3056.85 FROM HESSE     STATUS=OK             52 CALLS         288 TOTAL
                     EDM=0.000998457    STRATEGY= 1      ERROR MATRIX ACCURATE 
  EXT PARAMETER                                   STEP         FIRST   
  NO.   NAME      VALUE            ERROR          SIZE      DERIVATIVE 
   1  N0           3.43583e+06   5.00759e+02   1.33781e+01  -2.09738e-05
   2  tau          6.43981e+01   constant   
   3  A0           3.53946e-01   1.94565e-04   5.22426e-06  -4.16776e+01
   4  phi          4.11785e+00   5.71858e-04   1.52440e-05  -2.07956e+01
   5  R           -5.99112e+01   constant   
   6  A_CBO        3.45763e-03     fixed    
   7  w_CBO        2.32754e+00     fixed    
   8  phi_CBO      5.48825e+00     fixed    
   9  ANx2         3.16301e-04   constant   
  10  pNx2         1.53957e+00   constant   
  11  ANy1         0.00000e+00   constant   
  12  pNy1         0.00000e+00   constant   
  13  w_y          0.00000e+00   constant   
  14  ANy2         1.02217e-02     fixed    
  15  pNy2         1.44040e+00   constant   
  16  w_vw         1.43192e+01   constant   
  17  LM          -2.49463e-04   constant   
  18  wCBO_expCoeff   1.99995e+02   1.62225e-03   9.53652e-05  -1.12668e+02
  19  wCBO_expOffset   2.00000e+02   2.09897e-04   9.53673e-05  -7.47572e+02
  20  wCBO_expT    2.99998e+01   1.79570e-04   1.43050e-05   1.79804e+02
  21  wCBO_linCoeff   0.00000e+00   constant   
  22  wCBO_const   6.54232e-03   6.39082e-04   6.11667e-06  -1.40678e+01
 MIGRAD FAILS TO FIND IMPROVEMENT
 MIGRAD TERMINATED WITHOUT CONVERGENCE.
 FCN=3056.85 FROM MIGRAD    STATUS=FAILED        313 CALLS         314 TOTAL
                     EDM=0.0106379    STRATEGY= 1  ERROR MATRIX UNCERTAINTY   0.7 per cent
  EXT PARAMETER                APPROXIMATE        STEP         FIRST   
  NO.   NAME      VALUE            ERROR          SIZE      DERIVATIVE 
   1  N0           3.43583e+06   5.08152e+02   0.00000e+00  -6.44297e-08
   2  tau          6.43981e+01   constant   
   3  A0           3.53947e-01   1.96893e-04   0.00000e+00  -1.55418e+00
   4  phi          4.11785e+00   5.69792e-04   0.00000e+00   3.19595e+00
   5  R           -5.99112e+01   constant   
   6  A_CBO        3.45763e-03     fixed    
   7  w_CBO        2.32754e+00     fixed    
   8  phi_CBO      5.48825e+00     fixed    
   9  ANx2         3.16301e-04   constant   
  10  pNx2         1.53957e+00   constant   
  11  ANy1         0.00000e+00   constant   
  12  pNy1         0.00000e+00   constant   
  13  w_y          0.00000e+00   constant   
  14  ANy2         1.02217e-02     fixed    
  15  pNy2         1.44040e+00   constant   
  16  w_vw         1.43192e+01   constant   
  17  LM          -2.49463e-04   constant   
  18  wCBO_expCoeff   1.99995e+02   1.31382e-03   0.00000e+00   6.74468e+00
  19  wCBO_expOffset   2.00000e+02   6.54166e-05  -0.00000e+00   1.02345e+03
  20  wCBO_expT    2.99998e+01   2.05465e-04   0.00000e+00  -2.20030e+01
  21  wCBO_linCoeff   0.00000e+00   constant   
  22  wCBO_const   6.52542e-03   7.72364e-04  -0.00000e+00  -2.71954e+00
 EXTERNAL ERROR MATRIX.    NDIM=  25    NPAR=  7    ERR DEF=1
  2.582e+05  6.055e-03  4.165e-04  1.039e-01 -4.719e-03  1.356e-02 -4.029e-02 
  6.055e-03  3.877e-08  2.218e-09  4.184e-08 -1.724e-09  6.140e-09 -2.017e-08 
  4.165e-04  2.218e-09  3.247e-07  8.593e-08 -4.393e-09  1.027e-08 -4.767e-08 
  1.039e-01  4.184e-08  8.593e-08  1.726e-06 -6.467e-08  2.297e-07 -9.294e-07 
 -4.719e-03 -1.724e-09 -4.393e-09 -6.467e-08  4.279e-09 -6.091e-09  2.579e-08 
  1.356e-02  6.140e-09  1.027e-08  2.297e-07 -6.091e-09  4.222e-08 -1.364e-07 
 -4.029e-02 -2.017e-08 -4.767e-08 -9.294e-07  2.579e-08 -1.364e-07  5.965e-07 
ERR MATRIX APPROXIMATE
 PARAMETER  CORRELATION COEFFICIENTS  
       NO.  GLOBAL      1      3      4     18     19     20     22
        1  0.19298   1.000  0.061  0.001  0.156 -0.142  0.130 -0.103
        3  0.17524   0.061  1.000  0.020  0.162 -0.134  0.152 -0.133
        4  0.13665   0.001  0.020  1.000  0.115 -0.118  0.088 -0.108
       18  0.98083   0.156  0.162  0.115  1.000 -0.752  0.851 -0.916
       19  0.89796  -0.142 -0.134 -0.118 -0.752  1.000 -0.453  0.510
       20  0.89729   0.130  0.152  0.088  0.851 -0.453  1.000 -0.860
       22  0.95597  -0.103 -0.133 -0.108 -0.916  0.510 -0.860  1.000
 ERR MATRIX APPROXIMATE
MINUIT - FIT ONLY 1-CBO + other amplitudes 
 **********
 **   16 **RES 
 **********
                   PARAMETER   14  ANy2 RESTORED TO VARIABLE.
                   PARAMETER    8  phi_CBO RESTORED TO VARIABLE.
                   PARAMETER    7  w_CBO RESTORED TO VARIABLE.
                   PARAMETER    6  A_CBO RESTORED TO VARIABLE.
 **********
 **   17 **FIX            0
 **********
 PARAMETER    0  IS UNDEFINED. IGNORED.
 **********
 **   18 **FIX            1
 **********
 **********
 **   19 **FIX            2
 **********
 PARAMETER    2  IS CONSTANT.   IGNORED.
 **********
 **   20 **FIX            3
 **********
 **********
 **   21 **FIX            4
 **********
 **********
 **   22 **FIX            9
 **********
 PARAMETER    9  IS CONSTANT.   IGNORED.
 **********
 **   23 **FIX           11
 **********
 PARAMETER   11  IS CONSTANT.   IGNORED.
 **********
 **   24 **FIX           12
 **********
 PARAMETER   12  IS CONSTANT.   IGNORED.
 **********
 **   25 **FIX           14
 **********
 **********
 **   26 **FIX           15
 **********
 PARAMETER   15  IS CONSTANT.   IGNORED.
 **********
 **   27 **FIX           16
 **********
 PARAMETER   16  IS CONSTANT.   IGNORED.
 **********
 **   28 **MIGRAD
 **********
 START MIGRAD MINIMIZATION.  STRATEGY  1.  CONVERGENCE WHEN EDM .LT. 1.00e-04
 FCN=3056.85 FROM MIGRAD    STATUS=INITIATE       22 CALLS         336 TOTAL
                     EDM= unknown      STRATEGY= 1      NO ERROR MATRIX       
  EXT PARAMETER               CURRENT GUESS       STEP         FIRST   
  NO.   NAME      VALUE            ERROR          SIZE      DERIVATIVE 
   1  N0           3.43583e+06     fixed    
   2  tau          6.43981e+01   constant   
   3  A0           3.53947e-01     fixed    
   4  phi          4.11785e+00     fixed    
   5  R           -5.99112e+01   constant   
   6  A_CBO        3.45763e-03   1.00000e-05   1.00000e-05   1.23940e+05
   7  w_CBO        2.32754e+00   1.00000e-03   1.00000e-03   5.83312e+02
   8  phi_CBO      5.48825e+00   1.00000e-04   1.00000e-04  -1.72638e+01
   9  ANx2         3.16301e-04   constant   
  10  pNx2         1.53957e+00   constant   
  11  ANy1         0.00000e+00   constant   
  12  pNy1         0.00000e+00   constant   
  13  w_y          0.00000e+00   constant   
  14  ANy2         1.02217e-02     fixed    
  15  pNy2         1.44040e+00   constant   
  16  w_vw         1.43192e+01   constant   
  17  LM          -2.49463e-04   constant   
  18  wCBO_expCoeff   1.99995e+02   1.31382e-03   0.00000e+00   6.74468e+00
  19  wCBO_expOffset   2.00000e+02   6.54166e-05  -0.00000e+00   1.02345e+03
  20  wCBO_expT    2.99998e+01   2.05465e-04   0.00000e+00  -2.20030e+01
  21  wCBO_linCoeff   0.00000e+00   constant   
  22  wCBO_const   6.52542e-03   7.72364e-04  -0.00000e+00  -2.71945e+00
 MIGRAD FAILS TO FIND IMPROVEMENT
 COVARIANCE MATRIX CALCULATED SUCCESSFULLY
 FCN=2878.9 FROM HESSE     STATUS=OK             56 CALLS         591 TOTAL
                     EDM=0.00188565    STRATEGY= 1      ERROR MATRIX ACCURATE 
  EXT PARAMETER                                   STEP         FIRST   
  NO.   NAME      VALUE            ERROR          SIZE      DERIVATIVE 
   1  N0           3.43583e+06     fixed    
   2  tau          6.43981e+01   constant   
   3  A0           3.53947e-01     fixed    
   4  phi          4.11785e+00     fixed    
   5  R           -5.99112e+01   constant   
   6  A_CBO        7.55889e-04   2.11041e-04   5.40597e-06  -9.76854e+01
   7  w_CBO        2.32753e+00   1.78028e-05   1.10985e-06  -6.31302e+03
   8  phi_CBO      6.47568e+00   3.27730e-01   7.01707e-03   1.17831e-01
   9  ANx2         3.16301e-04   constant   
  10  pNx2         1.53957e+00   constant   
  11  ANy1         0.00000e+00   constant   
  12  pNy1         0.00000e+00   constant   
  13  w_y          0.00000e+00   constant   
  14  ANy2         1.02217e-02     fixed    
  15  pNy2         1.44040e+00   constant   
  16  w_vw         1.43192e+01   constant   
  17  LM          -2.49463e-04   constant   
  18  wCBO_expCoeff   1.99995e+02   1.53278e-03   9.53650e-05  -7.27544e+01
  19  wCBO_expOffset   2.00000e+02   1.06810e-04   9.53672e-05  -5.06172e+02
  20  wCBO_expT    2.99998e+01   2.68559e-04   1.43050e-05   1.29400e+02
  21  wCBO_linCoeff   0.00000e+00   constant   
  22  wCBO_const   8.95589e-03   9.56672e-04   7.22953e-06  -1.41834e+02
 MIGRAD FAILS TO FIND IMPROVEMENT
 MIGRAD TERMINATED WITHOUT CONVERGENCE.
 FCN=2878.9 FROM MIGRAD    STATUS=FAILED        349 CALLS         663 TOTAL
                     EDM=0.00236611    STRATEGY= 1  ERROR MATRIX UNCERTAINTY   0.1 per cent
  EXT PARAMETER                APPROXIMATE        STEP         FIRST   
  NO.   NAME      VALUE            ERROR          SIZE      DERIVATIVE 
   1  N0           3.43583e+06     fixed    
   2  tau          6.43981e+01   constant   
   3  A0           3.53947e-01     fixed    
   4  phi          4.11785e+00     fixed    
   5  R           -5.99112e+01   constant   
   6  A_CBO        7.57445e-04   2.09154e-04   0.00000e+00   1.81956e+01
   7  w_CBO        2.32753e+00   1.84880e-05  -0.00000e+00   2.13887e+02
   8  phi_CBO      6.47515e+00   3.25343e-01   0.00000e+00  -1.01876e-02
   9  ANx2         3.16301e-04   constant   
  10  pNx2         1.53957e+00   constant   
  11  ANy1         0.00000e+00   constant   
  12  pNy1         0.00000e+00   constant   
  13  w_y          0.00000e+00   constant   
  14  ANy2         1.02217e-02     fixed    
  15  pNy2         1.44040e+00   constant   
  16  w_vw         1.43192e+01   constant   
  17  LM          -2.49463e-04   constant   
  18  wCBO_expCoeff   1.99995e+02   1.59292e-03  -0.00000e+00   2.52670e+00
  19  wCBO_expOffset   2.00000e+02   6.78962e-05   0.00000e+00  -1.95872e+03
  20  wCBO_expT    2.99998e+01   2.87556e-04  -0.00000e+00   7.26095e-01
  21  wCBO_linCoeff   0.00000e+00   constant   
  22  wCBO_const   8.99402e-03   1.02794e-03   0.00000e+00   7.66728e+00
 EXTERNAL ERROR MATRIX.    NDIM=  25    NPAR=  7    ERR DEF=1
  4.375e-08  1.753e-10 -2.005e-06  1.532e-08  1.792e-09  5.030e-09 -3.344e-08 
  1.753e-10  3.418e-10 -2.949e-07 -1.561e-08 -4.894e-10  2.328e-09 -8.895e-09 
 -2.005e-06 -2.949e-07  1.058e-01 -2.577e-05  1.132e-07 -1.231e-05  1.021e-04 
  1.532e-08 -1.561e-08 -2.577e-05  2.537e-06 -4.249e-08  2.027e-07 -7.544e-07 
  1.792e-09 -4.894e-10  1.132e-07 -4.249e-08  4.610e-09 -1.519e-08  5.308e-08 
  5.030e-09  2.328e-09 -1.231e-05  2.027e-07 -1.519e-08  8.269e-08 -2.573e-07 
 -3.344e-08 -8.895e-09  1.021e-04 -7.544e-07  5.308e-08 -2.573e-07  1.057e-06 
ERR MATRIX APPROXIMATE
 PARAMETER  CORRELATION COEFFICIENTS  
       NO.  GLOBAL      6      7      8     18     19     20     22
        6  0.48899   1.000  0.045 -0.029  0.046  0.126  0.084 -0.156
        7  0.98583   0.045  1.000 -0.049 -0.530 -0.390  0.438 -0.468
        8  0.76743  -0.029 -0.049  1.000 -0.050  0.005 -0.132  0.305
       18  0.98573   0.046 -0.530 -0.050  1.000 -0.393  0.442 -0.461
       19  0.84889   0.126 -0.390  0.005 -0.393  1.000 -0.778  0.761
       20  0.91461   0.084  0.438 -0.132  0.442 -0.778  1.000 -0.870
       22  0.98312  -0.156 -0.468  0.305 -0.461  0.761 -0.870  1.000
 ERR MATRIX APPROXIMATE
MINUIT - FIT ONLY 1-CBO
 **********
 **   29 **RES 
 **********
                   PARAMETER   14  ANy2 RESTORED TO VARIABLE.
                   PARAMETER    4  phi RESTORED TO VARIABLE.
                   PARAMETER    3  A0 RESTORED TO VARIABLE.
                   PARAMETER    1  N0 RESTORED TO VARIABLE.
 **********
 **   30 **FIX            0
 **********
 PARAMETER    0  IS UNDEFINED. IGNORED.
 **********
 **   31 **FIX            1
 **********
 **********
 **   32 **FIX            2
 **********
 PARAMETER    2  IS CONSTANT.   IGNORED.
 **********
 **   33 **FIX            3
 **********
 **********
 **   34 **FIX            4
 **********
 **********
 **   35 **FIX            8
 **********
 **********
 **   36 **FIX            9
 **********
 PARAMETER    9  IS CONSTANT.   IGNORED.
 **********
 **   37 **FIX           11
 **********
 PARAMETER   11  IS CONSTANT.   IGNORED.
 **********
 **   38 **FIX           12
 **********
 PARAMETER   12  IS CONSTANT.   IGNORED.
 **********
 **   39 **FIX           13
 **********
 PARAMETER   13  IS CONSTANT.   IGNORED.
 **********
 **   40 **FIX           15
 **********
 PARAMETER   15  IS CONSTANT.   IGNORED.
 **********
 **   41 **FIX           16
 **********
 PARAMETER   16  IS CONSTANT.   IGNORED.
 **********
 **   42 **MIGRAD
 **********
 START MIGRAD MINIMIZATION.  STRATEGY  1.  CONVERGENCE WHEN EDM .LT. 1.00e-04
 FCN=2878.9 FROM MIGRAD    STATUS=INITIATE       16 CALLS         679 TOTAL
                     EDM= unknown      STRATEGY= 1      NO ERROR MATRIX       
  EXT PARAMETER               CURRENT GUESS       STEP         FIRST   
  NO.   NAME      VALUE            ERROR          SIZE      DERIVATIVE 
   1  N0           3.43583e+06     fixed    
   2  tau          6.43981e+01   constant   
   3  A0           3.53947e-01     fixed    
   4  phi          4.11785e+00     fixed    
   5  R           -5.99112e+01   constant   
   6  A_CBO        7.57445e-04   2.09154e-04   0.00000e+00   1.81956e+01
   7  w_CBO        2.32753e+00   1.84880e-05  -0.00000e+00   2.13887e+02
   8  phi_CBO      6.47515e+00     fixed    
   9  ANx2         3.16301e-04   constant   
  10  pNx2         1.53957e+00   constant   
  11  ANy1         0.00000e+00   constant   
  12  pNy1         0.00000e+00   constant   
  13  w_y          0.00000e+00   constant   
  14  ANy2         1.02217e-02   1.00000e-04   1.00000e-04   4.78396e+05
  15  pNy2         1.44040e+00   constant   
  16  w_vw         1.43192e+01   constant   
  17  LM          -2.49463e-04   constant   
  18  wCBO_expCoeff   1.99995e+02   1.59292e-03  -0.00000e+00   2.52670e+00
  19  wCBO_expOffset   2.00000e+02   6.78962e-05   0.00000e+00  -1.95872e+03
  20  wCBO_expT    2.99998e+01   2.87556e-04  -0.00000e+00   7.26095e-01
  21  wCBO_linCoeff   0.00000e+00   constant   
  22  wCBO_const   8.99402e-03   1.02794e-03   0.00000e+00   7.66729e+00
 CALL LIMIT EXCEEDED IN MIGRAD.
 MIGRAD TERMINATED WITHOUT CONVERGENCE.
 FCN=473.707 FROM MIGRAD    STATUS=CALL LIMIT   1153 CALLS        1816 TOTAL
                     EDM=0.0505705    STRATEGY= 1  ERROR MATRIX UNCERTAINTY   1.7 per cent
  EXT PARAMETER                APPROXIMATE        STEP         FIRST   
  NO.   NAME      VALUE            ERROR          SIZE      DERIVATIVE 
   1  N0           3.43583e+06     fixed    
   2  tau          6.43981e+01   constant   
   3  A0           3.53947e-01     fixed    
   4  phi          4.11785e+00     fixed    
   5  R           -5.99112e+01   constant   
   6  A_CBO        6.31341e-05   2.42814e-04   5.53870e-08   6.75795e+01
   7  w_CBO        2.32754e+00   8.95480e-05   4.19520e-08  -1.04698e+04
   8  phi_CBO      6.47515e+00     fixed    
   9  ANx2         3.16301e-04   constant   
  10  pNx2         1.53957e+00   constant   
  11  ANy1         0.00000e+00   constant   
  12  pNy1         0.00000e+00   constant   
  13  w_y          0.00000e+00   constant   
  14  ANy2         1.71744e-04   4.04402e-04   1.84707e-07   9.52221e+02
  15  pNy2         1.44040e+00   constant   
  16  w_vw         1.43192e+01   constant   
  17  LM          -2.49463e-04   constant   
  18  wCBO_expCoeff   1.99995e+02   7.81675e-03   3.66202e-06  -1.20792e+02
  19  wCBO_expOffset   2.00000e+02   1.03763e-03  -4.85946e-07  -3.61421e+02
  20  wCBO_expT    2.99997e+01   1.88869e-03   8.84068e-07  -1.69873e+02
  21  wCBO_linCoeff   0.00000e+00   constant   
  22  wCBO_const   8.81412e-03   4.74176e-03  -2.20074e-06  -2.12134e+02
 EXTERNAL ERROR MATRIX.    NDIM=  25    NPAR=  7    ERR DEF=1
  5.896e-08  1.030e-08  4.126e-08  8.996e-07 -1.224e-07  2.300e-07 -5.443e-07 
  1.030e-08  8.019e-09  3.478e-08  6.985e-07 -9.262e-08  1.678e-07 -4.222e-07 
  4.126e-08  3.478e-08  1.635e-07  3.036e-06 -3.972e-07  7.340e-07 -1.781e-06 
  8.996e-07  6.985e-07  3.036e-06  6.110e-05 -8.085e-06  1.464e-05 -3.685e-05 
 -1.224e-07 -9.262e-08 -3.972e-07 -8.085e-06  1.077e-06 -1.945e-06  4.895e-06 
  2.300e-07  1.678e-07  7.340e-07  1.464e-05 -1.945e-06  3.567e-06 -8.818e-06 
 -5.443e-07 -4.222e-07 -1.781e-06 -3.685e-05  4.895e-06 -8.818e-06  2.248e-05 
ERR MATRIX APPROXIMATE
 PARAMETER  CORRELATION COEFFICIENTS  
       NO.  GLOBAL      6      7     14     18     19     20     22
        6  0.83840   1.000  0.474  0.420  0.474 -0.486  0.502 -0.473
        7  0.99989   0.474  1.000  0.960  0.998 -0.997  0.992 -0.994
       14  0.99958   0.420  0.960  1.000  0.960 -0.947  0.961 -0.929
       18  0.99990   0.474  0.998  0.960  1.000 -0.997  0.992 -0.994
       19  0.99975  -0.486 -0.997 -0.947 -0.997  1.000 -0.993  0.995
       20  0.99842   0.502  0.992  0.961  0.992 -0.993  1.000 -0.985
       22  0.99991  -0.473 -0.994 -0.929 -0.994  0.995 -0.985  1.000
 ERR MATRIX APPROXIMATE
MINUIT - FIT ONLY 2-CBO
 **********
 **   43 **RES 
 **********
                   PARAMETER    8  phi_CBO RESTORED TO VARIABLE.
                   PARAMETER    4  phi RESTORED TO VARIABLE.
                   PARAMETER    3  A0 RESTORED TO VARIABLE.
                   PARAMETER    1  N0 RESTORED TO VARIABLE.
 **********
 **   44 **FIX            0
 **********
 PARAMETER    0  IS UNDEFINED. IGNORED.
 **********
 **   45 **FIX            1
 **********
 **********
 **   46 **FIX            2
 **********
 PARAMETER    2  IS CONSTANT.   IGNORED.
 **********
 **   47 **FIX            3
 **********
 **********
 **   48 **FIX            4
 **********
 **********
 **   49 **FIX            5
 **********
 PARAMETER    5  IS CONSTANT.   IGNORED.
 **********
 **   50 **FIX            6
 **********
 **********
 **   51 **FIX            7
 **********
 **********
 **   52 **FIX           10
 **********
 PARAMETER   10  IS CONSTANT.   IGNORED.
 **********
 **   53 **FIX           11
 **********
 PARAMETER   11  IS CONSTANT.   IGNORED.
 **********
 **   54 **FIX           12
 **********
 PARAMETER   12  IS CONSTANT.   IGNORED.
 **********
 **   55 **FIX           13
 **********
 PARAMETER   13  IS CONSTANT.   IGNORED.
 **********
 **   56 **FIX           14
 **********
 **********
 **   57 **FIX           15
 **********
 PARAMETER   15  IS CONSTANT.   IGNORED.
 **********
 **   58 **FIX           16
 **********
 PARAMETER   16  IS CONSTANT.   IGNORED.
 **********
 **   59 **MIGRAD
 **********
 START MIGRAD MINIMIZATION.  STRATEGY  1.  CONVERGENCE WHEN EDM .LT. 1.00e-04
 FCN=473.707 FROM MIGRAD    STATUS=INITIATE       12 CALLS        1828 TOTAL
                     EDM= unknown      STRATEGY= 1      NO ERROR MATRIX       
  EXT PARAMETER               CURRENT GUESS       STEP         FIRST   
  NO.   NAME      VALUE            ERROR          SIZE      DERIVATIVE 
   1  N0           3.43583e+06     fixed    
   2  tau          6.43981e+01   constant   
   3  A0           3.53947e-01     fixed    
   4  phi          4.11785e+00     fixed    
   5  R           -5.99112e+01   constant   
   6  A_CBO        6.31341e-05     fixed    
   7  w_CBO        2.32754e+00     fixed    
   8  phi_CBO      6.47515e+00   3.25343e-01   3.25343e-01  -4.11715e-01
   9  ANx2         3.16301e-04   constant   
  10  pNx2         1.53957e+00   constant   
  11  ANy1         0.00000e+00   constant   
  12  pNy1         0.00000e+00   constant   
  13  w_y          0.00000e+00   constant   
  14  ANy2         1.71744e-04     fixed    
  15  pNy2         1.44040e+00   constant   
  16  w_vw         1.43192e+01   constant   
  17  LM          -2.49463e-04   constant   
  18  wCBO_expCoeff   1.99995e+02   7.81675e-03   3.66202e-06  -1.20792e+02
  19  wCBO_expOffset   2.00000e+02   1.03763e-03  -4.85946e-07  -3.61421e+02
  20  wCBO_expT    2.99997e+01   1.88869e-03   8.84068e-07  -1.69873e+02
  21  wCBO_linCoeff   0.00000e+00   constant   
  22  wCBO_const   8.81412e-03   4.74176e-03  -2.20074e-06  -2.12134e+02
 MIGRAD FAILS TO FIND IMPROVEMENT
 COVARIANCE MATRIX CALCULATED SUCCESSFULLY
 FCN=473.16 FROM HESSE     STATUS=OK             33 CALLS        1964 TOTAL
                     EDM=0.8481    STRATEGY= 1      ERROR MATRIX ACCURATE 
  EXT PARAMETER                                   STEP         FIRST   
  NO.   NAME      VALUE            ERROR          SIZE      DERIVATIVE 
   1  N0           3.43583e+06     fixed    
   2  tau          6.43981e+01   constant   
   3  A0           3.53947e-01     fixed    
   4  phi          4.11785e+00     fixed    
   5  R           -5.99112e+01   constant   
   6  A_CBO        6.31341e-05     fixed    
   7  w_CBO        2.32754e+00     fixed    
   8  phi_CBO      7.80701e+00   2.44618e+00   2.09587e-02  -1.97936e-01
   9  ANx2         3.16301e-04   constant   
  10  pNx2         1.53957e+00   constant   
  11  ANy1         0.00000e+00   constant   
  12  pNy1         0.00000e+00   constant   
  13  w_y          0.00000e+00   constant   
  14  ANy2         1.71744e-04     fixed    
  15  pNy2         1.44040e+00   constant   
  16  w_vw         1.43192e+01   constant   
  17  LM          -2.49463e-04   constant   
  18  wCBO_expCoeff   1.99997e+02   3.81503e-03   9.53659e-05   4.09064e+02
  19  wCBO_expOffset   2.00000e+02   2.15545e-04   9.53674e-05   2.72241e+03
  20  wCBO_expT    3.00002e+01   8.49179e-04   1.43052e-05  -5.45953e+03
  21  wCBO_linCoeff   0.00000e+00   constant   
  22  wCBO_const   7.22554e-03   1.95815e-03   7.93221e-06  -9.82909e+02
 MIGRAD FAILS TO FIND IMPROVEMENT
 MIGRAD TERMINATED WITHOUT CONVERGENCE.
 FCN=471.212 FROM MIGRAD    STATUS=FAILED        290 CALLS        2106 TOTAL
                     EDM=0.00422379    STRATEGY= 1  ERROR MATRIX UNCERTAINTY   2.8 per cent
  EXT PARAMETER                APPROXIMATE        STEP         FIRST   
  NO.   NAME      VALUE            ERROR          SIZE      DERIVATIVE 
   1  N0           3.43583e+06     fixed    
   2  tau          6.43981e+01   constant   
   3  A0           3.53947e-01     fixed    
   4  phi          4.11785e+00     fixed    
   5  R           -5.99112e+01   constant   
   6  A_CBO        6.31341e-05     fixed    
   7  w_CBO        2.32754e+00     fixed    
   8  phi_CBO      7.13274e+00   1.77551e+00   0.00000e+00   4.03611e-03
   9  ANx2         3.16301e-04   constant   
  10  pNx2         1.53957e+00   constant   
  11  ANy1         0.00000e+00   constant   
  12  pNy1         0.00000e+00   constant   
  13  w_y          0.00000e+00   constant   
  14  ANy2         1.71744e-04     fixed    
  15  pNy2         1.44040e+00   constant   
  16  w_vw         1.43192e+01   constant   
  17  LM          -2.49463e-04   constant   
  18  wCBO_expCoeff   2.00004e+02   5.31164e-03   0.00000e+00  -6.20679e+01
  19  wCBO_expOffset   2.00000e+02   4.50594e-04  -0.00000e+00   2.31079e+02
  20  wCBO_expT    3.00020e+01   7.59900e-04   0.00000e+00   2.69379e+02
  21  wCBO_linCoeff   0.00000e+00   constant   
  22  wCBO_const   3.72695e-03   2.03894e-03  -0.00000e+00   1.76465e+01
 EXTERNAL ERROR MATRIX.    NDIM=  25    NPAR=  5    ERR DEF=1
  3.152e+00  1.408e-03 -2.151e-04 -3.003e-05  2.415e-04 
  1.408e-03  2.821e-05 -1.914e-06  3.702e-06 -7.424e-06 
 -2.151e-04 -1.914e-06  2.030e-07 -1.817e-07  1.245e-07 
 -3.003e-05  3.702e-06 -1.817e-07  5.774e-07 -1.363e-06 
  2.415e-04 -7.424e-06  1.245e-07 -1.363e-06  4.157e-06 
ERR MATRIX APPROXIMATE
 PARAMETER  CORRELATION COEFFICIENTS  
       NO.  GLOBAL      8     18     19     20     22
        8  0.48324   1.000  0.149 -0.269 -0.022  0.067
       18  0.99270   0.149  1.000 -0.800  0.917 -0.685
       19  0.98112  -0.269 -0.800  1.000 -0.531  0.135
       20  0.98377  -0.022  0.917 -0.531  1.000 -0.880
       22  0.97589   0.067 -0.685  0.135 -0.880  1.000
 ERR MATRIX APPROXIMATE
MINUIT - FIT ONLY 1-y
 **********
 **   60 **RES 
 **********
                   PARAMETER   14  ANy2 RESTORED TO VARIABLE.
                   PARAMETER    7  w_CBO RESTORED TO VARIABLE.
                   PARAMETER    6  A_CBO RESTORED TO VARIABLE.
                   PARAMETER    4  phi RESTORED TO VARIABLE.
                   PARAMETER    3  A0 RESTORED TO VARIABLE.
                   PARAMETER    1  N0 RESTORED TO VARIABLE.
 **********
 **   61 **FIX            0
 **********
 PARAMETER    0  IS UNDEFINED. IGNORED.
 **********
 **   62 **FIX            1
 **********
 **********
 **   63 **FIX            2
 **********
 PARAMETER    2  IS CONSTANT.   IGNORED.
 **********
 **   64 **FIX            3
 **********
 **********
 **   65 **FIX            4
 **********
 **********
 **   66 **FIX            5
 **********
 PARAMETER    5  IS CONSTANT.   IGNORED.
 **********
 **   67 **FIX            6
 **********
 **********
 **   68 **FIX            7
 **********
 **********
 **   69 **FIX            8
 **********
 **********
 **   70 **FIX            9
 **********
 PARAMETER    9  IS CONSTANT.   IGNORED.
 **********
 **   71 **FIX           13
 **********
 PARAMETER   13  IS CONSTANT.   IGNORED.
 **********
 **   72 **FIX           14
 **********
 **********
 **   73 **FIX           15
 **********
 PARAMETER   15  IS CONSTANT.   IGNORED.
 **********
 **   74 **FIX           16
 **********
 PARAMETER   16  IS CONSTANT.   IGNORED.
 **********
 **   75 **MIGRAD
 **********
 START MIGRAD MINIMIZATION.  STRATEGY  1.  CONVERGENCE WHEN EDM .LT. 1.00e-04
 FCN=471.212 FROM MIGRAD    STATUS=INITIATE        8 CALLS        2114 TOTAL
                     EDM= unknown      STRATEGY= 1      NO ERROR MATRIX       
  EXT PARAMETER               CURRENT GUESS       STEP         FIRST   
  NO.   NAME      VALUE            ERROR          SIZE      DERIVATIVE 
   1  N0           3.43583e+06     fixed    
   2  tau          6.43981e+01   constant   
   3  A0           3.53947e-01     fixed    
   4  phi          4.11785e+00     fixed    
   5  R           -5.99112e+01   constant   
   6  A_CBO        6.31341e-05     fixed    
   7  w_CBO        2.32754e+00     fixed    
   8  phi_CBO      7.13274e+00     fixed    
   9  ANx2         3.16301e-04   constant   
  10  pNx2         1.53957e+00   constant   
  11  ANy1         0.00000e+00   constant   
  12  pNy1         0.00000e+00   constant   
  13  w_y          0.00000e+00   constant   
  14  ANy2         1.71744e-04     fixed    
  15  pNy2         1.44040e+00   constant   
  16  w_vw         1.43192e+01   constant   
  17  LM          -2.49463e-04   constant   
  18  wCBO_expCoeff   2.00004e+02   5.31164e-03   0.00000e+00  -6.20679e+01
  19  wCBO_expOffset   2.00000e+02   4.50594e-04  -0.00000e+00   2.31079e+02
  20  wCBO_expT    3.00020e+01   7.59900e-04   0.00000e+00   2.69379e+02
  21  wCBO_linCoeff   0.00000e+00   constant   
  22  wCBO_const   3.72695e-03   2.03894e-03  -0.00000e+00   1.76465e+01
 MIGRAD FAILS TO FIND IMPROVEMENT
 COVARIANCE MATRIX CALCULATED SUCCESSFULLY
 FCN=471.211 FROM HESSE     STATUS=OK             27 CALLS        2173 TOTAL
                     EDM=0.00171324    STRATEGY= 1      ERROR MATRIX ACCURATE 
  EXT PARAMETER                                   STEP         FIRST   
  NO.   NAME      VALUE            ERROR          SIZE      DERIVATIVE 
   1  N0           3.43583e+06     fixed    
   2  tau          6.43981e+01   constant   
   3  A0           3.53947e-01     fixed    
   4  phi          4.11785e+00     fixed    
   5  R           -5.99112e+01   constant   
   6  A_CBO        6.31341e-05     fixed    
   7  w_CBO        2.32754e+00     fixed    
   8  phi_CBO      7.13274e+00     fixed    
   9  ANx2         3.16301e-04   constant   
  10  pNx2         1.53957e+00   constant   
  11  ANy1         0.00000e+00   constant   
  12  pNy1         0.00000e+00   constant   
  13  w_y          0.00000e+00   constant   
  14  ANy2         1.71744e-04     fixed    
  15  pNy2         1.44040e+00   constant   
  16  w_vw         1.43192e+01   constant   
  17  LM          -2.49463e-04   constant   
  18  wCBO_expCoeff   2.00004e+02   5.54886e-03   9.53692e-05   4.45895e+00
  19  wCBO_expOffset   2.00000e+02   4.55652e-04   9.53674e-05   1.99326e+02
  20  wCBO_expT    3.00020e+01   1.57541e-03   1.43061e-05  -4.55569e+01
  21  wCBO_linCoeff   0.00000e+00   constant   
  22  wCBO_const   3.72019e-03   4.02940e-03   6.79920e-06   1.77785e+01
 MIGRAD FAILS TO FIND IMPROVEMENT
 MIGRAD TERMINATED WITHOUT CONVERGENCE.
 FCN=471.211 FROM MIGRAD    STATUS=FAILED        123 CALLS        2229 TOTAL
                     EDM=0.00366995    STRATEGY= 1  ERROR MATRIX UNCERTAINTY  15.1 per cent
  EXT PARAMETER                APPROXIMATE        STEP         FIRST   
  NO.   NAME      VALUE            ERROR          SIZE      DERIVATIVE 
   1  N0           3.43583e+06     fixed    
   2  tau          6.43981e+01   constant   
   3  A0           3.53947e-01     fixed    
   4  phi          4.11785e+00     fixed    
   5  R           -5.99112e+01   constant   
   6  A_CBO        6.31341e-05     fixed    
   7  w_CBO        2.32754e+00     fixed    
   8  phi_CBO      7.13274e+00     fixed    
   9  ANx2         3.16301e-04   constant   
  10  pNx2         1.53957e+00   constant   
  11  ANy1         0.00000e+00   constant   
  12  pNy1         0.00000e+00   constant   
  13  w_y          0.00000e+00   constant   
  14  ANy2         1.71744e-04     fixed    
  15  pNy2         1.44040e+00   constant   
  16  w_vw         1.43192e+01   constant   
  17  LM          -2.49463e-04   constant   
  18  wCBO_expCoeff   2.00004e+02   4.76144e-03   0.00000e+00   8.54107e+00
  19  wCBO_expOffset   2.00000e+02   2.26593e-04  -0.00000e+00   6.40417e+02
  20  wCBO_expT    3.00020e+01   7.63605e-04   0.00000e+00  -1.41584e+01
  21  wCBO_linCoeff   0.00000e+00   constant   
  22  wCBO_const   3.66985e-03   2.00632e-03  -0.00000e+00   5.65902e+00
 EXTERNAL ERROR MATRIX.    NDIM=  25    NPAR=  4    ERR DEF=1
  2.267e-05 -1.021e-06  3.490e-06 -9.073e-06 
 -1.021e-06  5.134e-08 -1.530e-07  4.053e-07 
  3.490e-06 -1.530e-07  5.831e-07 -1.346e-06 
 -9.073e-06  4.053e-07 -1.346e-06  4.025e-06 
ERR MATRIX APPROXIMATE
 PARAMETER  CORRELATION COEFFICIENTS  
       NO.  GLOBAL     18     19     20     22
       18  0.99143   1.000 -0.946  0.960 -0.950
       19  0.95163  -0.946  1.000 -0.884  0.892
       20  0.96896   0.960 -0.884  1.000 -0.878
       22  0.95855  -0.950  0.892 -0.878  1.000
 ERR MATRIX APPROXIMATE
MINUIT - FIT ONLY 2-y
 **********
 **   76 **RES 
 **********
                   PARAMETER   14  ANy2 RESTORED TO VARIABLE.
                   PARAMETER    8  phi_CBO RESTORED TO VARIABLE.
                   PARAMETER    7  w_CBO RESTORED TO VARIABLE.
                   PARAMETER    6  A_CBO RESTORED TO VARIABLE.
                   PARAMETER    4  phi RESTORED TO VARIABLE.
                   PARAMETER    3  A0 RESTORED TO VARIABLE.
                   PARAMETER    1  N0 RESTORED TO VARIABLE.
 **********
 **   77 **FIX            0
 **********
 PARAMETER    0  IS UNDEFINED. IGNORED.
 **********
 **   78 **FIX            1
 **********
 **********
 **   79 **FIX            2
 **********
 PARAMETER    2  IS CONSTANT.   IGNORED.
 **********
 **   80 **FIX            3
 **********
 **********
 **   81 **FIX            4
 **********
 **********
 **   82 **FIX            5
 **********
 PARAMETER    5  IS CONSTANT.   IGNORED.
 **********
 **   83 **FIX            6
 **********
 **********
 **   84 **FIX            7
 **********
 **********
 **   85 **FIX            8
 **********
 **********
 **   86 **FIX            9
 **********
 PARAMETER    9  IS CONSTANT.   IGNORED.
 **********
 **   87 **FIX           10
 **********
 PARAMETER   10  IS CONSTANT.   IGNORED.
 **********
 **   88 **FIX           11
 **********
 PARAMETER   11  IS CONSTANT.   IGNORED.
 **********
 **   89 **FIX           12
 **********
 PARAMETER   12  IS CONSTANT.   IGNORED.
 **********
 **   90 **FIX           16
 **********
 PARAMETER   16  IS CONSTANT.   IGNORED.
 **********
 **   91 **MIGRAD
 **********
 START MIGRAD MINIMIZATION.  STRATEGY  1.  CONVERGENCE WHEN EDM .LT. 1.00e-04
 FCN=471.211 FROM MIGRAD    STATUS=INITIATE       10 CALLS        2239 TOTAL
