 + ++++++++++++++++++++++++++++++++++++++++++++++++++++++++++++++++++++ +
 +                                                                      +
 +           You have chose to blind your fitting according to          +
 +                omega_ref * (1 + (R +/- deltaR) *10^{-6})             +
 +                                                                      +
 + ++++++++++++++++++++++++++++++++++++++++++++++++++++++++++++++++++++ +
In main()...
reading format from /gm2data/zkhechad/run45/envelope/formats/formatB_sBin_constraintOn.txt
pBinTau 	= 0  
pBinPhi 	= 0  
constraintau 	= 1 
includeMopTerm 	= 0    
constrainMop    = 0   
Parameters after format file: pBinTau 0 pBinPhi 0 constraintau 1 includeMopTerm 0 constrainMop 0 c_e_scale 0.000000 
reading cbo reference file (full fit) from /gm2data/zkhechad/cboTemplates/Run4CBOTemplates/fullFits/run4/sBin_constraintOn_cE0.0_seed0_run4_calo23.root
A_CBO 0.010020 w_CBO 2.326571 phi_CBO 3.324358 N0 2994604.828788 R -61.069952 tau 64.405626 
Reading cboRef file /gm2data/zkhechad/cboTemplates/Run4CBOTemplates//cboIsolate/run4_calo23.root
deltaT 164.120000
windowBins = 1100
fitting sliding window 1840 from bin 2043 at 304.815600 to bin 3143 at 468.935600 (1100 bins)

Reading data from /gm2data/cornell/histograms/aMethod/histogram_a_run4.root
fitting cbo isolate
 **********
 **    1 **SET PRINTOUT            1
 **********
 **********
 **    2 **SET NOWARNINGS 
 **********
 PARAMETER DEFINITIONS:
    NO.   NAME         VALUE      STEP SIZE      LIMITS
     1 A_CBO        1.00201e-02  1.00000e-05     no limits
     2 w_CBO        2.32657e+00  1.00000e-02    2.00000e+00  3.00000e+00
     3 phi_CBO      3.32436e+00  1.00000e-02    0.00000e+00  6.28319e+00
 **********
 **    3 **MIGRAD
 **********
 FIRST CALL TO USER FUNCTION AT NEW START POINT, WITH IFLAG=4.
 START MIGRAD MINIMIZATION.  STRATEGY  1.  CONVERGENCE WHEN EDM .LT. 1.00e-04
 FCN=0.107741 FROM MIGRAD    STATUS=INITIATE       12 CALLS          13 TOTAL
                     EDM= unknown      STRATEGY= 1      NO ERROR MATRIX       
  EXT PARAMETER               CURRENT GUESS       STEP         FIRST   
  NO.   NAME      VALUE            ERROR          SIZE      DERIVATIVE 
   1  A_CBO        1.00201e-02   1.00000e-05   1.00000e-05   8.80949e+00
   2  w_CBO        2.32657e+00   1.00000e-02   2.13261e-02  -3.74625e-01
   3  phi_CBO      3.32436e+00   1.00000e-02   3.18850e-03   5.40597e-03
 MIGRAD MINIMIZATION HAS CONVERGED.
 MIGRAD WILL VERIFY CONVERGENCE AND ERROR MATRIX.
 COVARIANCE MATRIX CALCULATED SUCCESSFULLY
 FCN=0.072508 FROM MIGRAD    STATUS=CONVERGED      49 CALLS          50 TOTAL
                     EDM=3.96392e-05    STRATEGY= 1      ERROR MATRIX ACCURATE 
  EXT PARAMETER                                   STEP         FIRST   
  NO.   NAME      VALUE            ERROR          SIZE      DERIVATIVE 
   1  A_CBO        2.02810e-03   4.25994e-02   2.15356e-05  -6.96891e-03
   2  w_CBO        2.32671e+00   3.46972e-01   5.72845e-05  -5.96044e-03
   3  phi_CBO      3.28822e+00   4.42966e+00   3.39011e-03  -8.01976e-05
 EXTERNAL ERROR MATRIX.    NDIM=  25    NPAR=  3    ERR DEF=1
  1.815e-03  2.699e-04  1.079e-01 
  2.699e-04  1.525e-01  5.982e+01 
  1.079e-01  5.982e+01  2.390e+04 
 PARAMETER  CORRELATION COEFFICIENTS  
       NO.  GLOBAL      1      2      3
        1  0.01638   1.000  0.016  0.016
        2  0.99072   0.016  1.000  0.991
        3  0.99072   0.016  0.991  1.000
setting A_CBO=0.002028 w_CBO=2.326713, phi_CBO=3.288223
done fitting cbo isolate
 **********
 **    1 **SET PRINTOUT            1
 **********
 **********
 **    2 **SET NOWARNINGS 
 **********
 PARAMETER DEFINITIONS:
    NO.   NAME         VALUE      STEP SIZE      LIMITS
     1 N0           2.99460e+06  1.00000e+02     no limits
     2 tau          6.44056e+01  constant
     3 A0           3.43521e-01  1.00000e-04     no limits
     4 phi          4.11984e+00  1.00000e-02     no limits
     5 R           -6.10700e+01  constant
     6 A_CBO        2.02810e-03  1.00000e-05     no limits
     7 w_CBO        2.32671e+00  1.00000e-03     no limits
     8 phi_CBO      3.28822e+00  1.00000e-04     no limits
     9 ANx2         5.14298e-04  constant
    10 pNx2         2.57364e+00  constant
    11 ANy1         0.00000e+00  constant
    12 pNy1         0.00000e+00  constant
    13 w_y          0.00000e+00  constant
    14 ANy2         1.38778e-02  1.00000e-04     no limits
    15 pNy2         3.40463e+00  constant
    16 w_vw         1.43028e+01  constant
    17 LM           2.35248e-05  constant
    18 wCBO_expCoeff   2.00000e+02  1.00000e+00     no limits
    19 wCBO_expOffset   2.00000e+02  1.00000e+00     no limits
    20 wCBO_expT    3.00000e+01  1.00000e+00     no limits
    21 wCBO_linCoeff   0.00000e+00  constant
    22 wCBO_const   0.00000e+00  1.00000e-02     no limits
MINUIT - FIT ONLY WIGGLE
 **********
 **    3 **FIX            5
 **********
 PARAMETER    5  IS CONSTANT.   IGNORED.
 **********
 **    4 **FIX            6
 **********
 **********
 **    5 **FIX            7
 **********
 **********
 **    6 **FIX            8
 **********
 **********
 **    7 **FIX            9
 **********
 PARAMETER    9  IS CONSTANT.   IGNORED.
 **********
 **    8 **FIX           10
 **********
 PARAMETER   10  IS CONSTANT.   IGNORED.
 **********
 **    9 **FIX           11
 **********
 PARAMETER   11  IS CONSTANT.   IGNORED.
 **********
 **   10 **FIX           12
 **********
 PARAMETER   12  IS CONSTANT.   IGNORED.
 **********
 **   11 **FIX           13
 **********
 PARAMETER   13  IS CONSTANT.   IGNORED.
 **********
 **   12 **FIX           14
 **********
 **********
 **   13 **FIX           15
 **********
 PARAMETER   15  IS CONSTANT.   IGNORED.
 **********
 **   14 **FIX           16
 **********
 PARAMETER   16  IS CONSTANT.   IGNORED.
 **********
 **   15 **MIGRAD
 **********
 FIRST CALL TO USER FUNCTION AT NEW START POINT, WITH IFLAG=4.
 START MIGRAD MINIMIZATION.  STRATEGY  1.  CONVERGENCE WHEN EDM .LT. 1.00e-04
 FCN=1031.52 FROM MIGRAD    STATUS=INITIATE       32 CALLS          33 TOTAL
                     EDM= unknown      STRATEGY= 1      NO ERROR MATRIX       
  EXT PARAMETER               CURRENT GUESS       STEP         FIRST   
  NO.   NAME      VALUE            ERROR          SIZE      DERIVATIVE 
   1  N0           2.99460e+06   1.00000e+02   1.00000e+02   9.66464e-04
   2  tau          6.44056e+01   constant   
   3  A0           3.43521e-01   1.00000e-04   1.00000e-04   5.60377e+02
   4  phi          4.11984e+00   1.00000e-02   1.00000e-02  -5.82100e+02
   5  R           -6.10700e+01   constant   
   6  A_CBO        2.02810e-03     fixed    
   7  w_CBO        2.32671e+00     fixed    
   8  phi_CBO      3.28822e+00     fixed    
   9  ANx2         5.14298e-04   constant   
  10  pNx2         2.57364e+00   constant   
  11  ANy1         0.00000e+00   constant   
  12  pNy1         0.00000e+00   constant   
  13  w_y          0.00000e+00   constant   
  14  ANy2         1.38778e-02     fixed    
  15  pNy2         3.40463e+00   constant   
  16  w_vw         1.43028e+01   constant   
  17  LM           2.35248e-05   constant   
  18  wCBO_expCoeff   2.00000e+02   1.00000e+00   1.00000e+00  -1.09136e+02
  19  wCBO_expOffset   2.00000e+02   1.00000e+00   1.00000e+00  -7.27596e+02
  20  wCBO_expT    3.00000e+01   1.00000e+00   1.00000e+00  -3.18319e+03
  21  wCBO_linCoeff   0.00000e+00   constant   
  22  wCBO_const   0.00000e+00   1.00000e-02   1.00000e-02  -5.97874e+03
 MIGRAD MINIMIZATION HAS CONVERGED.
 FCN=1017.58 FROM MIGRAD    STATUS=CONVERGED     235 CALLS         236 TOTAL
                     EDM=4.78361e-07    STRATEGY= 1  ERROR MATRIX UNCERTAINTY   0.3 per cent
  EXT PARAMETER                                   STEP         FIRST   
  NO.   NAME      VALUE            ERROR          SIZE      DERIVATIVE 
   1  N0           2.99400e+06   1.08716e+03   5.30868e+00   4.28077e-07
   2  tau          6.44056e+01   constant   
   3  A0           3.43557e-01   4.80949e-04  -2.54172e-06  -2.78441e-02
   4  phi          4.12085e+00   1.45378e-03  -5.53214e-06   1.14729e-01
   5  R           -6.10700e+01   constant   
   6  A_CBO        2.02810e-03     fixed    
   7  w_CBO        2.32671e+00     fixed    
   8  phi_CBO      3.28822e+00     fixed    
   9  ANx2         5.14298e-04   constant   
  10  pNx2         2.57364e+00   constant   
  11  ANy1         0.00000e+00   constant   
  12  pNy1         0.00000e+00   constant   
  13  w_y          0.00000e+00   constant   
  14  ANy2         1.38778e-02     fixed    
  15  pNy2         3.40463e+00   constant   
  16  w_vw         1.43028e+01   constant   
  17  LM           2.35248e-05   constant   
  18  wCBO_expCoeff   1.99226e+02   1.63246e-01   6.26188e-04  -4.01385e-02
  19  wCBO_expOffset   1.99884e+02   2.45010e-02   9.38584e-05  -2.83567e-01
  20  wCBO_expT    3.00698e+01   1.36666e-02  -6.40983e-05  -1.00593e+00
  21  wCBO_linCoeff   0.00000e+00   constant   
  22  wCBO_const  -4.40853e-03   6.54543e-04   8.92198e-06  -2.11986e+00
 EXTERNAL ERROR MATRIX.    NDIM=  25    NPAR=  7    ERR DEF=1
  1.182e+06  8.297e-03 -1.483e-02 -6.516e+00 -9.708e-01  5.710e-01 -3.716e-02 
  8.297e-03  2.313e-07 -6.015e-10  1.767e-06  2.649e-07 -1.445e-07  9.811e-09 
 -1.483e-02 -6.015e-10  2.113e-06 -2.237e-06 -3.744e-07  1.909e-07  3.632e-09 
 -6.516e+00  1.767e-06 -2.237e-06  2.665e-02  3.911e-03 -2.206e-03  7.964e-05 
 -9.708e-01  2.649e-07 -3.744e-07  3.911e-03  6.003e-04 -3.311e-04  1.195e-05 
  5.710e-01 -1.445e-07  1.909e-07 -2.206e-03 -3.311e-04  1.868e-04 -7.124e-06 
 -3.716e-02  9.811e-09  3.632e-09  7.964e-05  1.195e-05 -7.124e-06  4.284e-07 
 PARAMETER  CORRELATION COEFFICIENTS  
       NO.  GLOBAL      1      3      4     18     19     20     22
        1  0.05784   1.000  0.016 -0.009 -0.037 -0.036  0.038 -0.052
        3  0.04690   0.016  1.000 -0.001  0.023  0.022 -0.022  0.031
        4  0.02605  -0.009 -0.001  1.000 -0.009 -0.011  0.010  0.004
       18  0.99201  -0.037  0.023 -0.009  1.000  0.978 -0.989  0.745
       19  0.99200  -0.036  0.022 -0.011  0.978  1.000 -0.989  0.745
       20  0.99738   0.038 -0.022  0.010 -0.989 -0.989  1.000 -0.796
       22  0.89216  -0.052  0.031  0.004  0.745  0.745 -0.796  1.000
MINUIT - FIT ONLY 1-CBO + other amplitudes 
 **********
 **   16 **RES 
 **********
                   PARAMETER   14  ANy2 RESTORED TO VARIABLE.
                   PARAMETER    8  phi_CBO RESTORED TO VARIABLE.
                   PARAMETER    7  w_CBO RESTORED TO VARIABLE.
                   PARAMETER    6  A_CBO RESTORED TO VARIABLE.
 **********
 **   17 **FIX            0
 **********
 PARAMETER    0  IS UNDEFINED. IGNORED.
 **********
 **   18 **FIX            1
 **********
 **********
 **   19 **FIX            2
 **********
 PARAMETER    2  IS CONSTANT.   IGNORED.
 **********
 **   20 **FIX            3
 **********
 **********
 **   21 **FIX            4
 **********
 **********
 **   22 **FIX            9
 **********
 PARAMETER    9  IS CONSTANT.   IGNORED.
 **********
 **   23 **FIX           11
 **********
 PARAMETER   11  IS CONSTANT.   IGNORED.
 **********
 **   24 **FIX           12
 **********
 PARAMETER   12  IS CONSTANT.   IGNORED.
 **********
 **   25 **FIX           14
 **********
 **********
 **   26 **FIX           15
 **********
 PARAMETER   15  IS CONSTANT.   IGNORED.
 **********
 **   27 **FIX           16
 **********
 PARAMETER   16  IS CONSTANT.   IGNORED.
 **********
 **   28 **MIGRAD
 **********
 START MIGRAD MINIMIZATION.  STRATEGY  1.  CONVERGENCE WHEN EDM .LT. 1.00e-04
 FCN=1017.58 FROM MIGRAD    STATUS=INITIATE       20 CALLS         256 TOTAL
                     EDM= unknown      STRATEGY= 1      NO ERROR MATRIX       
  EXT PARAMETER               CURRENT GUESS       STEP         FIRST   
  NO.   NAME      VALUE            ERROR          SIZE      DERIVATIVE 
   1  N0           2.99400e+06     fixed    
   2  tau          6.44056e+01   constant   
   3  A0           3.43557e-01     fixed    
   4  phi          4.12085e+00     fixed    
   5  R           -6.10700e+01   constant   
   6  A_CBO        2.02810e-03   1.00000e-05   1.00000e-05   5.07832e+03
   7  w_CBO        2.32671e+00   1.00000e-03   1.00000e-03  -4.33891e+00
   8  phi_CBO      3.28822e+00   1.00000e-04   1.00000e-04   8.95453e+00
   9  ANx2         5.14298e-04   constant   
  10  pNx2         2.57364e+00   constant   
  11  ANy1         0.00000e+00   constant   
  12  pNy1         0.00000e+00   constant   
  13  w_y          0.00000e+00   constant   
  14  ANy2         1.38778e-02     fixed    
  15  pNy2         3.40463e+00   constant   
  16  w_vw         1.43028e+01   constant   
  17  LM           2.35248e-05   constant   
  18  wCBO_expCoeff   1.99226e+02   1.63246e-01   6.26188e-04  -4.01408e-02
  19  wCBO_expOffset   1.99884e+02   2.45010e-02   9.38584e-05  -2.83567e-01
  20  wCBO_expT    3.00698e+01   1.36666e-02  -6.40983e-05  -1.00598e+00
  21  wCBO_linCoeff   0.00000e+00   constant   
  22  wCBO_const  -4.40853e-03   6.54543e-04   8.92198e-06  -2.11991e+00
 MIGRAD MINIMIZATION HAS CONVERGED.
 FCN=1011.5 FROM MIGRAD    STATUS=CONVERGED     188 CALLS         424 TOTAL
                     EDM=5.90224e-08    STRATEGY= 1  ERROR MATRIX UNCERTAINTY   2.7 per cent
  EXT PARAMETER                                   STEP         FIRST   
  NO.   NAME      VALUE            ERROR          SIZE      DERIVATIVE 
   1  N0           2.99400e+06     fixed    
   2  tau          6.44056e+01   constant   
   3  A0           3.43557e-01     fixed    
   4  phi          4.12085e+00     fixed    
   5  R           -6.10700e+01   constant   
   6  A_CBO        1.40900e-03   5.19487e-04  -7.49237e-08  -4.49596e-01
   7  w_CBO        2.32698e+00   7.79012e-04  -2.18594e-06  -3.54573e-01
   8  phi_CBO      2.33836e+00   4.65854e-01  -1.08958e-03   4.65012e-04
   9  ANx2         5.14298e-04   constant   
  10  pNx2         2.57364e+00   constant   
  11  ANy1         0.00000e+00   constant   
  12  pNy1         0.00000e+00   constant   
  13  w_y          0.00000e+00   constant   
  14  ANy2         1.38778e-02     fixed    
  15  pNy2         3.40463e+00   constant   
  16  w_vw         1.43028e+01   constant   
  17  LM           2.35248e-05   constant   
  18  wCBO_expCoeff   1.99269e+02   1.09613e-01  -3.16339e-04   5.57724e-04
  19  wCBO_expOffset   1.99890e+02   1.65711e-02  -4.77709e-05  -8.51741e-03
  20  wCBO_expT    3.00636e+01   1.21472e-02   3.34237e-05  -3.86234e-02
  21  wCBO_linCoeff   0.00000e+00   constant   
  22  wCBO_const  -4.45022e-03   4.92300e-04  -4.99486e-07  -9.27737e-01
 EXTERNAL ERROR MATRIX.    NDIM=  25    NPAR=  7    ERR DEF=1
  2.699e-07 -5.647e-09  2.067e-06  6.302e-07  9.461e-08  8.079e-08 -3.752e-08 
 -5.647e-09  6.069e-07 -6.230e-05  7.858e-05  1.188e-05 -9.129e-06  1.659e-07 
  2.067e-06 -6.230e-05  2.170e-01 -1.015e-02 -1.543e-03  1.284e-03  1.428e-05 
  6.302e-07  7.858e-05 -1.015e-02  1.201e-02  1.711e-03 -1.296e-03  1.933e-05 
  9.461e-08  1.188e-05 -1.543e-03  1.711e-03  2.746e-04 -1.960e-04  2.924e-06 
  8.079e-08 -9.129e-06  1.284e-03 -1.296e-03 -1.960e-04  1.476e-04 -2.713e-06 
 -3.752e-08  1.659e-07  1.428e-05  1.933e-05  2.924e-06 -2.713e-06  2.424e-07 
 PARAMETER  CORRELATION COEFFICIENTS  
       NO.  GLOBAL      6      7      8     18     19     20     22
        6  0.17936   1.000 -0.014  0.009  0.011  0.011  0.013 -0.147
        7  0.98370  -0.014  1.000 -0.172  0.920  0.920 -0.965  0.433
        8  0.63890   0.009 -0.172  1.000 -0.199 -0.200  0.227  0.062
       18  0.98954   0.011  0.920 -0.199  1.000  0.942 -0.973  0.358
       19  0.98959   0.011  0.920 -0.200  0.942  1.000 -0.973  0.358
       20  0.99835   0.013 -0.965  0.227 -0.973 -0.973  1.000 -0.454
       22  0.84763  -0.147  0.433  0.062  0.358  0.358 -0.454  1.000
MINUIT - FIT ONLY 1-CBO
 **********
 **   29 **RES 
 **********
                   PARAMETER   14  ANy2 RESTORED TO VARIABLE.
                   PARAMETER    4  phi RESTORED TO VARIABLE.
                   PARAMETER    3  A0 RESTORED TO VARIABLE.
                   PARAMETER    1  N0 RESTORED TO VARIABLE.
 **********
 **   30 **FIX            0
 **********
 PARAMETER    0  IS UNDEFINED. IGNORED.
 **********
 **   31 **FIX            1
 **********
 **********
 **   32 **FIX            2
 **********
 PARAMETER    2  IS CONSTANT.   IGNORED.
 **********
 **   33 **FIX            3
 **********
 **********
 **   34 **FIX            4
 **********
 **********
 **   35 **FIX            8
 **********
 **********
 **   36 **FIX            9
 **********
 PARAMETER    9  IS CONSTANT.   IGNORED.
 **********
 **   37 **FIX           11
 **********
 PARAMETER   11  IS CONSTANT.   IGNORED.
 **********
 **   38 **FIX           12
 **********
 PARAMETER   12  IS CONSTANT.   IGNORED.
 **********
 **   39 **FIX           13
 **********
 PARAMETER   13  IS CONSTANT.   IGNORED.
 **********
 **   40 **FIX           15
 **********
 PARAMETER   15  IS CONSTANT.   IGNORED.
 **********
 **   41 **FIX           16
 **********
 PARAMETER   16  IS CONSTANT.   IGNORED.
 **********
 **   42 **MIGRAD
 **********
 START MIGRAD MINIMIZATION.  STRATEGY  1.  CONVERGENCE WHEN EDM .LT. 1.00e-04
 FCN=1011.5 FROM MIGRAD    STATUS=INITIATE       16 CALLS         440 TOTAL
                     EDM= unknown      STRATEGY= 1      NO ERROR MATRIX       
  EXT PARAMETER               CURRENT GUESS       STEP         FIRST   
  NO.   NAME      VALUE            ERROR          SIZE      DERIVATIVE 
   1  N0           2.99400e+06     fixed    
   2  tau          6.44056e+01   constant   
   3  A0           3.43557e-01     fixed    
   4  phi          4.12085e+00     fixed    
   5  R           -6.10700e+01   constant   
   6  A_CBO        1.40900e-03   5.19487e-04  -7.49237e-08  -4.49596e-01
   7  w_CBO        2.32698e+00   7.79012e-04  -2.18594e-06  -3.54564e-01
   8  phi_CBO      2.33836e+00     fixed    
   9  ANx2         5.14298e-04   constant   
  10  pNx2         2.57364e+00   constant   
  11  ANy1         0.00000e+00   constant   
  12  pNy1         0.00000e+00   constant   
  13  w_y          0.00000e+00   constant   
  14  ANy2         1.38778e-02   1.00000e-04   1.00000e-04   1.04889e+05
  15  pNy2         3.40463e+00   constant   
  16  w_vw         1.43028e+01   constant   
  17  LM           2.35248e-05   constant   
  18  wCBO_expCoeff   1.99269e+02   1.09613e-01  -3.16339e-04   5.57867e-04
  19  wCBO_expOffset   1.99890e+02   1.65711e-02  -4.77709e-05  -8.51741e-03
  20  wCBO_expT    3.00636e+01   1.21472e-02   3.34237e-05  -3.86234e-02
  21  wCBO_linCoeff   0.00000e+00   constant   
  22  wCBO_const  -4.45022e-03   4.92300e-04  -4.99486e-07  -9.27737e-01
 MIGRAD MINIMIZATION HAS CONVERGED.
 MIGRAD WILL VERIFY CONVERGENCE AND ERROR MATRIX.
 COVARIANCE MATRIX CALCULATED SUCCESSFULLY
 FCN=288.16 FROM MIGRAD    STATUS=CONVERGED     228 CALLS         652 TOTAL
                     EDM=2.91719e-06    STRATEGY= 1      ERROR MATRIX ACCURATE 
  EXT PARAMETER                                   STEP         FIRST   
  NO.   NAME      VALUE            ERROR          SIZE      DERIVATIVE 
   1  N0           2.99400e+06     fixed    
   2  tau          6.44056e+01   constant   
   3  A0           3.43557e-01     fixed    
   4  phi          4.12085e+00     fixed    
   5  R           -6.10700e+01   constant   
   6  A_CBO        4.25558e-05   5.19477e-04   4.21843e-06  -1.32460e-01
   7  w_CBO        2.32632e+00   6.94713e-03   3.16689e-06  -1.99213e+00
   8  phi_CBO      2.33836e+00     fixed    
   9  ANx2         5.14298e-04   constant   
  10  pNx2         2.57364e+00   constant   
  11  ANy1         0.00000e+00   constant   
  12  pNy1         0.00000e+00   constant   
  13  w_y          0.00000e+00   constant   
  14  ANy2         7.55886e-05   5.13628e-04   4.23705e-06  -1.62131e+00
  15  pNy2         3.40463e+00   constant   
  16  w_vw         1.43028e+01   constant   
  17  LM           2.35248e-05   constant   
  18  wCBO_expCoeff   1.99167e+02   6.89894e-01   3.48085e-04  -3.12439e-02
  19  wCBO_expOffset   1.99875e+02   8.80907e-02   9.53079e-05  -2.07597e-01
  20  wCBO_expT    3.00736e+01   1.75806e-02   1.43402e-05  -6.82115e-01
  21  wCBO_linCoeff   0.00000e+00   constant   
  22  wCBO_const  -4.02673e-03   2.98476e-03   4.03494e-06   1.59512e+00
 EXTERNAL ERROR MATRIX.    NDIM=  25    NPAR=  7    ERR DEF=1
  2.699e-07  5.595e-08  2.503e-08  7.874e-06  9.312e-07 -6.111e-07 -3.642e-08 
  5.595e-08  4.826e-05  4.374e-08 -2.332e-03 -1.903e-04 -2.308e-05 -2.010e-05 
  2.503e-08  4.374e-08  2.638e-07  6.840e-06  2.787e-07 -5.040e-07 -1.991e-08 
  7.874e-06 -2.332e-03  6.840e-06  4.760e-01 -2.924e-02 -3.532e-03  1.081e-03 
  9.312e-07 -1.903e-04  2.787e-07 -2.924e-02  7.760e-03 -2.474e-04  8.731e-05 
 -6.111e-07 -2.308e-05 -5.040e-07 -3.532e-03 -2.474e-04  3.091e-04  1.870e-06 
 -3.642e-08 -2.010e-05 -1.991e-08  1.081e-03  8.731e-05  1.870e-06  8.909e-06 
 PARAMETER  CORRELATION COEFFICIENTS  
       NO.  GLOBAL      6      7     14     18     19     20     22
        6  0.20926   1.000  0.016  0.094  0.022  0.020 -0.067 -0.023
        7  0.99848   0.016  1.000  0.012 -0.486 -0.311 -0.189 -0.970
       14  0.11368   0.094  0.012  1.000  0.019  0.006 -0.056 -0.013
       18  0.99814   0.022 -0.486  0.019  1.000 -0.481 -0.291  0.525
       19  0.99740   0.020 -0.311  0.006 -0.481  1.000 -0.160  0.332
       20  0.99521  -0.067 -0.189 -0.056 -0.291 -0.160  1.000  0.036
       22  0.98664  -0.023 -0.970 -0.013  0.525  0.332  0.036  1.000
MINUIT - FIT ONLY 2-CBO
 **********
 **   43 **RES 
 **********
                   PARAMETER    8  phi_CBO RESTORED TO VARIABLE.
                   PARAMETER    4  phi RESTORED TO VARIABLE.
                   PARAMETER    3  A0 RESTORED TO VARIABLE.
                   PARAMETER    1  N0 RESTORED TO VARIABLE.
 **********
 **   44 **FIX            0
 **********
 PARAMETER    0  IS UNDEFINED. IGNORED.
 **********
 **   45 **FIX            1
 **********
 **********
 **   46 **FIX            2
 **********
 PARAMETER    2  IS CONSTANT.   IGNORED.
 **********
 **   47 **FIX            3
 **********
 **********
 **   48 **FIX            4
 **********
 **********
 **   49 **FIX            5
 **********
 PARAMETER    5  IS CONSTANT.   IGNORED.
 **********
 **   50 **FIX            6
 **********
 **********
 **   51 **FIX            7
 **********
 **********
 **   52 **FIX           10
 **********
 PARAMETER   10  IS CONSTANT.   IGNORED.
 **********
 **   53 **FIX           11
 **********
 PARAMETER   11  IS CONSTANT.   IGNORED.
 **********
 **   54 **FIX           12
 **********
 PARAMETER   12  IS CONSTANT.   IGNORED.
 **********
 **   55 **FIX           13
 **********
 PARAMETER   13  IS CONSTANT.   IGNORED.
 **********
 **   56 **FIX           14
 **********
 **********
 **   57 **FIX           15
 **********
 PARAMETER   15  IS CONSTANT.   IGNORED.
 **********
 **   58 **FIX           16
 **********
 PARAMETER   16  IS CONSTANT.   IGNORED.
 **********
 **   59 **MIGRAD
 **********
 START MIGRAD MINIMIZATION.  STRATEGY  1.  CONVERGENCE WHEN EDM .LT. 1.00e-04
 FCN=288.16 FROM MIGRAD    STATUS=INITIATE       12 CALLS         664 TOTAL
                     EDM= unknown      STRATEGY= 1      NO ERROR MATRIX       
  EXT PARAMETER               CURRENT GUESS       STEP         FIRST   
  NO.   NAME      VALUE            ERROR          SIZE      DERIVATIVE 
   1  N0           2.99400e+06     fixed    
   2  tau          6.44056e+01   constant   
   3  A0           3.43557e-01     fixed    
   4  phi          4.12085e+00     fixed    
   5  R           -6.10700e+01   constant   
   6  A_CBO        4.25558e-05     fixed    
   7  w_CBO        2.32632e+00     fixed    
   8  phi_CBO      2.33836e+00   4.65854e-01   4.65854e-01   1.71453e-02
   9  ANx2         5.14298e-04   constant   
  10  pNx2         2.57364e+00   constant   
  11  ANy1         0.00000e+00   constant   
  12  pNy1         0.00000e+00   constant   
  13  w_y          0.00000e+00   constant   
  14  ANy2         7.55886e-05     fixed    
  15  pNy2         3.40463e+00   constant   
  16  w_vw         1.43028e+01   constant   
  17  LM           2.35248e-05   constant   
  18  wCBO_expCoeff   1.99167e+02   6.89894e-01   3.48085e-04  -3.13709e-02
  19  wCBO_expOffset   1.99875e+02   8.80907e-02   9.53079e-05  -2.09739e-01
  20  wCBO_expT    3.00736e+01   1.75806e-02   1.43402e-05  -6.85880e-01
  21  wCBO_linCoeff   0.00000e+00   constant   
  22  wCBO_const  -4.02673e-03   2.98476e-03   4.03494e-06   1.59187e+00
 MIGRAD MINIMIZATION HAS CONVERGED.
 MIGRAD WILL VERIFY CONVERGENCE AND ERROR MATRIX.
 COVARIANCE MATRIX CALCULATED SUCCESSFULLY
 FCN=288.152 FROM MIGRAD    STATUS=CONVERGED      81 CALLS         733 TOTAL
                     EDM=6.41789e-05    STRATEGY= 1      ERROR MATRIX ACCURATE 
  EXT PARAMETER                                   STEP         FIRST   
  NO.   NAME      VALUE            ERROR          SIZE      DERIVATIVE 
   1  N0           2.99400e+06     fixed    
   2  tau          6.44056e+01   constant   
   3  A0           3.43557e-01     fixed    
   4  phi          4.12085e+00     fixed    
   5  R           -6.10700e+01   constant   
   6  A_CBO        4.25558e-05     fixed    
   7  w_CBO        2.32632e+00     fixed    
   8  phi_CBO      1.44406e+00   9.57088e+00   7.91849e-02   1.62846e-04
   9  ANx2         5.14298e-04   constant   
  10  pNx2         2.57364e+00   constant   
  11  ANy1         0.00000e+00   constant   
  12  pNy1         0.00000e+00   constant   
  13  w_y          0.00000e+00   constant   
  14  ANy2         7.55886e-05     fixed    
  15  pNy2         3.40463e+00   constant   
  16  w_vw         1.43028e+01   constant   
  17  LM           2.35248e-05   constant   
  18  wCBO_expCoeff   1.99167e+02   6.06118e-01   3.48298e-04  -4.83062e-03
  19  wCBO_expOffset   1.99875e+02   8.42305e-02   9.53079e-05  -3.19855e-02
  20  wCBO_expT    3.00736e+01   1.73513e-02   1.43402e-05  -7.00582e-01
  21  wCBO_linCoeff   0.00000e+00   constant   
  22  wCBO_const  -4.02864e-03   7.31895e-04   4.03990e-06   1.84213e+00
 EXTERNAL ERROR MATRIX.    NDIM=  25    NPAR=  5    ERR DEF=1
  9.160e+01  1.677e-01  1.671e-02 -1.131e-02  2.484e-04 
  1.677e-01  3.674e-01 -3.892e-02 -4.688e-03  1.115e-04 
  1.671e-02 -3.892e-02  7.095e-03 -3.421e-04  8.236e-06 
 -1.131e-02 -4.688e-03 -3.421e-04  3.011e-04 -7.851e-06 
  2.484e-04  1.115e-04  8.236e-06 -7.851e-06  5.357e-07 
 PARAMETER  CORRELATION COEFFICIENTS  
       NO.  GLOBAL      8     18     19     20     22
        8  0.07808   1.000  0.029  0.021 -0.068  0.035
       18  0.99760   0.029  1.000 -0.762 -0.446  0.251
       19  0.99717   0.021 -0.762  1.000 -0.234  0.134
       20  0.99511  -0.068 -0.446 -0.234  1.000 -0.618
       22  0.74708   0.035  0.251  0.134 -0.618  1.000
MINUIT - FIT ONLY 1-y
 **********
 **   60 **RES 
 **********
                   PARAMETER   14  ANy2 RESTORED TO VARIABLE.
                   PARAMETER    7  w_CBO RESTORED TO VARIABLE.
                   PARAMETER    6  A_CBO RESTORED TO VARIABLE.
                   PARAMETER    4  phi RESTORED TO VARIABLE.
                   PARAMETER    3  A0 RESTORED TO VARIABLE.
                   PARAMETER    1  N0 RESTORED TO VARIABLE.
 **********
 **   61 **FIX            0
 **********
 PARAMETER    0  IS UNDEFINED. IGNORED.
 **********
 **   62 **FIX            1
 **********
 **********
 **   63 **FIX            2
 **********
 PARAMETER    2  IS CONSTANT.   IGNORED.
 **********
 **   64 **FIX            3
 **********
 **********
 **   65 **FIX            4
 **********
 **********
 **   66 **FIX            5
 **********
 PARAMETER    5  IS CONSTANT.   IGNORED.
 **********
 **   67 **FIX            6
 **********
 **********
 **   68 **FIX            7
 **********
 **********
 **   69 **FIX            8
 **********
 **********
 **   70 **FIX            9
 **********
 PARAMETER    9  IS CONSTANT.   IGNORED.
 **********
 **   71 **FIX           13
 **********
 PARAMETER   13  IS CONSTANT.   IGNORED.
 **********
 **   72 **FIX           14
 **********
 **********
 **   73 **FIX           15
 **********
 PARAMETER   15  IS CONSTANT.   IGNORED.
 **********
 **   74 **FIX           16
 **********
 PARAMETER   16  IS CONSTANT.   IGNORED.
 **********
 **   75 **MIGRAD
 **********
 START MIGRAD MINIMIZATION.  STRATEGY  1.  CONVERGENCE WHEN EDM .LT. 1.00e-04
 FCN=288.152 FROM MIGRAD    STATUS=INITIATE        8 CALLS         741 TOTAL
                     EDM= unknown      STRATEGY= 1      NO ERROR MATRIX       
  EXT PARAMETER               CURRENT GUESS       STEP         FIRST   
  NO.   NAME      VALUE            ERROR          SIZE      DERIVATIVE 
   1  N0           2.99400e+06     fixed    
   2  tau          6.44056e+01   constant   
   3  A0           3.43557e-01     fixed    
   4  phi          4.12085e+00     fixed    
   5  R           -6.10700e+01   constant   
   6  A_CBO        4.25558e-05     fixed    
   7  w_CBO        2.32632e+00     fixed    
   8  phi_CBO      1.44406e+00     fixed    
   9  ANx2         5.14298e-04   constant   
  10  pNx2         2.57364e+00   constant   
  11  ANy1         0.00000e+00   constant   
  12  pNy1         0.00000e+00   constant   
  13  w_y          0.00000e+00   constant   
  14  ANy2         7.55886e-05     fixed    
  15  pNy2         3.40463e+00   constant   
  16  w_vw         1.43028e+01   constant   
  17  LM           2.35248e-05   constant   
  18  wCBO_expCoeff   1.99167e+02   6.06118e-01   3.48298e-04  -4.95558e-03
  19  wCBO_expOffset   1.99875e+02   8.42305e-02   9.53079e-05  -3.47811e-02
  20  wCBO_expT    3.00736e+01   1.73513e-02   1.43402e-05  -7.04287e-01
  21  wCBO_linCoeff   0.00000e+00   constant   
  22  wCBO_const  -4.02864e-03   7.31895e-04   4.03990e-06   1.83911e+00
 MIGRAD MINIMIZATION HAS CONVERGED.
 MIGRAD WILL VERIFY CONVERGENCE AND ERROR MATRIX.
 COVARIANCE MATRIX CALCULATED SUCCESSFULLY
 FCN=288.152 FROM MIGRAD    STATUS=CONVERGED      41 CALLS         774 TOTAL
                     EDM=6.00806e-05    STRATEGY= 1      ERROR MATRIX ACCURATE 
  EXT PARAMETER                                   STEP         FIRST   
  NO.   NAME      VALUE            ERROR          SIZE      DERIVATIVE 
   1  N0           2.99400e+06     fixed    
   2  tau          6.44056e+01   constant   
   3  A0           3.43557e-01     fixed    
   4  phi          4.12085e+00     fixed    
   5  R           -6.10700e+01   constant   
   6  A_CBO        4.25558e-05     fixed    
   7  w_CBO        2.32632e+00     fixed    
   8  phi_CBO      1.44406e+00     fixed    
   9  ANx2         5.14298e-04   constant   
  10  pNx2         2.57364e+00   constant   
  11  ANy1         0.00000e+00   constant   
  12  pNy1         0.00000e+00   constant   
  13  w_y          0.00000e+00   constant   
  14  ANy2         7.55886e-05     fixed    
  15  pNy2         3.40463e+00   constant   
  16  w_vw         1.43028e+01   constant   
  17  LM           2.35248e-05   constant   
  18  wCBO_expCoeff   1.99167e+02   6.03155e-01   3.48230e-04   3.09880e-02
  19  wCBO_expOffset   1.99875e+02   8.38034e-02   9.53079e-05   2.04544e-01
  20  wCBO_expT    3.00736e+01   1.72833e-02   1.43402e-05   1.37079e-01
  21  wCBO_linCoeff   0.00000e+00   constant   
  22  wCBO_const  -4.02893e-03   7.30983e-04   4.03954e-06   1.98740e+00
 EXTERNAL ERROR MATRIX.    NDIM=  25    NPAR=  4    ERR DEF=1
  3.638e-01 -3.851e-02 -4.650e-03  1.107e-04 
 -3.851e-02  7.023e-03 -3.392e-04  8.167e-06 
 -4.650e-03 -3.392e-04  2.987e-04 -7.795e-06 
  1.107e-04  8.167e-06 -7.795e-06  5.343e-07 
 PARAMETER  CORRELATION COEFFICIENTS  
       NO.  GLOBAL     18     19     20     22
       18  0.99758   1.000 -0.762 -0.446  0.251
       19  0.99714  -0.762  1.000 -0.234  0.133
       20  0.99507  -0.446 -0.234  1.000 -0.617
       22  0.74632   0.251  0.133 -0.617  1.000
MINUIT - FIT ONLY 2-y
 **********
 **   76 **RES 
 **********
                   PARAMETER   14  ANy2 RESTORED TO VARIABLE.
                   PARAMETER    8  phi_CBO RESTORED TO VARIABLE.
                   PARAMETER    7  w_CBO RESTORED TO VARIABLE.
                   PARAMETER    6  A_CBO RESTORED TO VARIABLE.
                   PARAMETER    4  phi RESTORED TO VARIABLE.
                   PARAMETER    3  A0 RESTORED TO VARIABLE.
                   PARAMETER    1  N0 RESTORED TO VARIABLE.
 **********
 **   77 **FIX            0
 **********
 PARAMETER    0  IS UNDEFINED. IGNORED.
 **********
 **   78 **FIX            1
 **********
 **********
 **   79 **FIX            2
 **********
 PARAMETER    2  IS CONSTANT.   IGNORED.
 **********
 **   80 **FIX            3
 **********
 **********
 **   81 **FIX            4
 **********
 **********
 **   82 **FIX            5
 **********
 PARAMETER    5  IS CONSTANT.   IGNORED.
 **********
 **   83 **FIX            6
 **********
 **********
 **   84 **FIX            7
 **********
 **********
 **   85 **FIX            8
 **********
 **********
 **   86 **FIX            9
 **********
 PARAMETER    9  IS CONSTANT.   IGNORED.
 **********
 **   87 **FIX           10
 **********
 PARAMETER   10  IS CONSTANT.   IGNORED.
 **********
 **   88 **FIX           11
 **********
 PARAMETER   11  IS CONSTANT.   IGNORED.
 **********
 **   89 **FIX           12
 **********
 PARAMETER   12  IS CONSTANT.   IGNORED.
 **********
 **   90 **FIX           16
 **********
 PARAMETER   16  IS CONSTANT.   IGNORED.
 **********
 **   91 **MIGRAD
 **********
 START MIGRAD MINIMIZATION.  STRATEGY  1.  CONVERGENCE WHEN EDM .LT. 1.00e-04
 FCN=288.152 FROM MIGRAD    STATUS=INITIATE       10 CALLS         784 TOTAL
                     EDM= unknown      STRATEGY= 1      NO ERROR MATRIX       
  EXT PARAMETER               CURRENT GUESS       STEP         FIRST   
  NO.   NAME      VALUE            ERROR          SIZE      DERIVATIVE 
   1  N0           2.99400e+06     fixed    
   2  tau          6.44056e+01   constant   
   3  A0           3.43557e-01     fixed    
   4  phi          4.12085e+00     fixed    
   5  R           -6.10700e+01   constant   
   6  A_CBO        4.25558e-05     fixed    
   7  w_CBO        2.32632e+00     fixed    
   8  phi_CBO      1.44406e+00     fixed    
   9  ANx2         5.14298e-04   constant   
  10  pNx2         2.57364e+00   constant   
  11  ANy1         0.00000e+00   constant   
  12  pNy1         0.00000e+00   constant   
  13  w_y          0.00000e+00   constant   
  14  ANy2         7.55886e-05   5.13628e-04   5.13628e-04   1.24996e+01
  15  pNy2         3.40463e+00   constant   
  16  w_vw         1.43028e+01   constant   
  17  LM           2.35248e-05   constant   
  18  wCBO_expCoeff   1.99167e+02   6.03155e-01   3.48230e-04   3.08616e-02
  19  wCBO_expOffset   1.99875e+02   8.38034e-02   9.53079e-05   2.02402e-01
  20  wCBO_expT    3.00736e+01   1.72833e-02   1.43402e-05   1.33349e-01
  21  wCBO_linCoeff   0.00000e+00   constant   
  22  wCBO_const  -4.02893e-03   7.30983e-04   4.03954e-06   1.98439e+00
 MIGRAD MINIMIZATION HAS CONVERGED.
 MIGRAD WILL VERIFY CONVERGENCE AND ERROR MATRIX.
 COVARIANCE MATRIX CALCULATED SUCCESSFULLY
 FCN=288.152 FROM MIGRAD    STATUS=CONVERGED      65 CALLS         839 TOTAL
                     EDM=6.28065e-05    STRATEGY= 1      ERROR MATRIX ACCURATE 
  EXT PARAMETER                                   STEP         FIRST   
  NO.   NAME      VALUE            ERROR          SIZE      DERIVATIVE 
   1  N0           2.99400e+06     fixed    
   2  tau          6.44056e+01   constant   
   3  A0           3.43557e-01     fixed    
   4  phi          4.12085e+00     fixed    
   5  R           -6.10700e+01   constant   
   6  A_CBO        4.25558e-05     fixed    
   7  w_CBO        2.32632e+00     fixed    
   8  phi_CBO      1.44406e+00     fixed    
   9  ANx2         5.14298e-04   constant   
  10  pNx2         2.57364e+00   constant   
  11  ANy1         0.00000e+00   constant   
  12  pNy1         0.00000e+00   constant   
  13  w_y          0.00000e+00   constant   
  14  ANy2         7.39196e-05   5.11406e-04   4.23698e-06  -3.51337e-01
  15  pNy2         3.40463e+00   constant   
  16  w_vw         1.43028e+01   constant   
  17  LM           2.35248e-05   constant   
  18  wCBO_expCoeff   1.99167e+02   6.04494e-01   3.48237e-04   1.15110e-02
  19  wCBO_expOffset   1.99875e+02   8.39745e-02   9.53079e-05   7.55576e-02
  20  wCBO_expT    3.00736e+01   1.73185e-02   1.43402e-05  -3.78941e-01
  21  wCBO_linCoeff   0.00000e+00   constant   
  22  wCBO_const  -4.02903e-03   7.31161e-04   4.03960e-06   1.10391e-01
 EXTERNAL ERROR MATRIX.    NDIM=  25    NPAR=  5    ERR DEF=1
  2.615e-07  8.245e-06  3.634e-07 -4.492e-07 -6.274e-11 
  8.245e-06  3.654e-01 -3.868e-02 -4.672e-03  1.108e-04 
  3.634e-07 -3.868e-02  7.052e-03 -3.402e-04  8.177e-06 
 -4.492e-07 -4.672e-03 -3.402e-04  2.999e-04 -7.805e-06 
 -6.274e-11  1.108e-04  8.177e-06 -7.805e-06  5.346e-07 
 PARAMETER  CORRELATION COEFFICIENTS  
       NO.  GLOBAL     14     18     19     20     22
       14  0.06578   1.000  0.027  0.008 -0.051 -0.000
       18  0.99759   0.027  1.000 -0.762 -0.446  0.251
       19  0.99715   0.008 -0.762  1.000 -0.234  0.133
       20  0.99509  -0.051 -0.446 -0.234  1.000 -0.616
       22  0.74643  -0.000  0.251  0.133 -0.616  1.000
MINUIT - FIT ALTOGETHER
 **********
 **   92 **RES 
 **********
                   PARAMETER    8  phi_CBO RESTORED TO VARIABLE.
                   PARAMETER    7  w_CBO RESTORED TO VARIABLE.
                   PARAMETER    6  A_CBO RESTORED TO VARIABLE.
                   PARAMETER    4  phi RESTORED TO VARIABLE.
                   PARAMETER    3  A0 RESTORED TO VARIABLE.
                   PARAMETER    1  N0 RESTORED TO VARIABLE.
 **********
 **   93 **MIGRAD
 **********
 START MIGRAD MINIMIZATION.  STRATEGY  1.  CONVERGENCE WHEN EDM .LT. 1.00e-04
 FCN=288.152 FROM MIGRAD    STATUS=INITIATE       22 CALLS         861 TOTAL
                     EDM= unknown      STRATEGY= 1      NO ERROR MATRIX       
  EXT PARAMETER               CURRENT GUESS       STEP         FIRST   
  NO.   NAME      VALUE            ERROR          SIZE      DERIVATIVE 
   1  N0           2.99400e+06   1.08716e+03   1.08716e+03  -4.10577e-04
   2  tau          6.44056e+01   constant   
   3  A0           3.43557e-01   4.80949e-04   4.80949e-04   1.10197e+02
   4  phi          4.12085e+00   1.45378e-03   1.45378e-03   2.63058e+02
   5  R           -6.10700e+01   constant   
   6  A_CBO        4.25558e-05   5.19477e-04   5.19477e-04  -1.96634e+02
   7  w_CBO        2.32632e+00   6.94713e-03   6.94713e-03   1.01787e+00
   8  phi_CBO      1.44406e+00   9.57088e+00   9.57088e+00   2.01086e-04
   9  ANx2         5.14298e-04   constant   
  10  pNx2         2.57364e+00   constant   
  11  ANy1         0.00000e+00   constant   
  12  pNy1         0.00000e+00   constant   
  13  w_y          0.00000e+00   constant   
  14  ANy2         7.39196e-05   5.11406e-04   4.23698e-06  -3.51337e-01
  15  pNy2         3.40463e+00   constant   
  16  w_vw         1.43028e+01   constant   
  17  LM           2.35248e-05   constant   
  18  wCBO_expCoeff   1.99167e+02   6.04494e-01   3.48237e-04   1.13852e-02
  19  wCBO_expOffset   1.99875e+02   8.39745e-02   9.53079e-05   7.34255e-02
  20  wCBO_expT    3.00736e+01   1.73185e-02   1.43402e-05  -3.82660e-01
  21  wCBO_linCoeff   0.00000e+00   constant   
  22  wCBO_const  -4.02903e-03   7.31161e-04   4.03960e-06   1.07398e-01
 MIGRAD MINIMIZATION HAS CONVERGED.
 MIGRAD WILL VERIFY CONVERGENCE AND ERROR MATRIX.
 COVARIANCE MATRIX CALCULATED SUCCESSFULLY
 FCN=288.062 FROM HESSE     STATUS=OK            100 CALLS        1032 TOTAL
                     EDM=8.61103e-05    STRATEGY= 1      ERROR MATRIX ACCURATE 
  EXT PARAMETER                                   STEP         FIRST   
  NO.   NAME      VALUE            ERROR          SIZE      DERIVATIVE 
   1  N0           2.99424e+06   1.08192e+03   8.81722e+00   5.43504e-08
   2  tau          6.44056e+01   constant   
