 + ++++++++++++++++++++++++++++++++++++++++++++++++++++++++++++++++++++ +
 +                                                                      +
 +           You have chose to blind your fitting according to          +
 +                omega_ref * (1 + (R +/- deltaR) *10^{-6})             +
 +                                                                      +
 + ++++++++++++++++++++++++++++++++++++++++++++++++++++++++++++++++++++ +
In main()...
reading format from /gm2data/zkhechad/run45/envelope/formats/formatB_sBin_constraintOn.txt
pBinTau 	= 0  
pBinPhi 	= 0  
constraintau 	= 1 
includeMopTerm 	= 0    
constrainMop    = 0   
Parameters after format file: pBinTau 0 pBinPhi 0 constraintau 1 includeMopTerm 0 constrainMop 0 c_e_scale 0.000000 
reading cbo reference file (full fit) from /gm2data/zkhechad/cboTemplates/Run4CBOTemplates/fullFits/run4/sBin_constraintOn_cE0.0_seed0_run4_calo24.root
A_CBO 0.008786 w_CBO 2.327157 phi_CBO 2.253382 N0 3075736.764901 R -61.041197 tau 64.406859 
Reading cboRef file /gm2data/zkhechad/cboTemplates/Run4CBOTemplates//cboIsolate/run4_calo24.root
deltaT 5.036699
windowBins = 120
fitting sliding window 20 from bin 223 at 33.271600 to bin 343 at 51.175600 (120 bins)

Reading data from /gm2data/cornell/histograms/aMethod/histogram_a_run4.root
fitting cbo isolate
 **********
 **    1 **SET PRINTOUT            1
 **********
 **********
 **    2 **SET NOWARNINGS 
 **********
 PARAMETER DEFINITIONS:
    NO.   NAME         VALUE      STEP SIZE      LIMITS
     1 A_CBO        8.78574e-03  1.00000e-05     no limits
     2 w_CBO        2.32716e+00  1.00000e-02    2.00000e+00  3.00000e+00
     3 phi_CBO      2.25338e+00  1.00000e-02    0.00000e+00  6.28319e+00
 **********
 **    3 **MIGRAD
 **********
 FIRST CALL TO USER FUNCTION AT NEW START POINT, WITH IFLAG=4.
 START MIGRAD MINIMIZATION.  STRATEGY  1.  CONVERGENCE WHEN EDM .LT. 1.00e-04
 FCN=8.30739e-05 FROM MIGRAD    STATUS=INITIATE       12 CALLS          13 TOTAL
                     EDM= unknown      STRATEGY= 1      NO ERROR MATRIX       
  EXT PARAMETER               CURRENT GUESS       STEP         FIRST   
  NO.   NAME      VALUE            ERROR          SIZE      DERIVATIVE 
   1  A_CBO        8.78574e-03   1.00000e-05   1.00000e-05   8.44440e-02
   2  w_CBO        2.32716e+00   1.00000e-02   2.13163e-02   5.90939e-03
   3  phi_CBO      2.25338e+00   1.00000e-02   3.31850e-03  -9.09956e-04
 MIGRAD MINIMIZATION HAS CONVERGED.
 MIGRAD WILL VERIFY CONVERGENCE AND ERROR MATRIX.
 COVARIANCE MATRIX CALCULATED SUCCESSFULLY
 FCN=4.90807e-05 FROM MIGRAD    STATUS=CONVERGED      48 CALLS          49 TOTAL
                     EDM=2.96304e-07    STRATEGY= 1      ERROR MATRIX ACCURATE 
  EXT PARAMETER                                   STEP         FIRST   
  NO.   NAME      VALUE            ERROR          SIZE      DERIVATIVE 
   1  A_CBO        8.09861e-03   1.28498e-01   6.25283e-05  -3.05962e-04
   2  w_CBO        2.32675e+00   6.30084e-01   3.92622e-04  -1.05215e-04
   3  phi_CBO      2.27159e+00   4.06544e+00   2.57168e-03  -8.33911e-07
 EXTERNAL ERROR MATRIX.    NDIM=  25    NPAR=  3    ERR DEF=1
  1.651e-02 -3.578e-02 -1.494e+00 
 -3.578e-02  1.071e+01  4.494e+02 
 -1.494e+00  4.494e+02  1.911e+04 
 PARAMETER  CORRELATION COEFFICIENTS  
       NO.  GLOBAL      1      2      3
        1  0.08514   1.000 -0.085 -0.084
        2  0.99322  -0.085  1.000  0.993
        3  0.99322  -0.084  0.993  1.000
setting A_CBO=0.008099 w_CBO=2.326746, phi_CBO=2.271586
done fitting cbo isolate
 **********
 **    1 **SET PRINTOUT            1
 **********
 **********
 **    2 **SET NOWARNINGS 
 **********
 PARAMETER DEFINITIONS:
    NO.   NAME         VALUE      STEP SIZE      LIMITS
     1 N0           3.07574e+06  1.00000e+02     no limits
     2 tau          6.44069e+01  constant
     3 A0           3.65045e-01  1.00000e-04     no limits
     4 phi          4.11943e+00  1.00000e-02     no limits
     5 R           -6.10412e+01  constant
     6 A_CBO        8.09861e-03  1.00000e-05     no limits
     7 w_CBO        2.32675e+00  1.00000e-03     no limits
     8 phi_CBO      2.27159e+00  1.00000e-04     no limits
     9 ANx2         1.88981e-04  constant
    10 pNx2         1.59299e+00  constant
    11 ANy1         0.00000e+00  constant
    12 pNy1         0.00000e+00  constant
    13 w_y          0.00000e+00  constant
    14 ANy2         1.39657e-02  1.00000e-04     no limits
    15 pNy2         4.84726e+00  constant
    16 w_vw         1.43184e+01  constant
    17 LM           1.57605e-04  constant
    18 wCBO_expCoeff   2.00000e+02  1.00000e+00     no limits
    19 wCBO_expOffset   2.00000e+02  1.00000e+00     no limits
    20 wCBO_expT    3.00000e+01  1.00000e+00     no limits
    21 wCBO_linCoeff   0.00000e+00  constant
    22 wCBO_const   0.00000e+00  1.00000e-02     no limits
MINUIT - FIT ONLY WIGGLE
 **********
 **    3 **FIX            5
 **********
 PARAMETER    5  IS CONSTANT.   IGNORED.
 **********
 **    4 **FIX            6
 **********
 **********
 **    5 **FIX            7
 **********
 **********
 **    6 **FIX            8
 **********
 **********
 **    7 **FIX            9
 **********
 PARAMETER    9  IS CONSTANT.   IGNORED.
 **********
 **    8 **FIX           10
 **********
 PARAMETER   10  IS CONSTANT.   IGNORED.
 **********
 **    9 **FIX           11
 **********
 PARAMETER   11  IS CONSTANT.   IGNORED.
 **********
 **   10 **FIX           12
 **********
 PARAMETER   12  IS CONSTANT.   IGNORED.
 **********
 **   11 **FIX           13
 **********
 PARAMETER   13  IS CONSTANT.   IGNORED.
 **********
 **   12 **FIX           14
 **********
 **********
 **   13 **FIX           15
 **********
 PARAMETER   15  IS CONSTANT.   IGNORED.
 **********
 **   14 **FIX           16
 **********
 PARAMETER   16  IS CONSTANT.   IGNORED.
 **********
 **   15 **MIGRAD
 **********
 FIRST CALL TO USER FUNCTION AT NEW START POINT, WITH IFLAG=4.
 START MIGRAD MINIMIZATION.  STRATEGY  1.  CONVERGENCE WHEN EDM .LT. 1.00e-04
 FCN=14758.4 FROM MIGRAD    STATUS=INITIATE       32 CALLS          33 TOTAL
                     EDM= unknown      STRATEGY= 1      NO ERROR MATRIX       
  EXT PARAMETER               CURRENT GUESS       STEP         FIRST   
  NO.   NAME      VALUE            ERROR          SIZE      DERIVATIVE 
   1  N0           3.07574e+06   1.00000e+02   1.00000e+02  -5.53763e-02
   2  tau          6.44069e+01   constant   
   3  A0           3.65045e-01   1.00000e-04   1.00000e-04  -1.61294e+05
   4  phi          4.11943e+00   1.00000e-02   1.00000e-02   6.56449e+04
   5  R           -6.10412e+01   constant   
   6  A_CBO        8.09861e-03     fixed    
   7  w_CBO        2.32675e+00     fixed    
   8  phi_CBO      2.27159e+00     fixed    
   9  ANx2         1.88981e-04   constant   
  10  pNx2         1.59299e+00   constant   
  11  ANy1         0.00000e+00   constant   
  12  pNy1         0.00000e+00   constant   
  13  w_y          0.00000e+00   constant   
  14  ANy2         1.39657e-02     fixed    
  15  pNy2         4.84726e+00   constant   
  16  w_vw         1.43184e+01   constant   
  17  LM           1.57605e-04   constant   
  18  wCBO_expCoeff   2.00000e+02   1.00000e+00   1.00000e+00  -6.04648e+05
  19  wCBO_expOffset   2.00000e+02   1.00000e+00   1.00000e+00  -6.65934e+05
  20  wCBO_expT    3.00000e+01   1.00000e+00   1.00000e+00   1.13875e+06
  21  wCBO_linCoeff   0.00000e+00   constant   
  22  wCBO_const   0.00000e+00   1.00000e-02   1.00000e-02   5.44166e+04
 MIGRAD FAILS TO FIND IMPROVEMENT
 FCN=14758.4 FROM HESSE     STATUS=NOT POSDEF     56 CALLS         175 TOTAL
                     EDM=13232.7    STRATEGY= 1      ERR MATRIX NOT POS-DEF
  EXT PARAMETER                APPROXIMATE        STEP         FIRST   
  NO.   NAME      VALUE            ERROR          SIZE      DERIVATIVE 
   1  N0           3.07574e+06   1.32296e+03   1.52683e+01  -5.53763e-02
   2  tau          6.44069e+01   constant   
   3  A0           3.65045e-01   5.94585e-04   6.61873e-06  -1.61294e+05
   4  phi          4.11943e+00   4.79833e-04   1.91551e-05   6.56449e+04
   5  R           -6.10412e+01   constant   
   6  A_CBO        8.09861e-03     fixed    
   7  w_CBO        2.32675e+00     fixed    
   8  phi_CBO      2.27159e+00     fixed    
   9  ANx2         1.88981e-04   constant   
  10  pNx2         1.59299e+00   constant   
  11  ANy1         0.00000e+00   constant   
  12  pNy1         0.00000e+00   constant   
  13  w_y          0.00000e+00   constant   
  14  ANy2         1.39657e-02     fixed    
  15  pNy2         4.84726e+00   constant   
  16  w_vw         1.43184e+01   constant   
  17  LM           1.57605e-04   constant   
  18  wCBO_expCoeff   2.00000e+02   1.86179e-05   9.53674e-05   5.98281e+06
  19  wCBO_expOffset   2.00000e+02   1.81998e-05   9.53674e-05  -9.24869e+06
  20  wCBO_expT    3.00000e+01   2.44955e-06   1.43051e-05  -1.96088e+08
  21  wCBO_linCoeff   0.00000e+00   constant   
  22  wCBO_const  -4.99651e-13   2.13934e-03   1.83815e-05   5.44169e+04
 MIGRAD FAILS TO FIND IMPROVEMENT
 MIGRAD TERMINATED WITHOUT CONVERGENCE.
 FCN=14758.4 FROM MIGRAD    STATUS=FAILED        185 CALLS         186 TOTAL
                     EDM=13232.7    STRATEGY= 1      ERR MATRIX NOT POS-DEF
  EXT PARAMETER                APPROXIMATE        STEP         FIRST   
  NO.   NAME      VALUE            ERROR          SIZE      DERIVATIVE 
   1  N0           3.07574e+06   1.32296e+03  -0.00000e+00  -5.53763e-02
   2  tau          6.44069e+01   constant   
   3  A0           3.65045e-01   5.94585e-04  -0.00000e+00  -1.61294e+05
   4  phi          4.11943e+00   4.79833e-04   0.00000e+00   6.56449e+04
   5  R           -6.10412e+01   constant   
   6  A_CBO        8.09861e-03     fixed    
   7  w_CBO        2.32675e+00     fixed    
   8  phi_CBO      2.27159e+00     fixed    
   9  ANx2         1.88981e-04   constant   
  10  pNx2         1.59299e+00   constant   
  11  ANy1         0.00000e+00   constant   
  12  pNy1         0.00000e+00   constant   
  13  w_y          0.00000e+00   constant   
  14  ANy2         1.39657e-02     fixed    
  15  pNy2         4.84726e+00   constant   
  16  w_vw         1.43184e+01   constant   
  17  LM           1.57605e-04   constant   
  18  wCBO_expCoeff   2.00000e+02   1.86179e-05   0.00000e+00   5.98281e+06
  19  wCBO_expOffset   2.00000e+02   1.81998e-05   0.00000e+00  -9.24869e+06
  20  wCBO_expT    3.00000e+01   2.44955e-06   0.00000e+00  -1.96088e+08
  21  wCBO_linCoeff   0.00000e+00   constant   
  22  wCBO_const  -4.99651e-13   2.13934e-03   0.00000e+00   5.44169e+04
 EXTERNAL ERROR MATRIX.    NDIM=  25    NPAR=  7    ERR DEF=1
  1.750e+06  7.675e-01 -5.258e-01 -2.427e-02 -2.351e-02 -3.196e-03 -2.775e+00 
  7.675e-01  3.535e-07 -2.364e-07 -1.092e-08 -1.057e-08 -1.438e-09 -1.247e-06 
 -5.258e-01 -2.364e-07  2.302e-07  7.476e-09  7.204e-09  9.834e-10  8.519e-07 
 -2.427e-02 -1.092e-08  7.476e-09  3.466e-10  3.347e-10  4.537e-11  3.922e-08 
 -2.351e-02 -1.057e-08  7.204e-09  3.347e-10  3.312e-10  4.396e-11  3.846e-08 
 -3.196e-03 -1.438e-09  9.834e-10  4.537e-11  4.396e-11  6.000e-12  5.186e-09 
 -2.775e+00 -1.247e-06  8.519e-07  3.922e-08  3.846e-08  5.186e-09  4.577e-06 
ERR MATRIX NOT POS-DEF
 PARAMETER  CORRELATION COEFFICIENTS  
       NO.  GLOBAL      1      3      4     18     19     20     22
        1  0.98749   1.000  0.976 -0.828 -0.985 -0.976 -0.986 -0.980
        3  0.98839   0.976  1.000 -0.828 -0.986 -0.976 -0.987 -0.980
        4  0.83850  -0.828 -0.828  1.000  0.837  0.825  0.837  0.830
       18  0.99648  -0.985 -0.986  0.837  1.000  0.988  0.995  0.985
       19  0.99177  -0.976 -0.976  0.825  0.988  1.000  0.986  0.988
       20  0.99682  -0.986 -0.987  0.837  0.995  0.986  1.000  0.990
       22  0.99310  -0.980 -0.980  0.830  0.985  0.988  0.990  1.000
 ERR MATRIX NOT POS-DEF
MINUIT - FIT ONLY 1-CBO + other amplitudes 
 **********
 **   16 **RES 
 **********
                   PARAMETER   14  ANy2 RESTORED TO VARIABLE.
                   PARAMETER    8  phi_CBO RESTORED TO VARIABLE.
                   PARAMETER    7  w_CBO RESTORED TO VARIABLE.
                   PARAMETER    6  A_CBO RESTORED TO VARIABLE.
 **********
 **   17 **FIX            0
 **********
 PARAMETER    0  IS UNDEFINED. IGNORED.
 **********
 **   18 **FIX            1
 **********
 **********
 **   19 **FIX            2
 **********
 PARAMETER    2  IS CONSTANT.   IGNORED.
 **********
 **   20 **FIX            3
 **********
 **********
 **   21 **FIX            4
 **********
 **********
 **   22 **FIX            9
 **********
 PARAMETER    9  IS CONSTANT.   IGNORED.
 **********
 **   23 **FIX           11
 **********
 PARAMETER   11  IS CONSTANT.   IGNORED.
 **********
 **   24 **FIX           12
 **********
 PARAMETER   12  IS CONSTANT.   IGNORED.
 **********
 **   25 **FIX           14
 **********
 **********
 **   26 **FIX           15
 **********
 PARAMETER   15  IS CONSTANT.   IGNORED.
 **********
 **   27 **FIX           16
 **********
 PARAMETER   16  IS CONSTANT.   IGNORED.
 **********
 **   28 **MIGRAD
 **********
 START MIGRAD MINIMIZATION.  STRATEGY  1.  CONVERGENCE WHEN EDM .LT. 1.00e-04
 FCN=14758.4 FROM MIGRAD    STATUS=INITIATE       22 CALLS         208 TOTAL
                     EDM= unknown      STRATEGY= 1      NO ERROR MATRIX       
  EXT PARAMETER               CURRENT GUESS       STEP         FIRST   
  NO.   NAME      VALUE            ERROR          SIZE      DERIVATIVE 
   1  N0           3.07574e+06     fixed    
   2  tau          6.44069e+01   constant   
   3  A0           3.65045e-01     fixed    
   4  phi          4.11943e+00     fixed    
   5  R           -6.10412e+01   constant   
   6  A_CBO        8.09861e-03   1.00000e-05   1.00000e-05   8.84771e+05
   7  w_CBO        2.32675e+00   1.00000e-03   1.00000e-03   4.10977e+08
   8  phi_CBO      2.27159e+00   1.00000e-04   1.00000e-04  -2.93018e+02
   9  ANx2         1.88981e-04   constant   
  10  pNx2         1.59299e+00   constant   
  11  ANy1         0.00000e+00   constant   
  12  pNy1         0.00000e+00   constant   
  13  w_y          0.00000e+00   constant   
  14  ANy2         1.39657e-02     fixed    
  15  pNy2         4.84726e+00   constant   
  16  w_vw         1.43184e+01   constant   
  17  LM           1.57605e-04   constant   
  18  wCBO_expCoeff   2.00000e+02   1.86179e-05   0.00000e+00   4.78123e+06
  19  wCBO_expOffset   2.00000e+02   1.81998e-05   0.00000e+00  -6.94937e+06
  20  wCBO_expT    3.00000e+01   2.44955e-06   0.00000e+00  -3.60304e+07
  21  wCBO_linCoeff   0.00000e+00   constant   
  22  wCBO_const  -4.99651e-13   2.13934e-03   0.00000e+00   5.44169e+04
 MIGRAD FAILS TO FIND IMPROVEMENT
 FCN=12018.5 FROM HESSE     STATUS=NOT POSDEF     58 CALLS         304 TOTAL
                     EDM=20282.3    STRATEGY= 1      ERR MATRIX NOT POS-DEF
  EXT PARAMETER                APPROXIMATE        STEP         FIRST   
  NO.   NAME      VALUE            ERROR          SIZE      DERIVATIVE 
   1  N0           3.07574e+06     fixed    
   2  tau          6.44069e+01   constant   
   3  A0           3.65045e-01     fixed    
   4  phi          4.11943e+00     fixed    
   5  R           -6.10412e+01   constant   
   6  A_CBO       -1.42060e-03   8.82449e-04   6.37352e-06   6.74712e+04
   7  w_CBO        2.32675e+00   3.52642e-07   1.10948e-06   2.48094e+08
   8  phi_CBO      2.46898e+00   4.66963e-02   3.85635e-03  -1.03640e+02
   9  ANx2         1.88981e-04   constant   
  10  pNx2         1.59299e+00   constant   
  11  ANy1         0.00000e+00   constant   
  12  pNy1         0.00000e+00   constant   
  13  w_y          0.00000e+00   constant   
  14  ANy2         1.39657e-02     fixed    
  15  pNy2         4.84726e+00   constant   
  16  w_vw         1.43184e+01   constant   
  17  LM           1.57605e-04   constant   
  18  wCBO_expCoeff   2.00000e+02   3.03131e-05   9.53674e-05   2.88618e+06
  19  wCBO_expOffset   2.00000e+02   3.46706e-05   9.53675e-05  -1.56624e+06
  20  wCBO_expT    3.00000e+01   4.35321e-06   1.43051e-05   9.83866e+06
  21  wCBO_linCoeff   0.00000e+00   constant   
  22  wCBO_const  -3.96589e-03   3.68579e-03   5.14841e-05   1.75478e+04
 MIGRAD FAILS TO FIND IMPROVEMENT
 MIGRAD TERMINATED WITHOUT CONVERGENCE.
 FCN=11952.3 FROM MIGRAD    STATUS=FAILED        710 CALLS         896 TOTAL
                     EDM=159.332    STRATEGY= 1      ERR MATRIX NOT POS-DEF
  EXT PARAMETER                APPROXIMATE        STEP         FIRST   
  NO.   NAME      VALUE            ERROR          SIZE      DERIVATIVE 
   1  N0           3.07574e+06     fixed    
   2  tau          6.44069e+01   constant   
   3  A0           3.65045e-01     fixed    
   4  phi          4.11943e+00     fixed    
   5  R           -6.10412e+01   constant   
   6  A_CBO       -1.63314e-03   1.37709e-04  -0.00000e+00   2.25564e+04
   7  w_CBO        2.32675e+00   3.02968e-08   0.00000e+00  -1.96020e+08
   8  phi_CBO      2.43471e+00   1.05360e-01  -0.00000e+00   1.82884e+02
   9  ANx2         1.88981e-04   constant   
  10  pNx2         1.59299e+00   constant   
  11  ANy1         0.00000e+00   constant   
  12  pNy1         0.00000e+00   constant   
  13  w_y          0.00000e+00   constant   
  14  ANy2         1.39657e-02     fixed    
  15  pNy2         4.84726e+00   constant   
  16  w_vw         1.43184e+01   constant   
  17  LM           1.57605e-04   constant   
  18  wCBO_expCoeff   2.00000e+02   2.60431e-06   0.00000e+00  -2.28041e+06
  19  wCBO_expOffset   2.00000e+02   6.98813e-06  -0.00000e+00   1.04668e+06
  20  wCBO_expT    3.00000e+01   7.54043e-07  -0.00000e+00   4.97873e+06
  21  wCBO_linCoeff   0.00000e+00   constant   
  22  wCBO_const  -5.11189e-03   1.04356e-03  -0.00000e+00  -7.11601e+03
 EXTERNAL ERROR MATRIX.    NDIM=  25    NPAR=  7    ERR DEF=1
  1.896e-08 -7.914e-14  1.191e-05 -6.807e-12  7.490e-10  8.708e-11  1.071e-07 
 -7.914e-14  9.179e-16 -1.950e-10 -8.181e-15  1.677e-14 -1.657e-15 -6.281e-12 
  1.191e-05 -1.950e-10  1.110e-02 -1.676e-08  5.240e-07  6.493e-08  1.034e-04 
 -6.807e-12 -8.181e-15 -1.676e-08  6.782e-12  1.442e-12 -1.424e-13 -5.400e-10 
  7.490e-10  1.677e-14  5.240e-07  1.442e-12  4.883e-11  4.040e-12  5.657e-09 
  8.708e-11 -1.657e-15  6.493e-08 -1.424e-13  4.040e-12  5.686e-13  6.532e-10 
  1.071e-07 -6.281e-12  1.034e-04 -5.400e-10  5.657e-09  6.532e-10  1.089e-06 
ERR MATRIX NOT POS-DEF
 PARAMETER  CORRELATION COEFFICIENTS  
       NO.  GLOBAL      6      7      8     18     19     20     22
        6  0.99812   1.000 -0.019  0.821 -0.019  0.778  0.839  0.745
        7  0.99464  -0.019  1.000 -0.061 -0.104  0.079 -0.073 -0.199
        8  0.99967   0.821 -0.061  1.000 -0.061  0.712  0.817  0.940
       18  0.99464  -0.019 -0.104 -0.061  1.000  0.079 -0.073 -0.199
       19  0.99872   0.778  0.079  0.712  0.079  1.000  0.767  0.776
       20  0.98187   0.839 -0.073  0.817 -0.073  0.767  1.000  0.830
       22  0.99978   0.745 -0.199  0.940 -0.199  0.776  0.830  1.000
 ERR MATRIX NOT POS-DEF
MINUIT - FIT ONLY 1-CBO
 **********
 **   29 **RES 
 **********
                   PARAMETER   14  ANy2 RESTORED TO VARIABLE.
                   PARAMETER    4  phi RESTORED TO VARIABLE.
                   PARAMETER    3  A0 RESTORED TO VARIABLE.
                   PARAMETER    1  N0 RESTORED TO VARIABLE.
 **********
 **   30 **FIX            0
 **********
 PARAMETER    0  IS UNDEFINED. IGNORED.
 **********
 **   31 **FIX            1
 **********
 **********
 **   32 **FIX            2
 **********
 PARAMETER    2  IS CONSTANT.   IGNORED.
 **********
 **   33 **FIX            3
 **********
 **********
 **   34 **FIX            4
 **********
 **********
 **   35 **FIX            8
 **********
 **********
 **   36 **FIX            9
 **********
 PARAMETER    9  IS CONSTANT.   IGNORED.
 **********
 **   37 **FIX           11
 **********
 PARAMETER   11  IS CONSTANT.   IGNORED.
 **********
 **   38 **FIX           12
 **********
 PARAMETER   12  IS CONSTANT.   IGNORED.
 **********
 **   39 **FIX           13
 **********
 PARAMETER   13  IS CONSTANT.   IGNORED.
 **********
 **   40 **FIX           15
 **********
 PARAMETER   15  IS CONSTANT.   IGNORED.
 **********
 **   41 **FIX           16
 **********
 PARAMETER   16  IS CONSTANT.   IGNORED.
 **********
 **   42 **MIGRAD
 **********
 START MIGRAD MINIMIZATION.  STRATEGY  1.  CONVERGENCE WHEN EDM .LT. 1.00e-04
 FCN=11952.3 FROM MIGRAD    STATUS=INITIATE       14 CALLS         910 TOTAL
                     EDM= unknown      STRATEGY= 1      NO ERROR MATRIX       
  EXT PARAMETER               CURRENT GUESS       STEP         FIRST   
  NO.   NAME      VALUE            ERROR          SIZE      DERIVATIVE 
   1  N0           3.07574e+06     fixed    
   2  tau          6.44069e+01   constant   
   3  A0           3.65045e-01     fixed    
   4  phi          4.11943e+00     fixed    
   5  R           -6.10412e+01   constant   
   6  A_CBO       -1.63314e-03   1.37709e-04  -0.00000e+00   2.25564e+04
   7  w_CBO        2.32675e+00   3.02968e-08   0.00000e+00  -1.96020e+08
   8  phi_CBO      2.43471e+00     fixed    
   9  ANx2         1.88981e-04   constant   
  10  pNx2         1.59299e+00   constant   
  11  ANy1         0.00000e+00   constant   
  12  pNy1         0.00000e+00   constant   
  13  w_y          0.00000e+00   constant   
  14  ANy2         1.39657e-02   1.00000e-04   1.00000e-04   1.39268e+06
  15  pNy2         4.84726e+00   constant   
  16  w_vw         1.43184e+01   constant   
  17  LM           1.57605e-04   constant   
  18  wCBO_expCoeff   2.00000e+02   2.60431e-06   0.00000e+00  -2.28041e+06
  19  wCBO_expOffset   2.00000e+02   6.98813e-06  -0.00000e+00   1.04668e+06
  20  wCBO_expT    3.00000e+01   7.54043e-07  -0.00000e+00   4.97873e+06
  21  wCBO_linCoeff   0.00000e+00   constant   
  22  wCBO_const  -5.11189e-03   1.04356e-03  -0.00000e+00  -7.11601e+03
 MIGRAD FAILS TO FIND IMPROVEMENT
 FCN=5047.17 FROM HESSE     STATUS=NOT POSDEF     58 CALLS        1055 TOTAL
                     EDM=4587.79    STRATEGY= 1      ERR MATRIX NOT POS-DEF
  EXT PARAMETER                APPROXIMATE        STEP         FIRST   
  NO.   NAME      VALUE            ERROR          SIZE      DERIVATIVE 
   1  N0           3.07574e+06     fixed    
   2  tau          6.44069e+01   constant   
   3  A0           3.65045e-01     fixed    
   4  phi          4.11943e+00     fixed    
   5  R           -6.10412e+01   constant   
   6  A_CBO        1.19683e-03   1.08322e-03   4.11831e-06   2.80584e+04
   7  w_CBO        2.32675e+00   5.21632e-07   1.10948e-06  -3.03448e+07
   8  phi_CBO      2.43471e+00     fixed    
   9  ANx2         1.88981e-04   constant   
  10  pNx2         1.59299e+00   constant   
  11  ANy1         0.00000e+00   constant   
  12  pNy1         0.00000e+00   constant   
  13  w_y          0.00000e+00   constant   
  14  ANy2         3.91197e-03   9.21708e-05   4.11496e-06  -2.37097e+04
  15  pNy2         4.84726e+00   constant   
  16  w_vw         1.43184e+01   constant   
  17  LM           1.57605e-04   constant   
  18  wCBO_expCoeff   2.00000e+02   4.48376e-05   9.53674e-05  -3.52994e+05
  19  wCBO_expOffset   2.00000e+02   9.78150e-05   9.53674e-05   8.96363e+05
  20  wCBO_expT    3.00000e+01   8.56038e-06   1.43051e-05   1.17094e+07
  21  wCBO_linCoeff   0.00000e+00   constant   
  22  wCBO_const   3.39156e-03   3.29821e-03   3.72748e-05  -2.48840e+03
 MIGRAD FAILS TO FIND IMPROVEMENT
 MIGRAD TERMINATED WITHOUT CONVERGENCE.
 FCN=5047.17 FROM MIGRAD    STATUS=FAILED        170 CALLS        1066 TOTAL
                     EDM=4587.79    STRATEGY= 1      ERR MATRIX NOT POS-DEF
  EXT PARAMETER                APPROXIMATE        STEP         FIRST   
  NO.   NAME      VALUE            ERROR          SIZE      DERIVATIVE 
   1  N0           3.07574e+06     fixed    
   2  tau          6.44069e+01   constant   
   3  A0           3.65045e-01     fixed    
   4  phi          4.11943e+00     fixed    
   5  R           -6.10412e+01   constant   
   6  A_CBO        1.19683e-03   1.08322e-03   0.00000e+00   2.80584e+04
   7  w_CBO        2.32675e+00   5.21632e-07  -0.00000e+00  -3.03448e+07
   8  phi_CBO      2.43471e+00     fixed    
   9  ANx2         1.88981e-04   constant   
  10  pNx2         1.59299e+00   constant   
  11  ANy1         0.00000e+00   constant   
  12  pNy1         0.00000e+00   constant   
  13  w_y          0.00000e+00   constant   
  14  ANy2         3.91197e-03   9.21708e-05   0.00000e+00  -2.37097e+04
  15  pNy2         4.84726e+00   constant   
  16  w_vw         1.43184e+01   constant   
  17  LM           1.57605e-04   constant   
  18  wCBO_expCoeff   2.00000e+02   4.48376e-05  -0.00000e+00  -3.52994e+05
  19  wCBO_expOffset   2.00000e+02   9.78150e-05  -0.00000e+00   8.96363e+05
  20  wCBO_expT    3.00000e+01   8.56038e-06  -0.00000e+00   1.17094e+07
  21  wCBO_linCoeff   0.00000e+00   constant   
  22  wCBO_const   3.39156e-03   3.29821e-03   0.00000e+00  -2.48840e+03
 EXTERNAL ERROR MATRIX.    NDIM=  25    NPAR=  7    ERR DEF=1
  1.173e-06 -5.623e-10  6.652e-08 -4.833e-08 -1.056e-07 -9.249e-09  3.505e-06 
 -5.623e-10  2.721e-13 -3.197e-11  2.322e-11  5.076e-11  4.447e-12 -1.687e-09 
  6.652e-08 -3.197e-11  8.495e-09 -2.748e-09 -5.998e-09 -5.254e-10  1.976e-07 
 -4.833e-08  2.322e-11 -2.748e-09  2.010e-09  4.363e-09  3.822e-10 -1.450e-07 
 -1.056e-07  5.076e-11 -5.998e-09  4.363e-09  9.568e-09  8.349e-10 -3.157e-07 
 -9.249e-09  4.447e-12 -5.254e-10  3.822e-10  8.349e-10  7.328e-11 -2.769e-08 
  3.505e-06 -1.687e-09  1.976e-07 -1.450e-07 -3.157e-07 -2.769e-08  1.088e-05 
ERR MATRIX NOT POS-DEF
 PARAMETER  CORRELATION COEFFICIENTS  
       NO.  GLOBAL      6      7     14     18     19     20     22
        6  0.99799   1.000 -0.995  0.666 -0.995 -0.997 -0.997  0.981
        7  0.99645  -0.995  1.000 -0.665  0.993  0.995  0.996 -0.980
       14  0.66725   0.666 -0.665  1.000 -0.665 -0.665 -0.666  0.650
       18  0.99645  -0.995  0.993 -0.665  1.000  0.995  0.996 -0.980
       19  0.99768  -0.997  0.995 -0.665  0.995  1.000  0.997 -0.979
       20  0.99851  -0.997  0.996 -0.666  0.996  0.997  1.000 -0.981
       22  0.98261   0.981 -0.980  0.650 -0.980 -0.979 -0.981  1.000
 ERR MATRIX NOT POS-DEF
MINUIT - FIT ONLY 2-CBO
 **********
 **   43 **RES 
 **********
                   PARAMETER    8  phi_CBO RESTORED TO VARIABLE.
                   PARAMETER    4  phi RESTORED TO VARIABLE.
                   PARAMETER    3  A0 RESTORED TO VARIABLE.
                   PARAMETER    1  N0 RESTORED TO VARIABLE.
 **********
 **   44 **FIX            0
 **********
 PARAMETER    0  IS UNDEFINED. IGNORED.
 **********
 **   45 **FIX            1
 **********
 **********
 **   46 **FIX            2
 **********
 PARAMETER    2  IS CONSTANT.   IGNORED.
 **********
 **   47 **FIX            3
 **********
 **********
 **   48 **FIX            4
 **********
 **********
 **   49 **FIX            5
 **********
 PARAMETER    5  IS CONSTANT.   IGNORED.
 **********
 **   50 **FIX            6
 **********
 **********
 **   51 **FIX            7
 **********
 **********
 **   52 **FIX           10
 **********
 PARAMETER   10  IS CONSTANT.   IGNORED.
 **********
 **   53 **FIX           11
 **********
 PARAMETER   11  IS CONSTANT.   IGNORED.
 **********
 **   54 **FIX           12
 **********
 PARAMETER   12  IS CONSTANT.   IGNORED.
 **********
 **   55 **FIX           13
 **********
 PARAMETER   13  IS CONSTANT.   IGNORED.
 **********
 **   56 **FIX           14
 **********
 **********
 **   57 **FIX           15
 **********
 PARAMETER   15  IS CONSTANT.   IGNORED.
 **********
 **   58 **FIX           16
 **********
 PARAMETER   16  IS CONSTANT.   IGNORED.
 **********
 **   59 **MIGRAD
 **********
 START MIGRAD MINIMIZATION.  STRATEGY  1.  CONVERGENCE WHEN EDM .LT. 1.00e-04
 FCN=5047.17 FROM MIGRAD    STATUS=INITIATE       12 CALLS        1078 TOTAL
                     EDM= unknown      STRATEGY= 1      NO ERROR MATRIX       
  EXT PARAMETER               CURRENT GUESS       STEP         FIRST   
  NO.   NAME      VALUE            ERROR          SIZE      DERIVATIVE 
   1  N0           3.07574e+06     fixed    
   2  tau          6.44069e+01   constant   
   3  A0           3.65045e-01     fixed    
   4  phi          4.11943e+00     fixed    
   5  R           -6.10412e+01   constant   
   6  A_CBO        1.19683e-03     fixed    
   7  w_CBO        2.32675e+00     fixed    
   8  phi_CBO      2.43471e+00   1.05360e-01   1.05360e-01   5.59946e+01
   9  ANx2         1.88981e-04   constant   
  10  pNx2         1.59299e+00   constant   
  11  ANy1         0.00000e+00   constant   
  12  pNy1         0.00000e+00   constant   
  13  w_y          0.00000e+00   constant   
  14  ANy2         3.91197e-03     fixed    
  15  pNy2         4.84726e+00   constant   
  16  w_vw         1.43184e+01   constant   
  17  LM           1.57605e-04   constant   
  18  wCBO_expCoeff   2.00000e+02   4.48376e-05  -0.00000e+00  -7.13094e+05
  19  wCBO_expOffset   2.00000e+02   9.78150e-05  -0.00000e+00   7.13243e+05
  20  wCBO_expT    3.00000e+01   8.56038e-06  -0.00000e+00   7.79014e+06
  21  wCBO_linCoeff   0.00000e+00   constant   
  22  wCBO_const   3.39156e-03   3.29821e-03   0.00000e+00  -2.48841e+03
 MIGRAD FAILS TO FIND IMPROVEMENT
 FCN=5047.17 FROM HESSE     STATUS=NOT POSDEF     37 CALLS        1143 TOTAL
                     EDM=11331.2    STRATEGY= 1      ERR MATRIX NOT POS-DEF
  EXT PARAMETER                APPROXIMATE        STEP         FIRST   
  NO.   NAME      VALUE            ERROR          SIZE      DERIVATIVE 
   1  N0           3.07574e+06     fixed    
   2  tau          6.44069e+01   constant   
   3  A0           3.65045e-01     fixed    
   4  phi          4.11943e+00     fixed    
   5  R           -6.10412e+01   constant   
   6  A_CBO        1.19683e-03     fixed    
   7  w_CBO        2.32675e+00     fixed    
   8  phi_CBO      2.43421e+00   6.52489e-01   3.74643e-03   5.69167e+01
   9  ANx2         1.88981e-04   constant   
  10  pNx2         1.59299e+00   constant   
  11  ANy1         0.00000e+00   constant   
  12  pNy1         0.00000e+00   constant   
  13  w_y          0.00000e+00   constant   
  14  ANy2         3.91197e-03     fixed    
  15  pNy2         4.84726e+00   constant   
  16  w_vw         1.43184e+01   constant   
  17  LM           1.57605e-04   constant   
  18  wCBO_expCoeff   2.00000e+02   7.16848e-05   9.53674e-05  -3.68642e+05
  19  wCBO_expOffset   2.00000e+02   1.08997e-04   9.53674e-05   9.01808e+05
  20  wCBO_expT    3.00000e+01   8.76639e-06   1.43051e-05   1.22406e+07
  21  wCBO_linCoeff   0.00000e+00   constant   
  22  wCBO_const   3.39369e-03   1.45491e-03   3.67049e-05  -2.58289e+03
 MIGRAD FAILS TO FIND IMPROVEMENT
 MIGRAD TERMINATED WITHOUT CONVERGENCE.
 FCN=5047.17 FROM MIGRAD    STATUS=FAILED         88 CALLS        1154 TOTAL
                     EDM=11331.2    STRATEGY= 1      ERR MATRIX NOT POS-DEF
  EXT PARAMETER                APPROXIMATE        STEP         FIRST   
  NO.   NAME      VALUE            ERROR          SIZE      DERIVATIVE 
   1  N0           3.07574e+06     fixed    
   2  tau          6.44069e+01   constant   
   3  A0           3.65045e-01     fixed    
   4  phi          4.11943e+00     fixed    
   5  R           -6.10412e+01   constant   
   6  A_CBO        1.19683e-03     fixed    
   7  w_CBO        2.32675e+00     fixed    
   8  phi_CBO      2.43421e+00   6.52489e-01  -0.00000e+00   5.69167e+01
   9  ANx2         1.88981e-04   constant   
  10  pNx2         1.59299e+00   constant   
  11  ANy1         0.00000e+00   constant   
  12  pNy1         0.00000e+00   constant   
  13  w_y          0.00000e+00   constant   
  14  ANy2         3.91197e-03     fixed    
  15  pNy2         4.84726e+00   constant   
  16  w_vw         1.43184e+01   constant   
  17  LM           1.57605e-04   constant   
  18  wCBO_expCoeff   2.00000e+02   7.16848e-05  -0.00000e+00  -3.68642e+05
  19  wCBO_expOffset   2.00000e+02   1.08997e-04  -0.00000e+00   9.01808e+05
  20  wCBO_expT    3.00000e+01   8.76639e-06  -0.00000e+00   1.22406e+07
  21  wCBO_linCoeff   0.00000e+00   constant   
  22  wCBO_const   3.39369e-03   1.45491e-03  -0.00000e+00  -2.58289e+03
 EXTERNAL ERROR MATRIX.    NDIM=  25    NPAR=  5    ERR DEF=1
  4.257e-01  4.628e-05  7.017e-05  5.648e-06  7.692e-04 
  4.628e-05  5.139e-09  7.779e-09  6.264e-10  8.021e-08 
  7.017e-05  7.779e-09  1.188e-08  9.521e-10  1.232e-07 
  5.648e-06  6.264e-10  9.521e-10  7.685e-11  9.845e-09 
  7.692e-04  8.021e-08  1.232e-07  9.845e-09  2.117e-06 
ERR MATRIX NOT POS-DEF
 PARAMETER  CORRELATION COEFFICIENTS  
       NO.  GLOBAL      8     18     19     20     22
        8  0.99255   1.000  0.990  0.987  0.987  0.810
       18  0.99776   0.990  1.000  0.996  0.997  0.769
       19  0.99698   0.987  0.996  1.000  0.996  0.777
       20  0.99770   0.987  0.997  0.996  1.000  0.772
       22  0.84546   0.810  0.769  0.777  0.772  1.000
 ERR MATRIX NOT POS-DEF
MINUIT - FIT ONLY 1-y
 **********
 **   60 **RES 
 **********
                   PARAMETER   14  ANy2 RESTORED TO VARIABLE.
                   PARAMETER    7  w_CBO RESTORED TO VARIABLE.
                   PARAMETER    6  A_CBO RESTORED TO VARIABLE.
                   PARAMETER    4  phi RESTORED TO VARIABLE.
                   PARAMETER    3  A0 RESTORED TO VARIABLE.
                   PARAMETER    1  N0 RESTORED TO VARIABLE.
 **********
 **   61 **FIX            0
 **********
 PARAMETER    0  IS UNDEFINED. IGNORED.
 **********
 **   62 **FIX            1
 **********
 **********
 **   63 **FIX            2
 **********
 PARAMETER    2  IS CONSTANT.   IGNORED.
 **********
 **   64 **FIX            3
 **********
 **********
 **   65 **FIX            4
 **********
 **********
 **   66 **FIX            5
 **********
 PARAMETER    5  IS CONSTANT.   IGNORED.
 **********
 **   67 **FIX            6
 **********
 **********
 **   68 **FIX            7
 **********
 **********
 **   69 **FIX            8
 **********
 **********
 **   70 **FIX            9
 **********
 PARAMETER    9  IS CONSTANT.   IGNORED.
 **********
 **   71 **FIX           13
 **********
 PARAMETER   13  IS CONSTANT.   IGNORED.
 **********
 **   72 **FIX           14
 **********
 **********
 **   73 **FIX           15
 **********
 PARAMETER   15  IS CONSTANT.   IGNORED.
 **********
 **   74 **FIX           16
 **********
 PARAMETER   16  IS CONSTANT.   IGNORED.
 **********
 **   75 **MIGRAD
 **********
 START MIGRAD MINIMIZATION.  STRATEGY  1.  CONVERGENCE WHEN EDM .LT. 1.00e-04
 FCN=5047.17 FROM MIGRAD    STATUS=INITIATE        8 CALLS        1162 TOTAL
                     EDM= unknown      STRATEGY= 1      NO ERROR MATRIX       
  EXT PARAMETER               CURRENT GUESS       STEP         FIRST   
  NO.   NAME      VALUE            ERROR          SIZE      DERIVATIVE 
   1  N0           3.07574e+06     fixed    
   2  tau          6.44069e+01   constant   
   3  A0           3.65045e-01     fixed    
   4  phi          4.11943e+00     fixed    
   5  R           -6.10412e+01   constant   
   6  A_CBO        1.19683e-03     fixed    
   7  w_CBO        2.32675e+00     fixed    
   8  phi_CBO      2.43421e+00     fixed    
   9  ANx2         1.88981e-04   constant   
  10  pNx2         1.59299e+00   constant   
  11  ANy1         0.00000e+00   constant   
  12  pNy1         0.00000e+00   constant   
  13  w_y          0.00000e+00   constant   
  14  ANy2         3.91197e-03     fixed    
  15  pNy2         4.84726e+00   constant   
  16  w_vw         1.43184e+01   constant   
  17  LM           1.57605e-04   constant   
  18  wCBO_expCoeff   2.00000e+02   7.16848e-05  -0.00000e+00  -7.22056e+05
  19  wCBO_expOffset   2.00000e+02   1.08997e-04  -0.00000e+00   7.17061e+05
  20  wCBO_expT    3.00000e+01   8.76639e-06  -0.00000e+00   7.79867e+06
  21  wCBO_linCoeff   0.00000e+00   constant   
  22  wCBO_const   3.39369e-03   1.45491e-03  -0.00000e+00  -2.58290e+03
 MIGRAD FAILS TO FIND IMPROVEMENT
 FCN=5047.17 FROM HESSE     STATUS=NOT POSDEF     29 CALLS        1202 TOTAL
                     EDM=13677.5    STRATEGY= 1      ERR MATRIX NOT POS-DEF
  EXT PARAMETER                APPROXIMATE        STEP         FIRST   
  NO.   NAME      VALUE            ERROR          SIZE      DERIVATIVE 
   1  N0           3.07574e+06     fixed    
   2  tau          6.44069e+01   constant   
   3  A0           3.65045e-01     fixed    
   4  phi          4.11943e+00     fixed    
   5  R           -6.10412e+01   constant   
   6  A_CBO        1.19683e-03     fixed    
   7  w_CBO        2.32675e+00     fixed    
   8  phi_CBO      2.43421e+00     fixed    
   9  ANx2         1.88981e-04   constant   
  10  pNx2         1.59299e+00   constant   
  11  ANy1         0.00000e+00   constant   
  12  pNy1         0.00000e+00   constant   
  13  w_y          0.00000e+00   constant   
  14  ANy2         3.91197e-03     fixed    
  15  pNy2         4.84726e+00   constant   
  16  w_vw         1.43184e+01   constant   
  17  LM           1.57605e-04   constant   
  18  wCBO_expCoeff   2.00000e+02   8.03951e-05   9.53674e-05  -3.68642e+05
  19  wCBO_expOffset   2.00000e+02   1.36626e-04   9.53674e-05   9.01808e+05
  20  wCBO_expT    3.00000e+01   1.09435e-05   1.43051e-05   1.22406e+07
  21  wCBO_linCoeff   0.00000e+00   constant   
  22  wCBO_const   3.39369e-03   2.64038e-03   3.66498e-05  -2.58289e+03
 MIGRAD FAILS TO FIND IMPROVEMENT
 MIGRAD TERMINATED WITHOUT CONVERGENCE.
 FCN=5047.17 FROM MIGRAD    STATUS=FAILED         59 CALLS        1213 TOTAL
                     EDM=13677.5    STRATEGY= 1      ERR MATRIX NOT POS-DEF
  EXT PARAMETER                APPROXIMATE        STEP         FIRST   
  NO.   NAME      VALUE            ERROR          SIZE      DERIVATIVE 
   1  N0           3.07574e+06     fixed    
   2  tau          6.44069e+01   constant   
   3  A0           3.65045e-01     fixed    
   4  phi          4.11943e+00     fixed    
   5  R           -6.10412e+01   constant   
   6  A_CBO        1.19683e-03     fixed    
   7  w_CBO        2.32675e+00     fixed    
   8  phi_CBO      2.43421e+00     fixed    
   9  ANx2         1.88981e-04   constant   
  10  pNx2         1.59299e+00   constant   
  11  ANy1         0.00000e+00   constant   
  12  pNy1         0.00000e+00   constant   
  13  w_y          0.00000e+00   constant   
  14  ANy2         3.91197e-03     fixed    
  15  pNy2         4.84726e+00   constant   
  16  w_vw         1.43184e+01   constant   
  17  LM           1.57605e-04   constant   
  18  wCBO_expCoeff   2.00000e+02   8.03951e-05  -0.00000e+00  -3.68642e+05
  19  wCBO_expOffset   2.00000e+02   1.36626e-04  -0.00000e+00   9.01808e+05
  20  wCBO_expT    3.00000e+01   1.09435e-05  -0.00000e+00   1.22406e+07
  21  wCBO_linCoeff   0.00000e+00   constant   
  22  wCBO_const   3.39369e-03   2.64038e-03   0.00000e+00  -2.58289e+03
 EXTERNAL ERROR MATRIX.    NDIM=  25    NPAR=  4    ERR DEF=1
  6.463e-09  1.095e-08  8.777e-10 -2.018e-07 
  1.095e-08  1.867e-08  1.492e-09 -3.403e-07 
  8.777e-10  1.492e-09  1.198e-10 -2.736e-08 
 -2.018e-07 -3.403e-07 -2.736e-08  6.972e-06 
ERR MATRIX NOT POS-DEF
 PARAMETER  CORRELATION COEFFICIENTS  
       NO.  GLOBAL     18     19     20     22
       18  0.99808   1.000  0.997  0.998 -0.951
       19  0.99792   0.997  1.000  0.998 -0.943
       20  0.99840   0.998  0.998  1.000 -0.947
       22  0.95205  -0.951 -0.943 -0.947  1.000
 ERR MATRIX NOT POS-DEF
MINUIT - FIT ONLY 2-y
 **********
 **   76 **RES 
 **********
                   PARAMETER   14  ANy2 RESTORED TO VARIABLE.
                   PARAMETER    8  phi_CBO RESTORED TO VARIABLE.
                   PARAMETER    7  w_CBO RESTORED TO VARIABLE.
                   PARAMETER    6  A_CBO RESTORED TO VARIABLE.
                   PARAMETER    4  phi RESTORED TO VARIABLE.
                   PARAMETER    3  A0 RESTORED TO VARIABLE.
                   PARAMETER    1  N0 RESTORED TO VARIABLE.
 **********
 **   77 **FIX            0
