 + ++++++++++++++++++++++++++++++++++++++++++++++++++++++++++++++++++++ +
 +                                                                      +
 +           You have chose to blind your fitting according to          +
 +                omega_ref * (1 + (R +/- deltaR) *10^{-6})             +
 +                                                                      +
 + ++++++++++++++++++++++++++++++++++++++++++++++++++++++++++++++++++++ +
In main()...
reading format from /gm2data/zkhechad/run45/envelope/formats/formatB_sBin_constraintOn.txt
pBinTau 	= 0  
pBinPhi 	= 0  
constraintau 	= 1 
includeMopTerm 	= 0    
constrainMop    = 0   
Parameters after format file: pBinTau 0 pBinPhi 0 constraintau 1 includeMopTerm 0 constrainMop 0 c_e_scale 0.000000 
reading cbo reference file (full fit) from /gm2data/zkhechad/cboTemplates/Run4CBOTemplates/fullFits/run4/sBin_constraintOn_cE0.0_seed0_run4_calo24.root
A_CBO 0.008786 w_CBO 2.327157 phi_CBO 2.253382 N0 3075736.764901 R -61.041197 tau 64.406859 
Reading cboRef file /gm2data/zkhechad/cboTemplates/Run4CBOTemplates//cboIsolate/run4_calo24.root
deltaT 15.865467
windowBins = 120
fitting sliding window 480 from bin 683 at 101.903600 to bin 803 at 119.807600 (120 bins)

Reading data from /gm2data/cornell/histograms/aMethod/histogram_a_run4.root
fitting cbo isolate
 **********
 **    1 **SET PRINTOUT            1
 **********
 **********
 **    2 **SET NOWARNINGS 
 **********
 PARAMETER DEFINITIONS:
    NO.   NAME         VALUE      STEP SIZE      LIMITS
     1 A_CBO        8.78574e-03  1.00000e-05     no limits
     2 w_CBO        2.32716e+00  1.00000e-02    2.00000e+00  3.00000e+00
     3 phi_CBO      2.25338e+00  1.00000e-02    0.00000e+00  6.28319e+00
 **********
 **    3 **MIGRAD
 **********
 FIRST CALL TO USER FUNCTION AT NEW START POINT, WITH IFLAG=4.
 START MIGRAD MINIMIZATION.  STRATEGY  1.  CONVERGENCE WHEN EDM .LT. 1.00e-04
 FCN=0.000856679 FROM MIGRAD    STATUS=INITIATE       10 CALLS          11 TOTAL
                     EDM= unknown      STRATEGY= 1      NO ERROR MATRIX       
  EXT PARAMETER               CURRENT GUESS       STEP         FIRST   
  NO.   NAME      VALUE            ERROR          SIZE      DERIVATIVE 
   1  A_CBO        8.78574e-03   1.00000e-05   1.00000e-05   4.27845e-01
   2  w_CBO        2.32716e+00   1.00000e-02   2.13163e-02   1.02933e-03
   3  phi_CBO      2.25338e+00   1.00000e-02   3.31850e-03  -5.18443e-05
 MIGRAD MINIMIZATION HAS CONVERGED.
 MIGRAD WILL VERIFY CONVERGENCE AND ERROR MATRIX.
 COVARIANCE MATRIX CALCULATED SUCCESSFULLY
 FCN=9.79712e-05 FROM MIGRAD    STATUS=CONVERGED      35 CALLS          36 TOTAL
                     EDM=8.48494e-07    STRATEGY= 1      ERROR MATRIX ACCURATE 
  EXT PARAMETER                                   STEP         FIRST   
  NO.   NAME      VALUE            ERROR          SIZE      DERIVATIVE 
   1  A_CBO        5.23788e-03   1.31255e-01   6.28923e-05  -2.38601e-05
   2  w_CBO        2.32712e+00   6.95454e-01   1.79180e-04  -2.56582e-03
   3  phi_CBO      2.25653e+00   4.15151e+00   3.09997e-03   1.51385e-04
 EXTERNAL ERROR MATRIX.    NDIM=  25    NPAR=  3    ERR DEF=1
  1.723e-02 -1.129e-01 -1.251e+01 
 -1.129e-01  1.996e+01  2.209e+03 
 -1.251e+01  2.209e+03  2.452e+05 
 PARAMETER  CORRELATION COEFFICIENTS  
       NO.  GLOBAL      1      2      3
        1  0.19262   1.000 -0.193 -0.192
        2  0.99876  -0.193  1.000  0.999
        3  0.99876  -0.192  0.999  1.000
setting A_CBO=0.005238 w_CBO=2.327125, phi_CBO=2.256530
done fitting cbo isolate
 **********
 **    1 **SET PRINTOUT            1
 **********
 **********
 **    2 **SET NOWARNINGS 
 **********
 PARAMETER DEFINITIONS:
    NO.   NAME         VALUE      STEP SIZE      LIMITS
     1 N0           3.07574e+06  1.00000e+02     no limits
     2 tau          6.44069e+01  constant
     3 A0           3.65045e-01  1.00000e-04     no limits
     4 phi          4.11943e+00  1.00000e-02     no limits
     5 R           -6.10412e+01  constant
     6 A_CBO        5.23788e-03  1.00000e-05     no limits
     7 w_CBO        2.32712e+00  1.00000e-03     no limits
     8 phi_CBO      2.25653e+00  1.00000e-04     no limits
     9 ANx2         1.88981e-04  constant
    10 pNx2         1.59299e+00  constant
    11 ANy1         0.00000e+00  constant
    12 pNy1         0.00000e+00  constant
    13 w_y          0.00000e+00  constant
    14 ANy2         1.39657e-02  1.00000e-04     no limits
    15 pNy2         4.84726e+00  constant
    16 w_vw         1.43184e+01  constant
    17 LM           1.57605e-04  constant
    18 wCBO_expCoeff   2.00000e+02  1.00000e+00     no limits
    19 wCBO_expOffset   2.00000e+02  1.00000e+00     no limits
    20 wCBO_expT    3.00000e+01  1.00000e+00     no limits
    21 wCBO_linCoeff   0.00000e+00  constant
    22 wCBO_const   0.00000e+00  1.00000e-02     no limits
MINUIT - FIT ONLY WIGGLE
 **********
 **    3 **FIX            5
 **********
 PARAMETER    5  IS CONSTANT.   IGNORED.
 **********
 **    4 **FIX            6
 **********
 **********
 **    5 **FIX            7
 **********
 **********
 **    6 **FIX            8
 **********
 **********
 **    7 **FIX            9
 **********
 PARAMETER    9  IS CONSTANT.   IGNORED.
 **********
 **    8 **FIX           10
 **********
 PARAMETER   10  IS CONSTANT.   IGNORED.
 **********
 **    9 **FIX           11
 **********
 PARAMETER   11  IS CONSTANT.   IGNORED.
 **********
 **   10 **FIX           12
 **********
 PARAMETER   12  IS CONSTANT.   IGNORED.
 **********
 **   11 **FIX           13
 **********
 PARAMETER   13  IS CONSTANT.   IGNORED.
 **********
 **   12 **FIX           14
 **********
 **********
 **   13 **FIX           15
 **********
 PARAMETER   15  IS CONSTANT.   IGNORED.
 **********
 **   14 **FIX           16
 **********
 PARAMETER   16  IS CONSTANT.   IGNORED.
 **********
 **   15 **MIGRAD
 **********
 FIRST CALL TO USER FUNCTION AT NEW START POINT, WITH IFLAG=4.
 START MIGRAD MINIMIZATION.  STRATEGY  1.  CONVERGENCE WHEN EDM .LT. 1.00e-04
 FCN=5481.2 FROM MIGRAD    STATUS=INITIATE       61 CALLS          62 TOTAL
                     EDM= unknown      STRATEGY= 1      NO ERROR MATRIX       
  EXT PARAMETER               CURRENT GUESS       STEP         FIRST   
  NO.   NAME      VALUE            ERROR          SIZE      DERIVATIVE 
   1  N0           3.07574e+06   1.00000e+02   0.00000e+00   3.82391e-03
   2  tau          6.44069e+01   constant   
   3  A0           3.65045e-01   1.00000e-04   0.00000e+00  -6.13905e+04
   4  phi          4.11943e+00   1.00000e-02   0.00000e+00  -9.00698e+02
   5  R           -6.10412e+01   constant   
   6  A_CBO        5.23788e-03     fixed    
   7  w_CBO        2.32712e+00     fixed    
   8  phi_CBO      2.25653e+00     fixed    
   9  ANx2         1.88981e-04   constant   
  10  pNx2         1.59299e+00   constant   
  11  ANy1         0.00000e+00   constant   
  12  pNy1         0.00000e+00   constant   
  13  w_y          0.00000e+00   constant   
  14  ANy2         1.39657e-02     fixed    
  15  pNy2         4.84726e+00   constant   
  16  w_vw         1.43184e+01   constant   
  17  LM           1.57605e-04   constant   
  18  wCBO_expCoeff   2.00000e+02   1.00000e+00  -3.69971e-04   7.63384e+05
  19  wCBO_expOffset   2.00000e+02   1.00000e+00   0.00000e+00  -3.76755e+05
  20  wCBO_expT    3.00000e+01   1.00000e+00   0.00000e+00  -4.68711e+06
  21  wCBO_linCoeff   0.00000e+00   constant   
  22  wCBO_const   0.00000e+00   1.00000e-02   0.00000e+00   3.65802e+04
 MIGRAD FAILS TO FIND IMPROVEMENT
 FCN=5369.91 FROM HESSE     STATUS=NOT POSDEF     56 CALLS         165 TOTAL
                     EDM=1741.2    STRATEGY= 1      ERR MATRIX NOT POS-DEF
  EXT PARAMETER                APPROXIMATE        STEP         FIRST   
  NO.   NAME      VALUE            ERROR          SIZE      DERIVATIVE 
   1  N0           3.07506e+06   3.96332e+02   1.57136e+01   7.25824e-04
   2  tau          6.44069e+01   constant   
   3  A0           3.66005e-01   7.21574e-04   6.91017e-06  -1.65771e+03
   4  phi          4.12141e+00   1.37514e-03   1.92206e-05  -3.56948e+03
   5  R           -6.10412e+01   constant   
   6  A_CBO        5.23788e-03     fixed    
   7  w_CBO        2.32712e+00     fixed    
   8  phi_CBO      2.25653e+00     fixed    
   9  ANx2         1.88981e-04   constant   
  10  pNx2         1.59299e+00   constant   
  11  ANy1         0.00000e+00   constant   
  12  pNy1         0.00000e+00   constant   
  13  w_y          0.00000e+00   constant   
  14  ANy2         1.39657e-02     fixed    
  15  pNy2         4.84726e+00   constant   
  16  w_vw         1.43184e+01   constant   
  17  LM           1.57605e-04   constant   
  18  wCBO_expCoeff   1.99999e+02   1.27921e-04   9.53672e-05   4.45333e+04
  19  wCBO_expOffset   2.00000e+02   3.28849e-05   9.53674e-05  -2.39575e+06
  20  wCBO_expT    3.00000e+01   9.70765e-06   1.43051e-05  -1.69817e+06
  21  wCBO_linCoeff   0.00000e+00   constant   
  22  wCBO_const  -2.07740e-03   3.01794e-04   1.11288e-05  -2.92504e+03
 MIGRAD FAILS TO FIND IMPROVEMENT
 MIGRAD TERMINATED WITHOUT CONVERGENCE.
 FCN=5369.91 FROM MIGRAD    STATUS=FAILED        175 CALLS         176 TOTAL
                     EDM=1741.2    STRATEGY= 1      ERR MATRIX NOT POS-DEF
  EXT PARAMETER                APPROXIMATE        STEP         FIRST   
  NO.   NAME      VALUE            ERROR          SIZE      DERIVATIVE 
   1  N0           3.07506e+06   3.96332e+02   0.00000e+00   7.25824e-04
   2  tau          6.44069e+01   constant   
   3  A0           3.66005e-01   7.21574e-04  -0.00000e+00  -1.65771e+03
   4  phi          4.12141e+00   1.37514e-03  -0.00000e+00  -3.56948e+03
   5  R           -6.10412e+01   constant   
   6  A_CBO        5.23788e-03     fixed    
   7  w_CBO        2.32712e+00     fixed    
   8  phi_CBO      2.25653e+00     fixed    
   9  ANx2         1.88981e-04   constant   
  10  pNx2         1.59299e+00   constant   
  11  ANy1         0.00000e+00   constant   
  12  pNy1         0.00000e+00   constant   
  13  w_y          0.00000e+00   constant   
  14  ANy2         1.39657e-02     fixed    
  15  pNy2         4.84726e+00   constant   
  16  w_vw         1.43184e+01   constant   
  17  LM           1.57605e-04   constant   
  18  wCBO_expCoeff   1.99999e+02   1.27921e-04   0.00000e+00   4.45333e+04
  19  wCBO_expOffset   2.00000e+02   3.28849e-05   0.00000e+00  -2.39575e+06
  20  wCBO_expT    3.00000e+01   9.70765e-06   0.00000e+00  -1.69817e+06
  21  wCBO_linCoeff   0.00000e+00   constant   
  22  wCBO_const  -2.07740e-03   3.01794e-04  -0.00000e+00  -2.92504e+03
 EXTERNAL ERROR MATRIX.    NDIM=  25    NPAR=  7    ERR DEF=1
  1.571e+05 -8.456e-02 -1.555e-01  1.560e-02  4.015e-03  1.179e-03 -8.271e-03 
 -8.456e-02  5.207e-07  9.006e-07 -8.906e-08 -2.306e-08 -6.802e-09  6.714e-08 
 -1.555e-01  9.006e-07  1.891e-06 -1.648e-07 -4.227e-08 -1.249e-08  9.864e-08 
  1.560e-02 -8.906e-08 -1.648e-07  1.636e-08  4.161e-09  1.234e-09 -1.310e-08 
  4.015e-03 -2.306e-08 -4.227e-08  4.161e-09  1.081e-09  3.172e-10 -3.056e-09 
  1.179e-03 -6.802e-09 -1.249e-08  1.234e-09  3.172e-10  9.424e-11 -8.273e-10 
 -8.271e-03  6.714e-08  9.864e-08 -1.310e-08 -3.056e-09 -8.273e-10  9.108e-08 
ERR MATRIX NOT POS-DEF
 PARAMETER  CORRELATION COEFFICIENTS  
       NO.  GLOBAL      1      3      4     18     19     20     22
        1  0.31402   1.000 -0.296 -0.285  0.308  0.308  0.306 -0.069
        3  0.97350  -0.296  1.000  0.908 -0.965 -0.972 -0.971  0.308
        4  0.94276  -0.285  0.908  1.000 -0.937 -0.935 -0.935  0.238
       18  0.99591   0.308 -0.965 -0.937  1.000  0.989  0.994 -0.339
       19  0.99459   0.308 -0.972 -0.935  0.989  1.000  0.994 -0.308
       20  0.99751   0.306 -0.971 -0.935  0.994  0.994  1.000 -0.282
       22  0.65537  -0.069  0.308  0.238 -0.339 -0.308 -0.282  1.000
 ERR MATRIX NOT POS-DEF
MINUIT - FIT ONLY 1-CBO + other amplitudes 
 **********
 **   16 **RES 
 **********
                   PARAMETER   14  ANy2 RESTORED TO VARIABLE.
                   PARAMETER    8  phi_CBO RESTORED TO VARIABLE.
                   PARAMETER    7  w_CBO RESTORED TO VARIABLE.
                   PARAMETER    6  A_CBO RESTORED TO VARIABLE.
 **********
 **   17 **FIX            0
 **********
 PARAMETER    0  IS UNDEFINED. IGNORED.
 **********
 **   18 **FIX            1
 **********
 **********
 **   19 **FIX            2
 **********
 PARAMETER    2  IS CONSTANT.   IGNORED.
 **********
 **   20 **FIX            3
 **********
 **********
 **   21 **FIX            4
 **********
 **********
 **   22 **FIX            9
 **********
 PARAMETER    9  IS CONSTANT.   IGNORED.
 **********
 **   23 **FIX           11
 **********
 PARAMETER   11  IS CONSTANT.   IGNORED.
 **********
 **   24 **FIX           12
 **********
 PARAMETER   12  IS CONSTANT.   IGNORED.
 **********
 **   25 **FIX           14
 **********
 **********
 **   26 **FIX           15
 **********
 PARAMETER   15  IS CONSTANT.   IGNORED.
 **********
 **   27 **FIX           16
 **********
 PARAMETER   16  IS CONSTANT.   IGNORED.
 **********
 **   28 **MIGRAD
 **********
 START MIGRAD MINIMIZATION.  STRATEGY  1.  CONVERGENCE WHEN EDM .LT. 1.00e-04
 FCN=5369.91 FROM MIGRAD    STATUS=INITIATE       22 CALLS         198 TOTAL
                     EDM= unknown      STRATEGY= 1      NO ERROR MATRIX       
  EXT PARAMETER               CURRENT GUESS       STEP         FIRST   
  NO.   NAME      VALUE            ERROR          SIZE      DERIVATIVE 
   1  N0           3.07506e+06     fixed    
   2  tau          6.44069e+01   constant   
   3  A0           3.66005e-01     fixed    
   4  phi          4.12141e+00     fixed    
   5  R           -6.10412e+01   constant   
   6  A_CBO        5.23788e-03   1.00000e-05   1.00000e-05   1.81844e+05
   7  w_CBO        2.32712e+00   1.00000e-03   1.00000e-03  -2.10754e+06
   8  phi_CBO      2.25653e+00   1.00000e-04   1.00000e-04   1.00075e+01
   9  ANx2         1.88981e-04   constant   
  10  pNx2         1.59299e+00   constant   
  11  ANy1         0.00000e+00   constant   
  12  pNy1         0.00000e+00   constant   
  13  w_y          0.00000e+00   constant   
  14  ANy2         1.39657e-02     fixed    
  15  pNy2         4.84726e+00   constant   
  16  w_vw         1.43184e+01   constant   
  17  LM           1.57605e-04   constant   
  18  wCBO_expCoeff   1.99999e+02   1.27921e-04   0.00000e+00  -2.44666e+04
  19  wCBO_expOffset   2.00000e+02   3.28849e-05   0.00000e+00  -2.54850e+05
  20  wCBO_expT    3.00000e+01   9.70765e-06   0.00000e+00   7.17357e+06
  21  wCBO_linCoeff   0.00000e+00   constant   
  22  wCBO_const  -2.07740e-03   3.01794e-04  -0.00000e+00  -2.92510e+03
 MIGRAD FAILS TO FIND IMPROVEMENT
 FCN=4987.71 FROM HESSE     STATUS=NOT POSDEF     58 CALLS         448 TOTAL
                     EDM=2162.78    STRATEGY= 1      ERR MATRIX NOT POS-DEF
  EXT PARAMETER                APPROXIMATE        STEP         FIRST   
  NO.   NAME      VALUE            ERROR          SIZE      DERIVATIVE 
   1  N0           3.07506e+06     fixed    
   2  tau          6.44069e+01   constant   
   3  A0           3.66005e-01     fixed    
   4  phi          4.12141e+00     fixed    
   5  R           -6.10412e+01   constant   
   6  A_CBO        1.35818e-03   9.75074e-04   6.75709e-06   1.99443e+04
   7  w_CBO        2.32713e+00   1.88856e-06   1.10966e-06   2.33847e+07
   8  phi_CBO      3.49263e+00   5.76807e-01   6.66666e-03  -3.47676e+01
   9  ANx2         1.88981e-04   constant   
  10  pNx2         1.59299e+00   constant   
  11  ANy1         0.00000e+00   constant   
  12  pNy1         0.00000e+00   constant   
  13  w_y          0.00000e+00   constant   
  14  ANy2         1.39657e-02     fixed    
  15  pNy2         4.84726e+00   constant   
  16  w_vw         1.43184e+01   constant   
  17  LM           1.57605e-04   constant   
  18  wCBO_expCoeff   2.00000e+02   1.62352e-04   9.53672e-05   2.72030e+05
  19  wCBO_expOffset   2.00000e+02   4.26822e-05   9.53674e-05   1.73661e+06
  20  wCBO_expT    3.00000e+01   1.57518e-05   1.43051e-05  -5.49145e+06
  21  wCBO_linCoeff   0.00000e+00   constant   
  22  wCBO_const   1.31849e-03   1.32564e-03   1.83965e-05   1.32054e+04
 MIGRAD FAILS TO FIND IMPROVEMENT
 MIGRAD TERMINATED WITHOUT CONVERGENCE.
 FCN=4977.51 FROM MIGRAD    STATUS=FAILED        449 CALLS         625 TOTAL
                     EDM=5.93043    STRATEGY= 1      ERR MATRIX NOT POS-DEF
  EXT PARAMETER                APPROXIMATE        STEP         FIRST   
  NO.   NAME      VALUE            ERROR          SIZE      DERIVATIVE 
   1  N0           3.07506e+06     fixed    
   2  tau          6.44069e+01   constant   
   3  A0           3.66005e-01     fixed    
   4  phi          4.12141e+00     fixed    
   5  R           -6.10412e+01   constant   
   6  A_CBO        1.40455e-03   1.85307e-04  -0.00000e+00   1.24848e+04
   7  w_CBO        2.32712e+00   3.87013e-07  -0.00000e+00  -4.03326e+06
   8  phi_CBO      3.69814e+00   1.23264e-01   0.00000e+00   9.47482e+00
   9  ANx2         1.88981e-04   constant   
  10  pNx2         1.59299e+00   constant   
  11  ANy1         0.00000e+00   constant   
  12  pNy1         0.00000e+00   constant   
  13  w_y          0.00000e+00   constant   
  14  ANy2         1.39657e-02     fixed    
  15  pNy2         4.84726e+00   constant   
  16  w_vw         1.43184e+01   constant   
  17  LM           1.57605e-04   constant   
  18  wCBO_expCoeff   1.99999e+02   3.32757e-05  -0.00000e+00  -4.69071e+04
  19  wCBO_expOffset   2.00000e+02   6.23320e-06  -0.00000e+00  -3.12645e+04
  20  wCBO_expT    3.00000e+01   4.15406e-06  -0.00000e+00   1.65634e+06
  21  wCBO_linCoeff   0.00000e+00   constant   
  22  wCBO_const   9.26713e-04   3.30379e-04   0.00000e+00  -3.97135e+03
 EXTERNAL ERROR MATRIX.    NDIM=  25    NPAR=  7    ERR DEF=1
  3.434e-08  2.614e-11 -1.509e-06  2.248e-09  3.017e-10  2.914e-10 -7.748e-09 
  2.614e-11  1.498e-13 -9.327e-09  8.695e-12  1.836e-12  1.365e-12 -2.063e-11 
 -1.509e-06 -9.327e-09  1.519e-02 -8.020e-07 -3.268e-07 -2.126e-07  1.071e-05 
  2.248e-09  8.695e-12 -8.020e-07  1.107e-09  1.579e-10  1.174e-10 -1.774e-09 
  3.017e-10  1.836e-12 -3.268e-07  1.579e-10  3.885e-11  2.392e-11  1.338e-10 
  2.914e-10  1.365e-12 -2.126e-07  1.174e-10  2.392e-11  1.726e-11  6.597e-11 
 -7.748e-09 -2.063e-11  1.071e-05 -1.774e-09  1.338e-10  6.597e-11  1.092e-07 
ERR MATRIX NOT POS-DEF
 PARAMETER  CORRELATION COEFFICIENTS  
       NO.  GLOBAL      6      7      8     18     19     20     22
        6  0.52948   1.000  0.365 -0.066  0.365  0.261  0.379 -0.127
        7  0.97521   0.365  1.000 -0.196  0.675  0.761  0.849 -0.161
        8  0.93292  -0.066 -0.196  1.000 -0.196 -0.425 -0.415  0.263
       18  0.97522   0.365  0.675 -0.196  1.000  0.761  0.849 -0.161
       19  0.93197   0.261  0.761 -0.425  0.761  1.000  0.924  0.065
       20  0.99449   0.379  0.849 -0.415  0.849  0.924  1.000  0.048
       22  0.93047  -0.127 -0.161  0.263 -0.161  0.065  0.048  1.000
 ERR MATRIX NOT POS-DEF
MINUIT - FIT ONLY 1-CBO
 **********
 **   29 **RES 
 **********
                   PARAMETER   14  ANy2 RESTORED TO VARIABLE.
                   PARAMETER    4  phi RESTORED TO VARIABLE.
                   PARAMETER    3  A0 RESTORED TO VARIABLE.
                   PARAMETER    1  N0 RESTORED TO VARIABLE.
 **********
 **   30 **FIX            0
 **********
 PARAMETER    0  IS UNDEFINED. IGNORED.
 **********
 **   31 **FIX            1
 **********
 **********
 **   32 **FIX            2
 **********
 PARAMETER    2  IS CONSTANT.   IGNORED.
 **********
 **   33 **FIX            3
 **********
 **********
 **   34 **FIX            4
 **********
 **********
 **   35 **FIX            8
 **********
 **********
 **   36 **FIX            9
 **********
 PARAMETER    9  IS CONSTANT.   IGNORED.
 **********
 **   37 **FIX           11
 **********
 PARAMETER   11  IS CONSTANT.   IGNORED.
 **********
 **   38 **FIX           12
 **********
 PARAMETER   12  IS CONSTANT.   IGNORED.
 **********
 **   39 **FIX           13
 **********
 PARAMETER   13  IS CONSTANT.   IGNORED.
 **********
 **   40 **FIX           15
 **********
 PARAMETER   15  IS CONSTANT.   IGNORED.
 **********
 **   41 **FIX           16
 **********
 PARAMETER   16  IS CONSTANT.   IGNORED.
 **********
 **   42 **MIGRAD
 **********
 START MIGRAD MINIMIZATION.  STRATEGY  1.  CONVERGENCE WHEN EDM .LT. 1.00e-04
 FCN=4977.51 FROM MIGRAD    STATUS=INITIATE       16 CALLS         641 TOTAL
                     EDM= unknown      STRATEGY= 1      NO ERROR MATRIX       
  EXT PARAMETER               CURRENT GUESS       STEP         FIRST   
  NO.   NAME      VALUE            ERROR          SIZE      DERIVATIVE 
   1  N0           3.07506e+06     fixed    
   2  tau          6.44069e+01   constant   
   3  A0           3.66005e-01     fixed    
   4  phi          4.12141e+00     fixed    
   5  R           -6.10412e+01   constant   
   6  A_CBO        1.40455e-03   1.85307e-04  -0.00000e+00   1.24848e+04
   7  w_CBO        2.32712e+00   3.87013e-07  -0.00000e+00  -4.03326e+06
   8  phi_CBO      3.69814e+00     fixed    
   9  ANx2         1.88981e-04   constant   
  10  pNx2         1.59299e+00   constant   
  11  ANy1         0.00000e+00   constant   
  12  pNy1         0.00000e+00   constant   
  13  w_y          0.00000e+00   constant   
  14  ANy2         1.39657e-02   1.00000e-04   1.00000e-04   6.36890e+05
  15  pNy2         4.84726e+00   constant   
  16  w_vw         1.43184e+01   constant   
  17  LM           1.57605e-04   constant   
  18  wCBO_expCoeff   1.99999e+02   3.32757e-05  -0.00000e+00  -4.69071e+04
  19  wCBO_expOffset   2.00000e+02   6.23320e-06  -0.00000e+00  -3.12645e+04
  20  wCBO_expT    3.00000e+01   4.15406e-06  -0.00000e+00   1.65634e+06
  21  wCBO_linCoeff   0.00000e+00   constant   
  22  wCBO_const   9.26713e-04   3.30379e-04   0.00000e+00  -3.97135e+03
 MIGRAD FAILS TO FIND IMPROVEMENT
 FCN=719.61 FROM HESSE     STATUS=NOT POSDEF     58 CALLS         812 TOTAL
                     EDM=49.6255    STRATEGY= 1      ERR MATRIX NOT POS-DEF
  EXT PARAMETER                APPROXIMATE        STEP         FIRST   
  NO.   NAME      VALUE            ERROR          SIZE      DERIVATIVE 
   1  N0           3.07506e+06     fixed    
   2  tau          6.44069e+01   constant   
   3  A0           3.66005e-01     fixed    
   4  phi          4.12141e+00     fixed    
   5  R           -6.10412e+01   constant   
   6  A_CBO       -4.83676e-05   1.57956e-03   2.79273e-06   2.56277e+02
   7  w_CBO        2.32712e+00   1.21947e-06   1.10966e-06   5.41131e+04
   8  phi_CBO      3.69814e+00     fixed    
   9  ANx2         1.88981e-04   constant   
  10  pNx2         1.59299e+00   constant   
  11  ANy1         0.00000e+00   constant   
  12  pNy1         0.00000e+00   constant   
  13  w_y          0.00000e+00   constant   
  14  ANy2         6.26954e-04   1.63151e-04   2.66625e-06  -4.61229e+01
  15  pNy2         4.84726e+00   constant   
  16  w_vw         1.43184e+01   constant   
  17  LM           1.57605e-04   constant   
  18  wCBO_expCoeff   1.99999e+02   1.04786e-04   9.53671e-05   6.30199e+02
  19  wCBO_expOffset   2.00000e+02   7.59602e-04   9.53674e-05  -2.20078e+04
  20  wCBO_expT    3.00000e+01   2.40610e-05   1.43051e-05   4.55202e+04
  21  wCBO_linCoeff   0.00000e+00   constant   
  22  wCBO_const   9.97358e-05   9.42548e-03   1.32749e-05  -1.09672e+02
 MIGRAD FAILS TO FIND IMPROVEMENT
 MIGRAD TERMINATED WITHOUT CONVERGENCE.
 FCN=719.61 FROM MIGRAD    STATUS=FAILED        198 CALLS         823 TOTAL
                     EDM=49.6255    STRATEGY= 1      ERR MATRIX NOT POS-DEF
  EXT PARAMETER                APPROXIMATE        STEP         FIRST   
  NO.   NAME      VALUE            ERROR          SIZE      DERIVATIVE 
   1  N0           3.07506e+06     fixed    
   2  tau          6.44069e+01   constant   
   3  A0           3.66005e-01     fixed    
   4  phi          4.12141e+00     fixed    
   5  R           -6.10412e+01   constant   
   6  A_CBO       -4.83676e-05   1.57956e-03   0.00000e+00   2.56277e+02
   7  w_CBO        2.32712e+00   1.21947e-06   0.00000e+00   5.41131e+04
   8  phi_CBO      3.69814e+00     fixed    
   9  ANx2         1.88981e-04   constant   
  10  pNx2         1.59299e+00   constant   
  11  ANy1         0.00000e+00   constant   
  12  pNy1         0.00000e+00   constant   
  13  w_y          0.00000e+00   constant   
  14  ANy2         6.26954e-04   1.63151e-04   0.00000e+00  -4.61229e+01
  15  pNy2         4.84726e+00   constant   
  16  w_vw         1.43184e+01   constant   
  17  LM           1.57605e-04   constant   
  18  wCBO_expCoeff   1.99999e+02   1.04786e-04   0.00000e+00   6.30199e+02
  19  wCBO_expOffset   2.00000e+02   7.59602e-04   0.00000e+00  -2.20078e+04
  20  wCBO_expT    3.00000e+01   2.40610e-05   0.00000e+00   4.55202e+04
  21  wCBO_linCoeff   0.00000e+00   constant   
  22  wCBO_const   9.97358e-05   9.42548e-03  -0.00000e+00  -1.09672e+02
 EXTERNAL ERROR MATRIX.    NDIM=  25    NPAR=  7    ERR DEF=1
  2.495e-06  1.708e-09  5.999e-08  1.468e-07  1.193e-06  3.744e-08 -1.470e-05 
  1.708e-09  1.487e-12  4.293e-11  1.064e-10  8.301e-10  2.673e-11 -1.054e-08 
  5.999e-08  4.293e-11  2.662e-08  3.688e-09  2.862e-08  9.104e-10 -3.525e-07 
  1.468e-07  1.064e-10  3.688e-09  1.098e-08  7.132e-08  2.296e-09 -9.059e-07 
  1.193e-06  8.301e-10  2.862e-08  7.132e-08  5.770e-07  1.810e-08 -7.110e-06 
  3.744e-08  2.673e-11  9.104e-10  2.296e-09  1.810e-08  5.789e-10 -2.245e-07 
 -1.470e-05 -1.054e-08 -3.525e-07 -9.059e-07 -7.110e-06 -2.245e-07  8.884e-05 
ERR MATRIX NOT POS-DEF
 PARAMETER  CORRELATION COEFFICIENTS  
       NO.  GLOBAL      6      7     14     18     19     20     22
        6  0.99446   1.000  0.887  0.233  0.887  0.994  0.985 -0.987
        7  0.93556   0.887  1.000  0.216  0.833  0.896  0.911 -0.917
       14  0.23693   0.233  0.216  1.000  0.216  0.231  0.232 -0.229
       18  0.93551   0.887  0.833  0.216  1.000  0.896  0.911 -0.917
       19  0.99746   0.994  0.896  0.231  0.896  1.000  0.991 -0.993
       20  0.99301   0.985  0.911  0.232  0.911  0.991  1.000 -0.990
       22  0.99649  -0.987 -0.917 -0.229 -0.917 -0.993 -0.990  1.000
 ERR MATRIX NOT POS-DEF
MINUIT - FIT ONLY 2-CBO
 **********
 **   43 **RES 
 **********
                   PARAMETER    8  phi_CBO RESTORED TO VARIABLE.
                   PARAMETER    4  phi RESTORED TO VARIABLE.
                   PARAMETER    3  A0 RESTORED TO VARIABLE.
                   PARAMETER    1  N0 RESTORED TO VARIABLE.
 **********
 **   44 **FIX            0
 **********
 PARAMETER    0  IS UNDEFINED. IGNORED.
 **********
 **   45 **FIX            1
 **********
 **********
 **   46 **FIX            2
 **********
 PARAMETER    2  IS CONSTANT.   IGNORED.
 **********
 **   47 **FIX            3
 **********
 **********
 **   48 **FIX            4
 **********
 **********
 **   49 **FIX            5
 **********
 PARAMETER    5  IS CONSTANT.   IGNORED.
 **********
 **   50 **FIX            6
 **********
 **********
 **   51 **FIX            7
 **********
 **********
 **   52 **FIX           10
 **********
 PARAMETER   10  IS CONSTANT.   IGNORED.
 **********
 **   53 **FIX           11
 **********
 PARAMETER   11  IS CONSTANT.   IGNORED.
 **********
 **   54 **FIX           12
 **********
 PARAMETER   12  IS CONSTANT.   IGNORED.
 **********
 **   55 **FIX           13
 **********
 PARAMETER   13  IS CONSTANT.   IGNORED.
 **********
 **   56 **FIX           14
 **********
 **********
 **   57 **FIX           15
 **********
 PARAMETER   15  IS CONSTANT.   IGNORED.
 **********
 **   58 **FIX           16
 **********
 PARAMETER   16  IS CONSTANT.   IGNORED.
 **********
 **   59 **MIGRAD
 **********
 START MIGRAD MINIMIZATION.  STRATEGY  1.  CONVERGENCE WHEN EDM .LT. 1.00e-04
 FCN=719.61 FROM MIGRAD    STATUS=INITIATE       12 CALLS         835 TOTAL
                     EDM= unknown      STRATEGY= 1      NO ERROR MATRIX       
  EXT PARAMETER               CURRENT GUESS       STEP         FIRST   
  NO.   NAME      VALUE            ERROR          SIZE      DERIVATIVE 
   1  N0           3.07506e+06     fixed    
   2  tau          6.44069e+01   constant   
   3  A0           3.66005e-01     fixed    
   4  phi          4.12141e+00     fixed    
   5  R           -6.10412e+01   constant   
   6  A_CBO       -4.83676e-05     fixed    
   7  w_CBO        2.32712e+00     fixed    
   8  phi_CBO      3.69814e+00   1.23264e-01   1.23264e-01   3.60934e-01
   9  ANx2         1.88981e-04   constant   
  10  pNx2         1.59299e+00   constant   
  11  ANy1         0.00000e+00   constant   
  12  pNy1         0.00000e+00   constant   
  13  w_y          0.00000e+00   constant   
  14  ANy2         6.26954e-04     fixed    
  15  pNy2         4.84726e+00   constant   
  16  w_vw         1.43184e+01   constant   
  17  LM           1.57605e-04   constant   
  18  wCBO_expCoeff   1.99999e+02   1.04786e-04   0.00000e+00  -9.01239e+02
  19  wCBO_expOffset   2.00000e+02   7.59602e-04   0.00000e+00   1.80057e+04
  20  wCBO_expT    3.00000e+01   2.40610e-05   0.00000e+00   9.04038e+04
  21  wCBO_linCoeff   0.00000e+00   constant   
  22  wCBO_const   9.97358e-05   9.42548e-03  -0.00000e+00  -1.09672e+02
 MIGRAD FAILS TO FIND IMPROVEMENT
 FCN=719.601 FROM HESSE     STATUS=NOT POSDEF     37 CALLS         912 TOTAL
                     EDM=37.5462    STRATEGY= 1      ERR MATRIX NOT POS-DEF
  EXT PARAMETER                APPROXIMATE        STEP         FIRST   
  NO.   NAME      VALUE            ERROR          SIZE      DERIVATIVE 
   1  N0           3.07506e+06     fixed    
   2  tau          6.44069e+01   constant   
   3  A0           3.66005e-01     fixed    
   4  phi          4.12141e+00     fixed    
   5  R           -6.10412e+01   constant   
   6  A_CBO       -4.83676e-05     fixed    
   7  w_CBO        2.32712e+00     fixed    
   8  phi_CBO      3.63669e+00   3.27034e+01   4.91484e-02   3.52417e-01
   9  ANx2         1.88981e-04   constant   
  10  pNx2         1.59299e+00   constant   
  11  ANy1         0.00000e+00   constant   
  12  pNy1         0.00000e+00   constant   
  13  w_y          0.00000e+00   constant   
  14  ANy2         6.26954e-04     fixed    
  15  pNy2         4.84726e+00   constant   
  16  w_vw         1.43184e+01   constant   
  17  LM           1.57605e-04   constant   
  18  wCBO_expCoeff   1.99999e+02   1.28566e-04   9.53671e-05  -4.97118e+03
  19  wCBO_expOffset   2.00000e+02   8.24461e-04   9.53674e-05  -3.48805e+04
  20  wCBO_expT    3.00000e+01   2.42737e-05   1.43051e-05   1.13833e+05
  21  wCBO_linCoeff   0.00000e+00   constant   
  22  wCBO_const   1.02623e-04   8.23123e-03   1.32682e-05  -3.58459e+02
 MIGRAD FAILS TO FIND IMPROVEMENT
 MIGRAD TERMINATED WITHOUT CONVERGENCE.
 FCN=719.384 FROM MIGRAD    STATUS=FAILED        131 CALLS         954 TOTAL
                     EDM=3.91728    STRATEGY= 1      ERR MATRIX NOT POS-DEF
  EXT PARAMETER                APPROXIMATE        STEP         FIRST   
  NO.   NAME      VALUE            ERROR          SIZE      DERIVATIVE 
   1  N0           3.07506e+06     fixed    
   2  tau          6.44069e+01   constant   
   3  A0           3.66005e-01     fixed    
   4  phi          4.12141e+00     fixed    
   5  R           -6.10412e+01   constant   
   6  A_CBO       -4.83676e-05     fixed    
   7  w_CBO        2.32712e+00     fixed    
   8  phi_CBO      2.65532e+00   2.73591e+00  -0.00000e+00   5.92131e-02
   9  ANx2         1.88981e-04   constant   
  10  pNx2         1.59299e+00   constant   
  11  ANy1         0.00000e+00   constant   
  12  pNy1         0.00000e+00   constant   
  13  w_y          0.00000e+00   constant   
  14  ANy2         6.26954e-04     fixed    
  15  pNy2         4.84726e+00   constant   
  16  w_vw         1.43184e+01   constant   
  17  LM           1.57605e-04   constant   
  18  wCBO_expCoeff   1.99999e+02   4.48010e-05  -0.00000e+00   4.35121e+03
  19  wCBO_expOffset   2.00000e+02   4.96319e-06  -0.00000e+00   2.20468e+04
  20  wCBO_expT    3.00000e+01   3.22536e-06  -0.00000e+00   7.71967e+04
  21  wCBO_linCoeff   0.00000e+00   constant   
  22  wCBO_const   1.88264e-04   9.33324e-04   0.00000e+00   1.89788e+02
 EXTERNAL ERROR MATRIX.    NDIM=  25    NPAR=  5    ERR DEF=1
  7.485e+00  2.899e-05  1.701e-06  3.025e-06  2.723e-05 
  2.899e-05  2.007e-09  2.378e-11  5.347e-11 -2.451e-08 
  1.701e-06  2.378e-11  2.463e-11  6.548e-12 -1.873e-09 
  3.025e-06  5.347e-11  6.548e-12  1.040e-11 -9.125e-10 
  2.723e-05 -2.451e-08 -1.873e-09 -9.125e-10  8.711e-07 
ERR MATRIX NOT POS-DEF
 PARAMETER  CORRELATION COEFFICIENTS  
       NO.  GLOBAL      8     18     19     20     22
        8  0.43168   1.000  0.237  0.125  0.343  0.011
       18  0.68419   0.237  1.000  0.107  0.370 -0.586
       19  0.56512   0.125  0.107  1.000  0.409 -0.404
       20  0.57084   0.343  0.370  0.409  1.000 -0.303
       22  0.70549   0.011 -0.586 -0.404 -0.303  1.000
 ERR MATRIX NOT POS-DEF
MINUIT - FIT ONLY 1-y
 **********
 **   60 **RES 
 **********
                   PARAMETER   14  ANy2 RESTORED TO VARIABLE.
                   PARAMETER    7  w_CBO RESTORED TO VARIABLE.
                   PARAMETER    6  A_CBO RESTORED TO VARIABLE.
                   PARAMETER    4  phi RESTORED TO VARIABLE.
                   PARAMETER    3  A0 RESTORED TO VARIABLE.
                   PARAMETER    1  N0 RESTORED TO VARIABLE.
 **********
 **   61 **FIX            0
 **********
 PARAMETER    0  IS UNDEFINED. IGNORED.
 **********
 **   62 **FIX            1
 **********
 **********
 **   63 **FIX            2
 **********
 PARAMETER    2  IS CONSTANT.   IGNORED.
 **********
 **   64 **FIX            3
 **********
 **********
 **   65 **FIX            4
 **********
 **********
 **   66 **FIX            5
 **********
 PARAMETER    5  IS CONSTANT.   IGNORED.
 **********
 **   67 **FIX            6
 **********
 **********
 **   68 **FIX            7
 **********
 **********
 **   69 **FIX            8
 **********
 **********
 **   70 **FIX            9
 **********
 PARAMETER    9  IS CONSTANT.   IGNORED.
 **********
 **   71 **FIX           13
 **********
 PARAMETER   13  IS CONSTANT.   IGNORED.
 **********
 **   72 **FIX           14
 **********
 **********
 **   73 **FIX           15
 **********
 PARAMETER   15  IS CONSTANT.   IGNORED.
 **********
 **   74 **FIX           16
 **********
 PARAMETER   16  IS CONSTANT.   IGNORED.
 **********
 **   75 **MIGRAD
 **********
 START MIGRAD MINIMIZATION.  STRATEGY  1.  CONVERGENCE WHEN EDM .LT. 1.00e-04
 FCN=719.384 FROM MIGRAD    STATUS=INITIATE        8 CALLS         962 TOTAL
                     EDM= unknown      STRATEGY= 1      NO ERROR MATRIX       
  EXT PARAMETER               CURRENT GUESS       STEP         FIRST   
  NO.   NAME      VALUE            ERROR          SIZE      DERIVATIVE 
   1  N0           3.07506e+06     fixed    
   2  tau          6.44069e+01   constant   
   3  A0           3.66005e-01     fixed    
   4  phi          4.12141e+00     fixed    
   5  R           -6.10412e+01   constant   
   6  A_CBO       -4.83676e-05     fixed    
   7  w_CBO        2.32712e+00     fixed    
   8  phi_CBO      2.65532e+00     fixed    
   9  ANx2         1.88981e-04   constant   
  10  pNx2         1.59299e+00   constant   
  11  ANy1         0.00000e+00   constant   
  12  pNy1         0.00000e+00   constant   
  13  w_y          0.00000e+00   constant   
  14  ANy2         6.26954e-04     fixed    
  15  pNy2         4.84726e+00   constant   
  16  w_vw         1.43184e+01   constant   
  17  LM           1.57605e-04   constant   
  18  wCBO_expCoeff   1.99999e+02   4.48010e-05  -0.00000e+00   4.35121e+03
  19  wCBO_expOffset   2.00000e+02   4.96319e-06  -0.00000e+00   2.20468e+04
  20  wCBO_expT    3.00000e+01   3.22536e-06  -0.00000e+00   7.71967e+04
  21  wCBO_linCoeff   0.00000e+00   constant   
  22  wCBO_const   1.88264e-04   9.33324e-04   0.00000e+00   1.89788e+02
 MIGRAD FAILS TO FIND IMPROVEMENT
 COVARIANCE MATRIX CALCULATED SUCCESSFULLY
 FCN=715.099 FROM HESSE     STATUS=OK             23 CALLS        1086 TOTAL
                     EDM=0.398531    STRATEGY= 1      ERROR MATRIX ACCURATE 
  EXT PARAMETER                                   STEP         FIRST   
  NO.   NAME      VALUE            ERROR          SIZE      DERIVATIVE 
   1  N0           3.07506e+06     fixed    
   2  tau          6.44069e+01   constant   
   3  A0           3.66005e-01     fixed    
   4  phi          4.12141e+00     fixed    
   5  R           -6.10412e+01   constant   
   6  A_CBO       -4.83676e-05     fixed    
   7  w_CBO        2.32712e+00     fixed    
   8  phi_CBO      2.65532e+00     fixed    
   9  ANx2         1.88981e-04   constant   
  10  pNx2         1.59299e+00   constant   
  11  ANy1         0.00000e+00   constant   
  12  pNy1         0.00000e+00   constant   
  13  w_y          0.00000e+00   constant   
  14  ANy2         6.26954e-04     fixed    
  15  pNy2         4.84726e+00   constant   
  16  w_vw         1.43184e+01   constant   
  17  LM           1.57605e-04   constant   
  18  wCBO_expCoeff   1.98796e+02   8.13722e+00   9.47931e-04  -1.08871e+01
  19  wCBO_expOffset   1.82096e+02   3.90982e-01   8.68303e-05   1.54202e+02
  20  wCBO_expT   -1.40354e+01   5.97796e-02   2.20191e-05   7.41495e+02
  21  wCBO_linCoeff   0.00000e+00   constant   
  22  wCBO_const   6.83822e-01   5.73153e-03   1.17860e-05  -1.38175e+03
 MIGRAD MINIMIZATION HAS CONVERGED.
 MIGRAD WILL VERIFY CONVERGENCE AND ERROR MATRIX.
 FCN=714.68 FROM MIGRAD    STATUS=CONVERGED     249 CALLS        1203 TOTAL
                     EDM=9.00692e-07    STRATEGY= 1      ERR MATRIX NOT POS-DEF
  EXT PARAMETER                APPROXIMATE        STEP         FIRST   
  NO.   NAME      VALUE            ERROR          SIZE      DERIVATIVE 
   1  N0           3.07506e+06     fixed    
   2  tau          6.44069e+01   constant   
   3  A0           3.66005e-01     fixed    
   4  phi          4.12141e+00     fixed    
   5  R           -6.10412e+01   constant   
   6  A_CBO       -4.83676e-05     fixed    
   7  w_CBO        2.32712e+00     fixed    
   8  phi_CBO      2.65532e+00     fixed    
   9  ANx2         1.88981e-04   constant   
  10  pNx2         1.59299e+00   constant   
  11  ANy1         0.00000e+00   constant   
  12  pNy1         0.00000e+00   constant   
  13  w_y          0.00000e+00   constant   
  14  ANy2         6.26954e-04     fixed    
  15  pNy2         4.84726e+00   constant   
  16  w_vw         1.43184e+01   constant   
  17  LM           1.57605e-04   constant   
  18  wCBO_expCoeff   1.94258e+02   1.39214e+00   1.43437e-03  -7.31141e-03
  19  wCBO_expOffset   1.81965e+02   1.00014e-01   1.03944e-04   1.00830e-01
  20  wCBO_expT   -1.40852e+01   2.23092e-02   2.16623e-05   4.47695e-01
  21  wCBO_linCoeff   0.00000e+00   constant   
  22  wCBO_const   6.79336e-01   3.22340e-03   1.07828e-05  -4.86266e-01
 EXTERNAL ERROR MATRIX.    NDIM=  25    NPAR=  4    ERR DEF=1
  1.938e+00  8.203e-02  1.384e-02  8.893e-04 
  8.203e-02  1.000e-02 -9.573e-04 -6.076e-05 
  1.384e-02 -9.573e-04  4.977e-04  4.598e-05 
  8.893e-04 -6.076e-05  4.598e-05  1.039e-05 
ERR MATRIX NOT POS-DEF
 PARAMETER  CORRELATION COEFFICIENTS  
       NO.  GLOBAL     18     19     20     22
       18  0.99690   1.000  0.589  0.446  0.198
       19  0.99684   0.589  1.000 -0.429 -0.188
       20  0.99724   0.446 -0.429  1.000  0.639
       22  0.96679   0.198 -0.188  0.639  1.000
 ERR MATRIX NOT POS-DEF
MINUIT - FIT ONLY 2-y
 **********
 **   76 **RES 
 **********
                   PARAMETER   14  ANy2 RESTORED TO VARIABLE.
                   PARAMETER    8  phi_CBO RESTORED TO VARIABLE.
                   PARAMETER    7  w_CBO RESTORED TO VARIABLE.
                   PARAMETER    6  A_CBO RESTORED TO VARIABLE.
                   PARAMETER    4  phi RESTORED TO VARIABLE.
                   PARAMETER    3  A0 RESTORED TO VARIABLE.
