 + ++++++++++++++++++++++++++++++++++++++++++++++++++++++++++++++++++++ +
 +                                                                      +
 +           You have chose to blind your fitting according to          +
 +                omega_ref * (1 + (R +/- deltaR) *10^{-6})             +
 +                                                                      +
 + ++++++++++++++++++++++++++++++++++++++++++++++++++++++++++++++++++++ +
In main()...
reading format from /gm2data/zkhechad/run45/envelope/formats/formatB_sBin_constraintOn.txt
pBinTau 	= 0  
pBinPhi 	= 0  
constraintau 	= 1 
includeMopTerm 	= 0    
constrainMop    = 0   
Parameters after format file: pBinTau 0 pBinPhi 0 constraintau 1 includeMopTerm 0 constrainMop 0 c_e_scale 0.000000 
reading cbo reference file (full fit) from /gm2data/zkhechad/cboTemplates/Run4CBOTemplates/fullFits/run4/sBin_constraintOn_cE0.0_seed0_run4_calo14.root
A_CBO 0.007725 w_CBO 2.327367 phi_CBO 5.940248 N0 3305546.525918 R -60.591491 tau 64.400381 
Reading cboRef file /gm2data/zkhechad/cboTemplates/Run4CBOTemplates//cboIsolate/run4_calo14.root
deltaT 164.120000
windowBins = 1100
fitting sliding window 2600 from bin 2803 at 418.207600 to bin 3903 at 582.327600 (1100 bins)

Reading data from /gm2data/cornell/histograms/aMethod/histogram_a_run4.root
fitting cbo isolate
 **********
 **    1 **SET PRINTOUT            1
 **********
 **********
 **    2 **SET NOWARNINGS 
 **********
 PARAMETER DEFINITIONS:
    NO.   NAME         VALUE      STEP SIZE      LIMITS
     1 A_CBO        7.72458e-03  1.00000e-05     no limits
     2 w_CBO        2.32737e+00  1.00000e-02    2.00000e+00  3.00000e+00
     3 phi_CBO      5.94025e+00  1.00000e-02    0.00000e+00  6.28319e+00
 **********
 **    3 **MIGRAD
 **********
 FIRST CALL TO USER FUNCTION AT NEW START POINT, WITH IFLAG=4.
 START MIGRAD MINIMIZATION.  STRATEGY  1.  CONVERGENCE WHEN EDM .LT. 1.00e-04
 FCN=0.435722 FROM MIGRAD    STATUS=INITIATE       12 CALLS          13 TOTAL
                     EDM= unknown      STRATEGY= 1      NO ERROR MATRIX       
  EXT PARAMETER               CURRENT GUESS       STEP         FIRST   
  NO.   NAME      VALUE            ERROR          SIZE      DERIVATIVE 
   1  A_CBO        7.72458e-03   1.00000e-05   1.00000e-05   7.06152e+00
   2  w_CBO        2.32737e+00   1.00000e-02   2.13128e-02   4.31232e+00
   3  phi_CBO      5.94025e+00   1.00000e-02   7.00705e-03  -2.55717e-02
 MIGRAD MINIMIZATION HAS CONVERGED.
 MIGRAD WILL VERIFY CONVERGENCE AND ERROR MATRIX.
 COVARIANCE MATRIX CALCULATED SUCCESSFULLY
 FCN=0.410563 FROM HESSE     STATUS=OK             16 CALLS          64 TOTAL
                     EDM=0.00010425    STRATEGY= 1      ERROR MATRIX ACCURATE 
  EXT PARAMETER                                   STEP         FIRST   
  NO.   NAME      VALUE            ERROR          SIZE      DERIVATIVE 
   1  A_CBO        2.53336e-03   4.47031e-02   2.47207e-05   1.19547e-02
   2  w_CBO        2.32580e+00   6.59455e-01   4.27357e-05   1.56196e-03
   3  phi_CBO      6.17221e+00   5.84294e+00   1.20909e-02   6.10928e-05
 MIGRAD MINIMIZATION HAS CONVERGED.
 MIGRAD WILL VERIFY CONVERGENCE AND ERROR MATRIX.
 COVARIANCE MATRIX CALCULATED SUCCESSFULLY
 FCN=0.410506 FROM MIGRAD    STATUS=CONVERGED     148 CALLS         149 TOTAL
                     EDM=8.91743e-06    STRATEGY= 1      ERROR MATRIX ACCURATE 
  EXT PARAMETER                                   STEP         FIRST   
  NO.   NAME      VALUE            ERROR          SIZE      DERIVATIVE 
   1  A_CBO        2.57924e-03   4.28527e-02   2.47122e-05   4.02506e-02
   2  w_CBO        2.32362e+00   2.46836e-01   4.02804e-05   3.86914e-02
   3  phi_CBO      5.02962e+00   5.61713e+00   4.04231e-03  -3.48183e-04
 EXTERNAL ERROR MATRIX.    NDIM=  25    NPAR=  3    ERR DEF=1
  1.836e-03 -1.165e-03 -5.771e-01 
 -1.165e-03  6.761e-02  3.414e+01 
 -5.771e-01  3.414e+01  1.751e+04 
 PARAMETER  CORRELATION COEFFICIENTS  
       NO.  GLOBAL      1      2      3
        1  0.10571   1.000 -0.105 -0.102
        2  0.99210  -0.105  1.000  0.992
        3  0.99210  -0.102  0.992  1.000
setting A_CBO=0.002579 w_CBO=2.323615, phi_CBO=5.029618
done fitting cbo isolate
 **********
 **    1 **SET PRINTOUT            1
 **********
 **********
 **    2 **SET NOWARNINGS 
 **********
 PARAMETER DEFINITIONS:
    NO.   NAME         VALUE      STEP SIZE      LIMITS
     1 N0           3.30555e+06  1.00000e+02     no limits
     2 tau          6.44004e+01  constant
     3 A0           3.62072e-01  1.00000e-04     no limits
     4 phi          4.12124e+00  1.00000e-02     no limits
     5 R           -6.05915e+01  constant
     6 A_CBO        2.57924e-03  1.00000e-05     no limits
     7 w_CBO        2.32362e+00  1.00000e-03     no limits
     8 phi_CBO      5.02962e+00  1.00000e-04     no limits
     9 ANx2         3.16430e-04  constant
    10 pNx2         2.82055e+00  constant
    11 ANy1         0.00000e+00  constant
    12 pNy1         0.00000e+00  constant
    13 w_y          0.00000e+00  constant
    14 ANy2         7.39162e-03  1.00000e-04     no limits
    15 pNy2         2.23607e+00  constant
    16 w_vw         1.43191e+01  constant
    17 LM          -1.34420e-04  constant
    18 wCBO_expCoeff   2.00000e+02  1.00000e+00     no limits
    19 wCBO_expOffset   2.00000e+02  1.00000e+00     no limits
    20 wCBO_expT    3.00000e+01  1.00000e+00     no limits
    21 wCBO_linCoeff   0.00000e+00  constant
    22 wCBO_const   0.00000e+00  1.00000e-02     no limits
MINUIT - FIT ONLY WIGGLE
 **********
 **    3 **FIX            5
 **********
 PARAMETER    5  IS CONSTANT.   IGNORED.
 **********
 **    4 **FIX            6
 **********
 **********
 **    5 **FIX            7
 **********
 **********
 **    6 **FIX            8
 **********
 **********
 **    7 **FIX            9
 **********
 PARAMETER    9  IS CONSTANT.   IGNORED.
 **********
 **    8 **FIX           10
 **********
 PARAMETER   10  IS CONSTANT.   IGNORED.
 **********
 **    9 **FIX           11
 **********
 PARAMETER   11  IS CONSTANT.   IGNORED.
 **********
 **   10 **FIX           12
 **********
 PARAMETER   12  IS CONSTANT.   IGNORED.
 **********
 **   11 **FIX           13
 **********
 PARAMETER   13  IS CONSTANT.   IGNORED.
 **********
 **   12 **FIX           14
 **********
 **********
 **   13 **FIX           15
 **********
 PARAMETER   15  IS CONSTANT.   IGNORED.
 **********
 **   14 **FIX           16
 **********
 PARAMETER   16  IS CONSTANT.   IGNORED.
 **********
 **   15 **MIGRAD
 **********
 FIRST CALL TO USER FUNCTION AT NEW START POINT, WITH IFLAG=4.
 START MIGRAD MINIMIZATION.  STRATEGY  1.  CONVERGENCE WHEN EDM .LT. 1.00e-04
 FCN=342.682 FROM MIGRAD    STATUS=INITIATE       86 CALLS          87 TOTAL
                     EDM= unknown      STRATEGY= 1      NO ERROR MATRIX       
  EXT PARAMETER               CURRENT GUESS       STEP         FIRST   
  NO.   NAME      VALUE            ERROR          SIZE      DERIVATIVE 
   1  N0           3.30555e+06   1.00000e+02   0.00000e+00   1.32571e-04
   2  tau          6.44004e+01   constant   
   3  A0           3.62072e-01   1.00000e-04   0.00000e+00  -1.55957e+03
   4  phi          4.12124e+00   1.00000e-02   0.00000e+00  -3.60160e+02
   5  R           -6.05915e+01   constant   
   6  A_CBO        2.57924e-03     fixed    
   7  w_CBO        2.32362e+00     fixed    
   8  phi_CBO      5.02962e+00     fixed    
   9  ANx2         3.16430e-04   constant   
  10  pNx2         2.82055e+00   constant   
  11  ANy1         0.00000e+00   constant   
  12  pNy1         0.00000e+00   constant   
  13  w_y          0.00000e+00   constant   
  14  ANy2         7.39162e-03     fixed    
  15  pNy2         2.23607e+00   constant   
  16  w_vw         1.43191e+01   constant   
  17  LM          -1.34420e-04   constant   
  18  wCBO_expCoeff   1.90991e+02   1.00000e+00  -5.38595e+00   1.03299e+00
  19  wCBO_expOffset   2.00000e+02   1.00000e+00   0.00000e+00   6.57641e+00
  20  wCBO_expT    3.00000e+01   1.00000e+00   0.00000e+00   5.17365e+01
  21  wCBO_linCoeff   0.00000e+00   constant   
  22  wCBO_const   0.00000e+00   1.00000e-02   0.00000e+00   4.96559e+03
 MIGRAD MINIMIZATION HAS CONVERGED.
 FCN=335.913 FROM MIGRAD    STATUS=CONVERGED     282 CALLS         283 TOTAL
                     EDM=9.00151e-08    STRATEGY= 1  ERROR MATRIX UNCERTAINTY   0.4 per cent
  EXT PARAMETER                                   STEP         FIRST   
  NO.   NAME      VALUE            ERROR          SIZE      DERIVATIVE 
   1  N0           3.30486e+06   2.81160e+03  -1.69162e+00   1.34655e-07
   2  tau          6.44004e+01   constant   
   3  A0           3.62876e-01   1.12400e-03  -2.96457e-06   8.98324e-02
   4  phi          4.12232e+00   3.19552e-03  -1.34275e-06  -4.34036e-02
   5  R           -6.05915e+01   constant   
   6  A_CBO        2.57924e-03     fixed    
   7  w_CBO        2.32362e+00     fixed    
   8  phi_CBO      5.02962e+00     fixed    
   9  ANx2         3.16430e-04   constant   
  10  pNx2         2.82055e+00   constant   
  11  ANy1         0.00000e+00   constant   
  12  pNy1         0.00000e+00   constant   
  13  w_y          0.00000e+00   constant   
  14  ANy2         7.39162e-03     fixed    
  15  pNy2         2.23607e+00   constant   
  16  w_vw         1.43191e+01   constant   
  17  LM          -1.34420e-04   constant   
  18  wCBO_expCoeff   1.80146e+02   2.02552e+01  -5.00897e-02  -4.36776e-05
  19  wCBO_expOffset   1.98322e+02   3.15405e+00  -7.80297e-03  -2.56216e-04
  20  wCBO_expT    3.03950e+01   9.11161e-01   2.31902e-03  -2.73353e-03
  21  wCBO_linCoeff   0.00000e+00   constant   
  22  wCBO_const  -1.79662e-02   1.03497e-03  -3.44096e-06  -7.74583e-01
 EXTERNAL ERROR MATRIX.    NDIM=  25    NPAR=  7    ERR DEF=1
  7.905e+06  1.408e-01  1.252e-01 -7.896e+03 -1.225e+03  3.667e+02 -2.648e-01 
  1.408e-01  1.263e-06  3.233e-08 -6.147e-04 -9.643e-05  3.003e-05 -7.393e-09 
  1.252e-01  3.233e-08  1.021e-05 -2.314e-03 -3.514e-04  1.136e-04  3.676e-08 
 -7.896e+03 -6.147e-04 -2.314e-03  4.103e+02  6.313e+01 -1.838e+01  1.633e-02 
 -1.225e+03 -9.643e-05 -3.514e-04  6.313e+01  9.948e+00 -2.862e+00  2.541e-03 
  3.667e+02  3.003e-05  1.136e-04 -1.838e+01 -2.862e+00  8.302e-01 -7.556e-04 
 -2.648e-01 -7.393e-09  3.676e-08  1.633e-02  2.541e-03 -7.556e-04  1.071e-06 
 PARAMETER  CORRELATION COEFFICIENTS  
       NO.  GLOBAL      1      3      4     18     19     20     22
        1  0.21943   1.000  0.045  0.014 -0.139 -0.138  0.143 -0.091
        3  0.10043   0.045  1.000  0.009 -0.027 -0.027  0.029 -0.006
        4  0.18842   0.014  0.009  1.000 -0.036 -0.035  0.039  0.011
       18  0.99814  -0.139 -0.027 -0.036  1.000  0.988 -0.996  0.779
       19  0.99807  -0.138 -0.027 -0.035  0.988  1.000 -0.996  0.778
       20  0.99948   0.143  0.029  0.039 -0.996 -0.996  1.000 -0.801
       22  0.90498  -0.091 -0.006  0.011  0.779  0.778 -0.801  1.000
MINUIT - FIT ONLY 1-CBO + other amplitudes 
 **********
 **   16 **RES 
 **********
                   PARAMETER   14  ANy2 RESTORED TO VARIABLE.
                   PARAMETER    8  phi_CBO RESTORED TO VARIABLE.
                   PARAMETER    7  w_CBO RESTORED TO VARIABLE.
                   PARAMETER    6  A_CBO RESTORED TO VARIABLE.
 **********
 **   17 **FIX            0
 **********
 PARAMETER    0  IS UNDEFINED. IGNORED.
 **********
 **   18 **FIX            1
 **********
 **********
 **   19 **FIX            2
 **********
 PARAMETER    2  IS CONSTANT.   IGNORED.
 **********
 **   20 **FIX            3
 **********
 **********
 **   21 **FIX            4
 **********
 **********
 **   22 **FIX            9
 **********
 PARAMETER    9  IS CONSTANT.   IGNORED.
 **********
 **   23 **FIX           11
 **********
 PARAMETER   11  IS CONSTANT.   IGNORED.
 **********
 **   24 **FIX           12
 **********
 PARAMETER   12  IS CONSTANT.   IGNORED.
 **********
 **   25 **FIX           14
 **********
 **********
 **   26 **FIX           15
 **********
 PARAMETER   15  IS CONSTANT.   IGNORED.
 **********
 **   27 **FIX           16
 **********
 PARAMETER   16  IS CONSTANT.   IGNORED.
 **********
 **   28 **MIGRAD
 **********
 START MIGRAD MINIMIZATION.  STRATEGY  1.  CONVERGENCE WHEN EDM .LT. 1.00e-04
 FCN=335.913 FROM MIGRAD    STATUS=INITIATE       18 CALLS         301 TOTAL
                     EDM= unknown      STRATEGY= 1      NO ERROR MATRIX       
  EXT PARAMETER               CURRENT GUESS       STEP         FIRST   
  NO.   NAME      VALUE            ERROR          SIZE      DERIVATIVE 
   1  N0           3.30486e+06     fixed    
   2  tau          6.44004e+01   constant   
   3  A0           3.62876e-01     fixed    
   4  phi          4.12232e+00     fixed    
   5  R           -6.05915e+01   constant   
   6  A_CBO        2.57924e-03   1.00000e-05   1.00000e-05   7.88078e+02
   7  w_CBO        2.32362e+00   1.00000e-03   1.00000e-03  -3.30749e-01
   8  phi_CBO      5.02962e+00   1.00000e-04   1.00000e-04  -2.48904e-01
   9  ANx2         3.16430e-04   constant   
  10  pNx2         2.82055e+00   constant   
  11  ANy1         0.00000e+00   constant   
  12  pNy1         0.00000e+00   constant   
  13  w_y          0.00000e+00   constant   
  14  ANy2         7.39162e-03     fixed    
  15  pNy2         2.23607e+00   constant   
  16  w_vw         1.43191e+01   constant   
  17  LM          -1.34420e-04   constant   
  18  wCBO_expCoeff   1.80146e+02   2.02552e+01  -5.00897e-02  -4.36759e-05
  19  wCBO_expOffset   1.98322e+02   3.15405e+00  -7.80297e-03  -2.56218e-04
  20  wCBO_expT    3.03950e+01   9.11161e-01   2.31902e-03  -2.73355e-03
  21  wCBO_linCoeff   0.00000e+00   constant   
  22  wCBO_const  -1.79662e-02   1.03497e-03  -3.44096e-06  -7.74583e-01
 MIGRAD MINIMIZATION HAS CONVERGED.
 MIGRAD WILL VERIFY CONVERGENCE AND ERROR MATRIX.
 COVARIANCE MATRIX CALCULATED SUCCESSFULLY
 FCN=335.633 FROM MIGRAD    STATUS=CONVERGED     219 CALLS         502 TOTAL
                     EDM=3.69898e-07    STRATEGY= 1      ERROR MATRIX ACCURATE 
  EXT PARAMETER                                   STEP         FIRST   
  NO.   NAME      VALUE            ERROR          SIZE      DERIVATIVE 
   1  N0           3.30486e+06     fixed    
   2  tau          6.44004e+01   constant   
   3  A0           3.62876e-01     fixed    
   4  phi          4.12232e+00     fixed    
   5  R           -6.05915e+01   constant   
   6  A_CBO        1.94318e-03   1.24599e-03   1.10609e-05   5.79626e-02
   7  w_CBO        2.32354e+00   7.51340e-02   9.93438e-06  -7.52653e-01
   8  phi_CBO      5.25198e+00   1.12890e+00   5.25413e-03   1.17127e-03
   9  ANx2         3.16430e-04   constant   
  10  pNx2         2.82055e+00   constant   
  11  ANy1         0.00000e+00   constant   
  12  pNy1         0.00000e+00   constant   
  13  w_y          0.00000e+00   constant   
  14  ANy2         7.39162e-03     fixed    
  15  pNy2         2.23607e+00   constant   
  16  w_vw         1.43191e+01   constant   
  17  LM          -1.34420e-04   constant   
  18  wCBO_expCoeff   1.76810e+02   2.70614e+01   1.31163e-02  -3.31445e-04
  19  wCBO_expOffset   1.97759e+02   4.69701e+00   2.26582e-03  -1.91780e-03
  20  wCBO_expT    3.05556e+01   6.02721e-01   3.01527e-04  -1.54588e-02
  21  wCBO_linCoeff   0.00000e+00   constant   
  22  wCBO_const  -1.79341e-02   3.17287e-02   4.37896e-06  -1.72112e+00
 EXTERNAL ERROR MATRIX.    NDIM=  25    NPAR=  7    ERR DEF=1
  1.552e-06  1.017e-06 -2.572e-05  1.839e-03  3.239e-04 -9.463e-05 -3.400e-07 
  1.017e-06  5.645e-03 -7.576e-05 -1.449e-01 -2.635e-02 -3.216e-03 -2.382e-03 
 -2.572e-05 -7.576e-05  1.274e+00 -1.815e+00 -3.191e-01  9.688e-02  7.589e-04 
  1.839e-03 -1.449e-01 -1.815e+00  7.323e+02 -7.224e+01 -7.300e+00  6.669e-02 
  3.239e-04 -2.635e-02 -3.191e-01 -7.224e+01  2.206e+01 -1.286e+00  1.210e-02 
 -9.463e-05 -3.216e-03  9.688e-02 -7.300e+00 -1.286e+00  3.633e-01  1.067e-03 
 -3.400e-07 -2.382e-03  7.589e-04  6.669e-02  1.210e-02  1.067e-03  1.007e-03 
 PARAMETER  CORRELATION COEFFICIENTS  
       NO.  GLOBAL      6      7      8     18     19     20     22
        6  0.13500   1.000  0.011 -0.018  0.055  0.055 -0.126 -0.009
        7  0.99989   0.011  1.000 -0.001 -0.071 -0.075 -0.071 -0.999
        8  0.85435  -0.018 -0.001  1.000 -0.059 -0.060  0.142  0.021
       18  0.99854   0.055 -0.071 -0.059  1.000 -0.568 -0.448  0.078
       19  0.99855   0.055 -0.075 -0.060 -0.568  1.000 -0.454  0.081
       20  0.99844  -0.126 -0.071  0.142 -0.448 -0.454  1.000  0.056
       22  0.99988  -0.009 -0.999  0.021  0.078  0.081  0.056  1.000
MINUIT - FIT ONLY 1-CBO
 **********
 **   29 **RES 
 **********
                   PARAMETER   14  ANy2 RESTORED TO VARIABLE.
                   PARAMETER    4  phi RESTORED TO VARIABLE.
                   PARAMETER    3  A0 RESTORED TO VARIABLE.
                   PARAMETER    1  N0 RESTORED TO VARIABLE.
 **********
 **   30 **FIX            0
 **********
 PARAMETER    0  IS UNDEFINED. IGNORED.
 **********
 **   31 **FIX            1
 **********
 **********
 **   32 **FIX            2
 **********
 PARAMETER    2  IS CONSTANT.   IGNORED.
 **********
 **   33 **FIX            3
 **********
 **********
 **   34 **FIX            4
 **********
 **********
 **   35 **FIX            8
 **********
 **********
 **   36 **FIX            9
 **********
 PARAMETER    9  IS CONSTANT.   IGNORED.
 **********
 **   37 **FIX           11
 **********
 PARAMETER   11  IS CONSTANT.   IGNORED.
 **********
 **   38 **FIX           12
 **********
 PARAMETER   12  IS CONSTANT.   IGNORED.
 **********
 **   39 **FIX           13
 **********
 PARAMETER   13  IS CONSTANT.   IGNORED.
 **********
 **   40 **FIX           15
 **********
 PARAMETER   15  IS CONSTANT.   IGNORED.
 **********
 **   41 **FIX           16
 **********
 PARAMETER   16  IS CONSTANT.   IGNORED.
 **********
 **   42 **MIGRAD
 **********
 START MIGRAD MINIMIZATION.  STRATEGY  1.  CONVERGENCE WHEN EDM .LT. 1.00e-04
 FCN=335.633 FROM MIGRAD    STATUS=INITIATE       16 CALLS         518 TOTAL
                     EDM= unknown      STRATEGY= 1      NO ERROR MATRIX       
  EXT PARAMETER               CURRENT GUESS       STEP         FIRST   
  NO.   NAME      VALUE            ERROR          SIZE      DERIVATIVE 
   1  N0           3.30486e+06     fixed    
   2  tau          6.44004e+01   constant   
   3  A0           3.62876e-01     fixed    
   4  phi          4.12232e+00     fixed    
   5  R           -6.05915e+01   constant   
   6  A_CBO        1.94318e-03   1.24599e-03   1.10609e-05   5.79627e-02
   7  w_CBO        2.32354e+00   7.51340e-02   9.93438e-06  -7.52867e-01
   8  phi_CBO      5.25198e+00     fixed    
   9  ANx2         3.16430e-04   constant   
  10  pNx2         2.82055e+00   constant   
  11  ANy1         0.00000e+00   constant   
  12  pNy1         0.00000e+00   constant   
  13  w_y          0.00000e+00   constant   
  14  ANy2         7.39162e-03   1.00000e-04   1.00000e-04   8.70229e+03
  15  pNy2         2.23607e+00   constant   
  16  w_vw         1.43191e+01   constant   
  17  LM          -1.34420e-04   constant   
  18  wCBO_expCoeff   1.76810e+02   2.70614e+01   1.31163e-02  -3.35319e-04
  19  wCBO_expOffset   1.97759e+02   4.69701e+00   2.26582e-03  -1.93769e-03
  20  wCBO_expT    3.05556e+01   6.02721e-01   3.01527e-04  -1.55678e-02
  21  wCBO_linCoeff   0.00000e+00   constant   
  22  wCBO_const  -1.79341e-02   3.17287e-02   4.37896e-06  -1.72184e+00
 MIGRAD MINIMIZATION HAS CONVERGED.
 MIGRAD WILL VERIFY CONVERGENCE AND ERROR MATRIX.
 COVARIANCE MATRIX CALCULATED SUCCESSFULLY
 FCN=309.115 FROM MIGRAD    STATUS=CONVERGED     113 CALLS         615 TOTAL
                     EDM=6.00958e-05    STRATEGY= 1      ERROR MATRIX ACCURATE 
  EXT PARAMETER                                   STEP         FIRST   
  NO.   NAME      VALUE            ERROR          SIZE      DERIVATIVE 
   1  N0           3.30486e+06     fixed    
   2  tau          6.44004e+01   constant   
   3  A0           3.62876e-01     fixed    
   4  phi          4.12232e+00     fixed    
   5  R           -6.05915e+01   constant   
   6  A_CBO        1.93218e-03   1.24553e-03   1.06133e-05  -7.65360e-01
   7  w_CBO        2.32354e+00   6.70592e-02   9.54060e-06   9.34712e-01
   8  phi_CBO      5.25198e+00     fixed    
   9  ANx2         3.16430e-04   constant   
  10  pNx2         2.82055e+00   constant   
  11  ANy1         0.00000e+00   constant   
  12  pNy1         0.00000e+00   constant   
  13  w_y          0.00000e+00   constant   
  14  ANy2         1.29696e-03   1.18351e-03   1.01766e-05  -5.50461e-03
  15  pNy2         2.23607e+00   constant   
  16  w_vw         1.43191e+01   constant   
  17  LM          -1.34420e-04   constant   
  18  wCBO_expCoeff   1.76816e+02   2.61032e+01   1.25848e-02  -6.78223e-04
  19  wCBO_expOffset   1.97760e+02   4.52922e+00   2.17480e-03  -3.92456e-03
  20  wCBO_expT    3.05558e+01   5.79361e-01   2.89418e-04  -7.69488e-03
  21  wCBO_linCoeff   0.00000e+00   constant   
  22  wCBO_const  -1.79339e-02   2.83127e-02   4.20564e-06   2.33357e+00
 EXTERNAL ERROR MATRIX.    NDIM=  25    NPAR=  7    ERR DEF=1
  1.551e-06  8.535e-07  1.746e-09  1.791e-03  3.150e-04 -9.147e-05 -2.589e-07 
  8.535e-07  4.497e-03 -4.347e-09 -1.144e-01 -2.072e-02 -2.627e-03 -1.898e-03 
  1.746e-09 -4.347e-09  1.401e-06 -1.298e-05 -2.294e-06  5.140e-07  1.355e-09 
  1.791e-03 -1.144e-01 -1.298e-05  6.814e+02 -6.752e+01 -6.773e+00  5.449e-02 
  3.150e-04 -2.072e-02 -2.294e-06 -6.752e+01  2.051e+01 -1.192e+00  9.833e-03 
 -9.147e-05 -2.627e-03  5.140e-07 -6.773e+00 -1.192e+00  3.357e-01  7.822e-04 
 -2.589e-07 -1.898e-03  1.355e-09  5.449e-02  9.833e-03  7.822e-04  8.016e-04 
 PARAMETER  CORRELATION COEFFICIENTS  
       NO.  GLOBAL      6      7     14     18     19     20     22
        6  0.13393   1.000  0.010  0.001  0.055  0.056 -0.127 -0.007
        7  0.99986   0.010  1.000 -0.000 -0.065 -0.068 -0.068 -1.000
       14  0.00335   0.001 -0.000  1.000 -0.000 -0.000  0.001  0.000
       18  0.99842   0.055 -0.065 -0.000  1.000 -0.571 -0.448  0.074
       19  0.99843   0.056 -0.068 -0.000 -0.571  1.000 -0.454  0.077
       20  0.99830  -0.127 -0.068  0.001 -0.448 -0.454  1.000  0.048
       22  0.99985  -0.007 -1.000  0.000  0.074  0.077  0.048  1.000
MINUIT - FIT ONLY 2-CBO
 **********
 **   43 **RES 
 **********
                   PARAMETER    8  phi_CBO RESTORED TO VARIABLE.
                   PARAMETER    4  phi RESTORED TO VARIABLE.
                   PARAMETER    3  A0 RESTORED TO VARIABLE.
                   PARAMETER    1  N0 RESTORED TO VARIABLE.
 **********
 **   44 **FIX            0
 **********
 PARAMETER    0  IS UNDEFINED. IGNORED.
 **********
 **   45 **FIX            1
 **********
 **********
 **   46 **FIX            2
 **********
 PARAMETER    2  IS CONSTANT.   IGNORED.
 **********
 **   47 **FIX            3
 **********
 **********
 **   48 **FIX            4
 **********
 **********
 **   49 **FIX            5
 **********
 PARAMETER    5  IS CONSTANT.   IGNORED.
 **********
 **   50 **FIX            6
 **********
 **********
 **   51 **FIX            7
 **********
 **********
 **   52 **FIX           10
 **********
 PARAMETER   10  IS CONSTANT.   IGNORED.
 **********
 **   53 **FIX           11
 **********
 PARAMETER   11  IS CONSTANT.   IGNORED.
 **********
 **   54 **FIX           12
 **********
 PARAMETER   12  IS CONSTANT.   IGNORED.
 **********
 **   55 **FIX           13
 **********
 PARAMETER   13  IS CONSTANT.   IGNORED.
 **********
 **   56 **FIX           14
 **********
 **********
 **   57 **FIX           15
 **********
 PARAMETER   15  IS CONSTANT.   IGNORED.
 **********
 **   58 **FIX           16
 **********
 PARAMETER   16  IS CONSTANT.   IGNORED.
 **********
 **   59 **MIGRAD
 **********
 START MIGRAD MINIMIZATION.  STRATEGY  1.  CONVERGENCE WHEN EDM .LT. 1.00e-04
 FCN=309.115 FROM MIGRAD    STATUS=INITIATE       10 CALLS         625 TOTAL
                     EDM= unknown      STRATEGY= 1      NO ERROR MATRIX       
  EXT PARAMETER               CURRENT GUESS       STEP         FIRST   
  NO.   NAME      VALUE            ERROR          SIZE      DERIVATIVE 
   1  N0           3.30486e+06     fixed    
   2  tau          6.44004e+01   constant   
   3  A0           3.62876e-01     fixed    
   4  phi          4.12232e+00     fixed    
   5  R           -6.05915e+01   constant   
   6  A_CBO        1.93218e-03     fixed    
   7  w_CBO        2.32354e+00     fixed    
   8  phi_CBO      5.25198e+00   1.12890e+00   1.12890e+00   1.89318e-02
   9  ANx2         3.16430e-04   constant   
  10  pNx2         2.82055e+00   constant   
  11  ANy1         0.00000e+00   constant   
  12  pNy1         0.00000e+00   constant   
  13  w_y          0.00000e+00   constant   
  14  ANy2         1.29696e-03     fixed    
  15  pNy2         2.23607e+00   constant   
  16  w_vw         1.43191e+01   constant   
  17  LM          -1.34420e-04   constant   
  18  wCBO_expCoeff   1.76816e+02   2.61032e+01   1.25848e-02  -6.82207e-04
  19  wCBO_expOffset   1.97760e+02   4.52922e+00   2.17480e-03  -3.94529e-03
  20  wCBO_expT    3.05558e+01   5.79361e-01   2.89418e-04  -7.81168e-03
  21  wCBO_linCoeff   0.00000e+00   constant   
  22  wCBO_const  -1.79339e-02   2.83127e-02   4.20564e-06   2.33273e+00
 MIGRAD MINIMIZATION HAS CONVERGED.
 MIGRAD WILL VERIFY CONVERGENCE AND ERROR MATRIX.
 COVARIANCE MATRIX CALCULATED SUCCESSFULLY
 FCN=309.115 FROM MIGRAD    STATUS=CONVERGED      79 CALLS         694 TOTAL
                     EDM=9.38658e-05    STRATEGY= 1      ERROR MATRIX ACCURATE 
  EXT PARAMETER                                   STEP         FIRST   
  NO.   NAME      VALUE            ERROR          SIZE      DERIVATIVE 
   1  N0           3.30486e+06     fixed    
   2  tau          6.44004e+01   constant   
   3  A0           3.62876e-01     fixed    
   4  phi          4.12232e+00     fixed    
   5  R           -6.05915e+01   constant   
   6  A_CBO        1.93218e-03     fixed    
   7  w_CBO        2.32354e+00     fixed    
   8  phi_CBO      5.23932e+00   1.12440e+00   5.07384e-03  -1.93929e-05
   9  ANx2         3.16430e-04   constant   
  10  pNx2         2.82055e+00   constant   
  11  ANy1         0.00000e+00   constant   
  12  pNy1         0.00000e+00   constant   
  13  w_y          0.00000e+00   constant   
  14  ANy2         1.29696e-03     fixed    
  15  pNy2         2.23607e+00   constant   
  16  w_vw         1.43191e+01   constant   
  17  LM          -1.34420e-04   constant   
  18  wCBO_expCoeff   1.76818e+02   2.63041e+01   1.26005e-02  -1.33166e-04
  19  wCBO_expOffset   1.97761e+02   4.56137e+00   2.17754e-03  -7.70498e-04
  20  wCBO_expT    3.05557e+01   5.83666e-01   2.89877e-04   1.78739e-02
  21  wCBO_linCoeff   0.00000e+00   constant   
  22  wCBO_const  -1.79428e-02   1.09337e-03   4.21358e-06  -1.34875e-01
 EXTERNAL ERROR MATRIX.    NDIM=  25    NPAR=  5    ERR DEF=1
  1.264e+00 -1.759e+00 -3.084e-01  9.346e-02  7.213e-04 
 -1.759e+00  6.919e+02 -6.950e+01 -6.970e+00  5.174e-03 
 -3.084e-01 -6.950e+01  2.081e+01 -1.225e+00  9.076e-04 
  9.346e-02 -6.970e+00 -1.225e+00  3.407e-01 -2.715e-04 
  7.213e-04  5.174e-03  9.076e-04 -2.715e-04  1.195e-06 
 PARAMETER  CORRELATION COEFFICIENTS  
       NO.  GLOBAL      8     18     19     20     22
        8  0.85121   1.000 -0.059 -0.060  0.142  0.587
       18  0.99845  -0.059  1.000 -0.579 -0.454  0.180
       19  0.99846  -0.060 -0.579  1.000 -0.460  0.182
       20  0.99833   0.142 -0.454 -0.460  1.000 -0.425
       22  0.89397   0.587  0.180  0.182 -0.425  1.000
MINUIT - FIT ONLY 1-y
 **********
 **   60 **RES 
 **********
                   PARAMETER   14  ANy2 RESTORED TO VARIABLE.
                   PARAMETER    7  w_CBO RESTORED TO VARIABLE.
                   PARAMETER    6  A_CBO RESTORED TO VARIABLE.
                   PARAMETER    4  phi RESTORED TO VARIABLE.
                   PARAMETER    3  A0 RESTORED TO VARIABLE.
                   PARAMETER    1  N0 RESTORED TO VARIABLE.
 **********
 **   61 **FIX            0
 **********
 PARAMETER    0  IS UNDEFINED. IGNORED.
 **********
 **   62 **FIX            1
 **********
 **********
 **   63 **FIX            2
 **********
 PARAMETER    2  IS CONSTANT.   IGNORED.
 **********
 **   64 **FIX            3
 **********
 **********
 **   65 **FIX            4
 **********
 **********
 **   66 **FIX            5
 **********
 PARAMETER    5  IS CONSTANT.   IGNORED.
 **********
 **   67 **FIX            6
 **********
 **********
 **   68 **FIX            7
 **********
 **********
 **   69 **FIX            8
 **********
 **********
 **   70 **FIX            9
 **********
 PARAMETER    9  IS CONSTANT.   IGNORED.
 **********
 **   71 **FIX           13
 **********
 PARAMETER   13  IS CONSTANT.   IGNORED.
 **********
 **   72 **FIX           14
 **********
 **********
 **   73 **FIX           15
 **********
 PARAMETER   15  IS CONSTANT.   IGNORED.
 **********
 **   74 **FIX           16
 **********
 PARAMETER   16  IS CONSTANT.   IGNORED.
 **********
 **   75 **MIGRAD
 **********
 START MIGRAD MINIMIZATION.  STRATEGY  1.  CONVERGENCE WHEN EDM .LT. 1.00e-04
 FCN=309.115 FROM MIGRAD    STATUS=INITIATE        8 CALLS         702 TOTAL
                     EDM= unknown      STRATEGY= 1      NO ERROR MATRIX       
  EXT PARAMETER               CURRENT GUESS       STEP         FIRST   
  NO.   NAME      VALUE            ERROR          SIZE      DERIVATIVE 
   1  N0           3.30486e+06     fixed    
   2  tau          6.44004e+01   constant   
   3  A0           3.62876e-01     fixed    
   4  phi          4.12232e+00     fixed    
   5  R           -6.05915e+01   constant   
   6  A_CBO        1.93218e-03     fixed    
   7  w_CBO        2.32354e+00     fixed    
   8  phi_CBO      5.23932e+00     fixed    
   9  ANx2         3.16430e-04   constant   
  10  pNx2         2.82055e+00   constant   
  11  ANy1         0.00000e+00   constant   
  12  pNy1         0.00000e+00   constant   
  13  w_y          0.00000e+00   constant   
  14  ANy2         1.29696e-03     fixed    
  15  pNy2         2.23607e+00   constant   
  16  w_vw         1.43191e+01   constant   
  17  LM          -1.34420e-04   constant   
  18  wCBO_expCoeff   1.76818e+02   2.63041e+01   1.26005e-02  -1.37069e-04
  19  wCBO_expOffset   1.97761e+02   4.56137e+00   2.17754e-03  -7.90767e-04
  20  wCBO_expT    3.05557e+01   5.83666e-01   2.89877e-04   1.77597e-02
  21  wCBO_linCoeff   0.00000e+00   constant   
  22  wCBO_const  -1.79428e-02   1.09337e-03   4.21358e-06  -1.35567e-01
 MIGRAD MINIMIZATION HAS CONVERGED.
 MIGRAD WILL VERIFY CONVERGENCE AND ERROR MATRIX.
 COVARIANCE MATRIX CALCULATED SUCCESSFULLY
 FCN=309.114 FROM MIGRAD    STATUS=CONVERGED      68 CALLS         762 TOTAL
                     EDM=1.20846e-06    STRATEGY= 1      ERROR MATRIX ACCURATE 
  EXT PARAMETER                                   STEP         FIRST   
  NO.   NAME      VALUE            ERROR          SIZE      DERIVATIVE 
   1  N0           3.30486e+06     fixed    
   2  tau          6.44004e+01   constant   
   3  A0           3.62876e-01     fixed    
   4  phi          4.12232e+00     fixed    
   5  R           -6.05915e+01   constant   
   6  A_CBO        1.93218e-03     fixed    
   7  w_CBO        2.32354e+00     fixed    
   8  phi_CBO      5.23932e+00     fixed    
   9  ANx2         3.16430e-04   constant   
  10  pNx2         2.82055e+00   constant   
  11  ANy1         0.00000e+00   constant   
  12  pNy1         0.00000e+00   constant   
  13  w_y          0.00000e+00   constant   
  14  ANy2         1.29696e-03     fixed    
  15  pNy2         2.23607e+00   constant   
  16  w_vw         1.43191e+01   constant   
  17  LM          -1.34420e-04   constant   
  18  wCBO_expCoeff   1.77074e+02   2.59273e+01   1.26092e-02  -1.01204e-03
  19  wCBO_expOffset   1.97805e+02   4.48891e+00   2.17835e-03  -5.86718e-03
  20  wCBO_expT    3.05433e+01   5.70925e-01   2.89992e-04  -4.35247e-02
  21  wCBO_linCoeff   0.00000e+00   constant   
  22  wCBO_const  -1.79309e-02   8.80931e-04   4.21437e-06  -1.48475e+00
 EXTERNAL ERROR MATRIX.    NDIM=  25    NPAR=  4    ERR DEF=1
  6.722e+02 -6.779e+01 -6.690e+00  6.020e-03 
 -6.779e+01  2.015e+01 -1.175e+00  1.055e-03 
 -6.690e+00 -1.175e+00  3.260e-01 -3.167e-04 
  6.020e-03  1.055e-03 -3.167e-04  7.760e-07 
 PARAMETER  CORRELATION COEFFICIENTS  
       NO.  GLOBAL     18     19     20     22
       18  0.99839   1.000 -0.582 -0.452  0.264
       19  0.99840  -0.582  1.000 -0.458  0.267
       20  0.99825  -0.452 -0.458  1.000 -0.630
       22  0.83058   0.264  0.267 -0.630  1.000
MINUIT - FIT ONLY 2-y
 **********
 **   76 **RES 
 **********
                   PARAMETER   14  ANy2 RESTORED TO VARIABLE.
                   PARAMETER    8  phi_CBO RESTORED TO VARIABLE.
                   PARAMETER    7  w_CBO RESTORED TO VARIABLE.
                   PARAMETER    6  A_CBO RESTORED TO VARIABLE.
                   PARAMETER    4  phi RESTORED TO VARIABLE.
                   PARAMETER    3  A0 RESTORED TO VARIABLE.
                   PARAMETER    1  N0 RESTORED TO VARIABLE.
 **********
 **   77 **FIX            0
 **********
 PARAMETER    0  IS UNDEFINED. IGNORED.
 **********
 **   78 **FIX            1
 **********
 **********
 **   79 **FIX            2
 **********
 PARAMETER    2  IS CONSTANT.   IGNORED.
 **********
 **   80 **FIX            3
 **********
 **********
 **   81 **FIX            4
 **********
 **********
 **   82 **FIX            5
 **********
 PARAMETER    5  IS CONSTANT.   IGNORED.
 **********
 **   83 **FIX            6
 **********
 **********
 **   84 **FIX            7
 **********
 **********
 **   85 **FIX            8
 **********
 **********
 **   86 **FIX            9
 **********
 PARAMETER    9  IS CONSTANT.   IGNORED.
 **********
 **   87 **FIX           10
 **********
 PARAMETER   10  IS CONSTANT.   IGNORED.
 **********
 **   88 **FIX           11
 **********
 PARAMETER   11  IS CONSTANT.   IGNORED.
 **********
 **   89 **FIX           12
 **********
 PARAMETER   12  IS CONSTANT.   IGNORED.
 **********
 **   90 **FIX           16
 **********
 PARAMETER   16  IS CONSTANT.   IGNORED.
 **********
 **   91 **MIGRAD
 **********
 START MIGRAD MINIMIZATION.  STRATEGY  1.  CONVERGENCE WHEN EDM .LT. 1.00e-04
 FCN=309.114 FROM MIGRAD    STATUS=INITIATE       10 CALLS         772 TOTAL
                     EDM= unknown      STRATEGY= 1      NO ERROR MATRIX       
  EXT PARAMETER               CURRENT GUESS       STEP         FIRST   
  NO.   NAME      VALUE            ERROR          SIZE      DERIVATIVE 
   1  N0           3.30486e+06     fixed    
   2  tau          6.44004e+01   constant   
   3  A0           3.62876e-01     fixed    
   4  phi          4.12232e+00     fixed    
   5  R           -6.05915e+01   constant   
   6  A_CBO        1.93218e-03     fixed    
   7  w_CBO        2.32354e+00     fixed    
   8  phi_CBO      5.23932e+00     fixed    
   9  ANx2         3.16430e-04   constant   
  10  pNx2         2.82055e+00   constant   
  11  ANy1         0.00000e+00   constant   
  12  pNy1         0.00000e+00   constant   
  13  w_y          0.00000e+00   constant   
  14  ANy2         1.29696e-03   1.18351e-03   1.18351e-03   8.06418e-02
  15  pNy2         2.23607e+00   constant   
  16  w_vw         1.43191e+01   constant   
  17  LM          -1.34420e-04   constant   
  18  wCBO_expCoeff   1.77074e+02   2.59273e+01   1.26092e-02  -1.01607e-03
  19  wCBO_expOffset   1.97805e+02   4.48891e+00   2.17835e-03  -5.88818e-03
  20  wCBO_expT    3.05433e+01   5.70925e-01   2.89992e-04  -4.36436e-02
  21  wCBO_linCoeff   0.00000e+00   constant   
  22  wCBO_const  -1.79309e-02   8.80931e-04   4.21437e-06  -1.48555e+00
 MIGRAD MINIMIZATION HAS CONVERGED.
 MIGRAD WILL VERIFY CONVERGENCE AND ERROR MATRIX.
 COVARIANCE MATRIX CALCULATED SUCCESSFULLY
 FCN=309.114 FROM MIGRAD    STATUS=CONVERGED      59 CALLS         821 TOTAL
                     EDM=1.88193e-07    STRATEGY= 1      ERROR MATRIX ACCURATE 
  EXT PARAMETER                                   STEP         FIRST   
  NO.   NAME      VALUE            ERROR          SIZE      DERIVATIVE 
   1  N0           3.30486e+06     fixed    
   2  tau          6.44004e+01   constant   
   3  A0           3.62876e-01     fixed    
   4  phi          4.12232e+00     fixed    
   5  R           -6.05915e+01   constant   
   6  A_CBO        1.93218e-03     fixed    
   7  w_CBO        2.32354e+00     fixed    
   8  phi_CBO      5.23932e+00     fixed    
   9  ANx2         3.16430e-04   constant   
  10  pNx2         2.82055e+00   constant   
  11  ANy1         0.00000e+00   constant   
  12  pNy1         0.00000e+00   constant   
  13  w_y          0.00000e+00   constant   
  14  ANy2         1.29694e-03   1.18351e-03   1.01766e-05   6.11813e-02
  15  pNy2         2.23607e+00   constant   
  16  w_vw         1.43191e+01   constant   
  17  LM          -1.34420e-04   constant   
  18  wCBO_expCoeff   1.77074e+02   2.58591e+01   1.26547e-02  -4.55297e-05
  19  wCBO_expOffset   1.97805e+02   4.47500e+00   2.18281e-03  -2.63945e-04
  20  wCBO_expT    3.05433e+01   5.69619e-01   2.90525e-04  -1.24704e-03
  21  wCBO_linCoeff   0.00000e+00   constant   
  22  wCBO_const  -1.79309e-02   8.80175e-04   4.21843e-06   7.83598e-01
 EXTERNAL ERROR MATRIX.    NDIM=  25    NPAR=  5    ERR DEF=1
  1.401e-06 -1.498e-05 -2.634e-06  6.032e-07 -5.855e-10 
 -1.498e-05  6.687e+02 -6.735e+01 -6.667e+00  5.997e-03 
 -2.634e-06 -6.735e+01  2.003e+01 -1.168e+00  1.049e-03 
  6.032e-07 -6.667e+00 -1.168e+00  3.245e-01 -3.153e-04 
 -5.855e-10  5.997e-03  1.049e-03 -3.153e-04  7.747e-07 
 PARAMETER  CORRELATION COEFFICIENTS  
       NO.  GLOBAL     14     18     19     20     22
       14  0.00315   1.000 -0.000 -0.000  0.001 -0.001
       18  0.99838  -0.000  1.000 -0.582 -0.453  0.264
       19  0.99839  -0.000 -0.582  1.000 -0.458  0.266
       20  0.99824   0.001 -0.453 -0.458  1.000 -0.629
       22  0.83026  -0.001  0.264  0.266 -0.629  1.000
MINUIT - FIT ALTOGETHER
 **********
 **   92 **RES 
 **********
                   PARAMETER    8  phi_CBO RESTORED TO VARIABLE.
                   PARAMETER    7  w_CBO RESTORED TO VARIABLE.
                   PARAMETER    6  A_CBO RESTORED TO VARIABLE.
                   PARAMETER    4  phi RESTORED TO VARIABLE.
                   PARAMETER    3  A0 RESTORED TO VARIABLE.
                   PARAMETER    1  N0 RESTORED TO VARIABLE.
 **********
 **   93 **MIGRAD
 **********
 START MIGRAD MINIMIZATION.  STRATEGY  1.  CONVERGENCE WHEN EDM .LT. 1.00e-04
 FCN=309.114 FROM MIGRAD    STATUS=INITIATE       24 CALLS         845 TOTAL
                     EDM= unknown      STRATEGY= 1      NO ERROR MATRIX       
  EXT PARAMETER               CURRENT GUESS       STEP         FIRST   
  NO.   NAME      VALUE            ERROR          SIZE      DERIVATIVE 
   1  N0           3.30486e+06   2.81160e+03   2.81160e+03   1.64499e-05
   2  tau          6.44004e+01   constant   
   3  A0           3.62876e-01   1.12400e-03   1.12400e-03  -3.48061e+00
   4  phi          4.12232e+00   3.19552e-03   3.19552e-03   1.25565e+01
   5  R           -6.05915e+01   constant   
   6  A_CBO        1.93218e-03   1.24553e-03   1.24553e-03  -4.87270e+00
   7  w_CBO        2.32354e+00   6.70592e-02   6.70592e-02   3.27448e-01
   8  phi_CBO      5.23932e+00   1.12440e+00   1.12440e+00   4.90876e-03
   9  ANx2         3.16430e-04   constant   
  10  pNx2         2.82055e+00   constant   
  11  ANy1         0.00000e+00   constant   
  12  pNy1         0.00000e+00   constant   
  13  w_y          0.00000e+00   constant   
  14  ANy2         1.29694e-03   1.18351e-03   1.01766e-05   6.11813e-02
  15  pNy2         2.23607e+00   constant   
  16  w_vw         1.43191e+01   constant   
  17  LM          -1.34420e-04   constant   
  18  wCBO_expCoeff   1.77074e+02   2.58591e+01   1.26547e-02  -4.61960e-05
  19  wCBO_expOffset   1.97805e+02   4.47500e+00   2.18281e-03  -2.67433e-04
