 + ++++++++++++++++++++++++++++++++++++++++++++++++++++++++++++++++++++ +
 +                                                                      +
 +           You have chose to blind your fitting according to          +
 +                omega_ref * (1 + (R +/- deltaR) *10^{-6})             +
 +                                                                      +
 + ++++++++++++++++++++++++++++++++++++++++++++++++++++++++++++++++++++ +
In main()...
reading format from /gm2data/zkhechad/run45/envelope/formats/formatB_sBin_constraintOn.txt
pBinTau 	= 0  
pBinPhi 	= 0  
constraintau 	= 1 
includeMopTerm 	= 0    
constrainMop    = 0   
Parameters after format file: pBinTau 0 pBinPhi 0 constraintau 1 includeMopTerm 0 constrainMop 0 c_e_scale 0.000000 
reading cbo reference file (full fit) from /gm2data/zkhechad/cboTemplates/Run4CBOTemplates/fullFits/run4/sBin_constraintOn_cE0.0_seed0_run4_calo14.root
A_CBO 0.007725 w_CBO 2.327367 phi_CBO 5.940248 N0 3305546.525918 R -60.591491 tau 64.400381 
Reading cboRef file /gm2data/zkhechad/cboTemplates/Run4CBOTemplates//cboIsolate/run4_calo14.root
deltaT 164.120000
windowBins = 1100
fitting sliding window 2540 from bin 2743 at 409.255600 to bin 3843 at 573.375600 (1100 bins)

Reading data from /gm2data/cornell/histograms/aMethod/histogram_a_run4.root
fitting cbo isolate
 **********
 **    1 **SET PRINTOUT            1
 **********
 **********
 **    2 **SET NOWARNINGS 
 **********
 PARAMETER DEFINITIONS:
    NO.   NAME         VALUE      STEP SIZE      LIMITS
     1 A_CBO        7.72458e-03  1.00000e-05     no limits
     2 w_CBO        2.32737e+00  1.00000e-02    2.00000e+00  3.00000e+00
     3 phi_CBO      5.94025e+00  1.00000e-02    0.00000e+00  6.28319e+00
 **********
 **    3 **MIGRAD
 **********
 FIRST CALL TO USER FUNCTION AT NEW START POINT, WITH IFLAG=4.
 START MIGRAD MINIMIZATION.  STRATEGY  1.  CONVERGENCE WHEN EDM .LT. 1.00e-04
 FCN=0.369109 FROM MIGRAD    STATUS=INITIATE       12 CALLS          13 TOTAL
                     EDM= unknown      STRATEGY= 1      NO ERROR MATRIX       
  EXT PARAMETER               CURRENT GUESS       STEP         FIRST   
  NO.   NAME      VALUE            ERROR          SIZE      DERIVATIVE 
   1  A_CBO        7.72458e-03   1.00000e-05   1.00000e-05   6.83365e+00
   2  w_CBO        2.32737e+00   1.00000e-02   2.13128e-02   3.84978e+00
   3  phi_CBO      5.94025e+00   1.00000e-02   7.00705e-03  -2.36124e-02
 MIGRAD MINIMIZATION HAS CONVERGED.
 MIGRAD WILL VERIFY CONVERGENCE AND ERROR MATRIX.
 COVARIANCE MATRIX CALCULATED SUCCESSFULLY
 FCN=0.345799 FROM MIGRAD    STATUS=CONVERGED      64 CALLS          65 TOTAL
                     EDM=9.79729e-06    STRATEGY= 1      ERROR MATRIX ACCURATE 
  EXT PARAMETER                                   STEP         FIRST   
  NO.   NAME      VALUE            ERROR          SIZE      DERIVATIVE 
   1  A_CBO        2.40371e-03   4.26299e-02   2.41308e-05  -2.40199e-02
   2  w_CBO        2.32610e+00   8.39388e-02   4.60396e-05   1.40307e-02
   3  phi_CBO      6.19423e+00   6.18337e+00   1.25833e-02  -1.20801e-04
 EXTERNAL ERROR MATRIX.    NDIM=  25    NPAR=  3    ERR DEF=1
  1.817e-03  2.715e-05  2.282e-02 
  2.715e-05  7.122e-03  3.043e+00 
  2.282e-02  3.043e+00  1.573e+03 
 PARAMETER  CORRELATION COEFFICIENTS  
       NO.  GLOBAL      1      2      3
        1  0.01762   1.000  0.008  0.013
        2  0.90896   0.008  1.000  0.909
        3  0.90897   0.013  0.909  1.000
setting A_CBO=0.002404 w_CBO=2.326096, phi_CBO=6.194227
done fitting cbo isolate
 **********
 **    1 **SET PRINTOUT            1
 **********
 **********
 **    2 **SET NOWARNINGS 
 **********
 PARAMETER DEFINITIONS:
    NO.   NAME         VALUE      STEP SIZE      LIMITS
     1 N0           3.30555e+06  1.00000e+02     no limits
     2 tau          6.44004e+01  constant
     3 A0           3.62072e-01  1.00000e-04     no limits
     4 phi          4.12124e+00  1.00000e-02     no limits
     5 R           -6.05915e+01  constant
     6 A_CBO        2.40371e-03  1.00000e-05     no limits
     7 w_CBO        2.32610e+00  1.00000e-03     no limits
     8 phi_CBO      6.19423e+00  1.00000e-04     no limits
     9 ANx2         3.16430e-04  constant
    10 pNx2         2.82055e+00  constant
    11 ANy1         0.00000e+00  constant
    12 pNy1         0.00000e+00  constant
    13 w_y          0.00000e+00  constant
    14 ANy2         7.39162e-03  1.00000e-04     no limits
    15 pNy2         2.23607e+00  constant
    16 w_vw         1.43191e+01  constant
    17 LM          -1.34420e-04  constant
    18 wCBO_expCoeff   2.00000e+02  1.00000e+00     no limits
    19 wCBO_expOffset   2.00000e+02  1.00000e+00     no limits
    20 wCBO_expT    3.00000e+01  1.00000e+00     no limits
    21 wCBO_linCoeff   0.00000e+00  constant
    22 wCBO_const   0.00000e+00  1.00000e-02     no limits
MINUIT - FIT ONLY WIGGLE
 **********
 **    3 **FIX            5
 **********
 PARAMETER    5  IS CONSTANT.   IGNORED.
 **********
 **    4 **FIX            6
 **********
 **********
 **    5 **FIX            7
 **********
 **********
 **    6 **FIX            8
 **********
 **********
 **    7 **FIX            9
 **********
 PARAMETER    9  IS CONSTANT.   IGNORED.
 **********
 **    8 **FIX           10
 **********
 PARAMETER   10  IS CONSTANT.   IGNORED.
 **********
 **    9 **FIX           11
 **********
 PARAMETER   11  IS CONSTANT.   IGNORED.
 **********
 **   10 **FIX           12
 **********
 PARAMETER   12  IS CONSTANT.   IGNORED.
 **********
 **   11 **FIX           13
 **********
 PARAMETER   13  IS CONSTANT.   IGNORED.
 **********
 **   12 **FIX           14
 **********
 **********
 **   13 **FIX           15
 **********
 PARAMETER   15  IS CONSTANT.   IGNORED.
 **********
 **   14 **FIX           16
 **********
 PARAMETER   16  IS CONSTANT.   IGNORED.
 **********
 **   15 **MIGRAD
 **********
 FIRST CALL TO USER FUNCTION AT NEW START POINT, WITH IFLAG=4.
 START MIGRAD MINIMIZATION.  STRATEGY  1.  CONVERGENCE WHEN EDM .LT. 1.00e-04
 FCN=334.425 FROM MIGRAD    STATUS=INITIATE       84 CALLS          85 TOTAL
                     EDM= unknown      STRATEGY= 1      NO ERROR MATRIX       
  EXT PARAMETER               CURRENT GUESS       STEP         FIRST   
  NO.   NAME      VALUE            ERROR          SIZE      DERIVATIVE 
   1  N0           3.30555e+06   1.00000e+02   0.00000e+00   2.02647e-04
   2  tau          6.44004e+01   constant   
   3  A0           3.62072e-01   1.00000e-04   0.00000e+00  -3.61090e+02
   4  phi          4.12124e+00   1.00000e-02   0.00000e+00  -3.94610e+02
   5  R           -6.05915e+01   constant   
   6  A_CBO        2.40371e-03     fixed    
   7  w_CBO        2.32610e+00     fixed    
   8  phi_CBO      6.19423e+00     fixed    
   9  ANx2         3.16430e-04   constant   
  10  pNx2         2.82055e+00   constant   
  11  ANy1         0.00000e+00   constant   
  12  pNy1         0.00000e+00   constant   
  13  w_y          0.00000e+00   constant   
  14  ANy2         7.39162e-03     fixed    
  15  pNy2         2.23607e+00   constant   
  16  w_vw         1.43191e+01   constant   
  17  LM          -1.34420e-04   constant   
  18  wCBO_expCoeff   1.96808e+02   1.00000e+00  -3.19174e+00   1.32751e-04
  19  wCBO_expOffset   2.00000e+02   1.00000e+00   0.00000e+00   8.73548e-04
  20  wCBO_expT    3.00000e+01   1.00000e+00   0.00000e+00  -3.94348e+00
  21  wCBO_linCoeff   0.00000e+00   constant   
  22  wCBO_const  -2.49437e-03   1.00000e-02   0.00000e+00  -2.35340e+03
 MIGRAD MINIMIZATION HAS CONVERGED.
 FCN=332.751 FROM MIGRAD    STATUS=CONVERGED     255 CALLS         256 TOTAL
                     EDM=1.56477e-06    STRATEGY= 1  ERROR MATRIX UNCERTAINTY   2.6 per cent
  EXT PARAMETER                                   STEP         FIRST   
  NO.   NAME      VALUE            ERROR          SIZE      DERIVATIVE 
   1  N0           3.30521e+06   2.57526e+03  -2.55236e+01  -4.67626e-07
   2  tau          6.44004e+01   constant   
   3  A0           3.62450e-01   1.04214e-03  -5.93280e-07  -4.33557e-01
   4  phi          4.12322e+00   2.94325e-03   2.51790e-06   4.99548e-01
   5  R           -6.05915e+01   constant   
   6  A_CBO        2.40371e-03     fixed    
   7  w_CBO        2.32610e+00     fixed    
   8  phi_CBO      6.19423e+00     fixed    
   9  ANx2         3.16430e-04   constant   
  10  pNx2         2.82055e+00   constant   
  11  ANy1         0.00000e+00   constant   
  12  pNy1         0.00000e+00   constant   
  13  w_y          0.00000e+00   constant   
  14  ANy2         7.39162e-03     fixed    
  15  pNy2         2.23607e+00   constant   
  16  w_vw         1.43191e+01   constant   
  17  LM          -1.34420e-04   constant   
  18  wCBO_expCoeff   1.83759e+02   1.56886e+01  -1.79323e-01  -4.15029e-04
  19  wCBO_expOffset   1.98009e+02   2.41464e+00  -2.75544e-02  -2.49585e-03
  20  wCBO_expT    3.05244e+01   6.96140e-01   7.81258e-03  -1.82571e-02
  21  wCBO_linCoeff   0.00000e+00   constant   
  22  wCBO_const  -2.43004e-03   1.02653e-03  -6.19803e-06   4.72945e-01
 EXTERNAL ERROR MATRIX.    NDIM=  25    NPAR=  7    ERR DEF=1
  6.632e+06  5.555e-02  7.677e-02 -3.518e+03 -5.406e+02  1.629e+02 -9.386e-02 
  5.555e-02  1.086e-06 -1.198e-07 -1.262e-03 -2.002e-04  4.929e-05  6.060e-09 
  7.677e-02 -1.198e-07  8.663e-06  1.749e-03  2.638e-04 -6.434e-05  1.794e-07 
 -3.518e+03 -1.262e-03  1.749e-03  2.461e+02  3.708e+01 -1.084e+01  1.136e-02 
 -5.406e+02 -2.002e-04  2.638e-04  3.708e+01  5.830e+00 -1.668e+00  1.745e-03 
  1.629e+02  4.929e-05 -6.434e-05 -1.084e+01 -1.668e+00  4.846e-01 -5.315e-04 
 -9.386e-02  6.060e-09  1.794e-07  1.136e-02  1.745e-03 -5.315e-04  1.054e-06 
 PARAMETER  CORRELATION COEFFICIENTS  
       NO.  GLOBAL      1      3      4     18     19     20     22
        1  0.15876   1.000  0.021  0.010 -0.087 -0.087  0.091 -0.036
        3  0.18118   0.021  1.000 -0.039 -0.077 -0.080  0.068  0.006
        4  0.20094   0.010 -0.039  1.000  0.038  0.037 -0.031  0.059
       18  0.99652  -0.087 -0.077  0.038  1.000  0.979 -0.992  0.705
       19  0.99643  -0.087 -0.080  0.037  0.979  1.000 -0.992  0.704
       20  0.99904   0.091  0.068 -0.031 -0.992 -0.992  1.000 -0.744
       22  0.89348  -0.036  0.006  0.059  0.705  0.704 -0.744  1.000
MINUIT - FIT ONLY 1-CBO + other amplitudes 
 **********
 **   16 **RES 
 **********
                   PARAMETER   14  ANy2 RESTORED TO VARIABLE.
                   PARAMETER    8  phi_CBO RESTORED TO VARIABLE.
                   PARAMETER    7  w_CBO RESTORED TO VARIABLE.
                   PARAMETER    6  A_CBO RESTORED TO VARIABLE.
 **********
 **   17 **FIX            0
 **********
 PARAMETER    0  IS UNDEFINED. IGNORED.
 **********
 **   18 **FIX            1
 **********
 **********
 **   19 **FIX            2
 **********
 PARAMETER    2  IS CONSTANT.   IGNORED.
 **********
 **   20 **FIX            3
 **********
 **********
 **   21 **FIX            4
 **********
 **********
 **   22 **FIX            9
 **********
 PARAMETER    9  IS CONSTANT.   IGNORED.
 **********
 **   23 **FIX           11
 **********
 PARAMETER   11  IS CONSTANT.   IGNORED.
 **********
 **   24 **FIX           12
 **********
 PARAMETER   12  IS CONSTANT.   IGNORED.
 **********
 **   25 **FIX           14
 **********
 **********
 **   26 **FIX           15
 **********
 PARAMETER   15  IS CONSTANT.   IGNORED.
 **********
 **   27 **FIX           16
 **********
 PARAMETER   16  IS CONSTANT.   IGNORED.
 **********
 **   28 **MIGRAD
 **********
 START MIGRAD MINIMIZATION.  STRATEGY  1.  CONVERGENCE WHEN EDM .LT. 1.00e-04
 FCN=332.751 FROM MIGRAD    STATUS=INITIATE       18 CALLS         274 TOTAL
                     EDM= unknown      STRATEGY= 1      NO ERROR MATRIX       
  EXT PARAMETER               CURRENT GUESS       STEP         FIRST   
  NO.   NAME      VALUE            ERROR          SIZE      DERIVATIVE 
   1  N0           3.30521e+06     fixed    
   2  tau          6.44004e+01   constant   
   3  A0           3.62450e-01     fixed    
   4  phi          4.12322e+00     fixed    
   5  R           -6.05915e+01   constant   
   6  A_CBO        2.40371e-03   1.00000e-05   1.00000e-05   1.29292e+03
   7  w_CBO        2.32610e+00   1.00000e-03   1.00000e-03   1.70160e-01
   8  phi_CBO      6.19423e+00   1.00000e-04   1.00000e-04   2.36958e-01
   9  ANx2         3.16430e-04   constant   
  10  pNx2         2.82055e+00   constant   
  11  ANy1         0.00000e+00   constant   
  12  pNy1         0.00000e+00   constant   
  13  w_y          0.00000e+00   constant   
  14  ANy2         7.39162e-03     fixed    
  15  pNy2         2.23607e+00   constant   
  16  w_vw         1.43191e+01   constant   
  17  LM          -1.34420e-04   constant   
  18  wCBO_expCoeff   1.83759e+02   1.56886e+01  -1.79323e-01  -4.15023e-04
  19  wCBO_expOffset   1.98009e+02   2.41464e+00  -2.75544e-02  -2.49586e-03
  20  wCBO_expT    3.05244e+01   6.96140e-01   7.81258e-03  -1.82571e-02
  21  wCBO_linCoeff   0.00000e+00   constant   
  22  wCBO_const  -2.43004e-03   1.02653e-03  -6.19803e-06   4.72945e-01
 MIGRAD MINIMIZATION HAS CONVERGED.
 MIGRAD WILL VERIFY CONVERGENCE AND ERROR MATRIX.
 FCN=332.182 FROM MIGRAD    STATUS=CONVERGED     149 CALLS         405 TOTAL
                     EDM=6.95931e-07    STRATEGY= 1      ERR MATRIX NOT POS-DEF
  EXT PARAMETER                APPROXIMATE        STEP         FIRST   
  NO.   NAME      VALUE            ERROR          SIZE      DERIVATIVE 
   1  N0           3.30521e+06     fixed    
   2  tau          6.44004e+01   constant   
   3  A0           3.62450e-01     fixed    
   4  phi          4.12322e+00     fixed    
   5  R           -6.05915e+01   constant   
   6  A_CBO        1.57668e-03   1.12736e-03   1.00449e-05  -7.28040e-01
   7  w_CBO        2.32586e+00   1.27871e-02   1.09779e-05  -3.61387e-01
   8  phi_CBO      5.90687e+00   1.55013e+00   6.10348e-03   5.19137e-04
   9  ANx2         3.16430e-04   constant   
  10  pNx2         2.82055e+00   constant   
  11  ANy1         0.00000e+00   constant   
  12  pNy1         0.00000e+00   constant   
  13  w_y          0.00000e+00   constant   
  14  ANy2         7.39162e-03     fixed    
  15  pNy2         2.23607e+00   constant   
  16  w_vw         1.43191e+01   constant   
  17  LM          -1.34420e-04   constant   
  18  wCBO_expCoeff   1.83778e+02   1.60949e+01   1.41158e-02  -5.20522e-04
  19  wCBO_expOffset   1.98012e+02   2.67677e+00   2.34442e-03  -3.13375e-03
  20  wCBO_expT    3.05249e+01   3.45111e-01   3.15579e-04  -2.30429e-02
  21  wCBO_linCoeff   0.00000e+00   constant   
  22  wCBO_const  -2.54209e-03   5.49113e-03   4.92268e-06  -7.46777e-01
 EXTERNAL ERROR MATRIX.    NDIM=  25    NPAR=  7    ERR DEF=1
  1.271e-06 -4.049e-08 -3.189e-05  3.443e-04  5.757e-05 -1.550e-05 -3.240e-08 
 -4.049e-08  1.635e-04  1.950e-03 -3.297e-03 -5.595e-04 -1.912e-04 -6.771e-05 
 -3.189e-05  1.950e-03  2.403e+00 -1.726e+00 -2.890e-01  6.263e-02  9.802e-04 
  3.443e-04 -3.297e-03 -1.726e+00  2.590e+02 -2.514e+01 -2.492e+00  2.613e-03 
  5.757e-05 -5.595e-04 -2.890e-01 -2.514e+01  7.165e+00 -4.164e-01  4.392e-04 
 -1.550e-05 -1.912e-04  6.263e-02 -2.492e+00 -4.164e-01  1.191e-01 -1.977e-05 
 -3.240e-08 -6.771e-05  9.802e-04  2.613e-03  4.392e-04 -1.977e-05  3.015e-05 
ERR MATRIX NOT POS-DEF
 PARAMETER  CORRELATION COEFFICIENTS  
       NO.  GLOBAL      6      7      8     18     19     20     22
        6  0.07415   1.000 -0.003 -0.018  0.019  0.019 -0.040 -0.005
        7  0.99535  -0.003  1.000  0.098 -0.016 -0.016 -0.043 -0.964
        8  0.89720  -0.018  0.098  1.000 -0.069 -0.070  0.117  0.115
       18  0.99516   0.019 -0.016 -0.069  1.000 -0.583 -0.449  0.030
       19  0.99518   0.019 -0.016 -0.070 -0.583  1.000 -0.451  0.030
       20  0.99474  -0.040 -0.043  0.117 -0.449 -0.451  1.000 -0.010
       22  0.99493  -0.005 -0.964  0.115  0.030  0.030 -0.010  1.000
 ERR MATRIX NOT POS-DEF
MINUIT - FIT ONLY 1-CBO
 **********
 **   29 **RES 
 **********
                   PARAMETER   14  ANy2 RESTORED TO VARIABLE.
                   PARAMETER    4  phi RESTORED TO VARIABLE.
                   PARAMETER    3  A0 RESTORED TO VARIABLE.
                   PARAMETER    1  N0 RESTORED TO VARIABLE.
 **********
 **   30 **FIX            0
 **********
 PARAMETER    0  IS UNDEFINED. IGNORED.
 **********
 **   31 **FIX            1
 **********
 **********
 **   32 **FIX            2
 **********
 PARAMETER    2  IS CONSTANT.   IGNORED.
 **********
 **   33 **FIX            3
 **********
 **********
 **   34 **FIX            4
 **********
 **********
 **   35 **FIX            8
 **********
 **********
 **   36 **FIX            9
 **********
 PARAMETER    9  IS CONSTANT.   IGNORED.
 **********
 **   37 **FIX           11
 **********
 PARAMETER   11  IS CONSTANT.   IGNORED.
 **********
 **   38 **FIX           12
 **********
 PARAMETER   12  IS CONSTANT.   IGNORED.
 **********
 **   39 **FIX           13
 **********
 PARAMETER   13  IS CONSTANT.   IGNORED.
 **********
 **   40 **FIX           15
 **********
 PARAMETER   15  IS CONSTANT.   IGNORED.
 **********
 **   41 **FIX           16
 **********
 PARAMETER   16  IS CONSTANT.   IGNORED.
 **********
 **   42 **MIGRAD
 **********
 START MIGRAD MINIMIZATION.  STRATEGY  1.  CONVERGENCE WHEN EDM .LT. 1.00e-04
 FCN=332.182 FROM MIGRAD    STATUS=INITIATE       16 CALLS         421 TOTAL
                     EDM= unknown      STRATEGY= 1      NO ERROR MATRIX       
  EXT PARAMETER               CURRENT GUESS       STEP         FIRST   
  NO.   NAME      VALUE            ERROR          SIZE      DERIVATIVE 
   1  N0           3.30521e+06     fixed    
   2  tau          6.44004e+01   constant   
   3  A0           3.62450e-01     fixed    
   4  phi          4.12322e+00     fixed    
   5  R           -6.05915e+01   constant   
   6  A_CBO        1.57668e-03   1.12736e-03   1.00449e-05  -7.28040e-01
   7  w_CBO        2.32586e+00   1.27871e-02   1.09779e-05  -3.59873e-01
   8  phi_CBO      5.90687e+00     fixed    
   9  ANx2         3.16430e-04   constant   
  10  pNx2         2.82055e+00   constant   
  11  ANy1         0.00000e+00   constant   
  12  pNy1         0.00000e+00   constant   
  13  w_y          0.00000e+00   constant   
  14  ANy2         7.39162e-03   1.00000e-04   1.00000e-04   9.34313e+03
  15  pNy2         2.23607e+00   constant   
  16  w_vw         1.43191e+01   constant   
  17  LM          -1.34420e-04   constant   
  18  wCBO_expCoeff   1.83778e+02   1.60949e+01   1.41158e-02  -5.21484e-04
  19  wCBO_expOffset   1.98012e+02   2.67677e+00   2.34442e-03  -3.13704e-03
  20  wCBO_expT    3.05249e+01   3.45111e-01   3.15579e-04  -2.30700e-02
  21  wCBO_linCoeff   0.00000e+00   constant   
  22  wCBO_const  -2.54209e-03   5.49113e-03   4.92268e-06  -7.43167e-01
 MIGRAD MINIMIZATION HAS CONVERGED.
 MIGRAD WILL VERIFY CONVERGENCE AND ERROR MATRIX.
 FCN=305.581 FROM MIGRAD    STATUS=CONVERGED     113 CALLS         518 TOTAL
                     EDM=5.13759e-06    STRATEGY= 1      ERR MATRIX NOT POS-DEF
  EXT PARAMETER                APPROXIMATE        STEP         FIRST   
  NO.   NAME      VALUE            ERROR          SIZE      DERIVATIVE 
   1  N0           3.30521e+06     fixed    
   2  tau          6.44004e+01   constant   
   3  A0           3.62450e-01     fixed    
   4  phi          4.12322e+00     fixed    
   5  R           -6.05915e+01   constant   
   6  A_CBO        1.57153e-03   1.12755e-03   9.63923e-06  -6.99631e-01
   7  w_CBO        2.32586e+00   1.35935e-02   1.05543e-05  -4.73643e-01
   8  phi_CBO      5.90687e+00     fixed    
   9  ANx2         3.16430e-04   constant   
  10  pNx2         2.82055e+00   constant   
  11  ANy1         0.00000e+00   constant   
  12  pNy1         0.00000e+00   constant   
  13  w_y          0.00000e+00   constant   
  14  ANy2         1.69732e-03   1.10132e-03   9.43911e-06  -2.32011e-03
  15  pNy2         2.23607e+00   constant   
  16  w_vw         1.43191e+01   constant   
  17  LM          -1.34420e-04   constant   
  18  wCBO_expCoeff   1.83777e+02   1.66719e+01   1.34266e-02   3.10356e-04
  19  wCBO_expOffset   1.98012e+02   2.77206e+00   2.23014e-03   1.86861e-03
  20  wCBO_expT    3.05249e+01   3.54099e-01   3.00709e-04   1.92625e-02
  21  wCBO_linCoeff   0.00000e+00   constant   
  22  wCBO_const  -2.54103e-03   5.82647e-03   4.73470e-06  -1.16162e+00
 EXTERNAL ERROR MATRIX.    NDIM=  25    NPAR=  7    ERR DEF=1
  1.271e-06 -1.062e-08  6.246e-10  3.542e-04  5.916e-05 -1.616e-05 -1.936e-08 
 -1.062e-08  1.848e-04 -8.531e-10 -2.349e-03 -4.022e-04 -2.629e-04 -7.828e-05 
  6.246e-10 -8.531e-10  1.213e-06 -7.607e-08 -1.197e-08  2.560e-08 -3.443e-10 
  3.542e-04 -2.349e-03 -7.607e-08  2.780e+02 -2.756e+01 -2.611e+00  3.731e-03 
  5.916e-05 -4.022e-04 -1.197e-08 -2.756e+01  7.684e+00 -4.359e-01  6.265e-04 
 -1.616e-05 -2.629e-04  2.560e-08 -2.611e+00 -4.359e-01  1.254e-01 -4.663e-05 
 -1.936e-08 -7.828e-05 -3.443e-10  3.731e-03  6.265e-04 -4.663e-05  3.395e-05 
ERR MATRIX NOT POS-DEF
 PARAMETER  CORRELATION COEFFICIENTS  
       NO.  GLOBAL      6      7     14     18     19     20     22
        6  0.07248   1.000 -0.001  0.001  0.019  0.019 -0.040 -0.003
        7  0.99589  -0.001  1.000 -0.000 -0.010 -0.011 -0.055 -0.988
       14  0.00097   0.001 -0.000  1.000 -0.000 -0.000  0.000 -0.000
       18  0.99557   0.019 -0.010 -0.000  1.000 -0.596 -0.442  0.038
       19  0.99558   0.019 -0.011 -0.000 -0.596  1.000 -0.444  0.039
       20  0.99508  -0.040 -0.055  0.000 -0.442 -0.444  1.000 -0.023
       22  0.99549  -0.003 -0.988 -0.000  0.038  0.039 -0.023  1.000
 ERR MATRIX NOT POS-DEF
MINUIT - FIT ONLY 2-CBO
 **********
 **   43 **RES 
 **********
                   PARAMETER    8  phi_CBO RESTORED TO VARIABLE.
                   PARAMETER    4  phi RESTORED TO VARIABLE.
                   PARAMETER    3  A0 RESTORED TO VARIABLE.
                   PARAMETER    1  N0 RESTORED TO VARIABLE.
 **********
 **   44 **FIX            0
 **********
 PARAMETER    0  IS UNDEFINED. IGNORED.
 **********
 **   45 **FIX            1
 **********
 **********
 **   46 **FIX            2
 **********
 PARAMETER    2  IS CONSTANT.   IGNORED.
 **********
 **   47 **FIX            3
 **********
 **********
 **   48 **FIX            4
 **********
 **********
 **   49 **FIX            5
 **********
 PARAMETER    5  IS CONSTANT.   IGNORED.
 **********
 **   50 **FIX            6
 **********
 **********
 **   51 **FIX            7
 **********
 **********
 **   52 **FIX           10
 **********
 PARAMETER   10  IS CONSTANT.   IGNORED.
 **********
 **   53 **FIX           11
 **********
 PARAMETER   11  IS CONSTANT.   IGNORED.
 **********
 **   54 **FIX           12
 **********
 PARAMETER   12  IS CONSTANT.   IGNORED.
 **********
 **   55 **FIX           13
 **********
 PARAMETER   13  IS CONSTANT.   IGNORED.
 **********
 **   56 **FIX           14
 **********
 **********
 **   57 **FIX           15
 **********
 PARAMETER   15  IS CONSTANT.   IGNORED.
 **********
 **   58 **FIX           16
 **********
 PARAMETER   16  IS CONSTANT.   IGNORED.
 **********
 **   59 **MIGRAD
 **********
 START MIGRAD MINIMIZATION.  STRATEGY  1.  CONVERGENCE WHEN EDM .LT. 1.00e-04
 FCN=305.581 FROM MIGRAD    STATUS=INITIATE       10 CALLS         528 TOTAL
                     EDM= unknown      STRATEGY= 1      NO ERROR MATRIX       
  EXT PARAMETER               CURRENT GUESS       STEP         FIRST   
  NO.   NAME      VALUE            ERROR          SIZE      DERIVATIVE 
   1  N0           3.30521e+06     fixed    
   2  tau          6.44004e+01   constant   
   3  A0           3.62450e-01     fixed    
   4  phi          4.12322e+00     fixed    
   5  R           -6.05915e+01   constant   
   6  A_CBO        1.57153e-03     fixed    
   7  w_CBO        2.32586e+00     fixed    
   8  phi_CBO      5.90687e+00   1.55013e+00   1.55013e+00   5.71382e-03
   9  ANx2         3.16430e-04   constant   
  10  pNx2         2.82055e+00   constant   
  11  ANy1         0.00000e+00   constant   
  12  pNy1         0.00000e+00   constant   
  13  w_y          0.00000e+00   constant   
  14  ANy2         1.69732e-03     fixed    
  15  pNy2         2.23607e+00   constant   
  16  w_vw         1.43191e+01   constant   
  17  LM          -1.34420e-04   constant   
  18  wCBO_expCoeff   1.83777e+02   1.66719e+01   1.34266e-02   3.09265e-04
  19  wCBO_expOffset   1.98012e+02   2.77206e+00   2.23014e-03   1.86435e-03
  20  wCBO_expT    3.05249e+01   3.54099e-01   3.00709e-04   1.92301e-02
  21  wCBO_linCoeff   0.00000e+00   constant   
  22  wCBO_const  -2.54103e-03   5.82647e-03   4.73470e-06  -1.15833e+00
 MIGRAD MINIMIZATION HAS CONVERGED.
 MIGRAD WILL VERIFY CONVERGENCE AND ERROR MATRIX.
 COVARIANCE MATRIX CALCULATED SUCCESSFULLY
 FCN=305.581 FROM MIGRAD    STATUS=CONVERGED      65 CALLS         583 TOTAL
                     EDM=4.10832e-05    STRATEGY= 1      ERROR MATRIX ACCURATE 
  EXT PARAMETER                                   STEP         FIRST   
  NO.   NAME      VALUE            ERROR          SIZE      DERIVATIVE 
   1  N0           3.30521e+06     fixed    
   2  tau          6.44004e+01   constant   
   3  A0           3.62450e-01     fixed    
   4  phi          4.12322e+00     fixed    
   5  R           -6.05915e+01   constant   
   6  A_CBO        1.57153e-03     fixed    
   7  w_CBO        2.32586e+00     fixed    
   8  phi_CBO      5.90475e+00   1.61224e+00   5.88928e-03   7.74150e-04
   9  ANx2         3.16430e-04   constant   
  10  pNx2         2.82055e+00   constant   
  11  ANy1         0.00000e+00   constant   
  12  pNy1         0.00000e+00   constant   
  13  w_y          0.00000e+00   constant   
  14  ANy2         1.69732e-03     fixed    
  15  pNy2         2.23607e+00   constant   
  16  w_vw         1.43191e+01   constant   
  17  LM          -1.34420e-04   constant   
  18  wCBO_expCoeff   1.83776e+02   5.05924e+01   1.34290e-02  -5.84515e-04
  19  wCBO_expOffset   1.98012e+02   8.45455e+00   2.23052e-03  -3.51899e-03
  20  wCBO_expT    3.05249e+01   7.07476e-01   3.00771e-04  -1.29909e-02
  21  wCBO_linCoeff   0.00000e+00   constant   
  22  wCBO_const  -2.54106e-03   1.55644e-03   4.73611e-06   2.54122e+00
 EXTERNAL ERROR MATRIX.    NDIM=  25    NPAR=  5    ERR DEF=1
  2.599e+00 -6.166e+00 -1.103e+00  2.854e-01  1.707e-03 
 -6.166e+00  2.560e+03 -3.530e+02 -1.021e+01  7.155e-03 
 -1.103e+00 -3.530e+02  7.148e+01 -1.819e+00  1.263e-03 
  2.854e-01 -1.021e+01 -1.819e+00  5.005e-01 -3.903e-04 
  1.707e-03  7.155e-03  1.263e-03 -3.903e-04  2.423e-06 
 PARAMETER  CORRELATION COEFFICIENTS  
       NO.  GLOBAL      8     18     19     20     22
        8  0.90414   1.000 -0.076 -0.081  0.250  0.680
       18  0.99952  -0.076  1.000 -0.825 -0.285  0.091
       19  0.99952  -0.081 -0.825  1.000 -0.304  0.096
       20  0.99876   0.250 -0.285 -0.304  1.000 -0.354
       22  0.93451   0.680  0.091  0.096 -0.354  1.000
MINUIT - FIT ONLY 1-y
 **********
 **   60 **RES 
 **********
                   PARAMETER   14  ANy2 RESTORED TO VARIABLE.
                   PARAMETER    7  w_CBO RESTORED TO VARIABLE.
                   PARAMETER    6  A_CBO RESTORED TO VARIABLE.
                   PARAMETER    4  phi RESTORED TO VARIABLE.
                   PARAMETER    3  A0 RESTORED TO VARIABLE.
                   PARAMETER    1  N0 RESTORED TO VARIABLE.
 **********
 **   61 **FIX            0
 **********
 PARAMETER    0  IS UNDEFINED. IGNORED.
 **********
 **   62 **FIX            1
 **********
 **********
 **   63 **FIX            2
 **********
 PARAMETER    2  IS CONSTANT.   IGNORED.
 **********
 **   64 **FIX            3
 **********
 **********
 **   65 **FIX            4
 **********
 **********
 **   66 **FIX            5
 **********
 PARAMETER    5  IS CONSTANT.   IGNORED.
 **********
 **   67 **FIX            6
 **********
 **********
 **   68 **FIX            7
 **********
 **********
 **   69 **FIX            8
 **********
 **********
 **   70 **FIX            9
 **********
 PARAMETER    9  IS CONSTANT.   IGNORED.
 **********
 **   71 **FIX           13
 **********
 PARAMETER   13  IS CONSTANT.   IGNORED.
 **********
 **   72 **FIX           14
 **********
 **********
 **   73 **FIX           15
 **********
 PARAMETER   15  IS CONSTANT.   IGNORED.
 **********
 **   74 **FIX           16
 **********
 PARAMETER   16  IS CONSTANT.   IGNORED.
 **********
 **   75 **MIGRAD
 **********
 START MIGRAD MINIMIZATION.  STRATEGY  1.  CONVERGENCE WHEN EDM .LT. 1.00e-04
 FCN=305.581 FROM MIGRAD    STATUS=INITIATE        8 CALLS         591 TOTAL
                     EDM= unknown      STRATEGY= 1      NO ERROR MATRIX       
  EXT PARAMETER               CURRENT GUESS       STEP         FIRST   
  NO.   NAME      VALUE            ERROR          SIZE      DERIVATIVE 
   1  N0           3.30521e+06     fixed    
   2  tau          6.44004e+01   constant   
   3  A0           3.62450e-01     fixed    
   4  phi          4.12322e+00     fixed    
   5  R           -6.05915e+01   constant   
   6  A_CBO        1.57153e-03     fixed    
   7  w_CBO        2.32586e+00     fixed    
   8  phi_CBO      5.90475e+00     fixed    
   9  ANx2         3.16430e-04   constant   
  10  pNx2         2.82055e+00   constant   
  11  ANy1         0.00000e+00   constant   
  12  pNy1         0.00000e+00   constant   
  13  w_y          0.00000e+00   constant   
  14  ANy2         1.69732e-03     fixed    
  15  pNy2         2.23607e+00   constant   
  16  w_vw         1.43191e+01   constant   
  17  LM          -1.34420e-04   constant   
  18  wCBO_expCoeff   1.83776e+02   5.05924e+01   1.34290e-02  -5.85479e-04
  19  wCBO_expOffset   1.98012e+02   8.45455e+00   2.23052e-03  -3.52250e-03
  20  wCBO_expT    3.05249e+01   7.07476e-01   3.00771e-04  -1.30187e-02
  21  wCBO_linCoeff   0.00000e+00   constant   
  22  wCBO_const  -2.54106e-03   1.55644e-03   4.73611e-06   2.54450e+00
 MIGRAD MINIMIZATION HAS CONVERGED.
 MIGRAD WILL VERIFY CONVERGENCE AND ERROR MATRIX.
 COVARIANCE MATRIX CALCULATED SUCCESSFULLY
 FCN=305.581 FROM MIGRAD    STATUS=CONVERGED      41 CALLS         624 TOTAL
                     EDM=1.83067e-05    STRATEGY= 1      ERROR MATRIX ACCURATE 
  EXT PARAMETER                                   STEP         FIRST   
  NO.   NAME      VALUE            ERROR          SIZE      DERIVATIVE 
   1  N0           3.30521e+06     fixed    
   2  tau          6.44004e+01   constant   
   3  A0           3.62450e-01     fixed    
   4  phi          4.12322e+00     fixed    
   5  R           -6.05915e+01   constant   
   6  A_CBO        1.57153e-03     fixed    
   7  w_CBO        2.32586e+00     fixed    
   8  phi_CBO      5.90475e+00     fixed    
   9  ANx2         3.16430e-04   constant   
  10  pNx2         2.82055e+00   constant   
  11  ANy1         0.00000e+00   constant   
  12  pNy1         0.00000e+00   constant   
  13  w_y          0.00000e+00   constant   
  14  ANy2         1.69732e-03     fixed    
  15  pNy2         2.23607e+00   constant   
  16  w_vw         1.43191e+01   constant   
  17  LM          -1.34420e-04   constant   
  18  wCBO_expCoeff   1.83777e+02   4.88338e+01   1.34282e-02   6.09562e-04
  19  wCBO_expOffset   1.98012e+02   8.14343e+00   2.23040e-03   3.67000e-03
  20  wCBO_expT    3.05249e+01   6.78314e-01   3.00759e-04   3.79773e-02
  21  wCBO_linCoeff   0.00000e+00   constant   
  22  wCBO_const  -2.54161e-03   1.13497e-03   4.73635e-06   3.05077e+00
 EXTERNAL ERROR MATRIX.    NDIM=  25    NPAR=  4    ERR DEF=1
  2.385e+03 -3.295e+02 -9.462e+00  1.111e-02 
 -3.295e+02  6.632e+01 -1.646e+00  1.926e-03 
 -9.462e+00 -1.646e+00  4.601e-01 -5.668e-04 
  1.111e-02  1.926e-03 -5.668e-04  1.288e-06 
 PARAMETER  CORRELATION COEFFICIENTS  
       NO.  GLOBAL     18     19     20     22
       18  0.99948   1.000 -0.829 -0.286  0.200
       19  0.99949  -0.829  1.000 -0.298  0.208
       20  0.99865  -0.286 -0.298  1.000 -0.736
       22  0.87278   0.200  0.208 -0.736  1.000
MINUIT - FIT ONLY 2-y
 **********
 **   76 **RES 
 **********
                   PARAMETER   14  ANy2 RESTORED TO VARIABLE.
                   PARAMETER    8  phi_CBO RESTORED TO VARIABLE.
                   PARAMETER    7  w_CBO RESTORED TO VARIABLE.
                   PARAMETER    6  A_CBO RESTORED TO VARIABLE.
                   PARAMETER    4  phi RESTORED TO VARIABLE.
                   PARAMETER    3  A0 RESTORED TO VARIABLE.
                   PARAMETER    1  N0 RESTORED TO VARIABLE.
 **********
 **   77 **FIX            0
 **********
 PARAMETER    0  IS UNDEFINED. IGNORED.
 **********
 **   78 **FIX            1
 **********
 **********
 **   79 **FIX            2
 **********
 PARAMETER    2  IS CONSTANT.   IGNORED.
 **********
 **   80 **FIX            3
 **********
 **********
 **   81 **FIX            4
 **********
 **********
 **   82 **FIX            5
 **********
 PARAMETER    5  IS CONSTANT.   IGNORED.
 **********
 **   83 **FIX            6
 **********
 **********
 **   84 **FIX            7
 **********
 **********
 **   85 **FIX            8
 **********
 **********
 **   86 **FIX            9
 **********
 PARAMETER    9  IS CONSTANT.   IGNORED.
 **********
 **   87 **FIX           10
 **********
 PARAMETER   10  IS CONSTANT.   IGNORED.
 **********
 **   88 **FIX           11
 **********
 PARAMETER   11  IS CONSTANT.   IGNORED.
 **********
 **   89 **FIX           12
 **********
 PARAMETER   12  IS CONSTANT.   IGNORED.
 **********
 **   90 **FIX           16
 **********
 PARAMETER   16  IS CONSTANT.   IGNORED.
 **********
 **   91 **MIGRAD
 **********
 START MIGRAD MINIMIZATION.  STRATEGY  1.  CONVERGENCE WHEN EDM .LT. 1.00e-04
 FCN=305.581 FROM MIGRAD    STATUS=INITIATE       10 CALLS         634 TOTAL
                     EDM= unknown      STRATEGY= 1      NO ERROR MATRIX       
  EXT PARAMETER               CURRENT GUESS       STEP         FIRST   
  NO.   NAME      VALUE            ERROR          SIZE      DERIVATIVE 
   1  N0           3.30521e+06     fixed    
   2  tau          6.44004e+01   constant   
   3  A0           3.62450e-01     fixed    
   4  phi          4.12322e+00     fixed    
   5  R           -6.05915e+01   constant   
   6  A_CBO        1.57153e-03     fixed    
   7  w_CBO        2.32586e+00     fixed    
   8  phi_CBO      5.90475e+00     fixed    
   9  ANx2         3.16430e-04   constant   
  10  pNx2         2.82055e+00   constant   
  11  ANy1         0.00000e+00   constant   
  12  pNy1         0.00000e+00   constant   
  13  w_y          0.00000e+00   constant   
  14  ANy2         1.69732e-03   1.10132e-03   1.10132e-03   1.81179e-03
  15  pNy2         2.23607e+00   constant   
  16  w_vw         1.43191e+01   constant   
  17  LM          -1.34420e-04   constant   
  18  wCBO_expCoeff   1.83777e+02   4.88338e+01   1.34282e-02   6.08524e-04
  19  wCBO_expOffset   1.98012e+02   8.14343e+00   2.23040e-03   3.66605e-03
  20  wCBO_expT    3.05249e+01   6.78314e-01   3.00759e-04   3.79467e-02
  21  wCBO_linCoeff   0.00000e+00   constant   
  22  wCBO_const  -2.54161e-03   1.13497e-03   4.73635e-06   3.05405e+00
 MIGRAD MINIMIZATION HAS CONVERGED.
 MIGRAD WILL VERIFY CONVERGENCE AND ERROR MATRIX.
 COVARIANCE MATRIX CALCULATED SUCCESSFULLY
 FCN=305.581 FROM MIGRAD    STATUS=CONVERGED      53 CALLS         677 TOTAL
                     EDM=1.74924e-05    STRATEGY= 1      ERROR MATRIX ACCURATE 
  EXT PARAMETER                                   STEP         FIRST   
  NO.   NAME      VALUE            ERROR          SIZE      DERIVATIVE 
   1  N0           3.30521e+06     fixed    
   2  tau          6.44004e+01   constant   
   3  A0           3.62450e-01     fixed    
   4  phi          4.12322e+00     fixed    
   5  R           -6.05915e+01   constant   
   6  A_CBO        1.57153e-03     fixed    
   7  w_CBO        2.32586e+00     fixed    
   8  phi_CBO      5.90475e+00     fixed    
   9  ANx2         3.16430e-04   constant   
  10  pNx2         2.82055e+00   constant   
  11  ANy1         0.00000e+00   constant   
  12  pNy1         0.00000e+00   constant   
  13  w_y          0.00000e+00   constant   
  14  ANy2         1.69732e-03   1.10405e-03   9.43911e-06   6.43674e-04
  15  pNy2         2.23607e+00   constant   
  16  w_vw         1.43191e+01   constant   
  17  LM          -1.34420e-04   constant   
  18  wCBO_expCoeff   1.83777e+02   4.95657e+01   1.34287e-02  -2.49756e-04
  19  wCBO_expOffset   1.98012e+02   8.27526e+00   2.23046e-03  -1.50357e-03
  20  wCBO_expT    3.05249e+01   6.81603e-01   3.00769e-04  -9.44710e-04
  21  wCBO_linCoeff   0.00000e+00   constant   
  22  wCBO_const  -2.54176e-03   1.13785e-03   4.73642e-06   8.47988e-01
 EXTERNAL ERROR MATRIX.    NDIM=  25    NPAR=  5    ERR DEF=1
  1.219e-06 -1.946e-06 -3.324e-07  1.138e-07 -8.030e-10 
 -1.946e-06  2.457e+03 -3.414e+02 -9.480e+00  1.114e-02 
 -3.324e-07 -3.414e+02  6.848e+01 -1.674e+00  1.959e-03 
  1.138e-07 -9.480e+00 -1.674e+00  4.646e-01 -5.722e-04 
 -8.030e-10  1.114e-02  1.959e-03 -5.722e-04  1.295e-06 
 PARAMETER  CORRELATION COEFFICIENTS  
       NO.  GLOBAL     14     18     19     20     22
       14  0.00084   1.000 -0.000 -0.000  0.000 -0.001
       18  0.99950  -0.000  1.000 -0.832 -0.281  0.197
       19  0.99950  -0.000 -0.832  1.000 -0.297  0.208
       20  0.99867   0.000 -0.281 -0.297  1.000 -0.738
       22  0.87346  -0.001  0.197  0.208 -0.738  1.000
MINUIT - FIT ALTOGETHER
 **********
 **   92 **RES 
 **********
                   PARAMETER    8  phi_CBO RESTORED TO VARIABLE.
                   PARAMETER    7  w_CBO RESTORED TO VARIABLE.
                   PARAMETER    6  A_CBO RESTORED TO VARIABLE.
                   PARAMETER    4  phi RESTORED TO VARIABLE.
                   PARAMETER    3  A0 RESTORED TO VARIABLE.
                   PARAMETER    1  N0 RESTORED TO VARIABLE.
 **********
 **   93 **MIGRAD
 **********
 START MIGRAD MINIMIZATION.  STRATEGY  1.  CONVERGENCE WHEN EDM .LT. 1.00e-04
 FCN=305.581 FROM MIGRAD    STATUS=INITIATE       22 CALLS         699 TOTAL
                     EDM= unknown      STRATEGY= 1      NO ERROR MATRIX       
  EXT PARAMETER               CURRENT GUESS       STEP         FIRST   
  NO.   NAME      VALUE            ERROR          SIZE      DERIVATIVE 
   1  N0           3.30521e+06   2.57526e+03   2.57526e+03   3.05090e-05
   2  tau          6.44004e+01   constant   
   3  A0           3.62450e-01   1.04214e-03   1.04214e-03   1.50183e+01
   4  phi          4.12322e+00   2.94325e-03   2.94325e-03   2.48478e+01
   5  R           -6.05915e+01   constant   
   6  A_CBO        1.57153e-03   1.12755e-03   1.12755e-03  -6.26470e-01
   7  w_CBO        2.32586e+00   1.35935e-02   1.35935e-02   3.45308e-01
   8  phi_CBO      5.90475e+00   1.61224e+00   1.61224e+00   2.21913e-03
   9  ANx2         3.16430e-04   constant   
  10  pNx2         2.82055e+00   constant   
  11  ANy1         0.00000e+00   constant   
  12  pNy1         0.00000e+00   constant   
  13  w_y          0.00000e+00   constant   
  14  ANy2         1.69732e-03   1.10405e-03   9.43911e-06   6.43454e-04
  15  pNy2         2.23607e+00   constant   
  16  w_vw         1.43191e+01   constant   
  17  LM          -1.34420e-04   constant   
  18  wCBO_expCoeff   1.83777e+02   4.95657e+01   1.34287e-02  -2.50757e-04
  19  wCBO_expOffset   1.98012e+02   8.27526e+00   2.23046e-03  -1.50730e-03
  20  wCBO_expT    3.05249e+01   6.81603e-01   3.00769e-04  -9.73890e-04
  21  wCBO_linCoeff   0.00000e+00   constant   
  22  wCBO_const  -2.54176e-03   1.13785e-03   4.73642e-06   8.51284e-01
 MIGRAD MINIMIZATION HAS CONVERGED.
 MIGRAD WILL VERIFY CONVERGENCE AND ERROR MATRIX.
 FCN=305.578 FROM MIGRAD    STATUS=CONVERGED     196 CALLS         873 TOTAL
                     EDM=3.34877e-05    STRATEGY= 1      ERR MATRIX NOT POS-DEF
  EXT PARAMETER                APPROXIMATE        STEP         FIRST   
  NO.   NAME      VALUE            ERROR          SIZE      DERIVATIVE 
   1  N0           3.30510e+06   2.60219e+03   2.01567e+01  -7.17615e-09
