 + ++++++++++++++++++++++++++++++++++++++++++++++++++++++++++++++++++++ +
 +                                                                      +
 +           You have chose to blind your fitting according to          +
 +                omega_ref * (1 + (R +/- deltaR) *10^{-6})             +
 +                                                                      +
 + ++++++++++++++++++++++++++++++++++++++++++++++++++++++++++++++++++++ +
In main()...
reading format from /gm2data/zkhechad/run45/envelope/formats/formatB_sBin_constraintOn.txt
pBinTau 	= 0  
pBinPhi 	= 0  
constraintau 	= 1 
includeMopTerm 	= 0    
constrainMop    = 0   
Parameters after format file: pBinTau 0 pBinPhi 0 constraintau 1 includeMopTerm 0 constrainMop 0 c_e_scale 0.000000 
reading cbo reference file (full fit) from /gm2data/zkhechad/cboTemplates/Run4CBOTemplates/fullFits/run4/sBin_constraintOn_cE0.0_seed0_run4_calo16.root
A_CBO 0.009336 w_CBO 2.326091 phi_CBO 1.561564 N0 3000865.229519 R -62.230085 tau 64.400102 
Reading cboRef file /gm2data/zkhechad/cboTemplates/Run4CBOTemplates//cboIsolate/run4_calo16.root
deltaT 164.120000
windowBins = 1100
fitting sliding window 2000 from bin 2203 at 328.687600 to bin 3303 at 492.807600 (1100 bins)

Reading data from /gm2data/cornell/histograms/aMethod/histogram_a_run4.root
fitting cbo isolate
 **********
 **    1 **SET PRINTOUT            1
 **********
 **********
 **    2 **SET NOWARNINGS 
 **********
 PARAMETER DEFINITIONS:
    NO.   NAME         VALUE      STEP SIZE      LIMITS
     1 A_CBO        9.33615e-03  1.00000e-05     no limits
     2 w_CBO        2.32609e+00  1.00000e-02    2.00000e+00  3.00000e+00
     3 phi_CBO      1.56156e+00  1.00000e-02    0.00000e+00  6.28319e+00
 **********
 **    3 **MIGRAD
 **********
 FIRST CALL TO USER FUNCTION AT NEW START POINT, WITH IFLAG=4.
 START MIGRAD MINIMIZATION.  STRATEGY  1.  CONVERGENCE WHEN EDM .LT. 1.00e-04
 FCN=0.133882 FROM MIGRAD    STATUS=INITIATE       12 CALLS          13 TOTAL
                     EDM= unknown      STRATEGY= 1      NO ERROR MATRIX       
  EXT PARAMETER               CURRENT GUESS       STEP         FIRST   
  NO.   NAME      VALUE            ERROR          SIZE      DERIVATIVE 
   1  A_CBO        9.33615e-03   1.00000e-05   1.00000e-05   8.03703e+00
   2  w_CBO        2.32609e+00   1.00000e-02   2.13342e-02  -3.33013e-01
   3  phi_CBO      1.56156e+00   1.00000e-02   3.68279e-03   5.93974e-03
 MIGRAD MINIMIZATION HAS CONVERGED.
 MIGRAD WILL VERIFY CONVERGENCE AND ERROR MATRIX.
 COVARIANCE MATRIX CALCULATED SUCCESSFULLY
 FCN=0.104577 FROM HESSE     STATUS=OK             16 CALLS          50 TOTAL
                     EDM=6.71629e-05    STRATEGY= 1      ERROR MATRIX ACCURATE 
  EXT PARAMETER                                   STEP         FIRST   
  NO.   NAME      VALUE            ERROR          SIZE      DERIVATIVE 
   1  A_CBO        2.04375e-03   4.40110e-02   2.18572e-05  -1.61477e-02
   2  w_CBO        2.32617e+00   3.83010e-01   5.71516e-05   7.11877e-03
   3  phi_CBO      1.50114e+00   5.51061e+00   4.07244e-03   1.40914e-04
 MIGRAD MINIMIZATION HAS CONVERGED.
 FCN=0.104537 FROM MIGRAD    STATUS=CONVERGED      65 CALLS          66 TOTAL
                     EDM=6.17706e-06    STRATEGY= 1  ERROR MATRIX UNCERTAINTY  13.1 per cent
  EXT PARAMETER                                   STEP         FIRST   
  NO.   NAME      VALUE            ERROR          SIZE      DERIVATIVE 
   1  A_CBO        2.08010e-03   4.23665e-02   1.38076e-05   4.91930e-03
   2  w_CBO        2.32461e+00   2.84176e-01  -1.65435e-03  -3.01794e-02
   3  phi_CBO      9.15761e-01   3.21211e+00  -1.21267e-01   4.70353e-04
 EXTERNAL ERROR MATRIX.    NDIM=  25    NPAR=  3    ERR DEF=1
  1.795e-03 -1.133e-03 -4.635e-01 
 -1.133e-03  9.325e-02  3.369e+01 
 -4.635e-01  3.369e+01  1.239e+04 
 PARAMETER  CORRELATION COEFFICIENTS  
       NO.  GLOBAL      1      2      3
        1  0.12285   1.000 -0.088 -0.098
        2  0.99113  -0.088  1.000  0.991
        3  0.99115  -0.098  0.991  1.000
setting A_CBO=0.002080 w_CBO=2.324611, phi_CBO=0.915761
done fitting cbo isolate
 **********
 **    1 **SET PRINTOUT            1
 **********
 **********
 **    2 **SET NOWARNINGS 
 **********
 PARAMETER DEFINITIONS:
    NO.   NAME         VALUE      STEP SIZE      LIMITS
     1 N0           3.00087e+06  1.00000e+02     no limits
     2 tau          6.44001e+01  constant
     3 A0           3.49583e-01  1.00000e-04     no limits
     4 phi          4.11719e+00  1.00000e-02     no limits
     5 R           -6.22301e+01  constant
     6 A_CBO        2.08010e-03  1.00000e-05     no limits
     7 w_CBO        2.32461e+00  1.00000e-03     no limits
     8 phi_CBO      9.15761e-01  1.00000e-04     no limits
     9 ANx2         8.68669e-04  constant
    10 pNx2         4.82289e+00  constant
    11 ANy1         0.00000e+00  constant
    12 pNy1         0.00000e+00  constant
    13 w_y          0.00000e+00  constant
    14 ANy2         6.17882e-03  1.00000e-04     no limits
    15 pNy2         1.49923e+00  constant
    16 w_vw         1.43037e+01  constant
    17 LM          -2.26665e-04  constant
    18 wCBO_expCoeff   2.00000e+02  1.00000e+00     no limits
    19 wCBO_expOffset   2.00000e+02  1.00000e+00     no limits
    20 wCBO_expT    3.00000e+01  1.00000e+00     no limits
    21 wCBO_linCoeff   0.00000e+00  constant
    22 wCBO_const   0.00000e+00  1.00000e-02     no limits
MINUIT - FIT ONLY WIGGLE
 **********
 **    3 **FIX            5
 **********
 PARAMETER    5  IS CONSTANT.   IGNORED.
 **********
 **    4 **FIX            6
 **********
 **********
 **    5 **FIX            7
 **********
 **********
 **    6 **FIX            8
 **********
 **********
 **    7 **FIX            9
 **********
 PARAMETER    9  IS CONSTANT.   IGNORED.
 **********
 **    8 **FIX           10
 **********
 PARAMETER   10  IS CONSTANT.   IGNORED.
 **********
 **    9 **FIX           11
 **********
 PARAMETER   11  IS CONSTANT.   IGNORED.
 **********
 **   10 **FIX           12
 **********
 PARAMETER   12  IS CONSTANT.   IGNORED.
 **********
 **   11 **FIX           13
 **********
 PARAMETER   13  IS CONSTANT.   IGNORED.
 **********
 **   12 **FIX           14
 **********
 **********
 **   13 **FIX           15
 **********
 PARAMETER   15  IS CONSTANT.   IGNORED.
 **********
 **   14 **FIX           16
 **********
 PARAMETER   16  IS CONSTANT.   IGNORED.
 **********
 **   15 **MIGRAD
 **********
 FIRST CALL TO USER FUNCTION AT NEW START POINT, WITH IFLAG=4.
 START MIGRAD MINIMIZATION.  STRATEGY  1.  CONVERGENCE WHEN EDM .LT. 1.00e-04
 FCN=419.675 FROM MIGRAD    STATUS=INITIATE       60 CALLS          61 TOTAL
                     EDM= unknown      STRATEGY= 1      NO ERROR MATRIX       
  EXT PARAMETER               CURRENT GUESS       STEP         FIRST   
  NO.   NAME      VALUE            ERROR          SIZE      DERIVATIVE 
   1  N0           3.00087e+06   1.00000e+02   0.00000e+00   2.06121e-03
   2  tau          6.44001e+01   constant   
   3  A0           3.49583e-01   1.00000e-04   0.00000e+00   1.71640e+02
   4  phi          4.11719e+00   1.00000e-02   0.00000e+00   5.24405e+02
   5  R           -6.22301e+01   constant   
   6  A_CBO        2.08010e-03     fixed    
   7  w_CBO        2.32461e+00     fixed    
   8  phi_CBO      9.15761e-01     fixed    
   9  ANx2         8.68669e-04   constant   
  10  pNx2         4.82289e+00   constant   
  11  ANy1         0.00000e+00   constant   
  12  pNy1         0.00000e+00   constant   
  13  w_y          0.00000e+00   constant   
  14  ANy2         6.17882e-03     fixed    
  15  pNy2         1.49923e+00   constant   
  16  w_vw         1.43037e+01   constant   
  17  LM          -2.26665e-04   constant   
  18  wCBO_expCoeff   1.99801e+02   1.00000e+00  -1.99037e-01  -2.22955e+00
  19  wCBO_expOffset   2.00000e+02   1.00000e+00   0.00000e+00  -1.48487e+01
  20  wCBO_expT    3.00000e+01   1.00000e+00   0.00000e+00   6.80956e+00
  21  wCBO_linCoeff   0.00000e+00   constant   
  22  wCBO_const   0.00000e+00   1.00000e-02   0.00000e+00  -2.61091e+03
 MIGRAD MINIMIZATION HAS CONVERGED.
 FCN=402.71 FROM MIGRAD    STATUS=CONVERGED     317 CALLS         318 TOTAL
                     EDM=2.46388e-07    STRATEGY= 1  ERROR MATRIX UNCERTAINTY   1.1 per cent
  EXT PARAMETER                                   STEP         FIRST   
  NO.   NAME      VALUE            ERROR          SIZE      DERIVATIVE 
   1  N0           2.99893e+06   1.29579e+03   1.27357e+00   2.02198e-07
   2  tau          6.44001e+01   constant   
   3  A0           3.49635e-01   5.86974e-04   1.14786e-06  -7.76780e-01
   4  phi          4.11646e+00   1.72804e-03   4.99256e-06  -6.48923e-02
   5  R           -6.22301e+01   constant   
   6  A_CBO        2.08010e-03     fixed    
   7  w_CBO        2.32461e+00     fixed    
   8  phi_CBO      9.15761e-01     fixed    
   9  ANx2         8.68669e-04   constant   
  10  pNx2         4.82289e+00   constant   
  11  ANy1         0.00000e+00   constant   
  12  pNy1         0.00000e+00   constant   
  13  w_y          0.00000e+00   constant   
  14  ANy2         6.17882e-03     fixed    
  15  pNy2         1.49923e+00   constant   
  16  w_vw         1.43037e+01   constant   
  17  LM          -2.26665e-04   constant   
  18  wCBO_expCoeff   2.01458e+02   4.48435e-01  -8.33431e-04   2.00876e-04
  19  wCBO_expOffset   2.00249e+02   6.73115e-02  -1.25222e-04   1.47974e-03
  20  wCBO_expT    2.98770e+01   3.10606e-02   5.97295e-05  -2.72566e-02
  21  wCBO_linCoeff   0.00000e+00   constant   
  22  wCBO_const   4.70127e-03   8.80839e-04  -1.92407e-06  -1.50635e+00
 EXTERNAL ERROR MATRIX.    NDIM=  25    NPAR=  7    ERR DEF=1
  1.679e+06  5.135e-03  5.169e-02  8.030e+00  1.180e+00 -5.492e-01  2.553e-02 
  5.135e-03  3.445e-07 -1.038e-08 -2.815e-06 -4.074e-07  1.883e-07 -1.351e-08 
  5.169e-02 -1.038e-08  2.986e-06  3.536e-05  5.289e-06 -2.373e-06  8.294e-08 
  8.030e+00 -2.815e-06  3.536e-05  2.011e-01  2.962e-02 -1.381e-02  2.927e-04 
  1.180e+00 -4.074e-07  5.289e-06  2.962e-02  4.531e-03 -2.073e-03  4.393e-05 
 -5.492e-01  1.883e-07 -2.373e-06 -1.381e-02 -2.073e-03  9.648e-04 -2.163e-05 
  2.553e-02 -1.351e-08  8.294e-08  2.927e-04  4.393e-05 -2.163e-05  7.759e-07 
 PARAMETER  CORRELATION COEFFICIENTS  
       NO.  GLOBAL      1      3      4     18     19     20     22
        1  0.04347   1.000  0.007  0.023  0.014  0.014 -0.014  0.022
        3  0.05726   0.007  1.000 -0.010 -0.011 -0.010  0.010 -0.026
        4  0.09866   0.023 -0.010  1.000  0.046  0.045 -0.044  0.054
       18  0.99613   0.014 -0.011  0.046  1.000  0.981 -0.992  0.741
       19  0.99613   0.014 -0.010  0.045  0.981  1.000 -0.992  0.741
       20  0.99897  -0.014  0.010 -0.044 -0.992 -0.992  1.000 -0.791
       22  0.93640   0.022 -0.026  0.054  0.741  0.741 -0.791  1.000
MINUIT - FIT ONLY 1-CBO + other amplitudes 
 **********
 **   16 **RES 
 **********
                   PARAMETER   14  ANy2 RESTORED TO VARIABLE.
                   PARAMETER    8  phi_CBO RESTORED TO VARIABLE.
                   PARAMETER    7  w_CBO RESTORED TO VARIABLE.
                   PARAMETER    6  A_CBO RESTORED TO VARIABLE.
 **********
 **   17 **FIX            0
 **********
 PARAMETER    0  IS UNDEFINED. IGNORED.
 **********
 **   18 **FIX            1
 **********
 **********
 **   19 **FIX            2
 **********
 PARAMETER    2  IS CONSTANT.   IGNORED.
 **********
 **   20 **FIX            3
 **********
 **********
 **   21 **FIX            4
 **********
 **********
 **   22 **FIX            9
 **********
 PARAMETER    9  IS CONSTANT.   IGNORED.
 **********
 **   23 **FIX           11
 **********
 PARAMETER   11  IS CONSTANT.   IGNORED.
 **********
 **   24 **FIX           12
 **********
 PARAMETER   12  IS CONSTANT.   IGNORED.
 **********
 **   25 **FIX           14
 **********
 **********
 **   26 **FIX           15
 **********
 PARAMETER   15  IS CONSTANT.   IGNORED.
 **********
 **   27 **FIX           16
 **********
 PARAMETER   16  IS CONSTANT.   IGNORED.
 **********
 **   28 **MIGRAD
 **********
 START MIGRAD MINIMIZATION.  STRATEGY  1.  CONVERGENCE WHEN EDM .LT. 1.00e-04
 FCN=402.71 FROM MIGRAD    STATUS=INITIATE       20 CALLS         338 TOTAL
                     EDM= unknown      STRATEGY= 1      NO ERROR MATRIX       
  EXT PARAMETER               CURRENT GUESS       STEP         FIRST   
  NO.   NAME      VALUE            ERROR          SIZE      DERIVATIVE 
   1  N0           2.99893e+06     fixed    
   2  tau          6.44001e+01   constant   
   3  A0           3.49635e-01     fixed    
   4  phi          4.11646e+00     fixed    
   5  R           -6.22301e+01   constant   
   6  A_CBO        2.08010e-03   1.00000e-05   1.00000e-05   5.22392e+03
   7  w_CBO        2.32461e+00   1.00000e-03   1.00000e-03  -6.35647e-01
   8  phi_CBO      9.15761e-01   1.00000e-04   1.00000e-04  -3.37461e+00
   9  ANx2         8.68669e-04   constant   
  10  pNx2         4.82289e+00   constant   
  11  ANy1         0.00000e+00   constant   
  12  pNy1         0.00000e+00   constant   
  13  w_y          0.00000e+00   constant   
  14  ANy2         6.17882e-03     fixed    
  15  pNy2         1.49923e+00   constant   
  16  w_vw         1.43037e+01   constant   
  17  LM          -2.26665e-04   constant   
  18  wCBO_expCoeff   2.01458e+02   4.48435e-01  -8.33431e-04   2.00875e-04
  19  wCBO_expOffset   2.00249e+02   6.73115e-02  -1.25222e-04   1.47974e-03
  20  wCBO_expT    2.98770e+01   3.10606e-02   5.97295e-05  -2.72566e-02
  21  wCBO_linCoeff   0.00000e+00   constant   
  22  wCBO_const   4.70127e-03   8.80839e-04  -1.92407e-06  -1.50635e+00
 MIGRAD MINIMIZATION HAS CONVERGED.
 MIGRAD WILL VERIFY CONVERGENCE AND ERROR MATRIX.
 COVARIANCE MATRIX CALCULATED SUCCESSFULLY
 FCN=399.31 FROM MIGRAD    STATUS=CONVERGED     230 CALLS         548 TOTAL
                     EDM=3.85705e-09    STRATEGY= 1      ERROR MATRIX ACCURATE 
  EXT PARAMETER                                   STEP         FIRST   
  NO.   NAME      VALUE            ERROR          SIZE      DERIVATIVE 
   1  N0           2.99893e+06     fixed    
   2  tau          6.44001e+01   constant   
   3  A0           3.49635e-01     fixed    
   4  phi          4.11646e+00     fixed    
   5  R           -6.22301e+01   constant   
   6  A_CBO        1.09679e-03   6.18030e-04   5.98791e-06   1.61669e-02
   7  w_CBO        2.32511e+00   1.47279e-02   3.21895e-06  -6.28991e-03
   8  phi_CBO      1.45916e+00   6.57145e-01   5.47671e-03   1.57619e-05
   9  ANx2         8.68669e-04   constant   
  10  pNx2         4.82289e+00   constant   
  11  ANy1         0.00000e+00   constant   
  12  pNy1         0.00000e+00   constant   
  13  w_y          0.00000e+00   constant   
  14  ANy2         6.17882e-03     fixed    
  15  pNy2         1.49923e+00   constant   
  16  w_vw         1.43037e+01   constant   
  17  LM          -2.26665e-04   constant   
  18  wCBO_expCoeff   2.01550e+02   1.52320e+00   4.61371e-04  -2.06523e-04
  19  wCBO_expOffset   2.00262e+02   2.09067e-01   9.54926e-05  -1.39835e-03
  20  wCBO_expT    2.98691e+01   2.74730e-02   1.45487e-05  -8.43185e-03
  21  wCBO_linCoeff   0.00000e+00   constant   
  22  wCBO_const   4.93118e-03   6.33078e-03   3.09004e-06   2.68274e-02
 EXTERNAL ERROR MATRIX.    NDIM=  25    NPAR=  7    ERR DEF=1
  3.820e-07 -2.474e-08 -1.514e-05 -5.228e-06 -2.269e-06  9.352e-07 -4.674e-08 
 -2.474e-08  2.169e-04  1.988e-04 -9.945e-03 -1.047e-03 -6.101e-05 -9.251e-05 
 -1.514e-05  1.988e-04  4.318e-01  2.850e-02  3.253e-03 -2.110e-03  4.757e-05 
 -5.228e-06 -9.945e-03  2.850e-02  2.320e+00 -1.735e-01 -9.743e-03  4.489e-03 
 -2.269e-06 -1.047e-03  3.253e-03 -1.735e-01  4.371e-02 -1.040e-03  4.728e-04 
  9.352e-07 -6.101e-05 -2.110e-03 -9.743e-03 -1.040e-03  7.548e-04  1.038e-05 
 -4.674e-08 -9.251e-05  4.757e-05  4.489e-03  4.728e-04  1.038e-05  4.008e-05 
 PARAMETER  CORRELATION COEFFICIENTS  
       NO.  GLOBAL      6      7      8     18     19     20     22
        6  0.12814   1.000 -0.003 -0.037 -0.006 -0.018  0.055 -0.012
        7  0.99975  -0.003  1.000  0.021 -0.443 -0.340 -0.151 -0.992
        8  0.52265  -0.037  0.021  1.000  0.028  0.024 -0.117  0.011
       18  0.99952  -0.006 -0.443  0.028  1.000 -0.545 -0.233  0.466
       19  0.99944  -0.018 -0.340  0.024 -0.545  1.000 -0.181  0.357
       20  0.99853   0.055 -0.151 -0.117 -0.233 -0.181  1.000  0.060
       22  0.99875  -0.012 -0.992  0.011  0.466  0.357  0.060  1.000
MINUIT - FIT ONLY 1-CBO
 **********
 **   29 **RES 
 **********
                   PARAMETER   14  ANy2 RESTORED TO VARIABLE.
                   PARAMETER    4  phi RESTORED TO VARIABLE.
                   PARAMETER    3  A0 RESTORED TO VARIABLE.
                   PARAMETER    1  N0 RESTORED TO VARIABLE.
 **********
 **   30 **FIX            0
 **********
 PARAMETER    0  IS UNDEFINED. IGNORED.
 **********
 **   31 **FIX            1
 **********
 **********
 **   32 **FIX            2
 **********
 PARAMETER    2  IS CONSTANT.   IGNORED.
 **********
 **   33 **FIX            3
 **********
 **********
 **   34 **FIX            4
 **********
 **********
 **   35 **FIX            8
 **********
 **********
 **   36 **FIX            9
 **********
 PARAMETER    9  IS CONSTANT.   IGNORED.
 **********
 **   37 **FIX           11
 **********
 PARAMETER   11  IS CONSTANT.   IGNORED.
 **********
 **   38 **FIX           12
 **********
 PARAMETER   12  IS CONSTANT.   IGNORED.
 **********
 **   39 **FIX           13
 **********
 PARAMETER   13  IS CONSTANT.   IGNORED.
 **********
 **   40 **FIX           15
 **********
 PARAMETER   15  IS CONSTANT.   IGNORED.
 **********
 **   41 **FIX           16
 **********
 PARAMETER   16  IS CONSTANT.   IGNORED.
 **********
 **   42 **MIGRAD
 **********
 START MIGRAD MINIMIZATION.  STRATEGY  1.  CONVERGENCE WHEN EDM .LT. 1.00e-04
 FCN=399.31 FROM MIGRAD    STATUS=INITIATE       16 CALLS         564 TOTAL
                     EDM= unknown      STRATEGY= 1      NO ERROR MATRIX       
  EXT PARAMETER               CURRENT GUESS       STEP         FIRST   
  NO.   NAME      VALUE            ERROR          SIZE      DERIVATIVE 
   1  N0           2.99893e+06     fixed    
   2  tau          6.44001e+01   constant   
   3  A0           3.49635e-01     fixed    
   4  phi          4.11646e+00     fixed    
   5  R           -6.22301e+01   constant   
   6  A_CBO        1.09679e-03   6.18030e-04   5.98791e-06   1.61672e-02
   7  w_CBO        2.32511e+00   1.47279e-02   3.21895e-06  -6.85760e-03
   8  phi_CBO      1.45916e+00     fixed    
   9  ANx2         8.68669e-04   constant   
  10  pNx2         4.82289e+00   constant   
  11  ANy1         0.00000e+00   constant   
  12  pNy1         0.00000e+00   constant   
  13  w_y          0.00000e+00   constant   
  14  ANy2         6.17882e-03   1.00000e-04   1.00000e-04   3.08392e+04
  15  pNy2         1.49923e+00   constant   
  16  w_vw         1.43037e+01   constant   
  17  LM          -2.26665e-04   constant   
  18  wCBO_expCoeff   2.01550e+02   1.52320e+00   4.61371e-04  -2.12535e-04
  19  wCBO_expOffset   2.00262e+02   2.09067e-01   9.54926e-05  -1.88435e-03
  20  wCBO_expT    2.98691e+01   2.74730e-02   1.45487e-05  -9.40228e-03
  21  wCBO_linCoeff   0.00000e+00   constant   
  22  wCBO_const   4.93118e-03   6.33078e-03   3.09004e-06   2.58510e-02
 MIGRAD MINIMIZATION HAS CONVERGED.
 MIGRAD WILL VERIFY CONVERGENCE AND ERROR MATRIX.
 COVARIANCE MATRIX CALCULATED SUCCESSFULLY
 FCN=309.528 FROM MIGRAD    STATUS=CONVERGED     206 CALLS         754 TOTAL
                     EDM=2.01536e-07    STRATEGY= 1      ERROR MATRIX ACCURATE 
  EXT PARAMETER                                   STEP         FIRST   
  NO.   NAME      VALUE            ERROR          SIZE      DERIVATIVE 
   1  N0           2.99893e+06     fixed    
   2  tau          6.44001e+01   constant   
   3  A0           3.49635e-01     fixed    
   4  phi          4.11646e+00     fixed    
   5  R           -6.22301e+01   constant   
   6  A_CBO        9.58456e-04   6.18693e-04   5.25662e-06   9.79011e-01
   7  w_CBO        2.32441e+00   1.76132e-02   3.95282e-06  -1.24994e-01
   8  phi_CBO      1.45916e+00     fixed    
   9  ANx2         8.68669e-04   constant   
  10  pNx2         4.82289e+00   constant   
  11  ANy1         0.00000e+00   constant   
  12  pNy1         0.00000e+00   constant   
  13  w_y          0.00000e+00   constant   
  14  ANy2         3.51152e-04   6.16012e-04   5.28271e-06   1.88041e-02
  15  pNy2         1.49923e+00   constant   
  16  w_vw         1.43037e+01   constant   
  17  LM          -2.26665e-04   constant   
  18  wCBO_expCoeff   2.01374e+02   1.54949e+00   6.09419e-04  -2.85905e-04
  19  wCBO_expOffset   2.00237e+02   2.26453e-01   9.54802e-05  -1.93008e-03
  20  wCBO_expT    2.98826e+01   3.67567e-02   1.87151e-05  -1.21695e-02
  21  wCBO_linCoeff   0.00000e+00   constant   
  22  wCBO_const   5.00348e-03   7.53698e-03   3.37705e-06  -2.31486e-01
 EXTERNAL ERROR MATRIX.    NDIM=  25    NPAR=  7    ERR DEF=1
  3.828e-07 -2.392e-09  8.485e-09 -4.659e-06 -9.411e-07  6.285e-07 -6.622e-08 
 -2.392e-09  3.102e-04  1.861e-07 -1.138e-02 -1.599e-03 -1.540e-04 -1.320e-04 
  8.485e-09  1.861e-07  3.795e-07  1.656e-05  2.225e-06 -1.486e-06 -6.314e-08 
 -4.659e-06 -1.138e-02  1.656e-05  2.401e+00 -1.456e-01 -1.418e-02  5.122e-03 
 -9.411e-07 -1.599e-03  2.225e-06 -1.456e-01  5.128e-02 -2.004e-03  7.203e-04 
  6.285e-07 -1.540e-04 -1.486e-06 -1.418e-02 -2.004e-03  1.351e-03  4.566e-05 
 -6.622e-08 -1.320e-04 -6.314e-08  5.122e-03  7.203e-04  4.566e-05  5.681e-05 
 PARAMETER  CORRELATION COEFFICIENTS  
       NO.  GLOBAL      6      7     14     18     19     20     22
        6  0.15804   1.000 -0.000  0.022 -0.005 -0.007  0.028 -0.014
        7  0.99966  -0.000  1.000  0.017 -0.417 -0.401 -0.238 -0.994
       14  0.08167   0.022  0.017  1.000  0.017  0.016 -0.066 -0.014
       18  0.99896  -0.005 -0.417  0.017  1.000 -0.415 -0.249  0.439
       19  0.99892  -0.007 -0.401  0.016 -0.415  1.000 -0.241  0.422
       20  0.99825   0.028 -0.238 -0.066 -0.249 -0.241  1.000  0.165
       22  0.99864  -0.014 -0.994 -0.014  0.439  0.422  0.165  1.000
MINUIT - FIT ONLY 2-CBO
 **********
 **   43 **RES 
 **********
                   PARAMETER    8  phi_CBO RESTORED TO VARIABLE.
                   PARAMETER    4  phi RESTORED TO VARIABLE.
                   PARAMETER    3  A0 RESTORED TO VARIABLE.
                   PARAMETER    1  N0 RESTORED TO VARIABLE.
 **********
 **   44 **FIX            0
 **********
 PARAMETER    0  IS UNDEFINED. IGNORED.
 **********
 **   45 **FIX            1
 **********
 **********
 **   46 **FIX            2
 **********
 PARAMETER    2  IS CONSTANT.   IGNORED.
 **********
 **   47 **FIX            3
 **********
 **********
 **   48 **FIX            4
 **********
 **********
 **   49 **FIX            5
 **********
 PARAMETER    5  IS CONSTANT.   IGNORED.
 **********
 **   50 **FIX            6
 **********
 **********
 **   51 **FIX            7
 **********
 **********
 **   52 **FIX           10
 **********
 PARAMETER   10  IS CONSTANT.   IGNORED.
 **********
 **   53 **FIX           11
 **********
 PARAMETER   11  IS CONSTANT.   IGNORED.
 **********
 **   54 **FIX           12
 **********
 PARAMETER   12  IS CONSTANT.   IGNORED.
 **********
 **   55 **FIX           13
 **********
 PARAMETER   13  IS CONSTANT.   IGNORED.
 **********
 **   56 **FIX           14
 **********
 **********
 **   57 **FIX           15
 **********
 PARAMETER   15  IS CONSTANT.   IGNORED.
 **********
 **   58 **FIX           16
 **********
 PARAMETER   16  IS CONSTANT.   IGNORED.
 **********
 **   59 **MIGRAD
 **********
 START MIGRAD MINIMIZATION.  STRATEGY  1.  CONVERGENCE WHEN EDM .LT. 1.00e-04
 FCN=309.528 FROM MIGRAD    STATUS=INITIATE       12 CALLS         766 TOTAL
                     EDM= unknown      STRATEGY= 1      NO ERROR MATRIX       
  EXT PARAMETER               CURRENT GUESS       STEP         FIRST   
  NO.   NAME      VALUE            ERROR          SIZE      DERIVATIVE 
   1  N0           2.99893e+06     fixed    
   2  tau          6.44001e+01   constant   
   3  A0           3.49635e-01     fixed    
   4  phi          4.11646e+00     fixed    
   5  R           -6.22301e+01   constant   
   6  A_CBO        9.58456e-04     fixed    
   7  w_CBO        2.32441e+00     fixed    
   8  phi_CBO      1.45916e+00   6.57145e-01   6.57145e-01  -4.25849e-01
   9  ANx2         8.68669e-04   constant   
  10  pNx2         4.82289e+00   constant   
  11  ANy1         0.00000e+00   constant   
  12  pNy1         0.00000e+00   constant   
  13  w_y          0.00000e+00   constant   
  14  ANy2         3.51152e-04     fixed    
  15  pNy2         1.49923e+00   constant   
  16  w_vw         1.43037e+01   constant   
  17  LM          -2.26665e-04   constant   
  18  wCBO_expCoeff   2.01374e+02   1.54949e+00   6.09419e-04  -2.95112e-04
  19  wCBO_expOffset   2.00237e+02   2.26453e-01   9.54802e-05  -2.36124e-03
  20  wCBO_expT    2.98826e+01   3.67567e-02   1.87151e-05  -1.28700e-02
  21  wCBO_linCoeff   0.00000e+00   constant   
  22  wCBO_const   5.00348e-03   7.53698e-03   3.37705e-06  -2.30373e-01
 MIGRAD MINIMIZATION HAS CONVERGED.
 MIGRAD WILL VERIFY CONVERGENCE AND ERROR MATRIX.
 COVARIANCE MATRIX CALCULATED SUCCESSFULLY
 FCN=309.5 FROM HESSE     STATUS=OK             31 CALLS         832 TOTAL
                     EDM=0.00104619    STRATEGY= 1      ERROR MATRIX ACCURATE 
  EXT PARAMETER                                   STEP         FIRST   
  NO.   NAME      VALUE            ERROR          SIZE      DERIVATIVE 
   1  N0           2.99893e+06     fixed    
   2  tau          6.44001e+01   constant   
   3  A0           3.49635e-01     fixed    
   4  phi          4.11646e+00     fixed    
   5  R           -6.22301e+01   constant   
   6  A_CBO        9.58456e-04     fixed    
   7  w_CBO        2.32441e+00     fixed    
   8  phi_CBO      1.59123e+00   8.03413e-01   5.53564e-03  -1.03409e-03
   9  ANx2         8.68669e-04   constant   
  10  pNx2         4.82289e+00   constant   
  11  ANy1         0.00000e+00   constant   
  12  pNy1         0.00000e+00   constant   
  13  w_y          0.00000e+00   constant   
  14  ANy2         3.51152e-04     fixed    
  15  pNy2         1.49923e+00   constant   
  16  w_vw         1.43037e+01   constant   
  17  LM          -2.26665e-04   constant   
  18  wCBO_expCoeff   2.01376e+02   1.39583e+00   6.13332e-04  -4.90977e-03
  19  wCBO_expOffset   2.00237e+02   2.05722e-01   9.54803e-05  -3.31812e-02
  20  wCBO_expT    2.98826e+01   3.55744e-02   1.87928e-05   1.70484e+00
  21  wCBO_linCoeff   0.00000e+00   constant   
  22  wCBO_const   5.03552e-03   8.47831e-04   3.35968e-06   2.58349e+00
 MIGRAD MINIMIZATION HAS CONVERGED.
 FCN=309.498 FROM MIGRAD    STATUS=CONVERGED      90 CALLS         844 TOTAL
                     EDM=4.95327e-07    STRATEGY= 1  ERROR MATRIX UNCERTAINTY   3.4 per cent
  EXT PARAMETER                                   STEP         FIRST   
  NO.   NAME      VALUE            ERROR          SIZE      DERIVATIVE 
   1  N0           2.99893e+06     fixed    
   2  tau          6.44001e+01   constant   
   3  A0           3.49635e-01     fixed    
   4  phi          4.11646e+00     fixed    
   5  R           -6.22301e+01   constant   
   6  A_CBO        9.58456e-04     fixed    
   7  w_CBO        2.32441e+00     fixed    
   8  phi_CBO      1.60076e+00   8.16672e-01   9.52807e-03   1.10183e-03
   9  ANx2         8.68669e-04   constant   
  10  pNx2         4.82289e+00   constant   
  11  ANy1         0.00000e+00   constant   
  12  pNy1         0.00000e+00   constant   
  13  w_y          0.00000e+00   constant   
  14  ANy2         3.51152e-04     fixed    
  15  pNy2         1.49923e+00   constant   
  16  w_vw         1.43037e+01   constant   
  17  LM          -2.26665e-04   constant   
  18  wCBO_expCoeff   2.01409e+02   1.48944e+00   3.36784e-02  -1.96834e-02
  19  wCBO_expOffset   2.00241e+02   2.18609e-01   4.78620e-03  -1.32717e-01
  20  wCBO_expT    2.98804e+01   4.86456e-02  -2.15262e-03  -6.38709e-01
  21  wCBO_linCoeff   0.00000e+00   constant   
  22  wCBO_const   5.06943e-03   9.95368e-04   3.39114e-05  -2.50532e+00
 EXTERNAL ERROR MATRIX.    NDIM=  25    NPAR=  5    ERR DEF=1
  6.670e-01  1.681e-01  2.397e-02 -1.028e-02  3.141e-04 
  1.681e-01  2.218e+00 -1.602e-01 -3.700e-02  5.689e-04 
  2.397e-02 -1.602e-01  4.779e-02 -5.258e-03  8.079e-05 
 -1.028e-02 -3.700e-02 -5.258e-03  2.366e-03 -3.782e-05 
  3.141e-04  5.689e-04  8.079e-05 -3.782e-05  9.908e-07 
 PARAMETER  CORRELATION COEFFICIENTS  
       NO.  GLOBAL      8     18     19     20     22
        8  0.61481   1.000  0.138  0.134 -0.259  0.386
       18  0.99886   0.138  1.000 -0.492 -0.511  0.384
       19  0.99883   0.134 -0.492  1.000 -0.494  0.371
       20  0.99899  -0.259 -0.511 -0.494  1.000 -0.781
       22  0.91994   0.386  0.384  0.371 -0.781  1.000
MINUIT - FIT ONLY 1-y
 **********
 **   60 **RES 
 **********
                   PARAMETER   14  ANy2 RESTORED TO VARIABLE.
                   PARAMETER    7  w_CBO RESTORED TO VARIABLE.
                   PARAMETER    6  A_CBO RESTORED TO VARIABLE.
                   PARAMETER    4  phi RESTORED TO VARIABLE.
                   PARAMETER    3  A0 RESTORED TO VARIABLE.
                   PARAMETER    1  N0 RESTORED TO VARIABLE.
 **********
 **   61 **FIX            0
 **********
 PARAMETER    0  IS UNDEFINED. IGNORED.
 **********
 **   62 **FIX            1
 **********
 **********
 **   63 **FIX            2
 **********
 PARAMETER    2  IS CONSTANT.   IGNORED.
 **********
 **   64 **FIX            3
 **********
 **********
 **   65 **FIX            4
 **********
 **********
 **   66 **FIX            5
 **********
 PARAMETER    5  IS CONSTANT.   IGNORED.
 **********
 **   67 **FIX            6
 **********
 **********
 **   68 **FIX            7
 **********
 **********
 **   69 **FIX            8
 **********
 **********
 **   70 **FIX            9
 **********
 PARAMETER    9  IS CONSTANT.   IGNORED.
 **********
 **   71 **FIX           13
 **********
 PARAMETER   13  IS CONSTANT.   IGNORED.
 **********
 **   72 **FIX           14
 **********
 **********
 **   73 **FIX           15
 **********
 PARAMETER   15  IS CONSTANT.   IGNORED.
 **********
 **   74 **FIX           16
 **********
 PARAMETER   16  IS CONSTANT.   IGNORED.
 **********
 **   75 **MIGRAD
 **********
 START MIGRAD MINIMIZATION.  STRATEGY  1.  CONVERGENCE WHEN EDM .LT. 1.00e-04
 FCN=309.498 FROM MIGRAD    STATUS=INITIATE        8 CALLS         852 TOTAL
                     EDM= unknown      STRATEGY= 1      NO ERROR MATRIX       
  EXT PARAMETER               CURRENT GUESS       STEP         FIRST   
  NO.   NAME      VALUE            ERROR          SIZE      DERIVATIVE 
   1  N0           2.99893e+06     fixed    
   2  tau          6.44001e+01   constant   
   3  A0           3.49635e-01     fixed    
   4  phi          4.11646e+00     fixed    
   5  R           -6.22301e+01   constant   
   6  A_CBO        9.58456e-04     fixed    
   7  w_CBO        2.32441e+00     fixed    
   8  phi_CBO      1.60076e+00     fixed    
   9  ANx2         8.68669e-04   constant   
  10  pNx2         4.82289e+00   constant   
  11  ANy1         0.00000e+00   constant   
  12  pNy1         0.00000e+00   constant   
  13  w_y          0.00000e+00   constant   
  14  ANy2         3.51152e-04     fixed    
  15  pNy2         1.49923e+00   constant   
  16  w_vw         1.43037e+01   constant   
  17  LM          -2.26665e-04   constant   
  18  wCBO_expCoeff   2.01409e+02   1.48944e+00   3.36784e-02  -1.96843e-02
  19  wCBO_expOffset   2.00241e+02   2.18609e-01   4.78620e-03  -1.32717e-01
  20  wCBO_expT    2.98804e+01   4.86456e-02  -2.15262e-03  -6.38726e-01
  21  wCBO_linCoeff   0.00000e+00   constant   
  22  wCBO_const   5.06943e-03   9.95368e-04   3.39114e-05  -2.50532e+00
 MIGRAD MINIMIZATION HAS CONVERGED.
 MIGRAD WILL VERIFY CONVERGENCE AND ERROR MATRIX.
 COVARIANCE MATRIX CALCULATED SUCCESSFULLY
 FCN=309.498 FROM MIGRAD    STATUS=CONVERGED      47 CALLS         891 TOTAL
                     EDM=5.12219e-08    STRATEGY= 1      ERROR MATRIX ACCURATE 
  EXT PARAMETER                                   STEP         FIRST   
  NO.   NAME      VALUE            ERROR          SIZE      DERIVATIVE 
   1  N0           2.99893e+06     fixed    
   2  tau          6.44001e+01   constant   
   3  A0           3.49635e-01     fixed    
   4  phi          4.11646e+00     fixed    
   5  R           -6.22301e+01   constant   
   6  A_CBO        9.58456e-04     fixed    
   7  w_CBO        2.32441e+00     fixed    
   8  phi_CBO      1.60076e+00     fixed    
   9  ANx2         8.68669e-04   constant   
  10  pNx2         4.82289e+00   constant   
  11  ANy1         0.00000e+00   constant   
  12  pNy1         0.00000e+00   constant   
  13  w_y          0.00000e+00   constant   
  14  ANy2         3.51152e-04     fixed    
  15  pNy2         1.49923e+00   constant   
  16  w_vw         1.43037e+01   constant   
  17  LM          -2.26665e-04   constant   
  18  wCBO_expCoeff   2.01409e+02   1.36915e+00   6.16608e-04  -6.14767e-04
  19  wCBO_expOffset   2.00241e+02   2.01907e-01   9.54826e-05  -4.14773e-03
  20  wCBO_expT    2.98804e+01   3.46913e-02   1.88793e-05  -1.27488e-02
  21  wCBO_linCoeff   0.00000e+00   constant   
  22  wCBO_const   5.06949e-03   7.88304e-04   3.35734e-06   4.50995e-01
 EXTERNAL ERROR MATRIX.    NDIM=  25    NPAR=  4    ERR DEF=1
  1.875e+00 -1.926e-01 -1.871e-02  2.581e-04 
 -1.926e-01  4.077e-02 -2.667e-03  3.672e-05 
 -1.871e-02 -2.667e-03  1.203e-03 -1.816e-05 
  2.581e-04  3.672e-05 -1.816e-05  6.214e-07 
 PARAMETER  CORRELATION COEFFICIENTS  
       NO.  GLOBAL     18     19     20     22
       18  0.99863   1.000 -0.697 -0.394  0.239
       19  0.99861  -0.697  1.000 -0.381  0.231
       20  0.99800  -0.394 -0.381  1.000 -0.664
       22  0.86889   0.239  0.231 -0.664  1.000
MINUIT - FIT ONLY 2-y
 **********
 **   76 **RES 
 **********
                   PARAMETER   14  ANy2 RESTORED TO VARIABLE.
                   PARAMETER    8  phi_CBO RESTORED TO VARIABLE.
                   PARAMETER    7  w_CBO RESTORED TO VARIABLE.
                   PARAMETER    6  A_CBO RESTORED TO VARIABLE.
                   PARAMETER    4  phi RESTORED TO VARIABLE.
                   PARAMETER    3  A0 RESTORED TO VARIABLE.
                   PARAMETER    1  N0 RESTORED TO VARIABLE.
 **********
 **   77 **FIX            0
 **********
 PARAMETER    0  IS UNDEFINED. IGNORED.
 **********
 **   78 **FIX            1
 **********
 **********
 **   79 **FIX            2
 **********
 PARAMETER    2  IS CONSTANT.   IGNORED.
 **********
 **   80 **FIX            3
 **********
 **********
 **   81 **FIX            4
 **********
 **********
 **   82 **FIX            5
 **********
 PARAMETER    5  IS CONSTANT.   IGNORED.
 **********
 **   83 **FIX            6
 **********
 **********
 **   84 **FIX            7
 **********
 **********
 **   85 **FIX            8
 **********
 **********
 **   86 **FIX            9
 **********
 PARAMETER    9  IS CONSTANT.   IGNORED.
 **********
 **   87 **FIX           10
 **********
 PARAMETER   10  IS CONSTANT.   IGNORED.
 **********
 **   88 **FIX           11
 **********
 PARAMETER   11  IS CONSTANT.   IGNORED.
 **********
 **   89 **FIX           12
 **********
 PARAMETER   12  IS CONSTANT.   IGNORED.
 **********
 **   90 **FIX           16
 **********
 PARAMETER   16  IS CONSTANT.   IGNORED.
 **********
 **   91 **MIGRAD
 **********
 START MIGRAD MINIMIZATION.  STRATEGY  1.  CONVERGENCE WHEN EDM .LT. 1.00e-04
 FCN=309.498 FROM MIGRAD    STATUS=INITIATE       10 CALLS         901 TOTAL
                     EDM= unknown      STRATEGY= 1      NO ERROR MATRIX       
  EXT PARAMETER               CURRENT GUESS       STEP         FIRST   
  NO.   NAME      VALUE            ERROR          SIZE      DERIVATIVE 
   1  N0           2.99893e+06     fixed    
   2  tau          6.44001e+01   constant   
   3  A0           3.49635e-01     fixed    
   4  phi          4.11646e+00     fixed    
   5  R           -6.22301e+01   constant   
   6  A_CBO        9.58456e-04     fixed    
   7  w_CBO        2.32441e+00     fixed    
   8  phi_CBO      1.60076e+00     fixed    
   9  ANx2         8.68669e-04   constant   
  10  pNx2         4.82289e+00   constant   
  11  ANy1         0.00000e+00   constant   
  12  pNy1         0.00000e+00   constant   
  13  w_y          0.00000e+00   constant   
  14  ANy2         3.51152e-04   6.16012e-04   6.16012e-04  -6.26057e-01
  15  pNy2         1.49923e+00   constant   
  16  w_vw         1.43037e+01   constant   
  17  LM          -2.26665e-04   constant   
  18  wCBO_expCoeff   2.01409e+02   1.36915e+00   6.16608e-04  -6.24744e-04
  19  wCBO_expOffset   2.00241e+02   2.01907e-01   9.54826e-05  -4.60292e-03
  20  wCBO_expT    2.98804e+01   3.46913e-02   1.88793e-05  -1.35533e-02
  21  wCBO_linCoeff   0.00000e+00   constant   
  22  wCBO_const   5.06949e-03   7.88304e-04   3.35734e-06   4.49720e-01
 MIGRAD MINIMIZATION HAS CONVERGED.
 MIGRAD WILL VERIFY CONVERGENCE AND ERROR MATRIX.
 COVARIANCE MATRIX CALCULATED SUCCESSFULLY
 FCN=309.498 FROM MIGRAD    STATUS=CONVERGED      57 CALLS         948 TOTAL
                     EDM=2.13884e-08    STRATEGY= 1      ERROR MATRIX ACCURATE 
  EXT PARAMETER                                   STEP         FIRST   
  NO.   NAME      VALUE            ERROR          SIZE      DERIVATIVE 
   1  N0           2.99893e+06     fixed    
   2  tau          6.44001e+01   constant   
   3  A0           3.49635e-01     fixed    
   4  phi          4.11646e+00     fixed    
   5  R           -6.22301e+01   constant   
   6  A_CBO        9.58456e-04     fixed    
   7  w_CBO        2.32441e+00     fixed    
   8  phi_CBO      1.60076e+00     fixed    
   9  ANx2         8.68669e-04   constant   
  10  pNx2         4.82289e+00   constant   
  11  ANy1         0.00000e+00   constant   
  12  pNy1         0.00000e+00   constant   
  13  w_y          0.00000e+00   constant   
  14  ANy2         3.51287e-04   6.15170e-04   5.28243e-06   8.81351e-02
  15  pNy2         1.49923e+00   constant   
  16  w_vw         1.43037e+01   constant   
  17  LM          -2.26665e-04   constant   
  18  wCBO_expCoeff   2.01409e+02   1.36952e+00   6.16642e-04  -9.22685e-04
  19  wCBO_expOffset   2.00241e+02   2.01957e-01   9.54826e-05  -6.22298e-03
  20  wCBO_expT    2.98804e+01   3.47445e-02   1.88801e-05  -2.54256e-02
  21  wCBO_linCoeff   0.00000e+00   constant   
  22  wCBO_const   5.06945e-03   7.88665e-04   3.35737e-06   1.93587e-01
 EXTERNAL ERROR MATRIX.    NDIM=  25    NPAR=  5    ERR DEF=1
  3.784e-07  1.959e-05  2.704e-06 -1.185e-06  1.460e-08 
  1.959e-05  1.876e+00 -1.925e-01 -1.877e-02  2.588e-04 
  2.704e-06 -1.925e-01  4.079e-02 -2.675e-03  3.683e-05 
 -1.185e-06 -1.877e-02 -2.675e-03  1.207e-03 -1.820e-05 
  1.460e-08  2.588e-04  3.683e-05 -1.820e-05  6.220e-07 
 PARAMETER  CORRELATION COEFFICIENTS  
       NO.  GLOBAL     14     18     19     20     22
       14  0.06291   1.000  0.023  0.022 -0.055  0.030
       18  0.99863   0.023  1.000 -0.696 -0.394  0.240
       19  0.99861   0.022 -0.696  1.000 -0.381  0.231
       20  0.99800  -0.055 -0.394 -0.381  1.000 -0.664
       22  0.86902   0.030  0.240  0.231 -0.664  1.000
MINUIT - FIT ALTOGETHER
 **********
 **   92 **RES 
 **********
                   PARAMETER    8  phi_CBO RESTORED TO VARIABLE.
                   PARAMETER    7  w_CBO RESTORED TO VARIABLE.
                   PARAMETER    6  A_CBO RESTORED TO VARIABLE.
                   PARAMETER    4  phi RESTORED TO VARIABLE.
                   PARAMETER    3  A0 RESTORED TO VARIABLE.
                   PARAMETER    1  N0 RESTORED TO VARIABLE.
 **********
 **   93 **MIGRAD
 **********
 START MIGRAD MINIMIZATION.  STRATEGY  1.  CONVERGENCE WHEN EDM .LT. 1.00e-04
