 + ++++++++++++++++++++++++++++++++++++++++++++++++++++++++++++++++++++ +
 +                                                                      +
 +           You have chose to blind your fitting according to          +
 +                omega_ref * (1 + (R +/- deltaR) *10^{-6})             +
 +                                                                      +
 + ++++++++++++++++++++++++++++++++++++++++++++++++++++++++++++++++++++ +
In main()...
reading format from /gm2data/zkhechad/run45/envelope/formats/formatB_sBin_constraintOn.txt
pBinTau 	= 0  
pBinPhi 	= 0  
constraintau 	= 1 
includeMopTerm 	= 0    
constrainMop    = 0   
Parameters after format file: pBinTau 0 pBinPhi 0 constraintau 1 includeMopTerm 0 constrainMop 0 c_e_scale 0.000000 
reading cbo reference file (full fit) from /gm2data/zkhechad/cboTemplates/Run4CBOTemplates/fullFits/run4/sBin_constraintOn_cE0.0_seed0_run4_calo1.root
A_CBO 0.008450 w_CBO 2.327583 phi_CBO 2.512904 N0 3416164.907261 R -60.829491 tau 64.397625 
Reading cboRef file /gm2data/zkhechad/cboTemplates/Run4CBOTemplates//cboIsolate/run4_calo1.root
deltaT 11.067194
windowBins = 120
fitting sliding window 340 from bin 543 at 81.015600 to bin 663 at 98.919600 (120 bins)

Reading data from /gm2data/cornell/histograms/aMethod/histogram_a_run4.root
fitting cbo isolate
 **********
 **    1 **SET PRINTOUT            1
 **********
 **********
 **    2 **SET NOWARNINGS 
 **********
 PARAMETER DEFINITIONS:
    NO.   NAME         VALUE      STEP SIZE      LIMITS
     1 A_CBO        8.44960e-03  1.00000e-05     no limits
     2 w_CBO        2.32758e+00  1.00000e-02    2.00000e+00  3.00000e+00
     3 phi_CBO      2.51290e+00  1.00000e-02    0.00000e+00  6.28319e+00
 **********
 **    3 **MIGRAD
 **********
 FIRST CALL TO USER FUNCTION AT NEW START POINT, WITH IFLAG=4.
 START MIGRAD MINIMIZATION.  STRATEGY  1.  CONVERGENCE WHEN EDM .LT. 1.00e-04
 FCN=0.000429896 FROM MIGRAD    STATUS=INITIATE       10 CALLS          11 TOTAL
                     EDM= unknown      STRATEGY= 1      NO ERROR MATRIX       
  EXT PARAMETER               CURRENT GUESS       STEP         FIRST   
  NO.   NAME      VALUE            ERROR          SIZE      DERIVATIVE 
   1  A_CBO        8.44960e-03   1.00000e-05   1.00000e-05   2.94838e-01
   2  w_CBO        2.32758e+00   1.00000e-02   2.13091e-02  -1.17579e-02
   3  phi_CBO      2.51290e+00   1.00000e-02   3.24882e-03   8.66069e-04
 MIGRAD MINIMIZATION HAS CONVERGED.
 MIGRAD WILL VERIFY CONVERGENCE AND ERROR MATRIX.
 COVARIANCE MATRIX CALCULATED SUCCESSFULLY
 FCN=6.45111e-05 FROM MIGRAD    STATUS=CONVERGED      43 CALLS          44 TOTAL
                     EDM=5.85208e-07    STRATEGY= 1      ERROR MATRIX ACCURATE 
  EXT PARAMETER                                   STEP         FIRST   
  NO.   NAME      VALUE            ERROR          SIZE      DERIVATIVE 
   1  A_CBO        5.95929e-03   1.32434e-01   6.31502e-05  -4.99966e-03
   2  w_CBO        2.32780e+00   8.35444e-01   2.48985e-04   1.72982e-04
   3  phi_CBO      2.49296e+00   3.84568e+00   3.42931e-03  -7.63768e-06
 EXTERNAL ERROR MATRIX.    NDIM=  25    NPAR=  3    ERR DEF=1
  1.754e-02 -1.435e-01 -1.294e+01 
 -1.435e-01  2.463e+01  2.210e+03 
 -1.294e+01  2.210e+03  1.987e+05 
 PARAMETER  CORRELATION COEFFICIENTS  
       NO.  GLOBAL      1      2      3
        1  0.21957   1.000 -0.218 -0.219
        2  0.99883  -0.218  1.000  0.999
        3  0.99883  -0.219  0.999  1.000
setting A_CBO=0.005959 w_CBO=2.327799, phi_CBO=2.492957
done fitting cbo isolate
 **********
 **    1 **SET PRINTOUT            1
 **********
 **********
 **    2 **SET NOWARNINGS 
 **********
 PARAMETER DEFINITIONS:
    NO.   NAME         VALUE      STEP SIZE      LIMITS
     1 N0           3.41616e+06  1.00000e+02     no limits
     2 tau          6.43976e+01  constant
     3 A0           3.54950e-01  1.00000e-04     no limits
     4 phi          4.12292e+00  1.00000e-02     no limits
     5 R           -6.08295e+01  constant
     6 A_CBO        5.95929e-03  1.00000e-05     no limits
     7 w_CBO        2.32780e+00  1.00000e-03     no limits
     8 phi_CBO      2.49296e+00  1.00000e-04     no limits
     9 ANx2         2.24467e-04  constant
    10 pNx2         2.31915e+00  constant
    11 ANy1         0.00000e+00  constant
    12 pNy1         0.00000e+00  constant
    13 w_y          0.00000e+00  constant
    14 ANy2         1.49899e-02  1.00000e-04     no limits
    15 pNy2         4.64502e+00  constant
    16 w_vw         1.43138e+01  constant
    17 LM          -1.76320e-04  constant
    18 wCBO_expCoeff   2.00000e+02  1.00000e+00     no limits
    19 wCBO_expOffset   2.00000e+02  1.00000e+00     no limits
    20 wCBO_expT    3.00000e+01  1.00000e+00     no limits
    21 wCBO_linCoeff   0.00000e+00  constant
    22 wCBO_const   0.00000e+00  1.00000e-02     no limits
MINUIT - FIT ONLY WIGGLE
 **********
 **    3 **FIX            5
 **********
 PARAMETER    5  IS CONSTANT.   IGNORED.
 **********
 **    4 **FIX            6
 **********
 **********
 **    5 **FIX            7
 **********
 **********
 **    6 **FIX            8
 **********
 **********
 **    7 **FIX            9
 **********
 PARAMETER    9  IS CONSTANT.   IGNORED.
 **********
 **    8 **FIX           10
 **********
 PARAMETER   10  IS CONSTANT.   IGNORED.
 **********
 **    9 **FIX           11
 **********
 PARAMETER   11  IS CONSTANT.   IGNORED.
 **********
 **   10 **FIX           12
 **********
 PARAMETER   12  IS CONSTANT.   IGNORED.
 **********
 **   11 **FIX           13
 **********
 PARAMETER   13  IS CONSTANT.   IGNORED.
 **********
 **   12 **FIX           14
 **********
 **********
 **   13 **FIX           15
 **********
 PARAMETER   15  IS CONSTANT.   IGNORED.
 **********
 **   14 **FIX           16
 **********
 PARAMETER   16  IS CONSTANT.   IGNORED.
 **********
 **   15 **MIGRAD
 **********
 FIRST CALL TO USER FUNCTION AT NEW START POINT, WITH IFLAG=4.
 START MIGRAD MINIMIZATION.  STRATEGY  1.  CONVERGENCE WHEN EDM .LT. 1.00e-04
 FCN=8564.03 FROM MIGRAD    STATUS=INITIATE       63 CALLS          64 TOTAL
                     EDM= unknown      STRATEGY= 1      NO ERROR MATRIX       
  EXT PARAMETER               CURRENT GUESS       STEP         FIRST   
  NO.   NAME      VALUE            ERROR          SIZE      DERIVATIVE 
   1  N0           3.41616e+06   1.00000e+02   0.00000e+00  -1.32116e-02
   2  tau          6.43976e+01   constant   
   3  A0           3.54950e-01   1.00000e-04   0.00000e+00  -6.86418e+04
   4  phi          4.12292e+00   1.00000e-02   0.00000e+00  -1.97423e+04
   5  R           -6.08295e+01   constant   
   6  A_CBO        5.95929e-03     fixed    
   7  w_CBO        2.32780e+00     fixed    
   8  phi_CBO      2.49296e+00     fixed    
   9  ANx2         2.24467e-04   constant   
  10  pNx2         2.31915e+00   constant   
  11  ANy1         0.00000e+00   constant   
  12  pNy1         0.00000e+00   constant   
  13  w_y          0.00000e+00   constant   
  14  ANy2         1.49899e-02     fixed    
  15  pNy2         4.64502e+00   constant   
  16  w_vw         1.43138e+01   constant   
  17  LM          -1.76320e-04   constant   
  18  wCBO_expCoeff   1.99999e+02   1.00000e+00  -5.26095e-04   1.15685e+06
  19  wCBO_expOffset   2.00000e+02   1.00000e+00   0.00000e+00  -4.80300e+06
  20  wCBO_expT    3.00000e+01   1.00000e+00   0.00000e+00  -2.88519e+07
  21  wCBO_linCoeff   0.00000e+00   constant   
  22  wCBO_const   0.00000e+00   1.00000e-02   0.00000e+00   2.96208e+04
 MIGRAD FAILS TO FIND IMPROVEMENT
 FCN=8521.56 FROM HESSE     STATUS=NOT POSDEF     56 CALLS         165 TOTAL
                     EDM=844.331    STRATEGY= 1      ERR MATRIX NOT POS-DEF
  EXT PARAMETER                APPROXIMATE        STEP         FIRST   
  NO.   NAME      VALUE            ERROR          SIZE      DERIVATIVE 
   1  N0           3.41733e+06   3.93985e+02   1.78694e+01   2.47919e-03
   2  tau          6.43976e+01   constant   
   3  A0           3.55696e-01   3.04460e-04   7.02217e-06  -5.74599e+03
   4  phi          4.12485e+00   7.30757e-04   2.07741e-05  -2.15810e+03
   5  R           -6.08295e+01   constant   
   6  A_CBO        5.95929e-03     fixed    
   7  w_CBO        2.32780e+00     fixed    
   8  phi_CBO      2.49296e+00     fixed    
   9  ANx2         2.24467e-04   constant   
  10  pNx2         2.31915e+00   constant   
  11  ANy1         0.00000e+00   constant   
  12  pNy1         0.00000e+00   constant   
  13  w_y          0.00000e+00   constant   
  14  ANy2         1.49899e-02     fixed    
  15  pNy2         4.64502e+00   constant   
  16  w_vw         1.43138e+01   constant   
  17  LM          -1.76320e-04   constant   
  18  wCBO_expCoeff   1.99999e+02   7.11104e-05   9.53672e-05   8.57928e+05
  19  wCBO_expOffset   2.00000e+02   1.59253e-05   9.53674e-05   9.12847e+06
  20  wCBO_expT    3.00000e+01   1.32711e-06   1.43051e-05  -7.08655e+07
  21  wCBO_linCoeff   0.00000e+00   constant   
  22  wCBO_const   1.43104e-04   1.38396e-03   8.24289e-06   5.08134e+04
 MIGRAD FAILS TO FIND IMPROVEMENT
 MIGRAD TERMINATED WITHOUT CONVERGENCE.
 FCN=8505.36 FROM MIGRAD    STATUS=FAILED        674 CALLS         675 TOTAL
                     EDM=3953.91    STRATEGY= 1      ERR MATRIX NOT POS-DEF
  EXT PARAMETER                APPROXIMATE        STEP         FIRST   
  NO.   NAME      VALUE            ERROR          SIZE      DERIVATIVE 
   1  N0           3.41721e+06   4.75289e+02  -0.00000e+00   1.91300e-03
   2  tau          6.43976e+01   constant   
   3  A0           3.55584e-01   3.80094e-04  -0.00000e+00  -7.77962e+03
   4  phi          4.12458e+00   9.12353e-04  -0.00000e+00  -5.21866e+03
   5  R           -6.08295e+01   constant   
   6  A_CBO        5.95929e-03     fixed    
   7  w_CBO        2.32780e+00     fixed    
   8  phi_CBO      2.49296e+00     fixed    
   9  ANx2         2.24467e-04   constant   
  10  pNx2         2.31915e+00   constant   
  11  ANy1         0.00000e+00   constant   
  12  pNy1         0.00000e+00   constant   
  13  w_y          0.00000e+00   constant   
  14  ANy2         1.49899e-02     fixed    
  15  pNy2         4.64502e+00   constant   
  16  w_vw         1.43138e+01   constant   
  17  LM          -1.76320e-04   constant   
  18  wCBO_expCoeff   2.00000e+02   1.30652e-04   0.00000e+00   2.45200e+06
  19  wCBO_expOffset   2.00000e+02   1.81355e-05   0.00000e+00  -6.13693e+06
  20  wCBO_expT    3.00000e+01   2.98091e-06   0.00000e+00  -2.98882e+07
  21  wCBO_linCoeff   0.00000e+00   constant   
  22  wCBO_const  -1.05094e-03   4.06670e-03  -0.00000e+00   6.32193e+04
 EXTERNAL ERROR MATRIX.    NDIM=  25    NPAR=  7    ERR DEF=1
  2.259e+05  1.209e-01  2.808e-01 -4.425e-02 -6.151e-03 -1.010e-03  1.372e+00 
  1.209e-01  1.445e-07  2.953e-07 -4.656e-08 -6.471e-09 -1.063e-09  1.446e-06 
  2.808e-01  2.953e-07  8.324e-07 -1.084e-07 -1.508e-08 -2.480e-09  3.382e-06 
 -4.425e-02 -4.656e-08 -1.084e-07  1.707e-08  2.367e-09  3.883e-10 -5.313e-07 
 -6.151e-03 -6.471e-09 -1.508e-08  2.367e-09  3.289e-10  5.399e-11 -7.364e-08 
 -1.010e-03 -1.063e-09 -2.480e-09  3.883e-10  5.399e-11  8.886e-12 -1.208e-08 
  1.372e+00  1.446e-06  3.382e-06 -5.313e-07 -7.364e-08 -1.208e-08  1.654e-05 
ERR MATRIX NOT POS-DEF
 PARAMETER  CORRELATION COEFFICIENTS  
       NO.  GLOBAL      1      3      4     18     19     20     22
        1  0.97944   1.000  0.669  0.648 -0.713 -0.714 -0.713  0.710
        3  0.99822   0.669  1.000  0.852 -0.938 -0.939 -0.938  0.935
        4  0.99891   0.648  0.852  1.000 -0.909 -0.911 -0.912  0.912
       18  1.00000  -0.713 -0.938 -0.909  1.000  0.999  0.997 -1.000
       19  0.99999  -0.714 -0.939 -0.911  0.999  1.000  0.999 -0.998
       20  0.99967  -0.713 -0.938 -0.912  0.997  0.999  1.000 -0.996
       22  1.00000   0.710  0.935  0.912 -1.000 -0.998 -0.996  1.000
 ERR MATRIX NOT POS-DEF
MINUIT - FIT ONLY 1-CBO + other amplitudes 
 **********
 **   16 **RES 
 **********
                   PARAMETER   14  ANy2 RESTORED TO VARIABLE.
                   PARAMETER    8  phi_CBO RESTORED TO VARIABLE.
                   PARAMETER    7  w_CBO RESTORED TO VARIABLE.
                   PARAMETER    6  A_CBO RESTORED TO VARIABLE.
 **********
 **   17 **FIX            0
 **********
 PARAMETER    0  IS UNDEFINED. IGNORED.
 **********
 **   18 **FIX            1
 **********
 **********
 **   19 **FIX            2
 **********
 PARAMETER    2  IS CONSTANT.   IGNORED.
 **********
 **   20 **FIX            3
 **********
 **********
 **   21 **FIX            4
 **********
 **********
 **   22 **FIX            9
 **********
 PARAMETER    9  IS CONSTANT.   IGNORED.
 **********
 **   23 **FIX           11
 **********
 PARAMETER   11  IS CONSTANT.   IGNORED.
 **********
 **   24 **FIX           12
 **********
 PARAMETER   12  IS CONSTANT.   IGNORED.
 **********
 **   25 **FIX           14
 **********
 **********
 **   26 **FIX           15
 **********
 PARAMETER   15  IS CONSTANT.   IGNORED.
 **********
 **   27 **FIX           16
 **********
 PARAMETER   16  IS CONSTANT.   IGNORED.
 **********
 **   28 **MIGRAD
 **********
 START MIGRAD MINIMIZATION.  STRATEGY  1.  CONVERGENCE WHEN EDM .LT. 1.00e-04
 FCN=8505.36 FROM MIGRAD    STATUS=INITIATE       22 CALLS         697 TOTAL
                     EDM= unknown      STRATEGY= 1      NO ERROR MATRIX       
  EXT PARAMETER               CURRENT GUESS       STEP         FIRST   
  NO.   NAME      VALUE            ERROR          SIZE      DERIVATIVE 
   1  N0           3.41721e+06     fixed    
   2  tau          6.43976e+01   constant   
   3  A0           3.55584e-01     fixed    
   4  phi          4.12458e+00     fixed    
   5  R           -6.08295e+01   constant   
   6  A_CBO        5.95929e-03   1.00000e-05   1.00000e-05   1.89316e+05
   7  w_CBO        2.32780e+00   1.00000e-03   1.00000e-03   2.10724e+08
   8  phi_CBO      2.49296e+00   1.00000e-04   1.00000e-04  -3.62909e+02
   9  ANx2         2.24467e-04   constant   
  10  pNx2         2.31915e+00   constant   
  11  ANy1         0.00000e+00   constant   
  12  pNy1         0.00000e+00   constant   
  13  w_y          0.00000e+00   constant   
  14  ANy2         1.49899e-02     fixed    
  15  pNy2         4.64502e+00   constant   
  16  w_vw         1.43138e+01   constant   
  17  LM          -1.76320e-04   constant   
  18  wCBO_expCoeff   2.00000e+02   1.30652e-04   0.00000e+00   2.45200e+06
  19  wCBO_expOffset   2.00000e+02   1.81355e-05   0.00000e+00  -6.13693e+06
  20  wCBO_expT    3.00000e+01   2.98091e-06   0.00000e+00  -2.98882e+07
  21  wCBO_linCoeff   0.00000e+00   constant   
  22  wCBO_const  -1.05094e-03   4.06670e-03  -0.00000e+00   6.32193e+04
 MIGRAD FAILS TO FIND IMPROVEMENT
 FCN=8315.05 FROM HESSE     STATUS=NOT POSDEF     54 CALLS         825 TOTAL
                     EDM=79536.3    STRATEGY= 1      ERR MATRIX NOT POS-DEF
  EXT PARAMETER                APPROXIMATE        STEP         FIRST   
  NO.   NAME      VALUE            ERROR          SIZE      DERIVATIVE 
   1  N0           3.41721e+06     fixed    
   2  tau          6.43976e+01   constant   
   3  A0           3.55584e-01     fixed    
   4  phi          4.12458e+00     fixed    
   5  R           -6.08295e+01   constant   
   6  A_CBO        3.77374e-03   1.18819e-03   7.62591e-06   4.20285e+04
   7  w_CBO        2.32780e+00   3.43415e-07   1.10998e-06   3.32901e+08
   8  phi_CBO      2.71279e+00   1.08129e-01   1.99699e-03  -6.27568e+02
   9  ANx2         2.24467e-04   constant   
  10  pNx2         2.31915e+00   constant   
  11  ANy1         0.00000e+00   constant   
  12  pNy1         0.00000e+00   constant   
  13  w_y          0.00000e+00   constant   
  14  ANy2         1.49899e-02     fixed    
  15  pNy2         4.64502e+00   constant   
  16  w_vw         1.43138e+01   constant   
  17  LM          -1.76320e-04   constant   
  18  wCBO_expCoeff   1.99999e+02   2.95063e-05   9.53672e-05   3.87405e+06
  19  wCBO_expOffset   2.00000e+02   1.97649e-05   9.53674e-05   2.61112e+07
  20  wCBO_expT    3.00000e+01   2.48807e-06   1.43051e-05  -9.00414e+07
  21  wCBO_linCoeff   0.00000e+00   constant   
  22  wCBO_const  -1.92323e-03   2.81981e-04   8.96571e-06   1.15523e+05
 CALL LIMIT EXCEEDED IN MIGRAD.
 MIGRAD TERMINATED WITHOUT CONVERGENCE.
 FCN=8171.09 FROM MIGRAD    STATUS=CALL LIMIT   1150 CALLS        1825 TOTAL
                     EDM=412.828    STRATEGY= 1      ERR MATRIX NOT POS-DEF
  EXT PARAMETER                APPROXIMATE        STEP         FIRST   
  NO.   NAME      VALUE            ERROR          SIZE      DERIVATIVE 
   1  N0           3.41721e+06     fixed    
   2  tau          6.43976e+01   constant   
   3  A0           3.55584e-01     fixed    
   4  phi          4.12458e+00     fixed    
   5  R           -6.08295e+01   constant   
   6  A_CBO        2.37114e-03   9.21262e-05   8.42202e-07  -8.65886e+04
   7  w_CBO        2.32780e+00   7.11876e-08   6.27939e-10   4.18724e+07
   8  phi_CBO      4.33467e+00   1.08734e-01   1.29216e-03  -3.50233e+01
   9  ANx2         2.24467e-04   constant   
  10  pNx2         2.31915e+00   constant   
  11  ANy1         0.00000e+00   constant   
  12  pNy1         0.00000e+00   constant   
  13  w_y          0.00000e+00   constant   
  14  ANy2         1.49899e-02     fixed    
  15  pNy2         4.64502e+00   constant   
  16  w_vw         1.43138e+01   constant   
  17  LM          -1.76320e-04   constant   
  18  wCBO_expCoeff   2.00000e+02   6.12077e-06   5.40176e-08   4.87309e+05
  19  wCBO_expOffset   2.00000e+02   8.35547e-06   1.00122e-07  -1.35644e+06
  20  wCBO_expT    3.00000e+01   2.05879e-06   2.42679e-08  -9.77877e+06
  21  wCBO_linCoeff   0.00000e+00   constant   
  22  wCBO_const   2.84730e-05   2.07768e-04  -2.12291e-06   2.53719e+04
 EXTERNAL ERROR MATRIX.    NDIM=  25    NPAR=  7    ERR DEF=1
  8.487e-09  2.397e-12  5.734e-06  2.062e-10  4.770e-10  1.122e-10 -1.090e-08 
  2.397e-12  5.068e-15  5.983e-09  2.679e-13  4.609e-13  1.164e-13 -1.240e-11 
  5.734e-06  5.983e-09  1.182e-02  5.146e-07  8.861e-07  2.152e-07 -1.965e-05 
  2.062e-10  2.679e-13  5.146e-07  3.746e-11  3.964e-11  1.001e-11 -1.066e-09 
  4.770e-10  4.609e-13  8.861e-07  3.964e-11  6.981e-11  1.705e-11 -1.476e-09 
  1.122e-10  1.164e-13  2.152e-07  1.001e-11  1.705e-11  4.239e-12 -3.624e-10 
 -1.090e-08 -1.240e-11 -1.965e-05 -1.066e-09 -1.476e-09 -3.624e-10  4.317e-08 
ERR MATRIX NOT POS-DEF
 PARAMETER  CORRELATION COEFFICIENTS  
       NO.  GLOBAL      6      7      8     18     19     20     22
        6  0.82795   1.000  0.365  0.572  0.366  0.620  0.591 -0.570
        7  0.93678   0.365  1.000  0.773  0.615  0.775  0.794 -0.838
        8  0.98253   0.572  0.773  1.000  0.773  0.975  0.961 -0.870
       18  0.93688   0.366  0.615  0.773  1.000  0.775  0.794 -0.838
       19  0.99542   0.620  0.775  0.975  0.775  1.000  0.991 -0.850
       20  0.99415   0.591  0.794  0.961  0.794  0.991  1.000 -0.847
       22  0.97202  -0.570 -0.838 -0.870 -0.838 -0.850 -0.847  1.000
 ERR MATRIX NOT POS-DEF
MINUIT - FIT ONLY 1-CBO
 **********
 **   29 **RES 
 **********
                   PARAMETER   14  ANy2 RESTORED TO VARIABLE.
                   PARAMETER    4  phi RESTORED TO VARIABLE.
                   PARAMETER    3  A0 RESTORED TO VARIABLE.
                   PARAMETER    1  N0 RESTORED TO VARIABLE.
 **********
 **   30 **FIX            0
 **********
 PARAMETER    0  IS UNDEFINED. IGNORED.
 **********
 **   31 **FIX            1
 **********
 **********
 **   32 **FIX            2
 **********
 PARAMETER    2  IS CONSTANT.   IGNORED.
 **********
 **   33 **FIX            3
 **********
 **********
 **   34 **FIX            4
 **********
 **********
 **   35 **FIX            8
 **********
 **********
 **   36 **FIX            9
 **********
 PARAMETER    9  IS CONSTANT.   IGNORED.
 **********
 **   37 **FIX           11
 **********
 PARAMETER   11  IS CONSTANT.   IGNORED.
 **********
 **   38 **FIX           12
 **********
 PARAMETER   12  IS CONSTANT.   IGNORED.
 **********
 **   39 **FIX           13
 **********
 PARAMETER   13  IS CONSTANT.   IGNORED.
 **********
 **   40 **FIX           15
 **********
 PARAMETER   15  IS CONSTANT.   IGNORED.
 **********
 **   41 **FIX           16
 **********
 PARAMETER   16  IS CONSTANT.   IGNORED.
 **********
 **   42 **MIGRAD
 **********
 START MIGRAD MINIMIZATION.  STRATEGY  1.  CONVERGENCE WHEN EDM .LT. 1.00e-04
 FCN=8171.09 FROM MIGRAD    STATUS=INITIATE       16 CALLS        1841 TOTAL
                     EDM= unknown      STRATEGY= 1      NO ERROR MATRIX       
  EXT PARAMETER               CURRENT GUESS       STEP         FIRST   
  NO.   NAME      VALUE            ERROR          SIZE      DERIVATIVE 
   1  N0           3.41721e+06     fixed    
   2  tau          6.43976e+01   constant   
   3  A0           3.55584e-01     fixed    
   4  phi          4.12458e+00     fixed    
   5  R           -6.08295e+01   constant   
   6  A_CBO        2.37114e-03   9.21262e-05   8.42202e-07  -8.65886e+04
   7  w_CBO        2.32780e+00   7.11876e-08   6.27939e-10   4.18724e+07
   8  phi_CBO      4.33467e+00     fixed    
   9  ANx2         2.24467e-04   constant   
  10  pNx2         2.31915e+00   constant   
  11  ANy1         0.00000e+00   constant   
  12  pNy1         0.00000e+00   constant   
  13  w_y          0.00000e+00   constant   
  14  ANy2         1.49899e-02   1.00000e-04   1.00000e-04   9.96171e+05
  15  pNy2         4.64502e+00   constant   
  16  w_vw         1.43138e+01   constant   
  17  LM          -1.76320e-04   constant   
  18  wCBO_expCoeff   2.00000e+02   6.12077e-06   5.40176e-08   4.87309e+05
  19  wCBO_expOffset   2.00000e+02   8.35547e-06   1.00122e-07  -1.35644e+06
  20  wCBO_expT    3.00000e+01   2.05879e-06   2.42679e-08  -9.77877e+06
  21  wCBO_linCoeff   0.00000e+00   constant   
  22  wCBO_const   2.84730e-05   2.07768e-04  -2.12291e-06   2.53719e+04
 MIGRAD FAILS TO FIND IMPROVEMENT
 FCN=1342.81 FROM HESSE     STATUS=NOT POSDEF     58 CALLS        2031 TOTAL
                     EDM=212.302    STRATEGY= 1      ERR MATRIX NOT POS-DEF
  EXT PARAMETER                APPROXIMATE        STEP         FIRST   
  NO.   NAME      VALUE            ERROR          SIZE      DERIVATIVE 
   1  N0           3.41721e+06     fixed    
   2  tau          6.43976e+01   constant   
   3  A0           3.55584e-01     fixed    
   4  phi          4.12458e+00     fixed    
   5  R           -6.08295e+01   constant   
   6  A_CBO        7.02695e-04   7.85418e-04   2.87112e-06  -1.87625e+03
   7  w_CBO        2.32780e+00   1.49068e-06   1.10998e-06  -1.56453e+06
   8  phi_CBO      4.33467e+00     fixed    
   9  ANx2         2.24467e-04   constant   
  10  pNx2         2.31915e+00   constant   
  11  ANy1         0.00000e+00   constant   
  12  pNy1         0.00000e+00   constant   
  13  w_y          0.00000e+00   constant   
  14  ANy2         1.11445e-03   4.60746e-04   2.94350e-06  -1.18463e+03
  15  pNy2         4.64502e+00   constant   
  16  w_vw         1.43138e+01   constant   
  17  LM          -1.76320e-04   constant   
  18  wCBO_expCoeff   2.00000e+02   1.28080e-04   9.53672e-05  -1.82148e+04
  19  wCBO_expOffset   2.00000e+02   1.51502e-04   9.53675e-05  -2.23498e+05
  20  wCBO_expT    3.00000e+01   9.70272e-06   1.43051e-05   9.36752e+05
  21  wCBO_linCoeff   0.00000e+00   constant   
  22  wCBO_const  -2.77351e-03   1.58095e-03   1.14915e-05   1.07917e+03
 MIGRAD FAILS TO FIND IMPROVEMENT
 MIGRAD TERMINATED WITHOUT CONVERGENCE.
 FCN=1342.78 FROM MIGRAD    STATUS=FAILED        442 CALLS        2267 TOTAL
                     EDM=12.7898    STRATEGY= 1      ERR MATRIX NOT POS-DEF
  EXT PARAMETER                APPROXIMATE        STEP         FIRST   
  NO.   NAME      VALUE            ERROR          SIZE      DERIVATIVE 
   1  N0           3.41721e+06     fixed    
   2  tau          6.43976e+01   constant   
   3  A0           3.55584e-01     fixed    
   4  phi          4.12458e+00     fixed    
   5  R           -6.08295e+01   constant   
   6  A_CBO        6.98691e-04   2.22563e-04  -0.00000e+00  -2.93361e+03
   7  w_CBO        2.32780e+00   4.92591e-07   0.00000e+00  -2.02048e+06
   8  phi_CBO      4.33467e+00     fixed    
   9  ANx2         2.24467e-04   constant   
  10  pNx2         2.31915e+00   constant   
  11  ANy1         0.00000e+00   constant   
  12  pNy1         0.00000e+00   constant   
  13  w_y          0.00000e+00   constant   
  14  ANy2         1.11221e-03   1.67284e-04  -0.00000e+00  -9.36084e+02
  15  pNy2         4.64502e+00   constant   
  16  w_vw         1.43138e+01   constant   
  17  LM          -1.76320e-04   constant   
  18  wCBO_expCoeff   2.00000e+02   4.23244e-05   0.00000e+00  -2.35125e+04
  19  wCBO_expOffset   2.00000e+02   3.21899e-05   0.00000e+00  -2.42486e+03
  20  wCBO_expT    3.00000e+01   4.00605e-06   0.00000e+00  -3.84877e+05
  21  wCBO_linCoeff   0.00000e+00   constant   
  22  wCBO_const  -2.80350e-03   2.20823e-03  -0.00000e+00   1.80615e+03
 EXTERNAL ERROR MATRIX.    NDIM=  25    NPAR=  7    ERR DEF=1
  4.953e-08 -7.672e-11  2.045e-08 -6.591e-09 -5.777e-09 -7.328e-10  3.827e-07 
 -7.672e-11  2.426e-13 -4.611e-11  1.754e-11  1.470e-11  1.767e-12 -1.039e-09 
  2.045e-08 -4.611e-11  2.798e-08 -3.961e-09 -3.276e-09 -4.065e-10  2.129e-07 
 -6.591e-09  1.754e-11 -3.961e-09  1.791e-09  1.263e-09  1.519e-10 -8.931e-08 
 -5.777e-09  1.470e-11 -3.276e-09  1.263e-09  1.036e-09  1.281e-10 -6.856e-08 
 -7.328e-10  1.767e-12 -4.065e-10  1.519e-10  1.281e-10  1.605e-11 -8.259e-09 
  3.827e-07 -1.039e-09  2.129e-07 -8.931e-08 -6.856e-08 -8.259e-09  4.876e-06 
ERR MATRIX NOT POS-DEF
 PARAMETER  CORRELATION COEFFICIENTS  
       NO.  GLOBAL      6      7     14     18     19     20     22
        6  0.99736   1.000 -0.700  0.549 -0.700 -0.806 -0.822  0.779
        7  0.99980  -0.700  1.000 -0.560  0.841  0.927  0.896 -0.956
       14  0.90893   0.549 -0.560  1.000 -0.560 -0.608 -0.607  0.576
       18  0.99980  -0.700  0.841 -0.560  1.000  0.927  0.896 -0.956
       19  0.99966  -0.806  0.927 -0.608  0.927  1.000  0.994 -0.965
       20  0.99892  -0.822  0.896 -0.607  0.896  0.994  1.000 -0.934
       22  0.99993   0.779 -0.956  0.576 -0.956 -0.965 -0.934  1.000
 ERR MATRIX NOT POS-DEF
MINUIT - FIT ONLY 2-CBO
 **********
 **   43 **RES 
 **********
                   PARAMETER    8  phi_CBO RESTORED TO VARIABLE.
                   PARAMETER    4  phi RESTORED TO VARIABLE.
                   PARAMETER    3  A0 RESTORED TO VARIABLE.
                   PARAMETER    1  N0 RESTORED TO VARIABLE.
 **********
 **   44 **FIX            0
 **********
 PARAMETER    0  IS UNDEFINED. IGNORED.
 **********
 **   45 **FIX            1
 **********
 **********
 **   46 **FIX            2
 **********
 PARAMETER    2  IS CONSTANT.   IGNORED.
 **********
 **   47 **FIX            3
 **********
 **********
 **   48 **FIX            4
 **********
 **********
 **   49 **FIX            5
 **********
 PARAMETER    5  IS CONSTANT.   IGNORED.
 **********
 **   50 **FIX            6
 **********
 **********
 **   51 **FIX            7
 **********
 **********
 **   52 **FIX           10
 **********
 PARAMETER   10  IS CONSTANT.   IGNORED.
 **********
 **   53 **FIX           11
 **********
 PARAMETER   11  IS CONSTANT.   IGNORED.
 **********
 **   54 **FIX           12
 **********
 PARAMETER   12  IS CONSTANT.   IGNORED.
 **********
 **   55 **FIX           13
 **********
 PARAMETER   13  IS CONSTANT.   IGNORED.
 **********
 **   56 **FIX           14
 **********
 **********
 **   57 **FIX           15
 **********
 PARAMETER   15  IS CONSTANT.   IGNORED.
 **********
 **   58 **FIX           16
 **********
 PARAMETER   16  IS CONSTANT.   IGNORED.
 **********
 **   59 **MIGRAD
 **********
 START MIGRAD MINIMIZATION.  STRATEGY  1.  CONVERGENCE WHEN EDM .LT. 1.00e-04
 FCN=1342.78 FROM MIGRAD    STATUS=INITIATE       12 CALLS        2279 TOTAL
                     EDM= unknown      STRATEGY= 1      NO ERROR MATRIX       
  EXT PARAMETER               CURRENT GUESS       STEP         FIRST   
  NO.   NAME      VALUE            ERROR          SIZE      DERIVATIVE 
   1  N0           3.41721e+06     fixed    
   2  tau          6.43976e+01   constant   
   3  A0           3.55584e-01     fixed    
   4  phi          4.12458e+00     fixed    
   5  R           -6.08295e+01   constant   
   6  A_CBO        6.98691e-04     fixed    
   7  w_CBO        2.32780e+00     fixed    
   8  phi_CBO      4.33467e+00   1.08734e-01   1.08734e-01   1.23733e+01
   9  ANx2         2.24467e-04   constant   
  10  pNx2         2.31915e+00   constant   
  11  ANy1         0.00000e+00   constant   
  12  pNy1         0.00000e+00   constant   
  13  w_y          0.00000e+00   constant   
  14  ANy2         1.11221e-03     fixed    
  15  pNy2         4.64502e+00   constant   
  16  w_vw         1.43138e+01   constant   
  17  LM          -1.76320e-04   constant   
  18  wCBO_expCoeff   2.00000e+02   4.23244e-05   0.00000e+00  -2.35125e+04
  19  wCBO_expOffset   2.00000e+02   3.21899e-05   0.00000e+00  -2.42486e+03
  20  wCBO_expT    3.00000e+01   4.00605e-06   0.00000e+00  -3.84877e+05
  21  wCBO_linCoeff   0.00000e+00   constant   
  22  wCBO_const  -2.80350e-03   2.20823e-03  -0.00000e+00   1.80615e+03
 MIGRAD FAILS TO FIND IMPROVEMENT
 FCN=1339.17 FROM HESSE     STATUS=NOT POSDEF     37 CALLS        2340 TOTAL
                     EDM=206.46    STRATEGY= 1      ERR MATRIX NOT POS-DEF
  EXT PARAMETER                APPROXIMATE        STEP         FIRST   
  NO.   NAME      VALUE            ERROR          SIZE      DERIVATIVE 
   1  N0           3.41721e+06     fixed    
   2  tau          6.43976e+01   constant   
   3  A0           3.55584e-01     fixed    
   4  phi          4.12458e+00     fixed    
   5  R           -6.08295e+01   constant   
   6  A_CBO        6.98691e-04     fixed    
   7  w_CBO        2.32780e+00     fixed    
   8  phi_CBO      3.82743e+00   5.89197e-01   4.17531e-03  -1.44501e+00
   9  ANx2         2.24467e-04   constant   
  10  pNx2         2.31915e+00   constant   
  11  ANy1         0.00000e+00   constant   
  12  pNy1         0.00000e+00   constant   
  13  w_y          0.00000e+00   constant   
  14  ANy2         1.11221e-03     fixed    
  15  pNy2         4.64502e+00   constant   
  16  w_vw         1.43138e+01   constant   
  17  LM          -1.76320e-04   constant   
  18  wCBO_expCoeff   2.00000e+02   2.19687e-04   9.53672e-05   6.51354e+03
  19  wCBO_expOffset   2.00000e+02   1.46596e-04   9.53675e-05   2.41239e+05
  20  wCBO_expT    3.00000e+01   6.45869e-06   1.43051e-05  -6.16977e+05
  21  wCBO_linCoeff   0.00000e+00   constant   
  22  wCBO_const  -3.37446e-03   3.56392e-03   1.15945e-05   1.45370e+03
 MIGRAD FAILS TO FIND IMPROVEMENT
 MIGRAD TERMINATED WITHOUT CONVERGENCE.
 FCN=1339.15 FROM MIGRAD    STATUS=FAILED        115 CALLS        2382 TOTAL
                     EDM=3.76088    STRATEGY= 1      ERR MATRIX NOT POS-DEF
  EXT PARAMETER                APPROXIMATE        STEP         FIRST   
  NO.   NAME      VALUE            ERROR          SIZE      DERIVATIVE 
   1  N0           3.41721e+06     fixed    
   2  tau          6.43976e+01   constant   
   3  A0           3.55584e-01     fixed    
   4  phi          4.12458e+00     fixed    
   5  R           -6.08295e+01   constant   
   6  A_CBO        6.98691e-04     fixed    
   7  w_CBO        2.32780e+00     fixed    
   8  phi_CBO      3.83015e+00   2.63968e-01   0.00000e+00  -2.66625e-01
   9  ANx2         2.24467e-04   constant   
  10  pNx2         2.31915e+00   constant   
  11  ANy1         0.00000e+00   constant   
  12  pNy1         0.00000e+00   constant   
  13  w_y          0.00000e+00   constant   
  14  ANy2         1.11221e-03     fixed    
  15  pNy2         4.64502e+00   constant   
  16  w_vw         1.43138e+01   constant   
  17  LM          -1.76320e-04   constant   
  18  wCBO_expCoeff   2.00000e+02   3.79509e-05   0.00000e+00  -1.95566e+04
  19  wCBO_expOffset   2.00000e+02   1.77421e-06  -0.00000e+00  -8.63104e+04
  20  wCBO_expT    3.00000e+01   2.16799e-06   0.00000e+00  -8.42844e+05
  21  wCBO_linCoeff   0.00000e+00   constant   
  22  wCBO_const  -3.42773e-03   1.30719e-03  -0.00000e+00   7.85808e+02
 EXTERNAL ERROR MATRIX.    NDIM=  25    NPAR=  5    ERR DEF=1
  6.968e-02  3.890e-06 -1.138e-07  8.703e-08 -9.131e-06 
  3.890e-06  1.440e-09 -5.132e-11  5.429e-11 -4.552e-08 
 -1.138e-07 -5.132e-11  3.148e-12 -3.297e-12  1.828e-09 
  8.703e-08  5.429e-11 -3.297e-12  4.700e-12 -2.132e-09 
 -9.131e-06 -4.552e-08  1.828e-09 -2.132e-09  1.709e-06 
ERR MATRIX NOT POS-DEF
 PARAMETER  CORRELATION COEFFICIENTS  
       NO.  GLOBAL      8     18     19     20     22
        8  0.96712   1.000  0.388 -0.243  0.152 -0.026
       18  0.99474   0.388  1.000 -0.762  0.660 -0.918
       19  0.89645  -0.243 -0.762  1.000 -0.857  0.788
       20  0.93256   0.152  0.660 -0.857  1.000 -0.752
       22  0.99532  -0.026 -0.918  0.788 -0.752  1.000
 ERR MATRIX NOT POS-DEF
MINUIT - FIT ONLY 1-y
 **********
 **   60 **RES 
 **********
                   PARAMETER   14  ANy2 RESTORED TO VARIABLE.
                   PARAMETER    7  w_CBO RESTORED TO VARIABLE.
                   PARAMETER    6  A_CBO RESTORED TO VARIABLE.
                   PARAMETER    4  phi RESTORED TO VARIABLE.
                   PARAMETER    3  A0 RESTORED TO VARIABLE.
                   PARAMETER    1  N0 RESTORED TO VARIABLE.
 **********
 **   61 **FIX            0
 **********
 PARAMETER    0  IS UNDEFINED. IGNORED.
 **********
 **   62 **FIX            1
 **********
 **********
 **   63 **FIX            2
 **********
 PARAMETER    2  IS CONSTANT.   IGNORED.
 **********
 **   64 **FIX            3
 **********
 **********
 **   65 **FIX            4
 **********
 **********
 **   66 **FIX            5
 **********
 PARAMETER    5  IS CONSTANT.   IGNORED.
 **********
 **   67 **FIX            6
 **********
 **********
 **   68 **FIX            7
 **********
 **********
 **   69 **FIX            8
 **********
 **********
 **   70 **FIX            9
 **********
 PARAMETER    9  IS CONSTANT.   IGNORED.
 **********
 **   71 **FIX           13
 **********
 PARAMETER   13  IS CONSTANT.   IGNORED.
 **********
 **   72 **FIX           14
 **********
 **********
 **   73 **FIX           15
 **********
 PARAMETER   15  IS CONSTANT.   IGNORED.
 **********
 **   74 **FIX           16
 **********
 PARAMETER   16  IS CONSTANT.   IGNORED.
 **********
 **   75 **MIGRAD
 **********
 START MIGRAD MINIMIZATION.  STRATEGY  1.  CONVERGENCE WHEN EDM .LT. 1.00e-04
 FCN=1339.15 FROM MIGRAD    STATUS=INITIATE        8 CALLS        2390 TOTAL
                     EDM= unknown      STRATEGY= 1      NO ERROR MATRIX       
  EXT PARAMETER               CURRENT GUESS       STEP         FIRST   
  NO.   NAME      VALUE            ERROR          SIZE      DERIVATIVE 
   1  N0           3.41721e+06     fixed    
   2  tau          6.43976e+01   constant   
   3  A0           3.55584e-01     fixed    
   4  phi          4.12458e+00     fixed    
   5  R           -6.08295e+01   constant   
   6  A_CBO        6.98691e-04     fixed    
   7  w_CBO        2.32780e+00     fixed    
   8  phi_CBO      3.83015e+00     fixed    
   9  ANx2         2.24467e-04   constant   
  10  pNx2         2.31915e+00   constant   
  11  ANy1         0.00000e+00   constant   
  12  pNy1         0.00000e+00   constant   
  13  w_y          0.00000e+00   constant   
  14  ANy2         1.11221e-03     fixed    
  15  pNy2         4.64502e+00   constant   
  16  w_vw         1.43138e+01   constant   
  17  LM          -1.76320e-04   constant   
  18  wCBO_expCoeff   2.00000e+02   3.79509e-05   0.00000e+00  -1.95566e+04
  19  wCBO_expOffset   2.00000e+02   1.77421e-06  -0.00000e+00  -8.63104e+04
  20  wCBO_expT    3.00000e+01   2.16799e-06   0.00000e+00  -8.42844e+05
  21  wCBO_linCoeff   0.00000e+00   constant   
  22  wCBO_const  -3.42773e-03   1.30719e-03  -0.00000e+00   7.85808e+02
 MIGRAD FAILS TO FIND IMPROVEMENT
 FCN=1339.13 FROM HESSE     STATUS=NOT POSDEF     29 CALLS        2437 TOTAL
                     EDM=178.167    STRATEGY= 1      ERR MATRIX NOT POS-DEF
  EXT PARAMETER                APPROXIMATE        STEP         FIRST   
  NO.   NAME      VALUE            ERROR          SIZE      DERIVATIVE 
   1  N0           3.41721e+06     fixed    
   2  tau          6.43976e+01   constant   
   3  A0           3.55584e-01     fixed    
   4  phi          4.12458e+00     fixed    
   5  R           -6.08295e+01   constant   
   6  A_CBO        6.98691e-04     fixed    
   7  w_CBO        2.32780e+00     fixed    
   8  phi_CBO      3.83015e+00     fixed    
   9  ANx2         2.24467e-04   constant   
  10  pNx2         2.31915e+00   constant   
  11  ANy1         0.00000e+00   constant   
  12  pNy1         0.00000e+00   constant   
  13  w_y          0.00000e+00   constant   
  14  ANy2         1.11221e-03     fixed    
  15  pNy2         4.64502e+00   constant   
  16  w_vw         1.43138e+01   constant   
  17  LM          -1.76320e-04   constant   
  18  wCBO_expCoeff   2.00000e+02   2.59388e-04   9.53672e-05  -6.09868e+03
  19  wCBO_expOffset   2.00000e+02   1.48507e-04   9.53675e-05   2.44980e+05
  20  wCBO_expT    3.00000e+01   7.00212e-06   1.43051e-05  -5.15673e+05
  21  wCBO_linCoeff   0.00000e+00   constant   
  22  wCBO_const  -3.43616e-03   4.01408e-03   1.08987e-05   1.19416e+03
 MIGRAD FAILS TO FIND IMPROVEMENT
 MIGRAD TERMINATED WITHOUT CONVERGENCE.
 FCN=1339.13 FROM MIGRAD    STATUS=FAILED         66 CALLS        2448 TOTAL
                     EDM=178.167    STRATEGY= 1      ERR MATRIX NOT POS-DEF
  EXT PARAMETER                APPROXIMATE        STEP         FIRST   
  NO.   NAME      VALUE            ERROR          SIZE      DERIVATIVE 
   1  N0           3.41721e+06     fixed    
   2  tau          6.43976e+01   constant   
   3  A0           3.55584e-01     fixed    
   4  phi          4.12458e+00     fixed    
   5  R           -6.08295e+01   constant   
   6  A_CBO        6.98691e-04     fixed    
   7  w_CBO        2.32780e+00     fixed    
   8  phi_CBO      3.83015e+00     fixed    
   9  ANx2         2.24467e-04   constant   
  10  pNx2         2.31915e+00   constant   
  11  ANy1         0.00000e+00   constant   
  12  pNy1         0.00000e+00   constant   
  13  w_y          0.00000e+00   constant   
  14  ANy2         1.11221e-03     fixed    
  15  pNy2         4.64502e+00   constant   
  16  w_vw         1.43138e+01   constant   
  17  LM          -1.76320e-04   constant   
  18  wCBO_expCoeff   2.00000e+02   2.59388e-04  -0.00000e+00  -6.09868e+03
  19  wCBO_expOffset   2.00000e+02   1.48507e-04  -0.00000e+00   2.44980e+05
  20  wCBO_expT    3.00000e+01   7.00212e-06  -0.00000e+00  -5.15673e+05
  21  wCBO_linCoeff   0.00000e+00   constant   
  22  wCBO_const  -3.43616e-03   4.01408e-03   0.00000e+00   1.19416e+03
 EXTERNAL ERROR MATRIX.    NDIM=  25    NPAR=  4    ERR DEF=1
  6.728e-08  3.830e-08  1.778e-09 -1.026e-06 
  3.830e-08  2.205e-08  1.014e-09 -5.783e-07 
  1.778e-09  1.014e-09  4.903e-11 -2.713e-08 
 -1.026e-06 -5.783e-07 -2.713e-08  1.611e-05 
ERR MATRIX NOT POS-DEF
 PARAMETER  CORRELATION COEFFICIENTS  
       NO.  GLOBAL     18     19     20     22
       18  0.99790   1.000  0.994  0.979 -0.985
       19  0.99564   0.994  1.000  0.975 -0.970
       20  0.97933   0.979  0.975  1.000 -0.965
       22  0.98892  -0.985 -0.970 -0.965  1.000
 ERR MATRIX NOT POS-DEF
MINUIT - FIT ONLY 2-y
 **********
 **   76 **RES 
 **********
                   PARAMETER   14  ANy2 RESTORED TO VARIABLE.
                   PARAMETER    8  phi_CBO RESTORED TO VARIABLE.
                   PARAMETER    7  w_CBO RESTORED TO VARIABLE.
                   PARAMETER    6  A_CBO RESTORED TO VARIABLE.
                   PARAMETER    4  phi RESTORED TO VARIABLE.
                   PARAMETER    3  A0 RESTORED TO VARIABLE.
                   PARAMETER    1  N0 RESTORED TO VARIABLE.
 **********
 **   77 **FIX            0
 **********
