 + ++++++++++++++++++++++++++++++++++++++++++++++++++++++++++++++++++++ +
 +                                                                      +
 +           You have chose to blind your fitting according to          +
 +                omega_ref * (1 + (R +/- deltaR) *10^{-6})             +
 +                                                                      +
 + ++++++++++++++++++++++++++++++++++++++++++++++++++++++++++++++++++++ +
In main()...
reading format from /gm2data/zkhechad/run45/envelope/formats/formatB_sBin_constraintOn.txt
pBinTau 	= 0  
pBinPhi 	= 0  
constraintau 	= 1 
includeMopTerm 	= 0    
constrainMop    = 0   
Parameters after format file: pBinTau 0 pBinPhi 0 constraintau 1 includeMopTerm 0 constrainMop 0 c_e_scale 0.000000 
reading cbo reference file (full fit) from /gm2data/zkhechad/cboTemplates/Run4CBOTemplates/fullFits/run4/sBin_constraintOn_cE0.0_seed0_run4_calo11.root
A_CBO 0.010027 w_CBO 2.327222 phi_CBO 0.184420 N0 3062002.636939 R -61.179583 tau 64.395304 
Reading cboRef file /gm2data/zkhechad/cboTemplates/Run4CBOTemplates//cboIsolate/run4_calo11.root
deltaT 164.120000
windowBins = 1100
fitting sliding window 1420 from bin 1623 at 242.151600 to bin 2723 at 406.271600 (1100 bins)

Reading data from /gm2data/cornell/histograms/aMethod/histogram_a_run4.root
fitting cbo isolate
 **********
 **    1 **SET PRINTOUT            1
 **********
 **********
 **    2 **SET NOWARNINGS 
 **********
 PARAMETER DEFINITIONS:
    NO.   NAME         VALUE      STEP SIZE      LIMITS
     1 A_CBO        1.00270e-02  1.00000e-05     no limits
     2 w_CBO        2.32722e+00  1.00000e-02    2.00000e+00  3.00000e+00
     3 phi_CBO      1.84420e-01  1.00000e-02    0.00000e+00  6.28319e+00
 **********
 **    3 **MIGRAD
 **********
 FIRST CALL TO USER FUNCTION AT NEW START POINT, WITH IFLAG=4.
 START MIGRAD MINIMIZATION.  STRATEGY  1.  CONVERGENCE WHEN EDM .LT. 1.00e-04
 FCN=0.057253 FROM MIGRAD    STATUS=INITIATE       12 CALLS          13 TOTAL
                     EDM= unknown      STRATEGY= 1      NO ERROR MATRIX       
  EXT PARAMETER               CURRENT GUESS       STEP         FIRST   
  NO.   NAME      VALUE            ERROR          SIZE      DERIVATIVE 
   1  A_CBO        1.00270e-02   1.00000e-05   1.00000e-05   8.00328e+00
   2  w_CBO        2.32722e+00   1.00000e-02   2.13152e-02  -1.90808e-01
   3  phi_CBO      1.84420e-01   1.00000e-02   9.43260e-03   1.28458e-03
 MIGRAD MINIMIZATION HAS CONVERGED.
 MIGRAD WILL VERIFY CONVERGENCE AND ERROR MATRIX.
 FCN=0.0280328 FROM MIGRAD    STATUS=CONVERGED      41 CALLS          42 TOTAL
                     EDM=5.44121e-05    STRATEGY= 1      ERR MATRIX NOT POS-DEF
  EXT PARAMETER                APPROXIMATE        STEP         FIRST   
  NO.   NAME      VALUE            ERROR          SIZE      DERIVATIVE 
   1  A_CBO        2.72562e-03   4.14033e-02   2.11468e-05  -8.45829e-04
   2  w_CBO        2.32735e+00   6.43142e-01   5.17603e-05   3.99271e-02
   3  phi_CBO      1.50154e-01   4.16120e+00   8.56967e-03  -2.76457e-04
 EXTERNAL ERROR MATRIX.    NDIM=  25    NPAR=  3    ERR DEF=1
  1.714e-03 -1.594e-03 -5.174e-01 
 -1.594e-03  5.824e-01  1.968e+02 
 -5.174e-01  1.968e+02  6.675e+04 
ERR MATRIX NOT POS-DEF
 PARAMETER  CORRELATION COEFFICIENTS  
       NO.  GLOBAL      1      2      3
        1  0.05962   1.000 -0.050 -0.048
        2  0.99806  -0.050  1.000  0.998
        3  0.99806  -0.048  0.998  1.000
 ERR MATRIX NOT POS-DEF
setting A_CBO=0.002726 w_CBO=2.327353, phi_CBO=0.150154
done fitting cbo isolate
 **********
 **    1 **SET PRINTOUT            1
 **********
 **********
 **    2 **SET NOWARNINGS 
 **********
 PARAMETER DEFINITIONS:
    NO.   NAME         VALUE      STEP SIZE      LIMITS
     1 N0           3.06200e+06  1.00000e+02     no limits
     2 tau          6.43953e+01  constant
     3 A0           3.42893e-01  1.00000e-04     no limits
     4 phi          4.11802e+00  1.00000e-02     no limits
     5 R           -6.11796e+01  constant
     6 A_CBO        2.72562e-03  1.00000e-05     no limits
     7 w_CBO        2.32735e+00  1.00000e-03     no limits
     8 phi_CBO      1.50154e-01  1.00000e-04     no limits
     9 ANx2         4.90616e-04  constant
    10 pNx2         2.30674e+00  constant
    11 ANy1         0.00000e+00  constant
    12 pNy1         0.00000e+00  constant
    13 w_y          0.00000e+00  constant
    14 ANy2         9.23997e-03  1.00000e-04     no limits
    15 pNy2         3.41148e-01  constant
    16 w_vw         1.43130e+01  constant
    17 LM          -3.45991e-04  constant
    18 wCBO_expCoeff   2.00000e+02  1.00000e+00     no limits
    19 wCBO_expOffset   2.00000e+02  1.00000e+00     no limits
    20 wCBO_expT    3.00000e+01  1.00000e+00     no limits
    21 wCBO_linCoeff   0.00000e+00  constant
    22 wCBO_const   0.00000e+00  1.00000e-02     no limits
MINUIT - FIT ONLY WIGGLE
 **********
 **    3 **FIX            5
 **********
 PARAMETER    5  IS CONSTANT.   IGNORED.
 **********
 **    4 **FIX            6
 **********
 **********
 **    5 **FIX            7
 **********
 **********
 **    6 **FIX            8
 **********
 **********
 **    7 **FIX            9
 **********
 PARAMETER    9  IS CONSTANT.   IGNORED.
 **********
 **    8 **FIX           10
 **********
 PARAMETER   10  IS CONSTANT.   IGNORED.
 **********
 **    9 **FIX           11
 **********
 PARAMETER   11  IS CONSTANT.   IGNORED.
 **********
 **   10 **FIX           12
 **********
 PARAMETER   12  IS CONSTANT.   IGNORED.
 **********
 **   11 **FIX           13
 **********
 PARAMETER   13  IS CONSTANT.   IGNORED.
 **********
 **   12 **FIX           14
 **********
 **********
 **   13 **FIX           15
 **********
 PARAMETER   15  IS CONSTANT.   IGNORED.
 **********
 **   14 **FIX           16
 **********
 PARAMETER   16  IS CONSTANT.   IGNORED.
 **********
 **   15 **MIGRAD
 **********
 FIRST CALL TO USER FUNCTION AT NEW START POINT, WITH IFLAG=4.
 START MIGRAD MINIMIZATION.  STRATEGY  1.  CONVERGENCE WHEN EDM .LT. 1.00e-04
 FCN=1410.43 FROM MIGRAD    STATUS=INITIATE       34 CALLS          35 TOTAL
                     EDM= unknown      STRATEGY= 1      NO ERROR MATRIX       
  EXT PARAMETER               CURRENT GUESS       STEP         FIRST   
  NO.   NAME      VALUE            ERROR          SIZE      DERIVATIVE 
   1  N0           3.06200e+06   1.00000e+02   1.00000e+02  -4.61488e-04
   2  tau          6.43953e+01   constant   
   3  A0           3.42893e-01   1.00000e-04   1.00000e-04  -1.17909e+03
   4  phi          4.11802e+00   1.00000e-02   1.00000e-02   9.11572e+02
   5  R           -6.11796e+01   constant   
   6  A_CBO        2.72562e-03     fixed    
   7  w_CBO        2.32735e+00     fixed    
   8  phi_CBO      1.50154e-01     fixed    
   9  ANx2         4.90616e-04   constant   
  10  pNx2         2.30674e+00   constant   
  11  ANy1         0.00000e+00   constant   
  12  pNy1         0.00000e+00   constant   
  13  w_y          0.00000e+00   constant   
  14  ANy2         9.23997e-03     fixed    
  15  pNy2         3.41148e-01   constant   
  16  w_vw         1.43130e+01   constant   
  17  LM          -3.45991e-04   constant   
  18  wCBO_expCoeff   2.00000e+02   1.00000e+00   1.00000e+00  -3.02438e+02
  19  wCBO_expOffset   2.00000e+02   1.00000e+00   1.00000e+00  -1.93100e+03
  20  wCBO_expT    3.00000e+01   1.00000e+00   1.00000e+00  -5.89723e+02
  21  wCBO_linCoeff   0.00000e+00   constant   
  22  wCBO_const   0.00000e+00   1.00000e-02   1.00000e-02  -6.48177e+03
 MIGRAD MINIMIZATION HAS CONVERGED.
 FCN=1348.63 FROM MIGRAD    STATUS=CONVERGED     291 CALLS         292 TOTAL
                     EDM=9.37228e-06    STRATEGY= 1  ERROR MATRIX UNCERTAINTY   0.7 per cent
  EXT PARAMETER                                   STEP         FIRST   
  NO.   NAME      VALUE            ERROR          SIZE      DERIVATIVE 
   1  N0           3.06231e+06   6.73066e+02  -4.02145e-02   8.57418e-07
   2  tau          6.43953e+01   constant   
   3  A0           3.42983e-01   2.94733e-04  -1.64684e-07   4.01833e+00
   4  phi          4.11734e+00   8.99686e-04   6.41866e-07  -1.59283e+00
   5  R           -6.11796e+01   constant   
   6  A_CBO        2.72562e-03     fixed    
   7  w_CBO        2.32735e+00     fixed    
   8  phi_CBO      1.50154e-01     fixed    
   9  ANx2         4.90616e-04   constant   
  10  pNx2         2.30674e+00   constant   
  11  ANy1         0.00000e+00   constant   
  12  pNy1         0.00000e+00   constant   
  13  w_y          0.00000e+00   constant   
  14  ANy2         9.23997e-03     fixed    
  15  pNy2         3.41148e-01   constant   
  16  w_vw         1.43130e+01   constant   
  17  LM          -3.45991e-04   constant   
  18  wCBO_expCoeff   2.00036e+02   6.80558e-03   2.12003e-06  -7.08973e-01
  19  wCBO_expOffset   2.00005e+02   1.10785e-03  -6.33141e-07   1.13148e+01
  20  wCBO_expT    2.99980e+01   1.09995e-03   4.88795e-08   5.30813e+00
  21  wCBO_linCoeff   0.00000e+00   constant   
  22  wCBO_const  -6.51216e-03   5.56733e-04   5.22936e-08   2.40098e+00
 EXTERNAL ERROR MATRIX.    NDIM=  25    NPAR=  7    ERR DEF=1
  4.530e+05 -5.731e-04 -1.505e-03  2.019e-01  3.786e-02 -4.981e-02  1.234e-02 
 -5.731e-04  8.687e-08  1.969e-10 -4.539e-07  7.553e-08 -3.320e-09 -3.119e-09 
 -1.505e-03  1.969e-10  8.094e-07  1.746e-06 -2.798e-07 -7.026e-09  1.536e-08 
  2.019e-01 -4.539e-07  1.746e-06  4.632e-05  8.643e-07 -5.585e-06  1.770e-06 
  3.786e-02  7.553e-08 -2.798e-07  8.643e-07  1.227e-06 -8.306e-07  2.061e-07 
 -4.981e-02 -3.320e-09 -7.026e-09 -5.585e-06 -8.306e-07  1.210e-06 -4.425e-07 
  1.234e-02 -3.119e-09  1.536e-08  1.770e-06  2.061e-07 -4.425e-07  3.100e-07 
 PARAMETER  CORRELATION COEFFICIENTS  
       NO.  GLOBAL      1      3      4     18     19     20     22
        1  0.07923   1.000 -0.003 -0.002  0.044  0.051 -0.067  0.033
        3  0.40713  -0.003  1.000  0.001 -0.226  0.231 -0.010 -0.019
        4  0.46524  -0.002  0.001  1.000  0.285 -0.281 -0.007  0.031
       18  0.96702   0.044 -0.226  0.285  1.000  0.115 -0.746  0.467
       19  0.95965   0.051  0.231 -0.281  0.115  1.000 -0.682  0.334
       20  0.98850  -0.067 -0.010 -0.007 -0.746 -0.682  1.000 -0.723
       22  0.89695   0.033 -0.019  0.031  0.467  0.334 -0.723  1.000
MINUIT - FIT ONLY 1-CBO + other amplitudes 
 **********
 **   16 **RES 
 **********
                   PARAMETER   14  ANy2 RESTORED TO VARIABLE.
                   PARAMETER    8  phi_CBO RESTORED TO VARIABLE.
                   PARAMETER    7  w_CBO RESTORED TO VARIABLE.
                   PARAMETER    6  A_CBO RESTORED TO VARIABLE.
 **********
 **   17 **FIX            0
 **********
 PARAMETER    0  IS UNDEFINED. IGNORED.
 **********
 **   18 **FIX            1
 **********
 **********
 **   19 **FIX            2
 **********
 PARAMETER    2  IS CONSTANT.   IGNORED.
 **********
 **   20 **FIX            3
 **********
 **********
 **   21 **FIX            4
 **********
 **********
 **   22 **FIX            9
 **********
 PARAMETER    9  IS CONSTANT.   IGNORED.
 **********
 **   23 **FIX           11
 **********
 PARAMETER   11  IS CONSTANT.   IGNORED.
 **********
 **   24 **FIX           12
 **********
 PARAMETER   12  IS CONSTANT.   IGNORED.
 **********
 **   25 **FIX           14
 **********
 **********
 **   26 **FIX           15
 **********
 PARAMETER   15  IS CONSTANT.   IGNORED.
 **********
 **   27 **FIX           16
 **********
 PARAMETER   16  IS CONSTANT.   IGNORED.
 **********
 **   28 **MIGRAD
 **********
 START MIGRAD MINIMIZATION.  STRATEGY  1.  CONVERGENCE WHEN EDM .LT. 1.00e-04
 FCN=1348.63 FROM MIGRAD    STATUS=INITIATE       22 CALLS         314 TOTAL
                     EDM= unknown      STRATEGY= 1      NO ERROR MATRIX       
  EXT PARAMETER               CURRENT GUESS       STEP         FIRST   
  NO.   NAME      VALUE            ERROR          SIZE      DERIVATIVE 
   1  N0           3.06231e+06     fixed    
   2  tau          6.43953e+01   constant   
   3  A0           3.42983e-01     fixed    
   4  phi          4.11734e+00     fixed    
   5  R           -6.11796e+01   constant   
   6  A_CBO        2.72562e-03   1.00000e-05   1.00000e-05   3.64451e+04
   7  w_CBO        2.32735e+00   1.00000e-03   1.00000e-03  -5.95788e+01
   8  phi_CBO      1.50154e-01   1.00000e-04   1.00000e-04   1.50523e+00
   9  ANx2         4.90616e-04   constant   
  10  pNx2         2.30674e+00   constant   
  11  ANy1         0.00000e+00   constant   
  12  pNy1         0.00000e+00   constant   
  13  w_y          0.00000e+00   constant   
  14  ANy2         9.23997e-03     fixed    
  15  pNy2         3.41148e-01   constant   
  16  w_vw         1.43130e+01   constant   
  17  LM          -3.45991e-04   constant   
  18  wCBO_expCoeff   2.00036e+02   6.80558e-03   2.12003e-06  -7.08973e-01
  19  wCBO_expOffset   2.00005e+02   1.10785e-03  -6.33141e-07   1.13148e+01
  20  wCBO_expT    2.99980e+01   1.09995e-03   4.88795e-08   5.30813e+00
  21  wCBO_linCoeff   0.00000e+00   constant   
  22  wCBO_const  -6.51216e-03   5.56733e-04   5.22936e-08   2.40097e+00
 MIGRAD MINIMIZATION HAS CONVERGED.
 FCN=1316.88 FROM MIGRAD    STATUS=CONVERGED     151 CALLS         443 TOTAL
                     EDM=1.47733e-06    STRATEGY= 1  ERROR MATRIX UNCERTAINTY   2.7 per cent
  EXT PARAMETER                                   STEP         FIRST   
  NO.   NAME      VALUE            ERROR          SIZE      DERIVATIVE 
   1  N0           3.06231e+06     fixed    
   2  tau          6.43953e+01   constant   
   3  A0           3.42983e-01     fixed    
   4  phi          4.11734e+00     fixed    
   5  R           -6.11796e+01   constant   
   6  A_CBO        9.81029e-04   3.11021e-04  -1.14270e-06   9.19308e-01
   7  w_CBO        2.32738e+00   5.33318e-05  -1.66051e-07  -3.75731e+01
   8  phi_CBO     -5.61715e-03   4.26374e-01  -1.65935e-03   1.08802e-03
   9  ANx2         4.90616e-04   constant   
  10  pNx2         2.30674e+00   constant   
  11  ANy1         0.00000e+00   constant   
  12  pNy1         0.00000e+00   constant   
  13  w_y          0.00000e+00   constant   
  14  ANy2         9.23997e-03     fixed    
  15  pNy2         3.41148e-01   constant   
  16  w_vw         1.43130e+01   constant   
  17  LM          -3.45991e-04   constant   
  18  wCBO_expCoeff   2.00039e+02   4.73818e-03  -1.30345e-05  -4.42111e-01
  19  wCBO_expOffset   2.00006e+02   5.97715e-04  -1.40891e-06   5.28676e+00
  20  wCBO_expT    2.99975e+01   1.33209e-03   9.49363e-06  -2.93123e-01
  21  wCBO_linCoeff   0.00000e+00   constant   
  22  wCBO_const  -6.73491e-03   8.78801e-04  -6.42537e-06   5.94373e-01
 EXTERNAL ERROR MATRIX.    NDIM=  25    NPAR=  7    ERR DEF=1
  9.673e-08 -1.203e-09  7.249e-06 -1.198e-07 -1.548e-08  1.287e-08  2.968e-08 
 -1.203e-09  2.844e-09 -2.891e-06  2.034e-07  2.421e-08 -6.341e-08  1.828e-08 
  7.249e-06 -2.891e-06  1.818e-01 -3.177e-04 -4.467e-05  3.423e-05  1.603e-04 
 -1.198e-07  2.034e-07 -3.177e-04  2.245e-05  2.165e-06 -5.554e-06  1.435e-06 
 -1.548e-08  2.421e-08 -4.467e-05  2.165e-06  3.573e-07 -6.618e-07  1.439e-07 
  1.287e-08 -6.341e-08  3.423e-05 -5.554e-06 -6.618e-07  1.774e-06 -7.261e-07 
  2.968e-08  1.828e-08  1.603e-04  1.435e-06  1.439e-07 -7.261e-07  7.723e-07 
 PARAMETER  CORRELATION COEFFICIENTS  
       NO.  GLOBAL      6      7      8     18     19     20     22
        6  0.17967   1.000 -0.073  0.055 -0.081 -0.083  0.031  0.109
        7  0.93472  -0.073  1.000 -0.127  0.805  0.760 -0.893  0.390
        8  0.66542   0.055 -0.127  1.000 -0.157 -0.175  0.060  0.428
       18  0.93426  -0.081  0.805 -0.157  1.000  0.765 -0.880  0.345
       19  0.91334  -0.083  0.760 -0.175  0.765  1.000 -0.831  0.274
       20  0.98965   0.031 -0.893  0.060 -0.880 -0.831  1.000 -0.620
       22  0.93664   0.109  0.390  0.428  0.345  0.274 -0.620  1.000
MINUIT - FIT ONLY 1-CBO
 **********
 **   29 **RES 
 **********
                   PARAMETER   14  ANy2 RESTORED TO VARIABLE.
                   PARAMETER    4  phi RESTORED TO VARIABLE.
                   PARAMETER    3  A0 RESTORED TO VARIABLE.
                   PARAMETER    1  N0 RESTORED TO VARIABLE.
 **********
 **   30 **FIX            0
 **********
 PARAMETER    0  IS UNDEFINED. IGNORED.
 **********
 **   31 **FIX            1
 **********
 **********
 **   32 **FIX            2
 **********
 PARAMETER    2  IS CONSTANT.   IGNORED.
 **********
 **   33 **FIX            3
 **********
 **********
 **   34 **FIX            4
 **********
 **********
 **   35 **FIX            8
 **********
 **********
 **   36 **FIX            9
 **********
 PARAMETER    9  IS CONSTANT.   IGNORED.
 **********
 **   37 **FIX           11
 **********
 PARAMETER   11  IS CONSTANT.   IGNORED.
 **********
 **   38 **FIX           12
 **********
 PARAMETER   12  IS CONSTANT.   IGNORED.
 **********
 **   39 **FIX           13
 **********
 PARAMETER   13  IS CONSTANT.   IGNORED.
 **********
 **   40 **FIX           15
 **********
 PARAMETER   15  IS CONSTANT.   IGNORED.
 **********
 **   41 **FIX           16
 **********
 PARAMETER   16  IS CONSTANT.   IGNORED.
 **********
 **   42 **MIGRAD
 **********
 START MIGRAD MINIMIZATION.  STRATEGY  1.  CONVERGENCE WHEN EDM .LT. 1.00e-04
 FCN=1316.88 FROM MIGRAD    STATUS=INITIATE       16 CALLS         459 TOTAL
                     EDM= unknown      STRATEGY= 1      NO ERROR MATRIX       
  EXT PARAMETER               CURRENT GUESS       STEP         FIRST   
  NO.   NAME      VALUE            ERROR          SIZE      DERIVATIVE 
   1  N0           3.06231e+06     fixed    
   2  tau          6.43953e+01   constant   
   3  A0           3.42983e-01     fixed    
   4  phi          4.11734e+00     fixed    
   5  R           -6.11796e+01   constant   
   6  A_CBO        9.81029e-04   3.11021e-04  -1.14270e-06   9.19307e-01
   7  w_CBO        2.32738e+00   5.33318e-05  -1.66051e-07  -3.75731e+01
   8  phi_CBO     -5.61715e-03     fixed    
   9  ANx2         4.90616e-04   constant   
  10  pNx2         2.30674e+00   constant   
  11  ANy1         0.00000e+00   constant   
  12  pNy1         0.00000e+00   constant   
  13  w_y          0.00000e+00   constant   
  14  ANy2         9.23997e-03   1.00000e-04   1.00000e-04   1.94725e+05
  15  pNy2         3.41148e-01   constant   
  16  w_vw         1.43130e+01   constant   
  17  LM          -3.45991e-04   constant   
  18  wCBO_expCoeff   2.00039e+02   4.73818e-03  -1.30345e-05  -4.42111e-01
  19  wCBO_expOffset   2.00006e+02   5.97715e-04  -1.40891e-06   5.28676e+00
  20  wCBO_expT    2.99975e+01   1.33209e-03   9.49363e-06  -2.93123e-01
  21  wCBO_linCoeff   0.00000e+00   constant   
  22  wCBO_const  -6.73491e-03   8.78801e-04  -6.42537e-06   5.94372e-01
 MIGRAD MINIMIZATION HAS CONVERGED.
 MIGRAD WILL VERIFY CONVERGENCE AND ERROR MATRIX.
 COVARIANCE MATRIX CALCULATED SUCCESSFULLY
 FCN=394.418 FROM MIGRAD    STATUS=CONVERGED     184 CALLS         627 TOTAL
                     EDM=8.79565e-07    STRATEGY= 1      ERROR MATRIX ACCURATE 
  EXT PARAMETER                                   STEP         FIRST   
  NO.   NAME      VALUE            ERROR          SIZE      DERIVATIVE 
   1  N0           3.06231e+06     fixed    
   2  tau          6.43953e+01   constant   
   3  A0           3.42983e-01     fixed    
   4  phi          4.11734e+00     fixed    
   5  R           -6.11796e+01   constant   
   6  A_CBO        2.09956e-04   3.27590e-04   3.00237e-06   2.81589e+00
   7  w_CBO        2.32740e+00   5.38411e-04   1.10979e-06  -2.28885e+01
   8  phi_CBO     -5.61715e-03     fixed    
   9  ANx2         4.90616e-04   constant   
  10  pNx2         2.30674e+00   constant   
  11  ANy1         0.00000e+00   constant   
  12  pNy1         0.00000e+00   constant   
  13  w_y          0.00000e+00   constant   
  14  ANy2        -2.33010e-04   3.12100e-04   3.01731e-06  -1.16106e+00
  15  pNy2         3.41148e-01   constant   
  16  w_vw         1.43130e+01   constant   
  17  LM          -3.45991e-04   constant   
  18  wCBO_expCoeff   2.00041e+02   4.65596e-02   9.53871e-05  -2.60617e-01
  19  wCBO_expOffset   2.00006e+02   3.22569e-03   9.53703e-05  -1.74735e+00
  20  wCBO_expT    2.99969e+01   2.12203e-03   1.43036e-05  -2.72023e+00
  21  wCBO_linCoeff   0.00000e+00   constant   
  22  wCBO_const  -6.53766e-03   7.98034e-04   4.44097e-06  -1.12316e+00
 EXTERNAL ERROR MATRIX.    NDIM=  25    NPAR=  7    ERR DEF=1
  1.073e-07  8.115e-09  8.216e-09  7.019e-07  8.223e-08 -1.708e-07 -4.368e-09 
  8.115e-09  2.899e-07  1.162e-09 -2.046e-05 -3.392e-07 -2.181e-07 -8.429e-08 
  8.216e-09  1.162e-09  9.741e-08  1.164e-07 -1.642e-08 -1.308e-08 -1.913e-09 
  7.019e-07 -2.046e-05  1.164e-07  2.168e-03 -3.161e-05 -1.979e-05  1.235e-05 
  8.223e-08 -3.392e-07 -1.642e-08 -3.161e-05  1.041e-05 -7.232e-07  2.249e-07 
 -1.708e-07 -2.181e-07 -1.308e-08 -1.979e-05 -7.232e-07  4.503e-06 -9.214e-07 
 -4.368e-09 -8.429e-08 -1.913e-09  1.235e-05  2.249e-07 -9.214e-07  6.369e-07 
 PARAMETER  CORRELATION COEFFICIENTS  
       NO.  GLOBAL      6      7     14     18     19     20     22
        6  0.32910   1.000  0.046  0.080  0.046  0.078 -0.246 -0.017
        7  0.99671   0.046  1.000  0.007 -0.816 -0.195 -0.191 -0.196
       14  0.09265   0.080  0.007  1.000  0.008 -0.016 -0.020 -0.008
       18  0.99656   0.046 -0.816  0.008  1.000 -0.210 -0.200  0.332
       19  0.98377   0.078 -0.195 -0.016 -0.210  1.000 -0.106  0.087
       20  0.98651  -0.246 -0.191 -0.020 -0.200 -0.106  1.000 -0.544
       22  0.81971  -0.017 -0.196 -0.008  0.332  0.087 -0.544  1.000
MINUIT - FIT ONLY 2-CBO
 **********
 **   43 **RES 
 **********
                   PARAMETER    8  phi_CBO RESTORED TO VARIABLE.
                   PARAMETER    4  phi RESTORED TO VARIABLE.
                   PARAMETER    3  A0 RESTORED TO VARIABLE.
                   PARAMETER    1  N0 RESTORED TO VARIABLE.
 **********
 **   44 **FIX            0
 **********
 PARAMETER    0  IS UNDEFINED. IGNORED.
 **********
 **   45 **FIX            1
 **********
 **********
 **   46 **FIX            2
 **********
 PARAMETER    2  IS CONSTANT.   IGNORED.
 **********
 **   47 **FIX            3
 **********
 **********
 **   48 **FIX            4
 **********
 **********
 **   49 **FIX            5
 **********
 PARAMETER    5  IS CONSTANT.   IGNORED.
 **********
 **   50 **FIX            6
 **********
 **********
 **   51 **FIX            7
 **********
 **********
 **   52 **FIX           10
 **********
 PARAMETER   10  IS CONSTANT.   IGNORED.
 **********
 **   53 **FIX           11
 **********
 PARAMETER   11  IS CONSTANT.   IGNORED.
 **********
 **   54 **FIX           12
 **********
 PARAMETER   12  IS CONSTANT.   IGNORED.
 **********
 **   55 **FIX           13
 **********
 PARAMETER   13  IS CONSTANT.   IGNORED.
 **********
 **   56 **FIX           14
 **********
 **********
 **   57 **FIX           15
 **********
 PARAMETER   15  IS CONSTANT.   IGNORED.
 **********
 **   58 **FIX           16
 **********
 PARAMETER   16  IS CONSTANT.   IGNORED.
 **********
 **   59 **MIGRAD
 **********
 START MIGRAD MINIMIZATION.  STRATEGY  1.  CONVERGENCE WHEN EDM .LT. 1.00e-04
 FCN=394.418 FROM MIGRAD    STATUS=INITIATE       12 CALLS         639 TOTAL
                     EDM= unknown      STRATEGY= 1      NO ERROR MATRIX       
  EXT PARAMETER               CURRENT GUESS       STEP         FIRST   
  NO.   NAME      VALUE            ERROR          SIZE      DERIVATIVE 
   1  N0           3.06231e+06     fixed    
   2  tau          6.43953e+01   constant   
   3  A0           3.42983e-01     fixed    
   4  phi          4.11734e+00     fixed    
   5  R           -6.11796e+01   constant   
   6  A_CBO        2.09956e-04     fixed    
   7  w_CBO        2.32740e+00     fixed    
   8  phi_CBO     -5.61715e-03   4.26374e-01   4.26374e-01  -6.03826e-01
   9  ANx2         4.90616e-04   constant   
  10  pNx2         2.30674e+00   constant   
  11  ANy1         0.00000e+00   constant   
  12  pNy1         0.00000e+00   constant   
  13  w_y          0.00000e+00   constant   
  14  ANy2        -2.33010e-04     fixed    
  15  pNy2         3.41148e-01   constant   
  16  w_vw         1.43130e+01   constant   
  17  LM          -3.45991e-04   constant   
  18  wCBO_expCoeff   2.00041e+02   4.65596e-02   9.53871e-05  -2.66039e-01
  19  wCBO_expOffset   2.00006e+02   3.22569e-03   9.53703e-05  -3.85372e+00
  20  wCBO_expT    2.99969e+01   2.12203e-03   1.43036e-05  -2.81176e+00
  21  wCBO_linCoeff   0.00000e+00   constant   
  22  wCBO_const  -6.53766e-03   7.98034e-04   4.44097e-06  -1.12067e+00
 MIGRAD MINIMIZATION HAS CONVERGED.
 MIGRAD WILL VERIFY CONVERGENCE AND ERROR MATRIX.
 COVARIANCE MATRIX CALCULATED SUCCESSFULLY
 FCN=394.189 FROM MIGRAD    STATUS=CONVERGED     121 CALLS         748 TOTAL
                     EDM=2.25141e-06    STRATEGY= 1      ERROR MATRIX ACCURATE 
  EXT PARAMETER                                   STEP         FIRST   
  NO.   NAME      VALUE            ERROR          SIZE      DERIVATIVE 
   1  N0           3.06231e+06     fixed    
   2  tau          6.43953e+01   constant   
   3  A0           3.42983e-01     fixed    
   4  phi          4.11734e+00     fixed    
   5  R           -6.11796e+01   constant   
   6  A_CBO        2.09956e-04     fixed    
   7  w_CBO        2.32740e+00     fixed    
   8  phi_CBO      7.35897e-01   1.51756e+00   1.31719e-02   1.28052e-03
   9  ANx2         4.90616e-04   constant   
  10  pNx2         2.30674e+00   constant   
  11  ANy1         0.00000e+00   constant   
  12  pNy1         0.00000e+00   constant   
  13  w_y          0.00000e+00   constant   
  14  ANy2        -2.33010e-04     fixed    
  15  pNy2         3.41148e-01   constant   
  16  w_vw         1.43130e+01   constant   
  17  LM          -3.45991e-04   constant   
  18  wCBO_expCoeff   2.00040e+02   2.93508e-02   9.53865e-05   1.07771e-01
  19  wCBO_expOffset   2.00006e+02   3.59033e-03   9.53703e-05   7.12407e-01
  20  wCBO_expT    2.99970e+01   2.01431e-03   1.43037e-05   3.68238e-02
  21  wCBO_linCoeff   0.00000e+00   constant   
  22  wCBO_const  -6.43433e-03   8.21908e-04   4.40047e-06  -1.29938e+00
 EXTERNAL ERROR MATRIX.    NDIM=  25    NPAR=  5    ERR DEF=1
  2.303e+00 -5.929e-03 -2.291e-04  4.481e-04  3.026e-04 
 -5.929e-03  8.615e-04 -7.737e-05 -3.410e-05  6.129e-06 
 -2.291e-04 -7.737e-05  1.289e-05 -7.058e-07  7.358e-08 
  4.481e-04 -3.410e-05 -7.058e-07  4.057e-06 -9.720e-07 
  3.026e-04  6.129e-06  7.358e-08 -9.720e-07  6.755e-07 
 PARAMETER  CORRELATION COEFFICIENTS  
       NO.  GLOBAL      8     18     19     20     22
        8  0.44696   1.000 -0.133 -0.042  0.147  0.243
       18  0.99123  -0.133  1.000 -0.734 -0.577  0.254
       19  0.98676  -0.042 -0.734  1.000 -0.098  0.025
       20  0.98503   0.147 -0.577 -0.098  1.000 -0.587
       22  0.83424   0.243  0.254  0.025 -0.587  1.000
MINUIT - FIT ONLY 1-y
 **********
 **   60 **RES 
 **********
                   PARAMETER   14  ANy2 RESTORED TO VARIABLE.
                   PARAMETER    7  w_CBO RESTORED TO VARIABLE.
                   PARAMETER    6  A_CBO RESTORED TO VARIABLE.
                   PARAMETER    4  phi RESTORED TO VARIABLE.
                   PARAMETER    3  A0 RESTORED TO VARIABLE.
                   PARAMETER    1  N0 RESTORED TO VARIABLE.
 **********
 **   61 **FIX            0
 **********
 PARAMETER    0  IS UNDEFINED. IGNORED.
 **********
 **   62 **FIX            1
 **********
 **********
 **   63 **FIX            2
 **********
 PARAMETER    2  IS CONSTANT.   IGNORED.
 **********
 **   64 **FIX            3
 **********
 **********
 **   65 **FIX            4
 **********
 **********
 **   66 **FIX            5
 **********
 PARAMETER    5  IS CONSTANT.   IGNORED.
 **********
 **   67 **FIX            6
 **********
 **********
 **   68 **FIX            7
 **********
 **********
 **   69 **FIX            8
 **********
 **********
 **   70 **FIX            9
 **********
 PARAMETER    9  IS CONSTANT.   IGNORED.
 **********
 **   71 **FIX           13
 **********
 PARAMETER   13  IS CONSTANT.   IGNORED.
 **********
 **   72 **FIX           14
 **********
 **********
 **   73 **FIX           15
 **********
 PARAMETER   15  IS CONSTANT.   IGNORED.
 **********
 **   74 **FIX           16
 **********
 PARAMETER   16  IS CONSTANT.   IGNORED.
 **********
 **   75 **MIGRAD
 **********
 START MIGRAD MINIMIZATION.  STRATEGY  1.  CONVERGENCE WHEN EDM .LT. 1.00e-04
 FCN=394.189 FROM MIGRAD    STATUS=INITIATE        8 CALLS         756 TOTAL
                     EDM= unknown      STRATEGY= 1      NO ERROR MATRIX       
  EXT PARAMETER               CURRENT GUESS       STEP         FIRST   
  NO.   NAME      VALUE            ERROR          SIZE      DERIVATIVE 
   1  N0           3.06231e+06     fixed    
   2  tau          6.43953e+01   constant   
   3  A0           3.42983e-01     fixed    
   4  phi          4.11734e+00     fixed    
   5  R           -6.11796e+01   constant   
   6  A_CBO        2.09956e-04     fixed    
   7  w_CBO        2.32740e+00     fixed    
   8  phi_CBO      7.35897e-01     fixed    
   9  ANx2         4.90616e-04   constant   
  10  pNx2         2.30674e+00   constant   
  11  ANy1         0.00000e+00   constant   
  12  pNy1         0.00000e+00   constant   
  13  w_y          0.00000e+00   constant   
  14  ANy2        -2.33010e-04     fixed    
  15  pNy2         3.41148e-01   constant   
  16  w_vw         1.43130e+01   constant   
  17  LM          -3.45991e-04   constant   
  18  wCBO_expCoeff   2.00040e+02   2.93508e-02   9.53865e-05   1.04134e-01
  19  wCBO_expOffset   2.00006e+02   3.59033e-03   9.53703e-05  -6.96482e-01
  20  wCBO_expT    2.99970e+01   2.01431e-03   1.43037e-05  -7.41094e-02
  21  wCBO_linCoeff   0.00000e+00   constant   
  22  wCBO_const  -6.43433e-03   8.21908e-04   4.40047e-06  -1.30011e+00
 MIGRAD MINIMIZATION HAS CONVERGED.
 MIGRAD WILL VERIFY CONVERGENCE AND ERROR MATRIX.
 COVARIANCE MATRIX CALCULATED SUCCESSFULLY
 FCN=394.189 FROM MIGRAD    STATUS=CONVERGED      46 CALLS         794 TOTAL
                     EDM=1.41395e-06    STRATEGY= 1      ERROR MATRIX ACCURATE 
  EXT PARAMETER                                   STEP         FIRST   
  NO.   NAME      VALUE            ERROR          SIZE      DERIVATIVE 
   1  N0           3.06231e+06     fixed    
   2  tau          6.43953e+01   constant   
   3  A0           3.42983e-01     fixed    
   4  phi          4.11734e+00     fixed    
   5  R           -6.11796e+01   constant   
   6  A_CBO        2.09956e-04     fixed    
   7  w_CBO        2.32740e+00     fixed    
   8  phi_CBO      7.35897e-01     fixed    
   9  ANx2         4.90616e-04   constant   
  10  pNx2         2.30674e+00   constant   
  11  ANy1         0.00000e+00   constant   
  12  pNy1         0.00000e+00   constant   
  13  w_y          0.00000e+00   constant   
  14  ANy2        -2.33010e-04     fixed    
  15  pNy2         3.41148e-01   constant   
  16  w_vw         1.43130e+01   constant   
  17  LM          -3.45991e-04   constant   
  18  wCBO_expCoeff   2.00040e+02   2.90771e-02   9.53865e-05   2.07993e-01
  19  wCBO_expOffset   2.00006e+02   3.58514e-03   9.53703e-05   1.38074e+00
  20  wCBO_expT    2.99970e+01   1.99233e-03   1.43037e-05   1.30540e+00
  21  wCBO_linCoeff   0.00000e+00   constant   
  22  wCBO_const  -6.43421e-03   7.97338e-04   4.39904e-06  -5.09878e-02
 EXTERNAL ERROR MATRIX.    NDIM=  25    NPAR=  4    ERR DEF=1
  8.455e-04 -7.787e-05 -3.294e-05  6.906e-06 
 -7.787e-05  1.285e-05 -6.613e-07  1.037e-07 
 -3.294e-05 -6.613e-07  3.969e-06 -1.031e-06 
  6.906e-06  1.037e-07 -1.031e-06  6.357e-07 
 PARAMETER  CORRELATION COEFFICIENTS  
       NO.  GLOBAL     18     19     20     22
       18  0.99106   1.000 -0.747 -0.569  0.298
       19  0.98672  -0.747  1.000 -0.093  0.036
       20  0.98469  -0.569 -0.093  1.000 -0.649
       22  0.82276   0.298  0.036 -0.649  1.000
MINUIT - FIT ONLY 2-y
 **********
 **   76 **RES 
 **********
                   PARAMETER   14  ANy2 RESTORED TO VARIABLE.
                   PARAMETER    8  phi_CBO RESTORED TO VARIABLE.
                   PARAMETER    7  w_CBO RESTORED TO VARIABLE.
                   PARAMETER    6  A_CBO RESTORED TO VARIABLE.
                   PARAMETER    4  phi RESTORED TO VARIABLE.
                   PARAMETER    3  A0 RESTORED TO VARIABLE.
                   PARAMETER    1  N0 RESTORED TO VARIABLE.
 **********
 **   77 **FIX            0
 **********
 PARAMETER    0  IS UNDEFINED. IGNORED.
 **********
 **   78 **FIX            1
 **********
 **********
 **   79 **FIX            2
 **********
 PARAMETER    2  IS CONSTANT.   IGNORED.
 **********
 **   80 **FIX            3
 **********
 **********
 **   81 **FIX            4
 **********
 **********
 **   82 **FIX            5
 **********
 PARAMETER    5  IS CONSTANT.   IGNORED.
 **********
 **   83 **FIX            6
 **********
 **********
 **   84 **FIX            7
 **********
 **********
 **   85 **FIX            8
 **********
 **********
 **   86 **FIX            9
 **********
 PARAMETER    9  IS CONSTANT.   IGNORED.
 **********
 **   87 **FIX           10
 **********
 PARAMETER   10  IS CONSTANT.   IGNORED.
 **********
 **   88 **FIX           11
 **********
 PARAMETER   11  IS CONSTANT.   IGNORED.
 **********
 **   89 **FIX           12
 **********
 PARAMETER   12  IS CONSTANT.   IGNORED.
 **********
 **   90 **FIX           16
 **********
 PARAMETER   16  IS CONSTANT.   IGNORED.
 **********
 **   91 **MIGRAD
 **********
 START MIGRAD MINIMIZATION.  STRATEGY  1.  CONVERGENCE WHEN EDM .LT. 1.00e-04
 FCN=394.189 FROM MIGRAD    STATUS=INITIATE       10 CALLS         804 TOTAL
                     EDM= unknown      STRATEGY= 1      NO ERROR MATRIX       
  EXT PARAMETER               CURRENT GUESS       STEP         FIRST   
  NO.   NAME      VALUE            ERROR          SIZE      DERIVATIVE 
   1  N0           3.06231e+06     fixed    
   2  tau          6.43953e+01   constant   
   3  A0           3.42983e-01     fixed    
   4  phi          4.11734e+00     fixed    
   5  R           -6.11796e+01   constant   
   6  A_CBO        2.09956e-04     fixed    
   7  w_CBO        2.32740e+00     fixed    
   8  phi_CBO      7.35897e-01     fixed    
   9  ANx2         4.90616e-04   constant   
  10  pNx2         2.30674e+00   constant   
  11  ANy1         0.00000e+00   constant   
  12  pNy1         0.00000e+00   constant   
  13  w_y          0.00000e+00   constant   
  14  ANy2        -2.33010e-04   3.12100e-04   3.12100e-04   9.86591e+01
  15  pNy2         3.41148e-01   constant   
  16  w_vw         1.43130e+01   constant   
  17  LM          -3.45991e-04   constant   
  18  wCBO_expCoeff   2.00040e+02   2.90771e-02   9.53865e-05   2.04349e-01
  19  wCBO_expOffset   2.00006e+02   3.58514e-03   9.53703e-05  -3.07096e-02
  20  wCBO_expT    2.99970e+01   1.99233e-03   1.43037e-05   1.19425e+00
  21  wCBO_linCoeff   0.00000e+00   constant   
  22  wCBO_const  -6.43421e-03   7.97338e-04   4.39904e-06  -5.17271e-02
 MIGRAD MINIMIZATION HAS CONVERGED.
 MIGRAD WILL VERIFY CONVERGENCE AND ERROR MATRIX.
 COVARIANCE MATRIX CALCULATED SUCCESSFULLY
 FCN=394.189 FROM MIGRAD    STATUS=CONVERGED      54 CALLS         848 TOTAL
                     EDM=1.8525e-06    STRATEGY= 1      ERROR MATRIX ACCURATE 
  EXT PARAMETER                                   STEP         FIRST   
  NO.   NAME      VALUE            ERROR          SIZE      DERIVATIVE 
   1  N0           3.06231e+06     fixed    
   2  tau          6.43953e+01   constant   
   3  A0           3.42983e-01     fixed    
   4  phi          4.11734e+00     fixed    
   5  R           -6.11796e+01   constant   
   6  A_CBO        2.09956e-04     fixed    
   7  w_CBO        2.32740e+00     fixed    
   8  phi_CBO      7.35897e-01     fixed    
   9  ANx2         4.90616e-04   constant   
  10  pNx2         2.30674e+00   constant   
  11  ANy1         0.00000e+00   constant   
  12  pNy1         0.00000e+00   constant   
  13  w_y          0.00000e+00   constant   
  14  ANy2        -2.37774e-04   3.10951e-04   3.01644e-06  -8.64769e-02
  15  pNy2         3.41148e-01   constant   
  16  w_vw         1.43130e+01   constant   
  17  LM          -3.45991e-04   constant   
  18  wCBO_expCoeff   2.00040e+02   2.91607e-02   9.53865e-05  -2.74679e-01
  19  wCBO_expOffset   2.00006e+02   3.59858e-03   9.53703e-05  -1.83797e+00
  20  wCBO_expT    2.99970e+01   1.99425e-03   1.43037e-05  -4.04048e+00
  21  wCBO_linCoeff   0.00000e+00   constant   
  22  wCBO_const  -6.43420e-03   7.97460e-04   4.39905e-06  -3.05981e+00
 EXTERNAL ERROR MATRIX.    NDIM=  25    NPAR=  5    ERR DEF=1
  9.669e-08  1.565e-07 -2.889e-08  7.732e-10 -6.586e-10 
  1.565e-07  8.503e-04 -7.850e-05 -3.301e-05  6.921e-06 
 -2.889e-08 -7.850e-05  1.295e-05 -6.615e-07  1.038e-07 
  7.732e-10 -3.301e-05 -6.615e-07  3.977e-06 -1.032e-06 
 -6.586e-10  6.921e-06  1.038e-07 -1.032e-06  6.359e-07 
 PARAMETER  CORRELATION COEFFICIENTS  
       NO.  GLOBAL     14     18     19     20     22
       14  0.03528   1.000  0.017 -0.026  0.001 -0.003
       18  0.99111   0.017  1.000 -0.748 -0.568  0.298
       19  0.98681  -0.026 -0.748  1.000 -0.092  0.036
       20  0.98471   0.001 -0.568 -0.092  1.000 -0.649
       22  0.82278  -0.003  0.298  0.036 -0.649  1.000
MINUIT - FIT ALTOGETHER
 **********
 **   92 **RES 
 **********
                   PARAMETER    8  phi_CBO RESTORED TO VARIABLE.
                   PARAMETER    7  w_CBO RESTORED TO VARIABLE.
                   PARAMETER    6  A_CBO RESTORED TO VARIABLE.
                   PARAMETER    4  phi RESTORED TO VARIABLE.
                   PARAMETER    3  A0 RESTORED TO VARIABLE.
                   PARAMETER    1  N0 RESTORED TO VARIABLE.
 **********
 **   93 **MIGRAD
 **********
 START MIGRAD MINIMIZATION.  STRATEGY  1.  CONVERGENCE WHEN EDM .LT. 1.00e-04
 FCN=394.189 FROM MIGRAD    STATUS=INITIATE       22 CALLS         870 TOTAL
                     EDM= unknown      STRATEGY= 1      NO ERROR MATRIX       
  EXT PARAMETER               CURRENT GUESS       STEP         FIRST   
  NO.   NAME      VALUE            ERROR          SIZE      DERIVATIVE 
   1  N0           3.06231e+06   6.73066e+02   6.73066e+02  -4.12275e-05
   2  tau          6.43953e+01   constant   
   3  A0           3.42983e-01   2.94733e-04   2.94733e-04   2.96946e+03
   4  phi          4.11734e+00   8.99686e-04   8.99686e-04  -7.48361e+02
   5  R           -6.11796e+01   constant   
   6  A_CBO        2.09956e-04   3.27590e-04   3.27590e-04  -9.08291e+02
   7  w_CBO        2.32740e+00   5.38411e-04   5.38411e-04  -2.52521e+01
   8  phi_CBO      7.35897e-01   1.51756e+00   1.51756e+00  -1.10025e-04
   9  ANx2         4.90616e-04   constant   
  10  pNx2         2.30674e+00   constant   
  11  ANy1         0.00000e+00   constant   
  12  pNy1         0.00000e+00   constant   
  13  w_y          0.00000e+00   constant   
  14  ANy2        -2.37774e-04   3.10951e-04   3.01644e-06  -8.64769e-02
  15  pNy2         3.41148e-01   constant   
  16  w_vw         1.43130e+01   constant   
  17  LM          -3.45991e-04   constant   
  18  wCBO_expCoeff   2.00040e+02   2.91607e-02   9.53865e-05  -2.78285e-01
  19  wCBO_expOffset   2.00006e+02   3.59858e-03   9.53703e-05  -3.23459e+00
  20  wCBO_expT    2.99970e+01   1.99425e-03   1.43037e-05  -4.12378e+00
  21  wCBO_linCoeff   0.00000e+00   constant   
  22  wCBO_const  -6.43420e-03   7.97460e-04   4.39905e-06  -3.06053e+00
 MIGRAD MINIMIZATION HAS CONVERGED.
 MIGRAD WILL VERIFY CONVERGENCE AND ERROR MATRIX.
 COVARIANCE MATRIX CALCULATED SUCCESSFULLY
 FCN=393.871 FROM HESSE     STATUS=OK            102 CALLS        1091 TOTAL
                     EDM=0.00010881    STRATEGY= 1      ERROR MATRIX ACCURATE 
  EXT PARAMETER                                   STEP         FIRST   
  NO.   NAME      VALUE            ERROR          SIZE      DERIVATIVE 
   1  N0           3.06232e+06   6.74140e+02   6.48381e+00  -7.28624e-07
   2  tau          6.43953e+01   constant   
