 + ++++++++++++++++++++++++++++++++++++++++++++++++++++++++++++++++++++ +
 +                                                                      +
 +           You have chose to blind your fitting according to          +
 +                omega_ref * (1 + (R +/- deltaR) *10^{-6})             +
 +                                                                      +
 + ++++++++++++++++++++++++++++++++++++++++++++++++++++++++++++++++++++ +
In main()...
reading format from /gm2data/zkhechad/run45/envelope/formats/formatB_sBin_constraintOn.txt
pBinTau 	= 0  
pBinPhi 	= 0  
constraintau 	= 1 
includeMopTerm 	= 0    
constrainMop    = 0   
Parameters after format file: pBinTau 0 pBinPhi 0 constraintau 1 includeMopTerm 0 constrainMop 0 c_e_scale 0.000000 
reading cbo reference file (full fit) from /gm2data/zkhechad/cboTemplates/Run4CBOTemplates/fullFits/run4/sBin_constraintOn_cE0.0_seed0_run4_calo8.root
A_CBO 0.011357 w_CBO 2.326581 phi_CBO 5.876624 N0 2844262.344614 R -61.301649 tau 64.404749 
Reading cboRef file /gm2data/zkhechad/cboTemplates/Run4CBOTemplates//cboIsolate/run4_calo8.root
deltaT 164.120000
windowBins = 1100
fitting sliding window 2220 from bin 2423 at 361.511600 to bin 3523 at 525.631600 (1100 bins)

Reading data from /gm2data/cornell/histograms/aMethod/histogram_a_run4.root
fitting cbo isolate
 **********
 **    1 **SET PRINTOUT            1
 **********
 **********
 **    2 **SET NOWARNINGS 
 **********
 PARAMETER DEFINITIONS:
    NO.   NAME         VALUE      STEP SIZE      LIMITS
     1 A_CBO        1.13569e-02  1.00000e-05     no limits
     2 w_CBO        2.32658e+00  1.00000e-02    2.00000e+00  3.00000e+00
     3 phi_CBO      5.87662e+00  1.00000e-02    0.00000e+00  6.28319e+00
 **********
 **    3 **MIGRAD
 **********
 FIRST CALL TO USER FUNCTION AT NEW START POINT, WITH IFLAG=4.
 START MIGRAD MINIMIZATION.  STRATEGY  1.  CONVERGENCE WHEN EDM .LT. 1.00e-04
 FCN=0.227364 FROM MIGRAD    STATUS=INITIATE       12 CALLS          13 TOTAL
                     EDM= unknown      STRATEGY= 1      NO ERROR MATRIX       
  EXT PARAMETER               CURRENT GUESS       STEP         FIRST   
  NO.   NAME      VALUE            ERROR          SIZE      DERIVATIVE 
   1  A_CBO        1.13569e-02   1.00000e-05   1.00000e-05   9.63904e+00
   2  w_CBO        2.32658e+00   1.00000e-02   2.13259e-02   1.13978e-01
   3  phi_CBO      5.87662e+00   1.00000e-02   6.47001e-03  -9.20234e-04
 MIGRAD MINIMIZATION HAS CONVERGED.
 MIGRAD WILL VERIFY CONVERGENCE AND ERROR MATRIX.
 COVARIANCE MATRIX CALCULATED SUCCESSFULLY
 FCN=0.185292 FROM MIGRAD    STATUS=CONVERGED      41 CALLS          42 TOTAL
                     EDM=6.14232e-06    STRATEGY= 1      ERROR MATRIX ACCURATE 
  EXT PARAMETER                                   STEP         FIRST   
  NO.   NAME      VALUE            ERROR          SIZE      DERIVATIVE 
   1  A_CBO        2.62733e-03   4.30768e-02   2.26244e-05  -3.71697e-05
   2  w_CBO        2.32654e+00   6.40630e-01   4.16111e-05  -2.78417e-02
   3  phi_CBO      5.89453e+00   5.36156e+00   5.76100e-03   1.88797e-04
 EXTERNAL ERROR MATRIX.    NDIM=  25    NPAR=  3    ERR DEF=1
  1.856e-03 -5.092e-03 -2.287e+00 
 -5.092e-03  5.954e-01  2.658e+02 
 -2.287e+00  2.658e+02  1.189e+05 
 PARAMETER  CORRELATION COEFFICIENTS  
       NO.  GLOBAL      1      2      3
        1  0.15455   1.000 -0.153 -0.154
        2  0.99887  -0.153  1.000  0.999
        3  0.99887  -0.154  0.999  1.000
setting A_CBO=0.002627 w_CBO=2.326542, phi_CBO=5.894531
done fitting cbo isolate
 **********
 **    1 **SET PRINTOUT            1
 **********
 **********
 **    2 **SET NOWARNINGS 
 **********
 PARAMETER DEFINITIONS:
    NO.   NAME         VALUE      STEP SIZE      LIMITS
     1 N0           2.84426e+06  1.00000e+02     no limits
     2 tau          6.44047e+01  constant
     3 A0           3.52885e-01  1.00000e-04     no limits
     4 phi          4.11503e+00  1.00000e-02     no limits
     5 R           -6.13016e+01  constant
     6 A_CBO        2.62733e-03  1.00000e-05     no limits
     7 w_CBO        2.32654e+00  1.00000e-03     no limits
     8 phi_CBO      5.89453e+00  1.00000e-04     no limits
     9 ANx2         6.64823e-04  constant
    10 pNx2         9.66896e-01  constant
    11 ANy1         0.00000e+00  constant
    12 pNy1         0.00000e+00  constant
    13 w_y          0.00000e+00  constant
    14 ANy2         8.37111e-03  1.00000e-04     no limits
    15 pNy2         5.88808e+00  constant
    16 w_vw         1.43122e+01  constant
    17 LM           1.40011e-04  constant
    18 wCBO_expCoeff   2.00000e+02  1.00000e+00     no limits
    19 wCBO_expOffset   2.00000e+02  1.00000e+00     no limits
    20 wCBO_expT    3.00000e+01  1.00000e+00     no limits
    21 wCBO_linCoeff   0.00000e+00  constant
    22 wCBO_const   0.00000e+00  1.00000e-02     no limits
MINUIT - FIT ONLY WIGGLE
 **********
 **    3 **FIX            5
 **********
 PARAMETER    5  IS CONSTANT.   IGNORED.
 **********
 **    4 **FIX            6
 **********
 **********
 **    5 **FIX            7
 **********
 **********
 **    6 **FIX            8
 **********
 **********
 **    7 **FIX            9
 **********
 PARAMETER    9  IS CONSTANT.   IGNORED.
 **********
 **    8 **FIX           10
 **********
 PARAMETER   10  IS CONSTANT.   IGNORED.
 **********
 **    9 **FIX           11
 **********
 PARAMETER   11  IS CONSTANT.   IGNORED.
 **********
 **   10 **FIX           12
 **********
 PARAMETER   12  IS CONSTANT.   IGNORED.
 **********
 **   11 **FIX           13
 **********
 PARAMETER   13  IS CONSTANT.   IGNORED.
 **********
 **   12 **FIX           14
 **********
 **********
 **   13 **FIX           15
 **********
 PARAMETER   15  IS CONSTANT.   IGNORED.
 **********
 **   14 **FIX           16
 **********
 PARAMETER   16  IS CONSTANT.   IGNORED.
 **********
 **   15 **MIGRAD
 **********
 FIRST CALL TO USER FUNCTION AT NEW START POINT, WITH IFLAG=4.
 START MIGRAD MINIMIZATION.  STRATEGY  1.  CONVERGENCE WHEN EDM .LT. 1.00e-04
 FCN=396.794 FROM MIGRAD    STATUS=INITIATE      107 CALLS         108 TOTAL
                     EDM= unknown      STRATEGY= 1      NO ERROR MATRIX       
  EXT PARAMETER               CURRENT GUESS       STEP         FIRST   
  NO.   NAME      VALUE            ERROR          SIZE      DERIVATIVE 
   1  N0           2.84426e+06   1.00000e+02   0.00000e+00   6.53381e-04
   2  tau          6.44047e+01   constant   
   3  A0           3.52885e-01   1.00000e-04   0.00000e+00  -2.74198e+03
   4  phi          4.11503e+00   1.00000e-02   0.00000e+00   1.02830e+03
   5  R           -6.13016e+01   constant   
   6  A_CBO        2.62733e-03     fixed    
   7  w_CBO        2.32654e+00     fixed    
   8  phi_CBO      5.89453e+00     fixed    
   9  ANx2         6.64823e-04   constant   
  10  pNx2         9.66896e-01   constant   
  11  ANy1         0.00000e+00   constant   
  12  pNy1         0.00000e+00   constant   
  13  w_y          0.00000e+00   constant   
  14  ANy2         8.37111e-03     fixed    
  15  pNy2         5.88808e+00   constant   
  16  w_vw         1.43122e+01   constant   
  17  LM           1.40011e-04   constant   
  18  wCBO_expCoeff   2.00534e+02   1.00000e+00   3.14217e-01  -8.71210e-01
  19  wCBO_expOffset   2.00000e+02   1.00000e+00   0.00000e+00  -5.82358e+00
  20  wCBO_expT    3.00000e+01   1.00000e+00   0.00000e+00   2.37052e+00
  21  wCBO_linCoeff   0.00000e+00   constant   
  22  wCBO_const  -1.41484e-03   1.00000e-02   0.00000e+00   1.71045e+03
 MIGRAD MINIMIZATION HAS CONVERGED.
 FCN=389.784 FROM MIGRAD    STATUS=CONVERGED     293 CALLS         294 TOTAL
                     EDM=4.03478e-08    STRATEGY= 1  ERROR MATRIX UNCERTAINTY   0.2 per cent
  EXT PARAMETER                                   STEP         FIRST   
  NO.   NAME      VALUE            ERROR          SIZE      DERIVATIVE 
   1  N0           2.84389e+06   1.62837e+03  -2.44063e-01  -1.20342e-07
   2  tau          6.44047e+01   constant   
   3  A0           3.53421e-01   7.77907e-04   1.55020e-06  -2.45297e-02
   4  phi          4.11179e+00   2.28240e-03  -2.08229e-07  -4.24092e-02
   5  R           -6.13016e+01   constant   
   6  A_CBO        2.62733e-03     fixed    
   7  w_CBO        2.32654e+00     fixed    
   8  phi_CBO      5.89453e+00     fixed    
   9  ANx2         6.64823e-04   constant   
  10  pNx2         9.66896e-01   constant   
  11  ANy1         0.00000e+00   constant   
  12  pNy1         0.00000e+00   constant   
  13  w_y          0.00000e+00   constant   
  14  ANy2         8.37111e-03     fixed    
  15  pNy2         5.88808e+00   constant   
  16  w_vw         1.43122e+01   constant   
  17  LM           1.40011e-04   constant   
  18  wCBO_expCoeff   2.00197e+02   3.56893e+00  -1.61957e-02  -1.22878e-03
  19  wCBO_expOffset   1.99949e+02   5.34706e-01  -2.42653e-03  -8.18569e-03
  20  wCBO_expT    3.00407e+01   2.02561e-01   9.20397e-04  -4.36485e-02
  21  wCBO_linCoeff   0.00000e+00   constant   
  22  wCBO_const  -4.32882e-03   1.82363e-03  -7.16320e-06  -1.39008e-01
 EXTERNAL ERROR MATRIX.    NDIM=  25    NPAR=  7    ERR DEF=1
  2.652e+06  1.315e-02 -7.185e-02  2.004e+02  3.003e+01 -1.195e+01  1.856e-01 
  1.315e-02  6.051e-07  9.442e-09 -4.922e-04 -7.374e-05  2.848e-05 -2.920e-07 
 -7.185e-02  9.442e-09  5.209e-06  5.769e-04  8.643e-05 -2.992e-05 -5.055e-08 
  2.004e+02 -4.922e-04  5.769e-04  1.274e+01  1.902e+00 -7.217e-01  5.741e-03 
  3.003e+01 -7.374e-05  8.643e-05  1.902e+00  2.859e-01 -1.081e-01  8.602e-04 
 -1.195e+01  2.848e-05 -2.992e-05 -7.217e-01 -1.081e-01  4.103e-02 -3.320e-04 
  1.856e-01 -2.920e-07 -5.055e-08  5.741e-03  8.602e-04 -3.320e-04  3.326e-06 
 PARAMETER  CORRELATION COEFFICIENTS  
       NO.  GLOBAL      1      3      4     18     19     20     22
        1  0.08621   1.000  0.010 -0.019  0.034  0.034 -0.036  0.063
        3  0.20775   0.010  1.000  0.005 -0.177 -0.177  0.181 -0.206
        4  0.17553  -0.019  0.005  1.000  0.071  0.071 -0.065 -0.012
       18  0.99908   0.034 -0.177  0.071  1.000  0.997 -0.998  0.882
       19  0.99908   0.034 -0.177  0.071  0.997  1.000 -0.998  0.882
       20  0.99972  -0.036  0.181 -0.065 -0.998 -0.998  1.000 -0.899
       22  0.96594   0.063 -0.206 -0.012  0.882  0.882 -0.899  1.000
MINUIT - FIT ONLY 1-CBO + other amplitudes 
 **********
 **   16 **RES 
 **********
                   PARAMETER   14  ANy2 RESTORED TO VARIABLE.
                   PARAMETER    8  phi_CBO RESTORED TO VARIABLE.
                   PARAMETER    7  w_CBO RESTORED TO VARIABLE.
                   PARAMETER    6  A_CBO RESTORED TO VARIABLE.
 **********
 **   17 **FIX            0
 **********
 PARAMETER    0  IS UNDEFINED. IGNORED.
 **********
 **   18 **FIX            1
 **********
 **********
 **   19 **FIX            2
 **********
 PARAMETER    2  IS CONSTANT.   IGNORED.
 **********
 **   20 **FIX            3
 **********
 **********
 **   21 **FIX            4
 **********
 **********
 **   22 **FIX            9
 **********
 PARAMETER    9  IS CONSTANT.   IGNORED.
 **********
 **   23 **FIX           11
 **********
 PARAMETER   11  IS CONSTANT.   IGNORED.
 **********
 **   24 **FIX           12
 **********
 PARAMETER   12  IS CONSTANT.   IGNORED.
 **********
 **   25 **FIX           14
 **********
 **********
 **   26 **FIX           15
 **********
 PARAMETER   15  IS CONSTANT.   IGNORED.
 **********
 **   27 **FIX           16
 **********
 PARAMETER   16  IS CONSTANT.   IGNORED.
 **********
 **   28 **MIGRAD
 **********
 START MIGRAD MINIMIZATION.  STRATEGY  1.  CONVERGENCE WHEN EDM .LT. 1.00e-04
 FCN=389.784 FROM MIGRAD    STATUS=INITIATE       20 CALLS         314 TOTAL
                     EDM= unknown      STRATEGY= 1      NO ERROR MATRIX       
  EXT PARAMETER               CURRENT GUESS       STEP         FIRST   
  NO.   NAME      VALUE            ERROR          SIZE      DERIVATIVE 
   1  N0           2.84389e+06     fixed    
   2  tau          6.44047e+01   constant   
   3  A0           3.53421e-01     fixed    
   4  phi          4.11179e+00     fixed    
   5  R           -6.13016e+01   constant   
   6  A_CBO        2.62733e-03   1.00000e-05   1.00000e-05   5.07349e+03
   7  w_CBO        2.32654e+00   1.00000e-03   1.00000e-03  -1.63540e-01
   8  phi_CBO      5.89453e+00   1.00000e-04   1.00000e-04  -1.24296e+00
   9  ANx2         6.64823e-04   constant   
  10  pNx2         9.66896e-01   constant   
  11  ANy1         0.00000e+00   constant   
  12  pNy1         0.00000e+00   constant   
  13  w_y          0.00000e+00   constant   
  14  ANy2         8.37111e-03     fixed    
  15  pNy2         5.88808e+00   constant   
  16  w_vw         1.43122e+01   constant   
  17  LM           1.40011e-04   constant   
  18  wCBO_expCoeff   2.00197e+02   3.56893e+00  -1.61957e-02  -1.22867e-03
  19  wCBO_expOffset   1.99949e+02   5.34706e-01  -2.42653e-03  -8.18499e-03
  20  wCBO_expT    3.00407e+01   2.02561e-01   9.20397e-04  -4.36457e-02
  21  wCBO_linCoeff   0.00000e+00   constant   
  22  wCBO_const  -4.32882e-03   1.82363e-03  -7.16320e-06  -1.39008e-01
 MIGRAD MINIMIZATION HAS CONVERGED.
 MIGRAD WILL VERIFY CONVERGENCE AND ERROR MATRIX.
 COVARIANCE MATRIX CALCULATED SUCCESSFULLY
 FCN=385.077 FROM HESSE     STATUS=OK             50 CALLS         480 TOTAL
                     EDM=0.00087842    STRATEGY= 1      ERROR MATRIX ACCURATE 
  EXT PARAMETER                                   STEP         FIRST   
  NO.   NAME      VALUE            ERROR          SIZE      DERIVATIVE 
   1  N0           2.84389e+06     fixed    
   2  tau          6.44047e+01   constant   
   3  A0           3.53421e-01     fixed    
   4  phi          4.11179e+00     fixed    
   5  R           -6.13016e+01   constant   
   6  A_CBO        8.52621e-04   8.55906e-04   7.83961e-06   5.01589e-01
   7  w_CBO        2.32690e+00   3.04919e-02   9.43301e-06   1.46280e+00
   8  phi_CBO      6.20160e+00   1.21004e+00   9.07380e-03  -1.37226e-03
   9  ANx2         6.64823e-04   constant   
  10  pNx2         9.66896e-01   constant   
  11  ANy1         0.00000e+00   constant   
  12  pNy1         0.00000e+00   constant   
  13  w_y          0.00000e+00   constant   
  14  ANy2         8.37111e-03     fixed    
  15  pNy2         5.88808e+00   constant   
  16  w_vw         1.43122e+01   constant   
  17  LM           1.40011e-04   constant   
  18  wCBO_expCoeff   2.00134e+02   3.33163e+00   2.36737e-03   1.04126e-02
  19  wCBO_expOffset   1.99940e+02   5.00240e-01   3.55334e-04   6.93731e-02
  20  wCBO_expT    3.00393e+01   8.24297e-02   6.34510e-05  -3.39853e-01
  21  wCBO_linCoeff   0.00000e+00   constant   
  22  wCBO_const  -3.91402e-03   1.30243e-02   5.51198e-06   1.32507e+00
 MIGRAD MINIMIZATION HAS CONVERGED.
 FCN=385.073 FROM MIGRAD    STATUS=CONVERGED     217 CALLS         511 TOTAL
                     EDM=1.05514e-07    STRATEGY= 1  ERROR MATRIX UNCERTAINTY   5.2 per cent
  EXT PARAMETER                                   STEP         FIRST   
  NO.   NAME      VALUE            ERROR          SIZE      DERIVATIVE 
   1  N0           2.84389e+06     fixed    
   2  tau          6.44047e+01   constant   
   3  A0           3.53421e-01     fixed    
   4  phi          4.11179e+00     fixed    
   5  R           -6.13016e+01   constant   
   6  A_CBO        8.59337e-04   8.65475e-04   1.28592e-06  -9.03053e-02
   7  w_CBO        2.32607e+00   3.26428e-02   3.04773e-05  -1.05641e-01
   8  phi_CBO      6.24740e+00   1.34965e+00  -3.51573e-03  -9.14599e-05
   9  ANx2         6.64823e-04   constant   
  10  pNx2         9.66896e-01   constant   
  11  ANy1         0.00000e+00   constant   
  12  pNy1         0.00000e+00   constant   
  13  w_y          0.00000e+00   constant   
  14  ANy2         8.37111e-03     fixed    
  15  pNy2         5.88808e+00   constant   
  16  w_vw         1.43122e+01   constant   
  17  LM           1.40011e-04   constant   
  18  wCBO_expCoeff   1.99988e+02   3.90946e+00   5.11654e-03  -2.27993e-04
  19  wCBO_expOffset   1.99918e+02   5.87391e-01   7.28679e-04  -1.51431e-03
  20  wCBO_expT    3.00497e+01   1.66938e-01  -3.15577e-04  -1.16380e-02
  21  wCBO_linCoeff   0.00000e+00   constant   
  22  wCBO_const  -3.60543e-03   1.37114e-02  -1.42198e-05  -1.99565e-01
 EXTERNAL ERROR MATRIX.    NDIM=  25    NPAR=  7    ERR DEF=1
  7.490e-07 -1.407e-06  1.966e-04 -2.588e-04 -3.903e-05  2.085e-05  3.897e-07 
 -1.407e-06  1.066e-03 -9.272e-03 -6.290e-03 -9.506e-04 -2.237e-03 -4.461e-04 
  1.966e-04 -9.272e-03  1.822e+00 -1.643e+00 -2.471e-01  1.194e-01  3.641e-03 
 -2.588e-04 -6.290e-03 -1.643e+00  1.528e+01 -1.332e-01 -3.930e-01  4.516e-03 
 -3.903e-05 -9.506e-04 -2.471e-01 -1.332e-01  3.450e-01 -5.910e-02  6.812e-04 
  2.085e-05 -2.237e-03  1.194e-01 -3.930e-01 -5.910e-02  2.787e-02  8.241e-04 
  3.897e-07 -4.461e-04  3.641e-03  4.516e-03  6.812e-04  8.241e-04  1.880e-04 
 PARAMETER  CORRELATION COEFFICIENTS  
       NO.  GLOBAL      6      7      8     18     19     20     22
        6  0.32730   1.000 -0.050  0.168 -0.076 -0.077  0.144  0.033
        7  0.99954  -0.050  1.000 -0.210 -0.049 -0.050 -0.411 -0.997
        8  0.71579   0.168 -0.210  1.000 -0.311 -0.312  0.530  0.197
       18  0.99798  -0.076 -0.049 -0.311  1.000 -0.058 -0.602  0.084
       19  0.99799  -0.077 -0.050 -0.312 -0.058  1.000 -0.603  0.085
       20  0.99920   0.144 -0.411  0.530 -0.602 -0.603  1.000  0.360
       22  0.99912   0.033 -0.997  0.197  0.084  0.085  0.360  1.000
MINUIT - FIT ONLY 1-CBO
 **********
 **   29 **RES 
 **********
                   PARAMETER   14  ANy2 RESTORED TO VARIABLE.
                   PARAMETER    4  phi RESTORED TO VARIABLE.
                   PARAMETER    3  A0 RESTORED TO VARIABLE.
                   PARAMETER    1  N0 RESTORED TO VARIABLE.
 **********
 **   30 **FIX            0
 **********
 PARAMETER    0  IS UNDEFINED. IGNORED.
 **********
 **   31 **FIX            1
 **********
 **********
 **   32 **FIX            2
 **********
 PARAMETER    2  IS CONSTANT.   IGNORED.
 **********
 **   33 **FIX            3
 **********
 **********
 **   34 **FIX            4
 **********
 **********
 **   35 **FIX            8
 **********
 **********
 **   36 **FIX            9
 **********
 PARAMETER    9  IS CONSTANT.   IGNORED.
 **********
 **   37 **FIX           11
 **********
 PARAMETER   11  IS CONSTANT.   IGNORED.
 **********
 **   38 **FIX           12
 **********
 PARAMETER   12  IS CONSTANT.   IGNORED.
 **********
 **   39 **FIX           13
 **********
 PARAMETER   13  IS CONSTANT.   IGNORED.
 **********
 **   40 **FIX           15
 **********
 PARAMETER   15  IS CONSTANT.   IGNORED.
 **********
 **   41 **FIX           16
 **********
 PARAMETER   16  IS CONSTANT.   IGNORED.
 **********
 **   42 **MIGRAD
 **********
 START MIGRAD MINIMIZATION.  STRATEGY  1.  CONVERGENCE WHEN EDM .LT. 1.00e-04
 FCN=385.073 FROM MIGRAD    STATUS=INITIATE       16 CALLS         527 TOTAL
                     EDM= unknown      STRATEGY= 1      NO ERROR MATRIX       
  EXT PARAMETER               CURRENT GUESS       STEP         FIRST   
  NO.   NAME      VALUE            ERROR          SIZE      DERIVATIVE 
   1  N0           2.84389e+06     fixed    
   2  tau          6.44047e+01   constant   
   3  A0           3.53421e-01     fixed    
   4  phi          4.11179e+00     fixed    
   5  R           -6.13016e+01   constant   
   6  A_CBO        8.59337e-04   8.65475e-04   1.28592e-06  -9.03054e-02
   7  w_CBO        2.32607e+00   3.26428e-02   3.04773e-05  -1.05641e-01
   8  phi_CBO      6.24740e+00     fixed    
   9  ANx2         6.64823e-04   constant   
  10  pNx2         9.66896e-01   constant   
  11  ANy1         0.00000e+00   constant   
  12  pNy1         0.00000e+00   constant   
  13  w_y          0.00000e+00   constant   
  14  ANy2         8.37111e-03   1.00000e-04   1.00000e-04   2.38711e+04
  15  pNy2         5.88808e+00   constant   
  16  w_vw         1.43122e+01   constant   
  17  LM           1.40011e-04   constant   
  18  wCBO_expCoeff   1.99988e+02   3.90946e+00   5.11654e-03  -2.27969e-04
  19  wCBO_expOffset   1.99918e+02   5.87391e-01   7.28679e-04  -1.51413e-03
  20  wCBO_expT    3.00497e+01   1.66938e-01  -3.15577e-04  -1.16369e-02
  21  wCBO_linCoeff   0.00000e+00   constant   
  22  wCBO_const  -3.60543e-03   1.37114e-02  -1.42198e-05  -1.99563e-01
 MIGRAD MINIMIZATION HAS CONVERGED.
 MIGRAD WILL VERIFY CONVERGENCE AND ERROR MATRIX.
 COVARIANCE MATRIX CALCULATED SUCCESSFULLY
 FCN=290.871 FROM MIGRAD    STATUS=CONVERGED     181 CALLS         692 TOTAL
                     EDM=5.78707e-06    STRATEGY= 1      ERROR MATRIX ACCURATE 
  EXT PARAMETER                                   STEP         FIRST   
  NO.   NAME      VALUE            ERROR          SIZE      DERIVATIVE 
   1  N0           2.84389e+06     fixed    
   2  tau          6.44047e+01   constant   
   3  A0           3.53421e-01     fixed    
   4  phi          4.11179e+00     fixed    
   5  R           -6.13016e+01   constant   
   6  A_CBO        5.50611e-04   8.30517e-04   6.84812e-06  -2.44598e+00
   7  w_CBO        2.32702e+00   4.34053e-02   7.88275e-06  -2.00913e+00
   8  phi_CBO      6.24740e+00     fixed    
   9  ANx2         6.64823e-04   constant   
  10  pNx2         9.66896e-01   constant   
  11  ANy1         0.00000e+00   constant   
  12  pNy1         0.00000e+00   constant   
  13  w_y          0.00000e+00   constant   
  14  ANy2         4.80406e-04   8.12636e-04   6.77238e-06   1.28817e+00
  15  pNy2         5.88808e+00   constant   
  16  w_vw         1.43122e+01   constant   
  17  LM           1.40011e-04   constant   
  18  wCBO_expCoeff   2.00924e+02   4.90689e+00   1.93788e-03  -2.76673e-03
  19  wCBO_expOffset   2.00059e+02   7.33348e-01   2.89255e-04  -1.85326e-02
  20  wCBO_expT    2.99958e+01   1.05121e-01   5.13670e-05  -1.18418e-01
  21  wCBO_linCoeff   0.00000e+00   constant   
  22  wCBO_const  -3.84950e-03   1.85232e-02   4.70668e-06  -4.13538e+00
 EXTERNAL ERROR MATRIX.    NDIM=  25    NPAR=  7    ERR DEF=1
  6.898e-07  4.539e-08  2.287e-08 -4.864e-08  5.944e-09  9.806e-07 -1.078e-07 
  4.539e-08  1.884e-03 -1.421e-07 -6.521e-02 -9.815e-03 -8.676e-04 -8.030e-04 
  2.287e-08 -1.421e-07  6.604e-07 -2.895e-05 -4.328e-06  1.837e-06  6.065e-08 
 -4.864e-08 -6.521e-02 -2.895e-05  2.408e+01 -1.863e+00 -1.631e-01  2.856e-02 
  5.944e-09 -9.815e-03 -4.328e-06 -1.863e+00  5.378e-01 -2.438e-02  4.298e-03 
  9.806e-07 -8.676e-04  1.837e-06 -1.631e-01 -2.438e-02  1.105e-02  3.218e-04 
 -1.078e-07 -8.030e-04  6.065e-08  2.856e-02  4.298e-03  3.218e-04  3.431e-04 
 PARAMETER  CORRELATION COEFFICIENTS  
       NO.  GLOBAL      6      7     14     18     19     20     22
        6  0.14912   1.000  0.001  0.034 -0.000  0.000  0.011 -0.007
        7  0.99976   0.001  1.000 -0.004 -0.306 -0.308 -0.190 -0.999
       14  0.04399   0.034 -0.004  1.000 -0.007 -0.007  0.022  0.004
       18  0.99888  -0.000 -0.306 -0.007  1.000 -0.518 -0.316  0.314
       19  0.99888   0.000 -0.308 -0.007 -0.518  1.000 -0.316  0.316
       20  0.99829   0.011 -0.190  0.022 -0.316 -0.316  1.000  0.165
       22  0.99954  -0.007 -0.999  0.004  0.314  0.316  0.165  1.000
MINUIT - FIT ONLY 2-CBO
 **********
 **   43 **RES 
 **********
                   PARAMETER    8  phi_CBO RESTORED TO VARIABLE.
                   PARAMETER    4  phi RESTORED TO VARIABLE.
                   PARAMETER    3  A0 RESTORED TO VARIABLE.
                   PARAMETER    1  N0 RESTORED TO VARIABLE.
 **********
 **   44 **FIX            0
 **********
 PARAMETER    0  IS UNDEFINED. IGNORED.
 **********
 **   45 **FIX            1
 **********
 **********
 **   46 **FIX            2
 **********
 PARAMETER    2  IS CONSTANT.   IGNORED.
 **********
 **   47 **FIX            3
 **********
 **********
 **   48 **FIX            4
 **********
 **********
 **   49 **FIX            5
 **********
 PARAMETER    5  IS CONSTANT.   IGNORED.
 **********
 **   50 **FIX            6
 **********
 **********
 **   51 **FIX            7
 **********
 **********
 **   52 **FIX           10
 **********
 PARAMETER   10  IS CONSTANT.   IGNORED.
 **********
 **   53 **FIX           11
 **********
 PARAMETER   11  IS CONSTANT.   IGNORED.
 **********
 **   54 **FIX           12
 **********
 PARAMETER   12  IS CONSTANT.   IGNORED.
 **********
 **   55 **FIX           13
 **********
 PARAMETER   13  IS CONSTANT.   IGNORED.
 **********
 **   56 **FIX           14
 **********
 **********
 **   57 **FIX           15
 **********
 PARAMETER   15  IS CONSTANT.   IGNORED.
 **********
 **   58 **FIX           16
 **********
 PARAMETER   16  IS CONSTANT.   IGNORED.
 **********
 **   59 **MIGRAD
 **********
 START MIGRAD MINIMIZATION.  STRATEGY  1.  CONVERGENCE WHEN EDM .LT. 1.00e-04
 FCN=290.871 FROM MIGRAD    STATUS=INITIATE       12 CALLS         704 TOTAL
                     EDM= unknown      STRATEGY= 1      NO ERROR MATRIX       
  EXT PARAMETER               CURRENT GUESS       STEP         FIRST   
  NO.   NAME      VALUE            ERROR          SIZE      DERIVATIVE 
   1  N0           2.84389e+06     fixed    
   2  tau          6.44047e+01   constant   
   3  A0           3.53421e-01     fixed    
   4  phi          4.11179e+00     fixed    
   5  R           -6.13016e+01   constant   
   6  A_CBO        5.50611e-04     fixed    
   7  w_CBO        2.32702e+00     fixed    
   8  phi_CBO      6.24740e+00   1.34965e+00   1.34965e+00  -8.58552e-02
   9  ANx2         6.64823e-04   constant   
  10  pNx2         9.66896e-01   constant   
  11  ANy1         0.00000e+00   constant   
  12  pNy1         0.00000e+00   constant   
  13  w_y          0.00000e+00   constant   
  14  ANy2         4.80406e-04     fixed    
  15  pNy2         5.88808e+00   constant   
  16  w_vw         1.43122e+01   constant   
  17  LM           1.40011e-04   constant   
  18  wCBO_expCoeff   2.00924e+02   4.90689e+00   1.93788e-03  -2.78307e-03
  19  wCBO_expOffset   2.00059e+02   7.33348e-01   2.89255e-04  -1.86398e-02
  20  wCBO_expT    2.99958e+01   1.05121e-01   5.13670e-05  -1.18902e-01
  21  wCBO_linCoeff   0.00000e+00   constant   
  22  wCBO_const  -3.84950e-03   1.85232e-02   4.70668e-06  -4.13561e+00
 MIGRAD MINIMIZATION HAS CONVERGED.
 MIGRAD WILL VERIFY CONVERGENCE AND ERROR MATRIX.
 COVARIANCE MATRIX CALCULATED SUCCESSFULLY
 FCN=290.867 FROM HESSE     STATUS=OK             31 CALLS         770 TOTAL
                     EDM=0.000272827    STRATEGY= 1      ERROR MATRIX ACCURATE 
  EXT PARAMETER                                   STEP         FIRST   
  NO.   NAME      VALUE            ERROR          SIZE      DERIVATIVE 
   1  N0           2.84389e+06     fixed    
   2  tau          6.44047e+01   constant   
   3  A0           3.53421e-01     fixed    
   4  phi          4.11179e+00     fixed    
   5  R           -6.13016e+01   constant   
   6  A_CBO        5.50611e-04     fixed    
   7  w_CBO        2.32702e+00     fixed    
   8  phi_CBO      6.35163e+00   1.58574e+00   1.20361e-02   9.06201e-04
   9  ANx2         6.64823e-04   constant   
  10  pNx2         9.66896e-01   constant   
  11  ANy1         0.00000e+00   constant   
  12  pNy1         0.00000e+00   constant   
  13  w_y          0.00000e+00   constant   
  14  ANy2         4.80406e-04     fixed    
  15  pNy2         5.88808e+00   constant   
  16  w_vw         1.43122e+01   constant   
  17  LM           1.40011e-04   constant   
  18  wCBO_expCoeff   2.00923e+02   4.43075e+00   1.94452e-03   1.64072e-03
  19  wCBO_expOffset   2.00059e+02   6.61625e-01   2.90294e-04   1.09903e-02
  20  wCBO_expT    2.99958e+01   1.01950e-01   5.15485e-05  -2.69330e-01
  21  wCBO_linCoeff   0.00000e+00   constant   
  22  wCBO_const  -3.83202e-03   9.33438e-04   4.68700e-06  -4.94169e-01
 MIGRAD MINIMIZATION HAS CONVERGED.
 FCN=290.866 FROM MIGRAD    STATUS=CONVERGED      90 CALLS         782 TOTAL
                     EDM=7.48839e-07    STRATEGY= 1  ERROR MATRIX UNCERTAINTY   5.9 per cent
  EXT PARAMETER                                   STEP         FIRST   
  NO.   NAME      VALUE            ERROR          SIZE      DERIVATIVE 
   1  N0           2.84389e+06     fixed    
   2  tau          6.44047e+01   constant   
   3  A0           3.53421e-01     fixed    
   4  phi          4.11179e+00     fixed    
   5  R           -6.13016e+01   constant   
   6  A_CBO        5.50611e-04     fixed    
   7  w_CBO        2.32702e+00     fixed    
   8  phi_CBO      6.36438e+00   1.64562e+00   1.27457e-02  -1.16445e-03
   9  ANx2         6.64823e-04   constant   
  10  pNx2         9.66896e-01   constant   
  11  ANy1         0.00000e+00   constant   
  12  pNy1         0.00000e+00   constant   
  13  w_y          0.00000e+00   constant   
  14  ANy2         4.80406e-04     fixed    
  15  pNy2         5.88808e+00   constant   
  16  w_vw         1.43122e+01   constant   
  17  LM           1.40011e-04   constant   
  18  wCBO_expCoeff   2.00849e+02   4.95054e+00  -7.42564e-02  -1.78159e-04
  19  wCBO_expOffset   2.00047e+02   7.39434e-01  -1.11009e-02  -1.19032e-03
  20  wCBO_expT    2.99998e+01   1.58507e-01   4.07973e-03   3.46832e-04
  21  wCBO_linCoeff   0.00000e+00   constant   
  22  wCBO_const  -3.84769e-03   1.04201e-03  -1.56714e-05   4.08940e-01
 EXTERNAL ERROR MATRIX.    NDIM=  25    NPAR=  5    ERR DEF=1
  2.708e+00 -1.699e+00 -2.540e-01  9.230e-02  2.672e-05 
 -1.699e+00  2.451e+01 -1.169e+00 -4.568e-01  1.667e-03 
 -2.540e-01 -1.169e+00  5.468e-01 -6.830e-02  2.492e-04 
  9.230e-02 -4.568e-01 -6.830e-02  2.512e-02 -9.715e-05 
  2.672e-05  1.667e-03  2.492e-04 -9.715e-05  1.086e-06 
 PARAMETER  CORRELATION COEFFICIENTS  
       NO.  GLOBAL      8     18     19     20     22
        8  0.48034   1.000 -0.209 -0.209  0.354  0.016
       18  0.99889  -0.209  1.000 -0.319 -0.582  0.323
       19  0.99889  -0.209 -0.319  1.000 -0.583  0.323
       20  0.99924   0.354 -0.582 -0.583  1.000 -0.588
       22  0.84224   0.016  0.323  0.323 -0.588  1.000
MINUIT - FIT ONLY 1-y
 **********
 **   60 **RES 
 **********
                   PARAMETER   14  ANy2 RESTORED TO VARIABLE.
                   PARAMETER    7  w_CBO RESTORED TO VARIABLE.
                   PARAMETER    6  A_CBO RESTORED TO VARIABLE.
                   PARAMETER    4  phi RESTORED TO VARIABLE.
                   PARAMETER    3  A0 RESTORED TO VARIABLE.
                   PARAMETER    1  N0 RESTORED TO VARIABLE.
 **********
 **   61 **FIX            0
 **********
 PARAMETER    0  IS UNDEFINED. IGNORED.
 **********
 **   62 **FIX            1
 **********
 **********
 **   63 **FIX            2
 **********
 PARAMETER    2  IS CONSTANT.   IGNORED.
 **********
 **   64 **FIX            3
 **********
 **********
 **   65 **FIX            4
 **********
 **********
 **   66 **FIX            5
 **********
 PARAMETER    5  IS CONSTANT.   IGNORED.
 **********
 **   67 **FIX            6
 **********
 **********
 **   68 **FIX            7
 **********
 **********
 **   69 **FIX            8
 **********
 **********
 **   70 **FIX            9
 **********
 PARAMETER    9  IS CONSTANT.   IGNORED.
 **********
 **   71 **FIX           13
 **********
 PARAMETER   13  IS CONSTANT.   IGNORED.
 **********
 **   72 **FIX           14
 **********
 **********
 **   73 **FIX           15
 **********
 PARAMETER   15  IS CONSTANT.   IGNORED.
 **********
 **   74 **FIX           16
 **********
 PARAMETER   16  IS CONSTANT.   IGNORED.
 **********
 **   75 **MIGRAD
 **********
 START MIGRAD MINIMIZATION.  STRATEGY  1.  CONVERGENCE WHEN EDM .LT. 1.00e-04
 FCN=290.866 FROM MIGRAD    STATUS=INITIATE        8 CALLS         790 TOTAL
                     EDM= unknown      STRATEGY= 1      NO ERROR MATRIX       
  EXT PARAMETER               CURRENT GUESS       STEP         FIRST   
  NO.   NAME      VALUE            ERROR          SIZE      DERIVATIVE 
   1  N0           2.84389e+06     fixed    
   2  tau          6.44047e+01   constant   
   3  A0           3.53421e-01     fixed    
   4  phi          4.11179e+00     fixed    
   5  R           -6.13016e+01   constant   
   6  A_CBO        5.50611e-04     fixed    
   7  w_CBO        2.32702e+00     fixed    
   8  phi_CBO      6.36438e+00     fixed    
   9  ANx2         6.64823e-04   constant   
  10  pNx2         9.66896e-01   constant   
  11  ANy1         0.00000e+00   constant   
  12  pNy1         0.00000e+00   constant   
  13  w_y          0.00000e+00   constant   
  14  ANy2         4.80406e-04     fixed    
  15  pNy2         5.88808e+00   constant   
  16  w_vw         1.43122e+01   constant   
  17  LM           1.40011e-04   constant   
  18  wCBO_expCoeff   2.00849e+02   4.95054e+00  -7.42564e-02  -1.78059e-04
  19  wCBO_expOffset   2.00047e+02   7.39434e-01  -1.11009e-02  -1.18979e-03
  20  wCBO_expT    2.99998e+01   1.58507e-01   4.07973e-03   3.48935e-04
  21  wCBO_linCoeff   0.00000e+00   constant   
  22  wCBO_const  -3.84769e-03   1.04201e-03  -1.56714e-05   4.08943e-01
 MIGRAD MINIMIZATION HAS CONVERGED.
 MIGRAD WILL VERIFY CONVERGENCE AND ERROR MATRIX.
 COVARIANCE MATRIX CALCULATED SUCCESSFULLY
 FCN=290.866 FROM MIGRAD    STATUS=CONVERGED      41 CALLS         823 TOTAL
                     EDM=1.40691e-07    STRATEGY= 1      ERROR MATRIX ACCURATE 
  EXT PARAMETER                                   STEP         FIRST   
  NO.   NAME      VALUE            ERROR          SIZE      DERIVATIVE 
   1  N0           2.84389e+06     fixed    
   2  tau          6.44047e+01   constant   
   3  A0           3.53421e-01     fixed    
   4  phi          4.11179e+00     fixed    
   5  R           -6.13016e+01   constant   
   6  A_CBO        5.50611e-04     fixed    
   7  w_CBO        2.32702e+00     fixed    
   8  phi_CBO      6.36438e+00     fixed    
   9  ANx2         6.64823e-04   constant   
  10  pNx2         9.66896e-01   constant   
  11  ANy1         0.00000e+00   constant   
  12  pNy1         0.00000e+00   constant   
  13  w_y          0.00000e+00   constant   
  14  ANy2         4.80406e-04     fixed    
  15  pNy2         5.88808e+00   constant   
  16  w_vw         1.43122e+01   constant   
  17  LM           1.40011e-04   constant   
  18  wCBO_expCoeff   2.00849e+02   4.57404e+00   1.93776e-03  -7.71770e-04
  19  wCBO_expOffset   2.00047e+02   6.83397e-01   2.89434e-04  -5.16689e-03
  20  wCBO_expT    2.99998e+01   1.01029e-01   5.14194e-05  -2.36240e-02
  21  wCBO_linCoeff   0.00000e+00   constant   
  22  wCBO_const  -3.84780e-03   9.27360e-04   4.67836e-06  -1.08742e-01
 EXTERNAL ERROR MATRIX.    NDIM=  25    NPAR=  4    ERR DEF=1
  2.092e+01 -2.116e+00 -1.848e-01  7.517e-04 
 -2.116e+00  4.670e-01 -2.765e-02  1.124e-04 
 -1.848e-01 -2.765e-02  1.021e-02 -4.679e-05 
  7.517e-04  1.124e-04 -4.679e-05  8.600e-07 
 PARAMETER  CORRELATION COEFFICIENTS  
       NO.  GLOBAL     18     19     20     22
       18  0.99871   1.000 -0.677 -0.400  0.177
       19  0.99871  -0.677  1.000 -0.401  0.177
       20  0.99814  -0.400 -0.401  1.000 -0.499
       22  0.79641   0.177  0.177 -0.499  1.000
MINUIT - FIT ONLY 2-y
 **********
 **   76 **RES 
 **********
                   PARAMETER   14  ANy2 RESTORED TO VARIABLE.
                   PARAMETER    8  phi_CBO RESTORED TO VARIABLE.
                   PARAMETER    7  w_CBO RESTORED TO VARIABLE.
                   PARAMETER    6  A_CBO RESTORED TO VARIABLE.
                   PARAMETER    4  phi RESTORED TO VARIABLE.
                   PARAMETER    3  A0 RESTORED TO VARIABLE.
                   PARAMETER    1  N0 RESTORED TO VARIABLE.
 **********
 **   77 **FIX            0
 **********
 PARAMETER    0  IS UNDEFINED. IGNORED.
 **********
 **   78 **FIX            1
 **********
 **********
 **   79 **FIX            2
 **********
 PARAMETER    2  IS CONSTANT.   IGNORED.
 **********
 **   80 **FIX            3
 **********
 **********
 **   81 **FIX            4
 **********
 **********
 **   82 **FIX            5
 **********
 PARAMETER    5  IS CONSTANT.   IGNORED.
 **********
 **   83 **FIX            6
 **********
 **********
 **   84 **FIX            7
 **********
 **********
 **   85 **FIX            8
 **********
 **********
 **   86 **FIX            9
 **********
 PARAMETER    9  IS CONSTANT.   IGNORED.
 **********
 **   87 **FIX           10
 **********
 PARAMETER   10  IS CONSTANT.   IGNORED.
 **********
 **   88 **FIX           11
 **********
 PARAMETER   11  IS CONSTANT.   IGNORED.
 **********
 **   89 **FIX           12
 **********
 PARAMETER   12  IS CONSTANT.   IGNORED.
 **********
 **   90 **FIX           16
 **********
 PARAMETER   16  IS CONSTANT.   IGNORED.
 **********
 **   91 **MIGRAD
 **********
 START MIGRAD MINIMIZATION.  STRATEGY  1.  CONVERGENCE WHEN EDM .LT. 1.00e-04
 FCN=290.866 FROM MIGRAD    STATUS=INITIATE       10 CALLS         833 TOTAL
                     EDM= unknown      STRATEGY= 1      NO ERROR MATRIX       
  EXT PARAMETER               CURRENT GUESS       STEP         FIRST   
  NO.   NAME      VALUE            ERROR          SIZE      DERIVATIVE 
   1  N0           2.84389e+06     fixed    
   2  tau          6.44047e+01   constant   
   3  A0           3.53421e-01     fixed    
   4  phi          4.11179e+00     fixed    
   5  R           -6.13016e+01   constant   
   6  A_CBO        5.50611e-04     fixed    
   7  w_CBO        2.32702e+00     fixed    
   8  phi_CBO      6.36438e+00     fixed    
   9  ANx2         6.64823e-04   constant   
  10  pNx2         9.66896e-01   constant   
  11  ANy1         0.00000e+00   constant   
  12  pNy1         0.00000e+00   constant   
  13  w_y          0.00000e+00   constant   
  14  ANy2         4.80406e-04   8.12636e-04   8.12636e-04   4.94071e+00
  15  pNy2         5.88808e+00   constant   
  16  w_vw         1.43122e+01   constant   
  17  LM           1.40011e-04   constant   
  18  wCBO_expCoeff   2.00849e+02   4.57404e+00   1.93776e-03  -7.88841e-04
  19  wCBO_expOffset   2.00047e+02   6.83397e-01   2.89434e-04  -5.27897e-03
  20  wCBO_expT    2.99998e+01   1.01029e-01   5.14194e-05  -2.41502e-02
  21  wCBO_linCoeff   0.00000e+00   constant   
  22  wCBO_const  -3.84780e-03   9.27360e-04   4.67836e-06  -1.09595e-01
 MIGRAD MINIMIZATION HAS CONVERGED.
 MIGRAD WILL VERIFY CONVERGENCE AND ERROR MATRIX.
 COVARIANCE MATRIX CALCULATED SUCCESSFULLY
 FCN=290.866 FROM MIGRAD    STATUS=CONVERGED      52 CALLS         875 TOTAL
                     EDM=2.59032e-07    STRATEGY= 1      ERROR MATRIX ACCURATE 
  EXT PARAMETER                                   STEP         FIRST   
  NO.   NAME      VALUE            ERROR          SIZE      DERIVATIVE 
   1  N0           2.84389e+06     fixed    
   2  tau          6.44047e+01   constant   
   3  A0           3.53421e-01     fixed    
   4  phi          4.11179e+00     fixed    
   5  R           -6.13016e+01   constant   
   6  A_CBO        5.50611e-04     fixed    
   7  w_CBO        2.32702e+00     fixed    
   8  phi_CBO      6.36438e+00     fixed    
   9  ANx2         6.64823e-04   constant   
  10  pNx2         9.66896e-01   constant   
  11  ANy1         0.00000e+00   constant   
  12  pNy1         0.00000e+00   constant   
  13  w_y          0.00000e+00   constant   
  14  ANy2         4.78778e-04   8.12181e-04   6.77232e-06   2.66942e-03
  15  pNy2         5.88808e+00   constant   
  16  w_vw         1.43122e+01   constant   
  17  LM           1.40011e-04   constant   
  18  wCBO_expCoeff   2.00849e+02   4.56878e+00   1.93776e-03   1.53635e-03
  19  wCBO_expOffset   2.00047e+02   6.82579e-01   2.89434e-04   1.02860e-02
  20  wCBO_expT    2.99998e+01   1.00975e-01   5.14193e-05   6.48114e-02
  21  wCBO_linCoeff   0.00000e+00   constant   
  22  wCBO_const  -3.84778e-03   9.27200e-04   4.67836e-06   7.21681e-01
 EXTERNAL ERROR MATRIX.    NDIM=  25    NPAR=  5    ERR DEF=1
  6.596e-07 -3.504e-05 -5.242e-06  1.814e-06  2.921e-09 
 -3.504e-05  2.087e+01 -2.110e+00 -1.847e-01  7.504e-04 
 -5.242e-06 -2.110e+00  4.659e-01 -2.762e-02  1.122e-04 
  1.814e-06 -1.847e-01 -2.762e-02  1.020e-02 -4.671e-05 
