 + ++++++++++++++++++++++++++++++++++++++++++++++++++++++++++++++++++++ +
 +                                                                      +
 +           You have chose to blind your fitting according to          +
 +                omega_ref * (1 + (R +/- deltaR) *10^{-6})             +
 +                                                                      +
 + ++++++++++++++++++++++++++++++++++++++++++++++++++++++++++++++++++++ +
In main()...
reading format from /gm2data/zkhechad/run45/envelope/formats/formatB_sBin_constraintOn.txt
pBinTau 	= 0  
pBinPhi 	= 0  
constraintau 	= 1 
includeMopTerm 	= 0    
constrainMop    = 0   
Parameters after format file: pBinTau 0 pBinPhi 0 constraintau 1 includeMopTerm 0 constrainMop 0 c_e_scale 0.000000 
reading cbo reference file (full fit) from /gm2data/zkhechad/cboTemplates/Run4CBOTemplates/fullFits/run4/sBin_constraintOn_cE0.0_seed0_run4_calo4.root
A_CBO 0.009389 w_CBO 2.326001 phi_CBO 4.715725 N0 2871608.131177 R -59.406240 tau 64.400031 
Reading cboRef file /gm2data/zkhechad/cboTemplates/Run4CBOTemplates//cboIsolate/run4_calo4.root
deltaT 164.120000
windowBins = 1100
fitting sliding window 1980 from bin 2183 at 325.703600 to bin 3283 at 489.823600 (1100 bins)

Reading data from /gm2data/cornell/histograms/aMethod/histogram_a_run4.root
fitting cbo isolate
 **********
 **    1 **SET PRINTOUT            1
 **********
 **********
 **    2 **SET NOWARNINGS 
 **********
 PARAMETER DEFINITIONS:
    NO.   NAME         VALUE      STEP SIZE      LIMITS
     1 A_CBO        9.38904e-03  1.00000e-05     no limits
     2 w_CBO        2.32600e+00  1.00000e-02    2.00000e+00  3.00000e+00
     3 phi_CBO      4.71573e+00  1.00000e-02    0.00000e+00  6.28319e+00
 **********
 **    3 **MIGRAD
 **********
 FIRST CALL TO USER FUNCTION AT NEW START POINT, WITH IFLAG=4.
 START MIGRAD MINIMIZATION.  STRATEGY  1.  CONVERGENCE WHEN EDM .LT. 1.00e-04
 FCN=0.122673 FROM MIGRAD    STATUS=INITIATE       12 CALLS          13 TOTAL
                     EDM= unknown      STRATEGY= 1      NO ERROR MATRIX       
  EXT PARAMETER               CURRENT GUESS       STEP         FIRST   
  NO.   NAME      VALUE            ERROR          SIZE      DERIVATIVE 
   1  A_CBO        9.38904e-03   1.00000e-05   1.00000e-05   7.88161e+00
   2  w_CBO        2.32600e+00   1.00000e-02   2.13357e-02   2.98375e-01
   3  phi_CBO      4.71573e+00   1.00000e-02   3.67815e-03  -4.96134e-03
 MIGRAD MINIMIZATION HAS CONVERGED.
 MIGRAD WILL VERIFY CONVERGENCE AND ERROR MATRIX.
 COVARIANCE MATRIX CALCULATED SUCCESSFULLY
 FCN=0.0944331 FROM MIGRAD    STATUS=CONVERGED      49 CALLS          50 TOTAL
                     EDM=6.29003e-05    STRATEGY= 1      ERROR MATRIX ACCURATE 
  EXT PARAMETER                                   STEP         FIRST   
  NO.   NAME      VALUE            ERROR          SIZE      DERIVATIVE 
   1  A_CBO        2.21814e-03   4.26540e-02   2.17871e-05  -1.44346e-02
   2  w_CBO        2.32595e+00   3.47832e-01   5.01897e-05  -6.13778e-03
   3  phi_CBO      4.75709e+00   3.43439e+00   3.69502e-03  -1.00249e-04
 EXTERNAL ERROR MATRIX.    NDIM=  25    NPAR=  3    ERR DEF=1
  1.819e-03  3.956e-04  1.675e-01 
  3.956e-04  1.536e-01  6.352e+01 
  1.675e-01  6.352e+01  2.663e+04 
 PARAMETER  CORRELATION COEFFICIENTS  
       NO.  GLOBAL      1      2      3
        1  0.02414   1.000  0.024  0.024
        2  0.99308   0.024  1.000  0.993
        3  0.99308   0.024  0.993  1.000
setting A_CBO=0.002218 w_CBO=2.325948, phi_CBO=4.757094
done fitting cbo isolate
 **********
 **    1 **SET PRINTOUT            1
 **********
 **********
 **    2 **SET NOWARNINGS 
 **********
 PARAMETER DEFINITIONS:
    NO.   NAME         VALUE      STEP SIZE      LIMITS
     1 N0           2.87161e+06  1.00000e+02     no limits
     2 tau          6.44000e+01  constant
     3 A0           3.53296e-01  1.00000e-04     no limits
     4 phi          4.11727e+00  1.00000e-02     no limits
     5 R           -5.94062e+01  constant
     6 A_CBO        2.21814e-03  1.00000e-05     no limits
     7 w_CBO        2.32595e+00  1.00000e-03     no limits
     8 phi_CBO      4.75709e+00  1.00000e-04     no limits
     9 ANx2         6.75162e-04  constant
    10 pNx2         4.60725e+00  constant
    11 ANy1         0.00000e+00  constant
    12 pNy1         0.00000e+00  constant
    13 w_y          0.00000e+00  constant
    14 ANy2         8.91794e-03  1.00000e-04     no limits
    15 pNy2         4.50125e+00  constant
    16 w_vw         1.43005e+01  constant
    17 LM          -1.01507e-04  constant
    18 wCBO_expCoeff   2.00000e+02  1.00000e+00     no limits
    19 wCBO_expOffset   2.00000e+02  1.00000e+00     no limits
    20 wCBO_expT    3.00000e+01  1.00000e+00     no limits
    21 wCBO_linCoeff   0.00000e+00  constant
    22 wCBO_const   0.00000e+00  1.00000e-02     no limits
MINUIT - FIT ONLY WIGGLE
 **********
 **    3 **FIX            5
 **********
 PARAMETER    5  IS CONSTANT.   IGNORED.
 **********
 **    4 **FIX            6
 **********
 **********
 **    5 **FIX            7
 **********
 **********
 **    6 **FIX            8
 **********
 **********
 **    7 **FIX            9
 **********
 PARAMETER    9  IS CONSTANT.   IGNORED.
 **********
 **    8 **FIX           10
 **********
 PARAMETER   10  IS CONSTANT.   IGNORED.
 **********
 **    9 **FIX           11
 **********
 PARAMETER   11  IS CONSTANT.   IGNORED.
 **********
 **   10 **FIX           12
 **********
 PARAMETER   12  IS CONSTANT.   IGNORED.
 **********
 **   11 **FIX           13
 **********
 PARAMETER   13  IS CONSTANT.   IGNORED.
 **********
 **   12 **FIX           14
 **********
 **********
 **   13 **FIX           15
 **********
 PARAMETER   15  IS CONSTANT.   IGNORED.
 **********
 **   14 **FIX           16
 **********
 PARAMETER   16  IS CONSTANT.   IGNORED.
 **********
 **   15 **MIGRAD
 **********
 FIRST CALL TO USER FUNCTION AT NEW START POINT, WITH IFLAG=4.
 START MIGRAD MINIMIZATION.  STRATEGY  1.  CONVERGENCE WHEN EDM .LT. 1.00e-04
 FCN=524.715 FROM MIGRAD    STATUS=INITIATE       65 CALLS          66 TOTAL
                     EDM= unknown      STRATEGY= 1      NO ERROR MATRIX       
  EXT PARAMETER               CURRENT GUESS       STEP         FIRST   
  NO.   NAME      VALUE            ERROR          SIZE      DERIVATIVE 
   1  N0           2.87161e+06   1.00000e+02   0.00000e+00  -5.84195e-04
   2  tau          6.44000e+01   constant   
   3  A0           3.53296e-01   1.00000e-04   0.00000e+00   8.86744e+02
   4  phi          4.11727e+00   1.00000e-02   0.00000e+00   1.54128e+03
   5  R           -5.94062e+01   constant   
   6  A_CBO        2.21814e-03     fixed    
   7  w_CBO        2.32595e+00     fixed    
   8  phi_CBO      4.75709e+00     fixed    
   9  ANx2         6.75162e-04   constant   
  10  pNx2         4.60725e+00   constant   
  11  ANy1         0.00000e+00   constant   
  12  pNy1         0.00000e+00   constant   
  13  w_y          0.00000e+00   constant   
  14  ANy2         8.91794e-03     fixed    
  15  pNy2         4.50125e+00   constant   
  16  w_vw         1.43005e+01   constant   
  17  LM          -1.01507e-04   constant   
  18  wCBO_expCoeff   2.00000e+02   1.00000e+00   0.00000e+00   1.13752e+01
  19  wCBO_expOffset   2.00000e+02   1.00000e+00   0.00000e+00   7.58348e+01
  20  wCBO_expT    3.00000e+01   1.00000e+00   0.00000e+00   2.01172e+02
  21  wCBO_linCoeff   0.00000e+00   constant   
  22  wCBO_const   2.66430e-03   1.00000e-02   2.66430e-03  -3.46861e+02
 MIGRAD MINIMIZATION HAS CONVERGED.
 FCN=516.062 FROM MIGRAD    STATUS=CONVERGED     267 CALLS         268 TOTAL
                     EDM=1.89207e-07    STRATEGY= 1  ERROR MATRIX UNCERTAINTY   0.5 per cent
  EXT PARAMETER                                   STEP         FIRST   
  NO.   NAME      VALUE            ERROR          SIZE      DERIVATIVE 
   1  N0           2.87222e+06   1.23418e+03  -8.19152e-01   9.22737e-08
   2  tau          6.44000e+01   constant   
   3  A0           3.53184e-01   5.70485e-04   2.59629e-07  -1.60197e-02
   4  phi          4.11476e+00   1.70569e-03   1.17388e-06  -2.28150e-01
   5  R           -5.94062e+01   constant   
   6  A_CBO        2.21814e-03     fixed    
   7  w_CBO        2.32595e+00     fixed    
   8  phi_CBO      4.75709e+00     fixed    
   9  ANx2         6.75162e-04   constant   
  10  pNx2         4.60725e+00   constant   
  11  ANy1         0.00000e+00   constant   
  12  pNy1         0.00000e+00   constant   
  13  w_y          0.00000e+00   constant   
  14  ANy2         8.91794e-03     fixed    
  15  pNy2         4.50125e+00   constant   
  16  w_vw         1.43005e+01   constant   
  17  LM          -1.01507e-04   constant   
  18  wCBO_expCoeff   1.98895e+02   4.42359e-01  -8.52671e-04   6.40390e-03
  19  wCBO_expOffset   1.99834e+02   6.63751e-02  -1.27814e-04   4.23619e-02
  20  wCBO_expT    3.00703e+01   3.00580e-02   5.38640e-05   2.29824e-01
  21  wCBO_linCoeff   0.00000e+00   constant   
  22  wCBO_const   1.70257e-03   8.75855e-04   1.25071e-07   1.51336e+00
 EXTERNAL ERROR MATRIX.    NDIM=  25    NPAR=  7    ERR DEF=1
  1.523e+06  1.045e-03 -1.536e-01 -4.076e+01 -6.093e+00  2.901e+00 -6.690e-02 
  1.045e-03  3.255e-07  4.246e-08  1.731e-05  2.584e-06 -1.352e-06  4.417e-08 
 -1.536e-01  4.246e-08  2.909e-06  1.770e-05  2.695e-06 -9.357e-07  2.191e-08 
 -4.076e+01  1.731e-05  1.770e-05  1.957e-01  2.554e-02 -1.276e-02  2.740e-04 
 -6.093e+00  2.584e-06  2.695e-06  2.554e-02  4.406e-03 -1.915e-03  4.115e-05 
  2.901e+00 -1.352e-06 -9.357e-07 -1.276e-02 -1.915e-03  9.035e-04 -2.083e-05 
 -6.690e-02  4.417e-08  2.191e-08  2.740e-04  4.115e-05 -2.083e-05  7.671e-07 
 PARAMETER  CORRELATION COEFFICIENTS  
       NO.  GLOBAL      1      3      4     18     19     20     22
        1  0.10736   1.000  0.001 -0.073 -0.075 -0.074  0.078 -0.062
        3  0.11133   0.001  1.000  0.044  0.069  0.068 -0.079  0.088
        4  0.11752  -0.073  0.044  1.000  0.023  0.024 -0.018  0.015
       18  0.98871  -0.075  0.069  0.023  1.000  0.870 -0.960  0.707
       19  0.98867  -0.074  0.068  0.024  0.870  1.000 -0.960  0.708
       20  0.99735   0.078 -0.079 -0.018 -0.960 -0.960  1.000 -0.791
       22  0.90961  -0.062  0.088  0.015  0.707  0.708 -0.791  1.000
MINUIT - FIT ONLY 1-CBO + other amplitudes 
 **********
 **   16 **RES 
 **********
                   PARAMETER   14  ANy2 RESTORED TO VARIABLE.
                   PARAMETER    8  phi_CBO RESTORED TO VARIABLE.
                   PARAMETER    7  w_CBO RESTORED TO VARIABLE.
                   PARAMETER    6  A_CBO RESTORED TO VARIABLE.
 **********
 **   17 **FIX            0
 **********
 PARAMETER    0  IS UNDEFINED. IGNORED.
 **********
 **   18 **FIX            1
 **********
 **********
 **   19 **FIX            2
 **********
 PARAMETER    2  IS CONSTANT.   IGNORED.
 **********
 **   20 **FIX            3
 **********
 **********
 **   21 **FIX            4
 **********
 **********
 **   22 **FIX            9
 **********
 PARAMETER    9  IS CONSTANT.   IGNORED.
 **********
 **   23 **FIX           11
 **********
 PARAMETER   11  IS CONSTANT.   IGNORED.
 **********
 **   24 **FIX           12
 **********
 PARAMETER   12  IS CONSTANT.   IGNORED.
 **********
 **   25 **FIX           14
 **********
 **********
 **   26 **FIX           15
 **********
 PARAMETER   15  IS CONSTANT.   IGNORED.
 **********
 **   27 **FIX           16
 **********
 PARAMETER   16  IS CONSTANT.   IGNORED.
 **********
 **   28 **MIGRAD
 **********
 START MIGRAD MINIMIZATION.  STRATEGY  1.  CONVERGENCE WHEN EDM .LT. 1.00e-04
 FCN=516.062 FROM MIGRAD    STATUS=INITIATE       20 CALLS         288 TOTAL
                     EDM= unknown      STRATEGY= 1      NO ERROR MATRIX       
  EXT PARAMETER               CURRENT GUESS       STEP         FIRST   
  NO.   NAME      VALUE            ERROR          SIZE      DERIVATIVE 
   1  N0           2.87222e+06     fixed    
   2  tau          6.44000e+01   constant   
   3  A0           3.53184e-01     fixed    
   4  phi          4.11476e+00     fixed    
   5  R           -5.94062e+01   constant   
   6  A_CBO        2.21814e-03   1.00000e-05   1.00000e-05   6.85647e+03
   7  w_CBO        2.32595e+00   1.00000e-03   1.00000e-03   1.21076e+00
   8  phi_CBO      4.75709e+00   1.00000e-04   1.00000e-04   1.18907e+00
   9  ANx2         6.75162e-04   constant   
  10  pNx2         4.60725e+00   constant   
  11  ANy1         0.00000e+00   constant   
  12  pNy1         0.00000e+00   constant   
  13  w_y          0.00000e+00   constant   
  14  ANy2         8.91794e-03     fixed    
  15  pNy2         4.50125e+00   constant   
  16  w_vw         1.43005e+01   constant   
  17  LM          -1.01507e-04   constant   
  18  wCBO_expCoeff   1.98895e+02   4.42359e-01  -8.52671e-04   6.40449e-03
  19  wCBO_expOffset   1.99834e+02   6.63751e-02  -1.27814e-04   4.23657e-02
  20  wCBO_expT    3.00703e+01   3.00580e-02   5.38640e-05   2.29840e-01
  21  wCBO_linCoeff   0.00000e+00   constant   
  22  wCBO_const   1.70257e-03   8.75855e-04   1.25071e-07   1.51336e+00
 MIGRAD MINIMIZATION HAS CONVERGED.
 MIGRAD WILL VERIFY CONVERGENCE AND ERROR MATRIX.
 COVARIANCE MATRIX CALCULATED SUCCESSFULLY
 FCN=511.233 FROM MIGRAD    STATUS=CONVERGED     221 CALLS         489 TOTAL
                     EDM=1.08728e-05    STRATEGY= 1      ERROR MATRIX ACCURATE 
  EXT PARAMETER                                   STEP         FIRST   
  NO.   NAME      VALUE            ERROR          SIZE      DERIVATIVE 
   1  N0           2.87222e+06     fixed    
   2  tau          6.44000e+01   constant   
   3  A0           3.53184e-01     fixed    
   4  phi          4.11476e+00     fixed    
   5  R           -5.94062e+01   constant   
   6  A_CBO        8.52758e-04   6.29877e-04   6.70881e-06   1.46746e+00
   7  w_CBO        2.32529e+00   1.03278e-02   5.07790e-06  -7.06897e+00
   8  phi_CBO      4.44628e+00   8.19900e-01   7.97448e-03   1.31046e-03
   9  ANx2         6.75162e-04   constant   
  10  pNx2         4.60725e+00   constant   
  11  ANy1         0.00000e+00   constant   
  12  pNy1         0.00000e+00   constant   
  13  w_y          0.00000e+00   constant   
  14  ANy2         8.91794e-03     fixed    
  15  pNy2         4.50125e+00   constant   
  16  w_vw         1.43005e+01   constant   
  17  LM          -1.01507e-04   constant   
  18  wCBO_expCoeff   1.98703e+02   1.13753e+00   7.71843e-04  -2.98230e-02
  19  wCBO_expOffset   1.99805e+02   1.72271e-01   1.16857e-04  -1.97081e-01
  20  wCBO_expT    3.00842e+01   2.53664e-02   2.46504e-05  -1.11392e+00
  21  wCBO_linCoeff   0.00000e+00   constant   
  22  wCBO_const   1.71593e-03   4.44382e-03   4.23866e-06  -1.04933e+01
 EXTERNAL ERROR MATRIX.    NDIM=  25    NPAR=  7    ERR DEF=1
  3.967e-07  2.439e-07  2.086e-05  4.326e-05  6.551e-06 -3.394e-06 -7.422e-08 
  2.439e-07  1.067e-04 -1.014e-05 -3.947e-03 -5.988e-04 -4.155e-05 -4.523e-05 
  2.086e-05 -1.014e-05  6.722e-01 -7.472e-04 -1.115e-04  6.099e-04  9.257e-05 
  4.326e-05 -3.947e-03 -7.472e-04  1.294e+00 -1.122e-01 -7.409e-03  1.831e-03 
  6.551e-06 -5.988e-04 -1.115e-04 -1.122e-01  2.968e-02 -1.122e-03  2.778e-04 
 -3.394e-06 -4.155e-05  6.099e-04 -7.409e-03 -1.122e-03  6.435e-04  5.211e-06 
 -7.422e-08 -4.523e-05  9.257e-05  1.831e-03  2.778e-04  5.211e-06  1.975e-05 
 PARAMETER  CORRELATION COEFFICIENTS  
       NO.  GLOBAL      6      7      8     18     19     20     22
        6  0.26736   1.000  0.037  0.040  0.060  0.060 -0.212 -0.027
        7  0.99901   0.037  1.000 -0.001 -0.336 -0.337 -0.159 -0.985
        8  0.47585   0.040 -0.001  1.000 -0.001 -0.001  0.029  0.025
       18  0.99812   0.060 -0.336 -0.001  1.000 -0.573 -0.257  0.362
       19  0.99812   0.060 -0.337 -0.001 -0.573  1.000 -0.257  0.363
       20  0.99614  -0.212 -0.159  0.029 -0.257 -0.257  1.000  0.046
       22  0.99627  -0.027 -0.985  0.025  0.362  0.363  0.046  1.000
MINUIT - FIT ONLY 1-CBO
 **********
 **   29 **RES 
 **********
                   PARAMETER   14  ANy2 RESTORED TO VARIABLE.
                   PARAMETER    4  phi RESTORED TO VARIABLE.
                   PARAMETER    3  A0 RESTORED TO VARIABLE.
                   PARAMETER    1  N0 RESTORED TO VARIABLE.
 **********
 **   30 **FIX            0
 **********
 PARAMETER    0  IS UNDEFINED. IGNORED.
 **********
 **   31 **FIX            1
 **********
 **********
 **   32 **FIX            2
 **********
 PARAMETER    2  IS CONSTANT.   IGNORED.
 **********
 **   33 **FIX            3
 **********
 **********
 **   34 **FIX            4
 **********
 **********
 **   35 **FIX            8
 **********
 **********
 **   36 **FIX            9
 **********
 PARAMETER    9  IS CONSTANT.   IGNORED.
 **********
 **   37 **FIX           11
 **********
 PARAMETER   11  IS CONSTANT.   IGNORED.
 **********
 **   38 **FIX           12
 **********
 PARAMETER   12  IS CONSTANT.   IGNORED.
 **********
 **   39 **FIX           13
 **********
 PARAMETER   13  IS CONSTANT.   IGNORED.
 **********
 **   40 **FIX           15
 **********
 PARAMETER   15  IS CONSTANT.   IGNORED.
 **********
 **   41 **FIX           16
 **********
 PARAMETER   16  IS CONSTANT.   IGNORED.
 **********
 **   42 **MIGRAD
 **********
 START MIGRAD MINIMIZATION.  STRATEGY  1.  CONVERGENCE WHEN EDM .LT. 1.00e-04
 FCN=511.233 FROM MIGRAD    STATUS=INITIATE       16 CALLS         505 TOTAL
                     EDM= unknown      STRATEGY= 1      NO ERROR MATRIX       
  EXT PARAMETER               CURRENT GUESS       STEP         FIRST   
  NO.   NAME      VALUE            ERROR          SIZE      DERIVATIVE 
   1  N0           2.87222e+06     fixed    
   2  tau          6.44000e+01   constant   
   3  A0           3.53184e-01     fixed    
   4  phi          4.11476e+00     fixed    
   5  R           -5.94062e+01   constant   
   6  A_CBO        8.52758e-04   6.29877e-04   6.70881e-06   1.46746e+00
   7  w_CBO        2.32529e+00   1.03278e-02   5.07790e-06  -7.08126e+00
   8  phi_CBO      4.44628e+00     fixed    
   9  ANx2         6.75162e-04   constant   
  10  pNx2         4.60725e+00   constant   
  11  ANy1         0.00000e+00   constant   
  12  pNy1         0.00000e+00   constant   
  13  w_y          0.00000e+00   constant   
  14  ANy2         8.91794e-03   1.00000e-04   1.00000e-04   4.84647e+04
  15  pNy2         4.50125e+00   constant   
  16  w_vw         1.43005e+01   constant   
  17  LM          -1.01507e-04   constant   
  18  wCBO_expCoeff   1.98703e+02   1.13753e+00   7.71843e-04  -2.99421e-02
  19  wCBO_expOffset   1.99805e+02   1.72271e-01   1.16857e-04  -1.97761e-01
  20  wCBO_expT    3.00842e+01   2.53664e-02   2.46504e-05  -1.11836e+00
  21  wCBO_linCoeff   0.00000e+00   constant   
  22  wCBO_const   1.71593e-03   4.44382e-03   4.23866e-06  -1.04942e+01
 MIGRAD MINIMIZATION HAS CONVERGED.
 MIGRAD WILL VERIFY CONVERGENCE AND ERROR MATRIX.
 COVARIANCE MATRIX CALCULATED SUCCESSFULLY
 FCN=290.231 FROM MIGRAD    STATUS=CONVERGED     216 CALLS         705 TOTAL
                     EDM=2.39538e-07    STRATEGY= 1      ERROR MATRIX ACCURATE 
  EXT PARAMETER                                   STEP         FIRST   
  NO.   NAME      VALUE            ERROR          SIZE      DERIVATIVE 
   1  N0           2.87222e+06     fixed    
   2  tau          6.44000e+01   constant   
   3  A0           3.53184e-01     fixed    
   4  phi          4.11476e+00     fixed    
   5  R           -5.94062e+01   constant   
   6  A_CBO        1.92152e-04   6.37649e-04   5.04875e-06  -1.97185e-01
   7  w_CBO        2.32516e+00   1.09809e-02   4.99770e-06  -4.31368e-01
   8  phi_CBO      4.44628e+00     fixed    
   9  ANx2         6.75162e-04   constant   
  10  pNx2         4.60725e+00   constant   
  11  ANy1         0.00000e+00   constant   
  12  pNy1         0.00000e+00   constant   
  13  w_y          0.00000e+00   constant   
  14  ANy2        -2.01919e-04   6.13184e-04   5.09037e-06   4.84789e-01
  15  pNy2         4.50125e+00   constant   
  16  w_vw         1.43005e+01   constant   
  17  LM          -1.01507e-04   constant   
  18  wCBO_expCoeff   1.98701e+02   1.06810e+00   7.46838e-04  -1.68592e-03
  19  wCBO_expOffset   1.99805e+02   1.61754e-01   1.13083e-04  -1.11392e-02
  20  wCBO_expT    3.00873e+01   2.92334e-02   2.43100e-05  -4.32996e-02
  21  wCBO_linCoeff   0.00000e+00   constant   
  22  wCBO_const   1.50775e-03   4.69746e-03   4.10103e-06  -6.66178e-01
 EXTERNAL ERROR MATRIX.    NDIM=  25    NPAR=  7    ERR DEF=1
  4.066e-07  3.087e-07  2.522e-08  3.826e-05  5.793e-06 -3.079e-06 -7.946e-08 
  3.087e-07  1.206e-04 -1.451e-08 -4.098e-03 -6.212e-04 -7.250e-05 -5.077e-05 
  2.522e-08 -1.451e-08  3.760e-07 -2.215e-06 -3.355e-07  9.264e-08  1.693e-08 
  3.826e-05 -4.098e-03 -2.215e-06  1.141e+00 -7.964e-02 -9.082e-03  1.905e-03 
  5.793e-06 -6.212e-04 -3.355e-07 -7.964e-02  2.616e-02 -1.375e-03  2.887e-04 
 -3.079e-06 -7.250e-05  9.264e-08 -9.082e-03 -1.375e-03  8.546e-04  1.613e-05 
 -7.946e-08 -5.077e-05  1.693e-08  1.905e-03  2.887e-04  1.613e-05  2.207e-05 
 PARAMETER  CORRELATION COEFFICIENTS  
       NO.  GLOBAL      6      7     14     18     19     20     22
        6  0.31217   1.000  0.044  0.065  0.056  0.056 -0.165 -0.027
        7  0.99852   0.044  1.000 -0.002 -0.349 -0.350 -0.226 -0.984
       14  0.08648   0.065 -0.002  1.000 -0.003 -0.003  0.005  0.006
       18  0.99651   0.056 -0.349 -0.003  1.000 -0.461 -0.291  0.380
       19  0.99652   0.056 -0.350 -0.003 -0.461  1.000 -0.291  0.380
       20  0.99506  -0.165 -0.226  0.005 -0.291 -0.291  1.000  0.117
       22  0.99450  -0.027 -0.984  0.006  0.380  0.380  0.117  1.000
MINUIT - FIT ONLY 2-CBO
 **********
 **   43 **RES 
 **********
                   PARAMETER    8  phi_CBO RESTORED TO VARIABLE.
                   PARAMETER    4  phi RESTORED TO VARIABLE.
                   PARAMETER    3  A0 RESTORED TO VARIABLE.
                   PARAMETER    1  N0 RESTORED TO VARIABLE.
 **********
 **   44 **FIX            0
 **********
 PARAMETER    0  IS UNDEFINED. IGNORED.
 **********
 **   45 **FIX            1
 **********
 **********
 **   46 **FIX            2
 **********
 PARAMETER    2  IS CONSTANT.   IGNORED.
 **********
 **   47 **FIX            3
 **********
 **********
 **   48 **FIX            4
 **********
 **********
 **   49 **FIX            5
 **********
 PARAMETER    5  IS CONSTANT.   IGNORED.
 **********
 **   50 **FIX            6
 **********
 **********
 **   51 **FIX            7
 **********
 **********
 **   52 **FIX           10
 **********
 PARAMETER   10  IS CONSTANT.   IGNORED.
 **********
 **   53 **FIX           11
 **********
 PARAMETER   11  IS CONSTANT.   IGNORED.
 **********
 **   54 **FIX           12
 **********
 PARAMETER   12  IS CONSTANT.   IGNORED.
 **********
 **   55 **FIX           13
 **********
 PARAMETER   13  IS CONSTANT.   IGNORED.
 **********
 **   56 **FIX           14
 **********
 **********
 **   57 **FIX           15
 **********
 PARAMETER   15  IS CONSTANT.   IGNORED.
 **********
 **   58 **FIX           16
 **********
 PARAMETER   16  IS CONSTANT.   IGNORED.
 **********
 **   59 **MIGRAD
 **********
 START MIGRAD MINIMIZATION.  STRATEGY  1.  CONVERGENCE WHEN EDM .LT. 1.00e-04
 FCN=290.231 FROM MIGRAD    STATUS=INITIATE       12 CALLS         717 TOTAL
                     EDM= unknown      STRATEGY= 1      NO ERROR MATRIX       
  EXT PARAMETER               CURRENT GUESS       STEP         FIRST   
  NO.   NAME      VALUE            ERROR          SIZE      DERIVATIVE 
   1  N0           2.87222e+06     fixed    
   2  tau          6.44000e+01   constant   
   3  A0           3.53184e-01     fixed    
   4  phi          4.11476e+00     fixed    
   5  R           -5.94062e+01   constant   
   6  A_CBO        1.92152e-04     fixed    
   7  w_CBO        2.32516e+00     fixed    
   8  phi_CBO      4.44628e+00   8.19900e-01   8.19900e-01   2.11688e-01
   9  ANx2         6.75162e-04   constant   
  10  pNx2         4.60725e+00   constant   
  11  ANy1         0.00000e+00   constant   
  12  pNy1         0.00000e+00   constant   
  13  w_y          0.00000e+00   constant   
  14  ANy2        -2.01919e-04     fixed    
  15  pNy2         4.50125e+00   constant   
  16  w_vw         1.43005e+01   constant   
  17  LM          -1.01507e-04   constant   
  18  wCBO_expCoeff   1.98701e+02   1.06810e+00   7.46838e-04  -1.70902e-03
  19  wCBO_expOffset   1.99805e+02   1.61754e-01   1.13083e-04  -1.18145e-02
  20  wCBO_expT    3.00873e+01   2.92334e-02   2.43100e-05  -4.44988e-02
  21  wCBO_linCoeff   0.00000e+00   constant   
  22  wCBO_const   1.50775e-03   4.69746e-03   4.10103e-06  -6.68134e-01
 MIGRAD MINIMIZATION HAS CONVERGED.
 MIGRAD WILL VERIFY CONVERGENCE AND ERROR MATRIX.
 COVARIANCE MATRIX CALCULATED SUCCESSFULLY
 FCN=290.133 FROM MIGRAD    STATUS=CONVERGED     122 CALLS         827 TOTAL
                     EDM=2.48402e-08    STRATEGY= 1      ERROR MATRIX ACCURATE 
  EXT PARAMETER                                   STEP         FIRST   
  NO.   NAME      VALUE            ERROR          SIZE      DERIVATIVE 
   1  N0           2.87222e+06     fixed    
   2  tau          6.44000e+01   constant   
   3  A0           3.53184e-01     fixed    
   4  phi          4.11476e+00     fixed    
   5  R           -5.94062e+01   constant   
   6  A_CBO        1.92152e-04     fixed    
   7  w_CBO        2.32516e+00     fixed    
   8  phi_CBO      3.56197e+00   2.72293e+00   2.19442e-02   4.22343e-05
   9  ANx2         6.75162e-04   constant   
  10  pNx2         4.60725e+00   constant   
  11  ANy1         0.00000e+00   constant   
  12  pNy1         0.00000e+00   constant   
  13  w_y          0.00000e+00   constant   
  14  ANy2        -2.01919e-04     fixed    
  15  pNy2         4.50125e+00   constant   
  16  w_vw         1.43005e+01   constant   
  17  LM          -1.01507e-04   constant   
  18  wCBO_expCoeff   1.98668e+02   1.17963e+00   7.10701e-04   1.38798e-03
  19  wCBO_expOffset   1.99800e+02   1.78666e-01   1.07640e-04   9.16041e-03
  20  wCBO_expT    3.00897e+01   3.08044e-02   2.33215e-05   4.79091e-02
  21  wCBO_linCoeff   0.00000e+00   constant   
  22  wCBO_const   1.44028e-03   8.75198e-04   4.07463e-06   3.15023e-01
 EXTERNAL ERROR MATRIX.    NDIM=  25    NPAR=  5    ERR DEF=1
  7.414e+00  2.021e-01  3.061e-02 -1.364e-02  4.191e-04 
  2.021e-01  1.392e+00 -1.527e-01 -1.336e-02  2.258e-04 
  3.061e-02 -1.527e-01  3.192e-02 -2.024e-03  3.420e-05 
 -1.364e-02 -1.336e-02 -2.024e-03  9.489e-04 -1.778e-05 
  4.191e-04  2.258e-04  3.420e-05 -1.778e-05  7.660e-07 
 PARAMETER  CORRELATION COEFFICIENTS  
       NO.  GLOBAL      8     18     19     20     22
        8  0.24854   1.000  0.063  0.063 -0.163  0.176
       18  0.99739   0.063  1.000 -0.725 -0.368  0.219
       19  0.99739   0.063 -0.725  1.000 -0.368  0.219
       20  0.99588  -0.163 -0.368 -0.368  1.000 -0.660
       22  0.82937   0.176  0.219  0.219 -0.660  1.000
MINUIT - FIT ONLY 1-y
 **********
 **   60 **RES 
 **********
                   PARAMETER   14  ANy2 RESTORED TO VARIABLE.
                   PARAMETER    7  w_CBO RESTORED TO VARIABLE.
                   PARAMETER    6  A_CBO RESTORED TO VARIABLE.
                   PARAMETER    4  phi RESTORED TO VARIABLE.
                   PARAMETER    3  A0 RESTORED TO VARIABLE.
                   PARAMETER    1  N0 RESTORED TO VARIABLE.
 **********
 **   61 **FIX            0
 **********
 PARAMETER    0  IS UNDEFINED. IGNORED.
 **********
 **   62 **FIX            1
 **********
 **********
 **   63 **FIX            2
 **********
 PARAMETER    2  IS CONSTANT.   IGNORED.
 **********
 **   64 **FIX            3
 **********
 **********
 **   65 **FIX            4
 **********
 **********
 **   66 **FIX            5
 **********
 PARAMETER    5  IS CONSTANT.   IGNORED.
 **********
 **   67 **FIX            6
 **********
 **********
 **   68 **FIX            7
 **********
 **********
 **   69 **FIX            8
 **********
 **********
 **   70 **FIX            9
 **********
 PARAMETER    9  IS CONSTANT.   IGNORED.
 **********
 **   71 **FIX           13
 **********
 PARAMETER   13  IS CONSTANT.   IGNORED.
 **********
 **   72 **FIX           14
 **********
 **********
 **   73 **FIX           15
 **********
 PARAMETER   15  IS CONSTANT.   IGNORED.
 **********
 **   74 **FIX           16
 **********
 PARAMETER   16  IS CONSTANT.   IGNORED.
 **********
 **   75 **MIGRAD
 **********
 START MIGRAD MINIMIZATION.  STRATEGY  1.  CONVERGENCE WHEN EDM .LT. 1.00e-04
 FCN=290.133 FROM MIGRAD    STATUS=INITIATE        8 CALLS         835 TOTAL
                     EDM= unknown      STRATEGY= 1      NO ERROR MATRIX       
  EXT PARAMETER               CURRENT GUESS       STEP         FIRST   
  NO.   NAME      VALUE            ERROR          SIZE      DERIVATIVE 
   1  N0           2.87222e+06     fixed    
   2  tau          6.44000e+01   constant   
   3  A0           3.53184e-01     fixed    
   4  phi          4.11476e+00     fixed    
   5  R           -5.94062e+01   constant   
   6  A_CBO        1.92152e-04     fixed    
   7  w_CBO        2.32516e+00     fixed    
   8  phi_CBO      3.56197e+00     fixed    
   9  ANx2         6.75162e-04   constant   
  10  pNx2         4.60725e+00   constant   
  11  ANy1         0.00000e+00   constant   
  12  pNy1         0.00000e+00   constant   
  13  w_y          0.00000e+00   constant   
  14  ANy2        -2.01919e-04     fixed    
  15  pNy2         4.50125e+00   constant   
  16  w_vw         1.43005e+01   constant   
  17  LM          -1.01507e-04   constant   
  18  wCBO_expCoeff   1.98668e+02   1.17963e+00   7.10701e-04   1.37288e-03
  19  wCBO_expOffset   1.99800e+02   1.78666e-01   1.07640e-04   8.67404e-03
  20  wCBO_expT    3.00897e+01   3.08044e-02   2.33215e-05   4.58764e-02
  21  wCBO_linCoeff   0.00000e+00   constant   
  22  wCBO_const   1.44028e-03   8.75198e-04   4.07463e-06   3.15538e-01
 MIGRAD MINIMIZATION HAS CONVERGED.
 MIGRAD WILL VERIFY CONVERGENCE AND ERROR MATRIX.
 COVARIANCE MATRIX CALCULATED SUCCESSFULLY
 FCN=290.133 FROM MIGRAD    STATUS=CONVERGED      47 CALLS         874 TOTAL
                     EDM=6.84802e-09    STRATEGY= 1      ERROR MATRIX ACCURATE 
  EXT PARAMETER                                   STEP         FIRST   
  NO.   NAME      VALUE            ERROR          SIZE      DERIVATIVE 
   1  N0           2.87222e+06     fixed    
   2  tau          6.44000e+01   constant   
   3  A0           3.53184e-01     fixed    
   4  phi          4.11476e+00     fixed    
   5  R           -5.94062e+01   constant   
   6  A_CBO        1.92152e-04     fixed    
   7  w_CBO        2.32516e+00     fixed    
   8  phi_CBO      3.56197e+00     fixed    
   9  ANx2         6.75162e-04   constant   
  10  pNx2         4.60725e+00   constant   
  11  ANy1         0.00000e+00   constant   
  12  pNy1         0.00000e+00   constant   
  13  w_y          0.00000e+00   constant   
  14  ANy2        -2.01919e-04     fixed    
  15  pNy2         4.50125e+00   constant   
  16  w_vw         1.43005e+01   constant   
  17  LM          -1.01507e-04   constant   
  18  wCBO_expCoeff   1.98668e+02   1.17862e+00   7.09400e-04  -2.16622e-04
  19  wCBO_expOffset   1.99800e+02   1.78512e-01   1.07444e-04  -1.43429e-03
  20  wCBO_expT    3.00897e+01   3.04092e-02   2.32856e-05  -1.60358e-03
  21  wCBO_linCoeff   0.00000e+00   constant   
  22  wCBO_const   1.44027e-03   8.61720e-04   4.07379e-06   7.22071e-02
 EXTERNAL ERROR MATRIX.    NDIM=  25    NPAR=  4    ERR DEF=1
  1.389e+00 -1.540e-01 -1.301e-02  2.146e-04 
 -1.540e-01  3.187e-02 -1.970e-03  3.250e-05 
 -1.301e-02 -1.970e-03  9.247e-04 -1.703e-05 
  2.146e-04  3.250e-05 -1.703e-05  7.426e-07 
 PARAMETER  CORRELATION COEFFICIENTS  
       NO.  GLOBAL     18     19     20     22
       18  0.99739   1.000 -0.732 -0.363  0.211
       19  0.99739  -0.732  1.000 -0.363  0.211
       20  0.99577  -0.363 -0.363  1.000 -0.650
       22  0.82342   0.211  0.211 -0.650  1.000
MINUIT - FIT ONLY 2-y
 **********
 **   76 **RES 
 **********
                   PARAMETER   14  ANy2 RESTORED TO VARIABLE.
                   PARAMETER    8  phi_CBO RESTORED TO VARIABLE.
                   PARAMETER    7  w_CBO RESTORED TO VARIABLE.
                   PARAMETER    6  A_CBO RESTORED TO VARIABLE.
                   PARAMETER    4  phi RESTORED TO VARIABLE.
                   PARAMETER    3  A0 RESTORED TO VARIABLE.
                   PARAMETER    1  N0 RESTORED TO VARIABLE.
 **********
 **   77 **FIX            0
 **********
 PARAMETER    0  IS UNDEFINED. IGNORED.
 **********
 **   78 **FIX            1
 **********
 **********
 **   79 **FIX            2
 **********
 PARAMETER    2  IS CONSTANT.   IGNORED.
 **********
 **   80 **FIX            3
 **********
 **********
 **   81 **FIX            4
 **********
 **********
 **   82 **FIX            5
 **********
 PARAMETER    5  IS CONSTANT.   IGNORED.
 **********
 **   83 **FIX            6
 **********
 **********
 **   84 **FIX            7
 **********
 **********
 **   85 **FIX            8
 **********
 **********
 **   86 **FIX            9
 **********
 PARAMETER    9  IS CONSTANT.   IGNORED.
 **********
 **   87 **FIX           10
 **********
 PARAMETER   10  IS CONSTANT.   IGNORED.
 **********
 **   88 **FIX           11
 **********
 PARAMETER   11  IS CONSTANT.   IGNORED.
 **********
 **   89 **FIX           12
 **********
 PARAMETER   12  IS CONSTANT.   IGNORED.
 **********
 **   90 **FIX           16
 **********
 PARAMETER   16  IS CONSTANT.   IGNORED.
 **********
 **   91 **MIGRAD
 **********
 START MIGRAD MINIMIZATION.  STRATEGY  1.  CONVERGENCE WHEN EDM .LT. 1.00e-04
 FCN=290.133 FROM MIGRAD    STATUS=INITIATE       10 CALLS         884 TOTAL
                     EDM= unknown      STRATEGY= 1      NO ERROR MATRIX       
  EXT PARAMETER               CURRENT GUESS       STEP         FIRST   
  NO.   NAME      VALUE            ERROR          SIZE      DERIVATIVE 
   1  N0           2.87222e+06     fixed    
   2  tau          6.44000e+01   constant   
   3  A0           3.53184e-01     fixed    
   4  phi          4.11476e+00     fixed    
   5  R           -5.94062e+01   constant   
   6  A_CBO        1.92152e-04     fixed    
   7  w_CBO        2.32516e+00     fixed    
   8  phi_CBO      3.56197e+00     fixed    
   9  ANx2         6.75162e-04   constant   
  10  pNx2         4.60725e+00   constant   
  11  ANy1         0.00000e+00   constant   
  12  pNy1         0.00000e+00   constant   
  13  w_y          0.00000e+00   constant   
  14  ANy2        -2.01919e-04   6.13184e-04   6.13184e-04   5.50663e+01
  15  pNy2         4.50125e+00   constant   
  16  w_vw         1.43005e+01   constant   
  17  LM          -1.01507e-04   constant   
  18  wCBO_expCoeff   1.98668e+02   1.17862e+00   7.09400e-04  -2.31673e-04
  19  wCBO_expOffset   1.99800e+02   1.78512e-01   1.07444e-04  -1.92022e-03
  20  wCBO_expT    3.00897e+01   3.04092e-02   2.32856e-05  -2.44655e-03
  21  wCBO_linCoeff   0.00000e+00   constant   
  22  wCBO_const   1.44027e-03   8.61720e-04   4.07379e-06   7.27231e-02
 MIGRAD MINIMIZATION HAS CONVERGED.
 MIGRAD WILL VERIFY CONVERGENCE AND ERROR MATRIX.
 COVARIANCE MATRIX CALCULATED SUCCESSFULLY
 FCN=290.132 FROM MIGRAD    STATUS=CONVERGED      52 CALLS         926 TOTAL
                     EDM=2.22211e-06    STRATEGY= 1      ERROR MATRIX ACCURATE 
  EXT PARAMETER                                   STEP         FIRST   
  NO.   NAME      VALUE            ERROR          SIZE      DERIVATIVE 
   1  N0           2.87222e+06     fixed    
   2  tau          6.44000e+01   constant   
   3  A0           3.53184e-01     fixed    
   4  phi          4.11476e+00     fixed    
   5  R           -5.94062e+01   constant   
   6  A_CBO        1.92152e-04     fixed    
   7  w_CBO        2.32516e+00     fixed    
   8  phi_CBO      3.56197e+00     fixed    
   9  ANx2         6.75162e-04   constant   
  10  pNx2         4.60725e+00   constant   
  11  ANy1         0.00000e+00   constant   
  12  pNy1         0.00000e+00   constant   
  13  w_y          0.00000e+00   constant   
  14  ANy2        -2.12194e-04   6.12039e-04   5.08951e-06   3.61806e-03
  15  pNy2         4.50125e+00   constant   
  16  w_vw         1.43005e+01   constant   
  17  LM          -1.01507e-04   constant   
  18  wCBO_expCoeff   1.98668e+02   1.18152e+00   7.09393e-04  -2.08113e-02
  19  wCBO_expOffset   1.99800e+02   1.78956e-01   1.07443e-04  -1.37505e-01
  20  wCBO_expT    3.00897e+01   3.04543e-02   2.32853e-05  -5.85144e-01
  21  wCBO_linCoeff   0.00000e+00   constant   
  22  wCBO_const   1.44026e-03   8.62244e-04   4.07378e-06  -8.61786e-01
 EXTERNAL ERROR MATRIX.    NDIM=  25    NPAR=  5    ERR DEF=1
  3.746e-07 -5.158e-06 -7.817e-07  2.210e-07  7.526e-09 
 -5.158e-06  1.396e+00 -1.549e-01 -1.304e-02  2.150e-04 
 -7.817e-07 -1.549e-01  3.203e-02 -1.976e-03  3.257e-05 
  2.210e-07 -1.304e-02 -1.976e-03  9.275e-04 -1.706e-05 
  7.526e-09  2.150e-04  3.257e-05 -1.706e-05  7.435e-07 
 PARAMETER  CORRELATION COEFFICIENTS  
       NO.  GLOBAL     14     18     19     20     22
       14  0.06133   1.000 -0.007 -0.007  0.012  0.014
       18  0.99740  -0.007  1.000 -0.732 -0.363  0.211
       19  0.99740  -0.007 -0.732  1.000 -0.363  0.211
       20  0.99578   0.012 -0.363 -0.363  1.000 -0.650
       22  0.82361   0.014  0.211  0.211 -0.650  1.000
MINUIT - FIT ALTOGETHER
 **********
 **   92 **RES 
 **********
                   PARAMETER    8  phi_CBO RESTORED TO VARIABLE.
                   PARAMETER    7  w_CBO RESTORED TO VARIABLE.
                   PARAMETER    6  A_CBO RESTORED TO VARIABLE.
                   PARAMETER    4  phi RESTORED TO VARIABLE.
                   PARAMETER    3  A0 RESTORED TO VARIABLE.
                   PARAMETER    1  N0 RESTORED TO VARIABLE.
 **********
 **   93 **MIGRAD
 **********
 START MIGRAD MINIMIZATION.  STRATEGY  1.  CONVERGENCE WHEN EDM .LT. 1.00e-04
 FCN=290.132 FROM MIGRAD    STATUS=INITIATE       22 CALLS         948 TOTAL
                     EDM= unknown      STRATEGY= 1      NO ERROR MATRIX       
  EXT PARAMETER               CURRENT GUESS       STEP         FIRST   
  NO.   NAME      VALUE            ERROR          SIZE      DERIVATIVE 
   1  N0           2.87222e+06   1.23418e+03   1.23418e+03   2.02483e-04
   2  tau          6.44000e+01   constant   
   3  A0           3.53184e-01   5.70485e-04   5.70485e-04  -5.24322e+02
   4  phi          4.11476e+00   1.70569e-03   1.70569e-03  -8.44544e+01
   5  R           -5.94062e+01   constant   
   6  A_CBO        1.92152e-04   6.37649e-04   6.37649e-04  -4.75887e+02
   7  w_CBO        2.32516e+00   1.09809e-02   1.09809e-02  -2.15566e+00
   8  phi_CBO      3.56197e+00   2.72293e+00   2.72293e+00   9.36439e-04
   9  ANx2         6.75162e-04   constant   
  10  pNx2         4.60725e+00   constant   
  11  ANy1         0.00000e+00   constant   
  12  pNy1         0.00000e+00   constant   
  13  w_y          0.00000e+00   constant   
  14  ANy2        -2.12194e-04   6.12039e-04   5.08951e-06   3.61776e-03
  15  pNy2         4.50125e+00   constant   
  16  w_vw         1.43005e+01   constant   
  17  LM          -1.01507e-04   constant   
  18  wCBO_expCoeff   1.98668e+02   1.18152e+00   7.09393e-04  -2.09019e-02
  19  wCBO_expOffset   1.99800e+02   1.78956e-01   1.07443e-04  -1.38003e-01
  20  wCBO_expT    3.00897e+01   3.04543e-02   2.32853e-05  -5.87161e-01
  21  wCBO_linCoeff   0.00000e+00   constant   
  22  wCBO_const   1.44026e-03   8.62244e-04   4.07378e-06  -8.61270e-01
 MIGRAD MINIMIZATION HAS CONVERGED.
 MIGRAD WILL VERIFY CONVERGENCE AND ERROR MATRIX.
 COVARIANCE MATRIX CALCULATED SUCCESSFULLY
 FCN=290.069 FROM HESSE     STATUS=OK            104 CALLS        1147 TOTAL
                     EDM=6.96892e-05    STRATEGY= 1      ERROR MATRIX ACCURATE 
  EXT PARAMETER                                   STEP         FIRST   
  NO.   NAME      VALUE            ERROR          SIZE      DERIVATIVE 
