 + ++++++++++++++++++++++++++++++++++++++++++++++++++++++++++++++++++++ +
 +                                                                      +
 +           You have chose to blind your fitting according to          +
 +                omega_ref * (1 + (R +/- deltaR) *10^{-6})             +
 +                                                                      +
 + ++++++++++++++++++++++++++++++++++++++++++++++++++++++++++++++++++++ +
In main()...
reading format from /gm2data/zkhechad/run45/envelope/formats/formatB_sBin_constraintOn.txt
pBinTau 	= 0  
pBinPhi 	= 0  
constraintau 	= 1 
includeMopTerm 	= 0    
constrainMop    = 0   
Parameters after format file: pBinTau 0 pBinPhi 0 constraintau 1 includeMopTerm 0 constrainMop 0 c_e_scale 0.000000 
reading cbo reference file (full fit) from /gm2data/zkhechad/cboTemplates/Run4CBOTemplates/fullFits/run4/sBin_constraintOn_cE0.0_seed0_run4_calo15.root
A_CBO 0.008274 w_CBO 2.326361 phi_CBO 0.928510 N0 2995032.431773 R -60.169268 tau 64.399261 
Reading cboRef file /gm2data/zkhechad/cboTemplates/Run4CBOTemplates//cboIsolate/run4_calo15.root
deltaT 164.120000
windowBins = 1100
fitting sliding window 2500 from bin 2703 at 403.287600 to bin 3803 at 567.407600 (1100 bins)

Reading data from /gm2data/cornell/histograms/aMethod/histogram_a_run4.root
fitting cbo isolate
 **********
 **    1 **SET PRINTOUT            1
 **********
 **********
 **    2 **SET NOWARNINGS 
 **********
 PARAMETER DEFINITIONS:
    NO.   NAME         VALUE      STEP SIZE      LIMITS
     1 A_CBO        8.27396e-03  1.00000e-05     no limits
     2 w_CBO        2.32636e+00  1.00000e-02    2.00000e+00  3.00000e+00
     3 phi_CBO      9.28510e-01  1.00000e-02    0.00000e+00  6.28319e+00
 **********
 **    3 **MIGRAD
 **********
 FIRST CALL TO USER FUNCTION AT NEW START POINT, WITH IFLAG=4.
 START MIGRAD MINIMIZATION.  STRATEGY  1.  CONVERGENCE WHEN EDM .LT. 1.00e-04
 FCN=0.367011 FROM MIGRAD    STATUS=INITIATE       12 CALLS          13 TOTAL
                     EDM= unknown      STRATEGY= 1      NO ERROR MATRIX       
  EXT PARAMETER               CURRENT GUESS       STEP         FIRST   
  NO.   NAME      VALUE            ERROR          SIZE      DERIVATIVE 
   1  A_CBO        8.27396e-03   1.00000e-05   1.00000e-05   6.92421e+00
   2  w_CBO        2.32636e+00   1.00000e-02   2.13296e-02  -4.26224e-01
   3  phi_CBO      9.28510e-01   1.00000e-02   4.48483e-03   3.47015e-03
 MIGRAD MINIMIZATION HAS CONVERGED.
 MIGRAD WILL VERIFY CONVERGENCE AND ERROR MATRIX.
 FCN=0.345126 FROM HESSE     STATUS=NOT POSDEF     16 CALLS          50 TOTAL
                     EDM=0.000205018    STRATEGY= 1      ERR MATRIX NOT POS-DEF
  EXT PARAMETER                APPROXIMATE        STEP         FIRST   
  NO.   NAME      VALUE            ERROR          SIZE      DERIVATIVE 
   1  A_CBO        1.95762e-03   4.29046e-02   2.41846e-05  -1.19638e-02
   2  w_CBO        2.32649e+00   6.50710e-01   5.49277e-05  -1.11198e-02
   3  phi_CBO      8.95870e-01   3.90543e+00   5.88293e-03  -7.36568e-05
 MIGRAD MINIMIZATION HAS CONVERGED.
 MIGRAD WILL VERIFY CONVERGENCE AND ERROR MATRIX.
 COVARIANCE MATRIX CALCULATED SUCCESSFULLY
 FCN=0.345043 FROM MIGRAD    STATUS=CONVERGED      99 CALLS         100 TOTAL
                     EDM=1.56364e-05    STRATEGY= 1      ERROR MATRIX ACCURATE 
  EXT PARAMETER                                   STEP         FIRST   
  NO.   NAME      VALUE            ERROR          SIZE      DERIVATIVE 
   1  A_CBO        2.01694e-03   4.28562e-02   2.41814e-05   1.21505e-02
   2  w_CBO        2.32973e+00   6.62261e-01   5.38712e-05   7.21668e-03
   3  phi_CBO      2.43042e+00   4.80128e+00   4.03898e-03  -1.66965e-04
 EXTERNAL ERROR MATRIX.    NDIM=  25    NPAR=  3    ERR DEF=1
  1.837e-03 -1.875e-03 -8.876e-01 
 -1.875e-03  2.572e-01  1.226e+02 
 -8.876e-01  1.226e+02  5.887e+04 
 PARAMETER  CORRELATION COEFFICIENTS  
       NO.  GLOBAL      1      2      3
        1  0.08652   1.000 -0.086 -0.085
        2  0.99618  -0.086  1.000  0.996
        3  0.99618  -0.085  0.996  1.000
setting A_CBO=0.002017 w_CBO=2.329729, phi_CBO=2.430418
done fitting cbo isolate
 **********
 **    1 **SET PRINTOUT            1
 **********
 **********
 **    2 **SET NOWARNINGS 
 **********
 PARAMETER DEFINITIONS:
    NO.   NAME         VALUE      STEP SIZE      LIMITS
     1 N0           2.99503e+06  1.00000e+02     no limits
     2 tau          6.43993e+01  constant
     3 A0           3.54065e-01  1.00000e-04     no limits
     4 phi          4.11942e+00  1.00000e-02     no limits
     5 R           -6.01693e+01  constant
     6 A_CBO        2.01694e-03  1.00000e-05     no limits
     7 w_CBO        2.32973e+00  1.00000e-03     no limits
     8 phi_CBO      2.43042e+00  1.00000e-04     no limits
     9 ANx2         6.17909e-04  constant
    10 pNx2         3.86483e+00  constant
    11 ANy1         0.00000e+00  constant
    12 pNy1         0.00000e+00  constant
    13 w_y          0.00000e+00  constant
    14 ANy2         7.96733e-03  1.00000e-04     no limits
    15 pNy2         1.76471e+00  constant
    16 w_vw         1.43097e+01  constant
    17 LM          -1.37296e-04  constant
    18 wCBO_expCoeff   2.00000e+02  1.00000e+00     no limits
    19 wCBO_expOffset   2.00000e+02  1.00000e+00     no limits
    20 wCBO_expT    3.00000e+01  1.00000e+00     no limits
    21 wCBO_linCoeff   0.00000e+00  constant
    22 wCBO_const   0.00000e+00  1.00000e-02     no limits
MINUIT - FIT ONLY WIGGLE
 **********
 **    3 **FIX            5
 **********
 PARAMETER    5  IS CONSTANT.   IGNORED.
 **********
 **    4 **FIX            6
 **********
 **********
 **    5 **FIX            7
 **********
 **********
 **    6 **FIX            8
 **********
 **********
 **    7 **FIX            9
 **********
 PARAMETER    9  IS CONSTANT.   IGNORED.
 **********
 **    8 **FIX           10
 **********
 PARAMETER   10  IS CONSTANT.   IGNORED.
 **********
 **    9 **FIX           11
 **********
 PARAMETER   11  IS CONSTANT.   IGNORED.
 **********
 **   10 **FIX           12
 **********
 PARAMETER   12  IS CONSTANT.   IGNORED.
 **********
 **   11 **FIX           13
 **********
 PARAMETER   13  IS CONSTANT.   IGNORED.
 **********
 **   12 **FIX           14
 **********
 **********
 **   13 **FIX           15
 **********
 PARAMETER   15  IS CONSTANT.   IGNORED.
 **********
 **   14 **FIX           16
 **********
 PARAMETER   16  IS CONSTANT.   IGNORED.
 **********
 **   15 **MIGRAD
 **********
 FIRST CALL TO USER FUNCTION AT NEW START POINT, WITH IFLAG=4.
 START MIGRAD MINIMIZATION.  STRATEGY  1.  CONVERGENCE WHEN EDM .LT. 1.00e-04
 FCN=350.787 FROM MIGRAD    STATUS=INITIATE       26 CALLS          27 TOTAL
                     EDM= unknown      STRATEGY= 1      NO ERROR MATRIX       
  EXT PARAMETER               CURRENT GUESS       STEP         FIRST   
  NO.   NAME      VALUE            ERROR          SIZE      DERIVATIVE 
   1  N0           2.99503e+06   1.00000e+02   1.00000e+02   1.31451e-04
   2  tau          6.43993e+01   constant   
   3  A0           3.54065e-01   1.00000e-04   1.00000e-04  -8.51370e+02
   4  phi          4.11942e+00   1.00000e-02   1.00000e-02  -4.96469e+02
   5  R           -6.01693e+01   constant   
   6  A_CBO        2.01694e-03     fixed    
   7  w_CBO        2.32973e+00     fixed    
   8  phi_CBO      2.43042e+00     fixed    
   9  ANx2         6.17909e-04   constant   
  10  pNx2         3.86483e+00   constant   
  11  ANy1         0.00000e+00   constant   
  12  pNy1         0.00000e+00   constant   
  13  w_y          0.00000e+00   constant   
  14  ANy2         7.96733e-03     fixed    
  15  pNy2         1.76471e+00   constant   
  16  w_vw         1.43097e+01   constant   
  17  LM          -1.37296e-04   constant   
  18  wCBO_expCoeff   2.00000e+02   1.00000e+00   1.00000e+00  -2.62738e+00
  19  wCBO_expOffset   2.00000e+02   1.00000e+00   1.00000e+00  -1.75155e+01
  20  wCBO_expT    3.00000e+01   1.00000e+00   1.00000e+00  -1.28699e+02
  21  wCBO_linCoeff   0.00000e+00   constant   
  22  wCBO_const   0.00000e+00   1.00000e-02   1.00000e-02  -6.17896e+03
 MIGRAD MINIMIZATION HAS CONVERGED.
 FCN=347.029 FROM MIGRAD    STATUS=CONVERGED     152 CALLS         153 TOTAL
                     EDM=7.46677e-07    STRATEGY= 1  ERROR MATRIX UNCERTAINTY   2.5 per cent
  EXT PARAMETER                                   STEP         FIRST   
  NO.   NAME      VALUE            ERROR          SIZE      DERIVATIVE 
   1  N0           2.99434e+06   2.33940e+03   8.84313e+00   4.65131e-08
   2  tau          6.43993e+01   constant   
   3  A0           3.54716e-01   1.06054e-03  -1.08491e-06  -6.10750e-01
   4  phi          4.12187e+00   3.05793e-03   2.06000e-05   4.72744e-02
   5  R           -6.01693e+01   constant   
   6  A_CBO        2.01694e-03     fixed    
   7  w_CBO        2.32973e+00     fixed    
   8  phi_CBO      2.43042e+00     fixed    
   9  ANx2         6.17909e-04   constant   
  10  pNx2         3.86483e+00   constant   
  11  ANy1         0.00000e+00   constant   
  12  pNy1         0.00000e+00   constant   
  13  w_y          0.00000e+00   constant   
  14  ANy2         7.96733e-03     fixed    
  15  pNy2         1.76471e+00   constant   
  16  w_vw         1.43097e+01   constant   
  17  LM          -1.37296e-04   constant   
  18  wCBO_expCoeff   2.01526e+02   9.61570e+00  -3.68906e-02  -1.66212e-03
  19  wCBO_expOffset   2.00232e+02   1.46425e+00  -5.59306e-03  -1.11863e-02
  20  wCBO_expT    2.99365e+01   4.17304e-01   1.51533e-03  -7.78803e-02
  21  wCBO_linCoeff   0.00000e+00   constant   
  22  wCBO_const   7.96780e-04   8.42449e-04   4.72420e-06  -1.77912e+00
 EXTERNAL ERROR MATRIX.    NDIM=  25    NPAR=  7    ERR DEF=1
  5.473e+06 -5.362e-02 -1.710e-02  2.838e+03  4.324e+02 -1.231e+02  6.240e-02 
 -5.362e-02  1.125e-06  4.993e-08 -1.017e-03 -1.549e-04  4.373e-05 -1.085e-09 
 -1.710e-02  4.993e-08  9.351e-06 -1.294e-03 -1.971e-04  6.226e-05 -1.251e-07 
  2.838e+03 -1.017e-03 -1.294e-03  9.246e+01  1.373e+01 -3.979e+00  4.655e-03 
  4.324e+02 -1.549e-04 -1.971e-04  1.373e+01  2.144e+00 -6.060e-01  7.089e-04 
 -1.231e+02  4.373e-05  6.226e-05 -3.979e+00 -6.060e-01  1.741e-01 -2.175e-04 
  6.240e-02 -1.085e-09 -1.251e-07  4.655e-03  7.089e-04 -2.175e-04  7.097e-07 
 PARAMETER  CORRELATION COEFFICIENTS  
       NO.  GLOBAL      1      3      4     18     19     20     22
        1  0.14609   1.000 -0.022 -0.002  0.126  0.126 -0.126  0.032
        3  0.13451  -0.022  1.000  0.015 -0.100 -0.100  0.099 -0.001
        4  0.09532  -0.002  0.015  1.000 -0.044 -0.044  0.049 -0.049
       18  0.99698   0.126 -0.100 -0.044  1.000  0.975 -0.992  0.575
       19  0.99706   0.126 -0.100 -0.044  0.975  1.000 -0.992  0.575
       20  0.99921  -0.126  0.099  0.049 -0.992 -0.992  1.000 -0.619
       22  0.86588   0.032 -0.001 -0.049  0.575  0.575 -0.619  1.000
MINUIT - FIT ONLY 1-CBO + other amplitudes 
 **********
 **   16 **RES 
 **********
                   PARAMETER   14  ANy2 RESTORED TO VARIABLE.
                   PARAMETER    8  phi_CBO RESTORED TO VARIABLE.
                   PARAMETER    7  w_CBO RESTORED TO VARIABLE.
                   PARAMETER    6  A_CBO RESTORED TO VARIABLE.
 **********
 **   17 **FIX            0
 **********
 PARAMETER    0  IS UNDEFINED. IGNORED.
 **********
 **   18 **FIX            1
 **********
 **********
 **   19 **FIX            2
 **********
 PARAMETER    2  IS CONSTANT.   IGNORED.
 **********
 **   20 **FIX            3
 **********
 **********
 **   21 **FIX            4
 **********
 **********
 **   22 **FIX            9
 **********
 PARAMETER    9  IS CONSTANT.   IGNORED.
 **********
 **   23 **FIX           11
 **********
 PARAMETER   11  IS CONSTANT.   IGNORED.
 **********
 **   24 **FIX           12
 **********
 PARAMETER   12  IS CONSTANT.   IGNORED.
 **********
 **   25 **FIX           14
 **********
 **********
 **   26 **FIX           15
 **********
 PARAMETER   15  IS CONSTANT.   IGNORED.
 **********
 **   27 **FIX           16
 **********
 PARAMETER   16  IS CONSTANT.   IGNORED.
 **********
 **   28 **MIGRAD
 **********
 START MIGRAD MINIMIZATION.  STRATEGY  1.  CONVERGENCE WHEN EDM .LT. 1.00e-04
 FCN=347.029 FROM MIGRAD    STATUS=INITIATE       18 CALLS         171 TOTAL
                     EDM= unknown      STRATEGY= 1      NO ERROR MATRIX       
  EXT PARAMETER               CURRENT GUESS       STEP         FIRST   
  NO.   NAME      VALUE            ERROR          SIZE      DERIVATIVE 
   1  N0           2.99434e+06     fixed    
   2  tau          6.43993e+01   constant   
   3  A0           3.54716e-01     fixed    
   4  phi          4.12187e+00     fixed    
   5  R           -6.01693e+01   constant   
   6  A_CBO        2.01694e-03   1.00000e-05   1.00000e-05   9.11522e+02
   7  w_CBO        2.32973e+00   1.00000e-03   1.00000e-03  -9.10423e-01
   8  phi_CBO      2.43042e+00   1.00000e-04   1.00000e-04   7.19440e-01
   9  ANx2         6.17909e-04   constant   
  10  pNx2         3.86483e+00   constant   
  11  ANy1         0.00000e+00   constant   
  12  pNy1         0.00000e+00   constant   
  13  w_y          0.00000e+00   constant   
  14  ANy2         7.96733e-03     fixed    
  15  pNy2         1.76471e+00   constant   
  16  w_vw         1.43097e+01   constant   
  17  LM          -1.37296e-04   constant   
  18  wCBO_expCoeff   2.01526e+02   9.61570e+00  -3.68906e-02  -1.66212e-03
  19  wCBO_expOffset   2.00232e+02   1.46425e+00  -5.59306e-03  -1.11863e-02
  20  wCBO_expT    2.99365e+01   4.17304e-01   1.51533e-03  -7.78804e-02
  21  wCBO_linCoeff   0.00000e+00   constant   
  22  wCBO_const   7.96780e-04   8.42449e-04   4.72420e-06  -1.77916e+00
 MIGRAD MINIMIZATION HAS CONVERGED.
 MIGRAD WILL VERIFY CONVERGENCE AND ERROR MATRIX.
 FCN=346.586 FROM MIGRAD    STATUS=CONVERGED     216 CALLS         369 TOTAL
                     EDM=3.87851e-06    STRATEGY= 1      ERR MATRIX NOT POS-DEF
  EXT PARAMETER                APPROXIMATE        STEP         FIRST   
  NO.   NAME      VALUE            ERROR          SIZE      DERIVATIVE 
   1  N0           2.99434e+06     fixed    
   2  tau          6.43993e+01   constant   
   3  A0           3.54716e-01     fixed    
   4  phi          4.12187e+00     fixed    
   5  R           -6.01693e+01   constant   
   6  A_CBO        1.45418e-03   1.09711e-03   9.97013e-06   2.15741e+00
   7  w_CBO        2.32991e+00   8.91318e-03   8.91208e-06   2.13655e-01
   8  phi_CBO      1.89019e+00   1.05340e+00   6.84587e-03   7.95192e-04
   9  ANx2         6.17909e-04   constant   
  10  pNx2         3.86483e+00   constant   
  11  ANy1         0.00000e+00   constant   
  12  pNy1         0.00000e+00   constant   
  13  w_y          0.00000e+00   constant   
  14  ANy2         7.96733e-03     fixed    
  15  pNy2         1.76471e+00   constant   
  16  w_vw         1.43097e+01   constant   
  17  LM          -1.37296e-04   constant   
  18  wCBO_expCoeff   2.04908e+02   1.01002e+01   8.09675e-03  -5.44501e-04
  19  wCBO_expOffset   2.00735e+02   1.46969e+00   1.17844e-03  -3.74522e-03
  20  wCBO_expT    2.97897e+01   1.96716e-01   1.63755e-04  -2.66197e-02
  21  wCBO_linCoeff   0.00000e+00   constant   
  22  wCBO_const   6.90036e-04   3.83063e-03   4.13053e-06   6.08967e-01
 EXTERNAL ERROR MATRIX.    NDIM=  25    NPAR=  7    ERR DEF=1
  1.204e-06 -3.224e-09  2.731e-05 -2.849e-04 -4.166e-05  1.002e-05  9.701e-09 
 -3.224e-09  7.944e-05  2.592e-04 -1.929e-03 -2.841e-04 -7.774e-05 -3.348e-05 
  2.731e-05  2.592e-04  1.110e+00 -9.808e-01 -1.431e-01  4.701e-02  1.656e-04 
 -2.849e-04 -1.929e-03 -9.808e-01  1.020e+02 -8.448e+00 -9.075e-01  1.356e-03 
 -4.166e-05 -2.841e-04 -1.431e-01 -8.448e+00  2.160e+00 -1.325e-01  1.988e-04 
  1.002e-05 -7.774e-05  4.701e-02 -9.075e-01 -1.325e-01  3.870e-02 -1.969e-06 
  9.701e-09 -3.348e-05  1.656e-04  1.356e-03  1.988e-04 -1.969e-06  1.467e-05 
ERR MATRIX NOT POS-DEF
 PARAMETER  CORRELATION COEFFICIENTS  
       NO.  GLOBAL      6      7      8     18     19     20     22
        6  0.10025   1.000 -0.000  0.024 -0.026 -0.026  0.046  0.002
        7  0.99399  -0.000  1.000  0.028 -0.021 -0.022 -0.044 -0.980
        8  0.70237   0.024  0.028  1.000 -0.092 -0.092  0.227  0.041
       18  0.99613  -0.026 -0.021 -0.092  1.000 -0.569 -0.457  0.035
       19  0.99614  -0.026 -0.022 -0.092 -0.569  1.000 -0.458  0.035
       20  0.99584   0.046 -0.044  0.227 -0.457 -0.458  1.000 -0.003
       22  0.99301   0.002 -0.980  0.041  0.035  0.035 -0.003  1.000
 ERR MATRIX NOT POS-DEF
MINUIT - FIT ONLY 1-CBO
 **********
 **   29 **RES 
 **********
                   PARAMETER   14  ANy2 RESTORED TO VARIABLE.
                   PARAMETER    4  phi RESTORED TO VARIABLE.
                   PARAMETER    3  A0 RESTORED TO VARIABLE.
                   PARAMETER    1  N0 RESTORED TO VARIABLE.
 **********
 **   30 **FIX            0
 **********
 PARAMETER    0  IS UNDEFINED. IGNORED.
 **********
 **   31 **FIX            1
 **********
 **********
 **   32 **FIX            2
 **********
 PARAMETER    2  IS CONSTANT.   IGNORED.
 **********
 **   33 **FIX            3
 **********
 **********
 **   34 **FIX            4
 **********
 **********
 **   35 **FIX            8
 **********
 **********
 **   36 **FIX            9
 **********
 PARAMETER    9  IS CONSTANT.   IGNORED.
 **********
 **   37 **FIX           11
 **********
 PARAMETER   11  IS CONSTANT.   IGNORED.
 **********
 **   38 **FIX           12
 **********
 PARAMETER   12  IS CONSTANT.   IGNORED.
 **********
 **   39 **FIX           13
 **********
 PARAMETER   13  IS CONSTANT.   IGNORED.
 **********
 **   40 **FIX           15
 **********
 PARAMETER   15  IS CONSTANT.   IGNORED.
 **********
 **   41 **FIX           16
 **********
 PARAMETER   16  IS CONSTANT.   IGNORED.
 **********
 **   42 **MIGRAD
 **********
 START MIGRAD MINIMIZATION.  STRATEGY  1.  CONVERGENCE WHEN EDM .LT. 1.00e-04
 FCN=346.586 FROM MIGRAD    STATUS=INITIATE       16 CALLS         385 TOTAL
                     EDM= unknown      STRATEGY= 1      NO ERROR MATRIX       
  EXT PARAMETER               CURRENT GUESS       STEP         FIRST   
  NO.   NAME      VALUE            ERROR          SIZE      DERIVATIVE 
   1  N0           2.99434e+06     fixed    
   2  tau          6.43993e+01   constant   
   3  A0           3.54716e-01     fixed    
   4  phi          4.12187e+00     fixed    
   5  R           -6.01693e+01   constant   
   6  A_CBO        1.45418e-03   1.09711e-03   9.97013e-06   2.15741e+00
   7  w_CBO        2.32991e+00   8.91318e-03   8.91208e-06   2.15691e-01
   8  phi_CBO      1.89019e+00     fixed    
   9  ANx2         6.17909e-04   constant   
  10  pNx2         3.86483e+00   constant   
  11  ANy1         0.00000e+00   constant   
  12  pNy1         0.00000e+00   constant   
  13  w_y          0.00000e+00   constant   
  14  ANy2         7.96733e-03   1.00000e-04   1.00000e-04   1.30490e+04
  15  pNy2         1.76471e+00   constant   
  16  w_vw         1.43097e+01   constant   
  17  LM          -1.37296e-04   constant   
  18  wCBO_expCoeff   2.04908e+02   1.01002e+01   8.09675e-03  -5.37401e-04
  19  wCBO_expOffset   2.00735e+02   1.46969e+00   1.17844e-03  -3.69372e-03
  20  wCBO_expT    2.97897e+01   1.96716e-01   1.63755e-04  -2.62708e-02
  21  wCBO_linCoeff   0.00000e+00   constant   
  22  wCBO_const   6.90036e-04   3.83063e-03   4.13053e-06   6.12731e-01
 MIGRAD MINIMIZATION HAS CONVERGED.
 MIGRAD WILL VERIFY CONVERGENCE AND ERROR MATRIX.
 FCN=295.66 FROM HESSE     STATUS=NOT POSDEF     50 CALLS         498 TOTAL
                     EDM=0.000102013    STRATEGY= 1      ERR MATRIX NOT POS-DEF
  EXT PARAMETER                APPROXIMATE        STEP         FIRST   
  NO.   NAME      VALUE            ERROR          SIZE      DERIVATIVE 
   1  N0           2.99434e+06     fixed    
   2  tau          6.43993e+01   constant   
   3  A0           3.54716e-01     fixed    
   4  phi          4.12187e+00     fixed    
   5  R           -6.01693e+01   constant   
   6  A_CBO        1.44908e-03   1.09625e-03   9.21154e-06   3.25944e-01
   7  w_CBO        2.32992e+00   9.66049e-03   8.23360e-06   1.60266e-01
   8  phi_CBO      1.89019e+00     fixed    
   9  ANx2         6.17909e-04   constant   
  10  pNx2         3.86483e+00   constant   
  11  ANy1         0.00000e+00   constant   
  12  pNy1         0.00000e+00   constant   
  13  w_y          0.00000e+00   constant   
  14  ANy2         1.61975e-04   1.09048e-03   9.19859e-06  -1.83495e-03
  15  pNy2         1.76471e+00   constant   
  16  w_vw         1.43097e+01   constant   
  17  LM          -1.37296e-04   constant   
  18  wCBO_expCoeff   2.04899e+02   1.06942e+01   7.55237e-03   5.72776e-04
  19  wCBO_expOffset   2.00733e+02   1.55584e+00   1.09801e-03   3.93977e-03
  20  wCBO_expT    2.97896e+01   2.02763e-01   1.52451e-04  -7.20776e-02
  21  wCBO_linCoeff   0.00000e+00   constant   
  22  wCBO_const   6.96283e-04   4.14907e-03   3.81235e-06   2.55876e-01
 MIGRAD MINIMIZATION HAS CONVERGED.
 MIGRAD WILL VERIFY CONVERGENCE AND ERROR MATRIX.
 FCN=295.659 FROM MIGRAD    STATUS=CONVERGED     196 CALLS         565 TOTAL
                     EDM=1.45781e-06    STRATEGY= 1      ERR MATRIX NOT POS-DEF
  EXT PARAMETER                APPROXIMATE        STEP         FIRST   
  NO.   NAME      VALUE            ERROR          SIZE      DERIVATIVE 
   1  N0           2.99434e+06     fixed    
   2  tau          6.43993e+01   constant   
   3  A0           3.54716e-01     fixed    
   4  phi          4.12187e+00     fixed    
   5  R           -6.01693e+01   constant   
   6  A_CBO        1.45068e-03   1.09532e-03   9.21145e-06  -1.28979e+00
   7  w_CBO        2.32989e+00   9.55656e-03   8.22974e-06  -8.70172e-01
   8  phi_CBO      1.89019e+00     fixed    
   9  ANx2         6.17909e-04   constant   
  10  pNx2         3.86483e+00   constant   
  11  ANy1         0.00000e+00   constant   
  12  pNy1         0.00000e+00   constant   
  13  w_y          0.00000e+00   constant   
  14  ANy2         1.61915e-04   1.09040e-03   9.19858e-06   1.02416e-02
  15  pNy2         1.76471e+00   constant   
  16  w_vw         1.43097e+01   constant   
  17  LM          -1.37296e-04   constant   
  18  wCBO_expCoeff   2.04641e+02   1.06678e+01   7.54939e-03  -3.92473e-04
  19  wCBO_expOffset   2.00696e+02   1.55450e+00   1.09758e-03  -2.69504e-03
  20  wCBO_expT    2.98004e+01   2.02188e-01   1.52388e-04  -2.06981e-02
  21  wCBO_linCoeff   0.00000e+00   constant   
  22  wCBO_const   6.94306e-04   4.10458e-03   3.81058e-06  -1.94573e+00
 EXTERNAL ERROR MATRIX.    NDIM=  25    NPAR=  7    ERR DEF=1
  1.200e-06 -9.829e-09  1.009e-09 -2.431e-04 -3.547e-05  8.313e-06  4.988e-09 
 -9.829e-09  9.133e-05 -1.001e-09 -1.978e-03 -2.920e-04 -9.884e-05 -3.864e-05 
  1.009e-09 -1.001e-09  1.189e-06  7.208e-06  1.054e-06 -2.287e-07 -7.766e-10 
 -2.431e-04 -1.978e-03  7.208e-06  1.138e+02 -9.756e+00 -9.641e-01  1.734e-03 
 -3.547e-05 -2.920e-04  1.054e-06 -9.756e+00  2.416e+00 -1.408e-01  2.544e-04 
  8.313e-06 -9.884e-05 -2.287e-07 -9.641e-01 -1.408e-01  4.088e-02 -9.346e-06 
  4.988e-09 -3.864e-05 -7.766e-10  1.734e-03  2.544e-04 -9.346e-06  1.685e-05 
ERR MATRIX NOT POS-DEF
 PARAMETER  CORRELATION COEFFICIENTS  
       NO.  GLOBAL      6      7     14     18     19     20     22
        6  0.08798   1.000 -0.001  0.001 -0.021 -0.021  0.038  0.001
        7  0.99477  -0.001  1.000 -0.000 -0.019 -0.020 -0.051 -0.985
       14  0.00288   0.001 -0.000  1.000  0.001  0.001 -0.001 -0.000
       18  0.99649  -0.021 -0.019  0.001  1.000 -0.588 -0.447  0.040
       19  0.99649  -0.021 -0.020  0.001 -0.588  1.000 -0.448  0.040
       20  0.99600   0.038 -0.051 -0.001 -0.447 -0.448  1.000 -0.011
       22  0.99392   0.001 -0.985 -0.000  0.040  0.040 -0.011  1.000
 ERR MATRIX NOT POS-DEF
MINUIT - FIT ONLY 2-CBO
 **********
 **   43 **RES 
 **********
                   PARAMETER    8  phi_CBO RESTORED TO VARIABLE.
                   PARAMETER    4  phi RESTORED TO VARIABLE.
                   PARAMETER    3  A0 RESTORED TO VARIABLE.
                   PARAMETER    1  N0 RESTORED TO VARIABLE.
 **********
 **   44 **FIX            0
 **********
 PARAMETER    0  IS UNDEFINED. IGNORED.
 **********
 **   45 **FIX            1
 **********
 **********
 **   46 **FIX            2
 **********
 PARAMETER    2  IS CONSTANT.   IGNORED.
 **********
 **   47 **FIX            3
 **********
 **********
 **   48 **FIX            4
 **********
 **********
 **   49 **FIX            5
 **********
 PARAMETER    5  IS CONSTANT.   IGNORED.
 **********
 **   50 **FIX            6
 **********
 **********
 **   51 **FIX            7
 **********
 **********
 **   52 **FIX           10
 **********
 PARAMETER   10  IS CONSTANT.   IGNORED.
 **********
 **   53 **FIX           11
 **********
 PARAMETER   11  IS CONSTANT.   IGNORED.
 **********
 **   54 **FIX           12
 **********
 PARAMETER   12  IS CONSTANT.   IGNORED.
 **********
 **   55 **FIX           13
 **********
 PARAMETER   13  IS CONSTANT.   IGNORED.
 **********
 **   56 **FIX           14
 **********
 **********
 **   57 **FIX           15
 **********
 PARAMETER   15  IS CONSTANT.   IGNORED.
 **********
 **   58 **FIX           16
 **********
 PARAMETER   16  IS CONSTANT.   IGNORED.
 **********
 **   59 **MIGRAD
 **********
 START MIGRAD MINIMIZATION.  STRATEGY  1.  CONVERGENCE WHEN EDM .LT. 1.00e-04
 FCN=295.659 FROM MIGRAD    STATUS=INITIATE       10 CALLS         575 TOTAL
                     EDM= unknown      STRATEGY= 1      NO ERROR MATRIX       
  EXT PARAMETER               CURRENT GUESS       STEP         FIRST   
  NO.   NAME      VALUE            ERROR          SIZE      DERIVATIVE 
   1  N0           2.99434e+06     fixed    
   2  tau          6.43993e+01   constant   
   3  A0           3.54716e-01     fixed    
   4  phi          4.12187e+00     fixed    
   5  R           -6.01693e+01   constant   
   6  A_CBO        1.45068e-03     fixed    
   7  w_CBO        2.32989e+00     fixed    
   8  phi_CBO      1.89019e+00   1.05340e+00   1.05340e+00   3.06355e-02
   9  ANx2         6.17909e-04   constant   
  10  pNx2         3.86483e+00   constant   
  11  ANy1         0.00000e+00   constant   
  12  pNy1         0.00000e+00   constant   
  13  w_y          0.00000e+00   constant   
  14  ANy2         1.61915e-04     fixed    
  15  pNy2         1.76471e+00   constant   
  16  w_vw         1.43097e+01   constant   
  17  LM          -1.37296e-04   constant   
  18  wCBO_expCoeff   2.04641e+02   1.06678e+01   7.54939e-03  -3.87389e-04
  19  wCBO_expOffset   2.00696e+02   1.55450e+00   1.09758e-03  -2.65784e-03
  20  wCBO_expT    2.98004e+01   2.02188e-01   1.52388e-04  -2.04404e-02
  21  wCBO_linCoeff   0.00000e+00   constant   
  22  wCBO_const   6.94306e-04   4.10458e-03   3.81058e-06  -1.94292e+00
 MIGRAD MINIMIZATION HAS CONVERGED.
 MIGRAD WILL VERIFY CONVERGENCE AND ERROR MATRIX.
 FCN=295.659 FROM MIGRAD    STATUS=CONVERGED      79 CALLS         644 TOTAL
                     EDM=3.03134e-05    STRATEGY= 1      ERR MATRIX NOT POS-DEF
  EXT PARAMETER                APPROXIMATE        STEP         FIRST   
  NO.   NAME      VALUE            ERROR          SIZE      DERIVATIVE 
   1  N0           2.99434e+06     fixed    
   2  tau          6.43993e+01   constant   
   3  A0           3.54716e-01     fixed    
   4  phi          4.12187e+00     fixed    
   5  R           -6.01693e+01   constant   
   6  A_CBO        1.45068e-03     fixed    
   7  w_CBO        2.32989e+00     fixed    
   8  phi_CBO      1.87396e+00   1.06302e+00   6.34979e-03   5.54051e-06
   9  ANx2         6.17909e-04   constant   
  10  pNx2         3.86483e+00   constant   
  11  ANy1         0.00000e+00   constant   
  12  pNy1         0.00000e+00   constant   
  13  w_y          0.00000e+00   constant   
  14  ANy2         1.61915e-04     fixed    
  15  pNy2         1.76471e+00   constant   
  16  w_vw         1.43097e+01   constant   
  17  LM          -1.37296e-04   constant   
  18  wCBO_expCoeff   2.04640e+02   1.11348e+01   7.55116e-03  -3.16990e-04
  19  wCBO_expOffset   2.00696e+02   1.62285e+00   1.09964e-03  -2.17668e-03
  20  wCBO_expT    2.98004e+01   2.15046e-01   1.52718e-04   2.09629e-02
  21  wCBO_linCoeff   0.00000e+00   constant   
  22  wCBO_const   6.89795e-04   7.54601e-04   3.81511e-06  -2.95782e-01
 EXTERNAL ERROR MATRIX.    NDIM=  25    NPAR=  5    ERR DEF=1
  1.130e+00 -1.204e+00 -1.759e-01  5.722e-02  2.670e-04 
 -1.204e+00  1.240e+02 -1.046e+01 -1.088e+00  6.876e-04 
 -1.759e-01 -1.046e+01  2.634e+00 -1.590e-01  1.003e-04 
  5.722e-02 -1.088e+00 -1.590e-01  4.624e-02 -4.084e-05 
  2.670e-04  6.876e-04  1.003e-04 -4.084e-05  5.694e-07 
ERR MATRIX NOT POS-DEF
 PARAMETER  CORRELATION COEFFICIENTS  
       NO.  GLOBAL      8     18     19     20     22
        8  0.70604   1.000 -0.102 -0.102  0.250  0.333
       18  0.99676  -0.102  1.000 -0.579 -0.454  0.082
       19  0.99677  -0.102 -0.579  1.000 -0.456  0.082
       20  0.99645   0.250 -0.454 -0.456  1.000 -0.252
       22  0.80044   0.333  0.082  0.082 -0.252  1.000
 ERR MATRIX NOT POS-DEF
MINUIT - FIT ONLY 1-y
 **********
 **   60 **RES 
 **********
                   PARAMETER   14  ANy2 RESTORED TO VARIABLE.
                   PARAMETER    7  w_CBO RESTORED TO VARIABLE.
                   PARAMETER    6  A_CBO RESTORED TO VARIABLE.
                   PARAMETER    4  phi RESTORED TO VARIABLE.
                   PARAMETER    3  A0 RESTORED TO VARIABLE.
                   PARAMETER    1  N0 RESTORED TO VARIABLE.
 **********
 **   61 **FIX            0
 **********
 PARAMETER    0  IS UNDEFINED. IGNORED.
 **********
 **   62 **FIX            1
 **********
 **********
 **   63 **FIX            2
 **********
 PARAMETER    2  IS CONSTANT.   IGNORED.
 **********
 **   64 **FIX            3
 **********
 **********
 **   65 **FIX            4
 **********
 **********
 **   66 **FIX            5
 **********
 PARAMETER    5  IS CONSTANT.   IGNORED.
 **********
 **   67 **FIX            6
 **********
 **********
 **   68 **FIX            7
 **********
 **********
 **   69 **FIX            8
 **********
 **********
 **   70 **FIX            9
 **********
 PARAMETER    9  IS CONSTANT.   IGNORED.
 **********
 **   71 **FIX           13
 **********
 PARAMETER   13  IS CONSTANT.   IGNORED.
 **********
 **   72 **FIX           14
 **********
 **********
 **   73 **FIX           15
 **********
 PARAMETER   15  IS CONSTANT.   IGNORED.
 **********
 **   74 **FIX           16
 **********
 PARAMETER   16  IS CONSTANT.   IGNORED.
 **********
 **   75 **MIGRAD
 **********
 START MIGRAD MINIMIZATION.  STRATEGY  1.  CONVERGENCE WHEN EDM .LT. 1.00e-04
 FCN=295.659 FROM MIGRAD    STATUS=INITIATE        8 CALLS         652 TOTAL
                     EDM= unknown      STRATEGY= 1      NO ERROR MATRIX       
  EXT PARAMETER               CURRENT GUESS       STEP         FIRST   
  NO.   NAME      VALUE            ERROR          SIZE      DERIVATIVE 
   1  N0           2.99434e+06     fixed    
   2  tau          6.43993e+01   constant   
   3  A0           3.54716e-01     fixed    
   4  phi          4.12187e+00     fixed    
   5  R           -6.01693e+01   constant   
   6  A_CBO        1.45068e-03     fixed    
   7  w_CBO        2.32989e+00     fixed    
   8  phi_CBO      1.87396e+00     fixed    
   9  ANx2         6.17909e-04   constant   
  10  pNx2         3.86483e+00   constant   
  11  ANy1         0.00000e+00   constant   
  12  pNy1         0.00000e+00   constant   
  13  w_y          0.00000e+00   constant   
  14  ANy2         1.61915e-04     fixed    
  15  pNy2         1.76471e+00   constant   
  16  w_vw         1.43097e+01   constant   
  17  LM          -1.37296e-04   constant   
  18  wCBO_expCoeff   2.04640e+02   1.11348e+01   7.55116e-03  -3.11559e-04
  19  wCBO_expOffset   2.00696e+02   1.62285e+00   1.09964e-03  -2.13711e-03
  20  wCBO_expT    2.98004e+01   2.15046e-01   1.52718e-04   2.12361e-02
  21  wCBO_linCoeff   0.00000e+00   constant   
  22  wCBO_const   6.89795e-04   7.54601e-04   3.81511e-06  -2.92678e-01
 MIGRAD MINIMIZATION HAS CONVERGED.
 MIGRAD WILL VERIFY CONVERGENCE AND ERROR MATRIX.
 FCN=295.659 FROM MIGRAD    STATUS=CONVERGED      41 CALLS         685 TOTAL
                     EDM=3.20056e-05    STRATEGY= 1      ERR MATRIX NOT POS-DEF
  EXT PARAMETER                APPROXIMATE        STEP         FIRST   
  NO.   NAME      VALUE            ERROR          SIZE      DERIVATIVE 
   1  N0           2.99434e+06     fixed    
   2  tau          6.43993e+01   constant   
   3  A0           3.54716e-01     fixed    
   4  phi          4.12187e+00     fixed    
   5  R           -6.01693e+01   constant   
   6  A_CBO        1.45068e-03     fixed    
   7  w_CBO        2.32989e+00     fixed    
   8  phi_CBO      1.87396e+00     fixed    
   9  ANx2         6.17909e-04   constant   
  10  pNx2         3.86483e+00   constant   
  11  ANy1         0.00000e+00   constant   
  12  pNy1         0.00000e+00   constant   
  13  w_y          0.00000e+00   constant   
  14  ANy2         1.61915e-04     fixed    
  15  pNy2         1.76471e+00   constant   
  16  w_vw         1.43097e+01   constant   
  17  LM          -1.37296e-04   constant   
  18  wCBO_expCoeff   2.04640e+02   1.17632e+01   7.55118e-03   9.38717e-04
  19  wCBO_expOffset   2.00696e+02   1.71424e+00   1.09963e-03   6.44630e-03
  20  wCBO_expT    2.98004e+01   2.18676e-01   1.52716e-04   8.34147e-02
  21  wCBO_linCoeff   0.00000e+00   constant   
  22  wCBO_const   6.89920e-04   7.16251e-04   3.81535e-06   2.01044e+00
 EXTERNAL ERROR MATRIX.    NDIM=  25    NPAR=  4    ERR DEF=1
  1.384e+02 -1.219e+01 -1.133e+00  1.096e-03 
 -1.219e+01  2.939e+00 -1.656e-01  1.600e-04 
 -1.133e+00 -1.656e-01  4.782e-02 -5.959e-05 
  1.096e-03  1.600e-04 -5.959e-05  5.130e-07 
ERR MATRIX NOT POS-DEF
 PARAMETER  CORRELATION COEFFICIENTS  
       NO.  GLOBAL     18     19     20     22
       18  0.99710   1.000 -0.604 -0.441  0.130
       19  0.99710  -0.604  1.000 -0.442  0.130
       20  0.99657  -0.441 -0.442  1.000 -0.380
       22  0.77525   0.130  0.130 -0.380  1.000
 ERR MATRIX NOT POS-DEF
MINUIT - FIT ONLY 2-y
 **********
 **   76 **RES 
 **********
                   PARAMETER   14  ANy2 RESTORED TO VARIABLE.
                   PARAMETER    8  phi_CBO RESTORED TO VARIABLE.
                   PARAMETER    7  w_CBO RESTORED TO VARIABLE.
                   PARAMETER    6  A_CBO RESTORED TO VARIABLE.
                   PARAMETER    4  phi RESTORED TO VARIABLE.
                   PARAMETER    3  A0 RESTORED TO VARIABLE.
                   PARAMETER    1  N0 RESTORED TO VARIABLE.
 **********
 **   77 **FIX            0
 **********
 PARAMETER    0  IS UNDEFINED. IGNORED.
 **********
 **   78 **FIX            1
 **********
 **********
 **   79 **FIX            2
 **********
 PARAMETER    2  IS CONSTANT.   IGNORED.
 **********
 **   80 **FIX            3
 **********
 **********
 **   81 **FIX            4
 **********
 **********
 **   82 **FIX            5
 **********
 PARAMETER    5  IS CONSTANT.   IGNORED.
 **********
 **   83 **FIX            6
 **********
 **********
 **   84 **FIX            7
 **********
 **********
 **   85 **FIX            8
 **********
 **********
 **   86 **FIX            9
 **********
 PARAMETER    9  IS CONSTANT.   IGNORED.
 **********
 **   87 **FIX           10
 **********
 PARAMETER   10  IS CONSTANT.   IGNORED.
 **********
 **   88 **FIX           11
 **********
 PARAMETER   11  IS CONSTANT.   IGNORED.
 **********
 **   89 **FIX           12
 **********
 PARAMETER   12  IS CONSTANT.   IGNORED.
 **********
 **   90 **FIX           16
 **********
 PARAMETER   16  IS CONSTANT.   IGNORED.
 **********
 **   91 **MIGRAD
 **********
 START MIGRAD MINIMIZATION.  STRATEGY  1.  CONVERGENCE WHEN EDM .LT. 1.00e-04
 FCN=295.659 FROM MIGRAD    STATUS=INITIATE       10 CALLS         695 TOTAL
                     EDM= unknown      STRATEGY= 1      NO ERROR MATRIX       
  EXT PARAMETER               CURRENT GUESS       STEP         FIRST   
  NO.   NAME      VALUE            ERROR          SIZE      DERIVATIVE 
   1  N0           2.99434e+06     fixed    
   2  tau          6.43993e+01   constant   
   3  A0           3.54716e-01     fixed    
   4  phi          4.12187e+00     fixed    
   5  R           -6.01693e+01   constant   
   6  A_CBO        1.45068e-03     fixed    
   7  w_CBO        2.32989e+00     fixed    
   8  phi_CBO      1.87396e+00     fixed    
   9  ANx2         6.17909e-04   constant   
  10  pNx2         3.86483e+00   constant   
  11  ANy1         0.00000e+00   constant   
  12  pNy1         0.00000e+00   constant   
  13  w_y          0.00000e+00   constant   
  14  ANy2         1.61915e-04   1.09040e-03   1.09040e-03   1.19261e-01
  15  pNy2         1.76471e+00   constant   
  16  w_vw         1.43097e+01   constant   
  17  LM          -1.37296e-04   constant   
  18  wCBO_expCoeff   2.04640e+02   1.17632e+01   7.55118e-03   9.44125e-04
  19  wCBO_expOffset   2.00696e+02   1.71424e+00   1.09963e-03   6.48572e-03
  20  wCBO_expT    2.98004e+01   2.18676e-01   1.52716e-04   8.36869e-02
  21  wCBO_linCoeff   0.00000e+00   constant   
  22  wCBO_const   6.89920e-04   7.16251e-04   3.81535e-06   2.01353e+00
 MIGRAD MINIMIZATION HAS CONVERGED.
 MIGRAD WILL VERIFY CONVERGENCE AND ERROR MATRIX.
 FCN=295.659 FROM MIGRAD    STATUS=CONVERGED      53 CALLS         738 TOTAL
                     EDM=3.1411e-05    STRATEGY= 1      ERR MATRIX NOT POS-DEF
  EXT PARAMETER                APPROXIMATE        STEP         FIRST   
  NO.   NAME      VALUE            ERROR          SIZE      DERIVATIVE 
   1  N0           2.99434e+06     fixed    
   2  tau          6.43993e+01   constant   
   3  A0           3.54716e-01     fixed    
   4  phi          4.12187e+00     fixed    
   5  R           -6.01693e+01   constant   
   6  A_CBO        1.45068e-03     fixed    
   7  w_CBO        2.32989e+00     fixed    
   8  phi_CBO      1.87396e+00     fixed    
   9  ANx2         6.17909e-04   constant   
  10  pNx2         3.86483e+00   constant   
  11  ANy1         0.00000e+00   constant   
  12  pNy1         0.00000e+00   constant   
  13  w_y          0.00000e+00   constant   
  14  ANy2         1.61894e-04   1.09078e-03   9.19856e-06   8.51583e-02
  15  pNy2         1.76471e+00   constant   
  16  w_vw         1.43097e+01   constant   
  17  LM          -1.37296e-04   constant   
  18  wCBO_expCoeff   2.04640e+02   1.17629e+01   7.55075e-03  -3.37536e-04
  19  wCBO_expOffset   2.00696e+02   1.71450e+00   1.09956e-03  -2.31777e-03
  20  wCBO_expT    2.98004e+01   2.18691e-01   1.52707e-04   1.99987e-02
  21  wCBO_linCoeff   0.00000e+00   constant   
  22  wCBO_const   6.89859e-04   7.16260e-04   3.81526e-06  -1.37742e-01
 EXTERNAL ERROR MATRIX.    NDIM=  25    NPAR=  5    ERR DEF=1
  1.190e-06  8.414e-06  1.232e-06 -2.797e-07 -1.162e-09 
  8.414e-06  1.384e+02 -1.219e+01 -1.133e+00  1.096e-03 
  1.232e-06 -1.219e+01  2.940e+00 -1.657e-01  1.601e-04 
 -2.797e-07 -1.133e+00 -1.657e-01  4.783e-02 -5.960e-05 
 -1.162e-09  1.096e-03  1.601e-04 -5.960e-05  5.130e-07 
ERR MATRIX NOT POS-DEF
 PARAMETER  CORRELATION COEFFICIENTS  
       NO.  GLOBAL     14     18     19     20     22
       14  0.00280   1.000  0.001  0.001 -0.001 -0.001
       18  0.99710   0.001  1.000 -0.604 -0.440  0.130
       19  0.99710   0.001 -0.604  1.000 -0.442  0.130
       20  0.99657  -0.001 -0.440 -0.442  1.000 -0.380
       22  0.77525  -0.001  0.130  0.130 -0.380  1.000
 ERR MATRIX NOT POS-DEF
MINUIT - FIT ALTOGETHER
 **********
 **   92 **RES 
 **********
                   PARAMETER    8  phi_CBO RESTORED TO VARIABLE.
                   PARAMETER    7  w_CBO RESTORED TO VARIABLE.
                   PARAMETER    6  A_CBO RESTORED TO VARIABLE.
                   PARAMETER    4  phi RESTORED TO VARIABLE.
                   PARAMETER    3  A0 RESTORED TO VARIABLE.
                   PARAMETER    1  N0 RESTORED TO VARIABLE.
 **********
