 + ++++++++++++++++++++++++++++++++++++++++++++++++++++++++++++++++++++ +
 +                                                                      +
 +           You have chose to blind your fitting according to          +
 +                omega_ref * (1 + (R +/- deltaR) *10^{-6})             +
 +                                                                      +
 + ++++++++++++++++++++++++++++++++++++++++++++++++++++++++++++++++++++ +
In main()...
reading format from /gm2data/zkhechad/run45/envelope/formats/formatB_sBin_constraintOn.txt
pBinTau 	= 0  
pBinPhi 	= 0  
constraintau 	= 1 
includeMopTerm 	= 0    
constrainMop    = 0   
Parameters after format file: pBinTau 0 pBinPhi 0 constraintau 1 includeMopTerm 0 constrainMop 0 c_e_scale 0.000000 
reading cbo reference file (full fit) from /gm2data/zkhechad/cboTemplates/Run4CBOTemplates/fullFits/run4/sBin_constraintOn_cE0.0_seed0_run4_calo23.root
A_CBO 0.010020 w_CBO 2.326571 phi_CBO 3.324358 N0 2994604.828788 R -61.069952 tau 64.405626 
Reading cboRef file /gm2data/zkhechad/cboTemplates/Run4CBOTemplates//cboIsolate/run4_calo23.root
deltaT 164.120000
windowBins = 1100
fitting sliding window 2440 from bin 2643 at 394.335600 to bin 3743 at 558.455600 (1100 bins)

Reading data from /gm2data/cornell/histograms/aMethod/histogram_a_run4.root
fitting cbo isolate
 **********
 **    1 **SET PRINTOUT            1
 **********
 **********
 **    2 **SET NOWARNINGS 
 **********
 PARAMETER DEFINITIONS:
    NO.   NAME         VALUE      STEP SIZE      LIMITS
     1 A_CBO        1.00201e-02  1.00000e-05     no limits
     2 w_CBO        2.32657e+00  1.00000e-02    2.00000e+00  3.00000e+00
     3 phi_CBO      3.32436e+00  1.00000e-02    0.00000e+00  6.28319e+00
 **********
 **    3 **MIGRAD
 **********
 FIRST CALL TO USER FUNCTION AT NEW START POINT, WITH IFLAG=4.
 START MIGRAD MINIMIZATION.  STRATEGY  1.  CONVERGENCE WHEN EDM .LT. 1.00e-04
 FCN=0.344418 FROM MIGRAD    STATUS=INITIATE       12 CALLS          13 TOTAL
                     EDM= unknown      STRATEGY= 1      NO ERROR MATRIX       
  EXT PARAMETER               CURRENT GUESS       STEP         FIRST   
  NO.   NAME      VALUE            ERROR          SIZE      DERIVATIVE 
   1  A_CBO        1.00201e-02   1.00000e-05   1.00000e-05   8.65513e+00
   2  w_CBO        2.32657e+00   1.00000e-02   2.13261e-02   2.10335e+00
   3  phi_CBO      3.32436e+00   1.00000e-02   3.18850e-03  -2.80224e-02
 MIGRAD MINIMIZATION HAS CONVERGED.
 MIGRAD WILL VERIFY CONVERGENCE AND ERROR MATRIX.
 COVARIANCE MATRIX CALCULATED SUCCESSFULLY
 FCN=0.310083 FROM HESSE     STATUS=OK             16 CALLS          59 TOTAL
                     EDM=6.96745e-05    STRATEGY= 1      ERROR MATRIX ACCURATE 
  EXT PARAMETER                                   STEP         FIRST   
  NO.   NAME      VALUE            ERROR          SIZE      DERIVATIVE 
   1  A_CBO        2.30909e-03   4.40234e-02   2.37882e-05  -2.52786e-02
   2  w_CBO        2.32619e+00   3.52419e-01   4.81924e-05   4.08661e-02
   3  phi_CBO      3.48512e+00   4.47293e+00   3.50529e-03  -3.01120e-04
 MIGRAD MINIMIZATION HAS CONVERGED.
 FCN=0.310016 FROM MIGRAD    STATUS=CONVERGED      65 CALLS          66 TOTAL
                     EDM=4.9517e-06    STRATEGY= 1  ERROR MATRIX UNCERTAINTY   0.9 per cent
  EXT PARAMETER                                   STEP         FIRST   
  NO.   NAME      VALUE            ERROR          SIZE      DERIVATIVE 
   1  A_CBO        2.42546e-03   4.13637e-02   1.16361e-04   7.28988e-02
   2  w_CBO        2.32289e+00   3.43948e-01  -7.04507e-03  -3.02840e-02
   3  phi_CBO      1.93691e+00   5.25307e+00  -5.03111e-01   3.98417e-04
 EXTERNAL ERROR MATRIX.    NDIM=  25    NPAR=  3    ERR DEF=1
  1.711e-03 -1.694e-03 -8.006e-01 
 -1.694e-03  1.494e-01  6.763e+01 
 -8.006e-01  6.763e+01  3.090e+04 
 PARAMETER  CORRELATION COEFFICIENTS  
       NO.  GLOBAL      1      2      3
        1  0.11662   1.000 -0.106 -0.110
        2  0.99550  -0.106  1.000  0.995
        3  0.99551  -0.110  0.995  1.000
setting A_CBO=0.002425 w_CBO=2.322888, phi_CBO=1.936910
done fitting cbo isolate
 **********
 **    1 **SET PRINTOUT            1
 **********
 **********
 **    2 **SET NOWARNINGS 
 **********
 PARAMETER DEFINITIONS:
    NO.   NAME         VALUE      STEP SIZE      LIMITS
     1 N0           2.99460e+06  1.00000e+02     no limits
     2 tau          6.44056e+01  constant
     3 A0           3.43521e-01  1.00000e-04     no limits
     4 phi          4.11984e+00  1.00000e-02     no limits
     5 R           -6.10700e+01  constant
     6 A_CBO        2.42546e-03  1.00000e-05     no limits
     7 w_CBO        2.32289e+00  1.00000e-03     no limits
     8 phi_CBO      1.93691e+00  1.00000e-04     no limits
     9 ANx2         5.14298e-04  constant
    10 pNx2         2.57364e+00  constant
    11 ANy1         0.00000e+00  constant
    12 pNy1         0.00000e+00  constant
    13 w_y          0.00000e+00  constant
    14 ANy2         1.38778e-02  1.00000e-04     no limits
    15 pNy2         3.40463e+00  constant
    16 w_vw         1.43028e+01  constant
    17 LM           2.35248e-05  constant
    18 wCBO_expCoeff   2.00000e+02  1.00000e+00     no limits
    19 wCBO_expOffset   2.00000e+02  1.00000e+00     no limits
    20 wCBO_expT    3.00000e+01  1.00000e+00     no limits
    21 wCBO_linCoeff   0.00000e+00  constant
    22 wCBO_const   0.00000e+00  1.00000e-02     no limits
MINUIT - FIT ONLY WIGGLE
 **********
 **    3 **FIX            5
 **********
 PARAMETER    5  IS CONSTANT.   IGNORED.
 **********
 **    4 **FIX            6
 **********
 **********
 **    5 **FIX            7
 **********
 **********
 **    6 **FIX            8
 **********
 **********
 **    7 **FIX            9
 **********
 PARAMETER    9  IS CONSTANT.   IGNORED.
 **********
 **    8 **FIX           10
 **********
 PARAMETER   10  IS CONSTANT.   IGNORED.
 **********
 **    9 **FIX           11
 **********
 PARAMETER   11  IS CONSTANT.   IGNORED.
 **********
 **   10 **FIX           12
 **********
 PARAMETER   12  IS CONSTANT.   IGNORED.
 **********
 **   11 **FIX           13
 **********
 PARAMETER   13  IS CONSTANT.   IGNORED.
 **********
 **   12 **FIX           14
 **********
 **********
 **   13 **FIX           15
 **********
 PARAMETER   15  IS CONSTANT.   IGNORED.
 **********
 **   14 **FIX           16
 **********
 PARAMETER   16  IS CONSTANT.   IGNORED.
 **********
 **   15 **MIGRAD
 **********
 FIRST CALL TO USER FUNCTION AT NEW START POINT, WITH IFLAG=4.
 START MIGRAD MINIMIZATION.  STRATEGY  1.  CONVERGENCE WHEN EDM .LT. 1.00e-04
 FCN=473.097 FROM MIGRAD    STATUS=INITIATE       57 CALLS          58 TOTAL
                     EDM= unknown      STRATEGY= 1      NO ERROR MATRIX       
  EXT PARAMETER               CURRENT GUESS       STEP         FIRST   
  NO.   NAME      VALUE            ERROR          SIZE      DERIVATIVE 
   1  N0           2.99460e+06   1.00000e+02   0.00000e+00   4.89315e-04
   2  tau          6.44056e+01   constant   
   3  A0           3.43521e-01   1.00000e-04   0.00000e+00   4.62214e+02
   4  phi          4.11984e+00   1.00000e-02   0.00000e+00  -1.34225e+02
   5  R           -6.10700e+01   constant   
   6  A_CBO        2.42546e-03     fixed    
   7  w_CBO        2.32289e+00     fixed    
   8  phi_CBO      1.93691e+00     fixed    
   9  ANx2         5.14298e-04   constant   
  10  pNx2         2.57364e+00   constant   
  11  ANy1         0.00000e+00   constant   
  12  pNy1         0.00000e+00   constant   
  13  w_y          0.00000e+00   constant   
  14  ANy2         1.38778e-02     fixed    
  15  pNy2         3.40463e+00   constant   
  16  w_vw         1.43028e+01   constant   
  17  LM           2.35248e-05   constant   
  18  wCBO_expCoeff   2.00000e+02   1.00000e+00   0.00000e+00  -1.08520e-01
  19  wCBO_expOffset   2.00000e+02   1.00000e+00   0.00000e+00  -7.23465e-01
  20  wCBO_expT    3.00000e+01   1.00000e+00   0.00000e+00  -5.34381e+00
  21  wCBO_linCoeff   0.00000e+00   constant   
  22  wCBO_const  -3.77598e-04   1.00000e-02  -3.77598e-04   2.08239e+01
 MIGRAD MINIMIZATION HAS CONVERGED.
 FCN=471.658 FROM MIGRAD    STATUS=CONVERGED     273 CALLS         274 TOTAL
                     EDM=9.77501e-06    STRATEGY= 1  ERROR MATRIX UNCERTAINTY   1.0 per cent
  EXT PARAMETER                                   STEP         FIRST   
  NO.   NAME      VALUE            ERROR          SIZE      DERIVATIVE 
   1  N0           2.99286e+06   1.90351e+03  -1.17899e+01   1.98609e-06
   2  tau          6.44056e+01   constant   
   3  A0           3.43661e-01   9.87074e-04  -1.16356e-06  -1.35871e+00
   4  phi          4.12167e+00   2.88224e-03  -1.30773e-06   1.43399e+00
   5  R           -6.10700e+01   constant   
   6  A_CBO        2.42546e-03     fixed    
   7  w_CBO        2.32289e+00     fixed    
   8  phi_CBO      1.93691e+00     fixed    
   9  ANx2         5.14298e-04   constant   
  10  pNx2         2.57364e+00   constant   
  11  ANy1         0.00000e+00   constant   
  12  pNy1         0.00000e+00   constant   
  13  w_y          0.00000e+00   constant   
  14  ANy2         1.38778e-02     fixed    
  15  pNy2         3.40463e+00   constant   
  16  w_vw         1.43028e+01   constant   
  17  LM           2.35248e-05   constant   
  18  wCBO_expCoeff   2.00445e+02   1.41321e+00  -7.74770e-03  -1.58907e-03
  19  wCBO_expOffset   2.00980e+02   4.52419e+00   1.43725e-02  -1.06466e-02
  20  wCBO_expT    2.99071e+01   6.61725e-01  -2.62018e-03  -7.17648e-02
  21  wCBO_linCoeff   0.00000e+00   constant   
  22  wCBO_const  -2.91975e-03   1.43643e-03   1.23988e-05  -2.06519e+00
 EXTERNAL ERROR MATRIX.    NDIM=  25    NPAR=  7    ERR DEF=1
  3.623e+06  4.316e-02  2.448e-02  1.681e+03 -9.479e+02  1.053e+02 -1.416e-02 
  4.316e-02  9.743e-07  6.775e-09 -1.124e-04  6.352e-04 -9.830e-05  2.358e-07 
  2.448e-02  6.775e-09  8.307e-06  1.240e-04 -5.570e-04  8.932e-05 -4.115e-07 
  1.681e+03 -1.124e-04  1.240e-04  1.997e+00 -4.640e+00  6.560e-01 -9.177e-04 
 -9.479e+02  6.352e-04 -5.570e-04 -4.640e+00  2.047e+01 -2.988e+00  4.451e-03 
  1.053e+02 -9.830e-05  8.932e-05  6.560e-01 -2.988e+00  4.379e-01 -6.782e-04 
 -1.416e-02  2.358e-07 -4.115e-07 -9.177e-04  4.451e-03 -6.782e-04  2.063e-06 
 PARAMETER  CORRELATION COEFFICIENTS  
       NO.  GLOBAL      1      3      4     18     19     20     22
        1  0.80065   1.000  0.023  0.004  0.625 -0.110  0.084 -0.005
        3  0.21030   0.023  1.000  0.002 -0.081  0.142 -0.150  0.166
        4  0.10834   0.004  0.002  1.000  0.030 -0.043  0.047 -0.099
       18  0.93327   0.625 -0.081  0.030  1.000 -0.726  0.701 -0.452
       19  0.99944  -0.110  0.142 -0.043 -0.726  1.000 -0.998  0.685
       20  0.99945   0.084 -0.150  0.047  0.701 -0.998  1.000 -0.714
       22  0.87933  -0.005  0.166 -0.099 -0.452  0.685 -0.714  1.000
MINUIT - FIT ONLY 1-CBO + other amplitudes 
 **********
 **   16 **RES 
 **********
                   PARAMETER   14  ANy2 RESTORED TO VARIABLE.
                   PARAMETER    8  phi_CBO RESTORED TO VARIABLE.
                   PARAMETER    7  w_CBO RESTORED TO VARIABLE.
                   PARAMETER    6  A_CBO RESTORED TO VARIABLE.
 **********
 **   17 **FIX            0
 **********
 PARAMETER    0  IS UNDEFINED. IGNORED.
 **********
 **   18 **FIX            1
 **********
 **********
 **   19 **FIX            2
 **********
 PARAMETER    2  IS CONSTANT.   IGNORED.
 **********
 **   20 **FIX            3
 **********
 **********
 **   21 **FIX            4
 **********
 **********
 **   22 **FIX            9
 **********
 PARAMETER    9  IS CONSTANT.   IGNORED.
 **********
 **   23 **FIX           11
 **********
 PARAMETER   11  IS CONSTANT.   IGNORED.
 **********
 **   24 **FIX           12
 **********
 PARAMETER   12  IS CONSTANT.   IGNORED.
 **********
 **   25 **FIX           14
 **********
 **********
 **   26 **FIX           15
 **********
 PARAMETER   15  IS CONSTANT.   IGNORED.
 **********
 **   27 **FIX           16
 **********
 PARAMETER   16  IS CONSTANT.   IGNORED.
 **********
 **   28 **MIGRAD
 **********
 START MIGRAD MINIMIZATION.  STRATEGY  1.  CONVERGENCE WHEN EDM .LT. 1.00e-04
 FCN=471.658 FROM MIGRAD    STATUS=INITIATE       20 CALLS         294 TOTAL
                     EDM= unknown      STRATEGY= 1      NO ERROR MATRIX       
  EXT PARAMETER               CURRENT GUESS       STEP         FIRST   
  NO.   NAME      VALUE            ERROR          SIZE      DERIVATIVE 
   1  N0           2.99286e+06     fixed    
   2  tau          6.44056e+01   constant   
   3  A0           3.43661e-01     fixed    
   4  phi          4.12167e+00     fixed    
   5  R           -6.10700e+01   constant   
   6  A_CBO        2.42546e-03   1.00000e-05   1.00000e-05   4.07921e+03
   7  w_CBO        2.32289e+00   1.00000e-03   1.00000e-03  -1.02282e+00
   8  phi_CBO      1.93691e+00   1.00000e-04   1.00000e-04  -1.27333e+00
   9  ANx2         5.14298e-04   constant   
  10  pNx2         2.57364e+00   constant   
  11  ANy1         0.00000e+00   constant   
  12  pNy1         0.00000e+00   constant   
  13  w_y          0.00000e+00   constant   
  14  ANy2         1.38778e-02     fixed    
  15  pNy2         3.40463e+00   constant   
  16  w_vw         1.43028e+01   constant   
  17  LM           2.35248e-05   constant   
  18  wCBO_expCoeff   2.00445e+02   1.41321e+00  -7.74770e-03  -1.58846e-03
  19  wCBO_expOffset   2.00980e+02   4.52419e+00   1.43725e-02  -1.06425e-02
  20  wCBO_expT    2.99071e+01   6.61725e-01  -2.62018e-03  -7.17381e-02
  21  wCBO_linCoeff   0.00000e+00   constant   
  22  wCBO_const  -2.91975e-03   1.43643e-03   1.23988e-05  -2.06513e+00
 MIGRAD MINIMIZATION HAS CONVERGED.
 MIGRAD WILL VERIFY CONVERGENCE AND ERROR MATRIX.
 FCN=466.949 FROM MIGRAD    STATUS=CONVERGED     253 CALLS         527 TOTAL
                     EDM=6.10779e-06    STRATEGY= 1      ERR MATRIX NOT POS-DEF
  EXT PARAMETER                APPROXIMATE        STEP         FIRST   
  NO.   NAME      VALUE            ERROR          SIZE      DERIVATIVE 
   1  N0           2.99286e+06     fixed    
   2  tau          6.44056e+01   constant   
   3  A0           3.43661e-01     fixed    
   4  phi          4.12167e+00     fixed    
   5  R           -6.10700e+01   constant   
   6  A_CBO        5.09798e-04   1.05319e-03   1.10554e-05   9.28766e-01
   7  w_CBO        2.32214e+00   1.26472e-02   1.28264e-05  -1.56030e+00
   8  phi_CBO      3.28308e+00   2.21660e+00   2.06700e-02  -9.34056e-04
   9  ANx2         5.14298e-04   constant   
  10  pNx2         2.57364e+00   constant   
  11  ANy1         0.00000e+00   constant   
  12  pNy1         0.00000e+00   constant   
  13  w_y          0.00000e+00   constant   
  14  ANy2         1.38778e-02     fixed    
  15  pNy2         3.40463e+00   constant   
  16  w_vw         1.43028e+01   constant   
  17  LM           2.35248e-05   constant   
  18  wCBO_expCoeff   1.97975e+02   1.17605e+01   1.06822e-02  -1.28382e-03
  19  wCBO_expOffset   2.00610e+02   1.78672e+00   1.62147e-03  -8.45890e-03
  20  wCBO_expT    3.00464e+01   2.35888e-01   2.34056e-04  -6.71267e-02
  21  wCBO_linCoeff   0.00000e+00   constant   
  22  wCBO_const  -3.05797e-03   5.42621e-03   5.93664e-06  -3.37937e+00
 EXTERNAL ERROR MATRIX.    NDIM=  25    NPAR=  7    ERR DEF=1
  1.109e-06 -7.110e-08  1.592e-04  1.296e-04  1.988e-05 -1.080e-06 -4.880e-08 
 -7.110e-08  1.600e-04 -3.855e-04 -2.778e-03 -4.319e-04 -2.071e-04 -6.758e-05 
  1.592e-04 -3.855e-04  4.913e+00 -1.573e-02 -1.564e-03  3.656e-02 -2.021e-04 
  1.296e-04 -2.778e-03 -1.573e-02  1.383e+02 -1.325e+01 -1.168e+00  3.470e-03 
  1.988e-05 -4.319e-04 -1.564e-03 -1.325e+01  3.192e+00 -1.782e-01  5.324e-04 
 -1.080e-06 -2.071e-04  3.656e-02 -1.168e+00 -1.782e-01  5.564e-02 -3.983e-05 
 -4.880e-08 -6.758e-05 -2.021e-04  3.470e-03  5.324e-04 -3.983e-05  2.944e-05 
ERR MATRIX NOT POS-DEF
 PARAMETER  CORRELATION COEFFICIENTS  
       NO.  GLOBAL      6      7      8     18     19     20     22
        6  0.13144   1.000 -0.005  0.068  0.010  0.011 -0.004 -0.009
        7  0.99540  -0.005  1.000 -0.014 -0.019 -0.019 -0.069 -0.985
        8  0.47867   0.068 -0.014  1.000 -0.001 -0.000  0.070 -0.017
       18  0.99632   0.010 -0.019 -0.001  1.000 -0.631 -0.421  0.054
       19  0.99633   0.011 -0.019 -0.000 -0.631  1.000 -0.423  0.055
       20  0.99561  -0.004 -0.069  0.070 -0.421 -0.423  1.000 -0.031
       22  0.99465  -0.009 -0.985 -0.017  0.054  0.055 -0.031  1.000
 ERR MATRIX NOT POS-DEF
MINUIT - FIT ONLY 1-CBO
 **********
 **   29 **RES 
 **********
                   PARAMETER   14  ANy2 RESTORED TO VARIABLE.
                   PARAMETER    4  phi RESTORED TO VARIABLE.
                   PARAMETER    3  A0 RESTORED TO VARIABLE.
                   PARAMETER    1  N0 RESTORED TO VARIABLE.
 **********
 **   30 **FIX            0
 **********
 PARAMETER    0  IS UNDEFINED. IGNORED.
 **********
 **   31 **FIX            1
 **********
 **********
 **   32 **FIX            2
 **********
 PARAMETER    2  IS CONSTANT.   IGNORED.
 **********
 **   33 **FIX            3
 **********
 **********
 **   34 **FIX            4
 **********
 **********
 **   35 **FIX            8
 **********
 **********
 **   36 **FIX            9
 **********
 PARAMETER    9  IS CONSTANT.   IGNORED.
 **********
 **   37 **FIX           11
 **********
 PARAMETER   11  IS CONSTANT.   IGNORED.
 **********
 **   38 **FIX           12
 **********
 PARAMETER   12  IS CONSTANT.   IGNORED.
 **********
 **   39 **FIX           13
 **********
 PARAMETER   13  IS CONSTANT.   IGNORED.
 **********
 **   40 **FIX           15
 **********
 PARAMETER   15  IS CONSTANT.   IGNORED.
 **********
 **   41 **FIX           16
 **********
 PARAMETER   16  IS CONSTANT.   IGNORED.
 **********
 **   42 **MIGRAD
 **********
 START MIGRAD MINIMIZATION.  STRATEGY  1.  CONVERGENCE WHEN EDM .LT. 1.00e-04
 FCN=466.949 FROM MIGRAD    STATUS=INITIATE       16 CALLS         543 TOTAL
                     EDM= unknown      STRATEGY= 1      NO ERROR MATRIX       
  EXT PARAMETER               CURRENT GUESS       STEP         FIRST   
  NO.   NAME      VALUE            ERROR          SIZE      DERIVATIVE 
   1  N0           2.99286e+06     fixed    
   2  tau          6.44056e+01   constant   
   3  A0           3.43661e-01     fixed    
   4  phi          4.12167e+00     fixed    
   5  R           -6.10700e+01   constant   
   6  A_CBO        5.09798e-04   1.05319e-03   1.10554e-05   9.28766e-01
   7  w_CBO        2.32214e+00   1.26472e-02   1.28264e-05  -1.56002e+00
   8  phi_CBO      3.28308e+00     fixed    
   9  ANx2         5.14298e-04   constant   
  10  pNx2         2.57364e+00   constant   
  11  ANy1         0.00000e+00   constant   
  12  pNy1         0.00000e+00   constant   
  13  w_y          0.00000e+00   constant   
  14  ANy2         1.38778e-02   1.00000e-04   1.00000e-04   2.51021e+04
  15  pNy2         3.40463e+00   constant   
  16  w_vw         1.43028e+01   constant   
  17  LM           2.35248e-05   constant   
  18  wCBO_expCoeff   1.97975e+02   1.17605e+01   1.06822e-02  -1.28174e-03
  19  wCBO_expOffset   2.00610e+02   1.78672e+00   1.62147e-03  -8.44163e-03
  20  wCBO_expT    3.00464e+01   2.35888e-01   2.34056e-04  -6.70974e-02
  21  wCBO_linCoeff   0.00000e+00   constant   
  22  wCBO_const  -3.05797e-03   5.42621e-03   5.93664e-06  -3.37836e+00
 MIGRAD MINIMIZATION HAS CONVERGED.
 MIGRAD WILL VERIFY CONVERGENCE AND ERROR MATRIX.
 FCN=303.201 FROM HESSE     STATUS=NOT POSDEF     50 CALLS         660 TOTAL
                     EDM=0.00044089    STRATEGY= 1      ERR MATRIX NOT POS-DEF
  EXT PARAMETER                APPROXIMATE        STEP         FIRST   
  NO.   NAME      VALUE            ERROR          SIZE      DERIVATIVE 
   1  N0           2.99286e+06     fixed    
   2  tau          6.44056e+01   constant   
   3  A0           3.43661e-01     fixed    
   4  phi          4.12167e+00     fixed    
   5  R           -6.10700e+01   constant   
   6  A_CBO        4.98466e-04   1.04980e-03   8.91233e-06   1.27635e+00
   7  w_CBO        2.32212e+00   1.18539e-02   9.72463e-06  -3.56299e-01
   8  phi_CBO      3.28308e+00     fixed    
   9  ANx2         5.14298e-04   constant   
  10  pNx2         2.57364e+00   constant   
  11  ANy1         0.00000e+00   constant   
  12  pNy1         0.00000e+00   constant   
  13  w_y          0.00000e+00   constant   
  14  ANy2         8.31372e-04   1.01690e-03   8.68251e-06   7.53249e-03
  15  pNy2         3.40463e+00   constant   
  16  w_vw         1.43028e+01   constant   
  17  LM           2.35248e-05   constant   
  18  wCBO_expCoeff   1.98010e+02   9.09957e+00   6.49691e-03  -1.09896e-03
  19  wCBO_expOffset   2.00616e+02   1.38170e+00   9.85881e-04  -7.24207e-03
  20  wCBO_expT    3.00469e+01   1.91152e-01   1.46661e-04   1.72163e-01
  21  wCBO_linCoeff   0.00000e+00   constant   
  22  wCBO_const  -3.07132e-03   5.08498e-03   4.59497e-06  -6.11603e-01
 MIGRAD MINIMIZATION HAS CONVERGED.
 MIGRAD WILL VERIFY CONVERGENCE AND ERROR MATRIX.
 FCN=303.198 FROM MIGRAD    STATUS=CONVERGED     215 CALLS         742 TOTAL
                     EDM=7.03422e-09    STRATEGY= 1      ERR MATRIX NOT POS-DEF
  EXT PARAMETER                APPROXIMATE        STEP         FIRST   
  NO.   NAME      VALUE            ERROR          SIZE      DERIVATIVE 
   1  N0           2.99286e+06     fixed    
   2  tau          6.44056e+01   constant   
   3  A0           3.43661e-01     fixed    
   4  phi          4.12167e+00     fixed    
   5  R           -6.10700e+01   constant   
   6  A_CBO        4.97148e-04   1.05029e-03   8.91883e-06  -8.59129e-02
   7  w_CBO        2.32222e+00   1.22321e-02   9.72711e-06  -1.51222e-02
   8  phi_CBO      3.28308e+00     fixed    
   9  ANx2         5.14298e-04   constant   
  10  pNx2         2.57364e+00   constant   
  11  ANy1         0.00000e+00   constant   
  12  pNy1         0.00000e+00   constant   
  13  w_y          0.00000e+00   constant   
  14  ANy2         8.31268e-04   1.01710e-03   8.68247e-06  -4.65944e-03
  15  pNy2         3.40463e+00   constant   
  16  w_vw         1.43028e+01   constant   
  17  LM           2.35248e-05   constant   
  18  wCBO_expCoeff   1.98493e+02   9.06031e+00   6.46430e-03  -5.67024e-05
  19  wCBO_expOffset   2.00690e+02   1.37121e+00   9.77814e-04  -3.74775e-04
  20  wCBO_expT    3.00236e+01   1.90874e-01   1.45412e-04  -2.15561e-03
  21  wCBO_linCoeff   0.00000e+00   constant   
  22  wCBO_const  -3.05824e-03   5.24645e-03   4.60265e-06  -2.39092e-02
 EXTERNAL ERROR MATRIX.    NDIM=  25    NPAR=  7    ERR DEF=1
  1.103e-06 -6.269e-08  1.766e-09  2.456e-05  3.765e-06  1.618e-06 -3.450e-08 
 -6.269e-08  1.496e-04 -6.129e-10 -3.077e-03 -4.714e-04 -1.697e-04 -6.325e-05 
  1.766e-09 -6.129e-10  1.034e-06 -3.452e-06 -5.242e-07  1.052e-07  4.226e-10 
  2.456e-05 -3.077e-03 -3.452e-06  8.209e+01 -7.533e+00 -7.528e-01  2.961e-03 
  3.765e-06 -4.714e-04 -5.242e-07 -7.533e+00  1.880e+00 -1.142e-01  4.510e-04 
  1.618e-06 -1.697e-04  1.052e-07 -7.528e-01 -1.142e-01  3.643e-02 -2.050e-05 
 -3.450e-08 -6.325e-05  4.226e-10  2.961e-03  4.510e-04 -2.050e-05  2.753e-05 
ERR MATRIX NOT POS-DEF
 PARAMETER  CORRELATION COEFFICIENTS  
       NO.  GLOBAL      6      7     14     18     19     20     22
        6  0.10222   1.000 -0.005  0.002  0.003  0.003  0.008 -0.006
        7  0.99565  -0.005  1.000 -0.000 -0.028 -0.028 -0.073 -0.986
       14  0.00347   0.002 -0.000  1.000 -0.000 -0.000  0.001  0.000
       18  0.99651   0.003 -0.028 -0.000  1.000 -0.606 -0.435  0.062
       19  0.99651   0.003 -0.028 -0.000 -0.606  1.000 -0.436  0.063
       20  0.99601   0.008 -0.073  0.001 -0.435 -0.436  1.000 -0.020
       22  0.99471  -0.006 -0.986  0.000  0.062  0.063 -0.020  1.000
 ERR MATRIX NOT POS-DEF
MINUIT - FIT ONLY 2-CBO
 **********
 **   43 **RES 
 **********
                   PARAMETER    8  phi_CBO RESTORED TO VARIABLE.
                   PARAMETER    4  phi RESTORED TO VARIABLE.
                   PARAMETER    3  A0 RESTORED TO VARIABLE.
                   PARAMETER    1  N0 RESTORED TO VARIABLE.
 **********
 **   44 **FIX            0
 **********
 PARAMETER    0  IS UNDEFINED. IGNORED.
 **********
 **   45 **FIX            1
 **********
 **********
 **   46 **FIX            2
 **********
 PARAMETER    2  IS CONSTANT.   IGNORED.
 **********
 **   47 **FIX            3
 **********
 **********
 **   48 **FIX            4
 **********
 **********
 **   49 **FIX            5
 **********
 PARAMETER    5  IS CONSTANT.   IGNORED.
 **********
 **   50 **FIX            6
 **********
 **********
 **   51 **FIX            7
 **********
 **********
 **   52 **FIX           10
 **********
 PARAMETER   10  IS CONSTANT.   IGNORED.
 **********
 **   53 **FIX           11
 **********
 PARAMETER   11  IS CONSTANT.   IGNORED.
 **********
 **   54 **FIX           12
 **********
 PARAMETER   12  IS CONSTANT.   IGNORED.
 **********
 **   55 **FIX           13
 **********
 PARAMETER   13  IS CONSTANT.   IGNORED.
 **********
 **   56 **FIX           14
 **********
 **********
 **   57 **FIX           15
 **********
 PARAMETER   15  IS CONSTANT.   IGNORED.
 **********
 **   58 **FIX           16
 **********
 PARAMETER   16  IS CONSTANT.   IGNORED.
 **********
 **   59 **MIGRAD
 **********
 START MIGRAD MINIMIZATION.  STRATEGY  1.  CONVERGENCE WHEN EDM .LT. 1.00e-04
 FCN=303.198 FROM MIGRAD    STATUS=INITIATE       10 CALLS         752 TOTAL
                     EDM= unknown      STRATEGY= 1      NO ERROR MATRIX       
  EXT PARAMETER               CURRENT GUESS       STEP         FIRST   
  NO.   NAME      VALUE            ERROR          SIZE      DERIVATIVE 
   1  N0           2.99286e+06     fixed    
   2  tau          6.44056e+01   constant   
   3  A0           3.43661e-01     fixed    
   4  phi          4.12167e+00     fixed    
   5  R           -6.10700e+01   constant   
   6  A_CBO        4.97148e-04     fixed    
   7  w_CBO        2.32222e+00     fixed    
   8  phi_CBO      3.28308e+00   2.21660e+00   2.21660e+00   2.64516e-02
   9  ANx2         5.14298e-04   constant   
  10  pNx2         2.57364e+00   constant   
  11  ANy1         0.00000e+00   constant   
  12  pNy1         0.00000e+00   constant   
  13  w_y          0.00000e+00   constant   
  14  ANy2         8.31268e-04     fixed    
  15  pNy2         3.40463e+00   constant   
  16  w_vw         1.43028e+01   constant   
  17  LM           2.35248e-05   constant   
  18  wCBO_expCoeff   1.98493e+02   9.06031e+00   6.46430e-03  -5.50764e-05
  19  wCBO_expOffset   2.00690e+02   1.37121e+00   9.77814e-04  -3.61706e-04
  20  wCBO_expT    3.00236e+01   1.90874e-01   1.45412e-04  -2.13124e-03
  21  wCBO_linCoeff   0.00000e+00   constant   
  22  wCBO_const  -3.05824e-03   5.24645e-03   4.60265e-06  -2.37254e-02
 MIGRAD MINIMIZATION HAS CONVERGED.
 MIGRAD WILL VERIFY CONVERGENCE AND ERROR MATRIX.
 FCN=303.197 FROM MIGRAD    STATUS=CONVERGED      78 CALLS         820 TOTAL
                     EDM=2.74628e-05    STRATEGY= 1      ERR MATRIX NOT POS-DEF
  EXT PARAMETER                APPROXIMATE        STEP         FIRST   
  NO.   NAME      VALUE            ERROR          SIZE      DERIVATIVE 
   1  N0           2.99286e+06     fixed    
   2  tau          6.44056e+01   constant   
   3  A0           3.43661e-01     fixed    
   4  phi          4.12167e+00     fixed    
   5  R           -6.10700e+01   constant   
   6  A_CBO        4.97148e-04     fixed    
   7  w_CBO        2.32222e+00     fixed    
   8  phi_CBO      3.22342e+00   2.14028e+00   1.70561e-02  -3.40843e-06
   9  ANx2         5.14298e-04   constant   
  10  pNx2         2.57364e+00   constant   
  11  ANy1         0.00000e+00   constant   
  12  pNy1         0.00000e+00   constant   
  13  w_y          0.00000e+00   constant   
  14  ANy2         8.31268e-04     fixed    
  15  pNy2         3.40463e+00   constant   
  16  w_vw         1.43028e+01   constant   
  17  LM           2.35248e-05   constant   
  18  wCBO_expCoeff   1.98490e+02   9.79759e+00   6.45720e-03  -2.86598e-04
  19  wCBO_expOffset   2.00689e+02   1.48294e+00   9.76710e-04  -1.89464e-03
  20  wCBO_expT    3.00236e+01   2.04457e-01   1.45240e-04   2.43966e-02
  21  wCBO_linCoeff   0.00000e+00   constant   
  22  wCBO_const  -3.05678e-03   9.08031e-04   4.60426e-06   4.25749e-02
 EXTERNAL ERROR MATRIX.    NDIM=  25    NPAR=  5    ERR DEF=1
  4.581e+00 -9.546e-01 -1.446e-01  6.141e-02 -2.494e-04 
 -9.546e-01  9.599e+01 -8.963e+00 -8.685e-01  1.955e-03 
 -1.446e-01 -8.963e+00  2.199e+00 -1.318e-01  2.965e-04 
  6.141e-02 -8.685e-01 -1.318e-01  4.180e-02 -1.071e-04 
 -2.494e-04  1.955e-03  2.965e-04 -1.071e-04  8.245e-07 
ERR MATRIX NOT POS-DEF
 PARAMETER  CORRELATION COEFFICIENTS  
       NO.  GLOBAL      8     18     19     20     22
        8  0.35723   1.000 -0.046 -0.046  0.140 -0.128
       18  0.99701  -0.046  1.000 -0.617 -0.434  0.220
       19  0.99702  -0.046 -0.617  1.000 -0.435  0.220
       20  0.99653   0.140 -0.434 -0.435  1.000 -0.577
       22  0.80439  -0.128  0.220  0.220 -0.577  1.000
 ERR MATRIX NOT POS-DEF
MINUIT - FIT ONLY 1-y
 **********
 **   60 **RES 
 **********
                   PARAMETER   14  ANy2 RESTORED TO VARIABLE.
                   PARAMETER    7  w_CBO RESTORED TO VARIABLE.
                   PARAMETER    6  A_CBO RESTORED TO VARIABLE.
                   PARAMETER    4  phi RESTORED TO VARIABLE.
                   PARAMETER    3  A0 RESTORED TO VARIABLE.
                   PARAMETER    1  N0 RESTORED TO VARIABLE.
 **********
 **   61 **FIX            0
 **********
 PARAMETER    0  IS UNDEFINED. IGNORED.
 **********
 **   62 **FIX            1
 **********
 **********
 **   63 **FIX            2
 **********
 PARAMETER    2  IS CONSTANT.   IGNORED.
 **********
 **   64 **FIX            3
 **********
 **********
 **   65 **FIX            4
 **********
 **********
 **   66 **FIX            5
 **********
 PARAMETER    5  IS CONSTANT.   IGNORED.
 **********
 **   67 **FIX            6
 **********
 **********
 **   68 **FIX            7
 **********
 **********
 **   69 **FIX            8
 **********
 **********
 **   70 **FIX            9
 **********
 PARAMETER    9  IS CONSTANT.   IGNORED.
 **********
 **   71 **FIX           13
 **********
 PARAMETER   13  IS CONSTANT.   IGNORED.
 **********
 **   72 **FIX           14
 **********
 **********
 **   73 **FIX           15
 **********
 PARAMETER   15  IS CONSTANT.   IGNORED.
 **********
 **   74 **FIX           16
 **********
 PARAMETER   16  IS CONSTANT.   IGNORED.
 **********
 **   75 **MIGRAD
 **********
 START MIGRAD MINIMIZATION.  STRATEGY  1.  CONVERGENCE WHEN EDM .LT. 1.00e-04
 FCN=303.197 FROM MIGRAD    STATUS=INITIATE        8 CALLS         828 TOTAL
                     EDM= unknown      STRATEGY= 1      NO ERROR MATRIX       
  EXT PARAMETER               CURRENT GUESS       STEP         FIRST   
  NO.   NAME      VALUE            ERROR          SIZE      DERIVATIVE 
   1  N0           2.99286e+06     fixed    
   2  tau          6.44056e+01   constant   
   3  A0           3.43661e-01     fixed    
   4  phi          4.12167e+00     fixed    
   5  R           -6.10700e+01   constant   
   6  A_CBO        4.97148e-04     fixed    
   7  w_CBO        2.32222e+00     fixed    
   8  phi_CBO      3.22342e+00     fixed    
   9  ANx2         5.14298e-04   constant   
  10  pNx2         2.57364e+00   constant   
  11  ANy1         0.00000e+00   constant   
  12  pNy1         0.00000e+00   constant   
  13  w_y          0.00000e+00   constant   
  14  ANy2         8.31268e-04     fixed    
  15  pNy2         3.40463e+00   constant   
  16  w_vw         1.43028e+01   constant   
  17  LM           2.35248e-05   constant   
  18  wCBO_expCoeff   1.98490e+02   9.79759e+00   6.45720e-03  -2.84131e-04
  19  wCBO_expOffset   2.00689e+02   1.48294e+00   9.76710e-04  -1.87601e-03
  20  wCBO_expT    3.00236e+01   2.04457e-01   1.45240e-04   2.44553e-02
  21  wCBO_linCoeff   0.00000e+00   constant   
  22  wCBO_const  -3.05678e-03   9.08031e-04   4.60426e-06   4.29870e-02
 MIGRAD MINIMIZATION HAS CONVERGED.
 MIGRAD WILL VERIFY CONVERGENCE AND ERROR MATRIX.
 FCN=303.197 FROM MIGRAD    STATUS=CONVERGED      67 CALLS         887 TOTAL
                     EDM=6.41334e-08    STRATEGY= 1      ERR MATRIX NOT POS-DEF
  EXT PARAMETER                APPROXIMATE        STEP         FIRST   
  NO.   NAME      VALUE            ERROR          SIZE      DERIVATIVE 
   1  N0           2.99286e+06     fixed    
   2  tau          6.44056e+01   constant   
   3  A0           3.43661e-01     fixed    
   4  phi          4.12167e+00     fixed    
   5  R           -6.10700e+01   constant   
   6  A_CBO        4.97148e-04     fixed    
   7  w_CBO        2.32222e+00     fixed    
   8  phi_CBO      3.22342e+00     fixed    
   9  ANx2         5.14298e-04   constant   
  10  pNx2         2.57364e+00   constant   
  11  ANy1         0.00000e+00   constant   
  12  pNy1         0.00000e+00   constant   
  13  w_y          0.00000e+00   constant   
  14  ANy2         8.31268e-04     fixed    
  15  pNy2         3.40463e+00   constant   
  16  w_vw         1.43028e+01   constant   
  17  LM           2.35248e-05   constant   
  18  wCBO_expCoeff   1.98572e+02   9.95123e+00   6.45582e-03  -4.60804e-04
  19  wCBO_expOffset   2.00701e+02   1.50545e+00   9.76385e-04  -3.04798e-03
  20  wCBO_expT    3.00197e+01   2.05223e-01   1.45194e-04  -1.99393e-02
  21  wCBO_linCoeff   0.00000e+00   constant   
  22  wCBO_const  -3.04723e-03   9.06364e-04   4.60474e-06  -3.61907e-01
 EXTERNAL ERROR MATRIX.    NDIM=  25    NPAR=  4    ERR DEF=1
  9.903e+01 -9.322e+00 -8.798e-01  1.968e-03 
 -9.322e+00  2.266e+00 -1.335e-01  2.985e-04 
 -8.798e-01 -1.335e-01  4.212e-02 -1.068e-04 
  1.968e-03  2.985e-04 -1.068e-04  8.215e-07 
ERR MATRIX NOT POS-DEF
 PARAMETER  CORRELATION COEFFICIENTS  
       NO.  GLOBAL     18     19     20     22
       18  0.99711   1.000 -0.622 -0.431  0.218
       19  0.99711  -0.622  1.000 -0.432  0.219
       20  0.99656  -0.431 -0.432  1.000 -0.574
       22  0.80334   0.218  0.219 -0.574  1.000
 ERR MATRIX NOT POS-DEF
MINUIT - FIT ONLY 2-y
 **********
 **   76 **RES 
 **********
                   PARAMETER   14  ANy2 RESTORED TO VARIABLE.
                   PARAMETER    8  phi_CBO RESTORED TO VARIABLE.
                   PARAMETER    7  w_CBO RESTORED TO VARIABLE.
                   PARAMETER    6  A_CBO RESTORED TO VARIABLE.
                   PARAMETER    4  phi RESTORED TO VARIABLE.
                   PARAMETER    3  A0 RESTORED TO VARIABLE.
                   PARAMETER    1  N0 RESTORED TO VARIABLE.
 **********
 **   77 **FIX            0
 **********
 PARAMETER    0  IS UNDEFINED. IGNORED.
 **********
 **   78 **FIX            1
 **********
 **********
 **   79 **FIX            2
 **********
 PARAMETER    2  IS CONSTANT.   IGNORED.
 **********
 **   80 **FIX            3
 **********
 **********
 **   81 **FIX            4
 **********
 **********
 **   82 **FIX            5
 **********
 PARAMETER    5  IS CONSTANT.   IGNORED.
 **********
 **   83 **FIX            6
 **********
 **********
 **   84 **FIX            7
 **********
 **********
 **   85 **FIX            8
 **********
 **********
 **   86 **FIX            9
 **********
 PARAMETER    9  IS CONSTANT.   IGNORED.
 **********
 **   87 **FIX           10
 **********
 PARAMETER   10  IS CONSTANT.   IGNORED.
 **********
 **   88 **FIX           11
 **********
 PARAMETER   11  IS CONSTANT.   IGNORED.
 **********
 **   89 **FIX           12
 **********
 PARAMETER   12  IS CONSTANT.   IGNORED.
 **********
 **   90 **FIX           16
 **********
 PARAMETER   16  IS CONSTANT.   IGNORED.
 **********
 **   91 **MIGRAD
 **********
 START MIGRAD MINIMIZATION.  STRATEGY  1.  CONVERGENCE WHEN EDM .LT. 1.00e-04
 FCN=303.197 FROM MIGRAD    STATUS=INITIATE       10 CALLS         897 TOTAL
                     EDM= unknown      STRATEGY= 1      NO ERROR MATRIX       
  EXT PARAMETER               CURRENT GUESS       STEP         FIRST   
  NO.   NAME      VALUE            ERROR          SIZE      DERIVATIVE 
   1  N0           2.99286e+06     fixed    
   2  tau          6.44056e+01   constant   
   3  A0           3.43661e-01     fixed    
   4  phi          4.12167e+00     fixed    
   5  R           -6.10700e+01   constant   
   6  A_CBO        4.97148e-04     fixed    
   7  w_CBO        2.32222e+00     fixed    
   8  phi_CBO      3.22342e+00     fixed    
   9  ANx2         5.14298e-04   constant   
  10  pNx2         2.57364e+00   constant   
  11  ANy1         0.00000e+00   constant   
  12  pNy1         0.00000e+00   constant   
  13  w_y          0.00000e+00   constant   
  14  ANy2         8.31268e-04   1.01710e-03   1.01710e-03   1.36689e-01
  15  pNy2         3.40463e+00   constant   
  16  w_vw         1.43028e+01   constant   
  17  LM           2.35248e-05   constant   
  18  wCBO_expCoeff   1.98572e+02   9.95123e+00   6.45582e-03  -4.58563e-04
  19  wCBO_expOffset   2.00701e+02   1.50545e+00   9.76385e-04  -3.03085e-03
  20  wCBO_expT    3.00197e+01   2.05223e-01   1.45194e-04  -1.98890e-02
  21  wCBO_linCoeff   0.00000e+00   constant   
  22  wCBO_const  -3.04723e-03   9.06364e-04   4.60474e-06  -3.61575e-01
 MIGRAD MINIMIZATION HAS CONVERGED.
 MIGRAD WILL VERIFY CONVERGENCE AND ERROR MATRIX.
 FCN=303.197 FROM MIGRAD    STATUS=CONVERGED      59 CALLS         946 TOTAL
                     EDM=1.28541e-08    STRATEGY= 1      ERR MATRIX NOT POS-DEF
  EXT PARAMETER                APPROXIMATE        STEP         FIRST   
  NO.   NAME      VALUE            ERROR          SIZE      DERIVATIVE 
   1  N0           2.99286e+06     fixed    
   2  tau          6.44056e+01   constant   
   3  A0           3.43661e-01     fixed    
   4  phi          4.12167e+00     fixed    
   5  R           -6.10700e+01   constant   
   6  A_CBO        4.97148e-04     fixed    
   7  w_CBO        2.32222e+00     fixed    
   8  phi_CBO      3.22342e+00     fixed    
   9  ANx2         5.14298e-04   constant   
  10  pNx2         2.57364e+00   constant   
  11  ANy1         0.00000e+00   constant   
  12  pNy1         0.00000e+00   constant   
  13  w_y          0.00000e+00   constant   
  14  ANy2         8.31247e-04   1.01741e-03   8.68244e-06   9.74737e-02
  15  pNy2         3.40463e+00   constant   
  16  w_vw         1.43028e+01   constant   
  17  LM           2.35248e-05   constant   
  18  wCBO_expCoeff   1.98572e+02   9.95150e+00   6.45334e-03  -7.05550e-06
  19  wCBO_expOffset   2.00701e+02   1.50541e+00   9.75605e-04  -4.66672e-05
  20  wCBO_expT    3.00197e+01   2.05227e-01   1.45064e-04   3.68250e-04
  21  wCBO_linCoeff   0.00000e+00   constant   
  22  wCBO_const  -3.04722e-03   9.06374e-04   4.60629e-06   1.39497e-01
 EXTERNAL ERROR MATRIX.    NDIM=  25    NPAR=  5    ERR DEF=1
  1.035e-06 -4.344e-06 -6.599e-07  1.374e-07  2.078e-10 
 -4.344e-06  9.903e+01 -9.322e+00 -8.800e-01  1.969e-03 
 -6.599e-07 -9.322e+00  2.266e+00 -1.335e-01  2.984e-04 
  1.374e-07 -8.800e-01 -1.335e-01  4.212e-02 -1.069e-04 
  2.078e-10  1.969e-03  2.984e-04 -1.069e-04  8.215e-07 
ERR MATRIX NOT POS-DEF
 PARAMETER  CORRELATION COEFFICIENTS  
       NO.  GLOBAL     14     18     19     20     22
       14  0.00330   1.000 -0.000 -0.000  0.001  0.000
       18  0.99711  -0.000  1.000 -0.622 -0.431  0.218
       19  0.99711  -0.000 -0.622  1.000 -0.432  0.219
       20  0.99656   0.001 -0.431 -0.432  1.000 -0.574
       22  0.80334   0.000  0.218  0.219 -0.574  1.000
 ERR MATRIX NOT POS-DEF
MINUIT - FIT ALTOGETHER
 **********
 **   92 **RES 
 **********
                   PARAMETER    8  phi_CBO RESTORED TO VARIABLE.
                   PARAMETER    7  w_CBO RESTORED TO VARIABLE.
                   PARAMETER    6  A_CBO RESTORED TO VARIABLE.
                   PARAMETER    4  phi RESTORED TO VARIABLE.
                   PARAMETER    3  A0 RESTORED TO VARIABLE.
                   PARAMETER    1  N0 RESTORED TO VARIABLE.
 **********
 **   93 **MIGRAD
 **********
