 + ++++++++++++++++++++++++++++++++++++++++++++++++++++++++++++++++++++ +
 +                                                                      +
 +           You have chose to blind your fitting according to          +
 +                omega_ref * (1 + (R +/- deltaR) *10^{-6})             +
 +                                                                      +
 + ++++++++++++++++++++++++++++++++++++++++++++++++++++++++++++++++++++ +
In main()...
reading format from /gm2data/zkhechad/run45/envelope/formats/formatB_sBin_constraintOn.txt
pBinTau 	= 0  
pBinPhi 	= 0  
constraintau 	= 1 
includeMopTerm 	= 0    
constrainMop    = 0   
Parameters after format file: pBinTau 0 pBinPhi 0 constraintau 1 includeMopTerm 0 constrainMop 0 c_e_scale 0.000000 
reading cbo reference file (full fit) from /gm2data/zkhechad/cboTemplates/Run4CBOTemplates/fullFits/run4/sBin_constraintOn_cE0.0_seed0_run4_calo13.root
A_CBO 0.010252 w_CBO 2.327514 phi_CBO 5.545635 N0 3338670.649067 R -60.961072 tau 64.390414 
Reading cboRef file /gm2data/zkhechad/cboTemplates/Run4CBOTemplates//cboIsolate/run4_calo13.root
deltaT 164.120000
windowBins = 1100
fitting sliding window 2420 from bin 2623 at 391.351600 to bin 3723 at 555.471600 (1100 bins)

Reading data from /gm2data/cornell/histograms/aMethod/histogram_a_run4.root
fitting cbo isolate
 **********
 **    1 **SET PRINTOUT            1
 **********
 **********
 **    2 **SET NOWARNINGS 
 **********
 PARAMETER DEFINITIONS:
    NO.   NAME         VALUE      STEP SIZE      LIMITS
     1 A_CBO        1.02517e-02  1.00000e-05     no limits
     2 w_CBO        2.32751e+00  1.00000e-02    2.00000e+00  3.00000e+00
     3 phi_CBO      5.54564e+00  1.00000e-02    0.00000e+00  6.28319e+00
 **********
 **    3 **MIGRAD
 **********
 FIRST CALL TO USER FUNCTION AT NEW START POINT, WITH IFLAG=4.
 START MIGRAD MINIMIZATION.  STRATEGY  1.  CONVERGENCE WHEN EDM .LT. 1.00e-04
 FCN=0.295604 FROM MIGRAD    STATUS=INITIATE       12 CALLS          13 TOTAL
                     EDM= unknown      STRATEGY= 1      NO ERROR MATRIX       
  EXT PARAMETER               CURRENT GUESS       STEP         FIRST   
  NO.   NAME      VALUE            ERROR          SIZE      DERIVATIVE 
   1  A_CBO        1.02517e-02   1.00000e-05   1.00000e-05   7.90891e+00
   2  w_CBO        2.32751e+00   1.00000e-02   2.13103e-02   1.44635e+00
   3  phi_CBO      5.54564e+00   1.00000e-02   4.94468e-03  -1.50788e-02
 MIGRAD MINIMIZATION HAS CONVERGED.
 MIGRAD WILL VERIFY CONVERGENCE AND ERROR MATRIX.
 COVARIANCE MATRIX CALCULATED SUCCESSFULLY
 FCN=0.266871 FROM HESSE     STATUS=OK             16 CALLS          50 TOTAL
                     EDM=9.60124e-05    STRATEGY= 1      ERROR MATRIX ACCURATE 
  EXT PARAMETER                                   STEP         FIRST   
  NO.   NAME      VALUE            ERROR          SIZE      DERIVATIVE 
   1  A_CBO        3.05306e-03   4.28387e-02   2.34508e-05  -6.08327e-02
   2  w_CBO        2.32733e+00   1.73065e-01   3.56373e-05  -7.07643e-03
   3  phi_CBO      5.65948e+00   3.44355e+00   4.60122e-03  -3.83151e-04
 MIGRAD MINIMIZATION HAS CONVERGED.
 MIGRAD WILL VERIFY CONVERGENCE AND ERROR MATRIX.
 COVARIANCE MATRIX CALCULATED SUCCESSFULLY
 FCN=0.266755 FROM MIGRAD    STATUS=CONVERGED     103 CALLS         104 TOTAL
                     EDM=1.77493e-05    STRATEGY= 1      ERROR MATRIX ACCURATE 
  EXT PARAMETER                                   STEP         FIRST   
  NO.   NAME      VALUE            ERROR          SIZE      DERIVATIVE 
   1  A_CBO        3.15103e-03   4.27093e-02   2.34566e-05   1.00749e-02
   2  w_CBO        2.32859e+00   5.70351e-02   3.42843e-05   6.31672e-02
   3  phi_CBO      6.21162e+00   6.17359e+00   6.93920e-03  -3.18885e-04
 EXTERNAL ERROR MATRIX.    NDIM=  25    NPAR=  3    ERR DEF=1
  1.824e-03  2.871e-06  1.851e-02 
  2.871e-06  3.269e-03  1.133e+00 
  1.851e-02  1.133e+00  5.338e+02 
 PARAMETER  CORRELATION COEFFICIENTS  
       NO.  GLOBAL      1      2      3
        1  0.03453   1.000  0.001  0.019
        2  0.85777   0.001  1.000  0.858
        3  0.85783   0.019  0.858  1.000
setting A_CBO=0.003151 w_CBO=2.328587, phi_CBO=6.211619
done fitting cbo isolate
 **********
 **    1 **SET PRINTOUT            1
 **********
 **********
 **    2 **SET NOWARNINGS 
 **********
 PARAMETER DEFINITIONS:
    NO.   NAME         VALUE      STEP SIZE      LIMITS
     1 N0           3.33867e+06  1.00000e+02     no limits
     2 tau          6.43904e+01  constant
     3 A0           3.52926e-01  1.00000e-04     no limits
     4 phi          4.13059e+00  1.00000e-02     no limits
     5 R           -6.09611e+01  constant
     6 A_CBO        3.15103e-03  1.00000e-05     no limits
     7 w_CBO        2.32859e+00  1.00000e-03     no limits
     8 phi_CBO      6.21162e+00  1.00000e-04     no limits
     9 ANx2         2.14836e-04  constant
    10 pNx2         2.09111e+00  constant
    11 ANy1         0.00000e+00  constant
    12 pNy1         0.00000e+00  constant
    13 w_y          0.00000e+00  constant
    14 ANy2         1.07548e-02  1.00000e-04     no limits
    15 pNy2         1.09622e+00  constant
    16 w_vw         1.43115e+01  constant
    17 LM          -4.64416e-04  constant
    18 wCBO_expCoeff   2.00000e+02  1.00000e+00     no limits
    19 wCBO_expOffset   2.00000e+02  1.00000e+00     no limits
    20 wCBO_expT    3.00000e+01  1.00000e+00     no limits
    21 wCBO_linCoeff   0.00000e+00  constant
    22 wCBO_const   0.00000e+00  1.00000e-02     no limits
MINUIT - FIT ONLY WIGGLE
 **********
 **    3 **FIX            5
 **********
 PARAMETER    5  IS CONSTANT.   IGNORED.
 **********
 **    4 **FIX            6
 **********
 **********
 **    5 **FIX            7
 **********
 **********
 **    6 **FIX            8
 **********
 **********
 **    7 **FIX            9
 **********
 PARAMETER    9  IS CONSTANT.   IGNORED.
 **********
 **    8 **FIX           10
 **********
 PARAMETER   10  IS CONSTANT.   IGNORED.
 **********
 **    9 **FIX           11
 **********
 PARAMETER   11  IS CONSTANT.   IGNORED.
 **********
 **   10 **FIX           12
 **********
 PARAMETER   12  IS CONSTANT.   IGNORED.
 **********
 **   11 **FIX           13
 **********
 PARAMETER   13  IS CONSTANT.   IGNORED.
 **********
 **   12 **FIX           14
 **********
 **********
 **   13 **FIX           15
 **********
 PARAMETER   15  IS CONSTANT.   IGNORED.
 **********
 **   14 **FIX           16
 **********
 PARAMETER   16  IS CONSTANT.   IGNORED.
 **********
 **   15 **MIGRAD
 **********
 FIRST CALL TO USER FUNCTION AT NEW START POINT, WITH IFLAG=4.
 START MIGRAD MINIMIZATION.  STRATEGY  1.  CONVERGENCE WHEN EDM .LT. 1.00e-04
 FCN=458.023 FROM MIGRAD    STATUS=INITIATE       59 CALLS          60 TOTAL
                     EDM= unknown      STRATEGY= 1      NO ERROR MATRIX       
  EXT PARAMETER               CURRENT GUESS       STEP         FIRST   
  NO.   NAME      VALUE            ERROR          SIZE      DERIVATIVE 
   1  N0           3.33867e+06   1.00000e+02   0.00000e+00   4.60603e-04
   2  tau          6.43904e+01   constant   
   3  A0           3.52926e-01   1.00000e-04   0.00000e+00   1.54823e+03
   4  phi          4.13059e+00   1.00000e-02   0.00000e+00   1.14009e+02
   5  R           -6.09611e+01   constant   
   6  A_CBO        3.15103e-03     fixed    
   7  w_CBO        2.32859e+00     fixed    
   8  phi_CBO      6.21162e+00     fixed    
   9  ANx2         2.14836e-04   constant   
  10  pNx2         2.09111e+00   constant   
  11  ANy1         0.00000e+00   constant   
  12  pNy1         0.00000e+00   constant   
  13  w_y          0.00000e+00   constant   
  14  ANy2         1.07548e-02     fixed    
  15  pNy2         1.09622e+00   constant   
  16  w_vw         1.43115e+01   constant   
  17  LM          -4.64416e-04   constant   
  18  wCBO_expCoeff   2.00000e+02   1.00000e+00   0.00000e+00  -3.38805e+00
  19  wCBO_expOffset   2.00000e+02   1.00000e+00   0.00000e+00  -2.25870e+01
  20  wCBO_expT    3.00000e+01   1.00000e+00   0.00000e+00  -1.45113e+02
  21  wCBO_linCoeff   0.00000e+00   constant   
  22  wCBO_const   2.89790e-03   1.00000e-02   2.89790e-03  -3.91924e+02
 MIGRAD MINIMIZATION HAS CONVERGED.
 FCN=453.169 FROM MIGRAD    STATUS=CONVERGED     230 CALLS         231 TOTAL
                     EDM=6.14452e-07    STRATEGY= 1  ERROR MATRIX UNCERTAINTY   0.8 per cent
  EXT PARAMETER                                   STEP         FIRST   
  NO.   NAME      VALUE            ERROR          SIZE      DERIVATIVE 
   1  N0           3.33716e+06   2.33014e+03   6.01305e+00  -7.38744e-08
   2  tau          6.43904e+01   constant   
   3  A0           3.52278e-01   9.05230e-04   5.36369e-06  -2.22174e-01
   4  phi          4.12998e+00   2.78525e-03   1.54854e-05   2.70150e-01
   5  R           -6.09611e+01   constant   
   6  A_CBO        3.15103e-03     fixed    
   7  w_CBO        2.32859e+00     fixed    
   8  phi_CBO      6.21162e+00     fixed    
   9  ANx2         2.14836e-04   constant   
  10  pNx2         2.09111e+00   constant   
  11  ANy1         0.00000e+00   constant   
  12  pNy1         0.00000e+00   constant   
  13  w_y          0.00000e+00   constant   
  14  ANy2         1.07548e-02     fixed    
  15  pNy2         1.09622e+00   constant   
  16  w_vw         1.43115e+01   constant   
  17  LM          -4.64416e-04   constant   
  18  wCBO_expCoeff   2.06194e+02   1.29140e+01   3.83828e-02   3.43564e-04
  19  wCBO_expOffset   2.00936e+02   1.95382e+00   5.84046e-03   2.38427e-03
  20  wCBO_expT    2.97538e+01   5.90933e-01  -1.58766e-03   1.94178e-02
  21  wCBO_linCoeff   0.00000e+00   constant   
  22  wCBO_const   1.82495e-03   1.40773e-03  -1.00109e-06   7.28315e-01
 EXTERNAL ERROR MATRIX.    NDIM=  25    NPAR=  7    ERR DEF=1
  5.430e+06 -1.141e-02 -5.689e-01 -6.954e+03 -1.052e+03  3.163e+02 -4.598e-01 
 -1.141e-02  8.194e-07  2.687e-08  5.112e-04  7.747e-05 -2.148e-05 -5.169e-08 
 -5.689e-01  2.687e-08  7.758e-06  9.709e-03  1.468e-03 -4.517e-04  9.606e-07 
 -6.954e+03  5.112e-04  9.709e-03  1.668e+02  2.515e+01 -7.618e+00  1.520e-02 
 -1.052e+03  7.747e-05  1.468e-03  2.515e+01  3.817e+00 -1.153e+00  2.298e-03 
  3.163e+02 -2.148e-05 -4.517e-04 -7.618e+00 -1.153e+00  3.492e-01 -7.088e-04 
 -4.598e-01 -5.169e-08  9.606e-07  1.520e-02  2.298e-03 -7.088e-04  1.982e-06 
 PARAMETER  CORRELATION COEFFICIENTS  
       NO.  GLOBAL      1      3      4     18     19     20     22
        1  0.25747   1.000 -0.005 -0.088 -0.231 -0.231  0.230 -0.140
        3  0.15012  -0.005  1.000  0.011  0.044  0.044 -0.040 -0.041
        4  0.29590  -0.088  0.011  1.000  0.270  0.270 -0.274  0.245
       18  0.99872  -0.231  0.044  0.270  1.000  0.997 -0.998  0.836
       19  0.99869  -0.231  0.044  0.270  0.997  1.000 -0.998  0.836
       20  0.99950   0.230 -0.040 -0.274 -0.998 -0.998  1.000 -0.852
       22  0.91922  -0.140 -0.041  0.245  0.836  0.836 -0.852  1.000
MINUIT - FIT ONLY 1-CBO + other amplitudes 
 **********
 **   16 **RES 
 **********
                   PARAMETER   14  ANy2 RESTORED TO VARIABLE.
                   PARAMETER    8  phi_CBO RESTORED TO VARIABLE.
                   PARAMETER    7  w_CBO RESTORED TO VARIABLE.
                   PARAMETER    6  A_CBO RESTORED TO VARIABLE.
 **********
 **   17 **FIX            0
 **********
 PARAMETER    0  IS UNDEFINED. IGNORED.
 **********
 **   18 **FIX            1
 **********
 **********
 **   19 **FIX            2
 **********
 PARAMETER    2  IS CONSTANT.   IGNORED.
 **********
 **   20 **FIX            3
 **********
 **********
 **   21 **FIX            4
 **********
 **********
 **   22 **FIX            9
 **********
 PARAMETER    9  IS CONSTANT.   IGNORED.
 **********
 **   23 **FIX           11
 **********
 PARAMETER   11  IS CONSTANT.   IGNORED.
 **********
 **   24 **FIX           12
 **********
 PARAMETER   12  IS CONSTANT.   IGNORED.
 **********
 **   25 **FIX           14
 **********
 **********
 **   26 **FIX           15
 **********
 PARAMETER   15  IS CONSTANT.   IGNORED.
 **********
 **   27 **FIX           16
 **********
 PARAMETER   16  IS CONSTANT.   IGNORED.
 **********
 **   28 **MIGRAD
 **********
 START MIGRAD MINIMIZATION.  STRATEGY  1.  CONVERGENCE WHEN EDM .LT. 1.00e-04
 FCN=453.169 FROM MIGRAD    STATUS=INITIATE       18 CALLS         249 TOTAL
                     EDM= unknown      STRATEGY= 1      NO ERROR MATRIX       
  EXT PARAMETER               CURRENT GUESS       STEP         FIRST   
  NO.   NAME      VALUE            ERROR          SIZE      DERIVATIVE 
   1  N0           3.33716e+06     fixed    
   2  tau          6.43904e+01   constant   
   3  A0           3.52278e-01     fixed    
   4  phi          4.12998e+00     fixed    
   5  R           -6.09611e+01   constant   
   6  A_CBO        3.15103e-03   1.00000e-05   1.00000e-05   4.49506e+03
   7  w_CBO        2.32859e+00   1.00000e-03   1.00000e-03   3.48082e-01
   8  phi_CBO      6.21162e+00   1.00000e-04   1.00000e-04   3.64519e-01
   9  ANx2         2.14836e-04   constant   
  10  pNx2         2.09111e+00   constant   
  11  ANy1         0.00000e+00   constant   
  12  pNy1         0.00000e+00   constant   
  13  w_y          0.00000e+00   constant   
  14  ANy2         1.07548e-02     fixed    
  15  pNy2         1.09622e+00   constant   
  16  w_vw         1.43115e+01   constant   
  17  LM          -4.64416e-04   constant   
  18  wCBO_expCoeff   2.06194e+02   1.29140e+01   3.83828e-02   3.42767e-04
  19  wCBO_expOffset   2.00936e+02   1.95382e+00   5.84046e-03   2.37901e-03
  20  wCBO_expT    2.97538e+01   5.90933e-01  -1.58766e-03   1.93877e-02
  21  wCBO_linCoeff   0.00000e+00   constant   
  22  wCBO_const   1.82495e-03   1.40773e-03  -1.00109e-06   7.28292e-01
 MIGRAD MINIMIZATION HAS CONVERGED.
 MIGRAD WILL VERIFY CONVERGENCE AND ERROR MATRIX.
 FCN=446.83 FROM MIGRAD    STATUS=CONVERGED     287 CALLS         518 TOTAL
                     EDM=3.83316e-05    STRATEGY= 1      ERR MATRIX NOT POS-DEF
  EXT PARAMETER                APPROXIMATE        STEP         FIRST   
  NO.   NAME      VALUE            ERROR          SIZE      DERIVATIVE 
   1  N0           3.33716e+06     fixed    
   2  tau          6.43904e+01   constant   
   3  A0           3.52278e-01     fixed    
   4  phi          4.12998e+00     fixed    
   5  R           -6.09611e+01   constant   
   6  A_CBO        1.00078e-03   9.85354e-04   1.01184e-05  -4.62964e-02
   7  w_CBO        2.32670e+00   1.10842e-02   1.21833e-05   8.43622e-02
   8  phi_CBO      4.50711e+00   1.21015e+00   9.68549e-03   7.24743e-05
   9  ANx2         2.14836e-04   constant   
  10  pNx2         2.09111e+00   constant   
  11  ANy1         0.00000e+00   constant   
  12  pNy1         0.00000e+00   constant   
  13  w_y          0.00000e+00   constant   
  14  ANy2         1.07548e-02     fixed    
  15  pNy2         1.09622e+00   constant   
  16  w_vw         1.43115e+01   constant   
  17  LM          -4.64416e-04   constant   
  18  wCBO_expCoeff   2.06425e+02   6.39559e+00   5.83998e-03   5.71141e-04
  19  wCBO_expOffset   2.00969e+02   9.22233e-01   8.41752e-04   3.96268e-03
  20  wCBO_expT    2.97532e+01   1.39803e-01   1.27683e-04  -3.79270e-02
  21  wCBO_linCoeff   0.00000e+00   constant   
  22  wCBO_const   8.36118e-04   4.77710e-03   6.23358e-06   7.84695e-02
 EXTERNAL ERROR MATRIX.    NDIM=  25    NPAR=  7    ERR DEF=1
  9.709e-07  1.774e-07  5.257e-05  6.264e-05  9.006e-06 -6.306e-06  7.924e-08 
  1.774e-07  1.229e-04  8.200e-04 -2.676e-03 -3.897e-04 -1.521e-04 -5.072e-05 
  5.257e-05  8.200e-04  1.464e+00  7.869e-02  1.129e-02 -1.014e-02  4.505e-04 
  6.264e-05 -2.676e-03  7.869e-02  4.090e+01 -3.285e+00 -4.076e-01  2.284e-03 
  9.006e-06 -3.897e-04  1.129e-02 -3.285e+00  8.505e-01 -5.886e-02  3.309e-04 
 -6.306e-06 -1.521e-04 -1.014e-02 -4.076e-01 -5.886e-02  1.954e-02 -1.649e-05 
  7.924e-08 -5.072e-05  4.505e-04  2.284e-03  3.309e-04 -1.649e-05  2.282e-05 
ERR MATRIX NOT POS-DEF
 PARAMETER  CORRELATION COEFFICIENTS  
       NO.  GLOBAL      6      7      8     18     19     20     22
        6  0.13472   1.000  0.016  0.044  0.010  0.010 -0.046  0.017
        7  0.99436   0.016  1.000  0.061 -0.038 -0.038 -0.098 -0.958
        8  0.63498   0.044  0.061  1.000  0.010  0.010 -0.060  0.078
       18  0.99611   0.010 -0.038  0.010  1.000 -0.557 -0.456  0.075
       19  0.99612   0.010 -0.038  0.010 -0.557  1.000 -0.457  0.075
       20  0.99611  -0.046 -0.098 -0.060 -0.456 -0.457  1.000 -0.025
       22  0.99204   0.017 -0.958  0.078  0.075  0.075 -0.025  1.000
 ERR MATRIX NOT POS-DEF
MINUIT - FIT ONLY 1-CBO
 **********
 **   29 **RES 
 **********
                   PARAMETER   14  ANy2 RESTORED TO VARIABLE.
                   PARAMETER    4  phi RESTORED TO VARIABLE.
                   PARAMETER    3  A0 RESTORED TO VARIABLE.
                   PARAMETER    1  N0 RESTORED TO VARIABLE.
 **********
 **   30 **FIX            0
 **********
 PARAMETER    0  IS UNDEFINED. IGNORED.
 **********
 **   31 **FIX            1
 **********
 **********
 **   32 **FIX            2
 **********
 PARAMETER    2  IS CONSTANT.   IGNORED.
 **********
 **   33 **FIX            3
 **********
 **********
 **   34 **FIX            4
 **********
 **********
 **   35 **FIX            8
 **********
 **********
 **   36 **FIX            9
 **********
 PARAMETER    9  IS CONSTANT.   IGNORED.
 **********
 **   37 **FIX           11
 **********
 PARAMETER   11  IS CONSTANT.   IGNORED.
 **********
 **   38 **FIX           12
 **********
 PARAMETER   12  IS CONSTANT.   IGNORED.
 **********
 **   39 **FIX           13
 **********
 PARAMETER   13  IS CONSTANT.   IGNORED.
 **********
 **   40 **FIX           15
 **********
 PARAMETER   15  IS CONSTANT.   IGNORED.
 **********
 **   41 **FIX           16
 **********
 PARAMETER   16  IS CONSTANT.   IGNORED.
 **********
 **   42 **MIGRAD
 **********
 START MIGRAD MINIMIZATION.  STRATEGY  1.  CONVERGENCE WHEN EDM .LT. 1.00e-04
 FCN=446.83 FROM MIGRAD    STATUS=INITIATE       16 CALLS         534 TOTAL
                     EDM= unknown      STRATEGY= 1      NO ERROR MATRIX       
  EXT PARAMETER               CURRENT GUESS       STEP         FIRST   
  NO.   NAME      VALUE            ERROR          SIZE      DERIVATIVE 
   1  N0           3.33716e+06     fixed    
   2  tau          6.43904e+01   constant   
   3  A0           3.52278e-01     fixed    
   4  phi          4.12998e+00     fixed    
   5  R           -6.09611e+01   constant   
   6  A_CBO        1.00078e-03   9.85354e-04   1.01184e-05  -4.62966e-02
   7  w_CBO        2.32670e+00   1.10842e-02   1.21833e-05   8.32571e-02
   8  phi_CBO      4.50711e+00     fixed    
   9  ANx2         2.14836e-04   constant   
  10  pNx2         2.09111e+00   constant   
  11  ANy1         0.00000e+00   constant   
  12  pNy1         0.00000e+00   constant   
  13  w_y          0.00000e+00   constant   
  14  ANy2         1.07548e-02   1.00000e-04   1.00000e-04   2.38611e+04
  15  pNy2         1.09622e+00   constant   
  16  w_vw         1.43115e+01   constant   
  17  LM          -4.64416e-04   constant   
  18  wCBO_expCoeff   2.06425e+02   6.39559e+00   5.83998e-03   5.77057e-04
  19  wCBO_expOffset   2.00969e+02   9.22233e-01   8.41752e-04   4.00717e-03
  20  wCBO_expT    2.97532e+01   1.39803e-01   1.27683e-04  -3.76384e-02
  21  wCBO_linCoeff   0.00000e+00   constant   
  22  wCBO_const   8.36118e-04   4.77710e-03   6.23358e-06   7.74872e-02
 MIGRAD MINIMIZATION HAS CONVERGED.
 MIGRAD WILL VERIFY CONVERGENCE AND ERROR MATRIX.
 FCN=316.373 FROM MIGRAD    STATUS=CONVERGED     113 CALLS         631 TOTAL
                     EDM=5.63268e-05    STRATEGY= 1      ERR MATRIX NOT POS-DEF
  EXT PARAMETER                APPROXIMATE        STEP         FIRST   
  NO.   NAME      VALUE            ERROR          SIZE      DERIVATIVE 
   1  N0           3.33716e+06     fixed    
   2  tau          6.43904e+01   constant   
   3  A0           3.52278e-01     fixed    
   4  phi          4.12998e+00     fixed    
   5  R           -6.09611e+01   constant   
   6  A_CBO        9.74889e-04   9.92729e-04   8.51497e-06  -6.26487e-01
   7  w_CBO        2.32670e+00   1.13772e-02   1.11049e-05  -1.04460e+00
   8  phi_CBO      4.50711e+00     fixed    
   9  ANx2         2.14836e-04   constant   
  10  pNx2         2.09111e+00   constant   
  11  ANy1         0.00000e+00   constant   
  12  pNy1         0.00000e+00   constant   
  13  w_y          0.00000e+00   constant   
  14  ANy2        -1.79864e-04   9.54042e-04   8.32772e-06  -1.06253e-02
  15  pNy2         1.09622e+00   constant   
  16  w_vw         1.43115e+01   constant   
  17  LM          -4.64416e-04   constant   
  18  wCBO_expCoeff   2.06426e+02   7.74190e+00   5.74504e-03   2.29415e-03
  19  wCBO_expOffset   2.00969e+02   1.11624e+00   8.28043e-04   1.59168e-02
  20  wCBO_expT    2.97532e+01   1.64706e-01   1.24365e-04   3.35132e-02
  21  wCBO_linCoeff   0.00000e+00   constant   
  22  wCBO_const   8.40950e-04   4.89623e-03   5.58848e-06  -2.90167e+00
 EXTERNAL ERROR MATRIX.    NDIM=  25    NPAR=  7    ERR DEF=1
  9.855e-07  1.903e-07  2.000e-09  2.066e-05  2.917e-06 -6.203e-06  9.134e-08 
  1.903e-07  1.294e-04 -7.917e-10 -2.516e-03 -3.668e-04 -1.737e-04 -5.380e-05 
  2.000e-09 -7.917e-10  9.102e-07 -8.458e-07 -1.222e-07  2.163e-08 -5.052e-10 
  2.066e-05 -2.516e-03 -8.458e-07  5.994e+01 -4.957e+00 -5.736e-01  2.622e-03 
  2.917e-06 -3.668e-04 -1.222e-07 -4.957e+00  1.246e+00 -8.279e-02  3.797e-04 
 -6.203e-06 -1.737e-04  2.163e-08 -5.736e-01 -8.279e-02  2.713e-02 -2.606e-05 
  9.134e-08 -5.380e-05 -5.052e-10  2.622e-03  3.797e-04 -2.606e-05  2.397e-05 
ERR MATRIX NOT POS-DEF
 PARAMETER  CORRELATION COEFFICIENTS  
       NO.  GLOBAL      6      7     14     18     19     20     22
        6  0.18546   1.000  0.017  0.002  0.003  0.003 -0.038  0.019
        7  0.99368   0.017  1.000 -0.000 -0.029 -0.029 -0.093 -0.966
       14  0.00314   0.002 -0.000  1.000 -0.000 -0.000  0.000 -0.000
       18  0.99635   0.003 -0.029 -0.000  1.000 -0.574 -0.450  0.069
       19  0.99635   0.003 -0.029 -0.000 -0.574  1.000 -0.450  0.069
       20  0.99622  -0.038 -0.093  0.000 -0.450 -0.450  1.000 -0.032
       22  0.99134   0.019 -0.966 -0.000  0.069  0.069 -0.032  1.000
 ERR MATRIX NOT POS-DEF
MINUIT - FIT ONLY 2-CBO
 **********
 **   43 **RES 
 **********
                   PARAMETER    8  phi_CBO RESTORED TO VARIABLE.
                   PARAMETER    4  phi RESTORED TO VARIABLE.
                   PARAMETER    3  A0 RESTORED TO VARIABLE.
                   PARAMETER    1  N0 RESTORED TO VARIABLE.
 **********
 **   44 **FIX            0
 **********
 PARAMETER    0  IS UNDEFINED. IGNORED.
 **********
 **   45 **FIX            1
 **********
 **********
 **   46 **FIX            2
 **********
 PARAMETER    2  IS CONSTANT.   IGNORED.
 **********
 **   47 **FIX            3
 **********
 **********
 **   48 **FIX            4
 **********
 **********
 **   49 **FIX            5
 **********
 PARAMETER    5  IS CONSTANT.   IGNORED.
 **********
 **   50 **FIX            6
 **********
 **********
 **   51 **FIX            7
 **********
 **********
 **   52 **FIX           10
 **********
 PARAMETER   10  IS CONSTANT.   IGNORED.
 **********
 **   53 **FIX           11
 **********
 PARAMETER   11  IS CONSTANT.   IGNORED.
 **********
 **   54 **FIX           12
 **********
 PARAMETER   12  IS CONSTANT.   IGNORED.
 **********
 **   55 **FIX           13
 **********
 PARAMETER   13  IS CONSTANT.   IGNORED.
 **********
 **   56 **FIX           14
 **********
 **********
 **   57 **FIX           15
 **********
 PARAMETER   15  IS CONSTANT.   IGNORED.
 **********
 **   58 **FIX           16
 **********
 PARAMETER   16  IS CONSTANT.   IGNORED.
 **********
 **   59 **MIGRAD
 **********
 START MIGRAD MINIMIZATION.  STRATEGY  1.  CONVERGENCE WHEN EDM .LT. 1.00e-04
 FCN=316.373 FROM MIGRAD    STATUS=INITIATE       10 CALLS         641 TOTAL
                     EDM= unknown      STRATEGY= 1      NO ERROR MATRIX       
  EXT PARAMETER               CURRENT GUESS       STEP         FIRST   
  NO.   NAME      VALUE            ERROR          SIZE      DERIVATIVE 
   1  N0           3.33716e+06     fixed    
   2  tau          6.43904e+01   constant   
   3  A0           3.52278e-01     fixed    
   4  phi          4.12998e+00     fixed    
   5  R           -6.09611e+01   constant   
   6  A_CBO        9.74889e-04     fixed    
   7  w_CBO        2.32670e+00     fixed    
   8  phi_CBO      4.50711e+00   1.21015e+00   1.21015e+00  -6.74732e-02
   9  ANx2         2.14836e-04   constant   
  10  pNx2         2.09111e+00   constant   
  11  ANy1         0.00000e+00   constant   
  12  pNy1         0.00000e+00   constant   
  13  w_y          0.00000e+00   constant   
  14  ANy2        -1.79864e-04     fixed    
  15  pNy2         1.09622e+00   constant   
  16  w_vw         1.43115e+01   constant   
  17  LM          -4.64416e-04   constant   
  18  wCBO_expCoeff   2.06426e+02   7.74190e+00   5.74504e-03   2.30384e-03
  19  wCBO_expOffset   2.00969e+02   1.11624e+00   8.28043e-04   1.59865e-02
  20  wCBO_expT    2.97532e+01   1.64706e-01   1.24365e-04   3.39520e-02
  21  wCBO_linCoeff   0.00000e+00   constant   
  22  wCBO_const   8.40950e-04   4.89623e-03   5.58848e-06  -2.90557e+00
 MIGRAD MINIMIZATION HAS CONVERGED.
 MIGRAD WILL VERIFY CONVERGENCE AND ERROR MATRIX.
 FCN=316.371 FROM MIGRAD    STATUS=CONVERGED      80 CALLS         711 TOTAL
                     EDM=1.08846e-06    STRATEGY= 1      ERR MATRIX NOT POS-DEF
  EXT PARAMETER                APPROXIMATE        STEP         FIRST   
  NO.   NAME      VALUE            ERROR          SIZE      DERIVATIVE 
   1  N0           3.33716e+06     fixed    
   2  tau          6.43904e+01   constant   
   3  A0           3.52278e-01     fixed    
   4  phi          4.12998e+00     fixed    
   5  R           -6.09611e+01   constant   
   6  A_CBO        9.74889e-04     fixed    
   7  w_CBO        2.32670e+00     fixed    
   8  phi_CBO      4.56230e+00   1.26695e+00   8.36904e-03  -7.01237e-04
   9  ANx2         2.14836e-04   constant   
  10  pNx2         2.09111e+00   constant   
  11  ANy1         0.00000e+00   constant   
  12  pNy1         0.00000e+00   constant   
  13  w_y          0.00000e+00   constant   
  14  ANy2        -1.79864e-04     fixed    
  15  pNy2         1.09622e+00   constant   
  16  w_vw         1.43115e+01   constant   
  17  LM          -4.64416e-04   constant   
  18  wCBO_expCoeff   2.06423e+02   8.17453e+00   5.73527e-03  -1.30960e-05
  19  wCBO_expOffset   2.00969e+02   1.17886e+00   8.26635e-04  -9.08684e-05
  20  wCBO_expT    2.97532e+01   1.73265e-01   1.24165e-04  -7.96947e-03
  21  wCBO_linCoeff   0.00000e+00   constant   
  22  wCBO_const   8.71339e-04   1.46085e-03   5.60541e-06  -1.53021e-01
 EXTERNAL ERROR MATRIX.    NDIM=  25    NPAR=  5    ERR DEF=1
  1.605e+00  3.916e-01  5.654e-02 -2.093e-02  8.684e-04 
  3.916e-01  6.682e+01 -5.556e+00 -6.434e-01  2.017e-03 
  5.654e-02 -5.556e+00  1.390e+00 -9.296e-02  2.911e-04 
 -2.093e-02 -6.434e-01 -9.296e-02  3.002e-02 -1.201e-04 
  8.684e-04  2.017e-03  2.911e-04 -1.201e-04  2.134e-06 
ERR MATRIX NOT POS-DEF
 PARAMETER  CORRELATION COEFFICIENTS  
       NO.  GLOBAL      8     18     19     20     22
        8  0.65443   1.000  0.038  0.038 -0.095  0.469
       18  0.99676   0.038  1.000 -0.577 -0.454  0.169
       19  0.99676   0.038 -0.577  1.000 -0.455  0.169
       20  0.99662  -0.095 -0.454 -0.455  1.000 -0.474
       22  0.89742   0.469  0.169  0.169 -0.474  1.000
 ERR MATRIX NOT POS-DEF
MINUIT - FIT ONLY 1-y
 **********
 **   60 **RES 
 **********
                   PARAMETER   14  ANy2 RESTORED TO VARIABLE.
                   PARAMETER    7  w_CBO RESTORED TO VARIABLE.
                   PARAMETER    6  A_CBO RESTORED TO VARIABLE.
                   PARAMETER    4  phi RESTORED TO VARIABLE.
                   PARAMETER    3  A0 RESTORED TO VARIABLE.
                   PARAMETER    1  N0 RESTORED TO VARIABLE.
 **********
 **   61 **FIX            0
 **********
 PARAMETER    0  IS UNDEFINED. IGNORED.
 **********
 **   62 **FIX            1
 **********
 **********
 **   63 **FIX            2
 **********
 PARAMETER    2  IS CONSTANT.   IGNORED.
 **********
 **   64 **FIX            3
 **********
 **********
 **   65 **FIX            4
 **********
 **********
 **   66 **FIX            5
 **********
 PARAMETER    5  IS CONSTANT.   IGNORED.
 **********
 **   67 **FIX            6
 **********
 **********
 **   68 **FIX            7
 **********
 **********
 **   69 **FIX            8
 **********
 **********
 **   70 **FIX            9
 **********
 PARAMETER    9  IS CONSTANT.   IGNORED.
 **********
 **   71 **FIX           13
 **********
 PARAMETER   13  IS CONSTANT.   IGNORED.
 **********
 **   72 **FIX           14
 **********
 **********
 **   73 **FIX           15
 **********
 PARAMETER   15  IS CONSTANT.   IGNORED.
 **********
 **   74 **FIX           16
 **********
 PARAMETER   16  IS CONSTANT.   IGNORED.
 **********
 **   75 **MIGRAD
 **********
 START MIGRAD MINIMIZATION.  STRATEGY  1.  CONVERGENCE WHEN EDM .LT. 1.00e-04
 FCN=316.371 FROM MIGRAD    STATUS=INITIATE        8 CALLS         719 TOTAL
                     EDM= unknown      STRATEGY= 1      NO ERROR MATRIX       
  EXT PARAMETER               CURRENT GUESS       STEP         FIRST   
  NO.   NAME      VALUE            ERROR          SIZE      DERIVATIVE 
   1  N0           3.33716e+06     fixed    
   2  tau          6.43904e+01   constant   
   3  A0           3.52278e-01     fixed    
   4  phi          4.12998e+00     fixed    
   5  R           -6.09611e+01   constant   
   6  A_CBO        9.74889e-04     fixed    
   7  w_CBO        2.32670e+00     fixed    
   8  phi_CBO      4.56230e+00     fixed    
   9  ANx2         2.14836e-04   constant   
  10  pNx2         2.09111e+00   constant   
  11  ANy1         0.00000e+00   constant   
  12  pNy1         0.00000e+00   constant   
  13  w_y          0.00000e+00   constant   
  14  ANy2        -1.79864e-04     fixed    
  15  pNy2         1.09622e+00   constant   
  16  w_vw         1.43115e+01   constant   
  17  LM          -4.64416e-04   constant   
  18  wCBO_expCoeff   2.06423e+02   8.17453e+00   5.73527e-03  -1.16578e-05
  19  wCBO_expOffset   2.00969e+02   1.17886e+00   8.26635e-04  -8.04743e-05
  20  wCBO_expT    2.97532e+01   1.73265e-01   1.24165e-04  -7.57574e-03
  21  wCBO_linCoeff   0.00000e+00   constant   
  22  wCBO_const   8.71339e-04   1.46085e-03   5.60541e-06  -1.57775e-01
 MIGRAD MINIMIZATION HAS CONVERGED.
 MIGRAD WILL VERIFY CONVERGENCE AND ERROR MATRIX.
 FCN=316.371 FROM MIGRAD    STATUS=CONVERGED      49 CALLS         760 TOTAL
                     EDM=7.7023e-07    STRATEGY= 1      ERR MATRIX NOT POS-DEF
  EXT PARAMETER                APPROXIMATE        STEP         FIRST   
  NO.   NAME      VALUE            ERROR          SIZE      DERIVATIVE 
   1  N0           3.33716e+06     fixed    
   2  tau          6.43904e+01   constant   
   3  A0           3.52278e-01     fixed    
   4  phi          4.12998e+00     fixed    
   5  R           -6.09611e+01   constant   
   6  A_CBO        9.74889e-04     fixed    
   7  w_CBO        2.32670e+00     fixed    
   8  phi_CBO      4.56230e+00     fixed    
   9  ANx2         2.14836e-04   constant   
  10  pNx2         2.09111e+00   constant   
  11  ANy1         0.00000e+00   constant   
  12  pNy1         0.00000e+00   constant   
  13  w_y          0.00000e+00   constant   
  14  ANy2        -1.79864e-04     fixed    
  15  pNy2         1.09622e+00   constant   
  16  w_vw         1.43115e+01   constant   
  17  LM          -4.64416e-04   constant   
  18  wCBO_expCoeff   2.06423e+02   8.54906e+00   5.73637e-03   1.37879e-04
  19  wCBO_expOffset   2.00969e+02   1.23292e+00   8.26824e-04   9.56580e-04
  20  wCBO_expT    2.97532e+01   1.79599e-01   1.24199e-04  -9.25948e-04
  21  wCBO_linCoeff   0.00000e+00   constant   
  22  wCBO_const   8.71355e-04   1.30234e-03   5.62345e-06   3.73248e-04
 EXTERNAL ERROR MATRIX.    NDIM=  25    NPAR=  4    ERR DEF=1
  7.309e+01 -6.149e+00 -6.924e-01  1.992e-03 
 -6.149e+00  1.520e+00 -1.001e-01  2.875e-04 
 -6.924e-01 -1.001e-01  3.226e-02 -1.174e-04 
  1.992e-03  2.875e-04 -1.174e-04  1.696e-06 
ERR MATRIX NOT POS-DEF
 PARAMETER  CORRELATION COEFFICIENTS  
       NO.  GLOBAL     18     19     20     22
       18  0.99704   1.000 -0.583 -0.451  0.179
       19  0.99704  -0.583  1.000 -0.452  0.179
       20  0.99685  -0.451 -0.452  1.000 -0.502
       22  0.86892   0.179  0.179 -0.502  1.000
 ERR MATRIX NOT POS-DEF
MINUIT - FIT ONLY 2-y
 **********
 **   76 **RES 
 **********
                   PARAMETER   14  ANy2 RESTORED TO VARIABLE.
                   PARAMETER    8  phi_CBO RESTORED TO VARIABLE.
                   PARAMETER    7  w_CBO RESTORED TO VARIABLE.
                   PARAMETER    6  A_CBO RESTORED TO VARIABLE.
                   PARAMETER    4  phi RESTORED TO VARIABLE.
                   PARAMETER    3  A0 RESTORED TO VARIABLE.
                   PARAMETER    1  N0 RESTORED TO VARIABLE.
 **********
 **   77 **FIX            0
 **********
 PARAMETER    0  IS UNDEFINED. IGNORED.
 **********
 **   78 **FIX            1
 **********
 **********
 **   79 **FIX            2
 **********
 PARAMETER    2  IS CONSTANT.   IGNORED.
 **********
 **   80 **FIX            3
 **********
 **********
 **   81 **FIX            4
 **********
 **********
 **   82 **FIX            5
 **********
 PARAMETER    5  IS CONSTANT.   IGNORED.
 **********
 **   83 **FIX            6
 **********
 **********
 **   84 **FIX            7
 **********
 **********
 **   85 **FIX            8
 **********
 **********
 **   86 **FIX            9
 **********
 PARAMETER    9  IS CONSTANT.   IGNORED.
 **********
 **   87 **FIX           10
 **********
 PARAMETER   10  IS CONSTANT.   IGNORED.
 **********
 **   88 **FIX           11
 **********
 PARAMETER   11  IS CONSTANT.   IGNORED.
 **********
 **   89 **FIX           12
 **********
 PARAMETER   12  IS CONSTANT.   IGNORED.
 **********
 **   90 **FIX           16
 **********
 PARAMETER   16  IS CONSTANT.   IGNORED.
 **********
 **   91 **MIGRAD
 **********
 START MIGRAD MINIMIZATION.  STRATEGY  1.  CONVERGENCE WHEN EDM .LT. 1.00e-04
 FCN=316.371 FROM MIGRAD    STATUS=INITIATE       10 CALLS         770 TOTAL
                     EDM= unknown      STRATEGY= 1      NO ERROR MATRIX       
  EXT PARAMETER               CURRENT GUESS       STEP         FIRST   
  NO.   NAME      VALUE            ERROR          SIZE      DERIVATIVE 
   1  N0           3.33716e+06     fixed    
   2  tau          6.43904e+01   constant   
   3  A0           3.52278e-01     fixed    
   4  phi          4.12998e+00     fixed    
   5  R           -6.09611e+01   constant   
   6  A_CBO        9.74889e-04     fixed    
   7  w_CBO        2.32670e+00     fixed    
   8  phi_CBO      4.56230e+00     fixed    
   9  ANx2         2.14836e-04   constant   
  10  pNx2         2.09111e+00   constant   
  11  ANy1         0.00000e+00   constant   
  12  pNy1         0.00000e+00   constant   
  13  w_y          0.00000e+00   constant   
  14  ANy2        -1.79864e-04   9.54042e-04   9.54042e-04   3.35043e-01
  15  pNy2         1.09622e+00   constant   
  16  w_vw         1.43115e+01   constant   
  17  LM          -4.64416e-04   constant   
  18  wCBO_expCoeff   2.06423e+02   8.54906e+00   5.73637e-03   1.39316e-04
  19  wCBO_expOffset   2.00969e+02   1.23292e+00   8.26824e-04   9.66958e-04
  20  wCBO_expT    2.97532e+01   1.79599e-01   1.24199e-04  -8.61040e-04
  21  wCBO_linCoeff   0.00000e+00   constant   
  22  wCBO_const   8.71355e-04   1.30234e-03   5.62345e-06  -4.11053e-04
 MIGRAD MINIMIZATION HAS CONVERGED.
 MIGRAD WILL VERIFY CONVERGENCE AND ERROR MATRIX.
 FCN=316.371 FROM MIGRAD    STATUS=CONVERGED      57 CALLS         817 TOTAL
                     EDM=7.69011e-07    STRATEGY= 1      ERR MATRIX NOT POS-DEF
  EXT PARAMETER                APPROXIMATE        STEP         FIRST   
  NO.   NAME      VALUE            ERROR          SIZE      DERIVATIVE 
   1  N0           3.33716e+06     fixed    
   2  tau          6.43904e+01   constant   
   3  A0           3.52278e-01     fixed    
   4  phi          4.12998e+00     fixed    
   5  R           -6.09611e+01   constant   
   6  A_CBO        9.74889e-04     fixed    
   7  w_CBO        2.32670e+00     fixed    
   8  phi_CBO      4.56230e+00     fixed    
   9  ANx2         2.14836e-04   constant   
  10  pNx2         2.09111e+00   constant   
  11  ANy1         0.00000e+00   constant   
  12  pNy1         0.00000e+00   constant   
  13  w_y          0.00000e+00   constant   
  14  ANy2        -1.80003e-04   9.54580e-04   8.32767e-06   3.21491e-02
  15  pNy2         1.09622e+00   constant   
  16  w_vw         1.43115e+01   constant   
  17  LM          -4.64416e-04   constant   
  18  wCBO_expCoeff   2.06423e+02   8.54907e+00   5.73633e-03  -9.76824e-05
  19  wCBO_expOffset   2.00969e+02   1.23294e+00   8.26820e-04  -6.77681e-04
  20  wCBO_expT    2.97532e+01   1.79600e-01   1.24198e-04  -1.17730e-02
  21  wCBO_linCoeff   0.00000e+00   constant   
  22  wCBO_const   8.71355e-04   1.30234e-03   5.62344e-06  -1.97279e-01
 EXTERNAL ERROR MATRIX.    NDIM=  25    NPAR=  5    ERR DEF=1
  9.112e-07 -1.686e-06 -2.439e-07  6.057e-08 -1.161e-09 
 -1.686e-06  7.309e+01 -6.149e+00 -6.924e-01  1.992e-03 
 -2.439e-07 -6.149e+00  1.520e+00 -1.001e-01  2.875e-04 
  6.057e-08 -6.924e-01 -1.001e-01  3.226e-02 -1.174e-04 
 -1.161e-09  1.992e-03  2.875e-04 -1.174e-04  1.696e-06 
ERR MATRIX NOT POS-DEF
 PARAMETER  CORRELATION COEFFICIENTS  
       NO.  GLOBAL     14     18     19     20     22
       14  0.00266   1.000 -0.000 -0.000  0.000 -0.001
       18  0.99704  -0.000  1.000 -0.583 -0.451  0.179
       19  0.99704  -0.000 -0.583  1.000 -0.452  0.179
       20  0.99685   0.000 -0.451 -0.452  1.000 -0.502
       22  0.86892  -0.001  0.179  0.179 -0.502  1.000
 ERR MATRIX NOT POS-DEF
MINUIT - FIT ALTOGETHER
 **********
 **   92 **RES 
 **********
                   PARAMETER    8  phi_CBO RESTORED TO VARIABLE.
                   PARAMETER    7  w_CBO RESTORED TO VARIABLE.
                   PARAMETER    6  A_CBO RESTORED TO VARIABLE.
                   PARAMETER    4  phi RESTORED TO VARIABLE.
                   PARAMETER    3  A0 RESTORED TO VARIABLE.
                   PARAMETER    1  N0 RESTORED TO VARIABLE.
 **********
 **   93 **MIGRAD
 **********
 START MIGRAD MINIMIZATION.  STRATEGY  1.  CONVERGENCE WHEN EDM .LT. 1.00e-04
 FCN=316.371 FROM MIGRAD    STATUS=INITIATE       22 CALLS         839 TOTAL
                     EDM= unknown      STRATEGY= 1      NO ERROR MATRIX       
  EXT PARAMETER               CURRENT GUESS       STEP         FIRST   
  NO.   NAME      VALUE            ERROR          SIZE      DERIVATIVE 
   1  N0           3.33716e+06   2.33014e+03   2.33014e+03  -3.44640e-05
   2  tau          6.43904e+01   constant   
   3  A0           3.52278e-01   9.05230e-04   9.05230e-04  -6.07347e+02
   4  phi          4.12998e+00   2.78525e-03   2.78525e-03  -3.83614e+01
   5  R           -6.09611e+01   constant   
   6  A_CBO        9.74889e-04   9.92729e-04   9.92729e-04  -6.97391e+00
   7  w_CBO        2.32670e+00   1.13772e-02   1.13772e-02  -9.41342e-02
   8  phi_CBO      4.56230e+00   1.26695e+00   1.26695e+00  -6.84501e-04
   9  ANx2         2.14836e-04   constant   
  10  pNx2         2.09111e+00   constant   
  11  ANy1         0.00000e+00   constant   
  12  pNy1         0.00000e+00   constant   
  13  w_y          0.00000e+00   constant   
  14  ANy2        -1.80003e-04   9.54580e-04   8.32767e-06   3.21489e-02
  15  pNy2         1.09622e+00   constant   
  16  w_vw         1.43115e+01   constant   
  17  LM          -4.64416e-04   constant   
  18  wCBO_expCoeff   2.06423e+02   8.54907e+00   5.73633e-03  -9.62414e-05
  19  wCBO_expOffset   2.00969e+02   1.23294e+00   8.26820e-04  -6.67298e-04
