 + ++++++++++++++++++++++++++++++++++++++++++++++++++++++++++++++++++++ +
 +                                                                      +
 +           You have chose to blind your fitting according to          +
 +                omega_ref * (1 + (R +/- deltaR) *10^{-6})             +
 +                                                                      +
 + ++++++++++++++++++++++++++++++++++++++++++++++++++++++++++++++++++++ +
In main()...
reading format from /gm2data/zkhechad/run45/envelope/formats/formatB_sBin_constraintOn.txt
pBinTau 	= 0  
pBinPhi 	= 0  
constraintau 	= 1 
includeMopTerm 	= 0    
constrainMop    = 0   
Parameters after format file: pBinTau 0 pBinPhi 0 constraintau 1 includeMopTerm 0 constrainMop 0 c_e_scale 0.000000 
reading cbo reference file (full fit) from /gm2data/zkhechad/cboTemplates/Run4CBOTemplates/fullFits/run4/sBin_constraintOn_cE0.0_seed0_run4_calo1.root
A_CBO 0.008450 w_CBO 2.327583 phi_CBO 2.512904 N0 3416164.907261 R -60.829491 tau 64.397625 
Reading cboRef file /gm2data/zkhechad/cboTemplates/Run4CBOTemplates//cboIsolate/run4_calo1.root
deltaT 164.120000
windowBins = 1100
fitting sliding window 2280 from bin 2483 at 370.463600 to bin 3583 at 534.583600 (1100 bins)

Reading data from /gm2data/cornell/histograms/aMethod/histogram_a_run4.root
fitting cbo isolate
 **********
 **    1 **SET PRINTOUT            1
 **********
 **********
 **    2 **SET NOWARNINGS 
 **********
 PARAMETER DEFINITIONS:
    NO.   NAME         VALUE      STEP SIZE      LIMITS
     1 A_CBO        8.44960e-03  1.00000e-05     no limits
     2 w_CBO        2.32758e+00  1.00000e-02    2.00000e+00  3.00000e+00
     3 phi_CBO      2.51290e+00  1.00000e-02    0.00000e+00  6.28319e+00
 **********
 **    3 **MIGRAD
 **********
 FIRST CALL TO USER FUNCTION AT NEW START POINT, WITH IFLAG=4.
 START MIGRAD MINIMIZATION.  STRATEGY  1.  CONVERGENCE WHEN EDM .LT. 1.00e-04
 FCN=0.235096 FROM MIGRAD    STATUS=INITIATE       12 CALLS          13 TOTAL
                     EDM= unknown      STRATEGY= 1      NO ERROR MATRIX       
  EXT PARAMETER               CURRENT GUESS       STEP         FIRST   
  NO.   NAME      VALUE            ERROR          SIZE      DERIVATIVE 
   1  A_CBO        8.44960e-03   1.00000e-05   1.00000e-05   7.24862e+00
   2  w_CBO        2.32758e+00   1.00000e-02   2.13091e-02   1.91531e+00
   3  phi_CBO      2.51290e+00   1.00000e-02   3.24882e-03  -2.79069e-02
 MIGRAD MINIMIZATION HAS CONVERGED.
 MIGRAD WILL VERIFY CONVERGENCE AND ERROR MATRIX.
 COVARIANCE MATRIX CALCULATED SUCCESSFULLY
 FCN=0.210736 FROM MIGRAD    STATUS=CONVERGED      59 CALLS          60 TOTAL
                     EDM=4.09968e-06    STRATEGY= 1      ERROR MATRIX ACCURATE 
  EXT PARAMETER                                   STEP         FIRST   
  NO.   NAME      VALUE            ERROR          SIZE      DERIVATIVE 
   1  A_CBO        2.06962e-03   4.29036e-02   2.29283e-05  -4.08680e-02
   2  w_CBO        2.32707e+00   3.17662e-01   5.84064e-05   1.95368e-02
   3  phi_CBO      2.74296e+00   3.25706e+00   3.91870e-03  -2.66400e-04
 EXTERNAL ERROR MATRIX.    NDIM=  25    NPAR=  3    ERR DEF=1
  1.841e-03 -1.605e-03 -7.030e-01 
 -1.605e-03  1.218e-01  5.428e+01 
 -7.030e-01  5.428e+01  2.461e+04 
 PARAMETER  CORRELATION COEFFICIENTS  
       NO.  GLOBAL      1      2      3
        1  0.10811   1.000 -0.107 -0.104
        2  0.99150  -0.107  1.000  0.991
        3  0.99149  -0.104  0.991  1.000
setting A_CBO=0.002070 w_CBO=2.327072, phi_CBO=2.742960
done fitting cbo isolate
 **********
 **    1 **SET PRINTOUT            1
 **********
 **********
 **    2 **SET NOWARNINGS 
 **********
 PARAMETER DEFINITIONS:
    NO.   NAME         VALUE      STEP SIZE      LIMITS
     1 N0           3.41616e+06  1.00000e+02     no limits
     2 tau          6.43976e+01  constant
     3 A0           3.54950e-01  1.00000e-04     no limits
     4 phi          4.12292e+00  1.00000e-02     no limits
     5 R           -6.08295e+01  constant
     6 A_CBO        2.06962e-03  1.00000e-05     no limits
     7 w_CBO        2.32707e+00  1.00000e-03     no limits
     8 phi_CBO      2.74296e+00  1.00000e-04     no limits
     9 ANx2         2.24467e-04  constant
    10 pNx2         2.31915e+00  constant
    11 ANy1         0.00000e+00  constant
    12 pNy1         0.00000e+00  constant
    13 w_y          0.00000e+00  constant
    14 ANy2         1.49899e-02  1.00000e-04     no limits
    15 pNy2         4.64502e+00  constant
    16 w_vw         1.43138e+01  constant
    17 LM          -1.76320e-04  constant
    18 wCBO_expCoeff   2.00000e+02  1.00000e+00     no limits
    19 wCBO_expOffset   2.00000e+02  1.00000e+00     no limits
    20 wCBO_expT    3.00000e+01  1.00000e+00     no limits
    21 wCBO_linCoeff   0.00000e+00  constant
    22 wCBO_const   0.00000e+00  1.00000e-02     no limits
MINUIT - FIT ONLY WIGGLE
 **********
 **    3 **FIX            5
 **********
 PARAMETER    5  IS CONSTANT.   IGNORED.
 **********
 **    4 **FIX            6
 **********
 **********
 **    5 **FIX            7
 **********
 **********
 **    6 **FIX            8
 **********
 **********
 **    7 **FIX            9
 **********
 PARAMETER    9  IS CONSTANT.   IGNORED.
 **********
 **    8 **FIX           10
 **********
 PARAMETER   10  IS CONSTANT.   IGNORED.
 **********
 **    9 **FIX           11
 **********
 PARAMETER   11  IS CONSTANT.   IGNORED.
 **********
 **   10 **FIX           12
 **********
 PARAMETER   12  IS CONSTANT.   IGNORED.
 **********
 **   11 **FIX           13
 **********
 PARAMETER   13  IS CONSTANT.   IGNORED.
 **********
 **   12 **FIX           14
 **********
 **********
 **   13 **FIX           15
 **********
 PARAMETER   15  IS CONSTANT.   IGNORED.
 **********
 **   14 **FIX           16
 **********
 PARAMETER   16  IS CONSTANT.   IGNORED.
 **********
 **   15 **MIGRAD
 **********
 FIRST CALL TO USER FUNCTION AT NEW START POINT, WITH IFLAG=4.
 START MIGRAD MINIMIZATION.  STRATEGY  1.  CONVERGENCE WHEN EDM .LT. 1.00e-04
 FCN=708.89 FROM MIGRAD    STATUS=INITIATE       30 CALLS          31 TOTAL
                     EDM= unknown      STRATEGY= 1      NO ERROR MATRIX       
  EXT PARAMETER               CURRENT GUESS       STEP         FIRST   
  NO.   NAME      VALUE            ERROR          SIZE      DERIVATIVE 
   1  N0           3.41616e+06   1.00000e+02   1.00000e+02   2.39822e-04
   2  tau          6.43976e+01   constant   
   3  A0           3.54950e-01   1.00000e-04   1.00000e-04   7.53146e+01
   4  phi          4.12292e+00   1.00000e-02   1.00000e-02  -1.05774e+03
   5  R           -6.08295e+01   constant   
   6  A_CBO        2.06962e-03     fixed    
   7  w_CBO        2.32707e+00     fixed    
   8  phi_CBO      2.74296e+00     fixed    
   9  ANx2         2.24467e-04   constant   
  10  pNx2         2.31915e+00   constant   
  11  ANy1         0.00000e+00   constant   
  12  pNy1         0.00000e+00   constant   
  13  w_y          0.00000e+00   constant   
  14  ANy2         1.49899e-02     fixed    
  15  pNy2         4.64502e+00   constant   
  16  w_vw         1.43138e+01   constant   
  17  LM          -1.76320e-04   constant   
  18  wCBO_expCoeff   2.00000e+02   1.00000e+00   1.00000e+00  -2.09002e+01
  19  wCBO_expOffset   2.00000e+02   1.00000e+00   1.00000e+00  -1.39321e+02
  20  wCBO_expT    3.00000e+01   1.00000e+00   1.00000e+00  -7.94391e+02
  21  wCBO_linCoeff   0.00000e+00   constant   
  22  wCBO_const   0.00000e+00   1.00000e-02   1.00000e-02  -6.53369e+03
 MIGRAD MINIMIZATION HAS CONVERGED.
 FCN=697.231 FROM MIGRAD    STATUS=CONVERGED     233 CALLS         234 TOTAL
                     EDM=2.44569e-08    STRATEGY= 1  ERROR MATRIX UNCERTAINTY   1.2 per cent
  EXT PARAMETER                                   STEP         FIRST   
  NO.   NAME      VALUE            ERROR          SIZE      DERIVATIVE 
   1  N0           3.41513e+06   1.93122e+03  -1.90687e+00   9.38882e-09
   2  tau          6.43976e+01   constant   
   3  A0           3.55195e-01   7.51310e-04   2.96939e-07   2.55971e-01
   4  phi          4.12622e+00   2.20231e-03  -4.40224e-06  -3.21588e-02
   5  R           -6.08295e+01   constant   
   6  A_CBO        2.06962e-03     fixed    
   7  w_CBO        2.32707e+00     fixed    
   8  phi_CBO      2.74296e+00     fixed    
   9  ANx2         2.24467e-04   constant   
  10  pNx2         2.31915e+00   constant   
  11  ANy1         0.00000e+00   constant   
  12  pNy1         0.00000e+00   constant   
  13  w_y          0.00000e+00   constant   
  14  ANy2         1.49899e-02     fixed    
  15  pNy2         4.64502e+00   constant   
  16  w_vw         1.43138e+01   constant   
  17  LM          -1.76320e-04   constant   
  18  wCBO_expCoeff   1.97791e+02   2.92362e+00   6.69882e-05  -2.60674e-04
  19  wCBO_expOffset   1.99666e+02   4.41708e-01   7.24919e-06  -1.70271e-03
  20  wCBO_expT    3.01828e+01   1.59839e-01   1.41607e-05  -8.86335e-03
  21  wCBO_linCoeff   0.00000e+00   constant   
  22  wCBO_const   4.96845e-04   1.09764e-03  -4.32699e-07   1.79764e-01
 EXTERNAL ERROR MATRIX.    NDIM=  25    NPAR=  7    ERR DEF=1
  3.730e+06  4.096e-02 -2.816e-02  1.814e+02  2.741e+01 -9.761e+00  2.307e-02 
  4.096e-02  5.645e-07  1.262e-08  1.905e-04  2.878e-05 -1.079e-05  9.087e-08 
 -2.816e-02  1.262e-08  4.850e-06 -2.387e-04 -3.604e-05  1.248e-05 -1.120e-09 
  1.814e+02  1.905e-04 -2.387e-04  8.548e+00  1.283e+00 -4.659e-01  2.311e-03 
  2.741e+01  2.878e-05 -3.604e-05  1.283e+00  1.951e-01 -7.039e-02  3.491e-04 
 -9.761e+00 -1.079e-05  1.248e-05 -4.659e-01 -7.039e-02  2.555e-02 -1.318e-04 
  2.307e-02  9.087e-08 -1.120e-09  2.311e-03  3.491e-04 -1.318e-04  1.205e-06 
 PARAMETER  CORRELATION COEFFICIENTS  
       NO.  GLOBAL      1      3      4     18     19     20     22
        1  0.04683   1.000  0.028 -0.007  0.032  0.032 -0.032  0.011
        3  0.11419   0.028  1.000  0.008  0.087  0.087 -0.090  0.110
        4  0.05405  -0.007  0.008  1.000 -0.037 -0.037  0.035 -0.000
       18  0.99868   0.032  0.087 -0.037  1.000  0.993 -0.997  0.720
       19  0.99869   0.032  0.087 -0.037  0.993  1.000 -0.997  0.720
       20  0.99963  -0.032 -0.090  0.035 -0.997 -0.997  1.000 -0.751
       22  0.93210   0.011  0.110 -0.000  0.720  0.720 -0.751  1.000
MINUIT - FIT ONLY 1-CBO + other amplitudes 
 **********
 **   16 **RES 
 **********
                   PARAMETER   14  ANy2 RESTORED TO VARIABLE.
                   PARAMETER    8  phi_CBO RESTORED TO VARIABLE.
                   PARAMETER    7  w_CBO RESTORED TO VARIABLE.
                   PARAMETER    6  A_CBO RESTORED TO VARIABLE.
 **********
 **   17 **FIX            0
 **********
 PARAMETER    0  IS UNDEFINED. IGNORED.
 **********
 **   18 **FIX            1
 **********
 **********
 **   19 **FIX            2
 **********
 PARAMETER    2  IS CONSTANT.   IGNORED.
 **********
 **   20 **FIX            3
 **********
 **********
 **   21 **FIX            4
 **********
 **********
 **   22 **FIX            9
 **********
 PARAMETER    9  IS CONSTANT.   IGNORED.
 **********
 **   23 **FIX           11
 **********
 PARAMETER   11  IS CONSTANT.   IGNORED.
 **********
 **   24 **FIX           12
 **********
 PARAMETER   12  IS CONSTANT.   IGNORED.
 **********
 **   25 **FIX           14
 **********
 **********
 **   26 **FIX           15
 **********
 PARAMETER   15  IS CONSTANT.   IGNORED.
 **********
 **   27 **FIX           16
 **********
 PARAMETER   16  IS CONSTANT.   IGNORED.
 **********
 **   28 **MIGRAD
 **********
 START MIGRAD MINIMIZATION.  STRATEGY  1.  CONVERGENCE WHEN EDM .LT. 1.00e-04
 FCN=697.231 FROM MIGRAD    STATUS=INITIATE       20 CALLS         254 TOTAL
                     EDM= unknown      STRATEGY= 1      NO ERROR MATRIX       
  EXT PARAMETER               CURRENT GUESS       STEP         FIRST   
  NO.   NAME      VALUE            ERROR          SIZE      DERIVATIVE 
   1  N0           3.41513e+06     fixed    
   2  tau          6.43976e+01   constant   
   3  A0           3.55195e-01     fixed    
   4  phi          4.12622e+00     fixed    
   5  R           -6.08295e+01   constant   
   6  A_CBO        2.06962e-03   1.00000e-05   1.00000e-05   6.18863e+02
   7  w_CBO        2.32707e+00   1.00000e-03   1.00000e-03   5.55318e-02
   8  phi_CBO      2.74296e+00   1.00000e-04   1.00000e-04   6.82875e-01
   9  ANx2         2.24467e-04   constant   
  10  pNx2         2.31915e+00   constant   
  11  ANy1         0.00000e+00   constant   
  12  pNy1         0.00000e+00   constant   
  13  w_y          0.00000e+00   constant   
  14  ANy2         1.49899e-02     fixed    
  15  pNy2         4.64502e+00   constant   
  16  w_vw         1.43138e+01   constant   
  17  LM          -1.76320e-04   constant   
  18  wCBO_expCoeff   1.97791e+02   2.92362e+00   6.69882e-05  -2.60685e-04
  19  wCBO_expOffset   1.99666e+02   4.41708e-01   7.24919e-06  -1.70279e-03
  20  wCBO_expT    3.01828e+01   1.59839e-01   1.41607e-05  -8.86371e-03
  21  wCBO_linCoeff   0.00000e+00   constant   
  22  wCBO_const   4.96845e-04   1.09764e-03  -4.32699e-07   1.79762e-01
 MIGRAD MINIMIZATION HAS CONVERGED.
 MIGRAD WILL VERIFY CONVERGENCE AND ERROR MATRIX.
 COVARIANCE MATRIX CALCULATED SUCCESSFULLY
 FCN=697.071 FROM HESSE     STATUS=OK             50 CALLS         385 TOTAL
                     EDM=0.00181758    STRATEGY= 1      ERROR MATRIX ACCURATE 
  EXT PARAMETER                                   STEP         FIRST   
  NO.   NAME      VALUE            ERROR          SIZE      DERIVATIVE 
   1  N0           3.41513e+06     fixed    
   2  tau          6.43976e+01   constant   
   3  A0           3.55195e-01     fixed    
   4  phi          4.12622e+00     fixed    
   5  R           -6.08295e+01   constant   
   6  A_CBO        1.84711e-03   8.14149e-04   1.03434e-05  -4.50905e+00
   7  w_CBO        2.32697e+00   2.67547e-02   8.55794e-06   1.29095e+00
   8  phi_CBO      2.48084e+00   8.40402e-01   5.62987e-03  -1.43275e-03
   9  ANx2         2.24467e-04   constant   
  10  pNx2         2.31915e+00   constant   
  11  ANy1         0.00000e+00   constant   
  12  pNy1         0.00000e+00   constant   
  13  w_y          0.00000e+00   constant   
  14  ANy2         1.49899e-02     fixed    
  15  pNy2         4.64502e+00   constant   
  16  w_vw         1.43138e+01   constant   
  17  LM          -1.76320e-04   constant   
  18  wCBO_expCoeff   1.97778e+02   4.18428e+00   2.16993e-03   1.15957e-02
  19  wCBO_expOffset   1.99664e+02   6.39110e-01   3.31148e-04   7.59838e-02
  20  wCBO_expT    3.01824e+01   9.75699e-02   5.69399e-05  -4.49011e-01
  21  wCBO_linCoeff   0.00000e+00   constant   
  22  wCBO_const   4.26159e-04   1.14589e-02   5.24877e-06   7.10347e-01
 MIGRAD MINIMIZATION HAS CONVERGED.
 FCN=697.066 FROM MIGRAD    STATUS=CONVERGED     182 CALLS         416 TOTAL
                     EDM=1.76358e-08    STRATEGY= 1  ERROR MATRIX UNCERTAINTY   3.4 per cent
  EXT PARAMETER                                   STEP         FIRST   
  NO.   NAME      VALUE            ERROR          SIZE      DERIVATIVE 
   1  N0           3.41513e+06     fixed    
   2  tau          6.43976e+01   constant   
   3  A0           3.55195e-01     fixed    
   4  phi          4.12622e+00     fixed    
   5  R           -6.08295e+01   constant   
   6  A_CBO        1.84613e-03   8.15553e-04  -3.68612e-06   8.46273e-02
   7  w_CBO        2.32644e+00   2.73836e-02  -2.08271e-06   2.51139e-02
   8  phi_CBO      2.46817e+00   8.54523e-01  -7.02579e-04   1.06917e-04
   9  ANx2         2.24467e-04   constant   
  10  pNx2         2.31915e+00   constant   
  11  ANy1         0.00000e+00   constant   
  12  pNy1         0.00000e+00   constant   
  13  w_y          0.00000e+00   constant   
  14  ANy2         1.49899e-02     fixed    
  15  pNy2         4.64502e+00   constant   
  16  w_vw         1.43138e+01   constant   
  17  LM          -1.76320e-04   constant   
  18  wCBO_expCoeff   1.97572e+02   4.76535e+00  -5.08475e-04   5.20880e-05
  19  wCBO_expOffset   1.99632e+02   7.28731e-01  -1.60081e-04   3.46327e-04
  20  wCBO_expT    3.01950e+01   1.70080e-01   5.50493e-05   1.12948e-03
  21  wCBO_linCoeff   0.00000e+00   constant   
  22  wCBO_const   5.82143e-04   1.15874e-02   1.81606e-07   4.87853e-02
 EXTERNAL ERROR MATRIX.    NDIM=  25    NPAR=  7    ERR DEF=1
  6.651e-07  3.904e-07  5.803e-05  1.431e-04  2.210e-05 -7.552e-06 -1.904e-07 
  3.904e-07  7.499e-04  1.576e-03 -9.679e-03 -1.509e-03 -1.212e-03 -3.153e-04 
  5.803e-05  1.576e-03  7.302e-01  5.119e-01  7.866e-02 -2.955e-02 -1.411e-04 
  1.431e-04 -9.679e-03  5.119e-01  2.271e+01 -7.028e-01 -4.736e-01  6.775e-03 
  2.210e-05 -1.509e-03  7.866e-02 -7.028e-01  5.310e-01 -7.260e-02  1.049e-03 
 -7.552e-06 -1.212e-03 -2.955e-02 -4.736e-01 -7.260e-02  2.893e-02  3.560e-04 
 -1.904e-07 -3.153e-04 -1.411e-04  6.775e-03  1.049e-03  3.560e-04  1.343e-04 
 PARAMETER  CORRELATION COEFFICIENTS  
       NO.  GLOBAL      6      7      8     18     19     20     22
        6  0.18277   1.000  0.017  0.083  0.037  0.037 -0.054 -0.020
        7  0.99971   0.017  1.000  0.067 -0.074 -0.076 -0.260 -0.994
        8  0.86006   0.083  0.067  1.000  0.126  0.126 -0.203 -0.014
       18  0.99938   0.037 -0.074  0.126  1.000 -0.202 -0.584  0.123
       19  0.99939   0.037 -0.076  0.126 -0.202  1.000 -0.586  0.124
       20  0.99967  -0.054 -0.260 -0.203 -0.584 -0.586  1.000  0.181
       22  0.99938  -0.020 -0.994 -0.014  0.123  0.124  0.181  1.000
MINUIT - FIT ONLY 1-CBO
 **********
 **   29 **RES 
 **********
                   PARAMETER   14  ANy2 RESTORED TO VARIABLE.
                   PARAMETER    4  phi RESTORED TO VARIABLE.
                   PARAMETER    3  A0 RESTORED TO VARIABLE.
                   PARAMETER    1  N0 RESTORED TO VARIABLE.
 **********
 **   30 **FIX            0
 **********
 PARAMETER    0  IS UNDEFINED. IGNORED.
 **********
 **   31 **FIX            1
 **********
 **********
 **   32 **FIX            2
 **********
 PARAMETER    2  IS CONSTANT.   IGNORED.
 **********
 **   33 **FIX            3
 **********
 **********
 **   34 **FIX            4
 **********
 **********
 **   35 **FIX            8
 **********
 **********
 **   36 **FIX            9
 **********
 PARAMETER    9  IS CONSTANT.   IGNORED.
 **********
 **   37 **FIX           11
 **********
 PARAMETER   11  IS CONSTANT.   IGNORED.
 **********
 **   38 **FIX           12
 **********
 PARAMETER   12  IS CONSTANT.   IGNORED.
 **********
 **   39 **FIX           13
 **********
 PARAMETER   13  IS CONSTANT.   IGNORED.
 **********
 **   40 **FIX           15
 **********
 PARAMETER   15  IS CONSTANT.   IGNORED.
 **********
 **   41 **FIX           16
 **********
 PARAMETER   16  IS CONSTANT.   IGNORED.
 **********
 **   42 **MIGRAD
 **********
 START MIGRAD MINIMIZATION.  STRATEGY  1.  CONVERGENCE WHEN EDM .LT. 1.00e-04
 FCN=697.066 FROM MIGRAD    STATUS=INITIATE       16 CALLS         432 TOTAL
                     EDM= unknown      STRATEGY= 1      NO ERROR MATRIX       
  EXT PARAMETER               CURRENT GUESS       STEP         FIRST   
  NO.   NAME      VALUE            ERROR          SIZE      DERIVATIVE 
   1  N0           3.41513e+06     fixed    
   2  tau          6.43976e+01   constant   
   3  A0           3.55195e-01     fixed    
   4  phi          4.12622e+00     fixed    
   5  R           -6.08295e+01   constant   
   6  A_CBO        1.84613e-03   8.15553e-04  -3.68612e-06   8.46274e-02
   7  w_CBO        2.32644e+00   2.73836e-02  -2.08271e-06   2.51094e-02
   8  phi_CBO      2.46817e+00     fixed    
   9  ANx2         2.24467e-04   constant   
  10  pNx2         2.31915e+00   constant   
  11  ANy1         0.00000e+00   constant   
  12  pNy1         0.00000e+00   constant   
  13  w_y          0.00000e+00   constant   
  14  ANy2         1.49899e-02   1.00000e-04   1.00000e-04   4.67951e+04
  15  pNy2         4.64502e+00   constant   
  16  w_vw         1.43138e+01   constant   
  17  LM          -1.76320e-04   constant   
  18  wCBO_expCoeff   1.97572e+02   4.76535e+00  -5.08475e-04   5.20509e-05
  19  wCBO_expOffset   1.99632e+02   7.28731e-01  -1.60081e-04   3.46087e-04
  20  wCBO_expT    3.01950e+01   1.70080e-01   5.50493e-05   1.12819e-03
  21  wCBO_linCoeff   0.00000e+00   constant   
  22  wCBO_const   5.82143e-04   1.15874e-02   1.81606e-07   4.87828e-02
 MIGRAD MINIMIZATION HAS CONVERGED.
 MIGRAD WILL VERIFY CONVERGENCE AND ERROR MATRIX.
 FCN=342.435 FROM MIGRAD    STATUS=CONVERGED     229 CALLS         645 TOTAL
                     EDM=1.13853e-06    STRATEGY= 1      ERR MATRIX NOT POS-DEF
  EXT PARAMETER                APPROXIMATE        STEP         FIRST   
  NO.   NAME      VALUE            ERROR          SIZE      DERIVATIVE 
   1  N0           3.41513e+06     fixed    
   2  tau          6.43976e+01   constant   
   3  A0           3.55195e-01     fixed    
   4  phi          4.12622e+00     fixed    
   5  R           -6.08295e+01   constant   
   6  A_CBO        8.10525e-04   8.15048e-04   7.19140e-06  -1.83541e+00
   7  w_CBO        2.32551e+00   1.21806e-02   1.17664e-05  -2.60244e-01
   8  phi_CBO      2.46817e+00     fixed    
   9  ANx2         2.24467e-04   constant   
  10  pNx2         2.31915e+00   constant   
  11  ANy1         0.00000e+00   constant   
  12  pNy1         0.00000e+00   constant   
  13  w_y          0.00000e+00   constant   
  14  ANy2        -1.71372e-04   8.01604e-04   7.26696e-06   7.07482e-03
  15  pNy2         4.64502e+00   constant   
  16  w_vw         1.43138e+01   constant   
  17  LM          -1.76320e-04   constant   
  18  wCBO_expCoeff   1.96577e+02   5.06830e+00   3.89982e-03  -1.37131e-04
  19  wCBO_expOffset   1.99480e+02   7.80186e-01   6.00158e-04  -8.91112e-04
  20  wCBO_expT    3.02510e+01   1.23512e-01   1.00515e-04  -8.41060e-03
  21  wCBO_linCoeff   0.00000e+00   constant   
  22  wCBO_const   9.30247e-04   5.23732e-03   6.30172e-06  -5.77952e-01
 EXTERNAL ERROR MATRIX.    NDIM=  25    NPAR=  7    ERR DEF=1
  6.643e-07 -2.392e-08  4.830e-08  9.725e-05  1.498e-05 -6.044e-06 -5.644e-08 
 -2.392e-08  1.484e-04  1.753e-09 -3.629e-03 -5.623e-04 -1.531e-04 -6.228e-05 
  4.830e-08  1.753e-09  6.426e-07  7.208e-06  1.107e-06 -7.672e-07 -3.294e-09 
  9.725e-05 -3.629e-03  7.208e-06  2.569e+01 -2.344e+00 -2.722e-01  2.595e-03 
  1.498e-05 -5.623e-04  1.107e-06 -2.344e+00  6.087e-01 -4.194e-02  4.010e-04 
 -6.044e-06 -1.531e-04 -7.672e-07 -2.722e-01 -4.194e-02  1.526e-02 -5.472e-06 
 -5.644e-08 -6.228e-05 -3.294e-09  2.595e-03  4.010e-04 -5.472e-06  2.743e-05 
ERR MATRIX NOT POS-DEF
 PARAMETER  CORRELATION COEFFICIENTS  
       NO.  GLOBAL      6      7     14     18     19     20     22
        6  0.24258   1.000 -0.002  0.074  0.024  0.024 -0.060 -0.013
        7  0.99435  -0.002  1.000  0.000 -0.059 -0.059 -0.102 -0.976
       14  0.08074   0.074  0.000  1.000  0.002  0.002 -0.008 -0.001
       18  0.99642   0.024 -0.059  0.002  1.000 -0.593 -0.435  0.098
       19  0.99642   0.024 -0.059  0.002 -0.593  1.000 -0.435  0.098
       20  0.99599  -0.060 -0.102 -0.008 -0.435 -0.435  1.000 -0.008
       22  0.99121  -0.013 -0.976 -0.001  0.098  0.098 -0.008  1.000
 ERR MATRIX NOT POS-DEF
MINUIT - FIT ONLY 2-CBO
 **********
 **   43 **RES 
 **********
                   PARAMETER    8  phi_CBO RESTORED TO VARIABLE.
                   PARAMETER    4  phi RESTORED TO VARIABLE.
                   PARAMETER    3  A0 RESTORED TO VARIABLE.
                   PARAMETER    1  N0 RESTORED TO VARIABLE.
 **********
 **   44 **FIX            0
 **********
 PARAMETER    0  IS UNDEFINED. IGNORED.
 **********
 **   45 **FIX            1
 **********
 **********
 **   46 **FIX            2
 **********
 PARAMETER    2  IS CONSTANT.   IGNORED.
 **********
 **   47 **FIX            3
 **********
 **********
 **   48 **FIX            4
 **********
 **********
 **   49 **FIX            5
 **********
 PARAMETER    5  IS CONSTANT.   IGNORED.
 **********
 **   50 **FIX            6
 **********
 **********
 **   51 **FIX            7
 **********
 **********
 **   52 **FIX           10
 **********
 PARAMETER   10  IS CONSTANT.   IGNORED.
 **********
 **   53 **FIX           11
 **********
 PARAMETER   11  IS CONSTANT.   IGNORED.
 **********
 **   54 **FIX           12
 **********
 PARAMETER   12  IS CONSTANT.   IGNORED.
 **********
 **   55 **FIX           13
 **********
 PARAMETER   13  IS CONSTANT.   IGNORED.
 **********
 **   56 **FIX           14
 **********
 **********
 **   57 **FIX           15
 **********
 PARAMETER   15  IS CONSTANT.   IGNORED.
 **********
 **   58 **FIX           16
 **********
 PARAMETER   16  IS CONSTANT.   IGNORED.
 **********
 **   59 **MIGRAD
 **********
 START MIGRAD MINIMIZATION.  STRATEGY  1.  CONVERGENCE WHEN EDM .LT. 1.00e-04
 FCN=342.435 FROM MIGRAD    STATUS=INITIATE       12 CALLS         657 TOTAL
                     EDM= unknown      STRATEGY= 1      NO ERROR MATRIX       
  EXT PARAMETER               CURRENT GUESS       STEP         FIRST   
  NO.   NAME      VALUE            ERROR          SIZE      DERIVATIVE 
   1  N0           3.41513e+06     fixed    
   2  tau          6.43976e+01   constant   
   3  A0           3.55195e-01     fixed    
   4  phi          4.12622e+00     fixed    
   5  R           -6.08295e+01   constant   
   6  A_CBO        8.10525e-04     fixed    
   7  w_CBO        2.32551e+00     fixed    
   8  phi_CBO      2.46817e+00   8.54523e-01   8.54523e-01  -7.10851e-01
   9  ANx2         2.24467e-04   constant   
  10  pNx2         2.31915e+00   constant   
  11  ANy1         0.00000e+00   constant   
  12  pNy1         0.00000e+00   constant   
  13  w_y          0.00000e+00   constant   
  14  ANy2        -1.71372e-04     fixed    
  15  pNy2         4.64502e+00   constant   
  16  w_vw         1.43138e+01   constant   
  17  LM          -1.76320e-04   constant   
  18  wCBO_expCoeff   1.96577e+02   5.06830e+00   3.89982e-03  -1.30734e-04
  19  wCBO_expOffset   1.99480e+02   7.80186e-01   6.00158e-04  -8.49096e-04
  20  wCBO_expT    3.02510e+01   1.23512e-01   1.00515e-04  -8.15908e-03
  21  wCBO_linCoeff   0.00000e+00   constant   
  22  wCBO_const   9.30247e-04   5.23732e-03   6.30172e-06  -5.65472e-01
 MIGRAD MINIMIZATION HAS CONVERGED.
 MIGRAD WILL VERIFY CONVERGENCE AND ERROR MATRIX.
 FCN=342.225 FROM HESSE     STATUS=NOT POSDEF     31 CALLS         733 TOTAL
                     EDM=0.000532181    STRATEGY= 1      ERR MATRIX NOT POS-DEF
  EXT PARAMETER                APPROXIMATE        STEP         FIRST   
  NO.   NAME      VALUE            ERROR          SIZE      DERIVATIVE 
   1  N0           3.41513e+06     fixed    
   2  tau          6.43976e+01   constant   
   3  A0           3.55195e-01     fixed    
   4  phi          4.12622e+00     fixed    
   5  R           -6.08295e+01   constant   
   6  A_CBO        8.10525e-04     fixed    
   7  w_CBO        2.32551e+00     fixed    
   8  phi_CBO      3.04654e+00   1.24717e+00   8.61586e-03  -4.23888e-04
   9  ANx2         2.24467e-04   constant   
  10  pNx2         2.31915e+00   constant   
  11  ANy1         0.00000e+00   constant   
  12  pNy1         0.00000e+00   constant   
  13  w_y          0.00000e+00   constant   
  14  ANy2        -1.71372e-04     fixed    
  15  pNy2         4.64502e+00   constant   
  16  w_vw         1.43138e+01   constant   
  17  LM          -1.76320e-04   constant   
  18  wCBO_expCoeff   1.96588e+02   5.04610e+00   3.68394e-03  -5.61889e-03
  19  wCBO_expOffset   1.99482e+02   7.76844e-01   5.66913e-04  -3.65140e-02
  20  wCBO_expT    3.02515e+01   1.21340e-01   9.46054e-05   1.63682e-01
  21  wCBO_linCoeff   0.00000e+00   constant   
  22  wCBO_const   1.14089e-03   1.22511e-03   5.98466e-06  -1.90528e+00
 MIGRAD MINIMIZATION HAS CONVERGED.
 MIGRAD WILL VERIFY CONVERGENCE AND ERROR MATRIX.
 FCN=342.223 FROM MIGRAD    STATUS=CONVERGED     131 CALLS         776 TOTAL
                     EDM=1.71599e-05    STRATEGY= 1      ERR MATRIX NOT POS-DEF
  EXT PARAMETER                APPROXIMATE        STEP         FIRST   
  NO.   NAME      VALUE            ERROR          SIZE      DERIVATIVE 
   1  N0           3.41513e+06     fixed    
   2  tau          6.43976e+01   constant   
   3  A0           3.55195e-01     fixed    
   4  phi          4.12622e+00     fixed    
   5  R           -6.08295e+01   constant   
   6  A_CBO        8.10525e-04     fixed    
   7  w_CBO        2.32551e+00     fixed    
   8  phi_CBO      3.05785e+00   1.24948e+00   8.60939e-03   1.79744e-03
   9  ANx2         2.24467e-04   constant   
  10  pNx2         2.31915e+00   constant   
  11  ANy1         0.00000e+00   constant   
  12  pNy1         0.00000e+00   constant   
  13  w_y          0.00000e+00   constant   
  14  ANy2        -1.71372e-04     fixed    
  15  pNy2         4.64502e+00   constant   
  16  w_vw         1.43138e+01   constant   
  17  LM          -1.76320e-04   constant   
  18  wCBO_expCoeff   1.96825e+02   5.06998e+00   3.67444e-03   6.72128e-03
  19  wCBO_expOffset   1.99519e+02   7.79071e-01   5.65433e-04   4.37494e-02
  20  wCBO_expT    3.02386e+01   1.22216e-01   9.43382e-05   2.73041e-01
  21  wCBO_linCoeff   0.00000e+00   constant   
  22  wCBO_const   1.20684e-03   1.22562e-03   5.97897e-06   4.61623e+00
 EXTERNAL ERROR MATRIX.    NDIM=  25    NPAR=  5    ERR DEF=1
  1.561e+00  1.759e-01  2.708e-02 -6.993e-03  6.246e-04 
  1.759e-01  2.570e+01 -2.376e+00 -2.741e-01  1.200e-03 
  2.708e-02 -2.376e+00  6.070e-01 -4.215e-02  1.845e-04 
 -6.993e-03 -2.741e-01 -4.215e-02  1.494e-02 -7.529e-05 
  6.246e-04  1.200e-03  1.845e-04 -7.529e-05  1.502e-06 
ERR MATRIX NOT POS-DEF
 PARAMETER  CORRELATION COEFFICIENTS  
       NO.  GLOBAL      8     18     19     20     22
        8  0.65357   1.000  0.028  0.028 -0.046  0.408
       18  0.99678   0.028  1.000 -0.602 -0.442  0.193
       19  0.99678   0.028 -0.602  1.000 -0.443  0.193
       20  0.99636  -0.046 -0.442 -0.443  1.000 -0.503
       22  0.84308   0.408  0.193  0.193 -0.503  1.000
 ERR MATRIX NOT POS-DEF
MINUIT - FIT ONLY 1-y
 **********
 **   60 **RES 
 **********
                   PARAMETER   14  ANy2 RESTORED TO VARIABLE.
                   PARAMETER    7  w_CBO RESTORED TO VARIABLE.
                   PARAMETER    6  A_CBO RESTORED TO VARIABLE.
                   PARAMETER    4  phi RESTORED TO VARIABLE.
                   PARAMETER    3  A0 RESTORED TO VARIABLE.
                   PARAMETER    1  N0 RESTORED TO VARIABLE.
 **********
 **   61 **FIX            0
 **********
 PARAMETER    0  IS UNDEFINED. IGNORED.
 **********
 **   62 **FIX            1
 **********
 **********
 **   63 **FIX            2
 **********
 PARAMETER    2  IS CONSTANT.   IGNORED.
 **********
 **   64 **FIX            3
 **********
 **********
 **   65 **FIX            4
 **********
 **********
 **   66 **FIX            5
 **********
 PARAMETER    5  IS CONSTANT.   IGNORED.
 **********
 **   67 **FIX            6
 **********
 **********
 **   68 **FIX            7
 **********
 **********
 **   69 **FIX            8
 **********
 **********
 **   70 **FIX            9
 **********
 PARAMETER    9  IS CONSTANT.   IGNORED.
 **********
 **   71 **FIX           13
 **********
 PARAMETER   13  IS CONSTANT.   IGNORED.
 **********
 **   72 **FIX           14
 **********
 **********
 **   73 **FIX           15
 **********
 PARAMETER   15  IS CONSTANT.   IGNORED.
 **********
 **   74 **FIX           16
 **********
 PARAMETER   16  IS CONSTANT.   IGNORED.
 **********
 **   75 **MIGRAD
 **********
 START MIGRAD MINIMIZATION.  STRATEGY  1.  CONVERGENCE WHEN EDM .LT. 1.00e-04
 FCN=342.223 FROM MIGRAD    STATUS=INITIATE        8 CALLS         784 TOTAL
                     EDM= unknown      STRATEGY= 1      NO ERROR MATRIX       
  EXT PARAMETER               CURRENT GUESS       STEP         FIRST   
  NO.   NAME      VALUE            ERROR          SIZE      DERIVATIVE 
   1  N0           3.41513e+06     fixed    
   2  tau          6.43976e+01   constant   
   3  A0           3.55195e-01     fixed    
   4  phi          4.12622e+00     fixed    
   5  R           -6.08295e+01   constant   
   6  A_CBO        8.10525e-04     fixed    
   7  w_CBO        2.32551e+00     fixed    
   8  phi_CBO      3.05785e+00     fixed    
   9  ANx2         2.24467e-04   constant   
  10  pNx2         2.31915e+00   constant   
  11  ANy1         0.00000e+00   constant   
  12  pNy1         0.00000e+00   constant   
  13  w_y          0.00000e+00   constant   
  14  ANy2        -1.71372e-04     fixed    
  15  pNy2         4.64502e+00   constant   
  16  w_vw         1.43138e+01   constant   
  17  LM          -1.76320e-04   constant   
  18  wCBO_expCoeff   1.96825e+02   5.06998e+00   3.67444e-03   6.73235e-03
  19  wCBO_expOffset   1.99519e+02   7.79071e-01   5.65433e-04   4.38240e-02
  20  wCBO_expT    3.02386e+01   1.22216e-01   9.43382e-05   2.73529e-01
  21  wCBO_linCoeff   0.00000e+00   constant   
  22  wCBO_const   1.20684e-03   1.22562e-03   5.97897e-06   4.61652e+00
 MIGRAD MINIMIZATION HAS CONVERGED.
 MIGRAD WILL VERIFY CONVERGENCE AND ERROR MATRIX.
 FCN=342.223 FROM MIGRAD    STATUS=CONVERGED      41 CALLS         817 TOTAL
                     EDM=5.36884e-07    STRATEGY= 1      ERR MATRIX NOT POS-DEF
  EXT PARAMETER                APPROXIMATE        STEP         FIRST   
  NO.   NAME      VALUE            ERROR          SIZE      DERIVATIVE 
   1  N0           3.41513e+06     fixed    
   2  tau          6.43976e+01   constant   
   3  A0           3.55195e-01     fixed    
   4  phi          4.12622e+00     fixed    
   5  R           -6.08295e+01   constant   
   6  A_CBO        8.10525e-04     fixed    
   7  w_CBO        2.32551e+00     fixed    
   8  phi_CBO      3.05785e+00     fixed    
   9  ANx2         2.24467e-04   constant   
  10  pNx2         2.31915e+00   constant   
  11  ANy1         0.00000e+00   constant   
  12  pNy1         0.00000e+00   constant   
  13  w_y          0.00000e+00   constant   
  14  ANy2        -1.71372e-04     fixed    
  15  pNy2         4.64502e+00   constant   
  16  w_vw         1.43138e+01   constant   
  17  LM          -1.76320e-04   constant   
  18  wCBO_expCoeff   1.96825e+02   5.34073e+00   3.68757e-03  -5.13983e-04
  19  wCBO_expOffset   1.99519e+02   8.20764e-01   5.66527e-04  -3.34545e-03
  20  wCBO_expT    3.02386e+01   1.27479e-01   9.45384e-05  -1.18318e-02
  21  wCBO_linCoeff   0.00000e+00   constant   
  22  wCBO_const   1.20656e-03   1.13253e-03   5.97901e-06   7.34208e-01
 EXTERNAL ERROR MATRIX.    NDIM=  25    NPAR=  4    ERR DEF=1
  2.852e+01 -2.676e+00 -2.980e-01  1.245e-03 
 -2.676e+00  6.737e-01 -4.585e-02  1.915e-04 
 -2.980e-01 -4.585e-02  1.625e-02 -7.880e-05 
  1.245e-03  1.915e-04 -7.880e-05  1.283e-06 
ERR MATRIX NOT POS-DEF
 PARAMETER  CORRELATION COEFFICIENTS  
       NO.  GLOBAL     18     19     20     22
       18  0.99710   1.000 -0.610 -0.438  0.206
       19  0.99710  -0.610  1.000 -0.438  0.206
       20  0.99665  -0.438 -0.438  1.000 -0.546
       22  0.81309   0.206  0.206 -0.546  1.000
 ERR MATRIX NOT POS-DEF
MINUIT - FIT ONLY 2-y
 **********
 **   76 **RES 
 **********
                   PARAMETER   14  ANy2 RESTORED TO VARIABLE.
                   PARAMETER    8  phi_CBO RESTORED TO VARIABLE.
                   PARAMETER    7  w_CBO RESTORED TO VARIABLE.
                   PARAMETER    6  A_CBO RESTORED TO VARIABLE.
                   PARAMETER    4  phi RESTORED TO VARIABLE.
                   PARAMETER    3  A0 RESTORED TO VARIABLE.
                   PARAMETER    1  N0 RESTORED TO VARIABLE.
 **********
 **   77 **FIX            0
 **********
 PARAMETER    0  IS UNDEFINED. IGNORED.
 **********
 **   78 **FIX            1
 **********
 **********
 **   79 **FIX            2
 **********
 PARAMETER    2  IS CONSTANT.   IGNORED.
 **********
 **   80 **FIX            3
 **********
 **********
 **   81 **FIX            4
 **********
 **********
 **   82 **FIX            5
 **********
 PARAMETER    5  IS CONSTANT.   IGNORED.
 **********
 **   83 **FIX            6
 **********
 **********
 **   84 **FIX            7
 **********
 **********
 **   85 **FIX            8
 **********
 **********
 **   86 **FIX            9
 **********
 PARAMETER    9  IS CONSTANT.   IGNORED.
 **********
 **   87 **FIX           10
 **********
 PARAMETER   10  IS CONSTANT.   IGNORED.
 **********
 **   88 **FIX           11
 **********
 PARAMETER   11  IS CONSTANT.   IGNORED.
 **********
 **   89 **FIX           12
 **********
 PARAMETER   12  IS CONSTANT.   IGNORED.
 **********
 **   90 **FIX           16
 **********
 PARAMETER   16  IS CONSTANT.   IGNORED.
 **********
 **   91 **MIGRAD
 **********
 START MIGRAD MINIMIZATION.  STRATEGY  1.  CONVERGENCE WHEN EDM .LT. 1.00e-04
 FCN=342.223 FROM MIGRAD    STATUS=INITIATE       10 CALLS         827 TOTAL
                     EDM= unknown      STRATEGY= 1      NO ERROR MATRIX       
  EXT PARAMETER               CURRENT GUESS       STEP         FIRST   
  NO.   NAME      VALUE            ERROR          SIZE      DERIVATIVE 
   1  N0           3.41513e+06     fixed    
   2  tau          6.43976e+01   constant   
   3  A0           3.55195e-01     fixed    
   4  phi          4.12622e+00     fixed    
   5  R           -6.08295e+01   constant   
   6  A_CBO        8.10525e-04     fixed    
   7  w_CBO        2.32551e+00     fixed    
   8  phi_CBO      3.05785e+00     fixed    
   9  ANx2         2.24467e-04   constant   
  10  pNx2         2.31915e+00   constant   
  11  ANy1         0.00000e+00   constant   
  12  pNy1         0.00000e+00   constant   
  13  w_y          0.00000e+00   constant   
  14  ANy2        -1.71372e-04   8.01604e-04   8.01604e-04   4.52917e+01
  15  pNy2         4.64502e+00   constant   
  16  w_vw         1.43138e+01   constant   
  17  LM          -1.76320e-04   constant   
  18  wCBO_expCoeff   1.96825e+02   5.34073e+00   3.68757e-03  -5.02761e-04
  19  wCBO_expOffset   1.99519e+02   8.20764e-01   5.66527e-04  -3.26980e-03
  20  wCBO_expT    3.02386e+01   1.27479e-01   9.45384e-05  -1.13381e-02
  21  wCBO_linCoeff   0.00000e+00   constant   
  22  wCBO_const   1.20656e-03   1.13253e-03   5.97901e-06   7.34538e-01
 MIGRAD MINIMIZATION HAS CONVERGED.
 MIGRAD WILL VERIFY CONVERGENCE AND ERROR MATRIX.
 FCN=342.223 FROM MIGRAD    STATUS=CONVERGED      52 CALLS         869 TOTAL
                     EDM=2.69939e-07    STRATEGY= 1      ERR MATRIX NOT POS-DEF
  EXT PARAMETER                APPROXIMATE        STEP         FIRST   
  NO.   NAME      VALUE            ERROR          SIZE      DERIVATIVE 
   1  N0           3.41513e+06     fixed    
   2  tau          6.43976e+01   constant   
   3  A0           3.55195e-01     fixed    
   4  phi          4.12622e+00     fixed    
   5  R           -6.08295e+01   constant   
   6  A_CBO        8.10525e-04     fixed    
   7  w_CBO        2.32551e+00     fixed    
   8  phi_CBO      3.05785e+00     fixed    
   9  ANx2         2.24467e-04   constant   
  10  pNx2         2.31915e+00   constant   
  11  ANy1         0.00000e+00   constant   
  12  pNy1         0.00000e+00   constant   
  13  w_y          0.00000e+00   constant   
  14  ANy2        -1.85977e-04   8.01137e-04   7.26480e-06   1.55518e-03
  15  pNy2         4.64502e+00   constant   
  16  w_vw         1.43138e+01   constant   
  17  LM          -1.76320e-04   constant   
  18  wCBO_expCoeff   1.96825e+02   5.34362e+00   3.68806e-03  -1.41382e-03
  19  wCBO_expOffset   1.99519e+02   8.21232e-01   5.66603e-04  -9.20253e-03
  20  wCBO_expT    3.02386e+01   1.27530e-01   9.45519e-05  -5.14150e-02
  21  wCBO_linCoeff   0.00000e+00   constant   
  22  wCBO_const   1.20640e-03   1.13261e-03   5.97934e-06  -1.83537e-01
 EXTERNAL ERROR MATRIX.    NDIM=  25    NPAR=  5    ERR DEF=1
  6.418e-07  1.224e-05  1.882e-06 -7.633e-07  4.496e-10 
  1.224e-05  2.855e+01 -2.679e+00 -2.982e-01  1.246e-03 
  1.882e-06 -2.679e+00  6.744e-01 -4.589e-02  1.917e-04 
 -7.633e-07 -2.982e-01 -4.589e-02  1.626e-02 -7.884e-05 
