 + ++++++++++++++++++++++++++++++++++++++++++++++++++++++++++++++++++++ +
 +                                                                      +
 +           You have chose to blind your fitting according to          +
 +                omega_ref * (1 + (R +/- deltaR) *10^{-6})             +
 +                                                                      +
 + ++++++++++++++++++++++++++++++++++++++++++++++++++++++++++++++++++++ +
In main()...
reading format from /gm2data/zkhechad/run45/envelope/formats/formatB_sBin_constraintOn.txt
pBinTau 	= 0  
pBinPhi 	= 0  
constraintau 	= 1 
includeMopTerm 	= 0    
constrainMop    = 0   
Parameters after format file: pBinTau 0 pBinPhi 0 constraintau 1 includeMopTerm 0 constrainMop 0 c_e_scale 0.000000 
reading cbo reference file (full fit) from /gm2data/zkhechad/cboTemplates/Run4CBOTemplates/fullFits/run4/sBin_constraintOn_cE0.0_seed0_run4_calo11.root
A_CBO 0.010027 w_CBO 2.327222 phi_CBO 0.184420 N0 3062002.636939 R -61.179583 tau 64.395304 
Reading cboRef file /gm2data/zkhechad/cboTemplates/Run4CBOTemplates//cboIsolate/run4_calo11.root
deltaT 11.067517
windowBins = 120
fitting sliding window 340 from bin 543 at 81.015600 to bin 663 at 98.919600 (120 bins)

Reading data from /gm2data/cornell/histograms/aMethod/histogram_a_run4.root
fitting cbo isolate
 **********
 **    1 **SET PRINTOUT            1
 **********
 **********
 **    2 **SET NOWARNINGS 
 **********
 PARAMETER DEFINITIONS:
    NO.   NAME         VALUE      STEP SIZE      LIMITS
     1 A_CBO        1.00270e-02  1.00000e-05     no limits
     2 w_CBO        2.32722e+00  1.00000e-02    2.00000e+00  3.00000e+00
     3 phi_CBO      1.84420e-01  1.00000e-02    0.00000e+00  6.28319e+00
 **********
 **    3 **MIGRAD
 **********
 FIRST CALL TO USER FUNCTION AT NEW START POINT, WITH IFLAG=4.
 START MIGRAD MINIMIZATION.  STRATEGY  1.  CONVERGENCE WHEN EDM .LT. 1.00e-04
 FCN=0.00103952 FROM MIGRAD    STATUS=INITIATE       10 CALLS          11 TOTAL
                     EDM= unknown      STRATEGY= 1      NO ERROR MATRIX       
  EXT PARAMETER               CURRENT GUESS       STEP         FIRST   
  NO.   NAME      VALUE            ERROR          SIZE      DERIVATIVE 
   1  A_CBO        1.00270e-02   1.00000e-05   1.00000e-05   4.78793e-01
   2  w_CBO        2.32722e+00   1.00000e-02   2.13152e-02   2.00407e-03
   3  phi_CBO      1.84420e-01   1.00000e-02   9.43260e-03  -4.77412e-05
 MIGRAD MINIMIZATION HAS CONVERGED.
 MIGRAD WILL VERIFY CONVERGENCE AND ERROR MATRIX.
 COVARIANCE MATRIX CALCULATED SUCCESSFULLY
 FCN=0.000100751 FROM MIGRAD    STATUS=CONVERGED      35 CALLS          36 TOTAL
                     EDM=1.03469e-06    STRATEGY= 1      ERROR MATRIX ACCURATE 
  EXT PARAMETER                                   STEP         FIRST   
  NO.   NAME      VALUE            ERROR          SIZE      DERIVATIVE 
   1  A_CBO        6.10504e-03   1.29212e-01   6.25042e-05  -1.26700e-05
   2  w_CBO        2.32715e+00   6.45797e-01   1.95109e-04  -1.77354e-03
   3  phi_CBO      1.90978e-01   6.04137e+00   7.82555e-03   4.20909e-05
 EXTERNAL ERROR MATRIX.    NDIM=  25    NPAR=  3    ERR DEF=1
  1.670e-02 -6.507e-02 -5.797e+00 
 -6.507e-02  1.367e+01  1.212e+03 
 -5.797e+00  1.212e+03  1.080e+05 
 PARAMETER  CORRELATION COEFFICIENTS  
       NO.  GLOBAL      1      2      3
        1  0.13653   1.000 -0.136 -0.137
        2  0.99794  -0.136  1.000  0.998
        3  0.99794  -0.137  0.998  1.000
setting A_CBO=0.006105 w_CBO=2.327147, phi_CBO=0.190978
done fitting cbo isolate
 **********
 **    1 **SET PRINTOUT            1
 **********
 **********
 **    2 **SET NOWARNINGS 
 **********
 PARAMETER DEFINITIONS:
    NO.   NAME         VALUE      STEP SIZE      LIMITS
     1 N0           3.06200e+06  1.00000e+02     no limits
     2 tau          6.43953e+01  constant
     3 A0           3.42893e-01  1.00000e-04     no limits
     4 phi          4.11802e+00  1.00000e-02     no limits
     5 R           -6.11796e+01  constant
     6 A_CBO        6.10504e-03  1.00000e-05     no limits
     7 w_CBO        2.32715e+00  1.00000e-03     no limits
     8 phi_CBO      1.90978e-01  1.00000e-04     no limits
     9 ANx2         4.90616e-04  constant
    10 pNx2         2.30674e+00  constant
    11 ANy1         0.00000e+00  constant
    12 pNy1         0.00000e+00  constant
    13 w_y          0.00000e+00  constant
    14 ANy2         9.23997e-03  1.00000e-04     no limits
    15 pNy2         3.41148e-01  constant
    16 w_vw         1.43130e+01  constant
    17 LM          -3.45991e-04  constant
    18 wCBO_expCoeff   2.00000e+02  1.00000e+00     no limits
    19 wCBO_expOffset   2.00000e+02  1.00000e+00     no limits
    20 wCBO_expT    3.00000e+01  1.00000e+00     no limits
    21 wCBO_linCoeff   0.00000e+00  constant
    22 wCBO_const   0.00000e+00  1.00000e-02     no limits
MINUIT - FIT ONLY WIGGLE
 **********
 **    3 **FIX            5
 **********
 PARAMETER    5  IS CONSTANT.   IGNORED.
 **********
 **    4 **FIX            6
 **********
 **********
 **    5 **FIX            7
 **********
 **********
 **    6 **FIX            8
 **********
 **********
 **    7 **FIX            9
 **********
 PARAMETER    9  IS CONSTANT.   IGNORED.
 **********
 **    8 **FIX           10
 **********
 PARAMETER   10  IS CONSTANT.   IGNORED.
 **********
 **    9 **FIX           11
 **********
 PARAMETER   11  IS CONSTANT.   IGNORED.
 **********
 **   10 **FIX           12
 **********
 PARAMETER   12  IS CONSTANT.   IGNORED.
 **********
 **   11 **FIX           13
 **********
 PARAMETER   13  IS CONSTANT.   IGNORED.
 **********
 **   12 **FIX           14
 **********
 **********
 **   13 **FIX           15
 **********
 PARAMETER   15  IS CONSTANT.   IGNORED.
 **********
 **   14 **FIX           16
 **********
 PARAMETER   16  IS CONSTANT.   IGNORED.
 **********
 **   15 **MIGRAD
 **********
 FIRST CALL TO USER FUNCTION AT NEW START POINT, WITH IFLAG=4.
 START MIGRAD MINIMIZATION.  STRATEGY  1.  CONVERGENCE WHEN EDM .LT. 1.00e-04
 FCN=4222.2 FROM MIGRAD    STATUS=INITIATE       61 CALLS          62 TOTAL
                     EDM= unknown      STRATEGY= 1      NO ERROR MATRIX       
  EXT PARAMETER               CURRENT GUESS       STEP         FIRST   
  NO.   NAME      VALUE            ERROR          SIZE      DERIVATIVE 
   1  N0           3.06200e+06   1.00000e+02   0.00000e+00  -1.65866e-02
   2  tau          6.43953e+01   constant   
   3  A0           3.42893e-01   1.00000e-04   0.00000e+00   2.25662e+04
   4  phi          4.11802e+00   1.00000e-02   0.00000e+00   3.24589e+03
   5  R           -6.11796e+01   constant   
   6  A_CBO        6.10504e-03     fixed    
   7  w_CBO        2.32715e+00     fixed    
   8  phi_CBO      1.90978e-01     fixed    
   9  ANx2         4.90616e-04   constant   
  10  pNx2         2.30674e+00   constant   
  11  ANy1         0.00000e+00   constant   
  12  pNy1         0.00000e+00   constant   
  13  w_y          0.00000e+00   constant   
  14  ANy2         9.23997e-03     fixed    
  15  pNy2         3.41148e-01   constant   
  16  w_vw         1.43130e+01   constant   
  17  LM          -3.45991e-04   constant   
  18  wCBO_expCoeff   2.00000e+02   1.00000e+00   2.51792e-04  -2.41956e+06
  19  wCBO_expOffset   2.00000e+02   1.00000e+00   0.00000e+00   9.58098e+05
  20  wCBO_expT    3.00000e+01   1.00000e+00   0.00000e+00  -1.18039e+07
  21  wCBO_linCoeff   0.00000e+00   constant   
  22  wCBO_const   0.00000e+00   1.00000e-02   0.00000e+00  -5.82764e+04
 MIGRAD FAILS TO FIND IMPROVEMENT
 FCN=4170.69 FROM HESSE     STATUS=NOT POSDEF     56 CALLS         322 TOTAL
                     EDM=183.112    STRATEGY= 1      ERR MATRIX NOT POS-DEF
  EXT PARAMETER                APPROXIMATE        STEP         FIRST   
  NO.   NAME      VALUE            ERROR          SIZE      DERIVATIVE 
   1  N0           3.06309e+06   4.54256e+02   1.17834e+01   1.15724e-02
   2  tau          6.43953e+01   constant   
   3  A0           3.42560e-01   2.09519e-04   5.18591e-06   1.36633e+03
   4  phi          4.11768e+00   8.41208e-04   1.58648e-05  -4.26258e+03
   5  R           -6.11796e+01   constant   
   6  A_CBO        6.10504e-03     fixed    
   7  w_CBO        2.32715e+00     fixed    
   8  phi_CBO      1.90978e-01     fixed    
   9  ANx2         4.90616e-04   constant   
  10  pNx2         2.30674e+00   constant   
  11  ANy1         0.00000e+00   constant   
  12  pNy1         0.00000e+00   constant   
  13  w_y          0.00000e+00   constant   
  14  ANy2         9.23997e-03     fixed    
  15  pNy2         3.41148e-01   constant   
  16  w_vw         1.43130e+01   constant   
  17  LM          -3.45991e-04   constant   
  18  wCBO_expCoeff   2.00000e+02   7.95225e-05   9.53676e-05   7.41757e+04
  19  wCBO_expOffset   2.00000e+02   7.49631e-06   9.53674e-05   3.60175e+06
  20  wCBO_expT    3.00000e+01   1.14399e-06   1.43051e-05  -6.09129e+06
  21  wCBO_linCoeff   0.00000e+00   constant   
  22  wCBO_const   2.81925e-03   2.93107e-03   7.26918e-06   9.90552e+03
 MIGRAD FAILS TO FIND IMPROVEMENT
 MIGRAD TERMINATED WITHOUT CONVERGENCE.
 FCN=4167.35 FROM MIGRAD    STATUS=FAILED        368 CALLS         369 TOTAL
                     EDM=86.9985    STRATEGY= 1      ERR MATRIX NOT POS-DEF
  EXT PARAMETER                APPROXIMATE        STEP         FIRST   
  NO.   NAME      VALUE            ERROR          SIZE      DERIVATIVE 
   1  N0           3.06315e+06   3.97635e+02   0.00000e+00   8.54540e-03
   2  tau          6.43953e+01   constant   
   3  A0           3.42608e-01   1.67831e-04   0.00000e+00   4.42065e+03
   4  phi          4.11745e+00   5.53323e-04  -0.00000e+00  -4.88522e+03
   5  R           -6.11796e+01   constant   
   6  A_CBO        6.10504e-03     fixed    
   7  w_CBO        2.32715e+00     fixed    
   8  phi_CBO      1.90978e-01     fixed    
   9  ANx2         4.90616e-04   constant   
  10  pNx2         2.30674e+00   constant   
  11  ANy1         0.00000e+00   constant   
  12  pNy1         0.00000e+00   constant   
  13  w_y          0.00000e+00   constant   
  14  ANy2         9.23997e-03     fixed    
  15  pNy2         3.41148e-01   constant   
  16  w_vw         1.43130e+01   constant   
  17  LM          -3.45991e-04   constant   
  18  wCBO_expCoeff   2.00000e+02   4.49946e-05   0.00000e+00  -4.85207e+05
  19  wCBO_expOffset   2.00000e+02   9.67774e-07  -0.00000e+00  -1.29270e+06
  20  wCBO_expT    3.00000e+01   6.73469e-07   0.00000e+00  -1.70370e+07
  21  wCBO_linCoeff   0.00000e+00   constant   
  22  wCBO_const   1.56166e-03   1.60063e-03  -0.00000e+00  -9.77331e+03
 EXTERNAL ERROR MATRIX.    NDIM=  25    NPAR=  7    ERR DEF=1
  1.581e+05  4.417e-03 -3.288e-02  5.151e-03 -3.312e-05  6.474e-05 -2.023e-01 
  4.417e-03  2.817e-08 -1.011e-08  2.225e-09 -2.931e-11  3.328e-11 -7.511e-08 
 -3.288e-02 -1.011e-08  3.062e-07 -1.173e-08  1.379e-10 -1.689e-10  4.088e-07 
  5.151e-03  2.225e-09 -1.173e-08  2.025e-09 -1.320e-11  2.574e-11 -7.177e-08 
 -3.312e-05 -2.931e-11  1.379e-10 -1.320e-11  9.366e-13 -4.586e-13  4.572e-10 
  6.474e-05  3.328e-11 -1.689e-10  2.574e-11 -4.586e-13  4.536e-13 -9.129e-10 
 -2.023e-01 -7.511e-08  4.088e-07 -7.177e-08  4.572e-10 -9.129e-10  2.562e-06 
ERR MATRIX NOT POS-DEF
 PARAMETER  CORRELATION COEFFICIENTS  
       NO.  GLOBAL      1      3      4     18     19     20     22
        1  0.48290   1.000  0.066 -0.149  0.288 -0.086  0.242 -0.318
        3  0.35967   0.066  1.000 -0.109  0.295 -0.180  0.294 -0.280
        4  0.50081  -0.149 -0.109  1.000 -0.471  0.257 -0.453  0.462
       18  0.99721   0.288  0.295 -0.471  1.000 -0.303  0.850 -0.997
       19  0.90389  -0.086 -0.180  0.257 -0.303  1.000 -0.704  0.295
       20  0.97126   0.242  0.294 -0.453  0.850 -0.704  1.000 -0.847
       22  0.99731  -0.318 -0.280  0.462 -0.997  0.295 -0.847  1.000
 ERR MATRIX NOT POS-DEF
MINUIT - FIT ONLY 1-CBO + other amplitudes 
 **********
 **   16 **RES 
 **********
                   PARAMETER   14  ANy2 RESTORED TO VARIABLE.
                   PARAMETER    8  phi_CBO RESTORED TO VARIABLE.
                   PARAMETER    7  w_CBO RESTORED TO VARIABLE.
                   PARAMETER    6  A_CBO RESTORED TO VARIABLE.
 **********
 **   17 **FIX            0
 **********
 PARAMETER    0  IS UNDEFINED. IGNORED.
 **********
 **   18 **FIX            1
 **********
 **********
 **   19 **FIX            2
 **********
 PARAMETER    2  IS CONSTANT.   IGNORED.
 **********
 **   20 **FIX            3
 **********
 **********
 **   21 **FIX            4
 **********
 **********
 **   22 **FIX            9
 **********
 PARAMETER    9  IS CONSTANT.   IGNORED.
 **********
 **   23 **FIX           11
 **********
 PARAMETER   11  IS CONSTANT.   IGNORED.
 **********
 **   24 **FIX           12
 **********
 PARAMETER   12  IS CONSTANT.   IGNORED.
 **********
 **   25 **FIX           14
 **********
 **********
 **   26 **FIX           15
 **********
 PARAMETER   15  IS CONSTANT.   IGNORED.
 **********
 **   27 **FIX           16
 **********
 PARAMETER   16  IS CONSTANT.   IGNORED.
 **********
 **   28 **MIGRAD
 **********
 START MIGRAD MINIMIZATION.  STRATEGY  1.  CONVERGENCE WHEN EDM .LT. 1.00e-04
 FCN=4167.35 FROM MIGRAD    STATUS=INITIATE       22 CALLS         391 TOTAL
                     EDM= unknown      STRATEGY= 1      NO ERROR MATRIX       
  EXT PARAMETER               CURRENT GUESS       STEP         FIRST   
  NO.   NAME      VALUE            ERROR          SIZE      DERIVATIVE 
   1  N0           3.06315e+06     fixed    
   2  tau          6.43953e+01   constant   
   3  A0           3.42608e-01     fixed    
   4  phi          4.11745e+00     fixed    
   5  R           -6.11796e+01   constant   
   6  A_CBO        6.10504e-03   1.00000e-05   1.00000e-05   2.65981e+05
   7  w_CBO        2.32715e+00   1.00000e-03   1.00000e-03  -4.16946e+07
   8  phi_CBO      1.90978e-01   1.00000e-04   1.00000e-04   8.23699e+01
   9  ANx2         4.90616e-04   constant   
  10  pNx2         2.30674e+00   constant   
  11  ANy1         0.00000e+00   constant   
  12  pNy1         0.00000e+00   constant   
  13  w_y          0.00000e+00   constant   
  14  ANy2         9.23997e-03     fixed    
  15  pNy2         3.41148e-01   constant   
  16  w_vw         1.43130e+01   constant   
  17  LM          -3.45991e-04   constant   
  18  wCBO_expCoeff   2.00000e+02   4.49946e-05   0.00000e+00  -4.85207e+05
  19  wCBO_expOffset   2.00000e+02   9.67774e-07  -0.00000e+00  -1.29270e+06
  20  wCBO_expT    3.00000e+01   6.73469e-07   0.00000e+00  -1.70370e+07
  21  wCBO_linCoeff   0.00000e+00   constant   
  22  wCBO_const   1.56166e-03   1.60063e-03  -0.00000e+00  -9.77331e+03
 MIGRAD FAILS TO FIND IMPROVEMENT
 FCN=3696.84 FROM HESSE     STATUS=NOT POSDEF     58 CALLS         583 TOTAL
                     EDM=810102    STRATEGY= 1      ERR MATRIX NOT POS-DEF
  EXT PARAMETER                APPROXIMATE        STEP         FIRST   
  NO.   NAME      VALUE            ERROR          SIZE      DERIVATIVE 
   1  N0           3.06315e+06     fixed    
   2  tau          6.43953e+01   constant   
   3  A0           3.42608e-01     fixed    
   4  phi          4.11745e+00     fixed    
   5  R           -6.11796e+01   constant   
   6  A_CBO        7.82523e-04   2.59859e-04   5.15722e-06  -1.66518e+04
   7  w_CBO        2.32715e+00   2.26326e-07   1.10967e-06   7.23358e+07
   8  phi_CBO      7.86557e-01   1.18599e+00   5.45609e-03  -1.05307e+02
   9  ANx2         4.90616e-04   constant   
  10  pNx2         2.30674e+00   constant   
  11  ANy1         0.00000e+00   constant   
  12  pNy1         0.00000e+00   constant   
  13  w_y          0.00000e+00   constant   
  14  ANy2         9.23997e-03     fixed    
  15  pNy2         3.41148e-01   constant   
  16  w_vw         1.43130e+01   constant   
  17  LM          -3.45991e-04   constant   
  18  wCBO_expCoeff   2.00000e+02   1.94516e-05   9.53676e-05   8.41566e+05
  19  wCBO_expOffset   2.00000e+02   2.96336e-04   9.53675e-05   5.38844e+06
  20  wCBO_expT    3.00000e+01   1.13647e-06   1.43051e-05  -2.03062e+07
  21  wCBO_linCoeff   0.00000e+00   constant   
  22  wCBO_const  -1.07610e-03   1.41279e-03   1.50392e-05   2.24525e+04
 MIGRAD FAILS TO FIND IMPROVEMENT
 MIGRAD TERMINATED WITHOUT CONVERGENCE.
 FCN=3674.63 FROM MIGRAD    STATUS=FAILED        266 CALLS         635 TOTAL
                     EDM=1119.95    STRATEGY= 1      ERR MATRIX NOT POS-DEF
  EXT PARAMETER                APPROXIMATE        STEP         FIRST   
  NO.   NAME      VALUE            ERROR          SIZE      DERIVATIVE 
   1  N0           3.06315e+06     fixed    
   2  tau          6.43953e+01   constant   
   3  A0           3.42608e-01     fixed    
   4  phi          4.11745e+00     fixed    
   5  R           -6.11796e+01   constant   
   6  A_CBO        1.54120e-03   2.12688e+00  -0.00000e+00   1.52178e+04
   7  w_CBO        2.32715e+00   2.12688e+00  -0.00000e+00   3.16754e+07
   8  phi_CBO      2.89353e+00   1.00000e+00   0.00000e+00  -5.28004e+01
   9  ANx2         4.90616e-04   constant   
  10  pNx2         2.30674e+00   constant   
  11  ANy1         0.00000e+00   constant   
  12  pNy1         0.00000e+00   constant   
  13  w_y          0.00000e+00   constant   
  14  ANy2         9.23997e-03     fixed    
  15  pNy2         3.41148e-01   constant   
  16  w_vw         1.43130e+01   constant   
  17  LM          -3.45991e-04   constant   
  18  wCBO_expCoeff   2.00000e+02   2.12688e+00  -0.00000e+00   3.68544e+05
  19  wCBO_expOffset   2.00000e+02   2.12688e+00   0.00000e+00  -1.25628e+05
  20  wCBO_expT    3.00000e+01   2.12688e+00   0.00000e+00  -1.15689e+05
  21  wCBO_linCoeff   0.00000e+00   constant   
  22  wCBO_const  -2.72521e-03   2.12688e+00  -0.00000e+00   6.94783e+03
 EXTERNAL ERROR MATRIX.    NDIM=  25    NPAR=  7    ERR DEF=1
  4.524e+00  5.943e-10 -2.543e-03  5.107e-08 -2.104e-08  6.993e-09 -1.454e-07 
  5.943e-10  4.524e+00  8.265e-07 -1.663e-11  6.791e-12 -2.277e-12  4.157e-11 
 -2.543e-03  8.265e-07  1.000e+00  7.103e-05 -2.959e-05  9.725e-06 -1.933e-04 
  5.107e-08 -1.663e-11  7.103e-05  4.524e+00  5.836e-10 -1.957e-10  3.572e-09 
 -2.104e-08  6.791e-12 -2.959e-05  5.836e-10  4.524e+00  7.904e-11 -1.811e-09 
  6.993e-09 -2.277e-12  9.725e-06 -1.957e-10  7.904e-11  4.524e+00  5.162e-10 
 -1.454e-07  4.157e-11 -1.933e-04  3.572e-09 -1.811e-09  5.162e-10  4.524e+00 
ERR MATRIX NOT POS-DEF
 PARAMETER  CORRELATION COEFFICIENTS  
       NO.  GLOBAL      6      7      8     18     19     20     22
        6  0.00120   1.000  0.000 -0.001  0.000 -0.000  0.000 -0.000
        7  0.00000   0.000  1.000  0.000 -0.000  0.000 -0.000  0.000
        8  0.00120  -0.001  0.000  1.000  0.000 -0.000  0.000 -0.000
       18  0.00003   0.000 -0.000  0.000  1.000  0.000 -0.000  0.000
       19  0.00001  -0.000  0.000 -0.000  0.000  1.000  0.000 -0.000
       20  0.00000   0.000 -0.000  0.000 -0.000  0.000  1.000  0.000
       22  0.00009  -0.000  0.000 -0.000  0.000 -0.000  0.000  1.000
 ERR MATRIX NOT POS-DEF
MINUIT - FIT ONLY 1-CBO
 **********
 **   29 **RES 
 **********
                   PARAMETER   14  ANy2 RESTORED TO VARIABLE.
                   PARAMETER    4  phi RESTORED TO VARIABLE.
                   PARAMETER    3  A0 RESTORED TO VARIABLE.
                   PARAMETER    1  N0 RESTORED TO VARIABLE.
 **********
 **   30 **FIX            0
 **********
 PARAMETER    0  IS UNDEFINED. IGNORED.
 **********
 **   31 **FIX            1
 **********
 **********
 **   32 **FIX            2
 **********
 PARAMETER    2  IS CONSTANT.   IGNORED.
 **********
 **   33 **FIX            3
 **********
 **********
 **   34 **FIX            4
 **********
 **********
 **   35 **FIX            8
 **********
 **********
 **   36 **FIX            9
 **********
 PARAMETER    9  IS CONSTANT.   IGNORED.
 **********
 **   37 **FIX           11
 **********
 PARAMETER   11  IS CONSTANT.   IGNORED.
 **********
 **   38 **FIX           12
 **********
 PARAMETER   12  IS CONSTANT.   IGNORED.
 **********
 **   39 **FIX           13
 **********
 PARAMETER   13  IS CONSTANT.   IGNORED.
 **********
 **   40 **FIX           15
 **********
 PARAMETER   15  IS CONSTANT.   IGNORED.
 **********
 **   41 **FIX           16
 **********
 PARAMETER   16  IS CONSTANT.   IGNORED.
 **********
 **   42 **MIGRAD
 **********
 START MIGRAD MINIMIZATION.  STRATEGY  1.  CONVERGENCE WHEN EDM .LT. 1.00e-04
 FCN=3674.63 FROM MIGRAD    STATUS=INITIATE       16 CALLS         651 TOTAL
                     EDM= unknown      STRATEGY= 1      NO ERROR MATRIX       
  EXT PARAMETER               CURRENT GUESS       STEP         FIRST   
  NO.   NAME      VALUE            ERROR          SIZE      DERIVATIVE 
   1  N0           3.06315e+06     fixed    
   2  tau          6.43953e+01   constant   
   3  A0           3.42608e-01     fixed    
   4  phi          4.11745e+00     fixed    
   5  R           -6.11796e+01   constant   
   6  A_CBO        1.54120e-03   2.12688e+00  -0.00000e+00   1.52178e+04
   7  w_CBO        2.32715e+00   2.12688e+00  -0.00000e+00   3.16754e+07
   8  phi_CBO      2.89353e+00     fixed    
   9  ANx2         4.90616e-04   constant   
  10  pNx2         2.30674e+00   constant   
  11  ANy1         0.00000e+00   constant   
  12  pNy1         0.00000e+00   constant   
  13  w_y          0.00000e+00   constant   
  14  ANy2         9.23997e-03   1.00000e-04   1.00000e-04   5.37436e+05
  15  pNy2         3.41148e-01   constant   
  16  w_vw         1.43130e+01   constant   
  17  LM          -3.45991e-04   constant   
  18  wCBO_expCoeff   2.00000e+02   2.12688e+00  -0.00000e+00   3.68544e+05
  19  wCBO_expOffset   2.00000e+02   2.12688e+00   0.00000e+00  -1.25628e+05
  20  wCBO_expT    3.00000e+01   2.12688e+00   0.00000e+00  -1.15689e+05
  21  wCBO_linCoeff   0.00000e+00   constant   
  22  wCBO_const  -2.72521e-03   2.12688e+00  -0.00000e+00   6.94783e+03
 MIGRAD FAILS TO FIND IMPROVEMENT
 FCN=1382.89 FROM HESSE     STATUS=NOT POSDEF     58 CALLS         771 TOTAL
                     EDM=63.8888    STRATEGY= 1      ERR MATRIX NOT POS-DEF
  EXT PARAMETER                APPROXIMATE        STEP         FIRST   
  NO.   NAME      VALUE            ERROR          SIZE      DERIVATIVE 
   1  N0           3.06315e+06     fixed    
   2  tau          6.43953e+01   constant   
   3  A0           3.42608e-01     fixed    
   4  phi          4.11745e+00     fixed    
   5  R           -6.11796e+01   constant   
   6  A_CBO       -3.95449e-04   1.14343e-03   3.14618e-06  -2.82014e+03
   7  w_CBO        2.32715e+00   2.04772e-06   1.10967e-06   3.79633e+06
   8  phi_CBO      2.89353e+00     fixed    
   9  ANx2         4.90616e-04   constant   
  10  pNx2         2.30674e+00   constant   
  11  ANy1         0.00000e+00   constant   
  12  pNy1         0.00000e+00   constant   
  13  w_y          0.00000e+00   constant   
  14  ANy2         6.70059e-04   2.35631e-04   3.15572e-06  -5.73131e+03
  15  pNy2         3.41148e-01   constant   
  16  w_vw         1.43130e+01   constant   
  17  LM          -3.45991e-04   constant   
  18  wCBO_expCoeff   2.00000e+02   1.76015e-04   9.53676e-05   4.41721e+04
  19  wCBO_expOffset   2.00000e+02   6.85345e-05   9.53673e-05   3.04158e+05
  20  wCBO_expT    3.00000e+01   8.46542e-06   1.43051e-05  -1.92438e+06
  21  wCBO_linCoeff   0.00000e+00   constant   
  22  wCBO_const  -1.68456e-03   4.76763e-03   1.15105e-05   1.83037e+02
 MIGRAD FAILS TO FIND IMPROVEMENT
 MIGRAD TERMINATED WITHOUT CONVERGENCE.
 FCN=1382.43 FROM MIGRAD    STATUS=FAILED        183 CALLS         818 TOTAL
                     EDM=51.9445    STRATEGY= 1      ERR MATRIX NOT POS-DEF
  EXT PARAMETER                APPROXIMATE        STEP         FIRST   
  NO.   NAME      VALUE            ERROR          SIZE      DERIVATIVE 
   1  N0           3.06315e+06     fixed    
   2  tau          6.43953e+01   constant   
   3  A0           3.42608e-01     fixed    
   4  phi          4.11745e+00     fixed    
   5  R           -6.11796e+01   constant   
   6  A_CBO       -4.34927e-04   1.00000e+00  -0.00000e+00   4.50707e+03
   7  w_CBO        2.32715e+00   1.00000e+00   0.00000e+00  -2.36216e+05
   8  phi_CBO      2.89353e+00     fixed    
   9  ANx2         4.90616e-04   constant   
  10  pNx2         2.30674e+00   constant   
  11  ANy1         0.00000e+00   constant   
  12  pNy1         0.00000e+00   constant   
  13  w_y          0.00000e+00   constant   
  14  ANy2         6.66168e-04   1.00000e+00   0.00000e+00  -4.99899e+03
  15  pNy2         3.41148e-01   constant   
  16  w_vw         1.43130e+01   constant   
  17  LM          -3.45991e-04   constant   
  18  wCBO_expCoeff   2.00000e+02   1.00000e+00   0.00000e+00  -2.75369e+03
  19  wCBO_expOffset   2.00000e+02   1.00000e+00   0.00000e+00  -1.67435e+05
  20  wCBO_expT    3.00000e+01   1.00000e+00   0.00000e+00  -1.72545e+06
  21  wCBO_linCoeff   0.00000e+00   constant   
  22  wCBO_const  -1.50251e-03   1.00000e+00   0.00000e+00  -2.58613e+03
 EXTERNAL ERROR MATRIX.    NDIM=  25    NPAR=  7    ERR DEF=1
  1.000e+00  4.409e-11 -1.121e-08  3.791e-09 -1.107e-10 -4.397e-10 -7.898e-08 
  4.409e-11  1.000e+00 -7.195e-12  5.047e-12  5.327e-13 -2.649e-13 -2.656e-10 
 -1.121e-08 -7.195e-12  1.000e+00 -6.181e-10 -3.878e-10 -3.979e-10  1.568e-08 
  3.791e-09  5.047e-12 -6.181e-10  1.000e+00  4.579e-11 -2.276e-11 -2.283e-08 
 -1.107e-10  5.327e-13 -3.878e-10  4.579e-11  1.000e+00 -1.255e-11 -2.306e-09 
 -4.397e-10 -2.649e-13 -3.979e-10 -2.276e-11 -1.255e-11  1.000e+00 -5.190e-11 
 -7.898e-08 -2.656e-10  1.568e-08 -2.283e-08 -2.306e-09 -5.190e-11  1.000e+00 
ERR MATRIX NOT POS-DEF
 PARAMETER  CORRELATION COEFFICIENTS  
       NO.  GLOBAL      6      7     14     18     19     20     22
        6  0.00000   1.000  0.000 -0.000  0.000 -0.000 -0.000 -0.000
        7  0.00000   0.000  1.000 -0.000  0.000  0.000 -0.000 -0.000
       14  0.00000  -0.000 -0.000  1.000 -0.000 -0.000 -0.000  0.000
       18  0.00000   0.000  0.000 -0.000  1.000  0.000 -0.000 -0.000
       19  0.00000  -0.000  0.000 -0.000  0.000  1.000 -0.000 -0.000
       20  0.00000  -0.000 -0.000 -0.000 -0.000 -0.000  1.000 -0.000
       22  0.00000  -0.000 -0.000  0.000 -0.000 -0.000 -0.000  1.000
 ERR MATRIX NOT POS-DEF
MINUIT - FIT ONLY 2-CBO
 **********
 **   43 **RES 
 **********
                   PARAMETER    8  phi_CBO RESTORED TO VARIABLE.
                   PARAMETER    4  phi RESTORED TO VARIABLE.
                   PARAMETER    3  A0 RESTORED TO VARIABLE.
                   PARAMETER    1  N0 RESTORED TO VARIABLE.
 **********
 **   44 **FIX            0
 **********
 PARAMETER    0  IS UNDEFINED. IGNORED.
 **********
 **   45 **FIX            1
 **********
 **********
 **   46 **FIX            2
 **********
 PARAMETER    2  IS CONSTANT.   IGNORED.
 **********
 **   47 **FIX            3
 **********
 **********
 **   48 **FIX            4
 **********
 **********
 **   49 **FIX            5
 **********
 PARAMETER    5  IS CONSTANT.   IGNORED.
 **********
 **   50 **FIX            6
 **********
 **********
 **   51 **FIX            7
 **********
 **********
 **   52 **FIX           10
 **********
 PARAMETER   10  IS CONSTANT.   IGNORED.
 **********
 **   53 **FIX           11
 **********
 PARAMETER   11  IS CONSTANT.   IGNORED.
 **********
 **   54 **FIX           12
 **********
 PARAMETER   12  IS CONSTANT.   IGNORED.
 **********
 **   55 **FIX           13
 **********
 PARAMETER   13  IS CONSTANT.   IGNORED.
 **********
 **   56 **FIX           14
 **********
 **********
 **   57 **FIX           15
 **********
 PARAMETER   15  IS CONSTANT.   IGNORED.
 **********
 **   58 **FIX           16
 **********
 PARAMETER   16  IS CONSTANT.   IGNORED.
 **********
 **   59 **MIGRAD
 **********
 START MIGRAD MINIMIZATION.  STRATEGY  1.  CONVERGENCE WHEN EDM .LT. 1.00e-04
 FCN=1382.43 FROM MIGRAD    STATUS=INITIATE       12 CALLS         830 TOTAL
                     EDM= unknown      STRATEGY= 1      NO ERROR MATRIX       
  EXT PARAMETER               CURRENT GUESS       STEP         FIRST   
  NO.   NAME      VALUE            ERROR          SIZE      DERIVATIVE 
   1  N0           3.06315e+06     fixed    
   2  tau          6.43953e+01   constant   
   3  A0           3.42608e-01     fixed    
   4  phi          4.11745e+00     fixed    
   5  R           -6.11796e+01   constant   
   6  A_CBO       -4.34927e-04     fixed    
   7  w_CBO        2.32715e+00     fixed    
   8  phi_CBO      2.89353e+00   1.00000e+00   1.00000e+00  -2.25222e+01
   9  ANx2         4.90616e-04   constant   
  10  pNx2         2.30674e+00   constant   
  11  ANy1         0.00000e+00   constant   
  12  pNy1         0.00000e+00   constant   
  13  w_y          0.00000e+00   constant   
  14  ANy2         6.66168e-04     fixed    
  15  pNy2         3.41148e-01   constant   
  16  w_vw         1.43130e+01   constant   
  17  LM          -3.45991e-04   constant   
  18  wCBO_expCoeff   2.00000e+02   1.00000e+00   0.00000e+00  -2.75369e+03
  19  wCBO_expOffset   2.00000e+02   1.00000e+00   0.00000e+00  -1.67435e+05
  20  wCBO_expT    3.00000e+01   1.00000e+00   0.00000e+00  -1.72545e+06
  21  wCBO_linCoeff   0.00000e+00   constant   
  22  wCBO_const  -1.50251e-03   1.00000e+00   0.00000e+00  -2.58613e+03
 MIGRAD FAILS TO FIND IMPROVEMENT
 FCN=1367.19 FROM HESSE     STATUS=NOT POSDEF     37 CALLS         904 TOTAL
                     EDM=1752.79    STRATEGY= 1      ERR MATRIX NOT POS-DEF
  EXT PARAMETER                APPROXIMATE        STEP         FIRST   
  NO.   NAME      VALUE            ERROR          SIZE      DERIVATIVE 
   1  N0           3.06315e+06     fixed    
   2  tau          6.43953e+01   constant   
   3  A0           3.42608e-01     fixed    
   4  phi          4.11745e+00     fixed    
   5  R           -6.11796e+01   constant   
   6  A_CBO       -4.34927e-04     fixed    
   7  w_CBO        2.32715e+00     fixed    
   8  phi_CBO      4.17317e+00   2.76640e-01   4.92310e-03   8.08720e+00
   9  ANx2         4.90616e-04   constant   
  10  pNx2         2.30674e+00   constant   
  11  ANy1         0.00000e+00   constant   
  12  pNy1         0.00000e+00   constant   
  13  w_y          0.00000e+00   constant   
  14  ANy2         6.66168e-04     fixed    
  15  pNy2         3.41148e-01   constant   
  16  w_vw         1.43130e+01   constant   
  17  LM          -3.45991e-04   constant   
  18  wCBO_expCoeff   2.00000e+02   1.93024e-04   9.53676e-05  -2.12030e+05
  19  wCBO_expOffset   2.00000e+02   9.79014e-05   9.53673e-05   2.19313e+05
  20  wCBO_expT    3.00000e+01   9.52603e-06   1.43051e-05   4.60125e+06
  21  wCBO_linCoeff   0.00000e+00   constant   
  22  wCBO_const  -5.29706e-04   7.77452e-03   1.08513e-05  -7.75019e+03
 MIGRAD FAILS TO FIND IMPROVEMENT
 MIGRAD TERMINATED WITHOUT CONVERGENCE.
 FCN=1367.19 FROM MIGRAD    STATUS=FAILED         97 CALLS         915 TOTAL
                     EDM=1752.79    STRATEGY= 1      ERR MATRIX NOT POS-DEF
  EXT PARAMETER                APPROXIMATE        STEP         FIRST   
  NO.   NAME      VALUE            ERROR          SIZE      DERIVATIVE 
   1  N0           3.06315e+06     fixed    
   2  tau          6.43953e+01   constant   
   3  A0           3.42608e-01     fixed    
   4  phi          4.11745e+00     fixed    
   5  R           -6.11796e+01   constant   
   6  A_CBO       -4.34927e-04     fixed    
   7  w_CBO        2.32715e+00     fixed    
   8  phi_CBO      4.17317e+00   2.76640e-01   0.00000e+00   8.08720e+00
   9  ANx2         4.90616e-04   constant   
  10  pNx2         2.30674e+00   constant   
  11  ANy1         0.00000e+00   constant   
  12  pNy1         0.00000e+00   constant   
  13  w_y          0.00000e+00   constant   
  14  ANy2         6.66168e-04     fixed    
  15  pNy2         3.41148e-01   constant   
  16  w_vw         1.43130e+01   constant   
  17  LM          -3.45991e-04   constant   
  18  wCBO_expCoeff   2.00000e+02   1.93024e-04  -0.00000e+00  -2.12030e+05
  19  wCBO_expOffset   2.00000e+02   9.79014e-05  -0.00000e+00   2.19313e+05
  20  wCBO_expT    3.00000e+01   9.52603e-06  -0.00000e+00   4.60125e+06
  21  wCBO_linCoeff   0.00000e+00   constant   
  22  wCBO_const  -5.29706e-04   7.77452e-03   0.00000e+00  -7.75019e+03
 EXTERNAL ERROR MATRIX.    NDIM=  25    NPAR=  5    ERR DEF=1
  7.653e-02 -1.981e-05 -1.100e-05 -1.060e-06  8.755e-04 
 -1.981e-05  3.726e-08  1.872e-08  1.799e-09 -1.493e-06 
 -1.100e-05  1.872e-08  9.585e-09  9.184e-10 -7.568e-07 
 -1.060e-06  1.799e-09  9.184e-10  9.075e-11 -7.308e-08 
  8.755e-04 -1.493e-06 -7.568e-07 -7.308e-08  6.044e-05 
ERR MATRIX NOT POS-DEF
 PARAMETER  CORRELATION COEFFICIENTS  
       NO.  GLOBAL      8     18     19     20     22
        8  0.54776   1.000 -0.371 -0.406 -0.402  0.407
       18  0.99631  -0.371  1.000  0.991  0.978 -0.995
       19  0.99476  -0.406  0.991  1.000  0.985 -0.994
       20  0.98835  -0.402  0.978  0.985  1.000 -0.987
       22  0.99793   0.407 -0.995 -0.994 -0.987  1.000
 ERR MATRIX NOT POS-DEF
MINUIT - FIT ONLY 1-y
 **********
 **   60 **RES 
 **********
                   PARAMETER   14  ANy2 RESTORED TO VARIABLE.
                   PARAMETER    7  w_CBO RESTORED TO VARIABLE.
                   PARAMETER    6  A_CBO RESTORED TO VARIABLE.
                   PARAMETER    4  phi RESTORED TO VARIABLE.
                   PARAMETER    3  A0 RESTORED TO VARIABLE.
                   PARAMETER    1  N0 RESTORED TO VARIABLE.
 **********
 **   61 **FIX            0
 **********
 PARAMETER    0  IS UNDEFINED. IGNORED.
 **********
 **   62 **FIX            1
 **********
 **********
 **   63 **FIX            2
 **********
 PARAMETER    2  IS CONSTANT.   IGNORED.
 **********
 **   64 **FIX            3
 **********
 **********
 **   65 **FIX            4
 **********
 **********
 **   66 **FIX            5
 **********
 PARAMETER    5  IS CONSTANT.   IGNORED.
 **********
 **   67 **FIX            6
 **********
 **********
 **   68 **FIX            7
 **********
 **********
 **   69 **FIX            8
 **********
 **********
 **   70 **FIX            9
 **********
 PARAMETER    9  IS CONSTANT.   IGNORED.
 **********
 **   71 **FIX           13
 **********
 PARAMETER   13  IS CONSTANT.   IGNORED.
 **********
 **   72 **FIX           14
 **********
 **********
 **   73 **FIX           15
 **********
 PARAMETER   15  IS CONSTANT.   IGNORED.
 **********
 **   74 **FIX           16
 **********
 PARAMETER   16  IS CONSTANT.   IGNORED.
 **********
 **   75 **MIGRAD
 **********
 START MIGRAD MINIMIZATION.  STRATEGY  1.  CONVERGENCE WHEN EDM .LT. 1.00e-04
 FCN=1367.19 FROM MIGRAD    STATUS=INITIATE        8 CALLS         923 TOTAL
                     EDM= unknown      STRATEGY= 1      NO ERROR MATRIX       
  EXT PARAMETER               CURRENT GUESS       STEP         FIRST   
  NO.   NAME      VALUE            ERROR          SIZE      DERIVATIVE 
   1  N0           3.06315e+06     fixed    
   2  tau          6.43953e+01   constant   
   3  A0           3.42608e-01     fixed    
   4  phi          4.11745e+00     fixed    
   5  R           -6.11796e+01   constant   
   6  A_CBO       -4.34927e-04     fixed    
   7  w_CBO        2.32715e+00     fixed    
   8  phi_CBO      4.17317e+00     fixed    
   9  ANx2         4.90616e-04   constant   
  10  pNx2         2.30674e+00   constant   
  11  ANy1         0.00000e+00   constant   
  12  pNy1         0.00000e+00   constant   
  13  w_y          0.00000e+00   constant   
  14  ANy2         6.66168e-04     fixed    
  15  pNy2         3.41148e-01   constant   
  16  w_vw         1.43130e+01   constant   
  17  LM          -3.45991e-04   constant   
  18  wCBO_expCoeff   2.00000e+02   1.93024e-04  -0.00000e+00  -1.87407e+05
  19  wCBO_expOffset   2.00000e+02   9.79014e-05  -0.00000e+00   9.82342e+04
  20  wCBO_expT    3.00000e+01   9.52603e-06  -0.00000e+00  -1.03806e+06
  21  wCBO_linCoeff   0.00000e+00   constant   
  22  wCBO_const  -5.29706e-04   7.77452e-03   0.00000e+00  -7.75017e+03
 MIGRAD FAILS TO FIND IMPROVEMENT
 FCN=1365.24 FROM HESSE     STATUS=NOT POSDEF     29 CALLS         976 TOTAL
                     EDM=3894.32    STRATEGY= 1      ERR MATRIX NOT POS-DEF
  EXT PARAMETER                APPROXIMATE        STEP         FIRST   
  NO.   NAME      VALUE            ERROR          SIZE      DERIVATIVE 
   1  N0           3.06315e+06     fixed    
   2  tau          6.43953e+01   constant   
   3  A0           3.42608e-01     fixed    
   4  phi          4.11745e+00     fixed    
   5  R           -6.11796e+01   constant   
   6  A_CBO       -4.34927e-04     fixed    
   7  w_CBO        2.32715e+00     fixed    
   8  phi_CBO      4.17317e+00     fixed    
   9  ANx2         4.90616e-04   constant   
  10  pNx2         2.30674e+00   constant   
  11  ANy1         0.00000e+00   constant   
  12  pNy1         0.00000e+00   constant   
  13  w_y          0.00000e+00   constant   
  14  ANy2         6.66168e-04     fixed    
  15  pNy2         3.41148e-01   constant   
  16  w_vw         1.43130e+01   constant   
  17  LM          -3.45991e-04   constant   
  18  wCBO_expCoeff   2.00000e+02   1.69141e-04   9.53676e-05  -3.00183e+05
  19  wCBO_expOffset   2.00000e+02   1.10978e-04   9.53673e-05   2.51188e+05
  20  wCBO_expT    3.00000e+01   9.73126e-06   1.43051e-05   6.72241e+06
  21  wCBO_linCoeff   0.00000e+00   constant   
  22  wCBO_const   2.32070e-03   8.36253e-03   1.06894e-05  -9.84301e+03
 MIGRAD FAILS TO FIND IMPROVEMENT
 MIGRAD TERMINATED WITHOUT CONVERGENCE.
 FCN=1365.24 FROM MIGRAD    STATUS=FAILED         72 CALLS         987 TOTAL
                     EDM=3894.32    STRATEGY= 1      ERR MATRIX NOT POS-DEF
  EXT PARAMETER                APPROXIMATE        STEP         FIRST   
  NO.   NAME      VALUE            ERROR          SIZE      DERIVATIVE 
   1  N0           3.06315e+06     fixed    
   2  tau          6.43953e+01   constant   
   3  A0           3.42608e-01     fixed    
   4  phi          4.11745e+00     fixed    
   5  R           -6.11796e+01   constant   
   6  A_CBO       -4.34927e-04     fixed    
   7  w_CBO        2.32715e+00     fixed    
   8  phi_CBO      4.17317e+00     fixed    
   9  ANx2         4.90616e-04   constant   
  10  pNx2         2.30674e+00   constant   
  11  ANy1         0.00000e+00   constant   
  12  pNy1         0.00000e+00   constant   
  13  w_y          0.00000e+00   constant   
  14  ANy2         6.66168e-04     fixed    
  15  pNy2         3.41148e-01   constant   
  16  w_vw         1.43130e+01   constant   
  17  LM          -3.45991e-04   constant   
  18  wCBO_expCoeff   2.00000e+02   1.69141e-04  -0.00000e+00  -3.00183e+05
  19  wCBO_expOffset   2.00000e+02   1.10978e-04  -0.00000e+00   2.51188e+05
  20  wCBO_expT    3.00000e+01   9.73126e-06  -0.00000e+00   6.72241e+06
  21  wCBO_linCoeff   0.00000e+00   constant   
  22  wCBO_const   2.32070e-03   8.36253e-03   0.00000e+00  -9.84301e+03
 EXTERNAL ERROR MATRIX.    NDIM=  25    NPAR=  4    ERR DEF=1
  2.861e-08  1.859e-08  1.611e-09 -1.408e-06 
  1.859e-08  1.232e-08  1.065e-09 -9.236e-07 
  1.611e-09  1.065e-09  9.470e-11 -8.034e-08 
 -1.408e-06 -9.236e-07 -8.034e-08  6.993e-05 
ERR MATRIX NOT POS-DEF
 PARAMETER  CORRELATION COEFFICIENTS  
       NO.  GLOBAL     18     19     20     22
       18  0.99602   1.000  0.990  0.979 -0.996
       19  0.99548   0.990  1.000  0.986 -0.995
       20  0.98887   0.979  0.986  1.000 -0.987
       22  0.99824  -0.996 -0.995 -0.987  1.000
 ERR MATRIX NOT POS-DEF
MINUIT - FIT ONLY 2-y
 **********
 **   76 **RES 
 **********
                   PARAMETER   14  ANy2 RESTORED TO VARIABLE.
                   PARAMETER    8  phi_CBO RESTORED TO VARIABLE.
                   PARAMETER    7  w_CBO RESTORED TO VARIABLE.
                   PARAMETER    6  A_CBO RESTORED TO VARIABLE.
                   PARAMETER    4  phi RESTORED TO VARIABLE.
                   PARAMETER    3  A0 RESTORED TO VARIABLE.
                   PARAMETER    1  N0 RESTORED TO VARIABLE.
 **********
 **   77 **FIX            0
