 + ++++++++++++++++++++++++++++++++++++++++++++++++++++++++++++++++++++ +
 +                                                                      +
 +           You have chose to blind your fitting according to          +
 +                omega_ref * (1 + (R +/- deltaR) *10^{-6})             +
 +                                                                      +
 + ++++++++++++++++++++++++++++++++++++++++++++++++++++++++++++++++++++ +
In main()...
reading format from /gm2data/zkhechad/run45/envelope/formats/formatB_sBin_constraintOn.txt
pBinTau 	= 0  
pBinPhi 	= 0  
constraintau 	= 1 
includeMopTerm 	= 0    
constrainMop    = 0   
Parameters after format file: pBinTau 0 pBinPhi 0 constraintau 1 includeMopTerm 0 constrainMop 0 c_e_scale 0.000000 
reading cbo reference file (full fit) from /gm2data/zkhechad/cboTemplates/Run4CBOTemplates/fullFits/run4/sBin_constraintOn_cE0.0_seed0_run4_calo3.root
A_CBO 0.008872 w_CBO 2.326183 phi_CBO 4.278101 N0 2792933.794534 R -61.131445 tau 64.392950 
Reading cboRef file /gm2data/zkhechad/cboTemplates/Run4CBOTemplates//cboIsolate/run4_calo3.root
deltaT 164.120000
windowBins = 1100
fitting sliding window 2040 from bin 2243 at 334.655600 to bin 3343 at 498.775600 (1100 bins)

Reading data from /gm2data/cornell/histograms/aMethod/histogram_a_run4.root
fitting cbo isolate
 **********
 **    1 **SET PRINTOUT            1
 **********
 **********
 **    2 **SET NOWARNINGS 
 **********
 PARAMETER DEFINITIONS:
    NO.   NAME         VALUE      STEP SIZE      LIMITS
     1 A_CBO        8.87236e-03  1.00000e-05     no limits
     2 w_CBO        2.32618e+00  1.00000e-02    2.00000e+00  3.00000e+00
     3 phi_CBO      4.27810e+00  1.00000e-02    0.00000e+00  6.28319e+00
 **********
 **    3 **MIGRAD
 **********
 FIRST CALL TO USER FUNCTION AT NEW START POINT, WITH IFLAG=4.
 START MIGRAD MINIMIZATION.  STRATEGY  1.  CONVERGENCE WHEN EDM .LT. 1.00e-04
 FCN=0.148292 FROM MIGRAD    STATUS=INITIATE       12 CALLS          13 TOTAL
                     EDM= unknown      STRATEGY= 1      NO ERROR MATRIX       
  EXT PARAMETER               CURRENT GUESS       STEP         FIRST   
  NO.   NAME      VALUE            ERROR          SIZE      DERIVATIVE 
   1  A_CBO        8.87236e-03   1.00000e-05   1.00000e-05   7.92766e+00
   2  w_CBO        2.32618e+00   1.00000e-02   2.13326e-02   1.03432e+00
   3  phi_CBO      4.27810e+00   1.00000e-02   3.41436e-03  -1.31434e-02
 MIGRAD MINIMIZATION HAS CONVERGED.
 MIGRAD WILL VERIFY CONVERGENCE AND ERROR MATRIX.
 COVARIANCE MATRIX CALCULATED SUCCESSFULLY
 FCN=0.119487 FROM HESSE     STATUS=OK             16 CALLS          57 TOTAL
                     EDM=0.000336483    STRATEGY= 1      ERROR MATRIX ACCURATE 
  EXT PARAMETER                                   STEP         FIRST   
  NO.   NAME      VALUE            ERROR          SIZE      DERIVATIVE 
   1  A_CBO        1.71553e-03   4.93979e-02   2.20720e-05  -1.84975e-03
   2  w_CBO        2.32574e+00   6.62734e-01   6.77250e-05   2.24677e-02
   3  phi_CBO      4.37568e+00   3.92440e+00   4.60626e-03   1.26619e-04
 MIGRAD MINIMIZATION HAS CONVERGED.
 FCN=0.119233 FROM MIGRAD    STATUS=CONVERGED      72 CALLS          73 TOTAL
                     EDM=7.12488e-06    STRATEGY= 1  ERROR MATRIX UNCERTAINTY   8.8 per cent
  EXT PARAMETER                                   STEP         FIRST   
  NO.   NAME      VALUE            ERROR          SIZE      DERIVATIVE 
   1  A_CBO        1.95491e-03   4.18156e-02   3.11773e-06   1.17071e-01
   2  w_CBO        2.31857e+00   3.83063e-01  -4.13429e-03   5.56686e-03
   3  phi_CBO      1.37341e+00   3.82830e+00  -2.43974e-01  -5.64358e-05
 EXTERNAL ERROR MATRIX.    NDIM=  25    NPAR=  3    ERR DEF=1
  1.749e-03 -2.639e-03 -9.681e-01 
 -2.639e-03  2.022e-01  7.416e+01 
 -9.681e-01  7.416e+01  2.745e+04 
 PARAMETER  CORRELATION COEFFICIENTS  
       NO.  GLOBAL      1      2      3
        1  0.14035   1.000 -0.140 -0.140
        2  0.99526  -0.140  1.000  0.995
        3  0.99526  -0.140  0.995  1.000
setting A_CBO=0.001955 w_CBO=2.318571, phi_CBO=1.373412
done fitting cbo isolate
 **********
 **    1 **SET PRINTOUT            1
 **********
 **********
 **    2 **SET NOWARNINGS 
 **********
 PARAMETER DEFINITIONS:
    NO.   NAME         VALUE      STEP SIZE      LIMITS
     1 N0           2.79293e+06  1.00000e+02     no limits
     2 tau          6.43930e+01  constant
     3 A0           3.56510e-01  1.00000e-04     no limits
     4 phi          4.11711e+00  1.00000e-02     no limits
     5 R           -6.11314e+01  constant
     6 A_CBO        1.95491e-03  1.00000e-05     no limits
     7 w_CBO        2.31857e+00  1.00000e-03     no limits
     8 phi_CBO      1.37341e+00  1.00000e-04     no limits
     9 ANx2         3.99781e-04  constant
    10 pNx2         4.45174e+00  constant
    11 ANy1         0.00000e+00  constant
    12 pNy1         0.00000e+00  constant
    13 w_y          0.00000e+00  constant
    14 ANy2         9.79441e-03  1.00000e-04     no limits
    15 pNy2         4.41741e+00  constant
    16 w_vw         1.43026e+01  constant
    17 LM          -4.33674e-04  constant
    18 wCBO_expCoeff   2.00000e+02  1.00000e+00     no limits
    19 wCBO_expOffset   2.00000e+02  1.00000e+00     no limits
    20 wCBO_expT    3.00000e+01  1.00000e+00     no limits
    21 wCBO_linCoeff   0.00000e+00  constant
    22 wCBO_const   0.00000e+00  1.00000e-02     no limits
MINUIT - FIT ONLY WIGGLE
 **********
 **    3 **FIX            5
 **********
 PARAMETER    5  IS CONSTANT.   IGNORED.
 **********
 **    4 **FIX            6
 **********
 **********
 **    5 **FIX            7
 **********
 **********
 **    6 **FIX            8
 **********
 **********
 **    7 **FIX            9
 **********
 PARAMETER    9  IS CONSTANT.   IGNORED.
 **********
 **    8 **FIX           10
 **********
 PARAMETER   10  IS CONSTANT.   IGNORED.
 **********
 **    9 **FIX           11
 **********
 PARAMETER   11  IS CONSTANT.   IGNORED.
 **********
 **   10 **FIX           12
 **********
 PARAMETER   12  IS CONSTANT.   IGNORED.
 **********
 **   11 **FIX           13
 **********
 PARAMETER   13  IS CONSTANT.   IGNORED.
 **********
 **   12 **FIX           14
 **********
 **********
 **   13 **FIX           15
 **********
 PARAMETER   15  IS CONSTANT.   IGNORED.
 **********
 **   14 **FIX           16
 **********
 PARAMETER   16  IS CONSTANT.   IGNORED.
 **********
 **   15 **MIGRAD
 **********
 FIRST CALL TO USER FUNCTION AT NEW START POINT, WITH IFLAG=4.
 START MIGRAD MINIMIZATION.  STRATEGY  1.  CONVERGENCE WHEN EDM .LT. 1.00e-04
 FCN=507.426 FROM MIGRAD    STATUS=INITIATE       59 CALLS          60 TOTAL
                     EDM= unknown      STRATEGY= 1      NO ERROR MATRIX       
  EXT PARAMETER               CURRENT GUESS       STEP         FIRST   
  NO.   NAME      VALUE            ERROR          SIZE      DERIVATIVE 
   1  N0           2.79293e+06   1.00000e+02   0.00000e+00   1.79787e-03
   2  tau          6.43930e+01   constant   
   3  A0           3.56510e-01   1.00000e-04   0.00000e+00  -2.29698e+03
   4  phi          4.11711e+00   1.00000e-02   0.00000e+00  -5.18052e+02
   5  R           -6.11314e+01   constant   
   6  A_CBO        1.95491e-03     fixed    
   7  w_CBO        2.31857e+00     fixed    
   8  phi_CBO      1.37341e+00     fixed    
   9  ANx2         3.99781e-04   constant   
  10  pNx2         4.45174e+00   constant   
  11  ANy1         0.00000e+00   constant   
  12  pNy1         0.00000e+00   constant   
  13  w_y          0.00000e+00   constant   
  14  ANy2         9.79441e-03     fixed    
  15  pNy2         4.41741e+00   constant   
  16  w_vw         1.43026e+01   constant   
  17  LM          -4.33674e-04   constant   
  18  wCBO_expCoeff   2.00123e+02   1.00000e+00   1.22875e-01   8.95002e-01
  19  wCBO_expOffset   2.00000e+02   1.00000e+00   0.00000e+00   5.97035e+00
  20  wCBO_expT    3.00000e+01   1.00000e+00   0.00000e+00  -2.78245e+01
  21  wCBO_linCoeff   0.00000e+00   constant   
  22  wCBO_const   0.00000e+00   1.00000e-02   0.00000e+00  -1.19471e+03
 MIGRAD MINIMIZATION HAS CONVERGED.
 FCN=500.275 FROM MIGRAD    STATUS=CONVERGED     357 CALLS         358 TOTAL
                     EDM=1.77403e-06    STRATEGY= 1  ERROR MATRIX UNCERTAINTY   2.0 per cent
  EXT PARAMETER                                   STEP         FIRST   
  NO.   NAME      VALUE            ERROR          SIZE      DERIVATIVE 
   1  N0           2.79139e+06   1.29924e+03  -5.73114e+00  -5.97437e-07
   2  tau          6.43930e+01   constant   
   3  A0           3.56966e-01   6.21082e-04   8.48520e-07   1.57871e+00
   4  phi          4.11819e+00   1.81134e-03  -1.85144e-06   7.52648e-01
   5  R           -6.11314e+01   constant   
   6  A_CBO        1.95491e-03     fixed    
   7  w_CBO        2.31857e+00     fixed    
   8  phi_CBO      1.37341e+00     fixed    
   9  ANx2         3.99781e-04   constant   
  10  pNx2         4.45174e+00   constant   
  11  ANy1         0.00000e+00   constant   
  12  pNy1         0.00000e+00   constant   
  13  w_y          0.00000e+00   constant   
  14  ANy2         9.79441e-03     fixed    
  15  pNy2         4.41741e+00   constant   
  16  w_vw         1.43026e+01   constant   
  17  LM          -4.33674e-04   constant   
  18  wCBO_expCoeff   1.98073e+02   8.64990e-01   9.09842e-03  -5.32403e-03
  19  wCBO_expOffset   1.99693e+02   1.29503e-01   1.36169e-03  -3.49847e-02
  20  wCBO_expT    3.01397e+01   5.80763e-02  -6.11010e-04  -1.16614e-01
  21  wCBO_linCoeff   0.00000e+00   constant   
  22  wCBO_const  -2.01923e-03   9.83386e-04   8.28930e-06   1.18721e+00
 EXTERNAL ERROR MATRIX.    NDIM=  25    NPAR=  7    ERR DEF=1
  1.688e+06  1.261e-02  1.269e-02 -2.297e+01 -3.442e+00  1.420e+00 -1.822e-02 
  1.261e-02  3.857e-07 -1.972e-09  1.801e-05  2.707e-06 -1.134e-06  1.473e-08 
  1.269e-02 -1.972e-09  3.281e-06 -1.166e-04 -1.747e-05  7.535e-06 -9.995e-08 
 -2.297e+01  1.801e-05 -1.166e-04  7.482e-01  1.099e-01 -4.988e-02  6.147e-04 
 -3.442e+00  2.707e-06 -1.747e-05  1.099e-01  1.677e-02 -7.467e-03  9.200e-05 
  1.420e+00 -1.134e-06  7.535e-06 -4.988e-02 -7.467e-03  3.373e-03 -4.331e-05 
 -1.822e-02  1.473e-08 -9.995e-08  6.147e-04  9.200e-05 -4.331e-05  9.670e-07 
 PARAMETER  CORRELATION COEFFICIENTS  
       NO.  GLOBAL      1      3      4     18     19     20     22
        1  0.04278   1.000  0.016  0.005 -0.020 -0.020  0.019 -0.014
        3  0.05867   0.016  1.000 -0.002  0.034  0.034 -0.031  0.024
        4  0.09777   0.005 -0.002  1.000 -0.074 -0.074  0.072 -0.056
       18  0.99583  -0.020  0.034 -0.074  1.000  0.981 -0.993  0.723
       19  0.99578  -0.020  0.034 -0.074  0.981  1.000 -0.993  0.722
       20  0.99878   0.019 -0.031  0.072 -0.993 -0.993  1.000 -0.758
       22  0.87436  -0.014  0.024 -0.056  0.723  0.722 -0.758  1.000
MINUIT - FIT ONLY 1-CBO + other amplitudes 
 **********
 **   16 **RES 
 **********
                   PARAMETER   14  ANy2 RESTORED TO VARIABLE.
                   PARAMETER    8  phi_CBO RESTORED TO VARIABLE.
                   PARAMETER    7  w_CBO RESTORED TO VARIABLE.
                   PARAMETER    6  A_CBO RESTORED TO VARIABLE.
 **********
 **   17 **FIX            0
 **********
 PARAMETER    0  IS UNDEFINED. IGNORED.
 **********
 **   18 **FIX            1
 **********
 **********
 **   19 **FIX            2
 **********
 PARAMETER    2  IS CONSTANT.   IGNORED.
 **********
 **   20 **FIX            3
 **********
 **********
 **   21 **FIX            4
 **********
 **********
 **   22 **FIX            9
 **********
 PARAMETER    9  IS CONSTANT.   IGNORED.
 **********
 **   23 **FIX           11
 **********
 PARAMETER   11  IS CONSTANT.   IGNORED.
 **********
 **   24 **FIX           12
 **********
 PARAMETER   12  IS CONSTANT.   IGNORED.
 **********
 **   25 **FIX           14
 **********
 **********
 **   26 **FIX           15
 **********
 PARAMETER   15  IS CONSTANT.   IGNORED.
 **********
 **   27 **FIX           16
 **********
 PARAMETER   16  IS CONSTANT.   IGNORED.
 **********
 **   28 **MIGRAD
 **********
 START MIGRAD MINIMIZATION.  STRATEGY  1.  CONVERGENCE WHEN EDM .LT. 1.00e-04
 FCN=500.275 FROM MIGRAD    STATUS=INITIATE       20 CALLS         378 TOTAL
                     EDM= unknown      STRATEGY= 1      NO ERROR MATRIX       
  EXT PARAMETER               CURRENT GUESS       STEP         FIRST   
  NO.   NAME      VALUE            ERROR          SIZE      DERIVATIVE 
   1  N0           2.79139e+06     fixed    
   2  tau          6.43930e+01   constant   
   3  A0           3.56966e-01     fixed    
   4  phi          4.11819e+00     fixed    
   5  R           -6.11314e+01   constant   
   6  A_CBO        1.95491e-03   1.00000e-05   1.00000e-05   6.57037e+03
   7  w_CBO        2.31857e+00   1.00000e-03   1.00000e-03   5.58128e-02
   8  phi_CBO      1.37341e+00   1.00000e-04   1.00000e-04   3.89770e+00
   9  ANx2         3.99781e-04   constant   
  10  pNx2         4.45174e+00   constant   
  11  ANy1         0.00000e+00   constant   
  12  pNy1         0.00000e+00   constant   
  13  w_y          0.00000e+00   constant   
  14  ANy2         9.79441e-03     fixed    
  15  pNy2         4.41741e+00   constant   
  16  w_vw         1.43026e+01   constant   
  17  LM          -4.33674e-04   constant   
  18  wCBO_expCoeff   1.98073e+02   8.64990e-01   9.09842e-03  -5.32335e-03
  19  wCBO_expOffset   1.99693e+02   1.29503e-01   1.36169e-03  -3.49801e-02
  20  wCBO_expT    3.01397e+01   5.80763e-02  -6.11010e-04  -1.16585e-01
  21  wCBO_linCoeff   0.00000e+00   constant   
  22  wCBO_const  -2.01923e-03   9.83386e-04   8.28930e-06   1.18736e+00
 MIGRAD MINIMIZATION HAS CONVERGED.
 MIGRAD WILL VERIFY CONVERGENCE AND ERROR MATRIX.
 FCN=492.762 FROM MIGRAD    STATUS=CONVERGED     291 CALLS         649 TOTAL
                     EDM=8.2018e-07    STRATEGY= 1      ERR MATRIX NOT POS-DEF
  EXT PARAMETER                APPROXIMATE        STEP         FIRST   
  NO.   NAME      VALUE            ERROR          SIZE      DERIVATIVE 
   1  N0           2.79139e+06     fixed    
   2  tau          6.43930e+01   constant   
   3  A0           3.56966e-01     fixed    
   4  phi          4.11819e+00     fixed    
   5  R           -6.11314e+01   constant   
   6  A_CBO        9.86635e-04   6.64348e-04   7.04060e-06  -7.58947e-02
   7  w_CBO        2.31650e+00   5.95103e-03   5.47142e-06  -1.60480e+00
   8  phi_CBO     -6.44839e-01   9.37097e-01   7.43799e-03  -7.74347e-04
   9  ANx2         3.99781e-04   constant   
  10  pNx2         4.45174e+00   constant   
  11  ANy1         0.00000e+00   constant   
  12  pNy1         0.00000e+00   constant   
  13  w_y          0.00000e+00   constant   
  14  ANy2         9.79441e-03     fixed    
  15  pNy2         4.41741e+00   constant   
  16  w_vw         1.43026e+01   constant   
  17  LM          -4.33674e-04   constant   
  18  wCBO_expCoeff   1.97740e+02   8.72293e-01   8.23113e-04  -1.28967e-02
  19  wCBO_expOffset   1.99642e+02   1.33120e-01   1.25603e-04  -8.44990e-02
  20  wCBO_expT    3.01745e+01   2.51507e-02   2.62092e-05  -3.89875e-01
  21  wCBO_linCoeff   0.00000e+00   constant   
  22  wCBO_const  -3.27855e-03   2.63686e-03   4.72668e-06  -1.17090e+00
 EXTERNAL ERROR MATRIX.    NDIM=  25    NPAR=  7    ERR DEF=1
  4.414e-07 -6.672e-08 -7.585e-05 -6.013e-06 -9.162e-07  1.260e-06 -9.964e-08 
 -6.672e-08  3.541e-05  2.969e-04 -1.129e-03 -1.725e-04 -2.747e-05 -1.442e-05 
 -7.585e-05  2.969e-04  8.782e-01  6.596e-03  1.002e-03 -3.118e-03  4.808e-04 
 -6.013e-06 -1.129e-03  6.596e-03  7.609e-01 -6.618e-02 -7.810e-03  6.041e-04 
 -9.162e-07 -1.725e-04  1.002e-03 -6.618e-02  1.772e-02 -1.192e-03  9.226e-05 
  1.260e-06 -2.747e-05 -3.118e-03 -7.810e-03 -1.192e-03  6.326e-04 -2.192e-06 
 -9.964e-08 -1.442e-05  4.808e-04  6.041e-04  9.226e-05 -2.192e-06  6.953e-06 
ERR MATRIX NOT POS-DEF
 PARAMETER  CORRELATION COEFFICIENTS  
       NO.  GLOBAL      6      7      8     18     19     20     22
        6  0.22500   1.000 -0.017 -0.122 -0.010 -0.010  0.075 -0.057
        7  0.99642  -0.017  1.000  0.053 -0.217 -0.218 -0.184 -0.919
        8  0.68447  -0.122  0.053  1.000  0.008  0.008 -0.132  0.195
       18  0.99623  -0.010 -0.217  0.008  1.000 -0.570 -0.356  0.263
       19  0.99623  -0.010 -0.218  0.008 -0.570  1.000 -0.356  0.263
       20  0.99540   0.075 -0.184 -0.132 -0.356 -0.356  1.000 -0.033
       22  0.98633  -0.057 -0.919  0.195  0.263  0.263 -0.033  1.000
 ERR MATRIX NOT POS-DEF
MINUIT - FIT ONLY 1-CBO
 **********
 **   29 **RES 
 **********
                   PARAMETER   14  ANy2 RESTORED TO VARIABLE.
                   PARAMETER    4  phi RESTORED TO VARIABLE.
                   PARAMETER    3  A0 RESTORED TO VARIABLE.
                   PARAMETER    1  N0 RESTORED TO VARIABLE.
 **********
 **   30 **FIX            0
 **********
 PARAMETER    0  IS UNDEFINED. IGNORED.
 **********
 **   31 **FIX            1
 **********
 **********
 **   32 **FIX            2
 **********
 PARAMETER    2  IS CONSTANT.   IGNORED.
 **********
 **   33 **FIX            3
 **********
 **********
 **   34 **FIX            4
 **********
 **********
 **   35 **FIX            8
 **********
 **********
 **   36 **FIX            9
 **********
 PARAMETER    9  IS CONSTANT.   IGNORED.
 **********
 **   37 **FIX           11
 **********
 PARAMETER   11  IS CONSTANT.   IGNORED.
 **********
 **   38 **FIX           12
 **********
 PARAMETER   12  IS CONSTANT.   IGNORED.
 **********
 **   39 **FIX           13
 **********
 PARAMETER   13  IS CONSTANT.   IGNORED.
 **********
 **   40 **FIX           15
 **********
 PARAMETER   15  IS CONSTANT.   IGNORED.
 **********
 **   41 **FIX           16
 **********
 PARAMETER   16  IS CONSTANT.   IGNORED.
 **********
 **   42 **MIGRAD
 **********
 START MIGRAD MINIMIZATION.  STRATEGY  1.  CONVERGENCE WHEN EDM .LT. 1.00e-04
 FCN=492.762 FROM MIGRAD    STATUS=INITIATE       16 CALLS         665 TOTAL
                     EDM= unknown      STRATEGY= 1      NO ERROR MATRIX       
  EXT PARAMETER               CURRENT GUESS       STEP         FIRST   
  NO.   NAME      VALUE            ERROR          SIZE      DERIVATIVE 
   1  N0           2.79139e+06     fixed    
   2  tau          6.43930e+01   constant   
   3  A0           3.56966e-01     fixed    
   4  phi          4.11819e+00     fixed    
   5  R           -6.11314e+01   constant   
   6  A_CBO        9.86635e-04   6.64348e-04   7.04060e-06  -7.58948e-02
   7  w_CBO        2.31650e+00   5.95103e-03   5.47142e-06  -1.60563e+00
   8  phi_CBO     -6.44839e-01     fixed    
   9  ANx2         3.99781e-04   constant   
  10  pNx2         4.45174e+00   constant   
  11  ANy1         0.00000e+00   constant   
  12  pNy1         0.00000e+00   constant   
  13  w_y          0.00000e+00   constant   
  14  ANy2         9.79441e-03   1.00000e-04   1.00000e-04   4.45777e+04
  15  pNy2         4.41741e+00   constant   
  16  w_vw         1.43026e+01   constant   
  17  LM          -4.33674e-04   constant   
  18  wCBO_expCoeff   1.97740e+02   8.72293e-01   8.23113e-04  -1.28756e-02
  19  wCBO_expOffset   1.99642e+02   1.33120e-01   1.25603e-04  -8.43726e-02
  20  wCBO_expT    3.01745e+01   2.51507e-02   2.62092e-05  -3.89991e-01
  21  wCBO_linCoeff   0.00000e+00   constant   
  22  wCBO_const  -3.27855e-03   2.63686e-03   4.72668e-06  -1.17062e+00
 MIGRAD MINIMIZATION HAS CONVERGED.
 MIGRAD WILL VERIFY CONVERGENCE AND ERROR MATRIX.
 COVARIANCE MATRIX CALCULATED SUCCESSFULLY
 FCN=274.721 FROM MIGRAD    STATUS=CONVERGED     225 CALLS         874 TOTAL
                     EDM=1.04364e-06    STRATEGY= 1      ERROR MATRIX ACCURATE 
  EXT PARAMETER                                   STEP         FIRST   
  NO.   NAME      VALUE            ERROR          SIZE      DERIVATIVE 
   1  N0           2.79139e+06     fixed    
   2  tau          6.43930e+01   constant   
   3  A0           3.56966e-01     fixed    
   4  phi          4.11819e+00     fixed    
   5  R           -6.11314e+01   constant   
   6  A_CBO        7.18342e-04   6.72388e-04   5.29637e-06  -1.05232e+00
   7  w_CBO        2.31461e+00   2.00927e-02   6.49127e-06   3.08088e-01
   8  phi_CBO     -6.44839e-01     fixed    
   9  ANx2         3.99781e-04   constant   
  10  pNx2         4.45174e+00   constant   
  11  ANy1         0.00000e+00   constant   
  12  pNy1         0.00000e+00   constant   
  13  w_y          0.00000e+00   constant   
  14  ANy2        -8.55416e-06   6.64922e-04   5.36770e-06  -1.79667e+00
  15  pNy2         4.41741e+00   constant   
  16  w_vw         1.43026e+01   constant   
  17  LM          -4.33674e-04   constant   
  18  wCBO_expCoeff   1.97158e+02   2.04174e+00   9.85579e-04   1.54285e-03
  19  wCBO_expOffset   1.99554e+02   3.13021e-01   1.51064e-04   1.00462e-02
  20  wCBO_expT    3.02176e+01   5.84979e-02   3.20669e-05   4.49155e-02
  21  wCBO_linCoeff   0.00000e+00   constant   
  22  wCBO_const  -2.74681e-03   8.60128e-03   5.11252e-06   4.10096e-01
 EXTERNAL ERROR MATRIX.    NDIM=  25    NPAR=  7    ERR DEF=1
  4.521e-07  5.230e-07  1.715e-08  6.149e-05  9.423e-06 -5.056e-06 -2.786e-07 
  5.230e-07  4.037e-04  2.407e-07 -1.324e-02 -2.034e-03 -2.646e-04 -1.716e-04 
  1.715e-08  2.407e-07  4.421e-07  3.533e-05  5.413e-06 -3.005e-06 -9.980e-08 
  6.149e-05 -1.324e-02  3.533e-05  4.169e+00 -2.878e-01 -3.917e-02  6.061e-03 
  9.423e-06 -2.034e-03  5.413e-06 -2.878e-01  9.798e-02 -6.001e-03  9.312e-04 
 -5.056e-06 -2.646e-04 -3.005e-06 -3.917e-02 -6.001e-03  3.422e-03  8.020e-05 
 -2.786e-07 -1.716e-04 -9.980e-08  6.061e-03  9.312e-04  8.020e-05  7.398e-05 
 PARAMETER  CORRELATION COEFFICIENTS  
       NO.  GLOBAL      6      7     14     18     19     20     22
        6  0.23751   1.000  0.039  0.038  0.045  0.045 -0.129 -0.048
        7  0.99921   0.039  1.000  0.018 -0.323 -0.323 -0.225 -0.993
       14  0.09302   0.038  0.018  1.000  0.026  0.026 -0.077 -0.017
       18  0.99823   0.045 -0.323  0.026  1.000 -0.450 -0.328  0.345
       19  0.99823   0.045 -0.323  0.026 -0.450  1.000 -0.328  0.346
       20  0.99771  -0.129 -0.225 -0.077 -0.328 -0.328  1.000  0.159
       22  0.99731  -0.048 -0.993 -0.017  0.345  0.346  0.159  1.000
MINUIT - FIT ONLY 2-CBO
 **********
 **   43 **RES 
 **********
                   PARAMETER    8  phi_CBO RESTORED TO VARIABLE.
                   PARAMETER    4  phi RESTORED TO VARIABLE.
                   PARAMETER    3  A0 RESTORED TO VARIABLE.
                   PARAMETER    1  N0 RESTORED TO VARIABLE.
 **********
 **   44 **FIX            0
 **********
 PARAMETER    0  IS UNDEFINED. IGNORED.
 **********
 **   45 **FIX            1
 **********
 **********
 **   46 **FIX            2
 **********
 PARAMETER    2  IS CONSTANT.   IGNORED.
 **********
 **   47 **FIX            3
 **********
 **********
 **   48 **FIX            4
 **********
 **********
 **   49 **FIX            5
 **********
 PARAMETER    5  IS CONSTANT.   IGNORED.
 **********
 **   50 **FIX            6
 **********
 **********
 **   51 **FIX            7
 **********
 **********
 **   52 **FIX           10
 **********
 PARAMETER   10  IS CONSTANT.   IGNORED.
 **********
 **   53 **FIX           11
 **********
 PARAMETER   11  IS CONSTANT.   IGNORED.
 **********
 **   54 **FIX           12
 **********
 PARAMETER   12  IS CONSTANT.   IGNORED.
 **********
 **   55 **FIX           13
 **********
 PARAMETER   13  IS CONSTANT.   IGNORED.
 **********
 **   56 **FIX           14
 **********
 **********
 **   57 **FIX           15
 **********
 PARAMETER   15  IS CONSTANT.   IGNORED.
 **********
 **   58 **FIX           16
 **********
 PARAMETER   16  IS CONSTANT.   IGNORED.
 **********
 **   59 **MIGRAD
 **********
 START MIGRAD MINIMIZATION.  STRATEGY  1.  CONVERGENCE WHEN EDM .LT. 1.00e-04
 FCN=274.721 FROM MIGRAD    STATUS=INITIATE       10 CALLS         884 TOTAL
                     EDM= unknown      STRATEGY= 1      NO ERROR MATRIX       
  EXT PARAMETER               CURRENT GUESS       STEP         FIRST   
  NO.   NAME      VALUE            ERROR          SIZE      DERIVATIVE 
   1  N0           2.79139e+06     fixed    
   2  tau          6.43930e+01   constant   
   3  A0           3.56966e-01     fixed    
   4  phi          4.11819e+00     fixed    
   5  R           -6.11314e+01   constant   
   6  A_CBO        7.18342e-04     fixed    
   7  w_CBO        2.31461e+00     fixed    
   8  phi_CBO     -6.44839e-01   9.37097e-01   9.37097e-01  -4.56966e-01
   9  ANx2         3.99781e-04   constant   
  10  pNx2         4.45174e+00   constant   
  11  ANy1         0.00000e+00   constant   
  12  pNy1         0.00000e+00   constant   
  13  w_y          0.00000e+00   constant   
  14  ANy2        -8.55416e-06     fixed    
  15  pNy2         4.41741e+00   constant   
  16  w_vw         1.43026e+01   constant   
  17  LM          -4.33674e-04   constant   
  18  wCBO_expCoeff   1.97158e+02   2.04174e+00   9.85579e-04   1.49193e-03
  19  wCBO_expOffset   1.99554e+02   3.13021e-01   1.51064e-04   9.73643e-03
  20  wCBO_expT    3.02176e+01   5.84979e-02   3.20669e-05   4.33936e-02
  21  wCBO_linCoeff   0.00000e+00   constant   
  22  wCBO_const  -2.74681e-03   8.60128e-03   5.11252e-06   4.11278e-01
 MIGRAD MINIMIZATION HAS CONVERGED.
 MIGRAD WILL VERIFY CONVERGENCE AND ERROR MATRIX.
 COVARIANCE MATRIX CALCULATED SUCCESSFULLY
 FCN=274.627 FROM HESSE     STATUS=OK             31 CALLS         961 TOTAL
                     EDM=0.000433232    STRATEGY= 1      ERROR MATRIX ACCURATE 
  EXT PARAMETER                                   STEP         FIRST   
  NO.   NAME      VALUE            ERROR          SIZE      DERIVATIVE 
   1  N0           2.79139e+06     fixed    
   2  tau          6.43930e+01   constant   
   3  A0           3.56966e-01     fixed    
   4  phi          4.11819e+00     fixed    
   5  R           -6.11314e+01   constant   
   6  A_CBO        7.18342e-04     fixed    
   7  w_CBO        2.31461e+00     fixed    
   8  phi_CBO     -2.33619e-01   1.34394e+00   7.55904e-03  -6.85264e-04
   9  ANx2         3.99781e-04   constant   
  10  pNx2         4.45174e+00   constant   
  11  ANy1         0.00000e+00   constant   
  12  pNy1         0.00000e+00   constant   
  13  w_y          0.00000e+00   constant   
  14  ANy2        -8.55416e-06     fixed    
  15  pNy2         4.41741e+00   constant   
  16  w_vw         1.43026e+01   constant   
  17  LM          -4.33674e-04   constant   
  18  wCBO_expCoeff   1.97149e+02   1.50638e+00   1.01532e-03   9.77263e-03
  19  wCBO_expOffset   1.99552e+02   2.30887e-01   1.55620e-04   6.37276e-02
  20  wCBO_expT    3.02175e+01   4.68881e-02   3.28623e-05  -5.93869e-01
  21  wCBO_linCoeff   0.00000e+00   constant   
  22  wCBO_const  -2.49735e-03   1.23664e-03   5.04315e-06   4.39706e-01
 MIGRAD MINIMIZATION HAS CONVERGED.
 FCN=274.624 FROM MIGRAD    STATUS=CONVERGED     100 CALLS         974 TOTAL
                     EDM=2.35826e-06    STRATEGY= 1  ERROR MATRIX UNCERTAINTY  11.0 per cent
  EXT PARAMETER                                   STEP         FIRST   
  NO.   NAME      VALUE            ERROR          SIZE      DERIVATIVE 
   1  N0           2.79139e+06     fixed    
   2  tau          6.43930e+01   constant   
   3  A0           3.56966e-01     fixed    
   4  phi          4.11819e+00     fixed    
   5  R           -6.11314e+01   constant   
   6  A_CBO        7.18342e-04     fixed    
   7  w_CBO        2.31461e+00     fixed    
   8  phi_CBO     -2.21194e-01   1.36013e+00   1.24244e-02   2.98051e-03
   9  ANx2         3.99781e-04   constant   
  10  pNx2         4.45174e+00   constant   
  11  ANy1         0.00000e+00   constant   
  12  pNy1         0.00000e+00   constant   
  13  w_y          0.00000e+00   constant   
  14  ANy2        -8.55416e-06     fixed    
  15  pNy2         4.41741e+00   constant   
  16  w_vw         1.43026e+01   constant   
  17  LM          -4.33674e-04   constant   
  18  wCBO_expCoeff   1.97068e+02   2.11607e+00  -8.15534e-02  -7.80999e-03
  19  wCBO_expOffset   1.99540e+02   3.24262e-01  -1.24924e-02  -5.09219e-02
  20  wCBO_expT    3.02230e+01   1.10804e-01   5.51015e-03  -2.68997e-01
  21  wCBO_linCoeff   0.00000e+00   constant   
  22  wCBO_const  -2.55031e-03   1.56029e-03  -5.29669e-05  -4.30858e+00
 EXTERNAL ERROR MATRIX.    NDIM=  25    NPAR=  5    ERR DEF=1
  1.850e+00 -4.077e-01 -6.248e-02  2.403e-02  8.573e-04 
 -4.077e-01  4.478e+00  1.389e-01 -1.815e-01  1.680e-03 
 -6.248e-02  1.389e-01  1.051e-01 -2.782e-02  2.573e-04 
  2.403e-02 -1.815e-01 -2.782e-02  1.228e-02 -1.184e-04 
  8.573e-04  1.680e-03  2.573e-04 -1.184e-04  2.435e-06 
 PARAMETER  CORRELATION COEFFICIENTS  
       NO.  GLOBAL      8     18     19     20     22
        8  0.72805   1.000 -0.142 -0.142  0.159  0.404
       18  0.99825  -0.142  1.000  0.202 -0.774  0.509
       19  0.99825  -0.142  0.202  1.000 -0.774  0.509
       20  0.99933   0.159 -0.774 -0.774  1.000 -0.685
       22  0.91727   0.404  0.509  0.509 -0.685  1.000
MINUIT - FIT ONLY 1-y
 **********
 **   60 **RES 
 **********
                   PARAMETER   14  ANy2 RESTORED TO VARIABLE.
                   PARAMETER    7  w_CBO RESTORED TO VARIABLE.
                   PARAMETER    6  A_CBO RESTORED TO VARIABLE.
                   PARAMETER    4  phi RESTORED TO VARIABLE.
                   PARAMETER    3  A0 RESTORED TO VARIABLE.
                   PARAMETER    1  N0 RESTORED TO VARIABLE.
 **********
 **   61 **FIX            0
 **********
 PARAMETER    0  IS UNDEFINED. IGNORED.
 **********
 **   62 **FIX            1
 **********
 **********
 **   63 **FIX            2
 **********
 PARAMETER    2  IS CONSTANT.   IGNORED.
 **********
 **   64 **FIX            3
 **********
 **********
 **   65 **FIX            4
 **********
 **********
 **   66 **FIX            5
 **********
 PARAMETER    5  IS CONSTANT.   IGNORED.
 **********
 **   67 **FIX            6
 **********
 **********
 **   68 **FIX            7
 **********
 **********
 **   69 **FIX            8
 **********
 **********
 **   70 **FIX            9
 **********
 PARAMETER    9  IS CONSTANT.   IGNORED.
 **********
 **   71 **FIX           13
 **********
 PARAMETER   13  IS CONSTANT.   IGNORED.
 **********
 **   72 **FIX           14
 **********
 **********
 **   73 **FIX           15
 **********
 PARAMETER   15  IS CONSTANT.   IGNORED.
 **********
 **   74 **FIX           16
 **********
 PARAMETER   16  IS CONSTANT.   IGNORED.
 **********
 **   75 **MIGRAD
 **********
 START MIGRAD MINIMIZATION.  STRATEGY  1.  CONVERGENCE WHEN EDM .LT. 1.00e-04
 FCN=274.624 FROM MIGRAD    STATUS=INITIATE        8 CALLS         982 TOTAL
                     EDM= unknown      STRATEGY= 1      NO ERROR MATRIX       
  EXT PARAMETER               CURRENT GUESS       STEP         FIRST   
  NO.   NAME      VALUE            ERROR          SIZE      DERIVATIVE 
   1  N0           2.79139e+06     fixed    
   2  tau          6.43930e+01   constant   
   3  A0           3.56966e-01     fixed    
   4  phi          4.11819e+00     fixed    
   5  R           -6.11314e+01   constant   
   6  A_CBO        7.18342e-04     fixed    
   7  w_CBO        2.31461e+00     fixed    
   8  phi_CBO     -2.21194e-01     fixed    
   9  ANx2         3.99781e-04   constant   
  10  pNx2         4.45174e+00   constant   
  11  ANy1         0.00000e+00   constant   
  12  pNy1         0.00000e+00   constant   
  13  w_y          0.00000e+00   constant   
  14  ANy2        -8.55416e-06     fixed    
  15  pNy2         4.41741e+00   constant   
  16  w_vw         1.43026e+01   constant   
  17  LM          -4.33674e-04   constant   
  18  wCBO_expCoeff   1.97068e+02   2.11607e+00  -8.15534e-02  -7.80950e-03
  19  wCBO_expOffset   1.99540e+02   3.24262e-01  -1.24924e-02  -5.09193e-02
  20  wCBO_expT    3.02230e+01   1.10804e-01   5.51015e-03  -2.68988e-01
  21  wCBO_linCoeff   0.00000e+00   constant   
  22  wCBO_const  -2.55031e-03   1.56029e-03  -5.29669e-05  -4.30853e+00
 MIGRAD MINIMIZATION HAS CONVERGED.
 MIGRAD WILL VERIFY CONVERGENCE AND ERROR MATRIX.
 COVARIANCE MATRIX CALCULATED SUCCESSFULLY
 FCN=274.624 FROM MIGRAD    STATUS=CONVERGED      41 CALLS        1015 TOTAL
                     EDM=2.04779e-06    STRATEGY= 1      ERROR MATRIX ACCURATE 
  EXT PARAMETER                                   STEP         FIRST   
  NO.   NAME      VALUE            ERROR          SIZE      DERIVATIVE 
   1  N0           2.79139e+06     fixed    
   2  tau          6.43930e+01   constant   
   3  A0           3.56966e-01     fixed    
   4  phi          4.11819e+00     fixed    
   5  R           -6.11314e+01   constant   
   6  A_CBO        7.18342e-04     fixed    
   7  w_CBO        2.31461e+00     fixed    
   8  phi_CBO     -2.21194e-01     fixed    
   9  ANx2         3.99781e-04   constant   
  10  pNx2         4.45174e+00   constant   
  11  ANy1         0.00000e+00   constant   
  12  pNy1         0.00000e+00   constant   
  13  w_y          0.00000e+00   constant   
  14  ANy2        -8.55416e-06     fixed    
  15  pNy2         4.41741e+00   constant   
  16  w_vw         1.43026e+01   constant   
  17  LM          -4.33674e-04   constant   
  18  wCBO_expCoeff   1.97068e+02   1.53255e+00   1.01019e-03   6.59187e-03
  19  wCBO_expOffset   1.99540e+02   2.35040e-01   1.54926e-04   4.29506e-02
  20  wCBO_expT    3.02230e+01   4.73867e-02   3.27331e-05   1.85605e-01
  21  wCBO_linCoeff   0.00000e+00   constant   
  22  wCBO_const  -2.55000e-03   9.44306e-04   4.99577e-06  -1.46934e+00
 EXTERNAL ERROR MATRIX.    NDIM=  25    NPAR=  4    ERR DEF=1
  2.349e+00 -2.100e-01 -3.294e-02  3.253e-04 
 -2.100e-01  5.524e-02 -5.053e-03  4.989e-05 
 -3.294e-02 -5.053e-03  2.246e-03 -2.481e-05 
  3.253e-04  4.989e-05 -2.481e-05  8.917e-07 
 PARAMETER  CORRELATION COEFFICIENTS  
       NO.  GLOBAL     18     19     20     22
       18  0.99669   1.000 -0.583 -0.454  0.225
       19  0.99669  -0.583  1.000 -0.454  0.225
       20  0.99636  -0.454 -0.454  1.000 -0.555
       22  0.75765   0.225  0.225 -0.555  1.000
MINUIT - FIT ONLY 2-y
 **********
 **   76 **RES 
 **********
                   PARAMETER   14  ANy2 RESTORED TO VARIABLE.
                   PARAMETER    8  phi_CBO RESTORED TO VARIABLE.
                   PARAMETER    7  w_CBO RESTORED TO VARIABLE.
                   PARAMETER    6  A_CBO RESTORED TO VARIABLE.
                   PARAMETER    4  phi RESTORED TO VARIABLE.
                   PARAMETER    3  A0 RESTORED TO VARIABLE.
                   PARAMETER    1  N0 RESTORED TO VARIABLE.
 **********
 **   77 **FIX            0
 **********
 PARAMETER    0  IS UNDEFINED. IGNORED.
 **********
 **   78 **FIX            1
 **********
 **********
 **   79 **FIX            2
 **********
 PARAMETER    2  IS CONSTANT.   IGNORED.
 **********
 **   80 **FIX            3
 **********
 **********
 **   81 **FIX            4
 **********
 **********
 **   82 **FIX            5
 **********
 PARAMETER    5  IS CONSTANT.   IGNORED.
 **********
 **   83 **FIX            6
 **********
 **********
 **   84 **FIX            7
 **********
 **********
 **   85 **FIX            8
 **********
 **********
 **   86 **FIX            9
 **********
 PARAMETER    9  IS CONSTANT.   IGNORED.
 **********
 **   87 **FIX           10
 **********
 PARAMETER   10  IS CONSTANT.   IGNORED.
 **********
 **   88 **FIX           11
 **********
 PARAMETER   11  IS CONSTANT.   IGNORED.
 **********
 **   89 **FIX           12
 **********
 PARAMETER   12  IS CONSTANT.   IGNORED.
 **********
 **   90 **FIX           16
 **********
 PARAMETER   16  IS CONSTANT.   IGNORED.
 **********
 **   91 **MIGRAD
 **********
 START MIGRAD MINIMIZATION.  STRATEGY  1.  CONVERGENCE WHEN EDM .LT. 1.00e-04
 FCN=274.624 FROM MIGRAD    STATUS=INITIATE       10 CALLS        1025 TOTAL
                     EDM= unknown      STRATEGY= 1      NO ERROR MATRIX       
  EXT PARAMETER               CURRENT GUESS       STEP         FIRST   
  NO.   NAME      VALUE            ERROR          SIZE      DERIVATIVE 
   1  N0           2.79139e+06     fixed    
   2  tau          6.43930e+01   constant   
   3  A0           3.56966e-01     fixed    
   4  phi          4.11819e+00     fixed    
   5  R           -6.11314e+01   constant   
   6  A_CBO        7.18342e-04     fixed    
   7  w_CBO        2.31461e+00     fixed    
   8  phi_CBO     -2.21194e-01     fixed    
   9  ANx2         3.99781e-04   constant   
  10  pNx2         4.45174e+00   constant   
  11  ANy1         0.00000e+00   constant   
  12  pNy1         0.00000e+00   constant   
  13  w_y          0.00000e+00   constant   
  14  ANy2        -8.55416e-06   6.64922e-04   6.64922e-04   6.03809e+01
  15  pNy2         4.41741e+00   constant   
  16  w_vw         1.43026e+01   constant   
  17  LM          -4.33674e-04   constant   
  18  wCBO_expCoeff   1.97068e+02   1.53255e+00   1.01019e-03   6.50617e-03
  19  wCBO_expOffset   1.99540e+02   2.35040e-01   1.54926e-04   4.24254e-02
  20  wCBO_expT    3.02230e+01   4.73867e-02   3.27331e-05   1.83121e-01
  21  wCBO_linCoeff   0.00000e+00   constant   
  22  wCBO_const  -2.55000e-03   9.44306e-04   4.99577e-06  -1.47222e+00
 MIGRAD MINIMIZATION HAS CONVERGED.
 MIGRAD WILL VERIFY CONVERGENCE AND ERROR MATRIX.
 COVARIANCE MATRIX CALCULATED SUCCESSFULLY
 FCN=274.624 FROM MIGRAD    STATUS=CONVERGED      64 CALLS        1079 TOTAL
                     EDM=4.5441e-06    STRATEGY= 1      ERROR MATRIX ACCURATE 
  EXT PARAMETER                                   STEP         FIRST   
  NO.   NAME      VALUE            ERROR          SIZE      DERIVATIVE 
   1  N0           2.79139e+06     fixed    
   2  tau          6.43930e+01   constant   
   3  A0           3.56966e-01     fixed    
   4  phi          4.11819e+00     fixed    
   5  R           -6.11314e+01   constant   
   6  A_CBO        7.18342e-04     fixed    
   7  w_CBO        2.31461e+00     fixed    
   8  phi_CBO     -2.21194e-01     fixed    
   9  ANx2         3.99781e-04   constant   
  10  pNx2         4.45174e+00   constant   
  11  ANy1         0.00000e+00   constant   
  12  pNy1         0.00000e+00   constant   
  13  w_y          0.00000e+00   constant   
  14  ANy2        -2.18382e-05   6.64008e-04   5.36671e-06  -1.22049e-01
  15  pNy2         4.41741e+00   constant   
  16  w_vw         1.43026e+01   constant   
  17  LM          -4.33674e-04   constant   
  18  wCBO_expCoeff   1.97068e+02   1.53099e+00   1.01002e-03   6.60347e-03
  19  wCBO_expOffset   1.99540e+02   2.34800e-01   1.54900e-04   4.30261e-02
  20  wCBO_expT    3.02230e+01   4.74371e-02   3.27299e-05   1.30595e-01
  21  wCBO_linCoeff   0.00000e+00   constant   
  22  wCBO_const  -2.54938e-03   9.44193e-04   4.99635e-06  -1.74691e+00
 EXTERNAL ERROR MATRIX.    NDIM=  25    NPAR=  5    ERR DEF=1
  4.409e-07  2.935e-05  4.502e-06 -1.939e-06 -1.874e-09 
  2.935e-05  2.344e+00 -2.089e-01 -3.302e-02  3.246e-04 
  4.502e-06 -2.089e-01  5.513e-02 -5.064e-03  4.979e-05 
 -1.939e-06 -3.302e-02 -5.064e-03  2.250e-03 -2.477e-05 
 -1.874e-09  3.246e-04  4.979e-05 -2.477e-05  8.915e-07 
 PARAMETER  CORRELATION COEFFICIENTS  
       NO.  GLOBAL     14     18     19     20     22
       14  0.07707   1.000  0.029  0.029 -0.062 -0.003
       18  0.99668   0.029  1.000 -0.581 -0.455  0.225
       19  0.99668   0.029 -0.581  1.000 -0.455  0.225
       20  0.99637  -0.062 -0.455 -0.455  1.000 -0.553
       22  0.75751  -0.003  0.225  0.225 -0.553  1.000
MINUIT - FIT ALTOGETHER
 **********
 **   92 **RES 
 **********
                   PARAMETER    8  phi_CBO RESTORED TO VARIABLE.
                   PARAMETER    7  w_CBO RESTORED TO VARIABLE.
                   PARAMETER    6  A_CBO RESTORED TO VARIABLE.
                   PARAMETER    4  phi RESTORED TO VARIABLE.
                   PARAMETER    3  A0 RESTORED TO VARIABLE.
                   PARAMETER    1  N0 RESTORED TO VARIABLE.
 **********
 **   93 **MIGRAD
 **********
 START MIGRAD MINIMIZATION.  STRATEGY  1.  CONVERGENCE WHEN EDM .LT. 1.00e-04
