 + ++++++++++++++++++++++++++++++++++++++++++++++++++++++++++++++++++++ +
 +                                                                      +
 +           You have chose to blind your fitting according to          +
 +                omega_ref * (1 + (R +/- deltaR) *10^{-6})             +
 +                                                                      +
 + ++++++++++++++++++++++++++++++++++++++++++++++++++++++++++++++++++++ +
In main()...
reading format from /gm2data/zkhechad/run45/envelope/formats/formatB_sBin_constraintOn.txt
pBinTau 	= 0  
pBinPhi 	= 0  
constraintau 	= 1 
includeMopTerm 	= 0    
constrainMop    = 0   
Parameters after format file: pBinTau 0 pBinPhi 0 constraintau 1 includeMopTerm 0 constrainMop 0 c_e_scale 0.000000 
reading cbo reference file (full fit) from /gm2data/zkhechad/cboTemplates/Run4CBOTemplates/fullFits/run4/sBin_constraintOn_cE0.0_seed0_run4_calo13.root
A_CBO 0.010252 w_CBO 2.327514 phi_CBO 5.545635 N0 3338670.649067 R -60.961072 tau 64.390414 
Reading cboRef file /gm2data/zkhechad/cboTemplates/Run4CBOTemplates//cboIsolate/run4_calo13.root
deltaT 164.120000
windowBins = 1100
fitting sliding window 2300 from bin 2503 at 373.447600 to bin 3603 at 537.567600 (1100 bins)

Reading data from /gm2data/cornell/histograms/aMethod/histogram_a_run4.root
fitting cbo isolate
 **********
 **    1 **SET PRINTOUT            1
 **********
 **********
 **    2 **SET NOWARNINGS 
 **********
 PARAMETER DEFINITIONS:
    NO.   NAME         VALUE      STEP SIZE      LIMITS
     1 A_CBO        1.02517e-02  1.00000e-05     no limits
     2 w_CBO        2.32751e+00  1.00000e-02    2.00000e+00  3.00000e+00
     3 phi_CBO      5.54564e+00  1.00000e-02    0.00000e+00  6.28319e+00
 **********
 **    3 **MIGRAD
 **********
 FIRST CALL TO USER FUNCTION AT NEW START POINT, WITH IFLAG=4.
 START MIGRAD MINIMIZATION.  STRATEGY  1.  CONVERGENCE WHEN EDM .LT. 1.00e-04
 FCN=0.21986 FROM MIGRAD    STATUS=INITIATE       12 CALLS          13 TOTAL
                     EDM= unknown      STRATEGY= 1      NO ERROR MATRIX       
  EXT PARAMETER               CURRENT GUESS       STEP         FIRST   
  NO.   NAME      VALUE            ERROR          SIZE      DERIVATIVE 
   1  A_CBO        1.02517e-02   1.00000e-05   1.00000e-05   7.53018e+00
   2  w_CBO        2.32751e+00   1.00000e-02   2.13103e-02   1.65643e+00
   3  phi_CBO      5.54564e+00   1.00000e-02   4.94468e-03  -1.83489e-02
 MIGRAD MINIMIZATION HAS CONVERGED.
 MIGRAD WILL VERIFY CONVERGENCE AND ERROR MATRIX.
 COVARIANCE MATRIX CALCULATED SUCCESSFULLY
 FCN=0.193786 FROM HESSE     STATUS=OK             16 CALLS          59 TOTAL
                     EDM=0.000243345    STRATEGY= 1      ERROR MATRIX ACCURATE 
  EXT PARAMETER                                   STEP         FIRST   
  NO.   NAME      VALUE            ERROR          SIZE      DERIVATIVE 
   1  A_CBO        3.52440e-03   4.31153e-02   2.27340e-05   2.87513e-02
   2  w_CBO        2.32735e+00   1.46324e-01   3.07865e-05  -3.45957e-02
   3  phi_CBO      5.68202e+00   3.16480e+00   3.51313e-03  -5.62388e-04
 MIGRAD MINIMIZATION HAS CONVERGED.
 MIGRAD WILL VERIFY CONVERGENCE AND ERROR MATRIX.
 COVARIANCE MATRIX CALCULATED SUCCESSFULLY
 FCN=0.193536 FROM MIGRAD    STATUS=CONVERGED     129 CALLS         130 TOTAL
                     EDM=3.7603e-06    STRATEGY= 1      ERROR MATRIX ACCURATE 
  EXT PARAMETER                                   STEP         FIRST   
  NO.   NAME      VALUE            ERROR          SIZE      DERIVATIVE 
   1  A_CBO        3.56455e-03   4.26191e-02   2.27333e-05   2.15352e-03
   2  w_CBO        2.32866e+00   2.96580e-02   3.03144e-05  -7.15104e-03
   3  phi_CBO      6.27797e+00   6.24793e+00   1.64226e-02  -6.10391e-05
 EXTERNAL ERROR MATRIX.    NDIM=  25    NPAR=  3    ERR DEF=1
  1.816e-03  6.211e-06  3.730e-03 
  6.211e-06  8.808e-04  1.027e-01 
  3.730e-03  1.027e-01  5.503e+01 
 PARAMETER  CORRELATION COEFFICIENTS  
       NO.  GLOBAL      1      2      3
        1  0.01182   1.000  0.005  0.012
        2  0.46654   0.005  1.000  0.467
        3  0.46664   0.012  0.467  1.000
setting A_CBO=0.003565 w_CBO=2.328665, phi_CBO=6.277967
done fitting cbo isolate
 **********
 **    1 **SET PRINTOUT            1
 **********
 **********
 **    2 **SET NOWARNINGS 
 **********
 PARAMETER DEFINITIONS:
    NO.   NAME         VALUE      STEP SIZE      LIMITS
     1 N0           3.33867e+06  1.00000e+02     no limits
     2 tau          6.43904e+01  constant
     3 A0           3.52926e-01  1.00000e-04     no limits
     4 phi          4.13059e+00  1.00000e-02     no limits
     5 R           -6.09611e+01  constant
     6 A_CBO        3.56455e-03  1.00000e-05     no limits
     7 w_CBO        2.32866e+00  1.00000e-03     no limits
     8 phi_CBO      6.27797e+00  1.00000e-04     no limits
     9 ANx2         2.14836e-04  constant
    10 pNx2         2.09111e+00  constant
    11 ANy1         0.00000e+00  constant
    12 pNy1         0.00000e+00  constant
    13 w_y          0.00000e+00  constant
    14 ANy2         1.07548e-02  1.00000e-04     no limits
    15 pNy2         1.09622e+00  constant
    16 w_vw         1.43115e+01  constant
    17 LM          -4.64416e-04  constant
    18 wCBO_expCoeff   2.00000e+02  1.00000e+00     no limits
    19 wCBO_expOffset   2.00000e+02  1.00000e+00     no limits
    20 wCBO_expT    3.00000e+01  1.00000e+00     no limits
    21 wCBO_linCoeff   0.00000e+00  constant
    22 wCBO_const   0.00000e+00  1.00000e-02     no limits
MINUIT - FIT ONLY WIGGLE
 **********
 **    3 **FIX            5
 **********
 PARAMETER    5  IS CONSTANT.   IGNORED.
 **********
 **    4 **FIX            6
 **********
 **********
 **    5 **FIX            7
 **********
 **********
 **    6 **FIX            8
 **********
 **********
 **    7 **FIX            9
 **********
 PARAMETER    9  IS CONSTANT.   IGNORED.
 **********
 **    8 **FIX           10
 **********
 PARAMETER   10  IS CONSTANT.   IGNORED.
 **********
 **    9 **FIX           11
 **********
 PARAMETER   11  IS CONSTANT.   IGNORED.
 **********
 **   10 **FIX           12
 **********
 PARAMETER   12  IS CONSTANT.   IGNORED.
 **********
 **   11 **FIX           13
 **********
 PARAMETER   13  IS CONSTANT.   IGNORED.
 **********
 **   12 **FIX           14
 **********
 **********
 **   13 **FIX           15
 **********
 PARAMETER   15  IS CONSTANT.   IGNORED.
 **********
 **   14 **FIX           16
 **********
 PARAMETER   16  IS CONSTANT.   IGNORED.
 **********
 **   15 **MIGRAD
 **********
 FIRST CALL TO USER FUNCTION AT NEW START POINT, WITH IFLAG=4.
 START MIGRAD MINIMIZATION.  STRATEGY  1.  CONVERGENCE WHEN EDM .LT. 1.00e-04
 FCN=517.645 FROM MIGRAD    STATUS=INITIATE       57 CALLS          58 TOTAL
                     EDM= unknown      STRATEGY= 1      NO ERROR MATRIX       
  EXT PARAMETER               CURRENT GUESS       STEP         FIRST   
  NO.   NAME      VALUE            ERROR          SIZE      DERIVATIVE 
   1  N0           3.33867e+06   1.00000e+02   0.00000e+00   5.85602e-04
   2  tau          6.43904e+01   constant   
   3  A0           3.52926e-01   1.00000e-04   0.00000e+00   1.38676e+03
   4  phi          4.13059e+00   1.00000e-02   0.00000e+00   2.39011e+02
   5  R           -6.09611e+01   constant   
   6  A_CBO        3.56455e-03     fixed    
   7  w_CBO        2.32866e+00     fixed    
   8  phi_CBO      6.27797e+00     fixed    
   9  ANx2         2.14836e-04   constant   
  10  pNx2         2.09111e+00   constant   
  11  ANy1         0.00000e+00   constant   
  12  pNy1         0.00000e+00   constant   
  13  w_y          0.00000e+00   constant   
  14  ANy2         1.07548e-02     fixed    
  15  pNy2         1.09622e+00   constant   
  16  w_vw         1.43115e+01   constant   
  17  LM          -4.64416e-04   constant   
  18  wCBO_expCoeff   2.00000e+02   1.00000e+00   0.00000e+00  -1.99017e+00
  19  wCBO_expOffset   2.00000e+02   1.00000e+00   0.00000e+00  -1.32678e+01
  20  wCBO_expT    3.00000e+01   1.00000e+00   0.00000e+00  -9.74641e+01
  21  wCBO_linCoeff   0.00000e+00   constant   
  22  wCBO_const   2.46262e-03   1.00000e-02   2.46262e-03  -1.02213e+02
 MIGRAD MINIMIZATION HAS CONVERGED.
 FCN=511.898 FROM MIGRAD    STATUS=CONVERGED     261 CALLS         262 TOTAL
                     EDM=7.0844e-06    STRATEGY= 1  ERROR MATRIX UNCERTAINTY   0.3 per cent
  EXT PARAMETER                                   STEP         FIRST   
  NO.   NAME      VALUE            ERROR          SIZE      DERIVATIVE 
   1  N0           3.33758e+06   1.97908e+03  -2.07994e+00   1.86911e-07
   2  tau          6.43904e+01   constant   
   3  A0           3.52763e-01   8.10672e-04   1.04922e-06  -1.15705e+00
   4  phi          4.12926e+00   2.36703e-03   5.81885e-06   1.14022e-01
   5  R           -6.09611e+01   constant   
   6  A_CBO        3.56455e-03     fixed    
   7  w_CBO        2.32866e+00     fixed    
   8  phi_CBO      6.27797e+00     fixed    
   9  ANx2         2.14836e-04   constant   
  10  pNx2         2.09111e+00   constant   
  11  ANy1         0.00000e+00   constant   
  12  pNy1         0.00000e+00   constant   
  13  w_y          0.00000e+00   constant   
  14  ANy2         1.07548e-02     fixed    
  15  pNy2         1.09622e+00   constant   
  16  w_vw         1.43115e+01   constant   
  17  LM          -4.64416e-04   constant   
  18  wCBO_expCoeff   1.91663e+02   4.30476e+00  -2.01518e-02  -9.66261e-03
  19  wCBO_expOffset   1.98749e+02   6.47433e-01  -3.03099e-03  -6.07897e-02
  20  wCBO_expT    3.04631e+01   2.42106e-01   1.17428e-03  -4.16362e-01
  21  wCBO_linCoeff   0.00000e+00   constant   
  22  wCBO_const  -8.39419e-04   1.86272e-03  -1.14023e-05  -9.81539e+00
 EXTERNAL ERROR MATRIX.    NDIM=  25    NPAR=  7    ERR DEF=1
  3.917e+06 -1.117e-02 -1.235e-01  2.969e+02  4.482e+01 -1.820e+01  2.544e-01 
 -1.117e-02  6.572e-07  7.876e-08 -8.077e-04 -1.215e-04  4.632e-05 -3.892e-07 
 -1.235e-01  7.876e-08  5.603e-06 -9.938e-04 -1.496e-04  5.880e-05 -6.638e-07 
  2.969e+02 -8.077e-04 -9.938e-04  1.853e+01  2.774e+00 -1.040e+00  7.368e-03 
  4.482e+01 -1.215e-04 -1.496e-04  2.774e+00  4.192e-01 -1.564e-01  1.108e-03 
 -1.820e+01  4.632e-05  5.880e-05 -1.040e+00 -1.564e-01  5.862e-02 -4.214e-04 
  2.544e-01 -3.892e-07 -6.638e-07  7.368e-03  1.108e-03 -4.214e-04  3.470e-06 
 PARAMETER  CORRELATION COEFFICIENTS  
       NO.  GLOBAL      1      3      4     18     19     20     22
        1  0.10416   1.000 -0.007 -0.026  0.035  0.035 -0.038  0.069
        3  0.25837  -0.007  1.000  0.041 -0.231 -0.231  0.236 -0.258
        4  0.18771  -0.026  0.041  1.000 -0.098 -0.098  0.103 -0.151
       18  0.99886   0.035 -0.231 -0.098  1.000  0.995 -0.998  0.919
       19  0.99883   0.035 -0.231 -0.098  0.995  1.000 -0.998  0.919
       20  0.99969  -0.038  0.236  0.103 -0.998 -0.998  1.000 -0.934
       22  0.97784   0.069 -0.258 -0.151  0.919  0.919 -0.934  1.000
MINUIT - FIT ONLY 1-CBO + other amplitudes 
 **********
 **   16 **RES 
 **********
                   PARAMETER   14  ANy2 RESTORED TO VARIABLE.
                   PARAMETER    8  phi_CBO RESTORED TO VARIABLE.
                   PARAMETER    7  w_CBO RESTORED TO VARIABLE.
                   PARAMETER    6  A_CBO RESTORED TO VARIABLE.
 **********
 **   17 **FIX            0
 **********
 PARAMETER    0  IS UNDEFINED. IGNORED.
 **********
 **   18 **FIX            1
 **********
 **********
 **   19 **FIX            2
 **********
 PARAMETER    2  IS CONSTANT.   IGNORED.
 **********
 **   20 **FIX            3
 **********
 **********
 **   21 **FIX            4
 **********
 **********
 **   22 **FIX            9
 **********
 PARAMETER    9  IS CONSTANT.   IGNORED.
 **********
 **   23 **FIX           11
 **********
 PARAMETER   11  IS CONSTANT.   IGNORED.
 **********
 **   24 **FIX           12
 **********
 PARAMETER   12  IS CONSTANT.   IGNORED.
 **********
 **   25 **FIX           14
 **********
 **********
 **   26 **FIX           15
 **********
 PARAMETER   15  IS CONSTANT.   IGNORED.
 **********
 **   27 **FIX           16
 **********
 PARAMETER   16  IS CONSTANT.   IGNORED.
 **********
 **   28 **MIGRAD
 **********
 START MIGRAD MINIMIZATION.  STRATEGY  1.  CONVERGENCE WHEN EDM .LT. 1.00e-04
 FCN=511.898 FROM MIGRAD    STATUS=INITIATE       20 CALLS         282 TOTAL
                     EDM= unknown      STRATEGY= 1      NO ERROR MATRIX       
  EXT PARAMETER               CURRENT GUESS       STEP         FIRST   
  NO.   NAME      VALUE            ERROR          SIZE      DERIVATIVE 
   1  N0           3.33758e+06     fixed    
   2  tau          6.43904e+01   constant   
   3  A0           3.52763e-01     fixed    
   4  phi          4.12926e+00     fixed    
   5  R           -6.09611e+01   constant   
   6  A_CBO        3.56455e-03   1.00000e-05   1.00000e-05   7.18764e+03
   7  w_CBO        2.32866e+00   1.00000e-03   1.00000e-03  -5.00474e+00
   8  phi_CBO      6.27797e+00   1.00000e-04   1.00000e-04   4.01416e-01
   9  ANx2         2.14836e-04   constant   
  10  pNx2         2.09111e+00   constant   
  11  ANy1         0.00000e+00   constant   
  12  pNy1         0.00000e+00   constant   
  13  w_y          0.00000e+00   constant   
  14  ANy2         1.07548e-02     fixed    
  15  pNy2         1.09622e+00   constant   
  16  w_vw         1.43115e+01   constant   
  17  LM          -4.64416e-04   constant   
  18  wCBO_expCoeff   1.91663e+02   4.30476e+00  -2.01518e-02  -9.66260e-03
  19  wCBO_expOffset   1.98749e+02   6.47433e-01  -3.03099e-03  -6.07896e-02
  20  wCBO_expT    3.04631e+01   2.42106e-01   1.17428e-03  -4.16362e-01
  21  wCBO_linCoeff   0.00000e+00   constant   
  22  wCBO_const  -8.39419e-04   1.86272e-03  -1.14023e-05  -9.81533e+00
 MIGRAD MINIMIZATION HAS CONVERGED.
 MIGRAD WILL VERIFY CONVERGENCE AND ERROR MATRIX.
 COVARIANCE MATRIX CALCULATED SUCCESSFULLY
 FCN=502.362 FROM MIGRAD    STATUS=CONVERGED     321 CALLS         583 TOTAL
                     EDM=2.81554e-06    STRATEGY= 1      ERROR MATRIX ACCURATE 
  EXT PARAMETER                                   STEP         FIRST   
  NO.   NAME      VALUE            ERROR          SIZE      DERIVATIVE 
   1  N0           3.33758e+06     fixed    
   2  tau          6.43904e+01   constant   
   3  A0           3.52763e-01     fixed    
   4  phi          4.12926e+00     fixed    
   5  R           -6.09611e+01   constant   
   6  A_CBO        9.86110e-04   8.41034e-04   9.10080e-06  -1.79704e+00
   7  w_CBO        2.32700e+00   3.54728e-02   1.31984e-05  -3.25127e-01
   8  phi_CBO      5.47526e+00   1.31509e+00   9.31751e-03   3.63211e-05
   9  ANx2         2.14836e-04   constant   
  10  pNx2         2.09111e+00   constant   
  11  ANy1         0.00000e+00   constant   
  12  pNy1         0.00000e+00   constant   
  13  w_y          0.00000e+00   constant   
  14  ANy2         1.07548e-02     fixed    
  15  pNy2         1.09622e+00   constant   
  16  w_vw         1.43115e+01   constant   
  17  LM          -4.64416e-04   constant   
  18  wCBO_expCoeff   1.90006e+02   5.95716e+00   4.00422e-03   1.49782e-03
  19  wCBO_expOffset   1.98485e+02   9.58759e-01   6.43940e-04   9.31400e-03
  20  wCBO_expT    3.05560e+01   1.41795e-01   1.07245e-04   4.87519e-02
  21  wCBO_linCoeff   0.00000e+00   constant   
  22  wCBO_const  -1.02346e-03   1.52003e-02   7.32213e-06  -1.04231e+00
 EXTERNAL ERROR MATRIX.    NDIM=  25    NPAR=  7    ERR DEF=1
  7.073e-07  4.982e-07  3.969e-06  2.091e-04  3.370e-05 -1.149e-05 -2.688e-07 
  4.982e-07  1.258e-03  5.663e-04 -3.905e-02 -6.346e-03 -6.819e-04 -5.368e-04 
  3.969e-06  5.663e-04  1.729e+00  1.298e-02  2.117e-03  6.409e-04  6.551e-04 
  2.091e-04 -3.905e-02  1.298e-02  3.549e+01 -3.302e+00 -3.276e-01  1.793e-02 
  3.370e-05 -6.346e-03  2.117e-03 -3.302e+00  9.192e-01 -5.278e-02  2.911e-03 
 -1.149e-05 -6.819e-04  6.409e-04 -3.276e-01 -5.278e-02  2.011e-02  2.061e-04 
 -2.688e-07 -5.368e-04  6.551e-04  1.793e-02  2.911e-03  2.061e-04  2.310e-04 
 PARAMETER  CORRELATION COEFFICIENTS  
       NO.  GLOBAL      6      7      8     18     19     20     22
        6  0.15260   1.000  0.017  0.004  0.042  0.042 -0.096 -0.021
        7  0.99943   0.017  1.000  0.012 -0.185 -0.187 -0.136 -0.996
        8  0.76559   0.004  0.012  1.000  0.002  0.002  0.003  0.033
       18  0.99811   0.042 -0.185  0.002  1.000 -0.578 -0.388  0.198
       19  0.99811   0.042 -0.187  0.002 -0.578  1.000 -0.388  0.200
       20  0.99761  -0.096 -0.136  0.003 -0.388 -0.388  1.000  0.096
       22  0.99904  -0.021 -0.996  0.033  0.198  0.200  0.096  1.000
MINUIT - FIT ONLY 1-CBO
 **********
 **   29 **RES 
 **********
                   PARAMETER   14  ANy2 RESTORED TO VARIABLE.
                   PARAMETER    4  phi RESTORED TO VARIABLE.
                   PARAMETER    3  A0 RESTORED TO VARIABLE.
                   PARAMETER    1  N0 RESTORED TO VARIABLE.
 **********
 **   30 **FIX            0
 **********
 PARAMETER    0  IS UNDEFINED. IGNORED.
 **********
 **   31 **FIX            1
 **********
 **********
 **   32 **FIX            2
 **********
 PARAMETER    2  IS CONSTANT.   IGNORED.
 **********
 **   33 **FIX            3
 **********
 **********
 **   34 **FIX            4
 **********
 **********
 **   35 **FIX            8
 **********
 **********
 **   36 **FIX            9
 **********
 PARAMETER    9  IS CONSTANT.   IGNORED.
 **********
 **   37 **FIX           11
 **********
 PARAMETER   11  IS CONSTANT.   IGNORED.
 **********
 **   38 **FIX           12
 **********
 PARAMETER   12  IS CONSTANT.   IGNORED.
 **********
 **   39 **FIX           13
 **********
 PARAMETER   13  IS CONSTANT.   IGNORED.
 **********
 **   40 **FIX           15
 **********
 PARAMETER   15  IS CONSTANT.   IGNORED.
 **********
 **   41 **FIX           16
 **********
 PARAMETER   16  IS CONSTANT.   IGNORED.
 **********
 **   42 **MIGRAD
 **********
 START MIGRAD MINIMIZATION.  STRATEGY  1.  CONVERGENCE WHEN EDM .LT. 1.00e-04
 FCN=502.362 FROM MIGRAD    STATUS=INITIATE       16 CALLS         599 TOTAL
                     EDM= unknown      STRATEGY= 1      NO ERROR MATRIX       
  EXT PARAMETER               CURRENT GUESS       STEP         FIRST   
  NO.   NAME      VALUE            ERROR          SIZE      DERIVATIVE 
   1  N0           3.33758e+06     fixed    
   2  tau          6.43904e+01   constant   
   3  A0           3.52763e-01     fixed    
   4  phi          4.12926e+00     fixed    
   5  R           -6.09611e+01   constant   
   6  A_CBO        9.86110e-04   8.41034e-04   9.10080e-06  -1.79704e+00
   7  w_CBO        2.32700e+00   3.54728e-02   1.31984e-05  -3.27233e-01
   8  phi_CBO      5.47526e+00     fixed    
   9  ANx2         2.14836e-04   constant   
  10  pNx2         2.09111e+00   constant   
  11  ANy1         0.00000e+00   constant   
  12  pNy1         0.00000e+00   constant   
  13  w_y          0.00000e+00   constant   
  14  ANy2         1.07548e-02   1.00000e-04   1.00000e-04   3.20976e+04
  15  pNy2         1.09622e+00   constant   
  16  w_vw         1.43115e+01   constant   
  17  LM          -4.64416e-04   constant   
  18  wCBO_expCoeff   1.90006e+02   5.95716e+00   4.00422e-03   1.47510e-03
  19  wCBO_expOffset   1.98485e+02   9.58759e-01   6.43940e-04   9.17650e-03
  20  wCBO_expT    3.05560e+01   1.41795e-01   1.07245e-04   4.80130e-02
  21  wCBO_linCoeff   0.00000e+00   constant   
  22  wCBO_const  -1.02346e-03   1.52003e-02   7.32213e-06  -1.04479e+00
 MIGRAD MINIMIZATION HAS CONVERGED.
 MIGRAD WILL VERIFY CONVERGENCE AND ERROR MATRIX.
 FCN=322.525 FROM MIGRAD    STATUS=CONVERGED     282 CALLS         865 TOTAL
                     EDM=7.08642e-06    STRATEGY= 1      ERR MATRIX NOT POS-DEF
  EXT PARAMETER                APPROXIMATE        STEP         FIRST   
  NO.   NAME      VALUE            ERROR          SIZE      DERIVATIVE 
   1  N0           3.33758e+06     fixed    
   2  tau          6.43904e+01   constant   
   3  A0           3.52763e-01     fixed    
   4  phi          4.12926e+00     fixed    
   5  R           -6.09611e+01   constant   
   6  A_CBO        7.69167e-04   8.99254e-04   7.44533e-06   1.90509e+00
   7  w_CBO        2.32979e+00   1.21411e-02   1.23854e-05   1.87875e+00
   8  phi_CBO      5.47526e+00     fixed    
   9  ANx2         2.14836e-04   constant   
  10  pNx2         2.09111e+00   constant   
  11  ANy1         0.00000e+00   constant   
  12  pNy1         0.00000e+00   constant   
  13  w_y          0.00000e+00   constant   
  14  ANy2        -4.54703e-04   8.30855e-04   7.32173e-06   9.23298e-01
  15  pNy2         1.09622e+00   constant   
  16  w_vw         1.43115e+01   constant   
  17  LM          -4.64416e-04   constant   
  18  wCBO_expCoeff   1.94504e+02   4.93348e+00   3.68755e-03   4.42494e-03
  19  wCBO_expOffset   1.99209e+02   7.69156e-01   5.74858e-04   2.83881e-02
  20  wCBO_expT    3.03180e+01   1.21812e-01   9.54822e-05   1.72867e-01
  21  wCBO_linCoeff   0.00000e+00   constant   
  22  wCBO_const  -1.86951e-03   5.22739e-03   6.97770e-06   3.52286e+00
 EXTERNAL ERROR MATRIX.    NDIM=  25    NPAR=  7    ERR DEF=1
  8.087e-07  3.111e-07 -1.590e-08 -2.590e-04 -4.046e-05  7.726e-06  2.596e-07 
  3.111e-07  1.474e-04 -7.861e-09 -4.097e-03 -6.421e-04 -1.293e-04 -6.102e-05 
 -1.590e-08 -7.861e-09  6.903e-07 -2.801e-06 -4.364e-07  1.875e-07 -3.051e-09 
 -2.590e-04 -4.097e-03 -2.801e-06  2.434e+01 -2.114e+00 -2.714e-01  2.024e-03 
 -4.046e-05 -6.421e-04 -4.364e-07 -2.114e+00  5.916e-01 -4.234e-02  3.167e-04 
  7.726e-06 -1.293e-04  1.875e-07 -2.714e-01 -4.234e-02  1.484e-02  1.343e-05 
  2.596e-07 -6.102e-05 -3.051e-09  2.024e-03  3.167e-04  1.343e-05  2.733e-05 
ERR MATRIX NOT POS-DEF
 PARAMETER  CORRELATION COEFFICIENTS  
       NO.  GLOBAL      6      7     14     18     19     20     22
        6  0.34290   1.000  0.028 -0.021 -0.058 -0.059  0.071  0.055
        7  0.99329   0.028  1.000 -0.001 -0.068 -0.069 -0.087 -0.961
       14  0.02265  -0.021 -0.001  1.000 -0.001 -0.001  0.002 -0.001
       18  0.99640  -0.058 -0.068 -0.001  1.000 -0.557 -0.452  0.078
       19  0.99640  -0.059 -0.069 -0.001 -0.557  1.000 -0.452  0.079
       20  0.99604   0.071 -0.087  0.002 -0.452 -0.452  1.000  0.021
       22  0.98848   0.055 -0.961 -0.001  0.078  0.079  0.021  1.000
 ERR MATRIX NOT POS-DEF
MINUIT - FIT ONLY 2-CBO
 **********
 **   43 **RES 
 **********
                   PARAMETER    8  phi_CBO RESTORED TO VARIABLE.
                   PARAMETER    4  phi RESTORED TO VARIABLE.
                   PARAMETER    3  A0 RESTORED TO VARIABLE.
                   PARAMETER    1  N0 RESTORED TO VARIABLE.
 **********
 **   44 **FIX            0
 **********
 PARAMETER    0  IS UNDEFINED. IGNORED.
 **********
 **   45 **FIX            1
 **********
 **********
 **   46 **FIX            2
 **********
 PARAMETER    2  IS CONSTANT.   IGNORED.
 **********
 **   47 **FIX            3
 **********
 **********
 **   48 **FIX            4
 **********
 **********
 **   49 **FIX            5
 **********
 PARAMETER    5  IS CONSTANT.   IGNORED.
 **********
 **   50 **FIX            6
 **********
 **********
 **   51 **FIX            7
 **********
 **********
 **   52 **FIX           10
 **********
 PARAMETER   10  IS CONSTANT.   IGNORED.
 **********
 **   53 **FIX           11
 **********
 PARAMETER   11  IS CONSTANT.   IGNORED.
 **********
 **   54 **FIX           12
 **********
 PARAMETER   12  IS CONSTANT.   IGNORED.
 **********
 **   55 **FIX           13
 **********
 PARAMETER   13  IS CONSTANT.   IGNORED.
 **********
 **   56 **FIX           14
 **********
 **********
 **   57 **FIX           15
 **********
 PARAMETER   15  IS CONSTANT.   IGNORED.
 **********
 **   58 **FIX           16
 **********
 PARAMETER   16  IS CONSTANT.   IGNORED.
 **********
 **   59 **MIGRAD
 **********
 START MIGRAD MINIMIZATION.  STRATEGY  1.  CONVERGENCE WHEN EDM .LT. 1.00e-04
 FCN=322.525 FROM MIGRAD    STATUS=INITIATE       12 CALLS         877 TOTAL
                     EDM= unknown      STRATEGY= 1      NO ERROR MATRIX       
  EXT PARAMETER               CURRENT GUESS       STEP         FIRST   
  NO.   NAME      VALUE            ERROR          SIZE      DERIVATIVE 
   1  N0           3.33758e+06     fixed    
   2  tau          6.43904e+01   constant   
   3  A0           3.52763e-01     fixed    
   4  phi          4.12926e+00     fixed    
   5  R           -6.09611e+01   constant   
   6  A_CBO        7.69167e-04     fixed    
   7  w_CBO        2.32979e+00     fixed    
   8  phi_CBO      5.47526e+00   1.31509e+00   1.31509e+00   3.38064e-01
   9  ANx2         2.14836e-04   constant   
  10  pNx2         2.09111e+00   constant   
  11  ANy1         0.00000e+00   constant   
  12  pNy1         0.00000e+00   constant   
  13  w_y          0.00000e+00   constant   
  14  ANy2        -4.54703e-04     fixed    
  15  pNy2         1.09622e+00   constant   
  16  w_vw         1.43115e+01   constant   
  17  LM          -4.64416e-04   constant   
  18  wCBO_expCoeff   1.94504e+02   4.93348e+00   3.68755e-03   4.44280e-03
  19  wCBO_expOffset   1.99209e+02   7.69156e-01   5.74858e-04   2.85051e-02
  20  wCBO_expT    3.03180e+01   1.21812e-01   9.54822e-05   1.73530e-01
  21  wCBO_linCoeff   0.00000e+00   constant   
  22  wCBO_const  -1.86951e-03   5.22739e-03   6.97770e-06   3.51342e+00
 MIGRAD MINIMIZATION HAS CONVERGED.
 MIGRAD WILL VERIFY CONVERGENCE AND ERROR MATRIX.
 FCN=322.44 FROM MIGRAD    STATUS=CONVERGED     151 CALLS        1016 TOTAL
                     EDM=1.20758e-07    STRATEGY= 1      ERR MATRIX NOT POS-DEF
  EXT PARAMETER                APPROXIMATE        STEP         FIRST   
  NO.   NAME      VALUE            ERROR          SIZE      DERIVATIVE 
   1  N0           3.33758e+06     fixed    
   2  tau          6.43904e+01   constant   
   3  A0           3.52763e-01     fixed    
   4  phi          4.12926e+00     fixed    
   5  R           -6.09611e+01   constant   
   6  A_CBO        7.69167e-04     fixed    
   7  w_CBO        2.32979e+00     fixed    
   8  phi_CBO      5.01723e+00   1.39981e+00   9.50707e-03   2.95090e-04
   9  ANx2         2.14836e-04   constant   
  10  pNx2         2.09111e+00   constant   
  11  ANy1         0.00000e+00   constant   
  12  pNy1         0.00000e+00   constant   
  13  w_y          0.00000e+00   constant   
  14  ANy2        -4.54703e-04     fixed    
  15  pNy2         1.09622e+00   constant   
  16  w_vw         1.43115e+01   constant   
  17  LM          -4.64416e-04   constant   
  18  wCBO_expCoeff   1.95363e+02   5.67685e+00   3.97921e-03  -6.63550e-04
  19  wCBO_expOffset   1.99343e+02   8.79955e-01   6.16545e-04  -4.28214e-03
  20  wCBO_expT    3.02730e+01   1.35249e-01   1.01643e-04  -2.48882e-02
  21  wCBO_linCoeff   0.00000e+00   constant   
  22  wCBO_const  -1.99126e-03   1.34004e-03   6.45304e-06  -1.68746e-01
 EXTERNAL ERROR MATRIX.    NDIM=  25    NPAR=  5    ERR DEF=1
  1.959e+00 -6.555e-01 -1.018e-01  3.278e-02  8.106e-04 
 -6.555e-01  3.223e+01 -2.981e+00 -3.414e-01  6.907e-04 
 -1.018e-01 -2.981e+00  7.743e-01 -5.299e-02  1.070e-04 
  3.278e-02 -3.414e-01 -5.299e-02  1.829e-02 -5.300e-05 
  8.106e-04  6.907e-04  1.070e-04 -5.300e-05  1.796e-06 
ERR MATRIX NOT POS-DEF
 PARAMETER  CORRELATION COEFFICIENTS  
       NO.  GLOBAL      8     18     19     20     22
        8  0.63839   1.000 -0.082 -0.083  0.173  0.432
       18  0.99686  -0.082  1.000 -0.597 -0.445  0.091
       19  0.99686  -0.083 -0.597  1.000 -0.445  0.091
       20  0.99639   0.173 -0.445 -0.445  1.000 -0.292
       22  0.83802   0.432  0.091  0.091 -0.292  1.000
 ERR MATRIX NOT POS-DEF
MINUIT - FIT ONLY 1-y
 **********
 **   60 **RES 
 **********
                   PARAMETER   14  ANy2 RESTORED TO VARIABLE.
                   PARAMETER    7  w_CBO RESTORED TO VARIABLE.
                   PARAMETER    6  A_CBO RESTORED TO VARIABLE.
                   PARAMETER    4  phi RESTORED TO VARIABLE.
                   PARAMETER    3  A0 RESTORED TO VARIABLE.
                   PARAMETER    1  N0 RESTORED TO VARIABLE.
 **********
 **   61 **FIX            0
 **********
 PARAMETER    0  IS UNDEFINED. IGNORED.
 **********
 **   62 **FIX            1
 **********
 **********
 **   63 **FIX            2
 **********
 PARAMETER    2  IS CONSTANT.   IGNORED.
 **********
 **   64 **FIX            3
 **********
 **********
 **   65 **FIX            4
 **********
 **********
 **   66 **FIX            5
 **********
 PARAMETER    5  IS CONSTANT.   IGNORED.
 **********
 **   67 **FIX            6
 **********
 **********
 **   68 **FIX            7
 **********
 **********
 **   69 **FIX            8
 **********
 **********
 **   70 **FIX            9
 **********
 PARAMETER    9  IS CONSTANT.   IGNORED.
 **********
 **   71 **FIX           13
 **********
 PARAMETER   13  IS CONSTANT.   IGNORED.
 **********
 **   72 **FIX           14
 **********
 **********
 **   73 **FIX           15
 **********
 PARAMETER   15  IS CONSTANT.   IGNORED.
 **********
 **   74 **FIX           16
 **********
 PARAMETER   16  IS CONSTANT.   IGNORED.
 **********
 **   75 **MIGRAD
 **********
 START MIGRAD MINIMIZATION.  STRATEGY  1.  CONVERGENCE WHEN EDM .LT. 1.00e-04
 FCN=322.44 FROM MIGRAD    STATUS=INITIATE        8 CALLS        1024 TOTAL
                     EDM= unknown      STRATEGY= 1      NO ERROR MATRIX       
  EXT PARAMETER               CURRENT GUESS       STEP         FIRST   
  NO.   NAME      VALUE            ERROR          SIZE      DERIVATIVE 
   1  N0           3.33758e+06     fixed    
   2  tau          6.43904e+01   constant   
   3  A0           3.52763e-01     fixed    
   4  phi          4.12926e+00     fixed    
   5  R           -6.09611e+01   constant   
   6  A_CBO        7.69167e-04     fixed    
   7  w_CBO        2.32979e+00     fixed    
   8  phi_CBO      5.01723e+00     fixed    
   9  ANx2         2.14836e-04   constant   
  10  pNx2         2.09111e+00   constant   
  11  ANy1         0.00000e+00   constant   
  12  pNy1         0.00000e+00   constant   
  13  w_y          0.00000e+00   constant   
  14  ANy2        -4.54703e-04     fixed    
  15  pNy2         1.09622e+00   constant   
  16  w_vw         1.43115e+01   constant   
  17  LM          -4.64416e-04   constant   
  18  wCBO_expCoeff   1.95363e+02   5.67685e+00   3.97921e-03  -6.57322e-04
  19  wCBO_expOffset   1.99343e+02   8.79955e-01   6.16545e-04  -4.24154e-03
  20  wCBO_expT    3.02730e+01   1.35249e-01   1.01643e-04  -2.46458e-02
  21  wCBO_linCoeff   0.00000e+00   constant   
  22  wCBO_const  -1.99126e-03   1.34004e-03   6.45304e-06  -1.70811e-01
 MIGRAD MINIMIZATION HAS CONVERGED.
 MIGRAD WILL VERIFY CONVERGENCE AND ERROR MATRIX.
 FCN=322.44 FROM MIGRAD    STATUS=CONVERGED      47 CALLS        1063 TOTAL
                     EDM=1.87552e-08    STRATEGY= 1      ERR MATRIX NOT POS-DEF
  EXT PARAMETER                APPROXIMATE        STEP         FIRST   
  NO.   NAME      VALUE            ERROR          SIZE      DERIVATIVE 
   1  N0           3.33758e+06     fixed    
   2  tau          6.43904e+01   constant   
   3  A0           3.52763e-01     fixed    
   4  phi          4.12926e+00     fixed    
   5  R           -6.09611e+01   constant   
   6  A_CBO        7.69167e-04     fixed    
   7  w_CBO        2.32979e+00     fixed    
   8  phi_CBO      5.01723e+00     fixed    
   9  ANx2         2.14836e-04   constant   
  10  pNx2         2.09111e+00   constant   
  11  ANy1         0.00000e+00   constant   
  12  pNy1         0.00000e+00   constant   
  13  w_y          0.00000e+00   constant   
  14  ANy2        -4.54703e-04     fixed    
  15  pNy2         1.09622e+00   constant   
  16  w_vw         1.43115e+01   constant   
  17  LM          -4.64416e-04   constant   
  18  wCBO_expCoeff   1.95363e+02   5.87374e+00   3.96684e-03  -4.47558e-05
  19  wCBO_expOffset   1.99343e+02   9.10491e-01   6.14693e-04  -2.88827e-04
  20  wCBO_expT    3.02730e+01   1.37276e-01   1.01347e-04  -6.05182e-04
  21  wCBO_linCoeff   0.00000e+00   constant   
  22  wCBO_const  -1.99124e-03   1.21459e-03   6.45273e-06   1.41111e-01
 EXTERNAL ERROR MATRIX.    NDIM=  25    NPAR=  4    ERR DEF=1
  3.450e+01 -3.282e+00 -3.511e-01  1.034e-03 
 -3.282e+00  8.290e-01 -5.449e-02  1.604e-04 
 -3.511e-01 -5.449e-02  1.884e-02 -7.045e-05 
  1.034e-03  1.604e-04 -7.045e-05  1.475e-06 
ERR MATRIX NOT POS-DEF
 PARAMETER  CORRELATION COEFFICIENTS  
       NO.  GLOBAL     18     19     20     22
       18  0.99707   1.000 -0.614 -0.435  0.145
       19  0.99707  -0.614  1.000 -0.436  0.145
       20  0.99649  -0.435 -0.436  1.000 -0.423
       22  0.79844   0.145  0.145 -0.423  1.000
 ERR MATRIX NOT POS-DEF
MINUIT - FIT ONLY 2-y
 **********
 **   76 **RES 
 **********
                   PARAMETER   14  ANy2 RESTORED TO VARIABLE.
                   PARAMETER    8  phi_CBO RESTORED TO VARIABLE.
                   PARAMETER    7  w_CBO RESTORED TO VARIABLE.
                   PARAMETER    6  A_CBO RESTORED TO VARIABLE.
                   PARAMETER    4  phi RESTORED TO VARIABLE.
                   PARAMETER    3  A0 RESTORED TO VARIABLE.
                   PARAMETER    1  N0 RESTORED TO VARIABLE.
 **********
 **   77 **FIX            0
 **********
 PARAMETER    0  IS UNDEFINED. IGNORED.
 **********
 **   78 **FIX            1
 **********
 **********
 **   79 **FIX            2
 **********
 PARAMETER    2  IS CONSTANT.   IGNORED.
 **********
 **   80 **FIX            3
 **********
 **********
 **   81 **FIX            4
 **********
 **********
 **   82 **FIX            5
 **********
 PARAMETER    5  IS CONSTANT.   IGNORED.
 **********
 **   83 **FIX            6
 **********
 **********
 **   84 **FIX            7
 **********
 **********
 **   85 **FIX            8
 **********
 **********
 **   86 **FIX            9
 **********
 PARAMETER    9  IS CONSTANT.   IGNORED.
 **********
 **   87 **FIX           10
 **********
 PARAMETER   10  IS CONSTANT.   IGNORED.
 **********
 **   88 **FIX           11
 **********
 PARAMETER   11  IS CONSTANT.   IGNORED.
 **********
 **   89 **FIX           12
 **********
 PARAMETER   12  IS CONSTANT.   IGNORED.
 **********
 **   90 **FIX           16
 **********
 PARAMETER   16  IS CONSTANT.   IGNORED.
 **********
 **   91 **MIGRAD
 **********
 START MIGRAD MINIMIZATION.  STRATEGY  1.  CONVERGENCE WHEN EDM .LT. 1.00e-04
 FCN=322.44 FROM MIGRAD    STATUS=INITIATE       10 CALLS        1073 TOTAL
                     EDM= unknown      STRATEGY= 1      NO ERROR MATRIX       
  EXT PARAMETER               CURRENT GUESS       STEP         FIRST   
  NO.   NAME      VALUE            ERROR          SIZE      DERIVATIVE 
   1  N0           3.33758e+06     fixed    
   2  tau          6.43904e+01   constant   
   3  A0           3.52763e-01     fixed    
   4  phi          4.12926e+00     fixed    
   5  R           -6.09611e+01   constant   
   6  A_CBO        7.69167e-04     fixed    
   7  w_CBO        2.32979e+00     fixed    
   8  phi_CBO      5.01723e+00     fixed    
   9  ANx2         2.14836e-04   constant   
  10  pNx2         2.09111e+00   constant   
  11  ANy1         0.00000e+00   constant   
  12  pNy1         0.00000e+00   constant   
  13  w_y          0.00000e+00   constant   
  14  ANy2        -4.54703e-04   8.30855e-04   8.30855e-04   2.61732e+01
  15  pNy2         1.09622e+00   constant   
  16  w_vw         1.43115e+01   constant   
  17  LM          -4.64416e-04   constant   
  18  wCBO_expCoeff   1.95363e+02   5.87374e+00   3.96684e-03  -3.85704e-05
  19  wCBO_expOffset   1.99343e+02   9.10491e-01   6.14693e-04  -2.48504e-04
  20  wCBO_expT    3.02730e+01   1.37276e-01   1.01347e-04  -3.64297e-04
  21  wCBO_linCoeff   0.00000e+00   constant   
  22  wCBO_const  -1.99124e-03   1.21459e-03   6.45273e-06   1.39041e-01
 MIGRAD MINIMIZATION HAS CONVERGED.
 MIGRAD WILL VERIFY CONVERGENCE AND ERROR MATRIX.
 FCN=322.44 FROM MIGRAD    STATUS=CONVERGED      58 CALLS        1121 TOTAL
                     EDM=5.62127e-08    STRATEGY= 1      ERR MATRIX NOT POS-DEF
  EXT PARAMETER                APPROXIMATE        STEP         FIRST   
  NO.   NAME      VALUE            ERROR          SIZE      DERIVATIVE 
   1  N0           3.33758e+06     fixed    
   2  tau          6.43904e+01   constant   
   3  A0           3.52763e-01     fixed    
   4  phi          4.12926e+00     fixed    
   5  R           -6.09611e+01   constant   
   6  A_CBO        7.69167e-04     fixed    
   7  w_CBO        2.32979e+00     fixed    
   8  phi_CBO      5.01723e+00     fixed    
   9  ANx2         2.14836e-04   constant   
  10  pNx2         2.09111e+00   constant   
  11  ANy1         0.00000e+00   constant   
  12  pNy1         0.00000e+00   constant   
  13  w_y          0.00000e+00   constant   
  14  ANy2        -4.63798e-04   8.29785e-04   7.32078e-06   7.08875e-04
  15  pNy2         1.09622e+00   constant   
  16  w_vw         1.43115e+01   constant   
  17  LM          -4.64416e-04   constant   
  18  wCBO_expCoeff   1.95363e+02   5.87223e+00   3.96665e-03   6.46860e-04
  19  wCBO_expOffset   1.99343e+02   9.10233e-01   6.14663e-04   4.17444e-03
  20  wCBO_expT    3.02730e+01   1.37258e-01   1.01342e-04   2.65213e-02
  21  wCBO_linCoeff   0.00000e+00   constant   
  22  wCBO_const  -1.99128e-03   1.21459e-03   6.45264e-06   3.95998e-01
 EXTERNAL ERROR MATRIX.    NDIM=  25    NPAR=  5    ERR DEF=1
  6.885e-07 -1.406e-06 -2.164e-07  2.402e-07 -1.207e-09 
 -1.406e-06  3.448e+01 -3.280e+00 -3.510e-01  1.034e-03 
 -2.164e-07 -3.280e+00  8.285e-01 -5.447e-02  1.604e-04 
  2.402e-07 -3.510e-01 -5.447e-02  1.884e-02 -7.044e-05 
 -1.207e-09  1.034e-03  1.604e-04 -7.044e-05  1.475e-06 
ERR MATRIX NOT POS-DEF
 PARAMETER  CORRELATION COEFFICIENTS  
       NO.  GLOBAL     14     18     19     20     22
       14  0.01625   1.000 -0.000 -0.000  0.002 -0.001
       18  0.99707  -0.000  1.000 -0.614 -0.435  0.145
       19  0.99707  -0.000 -0.614  1.000 -0.436  0.145
       20  0.99649   0.002 -0.435 -0.436  1.000 -0.423
       22  0.79844  -0.001  0.145  0.145 -0.423  1.000
 ERR MATRIX NOT POS-DEF
MINUIT - FIT ALTOGETHER
 **********
 **   92 **RES 
 **********
                   PARAMETER    8  phi_CBO RESTORED TO VARIABLE.
                   PARAMETER    7  w_CBO RESTORED TO VARIABLE.
                   PARAMETER    6  A_CBO RESTORED TO VARIABLE.
                   PARAMETER    4  phi RESTORED TO VARIABLE.
                   PARAMETER    3  A0 RESTORED TO VARIABLE.
                   PARAMETER    1  N0 RESTORED TO VARIABLE.
 **********
 **   93 **MIGRAD
 **********
 START MIGRAD MINIMIZATION.  STRATEGY  1.  CONVERGENCE WHEN EDM .LT. 1.00e-04
 FCN=322.44 FROM MIGRAD    STATUS=INITIATE       22 CALLS        1143 TOTAL
                     EDM= unknown      STRATEGY= 1      NO ERROR MATRIX       
  EXT PARAMETER               CURRENT GUESS       STEP         FIRST   
  NO.   NAME      VALUE            ERROR          SIZE      DERIVATIVE 
   1  N0           3.33758e+06   1.97908e+03   1.97908e+03   1.33208e-04
   2  tau          6.43904e+01   constant   
   3  A0           3.52763e-01   8.10672e-04   8.10672e-04  -1.52916e+02
   4  phi          4.12926e+00   2.36703e-03   2.36703e-03  -2.48727e+02
   5  R           -6.09611e+01   constant   
   6  A_CBO        7.69167e-04   8.99254e-04   8.99254e-04   6.65852e+01
   7  w_CBO        2.32979e+00   1.21411e-02   1.21411e-02   2.27274e-01
   8  phi_CBO      5.01723e+00   1.39981e+00   1.39981e+00   4.75737e-04
   9  ANx2         2.14836e-04   constant   
  10  pNx2         2.09111e+00   constant   
  11  ANy1         0.00000e+00   constant   
  12  pNy1         0.00000e+00   constant   
  13  w_y          0.00000e+00   constant   
  14  ANy2        -4.63798e-04   8.29785e-04   7.32078e-06   7.08968e-04
  15  pNy2         1.09622e+00   constant   
  16  w_vw         1.43115e+01   constant   
  17  LM          -4.64416e-04   constant   
  18  wCBO_expCoeff   1.95363e+02   5.87223e+00   3.96665e-03   6.53036e-04
  19  wCBO_expOffset   1.99343e+02   9.10233e-01   6.14663e-04   4.21469e-03
