 + ++++++++++++++++++++++++++++++++++++++++++++++++++++++++++++++++++++ +
 +                                                                      +
 +           You have chose to blind your fitting according to          +
 +                omega_ref * (1 + (R +/- deltaR) *10^{-6})             +
 +                                                                      +
 + ++++++++++++++++++++++++++++++++++++++++++++++++++++++++++++++++++++ +
In main()...
reading format from /gm2data/zkhechad/run45/envelope/formats/formatB_sBin_constraintOn.txt
pBinTau 	= 0  
pBinPhi 	= 0  
constraintau 	= 1 
includeMopTerm 	= 0    
constrainMop    = 0   
Parameters after format file: pBinTau 0 pBinPhi 0 constraintau 1 includeMopTerm 0 constrainMop 0 c_e_scale 0.000000 
reading cbo reference file (full fit) from /gm2data/zkhechad/cboTemplates/Run4CBOTemplates/fullFits/run4/sBin_constraintOn_cE0.0_seed0_run4_calo24.root
A_CBO 0.008786 w_CBO 2.327157 phi_CBO 2.253382 N0 3075736.764901 R -61.041197 tau 64.406859 
Reading cboRef file /gm2data/zkhechad/cboTemplates/Run4CBOTemplates//cboIsolate/run4_calo24.root
deltaT 164.120000
windowBins = 1100
fitting sliding window 2060 from bin 2263 at 337.639600 to bin 3363 at 501.759600 (1100 bins)

Reading data from /gm2data/cornell/histograms/aMethod/histogram_a_run4.root
fitting cbo isolate
 **********
 **    1 **SET PRINTOUT            1
 **********
 **********
 **    2 **SET NOWARNINGS 
 **********
 PARAMETER DEFINITIONS:
    NO.   NAME         VALUE      STEP SIZE      LIMITS
     1 A_CBO        8.78574e-03  1.00000e-05     no limits
     2 w_CBO        2.32716e+00  1.00000e-02    2.00000e+00  3.00000e+00
     3 phi_CBO      2.25338e+00  1.00000e-02    0.00000e+00  6.28319e+00
 **********
 **    3 **MIGRAD
 **********
 FIRST CALL TO USER FUNCTION AT NEW START POINT, WITH IFLAG=4.
 START MIGRAD MINIMIZATION.  STRATEGY  1.  CONVERGENCE WHEN EDM .LT. 1.00e-04
 FCN=0.146 FROM MIGRAD    STATUS=INITIATE       12 CALLS          13 TOTAL
                     EDM= unknown      STRATEGY= 1      NO ERROR MATRIX       
  EXT PARAMETER               CURRENT GUESS       STEP         FIRST   
  NO.   NAME      VALUE            ERROR          SIZE      DERIVATIVE 
   1  A_CBO        8.78574e-03   1.00000e-05   1.00000e-05   7.25207e+00
   2  w_CBO        2.32716e+00   1.00000e-02   2.13163e-02   2.85233e+00
   3  phi_CBO      2.25338e+00   1.00000e-02   3.31850e-03  -4.13607e-02
 MIGRAD MINIMIZATION HAS CONVERGED.
 MIGRAD WILL VERIFY CONVERGENCE AND ERROR MATRIX.
 COVARIANCE MATRIX CALCULATED SUCCESSFULLY
 FCN=0.12088 FROM HESSE     STATUS=OK             16 CALLS          61 TOTAL
                     EDM=0.000242474    STRATEGY= 1      ERROR MATRIX ACCURATE 
  EXT PARAMETER                                   STEP         FIRST   
  NO.   NAME      VALUE            ERROR          SIZE      DERIVATIVE 
   1  A_CBO        2.63066e-03   4.51032e-02   2.20476e-05   1.00982e-02
   2  w_CBO        2.32641e+00   3.16917e-01   4.82616e-05   2.90108e-02
   3  phi_CBO      2.51859e+00   4.83627e+00   3.09632e-03   2.04114e-04
 MIGRAD MINIMIZATION HAS CONVERGED.
 MIGRAD WILL VERIFY CONVERGENCE AND ERROR MATRIX.
 COVARIANCE MATRIX CALCULATED SUCCESSFULLY
 FCN=0.12067 FROM MIGRAD    STATUS=CONVERGED     112 CALLS         113 TOTAL
                     EDM=3.31599e-05    STRATEGY= 1      ERROR MATRIX ACCURATE 
  EXT PARAMETER                                   STEP         FIRST   
  NO.   NAME      VALUE            ERROR          SIZE      DERIVATIVE 
   1  A_CBO        2.66233e-03   4.30993e-02   2.20556e-05  -3.38226e-02
   2  w_CBO        2.32266e+00   3.37034e-01   4.09983e-05   9.35005e-03
   3  phi_CBO      9.27977e-01   4.99945e+00   3.43172e-03   3.94038e-06
 EXTERNAL ERROR MATRIX.    NDIM=  25    NPAR=  3    ERR DEF=1
  1.858e-03 -2.273e-03 -9.681e-01 
 -2.273e-03  1.417e-01  6.009e+01 
 -9.681e-01  6.009e+01  2.574e+04 
 PARAMETER  CORRELATION COEFFICIENTS  
       NO.  GLOBAL      1      2      3
        1  0.14025   1.000 -0.140 -0.140
        2  0.99507  -0.140  1.000  0.995
        3  0.99507  -0.140  0.995  1.000
setting A_CBO=0.002662 w_CBO=2.322663, phi_CBO=0.927977
done fitting cbo isolate
 **********
 **    1 **SET PRINTOUT            1
 **********
 **********
 **    2 **SET NOWARNINGS 
 **********
 PARAMETER DEFINITIONS:
    NO.   NAME         VALUE      STEP SIZE      LIMITS
     1 N0           3.07574e+06  1.00000e+02     no limits
     2 tau          6.44069e+01  constant
     3 A0           3.65045e-01  1.00000e-04     no limits
     4 phi          4.11943e+00  1.00000e-02     no limits
     5 R           -6.10412e+01  constant
     6 A_CBO        2.66233e-03  1.00000e-05     no limits
     7 w_CBO        2.32266e+00  1.00000e-03     no limits
     8 phi_CBO      9.27977e-01  1.00000e-04     no limits
     9 ANx2         1.88981e-04  constant
    10 pNx2         1.59299e+00  constant
    11 ANy1         0.00000e+00  constant
    12 pNy1         0.00000e+00  constant
    13 w_y          0.00000e+00  constant
    14 ANy2         1.39657e-02  1.00000e-04     no limits
    15 pNy2         4.84726e+00  constant
    16 w_vw         1.43184e+01  constant
    17 LM           1.57605e-04  constant
    18 wCBO_expCoeff   2.00000e+02  1.00000e+00     no limits
    19 wCBO_expOffset   2.00000e+02  1.00000e+00     no limits
    20 wCBO_expT    3.00000e+01  1.00000e+00     no limits
    21 wCBO_linCoeff   0.00000e+00  constant
    22 wCBO_const   0.00000e+00  1.00000e-02     no limits
MINUIT - FIT ONLY WIGGLE
 **********
 **    3 **FIX            5
 **********
 PARAMETER    5  IS CONSTANT.   IGNORED.
 **********
 **    4 **FIX            6
 **********
 **********
 **    5 **FIX            7
 **********
 **********
 **    6 **FIX            8
 **********
 **********
 **    7 **FIX            9
 **********
 PARAMETER    9  IS CONSTANT.   IGNORED.
 **********
 **    8 **FIX           10
 **********
 PARAMETER   10  IS CONSTANT.   IGNORED.
 **********
 **    9 **FIX           11
 **********
 PARAMETER   11  IS CONSTANT.   IGNORED.
 **********
 **   10 **FIX           12
 **********
 PARAMETER   12  IS CONSTANT.   IGNORED.
 **********
 **   11 **FIX           13
 **********
 PARAMETER   13  IS CONSTANT.   IGNORED.
 **********
 **   12 **FIX           14
 **********
 **********
 **   13 **FIX           15
 **********
 PARAMETER   15  IS CONSTANT.   IGNORED.
 **********
 **   14 **FIX           16
 **********
 PARAMETER   16  IS CONSTANT.   IGNORED.
 **********
 **   15 **MIGRAD
 **********
 FIRST CALL TO USER FUNCTION AT NEW START POINT, WITH IFLAG=4.
 START MIGRAD MINIMIZATION.  STRATEGY  1.  CONVERGENCE WHEN EDM .LT. 1.00e-04
 FCN=805.54 FROM MIGRAD    STATUS=INITIATE       32 CALLS          33 TOTAL
                     EDM= unknown      STRATEGY= 1      NO ERROR MATRIX       
  EXT PARAMETER               CURRENT GUESS       STEP         FIRST   
  NO.   NAME      VALUE            ERROR          SIZE      DERIVATIVE 
   1  N0           3.07574e+06   1.00000e+02   1.00000e+02  -1.56486e-04
   2  tau          6.44069e+01   constant   
   3  A0           3.65045e-01   1.00000e-04   1.00000e-04   6.67057e+02
   4  phi          4.11943e+00   1.00000e-02   1.00000e-02   1.55389e+02
   5  R           -6.10412e+01   constant   
   6  A_CBO        2.66233e-03     fixed    
   7  w_CBO        2.32266e+00     fixed    
   8  phi_CBO      9.27977e-01     fixed    
   9  ANx2         1.88981e-04   constant   
  10  pNx2         1.59299e+00   constant   
  11  ANy1         0.00000e+00   constant   
  12  pNy1         0.00000e+00   constant   
  13  w_y          0.00000e+00   constant   
  14  ANy2         1.39657e-02     fixed    
  15  pNy2         4.84726e+00   constant   
  16  w_vw         1.43184e+01   constant   
  17  LM           1.57605e-04   constant   
  18  wCBO_expCoeff   2.00000e+02   1.00000e+00   1.00000e+00  -3.56089e+00
  19  wCBO_expOffset   2.00000e+02   1.00000e+00   1.00000e+00  -2.37393e+01
  20  wCBO_expT    3.00000e+01   1.00000e+00   1.00000e+00  -1.17193e+02
  21  wCBO_linCoeff   0.00000e+00   constant   
  22  wCBO_const   0.00000e+00   1.00000e-02   1.00000e-02  -9.57005e+02
 MIGRAD MINIMIZATION HAS CONVERGED.
 MIGRAD WILL VERIFY CONVERGENCE AND ERROR MATRIX.
 COVARIANCE MATRIX CALCULATED SUCCESSFULLY
 FCN=805.337 FROM MIGRAD    STATUS=CONVERGED     197 CALLS         198 TOTAL
                     EDM=9.36808e-08    STRATEGY= 1      ERROR MATRIX ACCURATE 
  EXT PARAMETER                                   STEP         FIRST   
  NO.   NAME      VALUE            ERROR          SIZE      DERIVATIVE 
   1  N0           3.07594e+06   1.41343e+03   1.89627e+01   5.87168e-08
   2  tau          6.44069e+01   constant   
   3  A0           3.64887e-01   6.35902e-04   8.50938e-06   2.35392e-02
   4  phi          4.11938e+00   1.81436e-03   2.41132e-05  -5.26671e-02
   5  R           -6.10412e+01   constant   
   6  A_CBO        2.66233e-03     fixed    
   7  w_CBO        2.32266e+00     fixed    
   8  phi_CBO      9.27977e-01     fixed    
   9  ANx2         1.88981e-04   constant   
  10  pNx2         1.59299e+00   constant   
  11  ANy1         0.00000e+00   constant   
  12  pNy1         0.00000e+00   constant   
  13  w_y          0.00000e+00   constant   
  14  ANy2         1.39657e-02     fixed    
  15  pNy2         4.84726e+00   constant   
  16  w_vw         1.43184e+01   constant   
  17  LM           1.57605e-04   constant   
  18  wCBO_expCoeff   2.00286e+02   3.28946e+00   1.53941e-03   3.24531e-03
  19  wCBO_expOffset   2.00043e+02   4.92516e-01   2.30445e-04   2.16790e-02
  20  wCBO_expT    2.99823e+01   6.30686e-02   4.49297e-05   1.08758e-01
  21  wCBO_linCoeff   0.00000e+00   constant   
  22  wCBO_const   3.06637e-04   1.10875e-03   6.77021e-06   6.74117e-01
 EXTERNAL ERROR MATRIX.    NDIM=  25    NPAR=  7    ERR DEF=1
  1.998e+06 -1.806e-02  8.426e-02  9.222e+01  1.384e+01 -5.186e+00  1.486e-02 
 -1.806e-02  4.044e-07 -7.162e-08 -1.074e-04 -1.612e-05  5.873e-06  1.916e-08 
  8.426e-02 -7.162e-08  3.292e-06  4.632e-04  6.951e-05 -2.747e-05  2.444e-07 
  9.222e+01 -1.074e-04  4.632e-04  1.082e+01 -1.310e+00 -6.387e-02  6.896e-04 
  1.384e+01 -1.612e-05  6.951e-05 -1.310e+00  2.426e-01 -9.580e-03  1.033e-04 
 -5.186e+00  5.873e-06 -2.747e-05 -6.387e-02 -9.580e-03  3.978e-03 -4.685e-05 
  1.486e-02  1.916e-08  2.444e-07  6.896e-04  1.033e-04 -4.685e-05  1.229e-06 
 PARAMETER  CORRELATION COEFFICIENTS  
       NO.  GLOBAL      1      3      4     18     19     20     22
        1  0.09204   1.000 -0.020  0.033  0.020  0.020 -0.058  0.009
        3  0.26183  -0.020  1.000 -0.062 -0.051 -0.051  0.146  0.027
        4  0.28502   0.033 -0.062  1.000  0.078  0.078 -0.240  0.121
       18  0.99943   0.020 -0.051  0.078  1.000 -0.808 -0.308  0.189
       19  0.99943   0.020 -0.051  0.078 -0.808  1.000 -0.308  0.189
       20  0.99868  -0.058  0.146 -0.240 -0.308 -0.308  1.000 -0.670
       22  0.89784   0.009  0.027  0.121  0.189  0.189 -0.670  1.000
MINUIT - FIT ONLY 1-CBO + other amplitudes 
 **********
 **   16 **RES 
 **********
                   PARAMETER   14  ANy2 RESTORED TO VARIABLE.
                   PARAMETER    8  phi_CBO RESTORED TO VARIABLE.
                   PARAMETER    7  w_CBO RESTORED TO VARIABLE.
                   PARAMETER    6  A_CBO RESTORED TO VARIABLE.
 **********
 **   17 **FIX            0
 **********
 PARAMETER    0  IS UNDEFINED. IGNORED.
 **********
 **   18 **FIX            1
 **********
 **********
 **   19 **FIX            2
 **********
 PARAMETER    2  IS CONSTANT.   IGNORED.
 **********
 **   20 **FIX            3
 **********
 **********
 **   21 **FIX            4
 **********
 **********
 **   22 **FIX            9
 **********
 PARAMETER    9  IS CONSTANT.   IGNORED.
 **********
 **   23 **FIX           11
 **********
 PARAMETER   11  IS CONSTANT.   IGNORED.
 **********
 **   24 **FIX           12
 **********
 PARAMETER   12  IS CONSTANT.   IGNORED.
 **********
 **   25 **FIX           14
 **********
 **********
 **   26 **FIX           15
 **********
 PARAMETER   15  IS CONSTANT.   IGNORED.
 **********
 **   27 **FIX           16
 **********
 PARAMETER   16  IS CONSTANT.   IGNORED.
 **********
 **   28 **MIGRAD
 **********
 START MIGRAD MINIMIZATION.  STRATEGY  1.  CONVERGENCE WHEN EDM .LT. 1.00e-04
 FCN=805.337 FROM MIGRAD    STATUS=INITIATE       20 CALLS         218 TOTAL
                     EDM= unknown      STRATEGY= 1      NO ERROR MATRIX       
  EXT PARAMETER               CURRENT GUESS       STEP         FIRST   
  NO.   NAME      VALUE            ERROR          SIZE      DERIVATIVE 
   1  N0           3.07594e+06     fixed    
   2  tau          6.44069e+01   constant   
   3  A0           3.64887e-01     fixed    
   4  phi          4.11938e+00     fixed    
   5  R           -6.10412e+01   constant   
   6  A_CBO        2.66233e-03   1.00000e-05   1.00000e-05   8.87909e+03
   7  w_CBO        2.32266e+00   1.00000e-03   1.00000e-03   5.75472e-01
   8  phi_CBO      9.27977e-01   1.00000e-04   1.00000e-04  -1.70673e+00
   9  ANx2         1.88981e-04   constant   
  10  pNx2         1.59299e+00   constant   
  11  ANy1         0.00000e+00   constant   
  12  pNy1         0.00000e+00   constant   
  13  w_y          0.00000e+00   constant   
  14  ANy2         1.39657e-02     fixed    
  15  pNy2         4.84726e+00   constant   
  16  w_vw         1.43184e+01   constant   
  17  LM           1.57605e-04   constant   
  18  wCBO_expCoeff   2.00286e+02   3.28946e+00   1.53941e-03   3.22026e-03
  19  wCBO_expOffset   2.00043e+02   4.92516e-01   2.30445e-04   2.15182e-02
  20  wCBO_expT    2.99823e+01   6.30686e-02   4.49297e-05   1.08970e-01
  21  wCBO_linCoeff   0.00000e+00   constant   
  22  wCBO_const   3.06637e-04   1.10875e-03   6.77021e-06   6.89104e-01
 MIGRAD MINIMIZATION HAS CONVERGED.
 MIGRAD WILL VERIFY CONVERGENCE AND ERROR MATRIX.
 FCN=796.675 FROM HESSE     STATUS=NOT POSDEF     50 CALLS         396 TOTAL
                     EDM=0.000146463    STRATEGY= 1      ERR MATRIX NOT POS-DEF
  EXT PARAMETER                APPROXIMATE        STEP         FIRST   
  NO.   NAME      VALUE            ERROR          SIZE      DERIVATIVE 
   1  N0           3.07594e+06     fixed    
   2  tau          6.44069e+01   constant   
   3  A0           3.64887e-01     fixed    
   4  phi          4.11938e+00     fixed    
   5  R           -6.10412e+01   constant   
   6  A_CBO        8.58774e-04   6.37729e-04   8.77271e-06  -7.30781e-01
   7  w_CBO        2.32288e+00   8.39114e-03   1.01210e-05  -1.70804e+00
   8  phi_CBO      1.61627e+00   1.01843e+00   1.05827e-02   3.96608e-04
   9  ANx2         1.88981e-04   constant   
  10  pNx2         1.59299e+00   constant   
  11  ANy1         0.00000e+00   constant   
  12  pNy1         0.00000e+00   constant   
  13  w_y          0.00000e+00   constant   
  14  ANy2         1.39657e-02     fixed    
  15  pNy2         4.84726e+00   constant   
  16  w_vw         1.43184e+01   constant   
  17  LM           1.57605e-04   constant   
  18  wCBO_expCoeff   2.00312e+02   1.40411e+00   1.72876e-03  -1.37350e-02
  19  wCBO_expOffset   2.00047e+02   2.10204e-01   2.58764e-04  -9.17609e-02
  20  wCBO_expT    2.99830e+01   3.89125e-02   5.08330e-05   1.71552e-01
  21  wCBO_linCoeff   0.00000e+00   constant   
  22  wCBO_const   5.02224e-04   3.65899e-03   7.93488e-06  -1.21586e+00
 MIGRAD MINIMIZATION HAS CONVERGED.
 MIGRAD WILL VERIFY CONVERGENCE AND ERROR MATRIX.
 FCN=796.674 FROM MIGRAD    STATUS=CONVERGED     264 CALLS         462 TOTAL
                     EDM=7.446e-06    STRATEGY= 1      ERR MATRIX NOT POS-DEF
  EXT PARAMETER                APPROXIMATE        STEP         FIRST   
  NO.   NAME      VALUE            ERROR          SIZE      DERIVATIVE 
   1  N0           3.07594e+06     fixed    
   2  tau          6.44069e+01   constant   
   3  A0           3.64887e-01     fixed    
   4  phi          4.11938e+00     fixed    
   5  R           -6.10412e+01   constant   
   6  A_CBO        8.59360e-04   6.37352e-04   8.76860e-06   2.87372e+00
   7  w_CBO        2.32296e+00   8.50775e-03   1.01260e-05   4.19482e+00
   8  phi_CBO      1.61353e+00   1.01978e+00   1.05784e-02  -1.38198e-03
   9  ANx2         1.88981e-04   constant   
  10  pNx2         1.59299e+00   constant   
  11  ANy1         0.00000e+00   constant   
  12  pNy1         0.00000e+00   constant   
  13  w_y          0.00000e+00   constant   
  14  ANy2         1.39657e-02     fixed    
  15  pNy2         4.84726e+00   constant   
  16  w_vw         1.43184e+01   constant   
  17  LM           1.57605e-04   constant   
  18  wCBO_expCoeff   2.00341e+02   1.40741e+00   1.72998e-03   2.70277e-02
  19  wCBO_expOffset   2.00051e+02   2.10634e-01   2.58947e-04   1.80607e-01
  20  wCBO_expT    2.99810e+01   3.90758e-02   5.08686e-05   9.15841e-01
  21  wCBO_linCoeff   0.00000e+00   constant   
  22  wCBO_const   4.94290e-04   3.70723e-03   7.93581e-06   4.32726e+00
 EXTERNAL ERROR MATRIX.    NDIM=  25    NPAR=  7    ERR DEF=1
  4.062e-07  1.744e-08  6.769e-06 -6.527e-06 -9.795e-07 -5.854e-08  3.329e-08 
  1.744e-08  7.238e-05  1.589e-04 -2.223e-03 -3.334e-04 -5.827e-05 -2.996e-05 
  6.769e-06  1.589e-04  1.040e+00 -3.783e-02 -5.662e-03  2.486e-03  3.497e-04 
 -6.527e-06 -2.223e-03 -3.783e-02  1.981e+00 -1.632e-01 -2.148e-02  1.147e-03 
 -9.795e-07 -3.334e-04 -5.662e-03 -1.632e-01  4.437e-02 -3.214e-03  1.719e-04 
 -5.854e-08 -5.827e-05  2.486e-03 -2.148e-02 -3.214e-03  1.527e-03  4.964e-06 
  3.329e-08 -2.996e-05  3.497e-04  1.147e-03  1.719e-04  4.964e-06  1.374e-05 
ERR MATRIX NOT POS-DEF
 PARAMETER  CORRELATION COEFFICIENTS  
       NO.  GLOBAL      6      7      8     18     19     20     22
        6  0.10762   1.000  0.003  0.010 -0.007 -0.007 -0.002  0.014
        7  0.99629   0.003  1.000  0.018 -0.186 -0.186 -0.175 -0.950
        8  0.66083   0.010  0.018  1.000 -0.026 -0.026  0.062  0.092
       18  0.99603  -0.007 -0.186 -0.026  1.000 -0.550 -0.391  0.220
       19  0.99603  -0.007 -0.186 -0.026 -0.550  1.000 -0.391  0.220
       20  0.99555  -0.002 -0.175  0.062 -0.391 -0.391  1.000  0.034
       22  0.98796   0.014 -0.950  0.092  0.220  0.220  0.034  1.000
 ERR MATRIX NOT POS-DEF
MINUIT - FIT ONLY 1-CBO
 **********
 **   29 **RES 
 **********
                   PARAMETER   14  ANy2 RESTORED TO VARIABLE.
                   PARAMETER    4  phi RESTORED TO VARIABLE.
                   PARAMETER    3  A0 RESTORED TO VARIABLE.
                   PARAMETER    1  N0 RESTORED TO VARIABLE.
 **********
 **   30 **FIX            0
 **********
 PARAMETER    0  IS UNDEFINED. IGNORED.
 **********
 **   31 **FIX            1
 **********
 **********
 **   32 **FIX            2
 **********
 PARAMETER    2  IS CONSTANT.   IGNORED.
 **********
 **   33 **FIX            3
 **********
 **********
 **   34 **FIX            4
 **********
 **********
 **   35 **FIX            8
 **********
 **********
 **   36 **FIX            9
 **********
 PARAMETER    9  IS CONSTANT.   IGNORED.
 **********
 **   37 **FIX           11
 **********
 PARAMETER   11  IS CONSTANT.   IGNORED.
 **********
 **   38 **FIX           12
 **********
 PARAMETER   12  IS CONSTANT.   IGNORED.
 **********
 **   39 **FIX           13
 **********
 PARAMETER   13  IS CONSTANT.   IGNORED.
 **********
 **   40 **FIX           15
 **********
 PARAMETER   15  IS CONSTANT.   IGNORED.
 **********
 **   41 **FIX           16
 **********
 PARAMETER   16  IS CONSTANT.   IGNORED.
 **********
 **   42 **MIGRAD
 **********
 START MIGRAD MINIMIZATION.  STRATEGY  1.  CONVERGENCE WHEN EDM .LT. 1.00e-04
 FCN=796.674 FROM MIGRAD    STATUS=INITIATE       16 CALLS         478 TOTAL
                     EDM= unknown      STRATEGY= 1      NO ERROR MATRIX       
  EXT PARAMETER               CURRENT GUESS       STEP         FIRST   
  NO.   NAME      VALUE            ERROR          SIZE      DERIVATIVE 
   1  N0           3.07594e+06     fixed    
   2  tau          6.44069e+01   constant   
   3  A0           3.64887e-01     fixed    
   4  phi          4.11938e+00     fixed    
   5  R           -6.10412e+01   constant   
   6  A_CBO        8.59360e-04   6.37352e-04   8.76860e-06   2.87372e+00
   7  w_CBO        2.32296e+00   8.50775e-03   1.01260e-05   4.19683e+00
   8  phi_CBO      1.61353e+00     fixed    
   9  ANx2         1.88981e-04   constant   
  10  pNx2         1.59299e+00   constant   
  11  ANy1         0.00000e+00   constant   
  12  pNy1         0.00000e+00   constant   
  13  w_y          0.00000e+00   constant   
  14  ANy2         1.39657e-02   1.00000e-04   1.00000e-04   6.70079e+04
  15  pNy2         4.84726e+00   constant   
  16  w_vw         1.43184e+01   constant   
  17  LM           1.57605e-04   constant   
  18  wCBO_expCoeff   2.00341e+02   1.40741e+00   1.72998e-03   2.70443e-02
  19  wCBO_expOffset   2.00051e+02   2.10634e-01   2.58947e-04   1.80724e-01
  20  wCBO_expT    2.99810e+01   3.90758e-02   5.08686e-05   9.16648e-01
  21  wCBO_linCoeff   0.00000e+00   constant   
  22  wCBO_const   4.94290e-04   3.70723e-03   7.93581e-06   4.32365e+00
 MIGRAD MINIMIZATION HAS CONVERGED.
 MIGRAD WILL VERIFY CONVERGENCE AND ERROR MATRIX.
 FCN=323.89 FROM MIGRAD    STATUS=CONVERGED     323 CALLS         785 TOTAL
                     EDM=4.70423e-06    STRATEGY= 1      ERR MATRIX NOT POS-DEF
  EXT PARAMETER                APPROXIMATE        STEP         FIRST   
  NO.   NAME      VALUE            ERROR          SIZE      DERIVATIVE 
   1  N0           3.07594e+06     fixed    
   2  tau          6.44069e+01   constant   
   3  A0           3.64887e-01     fixed    
   4  phi          4.11938e+00     fixed    
   5  R           -6.10412e+01   constant   
   6  A_CBO        8.83690e-04   6.54774e-04   5.71603e-06  -2.16579e+00
   7  w_CBO        2.32729e+00   9.21525e-03   7.66539e-06   6.76998e-02
   8  phi_CBO      1.61353e+00     fixed    
   9  ANx2         1.88981e-04   constant   
  10  pNx2         1.59299e+00   constant   
  11  ANy1         0.00000e+00   constant   
  12  pNy1         0.00000e+00   constant   
  13  w_y          0.00000e+00   constant   
  14  ANy2        -1.65390e-04   6.45653e-04   5.69306e-06  -1.64085e+00
  15  pNy2         4.84726e+00   constant   
  16  w_vw         1.43184e+01   constant   
  17  LM           1.57605e-04   constant   
  18  wCBO_expCoeff   2.02085e+02   1.80152e+00   1.36304e-03  -6.86437e-03
  19  wCBO_expOffset   2.00312e+02   2.66190e-01   2.01370e-04  -4.64551e-02
  20  wCBO_expT    2.98565e+01   4.58723e-02   3.97637e-05  -1.96610e-01
  21  wCBO_linCoeff   0.00000e+00   constant   
  22  wCBO_const  -6.58265e-04   3.96745e-03   5.56369e-06   1.54624e+00
 EXTERNAL ERROR MATRIX.    NDIM=  25    NPAR=  7    ERR DEF=1
  4.287e-07 -2.642e-08 -2.092e-08 -3.691e-05 -5.456e-06  1.780e-06  3.806e-08 
 -2.642e-08  8.492e-05 -5.966e-09 -2.705e-03 -4.005e-04 -6.290e-05 -3.530e-05 
 -2.092e-08 -5.966e-09  4.169e-07 -3.227e-06 -4.767e-07  3.270e-07  1.121e-09 
 -3.691e-05 -2.705e-03 -3.227e-06  3.245e+00 -2.935e-01 -3.105e-02  1.429e-03 
 -5.456e-06 -4.005e-04 -4.767e-07 -2.935e-01  7.086e-02 -4.589e-03  2.115e-04 
  1.780e-06 -6.290e-05  3.270e-07 -3.105e-02 -4.589e-03  2.104e-03  2.784e-06 
  3.806e-08 -3.530e-05  1.121e-09  1.429e-03  2.115e-04  2.784e-06  1.574e-05 
ERR MATRIX NOT POS-DEF
 PARAMETER  CORRELATION COEFFICIENTS  
       NO.  GLOBAL      6      7     14     18     19     20     22
        6  0.15238   1.000 -0.004 -0.049 -0.031 -0.031  0.059  0.015
        7  0.99557  -0.004  1.000 -0.001 -0.163 -0.163 -0.149 -0.965
       14  0.06221  -0.049 -0.001  1.000 -0.003 -0.003  0.011  0.000
       18  0.99634  -0.031 -0.163 -0.003  1.000 -0.612 -0.376  0.200
       19  0.99634  -0.031 -0.163 -0.003 -0.612  1.000 -0.376  0.200
       20  0.99519   0.059 -0.149  0.011 -0.376 -0.376  1.000  0.015
       22  0.98734   0.015 -0.965  0.000  0.200  0.200  0.015  1.000
 ERR MATRIX NOT POS-DEF
MINUIT - FIT ONLY 2-CBO
 **********
 **   43 **RES 
 **********
                   PARAMETER    8  phi_CBO RESTORED TO VARIABLE.
                   PARAMETER    4  phi RESTORED TO VARIABLE.
                   PARAMETER    3  A0 RESTORED TO VARIABLE.
                   PARAMETER    1  N0 RESTORED TO VARIABLE.
 **********
 **   44 **FIX            0
 **********
 PARAMETER    0  IS UNDEFINED. IGNORED.
 **********
 **   45 **FIX            1
 **********
 **********
 **   46 **FIX            2
 **********
 PARAMETER    2  IS CONSTANT.   IGNORED.
 **********
 **   47 **FIX            3
 **********
 **********
 **   48 **FIX            4
 **********
 **********
 **   49 **FIX            5
 **********
 PARAMETER    5  IS CONSTANT.   IGNORED.
 **********
 **   50 **FIX            6
 **********
 **********
 **   51 **FIX            7
 **********
 **********
 **   52 **FIX           10
 **********
 PARAMETER   10  IS CONSTANT.   IGNORED.
 **********
 **   53 **FIX           11
 **********
 PARAMETER   11  IS CONSTANT.   IGNORED.
 **********
 **   54 **FIX           12
 **********
 PARAMETER   12  IS CONSTANT.   IGNORED.
 **********
 **   55 **FIX           13
 **********
 PARAMETER   13  IS CONSTANT.   IGNORED.
 **********
 **   56 **FIX           14
 **********
 **********
 **   57 **FIX           15
 **********
 PARAMETER   15  IS CONSTANT.   IGNORED.
 **********
 **   58 **FIX           16
 **********
 PARAMETER   16  IS CONSTANT.   IGNORED.
 **********
 **   59 **MIGRAD
 **********
 START MIGRAD MINIMIZATION.  STRATEGY  1.  CONVERGENCE WHEN EDM .LT. 1.00e-04
 FCN=323.89 FROM MIGRAD    STATUS=INITIATE       10 CALLS         795 TOTAL
                     EDM= unknown      STRATEGY= 1      NO ERROR MATRIX       
  EXT PARAMETER               CURRENT GUESS       STEP         FIRST   
  NO.   NAME      VALUE            ERROR          SIZE      DERIVATIVE 
   1  N0           3.07594e+06     fixed    
   2  tau          6.44069e+01   constant   
   3  A0           3.64887e-01     fixed    
   4  phi          4.11938e+00     fixed    
   5  R           -6.10412e+01   constant   
   6  A_CBO        8.83690e-04     fixed    
   7  w_CBO        2.32729e+00     fixed    
   8  phi_CBO      1.61353e+00   1.01978e+00   1.01978e+00   9.31189e-03
   9  ANx2         1.88981e-04   constant   
  10  pNx2         1.59299e+00   constant   
  11  ANy1         0.00000e+00   constant   
  12  pNy1         0.00000e+00   constant   
  13  w_y          0.00000e+00   constant   
  14  ANy2        -1.65390e-04     fixed    
  15  pNy2         4.84726e+00   constant   
  16  w_vw         1.43184e+01   constant   
  17  LM           1.57605e-04   constant   
  18  wCBO_expCoeff   2.02085e+02   1.80152e+00   1.36304e-03  -6.80852e-03
  19  wCBO_expOffset   2.00312e+02   2.66190e-01   2.01370e-04  -4.60811e-02
  20  wCBO_expT    2.98565e+01   4.58723e-02   3.97637e-05  -1.94750e-01
  21  wCBO_linCoeff   0.00000e+00   constant   
  22  wCBO_const  -6.58265e-04   3.96745e-03   5.56369e-06   1.54684e+00
 MIGRAD MINIMIZATION HAS CONVERGED.
 MIGRAD WILL VERIFY CONVERGENCE AND ERROR MATRIX.
 FCN=323.89 FROM MIGRAD    STATUS=CONVERGED      71 CALLS         856 TOTAL
                     EDM=5.31666e-07    STRATEGY= 1      ERR MATRIX NOT POS-DEF
  EXT PARAMETER                APPROXIMATE        STEP         FIRST   
  NO.   NAME      VALUE            ERROR          SIZE      DERIVATIVE 
   1  N0           3.07594e+06     fixed    
   2  tau          6.44069e+01   constant   
   3  A0           3.64887e-01     fixed    
   4  phi          4.11938e+00     fixed    
   5  R           -6.10412e+01   constant   
   6  A_CBO        8.83690e-04     fixed    
   7  w_CBO        2.32729e+00     fixed    
   8  phi_CBO      1.60546e+00   1.32275e+00   6.41802e-03  -1.16248e-04
   9  ANx2         1.88981e-04   constant   
  10  pNx2         1.59299e+00   constant   
  11  ANy1         0.00000e+00   constant   
  12  pNy1         0.00000e+00   constant   
  13  w_y          0.00000e+00   constant   
  14  ANy2        -1.65390e-04     fixed    
  15  pNy2         4.84726e+00   constant   
  16  w_vw         1.43184e+01   constant   
  17  LM           1.57605e-04   constant   
  18  wCBO_expCoeff   2.02084e+02   1.82601e+00   1.36129e-03  -3.66205e-04
  19  wCBO_expOffset   2.00312e+02   2.69793e-01   2.01120e-04  -2.47841e-03
  20  wCBO_expT    2.98565e+01   4.61779e-02   3.97158e-05  -2.38614e-02
  21  wCBO_linCoeff   0.00000e+00   constant   
  22  wCBO_const  -6.61581e-04   1.13000e-03   5.56019e-06   5.67845e-01
 EXTERNAL ERROR MATRIX.    NDIM=  25    NPAR=  5    ERR DEF=1
  1.750e+00  1.619e-01  2.394e-02 -3.849e-03  5.933e-04 
  1.619e-01  3.334e+00 -3.230e-01 -3.444e-02  3.760e-04 
  2.394e-02 -3.230e-01  7.279e-02 -5.090e-03  5.556e-05 
 -3.849e-03 -3.444e-02 -5.090e-03  2.132e-03 -2.563e-05 
  5.933e-04  3.760e-04  5.556e-05 -2.563e-05  1.277e-06 
ERR MATRIX NOT POS-DEF
 PARAMETER  CORRELATION COEFFICIENTS  
       NO.  GLOBAL      8     18     19     20     22
        8  0.83570   1.000  0.067  0.067 -0.063  0.397
       18  0.99642   0.067  1.000 -0.656 -0.408  0.182
       19  0.99642   0.067 -0.656  1.000 -0.409  0.182
       20  0.99523  -0.063 -0.408 -0.409  1.000 -0.491
       22  0.83037   0.397  0.182  0.182 -0.491  1.000
 ERR MATRIX NOT POS-DEF
MINUIT - FIT ONLY 1-y
 **********
 **   60 **RES 
 **********
                   PARAMETER   14  ANy2 RESTORED TO VARIABLE.
                   PARAMETER    7  w_CBO RESTORED TO VARIABLE.
                   PARAMETER    6  A_CBO RESTORED TO VARIABLE.
                   PARAMETER    4  phi RESTORED TO VARIABLE.
                   PARAMETER    3  A0 RESTORED TO VARIABLE.
                   PARAMETER    1  N0 RESTORED TO VARIABLE.
 **********
 **   61 **FIX            0
 **********
 PARAMETER    0  IS UNDEFINED. IGNORED.
 **********
 **   62 **FIX            1
 **********
 **********
 **   63 **FIX            2
 **********
 PARAMETER    2  IS CONSTANT.   IGNORED.
 **********
 **   64 **FIX            3
 **********
 **********
 **   65 **FIX            4
 **********
 **********
 **   66 **FIX            5
 **********
 PARAMETER    5  IS CONSTANT.   IGNORED.
 **********
 **   67 **FIX            6
 **********
 **********
 **   68 **FIX            7
 **********
 **********
 **   69 **FIX            8
 **********
 **********
 **   70 **FIX            9
 **********
 PARAMETER    9  IS CONSTANT.   IGNORED.
 **********
 **   71 **FIX           13
 **********
 PARAMETER   13  IS CONSTANT.   IGNORED.
 **********
 **   72 **FIX           14
 **********
 **********
 **   73 **FIX           15
 **********
 PARAMETER   15  IS CONSTANT.   IGNORED.
 **********
 **   74 **FIX           16
 **********
 PARAMETER   16  IS CONSTANT.   IGNORED.
 **********
 **   75 **MIGRAD
 **********
 START MIGRAD MINIMIZATION.  STRATEGY  1.  CONVERGENCE WHEN EDM .LT. 1.00e-04
 FCN=323.89 FROM MIGRAD    STATUS=INITIATE        8 CALLS         864 TOTAL
                     EDM= unknown      STRATEGY= 1      NO ERROR MATRIX       
  EXT PARAMETER               CURRENT GUESS       STEP         FIRST   
  NO.   NAME      VALUE            ERROR          SIZE      DERIVATIVE 
   1  N0           3.07594e+06     fixed    
   2  tau          6.44069e+01   constant   
   3  A0           3.64887e-01     fixed    
   4  phi          4.11938e+00     fixed    
   5  R           -6.10412e+01   constant   
   6  A_CBO        8.83690e-04     fixed    
   7  w_CBO        2.32729e+00     fixed    
   8  phi_CBO      1.60546e+00     fixed    
   9  ANx2         1.88981e-04   constant   
  10  pNx2         1.59299e+00   constant   
  11  ANy1         0.00000e+00   constant   
  12  pNy1         0.00000e+00   constant   
  13  w_y          0.00000e+00   constant   
  14  ANy2        -1.65390e-04     fixed    
  15  pNy2         4.84726e+00   constant   
  16  w_vw         1.43184e+01   constant   
  17  LM           1.57605e-04   constant   
  18  wCBO_expCoeff   2.02084e+02   1.82601e+00   1.36129e-03  -3.57025e-04
  19  wCBO_expOffset   2.00312e+02   2.69793e-01   2.01120e-04  -2.39021e-03
  20  wCBO_expT    2.98565e+01   4.61779e-02   3.97158e-05  -2.35551e-02
  21  wCBO_linCoeff   0.00000e+00   constant   
  22  wCBO_const  -6.61581e-04   1.13000e-03   5.56019e-06   5.68567e-01
 MIGRAD MINIMIZATION HAS CONVERGED.
 MIGRAD WILL VERIFY CONVERGENCE AND ERROR MATRIX.
 FCN=323.89 FROM MIGRAD    STATUS=CONVERGED      45 CALLS         901 TOTAL
                     EDM=4.08878e-07    STRATEGY= 1      ERR MATRIX NOT POS-DEF
  EXT PARAMETER                APPROXIMATE        STEP         FIRST   
  NO.   NAME      VALUE            ERROR          SIZE      DERIVATIVE 
   1  N0           3.07594e+06     fixed    
   2  tau          6.44069e+01   constant   
   3  A0           3.64887e-01     fixed    
   4  phi          4.11938e+00     fixed    
   5  R           -6.10412e+01   constant   
   6  A_CBO        8.83690e-04     fixed    
   7  w_CBO        2.32729e+00     fixed    
   8  phi_CBO      1.60546e+00     fixed    
   9  ANx2         1.88981e-04   constant   
  10  pNx2         1.59299e+00   constant   
  11  ANy1         0.00000e+00   constant   
  12  pNy1         0.00000e+00   constant   
  13  w_y          0.00000e+00   constant   
  14  ANy2        -1.65390e-04     fixed    
  15  pNy2         4.84726e+00   constant   
  16  w_vw         1.43184e+01   constant   
  17  LM           1.57605e-04   constant   
  18  wCBO_expCoeff   2.02084e+02   1.98922e+00   1.36397e-03  -9.70977e-04
  19  wCBO_expOffset   2.00312e+02   2.93909e-01   2.01517e-04  -6.57184e-03
  20  wCBO_expT    2.98565e+01   4.88927e-02   3.97911e-05  -5.15362e-02
  21  wCBO_linCoeff   0.00000e+00   constant   
  22  wCBO_const  -6.61849e-04   1.05324e-03   5.56216e-06  -1.85171e-01
 EXTERNAL ERROR MATRIX.    NDIM=  25    NPAR=  4    ERR DEF=1
  3.957e+00 -3.989e-01 -3.839e-02  3.683e-04 
 -3.989e-01  8.638e-02 -5.673e-03  5.441e-05 
 -3.839e-02 -5.673e-03  2.391e-03 -2.726e-05 
  3.683e-04  5.441e-05 -2.726e-05  1.109e-06 
ERR MATRIX NOT POS-DEF
 PARAMETER  CORRELATION COEFFICIENTS  
       NO.  GLOBAL     18     19     20     22
       18  0.99698   1.000 -0.682 -0.395  0.176
       19  0.99698  -0.682  1.000 -0.395  0.176
       20  0.99574  -0.395 -0.395  1.000 -0.529
       22  0.80147   0.176  0.176 -0.529  1.000
 ERR MATRIX NOT POS-DEF
MINUIT - FIT ONLY 2-y
 **********
 **   76 **RES 
 **********
                   PARAMETER   14  ANy2 RESTORED TO VARIABLE.
                   PARAMETER    8  phi_CBO RESTORED TO VARIABLE.
                   PARAMETER    7  w_CBO RESTORED TO VARIABLE.
                   PARAMETER    6  A_CBO RESTORED TO VARIABLE.
                   PARAMETER    4  phi RESTORED TO VARIABLE.
                   PARAMETER    3  A0 RESTORED TO VARIABLE.
                   PARAMETER    1  N0 RESTORED TO VARIABLE.
 **********
 **   77 **FIX            0
 **********
 PARAMETER    0  IS UNDEFINED. IGNORED.
 **********
 **   78 **FIX            1
 **********
 **********
 **   79 **FIX            2
 **********
 PARAMETER    2  IS CONSTANT.   IGNORED.
 **********
 **   80 **FIX            3
 **********
 **********
 **   81 **FIX            4
 **********
 **********
 **   82 **FIX            5
 **********
 PARAMETER    5  IS CONSTANT.   IGNORED.
 **********
 **   83 **FIX            6
 **********
 **********
 **   84 **FIX            7
 **********
 **********
 **   85 **FIX            8
 **********
 **********
 **   86 **FIX            9
 **********
 PARAMETER    9  IS CONSTANT.   IGNORED.
 **********
 **   87 **FIX           10
 **********
 PARAMETER   10  IS CONSTANT.   IGNORED.
 **********
 **   88 **FIX           11
 **********
 PARAMETER   11  IS CONSTANT.   IGNORED.
 **********
 **   89 **FIX           12
 **********
 PARAMETER   12  IS CONSTANT.   IGNORED.
 **********
 **   90 **FIX           16
 **********
 PARAMETER   16  IS CONSTANT.   IGNORED.
 **********
 **   91 **MIGRAD
 **********
 START MIGRAD MINIMIZATION.  STRATEGY  1.  CONVERGENCE WHEN EDM .LT. 1.00e-04
 FCN=323.89 FROM MIGRAD    STATUS=INITIATE       10 CALLS         911 TOTAL
                     EDM= unknown      STRATEGY= 1      NO ERROR MATRIX       
  EXT PARAMETER               CURRENT GUESS       STEP         FIRST   
  NO.   NAME      VALUE            ERROR          SIZE      DERIVATIVE 
   1  N0           3.07594e+06     fixed    
   2  tau          6.44069e+01   constant   
   3  A0           3.64887e-01     fixed    
   4  phi          4.11938e+00     fixed    
   5  R           -6.10412e+01   constant   
   6  A_CBO        8.83690e-04     fixed    
   7  w_CBO        2.32729e+00     fixed    
   8  phi_CBO      1.60546e+00     fixed    
   9  ANx2         1.88981e-04   constant   
  10  pNx2         1.59299e+00   constant   
  11  ANy1         0.00000e+00   constant   
  12  pNy1         0.00000e+00   constant   
  13  w_y          0.00000e+00   constant   
  14  ANy2        -1.65390e-04   6.45653e-04   6.45653e-04  -1.99399e+00
  15  pNy2         4.84726e+00   constant   
  16  w_vw         1.43184e+01   constant   
  17  LM           1.57605e-04   constant   
  18  wCBO_expCoeff   2.02084e+02   1.98922e+00   1.36397e-03  -9.61759e-04
  19  wCBO_expOffset   2.00312e+02   2.93909e-01   2.01517e-04  -6.48361e-03
  20  wCBO_expT    2.98565e+01   4.88927e-02   3.97911e-05  -4.96719e-02
  21  wCBO_linCoeff   0.00000e+00   constant   
  22  wCBO_const  -6.61849e-04   1.05324e-03   5.56216e-06  -1.84440e-01
 MIGRAD MINIMIZATION HAS CONVERGED.
 MIGRAD WILL VERIFY CONVERGENCE AND ERROR MATRIX.
 FCN=323.89 FROM MIGRAD    STATUS=CONVERGED      53 CALLS         954 TOTAL
                     EDM=4.77812e-07    STRATEGY= 1      ERR MATRIX NOT POS-DEF
  EXT PARAMETER                APPROXIMATE        STEP         FIRST   
  NO.   NAME      VALUE            ERROR          SIZE      DERIVATIVE 
   1  N0           3.07594e+06     fixed    
   2  tau          6.44069e+01   constant   
   3  A0           3.64887e-01     fixed    
   4  phi          4.11938e+00     fixed    
   5  R           -6.10412e+01   constant   
   6  A_CBO        8.83690e-04     fixed    
   7  w_CBO        2.32729e+00     fixed    
   8  phi_CBO      1.60546e+00     fixed    
   9  ANx2         1.88981e-04   constant   
  10  pNx2         1.59299e+00   constant   
  11  ANy1         0.00000e+00   constant   
  12  pNy1         0.00000e+00   constant   
  13  w_y          0.00000e+00   constant   
  14  ANy2        -1.65017e-04   6.45173e-04   5.69306e-06  -2.37044e-01
  15  pNy2         4.84726e+00   constant   
  16  w_vw         1.43184e+01   constant   
  17  LM           1.57605e-04   constant   
  18  wCBO_expCoeff   2.02084e+02   1.98876e+00   1.36398e-03   2.27351e-03
  19  wCBO_expOffset   2.00312e+02   2.93837e-01   2.01517e-04   1.53948e-02
  20  wCBO_expT    2.98565e+01   4.88904e-02   3.97912e-05   5.99939e-02
  21  wCBO_linCoeff   0.00000e+00   constant   
  22  wCBO_const  -6.61816e-04   1.05320e-03   5.56211e-06   4.64788e-01
 EXTERNAL ERROR MATRIX.    NDIM=  25    NPAR=  5    ERR DEF=1
  4.162e-07 -6.266e-06 -9.257e-07  4.706e-07 -7.608e-10 
 -6.266e-06  3.955e+00 -3.987e-01 -3.838e-02  3.682e-04 
 -9.257e-07 -3.987e-01  8.634e-02 -5.672e-03  5.439e-05 
  4.706e-07 -3.838e-02 -5.672e-03  2.390e-03 -2.725e-05 
 -7.608e-10  3.682e-04  5.439e-05 -2.725e-05  1.109e-06 
ERR MATRIX NOT POS-DEF
 PARAMETER  CORRELATION COEFFICIENTS  
       NO.  GLOBAL     14     18     19     20     22
       14  0.03790   1.000 -0.005 -0.005  0.015 -0.001
       18  0.99698  -0.005  1.000 -0.682 -0.395  0.176
       19  0.99698  -0.005 -0.682  1.000 -0.395  0.176
       20  0.99574   0.015 -0.395 -0.395  1.000 -0.529
       22  0.80145  -0.001  0.176  0.176 -0.529  1.000
 ERR MATRIX NOT POS-DEF
MINUIT - FIT ALTOGETHER
 **********
 **   92 **RES 
 **********
                   PARAMETER    8  phi_CBO RESTORED TO VARIABLE.
                   PARAMETER    7  w_CBO RESTORED TO VARIABLE.
                   PARAMETER    6  A_CBO RESTORED TO VARIABLE.
                   PARAMETER    4  phi RESTORED TO VARIABLE.
