 + ++++++++++++++++++++++++++++++++++++++++++++++++++++++++++++++++++++ +
 +                                                                      +
 +           You have chose to blind your fitting according to          +
 +                omega_ref * (1 + (R +/- deltaR) *10^{-6})             +
 +                                                                      +
 + ++++++++++++++++++++++++++++++++++++++++++++++++++++++++++++++++++++ +
In main()...
reading format from /gm2data/zkhechad/run45/envelope/formats/formatB_sBin_constraintOn.txt
pBinTau 	= 0  
pBinPhi 	= 0  
constraintau 	= 1 
includeMopTerm 	= 0    
constrainMop    = 0   
Parameters after format file: pBinTau 0 pBinPhi 0 constraintau 1 includeMopTerm 0 constrainMop 0 c_e_scale 0.000000 
reading cbo reference file (full fit) from /gm2data/zkhechad/cboTemplates/Run4CBOTemplates/fullFits/run4/sBin_constraintOn_cE0.0_seed0_run4_calo17.root
A_CBO 0.009291 w_CBO 2.326535 phi_CBO 1.607848 N0 3083493.360911 R -60.483843 tau 64.408135 
Reading cboRef file /gm2data/zkhechad/cboTemplates/Run4CBOTemplates//cboIsolate/run4_calo17.root
deltaT 164.120000
windowBins = 1100
fitting sliding window 1580 from bin 1783 at 266.023600 to bin 2883 at 430.143600 (1100 bins)

Reading data from /gm2data/cornell/histograms/aMethod/histogram_a_run4.root
fitting cbo isolate
 **********
 **    1 **SET PRINTOUT            1
 **********
 **********
 **    2 **SET NOWARNINGS 
 **********
 PARAMETER DEFINITIONS:
    NO.   NAME         VALUE      STEP SIZE      LIMITS
     1 A_CBO        9.29121e-03  1.00000e-05     no limits
     2 w_CBO        2.32653e+00  1.00000e-02    2.00000e+00  3.00000e+00
     3 phi_CBO      1.60785e+00  1.00000e-02    0.00000e+00  6.28319e+00
 **********
 **    3 **MIGRAD
 **********
 FIRST CALL TO USER FUNCTION AT NEW START POINT, WITH IFLAG=4.
 START MIGRAD MINIMIZATION.  STRATEGY  1.  CONVERGENCE WHEN EDM .LT. 1.00e-04
 FCN=0.0687987 FROM MIGRAD    STATUS=INITIATE       12 CALLS          13 TOTAL
                     EDM= unknown      STRATEGY= 1      NO ERROR MATRIX       
  EXT PARAMETER               CURRENT GUESS       STEP         FIRST   
  NO.   NAME      VALUE            ERROR          SIZE      DERIVATIVE 
   1  A_CBO        9.29121e-03   1.00000e-05   1.00000e-05   7.68784e+00
   2  w_CBO        2.32653e+00   1.00000e-02   2.13267e-02   3.81774e-01
   3  phi_CBO      1.60785e+00   1.00000e-02   3.64731e-03  -5.63179e-03
 MIGRAD MINIMIZATION HAS CONVERGED.
 MIGRAD WILL VERIFY CONVERGENCE AND ERROR MATRIX.
 COVARIANCE MATRIX CALCULATED SUCCESSFULLY
 FCN=0.0418976 FROM MIGRAD    STATUS=CONVERGED      49 CALLS          50 TOTAL
                     EDM=7.33114e-05    STRATEGY= 1      ERROR MATRIX ACCURATE 
  EXT PARAMETER                                   STEP         FIRST   
  NO.   NAME      VALUE            ERROR          SIZE      DERIVATIVE 
   1  A_CBO        2.28716e-03   4.34080e-02   2.12646e-05  -2.34167e-02
   2  w_CBO        2.32638e+00   3.84151e-01   5.74684e-05   5.40767e-03
   3  phi_CBO      1.64195e+00   4.29945e+00   3.27802e-03   1.20248e-04
 EXTERNAL ERROR MATRIX.    NDIM=  25    NPAR=  3    ERR DEF=1
  1.884e-03 -3.611e-03 -1.234e+00 
 -3.611e-03  2.027e-01  6.883e+01 
 -1.234e+00  6.883e+01  2.372e+04 
 PARAMETER  CORRELATION COEFFICIENTS  
       NO.  GLOBAL      1      2      3
        1  0.18506   1.000 -0.185 -0.185
        2  0.99274  -0.185  1.000  0.993
        3  0.99274  -0.185  0.993  1.000
setting A_CBO=0.002287 w_CBO=2.326376, phi_CBO=1.641946
done fitting cbo isolate
 **********
 **    1 **SET PRINTOUT            1
 **********
 **********
 **    2 **SET NOWARNINGS 
 **********
 PARAMETER DEFINITIONS:
    NO.   NAME         VALUE      STEP SIZE      LIMITS
     1 N0           3.08349e+06  1.00000e+02     no limits
     2 tau          6.44081e+01  constant
     3 A0           3.45384e-01  1.00000e-04     no limits
     4 phi          4.12005e+00  1.00000e-02     no limits
     5 R           -6.04838e+01  constant
     6 A_CBO        2.28716e-03  1.00000e-05     no limits
     7 w_CBO        2.32638e+00  1.00000e-03     no limits
     8 phi_CBO      1.64195e+00  1.00000e-04     no limits
     9 ANx2         3.59468e-04  constant
    10 pNx2         5.65332e+00  constant
    11 ANy1         0.00000e+00  constant
    12 pNy1         0.00000e+00  constant
    13 w_y          0.00000e+00  constant
    14 ANy2         9.88841e-03  1.00000e-04     no limits
    15 pNy2         2.39757e+00  constant
    16 w_vw         1.43118e+01  constant
    17 LM           1.25147e-04  constant
    18 wCBO_expCoeff   2.00000e+02  1.00000e+00     no limits
    19 wCBO_expOffset   2.00000e+02  1.00000e+00     no limits
    20 wCBO_expT    3.00000e+01  1.00000e+00     no limits
    21 wCBO_linCoeff   0.00000e+00  constant
    22 wCBO_const   0.00000e+00  1.00000e-02     no limits
MINUIT - FIT ONLY WIGGLE
 **********
 **    3 **FIX            5
 **********
 PARAMETER    5  IS CONSTANT.   IGNORED.
 **********
 **    4 **FIX            6
 **********
 **********
 **    5 **FIX            7
 **********
 **********
 **    6 **FIX            8
 **********
 **********
 **    7 **FIX            9
 **********
 PARAMETER    9  IS CONSTANT.   IGNORED.
 **********
 **    8 **FIX           10
 **********
 PARAMETER   10  IS CONSTANT.   IGNORED.
 **********
 **    9 **FIX           11
 **********
 PARAMETER   11  IS CONSTANT.   IGNORED.
 **********
 **   10 **FIX           12
 **********
 PARAMETER   12  IS CONSTANT.   IGNORED.
 **********
 **   11 **FIX           13
 **********
 PARAMETER   13  IS CONSTANT.   IGNORED.
 **********
 **   12 **FIX           14
 **********
 **********
 **   13 **FIX           15
 **********
 PARAMETER   15  IS CONSTANT.   IGNORED.
 **********
 **   14 **FIX           16
 **********
 PARAMETER   16  IS CONSTANT.   IGNORED.
 **********
 **   15 **MIGRAD
 **********
 FIRST CALL TO USER FUNCTION AT NEW START POINT, WITH IFLAG=4.
 START MIGRAD MINIMIZATION.  STRATEGY  1.  CONVERGENCE WHEN EDM .LT. 1.00e-04
 FCN=1087.76 FROM MIGRAD    STATUS=INITIATE       53 CALLS          54 TOTAL
                     EDM= unknown      STRATEGY= 1      NO ERROR MATRIX       
  EXT PARAMETER               CURRENT GUESS       STEP         FIRST   
  NO.   NAME      VALUE            ERROR          SIZE      DERIVATIVE 
   1  N0           3.08349e+06   1.00000e+02   0.00000e+00   4.67295e-04
   2  tau          6.44081e+01   constant   
   3  A0           3.45384e-01   1.00000e-04   0.00000e+00  -2.74364e+03
   4  phi          4.12005e+00   1.00000e-02   0.00000e+00  -3.63893e+02
   5  R           -6.04838e+01   constant   
   6  A_CBO        2.28716e-03     fixed    
   7  w_CBO        2.32638e+00     fixed    
   8  phi_CBO      1.64195e+00     fixed    
   9  ANx2         3.59468e-04   constant   
  10  pNx2         5.65332e+00   constant   
  11  ANy1         0.00000e+00   constant   
  12  pNy1         0.00000e+00   constant   
  13  w_y          0.00000e+00   constant   
  14  ANy2         9.88841e-03     fixed    
  15  pNy2         2.39757e+00   constant   
  16  w_vw         1.43118e+01   constant   
  17  LM           1.25147e-04   constant   
  18  wCBO_expCoeff   2.00044e+02   1.00000e+00   4.39832e-02   9.37522e+01
  19  wCBO_expOffset   2.00000e+02   1.00000e+00   0.00000e+00   6.24518e+02
  20  wCBO_expT    3.00000e+01   1.00000e+00   0.00000e+00   3.83590e+02
  21  wCBO_linCoeff   0.00000e+00   constant   
  22  wCBO_const   0.00000e+00   1.00000e-02   0.00000e+00   1.28594e+03
 MIGRAD MINIMIZATION HAS CONVERGED.
 FCN=1071.23 FROM MIGRAD    STATUS=CONVERGED     275 CALLS         276 TOTAL
                     EDM=3.34819e-07    STRATEGY= 1  ERROR MATRIX UNCERTAINTY   0.9 per cent
  EXT PARAMETER                                   STEP         FIRST   
  NO.   NAME      VALUE            ERROR          SIZE      DERIVATIVE 
   1  N0           3.08325e+06   8.12757e+02   8.62274e-01  -3.36657e-08
   2  tau          6.44081e+01   constant   
   3  A0           3.45488e-01   3.52192e-04   1.05182e-06  -1.49069e+00
   4  phi          4.12049e+00   1.05923e-03  -2.93373e-06   8.08030e-01
   5  R           -6.04838e+01   constant   
   6  A_CBO        2.28716e-03     fixed    
   7  w_CBO        2.32638e+00     fixed    
   8  phi_CBO      1.64195e+00     fixed    
   9  ANx2         3.59468e-04   constant   
  10  pNx2         5.65332e+00   constant   
  11  ANy1         0.00000e+00   constant   
  12  pNy1         0.00000e+00   constant   
  13  w_y          0.00000e+00   constant   
  14  ANy2         9.88841e-03     fixed    
  15  pNy2         2.39757e+00   constant   
  16  w_vw         1.43118e+01   constant   
  17  LM           1.25147e-04   constant   
  18  wCBO_expCoeff   1.99886e+02   3.10051e-02  -4.58311e-05  -2.34892e-02
  19  wCBO_expOffset   1.99976e+02   4.64572e-03  -7.03744e-06   4.16412e-01
  20  wCBO_expT    3.00227e+01   4.13750e-03   6.67475e-06   1.58418e-01
  21  wCBO_linCoeff   0.00000e+00   constant   
  22  wCBO_const  -4.81071e-03   7.62465e-04  -1.66724e-06  -6.79135e-01
 EXTERNAL ERROR MATRIX.    NDIM=  25    NPAR=  7    ERR DEF=1
  6.606e+05  1.016e-02 -5.055e-03  1.284e+00  1.840e-01 -1.540e-01  2.345e-03 
  1.016e-02  1.240e-07 -3.431e-10  5.243e-07  6.968e-08 -6.671e-08  3.162e-09 
 -5.055e-03 -3.431e-10  1.122e-06 -7.350e-07 -8.654e-08  6.266e-08  1.432e-08 
  1.284e+00  5.243e-07 -7.350e-07  9.613e-04  1.392e-04 -1.259e-04  1.401e-05 
  1.840e-01  6.968e-08 -8.654e-08  1.392e-04  2.158e-05 -1.887e-05  2.106e-06 
 -1.540e-01 -6.671e-08  6.266e-08 -1.259e-04 -1.887e-05  1.712e-05 -2.162e-06 
  2.345e-03  3.162e-09  1.432e-08  1.401e-05  2.106e-06 -2.162e-06  5.814e-07 
 PARAMETER  CORRELATION COEFFICIENTS  
       NO.  GLOBAL      1      3      4     18     19     20     22
        1  0.06891   1.000  0.035 -0.006  0.051  0.049 -0.046  0.004
        3  0.07193   0.035  1.000 -0.001  0.048  0.043 -0.046  0.012
        4  0.04934  -0.006 -0.001  1.000 -0.022 -0.018  0.014  0.018
       18  0.98970   0.051  0.048 -0.022  1.000  0.966 -0.982  0.593
       19  0.98952   0.049  0.043 -0.018  0.966  1.000 -0.982  0.595
       20  0.99686  -0.046 -0.046  0.014 -0.982 -0.982  1.000 -0.685
       22  0.89155   0.004  0.012  0.018  0.593  0.595 -0.685  1.000
MINUIT - FIT ONLY 1-CBO + other amplitudes 
 **********
 **   16 **RES 
 **********
                   PARAMETER   14  ANy2 RESTORED TO VARIABLE.
                   PARAMETER    8  phi_CBO RESTORED TO VARIABLE.
                   PARAMETER    7  w_CBO RESTORED TO VARIABLE.
                   PARAMETER    6  A_CBO RESTORED TO VARIABLE.
 **********
 **   17 **FIX            0
 **********
 PARAMETER    0  IS UNDEFINED. IGNORED.
 **********
 **   18 **FIX            1
 **********
 **********
 **   19 **FIX            2
 **********
 PARAMETER    2  IS CONSTANT.   IGNORED.
 **********
 **   20 **FIX            3
 **********
 **********
 **   21 **FIX            4
 **********
 **********
 **   22 **FIX            9
 **********
 PARAMETER    9  IS CONSTANT.   IGNORED.
 **********
 **   23 **FIX           11
 **********
 PARAMETER   11  IS CONSTANT.   IGNORED.
 **********
 **   24 **FIX           12
 **********
 PARAMETER   12  IS CONSTANT.   IGNORED.
 **********
 **   25 **FIX           14
 **********
 **********
 **   26 **FIX           15
 **********
 PARAMETER   15  IS CONSTANT.   IGNORED.
 **********
 **   27 **FIX           16
 **********
 PARAMETER   16  IS CONSTANT.   IGNORED.
 **********
 **   28 **MIGRAD
 **********
 START MIGRAD MINIMIZATION.  STRATEGY  1.  CONVERGENCE WHEN EDM .LT. 1.00e-04
 FCN=1071.23 FROM MIGRAD    STATUS=INITIATE       22 CALLS         298 TOTAL
                     EDM= unknown      STRATEGY= 1      NO ERROR MATRIX       
  EXT PARAMETER               CURRENT GUESS       STEP         FIRST   
  NO.   NAME      VALUE            ERROR          SIZE      DERIVATIVE 
   1  N0           3.08325e+06     fixed    
   2  tau          6.44081e+01   constant   
   3  A0           3.45488e-01     fixed    
   4  phi          4.12049e+00     fixed    
   5  R           -6.04838e+01   constant   
   6  A_CBO        2.28716e-03   1.00000e-05   1.00000e-05   2.14199e+04
   7  w_CBO        2.32638e+00   1.00000e-03   1.00000e-03  -2.28496e+00
   8  phi_CBO      1.64195e+00   1.00000e-04   1.00000e-04   3.65805e+00
   9  ANx2         3.59468e-04   constant   
  10  pNx2         5.65332e+00   constant   
  11  ANy1         0.00000e+00   constant   
  12  pNy1         0.00000e+00   constant   
  13  w_y          0.00000e+00   constant   
  14  ANy2         9.88841e-03     fixed    
  15  pNy2         2.39757e+00   constant   
  16  w_vw         1.43118e+01   constant   
  17  LM           1.25147e-04   constant   
  18  wCBO_expCoeff   1.99886e+02   3.10051e-02  -4.58311e-05  -2.34892e-02
  19  wCBO_expOffset   1.99976e+02   4.64572e-03  -7.03744e-06   4.16412e-01
  20  wCBO_expT    3.00227e+01   4.13750e-03   6.67475e-06   1.58418e-01
  21  wCBO_linCoeff   0.00000e+00   constant   
  22  wCBO_const  -4.81071e-03   7.62465e-04  -1.66724e-06  -6.79137e-01
 MIGRAD MINIMIZATION HAS CONVERGED.
 MIGRAD WILL VERIFY CONVERGENCE AND ERROR MATRIX.
 FCN=1054.18 FROM HESSE     STATUS=NOT POSDEF     52 CALLS         448 TOTAL
                     EDM=0.000454468    STRATEGY= 1      ERR MATRIX NOT POS-DEF
  EXT PARAMETER                APPROXIMATE        STEP         FIRST   
  NO.   NAME      VALUE            ERROR          SIZE      DERIVATIVE 
   1  N0           3.08325e+06     fixed    
   2  tau          6.44081e+01   constant   
   3  A0           3.45488e-01     fixed    
   4  phi          4.12049e+00     fixed    
   5  R           -6.04838e+01   constant   
   6  A_CBO        7.88220e-04   3.74868e-04   5.93480e-06  -4.85611e+00
   7  w_CBO        2.32636e+00   8.59592e-04   1.29432e-06  -9.93509e+00
   8  phi_CBO      1.11504e+00   6.22263e-01   7.50012e-03  -3.26875e-04
   9  ANx2         3.59468e-04   constant   
  10  pNx2         5.65332e+00   constant   
  11  ANy1         0.00000e+00   constant   
  12  pNy1         0.00000e+00   constant   
  13  w_y          0.00000e+00   constant   
  14  ANy2         9.88841e-03     fixed    
  15  pNy2         2.39757e+00   constant   
  16  w_vw         1.43118e+01   constant   
  17  LM           1.25147e-04   constant   
  18  wCBO_expCoeff   1.99885e+02   7.77744e-02   1.18716e-04  -9.11840e-02
  19  wCBO_expOffset   1.99976e+02   1.31101e-02   9.53561e-05  -6.06598e-01
  20  wCBO_expT    3.00226e+01   3.45241e-03   1.43159e-05  -1.42778e+01
  21  wCBO_linCoeff   0.00000e+00   constant   
  22  wCBO_const  -5.11645e-03   8.34305e-04   6.64108e-06  -4.91286e+00
 MIGRAD MINIMIZATION HAS CONVERGED.
 MIGRAD WILL VERIFY CONVERGENCE AND ERROR MATRIX.
 FCN=1054.18 FROM MIGRAD    STATUS=CONVERGED     238 CALLS         514 TOTAL
                     EDM=1.66018e-05    STRATEGY= 1      ERR MATRIX NOT POS-DEF
  EXT PARAMETER                APPROXIMATE        STEP         FIRST   
  NO.   NAME      VALUE            ERROR          SIZE      DERIVATIVE 
   1  N0           3.08325e+06     fixed    
   2  tau          6.44081e+01   constant   
   3  A0           3.45488e-01     fixed    
   4  phi          4.12049e+00     fixed    
   5  R           -6.04838e+01   constant   
   6  A_CBO        7.89952e-04   3.74619e-04   5.93486e-06   8.79277e+00
   7  w_CBO        2.32635e+00   8.56409e-04   1.29457e-06   3.73813e+01
   8  phi_CBO      1.11553e+00   6.22055e-01   7.50742e-03   1.65847e-04
   9  ANx2         3.59468e-04   constant   
  10  pNx2         5.65332e+00   constant   
  11  ANy1         0.00000e+00   constant   
  12  pNy1         0.00000e+00   constant   
  13  w_y          0.00000e+00   constant   
  14  ANy2         9.88841e-03     fixed    
  15  pNy2         2.39757e+00   constant   
  16  w_vw         1.43118e+01   constant   
  17  LM           1.25147e-04   constant   
  18  wCBO_expCoeff   1.99885e+02   7.75450e-02   1.18736e-04   3.92853e-01
  19  wCBO_expOffset   1.99976e+02   1.31324e-02   9.53561e-05   2.64388e+00
  20  wCBO_expT    3.00227e+01   3.44104e-03   1.43160e-05   6.80205e+00
  21  wCBO_linCoeff   0.00000e+00   constant   
  22  wCBO_const  -5.13238e-03   8.35235e-04   6.64401e-06   8.47908e+00
 EXTERNAL ERROR MATRIX.    NDIM=  25    NPAR=  7    ERR DEF=1
  1.403e-07  1.135e-08 -4.307e-06  1.136e-06 -4.795e-07  6.368e-08 -9.291e-09 
  1.135e-08  7.334e-07  1.071e-05 -1.905e-05 -5.247e-06 -5.763e-07 -2.484e-07 
 -4.307e-06  1.071e-05  3.870e-01  8.346e-04  1.459e-04 -4.738e-05  1.293e-04 
  1.136e-06 -1.905e-05  8.346e-04  6.013e-03 -5.266e-04 -5.495e-05  1.360e-05 
 -4.795e-07 -5.247e-06  1.459e-04 -5.266e-04  1.725e-04 -1.092e-05  3.368e-06 
  6.368e-08 -5.763e-07 -4.738e-05 -5.495e-05 -1.092e-05  1.184e-05 -1.283e-06 
 -9.291e-09 -2.484e-07  1.293e-04  1.360e-05  3.368e-06 -1.283e-06  6.976e-07 
ERR MATRIX NOT POS-DEF
 PARAMETER  CORRELATION COEFFICIENTS  
       NO.  GLOBAL      6      7      8     18     19     20     22
        6  0.10466   1.000  0.035 -0.018  0.039 -0.097  0.049 -0.030
        7  0.99547   0.035  1.000  0.020 -0.287 -0.467 -0.196 -0.347
        8  0.65343  -0.018  0.020  1.000  0.017  0.018 -0.022  0.249
       18  0.99535   0.039 -0.287  0.017  1.000 -0.517 -0.206  0.210
       19  0.99634  -0.097 -0.467  0.018 -0.517  1.000 -0.242  0.307
       20  0.99162   0.049 -0.196 -0.022 -0.206 -0.242  1.000 -0.446
       22  0.86631  -0.030 -0.347  0.249  0.210  0.307 -0.446  1.000
 ERR MATRIX NOT POS-DEF
MINUIT - FIT ONLY 1-CBO
 **********
 **   29 **RES 
 **********
                   PARAMETER   14  ANy2 RESTORED TO VARIABLE.
                   PARAMETER    4  phi RESTORED TO VARIABLE.
                   PARAMETER    3  A0 RESTORED TO VARIABLE.
                   PARAMETER    1  N0 RESTORED TO VARIABLE.
 **********
 **   30 **FIX            0
 **********
 PARAMETER    0  IS UNDEFINED. IGNORED.
 **********
 **   31 **FIX            1
 **********
 **********
 **   32 **FIX            2
 **********
 PARAMETER    2  IS CONSTANT.   IGNORED.
 **********
 **   33 **FIX            3
 **********
 **********
 **   34 **FIX            4
 **********
 **********
 **   35 **FIX            8
 **********
 **********
 **   36 **FIX            9
 **********
 PARAMETER    9  IS CONSTANT.   IGNORED.
 **********
 **   37 **FIX           11
 **********
 PARAMETER   11  IS CONSTANT.   IGNORED.
 **********
 **   38 **FIX           12
 **********
 PARAMETER   12  IS CONSTANT.   IGNORED.
 **********
 **   39 **FIX           13
 **********
 PARAMETER   13  IS CONSTANT.   IGNORED.
 **********
 **   40 **FIX           15
 **********
 PARAMETER   15  IS CONSTANT.   IGNORED.
 **********
 **   41 **FIX           16
 **********
 PARAMETER   16  IS CONSTANT.   IGNORED.
 **********
 **   42 **MIGRAD
 **********
 START MIGRAD MINIMIZATION.  STRATEGY  1.  CONVERGENCE WHEN EDM .LT. 1.00e-04
 FCN=1054.18 FROM MIGRAD    STATUS=INITIATE       16 CALLS         530 TOTAL
                     EDM= unknown      STRATEGY= 1      NO ERROR MATRIX       
  EXT PARAMETER               CURRENT GUESS       STEP         FIRST   
  NO.   NAME      VALUE            ERROR          SIZE      DERIVATIVE 
   1  N0           3.08325e+06     fixed    
   2  tau          6.44081e+01   constant   
   3  A0           3.45488e-01     fixed    
   4  phi          4.12049e+00     fixed    
   5  R           -6.04838e+01   constant   
   6  A_CBO        7.89952e-04   3.74619e-04   5.93486e-06   8.79277e+00
   7  w_CBO        2.32635e+00   8.56409e-04   1.29457e-06   3.74220e+01
   8  phi_CBO      1.11553e+00     fixed    
   9  ANx2         3.59468e-04   constant   
  10  pNx2         5.65332e+00   constant   
  11  ANy1         0.00000e+00   constant   
  12  pNy1         0.00000e+00   constant   
  13  w_y          0.00000e+00   constant   
  14  ANy2         9.88841e-03   1.00000e-04   1.00000e-04   1.42731e+05
  15  pNy2         2.39757e+00   constant   
  16  w_vw         1.43118e+01   constant   
  17  LM           1.25147e-04   constant   
  18  wCBO_expCoeff   1.99885e+02   7.75450e-02   1.18736e-04   3.93365e-01
  19  wCBO_expOffset   1.99976e+02   1.31324e-02   9.53561e-05   2.73095e+00
  20  wCBO_expT    3.00227e+01   3.44104e-03   1.43160e-05   6.81017e+00
  21  wCBO_linCoeff   0.00000e+00   constant   
  22  wCBO_const  -5.13238e-03   8.35235e-04   6.64401e-06   8.48304e+00
 MIGRAD MINIMIZATION HAS CONVERGED.
 MIGRAD WILL VERIFY CONVERGENCE AND ERROR MATRIX.
 FCN=340.285 FROM MIGRAD    STATUS=CONVERGED     480 CALLS         994 TOTAL
                     EDM=6.01665e-07    STRATEGY= 1      ERR MATRIX NOT POS-DEF
  EXT PARAMETER                APPROXIMATE        STEP         FIRST   
  NO.   NAME      VALUE            ERROR          SIZE      DERIVATIVE 
   1  N0           3.08325e+06     fixed    
   2  tau          6.44081e+01   constant   
   3  A0           3.45488e-01     fixed    
   4  phi          4.12049e+00     fixed    
   5  R           -6.04838e+01   constant   
   6  A_CBO        1.97858e-04   3.94995e-04   3.39797e-06   5.75014e-01
   7  w_CBO        2.32697e+00   9.59663e-04   1.10959e-06   1.62443e+00
   8  phi_CBO      1.11553e+00     fixed    
   9  ANx2         3.59468e-04   constant   
  10  pNx2         5.65332e+00   constant   
  11  ANy1         0.00000e+00   constant   
  12  pNy1         0.00000e+00   constant   
  13  w_y          0.00000e+00   constant   
  14  ANy2        -1.43802e-04   3.70474e-04   3.37148e-06  -1.51326e+00
  15  pNy2         2.39757e+00   constant   
  16  w_vw         1.43118e+01   constant   
  17  LM           1.25147e-04   constant   
  18  wCBO_expCoeff   1.99944e+02   8.84243e-02   1.00356e-04   1.42516e-02
  19  wCBO_expOffset   1.99985e+02   2.08995e-02   9.53605e-05   9.74276e-02
  20  wCBO_expT    3.00107e+01   4.85839e-03   1.43102e-05   4.12738e-01
  21  wCBO_linCoeff   0.00000e+00   constant   
  22  wCBO_const  -4.70682e-03   1.04680e-03   5.92553e-06   8.88231e-01
 EXTERNAL ERROR MATRIX.    NDIM=  25    NPAR=  7    ERR DEF=1
  1.560e-07  5.321e-09  2.230e-09  6.575e-07 -7.707e-07  2.470e-07 -8.998e-08 
  5.321e-09  9.210e-07 -4.917e-10  2.496e-06 -1.160e-05 -2.412e-07 -3.832e-07 
  2.230e-09 -4.917e-10  1.373e-07 -4.538e-08  4.039e-08  3.574e-10 -2.850e-09 
  6.575e-07  2.496e-06 -4.538e-08  7.819e-03 -1.144e-03 -2.151e-05 -1.539e-06 
 -7.707e-07 -1.160e-05  4.039e-08 -1.144e-03  4.368e-04 -4.858e-05  6.879e-06 
  2.470e-07 -2.412e-07  3.574e-10 -2.151e-05 -4.858e-05  2.360e-05 -1.359e-06 
 -8.998e-08 -3.832e-07 -2.850e-09 -1.539e-06  6.879e-06 -1.359e-06  1.096e-06 
ERR MATRIX NOT POS-DEF
 PARAMETER  CORRELATION COEFFICIENTS  
       NO.  GLOBAL      6      7     14     18     19     20     22
        6  0.32901   1.000  0.014  0.015  0.019 -0.093  0.129 -0.218
        7  0.99203   0.014  1.000 -0.001  0.029 -0.578 -0.052 -0.381
       14  0.04418   0.015 -0.001  1.000 -0.001  0.005  0.000 -0.007
       18  0.99220   0.019  0.029 -0.001  1.000 -0.619 -0.050 -0.017
       19  0.99686  -0.093 -0.578  0.005 -0.619  1.000 -0.478  0.314
       20  0.99028   0.129 -0.052  0.000 -0.050 -0.478  1.000 -0.267
       22  0.78346  -0.218 -0.381 -0.007 -0.017  0.314 -0.267  1.000
 ERR MATRIX NOT POS-DEF
MINUIT - FIT ONLY 2-CBO
 **********
 **   43 **RES 
 **********
                   PARAMETER    8  phi_CBO RESTORED TO VARIABLE.
                   PARAMETER    4  phi RESTORED TO VARIABLE.
                   PARAMETER    3  A0 RESTORED TO VARIABLE.
                   PARAMETER    1  N0 RESTORED TO VARIABLE.
 **********
 **   44 **FIX            0
 **********
 PARAMETER    0  IS UNDEFINED. IGNORED.
 **********
 **   45 **FIX            1
 **********
 **********
 **   46 **FIX            2
 **********
 PARAMETER    2  IS CONSTANT.   IGNORED.
 **********
 **   47 **FIX            3
 **********
 **********
 **   48 **FIX            4
 **********
 **********
 **   49 **FIX            5
 **********
 PARAMETER    5  IS CONSTANT.   IGNORED.
 **********
 **   50 **FIX            6
 **********
 **********
 **   51 **FIX            7
 **********
 **********
 **   52 **FIX           10
 **********
 PARAMETER   10  IS CONSTANT.   IGNORED.
 **********
 **   53 **FIX           11
 **********
 PARAMETER   11  IS CONSTANT.   IGNORED.
 **********
 **   54 **FIX           12
 **********
 PARAMETER   12  IS CONSTANT.   IGNORED.
 **********
 **   55 **FIX           13
 **********
 PARAMETER   13  IS CONSTANT.   IGNORED.
 **********
 **   56 **FIX           14
 **********
 **********
 **   57 **FIX           15
 **********
 PARAMETER   15  IS CONSTANT.   IGNORED.
 **********
 **   58 **FIX           16
 **********
 PARAMETER   16  IS CONSTANT.   IGNORED.
 **********
 **   59 **MIGRAD
 **********
 START MIGRAD MINIMIZATION.  STRATEGY  1.  CONVERGENCE WHEN EDM .LT. 1.00e-04
 FCN=340.285 FROM MIGRAD    STATUS=INITIATE       12 CALLS        1006 TOTAL
                     EDM= unknown      STRATEGY= 1      NO ERROR MATRIX       
  EXT PARAMETER               CURRENT GUESS       STEP         FIRST   
  NO.   NAME      VALUE            ERROR          SIZE      DERIVATIVE 
   1  N0           3.08325e+06     fixed    
   2  tau          6.44081e+01   constant   
   3  A0           3.45488e-01     fixed    
   4  phi          4.12049e+00     fixed    
   5  R           -6.04838e+01   constant   
   6  A_CBO        1.97858e-04     fixed    
   7  w_CBO        2.32697e+00     fixed    
   8  phi_CBO      1.11553e+00   6.22055e-01   6.22055e-01  -5.87587e-01
   9  ANx2         3.59468e-04   constant   
  10  pNx2         5.65332e+00   constant   
  11  ANy1         0.00000e+00   constant   
  12  pNy1         0.00000e+00   constant   
  13  w_y          0.00000e+00   constant   
  14  ANy2        -1.43802e-04     fixed    
  15  pNy2         2.39757e+00   constant   
  16  w_vw         1.43118e+01   constant   
  17  LM           1.25147e-04   constant   
  18  wCBO_expCoeff   1.99944e+02   8.84243e-02   1.00356e-04   1.50991e-02
  19  wCBO_expOffset   1.99985e+02   2.08995e-02   9.53605e-05   3.48121e-01
  20  wCBO_expT    3.00107e+01   4.85839e-03   1.43102e-05   4.64518e-01
  21  wCBO_linCoeff   0.00000e+00   constant   
  22  wCBO_const  -4.70682e-03   1.04680e-03   5.92553e-06   8.92795e-01
 MIGRAD MINIMIZATION HAS CONVERGED.
 MIGRAD WILL VERIFY CONVERGENCE AND ERROR MATRIX.
 FCN=339.906 FROM MIGRAD    STATUS=CONVERGED     145 CALLS        1139 TOTAL
                     EDM=7.71912e-07    STRATEGY= 1      ERR MATRIX NOT POS-DEF
  EXT PARAMETER                APPROXIMATE        STEP         FIRST   
  NO.   NAME      VALUE            ERROR          SIZE      DERIVATIVE 
   1  N0           3.08325e+06     fixed    
   2  tau          6.44081e+01   constant   
   3  A0           3.45488e-01     fixed    
   4  phi          4.12049e+00     fixed    
   5  R           -6.04838e+01   constant   
   6  A_CBO        1.97858e-04     fixed    
   7  w_CBO        2.32697e+00     fixed    
   8  phi_CBO      2.24039e+00   1.60241e+00   1.34152e-02   4.10023e-04
   9  ANx2         3.59468e-04   constant   
  10  pNx2         5.65332e+00   constant   
  11  ANy1         0.00000e+00   constant   
  12  pNy1         0.00000e+00   constant   
  13  w_y          0.00000e+00   constant   
  14  ANy2        -1.43802e-04     fixed    
  15  pNy2         2.39757e+00   constant   
  16  w_vw         1.43118e+01   constant   
  17  LM           1.25147e-04   constant   
  18  wCBO_expCoeff   1.99973e+02   1.23002e-01   9.53543e-05  -1.03460e-01
  19  wCBO_expOffset   1.99990e+02   1.90361e-02   9.53625e-05  -6.89194e-01
  20  wCBO_expT    3.00071e+01   6.08320e-03   1.43085e-05  -1.62591e+00
  21  wCBO_linCoeff   0.00000e+00   constant   
  22  wCBO_const  -4.37987e-03   1.07715e-03   5.94446e-06  -7.46182e-01
 EXTERNAL ERROR MATRIX.    NDIM=  25    NPAR=  5    ERR DEF=1
  2.568e+00  5.001e-03  1.375e-03 -9.695e-04  5.085e-04 
  5.001e-03  1.513e-02 -1.635e-03 -2.613e-04  4.195e-06 
  1.375e-03 -1.635e-03  3.624e-04 -4.834e-05  1.070e-06 
 -9.695e-04 -2.613e-04 -4.834e-05  3.701e-05 -1.472e-06 
  5.085e-04  4.195e-06  1.070e-06 -1.472e-06  1.160e-06 
ERR MATRIX NOT POS-DEF
 PARAMETER  CORRELATION COEFFICIENTS  
       NO.  GLOBAL      8     18     19     20     22
        8  0.38084   1.000  0.025  0.045 -0.099  0.295
       18  0.99670   0.025  1.000 -0.698 -0.349  0.032
       19  0.99690   0.045 -0.698  1.000 -0.417  0.052
       20  0.99489  -0.099 -0.349 -0.417  1.000 -0.225
       22  0.79179   0.295  0.032  0.052 -0.225  1.000
 ERR MATRIX NOT POS-DEF
MINUIT - FIT ONLY 1-y
 **********
 **   60 **RES 
 **********
                   PARAMETER   14  ANy2 RESTORED TO VARIABLE.
                   PARAMETER    7  w_CBO RESTORED TO VARIABLE.
                   PARAMETER    6  A_CBO RESTORED TO VARIABLE.
                   PARAMETER    4  phi RESTORED TO VARIABLE.
                   PARAMETER    3  A0 RESTORED TO VARIABLE.
                   PARAMETER    1  N0 RESTORED TO VARIABLE.
 **********
 **   61 **FIX            0
 **********
 PARAMETER    0  IS UNDEFINED. IGNORED.
 **********
 **   62 **FIX            1
 **********
 **********
 **   63 **FIX            2
 **********
 PARAMETER    2  IS CONSTANT.   IGNORED.
 **********
 **   64 **FIX            3
 **********
 **********
 **   65 **FIX            4
 **********
 **********
 **   66 **FIX            5
 **********
 PARAMETER    5  IS CONSTANT.   IGNORED.
 **********
 **   67 **FIX            6
 **********
 **********
 **   68 **FIX            7
 **********
 **********
 **   69 **FIX            8
 **********
 **********
 **   70 **FIX            9
 **********
 PARAMETER    9  IS CONSTANT.   IGNORED.
 **********
 **   71 **FIX           13
 **********
 PARAMETER   13  IS CONSTANT.   IGNORED.
 **********
 **   72 **FIX           14
 **********
 **********
 **   73 **FIX           15
 **********
 PARAMETER   15  IS CONSTANT.   IGNORED.
 **********
 **   74 **FIX           16
 **********
 PARAMETER   16  IS CONSTANT.   IGNORED.
 **********
 **   75 **MIGRAD
 **********
 START MIGRAD MINIMIZATION.  STRATEGY  1.  CONVERGENCE WHEN EDM .LT. 1.00e-04
 FCN=339.906 FROM MIGRAD    STATUS=INITIATE        8 CALLS        1147 TOTAL
                     EDM= unknown      STRATEGY= 1      NO ERROR MATRIX       
  EXT PARAMETER               CURRENT GUESS       STEP         FIRST   
  NO.   NAME      VALUE            ERROR          SIZE      DERIVATIVE 
   1  N0           3.08325e+06     fixed    
   2  tau          6.44081e+01   constant   
   3  A0           3.45488e-01     fixed    
   4  phi          4.12049e+00     fixed    
   5  R           -6.04838e+01   constant   
   6  A_CBO        1.97858e-04     fixed    
   7  w_CBO        2.32697e+00     fixed    
   8  phi_CBO      2.24039e+00     fixed    
   9  ANx2         3.59468e-04   constant   
  10  pNx2         5.65332e+00   constant   
  11  ANy1         0.00000e+00   constant   
  12  pNy1         0.00000e+00   constant   
  13  w_y          0.00000e+00   constant   
  14  ANy2        -1.43802e-04     fixed    
  15  pNy2         2.39757e+00   constant   
  16  w_vw         1.43118e+01   constant   
  17  LM           1.25147e-04   constant   
  18  wCBO_expCoeff   1.99973e+02   1.23002e-01   9.53543e-05  -1.03297e-01
  19  wCBO_expOffset   1.99990e+02   1.90361e-02   9.53625e-05  -6.25330e-01
  20  wCBO_expT    3.00071e+01   6.08320e-03   1.43085e-05  -1.62251e+00
  21  wCBO_linCoeff   0.00000e+00   constant   
  22  wCBO_const  -4.37987e-03   1.07715e-03   5.94446e-06  -7.51311e-01
 MIGRAD MINIMIZATION HAS CONVERGED.
 MIGRAD WILL VERIFY CONVERGENCE AND ERROR MATRIX.
 FCN=339.906 FROM MIGRAD    STATUS=CONVERGED      45 CALLS        1184 TOTAL
                     EDM=1.76592e-07    STRATEGY= 1      ERR MATRIX NOT POS-DEF
  EXT PARAMETER                APPROXIMATE        STEP         FIRST   
  NO.   NAME      VALUE            ERROR          SIZE      DERIVATIVE 
   1  N0           3.08325e+06     fixed    
   2  tau          6.44081e+01   constant   
   3  A0           3.45488e-01     fixed    
   4  phi          4.12049e+00     fixed    
   5  R           -6.04838e+01   constant   
   6  A_CBO        1.97858e-04     fixed    
   7  w_CBO        2.32697e+00     fixed    
   8  phi_CBO      2.24039e+00     fixed    
   9  ANx2         3.59468e-04   constant   
  10  pNx2         5.65332e+00   constant   
  11  ANy1         0.00000e+00   constant   
  12  pNy1         0.00000e+00   constant   
  13  w_y          0.00000e+00   constant   
  14  ANy2        -1.43802e-04     fixed    
  15  pNy2         2.39757e+00   constant   
  16  w_vw         1.43118e+01   constant   
  17  LM           1.25147e-04   constant   
  18  wCBO_expCoeff   1.99973e+02   1.24751e-01   9.53543e-05  -7.49816e-03
  19  wCBO_expOffset   1.99990e+02   1.92778e-02   9.53625e-05  -4.96889e-02
  20  wCBO_expT    3.00071e+01   6.10447e-03   1.43085e-05  -6.59675e-02
  21  wCBO_linCoeff   0.00000e+00   constant   
  22  wCBO_const  -4.37982e-03   1.02981e-03   5.94772e-06   4.56826e-01
 EXTERNAL ERROR MATRIX.    NDIM=  25    NPAR=  4    ERR DEF=1
  1.556e-02 -1.692e-03 -2.643e-04  3.324e-06 
 -1.692e-03  3.716e-04 -4.857e-05  8.232e-07 
 -2.643e-04 -4.857e-05  3.726e-05 -1.298e-06 
  3.324e-06  8.232e-07 -1.298e-06  1.060e-06 
ERR MATRIX NOT POS-DEF
 PARAMETER  CORRELATION COEFFICIENTS  
       NO.  GLOBAL     18     19     20     22
       18  0.99680   1.000 -0.704 -0.347  0.026
       19  0.99698  -0.704  1.000 -0.413  0.041
       20  0.99493  -0.347 -0.413  1.000 -0.207
       22  0.76927   0.026  0.041 -0.207  1.000
 ERR MATRIX NOT POS-DEF
MINUIT - FIT ONLY 2-y
 **********
 **   76 **RES 
 **********
                   PARAMETER   14  ANy2 RESTORED TO VARIABLE.
                   PARAMETER    8  phi_CBO RESTORED TO VARIABLE.
                   PARAMETER    7  w_CBO RESTORED TO VARIABLE.
                   PARAMETER    6  A_CBO RESTORED TO VARIABLE.
                   PARAMETER    4  phi RESTORED TO VARIABLE.
                   PARAMETER    3  A0 RESTORED TO VARIABLE.
                   PARAMETER    1  N0 RESTORED TO VARIABLE.
 **********
 **   77 **FIX            0
 **********
 PARAMETER    0  IS UNDEFINED. IGNORED.
 **********
 **   78 **FIX            1
 **********
 **********
 **   79 **FIX            2
 **********
 PARAMETER    2  IS CONSTANT.   IGNORED.
 **********
 **   80 **FIX            3
 **********
 **********
 **   81 **FIX            4
 **********
 **********
 **   82 **FIX            5
 **********
 PARAMETER    5  IS CONSTANT.   IGNORED.
 **********
 **   83 **FIX            6
 **********
 **********
 **   84 **FIX            7
 **********
 **********
 **   85 **FIX            8
 **********
 **********
 **   86 **FIX            9
 **********
 PARAMETER    9  IS CONSTANT.   IGNORED.
 **********
 **   87 **FIX           10
 **********
 PARAMETER   10  IS CONSTANT.   IGNORED.
 **********
 **   88 **FIX           11
 **********
 PARAMETER   11  IS CONSTANT.   IGNORED.
 **********
 **   89 **FIX           12
 **********
 PARAMETER   12  IS CONSTANT.   IGNORED.
 **********
 **   90 **FIX           16
 **********
 PARAMETER   16  IS CONSTANT.   IGNORED.
 **********
 **   91 **MIGRAD
 **********
 START MIGRAD MINIMIZATION.  STRATEGY  1.  CONVERGENCE WHEN EDM .LT. 1.00e-04
 FCN=339.906 FROM MIGRAD    STATUS=INITIATE       10 CALLS        1194 TOTAL
                     EDM= unknown      STRATEGY= 1      NO ERROR MATRIX       
  EXT PARAMETER               CURRENT GUESS       STEP         FIRST   
  NO.   NAME      VALUE            ERROR          SIZE      DERIVATIVE 
   1  N0           3.08325e+06     fixed    
   2  tau          6.44081e+01   constant   
   3  A0           3.45488e-01     fixed    
   4  phi          4.12049e+00     fixed    
   5  R           -6.04838e+01   constant   
   6  A_CBO        1.97858e-04     fixed    
   7  w_CBO        2.32697e+00     fixed    
   8  phi_CBO      2.24039e+00     fixed    
   9  ANx2         3.59468e-04   constant   
  10  pNx2         5.65332e+00   constant   
  11  ANy1         0.00000e+00   constant   
  12  pNy1         0.00000e+00   constant   
  13  w_y          0.00000e+00   constant   
  14  ANy2        -1.43802e-04   3.70474e-04   3.70474e-04   1.52141e+02
  15  pNy2         2.39757e+00   constant   
  16  w_vw         1.43118e+01   constant   
  17  LM           1.25147e-04   constant   
  18  wCBO_expCoeff   1.99973e+02   1.24751e-01   9.53543e-05  -7.33652e-03
  19  wCBO_expOffset   1.99990e+02   1.92778e-02   9.53625e-05   1.36020e-02
  20  wCBO_expT    3.00071e+01   6.10447e-03   1.43085e-05  -6.16579e-02
  21  wCBO_linCoeff   0.00000e+00   constant   
  22  wCBO_const  -4.37982e-03   1.02981e-03   5.94772e-06   4.51685e-01
 MIGRAD MINIMIZATION HAS CONVERGED.
 MIGRAD WILL VERIFY CONVERGENCE AND ERROR MATRIX.
 FCN=339.905 FROM MIGRAD    STATUS=CONVERGED      54 CALLS        1238 TOTAL
                     EDM=1.89211e-06    STRATEGY= 1      ERR MATRIX NOT POS-DEF
  EXT PARAMETER                APPROXIMATE        STEP         FIRST   
  NO.   NAME      VALUE            ERROR          SIZE      DERIVATIVE 
   1  N0           3.08325e+06     fixed    
   2  tau          6.44081e+01   constant   
   3  A0           3.45488e-01     fixed    
   4  phi          4.12049e+00     fixed    
   5  R           -6.04838e+01   constant   
   6  A_CBO        1.97858e-04     fixed    
   7  w_CBO        2.32697e+00     fixed    
   8  phi_CBO      2.24039e+00     fixed    
   9  ANx2         3.59468e-04   constant   
  10  pNx2         5.65332e+00   constant   
  11  ANy1         0.00000e+00   constant   
  12  pNy1         0.00000e+00   constant   
  13  w_y          0.00000e+00   constant   
  14  ANy2        -1.54429e-04   3.73136e-04   3.36961e-06  -3.03574e-03
  15  pNy2         2.39757e+00   constant   
  16  w_vw         1.43118e+01   constant   
  17  LM           1.25147e-04   constant   
  18  wCBO_expCoeff   1.99973e+02   1.24747e-01   9.53543e-05   1.27618e-01
  19  wCBO_expOffset   1.99990e+02   1.92596e-02   9.53625e-05   8.50750e-01
  20  wCBO_expT    3.00071e+01   6.10177e-03   1.43085e-05   1.85924e+00
  21  wCBO_linCoeff   0.00000e+00   constant   
  22  wCBO_const  -4.37992e-03   1.03053e-03   5.94773e-06   4.38750e-01
 EXTERNAL ERROR MATRIX.    NDIM=  25    NPAR=  5    ERR DEF=1
  1.392e-07  5.795e-08  1.511e-07 -5.433e-08 -7.527e-09 
  5.795e-08  1.556e-02 -1.690e-03 -2.651e-04  3.326e-06 
  1.511e-07 -1.690e-03  3.709e-04 -4.839e-05  8.106e-07 
 -5.433e-08 -2.651e-04 -4.839e-05  3.723e-05 -1.295e-06 
 -7.527e-09  3.326e-06  8.106e-07 -1.295e-06  1.062e-06 
ERR MATRIX NOT POS-DEF
 PARAMETER  CORRELATION COEFFICIENTS  
       NO.  GLOBAL     14     18     19     20     22
       14  0.04474   1.000  0.001  0.021 -0.024 -0.020
       18  0.99680   0.001  1.000 -0.704 -0.348  0.026
       19  0.99697   0.021 -0.704  1.000 -0.412  0.041
       20  0.99493  -0.024 -0.348 -0.412  1.000 -0.206
       22  0.76972  -0.020  0.026  0.041 -0.206  1.000
 ERR MATRIX NOT POS-DEF
MINUIT - FIT ALTOGETHER
 **********
 **   92 **RES 
 **********
                   PARAMETER    8  phi_CBO RESTORED TO VARIABLE.
                   PARAMETER    7  w_CBO RESTORED TO VARIABLE.
                   PARAMETER    6  A_CBO RESTORED TO VARIABLE.
                   PARAMETER    4  phi RESTORED TO VARIABLE.
                   PARAMETER    3  A0 RESTORED TO VARIABLE.
                   PARAMETER    1  N0 RESTORED TO VARIABLE.
 **********
 **   93 **MIGRAD
 **********
 START MIGRAD MINIMIZATION.  STRATEGY  1.  CONVERGENCE WHEN EDM .LT. 1.00e-04
 FCN=339.905 FROM MIGRAD    STATUS=INITIATE       22 CALLS        1260 TOTAL
                     EDM= unknown      STRATEGY= 1      NO ERROR MATRIX       
  EXT PARAMETER               CURRENT GUESS       STEP         FIRST   
  NO.   NAME      VALUE            ERROR          SIZE      DERIVATIVE 
   1  N0           3.08325e+06   8.12757e+02   8.12757e+02   2.51738e-04
   2  tau          6.44081e+01   constant   
   3  A0           3.45488e-01   3.52192e-04   3.52192e-04  -1.79185e+02
