 + ++++++++++++++++++++++++++++++++++++++++++++++++++++++++++++++++++++ +
 +                                                                      +
 +           You have chose to blind your fitting according to          +
 +                omega_ref * (1 + (R +/- deltaR) *10^{-6})             +
 +                                                                      +
 + ++++++++++++++++++++++++++++++++++++++++++++++++++++++++++++++++++++ +
In main()...
reading format from /gm2data/zkhechad/run45/envelope/formats/formatB_sBin_constraintOn.txt
pBinTau 	= 0  
pBinPhi 	= 0  
constraintau 	= 1 
includeMopTerm 	= 0    
constrainMop    = 0   
Parameters after format file: pBinTau 0 pBinPhi 0 constraintau 1 includeMopTerm 0 constrainMop 0 c_e_scale 0.000000 
reading cbo reference file (full fit) from /gm2data/zkhechad/cboTemplates/Run4CBOTemplates/fullFits/run4/sBin_constraintOn_cE0.0_seed0_run4_calo22.root
A_CBO 0.009526 w_CBO 2.326135 phi_CBO 3.153773 N0 2910883.778789 R -61.156963 tau 64.406920 
Reading cboRef file /gm2data/zkhechad/cboTemplates/Run4CBOTemplates//cboIsolate/run4_calo22.root
deltaT 164.120000
windowBins = 1100
fitting sliding window 1880 from bin 2083 at 310.783600 to bin 3183 at 474.903600 (1100 bins)

Reading data from /gm2data/cornell/histograms/aMethod/histogram_a_run4.root
fitting cbo isolate
 **********
 **    1 **SET PRINTOUT            1
 **********
 **********
 **    2 **SET NOWARNINGS 
 **********
 PARAMETER DEFINITIONS:
    NO.   NAME         VALUE      STEP SIZE      LIMITS
     1 A_CBO        9.52554e-03  1.00000e-05     no limits
     2 w_CBO        2.32614e+00  1.00000e-02    2.00000e+00  3.00000e+00
     3 phi_CBO      3.15377e+00  1.00000e-02    0.00000e+00  6.28319e+00
 **********
 **    3 **MIGRAD
 **********
 FIRST CALL TO USER FUNCTION AT NEW START POINT, WITH IFLAG=4.
 START MIGRAD MINIMIZATION.  STRATEGY  1.  CONVERGENCE WHEN EDM .LT. 1.00e-04
 FCN=0.109576 FROM MIGRAD    STATUS=INITIATE       12 CALLS          13 TOTAL
                     EDM= unknown      STRATEGY= 1      NO ERROR MATRIX       
  EXT PARAMETER               CURRENT GUESS       STEP         FIRST   
  NO.   NAME      VALUE            ERROR          SIZE      DERIVATIVE 
   1  A_CBO        9.52554e-03   1.00000e-05   1.00000e-05   7.51383e+00
   2  w_CBO        2.32614e+00   1.00000e-02   2.13335e-02   1.39517e-01
   3  phi_CBO      3.15377e+00   1.00000e-02   3.18313e-03  -1.30671e-03
 MIGRAD MINIMIZATION HAS CONVERGED.
 MIGRAD WILL VERIFY CONVERGENCE AND ERROR MATRIX.
 COVARIANCE MATRIX CALCULATED SUCCESSFULLY
 FCN=0.0839246 FROM MIGRAD    STATUS=CONVERGED      41 CALLS          42 TOTAL
                     EDM=6.67424e-05    STRATEGY= 1      ERROR MATRIX ACCURATE 
  EXT PARAMETER                                   STEP         FIRST   
  NO.   NAME      VALUE            ERROR          SIZE      DERIVATIVE 
   1  A_CBO        2.69857e-03   4.31553e-02   2.16679e-05  -7.21432e-04
   2  w_CBO        2.32607e+00   2.98152e-01   4.21403e-05  -1.13135e-02
   3  phi_CBO      3.16846e+00   4.42661e+00   2.55590e-03   4.60345e-04
 EXTERNAL ERROR MATRIX.    NDIM=  25    NPAR=  3    ERR DEF=1
  1.862e-03 -2.155e-03 -8.868e-01 
 -2.155e-03  1.044e-01  4.215e+01 
 -8.868e-01  4.215e+01  1.726e+04 
 PARAMETER  CORRELATION COEFFICIENTS  
       NO.  GLOBAL      1      2      3
        1  0.15652   1.000 -0.155 -0.156
        2  0.99274  -0.155  1.000  0.993
        3  0.99275  -0.156  0.993  1.000
setting A_CBO=0.002699 w_CBO=2.326071, phi_CBO=3.168459
done fitting cbo isolate
 **********
 **    1 **SET PRINTOUT            1
 **********
 **********
 **    2 **SET NOWARNINGS 
 **********
 PARAMETER DEFINITIONS:
    NO.   NAME         VALUE      STEP SIZE      LIMITS
     1 N0           2.91088e+06  1.00000e+02     no limits
     2 tau          6.44069e+01  constant
     3 A0           3.51795e-01  1.00000e-04     no limits
     4 phi          4.11585e+00  1.00000e-02     no limits
     5 R           -6.11570e+01  constant
     6 A_CBO        2.69857e-03  1.00000e-05     no limits
     7 w_CBO        2.32607e+00  1.00000e-03     no limits
     8 phi_CBO      3.16846e+00  1.00000e-04     no limits
     9 ANx2         8.59960e-04  constant
    10 pNx2         1.29548e+00  constant
    11 ANy1         0.00000e+00  constant
    12 pNy1         0.00000e+00  constant
    13 w_y          0.00000e+00  constant
    14 ANy2         8.55552e-03  1.00000e-04     no limits
    15 pNy2         3.07836e+00  constant
    16 w_vw         1.43006e+01  constant
    17 LM           1.55944e-04  constant
    18 wCBO_expCoeff   2.00000e+02  1.00000e+00     no limits
    19 wCBO_expOffset   2.00000e+02  1.00000e+00     no limits
    20 wCBO_expT    3.00000e+01  1.00000e+00     no limits
    21 wCBO_linCoeff   0.00000e+00  constant
    22 wCBO_const   0.00000e+00  1.00000e-02     no limits
MINUIT - FIT ONLY WIGGLE
 **********
 **    3 **FIX            5
 **********
 PARAMETER    5  IS CONSTANT.   IGNORED.
 **********
 **    4 **FIX            6
 **********
 **********
 **    5 **FIX            7
 **********
 **********
 **    6 **FIX            8
 **********
 **********
 **    7 **FIX            9
 **********
 PARAMETER    9  IS CONSTANT.   IGNORED.
 **********
 **    8 **FIX           10
 **********
 PARAMETER   10  IS CONSTANT.   IGNORED.
 **********
 **    9 **FIX           11
 **********
 PARAMETER   11  IS CONSTANT.   IGNORED.
 **********
 **   10 **FIX           12
 **********
 PARAMETER   12  IS CONSTANT.   IGNORED.
 **********
 **   11 **FIX           13
 **********
 PARAMETER   13  IS CONSTANT.   IGNORED.
 **********
 **   12 **FIX           14
 **********
 **********
 **   13 **FIX           15
 **********
 PARAMETER   15  IS CONSTANT.   IGNORED.
 **********
 **   14 **FIX           16
 **********
 PARAMETER   16  IS CONSTANT.   IGNORED.
 **********
 **   15 **MIGRAD
 **********
 FIRST CALL TO USER FUNCTION AT NEW START POINT, WITH IFLAG=4.
 START MIGRAD MINIMIZATION.  STRATEGY  1.  CONVERGENCE WHEN EDM .LT. 1.00e-04
 FCN=597.418 FROM MIGRAD    STATUS=INITIATE       32 CALLS          33 TOTAL
                     EDM= unknown      STRATEGY= 1      NO ERROR MATRIX       
  EXT PARAMETER               CURRENT GUESS       STEP         FIRST   
  NO.   NAME      VALUE            ERROR          SIZE      DERIVATIVE 
   1  N0           2.91088e+06   1.00000e+02   1.00000e+02  -8.39035e-05
   2  tau          6.44069e+01   constant   
   3  A0           3.51795e-01   1.00000e-04   1.00000e-04  -3.40360e+03
   4  phi          4.11585e+00   1.00000e-02   1.00000e-02   2.44009e+02
   5  R           -6.11570e+01   constant   
   6  A_CBO        2.69857e-03     fixed    
   7  w_CBO        2.32607e+00     fixed    
   8  phi_CBO      3.16846e+00     fixed    
   9  ANx2         8.59960e-04   constant   
  10  pNx2         1.29548e+00   constant   
  11  ANy1         0.00000e+00   constant   
  12  pNy1         0.00000e+00   constant   
  13  w_y          0.00000e+00   constant   
  14  ANy2         8.55552e-03     fixed    
  15  pNy2         3.07836e+00   constant   
  16  w_vw         1.43006e+01   constant   
  17  LM           1.55944e-04   constant   
  18  wCBO_expCoeff   2.00000e+02   1.00000e+00   1.00000e+00  -1.54864e+02
  19  wCBO_expOffset   2.00000e+02   1.00000e+00   1.00000e+00  -1.03244e+03
  20  wCBO_expT    3.00000e+01   1.00000e+00   1.00000e+00  -4.24841e+03
  21  wCBO_linCoeff   0.00000e+00   constant   
  22  wCBO_const   0.00000e+00   1.00000e-02   1.00000e-02  -1.08985e+04
 MIGRAD MINIMIZATION HAS CONVERGED.
 FCN=578.121 FROM MIGRAD    STATUS=CONVERGED     206 CALLS         207 TOTAL
                     EDM=2.36168e-06    STRATEGY= 1  ERROR MATRIX UNCERTAINTY   0.4 per cent
  EXT PARAMETER                                   STEP         FIRST   
  NO.   NAME      VALUE            ERROR          SIZE      DERIVATIVE 
   1  N0           2.91118e+06   1.10964e+03  -7.94608e-01   2.41231e-07
   2  tau          6.44069e+01   constant   
   3  A0           3.52204e-01   5.16456e-04  -5.08791e-07   2.08379e-01
   4  phi          4.11591e+00   1.50883e-03   2.78523e-06   1.16196e-01
   5  R           -6.11570e+01   constant   
   6  A_CBO        2.69857e-03     fixed    
   7  w_CBO        2.32607e+00     fixed    
   8  phi_CBO      3.16846e+00     fixed    
   9  ANx2         8.59960e-04   constant   
  10  pNx2         1.29548e+00   constant   
  11  ANy1         0.00000e+00   constant   
  12  pNy1         0.00000e+00   constant   
  13  w_y          0.00000e+00   constant   
  14  ANy2         8.55552e-03     fixed    
  15  pNy2         3.07836e+00   constant   
  16  w_vw         1.43006e+01   constant   
  17  LM           1.55944e-04   constant   
  18  wCBO_expCoeff   2.00288e+02   2.06960e-01   1.37490e-03  -9.37230e-02
  19  wCBO_expOffset   2.00043e+02   3.10916e-02   2.06554e-04  -6.39364e-01
  20  wCBO_expT    2.99826e+01   1.71488e-02  -1.17507e-04  -2.55524e+00
  21  wCBO_linCoeff   0.00000e+00   constant   
  22  wCBO_const   3.75436e-04   8.90062e-04   4.62924e-06  -8.83212e+00
 EXTERNAL ERROR MATRIX.    NDIM=  25    NPAR=  7    ERR DEF=1
  1.231e+06  6.627e-03  1.070e-02  1.073e+01  1.608e+00 -8.255e-01  2.157e-02 
  6.627e-03  2.667e-07  6.979e-10 -1.001e-05 -1.504e-06  8.555e-07 -5.607e-08 
  1.070e-02  6.979e-10  2.277e-06  8.674e-08  2.187e-08  1.905e-07 -4.736e-08 
  1.073e+01 -1.001e-05  8.674e-08  4.283e-02  6.243e-03 -3.511e-03  1.455e-04 
  1.608e+00 -1.504e-06  2.187e-08  6.243e-03  9.667e-04 -5.275e-04  2.185e-05 
 -8.255e-01  8.555e-07  1.905e-07 -3.511e-03 -5.275e-04  2.941e-04 -1.274e-05 
  2.157e-02 -5.607e-08 -4.736e-08  1.455e-04  2.185e-05 -1.274e-05  7.922e-07 
 PARAMETER  CORRELATION COEFFICIENTS  
       NO.  GLOBAL      1      3      4     18     19     20     22
        1  0.06869   1.000  0.012  0.006  0.047  0.047 -0.043  0.022
        3  0.13921   0.012  1.000  0.001 -0.094 -0.094  0.097 -0.122
        4  0.10362   0.006  0.001  1.000  0.000  0.000  0.007 -0.035
       18  0.99616   0.047 -0.094  0.000  1.000  0.970 -0.989  0.790
       19  0.99618   0.047 -0.094  0.000  0.970  1.000 -0.989  0.790
       20  0.99908  -0.043  0.097  0.007 -0.989 -0.989  1.000 -0.835
       22  0.94748   0.022 -0.122 -0.035  0.790  0.790 -0.835  1.000
MINUIT - FIT ONLY 1-CBO + other amplitudes 
 **********
 **   16 **RES 
 **********
                   PARAMETER   14  ANy2 RESTORED TO VARIABLE.
                   PARAMETER    8  phi_CBO RESTORED TO VARIABLE.
                   PARAMETER    7  w_CBO RESTORED TO VARIABLE.
                   PARAMETER    6  A_CBO RESTORED TO VARIABLE.
 **********
 **   17 **FIX            0
 **********
 PARAMETER    0  IS UNDEFINED. IGNORED.
 **********
 **   18 **FIX            1
 **********
 **********
 **   19 **FIX            2
 **********
 PARAMETER    2  IS CONSTANT.   IGNORED.
 **********
 **   20 **FIX            3
 **********
 **********
 **   21 **FIX            4
 **********
 **********
 **   22 **FIX            9
 **********
 PARAMETER    9  IS CONSTANT.   IGNORED.
 **********
 **   23 **FIX           11
 **********
 PARAMETER   11  IS CONSTANT.   IGNORED.
 **********
 **   24 **FIX           12
 **********
 PARAMETER   12  IS CONSTANT.   IGNORED.
 **********
 **   25 **FIX           14
 **********
 **********
 **   26 **FIX           15
 **********
 PARAMETER   15  IS CONSTANT.   IGNORED.
 **********
 **   27 **FIX           16
 **********
 PARAMETER   16  IS CONSTANT.   IGNORED.
 **********
 **   28 **MIGRAD
 **********
 START MIGRAD MINIMIZATION.  STRATEGY  1.  CONVERGENCE WHEN EDM .LT. 1.00e-04
 FCN=578.121 FROM MIGRAD    STATUS=INITIATE       20 CALLS         227 TOTAL
                     EDM= unknown      STRATEGY= 1      NO ERROR MATRIX       
  EXT PARAMETER               CURRENT GUESS       STEP         FIRST   
  NO.   NAME      VALUE            ERROR          SIZE      DERIVATIVE 
   1  N0           2.91118e+06     fixed    
   2  tau          6.44069e+01   constant   
   3  A0           3.52204e-01     fixed    
   4  phi          4.11591e+00     fixed    
   5  R           -6.11570e+01   constant   
   6  A_CBO        2.69857e-03   1.00000e-05   1.00000e-05   1.37199e+04
   7  w_CBO        2.32607e+00   1.00000e-03   1.00000e-03  -1.18645e+01
   8  phi_CBO      3.16846e+00   1.00000e-04   1.00000e-04   2.32251e+00
   9  ANx2         8.59960e-04   constant   
  10  pNx2         1.29548e+00   constant   
  11  ANy1         0.00000e+00   constant   
  12  pNy1         0.00000e+00   constant   
  13  w_y          0.00000e+00   constant   
  14  ANy2         8.55552e-03     fixed    
  15  pNy2         3.07836e+00   constant   
  16  w_vw         1.43006e+01   constant   
  17  LM           1.55944e-04   constant   
  18  wCBO_expCoeff   2.00288e+02   2.06960e-01   1.37490e-03  -9.37228e-02
  19  wCBO_expOffset   2.00043e+02   3.10916e-02   2.06554e-04  -6.39364e-01
  20  wCBO_expT    2.99826e+01   1.71488e-02  -1.17507e-04  -2.55524e+00
  21  wCBO_linCoeff   0.00000e+00   constant   
  22  wCBO_const   3.75436e-04   8.90062e-04   4.62924e-06  -8.83210e+00
 MIGRAD MINIMIZATION HAS CONVERGED.
 MIGRAD WILL VERIFY CONVERGENCE AND ERROR MATRIX.
 FCN=563.116 FROM MIGRAD    STATUS=CONVERGED     252 CALLS         459 TOTAL
                     EDM=5.47509e-07    STRATEGY= 1      ERR MATRIX NOT POS-DEF
  EXT PARAMETER                APPROXIMATE        STEP         FIRST   
  NO.   NAME      VALUE            ERROR          SIZE      DERIVATIVE 
   1  N0           2.91118e+06     fixed    
   2  tau          6.44069e+01   constant   
   3  A0           3.52204e-01     fixed    
   4  phi          4.11591e+00     fixed    
   5  R           -6.11570e+01   constant   
   6  A_CBO        5.45745e-04   5.45006e-04   6.18630e-06   1.79527e+00
   7  w_CBO        2.32713e+00   2.58163e-03   2.43218e-06   1.50886e+00
   8  phi_CBO      3.03821e+00   1.04446e+00   1.16592e-02  -3.62056e-04
   9  ANx2         8.59960e-04   constant   
  10  pNx2         1.29548e+00   constant   
  11  ANy1         0.00000e+00   constant   
  12  pNy1         0.00000e+00   constant   
  13  w_y          0.00000e+00   constant   
  14  ANy2         8.55552e-03     fixed    
  15  pNy2         3.07836e+00   constant   
  16  w_vw         1.43006e+01   constant   
  17  LM           1.55944e-04   constant   
  18  wCBO_expCoeff   2.00441e+02   2.75711e-01   2.75134e-04   1.51912e-02
  19  wCBO_expOffset   2.00066e+02   4.18639e-02   9.53990e-05   1.02065e-01
  20  wCBO_expT    2.99669e+01   8.74116e-03   1.42893e-05   3.78679e-01
  21  wCBO_linCoeff   0.00000e+00   constant   
  22  wCBO_const   3.14292e-04   1.22207e-03   3.75019e-06   4.66441e-01
 EXTERNAL ERROR MATRIX.    NDIM=  25    NPAR=  7    ERR DEF=1
  2.970e-07 -3.620e-08  4.040e-06 -6.663e-06 -1.274e-06  5.916e-07  4.175e-08 
 -3.620e-08  6.665e-06  7.104e-05 -2.182e-04 -3.525e-05 -4.831e-06 -2.680e-06 
  4.040e-06  7.104e-05  1.091e+00  8.945e-03  7.937e-04 -7.449e-04  6.788e-05 
 -6.663e-06 -2.182e-04  8.945e-03  7.602e-02 -5.839e-03 -7.110e-04  1.128e-04 
 -1.274e-06 -3.525e-05  7.937e-04 -5.839e-03  1.753e-03 -1.115e-04  1.811e-05 
  5.916e-07 -4.831e-06 -7.449e-04 -7.110e-04 -1.115e-04  7.641e-05 -8.857e-07 
  4.175e-08 -2.680e-06  6.788e-05  1.128e-04  1.811e-05 -8.857e-07  1.493e-06 
ERR MATRIX NOT POS-DEF
 PARAMETER  CORRELATION COEFFICIENTS  
       NO.  GLOBAL      6      7      8     18     19     20     22
        6  0.21714   1.000 -0.026  0.007 -0.044 -0.056  0.124  0.063
        7  0.99671  -0.026  1.000  0.026 -0.307 -0.326 -0.214 -0.849
        8  0.28176   0.007  0.026  1.000  0.031  0.018 -0.082  0.053
       18  0.99631  -0.044 -0.307  0.031  1.000 -0.506 -0.295  0.335
       19  0.99642  -0.056 -0.326  0.018 -0.506  1.000 -0.305  0.354
       20  0.99491   0.124 -0.214 -0.082 -0.295 -0.305  1.000 -0.083
       22  0.96455   0.063 -0.849  0.053  0.335  0.354 -0.083  1.000
 ERR MATRIX NOT POS-DEF
MINUIT - FIT ONLY 1-CBO
 **********
 **   29 **RES 
 **********
                   PARAMETER   14  ANy2 RESTORED TO VARIABLE.
                   PARAMETER    4  phi RESTORED TO VARIABLE.
                   PARAMETER    3  A0 RESTORED TO VARIABLE.
                   PARAMETER    1  N0 RESTORED TO VARIABLE.
 **********
 **   30 **FIX            0
 **********
 PARAMETER    0  IS UNDEFINED. IGNORED.
 **********
 **   31 **FIX            1
 **********
 **********
 **   32 **FIX            2
 **********
 PARAMETER    2  IS CONSTANT.   IGNORED.
 **********
 **   33 **FIX            3
 **********
 **********
 **   34 **FIX            4
 **********
 **********
 **   35 **FIX            8
 **********
 **********
 **   36 **FIX            9
 **********
 PARAMETER    9  IS CONSTANT.   IGNORED.
 **********
 **   37 **FIX           11
 **********
 PARAMETER   11  IS CONSTANT.   IGNORED.
 **********
 **   38 **FIX           12
 **********
 PARAMETER   12  IS CONSTANT.   IGNORED.
 **********
 **   39 **FIX           13
 **********
 PARAMETER   13  IS CONSTANT.   IGNORED.
 **********
 **   40 **FIX           15
 **********
 PARAMETER   15  IS CONSTANT.   IGNORED.
 **********
 **   41 **FIX           16
 **********
 PARAMETER   16  IS CONSTANT.   IGNORED.
 **********
 **   42 **MIGRAD
 **********
 START MIGRAD MINIMIZATION.  STRATEGY  1.  CONVERGENCE WHEN EDM .LT. 1.00e-04
 FCN=563.116 FROM MIGRAD    STATUS=INITIATE       16 CALLS         475 TOTAL
                     EDM= unknown      STRATEGY= 1      NO ERROR MATRIX       
  EXT PARAMETER               CURRENT GUESS       STEP         FIRST   
  NO.   NAME      VALUE            ERROR          SIZE      DERIVATIVE 
   1  N0           2.91118e+06     fixed    
   2  tau          6.44069e+01   constant   
   3  A0           3.52204e-01     fixed    
   4  phi          4.11591e+00     fixed    
   5  R           -6.11570e+01   constant   
   6  A_CBO        5.45745e-04   5.45006e-04   6.18630e-06   1.79527e+00
   7  w_CBO        2.32713e+00   2.58163e-03   2.43218e-06   1.51225e+00
   8  phi_CBO      3.03821e+00     fixed    
   9  ANx2         8.59960e-04   constant   
  10  pNx2         1.29548e+00   constant   
  11  ANy1         0.00000e+00   constant   
  12  pNy1         0.00000e+00   constant   
  13  w_y          0.00000e+00   constant   
  14  ANy2         8.55552e-03   1.00000e-04   1.00000e-04   5.90830e+04
  15  pNy2         3.07836e+00   constant   
  16  w_vw         1.43006e+01   constant   
  17  LM           1.55944e-04   constant   
  18  wCBO_expCoeff   2.00441e+02   2.75711e-01   2.75134e-04   1.52406e-02
  19  wCBO_expOffset   2.00066e+02   4.18639e-02   9.53990e-05   1.03473e-01
  20  wCBO_expT    2.99669e+01   8.74116e-03   1.42893e-05   3.79411e-01
  21  wCBO_linCoeff   0.00000e+00   constant   
  22  wCBO_const   3.14292e-04   1.22207e-03   3.75019e-06   4.71527e-01
 MIGRAD MINIMIZATION HAS CONVERGED.
 MIGRAD WILL VERIFY CONVERGENCE AND ERROR MATRIX.
 COVARIANCE MATRIX CALCULATED SUCCESSFULLY
 FCN=307.384 FROM HESSE     STATUS=OK             52 CALLS         609 TOTAL
                     EDM=0.00120016    STRATEGY= 1      ERROR MATRIX ACCURATE 
  EXT PARAMETER                                   STEP         FIRST   
  NO.   NAME      VALUE            ERROR          SIZE      DERIVATIVE 
   1  N0           2.91118e+06     fixed    
   2  tau          6.44069e+01   constant   
   3  A0           3.52204e-01     fixed    
   4  phi          4.11591e+00     fixed    
   5  R           -6.11570e+01   constant   
   6  A_CBO        1.51509e-04   5.41043e-04   4.57908e-06   1.78607e-01
   7  w_CBO        2.32712e+00   2.99600e-02   2.69849e-06   3.02384e+00
   8  phi_CBO      3.03821e+00     fixed    
   9  ANx2         8.59960e-04   constant   
  10  pNx2         1.29548e+00   constant   
  11  ANy1         0.00000e+00   constant   
  12  pNy1         0.00000e+00   constant   
  13  w_y          0.00000e+00   constant   
  14  ANy2        -1.00633e-04   5.41356e-04   4.63634e-06  -1.99065e-02
  15  pNy2         3.07836e+00   constant   
  16  w_vw         1.43006e+01   constant   
  17  LM           1.55944e-04   constant   
  18  wCBO_expCoeff   2.00443e+02   2.10103e+00   3.14573e-04   3.56109e-02
  19  wCBO_expOffset   2.00066e+02   2.17895e-01   9.53991e-05   2.38049e-01
  20  wCBO_expT    2.99669e+01   2.00135e-02   1.42893e-05  -2.56133e+00
  21  wCBO_linCoeff   0.00000e+00   constant   
  22  wCBO_const   1.86499e-04   1.28354e-02   3.50049e-06  -1.01195e-01
 MIGRAD MINIMIZATION HAS CONVERGED.
 FCN=307.383 FROM MIGRAD    STATUS=CONVERGED     166 CALLS         625 TOTAL
                     EDM=2.51869e-07    STRATEGY= 1  ERROR MATRIX UNCERTAINTY   0.0 per cent
  EXT PARAMETER                                   STEP         FIRST   
  NO.   NAME      VALUE            ERROR          SIZE      DERIVATIVE 
   1  N0           2.91118e+06     fixed    
   2  tau          6.44069e+01   constant   
   3  A0           3.52204e-01     fixed    
   4  phi          4.11591e+00     fixed    
   5  R           -6.11570e+01   constant   
   6  A_CBO        1.52921e-04   5.41185e-04   1.41166e-06  -2.29887e-01
   7  w_CBO        2.32692e+00   3.00084e-02  -1.97702e-04   1.16286e+00
   8  phi_CBO      3.03821e+00     fixed    
   9  ANx2         8.59960e-04   constant   
  10  pNx2         1.29548e+00   constant   
  11  ANy1         0.00000e+00   constant   
  12  pNy1         0.00000e+00   constant   
  13  w_y          0.00000e+00   constant   
  14  ANy2        -1.00890e-04   5.41364e-04  -2.56240e-07   5.64484e-02
  15  pNy2         3.07836e+00   constant   
  16  w_vw         1.43006e+01   constant   
  17  LM           1.55944e-04   constant   
  18  wCBO_expCoeff   2.00441e+02   2.10110e+00  -2.00084e-03   3.74289e-03
  19  wCBO_expOffset   2.00066e+02   2.17893e-01  -5.43244e-05   2.45077e-02
  20  wCBO_expT    2.99677e+01   2.09993e-02   7.63121e-04   1.49731e-01
  21  wCBO_linCoeff   0.00000e+00   constant   
  22  wCBO_const   2.51277e-04   1.28467e-02   6.47779e-05   1.95365e+00
 EXTERNAL ERROR MATRIX.    NDIM=  25    NPAR=  7    ERR DEF=1
  2.929e-07 -2.865e-07  1.237e-08  8.775e-08  8.462e-08  7.935e-07  1.356e-07 
 -2.865e-07  9.005e-04  1.447e-07 -5.047e-02 -3.610e-03 -1.138e-04 -3.847e-04 
  1.237e-08  1.447e-07  2.931e-07  1.712e-06 -1.534e-06 -1.554e-07 -5.466e-08 
  8.775e-08 -5.047e-02  1.712e-06  4.415e+00 -5.980e-03 -1.188e-03  2.176e-02 
  8.462e-08 -3.610e-03 -1.534e-06 -5.980e-03  4.748e-02 -2.740e-05  1.555e-03 
  7.935e-07 -1.138e-04 -1.554e-07 -1.188e-03 -2.740e-05  4.410e-04  3.683e-05 
  1.356e-07 -3.847e-04 -5.466e-08  2.176e-02  1.555e-03  3.683e-05  1.650e-04 
 PARAMETER  CORRELATION COEFFICIENTS  
       NO.  GLOBAL      6      7     14     18     19     20     22
        6  0.16201   1.000 -0.018  0.042  0.000  0.001  0.070  0.019
        7  0.99994  -0.018  1.000  0.009 -0.800 -0.552 -0.181 -0.998
       14  0.04940   0.042  0.009  1.000  0.002 -0.013 -0.014 -0.008
       18  0.99985   0.000 -0.800  0.002  1.000 -0.013 -0.027  0.806
       19  0.99968   0.001 -0.552 -0.013 -0.013  1.000 -0.006  0.555
       20  0.99793   0.070 -0.181 -0.014 -0.027 -0.006  1.000  0.137
       22  0.99949   0.019 -0.998 -0.008  0.806  0.555  0.137  1.000
MINUIT - FIT ONLY 2-CBO
 **********
 **   43 **RES 
 **********
                   PARAMETER    8  phi_CBO RESTORED TO VARIABLE.
                   PARAMETER    4  phi RESTORED TO VARIABLE.
                   PARAMETER    3  A0 RESTORED TO VARIABLE.
                   PARAMETER    1  N0 RESTORED TO VARIABLE.
 **********
 **   44 **FIX            0
 **********
 PARAMETER    0  IS UNDEFINED. IGNORED.
 **********
 **   45 **FIX            1
 **********
 **********
 **   46 **FIX            2
 **********
 PARAMETER    2  IS CONSTANT.   IGNORED.
 **********
 **   47 **FIX            3
 **********
 **********
 **   48 **FIX            4
 **********
 **********
 **   49 **FIX            5
 **********
 PARAMETER    5  IS CONSTANT.   IGNORED.
 **********
 **   50 **FIX            6
 **********
 **********
 **   51 **FIX            7
 **********
 **********
 **   52 **FIX           10
 **********
 PARAMETER   10  IS CONSTANT.   IGNORED.
 **********
 **   53 **FIX           11
 **********
 PARAMETER   11  IS CONSTANT.   IGNORED.
 **********
 **   54 **FIX           12
 **********
 PARAMETER   12  IS CONSTANT.   IGNORED.
 **********
 **   55 **FIX           13
 **********
 PARAMETER   13  IS CONSTANT.   IGNORED.
 **********
 **   56 **FIX           14
 **********
 **********
 **   57 **FIX           15
 **********
 PARAMETER   15  IS CONSTANT.   IGNORED.
 **********
 **   58 **FIX           16
 **********
 PARAMETER   16  IS CONSTANT.   IGNORED.
 **********
 **   59 **MIGRAD
 **********
 START MIGRAD MINIMIZATION.  STRATEGY  1.  CONVERGENCE WHEN EDM .LT. 1.00e-04
 FCN=307.383 FROM MIGRAD    STATUS=INITIATE       12 CALLS         637 TOTAL
                     EDM= unknown      STRATEGY= 1      NO ERROR MATRIX       
  EXT PARAMETER               CURRENT GUESS       STEP         FIRST   
  NO.   NAME      VALUE            ERROR          SIZE      DERIVATIVE 
   1  N0           2.91118e+06     fixed    
   2  tau          6.44069e+01   constant   
   3  A0           3.52204e-01     fixed    
   4  phi          4.11591e+00     fixed    
   5  R           -6.11570e+01   constant   
   6  A_CBO        1.52921e-04     fixed    
   7  w_CBO        2.32692e+00     fixed    
   8  phi_CBO      3.03821e+00   1.04446e+00   1.04446e+00  -6.67209e-02
   9  ANx2         8.59960e-04   constant   
  10  pNx2         1.29548e+00   constant   
  11  ANy1         0.00000e+00   constant   
  12  pNy1         0.00000e+00   constant   
  13  w_y          0.00000e+00   constant   
  14  ANy2        -1.00890e-04     fixed    
  15  pNy2         3.07836e+00   constant   
  16  w_vw         1.43006e+01   constant   
  17  LM           1.55944e-04   constant   
  18  wCBO_expCoeff   2.00441e+02   2.10110e+00  -2.00084e-03   3.74285e-03
  19  wCBO_expOffset   2.00066e+02   2.17893e-01  -5.43244e-05   2.45077e-02
  20  wCBO_expT    2.99677e+01   2.09993e-02   7.63121e-04   1.49731e-01
  21  wCBO_linCoeff   0.00000e+00   constant   
  22  wCBO_const   2.51277e-04   1.28467e-02   6.47779e-05   1.95851e+00
 MIGRAD MINIMIZATION HAS CONVERGED.
 MIGRAD WILL VERIFY CONVERGENCE AND ERROR MATRIX.
 COVARIANCE MATRIX CALCULATED SUCCESSFULLY
 FCN=307.369 FROM HESSE     STATUS=OK             33 CALLS         706 TOTAL
                     EDM=6.98693e-05    STRATEGY= 1      ERROR MATRIX ACCURATE 
  EXT PARAMETER                                   STEP         FIRST   
  NO.   NAME      VALUE            ERROR          SIZE      DERIVATIVE 
   1  N0           2.91118e+06     fixed    
   2  tau          6.44069e+01   constant   
   3  A0           3.52204e-01     fixed    
   4  phi          4.11591e+00     fixed    
   5  R           -6.11570e+01   constant   
   6  A_CBO        1.52921e-04     fixed    
   7  w_CBO        2.32692e+00     fixed    
   8  phi_CBO      3.43328e+00   3.39456e+00   2.89193e-02  -1.05332e-03
   9  ANx2         8.59960e-04   constant   
  10  pNx2         1.29548e+00   constant   
  11  ANy1         0.00000e+00   constant   
  12  pNy1         0.00000e+00   constant   
  13  w_y          0.00000e+00   constant   
  14  ANy2        -1.00890e-04     fixed    
  15  pNy2         3.07836e+00   constant   
  16  w_vw         1.43006e+01   constant   
  17  LM           1.55944e-04   constant   
  18  wCBO_expCoeff   2.00441e+02   1.16788e+00   3.12196e-04   8.99380e-04
  19  wCBO_expOffset   2.00066e+02   1.68422e-01   9.53991e-05   6.01537e-03
  20  wCBO_expT    2.99677e+01   1.94006e-02   1.42897e-05   8.17269e-01
  21  wCBO_linCoeff   0.00000e+00   constant   
  22  wCBO_const   2.57335e-04   7.93961e-04   3.49487e-06  -1.13418e+00
 MIGRAD MINIMIZATION HAS CONVERGED.
 FCN=307.369 FROM MIGRAD    STATUS=CONVERGED      93 CALLS         718 TOTAL
                     EDM=9.25417e-08    STRATEGY= 1  ERROR MATRIX UNCERTAINTY   0.2 per cent
  EXT PARAMETER                                   STEP         FIRST   
  NO.   NAME      VALUE            ERROR          SIZE      DERIVATIVE 
   1  N0           2.91118e+06     fixed    
   2  tau          6.44069e+01   constant   
   3  A0           3.52204e-01     fixed    
   4  phi          4.11591e+00     fixed    
   5  R           -6.11570e+01   constant   
   6  A_CBO        1.52921e-04     fixed    
   7  w_CBO        2.32692e+00     fixed    
   8  phi_CBO      3.44271e+00   3.38510e+00   9.43057e-03   1.50746e-04
   9  ANx2         8.59960e-04   constant   
  10  pNx2         1.29548e+00   constant   
  11  ANy1         0.00000e+00   constant   
  12  pNy1         0.00000e+00   constant   
  13  w_y          0.00000e+00   constant   
  14  ANy2        -1.00890e-04     fixed    
  15  pNy2         3.07836e+00   constant   
  16  w_vw         1.43006e+01   constant   
  17  LM           1.55944e-04   constant   
  18  wCBO_expCoeff   2.00444e+02   1.17390e+00   3.22118e-03  -1.65956e-03
  19  wCBO_expOffset   2.00067e+02   1.68757e-01   1.99833e-04  -1.16261e-02
  20  wCBO_expT    2.99675e+01   2.08302e-02  -1.81042e-04  -2.47346e-02
  21  wCBO_linCoeff   0.00000e+00   constant   
  22  wCBO_const   2.62735e-04   8.18341e-04   5.40025e-06   3.46996e-01
 EXTERNAL ERROR MATRIX.    NDIM=  25    NPAR=  5    ERR DEF=1
  1.146e+01  1.681e-01 -2.623e-03 -5.947e-03  2.973e-04 
  1.681e-01  1.378e+00 -1.773e-01 -7.535e-03  1.980e-04 
 -2.623e-03 -1.773e-01  2.848e-02 -5.133e-04  1.299e-05 
 -5.947e-03 -7.535e-03 -5.133e-04  4.339e-04 -1.210e-05 
  2.973e-04  1.980e-04  1.299e-05 -1.210e-05  6.697e-07 
 PARAMETER  CORRELATION COEFFICIENTS  
       NO.  GLOBAL      8     18     19     20     22
        8  0.12908   1.000  0.042 -0.005 -0.084  0.107
       18  0.99952   0.042  1.000 -0.895 -0.308  0.206
       19  0.99948  -0.005 -0.895  1.000 -0.146  0.094
       20  0.99792  -0.084 -0.308 -0.146  1.000 -0.710
       22  0.86730   0.107  0.206  0.094 -0.710  1.000
MINUIT - FIT ONLY 1-y
 **********
 **   60 **RES 
 **********
                   PARAMETER   14  ANy2 RESTORED TO VARIABLE.
                   PARAMETER    7  w_CBO RESTORED TO VARIABLE.
                   PARAMETER    6  A_CBO RESTORED TO VARIABLE.
                   PARAMETER    4  phi RESTORED TO VARIABLE.
                   PARAMETER    3  A0 RESTORED TO VARIABLE.
                   PARAMETER    1  N0 RESTORED TO VARIABLE.
 **********
 **   61 **FIX            0
 **********
 PARAMETER    0  IS UNDEFINED. IGNORED.
 **********
 **   62 **FIX            1
 **********
 **********
 **   63 **FIX            2
 **********
 PARAMETER    2  IS CONSTANT.   IGNORED.
 **********
 **   64 **FIX            3
 **********
 **********
 **   65 **FIX            4
 **********
 **********
 **   66 **FIX            5
 **********
 PARAMETER    5  IS CONSTANT.   IGNORED.
 **********
 **   67 **FIX            6
 **********
 **********
 **   68 **FIX            7
 **********
 **********
 **   69 **FIX            8
 **********
 **********
 **   70 **FIX            9
 **********
 PARAMETER    9  IS CONSTANT.   IGNORED.
 **********
 **   71 **FIX           13
 **********
 PARAMETER   13  IS CONSTANT.   IGNORED.
 **********
 **   72 **FIX           14
 **********
 **********
 **   73 **FIX           15
 **********
 PARAMETER   15  IS CONSTANT.   IGNORED.
 **********
 **   74 **FIX           16
 **********
 PARAMETER   16  IS CONSTANT.   IGNORED.
 **********
 **   75 **MIGRAD
 **********
 START MIGRAD MINIMIZATION.  STRATEGY  1.  CONVERGENCE WHEN EDM .LT. 1.00e-04
 FCN=307.369 FROM MIGRAD    STATUS=INITIATE        8 CALLS         726 TOTAL
                     EDM= unknown      STRATEGY= 1      NO ERROR MATRIX       
  EXT PARAMETER               CURRENT GUESS       STEP         FIRST   
  NO.   NAME      VALUE            ERROR          SIZE      DERIVATIVE 
   1  N0           2.91118e+06     fixed    
   2  tau          6.44069e+01   constant   
   3  A0           3.52204e-01     fixed    
   4  phi          4.11591e+00     fixed    
   5  R           -6.11570e+01   constant   
   6  A_CBO        1.52921e-04     fixed    
   7  w_CBO        2.32692e+00     fixed    
   8  phi_CBO      3.44271e+00     fixed    
   9  ANx2         8.59960e-04   constant   
  10  pNx2         1.29548e+00   constant   
  11  ANy1         0.00000e+00   constant   
  12  pNy1         0.00000e+00   constant   
  13  w_y          0.00000e+00   constant   
  14  ANy2        -1.00890e-04     fixed    
  15  pNy2         3.07836e+00   constant   
  16  w_vw         1.43006e+01   constant   
  17  LM           1.55944e-04   constant   
  18  wCBO_expCoeff   2.00444e+02   1.17390e+00   3.22118e-03  -1.65954e-03
  19  wCBO_expOffset   2.00067e+02   1.68757e-01   1.99833e-04  -1.16261e-02
  20  wCBO_expT    2.99675e+01   2.08302e-02  -1.81042e-04  -2.47346e-02
  21  wCBO_linCoeff   0.00000e+00   constant   
  22  wCBO_const   2.62735e-04   8.18341e-04   5.40025e-06   3.46997e-01
 MIGRAD MINIMIZATION HAS CONVERGED.
 MIGRAD WILL VERIFY CONVERGENCE AND ERROR MATRIX.
 COVARIANCE MATRIX CALCULATED SUCCESSFULLY
 FCN=307.369 FROM MIGRAD    STATUS=CONVERGED      42 CALLS         760 TOTAL
                     EDM=1.63983e-08    STRATEGY= 1      ERROR MATRIX ACCURATE 
  EXT PARAMETER                                   STEP         FIRST   
  NO.   NAME      VALUE            ERROR          SIZE      DERIVATIVE 
   1  N0           2.91118e+06     fixed    
   2  tau          6.44069e+01   constant   
   3  A0           3.52204e-01     fixed    
   4  phi          4.11591e+00     fixed    
   5  R           -6.11570e+01   constant   
   6  A_CBO        1.52921e-04     fixed    
   7  w_CBO        2.32692e+00     fixed    
   8  phi_CBO      3.44271e+00     fixed    
   9  ANx2         8.59960e-04   constant   
  10  pNx2         1.29548e+00   constant   
  11  ANy1         0.00000e+00   constant   
  12  pNy1         0.00000e+00   constant   
  13  w_y          0.00000e+00   constant   
  14  ANy2        -1.00890e-04     fixed    
  15  pNy2         3.07836e+00   constant   
  16  w_vw         1.43006e+01   constant   
  17  LM           1.55944e-04   constant   
  18  wCBO_expCoeff   2.00444e+02   1.18088e+00   3.12104e-04   1.78221e-03
  19  wCBO_expOffset   2.00067e+02   1.70520e-01   9.53992e-05   1.17536e-02
  20  wCBO_expT    2.99675e+01   1.93754e-02   1.42896e-05   5.83063e-02
  21  wCBO_linCoeff   0.00000e+00   constant   
  22  wCBO_const   2.62672e-04   7.88292e-04   3.49411e-06   1.84552e-01
 EXTERNAL ERROR MATRIX.    NDIM=  25    NPAR=  4    ERR DEF=1
  1.394e+00 -1.834e-01 -6.589e-03  1.707e-04 
 -1.834e-01  2.908e-02 -4.329e-04  1.081e-05 
 -6.589e-03 -4.329e-04  3.754e-04 -1.044e-05 
  1.707e-04  1.081e-05 -1.044e-05  6.214e-07 
 PARAMETER  CORRELATION COEFFICIENTS  
       NO.  GLOBAL     18     19     20     22
       18  0.99952   1.000 -0.911 -0.288  0.183
       19  0.99949  -0.911  1.000 -0.131  0.080
       20  0.99760  -0.288 -0.131  1.000 -0.684
       22  0.85602   0.183  0.080 -0.684  1.000
MINUIT - FIT ONLY 2-y
 **********
 **   76 **RES 
 **********
                   PARAMETER   14  ANy2 RESTORED TO VARIABLE.
                   PARAMETER    8  phi_CBO RESTORED TO VARIABLE.
                   PARAMETER    7  w_CBO RESTORED TO VARIABLE.
                   PARAMETER    6  A_CBO RESTORED TO VARIABLE.
                   PARAMETER    4  phi RESTORED TO VARIABLE.
                   PARAMETER    3  A0 RESTORED TO VARIABLE.
                   PARAMETER    1  N0 RESTORED TO VARIABLE.
 **********
 **   77 **FIX            0
 **********
 PARAMETER    0  IS UNDEFINED. IGNORED.
 **********
 **   78 **FIX            1
 **********
 **********
 **   79 **FIX            2
 **********
 PARAMETER    2  IS CONSTANT.   IGNORED.
 **********
 **   80 **FIX            3
 **********
 **********
 **   81 **FIX            4
 **********
 **********
 **   82 **FIX            5
 **********
 PARAMETER    5  IS CONSTANT.   IGNORED.
 **********
 **   83 **FIX            6
 **********
 **********
 **   84 **FIX            7
 **********
 **********
 **   85 **FIX            8
 **********
 **********
 **   86 **FIX            9
 **********
 PARAMETER    9  IS CONSTANT.   IGNORED.
 **********
 **   87 **FIX           10
 **********
 PARAMETER   10  IS CONSTANT.   IGNORED.
 **********
 **   88 **FIX           11
 **********
 PARAMETER   11  IS CONSTANT.   IGNORED.
 **********
 **   89 **FIX           12
 **********
 PARAMETER   12  IS CONSTANT.   IGNORED.
 **********
 **   90 **FIX           16
 **********
 PARAMETER   16  IS CONSTANT.   IGNORED.
 **********
 **   91 **MIGRAD
 **********
 START MIGRAD MINIMIZATION.  STRATEGY  1.  CONVERGENCE WHEN EDM .LT. 1.00e-04
 FCN=307.369 FROM MIGRAD    STATUS=INITIATE       10 CALLS         770 TOTAL
                     EDM= unknown      STRATEGY= 1      NO ERROR MATRIX       
  EXT PARAMETER               CURRENT GUESS       STEP         FIRST   
  NO.   NAME      VALUE            ERROR          SIZE      DERIVATIVE 
   1  N0           2.91118e+06     fixed    
   2  tau          6.44069e+01   constant   
   3  A0           3.52204e-01     fixed    
   4  phi          4.11591e+00     fixed    
   5  R           -6.11570e+01   constant   
   6  A_CBO        1.52921e-04     fixed    
   7  w_CBO        2.32692e+00     fixed    
   8  phi_CBO      3.44271e+00     fixed    
   9  ANx2         8.59960e-04   constant   
  10  pNx2         1.29548e+00   constant   
  11  ANy1         0.00000e+00   constant   
  12  pNy1         0.00000e+00   constant   
  13  w_y          0.00000e+00   constant   
  14  ANy2        -1.00890e-04   5.41364e-04   5.41364e-04   7.53604e+00
  15  pNy2         3.07836e+00   constant   
  16  w_vw         1.43006e+01   constant   
  17  LM           1.55944e-04   constant   
  18  wCBO_expCoeff   2.00444e+02   1.18088e+00   3.12104e-04   1.75797e-03
  19  wCBO_expOffset   2.00067e+02   1.70520e-01   9.53992e-05   1.12323e-02
  20  wCBO_expT    2.99675e+01   1.93754e-02   1.42896e-05   5.75573e-02
  21  wCBO_linCoeff   0.00000e+00   constant   
  22  wCBO_const   2.62672e-04   7.88292e-04   3.49411e-06   1.89911e-01
 MIGRAD MINIMIZATION HAS CONVERGED.
 MIGRAD WILL VERIFY CONVERGENCE AND ERROR MATRIX.
 COVARIANCE MATRIX CALCULATED SUCCESSFULLY
 FCN=307.369 FROM MIGRAD    STATUS=CONVERGED      52 CALLS         812 TOTAL
                     EDM=1.22859e-08    STRATEGY= 1      ERROR MATRIX ACCURATE 
  EXT PARAMETER                                   STEP         FIRST   
  NO.   NAME      VALUE            ERROR          SIZE      DERIVATIVE 
   1  N0           2.91118e+06     fixed    
   2  tau          6.44069e+01   constant   
   3  A0           3.52204e-01     fixed    
   4  phi          4.11591e+00     fixed    
   5  R           -6.11570e+01   constant   
   6  A_CBO        1.52921e-04     fixed    
   7  w_CBO        2.32692e+00     fixed    
   8  phi_CBO      3.44271e+00     fixed    
   9  ANx2         8.59960e-04   constant   
  10  pNx2         1.29548e+00   constant   
  11  ANy1         0.00000e+00   constant   
  12  pNy1         0.00000e+00   constant   
  13  w_y          0.00000e+00   constant   
  14  ANy2        -1.01991e-04   5.40882e-04   4.63621e-06   7.82450e-03
  15  pNy2         3.07836e+00   constant   
  16  w_vw         1.43006e+01   constant   
  17  LM           1.55944e-04   constant   
  18  wCBO_expCoeff   2.00444e+02   1.18107e+00   3.12105e-04  -3.50957e-03
  19  wCBO_expOffset   2.00067e+02   1.70532e-01   9.53992e-05  -2.36415e-02
  20  wCBO_expT    2.99675e+01   1.93802e-02   1.42896e-05  -9.05119e-02
  21  wCBO_linCoeff   0.00000e+00   constant   
  22  wCBO_const   2.62656e-04   7.88401e-04   3.49412e-06  -2.18060e-01
 EXTERNAL ERROR MATRIX.    NDIM=  25    NPAR=  5    ERR DEF=1
  2.926e-07  9.788e-06 -7.578e-07 -1.790e-07  6.601e-09 
  9.788e-06  1.395e+00 -1.834e-01 -6.597e-03  1.709e-04 
 -7.578e-07 -1.834e-01  2.908e-02 -4.325e-04  1.079e-05 
 -1.790e-07 -6.597e-03 -4.325e-04  3.756e-04 -1.045e-05 
