 + ++++++++++++++++++++++++++++++++++++++++++++++++++++++++++++++++++++ +
 +                                                                      +
 +           You have chose to blind your fitting according to          +
 +                omega_ref * (1 + (R +/- deltaR) *10^{-6})             +
 +                                                                      +
 + ++++++++++++++++++++++++++++++++++++++++++++++++++++++++++++++++++++ +
In main()...
reading format from /gm2data/zkhechad/run45/envelope/formats/formatB_sBin_constraintOn.txt
pBinTau 	= 0  
pBinPhi 	= 0  
constraintau 	= 1 
includeMopTerm 	= 0    
constrainMop    = 0   
Parameters after format file: pBinTau 0 pBinPhi 0 constraintau 1 includeMopTerm 0 constrainMop 0 c_e_scale 0.000000 
reading cbo reference file (full fit) from /gm2data/zkhechad/cboTemplates/Run4CBOTemplates/fullFits/run4/sBin_constraintOn_cE0.0_seed0_run4_calo1.root
A_CBO 0.008450 w_CBO 2.327583 phi_CBO 2.512904 N0 3416164.907261 R -60.829491 tau 64.397625 
Reading cboRef file /gm2data/zkhechad/cboTemplates/Run4CBOTemplates//cboIsolate/run4_calo1.root
deltaT 164.120000
windowBins = 1100
fitting sliding window 2180 from bin 2383 at 355.543600 to bin 3483 at 519.663600 (1100 bins)

Reading data from /gm2data/cornell/histograms/aMethod/histogram_a_run4.root
fitting cbo isolate
 **********
 **    1 **SET PRINTOUT            1
 **********
 **********
 **    2 **SET NOWARNINGS 
 **********
 PARAMETER DEFINITIONS:
    NO.   NAME         VALUE      STEP SIZE      LIMITS
     1 A_CBO        8.44960e-03  1.00000e-05     no limits
     2 w_CBO        2.32758e+00  1.00000e-02    2.00000e+00  3.00000e+00
     3 phi_CBO      2.51290e+00  1.00000e-02    0.00000e+00  6.28319e+00
 **********
 **    3 **MIGRAD
 **********
 FIRST CALL TO USER FUNCTION AT NEW START POINT, WITH IFLAG=4.
 START MIGRAD MINIMIZATION.  STRATEGY  1.  CONVERGENCE WHEN EDM .LT. 1.00e-04
 FCN=0.192028 FROM MIGRAD    STATUS=INITIATE       12 CALLS          13 TOTAL
                     EDM= unknown      STRATEGY= 1      NO ERROR MATRIX       
  EXT PARAMETER               CURRENT GUESS       STEP         FIRST   
  NO.   NAME      VALUE            ERROR          SIZE      DERIVATIVE 
   1  A_CBO        8.44960e-03   1.00000e-05   1.00000e-05   7.96123e+00
   2  w_CBO        2.32758e+00   1.00000e-02   2.13091e-02   1.44142e+00
   3  phi_CBO      2.51290e+00   1.00000e-02   3.24882e-03  -2.19089e-02
 MIGRAD MINIMIZATION HAS CONVERGED.
 MIGRAD WILL VERIFY CONVERGENCE AND ERROR MATRIX.
 FCN=0.162888 FROM HESSE     STATUS=NOT POSDEF     16 CALLS          70 TOTAL
                     EDM=0.000670594    STRATEGY= 1      ERR MATRIX NOT POS-DEF
  EXT PARAMETER                APPROXIMATE        STEP         FIRST   
  NO.   NAME      VALUE            ERROR          SIZE      DERIVATIVE 
   1  A_CBO        1.43796e-03   6.09971e-02   2.24772e-05  -1.34503e-02
   2  w_CBO        2.32680e+00   5.10253e-01   8.72943e-05   3.21567e-02
   3  phi_CBO      2.72412e+00   4.84575e+00   5.28244e-03  -1.91136e-04
 MIGRAD MINIMIZATION HAS CONVERGED.
 MIGRAD WILL VERIFY CONVERGENCE AND ERROR MATRIX.
 COVARIANCE MATRIX CALCULATED SUCCESSFULLY
 FCN=0.162643 FROM MIGRAD    STATUS=CONVERGED     153 CALLS         154 TOTAL
                     EDM=6.69396e-06    STRATEGY= 1      ERROR MATRIX ACCURATE 
  EXT PARAMETER                                   STEP         FIRST   
  NO.   NAME      VALUE            ERROR          SIZE      DERIVATIVE 
   1  A_CBO        1.58825e-03   4.27653e-02   2.24700e-05  -9.25037e-03
   2  w_CBO        2.32005e+00   1.22535e-01   7.68271e-05  -1.97726e-02
   3  phi_CBO      6.01453e-02   3.17064e+00   1.76599e-02   9.89360e-05
 EXTERNAL ERROR MATRIX.    NDIM=  25    NPAR=  3    ERR DEF=1
  1.829e-03 -1.766e-04 -1.029e-01 
 -1.766e-04  1.537e-02  4.488e+00 
 -1.029e-01  4.488e+00  1.796e+03 
 PARAMETER  CORRELATION COEFFICIENTS  
       NO.  GLOBAL      1      2      3
        1  0.06389   1.000 -0.033 -0.057
        2  0.85428  -0.033  1.000  0.854
        3  0.85462  -0.057  0.854  1.000
setting A_CBO=0.001588 w_CBO=2.320053, phi_CBO=0.060145
done fitting cbo isolate
 **********
 **    1 **SET PRINTOUT            1
 **********
 **********
 **    2 **SET NOWARNINGS 
 **********
 PARAMETER DEFINITIONS:
    NO.   NAME         VALUE      STEP SIZE      LIMITS
     1 N0           3.41616e+06  1.00000e+02     no limits
     2 tau          6.43976e+01  constant
     3 A0           3.54950e-01  1.00000e-04     no limits
     4 phi          4.12292e+00  1.00000e-02     no limits
     5 R           -6.08295e+01  constant
     6 A_CBO        1.58825e-03  1.00000e-05     no limits
     7 w_CBO        2.32005e+00  1.00000e-03     no limits
     8 phi_CBO      6.01453e-02  1.00000e-04     no limits
     9 ANx2         2.24467e-04  constant
    10 pNx2         2.31915e+00  constant
    11 ANy1         0.00000e+00  constant
    12 pNy1         0.00000e+00  constant
    13 w_y          0.00000e+00  constant
    14 ANy2         1.49899e-02  1.00000e-04     no limits
    15 pNy2         4.64502e+00  constant
    16 w_vw         1.43138e+01  constant
    17 LM          -1.76320e-04  constant
    18 wCBO_expCoeff   2.00000e+02  1.00000e+00     no limits
    19 wCBO_expOffset   2.00000e+02  1.00000e+00     no limits
    20 wCBO_expT    3.00000e+01  1.00000e+00     no limits
    21 wCBO_linCoeff   0.00000e+00  constant
    22 wCBO_const   0.00000e+00  1.00000e-02     no limits
MINUIT - FIT ONLY WIGGLE
 **********
 **    3 **FIX            5
 **********
 PARAMETER    5  IS CONSTANT.   IGNORED.
 **********
 **    4 **FIX            6
 **********
 **********
 **    5 **FIX            7
 **********
 **********
 **    6 **FIX            8
 **********
 **********
 **    7 **FIX            9
 **********
 PARAMETER    9  IS CONSTANT.   IGNORED.
 **********
 **    8 **FIX           10
 **********
 PARAMETER   10  IS CONSTANT.   IGNORED.
 **********
 **    9 **FIX           11
 **********
 PARAMETER   11  IS CONSTANT.   IGNORED.
 **********
 **   10 **FIX           12
 **********
 PARAMETER   12  IS CONSTANT.   IGNORED.
 **********
 **   11 **FIX           13
 **********
 PARAMETER   13  IS CONSTANT.   IGNORED.
 **********
 **   12 **FIX           14
 **********
 **********
 **   13 **FIX           15
 **********
 PARAMETER   15  IS CONSTANT.   IGNORED.
 **********
 **   14 **FIX           16
 **********
 PARAMETER   16  IS CONSTANT.   IGNORED.
 **********
 **   15 **MIGRAD
 **********
 FIRST CALL TO USER FUNCTION AT NEW START POINT, WITH IFLAG=4.
 START MIGRAD MINIMIZATION.  STRATEGY  1.  CONVERGENCE WHEN EDM .LT. 1.00e-04
 FCN=795.162 FROM MIGRAD    STATUS=INITIATE       86 CALLS          87 TOTAL
                     EDM= unknown      STRATEGY= 1      NO ERROR MATRIX       
  EXT PARAMETER               CURRENT GUESS       STEP         FIRST   
  NO.   NAME      VALUE            ERROR          SIZE      DERIVATIVE 
   1  N0           3.41616e+06   1.00000e+02   0.00000e+00   1.51614e-04
   2  tau          6.43976e+01   constant   
   3  A0           3.54950e-01   1.00000e-04   0.00000e+00  -1.09735e+03
   4  phi          4.12292e+00   1.00000e-02   0.00000e+00  -7.55076e+02
   5  R           -6.08295e+01   constant   
   6  A_CBO        1.58825e-03     fixed    
   7  w_CBO        2.32005e+00     fixed    
   8  phi_CBO      6.01453e-02     fixed    
   9  ANx2         2.24467e-04   constant   
  10  pNx2         2.31915e+00   constant   
  11  ANy1         0.00000e+00   constant   
  12  pNy1         0.00000e+00   constant   
  13  w_y          0.00000e+00   constant   
  14  ANy2         1.49899e-02     fixed    
  15  pNy2         4.64502e+00   constant   
  16  w_vw         1.43138e+01   constant   
  17  LM          -1.76320e-04   constant   
  18  wCBO_expCoeff   1.98326e+02   1.00000e+00  -3.99276e-01   1.97828e-02
  19  wCBO_expOffset   2.00000e+02   1.00000e+00   0.00000e+00   1.30788e-01
  20  wCBO_expT    3.00000e+01   1.00000e+00   0.00000e+00  -6.70369e+00
  21  wCBO_linCoeff   0.00000e+00   constant   
  22  wCBO_const   0.00000e+00   1.00000e-02   0.00000e+00  -1.27310e+02
 MIGRAD MINIMIZATION HAS CONVERGED.
 FCN=794.263 FROM MIGRAD    STATUS=CONVERGED     220 CALLS         221 TOTAL
                     EDM=5.49655e-07    STRATEGY= 1  ERROR MATRIX UNCERTAINTY   1.1 per cent
  EXT PARAMETER                                   STEP         FIRST   
  NO.   NAME      VALUE            ERROR          SIZE      DERIVATIVE 
   1  N0           3.41589e+06   1.75082e+03   3.73889e+00  -4.58963e-08
   2  tau          6.43976e+01   constant   
   3  A0           3.55231e-01   7.17624e-04   2.90092e-07   7.62591e-02
   4  phi          4.12435e+00   1.97553e-03  -3.55173e-07  -3.24054e-02
   5  R           -6.08295e+01   constant   
   6  A_CBO        1.58825e-03     fixed    
   7  w_CBO        2.32005e+00     fixed    
   8  phi_CBO      6.01453e-02     fixed    
   9  ANx2         2.24467e-04   constant   
  10  pNx2         2.31915e+00   constant   
  11  ANy1         0.00000e+00   constant   
  12  pNy1         0.00000e+00   constant   
  13  w_y          0.00000e+00   constant   
  14  ANy2         1.49899e-02     fixed    
  15  pNy2         4.64502e+00   constant   
  16  w_vw         1.43138e+01   constant   
  17  LM          -1.76320e-04   constant   
  18  wCBO_expCoeff   1.97120e+02   3.72497e+00   1.80743e-02   1.55449e-03
  19  wCBO_expOffset   1.99818e+02   5.63518e-01   2.73426e-03   1.01958e-02
  20  wCBO_expT    3.00719e+01   2.27555e-01  -1.07389e-03   6.19527e-02
  21  wCBO_linCoeff   0.00000e+00   constant   
  22  wCBO_const  -7.28238e-04   3.28357e-03   8.43299e-06   1.18406e+00
 EXTERNAL ERROR MATRIX.    NDIM=  25    NPAR=  7    ERR DEF=1
  3.065e+06 -7.745e-02  2.463e-02  8.562e+02  1.296e+02 -5.424e+01  9.840e-01 
 -7.745e-02  5.150e-07 -1.486e-08 -6.364e-04 -9.630e-05  4.060e-05 -7.495e-07 
  2.463e-02 -1.486e-08  3.903e-06  3.153e-04  4.770e-05 -1.892e-05  2.250e-07 
  8.562e+02 -6.364e-04  3.153e-04  1.388e+01  2.094e+00 -8.460e-01  1.083e-02 
  1.296e+02 -9.630e-05  4.770e-05  2.094e+00  3.176e-01 -1.280e-01  1.639e-03 
 -5.424e+01  4.060e-05 -1.892e-05 -8.460e-01 -1.280e-01  5.178e-02 -6.775e-04 
  9.840e-01 -7.495e-07  2.250e-07  1.083e-02  1.639e-03 -6.775e-04  1.078e-05 
 PARAMETER  CORRELATION COEFFICIENTS  
       NO.  GLOBAL      1      3      4     18     19     20     22
        1  0.17926   1.000 -0.062  0.007  0.131  0.131 -0.136  0.171
        3  0.33183  -0.062  1.000 -0.010 -0.238 -0.238  0.249 -0.318
        4  0.04696   0.007 -0.010  1.000  0.043  0.043 -0.042  0.035
       18  0.99924   0.131 -0.238  0.043  1.000  0.998 -0.998  0.885
       19  0.99924   0.131 -0.238  0.043  0.998  1.000 -0.998  0.886
       20  0.99976  -0.136  0.249 -0.042 -0.998 -0.998  1.000 -0.907
       22  0.98135   0.171 -0.318  0.035  0.885  0.886 -0.907  1.000
MINUIT - FIT ONLY 1-CBO + other amplitudes 
 **********
 **   16 **RES 
 **********
                   PARAMETER   14  ANy2 RESTORED TO VARIABLE.
                   PARAMETER    8  phi_CBO RESTORED TO VARIABLE.
                   PARAMETER    7  w_CBO RESTORED TO VARIABLE.
                   PARAMETER    6  A_CBO RESTORED TO VARIABLE.
 **********
 **   17 **FIX            0
 **********
 PARAMETER    0  IS UNDEFINED. IGNORED.
 **********
 **   18 **FIX            1
 **********
 **********
 **   19 **FIX            2
 **********
 PARAMETER    2  IS CONSTANT.   IGNORED.
 **********
 **   20 **FIX            3
 **********
 **********
 **   21 **FIX            4
 **********
 **********
 **   22 **FIX            9
 **********
 PARAMETER    9  IS CONSTANT.   IGNORED.
 **********
 **   23 **FIX           11
 **********
 PARAMETER   11  IS CONSTANT.   IGNORED.
 **********
 **   24 **FIX           12
 **********
 PARAMETER   12  IS CONSTANT.   IGNORED.
 **********
 **   25 **FIX           14
 **********
 **********
 **   26 **FIX           15
 **********
 PARAMETER   15  IS CONSTANT.   IGNORED.
 **********
 **   27 **FIX           16
 **********
 PARAMETER   16  IS CONSTANT.   IGNORED.
 **********
 **   28 **MIGRAD
 **********
 START MIGRAD MINIMIZATION.  STRATEGY  1.  CONVERGENCE WHEN EDM .LT. 1.00e-04
 FCN=794.263 FROM MIGRAD    STATUS=INITIATE       18 CALLS         239 TOTAL
                     EDM= unknown      STRATEGY= 1      NO ERROR MATRIX       
  EXT PARAMETER               CURRENT GUESS       STEP         FIRST   
  NO.   NAME      VALUE            ERROR          SIZE      DERIVATIVE 
   1  N0           3.41589e+06     fixed    
   2  tau          6.43976e+01   constant   
   3  A0           3.55231e-01     fixed    
   4  phi          4.12435e+00     fixed    
   5  R           -6.08295e+01   constant   
   6  A_CBO        1.58825e-03   1.00000e-05   1.00000e-05   3.09534e+03
   7  w_CBO        2.32005e+00   1.00000e-03   1.00000e-03   6.29848e-01
   8  phi_CBO      6.01453e-02   1.00000e-04   1.00000e-04   8.05864e-01
   9  ANx2         2.24467e-04   constant   
  10  pNx2         2.31915e+00   constant   
  11  ANy1         0.00000e+00   constant   
  12  pNy1         0.00000e+00   constant   
  13  w_y          0.00000e+00   constant   
  14  ANy2         1.49899e-02     fixed    
  15  pNy2         4.64502e+00   constant   
  16  w_vw         1.43138e+01   constant   
  17  LM          -1.76320e-04   constant   
  18  wCBO_expCoeff   1.97120e+02   3.72497e+00   1.80743e-02   1.55470e-03
  19  wCBO_expOffset   1.99818e+02   5.63518e-01   2.73426e-03   1.01973e-02
  20  wCBO_expT    3.00719e+01   2.27555e-01  -1.07389e-03   6.19632e-02
  21  wCBO_linCoeff   0.00000e+00   constant   
  22  wCBO_const  -7.28238e-04   3.28357e-03   8.43299e-06   1.18409e+00
 MIGRAD MINIMIZATION HAS CONVERGED.
 MIGRAD WILL VERIFY CONVERGENCE AND ERROR MATRIX.
 COVARIANCE MATRIX CALCULATED SUCCESSFULLY
 FCN=792.195 FROM HESSE     STATUS=OK             50 CALLS         427 TOTAL
                     EDM=0.005072    STRATEGY= 1      ERROR MATRIX ACCURATE 
  EXT PARAMETER                                   STEP         FIRST   
  NO.   NAME      VALUE            ERROR          SIZE      DERIVATIVE 
   1  N0           3.41589e+06     fixed    
   2  tau          6.43976e+01   constant   
   3  A0           3.55231e-01     fixed    
   4  phi          4.12435e+00     fixed    
   5  R           -6.08295e+01   constant   
   6  A_CBO        7.85510e-04   7.42366e-04   9.91669e-06  -1.53655e+00
   7  w_CBO        2.32016e+00   6.72804e-02   1.30430e-05   4.76585e-01
   8  phi_CBO     -1.62895e+00   1.50720e+00   1.23809e-02   2.80849e-04
   9  ANx2         2.24467e-04   constant   
  10  pNx2         2.31915e+00   constant   
  11  ANy1         0.00000e+00   constant   
  12  pNy1         0.00000e+00   constant   
  13  w_y          0.00000e+00   constant   
  14  ANy2         1.49899e-02     fixed    
  15  pNy2         4.64502e+00   constant   
  16  w_vw         1.43138e+01   constant   
  17  LM          -1.76320e-04   constant   
  18  wCBO_expCoeff   1.96930e+02   7.47254e+00   2.96041e-03  -7.21312e-03
  19  wCBO_expOffset   1.99789e+02   1.14598e+00   4.51974e-04  -4.72453e-02
  20  wCBO_expT    3.00659e+01   1.49655e-01   8.05361e-05   7.22697e-01
  21  wCBO_linCoeff   0.00000e+00   constant   
  22  wCBO_const  -1.73277e-04   2.87533e-02   8.39516e-06   2.52640e+00
 MIGRAD MINIMIZATION HAS CONVERGED.
 FCN=792.19 FROM MIGRAD    STATUS=CONVERGED     236 CALLS         457 TOTAL
                     EDM=1.30836e-07    STRATEGY= 1  ERROR MATRIX UNCERTAINTY   0.3 per cent
  EXT PARAMETER                                   STEP         FIRST   
  NO.   NAME      VALUE            ERROR          SIZE      DERIVATIVE 
   1  N0           3.41589e+06     fixed    
   2  tau          6.43976e+01   constant   
   3  A0           3.55231e-01     fixed    
   4  phi          4.12435e+00     fixed    
   5  R           -6.08295e+01   constant   
   6  A_CBO        7.89588e-04   7.36563e-04  -1.67380e-06  -2.51392e-01
   7  w_CBO        2.32106e+00   6.73473e-02  -6.30001e-05  -1.59291e-01
   8  phi_CBO     -1.62958e+00   1.53155e+00   4.55269e-03  -9.47503e-07
   9  ANx2         2.24467e-04   constant   
  10  pNx2         2.31915e+00   constant   
  11  ANy1         0.00000e+00   constant   
  12  pNy1         0.00000e+00   constant   
  13  w_y          0.00000e+00   constant   
  14  ANy2         1.49899e-02     fixed    
  15  pNy2         4.64502e+00   constant   
  16  w_vw         1.43138e+01   constant   
  17  LM          -1.76320e-04   constant   
  18  wCBO_expCoeff   1.97066e+02   7.43966e+00  -5.55299e-03  -1.16004e-03
  19  wCBO_expOffset   1.99810e+02   1.14187e+00  -7.18745e-04  -7.59975e-03
  20  wCBO_expT    3.00557e+01   1.41805e-01   5.03703e-04  -3.77141e-02
  21  wCBO_linCoeff   0.00000e+00   constant   
  22  wCBO_const  -4.89373e-04   2.87861e-02   2.18014e-05  -1.49689e-01
 EXTERNAL ERROR MATRIX.    NDIM=  25    NPAR=  7    ERR DEF=1
  5.425e-07  1.155e-06 -1.897e-04  9.641e-06  1.394e-06 -5.853e-06 -3.347e-07 
  1.155e-06  4.536e-03 -4.046e-03 -1.568e-01 -2.480e-02 -1.963e-03 -1.936e-03 
 -1.897e-04 -4.046e-03  2.346e+00  3.533e-01  5.728e-02  5.335e-03  1.313e-03 
  9.641e-06 -1.568e-01  3.533e-01  5.535e+01 -5.013e+00 -2.612e-01  6.927e-02 
  1.394e-06 -2.480e-02  5.728e-02 -5.013e+00  1.304e+00 -4.033e-02  1.095e-02 
 -5.853e-06 -1.963e-03  5.335e-03 -2.612e-01 -4.033e-02  2.011e-02  6.890e-04 
 -3.347e-07 -1.936e-03  1.313e-03  6.927e-02  1.095e-02  6.890e-04  8.286e-04 
 PARAMETER  CORRELATION COEFFICIENTS  
       NO.  GLOBAL      6      7      8     18     19     20     22
        6  0.22326   1.000  0.023 -0.168  0.002  0.002 -0.056 -0.016
        7  0.99990   0.023  1.000 -0.039 -0.313 -0.322 -0.206 -0.999
        8  0.81076  -0.168 -0.039  1.000  0.031  0.033  0.025  0.030
       18  0.99958   0.002 -0.313  0.031  1.000 -0.590 -0.248  0.323
       19  0.99958   0.002 -0.322  0.033 -0.590  1.000 -0.249  0.333
       20  0.99914  -0.056 -0.206  0.025 -0.248 -0.249  1.000  0.169
       22  0.99977  -0.016 -0.999  0.030  0.323  0.333  0.169  1.000
MINUIT - FIT ONLY 1-CBO
 **********
 **   29 **RES 
 **********
                   PARAMETER   14  ANy2 RESTORED TO VARIABLE.
                   PARAMETER    4  phi RESTORED TO VARIABLE.
                   PARAMETER    3  A0 RESTORED TO VARIABLE.
                   PARAMETER    1  N0 RESTORED TO VARIABLE.
 **********
 **   30 **FIX            0
 **********
 PARAMETER    0  IS UNDEFINED. IGNORED.
 **********
 **   31 **FIX            1
 **********
 **********
 **   32 **FIX            2
 **********
 PARAMETER    2  IS CONSTANT.   IGNORED.
 **********
 **   33 **FIX            3
 **********
 **********
 **   34 **FIX            4
 **********
 **********
 **   35 **FIX            8
 **********
 **********
 **   36 **FIX            9
 **********
 PARAMETER    9  IS CONSTANT.   IGNORED.
 **********
 **   37 **FIX           11
 **********
 PARAMETER   11  IS CONSTANT.   IGNORED.
 **********
 **   38 **FIX           12
 **********
 PARAMETER   12  IS CONSTANT.   IGNORED.
 **********
 **   39 **FIX           13
 **********
 PARAMETER   13  IS CONSTANT.   IGNORED.
 **********
 **   40 **FIX           15
 **********
 PARAMETER   15  IS CONSTANT.   IGNORED.
 **********
 **   41 **FIX           16
 **********
 PARAMETER   16  IS CONSTANT.   IGNORED.
 **********
 **   42 **MIGRAD
 **********
 START MIGRAD MINIMIZATION.  STRATEGY  1.  CONVERGENCE WHEN EDM .LT. 1.00e-04
 FCN=792.19 FROM MIGRAD    STATUS=INITIATE       16 CALLS         473 TOTAL
                     EDM= unknown      STRATEGY= 1      NO ERROR MATRIX       
  EXT PARAMETER               CURRENT GUESS       STEP         FIRST   
  NO.   NAME      VALUE            ERROR          SIZE      DERIVATIVE 
   1  N0           3.41589e+06     fixed    
   2  tau          6.43976e+01   constant   
   3  A0           3.55231e-01     fixed    
   4  phi          4.12435e+00     fixed    
   5  R           -6.08295e+01   constant   
   6  A_CBO        7.89588e-04   7.36563e-04  -1.67380e-06  -2.51392e-01
   7  w_CBO        2.32106e+00   6.73473e-02  -6.30001e-05  -1.59291e-01
   8  phi_CBO     -1.62958e+00     fixed    
   9  ANx2         2.24467e-04   constant   
  10  pNx2         2.31915e+00   constant   
  11  ANy1         0.00000e+00   constant   
  12  pNy1         0.00000e+00   constant   
  13  w_y          0.00000e+00   constant   
  14  ANy2         1.49899e-02   1.00000e-04   1.00000e-04   5.94447e+04
  15  pNy2         4.64502e+00   constant   
  16  w_vw         1.43138e+01   constant   
  17  LM          -1.76320e-04   constant   
  18  wCBO_expCoeff   1.97066e+02   7.43966e+00  -5.55299e-03  -1.16004e-03
  19  wCBO_expOffset   1.99810e+02   1.14187e+00  -7.18745e-04  -7.59975e-03
  20  wCBO_expT    3.00557e+01   1.41805e-01   5.03703e-04  -3.77141e-02
  21  wCBO_linCoeff   0.00000e+00   constant   
  22  wCBO_const  -4.89373e-04   2.87861e-02   2.18014e-05  -1.49690e-01
 MIGRAD MINIMIZATION HAS CONVERGED.
 MIGRAD WILL VERIFY CONVERGENCE AND ERROR MATRIX.
 FCN=342.199 FROM MIGRAD    STATUS=CONVERGED     325 CALLS         782 TOTAL
                     EDM=4.54077e-07    STRATEGY= 1      ERR MATRIX NOT POS-DEF
  EXT PARAMETER                APPROXIMATE        STEP         FIRST   
  NO.   NAME      VALUE            ERROR          SIZE      DERIVATIVE 
   1  N0           3.41589e+06     fixed    
   2  tau          6.43976e+01   constant   
   3  A0           3.55231e-01     fixed    
   4  phi          4.12435e+00     fixed    
   5  R           -6.08295e+01   constant   
   6  A_CBO       -2.41752e-04   7.07159e-04   6.37408e-06  -2.43592e-01
   7  w_CBO        2.32214e+00   1.52720e-02   1.28409e-05   1.60808e-01
   8  phi_CBO     -1.62958e+00     fixed    
   9  ANx2         2.24467e-04   constant   
  10  pNx2         2.31915e+00   constant   
  11  ANy1         0.00000e+00   constant   
  12  pNy1         0.00000e+00   constant   
  13  w_y          0.00000e+00   constant   
  14  ANy2        -1.52315e-04   7.10983e-04   6.44431e-06   1.17037e+00
  15  pNy2         4.64502e+00   constant   
  16  w_vw         1.43138e+01   constant   
  17  LM          -1.76320e-04   constant   
  18  wCBO_expCoeff   1.98011e+02   4.65848e+00   3.63611e-03   9.97281e-04
  19  wCBO_expOffset   1.99954e+02   7.06237e-01   5.51150e-04   6.57953e-03
  20  wCBO_expT    3.00136e+01   1.05865e-01   9.81355e-05   3.59780e-02
  21  wCBO_linCoeff   0.00000e+00   constant   
  22  wCBO_const  -9.31961e-04   6.56630e-03   7.13261e-06   1.76279e-01
 EXTERNAL ERROR MATRIX.    NDIM=  25    NPAR=  7    ERR DEF=1
  5.001e-07  8.651e-08  1.259e-08  8.393e-05  1.272e-05 -5.787e-06  1.334e-08 
  8.651e-08  2.332e-04  1.241e-08 -6.983e-03 -1.064e-03 -1.800e-04 -9.802e-05 
  1.259e-08  1.241e-08  5.055e-07  1.423e-05  2.157e-06 -1.001e-06 -5.838e-10 
  8.393e-05 -6.983e-03  1.423e-05  2.170e+01 -2.246e+00 -1.816e-01  4.366e-03 
  1.272e-05 -1.064e-03  2.157e-06 -2.246e+00  4.988e-01 -2.755e-02  6.644e-04 
 -5.787e-06 -1.800e-04 -1.001e-06 -1.816e-01 -2.755e-02  1.121e-02 -1.995e-05 
  1.334e-08 -9.802e-05 -5.838e-10  4.366e-03  6.644e-04 -1.995e-05  4.312e-05 
ERR MATRIX NOT POS-DEF
 PARAMETER  CORRELATION COEFFICIENTS  
       NO.  GLOBAL      6      7     14     18     19     20     22
        6  0.10743   1.000  0.008  0.025  0.025  0.025 -0.077  0.003
        7  0.99569   0.008  1.000  0.001 -0.098 -0.099 -0.111 -0.977
       14  0.03333   0.025  0.001  1.000  0.004  0.004 -0.013 -0.000
       18  0.99630   0.025 -0.098  0.004  1.000 -0.683 -0.368  0.143
       19  0.99630   0.025 -0.099  0.004 -0.683  1.000 -0.369  0.143
       20  0.99477  -0.077 -0.111 -0.013 -0.368 -0.369  1.000 -0.029
       22  0.99280   0.003 -0.977 -0.000  0.143  0.143 -0.029  1.000
 ERR MATRIX NOT POS-DEF
MINUIT - FIT ONLY 2-CBO
 **********
 **   43 **RES 
 **********
                   PARAMETER    8  phi_CBO RESTORED TO VARIABLE.
                   PARAMETER    4  phi RESTORED TO VARIABLE.
                   PARAMETER    3  A0 RESTORED TO VARIABLE.
                   PARAMETER    1  N0 RESTORED TO VARIABLE.
 **********
 **   44 **FIX            0
 **********
 PARAMETER    0  IS UNDEFINED. IGNORED.
 **********
 **   45 **FIX            1
 **********
 **********
 **   46 **FIX            2
 **********
 PARAMETER    2  IS CONSTANT.   IGNORED.
 **********
 **   47 **FIX            3
 **********
 **********
 **   48 **FIX            4
 **********
 **********
 **   49 **FIX            5
 **********
 PARAMETER    5  IS CONSTANT.   IGNORED.
 **********
 **   50 **FIX            6
 **********
 **********
 **   51 **FIX            7
 **********
 **********
 **   52 **FIX           10
 **********
 PARAMETER   10  IS CONSTANT.   IGNORED.
 **********
 **   53 **FIX           11
 **********
 PARAMETER   11  IS CONSTANT.   IGNORED.
 **********
 **   54 **FIX           12
 **********
 PARAMETER   12  IS CONSTANT.   IGNORED.
 **********
 **   55 **FIX           13
 **********
 PARAMETER   13  IS CONSTANT.   IGNORED.
 **********
 **   56 **FIX           14
 **********
 **********
 **   57 **FIX           15
 **********
 PARAMETER   15  IS CONSTANT.   IGNORED.
 **********
 **   58 **FIX           16
 **********
 PARAMETER   16  IS CONSTANT.   IGNORED.
 **********
 **   59 **MIGRAD
 **********
 START MIGRAD MINIMIZATION.  STRATEGY  1.  CONVERGENCE WHEN EDM .LT. 1.00e-04
 FCN=342.199 FROM MIGRAD    STATUS=INITIATE       12 CALLS         794 TOTAL
                     EDM= unknown      STRATEGY= 1      NO ERROR MATRIX       
  EXT PARAMETER               CURRENT GUESS       STEP         FIRST   
  NO.   NAME      VALUE            ERROR          SIZE      DERIVATIVE 
   1  N0           3.41589e+06     fixed    
   2  tau          6.43976e+01   constant   
   3  A0           3.55231e-01     fixed    
   4  phi          4.12435e+00     fixed    
   5  R           -6.08295e+01   constant   
   6  A_CBO       -2.41752e-04     fixed    
   7  w_CBO        2.32214e+00     fixed    
   8  phi_CBO     -1.62958e+00   1.53155e+00   1.53155e+00   2.78850e-02
   9  ANx2         2.24467e-04   constant   
  10  pNx2         2.31915e+00   constant   
  11  ANy1         0.00000e+00   constant   
  12  pNy1         0.00000e+00   constant   
  13  w_y          0.00000e+00   constant   
  14  ANy2        -1.52315e-04     fixed    
  15  pNy2         4.64502e+00   constant   
  16  w_vw         1.43138e+01   constant   
  17  LM          -1.76320e-04   constant   
  18  wCBO_expCoeff   1.98011e+02   4.65848e+00   3.63611e-03   1.00506e-03
  19  wCBO_expOffset   1.99954e+02   7.06237e-01   5.51150e-04   6.63345e-03
  20  wCBO_expT    3.00136e+01   1.05865e-01   9.81355e-05   3.58847e-02
  21  wCBO_linCoeff   0.00000e+00   constant   
  22  wCBO_const  -9.31961e-04   6.56630e-03   7.13261e-06   1.77191e-01
 MIGRAD MINIMIZATION HAS CONVERGED.
 MIGRAD WILL VERIFY CONVERGENCE AND ERROR MATRIX.
 FCN=342.197 FROM MIGRAD    STATUS=CONVERGED      68 CALLS         850 TOTAL
                     EDM=7.12246e-05    STRATEGY= 1      ERR MATRIX NOT POS-DEF
  EXT PARAMETER                APPROXIMATE        STEP         FIRST   
  NO.   NAME      VALUE            ERROR          SIZE      DERIVATIVE 
   1  N0           3.41589e+06     fixed    
   2  tau          6.43976e+01   constant   
   3  A0           3.55231e-01     fixed    
   4  phi          4.12435e+00     fixed    
   5  R           -6.08295e+01   constant   
   6  A_CBO       -2.41752e-04     fixed    
   7  w_CBO        2.32214e+00     fixed    
   8  phi_CBO     -1.76630e+00   3.12472e+00   2.65654e-02  -9.16738e-05
   9  ANx2         2.24467e-04   constant   
  10  pNx2         2.31915e+00   constant   
  11  ANy1         0.00000e+00   constant   
  12  pNy1         0.00000e+00   constant   
  13  w_y          0.00000e+00   constant   
  14  ANy2        -1.52315e-04     fixed    
  15  pNy2         4.64502e+00   constant   
  16  w_vw         1.43138e+01   constant   
  17  LM          -1.76320e-04   constant   
  18  wCBO_expCoeff   1.98009e+02   5.04477e+00   3.63199e-03   9.97568e-04
  19  wCBO_expOffset   1.99954e+02   7.64774e-01   5.50514e-04   6.58138e-03
  20  wCBO_expT    3.00136e+01   1.10436e-01   9.80265e-05   1.08231e-01
  21  wCBO_linCoeff   0.00000e+00   constant   
  22  wCBO_const  -9.34220e-04   1.41187e-03   7.12749e-06  -3.28411e+00
 EXTERNAL ERROR MATRIX.    NDIM=  25    NPAR=  5    ERR DEF=1
  9.764e+00 -6.071e-01 -9.198e-02  4.795e-02 -3.578e-04 
 -6.071e-01  2.545e+01 -2.784e+00 -2.055e-01  1.578e-03 
 -9.198e-02 -2.784e+00  5.849e-01 -3.118e-02  2.394e-04 
  4.795e-02 -2.055e-01 -3.118e-02  1.220e-02 -1.046e-04 
 -3.578e-04  1.578e-03  2.394e-04 -1.046e-04  1.993e-06 
ERR MATRIX NOT POS-DEF
 PARAMETER  CORRELATION COEFFICIENTS  
       NO.  GLOBAL      8     18     19     20     22
        8  0.34737   1.000 -0.039 -0.038  0.139 -0.081
       18  0.99684  -0.039  1.000 -0.722 -0.369  0.222
       19  0.99684  -0.038 -0.722  1.000 -0.369  0.222
       20  0.99520   0.139 -0.369 -0.369  1.000 -0.671
       22  0.83094  -0.081  0.222  0.222 -0.671  1.000
 ERR MATRIX NOT POS-DEF
MINUIT - FIT ONLY 1-y
 **********
 **   60 **RES 
 **********
                   PARAMETER   14  ANy2 RESTORED TO VARIABLE.
                   PARAMETER    7  w_CBO RESTORED TO VARIABLE.
                   PARAMETER    6  A_CBO RESTORED TO VARIABLE.
                   PARAMETER    4  phi RESTORED TO VARIABLE.
                   PARAMETER    3  A0 RESTORED TO VARIABLE.
                   PARAMETER    1  N0 RESTORED TO VARIABLE.
 **********
 **   61 **FIX            0
 **********
 PARAMETER    0  IS UNDEFINED. IGNORED.
 **********
 **   62 **FIX            1
 **********
 **********
 **   63 **FIX            2
 **********
 PARAMETER    2  IS CONSTANT.   IGNORED.
 **********
 **   64 **FIX            3
 **********
 **********
 **   65 **FIX            4
 **********
 **********
 **   66 **FIX            5
 **********
 PARAMETER    5  IS CONSTANT.   IGNORED.
 **********
 **   67 **FIX            6
 **********
 **********
 **   68 **FIX            7
 **********
 **********
 **   69 **FIX            8
 **********
 **********
 **   70 **FIX            9
 **********
 PARAMETER    9  IS CONSTANT.   IGNORED.
 **********
 **   71 **FIX           13
 **********
 PARAMETER   13  IS CONSTANT.   IGNORED.
 **********
 **   72 **FIX           14
 **********
 **********
 **   73 **FIX           15
 **********
 PARAMETER   15  IS CONSTANT.   IGNORED.
 **********
 **   74 **FIX           16
 **********
 PARAMETER   16  IS CONSTANT.   IGNORED.
 **********
 **   75 **MIGRAD
 **********
 START MIGRAD MINIMIZATION.  STRATEGY  1.  CONVERGENCE WHEN EDM .LT. 1.00e-04
 FCN=342.197 FROM MIGRAD    STATUS=INITIATE        8 CALLS         858 TOTAL
                     EDM= unknown      STRATEGY= 1      NO ERROR MATRIX       
  EXT PARAMETER               CURRENT GUESS       STEP         FIRST   
  NO.   NAME      VALUE            ERROR          SIZE      DERIVATIVE 
   1  N0           3.41589e+06     fixed    
   2  tau          6.43976e+01   constant   
   3  A0           3.55231e-01     fixed    
   4  phi          4.12435e+00     fixed    
   5  R           -6.08295e+01   constant   
   6  A_CBO       -2.41752e-04     fixed    
   7  w_CBO        2.32214e+00     fixed    
   8  phi_CBO     -1.76630e+00     fixed    
   9  ANx2         2.24467e-04   constant   
  10  pNx2         2.31915e+00   constant   
  11  ANy1         0.00000e+00   constant   
  12  pNy1         0.00000e+00   constant   
  13  w_y          0.00000e+00   constant   
  14  ANy2        -1.52315e-04     fixed    
  15  pNy2         4.64502e+00   constant   
  16  w_vw         1.43138e+01   constant   
  17  LM          -1.76320e-04   constant   
  18  wCBO_expCoeff   1.98009e+02   5.04477e+00   3.63199e-03   1.01297e-03
  19  wCBO_expOffset   1.99954e+02   7.64774e-01   5.50514e-04   6.68560e-03
  20  wCBO_expT    3.00136e+01   1.10436e-01   9.80265e-05   1.08371e-01
  21  wCBO_linCoeff   0.00000e+00   constant   
  22  wCBO_const  -9.34220e-04   1.41187e-03   7.12749e-06  -3.28246e+00
 MIGRAD MINIMIZATION HAS CONVERGED.
 MIGRAD WILL VERIFY CONVERGENCE AND ERROR MATRIX.
 FCN=342.197 FROM MIGRAD    STATUS=CONVERGED      41 CALLS         891 TOTAL
                     EDM=6.2812e-05    STRATEGY= 1      ERR MATRIX NOT POS-DEF
  EXT PARAMETER                APPROXIMATE        STEP         FIRST   
  NO.   NAME      VALUE            ERROR          SIZE      DERIVATIVE 
   1  N0           3.41589e+06     fixed    
   2  tau          6.43976e+01   constant   
   3  A0           3.55231e-01     fixed    
   4  phi          4.12435e+00     fixed    
   5  R           -6.08295e+01   constant   
   6  A_CBO       -2.41752e-04     fixed    
   7  w_CBO        2.32214e+00     fixed    
   8  phi_CBO     -1.76630e+00     fixed    
   9  ANx2         2.24467e-04   constant   
  10  pNx2         2.31915e+00   constant   
  11  ANy1         0.00000e+00   constant   
  12  pNy1         0.00000e+00   constant   
  13  w_y          0.00000e+00   constant   
  14  ANy2        -1.52315e-04     fixed    
  15  pNy2         4.64502e+00   constant   
  16  w_vw         1.43138e+01   constant   
  17  LM          -1.76320e-04   constant   
  18  wCBO_expCoeff   1.98009e+02   5.13193e+00   3.63523e-03  -6.10028e-04
  19  wCBO_expOffset   1.99953e+02   7.78017e-01   5.51017e-04  -4.02444e-03
  20  wCBO_expT    3.00136e+01   1.10359e-01   9.80380e-05   8.43137e-02
  21  wCBO_linCoeff   0.00000e+00   constant   
  22  wCBO_const  -9.31725e-04   1.41244e-03   7.12492e-06   4.21903e-01
 EXTERNAL ERROR MATRIX.    NDIM=  25    NPAR=  4    ERR DEF=1
  2.634e+01 -2.911e+00 -2.062e-01  1.587e-03 
 -2.911e+00  6.053e-01 -3.130e-02  2.407e-04 
 -2.062e-01 -3.130e-02  1.218e-02 -1.046e-04 
  1.587e-03  2.407e-04 -1.046e-04  1.995e-06 
ERR MATRIX NOT POS-DEF
 PARAMETER  CORRELATION COEFFICIENTS  
       NO.  GLOBAL     18     19     20     22
       18  0.99694   1.000 -0.729 -0.364  0.219
       19  0.99695  -0.729  1.000 -0.365  0.219
       20  0.99519  -0.364 -0.365  1.000 -0.671
       22  0.83113   0.219  0.219 -0.671  1.000
 ERR MATRIX NOT POS-DEF
MINUIT - FIT ONLY 2-y
 **********
 **   76 **RES 
 **********
                   PARAMETER   14  ANy2 RESTORED TO VARIABLE.
                   PARAMETER    8  phi_CBO RESTORED TO VARIABLE.
                   PARAMETER    7  w_CBO RESTORED TO VARIABLE.
                   PARAMETER    6  A_CBO RESTORED TO VARIABLE.
                   PARAMETER    4  phi RESTORED TO VARIABLE.
                   PARAMETER    3  A0 RESTORED TO VARIABLE.
                   PARAMETER    1  N0 RESTORED TO VARIABLE.
 **********
 **   77 **FIX            0
 **********
 PARAMETER    0  IS UNDEFINED. IGNORED.
 **********
 **   78 **FIX            1
 **********
 **********
 **   79 **FIX            2
 **********
 PARAMETER    2  IS CONSTANT.   IGNORED.
 **********
 **   80 **FIX            3
 **********
 **********
 **   81 **FIX            4
 **********
 **********
 **   82 **FIX            5
 **********
 PARAMETER    5  IS CONSTANT.   IGNORED.
 **********
 **   83 **FIX            6
 **********
 **********
 **   84 **FIX            7
 **********
 **********
 **   85 **FIX            8
 **********
 **********
 **   86 **FIX            9
 **********
 PARAMETER    9  IS CONSTANT.   IGNORED.
 **********
 **   87 **FIX           10
 **********
 PARAMETER   10  IS CONSTANT.   IGNORED.
 **********
 **   88 **FIX           11
 **********
 PARAMETER   11  IS CONSTANT.   IGNORED.
 **********
 **   89 **FIX           12
 **********
 PARAMETER   12  IS CONSTANT.   IGNORED.
 **********
 **   90 **FIX           16
 **********
 PARAMETER   16  IS CONSTANT.   IGNORED.
 **********
 **   91 **MIGRAD
 **********
 START MIGRAD MINIMIZATION.  STRATEGY  1.  CONVERGENCE WHEN EDM .LT. 1.00e-04
 FCN=342.197 FROM MIGRAD    STATUS=INITIATE       10 CALLS         901 TOTAL
                     EDM= unknown      STRATEGY= 1      NO ERROR MATRIX       
  EXT PARAMETER               CURRENT GUESS       STEP         FIRST   
  NO.   NAME      VALUE            ERROR          SIZE      DERIVATIVE 
   1  N0           3.41589e+06     fixed    
   2  tau          6.43976e+01   constant   
   3  A0           3.55231e-01     fixed    
   4  phi          4.12435e+00     fixed    
   5  R           -6.08295e+01   constant   
   6  A_CBO       -2.41752e-04     fixed    
   7  w_CBO        2.32214e+00     fixed    
   8  phi_CBO     -1.76630e+00     fixed    
   9  ANx2         2.24467e-04   constant   
  10  pNx2         2.31915e+00   constant   
  11  ANy1         0.00000e+00   constant   
  12  pNy1         0.00000e+00   constant   
  13  w_y          0.00000e+00   constant   
  14  ANy2        -1.52315e-04   7.10983e-04   7.10983e-04  -5.41419e+00
  15  pNy2         4.64502e+00   constant   
  16  w_vw         1.43138e+01   constant   
  17  LM          -1.76320e-04   constant   
  18  wCBO_expCoeff   1.98009e+02   5.13193e+00   3.63523e-03  -5.93950e-04
  19  wCBO_expOffset   1.99953e+02   7.78017e-01   5.51017e-04  -3.91574e-03
  20  wCBO_expT    3.00136e+01   1.10359e-01   9.80380e-05   8.44734e-02
  21  wCBO_linCoeff   0.00000e+00   constant   
  22  wCBO_const  -9.31725e-04   1.41244e-03   7.12492e-06   4.23415e-01
 MIGRAD MINIMIZATION HAS CONVERGED.
 MIGRAD WILL VERIFY CONVERGENCE AND ERROR MATRIX.
 FCN=342.197 FROM MIGRAD    STATUS=CONVERGED      52 CALLS         943 TOTAL
                     EDM=6.30091e-05    STRATEGY= 1      ERR MATRIX NOT POS-DEF
  EXT PARAMETER                APPROXIMATE        STEP         FIRST   
  NO.   NAME      VALUE            ERROR          SIZE      DERIVATIVE 
   1  N0           3.41589e+06     fixed    
   2  tau          6.43976e+01   constant   
   3  A0           3.55231e-01     fixed    
   4  phi          4.12435e+00     fixed    
   5  R           -6.08295e+01   constant   
   6  A_CBO       -2.41752e-04     fixed    
   7  w_CBO        2.32214e+00     fixed    
   8  phi_CBO     -1.76630e+00     fixed    
   9  ANx2         2.24467e-04   constant   
  10  pNx2         2.31915e+00   constant   
  11  ANy1         0.00000e+00   constant   
  12  pNy1         0.00000e+00   constant   
  13  w_y          0.00000e+00   constant   
  14  ANy2        -1.50942e-04   7.10642e-04   6.44430e-06  -1.98345e-02
  15  pNy2         4.64502e+00   constant   
  16  w_vw         1.43138e+01   constant   
  17  LM          -1.76320e-04   constant   
  18  wCBO_expCoeff   1.98009e+02   5.13144e+00   3.63630e-03  -2.07333e-03
  19  wCBO_expOffset   1.99953e+02   7.77968e-01   5.51180e-04  -1.36783e-02
  20  wCBO_expT    3.00136e+01   1.10341e-01   9.80583e-05   2.79902e-02
  21  wCBO_linCoeff   0.00000e+00   constant   
  22  wCBO_const  -9.31856e-04   1.41227e-03   7.12398e-06  -3.67406e-01
 EXTERNAL ERROR MATRIX.    NDIM=  25    NPAR=  5    ERR DEF=1
  5.050e-07  1.323e-05  2.007e-06 -8.876e-07  3.717e-09 
  1.323e-05  2.633e+01 -2.911e+00 -2.061e-01  1.586e-03 
  2.007e-06 -2.911e+00  6.052e-01 -3.129e-02  2.406e-04 
 -8.876e-07 -2.061e-01 -3.129e-02  1.218e-02 -1.046e-04 
  3.717e-09  1.586e-03  2.406e-04 -1.046e-04  1.995e-06 
ERR MATRIX NOT POS-DEF
 PARAMETER  CORRELATION COEFFICIENTS  
       NO.  GLOBAL     14     18     19     20     22
       14  0.02132   1.000  0.004  0.004 -0.011  0.004
       18  0.99694   0.004  1.000 -0.729 -0.364  0.219
       19  0.99694   0.004 -0.729  1.000 -0.365  0.219
       20  0.99519  -0.011 -0.364 -0.365  1.000 -0.671
       22  0.83109   0.004  0.219  0.219 -0.671  1.000
 ERR MATRIX NOT POS-DEF
MINUIT - FIT ALTOGETHER
 **********
 **   92 **RES 
 **********
                   PARAMETER    8  phi_CBO RESTORED TO VARIABLE.
                   PARAMETER    7  w_CBO RESTORED TO VARIABLE.
                   PARAMETER    6  A_CBO RESTORED TO VARIABLE.
                   PARAMETER    4  phi RESTORED TO VARIABLE.
                   PARAMETER    3  A0 RESTORED TO VARIABLE.
                   PARAMETER    1  N0 RESTORED TO VARIABLE.
 **********
 **   93 **MIGRAD
 **********
