 + ++++++++++++++++++++++++++++++++++++++++++++++++++++++++++++++++++++ +
 +                                                                      +
 +           You have chose to blind your fitting according to          +
 +                omega_ref * (1 + (R +/- deltaR) *10^{-6})             +
 +                                                                      +
 + ++++++++++++++++++++++++++++++++++++++++++++++++++++++++++++++++++++ +
In main()...
reading format from /gm2data/zkhechad/run45/envelope/formats/formatB_sBin_constraintOn.txt
pBinTau 	= 0  
pBinPhi 	= 0  
constraintau 	= 1 
includeMopTerm 	= 0    
constrainMop    = 0   
Parameters after format file: pBinTau 0 pBinPhi 0 constraintau 1 includeMopTerm 0 constrainMop 0 c_e_scale 0.000000 
reading cbo reference file (full fit) from /gm2data/zkhechad/cboTemplates/Run4CBOTemplates/fullFits/run4/sBin_constraintOn_cE0.0_seed0_run4_calo15.root
A_CBO 0.008274 w_CBO 2.326361 phi_CBO 0.928510 N0 2995032.431773 R -60.169268 tau 64.399261 
Reading cboRef file /gm2data/zkhechad/cboTemplates/Run4CBOTemplates//cboIsolate/run4_calo15.root
deltaT 164.120000
windowBins = 1100
fitting sliding window 2420 from bin 2623 at 391.351600 to bin 3723 at 555.471600 (1100 bins)

Reading data from /gm2data/cornell/histograms/aMethod/histogram_a_run4.root
fitting cbo isolate
 **********
 **    1 **SET PRINTOUT            1
 **********
 **********
 **    2 **SET NOWARNINGS 
 **********
 PARAMETER DEFINITIONS:
    NO.   NAME         VALUE      STEP SIZE      LIMITS
     1 A_CBO        8.27396e-03  1.00000e-05     no limits
     2 w_CBO        2.32636e+00  1.00000e-02    2.00000e+00  3.00000e+00
     3 phi_CBO      9.28510e-01  1.00000e-02    0.00000e+00  6.28319e+00
 **********
 **    3 **MIGRAD
 **********
 FIRST CALL TO USER FUNCTION AT NEW START POINT, WITH IFLAG=4.
 START MIGRAD MINIMIZATION.  STRATEGY  1.  CONVERGENCE WHEN EDM .LT. 1.00e-04
 FCN=0.314397 FROM MIGRAD    STATUS=INITIATE       12 CALLS          13 TOTAL
                     EDM= unknown      STRATEGY= 1      NO ERROR MATRIX       
  EXT PARAMETER               CURRENT GUESS       STEP         FIRST   
  NO.   NAME      VALUE            ERROR          SIZE      DERIVATIVE 
   1  A_CBO        8.27396e-03   1.00000e-05   1.00000e-05   6.60698e+00
   2  w_CBO        2.32636e+00   1.00000e-02   2.13296e-02   4.52360e-01
   3  phi_CBO      9.28510e-01   1.00000e-02   4.48483e-03  -4.12406e-03
 MIGRAD MINIMIZATION HAS CONVERGED.
 MIGRAD WILL VERIFY CONVERGENCE AND ERROR MATRIX.
 COVARIANCE MATRIX CALCULATED SUCCESSFULLY
 FCN=0.294501 FROM MIGRAD    STATUS=CONVERGED      49 CALLS          50 TOTAL
                     EDM=3.61205e-05    STRATEGY= 1      ERROR MATRIX ACCURATE 
  EXT PARAMETER                                   STEP         FIRST   
  NO.   NAME      VALUE            ERROR          SIZE      DERIVATIVE 
   1  A_CBO        2.24510e-03   4.33807e-02   2.37147e-05  -2.45639e-02
   2  w_CBO        2.32626e+00   3.49009e-01   4.65354e-05   2.64600e-03
   3  phi_CBO      9.68007e-01   3.19184e+00   4.42778e-03   7.24374e-05
 EXTERNAL ERROR MATRIX.    NDIM=  25    NPAR=  3    ERR DEF=1
  1.882e-03 -3.051e-03 -1.464e+00 
 -3.051e-03  1.550e-01  7.396e+01 
 -1.464e+00  7.396e+01  3.566e+04 
 PARAMETER  CORRELATION COEFFICIENTS  
       NO.  GLOBAL      1      2      3
        1  0.17891   1.000 -0.179 -0.179
        2  0.99500  -0.179  1.000  0.995
        3  0.99500  -0.179  0.995  1.000
setting A_CBO=0.002245 w_CBO=2.326255, phi_CBO=0.968007
done fitting cbo isolate
 **********
 **    1 **SET PRINTOUT            1
 **********
 **********
 **    2 **SET NOWARNINGS 
 **********
 PARAMETER DEFINITIONS:
    NO.   NAME         VALUE      STEP SIZE      LIMITS
     1 N0           2.99503e+06  1.00000e+02     no limits
     2 tau          6.43993e+01  constant
     3 A0           3.54065e-01  1.00000e-04     no limits
     4 phi          4.11942e+00  1.00000e-02     no limits
     5 R           -6.01693e+01  constant
     6 A_CBO        2.24510e-03  1.00000e-05     no limits
     7 w_CBO        2.32626e+00  1.00000e-03     no limits
     8 phi_CBO      9.68007e-01  1.00000e-04     no limits
     9 ANx2         6.17909e-04  constant
    10 pNx2         3.86483e+00  constant
    11 ANy1         0.00000e+00  constant
    12 pNy1         0.00000e+00  constant
    13 w_y          0.00000e+00  constant
    14 ANy2         7.96733e-03  1.00000e-04     no limits
    15 pNy2         1.76471e+00  constant
    16 w_vw         1.43097e+01  constant
    17 LM          -1.37296e-04  constant
    18 wCBO_expCoeff   2.00000e+02  1.00000e+00     no limits
    19 wCBO_expOffset   2.00000e+02  1.00000e+00     no limits
    20 wCBO_expT    3.00000e+01  1.00000e+00     no limits
    21 wCBO_linCoeff   0.00000e+00  constant
    22 wCBO_const   0.00000e+00  1.00000e-02     no limits
MINUIT - FIT ONLY WIGGLE
 **********
 **    3 **FIX            5
 **********
 PARAMETER    5  IS CONSTANT.   IGNORED.
 **********
 **    4 **FIX            6
 **********
 **********
 **    5 **FIX            7
 **********
 **********
 **    6 **FIX            8
 **********
 **********
 **    7 **FIX            9
 **********
 PARAMETER    9  IS CONSTANT.   IGNORED.
 **********
 **    8 **FIX           10
 **********
 PARAMETER   10  IS CONSTANT.   IGNORED.
 **********
 **    9 **FIX           11
 **********
 PARAMETER   11  IS CONSTANT.   IGNORED.
 **********
 **   10 **FIX           12
 **********
 PARAMETER   12  IS CONSTANT.   IGNORED.
 **********
 **   11 **FIX           13
 **********
 PARAMETER   13  IS CONSTANT.   IGNORED.
 **********
 **   12 **FIX           14
 **********
 **********
 **   13 **FIX           15
 **********
 PARAMETER   15  IS CONSTANT.   IGNORED.
 **********
 **   14 **FIX           16
 **********
 PARAMETER   16  IS CONSTANT.   IGNORED.
 **********
 **   15 **MIGRAD
 **********
 FIRST CALL TO USER FUNCTION AT NEW START POINT, WITH IFLAG=4.
 START MIGRAD MINIMIZATION.  STRATEGY  1.  CONVERGENCE WHEN EDM .LT. 1.00e-04
 FCN=362.36 FROM MIGRAD    STATUS=INITIATE       30 CALLS          31 TOTAL
                     EDM= unknown      STRATEGY= 1      NO ERROR MATRIX       
  EXT PARAMETER               CURRENT GUESS       STEP         FIRST   
  NO.   NAME      VALUE            ERROR          SIZE      DERIVATIVE 
   1  N0           2.99503e+06   1.00000e+02   1.00000e+02   2.72385e-04
   2  tau          6.43993e+01   constant   
   3  A0           3.54065e-01   1.00000e-04   1.00000e-04  -1.14969e+03
   4  phi          4.11942e+00   1.00000e-02   1.00000e-02  -4.90498e+02
   5  R           -6.01693e+01   constant   
   6  A_CBO        2.24510e-03     fixed    
   7  w_CBO        2.32626e+00     fixed    
   8  phi_CBO      9.68007e-01     fixed    
   9  ANx2         6.17909e-04   constant   
  10  pNx2         3.86483e+00   constant   
  11  ANy1         0.00000e+00   constant   
  12  pNy1         0.00000e+00   constant   
  13  w_y          0.00000e+00   constant   
  14  ANy2         7.96733e-03     fixed    
  15  pNy2         1.76471e+00   constant   
  16  w_vw         1.43097e+01   constant   
  17  LM          -1.37296e-04   constant   
  18  wCBO_expCoeff   2.00000e+02   1.00000e+00   1.00000e+00   3.34500e-01
  19  wCBO_expOffset   2.00000e+02   1.00000e+00   1.00000e+00   2.22996e+00
  20  wCBO_expT    3.00000e+01   1.00000e+00   1.00000e+00   1.76697e+00
  21  wCBO_linCoeff   0.00000e+00   constant   
  22  wCBO_const   0.00000e+00   1.00000e-02   1.00000e-02  -2.33949e+03
 MIGRAD MINIMIZATION HAS CONVERGED.
 MIGRAD WILL VERIFY CONVERGENCE AND ERROR MATRIX.
 COVARIANCE MATRIX CALCULATED SUCCESSFULLY
 FCN=357.083 FROM MIGRAD    STATUS=CONVERGED     252 CALLS         253 TOTAL
                     EDM=9.44483e-07    STRATEGY= 1      ERROR MATRIX ACCURATE 
  EXT PARAMETER                                   STEP         FIRST   
  NO.   NAME      VALUE            ERROR          SIZE      DERIVATIVE 
   1  N0           2.99422e+06   2.11818e+03   1.83616e+01   1.78791e-07
   2  tau          6.43993e+01   constant   
   3  A0           3.54718e-01   9.45921e-04   8.71474e-06  -2.75688e-01
   4  phi          4.12083e+00   2.77736e-03   2.55967e-05   2.58780e-02
   5  R           -6.01693e+01   constant   
   6  A_CBO        2.24510e-03     fixed    
   7  w_CBO        2.32626e+00     fixed    
   8  phi_CBO      9.68007e-01     fixed    
   9  ANx2         6.17909e-04   constant   
  10  pNx2         3.86483e+00   constant   
  11  ANy1         0.00000e+00   constant   
  12  pNy1         0.00000e+00   constant   
  13  w_y          0.00000e+00   constant   
  14  ANy2         7.96733e-03     fixed    
  15  pNy2         1.76471e+00   constant   
  16  w_vw         1.43097e+01   constant   
  17  LM          -1.37296e-04   constant   
  18  wCBO_expCoeff   2.00381e+02   7.37348e+00   4.39157e-03  -2.52485e-03
  19  wCBO_expOffset   2.00057e+02   1.10245e+00   6.56480e-04  -1.68976e-02
  20  wCBO_expT    2.99409e+01   1.50605e-01   9.92578e-05  -1.07726e-01
  21  wCBO_linCoeff   0.00000e+00   constant   
  22  wCBO_const   2.25108e-03   6.99503e-04   3.83726e-06  -1.64119e+00
 EXTERNAL ERROR MATRIX.    NDIM=  25    NPAR=  7    ERR DEF=1
  4.487e+06  3.521e-02 -9.882e-02  9.050e+01  1.358e+01 -3.827e+00 -3.836e-02 
  3.521e-02  8.948e-07 -1.219e-09  3.253e-05  4.886e-06 -9.474e-07 -3.873e-08 
 -9.882e-02 -1.219e-09  7.714e-06 -3.519e-04 -5.273e-05  1.910e-05 -1.129e-07 
  9.050e+01  3.253e-05 -3.519e-04  5.437e+01 -5.083e+00 -4.773e-01  1.003e-03 
  1.358e+01  4.886e-06 -5.273e-05 -5.083e+00  1.215e+00 -7.156e-02  1.503e-04 
 -3.827e+00 -9.474e-07  1.910e-05 -4.773e-01 -7.156e-02  2.268e-02 -5.462e-05 
 -3.836e-02 -3.873e-08 -1.129e-07  1.003e-03  1.503e-04 -5.462e-05  4.893e-07 
 PARAMETER  CORRELATION COEFFICIENTS  
       NO.  GLOBAL      1      3      4     18     19     20     22
        1  0.04910   1.000  0.018 -0.017  0.006  0.006 -0.012 -0.026
        3  0.07653   0.018  1.000 -0.000  0.005  0.005 -0.007 -0.059
        4  0.07194  -0.017 -0.000  1.000 -0.017 -0.017  0.046 -0.058
       18  0.99791   0.006  0.005 -0.017  1.000 -0.625 -0.430  0.194
       19  0.99792   0.006  0.005 -0.017 -0.625  1.000 -0.431  0.195
       20  0.99745  -0.012 -0.007  0.046 -0.430 -0.431  1.000 -0.518
       22  0.80451  -0.026 -0.059 -0.058  0.194  0.195 -0.518  1.000
MINUIT - FIT ONLY 1-CBO + other amplitudes 
 **********
 **   16 **RES 
 **********
                   PARAMETER   14  ANy2 RESTORED TO VARIABLE.
                   PARAMETER    8  phi_CBO RESTORED TO VARIABLE.
                   PARAMETER    7  w_CBO RESTORED TO VARIABLE.
                   PARAMETER    6  A_CBO RESTORED TO VARIABLE.
 **********
 **   17 **FIX            0
 **********
 PARAMETER    0  IS UNDEFINED. IGNORED.
 **********
 **   18 **FIX            1
 **********
 **********
 **   19 **FIX            2
 **********
 PARAMETER    2  IS CONSTANT.   IGNORED.
 **********
 **   20 **FIX            3
 **********
 **********
 **   21 **FIX            4
 **********
 **********
 **   22 **FIX            9
 **********
 PARAMETER    9  IS CONSTANT.   IGNORED.
 **********
 **   23 **FIX           11
 **********
 PARAMETER   11  IS CONSTANT.   IGNORED.
 **********
 **   24 **FIX           12
 **********
 PARAMETER   12  IS CONSTANT.   IGNORED.
 **********
 **   25 **FIX           14
 **********
 **********
 **   26 **FIX           15
 **********
 PARAMETER   15  IS CONSTANT.   IGNORED.
 **********
 **   27 **FIX           16
 **********
 PARAMETER   16  IS CONSTANT.   IGNORED.
 **********
 **   28 **MIGRAD
 **********
 START MIGRAD MINIMIZATION.  STRATEGY  1.  CONVERGENCE WHEN EDM .LT. 1.00e-04
 FCN=357.083 FROM MIGRAD    STATUS=INITIATE       18 CALLS         271 TOTAL
                     EDM= unknown      STRATEGY= 1      NO ERROR MATRIX       
  EXT PARAMETER               CURRENT GUESS       STEP         FIRST   
  NO.   NAME      VALUE            ERROR          SIZE      DERIVATIVE 
   1  N0           2.99422e+06     fixed    
   2  tau          6.43993e+01   constant   
   3  A0           3.54718e-01     fixed    
   4  phi          4.12083e+00     fixed    
   5  R           -6.01693e+01   constant   
   6  A_CBO        2.24510e-03   1.00000e-05   1.00000e-05   1.41141e+03
   7  w_CBO        2.32626e+00   1.00000e-03   1.00000e-03  -9.25149e-01
   8  phi_CBO      9.68007e-01   1.00000e-04   1.00000e-04   6.10179e-01
   9  ANx2         6.17909e-04   constant   
  10  pNx2         3.86483e+00   constant   
  11  ANy1         0.00000e+00   constant   
  12  pNy1         0.00000e+00   constant   
  13  w_y          0.00000e+00   constant   
  14  ANy2         7.96733e-03     fixed    
  15  pNy2         1.76471e+00   constant   
  16  w_vw         1.43097e+01   constant   
  17  LM          -1.37296e-04   constant   
  18  wCBO_expCoeff   2.00381e+02   7.37348e+00   4.39157e-03  -2.54081e-03
  19  wCBO_expOffset   2.00057e+02   1.10245e+00   6.56480e-04  -1.70016e-02
  20  wCBO_expT    2.99409e+01   1.50605e-01   9.92578e-05  -1.08382e-01
  21  wCBO_linCoeff   0.00000e+00   constant   
  22  wCBO_const   2.25108e-03   6.99503e-04   3.83726e-06  -1.63813e+00
 MIGRAD MINIMIZATION HAS CONVERGED.
 MIGRAD WILL VERIFY CONVERGENCE AND ERROR MATRIX.
 FCN=356.42 FROM MIGRAD    STATUS=CONVERGED     236 CALLS         489 TOTAL
                     EDM=5.23916e-07    STRATEGY= 1      ERR MATRIX NOT POS-DEF
  EXT PARAMETER                APPROXIMATE        STEP         FIRST   
  NO.   NAME      VALUE            ERROR          SIZE      DERIVATIVE 
   1  N0           2.99422e+06     fixed    
   2  tau          6.43993e+01   constant   
   3  A0           3.54718e-01     fixed    
   4  phi          4.12083e+00     fixed    
   5  R           -6.01693e+01   constant   
   6  A_CBO        1.50628e-03   9.82608e-04   9.04976e-06  -3.40401e-02
   7  w_CBO        2.32702e+00   9.75146e-03   8.28258e-06  -9.33599e-02
   8  phi_CBO      3.90081e-01   8.72713e-01   6.24335e-03   8.93578e-04
   9  ANx2         6.17909e-04   constant   
  10  pNx2         3.86483e+00   constant   
  11  ANy1         0.00000e+00   constant   
  12  pNy1         0.00000e+00   constant   
  13  w_y          0.00000e+00   constant   
  14  ANy2         7.96733e-03     fixed    
  15  pNy2         1.76471e+00   constant   
  16  w_vw         1.43097e+01   constant   
  17  LM          -1.37296e-04   constant   
  18  wCBO_expCoeff   2.04159e+02   5.19060e+00   4.56336e-03  -1.08153e-03
  19  wCBO_expOffset   2.00621e+02   7.56915e-01   6.65263e-04  -7.41935e-03
  20  wCBO_expT    2.97603e+01   1.15168e-01   1.00688e-04  -4.79468e-02
  21  wCBO_linCoeff   0.00000e+00   constant   
  22  wCBO_const   2.09449e-03   4.20295e-03   4.04953e-06   3.41574e-03
 EXTERNAL ERROR MATRIX.    NDIM=  25    NPAR=  7    ERR DEF=1
  9.655e-07 -5.537e-08  4.213e-05 -1.089e-04 -1.589e-05  6.364e-06 -9.885e-09 
 -5.537e-08  9.509e-05  8.126e-05 -2.623e-03 -3.845e-04 -7.657e-05 -4.041e-05 
  4.213e-05  8.126e-05  7.616e-01 -5.625e-01 -8.212e-02  2.712e-02  1.616e-04 
 -1.089e-04 -2.623e-03 -5.625e-01  2.694e+01 -2.069e+00 -2.834e-01  1.380e-03 
 -1.589e-05 -3.845e-04 -8.212e-02 -2.069e+00  5.729e-01 -4.137e-02  2.020e-04 
  6.364e-06 -7.657e-05  2.712e-02 -2.834e-01 -4.137e-02  1.326e-02  1.366e-05 
 -9.885e-09 -4.041e-05  1.616e-04  1.380e-03  2.020e-04  1.366e-05  1.766e-05 
ERR MATRIX NOT POS-DEF
 PARAMETER  CORRELATION COEFFICIENTS  
       NO.  GLOBAL      6      7      8     18     19     20     22
        6  0.09897   1.000 -0.006  0.049 -0.021 -0.021  0.056 -0.002
        7  0.99578  -0.006  1.000  0.010 -0.052 -0.052 -0.068 -0.986
        8  0.63378   0.049  0.010  1.000 -0.124 -0.124  0.270  0.044
       18  0.99547  -0.021 -0.052 -0.124  1.000 -0.527 -0.474  0.063
       19  0.99548  -0.021 -0.052 -0.124 -0.527  1.000 -0.475  0.064
       20  0.99553   0.056 -0.068  0.270 -0.474 -0.475  1.000  0.028
       22  0.99457  -0.002 -0.986  0.044  0.063  0.064  0.028  1.000
 ERR MATRIX NOT POS-DEF
MINUIT - FIT ONLY 1-CBO
 **********
 **   29 **RES 
 **********
                   PARAMETER   14  ANy2 RESTORED TO VARIABLE.
                   PARAMETER    4  phi RESTORED TO VARIABLE.
                   PARAMETER    3  A0 RESTORED TO VARIABLE.
                   PARAMETER    1  N0 RESTORED TO VARIABLE.
 **********
 **   30 **FIX            0
 **********
 PARAMETER    0  IS UNDEFINED. IGNORED.
 **********
 **   31 **FIX            1
 **********
 **********
 **   32 **FIX            2
 **********
 PARAMETER    2  IS CONSTANT.   IGNORED.
 **********
 **   33 **FIX            3
 **********
 **********
 **   34 **FIX            4
 **********
 **********
 **   35 **FIX            8
 **********
 **********
 **   36 **FIX            9
 **********
 PARAMETER    9  IS CONSTANT.   IGNORED.
 **********
 **   37 **FIX           11
 **********
 PARAMETER   11  IS CONSTANT.   IGNORED.
 **********
 **   38 **FIX           12
 **********
 PARAMETER   12  IS CONSTANT.   IGNORED.
 **********
 **   39 **FIX           13
 **********
 PARAMETER   13  IS CONSTANT.   IGNORED.
 **********
 **   40 **FIX           15
 **********
 PARAMETER   15  IS CONSTANT.   IGNORED.
 **********
 **   41 **FIX           16
 **********
 PARAMETER   16  IS CONSTANT.   IGNORED.
 **********
 **   42 **MIGRAD
 **********
 START MIGRAD MINIMIZATION.  STRATEGY  1.  CONVERGENCE WHEN EDM .LT. 1.00e-04
 FCN=356.42 FROM MIGRAD    STATUS=INITIATE       16 CALLS         505 TOTAL
                     EDM= unknown      STRATEGY= 1      NO ERROR MATRIX       
  EXT PARAMETER               CURRENT GUESS       STEP         FIRST   
  NO.   NAME      VALUE            ERROR          SIZE      DERIVATIVE 
   1  N0           2.99422e+06     fixed    
   2  tau          6.43993e+01   constant   
   3  A0           3.54718e-01     fixed    
   4  phi          4.12083e+00     fixed    
   5  R           -6.01693e+01   constant   
   6  A_CBO        1.50628e-03   9.82608e-04   9.04976e-06  -3.40402e-02
   7  w_CBO        2.32702e+00   9.75146e-03   8.28258e-06  -9.22769e-02
   8  phi_CBO      3.90081e-01     fixed    
   9  ANx2         6.17909e-04   constant   
  10  pNx2         3.86483e+00   constant   
  11  ANy1         0.00000e+00   constant   
  12  pNy1         0.00000e+00   constant   
  13  w_y          0.00000e+00   constant   
  14  ANy2         7.96733e-03   1.00000e-04   1.00000e-04   1.55083e+04
  15  pNy2         1.76471e+00   constant   
  16  w_vw         1.43097e+01   constant   
  17  LM          -1.37296e-04   constant   
  18  wCBO_expCoeff   2.04159e+02   5.19060e+00   4.56336e-03  -1.08579e-03
  19  wCBO_expOffset   2.00621e+02   7.56915e-01   6.65263e-04  -7.44580e-03
  20  wCBO_expT    2.97603e+01   1.15168e-01   1.00688e-04  -4.81205e-02
  21  wCBO_linCoeff   0.00000e+00   constant   
  22  wCBO_const   2.09449e-03   4.20295e-03   4.04953e-06   4.15709e-03
 MIGRAD MINIMIZATION HAS CONVERGED.
 MIGRAD WILL VERIFY CONVERGENCE AND ERROR MATRIX.
 FCN=296.25 FROM MIGRAD    STATUS=CONVERGED     184 CALLS         673 TOTAL
                     EDM=3.18829e-06    STRATEGY= 1      ERR MATRIX NOT POS-DEF
  EXT PARAMETER                APPROXIMATE        STEP         FIRST   
  NO.   NAME      VALUE            ERROR          SIZE      DERIVATIVE 
   1  N0           2.99422e+06     fixed    
   2  tau          6.43993e+01   constant   
   3  A0           3.54718e-01     fixed    
   4  phi          4.12083e+00     fixed    
   5  R           -6.01693e+01   constant   
   6  A_CBO        1.55538e-03   9.82411e-04   8.24505e-06  -6.45839e-02
   7  w_CBO        2.32684e+00   1.04417e-02   7.78717e-06   1.85978e+00
   8  phi_CBO      3.90081e-01     fixed    
   9  ANx2         6.17909e-04   constant   
  10  pNx2         3.86483e+00   constant   
  11  ANy1         0.00000e+00   constant   
  12  pNy1         0.00000e+00   constant   
  13  w_y          0.00000e+00   constant   
  14  ANy2         2.06953e-04   9.97977e-04   8.41927e-06   8.40436e-02
  15  pNy2         1.76471e+00   constant   
  16  w_vw         1.43097e+01   constant   
  17  LM          -1.37296e-04   constant   
  18  wCBO_expCoeff   2.03351e+02   5.38996e+00   4.55781e-03   4.90567e-04
  19  wCBO_expOffset   2.00503e+02   7.90050e-01   6.66643e-04   3.34819e-03
  20  wCBO_expT    2.97953e+01   1.16390e-01   1.00282e-04   3.70667e-02
  21  wCBO_linCoeff   0.00000e+00   constant   
  22  wCBO_const   2.12722e-03   4.49577e-03   3.76680e-06   4.21872e+00
 EXTERNAL ERROR MATRIX.    NDIM=  25    NPAR=  7    ERR DEF=1
  9.651e-07 -6.544e-08 -4.092e-09 -5.201e-05 -7.597e-06  4.230e-06 -2.728e-08 
 -6.544e-08  1.090e-04  1.357e-09 -2.938e-03 -4.329e-04 -8.987e-05 -4.642e-05 
 -4.092e-09  1.357e-09  9.960e-07  1.937e-05  2.846e-06 -5.381e-07 -3.503e-09 
 -5.201e-05 -2.938e-03  1.937e-05  2.905e+01 -2.336e+00 -2.895e-01  1.703e-03 
 -7.597e-06 -4.329e-04  2.846e-06 -2.336e+00  6.242e-01 -4.249e-02  2.506e-04 
  4.230e-06 -8.987e-05 -5.381e-07 -2.895e-01 -4.249e-02  1.355e-02  9.875e-06 
 -2.728e-08 -4.642e-05 -3.503e-09  1.703e-03  2.506e-04  9.875e-06  2.021e-05 
ERR MATRIX NOT POS-DEF
 PARAMETER  CORRELATION COEFFICIENTS  
       NO.  GLOBAL      6      7     14     18     19     20     22
        6  0.10715   1.000 -0.006 -0.004 -0.010 -0.010  0.037 -0.006
        7  0.99609  -0.006  1.000  0.000 -0.052 -0.052 -0.074 -0.989
       14  0.02477  -0.004  0.000  1.000  0.004  0.004 -0.005 -0.001
       18  0.99505  -0.010 -0.052  0.004  1.000 -0.549 -0.462  0.070
       19  0.99505  -0.010 -0.052  0.004 -0.549  1.000 -0.462  0.071
       20  0.99484   0.037 -0.074 -0.005 -0.462 -0.462  1.000  0.019
       22  0.99505  -0.006 -0.989 -0.001  0.070  0.071  0.019  1.000
 ERR MATRIX NOT POS-DEF
MINUIT - FIT ONLY 2-CBO
 **********
 **   43 **RES 
 **********
                   PARAMETER    8  phi_CBO RESTORED TO VARIABLE.
                   PARAMETER    4  phi RESTORED TO VARIABLE.
                   PARAMETER    3  A0 RESTORED TO VARIABLE.
                   PARAMETER    1  N0 RESTORED TO VARIABLE.
 **********
 **   44 **FIX            0
 **********
 PARAMETER    0  IS UNDEFINED. IGNORED.
 **********
 **   45 **FIX            1
 **********
 **********
 **   46 **FIX            2
 **********
 PARAMETER    2  IS CONSTANT.   IGNORED.
 **********
 **   47 **FIX            3
 **********
 **********
 **   48 **FIX            4
 **********
 **********
 **   49 **FIX            5
 **********
 PARAMETER    5  IS CONSTANT.   IGNORED.
 **********
 **   50 **FIX            6
 **********
 **********
 **   51 **FIX            7
 **********
 **********
 **   52 **FIX           10
 **********
 PARAMETER   10  IS CONSTANT.   IGNORED.
 **********
 **   53 **FIX           11
 **********
 PARAMETER   11  IS CONSTANT.   IGNORED.
 **********
 **   54 **FIX           12
 **********
 PARAMETER   12  IS CONSTANT.   IGNORED.
 **********
 **   55 **FIX           13
 **********
 PARAMETER   13  IS CONSTANT.   IGNORED.
 **********
 **   56 **FIX           14
 **********
 **********
 **   57 **FIX           15
 **********
 PARAMETER   15  IS CONSTANT.   IGNORED.
 **********
 **   58 **FIX           16
 **********
 PARAMETER   16  IS CONSTANT.   IGNORED.
 **********
 **   59 **MIGRAD
 **********
 START MIGRAD MINIMIZATION.  STRATEGY  1.  CONVERGENCE WHEN EDM .LT. 1.00e-04
 FCN=296.25 FROM MIGRAD    STATUS=INITIATE       10 CALLS         683 TOTAL
                     EDM= unknown      STRATEGY= 1      NO ERROR MATRIX       
  EXT PARAMETER               CURRENT GUESS       STEP         FIRST   
  NO.   NAME      VALUE            ERROR          SIZE      DERIVATIVE 
   1  N0           2.99422e+06     fixed    
   2  tau          6.43993e+01   constant   
   3  A0           3.54718e-01     fixed    
   4  phi          4.12083e+00     fixed    
   5  R           -6.01693e+01   constant   
   6  A_CBO        1.55538e-03     fixed    
   7  w_CBO        2.32684e+00     fixed    
   8  phi_CBO      3.90081e-01   8.72713e-01   8.72713e-01  -2.03563e-02
   9  ANx2         6.17909e-04   constant   
  10  pNx2         3.86483e+00   constant   
  11  ANy1         0.00000e+00   constant   
  12  pNy1         0.00000e+00   constant   
  13  w_y          0.00000e+00   constant   
  14  ANy2         2.06953e-04     fixed    
  15  pNy2         1.76471e+00   constant   
  16  w_vw         1.43097e+01   constant   
  17  LM          -1.37296e-04   constant   
  18  wCBO_expCoeff   2.03351e+02   5.38996e+00   4.55781e-03   4.82932e-04
  19  wCBO_expOffset   2.00503e+02   7.90050e-01   6.66643e-04   3.29836e-03
  20  wCBO_expT    2.97953e+01   1.16390e-01   1.00282e-04   3.67675e-02
  21  wCBO_linCoeff   0.00000e+00   constant   
  22  wCBO_const   2.12722e-03   4.49577e-03   3.76680e-06   4.22320e+00
 MIGRAD MINIMIZATION HAS CONVERGED.
 MIGRAD WILL VERIFY CONVERGENCE AND ERROR MATRIX.
 COVARIANCE MATRIX CALCULATED SUCCESSFULLY
 FCN=296.249 FROM MIGRAD    STATUS=CONVERGED      65 CALLS         738 TOTAL
                     EDM=2.66063e-05    STRATEGY= 1      ERROR MATRIX ACCURATE 
  EXT PARAMETER                                   STEP         FIRST   
  NO.   NAME      VALUE            ERROR          SIZE      DERIVATIVE 
   1  N0           2.99422e+06     fixed    
   2  tau          6.43993e+01   constant   
   3  A0           3.54718e-01     fixed    
   4  phi          4.12083e+00     fixed    
   5  R           -6.01693e+01   constant   
   6  A_CBO        1.55538e-03     fixed    
   7  w_CBO        2.32684e+00     fixed    
   8  phi_CBO      3.96547e-01   9.61191e-01   5.52468e-03  -3.64251e-04
   9  ANx2         6.17909e-04   constant   
  10  pNx2         3.86483e+00   constant   
  11  ANy1         0.00000e+00   constant   
  12  pNy1         0.00000e+00   constant   
  13  w_y          0.00000e+00   constant   
  14  ANy2         2.06953e-04     fixed    
  15  pNy2         1.76471e+00   constant   
  16  w_vw         1.43097e+01   constant   
  17  LM          -1.37296e-04   constant   
  18  wCBO_expCoeff   2.03352e+02   1.07974e+01   4.52130e-03   1.41190e-03
  19  wCBO_expOffset   2.00504e+02   1.58352e+00   6.62471e-04   9.63622e-03
  20  wCBO_expT    2.97954e+01   2.28545e-01   9.97018e-05   2.84903e-02
  21  wCBO_linCoeff   0.00000e+00   constant   
  22  wCBO_const   2.12744e-03   7.55032e-04   3.77032e-06  -4.46083e+00
 EXTERNAL ERROR MATRIX.    NDIM=  25    NPAR=  5    ERR DEF=1
  9.239e-01 -2.036e+00 -2.995e-01  9.736e-02  1.077e-04 
 -2.036e+00  1.166e+02 -9.894e+00 -1.127e+00  1.418e-03 
 -2.995e-01 -9.894e+00  2.508e+00 -1.659e-01  2.085e-04 
  9.736e-02 -1.127e+00 -1.659e-01  5.223e-02 -7.225e-05 
  1.077e-04  1.418e-03  2.085e-04 -7.225e-05  5.701e-07 
 PARAMETER  CORRELATION COEFFICIENTS  
       NO.  GLOBAL      8     18     19     20     22
        8  0.73077   1.000 -0.196 -0.197  0.443  0.148
       18  0.99876  -0.196  1.000 -0.579 -0.457  0.174
       19  0.99876  -0.197 -0.579  1.000 -0.458  0.174
       20  0.99865   0.443 -0.457 -0.458  1.000 -0.419
       22  0.80504   0.148  0.174  0.174 -0.419  1.000
MINUIT - FIT ONLY 1-y
 **********
 **   60 **RES 
 **********
                   PARAMETER   14  ANy2 RESTORED TO VARIABLE.
                   PARAMETER    7  w_CBO RESTORED TO VARIABLE.
                   PARAMETER    6  A_CBO RESTORED TO VARIABLE.
                   PARAMETER    4  phi RESTORED TO VARIABLE.
                   PARAMETER    3  A0 RESTORED TO VARIABLE.
                   PARAMETER    1  N0 RESTORED TO VARIABLE.
 **********
 **   61 **FIX            0
 **********
 PARAMETER    0  IS UNDEFINED. IGNORED.
 **********
 **   62 **FIX            1
 **********
 **********
 **   63 **FIX            2
 **********
 PARAMETER    2  IS CONSTANT.   IGNORED.
 **********
 **   64 **FIX            3
 **********
 **********
 **   65 **FIX            4
 **********
 **********
 **   66 **FIX            5
 **********
 PARAMETER    5  IS CONSTANT.   IGNORED.
 **********
 **   67 **FIX            6
 **********
 **********
 **   68 **FIX            7
 **********
 **********
 **   69 **FIX            8
 **********
 **********
 **   70 **FIX            9
 **********
 PARAMETER    9  IS CONSTANT.   IGNORED.
 **********
 **   71 **FIX           13
 **********
 PARAMETER   13  IS CONSTANT.   IGNORED.
 **********
 **   72 **FIX           14
 **********
 **********
 **   73 **FIX           15
 **********
 PARAMETER   15  IS CONSTANT.   IGNORED.
 **********
 **   74 **FIX           16
 **********
 PARAMETER   16  IS CONSTANT.   IGNORED.
 **********
 **   75 **MIGRAD
 **********
 START MIGRAD MINIMIZATION.  STRATEGY  1.  CONVERGENCE WHEN EDM .LT. 1.00e-04
 FCN=296.249 FROM MIGRAD    STATUS=INITIATE        8 CALLS         746 TOTAL
                     EDM= unknown      STRATEGY= 1      NO ERROR MATRIX       
  EXT PARAMETER               CURRENT GUESS       STEP         FIRST   
  NO.   NAME      VALUE            ERROR          SIZE      DERIVATIVE 
   1  N0           2.99422e+06     fixed    
   2  tau          6.43993e+01   constant   
   3  A0           3.54718e-01     fixed    
   4  phi          4.12083e+00     fixed    
   5  R           -6.01693e+01   constant   
   6  A_CBO        1.55538e-03     fixed    
   7  w_CBO        2.32684e+00     fixed    
   8  phi_CBO      3.96547e-01     fixed    
   9  ANx2         6.17909e-04   constant   
  10  pNx2         3.86483e+00   constant   
  11  ANy1         0.00000e+00   constant   
  12  pNy1         0.00000e+00   constant   
  13  w_y          0.00000e+00   constant   
  14  ANy2         2.06953e-04     fixed    
  15  pNy2         1.76471e+00   constant   
  16  w_vw         1.43097e+01   constant   
  17  LM          -1.37296e-04   constant   
  18  wCBO_expCoeff   2.03352e+02   1.07974e+01   4.52130e-03   1.40399e-03
  19  wCBO_expOffset   2.00504e+02   1.58352e+00   6.62471e-04   9.58458e-03
  20  wCBO_expT    2.97954e+01   2.28545e-01   9.97018e-05   2.81800e-02
  21  wCBO_linCoeff   0.00000e+00   constant   
  22  wCBO_const   2.12744e-03   7.55032e-04   3.77032e-06  -4.45641e+00
 MIGRAD MINIMIZATION HAS CONVERGED.
 MIGRAD WILL VERIFY CONVERGENCE AND ERROR MATRIX.
 COVARIANCE MATRIX CALCULATED SUCCESSFULLY
 FCN=296.249 FROM MIGRAD    STATUS=CONVERGED      41 CALLS         779 TOTAL
                     EDM=1.27217e-05    STRATEGY= 1      ERROR MATRIX ACCURATE 
  EXT PARAMETER                                   STEP         FIRST   
  NO.   NAME      VALUE            ERROR          SIZE      DERIVATIVE 
   1  N0           2.99422e+06     fixed    
   2  tau          6.43993e+01   constant   
   3  A0           3.54718e-01     fixed    
   4  phi          4.12083e+00     fixed    
   5  R           -6.01693e+01   constant   
   6  A_CBO        1.55538e-03     fixed    
   7  w_CBO        2.32684e+00     fixed    
   8  phi_CBO      3.96547e-01     fixed    
   9  ANx2         6.17909e-04   constant   
  10  pNx2         3.86483e+00   constant   
  11  ANy1         0.00000e+00   constant   
  12  pNy1         0.00000e+00   constant   
  13  w_y          0.00000e+00   constant   
  14  ANy2         2.06953e-04     fixed    
  15  pNy2         1.76471e+00   constant   
  16  w_vw         1.43097e+01   constant   
  17  LM          -1.37296e-04   constant   
  18  wCBO_expCoeff   2.03351e+02   1.06119e+01   4.52424e-03  -5.90905e-04
  19  wCBO_expOffset   2.00503e+02   1.55646e+00   6.62897e-04  -4.03279e-03
  20  wCBO_expT    2.97953e+01   2.05209e-01   9.97632e-05  -5.16999e-02
  21  wCBO_linCoeff   0.00000e+00   constant   
  22  wCBO_const   2.12851e-03   7.46758e-04   3.77061e-06  -7.12757e-01
 EXTERNAL ERROR MATRIX.    NDIM=  25    NPAR=  4    ERR DEF=1
  1.126e+02 -1.061e+01 -9.152e-01  1.659e-03 
 -1.061e+01  2.423e+00 -1.349e-01  2.443e-04 
 -9.152e-01 -1.349e-01  4.211e-02 -8.382e-05 
  1.659e-03  2.443e-04 -8.382e-05  5.576e-07 
 PARAMETER  CORRELATION COEFFICIENTS  
       NO.  GLOBAL     18     19     20     22
       18  0.99872   1.000 -0.643 -0.420  0.209
       19  0.99872  -0.643  1.000 -0.422  0.210
       20  0.99833  -0.420 -0.422  1.000 -0.547
       22  0.80022   0.209  0.210 -0.547  1.000
MINUIT - FIT ONLY 2-y
 **********
 **   76 **RES 
 **********
                   PARAMETER   14  ANy2 RESTORED TO VARIABLE.
                   PARAMETER    8  phi_CBO RESTORED TO VARIABLE.
                   PARAMETER    7  w_CBO RESTORED TO VARIABLE.
                   PARAMETER    6  A_CBO RESTORED TO VARIABLE.
                   PARAMETER    4  phi RESTORED TO VARIABLE.
                   PARAMETER    3  A0 RESTORED TO VARIABLE.
                   PARAMETER    1  N0 RESTORED TO VARIABLE.
 **********
 **   77 **FIX            0
 **********
 PARAMETER    0  IS UNDEFINED. IGNORED.
 **********
 **   78 **FIX            1
 **********
 **********
 **   79 **FIX            2
 **********
 PARAMETER    2  IS CONSTANT.   IGNORED.
 **********
 **   80 **FIX            3
 **********
 **********
 **   81 **FIX            4
 **********
 **********
 **   82 **FIX            5
 **********
 PARAMETER    5  IS CONSTANT.   IGNORED.
 **********
 **   83 **FIX            6
 **********
 **********
 **   84 **FIX            7
 **********
 **********
 **   85 **FIX            8
 **********
 **********
 **   86 **FIX            9
 **********
 PARAMETER    9  IS CONSTANT.   IGNORED.
 **********
 **   87 **FIX           10
 **********
 PARAMETER   10  IS CONSTANT.   IGNORED.
 **********
 **   88 **FIX           11
 **********
 PARAMETER   11  IS CONSTANT.   IGNORED.
 **********
 **   89 **FIX           12
 **********
 PARAMETER   12  IS CONSTANT.   IGNORED.
 **********
 **   90 **FIX           16
 **********
 PARAMETER   16  IS CONSTANT.   IGNORED.
 **********
 **   91 **MIGRAD
 **********
 START MIGRAD MINIMIZATION.  STRATEGY  1.  CONVERGENCE WHEN EDM .LT. 1.00e-04
 FCN=296.249 FROM MIGRAD    STATUS=INITIATE       10 CALLS         789 TOTAL
                     EDM= unknown      STRATEGY= 1      NO ERROR MATRIX       
  EXT PARAMETER               CURRENT GUESS       STEP         FIRST   
  NO.   NAME      VALUE            ERROR          SIZE      DERIVATIVE 
   1  N0           2.99422e+06     fixed    
   2  tau          6.43993e+01   constant   
   3  A0           3.54718e-01     fixed    
   4  phi          4.12083e+00     fixed    
   5  R           -6.01693e+01   constant   
   6  A_CBO        1.55538e-03     fixed    
   7  w_CBO        2.32684e+00     fixed    
   8  phi_CBO      3.96547e-01     fixed    
   9  ANx2         6.17909e-04   constant   
  10  pNx2         3.86483e+00   constant   
  11  ANy1         0.00000e+00   constant   
  12  pNy1         0.00000e+00   constant   
  13  w_y          0.00000e+00   constant   
  14  ANy2         2.06953e-04   9.97977e-04   9.97977e-04  -1.19915e-01
  15  pNy2         1.76471e+00   constant   
  16  w_vw         1.43097e+01   constant   
  17  LM          -1.37296e-04   constant   
  18  wCBO_expCoeff   2.03351e+02   1.06119e+01   4.52424e-03  -5.98755e-04
  19  wCBO_expOffset   2.00503e+02   1.55646e+00   6.62897e-04  -4.08409e-03
  20  wCBO_expT    2.97953e+01   2.05209e-01   9.97632e-05  -5.20081e-02
  21  wCBO_linCoeff   0.00000e+00   constant   
  22  wCBO_const   2.12851e-03   7.46758e-04   3.77061e-06  -7.08385e-01
 MIGRAD MINIMIZATION HAS CONVERGED.
 MIGRAD WILL VERIFY CONVERGENCE AND ERROR MATRIX.
 COVARIANCE MATRIX CALCULATED SUCCESSFULLY
 FCN=296.249 FROM MIGRAD    STATUS=CONVERGED      53 CALLS         832 TOTAL
                     EDM=1.26175e-05    STRATEGY= 1      ERROR MATRIX ACCURATE 
  EXT PARAMETER                                   STEP         FIRST   
  NO.   NAME      VALUE            ERROR          SIZE      DERIVATIVE 
   1  N0           2.99422e+06     fixed    
   2  tau          6.43993e+01   constant   
   3  A0           3.54718e-01     fixed    
   4  phi          4.12083e+00     fixed    
   5  R           -6.01693e+01   constant   
   6  A_CBO        1.55538e-03     fixed    
   7  w_CBO        2.32684e+00     fixed    
   8  phi_CBO      3.96547e-01     fixed    
   9  ANx2         6.17909e-04   constant   
  10  pNx2         3.86483e+00   constant   
  11  ANy1         0.00000e+00   constant   
  12  pNy1         0.00000e+00   constant   
  13  w_y          0.00000e+00   constant   
  14  ANy2         2.06971e-04   1.00043e-03   8.41928e-06  -9.27406e-02
  15  pNy2         1.76471e+00   constant   
  16  w_vw         1.43097e+01   constant   
  17  LM          -1.37296e-04   constant   
  18  wCBO_expCoeff   2.03352e+02   1.06058e+01   4.52383e-03   2.59189e-04
  19  wCBO_expOffset   2.00503e+02   1.55542e+00   6.62839e-04   1.76904e-03
  20  wCBO_expT    2.97954e+01   2.05120e-01   9.97549e-05  -1.29350e-02
  21  wCBO_linCoeff   0.00000e+00   constant   
  22  wCBO_const   2.12853e-03   7.46652e-04   3.77003e-06   1.23287e-01
 EXTERNAL ERROR MATRIX.    NDIM=  25    NPAR=  5    ERR DEF=1
  1.001e-06  4.834e-05  7.131e-06 -1.859e-06 -6.244e-10 
  4.834e-05  1.125e+02 -1.060e+01 -9.147e-01  1.658e-03 
  7.131e-06 -1.060e+01  2.419e+00 -1.347e-01  2.440e-04 
 -1.859e-06 -9.147e-01 -1.347e-01  4.207e-02 -8.374e-05 
 -6.244e-10  1.658e-03  2.440e-04 -8.374e-05  5.575e-07 
 PARAMETER  CORRELATION COEFFICIENTS  
       NO.  GLOBAL     14     18     19     20     22
       14  0.02563   1.000  0.005  0.005 -0.009 -0.001
       18  0.99872   0.005  1.000 -0.642 -0.420  0.209
       19  0.99872   0.005 -0.642  1.000 -0.422  0.210
       20  0.99833  -0.009 -0.420 -0.422  1.000 -0.547
       22  0.80016  -0.001  0.209  0.210 -0.547  1.000
MINUIT - FIT ALTOGETHER
 **********
 **   92 **RES 
 **********
                   PARAMETER    8  phi_CBO RESTORED TO VARIABLE.
                   PARAMETER    7  w_CBO RESTORED TO VARIABLE.
                   PARAMETER    6  A_CBO RESTORED TO VARIABLE.
                   PARAMETER    4  phi RESTORED TO VARIABLE.
                   PARAMETER    3  A0 RESTORED TO VARIABLE.
                   PARAMETER    1  N0 RESTORED TO VARIABLE.
 **********
 **   93 **MIGRAD
 **********
 START MIGRAD MINIMIZATION.  STRATEGY  1.  CONVERGENCE WHEN EDM .LT. 1.00e-04
 FCN=296.249 FROM MIGRAD    STATUS=INITIATE       22 CALLS         854 TOTAL
                     EDM= unknown      STRATEGY= 1      NO ERROR MATRIX       
  EXT PARAMETER               CURRENT GUESS       STEP         FIRST   
  NO.   NAME      VALUE            ERROR          SIZE      DERIVATIVE 
   1  N0           2.99422e+06   2.11818e+03   2.11818e+03  -9.86730e-05
   2  tau          6.43993e+01   constant   
   3  A0           3.54718e-01   9.45921e-04   9.45921e-04   1.04975e+02
   4  phi          4.12083e+00   2.77736e-03   2.77736e-03  -4.46367e+00
   5  R           -6.01693e+01   constant   
   6  A_CBO        1.55538e-03   9.82411e-04   9.82411e-04  -1.05976e+00
   7  w_CBO        2.32684e+00   1.04417e-02   1.04417e-02   7.66786e-02
   8  phi_CBO      3.96547e-01   9.61191e-01   9.61191e-01  -1.63748e-03
   9  ANx2         6.17909e-04   constant   
  10  pNx2         3.86483e+00   constant   
  11  ANy1         0.00000e+00   constant   
  12  pNy1         0.00000e+00   constant   
  13  w_y          0.00000e+00   constant   
  14  ANy2         2.06971e-04   1.00043e-03   8.41928e-06  -9.27407e-02
  15  pNy2         1.76471e+00   constant   
  16  w_vw         1.43097e+01   constant   
  17  LM          -1.37296e-04   constant   
  18  wCBO_expCoeff   2.03352e+02   1.06058e+01   4.52383e-03   2.51325e-04
  19  wCBO_expOffset   2.00503e+02   1.55542e+00   6.62839e-04   1.71766e-03
  20  wCBO_expT    2.97954e+01   2.05120e-01   9.97549e-05  -1.32438e-02
  21  wCBO_linCoeff   0.00000e+00   constant   
  22  wCBO_const   2.12853e-03   7.46652e-04   3.77003e-06   1.27655e-01
 MIGRAD MINIMIZATION HAS CONVERGED.
 MIGRAD WILL VERIFY CONVERGENCE AND ERROR MATRIX.
 FCN=296.236 FROM MIGRAD    STATUS=CONVERGED     217 CALLS        1049 TOTAL
                     EDM=3.05481e-05    STRATEGY= 1      ERR MATRIX NOT POS-DEF
  EXT PARAMETER                APPROXIMATE        STEP         FIRST   
  NO.   NAME      VALUE            ERROR          SIZE      DERIVATIVE 
