 + ++++++++++++++++++++++++++++++++++++++++++++++++++++++++++++++++++++ +
 +                                                                      +
 +           You have chose to blind your fitting according to          +
 +                omega_ref * (1 + (R +/- deltaR) *10^{-6})             +
 +                                                                      +
 + ++++++++++++++++++++++++++++++++++++++++++++++++++++++++++++++++++++ +
In main()...
reading format from /gm2data/zkhechad/run45/envelope/formats/formatB_sBin_constraintOn.txt
pBinTau 	= 0  
pBinPhi 	= 0  
constraintau 	= 1 
includeMopTerm 	= 0    
constrainMop    = 0   
Parameters after format file: pBinTau 0 pBinPhi 0 constraintau 1 includeMopTerm 0 constrainMop 0 c_e_scale 0.000000 
reading cbo reference file (full fit) from /gm2data/zkhechad/cboTemplates/Run4CBOTemplates/fullFits/run4/sBin_constraintOn_cE0.0_seed0_run4_calo2.root
A_CBO 0.007108 w_CBO 2.327171 phi_CBO 2.947562 N0 3111930.391320 R -60.007933 tau 64.411359 
Reading cboRef file /gm2data/zkhechad/cboTemplates/Run4CBOTemplates//cboIsolate/run4_calo2.root
deltaT 164.120000
windowBins = 1100
fitting sliding window 1820 from bin 2023 at 301.831600 to bin 3123 at 465.951600 (1100 bins)

Reading data from /gm2data/cornell/histograms/aMethod/histogram_a_run4.root
fitting cbo isolate
 **********
 **    1 **SET PRINTOUT            1
 **********
 **********
 **    2 **SET NOWARNINGS 
 **********
 PARAMETER DEFINITIONS:
    NO.   NAME         VALUE      STEP SIZE      LIMITS
     1 A_CBO        7.10761e-03  1.00000e-05     no limits
     2 w_CBO        2.32717e+00  1.00000e-02    2.00000e+00  3.00000e+00
     3 phi_CBO      2.94756e+00  1.00000e-02    0.00000e+00  6.28319e+00
 **********
 **    3 **MIGRAD
 **********
 FIRST CALL TO USER FUNCTION AT NEW START POINT, WITH IFLAG=4.
 START MIGRAD MINIMIZATION.  STRATEGY  1.  CONVERGENCE WHEN EDM .LT. 1.00e-04
 FCN=0.0895238 FROM MIGRAD    STATUS=INITIATE       12 CALLS          13 TOTAL
                     EDM= unknown      STRATEGY= 1      NO ERROR MATRIX       
  EXT PARAMETER               CURRENT GUESS       STEP         FIRST   
  NO.   NAME      VALUE            ERROR          SIZE      DERIVATIVE 
   1  A_CBO        7.10761e-03   1.00000e-05   1.00000e-05   5.87794e+00
   2  w_CBO        2.32717e+00   1.00000e-02   2.13160e-02   1.01724e+00
   3  phi_CBO      2.94756e+00   1.00000e-02   3.18919e-03  -1.75265e-02
 MIGRAD MINIMIZATION HAS CONVERGED.
 MIGRAD WILL VERIFY CONVERGENCE AND ERROR MATRIX.
 COVARIANCE MATRIX CALCULATED SUCCESSFULLY
 FCN=0.0735843 FROM MIGRAD    STATUS=CONVERGED      58 CALLS          59 TOTAL
                     EDM=7.34975e-06    STRATEGY= 1      ERROR MATRIX ACCURATE 
  EXT PARAMETER                                   STEP         FIRST   
  NO.   NAME      VALUE            ERROR          SIZE      DERIVATIVE 
   1  A_CBO        1.88275e-03   4.27297e-02   2.15719e-05  -2.90076e-02
   2  w_CBO        2.32674e+00   3.70644e-01   6.64987e-05   1.89009e-02
   3  phi_CBO      3.12627e+00   3.20778e+00   3.89199e-03  -3.73032e-04
 EXTERNAL ERROR MATRIX.    NDIM=  25    NPAR=  3    ERR DEF=1
  1.826e-03 -1.147e-03 -4.205e-01 
 -1.147e-03  1.827e-01  7.099e+01 
 -4.205e-01  7.099e+01  2.810e+04 
 PARAMETER  CORRELATION COEFFICIENTS  
       NO.  GLOBAL      1      2      3
        1  0.06814   1.000 -0.063 -0.059
        2  0.99098  -0.063  1.000  0.991
        3  0.99097  -0.059  0.991  1.000
setting A_CBO=0.001883 w_CBO=2.326739, phi_CBO=3.126269
done fitting cbo isolate
 **********
 **    1 **SET PRINTOUT            1
 **********
 **********
 **    2 **SET NOWARNINGS 
 **********
 PARAMETER DEFINITIONS:
    NO.   NAME         VALUE      STEP SIZE      LIMITS
     1 N0           3.11193e+06  1.00000e+02     no limits
     2 tau          6.44114e+01  constant
     3 A0           3.64516e-01  1.00000e-04     no limits
     4 phi          4.11813e+00  1.00000e-02     no limits
     5 R           -6.00079e+01  constant
     6 A_CBO        1.88275e-03  1.00000e-05     no limits
     7 w_CBO        2.32674e+00  1.00000e-03     no limits
     8 phi_CBO      3.12627e+00  1.00000e-04     no limits
     9 ANx2         3.40456e-04  constant
    10 pNx2         3.19484e+00  constant
    11 ANy1         0.00000e+00  constant
    12 pNy1         0.00000e+00  constant
    13 w_y          0.00000e+00  constant
    14 ANy2         1.04941e-02  1.00000e-04     no limits
    15 pNy2         5.11372e+00  constant
    16 w_vw         1.43155e+01  constant
    17 LM           3.07992e-04  constant
    18 wCBO_expCoeff   2.00000e+02  1.00000e+00     no limits
    19 wCBO_expOffset   2.00000e+02  1.00000e+00     no limits
    20 wCBO_expT    3.00000e+01  1.00000e+00     no limits
    21 wCBO_linCoeff   0.00000e+00  constant
    22 wCBO_const   0.00000e+00  1.00000e-02     no limits
MINUIT - FIT ONLY WIGGLE
 **********
 **    3 **FIX            5
 **********
 PARAMETER    5  IS CONSTANT.   IGNORED.
 **********
 **    4 **FIX            6
 **********
 **********
 **    5 **FIX            7
 **********
 **********
 **    6 **FIX            8
 **********
 **********
 **    7 **FIX            9
 **********
 PARAMETER    9  IS CONSTANT.   IGNORED.
 **********
 **    8 **FIX           10
 **********
 PARAMETER   10  IS CONSTANT.   IGNORED.
 **********
 **    9 **FIX           11
 **********
 PARAMETER   11  IS CONSTANT.   IGNORED.
 **********
 **   10 **FIX           12
 **********
 PARAMETER   12  IS CONSTANT.   IGNORED.
 **********
 **   11 **FIX           13
 **********
 PARAMETER   13  IS CONSTANT.   IGNORED.
 **********
 **   12 **FIX           14
 **********
 **********
 **   13 **FIX           15
 **********
 PARAMETER   15  IS CONSTANT.   IGNORED.
 **********
 **   14 **FIX           16
 **********
 PARAMETER   16  IS CONSTANT.   IGNORED.
 **********
 **   15 **MIGRAD
 **********
 FIRST CALL TO USER FUNCTION AT NEW START POINT, WITH IFLAG=4.
 START MIGRAD MINIMIZATION.  STRATEGY  1.  CONVERGENCE WHEN EDM .LT. 1.00e-04
 FCN=768.464 FROM MIGRAD    STATUS=INITIATE       62 CALLS          63 TOTAL
                     EDM= unknown      STRATEGY= 1      NO ERROR MATRIX       
  EXT PARAMETER               CURRENT GUESS       STEP         FIRST   
  NO.   NAME      VALUE            ERROR          SIZE      DERIVATIVE 
   1  N0           3.11193e+06   1.00000e+02   0.00000e+00  -9.66389e-04
   2  tau          6.44114e+01   constant   
   3  A0           3.64516e-01   1.00000e-04   0.00000e+00   1.49668e+03
   4  phi          4.11813e+00   1.00000e-02   0.00000e+00   8.37501e+02
   5  R           -6.00079e+01   constant   
   6  A_CBO        1.88275e-03     fixed    
   7  w_CBO        2.32674e+00     fixed    
   8  phi_CBO      3.12627e+00     fixed    
   9  ANx2         3.40456e-04   constant   
  10  pNx2         3.19484e+00   constant   
  11  ANy1         0.00000e+00   constant   
  12  pNy1         0.00000e+00   constant   
  13  w_y          0.00000e+00   constant   
  14  ANy2         1.04941e-02     fixed    
  15  pNy2         5.11372e+00   constant   
  16  w_vw         1.43155e+01   constant   
  17  LM           3.07992e-04   constant   
  18  wCBO_expCoeff   1.99899e+02   1.00000e+00  -1.00701e-01  -2.33174e+00
  19  wCBO_expOffset   2.00000e+02   1.00000e+00   0.00000e+00  -1.55365e+01
  20  wCBO_expT    3.00000e+01   1.00000e+00   0.00000e+00   3.33830e+01
  21  wCBO_linCoeff   0.00000e+00   constant   
  22  wCBO_const   0.00000e+00   1.00000e-02   0.00000e+00  -1.08577e+03
 MIGRAD MINIMIZATION HAS CONVERGED.
 FCN=757.024 FROM MIGRAD    STATUS=CONVERGED     275 CALLS         276 TOTAL
                     EDM=8.74529e-08    STRATEGY= 1  ERROR MATRIX UNCERTAINTY   1.4 per cent
  EXT PARAMETER                                   STEP         FIRST   
  NO.   NAME      VALUE            ERROR          SIZE      DERIVATIVE 
   1  N0           3.11227e+06   1.08588e+03   2.57394e+00  -3.17598e-07
   2  tau          6.44114e+01   constant   
   3  A0           3.64467e-01   4.56500e-04  -6.33640e-07   8.12616e-01
   4  phi          4.11736e+00   1.33691e-03  -2.79121e-07   6.94026e-02
   5  R           -6.00079e+01   constant   
   6  A_CBO        1.88275e-03     fixed    
   7  w_CBO        2.32674e+00     fixed    
   8  phi_CBO      3.12627e+00     fixed    
   9  ANx2         3.40456e-04   constant   
  10  pNx2         3.19484e+00   constant   
  11  ANy1         0.00000e+00   constant   
  12  pNy1         0.00000e+00   constant   
  13  w_y          0.00000e+00   constant   
  14  ANy2         1.04941e-02     fixed    
  15  pNy2         5.11372e+00   constant   
  16  w_vw         1.43155e+01   constant   
  17  LM           3.07992e-04   constant   
  18  wCBO_expCoeff   2.00369e+02   1.84992e-01   1.17452e-03  -6.97436e-03
  19  wCBO_expOffset   2.00071e+02   2.77742e-02   1.76361e-04  -5.22321e-02
  20  wCBO_expT    2.99547e+01   1.57865e-02  -9.69264e-05  -1.77760e-01
  21  wCBO_linCoeff   0.00000e+00   constant   
  22  wCBO_const   4.03283e-03   9.41428e-04   2.97868e-06  -4.50618e-01
 EXTERNAL ERROR MATRIX.    NDIM=  25    NPAR=  7    ERR DEF=1
  1.179e+06  1.315e-02  5.070e-02 -9.869e+00 -1.481e+00  7.030e-01 -1.008e-02 
  1.315e-02  2.084e-07  2.855e-09  8.592e-07  1.286e-07 -7.165e-08 -1.694e-09 
  5.070e-02  2.855e-09  1.787e-06 -1.395e-05 -2.096e-06  9.709e-07  5.311e-09 
 -9.869e+00  8.592e-07 -1.395e-05  3.422e-02  5.042e-03 -2.889e-03  1.367e-04 
 -1.481e+00  1.286e-07 -2.096e-06  5.042e-03  7.714e-04 -4.338e-04  2.052e-05 
  7.030e-01 -7.165e-08  9.709e-07 -2.889e-03 -4.338e-04  2.492e-04 -1.245e-05 
 -1.008e-02 -1.694e-09  5.311e-09  1.367e-04  2.052e-05 -1.245e-05  8.863e-07 
 PARAMETER  CORRELATION COEFFICIENTS  
       NO.  GLOBAL      1      3      4     18     19     20     22
        1  0.09821   1.000  0.027  0.035 -0.049 -0.049  0.041 -0.010
        3  0.04190   0.027  1.000  0.005  0.010  0.010 -0.010 -0.004
        4  0.11378   0.035  0.005  1.000 -0.056 -0.056  0.046  0.004
       18  0.99326  -0.049  0.010 -0.056  1.000  0.981 -0.989  0.785
       19  0.99327  -0.049  0.010 -0.056  0.981  1.000 -0.989  0.785
       20  0.99791   0.041 -0.010  0.046 -0.989 -0.989  1.000 -0.838
       22  0.93051  -0.010 -0.004  0.004  0.785  0.785 -0.838  1.000
MINUIT - FIT ONLY 1-CBO + other amplitudes 
 **********
 **   16 **RES 
 **********
                   PARAMETER   14  ANy2 RESTORED TO VARIABLE.
                   PARAMETER    8  phi_CBO RESTORED TO VARIABLE.
                   PARAMETER    7  w_CBO RESTORED TO VARIABLE.
                   PARAMETER    6  A_CBO RESTORED TO VARIABLE.
 **********
 **   17 **FIX            0
 **********
 PARAMETER    0  IS UNDEFINED. IGNORED.
 **********
 **   18 **FIX            1
 **********
 **********
 **   19 **FIX            2
 **********
 PARAMETER    2  IS CONSTANT.   IGNORED.
 **********
 **   20 **FIX            3
 **********
 **********
 **   21 **FIX            4
 **********
 **********
 **   22 **FIX            9
 **********
 PARAMETER    9  IS CONSTANT.   IGNORED.
 **********
 **   23 **FIX           11
 **********
 PARAMETER   11  IS CONSTANT.   IGNORED.
 **********
 **   24 **FIX           12
 **********
 PARAMETER   12  IS CONSTANT.   IGNORED.
 **********
 **   25 **FIX           14
 **********
 **********
 **   26 **FIX           15
 **********
 PARAMETER   15  IS CONSTANT.   IGNORED.
 **********
 **   27 **FIX           16
 **********
 PARAMETER   16  IS CONSTANT.   IGNORED.
 **********
 **   28 **MIGRAD
 **********
 START MIGRAD MINIMIZATION.  STRATEGY  1.  CONVERGENCE WHEN EDM .LT. 1.00e-04
 FCN=757.024 FROM MIGRAD    STATUS=INITIATE       20 CALLS         296 TOTAL
                     EDM= unknown      STRATEGY= 1      NO ERROR MATRIX       
  EXT PARAMETER               CURRENT GUESS       STEP         FIRST   
  NO.   NAME      VALUE            ERROR          SIZE      DERIVATIVE 
   1  N0           3.11227e+06     fixed    
   2  tau          6.44114e+01   constant   
   3  A0           3.64467e-01     fixed    
   4  phi          4.11736e+00     fixed    
   5  R           -6.00079e+01   constant   
   6  A_CBO        1.88275e-03   1.00000e-05   1.00000e-05   7.63479e+03
   7  w_CBO        2.32674e+00   1.00000e-03   1.00000e-03  -7.87417e-01
   8  phi_CBO      3.12627e+00   1.00000e-04   1.00000e-04   2.39136e+00
   9  ANx2         3.40456e-04   constant   
  10  pNx2         3.19484e+00   constant   
  11  ANy1         0.00000e+00   constant   
  12  pNy1         0.00000e+00   constant   
  13  w_y          0.00000e+00   constant   
  14  ANy2         1.04941e-02     fixed    
  15  pNy2         5.11372e+00   constant   
  16  w_vw         1.43155e+01   constant   
  17  LM           3.07992e-04   constant   
  18  wCBO_expCoeff   2.00369e+02   1.84992e-01   1.17452e-03  -6.97516e-03
  19  wCBO_expOffset   2.00071e+02   2.77742e-02   1.76361e-04  -5.22321e-02
  20  wCBO_expT    2.99547e+01   1.57865e-02  -9.69264e-05  -1.77760e-01
  21  wCBO_linCoeff   0.00000e+00   constant   
  22  wCBO_const   4.03283e-03   9.41428e-04   2.97868e-06  -4.50610e-01
 MIGRAD MINIMIZATION HAS CONVERGED.
 MIGRAD WILL VERIFY CONVERGENCE AND ERROR MATRIX.
 COVARIANCE MATRIX CALCULATED SUCCESSFULLY
 FCN=753.083 FROM HESSE     STATUS=OK             50 CALLS         443 TOTAL
                     EDM=0.000812383    STRATEGY= 1      ERROR MATRIX ACCURATE 
  EXT PARAMETER                                   STEP         FIRST   
  NO.   NAME      VALUE            ERROR          SIZE      DERIVATIVE 
   1  N0           3.11227e+06     fixed    
   2  tau          6.44114e+01   constant   
   3  A0           3.64467e-01     fixed    
   4  phi          4.11736e+00     fixed    
   5  R           -6.00079e+01   constant   
   6  A_CBO        9.67161e-04   4.92164e-04   6.57663e-06  -1.69119e-01
   7  w_CBO        2.32670e+00   6.33795e-03   3.47869e-06   1.90342e+00
   8  phi_CBO      2.71921e+00   6.74591e-01   6.83082e-03   1.22852e-03
   9  ANx2         3.40456e-04   constant   
  10  pNx2         3.19484e+00   constant   
  11  ANy1         0.00000e+00   constant   
  12  pNy1         0.00000e+00   constant   
  13  w_y          0.00000e+00   constant   
  14  ANy2         1.04941e-02     fixed    
  15  pNy2         5.11372e+00   constant   
  16  w_vw         1.43155e+01   constant   
  17  LM           3.07992e-04   constant   
  18  wCBO_expCoeff   2.00372e+02   5.30340e-01   3.86031e-04   2.75795e-02
  19  wCBO_expOffset   2.00071e+02   6.74084e-02   9.54012e-05   1.83208e-01
  20  wCBO_expT    2.99547e+01   1.52704e-02   1.50557e-05  -3.16199e+00
  21  wCBO_linCoeff   0.00000e+00   constant   
  22  wCBO_const   3.75511e-03   2.73802e-03   5.26286e-06  -1.09405e+00
 MIGRAD MINIMIZATION HAS CONVERGED.
 FCN=753.082 FROM MIGRAD    STATUS=CONVERGED     183 CALLS         459 TOTAL
                     EDM=2.48706e-07    STRATEGY= 1  ERROR MATRIX UNCERTAINTY   0.4 per cent
  EXT PARAMETER                                   STEP         FIRST   
  NO.   NAME      VALUE            ERROR          SIZE      DERIVATIVE 
   1  N0           3.11227e+06     fixed    
   2  tau          6.44114e+01   constant   
   3  A0           3.64467e-01     fixed    
   4  phi          4.11736e+00     fixed    
   5  R           -6.00079e+01   constant   
   6  A_CBO        9.65812e-04   4.92600e-04  -1.34917e-06   3.13001e-01
   7  w_CBO        2.32664e+00   6.38767e-03  -5.67886e-05  -2.24501e+00
   8  phi_CBO      2.72315e+00   6.77073e-01   3.93738e-03  -2.61472e-04
   9  ANx2         3.40456e-04   constant   
  10  pNx2         3.19484e+00   constant   
  11  ANy1         0.00000e+00   constant   
  12  pNy1         0.00000e+00   constant   
  13  w_y          0.00000e+00   constant   
  14  ANy2         1.04941e-02     fixed    
  15  pNy2         5.11372e+00   constant   
  16  w_vw         1.43155e+01   constant   
  17  LM           3.07992e-04   constant   
  18  wCBO_expCoeff   2.00367e+02   5.33625e-01  -4.31892e-03  -2.46628e-02
  19  wCBO_expOffset   2.00070e+02   6.76300e-02  -4.55762e-04  -1.68249e-01
  20  wCBO_expT    2.99552e+01   1.68961e-02   5.34401e-04  -5.62999e-01
  21  wCBO_linCoeff   0.00000e+00   constant   
  22  wCBO_const   3.75544e-03   2.73803e-03   3.37728e-07  -2.97465e-01
 EXTERNAL ERROR MATRIX.    NDIM=  25    NPAR=  7    ERR DEF=1
  2.427e-07  9.550e-08 -9.243e-07  6.686e-06  3.463e-07 -7.487e-07 -4.554e-09 
  9.550e-08  4.080e-05 -2.529e-04 -1.779e-03 -1.546e-04 -3.041e-05 -1.627e-05 
 -9.243e-07 -2.529e-04  4.584e-01 -1.849e-02 -1.807e-03  2.198e-03  2.460e-04 
  6.686e-06 -1.779e-03 -1.849e-02  2.848e-01 -1.172e-02 -2.302e-03  8.678e-04 
  3.463e-07 -1.546e-04 -1.807e-03 -1.172e-02  4.574e-03 -2.392e-04  7.686e-05 
 -7.487e-07 -3.041e-05  2.198e-03 -2.302e-03 -2.392e-04  2.855e-04 -3.440e-08 
 -4.554e-09 -1.627e-05  2.460e-04  8.678e-04  7.686e-05 -3.440e-08  7.497e-06 
 PARAMETER  CORRELATION COEFFICIENTS  
       NO.  GLOBAL      6      7      8     18     19     20     22
        6  0.09203   1.000  0.030 -0.003  0.025  0.010 -0.090 -0.003
        7  0.99917   0.030  1.000 -0.058 -0.522 -0.358 -0.282 -0.930
        8  0.65845  -0.003 -0.058  1.000 -0.051 -0.039  0.192  0.133
       18  0.99854   0.025 -0.522 -0.051  1.000 -0.325 -0.255  0.594
       19  0.99797   0.010 -0.358 -0.039 -0.325  1.000 -0.209  0.415
       20  0.99779  -0.090 -0.282  0.192 -0.255 -0.209  1.000 -0.001
       22  0.98967  -0.003 -0.930  0.133  0.594  0.415 -0.001  1.000
MINUIT - FIT ONLY 1-CBO
 **********
 **   29 **RES 
 **********
                   PARAMETER   14  ANy2 RESTORED TO VARIABLE.
                   PARAMETER    4  phi RESTORED TO VARIABLE.
                   PARAMETER    3  A0 RESTORED TO VARIABLE.
                   PARAMETER    1  N0 RESTORED TO VARIABLE.
 **********
 **   30 **FIX            0
 **********
 PARAMETER    0  IS UNDEFINED. IGNORED.
 **********
 **   31 **FIX            1
 **********
 **********
 **   32 **FIX            2
 **********
 PARAMETER    2  IS CONSTANT.   IGNORED.
 **********
 **   33 **FIX            3
 **********
 **********
 **   34 **FIX            4
 **********
 **********
 **   35 **FIX            8
 **********
 **********
 **   36 **FIX            9
 **********
 PARAMETER    9  IS CONSTANT.   IGNORED.
 **********
 **   37 **FIX           11
 **********
 PARAMETER   11  IS CONSTANT.   IGNORED.
 **********
 **   38 **FIX           12
 **********
 PARAMETER   12  IS CONSTANT.   IGNORED.
 **********
 **   39 **FIX           13
 **********
 PARAMETER   13  IS CONSTANT.   IGNORED.
 **********
 **   40 **FIX           15
 **********
 PARAMETER   15  IS CONSTANT.   IGNORED.
 **********
 **   41 **FIX           16
 **********
 PARAMETER   16  IS CONSTANT.   IGNORED.
 **********
 **   42 **MIGRAD
 **********
 START MIGRAD MINIMIZATION.  STRATEGY  1.  CONVERGENCE WHEN EDM .LT. 1.00e-04
 FCN=753.082 FROM MIGRAD    STATUS=INITIATE       16 CALLS         475 TOTAL
                     EDM= unknown      STRATEGY= 1      NO ERROR MATRIX       
  EXT PARAMETER               CURRENT GUESS       STEP         FIRST   
  NO.   NAME      VALUE            ERROR          SIZE      DERIVATIVE 
   1  N0           3.11227e+06     fixed    
   2  tau          6.44114e+01   constant   
   3  A0           3.64467e-01     fixed    
   4  phi          4.11736e+00     fixed    
   5  R           -6.00079e+01   constant   
   6  A_CBO        9.65812e-04   4.92600e-04  -1.34917e-06   3.13001e-01
   7  w_CBO        2.32664e+00   6.38767e-03  -5.67886e-05  -2.24485e+00
   8  phi_CBO      2.72315e+00     fixed    
   9  ANx2         3.40456e-04   constant   
  10  pNx2         3.19484e+00   constant   
  11  ANy1         0.00000e+00   constant   
  12  pNy1         0.00000e+00   constant   
  13  w_y          0.00000e+00   constant   
  14  ANy2         1.04941e-02   1.00000e-04   1.00000e-04   8.53822e+04
  15  pNy2         5.11372e+00   constant   
  16  w_vw         1.43155e+01   constant   
  17  LM           3.07992e-04   constant   
  18  wCBO_expCoeff   2.00367e+02   5.33625e-01  -4.31892e-03  -2.46591e-02
  19  wCBO_expOffset   2.00070e+02   6.76300e-02  -4.55762e-04  -1.68249e-01
  20  wCBO_expT    2.99552e+01   1.68961e-02   5.34401e-04  -5.62982e-01
  21  wCBO_linCoeff   0.00000e+00   constant   
  22  wCBO_const   3.75544e-03   2.73803e-03   3.37728e-07  -2.97462e-01
 MIGRAD MINIMIZATION HAS CONVERGED.
 MIGRAD WILL VERIFY CONVERGENCE AND ERROR MATRIX.
 COVARIANCE MATRIX CALCULATED SUCCESSFULLY
 FCN=311.478 FROM MIGRAD    STATUS=CONVERGED     212 CALLS         671 TOTAL
                     EDM=1.2049e-08    STRATEGY= 1      ERROR MATRIX ACCURATE 
  EXT PARAMETER                                   STEP         FIRST   
  NO.   NAME      VALUE            ERROR          SIZE      DERIVATIVE 
   1  N0           3.11227e+06     fixed    
   2  tau          6.44114e+01   constant   
   3  A0           3.64467e-01     fixed    
   4  phi          4.11736e+00     fixed    
   5  R           -6.00079e+01   constant   
   6  A_CBO        5.57561e-04   5.22898e-04   4.24971e-06  -1.05326e-01
   7  w_CBO        2.32674e+00   5.19858e-03   3.24883e-06  -3.77752e-02
   8  phi_CBO      2.72315e+00     fixed    
   9  ANx2         3.40456e-04   constant   
  10  pNx2         3.19484e+00   constant   
  11  ANy1         0.00000e+00   constant   
  12  pNy1         0.00000e+00   constant   
  13  w_y          0.00000e+00   constant   
  14  ANy2         1.43718e-04   4.93217e-04   4.24533e-06   1.54643e-01
  15  pNy2         5.11372e+00   constant   
  16  w_vw         1.43155e+01   constant   
  17  LM           3.07992e-04   constant   
  18  wCBO_expCoeff   2.00383e+02   4.97455e-01   3.49403e-04  -5.54438e-05
  19  wCBO_expOffset   2.00073e+02   6.19059e-02   9.54021e-05  -1.98423e-03
  20  wCBO_expT    2.99529e+01   1.65964e-02   1.42826e-05  -7.76531e-03
  21  wCBO_linCoeff   0.00000e+00   constant   
  22  wCBO_const   3.70031e-03   2.30736e-03   5.07380e-06  -7.64840e-02
 EXTERNAL ERROR MATRIX.    NDIM=  25    NPAR=  7    ERR DEF=1
  2.734e-07 -9.233e-08  1.446e-08 -1.242e-05 -1.186e-06  1.348e-06  6.161e-08 
 -9.233e-08  2.703e-05 -1.500e-08 -1.164e-03 -9.481e-05 -2.286e-05 -1.092e-05 
  1.446e-08 -1.500e-08  2.433e-07 -2.001e-06 -1.779e-07  2.260e-07  8.433e-09 
 -1.242e-05 -1.164e-03 -2.001e-06  2.475e-01 -1.220e-02 -2.823e-03  5.872e-04 
 -1.186e-06 -9.481e-05 -1.779e-07 -1.220e-02  3.832e-03 -2.242e-04  4.756e-05 
  1.348e-06 -2.286e-05  2.260e-07 -2.823e-03 -2.242e-04  2.754e-04  3.166e-07 
  6.161e-08 -1.092e-05  8.433e-09  5.872e-04  4.756e-05  3.166e-07  5.324e-06 
 PARAMETER  CORRELATION COEFFICIENTS  
       NO.  GLOBAL      6      7     14     18     19     20     22
        6  0.33669   1.000 -0.034  0.056 -0.048 -0.037  0.155  0.051
        7  0.99738  -0.034  1.000 -0.006 -0.450 -0.295 -0.265 -0.911
       14  0.07443   0.056 -0.006  1.000 -0.008 -0.006  0.028  0.007
       18  0.99669  -0.048 -0.450 -0.008  1.000 -0.396 -0.342  0.512
       19  0.99522  -0.037 -0.295 -0.006 -0.396  1.000 -0.218  0.333
       20  0.99509   0.155 -0.265  0.028 -0.342 -0.218  1.000  0.008
       22  0.96705   0.051 -0.911  0.007  0.512  0.333  0.008  1.000
MINUIT - FIT ONLY 2-CBO
 **********
 **   43 **RES 
 **********
                   PARAMETER    8  phi_CBO RESTORED TO VARIABLE.
                   PARAMETER    4  phi RESTORED TO VARIABLE.
                   PARAMETER    3  A0 RESTORED TO VARIABLE.
                   PARAMETER    1  N0 RESTORED TO VARIABLE.
 **********
 **   44 **FIX            0
 **********
 PARAMETER    0  IS UNDEFINED. IGNORED.
 **********
 **   45 **FIX            1
 **********
 **********
 **   46 **FIX            2
 **********
 PARAMETER    2  IS CONSTANT.   IGNORED.
 **********
 **   47 **FIX            3
 **********
 **********
 **   48 **FIX            4
 **********
 **********
 **   49 **FIX            5
 **********
 PARAMETER    5  IS CONSTANT.   IGNORED.
 **********
 **   50 **FIX            6
 **********
 **********
 **   51 **FIX            7
 **********
 **********
 **   52 **FIX           10
 **********
 PARAMETER   10  IS CONSTANT.   IGNORED.
 **********
 **   53 **FIX           11
 **********
 PARAMETER   11  IS CONSTANT.   IGNORED.
 **********
 **   54 **FIX           12
 **********
 PARAMETER   12  IS CONSTANT.   IGNORED.
 **********
 **   55 **FIX           13
 **********
 PARAMETER   13  IS CONSTANT.   IGNORED.
 **********
 **   56 **FIX           14
 **********
 **********
 **   57 **FIX           15
 **********
 PARAMETER   15  IS CONSTANT.   IGNORED.
 **********
 **   58 **FIX           16
 **********
 PARAMETER   16  IS CONSTANT.   IGNORED.
 **********
 **   59 **MIGRAD
 **********
 START MIGRAD MINIMIZATION.  STRATEGY  1.  CONVERGENCE WHEN EDM .LT. 1.00e-04
 FCN=311.478 FROM MIGRAD    STATUS=INITIATE       12 CALLS         683 TOTAL
                     EDM= unknown      STRATEGY= 1      NO ERROR MATRIX       
  EXT PARAMETER               CURRENT GUESS       STEP         FIRST   
  NO.   NAME      VALUE            ERROR          SIZE      DERIVATIVE 
   1  N0           3.11227e+06     fixed    
   2  tau          6.44114e+01   constant   
   3  A0           3.64467e-01     fixed    
   4  phi          4.11736e+00     fixed    
   5  R           -6.00079e+01   constant   
   6  A_CBO        5.57561e-04     fixed    
   7  w_CBO        2.32674e+00     fixed    
   8  phi_CBO      2.72315e+00   6.77073e-01   6.77073e-01   1.36497e+00
   9  ANx2         3.40456e-04   constant   
  10  pNx2         3.19484e+00   constant   
  11  ANy1         0.00000e+00   constant   
  12  pNy1         0.00000e+00   constant   
  13  w_y          0.00000e+00   constant   
  14  ANy2         1.43718e-04     fixed    
  15  pNy2         5.11372e+00   constant   
  16  w_vw         1.43155e+01   constant   
  17  LM           3.07992e-04   constant   
  18  wCBO_expCoeff   2.00383e+02   4.97455e-01   3.49403e-04  -1.01394e-04
  19  wCBO_expOffset   2.00073e+02   6.19059e-02   9.54021e-05  -6.83284e-03
  20  wCBO_expT    2.99529e+01   1.65964e-02   1.42826e-05  -1.52953e-02
  21  wCBO_linCoeff   0.00000e+00   constant   
  22  wCBO_const   3.70031e-03   2.30736e-03   5.07380e-06  -7.77181e-02
 MIGRAD MINIMIZATION HAS CONVERGED.
 MIGRAD WILL VERIFY CONVERGENCE AND ERROR MATRIX.
 COVARIANCE MATRIX CALCULATED SUCCESSFULLY
 FCN=310.973 FROM MIGRAD    STATUS=CONVERGED     119 CALLS         790 TOTAL
                     EDM=9.57217e-07    STRATEGY= 1      ERROR MATRIX ACCURATE 
  EXT PARAMETER                                   STEP         FIRST   
  NO.   NAME      VALUE            ERROR          SIZE      DERIVATIVE 
   1  N0           3.11227e+06     fixed    
   2  tau          6.44114e+01   constant   
   3  A0           3.64467e-01     fixed    
   4  phi          4.11736e+00     fixed    
   5  R           -6.00079e+01   constant   
   6  A_CBO        5.57561e-04     fixed    
   7  w_CBO        2.32674e+00     fixed    
   8  phi_CBO      1.99829e+00   1.00890e+00   7.18188e-03   7.68522e-04
   9  ANx2         3.40456e-04   constant   
  10  pNx2         3.19484e+00   constant   
  11  ANy1         0.00000e+00   constant   
  12  pNy1         0.00000e+00   constant   
  13  w_y          0.00000e+00   constant   
  14  ANy2         1.43718e-04     fixed    
  15  pNy2         5.11372e+00   constant   
  16  w_vw         1.43155e+01   constant   
  17  LM           3.07992e-04   constant   
  18  wCBO_expCoeff   2.00399e+02   1.07156e+00   3.24863e-04  -1.55374e-02
  19  wCBO_expOffset   2.00075e+02   1.52359e-01   9.54033e-05  -1.04143e-01
  20  wCBO_expT    2.99513e+01   2.26186e-02   1.42819e-05  -3.35943e-01
  21  wCBO_linCoeff   0.00000e+00   constant   
  22  wCBO_const   3.52740e-03   1.18342e-03   4.85228e-06   5.13973e-01
 EXTERNAL ERROR MATRIX.    NDIM=  25    NPAR=  5    ERR DEF=1
  1.018e+00 -2.292e-02 -8.737e-04  1.476e-03  2.718e-04 
 -2.292e-02  1.148e+00 -1.433e-01 -8.228e-03  2.941e-04 
 -8.737e-04 -1.433e-01  2.321e-02 -5.200e-04  1.870e-05 
  1.476e-03 -8.228e-03 -5.200e-04  5.116e-04 -1.935e-05 
  2.718e-04  2.941e-04  1.870e-05 -1.935e-05  1.400e-06 
 PARAMETER  CORRELATION COEFFICIENTS  
       NO.  GLOBAL      8     18     19     20     22
        8  0.56295   1.000 -0.021 -0.006  0.065  0.228
       18  0.99938  -0.021  1.000 -0.877 -0.339  0.232
       19  0.99932  -0.006 -0.877  1.000 -0.151  0.104
       20  0.99774   0.065 -0.339 -0.151  1.000 -0.723
       22  0.88106   0.228  0.232  0.104 -0.723  1.000
MINUIT - FIT ONLY 1-y
 **********
 **   60 **RES 
 **********
                   PARAMETER   14  ANy2 RESTORED TO VARIABLE.
                   PARAMETER    7  w_CBO RESTORED TO VARIABLE.
                   PARAMETER    6  A_CBO RESTORED TO VARIABLE.
                   PARAMETER    4  phi RESTORED TO VARIABLE.
                   PARAMETER    3  A0 RESTORED TO VARIABLE.
                   PARAMETER    1  N0 RESTORED TO VARIABLE.
 **********
 **   61 **FIX            0
 **********
 PARAMETER    0  IS UNDEFINED. IGNORED.
 **********
 **   62 **FIX            1
 **********
 **********
 **   63 **FIX            2
 **********
 PARAMETER    2  IS CONSTANT.   IGNORED.
 **********
 **   64 **FIX            3
 **********
 **********
 **   65 **FIX            4
 **********
 **********
 **   66 **FIX            5
 **********
 PARAMETER    5  IS CONSTANT.   IGNORED.
 **********
 **   67 **FIX            6
 **********
 **********
 **   68 **FIX            7
 **********
 **********
 **   69 **FIX            8
 **********
 **********
 **   70 **FIX            9
 **********
 PARAMETER    9  IS CONSTANT.   IGNORED.
 **********
 **   71 **FIX           13
 **********
 PARAMETER   13  IS CONSTANT.   IGNORED.
 **********
 **   72 **FIX           14
 **********
 **********
 **   73 **FIX           15
 **********
 PARAMETER   15  IS CONSTANT.   IGNORED.
 **********
 **   74 **FIX           16
 **********
 PARAMETER   16  IS CONSTANT.   IGNORED.
 **********
 **   75 **MIGRAD
 **********
 START MIGRAD MINIMIZATION.  STRATEGY  1.  CONVERGENCE WHEN EDM .LT. 1.00e-04
 FCN=310.973 FROM MIGRAD    STATUS=INITIATE        8 CALLS         798 TOTAL
                     EDM= unknown      STRATEGY= 1      NO ERROR MATRIX       
  EXT PARAMETER               CURRENT GUESS       STEP         FIRST   
  NO.   NAME      VALUE            ERROR          SIZE      DERIVATIVE 
   1  N0           3.11227e+06     fixed    
   2  tau          6.44114e+01   constant   
   3  A0           3.64467e-01     fixed    
   4  phi          4.11736e+00     fixed    
   5  R           -6.00079e+01   constant   
   6  A_CBO        5.57561e-04     fixed    
   7  w_CBO        2.32674e+00     fixed    
   8  phi_CBO      1.99829e+00     fixed    
   9  ANx2         3.40456e-04   constant   
  10  pNx2         3.19484e+00   constant   
  11  ANy1         0.00000e+00   constant   
  12  pNy1         0.00000e+00   constant   
  13  w_y          0.00000e+00   constant   
  14  ANy2         1.43718e-04     fixed    
  15  pNy2         5.11372e+00   constant   
  16  w_vw         1.43155e+01   constant   
  17  LM           3.07992e-04   constant   
  18  wCBO_expCoeff   2.00399e+02   1.07156e+00   3.24863e-04  -1.55664e-02
  19  wCBO_expOffset   2.00075e+02   1.52359e-01   9.54033e-05  -1.04723e-01
  20  wCBO_expT    2.99513e+01   2.26186e-02   1.42819e-05  -3.36816e-01
  21  wCBO_linCoeff   0.00000e+00   constant   
  22  wCBO_const   3.52740e-03   1.18342e-03   4.85228e-06   5.17422e-01
 MIGRAD MINIMIZATION HAS CONVERGED.
 MIGRAD WILL VERIFY CONVERGENCE AND ERROR MATRIX.
 COVARIANCE MATRIX CALCULATED SUCCESSFULLY
 FCN=310.973 FROM MIGRAD    STATUS=CONVERGED      41 CALLS         831 TOTAL
                     EDM=3.46891e-07    STRATEGY= 1      ERROR MATRIX ACCURATE 
  EXT PARAMETER                                   STEP         FIRST   
  NO.   NAME      VALUE            ERROR          SIZE      DERIVATIVE 
   1  N0           3.11227e+06     fixed    
   2  tau          6.44114e+01   constant   
   3  A0           3.64467e-01     fixed    
   4  phi          4.11736e+00     fixed    
   5  R           -6.00079e+01   constant   
   6  A_CBO        5.57561e-04     fixed    
   7  w_CBO        2.32674e+00     fixed    
   8  phi_CBO      1.99829e+00     fixed    
   9  ANx2         3.40456e-04   constant   
  10  pNx2         3.19484e+00   constant   
  11  ANy1         0.00000e+00   constant   
  12  pNy1         0.00000e+00   constant   
  13  w_y          0.00000e+00   constant   
  14  ANy2         1.43718e-04     fixed    
  15  pNy2         5.11372e+00   constant   
  16  w_vw         1.43155e+01   constant   
  17  LM           3.07992e-04   constant   
  18  wCBO_expCoeff   2.00399e+02   1.06742e+00   3.24230e-04   2.59051e-03
  19  wCBO_expOffset   2.00075e+02   1.51746e-01   9.54033e-05   1.71453e-02
  20  wCBO_expT    2.99513e+01   2.25551e-02   1.42819e-05   1.07109e-01
  21  wCBO_linCoeff   0.00000e+00   constant   
  22  wCBO_const   3.52736e-03   1.15193e-03   4.82768e-06   1.21737e+00
 EXTERNAL ERROR MATRIX.    NDIM=  25    NPAR=  4    ERR DEF=1
  1.139e+00 -1.421e-01 -8.185e-03  2.999e-04 
 -1.421e-01  2.303e-02 -5.176e-04  1.889e-05 
 -8.185e-03 -5.176e-04  5.087e-04 -1.972e-05 
  2.999e-04  1.889e-05 -1.972e-05  1.327e-06 
 PARAMETER  CORRELATION COEFFICIENTS  
       NO.  GLOBAL     18     19     20     22
       18  0.99938   1.000 -0.877 -0.340  0.244
       19  0.99931  -0.877  1.000 -0.151  0.108
       20  0.99773  -0.340 -0.151  1.000 -0.759
       22  0.87399   0.244  0.108 -0.759  1.000
MINUIT - FIT ONLY 2-y
 **********
 **   76 **RES 
 **********
                   PARAMETER   14  ANy2 RESTORED TO VARIABLE.
                   PARAMETER    8  phi_CBO RESTORED TO VARIABLE.
                   PARAMETER    7  w_CBO RESTORED TO VARIABLE.
                   PARAMETER    6  A_CBO RESTORED TO VARIABLE.
                   PARAMETER    4  phi RESTORED TO VARIABLE.
                   PARAMETER    3  A0 RESTORED TO VARIABLE.
                   PARAMETER    1  N0 RESTORED TO VARIABLE.
 **********
 **   77 **FIX            0
 **********
 PARAMETER    0  IS UNDEFINED. IGNORED.
 **********
 **   78 **FIX            1
 **********
 **********
 **   79 **FIX            2
 **********
 PARAMETER    2  IS CONSTANT.   IGNORED.
 **********
 **   80 **FIX            3
 **********
 **********
 **   81 **FIX            4
 **********
 **********
 **   82 **FIX            5
 **********
 PARAMETER    5  IS CONSTANT.   IGNORED.
 **********
 **   83 **FIX            6
 **********
 **********
 **   84 **FIX            7
 **********
 **********
 **   85 **FIX            8
 **********
 **********
 **   86 **FIX            9
 **********
 PARAMETER    9  IS CONSTANT.   IGNORED.
 **********
 **   87 **FIX           10
 **********
 PARAMETER   10  IS CONSTANT.   IGNORED.
 **********
 **   88 **FIX           11
 **********
 PARAMETER   11  IS CONSTANT.   IGNORED.
 **********
 **   89 **FIX           12
 **********
 PARAMETER   12  IS CONSTANT.   IGNORED.
 **********
 **   90 **FIX           16
 **********
 PARAMETER   16  IS CONSTANT.   IGNORED.
 **********
 **   91 **MIGRAD
 **********
 START MIGRAD MINIMIZATION.  STRATEGY  1.  CONVERGENCE WHEN EDM .LT. 1.00e-04
 FCN=310.973 FROM MIGRAD    STATUS=INITIATE       10 CALLS         841 TOTAL
                     EDM= unknown      STRATEGY= 1      NO ERROR MATRIX       
  EXT PARAMETER               CURRENT GUESS       STEP         FIRST   
  NO.   NAME      VALUE            ERROR          SIZE      DERIVATIVE 
   1  N0           3.11227e+06     fixed    
   2  tau          6.44114e+01   constant   
   3  A0           3.64467e-01     fixed    
   4  phi          4.11736e+00     fixed    
   5  R           -6.00079e+01   constant   
   6  A_CBO        5.57561e-04     fixed    
   7  w_CBO        2.32674e+00     fixed    
   8  phi_CBO      1.99829e+00     fixed    
   9  ANx2         3.40456e-04   constant   
  10  pNx2         3.19484e+00   constant   
  11  ANy1         0.00000e+00   constant   
  12  pNy1         0.00000e+00   constant   
  13  w_y          0.00000e+00   constant   
  14  ANy2         1.43718e-04   4.93217e-04   4.93217e-04   1.34918e+02
  15  pNy2         5.11372e+00   constant   
  16  w_vw         1.43155e+01   constant   
  17  LM           3.07992e-04   constant   
  18  wCBO_expCoeff   2.00399e+02   1.06742e+00   3.24230e-04   2.56120e-03
  19  wCBO_expOffset   2.00075e+02   1.51746e-01   9.54033e-05   1.65589e-02
  20  wCBO_expT    2.99513e+01   2.25551e-02   1.42819e-05   1.06229e-01
  21  wCBO_linCoeff   0.00000e+00   constant   
  22  wCBO_const   3.52736e-03   1.15193e-03   4.82768e-06   1.22082e+00
 MIGRAD MINIMIZATION HAS CONVERGED.
 MIGRAD WILL VERIFY CONVERGENCE AND ERROR MATRIX.
 COVARIANCE MATRIX CALCULATED SUCCESSFULLY
 FCN=310.972 FROM MIGRAD    STATUS=CONVERGED      64 CALLS         895 TOTAL
                     EDM=4.51824e-07    STRATEGY= 1      ERROR MATRIX ACCURATE 
  EXT PARAMETER                                   STEP         FIRST   
  NO.   NAME      VALUE            ERROR          SIZE      DERIVATIVE 
   1  N0           3.11227e+06     fixed    
   2  tau          6.44114e+01   constant   
   3  A0           3.64467e-01     fixed    
   4  phi          4.11736e+00     fixed    
   5  R           -6.00079e+01   constant   
   6  A_CBO        5.57561e-04     fixed    
   7  w_CBO        2.32674e+00     fixed    
   8  phi_CBO      1.99829e+00     fixed    
   9  ANx2         3.40456e-04   constant   
  10  pNx2         3.19484e+00   constant   
  11  ANy1         0.00000e+00   constant   
  12  pNy1         0.00000e+00   constant   
  13  w_y          0.00000e+00   constant   
  14  ANy2         1.27379e-04   4.92300e-04   4.24184e-06   9.65888e-02
  15  pNy2         5.11372e+00   constant   
  16  w_vw         1.43155e+01   constant   
  17  LM           3.07992e-04   constant   
  18  wCBO_expCoeff   2.00399e+02   1.06653e+00   3.24204e-04  -4.32588e-03
  19  wCBO_expOffset   2.00075e+02   1.51592e-01   9.54033e-05  -2.91316e-02
  20  wCBO_expT    2.99513e+01   2.25655e-02   1.42819e-05  -4.37602e-02
  21  wCBO_linCoeff   0.00000e+00   constant   
  22  wCBO_const   3.52700e-03   1.15188e-03   4.82855e-06   6.34215e-01
 EXTERNAL ERROR MATRIX.    NDIM=  25    NPAR=  5    ERR DEF=1
  2.424e-07 -1.985e-06 -4.542e-08  1.233e-07 -2.532e-10 
 -1.985e-06  1.137e+00 -1.417e-01 -8.195e-03  3.000e-04 
 -4.542e-08 -1.417e-01  2.298e-02 -5.178e-04  1.889e-05 
  1.233e-07 -8.195e-03 -5.178e-04  5.092e-04 -1.972e-05 
 -2.532e-10  3.000e-04  1.889e-05 -1.972e-05  1.327e-06 
 PARAMETER  CORRELATION COEFFICIENTS  
       NO.  GLOBAL     14     18     19     20     22
       14  0.04308   1.000 -0.004 -0.001  0.011 -0.000
       18  0.99938  -0.004  1.000 -0.877 -0.341  0.244
       19  0.99931  -0.001 -0.877  1.000 -0.151  0.108
       20  0.99773   0.011 -0.341 -0.151  1.000 -0.759
       22  0.87393  -0.000  0.244  0.108 -0.759  1.000
MINUIT - FIT ALTOGETHER
 **********
 **   92 **RES 
 **********
                   PARAMETER    8  phi_CBO RESTORED TO VARIABLE.
                   PARAMETER    7  w_CBO RESTORED TO VARIABLE.
                   PARAMETER    6  A_CBO RESTORED TO VARIABLE.
                   PARAMETER    4  phi RESTORED TO VARIABLE.
                   PARAMETER    3  A0 RESTORED TO VARIABLE.
                   PARAMETER    1  N0 RESTORED TO VARIABLE.
 **********
 **   93 **MIGRAD
 **********
 START MIGRAD MINIMIZATION.  STRATEGY  1.  CONVERGENCE WHEN EDM .LT. 1.00e-04
 FCN=310.972 FROM MIGRAD    STATUS=INITIATE       22 CALLS         917 TOTAL
                     EDM= unknown      STRATEGY= 1      NO ERROR MATRIX       
  EXT PARAMETER               CURRENT GUESS       STEP         FIRST   
  NO.   NAME      VALUE            ERROR          SIZE      DERIVATIVE 
   1  N0           3.11227e+06   1.08588e+03   1.08588e+03  -2.39877e-04
   2  tau          6.44114e+01   constant   
   3  A0           3.64467e-01   4.56500e-04   4.56500e-04   3.35684e+02
