 + ++++++++++++++++++++++++++++++++++++++++++++++++++++++++++++++++++++ +
 +                                                                      +
 +           You have chose to blind your fitting according to          +
 +                omega_ref * (1 + (R +/- deltaR) *10^{-6})             +
 +                                                                      +
 + ++++++++++++++++++++++++++++++++++++++++++++++++++++++++++++++++++++ +
In main()...
reading format from /gm2data/zkhechad/run45/envelope/formats/formatB_sBin_constraintOn.txt
pBinTau 	= 0  
pBinPhi 	= 0  
constraintau 	= 1 
includeMopTerm 	= 0    
constrainMop    = 0   
Parameters after format file: pBinTau 0 pBinPhi 0 constraintau 1 includeMopTerm 0 constrainMop 0 c_e_scale 0.000000 
reading cbo reference file (full fit) from /gm2data/zkhechad/cboTemplates/Run4CBOTemplates/fullFits/run4/sBin_constraintOn_cE0.0_seed0_run4_calo11.root
A_CBO 0.010027 w_CBO 2.327222 phi_CBO 0.184420 N0 3062002.636939 R -61.179583 tau 64.395304 
Reading cboRef file /gm2data/zkhechad/cboTemplates/Run4CBOTemplates//cboIsolate/run4_calo11.root
deltaT 164.120000
windowBins = 1100
fitting sliding window 2180 from bin 2383 at 355.543600 to bin 3483 at 519.663600 (1100 bins)

Reading data from /gm2data/cornell/histograms/aMethod/histogram_a_run4.root
fitting cbo isolate
 **********
 **    1 **SET PRINTOUT            1
 **********
 **********
 **    2 **SET NOWARNINGS 
 **********
 PARAMETER DEFINITIONS:
    NO.   NAME         VALUE      STEP SIZE      LIMITS
     1 A_CBO        1.00270e-02  1.00000e-05     no limits
     2 w_CBO        2.32722e+00  1.00000e-02    2.00000e+00  3.00000e+00
     3 phi_CBO      1.84420e-01  1.00000e-02    0.00000e+00  6.28319e+00
 **********
 **    3 **MIGRAD
 **********
 FIRST CALL TO USER FUNCTION AT NEW START POINT, WITH IFLAG=4.
 START MIGRAD MINIMIZATION.  STRATEGY  1.  CONVERGENCE WHEN EDM .LT. 1.00e-04
 FCN=0.20297 FROM MIGRAD    STATUS=INITIATE       12 CALLS          13 TOTAL
                     EDM= unknown      STRATEGY= 1      NO ERROR MATRIX       
  EXT PARAMETER               CURRENT GUESS       STEP         FIRST   
  NO.   NAME      VALUE            ERROR          SIZE      DERIVATIVE 
   1  A_CBO        1.00270e-02   1.00000e-05   1.00000e-05   9.74617e+00
   2  w_CBO        2.32722e+00   1.00000e-02   2.13152e-02   3.61152e-02
   3  phi_CBO      1.84420e-01   1.00000e-02   9.43260e-03  -4.81994e-05
 MIGRAD MINIMIZATION HAS CONVERGED.
 MIGRAD WILL VERIFY CONVERGENCE AND ERROR MATRIX.
 COVARIANCE MATRIX CALCULATED SUCCESSFULLY
 FCN=0.159664 FROM HESSE     STATUS=OK             16 CALLS          42 TOTAL
                     EDM=0.000136292    STRATEGY= 1      ERROR MATRIX ACCURATE 
  EXT PARAMETER                                   STEP         FIRST   
  NO.   NAME      VALUE            ERROR          SIZE      DERIVATIVE 
   1  A_CBO        1.14012e-03   7.21071e-02   2.24549e-05  -4.04833e-05
   2  w_CBO        2.32719e+00   5.12264e-01   1.00624e-04  -1.46943e-03
   3  phi_CBO      1.87948e-01   4.07894e+00   1.80078e-02   2.32587e-05
 MIGRAD MINIMIZATION HAS CONVERGED.
 MIGRAD WILL VERIFY CONVERGENCE AND ERROR MATRIX.
 FCN=0.159661 FROM MIGRAD    STATUS=CONVERGED      97 CALLS          98 TOTAL
                     EDM=2.01768e-05    STRATEGY= 1      ERR MATRIX NOT POS-DEF
  EXT PARAMETER                APPROXIMATE        STEP         FIRST   
  NO.   NAME      VALUE            ERROR          SIZE      DERIVATIVE 
   1  A_CBO        1.14093e-03   4.34802e-02   2.24553e-05  -1.10114e-03
   2  w_CBO        2.32680e+00   6.16670e-01   1.00500e-04   1.29150e-03
   3  phi_CBO      1.76308e-02   3.18169e+00   5.57583e-02   1.62897e-06
 EXTERNAL ERROR MATRIX.    NDIM=  25    NPAR=  3    ERR DEF=1
  1.891e-03 -2.459e-02 -9.488e+00 
 -2.459e-02  1.861e+00  7.165e+02 
 -9.488e+00  7.165e+02  2.769e+05 
ERR MATRIX NOT POS-DEF
 PARAMETER  CORRELATION COEFFICIENTS  
       NO.  GLOBAL      1      2      3
        1  0.41485   1.000 -0.415 -0.415
        2  0.99814  -0.415  1.000  0.998
        3  0.99814  -0.415  0.998  1.000
 ERR MATRIX NOT POS-DEF
setting A_CBO=0.001141 w_CBO=2.326805, phi_CBO=0.017631
done fitting cbo isolate
 **********
 **    1 **SET PRINTOUT            1
 **********
 **********
 **    2 **SET NOWARNINGS 
 **********
 PARAMETER DEFINITIONS:
    NO.   NAME         VALUE      STEP SIZE      LIMITS
     1 N0           3.06200e+06  1.00000e+02     no limits
     2 tau          6.43953e+01  constant
     3 A0           3.42893e-01  1.00000e-04     no limits
     4 phi          4.11802e+00  1.00000e-02     no limits
     5 R           -6.11796e+01  constant
     6 A_CBO        1.14093e-03  1.00000e-05     no limits
     7 w_CBO        2.32680e+00  1.00000e-03     no limits
     8 phi_CBO      1.76308e-02  1.00000e-04     no limits
     9 ANx2         4.90616e-04  constant
    10 pNx2         2.30674e+00  constant
    11 ANy1         0.00000e+00  constant
    12 pNy1         0.00000e+00  constant
    13 w_y          0.00000e+00  constant
    14 ANy2         9.23997e-03  1.00000e-04     no limits
    15 pNy2         3.41148e-01  constant
    16 w_vw         1.43130e+01  constant
    17 LM          -3.45991e-04  constant
    18 wCBO_expCoeff   2.00000e+02  1.00000e+00     no limits
    19 wCBO_expOffset   2.00000e+02  1.00000e+00     no limits
    20 wCBO_expT    3.00000e+01  1.00000e+00     no limits
    21 wCBO_linCoeff   0.00000e+00  constant
    22 wCBO_const   0.00000e+00  1.00000e-02     no limits
MINUIT - FIT ONLY WIGGLE
 **********
 **    3 **FIX            5
 **********
 PARAMETER    5  IS CONSTANT.   IGNORED.
 **********
 **    4 **FIX            6
 **********
 **********
 **    5 **FIX            7
 **********
 **********
 **    6 **FIX            8
 **********
 **********
 **    7 **FIX            9
 **********
 PARAMETER    9  IS CONSTANT.   IGNORED.
 **********
 **    8 **FIX           10
 **********
 PARAMETER   10  IS CONSTANT.   IGNORED.
 **********
 **    9 **FIX           11
 **********
 PARAMETER   11  IS CONSTANT.   IGNORED.
 **********
 **   10 **FIX           12
 **********
 PARAMETER   12  IS CONSTANT.   IGNORED.
 **********
 **   11 **FIX           13
 **********
 PARAMETER   13  IS CONSTANT.   IGNORED.
 **********
 **   12 **FIX           14
 **********
 **********
 **   13 **FIX           15
 **********
 PARAMETER   15  IS CONSTANT.   IGNORED.
 **********
 **   14 **FIX           16
 **********
 PARAMETER   16  IS CONSTANT.   IGNORED.
 **********
 **   15 **MIGRAD
 **********
 FIRST CALL TO USER FUNCTION AT NEW START POINT, WITH IFLAG=4.
 START MIGRAD MINIMIZATION.  STRATEGY  1.  CONVERGENCE WHEN EDM .LT. 1.00e-04
 FCN=437.406 FROM MIGRAD    STATUS=INITIATE       56 CALLS          57 TOTAL
                     EDM= unknown      STRATEGY= 1      NO ERROR MATRIX       
  EXT PARAMETER               CURRENT GUESS       STEP         FIRST   
  NO.   NAME      VALUE            ERROR          SIZE      DERIVATIVE 
   1  N0           3.06200e+06   1.00000e+02   0.00000e+00   5.95079e-04
   2  tau          6.43953e+01   constant   
   3  A0           3.42893e-01   1.00000e-04   0.00000e+00  -3.86299e+02
   4  phi          4.11802e+00   1.00000e-02   0.00000e+00  -1.17312e+02
   5  R           -6.11796e+01   constant   
   6  A_CBO        1.14093e-03     fixed    
   7  w_CBO        2.32680e+00     fixed    
   8  phi_CBO      1.76308e-02     fixed    
   9  ANx2         4.90616e-04   constant   
  10  pNx2         2.30674e+00   constant   
  11  ANy1         0.00000e+00   constant   
  12  pNy1         0.00000e+00   constant   
  13  w_y          0.00000e+00   constant   
  14  ANy2         9.23997e-03     fixed    
  15  pNy2         3.41148e-01   constant   
  16  w_vw         1.43130e+01   constant   
  17  LM          -3.45991e-04   constant   
  18  wCBO_expCoeff   2.00440e+02   1.00000e+00   4.40006e-01   4.83086e-01
  19  wCBO_expOffset   2.00000e+02   1.00000e+00   0.00000e+00   3.22766e+00
  20  wCBO_expT    3.00000e+01   1.00000e+00   0.00000e+00   1.95091e+01
  21  wCBO_linCoeff   0.00000e+00   constant   
  22  wCBO_const   0.00000e+00   1.00000e-02   0.00000e+00  -5.75987e+02
 MIGRAD MINIMIZATION HAS CONVERGED.
 FCN=435.355 FROM MIGRAD    STATUS=CONVERGED     280 CALLS         281 TOTAL
                     EDM=8.74464e-06    STRATEGY= 1  ERROR MATRIX UNCERTAINTY   0.2 per cent
  EXT PARAMETER                                   STEP         FIRST   
  NO.   NAME      VALUE            ERROR          SIZE      DERIVATIVE 
   1  N0           3.06119e+06   1.62125e+03   8.00478e-01   9.01483e-07
   2  tau          6.43953e+01   constant   
   3  A0           3.42929e-01   7.20908e-04  -6.95707e-06   2.17309e+00
   4  phi          4.11819e+00   2.19480e-03  -2.19424e-05   8.69723e-01
   5  R           -6.11796e+01   constant   
   6  A_CBO        1.14093e-03     fixed    
   7  w_CBO        2.32680e+00     fixed    
   8  phi_CBO      1.76308e-02     fixed    
   9  ANx2         4.90616e-04   constant   
  10  pNx2         2.30674e+00   constant   
  11  ANy1         0.00000e+00   constant   
  12  pNy1         0.00000e+00   constant   
  13  w_y          0.00000e+00   constant   
  14  ANy2         9.23997e-03     fixed    
  15  pNy2         3.41148e-01   constant   
  16  w_vw         1.43130e+01   constant   
  17  LM          -3.45991e-04   constant   
  18  wCBO_expCoeff   2.02737e+02   2.21691e+00   1.89320e-02   7.78856e-03
  19  wCBO_expOffset   2.00340e+02   3.27897e-01   2.83314e-03   5.28794e-02
  20  wCBO_expT    2.98627e+01   1.24618e-01  -1.03619e-03   3.42029e-01
  21  wCBO_linCoeff   0.00000e+00   constant   
  22  wCBO_const   1.91524e-03   1.11185e-03   1.27489e-05   7.11968e+00
 EXTERNAL ERROR MATRIX.    NDIM=  25    NPAR=  7    ERR DEF=1
  2.628e+06  3.833e-03 -1.029e-02  1.657e+01  2.543e+00 -6.505e-01 -4.913e-03 
  3.833e-03  5.197e-07  4.765e-08 -1.709e-05 -2.171e-06  8.730e-07 -6.991e-09 
 -1.029e-02  4.765e-08  4.817e-06  8.238e-06  3.147e-06 -1.008e-06  1.317e-07 
  1.657e+01 -1.709e-05  8.238e-06  4.915e+00  7.181e-01 -2.749e-01  1.676e-03 
  2.543e+00 -2.171e-06  3.147e-06  7.181e-01  1.075e-01 -4.065e-02  2.486e-04 
 -6.505e-01  8.730e-07 -1.008e-06 -2.749e-01 -4.065e-02  1.553e-02 -9.924e-05 
 -4.913e-03 -6.991e-09  1.317e-07  1.676e-03  2.486e-04 -9.924e-05  1.236e-06 
 PARAMETER  CORRELATION COEFFICIENTS  
       NO.  GLOBAL      1      3      4     18     19     20     22
        1  0.02787   1.000  0.003 -0.003  0.005  0.005 -0.003 -0.003
        3  0.03529   0.003  1.000  0.030 -0.011 -0.009  0.010 -0.009
        4  0.10131  -0.003  0.030  1.000  0.002  0.004 -0.004  0.054
       18  0.99714   0.005 -0.011  0.002  1.000  0.988 -0.995  0.680
       19  0.99691   0.005 -0.009  0.004  0.988  1.000 -0.995  0.682
       20  0.99910  -0.003  0.010 -0.004 -0.995 -0.995  1.000 -0.716
       22  0.87438  -0.003 -0.009  0.054  0.680  0.682 -0.716  1.000
MINUIT - FIT ONLY 1-CBO + other amplitudes 
 **********
 **   16 **RES 
 **********
                   PARAMETER   14  ANy2 RESTORED TO VARIABLE.
                   PARAMETER    8  phi_CBO RESTORED TO VARIABLE.
                   PARAMETER    7  w_CBO RESTORED TO VARIABLE.
                   PARAMETER    6  A_CBO RESTORED TO VARIABLE.
 **********
 **   17 **FIX            0
 **********
 PARAMETER    0  IS UNDEFINED. IGNORED.
 **********
 **   18 **FIX            1
 **********
 **********
 **   19 **FIX            2
 **********
 PARAMETER    2  IS CONSTANT.   IGNORED.
 **********
 **   20 **FIX            3
 **********
 **********
 **   21 **FIX            4
 **********
 **********
 **   22 **FIX            9
 **********
 PARAMETER    9  IS CONSTANT.   IGNORED.
 **********
 **   23 **FIX           11
 **********
 PARAMETER   11  IS CONSTANT.   IGNORED.
 **********
 **   24 **FIX           12
 **********
 PARAMETER   12  IS CONSTANT.   IGNORED.
 **********
 **   25 **FIX           14
 **********
 **********
 **   26 **FIX           15
 **********
 PARAMETER   15  IS CONSTANT.   IGNORED.
 **********
 **   27 **FIX           16
 **********
 PARAMETER   16  IS CONSTANT.   IGNORED.
 **********
 **   28 **MIGRAD
 **********
 START MIGRAD MINIMIZATION.  STRATEGY  1.  CONVERGENCE WHEN EDM .LT. 1.00e-04
 FCN=435.355 FROM MIGRAD    STATUS=INITIATE       18 CALLS         299 TOTAL
                     EDM= unknown      STRATEGY= 1      NO ERROR MATRIX       
  EXT PARAMETER               CURRENT GUESS       STEP         FIRST   
  NO.   NAME      VALUE            ERROR          SIZE      DERIVATIVE 
   1  N0           3.06119e+06     fixed    
   2  tau          6.43953e+01   constant   
   3  A0           3.42929e-01     fixed    
   4  phi          4.11819e+00     fixed    
   5  R           -6.11796e+01   constant   
   6  A_CBO        1.14093e-03   1.00000e-05   1.00000e-05   2.78827e+03
   7  w_CBO        2.32680e+00   1.00000e-03   1.00000e-03   3.74051e+00
   8  phi_CBO      1.76308e-02   1.00000e-04   1.00000e-04   1.78451e+00
   9  ANx2         4.90616e-04   constant   
  10  pNx2         2.30674e+00   constant   
  11  ANy1         0.00000e+00   constant   
  12  pNy1         0.00000e+00   constant   
  13  w_y          0.00000e+00   constant   
  14  ANy2         9.23997e-03     fixed    
  15  pNy2         3.41148e-01   constant   
  16  w_vw         1.43130e+01   constant   
  17  LM          -3.45991e-04   constant   
  18  wCBO_expCoeff   2.02737e+02   2.21691e+00   1.89320e-02   7.78838e-03
  19  wCBO_expOffset   2.00340e+02   3.27897e-01   2.83314e-03   5.28784e-02
  20  wCBO_expT    2.98627e+01   1.24618e-01  -1.03619e-03   3.42020e-01
  21  wCBO_linCoeff   0.00000e+00   constant   
  22  wCBO_const   1.91524e-03   1.11185e-03   1.27489e-05   7.11958e+00
 MIGRAD MINIMIZATION HAS CONVERGED.
 MIGRAD WILL VERIFY CONVERGENCE AND ERROR MATRIX.
 FCN=433.67 FROM MIGRAD    STATUS=CONVERGED     225 CALLS         506 TOTAL
                     EDM=9.44232e-08    STRATEGY= 1      ERR MATRIX NOT POS-DEF
  EXT PARAMETER                APPROXIMATE        STEP         FIRST   
  NO.   NAME      VALUE            ERROR          SIZE      DERIVATIVE 
   1  N0           3.06119e+06     fixed    
   2  tau          6.43953e+01   constant   
   3  A0           3.42929e-01     fixed    
   4  phi          4.11819e+00     fixed    
   5  R           -6.11796e+01   constant   
   6  A_CBO        5.87035e-04   7.48410e-04   7.61108e-06   2.52236e-01
   7  w_CBO        2.32698e+00   8.03296e-03   8.53018e-06   2.62467e-01
   8  phi_CBO     -1.14823e+00   1.38154e+00   1.30158e-02  -1.08901e-04
   9  ANx2         4.90616e-04   constant   
  10  pNx2         2.30674e+00   constant   
  11  ANy1         0.00000e+00   constant   
  12  pNy1         0.00000e+00   constant   
  13  w_y          0.00000e+00   constant   
  14  ANy2         9.23997e-03     fixed    
  15  pNy2         3.41148e-01   constant   
  16  w_vw         1.43130e+01   constant   
  17  LM          -3.45991e-04   constant   
  18  wCBO_expCoeff   2.02958e+02   2.30782e+00   2.03327e-03   2.78689e-04
  19  wCBO_expOffset   2.00373e+02   3.39452e-01   2.99029e-04   1.89502e-03
  20  wCBO_expT    2.98488e+01   5.60157e-02   5.39798e-05   1.61960e-02
  21  wCBO_linCoeff   0.00000e+00   constant   
  22  wCBO_const   1.74018e-03   3.46518e-03   5.19419e-06   5.53025e-01
 EXTERNAL ERROR MATRIX.    NDIM=  25    NPAR=  7    ERR DEF=1
  5.601e-07 -3.314e-08 -2.897e-05 -5.386e-05 -7.926e-06  2.677e-06  1.648e-08 
 -3.314e-08  6.453e-05  1.428e-04 -1.908e-03 -2.814e-04 -5.288e-05 -2.706e-05 
 -2.897e-05  1.428e-04  1.909e+00 -1.161e-02 -1.704e-03  1.723e-03  1.148e-04 
 -5.386e-05 -1.908e-03 -1.161e-02  5.326e+00 -4.709e-01 -5.365e-02  1.089e-03 
 -7.926e-06 -2.814e-04 -1.704e-03 -4.709e-01  1.152e-01 -7.893e-03  1.605e-04 
  2.677e-06 -5.288e-05  1.723e-03 -5.365e-02 -7.893e-03  3.138e-03  2.141e-06 
  1.648e-08 -2.706e-05  1.148e-04  1.089e-03  1.605e-04  2.141e-06  1.201e-05 
ERR MATRIX NOT POS-DEF
 PARAMETER  CORRELATION COEFFICIENTS  
       NO.  GLOBAL      6      7      8     18     19     20     22
        6  0.09811   1.000 -0.006 -0.028 -0.031 -0.031  0.064  0.006
        7  0.99458  -0.006  1.000  0.013 -0.103 -0.103 -0.118 -0.972
        8  0.38597  -0.028  0.013  1.000 -0.004 -0.004  0.022  0.024
       18  0.99627  -0.031 -0.103 -0.004  1.000 -0.601 -0.415  0.136
       19  0.99627  -0.031 -0.103 -0.004 -0.601  1.000 -0.415  0.136
       20  0.99554   0.064 -0.118  0.022 -0.415 -0.415  1.000  0.011
       22  0.98918   0.006 -0.972  0.024  0.136  0.136  0.011  1.000
 ERR MATRIX NOT POS-DEF
MINUIT - FIT ONLY 1-CBO
 **********
 **   29 **RES 
 **********
                   PARAMETER   14  ANy2 RESTORED TO VARIABLE.
                   PARAMETER    4  phi RESTORED TO VARIABLE.
                   PARAMETER    3  A0 RESTORED TO VARIABLE.
                   PARAMETER    1  N0 RESTORED TO VARIABLE.
 **********
 **   30 **FIX            0
 **********
 PARAMETER    0  IS UNDEFINED. IGNORED.
 **********
 **   31 **FIX            1
 **********
 **********
 **   32 **FIX            2
 **********
 PARAMETER    2  IS CONSTANT.   IGNORED.
 **********
 **   33 **FIX            3
 **********
 **********
 **   34 **FIX            4
 **********
 **********
 **   35 **FIX            8
 **********
 **********
 **   36 **FIX            9
 **********
 PARAMETER    9  IS CONSTANT.   IGNORED.
 **********
 **   37 **FIX           11
 **********
 PARAMETER   11  IS CONSTANT.   IGNORED.
 **********
 **   38 **FIX           12
 **********
 PARAMETER   12  IS CONSTANT.   IGNORED.
 **********
 **   39 **FIX           13
 **********
 PARAMETER   13  IS CONSTANT.   IGNORED.
 **********
 **   40 **FIX           15
 **********
 PARAMETER   15  IS CONSTANT.   IGNORED.
 **********
 **   41 **FIX           16
 **********
 PARAMETER   16  IS CONSTANT.   IGNORED.
 **********
 **   42 **MIGRAD
 **********
 START MIGRAD MINIMIZATION.  STRATEGY  1.  CONVERGENCE WHEN EDM .LT. 1.00e-04
 FCN=433.67 FROM MIGRAD    STATUS=INITIATE       16 CALLS         522 TOTAL
                     EDM= unknown      STRATEGY= 1      NO ERROR MATRIX       
  EXT PARAMETER               CURRENT GUESS       STEP         FIRST   
  NO.   NAME      VALUE            ERROR          SIZE      DERIVATIVE 
   1  N0           3.06119e+06     fixed    
   2  tau          6.43953e+01   constant   
   3  A0           3.42929e-01     fixed    
   4  phi          4.11819e+00     fixed    
   5  R           -6.11796e+01   constant   
   6  A_CBO        5.87035e-04   7.48410e-04   7.61108e-06   2.52236e-01
   7  w_CBO        2.32698e+00   8.03296e-03   8.53018e-06   2.65135e-01
   8  phi_CBO     -1.14823e+00     fixed    
   9  ANx2         4.90616e-04   constant   
  10  pNx2         2.30674e+00   constant   
  11  ANy1         0.00000e+00   constant   
  12  pNy1         0.00000e+00   constant   
  13  w_y          0.00000e+00   constant   
  14  ANy2         9.23997e-03   1.00000e-04   1.00000e-04   3.19267e+04
  15  pNy2         3.41148e-01   constant   
  16  w_vw         1.43130e+01   constant   
  17  LM          -3.45991e-04   constant   
  18  wCBO_expCoeff   2.02958e+02   2.30782e+00   2.03327e-03   2.86877e-04
  19  wCBO_expOffset   2.00373e+02   3.39452e-01   2.99029e-04   1.95118e-03
  20  wCBO_expT    2.98488e+01   5.60157e-02   5.39798e-05   1.64089e-02
  21  wCBO_linCoeff   0.00000e+00   constant   
  22  wCBO_const   1.74018e-03   3.46518e-03   5.19419e-06   5.53948e-01
 MIGRAD MINIMIZATION HAS CONVERGED.
 MIGRAD WILL VERIFY CONVERGENCE AND ERROR MATRIX.
 COVARIANCE MATRIX CALCULATED SUCCESSFULLY
 FCN=290.114 FROM MIGRAD    STATUS=CONVERGED     212 CALLS         718 TOTAL
                     EDM=7.88894e-08    STRATEGY= 1      ERROR MATRIX ACCURATE 
  EXT PARAMETER                                   STEP         FIRST   
  NO.   NAME      VALUE            ERROR          SIZE      DERIVATIVE 
   1  N0           3.06119e+06     fixed    
   2  tau          6.43953e+01   constant   
   3  A0           3.42929e-01     fixed    
   4  phi          4.11819e+00     fixed    
   5  R           -6.11796e+01   constant   
   6  A_CBO        2.43850e-04   7.79419e-04   6.23342e-06  -3.16406e-02
   7  w_CBO        2.32622e+00   3.52656e-02   7.48167e-06   2.24441e-01
   8  phi_CBO     -1.14823e+00     fixed    
   9  ANx2         4.90616e-04   constant   
  10  pNx2         2.30674e+00   constant   
  11  ANy1         0.00000e+00   constant   
  12  pNy1         0.00000e+00   constant   
  13  w_y          0.00000e+00   constant   
  14  ANy2         2.48275e-04   7.50316e-04   6.24493e-06  -2.08379e-01
  15  pNy2         3.41148e-01   constant   
  16  w_vw         1.43130e+01   constant   
  17  LM          -3.45991e-04   constant   
  18  wCBO_expCoeff   2.02360e+02   2.97094e+01   1.75144e-03   1.52241e-03
  19  wCBO_expOffset   2.00285e+02   4.39437e+00   2.58630e-04   1.03089e-02
  20  wCBO_expT    2.98848e+01   1.58822e-01   4.64821e-05   5.59706e-02
  21  wCBO_linCoeff   0.00000e+00   constant   
  22  wCBO_const   1.88013e-03   1.52038e-02   4.63637e-06   2.13721e-01
 EXTERNAL ERROR MATRIX.    NDIM=  25    NPAR=  7    ERR DEF=1
  6.075e-07 -1.042e-07  1.886e-08 -5.039e-04 -8.012e-05  2.933e-05 -5.614e-08 
 -1.042e-07  1.244e-03  1.673e-08 -4.239e-02 -8.917e-03 -1.514e-04 -5.345e-04 
  1.886e-08  1.673e-08  5.630e-07  3.485e-05  5.522e-06 -2.049e-06  4.297e-10 
 -5.039e-04 -4.239e-02  3.485e-05  8.826e+02 -1.275e+02 -4.324e-01  2.050e-02 
 -8.012e-05 -8.917e-03  5.522e-06 -1.275e+02  1.931e+01 -6.870e-02  4.192e-03 
  2.933e-05 -1.514e-04 -2.049e-06 -4.324e-01 -6.870e-02  2.522e-02 -7.058e-05 
 -5.614e-08 -5.345e-04  4.297e-10  2.050e-02  4.192e-03 -7.058e-05  2.312e-04 
 PARAMETER  CORRELATION COEFFICIENTS  
       NO.  GLOBAL      6      7     14     18     19     20     22
        6  0.28020   1.000 -0.004  0.032 -0.022 -0.023  0.237 -0.005
        7  0.99968  -0.004  1.000  0.001 -0.040 -0.058 -0.027 -0.997
       14  0.04389   0.032  0.001  1.000  0.002  0.002 -0.017  0.000
       18  0.99997  -0.022 -0.040  0.002  1.000 -0.977 -0.092  0.045
       19  0.99997  -0.023 -0.058  0.002 -0.977  1.000 -0.098  0.063
       20  0.99938   0.237 -0.027 -0.017 -0.092 -0.098  1.000 -0.029
       22  0.99933  -0.005 -0.997  0.000  0.045  0.063 -0.029  1.000
MINUIT - FIT ONLY 2-CBO
 **********
 **   43 **RES 
 **********
                   PARAMETER    8  phi_CBO RESTORED TO VARIABLE.
                   PARAMETER    4  phi RESTORED TO VARIABLE.
                   PARAMETER    3  A0 RESTORED TO VARIABLE.
                   PARAMETER    1  N0 RESTORED TO VARIABLE.
 **********
 **   44 **FIX            0
 **********
 PARAMETER    0  IS UNDEFINED. IGNORED.
 **********
 **   45 **FIX            1
 **********
 **********
 **   46 **FIX            2
 **********
 PARAMETER    2  IS CONSTANT.   IGNORED.
 **********
 **   47 **FIX            3
 **********
 **********
 **   48 **FIX            4
 **********
 **********
 **   49 **FIX            5
 **********
 PARAMETER    5  IS CONSTANT.   IGNORED.
 **********
 **   50 **FIX            6
 **********
 **********
 **   51 **FIX            7
 **********
 **********
 **   52 **FIX           10
 **********
 PARAMETER   10  IS CONSTANT.   IGNORED.
 **********
 **   53 **FIX           11
 **********
 PARAMETER   11  IS CONSTANT.   IGNORED.
 **********
 **   54 **FIX           12
 **********
 PARAMETER   12  IS CONSTANT.   IGNORED.
 **********
 **   55 **FIX           13
 **********
 PARAMETER   13  IS CONSTANT.   IGNORED.
 **********
 **   56 **FIX           14
 **********
 **********
 **   57 **FIX           15
 **********
 PARAMETER   15  IS CONSTANT.   IGNORED.
 **********
 **   58 **FIX           16
 **********
 PARAMETER   16  IS CONSTANT.   IGNORED.
 **********
 **   59 **MIGRAD
 **********
 START MIGRAD MINIMIZATION.  STRATEGY  1.  CONVERGENCE WHEN EDM .LT. 1.00e-04
 FCN=290.114 FROM MIGRAD    STATUS=INITIATE       12 CALLS         730 TOTAL
                     EDM= unknown      STRATEGY= 1      NO ERROR MATRIX       
  EXT PARAMETER               CURRENT GUESS       STEP         FIRST   
  NO.   NAME      VALUE            ERROR          SIZE      DERIVATIVE 
   1  N0           3.06119e+06     fixed    
   2  tau          6.43953e+01   constant   
   3  A0           3.42929e-01     fixed    
   4  phi          4.11819e+00     fixed    
   5  R           -6.11796e+01   constant   
   6  A_CBO        2.43850e-04     fixed    
   7  w_CBO        2.32622e+00     fixed    
   8  phi_CBO     -1.14823e+00   1.38154e+00   1.38154e+00   2.26980e-01
   9  ANx2         4.90616e-04   constant   
  10  pNx2         2.30674e+00   constant   
  11  ANy1         0.00000e+00   constant   
  12  pNy1         0.00000e+00   constant   
  13  w_y          0.00000e+00   constant   
  14  ANy2         2.48275e-04     fixed    
  15  pNy2         3.41148e-01   constant   
  16  w_vw         1.43130e+01   constant   
  17  LM          -3.45991e-04   constant   
  18  wCBO_expCoeff   2.02360e+02   2.97094e+01   1.75144e-03   1.52292e-03
  19  wCBO_expOffset   2.00285e+02   4.39437e+00   2.58630e-04   1.03145e-02
  20  wCBO_expT    2.98848e+01   1.58822e-01   4.64821e-05   5.57570e-02
  21  wCBO_linCoeff   0.00000e+00   constant   
  22  wCBO_const   1.88013e-03   1.52038e-02   4.63637e-06   2.12633e-01
 MIGRAD MINIMIZATION HAS CONVERGED.
 MIGRAD WILL VERIFY CONVERGENCE AND ERROR MATRIX.
 FCN=290.012 FROM HESSE     STATUS=NOT POSDEF     31 CALLS         808 TOTAL
                     EDM=0.000195378    STRATEGY= 1      ERR MATRIX NOT POS-DEF
  EXT PARAMETER                APPROXIMATE        STEP         FIRST   
  NO.   NAME      VALUE            ERROR          SIZE      DERIVATIVE 
   1  N0           3.06119e+06     fixed    
   2  tau          6.43953e+01   constant   
   3  A0           3.42929e-01     fixed    
   4  phi          4.11819e+00     fixed    
   5  R           -6.11796e+01   constant   
   6  A_CBO        2.43850e-04     fixed    
   7  w_CBO        2.32622e+00     fixed    
   8  phi_CBO     -1.99865e+00   2.56270e+00   2.09134e-02  -4.74421e-04
   9  ANx2         4.90616e-04   constant   
  10  pNx2         2.30674e+00   constant   
  11  ANy1         0.00000e+00   constant   
  12  pNy1         0.00000e+00   constant   
  13  w_y          0.00000e+00   constant   
  14  ANy2         2.48275e-04     fixed    
  15  pNy2         3.41148e-01   constant   
  16  w_vw         1.43130e+01   constant   
  17  LM          -3.45991e-04   constant   
  18  wCBO_expCoeff   2.02364e+02   2.73516e+00   1.74091e-03  -2.55044e-03
  19  wCBO_expOffset   2.00286e+02   4.03982e-01   2.57096e-04  -1.72701e-02
  20  wCBO_expT    2.98848e+01   6.82220e-02   4.62152e-05   3.18188e-01
  21  wCBO_linCoeff   0.00000e+00   constant   
  22  wCBO_const   1.82838e-03   9.32284e-04   4.65183e-06  -1.12482e-01
 MIGRAD MINIMIZATION HAS CONVERGED.
 MIGRAD WILL VERIFY CONVERGENCE AND ERROR MATRIX.
 COVARIANCE MATRIX CALCULATED SUCCESSFULLY
 FCN=290.01 FROM MIGRAD    STATUS=CONVERGED     147 CALLS         865 TOTAL
                     EDM=7.89677e-08    STRATEGY= 1      ERROR MATRIX ACCURATE 
  EXT PARAMETER                                   STEP         FIRST   
  NO.   NAME      VALUE            ERROR          SIZE      DERIVATIVE 
   1  N0           3.06119e+06     fixed    
   2  tau          6.43953e+01   constant   
   3  A0           3.42929e-01     fixed    
   4  phi          4.11819e+00     fixed    
   5  R           -6.11796e+01   constant   
   6  A_CBO        2.43850e-04     fixed    
   7  w_CBO        2.32622e+00     fixed    
   8  phi_CBO     -2.01834e+00   2.60685e+00   2.10589e-02   1.38341e-04
   9  ANx2         4.90616e-04   constant   
  10  pNx2         2.30674e+00   constant   
  11  ANy1         0.00000e+00   constant   
  12  pNy1         0.00000e+00   constant   
  13  w_y          0.00000e+00   constant   
  14  ANy2         2.48275e-04     fixed    
  15  pNy2         3.41148e-01   constant   
  16  w_vw         1.43130e+01   constant   
  17  LM          -3.45991e-04   constant   
  18  wCBO_expCoeff   2.02522e+02   1.41881e+01   1.71602e-03   4.46234e-04
  19  wCBO_expOffset   2.00309e+02   2.09441e+00   2.53150e-04   3.02498e-03
  20  wCBO_expT    2.98761e+01   1.48485e-01   4.56392e-05   1.65944e-02
  21  wCBO_linCoeff   0.00000e+00   constant   
  22  wCBO_const   1.87795e-03   1.18937e-03   4.63747e-06   5.14076e-03
 EXTERNAL ERROR MATRIX.    NDIM=  25    NPAR=  5    ERR DEF=1
  6.796e+00 -1.014e+00 -1.525e-01  5.599e-02  3.256e-05 
 -1.014e+00  2.013e+02 -2.761e+01 -3.928e-01  2.152e-03 
 -1.525e-01 -2.761e+01  4.387e+00 -5.903e-02  3.225e-04 
  5.599e-02 -3.928e-01 -5.903e-02  2.205e-02 -1.258e-04 
  3.256e-05  2.152e-03  3.225e-04 -1.258e-04  1.415e-06 
 PARAMETER  CORRELATION COEFFICIENTS  
       NO.  GLOBAL      8     18     19     20     22
        8  0.24437   1.000 -0.027 -0.028  0.145  0.011
       18  0.99989  -0.027  1.000 -0.929 -0.186  0.128
       19  0.99989  -0.028 -0.929  1.000 -0.190  0.129
       20  0.99932   0.145 -0.186 -0.190  1.000 -0.712
       22  0.88362   0.011  0.128  0.129 -0.712  1.000
MINUIT - FIT ONLY 1-y
 **********
 **   60 **RES 
 **********
                   PARAMETER   14  ANy2 RESTORED TO VARIABLE.
                   PARAMETER    7  w_CBO RESTORED TO VARIABLE.
                   PARAMETER    6  A_CBO RESTORED TO VARIABLE.
                   PARAMETER    4  phi RESTORED TO VARIABLE.
                   PARAMETER    3  A0 RESTORED TO VARIABLE.
                   PARAMETER    1  N0 RESTORED TO VARIABLE.
 **********
 **   61 **FIX            0
 **********
 PARAMETER    0  IS UNDEFINED. IGNORED.
 **********
 **   62 **FIX            1
 **********
 **********
 **   63 **FIX            2
 **********
 PARAMETER    2  IS CONSTANT.   IGNORED.
 **********
 **   64 **FIX            3
 **********
 **********
 **   65 **FIX            4
 **********
 **********
 **   66 **FIX            5
 **********
 PARAMETER    5  IS CONSTANT.   IGNORED.
 **********
 **   67 **FIX            6
 **********
 **********
 **   68 **FIX            7
 **********
 **********
 **   69 **FIX            8
 **********
 **********
 **   70 **FIX            9
 **********
 PARAMETER    9  IS CONSTANT.   IGNORED.
 **********
 **   71 **FIX           13
 **********
 PARAMETER   13  IS CONSTANT.   IGNORED.
 **********
 **   72 **FIX           14
 **********
 **********
 **   73 **FIX           15
 **********
 PARAMETER   15  IS CONSTANT.   IGNORED.
 **********
 **   74 **FIX           16
 **********
 PARAMETER   16  IS CONSTANT.   IGNORED.
 **********
 **   75 **MIGRAD
 **********
 START MIGRAD MINIMIZATION.  STRATEGY  1.  CONVERGENCE WHEN EDM .LT. 1.00e-04
 FCN=290.01 FROM MIGRAD    STATUS=INITIATE        8 CALLS         873 TOTAL
                     EDM= unknown      STRATEGY= 1      NO ERROR MATRIX       
  EXT PARAMETER               CURRENT GUESS       STEP         FIRST   
  NO.   NAME      VALUE            ERROR          SIZE      DERIVATIVE 
   1  N0           3.06119e+06     fixed    
   2  tau          6.43953e+01   constant   
   3  A0           3.42929e-01     fixed    
   4  phi          4.11819e+00     fixed    
   5  R           -6.11796e+01   constant   
   6  A_CBO        2.43850e-04     fixed    
   7  w_CBO        2.32622e+00     fixed    
   8  phi_CBO     -2.01834e+00     fixed    
   9  ANx2         4.90616e-04   constant   
  10  pNx2         2.30674e+00   constant   
  11  ANy1         0.00000e+00   constant   
  12  pNy1         0.00000e+00   constant   
  13  w_y          0.00000e+00   constant   
  14  ANy2         2.48275e-04     fixed    
  15  pNy2         3.41148e-01   constant   
  16  w_vw         1.43130e+01   constant   
  17  LM          -3.45991e-04   constant   
  18  wCBO_expCoeff   2.02522e+02   1.41881e+01   1.71602e-03   4.45623e-04
  19  wCBO_expOffset   2.00309e+02   2.09441e+00   2.53150e-04   3.02308e-03
  20  wCBO_expT    2.98761e+01   1.48485e-01   4.56392e-05   1.63502e-02
  21  wCBO_linCoeff   0.00000e+00   constant   
  22  wCBO_const   1.87795e-03   1.18937e-03   4.63747e-06   5.30714e-03
 MIGRAD MINIMIZATION HAS CONVERGED.
 MIGRAD WILL VERIFY CONVERGENCE AND ERROR MATRIX.
 COVARIANCE MATRIX CALCULATED SUCCESSFULLY
 FCN=290.01 FROM MIGRAD    STATUS=CONVERGED      45 CALLS         910 TOTAL
                     EDM=7.70939e-09    STRATEGY= 1      ERROR MATRIX ACCURATE 
  EXT PARAMETER                                   STEP         FIRST   
  NO.   NAME      VALUE            ERROR          SIZE      DERIVATIVE 
   1  N0           3.06119e+06     fixed    
   2  tau          6.43953e+01   constant   
   3  A0           3.42929e-01     fixed    
   4  phi          4.11819e+00     fixed    
   5  R           -6.11796e+01   constant   
   6  A_CBO        2.43850e-04     fixed    
   7  w_CBO        2.32622e+00     fixed    
   8  phi_CBO     -2.01834e+00     fixed    
   9  ANx2         4.90616e-04   constant   
  10  pNx2         2.30674e+00   constant   
  11  ANy1         0.00000e+00   constant   
  12  pNy1         0.00000e+00   constant   
  13  w_y          0.00000e+00   constant   
  14  ANy2         2.48275e-04     fixed    
  15  pNy2         3.41148e-01   constant   
  16  w_vw         1.43130e+01   constant   
  17  LM          -3.45991e-04   constant   
  18  wCBO_expCoeff   2.02522e+02   1.42399e+01   1.71570e-03   5.79548e-06
  19  wCBO_expOffset   2.00309e+02   2.10209e+00   2.53102e-04   3.92343e-05
  20  wCBO_expT    2.98761e+01   1.47000e-01   4.56324e-05   4.53428e-05
  21  wCBO_linCoeff   0.00000e+00   constant   
  22  wCBO_const   1.87795e-03   1.18961e-03   4.63842e-06  -1.17102e-01
 EXTERNAL ERROR MATRIX.    NDIM=  25    NPAR=  4    ERR DEF=1
  2.028e+02 -2.787e+01 -3.847e-01  2.158e-03 
 -2.787e+01  4.419e+00 -5.786e-02  3.238e-04 
 -3.847e-01 -5.786e-02  2.161e-02 -1.262e-04 
  2.158e-03  3.238e-04 -1.262e-04  1.415e-06 
 PARAMETER  CORRELATION COEFFICIENTS  
       NO.  GLOBAL     18     19     20     22
       18  0.99990   1.000 -0.931 -0.184  0.127
       19  0.99990  -0.931  1.000 -0.187  0.129
       20  0.99931  -0.184 -0.187  1.000 -0.722
       22  0.88367   0.127  0.129 -0.722  1.000
MINUIT - FIT ONLY 2-y
 **********
 **   76 **RES 
 **********
                   PARAMETER   14  ANy2 RESTORED TO VARIABLE.
                   PARAMETER    8  phi_CBO RESTORED TO VARIABLE.
                   PARAMETER    7  w_CBO RESTORED TO VARIABLE.
                   PARAMETER    6  A_CBO RESTORED TO VARIABLE.
                   PARAMETER    4  phi RESTORED TO VARIABLE.
                   PARAMETER    3  A0 RESTORED TO VARIABLE.
                   PARAMETER    1  N0 RESTORED TO VARIABLE.
 **********
 **   77 **FIX            0
 **********
 PARAMETER    0  IS UNDEFINED. IGNORED.
 **********
 **   78 **FIX            1
 **********
 **********
 **   79 **FIX            2
 **********
 PARAMETER    2  IS CONSTANT.   IGNORED.
 **********
 **   80 **FIX            3
 **********
 **********
 **   81 **FIX            4
 **********
 **********
 **   82 **FIX            5
 **********
 PARAMETER    5  IS CONSTANT.   IGNORED.
 **********
 **   83 **FIX            6
 **********
 **********
 **   84 **FIX            7
 **********
 **********
 **   85 **FIX            8
 **********
 **********
 **   86 **FIX            9
 **********
 PARAMETER    9  IS CONSTANT.   IGNORED.
 **********
 **   87 **FIX           10
 **********
 PARAMETER   10  IS CONSTANT.   IGNORED.
 **********
 **   88 **FIX           11
 **********
 PARAMETER   11  IS CONSTANT.   IGNORED.
 **********
 **   89 **FIX           12
 **********
 PARAMETER   12  IS CONSTANT.   IGNORED.
 **********
 **   90 **FIX           16
 **********
 PARAMETER   16  IS CONSTANT.   IGNORED.
 **********
 **   91 **MIGRAD
 **********
 START MIGRAD MINIMIZATION.  STRATEGY  1.  CONVERGENCE WHEN EDM .LT. 1.00e-04
 FCN=290.01 FROM MIGRAD    STATUS=INITIATE       10 CALLS         920 TOTAL
                     EDM= unknown      STRATEGY= 1      NO ERROR MATRIX       
  EXT PARAMETER               CURRENT GUESS       STEP         FIRST   
  NO.   NAME      VALUE            ERROR          SIZE      DERIVATIVE 
   1  N0           3.06119e+06     fixed    
   2  tau          6.43953e+01   constant   
   3  A0           3.42929e-01     fixed    
   4  phi          4.11819e+00     fixed    
   5  R           -6.11796e+01   constant   
   6  A_CBO        2.43850e-04     fixed    
   7  w_CBO        2.32622e+00     fixed    
   8  phi_CBO     -2.01834e+00     fixed    
   9  ANx2         4.90616e-04   constant   
  10  pNx2         2.30674e+00   constant   
  11  ANy1         0.00000e+00   constant   
  12  pNy1         0.00000e+00   constant   
  13  w_y          0.00000e+00   constant   
  14  ANy2         2.48275e-04   7.50316e-04   7.50316e-04   3.10325e+01
  15  pNy2         3.41148e-01   constant   
  16  w_vw         1.43130e+01   constant   
  17  LM          -3.45991e-04   constant   
  18  wCBO_expCoeff   2.02522e+02   1.42399e+01   1.71570e-03   5.69903e-06
  19  wCBO_expOffset   2.00309e+02   2.10209e+00   2.53102e-04   3.73990e-05
  20  wCBO_expT    2.98761e+01   1.47000e-01   4.56324e-05   5.15712e-06
  21  wCBO_linCoeff   0.00000e+00   constant   
  22  wCBO_const   1.87795e-03   1.18961e-03   4.63842e-06  -1.16104e-01
 MIGRAD MINIMIZATION HAS CONVERGED.
 MIGRAD WILL VERIFY CONVERGENCE AND ERROR MATRIX.
 COVARIANCE MATRIX CALCULATED SUCCESSFULLY
 FCN=290.01 FROM MIGRAD    STATUS=CONVERGED      52 CALLS         962 TOTAL
                     EDM=1.61358e-07    STRATEGY= 1      ERROR MATRIX ACCURATE 
  EXT PARAMETER                                   STEP         FIRST   
  NO.   NAME      VALUE            ERROR          SIZE      DERIVATIVE 
   1  N0           3.06119e+06     fixed    
   2  tau          6.43953e+01   constant   
   3  A0           3.42929e-01     fixed    
   4  phi          4.11819e+00     fixed    
   5  R           -6.11796e+01   constant   
   6  A_CBO        2.43850e-04     fixed    
   7  w_CBO        2.32622e+00     fixed    
   8  phi_CBO     -2.01834e+00     fixed    
   9  ANx2         4.90616e-04   constant   
  10  pNx2         2.30674e+00   constant   
  11  ANy1         0.00000e+00   constant   
  12  pNy1         0.00000e+00   constant   
  13  w_y          0.00000e+00   constant   
  14  ANy2         2.39556e-04   7.49879e-04   6.24387e-06   1.40373e-03
  15  pNy2         3.41148e-01   constant   
  16  w_vw         1.43130e+01   constant   
  17  LM          -3.45991e-04   constant   
  18  wCBO_expCoeff   2.02522e+02   1.42176e+01   1.71569e-03  -1.69208e-03
  19  wCBO_expOffset   2.00309e+02   2.09896e+00   2.53101e-04  -1.14700e-02
  20  wCBO_expT    2.98761e+01   1.47052e-01   4.56321e-05  -6.76931e-02
  21  wCBO_linCoeff   0.00000e+00   constant   
  22  wCBO_const   1.87797e-03   1.18965e-03   4.63843e-06  -7.09640e-01
 EXTERNAL ERROR MATRIX.    NDIM=  25    NPAR=  5    ERR DEF=1
  5.623e-07  3.905e-05  5.879e-06 -2.236e-06  9.011e-09 
  3.905e-05  2.021e+02 -2.777e+01 -3.846e-01  2.156e-03 
  5.879e-06 -2.777e+01  4.406e+00 -5.796e-02  3.242e-04 
 -2.236e-06 -3.846e-01 -5.796e-02  2.162e-02 -1.262e-04 
  9.011e-09  2.156e-03  3.242e-04 -1.262e-04  1.415e-06 
 PARAMETER  CORRELATION COEFFICIENTS  
       NO.  GLOBAL     14     18     19     20     22
       14  0.02720   1.000  0.004  0.004 -0.020  0.010
       18  0.99990   0.004  1.000 -0.931 -0.184  0.127
       19  0.99990   0.004 -0.931  1.000 -0.188  0.130
       20  0.99931  -0.020 -0.184 -0.188  1.000 -0.722
       22  0.88368   0.010  0.127  0.130 -0.722  1.000
MINUIT - FIT ALTOGETHER
 **********
 **   92 **RES 
 **********
                   PARAMETER    8  phi_CBO RESTORED TO VARIABLE.
                   PARAMETER    7  w_CBO RESTORED TO VARIABLE.
                   PARAMETER    6  A_CBO RESTORED TO VARIABLE.
                   PARAMETER    4  phi RESTORED TO VARIABLE.
                   PARAMETER    3  A0 RESTORED TO VARIABLE.
                   PARAMETER    1  N0 RESTORED TO VARIABLE.
 **********
 **   93 **MIGRAD
 **********
