 + ++++++++++++++++++++++++++++++++++++++++++++++++++++++++++++++++++++ +
 +                                                                      +
 +           You have chose to blind your fitting according to          +
 +                omega_ref * (1 + (R +/- deltaR) *10^{-6})             +
 +                                                                      +
 + ++++++++++++++++++++++++++++++++++++++++++++++++++++++++++++++++++++ +
In main()...
reading format from /gm2data/zkhechad/run45/envelope/formats/formatB_sBin_constraintOn.txt
pBinTau 	= 0  
pBinPhi 	= 0  
constraintau 	= 1 
includeMopTerm 	= 0    
constrainMop    = 0   
Parameters after format file: pBinTau 0 pBinPhi 0 constraintau 1 includeMopTerm 0 constrainMop 0 c_e_scale 0.000000 
reading cbo reference file (full fit) from /gm2data/zkhechad/cboTemplates/Run4CBOTemplates/fullFits/run4/sBin_constraintOn_cE0.0_seed0_run4_calo24.root
A_CBO 0.008786 w_CBO 2.327157 phi_CBO 2.253382 N0 3075736.764901 R -61.041197 tau 64.406859 
Reading cboRef file /gm2data/zkhechad/cboTemplates/Run4CBOTemplates//cboIsolate/run4_calo24.root
deltaT 164.120000
windowBins = 1100
fitting sliding window 1700 from bin 1903 at 283.927600 to bin 3003 at 448.047600 (1100 bins)

Reading data from /gm2data/cornell/histograms/aMethod/histogram_a_run4.root
fitting cbo isolate
 **********
 **    1 **SET PRINTOUT            1
 **********
 **********
 **    2 **SET NOWARNINGS 
 **********
 PARAMETER DEFINITIONS:
    NO.   NAME         VALUE      STEP SIZE      LIMITS
     1 A_CBO        8.78574e-03  1.00000e-05     no limits
     2 w_CBO        2.32716e+00  1.00000e-02    2.00000e+00  3.00000e+00
     3 phi_CBO      2.25338e+00  1.00000e-02    0.00000e+00  6.28319e+00
 **********
 **    3 **MIGRAD
 **********
 FIRST CALL TO USER FUNCTION AT NEW START POINT, WITH IFLAG=4.
 START MIGRAD MINIMIZATION.  STRATEGY  1.  CONVERGENCE WHEN EDM .LT. 1.00e-04
 FCN=0.079398 FROM MIGRAD    STATUS=INITIATE       12 CALLS          13 TOTAL
                     EDM= unknown      STRATEGY= 1      NO ERROR MATRIX       
  EXT PARAMETER               CURRENT GUESS       STEP         FIRST   
  NO.   NAME      VALUE            ERROR          SIZE      DERIVATIVE 
   1  A_CBO        8.78574e-03   1.00000e-05   1.00000e-05   6.89728e+00
   2  w_CBO        2.32716e+00   1.00000e-02   2.13163e-02   9.53992e-01
   3  phi_CBO      2.25338e+00   1.00000e-02   3.31850e-03  -1.77119e-02
 MIGRAD MINIMIZATION HAS CONVERGED.
 MIGRAD WILL VERIFY CONVERGENCE AND ERROR MATRIX.
 COVARIANCE MATRIX CALCULATED SUCCESSFULLY
 FCN=0.0576099 FROM MIGRAD    STATUS=CONVERGED      57 CALLS          58 TOTAL
                     EDM=6.74491e-05    STRATEGY= 1      ERROR MATRIX ACCURATE 
  EXT PARAMETER                                   STEP         FIRST   
  NO.   NAME      VALUE            ERROR          SIZE      DERIVATIVE 
   1  A_CBO        2.58774e-03   4.26609e-02   2.14156e-05  -5.12708e-04
   2  w_CBO        2.32689e+00   3.35624e-01   4.98971e-05   1.85251e-03
   3  phi_CBO      2.37347e+00   4.03137e+00   2.79096e-03  -2.92715e-04
 EXTERNAL ERROR MATRIX.    NDIM=  25    NPAR=  3    ERR DEF=1
  1.820e-03  3.843e-04  1.469e-01 
  3.843e-04  1.399e-01  5.053e+01 
  1.469e-01  5.053e+01  1.853e+04 
 PARAMETER  CORRELATION COEFFICIENTS  
       NO.  GLOBAL      1      2      3
        1  0.02666   1.000  0.024  0.025
        2  0.99265   0.024  1.000  0.993
        3  0.99265   0.025  0.993  1.000
setting A_CBO=0.002588 w_CBO=2.326888, phi_CBO=2.373468
done fitting cbo isolate
 **********
 **    1 **SET PRINTOUT            1
 **********
 **********
 **    2 **SET NOWARNINGS 
 **********
 PARAMETER DEFINITIONS:
    NO.   NAME         VALUE      STEP SIZE      LIMITS
     1 N0           3.07574e+06  1.00000e+02     no limits
     2 tau          6.44069e+01  constant
     3 A0           3.65045e-01  1.00000e-04     no limits
     4 phi          4.11943e+00  1.00000e-02     no limits
     5 R           -6.10412e+01  constant
     6 A_CBO        2.58774e-03  1.00000e-05     no limits
     7 w_CBO        2.32689e+00  1.00000e-03     no limits
     8 phi_CBO      2.37347e+00  1.00000e-04     no limits
     9 ANx2         1.88981e-04  constant
    10 pNx2         1.59299e+00  constant
    11 ANy1         0.00000e+00  constant
    12 pNy1         0.00000e+00  constant
    13 w_y          0.00000e+00  constant
    14 ANy2         1.39657e-02  1.00000e-04     no limits
    15 pNy2         4.84726e+00  constant
    16 w_vw         1.43184e+01  constant
    17 LM           1.57605e-04  constant
    18 wCBO_expCoeff   2.00000e+02  1.00000e+00     no limits
    19 wCBO_expOffset   2.00000e+02  1.00000e+00     no limits
    20 wCBO_expT    3.00000e+01  1.00000e+00     no limits
    21 wCBO_linCoeff   0.00000e+00  constant
    22 wCBO_const   0.00000e+00  1.00000e-02     no limits
MINUIT - FIT ONLY WIGGLE
 **********
 **    3 **FIX            5
 **********
 PARAMETER    5  IS CONSTANT.   IGNORED.
 **********
 **    4 **FIX            6
 **********
 **********
 **    5 **FIX            7
 **********
 **********
 **    6 **FIX            8
 **********
 **********
 **    7 **FIX            9
 **********
 PARAMETER    9  IS CONSTANT.   IGNORED.
 **********
 **    8 **FIX           10
 **********
 PARAMETER   10  IS CONSTANT.   IGNORED.
 **********
 **    9 **FIX           11
 **********
 PARAMETER   11  IS CONSTANT.   IGNORED.
 **********
 **   10 **FIX           12
 **********
 PARAMETER   12  IS CONSTANT.   IGNORED.
 **********
 **   11 **FIX           13
 **********
 PARAMETER   13  IS CONSTANT.   IGNORED.
 **********
 **   12 **FIX           14
 **********
 **********
 **   13 **FIX           15
 **********
 PARAMETER   15  IS CONSTANT.   IGNORED.
 **********
 **   14 **FIX           16
 **********
 PARAMETER   16  IS CONSTANT.   IGNORED.
 **********
 **   15 **MIGRAD
 **********
 FIRST CALL TO USER FUNCTION AT NEW START POINT, WITH IFLAG=4.
 START MIGRAD MINIMIZATION.  STRATEGY  1.  CONVERGENCE WHEN EDM .LT. 1.00e-04
 FCN=1496.25 FROM MIGRAD    STATUS=INITIATE       82 CALLS          83 TOTAL
                     EDM= unknown      STRATEGY= 1      NO ERROR MATRIX       
  EXT PARAMETER               CURRENT GUESS       STEP         FIRST   
  NO.   NAME      VALUE            ERROR          SIZE      DERIVATIVE 
   1  N0           3.07574e+06   1.00000e+02   0.00000e+00  -3.04977e-05
   2  tau          6.44069e+01   constant   
   3  A0           3.65045e-01   1.00000e-04   0.00000e+00   1.80336e+02
   4  phi          4.11943e+00   1.00000e-02   0.00000e+00  -3.57128e+02
   5  R           -6.10412e+01   constant   
   6  A_CBO        2.58774e-03     fixed    
   7  w_CBO        2.32689e+00     fixed    
   8  phi_CBO      2.37347e+00     fixed    
   9  ANx2         1.88981e-04   constant   
  10  pNx2         1.59299e+00   constant   
  11  ANy1         0.00000e+00   constant   
  12  pNy1         0.00000e+00   constant   
  13  w_y          0.00000e+00   constant   
  14  ANy2         1.39657e-02     fixed    
  15  pNy2         4.84726e+00   constant   
  16  w_vw         1.43184e+01   constant   
  17  LM           1.57605e-04   constant   
  18  wCBO_expCoeff   1.99950e+02   1.00000e+00  -5.03970e-02  -5.52014e+00
  19  wCBO_expOffset   2.00000e+02   1.00000e+00   0.00000e+00  -3.67492e+01
  20  wCBO_expT    3.00000e+01   1.00000e+00   0.00000e+00  -2.30595e+03
  21  wCBO_linCoeff   0.00000e+00   constant   
  22  wCBO_const   3.62821e-03   1.00000e-02   0.00000e+00  -1.77461e+04
 MIGRAD MINIMIZATION HAS CONVERGED.
 FCN=1475.91 FROM MIGRAD    STATUS=CONVERGED     198 CALLS         199 TOTAL
                     EDM=4.80796e-06    STRATEGY= 1  ERROR MATRIX UNCERTAINTY   1.4 per cent
  EXT PARAMETER                                   STEP         FIRST   
  NO.   NAME      VALUE            ERROR          SIZE      DERIVATIVE 
   1  N0           3.07607e+06   9.33510e+02  -1.01115e+01  -2.21734e-06
   2  tau          6.44069e+01   constant   
   3  A0           3.64978e-01   4.00859e-04   1.67917e-05  -3.21299e+00
   4  phi          4.11974e+00   1.15087e-03  -1.42951e-05  -8.73960e-01
   5  R           -6.10412e+01   constant   
   6  A_CBO        2.58774e-03     fixed    
   7  w_CBO        2.32689e+00     fixed    
   8  phi_CBO      2.37347e+00     fixed    
   9  ANx2         1.88981e-04   constant   
  10  pNx2         1.59299e+00   constant   
  11  ANy1         0.00000e+00   constant   
  12  pNy1         0.00000e+00   constant   
  13  w_y          0.00000e+00   constant   
  14  ANy2         1.39657e-02     fixed    
  15  pNy2         4.84726e+00   constant   
  16  w_vw         1.43184e+01   constant   
  17  LM           1.57605e-04   constant   
  18  wCBO_expCoeff   1.99911e+02   5.28362e-02   5.27764e-04   2.29977e-02
  19  wCBO_expOffset   1.99994e+02   7.93577e-03   7.92723e-05   1.62397e-01
  20  wCBO_expT    3.00012e+01   5.81833e-03  -6.70095e-05   3.86622e-01
  21  wCBO_linCoeff   0.00000e+00   constant   
  22  wCBO_const   5.40712e-03   8.69131e-04   9.12606e-06   3.74234e+00
 EXTERNAL ERROR MATRIX.    NDIM=  25    NPAR=  7    ERR DEF=1
  8.714e+05  8.554e-03  4.186e-03  1.253e+00  1.884e-01 -2.088e-01  4.546e-02 
  8.554e-03  1.607e-07 -1.102e-09 -4.587e-07 -6.899e-08  5.704e-08 -1.446e-08 
  4.186e-03 -1.102e-09  1.325e-06 -2.797e-06 -4.200e-07  3.081e-07 -4.104e-08 
  1.253e+00 -4.587e-07 -2.797e-06  2.792e-03  4.009e-04 -3.000e-04  3.548e-05 
  1.884e-01 -6.899e-08 -4.200e-07  4.009e-04  6.298e-05 -4.506e-05  5.330e-06 
 -2.088e-01  5.704e-08  3.081e-07 -3.000e-04 -4.506e-05  3.385e-05 -4.342e-06 
  4.546e-02 -1.446e-08 -4.104e-08  3.548e-05  5.330e-06 -4.342e-06  7.554e-07 
 PARAMETER  CORRELATION COEFFICIENTS  
       NO.  GLOBAL      1      3      4     18     19     20     22
        1  0.09154   1.000  0.023  0.004  0.025  0.025 -0.038  0.056
        3  0.06056   0.023  1.000 -0.002 -0.022 -0.022  0.024 -0.042
        4  0.04893   0.004 -0.002  1.000 -0.046 -0.046  0.046 -0.041
       18  0.98670   0.025 -0.022 -0.046  1.000  0.956 -0.976  0.773
       19  0.98673   0.025 -0.022 -0.046  0.956  1.000 -0.976  0.773
       20  0.99674  -0.038  0.024  0.046 -0.976 -0.976  1.000 -0.859
       22  0.95042   0.056 -0.042 -0.041  0.773  0.773 -0.859  1.000
MINUIT - FIT ONLY 1-CBO + other amplitudes 
 **********
 **   16 **RES 
 **********
                   PARAMETER   14  ANy2 RESTORED TO VARIABLE.
                   PARAMETER    8  phi_CBO RESTORED TO VARIABLE.
                   PARAMETER    7  w_CBO RESTORED TO VARIABLE.
                   PARAMETER    6  A_CBO RESTORED TO VARIABLE.
 **********
 **   17 **FIX            0
 **********
 PARAMETER    0  IS UNDEFINED. IGNORED.
 **********
 **   18 **FIX            1
 **********
 **********
 **   19 **FIX            2
 **********
 PARAMETER    2  IS CONSTANT.   IGNORED.
 **********
 **   20 **FIX            3
 **********
 **********
 **   21 **FIX            4
 **********
 **********
 **   22 **FIX            9
 **********
 PARAMETER    9  IS CONSTANT.   IGNORED.
 **********
 **   23 **FIX           11
 **********
 PARAMETER   11  IS CONSTANT.   IGNORED.
 **********
 **   24 **FIX           12
 **********
 PARAMETER   12  IS CONSTANT.   IGNORED.
 **********
 **   25 **FIX           14
 **********
 **********
 **   26 **FIX           15
 **********
 PARAMETER   15  IS CONSTANT.   IGNORED.
 **********
 **   27 **FIX           16
 **********
 PARAMETER   16  IS CONSTANT.   IGNORED.
 **********
 **   28 **MIGRAD
 **********
 START MIGRAD MINIMIZATION.  STRATEGY  1.  CONVERGENCE WHEN EDM .LT. 1.00e-04
 FCN=1475.91 FROM MIGRAD    STATUS=INITIATE       20 CALLS         219 TOTAL
                     EDM= unknown      STRATEGY= 1      NO ERROR MATRIX       
  EXT PARAMETER               CURRENT GUESS       STEP         FIRST   
  NO.   NAME      VALUE            ERROR          SIZE      DERIVATIVE 
   1  N0           3.07607e+06     fixed    
   2  tau          6.44069e+01   constant   
   3  A0           3.64978e-01     fixed    
   4  phi          4.11974e+00     fixed    
   5  R           -6.10412e+01   constant   
   6  A_CBO        2.58774e-03   1.00000e-05   1.00000e-05   9.02292e+03
   7  w_CBO        2.32689e+00   1.00000e-03   1.00000e-03   3.60850e+00
   8  phi_CBO      2.37347e+00   1.00000e-04   1.00000e-04  -4.00145e-01
   9  ANx2         1.88981e-04   constant   
  10  pNx2         1.59299e+00   constant   
  11  ANy1         0.00000e+00   constant   
  12  pNy1         0.00000e+00   constant   
  13  w_y          0.00000e+00   constant   
  14  ANy2         1.39657e-02     fixed    
  15  pNy2         4.84726e+00   constant   
  16  w_vw         1.43184e+01   constant   
  17  LM           1.57605e-04   constant   
  18  wCBO_expCoeff   1.99911e+02   5.28362e-02   5.27764e-04   2.29980e-02
  19  wCBO_expOffset   1.99994e+02   7.93577e-03   7.92723e-05   1.62397e-01
  20  wCBO_expT    3.00012e+01   5.81833e-03  -6.70095e-05   3.86622e-01
  21  wCBO_linCoeff   0.00000e+00   constant   
  22  wCBO_const   5.40712e-03   8.69131e-04   9.12606e-06   3.74229e+00
 MIGRAD MINIMIZATION HAS CONVERGED.
 MIGRAD WILL VERIFY CONVERGENCE AND ERROR MATRIX.
 COVARIANCE MATRIX CALCULATED SUCCESSFULLY
 FCN=1470.21 FROM MIGRAD    STATUS=CONVERGED     308 CALLS         507 TOTAL
                     EDM=3.21867e-06    STRATEGY= 1      ERROR MATRIX ACCURATE 
  EXT PARAMETER                                   STEP         FIRST   
  NO.   NAME      VALUE            ERROR          SIZE      DERIVATIVE 
   1  N0           3.07607e+06     fixed    
   2  tau          6.44069e+01   constant   
   3  A0           3.64978e-01     fixed    
   4  phi          4.11974e+00     fixed    
   5  R           -6.10412e+01   constant   
   6  A_CBO        1.75120e-03   4.32689e-04   8.02305e-06  -3.46601e-01
   7  w_CBO        2.32730e+00   4.07097e-03   1.94201e-06  -4.01924e+00
   8  phi_CBO      3.98159e+00   6.07171e-01   4.57829e-03   3.44508e-03
   9  ANx2         1.88981e-04   constant   
  10  pNx2         1.59299e+00   constant   
  11  ANy1         0.00000e+00   constant   
  12  pNy1         0.00000e+00   constant   
  13  w_y          0.00000e+00   constant   
  14  ANy2         1.39657e-02     fixed    
  15  pNy2         4.84726e+00   constant   
  16  w_vw         1.43184e+01   constant   
  17  LM           1.57605e-04   constant   
  18  wCBO_expCoeff   1.99937e+02   3.81535e-01   1.90518e-04  -3.37882e-02
  19  wCBO_expOffset   1.99998e+02   4.03142e-02   9.53665e-05  -2.28661e-01
  20  wCBO_expT    2.99959e+01   6.36833e-03   1.43032e-05  -1.32685e+00
  21  wCBO_linCoeff   0.00000e+00   constant   
  22  wCBO_const   8.22971e-03   2.10409e-03   5.75150e-06  -2.57485e+00
 EXTERNAL ERROR MATRIX.    NDIM=  25    NPAR=  7    ERR DEF=1
  1.872e-07  5.086e-08 -1.792e-05  7.220e-06 -1.894e-06  8.295e-08 -6.831e-08 
  5.086e-08  1.657e-05 -3.837e-05 -1.072e-03 -4.524e-05 -2.821e-06 -6.848e-06 
 -1.792e-05 -3.837e-05  3.687e-01 -7.951e-03  1.033e-03  2.356e-04  4.141e-04 
  7.220e-06 -1.072e-03 -7.951e-03  1.456e-01 -6.882e-03 -4.281e-04  5.117e-04 
 -1.894e-06 -4.524e-05  1.033e-03 -6.882e-03  1.625e-03 -3.872e-06  2.167e-05 
  8.295e-08 -2.821e-06  2.356e-04 -4.281e-04 -3.872e-06  4.056e-05 -4.480e-06 
 -6.831e-08 -6.848e-06  4.141e-04  5.117e-04  2.167e-05 -4.480e-06  4.427e-06 
 PARAMETER  CORRELATION COEFFICIENTS  
       NO.  GLOBAL      6      7      8     18     19     20     22
        6  0.14082   1.000  0.029 -0.068  0.044 -0.109  0.030 -0.075
        7  0.99968   0.029  1.000 -0.016 -0.690 -0.276 -0.109 -0.800
        8  0.91568  -0.068 -0.016  1.000 -0.034  0.042  0.061  0.324
       18  0.99965   0.044 -0.690 -0.034  1.000 -0.447 -0.176  0.637
       19  0.99929  -0.109 -0.276  0.042 -0.447  1.000 -0.015  0.256
       20  0.99723   0.030 -0.109  0.061 -0.176 -0.015  1.000 -0.334
       22  0.98932  -0.075 -0.800  0.324  0.637  0.256 -0.334  1.000
MINUIT - FIT ONLY 1-CBO
 **********
 **   29 **RES 
 **********
                   PARAMETER   14  ANy2 RESTORED TO VARIABLE.
                   PARAMETER    4  phi RESTORED TO VARIABLE.
                   PARAMETER    3  A0 RESTORED TO VARIABLE.
                   PARAMETER    1  N0 RESTORED TO VARIABLE.
 **********
 **   30 **FIX            0
 **********
 PARAMETER    0  IS UNDEFINED. IGNORED.
 **********
 **   31 **FIX            1
 **********
 **********
 **   32 **FIX            2
 **********
 PARAMETER    2  IS CONSTANT.   IGNORED.
 **********
 **   33 **FIX            3
 **********
 **********
 **   34 **FIX            4
 **********
 **********
 **   35 **FIX            8
 **********
 **********
 **   36 **FIX            9
 **********
 PARAMETER    9  IS CONSTANT.   IGNORED.
 **********
 **   37 **FIX           11
 **********
 PARAMETER   11  IS CONSTANT.   IGNORED.
 **********
 **   38 **FIX           12
 **********
 PARAMETER   12  IS CONSTANT.   IGNORED.
 **********
 **   39 **FIX           13
 **********
 PARAMETER   13  IS CONSTANT.   IGNORED.
 **********
 **   40 **FIX           15
 **********
 PARAMETER   15  IS CONSTANT.   IGNORED.
 **********
 **   41 **FIX           16
 **********
 PARAMETER   16  IS CONSTANT.   IGNORED.
 **********
 **   42 **MIGRAD
 **********
 START MIGRAD MINIMIZATION.  STRATEGY  1.  CONVERGENCE WHEN EDM .LT. 1.00e-04
 FCN=1470.21 FROM MIGRAD    STATUS=INITIATE       16 CALLS         523 TOTAL
                     EDM= unknown      STRATEGY= 1      NO ERROR MATRIX       
  EXT PARAMETER               CURRENT GUESS       STEP         FIRST   
  NO.   NAME      VALUE            ERROR          SIZE      DERIVATIVE 
   1  N0           3.07607e+06     fixed    
   2  tau          6.44069e+01   constant   
   3  A0           3.64978e-01     fixed    
   4  phi          4.11974e+00     fixed    
   5  R           -6.10412e+01   constant   
   6  A_CBO        1.75120e-03   4.32689e-04   8.02305e-06  -3.46601e-01
   7  w_CBO        2.32730e+00   4.07097e-03   1.94201e-06  -4.04310e+00
   8  phi_CBO      3.98159e+00     fixed    
   9  ANx2         1.88981e-04   constant   
  10  pNx2         1.59299e+00   constant   
  11  ANy1         0.00000e+00   constant   
  12  pNy1         0.00000e+00   constant   
  13  w_y          0.00000e+00   constant   
  14  ANy2         1.39657e-02   1.00000e-04   1.00000e-04   1.55225e+05
  15  pNy2         4.84726e+00   constant   
  16  w_vw         1.43184e+01   constant   
  17  LM           1.57605e-04   constant   
  18  wCBO_expCoeff   1.99937e+02   3.81535e-01   1.90518e-04  -3.39674e-02
  19  wCBO_expOffset   1.99998e+02   4.03142e-02   9.53665e-05  -2.39242e-01
  20  wCBO_expT    2.99959e+01   6.36833e-03   1.43032e-05  -1.34663e+00
  21  wCBO_linCoeff   0.00000e+00   constant   
  22  wCBO_const   8.22971e-03   2.10409e-03   5.75150e-06  -2.57688e+00
 MIGRAD MINIMIZATION HAS CONVERGED.
 MIGRAD WILL VERIFY CONVERGENCE AND ERROR MATRIX.
 FCN=351.984 FROM HESSE     STATUS=NOT POSDEF     50 CALLS         752 TOTAL
                     EDM=0.00067428    STRATEGY= 1      ERR MATRIX NOT POS-DEF
  EXT PARAMETER                APPROXIMATE        STEP         FIRST   
  NO.   NAME      VALUE            ERROR          SIZE      DERIVATIVE 
   1  N0           3.07607e+06     fixed    
   2  tau          6.44069e+01   constant   
   3  A0           3.64978e-01     fixed    
   4  phi          4.11974e+00     fixed    
   5  R           -6.10412e+01   constant   
   6  A_CBO        3.68706e-04   4.58618e-04   3.92162e-06   3.27868e+00
   7  w_CBO        2.32727e+00   3.16648e-03   2.48197e-06  -2.92092e+00
   8  phi_CBO      3.98159e+00     fixed    
   9  ANx2         1.88981e-04   constant   
  10  pNx2         1.59299e+00   constant   
  11  ANy1         0.00000e+00   constant   
  12  pNy1         0.00000e+00   constant   
  13  w_y          0.00000e+00   constant   
  14  ANy2        -4.27387e-04   4.27878e-04   3.92395e-06  -2.29089e+00
  15  pNy2         4.84726e+00   constant   
  16  w_vw         1.43184e+01   constant   
  17  LM           1.57605e-04   constant   
  18  wCBO_expCoeff   1.99946e+02   2.98622e-01   2.39391e-04  -4.01230e-02
  19  wCBO_expOffset   1.99999e+02   4.88234e-02   9.53671e-05  -2.65921e-01
  20  wCBO_expT    2.99969e+01   1.48258e-02   1.43036e-05   2.72533e+00
  21  wCBO_linCoeff   0.00000e+00   constant   
  22  wCBO_const   6.10859e-03   1.91219e-03   7.83380e-06   1.21672e+00
 MIGRAD MINIMIZATION HAS CONVERGED.
 MIGRAD WILL VERIFY CONVERGENCE AND ERROR MATRIX.
 FCN=351.969 FROM MIGRAD    STATUS=CONVERGED     343 CALLS         850 TOTAL
                     EDM=2.01731e-06    STRATEGY= 1      ERR MATRIX NOT POS-DEF
  EXT PARAMETER                APPROXIMATE        STEP         FIRST   
  NO.   NAME      VALUE            ERROR          SIZE      DERIVATIVE 
   1  N0           3.07607e+06     fixed    
   2  tau          6.44069e+01   constant   
   3  A0           3.64978e-01     fixed    
   4  phi          4.11974e+00     fixed    
   5  R           -6.10412e+01   constant   
   6  A_CBO        2.98828e-04   4.68323e-04   3.89560e-06  -3.56924e-01
   7  w_CBO        2.32765e+00   3.57681e-03   2.55260e-06   6.63114e+00
   8  phi_CBO      3.98159e+00     fixed    
   9  ANx2         1.88981e-04   constant   
  10  pNx2         1.59299e+00   constant   
  11  ANy1         0.00000e+00   constant   
  12  pNy1         0.00000e+00   constant   
  13  w_y          0.00000e+00   constant   
  14  ANy2        -4.36530e-04   4.27597e-04   3.92385e-06  -5.25337e-01
  15  pNy2         4.84726e+00   constant   
  16  w_vw         1.43184e+01   constant   
  17  LM           1.57605e-04   constant   
  18  wCBO_expCoeff   1.99986e+02   3.30888e-01   2.47467e-04   7.06376e-02
  19  wCBO_expOffset   2.00007e+02   5.02569e-02   9.53710e-05   4.71352e-01
  20  wCBO_expT    2.99905e+01   1.64694e-02   1.43006e-05   1.44590e+00
  21  wCBO_linCoeff   0.00000e+00   constant   
  22  wCBO_const   6.26024e-03   1.99698e-03   7.55262e-06   1.29999e+00
 EXTERNAL ERROR MATRIX.    NDIM=  25    NPAR=  7    ERR DEF=1
  2.193e-07 -1.901e-07  9.317e-09 -2.053e-05 -3.334e-06  2.950e-06  1.536e-08 
 -1.901e-07  1.279e-05 -1.952e-08 -3.866e-04 -5.553e-05 -1.744e-05 -4.565e-06 
  9.317e-09 -1.952e-08  1.828e-07 -2.029e-06 -4.674e-07  3.542e-07 -1.096e-09 
 -2.053e-05 -3.866e-04 -2.029e-06  1.095e-01 -6.150e-03 -1.782e-03  2.551e-04 
 -3.334e-06 -5.553e-05 -4.674e-07 -6.150e-03  2.526e-03 -2.990e-04  3.850e-05 
  2.950e-06 -1.744e-05  3.542e-07 -1.782e-03 -2.990e-04  2.712e-04 -8.135e-06 
  1.536e-08 -4.565e-06 -1.096e-09  2.551e-04  3.850e-05 -8.135e-06  3.988e-06 
ERR MATRIX NOT POS-DEF
 PARAMETER  CORRELATION COEFFICIENTS  
       NO.  GLOBAL      6      7     14     18     19     20     22
        6  0.42735   1.000 -0.114  0.047 -0.132 -0.142  0.383  0.016
        7  0.99694  -0.114  1.000 -0.013 -0.327 -0.309 -0.296 -0.639
       14  0.06605   0.047 -0.013  1.000 -0.014 -0.022  0.050 -0.001
       18  0.99663  -0.132 -0.327 -0.014  1.000 -0.370 -0.327  0.386
       19  0.99672  -0.142 -0.309 -0.022 -0.370  1.000 -0.361  0.384
       20  0.99692   0.383 -0.296  0.050 -0.327 -0.361  1.000 -0.247
       22  0.91266   0.016 -0.639 -0.001  0.386  0.384 -0.247  1.000
 ERR MATRIX NOT POS-DEF
MINUIT - FIT ONLY 2-CBO
 **********
 **   43 **RES 
 **********
                   PARAMETER    8  phi_CBO RESTORED TO VARIABLE.
                   PARAMETER    4  phi RESTORED TO VARIABLE.
                   PARAMETER    3  A0 RESTORED TO VARIABLE.
                   PARAMETER    1  N0 RESTORED TO VARIABLE.
 **********
 **   44 **FIX            0
 **********
 PARAMETER    0  IS UNDEFINED. IGNORED.
 **********
 **   45 **FIX            1
 **********
 **********
 **   46 **FIX            2
 **********
 PARAMETER    2  IS CONSTANT.   IGNORED.
 **********
 **   47 **FIX            3
 **********
 **********
 **   48 **FIX            4
 **********
 **********
 **   49 **FIX            5
 **********
 PARAMETER    5  IS CONSTANT.   IGNORED.
 **********
 **   50 **FIX            6
 **********
 **********
 **   51 **FIX            7
 **********
 **********
 **   52 **FIX           10
 **********
 PARAMETER   10  IS CONSTANT.   IGNORED.
 **********
 **   53 **FIX           11
 **********
 PARAMETER   11  IS CONSTANT.   IGNORED.
 **********
 **   54 **FIX           12
 **********
 PARAMETER   12  IS CONSTANT.   IGNORED.
 **********
 **   55 **FIX           13
 **********
 PARAMETER   13  IS CONSTANT.   IGNORED.
 **********
 **   56 **FIX           14
 **********
 **********
 **   57 **FIX           15
 **********
 PARAMETER   15  IS CONSTANT.   IGNORED.
 **********
 **   58 **FIX           16
 **********
 PARAMETER   16  IS CONSTANT.   IGNORED.
 **********
 **   59 **MIGRAD
 **********
 START MIGRAD MINIMIZATION.  STRATEGY  1.  CONVERGENCE WHEN EDM .LT. 1.00e-04
 FCN=351.969 FROM MIGRAD    STATUS=INITIATE       12 CALLS         862 TOTAL
                     EDM= unknown      STRATEGY= 1      NO ERROR MATRIX       
  EXT PARAMETER               CURRENT GUESS       STEP         FIRST   
  NO.   NAME      VALUE            ERROR          SIZE      DERIVATIVE 
   1  N0           3.07607e+06     fixed    
   2  tau          6.44069e+01   constant   
   3  A0           3.64978e-01     fixed    
   4  phi          4.11974e+00     fixed    
   5  R           -6.10412e+01   constant   
   6  A_CBO        2.98828e-04     fixed    
   7  w_CBO        2.32765e+00     fixed    
   8  phi_CBO      3.98159e+00   6.07171e-01   6.07171e-01   3.66966e-01
   9  ANx2         1.88981e-04   constant   
  10  pNx2         1.59299e+00   constant   
  11  ANy1         0.00000e+00   constant   
  12  pNy1         0.00000e+00   constant   
  13  w_y          0.00000e+00   constant   
  14  ANy2        -4.36530e-04     fixed    
  15  pNy2         4.84726e+00   constant   
  16  w_vw         1.43184e+01   constant   
  17  LM           1.57605e-04   constant   
  18  wCBO_expCoeff   1.99986e+02   3.30888e-01   2.47467e-04   7.06661e-02
  19  wCBO_expOffset   2.00007e+02   5.02569e-02   9.53710e-05   4.72327e-01
  20  wCBO_expT    2.99905e+01   1.64694e-02   1.43006e-05   1.44865e+00
  21  wCBO_linCoeff   0.00000e+00   constant   
  22  wCBO_const   6.26024e-03   1.99698e-03   7.55262e-06   1.29826e+00
 MIGRAD MINIMIZATION HAS CONVERGED.
 MIGRAD WILL VERIFY CONVERGENCE AND ERROR MATRIX.
 COVARIANCE MATRIX CALCULATED SUCCESSFULLY
 FCN=351.831 FROM MIGRAD    STATUS=CONVERGED     103 CALLS         953 TOTAL
                     EDM=9.75662e-05    STRATEGY= 1      ERROR MATRIX ACCURATE 
  EXT PARAMETER                                   STEP         FIRST   
  NO.   NAME      VALUE            ERROR          SIZE      DERIVATIVE 
   1  N0           3.07607e+06     fixed    
   2  tau          6.44069e+01   constant   
   3  A0           3.64978e-01     fixed    
   4  phi          4.11974e+00     fixed    
   5  R           -6.10412e+01   constant   
   6  A_CBO        2.98828e-04     fixed    
   7  w_CBO        2.32765e+00     fixed    
   8  phi_CBO      3.20509e+00   2.28204e+00   1.22788e-02  -6.19728e-05
   9  ANx2         1.88981e-04   constant   
  10  pNx2         1.59299e+00   constant   
  11  ANy1         0.00000e+00   constant   
  12  pNy1         0.00000e+00   constant   
  13  w_y          0.00000e+00   constant   
  14  ANy2        -4.36530e-04     fixed    
  15  pNy2         4.84726e+00   constant   
  16  w_vw         1.43184e+01   constant   
  17  LM           1.57605e-04   constant   
  18  wCBO_expCoeff   1.99991e+02   6.05251e-01   2.49894e-04  -3.95636e-02
  19  wCBO_expOffset   2.00008e+02   8.06381e-02   9.53714e-05  -2.64548e-01
  20  wCBO_expT    2.99906e+01   2.63230e-02   1.43006e-05  -1.36935e+00
  21  wCBO_linCoeff   0.00000e+00   constant   
  22  wCBO_const   5.72629e-03   3.76330e-03   7.38982e-06  -9.84887e-01
 EXTERNAL ERROR MATRIX.    NDIM=  25    NPAR=  5    ERR DEF=1
  5.208e+00  1.390e-01  1.072e-02 -1.684e-02  5.759e-03 
  1.390e-01  3.663e-01 -3.146e-02 -8.430e-03  9.032e-04 
  1.072e-02 -3.146e-02  6.502e-03 -6.367e-04  6.642e-05 
 -1.684e-02 -8.430e-03 -6.367e-04  6.929e-04 -8.047e-05 
  5.759e-03  9.032e-04  6.642e-05 -8.047e-05  1.416e-05 
 PARAMETER  CORRELATION COEFFICIENTS  
       NO.  GLOBAL      8     18     19     20     22
        8  0.81023   1.000  0.101  0.058 -0.280  0.671
       18  0.99899   0.101  1.000 -0.645 -0.529  0.397
       19  0.99871   0.058 -0.645  1.000 -0.300  0.219
       20  0.99884  -0.280 -0.529 -0.300  1.000 -0.812
       22  0.97680   0.671  0.397  0.219 -0.812  1.000
MINUIT - FIT ONLY 1-y
 **********
 **   60 **RES 
 **********
                   PARAMETER   14  ANy2 RESTORED TO VARIABLE.
                   PARAMETER    7  w_CBO RESTORED TO VARIABLE.
                   PARAMETER    6  A_CBO RESTORED TO VARIABLE.
                   PARAMETER    4  phi RESTORED TO VARIABLE.
                   PARAMETER    3  A0 RESTORED TO VARIABLE.
                   PARAMETER    1  N0 RESTORED TO VARIABLE.
 **********
 **   61 **FIX            0
 **********
 PARAMETER    0  IS UNDEFINED. IGNORED.
 **********
 **   62 **FIX            1
 **********
 **********
 **   63 **FIX            2
 **********
 PARAMETER    2  IS CONSTANT.   IGNORED.
 **********
 **   64 **FIX            3
 **********
 **********
 **   65 **FIX            4
 **********
 **********
 **   66 **FIX            5
 **********
 PARAMETER    5  IS CONSTANT.   IGNORED.
 **********
 **   67 **FIX            6
 **********
 **********
 **   68 **FIX            7
 **********
 **********
 **   69 **FIX            8
 **********
 **********
 **   70 **FIX            9
 **********
 PARAMETER    9  IS CONSTANT.   IGNORED.
 **********
 **   71 **FIX           13
 **********
 PARAMETER   13  IS CONSTANT.   IGNORED.
 **********
 **   72 **FIX           14
 **********
 **********
 **   73 **FIX           15
 **********
 PARAMETER   15  IS CONSTANT.   IGNORED.
 **********
 **   74 **FIX           16
 **********
 PARAMETER   16  IS CONSTANT.   IGNORED.
 **********
 **   75 **MIGRAD
 **********
 START MIGRAD MINIMIZATION.  STRATEGY  1.  CONVERGENCE WHEN EDM .LT. 1.00e-04
 FCN=351.831 FROM MIGRAD    STATUS=INITIATE        8 CALLS         961 TOTAL
                     EDM= unknown      STRATEGY= 1      NO ERROR MATRIX       
  EXT PARAMETER               CURRENT GUESS       STEP         FIRST   
  NO.   NAME      VALUE            ERROR          SIZE      DERIVATIVE 
   1  N0           3.07607e+06     fixed    
   2  tau          6.44069e+01   constant   
   3  A0           3.64978e-01     fixed    
   4  phi          4.11974e+00     fixed    
   5  R           -6.10412e+01   constant   
   6  A_CBO        2.98828e-04     fixed    
   7  w_CBO        2.32765e+00     fixed    
   8  phi_CBO      3.20509e+00     fixed    
   9  ANx2         1.88981e-04   constant   
  10  pNx2         1.59299e+00   constant   
  11  ANy1         0.00000e+00   constant   
  12  pNy1         0.00000e+00   constant   
  13  w_y          0.00000e+00   constant   
  14  ANy2        -4.36530e-04     fixed    
  15  pNy2         4.84726e+00   constant   
  16  w_vw         1.43184e+01   constant   
  17  LM           1.57605e-04   constant   
  18  wCBO_expCoeff   1.99991e+02   6.05251e-01   2.49894e-04  -3.96296e-02
  19  wCBO_expOffset   2.00008e+02   8.06381e-02   9.53714e-05  -2.66761e-01
  20  wCBO_expT    2.99906e+01   2.63230e-02   1.43006e-05  -1.36836e+00
  21  wCBO_linCoeff   0.00000e+00   constant   
  22  wCBO_const   5.72629e-03   3.76330e-03   7.38982e-06  -9.83374e-01
 MIGRAD MINIMIZATION HAS CONVERGED.
 MIGRAD WILL VERIFY CONVERGENCE AND ERROR MATRIX.
 COVARIANCE MATRIX CALCULATED SUCCESSFULLY
 FCN=351.831 FROM MIGRAD    STATUS=CONVERGED      41 CALLS         994 TOTAL
                     EDM=8.8658e-05    STRATEGY= 1      ERROR MATRIX ACCURATE 
  EXT PARAMETER                                   STEP         FIRST   
  NO.   NAME      VALUE            ERROR          SIZE      DERIVATIVE 
   1  N0           3.07607e+06     fixed    
   2  tau          6.44069e+01   constant   
   3  A0           3.64978e-01     fixed    
   4  phi          4.11974e+00     fixed    
   5  R           -6.10412e+01   constant   
   6  A_CBO        2.98828e-04     fixed    
   7  w_CBO        2.32765e+00     fixed    
   8  phi_CBO      3.20509e+00     fixed    
   9  ANx2         1.88981e-04   constant   
  10  pNx2         1.59299e+00   constant   
  11  ANy1         0.00000e+00   constant   
  12  pNy1         0.00000e+00   constant   
  13  w_y          0.00000e+00   constant   
  14  ANy2        -4.36530e-04     fixed    
  15  pNy2         4.84726e+00   constant   
  16  w_vw         1.43184e+01   constant   
  17  LM           1.57605e-04   constant   
  18  wCBO_expCoeff   1.99991e+02   5.97725e-01   2.49968e-04   7.95361e-03
  19  wCBO_expOffset   2.00008e+02   7.97926e-02   9.53714e-05   5.23021e-02
  20  wCBO_expT    2.99906e+01   2.51519e-02   1.43006e-05  -3.38370e-01
  21  wCBO_linCoeff   0.00000e+00   constant   
  22  wCBO_const   5.72638e-03   2.78168e-03   7.39244e-06   4.34745e-01
 EXTERNAL ERROR MATRIX.    NDIM=  25    NPAR=  4    ERR DEF=1
  3.573e-01 -3.112e-02 -7.918e-03  7.431e-04 
 -3.112e-02  6.367e-03 -5.950e-04  5.390e-05 
 -7.918e-03 -5.950e-04  6.326e-04 -6.128e-05 
  7.431e-04  5.390e-05 -6.128e-05  7.738e-06 
 PARAMETER  CORRELATION COEFFICIENTS  
       NO.  GLOBAL     18     19     20     22
       18  0.99896   1.000 -0.652 -0.527  0.447
       19  0.99869  -0.652  1.000 -0.296  0.243
       20  0.99873  -0.527 -0.296  1.000 -0.876
       22  0.95710   0.447  0.243 -0.876  1.000
MINUIT - FIT ONLY 2-y
 **********
 **   76 **RES 
 **********
                   PARAMETER   14  ANy2 RESTORED TO VARIABLE.
                   PARAMETER    8  phi_CBO RESTORED TO VARIABLE.
                   PARAMETER    7  w_CBO RESTORED TO VARIABLE.
                   PARAMETER    6  A_CBO RESTORED TO VARIABLE.
                   PARAMETER    4  phi RESTORED TO VARIABLE.
                   PARAMETER    3  A0 RESTORED TO VARIABLE.
                   PARAMETER    1  N0 RESTORED TO VARIABLE.
 **********
 **   77 **FIX            0
 **********
 PARAMETER    0  IS UNDEFINED. IGNORED.
 **********
 **   78 **FIX            1
 **********
 **********
 **   79 **FIX            2
 **********
 PARAMETER    2  IS CONSTANT.   IGNORED.
 **********
 **   80 **FIX            3
 **********
 **********
 **   81 **FIX            4
 **********
 **********
 **   82 **FIX            5
 **********
 PARAMETER    5  IS CONSTANT.   IGNORED.
 **********
 **   83 **FIX            6
 **********
 **********
 **   84 **FIX            7
 **********
 **********
 **   85 **FIX            8
 **********
 **********
 **   86 **FIX            9
 **********
 PARAMETER    9  IS CONSTANT.   IGNORED.
 **********
 **   87 **FIX           10
 **********
 PARAMETER   10  IS CONSTANT.   IGNORED.
 **********
 **   88 **FIX           11
 **********
 PARAMETER   11  IS CONSTANT.   IGNORED.
 **********
 **   89 **FIX           12
 **********
 PARAMETER   12  IS CONSTANT.   IGNORED.
 **********
 **   90 **FIX           16
 **********
 PARAMETER   16  IS CONSTANT.   IGNORED.
 **********
 **   91 **MIGRAD
 **********
 START MIGRAD MINIMIZATION.  STRATEGY  1.  CONVERGENCE WHEN EDM .LT. 1.00e-04
 FCN=351.831 FROM MIGRAD    STATUS=INITIATE       10 CALLS        1004 TOTAL
                     EDM= unknown      STRATEGY= 1      NO ERROR MATRIX       
  EXT PARAMETER               CURRENT GUESS       STEP         FIRST   
  NO.   NAME      VALUE            ERROR          SIZE      DERIVATIVE 
   1  N0           3.07607e+06     fixed    
   2  tau          6.44069e+01   constant   
   3  A0           3.64978e-01     fixed    
   4  phi          4.11974e+00     fixed    
   5  R           -6.10412e+01   constant   
   6  A_CBO        2.98828e-04     fixed    
   7  w_CBO        2.32765e+00     fixed    
   8  phi_CBO      3.20509e+00     fixed    
   9  ANx2         1.88981e-04   constant   
  10  pNx2         1.59299e+00   constant   
  11  ANy1         0.00000e+00   constant   
  12  pNy1         0.00000e+00   constant   
  13  w_y          0.00000e+00   constant   
  14  ANy2        -4.36530e-04   4.27597e-04   4.27597e-04  -1.28566e+02
  15  pNy2         4.84726e+00   constant   
  16  w_vw         1.43184e+01   constant   
  17  LM           1.57605e-04   constant   
  18  wCBO_expCoeff   1.99991e+02   5.97725e-01   2.49968e-04   7.88604e-03
  19  wCBO_expOffset   2.00008e+02   7.97926e-02   9.53714e-05   5.00363e-02
  20  wCBO_expT    2.99906e+01   2.51519e-02   1.43006e-05  -3.37413e-01
  21  wCBO_linCoeff   0.00000e+00   constant   
  22  wCBO_const   5.72638e-03   2.78168e-03   7.39244e-06   4.36236e-01
 MIGRAD MINIMIZATION HAS CONVERGED.
 MIGRAD WILL VERIFY CONVERGENCE AND ERROR MATRIX.
 COVARIANCE MATRIX CALCULATED SUCCESSFULLY
 FCN=351.83 FROM HESSE     STATUS=OK             33 CALLS        1048 TOTAL
                     EDM=6.62464e-05    STRATEGY= 1      ERROR MATRIX ACCURATE 
  EXT PARAMETER                                   STEP         FIRST   
  NO.   NAME      VALUE            ERROR          SIZE      DERIVATIVE 
   1  N0           3.07607e+06     fixed    
   2  tau          6.44069e+01   constant   
   3  A0           3.64978e-01     fixed    
   4  phi          4.11974e+00     fixed    
   5  R           -6.10412e+01   constant   
   6  A_CBO        2.98828e-04     fixed    
   7  w_CBO        2.32765e+00     fixed    
   8  phi_CBO      3.20509e+00     fixed    
   9  ANx2         1.88981e-04   constant   
  10  pNx2         1.59299e+00   constant   
  11  ANy1         0.00000e+00   constant   
  12  pNy1         0.00000e+00   constant   
  13  w_y          0.00000e+00   constant   
  14  ANy2        -4.24769e-04   4.28457e-04   3.92304e-06   5.56695e-03
  15  pNy2         4.84726e+00   constant   
  16  w_vw         1.43184e+01   constant   
  17  LM           1.57605e-04   constant   
  18  wCBO_expCoeff   1.99991e+02   5.98598e-01   2.49971e-04  -3.19248e-03
  19  wCBO_expOffset   2.00008e+02   7.99327e-02   9.53714e-05  -2.13002e-02
  20  wCBO_expT    2.99906e+01   2.52012e-02   1.43006e-05  -7.82239e-01
  21  wCBO_linCoeff   0.00000e+00   constant   
  22  wCBO_const   5.72624e-03   2.78541e-03   7.39240e-06  -7.99564e-01
 MIGRAD MINIMIZATION HAS CONVERGED.
 FCN=351.83 FROM MIGRAD    STATUS=CONVERGED      65 CALLS        1059 TOTAL
                     EDM=1.59892e-08    STRATEGY= 1  ERROR MATRIX UNCERTAINTY   0.3 per cent
  EXT PARAMETER                                   STEP         FIRST   
  NO.   NAME      VALUE            ERROR          SIZE      DERIVATIVE 
   1  N0           3.07607e+06     fixed    
   2  tau          6.44069e+01   constant   
   3  A0           3.64978e-01     fixed    
   4  phi          4.11974e+00     fixed    
   5  R           -6.10412e+01   constant   
   6  A_CBO        2.98828e-04     fixed    
   7  w_CBO        2.32765e+00     fixed    
   8  phi_CBO      3.20509e+00     fixed    
   9  ANx2         1.88981e-04   constant   
  10  pNx2         1.59299e+00   constant   
  11  ANy1         0.00000e+00   constant   
  12  pNy1         0.00000e+00   constant   
  13  w_y          0.00000e+00   constant   
  14  ANy2        -4.24576e-04   4.28420e-04   1.92925e-07   6.17336e-02
  15  pNy2         4.84726e+00   constant   
  16  w_vw         1.43184e+01   constant   
  17  LM           1.57605e-04   constant   
  18  wCBO_expCoeff   1.99989e+02   6.02012e-01  -2.56868e-03  -4.18956e-03
  19  wCBO_expOffset   2.00008e+02   7.97102e-02  -1.94083e-04  -3.01922e-02
  20  wCBO_expT    2.99908e+01   2.53013e-02   2.04760e-04  -9.22705e-02
  21  wCBO_linCoeff   0.00000e+00   constant   
  22  wCBO_const   5.70705e-03   2.79864e-03  -1.91888e-05  -6.75613e-02
 EXTERNAL ERROR MATRIX.    NDIM=  25    NPAR=  5    ERR DEF=1
  1.835e-07 -6.141e-06 -7.376e-07  5.728e-07 -4.421e-08 
 -6.141e-06  3.624e-01 -3.129e-02 -8.137e-03  7.658e-04 
 -7.376e-07 -3.129e-02  6.354e-03 -5.819e-04  5.280e-05 
  5.728e-07 -8.137e-03 -5.819e-04  6.402e-04 -6.214e-05 
