 + ++++++++++++++++++++++++++++++++++++++++++++++++++++++++++++++++++++ +
 +                                                                      +
 +           You have chose to blind your fitting according to          +
 +                omega_ref * (1 + (R +/- deltaR) *10^{-6})             +
 +                                                                      +
 + ++++++++++++++++++++++++++++++++++++++++++++++++++++++++++++++++++++ +
In main()...
reading format from /gm2data/zkhechad/run45/envelope/formats/formatB_sBin_constraintOn.txt
pBinTau 	= 0  
pBinPhi 	= 0  
constraintau 	= 1 
includeMopTerm 	= 0    
constrainMop    = 0   
Parameters after format file: pBinTau 0 pBinPhi 0 constraintau 1 includeMopTerm 0 constrainMop 0 c_e_scale 0.000000 
reading cbo reference file (full fit) from /gm2data/zkhechad/cboTemplates/Run4CBOTemplates/fullFits/run4/sBin_constraintOn_cE0.0_seed0_run4_calo2.root
A_CBO 0.007108 w_CBO 2.327171 phi_CBO 2.947562 N0 3111930.391320 R -60.007933 tau 64.411359 
Reading cboRef file /gm2data/zkhechad/cboTemplates/Run4CBOTemplates//cboIsolate/run4_calo2.root
deltaT 164.120000
windowBins = 1100
fitting sliding window 1740 from bin 1943 at 289.895600 to bin 3043 at 454.015600 (1100 bins)

Reading data from /gm2data/cornell/histograms/aMethod/histogram_a_run4.root
fitting cbo isolate
 **********
 **    1 **SET PRINTOUT            1
 **********
 **********
 **    2 **SET NOWARNINGS 
 **********
 PARAMETER DEFINITIONS:
    NO.   NAME         VALUE      STEP SIZE      LIMITS
     1 A_CBO        7.10761e-03  1.00000e-05     no limits
     2 w_CBO        2.32717e+00  1.00000e-02    2.00000e+00  3.00000e+00
     3 phi_CBO      2.94756e+00  1.00000e-02    0.00000e+00  6.28319e+00
 **********
 **    3 **MIGRAD
 **********
 FIRST CALL TO USER FUNCTION AT NEW START POINT, WITH IFLAG=4.
 START MIGRAD MINIMIZATION.  STRATEGY  1.  CONVERGENCE WHEN EDM .LT. 1.00e-04
 FCN=0.0769843 FROM MIGRAD    STATUS=INITIATE       12 CALLS          13 TOTAL
                     EDM= unknown      STRATEGY= 1      NO ERROR MATRIX       
  EXT PARAMETER               CURRENT GUESS       STEP         FIRST   
  NO.   NAME      VALUE            ERROR          SIZE      DERIVATIVE 
   1  A_CBO        7.10761e-03   1.00000e-05   1.00000e-05   6.00348e+00
   2  w_CBO        2.32717e+00   1.00000e-02   2.13160e-02   1.09514e+00
   3  phi_CBO      2.94756e+00   1.00000e-02   3.18919e-03  -1.89604e-02
 MIGRAD MINIMIZATION HAS CONVERGED.
 MIGRAD WILL VERIFY CONVERGENCE AND ERROR MATRIX.
 COVARIANCE MATRIX CALCULATED SUCCESSFULLY
 FCN=0.0603168 FROM MIGRAD    STATUS=CONVERGED      60 CALLS          61 TOTAL
                     EDM=3.84949e-05    STRATEGY= 1      ERROR MATRIX ACCURATE 
  EXT PARAMETER                                   STEP         FIRST   
  NO.   NAME      VALUE            ERROR          SIZE      DERIVATIVE 
   1  A_CBO        1.82130e-03   4.33677e-02   2.14225e-05  -2.66316e-02
   2  w_CBO        2.32657e+00   3.86488e-01   7.28740e-05   1.42406e-02
   3  phi_CBO      3.14925e+00   4.32224e+00   4.09779e-03  -9.94024e-05
 EXTERNAL ERROR MATRIX.    NDIM=  25    NPAR=  3    ERR DEF=1
  1.881e-03 -3.718e-03 -1.378e+00 
 -3.718e-03  2.064e-01  7.672e+01 
 -1.378e+00  7.672e+01  2.906e+04 
 PARAMETER  CORRELATION COEFFICIENTS  
       NO.  GLOBAL      1      2      3
        1  0.18878   1.000 -0.189 -0.186
        2  0.99065  -0.189  1.000  0.991
        3  0.99065  -0.186  0.991  1.000
setting A_CBO=0.001821 w_CBO=2.326570, phi_CBO=3.149253
done fitting cbo isolate
 **********
 **    1 **SET PRINTOUT            1
 **********
 **********
 **    2 **SET NOWARNINGS 
 **********
 PARAMETER DEFINITIONS:
    NO.   NAME         VALUE      STEP SIZE      LIMITS
     1 N0           3.11193e+06  1.00000e+02     no limits
     2 tau          6.44114e+01  constant
     3 A0           3.64516e-01  1.00000e-04     no limits
     4 phi          4.11813e+00  1.00000e-02     no limits
     5 R           -6.00079e+01  constant
     6 A_CBO        1.82130e-03  1.00000e-05     no limits
     7 w_CBO        2.32657e+00  1.00000e-03     no limits
     8 phi_CBO      3.14925e+00  1.00000e-04     no limits
     9 ANx2         3.40456e-04  constant
    10 pNx2         3.19484e+00  constant
    11 ANy1         0.00000e+00  constant
    12 pNy1         0.00000e+00  constant
    13 w_y          0.00000e+00  constant
    14 ANy2         1.04941e-02  1.00000e-04     no limits
    15 pNy2         5.11372e+00  constant
    16 w_vw         1.43155e+01  constant
    17 LM           3.07992e-04  constant
    18 wCBO_expCoeff   2.00000e+02  1.00000e+00     no limits
    19 wCBO_expOffset   2.00000e+02  1.00000e+00     no limits
    20 wCBO_expT    3.00000e+01  1.00000e+00     no limits
    21 wCBO_linCoeff   0.00000e+00  constant
    22 wCBO_const   0.00000e+00  1.00000e-02     no limits
MINUIT - FIT ONLY WIGGLE
 **********
 **    3 **FIX            5
 **********
 PARAMETER    5  IS CONSTANT.   IGNORED.
 **********
 **    4 **FIX            6
 **********
 **********
 **    5 **FIX            7
 **********
 **********
 **    6 **FIX            8
 **********
 **********
 **    7 **FIX            9
 **********
 PARAMETER    9  IS CONSTANT.   IGNORED.
 **********
 **    8 **FIX           10
 **********
 PARAMETER   10  IS CONSTANT.   IGNORED.
 **********
 **    9 **FIX           11
 **********
 PARAMETER   11  IS CONSTANT.   IGNORED.
 **********
 **   10 **FIX           12
 **********
 PARAMETER   12  IS CONSTANT.   IGNORED.
 **********
 **   11 **FIX           13
 **********
 PARAMETER   13  IS CONSTANT.   IGNORED.
 **********
 **   12 **FIX           14
 **********
 **********
 **   13 **FIX           15
 **********
 PARAMETER   15  IS CONSTANT.   IGNORED.
 **********
 **   14 **FIX           16
 **********
 PARAMETER   16  IS CONSTANT.   IGNORED.
 **********
 **   15 **MIGRAD
 **********
 FIRST CALL TO USER FUNCTION AT NEW START POINT, WITH IFLAG=4.
 START MIGRAD MINIMIZATION.  STRATEGY  1.  CONVERGENCE WHEN EDM .LT. 1.00e-04
 FCN=878.152 FROM MIGRAD    STATUS=INITIATE       58 CALLS          59 TOTAL
                     EDM= unknown      STRATEGY= 1      NO ERROR MATRIX       
  EXT PARAMETER               CURRENT GUESS       STEP         FIRST   
  NO.   NAME      VALUE            ERROR          SIZE      DERIVATIVE 
   1  N0           3.11193e+06   1.00000e+02   0.00000e+00  -5.95845e-04
   2  tau          6.44114e+01   constant   
   3  A0           3.64516e-01   1.00000e-04   0.00000e+00   3.69540e+03
   4  phi          4.11813e+00   1.00000e-02   0.00000e+00   1.93614e+03
   5  R           -6.00079e+01   constant   
   6  A_CBO        1.82130e-03     fixed    
   7  w_CBO        2.32657e+00     fixed    
   8  phi_CBO      3.14925e+00     fixed    
   9  ANx2         3.40456e-04   constant   
  10  pNx2         3.19484e+00   constant   
  11  ANy1         0.00000e+00   constant   
  12  pNy1         0.00000e+00   constant   
  13  w_y          0.00000e+00   constant   
  14  ANy2         1.04941e-02     fixed    
  15  pNy2         5.11372e+00   constant   
  16  w_vw         1.43155e+01   constant   
  17  LM           3.07992e-04   constant   
  18  wCBO_expCoeff   1.99935e+02   1.00000e+00  -6.53846e-02   1.41666e+01
  19  wCBO_expOffset   2.00000e+02   1.00000e+00   0.00000e+00   9.43970e+01
  20  wCBO_expT    3.00000e+01   1.00000e+00   0.00000e+00   4.15088e+02
  21  wCBO_linCoeff   0.00000e+00   constant   
  22  wCBO_const   0.00000e+00   1.00000e-02   0.00000e+00  -4.92839e+02
 MIGRAD MINIMIZATION HAS CONVERGED.
 FCN=859.105 FROM MIGRAD    STATUS=CONVERGED     288 CALLS         289 TOTAL
                     EDM=5.53426e-08    STRATEGY= 1  ERROR MATRIX UNCERTAINTY   0.9 per cent
  EXT PARAMETER                                   STEP         FIRST   
  NO.   NAME      VALUE            ERROR          SIZE      DERIVATIVE 
   1  N0           3.11218e+06   9.75601e+02  -1.94754e+00  -1.86644e-08
   2  tau          6.44114e+01   constant   
   3  A0           3.64304e-01   4.22212e-04   2.10911e-06  -9.08408e-01
   4  phi          4.11681e+00   1.20448e-03   4.13514e-06   1.83723e-01
   5  R           -6.00079e+01   constant   
   6  A_CBO        1.82130e-03     fixed    
   7  w_CBO        2.32657e+00     fixed    
   8  phi_CBO      3.14925e+00     fixed    
   9  ANx2         3.40456e-04   constant   
  10  pNx2         3.19484e+00   constant   
  11  ANy1         0.00000e+00   constant   
  12  pNy1         0.00000e+00   constant   
  13  w_y          0.00000e+00   constant   
  14  ANy2         1.04941e-02     fixed    
  15  pNy2         5.11372e+00   constant   
  16  w_vw         1.43155e+01   constant   
  17  LM           3.07992e-04   constant   
  18  wCBO_expCoeff   2.00415e+02   1.32170e-01   1.47311e-04   4.48432e-03
  19  wCBO_expOffset   2.00072e+02   1.98425e-02   2.23024e-05   3.38916e-02
  20  wCBO_expT    2.99526e+01   1.18206e-02  -1.53681e-06   9.93723e-02
  21  wCBO_linCoeff   0.00000e+00   constant   
  22  wCBO_const   4.24068e-03   8.34604e-04  -1.71686e-06  -1.07370e-01
 EXTERNAL ERROR MATRIX.    NDIM=  25    NPAR=  7    ERR DEF=1
  9.518e+05  1.084e-02 -8.365e-03  9.972e+00  1.501e+00 -8.881e-01  4.216e-02 
  1.084e-02  1.783e-07  8.324e-09  4.217e-06  6.337e-07 -3.362e-07  7.802e-09 
 -8.365e-03  8.324e-09  1.451e-06 -8.996e-07 -1.347e-07 -3.049e-08  2.974e-08 
  9.972e+00  4.217e-06 -8.996e-07  1.747e-02  2.449e-03 -1.526e-03  8.298e-05 
  1.501e+00  6.337e-07 -1.347e-07  2.449e-03  3.937e-04 -2.291e-04  1.245e-05 
 -8.881e-01 -3.362e-07 -3.049e-08 -1.526e-03 -2.291e-04  1.397e-04 -8.075e-06 
  4.216e-02  7.802e-09  2.974e-08  8.298e-05  1.245e-05 -8.075e-06  6.966e-07 
 PARAMETER  CORRELATION COEFFICIENTS  
       NO.  GLOBAL      1      3      4     18     19     20     22
        1  0.08246   1.000  0.026 -0.007  0.077  0.078 -0.077  0.052
        3  0.11372   0.026  1.000  0.016  0.076  0.076 -0.067  0.022
        4  0.07204  -0.007  0.016  1.000 -0.006 -0.006 -0.002  0.030
       18  0.98968   0.077  0.076 -0.006  1.000  0.934 -0.977  0.752
       19  0.98972   0.078  0.076 -0.006  0.934  1.000 -0.977  0.752
       20  0.99750  -0.077 -0.067 -0.002 -0.977 -0.977  1.000 -0.818
       22  0.91851   0.052  0.022  0.030  0.752  0.752 -0.818  1.000
MINUIT - FIT ONLY 1-CBO + other amplitudes 
 **********
 **   16 **RES 
 **********
                   PARAMETER   14  ANy2 RESTORED TO VARIABLE.
                   PARAMETER    8  phi_CBO RESTORED TO VARIABLE.
                   PARAMETER    7  w_CBO RESTORED TO VARIABLE.
                   PARAMETER    6  A_CBO RESTORED TO VARIABLE.
 **********
 **   17 **FIX            0
 **********
 PARAMETER    0  IS UNDEFINED. IGNORED.
 **********
 **   18 **FIX            1
 **********
 **********
 **   19 **FIX            2
 **********
 PARAMETER    2  IS CONSTANT.   IGNORED.
 **********
 **   20 **FIX            3
 **********
 **********
 **   21 **FIX            4
 **********
 **********
 **   22 **FIX            9
 **********
 PARAMETER    9  IS CONSTANT.   IGNORED.
 **********
 **   23 **FIX           11
 **********
 PARAMETER   11  IS CONSTANT.   IGNORED.
 **********
 **   24 **FIX           12
 **********
 PARAMETER   12  IS CONSTANT.   IGNORED.
 **********
 **   25 **FIX           14
 **********
 **********
 **   26 **FIX           15
 **********
 PARAMETER   15  IS CONSTANT.   IGNORED.
 **********
 **   27 **FIX           16
 **********
 PARAMETER   16  IS CONSTANT.   IGNORED.
 **********
 **   28 **MIGRAD
 **********
 START MIGRAD MINIMIZATION.  STRATEGY  1.  CONVERGENCE WHEN EDM .LT. 1.00e-04
 FCN=859.105 FROM MIGRAD    STATUS=INITIATE       20 CALLS         309 TOTAL
                     EDM= unknown      STRATEGY= 1      NO ERROR MATRIX       
  EXT PARAMETER               CURRENT GUESS       STEP         FIRST   
  NO.   NAME      VALUE            ERROR          SIZE      DERIVATIVE 
   1  N0           3.11218e+06     fixed    
   2  tau          6.44114e+01   constant   
   3  A0           3.64304e-01     fixed    
   4  phi          4.11681e+00     fixed    
   5  R           -6.00079e+01   constant   
   6  A_CBO        1.82130e-03   1.00000e-05   1.00000e-05   6.12662e+03
   7  w_CBO        2.32657e+00   1.00000e-03   1.00000e-03   3.38455e-01
   8  phi_CBO      3.14925e+00   1.00000e-04   1.00000e-04   3.39727e+00
   9  ANx2         3.40456e-04   constant   
  10  pNx2         3.19484e+00   constant   
  11  ANy1         0.00000e+00   constant   
  12  pNy1         0.00000e+00   constant   
  13  w_y          0.00000e+00   constant   
  14  ANy2         1.04941e-02     fixed    
  15  pNy2         5.11372e+00   constant   
  16  w_vw         1.43155e+01   constant   
  17  LM           3.07992e-04   constant   
  18  wCBO_expCoeff   2.00415e+02   1.32170e-01   1.47311e-04   4.48423e-03
  19  wCBO_expOffset   2.00072e+02   1.98425e-02   2.23024e-05   3.38916e-02
  20  wCBO_expT    2.99526e+01   1.18206e-02  -1.53681e-06   9.93723e-02
  21  wCBO_linCoeff   0.00000e+00   constant   
  22  wCBO_const   4.24068e-03   8.34604e-04  -1.71686e-06  -1.07369e-01
 MIGRAD MINIMIZATION HAS CONVERGED.
 MIGRAD WILL VERIFY CONVERGENCE AND ERROR MATRIX.
 COVARIANCE MATRIX CALCULATED SUCCESSFULLY
 FCN=855.522 FROM MIGRAD    STATUS=CONVERGED     242 CALLS         531 TOTAL
                     EDM=3.25047e-06    STRATEGY= 1      ERROR MATRIX ACCURATE 
  EXT PARAMETER                                   STEP         FIRST   
  NO.   NAME      VALUE            ERROR          SIZE      DERIVATIVE 
   1  N0           3.11218e+06     fixed    
   2  tau          6.44114e+01   constant   
   3  A0           3.64304e-01     fixed    
   4  phi          4.11681e+00     fixed    
   5  R           -6.00079e+01   constant   
   6  A_CBO        1.14729e-03   4.55311e-04   6.39656e-06   1.04089e+00
   7  w_CBO        2.32628e+00   1.91911e-03   2.07330e-06   7.80283e+00
   8  phi_CBO      2.55246e+00   5.36064e-01   5.56237e-03   1.19377e-03
   9  ANx2         3.40456e-04   constant   
  10  pNx2         3.19484e+00   constant   
  11  ANy1         0.00000e+00   constant   
  12  pNy1         0.00000e+00   constant   
  13  w_y          0.00000e+00   constant   
  14  ANy2         1.04941e-02     fixed    
  15  pNy2         5.11372e+00   constant   
  16  w_vw         1.43155e+01   constant   
  17  LM           3.07992e-04   constant   
  18  wCBO_expCoeff   2.00384e+02   1.70153e-01   2.06835e-04   7.04128e-02
  19  wCBO_expOffset   2.00067e+02   1.72904e-02   9.53996e-05   4.70606e-01
  20  wCBO_expT    2.99560e+01   6.30669e-03   1.42842e-05   1.55293e+00
  21  wCBO_linCoeff   0.00000e+00   constant   
  22  wCBO_const   3.88022e-03   1.03278e-03   5.00674e-06   4.03174e+00
 EXTERNAL ERROR MATRIX.    NDIM=  25    NPAR=  7    ERR DEF=1
  2.073e-07  3.383e-08 -7.016e-06  3.239e-06  4.632e-08 -2.536e-07 -2.956e-08 
  3.383e-08  3.683e-06 -3.689e-05 -1.867e-04 -8.832e-06 -3.568e-06 -1.369e-06 
 -7.016e-06 -3.689e-05  2.874e-01 -3.591e-03  9.635e-05  3.281e-04  1.625e-04 
  3.239e-06 -1.867e-04 -3.591e-03  2.895e-02 -8.713e-04 -3.518e-04  1.024e-04 
  4.632e-08 -8.832e-06  9.635e-05 -8.713e-04  2.990e-04 -1.770e-05  4.976e-06 
 -2.536e-07 -3.568e-06  3.281e-04 -3.518e-04 -1.770e-05  3.977e-05 -1.342e-06 
 -2.956e-08 -1.369e-06  1.625e-04  1.024e-04  4.976e-06 -1.342e-06  1.067e-06 
 PARAMETER  CORRELATION COEFFICIENTS  
       NO.  GLOBAL      6      7      8     18     19     20     22
        6  0.18321   1.000  0.039 -0.029  0.042  0.006 -0.088 -0.063
        7  0.99713   0.039  1.000 -0.036 -0.572 -0.266 -0.295 -0.691
        8  0.68779  -0.029 -0.036  1.000 -0.039  0.010  0.097  0.294
       18  0.99637   0.042 -0.572 -0.039  1.000 -0.296 -0.328  0.583
       19  0.99212   0.006 -0.266  0.010 -0.296  1.000 -0.162  0.279
       20  0.99456  -0.088 -0.295  0.097 -0.328 -0.162  1.000 -0.206
       22  0.94065  -0.063 -0.691  0.294  0.583  0.279 -0.206  1.000
MINUIT - FIT ONLY 1-CBO
 **********
 **   29 **RES 
 **********
                   PARAMETER   14  ANy2 RESTORED TO VARIABLE.
                   PARAMETER    4  phi RESTORED TO VARIABLE.
                   PARAMETER    3  A0 RESTORED TO VARIABLE.
                   PARAMETER    1  N0 RESTORED TO VARIABLE.
 **********
 **   30 **FIX            0
 **********
 PARAMETER    0  IS UNDEFINED. IGNORED.
 **********
 **   31 **FIX            1
 **********
 **********
 **   32 **FIX            2
 **********
 PARAMETER    2  IS CONSTANT.   IGNORED.
 **********
 **   33 **FIX            3
 **********
 **********
 **   34 **FIX            4
 **********
 **********
 **   35 **FIX            8
 **********
 **********
 **   36 **FIX            9
 **********
 PARAMETER    9  IS CONSTANT.   IGNORED.
 **********
 **   37 **FIX           11
 **********
 PARAMETER   11  IS CONSTANT.   IGNORED.
 **********
 **   38 **FIX           12
 **********
 PARAMETER   12  IS CONSTANT.   IGNORED.
 **********
 **   39 **FIX           13
 **********
 PARAMETER   13  IS CONSTANT.   IGNORED.
 **********
 **   40 **FIX           15
 **********
 PARAMETER   15  IS CONSTANT.   IGNORED.
 **********
 **   41 **FIX           16
 **********
 PARAMETER   16  IS CONSTANT.   IGNORED.
 **********
 **   42 **MIGRAD
 **********
 START MIGRAD MINIMIZATION.  STRATEGY  1.  CONVERGENCE WHEN EDM .LT. 1.00e-04
 FCN=855.522 FROM MIGRAD    STATUS=INITIATE       16 CALLS         547 TOTAL
                     EDM= unknown      STRATEGY= 1      NO ERROR MATRIX       
  EXT PARAMETER               CURRENT GUESS       STEP         FIRST   
  NO.   NAME      VALUE            ERROR          SIZE      DERIVATIVE 
   1  N0           3.11218e+06     fixed    
   2  tau          6.44114e+01   constant   
   3  A0           3.64304e-01     fixed    
   4  phi          4.11681e+00     fixed    
   5  R           -6.00079e+01   constant   
   6  A_CBO        1.14729e-03   4.55311e-04   6.39656e-06   1.04089e+00
   7  w_CBO        2.32628e+00   1.91911e-03   2.07330e-06   7.68806e+00
   8  phi_CBO      2.55246e+00     fixed    
   9  ANx2         3.40456e-04   constant   
  10  pNx2         3.19484e+00   constant   
  11  ANy1         0.00000e+00   constant   
  12  pNy1         0.00000e+00   constant   
  13  w_y          0.00000e+00   constant   
  14  ANy2         1.04941e-02   1.00000e-04   1.00000e-04   1.03566e+05
  15  pNy2         5.11372e+00   constant   
  16  w_vw         1.43155e+01   constant   
  17  LM           3.07992e-04   constant   
  18  wCBO_expCoeff   2.00384e+02   1.70153e-01   2.06835e-04   6.90438e-02
  19  wCBO_expOffset   2.00067e+02   1.72904e-02   9.53996e-05   3.79698e-01
  20  wCBO_expT    2.99560e+01   6.30669e-03   1.42842e-05   1.51022e+00
  21  wCBO_linCoeff   0.00000e+00   constant   
  22  wCBO_const   3.88022e-03   1.03278e-03   5.00674e-06   4.03816e+00
 MIGRAD MINIMIZATION HAS CONVERGED.
 MIGRAD WILL VERIFY CONVERGENCE AND ERROR MATRIX.
 FCN=317.107 FROM MIGRAD    STATUS=CONVERGED     254 CALLS         785 TOTAL
                     EDM=5.28711e-07    STRATEGY= 1      ERR MATRIX NOT POS-DEF
  EXT PARAMETER                APPROXIMATE        STEP         FIRST   
  NO.   NAME      VALUE            ERROR          SIZE      DERIVATIVE 
   1  N0           3.11218e+06     fixed    
   2  tau          6.44114e+01   constant   
   3  A0           3.64304e-01     fixed    
   4  phi          4.11681e+00     fixed    
   5  R           -6.00079e+01   constant   
   6  A_CBO        4.56533e-04   4.67581e-04   3.89488e-06   1.80510e+00
   7  w_CBO        2.32588e+00   3.69560e-03   2.61387e-06  -2.97467e-01
   8  phi_CBO      2.55246e+00     fixed    
   9  ANx2         3.40456e-04   constant   
  10  pNx2         3.19484e+00   constant   
  11  ANy1         0.00000e+00   constant   
  12  pNy1         0.00000e+00   constant   
  13  w_y          0.00000e+00   constant   
  14  ANy2         7.04957e-05   4.49664e-04   3.89075e-06  -6.27226e-01
  15  pNy2         5.11372e+00   constant   
  16  w_vw         1.43155e+01   constant   
  17  LM           3.07992e-04   constant   
  18  wCBO_expCoeff   2.00337e+02   3.66101e-01   2.65757e-04  -5.40414e-03
  19  wCBO_expOffset   2.00061e+02   5.41991e-02   9.53963e-05  -3.59294e-02
  20  wCBO_expT    2.99605e+01   1.15324e-02   1.42863e-05  -1.18915e-01
  21  wCBO_linCoeff   0.00000e+00   constant   
  22  wCBO_const   3.90491e-03   1.83663e-03   5.49961e-06   3.89677e-01
 EXTERNAL ERROR MATRIX.    NDIM=  25    NPAR=  7    ERR DEF=1
  2.186e-07 -7.026e-08  1.116e-08 -9.056e-06 -1.664e-06  1.342e-06 -2.218e-08 
 -7.026e-08  1.366e-05  5.657e-09 -5.004e-04 -7.465e-05 -8.504e-06 -5.397e-06 
  1.116e-08  5.657e-09  2.022e-07  7.495e-07  1.777e-07 -2.611e-08 -4.915e-09 
 -9.056e-06 -5.004e-04  7.495e-07  1.340e-01 -1.028e-02 -1.049e-03  2.670e-04 
 -1.664e-06 -7.465e-05  1.777e-07 -1.028e-02  2.938e-03 -1.388e-04  3.926e-05 
  1.342e-06 -8.504e-06 -2.611e-08 -1.049e-03 -1.388e-04  1.330e-04 -4.474e-06 
 -2.218e-08 -5.397e-06 -4.915e-09  2.670e-04  3.926e-05 -4.474e-06  3.373e-06 
ERR MATRIX NOT POS-DEF
 PARAMETER  CORRELATION COEFFICIENTS  
       NO.  GLOBAL      6      7     14     18     19     20     22
        6  0.29916   1.000 -0.041  0.053 -0.053 -0.066  0.249 -0.026
        7  0.99671  -0.041  1.000  0.003 -0.370 -0.373 -0.200 -0.795
       14  0.13228   0.053  0.003  1.000  0.005  0.007 -0.005 -0.006
       18  0.99653  -0.053 -0.370  0.005  1.000 -0.518 -0.248  0.397
       19  0.99646  -0.066 -0.373  0.007 -0.518  1.000 -0.222  0.394
       20  0.99324   0.249 -0.200 -0.005 -0.248 -0.222  1.000 -0.211
       22  0.93922  -0.026 -0.795 -0.006  0.397  0.394 -0.211  1.000
 ERR MATRIX NOT POS-DEF
MINUIT - FIT ONLY 2-CBO
 **********
 **   43 **RES 
 **********
                   PARAMETER    8  phi_CBO RESTORED TO VARIABLE.
                   PARAMETER    4  phi RESTORED TO VARIABLE.
                   PARAMETER    3  A0 RESTORED TO VARIABLE.
                   PARAMETER    1  N0 RESTORED TO VARIABLE.
 **********
 **   44 **FIX            0
 **********
 PARAMETER    0  IS UNDEFINED. IGNORED.
 **********
 **   45 **FIX            1
 **********
 **********
 **   46 **FIX            2
 **********
 PARAMETER    2  IS CONSTANT.   IGNORED.
 **********
 **   47 **FIX            3
 **********
 **********
 **   48 **FIX            4
 **********
 **********
 **   49 **FIX            5
 **********
 PARAMETER    5  IS CONSTANT.   IGNORED.
 **********
 **   50 **FIX            6
 **********
 **********
 **   51 **FIX            7
 **********
 **********
 **   52 **FIX           10
 **********
 PARAMETER   10  IS CONSTANT.   IGNORED.
 **********
 **   53 **FIX           11
 **********
 PARAMETER   11  IS CONSTANT.   IGNORED.
 **********
 **   54 **FIX           12
 **********
 PARAMETER   12  IS CONSTANT.   IGNORED.
 **********
 **   55 **FIX           13
 **********
 PARAMETER   13  IS CONSTANT.   IGNORED.
 **********
 **   56 **FIX           14
 **********
 **********
 **   57 **FIX           15
 **********
 PARAMETER   15  IS CONSTANT.   IGNORED.
 **********
 **   58 **FIX           16
 **********
 PARAMETER   16  IS CONSTANT.   IGNORED.
 **********
 **   59 **MIGRAD
 **********
 START MIGRAD MINIMIZATION.  STRATEGY  1.  CONVERGENCE WHEN EDM .LT. 1.00e-04
 FCN=317.107 FROM MIGRAD    STATUS=INITIATE       12 CALLS         797 TOTAL
                     EDM= unknown      STRATEGY= 1      NO ERROR MATRIX       
  EXT PARAMETER               CURRENT GUESS       STEP         FIRST   
  NO.   NAME      VALUE            ERROR          SIZE      DERIVATIVE 
   1  N0           3.11218e+06     fixed    
   2  tau          6.44114e+01   constant   
   3  A0           3.64304e-01     fixed    
   4  phi          4.11681e+00     fixed    
   5  R           -6.00079e+01   constant   
   6  A_CBO        4.56533e-04     fixed    
   7  w_CBO        2.32588e+00     fixed    
   8  phi_CBO      2.55246e+00   5.36064e-01   5.36064e-01   6.87716e-01
   9  ANx2         3.40456e-04   constant   
  10  pNx2         3.19484e+00   constant   
  11  ANy1         0.00000e+00   constant   
  12  pNy1         0.00000e+00   constant   
  13  w_y          0.00000e+00   constant   
  14  ANy2         7.04957e-05     fixed    
  15  pNy2         5.11372e+00   constant   
  16  w_vw         1.43155e+01   constant   
  17  LM           3.07992e-04   constant   
  18  wCBO_expCoeff   2.00337e+02   3.66101e-01   2.65757e-04  -5.38332e-03
  19  wCBO_expOffset   2.00061e+02   5.41991e-02   9.53963e-05  -3.52927e-02
  20  wCBO_expT    2.99605e+01   1.15324e-02   1.42863e-05  -1.20882e-01
  21  wCBO_linCoeff   0.00000e+00   constant   
  22  wCBO_const   3.90491e-03   1.83663e-03   5.49961e-06   3.90264e-01
 MIGRAD MINIMIZATION HAS CONVERGED.
 FCN=316.939 FROM MIGRAD    STATUS=CONVERGED      99 CALLS         884 TOTAL
                     EDM=6.42749e-08    STRATEGY= 1  ERROR MATRIX UNCERTAINTY   2.7 per cent
  EXT PARAMETER                                   STEP         FIRST   
  NO.   NAME      VALUE            ERROR          SIZE      DERIVATIVE 
   1  N0           3.11218e+06     fixed    
   2  tau          6.44114e+01   constant   
   3  A0           3.64304e-01     fixed    
   4  phi          4.11681e+00     fixed    
   5  R           -6.00079e+01   constant   
   6  A_CBO        4.56533e-04     fixed    
   7  w_CBO        2.32588e+00     fixed    
   8  phi_CBO      2.06354e+00   1.20257e+00  -2.66543e-03   1.47708e-04
   9  ANx2         3.40456e-04   constant   
  10  pNx2         3.19484e+00   constant   
  11  ANy1         0.00000e+00   constant   
  12  pNy1         0.00000e+00   constant   
  13  w_y          0.00000e+00   constant   
  14  ANy2         7.04957e-05     fixed    
  15  pNy2         5.11372e+00   constant   
  16  w_vw         1.43155e+01   constant   
  17  LM           3.07992e-04   constant   
  18  wCBO_expCoeff   2.00352e+02   1.92564e-01   2.05497e-05  -1.21434e-03
  19  wCBO_expOffset   2.00063e+02   2.85883e-02   3.07988e-06  -5.61503e-03
  20  wCBO_expT    2.99592e+01   1.85708e-02   3.68891e-06  -5.61101e-03
  21  wCBO_linCoeff   0.00000e+00   constant   
  22  wCBO_const   3.77460e-03   1.60766e-03  -3.83815e-06  -1.05860e-01
 EXTERNAL ERROR MATRIX.    NDIM=  25    NPAR=  5    ERR DEF=1
  1.446e+00 -5.326e-02 -7.906e-03  4.789e-03  3.228e-04 
 -5.326e-02  3.708e-02  5.366e-03 -3.530e-03  2.142e-04 
 -7.906e-03  5.366e-03  8.173e-04 -5.239e-04  3.179e-05 
  4.789e-03 -3.530e-03 -5.239e-04  3.449e-04 -2.250e-05 
  3.228e-04  2.142e-04  3.179e-05 -2.250e-05  2.585e-06 
 PARAMETER  CORRELATION COEFFICIENTS  
       NO.  GLOBAL      8     18     19     20     22
        8  0.60096   1.000 -0.230 -0.230  0.214  0.167
       18  0.99159  -0.230  1.000  0.975 -0.987  0.692
       19  0.99148  -0.230  0.975  1.000 -0.987  0.692
       20  0.99744   0.214 -0.987 -0.987  1.000 -0.754
       22  0.91860   0.167  0.692  0.692 -0.754  1.000
MINUIT - FIT ONLY 1-y
 **********
 **   60 **RES 
 **********
                   PARAMETER   14  ANy2 RESTORED TO VARIABLE.
                   PARAMETER    7  w_CBO RESTORED TO VARIABLE.
                   PARAMETER    6  A_CBO RESTORED TO VARIABLE.
                   PARAMETER    4  phi RESTORED TO VARIABLE.
                   PARAMETER    3  A0 RESTORED TO VARIABLE.
                   PARAMETER    1  N0 RESTORED TO VARIABLE.
 **********
 **   61 **FIX            0
 **********
 PARAMETER    0  IS UNDEFINED. IGNORED.
 **********
 **   62 **FIX            1
 **********
 **********
 **   63 **FIX            2
 **********
 PARAMETER    2  IS CONSTANT.   IGNORED.
 **********
 **   64 **FIX            3
 **********
 **********
 **   65 **FIX            4
 **********
 **********
 **   66 **FIX            5
 **********
 PARAMETER    5  IS CONSTANT.   IGNORED.
 **********
 **   67 **FIX            6
 **********
 **********
 **   68 **FIX            7
 **********
 **********
 **   69 **FIX            8
 **********
 **********
 **   70 **FIX            9
 **********
 PARAMETER    9  IS CONSTANT.   IGNORED.
 **********
 **   71 **FIX           13
 **********
 PARAMETER   13  IS CONSTANT.   IGNORED.
 **********
 **   72 **FIX           14
 **********
 **********
 **   73 **FIX           15
 **********
 PARAMETER   15  IS CONSTANT.   IGNORED.
 **********
 **   74 **FIX           16
 **********
 PARAMETER   16  IS CONSTANT.   IGNORED.
 **********
 **   75 **MIGRAD
 **********
 START MIGRAD MINIMIZATION.  STRATEGY  1.  CONVERGENCE WHEN EDM .LT. 1.00e-04
 FCN=316.939 FROM MIGRAD    STATUS=INITIATE        8 CALLS         892 TOTAL
                     EDM= unknown      STRATEGY= 1      NO ERROR MATRIX       
  EXT PARAMETER               CURRENT GUESS       STEP         FIRST   
  NO.   NAME      VALUE            ERROR          SIZE      DERIVATIVE 
   1  N0           3.11218e+06     fixed    
   2  tau          6.44114e+01   constant   
   3  A0           3.64304e-01     fixed    
   4  phi          4.11681e+00     fixed    
   5  R           -6.00079e+01   constant   
   6  A_CBO        4.56533e-04     fixed    
   7  w_CBO        2.32588e+00     fixed    
   8  phi_CBO      2.06354e+00     fixed    
   9  ANx2         3.40456e-04   constant   
  10  pNx2         3.19484e+00   constant   
  11  ANy1         0.00000e+00   constant   
  12  pNy1         0.00000e+00   constant   
  13  w_y          0.00000e+00   constant   
  14  ANy2         7.04957e-05     fixed    
  15  pNy2         5.11372e+00   constant   
  16  w_vw         1.43155e+01   constant   
  17  LM           3.07992e-04   constant   
  18  wCBO_expCoeff   2.00352e+02   1.92564e-01   2.05497e-05  -1.21436e-03
  19  wCBO_expOffset   2.00063e+02   2.85883e-02   3.07988e-06  -5.61503e-03
  20  wCBO_expT    2.99592e+01   1.85708e-02   3.68891e-06  -5.61101e-03
  21  wCBO_linCoeff   0.00000e+00   constant   
  22  wCBO_const   3.77460e-03   1.60766e-03  -3.83815e-06  -1.05850e-01
 MIGRAD MINIMIZATION HAS CONVERGED.
 MIGRAD WILL VERIFY CONVERGENCE AND ERROR MATRIX.
 FCN=316.939 FROM MIGRAD    STATUS=CONVERGED      47 CALLS         931 TOTAL
                     EDM=5.91797e-08    STRATEGY= 1      ERR MATRIX NOT POS-DEF
  EXT PARAMETER                APPROXIMATE        STEP         FIRST   
  NO.   NAME      VALUE            ERROR          SIZE      DERIVATIVE 
   1  N0           3.11218e+06     fixed    
   2  tau          6.44114e+01   constant   
   3  A0           3.64304e-01     fixed    
   4  phi          4.11681e+00     fixed    
   5  R           -6.00079e+01   constant   
   6  A_CBO        4.56533e-04     fixed    
   7  w_CBO        2.32588e+00     fixed    
   8  phi_CBO      2.06354e+00     fixed    
   9  ANx2         3.40456e-04   constant   
  10  pNx2         3.19484e+00   constant   
  11  ANy1         0.00000e+00   constant   
  12  pNy1         0.00000e+00   constant   
  13  w_y          0.00000e+00   constant   
  14  ANy2         7.04957e-05     fixed    
  15  pNy2         5.11372e+00   constant   
  16  w_vw         1.43155e+01   constant   
  17  LM           3.07992e-04   constant   
  18  wCBO_expCoeff   2.00352e+02   3.67786e-01   2.58419e-04   4.68021e-04
  19  wCBO_expOffset   2.00063e+02   5.54924e-02   9.53973e-05   3.15924e-03
  20  wCBO_expT    2.99592e+01   1.19275e-02   1.42857e-05   3.59308e-02
  21  wCBO_linCoeff   0.00000e+00   constant   
  22  wCBO_const   3.77461e-03   1.25009e-03   5.47719e-06  -3.00960e-02
 EXTERNAL ERROR MATRIX.    NDIM=  25    NPAR=  4    ERR DEF=1
  1.353e-01 -1.593e-02 -1.375e-03  8.495e-05 
 -1.593e-02  3.079e-03 -2.240e-04  1.420e-05 
 -1.375e-03 -2.240e-04  1.423e-04 -1.029e-05 
  8.495e-05  1.420e-05 -1.029e-05  1.563e-06 
ERR MATRIX NOT POS-DEF
 PARAMETER  CORRELATION COEFFICIENTS  
       NO.  GLOBAL     18     19     20     22
       18  0.99675   1.000 -0.781 -0.314  0.185
       19  0.99681  -0.781  1.000 -0.338  0.205
       20  0.99410  -0.314 -0.338  1.000 -0.690
       22  0.86482   0.185  0.205 -0.690  1.000
 ERR MATRIX NOT POS-DEF
MINUIT - FIT ONLY 2-y
 **********
 **   76 **RES 
 **********
                   PARAMETER   14  ANy2 RESTORED TO VARIABLE.
                   PARAMETER    8  phi_CBO RESTORED TO VARIABLE.
                   PARAMETER    7  w_CBO RESTORED TO VARIABLE.
                   PARAMETER    6  A_CBO RESTORED TO VARIABLE.
                   PARAMETER    4  phi RESTORED TO VARIABLE.
                   PARAMETER    3  A0 RESTORED TO VARIABLE.
                   PARAMETER    1  N0 RESTORED TO VARIABLE.
 **********
 **   77 **FIX            0
 **********
 PARAMETER    0  IS UNDEFINED. IGNORED.
 **********
 **   78 **FIX            1
 **********
 **********
 **   79 **FIX            2
 **********
 PARAMETER    2  IS CONSTANT.   IGNORED.
 **********
 **   80 **FIX            3
 **********
 **********
 **   81 **FIX            4
 **********
 **********
 **   82 **FIX            5
 **********
 PARAMETER    5  IS CONSTANT.   IGNORED.
 **********
 **   83 **FIX            6
 **********
 **********
 **   84 **FIX            7
 **********
 **********
 **   85 **FIX            8
 **********
 **********
 **   86 **FIX            9
 **********
 PARAMETER    9  IS CONSTANT.   IGNORED.
 **********
 **   87 **FIX           10
 **********
 PARAMETER   10  IS CONSTANT.   IGNORED.
 **********
 **   88 **FIX           11
 **********
 PARAMETER   11  IS CONSTANT.   IGNORED.
 **********
 **   89 **FIX           12
 **********
 PARAMETER   12  IS CONSTANT.   IGNORED.
 **********
 **   90 **FIX           16
 **********
 PARAMETER   16  IS CONSTANT.   IGNORED.
 **********
 **   91 **MIGRAD
 **********
 START MIGRAD MINIMIZATION.  STRATEGY  1.  CONVERGENCE WHEN EDM .LT. 1.00e-04
 FCN=316.939 FROM MIGRAD    STATUS=INITIATE       10 CALLS         941 TOTAL
                     EDM= unknown      STRATEGY= 1      NO ERROR MATRIX       
  EXT PARAMETER               CURRENT GUESS       STEP         FIRST   
  NO.   NAME      VALUE            ERROR          SIZE      DERIVATIVE 
   1  N0           3.11218e+06     fixed    
   2  tau          6.44114e+01   constant   
   3  A0           3.64304e-01     fixed    
   4  phi          4.11681e+00     fixed    
   5  R           -6.00079e+01   constant   
   6  A_CBO        4.56533e-04     fixed    
   7  w_CBO        2.32588e+00     fixed    
   8  phi_CBO      2.06354e+00     fixed    
   9  ANx2         3.40456e-04   constant   
  10  pNx2         3.19484e+00   constant   
  11  ANy1         0.00000e+00   constant   
  12  pNy1         0.00000e+00   constant   
  13  w_y          0.00000e+00   constant   
  14  ANy2         7.04957e-05   4.49664e-04   4.49664e-04   2.73790e+01
  15  pNy2         5.11372e+00   constant   
  16  w_vw         1.43155e+01   constant   
  17  LM           3.07992e-04   constant   
  18  wCBO_expCoeff   2.00352e+02   3.67786e-01   2.58419e-04   4.79616e-04
  19  wCBO_expOffset   2.00063e+02   5.54924e-02   9.53973e-05   6.12186e-03
  20  wCBO_expT    2.99592e+01   1.19275e-02   1.42857e-05   3.59202e-02
  21  wCBO_linCoeff   0.00000e+00   constant   
  22  wCBO_const   3.77461e-03   1.25009e-03   5.47719e-06  -2.89648e-02
 MIGRAD MINIMIZATION HAS CONVERGED.
 MIGRAD WILL VERIFY CONVERGENCE AND ERROR MATRIX.
 FCN=316.939 FROM MIGRAD    STATUS=CONVERGED      52 CALLS         983 TOTAL
                     EDM=8.50935e-07    STRATEGY= 1      ERR MATRIX NOT POS-DEF
  EXT PARAMETER                APPROXIMATE        STEP         FIRST   
  NO.   NAME      VALUE            ERROR          SIZE      DERIVATIVE 
   1  N0           3.11218e+06     fixed    
   2  tau          6.44114e+01   constant   
   3  A0           3.64304e-01     fixed    
   4  phi          4.11681e+00     fixed    
   5  R           -6.00079e+01   constant   
   6  A_CBO        4.56533e-04     fixed    
   7  w_CBO        2.32588e+00     fixed    
   8  phi_CBO      2.06354e+00     fixed    
   9  ANx2         3.40456e-04   constant   
  10  pNx2         3.19484e+00   constant   
  11  ANy1         0.00000e+00   constant   
  12  pNy1         0.00000e+00   constant   
  13  w_y          0.00000e+00   constant   
  14  ANy2         6.77634e-05   4.48645e-04   3.88971e-06   1.81270e-02
  15  pNy2         5.11372e+00   constant   
  16  w_vw         1.43155e+01   constant   
  17  LM           3.07992e-04   constant   
  18  wCBO_expCoeff   2.00352e+02   3.67187e-01   2.58417e-04   4.28736e-02
  19  wCBO_expOffset   2.00063e+02   5.53776e-02   9.53973e-05   2.87433e-01
  20  wCBO_expT    2.99592e+01   1.19246e-02   1.42857e-05   9.52791e-01
  21  wCBO_linCoeff   0.00000e+00   constant   
  22  wCBO_const   3.77461e-03   1.24986e-03   5.47717e-06   1.19259e+00
 EXTERNAL ERROR MATRIX.    NDIM=  25    NPAR=  5    ERR DEF=1
  2.013e-07  1.863e-06  4.236e-07 -1.486e-07  3.727e-09 
  1.863e-06  1.348e-01 -1.586e-02 -1.379e-03  8.511e-05 
  4.236e-07 -1.586e-02  3.067e-03 -2.235e-04  1.416e-05 
 -1.486e-07 -1.379e-03 -2.235e-04  1.422e-04 -1.028e-05 
  3.727e-09  8.511e-05  1.416e-05 -1.028e-05  1.562e-06 
ERR MATRIX NOT POS-DEF
 PARAMETER  CORRELATION COEFFICIENTS  
       NO.  GLOBAL     14     18     19     20     22
       14  0.11363   1.000  0.011  0.017 -0.028  0.007
       18  0.99674   0.011  1.000 -0.780 -0.315  0.185
       19  0.99680   0.017 -0.780  1.000 -0.338  0.205
       20  0.99410  -0.028 -0.315 -0.338  1.000 -0.690
       22  0.86476   0.007  0.185  0.205 -0.690  1.000
 ERR MATRIX NOT POS-DEF
MINUIT - FIT ALTOGETHER
 **********
 **   92 **RES 
 **********
                   PARAMETER    8  phi_CBO RESTORED TO VARIABLE.
                   PARAMETER    7  w_CBO RESTORED TO VARIABLE.
                   PARAMETER    6  A_CBO RESTORED TO VARIABLE.
                   PARAMETER    4  phi RESTORED TO VARIABLE.
                   PARAMETER    3  A0 RESTORED TO VARIABLE.
                   PARAMETER    1  N0 RESTORED TO VARIABLE.
 **********
 **   93 **MIGRAD
 **********
 START MIGRAD MINIMIZATION.  STRATEGY  1.  CONVERGENCE WHEN EDM .LT. 1.00e-04
 FCN=316.939 FROM MIGRAD    STATUS=INITIATE       22 CALLS        1005 TOTAL
                     EDM= unknown      STRATEGY= 1      NO ERROR MATRIX       
  EXT PARAMETER               CURRENT GUESS       STEP         FIRST   
  NO.   NAME      VALUE            ERROR          SIZE      DERIVATIVE 
   1  N0           3.11218e+06   9.75601e+02   9.75601e+02  -1.88458e-04
   2  tau          6.44114e+01   constant   
   3  A0           3.64304e-01   4.22212e-04   4.22212e-04   1.77274e+02
   4  phi          4.11681e+00   1.20448e-03   1.20448e-03   1.48896e+02
   5  R           -6.00079e+01   constant   
   6  A_CBO        4.56533e-04   4.67581e-04   4.67581e-04  -1.59399e+02
   7  w_CBO        2.32588e+00   3.69560e-03   3.69560e-03   4.21181e+00
   8  phi_CBO      2.06354e+00   1.20257e+00   1.20257e+00   1.42383e-04
   9  ANx2         3.40456e-04   constant   
  10  pNx2         3.19484e+00   constant   
  11  ANy1         0.00000e+00   constant   
  12  pNy1         0.00000e+00   constant   
  13  w_y          0.00000e+00   constant   
  14  ANy2         6.77634e-05   4.48645e-04   3.88971e-06   1.81271e-02
  15  pNy2         5.11372e+00   constant   
  16  w_vw         1.43155e+01   constant   
  17  LM           3.07992e-04   constant   
  18  wCBO_expCoeff   2.00352e+02   3.67187e-01   2.58417e-04   4.29426e-02
  19  wCBO_expOffset   2.00063e+02   5.53776e-02   9.53973e-05   2.89642e-01
  20  wCBO_expT    2.99592e+01   1.19246e-02   1.42857e-05   9.52754e-01
  21  wCBO_linCoeff   0.00000e+00   constant   
  22  wCBO_const   3.77461e-03   1.24986e-03   5.47717e-06   1.19942e+00
 MIGRAD MINIMIZATION HAS CONVERGED.
 MIGRAD WILL VERIFY CONVERGENCE AND ERROR MATRIX.
 FCN=316.92 FROM MIGRAD    STATUS=CONVERGED     195 CALLS        1178 TOTAL
                     EDM=3.08034e-05    STRATEGY= 1      ERR MATRIX NOT POS-DEF
  EXT PARAMETER                APPROXIMATE        STEP         FIRST   
  NO.   NAME      VALUE            ERROR          SIZE      DERIVATIVE 
   1  N0           3.11227e+06   9.82561e+02   8.44365e+00   1.05574e-07
   2  tau          6.44114e+01   constant   
