 + ++++++++++++++++++++++++++++++++++++++++++++++++++++++++++++++++++++ +
 +                                                                      +
 +           You have chose to blind your fitting according to          +
 +                omega_ref * (1 + (R +/- deltaR) *10^{-6})             +
 +                                                                      +
 + ++++++++++++++++++++++++++++++++++++++++++++++++++++++++++++++++++++ +
In main()...
reading format from /gm2data/zkhechad/run45/envelope/formats/formatB_sBin_constraintOn.txt
pBinTau 	= 0  
pBinPhi 	= 0  
constraintau 	= 1 
includeMopTerm 	= 0    
constrainMop    = 0   
Parameters after format file: pBinTau 0 pBinPhi 0 constraintau 1 includeMopTerm 0 constrainMop 0 c_e_scale 0.000000 
reading cbo reference file (full fit) from /gm2data/zkhechad/cboTemplates/Run4CBOTemplates/fullFits/run4/sBin_constraintOn_cE0.0_seed0_run4_calo21.root
A_CBO 0.009954 w_CBO 2.326310 phi_CBO 2.942572 N0 2740148.315147 R -59.181603 tau 64.402317 
Reading cboRef file /gm2data/zkhechad/cboTemplates/Run4CBOTemplates//cboIsolate/run4_calo21.root
deltaT 164.120000
windowBins = 1100
fitting sliding window 1740 from bin 1943 at 289.895600 to bin 3043 at 454.015600 (1100 bins)

Reading data from /gm2data/cornell/histograms/aMethod/histogram_a_run4.root
fitting cbo isolate
 **********
 **    1 **SET PRINTOUT            1
 **********
 **********
 **    2 **SET NOWARNINGS 
 **********
 PARAMETER DEFINITIONS:
    NO.   NAME         VALUE      STEP SIZE      LIMITS
     1 A_CBO        9.95405e-03  1.00000e-05     no limits
     2 w_CBO        2.32631e+00  1.00000e-02    2.00000e+00  3.00000e+00
     3 phi_CBO      2.94257e+00  1.00000e-02    0.00000e+00  6.28319e+00
 **********
 **    3 **MIGRAD
 **********
 FIRST CALL TO USER FUNCTION AT NEW START POINT, WITH IFLAG=4.
 START MIGRAD MINIMIZATION.  STRATEGY  1.  CONVERGENCE WHEN EDM .LT. 1.00e-04
 FCN=0.0835408 FROM MIGRAD    STATUS=INITIATE       12 CALLS          13 TOTAL
                     EDM= unknown      STRATEGY= 1      NO ERROR MATRIX       
  EXT PARAMETER               CURRENT GUESS       STEP         FIRST   
  NO.   NAME      VALUE            ERROR          SIZE      DERIVATIVE 
   1  A_CBO        9.95405e-03   1.00000e-05   1.00000e-05   7.29029e+00
   2  w_CBO        2.32631e+00   1.00000e-02   2.13305e-02  -1.75276e-01
   3  phi_CBO      2.94257e+00   1.00000e-02   3.18951e-03   3.38310e-03
 MIGRAD MINIMIZATION HAS CONVERGED.
 MIGRAD WILL VERIFY CONVERGENCE AND ERROR MATRIX.
 COVARIANCE MATRIX CALCULATED SUCCESSFULLY
 FCN=0.0594201 FROM MIGRAD    STATUS=CONVERGED      41 CALLS          42 TOTAL
                     EDM=1.21326e-05    STRATEGY= 1      ERROR MATRIX ACCURATE 
  EXT PARAMETER                                   STEP         FIRST   
  NO.   NAME      VALUE            ERROR          SIZE      DERIVATIVE 
   1  A_CBO        3.33764e-03   4.27222e-02   2.14096e-05  -4.50526e-04
   2  w_CBO        2.32638e+00   2.60230e-01   3.63720e-05   5.53438e-02
   3  phi_CBO      2.91278e+00   4.53960e+00   2.05211e-03  -8.87433e-04
 EXTERNAL ERROR MATRIX.    NDIM=  25    NPAR=  3    ERR DEF=1
  1.825e-03 -8.549e-04 -3.079e-01 
 -8.549e-04  7.611e-02  2.847e+01 
 -3.079e-01  2.847e+01  1.081e+04 
 PARAMETER  CORRELATION COEFFICIENTS  
       NO.  GLOBAL      1      2      3
        1  0.07574   1.000 -0.073 -0.069
        2  0.99241  -0.073  1.000  0.992
        3  0.99240  -0.069  0.992  1.000
setting A_CBO=0.003338 w_CBO=2.326383, phi_CBO=2.912781
done fitting cbo isolate
 **********
 **    1 **SET PRINTOUT            1
 **********
 **********
 **    2 **SET NOWARNINGS 
 **********
 PARAMETER DEFINITIONS:
    NO.   NAME         VALUE      STEP SIZE      LIMITS
     1 N0           2.74015e+06  1.00000e+02     no limits
     2 tau          6.44023e+01  constant
     3 A0           3.54223e-01  1.00000e-04     no limits
     4 phi          4.11631e+00  1.00000e-02     no limits
     5 R           -5.91816e+01  constant
     6 A_CBO        3.33764e-03  1.00000e-05     no limits
     7 w_CBO        2.32638e+00  1.00000e-03     no limits
     8 phi_CBO      2.91278e+00  1.00000e-04     no limits
     9 ANx2         7.44254e-04  constant
    10 pNx2         1.53785e+00  constant
    11 ANy1         0.00000e+00  constant
    12 pNy1         0.00000e+00  constant
    13 w_y          0.00000e+00  constant
    14 ANy2         8.00900e-03  1.00000e-04     no limits
    15 pNy2         3.64406e+00  constant
    16 w_vw         1.43170e+01  constant
    17 LM          -4.99363e-05  constant
    18 wCBO_expCoeff   2.00000e+02  1.00000e+00     no limits
    19 wCBO_expOffset   2.00000e+02  1.00000e+00     no limits
    20 wCBO_expT    3.00000e+01  1.00000e+00     no limits
    21 wCBO_linCoeff   0.00000e+00  constant
    22 wCBO_const   0.00000e+00  1.00000e-02     no limits
MINUIT - FIT ONLY WIGGLE
 **********
 **    3 **FIX            5
 **********
 PARAMETER    5  IS CONSTANT.   IGNORED.
 **********
 **    4 **FIX            6
 **********
 **********
 **    5 **FIX            7
 **********
 **********
 **    6 **FIX            8
 **********
 **********
 **    7 **FIX            9
 **********
 PARAMETER    9  IS CONSTANT.   IGNORED.
 **********
 **    8 **FIX           10
 **********
 PARAMETER   10  IS CONSTANT.   IGNORED.
 **********
 **    9 **FIX           11
 **********
 PARAMETER   11  IS CONSTANT.   IGNORED.
 **********
 **   10 **FIX           12
 **********
 PARAMETER   12  IS CONSTANT.   IGNORED.
 **********
 **   11 **FIX           13
 **********
 PARAMETER   13  IS CONSTANT.   IGNORED.
 **********
 **   12 **FIX           14
 **********
 **********
 **   13 **FIX           15
 **********
 PARAMETER   15  IS CONSTANT.   IGNORED.
 **********
 **   14 **FIX           16
 **********
 PARAMETER   16  IS CONSTANT.   IGNORED.
 **********
 **   15 **MIGRAD
 **********
 FIRST CALL TO USER FUNCTION AT NEW START POINT, WITH IFLAG=4.
 START MIGRAD MINIMIZATION.  STRATEGY  1.  CONVERGENCE WHEN EDM .LT. 1.00e-04
 FCN=635.023 FROM MIGRAD    STATUS=INITIATE       56 CALLS          57 TOTAL
                     EDM= unknown      STRATEGY= 1      NO ERROR MATRIX       
  EXT PARAMETER               CURRENT GUESS       STEP         FIRST   
  NO.   NAME      VALUE            ERROR          SIZE      DERIVATIVE 
   1  N0           2.74015e+06   1.00000e+02   0.00000e+00  -1.32384e-03
   2  tau          6.44023e+01   constant   
   3  A0           3.54223e-01   1.00000e-04   0.00000e+00   2.49800e+03
   4  phi          4.11631e+00   1.00000e-02   0.00000e+00  -6.34542e+02
   5  R           -5.91816e+01   constant   
   6  A_CBO        3.33764e-03     fixed    
   7  w_CBO        2.32638e+00     fixed    
   8  phi_CBO      2.91278e+00     fixed    
   9  ANx2         7.44254e-04   constant   
  10  pNx2         1.53785e+00   constant   
  11  ANy1         0.00000e+00   constant   
  12  pNy1         0.00000e+00   constant   
  13  w_y          0.00000e+00   constant   
  14  ANy2         8.00900e-03     fixed    
  15  pNy2         3.64406e+00   constant   
  16  w_vw         1.43170e+01   constant   
  17  LM          -4.99363e-05   constant   
  18  wCBO_expCoeff   1.99887e+02   1.00000e+00  -1.13031e-01   9.15887e+01
  19  wCBO_expOffset   2.00000e+02   1.00000e+00   0.00000e+00   6.09998e+02
  20  wCBO_expT    3.00000e+01   1.00000e+00   0.00000e+00   2.45090e+03
  21  wCBO_linCoeff   0.00000e+00   constant   
  22  wCBO_const   0.00000e+00   1.00000e-02   0.00000e+00   7.99056e+03
 MIGRAD MINIMIZATION HAS CONVERGED.
 FCN=630.859 FROM MIGRAD    STATUS=CONVERGED     188 CALLS         189 TOTAL
                     EDM=1.54563e-07    STRATEGY= 1  ERROR MATRIX UNCERTAINTY   0.9 per cent
  EXT PARAMETER                                   STEP         FIRST   
  NO.   NAME      VALUE            ERROR          SIZE      DERIVATIVE 
   1  N0           2.74056e+06   9.24462e+02  -1.26940e+00   3.96445e-07
   2  tau          6.44023e+01   constant   
   3  A0           3.54053e-01   4.48979e-04  -7.21297e-07   5.28031e-01
   4  phi          4.11677e+00   1.32334e-03  -1.97282e-06   2.02753e-01
   5  R           -5.91816e+01   constant   
   6  A_CBO        3.33764e-03     fixed    
   7  w_CBO        2.32638e+00     fixed    
   8  phi_CBO      2.91278e+00     fixed    
   9  ANx2         7.44254e-04   constant   
  10  pNx2         1.53785e+00   constant   
  11  ANy1         0.00000e+00   constant   
  12  pNy1         0.00000e+00   constant   
  13  w_y          0.00000e+00   constant   
  14  ANy2         8.00900e-03     fixed    
  15  pNy2         3.64406e+00   constant   
  16  w_vw         1.43170e+01   constant   
  17  LM          -4.99363e-05   constant   
  18  wCBO_expCoeff   1.99957e+02   8.75239e-02   2.20122e-04  -2.08046e-02
  19  wCBO_expOffset   2.00011e+02   1.33135e-02   3.36501e-05  -2.91561e-01
  20  wCBO_expT    2.99943e+01   8.10313e-03  -2.13988e-05  -6.96086e-01
  21  wCBO_linCoeff   0.00000e+00   constant   
  22  wCBO_const  -6.63583e-04   5.34287e-04   1.66491e-06  -1.30887e+00
 EXTERNAL ERROR MATRIX.    NDIM=  25    NPAR=  7    ERR DEF=1
  8.546e+05 -3.338e-03  1.464e-02 -6.467e+00 -9.956e-01  5.045e-01  4.747e-02 
 -3.338e-03  2.016e-07  5.329e-10  9.297e-08  5.214e-09 -4.615e-09 -1.516e-08 
  1.464e-02  5.329e-10  1.751e-06 -1.550e-05 -2.377e-06  1.462e-06 -2.988e-08 
 -6.467e+00  9.297e-08 -1.550e-05  7.660e-03  1.144e-03 -7.021e-04  1.747e-05 
 -9.956e-01  5.214e-09 -2.377e-06  1.144e-03  1.772e-04 -1.068e-04  2.675e-06 
  5.045e-01 -4.615e-09  1.462e-06 -7.021e-04 -1.068e-04  6.566e-05 -1.950e-06 
  4.747e-02 -1.516e-08 -2.988e-08  1.747e-05  2.675e-06 -1.950e-06  2.855e-07 
 PARAMETER  CORRELATION COEFFICIENTS  
       NO.  GLOBAL      1      3      4     18     19     20     22
        1  0.16158   1.000 -0.008  0.012 -0.080 -0.081  0.067  0.096
        3  0.11029  -0.008  1.000  0.001  0.002  0.001 -0.001 -0.063
        4  0.14321   0.012  0.001  1.000 -0.134 -0.135  0.136 -0.042
       18  0.99432  -0.080  0.002 -0.134  1.000  0.982 -0.990  0.374
       19  0.99441  -0.081  0.001 -0.135  0.982  1.000 -0.990  0.376
       20  0.99811   0.067 -0.001  0.136 -0.990 -0.990  1.000 -0.450
       22  0.83290   0.096 -0.063 -0.042  0.374  0.376 -0.450  1.000
MINUIT - FIT ONLY 1-CBO + other amplitudes 
 **********
 **   16 **RES 
 **********
                   PARAMETER   14  ANy2 RESTORED TO VARIABLE.
                   PARAMETER    8  phi_CBO RESTORED TO VARIABLE.
                   PARAMETER    7  w_CBO RESTORED TO VARIABLE.
                   PARAMETER    6  A_CBO RESTORED TO VARIABLE.
 **********
 **   17 **FIX            0
 **********
 PARAMETER    0  IS UNDEFINED. IGNORED.
 **********
 **   18 **FIX            1
 **********
 **********
 **   19 **FIX            2
 **********
 PARAMETER    2  IS CONSTANT.   IGNORED.
 **********
 **   20 **FIX            3
 **********
 **********
 **   21 **FIX            4
 **********
 **********
 **   22 **FIX            9
 **********
 PARAMETER    9  IS CONSTANT.   IGNORED.
 **********
 **   23 **FIX           11
 **********
 PARAMETER   11  IS CONSTANT.   IGNORED.
 **********
 **   24 **FIX           12
 **********
 PARAMETER   12  IS CONSTANT.   IGNORED.
 **********
 **   25 **FIX           14
 **********
 **********
 **   26 **FIX           15
 **********
 PARAMETER   15  IS CONSTANT.   IGNORED.
 **********
 **   27 **FIX           16
 **********
 PARAMETER   16  IS CONSTANT.   IGNORED.
 **********
 **   28 **MIGRAD
 **********
 START MIGRAD MINIMIZATION.  STRATEGY  1.  CONVERGENCE WHEN EDM .LT. 1.00e-04
 FCN=630.859 FROM MIGRAD    STATUS=INITIATE       20 CALLS         209 TOTAL
                     EDM= unknown      STRATEGY= 1      NO ERROR MATRIX       
  EXT PARAMETER               CURRENT GUESS       STEP         FIRST   
  NO.   NAME      VALUE            ERROR          SIZE      DERIVATIVE 
   1  N0           2.74056e+06     fixed    
   2  tau          6.44023e+01   constant   
   3  A0           3.54053e-01     fixed    
   4  phi          4.11677e+00     fixed    
   5  R           -5.91816e+01   constant   
   6  A_CBO        3.33764e-03   1.00000e-05   1.00000e-05   2.09777e+04
   7  w_CBO        2.32638e+00   1.00000e-03   1.00000e-03  -2.34974e+00
   8  phi_CBO      2.91278e+00   1.00000e-04   1.00000e-04   3.33842e+00
   9  ANx2         7.44254e-04   constant   
  10  pNx2         1.53785e+00   constant   
  11  ANy1         0.00000e+00   constant   
  12  pNy1         0.00000e+00   constant   
  13  w_y          0.00000e+00   constant   
  14  ANy2         8.00900e-03     fixed    
  15  pNy2         3.64406e+00   constant   
  16  w_vw         1.43170e+01   constant   
  17  LM          -4.99363e-05   constant   
  18  wCBO_expCoeff   1.99957e+02   8.75239e-02   2.20122e-04  -2.08053e-02
  19  wCBO_expOffset   2.00011e+02   1.33135e-02   3.36501e-05  -2.91561e-01
  20  wCBO_expT    2.99943e+01   8.10313e-03  -2.13988e-05  -6.96086e-01
  21  wCBO_linCoeff   0.00000e+00   constant   
  22  wCBO_const  -6.63583e-04   5.34287e-04   1.66491e-06  -1.30888e+00
 MIGRAD MINIMIZATION HAS CONVERGED.
 MIGRAD WILL VERIFY CONVERGENCE AND ERROR MATRIX.
 COVARIANCE MATRIX CALCULATED SUCCESSFULLY
 FCN=600.041 FROM MIGRAD    STATUS=CONVERGED     378 CALLS         567 TOTAL
                     EDM=1.05336e-07    STRATEGY= 1      ERROR MATRIX ACCURATE 
  EXT PARAMETER                                   STEP         FIRST   
  NO.   NAME      VALUE            ERROR          SIZE      DERIVATIVE 
   1  N0           2.74056e+06     fixed    
   2  tau          6.44023e+01   constant   
   3  A0           3.54053e-01     fixed    
   4  phi          4.11677e+00     fixed    
   5  R           -5.91816e+01   constant   
   6  A_CBO        8.62715e-04   5.00288e-04   5.63515e-06  -3.60363e-01
   7  w_CBO        2.32751e+00   6.51921e-03   1.59295e-06  -2.07610e+00
   8  phi_CBO      1.66469e+00   6.38855e-01   6.53543e-03   5.83050e-04
   9  ANx2         7.44254e-04   constant   
  10  pNx2         1.53785e+00   constant   
  11  ANy1         0.00000e+00   constant   
  12  pNy1         0.00000e+00   constant   
  13  w_y          0.00000e+00   constant   
  14  ANy2         8.00900e-03     fixed    
  15  pNy2         3.64406e+00   constant   
  16  w_vw         1.43170e+01   constant   
  17  LM          -4.99363e-05   constant   
  18  wCBO_expCoeff   2.00089e+02   5.64032e-01   1.59309e-04  -1.97788e-02
  19  wCBO_expOffset   2.00030e+02   5.00151e-02   9.53819e-05  -1.34125e-01
  20  wCBO_expT    2.99760e+01   9.17867e-03   1.42937e-05  -4.34045e-01
  21  wCBO_linCoeff   0.00000e+00   constant   
  22  wCBO_const  -1.00917e-03   2.89131e-03   4.00300e-06  -8.74987e-01
 EXTERNAL ERROR MATRIX.    NDIM=  25    NPAR=  7    ERR DEF=1
  2.503e-07 -4.807e-08 -8.426e-06 -5.442e-06 -2.710e-06  1.473e-06 -1.395e-07 
 -4.807e-08  4.250e-05  3.357e-05 -2.924e-03 -8.883e-05 -6.985e-06 -1.762e-05 
 -8.426e-06  3.357e-05  4.081e-01  2.265e-03  1.104e-03 -4.472e-04  6.448e-05 
 -5.442e-06 -2.924e-03  2.265e-03  3.181e-01 -8.018e-03 -6.775e-04  1.315e-03 
 -2.710e-06 -8.883e-05  1.104e-03 -8.018e-03  2.502e-03 -5.258e-05  4.296e-05 
  1.473e-06 -6.985e-06 -4.472e-04 -6.775e-04 -5.258e-05  8.425e-05 -4.995e-06 
 -1.395e-07 -1.762e-05  6.448e-05  1.315e-03  4.296e-05 -4.995e-06  8.360e-06 
 PARAMETER  CORRELATION COEFFICIENTS  
       NO.  GLOBAL      6      7      8     18     19     20     22
        6  0.33851   1.000 -0.015 -0.026 -0.019 -0.108  0.321 -0.096
        7  0.99979  -0.015  1.000  0.008 -0.795 -0.272 -0.117 -0.935
        8  0.51939  -0.026  0.008  1.000  0.006  0.035 -0.076  0.035
       18  0.99972  -0.019 -0.795  0.006  1.000 -0.284 -0.131  0.806
       19  0.99921  -0.108 -0.272  0.035 -0.284  1.000 -0.115  0.297
       20  0.99791   0.321 -0.117 -0.076 -0.131 -0.115  1.000 -0.188
       22  0.99329  -0.096 -0.935  0.035  0.806  0.297 -0.188  1.000
MINUIT - FIT ONLY 1-CBO
 **********
 **   29 **RES 
 **********
                   PARAMETER   14  ANy2 RESTORED TO VARIABLE.
                   PARAMETER    4  phi RESTORED TO VARIABLE.
                   PARAMETER    3  A0 RESTORED TO VARIABLE.
                   PARAMETER    1  N0 RESTORED TO VARIABLE.
 **********
 **   30 **FIX            0
 **********
 PARAMETER    0  IS UNDEFINED. IGNORED.
 **********
 **   31 **FIX            1
 **********
 **********
 **   32 **FIX            2
 **********
 PARAMETER    2  IS CONSTANT.   IGNORED.
 **********
 **   33 **FIX            3
 **********
 **********
 **   34 **FIX            4
 **********
 **********
 **   35 **FIX            8
 **********
 **********
 **   36 **FIX            9
 **********
 PARAMETER    9  IS CONSTANT.   IGNORED.
 **********
 **   37 **FIX           11
 **********
 PARAMETER   11  IS CONSTANT.   IGNORED.
 **********
 **   38 **FIX           12
 **********
 PARAMETER   12  IS CONSTANT.   IGNORED.
 **********
 **   39 **FIX           13
 **********
 PARAMETER   13  IS CONSTANT.   IGNORED.
 **********
 **   40 **FIX           15
 **********
 PARAMETER   15  IS CONSTANT.   IGNORED.
 **********
 **   41 **FIX           16
 **********
 PARAMETER   16  IS CONSTANT.   IGNORED.
 **********
 **   42 **MIGRAD
 **********
 START MIGRAD MINIMIZATION.  STRATEGY  1.  CONVERGENCE WHEN EDM .LT. 1.00e-04
 FCN=600.041 FROM MIGRAD    STATUS=INITIATE       16 CALLS         583 TOTAL
                     EDM= unknown      STRATEGY= 1      NO ERROR MATRIX       
  EXT PARAMETER               CURRENT GUESS       STEP         FIRST   
  NO.   NAME      VALUE            ERROR          SIZE      DERIVATIVE 
   1  N0           2.74056e+06     fixed    
   2  tau          6.44023e+01   constant   
   3  A0           3.54053e-01     fixed    
   4  phi          4.11677e+00     fixed    
   5  R           -5.91816e+01   constant   
   6  A_CBO        8.62715e-04   5.00288e-04   5.63515e-06  -3.60363e-01
   7  w_CBO        2.32751e+00   6.51921e-03   1.59295e-06  -2.08181e+00
   8  phi_CBO      1.66469e+00     fixed    
   9  ANx2         7.44254e-04   constant   
  10  pNx2         1.53785e+00   constant   
  11  ANy1         0.00000e+00   constant   
  12  pNy1         0.00000e+00   constant   
  13  w_y          0.00000e+00   constant   
  14  ANy2         8.00900e-03   1.00000e-04   1.00000e-04   6.97085e+04
  15  pNy2         3.64406e+00   constant   
  16  w_vw         1.43170e+01   constant   
  17  LM          -4.99363e-05   constant   
  18  wCBO_expCoeff   2.00089e+02   5.64032e-01   1.59309e-04  -1.98528e-02
  19  wCBO_expOffset   2.00030e+02   5.00151e-02   9.53819e-05  -1.40570e-01
  20  wCBO_expT    2.99760e+01   9.17867e-03   1.42937e-05  -4.35130e-01
  21  wCBO_linCoeff   0.00000e+00   constant   
  22  wCBO_const  -1.00917e-03   2.89131e-03   4.00300e-06  -8.71378e-01
 MIGRAD MINIMIZATION HAS CONVERGED.
 MIGRAD WILL VERIFY CONVERGENCE AND ERROR MATRIX.
 COVARIANCE MATRIX CALCULATED SUCCESSFULLY
 FCN=325.501 FROM MIGRAD    STATUS=CONVERGED     264 CALLS         831 TOTAL
                     EDM=3.37615e-07    STRATEGY= 1      ERROR MATRIX ACCURATE 
  EXT PARAMETER                                   STEP         FIRST   
  NO.   NAME      VALUE            ERROR          SIZE      DERIVATIVE 
   1  N0           2.74056e+06     fixed    
   2  tau          6.44023e+01   constant   
   3  A0           3.54053e-01     fixed    
   4  phi          4.11677e+00     fixed    
   5  R           -5.91816e+01   constant   
   6  A_CBO       -1.96369e-04   4.85704e-04   4.16352e-06   1.41591e+00
   7  w_CBO        2.32867e+00   6.80915e-03   1.57535e-06   1.12373e+00
   8  phi_CBO      1.66469e+00     fixed    
   9  ANx2         7.44254e-04   constant   
  10  pNx2         1.53785e+00   constant   
  11  ANy1         0.00000e+00   constant   
  12  pNy1         0.00000e+00   constant   
  13  w_y          0.00000e+00   constant   
  14  ANy2         1.31195e-04   4.74357e-04   4.15747e-06  -4.26307e-01
  15  pNy2         3.64406e+00   constant   
  16  w_vw         1.43170e+01   constant   
  17  LM          -4.99363e-05   constant   
  18  wCBO_expCoeff   2.00212e+02   5.81422e-01   1.62053e-04   1.04044e-02
  19  wCBO_expOffset   2.00049e+02   5.22162e-02   9.53907e-05   6.94962e-02
  20  wCBO_expT    2.99574e+01   1.03207e-02   1.42848e-05   2.10147e-01
  21  wCBO_linCoeff   0.00000e+00   constant   
  22  wCBO_const   4.88953e-04   3.02658e-03   3.43053e-06   5.33650e-01
 EXTERNAL ERROR MATRIX.    NDIM=  25    NPAR=  7    ERR DEF=1
  2.359e-07 -4.569e-08  2.271e-08 -3.842e-06 -7.330e-07  7.609e-07 -8.576e-08 
 -4.569e-08  4.636e-05 -2.185e-08 -3.089e-03 -1.037e-04 -1.018e-05 -1.903e-05 
  2.271e-08 -2.185e-08  2.250e-07 -1.708e-06  9.123e-08  1.855e-07 -1.114e-08 
 -3.842e-06 -3.089e-03 -1.708e-06  3.381e-01 -8.222e-03 -8.745e-04  1.405e-03 
 -7.330e-07 -1.037e-04  9.123e-08 -8.222e-03  2.727e-03 -5.253e-05  4.877e-05 
  7.609e-07 -1.018e-05  1.855e-07 -8.745e-04 -5.253e-05  1.065e-04 -5.696e-06 
 -8.576e-08 -1.903e-05 -1.114e-08  1.405e-03  4.877e-05 -5.696e-06  9.160e-06 
 PARAMETER  CORRELATION COEFFICIENTS  
       NO.  GLOBAL      6      7     14     18     19     20     22
        6  0.23671   1.000 -0.014  0.099 -0.014 -0.029  0.152 -0.058
        7  0.99966  -0.014  1.000 -0.007 -0.780 -0.292 -0.145 -0.923
       14  0.11496   0.099 -0.007  1.000 -0.006  0.004  0.038 -0.008
       18  0.99950  -0.014 -0.780 -0.006  1.000 -0.271 -0.146  0.798
       19  0.99861  -0.029 -0.292  0.004 -0.271  1.000 -0.097  0.309
       20  0.99714   0.152 -0.145  0.038 -0.146 -0.097  1.000 -0.182
       22  0.99171  -0.058 -0.923 -0.008  0.798  0.309 -0.182  1.000
MINUIT - FIT ONLY 2-CBO
 **********
 **   43 **RES 
 **********
                   PARAMETER    8  phi_CBO RESTORED TO VARIABLE.
                   PARAMETER    4  phi RESTORED TO VARIABLE.
                   PARAMETER    3  A0 RESTORED TO VARIABLE.
                   PARAMETER    1  N0 RESTORED TO VARIABLE.
 **********
 **   44 **FIX            0
 **********
 PARAMETER    0  IS UNDEFINED. IGNORED.
 **********
 **   45 **FIX            1
 **********
 **********
 **   46 **FIX            2
 **********
 PARAMETER    2  IS CONSTANT.   IGNORED.
 **********
 **   47 **FIX            3
 **********
 **********
 **   48 **FIX            4
 **********
 **********
 **   49 **FIX            5
 **********
 PARAMETER    5  IS CONSTANT.   IGNORED.
 **********
 **   50 **FIX            6
 **********
 **********
 **   51 **FIX            7
 **********
 **********
 **   52 **FIX           10
 **********
 PARAMETER   10  IS CONSTANT.   IGNORED.
 **********
 **   53 **FIX           11
 **********
 PARAMETER   11  IS CONSTANT.   IGNORED.
 **********
 **   54 **FIX           12
 **********
 PARAMETER   12  IS CONSTANT.   IGNORED.
 **********
 **   55 **FIX           13
 **********
 PARAMETER   13  IS CONSTANT.   IGNORED.
 **********
 **   56 **FIX           14
 **********
 **********
 **   57 **FIX           15
 **********
 PARAMETER   15  IS CONSTANT.   IGNORED.
 **********
 **   58 **FIX           16
 **********
 PARAMETER   16  IS CONSTANT.   IGNORED.
 **********
 **   59 **MIGRAD
 **********
 START MIGRAD MINIMIZATION.  STRATEGY  1.  CONVERGENCE WHEN EDM .LT. 1.00e-04
 FCN=325.501 FROM MIGRAD    STATUS=INITIATE       12 CALLS         843 TOTAL
                     EDM= unknown      STRATEGY= 1      NO ERROR MATRIX       
  EXT PARAMETER               CURRENT GUESS       STEP         FIRST   
  NO.   NAME      VALUE            ERROR          SIZE      DERIVATIVE 
   1  N0           2.74056e+06     fixed    
   2  tau          6.44023e+01   constant   
   3  A0           3.54053e-01     fixed    
   4  phi          4.11677e+00     fixed    
   5  R           -5.91816e+01   constant   
   6  A_CBO       -1.96369e-04     fixed    
   7  w_CBO        2.32867e+00     fixed    
   8  phi_CBO      1.66469e+00   6.38855e-01   6.38855e-01  -1.94182e-01
   9  ANx2         7.44254e-04   constant   
  10  pNx2         1.53785e+00   constant   
  11  ANy1         0.00000e+00   constant   
  12  pNy1         0.00000e+00   constant   
  13  w_y          0.00000e+00   constant   
  14  ANy2         1.31195e-04     fixed    
  15  pNy2         3.64406e+00   constant   
  16  w_vw         1.43170e+01   constant   
  17  LM          -4.99363e-05   constant   
  18  wCBO_expCoeff   2.00212e+02   5.81422e-01   1.62053e-04   1.03249e-02
  19  wCBO_expOffset   2.00049e+02   5.22162e-02   9.53907e-05   6.06162e-02
  20  wCBO_expT    2.99574e+01   1.03207e-02   1.42848e-05   2.08777e-01
  21  wCBO_linCoeff   0.00000e+00   constant   
  22  wCBO_const   4.88953e-04   3.02658e-03   3.43053e-06   5.34811e-01
 MIGRAD MINIMIZATION HAS CONVERGED.
 MIGRAD WILL VERIFY CONVERGENCE AND ERROR MATRIX.
 COVARIANCE MATRIX CALCULATED SUCCESSFULLY
 FCN=325.445 FROM MIGRAD    STATUS=CONVERGED      93 CALLS         924 TOTAL
                     EDM=9.12231e-05    STRATEGY= 1      ERROR MATRIX ACCURATE 
  EXT PARAMETER                                   STEP         FIRST   
  NO.   NAME      VALUE            ERROR          SIZE      DERIVATIVE 
   1  N0           2.74056e+06     fixed    
   2  tau          6.44023e+01   constant   
   3  A0           3.54053e-01     fixed    
   4  phi          4.11677e+00     fixed    
   5  R           -5.91816e+01   constant   
   6  A_CBO       -1.96369e-04     fixed    
   7  w_CBO        2.32867e+00     fixed    
   8  phi_CBO      2.21451e+00   2.27326e+00   1.95295e-02   3.61238e-05
   9  ANx2         7.44254e-04   constant   
  10  pNx2         1.53785e+00   constant   
  11  ANy1         0.00000e+00   constant   
  12  pNy1         0.00000e+00   constant   
  13  w_y          0.00000e+00   constant   
  14  ANy2         1.31195e-04     fixed    
  15  pNy2         3.64406e+00   constant   
  16  w_vw         1.43170e+01   constant   
  17  LM          -4.99363e-05   constant   
  18  wCBO_expCoeff   2.00211e+02   3.64146e-01   1.60981e-04  -1.70115e-02
  19  wCBO_expOffset   2.00049e+02   5.00817e-02   9.53906e-05  -1.13729e-01
  20  wCBO_expT    2.99574e+01   1.02084e-02   1.42848e-05   9.61490e-01
  21  wCBO_linCoeff   0.00000e+00   constant   
  22  wCBO_const   5.35285e-04   1.18154e-03   3.44020e-06  -2.73895e-01
 EXTERNAL ERROR MATRIX.    NDIM=  25    NPAR=  5    ERR DEF=1
  5.168e+00  1.008e-03 -2.296e-03  6.510e-05  3.347e-04 
  1.008e-03  1.326e-01 -1.521e-02 -1.547e-03  1.395e-04 
 -2.296e-03 -1.521e-02  2.508e-03 -7.532e-05  6.078e-06 
  6.510e-05 -1.547e-03 -7.532e-05  1.042e-04 -9.986e-06 
  3.347e-04  1.395e-04  6.078e-06 -9.986e-06  1.396e-06 
 PARAMETER  CORRELATION COEFFICIENTS  
       NO.  GLOBAL      8     18     19     20     22
        8  0.22681   1.000  0.001 -0.020  0.003  0.125
       18  0.99874   0.001  1.000 -0.834 -0.416  0.324
       19  0.99851  -0.020 -0.834  1.000 -0.147  0.103
       20  0.99710   0.003 -0.416 -0.147  1.000 -0.828
       22  0.94396   0.125  0.324  0.103 -0.828  1.000
MINUIT - FIT ONLY 1-y
 **********
 **   60 **RES 
 **********
                   PARAMETER   14  ANy2 RESTORED TO VARIABLE.
                   PARAMETER    7  w_CBO RESTORED TO VARIABLE.
                   PARAMETER    6  A_CBO RESTORED TO VARIABLE.
                   PARAMETER    4  phi RESTORED TO VARIABLE.
                   PARAMETER    3  A0 RESTORED TO VARIABLE.
                   PARAMETER    1  N0 RESTORED TO VARIABLE.
 **********
 **   61 **FIX            0
 **********
 PARAMETER    0  IS UNDEFINED. IGNORED.
 **********
 **   62 **FIX            1
 **********
 **********
 **   63 **FIX            2
 **********
 PARAMETER    2  IS CONSTANT.   IGNORED.
 **********
 **   64 **FIX            3
 **********
 **********
 **   65 **FIX            4
 **********
 **********
 **   66 **FIX            5
 **********
 PARAMETER    5  IS CONSTANT.   IGNORED.
 **********
 **   67 **FIX            6
 **********
 **********
 **   68 **FIX            7
 **********
 **********
 **   69 **FIX            8
 **********
 **********
 **   70 **FIX            9
 **********
 PARAMETER    9  IS CONSTANT.   IGNORED.
 **********
 **   71 **FIX           13
 **********
 PARAMETER   13  IS CONSTANT.   IGNORED.
 **********
 **   72 **FIX           14
 **********
 **********
 **   73 **FIX           15
 **********
 PARAMETER   15  IS CONSTANT.   IGNORED.
 **********
 **   74 **FIX           16
 **********
 PARAMETER   16  IS CONSTANT.   IGNORED.
 **********
 **   75 **MIGRAD
 **********
 START MIGRAD MINIMIZATION.  STRATEGY  1.  CONVERGENCE WHEN EDM .LT. 1.00e-04
 FCN=325.445 FROM MIGRAD    STATUS=INITIATE        8 CALLS         932 TOTAL
                     EDM= unknown      STRATEGY= 1      NO ERROR MATRIX       
  EXT PARAMETER               CURRENT GUESS       STEP         FIRST   
  NO.   NAME      VALUE            ERROR          SIZE      DERIVATIVE 
   1  N0           2.74056e+06     fixed    
   2  tau          6.44023e+01   constant   
   3  A0           3.54053e-01     fixed    
   4  phi          4.11677e+00     fixed    
   5  R           -5.91816e+01   constant   
   6  A_CBO       -1.96369e-04     fixed    
   7  w_CBO        2.32867e+00     fixed    
   8  phi_CBO      2.21451e+00     fixed    
   9  ANx2         7.44254e-04   constant   
  10  pNx2         1.53785e+00   constant   
  11  ANy1         0.00000e+00   constant   
  12  pNy1         0.00000e+00   constant   
  13  w_y          0.00000e+00   constant   
  14  ANy2         1.31195e-04     fixed    
  15  pNy2         3.64406e+00   constant   
  16  w_vw         1.43170e+01   constant   
  17  LM          -4.99363e-05   constant   
  18  wCBO_expCoeff   2.00211e+02   3.64146e-01   1.60981e-04  -1.70888e-02
  19  wCBO_expOffset   2.00049e+02   5.00817e-02   9.53906e-05  -1.22480e-01
  20  wCBO_expT    2.99574e+01   1.02084e-02   1.42848e-05   9.60714e-01
  21  wCBO_linCoeff   0.00000e+00   constant   
  22  wCBO_const   5.35285e-04   1.18154e-03   3.44020e-06  -2.73936e-01
 MIGRAD MINIMIZATION HAS CONVERGED.
 MIGRAD WILL VERIFY CONVERGENCE AND ERROR MATRIX.
 COVARIANCE MATRIX CALCULATED SUCCESSFULLY
 FCN=325.445 FROM MIGRAD    STATUS=CONVERGED      55 CALLS         979 TOTAL
                     EDM=9.09613e-06    STRATEGY= 1      ERROR MATRIX ACCURATE 
  EXT PARAMETER                                   STEP         FIRST   
  NO.   NAME      VALUE            ERROR          SIZE      DERIVATIVE 
   1  N0           2.74056e+06     fixed    
   2  tau          6.44023e+01   constant   
   3  A0           3.54053e-01     fixed    
   4  phi          4.11677e+00     fixed    
   5  R           -5.91816e+01   constant   
   6  A_CBO       -1.96369e-04     fixed    
   7  w_CBO        2.32867e+00     fixed    
   8  phi_CBO      2.21451e+00     fixed    
   9  ANx2         7.44254e-04   constant   
  10  pNx2         1.53785e+00   constant   
  11  ANy1         0.00000e+00   constant   
  12  pNy1         0.00000e+00   constant   
  13  w_y          0.00000e+00   constant   
  14  ANy2         1.31195e-04     fixed    
  15  pNy2         3.64406e+00   constant   
  16  w_vw         1.43170e+01   constant   
  17  LM          -4.99363e-05   constant   
  18  wCBO_expCoeff   2.00212e+02   3.58357e-01   1.61081e-04   5.99595e-02
  19  wCBO_expOffset   2.00049e+02   4.91371e-02   9.53907e-05   3.98460e-01
  20  wCBO_expT    2.99573e+01   1.01885e-02   1.42848e-05   9.39871e-01
  21  wCBO_linCoeff   0.00000e+00   constant   
  22  wCBO_const   5.40537e-04   1.17146e-03   3.44106e-06  -3.81790e+00
 EXTERNAL ERROR MATRIX.    NDIM=  25    NPAR=  4    ERR DEF=1
  1.284e-01 -1.460e-02 -1.542e-03  1.389e-04 
 -1.460e-02  2.414e-03 -7.491e-05  6.194e-06 
 -1.542e-03 -7.491e-05  1.038e-04 -9.955e-06 
  1.389e-04  6.194e-06 -9.955e-06  1.372e-06 
 PARAMETER  CORRELATION COEFFICIENTS  
       NO.  GLOBAL     18     19     20     22
       18  0.99870   1.000 -0.829 -0.422  0.331
       19  0.99845  -0.829  1.000 -0.150  0.108
       20  0.99708  -0.422 -0.150  1.000 -0.834
       22  0.94294   0.331  0.108 -0.834  1.000
MINUIT - FIT ONLY 2-y
 **********
 **   76 **RES 
 **********
                   PARAMETER   14  ANy2 RESTORED TO VARIABLE.
                   PARAMETER    8  phi_CBO RESTORED TO VARIABLE.
                   PARAMETER    7  w_CBO RESTORED TO VARIABLE.
                   PARAMETER    6  A_CBO RESTORED TO VARIABLE.
                   PARAMETER    4  phi RESTORED TO VARIABLE.
                   PARAMETER    3  A0 RESTORED TO VARIABLE.
                   PARAMETER    1  N0 RESTORED TO VARIABLE.
 **********
 **   77 **FIX            0
 **********
 PARAMETER    0  IS UNDEFINED. IGNORED.
 **********
 **   78 **FIX            1
 **********
 **********
 **   79 **FIX            2
 **********
 PARAMETER    2  IS CONSTANT.   IGNORED.
 **********
 **   80 **FIX            3
 **********
 **********
 **   81 **FIX            4
 **********
 **********
 **   82 **FIX            5
 **********
 PARAMETER    5  IS CONSTANT.   IGNORED.
 **********
 **   83 **FIX            6
 **********
 **********
 **   84 **FIX            7
 **********
 **********
 **   85 **FIX            8
 **********
 **********
 **   86 **FIX            9
 **********
 PARAMETER    9  IS CONSTANT.   IGNORED.
 **********
 **   87 **FIX           10
 **********
 PARAMETER   10  IS CONSTANT.   IGNORED.
 **********
 **   88 **FIX           11
 **********
 PARAMETER   11  IS CONSTANT.   IGNORED.
 **********
 **   89 **FIX           12
 **********
 PARAMETER   12  IS CONSTANT.   IGNORED.
 **********
 **   90 **FIX           16
 **********
 PARAMETER   16  IS CONSTANT.   IGNORED.
 **********
 **   91 **MIGRAD
 **********
 START MIGRAD MINIMIZATION.  STRATEGY  1.  CONVERGENCE WHEN EDM .LT. 1.00e-04
 FCN=325.445 FROM MIGRAD    STATUS=INITIATE       10 CALLS         989 TOTAL
                     EDM= unknown      STRATEGY= 1      NO ERROR MATRIX       
  EXT PARAMETER               CURRENT GUESS       STEP         FIRST   
  NO.   NAME      VALUE            ERROR          SIZE      DERIVATIVE 
   1  N0           2.74056e+06     fixed    
   2  tau          6.44023e+01   constant   
   3  A0           3.54053e-01     fixed    
   4  phi          4.11677e+00     fixed    
   5  R           -5.91816e+01   constant   
   6  A_CBO       -1.96369e-04     fixed    
   7  w_CBO        2.32867e+00     fixed    
   8  phi_CBO      2.21451e+00     fixed    
   9  ANx2         7.44254e-04   constant   
  10  pNx2         1.53785e+00   constant   
  11  ANy1         0.00000e+00   constant   
  12  pNy1         0.00000e+00   constant   
  13  w_y          0.00000e+00   constant   
  14  ANy2         1.31195e-04   4.74357e-04   4.74357e-04  -2.34237e+01
  15  pNy2         3.64406e+00   constant   
  16  w_vw         1.43170e+01   constant   
  17  LM          -4.99363e-05   constant   
  18  wCBO_expCoeff   2.00212e+02   3.58357e-01   1.61081e-04   5.98785e-02
  19  wCBO_expOffset   2.00049e+02   4.91371e-02   9.53907e-05   3.91518e-01
  20  wCBO_expT    2.99573e+01   1.01885e-02   1.42848e-05   9.38931e-01
  21  wCBO_linCoeff   0.00000e+00   constant   
  22  wCBO_const   5.40537e-04   1.17146e-03   3.44106e-06  -3.81797e+00
 MIGRAD MINIMIZATION HAS CONVERGED.
 MIGRAD WILL VERIFY CONVERGENCE AND ERROR MATRIX.
 COVARIANCE MATRIX CALCULATED SUCCESSFULLY
 FCN=325.445 FROM MIGRAD    STATUS=CONVERGED      64 CALLS        1043 TOTAL
                     EDM=3.95089e-06    STRATEGY= 1      ERROR MATRIX ACCURATE 
  EXT PARAMETER                                   STEP         FIRST   
  NO.   NAME      VALUE            ERROR          SIZE      DERIVATIVE 
   1  N0           2.74056e+06     fixed    
   2  tau          6.44023e+01   constant   
   3  A0           3.54053e-01     fixed    
   4  phi          4.11677e+00     fixed    
   5  R           -5.91816e+01   constant   
   6  A_CBO       -1.96369e-04     fixed    
   7  w_CBO        2.32867e+00     fixed    
   8  phi_CBO      2.21451e+00     fixed    
   9  ANx2         7.44254e-04   constant   
  10  pNx2         1.53785e+00   constant   
  11  ANy1         0.00000e+00   constant   
  12  pNy1         0.00000e+00   constant   
  13  w_y          0.00000e+00   constant   
  14  ANy2         1.33872e-04   4.71869e-04   4.15711e-06   6.62365e-01
  15  pNy2         3.64406e+00   constant   
  16  w_vw         1.43170e+01   constant   
  17  LM          -4.99363e-05   constant   
  18  wCBO_expCoeff   2.00212e+02   3.58962e-01   1.61102e-04   4.24512e-02
  19  wCBO_expOffset   2.00049e+02   4.92255e-02   9.53907e-05   2.81457e-01
  20  wCBO_expT    2.99573e+01   1.01981e-02   1.42848e-05   7.10909e-01
  21  wCBO_linCoeff   0.00000e+00   constant   
  22  wCBO_const   5.41017e-04   1.17233e-03   3.44110e-06  -2.27645e+00
 EXTERNAL ERROR MATRIX.    NDIM=  25    NPAR=  5    ERR DEF=1
  2.227e-07 -2.828e-06  9.922e-08  1.281e-07 -1.147e-08 
 -2.828e-06  1.289e-01 -1.466e-02 -1.545e-03  1.392e-04 
  9.922e-08 -1.466e-02  2.423e-03 -7.498e-05  6.201e-06 
  1.281e-07 -1.545e-03 -7.498e-05  1.040e-04 -9.975e-06 
 -1.147e-08  1.392e-04  6.201e-06 -9.975e-06  1.374e-06 
 PARAMETER  CORRELATION COEFFICIENTS  
       NO.  GLOBAL     14     18     19     20     22
       14  0.05275   1.000 -0.017  0.004  0.027 -0.021
       18  0.99871  -0.017  1.000 -0.829 -0.422  0.331
       19  0.99846   0.004 -0.829  1.000 -0.149  0.107
       20  0.99709   0.027 -0.422 -0.149  1.000 -0.834
       22  0.94303  -0.021  0.331  0.107 -0.834  1.000
MINUIT - FIT ALTOGETHER
 **********
 **   92 **RES 
 **********
                   PARAMETER    8  phi_CBO RESTORED TO VARIABLE.
                   PARAMETER    7  w_CBO RESTORED TO VARIABLE.
                   PARAMETER    6  A_CBO RESTORED TO VARIABLE.
                   PARAMETER    4  phi RESTORED TO VARIABLE.
                   PARAMETER    3  A0 RESTORED TO VARIABLE.
                   PARAMETER    1  N0 RESTORED TO VARIABLE.
 **********
 **   93 **MIGRAD
 **********
 START MIGRAD MINIMIZATION.  STRATEGY  1.  CONVERGENCE WHEN EDM .LT. 1.00e-04
 FCN=325.445 FROM MIGRAD    STATUS=INITIATE       22 CALLS        1065 TOTAL
                     EDM= unknown      STRATEGY= 1      NO ERROR MATRIX       
  EXT PARAMETER               CURRENT GUESS       STEP         FIRST   
  NO.   NAME      VALUE            ERROR          SIZE      DERIVATIVE 
   1  N0           2.74056e+06   9.24462e+02   9.24462e+02   2.32763e-04
   2  tau          6.44023e+01   constant   
   3  A0           3.54053e-01   4.48979e-04   4.48979e-04   5.92946e+02
   4  phi          4.11677e+00   1.32334e-03   1.32334e-03   3.00987e+02
   5  R           -5.91816e+01   constant   
   6  A_CBO       -1.96369e-04   4.85704e-04   4.85704e-04   3.32532e+02
   7  w_CBO        2.32867e+00   6.80915e-03   6.80915e-03   2.66662e+00
   8  phi_CBO      2.21451e+00   2.27326e+00   2.27326e+00   1.01948e-04
   9  ANx2         7.44254e-04   constant   
  10  pNx2         1.53785e+00   constant   
  11  ANy1         0.00000e+00   constant   
  12  pNy1         0.00000e+00   constant   
  13  w_y          0.00000e+00   constant   
  14  ANy2         1.33872e-04   4.71869e-04   4.15711e-06   6.62365e-01
  15  pNy2         3.64406e+00   constant   
  16  w_vw         1.43170e+01   constant   
  17  LM          -4.99363e-05   constant   
  18  wCBO_expCoeff   2.00212e+02   3.58962e-01   1.61102e-04   4.23705e-02
  19  wCBO_expOffset   2.00049e+02   4.92255e-02   9.53907e-05   2.74545e-01
  20  wCBO_expT    2.99573e+01   1.01981e-02   1.42848e-05   7.09991e-01
  21  wCBO_linCoeff   0.00000e+00   constant   
  22  wCBO_const   5.41017e-04   1.17233e-03   3.44110e-06  -2.27653e+00
 MIGRAD MINIMIZATION HAS CONVERGED.
 MIGRAD WILL VERIFY CONVERGENCE AND ERROR MATRIX.
 COVARIANCE MATRIX CALCULATED SUCCESSFULLY
 FCN=325.371 FROM MIGRAD    STATUS=CONVERGED     216 CALLS        1259 TOTAL
                     EDM=2.22378e-05    STRATEGY= 1      ERROR MATRIX ACCURATE 
  EXT PARAMETER                                   STEP         FIRST   
  NO.   NAME      VALUE            ERROR          SIZE      DERIVATIVE 
