 + ++++++++++++++++++++++++++++++++++++++++++++++++++++++++++++++++++++ +
 +                                                                      +
 +           You have chose to blind your fitting according to          +
 +                omega_ref * (1 + (R +/- deltaR) *10^{-6})             +
 +                                                                      +
 + ++++++++++++++++++++++++++++++++++++++++++++++++++++++++++++++++++++ +
In main()...
reading format from /gm2data/zkhechad/run45/envelope/formats/formatB_sBin_constraintOn.txt
pBinTau 	= 0  
pBinPhi 	= 0  
constraintau 	= 1 
includeMopTerm 	= 0    
constrainMop    = 0   
Parameters after format file: pBinTau 0 pBinPhi 0 constraintau 1 includeMopTerm 0 constrainMop 0 c_e_scale 0.000000 
reading cbo reference file (full fit) from /gm2data/zkhechad/cboTemplates/Run4CBOTemplates/fullFits/run4/sBin_constraintOn_cE0.0_seed0_run4_calo12.root
A_CBO 0.007990 w_CBO 2.327632 phi_CBO 5.471864 N0 3435893.469287 R -59.911173 tau 64.398066 
Reading cboRef file /gm2data/zkhechad/cboTemplates/Run4CBOTemplates//cboIsolate/run4_calo12.root
deltaT 164.120000
windowBins = 1100
fitting sliding window 1360 from bin 1563 at 233.199600 to bin 2663 at 397.319600 (1100 bins)

Reading data from /gm2data/cornell/histograms/aMethod/histogram_a_run4.root
fitting cbo isolate
 **********
 **    1 **SET PRINTOUT            1
 **********
 **********
 **    2 **SET NOWARNINGS 
 **********
 PARAMETER DEFINITIONS:
    NO.   NAME         VALUE      STEP SIZE      LIMITS
     1 A_CBO        7.98954e-03  1.00000e-05     no limits
     2 w_CBO        2.32763e+00  1.00000e-02    2.00000e+00  3.00000e+00
     3 phi_CBO      5.47186e+00  1.00000e-02    0.00000e+00  6.28319e+00
 **********
 **    3 **MIGRAD
 **********
 FIRST CALL TO USER FUNCTION AT NEW START POINT, WITH IFLAG=4.
 START MIGRAD MINIMIZATION.  STRATEGY  1.  CONVERGENCE WHEN EDM .LT. 1.00e-04
 FCN=0.0389596 FROM MIGRAD    STATUS=INITIATE       12 CALLS          13 TOTAL
                     EDM= unknown      STRATEGY= 1      NO ERROR MATRIX       
  EXT PARAMETER               CURRENT GUESS       STEP         FIRST   
  NO.   NAME      VALUE            ERROR          SIZE      DERIVATIVE 
   1  A_CBO        7.98954e-03   1.00000e-05   1.00000e-05   5.76626e+00
   2  w_CBO        2.32763e+00   1.00000e-02   2.13083e-02   5.88977e-01
   3  phi_CBO      5.47186e+00   1.00000e-02   4.74617e-03  -7.37313e-03
 MIGRAD MINIMIZATION HAS CONVERGED.
 MIGRAD WILL VERIFY CONVERGENCE AND ERROR MATRIX.
 COVARIANCE MATRIX CALCULATED SUCCESSFULLY
 FCN=0.0237313 FROM HESSE     STATUS=OK             16 CALLS          50 TOTAL
                     EDM=8.98177e-05    STRATEGY= 1      ERROR MATRIX ACCURATE 
  EXT PARAMETER                                   STEP         FIRST   
  NO.   NAME      VALUE            ERROR          SIZE      DERIVATIVE 
   1  A_CBO        2.73480e-03   4.34655e-02   2.10561e-05  -5.03555e-02
   2  w_CBO        2.32733e+00   3.12865e-01   5.19802e-05   1.47417e-02
   3  phi_CBO      5.53455e+00   5.87813e+00   4.12777e-03   1.45441e-04
 MIGRAD MINIMIZATION HAS CONVERGED.
 MIGRAD WILL VERIFY CONVERGENCE AND ERROR MATRIX.
 COVARIANCE MATRIX CALCULATED SUCCESSFULLY
 FCN=0.0236488 FROM MIGRAD    STATUS=CONVERGED      97 CALLS          98 TOTAL
                     EDM=1.74758e-06    STRATEGY= 1      ERROR MATRIX ACCURATE 
  EXT PARAMETER                                   STEP         FIRST   
  NO.   NAME      VALUE            ERROR          SIZE      DERIVATIVE 
   1  A_CBO        2.83239e-03   4.27101e-02   2.10630e-05   2.78129e-02
   2  w_CBO        2.32460e+00   2.94011e-01   5.07098e-05  -7.83896e-05
   3  phi_CBO      4.68053e+00   3.92439e+00   2.70466e-03   4.30191e-05
 EXTERNAL ERROR MATRIX.    NDIM=  25    NPAR=  3    ERR DEF=1
  1.824e-03 -8.121e-04 -2.574e-01 
 -8.121e-04  1.010e-01  3.140e+01 
 -2.574e-01  3.140e+01  9.986e+03 
 PARAMETER  CORRELATION COEFFICIENTS  
       NO.  GLOBAL      1      2      3
        1  0.06032   1.000 -0.060 -0.060
        2  0.98846  -0.060  1.000  0.988
        3  0.98846  -0.060  0.988  1.000
setting A_CBO=0.002832 w_CBO=2.324599, phi_CBO=4.680528
done fitting cbo isolate
 **********
 **    1 **SET PRINTOUT            1
 **********
 **********
 **    2 **SET NOWARNINGS 
 **********
 PARAMETER DEFINITIONS:
    NO.   NAME         VALUE      STEP SIZE      LIMITS
     1 N0           3.43589e+06  1.00000e+02     no limits
     2 tau          6.43981e+01  constant
     3 A0           3.53663e-01  1.00000e-04     no limits
     4 phi          4.11774e+00  1.00000e-02     no limits
     5 R           -5.99112e+01  constant
     6 A_CBO        2.83239e-03  1.00000e-05     no limits
     7 w_CBO        2.32460e+00  1.00000e-03     no limits
     8 phi_CBO      4.68053e+00  1.00000e-04     no limits
     9 ANx2         3.16301e-04  constant
    10 pNx2         1.53957e+00  constant
    11 ANy1         0.00000e+00  constant
    12 pNy1         0.00000e+00  constant
    13 w_y          0.00000e+00  constant
    14 ANy2         1.02217e-02  1.00000e-04     no limits
    15 pNy2         1.44040e+00  constant
    16 w_vw         1.43192e+01  constant
    17 LM          -2.49463e-04  constant
    18 wCBO_expCoeff   2.00000e+02  1.00000e+00     no limits
    19 wCBO_expOffset   2.00000e+02  1.00000e+00     no limits
    20 wCBO_expT    3.00000e+01  1.00000e+00     no limits
    21 wCBO_linCoeff   0.00000e+00  constant
    22 wCBO_const   0.00000e+00  1.00000e-02     no limits
MINUIT - FIT ONLY WIGGLE
 **********
 **    3 **FIX            5
 **********
 PARAMETER    5  IS CONSTANT.   IGNORED.
 **********
 **    4 **FIX            6
 **********
 **********
 **    5 **FIX            7
 **********
 **********
 **    6 **FIX            8
 **********
 **********
 **    7 **FIX            9
 **********
 PARAMETER    9  IS CONSTANT.   IGNORED.
 **********
 **    8 **FIX           10
 **********
 PARAMETER   10  IS CONSTANT.   IGNORED.
 **********
 **    9 **FIX           11
 **********
 PARAMETER   11  IS CONSTANT.   IGNORED.
 **********
 **   10 **FIX           12
 **********
 PARAMETER   12  IS CONSTANT.   IGNORED.
 **********
 **   11 **FIX           13
 **********
 PARAMETER   13  IS CONSTANT.   IGNORED.
 **********
 **   12 **FIX           14
 **********
 **********
 **   13 **FIX           15
 **********
 PARAMETER   15  IS CONSTANT.   IGNORED.
 **********
 **   14 **FIX           16
 **********
 PARAMETER   16  IS CONSTANT.   IGNORED.
 **********
 **   15 **MIGRAD
 **********
 FIRST CALL TO USER FUNCTION AT NEW START POINT, WITH IFLAG=4.
 START MIGRAD MINIMIZATION.  STRATEGY  1.  CONVERGENCE WHEN EDM .LT. 1.00e-04
 FCN=1841.23 FROM MIGRAD    STATUS=INITIATE       57 CALLS          58 TOTAL
                     EDM= unknown      STRATEGY= 1      NO ERROR MATRIX       
  EXT PARAMETER               CURRENT GUESS       STEP         FIRST   
  NO.   NAME      VALUE            ERROR          SIZE      DERIVATIVE 
   1  N0           3.43589e+06   1.00000e+02   0.00000e+00   3.99726e-03
   2  tau          6.43981e+01   constant   
   3  A0           3.53663e-01   1.00000e-04   0.00000e+00  -2.64235e+03
   4  phi          4.11774e+00   1.00000e-02   0.00000e+00   6.76206e+02
   5  R           -5.99112e+01   constant   
   6  A_CBO        2.83239e-03     fixed    
   7  w_CBO        2.32460e+00     fixed    
   8  phi_CBO      4.68053e+00     fixed    
   9  ANx2         3.16301e-04   constant   
  10  pNx2         1.53957e+00   constant   
  11  ANy1         0.00000e+00   constant   
  12  pNy1         0.00000e+00   constant   
  13  w_y          0.00000e+00   constant   
  14  ANy2         1.02217e-02     fixed    
  15  pNy2         1.44040e+00   constant   
  16  w_vw         1.43192e+01   constant   
  17  LM          -2.49463e-04   constant   
  18  wCBO_expCoeff   1.99986e+02   1.00000e+00  -1.40103e-02   1.23938e+02
  19  wCBO_expOffset   2.00000e+02   1.00000e+00   0.00000e+00   8.10018e+02
  20  wCBO_expT    3.00000e+01   1.00000e+00   0.00000e+00   1.63834e+03
  21  wCBO_linCoeff   0.00000e+00   constant   
  22  wCBO_const   0.00000e+00   1.00000e-02   0.00000e+00   3.34669e+03
 MIGRAD FAILS TO FIND IMPROVEMENT
 MIGRAD MINIMIZATION HAS CONVERGED.
 FCN=1835.93 FROM MIGRAD    STATUS=CONVERGED     303 CALLS         304 TOTAL
                     EDM=8.83804e-05    STRATEGY= 1  ERROR MATRIX UNCERTAINTY   0.4 per cent
  EXT PARAMETER                                   STEP         FIRST   
  NO.   NAME      VALUE            ERROR          SIZE      DERIVATIVE 
   1  N0           3.43508e+06   6.73815e+02  -0.00000e+00   2.77129e-06
   2  tau          6.43981e+01   constant   
   3  A0           3.53678e-01   2.64005e-04   0.00000e+00  -3.39448e+01
   4  phi          4.11767e+00   7.71036e-04  -0.00000e+00   1.50408e+00
   5  R           -5.99112e+01   constant   
   6  A_CBO        2.83239e-03     fixed    
   7  w_CBO        2.32460e+00     fixed    
   8  phi_CBO      4.68053e+00     fixed    
   9  ANx2         3.16301e-04   constant   
  10  pNx2         1.53957e+00   constant   
  11  ANy1         0.00000e+00   constant   
  12  pNy1         0.00000e+00   constant   
  13  w_y          0.00000e+00   constant   
  14  ANy2         1.02217e-02     fixed    
  15  pNy2         1.44040e+00   constant   
  16  w_vw         1.43192e+01   constant   
  17  LM          -2.49463e-04   constant   
  18  wCBO_expCoeff   1.99967e+02   5.43528e-03   0.00000e+00  -5.85833e-01
  19  wCBO_expOffset   1.99997e+02   9.16076e-04   0.00000e+00  -3.20201e+01
  20  wCBO_expT    3.00050e+01   1.40896e-03  -0.00000e+00  -1.69972e+01
  21  wCBO_linCoeff   0.00000e+00   constant   
  22  wCBO_const  -2.70481e-03   7.04023e-04   0.00000e+00  -1.37209e+01
 EXTERNAL ERROR MATRIX.    NDIM=  25    NPAR=  7    ERR DEF=1
  4.540e+05  2.757e-03  8.970e-03 -2.415e-01 -8.219e-02  8.958e-02 -3.511e-02 
  2.757e-03  6.970e-08  1.968e-09  6.003e-09  3.092e-08 -3.221e-08  1.528e-08 
  8.970e-03  1.968e-09  5.945e-07 -1.662e-07 -5.270e-08  6.504e-08 -3.642e-08 
 -2.415e-01  6.003e-09 -1.662e-07  2.954e-05  3.611e-06 -6.887e-06  2.682e-06 
 -8.219e-02  3.092e-08 -5.270e-08  3.611e-06  8.392e-07 -1.181e-06  4.967e-07 
  8.958e-02 -3.221e-08  6.504e-08 -6.887e-06 -1.181e-06  1.985e-06 -8.757e-07 
 -3.511e-02  1.528e-08 -3.642e-08  2.682e-06  4.967e-07 -8.757e-07  4.956e-07 
 PARAMETER  CORRELATION COEFFICIENTS  
       NO.  GLOBAL      1      3      4     18     19     20     22
        1  0.15822   1.000  0.015  0.017 -0.066 -0.133  0.094 -0.074
        3  0.20664   0.015  1.000  0.010  0.004  0.128 -0.087  0.082
        4  0.09483   0.017  0.010  1.000 -0.040 -0.075  0.060 -0.067
       18  0.96575  -0.066  0.004 -0.040  1.000  0.725 -0.899  0.701
       19  0.96467  -0.133  0.128 -0.075  0.725  1.000 -0.915  0.770
       20  0.99323   0.094 -0.087  0.060 -0.899 -0.915  1.000 -0.883
       22  0.94382  -0.074  0.082 -0.067  0.701  0.770 -0.883  1.000
MINUIT - FIT ONLY 1-CBO + other amplitudes 
 **********
 **   16 **RES 
 **********
                   PARAMETER   14  ANy2 RESTORED TO VARIABLE.
                   PARAMETER    8  phi_CBO RESTORED TO VARIABLE.
                   PARAMETER    7  w_CBO RESTORED TO VARIABLE.
                   PARAMETER    6  A_CBO RESTORED TO VARIABLE.
 **********
 **   17 **FIX            0
 **********
 PARAMETER    0  IS UNDEFINED. IGNORED.
 **********
 **   18 **FIX            1
 **********
 **********
 **   19 **FIX            2
 **********
 PARAMETER    2  IS CONSTANT.   IGNORED.
 **********
 **   20 **FIX            3
 **********
 **********
 **   21 **FIX            4
 **********
 **********
 **   22 **FIX            9
 **********
 PARAMETER    9  IS CONSTANT.   IGNORED.
 **********
 **   23 **FIX           11
 **********
 PARAMETER   11  IS CONSTANT.   IGNORED.
 **********
 **   24 **FIX           12
 **********
 PARAMETER   12  IS CONSTANT.   IGNORED.
 **********
 **   25 **FIX           14
 **********
 **********
 **   26 **FIX           15
 **********
 PARAMETER   15  IS CONSTANT.   IGNORED.
 **********
 **   27 **FIX           16
 **********
 PARAMETER   16  IS CONSTANT.   IGNORED.
 **********
 **   28 **MIGRAD
 **********
 START MIGRAD MINIMIZATION.  STRATEGY  1.  CONVERGENCE WHEN EDM .LT. 1.00e-04
 FCN=1835.93 FROM MIGRAD    STATUS=INITIATE       22 CALLS         326 TOTAL
                     EDM= unknown      STRATEGY= 1      NO ERROR MATRIX       
  EXT PARAMETER               CURRENT GUESS       STEP         FIRST   
  NO.   NAME      VALUE            ERROR          SIZE      DERIVATIVE 
   1  N0           3.43508e+06     fixed    
   2  tau          6.43981e+01   constant   
   3  A0           3.53678e-01     fixed    
   4  phi          4.11767e+00     fixed    
   5  R           -5.99112e+01   constant   
   6  A_CBO        2.83239e-03   1.00000e-05   1.00000e-05   5.76286e+04
   7  w_CBO        2.32460e+00   1.00000e-03   1.00000e-03  -5.67225e+01
   8  phi_CBO      4.68053e+00   1.00000e-04   1.00000e-04   2.24910e-01
   9  ANx2         3.16301e-04   constant   
  10  pNx2         1.53957e+00   constant   
  11  ANy1         0.00000e+00   constant   
  12  pNy1         0.00000e+00   constant   
  13  w_y          0.00000e+00   constant   
  14  ANy2         1.02217e-02     fixed    
  15  pNy2         1.44040e+00   constant   
  16  w_vw         1.43192e+01   constant   
  17  LM          -2.49463e-04   constant   
  18  wCBO_expCoeff   1.99967e+02   5.43528e-03   0.00000e+00  -5.85833e-01
  19  wCBO_expOffset   1.99997e+02   9.16076e-04   0.00000e+00  -3.20201e+01
  20  wCBO_expT    3.00050e+01   1.40896e-03  -0.00000e+00  -1.69972e+01
  21  wCBO_linCoeff   0.00000e+00   constant   
  22  wCBO_const  -2.70481e-03   7.04023e-04   0.00000e+00  -1.37209e+01
 MIGRAD MINIMIZATION HAS CONVERGED.
 FCN=1768.35 FROM MIGRAD    STATUS=CONVERGED     205 CALLS         509 TOTAL
                     EDM=6.35987e-07    STRATEGY= 1  ERROR MATRIX UNCERTAINTY   2.1 per cent
  EXT PARAMETER                                   STEP         FIRST   
  NO.   NAME      VALUE            ERROR          SIZE      DERIVATIVE 
   1  N0           3.43508e+06     fixed    
   2  tau          6.43981e+01   constant   
   3  A0           3.53678e-01     fixed    
   4  phi          4.11767e+00     fixed    
   5  R           -5.99112e+01   constant   
   6  A_CBO        5.20705e-04   2.77914e-04   5.26351e-07   8.23113e-01
   7  w_CBO        2.32453e+00   4.52638e-05  -4.05481e-08   2.04666e+01
   8  phi_CBO      4.53608e+00   5.97470e-01  -1.98701e-03   7.07178e-06
   9  ANx2         3.16301e-04   constant   
  10  pNx2         1.53957e+00   constant   
  11  ANy1         0.00000e+00   constant   
  12  pNy1         0.00000e+00   constant   
  13  w_y          0.00000e+00   constant   
  14  ANy2         1.02217e-02     fixed    
  15  pNy2         1.44040e+00   constant   
  16  w_vw         1.43192e+01   constant   
  17  LM          -2.49463e-04   constant   
  18  wCBO_expCoeff   1.99961e+02   3.98791e-03  -3.46514e-06   2.44454e-01
  19  wCBO_expOffset   1.99996e+02   5.51389e-04  -2.76513e-07  -5.26140e+00
  20  wCBO_expT    3.00074e+01   1.38947e-03   6.86735e-07  -7.98806e-01
  21  wCBO_linCoeff   0.00000e+00   constant   
  22  wCBO_const  -3.63205e-03   7.10818e-04  -8.15678e-07  -1.14980e+00
 EXTERNAL ERROR MATRIX.    NDIM=  25    NPAR=  7    ERR DEF=1
  7.724e-08  1.378e-09  3.006e-06  1.210e-07  2.245e-08 -4.917e-08  1.408e-08 
  1.378e-09  2.049e-09 -2.436e-06  1.493e-07  2.015e-08 -5.732e-08  1.538e-08 
  3.006e-06 -2.436e-06  3.570e-01 -2.412e-04 -5.512e-05  8.442e-05  9.115e-05 
  1.210e-07  1.493e-07 -2.412e-04  1.590e-05  1.779e-06 -5.018e-06  1.281e-06 
  2.245e-08  2.015e-08 -5.512e-05  1.779e-06  3.040e-07 -6.833e-07  1.636e-07 
 -4.917e-08 -5.732e-08  8.442e-05 -5.018e-06 -6.833e-07  1.931e-06 -6.383e-07 
  1.408e-08  1.538e-08  9.115e-05  1.281e-06  1.636e-07 -6.383e-07  5.053e-07 
 PARAMETER  CORRELATION COEFFICIENTS  
       NO.  GLOBAL      6      7      8     18     19     20     22
        6  0.15461   1.000  0.110  0.018  0.109  0.146 -0.127  0.071
        7  0.93388   0.110  1.000 -0.090  0.827  0.808 -0.911  0.478
        8  0.45082   0.018 -0.090  1.000 -0.101 -0.167  0.102  0.215
       18  0.93330   0.109  0.827 -0.101  1.000  0.809 -0.906  0.452
       19  0.92774   0.146  0.808 -0.167  0.809  1.000 -0.892  0.417
       20  0.98811  -0.127 -0.911  0.102 -0.906 -0.892  1.000 -0.646
       22  0.87380   0.071  0.478  0.215  0.452  0.417 -0.646  1.000
MINUIT - FIT ONLY 1-CBO
 **********
 **   29 **RES 
 **********
                   PARAMETER   14  ANy2 RESTORED TO VARIABLE.
                   PARAMETER    4  phi RESTORED TO VARIABLE.
                   PARAMETER    3  A0 RESTORED TO VARIABLE.
                   PARAMETER    1  N0 RESTORED TO VARIABLE.
 **********
 **   30 **FIX            0
 **********
 PARAMETER    0  IS UNDEFINED. IGNORED.
 **********
 **   31 **FIX            1
 **********
 **********
 **   32 **FIX            2
 **********
 PARAMETER    2  IS CONSTANT.   IGNORED.
 **********
 **   33 **FIX            3
 **********
 **********
 **   34 **FIX            4
 **********
 **********
 **   35 **FIX            8
 **********
 **********
 **   36 **FIX            9
 **********
 PARAMETER    9  IS CONSTANT.   IGNORED.
 **********
 **   37 **FIX           11
 **********
 PARAMETER   11  IS CONSTANT.   IGNORED.
 **********
 **   38 **FIX           12
 **********
 PARAMETER   12  IS CONSTANT.   IGNORED.
 **********
 **   39 **FIX           13
 **********
 PARAMETER   13  IS CONSTANT.   IGNORED.
 **********
 **   40 **FIX           15
 **********
 PARAMETER   15  IS CONSTANT.   IGNORED.
 **********
 **   41 **FIX           16
 **********
 PARAMETER   16  IS CONSTANT.   IGNORED.
 **********
 **   42 **MIGRAD
 **********
 START MIGRAD MINIMIZATION.  STRATEGY  1.  CONVERGENCE WHEN EDM .LT. 1.00e-04
 FCN=1768.35 FROM MIGRAD    STATUS=INITIATE       16 CALLS         525 TOTAL
                     EDM= unknown      STRATEGY= 1      NO ERROR MATRIX       
  EXT PARAMETER               CURRENT GUESS       STEP         FIRST   
  NO.   NAME      VALUE            ERROR          SIZE      DERIVATIVE 
   1  N0           3.43508e+06     fixed    
   2  tau          6.43981e+01   constant   
   3  A0           3.53678e-01     fixed    
   4  phi          4.11767e+00     fixed    
   5  R           -5.99112e+01   constant   
   6  A_CBO        5.20705e-04   2.77914e-04   5.26351e-07   8.23114e-01
   7  w_CBO        2.32453e+00   4.52638e-05  -4.05481e-08   2.04666e+01
   8  phi_CBO      4.53608e+00     fixed    
   9  ANx2         3.16301e-04   constant   
  10  pNx2         1.53957e+00   constant   
  11  ANy1         0.00000e+00   constant   
  12  pNy1         0.00000e+00   constant   
  13  w_y          0.00000e+00   constant   
  14  ANy2         1.02217e-02   1.00000e-04   1.00000e-04   2.65967e+05
  15  pNy2         1.44040e+00   constant   
  16  w_vw         1.43192e+01   constant   
  17  LM          -2.49463e-04   constant   
  18  wCBO_expCoeff   1.99961e+02   3.98791e-03  -3.46514e-06   2.44454e-01
  19  wCBO_expOffset   1.99996e+02   5.51389e-04  -2.76513e-07  -5.26140e+00
  20  wCBO_expT    3.00074e+01   1.38947e-03   6.86735e-07  -7.98806e-01
  21  wCBO_linCoeff   0.00000e+00   constant   
  22  wCBO_const  -3.63205e-03   7.10818e-04  -8.15678e-07  -1.14980e+00
 MIGRAD MINIMIZATION HAS CONVERGED.
 MIGRAD WILL VERIFY CONVERGENCE AND ERROR MATRIX.
 FCN=429.085 FROM MIGRAD    STATUS=CONVERGED     205 CALLS         714 TOTAL
                     EDM=2.37556e-07    STRATEGY= 1      ERR MATRIX NOT POS-DEF
  EXT PARAMETER                APPROXIMATE        STEP         FIRST   
  NO.   NAME      VALUE            ERROR          SIZE      DERIVATIVE 
   1  N0           3.43508e+06     fixed    
   2  tau          6.43981e+01   constant   
   3  A0           3.53678e-01     fixed    
   4  phi          4.11767e+00     fixed    
   5  R           -5.99112e+01   constant   
   6  A_CBO        2.35181e-04   2.76417e-04   2.78660e-06   1.11197e+00
   7  w_CBO        2.32449e+00   4.58968e-04   1.10840e-06   4.38640e+00
   8  phi_CBO      4.53608e+00     fixed    
   9  ANx2         3.16301e-04   constant   
  10  pNx2         1.53957e+00   constant   
  11  ANy1         0.00000e+00   constant   
  12  pNy1         0.00000e+00   constant   
  13  w_y          0.00000e+00   constant   
  14  ANy2         1.46970e-04   2.74456e-04   2.78475e-06   7.40370e-01
  15  pNy2         1.44040e+00   constant   
  16  w_vw         1.43192e+01   constant   
  17  LM          -2.49463e-04   constant   
  18  wCBO_expCoeff   1.99957e+02   4.04840e-02   9.53469e-05   4.85386e-02
  19  wCBO_expOffset   1.99996e+02   7.71615e-03   9.53655e-05   3.39483e-01
  20  wCBO_expT    3.00086e+01   1.53526e-03   1.43092e-05   9.17737e-01
  21  wCBO_linCoeff   0.00000e+00   constant   
  22  wCBO_const  -4.04185e-03   9.71156e-04   5.26809e-06   4.92009e-01
 EXTERNAL ERROR MATRIX.    NDIM=  25    NPAR=  7    ERR DEF=1
  7.641e-08  3.946e-09  1.512e-09  3.727e-07 -1.665e-07  3.537e-08 -1.298e-08 
  3.946e-09  2.107e-07  4.831e-09 -3.641e-06 -2.131e-06 -2.802e-08 -8.013e-08 
  1.512e-09  4.831e-09  7.533e-08  4.445e-07 -1.074e-07 -9.653e-09  7.280e-10 
  3.727e-07 -3.641e-06  4.445e-07  1.639e-03 -1.955e-04 -2.085e-06  2.089e-06 
 -1.665e-07 -2.131e-06 -1.074e-07 -1.955e-04  5.954e-05 -2.006e-06  1.479e-06 
  3.537e-08 -2.802e-08 -9.653e-09 -2.085e-06 -2.006e-06  2.357e-06 -1.005e-06 
 -1.298e-08 -8.013e-08  7.280e-10  2.089e-06  1.479e-06 -1.005e-06  9.431e-07 
ERR MATRIX NOT POS-DEF
 PARAMETER  CORRELATION COEFFICIENTS  
       NO.  GLOBAL      6      7     14     18     19     20     22
        6  0.14230   1.000  0.031  0.020  0.033 -0.078  0.083 -0.048
        7  0.99469   0.031  1.000  0.038 -0.196 -0.602 -0.040 -0.180
       14  0.08693   0.020  0.038  1.000  0.040 -0.051 -0.023  0.003
       18  0.99468   0.033 -0.196  0.040  1.000 -0.626 -0.034  0.053
       19  0.99669  -0.078 -0.602 -0.051 -0.626  1.000 -0.169  0.197
       20  0.96616   0.083 -0.040 -0.023 -0.034 -0.169  1.000 -0.674
       22  0.84634  -0.048 -0.180  0.003  0.053  0.197 -0.674  1.000
 ERR MATRIX NOT POS-DEF
MINUIT - FIT ONLY 2-CBO
 **********
 **   43 **RES 
 **********
                   PARAMETER    8  phi_CBO RESTORED TO VARIABLE.
                   PARAMETER    4  phi RESTORED TO VARIABLE.
                   PARAMETER    3  A0 RESTORED TO VARIABLE.
                   PARAMETER    1  N0 RESTORED TO VARIABLE.
 **********
 **   44 **FIX            0
 **********
 PARAMETER    0  IS UNDEFINED. IGNORED.
 **********
 **   45 **FIX            1
 **********
 **********
 **   46 **FIX            2
 **********
 PARAMETER    2  IS CONSTANT.   IGNORED.
 **********
 **   47 **FIX            3
 **********
 **********
 **   48 **FIX            4
 **********
 **********
 **   49 **FIX            5
 **********
 PARAMETER    5  IS CONSTANT.   IGNORED.
 **********
 **   50 **FIX            6
 **********
 **********
 **   51 **FIX            7
 **********
 **********
 **   52 **FIX           10
 **********
 PARAMETER   10  IS CONSTANT.   IGNORED.
 **********
 **   53 **FIX           11
 **********
 PARAMETER   11  IS CONSTANT.   IGNORED.
 **********
 **   54 **FIX           12
 **********
 PARAMETER   12  IS CONSTANT.   IGNORED.
 **********
 **   55 **FIX           13
 **********
 PARAMETER   13  IS CONSTANT.   IGNORED.
 **********
 **   56 **FIX           14
 **********
 **********
 **   57 **FIX           15
 **********
 PARAMETER   15  IS CONSTANT.   IGNORED.
 **********
 **   58 **FIX           16
 **********
 PARAMETER   16  IS CONSTANT.   IGNORED.
 **********
 **   59 **MIGRAD
 **********
 START MIGRAD MINIMIZATION.  STRATEGY  1.  CONVERGENCE WHEN EDM .LT. 1.00e-04
 FCN=429.085 FROM MIGRAD    STATUS=INITIATE       12 CALLS         726 TOTAL
                     EDM= unknown      STRATEGY= 1      NO ERROR MATRIX       
  EXT PARAMETER               CURRENT GUESS       STEP         FIRST   
  NO.   NAME      VALUE            ERROR          SIZE      DERIVATIVE 
   1  N0           3.43508e+06     fixed    
   2  tau          6.43981e+01   constant   
   3  A0           3.53678e-01     fixed    
   4  phi          4.11767e+00     fixed    
   5  R           -5.99112e+01   constant   
   6  A_CBO        2.35181e-04     fixed    
   7  w_CBO        2.32449e+00     fixed    
   8  phi_CBO      4.53608e+00   5.97470e-01   5.97470e-01  -2.15801e-01
   9  ANx2         3.16301e-04   constant   
  10  pNx2         1.53957e+00   constant   
  11  ANy1         0.00000e+00   constant   
  12  pNy1         0.00000e+00   constant   
  13  w_y          0.00000e+00   constant   
  14  ANy2         1.46970e-04     fixed    
  15  pNy2         1.44040e+00   constant   
  16  w_vw         1.43192e+01   constant   
  17  LM          -2.49463e-04   constant   
  18  wCBO_expCoeff   1.99957e+02   4.04840e-02   9.53469e-05   5.40298e-02
  19  wCBO_expOffset   1.99996e+02   7.71615e-03   9.53655e-05   1.95935e+00
  20  wCBO_expT    3.00086e+01   1.53526e-03   1.43092e-05   9.97678e-01
  21  wCBO_linCoeff   0.00000e+00   constant   
  22  wCBO_const  -4.04185e-03   9.71156e-04   5.26809e-06   4.94044e-01
 MIGRAD MINIMIZATION HAS CONVERGED.
 MIGRAD WILL VERIFY CONVERGENCE AND ERROR MATRIX.
 FCN=429.068 FROM MIGRAD    STATUS=CONVERGED     107 CALLS         821 TOTAL
                     EDM=1.18174e-05    STRATEGY= 1      ERR MATRIX NOT POS-DEF
  EXT PARAMETER                APPROXIMATE        STEP         FIRST   
  NO.   NAME      VALUE            ERROR          SIZE      DERIVATIVE 
   1  N0           3.43508e+06     fixed    
   2  tau          6.43981e+01   constant   
   3  A0           3.53678e-01     fixed    
   4  phi          4.11767e+00     fixed    
   5  R           -5.99112e+01   constant   
   6  A_CBO        2.35181e-04     fixed    
   7  w_CBO        2.32449e+00     fixed    
   8  phi_CBO      4.70037e+00   1.21674e+00   1.17379e-02   3.72345e-03
   9  ANx2         3.16301e-04   constant   
  10  pNx2         1.53957e+00   constant   
  11  ANy1         0.00000e+00   constant   
  12  pNy1         0.00000e+00   constant   
  13  w_y          0.00000e+00   constant   
  14  ANy2         1.46970e-04     fixed    
  15  pNy2         1.44040e+00   constant   
  16  w_vw         1.43192e+01   constant   
  17  LM          -2.49463e-04   constant   
  18  wCBO_expCoeff   1.99957e+02   4.85933e-02   9.53469e-05  -3.79986e-01
  19  wCBO_expOffset   1.99996e+02   7.51390e-03   9.53655e-05  -2.52534e+00
  20  wCBO_expT    3.00086e+01   1.57734e-03   1.43092e-05  -2.94041e+00
  21  wCBO_linCoeff   0.00000e+00   constant   
  22  wCBO_const  -4.03303e-03   9.69450e-04   5.25694e-06  -1.78385e-01
 EXTERNAL ERROR MATRIX.    NDIM=  25    NPAR=  5    ERR DEF=1
  1.480e+00  4.019e-03 -8.125e-04  2.189e-04  7.630e-05 
  4.019e-03  2.361e-03 -3.524e-04 -7.867e-07  5.873e-07 
 -8.125e-04 -3.524e-04  5.646e-05 -2.691e-06  7.254e-07 
  2.189e-04 -7.867e-07 -2.691e-06  2.488e-06 -1.052e-06 
  7.630e-05  5.873e-07  7.254e-07 -1.052e-06  9.398e-07 
ERR MATRIX NOT POS-DEF
 PARAMETER  CORRELATION COEFFICIENTS  
       NO.  GLOBAL      8     18     19     20     22
        8  0.31753   1.000  0.068 -0.089  0.114  0.065
       18  0.99635   0.068  1.000 -0.965 -0.010  0.012
       19  0.99655  -0.089 -0.965  1.000 -0.227  0.100
       20  0.96816   0.114 -0.010 -0.227  1.000 -0.688
       22  0.84588   0.065  0.012  0.100 -0.688  1.000
 ERR MATRIX NOT POS-DEF
MINUIT - FIT ONLY 1-y
 **********
 **   60 **RES 
 **********
                   PARAMETER   14  ANy2 RESTORED TO VARIABLE.
                   PARAMETER    7  w_CBO RESTORED TO VARIABLE.
                   PARAMETER    6  A_CBO RESTORED TO VARIABLE.
                   PARAMETER    4  phi RESTORED TO VARIABLE.
                   PARAMETER    3  A0 RESTORED TO VARIABLE.
                   PARAMETER    1  N0 RESTORED TO VARIABLE.
 **********
 **   61 **FIX            0
 **********
 PARAMETER    0  IS UNDEFINED. IGNORED.
 **********
 **   62 **FIX            1
 **********
 **********
 **   63 **FIX            2
 **********
 PARAMETER    2  IS CONSTANT.   IGNORED.
 **********
 **   64 **FIX            3
 **********
 **********
 **   65 **FIX            4
 **********
 **********
 **   66 **FIX            5
 **********
 PARAMETER    5  IS CONSTANT.   IGNORED.
 **********
 **   67 **FIX            6
 **********
 **********
 **   68 **FIX            7
 **********
 **********
 **   69 **FIX            8
 **********
 **********
 **   70 **FIX            9
 **********
 PARAMETER    9  IS CONSTANT.   IGNORED.
 **********
 **   71 **FIX           13
 **********
 PARAMETER   13  IS CONSTANT.   IGNORED.
 **********
 **   72 **FIX           14
 **********
 **********
 **   73 **FIX           15
 **********
 PARAMETER   15  IS CONSTANT.   IGNORED.
 **********
 **   74 **FIX           16
 **********
 PARAMETER   16  IS CONSTANT.   IGNORED.
 **********
 **   75 **MIGRAD
 **********
 START MIGRAD MINIMIZATION.  STRATEGY  1.  CONVERGENCE WHEN EDM .LT. 1.00e-04
 FCN=429.068 FROM MIGRAD    STATUS=INITIATE        8 CALLS         829 TOTAL
                     EDM= unknown      STRATEGY= 1      NO ERROR MATRIX       
  EXT PARAMETER               CURRENT GUESS       STEP         FIRST   
  NO.   NAME      VALUE            ERROR          SIZE      DERIVATIVE 
   1  N0           3.43508e+06     fixed    
   2  tau          6.43981e+01   constant   
   3  A0           3.53678e-01     fixed    
   4  phi          4.11767e+00     fixed    
   5  R           -5.99112e+01   constant   
   6  A_CBO        2.35181e-04     fixed    
   7  w_CBO        2.32449e+00     fixed    
   8  phi_CBO      4.70037e+00     fixed    
   9  ANx2         3.16301e-04   constant   
  10  pNx2         1.53957e+00   constant   
  11  ANy1         0.00000e+00   constant   
  12  pNy1         0.00000e+00   constant   
  13  w_y          0.00000e+00   constant   
  14  ANy2         1.46970e-04     fixed    
  15  pNy2         1.44040e+00   constant   
  16  w_vw         1.43192e+01   constant   
  17  LM          -2.49463e-04   constant   
  18  wCBO_expCoeff   1.99957e+02   4.85933e-02   9.53469e-05  -3.76151e-01
  19  wCBO_expOffset   1.99996e+02   7.51390e-03   9.53655e-05  -1.03257e+00
  20  wCBO_expT    3.00086e+01   1.57734e-03   1.43092e-05  -2.88829e+00
  21  wCBO_linCoeff   0.00000e+00   constant   
  22  wCBO_const  -4.03303e-03   9.69450e-04   5.25694e-06  -1.76980e-01
 MIGRAD MINIMIZATION HAS CONVERGED.
 MIGRAD WILL VERIFY CONVERGENCE AND ERROR MATRIX.
 FCN=429.068 FROM MIGRAD    STATUS=CONVERGED      47 CALLS         868 TOTAL
                     EDM=1.02999e-06    STRATEGY= 1      ERR MATRIX NOT POS-DEF
  EXT PARAMETER                APPROXIMATE        STEP         FIRST   
  NO.   NAME      VALUE            ERROR          SIZE      DERIVATIVE 
   1  N0           3.43508e+06     fixed    
   2  tau          6.43981e+01   constant   
   3  A0           3.53678e-01     fixed    
   4  phi          4.11767e+00     fixed    
   5  R           -5.99112e+01   constant   
   6  A_CBO        2.35181e-04     fixed    
   7  w_CBO        2.32449e+00     fixed    
   8  phi_CBO      4.70037e+00     fixed    
   9  ANx2         3.16301e-04   constant   
  10  pNx2         1.53957e+00   constant   
  11  ANy1         0.00000e+00   constant   
  12  pNy1         0.00000e+00   constant   
  13  w_y          0.00000e+00   constant   
  14  ANy2         1.46970e-04     fixed    
  15  pNy2         1.44040e+00   constant   
  16  w_vw         1.43192e+01   constant   
  17  LM          -2.49463e-04   constant   
  18  wCBO_expCoeff   1.99957e+02   4.92937e-02   9.53469e-05  -4.64092e-02
  19  wCBO_expOffset   1.99996e+02   7.60687e-03   9.53655e-05  -2.94557e-01
  20  wCBO_expT    3.00086e+01   1.57012e-03   1.43092e-05   5.03461e-01
  21  wCBO_linCoeff   0.00000e+00   constant   
  22  wCBO_const  -4.03302e-03   9.68528e-04   5.25815e-06   1.81894e+00
 EXTERNAL ERROR MATRIX.    NDIM=  25    NPAR=  4    ERR DEF=1
  2.430e-03 -3.623e-04 -1.266e-06  3.506e-07 
 -3.623e-04  5.786e-05 -2.599e-06  7.764e-07 
 -1.266e-06 -2.599e-06  2.465e-06 -1.068e-06 
  3.506e-07  7.764e-07 -1.068e-06  9.380e-07 
ERR MATRIX NOT POS-DEF
 PARAMETER  CORRELATION COEFFICIENTS  
       NO.  GLOBAL     18     19     20     22
       18  0.99646   1.000 -0.966 -0.016  0.007
       19  0.99664  -0.966  1.000 -0.218  0.105
       20  0.96786  -0.016 -0.218  1.000 -0.702
       22  0.84553   0.007  0.105 -0.702  1.000
 ERR MATRIX NOT POS-DEF
MINUIT - FIT ONLY 2-y
 **********
 **   76 **RES 
 **********
                   PARAMETER   14  ANy2 RESTORED TO VARIABLE.
                   PARAMETER    8  phi_CBO RESTORED TO VARIABLE.
                   PARAMETER    7  w_CBO RESTORED TO VARIABLE.
                   PARAMETER    6  A_CBO RESTORED TO VARIABLE.
                   PARAMETER    4  phi RESTORED TO VARIABLE.
                   PARAMETER    3  A0 RESTORED TO VARIABLE.
                   PARAMETER    1  N0 RESTORED TO VARIABLE.
 **********
 **   77 **FIX            0
 **********
 PARAMETER    0  IS UNDEFINED. IGNORED.
 **********
 **   78 **FIX            1
 **********
 **********
 **   79 **FIX            2
 **********
 PARAMETER    2  IS CONSTANT.   IGNORED.
 **********
 **   80 **FIX            3
 **********
 **********
 **   81 **FIX            4
 **********
 **********
 **   82 **FIX            5
 **********
 PARAMETER    5  IS CONSTANT.   IGNORED.
 **********
 **   83 **FIX            6
 **********
 **********
 **   84 **FIX            7
 **********
 **********
 **   85 **FIX            8
 **********
 **********
 **   86 **FIX            9
 **********
 PARAMETER    9  IS CONSTANT.   IGNORED.
 **********
 **   87 **FIX           10
 **********
 PARAMETER   10  IS CONSTANT.   IGNORED.
 **********
 **   88 **FIX           11
 **********
 PARAMETER   11  IS CONSTANT.   IGNORED.
 **********
 **   89 **FIX           12
 **********
 PARAMETER   12  IS CONSTANT.   IGNORED.
 **********
 **   90 **FIX           16
 **********
 PARAMETER   16  IS CONSTANT.   IGNORED.
 **********
 **   91 **MIGRAD
 **********
 START MIGRAD MINIMIZATION.  STRATEGY  1.  CONVERGENCE WHEN EDM .LT. 1.00e-04
 FCN=429.068 FROM MIGRAD    STATUS=INITIATE       10 CALLS         878 TOTAL
                     EDM= unknown      STRATEGY= 1      NO ERROR MATRIX       
  EXT PARAMETER               CURRENT GUESS       STEP         FIRST   
  NO.   NAME      VALUE            ERROR          SIZE      DERIVATIVE 
   1  N0           3.43508e+06     fixed    
   2  tau          6.43981e+01   constant   
   3  A0           3.53678e-01     fixed    
   4  phi          4.11767e+00     fixed    
   5  R           -5.99112e+01   constant   
   6  A_CBO        2.35181e-04     fixed    
   7  w_CBO        2.32449e+00     fixed    
   8  phi_CBO      4.70037e+00     fixed    
   9  ANx2         3.16301e-04   constant   
  10  pNx2         1.53957e+00   constant   
  11  ANy1         0.00000e+00   constant   
  12  pNy1         0.00000e+00   constant   
  13  w_y          0.00000e+00   constant   
  14  ANy2         1.46970e-04   2.74456e-04   2.74456e-04   4.74318e+00
  15  pNy2         1.44040e+00   constant   
  16  w_vw         1.43192e+01   constant   
  17  LM          -2.49463e-04   constant   
  18  wCBO_expCoeff   1.99957e+02   4.92937e-02   9.53469e-05  -4.13878e-02
  19  wCBO_expOffset   1.99996e+02   7.60687e-03   9.53655e-05   1.18617e+00
  20  wCBO_expT    3.00086e+01   1.57012e-03   1.43092e-05   5.71701e-01
  21  wCBO_linCoeff   0.00000e+00   constant   
  22  wCBO_const  -4.03302e-03   9.68528e-04   5.25815e-06   1.82033e+00
 MIGRAD MINIMIZATION HAS CONVERGED.
 MIGRAD WILL VERIFY CONVERGENCE AND ERROR MATRIX.
 FCN=429.068 FROM MIGRAD    STATUS=CONVERGED      55 CALLS         923 TOTAL
                     EDM=1.06497e-06    STRATEGY= 1      ERR MATRIX NOT POS-DEF
  EXT PARAMETER                APPROXIMATE        STEP         FIRST   
  NO.   NAME      VALUE            ERROR          SIZE      DERIVATIVE 
   1  N0           3.43508e+06     fixed    
   2  tau          6.43981e+01   constant   
   3  A0           3.53678e-01     fixed    
   4  phi          4.11767e+00     fixed    
   5  R           -5.99112e+01   constant   
   6  A_CBO        2.35181e-04     fixed    
   7  w_CBO        2.32449e+00     fixed    
   8  phi_CBO      4.70037e+00     fixed    
   9  ANx2         3.16301e-04   constant   
  10  pNx2         1.53957e+00   constant   
  11  ANy1         0.00000e+00   constant   
  12  pNy1         0.00000e+00   constant   
  13  w_y          0.00000e+00   constant   
  14  ANy2         1.46864e-04   2.74791e-04   2.78469e-06   2.11045e+00
  15  pNy2         1.44040e+00   constant   
  16  w_vw         1.43192e+01   constant   
  17  LM          -2.49463e-04   constant   
  18  wCBO_expCoeff   1.99957e+02   4.92811e-02   9.53469e-05  -2.33699e-01
  19  wCBO_expOffset   1.99996e+02   7.60183e-03   9.53655e-05  -1.55061e+00
  20  wCBO_expT    3.00086e+01   1.56992e-03   1.43092e-05  -1.66313e+00
  21  wCBO_linCoeff   0.00000e+00   constant   
  22  wCBO_const  -4.03316e-03   9.68351e-04   5.25812e-06   1.55971e-01
 EXTERNAL ERROR MATRIX.    NDIM=  25    NPAR=  5    ERR DEF=1
  7.551e-08  7.833e-07 -9.607e-08 -9.774e-09  3.102e-09 
  7.833e-07  2.429e-03 -3.619e-04 -1.325e-06  3.680e-07 
 -9.607e-08 -3.619e-04  5.779e-05 -2.591e-06  7.737e-07 
 -9.774e-09 -1.325e-06 -2.591e-06  2.465e-06 -1.067e-06 
  3.102e-09  3.680e-07  7.737e-07 -1.067e-06  9.377e-07 
ERR MATRIX NOT POS-DEF
 PARAMETER  CORRELATION COEFFICIENTS  
       NO.  GLOBAL     14     18     19     20     22
       14  0.08216   1.000  0.058 -0.046 -0.023  0.012
       18  0.99645   0.058  1.000 -0.966 -0.017  0.008
       19  0.99663  -0.046 -0.966  1.000 -0.217  0.105
       20  0.96785  -0.023 -0.017 -0.217  1.000 -0.702
       22  0.84547   0.012  0.008  0.105 -0.702  1.000
 ERR MATRIX NOT POS-DEF
MINUIT - FIT ALTOGETHER
 **********
 **   92 **RES 
 **********
                   PARAMETER    8  phi_CBO RESTORED TO VARIABLE.
                   PARAMETER    7  w_CBO RESTORED TO VARIABLE.
                   PARAMETER    6  A_CBO RESTORED TO VARIABLE.
                   PARAMETER    4  phi RESTORED TO VARIABLE.
                   PARAMETER    3  A0 RESTORED TO VARIABLE.
                   PARAMETER    1  N0 RESTORED TO VARIABLE.
 **********
 **   93 **MIGRAD
 **********
 START MIGRAD MINIMIZATION.  STRATEGY  1.  CONVERGENCE WHEN EDM .LT. 1.00e-04
 FCN=429.068 FROM MIGRAD    STATUS=INITIATE       22 CALLS         945 TOTAL
                     EDM= unknown      STRATEGY= 1      NO ERROR MATRIX       
  EXT PARAMETER               CURRENT GUESS       STEP         FIRST   
  NO.   NAME      VALUE            ERROR          SIZE      DERIVATIVE 
   1  N0           3.43508e+06   6.73815e+02   6.73815e+02  -2.58864e-03
   2  tau          6.43981e+01   constant   
   3  A0           3.53678e-01   2.64005e-04   2.64005e-04   1.05127e+02
   4  phi          4.11767e+00   7.71036e-04   7.71036e-04  -1.38341e+03
   5  R           -5.99112e+01   constant   
   6  A_CBO        2.35181e-04   2.76417e-04   2.76417e-04  -9.04106e+01
   7  w_CBO        2.32449e+00   4.58968e-04   4.58968e-04  -1.96833e+01
   8  phi_CBO      4.70037e+00   1.21674e+00   1.21674e+00   3.65015e-03
   9  ANx2         3.16301e-04   constant   
  10  pNx2         1.53957e+00   constant   
  11  ANy1         0.00000e+00   constant   
  12  pNy1         0.00000e+00   constant   
  13  w_y          0.00000e+00   constant   
  14  ANy2         1.46864e-04   2.74791e-04   2.78469e-06   2.11045e+00
  15  pNy2         1.44040e+00   constant   
  16  w_vw         1.43192e+01   constant   
  17  LM          -2.49463e-04   constant   
  18  wCBO_expCoeff   1.99957e+02   4.92811e-02   9.53469e-05  -2.29880e-01
  19  wCBO_expOffset   1.99996e+02   7.60183e-03   9.53655e-05  -6.40817e-02
