 + ++++++++++++++++++++++++++++++++++++++++++++++++++++++++++++++++++++ +
 +                                                                      +
 +           You have chose to blind your fitting according to          +
 +                omega_ref * (1 + (R +/- deltaR) *10^{-6})             +
 +                                                                      +
 + ++++++++++++++++++++++++++++++++++++++++++++++++++++++++++++++++++++ +
In main()...
reading format from /gm2data/zkhechad/run45/envelope/formats/formatB_sBin_constraintOn.txt
pBinTau 	= 0  
pBinPhi 	= 0  
constraintau 	= 1 
includeMopTerm 	= 0    
constrainMop    = 0   
Parameters after format file: pBinTau 0 pBinPhi 0 constraintau 1 includeMopTerm 0 constrainMop 0 c_e_scale 0.000000 
reading cbo reference file (full fit) from /gm2data/zkhechad/cboTemplates/Run4CBOTemplates/fullFits/run4/sBin_constraintOn_cE0.0_seed0_run4_calo11.root
A_CBO 0.010027 w_CBO 2.327222 phi_CBO 0.184420 N0 3062002.636939 R -61.179583 tau 64.395304 
Reading cboRef file /gm2data/zkhechad/cboTemplates/Run4CBOTemplates//cboIsolate/run4_calo11.root
deltaT 164.120000
windowBins = 1100
fitting sliding window 1240 from bin 1443 at 215.295600 to bin 2543 at 379.415600 (1100 bins)

Reading data from /gm2data/cornell/histograms/aMethod/histogram_a_run4.root
fitting cbo isolate
 **********
 **    1 **SET PRINTOUT            1
 **********
 **********
 **    2 **SET NOWARNINGS 
 **********
 PARAMETER DEFINITIONS:
    NO.   NAME         VALUE      STEP SIZE      LIMITS
     1 A_CBO        1.00270e-02  1.00000e-05     no limits
     2 w_CBO        2.32722e+00  1.00000e-02    2.00000e+00  3.00000e+00
     3 phi_CBO      1.84420e-01  1.00000e-02    0.00000e+00  6.28319e+00
 **********
 **    3 **MIGRAD
 **********
 FIRST CALL TO USER FUNCTION AT NEW START POINT, WITH IFLAG=4.
 START MIGRAD MINIMIZATION.  STRATEGY  1.  CONVERGENCE WHEN EDM .LT. 1.00e-04
 FCN=0.0462005 FROM MIGRAD    STATUS=INITIATE       12 CALLS          13 TOTAL
                     EDM= unknown      STRATEGY= 1      NO ERROR MATRIX       
  EXT PARAMETER               CURRENT GUESS       STEP         FIRST   
  NO.   NAME      VALUE            ERROR          SIZE      DERIVATIVE 
   1  A_CBO        1.00270e-02   1.00000e-05   1.00000e-05   7.68938e+00
   2  w_CBO        2.32722e+00   1.00000e-02   2.13152e-02   1.09472e-01
   3  phi_CBO      1.84420e-01   1.00000e-02   9.43260e-03  -2.48662e-04
 MIGRAD MINIMIZATION HAS CONVERGED.
 MIGRAD WILL VERIFY CONVERGENCE AND ERROR MATRIX.
 COVARIANCE MATRIX CALCULATED SUCCESSFULLY
 FCN=0.0192464 FROM MIGRAD    STATUS=CONVERGED      41 CALLS          42 TOTAL
                     EDM=3.58237e-05    STRATEGY= 1      ERROR MATRIX ACCURATE 
  EXT PARAMETER                                   STEP         FIRST   
  NO.   NAME      VALUE            ERROR          SIZE      DERIVATIVE 
   1  A_CBO        3.01634e-03   4.28601e-02   2.10515e-05  -2.14492e-04
   2  w_CBO        2.32714e+00   1.74915e-01   5.03654e-05  -1.55201e-02
   3  phi_CBO      1.91602e-01   6.16726e+00   6.23522e-03   2.96467e-04
 EXTERNAL ERROR MATRIX.    NDIM=  25    NPAR=  3    ERR DEF=1
  1.837e-03 -6.164e-04 -1.861e-01 
 -6.164e-04  3.213e-02  8.829e+00 
 -1.861e-01  8.829e+00  2.613e+03 
 PARAMETER  CORRELATION COEFFICIENTS  
       NO.  GLOBAL      1      2      3
        1  0.08513   1.000 -0.080 -0.085
        2  0.96358  -0.080  1.000  0.964
        3  0.96361  -0.085  0.964  1.000
setting A_CBO=0.003016 w_CBO=2.327142, phi_CBO=0.191602
done fitting cbo isolate
 **********
 **    1 **SET PRINTOUT            1
 **********
 **********
 **    2 **SET NOWARNINGS 
 **********
 PARAMETER DEFINITIONS:
    NO.   NAME         VALUE      STEP SIZE      LIMITS
     1 N0           3.06200e+06  1.00000e+02     no limits
     2 tau          6.43953e+01  constant
     3 A0           3.42893e-01  1.00000e-04     no limits
     4 phi          4.11802e+00  1.00000e-02     no limits
     5 R           -6.11796e+01  constant
     6 A_CBO        3.01634e-03  1.00000e-05     no limits
     7 w_CBO        2.32714e+00  1.00000e-03     no limits
     8 phi_CBO      1.91602e-01  1.00000e-04     no limits
     9 ANx2         4.90616e-04  constant
    10 pNx2         2.30674e+00  constant
    11 ANy1         0.00000e+00  constant
    12 pNy1         0.00000e+00  constant
    13 w_y          0.00000e+00  constant
    14 ANy2         9.23997e-03  1.00000e-04     no limits
    15 pNy2         3.41148e-01  constant
    16 w_vw         1.43130e+01  constant
    17 LM          -3.45991e-04  constant
    18 wCBO_expCoeff   2.00000e+02  1.00000e+00     no limits
    19 wCBO_expOffset   2.00000e+02  1.00000e+00     no limits
    20 wCBO_expT    3.00000e+01  1.00000e+00     no limits
    21 wCBO_linCoeff   0.00000e+00  constant
    22 wCBO_const   0.00000e+00  1.00000e-02     no limits
MINUIT - FIT ONLY WIGGLE
 **********
 **    3 **FIX            5
 **********
 PARAMETER    5  IS CONSTANT.   IGNORED.
 **********
 **    4 **FIX            6
 **********
 **********
 **    5 **FIX            7
 **********
 **********
 **    6 **FIX            8
 **********
 **********
 **    7 **FIX            9
 **********
 PARAMETER    9  IS CONSTANT.   IGNORED.
 **********
 **    8 **FIX           10
 **********
 PARAMETER   10  IS CONSTANT.   IGNORED.
 **********
 **    9 **FIX           11
 **********
 PARAMETER   11  IS CONSTANT.   IGNORED.
 **********
 **   10 **FIX           12
 **********
 PARAMETER   12  IS CONSTANT.   IGNORED.
 **********
 **   11 **FIX           13
 **********
 PARAMETER   13  IS CONSTANT.   IGNORED.
 **********
 **   12 **FIX           14
 **********
 **********
 **   13 **FIX           15
 **********
 PARAMETER   15  IS CONSTANT.   IGNORED.
 **********
 **   14 **FIX           16
 **********
 PARAMETER   16  IS CONSTANT.   IGNORED.
 **********
 **   15 **MIGRAD
 **********
 FIRST CALL TO USER FUNCTION AT NEW START POINT, WITH IFLAG=4.
 START MIGRAD MINIMIZATION.  STRATEGY  1.  CONVERGENCE WHEN EDM .LT. 1.00e-04
 FCN=1978 FROM MIGRAD    STATUS=INITIATE       55 CALLS          56 TOTAL
                     EDM= unknown      STRATEGY= 1      NO ERROR MATRIX       
  EXT PARAMETER               CURRENT GUESS       STEP         FIRST   
  NO.   NAME      VALUE            ERROR          SIZE      DERIVATIVE 
   1  N0           3.06200e+06   1.00000e+02   0.00000e+00   2.27545e-03
   2  tau          6.43953e+01   constant   
   3  A0           3.42893e-01   1.00000e-04   0.00000e+00   2.40355e+03
   4  phi          4.11802e+00   1.00000e-02   0.00000e+00  -2.01403e+02
   5  R           -6.11796e+01   constant   
   6  A_CBO        3.01634e-03     fixed    
   7  w_CBO        2.32714e+00     fixed    
   8  phi_CBO      1.91602e-01     fixed    
   9  ANx2         4.90616e-04   constant   
  10  pNx2         2.30674e+00   constant   
  11  ANy1         0.00000e+00   constant   
  12  pNy1         0.00000e+00   constant   
  13  w_y          0.00000e+00   constant   
  14  ANy2         9.23997e-03     fixed    
  15  pNy2         3.41148e-01   constant   
  16  w_vw         1.43130e+01   constant   
  17  LM          -3.45991e-04   constant   
  18  wCBO_expCoeff   1.99993e+02   1.00000e+00  -7.48093e-03  -2.34516e+03
  19  wCBO_expOffset   2.00000e+02   1.00000e+00   0.00000e+00  -1.49751e+04
  20  wCBO_expT    3.00000e+01   1.00000e+00   0.00000e+00  -1.52413e+04
  21  wCBO_linCoeff   0.00000e+00   constant   
  22  wCBO_const   0.00000e+00   1.00000e-02   0.00000e+00  -1.51540e+04
 MIGRAD FAILS TO FIND IMPROVEMENT
 FCN=1964.5 FROM HESSE     STATUS=NOT POSDEF     50 CALLS         288 TOTAL
                     EDM=8.18044    STRATEGY= 1      ERR MATRIX NOT POS-DEF
  EXT PARAMETER                APPROXIMATE        STEP         FIRST   
  NO.   NAME      VALUE            ERROR          SIZE      DERIVATIVE 
   1  N0           3.06199e+06   4.30555e+02   1.17725e+01   2.78854e-03
   2  tau          6.43953e+01   constant   
   3  A0           3.42810e-01   1.91001e-04   5.21413e-06  -7.68172e+01
   4  phi          4.11828e+00   5.78584e-04   1.56467e-05  -4.74170e+02
   5  R           -6.11796e+01   constant   
   6  A_CBO        3.01634e-03     fixed    
   7  w_CBO        2.32714e+00     fixed    
   8  phi_CBO      1.91602e-01     fixed    
   9  ANx2         4.90616e-04   constant   
  10  pNx2         2.30674e+00   constant   
  11  ANy1         0.00000e+00   constant   
  12  pNy1         0.00000e+00   constant   
  13  w_y          0.00000e+00   constant   
  14  ANy2         9.23997e-03     fixed    
  15  pNy2         3.41148e-01   constant   
  16  w_vw         1.43130e+01   constant   
  17  LM          -3.45991e-04   constant   
  18  wCBO_expCoeff   1.99993e+02   1.14453e-02   9.53643e-05  -3.66363e+03
  19  wCBO_expOffset   2.00000e+02   2.46358e-03   9.53673e-05  -2.42508e+04
  20  wCBO_expT    2.99979e+01   8.18495e-04   1.43041e-05  -1.97050e+04
  21  wCBO_linCoeff   0.00000e+00   constant   
  22  wCBO_const   4.46277e-03   6.70138e-04   8.37056e-06  -1.15047e+04
 MIGRAD FAILS TO FIND IMPROVEMENT
 MIGRAD TERMINATED WITHOUT CONVERGENCE.
 FCN=1887.31 FROM MIGRAD    STATUS=FAILED        609 CALLS         610 TOTAL
                     EDM=94.8673    STRATEGY= 1      ERR MATRIX NOT POS-DEF
  EXT PARAMETER                APPROXIMATE        STEP         FIRST   
  NO.   NAME      VALUE            ERROR          SIZE      DERIVATIVE 
   1  N0           3.05981e+06   4.04768e+02   0.00000e+00  -1.47284e-02
   2  tau          6.43953e+01   constant   
   3  A0           3.42976e-01   6.14952e-04  -0.00000e+00   6.34796e+02
   4  phi          4.11760e+00   8.18180e-04   0.00000e+00   4.71306e+01
   5  R           -6.11796e+01   constant   
   6  A_CBO        3.01634e-03     fixed    
   7  w_CBO        2.32714e+00     fixed    
   8  phi_CBO      1.91602e-01     fixed    
   9  ANx2         4.90616e-04   constant   
  10  pNx2         2.30674e+00   constant   
  11  ANy1         0.00000e+00   constant   
  12  pNy1         0.00000e+00   constant   
  13  w_y          0.00000e+00   constant   
  14  ANy2         9.23997e-03     fixed    
  15  pNy2         3.41148e-01   constant   
  16  w_vw         1.43130e+01   constant   
  17  LM          -3.45991e-04   constant   
  18  wCBO_expCoeff   1.99885e+02   1.31563e+00  -0.00000e+00   4.17038e+02
  19  wCBO_expOffset   2.00024e+02   1.99050e-01   0.00000e+00   2.64966e+03
  20  wCBO_expT    2.99864e+01   2.23165e-03  -0.00000e+00   3.26904e+02
  21  wCBO_linCoeff   0.00000e+00   constant   
  22  wCBO_const   1.01647e-02   4.89788e-04   0.00000e+00  -6.14538e+02
 EXTERNAL ERROR MATRIX.    NDIM=  25    NPAR=  7    ERR DEF=1
  1.638e+05 -7.982e-02  5.133e-02 -1.841e+02  2.785e+01 -3.052e-01  5.037e-02 
 -7.982e-02  3.782e-07 -2.050e-07  7.469e-04 -1.130e-04  1.241e-06 -2.055e-07 
  5.133e-02 -2.050e-07  6.694e-07 -4.724e-04  7.149e-05 -8.104e-07  1.297e-07 
 -1.841e+02  7.469e-04 -4.724e-04  1.731e+00 -2.619e-01  2.921e-03 -4.796e-04 
  2.785e+01 -1.130e-04  7.149e-05 -2.619e-01  3.962e-02 -4.420e-04  7.259e-05 
 -3.052e-01  1.241e-06 -8.104e-07  2.921e-03 -4.420e-04  4.980e-06 -8.773e-07 
  5.037e-02 -2.055e-07  1.297e-07 -4.796e-04  7.259e-05 -8.773e-07  2.399e-07 
ERR MATRIX NOT POS-DEF
 PARAMETER  CORRELATION COEFFICIENTS  
       NO.  GLOBAL      1      3      4     18     19     20     22
        1  0.53268   1.000 -0.321  0.155 -0.346  0.346 -0.338  0.254
        3  0.99165  -0.321  1.000 -0.407  0.923 -0.923  0.904 -0.682
        4  0.67592   0.155 -0.407  1.000 -0.439  0.439 -0.444  0.324
       18  1.00000  -0.346  0.923 -0.439  1.000 -1.000  0.995 -0.744
       19  1.00000   0.346 -0.923  0.439 -1.000  1.000 -0.995  0.745
       20  0.99992  -0.338  0.904 -0.444  0.995 -0.995  1.000 -0.803
       22  0.99592   0.254 -0.682  0.324 -0.744  0.745 -0.803  1.000
 ERR MATRIX NOT POS-DEF
MINUIT - FIT ONLY 1-CBO + other amplitudes 
 **********
 **   16 **RES 
 **********
                   PARAMETER   14  ANy2 RESTORED TO VARIABLE.
                   PARAMETER    8  phi_CBO RESTORED TO VARIABLE.
                   PARAMETER    7  w_CBO RESTORED TO VARIABLE.
                   PARAMETER    6  A_CBO RESTORED TO VARIABLE.
 **********
 **   17 **FIX            0
 **********
 PARAMETER    0  IS UNDEFINED. IGNORED.
 **********
 **   18 **FIX            1
 **********
 **********
 **   19 **FIX            2
 **********
 PARAMETER    2  IS CONSTANT.   IGNORED.
 **********
 **   20 **FIX            3
 **********
 **********
 **   21 **FIX            4
 **********
 **********
 **   22 **FIX            9
 **********
 PARAMETER    9  IS CONSTANT.   IGNORED.
 **********
 **   23 **FIX           11
 **********
 PARAMETER   11  IS CONSTANT.   IGNORED.
 **********
 **   24 **FIX           12
 **********
 PARAMETER   12  IS CONSTANT.   IGNORED.
 **********
 **   25 **FIX           14
 **********
 **********
 **   26 **FIX           15
 **********
 PARAMETER   15  IS CONSTANT.   IGNORED.
 **********
 **   27 **FIX           16
 **********
 PARAMETER   16  IS CONSTANT.   IGNORED.
 **********
 **   28 **MIGRAD
 **********
 START MIGRAD MINIMIZATION.  STRATEGY  1.  CONVERGENCE WHEN EDM .LT. 1.00e-04
 FCN=1887.31 FROM MIGRAD    STATUS=INITIATE       22 CALLS         632 TOTAL
                     EDM= unknown      STRATEGY= 1      NO ERROR MATRIX       
  EXT PARAMETER               CURRENT GUESS       STEP         FIRST   
  NO.   NAME      VALUE            ERROR          SIZE      DERIVATIVE 
   1  N0           3.05981e+06     fixed    
   2  tau          6.43953e+01   constant   
   3  A0           3.42976e-01     fixed    
   4  phi          4.11760e+00     fixed    
   5  R           -6.11796e+01   constant   
   6  A_CBO        3.01634e-03   1.00000e-05   1.00000e-05   5.16060e+04
   7  w_CBO        2.32714e+00   1.00000e-03   1.00000e-03   3.55517e+04
   8  phi_CBO      1.91602e-01   1.00000e-04   1.00000e-04   1.85917e+01
   9  ANx2         4.90616e-04   constant   
  10  pNx2         2.30674e+00   constant   
  11  ANy1         0.00000e+00   constant   
  12  pNy1         0.00000e+00   constant   
  13  w_y          0.00000e+00   constant   
  14  ANy2         9.23997e-03     fixed    
  15  pNy2         3.41148e-01   constant   
  16  w_vw         1.43130e+01   constant   
  17  LM          -3.45991e-04   constant   
  18  wCBO_expCoeff   1.99885e+02   1.31563e+00  -0.00000e+00   4.17038e+02
  19  wCBO_expOffset   2.00024e+02   1.99050e-01   0.00000e+00   2.64966e+03
  20  wCBO_expT    2.99864e+01   2.23165e-03  -0.00000e+00   3.26904e+02
  21  wCBO_linCoeff   0.00000e+00   constant   
  22  wCBO_const   1.01647e-02   4.89788e-04   0.00000e+00  -6.14538e+02
 MIGRAD MINIMIZATION HAS CONVERGED.
 MIGRAD WILL VERIFY CONVERGENCE AND ERROR MATRIX.
 FCN=1840.71 FROM MIGRAD    STATUS=CONVERGED     207 CALLS         817 TOTAL
                     EDM=1.96265e-05    STRATEGY= 1      ERR MATRIX NOT POS-DEF
  EXT PARAMETER                APPROXIMATE        STEP         FIRST   
  NO.   NAME      VALUE            ERROR          SIZE      DERIVATIVE 
   1  N0           3.05981e+06     fixed    
   2  tau          6.43953e+01   constant   
   3  A0           3.42976e-01     fixed    
   4  phi          4.11760e+00     fixed    
   5  R           -6.11796e+01   constant   
   6  A_CBO        1.36588e-03   2.65174e-04   5.33073e-06   1.16430e+01
   7  w_CBO        2.32714e+00   9.39217e-05   1.10967e-06  -3.64418e+02
   8  phi_CBO     -2.60280e-01   2.64695e-01   3.84790e-03  -5.15335e-03
   9  ANx2         4.90616e-04   constant   
  10  pNx2         2.30674e+00   constant   
  11  ANy1         0.00000e+00   constant   
  12  pNy1         0.00000e+00   constant   
  13  w_y          0.00000e+00   constant   
  14  ANy2         9.23997e-03     fixed    
  15  pNy2         3.41148e-01   constant   
  16  w_vw         1.43130e+01   constant   
  17  LM          -3.45991e-04   constant   
  18  wCBO_expCoeff   1.99885e+02   8.15582e-03   9.53126e-05  -4.24401e+00
  19  wCBO_expOffset   2.00024e+02   8.71351e-04   9.53787e-05  -2.82441e+01
  20  wCBO_expT    2.99862e+01   4.40274e-04   1.42985e-05  -1.71562e+01
  21  wCBO_linCoeff   0.00000e+00   constant   
  22  wCBO_const   9.94499e-03   4.51336e-04   4.52742e-06   5.62286e-01
 EXTERNAL ERROR MATRIX.    NDIM=  25    NPAR=  7    ERR DEF=1
  7.032e-08  2.191e-09 -4.052e-06  2.083e-07 -6.198e-08  5.539e-09 -1.149e-08 
  2.191e-09  8.821e-09  1.002e-07 -5.181e-07 -2.999e-08 -7.411e-09 -1.589e-09 
 -4.052e-06  1.002e-07  7.006e-02  3.199e-06  1.296e-05 -8.475e-06  5.024e-05 
  2.083e-07 -5.181e-07  3.199e-06  6.652e-05 -2.760e-06 -6.747e-07  4.169e-07 
 -6.198e-08 -2.999e-08  1.296e-05 -2.760e-06  7.593e-07  6.691e-08 -2.396e-09 
  5.539e-09 -7.411e-09 -8.475e-06 -6.747e-07  6.691e-08  1.938e-07 -1.126e-07 
 -1.149e-08 -1.589e-09  5.024e-05  4.169e-07 -2.396e-09 -1.126e-07  2.037e-07 
ERR MATRIX NOT POS-DEF
 PARAMETER  CORRELATION COEFFICIENTS  
       NO.  GLOBAL      6      7      8     18     19     20     22
        6  0.29023   1.000  0.088 -0.058  0.096 -0.268  0.047 -0.096
        7  0.99577   0.088  1.000  0.004 -0.676 -0.366 -0.179 -0.037
        8  0.72224  -0.058  0.004  1.000  0.001  0.056 -0.073  0.421
       18  0.99575   0.096 -0.676  0.001  1.000 -0.388 -0.188  0.113
       19  0.99156  -0.268 -0.366  0.056 -0.388  1.000  0.174 -0.006
       20  0.96290   0.047 -0.179 -0.073 -0.188  0.174  1.000 -0.567
       22  0.87890  -0.096 -0.037  0.421  0.113 -0.006 -0.567  1.000
 ERR MATRIX NOT POS-DEF
MINUIT - FIT ONLY 1-CBO
 **********
 **   29 **RES 
 **********
                   PARAMETER   14  ANy2 RESTORED TO VARIABLE.
                   PARAMETER    4  phi RESTORED TO VARIABLE.
                   PARAMETER    3  A0 RESTORED TO VARIABLE.
                   PARAMETER    1  N0 RESTORED TO VARIABLE.
 **********
 **   30 **FIX            0
 **********
 PARAMETER    0  IS UNDEFINED. IGNORED.
 **********
 **   31 **FIX            1
 **********
 **********
 **   32 **FIX            2
 **********
 PARAMETER    2  IS CONSTANT.   IGNORED.
 **********
 **   33 **FIX            3
 **********
 **********
 **   34 **FIX            4
 **********
 **********
 **   35 **FIX            8
 **********
 **********
 **   36 **FIX            9
 **********
 PARAMETER    9  IS CONSTANT.   IGNORED.
 **********
 **   37 **FIX           11
 **********
 PARAMETER   11  IS CONSTANT.   IGNORED.
 **********
 **   38 **FIX           12
 **********
 PARAMETER   12  IS CONSTANT.   IGNORED.
 **********
 **   39 **FIX           13
 **********
 PARAMETER   13  IS CONSTANT.   IGNORED.
 **********
 **   40 **FIX           15
 **********
 PARAMETER   15  IS CONSTANT.   IGNORED.
 **********
 **   41 **FIX           16
 **********
 PARAMETER   16  IS CONSTANT.   IGNORED.
 **********
 **   42 **MIGRAD
 **********
 START MIGRAD MINIMIZATION.  STRATEGY  1.  CONVERGENCE WHEN EDM .LT. 1.00e-04
 FCN=1840.71 FROM MIGRAD    STATUS=INITIATE       16 CALLS         833 TOTAL
                     EDM= unknown      STRATEGY= 1      NO ERROR MATRIX       
  EXT PARAMETER               CURRENT GUESS       STEP         FIRST   
  NO.   NAME      VALUE            ERROR          SIZE      DERIVATIVE 
   1  N0           3.05981e+06     fixed    
   2  tau          6.43953e+01   constant   
   3  A0           3.42976e-01     fixed    
   4  phi          4.11760e+00     fixed    
   5  R           -6.11796e+01   constant   
   6  A_CBO        1.36588e-03   2.65174e-04   5.33073e-06   1.16430e+01
   7  w_CBO        2.32714e+00   9.39217e-05   1.10967e-06  -3.62541e+02
   8  phi_CBO     -2.60280e-01     fixed    
   9  ANx2         4.90616e-04   constant   
  10  pNx2         2.30674e+00   constant   
  11  ANy1         0.00000e+00   constant   
  12  pNy1         0.00000e+00   constant   
  13  w_y          0.00000e+00   constant   
  14  ANy2         9.23997e-03   1.00000e-04   1.00000e-04   2.86980e+05
  15  pNy2         3.41148e-01   constant   
  16  w_vw         1.43130e+01   constant   
  17  LM          -3.45991e-04   constant   
  18  wCBO_expCoeff   1.99885e+02   8.15582e-03   9.53126e-05  -4.21756e+00
  19  wCBO_expOffset   2.00024e+02   8.71351e-04   9.53787e-05  -1.77867e+01
  20  wCBO_expT    2.99862e+01   4.40274e-04   1.42985e-05  -1.96425e+01
  21  wCBO_linCoeff   0.00000e+00   constant   
  22  wCBO_const   9.94499e-03   4.51336e-04   4.52742e-06   5.57914e-01
 MIGRAD MINIMIZATION HAS CONVERGED.
 MIGRAD WILL VERIFY CONVERGENCE AND ERROR MATRIX.
 COVARIANCE MATRIX CALCULATED SUCCESSFULLY
 FCN=501.342 FROM MIGRAD    STATUS=CONVERGED     276 CALLS        1093 TOTAL
                     EDM=3.13662e-07    STRATEGY= 1      ERROR MATRIX ACCURATE 
  EXT PARAMETER                                   STEP         FIRST   
  NO.   NAME      VALUE            ERROR          SIZE      DERIVATIVE 
   1  N0           3.05981e+06     fixed    
   2  tau          6.43953e+01   constant   
   3  A0           3.42976e-01     fixed    
   4  phi          4.11760e+00     fixed    
   5  R           -6.11796e+01   constant   
   6  A_CBO        2.35124e-05   2.86151e-04   2.80795e-06   9.91267e-01
   7  w_CBO        2.32710e+00   5.06085e-04   1.10965e-06   1.22342e+01
   8  phi_CBO     -2.60280e-01     fixed    
   9  ANx2         4.90616e-04   constant   
  10  pNx2         2.30674e+00   constant   
  11  ANy1         0.00000e+00   constant   
  12  pNy1         0.00000e+00   constant   
  13  w_y          0.00000e+00   constant   
  14  ANy2        -1.03770e-04   2.54032e-04   2.76447e-06  -2.82365e-01
  15  pNy2         3.41148e-01   constant   
  16  w_vw         1.43130e+01   constant   
  17  LM          -3.45991e-04   constant   
  18  wCBO_expCoeff   1.99882e+02   4.49325e-02   9.53110e-05   1.41562e-01
  19  wCBO_expOffset   2.00023e+02   5.04284e-03   9.53784e-05   9.15621e-01
  20  wCBO_expT    2.99873e+01   1.73700e-03   1.42991e-05   5.03938e-01
  21  wCBO_linCoeff   0.00000e+00   constant   
  22  wCBO_const   9.91991e-03   9.63580e-04   5.23111e-06   1.76054e-01
 EXTERNAL ERROR MATRIX.    NDIM=  25    NPAR=  7    ERR DEF=1
  8.188e-08  1.863e-08  7.457e-09  1.897e-06 -3.779e-07 -1.621e-07  4.931e-08 
  1.863e-08  2.561e-07  1.472e-09 -1.355e-05 -1.058e-06 -2.862e-07  5.184e-09 
  7.457e-09  1.472e-09  6.453e-08  1.564e-07 -3.490e-08 -6.834e-09  1.237e-09 
  1.897e-06 -1.355e-05  1.564e-07  2.019e-03 -1.069e-04 -2.923e-05  1.779e-05 
 -3.779e-07 -1.058e-06 -3.490e-08 -1.069e-04  2.543e-05  5.961e-06 -2.019e-06 
 -1.621e-07 -2.862e-07 -6.834e-09 -2.923e-05  5.961e-06  3.017e-06 -1.247e-06 
  4.931e-08  5.184e-09  1.237e-09  1.779e-05 -2.019e-06 -1.247e-06  9.285e-07 
 PARAMETER  CORRELATION COEFFICIENTS  
       NO.  GLOBAL      6      7     14     18     19     20     22
        6  0.44273   1.000  0.129  0.103  0.148 -0.262 -0.326  0.179
        7  0.99873   0.129  1.000  0.011 -0.596 -0.414 -0.326  0.011
       14  0.10581   0.103  0.011  1.000  0.014 -0.027 -0.015  0.005
       18  0.99878   0.148 -0.596  0.014  1.000 -0.472 -0.375  0.411
       19  0.99781  -0.262 -0.414 -0.027 -0.472  1.000  0.681 -0.416
       20  0.97967  -0.326 -0.326 -0.015 -0.375  0.681  1.000 -0.745
       22  0.86829   0.179  0.011  0.005  0.411 -0.416 -0.745  1.000
MINUIT - FIT ONLY 2-CBO
 **********
 **   43 **RES 
 **********
                   PARAMETER    8  phi_CBO RESTORED TO VARIABLE.
                   PARAMETER    4  phi RESTORED TO VARIABLE.
                   PARAMETER    3  A0 RESTORED TO VARIABLE.
                   PARAMETER    1  N0 RESTORED TO VARIABLE.
 **********
 **   44 **FIX            0
 **********
 PARAMETER    0  IS UNDEFINED. IGNORED.
 **********
 **   45 **FIX            1
 **********
 **********
 **   46 **FIX            2
 **********
 PARAMETER    2  IS CONSTANT.   IGNORED.
 **********
 **   47 **FIX            3
 **********
 **********
 **   48 **FIX            4
 **********
 **********
 **   49 **FIX            5
 **********
 PARAMETER    5  IS CONSTANT.   IGNORED.
 **********
 **   50 **FIX            6
 **********
 **********
 **   51 **FIX            7
 **********
 **********
 **   52 **FIX           10
 **********
 PARAMETER   10  IS CONSTANT.   IGNORED.
 **********
 **   53 **FIX           11
 **********
 PARAMETER   11  IS CONSTANT.   IGNORED.
 **********
 **   54 **FIX           12
 **********
 PARAMETER   12  IS CONSTANT.   IGNORED.
 **********
 **   55 **FIX           13
 **********
 PARAMETER   13  IS CONSTANT.   IGNORED.
 **********
 **   56 **FIX           14
 **********
 **********
 **   57 **FIX           15
 **********
 PARAMETER   15  IS CONSTANT.   IGNORED.
 **********
 **   58 **FIX           16
 **********
 PARAMETER   16  IS CONSTANT.   IGNORED.
 **********
 **   59 **MIGRAD
 **********
 START MIGRAD MINIMIZATION.  STRATEGY  1.  CONVERGENCE WHEN EDM .LT. 1.00e-04
 FCN=501.342 FROM MIGRAD    STATUS=INITIATE       12 CALLS        1105 TOTAL
                     EDM= unknown      STRATEGY= 1      NO ERROR MATRIX       
  EXT PARAMETER               CURRENT GUESS       STEP         FIRST   
  NO.   NAME      VALUE            ERROR          SIZE      DERIVATIVE 
   1  N0           3.05981e+06     fixed    
   2  tau          6.43953e+01   constant   
   3  A0           3.42976e-01     fixed    
   4  phi          4.11760e+00     fixed    
   5  R           -6.11796e+01   constant   
   6  A_CBO        2.35124e-05     fixed    
   7  w_CBO        2.32710e+00     fixed    
   8  phi_CBO     -2.60280e-01   2.64695e-01   2.64695e-01   6.80440e-02
   9  ANx2         4.90616e-04   constant   
  10  pNx2         2.30674e+00   constant   
  11  ANy1         0.00000e+00   constant   
  12  pNy1         0.00000e+00   constant   
  13  w_y          0.00000e+00   constant   
  14  ANy2        -1.03770e-04     fixed    
  15  pNy2         3.41148e-01   constant   
  16  w_vw         1.43130e+01   constant   
  17  LM          -3.45991e-04   constant   
  18  wCBO_expCoeff   1.99882e+02   4.49325e-02   9.53110e-05   1.32020e-01
  19  wCBO_expOffset   2.00023e+02   5.04284e-03   9.53784e-05  -1.54623e+00
  20  wCBO_expT    2.99873e+01   1.73700e-03   1.42991e-05   1.15414e-01
  21  wCBO_linCoeff   0.00000e+00   constant   
  22  wCBO_const   9.91991e-03   9.63580e-04   5.23111e-06   1.73688e-01
 MIGRAD MINIMIZATION HAS CONVERGED.
 MIGRAD WILL VERIFY CONVERGENCE AND ERROR MATRIX.
 COVARIANCE MATRIX CALCULATED SUCCESSFULLY
 FCN=501.288 FROM MIGRAD    STATUS=CONVERGED     123 CALLS        1216 TOTAL
                     EDM=3.72957e-07    STRATEGY= 1      ERROR MATRIX ACCURATE 
  EXT PARAMETER                                   STEP         FIRST   
  NO.   NAME      VALUE            ERROR          SIZE      DERIVATIVE 
   1  N0           3.05981e+06     fixed    
   2  tau          6.43953e+01   constant   
   3  A0           3.42976e-01     fixed    
   4  phi          4.11760e+00     fixed    
   5  R           -6.11796e+01   constant   
   6  A_CBO        2.35124e-05     fixed    
   7  w_CBO        2.32710e+00     fixed    
   8  phi_CBO     -1.59994e+00   5.46295e+00   5.89813e-02   4.24469e-05
   9  ANx2         4.90616e-04   constant   
  10  pNx2         2.30674e+00   constant   
  11  ANy1         0.00000e+00   constant   
  12  pNy1         0.00000e+00   constant   
  13  w_y          0.00000e+00   constant   
  14  ANy2        -1.03770e-04     fixed    
  15  pNy2         3.41148e-01   constant   
  16  w_vw         1.43130e+01   constant   
  17  LM          -3.45991e-04   constant   
  18  wCBO_expCoeff   1.99882e+02   2.25281e-02   9.53110e-05   3.53725e-01
  19  wCBO_expOffset   2.00023e+02   2.87353e-03   9.53784e-05   2.33692e+00
  20  wCBO_expT    2.99873e+01   1.36280e-03   1.42991e-05   1.96387e+00
  21  wCBO_linCoeff   0.00000e+00   constant   
  22  wCBO_const   9.91001e-03   8.91073e-04   5.22816e-06   9.65367e-01
 EXTERNAL ERROR MATRIX.    NDIM=  25    NPAR=  5    ERR DEF=1
  2.984e+01  7.830e-03 -4.555e-04 -6.778e-04  2.523e-04 
  7.830e-03  5.075e-04 -6.226e-05 -1.929e-05  7.846e-06 
 -4.555e-04 -6.226e-05  8.257e-06  1.654e-06 -7.172e-07 
 -6.778e-04 -1.929e-05  1.654e-06  1.857e-06 -9.058e-07 
  2.523e-04  7.846e-06 -7.172e-07 -9.058e-07  7.940e-07 
 PARAMETER  CORRELATION COEFFICIENTS  
       NO.  GLOBAL      8     18     19     20     22
        8  0.15917   1.000  0.064 -0.029 -0.091  0.052
       18  0.99517   0.064  1.000 -0.962 -0.628  0.391
       19  0.99332  -0.029 -0.962  1.000  0.422 -0.280
       20  0.96696  -0.091 -0.628  0.422  1.000 -0.746
       22  0.84414   0.052  0.391 -0.280 -0.746  1.000
MINUIT - FIT ONLY 1-y
 **********
 **   60 **RES 
 **********
                   PARAMETER   14  ANy2 RESTORED TO VARIABLE.
                   PARAMETER    7  w_CBO RESTORED TO VARIABLE.
                   PARAMETER    6  A_CBO RESTORED TO VARIABLE.
                   PARAMETER    4  phi RESTORED TO VARIABLE.
                   PARAMETER    3  A0 RESTORED TO VARIABLE.
                   PARAMETER    1  N0 RESTORED TO VARIABLE.
 **********
 **   61 **FIX            0
 **********
 PARAMETER    0  IS UNDEFINED. IGNORED.
 **********
 **   62 **FIX            1
 **********
 **********
 **   63 **FIX            2
 **********
 PARAMETER    2  IS CONSTANT.   IGNORED.
 **********
 **   64 **FIX            3
 **********
 **********
 **   65 **FIX            4
 **********
 **********
 **   66 **FIX            5
 **********
 PARAMETER    5  IS CONSTANT.   IGNORED.
 **********
 **   67 **FIX            6
 **********
 **********
 **   68 **FIX            7
 **********
 **********
 **   69 **FIX            8
 **********
 **********
 **   70 **FIX            9
 **********
 PARAMETER    9  IS CONSTANT.   IGNORED.
 **********
 **   71 **FIX           13
 **********
 PARAMETER   13  IS CONSTANT.   IGNORED.
 **********
 **   72 **FIX           14
 **********
 **********
 **   73 **FIX           15
 **********
 PARAMETER   15  IS CONSTANT.   IGNORED.
 **********
 **   74 **FIX           16
 **********
 PARAMETER   16  IS CONSTANT.   IGNORED.
 **********
 **   75 **MIGRAD
 **********
 START MIGRAD MINIMIZATION.  STRATEGY  1.  CONVERGENCE WHEN EDM .LT. 1.00e-04
 FCN=501.288 FROM MIGRAD    STATUS=INITIATE        8 CALLS        1224 TOTAL
                     EDM= unknown      STRATEGY= 1      NO ERROR MATRIX       
  EXT PARAMETER               CURRENT GUESS       STEP         FIRST   
  NO.   NAME      VALUE            ERROR          SIZE      DERIVATIVE 
   1  N0           3.05981e+06     fixed    
   2  tau          6.43953e+01   constant   
   3  A0           3.42976e-01     fixed    
   4  phi          4.11760e+00     fixed    
   5  R           -6.11796e+01   constant   
   6  A_CBO        2.35124e-05     fixed    
   7  w_CBO        2.32710e+00     fixed    
   8  phi_CBO     -1.59994e+00     fixed    
   9  ANx2         4.90616e-04   constant   
  10  pNx2         2.30674e+00   constant   
  11  ANy1         0.00000e+00   constant   
  12  pNy1         0.00000e+00   constant   
  13  w_y          0.00000e+00   constant   
  14  ANy2        -1.03770e-04     fixed    
  15  pNy2         3.41148e-01   constant   
  16  w_vw         1.43130e+01   constant   
  17  LM          -3.45991e-04   constant   
  18  wCBO_expCoeff   1.99882e+02   2.25281e-02   9.53110e-05   3.41691e-01
  19  wCBO_expOffset   2.00023e+02   2.87353e-03   9.53784e-05  -1.95905e+00
  20  wCBO_expT    2.99873e+01   1.36280e-03   1.42991e-05   1.55212e+00
  21  wCBO_linCoeff   0.00000e+00   constant   
  22  wCBO_const   9.91001e-03   8.91073e-04   5.22816e-06   9.63045e-01
 MIGRAD MINIMIZATION HAS CONVERGED.
 MIGRAD WILL VERIFY CONVERGENCE AND ERROR MATRIX.
 COVARIANCE MATRIX CALCULATED SUCCESSFULLY
 FCN=501.288 FROM MIGRAD    STATUS=CONVERGED      48 CALLS        1264 TOTAL
                     EDM=1.3938e-07    STRATEGY= 1      ERROR MATRIX ACCURATE 
  EXT PARAMETER                                   STEP         FIRST   
  NO.   NAME      VALUE            ERROR          SIZE      DERIVATIVE 
   1  N0           3.05981e+06     fixed    
   2  tau          6.43953e+01   constant   
   3  A0           3.42976e-01     fixed    
   4  phi          4.11760e+00     fixed    
   5  R           -6.11796e+01   constant   
   6  A_CBO        2.35124e-05     fixed    
   7  w_CBO        2.32710e+00     fixed    
   8  phi_CBO     -1.59994e+00     fixed    
   9  ANx2         4.90616e-04   constant   
  10  pNx2         2.30674e+00   constant   
  11  ANy1         0.00000e+00   constant   
  12  pNy1         0.00000e+00   constant   
  13  w_y          0.00000e+00   constant   
  14  ANy2        -1.03770e-04     fixed    
  15  pNy2         3.41148e-01   constant   
  16  w_vw         1.43130e+01   constant   
  17  LM          -3.45991e-04   constant   
  18  wCBO_expCoeff   1.99882e+02   2.24813e-02   9.53110e-05   1.09656e-01
  19  wCBO_expOffset   2.00023e+02   2.87210e-03   9.53784e-05   6.84365e-01
  20  wCBO_expT    2.99873e+01   1.35722e-03   1.42991e-05   1.73425e-01
  21  wCBO_linCoeff   0.00000e+00   constant   
  22  wCBO_const   9.90994e-03   8.89870e-04   5.22791e-06  -2.68166e-01
 EXTERNAL ERROR MATRIX.    NDIM=  25    NPAR=  4    ERR DEF=1
  5.054e-04 -6.213e-05 -1.911e-05  7.779e-06 
 -6.213e-05  8.249e-06  1.644e-06 -7.132e-07 
 -1.911e-05  1.644e-06  1.842e-06 -9.001e-07 
  7.779e-06 -7.132e-07 -9.001e-07  7.919e-07 
 PARAMETER  CORRELATION COEFFICIENTS  
       NO.  GLOBAL     18     19     20     22
       18  0.99515   1.000 -0.962 -0.626  0.389
       19  0.99331  -0.962  1.000  0.422 -0.279
       20  0.96668  -0.626  0.422  1.000 -0.745
       22  0.84368   0.389 -0.279 -0.745  1.000
MINUIT - FIT ONLY 2-y
 **********
 **   76 **RES 
 **********
                   PARAMETER   14  ANy2 RESTORED TO VARIABLE.
                   PARAMETER    8  phi_CBO RESTORED TO VARIABLE.
                   PARAMETER    7  w_CBO RESTORED TO VARIABLE.
                   PARAMETER    6  A_CBO RESTORED TO VARIABLE.
                   PARAMETER    4  phi RESTORED TO VARIABLE.
                   PARAMETER    3  A0 RESTORED TO VARIABLE.
                   PARAMETER    1  N0 RESTORED TO VARIABLE.
 **********
 **   77 **FIX            0
 **********
 PARAMETER    0  IS UNDEFINED. IGNORED.
 **********
 **   78 **FIX            1
 **********
 **********
 **   79 **FIX            2
 **********
 PARAMETER    2  IS CONSTANT.   IGNORED.
 **********
 **   80 **FIX            3
 **********
 **********
 **   81 **FIX            4
 **********
 **********
 **   82 **FIX            5
 **********
 PARAMETER    5  IS CONSTANT.   IGNORED.
 **********
 **   83 **FIX            6
 **********
 **********
 **   84 **FIX            7
 **********
 **********
 **   85 **FIX            8
 **********
 **********
 **   86 **FIX            9
 **********
 PARAMETER    9  IS CONSTANT.   IGNORED.
 **********
 **   87 **FIX           10
 **********
 PARAMETER   10  IS CONSTANT.   IGNORED.
 **********
 **   88 **FIX           11
 **********
 PARAMETER   11  IS CONSTANT.   IGNORED.
 **********
 **   89 **FIX           12
 **********
 PARAMETER   12  IS CONSTANT.   IGNORED.
 **********
 **   90 **FIX           16
 **********
 PARAMETER   16  IS CONSTANT.   IGNORED.
 **********
 **   91 **MIGRAD
 **********
 START MIGRAD MINIMIZATION.  STRATEGY  1.  CONVERGENCE WHEN EDM .LT. 1.00e-04
 FCN=501.288 FROM MIGRAD    STATUS=INITIATE       10 CALLS        1274 TOTAL
                     EDM= unknown      STRATEGY= 1      NO ERROR MATRIX       
  EXT PARAMETER               CURRENT GUESS       STEP         FIRST   
  NO.   NAME      VALUE            ERROR          SIZE      DERIVATIVE 
   1  N0           3.05981e+06     fixed    
   2  tau          6.43953e+01   constant   
   3  A0           3.42976e-01     fixed    
   4  phi          4.11760e+00     fixed    
   5  R           -6.11796e+01   constant   
   6  A_CBO        2.35124e-05     fixed    
   7  w_CBO        2.32710e+00     fixed    
   8  phi_CBO     -1.59994e+00     fixed    
   9  ANx2         4.90616e-04   constant   
  10  pNx2         2.30674e+00   constant   
  11  ANy1         0.00000e+00   constant   
  12  pNy1         0.00000e+00   constant   
  13  w_y          0.00000e+00   constant   
  14  ANy2        -1.03770e-04   2.54032e-04   2.54032e-04   2.27942e+01
  15  pNy2         3.41148e-01   constant   
  16  w_vw         1.43130e+01   constant   
  17  LM          -3.45991e-04   constant   
  18  wCBO_expCoeff   1.99882e+02   2.24813e-02   9.53110e-05   9.37657e-02
  19  wCBO_expOffset   2.00023e+02   2.87210e-03   9.53784e-05  -3.61065e+00
  20  wCBO_expT    2.99873e+01   1.35722e-03   1.42991e-05  -2.38200e-01
  21  wCBO_linCoeff   0.00000e+00   constant   
  22  wCBO_const   9.90994e-03   8.89870e-04   5.22791e-06  -2.70479e-01
 MIGRAD MINIMIZATION HAS CONVERGED.
 MIGRAD WILL VERIFY CONVERGENCE AND ERROR MATRIX.
 COVARIANCE MATRIX CALCULATED SUCCESSFULLY
 FCN=501.288 FROM MIGRAD    STATUS=CONVERGED      57 CALLS        1321 TOTAL
                     EDM=9.0193e-07    STRATEGY= 1      ERROR MATRIX ACCURATE 
  EXT PARAMETER                                   STEP         FIRST   
  NO.   NAME      VALUE            ERROR          SIZE      DERIVATIVE 
   1  N0           3.05981e+06     fixed    
   2  tau          6.43953e+01   constant   
   3  A0           3.42976e-01     fixed    
   4  phi          4.11760e+00     fixed    
   5  R           -6.11796e+01   constant   
   6  A_CBO        2.35124e-05     fixed    
   7  w_CBO        2.32710e+00     fixed    
   8  phi_CBO     -1.59994e+00     fixed    
   9  ANx2         4.90616e-04   constant   
  10  pNx2         2.30674e+00   constant   
  11  ANy1         0.00000e+00   constant   
  12  pNy1         0.00000e+00   constant   
  13  w_y          0.00000e+00   constant   
  14  ANy2        -1.04436e-04   2.52699e-04   2.76433e-06   1.95073e+00
  15  pNy2         3.41148e-01   constant   
  16  w_vw         1.43130e+01   constant   
  17  LM          -3.45991e-04   constant   
  18  wCBO_expCoeff   1.99882e+02   2.25093e-02   9.53110e-05   5.60421e-01
  19  wCBO_expOffset   2.00023e+02   2.87575e-03   9.53784e-05   3.71468e+00
  20  wCBO_expT    2.99873e+01   1.35806e-03   1.42991e-05   3.09961e+00
  21  wCBO_linCoeff   0.00000e+00   constant   
  22  wCBO_const   9.90997e-03   8.90135e-04   5.22789e-06   1.21106e+00
 EXTERNAL ERROR MATRIX.    NDIM=  25    NPAR=  5    ERR DEF=1
  6.386e-08 -2.424e-08 -2.269e-09  7.458e-09 -3.193e-09 
 -2.424e-08  5.067e-04 -6.230e-05 -1.915e-05  7.798e-06 
 -2.269e-09 -6.230e-05  8.270e-06  1.649e-06 -7.154e-07 
  7.458e-09 -1.915e-05  1.649e-06  1.844e-06 -9.011e-07 
 -3.193e-09  7.798e-06 -7.154e-07 -9.011e-07  7.923e-07 
 PARAMETER  CORRELATION COEFFICIENTS  
       NO.  GLOBAL     14     18     19     20     22
       14  0.02720   1.000 -0.004 -0.003  0.022 -0.014
       18  0.99517  -0.004  1.000 -0.962 -0.627  0.389
       19  0.99333  -0.003 -0.962  1.000  0.422 -0.279
       20  0.96671   0.022 -0.627  0.422  1.000 -0.745
       22  0.84376  -0.014  0.389 -0.279 -0.745  1.000
MINUIT - FIT ALTOGETHER
 **********
 **   92 **RES 
 **********
                   PARAMETER    8  phi_CBO RESTORED TO VARIABLE.
                   PARAMETER    7  w_CBO RESTORED TO VARIABLE.
                   PARAMETER    6  A_CBO RESTORED TO VARIABLE.
                   PARAMETER    4  phi RESTORED TO VARIABLE.
                   PARAMETER    3  A0 RESTORED TO VARIABLE.
                   PARAMETER    1  N0 RESTORED TO VARIABLE.
 **********
 **   93 **MIGRAD
 **********
 START MIGRAD MINIMIZATION.  STRATEGY  1.  CONVERGENCE WHEN EDM .LT. 1.00e-04
 FCN=501.288 FROM MIGRAD    STATUS=INITIATE       22 CALLS        1343 TOTAL
                     EDM= unknown      STRATEGY= 1      NO ERROR MATRIX       
  EXT PARAMETER               CURRENT GUESS       STEP         FIRST   
  NO.   NAME      VALUE            ERROR          SIZE      DERIVATIVE 
   1  N0           3.05981e+06   4.04768e+02   4.04768e+02  -1.55399e-02
   2  tau          6.43953e+01   constant   
   3  A0           3.42976e-01   6.14952e-04   6.14952e-04   5.23850e+03
