 + ++++++++++++++++++++++++++++++++++++++++++++++++++++++++++++++++++++ +
 +                                                                      +
 +           You have chose to blind your fitting according to          +
 +                omega_ref * (1 + (R +/- deltaR) *10^{-6})             +
 +                                                                      +
 + ++++++++++++++++++++++++++++++++++++++++++++++++++++++++++++++++++++ +
In main()...
reading format from /gm2data/zkhechad/run45/envelope/formats/formatB_sBin_constraintOn.txt
pBinTau 	= 0  
pBinPhi 	= 0  
constraintau 	= 1 
includeMopTerm 	= 0    
constrainMop    = 0   
Parameters after format file: pBinTau 0 pBinPhi 0 constraintau 1 includeMopTerm 0 constrainMop 0 c_e_scale 0.000000 
reading cbo reference file (full fit) from /gm2data/zkhechad/cboTemplates/Run4CBOTemplates/fullFits/run4/sBin_constraintOn_cE0.0_seed0_run4_calo7.root
A_CBO 0.010017 w_CBO 2.326795 phi_CBO 5.385454 N0 2934724.912691 R -61.426290 tau 64.406392 
Reading cboRef file /gm2data/zkhechad/cboTemplates/Run4CBOTemplates//cboIsolate/run4_calo7.root
deltaT 164.120000
windowBins = 1100
fitting sliding window 1960 from bin 2163 at 322.719600 to bin 3263 at 486.839600 (1100 bins)

Reading data from /gm2data/cornell/histograms/aMethod/histogram_a_run4.root
fitting cbo isolate
 **********
 **    1 **SET PRINTOUT            1
 **********
 **********
 **    2 **SET NOWARNINGS 
 **********
 PARAMETER DEFINITIONS:
    NO.   NAME         VALUE      STEP SIZE      LIMITS
     1 A_CBO        1.00169e-02  1.00000e-05     no limits
     2 w_CBO        2.32680e+00  1.00000e-02    2.00000e+00  3.00000e+00
     3 phi_CBO      5.38545e+00  1.00000e-02    0.00000e+00  6.28319e+00
 **********
 **    3 **MIGRAD
 **********
 FIRST CALL TO USER FUNCTION AT NEW START POINT, WITH IFLAG=4.
 START MIGRAD MINIMIZATION.  STRATEGY  1.  CONVERGENCE WHEN EDM .LT. 1.00e-04
 FCN=0.14414 FROM MIGRAD    STATUS=INITIATE       12 CALLS          13 TOTAL
                     EDM= unknown      STRATEGY= 1      NO ERROR MATRIX       
  EXT PARAMETER               CURRENT GUESS       STEP         FIRST   
  NO.   NAME      VALUE            ERROR          SIZE      DERIVATIVE 
   1  A_CBO        1.00169e-02   1.00000e-05   1.00000e-05   8.35274e+00
   2  w_CBO        2.32680e+00   1.00000e-02   2.13223e-02   2.24567e+00
   3  phi_CBO      5.38545e+00   1.00000e-02   4.54801e-03  -2.30350e-02
 MIGRAD MINIMIZATION HAS CONVERGED.
 MIGRAD WILL VERIFY CONVERGENCE AND ERROR MATRIX.
 COVARIANCE MATRIX CALCULATED SUCCESSFULLY
 FCN=0.111758 FROM HESSE     STATUS=OK             16 CALLS          62 TOTAL
                     EDM=0.00110958    STRATEGY= 1      ERROR MATRIX ACCURATE 
  EXT PARAMETER                                   STEP         FIRST   
  NO.   NAME      VALUE            ERROR          SIZE      DERIVATIVE 
   1  A_CBO        2.62824e-03   5.06480e-02   2.19702e-05   1.08624e-02
   2  w_CBO        2.32619e+00   3.78944e-01   4.55195e-05   4.70619e-02
   3  phi_CBO      5.53445e+00   3.54169e+00   4.29338e-03   2.56857e-04
 MIGRAD MINIMIZATION HAS CONVERGED.
 MIGRAD WILL VERIFY CONVERGENCE AND ERROR MATRIX.
 COVARIANCE MATRIX CALCULATED SUCCESSFULLY
 FCN=0.111186 FROM MIGRAD    STATUS=CONVERGED     120 CALLS         121 TOTAL
                     EDM=3.73561e-07    STRATEGY= 1      ERROR MATRIX ACCURATE 
  EXT PARAMETER                                   STEP         FIRST   
  NO.   NAME      VALUE            ERROR          SIZE      DERIVATIVE 
   1  A_CBO        2.82498e-03   4.27401e-02   2.19591e-05   1.72603e-02
   2  w_CBO        2.31902e+00   2.75769e-01   4.12284e-05  -5.40096e-03
   3  phi_CBO      2.63087e+00   4.40209e+00   2.49874e-03   9.21843e-05
 EXTERNAL ERROR MATRIX.    NDIM=  25    NPAR=  3    ERR DEF=1
  1.827e-03 -7.653e-04 -3.149e-01 
 -7.653e-04  8.708e-02  3.525e+01 
 -3.149e-01  3.525e+01  1.450e+04 
 PARAMETER  CORRELATION COEFFICIENTS  
       NO.  GLOBAL      1      2      3
        1  0.06119   1.000 -0.061 -0.061
        2  0.99207  -0.061  1.000  0.992
        3  0.99207  -0.061  0.992  1.000
setting A_CBO=0.002825 w_CBO=2.319025, phi_CBO=2.630867
done fitting cbo isolate
 **********
 **    1 **SET PRINTOUT            1
 **********
 **********
 **    2 **SET NOWARNINGS 
 **********
 PARAMETER DEFINITIONS:
    NO.   NAME         VALUE      STEP SIZE      LIMITS
     1 N0           2.93472e+06  1.00000e+02     no limits
     2 tau          6.44064e+01  constant
     3 A0           3.50200e-01  1.00000e-04     no limits
     4 phi          4.11726e+00  1.00000e-02     no limits
     5 R           -6.14263e+01  constant
     6 A_CBO        2.82498e-03  1.00000e-05     no limits
     7 w_CBO        2.31902e+00  1.00000e-03     no limits
     8 phi_CBO      2.63087e+00  1.00000e-04     no limits
     9 ANx2         5.09258e-04  constant
    10 pNx2         1.79030e-01  constant
    11 ANy1         0.00000e+00  constant
    12 pNy1         0.00000e+00  constant
    13 w_y          0.00000e+00  constant
    14 ANy2         8.95951e-03  1.00000e-04     no limits
    15 pNy2         6.17155e+00  constant
    16 w_vw         1.43200e+01  constant
    17 LM          -8.21731e-05  constant
    18 wCBO_expCoeff   2.00000e+02  1.00000e+00     no limits
    19 wCBO_expOffset   2.00000e+02  1.00000e+00     no limits
    20 wCBO_expT    3.00000e+01  1.00000e+00     no limits
    21 wCBO_linCoeff   0.00000e+00  constant
    22 wCBO_const   0.00000e+00  1.00000e-02     no limits
MINUIT - FIT ONLY WIGGLE
 **********
 **    3 **FIX            5
 **********
 PARAMETER    5  IS CONSTANT.   IGNORED.
 **********
 **    4 **FIX            6
 **********
 **********
 **    5 **FIX            7
 **********
 **********
 **    6 **FIX            8
 **********
 **********
 **    7 **FIX            9
 **********
 PARAMETER    9  IS CONSTANT.   IGNORED.
 **********
 **    8 **FIX           10
 **********
 PARAMETER   10  IS CONSTANT.   IGNORED.
 **********
 **    9 **FIX           11
 **********
 PARAMETER   11  IS CONSTANT.   IGNORED.
 **********
 **   10 **FIX           12
 **********
 PARAMETER   12  IS CONSTANT.   IGNORED.
 **********
 **   11 **FIX           13
 **********
 PARAMETER   13  IS CONSTANT.   IGNORED.
 **********
 **   12 **FIX           14
 **********
 **********
 **   13 **FIX           15
 **********
 PARAMETER   15  IS CONSTANT.   IGNORED.
 **********
 **   14 **FIX           16
 **********
 PARAMETER   16  IS CONSTANT.   IGNORED.
 **********
 **   15 **MIGRAD
 **********
 FIRST CALL TO USER FUNCTION AT NEW START POINT, WITH IFLAG=4.
 START MIGRAD MINIMIZATION.  STRATEGY  1.  CONVERGENCE WHEN EDM .LT. 1.00e-04
 FCN=570.322 FROM MIGRAD    STATUS=INITIATE       84 CALLS          85 TOTAL
                     EDM= unknown      STRATEGY= 1      NO ERROR MATRIX       
  EXT PARAMETER               CURRENT GUESS       STEP         FIRST   
  NO.   NAME      VALUE            ERROR          SIZE      DERIVATIVE 
   1  N0           2.93472e+06   1.00000e+02   0.00000e+00   5.66852e-04
   2  tau          6.44064e+01   constant   
   3  A0           3.50200e-01   1.00000e-04   0.00000e+00  -1.56119e+03
   4  phi          4.11726e+00   1.00000e-02   0.00000e+00   7.33614e+02
   5  R           -6.14263e+01   constant   
   6  A_CBO        2.82498e-03     fixed    
   7  w_CBO        2.31902e+00     fixed    
   8  phi_CBO      2.63087e+00     fixed    
   9  ANx2         5.09258e-04   constant   
  10  pNx2         1.79030e-01   constant   
  11  ANy1         0.00000e+00   constant   
  12  pNy1         0.00000e+00   constant   
  13  w_y          0.00000e+00   constant   
  14  ANy2         8.95951e-03     fixed    
  15  pNy2         6.17155e+00   constant   
  16  w_vw         1.43200e+01   constant   
  17  LM          -8.21731e-05   constant   
  18  wCBO_expCoeff   2.00144e+02   1.00000e+00   1.43954e-01  -6.97234e+00
  19  wCBO_expOffset   2.00000e+02   1.00000e+00   0.00000e+00  -4.65136e+01
  20  wCBO_expT    3.00000e+01   1.00000e+00   0.00000e+00   4.89416e+00
  21  wCBO_linCoeff   0.00000e+00   constant   
  22  wCBO_const  -1.27163e-03   1.00000e-02   0.00000e+00   5.43764e+03
 MIGRAD MINIMIZATION HAS CONVERGED.
 FCN=563.209 FROM MIGRAD    STATUS=CONVERGED     267 CALLS         268 TOTAL
                     EDM=2.45969e-07    STRATEGY= 1  ERROR MATRIX UNCERTAINTY   0.1 per cent
  EXT PARAMETER                                   STEP         FIRST   
  NO.   NAME      VALUE            ERROR          SIZE      DERIVATIVE 
   1  N0           2.93438e+06   1.22651e+03   5.74053e-02   2.11352e-07
   2  tau          6.44064e+01   constant   
   3  A0           3.50364e-01   5.75127e-04   1.12457e-06  -4.88626e-01
   4  phi          4.11590e+00   1.68085e-03   1.48463e-06  -2.49998e-01
   5  R           -6.14263e+01   constant   
   6  A_CBO        2.82498e-03     fixed    
   7  w_CBO        2.31902e+00     fixed    
   8  phi_CBO      2.63087e+00     fixed    
   9  ANx2         5.09258e-04   constant   
  10  pNx2         1.79030e-01   constant   
  11  ANy1         0.00000e+00   constant   
  12  pNy1         0.00000e+00   constant   
  13  w_y          0.00000e+00   constant   
  14  ANy2         8.95951e-03     fixed    
  15  pNy2         6.17155e+00   constant   
  16  w_vw         1.43200e+01   constant   
  17  LM          -8.21731e-05   constant   
  18  wCBO_expCoeff   2.00769e+02   5.26128e-01   1.61728e-03  -1.63675e-02
  19  wCBO_expOffset   2.00094e+02   7.89014e-02   2.42488e-04  -1.11243e-01
  20  wCBO_expT    2.99583e+01   3.86017e-02  -1.18705e-04  -4.58933e-01
  21  wCBO_linCoeff   0.00000e+00   constant   
  22  wCBO_const  -1.93178e-03   1.21515e-03   1.47522e-06  -1.07761e+00
 EXTERNAL ERROR MATRIX.    NDIM=  25    NPAR=  7    ERR DEF=1
  1.504e+06 -2.654e-03 -2.313e-02 -3.537e+01 -5.304e+00  2.828e+00 -1.289e-01 
 -2.654e-03  3.308e-07  3.479e-08  5.917e-05  8.875e-06 -4.590e-06  1.718e-07 
 -2.313e-02  3.479e-08  2.825e-06  3.122e-06  4.711e-07 -4.145e-07  1.452e-07 
 -3.537e+01  5.917e-05  3.122e-06  2.768e-01  4.128e-02 -2.023e-02  4.238e-04 
 -5.304e+00  8.875e-06  4.711e-07  4.128e-02  6.225e-03 -3.034e-03  6.356e-05 
  2.828e+00 -4.590e-06 -4.145e-07 -2.023e-02 -3.034e-03  1.490e-03 -3.328e-05 
 -1.289e-01  1.718e-07  1.452e-07  4.238e-04  6.356e-05 -3.328e-05  1.477e-06 
 PARAMETER  CORRELATION COEFFICIENTS  
       NO.  GLOBAL      1      3      4     18     19     20     22
        1  0.09212   1.000 -0.004 -0.011 -0.055 -0.055  0.060 -0.086
        3  0.25717  -0.004  1.000  0.036  0.196  0.196 -0.207  0.246
        4  0.13471  -0.011  0.036  1.000  0.004  0.004 -0.006  0.071
       18  0.99843  -0.055  0.196  0.004  1.000  0.994 -0.996  0.663
       19  0.99843  -0.055  0.196  0.004  0.994  1.000 -0.996  0.663
       20  0.99952   0.060 -0.207 -0.006 -0.996 -0.996  1.000 -0.709
       22  0.94425  -0.086  0.246  0.071  0.663  0.663 -0.709  1.000
MINUIT - FIT ONLY 1-CBO + other amplitudes 
 **********
 **   16 **RES 
 **********
                   PARAMETER   14  ANy2 RESTORED TO VARIABLE.
                   PARAMETER    8  phi_CBO RESTORED TO VARIABLE.
                   PARAMETER    7  w_CBO RESTORED TO VARIABLE.
                   PARAMETER    6  A_CBO RESTORED TO VARIABLE.
 **********
 **   17 **FIX            0
 **********
 PARAMETER    0  IS UNDEFINED. IGNORED.
 **********
 **   18 **FIX            1
 **********
 **********
 **   19 **FIX            2
 **********
 PARAMETER    2  IS CONSTANT.   IGNORED.
 **********
 **   20 **FIX            3
 **********
 **********
 **   21 **FIX            4
 **********
 **********
 **   22 **FIX            9
 **********
 PARAMETER    9  IS CONSTANT.   IGNORED.
 **********
 **   23 **FIX           11
 **********
 PARAMETER   11  IS CONSTANT.   IGNORED.
 **********
 **   24 **FIX           12
 **********
 PARAMETER   12  IS CONSTANT.   IGNORED.
 **********
 **   25 **FIX           14
 **********
 **********
 **   26 **FIX           15
 **********
 PARAMETER   15  IS CONSTANT.   IGNORED.
 **********
 **   27 **FIX           16
 **********
 PARAMETER   16  IS CONSTANT.   IGNORED.
 **********
 **   28 **MIGRAD
 **********
 START MIGRAD MINIMIZATION.  STRATEGY  1.  CONVERGENCE WHEN EDM .LT. 1.00e-04
 FCN=563.209 FROM MIGRAD    STATUS=INITIATE       20 CALLS         288 TOTAL
                     EDM= unknown      STRATEGY= 1      NO ERROR MATRIX       
  EXT PARAMETER               CURRENT GUESS       STEP         FIRST   
  NO.   NAME      VALUE            ERROR          SIZE      DERIVATIVE 
   1  N0           2.93438e+06     fixed    
   2  tau          6.44064e+01   constant   
   3  A0           3.50364e-01     fixed    
   4  phi          4.11590e+00     fixed    
   5  R           -6.14263e+01   constant   
   6  A_CBO        2.82498e-03   1.00000e-05   1.00000e-05   1.06822e+04
   7  w_CBO        2.31902e+00   1.00000e-03   1.00000e-03  -1.88818e+00
   8  phi_CBO      2.63087e+00   1.00000e-04   1.00000e-04  -2.00768e+00
   9  ANx2         5.09258e-04   constant   
  10  pNx2         1.79030e-01   constant   
  11  ANy1         0.00000e+00   constant   
  12  pNy1         0.00000e+00   constant   
  13  w_y          0.00000e+00   constant   
  14  ANy2         8.95951e-03     fixed    
  15  pNy2         6.17155e+00   constant   
  16  w_vw         1.43200e+01   constant   
  17  LM          -8.21731e-05   constant   
  18  wCBO_expCoeff   2.00769e+02   5.26128e-01   1.61728e-03  -1.63674e-02
  19  wCBO_expOffset   2.00094e+02   7.89014e-02   2.42488e-04  -1.11243e-01
  20  wCBO_expT    2.99583e+01   3.86017e-02  -1.18705e-04  -4.58933e-01
  21  wCBO_linCoeff   0.00000e+00   constant   
  22  wCBO_const  -1.93178e-03   1.21515e-03   1.47522e-06  -1.07761e+00
 MIGRAD MINIMIZATION HAS CONVERGED.
 MIGRAD WILL VERIFY CONVERGENCE AND ERROR MATRIX.
 COVARIANCE MATRIX CALCULATED SUCCESSFULLY
 FCN=552.415 FROM MIGRAD    STATUS=CONVERGED     318 CALLS         586 TOTAL
                     EDM=1.65916e-06    STRATEGY= 1      ERROR MATRIX ACCURATE 
  EXT PARAMETER                                   STEP         FIRST   
  NO.   NAME      VALUE            ERROR          SIZE      DERIVATIVE 
   1  N0           2.93438e+06     fixed    
   2  tau          6.44064e+01   constant   
   3  A0           3.50364e-01     fixed    
   4  phi          4.11590e+00     fixed    
   5  R           -6.14263e+01   constant   
   6  A_CBO        8.90166e-04   6.01696e-04   6.81461e-06  -8.99802e-01
   7  w_CBO        2.31646e+00   7.65162e-03   5.12194e-06  -1.00469e-01
   8  phi_CBO      3.31959e+00   8.68042e-01   7.67275e-03  -1.67418e-03
   9  ANx2         5.09258e-04   constant   
  10  pNx2         1.79030e-01   constant   
  11  ANy1         0.00000e+00   constant   
  12  pNy1         0.00000e+00   constant   
  13  w_y          0.00000e+00   constant   
  14  ANy2         8.95951e-03     fixed    
  15  pNy2         6.17155e+00   constant   
  16  w_vw         1.43200e+01   constant   
  17  LM          -8.21731e-05   constant   
  18  wCBO_expCoeff   2.00317e+02   7.71767e-01   6.45779e-04  -4.22905e-03
  19  wCBO_expOffset   2.00026e+02   1.15598e-01   9.67177e-05  -2.86384e-02
  20  wCBO_expT    3.00008e+01   2.64404e-02   2.23715e-05  -9.35726e-02
  21  wCBO_linCoeff   0.00000e+00   constant   
  22  wCBO_const  -1.47243e-03   3.31145e-03   5.93786e-06   6.15207e-01
 EXTERNAL ERROR MATRIX.    NDIM=  25    NPAR=  7    ERR DEF=1
  3.620e-07  1.795e-07  7.134e-06  2.429e-05  3.636e-06 -2.318e-06 -3.262e-08 
  1.795e-07  5.855e-05 -9.092e-05 -1.861e-03 -2.791e-04 -5.103e-05 -2.365e-05 
  7.134e-06 -9.092e-05  7.535e-01 -1.274e-02 -1.905e-03  2.362e-03  9.449e-05 
  2.429e-05 -1.861e-03 -1.274e-02  5.956e-01 -3.836e-02 -6.800e-03  1.010e-03 
  3.636e-06 -2.791e-04 -1.905e-03 -3.836e-02  1.336e-02 -1.018e-03  1.514e-04 
 -2.318e-06 -5.103e-05  2.362e-03 -6.800e-03 -1.018e-03  6.991e-04 -1.372e-06 
 -3.262e-08 -2.365e-05  9.449e-05  1.010e-03  1.514e-04 -1.372e-06  1.097e-05 
 PARAMETER  CORRELATION COEFFICIENTS  
       NO.  GLOBAL      6      7      8     18     19     20     22
        6  0.16740   1.000  0.039  0.014  0.052  0.052 -0.146 -0.016
        7  0.99830   0.039  1.000 -0.014 -0.315 -0.316 -0.252 -0.933
        8  0.63941   0.014 -0.014  1.000 -0.019 -0.019  0.103  0.033
       18  0.99734   0.052 -0.315 -0.019  1.000 -0.430 -0.333  0.395
       19  0.99735   0.052 -0.316 -0.019 -0.430  1.000 -0.333  0.395
       20  0.99729  -0.146 -0.252  0.103 -0.333 -0.333  1.000 -0.016
       22  0.98774  -0.016 -0.933  0.033  0.395  0.395 -0.016  1.000
MINUIT - FIT ONLY 1-CBO
 **********
 **   29 **RES 
 **********
                   PARAMETER   14  ANy2 RESTORED TO VARIABLE.
                   PARAMETER    4  phi RESTORED TO VARIABLE.
                   PARAMETER    3  A0 RESTORED TO VARIABLE.
                   PARAMETER    1  N0 RESTORED TO VARIABLE.
 **********
 **   30 **FIX            0
 **********
 PARAMETER    0  IS UNDEFINED. IGNORED.
 **********
 **   31 **FIX            1
 **********
 **********
 **   32 **FIX            2
 **********
 PARAMETER    2  IS CONSTANT.   IGNORED.
 **********
 **   33 **FIX            3
 **********
 **********
 **   34 **FIX            4
 **********
 **********
 **   35 **FIX            8
 **********
 **********
 **   36 **FIX            9
 **********
 PARAMETER    9  IS CONSTANT.   IGNORED.
 **********
 **   37 **FIX           11
 **********
 PARAMETER   11  IS CONSTANT.   IGNORED.
 **********
 **   38 **FIX           12
 **********
 PARAMETER   12  IS CONSTANT.   IGNORED.
 **********
 **   39 **FIX           13
 **********
 PARAMETER   13  IS CONSTANT.   IGNORED.
 **********
 **   40 **FIX           15
 **********
 PARAMETER   15  IS CONSTANT.   IGNORED.
 **********
 **   41 **FIX           16
 **********
 PARAMETER   16  IS CONSTANT.   IGNORED.
 **********
 **   42 **MIGRAD
 **********
 START MIGRAD MINIMIZATION.  STRATEGY  1.  CONVERGENCE WHEN EDM .LT. 1.00e-04
 FCN=552.415 FROM MIGRAD    STATUS=INITIATE       16 CALLS         602 TOTAL
                     EDM= unknown      STRATEGY= 1      NO ERROR MATRIX       
  EXT PARAMETER               CURRENT GUESS       STEP         FIRST   
  NO.   NAME      VALUE            ERROR          SIZE      DERIVATIVE 
   1  N0           2.93438e+06     fixed    
   2  tau          6.44064e+01   constant   
   3  A0           3.50364e-01     fixed    
   4  phi          4.11590e+00     fixed    
   5  R           -6.14263e+01   constant   
   6  A_CBO        8.90166e-04   6.01696e-04   6.81461e-06  -8.99802e-01
   7  w_CBO        2.31646e+00   7.65162e-03   5.12194e-06  -1.04081e-01
   8  phi_CBO      3.31959e+00     fixed    
   9  ANx2         5.09258e-04   constant   
  10  pNx2         1.79030e-01   constant   
  11  ANy1         0.00000e+00   constant   
  12  pNy1         0.00000e+00   constant   
  13  w_y          0.00000e+00   constant   
  14  ANy2         8.95951e-03   1.00000e-04   1.00000e-04   4.74971e+04
  15  pNy2         6.17155e+00   constant   
  16  w_vw         1.43200e+01   constant   
  17  LM          -8.21731e-05   constant   
  18  wCBO_expCoeff   2.00317e+02   7.71767e-01   6.45779e-04  -4.26853e-03
  19  wCBO_expOffset   2.00026e+02   1.15598e-01   9.67177e-05  -2.98926e-02
  20  wCBO_expT    3.00008e+01   2.64404e-02   2.23715e-05  -9.62507e-02
  21  wCBO_linCoeff   0.00000e+00   constant   
  22  wCBO_const  -1.47243e-03   3.31145e-03   5.93786e-06   6.12130e-01
 MIGRAD MINIMIZATION HAS CONVERGED.
 MIGRAD WILL VERIFY CONVERGENCE AND ERROR MATRIX.
 COVARIANCE MATRIX CALCULATED SUCCESSFULLY
 FCN=351.27 FROM MIGRAD    STATUS=CONVERGED     215 CALLS         801 TOTAL
                     EDM=4.60477e-07    STRATEGY= 1      ERROR MATRIX ACCURATE 
  EXT PARAMETER                                   STEP         FIRST   
  NO.   NAME      VALUE            ERROR          SIZE      DERIVATIVE 
   1  N0           2.93438e+06     fixed    
   2  tau          6.44064e+01   constant   
   3  A0           3.50364e-01     fixed    
   4  phi          4.11590e+00     fixed    
   5  R           -6.14263e+01   constant   
   6  A_CBO        5.50406e-05   6.58597e-04   5.48759e-06  -7.54570e-01
   7  w_CBO        2.31527e+00   1.88884e-02   4.56186e-06   1.03966e+00
   8  phi_CBO      3.31959e+00     fixed    
   9  ANx2         5.09258e-04   constant   
  10  pNx2         1.79030e-01   constant   
  11  ANy1         0.00000e+00   constant   
  12  pNy1         0.00000e+00   constant   
  13  w_y          0.00000e+00   constant   
  14  ANy2         4.90559e-04   5.96621e-04   5.44452e-06  -3.06487e-01
  15  pNy2         6.17155e+00   constant   
  16  w_vw         1.43200e+01   constant   
  17  LM          -8.21731e-05   constant   
  18  wCBO_expCoeff   2.00117e+02   1.89736e+00   5.66716e-04   6.94584e-03
  19  wCBO_expOffset   1.99996e+02   2.75209e-01   9.53657e-05   4.62471e-02
  20  wCBO_expT    3.00194e+01   5.30293e-02   1.96023e-05   2.07337e-01
  21  wCBO_linCoeff   0.00000e+00   constant   
  22  wCBO_const  -1.79391e-03   8.10560e-03   5.72245e-06   1.01907e+00
 EXTERNAL ERROR MATRIX.    NDIM=  25    NPAR=  7    ERR DEF=1
  4.338e-07  8.882e-07  3.146e-08  1.292e-04  1.702e-05 -1.180e-05 -1.185e-07 
  8.882e-07  3.568e-04  4.232e-08 -1.367e-02 -1.814e-03 -1.952e-04 -1.470e-04 
  3.146e-08  4.232e-08  3.560e-07  5.524e-06  8.434e-07 -5.598e-07  1.196e-08 
  1.292e-04 -1.367e-02  5.524e-06  3.600e+00 -2.475e-01 -2.967e-02  6.961e-03 
  1.702e-05 -1.814e-03  8.434e-07 -2.475e-01  7.574e-02 -3.883e-03  9.216e-04 
 -1.180e-05 -1.952e-04 -5.598e-07 -2.967e-02 -3.883e-03  2.812e-03 -2.058e-05 
 -1.185e-07 -1.470e-04  1.196e-08  6.961e-03  9.216e-04 -2.058e-05  6.570e-05 
 PARAMETER  CORRELATION COEFFICIENTS  
       NO.  GLOBAL      6      7     14     18     19     20     22
        6  0.41624   1.000  0.071  0.080  0.103  0.094 -0.338 -0.022
        7  0.99965   0.071  1.000  0.004 -0.381 -0.349 -0.195 -0.960
       14  0.09205   0.080  0.004  1.000  0.005  0.005 -0.018  0.002
       18  0.99947   0.103 -0.381  0.005  1.000 -0.474 -0.295  0.453
       19  0.99943   0.094 -0.349  0.005 -0.474  1.000 -0.266  0.413
       20  0.99919  -0.338 -0.195 -0.018 -0.295 -0.266  1.000 -0.048
       22  0.99703  -0.022 -0.960  0.002  0.453  0.413 -0.048  1.000
MINUIT - FIT ONLY 2-CBO
 **********
 **   43 **RES 
 **********
                   PARAMETER    8  phi_CBO RESTORED TO VARIABLE.
                   PARAMETER    4  phi RESTORED TO VARIABLE.
                   PARAMETER    3  A0 RESTORED TO VARIABLE.
                   PARAMETER    1  N0 RESTORED TO VARIABLE.
 **********
 **   44 **FIX            0
 **********
 PARAMETER    0  IS UNDEFINED. IGNORED.
 **********
 **   45 **FIX            1
 **********
 **********
 **   46 **FIX            2
 **********
 PARAMETER    2  IS CONSTANT.   IGNORED.
 **********
 **   47 **FIX            3
 **********
 **********
 **   48 **FIX            4
 **********
 **********
 **   49 **FIX            5
 **********
 PARAMETER    5  IS CONSTANT.   IGNORED.
 **********
 **   50 **FIX            6
 **********
 **********
 **   51 **FIX            7
 **********
 **********
 **   52 **FIX           10
 **********
 PARAMETER   10  IS CONSTANT.   IGNORED.
 **********
 **   53 **FIX           11
 **********
 PARAMETER   11  IS CONSTANT.   IGNORED.
 **********
 **   54 **FIX           12
 **********
 PARAMETER   12  IS CONSTANT.   IGNORED.
 **********
 **   55 **FIX           13
 **********
 PARAMETER   13  IS CONSTANT.   IGNORED.
 **********
 **   56 **FIX           14
 **********
 **********
 **   57 **FIX           15
 **********
 PARAMETER   15  IS CONSTANT.   IGNORED.
 **********
 **   58 **FIX           16
 **********
 PARAMETER   16  IS CONSTANT.   IGNORED.
 **********
 **   59 **MIGRAD
 **********
 START MIGRAD MINIMIZATION.  STRATEGY  1.  CONVERGENCE WHEN EDM .LT. 1.00e-04
 FCN=351.27 FROM MIGRAD    STATUS=INITIATE       12 CALLS         813 TOTAL
                     EDM= unknown      STRATEGY= 1      NO ERROR MATRIX       
  EXT PARAMETER               CURRENT GUESS       STEP         FIRST   
  NO.   NAME      VALUE            ERROR          SIZE      DERIVATIVE 
   1  N0           2.93438e+06     fixed    
   2  tau          6.44064e+01   constant   
   3  A0           3.50364e-01     fixed    
   4  phi          4.11590e+00     fixed    
   5  R           -6.14263e+01   constant   
   6  A_CBO        5.50406e-05     fixed    
   7  w_CBO        2.31527e+00     fixed    
   8  phi_CBO      3.31959e+00   8.68042e-01   8.68042e-01  -3.21476e-02
   9  ANx2         5.09258e-04   constant   
  10  pNx2         1.79030e-01   constant   
  11  ANy1         0.00000e+00   constant   
  12  pNy1         0.00000e+00   constant   
  13  w_y          0.00000e+00   constant   
  14  ANy2         4.90559e-04     fixed    
  15  pNy2         6.17155e+00   constant   
  16  w_vw         1.43200e+01   constant   
  17  LM          -8.21731e-05   constant   
  18  wCBO_expCoeff   2.00117e+02   1.89736e+00   5.66716e-04   6.91621e-03
  19  wCBO_expOffset   1.99996e+02   2.75209e-01   9.53657e-05   4.60558e-02
  20  wCBO_expT    3.00194e+01   5.30293e-02   1.96023e-05   2.06468e-01
  21  wCBO_linCoeff   0.00000e+00   constant   
  22  wCBO_const  -1.79391e-03   8.10560e-03   5.72245e-06   1.02075e+00
 MIGRAD MINIMIZATION HAS CONVERGED.
 MIGRAD WILL VERIFY CONVERGENCE AND ERROR MATRIX.
 COVARIANCE MATRIX CALCULATED SUCCESSFULLY
 FCN=351.251 FROM HESSE     STATUS=OK             31 CALLS         894 TOTAL
                     EDM=0.000424017    STRATEGY= 1      ERROR MATRIX ACCURATE 
  EXT PARAMETER                                   STEP         FIRST   
  NO.   NAME      VALUE            ERROR          SIZE      DERIVATIVE 
   1  N0           2.93438e+06     fixed    
   2  tau          6.44064e+01   constant   
   3  A0           3.50364e-01     fixed    
   4  phi          4.11590e+00     fixed    
   5  R           -6.14263e+01   constant   
   6  A_CBO        5.50406e-05     fixed    
   7  w_CBO        2.31527e+00     fixed    
   8  phi_CBO      4.42607e+00   7.77604e+00   6.83055e-02   2.17700e-05
   9  ANx2         5.09258e-04   constant   
  10  pNx2         1.79030e-01   constant   
  11  ANy1         0.00000e+00   constant   
  12  pNy1         0.00000e+00   constant   
  13  w_y          0.00000e+00   constant   
  14  ANy2         4.90559e-04     fixed    
  15  pNy2         6.17155e+00   constant   
  16  w_vw         1.43200e+01   constant   
  17  LM          -8.21731e-05   constant   
  18  wCBO_expCoeff   2.00116e+02   1.92923e+00   5.68091e-04   7.91244e-03
  19  wCBO_expOffset   1.99996e+02   2.84405e-01   9.53656e-05   5.27031e-02
  20  wCBO_expT    3.00194e+01   5.33091e-02   1.96278e-05  -5.54423e-01
  21  wCBO_linCoeff   0.00000e+00   constant   
  22  wCBO_const  -1.77083e-03   2.35060e-03   5.68496e-06   4.12627e-01
 MIGRAD MINIMIZATION HAS CONVERGED.
 FCN=351.25 FROM MIGRAD    STATUS=CONVERGED     105 CALLS         906 TOTAL
                     EDM=1.35035e-06    STRATEGY= 1  ERROR MATRIX UNCERTAINTY   2.5 per cent
  EXT PARAMETER                                   STEP         FIRST   
  NO.   NAME      VALUE            ERROR          SIZE      DERIVATIVE 
   1  N0           2.93438e+06     fixed    
   2  tau          6.44064e+01   constant   
   3  A0           3.50364e-01     fixed    
   4  phi          4.11590e+00     fixed    
   5  R           -6.14263e+01   constant   
   6  A_CBO        5.50406e-05     fixed    
   7  w_CBO        2.31527e+00     fixed    
   8  phi_CBO      4.50438e+00   8.05511e+00   7.83124e-02  -9.33953e-05
   9  ANx2         5.09258e-04   constant   
  10  pNx2         1.79030e-01   constant   
  11  ANy1         0.00000e+00   constant   
  12  pNy1         0.00000e+00   constant   
  13  w_y          0.00000e+00   constant   
  14  ANy2         4.90559e-04     fixed    
  15  pNy2         6.17155e+00   constant   
  16  w_vw         1.43200e+01   constant   
  17  LM          -8.21731e-05   constant   
  18  wCBO_expCoeff   2.00082e+02   2.10701e+00  -3.33668e-02  -3.87525e-03
  19  wCBO_expOffset   1.99992e+02   3.05184e-01  -4.36241e-03  -2.58566e-02
  20  wCBO_expT    3.00218e+01   8.15870e-02   2.43322e-03  -1.48991e-01
  21  wCBO_linCoeff   0.00000e+00   constant   
  22  wCBO_const  -1.86457e-03   3.34340e-03  -9.37456e-05  -2.91507e-01
 EXTERNAL ERROR MATRIX.    NDIM=  25    NPAR=  5    ERR DEF=1
  6.488e+01 -3.125e+00 -4.087e-01  2.225e-01 -7.047e-03 
 -3.125e+00  4.439e+00 -3.139e-01 -9.123e-02  3.462e-03 
 -4.087e-01 -3.139e-01  9.314e-02 -1.193e-02  4.526e-04 
  2.225e-01 -9.123e-02 -1.193e-02  6.656e-03 -2.567e-04 
 -7.047e-03  3.462e-03  4.526e-04 -2.567e-04  1.118e-05 
 PARAMETER  CORRELATION COEFFICIENTS  
       NO.  GLOBAL      8     18     19     20     22
        8  0.37913   1.000 -0.184 -0.166  0.339 -0.262
       18  0.99957  -0.184  1.000 -0.488 -0.531  0.491
       19  0.99954  -0.166 -0.488  1.000 -0.479  0.444
       20  0.99966   0.339 -0.531 -0.479  1.000 -0.941
       22  0.98264  -0.262  0.491  0.444 -0.941  1.000
MINUIT - FIT ONLY 1-y
 **********
 **   60 **RES 
 **********
                   PARAMETER   14  ANy2 RESTORED TO VARIABLE.
                   PARAMETER    7  w_CBO RESTORED TO VARIABLE.
                   PARAMETER    6  A_CBO RESTORED TO VARIABLE.
                   PARAMETER    4  phi RESTORED TO VARIABLE.
                   PARAMETER    3  A0 RESTORED TO VARIABLE.
                   PARAMETER    1  N0 RESTORED TO VARIABLE.
 **********
 **   61 **FIX            0
 **********
 PARAMETER    0  IS UNDEFINED. IGNORED.
 **********
 **   62 **FIX            1
 **********
 **********
 **   63 **FIX            2
 **********
 PARAMETER    2  IS CONSTANT.   IGNORED.
 **********
 **   64 **FIX            3
 **********
 **********
 **   65 **FIX            4
 **********
 **********
 **   66 **FIX            5
 **********
 PARAMETER    5  IS CONSTANT.   IGNORED.
 **********
 **   67 **FIX            6
 **********
 **********
 **   68 **FIX            7
 **********
 **********
 **   69 **FIX            8
 **********
 **********
 **   70 **FIX            9
 **********
 PARAMETER    9  IS CONSTANT.   IGNORED.
 **********
 **   71 **FIX           13
 **********
 PARAMETER   13  IS CONSTANT.   IGNORED.
 **********
 **   72 **FIX           14
 **********
 **********
 **   73 **FIX           15
 **********
 PARAMETER   15  IS CONSTANT.   IGNORED.
 **********
 **   74 **FIX           16
 **********
 PARAMETER   16  IS CONSTANT.   IGNORED.
 **********
 **   75 **MIGRAD
 **********
 START MIGRAD MINIMIZATION.  STRATEGY  1.  CONVERGENCE WHEN EDM .LT. 1.00e-04
 FCN=351.25 FROM MIGRAD    STATUS=INITIATE        8 CALLS         914 TOTAL
                     EDM= unknown      STRATEGY= 1      NO ERROR MATRIX       
  EXT PARAMETER               CURRENT GUESS       STEP         FIRST   
  NO.   NAME      VALUE            ERROR          SIZE      DERIVATIVE 
   1  N0           2.93438e+06     fixed    
   2  tau          6.44064e+01   constant   
   3  A0           3.50364e-01     fixed    
   4  phi          4.11590e+00     fixed    
   5  R           -6.14263e+01   constant   
   6  A_CBO        5.50406e-05     fixed    
   7  w_CBO        2.31527e+00     fixed    
   8  phi_CBO      4.50438e+00     fixed    
   9  ANx2         5.09258e-04   constant   
  10  pNx2         1.79030e-01   constant   
  11  ANy1         0.00000e+00   constant   
  12  pNy1         0.00000e+00   constant   
  13  w_y          0.00000e+00   constant   
  14  ANy2         4.90559e-04     fixed    
  15  pNy2         6.17155e+00   constant   
  16  w_vw         1.43200e+01   constant   
  17  LM          -8.21731e-05   constant   
  18  wCBO_expCoeff   2.00082e+02   2.10701e+00  -3.33668e-02  -3.87533e-03
  19  wCBO_expOffset   1.99992e+02   3.05184e-01  -4.36241e-03  -2.58566e-02
  20  wCBO_expT    3.00218e+01   8.15870e-02   2.43322e-03  -1.48994e-01
  21  wCBO_linCoeff   0.00000e+00   constant   
  22  wCBO_const  -1.86457e-03   3.34340e-03  -9.37456e-05  -2.91508e-01
 MIGRAD MINIMIZATION HAS CONVERGED.
 MIGRAD WILL VERIFY CONVERGENCE AND ERROR MATRIX.
 COVARIANCE MATRIX CALCULATED SUCCESSFULLY
 FCN=351.25 FROM MIGRAD    STATUS=CONVERGED      45 CALLS         951 TOTAL
                     EDM=2.22125e-06    STRATEGY= 1      ERROR MATRIX ACCURATE 
  EXT PARAMETER                                   STEP         FIRST   
  NO.   NAME      VALUE            ERROR          SIZE      DERIVATIVE 
   1  N0           2.93438e+06     fixed    
   2  tau          6.44064e+01   constant   
   3  A0           3.50364e-01     fixed    
   4  phi          4.11590e+00     fixed    
   5  R           -6.14263e+01   constant   
   6  A_CBO        5.50406e-05     fixed    
   7  w_CBO        2.31527e+00     fixed    
   8  phi_CBO      4.50438e+00     fixed    
   9  ANx2         5.09258e-04   constant   
  10  pNx2         1.79030e-01   constant   
  11  ANy1         0.00000e+00   constant   
  12  pNy1         0.00000e+00   constant   
  13  w_y          0.00000e+00   constant   
  14  ANy2         4.90559e-04     fixed    
  15  pNy2         6.17155e+00   constant   
  16  w_vw         1.43200e+01   constant   
  17  LM          -8.21731e-05   constant   
  18  wCBO_expCoeff   2.00082e+02   2.07609e+00   5.69192e-04   3.13605e-04
  19  wCBO_expOffset   1.99992e+02   3.06505e-01   9.53635e-05   2.08872e-03
  20  wCBO_expT    3.00218e+01   5.51050e-02   1.96704e-05  -2.68653e-02
  21  wCBO_linCoeff   0.00000e+00   constant   
  22  wCBO_const  -1.86456e-03   2.46008e-03   5.68242e-06   8.44017e-02
 EXTERNAL ERROR MATRIX.    NDIM=  25    NPAR=  4    ERR DEF=1
  4.310e+00 -4.871e-01 -4.143e-02  1.596e-03 
 -4.871e-01  9.395e-02 -5.412e-03  2.084e-04 
 -4.143e-02 -5.412e-03  3.037e-03 -1.210e-04 
  1.596e-03  2.084e-04 -1.210e-04  6.052e-06 
 PARAMETER  CORRELATION COEFFICIENTS  
       NO.  GLOBAL     18     19     20     22
       18  0.99955   1.000 -0.765 -0.362  0.313
       19  0.99954  -0.765  1.000 -0.320  0.276
       20  0.99924  -0.362 -0.320  1.000 -0.892
       22  0.96771   0.313  0.276 -0.892  1.000
MINUIT - FIT ONLY 2-y
 **********
 **   76 **RES 
 **********
                   PARAMETER   14  ANy2 RESTORED TO VARIABLE.
                   PARAMETER    8  phi_CBO RESTORED TO VARIABLE.
                   PARAMETER    7  w_CBO RESTORED TO VARIABLE.
                   PARAMETER    6  A_CBO RESTORED TO VARIABLE.
                   PARAMETER    4  phi RESTORED TO VARIABLE.
                   PARAMETER    3  A0 RESTORED TO VARIABLE.
                   PARAMETER    1  N0 RESTORED TO VARIABLE.
 **********
 **   77 **FIX            0
 **********
 PARAMETER    0  IS UNDEFINED. IGNORED.
 **********
 **   78 **FIX            1
 **********
 **********
 **   79 **FIX            2
 **********
 PARAMETER    2  IS CONSTANT.   IGNORED.
 **********
 **   80 **FIX            3
 **********
 **********
 **   81 **FIX            4
 **********
 **********
 **   82 **FIX            5
 **********
 PARAMETER    5  IS CONSTANT.   IGNORED.
 **********
 **   83 **FIX            6
 **********
 **********
 **   84 **FIX            7
 **********
 **********
 **   85 **FIX            8
 **********
 **********
 **   86 **FIX            9
 **********
 PARAMETER    9  IS CONSTANT.   IGNORED.
 **********
 **   87 **FIX           10
 **********
 PARAMETER   10  IS CONSTANT.   IGNORED.
 **********
 **   88 **FIX           11
 **********
 PARAMETER   11  IS CONSTANT.   IGNORED.
 **********
 **   89 **FIX           12
 **********
 PARAMETER   12  IS CONSTANT.   IGNORED.
 **********
 **   90 **FIX           16
 **********
 PARAMETER   16  IS CONSTANT.   IGNORED.
 **********
 **   91 **MIGRAD
 **********
 START MIGRAD MINIMIZATION.  STRATEGY  1.  CONVERGENCE WHEN EDM .LT. 1.00e-04
 FCN=351.25 FROM MIGRAD    STATUS=INITIATE       10 CALLS         961 TOTAL
                     EDM= unknown      STRATEGY= 1      NO ERROR MATRIX       
  EXT PARAMETER               CURRENT GUESS       STEP         FIRST   
  NO.   NAME      VALUE            ERROR          SIZE      DERIVATIVE 
   1  N0           2.93438e+06     fixed    
   2  tau          6.44064e+01   constant   
   3  A0           3.50364e-01     fixed    
   4  phi          4.11590e+00     fixed    
   5  R           -6.14263e+01   constant   
   6  A_CBO        5.50406e-05     fixed    
   7  w_CBO        2.31527e+00     fixed    
   8  phi_CBO      4.50438e+00     fixed    
   9  ANx2         5.09258e-04   constant   
  10  pNx2         1.79030e-01   constant   
  11  ANy1         0.00000e+00   constant   
  12  pNy1         0.00000e+00   constant   
  13  w_y          0.00000e+00   constant   
  14  ANy2         4.90559e-04   5.96621e-04   5.96621e-04   2.36423e+01
  15  pNy2         6.17155e+00   constant   
  16  w_vw         1.43200e+01   constant   
  17  LM          -8.21731e-05   constant   
  18  wCBO_expCoeff   2.00082e+02   2.07609e+00   5.69192e-04   3.10453e-04
  19  wCBO_expOffset   1.99992e+02   3.06505e-01   9.53635e-05   1.92767e-03
  20  wCBO_expT    3.00218e+01   5.51050e-02   1.96704e-05  -2.75080e-02
  21  wCBO_linCoeff   0.00000e+00   constant   
  22  wCBO_const  -1.86456e-03   2.46008e-03   5.68242e-06   8.56996e-02
 MIGRAD MINIMIZATION HAS CONVERGED.
 MIGRAD WILL VERIFY CONVERGENCE AND ERROR MATRIX.
 COVARIANCE MATRIX CALCULATED SUCCESSFULLY
 FCN=351.25 FROM MIGRAD    STATUS=CONVERGED      52 CALLS        1003 TOTAL
                     EDM=2.07379e-06    STRATEGY= 1      ERROR MATRIX ACCURATE 
  EXT PARAMETER                                   STEP         FIRST   
  NO.   NAME      VALUE            ERROR          SIZE      DERIVATIVE 
   1  N0           2.93438e+06     fixed    
   2  tau          6.44064e+01   constant   
   3  A0           3.50364e-01     fixed    
   4  phi          4.11590e+00     fixed    
   5  R           -6.14263e+01   constant   
   6  A_CBO        5.50406e-05     fixed    
   7  w_CBO        2.31527e+00     fixed    
   8  phi_CBO      4.50438e+00     fixed    
   9  ANx2         5.09258e-04   constant   
  10  pNx2         1.79030e-01   constant   
  11  ANy1         0.00000e+00   constant   
  12  pNy1         0.00000e+00   constant   
  13  w_y          0.00000e+00   constant   
  14  ANy2         4.86387e-04   5.94770e-04   5.44435e-06   2.57379e-03
  15  pNy2         6.17155e+00   constant   
  16  w_vw         1.43200e+01   constant   
  17  LM          -8.21731e-05   constant   
  18  wCBO_expCoeff   2.00082e+02   2.07290e+00   5.69191e-04   7.10184e-03
  19  wCBO_expOffset   1.99992e+02   3.06026e-01   9.53635e-05   4.72952e-02
  20  wCBO_expT    3.00218e+01   5.50586e-02   1.96705e-05   1.88215e-01
  21  wCBO_linCoeff   0.00000e+00   constant   
  22  wCBO_const  -1.86457e-03   2.45849e-03   5.68243e-06   1.05202e+00
 EXTERNAL ERROR MATRIX.    NDIM=  25    NPAR=  5    ERR DEF=1
  3.538e-07 -6.660e-06 -7.034e-07  4.186e-07  5.474e-09 
 -6.660e-06  4.297e+00 -4.854e-01 -4.136e-02  1.593e-03 
 -7.034e-07 -4.854e-01  9.365e-02 -5.403e-03  2.081e-04 
  4.186e-07 -4.136e-02 -5.403e-03  3.031e-03 -1.208e-04 
  5.474e-09  1.593e-03  2.081e-04 -1.208e-04  6.044e-06 
 PARAMETER  CORRELATION COEFFICIENTS  
       NO.  GLOBAL     14     18     19     20     22
       14  0.04791   1.000 -0.005 -0.004  0.013  0.004
       18  0.99955  -0.005  1.000 -0.765 -0.362  0.313
       19  0.99954  -0.004 -0.765  1.000 -0.321  0.277
       20  0.99924   0.013 -0.362 -0.321  1.000 -0.892
       22  0.96767   0.004  0.313  0.277 -0.892  1.000
MINUIT - FIT ALTOGETHER
 **********
 **   92 **RES 
 **********
                   PARAMETER    8  phi_CBO RESTORED TO VARIABLE.
                   PARAMETER    7  w_CBO RESTORED TO VARIABLE.
                   PARAMETER    6  A_CBO RESTORED TO VARIABLE.
                   PARAMETER    4  phi RESTORED TO VARIABLE.
                   PARAMETER    3  A0 RESTORED TO VARIABLE.
                   PARAMETER    1  N0 RESTORED TO VARIABLE.
 **********
 **   93 **MIGRAD
 **********
