 + ++++++++++++++++++++++++++++++++++++++++++++++++++++++++++++++++++++ +
 +                                                                      +
 +           You have chose to blind your fitting according to          +
 +                omega_ref * (1 + (R +/- deltaR) *10^{-6})             +
 +                                                                      +
 + ++++++++++++++++++++++++++++++++++++++++++++++++++++++++++++++++++++ +
In main()...
reading format from /gm2data/zkhechad/run45/envelope/formats/formatB_sBin_constraintOn.txt
pBinTau 	= 0  
pBinPhi 	= 0  
constraintau 	= 1 
includeMopTerm 	= 0    
constrainMop    = 0   
Parameters after format file: pBinTau 0 pBinPhi 0 constraintau 1 includeMopTerm 0 constrainMop 0 c_e_scale 0.000000 
reading cbo reference file (full fit) from /gm2data/zkhechad/cboTemplates/Run4CBOTemplates/fullFits/run4/sBin_constraintOn_cE0.0_seed0_run4_calo18.root
A_CBO 0.008791 w_CBO 2.327338 phi_CBO 0.630678 N0 3499835.498759 R -60.917989 tau 64.411905 
Reading cboRef file /gm2data/zkhechad/cboTemplates/Run4CBOTemplates//cboIsolate/run4_calo18.root
deltaT 30.855891
windowBins = 200
fitting sliding window 720 from bin 923 at 137.711600 to bin 1123 at 167.551600 (200 bins)

Reading data from /gm2data/cornell/histograms/aMethod/histogram_a_run4.root
fitting cbo isolate
 **********
 **    1 **SET PRINTOUT            1
 **********
 **********
 **    2 **SET NOWARNINGS 
 **********
 PARAMETER DEFINITIONS:
    NO.   NAME         VALUE      STEP SIZE      LIMITS
     1 A_CBO        8.79094e-03  1.00000e-05     no limits
     2 w_CBO        2.32734e+00  1.00000e-02    2.00000e+00  3.00000e+00
     3 phi_CBO      6.30678e-01  1.00000e-02    0.00000e+00  6.28319e+00
 **********
 **    3 **MIGRAD
 **********
 FIRST CALL TO USER FUNCTION AT NEW START POINT, WITH IFLAG=4.
 START MIGRAD MINIMIZATION.  STRATEGY  1.  CONVERGENCE WHEN EDM .LT. 1.00e-04
 FCN=0.00211478 FROM MIGRAD    STATUS=INITIATE       12 CALLS          13 TOTAL
                     EDM= unknown      STRATEGY= 1      NO ERROR MATRIX       
  EXT PARAMETER               CURRENT GUESS       STEP         FIRST   
  NO.   NAME      VALUE            ERROR          SIZE      DERIVATIVE 
   1  A_CBO        8.79094e-03   1.00000e-05   1.00000e-05   8.45974e-01
   2  w_CBO        2.32734e+00   1.00000e-02   2.13132e-02  -2.90978e-02
   3  phi_CBO      6.30678e-01   1.00000e-02   5.29649e-03   8.18575e-04
 MIGRAD MINIMIZATION HAS CONVERGED.
 MIGRAD WILL VERIFY CONVERGENCE AND ERROR MATRIX.
 FCN=0.000320109 FROM MIGRAD    STATUS=CONVERGED      48 CALLS          49 TOTAL
                     EDM=1.22842e-05    STRATEGY= 1      ERR MATRIX NOT POS-DEF
  EXT PARAMETER                APPROXIMATE        STEP         FIRST   
  NO.   NAME      VALUE            ERROR          SIZE      DERIVATIVE 
   1  A_CBO        4.55514e-03   1.02307e-01   4.87957e-05  -2.97923e-03
   2  w_CBO        2.32751e+00   8.08823e-01   1.49261e-04   8.63809e-04
   3  phi_CBO      5.99410e-01   4.13556e+00   5.98877e-03   3.76118e-06
 EXTERNAL ERROR MATRIX.    NDIM=  25    NPAR=  3    ERR DEF=1
  1.047e-02 -5.187e-02 -7.912e+00 
 -5.187e-02  5.144e+00  7.844e+02 
 -7.912e+00  7.844e+02  1.201e+05 
ERR MATRIX NOT POS-DEF
 PARAMETER  CORRELATION COEFFICIENTS  
       NO.  GLOBAL      1      2      3
        1  0.22356   1.000 -0.224 -0.223
        2  0.99801  -0.224  1.000  0.998
        3  0.99801  -0.223  0.998  1.000
 ERR MATRIX NOT POS-DEF
setting A_CBO=0.004555 w_CBO=2.327512, phi_CBO=0.599410
done fitting cbo isolate
 **********
 **    1 **SET PRINTOUT            1
 **********
 **********
 **    2 **SET NOWARNINGS 
 **********
 PARAMETER DEFINITIONS:
    NO.   NAME         VALUE      STEP SIZE      LIMITS
     1 N0           3.49984e+06  1.00000e+02     no limits
     2 tau          6.44119e+01  constant
     3 A0           3.53539e-01  1.00000e-04     no limits
     4 phi          4.12187e+00  1.00000e-02     no limits
     5 R           -6.09180e+01  constant
     6 A_CBO        4.55514e-03  1.00000e-05     no limits
     7 w_CBO        2.32751e+00  1.00000e-03     no limits
     8 phi_CBO      5.99410e-01  1.00000e-04     no limits
     9 ANx2         2.22853e-04  constant
    10 pNx2         5.08518e+00  constant
    11 ANy1         0.00000e+00  constant
    12 pNy1         0.00000e+00  constant
    13 w_y          0.00000e+00  constant
    14 ANy2         9.04789e-03  1.00000e-04     no limits
    15 pNy2         3.29982e+00  constant
    16 w_vw         1.43191e+01  constant
    17 LM           2.21951e-04  constant
    18 wCBO_expCoeff   2.00000e+02  1.00000e+00     no limits
    19 wCBO_expOffset   2.00000e+02  1.00000e+00     no limits
    20 wCBO_expT    3.00000e+01  1.00000e+00     no limits
    21 wCBO_linCoeff   0.00000e+00  constant
    22 wCBO_const   0.00000e+00  1.00000e-02     no limits
MINUIT - FIT ONLY WIGGLE
 **********
 **    3 **FIX            5
 **********
 PARAMETER    5  IS CONSTANT.   IGNORED.
 **********
 **    4 **FIX            6
 **********
 **********
 **    5 **FIX            7
 **********
 **********
 **    6 **FIX            8
 **********
 **********
 **    7 **FIX            9
 **********
 PARAMETER    9  IS CONSTANT.   IGNORED.
 **********
 **    8 **FIX           10
 **********
 PARAMETER   10  IS CONSTANT.   IGNORED.
 **********
 **    9 **FIX           11
 **********
 PARAMETER   11  IS CONSTANT.   IGNORED.
 **********
 **   10 **FIX           12
 **********
 PARAMETER   12  IS CONSTANT.   IGNORED.
 **********
 **   11 **FIX           13
 **********
 PARAMETER   13  IS CONSTANT.   IGNORED.
 **********
 **   12 **FIX           14
 **********
 **********
 **   13 **FIX           15
 **********
 PARAMETER   15  IS CONSTANT.   IGNORED.
 **********
 **   14 **FIX           16
 **********
 PARAMETER   16  IS CONSTANT.   IGNORED.
 **********
 **   15 **MIGRAD
 **********
 FIRST CALL TO USER FUNCTION AT NEW START POINT, WITH IFLAG=4.
 START MIGRAD MINIMIZATION.  STRATEGY  1.  CONVERGENCE WHEN EDM .LT. 1.00e-04
 FCN=2792.45 FROM MIGRAD    STATUS=INITIATE       36 CALLS          37 TOTAL
                     EDM= unknown      STRATEGY= 1      NO ERROR MATRIX       
  EXT PARAMETER               CURRENT GUESS       STEP         FIRST   
  NO.   NAME      VALUE            ERROR          SIZE      DERIVATIVE 
   1  N0           3.49984e+06   1.00000e+02   1.00000e+02   3.58616e-03
   2  tau          6.44119e+01   constant   
   3  A0           3.53539e-01   1.00000e-04   1.00000e-04   1.59513e+04
   4  phi          4.12187e+00   1.00000e-02   1.00000e-02  -5.70248e+03
   5  R           -6.09180e+01   constant   
   6  A_CBO        4.55514e-03     fixed    
   7  w_CBO        2.32751e+00     fixed    
   8  phi_CBO      5.99410e-01     fixed    
   9  ANx2         2.22853e-04   constant   
  10  pNx2         5.08518e+00   constant   
  11  ANy1         0.00000e+00   constant   
  12  pNy1         0.00000e+00   constant   
  13  w_y          0.00000e+00   constant   
  14  ANy2         9.04789e-03     fixed    
  15  pNy2         3.29982e+00   constant   
  16  w_vw         1.43191e+01   constant   
  17  LM           2.21951e-04   constant   
  18  wCBO_expCoeff   2.00000e+02   1.00000e+00   1.00000e+00   4.07831e+04
  19  wCBO_expOffset   2.00000e+02   1.00000e+00   1.00000e+00  -5.10581e+04
  20  wCBO_expT    3.00000e+01   1.00000e+00   1.00000e+00  -2.10957e+05
  21  wCBO_linCoeff   0.00000e+00   constant   
  22  wCBO_const   0.00000e+00   1.00000e-02   1.00000e-02   2.68893e+03
 MIGRAD FAILS TO FIND IMPROVEMENT
 FCN=2780.74 FROM HESSE     STATUS=NOT POSDEF     56 CALLS         152 TOTAL
                     EDM=538.894    STRATEGY= 1      ERR MATRIX NOT POS-DEF
  EXT PARAMETER                APPROXIMATE        STEP         FIRST   
  NO.   NAME      VALUE            ERROR          SIZE      DERIVATIVE 
   1  N0           3.49959e+06   4.47692e+02   1.30319e+01   8.22270e-05
   2  tau          6.44119e+01   constant   
   3  A0           3.53377e-01   3.82888e-04   4.95763e-06   9.31294e+03
   4  phi          4.12239e+00   7.46892e-04   1.48401e-05  -2.48203e+03
   5  R           -6.09180e+01   constant   
   6  A_CBO        4.55514e-03     fixed    
   7  w_CBO        2.32751e+00     fixed    
   8  phi_CBO      5.99410e-01     fixed    
   9  ANx2         2.22853e-04   constant   
  10  pNx2         5.08518e+00   constant   
  11  ANy1         0.00000e+00   constant   
  12  pNy1         0.00000e+00   constant   
  13  w_y          0.00000e+00   constant   
  14  ANy2         9.04789e-03     fixed    
  15  pNy2         3.29982e+00   constant   
  16  w_vw         1.43191e+01   constant   
  17  LM           2.21951e-04   constant   
  18  wCBO_expCoeff   2.00000e+02   3.19934e-04   9.53674e-05   1.77190e+04
  19  wCBO_expOffset   2.00000e+02   1.53487e-05   9.53674e-05  -2.63170e+05
  20  wCBO_expT    3.00000e+01   5.03544e-05   1.43051e-05  -6.74294e+05
  21  wCBO_linCoeff   0.00000e+00   constant   
  22  wCBO_const  -5.94588e-05   2.41969e-03   7.37845e-06  -7.93097e+03
 MIGRAD FAILS TO FIND IMPROVEMENT
 MIGRAD TERMINATED WITHOUT CONVERGENCE.
 FCN=2664.65 FROM MIGRAD    STATUS=FAILED       1112 CALLS        1113 TOTAL
                     EDM=46.4541    STRATEGY= 1      ERR MATRIX NOT POS-DEF
  EXT PARAMETER                APPROXIMATE        STEP         FIRST   
  NO.   NAME      VALUE            ERROR          SIZE      DERIVATIVE 
   1  N0           3.50060e+06   4.86730e+02   0.00000e+00  -9.00203e-04
   2  tau          6.44119e+01   constant   
   3  A0           3.53791e-01   1.76304e-04   0.00000e+00  -3.25910e+03
   4  phi          4.12056e+00   6.64725e-04  -0.00000e+00   1.66412e+03
   5  R           -6.09180e+01   constant   
   6  A_CBO        4.55514e-03     fixed    
   7  w_CBO        2.32751e+00     fixed    
   8  phi_CBO      5.99410e-01     fixed    
   9  ANx2         2.22853e-04   constant   
  10  pNx2         5.08518e+00   constant   
  11  ANy1         0.00000e+00   constant   
  12  pNy1         0.00000e+00   constant   
  13  w_y          0.00000e+00   constant   
  14  ANy2         9.04789e-03     fixed    
  15  pNy2         3.29982e+00   constant   
  16  w_vw         1.43191e+01   constant   
  17  LM           2.21951e-04   constant   
  18  wCBO_expCoeff   2.00001e+02   8.33023e-05   0.00000e+00  -2.64585e+04
  19  wCBO_expOffset   2.00000e+02   3.99150e-05  -0.00000e+00   1.67460e+05
  20  wCBO_expT    3.00002e+01   1.11862e-05  -0.00000e+00   3.08061e+05
  21  wCBO_linCoeff   0.00000e+00   constant   
  22  wCBO_const   8.08727e-03   1.01915e-03   0.00000e+00  -4.29262e+03
 EXTERNAL ERROR MATRIX.    NDIM=  25    NPAR=  7    ERR DEF=1
  2.369e+05  1.425e-02 -1.019e-01  1.055e-02 -1.001e-02 -4.734e-04  2.285e-01 
  1.425e-02  3.108e-08 -3.104e-08  3.781e-09 -3.186e-09 -2.903e-10  6.813e-08 
 -1.019e-01 -3.104e-08  4.419e-07 -2.156e-08  2.241e-08  2.776e-09 -4.569e-07 
  1.055e-02  3.781e-09 -2.156e-08  6.939e-09 -1.597e-09  5.047e-10  4.935e-08 
 -1.001e-02 -3.186e-09  2.241e-08 -1.597e-09  1.593e-09  9.585e-11 -3.548e-08 
 -4.734e-04 -2.903e-10  2.776e-09  5.047e-10  9.585e-11  1.251e-10  2.462e-09 
  2.285e-01  6.813e-08 -4.569e-07  4.935e-08 -3.548e-08  2.462e-09  1.039e-06 
ERR MATRIX NOT POS-DEF
 PARAMETER  CORRELATION COEFFICIENTS  
       NO.  GLOBAL      1      3      4     18     19     20     22
        1  0.76459   1.000  0.166 -0.315  0.260 -0.515 -0.087  0.461
        3  0.86436   0.166  1.000 -0.265  0.257 -0.453 -0.147  0.379
        4  0.98390  -0.315 -0.265  1.000 -0.389  0.845  0.373 -0.674
       18  0.98806   0.260  0.257 -0.389  1.000 -0.480  0.542  0.581
       19  0.99592  -0.515 -0.453  0.845 -0.480  1.000  0.215 -0.872
       20  0.99564  -0.087 -0.147  0.373  0.542  0.215  1.000  0.216
       22  0.99682   0.461  0.379 -0.674  0.581 -0.872  0.216  1.000
 ERR MATRIX NOT POS-DEF
MINUIT - FIT ONLY 1-CBO + other amplitudes 
 **********
 **   16 **RES 
 **********
                   PARAMETER   14  ANy2 RESTORED TO VARIABLE.
                   PARAMETER    8  phi_CBO RESTORED TO VARIABLE.
                   PARAMETER    7  w_CBO RESTORED TO VARIABLE.
                   PARAMETER    6  A_CBO RESTORED TO VARIABLE.
 **********
 **   17 **FIX            0
 **********
 PARAMETER    0  IS UNDEFINED. IGNORED.
 **********
 **   18 **FIX            1
 **********
 **********
 **   19 **FIX            2
 **********
 PARAMETER    2  IS CONSTANT.   IGNORED.
 **********
 **   20 **FIX            3
 **********
 **********
 **   21 **FIX            4
 **********
 **********
 **   22 **FIX            9
 **********
 PARAMETER    9  IS CONSTANT.   IGNORED.
 **********
 **   23 **FIX           11
 **********
 PARAMETER   11  IS CONSTANT.   IGNORED.
 **********
 **   24 **FIX           12
 **********
 PARAMETER   12  IS CONSTANT.   IGNORED.
 **********
 **   25 **FIX           14
 **********
 **********
 **   26 **FIX           15
 **********
 PARAMETER   15  IS CONSTANT.   IGNORED.
 **********
 **   27 **FIX           16
 **********
 PARAMETER   16  IS CONSTANT.   IGNORED.
 **********
 **   28 **MIGRAD
 **********
 START MIGRAD MINIMIZATION.  STRATEGY  1.  CONVERGENCE WHEN EDM .LT. 1.00e-04
 FCN=2664.65 FROM MIGRAD    STATUS=INITIATE       22 CALLS        1135 TOTAL
                     EDM= unknown      STRATEGY= 1      NO ERROR MATRIX       
  EXT PARAMETER               CURRENT GUESS       STEP         FIRST   
  NO.   NAME      VALUE            ERROR          SIZE      DERIVATIVE 
   1  N0           3.50060e+06     fixed    
   2  tau          6.44119e+01   constant   
   3  A0           3.53791e-01     fixed    
   4  phi          4.12056e+00     fixed    
   5  R           -6.09180e+01   constant   
   6  A_CBO        4.55514e-03   1.00000e-05   1.00000e-05   1.49262e+05
   7  w_CBO        2.32751e+00   1.00000e-03   1.00000e-03  -2.27508e+06
   8  phi_CBO      5.99410e-01   1.00000e-04   1.00000e-04  -1.88384e+01
   9  ANx2         2.22853e-04   constant   
  10  pNx2         5.08518e+00   constant   
  11  ANy1         0.00000e+00   constant   
  12  pNy1         0.00000e+00   constant   
  13  w_y          0.00000e+00   constant   
  14  ANy2         9.04789e-03     fixed    
  15  pNy2         3.29982e+00   constant   
  16  w_vw         1.43191e+01   constant   
  17  LM           2.21951e-04   constant   
  18  wCBO_expCoeff   2.00001e+02   8.33023e-05   0.00000e+00  -2.64585e+04
  19  wCBO_expOffset   2.00000e+02   3.99150e-05  -0.00000e+00   1.67460e+05
  20  wCBO_expT    3.00002e+01   1.11862e-05  -0.00000e+00   3.08061e+05
  21  wCBO_linCoeff   0.00000e+00   constant   
  22  wCBO_const   8.08727e-03   1.01915e-03   0.00000e+00  -4.29262e+03
 CALL LIMIT EXCEEDED IN MIGRAD.
 MIGRAD TERMINATED WITHOUT CONVERGENCE.
 FCN=2407.68 FROM MIGRAD    STATUS=CALL LIMIT   1147 CALLS        2260 TOTAL
                     EDM=2.75534    STRATEGY= 1  ERROR MATRIX UNCERTAINTY   0.2 per cent
  EXT PARAMETER                APPROXIMATE        STEP         FIRST   
  NO.   NAME      VALUE            ERROR          SIZE      DERIVATIVE 
   1  N0           3.50060e+06     fixed    
   2  tau          6.44119e+01   constant   
   3  A0           3.53791e-01     fixed    
   4  phi          4.12056e+00     fixed    
   5  R           -6.09180e+01   constant   
   6  A_CBO        1.37911e-03   2.13779e-04   4.67249e-08   2.49789e+03
   7  w_CBO        2.32751e+00   1.27693e-06   7.01807e-10  -1.74082e+05
   8  phi_CBO      1.37729e+00   2.46165e-01  -1.40484e-04  -1.50940e+00
   9  ANx2         2.22853e-04   constant   
  10  pNx2         5.08518e+00   constant   
  11  ANy1         0.00000e+00   constant   
  12  pNy1         0.00000e+00   constant   
  13  w_y          0.00000e+00   constant   
  14  ANy2         9.04789e-03     fixed    
  15  pNy2         3.29982e+00   constant   
  16  w_vw         1.43191e+01   constant   
  17  LM           2.21951e-04   constant   
  18  wCBO_expCoeff   2.00001e+02   1.10022e-04   6.04872e-08  -2.02730e+03
  19  wCBO_expOffset   2.00000e+02   5.52504e-05  -3.26143e-08   5.51880e+04
  20  wCBO_expT    3.00002e+01   1.47795e-05  -8.55107e-09   2.90354e+04
  21  wCBO_linCoeff   0.00000e+00   constant   
  22  wCBO_const   9.14554e-03   4.25643e-04  -2.27941e-07   9.97256e+01
 EXTERNAL ERROR MATRIX.    NDIM=  25    NPAR=  7    ERR DEF=1
  4.570e-08  1.236e-10 -5.899e-06  1.065e-08 -5.438e-09 -1.342e-09 -1.872e-08 
  1.236e-10  1.631e-12 -2.653e-07  1.200e-10 -6.520e-11 -1.688e-11 -4.437e-10 
 -5.899e-06 -2.653e-07  6.060e-02 -2.287e-05  1.260e-05  3.237e-06  8.837e-05 
  1.065e-08  1.200e-10 -2.287e-05  1.210e-08 -5.620e-09 -1.455e-09 -3.824e-08 
 -5.438e-09 -6.520e-11  1.260e-05 -5.620e-09  3.053e-09  7.880e-10  2.032e-08 
 -1.342e-09 -1.688e-11  3.237e-06 -1.455e-09  7.880e-10  2.184e-10  5.337e-09 
 -1.872e-08 -4.437e-10  8.837e-05 -3.824e-08  2.032e-08  5.337e-09  1.812e-07 
ERR MATRIX APPROXIMATE
 PARAMETER  CORRELATION COEFFICIENTS  
       NO.  GLOBAL      6      7      8     18     19     20     22
        6  0.98047   1.000  0.453 -0.112  0.453 -0.460 -0.425 -0.206
        7  0.92693   0.453  1.000 -0.844  0.854 -0.924 -0.895 -0.816
        8  0.99592  -0.112 -0.844  1.000 -0.844  0.927  0.890  0.843
       18  0.92717   0.453  0.854 -0.844  1.000 -0.924 -0.895 -0.816
       19  0.99811  -0.460 -0.924  0.927 -0.924  1.000  0.965  0.864
       20  0.97190  -0.425 -0.895  0.890 -0.895  0.965  1.000  0.848
       22  0.93788  -0.206 -0.816  0.843 -0.816  0.864  0.848  1.000
 ERR MATRIX APPROXIMATE
MINUIT - FIT ONLY 1-CBO
 **********
 **   29 **RES 
 **********
                   PARAMETER   14  ANy2 RESTORED TO VARIABLE.
                   PARAMETER    4  phi RESTORED TO VARIABLE.
                   PARAMETER    3  A0 RESTORED TO VARIABLE.
                   PARAMETER    1  N0 RESTORED TO VARIABLE.
 **********
 **   30 **FIX            0
 **********
 PARAMETER    0  IS UNDEFINED. IGNORED.
 **********
 **   31 **FIX            1
 **********
 **********
 **   32 **FIX            2
 **********
 PARAMETER    2  IS CONSTANT.   IGNORED.
 **********
 **   33 **FIX            3
 **********
 **********
 **   34 **FIX            4
 **********
 **********
 **   35 **FIX            8
 **********
 **********
 **   36 **FIX            9
 **********
 PARAMETER    9  IS CONSTANT.   IGNORED.
 **********
 **   37 **FIX           11
 **********
 PARAMETER   11  IS CONSTANT.   IGNORED.
 **********
 **   38 **FIX           12
 **********
 PARAMETER   12  IS CONSTANT.   IGNORED.
 **********
 **   39 **FIX           13
 **********
 PARAMETER   13  IS CONSTANT.   IGNORED.
 **********
 **   40 **FIX           15
 **********
 PARAMETER   15  IS CONSTANT.   IGNORED.
 **********
 **   41 **FIX           16
 **********
 PARAMETER   16  IS CONSTANT.   IGNORED.
 **********
 **   42 **MIGRAD
 **********
 START MIGRAD MINIMIZATION.  STRATEGY  1.  CONVERGENCE WHEN EDM .LT. 1.00e-04
 FCN=2407.68 FROM MIGRAD    STATUS=INITIATE       16 CALLS        2276 TOTAL
                     EDM= unknown      STRATEGY= 1      NO ERROR MATRIX       
  EXT PARAMETER               CURRENT GUESS       STEP         FIRST   
  NO.   NAME      VALUE            ERROR          SIZE      DERIVATIVE 
   1  N0           3.50060e+06     fixed    
   2  tau          6.44119e+01   constant   
   3  A0           3.53791e-01     fixed    
   4  phi          4.12056e+00     fixed    
   5  R           -6.09180e+01   constant   
   6  A_CBO        1.37911e-03   2.13779e-04   4.67249e-08   2.49789e+03
   7  w_CBO        2.32751e+00   1.27693e-06   7.01807e-10  -1.74082e+05
   8  phi_CBO      1.37729e+00     fixed    
   9  ANx2         2.22853e-04   constant   
  10  pNx2         5.08518e+00   constant   
  11  ANy1         0.00000e+00   constant   
  12  pNy1         0.00000e+00   constant   
  13  w_y          0.00000e+00   constant   
  14  ANy2         9.04789e-03   1.00000e-04   1.00000e-04   4.13507e+05
  15  pNy2         3.29982e+00   constant   
  16  w_vw         1.43191e+01   constant   
  17  LM           2.21951e-04   constant   
  18  wCBO_expCoeff   2.00001e+02   1.10022e-04   6.04872e-08  -2.02730e+03
  19  wCBO_expOffset   2.00000e+02   5.52504e-05  -3.26143e-08   5.51880e+04
  20  wCBO_expT    3.00002e+01   1.47795e-05  -8.55107e-09   2.90354e+04
  21  wCBO_linCoeff   0.00000e+00   constant   
  22  wCBO_const   9.14554e-03   4.25643e-04  -2.27941e-07   9.97256e+01
 MIGRAD FAILS TO FIND IMPROVEMENT
 FCN=570.451 FROM HESSE     STATUS=NOT POSDEF     58 CALLS        2497 TOTAL
                     EDM=0.0248777    STRATEGY= 1      ERR MATRIX NOT POS-DEF
  EXT PARAMETER                APPROXIMATE        STEP         FIRST   
  NO.   NAME      VALUE            ERROR          SIZE      DERIVATIVE 
   1  N0           3.50060e+06     fixed    
   2  tau          6.44119e+01   constant   
   3  A0           3.53791e-01     fixed    
   4  phi          4.12056e+00     fixed    
   5  R           -6.09180e+01   constant   
   6  A_CBO        1.47926e-04   2.43909e-04   2.45727e-06  -8.62941e+01
   7  w_CBO        2.32752e+00   1.25565e-05   1.10985e-06   4.49152e+03
   8  phi_CBO      1.37729e+00     fixed    
   9  ANx2         2.22853e-04   constant   
  10  pNx2         5.08518e+00   constant   
  11  ANy1         0.00000e+00   constant   
  12  pNy1         0.00000e+00   constant   
  13  w_y          0.00000e+00   constant   
  14  ANy2         1.68027e-04   2.19832e-04   2.39466e-06   1.14105e+01
  15  pNy2         3.29982e+00   constant   
  16  w_vw         1.43191e+01   constant   
  17  LM           2.21951e-04   constant   
  18  wCBO_expCoeff   2.00001e+02   1.07983e-03   9.53679e-05   5.24239e+01
  19  wCBO_expOffset   2.00000e+02   1.76887e-04   9.53674e-05  -5.72433e+02
  20  wCBO_expT    3.00001e+01   1.33562e-04   1.43052e-05   1.48273e+03
  21  wCBO_linCoeff   0.00000e+00   constant   
  22  wCBO_const   8.62823e-03   4.06851e-03   8.98398e-06  -3.03452e+01
 MIGRAD FAILS TO FIND IMPROVEMENT
 MIGRAD TERMINATED WITHOUT CONVERGENCE.
 FCN=570.448 FROM MIGRAD    STATUS=FAILED        281 CALLS        2541 TOTAL
                     EDM=0.0271865    STRATEGY= 1      ERR MATRIX NOT POS-DEF
  EXT PARAMETER                APPROXIMATE        STEP         FIRST   
  NO.   NAME      VALUE            ERROR          SIZE      DERIVATIVE 
   1  N0           3.50060e+06     fixed    
   2  tau          6.44119e+01   constant   
   3  A0           3.53791e-01     fixed    
   4  phi          4.12056e+00     fixed    
   5  R           -6.09180e+01   constant   
   6  A_CBO        1.47559e-04   1.00000e+00  -0.00000e+00   4.82737e+01
   7  w_CBO        2.32752e+00   1.00000e+00   0.00000e+00  -1.01203e+05
   8  phi_CBO      1.37729e+00     fixed    
   9  ANx2         2.22853e-04   constant   
  10  pNx2         5.08518e+00   constant   
  11  ANy1         0.00000e+00   constant   
  12  pNy1         0.00000e+00   constant   
  13  w_y          0.00000e+00   constant   
  14  ANy2         1.69830e-04   1.00000e+00  -0.00000e+00   1.71818e+01
  15  pNy2         3.29982e+00   constant   
  16  w_vw         1.43191e+01   constant   
  17  LM           2.21951e-04   constant   
  18  wCBO_expCoeff   2.00001e+02   1.00000e+00   0.00000e+00  -1.17646e+03
  19  wCBO_expOffset   2.00000e+02   1.00000e+00   0.00000e+00  -2.65250e+03
  20  wCBO_expT    3.00001e+01   1.00000e+00  -0.00000e+00   1.42595e+04
  21  wCBO_linCoeff   0.00000e+00   constant   
  22  wCBO_const   8.74625e-03   1.00000e+00   0.00000e+00  -2.57054e+02
 EXTERNAL ERROR MATRIX.    NDIM=  25    NPAR=  7    ERR DEF=1
  1.000e+00  1.287e-10  2.231e-09  1.108e-08  1.591e-09  1.207e-09 -3.787e-08 
  1.287e-10  1.000e+00  2.616e-11 -1.572e-09 -1.659e-10 -1.627e-10  6.426e-09 
  2.231e-09  2.616e-11  1.000e+00  2.255e-09  6.316e-11  3.365e-10 -1.992e-08 
  1.108e-08 -1.572e-09  2.255e-09  1.000e+00 -1.428e-08 -1.400e-08  5.531e-07 
  1.591e-09 -1.659e-10  6.316e-11 -1.428e-08  1.000e+00 -2.065e-09  8.620e-08 
  1.207e-09 -1.627e-10  3.365e-10 -1.400e-08 -2.065e-09  1.000e+00  9.645e-08 
 -3.787e-08  6.426e-09 -1.992e-08  5.531e-07  8.620e-08  9.645e-08  1.000e+00 
ERR MATRIX NOT POS-DEF
 PARAMETER  CORRELATION COEFFICIENTS  
       NO.  GLOBAL      6      7     14     18     19     20     22
        6  0.00000   1.000  0.000  0.000  0.000  0.000  0.000 -0.000
        7  0.00000   0.000  1.000  0.000 -0.000 -0.000 -0.000  0.000
       14  0.00000   0.000  0.000  1.000  0.000  0.000  0.000 -0.000
       18  0.00000   0.000 -0.000  0.000  1.000 -0.000 -0.000  0.000
       19  0.00000   0.000 -0.000  0.000 -0.000  1.000 -0.000  0.000
       20  0.00000   0.000 -0.000  0.000 -0.000 -0.000  1.000  0.000
       22  0.00000  -0.000  0.000 -0.000  0.000  0.000  0.000  1.000
 ERR MATRIX NOT POS-DEF
MINUIT - FIT ONLY 2-CBO
 **********
 **   43 **RES 
 **********
                   PARAMETER    8  phi_CBO RESTORED TO VARIABLE.
                   PARAMETER    4  phi RESTORED TO VARIABLE.
                   PARAMETER    3  A0 RESTORED TO VARIABLE.
                   PARAMETER    1  N0 RESTORED TO VARIABLE.
 **********
 **   44 **FIX            0
 **********
 PARAMETER    0  IS UNDEFINED. IGNORED.
 **********
 **   45 **FIX            1
 **********
 **********
 **   46 **FIX            2
 **********
 PARAMETER    2  IS CONSTANT.   IGNORED.
 **********
 **   47 **FIX            3
 **********
 **********
 **   48 **FIX            4
 **********
 **********
 **   49 **FIX            5
 **********
 PARAMETER    5  IS CONSTANT.   IGNORED.
 **********
 **   50 **FIX            6
 **********
 **********
 **   51 **FIX            7
 **********
 **********
 **   52 **FIX           10
 **********
 PARAMETER   10  IS CONSTANT.   IGNORED.
 **********
 **   53 **FIX           11
 **********
 PARAMETER   11  IS CONSTANT.   IGNORED.
 **********
 **   54 **FIX           12
 **********
 PARAMETER   12  IS CONSTANT.   IGNORED.
 **********
 **   55 **FIX           13
 **********
 PARAMETER   13  IS CONSTANT.   IGNORED.
 **********
 **   56 **FIX           14
 **********
 **********
 **   57 **FIX           15
 **********
 PARAMETER   15  IS CONSTANT.   IGNORED.
 **********
 **   58 **FIX           16
 **********
 PARAMETER   16  IS CONSTANT.   IGNORED.
 **********
 **   59 **MIGRAD
 **********
 START MIGRAD MINIMIZATION.  STRATEGY  1.  CONVERGENCE WHEN EDM .LT. 1.00e-04
 FCN=570.448 FROM MIGRAD    STATUS=INITIATE       12 CALLS        2553 TOTAL
                     EDM= unknown      STRATEGY= 1      NO ERROR MATRIX       
  EXT PARAMETER               CURRENT GUESS       STEP         FIRST   
  NO.   NAME      VALUE            ERROR          SIZE      DERIVATIVE 
   1  N0           3.50060e+06     fixed    
   2  tau          6.44119e+01   constant   
   3  A0           3.53791e-01     fixed    
   4  phi          4.12056e+00     fixed    
   5  R           -6.09180e+01   constant   
   6  A_CBO        1.47559e-04     fixed    
   7  w_CBO        2.32752e+00     fixed    
   8  phi_CBO      1.37729e+00   2.46165e-01   2.46165e-01   9.95325e-01
   9  ANx2         2.22853e-04   constant   
  10  pNx2         5.08518e+00   constant   
  11  ANy1         0.00000e+00   constant   
  12  pNy1         0.00000e+00   constant   
  13  w_y          0.00000e+00   constant   
  14  ANy2         1.69830e-04     fixed    
  15  pNy2         3.29982e+00   constant   
  16  w_vw         1.43191e+01   constant   
  17  LM           2.21951e-04   constant   
  18  wCBO_expCoeff   2.00001e+02   1.00000e+00   0.00000e+00  -1.17646e+03
  19  wCBO_expOffset   2.00000e+02   1.00000e+00   0.00000e+00  -2.65250e+03
  20  wCBO_expT    3.00001e+01   1.00000e+00  -0.00000e+00   1.42595e+04
  21  wCBO_linCoeff   0.00000e+00   constant   
  22  wCBO_const   8.74625e-03   1.00000e+00   0.00000e+00  -2.57054e+02
 MIGRAD FAILS TO FIND IMPROVEMENT
 FCN=570.001 FROM HESSE     STATUS=NOT POSDEF     37 CALLS        3269 TOTAL
                     EDM=0.0671977    STRATEGY= 1      ERR MATRIX NOT POS-DEF
  EXT PARAMETER                APPROXIMATE        STEP         FIRST   
  NO.   NAME      VALUE            ERROR          SIZE      DERIVATIVE 
   1  N0           3.50060e+06     fixed    
   2  tau          6.44119e+01   constant   
   3  A0           3.53791e-01     fixed    
   4  phi          4.12056e+00     fixed    
   5  R           -6.09180e+01   constant   
   6  A_CBO        1.47559e-04     fixed    
   7  w_CBO        2.32752e+00     fixed    
   8  phi_CBO      4.20442e-01   2.33150e+00   1.33838e-02  -3.56014e-02
   9  ANx2         2.22853e-04   constant   
  10  pNx2         5.08518e+00   constant   
  11  ANy1         0.00000e+00   constant   
  12  pNy1         0.00000e+00   constant   
  13  w_y          0.00000e+00   constant   
  14  ANy2         1.69830e-04     fixed    
  15  pNy2         3.29982e+00   constant   
  16  w_vw         1.43191e+01   constant   
  17  LM           2.21951e-04   constant   
  18  wCBO_expCoeff   2.00001e+02   1.90679e-03   9.53679e-05  -1.86478e+02
  19  wCBO_expOffset   2.00000e+02   1.80713e-04   9.53674e-05  -3.41416e+03
  20  wCBO_expT    3.00001e+01   1.36112e-04   1.43052e-05  -2.51250e+02
  21  wCBO_linCoeff   0.00000e+00   constant   
  22  wCBO_const   8.16330e-03   3.30058e-03   9.06474e-06  -2.05318e+02
 CALL LIMIT EXCEEDED IN MIGRAD.
 MIGRAD TERMINATED WITHOUT CONVERGENCE.
 FCN=569.963 FROM MIGRAD    STATUS=CALL LIMIT    838 CALLS        3379 TOTAL
                     EDM=0.0106348    STRATEGY= 1      ERR MATRIX NOT POS-DEF
  EXT PARAMETER                APPROXIMATE        STEP         FIRST   
  NO.   NAME      VALUE            ERROR          SIZE      DERIVATIVE 
   1  N0           3.50060e+06     fixed    
   2  tau          6.44119e+01   constant   
   3  A0           3.53791e-01     fixed    
   4  phi          4.12056e+00     fixed    
   5  R           -6.09180e+01   constant   
   6  A_CBO        1.47559e-04     fixed    
   7  w_CBO        2.32752e+00     fixed    
   8  phi_CBO      4.35488e-01   1.46922e+00  -2.58949e-03  -5.75508e-02
   9  ANx2         2.22853e-04   constant   
  10  pNx2         5.08518e+00   constant   
  11  ANy1         0.00000e+00   constant   
  12  pNy1         0.00000e+00   constant   
  13  w_y          0.00000e+00   constant   
  14  ANy2         1.69830e-04     fixed    
  15  pNy2         3.29982e+00   constant   
  16  w_vw         1.43191e+01   constant   
  17  LM           2.21951e-04   constant   
  18  wCBO_expCoeff   2.00001e+02   2.06816e-03  -4.50933e-06  -1.33518e+03
  19  wCBO_expOffset   2.00000e+02   6.13105e-05  -1.40886e-07  -4.78903e+03
  20  wCBO_expT    3.00001e+01   1.43369e-04  -3.18380e-07   1.69998e+04
  21  wCBO_linCoeff   0.00000e+00   constant   
  22  wCBO_const   8.60824e-03   3.50068e-03   6.51763e-06  -2.90498e+02
 EXTERNAL ERROR MATRIX.    NDIM=  25    NPAR=  5    ERR DEF=1
  2.159e+00  2.197e-03  6.700e-05  1.588e-04 -3.175e-03 
  2.197e-03  4.277e-06  1.280e-07  2.906e-07 -6.702e-06 
  6.700e-05  1.280e-07  3.759e-09  8.950e-09 -1.867e-07 
  1.588e-04  2.906e-07  8.950e-09  2.055e-08 -4.180e-07 
 -3.175e-03 -6.702e-06 -1.867e-07 -4.180e-07  1.225e-05 
ERR MATRIX NOT POS-DEF
 PARAMETER  CORRELATION COEFFICIENTS  
       NO.  GLOBAL      8     18     19     20     22
        8  0.95313   1.000  0.723  0.744  0.754 -0.617
       18  0.99994   0.723  1.000  1.010  0.980 -0.926
       19  0.98178   0.744  1.010  1.000  1.018 -0.870
       20  0.99990   0.754  0.980  1.018  1.000 -0.833
       22  0.99953  -0.617 -0.926 -0.870 -0.833  1.000
 ERR MATRIX NOT POS-DEF
MINUIT - FIT ONLY 1-y
 **********
 **   60 **RES 
 **********
                   PARAMETER   14  ANy2 RESTORED TO VARIABLE.
                   PARAMETER    7  w_CBO RESTORED TO VARIABLE.
                   PARAMETER    6  A_CBO RESTORED TO VARIABLE.
                   PARAMETER    4  phi RESTORED TO VARIABLE.
                   PARAMETER    3  A0 RESTORED TO VARIABLE.
                   PARAMETER    1  N0 RESTORED TO VARIABLE.
 **********
 **   61 **FIX            0
 **********
 PARAMETER    0  IS UNDEFINED. IGNORED.
 **********
 **   62 **FIX            1
 **********
 **********
 **   63 **FIX            2
 **********
 PARAMETER    2  IS CONSTANT.   IGNORED.
 **********
 **   64 **FIX            3
 **********
 **********
 **   65 **FIX            4
 **********
 **********
 **   66 **FIX            5
 **********
 PARAMETER    5  IS CONSTANT.   IGNORED.
 **********
 **   67 **FIX            6
 **********
 **********
 **   68 **FIX            7
 **********
 **********
 **   69 **FIX            8
 **********
 **********
 **   70 **FIX            9
 **********
 PARAMETER    9  IS CONSTANT.   IGNORED.
 **********
 **   71 **FIX           13
 **********
 PARAMETER   13  IS CONSTANT.   IGNORED.
 **********
 **   72 **FIX           14
 **********
 **********
 **   73 **FIX           15
 **********
 PARAMETER   15  IS CONSTANT.   IGNORED.
 **********
 **   74 **FIX           16
 **********
 PARAMETER   16  IS CONSTANT.   IGNORED.
 **********
 **   75 **MIGRAD
 **********
 START MIGRAD MINIMIZATION.  STRATEGY  1.  CONVERGENCE WHEN EDM .LT. 1.00e-04
 FCN=569.963 FROM MIGRAD    STATUS=INITIATE        8 CALLS        3387 TOTAL
                     EDM= unknown      STRATEGY= 1      NO ERROR MATRIX       
  EXT PARAMETER               CURRENT GUESS       STEP         FIRST   
  NO.   NAME      VALUE            ERROR          SIZE      DERIVATIVE 
   1  N0           3.50060e+06     fixed    
   2  tau          6.44119e+01   constant   
   3  A0           3.53791e-01     fixed    
   4  phi          4.12056e+00     fixed    
   5  R           -6.09180e+01   constant   
   6  A_CBO        1.47559e-04     fixed    
   7  w_CBO        2.32752e+00     fixed    
   8  phi_CBO      4.35488e-01     fixed    
   9  ANx2         2.22853e-04   constant   
  10  pNx2         5.08518e+00   constant   
  11  ANy1         0.00000e+00   constant   
  12  pNy1         0.00000e+00   constant   
  13  w_y          0.00000e+00   constant   
  14  ANy2         1.69830e-04     fixed    
  15  pNy2         3.29982e+00   constant   
  16  w_vw         1.43191e+01   constant   
  17  LM           2.21951e-04   constant   
  18  wCBO_expCoeff   2.00001e+02   2.06816e-03  -4.50933e-06  -1.33518e+03
  19  wCBO_expOffset   2.00000e+02   6.13105e-05  -1.40886e-07  -4.78903e+03
  20  wCBO_expT    3.00001e+01   1.43369e-04  -3.18380e-07   1.69998e+04
  21  wCBO_linCoeff   0.00000e+00   constant   
  22  wCBO_const   8.60824e-03   3.50068e-03   6.51763e-06  -2.90498e+02
 MIGRAD FAILS TO FIND IMPROVEMENT
 FCN=569.951 FROM HESSE     STATUS=NOT POSDEF     29 CALLS        3451 TOTAL
                     EDM=0.00677237    STRATEGY= 1      ERR MATRIX NOT POS-DEF
  EXT PARAMETER                APPROXIMATE        STEP         FIRST   
  NO.   NAME      VALUE            ERROR          SIZE      DERIVATIVE 
   1  N0           3.50060e+06     fixed    
   2  tau          6.44119e+01   constant   
   3  A0           3.53791e-01     fixed    
   4  phi          4.12056e+00     fixed    
   5  R           -6.09180e+01   constant   
   6  A_CBO        1.47559e-04     fixed    
   7  w_CBO        2.32752e+00     fixed    
   8  phi_CBO      4.35488e-01     fixed    
   9  ANx2         2.22853e-04   constant   
  10  pNx2         5.08518e+00   constant   
  11  ANy1         0.00000e+00   constant   
  12  pNy1         0.00000e+00   constant   
  13  w_y          0.00000e+00   constant   
  14  ANy2         1.69830e-04     fixed    
  15  pNy2         3.29982e+00   constant   
  16  w_vw         1.43191e+01   constant   
  17  LM           2.21951e-04   constant   
  18  wCBO_expCoeff   2.00001e+02   1.94039e-03   9.53679e-05   4.17216e+01
  19  wCBO_expOffset   2.00000e+02   1.76834e-04   9.53674e-05  -1.29426e+03
  20  wCBO_expT    3.00001e+01   1.36094e-04   1.43052e-05   1.26410e+03
  21  wCBO_linCoeff   0.00000e+00   constant   
  22  wCBO_const   8.62960e-03   3.74522e-03   8.96829e-06  -3.68938e+01
 MIGRAD FAILS TO FIND IMPROVEMENT
 MIGRAD TERMINATED WITHOUT CONVERGENCE.
 FCN=568.401 FROM MIGRAD    STATUS=FAILED        124 CALLS        3503 TOTAL
                     EDM=7.13709e+06    STRATEGY= 1      ERR MATRIX NOT POS-DEF
  EXT PARAMETER                APPROXIMATE        STEP         FIRST   
  NO.   NAME      VALUE            ERROR          SIZE      DERIVATIVE 
   1  N0           3.50060e+06     fixed    
   2  tau          6.44119e+01   constant   
   3  A0           3.53791e-01     fixed    
   4  phi          4.12056e+00     fixed    
   5  R           -6.09180e+01   constant   
   6  A_CBO        1.47559e-04     fixed    
   7  w_CBO        2.32752e+00     fixed    
   8  phi_CBO      4.35488e-01     fixed    
   9  ANx2         2.22853e-04   constant   
  10  pNx2         5.08518e+00   constant   
  11  ANy1         0.00000e+00   constant   
  12  pNy1         0.00000e+00   constant   
  13  w_y          0.00000e+00   constant   
  14  ANy2         1.69830e-04     fixed    
  15  pNy2         3.29982e+00   constant   
  16  w_vw         1.43191e+01   constant   
  17  LM           2.21951e-04   constant   
  18  wCBO_expCoeff   1.54133e+03   1.00215e+00   0.00000e+00  -1.83560e+03
  19  wCBO_expOffset   1.70011e+03   9.99160e-01  -0.00000e+00   1.70370e+02
  20  wCBO_expT   -1.71994e+04   9.36528e-01  -0.00000e+00   1.54389e+01
  21  wCBO_linCoeff   0.00000e+00   constant   
  22  wCBO_const   2.09036e+02   9.99245e-01   0.00000e+00  -2.08054e+03
 EXTERNAL ERROR MATRIX.    NDIM=  25    NPAR=  4    ERR DEF=1
  1.004e+00  3.042e-03 -3.649e-02  2.085e-03 
  3.042e-03  9.983e-01  1.502e-02  4.594e-03 
 -3.649e-02  1.502e-02  8.771e-01 -5.075e-02 
  2.085e-03  4.594e-03 -5.075e-02  9.985e-01 
ERR MATRIX NOT POS-DEF
 PARAMETER  CORRELATION COEFFICIENTS  
       NO.  GLOBAL     18     19     20     22
       18  0.03906   1.000  0.003 -0.039  0.002
       19  0.01735   0.003  1.000  0.016  0.005
       20  0.06865  -0.039  0.016  1.000 -0.054
       22  0.05450   0.002  0.005 -0.054  1.000
 ERR MATRIX NOT POS-DEF
MINUIT - FIT ONLY 2-y
 **********
 **   76 **RES 
 **********
                   PARAMETER   14  ANy2 RESTORED TO VARIABLE.
                   PARAMETER    8  phi_CBO RESTORED TO VARIABLE.
                   PARAMETER    7  w_CBO RESTORED TO VARIABLE.
                   PARAMETER    6  A_CBO RESTORED TO VARIABLE.
                   PARAMETER    4  phi RESTORED TO VARIABLE.
                   PARAMETER    3  A0 RESTORED TO VARIABLE.
                   PARAMETER    1  N0 RESTORED TO VARIABLE.
 **********
 **   77 **FIX            0
 **********
 PARAMETER    0  IS UNDEFINED. IGNORED.
 **********
 **   78 **FIX            1
 **********
 **********
 **   79 **FIX            2
 **********
 PARAMETER    2  IS CONSTANT.   IGNORED.
 **********
 **   80 **FIX            3
 **********
 **********
 **   81 **FIX            4
 **********
 **********
 **   82 **FIX            5
 **********
 PARAMETER    5  IS CONSTANT.   IGNORED.
 **********
 **   83 **FIX            6
 **********
 **********
 **   84 **FIX            7
 **********
 **********
 **   85 **FIX            8
 **********
 **********
 **   86 **FIX            9
 **********
 PARAMETER    9  IS CONSTANT.   IGNORED.
 **********
 **   87 **FIX           10
 **********
 PARAMETER   10  IS CONSTANT.   IGNORED.
 **********
 **   88 **FIX           11
 **********
 PARAMETER   11  IS CONSTANT.   IGNORED.
 **********
 **   89 **FIX           12
 **********
 PARAMETER   12  IS CONSTANT.   IGNORED.
 **********
 **   90 **FIX           16
 **********
 PARAMETER   16  IS CONSTANT.   IGNORED.
 **********
 **   91 **MIGRAD
 **********
 START MIGRAD MINIMIZATION.  STRATEGY  1.  CONVERGENCE WHEN EDM .LT. 1.00e-04
 FCN=568.401 FROM MIGRAD    STATUS=INITIATE       10 CALLS        3513 TOTAL
                     EDM= unknown      STRATEGY= 1      NO ERROR MATRIX       
  EXT PARAMETER               CURRENT GUESS       STEP         FIRST   
  NO.   NAME      VALUE            ERROR          SIZE      DERIVATIVE 
   1  N0           3.50060e+06     fixed    
