 + ++++++++++++++++++++++++++++++++++++++++++++++++++++++++++++++++++++ +
 +                                                                      +
 +           You have chose to blind your fitting according to          +
 +                omega_ref * (1 + (R +/- deltaR) *10^{-6})             +
 +                                                                      +
 + ++++++++++++++++++++++++++++++++++++++++++++++++++++++++++++++++++++ +
In main()...
reading format from /gm2data/zkhechad/run45/envelope/formats/formatB_sBin_constraintOn.txt
pBinTau 	= 0  
pBinPhi 	= 0  
constraintau 	= 1 
includeMopTerm 	= 0    
constrainMop    = 0   
Parameters after format file: pBinTau 0 pBinPhi 0 constraintau 1 includeMopTerm 0 constrainMop 0 c_e_scale 0.000000 
reading cbo reference file (full fit) from /gm2data/zkhechad/cboTemplates/Run4CBOTemplates/fullFits/run4/sBin_constraintOn_cE0.0_seed0_run4_calo14.root
A_CBO 0.007725 w_CBO 2.327367 phi_CBO 5.940248 N0 3305546.525918 R -60.591491 tau 64.400381 
Reading cboRef file /gm2data/zkhechad/cboTemplates/Run4CBOTemplates//cboIsolate/run4_calo14.root
deltaT 164.120000
windowBins = 1100
fitting sliding window 1680 from bin 1883 at 280.943600 to bin 2983 at 445.063600 (1100 bins)

Reading data from /gm2data/cornell/histograms/aMethod/histogram_a_run4.root
fitting cbo isolate
 **********
 **    1 **SET PRINTOUT            1
 **********
 **********
 **    2 **SET NOWARNINGS 
 **********
 PARAMETER DEFINITIONS:
    NO.   NAME         VALUE      STEP SIZE      LIMITS
     1 A_CBO        7.72458e-03  1.00000e-05     no limits
     2 w_CBO        2.32737e+00  1.00000e-02    2.00000e+00  3.00000e+00
     3 phi_CBO      5.94025e+00  1.00000e-02    0.00000e+00  6.28319e+00
 **********
 **    3 **MIGRAD
 **********
 FIRST CALL TO USER FUNCTION AT NEW START POINT, WITH IFLAG=4.
 START MIGRAD MINIMIZATION.  STRATEGY  1.  CONVERGENCE WHEN EDM .LT. 1.00e-04
 FCN=0.0706272 FROM MIGRAD    STATUS=INITIATE       12 CALLS          13 TOTAL
                     EDM= unknown      STRATEGY= 1      NO ERROR MATRIX       
  EXT PARAMETER               CURRENT GUESS       STEP         FIRST   
  NO.   NAME      VALUE            ERROR          SIZE      DERIVATIVE 
   1  A_CBO        7.72458e-03   1.00000e-05   1.00000e-05   6.73456e+00
   2  w_CBO        2.32737e+00   1.00000e-02   2.13128e-02   7.38988e-01
   3  phi_CBO      5.94025e+00   1.00000e-02   7.00705e-03  -6.30200e-03
 MIGRAD MINIMIZATION HAS CONVERGED.
 MIGRAD WILL VERIFY CONVERGENCE AND ERROR MATRIX.
 FCN=0.0498005 FROM MIGRAD    STATUS=CONVERGED      52 CALLS          53 TOTAL
                     EDM=7.05648e-05    STRATEGY= 1      ERR MATRIX NOT POS-DEF
  EXT PARAMETER                APPROXIMATE        STEP         FIRST   
  NO.   NAME      VALUE            ERROR          SIZE      DERIVATIVE 
   1  A_CBO        1.75270e-03   4.48244e-02   2.13380e-05   8.81182e-02
   2  w_CBO        2.32677e+00   5.04971e-01   8.12297e-05  -9.91859e-03
   3  phi_CBO      6.08349e+00   4.51278e+00   1.16964e-02   9.85539e-05
 EXTERNAL ERROR MATRIX.    NDIM=  25    NPAR=  3    ERR DEF=1
  2.009e-03 -1.642e-02 -5.925e+00 
 -1.642e-02  1.281e+00  4.591e+02 
 -5.925e+00  4.591e+02  1.653e+05 
ERR MATRIX NOT POS-DEF
 PARAMETER  CORRELATION COEFFICIENTS  
       NO.  GLOBAL      1      2      3
        1  0.32543   1.000 -0.324 -0.325
        2  0.99801  -0.324  1.000  0.998
        3  0.99801  -0.325  0.998  1.000
 ERR MATRIX NOT POS-DEF
setting A_CBO=0.001753 w_CBO=2.326771, phi_CBO=6.083491
done fitting cbo isolate
 **********
 **    1 **SET PRINTOUT            1
 **********
 **********
 **    2 **SET NOWARNINGS 
 **********
 PARAMETER DEFINITIONS:
    NO.   NAME         VALUE      STEP SIZE      LIMITS
     1 N0           3.30555e+06  1.00000e+02     no limits
     2 tau          6.44004e+01  constant
     3 A0           3.62072e-01  1.00000e-04     no limits
     4 phi          4.12124e+00  1.00000e-02     no limits
     5 R           -6.05915e+01  constant
     6 A_CBO        1.75270e-03  1.00000e-05     no limits
     7 w_CBO        2.32677e+00  1.00000e-03     no limits
     8 phi_CBO      6.08349e+00  1.00000e-04     no limits
     9 ANx2         3.16430e-04  constant
    10 pNx2         2.82055e+00  constant
    11 ANy1         0.00000e+00  constant
    12 pNy1         0.00000e+00  constant
    13 w_y          0.00000e+00  constant
    14 ANy2         7.39162e-03  1.00000e-04     no limits
    15 pNy2         2.23607e+00  constant
    16 w_vw         1.43191e+01  constant
    17 LM          -1.34420e-04  constant
    18 wCBO_expCoeff   2.00000e+02  1.00000e+00     no limits
    19 wCBO_expOffset   2.00000e+02  1.00000e+00     no limits
    20 wCBO_expT    3.00000e+01  1.00000e+00     no limits
    21 wCBO_linCoeff   0.00000e+00  constant
    22 wCBO_const   0.00000e+00  1.00000e-02     no limits
MINUIT - FIT ONLY WIGGLE
 **********
 **    3 **FIX            5
 **********
 PARAMETER    5  IS CONSTANT.   IGNORED.
 **********
 **    4 **FIX            6
 **********
 **********
 **    5 **FIX            7
 **********
 **********
 **    6 **FIX            8
 **********
 **********
 **    7 **FIX            9
 **********
 PARAMETER    9  IS CONSTANT.   IGNORED.
 **********
 **    8 **FIX           10
 **********
 PARAMETER   10  IS CONSTANT.   IGNORED.
 **********
 **    9 **FIX           11
 **********
 PARAMETER   11  IS CONSTANT.   IGNORED.
 **********
 **   10 **FIX           12
 **********
 PARAMETER   12  IS CONSTANT.   IGNORED.
 **********
 **   11 **FIX           13
 **********
 PARAMETER   13  IS CONSTANT.   IGNORED.
 **********
 **   12 **FIX           14
 **********
 **********
 **   13 **FIX           15
 **********
 PARAMETER   15  IS CONSTANT.   IGNORED.
 **********
 **   14 **FIX           16
 **********
 PARAMETER   16  IS CONSTANT.   IGNORED.
 **********
 **   15 **MIGRAD
 **********
 FIRST CALL TO USER FUNCTION AT NEW START POINT, WITH IFLAG=4.
 START MIGRAD MINIMIZATION.  STRATEGY  1.  CONVERGENCE WHEN EDM .LT. 1.00e-04
 FCN=658.885 FROM MIGRAD    STATUS=INITIATE       34 CALLS          35 TOTAL
                     EDM= unknown      STRATEGY= 1      NO ERROR MATRIX       
  EXT PARAMETER               CURRENT GUESS       STEP         FIRST   
  NO.   NAME      VALUE            ERROR          SIZE      DERIVATIVE 
   1  N0           3.30555e+06   1.00000e+02   1.00000e+02   8.41862e-04
   2  tau          6.44004e+01   constant   
   3  A0           3.62072e-01   1.00000e-04   1.00000e-04   3.32600e+03
   4  phi          4.12124e+00   1.00000e-02   1.00000e-02  -6.40876e+02
   5  R           -6.05915e+01   constant   
   6  A_CBO        1.75270e-03     fixed    
   7  w_CBO        2.32677e+00     fixed    
   8  phi_CBO      6.08349e+00     fixed    
   9  ANx2         3.16430e-04   constant   
  10  pNx2         2.82055e+00   constant   
  11  ANy1         0.00000e+00   constant   
  12  pNy1         0.00000e+00   constant   
  13  w_y          0.00000e+00   constant   
  14  ANy2         7.39162e-03     fixed    
  15  pNy2         2.23607e+00   constant   
  16  w_vw         1.43191e+01   constant   
  17  LM          -1.34420e-04   constant   
  18  wCBO_expCoeff   2.00000e+02   1.00000e+00   1.00000e+00  -3.60757e+01
  19  wCBO_expOffset   2.00000e+02   1.00000e+00   1.00000e+00  -2.40408e+02
  20  wCBO_expT    3.00000e+01   1.00000e+00   1.00000e+00  -6.30331e+02
  21  wCBO_linCoeff   0.00000e+00   constant   
  22  wCBO_const   0.00000e+00   1.00000e-02   1.00000e-02   7.40512e+02
 MIGRAD FAILS TO FIND IMPROVEMENT
 COVARIANCE MATRIX CALCULATED SUCCESSFULLY
 FCN=646.356 FROM HESSE     STATUS=OK             54 CALLS         421 TOTAL
                     EDM=0.000173142    STRATEGY= 1      ERROR MATRIX ACCURATE 
  EXT PARAMETER                                   STEP         FIRST   
  NO.   NAME      VALUE            ERROR          SIZE      DERIVATIVE 
   1  N0           3.30512e+06   9.61584e+02   1.16528e+01   9.08566e-06
   2  tau          6.44004e+01   constant   
   3  A0           3.61798e-01   3.88704e-04   4.79395e-06  -3.16353e+01
   4  phi          4.12157e+00   1.10419e-03   1.37020e-05  -1.81735e+01
   5  R           -6.05915e+01   constant   
   6  A_CBO        1.75270e-03     fixed    
   7  w_CBO        2.32677e+00     fixed    
   8  phi_CBO      6.08349e+00     fixed    
   9  ANx2         3.16430e-04   constant   
  10  pNx2         2.82055e+00   constant   
  11  ANy1         0.00000e+00   constant   
  12  pNy1         0.00000e+00   constant   
  13  w_y          0.00000e+00   constant   
  14  ANy2         7.39162e-03     fixed    
  15  pNy2         2.23607e+00   constant   
  16  w_vw         1.43191e+01   constant   
  17  LM          -1.34420e-04   constant   
  18  wCBO_expCoeff   1.99844e+02   7.54633e-02   2.36203e-04   1.10581e-01
  19  wCBO_expOffset   2.00115e+02   9.06825e-03   9.54222e-05   7.34256e-01
  20  wCBO_expT    2.99666e+01   3.76697e-03   1.42892e-05   3.42537e+00
  21  wCBO_linCoeff   0.00000e+00   constant   
  22  wCBO_const   1.28045e-03   7.28174e-04   5.30378e-06   1.71627e+01
 MIGRAD MINIMIZATION HAS CONVERGED.
 FCN=646.356 FROM MIGRAD    STATUS=CONVERGED     435 CALLS         436 TOTAL
                     EDM=1.98063e-06    STRATEGY= 1  ERROR MATRIX UNCERTAINTY   0.1 per cent
  EXT PARAMETER                                   STEP         FIRST   
  NO.   NAME      VALUE            ERROR          SIZE      DERIVATIVE 
   1  N0           3.30511e+06   9.62730e+02  -4.09440e+00   1.95221e-11
   2  tau          6.44004e+01   constant   
   3  A0           3.61801e-01   3.88801e-04   2.33994e-06   2.64146e-04
   4  phi          4.12158e+00   1.10600e-03   1.09792e-05   8.90980e-04
   5  R           -6.05915e+01   constant   
   6  A_CBO        1.75270e-03     fixed    
   7  w_CBO        2.32677e+00     fixed    
   8  phi_CBO      6.08349e+00     fixed    
   9  ANx2         3.16430e-04   constant   
  10  pNx2         2.82055e+00   constant   
  11  ANy1         0.00000e+00   constant   
  12  pNy1         0.00000e+00   constant   
  13  w_y          0.00000e+00   constant   
  14  ANy2         7.39162e-03     fixed    
  15  pNy2         2.23607e+00   constant   
  16  w_vw         1.43191e+01   constant   
  17  LM          -1.34420e-04   constant   
  18  wCBO_expCoeff   1.99844e+02   7.52918e-02  -1.84264e-05   4.58604e-03
  19  wCBO_expOffset   2.00115e+02   9.02541e-03  -8.30614e-07  -2.89297e-01
  20  wCBO_expT    2.99666e+01   3.77310e-03   3.77169e-06  -3.31911e-01
  21  wCBO_linCoeff   0.00000e+00   constant   
  22  wCBO_const   1.27778e-03   7.32958e-04  -2.66850e-06   5.39666e-02
 EXTERNAL ERROR MATRIX.    NDIM=  25    NPAR=  7    ERR DEF=1
  9.268e+05  7.314e-03  1.193e-02 -2.038e-01 -4.941e-01 -2.960e-02  4.995e-02 
  7.314e-03  1.512e-07  4.037e-09 -2.454e-06  2.854e-08  6.480e-08  5.652e-09 
  1.193e-02  4.037e-09  1.223e-06 -6.448e-06  5.901e-07  8.581e-08  2.893e-09 
 -2.038e-01 -2.454e-06 -6.448e-06  5.669e-03 -3.033e-04 -1.824e-04  1.395e-05 
 -4.941e-01  2.854e-08  5.901e-07 -3.033e-04  8.146e-05 -1.057e-05  3.658e-07 
 -2.960e-02  6.480e-08  8.581e-08 -1.824e-04 -1.057e-05  1.424e-05 -1.578e-06 
  4.995e-02  5.652e-09  2.893e-09  1.395e-05  3.658e-07 -1.578e-06  5.372e-07 
 PARAMETER  CORRELATION COEFFICIENTS  
       NO.  GLOBAL      1      3      4     18     19     20     22
        1  0.15998   1.000  0.020  0.011 -0.003 -0.057 -0.008  0.071
        3  0.12544   0.020  1.000  0.009 -0.084  0.008  0.044  0.020
        4  0.08767   0.011  0.009  1.000 -0.077  0.059  0.021  0.004
       18  0.96766  -0.003 -0.084 -0.077  1.000 -0.446 -0.642  0.253
       19  0.94930  -0.057  0.008  0.059 -0.446  1.000 -0.310  0.055
       20  0.97320  -0.008  0.044  0.021 -0.642 -0.310  1.000 -0.571
       22  0.81289   0.071  0.020  0.004  0.253  0.055 -0.571  1.000
MINUIT - FIT ONLY 1-CBO + other amplitudes 
 **********
 **   16 **RES 
 **********
                   PARAMETER   14  ANy2 RESTORED TO VARIABLE.
                   PARAMETER    8  phi_CBO RESTORED TO VARIABLE.
                   PARAMETER    7  w_CBO RESTORED TO VARIABLE.
                   PARAMETER    6  A_CBO RESTORED TO VARIABLE.
 **********
 **   17 **FIX            0
 **********
 PARAMETER    0  IS UNDEFINED. IGNORED.
 **********
 **   18 **FIX            1
 **********
 **********
 **   19 **FIX            2
 **********
 PARAMETER    2  IS CONSTANT.   IGNORED.
 **********
 **   20 **FIX            3
 **********
 **********
 **   21 **FIX            4
 **********
 **********
 **   22 **FIX            9
 **********
 PARAMETER    9  IS CONSTANT.   IGNORED.
 **********
 **   23 **FIX           11
 **********
 PARAMETER   11  IS CONSTANT.   IGNORED.
 **********
 **   24 **FIX           12
 **********
 PARAMETER   12  IS CONSTANT.   IGNORED.
 **********
 **   25 **FIX           14
 **********
 **********
 **   26 **FIX           15
 **********
 PARAMETER   15  IS CONSTANT.   IGNORED.
 **********
 **   27 **FIX           16
 **********
 PARAMETER   16  IS CONSTANT.   IGNORED.
 **********
 **   28 **MIGRAD
 **********
 START MIGRAD MINIMIZATION.  STRATEGY  1.  CONVERGENCE WHEN EDM .LT. 1.00e-04
 FCN=646.356 FROM MIGRAD    STATUS=INITIATE       20 CALLS         456 TOTAL
                     EDM= unknown      STRATEGY= 1      NO ERROR MATRIX       
  EXT PARAMETER               CURRENT GUESS       STEP         FIRST   
  NO.   NAME      VALUE            ERROR          SIZE      DERIVATIVE 
   1  N0           3.30511e+06     fixed    
   2  tau          6.44004e+01   constant   
   3  A0           3.61801e-01     fixed    
   4  phi          4.12158e+00     fixed    
   5  R           -6.05915e+01   constant   
   6  A_CBO        1.75270e-03   1.00000e-05   1.00000e-05   1.26074e+04
   7  w_CBO        2.32677e+00   1.00000e-03   1.00000e-03  -1.62903e-02
   8  phi_CBO      6.08349e+00   1.00000e-04   1.00000e-04   4.42942e+00
   9  ANx2         3.16430e-04   constant   
  10  pNx2         2.82055e+00   constant   
  11  ANy1         0.00000e+00   constant   
  12  pNy1         0.00000e+00   constant   
  13  w_y          0.00000e+00   constant   
  14  ANy2         7.39162e-03     fixed    
  15  pNy2         2.23607e+00   constant   
  16  w_vw         1.43191e+01   constant   
  17  LM          -1.34420e-04   constant   
  18  wCBO_expCoeff   1.99844e+02   7.52918e-02  -1.84264e-05  -1.05783e-03
  19  wCBO_expOffset   2.00115e+02   9.02541e-03  -8.30614e-07  -2.89297e-01
  20  wCBO_expT    2.99666e+01   3.77310e-03   3.77169e-06  -3.31911e-01
  21  wCBO_linCoeff   0.00000e+00   constant   
  22  wCBO_const   1.27778e-03   7.32958e-04  -2.66850e-06   5.39893e-02
 MIGRAD MINIMIZATION HAS CONVERGED.
 FCN=637.165 FROM MIGRAD    STATUS=CONVERGED     203 CALLS         639 TOTAL
                     EDM=1.26898e-07    STRATEGY= 1  ERROR MATRIX UNCERTAINTY   2.8 per cent
  EXT PARAMETER                                   STEP         FIRST   
  NO.   NAME      VALUE            ERROR          SIZE      DERIVATIVE 
   1  N0           3.30511e+06     fixed    
   2  tau          6.44004e+01   constant   
   3  A0           3.61801e-01     fixed    
   4  phi          4.12158e+00     fixed    
   5  R           -6.05915e+01   constant   
   6  A_CBO        6.89507e-04   4.25213e-04  -9.91495e-07  -3.79212e-03
   7  w_CBO        2.32684e+00   5.25092e-04   9.81667e-07   2.24573e+00
   8  phi_CBO      5.06890e+00   7.97906e-01  -3.33355e-03  -1.52503e-04
   9  ANx2         3.16430e-04   constant   
  10  pNx2         2.82055e+00   constant   
  11  ANy1         0.00000e+00   constant   
  12  pNy1         0.00000e+00   constant   
  13  w_y          0.00000e+00   constant   
  14  ANy2         7.39162e-03     fixed    
  15  pNy2         2.23607e+00   constant   
  16  w_vw         1.43191e+01   constant   
  17  LM          -1.34420e-04   constant   
  18  wCBO_expCoeff   1.99856e+02   5.83486e-02   1.39533e-04   2.08753e-02
  19  wCBO_expOffset   2.00117e+02   8.85778e-03   2.14489e-05   6.08888e-02
  20  wCBO_expT    2.99641e+01   8.43891e-03  -1.90161e-05   3.98141e-01
  21  wCBO_linCoeff   0.00000e+00   constant   
  22  wCBO_const   8.70619e-04   8.32783e-04  -2.48300e-06   1.05217e+00
 EXTERNAL ERROR MATRIX.    NDIM=  25    NPAR=  7    ERR DEF=1
  1.808e-07  3.957e-08 -1.745e-05  4.734e-06  7.086e-07 -6.368e-07 -1.133e-08 
  3.957e-08  2.757e-07 -1.227e-04  2.682e-05  4.076e-06 -4.205e-06  1.247e-07 
 -1.745e-05 -1.227e-04  6.367e-01 -1.642e-02 -2.517e-03  2.325e-03  2.051e-04 
  4.734e-06  2.682e-05 -1.642e-02  3.405e-03  4.628e-04 -4.700e-04  9.519e-06 
  7.086e-07  4.076e-06 -2.517e-03  4.628e-04  7.846e-05 -7.141e-05  1.427e-06 
 -6.368e-07 -4.205e-06  2.325e-03 -4.700e-04 -7.141e-05  7.122e-05 -2.213e-06 
 -1.133e-08  1.247e-07  2.051e-04  9.519e-06  1.427e-06 -2.213e-06  6.935e-07 
 PARAMETER  CORRELATION COEFFICIENTS  
       NO.  GLOBAL      6      7      8     18     19     20     22
        6  0.22778   1.000  0.177 -0.051  0.191  0.188 -0.177 -0.032
        7  0.97573   0.177  1.000 -0.293  0.876  0.876 -0.949  0.285
        8  0.66046  -0.051 -0.293  1.000 -0.353 -0.356  0.345  0.309
       18  0.98120   0.191  0.876 -0.353  1.000  0.895 -0.954  0.196
       19  0.98174   0.188  0.876 -0.356  0.895  1.000 -0.955  0.194
       20  0.99712  -0.177 -0.949  0.345 -0.954 -0.955  1.000 -0.315
       22  0.84104  -0.032  0.285  0.309  0.196  0.194 -0.315  1.000
MINUIT - FIT ONLY 1-CBO
 **********
 **   29 **RES 
 **********
                   PARAMETER   14  ANy2 RESTORED TO VARIABLE.
                   PARAMETER    4  phi RESTORED TO VARIABLE.
                   PARAMETER    3  A0 RESTORED TO VARIABLE.
                   PARAMETER    1  N0 RESTORED TO VARIABLE.
 **********
 **   30 **FIX            0
 **********
 PARAMETER    0  IS UNDEFINED. IGNORED.
 **********
 **   31 **FIX            1
 **********
 **********
 **   32 **FIX            2
 **********
 PARAMETER    2  IS CONSTANT.   IGNORED.
 **********
 **   33 **FIX            3
 **********
 **********
 **   34 **FIX            4
 **********
 **********
 **   35 **FIX            8
 **********
 **********
 **   36 **FIX            9
 **********
 PARAMETER    9  IS CONSTANT.   IGNORED.
 **********
 **   37 **FIX           11
 **********
 PARAMETER   11  IS CONSTANT.   IGNORED.
 **********
 **   38 **FIX           12
 **********
 PARAMETER   12  IS CONSTANT.   IGNORED.
 **********
 **   39 **FIX           13
 **********
 PARAMETER   13  IS CONSTANT.   IGNORED.
 **********
 **   40 **FIX           15
 **********
 PARAMETER   15  IS CONSTANT.   IGNORED.
 **********
 **   41 **FIX           16
 **********
 PARAMETER   16  IS CONSTANT.   IGNORED.
 **********
 **   42 **MIGRAD
 **********
 START MIGRAD MINIMIZATION.  STRATEGY  1.  CONVERGENCE WHEN EDM .LT. 1.00e-04
 FCN=637.165 FROM MIGRAD    STATUS=INITIATE       16 CALLS         655 TOTAL
                     EDM= unknown      STRATEGY= 1      NO ERROR MATRIX       
  EXT PARAMETER               CURRENT GUESS       STEP         FIRST   
  NO.   NAME      VALUE            ERROR          SIZE      DERIVATIVE 
   1  N0           3.30511e+06     fixed    
   2  tau          6.44004e+01   constant   
   3  A0           3.61801e-01     fixed    
   4  phi          4.12158e+00     fixed    
   5  R           -6.05915e+01   constant   
   6  A_CBO        6.89507e-04   4.25213e-04  -9.91495e-07  -3.79205e-03
   7  w_CBO        2.32684e+00   5.25092e-04   9.81667e-07   2.24572e+00
   8  phi_CBO      5.06890e+00     fixed    
   9  ANx2         3.16430e-04   constant   
  10  pNx2         2.82055e+00   constant   
  11  ANy1         0.00000e+00   constant   
  12  pNy1         0.00000e+00   constant   
  13  w_y          0.00000e+00   constant   
  14  ANy2         7.39162e-03   1.00000e-04   1.00000e-04   8.50016e+04
  15  pNy2         2.23607e+00   constant   
  16  w_vw         1.43191e+01   constant   
  17  LM          -1.34420e-04   constant   
  18  wCBO_expCoeff   1.99856e+02   5.83486e-02   1.39533e-04   2.08753e-02
  19  wCBO_expOffset   2.00117e+02   8.85778e-03   2.14489e-05   6.08888e-02
  20  wCBO_expT    2.99641e+01   8.43891e-03  -1.90161e-05   3.98141e-01
  21  wCBO_linCoeff   0.00000e+00   constant   
  22  wCBO_const   8.70619e-04   8.32783e-04  -2.48300e-06   1.05217e+00
 MIGRAD MINIMIZATION HAS CONVERGED.
 MIGRAD WILL VERIFY CONVERGENCE AND ERROR MATRIX.
 FCN=335.423 FROM MIGRAD    STATUS=CONVERGED     214 CALLS         853 TOTAL
                     EDM=2.29531e-07    STRATEGY= 1      ERR MATRIX NOT POS-DEF
  EXT PARAMETER                APPROXIMATE        STEP         FIRST   
  NO.   NAME      VALUE            ERROR          SIZE      DERIVATIVE 
   1  N0           3.30511e+06     fixed    
   2  tau          6.44004e+01   constant   
   3  A0           3.61801e-01     fixed    
   4  phi          4.12158e+00     fixed    
   5  R           -6.05915e+01   constant   
   6  A_CBO        5.76339e-05   4.14208e-04   3.65060e-06   9.21745e-01
   7  w_CBO        2.32653e+00   2.06798e-03   1.61382e-06   1.67529e+00
   8  phi_CBO      5.06890e+00     fixed    
   9  ANx2         3.16430e-04   constant   
  10  pNx2         2.82055e+00   constant   
  11  ANy1         0.00000e+00   constant   
  12  pNy1         0.00000e+00   constant   
  13  w_y          0.00000e+00   constant   
  14  ANy2         2.91557e-04   4.07220e-04   3.64414e-06  -1.44883e-01
  15  pNy2         2.23607e+00   constant   
  16  w_vw         1.43191e+01   constant   
  17  LM          -1.34420e-04   constant   
  18  wCBO_expCoeff   1.99824e+02   1.94331e-01   1.53670e-04   1.53894e-02
  19  wCBO_expOffset   2.00112e+02   3.18366e-02   9.54208e-05   1.02685e-01
  20  wCBO_expT    2.99695e+01   7.85745e-03   1.42906e-05   2.87032e-01
  21  wCBO_linCoeff   0.00000e+00   constant   
  22  wCBO_const   7.15263e-04   1.18792e-03   5.09305e-06   8.21502e-01
 EXTERNAL ERROR MATRIX.    NDIM=  25    NPAR=  7    ERR DEF=1
  1.716e-07  2.637e-08  1.314e-08  3.110e-06  2.952e-07 -3.334e-07 -4.268e-08 
  2.637e-08  4.277e-06  2.280e-09 -1.165e-04 -2.736e-05 -3.566e-06 -1.692e-06 
  1.314e-08  2.280e-09  1.658e-07  2.477e-07  6.774e-09 -4.167e-08  8.225e-10 
  3.110e-06 -1.165e-04  2.477e-07  3.776e-02 -3.053e-03 -3.825e-04  6.257e-05 
  2.952e-07 -2.736e-05  6.774e-09 -3.053e-03  1.014e-03 -7.055e-05  1.434e-05 
 -3.334e-07 -3.566e-06 -4.167e-08 -3.825e-04 -7.055e-05  6.174e-05 -1.388e-06 
 -4.268e-08 -1.692e-06  8.225e-10  6.257e-05  1.434e-05 -1.388e-06  1.411e-06 
ERR MATRIX NOT POS-DEF
 PARAMETER  CORRELATION COEFFICIENTS  
       NO.  GLOBAL      6      7     14     18     19     20     22
        6  0.19521   1.000  0.031  0.078  0.039  0.022 -0.102 -0.087
        7  0.99622   0.031  1.000  0.003 -0.290 -0.416 -0.219 -0.689
       14  0.09021   0.078  0.003  1.000  0.003  0.001 -0.013  0.002
       18  0.99612   0.039 -0.290  0.003  1.000 -0.493 -0.250  0.271
       19  0.99675   0.022 -0.416  0.001 -0.493  1.000 -0.282  0.379
       20  0.99397  -0.102 -0.219 -0.013 -0.250 -0.282  1.000 -0.149
       22  0.87882  -0.087 -0.689  0.002  0.271  0.379 -0.149  1.000
 ERR MATRIX NOT POS-DEF
MINUIT - FIT ONLY 2-CBO
 **********
 **   43 **RES 
 **********
                   PARAMETER    8  phi_CBO RESTORED TO VARIABLE.
                   PARAMETER    4  phi RESTORED TO VARIABLE.
                   PARAMETER    3  A0 RESTORED TO VARIABLE.
                   PARAMETER    1  N0 RESTORED TO VARIABLE.
 **********
 **   44 **FIX            0
 **********
 PARAMETER    0  IS UNDEFINED. IGNORED.
 **********
 **   45 **FIX            1
 **********
 **********
 **   46 **FIX            2
 **********
 PARAMETER    2  IS CONSTANT.   IGNORED.
 **********
 **   47 **FIX            3
 **********
 **********
 **   48 **FIX            4
 **********
 **********
 **   49 **FIX            5
 **********
 PARAMETER    5  IS CONSTANT.   IGNORED.
 **********
 **   50 **FIX            6
 **********
 **********
 **   51 **FIX            7
 **********
 **********
 **   52 **FIX           10
 **********
 PARAMETER   10  IS CONSTANT.   IGNORED.
 **********
 **   53 **FIX           11
 **********
 PARAMETER   11  IS CONSTANT.   IGNORED.
 **********
 **   54 **FIX           12
 **********
 PARAMETER   12  IS CONSTANT.   IGNORED.
 **********
 **   55 **FIX           13
 **********
 PARAMETER   13  IS CONSTANT.   IGNORED.
 **********
 **   56 **FIX           14
 **********
 **********
 **   57 **FIX           15
 **********
 PARAMETER   15  IS CONSTANT.   IGNORED.
 **********
 **   58 **FIX           16
 **********
 PARAMETER   16  IS CONSTANT.   IGNORED.
 **********
 **   59 **MIGRAD
 **********
 START MIGRAD MINIMIZATION.  STRATEGY  1.  CONVERGENCE WHEN EDM .LT. 1.00e-04
 FCN=335.423 FROM MIGRAD    STATUS=INITIATE       12 CALLS         865 TOTAL
                     EDM= unknown      STRATEGY= 1      NO ERROR MATRIX       
  EXT PARAMETER               CURRENT GUESS       STEP         FIRST   
  NO.   NAME      VALUE            ERROR          SIZE      DERIVATIVE 
   1  N0           3.30511e+06     fixed    
   2  tau          6.44004e+01   constant   
   3  A0           3.61801e-01     fixed    
   4  phi          4.12158e+00     fixed    
   5  R           -6.05915e+01   constant   
   6  A_CBO        5.76339e-05     fixed    
   7  w_CBO        2.32653e+00     fixed    
   8  phi_CBO      5.06890e+00   7.97906e-01   7.97906e-01  -7.36390e-02
   9  ANx2         3.16430e-04   constant   
  10  pNx2         2.82055e+00   constant   
  11  ANy1         0.00000e+00   constant   
  12  pNy1         0.00000e+00   constant   
  13  w_y          0.00000e+00   constant   
  14  ANy2         2.91557e-04     fixed    
  15  pNy2         2.23607e+00   constant   
  16  w_vw         1.43191e+01   constant   
  17  LM          -1.34420e-04   constant   
  18  wCBO_expCoeff   1.99824e+02   1.94331e-01   1.53670e-04   1.55242e-02
  19  wCBO_expOffset   2.00112e+02   3.18366e-02   9.54208e-05   1.19576e-01
  20  wCBO_expT    2.99695e+01   7.85745e-03   1.42906e-05   2.89147e-01
  21  wCBO_linCoeff   0.00000e+00   constant   
  22  wCBO_const   7.15263e-04   1.18792e-03   5.09305e-06   8.19115e-01
 MIGRAD MINIMIZATION HAS CONVERGED.
 MIGRAD WILL VERIFY CONVERGENCE AND ERROR MATRIX.
 FCN=335.379 FROM HESSE     STATUS=NOT POSDEF     33 CALLS         948 TOTAL
                     EDM=0.000145408    STRATEGY= 1      ERR MATRIX NOT POS-DEF
  EXT PARAMETER                APPROXIMATE        STEP         FIRST   
  NO.   NAME      VALUE            ERROR          SIZE      DERIVATIVE 
   1  N0           3.30511e+06     fixed    
   2  tau          6.44004e+01   constant   
   3  A0           3.61801e-01     fixed    
   4  phi          4.12158e+00     fixed    
   5  R           -6.05915e+01   constant   
   6  A_CBO        5.76339e-05     fixed    
   7  w_CBO        2.32653e+00     fixed    
   8  phi_CBO      6.13609e+00   4.87502e+00   4.34303e-02   7.64336e-05
   9  ANx2         3.16430e-04   constant   
  10  pNx2         2.82055e+00   constant   
  11  ANy1         0.00000e+00   constant   
  12  pNy1         0.00000e+00   constant   
  13  w_y          0.00000e+00   constant   
  14  ANy2         2.91557e-04     fixed    
  15  pNy2         2.23607e+00   constant   
  16  w_vw         1.43191e+01   constant   
  17  LM          -1.34420e-04   constant   
  18  wCBO_expCoeff   1.99824e+02   2.15076e-01   1.54376e-04   2.98086e-02
  19  wCBO_expOffset   2.00112e+02   3.32979e-02   9.54208e-05   1.98815e-01
  20  wCBO_expT    2.99695e+01   8.27797e-03   1.42906e-05  -2.28009e+00
  21  wCBO_linCoeff   0.00000e+00   constant   
  22  wCBO_const   7.22933e-04   8.75767e-04   5.09201e-06   1.54382e+00
 MIGRAD MINIMIZATION HAS CONVERGED.
 MIGRAD WILL VERIFY CONVERGENCE AND ERROR MATRIX.
 FCN=335.379 FROM MIGRAD    STATUS=CONVERGED     140 CALLS         993 TOTAL
                     EDM=2.32844e-06    STRATEGY= 1      ERR MATRIX NOT POS-DEF
  EXT PARAMETER                APPROXIMATE        STEP         FIRST   
  NO.   NAME      VALUE            ERROR          SIZE      DERIVATIVE 
   1  N0           3.30511e+06     fixed    
   2  tau          6.44004e+01   constant   
   3  A0           3.61801e-01     fixed    
   4  phi          4.12158e+00     fixed    
   5  R           -6.05915e+01   constant   
   6  A_CBO        5.76339e-05     fixed    
   7  w_CBO        2.32653e+00     fixed    
   8  phi_CBO      6.14439e+00   4.87817e+00   4.34566e-02  -1.40323e-04
   9  ANx2         3.16430e-04   constant   
  10  pNx2         2.82055e+00   constant   
  11  ANy1         0.00000e+00   constant   
  12  pNy1         0.00000e+00   constant   
  13  w_y          0.00000e+00   constant   
  14  ANy2         2.91557e-04     fixed    
  15  pNy2         2.23607e+00   constant   
  16  w_vw         1.43191e+01   constant   
  17  LM          -1.34420e-04   constant   
  18  wCBO_expCoeff   1.99821e+02   2.14432e-01   1.54404e-04   2.67869e-02
  19  wCBO_expOffset   2.00111e+02   3.34942e-02   9.54206e-05   1.78673e-01
  20  wCBO_expT    2.99698e+01   8.23189e-03   1.42907e-05   3.98122e-01
  21  wCBO_linCoeff   0.00000e+00   constant   
  22  wCBO_const   7.09452e-04   8.71416e-04   5.09260e-06  -1.97463e+00
 EXTERNAL ERROR MATRIX.    NDIM=  25    NPAR=  5    ERR DEF=1
  2.380e+01 -3.464e-02 -3.638e-03  2.952e-03  1.732e-04 
 -3.464e-02  4.598e-02 -5.373e-03 -5.291e-04  2.014e-05 
 -3.638e-03 -5.373e-03  1.122e-03 -1.106e-04  4.617e-06 
  2.952e-03 -5.291e-04 -1.106e-04  6.776e-05 -3.373e-06 
  1.732e-04  2.014e-05  4.617e-06 -3.373e-06  7.594e-07 
ERR MATRIX NOT POS-DEF
 PARAMETER  CORRELATION COEFFICIENTS  
       NO.  GLOBAL      8     18     19     20     22
        8  0.11787   1.000 -0.033 -0.022  0.074  0.041
       18  0.99676  -0.033  1.000 -0.748 -0.300  0.108
       19  0.99701  -0.022 -0.748  1.000 -0.401  0.158
       20  0.99441   0.074 -0.300 -0.401  1.000 -0.470
       22  0.75985   0.041  0.108  0.158 -0.470  1.000
 ERR MATRIX NOT POS-DEF
MINUIT - FIT ONLY 1-y
 **********
 **   60 **RES 
 **********
                   PARAMETER   14  ANy2 RESTORED TO VARIABLE.
                   PARAMETER    7  w_CBO RESTORED TO VARIABLE.
                   PARAMETER    6  A_CBO RESTORED TO VARIABLE.
                   PARAMETER    4  phi RESTORED TO VARIABLE.
                   PARAMETER    3  A0 RESTORED TO VARIABLE.
                   PARAMETER    1  N0 RESTORED TO VARIABLE.
 **********
 **   61 **FIX            0
 **********
 PARAMETER    0  IS UNDEFINED. IGNORED.
 **********
 **   62 **FIX            1
 **********
 **********
 **   63 **FIX            2
 **********
 PARAMETER    2  IS CONSTANT.   IGNORED.
 **********
 **   64 **FIX            3
 **********
 **********
 **   65 **FIX            4
 **********
 **********
 **   66 **FIX            5
 **********
 PARAMETER    5  IS CONSTANT.   IGNORED.
 **********
 **   67 **FIX            6
 **********
 **********
 **   68 **FIX            7
 **********
 **********
 **   69 **FIX            8
 **********
 **********
 **   70 **FIX            9
 **********
 PARAMETER    9  IS CONSTANT.   IGNORED.
 **********
 **   71 **FIX           13
 **********
 PARAMETER   13  IS CONSTANT.   IGNORED.
 **********
 **   72 **FIX           14
 **********
 **********
 **   73 **FIX           15
 **********
 PARAMETER   15  IS CONSTANT.   IGNORED.
 **********
 **   74 **FIX           16
 **********
 PARAMETER   16  IS CONSTANT.   IGNORED.
 **********
 **   75 **MIGRAD
 **********
 START MIGRAD MINIMIZATION.  STRATEGY  1.  CONVERGENCE WHEN EDM .LT. 1.00e-04
 FCN=335.379 FROM MIGRAD    STATUS=INITIATE        8 CALLS        1001 TOTAL
                     EDM= unknown      STRATEGY= 1      NO ERROR MATRIX       
  EXT PARAMETER               CURRENT GUESS       STEP         FIRST   
  NO.   NAME      VALUE            ERROR          SIZE      DERIVATIVE 
   1  N0           3.30511e+06     fixed    
   2  tau          6.44004e+01   constant   
   3  A0           3.61801e-01     fixed    
   4  phi          4.12158e+00     fixed    
   5  R           -6.05915e+01   constant   
   6  A_CBO        5.76339e-05     fixed    
   7  w_CBO        2.32653e+00     fixed    
   8  phi_CBO      6.14439e+00     fixed    
   9  ANx2         3.16430e-04   constant   
  10  pNx2         2.82055e+00   constant   
  11  ANy1         0.00000e+00   constant   
  12  pNy1         0.00000e+00   constant   
  13  w_y          0.00000e+00   constant   
  14  ANy2         2.91557e-04     fixed    
  15  pNy2         2.23607e+00   constant   
  16  w_vw         1.43191e+01   constant   
  17  LM          -1.34420e-04   constant   
  18  wCBO_expCoeff   1.99821e+02   2.14432e-01   1.54404e-04   2.69207e-02
  19  wCBO_expOffset   2.00111e+02   3.34942e-02   9.54206e-05   1.95178e-01
  20  wCBO_expT    2.99698e+01   8.23189e-03   1.42907e-05   3.99566e-01
  21  wCBO_linCoeff   0.00000e+00   constant   
  22  wCBO_const   7.09452e-04   8.71416e-04   5.09260e-06  -1.97722e+00
 MIGRAD MINIMIZATION HAS CONVERGED.
 MIGRAD WILL VERIFY CONVERGENCE AND ERROR MATRIX.
 FCN=335.379 FROM MIGRAD    STATUS=CONVERGED      43 CALLS        1036 TOTAL
                     EDM=2.70584e-07    STRATEGY= 1      ERR MATRIX NOT POS-DEF
  EXT PARAMETER                APPROXIMATE        STEP         FIRST   
  NO.   NAME      VALUE            ERROR          SIZE      DERIVATIVE 
   1  N0           3.30511e+06     fixed    
   2  tau          6.44004e+01   constant   
   3  A0           3.61801e-01     fixed    
   4  phi          4.12158e+00     fixed    
   5  R           -6.05915e+01   constant   
   6  A_CBO        5.76339e-05     fixed    
   7  w_CBO        2.32653e+00     fixed    
   8  phi_CBO      6.14439e+00     fixed    
   9  ANx2         3.16430e-04   constant   
  10  pNx2         2.82055e+00   constant   
  11  ANy1         0.00000e+00   constant   
  12  pNy1         0.00000e+00   constant   
  13  w_y          0.00000e+00   constant   
  14  ANy2         2.91557e-04     fixed    
  15  pNy2         2.23607e+00   constant   
  16  w_vw         1.43191e+01   constant   
  17  LM          -1.34420e-04   constant   
  18  wCBO_expCoeff   1.99821e+02   2.14305e-01   1.54846e-04  -3.22282e-02
  19  wCBO_expOffset   2.00111e+02   3.35126e-02   9.54206e-05  -2.14805e-01
  20  wCBO_expT    2.99698e+01   8.20795e-03   1.42907e-05  -6.77551e-01
  21  wCBO_linCoeff   0.00000e+00   constant   
  22  wCBO_const   7.10034e-04   8.70753e-04   5.08685e-06  -1.27755e+00
 EXTERNAL ERROR MATRIX.    NDIM=  25    NPAR=  4    ERR DEF=1
  4.593e-02 -5.385e-03 -5.223e-04  2.029e-05 
 -5.385e-03  1.123e-03 -1.104e-04  4.657e-06 
 -5.223e-04 -1.104e-04  6.737e-05 -3.394e-06 
  2.029e-05  4.657e-06 -3.394e-06  7.582e-07 
ERR MATRIX NOT POS-DEF
 PARAMETER  CORRELATION COEFFICIENTS  
       NO.  GLOBAL     18     19     20     22
       18  0.99676   1.000 -0.750 -0.297  0.109
       19  0.99702  -0.750  1.000 -0.401  0.160
       20  0.99438  -0.297 -0.401  1.000 -0.475
       22  0.75941   0.109  0.160 -0.475  1.000
 ERR MATRIX NOT POS-DEF
MINUIT - FIT ONLY 2-y
 **********
 **   76 **RES 
 **********
                   PARAMETER   14  ANy2 RESTORED TO VARIABLE.
                   PARAMETER    8  phi_CBO RESTORED TO VARIABLE.
                   PARAMETER    7  w_CBO RESTORED TO VARIABLE.
                   PARAMETER    6  A_CBO RESTORED TO VARIABLE.
                   PARAMETER    4  phi RESTORED TO VARIABLE.
                   PARAMETER    3  A0 RESTORED TO VARIABLE.
                   PARAMETER    1  N0 RESTORED TO VARIABLE.
 **********
 **   77 **FIX            0
 **********
 PARAMETER    0  IS UNDEFINED. IGNORED.
 **********
 **   78 **FIX            1
 **********
 **********
 **   79 **FIX            2
 **********
 PARAMETER    2  IS CONSTANT.   IGNORED.
 **********
 **   80 **FIX            3
 **********
 **********
 **   81 **FIX            4
 **********
 **********
 **   82 **FIX            5
 **********
 PARAMETER    5  IS CONSTANT.   IGNORED.
 **********
 **   83 **FIX            6
 **********
 **********
 **   84 **FIX            7
 **********
 **********
 **   85 **FIX            8
 **********
 **********
 **   86 **FIX            9
 **********
 PARAMETER    9  IS CONSTANT.   IGNORED.
 **********
 **   87 **FIX           10
 **********
 PARAMETER   10  IS CONSTANT.   IGNORED.
 **********
 **   88 **FIX           11
 **********
 PARAMETER   11  IS CONSTANT.   IGNORED.
 **********
 **   89 **FIX           12
 **********
 PARAMETER   12  IS CONSTANT.   IGNORED.
 **********
 **   90 **FIX           16
 **********
 PARAMETER   16  IS CONSTANT.   IGNORED.
 **********
 **   91 **MIGRAD
 **********
 START MIGRAD MINIMIZATION.  STRATEGY  1.  CONVERGENCE WHEN EDM .LT. 1.00e-04
 FCN=335.379 FROM MIGRAD    STATUS=INITIATE       10 CALLS        1046 TOTAL
                     EDM= unknown      STRATEGY= 1      NO ERROR MATRIX       
  EXT PARAMETER               CURRENT GUESS       STEP         FIRST   
  NO.   NAME      VALUE            ERROR          SIZE      DERIVATIVE 
   1  N0           3.30511e+06     fixed    
   2  tau          6.44004e+01   constant   
   3  A0           3.61801e-01     fixed    
   4  phi          4.12158e+00     fixed    
   5  R           -6.05915e+01   constant   
   6  A_CBO        5.76339e-05     fixed    
   7  w_CBO        2.32653e+00     fixed    
   8  phi_CBO      6.14439e+00     fixed    
   9  ANx2         3.16430e-04   constant   
  10  pNx2         2.82055e+00   constant   
  11  ANy1         0.00000e+00   constant   
  12  pNy1         0.00000e+00   constant   
  13  w_y          0.00000e+00   constant   
  14  ANy2         2.91557e-04   4.07220e-04   4.07220e-04   2.48593e+01
  15  pNy2         2.23607e+00   constant   
  16  w_vw         1.43191e+01   constant   
  17  LM          -1.34420e-04   constant   
  18  wCBO_expCoeff   1.99821e+02   2.14305e-01   1.54846e-04  -3.20931e-02
  19  wCBO_expOffset   2.00111e+02   3.35126e-02   9.54206e-05  -1.98134e-01
  20  wCBO_expT    2.99698e+01   8.20795e-03   1.42907e-05  -6.76041e-01
  21  wCBO_linCoeff   0.00000e+00   constant   
  22  wCBO_const   7.10034e-04   8.70753e-04   5.08685e-06  -1.28016e+00
 MIGRAD MINIMIZATION HAS CONVERGED.
 MIGRAD WILL VERIFY CONVERGENCE AND ERROR MATRIX.
 FCN=335.379 FROM MIGRAD    STATUS=CONVERGED      52 CALLS        1088 TOTAL
                     EDM=7.36651e-07    STRATEGY= 1      ERR MATRIX NOT POS-DEF
  EXT PARAMETER                APPROXIMATE        STEP         FIRST   
  NO.   NAME      VALUE            ERROR          SIZE      DERIVATIVE 
   1  N0           3.30511e+06     fixed    
   2  tau          6.44004e+01   constant   
   3  A0           3.61801e-01     fixed    
   4  phi          4.12158e+00     fixed    
   5  R           -6.05915e+01   constant   
   6  A_CBO        5.76339e-05     fixed    
   7  w_CBO        2.32653e+00     fixed    
   8  phi_CBO      6.14439e+00     fixed    
   9  ANx2         3.16430e-04   constant   
  10  pNx2         2.82055e+00   constant   
  11  ANy1         0.00000e+00   constant   
  12  pNy1         0.00000e+00   constant   
  13  w_y          0.00000e+00   constant   
  14  ANy2         2.89499e-04   4.06202e-04   3.64392e-06   1.97638e-01
  15  pNy2         2.23607e+00   constant   
  16  w_vw         1.43191e+01   constant   
  17  LM          -1.34420e-04   constant   
  18  wCBO_expCoeff   1.99821e+02   2.14420e-01   1.54853e-04   6.79083e-02
  19  wCBO_expOffset   2.00111e+02   3.34883e-02   9.54206e-05   4.56833e-01
  20  wCBO_expT    2.99698e+01   8.21146e-03   1.42907e-05   1.34688e+00
  21  wCBO_linCoeff   0.00000e+00   constant   
  22  wCBO_const   7.10241e-04   8.70958e-04   5.08698e-06   1.70893e+00
 EXTERNAL ERROR MATRIX.    NDIM=  25    NPAR=  5    ERR DEF=1
  1.650e-07 -2.708e-08 -2.240e-08 -1.082e-08  4.950e-09 
 -2.708e-08  4.598e-02 -5.382e-03 -5.260e-04  2.046e-05 
 -2.240e-08 -5.382e-03  1.121e-03 -1.100e-04  4.641e-06 
 -1.082e-08 -5.260e-04 -1.100e-04  6.743e-05 -3.398e-06 
  4.950e-09  2.046e-05  4.641e-06 -3.398e-06  7.586e-07 
ERR MATRIX NOT POS-DEF
