 + ++++++++++++++++++++++++++++++++++++++++++++++++++++++++++++++++++++ +
 +                                                                      +
 +           You have chose to blind your fitting according to          +
 +                omega_ref * (1 + (R +/- deltaR) *10^{-6})             +
 +                                                                      +
 + ++++++++++++++++++++++++++++++++++++++++++++++++++++++++++++++++++++ +
In main()...
reading format from /gm2data/zkhechad/run45/envelope/formats/formatB_sBin_constraintOn.txt
pBinTau 	= 0  
pBinPhi 	= 0  
constraintau 	= 1 
includeMopTerm 	= 0    
constrainMop    = 0   
Parameters after format file: pBinTau 0 pBinPhi 0 constraintau 1 includeMopTerm 0 constrainMop 0 c_e_scale 0.000000 
reading cbo reference file (full fit) from /gm2data/zkhechad/cboTemplates/Run4CBOTemplates/fullFits/run4/sBin_constraintOn_cE0.0_seed0_run4_calo2.root
A_CBO 0.007108 w_CBO 2.327171 phi_CBO 2.947562 N0 3111930.391320 R -60.007933 tau 64.411359 
Reading cboRef file /gm2data/zkhechad/cboTemplates/Run4CBOTemplates//cboIsolate/run4_calo2.root
deltaT 8.200238
windowBins = 120
fitting sliding window 220 from bin 423 at 63.111600 to bin 543 at 81.015600 (120 bins)

Reading data from /gm2data/cornell/histograms/aMethod/histogram_a_run4.root
fitting cbo isolate
 **********
 **    1 **SET PRINTOUT            1
 **********
 **********
 **    2 **SET NOWARNINGS 
 **********
 PARAMETER DEFINITIONS:
    NO.   NAME         VALUE      STEP SIZE      LIMITS
     1 A_CBO        7.10761e-03  1.00000e-05     no limits
     2 w_CBO        2.32717e+00  1.00000e-02    2.00000e+00  3.00000e+00
     3 phi_CBO      2.94756e+00  1.00000e-02    0.00000e+00  6.28319e+00
 **********
 **    3 **MIGRAD
 **********
 FIRST CALL TO USER FUNCTION AT NEW START POINT, WITH IFLAG=4.
 START MIGRAD MINIMIZATION.  STRATEGY  1.  CONVERGENCE WHEN EDM .LT. 1.00e-04
 FCN=0.000381116 FROM MIGRAD    STATUS=INITIATE       12 CALLS          13 TOTAL
                     EDM= unknown      STRATEGY= 1      NO ERROR MATRIX       
  EXT PARAMETER               CURRENT GUESS       STEP         FIRST   
  NO.   NAME      VALUE            ERROR          SIZE      DERIVATIVE 
   1  A_CBO        7.10761e-03   1.00000e-05   1.00000e-05   2.72322e-01
   2  w_CBO        2.32717e+00   1.00000e-02   2.13160e-02  -2.14730e-03
   3  phi_CBO      2.94756e+00   1.00000e-02   3.18919e-03   1.77086e-04
 MIGRAD MINIMIZATION HAS CONVERGED.
 MIGRAD WILL VERIFY CONVERGENCE AND ERROR MATRIX.
 COVARIANCE MATRIX CALCULATED SUCCESSFULLY
 FCN=7.437e-05 FROM MIGRAD    STATUS=CONVERGED      37 CALLS          38 TOTAL
                     EDM=2.94074e-06    STRATEGY= 1      ERROR MATRIX ACCURATE 
  EXT PARAMETER                                   STEP         FIRST   
  NO.   NAME      VALUE            ERROR          SIZE      DERIVATIVE 
   1  A_CBO        4.85935e-03   1.29629e-01   6.27163e-05   1.45722e-04
   2  w_CBO        2.32739e+00   7.12953e-01   3.18965e-04   5.82699e-04
   3  phi_CBO      2.93371e+00   3.95674e+00   3.18919e-03  -7.26553e-05
 EXTERNAL ERROR MATRIX.    NDIM=  25    NPAR=  3    ERR DEF=1
  1.680e-02 -9.521e-02 -6.792e+00 
 -9.521e-02  3.005e+01  2.164e+03 
 -6.792e+00  2.164e+03  1.566e+05 
 PARAMETER  CORRELATION COEFFICIENTS  
       NO.  GLOBAL      1      2      3
        1  0.13525   1.000 -0.134 -0.132
        2  0.99772  -0.134  1.000  0.998
        3  0.99772  -0.132  0.998  1.000
setting A_CBO=0.004859 w_CBO=2.327386, phi_CBO=2.933706
done fitting cbo isolate
 **********
 **    1 **SET PRINTOUT            1
 **********
 **********
 **    2 **SET NOWARNINGS 
 **********
 PARAMETER DEFINITIONS:
    NO.   NAME         VALUE      STEP SIZE      LIMITS
     1 N0           3.11193e+06  1.00000e+02     no limits
     2 tau          6.44114e+01  constant
     3 A0           3.64516e-01  1.00000e-04     no limits
     4 phi          4.11813e+00  1.00000e-02     no limits
     5 R           -6.00079e+01  constant
     6 A_CBO        4.85935e-03  1.00000e-05     no limits
     7 w_CBO        2.32739e+00  1.00000e-03     no limits
     8 phi_CBO      2.93371e+00  1.00000e-04     no limits
     9 ANx2         3.40456e-04  constant
    10 pNx2         3.19484e+00  constant
    11 ANy1         0.00000e+00  constant
    12 pNy1         0.00000e+00  constant
    13 w_y          0.00000e+00  constant
    14 ANy2         1.04941e-02  1.00000e-04     no limits
    15 pNy2         5.11372e+00  constant
    16 w_vw         1.43155e+01  constant
    17 LM           3.07992e-04  constant
    18 wCBO_expCoeff   2.00000e+02  1.00000e+00     no limits
    19 wCBO_expOffset   2.00000e+02  1.00000e+00     no limits
    20 wCBO_expT    3.00000e+01  1.00000e+00     no limits
    21 wCBO_linCoeff   0.00000e+00  constant
    22 wCBO_const   0.00000e+00  1.00000e-02     no limits
MINUIT - FIT ONLY WIGGLE
 **********
 **    3 **FIX            5
 **********
 PARAMETER    5  IS CONSTANT.   IGNORED.
 **********
 **    4 **FIX            6
 **********
 **********
 **    5 **FIX            7
 **********
 **********
 **    6 **FIX            8
 **********
 **********
 **    7 **FIX            9
 **********
 PARAMETER    9  IS CONSTANT.   IGNORED.
 **********
 **    8 **FIX           10
 **********
 PARAMETER   10  IS CONSTANT.   IGNORED.
 **********
 **    9 **FIX           11
 **********
 PARAMETER   11  IS CONSTANT.   IGNORED.
 **********
 **   10 **FIX           12
 **********
 PARAMETER   12  IS CONSTANT.   IGNORED.
 **********
 **   11 **FIX           13
 **********
 PARAMETER   13  IS CONSTANT.   IGNORED.
 **********
 **   12 **FIX           14
 **********
 **********
 **   13 **FIX           15
 **********
 PARAMETER   15  IS CONSTANT.   IGNORED.
 **********
 **   14 **FIX           16
 **********
 PARAMETER   16  IS CONSTANT.   IGNORED.
 **********
 **   15 **MIGRAD
 **********
 FIRST CALL TO USER FUNCTION AT NEW START POINT, WITH IFLAG=4.
 START MIGRAD MINIMIZATION.  STRATEGY  1.  CONVERGENCE WHEN EDM .LT. 1.00e-04
 FCN=5680.84 FROM MIGRAD    STATUS=INITIATE       32 CALLS          33 TOTAL
                     EDM= unknown      STRATEGY= 1      NO ERROR MATRIX       
  EXT PARAMETER               CURRENT GUESS       STEP         FIRST   
  NO.   NAME      VALUE            ERROR          SIZE      DERIVATIVE 
   1  N0           3.11193e+06   1.00000e+02   1.00000e+02   9.01259e-03
   2  tau          6.44114e+01   constant   
   3  A0           3.64516e-01   1.00000e-04   1.00000e-04  -3.56030e+03
   4  phi          4.11813e+00   1.00000e-02   1.00000e-02  -4.14347e+03
   5  R           -6.00079e+01   constant   
   6  A_CBO        4.85935e-03     fixed    
   7  w_CBO        2.32739e+00     fixed    
   8  phi_CBO      2.93371e+00     fixed    
   9  ANx2         3.40456e-04   constant   
  10  pNx2         3.19484e+00   constant   
  11  ANy1         0.00000e+00   constant   
  12  pNy1         0.00000e+00   constant   
  13  w_y          0.00000e+00   constant   
  14  ANy2         1.04941e-02     fixed    
  15  pNy2         5.11372e+00   constant   
  16  w_vw         1.43155e+01   constant   
  17  LM           3.07992e-04   constant   
  18  wCBO_expCoeff   2.00000e+02   1.00000e+00   1.00000e+00  -2.20433e+06
  19  wCBO_expOffset   2.00000e+02   1.00000e+00   1.00000e+00   7.90904e+05
  20  wCBO_expT    3.00000e+01   1.00000e+00   1.00000e+00   1.53600e+06
  21  wCBO_linCoeff   0.00000e+00   constant   
  22  wCBO_const   0.00000e+00   1.00000e-02   1.00000e-02   1.66414e+05
 MIGRAD FAILS TO FIND IMPROVEMENT
 COVARIANCE MATRIX CALCULATED SUCCESSFULLY
 FCN=5219.35 FROM HESSE     STATUS=OK             56 CALLS         141 TOTAL
                     EDM=2537.92    STRATEGY= 1      ERROR MATRIX ACCURATE 
  EXT PARAMETER                                   STEP         FIRST   
  NO.   NAME      VALUE            ERROR          SIZE      DERIVATIVE 
   1  N0           3.11183e+06   3.55229e+02   1.15935e+01   1.02038e-02
   2  tau          6.44114e+01   constant   
   3  A0           3.64524e-01   1.53842e-04   5.03321e-06   1.12973e+04
   4  phi          4.11820e+00   4.39447e-04   1.42057e-05   1.20612e+04
   5  R           -6.00079e+01   constant   
   6  A_CBO        4.85935e-03     fixed    
   7  w_CBO        2.32739e+00     fixed    
   8  phi_CBO      2.93371e+00     fixed    
   9  ANx2         3.40456e-04   constant   
  10  pNx2         3.19484e+00   constant   
  11  ANy1         0.00000e+00   constant   
  12  pNy1         0.00000e+00   constant   
  13  w_y          0.00000e+00   constant   
  14  ANy2         1.04941e-02     fixed    
  15  pNy2         5.11372e+00   constant   
  16  w_vw         1.43155e+01   constant   
  17  LM           3.07992e-04   constant   
  18  wCBO_expCoeff   2.00000e+02   5.52614e-06   9.53675e-05  -3.36949e+05
  19  wCBO_expOffset   2.00000e+02   4.44287e-06   9.53674e-05  -1.86410e+06
  20  wCBO_expT    3.00000e+01   1.98435e-06   1.43051e-05   3.74396e+07
  21  wCBO_linCoeff   0.00000e+00   constant   
  22  wCBO_const  -3.89890e-03   9.18819e-04   8.89578e-06  -2.51432e+04
 MIGRAD FAILS TO FIND IMPROVEMENT
 MIGRAD TERMINATED WITHOUT CONVERGENCE.
 FCN=5218.81 FROM MIGRAD    STATUS=FAILED        189 CALLS         190 TOTAL
                     EDM=20.4883    STRATEGY= 1  ERROR MATRIX UNCERTAINTY   1.2 per cent
  EXT PARAMETER                APPROXIMATE        STEP         FIRST   
  NO.   NAME      VALUE            ERROR          SIZE      DERIVATIVE 
   1  N0           3.11183e+06   3.41329e+02  -0.00000e+00   9.61663e-03
   2  tau          6.44114e+01   constant   
   3  A0           3.64524e-01   1.46510e-04  -0.00000e+00   9.47889e+03
   4  phi          4.11817e+00   4.20230e-04  -0.00000e+00   1.18925e+04
   5  R           -6.00079e+01   constant   
   6  A_CBO        4.85935e-03     fixed    
   7  w_CBO        2.32739e+00     fixed    
   8  phi_CBO      2.93371e+00     fixed    
   9  ANx2         3.40456e-04   constant   
  10  pNx2         3.19484e+00   constant   
  11  ANy1         0.00000e+00   constant   
  12  pNy1         0.00000e+00   constant   
  13  w_y          0.00000e+00   constant   
  14  ANy2         1.04941e-02     fixed    
  15  pNy2         5.11372e+00   constant   
  16  w_vw         1.43155e+01   constant   
  17  LM           3.07992e-04   constant   
  18  wCBO_expCoeff   2.00000e+02   5.32146e-06   0.00000e+00  -5.32361e+05
  19  wCBO_expOffset   2.00000e+02   3.82419e-06   0.00000e+00  -1.56586e+06
  20  wCBO_expT    3.00000e+01   6.15714e-08   0.00000e+00  -1.63385e+07
  21  wCBO_linCoeff   0.00000e+00   constant   
  22  wCBO_const  -3.87285e-03   2.55709e-04  -0.00000e+00  -1.66303e+04
 EXTERNAL ERROR MATRIX.    NDIM=  25    NPAR=  7    ERR DEF=1
  1.165e+05  2.497e-03  4.129e-03  2.699e-04  2.325e-04 -2.049e-06 -7.432e-03 
  2.497e-03  2.147e-08 -1.501e-10  1.072e-10  1.039e-10 -8.055e-13 -1.351e-09 
  4.129e-03 -1.501e-10  1.766e-07 -2.203e-10 -2.424e-10  1.576e-12  1.083e-08 
  2.699e-04  1.072e-10 -2.203e-10  2.832e-11  9.985e-12 -2.547e-13 -1.259e-09 
  2.325e-04  1.039e-10 -2.424e-10  9.985e-12  1.462e-11 -5.545e-14 -5.428e-10 
 -2.049e-06 -8.055e-13  1.576e-12 -2.547e-13 -5.545e-14  3.791e-15  1.126e-11 
 -7.432e-03 -1.351e-09  1.083e-08 -1.259e-09 -5.428e-10  1.126e-11  6.539e-08 
ERR MATRIX APPROXIMATE
 PARAMETER  CORRELATION COEFFICIENTS  
       NO.  GLOBAL      1      3      4     18     19     20     22
        1  0.27624   1.000  0.050  0.029  0.149  0.178 -0.097 -0.085
        3  0.35802   0.050  1.000 -0.002  0.138  0.185 -0.089 -0.036
        4  0.16978   0.029 -0.002  1.000 -0.099 -0.151  0.061  0.101
       18  0.94578   0.149  0.138 -0.099  1.000  0.491 -0.777 -0.925
       19  0.65224   0.178  0.185 -0.151  0.491  1.000 -0.235 -0.555
       20  0.79675  -0.097 -0.089  0.061 -0.777 -0.235  1.000  0.715
       22  0.94130  -0.085 -0.036  0.101 -0.925 -0.555  0.715  1.000
 ERR MATRIX APPROXIMATE
MINUIT - FIT ONLY 1-CBO + other amplitudes 
 **********
 **   16 **RES 
 **********
                   PARAMETER   14  ANy2 RESTORED TO VARIABLE.
                   PARAMETER    8  phi_CBO RESTORED TO VARIABLE.
                   PARAMETER    7  w_CBO RESTORED TO VARIABLE.
                   PARAMETER    6  A_CBO RESTORED TO VARIABLE.
 **********
 **   17 **FIX            0
 **********
 PARAMETER    0  IS UNDEFINED. IGNORED.
 **********
 **   18 **FIX            1
 **********
 **********
 **   19 **FIX            2
 **********
 PARAMETER    2  IS CONSTANT.   IGNORED.
 **********
 **   20 **FIX            3
 **********
 **********
 **   21 **FIX            4
 **********
 **********
 **   22 **FIX            9
 **********
 PARAMETER    9  IS CONSTANT.   IGNORED.
 **********
 **   23 **FIX           11
 **********
 PARAMETER   11  IS CONSTANT.   IGNORED.
 **********
 **   24 **FIX           12
 **********
 PARAMETER   12  IS CONSTANT.   IGNORED.
 **********
 **   25 **FIX           14
 **********
 **********
 **   26 **FIX           15
 **********
 PARAMETER   15  IS CONSTANT.   IGNORED.
 **********
 **   27 **FIX           16
 **********
 PARAMETER   16  IS CONSTANT.   IGNORED.
 **********
 **   28 **MIGRAD
 **********
 START MIGRAD MINIMIZATION.  STRATEGY  1.  CONVERGENCE WHEN EDM .LT. 1.00e-04
 FCN=5218.81 FROM MIGRAD    STATUS=INITIATE       22 CALLS         212 TOTAL
                     EDM= unknown      STRATEGY= 1      NO ERROR MATRIX       
  EXT PARAMETER               CURRENT GUESS       STEP         FIRST   
  NO.   NAME      VALUE            ERROR          SIZE      DERIVATIVE 
   1  N0           3.11183e+06     fixed    
   2  tau          6.44114e+01   constant   
   3  A0           3.64524e-01     fixed    
   4  phi          4.11817e+00     fixed    
   5  R           -6.00079e+01   constant   
   6  A_CBO        4.85935e-03   1.00000e-05   1.00000e-05   2.46580e+05
   7  w_CBO        2.32739e+00   1.00000e-03   1.00000e-03  -4.57597e+07
   8  phi_CBO      2.93371e+00   1.00000e-04   1.00000e-04   2.51550e+01
   9  ANx2         3.40456e-04   constant   
  10  pNx2         3.19484e+00   constant   
  11  ANy1         0.00000e+00   constant   
  12  pNy1         0.00000e+00   constant   
  13  w_y          0.00000e+00   constant   
  14  ANy2         1.04941e-02     fixed    
  15  pNy2         5.11372e+00   constant   
  16  w_vw         1.43155e+01   constant   
  17  LM           3.07992e-04   constant   
  18  wCBO_expCoeff   2.00000e+02   5.32146e-06   0.00000e+00  -5.32361e+05
  19  wCBO_expOffset   2.00000e+02   3.82419e-06   0.00000e+00  -1.56586e+06
  20  wCBO_expT    3.00000e+01   6.15714e-08   0.00000e+00  -1.63385e+07
  21  wCBO_linCoeff   0.00000e+00   constant   
  22  wCBO_const  -3.87285e-03   2.55709e-04  -0.00000e+00  -1.66303e+04
 MIGRAD FAILS TO FIND IMPROVEMENT
 FCN=4837.15 FROM HESSE     STATUS=NOT POSDEF     58 CALLS         318 TOTAL
                     EDM=2078.33    STRATEGY= 1      ERR MATRIX NOT POS-DEF
  EXT PARAMETER                APPROXIMATE        STEP         FIRST   
  NO.   NAME      VALUE            ERROR          SIZE      DERIVATIVE 
   1  N0           3.11183e+06     fixed    
   2  tau          6.44114e+01   constant   
   3  A0           3.64524e-01     fixed    
   4  phi          4.11817e+00     fixed    
   5  R           -6.00079e+01   constant   
   6  A_CBO        1.91544e-03   1.10050e-03   5.28820e-06  -2.06283e+04
   7  w_CBO        2.32739e+00   4.10698e-07   1.10978e-06  -1.39549e+08
   8  phi_CBO      2.78073e+00   3.55203e-01   2.53339e-03   9.76029e+01
   9  ANx2         3.40456e-04   constant   
  10  pNx2         3.19484e+00   constant   
  11  ANy1         0.00000e+00   constant   
  12  pNy1         0.00000e+00   constant   
  13  w_y          0.00000e+00   constant   
  14  ANy2         1.04941e-02     fixed    
  15  pNy2         5.11372e+00   constant   
  16  w_vw         1.43155e+01   constant   
  17  LM           3.07992e-04   constant   
  18  wCBO_expCoeff   2.00000e+02   3.52938e-05   9.53675e-05  -1.62379e+06
  19  wCBO_expOffset   2.00000e+02   2.52503e-05   9.53674e-05  -8.87810e+06
  20  wCBO_expT    3.00000e+01   3.08086e-06   1.43051e-05   4.08123e+07
  21  wCBO_linCoeff   0.00000e+00   constant   
  22  wCBO_const  -1.66439e-03   2.95213e-03   1.30087e-05  -2.69992e+04
 MIGRAD FAILS TO FIND IMPROVEMENT
 MIGRAD TERMINATED WITHOUT CONVERGENCE.
 FCN=4797.92 FROM MIGRAD    STATUS=FAILED        208 CALLS         398 TOTAL
                     EDM=22.5379    STRATEGY= 1      ERR MATRIX NOT POS-DEF
  EXT PARAMETER                APPROXIMATE        STEP         FIRST   
  NO.   NAME      VALUE            ERROR          SIZE      DERIVATIVE 
   1  N0           3.11183e+06     fixed    
   2  tau          6.44114e+01   constant   
   3  A0           3.64524e-01     fixed    
   4  phi          4.11817e+00     fixed    
   5  R           -6.00079e+01   constant   
   6  A_CBO        2.45966e-03   1.69910e-04  -0.00000e+00   1.28776e+04
   7  w_CBO        2.32739e+00   8.14539e-08   0.00000e+00   5.22634e+07
   8  phi_CBO      2.81794e+00   1.10073e-01   0.00000e+00  -6.87298e+01
   9  ANx2         3.40456e-04   constant   
  10  pNx2         3.19484e+00   constant   
  11  ANy1         0.00000e+00   constant   
  12  pNy1         0.00000e+00   constant   
  13  w_y          0.00000e+00   constant   
  14  ANy2         1.04941e-02     fixed    
  15  pNy2         5.11372e+00   constant   
  16  w_vw         1.43155e+01   constant   
  17  LM           3.07992e-04   constant   
  18  wCBO_expCoeff   2.00000e+02   6.99978e-06   0.00000e+00   6.08202e+05
  19  wCBO_expOffset   2.00000e+02   5.34944e-06   0.00000e+00   3.44167e+05
  20  wCBO_expT    3.00000e+01   1.03030e-06   0.00000e+00  -2.63778e+06
  21  wCBO_linCoeff   0.00000e+00   constant   
  22  wCBO_const   2.24460e-03   8.35529e-04  -0.00000e+00   8.78003e+03
 EXTERNAL ERROR MATRIX.    NDIM=  25    NPAR=  7    ERR DEF=1
  2.887e-08 -9.129e-12 -1.187e-05 -7.845e-10 -5.800e-10 -1.069e-10  1.056e-07 
 -9.129e-12  6.635e-15  5.364e-09  3.015e-13  2.357e-13  4.824e-14 -4.371e-11 
 -1.187e-05  5.364e-09  1.212e-02  4.610e-07  4.659e-07  8.896e-08 -2.909e-05 
 -7.845e-10  3.015e-13  4.610e-07  4.900e-11  2.026e-11  4.146e-12 -3.756e-09 
 -5.800e-10  2.357e-13  4.659e-07  2.026e-11  2.862e-11  5.365e-12 -1.741e-09 
 -1.069e-10  4.824e-14  8.896e-08  4.146e-12  5.365e-12  1.062e-12 -2.781e-10 
  1.056e-07 -4.371e-11 -2.909e-05 -3.756e-09 -1.741e-09 -2.781e-10  6.981e-07 
ERR MATRIX NOT POS-DEF
 PARAMETER  CORRELATION COEFFICIENTS  
       NO.  GLOBAL      6      7      8     18     19     20     22
        6  0.86559   1.000 -0.660 -0.635 -0.660 -0.638 -0.611  0.744
        7  0.87985  -0.660  1.000  0.598  0.529  0.541  0.575 -0.642
        8  0.90214  -0.635  0.598  1.000  0.598  0.791  0.784 -0.316
       18  0.87984  -0.660  0.529  0.598  1.000  0.541  0.575 -0.642
       19  0.99001  -0.638  0.541  0.791  0.541  1.000  0.973 -0.390
       20  0.99017  -0.611  0.575  0.784  0.575  0.973  1.000 -0.323
       22  0.93798   0.744 -0.642 -0.316 -0.642 -0.390 -0.323  1.000
 ERR MATRIX NOT POS-DEF
MINUIT - FIT ONLY 1-CBO
 **********
 **   29 **RES 
 **********
                   PARAMETER   14  ANy2 RESTORED TO VARIABLE.
                   PARAMETER    4  phi RESTORED TO VARIABLE.
                   PARAMETER    3  A0 RESTORED TO VARIABLE.
                   PARAMETER    1  N0 RESTORED TO VARIABLE.
 **********
 **   30 **FIX            0
 **********
 PARAMETER    0  IS UNDEFINED. IGNORED.
 **********
 **   31 **FIX            1
 **********
 **********
 **   32 **FIX            2
 **********
 PARAMETER    2  IS CONSTANT.   IGNORED.
 **********
 **   33 **FIX            3
 **********
 **********
 **   34 **FIX            4
 **********
 **********
 **   35 **FIX            8
 **********
 **********
 **   36 **FIX            9
 **********
 PARAMETER    9  IS CONSTANT.   IGNORED.
 **********
 **   37 **FIX           11
 **********
 PARAMETER   11  IS CONSTANT.   IGNORED.
 **********
 **   38 **FIX           12
 **********
 PARAMETER   12  IS CONSTANT.   IGNORED.
 **********
 **   39 **FIX           13
 **********
 PARAMETER   13  IS CONSTANT.   IGNORED.
 **********
 **   40 **FIX           15
 **********
 PARAMETER   15  IS CONSTANT.   IGNORED.
 **********
 **   41 **FIX           16
 **********
 PARAMETER   16  IS CONSTANT.   IGNORED.
 **********
 **   42 **MIGRAD
 **********
 START MIGRAD MINIMIZATION.  STRATEGY  1.  CONVERGENCE WHEN EDM .LT. 1.00e-04
 FCN=4797.92 FROM MIGRAD    STATUS=INITIATE       16 CALLS         414 TOTAL
                     EDM= unknown      STRATEGY= 1      NO ERROR MATRIX       
  EXT PARAMETER               CURRENT GUESS       STEP         FIRST   
  NO.   NAME      VALUE            ERROR          SIZE      DERIVATIVE 
   1  N0           3.11183e+06     fixed    
   2  tau          6.44114e+01   constant   
   3  A0           3.64524e-01     fixed    
   4  phi          4.11817e+00     fixed    
   5  R           -6.00079e+01   constant   
   6  A_CBO        2.45966e-03   1.69910e-04  -0.00000e+00   1.28776e+04
   7  w_CBO        2.32739e+00   8.14539e-08   0.00000e+00   5.22634e+07
   8  phi_CBO      2.81794e+00     fixed    
   9  ANx2         3.40456e-04   constant   
  10  pNx2         3.19484e+00   constant   
  11  ANy1         0.00000e+00   constant   
  12  pNy1         0.00000e+00   constant   
  13  w_y          0.00000e+00   constant   
  14  ANy2         1.04941e-02   1.00000e-04   1.00000e-04   7.73703e+05
  15  pNy2         5.11372e+00   constant   
  16  w_vw         1.43155e+01   constant   
  17  LM           3.07992e-04   constant   
  18  wCBO_expCoeff   2.00000e+02   6.99978e-06   0.00000e+00   6.08202e+05
  19  wCBO_expOffset   2.00000e+02   5.34944e-06   0.00000e+00   3.44167e+05
  20  wCBO_expT    3.00000e+01   1.03030e-06   0.00000e+00  -2.63778e+06
  21  wCBO_linCoeff   0.00000e+00   constant   
  22  wCBO_const   2.24460e-03   8.35529e-04  -0.00000e+00   8.78003e+03
 MIGRAD FAILS TO FIND IMPROVEMENT
 FCN=1165.87 FROM HESSE     STATUS=NOT POSDEF     58 CALLS         561 TOTAL
                     EDM=11480.5    STRATEGY= 1      ERR MATRIX NOT POS-DEF
  EXT PARAMETER                APPROXIMATE        STEP         FIRST   
  NO.   NAME      VALUE            ERROR          SIZE      DERIVATIVE 
   1  N0           3.11183e+06     fixed    
   2  tau          6.44114e+01   constant   
   3  A0           3.64524e-01     fixed    
   4  phi          4.11817e+00     fixed    
   5  R           -6.00079e+01   constant   
   6  A_CBO       -1.21628e-04   9.81887e-05   2.59578e-06  -1.06304e+04
   7  w_CBO        2.32739e+00   1.97475e-06   1.10978e-06  -3.61019e+07
   8  phi_CBO      2.81794e+00     fixed    
   9  ANx2         3.40456e-04   constant   
  10  pNx2         3.19484e+00   constant   
  11  ANy1         0.00000e+00   constant   
  12  pNy1         0.00000e+00   constant   
  13  w_y          0.00000e+00   constant   
  14  ANy2         1.60543e-03   6.99155e-05   2.50762e-06   4.27964e+04
  15  pNy2         5.11372e+00   constant   
  16  w_vw         1.43155e+01   constant   
  17  LM           3.07992e-04   constant   
  18  wCBO_expCoeff   2.00000e+02   1.69710e-04   9.53675e-05  -4.20097e+05
  19  wCBO_expOffset   2.00000e+02   1.47117e-04   9.53674e-05  -1.40173e+06
  20  wCBO_expT    3.00000e+01   8.78633e-06   1.43051e-05   9.79167e+06
  21  wCBO_linCoeff   0.00000e+00   constant   
  22  wCBO_const   2.34331e-03   1.30097e-02   2.29398e-05  -3.77205e+03
 MIGRAD FAILS TO FIND IMPROVEMENT
 MIGRAD TERMINATED WITHOUT CONVERGENCE.
 FCN=1137.26 FROM MIGRAD    STATUS=FAILED        193 CALLS         591 TOTAL
                     EDM=959.693    STRATEGY= 1      ERR MATRIX NOT POS-DEF
  EXT PARAMETER                APPROXIMATE        STEP         FIRST   
  NO.   NAME      VALUE            ERROR          SIZE      DERIVATIVE 
   1  N0           3.11183e+06     fixed    
   2  tau          6.44114e+01   constant   
   3  A0           3.64524e-01     fixed    
   4  phi          4.11817e+00     fixed    
   5  R           -6.00079e+01   constant   
   6  A_CBO       -3.01313e-04   7.46809e-05  -0.00000e+00   7.87604e+04
   7  w_CBO        2.32739e+00   3.28263e-07  -0.00000e+00  -1.41641e+07
   8  phi_CBO      2.81794e+00     fixed    
   9  ANx2         3.40456e-04   constant   
  10  pNx2         3.19484e+00   constant   
  11  ANy1         0.00000e+00   constant   
  12  pNy1         0.00000e+00   constant   
  13  w_y          0.00000e+00   constant   
  14  ANy2         1.58889e-03   6.97400e-05  -0.00000e+00   4.30023e+04
  15  pNy2         5.11372e+00   constant   
  16  w_vw         1.43155e+01   constant   
  17  LM           3.07992e-04   constant   
  18  wCBO_expCoeff   2.00001e+02   2.82110e-05  -0.00000e+00  -1.64858e+05
  19  wCBO_expOffset   2.00000e+02   2.24775e-05  -0.00000e+00   7.92792e+04
  20  wCBO_expT    3.00000e+01   2.12662e-06  -0.00000e+00  -6.34856e+05
  21  wCBO_linCoeff   0.00000e+00   constant   
  22  wCBO_const  -3.28994e-02   2.05813e-03   0.00000e+00  -8.95935e+03
 EXTERNAL ERROR MATRIX.    NDIM=  25    NPAR=  7    ERR DEF=1
  5.577e-09 -6.422e-12  2.982e-10 -5.519e-10 -4.674e-10 -3.014e-11  3.821e-08 
 -6.422e-12  1.078e-13 -4.726e-13  7.555e-12  6.342e-12  5.297e-13 -6.001e-10 
  2.982e-10 -4.726e-13  4.864e-09 -4.062e-11 -3.156e-11 -2.033e-12  2.792e-09 
 -5.519e-10  7.555e-12 -4.062e-11  7.959e-10  5.450e-10  4.552e-11 -5.157e-08 
 -4.674e-10  6.342e-12 -3.156e-11  5.450e-10  5.052e-10  3.798e-11 -4.056e-08 
 -3.014e-11  5.297e-13 -2.033e-12  4.552e-11  3.798e-11  4.523e-12 -3.306e-09 
  3.821e-08 -6.001e-10  2.792e-09 -5.157e-08 -4.056e-08 -3.306e-09  4.236e-06 
ERR MATRIX NOT POS-DEF
 PARAMETER  CORRELATION COEFFICIENTS  
       NO.  GLOBAL      6      7     14     18     19     20     22
        6  0.29968   1.000 -0.262  0.057 -0.262 -0.278 -0.190  0.249
        7  0.90716  -0.262  1.000 -0.021  0.816  0.860  0.759 -0.888
       14  0.05770   0.057 -0.021  1.000 -0.021 -0.020 -0.014  0.019
       18  0.90716  -0.262  0.816 -0.021  1.000  0.860  0.759 -0.888
       19  0.91631  -0.278  0.860 -0.020  0.860  1.000  0.795 -0.877
       20  0.81681  -0.190  0.759 -0.014  0.759  0.795  1.000 -0.755
       22  0.93598   0.249 -0.888  0.019 -0.888 -0.877 -0.755  1.000
 ERR MATRIX NOT POS-DEF
MINUIT - FIT ONLY 2-CBO
 **********
 **   43 **RES 
 **********
                   PARAMETER    8  phi_CBO RESTORED TO VARIABLE.
                   PARAMETER    4  phi RESTORED TO VARIABLE.
                   PARAMETER    3  A0 RESTORED TO VARIABLE.
                   PARAMETER    1  N0 RESTORED TO VARIABLE.
 **********
 **   44 **FIX            0
 **********
 PARAMETER    0  IS UNDEFINED. IGNORED.
 **********
 **   45 **FIX            1
 **********
 **********
 **   46 **FIX            2
 **********
 PARAMETER    2  IS CONSTANT.   IGNORED.
 **********
 **   47 **FIX            3
 **********
 **********
 **   48 **FIX            4
 **********
 **********
 **   49 **FIX            5
 **********
 PARAMETER    5  IS CONSTANT.   IGNORED.
 **********
 **   50 **FIX            6
 **********
 **********
 **   51 **FIX            7
 **********
 **********
 **   52 **FIX           10
 **********
 PARAMETER   10  IS CONSTANT.   IGNORED.
 **********
 **   53 **FIX           11
 **********
 PARAMETER   11  IS CONSTANT.   IGNORED.
 **********
 **   54 **FIX           12
 **********
 PARAMETER   12  IS CONSTANT.   IGNORED.
 **********
 **   55 **FIX           13
 **********
 PARAMETER   13  IS CONSTANT.   IGNORED.
 **********
 **   56 **FIX           14
 **********
 **********
 **   57 **FIX           15
 **********
 PARAMETER   15  IS CONSTANT.   IGNORED.
 **********
 **   58 **FIX           16
 **********
 PARAMETER   16  IS CONSTANT.   IGNORED.
 **********
 **   59 **MIGRAD
 **********
 START MIGRAD MINIMIZATION.  STRATEGY  1.  CONVERGENCE WHEN EDM .LT. 1.00e-04
 FCN=1137.26 FROM MIGRAD    STATUS=INITIATE       12 CALLS         603 TOTAL
                     EDM= unknown      STRATEGY= 1      NO ERROR MATRIX       
  EXT PARAMETER               CURRENT GUESS       STEP         FIRST   
  NO.   NAME      VALUE            ERROR          SIZE      DERIVATIVE 
   1  N0           3.11183e+06     fixed    
   2  tau          6.44114e+01   constant   
   3  A0           3.64524e-01     fixed    
   4  phi          4.11817e+00     fixed    
   5  R           -6.00079e+01   constant   
   6  A_CBO       -3.01313e-04     fixed    
   7  w_CBO        2.32739e+00     fixed    
   8  phi_CBO      2.81794e+00   1.10073e-01   1.10073e-01  -3.32150e+00
   9  ANx2         3.40456e-04   constant   
  10  pNx2         3.19484e+00   constant   
  11  ANy1         0.00000e+00   constant   
  12  pNy1         0.00000e+00   constant   
  13  w_y          0.00000e+00   constant   
  14  ANy2         1.58889e-03     fixed    
  15  pNy2         5.11372e+00   constant   
  16  w_vw         1.43155e+01   constant   
  17  LM           3.07992e-04   constant   
  18  wCBO_expCoeff   2.00001e+02   2.82110e-05  -0.00000e+00  -1.64858e+05
  19  wCBO_expOffset   2.00000e+02   2.24775e-05  -0.00000e+00   7.92792e+04
  20  wCBO_expT    3.00000e+01   2.12662e-06  -0.00000e+00  -6.34856e+05
  21  wCBO_linCoeff   0.00000e+00   constant   
  22  wCBO_const  -3.28994e-02   2.05813e-03   0.00000e+00  -8.95935e+03
 MIGRAD FAILS TO FIND IMPROVEMENT
 FCN=1137.26 FROM HESSE     STATUS=NOT POSDEF     37 CALLS         651 TOTAL
                     EDM=15894.9    STRATEGY= 1      ERR MATRIX NOT POS-DEF
  EXT PARAMETER                APPROXIMATE        STEP         FIRST   
  NO.   NAME      VALUE            ERROR          SIZE      DERIVATIVE 
   1  N0           3.11183e+06     fixed    
   2  tau          6.44114e+01   constant   
   3  A0           3.64524e-01     fixed    
   4  phi          4.11817e+00     fixed    
   5  R           -6.00079e+01   constant   
   6  A_CBO       -3.01313e-04     fixed    
   7  w_CBO        2.32739e+00     fixed    
   8  phi_CBO      2.81794e+00   1.90522e-01   4.12219e-03  -3.32152e+00
   9  ANx2         3.40456e-04   constant   
  10  pNx2         3.19484e+00   constant   
  11  ANy1         0.00000e+00   constant   
  12  pNy1         0.00000e+00   constant   
  13  w_y          0.00000e+00   constant   
  14  ANy2         1.58889e-03     fixed    
  15  pNy2         5.11372e+00   constant   
  16  w_vw         1.43155e+01   constant   
  17  LM           3.07992e-04   constant   
  18  wCBO_expCoeff   2.00001e+02   1.58587e-04   9.53677e-05  -6.43328e+05
  19  wCBO_expOffset   2.00000e+02   8.91938e-05   9.53676e-05  -2.64900e+06
  20  wCBO_expT    3.00000e+01   7.90829e-06   1.43051e-05  -2.18501e+06
  21  wCBO_linCoeff   0.00000e+00   constant   
  22  wCBO_const  -3.28994e-02   1.15447e-02   1.74087e-05  -8.95940e+03
 MIGRAD FAILS TO FIND IMPROVEMENT
 MIGRAD TERMINATED WITHOUT CONVERGENCE.
 FCN=1122.55 FROM MIGRAD    STATUS=FAILED        191 CALLS         782 TOTAL
                     EDM=13.4427    STRATEGY= 1      ERR MATRIX NOT POS-DEF
  EXT PARAMETER                APPROXIMATE        STEP         FIRST   
  NO.   NAME      VALUE            ERROR          SIZE      DERIVATIVE 
   1  N0           3.11183e+06     fixed    
   2  tau          6.44114e+01   constant   
   3  A0           3.64524e-01     fixed    
   4  phi          4.11817e+00     fixed    
   5  R           -6.00079e+01   constant   
   6  A_CBO       -3.01313e-04     fixed    
   7  w_CBO        2.32739e+00     fixed    
   8  phi_CBO      2.87486e+00   3.30111e-01   0.00000e+00  -1.80171e+01
   9  ANx2         3.40456e-04   constant   
  10  pNx2         3.19484e+00   constant   
  11  ANy1         0.00000e+00   constant   
  12  pNy1         0.00000e+00   constant   
  13  w_y          0.00000e+00   constant   
  14  ANy2         1.58889e-03     fixed    
  15  pNy2         5.11372e+00   constant   
  16  w_vw         1.43155e+01   constant   
  17  LM           3.07992e-04   constant   
  18  wCBO_expCoeff   2.00001e+02   1.79863e-05  -0.00000e+00   1.50810e+05
  19  wCBO_expOffset   2.00000e+02   4.00226e-06   0.00000e+00   1.31884e+05
  20  wCBO_expT    3.00000e+01   1.63466e-06  -0.00000e+00   9.58393e+05
  21  wCBO_linCoeff   0.00000e+00   constant   
  22  wCBO_const  -3.38926e-02   8.36319e-04   0.00000e+00   1.63268e+03
 EXTERNAL ERROR MATRIX.    NDIM=  25    NPAR=  5    ERR DEF=1
  1.090e-01 -3.221e-06  5.817e-07 -2.060e-07  2.141e-04 
 -3.221e-06  3.235e-10 -5.048e-11  1.285e-11 -1.379e-08 
  5.817e-07 -5.048e-11  1.602e-11 -3.200e-12  2.369e-09 
 -2.060e-07  1.285e-11 -3.200e-12  2.672e-12 -8.689e-10 
  2.141e-04 -1.379e-08  2.369e-09 -8.689e-10  6.994e-07 
ERR MATRIX NOT POS-DEF
 PARAMETER  CORRELATION COEFFICIENTS  
       NO.  GLOBAL      8     18     19     20     22
        8  0.96563   1.000 -0.542  0.440 -0.382  0.776
       18  0.98896  -0.542  1.000 -0.701  0.437 -0.917
       19  0.73120   0.440 -0.701  1.000 -0.489  0.708
       20  0.92678  -0.382  0.437 -0.489  1.000 -0.636
       22  0.99546   0.776 -0.917  0.708 -0.636  1.000
 ERR MATRIX NOT POS-DEF
MINUIT - FIT ONLY 1-y
 **********
 **   60 **RES 
 **********
                   PARAMETER   14  ANy2 RESTORED TO VARIABLE.
                   PARAMETER    7  w_CBO RESTORED TO VARIABLE.
                   PARAMETER    6  A_CBO RESTORED TO VARIABLE.
                   PARAMETER    4  phi RESTORED TO VARIABLE.
                   PARAMETER    3  A0 RESTORED TO VARIABLE.
                   PARAMETER    1  N0 RESTORED TO VARIABLE.
 **********
 **   61 **FIX            0
 **********
 PARAMETER    0  IS UNDEFINED. IGNORED.
 **********
 **   62 **FIX            1
 **********
 **********
 **   63 **FIX            2
 **********
 PARAMETER    2  IS CONSTANT.   IGNORED.
 **********
 **   64 **FIX            3
 **********
 **********
 **   65 **FIX            4
 **********
 **********
 **   66 **FIX            5
 **********
 PARAMETER    5  IS CONSTANT.   IGNORED.
 **********
 **   67 **FIX            6
 **********
 **********
 **   68 **FIX            7
 **********
 **********
 **   69 **FIX            8
 **********
 **********
 **   70 **FIX            9
 **********
 PARAMETER    9  IS CONSTANT.   IGNORED.
 **********
 **   71 **FIX           13
 **********
 PARAMETER   13  IS CONSTANT.   IGNORED.
 **********
 **   72 **FIX           14
 **********
 **********
 **   73 **FIX           15
 **********
 PARAMETER   15  IS CONSTANT.   IGNORED.
 **********
 **   74 **FIX           16
 **********
 PARAMETER   16  IS CONSTANT.   IGNORED.
 **********
 **   75 **MIGRAD
 **********
 START MIGRAD MINIMIZATION.  STRATEGY  1.  CONVERGENCE WHEN EDM .LT. 1.00e-04
 FCN=1122.55 FROM MIGRAD    STATUS=INITIATE        8 CALLS         790 TOTAL
                     EDM= unknown      STRATEGY= 1      NO ERROR MATRIX       
  EXT PARAMETER               CURRENT GUESS       STEP         FIRST   
  NO.   NAME      VALUE            ERROR          SIZE      DERIVATIVE 
   1  N0           3.11183e+06     fixed    
   2  tau          6.44114e+01   constant   
   3  A0           3.64524e-01     fixed    
   4  phi          4.11817e+00     fixed    
   5  R           -6.00079e+01   constant   
   6  A_CBO       -3.01313e-04     fixed    
   7  w_CBO        2.32739e+00     fixed    
   8  phi_CBO      2.87486e+00     fixed    
   9  ANx2         3.40456e-04   constant   
  10  pNx2         3.19484e+00   constant   
  11  ANy1         0.00000e+00   constant   
  12  pNy1         0.00000e+00   constant   
  13  w_y          0.00000e+00   constant   
  14  ANy2         1.58889e-03     fixed    
  15  pNy2         5.11372e+00   constant   
  16  w_vw         1.43155e+01   constant   
  17  LM           3.07992e-04   constant   
  18  wCBO_expCoeff   2.00001e+02   1.79863e-05  -0.00000e+00   1.50810e+05
  19  wCBO_expOffset   2.00000e+02   4.00226e-06   0.00000e+00   1.31884e+05
  20  wCBO_expT    3.00000e+01   1.63466e-06  -0.00000e+00   9.58393e+05
  21  wCBO_linCoeff   0.00000e+00   constant   
  22  wCBO_const  -3.38926e-02   8.36319e-04   0.00000e+00   1.63268e+03
 MIGRAD FAILS TO FIND IMPROVEMENT
 FCN=1122.03 FROM HESSE     STATUS=NOT POSDEF     29 CALLS         851 TOTAL
                     EDM=738.852    STRATEGY= 1      ERR MATRIX NOT POS-DEF
  EXT PARAMETER                APPROXIMATE        STEP         FIRST   
  NO.   NAME      VALUE            ERROR          SIZE      DERIVATIVE 
   1  N0           3.11183e+06     fixed    
   2  tau          6.44114e+01   constant   
   3  A0           3.64524e-01     fixed    
   4  phi          4.11817e+00     fixed    
   5  R           -6.00079e+01   constant   
   6  A_CBO       -3.01313e-04     fixed    
   7  w_CBO        2.32739e+00     fixed    
   8  phi_CBO      2.87486e+00     fixed    
   9  ANx2         3.40456e-04   constant   
  10  pNx2         3.19484e+00   constant   
  11  ANy1         0.00000e+00   constant   
  12  pNy1         0.00000e+00   constant   
  13  w_y          0.00000e+00   constant   
  14  ANy2         1.58889e-03     fixed    
  15  pNy2         5.11372e+00   constant   
  16  w_vw         1.43155e+01   constant   
  17  LM           3.07992e-04   constant   
  18  wCBO_expCoeff   2.00001e+02   1.63250e-04   9.53677e-05   2.63303e+04
  19  wCBO_expOffset   2.00000e+02   1.63711e-04   9.53676e-05  -2.88524e+05
  20  wCBO_expT    3.00000e+01   1.92751e-05   1.43051e-05  -7.33605e+05
  21  wCBO_linCoeff   0.00000e+00   constant   
  22  wCBO_const  -3.39289e-02   6.12581e-03   1.20054e-05  -4.40389e+02
 MIGRAD FAILS TO FIND IMPROVEMENT
 MIGRAD TERMINATED WITHOUT CONVERGENCE.
 FCN=1122.03 FROM MIGRAD    STATUS=FAILED         99 CALLS         881 TOTAL
                     EDM=676.959    STRATEGY= 1      ERR MATRIX NOT POS-DEF
  EXT PARAMETER                APPROXIMATE        STEP         FIRST   
  NO.   NAME      VALUE            ERROR          SIZE      DERIVATIVE 
   1  N0           3.11183e+06     fixed    
   2  tau          6.44114e+01   constant   
   3  A0           3.64524e-01     fixed    
   4  phi          4.11817e+00     fixed    
   5  R           -6.00079e+01   constant   
   6  A_CBO       -3.01313e-04     fixed    
   7  w_CBO        2.32739e+00     fixed    
   8  phi_CBO      2.87486e+00     fixed    
   9  ANx2         3.40456e-04   constant   
  10  pNx2         3.19484e+00   constant   
  11  ANy1         0.00000e+00   constant   
  12  pNy1         0.00000e+00   constant   
  13  w_y          0.00000e+00   constant   
  14  ANy2         1.58889e-03     fixed    
  15  pNy2         5.11372e+00   constant   
  16  w_vw         1.43155e+01   constant   
  17  LM           3.07992e-04   constant   
  18  wCBO_expCoeff   2.00001e+02   1.09320e-05  -0.00000e+00   9.16108e+04
  19  wCBO_expOffset   2.00000e+02   4.85275e-06   0.00000e+00   1.31315e+05
  20  wCBO_expT    3.00000e+01   1.32111e-06  -0.00000e+00   6.91296e+05
  21  wCBO_linCoeff   0.00000e+00   constant   
  22  wCBO_const  -3.39310e-02   7.32607e-04   0.00000e+00  -3.81924e+02
 EXTERNAL ERROR MATRIX.    NDIM=  25    NPAR=  4    ERR DEF=1
  1.195e-10 -2.022e-11  7.149e-13 -3.718e-09 
 -2.022e-11  2.355e-11 -5.978e-12  1.107e-09 
  7.149e-13 -5.978e-12  1.745e-12 -1.809e-10 
 -3.718e-09  1.107e-09 -1.809e-10  5.367e-07 
ERR MATRIX NOT POS-DEF
 PARAMETER  CORRELATION COEFFICIENTS  
       NO.  GLOBAL     18     19     20     22
       18  0.93509   1.000 -0.381  0.050 -0.464
       19  0.99104  -0.381  1.000 -0.932  0.311
       20  0.98962   0.050 -0.932  1.000 -0.187
       22  0.50581  -0.464  0.311 -0.187  1.000
 ERR MATRIX NOT POS-DEF
MINUIT - FIT ONLY 2-y
 **********
 **   76 **RES 
 **********
                   PARAMETER   14  ANy2 RESTORED TO VARIABLE.
                   PARAMETER    8  phi_CBO RESTORED TO VARIABLE.
                   PARAMETER    7  w_CBO RESTORED TO VARIABLE.
                   PARAMETER    6  A_CBO RESTORED TO VARIABLE.
                   PARAMETER    4  phi RESTORED TO VARIABLE.
                   PARAMETER    3  A0 RESTORED TO VARIABLE.
