 + ++++++++++++++++++++++++++++++++++++++++++++++++++++++++++++++++++++ +
 +                                                                      +
 +           You have chose to blind your fitting according to          +
 +                omega_ref * (1 + (R +/- deltaR) *10^{-6})             +
 +                                                                      +
 + ++++++++++++++++++++++++++++++++++++++++++++++++++++++++++++++++++++ +
In main()...
reading format from /gm2data/zkhechad/run45/envelope/formats/formatB_sBin_constraintOn.txt
pBinTau 	= 0  
pBinPhi 	= 0  
constraintau 	= 1 
includeMopTerm 	= 0    
constrainMop    = 0   
Parameters after format file: pBinTau 0 pBinPhi 0 constraintau 1 includeMopTerm 0 constrainMop 0 c_e_scale 0.000000 
reading cbo reference file (full fit) from /gm2data/zkhechad/cboTemplates/Run4CBOTemplates/fullFits/run4/sBin_constraintOn_cE0.0_seed0_run4_calo15.root
A_CBO 0.008274 w_CBO 2.326361 phi_CBO 0.928510 N0 2995032.431773 R -60.169268 tau 64.399261 
Reading cboRef file /gm2data/zkhechad/cboTemplates/Run4CBOTemplates//cboIsolate/run4_calo15.root
deltaT 164.120000
windowBins = 1100
fitting sliding window 1720 from bin 1923 at 286.911600 to bin 3023 at 451.031600 (1100 bins)

Reading data from /gm2data/cornell/histograms/aMethod/histogram_a_run4.root
fitting cbo isolate
 **********
 **    1 **SET PRINTOUT            1
 **********
 **********
 **    2 **SET NOWARNINGS 
 **********
 PARAMETER DEFINITIONS:
    NO.   NAME         VALUE      STEP SIZE      LIMITS
     1 A_CBO        8.27396e-03  1.00000e-05     no limits
     2 w_CBO        2.32636e+00  1.00000e-02    2.00000e+00  3.00000e+00
     3 phi_CBO      9.28510e-01  1.00000e-02    0.00000e+00  6.28319e+00
 **********
 **    3 **MIGRAD
 **********
 FIRST CALL TO USER FUNCTION AT NEW START POINT, WITH IFLAG=4.
 START MIGRAD MINIMIZATION.  STRATEGY  1.  CONVERGENCE WHEN EDM .LT. 1.00e-04
 FCN=0.0760628 FROM MIGRAD    STATUS=INITIATE       12 CALLS          13 TOTAL
                     EDM= unknown      STRATEGY= 1      NO ERROR MATRIX       
  EXT PARAMETER               CURRENT GUESS       STEP         FIRST   
  NO.   NAME      VALUE            ERROR          SIZE      DERIVATIVE 
   1  A_CBO        8.27396e-03   1.00000e-05   1.00000e-05   6.99586e+00
   2  w_CBO        2.32636e+00   1.00000e-02   2.13296e-02   1.97907e-01
   3  phi_CBO      9.28510e-01   1.00000e-02   4.48483e-03  -2.16588e-03
 MIGRAD MINIMIZATION HAS CONVERGED.
 MIGRAD WILL VERIFY CONVERGENCE AND ERROR MATRIX.
 COVARIANCE MATRIX CALCULATED SUCCESSFULLY
 FCN=0.0537829 FROM MIGRAD    STATUS=CONVERGED      49 CALLS          50 TOTAL
                     EDM=1.3524e-05    STRATEGY= 1      ERROR MATRIX ACCURATE 
  EXT PARAMETER                                   STEP         FIRST   
  NO.   NAME      VALUE            ERROR          SIZE      DERIVATIVE 
   1  A_CBO        1.90796e-03   4.31391e-02   2.13784e-05  -3.63594e-03
   2  w_CBO        2.32626e+00   6.58771e-01   6.23045e-05   2.52263e-03
   3  phi_CBO      9.56985e-01   3.33852e+00   4.84525e-03   3.16216e-05
 EXTERNAL ERROR MATRIX.    NDIM=  25    NPAR=  3    ERR DEF=1
  1.861e-03 -3.095e-03 -1.188e+00 
 -3.095e-03  2.327e-01  8.852e+01 
 -1.188e+00  8.852e+01  3.417e+04 
 PARAMETER  CORRELATION COEFFICIENTS  
       NO.  GLOBAL      1      2      3
        1  0.14915   1.000 -0.149 -0.149
        2  0.99269  -0.149  1.000  0.993
        3  0.99269  -0.149  0.993  1.000
setting A_CBO=0.001908 w_CBO=2.326259, phi_CBO=0.956985
done fitting cbo isolate
 **********
 **    1 **SET PRINTOUT            1
 **********
 **********
 **    2 **SET NOWARNINGS 
 **********
 PARAMETER DEFINITIONS:
    NO.   NAME         VALUE      STEP SIZE      LIMITS
     1 N0           2.99503e+06  1.00000e+02     no limits
     2 tau          6.43993e+01  constant
     3 A0           3.54065e-01  1.00000e-04     no limits
     4 phi          4.11942e+00  1.00000e-02     no limits
     5 R           -6.01693e+01  constant
     6 A_CBO        1.90796e-03  1.00000e-05     no limits
     7 w_CBO        2.32626e+00  1.00000e-03     no limits
     8 phi_CBO      9.56985e-01  1.00000e-04     no limits
     9 ANx2         6.17909e-04  constant
    10 pNx2         3.86483e+00  constant
    11 ANy1         0.00000e+00  constant
    12 pNy1         0.00000e+00  constant
    13 w_y          0.00000e+00  constant
    14 ANy2         7.96733e-03  1.00000e-04     no limits
    15 pNy2         1.76471e+00  constant
    16 w_vw         1.43097e+01  constant
    17 LM          -1.37296e-04  constant
    18 wCBO_expCoeff   2.00000e+02  1.00000e+00     no limits
    19 wCBO_expOffset   2.00000e+02  1.00000e+00     no limits
    20 wCBO_expT    3.00000e+01  1.00000e+00     no limits
    21 wCBO_linCoeff   0.00000e+00  constant
    22 wCBO_const   0.00000e+00  1.00000e-02     no limits
MINUIT - FIT ONLY WIGGLE
 **********
 **    3 **FIX            5
 **********
 PARAMETER    5  IS CONSTANT.   IGNORED.
 **********
 **    4 **FIX            6
 **********
 **********
 **    5 **FIX            7
 **********
 **********
 **    6 **FIX            8
 **********
 **********
 **    7 **FIX            9
 **********
 PARAMETER    9  IS CONSTANT.   IGNORED.
 **********
 **    8 **FIX           10
 **********
 PARAMETER   10  IS CONSTANT.   IGNORED.
 **********
 **    9 **FIX           11
 **********
 PARAMETER   11  IS CONSTANT.   IGNORED.
 **********
 **   10 **FIX           12
 **********
 PARAMETER   12  IS CONSTANT.   IGNORED.
 **********
 **   11 **FIX           13
 **********
 PARAMETER   13  IS CONSTANT.   IGNORED.
 **********
 **   12 **FIX           14
 **********
 **********
 **   13 **FIX           15
 **********
 PARAMETER   15  IS CONSTANT.   IGNORED.
 **********
 **   14 **FIX           16
 **********
 PARAMETER   16  IS CONSTANT.   IGNORED.
 **********
 **   15 **MIGRAD
 **********
 FIRST CALL TO USER FUNCTION AT NEW START POINT, WITH IFLAG=4.
 START MIGRAD MINIMIZATION.  STRATEGY  1.  CONVERGENCE WHEN EDM .LT. 1.00e-04
 FCN=663.264 FROM MIGRAD    STATUS=INITIATE       59 CALLS          60 TOTAL
                     EDM= unknown      STRATEGY= 1      NO ERROR MATRIX       
  EXT PARAMETER               CURRENT GUESS       STEP         FIRST   
  NO.   NAME      VALUE            ERROR          SIZE      DERIVATIVE 
   1  N0           2.99503e+06   1.00000e+02   0.00000e+00   2.22538e-03
   2  tau          6.43993e+01   constant   
   3  A0           3.54065e-01   1.00000e-04   0.00000e+00   4.06580e+03
   4  phi          4.11942e+00   1.00000e-02   0.00000e+00   9.68866e+01
   5  R           -6.01693e+01   constant   
   6  A_CBO        1.90796e-03     fixed    
   7  w_CBO        2.32626e+00     fixed    
   8  phi_CBO      9.56985e-01     fixed    
   9  ANx2         6.17909e-04   constant   
  10  pNx2         3.86483e+00   constant   
  11  ANy1         0.00000e+00   constant   
  12  pNy1         0.00000e+00   constant   
  13  w_y          0.00000e+00   constant   
  14  ANy2         7.96733e-03     fixed    
  15  pNy2         1.76471e+00   constant   
  16  w_vw         1.43097e+01   constant   
  17  LM          -1.37296e-04   constant   
  18  wCBO_expCoeff   2.00066e+02   1.00000e+00   6.56053e-02  -4.90262e-01
  19  wCBO_expOffset   2.00000e+02   1.00000e+00   0.00000e+00  -3.14627e+00
  20  wCBO_expT    3.00000e+01   1.00000e+00   0.00000e+00  -1.07522e+02
  21  wCBO_linCoeff   0.00000e+00   constant   
  22  wCBO_const   0.00000e+00   1.00000e-02   0.00000e+00   1.73733e+03
 MIGRAD MINIMIZATION HAS CONVERGED.
 FCN=655.487 FROM MIGRAD    STATUS=CONVERGED     481 CALLS         482 TOTAL
                     EDM=1.07989e-07    STRATEGY= 1  ERROR MATRIX UNCERTAINTY   0.2 per cent
  EXT PARAMETER                                   STEP         FIRST   
  NO.   NAME      VALUE            ERROR          SIZE      DERIVATIVE 
   1  N0           2.99392e+06   9.52848e+02  -6.06568e-02   1.79433e-07
   2  tau          6.43993e+01   constant   
   3  A0           3.53735e-01   4.19900e-04   3.93444e-07  -9.82923e-01
   4  phi          4.11934e+00   1.23446e-03   5.25045e-06  -2.64528e-01
   5  R           -6.01693e+01   constant   
   6  A_CBO        1.90796e-03     fixed    
   7  w_CBO        2.32626e+00     fixed    
   8  phi_CBO      9.56985e-01     fixed    
   9  ANx2         6.17909e-04   constant   
  10  pNx2         3.86483e+00   constant   
  11  ANy1         0.00000e+00   constant   
  12  pNy1         0.00000e+00   constant   
  13  w_y          0.00000e+00   constant   
  14  ANy2         7.96733e-03     fixed    
  15  pNy2         1.76471e+00   constant   
  16  w_vw         1.43097e+01   constant   
  17  LM          -1.37296e-04   constant   
  18  wCBO_expCoeff   1.99931e+02   6.41498e-02  -1.51518e-04  -1.35972e-03
  19  wCBO_expOffset   1.99979e+02   9.59371e-03  -2.25476e-05   6.00367e-02
  20  wCBO_expT    3.00116e+01   6.46895e-03   1.54223e-05   8.27441e-02
  21  wCBO_linCoeff   0.00000e+00   constant   
  22  wCBO_const   1.52611e-03   6.12583e-04  -1.54483e-06   6.43179e-01
 EXTERNAL ERROR MATRIX.    NDIM=  25    NPAR=  7    ERR DEF=1
  9.079e+05  7.318e-03 -9.515e-03 -2.890e+00 -4.227e-01  2.126e-01  3.242e-03 
  7.318e-03  1.763e-07 -2.201e-09  7.904e-07  1.284e-07 -8.687e-08 -2.531e-09 
 -9.515e-03 -2.201e-09  1.524e-06 -2.917e-06 -4.753e-07  2.195e-07  4.040e-09 
 -2.890e+00  7.904e-07 -2.917e-06  4.115e-03  5.873e-04 -4.042e-04  2.424e-05 
 -4.227e-01  1.284e-07 -4.753e-07  5.873e-04  9.204e-05 -6.051e-05  3.590e-06 
  2.126e-01 -8.687e-08  2.195e-07 -4.042e-04 -6.051e-05  4.185e-05 -2.790e-06 
  3.242e-03 -2.531e-09  4.040e-09  2.424e-05  3.590e-06 -2.790e-06  3.753e-07 
 PARAMETER  CORRELATION COEFFICIENTS  
       NO.  GLOBAL      1      3      4     18     19     20     22
        1  0.09026   1.000  0.018 -0.008 -0.047 -0.046  0.034  0.006
        3  0.07126   0.018  1.000 -0.004  0.029  0.032 -0.032 -0.010
        4  0.07917  -0.008 -0.004  1.000 -0.037 -0.040  0.027  0.005
       18  0.97948  -0.047  0.029 -0.037  1.000  0.954 -0.974  0.617
       19  0.98136  -0.046  0.032 -0.040  0.954  1.000 -0.975  0.611
       20  0.99291   0.034 -0.032  0.027 -0.974 -0.975  1.000 -0.704
       22  0.82995   0.006 -0.010  0.005  0.617  0.611 -0.704  1.000
MINUIT - FIT ONLY 1-CBO + other amplitudes 
 **********
 **   16 **RES 
 **********
                   PARAMETER   14  ANy2 RESTORED TO VARIABLE.
                   PARAMETER    8  phi_CBO RESTORED TO VARIABLE.
                   PARAMETER    7  w_CBO RESTORED TO VARIABLE.
                   PARAMETER    6  A_CBO RESTORED TO VARIABLE.
 **********
 **   17 **FIX            0
 **********
 PARAMETER    0  IS UNDEFINED. IGNORED.
 **********
 **   18 **FIX            1
 **********
 **********
 **   19 **FIX            2
 **********
 PARAMETER    2  IS CONSTANT.   IGNORED.
 **********
 **   20 **FIX            3
 **********
 **********
 **   21 **FIX            4
 **********
 **********
 **   22 **FIX            9
 **********
 PARAMETER    9  IS CONSTANT.   IGNORED.
 **********
 **   23 **FIX           11
 **********
 PARAMETER   11  IS CONSTANT.   IGNORED.
 **********
 **   24 **FIX           12
 **********
 PARAMETER   12  IS CONSTANT.   IGNORED.
 **********
 **   25 **FIX           14
 **********
 **********
 **   26 **FIX           15
 **********
 PARAMETER   15  IS CONSTANT.   IGNORED.
 **********
 **   27 **FIX           16
 **********
 PARAMETER   16  IS CONSTANT.   IGNORED.
 **********
 **   28 **MIGRAD
 **********
 START MIGRAD MINIMIZATION.  STRATEGY  1.  CONVERGENCE WHEN EDM .LT. 1.00e-04
 FCN=655.487 FROM MIGRAD    STATUS=INITIATE       20 CALLS         502 TOTAL
                     EDM= unknown      STRATEGY= 1      NO ERROR MATRIX       
  EXT PARAMETER               CURRENT GUESS       STEP         FIRST   
  NO.   NAME      VALUE            ERROR          SIZE      DERIVATIVE 
   1  N0           2.99392e+06     fixed    
   2  tau          6.43993e+01   constant   
   3  A0           3.53735e-01     fixed    
   4  phi          4.11934e+00     fixed    
   5  R           -6.01693e+01   constant   
   6  A_CBO        1.90796e-03   1.00000e-05   1.00000e-05   1.10977e+04
   7  w_CBO        2.32626e+00   1.00000e-03   1.00000e-03   1.34531e-01
   8  phi_CBO      9.56985e-01   1.00000e-04   1.00000e-04  -6.15514e+00
   9  ANx2         6.17909e-04   constant   
  10  pNx2         3.86483e+00   constant   
  11  ANy1         0.00000e+00   constant   
  12  pNy1         0.00000e+00   constant   
  13  w_y          0.00000e+00   constant   
  14  ANy2         7.96733e-03     fixed    
  15  pNy2         1.76471e+00   constant   
  16  w_vw         1.43097e+01   constant   
  17  LM          -1.37296e-04   constant   
  18  wCBO_expCoeff   1.99931e+02   6.41498e-02  -1.51518e-04  -1.35834e-03
  19  wCBO_expOffset   1.99979e+02   9.59371e-03  -2.25476e-05   6.00367e-02
  20  wCBO_expT    3.00116e+01   6.46895e-03   1.54223e-05   8.27441e-02
  21  wCBO_linCoeff   0.00000e+00   constant   
  22  wCBO_const   1.52611e-03   6.12583e-04  -1.54483e-06   6.43203e-01
 MIGRAD MINIMIZATION HAS CONVERGED.
 MIGRAD WILL VERIFY CONVERGENCE AND ERROR MATRIX.
 FCN=646.157 FROM MIGRAD    STATUS=CONVERGED     226 CALLS         708 TOTAL
                     EDM=1.08335e-05    STRATEGY= 1      ERR MATRIX NOT POS-DEF
  EXT PARAMETER                APPROXIMATE        STEP         FIRST   
  NO.   NAME      VALUE            ERROR          SIZE      DERIVATIVE 
   1  N0           2.99392e+06     fixed    
   2  tau          6.43993e+01   constant   
   3  A0           3.53735e-01     fixed    
   4  phi          4.11934e+00     fixed    
   5  R           -6.01693e+01   constant   
   6  A_CBO        8.67962e-04   4.47958e-04   5.57301e-06   4.17647e+00
   7  w_CBO        2.32617e+00   1.62321e-03   1.99143e-06  -1.32079e+01
   8  phi_CBO      2.09829e+00   6.63046e-01   6.28151e-03  -2.70070e-04
   9  ANx2         6.17909e-04   constant   
  10  pNx2         3.86483e+00   constant   
  11  ANy1         0.00000e+00   constant   
  12  pNy1         0.00000e+00   constant   
  13  w_y          0.00000e+00   constant   
  14  ANy2         7.96733e-03     fixed    
  15  pNy2         1.76471e+00   constant   
  16  w_vw         1.43097e+01   constant   
  17  LM          -1.37296e-04   constant   
  18  wCBO_expCoeff   1.99918e+02   1.57689e-01   1.97241e-04  -1.64406e-01
  19  wCBO_expOffset   1.99977e+02   2.85314e-02   9.53566e-05  -1.08567e+00
  20  wCBO_expT    3.00146e+01   5.71121e-03   1.43121e-05  -3.29518e+00
  21  wCBO_linCoeff   0.00000e+00   constant   
  22  wCBO_const   1.76191e-03   8.34360e-04   4.15725e-06   2.13731e+00
 EXTERNAL ERROR MATRIX.    NDIM=  25    NPAR=  7    ERR DEF=1
  2.007e-07  7.593e-09 -1.610e-06  9.971e-07 -7.257e-07  1.754e-07 -1.368e-08 
  7.593e-09  2.635e-06  6.643e-07 -6.051e-05 -2.100e-05 -1.325e-06 -1.052e-06 
 -1.610e-06  6.643e-07  4.396e-01 -6.491e-04 -5.850e-04  5.298e-04  5.942e-05 
  9.971e-07 -6.051e-05 -6.491e-04  2.487e-02 -2.543e-03 -1.357e-04  3.237e-05 
 -7.257e-07 -2.100e-05 -5.850e-04 -2.543e-03  8.140e-04 -5.522e-05  1.156e-05 
  1.754e-07 -1.325e-06  5.298e-04 -1.357e-04 -5.522e-05  3.262e-05 -1.200e-06 
 -1.368e-08 -1.052e-06  5.942e-05  3.237e-05  1.156e-05 -1.200e-06  6.962e-07 
ERR MATRIX NOT POS-DEF
 PARAMETER  CORRELATION COEFFICIENTS  
       NO.  GLOBAL      6      7      8     18     19     20     22
        6  0.08356   1.000  0.010 -0.005  0.014 -0.057  0.069 -0.037
        7  0.99512   0.010  1.000  0.001 -0.236 -0.453 -0.143 -0.777
        8  0.64728  -0.005  0.001  1.000 -0.006 -0.031  0.140  0.107
       18  0.99492   0.014 -0.236 -0.006  1.000 -0.565 -0.151  0.246
       19  0.99651  -0.057 -0.453 -0.031 -0.565  1.000 -0.339  0.486
       20  0.99118   0.069 -0.143  0.140 -0.151 -0.339  1.000 -0.252
       22  0.91638  -0.037 -0.777  0.107  0.246  0.486 -0.252  1.000
 ERR MATRIX NOT POS-DEF
MINUIT - FIT ONLY 1-CBO
 **********
 **   29 **RES 
 **********
                   PARAMETER   14  ANy2 RESTORED TO VARIABLE.
                   PARAMETER    4  phi RESTORED TO VARIABLE.
                   PARAMETER    3  A0 RESTORED TO VARIABLE.
                   PARAMETER    1  N0 RESTORED TO VARIABLE.
 **********
 **   30 **FIX            0
 **********
 PARAMETER    0  IS UNDEFINED. IGNORED.
 **********
 **   31 **FIX            1
 **********
 **********
 **   32 **FIX            2
 **********
 PARAMETER    2  IS CONSTANT.   IGNORED.
 **********
 **   33 **FIX            3
 **********
 **********
 **   34 **FIX            4
 **********
 **********
 **   35 **FIX            8
 **********
 **********
 **   36 **FIX            9
 **********
 PARAMETER    9  IS CONSTANT.   IGNORED.
 **********
 **   37 **FIX           11
 **********
 PARAMETER   11  IS CONSTANT.   IGNORED.
 **********
 **   38 **FIX           12
 **********
 PARAMETER   12  IS CONSTANT.   IGNORED.
 **********
 **   39 **FIX           13
 **********
 PARAMETER   13  IS CONSTANT.   IGNORED.
 **********
 **   40 **FIX           15
 **********
 PARAMETER   15  IS CONSTANT.   IGNORED.
 **********
 **   41 **FIX           16
 **********
 PARAMETER   16  IS CONSTANT.   IGNORED.
 **********
 **   42 **MIGRAD
 **********
 START MIGRAD MINIMIZATION.  STRATEGY  1.  CONVERGENCE WHEN EDM .LT. 1.00e-04
 FCN=646.157 FROM MIGRAD    STATUS=INITIATE       16 CALLS         724 TOTAL
                     EDM= unknown      STRATEGY= 1      NO ERROR MATRIX       
  EXT PARAMETER               CURRENT GUESS       STEP         FIRST   
  NO.   NAME      VALUE            ERROR          SIZE      DERIVATIVE 
   1  N0           2.99392e+06     fixed    
   2  tau          6.43993e+01   constant   
   3  A0           3.53735e-01     fixed    
   4  phi          4.11934e+00     fixed    
   5  R           -6.01693e+01   constant   
   6  A_CBO        8.67962e-04   4.47958e-04   5.57301e-06   4.17647e+00
   7  w_CBO        2.32617e+00   1.62321e-03   1.99143e-06  -1.31569e+01
   8  phi_CBO      2.09829e+00     fixed    
   9  ANx2         6.17909e-04   constant   
  10  pNx2         3.86483e+00   constant   
  11  ANy1         0.00000e+00   constant   
  12  pNy1         0.00000e+00   constant   
  13  w_y          0.00000e+00   constant   
  14  ANy2         7.96733e-03   1.00000e-04   1.00000e-04   8.23328e+04
  15  pNy2         1.76471e+00   constant   
  16  w_vw         1.43097e+01   constant   
  17  LM          -1.37296e-04   constant   
  18  wCBO_expCoeff   1.99918e+02   1.57689e-01   1.97241e-04  -1.63878e-01
  19  wCBO_expOffset   1.99977e+02   2.85314e-02   9.53566e-05  -1.05687e+00
  20  wCBO_expT    3.00146e+01   5.71121e-03   1.43121e-05  -3.26969e+00
  21  wCBO_linCoeff   0.00000e+00   constant   
  22  wCBO_const   1.76191e-03   8.34360e-04   4.15725e-06   2.15324e+00
 MIGRAD MINIMIZATION HAS CONVERGED.
 MIGRAD WILL VERIFY CONVERGENCE AND ERROR MATRIX.
 COVARIANCE MATRIX CALCULATED SUCCESSFULLY
 FCN=309.635 FROM MIGRAD    STATUS=CONVERGED     238 CALLS         946 TOTAL
                     EDM=6.04865e-08    STRATEGY= 1      ERROR MATRIX ACCURATE 
  EXT PARAMETER                                   STEP         FIRST   
  NO.   NAME      VALUE            ERROR          SIZE      DERIVATIVE 
   1  N0           2.99392e+06     fixed    
   2  tau          6.43993e+01   constant   
   3  A0           3.53735e-01     fixed    
   4  phi          4.11934e+00     fixed    
   5  R           -6.01693e+01   constant   
   6  A_CBO        2.96840e-04   4.45187e-04   3.77575e-06  -7.15820e-02
   7  w_CBO        2.32684e+00   6.24368e-03   1.89946e-06   4.91719e-01
   8  phi_CBO      2.09829e+00     fixed    
   9  ANx2         6.17909e-04   constant   
  10  pNx2         3.86483e+00   constant   
  11  ANy1         0.00000e+00   constant   
  12  pNy1         0.00000e+00   constant   
  13  w_y          0.00000e+00   constant   
  14  ANy2        -2.21536e-04   4.46339e-04   3.82391e-06  -5.47359e-01
  15  pNy2         1.76471e+00   constant   
  16  w_vw         1.43097e+01   constant   
  17  LM          -1.37296e-04   constant   
  18  wCBO_expCoeff   1.99994e+02   5.71738e-01   1.86374e-04   3.47733e-03
  19  wCBO_expOffset   1.99989e+02   5.89500e-02   9.53620e-05   2.31465e-02
  20  wCBO_expT    3.00038e+01   1.08960e-02   1.43069e-05   7.62446e-02
  21  wCBO_linCoeff   0.00000e+00   constant   
  22  wCBO_const   1.72475e-03   2.73020e-03   4.19275e-06   4.49033e-01
 EXTERNAL ERROR MATRIX.    NDIM=  25    NPAR=  7    ERR DEF=1
  1.982e-07 -5.791e-08  1.185e-08 -9.270e-06 -2.544e-07  7.841e-07  1.424e-09 
 -5.791e-08  3.898e-05 -2.918e-08 -2.424e-03 -1.070e-04 -1.048e-05 -1.648e-05 
  1.185e-08 -2.918e-08  1.992e-07 -4.036e-06 -3.384e-08  3.256e-07  1.351e-08 
 -9.270e-06 -2.424e-03 -4.036e-06  3.269e-01 -1.361e-02 -1.373e-03  1.085e-03 
 -2.544e-07 -1.070e-04 -3.384e-08 -1.361e-02  3.475e-03 -1.634e-05  4.675e-05 
  7.841e-07 -1.048e-05  3.256e-07 -1.373e-03 -1.634e-05  1.187e-04  5.233e-07 
  1.424e-09 -1.648e-05  1.351e-08  1.085e-03  4.675e-05  5.233e-07  7.454e-06 
 PARAMETER  CORRELATION COEFFICIENTS  
       NO.  GLOBAL      6      7     14     18     19     20     22
        6  0.16978   1.000 -0.021  0.060 -0.036 -0.010  0.162  0.001
        7  0.99938  -0.021  1.000 -0.010 -0.679 -0.291 -0.154 -0.967
       14  0.09463   0.060 -0.010  1.000 -0.016 -0.001  0.067  0.011
       18  0.99928  -0.036 -0.679 -0.016  1.000 -0.404 -0.220  0.695
       19  0.99848  -0.010 -0.291 -0.001 -0.404  1.000 -0.025  0.290
       20  0.99554   0.162 -0.154  0.067 -0.220 -0.025  1.000  0.018
       22  0.98396   0.001 -0.967  0.011  0.695  0.290  0.018  1.000
MINUIT - FIT ONLY 2-CBO
 **********
 **   43 **RES 
 **********
                   PARAMETER    8  phi_CBO RESTORED TO VARIABLE.
                   PARAMETER    4  phi RESTORED TO VARIABLE.
                   PARAMETER    3  A0 RESTORED TO VARIABLE.
                   PARAMETER    1  N0 RESTORED TO VARIABLE.
 **********
 **   44 **FIX            0
 **********
 PARAMETER    0  IS UNDEFINED. IGNORED.
 **********
 **   45 **FIX            1
 **********
 **********
 **   46 **FIX            2
 **********
 PARAMETER    2  IS CONSTANT.   IGNORED.
 **********
 **   47 **FIX            3
 **********
 **********
 **   48 **FIX            4
 **********
 **********
 **   49 **FIX            5
 **********
 PARAMETER    5  IS CONSTANT.   IGNORED.
 **********
 **   50 **FIX            6
 **********
 **********
 **   51 **FIX            7
 **********
 **********
 **   52 **FIX           10
 **********
 PARAMETER   10  IS CONSTANT.   IGNORED.
 **********
 **   53 **FIX           11
 **********
 PARAMETER   11  IS CONSTANT.   IGNORED.
 **********
 **   54 **FIX           12
 **********
 PARAMETER   12  IS CONSTANT.   IGNORED.
 **********
 **   55 **FIX           13
 **********
 PARAMETER   13  IS CONSTANT.   IGNORED.
 **********
 **   56 **FIX           14
 **********
 **********
 **   57 **FIX           15
 **********
 PARAMETER   15  IS CONSTANT.   IGNORED.
 **********
 **   58 **FIX           16
 **********
 PARAMETER   16  IS CONSTANT.   IGNORED.
 **********
 **   59 **MIGRAD
 **********
 START MIGRAD MINIMIZATION.  STRATEGY  1.  CONVERGENCE WHEN EDM .LT. 1.00e-04
 FCN=309.635 FROM MIGRAD    STATUS=INITIATE       12 CALLS         958 TOTAL
                     EDM= unknown      STRATEGY= 1      NO ERROR MATRIX       
  EXT PARAMETER               CURRENT GUESS       STEP         FIRST   
  NO.   NAME      VALUE            ERROR          SIZE      DERIVATIVE 
   1  N0           2.99392e+06     fixed    
   2  tau          6.43993e+01   constant   
   3  A0           3.53735e-01     fixed    
   4  phi          4.11934e+00     fixed    
   5  R           -6.01693e+01   constant   
   6  A_CBO        2.96840e-04     fixed    
   7  w_CBO        2.32684e+00     fixed    
   8  phi_CBO      2.09829e+00   6.63046e-01   6.63046e-01   4.59546e-02
   9  ANx2         6.17909e-04   constant   
  10  pNx2         3.86483e+00   constant   
  11  ANy1         0.00000e+00   constant   
  12  pNy1         0.00000e+00   constant   
  13  w_y          0.00000e+00   constant   
  14  ANy2        -2.21536e-04     fixed    
  15  pNy2         1.76471e+00   constant   
  16  w_vw         1.43097e+01   constant   
  17  LM          -1.37296e-04   constant   
  18  wCBO_expCoeff   1.99994e+02   5.71738e-01   1.86374e-04   3.38783e-03
  19  wCBO_expOffset   1.99989e+02   5.89500e-02   9.53620e-05   1.58192e-02
  20  wCBO_expT    3.00038e+01   1.08960e-02   1.43069e-05   6.59437e-02
  21  wCBO_linCoeff   0.00000e+00   constant   
  22  wCBO_const   1.72475e-03   2.73020e-03   4.19275e-06   4.52836e-01
 MIGRAD MINIMIZATION HAS CONVERGED.
 MIGRAD WILL VERIFY CONVERGENCE AND ERROR MATRIX.
 COVARIANCE MATRIX CALCULATED SUCCESSFULLY
 FCN=309.634 FROM HESSE     STATUS=OK             31 CALLS        1024 TOTAL
                     EDM=0.000206298    STRATEGY= 1      ERROR MATRIX ACCURATE 
  EXT PARAMETER                                   STEP         FIRST   
  NO.   NAME      VALUE            ERROR          SIZE      DERIVATIVE 
   1  N0           2.99392e+06     fixed    
   2  tau          6.43993e+01   constant   
   3  A0           3.53735e-01     fixed    
   4  phi          4.11934e+00     fixed    
   5  R           -6.01693e+01   constant   
   6  A_CBO        2.96840e-04     fixed    
   7  w_CBO        2.32684e+00     fixed    
   8  phi_CBO      2.03805e+00   1.72853e+00   1.30504e-02  -3.61991e-05
   9  ANx2         6.17909e-04   constant   
  10  pNx2         3.86483e+00   constant   
  11  ANy1         0.00000e+00   constant   
  12  pNy1         0.00000e+00   constant   
  13  w_y          0.00000e+00   constant   
  14  ANy2        -2.21536e-04     fixed    
  15  pNy2         1.76471e+00   constant   
  16  w_vw         1.43097e+01   constant   
  17  LM          -1.37296e-04   constant   
  18  wCBO_expCoeff   1.99995e+02   4.25641e-01   1.86195e-04   4.38475e-02
  19  wCBO_expOffset   1.99989e+02   5.66869e-02   9.53621e-05   2.90481e-01
  20  wCBO_expT    3.00038e+01   1.13881e-02   1.43069e-05  -1.65470e+00
  21  wCBO_linCoeff   0.00000e+00   constant   
  22  wCBO_const   1.71662e-03   7.83697e-04   4.19012e-06  -1.53993e-01
 MIGRAD MINIMIZATION HAS CONVERGED.
 FCN=309.633 FROM MIGRAD    STATUS=CONVERGED      90 CALLS        1036 TOTAL
                     EDM=5.0371e-08    STRATEGY= 1  ERROR MATRIX UNCERTAINTY   1.9 per cent
  EXT PARAMETER                                   STEP         FIRST   
  NO.   NAME      VALUE            ERROR          SIZE      DERIVATIVE 
   1  N0           2.99392e+06     fixed    
   2  tau          6.43993e+01   constant   
   3  A0           3.53735e-01     fixed    
   4  phi          4.11934e+00     fixed    
   5  R           -6.01693e+01   constant   
   6  A_CBO        2.96840e-04     fixed    
   7  w_CBO        2.32684e+00     fixed    
   8  phi_CBO      2.02476e+00   1.78039e+00  -1.32921e-02  -1.36772e-04
   9  ANx2         6.17909e-04   constant   
  10  pNx2         3.86483e+00   constant   
  11  ANy1         0.00000e+00   constant   
  12  pNy1         0.00000e+00   constant   
  13  w_y          0.00000e+00   constant   
  14  ANy2        -2.21536e-04     fixed    
  15  pNy2         1.76471e+00   constant   
  16  w_vw         1.43097e+01   constant   
  17  LM          -1.37296e-04   constant   
  18  wCBO_expCoeff   1.99990e+02   4.50819e-01  -4.34594e-03   1.00052e-02
  19  wCBO_expOffset   1.99989e+02   5.67242e-02  -9.32361e-05   6.11443e-02
  20  wCBO_expT    3.00041e+01   1.40048e-02   2.47840e-04   2.19655e-01
  21  wCBO_linCoeff   0.00000e+00   constant   
  22  wCBO_const   1.70679e-03   8.49448e-04  -9.83597e-06   5.81729e-01
 EXTERNAL ERROR MATRIX.    NDIM=  25    NPAR=  5    ERR DEF=1
  3.170e+00  1.804e-01  3.874e-03 -1.058e-02  7.662e-04 
  1.804e-01  2.032e-01 -2.004e-02 -3.462e-03  1.319e-04 
  3.874e-03 -2.004e-02  3.218e-03 -6.855e-05  2.791e-06 
 -1.058e-02 -3.462e-03 -6.855e-05  1.961e-04 -8.014e-06 
  7.662e-04  1.319e-04  2.791e-06 -8.014e-06  7.216e-07 
 PARAMETER  CORRELATION COEFFICIENTS  
       NO.  GLOBAL      8     18     19     20     22
        8  0.52408   1.000  0.225  0.038 -0.424  0.507
       18  0.99885   0.225  1.000 -0.784 -0.548  0.345
       19  0.99836   0.038 -0.784  1.000 -0.086  0.058
       20  0.99730  -0.424 -0.548 -0.086  1.000 -0.674
       22  0.81919   0.507  0.345  0.058 -0.674  1.000
MINUIT - FIT ONLY 1-y
 **********
 **   60 **RES 
 **********
                   PARAMETER   14  ANy2 RESTORED TO VARIABLE.
                   PARAMETER    7  w_CBO RESTORED TO VARIABLE.
                   PARAMETER    6  A_CBO RESTORED TO VARIABLE.
                   PARAMETER    4  phi RESTORED TO VARIABLE.
                   PARAMETER    3  A0 RESTORED TO VARIABLE.
                   PARAMETER    1  N0 RESTORED TO VARIABLE.
 **********
 **   61 **FIX            0
 **********
 PARAMETER    0  IS UNDEFINED. IGNORED.
 **********
 **   62 **FIX            1
 **********
 **********
 **   63 **FIX            2
 **********
 PARAMETER    2  IS CONSTANT.   IGNORED.
 **********
 **   64 **FIX            3
 **********
 **********
 **   65 **FIX            4
 **********
 **********
 **   66 **FIX            5
 **********
 PARAMETER    5  IS CONSTANT.   IGNORED.
 **********
 **   67 **FIX            6
 **********
 **********
 **   68 **FIX            7
 **********
 **********
 **   69 **FIX            8
 **********
 **********
 **   70 **FIX            9
 **********
 PARAMETER    9  IS CONSTANT.   IGNORED.
 **********
 **   71 **FIX           13
 **********
 PARAMETER   13  IS CONSTANT.   IGNORED.
 **********
 **   72 **FIX           14
 **********
 **********
 **   73 **FIX           15
 **********
 PARAMETER   15  IS CONSTANT.   IGNORED.
 **********
 **   74 **FIX           16
 **********
 PARAMETER   16  IS CONSTANT.   IGNORED.
 **********
 **   75 **MIGRAD
 **********
 START MIGRAD MINIMIZATION.  STRATEGY  1.  CONVERGENCE WHEN EDM .LT. 1.00e-04
 FCN=309.633 FROM MIGRAD    STATUS=INITIATE        8 CALLS        1044 TOTAL
                     EDM= unknown      STRATEGY= 1      NO ERROR MATRIX       
  EXT PARAMETER               CURRENT GUESS       STEP         FIRST   
  NO.   NAME      VALUE            ERROR          SIZE      DERIVATIVE 
   1  N0           2.99392e+06     fixed    
   2  tau          6.43993e+01   constant   
   3  A0           3.53735e-01     fixed    
   4  phi          4.11934e+00     fixed    
   5  R           -6.01693e+01   constant   
   6  A_CBO        2.96840e-04     fixed    
   7  w_CBO        2.32684e+00     fixed    
   8  phi_CBO      2.02476e+00     fixed    
   9  ANx2         6.17909e-04   constant   
  10  pNx2         3.86483e+00   constant   
  11  ANy1         0.00000e+00   constant   
  12  pNy1         0.00000e+00   constant   
  13  w_y          0.00000e+00   constant   
  14  ANy2        -2.21536e-04     fixed    
  15  pNy2         1.76471e+00   constant   
  16  w_vw         1.43097e+01   constant   
  17  LM          -1.37296e-04   constant   
  18  wCBO_expCoeff   1.99990e+02   4.50819e-01  -4.34594e-03   1.00046e-02
  19  wCBO_expOffset   1.99989e+02   5.67242e-02  -9.32361e-05   6.11443e-02
  20  wCBO_expT    3.00041e+01   1.40048e-02   2.47840e-04   2.19655e-01
  21  wCBO_linCoeff   0.00000e+00   constant   
  22  wCBO_const   1.70679e-03   8.49448e-04  -9.83597e-06   5.81732e-01
 MIGRAD MINIMIZATION HAS CONVERGED.
 MIGRAD WILL VERIFY CONVERGENCE AND ERROR MATRIX.
 COVARIANCE MATRIX CALCULATED SUCCESSFULLY
 FCN=309.633 FROM MIGRAD    STATUS=CONVERGED      45 CALLS        1081 TOTAL
                     EDM=9.38242e-09    STRATEGY= 1      ERROR MATRIX ACCURATE 
  EXT PARAMETER                                   STEP         FIRST   
  NO.   NAME      VALUE            ERROR          SIZE      DERIVATIVE 
   1  N0           2.99392e+06     fixed    
   2  tau          6.43993e+01   constant   
   3  A0           3.53735e-01     fixed    
   4  phi          4.11934e+00     fixed    
   5  R           -6.01693e+01   constant   
   6  A_CBO        2.96840e-04     fixed    
   7  w_CBO        2.32684e+00     fixed    
   8  phi_CBO      2.02476e+00     fixed    
   9  ANx2         6.17909e-04   constant   
  10  pNx2         3.86483e+00   constant   
  11  ANy1         0.00000e+00   constant   
  12  pNy1         0.00000e+00   constant   
  13  w_y          0.00000e+00   constant   
  14  ANy2        -2.21536e-04     fixed    
  15  pNy2         1.76471e+00   constant   
  16  w_vw         1.43097e+01   constant   
  17  LM          -1.37296e-04   constant   
  18  wCBO_expCoeff   1.99990e+02   4.54685e-01   1.86835e-04  -1.56229e-03
  19  wCBO_expOffset   1.99989e+02   6.18828e-02   9.53620e-05  -1.04399e-02
  20  wCBO_expT    3.00041e+01   1.07068e-02   1.43071e-05  -1.96826e-02
  21  wCBO_linCoeff   0.00000e+00   constant   
  22  wCBO_const   1.70676e-03   6.97437e-04   4.19404e-06   1.51093e-01
 EXTERNAL ERROR MATRIX.    NDIM=  25    NPAR=  4    ERR DEF=1
  2.067e-01 -2.476e-02 -2.056e-03  6.140e-05 
 -2.476e-02  3.829e-03 -3.653e-05  1.287e-06 
 -2.056e-03 -3.653e-05  1.146e-04 -3.933e-06 
  6.140e-05  1.287e-06 -3.933e-06  4.864e-07 
 PARAMETER  CORRELATION COEFFICIENTS  
       NO.  GLOBAL     18     19     20     22
       18  0.99886   1.000 -0.880 -0.422  0.194
       19  0.99861  -0.880  1.000 -0.055  0.030
       20  0.99536  -0.422 -0.055  1.000 -0.527
       22  0.71535   0.194  0.030 -0.527  1.000
MINUIT - FIT ONLY 2-y
 **********
 **   76 **RES 
 **********
                   PARAMETER   14  ANy2 RESTORED TO VARIABLE.
                   PARAMETER    8  phi_CBO RESTORED TO VARIABLE.
                   PARAMETER    7  w_CBO RESTORED TO VARIABLE.
                   PARAMETER    6  A_CBO RESTORED TO VARIABLE.
                   PARAMETER    4  phi RESTORED TO VARIABLE.
                   PARAMETER    3  A0 RESTORED TO VARIABLE.
                   PARAMETER    1  N0 RESTORED TO VARIABLE.
 **********
 **   77 **FIX            0
 **********
 PARAMETER    0  IS UNDEFINED. IGNORED.
 **********
 **   78 **FIX            1
 **********
 **********
 **   79 **FIX            2
 **********
 PARAMETER    2  IS CONSTANT.   IGNORED.
 **********
 **   80 **FIX            3
 **********
 **********
 **   81 **FIX            4
 **********
 **********
 **   82 **FIX            5
 **********
 PARAMETER    5  IS CONSTANT.   IGNORED.
 **********
 **   83 **FIX            6
 **********
 **********
 **   84 **FIX            7
 **********
 **********
 **   85 **FIX            8
 **********
 **********
 **   86 **FIX            9
 **********
 PARAMETER    9  IS CONSTANT.   IGNORED.
 **********
 **   87 **FIX           10
 **********
 PARAMETER   10  IS CONSTANT.   IGNORED.
 **********
 **   88 **FIX           11
 **********
 PARAMETER   11  IS CONSTANT.   IGNORED.
 **********
 **   89 **FIX           12
 **********
 PARAMETER   12  IS CONSTANT.   IGNORED.
 **********
 **   90 **FIX           16
 **********
 PARAMETER   16  IS CONSTANT.   IGNORED.
 **********
 **   91 **MIGRAD
 **********
 START MIGRAD MINIMIZATION.  STRATEGY  1.  CONVERGENCE WHEN EDM .LT. 1.00e-04
 FCN=309.633 FROM MIGRAD    STATUS=INITIATE       10 CALLS        1091 TOTAL
                     EDM= unknown      STRATEGY= 1      NO ERROR MATRIX       
  EXT PARAMETER               CURRENT GUESS       STEP         FIRST   
  NO.   NAME      VALUE            ERROR          SIZE      DERIVATIVE 
   1  N0           2.99392e+06     fixed    
   2  tau          6.43993e+01   constant   
   3  A0           3.53735e-01     fixed    
   4  phi          4.11934e+00     fixed    
   5  R           -6.01693e+01   constant   
   6  A_CBO        2.96840e-04     fixed    
   7  w_CBO        2.32684e+00     fixed    
   8  phi_CBO      2.02476e+00     fixed    
   9  ANx2         6.17909e-04   constant   
  10  pNx2         3.86483e+00   constant   
  11  ANy1         0.00000e+00   constant   
  12  pNy1         0.00000e+00   constant   
  13  w_y          0.00000e+00   constant   
  14  ANy2        -2.21536e-04   4.46339e-04   4.46339e-04  -7.42808e+00
  15  pNy2         1.76471e+00   constant   
  16  w_vw         1.43097e+01   constant   
  17  LM          -1.37296e-04   constant   
  18  wCBO_expCoeff   1.99990e+02   4.54685e-01   1.86835e-04  -1.63616e-03
  19  wCBO_expOffset   1.99989e+02   6.18828e-02   9.53620e-05  -1.64427e-02
  20  wCBO_expT    3.00041e+01   1.07068e-02   1.43071e-05  -2.92155e-02
  21  wCBO_linCoeff   0.00000e+00   constant   
  22  wCBO_const   1.70676e-03   6.97437e-04   4.19404e-06   1.55475e-01
 MIGRAD MINIMIZATION HAS CONVERGED.
 MIGRAD WILL VERIFY CONVERGENCE AND ERROR MATRIX.
 COVARIANCE MATRIX CALCULATED SUCCESSFULLY
 FCN=309.633 FROM MIGRAD    STATUS=CONVERGED      58 CALLS        1139 TOTAL
                     EDM=1.16782e-08    STRATEGY= 1      ERROR MATRIX ACCURATE 
  EXT PARAMETER                                   STEP         FIRST   
  NO.   NAME      VALUE            ERROR          SIZE      DERIVATIVE 
   1  N0           2.99392e+06     fixed    
   2  tau          6.43993e+01   constant   
   3  A0           3.53735e-01     fixed    
   4  phi          4.11934e+00     fixed    
   5  R           -6.01693e+01   constant   
   6  A_CBO        2.96840e-04     fixed    
   7  w_CBO        2.32684e+00     fixed    
   8  phi_CBO      2.02476e+00     fixed    
   9  ANx2         6.17909e-04   constant   
  10  pNx2         3.86483e+00   constant   
  11  ANy1         0.00000e+00   constant   
  12  pNy1         0.00000e+00   constant   
  13  w_y          0.00000e+00   constant   
  14  ANy2        -2.20803e-04   4.45534e-04   3.82390e-06   4.67983e-03
  15  pNy2         1.76471e+00   constant   
  16  w_vw         1.43097e+01   constant   
  17  LM          -1.37296e-04   constant   
  18  wCBO_expCoeff   1.99990e+02   4.54653e-01   1.86834e-04   9.69932e-04
  19  wCBO_expOffset   1.99989e+02   6.18554e-02   9.53620e-05   6.40546e-03
  20  wCBO_expT    3.00041e+01   1.07241e-02   1.43071e-05   3.83684e-03
  21  wCBO_linCoeff   0.00000e+00   constant   
  22  wCBO_const   1.70675e-03   6.97448e-04   4.19404e-06  -1.37663e-01
 EXTERNAL ERROR MATRIX.    NDIM=  25    NPAR=  5    ERR DEF=1
  1.985e-07 -5.267e-06 -7.319e-08  2.749e-07  2.494e-09 
 -5.267e-06  2.067e-01 -2.473e-02 -2.063e-03  6.132e-05 
 -7.319e-08 -2.473e-02  3.826e-03 -3.668e-05  1.287e-06 
  2.749e-07 -2.063e-03 -3.668e-05  1.150e-04 -3.929e-06 
  2.494e-09  6.132e-05  1.287e-06 -3.929e-06  4.864e-07 
 PARAMETER  CORRELATION COEFFICIENTS  
       NO.  GLOBAL     14     18     19     20     22
       14  0.07328   1.000 -0.026 -0.003  0.058  0.008
       18  0.99886  -0.026  1.000 -0.879 -0.423  0.193
       19  0.99861  -0.003 -0.879  1.000 -0.055  0.030
       20  0.99537   0.058 -0.423 -0.055  1.000 -0.525
       22  0.71536   0.008  0.193  0.030 -0.525  1.000
MINUIT - FIT ALTOGETHER
 **********
 **   92 **RES 
 **********
                   PARAMETER    8  phi_CBO RESTORED TO VARIABLE.
                   PARAMETER    7  w_CBO RESTORED TO VARIABLE.
                   PARAMETER    6  A_CBO RESTORED TO VARIABLE.
                   PARAMETER    4  phi RESTORED TO VARIABLE.
                   PARAMETER    3  A0 RESTORED TO VARIABLE.
                   PARAMETER    1  N0 RESTORED TO VARIABLE.
 **********
 **   93 **MIGRAD
 **********
 START MIGRAD MINIMIZATION.  STRATEGY  1.  CONVERGENCE WHEN EDM .LT. 1.00e-04
 FCN=309.633 FROM MIGRAD    STATUS=INITIATE       22 CALLS        1161 TOTAL
                     EDM= unknown      STRATEGY= 1      NO ERROR MATRIX       
  EXT PARAMETER               CURRENT GUESS       STEP         FIRST   
  NO.   NAME      VALUE            ERROR          SIZE      DERIVATIVE 
   1  N0           2.99392e+06   9.52848e+02   9.52848e+02  -4.99914e-04
   2  tau          6.43993e+01   constant   
   3  A0           3.53735e-01   4.19900e-04   4.19900e-04   1.85046e+02
   4  phi          4.11934e+00   1.23446e-03   1.23446e-03   5.41295e+01
   5  R           -6.01693e+01   constant   
