 + ++++++++++++++++++++++++++++++++++++++++++++++++++++++++++++++++++++ +
 +                                                                      +
 +           You have chose to blind your fitting according to          +
 +                omega_ref * (1 + (R +/- deltaR) *10^{-6})             +
 +                                                                      +
 + ++++++++++++++++++++++++++++++++++++++++++++++++++++++++++++++++++++ +
In main()...
reading format from /gm2data/zkhechad/run45/envelope/formats/formatB_sBin_constraintOn.txt
pBinTau 	= 0  
pBinPhi 	= 0  
constraintau 	= 1 
includeMopTerm 	= 0    
constrainMop    = 0   
Parameters after format file: pBinTau 0 pBinPhi 0 constraintau 1 includeMopTerm 0 constrainMop 0 c_e_scale 0.000000 
reading cbo reference file (full fit) from /gm2data/zkhechad/cboTemplates/Run4CBOTemplates/fullFits/run4/sBin_constraintOn_cE0.0_seed0_run4_calo7.root
A_CBO 0.010017 w_CBO 2.326795 phi_CBO 5.385454 N0 2934724.912691 R -61.426290 tau 64.406392 
Reading cboRef file /gm2data/zkhechad/cboTemplates/Run4CBOTemplates//cboIsolate/run4_calo7.root
deltaT 164.120000
windowBins = 1100
fitting sliding window 1760 from bin 1963 at 292.879600 to bin 3063 at 456.999600 (1100 bins)

Reading data from /gm2data/cornell/histograms/aMethod/histogram_a_run4.root
fitting cbo isolate
 **********
 **    1 **SET PRINTOUT            1
 **********
 **********
 **    2 **SET NOWARNINGS 
 **********
 PARAMETER DEFINITIONS:
    NO.   NAME         VALUE      STEP SIZE      LIMITS
     1 A_CBO        1.00169e-02  1.00000e-05     no limits
     2 w_CBO        2.32680e+00  1.00000e-02    2.00000e+00  3.00000e+00
     3 phi_CBO      5.38545e+00  1.00000e-02    0.00000e+00  6.28319e+00
 **********
 **    3 **MIGRAD
 **********
 FIRST CALL TO USER FUNCTION AT NEW START POINT, WITH IFLAG=4.
 START MIGRAD MINIMIZATION.  STRATEGY  1.  CONVERGENCE WHEN EDM .LT. 1.00e-04
 FCN=0.098538 FROM MIGRAD    STATUS=INITIATE       12 CALLS          13 TOTAL
                     EDM= unknown      STRATEGY= 1      NO ERROR MATRIX       
  EXT PARAMETER               CURRENT GUESS       STEP         FIRST   
  NO.   NAME      VALUE            ERROR          SIZE      DERIVATIVE 
   1  A_CBO        1.00169e-02   1.00000e-05   1.00000e-05   8.16947e+00
   2  w_CBO        2.32680e+00   1.00000e-02   2.13223e-02   6.60922e-01
   3  phi_CBO      5.38545e+00   1.00000e-02   4.54801e-03  -7.31685e-03
 MIGRAD MINIMIZATION HAS CONVERGED.
 MIGRAD WILL VERIFY CONVERGENCE AND ERROR MATRIX.
 COVARIANCE MATRIX CALCULATED SUCCESSFULLY
 FCN=0.0680747 FROM HESSE     STATUS=OK             16 CALLS          50 TOTAL
                     EDM=0.000108753    STRATEGY= 1      ERROR MATRIX ACCURATE 
  EXT PARAMETER                                   STEP         FIRST   
  NO.   NAME      VALUE            ERROR          SIZE      DERIVATIVE 
   1  A_CBO        2.57694e-03   4.39323e-02   2.15282e-05  -2.29127e-02
   2  w_CBO        2.32657e+00   3.48021e-01   4.91023e-05   1.53337e-02
   3  phi_CBO      5.43476e+00   5.21691e+00   4.14246e-03   1.17978e-04
 MIGRAD MINIMIZATION HAS CONVERGED.
 MIGRAD WILL VERIFY CONVERGENCE AND ERROR MATRIX.
 COVARIANCE MATRIX CALCULATED SUCCESSFULLY
 FCN=0.0679705 FROM MIGRAD    STATUS=CONVERGED      99 CALLS         100 TOTAL
                     EDM=5.13082e-06    STRATEGY= 1      ERROR MATRIX ACCURATE 
  EXT PARAMETER                                   STEP         FIRST   
  NO.   NAME      VALUE            ERROR          SIZE      DERIVATIVE 
   1  A_CBO        2.67175e-03   4.28477e-02   2.15343e-05   4.16106e-02
   2  w_CBO        2.32304e+00   3.45056e-01   4.82786e-05  -1.29534e-02
   3  phi_CBO      4.16758e+00   3.77638e+00   2.91519e-03   2.78959e-04
 EXTERNAL ERROR MATRIX.    NDIM=  25    NPAR=  3    ERR DEF=1
  1.836e-03 -1.498e-03 -5.523e-01 
 -1.498e-03  1.506e-01  5.424e+01 
 -5.523e-01  5.424e+01  1.979e+04 
 PARAMETER  CORRELATION COEFFICIENTS  
       NO.  GLOBAL      1      2      3
        1  0.09197   1.000 -0.090 -0.092
        2  0.99345  -0.090  1.000  0.993
        3  0.99345  -0.092  0.993  1.000
setting A_CBO=0.002672 w_CBO=2.323036, phi_CBO=4.167575
done fitting cbo isolate
 **********
 **    1 **SET PRINTOUT            1
 **********
 **********
 **    2 **SET NOWARNINGS 
 **********
 PARAMETER DEFINITIONS:
    NO.   NAME         VALUE      STEP SIZE      LIMITS
     1 N0           2.93472e+06  1.00000e+02     no limits
     2 tau          6.44064e+01  constant
     3 A0           3.50200e-01  1.00000e-04     no limits
     4 phi          4.11726e+00  1.00000e-02     no limits
     5 R           -6.14263e+01  constant
     6 A_CBO        2.67175e-03  1.00000e-05     no limits
     7 w_CBO        2.32304e+00  1.00000e-03     no limits
     8 phi_CBO      4.16758e+00  1.00000e-04     no limits
     9 ANx2         5.09258e-04  constant
    10 pNx2         1.79030e-01  constant
    11 ANy1         0.00000e+00  constant
    12 pNy1         0.00000e+00  constant
    13 w_y          0.00000e+00  constant
    14 ANy2         8.95951e-03  1.00000e-04     no limits
    15 pNy2         6.17155e+00  constant
    16 w_vw         1.43200e+01  constant
    17 LM          -8.21731e-05  constant
    18 wCBO_expCoeff   2.00000e+02  1.00000e+00     no limits
    19 wCBO_expOffset   2.00000e+02  1.00000e+00     no limits
    20 wCBO_expT    3.00000e+01  1.00000e+00     no limits
    21 wCBO_linCoeff   0.00000e+00  constant
    22 wCBO_const   0.00000e+00  1.00000e-02     no limits
MINUIT - FIT ONLY WIGGLE
 **********
 **    3 **FIX            5
 **********
 PARAMETER    5  IS CONSTANT.   IGNORED.
 **********
 **    4 **FIX            6
 **********
 **********
 **    5 **FIX            7
 **********
 **********
 **    6 **FIX            8
 **********
 **********
 **    7 **FIX            9
 **********
 PARAMETER    9  IS CONSTANT.   IGNORED.
 **********
 **    8 **FIX           10
 **********
 PARAMETER   10  IS CONSTANT.   IGNORED.
 **********
 **    9 **FIX           11
 **********
 PARAMETER   11  IS CONSTANT.   IGNORED.
 **********
 **   10 **FIX           12
 **********
 PARAMETER   12  IS CONSTANT.   IGNORED.
 **********
 **   11 **FIX           13
 **********
 PARAMETER   13  IS CONSTANT.   IGNORED.
 **********
 **   12 **FIX           14
 **********
 **********
 **   13 **FIX           15
 **********
 PARAMETER   15  IS CONSTANT.   IGNORED.
 **********
 **   14 **FIX           16
 **********
 PARAMETER   16  IS CONSTANT.   IGNORED.
 **********
 **   15 **MIGRAD
 **********
 FIRST CALL TO USER FUNCTION AT NEW START POINT, WITH IFLAG=4.
 START MIGRAD MINIMIZATION.  STRATEGY  1.  CONVERGENCE WHEN EDM .LT. 1.00e-04
 FCN=721.77 FROM MIGRAD    STATUS=INITIATE       58 CALLS          59 TOTAL
                     EDM= unknown      STRATEGY= 1      NO ERROR MATRIX       
  EXT PARAMETER               CURRENT GUESS       STEP         FIRST   
  NO.   NAME      VALUE            ERROR          SIZE      DERIVATIVE 
   1  N0           2.93472e+06   1.00000e+02   0.00000e+00   1.36380e-03
   2  tau          6.44064e+01   constant   
   3  A0           3.50200e-01   1.00000e-04   0.00000e+00   1.12752e+03
   4  phi          4.11726e+00   1.00000e-02   0.00000e+00   1.37818e+03
   5  R           -6.14263e+01   constant   
   6  A_CBO        2.67175e-03     fixed    
   7  w_CBO        2.32304e+00     fixed    
   8  phi_CBO      4.16758e+00     fixed    
   9  ANx2         5.09258e-04   constant   
  10  pNx2         1.79030e-01   constant   
  11  ANy1         0.00000e+00   constant   
  12  pNy1         0.00000e+00   constant   
  13  w_y          0.00000e+00   constant   
  14  ANy2         8.95951e-03     fixed    
  15  pNy2         6.17155e+00   constant   
  16  w_vw         1.43200e+01   constant   
  17  LM          -8.21731e-05   constant   
  18  wCBO_expCoeff   1.99924e+02   1.00000e+00  -7.57648e-02  -1.28703e+00
  19  wCBO_expOffset   2.00000e+02   1.00000e+00   0.00000e+00  -8.56578e+00
  20  wCBO_expT    3.00000e+01   1.00000e+00   0.00000e+00   2.51483e+02
  21  wCBO_linCoeff   0.00000e+00   constant   
  22  wCBO_const   0.00000e+00   1.00000e-02   0.00000e+00   2.71199e+03
 MIGRAD MINIMIZATION HAS CONVERGED.
 FCN=704.138 FROM MIGRAD    STATUS=CONVERGED     258 CALLS         259 TOTAL
                     EDM=2.10101e-06    STRATEGY= 1  ERROR MATRIX UNCERTAINTY   2.7 per cent
  EXT PARAMETER                                   STEP         FIRST   
  NO.   NAME      VALUE            ERROR          SIZE      DERIVATIVE 
   1  N0           2.93434e+06   1.01984e+03  -4.06238e+00   1.34308e-06
   2  tau          6.44064e+01   constant   
   3  A0           3.50066e-01   4.38440e-04  -1.33234e-07  -1.35014e-01
   4  phi          4.11622e+00   1.34106e-03   6.44228e-06  -3.39035e-01
   5  R           -6.14263e+01   constant   
   6  A_CBO        2.67175e-03     fixed    
   7  w_CBO        2.32304e+00     fixed    
   8  phi_CBO      4.16758e+00     fixed    
   9  ANx2         5.09258e-04   constant   
  10  pNx2         1.79030e-01   constant   
  11  ANy1         0.00000e+00   constant   
  12  pNy1         0.00000e+00   constant   
  13  w_y          0.00000e+00   constant   
  14  ANy2         8.95951e-03     fixed    
  15  pNy2         6.17155e+00   constant   
  16  w_vw         1.43200e+01   constant   
  17  LM          -8.21731e-05   constant   
  18  wCBO_expCoeff   1.99789e+02   1.13504e-01  -6.13443e-05   9.45659e-02
  19  wCBO_expOffset   1.99980e+02   1.69732e-02  -9.12211e-06   6.14532e-01
  20  wCBO_expT    3.00195e+01   1.09816e-02   1.09488e-05   1.93799e+00
  21  wCBO_linCoeff   0.00000e+00   constant   
  22  wCBO_const  -5.54643e-03   9.65395e-04  -1.87128e-06   1.00315e+00
 EXTERNAL ERROR MATRIX.    NDIM=  25    NPAR=  7    ERR DEF=1
  1.040e+06  1.229e-02  5.486e-04  1.513e+01  2.260e+00 -1.347e+00  8.489e-02 
  1.229e-02  1.922e-07 -4.524e-09  1.020e-06  1.526e-07 -4.310e-08 -1.749e-08 
  5.486e-04 -4.524e-09  1.798e-06 -3.717e-06 -5.518e-07  3.127e-07 -1.996e-08 
  1.513e+01  1.020e-06 -3.717e-06  1.288e-02  1.890e-03 -1.232e-03  8.583e-05 
  2.260e+00  1.526e-07 -5.518e-07  1.890e-03  2.881e-04 -1.842e-04  1.283e-05 
 -1.347e+00 -4.310e-08  3.127e-07 -1.232e-03 -1.842e-04  1.206e-04 -8.898e-06 
  8.489e-02 -1.749e-08 -1.996e-08  8.583e-05  1.283e-05 -8.898e-06  9.320e-07 
 PARAMETER  CORRELATION COEFFICIENTS  
       NO.  GLOBAL      1      3      4     18     19     20     22
        1  0.17209   1.000  0.027  0.000  0.131  0.131 -0.120  0.086
        3  0.10491   0.027  1.000 -0.008  0.020  0.021 -0.009 -0.041
        4  0.04405   0.000 -0.008  1.000 -0.024 -0.024  0.021 -0.015
       18  0.99250   0.131  0.020 -0.024  1.000  0.981 -0.988  0.783
       19  0.99243   0.131  0.021 -0.024  0.981  1.000 -0.988  0.783
       20  0.99753  -0.120 -0.009  0.021 -0.988 -0.988  1.000 -0.839
       22  0.92894   0.086 -0.041 -0.015  0.783  0.783 -0.839  1.000
MINUIT - FIT ONLY 1-CBO + other amplitudes 
 **********
 **   16 **RES 
 **********
                   PARAMETER   14  ANy2 RESTORED TO VARIABLE.
                   PARAMETER    8  phi_CBO RESTORED TO VARIABLE.
                   PARAMETER    7  w_CBO RESTORED TO VARIABLE.
                   PARAMETER    6  A_CBO RESTORED TO VARIABLE.
 **********
 **   17 **FIX            0
 **********
 PARAMETER    0  IS UNDEFINED. IGNORED.
 **********
 **   18 **FIX            1
 **********
 **********
 **   19 **FIX            2
 **********
 PARAMETER    2  IS CONSTANT.   IGNORED.
 **********
 **   20 **FIX            3
 **********
 **********
 **   21 **FIX            4
 **********
 **********
 **   22 **FIX            9
 **********
 PARAMETER    9  IS CONSTANT.   IGNORED.
 **********
 **   23 **FIX           11
 **********
 PARAMETER   11  IS CONSTANT.   IGNORED.
 **********
 **   24 **FIX           12
 **********
 PARAMETER   12  IS CONSTANT.   IGNORED.
 **********
 **   25 **FIX           14
 **********
 **********
 **   26 **FIX           15
 **********
 PARAMETER   15  IS CONSTANT.   IGNORED.
 **********
 **   27 **FIX           16
 **********
 PARAMETER   16  IS CONSTANT.   IGNORED.
 **********
 **   28 **MIGRAD
 **********
 START MIGRAD MINIMIZATION.  STRATEGY  1.  CONVERGENCE WHEN EDM .LT. 1.00e-04
 FCN=704.138 FROM MIGRAD    STATUS=INITIATE       20 CALLS         279 TOTAL
                     EDM= unknown      STRATEGY= 1      NO ERROR MATRIX       
  EXT PARAMETER               CURRENT GUESS       STEP         FIRST   
  NO.   NAME      VALUE            ERROR          SIZE      DERIVATIVE 
   1  N0           2.93434e+06     fixed    
   2  tau          6.44064e+01   constant   
   3  A0           3.50066e-01     fixed    
   4  phi          4.11622e+00     fixed    
   5  R           -6.14263e+01   constant   
   6  A_CBO        2.67175e-03   1.00000e-05   1.00000e-05   1.71345e+04
   7  w_CBO        2.32304e+00   1.00000e-03   1.00000e-03   8.57149e+00
   8  phi_CBO      4.16758e+00   1.00000e-04   1.00000e-04  -9.19751e-01
   9  ANx2         5.09258e-04   constant   
  10  pNx2         1.79030e-01   constant   
  11  ANy1         0.00000e+00   constant   
  12  pNy1         0.00000e+00   constant   
  13  w_y          0.00000e+00   constant   
  14  ANy2         8.95951e-03     fixed    
  15  pNy2         6.17155e+00   constant   
  16  w_vw         1.43200e+01   constant   
  17  LM          -8.21731e-05   constant   
  18  wCBO_expCoeff   1.99789e+02   1.13504e-01  -6.13443e-05   9.45657e-02
  19  wCBO_expOffset   1.99980e+02   1.69732e-02  -9.12211e-06   6.14532e-01
  20  wCBO_expT    3.00195e+01   1.09816e-02   1.09488e-05   1.93799e+00
  21  wCBO_linCoeff   0.00000e+00   constant   
  22  wCBO_const  -5.54643e-03   9.65395e-04  -1.87128e-06   1.00315e+00
 MIGRAD MINIMIZATION HAS CONVERGED.
 MIGRAD WILL VERIFY CONVERGENCE AND ERROR MATRIX.
 FCN=683.907 FROM MIGRAD    STATUS=CONVERGED     323 CALLS         582 TOTAL
                     EDM=4.28245e-06    STRATEGY= 1      ERR MATRIX NOT POS-DEF
  EXT PARAMETER                APPROXIMATE        STEP         FIRST   
  NO.   NAME      VALUE            ERROR          SIZE      DERIVATIVE 
   1  N0           2.93434e+06     fixed    
   2  tau          6.44064e+01   constant   
   3  A0           3.50066e-01     fixed    
   4  phi          4.11622e+00     fixed    
   5  R           -6.14263e+01   constant   
   6  A_CBO        5.77211e-04   4.86674e-04   6.12999e-06  -9.80584e-02
   7  w_CBO        2.32328e+00   1.94982e-03   2.25265e-06   2.94412e+00
   8  phi_CBO      5.41674e+00   8.59457e-01   1.02919e-02   8.43862e-04
   9  ANx2         5.09258e-04   constant   
  10  pNx2         1.79030e-01   constant   
  11  ANy1         0.00000e+00   constant   
  12  pNy1         0.00000e+00   constant   
  13  w_y          0.00000e+00   constant   
  14  ANy2         8.95951e-03     fixed    
  15  pNy2         6.17155e+00   constant   
  16  w_vw         1.43200e+01   constant   
  17  LM          -8.21731e-05   constant   
  18  wCBO_expCoeff   1.99826e+02   1.99259e-01   2.36617e-04   3.82751e-02
  19  wCBO_expOffset   1.99985e+02   3.27996e-02   9.53604e-05   2.58486e-01
  20  wCBO_expT    3.00200e+01   6.89049e-03   1.43146e-05   3.51005e-01
  21  wCBO_linCoeff   0.00000e+00   constant   
  22  wCBO_const  -6.14219e-03   1.06574e-03   4.38924e-06  -8.14559e-01
 EXTERNAL ERROR MATRIX.    NDIM=  25    NPAR=  7    ERR DEF=1
  2.369e-07 -3.013e-09  1.429e-05 -9.720e-07 -3.754e-07  5.789e-08  3.266e-08 
 -3.013e-09  3.802e-06 -3.669e-05 -1.084e-04 -2.482e-05 -2.579e-06 -1.416e-06 
  1.429e-05 -3.669e-05  7.387e-01 -4.928e-03 -1.918e-03  1.109e-03  1.056e-06 
 -9.720e-07 -1.084e-04 -4.928e-03  3.970e-02 -3.603e-03 -2.967e-04  6.504e-05 
 -3.754e-07 -2.482e-05 -1.918e-03 -3.603e-03  1.076e-03 -6.694e-05  1.489e-05 
  5.789e-08 -2.579e-06  1.109e-03 -2.967e-04 -6.694e-05  4.748e-05 -2.733e-06 
  3.266e-08 -1.416e-06  1.056e-06  6.504e-05  1.489e-05 -2.733e-06  1.136e-06 
ERR MATRIX NOT POS-DEF
 PARAMETER  CORRELATION COEFFICIENTS  
       NO.  GLOBAL      6      7      8     18     19     20     22
        6  0.18233   1.000 -0.003  0.034 -0.010 -0.024  0.017  0.063
        7  0.99595  -0.003  1.000 -0.022 -0.279 -0.388 -0.192 -0.681
        8  0.37668   0.034 -0.022  1.000 -0.029 -0.068  0.187  0.001
       18  0.99573  -0.010 -0.279 -0.029  1.000 -0.551 -0.216  0.306
       19  0.99644  -0.024 -0.388 -0.068 -0.551  1.000 -0.296  0.426
       20  0.99386   0.017 -0.192  0.187 -0.216 -0.296  1.000 -0.372
       22  0.94713   0.063 -0.681  0.001  0.306  0.426 -0.372  1.000
 ERR MATRIX NOT POS-DEF
MINUIT - FIT ONLY 1-CBO
 **********
 **   29 **RES 
 **********
                   PARAMETER   14  ANy2 RESTORED TO VARIABLE.
                   PARAMETER    4  phi RESTORED TO VARIABLE.
                   PARAMETER    3  A0 RESTORED TO VARIABLE.
                   PARAMETER    1  N0 RESTORED TO VARIABLE.
 **********
 **   30 **FIX            0
 **********
 PARAMETER    0  IS UNDEFINED. IGNORED.
 **********
 **   31 **FIX            1
 **********
 **********
 **   32 **FIX            2
 **********
 PARAMETER    2  IS CONSTANT.   IGNORED.
 **********
 **   33 **FIX            3
 **********
 **********
 **   34 **FIX            4
 **********
 **********
 **   35 **FIX            8
 **********
 **********
 **   36 **FIX            9
 **********
 PARAMETER    9  IS CONSTANT.   IGNORED.
 **********
 **   37 **FIX           11
 **********
 PARAMETER   11  IS CONSTANT.   IGNORED.
 **********
 **   38 **FIX           12
 **********
 PARAMETER   12  IS CONSTANT.   IGNORED.
 **********
 **   39 **FIX           13
 **********
 PARAMETER   13  IS CONSTANT.   IGNORED.
 **********
 **   40 **FIX           15
 **********
 PARAMETER   15  IS CONSTANT.   IGNORED.
 **********
 **   41 **FIX           16
 **********
 PARAMETER   16  IS CONSTANT.   IGNORED.
 **********
 **   42 **MIGRAD
 **********
 START MIGRAD MINIMIZATION.  STRATEGY  1.  CONVERGENCE WHEN EDM .LT. 1.00e-04
 FCN=683.907 FROM MIGRAD    STATUS=INITIATE       16 CALLS         598 TOTAL
                     EDM= unknown      STRATEGY= 1      NO ERROR MATRIX       
  EXT PARAMETER               CURRENT GUESS       STEP         FIRST   
  NO.   NAME      VALUE            ERROR          SIZE      DERIVATIVE 
   1  N0           2.93434e+06     fixed    
   2  tau          6.44064e+01   constant   
   3  A0           3.50066e-01     fixed    
   4  phi          4.11622e+00     fixed    
   5  R           -6.14263e+01   constant   
   6  A_CBO        5.77211e-04   4.86674e-04   6.12999e-06  -9.80580e-02
   7  w_CBO        2.32328e+00   1.94982e-03   2.25265e-06   2.96831e+00
   8  phi_CBO      5.41674e+00     fixed    
   9  ANx2         5.09258e-04   constant   
  10  pNx2         1.79030e-01   constant   
  11  ANy1         0.00000e+00   constant   
  12  pNy1         0.00000e+00   constant   
  13  w_y          0.00000e+00   constant   
  14  ANy2         8.95951e-03   1.00000e-04   1.00000e-04   7.67068e+04
  15  pNy2         6.17155e+00   constant   
  16  w_vw         1.43200e+01   constant   
  17  LM          -8.21731e-05   constant   
  18  wCBO_expCoeff   1.99826e+02   1.99259e-01   2.36617e-04   3.85768e-02
  19  wCBO_expOffset   1.99985e+02   3.27996e-02   9.53604e-05   2.69872e-01
  20  wCBO_expT    3.00200e+01   6.89049e-03   1.43146e-05   3.60007e-01
  21  wCBO_linCoeff   0.00000e+00   constant   
  22  wCBO_const  -6.14219e-03   1.06574e-03   4.38924e-06  -8.17487e-01
 MIGRAD MINIMIZATION HAS CONVERGED.
 MIGRAD WILL VERIFY CONVERGENCE AND ERROR MATRIX.
 COVARIANCE MATRIX CALCULATED SUCCESSFULLY
 FCN=357.401 FROM MIGRAD    STATUS=CONVERGED     181 CALLS         763 TOTAL
                     EDM=9.93458e-09    STRATEGY= 1      ERROR MATRIX ACCURATE 
  EXT PARAMETER                                   STEP         FIRST   
  NO.   NAME      VALUE            ERROR          SIZE      DERIVATIVE 
   1  N0           2.93434e+06     fixed    
   2  tau          6.44064e+01   constant   
   3  A0           3.50066e-01     fixed    
   4  phi          4.11622e+00     fixed    
   5  R           -6.14263e+01   constant   
   6  A_CBO        2.64363e-04   4.85682e-04   4.46338e-06   1.68331e-01
   7  w_CBO        2.32330e+00   1.64950e-02   1.79027e-06  -3.26802e-01
   8  phi_CBO      5.41674e+00     fixed    
   9  ANx2         5.09258e-04   constant   
  10  pNx2         1.79030e-01   constant   
  11  ANy1         0.00000e+00   constant   
  12  pNy1         0.00000e+00   constant   
  13  w_y          0.00000e+00   constant   
  14  ANy2         4.45086e-04   4.71294e-04   4.35130e-06  -1.99712e-02
  15  pNy2         6.17155e+00   constant   
  16  w_vw         1.43200e+01   constant   
  17  LM          -8.21731e-05   constant   
  18  wCBO_expCoeff   1.99829e+02   1.63805e+00   1.82274e-04  -2.68975e-03
  19  wCBO_expOffset   1.99986e+02   1.58826e-01   9.53607e-05  -1.79473e-02
  20  wCBO_expT    3.00193e+01   1.20090e-02   1.43143e-05  -6.49865e-02
  21  wCBO_linCoeff   0.00000e+00   constant   
  22  wCBO_const  -6.13138e-03   7.09561e-03   3.99321e-06  -2.22952e-01
 EXTERNAL ERROR MATRIX.    NDIM=  25    NPAR=  7    ERR DEF=1
  2.359e-07  6.636e-08  8.976e-09  1.545e-05 -2.287e-06 -2.912e-07  1.022e-08 
  6.636e-08  2.721e-04  2.177e-09 -2.029e-02 -4.358e-04 -9.945e-06 -1.157e-04 
  8.976e-09  2.177e-09  2.221e-07 -7.784e-07 -3.747e-09  3.981e-08 -1.425e-09 
  1.545e-05 -2.029e-02 -7.784e-07  2.683e+00 -1.323e-01 -2.724e-03  8.846e-03 
 -2.287e-06 -4.358e-04 -3.747e-09 -1.323e-01  2.523e-02  8.998e-05  1.811e-04 
 -2.912e-07 -9.945e-06  3.981e-08 -2.724e-03  8.998e-05  1.442e-04 -5.452e-06 
  1.022e-08 -1.157e-04 -1.425e-09  8.846e-03  1.811e-04 -5.452e-06  5.035e-05 
 PARAMETER  CORRELATION COEFFICIENTS  
       NO.  GLOBAL      6      7     14     18     19     20     22
        6  0.10777   1.000  0.008  0.039  0.019 -0.030 -0.050  0.003
        7  0.99993   0.008  1.000  0.000 -0.751 -0.166 -0.050 -0.989
       14  0.04929   0.039  0.000  1.000 -0.001 -0.000  0.007 -0.000
       18  0.99993   0.019 -0.751 -0.001  1.000 -0.508 -0.138  0.761
       19  0.99983  -0.030 -0.166 -0.000 -0.508  1.000  0.047  0.161
       20  0.99749  -0.050 -0.050  0.007 -0.138  0.047  1.000 -0.064
       22  0.99815   0.003 -0.989 -0.000  0.761  0.161 -0.064  1.000
MINUIT - FIT ONLY 2-CBO
 **********
 **   43 **RES 
 **********
                   PARAMETER    8  phi_CBO RESTORED TO VARIABLE.
                   PARAMETER    4  phi RESTORED TO VARIABLE.
                   PARAMETER    3  A0 RESTORED TO VARIABLE.
                   PARAMETER    1  N0 RESTORED TO VARIABLE.
 **********
 **   44 **FIX            0
 **********
 PARAMETER    0  IS UNDEFINED. IGNORED.
 **********
 **   45 **FIX            1
 **********
 **********
 **   46 **FIX            2
 **********
 PARAMETER    2  IS CONSTANT.   IGNORED.
 **********
 **   47 **FIX            3
 **********
 **********
 **   48 **FIX            4
 **********
 **********
 **   49 **FIX            5
 **********
 PARAMETER    5  IS CONSTANT.   IGNORED.
 **********
 **   50 **FIX            6
 **********
 **********
 **   51 **FIX            7
 **********
 **********
 **   52 **FIX           10
 **********
 PARAMETER   10  IS CONSTANT.   IGNORED.
 **********
 **   53 **FIX           11
 **********
 PARAMETER   11  IS CONSTANT.   IGNORED.
 **********
 **   54 **FIX           12
 **********
 PARAMETER   12  IS CONSTANT.   IGNORED.
 **********
 **   55 **FIX           13
 **********
 PARAMETER   13  IS CONSTANT.   IGNORED.
 **********
 **   56 **FIX           14
 **********
 **********
 **   57 **FIX           15
 **********
 PARAMETER   15  IS CONSTANT.   IGNORED.
 **********
 **   58 **FIX           16
 **********
 PARAMETER   16  IS CONSTANT.   IGNORED.
 **********
 **   59 **MIGRAD
 **********
 START MIGRAD MINIMIZATION.  STRATEGY  1.  CONVERGENCE WHEN EDM .LT. 1.00e-04
 FCN=357.401 FROM MIGRAD    STATUS=INITIATE       12 CALLS         775 TOTAL
                     EDM= unknown      STRATEGY= 1      NO ERROR MATRIX       
  EXT PARAMETER               CURRENT GUESS       STEP         FIRST   
  NO.   NAME      VALUE            ERROR          SIZE      DERIVATIVE 
   1  N0           2.93434e+06     fixed    
   2  tau          6.44064e+01   constant   
   3  A0           3.50066e-01     fixed    
   4  phi          4.11622e+00     fixed    
   5  R           -6.14263e+01   constant   
   6  A_CBO        2.64363e-04     fixed    
   7  w_CBO        2.32330e+00     fixed    
   8  phi_CBO      5.41674e+00   8.59457e-01   8.59457e-01   3.39691e-01
   9  ANx2         5.09258e-04   constant   
  10  pNx2         1.79030e-01   constant   
  11  ANy1         0.00000e+00   constant   
  12  pNy1         0.00000e+00   constant   
  13  w_y          0.00000e+00   constant   
  14  ANy2         4.45086e-04     fixed    
  15  pNy2         6.17155e+00   constant   
  16  w_vw         1.43200e+01   constant   
  17  LM          -8.21731e-05   constant   
  18  wCBO_expCoeff   1.99829e+02   1.63805e+00   1.82274e-04  -2.69218e-03
  19  wCBO_expOffset   1.99986e+02   1.58826e-01   9.53607e-05  -1.80780e-02
  20  wCBO_expT    3.00193e+01   1.20090e-02   1.43143e-05  -6.67141e-02
  21  wCBO_linCoeff   0.00000e+00   constant   
  22  wCBO_const  -6.13138e-03   7.09561e-03   3.99321e-06  -2.24366e-01
 MIGRAD MINIMIZATION HAS CONVERGED.
 MIGRAD WILL VERIFY CONVERGENCE AND ERROR MATRIX.
 FCN=357.313 FROM HESSE     STATUS=NOT POSDEF     31 CALLS         853 TOTAL
                     EDM=0.00023142    STRATEGY= 1      ERR MATRIX NOT POS-DEF
  EXT PARAMETER                APPROXIMATE        STEP         FIRST   
  NO.   NAME      VALUE            ERROR          SIZE      DERIVATIVE 
   1  N0           2.93434e+06     fixed    
   2  tau          6.44064e+01   constant   
   3  A0           3.50066e-01     fixed    
   4  phi          4.11622e+00     fixed    
   5  R           -6.14263e+01   constant   
   6  A_CBO        2.64363e-04     fixed    
   7  w_CBO        2.32330e+00     fixed    
   8  phi_CBO      4.90393e+00   1.73486e+00   1.56833e-02  -1.38489e-04
   9  ANx2         5.09258e-04   constant   
  10  pNx2         1.79030e-01   constant   
  11  ANy1         0.00000e+00   constant   
  12  pNy1         0.00000e+00   constant   
  13  w_y          0.00000e+00   constant   
  14  ANy2         4.45086e-04     fixed    
  15  pNy2         6.17155e+00   constant   
  16  w_vw         1.43200e+01   constant   
  17  LM          -8.21731e-05   constant   
  18  wCBO_expCoeff   1.99829e+02   2.44207e-01   1.82813e-04  -4.07529e-02
  19  wCBO_expOffset   1.99986e+02   3.69790e-02   9.53607e-05  -2.70430e-01
  20  wCBO_expT    3.00192e+01   8.34341e-03   1.43143e-05   2.73985e+00
  21  wCBO_linCoeff   0.00000e+00   constant   
  22  wCBO_const  -6.15755e-03   8.77530e-04   4.00468e-06  -1.01427e+00
 MIGRAD MINIMIZATION HAS CONVERGED.
 MIGRAD WILL VERIFY CONVERGENCE AND ERROR MATRIX.
 FCN=357.313 FROM MIGRAD    STATUS=CONVERGED     133 CALLS         896 TOTAL
                     EDM=2.08606e-07    STRATEGY= 1      ERR MATRIX NOT POS-DEF
  EXT PARAMETER                APPROXIMATE        STEP         FIRST   
  NO.   NAME      VALUE            ERROR          SIZE      DERIVATIVE 
   1  N0           2.93434e+06     fixed    
   2  tau          6.44064e+01   constant   
   3  A0           3.50066e-01     fixed    
   4  phi          4.11622e+00     fixed    
   5  R           -6.14263e+01   constant   
   6  A_CBO        2.64363e-04     fixed    
   7  w_CBO        2.32330e+00     fixed    
   8  phi_CBO      4.90193e+00   1.73263e+00   1.57045e-02   1.43861e-04
   9  ANx2         5.09258e-04   constant   
  10  pNx2         1.79030e-01   constant   
  11  ANy1         0.00000e+00   constant   
  12  pNy1         0.00000e+00   constant   
  13  w_y          0.00000e+00   constant   
  14  ANy2         4.45086e-04     fixed    
  15  pNy2         6.17155e+00   constant   
  16  w_vw         1.43200e+01   constant   
  17  LM          -8.21731e-05   constant   
  18  wCBO_expCoeff   1.99832e+02   2.44372e-01   1.82815e-04  -1.14343e-02
  19  wCBO_expOffset   1.99986e+02   3.69118e-02   9.53609e-05  -7.53708e-02
  20  wCBO_expT    3.00190e+01   8.36672e-03   1.43142e-05  -2.11390e-01
  21  wCBO_linCoeff   0.00000e+00   constant   
  22  wCBO_const  -6.13882e-03   8.79450e-04   4.00558e-06   3.96427e-01
 EXTERNAL ERROR MATRIX.    NDIM=  25    NPAR=  5    ERR DEF=1
  3.002e+00 -4.641e-03 -1.259e-03  6.405e-04  1.134e-04 
 -4.641e-03  5.972e-02 -6.716e-03 -7.053e-04  3.925e-05 
 -1.259e-03 -6.716e-03  1.362e-03 -1.108e-04  6.211e-06 
  6.405e-04 -7.053e-04 -1.108e-04  7.000e-05 -4.678e-06 
  1.134e-04  3.925e-05  6.211e-06 -4.678e-06  7.734e-07 
ERR MATRIX NOT POS-DEF
 PARAMETER  CORRELATION COEFFICIENTS  
       NO.  GLOBAL      8     18     19     20     22
        8  0.21255   1.000 -0.011 -0.020  0.044  0.074
       18  0.99674  -0.011  1.000 -0.745 -0.345  0.183
       19  0.99677  -0.020 -0.745  1.000 -0.359  0.191
       20  0.99480   0.044 -0.345 -0.359  1.000 -0.636
       22  0.87064   0.074  0.183  0.191 -0.636  1.000
 ERR MATRIX NOT POS-DEF
MINUIT - FIT ONLY 1-y
 **********
 **   60 **RES 
 **********
                   PARAMETER   14  ANy2 RESTORED TO VARIABLE.
                   PARAMETER    7  w_CBO RESTORED TO VARIABLE.
                   PARAMETER    6  A_CBO RESTORED TO VARIABLE.
                   PARAMETER    4  phi RESTORED TO VARIABLE.
                   PARAMETER    3  A0 RESTORED TO VARIABLE.
                   PARAMETER    1  N0 RESTORED TO VARIABLE.
 **********
 **   61 **FIX            0
 **********
 PARAMETER    0  IS UNDEFINED. IGNORED.
 **********
 **   62 **FIX            1
 **********
 **********
 **   63 **FIX            2
 **********
 PARAMETER    2  IS CONSTANT.   IGNORED.
 **********
 **   64 **FIX            3
 **********
 **********
 **   65 **FIX            4
 **********
 **********
 **   66 **FIX            5
 **********
 PARAMETER    5  IS CONSTANT.   IGNORED.
 **********
 **   67 **FIX            6
 **********
 **********
 **   68 **FIX            7
 **********
 **********
 **   69 **FIX            8
 **********
 **********
 **   70 **FIX            9
 **********
 PARAMETER    9  IS CONSTANT.   IGNORED.
 **********
 **   71 **FIX           13
 **********
 PARAMETER   13  IS CONSTANT.   IGNORED.
 **********
 **   72 **FIX           14
 **********
 **********
 **   73 **FIX           15
 **********
 PARAMETER   15  IS CONSTANT.   IGNORED.
 **********
 **   74 **FIX           16
 **********
 PARAMETER   16  IS CONSTANT.   IGNORED.
 **********
 **   75 **MIGRAD
 **********
 START MIGRAD MINIMIZATION.  STRATEGY  1.  CONVERGENCE WHEN EDM .LT. 1.00e-04
 FCN=357.313 FROM MIGRAD    STATUS=INITIATE        8 CALLS         904 TOTAL
                     EDM= unknown      STRATEGY= 1      NO ERROR MATRIX       
  EXT PARAMETER               CURRENT GUESS       STEP         FIRST   
  NO.   NAME      VALUE            ERROR          SIZE      DERIVATIVE 
   1  N0           2.93434e+06     fixed    
   2  tau          6.44064e+01   constant   
   3  A0           3.50066e-01     fixed    
   4  phi          4.11622e+00     fixed    
   5  R           -6.14263e+01   constant   
   6  A_CBO        2.64363e-04     fixed    
   7  w_CBO        2.32330e+00     fixed    
   8  phi_CBO      4.90193e+00     fixed    
   9  ANx2         5.09258e-04   constant   
  10  pNx2         1.79030e-01   constant   
  11  ANy1         0.00000e+00   constant   
  12  pNy1         0.00000e+00   constant   
  13  w_y          0.00000e+00   constant   
  14  ANy2         4.45086e-04     fixed    
  15  pNy2         6.17155e+00   constant   
  16  w_vw         1.43200e+01   constant   
  17  LM          -8.21731e-05   constant   
  18  wCBO_expCoeff   1.99832e+02   2.44372e-01   1.82815e-04  -1.13993e-02
  19  wCBO_expOffset   1.99986e+02   3.69118e-02   9.53609e-05  -7.30840e-02
  20  wCBO_expT    3.00190e+01   8.36672e-03   1.43142e-05  -2.10996e-01
  21  wCBO_linCoeff   0.00000e+00   constant   
  22  wCBO_const  -6.13882e-03   8.79450e-04   4.00558e-06   3.96229e-01
 MIGRAD MINIMIZATION HAS CONVERGED.
 MIGRAD WILL VERIFY CONVERGENCE AND ERROR MATRIX.
 FCN=357.313 FROM MIGRAD    STATUS=CONVERGED      43 CALLS         939 TOTAL
                     EDM=1.17165e-07    STRATEGY= 1      ERR MATRIX NOT POS-DEF
  EXT PARAMETER                APPROXIMATE        STEP         FIRST   
  NO.   NAME      VALUE            ERROR          SIZE      DERIVATIVE 
   1  N0           2.93434e+06     fixed    
   2  tau          6.44064e+01   constant   
   3  A0           3.50066e-01     fixed    
   4  phi          4.11622e+00     fixed    
   5  R           -6.14263e+01   constant   
   6  A_CBO        2.64363e-04     fixed    
   7  w_CBO        2.32330e+00     fixed    
   8  phi_CBO      4.90193e+00     fixed    
   9  ANx2         5.09258e-04   constant   
  10  pNx2         1.79030e-01   constant   
  11  ANy1         0.00000e+00   constant   
  12  pNy1         0.00000e+00   constant   
  13  w_y          0.00000e+00   constant   
  14  ANy2         4.45086e-04     fixed    
  15  pNy2         6.17155e+00   constant   
  16  w_vw         1.43200e+01   constant   
  17  LM          -8.21731e-05   constant   
  18  wCBO_expCoeff   1.99832e+02   2.45775e-01   1.82634e-04   4.77157e-03
  19  wCBO_expOffset   1.99986e+02   3.71171e-02   9.53609e-05   3.17772e-02
  20  wCBO_expT    3.00190e+01   8.38478e-03   1.43142e-05   1.56085e-01
  21  wCBO_linCoeff   0.00000e+00   constant   
  22  wCBO_const  -6.13885e-03   8.78120e-04   4.00678e-06   8.72303e-01
 EXTERNAL ERROR MATRIX.    NDIM=  25    NPAR=  4    ERR DEF=1
  6.041e-02 -6.808e-03 -7.089e-04  3.972e-05 
 -6.808e-03  1.378e-03 -1.112e-04  6.304e-06 
 -7.089e-04 -1.112e-04  7.030e-05 -4.731e-06 
  3.972e-05  6.304e-06 -4.731e-06  7.711e-07 
ERR MATRIX NOT POS-DEF
 PARAMETER  CORRELATION COEFFICIENTS  
       NO.  GLOBAL     18     19     20     22
       18  0.99678   1.000 -0.746 -0.344  0.184
       19  0.99681  -0.746  1.000 -0.357  0.193
       20  0.99482  -0.344 -0.357  1.000 -0.642
       22  0.87022   0.184  0.193 -0.642  1.000
 ERR MATRIX NOT POS-DEF
MINUIT - FIT ONLY 2-y
 **********
 **   76 **RES 
 **********
                   PARAMETER   14  ANy2 RESTORED TO VARIABLE.
                   PARAMETER    8  phi_CBO RESTORED TO VARIABLE.
                   PARAMETER    7  w_CBO RESTORED TO VARIABLE.
                   PARAMETER    6  A_CBO RESTORED TO VARIABLE.
                   PARAMETER    4  phi RESTORED TO VARIABLE.
                   PARAMETER    3  A0 RESTORED TO VARIABLE.
                   PARAMETER    1  N0 RESTORED TO VARIABLE.
 **********
 **   77 **FIX            0
 **********
 PARAMETER    0  IS UNDEFINED. IGNORED.
 **********
 **   78 **FIX            1
 **********
 **********
 **   79 **FIX            2
 **********
 PARAMETER    2  IS CONSTANT.   IGNORED.
 **********
 **   80 **FIX            3
 **********
 **********
 **   81 **FIX            4
 **********
 **********
 **   82 **FIX            5
 **********
 PARAMETER    5  IS CONSTANT.   IGNORED.
 **********
 **   83 **FIX            6
 **********
 **********
 **   84 **FIX            7
 **********
 **********
 **   85 **FIX            8
 **********
 **********
 **   86 **FIX            9
 **********
 PARAMETER    9  IS CONSTANT.   IGNORED.
 **********
 **   87 **FIX           10
 **********
 PARAMETER   10  IS CONSTANT.   IGNORED.
 **********
 **   88 **FIX           11
 **********
 PARAMETER   11  IS CONSTANT.   IGNORED.
 **********
 **   89 **FIX           12
 **********
 PARAMETER   12  IS CONSTANT.   IGNORED.
 **********
 **   90 **FIX           16
 **********
 PARAMETER   16  IS CONSTANT.   IGNORED.
 **********
 **   91 **MIGRAD
 **********
 START MIGRAD MINIMIZATION.  STRATEGY  1.  CONVERGENCE WHEN EDM .LT. 1.00e-04
 FCN=357.313 FROM MIGRAD    STATUS=INITIATE       10 CALLS         949 TOTAL
                     EDM= unknown      STRATEGY= 1      NO ERROR MATRIX       
  EXT PARAMETER               CURRENT GUESS       STEP         FIRST   
  NO.   NAME      VALUE            ERROR          SIZE      DERIVATIVE 
   1  N0           2.93434e+06     fixed    
   2  tau          6.44064e+01   constant   
   3  A0           3.50066e-01     fixed    
   4  phi          4.11622e+00     fixed    
   5  R           -6.14263e+01   constant   
   6  A_CBO        2.64363e-04     fixed    
   7  w_CBO        2.32330e+00     fixed    
   8  phi_CBO      4.90193e+00     fixed    
   9  ANx2         5.09258e-04   constant   
  10  pNx2         1.79030e-01   constant   
  11  ANy1         0.00000e+00   constant   
  12  pNy1         0.00000e+00   constant   
  13  w_y          0.00000e+00   constant   
  14  ANy2         4.45086e-04   4.71294e-04   4.71294e-04   2.43988e+01
  15  pNy2         6.17155e+00   constant   
  16  w_vw         1.43200e+01   constant   
  17  LM          -8.21731e-05   constant   
  18  wCBO_expCoeff   1.99832e+02   2.45775e-01   1.82634e-04   4.80636e-03
  19  wCBO_expOffset   1.99986e+02   3.71171e-02   9.53609e-05   3.47830e-02
  20  wCBO_expT    3.00190e+01   8.38478e-03   1.43142e-05   1.56472e-01
  21  wCBO_linCoeff   0.00000e+00   constant   
  22  wCBO_const  -6.13885e-03   8.78120e-04   4.00678e-06   8.72104e-01
 MIGRAD MINIMIZATION HAS CONVERGED.
 MIGRAD WILL VERIFY CONVERGENCE AND ERROR MATRIX.
 FCN=357.313 FROM MIGRAD    STATUS=CONVERGED      52 CALLS         991 TOTAL
                     EDM=6.38534e-08    STRATEGY= 1      ERR MATRIX NOT POS-DEF
  EXT PARAMETER                APPROXIMATE        STEP         FIRST   
  NO.   NAME      VALUE            ERROR          SIZE      DERIVATIVE 
   1  N0           2.93434e+06     fixed    
   2  tau          6.44064e+01   constant   
   3  A0           3.50066e-01     fixed    
   4  phi          4.11622e+00     fixed    
   5  R           -6.14263e+01   constant   
   6  A_CBO        2.64363e-04     fixed    
   7  w_CBO        2.32330e+00     fixed    
   8  phi_CBO      4.90193e+00     fixed    
   9  ANx2         5.09258e-04   constant   
  10  pNx2         1.79030e-01   constant   
  11  ANy1         0.00000e+00   constant   
  12  pNy1         0.00000e+00   constant   
  13  w_y          0.00000e+00   constant   
  14  ANy2         4.42383e-04   4.69939e-04   4.35075e-06   3.80125e-02
  15  pNy2         6.17155e+00   constant   
  16  w_vw         1.43200e+01   constant   
  17  LM          -8.21731e-05   constant   
  18  wCBO_expCoeff   1.99832e+02   2.45737e-01   1.82634e-04  -1.12058e-02
  19  wCBO_expOffset   1.99986e+02   3.71129e-02   9.53609e-05  -7.38515e-02
  20  wCBO_expT    3.00190e+01   8.38438e-03   1.43142e-05  -2.25729e-01
  21  wCBO_linCoeff   0.00000e+00   constant   
  22  wCBO_const  -6.13893e-03   8.78101e-04   4.00678e-06   2.55116e-02
 EXTERNAL ERROR MATRIX.    NDIM=  25    NPAR=  5    ERR DEF=1
  2.208e-07 -1.180e-07 -4.809e-09  1.660e-08  4.407e-10 
 -1.180e-07  6.039e-02 -6.806e-03 -7.087e-04  3.970e-05 
 -4.809e-09 -6.806e-03  1.377e-03 -1.112e-04  6.303e-06 
  1.660e-08 -7.087e-04 -1.112e-04  7.030e-05 -4.729e-06 
  4.407e-10  3.970e-05  6.303e-06 -4.729e-06  7.711e-07 
ERR MATRIX NOT POS-DEF
 PARAMETER  CORRELATION COEFFICIENTS  
       NO.  GLOBAL     14     18     19     20     22
       14  0.02736   1.000 -0.001 -0.000  0.004  0.001
       18  0.99678  -0.001  1.000 -0.746 -0.344  0.184
       19  0.99681  -0.000 -0.746  1.000 -0.357  0.193
       20  0.99482   0.004 -0.344 -0.357  1.000 -0.642
       22  0.87019   0.001  0.184  0.193 -0.642  1.000
 ERR MATRIX NOT POS-DEF
MINUIT - FIT ALTOGETHER
 **********
 **   92 **RES 
 **********
                   PARAMETER    8  phi_CBO RESTORED TO VARIABLE.
                   PARAMETER    7  w_CBO RESTORED TO VARIABLE.
                   PARAMETER    6  A_CBO RESTORED TO VARIABLE.
                   PARAMETER    4  phi RESTORED TO VARIABLE.
                   PARAMETER    3  A0 RESTORED TO VARIABLE.
                   PARAMETER    1  N0 RESTORED TO VARIABLE.
 **********
 **   93 **MIGRAD
