 + ++++++++++++++++++++++++++++++++++++++++++++++++++++++++++++++++++++ +
 +                                                                      +
 +           You have chose to blind your fitting according to          +
 +                omega_ref * (1 + (R +/- deltaR) *10^{-6})             +
 +                                                                      +
 + ++++++++++++++++++++++++++++++++++++++++++++++++++++++++++++++++++++ +
In main()...
reading format from /gm2data/zkhechad/run45/envelope/formats/formatB_sBin_constraintOn.txt
pBinTau 	= 0  
pBinPhi 	= 0  
constraintau 	= 1 
includeMopTerm 	= 0    
constrainMop    = 0   
Parameters after format file: pBinTau 0 pBinPhi 0 constraintau 1 includeMopTerm 0 constrainMop 0 c_e_scale 0.000000 
reading cbo reference file (full fit) from /gm2data/zkhechad/cboTemplates/Run4CBOTemplates/fullFits/run4/sBin_constraintOn_cE0.0_seed0_run4_calo13.root
A_CBO 0.010252 w_CBO 2.327514 phi_CBO 5.545635 N0 3338670.649067 R -60.961072 tau 64.390414 
Reading cboRef file /gm2data/zkhechad/cboTemplates/Run4CBOTemplates//cboIsolate/run4_calo13.root
deltaT 5.285615
windowBins = 120
fitting sliding window 40 from bin 243 at 36.255600 to bin 363 at 54.159600 (120 bins)

Reading data from /gm2data/cornell/histograms/aMethod/histogram_a_run4.root
fitting cbo isolate
 **********
 **    1 **SET PRINTOUT            1
 **********
 **********
 **    2 **SET NOWARNINGS 
 **********
 PARAMETER DEFINITIONS:
    NO.   NAME         VALUE      STEP SIZE      LIMITS
     1 A_CBO        1.02517e-02  1.00000e-05     no limits
     2 w_CBO        2.32751e+00  1.00000e-02    2.00000e+00  3.00000e+00
     3 phi_CBO      5.54564e+00  1.00000e-02    0.00000e+00  6.28319e+00
 **********
 **    3 **MIGRAD
 **********
 FIRST CALL TO USER FUNCTION AT NEW START POINT, WITH IFLAG=4.
 START MIGRAD MINIMIZATION.  STRATEGY  1.  CONVERGENCE WHEN EDM .LT. 1.00e-04
 FCN=6.76031e-05 FROM MIGRAD    STATUS=INITIATE       10 CALLS          11 TOTAL
                     EDM= unknown      STRATEGY= 1      NO ERROR MATRIX       
  EXT PARAMETER               CURRENT GUESS       STEP         FIRST   
  NO.   NAME      VALUE            ERROR          SIZE      DERIVATIVE 
   1  A_CBO        1.02517e-02   1.00000e-05   1.00000e-05  -9.40891e-03
   2  w_CBO        2.32751e+00   1.00000e-02   2.13103e-02  -3.76913e-03
   3  phi_CBO      5.54564e+00   1.00000e-02   4.94468e-03   3.82035e-04
 MIGRAD MINIMIZATION HAS CONVERGED.
 MIGRAD WILL VERIFY CONVERGENCE AND ERROR MATRIX.
 COVARIANCE MATRIX CALCULATED SUCCESSFULLY
 FCN=6.59592e-05 FROM MIGRAD    STATUS=CONVERGED      36 CALLS          37 TOTAL
                     EDM=8.02716e-07    STRATEGY= 1      ERROR MATRIX ACCURATE 
  EXT PARAMETER                                   STEP         FIRST   
  NO.   NAME      VALUE            ERROR          SIZE      DERIVATIVE 
   1  A_CBO        1.02929e-02   1.28623e-01   6.26473e-05  -4.74771e-03
   2  w_CBO        2.32768e+00   8.27232e-01   2.91637e-04   3.72058e-04
   3  phi_CBO      5.53751e+00   4.03927e+00   3.06371e-03  -1.37299e-05
 EXTERNAL ERROR MATRIX.    NDIM=  25    NPAR=  3    ERR DEF=1
  1.654e-02 -1.940e-02 -8.918e-01 
 -1.940e-02  4.720e+00  2.109e+02 
 -8.918e-01  2.109e+02  9.587e+03 
 PARAMETER  CORRELATION COEFFICIENTS  
       NO.  GLOBAL      1      2      3
        1  0.07109   1.000 -0.069 -0.071
        2  0.99168  -0.069  1.000  0.992
        3  0.99168  -0.071  0.992  1.000
setting A_CBO=0.010293 w_CBO=2.327682, phi_CBO=5.537510
done fitting cbo isolate
 **********
 **    1 **SET PRINTOUT            1
 **********
 **********
 **    2 **SET NOWARNINGS 
 **********
 PARAMETER DEFINITIONS:
    NO.   NAME         VALUE      STEP SIZE      LIMITS
     1 N0           3.33867e+06  1.00000e+02     no limits
     2 tau          6.43904e+01  constant
     3 A0           3.52926e-01  1.00000e-04     no limits
     4 phi          4.13059e+00  1.00000e-02     no limits
     5 R           -6.09611e+01  constant
     6 A_CBO        1.02929e-02  1.00000e-05     no limits
     7 w_CBO        2.32768e+00  1.00000e-03     no limits
     8 phi_CBO      5.53751e+00  1.00000e-04     no limits
     9 ANx2         2.14836e-04  constant
    10 pNx2         2.09111e+00  constant
    11 ANy1         0.00000e+00  constant
    12 pNy1         0.00000e+00  constant
    13 w_y          0.00000e+00  constant
    14 ANy2         1.07548e-02  1.00000e-04     no limits
    15 pNy2         1.09622e+00  constant
    16 w_vw         1.43115e+01  constant
    17 LM          -4.64416e-04  constant
    18 wCBO_expCoeff   2.00000e+02  1.00000e+00     no limits
    19 wCBO_expOffset   2.00000e+02  1.00000e+00     no limits
    20 wCBO_expT    3.00000e+01  1.00000e+00     no limits
    21 wCBO_linCoeff   0.00000e+00  constant
    22 wCBO_const   0.00000e+00  1.00000e-02     no limits
MINUIT - FIT ONLY WIGGLE
 **********
 **    3 **FIX            5
 **********
 PARAMETER    5  IS CONSTANT.   IGNORED.
 **********
 **    4 **FIX            6
 **********
 **********
 **    5 **FIX            7
 **********
 **********
 **    6 **FIX            8
 **********
 **********
 **    7 **FIX            9
 **********
 PARAMETER    9  IS CONSTANT.   IGNORED.
 **********
 **    8 **FIX           10
 **********
 PARAMETER   10  IS CONSTANT.   IGNORED.
 **********
 **    9 **FIX           11
 **********
 PARAMETER   11  IS CONSTANT.   IGNORED.
 **********
 **   10 **FIX           12
 **********
 PARAMETER   12  IS CONSTANT.   IGNORED.
 **********
 **   11 **FIX           13
 **********
 PARAMETER   13  IS CONSTANT.   IGNORED.
 **********
 **   12 **FIX           14
 **********
 **********
 **   13 **FIX           15
 **********
 PARAMETER   15  IS CONSTANT.   IGNORED.
 **********
 **   14 **FIX           16
 **********
 PARAMETER   16  IS CONSTANT.   IGNORED.
 **********
 **   15 **MIGRAD
 **********
 FIRST CALL TO USER FUNCTION AT NEW START POINT, WITH IFLAG=4.
 START MIGRAD MINIMIZATION.  STRATEGY  1.  CONVERGENCE WHEN EDM .LT. 1.00e-04
 FCN=15516.8 FROM MIGRAD    STATUS=INITIATE       59 CALLS          60 TOTAL
                     EDM= unknown      STRATEGY= 1      NO ERROR MATRIX       
  EXT PARAMETER               CURRENT GUESS       STEP         FIRST   
  NO.   NAME      VALUE            ERROR          SIZE      DERIVATIVE 
   1  N0           3.33867e+06   1.00000e+02  -0.00000e+00  -1.32956e-02
   2  tau          6.43904e+01   constant   
   3  A0           3.52926e-01   1.00000e-04  -0.00000e+00   1.69139e+03
   4  phi          4.13059e+00   1.00000e-02  -0.00000e+00   7.10093e+04
   5  R           -6.09611e+01   constant   
   6  A_CBO        1.02929e-02     fixed    
   7  w_CBO        2.32768e+00     fixed    
   8  phi_CBO      5.53751e+00     fixed    
   9  ANx2         2.14836e-04   constant   
  10  pNx2         2.09111e+00   constant   
  11  ANy1         0.00000e+00   constant   
  12  pNy1         0.00000e+00   constant   
  13  w_y          0.00000e+00   constant   
  14  ANy2         1.07548e-02     fixed    
  15  pNy2         1.09622e+00   constant   
  16  w_vw         1.43115e+01   constant   
  17  LM          -4.64416e-04   constant   
  18  wCBO_expCoeff   2.00000e+02   1.00000e+00   1.85949e-04  -3.58114e+07
  19  wCBO_expOffset   2.00000e+02   1.00000e+00  -0.00000e+00   3.30606e+07
  20  wCBO_expT    3.00000e+01   1.00000e+00  -0.00000e+00   1.34465e+08
  21  wCBO_linCoeff   0.00000e+00   constant   
  22  wCBO_const   0.00000e+00   1.00000e-02  -0.00000e+00  -5.02755e+05
 MIGRAD FAILS TO FIND IMPROVEMENT
 FCN=15516.8 FROM HESSE     STATUS=NOT POSDEF     56 CALLS         127 TOTAL
                     EDM=2.81582e+06    STRATEGY= 1      ERR MATRIX NOT POS-DEF
  EXT PARAMETER                APPROXIMATE        STEP         FIRST   
  NO.   NAME      VALUE            ERROR          SIZE      DERIVATIVE 
   1  N0           3.33867e+06   2.00164e+02   1.70256e+01  -1.32956e-02
   2  tau          6.43904e+01   constant   
   3  A0           3.52926e-01   1.38836e-04   6.87077e-06   1.69139e+03
   4  phi          4.13059e+00   2.77062e-04   1.98466e-05   7.10093e+04
   5  R           -6.09611e+01   constant   
   6  A_CBO        1.02929e-02     fixed    
   7  w_CBO        2.32768e+00     fixed    
   8  phi_CBO      5.53751e+00     fixed    
   9  ANx2         2.14836e-04   constant   
  10  pNx2         2.09111e+00   constant   
  11  ANy1         0.00000e+00   constant   
  12  pNy1         0.00000e+00   constant   
  13  w_y          0.00000e+00   constant   
  14  ANy2         1.07548e-02     fixed    
  15  pNy2         1.09622e+00   constant   
  16  w_vw         1.43115e+01   constant   
  17  LM          -4.64416e-04   constant   
  18  wCBO_expCoeff   2.00000e+02   1.45452e-05   9.53675e-05  -9.15785e+07
  19  wCBO_expOffset   2.00000e+02   1.54608e-05   9.53674e-05   3.92514e+07
  20  wCBO_expT    3.00000e+01   1.24875e-06   1.43051e-05   2.44124e+09
  21  wCBO_linCoeff   0.00000e+00   constant   
  22  wCBO_const   0.00000e+00   2.02697e-03   1.11077e-05  -5.02755e+05
 MIGRAD FAILS TO FIND IMPROVEMENT
 MIGRAD TERMINATED WITHOUT CONVERGENCE.
 FCN=15516.8 FROM MIGRAD    STATUS=FAILED        137 CALLS         138 TOTAL
                     EDM=2.81582e+06    STRATEGY= 1      ERR MATRIX NOT POS-DEF
  EXT PARAMETER                APPROXIMATE        STEP         FIRST   
  NO.   NAME      VALUE            ERROR          SIZE      DERIVATIVE 
   1  N0           3.33867e+06   2.00164e+02   0.00000e+00  -1.32956e-02
   2  tau          6.43904e+01   constant   
   3  A0           3.52926e-01   1.38836e-04  -0.00000e+00   1.69139e+03
   4  phi          4.13059e+00   2.77062e-04  -0.00000e+00   7.10093e+04
   5  R           -6.09611e+01   constant   
   6  A_CBO        1.02929e-02     fixed    
   7  w_CBO        2.32768e+00     fixed    
   8  phi_CBO      5.53751e+00     fixed    
   9  ANx2         2.14836e-04   constant   
  10  pNx2         2.09111e+00   constant   
  11  ANy1         0.00000e+00   constant   
  12  pNy1         0.00000e+00   constant   
  13  w_y          0.00000e+00   constant   
  14  ANy2         1.07548e-02     fixed    
  15  pNy2         1.09622e+00   constant   
  16  w_vw         1.43115e+01   constant   
  17  LM          -4.64416e-04   constant   
  18  wCBO_expCoeff   2.00000e+02   1.45452e-05  -0.00000e+00  -9.15785e+07
  19  wCBO_expOffset   2.00000e+02   1.54608e-05  -0.00000e+00   3.92514e+07
  20  wCBO_expT    3.00000e+01   1.24875e-06  -0.00000e+00   2.44124e+09
  21  wCBO_linCoeff   0.00000e+00   constant   
  22  wCBO_const   0.00000e+00   2.02697e-03   0.00000e+00  -5.02755e+05
 EXTERNAL ERROR MATRIX.    NDIM=  25    NPAR=  7    ERR DEF=1
  4.007e+04 -1.278e-02 -2.038e-02 -1.536e-03 -1.651e-03 -1.318e-04  2.141e-01 
 -1.278e-02  1.928e-08  2.339e-08  1.754e-09  1.867e-09  1.504e-10 -2.441e-07 
 -2.038e-02  2.339e-08  7.676e-08  2.819e-09  3.012e-09  2.417e-10 -3.911e-07 
 -1.536e-03  1.754e-09  2.819e-09  2.116e-10  2.237e-10  1.808e-11 -2.940e-08 
 -1.651e-03  1.867e-09  3.012e-09  2.237e-10  2.390e-10  1.919e-11 -3.109e-08 
 -1.318e-04  1.504e-10  2.417e-10  1.808e-11  1.919e-11  1.559e-12 -2.518e-09 
  2.141e-01 -2.441e-07 -3.911e-07 -2.940e-08 -3.109e-08 -2.518e-09  4.109e-06 
ERR MATRIX NOT POS-DEF
 PARAMETER  CORRELATION COEFFICIENTS  
       NO.  GLOBAL      1      3      4     18     19     20     22
        1  0.53494   1.000 -0.460 -0.367 -0.528 -0.533 -0.527  0.528
        3  0.87053  -0.460  1.000  0.608  0.868  0.870  0.868 -0.868
        4  0.70349  -0.367  0.608  1.000  0.699  0.703  0.699 -0.696
       18  0.99824  -0.528  0.868  0.699  1.000  0.995  0.996 -0.997
       19  0.99568  -0.533  0.870  0.703  0.995  1.000  0.994 -0.992
       20  0.99666  -0.527  0.868  0.699  0.996  0.994  1.000 -0.995
       22  0.99754   0.528 -0.868 -0.696 -0.997 -0.992 -0.995  1.000
 ERR MATRIX NOT POS-DEF
MINUIT - FIT ONLY 1-CBO + other amplitudes 
 **********
 **   16 **RES 
 **********
                   PARAMETER   14  ANy2 RESTORED TO VARIABLE.
                   PARAMETER    8  phi_CBO RESTORED TO VARIABLE.
                   PARAMETER    7  w_CBO RESTORED TO VARIABLE.
                   PARAMETER    6  A_CBO RESTORED TO VARIABLE.
 **********
 **   17 **FIX            0
 **********
 PARAMETER    0  IS UNDEFINED. IGNORED.
 **********
 **   18 **FIX            1
 **********
 **********
 **   19 **FIX            2
 **********
 PARAMETER    2  IS CONSTANT.   IGNORED.
 **********
 **   20 **FIX            3
 **********
 **********
 **   21 **FIX            4
 **********
 **********
 **   22 **FIX            9
 **********
 PARAMETER    9  IS CONSTANT.   IGNORED.
 **********
 **   23 **FIX           11
 **********
 PARAMETER   11  IS CONSTANT.   IGNORED.
 **********
 **   24 **FIX           12
 **********
 PARAMETER   12  IS CONSTANT.   IGNORED.
 **********
 **   25 **FIX           14
 **********
 **********
 **   26 **FIX           15
 **********
 PARAMETER   15  IS CONSTANT.   IGNORED.
 **********
 **   27 **FIX           16
 **********
 PARAMETER   16  IS CONSTANT.   IGNORED.
 **********
 **   28 **MIGRAD
 **********
 START MIGRAD MINIMIZATION.  STRATEGY  1.  CONVERGENCE WHEN EDM .LT. 1.00e-04
 FCN=15516.8 FROM MIGRAD    STATUS=INITIATE       22 CALLS         160 TOTAL
                     EDM= unknown      STRATEGY= 1      NO ERROR MATRIX       
  EXT PARAMETER               CURRENT GUESS       STEP         FIRST   
  NO.   NAME      VALUE            ERROR          SIZE      DERIVATIVE 
   1  N0           3.33867e+06     fixed    
   2  tau          6.43904e+01   constant   
   3  A0           3.52926e-01     fixed    
   4  phi          4.13059e+00     fixed    
   5  R           -6.09611e+01   constant   
   6  A_CBO        1.02929e-02   1.00000e-05   1.00000e-05   1.12338e+06
   7  w_CBO        2.32768e+00   1.00000e-03   1.00000e-03  -3.07694e+09
   8  phi_CBO      5.53751e+00   1.00000e-04   1.00000e-04   4.97437e+03
   9  ANx2         2.14836e-04   constant   
  10  pNx2         2.09111e+00   constant   
  11  ANy1         0.00000e+00   constant   
  12  pNy1         0.00000e+00   constant   
  13  w_y          0.00000e+00   constant   
  14  ANy2         1.07548e-02     fixed    
  15  pNy2         1.09622e+00   constant   
  16  w_vw         1.43115e+01   constant   
  17  LM          -4.64416e-04   constant   
  18  wCBO_expCoeff   2.00000e+02   1.45452e-05  -0.00000e+00  -3.58114e+07
  19  wCBO_expOffset   2.00000e+02   1.54608e-05  -0.00000e+00   3.30606e+07
  20  wCBO_expT    3.00000e+01   1.24875e-06  -0.00000e+00   1.34465e+08
  21  wCBO_linCoeff   0.00000e+00   constant   
  22  wCBO_const   0.00000e+00   2.02697e-03   0.00000e+00  -5.02755e+05
 MIGRAD FAILS TO FIND IMPROVEMENT
 FCN=11090.3 FROM HESSE     STATUS=NOT POSDEF     58 CALLS         258 TOTAL
                     EDM=10319.1    STRATEGY= 1      ERR MATRIX NOT POS-DEF
  EXT PARAMETER                APPROXIMATE        STEP         FIRST   
  NO.   NAME      VALUE            ERROR          SIZE      DERIVATIVE 
   1  N0           3.33867e+06     fixed    
   2  tau          6.43904e+01   constant   
   3  A0           3.52926e-01     fixed    
   4  phi          4.13059e+00     fixed    
   5  R           -6.09611e+01   constant   
   6  A_CBO        2.70690e-03   1.00292e-03   5.97613e-06  -1.05933e+05
   7  w_CBO        2.32768e+00   2.03726e-07   1.10993e-06   7.88263e+08
   8  phi_CBO      3.27642e+00   7.00315e-02   1.95579e-03  -5.91673e+02
   9  ANx2         2.14836e-04   constant   
  10  pNx2         2.09111e+00   constant   
  11  ANy1         0.00000e+00   constant   
  12  pNy1         0.00000e+00   constant   
  13  w_y          0.00000e+00   constant   
  14  ANy2         1.07548e-02     fixed    
  15  pNy2         1.09622e+00   constant   
  16  w_vw         1.43115e+01   constant   
  17  LM          -4.64416e-04   constant   
  18  wCBO_expCoeff   2.00000e+02   1.75049e-05   9.53675e-05   9.17381e+06
  19  wCBO_expOffset   2.00000e+02   1.36127e-05   9.53674e-05  -7.70917e+06
  20  wCBO_expT    3.00000e+01   2.01312e-06   1.43051e-05  -2.94877e+08
  21  wCBO_linCoeff   0.00000e+00   constant   
  22  wCBO_const   1.39334e-02   5.74361e-04   1.81871e-05   6.05247e+04
 MIGRAD FAILS TO FIND IMPROVEMENT
 MIGRAD TERMINATED WITHOUT CONVERGENCE.
 FCN=11090.3 FROM MIGRAD    STATUS=FAILED        129 CALLS         267 TOTAL
                     EDM=10319.1    STRATEGY= 1      ERR MATRIX NOT POS-DEF
  EXT PARAMETER                APPROXIMATE        STEP         FIRST   
  NO.   NAME      VALUE            ERROR          SIZE      DERIVATIVE 
   1  N0           3.33867e+06     fixed    
   2  tau          6.43904e+01   constant   
   3  A0           3.52926e-01     fixed    
   4  phi          4.13059e+00     fixed    
   5  R           -6.09611e+01   constant   
   6  A_CBO        2.70690e-03   1.00292e-03  -0.00000e+00  -1.05933e+05
   7  w_CBO        2.32768e+00   2.03726e-07   0.00000e+00   7.88263e+08
   8  phi_CBO      3.27642e+00   7.00315e-02  -0.00000e+00  -5.91673e+02
   9  ANx2         2.14836e-04   constant   
  10  pNx2         2.09111e+00   constant   
  11  ANy1         0.00000e+00   constant   
  12  pNy1         0.00000e+00   constant   
  13  w_y          0.00000e+00   constant   
  14  ANy2         1.07548e-02     fixed    
  15  pNy2         1.09622e+00   constant   
  16  w_vw         1.43115e+01   constant   
  17  LM          -4.64416e-04   constant   
  18  wCBO_expCoeff   2.00000e+02   1.75049e-05   0.00000e+00   9.17381e+06
  19  wCBO_expOffset   2.00000e+02   1.36127e-05   0.00000e+00  -7.70917e+06
  20  wCBO_expT    3.00000e+01   2.01312e-06   0.00000e+00  -2.94877e+08
  21  wCBO_linCoeff   0.00000e+00   constant   
  22  wCBO_const   1.39334e-02   5.74361e-04   0.00000e+00   6.05247e+04
 EXTERNAL ERROR MATRIX.    NDIM=  25    NPAR=  7    ERR DEF=1
  1.006e-06 -2.035e-10  6.633e-05 -1.749e-08 -1.346e-08 -2.010e-09 -5.357e-07 
 -2.035e-10  4.150e-14 -1.344e-08  3.549e-12  2.735e-12  4.080e-13  1.083e-10 
  6.633e-05 -1.344e-08  4.904e-03 -1.154e-06 -9.006e-07 -1.331e-07 -3.428e-05 
 -1.749e-08  3.549e-12 -1.154e-06  3.064e-10  2.350e-10  3.506e-11  9.309e-09 
 -1.346e-08  2.735e-12 -9.006e-07  2.350e-10  1.853e-10  2.695e-11  7.249e-09 
 -2.010e-09  4.080e-13 -1.331e-07  3.506e-11  2.695e-11  4.053e-12  1.075e-09 
 -5.357e-07  1.083e-10 -3.428e-05  9.309e-09  7.249e-09  1.075e-09  3.299e-07 
ERR MATRIX NOT POS-DEF
 PARAMETER  CORRELATION COEFFICIENTS  
       NO.  GLOBAL      6      7      8     18     19     20     22
        6  0.99772   1.000 -0.996  0.944 -0.996 -0.986 -0.995 -0.930
        7  0.99712  -0.996  1.000 -0.942  0.995  0.986  0.995  0.926
        8  0.95357   0.944 -0.942  1.000 -0.942 -0.945 -0.944 -0.852
       18  0.99712  -0.996  0.995 -0.942  1.000  0.986  0.995  0.926
       19  0.98909  -0.986  0.986 -0.945  0.986  1.000  0.983  0.927
       20  0.99660  -0.995  0.995 -0.944  0.995  0.983  1.000  0.930
       22  0.93985  -0.930  0.926 -0.852  0.926  0.927  0.930  1.000
 ERR MATRIX NOT POS-DEF
MINUIT - FIT ONLY 1-CBO
 **********
 **   29 **RES 
 **********
                   PARAMETER   14  ANy2 RESTORED TO VARIABLE.
                   PARAMETER    4  phi RESTORED TO VARIABLE.
                   PARAMETER    3  A0 RESTORED TO VARIABLE.
                   PARAMETER    1  N0 RESTORED TO VARIABLE.
 **********
 **   30 **FIX            0
 **********
 PARAMETER    0  IS UNDEFINED. IGNORED.
 **********
 **   31 **FIX            1
 **********
 **********
 **   32 **FIX            2
 **********
 PARAMETER    2  IS CONSTANT.   IGNORED.
 **********
 **   33 **FIX            3
 **********
 **********
 **   34 **FIX            4
 **********
 **********
 **   35 **FIX            8
 **********
 **********
 **   36 **FIX            9
 **********
 PARAMETER    9  IS CONSTANT.   IGNORED.
 **********
 **   37 **FIX           11
 **********
 PARAMETER   11  IS CONSTANT.   IGNORED.
 **********
 **   38 **FIX           12
 **********
 PARAMETER   12  IS CONSTANT.   IGNORED.
 **********
 **   39 **FIX           13
 **********
 PARAMETER   13  IS CONSTANT.   IGNORED.
 **********
 **   40 **FIX           15
 **********
 PARAMETER   15  IS CONSTANT.   IGNORED.
 **********
 **   41 **FIX           16
 **********
 PARAMETER   16  IS CONSTANT.   IGNORED.
 **********
 **   42 **MIGRAD
 **********
 START MIGRAD MINIMIZATION.  STRATEGY  1.  CONVERGENCE WHEN EDM .LT. 1.00e-04
 FCN=11090.3 FROM MIGRAD    STATUS=INITIATE       14 CALLS         281 TOTAL
                     EDM= unknown      STRATEGY= 1      NO ERROR MATRIX       
  EXT PARAMETER               CURRENT GUESS       STEP         FIRST   
  NO.   NAME      VALUE            ERROR          SIZE      DERIVATIVE 
   1  N0           3.33867e+06     fixed    
   2  tau          6.43904e+01   constant   
   3  A0           3.52926e-01     fixed    
   4  phi          4.13059e+00     fixed    
   5  R           -6.09611e+01   constant   
   6  A_CBO        2.70690e-03   1.00292e-03  -0.00000e+00  -1.05933e+05
   7  w_CBO        2.32768e+00   2.03726e-07   0.00000e+00   5.90788e+08
   8  phi_CBO      3.27642e+00     fixed    
   9  ANx2         2.14836e-04   constant   
  10  pNx2         2.09111e+00   constant   
  11  ANy1         0.00000e+00   constant   
  12  pNy1         0.00000e+00   constant   
  13  w_y          0.00000e+00   constant   
  14  ANy2         1.07548e-02   1.00000e-04   1.00000e-04   9.42185e+05
  15  pNy2         1.09622e+00   constant   
  16  w_vw         1.43115e+01   constant   
  17  LM          -4.64416e-04   constant   
  18  wCBO_expCoeff   2.00000e+02   1.75049e-05   0.00000e+00   6.87580e+06
  19  wCBO_expOffset   2.00000e+02   1.36127e-05   0.00000e+00  -6.30819e+06
  20  wCBO_expT    3.00000e+01   2.01312e-06   0.00000e+00  -3.64771e+07
  21  wCBO_linCoeff   0.00000e+00   constant   
  22  wCBO_const   1.39334e-02   5.74361e-04   0.00000e+00   6.05247e+04
 MIGRAD FAILS TO FIND IMPROVEMENT
 FCN=7782.14 FROM HESSE     STATUS=NOT POSDEF     58 CALLS         422 TOTAL
                     EDM=4413.07    STRATEGY= 1      ERR MATRIX NOT POS-DEF
  EXT PARAMETER                APPROXIMATE        STEP         FIRST   
  NO.   NAME      VALUE            ERROR          SIZE      DERIVATIVE 
   1  N0           3.33867e+06     fixed    
   2  tau          6.43904e+01   constant   
   3  A0           3.52926e-01     fixed    
   4  phi          4.13059e+00     fixed    
   5  R           -6.09611e+01   constant   
   6  A_CBO       -1.21679e-03   9.77325e-04   5.04336e-06   9.88300e+01
   7  w_CBO        2.32768e+00   5.53493e-07   1.10993e-06  -1.46681e+07
   8  phi_CBO      3.27642e+00     fixed    
   9  ANx2         2.14836e-04   constant   
  10  pNx2         2.09111e+00   constant   
  11  ANy1         0.00000e+00   constant   
  12  pNy1         0.00000e+00   constant   
  13  w_y          0.00000e+00   constant   
  14  ANy2         3.62246e-03   4.07638e-04   5.13064e-06   2.28903e+03
  15  pNy2         1.09622e+00   constant   
  16  w_vw         1.43115e+01   constant   
  17  LM          -4.64416e-04   constant   
  18  wCBO_expCoeff   2.00000e+02   4.75577e-05   9.53675e-05  -1.70698e+05
  19  wCBO_expOffset   2.00000e+02   8.27853e-05   9.53674e-05  -1.63641e+06
  20  wCBO_expT    3.00000e+01   4.93456e-06   1.43051e-05   1.95933e+06
  21  wCBO_linCoeff   0.00000e+00   constant   
  22  wCBO_const   1.07072e-02   6.00128e-03   4.78121e-05  -1.68466e+03
 MIGRAD FAILS TO FIND IMPROVEMENT
 MIGRAD TERMINATED WITHOUT CONVERGENCE.
 FCN=7782.14 FROM MIGRAD    STATUS=FAILED        166 CALLS         433 TOTAL
                     EDM=4413.07    STRATEGY= 1      ERR MATRIX NOT POS-DEF
  EXT PARAMETER                APPROXIMATE        STEP         FIRST   
  NO.   NAME      VALUE            ERROR          SIZE      DERIVATIVE 
   1  N0           3.33867e+06     fixed    
   2  tau          6.43904e+01   constant   
   3  A0           3.52926e-01     fixed    
   4  phi          4.13059e+00     fixed    
   5  R           -6.09611e+01   constant   
   6  A_CBO       -1.21679e-03   9.77325e-04   0.00000e+00   9.88300e+01
   7  w_CBO        2.32768e+00   5.53493e-07   0.00000e+00  -1.46681e+07
   8  phi_CBO      3.27642e+00     fixed    
   9  ANx2         2.14836e-04   constant   
  10  pNx2         2.09111e+00   constant   
  11  ANy1         0.00000e+00   constant   
  12  pNy1         0.00000e+00   constant   
  13  w_y          0.00000e+00   constant   
  14  ANy2         3.62246e-03   4.07638e-04  -0.00000e+00   2.28903e+03
  15  pNy2         1.09622e+00   constant   
  16  w_vw         1.43115e+01   constant   
  17  LM          -4.64416e-04   constant   
  18  wCBO_expCoeff   2.00000e+02   4.75577e-05   0.00000e+00  -1.70698e+05
  19  wCBO_expOffset   2.00000e+02   8.27853e-05   0.00000e+00  -1.63641e+06
  20  wCBO_expT    3.00000e+01   4.93456e-06   0.00000e+00   1.95933e+06
  21  wCBO_linCoeff   0.00000e+00   constant   
  22  wCBO_const   1.07072e-02   6.00128e-03  -0.00000e+00  -1.68466e+03
 EXTERNAL ERROR MATRIX.    NDIM=  25    NPAR=  7    ERR DEF=1
  9.552e-07  5.383e-10 -3.923e-07  4.625e-08  8.036e-08  4.801e-09 -5.803e-06 
  5.383e-10  3.064e-13 -2.219e-10  2.614e-11  4.544e-11  2.715e-12 -3.290e-09 
 -3.923e-07 -2.219e-10  1.662e-07 -1.906e-08 -3.314e-08 -1.978e-09  2.393e-06 
  4.625e-08  2.614e-11 -1.906e-08  2.262e-09  3.904e-09  2.333e-10 -2.827e-07 
  8.036e-08  4.544e-11 -3.314e-08  3.904e-09  6.853e-09  4.049e-10 -4.892e-07 
  4.801e-09  2.715e-12 -1.978e-09  2.333e-10  4.049e-10  2.435e-11 -2.920e-08 
 -5.803e-06 -3.290e-09  2.393e-06 -2.827e-07 -4.892e-07 -2.920e-08  3.602e-05 
ERR MATRIX NOT POS-DEF
 PARAMETER  CORRELATION COEFFICIENTS  
       NO.  GLOBAL      6      7     14     18     19     20     22
        6  0.99763   1.000  0.995 -0.985  0.995  0.993  0.995 -0.989
        7  0.99665   0.995  1.000 -0.983  0.993  0.992  0.994 -0.990
       14  0.98604  -0.985 -0.983  1.000 -0.983 -0.982 -0.983  0.978
       18  0.99665   0.995  0.993 -0.983  1.000  0.992  0.994 -0.990
       19  0.99423   0.993  0.992 -0.982  0.992  1.000  0.991 -0.985
       20  0.99652   0.995  0.994 -0.983  0.994  0.991  1.000 -0.986
       22  0.99254  -0.989 -0.990  0.978 -0.990 -0.985 -0.986  1.000
 ERR MATRIX NOT POS-DEF
MINUIT - FIT ONLY 2-CBO
 **********
 **   43 **RES 
 **********
                   PARAMETER    8  phi_CBO RESTORED TO VARIABLE.
                   PARAMETER    4  phi RESTORED TO VARIABLE.
                   PARAMETER    3  A0 RESTORED TO VARIABLE.
                   PARAMETER    1  N0 RESTORED TO VARIABLE.
 **********
 **   44 **FIX            0
 **********
 PARAMETER    0  IS UNDEFINED. IGNORED.
 **********
 **   45 **FIX            1
 **********
 **********
 **   46 **FIX            2
 **********
 PARAMETER    2  IS CONSTANT.   IGNORED.
 **********
 **   47 **FIX            3
 **********
 **********
 **   48 **FIX            4
 **********
 **********
 **   49 **FIX            5
 **********
 PARAMETER    5  IS CONSTANT.   IGNORED.
 **********
 **   50 **FIX            6
 **********
 **********
 **   51 **FIX            7
 **********
 **********
 **   52 **FIX           10
 **********
 PARAMETER   10  IS CONSTANT.   IGNORED.
 **********
 **   53 **FIX           11
 **********
 PARAMETER   11  IS CONSTANT.   IGNORED.
 **********
 **   54 **FIX           12
 **********
 PARAMETER   12  IS CONSTANT.   IGNORED.
 **********
 **   55 **FIX           13
 **********
 PARAMETER   13  IS CONSTANT.   IGNORED.
 **********
 **   56 **FIX           14
 **********
 **********
 **   57 **FIX           15
 **********
 PARAMETER   15  IS CONSTANT.   IGNORED.
 **********
 **   58 **FIX           16
 **********
 PARAMETER   16  IS CONSTANT.   IGNORED.
 **********
 **   59 **MIGRAD
 **********
 START MIGRAD MINIMIZATION.  STRATEGY  1.  CONVERGENCE WHEN EDM .LT. 1.00e-04
 FCN=7782.14 FROM MIGRAD    STATUS=INITIATE       12 CALLS         445 TOTAL
                     EDM= unknown      STRATEGY= 1      NO ERROR MATRIX       
  EXT PARAMETER               CURRENT GUESS       STEP         FIRST   
  NO.   NAME      VALUE            ERROR          SIZE      DERIVATIVE 
   1  N0           3.33867e+06     fixed    
   2  tau          6.43904e+01   constant   
   3  A0           3.52926e-01     fixed    
   4  phi          4.13059e+00     fixed    
   5  R           -6.09611e+01   constant   
   6  A_CBO       -1.21679e-03     fixed    
   7  w_CBO        2.32768e+00     fixed    
   8  phi_CBO      3.27642e+00   7.00315e-02   7.00315e-02   3.33111e+01
   9  ANx2         2.14836e-04   constant   
  10  pNx2         2.09111e+00   constant   
  11  ANy1         0.00000e+00   constant   
  12  pNy1         0.00000e+00   constant   
  13  w_y          0.00000e+00   constant   
  14  ANy2         3.62246e-03     fixed    
  15  pNy2         1.09622e+00   constant   
  16  w_vw         1.43115e+01   constant   
  17  LM          -4.64416e-04   constant   
  18  wCBO_expCoeff   2.00000e+02   4.75577e-05   0.00000e+00  -2.42995e+05
  19  wCBO_expOffset   2.00000e+02   8.27853e-05   0.00000e+00  -1.59035e+05
  20  wCBO_expT    3.00000e+01   4.93456e-06   0.00000e+00   7.53344e+05
  21  wCBO_linCoeff   0.00000e+00   constant   
  22  wCBO_const   1.07072e-02   6.00128e-03  -0.00000e+00  -1.68463e+03
 MIGRAD FAILS TO FIND IMPROVEMENT
 FCN=7782.14 FROM HESSE     STATUS=NOT POSDEF     37 CALLS         508 TOTAL
                     EDM=6805.23    STRATEGY= 1      ERR MATRIX NOT POS-DEF
  EXT PARAMETER                APPROXIMATE        STEP         FIRST   
  NO.   NAME      VALUE            ERROR          SIZE      DERIVATIVE 
   1  N0           3.33867e+06     fixed    
   2  tau          6.43904e+01   constant   
   3  A0           3.52926e-01     fixed    
   4  phi          4.13059e+00     fixed    
   5  R           -6.09611e+01   constant   
   6  A_CBO       -1.21679e-03     fixed    
   7  w_CBO        2.32768e+00     fixed    
   8  phi_CBO      3.27626e+00   9.74381e-01   4.22376e-03   3.27362e+01
   9  ANx2         2.14836e-04   constant   
  10  pNx2         2.09111e+00   constant   
  11  ANy1         0.00000e+00   constant   
  12  pNy1         0.00000e+00   constant   
  13  w_y          0.00000e+00   constant   
  14  ANy2         3.62246e-03     fixed    
  15  pNy2         1.09622e+00   constant   
  16  w_vw         1.43115e+01   constant   
  17  LM          -4.64416e-04   constant   
  18  wCBO_expCoeff   2.00000e+02   2.74073e-05   9.53675e-05  -1.63866e+05
  19  wCBO_expOffset   2.00000e+02   9.45085e-05   9.53674e-05  -1.59159e+06
  20  wCBO_expT    3.00000e+01   7.22715e-07   1.43051e-05   2.06124e+06
  21  wCBO_linCoeff   0.00000e+00   constant   
  22  wCBO_const   1.07085e-02   1.29001e-02   5.52971e-05  -1.64887e+03
 MIGRAD FAILS TO FIND IMPROVEMENT
 MIGRAD TERMINATED WITHOUT CONVERGENCE.
 FCN=7782.14 FROM MIGRAD    STATUS=FAILED         86 CALLS         519 TOTAL
                     EDM=6805.23    STRATEGY= 1      ERR MATRIX NOT POS-DEF
  EXT PARAMETER                APPROXIMATE        STEP         FIRST   
  NO.   NAME      VALUE            ERROR          SIZE      DERIVATIVE 
   1  N0           3.33867e+06     fixed    
   2  tau          6.43904e+01   constant   
   3  A0           3.52926e-01     fixed    
   4  phi          4.13059e+00     fixed    
   5  R           -6.09611e+01   constant   
   6  A_CBO       -1.21679e-03     fixed    
   7  w_CBO        2.32768e+00     fixed    
   8  phi_CBO      3.27626e+00   9.74381e-01  -0.00000e+00   3.27362e+01
   9  ANx2         2.14836e-04   constant   
  10  pNx2         2.09111e+00   constant   
  11  ANy1         0.00000e+00   constant   
  12  pNy1         0.00000e+00   constant   
  13  w_y          0.00000e+00   constant   
  14  ANy2         3.62246e-03     fixed    
  15  pNy2         1.09622e+00   constant   
  16  w_vw         1.43115e+01   constant   
  17  LM          -4.64416e-04   constant   
  18  wCBO_expCoeff   2.00000e+02   2.74073e-05   0.00000e+00  -1.63866e+05
  19  wCBO_expOffset   2.00000e+02   9.45085e-05   0.00000e+00  -1.59159e+06
  20  wCBO_expT    3.00000e+01   7.22715e-07   0.00000e+00   2.06124e+06
  21  wCBO_linCoeff   0.00000e+00   constant   
  22  wCBO_const   1.07085e-02   1.29001e-02  -0.00000e+00  -1.64887e+03
 EXTERNAL ERROR MATRIX.    NDIM=  25    NPAR=  5    ERR DEF=1
  9.494e-01 -2.514e-05 -9.109e-05 -1.106e-07  1.250e-02 
 -2.514e-05  7.512e-10  2.475e-09  6.704e-12 -3.390e-07 
 -9.109e-05  2.475e-09  8.932e-09  1.432e-11 -1.203e-06 
 -1.106e-07  6.704e-12  1.432e-11  5.223e-13 -1.606e-09 
  1.250e-02 -3.390e-07 -1.203e-06 -1.606e-09  1.664e-04 
ERR MATRIX NOT POS-DEF
 PARAMETER  CORRELATION COEFFICIENTS  
       NO.  GLOBAL      8     18     19     20     22
        8  0.99707   1.000 -0.941 -0.989 -0.157  0.994
       18  0.98190  -0.941  1.000  0.956  0.338 -0.959
       19  0.99212  -0.989  0.956  1.000  0.210 -0.987
       20  0.64951  -0.157  0.338  0.210  1.000 -0.172
       22  0.99713   0.994 -0.959 -0.987 -0.172  1.000
 ERR MATRIX NOT POS-DEF
MINUIT - FIT ONLY 1-y
 **********
 **   60 **RES 
 **********
                   PARAMETER   14  ANy2 RESTORED TO VARIABLE.
                   PARAMETER    7  w_CBO RESTORED TO VARIABLE.
                   PARAMETER    6  A_CBO RESTORED TO VARIABLE.
                   PARAMETER    4  phi RESTORED TO VARIABLE.
                   PARAMETER    3  A0 RESTORED TO VARIABLE.
                   PARAMETER    1  N0 RESTORED TO VARIABLE.
 **********
 **   61 **FIX            0
 **********
 PARAMETER    0  IS UNDEFINED. IGNORED.
 **********
 **   62 **FIX            1
 **********
 **********
 **   63 **FIX            2
 **********
 PARAMETER    2  IS CONSTANT.   IGNORED.
 **********
 **   64 **FIX            3
 **********
 **********
 **   65 **FIX            4
 **********
 **********
 **   66 **FIX            5
 **********
 PARAMETER    5  IS CONSTANT.   IGNORED.
 **********
 **   67 **FIX            6
 **********
 **********
 **   68 **FIX            7
 **********
 **********
 **   69 **FIX            8
 **********
 **********
 **   70 **FIX            9
 **********
 PARAMETER    9  IS CONSTANT.   IGNORED.
 **********
 **   71 **FIX           13
 **********
 PARAMETER   13  IS CONSTANT.   IGNORED.
 **********
 **   72 **FIX           14
 **********
 **********
 **   73 **FIX           15
 **********
 PARAMETER   15  IS CONSTANT.   IGNORED.
 **********
 **   74 **FIX           16
 **********
 PARAMETER   16  IS CONSTANT.   IGNORED.
 **********
 **   75 **MIGRAD
 **********
 START MIGRAD MINIMIZATION.  STRATEGY  1.  CONVERGENCE WHEN EDM .LT. 1.00e-04
 FCN=7782.14 FROM MIGRAD    STATUS=INITIATE        8 CALLS         527 TOTAL
                     EDM= unknown      STRATEGY= 1      NO ERROR MATRIX       
  EXT PARAMETER               CURRENT GUESS       STEP         FIRST   
  NO.   NAME      VALUE            ERROR          SIZE      DERIVATIVE 
   1  N0           3.33867e+06     fixed    
   2  tau          6.43904e+01   constant   
   3  A0           3.52926e-01     fixed    
   4  phi          4.13059e+00     fixed    
   5  R           -6.09611e+01   constant   
   6  A_CBO       -1.21679e-03     fixed    
   7  w_CBO        2.32768e+00     fixed    
   8  phi_CBO      3.27626e+00     fixed    
   9  ANx2         2.14836e-04   constant   
  10  pNx2         2.09111e+00   constant   
  11  ANy1         0.00000e+00   constant   
  12  pNy1         0.00000e+00   constant   
  13  w_y          0.00000e+00   constant   
  14  ANy2         3.62246e-03     fixed    
  15  pNy2         1.09622e+00   constant   
  16  w_vw         1.43115e+01   constant   
  17  LM          -4.64416e-04   constant   
  18  wCBO_expCoeff   2.00000e+02   2.74073e-05   0.00000e+00  -2.36946e+05
  19  wCBO_expOffset   2.00000e+02   9.45085e-05   0.00000e+00  -1.62004e+05
  20  wCBO_expT    3.00000e+01   7.22715e-07   0.00000e+00   7.18865e+05
  21  wCBO_linCoeff   0.00000e+00   constant   
  22  wCBO_const   1.07085e-02   1.29001e-02  -0.00000e+00  -1.64884e+03
 MIGRAD FAILS TO FIND IMPROVEMENT
 FCN=7782.14 FROM HESSE     STATUS=NOT POSDEF     29 CALLS         566 TOTAL
                     EDM=4099.75    STRATEGY= 1      ERR MATRIX NOT POS-DEF
  EXT PARAMETER                APPROXIMATE        STEP         FIRST   
  NO.   NAME      VALUE            ERROR          SIZE      DERIVATIVE 
   1  N0           3.33867e+06     fixed    
   2  tau          6.43904e+01   constant   
   3  A0           3.52926e-01     fixed    
   4  phi          4.13059e+00     fixed    
   5  R           -6.09611e+01   constant   
   6  A_CBO       -1.21679e-03     fixed    
   7  w_CBO        2.32768e+00     fixed    
   8  phi_CBO      3.27626e+00     fixed    
   9  ANx2         2.14836e-04   constant   
  10  pNx2         2.09111e+00   constant   
  11  ANy1         0.00000e+00   constant   
  12  pNy1         0.00000e+00   constant   
  13  w_y          0.00000e+00   constant   
  14  ANy2         3.62246e-03     fixed    
  15  pNy2         1.09622e+00   constant   
  16  w_vw         1.43115e+01   constant   
  17  LM          -4.64416e-04   constant   
  18  wCBO_expCoeff   2.00000e+02   9.58021e-05   9.53675e-05  -1.63866e+05
  19  wCBO_expOffset   2.00000e+02   8.77626e-05   9.53674e-05  -1.59159e+06
  20  wCBO_expT    3.00000e+01   5.02645e-06   1.43051e-05   2.06124e+06
  21  wCBO_linCoeff   0.00000e+00   constant   
  22  wCBO_const   1.07085e-02   1.05351e-02   5.53024e-05  -1.64887e+03
 MIGRAD FAILS TO FIND IMPROVEMENT
 MIGRAD TERMINATED WITHOUT CONVERGENCE.
 FCN=7782.14 FROM MIGRAD    STATUS=FAILED         58 CALLS         577 TOTAL
                     EDM=4099.75    STRATEGY= 1      ERR MATRIX NOT POS-DEF
  EXT PARAMETER                APPROXIMATE        STEP         FIRST   
  NO.   NAME      VALUE            ERROR          SIZE      DERIVATIVE 
   1  N0           3.33867e+06     fixed    
   2  tau          6.43904e+01   constant   
   3  A0           3.52926e-01     fixed    
   4  phi          4.13059e+00     fixed    
   5  R           -6.09611e+01   constant   
   6  A_CBO       -1.21679e-03     fixed    
   7  w_CBO        2.32768e+00     fixed    
   8  phi_CBO      3.27626e+00     fixed    
   9  ANx2         2.14836e-04   constant   
  10  pNx2         2.09111e+00   constant   
  11  ANy1         0.00000e+00   constant   
  12  pNy1         0.00000e+00   constant   
  13  w_y          0.00000e+00   constant   
  14  ANy2         3.62246e-03     fixed    
  15  pNy2         1.09622e+00   constant   
  16  w_vw         1.43115e+01   constant   
  17  LM          -4.64416e-04   constant   
  18  wCBO_expCoeff   2.00000e+02   9.58021e-05   0.00000e+00  -1.63866e+05
  19  wCBO_expOffset   2.00000e+02   8.77626e-05   0.00000e+00  -1.59159e+06
  20  wCBO_expT    3.00000e+01   5.02645e-06   0.00000e+00   2.06124e+06
  21  wCBO_linCoeff   0.00000e+00   constant   
  22  wCBO_const   1.07085e-02   1.05351e-02  -0.00000e+00  -1.64887e+03
 EXTERNAL ERROR MATRIX.    NDIM=  25    NPAR=  4    ERR DEF=1
  9.178e-09  8.307e-09  4.771e-10 -1.003e-06 
  8.307e-09  7.702e-09  4.335e-10 -9.039e-07 
  4.771e-10  4.335e-10  2.527e-11 -5.177e-08 
 -1.003e-06 -9.039e-07 -5.177e-08  1.110e-04 
ERR MATRIX NOT POS-DEF
 PARAMETER  CORRELATION COEFFICIENTS  
       NO.  GLOBAL     18     19     20     22
       18  0.99818   1.000  0.988  0.991 -0.993
       19  0.98868   0.988  1.000  0.983 -0.978
       20  0.99258   0.991  0.983  1.000 -0.978
       22  0.99467  -0.993 -0.978 -0.978  1.000
 ERR MATRIX NOT POS-DEF
MINUIT - FIT ONLY 2-y
 **********
 **   76 **RES 
 **********
                   PARAMETER   14  ANy2 RESTORED TO VARIABLE.
                   PARAMETER    8  phi_CBO RESTORED TO VARIABLE.
                   PARAMETER    7  w_CBO RESTORED TO VARIABLE.
                   PARAMETER    6  A_CBO RESTORED TO VARIABLE.
                   PARAMETER    4  phi RESTORED TO VARIABLE.
                   PARAMETER    3  A0 RESTORED TO VARIABLE.
                   PARAMETER    1  N0 RESTORED TO VARIABLE.
 **********
 **   77 **FIX            0
