 + ++++++++++++++++++++++++++++++++++++++++++++++++++++++++++++++++++++ +
 +                                                                      +
 +           You have chose to blind your fitting according to          +
 +                omega_ref * (1 + (R +/- deltaR) *10^{-6})             +
 +                                                                      +
 + ++++++++++++++++++++++++++++++++++++++++++++++++++++++++++++++++++++ +
In main()...
reading format from /gm2data/zkhechad/run45/envelope/formats/formatB_sBin_constraintOn.txt
pBinTau 	= 0  
pBinPhi 	= 0  
constraintau 	= 1 
includeMopTerm 	= 0    
constrainMop    = 0   
Parameters after format file: pBinTau 0 pBinPhi 0 constraintau 1 includeMopTerm 0 constrainMop 0 c_e_scale 0.000000 
reading cbo reference file (full fit) from /gm2data/zkhechad/cboTemplates/Run4CBOTemplates/fullFits/run4/sBin_constraintOn_cE0.0_seed0_run4_calo12.root
A_CBO 0.007990 w_CBO 2.327632 phi_CBO 5.471864 N0 3435893.469287 R -59.911173 tau 64.398066 
Reading cboRef file /gm2data/zkhechad/cboTemplates/Run4CBOTemplates//cboIsolate/run4_calo12.root
deltaT 83.975715
windowBins = 560
fitting sliding window 1000 from bin 1203 at 179.487600 to bin 1763 at 263.039600 (560 bins)

Reading data from /gm2data/cornell/histograms/aMethod/histogram_a_run4.root
fitting cbo isolate
 **********
 **    1 **SET PRINTOUT            1
 **********
 **********
 **    2 **SET NOWARNINGS 
 **********
 PARAMETER DEFINITIONS:
    NO.   NAME         VALUE      STEP SIZE      LIMITS
     1 A_CBO        7.98954e-03  1.00000e-05     no limits
     2 w_CBO        2.32763e+00  1.00000e-02    2.00000e+00  3.00000e+00
     3 phi_CBO      5.47186e+00  1.00000e-02    0.00000e+00  6.28319e+00
 **********
 **    3 **MIGRAD
 **********
 FIRST CALL TO USER FUNCTION AT NEW START POINT, WITH IFLAG=4.
 START MIGRAD MINIMIZATION.  STRATEGY  1.  CONVERGENCE WHEN EDM .LT. 1.00e-04
 FCN=0.00792943 FROM MIGRAD    STATUS=INITIATE       12 CALLS          13 TOTAL
                     EDM= unknown      STRATEGY= 1      NO ERROR MATRIX       
  EXT PARAMETER               CURRENT GUESS       STEP         FIRST   
  NO.   NAME      VALUE            ERROR          SIZE      DERIVATIVE 
   1  A_CBO        7.98954e-03   1.00000e-05   1.00000e-05   2.50325e+00
   2  w_CBO        2.32763e+00   1.00000e-02   2.13083e-02   2.67006e-02
   3  phi_CBO      5.47186e+00   1.00000e-02   4.74617e-03  -3.47467e-04
 MIGRAD MINIMIZATION HAS CONVERGED.
 MIGRAD WILL VERIFY CONVERGENCE AND ERROR MATRIX.
 COVARIANCE MATRIX CALCULATED SUCCESSFULLY
 FCN=0.00232408 FROM MIGRAD    STATUS=CONVERGED      41 CALLS          42 TOTAL
                     EDM=2.429e-05    STRATEGY= 1      ERROR MATRIX ACCURATE 
  EXT PARAMETER                                   STEP         FIRST   
  NO.   NAME      VALUE            ERROR          SIZE      DERIVATIVE 
   1  A_CBO        3.51097e-03   6.06319e-02   2.92429e-05  -2.17523e-05
   2  w_CBO        2.32756e+00   6.04456e-01   8.03867e-05  -8.75274e-03
   3  phi_CBO      5.48223e+00   4.71913e+00   3.98725e-03   2.47302e-04
 EXTERNAL ERROR MATRIX.    NDIM=  25    NPAR=  3    ERR DEF=1
  3.676e-03 -8.850e-03 -1.974e+00 
 -8.850e-03  8.137e-01  1.796e+02 
 -1.974e+00  1.796e+02  3.992e+04 
 PARAMETER  CORRELATION COEFFICIENTS  
       NO.  GLOBAL      1      2      3
        1  0.16310   1.000 -0.162 -0.163
        2  0.99633  -0.162  1.000  0.996
        3  0.99633  -0.163  0.996  1.000
setting A_CBO=0.003511 w_CBO=2.327558, phi_CBO=5.482232
done fitting cbo isolate
 **********
 **    1 **SET PRINTOUT            1
 **********
 **********
 **    2 **SET NOWARNINGS 
 **********
 PARAMETER DEFINITIONS:
    NO.   NAME         VALUE      STEP SIZE      LIMITS
     1 N0           3.43589e+06  1.00000e+02     no limits
     2 tau          6.43981e+01  constant
     3 A0           3.53663e-01  1.00000e-04     no limits
     4 phi          4.11774e+00  1.00000e-02     no limits
     5 R           -5.99112e+01  constant
     6 A_CBO        3.51097e-03  1.00000e-05     no limits
     7 w_CBO        2.32756e+00  1.00000e-03     no limits
     8 phi_CBO      5.48223e+00  1.00000e-04     no limits
     9 ANx2         3.16301e-04  constant
    10 pNx2         1.53957e+00  constant
    11 ANy1         0.00000e+00  constant
    12 pNy1         0.00000e+00  constant
    13 w_y          0.00000e+00  constant
    14 ANy2         1.02217e-02  1.00000e-04     no limits
    15 pNy2         1.44040e+00  constant
    16 w_vw         1.43192e+01  constant
    17 LM          -2.49463e-04  constant
    18 wCBO_expCoeff   2.00000e+02  1.00000e+00     no limits
    19 wCBO_expOffset   2.00000e+02  1.00000e+00     no limits
    20 wCBO_expT    3.00000e+01  1.00000e+00     no limits
    21 wCBO_linCoeff   0.00000e+00  constant
    22 wCBO_const   0.00000e+00  1.00000e-02     no limits
MINUIT - FIT ONLY WIGGLE
 **********
 **    3 **FIX            5
 **********
 PARAMETER    5  IS CONSTANT.   IGNORED.
 **********
 **    4 **FIX            6
 **********
 **********
 **    5 **FIX            7
 **********
 **********
 **    6 **FIX            8
 **********
 **********
 **    7 **FIX            9
 **********
 PARAMETER    9  IS CONSTANT.   IGNORED.
 **********
 **    8 **FIX           10
 **********
 PARAMETER   10  IS CONSTANT.   IGNORED.
 **********
 **    9 **FIX           11
 **********
 PARAMETER   11  IS CONSTANT.   IGNORED.
 **********
 **   10 **FIX           12
 **********
 PARAMETER   12  IS CONSTANT.   IGNORED.
 **********
 **   11 **FIX           13
 **********
 PARAMETER   13  IS CONSTANT.   IGNORED.
 **********
 **   12 **FIX           14
 **********
 **********
 **   13 **FIX           15
 **********
 PARAMETER   15  IS CONSTANT.   IGNORED.
 **********
 **   14 **FIX           16
 **********
 PARAMETER   16  IS CONSTANT.   IGNORED.
 **********
 **   15 **MIGRAD
 **********
 FIRST CALL TO USER FUNCTION AT NEW START POINT, WITH IFLAG=4.
 START MIGRAD MINIMIZATION.  STRATEGY  1.  CONVERGENCE WHEN EDM .LT. 1.00e-04
 FCN=3158.79 FROM MIGRAD    STATUS=INITIATE       34 CALLS          35 TOTAL
                     EDM= unknown      STRATEGY= 1      NO ERROR MATRIX       
  EXT PARAMETER               CURRENT GUESS       STEP         FIRST   
  NO.   NAME      VALUE            ERROR          SIZE      DERIVATIVE 
   1  N0           3.43589e+06   1.00000e+02   1.00000e+02   1.29691e-03
   2  tau          6.43981e+01   constant   
   3  A0           3.53663e-01   1.00000e-04   1.00000e-04  -1.66701e+03
   4  phi          4.11774e+00   1.00000e-02   1.00000e-02  -2.16855e+03
   5  R           -5.99112e+01   constant   
   6  A_CBO        3.51097e-03     fixed    
   7  w_CBO        2.32756e+00     fixed    
   8  phi_CBO      5.48223e+00     fixed    
   9  ANx2         3.16301e-04   constant   
  10  pNx2         1.53957e+00   constant   
  11  ANy1         0.00000e+00   constant   
  12  pNy1         0.00000e+00   constant   
  13  w_y          0.00000e+00   constant   
  14  ANy2         1.02217e-02     fixed    
  15  pNy2         1.44040e+00   constant   
  16  w_vw         1.43192e+01   constant   
  17  LM          -2.49463e-04   constant   
  18  wCBO_expCoeff   2.00000e+02   1.00000e+00   1.00000e+00  -1.96528e+04
  19  wCBO_expOffset   2.00000e+02   1.00000e+00   1.00000e+00  -4.75626e+04
  20  wCBO_expT    3.00000e+01   1.00000e+00   1.00000e+00  -5.61470e+04
  21  wCBO_linCoeff   0.00000e+00   constant   
  22  wCBO_const   0.00000e+00   1.00000e-02   1.00000e-02  -3.02135e+04
 MIGRAD FAILS TO FIND IMPROVEMENT
 COVARIANCE MATRIX CALCULATED SUCCESSFULLY
 FCN=3008.52 FROM HESSE     STATUS=OK             52 CALLS        1017 TOTAL
                     EDM=0.0675214    STRATEGY= 1      ERROR MATRIX ACCURATE 
  EXT PARAMETER                                   STEP         FIRST   
  NO.   NAME      VALUE            ERROR          SIZE      DERIVATIVE 
   1  N0           3.43558e+06   5.00172e+02   1.32848e+01  -1.79163e-04
   2  tau          6.43981e+01   constant   
   3  A0           3.53847e-01   1.95427e-04   5.13912e-06  -3.09813e+02
   4  phi          4.11772e+00   5.69613e-04   1.52540e-05   7.23543e+01
   5  R           -5.99112e+01   constant   
   6  A_CBO        3.51097e-03     fixed    
   7  w_CBO        2.32756e+00     fixed    
   8  phi_CBO      5.48223e+00     fixed    
   9  ANx2         3.16301e-04   constant   
  10  pNx2         1.53957e+00   constant   
  11  ANy1         0.00000e+00   constant   
  12  pNy1         0.00000e+00   constant   
  13  w_y          0.00000e+00   constant   
  14  ANy2         1.02217e-02     fixed    
  15  pNy2         1.44040e+00   constant   
  16  w_vw         1.43192e+01   constant   
  17  LM          -2.49463e-04   constant   
  18  wCBO_expCoeff   2.00052e+02   1.03823e-03   9.53921e-05   3.23707e+02
  19  wCBO_expOffset   1.99997e+02   7.48822e-05   9.53660e-05   2.14745e+03
  20  wCBO_expT    3.00049e+01   1.81373e-04   1.43074e-05  -6.42222e+03
  21  wCBO_linCoeff   0.00000e+00   constant   
  22  wCBO_const  -2.04092e-02   7.27097e-04   5.07560e-06  -7.49347e+02
 MIGRAD FAILS TO FIND IMPROVEMENT
 MIGRAD TERMINATED WITHOUT CONVERGENCE.
 FCN=3008.45 FROM MIGRAD    STATUS=FAILED       1080 CALLS        1081 TOTAL
                     EDM=0.0290067    STRATEGY= 1  ERROR MATRIX UNCERTAINTY   0.3 per cent
  EXT PARAMETER                APPROXIMATE        STEP         FIRST   
  NO.   NAME      VALUE            ERROR          SIZE      DERIVATIVE 
   1  N0           3.43561e+06   4.98067e+02   0.00000e+00   2.76325e-05
   2  tau          6.43981e+01   constant   
   3  A0           3.53864e-01   1.96107e-04   0.00000e+00   1.74559e+01
   4  phi          4.11771e+00   5.69511e-04  -0.00000e+00  -6.18416e+00
   5  R           -5.99112e+01   constant   
   6  A_CBO        3.51097e-03     fixed    
   7  w_CBO        2.32756e+00     fixed    
   8  phi_CBO      5.48223e+00     fixed    
   9  ANx2         3.16301e-04   constant   
  10  pNx2         1.53957e+00   constant   
  11  ANy1         0.00000e+00   constant   
  12  pNy1         0.00000e+00   constant   
  13  w_y          0.00000e+00   constant   
  14  ANy2         1.02217e-02     fixed    
  15  pNy2         1.44040e+00   constant   
  16  w_vw         1.43192e+01   constant   
  17  LM          -2.49463e-04   constant   
  18  wCBO_expCoeff   2.00052e+02   5.28915e-04  -0.00000e+00   3.88142e+01
  19  wCBO_expOffset   1.99997e+02   1.73517e-04   0.00000e+00  -2.08428e+03
  20  wCBO_expT    3.00049e+01   2.15389e-04   0.00000e+00   2.78460e+02
  21  wCBO_linCoeff   0.00000e+00   constant   
  22  wCBO_const  -2.05056e-02   8.46653e-04  -0.00000e+00   1.37288e+02
 EXTERNAL ERROR MATRIX.    NDIM=  25    NPAR=  7    ERR DEF=1
  2.481e+05  3.851e-03  4.667e-03 -4.820e-02  1.238e-02  6.357e-03 -1.855e-02 
  3.851e-03  3.846e-08 -2.110e-10 -4.264e-09  5.623e-09  7.332e-09 -2.013e-08 
  4.667e-03 -2.110e-10  3.243e-07  1.135e-08 -1.668e-09  3.316e-10  2.022e-09 
 -4.820e-02 -4.264e-09  1.135e-08  2.798e-07 -1.662e-08  3.093e-08 -1.727e-07 
  1.238e-02  5.623e-09 -1.668e-09 -1.662e-08  3.011e-08  3.233e-08 -1.202e-07 
  6.357e-03  7.332e-09  3.316e-10  3.093e-08  3.233e-08  4.639e-08 -1.696e-07 
 -1.855e-02 -2.013e-08  2.022e-09 -1.727e-07 -1.202e-07 -1.696e-07  7.168e-07 
ERR MATRIX APPROXIMATE
 PARAMETER  CORRELATION COEFFICIENTS  
       NO.  GLOBAL      1      3      4     18     19     20     22
        1  0.23194   1.000  0.039  0.016 -0.183  0.143  0.059 -0.044
        3  0.21891   0.039  1.000 -0.002 -0.041  0.165  0.174 -0.121
        4  0.07018   0.016 -0.002  1.000  0.038 -0.017  0.003  0.004
       18  0.97104  -0.183 -0.041  0.038  1.000 -0.181  0.272 -0.386
       19  0.99085   0.143  0.165 -0.017 -0.181  1.000  0.865 -0.818
       20  0.97183   0.059  0.174  0.003  0.272  0.865  1.000 -0.930
       22  0.98361  -0.044 -0.121  0.004 -0.386 -0.818 -0.930  1.000
 ERR MATRIX APPROXIMATE
MINUIT - FIT ONLY 1-CBO + other amplitudes 
 **********
 **   16 **RES 
 **********
                   PARAMETER   14  ANy2 RESTORED TO VARIABLE.
                   PARAMETER    8  phi_CBO RESTORED TO VARIABLE.
                   PARAMETER    7  w_CBO RESTORED TO VARIABLE.
                   PARAMETER    6  A_CBO RESTORED TO VARIABLE.
 **********
 **   17 **FIX            0
 **********
 PARAMETER    0  IS UNDEFINED. IGNORED.
 **********
 **   18 **FIX            1
 **********
 **********
 **   19 **FIX            2
 **********
 PARAMETER    2  IS CONSTANT.   IGNORED.
 **********
 **   20 **FIX            3
 **********
 **********
 **   21 **FIX            4
 **********
 **********
 **   22 **FIX            9
 **********
 PARAMETER    9  IS CONSTANT.   IGNORED.
 **********
 **   23 **FIX           11
 **********
 PARAMETER   11  IS CONSTANT.   IGNORED.
 **********
 **   24 **FIX           12
 **********
 PARAMETER   12  IS CONSTANT.   IGNORED.
 **********
 **   25 **FIX           14
 **********
 **********
 **   26 **FIX           15
 **********
 PARAMETER   15  IS CONSTANT.   IGNORED.
 **********
 **   27 **FIX           16
 **********
 PARAMETER   16  IS CONSTANT.   IGNORED.
 **********
 **   28 **MIGRAD
 **********
 START MIGRAD MINIMIZATION.  STRATEGY  1.  CONVERGENCE WHEN EDM .LT. 1.00e-04
 FCN=3008.45 FROM MIGRAD    STATUS=INITIATE       22 CALLS        1103 TOTAL
                     EDM= unknown      STRATEGY= 1      NO ERROR MATRIX       
  EXT PARAMETER               CURRENT GUESS       STEP         FIRST   
  NO.   NAME      VALUE            ERROR          SIZE      DERIVATIVE 
   1  N0           3.43561e+06     fixed    
   2  tau          6.43981e+01   constant   
   3  A0           3.53864e-01     fixed    
   4  phi          4.11771e+00     fixed    
   5  R           -5.99112e+01   constant   
   6  A_CBO        3.51097e-03   1.00000e-05   1.00000e-05   1.01293e+05
   7  w_CBO        2.32756e+00   1.00000e-03   1.00000e-03   3.38891e+03
   8  phi_CBO      5.48223e+00   1.00000e-04   1.00000e-04  -9.35615e+00
   9  ANx2         3.16301e-04   constant   
  10  pNx2         1.53957e+00   constant   
  11  ANy1         0.00000e+00   constant   
  12  pNy1         0.00000e+00   constant   
  13  w_y          0.00000e+00   constant   
  14  ANy2         1.02217e-02     fixed    
  15  pNy2         1.44040e+00   constant   
  16  w_vw         1.43192e+01   constant   
  17  LM          -2.49463e-04   constant   
  18  wCBO_expCoeff   2.00052e+02   5.28915e-04  -0.00000e+00   3.88142e+01
  19  wCBO_expOffset   1.99997e+02   1.73517e-04   0.00000e+00  -2.08428e+03
  20  wCBO_expT    3.00049e+01   2.15389e-04   0.00000e+00   2.78460e+02
  21  wCBO_linCoeff   0.00000e+00   constant   
  22  wCBO_const  -2.05056e-02   8.46653e-04  -0.00000e+00   1.37287e+02
 MIGRAD FAILS TO FIND IMPROVEMENT
 COVARIANCE MATRIX CALCULATED SUCCESSFULLY
 FCN=2889.53 FROM HESSE     STATUS=OK             56 CALLS        1388 TOTAL
                     EDM=0.000153877    STRATEGY= 1      ERROR MATRIX ACCURATE 
  EXT PARAMETER                                   STEP         FIRST   
  NO.   NAME      VALUE            ERROR          SIZE      DERIVATIVE 
   1  N0           3.43561e+06     fixed    
   2  tau          6.43981e+01   constant   
   3  A0           3.53864e-01     fixed    
   4  phi          4.11771e+00     fixed    
   5  R           -5.99112e+01   constant   
   6  A_CBO        1.34558e-03   2.16841e-04   5.37601e-06  -7.08400e+01
   7  w_CBO        2.32755e+00   1.84092e-05   1.10986e-06   4.24883e+03
   8  phi_CBO      6.81922e+00   3.58142e-01   3.99849e-03  -1.84986e-02
   9  ANx2         3.16301e-04   constant   
  10  pNx2         1.53957e+00   constant   
  11  ANy1         0.00000e+00   constant   
  12  pNy1         0.00000e+00   constant   
  13  w_y          0.00000e+00   constant   
  14  ANy2         1.02217e-02     fixed    
  15  pNy2         1.44040e+00   constant   
  16  w_vw         1.43192e+01   constant   
  17  LM          -2.49463e-04   constant   
  18  wCBO_expCoeff   2.00051e+02   1.58672e-03   9.53919e-05   4.93655e+01
  19  wCBO_expOffset   1.99997e+02   1.03416e-04   9.53660e-05   3.06431e+02
  20  wCBO_expT    3.00048e+01   3.06888e-04   1.43074e-05  -2.22583e+02
  21  wCBO_linCoeff   0.00000e+00   constant   
  22  wCBO_const  -1.75692e-02   1.50225e-03   7.19392e-06   1.41296e+01
 MIGRAD FAILS TO FIND IMPROVEMENT
 MIGRAD TERMINATED WITHOUT CONVERGENCE.
 FCN=2889.53 FROM MIGRAD    STATUS=FAILED        351 CALLS        1432 TOTAL
                     EDM=0.000404709    STRATEGY= 1  ERROR MATRIX UNCERTAINTY   0.6 per cent
  EXT PARAMETER                APPROXIMATE        STEP         FIRST   
  NO.   NAME      VALUE            ERROR          SIZE      DERIVATIVE 
   1  N0           3.43561e+06     fixed    
   2  tau          6.43981e+01   constant   
   3  A0           3.53864e-01     fixed    
   4  phi          4.11771e+00     fixed    
   5  R           -5.99112e+01   constant   
   6  A_CBO        1.34707e-03   2.09647e-04   0.00000e+00   6.91933e+00
   7  w_CBO        2.32755e+00   1.84054e-05  -0.00000e+00  -1.15598e+03
   8  phi_CBO      6.81756e+00   3.59738e-01  -0.00000e+00   1.61041e-03
   9  ANx2         3.16301e-04   constant   
  10  pNx2         1.53957e+00   constant   
  11  ANy1         0.00000e+00   constant   
  12  pNy1         0.00000e+00   constant   
  13  w_y          0.00000e+00   constant   
  14  ANy2         1.02217e-02     fixed    
  15  pNy2         1.44040e+00   constant   
  16  w_vw         1.43192e+01   constant   
  17  LM          -2.49463e-04   constant   
  18  wCBO_expCoeff   2.00051e+02   1.58637e-03  -0.00000e+00  -1.33580e+01
  19  wCBO_expOffset   1.99997e+02   1.33146e-04   0.00000e+00  -2.34595e+03
  20  wCBO_expT    3.00048e+01   3.17469e-04   0.00000e+00   1.49539e+01
  21  wCBO_linCoeff   0.00000e+00   constant   
  22  wCBO_const  -1.75708e-02   1.54545e-03  -0.00000e+00  -2.29529e+00
 EXTERNAL ERROR MATRIX.    NDIM=  25    NPAR=  7    ERR DEF=1
  4.395e-08 -4.019e-10  1.007e-06 -3.481e-08  1.035e-08 -1.777e-09 -4.285e-09 
 -4.019e-10  3.388e-10 -4.422e-07 -1.275e-08 -3.024e-10  2.229e-09 -1.130e-08 
  1.007e-06 -4.422e-07  1.294e-01 -3.810e-05 -1.918e-05 -4.898e-05  3.453e-04 
 -3.481e-08 -1.275e-08 -3.810e-05  2.517e-06 -2.646e-08  1.930e-07 -9.619e-07 
  1.035e-08 -3.024e-10 -1.918e-05 -2.646e-08  1.773e-08  2.085e-08 -7.651e-08 
 -1.777e-09  2.229e-09 -4.898e-05  1.930e-07  2.085e-08  1.008e-07 -4.551e-07 
 -4.285e-09 -1.130e-08  3.453e-04 -9.619e-07 -7.651e-08 -4.551e-07  2.388e-06 
ERR MATRIX APPROXIMATE
 PARAMETER  CORRELATION COEFFICIENTS  
       NO.  GLOBAL      6      7      8     18     19     20     22
        6  0.95437   1.000 -0.104  0.013 -0.105  0.371 -0.027 -0.013
        7  0.99892  -0.104  1.000 -0.067 -0.437 -0.123  0.381 -0.397
        8  0.91873   0.013 -0.067  1.000 -0.067 -0.401 -0.429  0.621
       18  0.99892  -0.105 -0.437 -0.067  1.000 -0.125  0.383 -0.392
       19  0.99859   0.371 -0.123 -0.401 -0.125  1.000  0.493 -0.372
       20  0.99919  -0.027  0.381 -0.429  0.383  0.493  1.000 -0.928
       22  0.98470  -0.013 -0.397  0.621 -0.392 -0.372 -0.928  1.000
 ERR MATRIX APPROXIMATE
MINUIT - FIT ONLY 1-CBO
 **********
 **   29 **RES 
 **********
                   PARAMETER   14  ANy2 RESTORED TO VARIABLE.
                   PARAMETER    4  phi RESTORED TO VARIABLE.
                   PARAMETER    3  A0 RESTORED TO VARIABLE.
                   PARAMETER    1  N0 RESTORED TO VARIABLE.
 **********
 **   30 **FIX            0
 **********
 PARAMETER    0  IS UNDEFINED. IGNORED.
 **********
 **   31 **FIX            1
 **********
 **********
 **   32 **FIX            2
 **********
 PARAMETER    2  IS CONSTANT.   IGNORED.
 **********
 **   33 **FIX            3
 **********
 **********
 **   34 **FIX            4
 **********
 **********
 **   35 **FIX            8
 **********
 **********
 **   36 **FIX            9
 **********
 PARAMETER    9  IS CONSTANT.   IGNORED.
 **********
 **   37 **FIX           11
 **********
 PARAMETER   11  IS CONSTANT.   IGNORED.
 **********
 **   38 **FIX           12
 **********
 PARAMETER   12  IS CONSTANT.   IGNORED.
 **********
 **   39 **FIX           13
 **********
 PARAMETER   13  IS CONSTANT.   IGNORED.
 **********
 **   40 **FIX           15
 **********
 PARAMETER   15  IS CONSTANT.   IGNORED.
 **********
 **   41 **FIX           16
 **********
 PARAMETER   16  IS CONSTANT.   IGNORED.
 **********
 **   42 **MIGRAD
 **********
 START MIGRAD MINIMIZATION.  STRATEGY  1.  CONVERGENCE WHEN EDM .LT. 1.00e-04
 FCN=2889.53 FROM MIGRAD    STATUS=INITIATE       16 CALLS        1448 TOTAL
                     EDM= unknown      STRATEGY= 1      NO ERROR MATRIX       
  EXT PARAMETER               CURRENT GUESS       STEP         FIRST   
  NO.   NAME      VALUE            ERROR          SIZE      DERIVATIVE 
   1  N0           3.43561e+06     fixed    
   2  tau          6.43981e+01   constant   
   3  A0           3.53864e-01     fixed    
   4  phi          4.11771e+00     fixed    
   5  R           -5.99112e+01   constant   
   6  A_CBO        1.34707e-03   2.09647e-04   0.00000e+00   6.91933e+00
   7  w_CBO        2.32755e+00   1.84054e-05  -0.00000e+00  -1.15598e+03
   8  phi_CBO      6.81756e+00     fixed    
   9  ANx2         3.16301e-04   constant   
  10  pNx2         1.53957e+00   constant   
  11  ANy1         0.00000e+00   constant   
  12  pNy1         0.00000e+00   constant   
  13  w_y          0.00000e+00   constant   
  14  ANy2         1.02217e-02   1.00000e-04   1.00000e-04   4.77443e+05
  15  pNy2         1.44040e+00   constant   
  16  w_vw         1.43192e+01   constant   
  17  LM          -2.49463e-04   constant   
  18  wCBO_expCoeff   2.00051e+02   1.58637e-03  -0.00000e+00  -1.33580e+01
  19  wCBO_expOffset   1.99997e+02   1.33146e-04   0.00000e+00  -2.34595e+03
  20  wCBO_expT    3.00048e+01   3.17469e-04   0.00000e+00   1.49539e+01
  21  wCBO_linCoeff   0.00000e+00   constant   
  22  wCBO_const  -1.75708e-02   1.54545e-03  -0.00000e+00  -2.29535e+00
 MIGRAD FAILS TO FIND IMPROVEMENT
 COVARIANCE MATRIX CALCULATED SUCCESSFULLY
 FCN=462.232 FROM HESSE     STATUS=OK             52 CALLS        1717 TOTAL
                     EDM=0.000222011    STRATEGY= 1      ERROR MATRIX ACCURATE 
  EXT PARAMETER                                   STEP         FIRST   
  NO.   NAME      VALUE            ERROR          SIZE      DERIVATIVE 
   1  N0           3.43561e+06     fixed    
   2  tau          6.43981e+01   constant   
   3  A0           3.53864e-01     fixed    
   4  phi          4.11771e+00     fixed    
   5  R           -5.99112e+01   constant   
   6  A_CBO       -4.41693e-05   2.92053e-04   2.14518e-06  -1.54312e+01
   7  w_CBO        2.32752e+00   9.61164e-05   1.10985e-06  -1.51552e+03
   8  phi_CBO      6.81756e+00     fixed    
   9  ANx2         3.16301e-04   constant   
  10  pNx2         1.53957e+00   constant   
  11  ANy1         0.00000e+00   constant   
  12  pNy1         0.00000e+00   constant   
  13  w_y          0.00000e+00   constant   
  14  ANy2         2.07770e-05   2.08317e-04   2.15341e-06   2.59796e+01
  15  pNy2         1.44040e+00   constant   
  16  w_vw         1.43192e+01   constant   
  17  LM          -2.49463e-04   constant   
  18  wCBO_expCoeff   2.00049e+02   8.23831e-03   9.53906e-05  -1.74750e+01
  19  wCBO_expOffset   1.99997e+02   2.17403e-04   9.53659e-05  -1.15376e+02
  20  wCBO_expT    3.00040e+01   7.24180e-04   1.43070e-05  -6.62310e+01
  21  wCBO_linCoeff   0.00000e+00   constant   
  22  wCBO_const  -1.36238e-02   3.40039e-03   5.23086e-06  -3.26789e+01
 MIGRAD FAILS TO FIND IMPROVEMENT
 MIGRAD TERMINATED WITHOUT CONVERGENCE.
 FCN=462.232 FROM MIGRAD    STATUS=FAILED        354 CALLS        1786 TOTAL
                     EDM=0.00108841    STRATEGY= 1  ERROR MATRIX UNCERTAINTY   1.1 per cent
  EXT PARAMETER                APPROXIMATE        STEP         FIRST   
  NO.   NAME      VALUE            ERROR          SIZE      DERIVATIVE 
   1  N0           3.43561e+06     fixed    
   2  tau          6.43981e+01   constant   
   3  A0           3.53864e-01     fixed    
   4  phi          4.11771e+00     fixed    
   5  R           -5.99112e+01   constant   
   6  A_CBO       -4.26111e-05   2.52145e-04  -0.00000e+00   3.55766e+00
   7  w_CBO        2.32752e+00   9.57266e-05   0.00000e+00   9.43280e+01
   8  phi_CBO      6.81756e+00     fixed    
   9  ANx2         3.16301e-04   constant   
  10  pNx2         1.53957e+00   constant   
  11  ANy1         0.00000e+00   constant   
  12  pNy1         0.00000e+00   constant   
  13  w_y          0.00000e+00   constant   
  14  ANy2         2.04708e-05   2.08194e-04  -0.00000e+00   5.79552e-01
  15  pNy2         1.44040e+00   constant   
  16  w_vw         1.43192e+01   constant   
  17  LM          -2.49463e-04   constant   
  18  wCBO_expCoeff   2.00049e+02   8.23907e-03   0.00000e+00   1.08302e+00
  19  wCBO_expOffset   1.99997e+02   2.90070e-04  -0.00000e+00   2.58223e+02
  20  wCBO_expT    3.00040e+01   5.91328e-04   0.00000e+00   5.01926e+00
  21  wCBO_linCoeff   0.00000e+00   constant   
  22  wCBO_const  -1.36443e-02   2.68971e-03   0.00000e+00   2.83866e-01
 EXTERNAL ERROR MATRIX.    NDIM=  25    NPAR=  7    ERR DEF=1
  6.358e-08  2.488e-09  6.158e-09  2.037e-07  7.234e-09  6.259e-08 -3.168e-07 
  2.488e-09  9.164e-09 -2.163e-10 -6.943e-07 -2.543e-09  1.311e-08 -5.599e-08 
  6.158e-09 -2.163e-10  4.334e-08 -3.291e-08  1.780e-08  8.320e-09 -4.679e-08 
  2.037e-07 -6.943e-07 -3.291e-08  6.788e-05 -2.744e-07  1.123e-06 -3.989e-06 
  7.234e-09 -2.543e-09  1.780e-08 -2.744e-07  8.414e-08 -2.446e-08 -1.283e-07 
  6.259e-08  1.311e-08  8.320e-09  1.123e-06 -2.446e-08  3.497e-07 -1.503e-06 
 -3.168e-07 -5.599e-08 -4.679e-08 -3.989e-06 -1.283e-07 -1.503e-06  7.235e-06 
ERR MATRIX APPROXIMATE
 PARAMETER  CORRELATION COEFFICIENTS  
       NO.  GLOBAL      6      7     14     18     19     20     22
        6  0.62636   1.000  0.103  0.117  0.098  0.099  0.420 -0.467
        7  0.99802   0.103  1.000 -0.011 -0.880 -0.092  0.232 -0.217
       14  0.68186   0.117 -0.011  1.000 -0.019  0.295  0.068 -0.084
       18  0.99801   0.098 -0.880 -0.019  1.000 -0.115  0.230 -0.180
       19  0.97750   0.099 -0.092  0.295 -0.115  1.000 -0.143 -0.164
       20  0.99595   0.420  0.232  0.068  0.230 -0.143  1.000 -0.945
       22  0.99566  -0.467 -0.217 -0.084 -0.180 -0.164 -0.945  1.000
 ERR MATRIX APPROXIMATE
MINUIT - FIT ONLY 2-CBO
 **********
 **   43 **RES 
 **********
                   PARAMETER    8  phi_CBO RESTORED TO VARIABLE.
                   PARAMETER    4  phi RESTORED TO VARIABLE.
                   PARAMETER    3  A0 RESTORED TO VARIABLE.
                   PARAMETER    1  N0 RESTORED TO VARIABLE.
 **********
 **   44 **FIX            0
 **********
 PARAMETER    0  IS UNDEFINED. IGNORED.
 **********
 **   45 **FIX            1
 **********
 **********
 **   46 **FIX            2
 **********
 PARAMETER    2  IS CONSTANT.   IGNORED.
 **********
 **   47 **FIX            3
 **********
 **********
 **   48 **FIX            4
 **********
 **********
 **   49 **FIX            5
 **********
 PARAMETER    5  IS CONSTANT.   IGNORED.
 **********
 **   50 **FIX            6
 **********
 **********
 **   51 **FIX            7
 **********
 **********
 **   52 **FIX           10
 **********
 PARAMETER   10  IS CONSTANT.   IGNORED.
 **********
 **   53 **FIX           11
 **********
 PARAMETER   11  IS CONSTANT.   IGNORED.
 **********
 **   54 **FIX           12
 **********
 PARAMETER   12  IS CONSTANT.   IGNORED.
 **********
 **   55 **FIX           13
 **********
 PARAMETER   13  IS CONSTANT.   IGNORED.
 **********
 **   56 **FIX           14
 **********
 **********
 **   57 **FIX           15
 **********
 PARAMETER   15  IS CONSTANT.   IGNORED.
 **********
 **   58 **FIX           16
 **********
 PARAMETER   16  IS CONSTANT.   IGNORED.
 **********
 **   59 **MIGRAD
 **********
 START MIGRAD MINIMIZATION.  STRATEGY  1.  CONVERGENCE WHEN EDM .LT. 1.00e-04
 FCN=462.232 FROM MIGRAD    STATUS=INITIATE       12 CALLS        1798 TOTAL
                     EDM= unknown      STRATEGY= 1      NO ERROR MATRIX       
  EXT PARAMETER               CURRENT GUESS       STEP         FIRST   
  NO.   NAME      VALUE            ERROR          SIZE      DERIVATIVE 
   1  N0           3.43561e+06     fixed    
   2  tau          6.43981e+01   constant   
   3  A0           3.53864e-01     fixed    
   4  phi          4.11771e+00     fixed    
   5  R           -5.99112e+01   constant   
   6  A_CBO       -4.26111e-05     fixed    
   7  w_CBO        2.32752e+00     fixed    
   8  phi_CBO      6.81756e+00   3.59738e-01   3.59738e-01  -3.87591e-01
   9  ANx2         3.16301e-04   constant   
  10  pNx2         1.53957e+00   constant   
  11  ANy1         0.00000e+00   constant   
  12  pNy1         0.00000e+00   constant   
  13  w_y          0.00000e+00   constant   
  14  ANy2         2.04708e-05     fixed    
  15  pNy2         1.44040e+00   constant   
  16  w_vw         1.43192e+01   constant   
  17  LM          -2.49463e-04   constant   
  18  wCBO_expCoeff   2.00049e+02   8.23907e-03   0.00000e+00   1.08302e+00
  19  wCBO_expOffset   1.99997e+02   2.90070e-04  -0.00000e+00   2.58223e+02
  20  wCBO_expT    3.00040e+01   5.91328e-04   0.00000e+00   5.01926e+00
  21  wCBO_linCoeff   0.00000e+00   constant   
  22  wCBO_const  -1.36443e-02   2.68971e-03   0.00000e+00   2.83864e-01
 MIGRAD MINIMIZATION HAS CONVERGED.
 MIGRAD WILL VERIFY CONVERGENCE AND ERROR MATRIX.
 COVARIANCE MATRIX CALCULATED SUCCESSFULLY
 FCN=461.908 FROM MIGRAD    STATUS=CONVERGED     136 CALLS        1922 TOTAL
                     EDM=1.34664e-07    STRATEGY= 1      ERROR MATRIX ACCURATE 
  EXT PARAMETER                                   STEP         FIRST   
  NO.   NAME      VALUE            ERROR          SIZE      DERIVATIVE 
   1  N0           3.43561e+06     fixed    
   2  tau          6.43981e+01   constant   
   3  A0           3.53864e-01     fixed    
   4  phi          4.11771e+00     fixed    
   5  R           -5.99112e+01   constant   
   6  A_CBO       -4.26111e-05     fixed    
   7  w_CBO        2.32752e+00     fixed    
   8  phi_CBO      8.23218e+00   2.33621e+00   2.35485e-02   3.89983e-05
   9  ANx2         3.16301e-04   constant   
  10  pNx2         1.53957e+00   constant   
  11  ANy1         0.00000e+00   constant   
  12  pNy1         0.00000e+00   constant   
  13  w_y          0.00000e+00   constant   
  14  ANy2         2.04708e-05     fixed    
  15  pNy2         1.44040e+00   constant   
  16  w_vw         1.43192e+01   constant   
  17  LM          -2.49463e-04   constant   
  18  wCBO_expCoeff   2.00049e+02   2.91749e-03   9.53907e-05  -8.31471e-01
  19  wCBO_expOffset   1.99997e+02   1.75056e-04   9.53659e-05  -5.60095e+00
  20  wCBO_expT    3.00041e+01   5.12106e-04   1.43071e-05   2.15446e+00
  21  wCBO_linCoeff   0.00000e+00   constant   
  22  wCBO_const  -1.37399e-02   2.33974e-03   5.21523e-06  -7.47835e-01
 EXTERNAL ERROR MATRIX.    NDIM=  25    NPAR=  5    ERR DEF=1
  5.458e+00  1.314e-03  5.202e-05  2.059e-04 -1.099e-03 
  1.314e-03  8.512e-06  9.348e-09  1.370e-06 -6.272e-06 
  5.202e-05  9.348e-09  3.064e-08  2.713e-08 -1.429e-07 
  2.059e-04  1.370e-06  2.713e-08  2.623e-07 -1.123e-06 
 -1.099e-03 -6.272e-06 -1.429e-07 -1.123e-06  5.474e-06 
 PARAMETER  CORRELATION COEFFICIENTS  
       NO.  GLOBAL      8     18     19     20     22
        8  0.28216   1.000  0.193  0.127  0.172 -0.201
       18  0.98390   0.193  1.000  0.018  0.917 -0.919
       19  0.88656   0.127  0.018  1.000  0.303 -0.349
       20  0.96151   0.172  0.917  0.303  1.000 -0.938
       22  0.97723  -0.201 -0.919 -0.349 -0.938  1.000
MINUIT - FIT ONLY 1-y
 **********
 **   60 **RES 
 **********
                   PARAMETER   14  ANy2 RESTORED TO VARIABLE.
                   PARAMETER    7  w_CBO RESTORED TO VARIABLE.
                   PARAMETER    6  A_CBO RESTORED TO VARIABLE.
                   PARAMETER    4  phi RESTORED TO VARIABLE.
                   PARAMETER    3  A0 RESTORED TO VARIABLE.
                   PARAMETER    1  N0 RESTORED TO VARIABLE.
 **********
 **   61 **FIX            0
 **********
 PARAMETER    0  IS UNDEFINED. IGNORED.
 **********
 **   62 **FIX            1
 **********
 **********
 **   63 **FIX            2
 **********
 PARAMETER    2  IS CONSTANT.   IGNORED.
 **********
 **   64 **FIX            3
 **********
 **********
 **   65 **FIX            4
 **********
 **********
 **   66 **FIX            5
 **********
 PARAMETER    5  IS CONSTANT.   IGNORED.
 **********
 **   67 **FIX            6
 **********
 **********
 **   68 **FIX            7
 **********
 **********
 **   69 **FIX            8
 **********
 **********
 **   70 **FIX            9
 **********
 PARAMETER    9  IS CONSTANT.   IGNORED.
 **********
 **   71 **FIX           13
 **********
 PARAMETER   13  IS CONSTANT.   IGNORED.
 **********
 **   72 **FIX           14
 **********
 **********
 **   73 **FIX           15
 **********
 PARAMETER   15  IS CONSTANT.   IGNORED.
 **********
 **   74 **FIX           16
 **********
 PARAMETER   16  IS CONSTANT.   IGNORED.
 **********
 **   75 **MIGRAD
 **********
 START MIGRAD MINIMIZATION.  STRATEGY  1.  CONVERGENCE WHEN EDM .LT. 1.00e-04
 FCN=461.908 FROM MIGRAD    STATUS=INITIATE        8 CALLS        1930 TOTAL
                     EDM= unknown      STRATEGY= 1      NO ERROR MATRIX       
  EXT PARAMETER               CURRENT GUESS       STEP         FIRST   
  NO.   NAME      VALUE            ERROR          SIZE      DERIVATIVE 
   1  N0           3.43561e+06     fixed    
   2  tau          6.43981e+01   constant   
   3  A0           3.53864e-01     fixed    
   4  phi          4.11771e+00     fixed    
   5  R           -5.99112e+01   constant   
   6  A_CBO       -4.26111e-05     fixed    
   7  w_CBO        2.32752e+00     fixed    
   8  phi_CBO      8.23218e+00     fixed    
   9  ANx2         3.16301e-04   constant   
  10  pNx2         1.53957e+00   constant   
  11  ANy1         0.00000e+00   constant   
  12  pNy1         0.00000e+00   constant   
  13  w_y          0.00000e+00   constant   
  14  ANy2         2.04708e-05     fixed    
  15  pNy2         1.44040e+00   constant   
  16  w_vw         1.43192e+01   constant   
  17  LM          -2.49463e-04   constant   
  18  wCBO_expCoeff   2.00049e+02   2.91749e-03   9.53907e-05  -8.63881e-01
  19  wCBO_expOffset   1.99997e+02   1.75056e-04   9.53659e-05   8.21560e+00
  20  wCBO_expT    3.00041e+01   5.12106e-04   1.43071e-05   4.37225e+00
  21  wCBO_linCoeff   0.00000e+00   constant   
  22  wCBO_const  -1.37399e-02   2.33974e-03   5.21523e-06  -7.45444e-01
 MIGRAD MINIMIZATION HAS CONVERGED.
 MIGRAD WILL VERIFY CONVERGENCE AND ERROR MATRIX.
 COVARIANCE MATRIX CALCULATED SUCCESSFULLY
 FCN=461.908 FROM MIGRAD    STATUS=CONVERGED      48 CALLS        1970 TOTAL
                     EDM=4.6719e-08    STRATEGY= 1      ERROR MATRIX ACCURATE 
  EXT PARAMETER                                   STEP         FIRST   
  NO.   NAME      VALUE            ERROR          SIZE      DERIVATIVE 
   1  N0           3.43561e+06     fixed    
   2  tau          6.43981e+01   constant   
   3  A0           3.53864e-01     fixed    
   4  phi          4.11771e+00     fixed    
   5  R           -5.99112e+01   constant   
   6  A_CBO       -4.26111e-05     fixed    
   7  w_CBO        2.32752e+00     fixed    
   8  phi_CBO      8.23218e+00     fixed    
   9  ANx2         3.16301e-04   constant   
  10  pNx2         1.53957e+00   constant   
  11  ANy1         0.00000e+00   constant   
  12  pNy1         0.00000e+00   constant   
  13  w_y          0.00000e+00   constant   
  14  ANy2         2.04708e-05     fixed    
  15  pNy2         1.44040e+00   constant   
  16  w_vw         1.43192e+01   constant   
  17  LM          -2.49463e-04   constant   
  18  wCBO_expCoeff   2.00049e+02   2.86193e-03   9.53907e-05  -1.34568e-01
  19  wCBO_expOffset   1.99997e+02   1.73586e-04   9.53659e-05  -1.03549e+00
  20  wCBO_expT    3.00041e+01   5.04315e-04   1.43071e-05  -6.74800e-01
  21  wCBO_linCoeff   0.00000e+00   constant   
  22  wCBO_const  -1.37399e-02   2.29125e-03   5.21536e-06  -4.23366e-01
 EXTERNAL ERROR MATRIX.    NDIM=  25    NPAR=  4    ERR DEF=1
  8.191e-06 -3.169e-09  1.320e-06 -6.004e-06 
 -3.169e-09  3.013e-08  2.515e-08 -1.324e-07 
  1.320e-06  2.515e-08  2.543e-07 -1.081e-06 
 -6.004e-06 -1.324e-07 -1.081e-06  5.250e-06 
 PARAMETER  CORRELATION COEFFICIENTS  
       NO.  GLOBAL     18     19     20     22
       18  0.98327   1.000 -0.006  0.914 -0.916
       19  0.88450  -0.006  1.000  0.287 -0.333
       20  0.96029   0.914  0.287  1.000 -0.936
       22  0.97625  -0.916 -0.333 -0.936  1.000
MINUIT - FIT ONLY 2-y
 **********
 **   76 **RES 
 **********
                   PARAMETER   14  ANy2 RESTORED TO VARIABLE.
                   PARAMETER    8  phi_CBO RESTORED TO VARIABLE.
                   PARAMETER    7  w_CBO RESTORED TO VARIABLE.
                   PARAMETER    6  A_CBO RESTORED TO VARIABLE.
                   PARAMETER    4  phi RESTORED TO VARIABLE.
                   PARAMETER    3  A0 RESTORED TO VARIABLE.
                   PARAMETER    1  N0 RESTORED TO VARIABLE.
 **********
 **   77 **FIX            0
 **********
 PARAMETER    0  IS UNDEFINED. IGNORED.
 **********
 **   78 **FIX            1
 **********
 **********
 **   79 **FIX            2
 **********
 PARAMETER    2  IS CONSTANT.   IGNORED.
 **********
 **   80 **FIX            3
 **********
 **********
 **   81 **FIX            4
 **********
 **********
 **   82 **FIX            5
 **********
 PARAMETER    5  IS CONSTANT.   IGNORED.
 **********
 **   83 **FIX            6
 **********
 **********
 **   84 **FIX            7
 **********
 **********
 **   85 **FIX            8
 **********
 **********
 **   86 **FIX            9
 **********
 PARAMETER    9  IS CONSTANT.   IGNORED.
 **********
 **   87 **FIX           10
 **********
 PARAMETER   10  IS CONSTANT.   IGNORED.
 **********
 **   88 **FIX           11
 **********
 PARAMETER   11  IS CONSTANT.   IGNORED.
 **********
 **   89 **FIX           12
 **********
 PARAMETER   12  IS CONSTANT.   IGNORED.
 **********
 **   90 **FIX           16
 **********
 PARAMETER   16  IS CONSTANT.   IGNORED.
 **********
 **   91 **MIGRAD
 **********
 START MIGRAD MINIMIZATION.  STRATEGY  1.  CONVERGENCE WHEN EDM .LT. 1.00e-04
 FCN=461.908 FROM MIGRAD    STATUS=INITIATE       10 CALLS        1980 TOTAL
                     EDM= unknown      STRATEGY= 1      NO ERROR MATRIX       
  EXT PARAMETER               CURRENT GUESS       STEP         FIRST   
  NO.   NAME      VALUE            ERROR          SIZE      DERIVATIVE 
   1  N0           3.43561e+06     fixed    
   2  tau          6.43981e+01   constant   
   3  A0           3.53864e-01     fixed    
   4  phi          4.11771e+00     fixed    
   5  R           -5.99112e+01   constant   
   6  A_CBO       -4.26111e-05     fixed    
   7  w_CBO        2.32752e+00     fixed    
   8  phi_CBO      8.23218e+00     fixed    
   9  ANx2         3.16301e-04   constant   
  10  pNx2         1.53957e+00   constant   
  11  ANy1         0.00000e+00   constant   
  12  pNy1         0.00000e+00   constant   
  13  w_y          0.00000e+00   constant   
  14  ANy2         2.04708e-05   2.08194e-04   2.08194e-04  -2.09717e+02
  15  pNy2         1.44040e+00   constant   
  16  w_vw         1.43192e+01   constant   
  17  LM          -2.49463e-04   constant   
  18  wCBO_expCoeff   2.00049e+02   2.86193e-03   9.53907e-05  -1.80702e-01
  19  wCBO_expOffset   1.99997e+02   1.73586e-04   9.53659e-05   1.20116e+01
  20  wCBO_expT    3.00041e+01   5.04315e-04   1.43071e-05   1.54606e+00
  21  wCBO_linCoeff   0.00000e+00   constant   
  22  wCBO_const  -1.37399e-02   2.29125e-03   5.21536e-06  -4.20990e-01
 MIGRAD MINIMIZATION HAS CONVERGED.
 MIGRAD WILL VERIFY CONVERGENCE AND ERROR MATRIX.
 COVARIANCE MATRIX CALCULATED SUCCESSFULLY
