 + ++++++++++++++++++++++++++++++++++++++++++++++++++++++++++++++++++++ +
 +                                                                      +
 +           You have chose to blind your fitting according to          +
 +                omega_ref * (1 + (R +/- deltaR) *10^{-6})             +
 +                                                                      +
 + ++++++++++++++++++++++++++++++++++++++++++++++++++++++++++++++++++++ +
In main()...
reading format from /gm2data/zkhechad/run45/envelope/formats/formatB_sBin_constraintOn.txt
pBinTau 	= 0  
pBinPhi 	= 0  
constraintau 	= 1 
includeMopTerm 	= 0    
constrainMop    = 0   
Parameters after format file: pBinTau 0 pBinPhi 0 constraintau 1 includeMopTerm 0 constrainMop 0 c_e_scale 0.000000 
reading cbo reference file (full fit) from /gm2data/zkhechad/cboTemplates/Run4CBOTemplates/fullFits/run4/sBin_constraintOn_cE0.0_seed0_run4_calo24.root
A_CBO 0.008786 w_CBO 2.327157 phi_CBO 2.253382 N0 3075736.764901 R -61.041197 tau 64.406859 
Reading cboRef file /gm2data/zkhechad/cboTemplates/Run4CBOTemplates//cboIsolate/run4_calo24.root
deltaT 11.640997
windowBins = 120
fitting sliding window 360 from bin 563 at 83.999600 to bin 683 at 101.903600 (120 bins)

Reading data from /gm2data/cornell/histograms/aMethod/histogram_a_run4.root
fitting cbo isolate
 **********
 **    1 **SET PRINTOUT            1
 **********
 **********
 **    2 **SET NOWARNINGS 
 **********
 PARAMETER DEFINITIONS:
    NO.   NAME         VALUE      STEP SIZE      LIMITS
     1 A_CBO        8.78574e-03  1.00000e-05     no limits
     2 w_CBO        2.32716e+00  1.00000e-02    2.00000e+00  3.00000e+00
     3 phi_CBO      2.25338e+00  1.00000e-02    0.00000e+00  6.28319e+00
 **********
 **    3 **MIGRAD
 **********
 FIRST CALL TO USER FUNCTION AT NEW START POINT, WITH IFLAG=4.
 START MIGRAD MINIMIZATION.  STRATEGY  1.  CONVERGENCE WHEN EDM .LT. 1.00e-04
 FCN=0.000561088 FROM MIGRAD    STATUS=INITIATE       10 CALLS          11 TOTAL
                     EDM= unknown      STRATEGY= 1      NO ERROR MATRIX       
  EXT PARAMETER               CURRENT GUESS       STEP         FIRST   
  NO.   NAME      VALUE            ERROR          SIZE      DERIVATIVE 
   1  A_CBO        8.78574e-03   1.00000e-05   1.00000e-05   3.39672e-01
   2  w_CBO        2.32716e+00   1.00000e-02   2.13163e-02  -4.73366e-03
   3  phi_CBO      2.25338e+00   1.00000e-02   3.31850e-03   3.20111e-04
 MIGRAD MINIMIZATION HAS CONVERGED.
 MIGRAD WILL VERIFY CONVERGENCE AND ERROR MATRIX.
 COVARIANCE MATRIX CALCULATED SUCCESSFULLY
 FCN=7.14154e-05 FROM MIGRAD    STATUS=CONVERGED      35 CALLS          36 TOTAL
                     EDM=1.58931e-06    STRATEGY= 1      ERROR MATRIX ACCURATE 
  EXT PARAMETER                                   STEP         FIRST   
  NO.   NAME      VALUE            ERROR          SIZE      DERIVATIVE 
   1  A_CBO        5.90368e-03   1.35241e-01   6.36035e-05   3.29096e-05
   2  w_CBO        2.32734e+00   7.77351e-01   1.97530e-04   2.86214e-03
   3  phi_CBO      2.23694e+00   5.04371e+00   2.85252e-03  -1.93297e-04
 EXTERNAL ERROR MATRIX.    NDIM=  25    NPAR=  3    ERR DEF=1
  1.829e-02 -3.005e-01 -2.786e+01 
 -3.005e-01  6.842e+01  6.352e+03 
 -2.786e+01  6.352e+03  5.902e+05 
 PARAMETER  CORRELATION COEFFICIENTS  
       NO.  GLOBAL      1      2      3
        1  0.26903   1.000 -0.269 -0.268
        2  0.99960  -0.269  1.000  1.000
        3  0.99960  -0.268  1.000  1.000
setting A_CBO=0.005904 w_CBO=2.327339, phi_CBO=2.236936
done fitting cbo isolate
 **********
 **    1 **SET PRINTOUT            1
 **********
 **********
 **    2 **SET NOWARNINGS 
 **********
 PARAMETER DEFINITIONS:
    NO.   NAME         VALUE      STEP SIZE      LIMITS
     1 N0           3.07574e+06  1.00000e+02     no limits
     2 tau          6.44069e+01  constant
     3 A0           3.65045e-01  1.00000e-04     no limits
     4 phi          4.11943e+00  1.00000e-02     no limits
     5 R           -6.10412e+01  constant
     6 A_CBO        5.90368e-03  1.00000e-05     no limits
     7 w_CBO        2.32734e+00  1.00000e-03     no limits
     8 phi_CBO      2.23694e+00  1.00000e-04     no limits
     9 ANx2         1.88981e-04  constant
    10 pNx2         1.59299e+00  constant
    11 ANy1         0.00000e+00  constant
    12 pNy1         0.00000e+00  constant
    13 w_y          0.00000e+00  constant
    14 ANy2         1.39657e-02  1.00000e-04     no limits
    15 pNy2         4.84726e+00  constant
    16 w_vw         1.43184e+01  constant
    17 LM           1.57605e-04  constant
    18 wCBO_expCoeff   2.00000e+02  1.00000e+00     no limits
    19 wCBO_expOffset   2.00000e+02  1.00000e+00     no limits
    20 wCBO_expT    3.00000e+01  1.00000e+00     no limits
    21 wCBO_linCoeff   0.00000e+00  constant
    22 wCBO_const   0.00000e+00  1.00000e-02     no limits
MINUIT - FIT ONLY WIGGLE
 **********
 **    3 **FIX            5
 **********
 PARAMETER    5  IS CONSTANT.   IGNORED.
 **********
 **    4 **FIX            6
 **********
 **********
 **    5 **FIX            7
 **********
 **********
 **    6 **FIX            8
 **********
 **********
 **    7 **FIX            9
 **********
 PARAMETER    9  IS CONSTANT.   IGNORED.
 **********
 **    8 **FIX           10
 **********
 PARAMETER   10  IS CONSTANT.   IGNORED.
 **********
 **    9 **FIX           11
 **********
 PARAMETER   11  IS CONSTANT.   IGNORED.
 **********
 **   10 **FIX           12
 **********
 PARAMETER   12  IS CONSTANT.   IGNORED.
 **********
 **   11 **FIX           13
 **********
 PARAMETER   13  IS CONSTANT.   IGNORED.
 **********
 **   12 **FIX           14
 **********
 **********
 **   13 **FIX           15
 **********
 PARAMETER   15  IS CONSTANT.   IGNORED.
 **********
 **   14 **FIX           16
 **********
 PARAMETER   16  IS CONSTANT.   IGNORED.
 **********
 **   15 **MIGRAD
 **********
 FIRST CALL TO USER FUNCTION AT NEW START POINT, WITH IFLAG=4.
 START MIGRAD MINIMIZATION.  STRATEGY  1.  CONVERGENCE WHEN EDM .LT. 1.00e-04
 FCN=7430.97 FROM MIGRAD    STATUS=INITIATE       34 CALLS          35 TOTAL
                     EDM= unknown      STRATEGY= 1      NO ERROR MATRIX       
  EXT PARAMETER               CURRENT GUESS       STEP         FIRST   
  NO.   NAME      VALUE            ERROR          SIZE      DERIVATIVE 
   1  N0           3.07574e+06   1.00000e+02   1.00000e+02   4.66400e-02
   2  tau          6.44069e+01   constant   
   3  A0           3.65045e-01   1.00000e-04   1.00000e-04   4.16971e+04
   4  phi          4.11943e+00   1.00000e-02   1.00000e-02   1.49583e+04
   5  R           -6.10412e+01   constant   
   6  A_CBO        5.90368e-03     fixed    
   7  w_CBO        2.32734e+00     fixed    
   8  phi_CBO      2.23694e+00     fixed    
   9  ANx2         1.88981e-04   constant   
  10  pNx2         1.59299e+00   constant   
  11  ANy1         0.00000e+00   constant   
  12  pNy1         0.00000e+00   constant   
  13  w_y          0.00000e+00   constant   
  14  ANy2         1.39657e-02     fixed    
  15  pNy2         4.84726e+00   constant   
  16  w_vw         1.43184e+01   constant   
  17  LM           1.57605e-04   constant   
  18  wCBO_expCoeff   2.00000e+02   1.00000e+00   1.00000e+00  -4.18581e+05
  19  wCBO_expOffset   2.00000e+02   1.00000e+00   1.00000e+00  -7.05437e+05
  20  wCBO_expT    3.00000e+01   1.00000e+00   1.00000e+00   3.24095e+05
  21  wCBO_linCoeff   0.00000e+00   constant   
  22  wCBO_const   0.00000e+00   1.00000e-02   1.00000e-02   3.11378e+03
 MIGRAD FAILS TO FIND IMPROVEMENT
 FCN=7430.97 FROM HESSE     STATUS=NOT POSDEF     56 CALLS         129 TOTAL
                     EDM=1102.77    STRATEGY= 1      ERR MATRIX NOT POS-DEF
  EXT PARAMETER                APPROXIMATE        STEP         FIRST   
  NO.   NAME      VALUE            ERROR          SIZE      DERIVATIVE 
   1  N0           3.07574e+06   2.98892e+03   1.61238e+01   4.66400e-02
   2  tau          6.44069e+01   constant   
   3  A0           3.65045e-01   1.10259e-04   6.95376e-06   4.16971e+04
   4  phi          4.11943e+00   3.36887e-04   1.98891e-05   1.49583e+04
   5  R           -6.10412e+01   constant   
   6  A_CBO        5.90368e-03     fixed    
   7  w_CBO        2.32734e+00     fixed    
   8  phi_CBO      2.23694e+00     fixed    
   9  ANx2         1.88981e-04   constant   
  10  pNx2         1.59299e+00   constant   
  11  ANy1         0.00000e+00   constant   
  12  pNy1         0.00000e+00   constant   
  13  w_y          0.00000e+00   constant   
  14  ANy2         1.39657e-02     fixed    
  15  pNy2         4.84726e+00   constant   
  16  w_vw         1.43184e+01   constant   
  17  LM           1.57605e-04   constant   
  18  wCBO_expCoeff   2.00000e+02   7.41670e-05   9.53674e-05   5.31300e+05
  19  wCBO_expOffset   2.00000e+02   3.28684e-05   9.53674e-05  -2.95430e+06
  20  wCBO_expT    3.00000e+01   9.51422e-06   1.43051e-05  -1.52517e+07
  21  wCBO_linCoeff   0.00000e+00   constant   
  22  wCBO_const  -1.82391e-15   2.75168e-04   1.06504e-05   3.11390e+03
 MIGRAD FAILS TO FIND IMPROVEMENT
 MIGRAD TERMINATED WITHOUT CONVERGENCE.
 FCN=7430.97 FROM MIGRAD    STATUS=FAILED        139 CALLS         140 TOTAL
                     EDM=1102.77    STRATEGY= 1      ERR MATRIX NOT POS-DEF
  EXT PARAMETER                APPROXIMATE        STEP         FIRST   
  NO.   NAME      VALUE            ERROR          SIZE      DERIVATIVE 
   1  N0           3.07574e+06   2.98892e+03   0.00000e+00   4.66400e-02
   2  tau          6.44069e+01   constant   
   3  A0           3.65045e-01   1.10259e-04  -0.00000e+00   4.16971e+04
   4  phi          4.11943e+00   3.36887e-04  -0.00000e+00   1.49583e+04
   5  R           -6.10412e+01   constant   
   6  A_CBO        5.90368e-03     fixed    
   7  w_CBO        2.32734e+00     fixed    
   8  phi_CBO      2.23694e+00     fixed    
   9  ANx2         1.88981e-04   constant   
  10  pNx2         1.59299e+00   constant   
  11  ANy1         0.00000e+00   constant   
  12  pNy1         0.00000e+00   constant   
  13  w_y          0.00000e+00   constant   
  14  ANy2         1.39657e-02     fixed    
  15  pNy2         4.84726e+00   constant   
  16  w_vw         1.43184e+01   constant   
  17  LM           1.57605e-04   constant   
  18  wCBO_expCoeff   2.00000e+02   7.41670e-05   0.00000e+00   5.31300e+05
  19  wCBO_expOffset   2.00000e+02   3.28684e-05   0.00000e+00  -2.95430e+06
  20  wCBO_expT    3.00000e+01   9.51422e-06   0.00000e+00  -1.52517e+07
  21  wCBO_linCoeff   0.00000e+00   constant   
  22  wCBO_const  -1.82391e-15   2.75168e-04   0.00000e+00   3.11390e+03
 EXTERNAL ERROR MATRIX.    NDIM=  25    NPAR=  7    ERR DEF=1
  8.934e+06  1.667e-02 -3.565e-01  2.202e-01  9.771e-02  2.833e-02  6.155e-01 
  1.667e-02  1.216e-08 -1.226e-09  4.264e-10  1.748e-10  5.219e-11  1.560e-09 
 -3.565e-01 -1.226e-09  1.135e-07 -8.929e-09 -3.951e-09 -1.141e-09 -2.607e-08 
  2.202e-01  4.264e-10 -8.929e-09  5.501e-09  2.426e-09  7.028e-10  1.499e-08 
  9.771e-02  1.748e-10 -3.951e-09  2.426e-09  1.080e-09  3.118e-10  6.836e-09 
  2.833e-02  5.219e-11 -1.141e-09  7.028e-10  3.118e-10  9.052e-11  1.978e-09 
  6.155e-01  1.560e-09 -2.607e-08  1.499e-08  6.836e-09  1.978e-09  7.572e-08 
ERR MATRIX NOT POS-DEF
 PARAMETER  CORRELATION COEFFICIENTS  
       NO.  GLOBAL      1      3      4     18     19     20     22
        1  0.99634   1.000  0.051 -0.354  0.993  0.995  0.996  0.748
        3  0.07763   0.051  1.000 -0.033  0.052  0.048  0.050  0.051
        4  0.35915  -0.354 -0.033  1.000 -0.357 -0.357 -0.356 -0.281
       18  0.99686   0.993  0.052 -0.357  1.000  0.995  0.996  0.734
       19  0.99757   0.995  0.048 -0.357  0.995  1.000  0.997  0.756
       20  0.99837   0.996  0.050 -0.356  0.996  0.997  1.000  0.756
       22  0.79097   0.748  0.051 -0.281  0.734  0.756  0.756  1.000
 ERR MATRIX NOT POS-DEF
MINUIT - FIT ONLY 1-CBO + other amplitudes 
 **********
 **   16 **RES 
 **********
                   PARAMETER   14  ANy2 RESTORED TO VARIABLE.
                   PARAMETER    8  phi_CBO RESTORED TO VARIABLE.
                   PARAMETER    7  w_CBO RESTORED TO VARIABLE.
                   PARAMETER    6  A_CBO RESTORED TO VARIABLE.
 **********
 **   17 **FIX            0
 **********
 PARAMETER    0  IS UNDEFINED. IGNORED.
 **********
 **   18 **FIX            1
 **********
 **********
 **   19 **FIX            2
 **********
 PARAMETER    2  IS CONSTANT.   IGNORED.
 **********
 **   20 **FIX            3
 **********
 **********
 **   21 **FIX            4
 **********
 **********
 **   22 **FIX            9
 **********
 PARAMETER    9  IS CONSTANT.   IGNORED.
 **********
 **   23 **FIX           11
 **********
 PARAMETER   11  IS CONSTANT.   IGNORED.
 **********
 **   24 **FIX           12
 **********
 PARAMETER   12  IS CONSTANT.   IGNORED.
 **********
 **   25 **FIX           14
 **********
 **********
 **   26 **FIX           15
 **********
 PARAMETER   15  IS CONSTANT.   IGNORED.
 **********
 **   27 **FIX           16
 **********
 PARAMETER   16  IS CONSTANT.   IGNORED.
 **********
 **   28 **MIGRAD
 **********
 START MIGRAD MINIMIZATION.  STRATEGY  1.  CONVERGENCE WHEN EDM .LT. 1.00e-04
 FCN=7430.97 FROM MIGRAD    STATUS=INITIATE       22 CALLS         162 TOTAL
                     EDM= unknown      STRATEGY= 1      NO ERROR MATRIX       
  EXT PARAMETER               CURRENT GUESS       STEP         FIRST   
  NO.   NAME      VALUE            ERROR          SIZE      DERIVATIVE 
   1  N0           3.07574e+06     fixed    
   2  tau          6.44069e+01   constant   
   3  A0           3.65045e-01     fixed    
   4  phi          4.11943e+00     fixed    
   5  R           -6.10412e+01   constant   
   6  A_CBO        5.90368e-03   1.00000e-05   1.00000e-05   3.03552e+05
   7  w_CBO        2.32734e+00   1.00000e-03   1.00000e-03   4.11444e+07
   8  phi_CBO      2.23694e+00   1.00000e-04   1.00000e-04  -8.37823e+01
   9  ANx2         1.88981e-04   constant   
  10  pNx2         1.59299e+00   constant   
  11  ANy1         0.00000e+00   constant   
  12  pNy1         0.00000e+00   constant   
  13  w_y          0.00000e+00   constant   
  14  ANy2         1.39657e-02     fixed    
  15  pNy2         4.84726e+00   constant   
  16  w_vw         1.43184e+01   constant   
  17  LM           1.57605e-04   constant   
  18  wCBO_expCoeff   2.00000e+02   7.41670e-05   0.00000e+00   4.78800e+05
  19  wCBO_expOffset   2.00000e+02   3.28684e-05   0.00000e+00   2.09328e+05
  20  wCBO_expT    3.00000e+01   9.51422e-06   0.00000e+00   1.45773e+07
  21  wCBO_linCoeff   0.00000e+00   constant   
  22  wCBO_const  -1.82391e-15   2.75168e-04   0.00000e+00   3.11391e+03
 MIGRAD FAILS TO FIND IMPROVEMENT
 FCN=6633.76 FROM HESSE     STATUS=NOT POSDEF     58 CALLS         322 TOTAL
                     EDM=420.544    STRATEGY= 1      ERR MATRIX NOT POS-DEF
  EXT PARAMETER                APPROXIMATE        STEP         FIRST   
  NO.   NAME      VALUE            ERROR          SIZE      DERIVATIVE 
   1  N0           3.07574e+06     fixed    
   2  tau          6.44069e+01   constant   
   3  A0           3.65045e-01     fixed    
   4  phi          4.11943e+00     fixed    
   5  R           -6.10412e+01   constant   
   6  A_CBO        5.37673e-04   1.07106e-03   7.20858e-06  -4.42729e+03
   7  w_CBO        2.32734e+00   9.73584e-07   1.10976e-06   3.78075e+06
   8  phi_CBO      2.38297e+00   7.28229e-01   1.20119e-02   1.85009e+00
   9  ANx2         1.88981e-04   constant   
  10  pNx2         1.59299e+00   constant   
  11  ANy1         0.00000e+00   constant   
  12  pNy1         0.00000e+00   constant   
  13  w_y          0.00000e+00   constant   
  14  ANy2         1.39657e-02     fixed    
  15  pNy2         4.84726e+00   constant   
  16  w_vw         1.43184e+01   constant   
  17  LM           1.57605e-04   constant   
  18  wCBO_expCoeff   2.00000e+02   8.36693e-05   9.53674e-05   4.39902e+04
  19  wCBO_expOffset   2.00000e+02   9.55799e-05   9.53674e-05  -2.02378e+05
  20  wCBO_expT    3.00000e+01   3.33876e-05   1.43051e-05  -1.06751e+06
  21  wCBO_linCoeff   0.00000e+00   constant   
  22  wCBO_const  -5.08819e-04   3.10583e-03   3.12541e-05   1.05032e+03
 MIGRAD FAILS TO FIND IMPROVEMENT
 MIGRAD TERMINATED WITHOUT CONVERGENCE.
 FCN=6604.72 FROM MIGRAD    STATUS=FAILED        232 CALLS         372 TOTAL
                     EDM=371.069    STRATEGY= 1      ERR MATRIX NOT POS-DEF
  EXT PARAMETER                APPROXIMATE        STEP         FIRST   
  NO.   NAME      VALUE            ERROR          SIZE      DERIVATIVE 
   1  N0           3.07574e+06     fixed    
   2  tau          6.44069e+01   constant   
   3  A0           3.65045e-01     fixed    
   4  phi          4.11943e+00     fixed    
   5  R           -6.10412e+01   constant   
   6  A_CBO       -7.85020e-04   1.71471e-04   0.00000e+00   1.85178e+04
   7  w_CBO        2.32734e+00   1.56817e-07  -0.00000e+00   1.82108e+07
   8  phi_CBO      1.11919e+00   1.90039e-01   0.00000e+00  -4.03834e+00
   9  ANx2         1.88981e-04   constant   
  10  pNx2         1.59299e+00   constant   
  11  ANy1         0.00000e+00   constant   
  12  pNy1         0.00000e+00   constant   
  13  w_y          0.00000e+00   constant   
  14  ANy2         1.39657e-02     fixed    
  15  pNy2         4.84726e+00   constant   
  16  w_vw         1.43184e+01   constant   
  17  LM           1.57605e-04   constant   
  18  wCBO_expCoeff   2.00000e+02   1.34767e-05  -0.00000e+00   2.11928e+05
  19  wCBO_expOffset   2.00000e+02   1.36971e-05  -0.00000e+00  -1.70324e+05
  20  wCBO_expT    3.00000e+01   3.85139e-06  -0.00000e+00   1.24580e+06
  21  wCBO_linCoeff   0.00000e+00   constant   
  22  wCBO_const   4.05631e-03   5.53319e-04  -0.00000e+00   4.25877e+03
 EXTERNAL ERROR MATRIX.    NDIM=  25    NPAR=  7    ERR DEF=1
  2.940e-08 -1.504e-11  1.342e-05 -1.293e-09 -1.847e-09 -5.391e-10 -5.218e-08 
 -1.504e-11  2.459e-14 -7.408e-09  8.294e-13  1.263e-12  3.508e-13  2.312e-11 
  1.342e-05 -7.408e-09  3.611e-02 -6.366e-07 -1.135e-06 -3.602e-07 -2.557e-05 
 -1.293e-09  8.294e-13 -6.366e-07  1.816e-10  1.085e-10  3.014e-11  1.987e-09 
 -1.847e-09  1.263e-12 -1.135e-06  1.085e-10  1.876e-10  4.272e-11  4.589e-09 
 -5.391e-10  3.508e-13 -3.602e-07  3.014e-11  4.272e-11  1.483e-11  1.363e-09 
 -5.218e-08  2.312e-11 -2.557e-05  1.987e-09  4.589e-09  1.363e-09  3.062e-07 
ERR MATRIX NOT POS-DEF
 PARAMETER  CORRELATION COEFFICIENTS  
       NO.  GLOBAL      6      7      8     18     19     20     22
        6  0.84751   1.000 -0.559  0.412 -0.559 -0.787 -0.816 -0.550
        7  0.65054  -0.559  1.000 -0.249  0.392  0.588  0.581  0.266
        8  0.52415   0.412 -0.249  1.000 -0.249 -0.436 -0.492 -0.243
       18  0.65051  -0.559  0.392 -0.249  1.000  0.588  0.581  0.266
       19  0.86581  -0.787  0.588 -0.436  0.588  1.000  0.810  0.606
       20  0.89456  -0.816  0.581 -0.492  0.581  0.810  1.000  0.640
       22  0.70929  -0.550  0.266 -0.243  0.266  0.606  0.640  1.000
 ERR MATRIX NOT POS-DEF
MINUIT - FIT ONLY 1-CBO
 **********
 **   29 **RES 
 **********
                   PARAMETER   14  ANy2 RESTORED TO VARIABLE.
                   PARAMETER    4  phi RESTORED TO VARIABLE.
                   PARAMETER    3  A0 RESTORED TO VARIABLE.
                   PARAMETER    1  N0 RESTORED TO VARIABLE.
 **********
 **   30 **FIX            0
 **********
 PARAMETER    0  IS UNDEFINED. IGNORED.
 **********
 **   31 **FIX            1
 **********
 **********
 **   32 **FIX            2
 **********
 PARAMETER    2  IS CONSTANT.   IGNORED.
 **********
 **   33 **FIX            3
 **********
 **********
 **   34 **FIX            4
 **********
 **********
 **   35 **FIX            8
 **********
 **********
 **   36 **FIX            9
 **********
 PARAMETER    9  IS CONSTANT.   IGNORED.
 **********
 **   37 **FIX           11
 **********
 PARAMETER   11  IS CONSTANT.   IGNORED.
 **********
 **   38 **FIX           12
 **********
 PARAMETER   12  IS CONSTANT.   IGNORED.
 **********
 **   39 **FIX           13
 **********
 PARAMETER   13  IS CONSTANT.   IGNORED.
 **********
 **   40 **FIX           15
 **********
 PARAMETER   15  IS CONSTANT.   IGNORED.
 **********
 **   41 **FIX           16
 **********
 PARAMETER   16  IS CONSTANT.   IGNORED.
 **********
 **   42 **MIGRAD
 **********
 START MIGRAD MINIMIZATION.  STRATEGY  1.  CONVERGENCE WHEN EDM .LT. 1.00e-04
 FCN=6604.72 FROM MIGRAD    STATUS=INITIATE       16 CALLS         388 TOTAL
                     EDM= unknown      STRATEGY= 1      NO ERROR MATRIX       
  EXT PARAMETER               CURRENT GUESS       STEP         FIRST   
  NO.   NAME      VALUE            ERROR          SIZE      DERIVATIVE 
   1  N0           3.07574e+06     fixed    
   2  tau          6.44069e+01   constant   
   3  A0           3.65045e-01     fixed    
   4  phi          4.11943e+00     fixed    
   5  R           -6.10412e+01   constant   
   6  A_CBO       -7.85020e-04   1.71471e-04   0.00000e+00   1.85178e+04
   7  w_CBO        2.32734e+00   1.56817e-07  -0.00000e+00   1.82108e+07
   8  phi_CBO      1.11919e+00     fixed    
   9  ANx2         1.88981e-04   constant   
  10  pNx2         1.59299e+00   constant   
  11  ANy1         0.00000e+00   constant   
  12  pNy1         0.00000e+00   constant   
  13  w_y          0.00000e+00   constant   
  14  ANy2         1.39657e-02   1.00000e-04   1.00000e-04   8.38606e+05
  15  pNy2         4.84726e+00   constant   
  16  w_vw         1.43184e+01   constant   
  17  LM           1.57605e-04   constant   
  18  wCBO_expCoeff   2.00000e+02   1.34767e-05  -0.00000e+00   2.11928e+05
  19  wCBO_expOffset   2.00000e+02   1.36971e-05  -0.00000e+00  -1.70324e+05
  20  wCBO_expT    3.00000e+01   3.85139e-06  -0.00000e+00   1.24580e+06
  21  wCBO_linCoeff   0.00000e+00   constant   
  22  wCBO_const   4.05631e-03   5.53319e-04  -0.00000e+00   4.25877e+03
 MIGRAD FAILS TO FIND IMPROVEMENT
 FCN=1134.31 FROM HESSE     STATUS=NOT POSDEF     58 CALLS         489 TOTAL
                     EDM=584.24    STRATEGY= 1      ERR MATRIX NOT POS-DEF
  EXT PARAMETER                APPROXIMATE        STEP         FIRST   
  NO.   NAME      VALUE            ERROR          SIZE      DERIVATIVE 
   1  N0           3.07574e+06     fixed    
   2  tau          6.44069e+01   constant   
   3  A0           3.65045e-01     fixed    
   4  phi          4.11943e+00     fixed    
   5  R           -6.10412e+01   constant   
   6  A_CBO       -1.26106e-03   1.72532e-03   3.04145e-06   7.70578e+03
   7  w_CBO        2.32734e+00   1.16915e-06   1.10976e-06   6.67826e+06
   8  phi_CBO      1.11919e+00     fixed    
   9  ANx2         1.88981e-04   constant   
  10  pNx2         1.59299e+00   constant   
  11  ANy1         0.00000e+00   constant   
  12  pNy1         0.00000e+00   constant   
  13  w_y          0.00000e+00   constant   
  14  ANy2         8.24709e-04   1.22107e-04   2.89857e-06  -6.06565e+03
  15  pNy2         4.84726e+00   constant   
  16  w_vw         1.43184e+01   constant   
  17  LM           1.57605e-04   constant   
  18  wCBO_expCoeff   2.00000e+02   1.00474e-04   9.53674e-05   7.77182e+04
  19  wCBO_expOffset   2.00000e+02   7.29552e-05   9.53675e-05   5.83243e+05
  20  wCBO_expT    3.00000e+01   9.37786e-06   1.43051e-05  -2.69317e+06
  21  wCBO_linCoeff   0.00000e+00   constant   
  22  wCBO_const   1.50693e-03   2.16941e-03   9.82449e-06  -1.08873e+03
 MIGRAD FAILS TO FIND IMPROVEMENT
 MIGRAD TERMINATED WITHOUT CONVERGENCE.
 FCN=1133.72 FROM MIGRAD    STATUS=FAILED        305 CALLS         677 TOTAL
                     EDM=87.5726    STRATEGY= 1      ERR MATRIX NOT POS-DEF
  EXT PARAMETER                APPROXIMATE        STEP         FIRST   
  NO.   NAME      VALUE            ERROR          SIZE      DERIVATIVE 
   1  N0           3.07574e+06     fixed    
   2  tau          6.44069e+01   constant   
   3  A0           3.65045e-01     fixed    
   4  phi          4.11943e+00     fixed    
   5  R           -6.10412e+01   constant   
   6  A_CBO       -1.32061e-03   6.56321e-04  -0.00000e+00   4.29882e+03
   7  w_CBO        2.32734e+00   4.45368e-07  -0.00000e+00   9.97305e+04
   8  phi_CBO      1.11919e+00     fixed    
   9  ANx2         1.88981e-04   constant   
  10  pNx2         1.59299e+00   constant   
  11  ANy1         0.00000e+00   constant   
  12  pNy1         0.00000e+00   constant   
  13  w_y          0.00000e+00   constant   
  14  ANy2         8.24248e-04   1.20856e-04   0.00000e+00  -5.69247e+03
  15  pNy2         4.84726e+00   constant   
  16  w_vw         1.43184e+01   constant   
  17  LM           1.57605e-04   constant   
  18  wCBO_expCoeff   2.00000e+02   3.82731e-05  -0.00000e+00   1.16222e+03
  19  wCBO_expOffset   2.00000e+02   2.79634e-05  -0.00000e+00   6.45566e+04
  20  wCBO_expT    3.00000e+01   4.30471e-06  -0.00000e+00   1.26356e+06
  21  wCBO_linCoeff   0.00000e+00   constant   
  22  wCBO_const   1.59048e-03   1.68457e-03   0.00000e+00  -4.18451e+03
 EXTERNAL ERROR MATRIX.    NDIM=  25    NPAR=  7    ERR DEF=1
  4.308e-07  2.769e-10 -9.277e-09  2.379e-08  1.809e-08  2.781e-09 -1.068e-06 
  2.769e-10  1.984e-13 -6.256e-12  1.540e-11  1.194e-11  1.832e-12 -7.260e-10 
 -9.277e-09 -6.256e-12  1.461e-08 -5.377e-10 -4.055e-10 -6.186e-11  2.595e-08 
  2.379e-08  1.540e-11 -5.377e-10  1.465e-09  1.026e-09  1.575e-10 -6.239e-08 
  1.809e-08  1.194e-11 -4.055e-10  1.026e-09  7.820e-10  1.202e-10 -4.522e-08 
  2.781e-09  1.832e-12 -6.186e-11  1.575e-10  1.202e-10  1.853e-11 -6.930e-09 
 -1.068e-06 -7.260e-10  2.595e-08 -6.239e-08 -4.522e-08 -6.930e-09  2.838e-06 
ERR MATRIX NOT POS-DEF
 PARAMETER  CORRELATION COEFFICIENTS  
       NO.  GLOBAL      6      7     14     18     19     20     22
        6  0.99961   1.000  0.947 -0.117  0.947  0.986  0.984 -0.966
        7  0.99973   0.947  1.000 -0.116  0.903  0.959  0.956 -0.968
       14  0.57596  -0.117 -0.116  1.000 -0.116 -0.120 -0.119  0.127
       18  0.99973   0.947  0.903 -0.116  1.000  0.959  0.956 -0.968
       19  0.99972   0.986  0.959 -0.120  0.959  1.000  0.999 -0.960
       20  0.99938   0.984  0.956 -0.119  0.956  0.999  1.000 -0.956
       22  0.99987  -0.966 -0.968  0.127 -0.968 -0.960 -0.956  1.000
 ERR MATRIX NOT POS-DEF
MINUIT - FIT ONLY 2-CBO
 **********
 **   43 **RES 
 **********
                   PARAMETER    8  phi_CBO RESTORED TO VARIABLE.
                   PARAMETER    4  phi RESTORED TO VARIABLE.
                   PARAMETER    3  A0 RESTORED TO VARIABLE.
                   PARAMETER    1  N0 RESTORED TO VARIABLE.
 **********
 **   44 **FIX            0
 **********
 PARAMETER    0  IS UNDEFINED. IGNORED.
 **********
 **   45 **FIX            1
 **********
 **********
 **   46 **FIX            2
 **********
 PARAMETER    2  IS CONSTANT.   IGNORED.
 **********
 **   47 **FIX            3
 **********
 **********
 **   48 **FIX            4
 **********
 **********
 **   49 **FIX            5
 **********
 PARAMETER    5  IS CONSTANT.   IGNORED.
 **********
 **   50 **FIX            6
 **********
 **********
 **   51 **FIX            7
 **********
 **********
 **   52 **FIX           10
 **********
 PARAMETER   10  IS CONSTANT.   IGNORED.
 **********
 **   53 **FIX           11
 **********
 PARAMETER   11  IS CONSTANT.   IGNORED.
 **********
 **   54 **FIX           12
 **********
 PARAMETER   12  IS CONSTANT.   IGNORED.
 **********
 **   55 **FIX           13
 **********
 PARAMETER   13  IS CONSTANT.   IGNORED.
 **********
 **   56 **FIX           14
 **********
 **********
 **   57 **FIX           15
 **********
 PARAMETER   15  IS CONSTANT.   IGNORED.
 **********
 **   58 **FIX           16
 **********
 PARAMETER   16  IS CONSTANT.   IGNORED.
 **********
 **   59 **MIGRAD
 **********
 START MIGRAD MINIMIZATION.  STRATEGY  1.  CONVERGENCE WHEN EDM .LT. 1.00e-04
 FCN=1133.72 FROM MIGRAD    STATUS=INITIATE       12 CALLS         689 TOTAL
                     EDM= unknown      STRATEGY= 1      NO ERROR MATRIX       
  EXT PARAMETER               CURRENT GUESS       STEP         FIRST   
  NO.   NAME      VALUE            ERROR          SIZE      DERIVATIVE 
   1  N0           3.07574e+06     fixed    
   2  tau          6.44069e+01   constant   
   3  A0           3.65045e-01     fixed    
   4  phi          4.11943e+00     fixed    
   5  R           -6.10412e+01   constant   
   6  A_CBO       -1.32061e-03     fixed    
   7  w_CBO        2.32734e+00     fixed    
   8  phi_CBO      1.11919e+00   1.90039e-01   1.90039e-01   3.91983e+00
   9  ANx2         1.88981e-04   constant   
  10  pNx2         1.59299e+00   constant   
  11  ANy1         0.00000e+00   constant   
  12  pNy1         0.00000e+00   constant   
  13  w_y          0.00000e+00   constant   
  14  ANy2         8.24248e-04     fixed    
  15  pNy2         4.84726e+00   constant   
  16  w_vw         1.43184e+01   constant   
  17  LM           1.57605e-04   constant   
  18  wCBO_expCoeff   2.00000e+02   3.82731e-05  -0.00000e+00   1.16222e+03
  19  wCBO_expOffset   2.00000e+02   2.79634e-05  -0.00000e+00   6.45566e+04
  20  wCBO_expT    3.00000e+01   4.30471e-06  -0.00000e+00   1.26356e+06
  21  wCBO_linCoeff   0.00000e+00   constant   
  22  wCBO_const   1.59048e-03   1.68457e-03   0.00000e+00  -4.18451e+03
 MIGRAD FAILS TO FIND IMPROVEMENT
 FCN=1131.22 FROM HESSE     STATUS=NOT POSDEF     37 CALLS         750 TOTAL
                     EDM=1151.25    STRATEGY= 1      ERR MATRIX NOT POS-DEF
  EXT PARAMETER                APPROXIMATE        STEP         FIRST   
  NO.   NAME      VALUE            ERROR          SIZE      DERIVATIVE 
   1  N0           3.07574e+06     fixed    
   2  tau          6.44069e+01   constant   
   3  A0           3.65045e-01     fixed    
   4  phi          4.11943e+00     fixed    
   5  R           -6.10412e+01   constant   
   6  A_CBO       -1.32061e-03     fixed    
   7  w_CBO        2.32734e+00     fixed    
   8  phi_CBO      1.04046e+00   7.15950e-01   2.13926e-03  -2.14293e+01
   9  ANx2         1.88981e-04   constant   
  10  pNx2         1.59299e+00   constant   
  11  ANy1         0.00000e+00   constant   
  12  pNy1         0.00000e+00   constant   
  13  w_y          0.00000e+00   constant   
  14  ANy2         8.24248e-04     fixed    
  15  pNy2         4.84726e+00   constant   
  16  w_vw         1.43184e+01   constant   
  17  LM           1.57605e-04   constant   
  18  wCBO_expCoeff   2.00000e+02   1.54624e-04   9.53674e-05   1.66270e+05
  19  wCBO_expOffset   2.00000e+02   5.78378e-05   9.53675e-05   1.15461e+06
  20  wCBO_expT    3.00000e+01   6.77588e-06   1.43051e-05  -4.80103e+06
  21  wCBO_linCoeff   0.00000e+00   constant   
  22  wCBO_const   3.28617e-03   5.17960e-03   9.60919e-06   1.36442e+03
 CALL LIMIT EXCEEDED IN MIGRAD.
 MIGRAD TERMINATED WITHOUT CONVERGENCE.
 FCN=1128.51 FROM MIGRAD    STATUS=CALL LIMIT    830 CALLS        1507 TOTAL
                     EDM=162.707    STRATEGY= 1      ERR MATRIX NOT POS-DEF
  EXT PARAMETER                APPROXIMATE        STEP         FIRST   
  NO.   NAME      VALUE            ERROR          SIZE      DERIVATIVE 
   1  N0           3.07574e+06     fixed    
   2  tau          6.44069e+01   constant   
   3  A0           3.65045e-01     fixed    
   4  phi          4.11943e+00     fixed    
   5  R           -6.10412e+01   constant   
   6  A_CBO       -1.32061e-03     fixed    
   7  w_CBO        2.32734e+00     fixed    
   8  phi_CBO      1.26901e+00   8.56941e-01   1.09821e-02   2.33633e+01
   9  ANx2         1.88981e-04   constant   
  10  pNx2         1.59299e+00   constant   
  11  ANy1         0.00000e+00   constant   
  12  pNy1         0.00000e+00   constant   
  13  w_y          0.00000e+00   constant   
  14  ANy2         8.24248e-04     fixed    
  15  pNy2         4.84726e+00   constant   
  16  w_vw         1.43184e+01   constant   
  17  LM           1.57605e-04   constant   
  18  wCBO_expCoeff   2.00000e+02   7.99036e-05  -1.07623e-06  -1.76786e+05
  19  wCBO_expOffset   2.00000e+02   1.89571e-05  -2.49649e-07   2.20806e+05
  20  wCBO_expT    3.00000e+01   4.12798e-06  -5.42586e-08   1.41285e+06
  21  wCBO_linCoeff   0.00000e+00   constant   
  22  wCBO_const   5.06019e-03   5.32790e-03   7.07942e-05  -9.13655e+03
 EXTERNAL ERROR MATRIX.    NDIM=  25    NPAR=  5    ERR DEF=1
  7.343e-01 -6.315e-05 -1.523e-05 -3.315e-06  4.506e-03 
 -6.315e-05  6.385e-09  1.457e-09  3.157e-10 -4.129e-07 
 -1.523e-05  1.457e-09  3.594e-10  7.790e-11 -9.627e-08 
 -3.315e-06  3.157e-10  7.790e-11  1.704e-11 -2.091e-08 
  4.506e-03 -4.129e-07 -9.627e-08 -2.091e-08  2.839e-05 
ERR MATRIX NOT POS-DEF
 PARAMETER  CORRELATION COEFFICIENTS  
       NO.  GLOBAL      8     18     19     20     22
        8  0.99999   1.000 -0.922 -0.938 -0.937  0.987
       18  0.99999  -0.922  1.000  0.962  0.957 -0.970
       19  0.99985  -0.938  0.962  1.000  0.996 -0.953
       20  0.99947  -0.937  0.957  0.996  1.000 -0.951
       22  1.00000   0.987 -0.970 -0.953 -0.951  1.000
 ERR MATRIX NOT POS-DEF
MINUIT - FIT ONLY 1-y
 **********
 **   60 **RES 
 **********
                   PARAMETER   14  ANy2 RESTORED TO VARIABLE.
                   PARAMETER    7  w_CBO RESTORED TO VARIABLE.
                   PARAMETER    6  A_CBO RESTORED TO VARIABLE.
                   PARAMETER    4  phi RESTORED TO VARIABLE.
                   PARAMETER    3  A0 RESTORED TO VARIABLE.
                   PARAMETER    1  N0 RESTORED TO VARIABLE.
 **********
 **   61 **FIX            0
 **********
 PARAMETER    0  IS UNDEFINED. IGNORED.
 **********
 **   62 **FIX            1
 **********
 **********
 **   63 **FIX            2
 **********
 PARAMETER    2  IS CONSTANT.   IGNORED.
 **********
 **   64 **FIX            3
 **********
 **********
 **   65 **FIX            4
 **********
 **********
 **   66 **FIX            5
 **********
 PARAMETER    5  IS CONSTANT.   IGNORED.
 **********
 **   67 **FIX            6
 **********
 **********
 **   68 **FIX            7
 **********
 **********
 **   69 **FIX            8
 **********
 **********
 **   70 **FIX            9
 **********
 PARAMETER    9  IS CONSTANT.   IGNORED.
 **********
 **   71 **FIX           13
 **********
 PARAMETER   13  IS CONSTANT.   IGNORED.
 **********
 **   72 **FIX           14
 **********
 **********
 **   73 **FIX           15
 **********
 PARAMETER   15  IS CONSTANT.   IGNORED.
 **********
 **   74 **FIX           16
 **********
 PARAMETER   16  IS CONSTANT.   IGNORED.
 **********
 **   75 **MIGRAD
 **********
 START MIGRAD MINIMIZATION.  STRATEGY  1.  CONVERGENCE WHEN EDM .LT. 1.00e-04
 FCN=1128.51 FROM MIGRAD    STATUS=INITIATE        8 CALLS        1515 TOTAL
                     EDM= unknown      STRATEGY= 1      NO ERROR MATRIX       
  EXT PARAMETER               CURRENT GUESS       STEP         FIRST   
  NO.   NAME      VALUE            ERROR          SIZE      DERIVATIVE 
   1  N0           3.07574e+06     fixed    
   2  tau          6.44069e+01   constant   
   3  A0           3.65045e-01     fixed    
   4  phi          4.11943e+00     fixed    
   5  R           -6.10412e+01   constant   
   6  A_CBO       -1.32061e-03     fixed    
   7  w_CBO        2.32734e+00     fixed    
   8  phi_CBO      1.26901e+00     fixed    
   9  ANx2         1.88981e-04   constant   
  10  pNx2         1.59299e+00   constant   
  11  ANy1         0.00000e+00   constant   
  12  pNy1         0.00000e+00   constant   
  13  w_y          0.00000e+00   constant   
  14  ANy2         8.24248e-04     fixed    
  15  pNy2         4.84726e+00   constant   
  16  w_vw         1.43184e+01   constant   
  17  LM           1.57605e-04   constant   
  18  wCBO_expCoeff   2.00000e+02   7.99036e-05  -1.07623e-06  -1.76786e+05
  19  wCBO_expOffset   2.00000e+02   1.89571e-05  -2.49649e-07   2.20806e+05
  20  wCBO_expT    3.00000e+01   4.12798e-06  -5.42586e-08   1.41285e+06
  21  wCBO_linCoeff   0.00000e+00   constant   
  22  wCBO_const   5.06019e-03   5.32790e-03   7.07942e-05  -9.13655e+03
 MIGRAD FAILS TO FIND IMPROVEMENT
 FCN=1128.51 FROM HESSE     STATUS=NOT POSDEF     29 CALLS        1555 TOTAL
                     EDM=2005.72    STRATEGY= 1      ERR MATRIX NOT POS-DEF
  EXT PARAMETER                APPROXIMATE        STEP         FIRST   
  NO.   NAME      VALUE            ERROR          SIZE      DERIVATIVE 
   1  N0           3.07574e+06     fixed    
   2  tau          6.44069e+01   constant   
   3  A0           3.65045e-01     fixed    
   4  phi          4.11943e+00     fixed    
   5  R           -6.10412e+01   constant   
   6  A_CBO       -1.32061e-03     fixed    
   7  w_CBO        2.32734e+00     fixed    
   8  phi_CBO      1.26901e+00     fixed    
   9  ANx2         1.88981e-04   constant   
  10  pNx2         1.59299e+00   constant   
  11  ANy1         0.00000e+00   constant   
  12  pNy1         0.00000e+00   constant   
  13  w_y          0.00000e+00   constant   
  14  ANy2         8.24248e-04     fixed    
  15  pNy2         4.84726e+00   constant   
  16  w_vw         1.43184e+01   constant   
  17  LM           1.57605e-04   constant   
  18  wCBO_expCoeff   2.00000e+02   2.20949e-04   9.53674e-05  -2.51251e+05
  19  wCBO_expOffset   2.00000e+02   7.39657e-05   9.53675e-05  -1.44064e+06
  20  wCBO_expT    3.00000e+01   6.43241e-06   1.43051e-05   1.48962e+06
  21  wCBO_linCoeff   0.00000e+00   constant   
  22  wCBO_const   5.06019e-03   6.95173e-03   9.66657e-06  -9.13657e+03
 MIGRAD FAILS TO FIND IMPROVEMENT
 MIGRAD TERMINATED WITHOUT CONVERGENCE.
 FCN=1124.01 FROM MIGRAD    STATUS=FAILED         84 CALLS        1591 TOTAL
                     EDM=100.575    STRATEGY= 1      ERR MATRIX NOT POS-DEF
  EXT PARAMETER                APPROXIMATE        STEP         FIRST   
  NO.   NAME      VALUE            ERROR          SIZE      DERIVATIVE 
   1  N0           3.07574e+06     fixed    
   2  tau          6.44069e+01   constant   
   3  A0           3.65045e-01     fixed    
   4  phi          4.11943e+00     fixed    
   5  R           -6.10412e+01   constant   
   6  A_CBO       -1.32061e-03     fixed    
   7  w_CBO        2.32734e+00     fixed    
   8  phi_CBO      1.26901e+00     fixed    
   9  ANx2         1.88981e-04   constant   
  10  pNx2         1.59299e+00   constant   
  11  ANy1         0.00000e+00   constant   
  12  pNy1         0.00000e+00   constant   
  13  w_y          0.00000e+00   constant   
  14  ANy2         8.24248e-04     fixed    
  15  pNy2         4.84726e+00   constant   
  16  w_vw         1.43184e+01   constant   
  17  LM           1.57605e-04   constant   
  18  wCBO_expCoeff   2.00000e+02   4.26766e-05  -0.00000e+00   1.81150e+05
  19  wCBO_expOffset   2.00000e+02   2.52126e-06   0.00000e+00  -1.75326e+05
  20  wCBO_expT    3.00000e+01   1.18087e-06  -0.00000e+00   2.38125e+05
  21  wCBO_linCoeff   0.00000e+00   constant   
  22  wCBO_const   6.15483e-03   1.60330e-03   0.00000e+00   1.85280e+03
 EXTERNAL ERROR MATRIX.    NDIM=  25    NPAR=  4    ERR DEF=1
  1.821e-09 -1.805e-11  3.546e-11 -6.744e-08 
 -1.805e-11  6.357e-12 -1.035e-13  6.179e-10 
  3.546e-11 -1.035e-13  1.394e-12 -1.257e-09 
 -6.744e-08  6.179e-10 -1.257e-09  2.571e-06 
ERR MATRIX NOT POS-DEF
 PARAMETER  CORRELATION COEFFICIENTS  
       NO.  GLOBAL     18     19     20     22
       18  0.98811   1.000 -0.168  0.704 -0.986
       19  0.23054  -0.168  1.000 -0.035  0.153
       20  0.73145   0.704 -0.035  1.000 -0.664
       22  0.98669  -0.986  0.153 -0.664  1.000
 ERR MATRIX NOT POS-DEF
MINUIT - FIT ONLY 2-y
 **********
 **   76 **RES 
 **********
                   PARAMETER   14  ANy2 RESTORED TO VARIABLE.
                   PARAMETER    8  phi_CBO RESTORED TO VARIABLE.
                   PARAMETER    7  w_CBO RESTORED TO VARIABLE.
                   PARAMETER    6  A_CBO RESTORED TO VARIABLE.
                   PARAMETER    4  phi RESTORED TO VARIABLE.
                   PARAMETER    3  A0 RESTORED TO VARIABLE.
                   PARAMETER    1  N0 RESTORED TO VARIABLE.
 **********
 **   77 **FIX            0
