 + ++++++++++++++++++++++++++++++++++++++++++++++++++++++++++++++++++++ +
 +                                                                      +
 +           You have chose to blind your fitting according to          +
 +                omega_ref * (1 + (R +/- deltaR) *10^{-6})             +
 +                                                                      +
 + ++++++++++++++++++++++++++++++++++++++++++++++++++++++++++++++++++++ +
In main()...
reading format from /gm2data/zkhechad/run45/envelope/formats/formatB_sBin_constraintOn.txt
pBinTau 	= 0  
pBinPhi 	= 0  
constraintau 	= 1 
includeMopTerm 	= 0    
constrainMop    = 0   
Parameters after format file: pBinTau 0 pBinPhi 0 constraintau 1 includeMopTerm 0 constrainMop 0 c_e_scale 0.000000 
reading cbo reference file (full fit) from /gm2data/zkhechad/cboTemplates/Run4CBOTemplates/fullFits/run4/sBin_constraintOn_cE0.0_seed0_run4_calo15.root
A_CBO 0.008274 w_CBO 2.326361 phi_CBO 0.928510 N0 2995032.431773 R -60.169268 tau 64.399261 
Reading cboRef file /gm2data/zkhechad/cboTemplates/Run4CBOTemplates//cboIsolate/run4_calo15.root
deltaT 164.120000
windowBins = 1100
fitting sliding window 1300 from bin 1503 at 224.247600 to bin 2603 at 388.367600 (1100 bins)

Reading data from /gm2data/cornell/histograms/aMethod/histogram_a_run4.root
fitting cbo isolate
 **********
 **    1 **SET PRINTOUT            1
 **********
 **********
 **    2 **SET NOWARNINGS 
 **********
 PARAMETER DEFINITIONS:
    NO.   NAME         VALUE      STEP SIZE      LIMITS
     1 A_CBO        8.27396e-03  1.00000e-05     no limits
     2 w_CBO        2.32636e+00  1.00000e-02    2.00000e+00  3.00000e+00
     3 phi_CBO      9.28510e-01  1.00000e-02    0.00000e+00  6.28319e+00
 **********
 **    3 **MIGRAD
 **********
 FIRST CALL TO USER FUNCTION AT NEW START POINT, WITH IFLAG=4.
 START MIGRAD MINIMIZATION.  STRATEGY  1.  CONVERGENCE WHEN EDM .LT. 1.00e-04
 FCN=0.0428534 FROM MIGRAD    STATUS=INITIATE       12 CALLS          13 TOTAL
                     EDM= unknown      STRATEGY= 1      NO ERROR MATRIX       
  EXT PARAMETER               CURRENT GUESS       STEP         FIRST   
  NO.   NAME      VALUE            ERROR          SIZE      DERIVATIVE 
   1  A_CBO        8.27396e-03   1.00000e-05   1.00000e-05   6.88130e+00
   2  w_CBO        2.32636e+00   1.00000e-02   2.13296e-02  -1.00480e-01
   3  phi_CBO      9.28510e-01   1.00000e-02   4.48483e-03   2.49318e-03
 MIGRAD MINIMIZATION HAS CONVERGED.
 MIGRAD WILL VERIFY CONVERGENCE AND ERROR MATRIX.
 COVARIANCE MATRIX CALCULATED SUCCESSFULLY
 FCN=0.0213706 FROM HESSE     STATUS=OK             16 CALLS          42 TOTAL
                     EDM=0.000639599    STRATEGY= 1      ERROR MATRIX ACCURATE 
  EXT PARAMETER                                   STEP         FIRST   
  NO.   NAME      VALUE            ERROR          SIZE      DERIVATIVE 
   1  A_CBO        2.03107e-03   5.42054e-02   2.10177e-05  -1.30736e-03
   2  w_CBO        2.32650e+00   8.01144e-01   7.48140e-05   3.44298e-02
   3  phi_CBO      8.69424e-01   3.54552e+00   4.81983e-03  -3.30097e-04
 MIGRAD MINIMIZATION HAS CONVERGED.
 FCN=0.0213334 FROM MIGRAD    STATUS=CONVERGED      54 CALLS          55 TOTAL
                     EDM=4.24413e-06    STRATEGY= 1  ERROR MATRIX UNCERTAINTY 100.0 per cent
  EXT PARAMETER                                   STEP         FIRST   
  NO.   NAME      VALUE            ERROR          SIZE      DERIVATIVE 
   1  A_CBO        2.06411e-03   4.26757e-02   3.30394e-05   1.66081e-02
   2  w_CBO        2.32474e+00   3.64060e-01  -3.75038e-03  -1.25905e-02
   3  phi_CBO      4.18110e-01   3.57950e+00  -2.40470e-01   2.12295e-04
 EXTERNAL ERROR MATRIX.    NDIM=  25    NPAR=  3    ERR DEF=1
  1.821e-03 -1.797e-03 -4.244e-01 
 -1.797e-03  1.739e-01  4.037e+01 
 -4.244e-01  4.037e+01  9.552e+03 
 PARAMETER  CORRELATION COEFFICIENTS  
       NO.  GLOBAL      1      2      3
        1  0.10177   1.000 -0.101 -0.102
        2  0.99053  -0.101  1.000  0.991
        3  0.99054  -0.102  0.991  1.000
setting A_CBO=0.002064 w_CBO=2.324739, phi_CBO=0.418110
done fitting cbo isolate
 **********
 **    1 **SET PRINTOUT            1
 **********
 **********
 **    2 **SET NOWARNINGS 
 **********
 PARAMETER DEFINITIONS:
    NO.   NAME         VALUE      STEP SIZE      LIMITS
     1 N0           2.99503e+06  1.00000e+02     no limits
     2 tau          6.43993e+01  constant
     3 A0           3.54065e-01  1.00000e-04     no limits
     4 phi          4.11942e+00  1.00000e-02     no limits
     5 R           -6.01693e+01  constant
     6 A_CBO        2.06411e-03  1.00000e-05     no limits
     7 w_CBO        2.32474e+00  1.00000e-03     no limits
     8 phi_CBO      4.18110e-01  1.00000e-04     no limits
     9 ANx2         6.17909e-04  constant
    10 pNx2         3.86483e+00  constant
    11 ANy1         0.00000e+00  constant
    12 pNy1         0.00000e+00  constant
    13 w_y          0.00000e+00  constant
    14 ANy2         7.96733e-03  1.00000e-04     no limits
    15 pNy2         1.76471e+00  constant
    16 w_vw         1.43097e+01  constant
    17 LM          -1.37296e-04  constant
    18 wCBO_expCoeff   2.00000e+02  1.00000e+00     no limits
    19 wCBO_expOffset   2.00000e+02  1.00000e+00     no limits
    20 wCBO_expT    3.00000e+01  1.00000e+00     no limits
    21 wCBO_linCoeff   0.00000e+00  constant
    22 wCBO_const   0.00000e+00  1.00000e-02     no limits
MINUIT - FIT ONLY WIGGLE
 **********
 **    3 **FIX            5
 **********
 PARAMETER    5  IS CONSTANT.   IGNORED.
 **********
 **    4 **FIX            6
 **********
 **********
 **    5 **FIX            7
 **********
 **********
 **    6 **FIX            8
 **********
 **********
 **    7 **FIX            9
 **********
 PARAMETER    9  IS CONSTANT.   IGNORED.
 **********
 **    8 **FIX           10
 **********
 PARAMETER   10  IS CONSTANT.   IGNORED.
 **********
 **    9 **FIX           11
 **********
 PARAMETER   11  IS CONSTANT.   IGNORED.
 **********
 **   10 **FIX           12
 **********
 PARAMETER   12  IS CONSTANT.   IGNORED.
 **********
 **   11 **FIX           13
 **********
 PARAMETER   13  IS CONSTANT.   IGNORED.
 **********
 **   12 **FIX           14
 **********
 **********
 **   13 **FIX           15
 **********
 PARAMETER   15  IS CONSTANT.   IGNORED.
 **********
 **   14 **FIX           16
 **********
 PARAMETER   16  IS CONSTANT.   IGNORED.
 **********
 **   15 **MIGRAD
 **********
 FIRST CALL TO USER FUNCTION AT NEW START POINT, WITH IFLAG=4.
 START MIGRAD MINIMIZATION.  STRATEGY  1.  CONVERGENCE WHEN EDM .LT. 1.00e-04
 FCN=1306.3 FROM MIGRAD    STATUS=INITIATE       55 CALLS          56 TOTAL
                     EDM= unknown      STRATEGY= 1      NO ERROR MATRIX       
  EXT PARAMETER               CURRENT GUESS       STEP         FIRST   
  NO.   NAME      VALUE            ERROR          SIZE      DERIVATIVE 
   1  N0           2.99503e+06   1.00000e+02   0.00000e+00   1.45459e-03
   2  tau          6.43993e+01   constant   
   3  A0           3.54065e-01   1.00000e-04   0.00000e+00   6.11873e+03
   4  phi          4.11942e+00   1.00000e-02   0.00000e+00  -5.79416e+02
   5  R           -6.01693e+01   constant   
   6  A_CBO        2.06411e-03     fixed    
   7  w_CBO        2.32474e+00     fixed    
   8  phi_CBO      4.18110e-01     fixed    
   9  ANx2         6.17909e-04   constant   
  10  pNx2         3.86483e+00   constant   
  11  ANy1         0.00000e+00   constant   
  12  pNy1         0.00000e+00   constant   
  13  w_y          0.00000e+00   constant   
  14  ANy2         7.96733e-03     fixed    
  15  pNy2         1.76471e+00   constant   
  16  w_vw         1.43097e+01   constant   
  17  LM          -1.37296e-04   constant   
  18  wCBO_expCoeff   2.00000e+02   1.00000e+00   0.00000e+00  -2.15203e+03
  19  wCBO_expOffset   2.00000e+02   1.00000e+00   0.00000e+00  -1.40413e+04
  20  wCBO_expT    3.00015e+01   1.00000e+00   1.49249e-03  -5.49050e+03
  21  wCBO_linCoeff   0.00000e+00   constant   
  22  wCBO_const   0.00000e+00   1.00000e-02   0.00000e+00   4.69921e+03
 MIGRAD MINIMIZATION HAS CONVERGED.
 FCN=1278.96 FROM MIGRAD    STATUS=CONVERGED     223 CALLS         224 TOTAL
                     EDM=2.5498e-06    STRATEGY= 1  ERROR MATRIX UNCERTAINTY   0.6 per cent
  EXT PARAMETER                                   STEP         FIRST   
  NO.   NAME      VALUE            ERROR          SIZE      DERIVATIVE 
   1  N0           2.99505e+06   5.88594e+02  -1.57422e+00   3.32220e-06
   2  tau          6.43993e+01   constant   
   3  A0           3.53970e-01   2.61835e-04  -1.58573e-07   2.52510e+00
   4  phi          4.11948e+00   7.57330e-04  -2.48739e-07  -1.00460e-02
   5  R           -6.01693e+01   constant   
   6  A_CBO        2.06411e-03     fixed    
   7  w_CBO        2.32474e+00     fixed    
   8  phi_CBO      4.18110e-01     fixed    
   9  ANx2         6.17909e-04   constant   
  10  pNx2         3.86483e+00   constant   
  11  ANy1         0.00000e+00   constant   
  12  pNy1         0.00000e+00   constant   
  13  w_y          0.00000e+00   constant   
  14  ANy2         7.96733e-03     fixed    
  15  pNy2         1.76471e+00   constant   
  16  w_vw         1.43097e+01   constant   
  17  LM          -1.37296e-04   constant   
  18  wCBO_expCoeff   2.00011e+02   3.51136e-03   1.37961e-05   1.13685e+00
  19  wCBO_expOffset   2.00002e+02   4.99558e-04   2.00944e-06   2.30949e+00
  20  wCBO_expT    2.99998e+01   1.11458e-03  -4.49760e-06   8.10418e+00
  21  wCBO_linCoeff   0.00000e+00   constant   
  22  wCBO_const  -3.23475e-03   6.26034e-04   5.56076e-07   4.49732e+00
 EXTERNAL ERROR MATRIX.    NDIM=  25    NPAR=  7    ERR DEF=1
  3.464e+05  3.761e-03 -6.776e-03  3.856e-01  4.805e-02 -1.199e-01  3.073e-02 
  3.761e-03  6.856e-08 -2.316e-09  9.825e-08  1.305e-08 -2.890e-08  4.141e-09 
 -6.776e-03 -2.316e-09  5.735e-07 -2.053e-07 -2.889e-08  6.560e-08 -3.248e-09 
  3.856e-01  9.825e-08 -2.053e-07  1.233e-05  1.369e-06 -3.590e-06  1.093e-06 
  4.805e-02  1.305e-08 -2.889e-08  1.369e-06  2.496e-07 -5.039e-07  1.477e-07 
 -1.199e-01 -2.890e-08  6.560e-08 -3.590e-06 -5.039e-07  1.242e-06 -4.764e-07 
  3.073e-02  4.141e-09 -3.248e-09  1.093e-06  1.477e-07 -4.764e-07  3.919e-07 
 PARAMETER  CORRELATION COEFFICIENTS  
       NO.  GLOBAL      1      3      4     18     19     20     22
        1  0.19456   1.000  0.024 -0.015  0.187  0.163 -0.183  0.083
        3  0.11623   0.024  1.000 -0.012  0.107  0.100 -0.099  0.025
        4  0.10705  -0.015 -0.012  1.000 -0.077 -0.076  0.078 -0.007
       18  0.96093   0.187  0.107 -0.077  1.000  0.781 -0.917  0.497
       19  0.95659   0.163  0.100 -0.076  0.781  1.000 -0.905  0.472
       20  0.98992  -0.183 -0.099  0.078 -0.917 -0.905  1.000 -0.683
       22  0.88402   0.083  0.025 -0.007  0.497  0.472 -0.683  1.000
MINUIT - FIT ONLY 1-CBO + other amplitudes 
 **********
 **   16 **RES 
 **********
                   PARAMETER   14  ANy2 RESTORED TO VARIABLE.
                   PARAMETER    8  phi_CBO RESTORED TO VARIABLE.
                   PARAMETER    7  w_CBO RESTORED TO VARIABLE.
                   PARAMETER    6  A_CBO RESTORED TO VARIABLE.
 **********
 **   17 **FIX            0
 **********
 PARAMETER    0  IS UNDEFINED. IGNORED.
 **********
 **   18 **FIX            1
 **********
 **********
 **   19 **FIX            2
 **********
 PARAMETER    2  IS CONSTANT.   IGNORED.
 **********
 **   20 **FIX            3
 **********
 **********
 **   21 **FIX            4
 **********
 **********
 **   22 **FIX            9
 **********
 PARAMETER    9  IS CONSTANT.   IGNORED.
 **********
 **   23 **FIX           11
 **********
 PARAMETER   11  IS CONSTANT.   IGNORED.
 **********
 **   24 **FIX           12
 **********
 PARAMETER   12  IS CONSTANT.   IGNORED.
 **********
 **   25 **FIX           14
 **********
 **********
 **   26 **FIX           15
 **********
 PARAMETER   15  IS CONSTANT.   IGNORED.
 **********
 **   27 **FIX           16
 **********
 PARAMETER   16  IS CONSTANT.   IGNORED.
 **********
 **   28 **MIGRAD
 **********
 START MIGRAD MINIMIZATION.  STRATEGY  1.  CONVERGENCE WHEN EDM .LT. 1.00e-04
 FCN=1278.96 FROM MIGRAD    STATUS=INITIATE       22 CALLS         246 TOTAL
                     EDM= unknown      STRATEGY= 1      NO ERROR MATRIX       
  EXT PARAMETER               CURRENT GUESS       STEP         FIRST   
  NO.   NAME      VALUE            ERROR          SIZE      DERIVATIVE 
   1  N0           2.99505e+06     fixed    
   2  tau          6.43993e+01   constant   
   3  A0           3.53970e-01     fixed    
   4  phi          4.11948e+00     fixed    
   5  R           -6.01693e+01   constant   
   6  A_CBO        2.06411e-03   1.00000e-05   1.00000e-05   4.17232e+04
   7  w_CBO        2.32474e+00   1.00000e-03   1.00000e-03   1.00051e+02
   8  phi_CBO      4.18110e-01   1.00000e-04   1.00000e-04  -2.40679e+00
   9  ANx2         6.17909e-04   constant   
  10  pNx2         3.86483e+00   constant   
  11  ANy1         0.00000e+00   constant   
  12  pNy1         0.00000e+00   constant   
  13  w_y          0.00000e+00   constant   
  14  ANy2         7.96733e-03     fixed    
  15  pNy2         1.76471e+00   constant   
  16  w_vw         1.43097e+01   constant   
  17  LM          -1.37296e-04   constant   
  18  wCBO_expCoeff   2.00011e+02   3.51136e-03   1.37961e-05   1.13685e+00
  19  wCBO_expOffset   2.00002e+02   4.99558e-04   2.00944e-06   2.30949e+00
  20  wCBO_expT    2.99998e+01   1.11458e-03  -4.49760e-06   8.10418e+00
  21  wCBO_linCoeff   0.00000e+00   constant   
  22  wCBO_const  -3.23475e-03   6.26034e-04   5.56076e-07   4.49732e+00
 MIGRAD FAILS TO FIND IMPROVEMENT
 MIGRAD MINIMIZATION HAS CONVERGED.
 FCN=1244.69 FROM MIGRAD    STATUS=CONVERGED     270 CALLS         494 TOTAL
                     EDM=1.77317e-05    STRATEGY= 1  ERROR MATRIX UNCERTAINTY   1.3 per cent
  EXT PARAMETER                                   STEP         FIRST   
  NO.   NAME      VALUE            ERROR          SIZE      DERIVATIVE 
   1  N0           2.99505e+06     fixed    
   2  tau          6.43993e+01   constant   
   3  A0           3.53970e-01     fixed    
   4  phi          4.11948e+00     fixed    
   5  R           -6.01693e+01   constant   
   6  A_CBO        3.78482e-04   3.08155e-04  -0.00000e+00   8.77233e+00
   7  w_CBO        2.32476e+00   2.37709e-05   0.00000e+00   1.99344e+01
   8  phi_CBO      7.42909e-02   8.92383e-01   0.00000e+00  -3.44694e-03
   9  ANx2         6.17909e-04   constant   
  10  pNx2         3.86483e+00   constant   
  11  ANy1         0.00000e+00   constant   
  12  pNy1         0.00000e+00   constant   
  13  w_y          0.00000e+00   constant   
  14  ANy2         7.96733e-03     fixed    
  15  pNy2         1.76471e+00   constant   
  16  w_vw         1.43097e+01   constant   
  17  LM          -1.37296e-04   constant   
  18  wCBO_expCoeff   2.00013e+02   2.06059e-03   0.00000e+00   2.19751e-01
  19  wCBO_expOffset   2.00002e+02   4.74654e-04   0.00000e+00  -1.82698e+01
  20  wCBO_expT    2.99992e+01   1.38862e-03  -0.00000e+00   1.28536e+00
  21  wCBO_linCoeff   0.00000e+00   constant   
  22  wCBO_const  -3.89048e-03   1.66456e-03   0.00000e+00   2.37662e+00
 EXTERNAL ERROR MATRIX.    NDIM=  25    NPAR=  7    ERR DEF=1
  9.496e-08 -4.793e-11  5.010e-05 -1.768e-08 -1.995e-09 -8.562e-08  1.985e-07 
 -4.793e-11  5.651e-10 -3.197e-06  3.551e-08  9.006e-09 -2.526e-08  1.318e-08 
  5.010e-05 -3.197e-06  7.963e-01 -3.245e-04 -2.172e-05 -1.214e-04  6.145e-04 
 -1.768e-08  3.551e-08 -3.245e-04  4.246e-06  7.728e-07 -2.112e-06  9.847e-07 
 -1.995e-09  9.006e-09 -2.172e-05  7.728e-07  2.253e-07 -5.684e-07  3.575e-07 
 -8.562e-08 -2.526e-08 -1.214e-04 -2.112e-06 -5.684e-07  1.928e-06 -1.817e-06 
  1.985e-07  1.318e-08  6.145e-04  9.847e-07  3.575e-07 -1.817e-06  2.771e-06 
 PARAMETER  CORRELATION COEFFICIENTS  
       NO.  GLOBAL      6      7      8     18     19     20     22
        6  0.44693   1.000 -0.007  0.182 -0.028 -0.014 -0.200  0.387
        7  0.88787  -0.007  1.000 -0.151  0.725  0.798 -0.765  0.333
        8  0.58545   0.182 -0.151  1.000 -0.176 -0.051 -0.098  0.414
       18  0.88548  -0.028  0.725 -0.176  1.000  0.790 -0.738  0.287
       19  0.94316  -0.014  0.798 -0.051  0.790  1.000 -0.862  0.452
       20  0.98948  -0.200 -0.765 -0.098 -0.738 -0.862  1.000 -0.786
       22  0.96856   0.387  0.333  0.414  0.287  0.452 -0.786  1.000
MINUIT - FIT ONLY 1-CBO
 **********
 **   29 **RES 
 **********
                   PARAMETER   14  ANy2 RESTORED TO VARIABLE.
                   PARAMETER    4  phi RESTORED TO VARIABLE.
                   PARAMETER    3  A0 RESTORED TO VARIABLE.
                   PARAMETER    1  N0 RESTORED TO VARIABLE.
 **********
 **   30 **FIX            0
 **********
 PARAMETER    0  IS UNDEFINED. IGNORED.
 **********
 **   31 **FIX            1
 **********
 **********
 **   32 **FIX            2
 **********
 PARAMETER    2  IS CONSTANT.   IGNORED.
 **********
 **   33 **FIX            3
 **********
 **********
 **   34 **FIX            4
 **********
 **********
 **   35 **FIX            8
 **********
 **********
 **   36 **FIX            9
 **********
 PARAMETER    9  IS CONSTANT.   IGNORED.
 **********
 **   37 **FIX           11
 **********
 PARAMETER   11  IS CONSTANT.   IGNORED.
 **********
 **   38 **FIX           12
 **********
 PARAMETER   12  IS CONSTANT.   IGNORED.
 **********
 **   39 **FIX           13
 **********
 PARAMETER   13  IS CONSTANT.   IGNORED.
 **********
 **   40 **FIX           15
 **********
 PARAMETER   15  IS CONSTANT.   IGNORED.
 **********
 **   41 **FIX           16
 **********
 PARAMETER   16  IS CONSTANT.   IGNORED.
 **********
 **   42 **MIGRAD
 **********
 START MIGRAD MINIMIZATION.  STRATEGY  1.  CONVERGENCE WHEN EDM .LT. 1.00e-04
 FCN=1244.69 FROM MIGRAD    STATUS=INITIATE       16 CALLS         510 TOTAL
                     EDM= unknown      STRATEGY= 1      NO ERROR MATRIX       
  EXT PARAMETER               CURRENT GUESS       STEP         FIRST   
  NO.   NAME      VALUE            ERROR          SIZE      DERIVATIVE 
   1  N0           2.99505e+06     fixed    
   2  tau          6.43993e+01   constant   
   3  A0           3.53970e-01     fixed    
   4  phi          4.11948e+00     fixed    
   5  R           -6.01693e+01   constant   
   6  A_CBO        3.78482e-04   3.08155e-04  -0.00000e+00   8.77233e+00
   7  w_CBO        2.32476e+00   2.37709e-05   0.00000e+00   1.99344e+01
   8  phi_CBO      7.42909e-02     fixed    
   9  ANx2         6.17909e-04   constant   
  10  pNx2         3.86483e+00   constant   
  11  ANy1         0.00000e+00   constant   
  12  pNy1         0.00000e+00   constant   
  13  w_y          0.00000e+00   constant   
  14  ANy2         7.96733e-03   1.00000e-04   1.00000e-04   2.13144e+05
  15  pNy2         1.76471e+00   constant   
  16  w_vw         1.43097e+01   constant   
  17  LM          -1.37296e-04   constant   
  18  wCBO_expCoeff   2.00013e+02   2.06059e-03   0.00000e+00   2.19751e-01
  19  wCBO_expOffset   2.00002e+02   4.74654e-04   0.00000e+00  -1.82698e+01
  20  wCBO_expT    2.99992e+01   1.38862e-03  -0.00000e+00   1.28536e+00
  21  wCBO_linCoeff   0.00000e+00   constant   
  22  wCBO_const  -3.89048e-03   1.66456e-03   0.00000e+00   2.37662e+00
 MIGRAD FAILS TO FIND IMPROVEMENT
 COVARIANCE MATRIX CALCULATED SUCCESSFULLY
 FCN=391.107 FROM HESSE     STATUS=OK             52 CALLS         814 TOTAL
                     EDM=2.75546e-05    STRATEGY= 1      ERROR MATRIX ACCURATE 
  EXT PARAMETER                                   STEP         FIRST   
  NO.   NAME      VALUE            ERROR          SIZE      DERIVATIVE 
   1  N0           2.99505e+06     fixed    
   2  tau          6.43993e+01   constant   
   3  A0           3.53970e-01     fixed    
   4  phi          4.11948e+00     fixed    
   5  R           -6.01693e+01   constant   
   6  A_CBO       -2.35918e-04   2.79284e-04   2.63805e-06  -1.05765e+00
   7  w_CBO        2.32473e+00   1.37376e-04   1.10852e-06   3.46293e+02
   8  phi_CBO      7.42909e-02     fixed    
   9  ANx2         6.17909e-04   constant   
  10  pNx2         3.86483e+00   constant   
  11  ANy1         0.00000e+00   constant   
  12  pNy1         0.00000e+00   constant   
  13  w_y          0.00000e+00   constant   
  14  ANy2        -1.33362e-05   2.73565e-04   2.63752e-06  -4.08827e+00
  15  pNy2         1.76471e+00   constant   
  16  w_vw         1.43097e+01   constant   
  17  LM          -1.37296e-04   constant   
  18  wCBO_expCoeff   2.00010e+02   1.18752e-02   9.53722e-05   4.00851e+00
  19  wCBO_expOffset   2.00002e+02   8.64108e-04   9.53682e-05   2.65625e+01
  20  wCBO_expT    3.00018e+01   1.76391e-03   1.43060e-05   1.90976e+01
  21  wCBO_linCoeff   0.00000e+00   constant   
  22  wCBO_const  -6.74358e-03   1.87879e-03   3.73975e-06   3.54301e+00
 MIGRAD FAILS TO FIND IMPROVEMENT
 MIGRAD TERMINATED WITHOUT CONVERGENCE.
 FCN=391.107 FROM MIGRAD    STATUS=FAILED        417 CALLS         911 TOTAL
                     EDM=0.00022689    STRATEGY= 1  ERROR MATRIX UNCERTAINTY   1.7 per cent
  EXT PARAMETER                APPROXIMATE        STEP         FIRST   
  NO.   NAME      VALUE            ERROR          SIZE      DERIVATIVE 
   1  N0           2.99505e+06     fixed    
   2  tau          6.43993e+01   constant   
   3  A0           3.53970e-01     fixed    
   4  phi          4.11948e+00     fixed    
   5  R           -6.01693e+01   constant   
   6  A_CBO       -2.35739e-04   2.78760e-04   0.00000e+00  -3.21232e-01
   7  w_CBO        2.32473e+00   1.46106e-04  -0.00000e+00  -2.58574e+01
   8  phi_CBO      7.42909e-02     fixed    
   9  ANx2         6.17909e-04   constant   
  10  pNx2         3.86483e+00   constant   
  11  ANy1         0.00000e+00   constant   
  12  pNy1         0.00000e+00   constant   
  13  w_y          0.00000e+00   constant   
  14  ANy2        -1.31464e-05   2.73571e-04   0.00000e+00   1.41952e-01
  15  pNy2         1.76471e+00   constant   
  16  w_vw         1.43097e+01   constant   
  17  LM          -1.37296e-04   constant   
  18  wCBO_expCoeff   2.00010e+02   1.27063e-02  -0.00000e+00  -2.93607e-01
  19  wCBO_expOffset   2.00002e+02   9.51501e-04   0.00000e+00  -3.72352e+01
  20  wCBO_expT    3.00018e+01   1.77613e-03   0.00000e+00  -2.59519e+00
  21  wCBO_linCoeff   0.00000e+00   constant   
  22  wCBO_const  -6.74310e-03   1.84220e-03   0.00000e+00  -4.96034e-01
 EXTERNAL ERROR MATRIX.    NDIM=  25    NPAR=  7    ERR DEF=1
  7.771e-08 -9.720e-10  3.859e-09 -9.177e-08  4.062e-08 -3.944e-08  3.683e-08 
 -9.720e-10  2.135e-08 -1.889e-09 -9.547e-07 -5.367e-08 -8.644e-08  4.766e-08 
  3.859e-09 -1.889e-09  7.484e-08 -1.717e-07  3.347e-08  2.500e-08 -2.726e-08 
 -9.177e-08 -9.547e-07 -1.717e-07  1.615e-04 -4.845e-06 -7.712e-06  5.425e-06 
  4.062e-08 -5.367e-08  3.347e-08 -4.845e-06  9.054e-07  1.972e-07  2.941e-07 
 -3.944e-08 -8.644e-08  2.500e-08 -7.712e-06  1.972e-07  3.155e-06 -3.017e-06 
  3.683e-08  4.766e-08 -2.726e-08  5.425e-06  2.941e-07 -3.017e-06  3.394e-06 
ERR MATRIX APPROXIMATE
 PARAMETER  CORRELATION COEFFICIENTS  
       NO.  GLOBAL      6      7     14     18     19     20     22
        6  0.25675   1.000 -0.024  0.051 -0.026  0.153 -0.080  0.072
        7  0.99796  -0.024  1.000 -0.047 -0.514 -0.386 -0.333  0.177
       14  0.33152   0.051 -0.047  1.000 -0.049  0.129  0.051 -0.054
       18  0.99798  -0.026 -0.514 -0.049  1.000 -0.401 -0.342  0.232
       19  0.99549   0.153 -0.386  0.129 -0.401  1.000  0.117  0.168
       20  0.99697  -0.080 -0.333  0.051 -0.342  0.117  1.000 -0.922
       22  0.97938   0.072  0.177 -0.054  0.232  0.168 -0.922  1.000
 ERR MATRIX APPROXIMATE
MINUIT - FIT ONLY 2-CBO
 **********
 **   43 **RES 
 **********
                   PARAMETER    8  phi_CBO RESTORED TO VARIABLE.
                   PARAMETER    4  phi RESTORED TO VARIABLE.
                   PARAMETER    3  A0 RESTORED TO VARIABLE.
                   PARAMETER    1  N0 RESTORED TO VARIABLE.
 **********
 **   44 **FIX            0
 **********
 PARAMETER    0  IS UNDEFINED. IGNORED.
 **********
 **   45 **FIX            1
 **********
 **********
 **   46 **FIX            2
 **********
 PARAMETER    2  IS CONSTANT.   IGNORED.
 **********
 **   47 **FIX            3
 **********
 **********
 **   48 **FIX            4
 **********
 **********
 **   49 **FIX            5
 **********
 PARAMETER    5  IS CONSTANT.   IGNORED.
 **********
 **   50 **FIX            6
 **********
 **********
 **   51 **FIX            7
 **********
 **********
 **   52 **FIX           10
 **********
 PARAMETER   10  IS CONSTANT.   IGNORED.
 **********
 **   53 **FIX           11
 **********
 PARAMETER   11  IS CONSTANT.   IGNORED.
 **********
 **   54 **FIX           12
 **********
 PARAMETER   12  IS CONSTANT.   IGNORED.
 **********
 **   55 **FIX           13
 **********
 PARAMETER   13  IS CONSTANT.   IGNORED.
 **********
 **   56 **FIX           14
 **********
 **********
 **   57 **FIX           15
 **********
 PARAMETER   15  IS CONSTANT.   IGNORED.
 **********
 **   58 **FIX           16
 **********
 PARAMETER   16  IS CONSTANT.   IGNORED.
 **********
 **   59 **MIGRAD
 **********
 START MIGRAD MINIMIZATION.  STRATEGY  1.  CONVERGENCE WHEN EDM .LT. 1.00e-04
 FCN=391.107 FROM MIGRAD    STATUS=INITIATE       12 CALLS         923 TOTAL
                     EDM= unknown      STRATEGY= 1      NO ERROR MATRIX       
  EXT PARAMETER               CURRENT GUESS       STEP         FIRST   
  NO.   NAME      VALUE            ERROR          SIZE      DERIVATIVE 
   1  N0           2.99505e+06     fixed    
   2  tau          6.43993e+01   constant   
   3  A0           3.53970e-01     fixed    
   4  phi          4.11948e+00     fixed    
   5  R           -6.01693e+01   constant   
   6  A_CBO       -2.35739e-04     fixed    
   7  w_CBO        2.32473e+00     fixed    
   8  phi_CBO      7.42909e-02   8.92383e-01   8.92383e-01   1.25599e+00
   9  ANx2         6.17909e-04   constant   
  10  pNx2         3.86483e+00   constant   
  11  ANy1         0.00000e+00   constant   
  12  pNy1         0.00000e+00   constant   
  13  w_y          0.00000e+00   constant   
  14  ANy2        -1.31464e-05     fixed    
  15  pNy2         1.76471e+00   constant   
  16  w_vw         1.43097e+01   constant   
  17  LM          -1.37296e-04   constant   
  18  wCBO_expCoeff   2.00010e+02   1.27063e-02  -0.00000e+00  -2.93607e-01
  19  wCBO_expOffset   2.00002e+02   9.51501e-04   0.00000e+00  -3.72352e+01
  20  wCBO_expT    3.00018e+01   1.77613e-03   0.00000e+00  -2.59519e+00
  21  wCBO_linCoeff   0.00000e+00   constant   
  22  wCBO_const  -6.74310e-03   1.84220e-03   0.00000e+00  -4.96034e-01
 MIGRAD FAILS TO FIND IMPROVEMENT
 COVARIANCE MATRIX CALCULATED SUCCESSFULLY
 FCN=390.625 FROM HESSE     STATUS=OK             35 CALLS        1168 TOTAL
                     EDM=0.000344304    STRATEGY= 1      ERROR MATRIX ACCURATE 
  EXT PARAMETER                                   STEP         FIRST   
  NO.   NAME      VALUE            ERROR          SIZE      DERIVATIVE 
   1  N0           2.99505e+06     fixed    
   2  tau          6.43993e+01   constant   
   3  A0           3.53970e-01     fixed    
   4  phi          4.11948e+00     fixed    
   5  R           -6.01693e+01   constant   
   6  A_CBO       -2.35739e-04     fixed    
   7  w_CBO        2.32473e+00     fixed    
   8  phi_CBO     -6.52989e-01   1.04845e+00   9.91362e-03   2.69989e-02
   9  ANx2         6.17909e-04   constant   
  10  pNx2         3.86483e+00   constant   
  11  ANy1         0.00000e+00   constant   
  12  pNy1         0.00000e+00   constant   
  13  w_y          0.00000e+00   constant   
  14  ANy2        -1.31464e-05     fixed    
  15  pNy2         1.76471e+00   constant   
  16  w_vw         1.43097e+01   constant   
  17  LM          -1.37296e-04   constant   
  18  wCBO_expCoeff   2.00010e+02   8.21634e-03   9.53721e-05   9.03145e-01
  19  wCBO_expOffset   2.00002e+02   8.87263e-04   9.53682e-05   5.69950e+00
  20  wCBO_expT    3.00016e+01   1.64465e-03   1.43059e-05  -9.77463e+00
  21  wCBO_linCoeff   0.00000e+00   constant   
  22  wCBO_const  -6.56792e-03   1.74524e-03   3.66268e-06   1.55676e+00
 MIGRAD FAILS TO FIND IMPROVEMENT
 MIGRAD TERMINATED WITHOUT CONVERGENCE.
 FCN=390.625 FROM MIGRAD    STATUS=FAILED        313 CALLS        1224 TOTAL
                     EDM=0.00163899    STRATEGY= 1  ERROR MATRIX UNCERTAINTY   3.4 per cent
  EXT PARAMETER                APPROXIMATE        STEP         FIRST   
  NO.   NAME      VALUE            ERROR          SIZE      DERIVATIVE 
   1  N0           2.99505e+06     fixed    
   2  tau          6.43993e+01   constant   
   3  A0           3.53970e-01     fixed    
   4  phi          4.11948e+00     fixed    
   5  R           -6.01693e+01   constant   
   6  A_CBO       -2.35739e-04     fixed    
   7  w_CBO        2.32473e+00     fixed    
   8  phi_CBO     -6.70619e-01   1.01156e+00  -0.00000e+00  -6.33942e-03
   9  ANx2         6.17909e-04   constant   
  10  pNx2         3.86483e+00   constant   
  11  ANy1         0.00000e+00   constant   
  12  pNy1         0.00000e+00   constant   
  13  w_y          0.00000e+00   constant   
  14  ANy2        -1.31464e-05     fixed    
  15  pNy2         1.76471e+00   constant   
  16  w_vw         1.43097e+01   constant   
  17  LM          -1.37296e-04   constant   
  18  wCBO_expCoeff   2.00010e+02   2.25091e-02  -0.00000e+00   3.39199e-01
  19  wCBO_expOffset   2.00002e+02   2.52946e-03   0.00000e+00  -2.92276e+01
  20  wCBO_expT    3.00016e+01   1.95634e-03   0.00000e+00  -7.94364e-01
  21  wCBO_linCoeff   0.00000e+00   constant   
  22  wCBO_const  -6.59195e-03   2.05365e-03  -0.00000e+00   1.72103e-01
 EXTERNAL ERROR MATRIX.    NDIM=  25    NPAR=  5    ERR DEF=1
  1.023e+00  1.026e-02 -1.391e-03 -1.141e-04  8.381e-05 
  1.026e-02  5.067e-04 -5.360e-05 -3.771e-05  3.870e-05 
 -1.391e-03 -5.360e-05  6.398e-06  3.235e-06 -3.641e-06 
 -1.141e-04 -3.771e-05  3.235e-06  3.827e-06 -3.796e-06 
  8.381e-05  3.870e-05 -3.641e-06 -3.796e-06  4.217e-06 
ERR MATRIX APPROXIMATE
 PARAMETER  CORRELATION COEFFICIENTS  
       NO.  GLOBAL      8     18     19     20     22
        8  0.93180   1.000  0.451 -0.544 -0.058  0.040
       18  0.99937   0.451  1.000 -0.941 -0.856  0.837
       19  0.99841  -0.544 -0.941  1.000  0.654 -0.701
       20  0.99853  -0.058 -0.856  0.654  1.000 -0.945
       22  0.98954   0.040  0.837 -0.701 -0.945  1.000
 ERR MATRIX APPROXIMATE
MINUIT - FIT ONLY 1-y
 **********
 **   60 **RES 
 **********
                   PARAMETER   14  ANy2 RESTORED TO VARIABLE.
                   PARAMETER    7  w_CBO RESTORED TO VARIABLE.
                   PARAMETER    6  A_CBO RESTORED TO VARIABLE.
                   PARAMETER    4  phi RESTORED TO VARIABLE.
                   PARAMETER    3  A0 RESTORED TO VARIABLE.
                   PARAMETER    1  N0 RESTORED TO VARIABLE.
 **********
 **   61 **FIX            0
 **********
 PARAMETER    0  IS UNDEFINED. IGNORED.
 **********
 **   62 **FIX            1
 **********
 **********
 **   63 **FIX            2
 **********
 PARAMETER    2  IS CONSTANT.   IGNORED.
 **********
 **   64 **FIX            3
 **********
 **********
 **   65 **FIX            4
 **********
 **********
 **   66 **FIX            5
 **********
 PARAMETER    5  IS CONSTANT.   IGNORED.
 **********
 **   67 **FIX            6
 **********
 **********
 **   68 **FIX            7
 **********
 **********
 **   69 **FIX            8
 **********
 **********
 **   70 **FIX            9
 **********
 PARAMETER    9  IS CONSTANT.   IGNORED.
 **********
 **   71 **FIX           13
 **********
 PARAMETER   13  IS CONSTANT.   IGNORED.
 **********
 **   72 **FIX           14
 **********
 **********
 **   73 **FIX           15
 **********
 PARAMETER   15  IS CONSTANT.   IGNORED.
 **********
 **   74 **FIX           16
 **********
 PARAMETER   16  IS CONSTANT.   IGNORED.
 **********
 **   75 **MIGRAD
 **********
 START MIGRAD MINIMIZATION.  STRATEGY  1.  CONVERGENCE WHEN EDM .LT. 1.00e-04
 FCN=390.625 FROM MIGRAD    STATUS=INITIATE        8 CALLS        1232 TOTAL
                     EDM= unknown      STRATEGY= 1      NO ERROR MATRIX       
  EXT PARAMETER               CURRENT GUESS       STEP         FIRST   
  NO.   NAME      VALUE            ERROR          SIZE      DERIVATIVE 
   1  N0           2.99505e+06     fixed    
   2  tau          6.43993e+01   constant   
   3  A0           3.53970e-01     fixed    
   4  phi          4.11948e+00     fixed    
   5  R           -6.01693e+01   constant   
   6  A_CBO       -2.35739e-04     fixed    
   7  w_CBO        2.32473e+00     fixed    
   8  phi_CBO     -6.70619e-01     fixed    
   9  ANx2         6.17909e-04   constant   
  10  pNx2         3.86483e+00   constant   
  11  ANy1         0.00000e+00   constant   
  12  pNy1         0.00000e+00   constant   
  13  w_y          0.00000e+00   constant   
  14  ANy2        -1.31464e-05     fixed    
  15  pNy2         1.76471e+00   constant   
  16  w_vw         1.43097e+01   constant   
  17  LM          -1.37296e-04   constant   
  18  wCBO_expCoeff   2.00010e+02   2.25091e-02  -0.00000e+00   3.39199e-01
  19  wCBO_expOffset   2.00002e+02   2.52946e-03   0.00000e+00  -2.92276e+01
  20  wCBO_expT    3.00016e+01   1.95634e-03   0.00000e+00  -7.94364e-01
  21  wCBO_linCoeff   0.00000e+00   constant   
  22  wCBO_const  -6.59195e-03   2.05365e-03  -0.00000e+00   1.72104e-01
 MIGRAD FAILS TO FIND IMPROVEMENT
 COVARIANCE MATRIX CALCULATED SUCCESSFULLY
 FCN=390.625 FROM HESSE     STATUS=OK             29 CALLS        1265 TOTAL
                     EDM=4.63668e-06    STRATEGY= 1      ERROR MATRIX ACCURATE 
  EXT PARAMETER                                   STEP         FIRST   
  NO.   NAME      VALUE            ERROR          SIZE      DERIVATIVE 
   1  N0           2.99505e+06     fixed    
   2  tau          6.43993e+01   constant   
   3  A0           3.53970e-01     fixed    
   4  phi          4.11948e+00     fixed    
   5  R           -6.01693e+01   constant   
   6  A_CBO       -2.35739e-04     fixed    
   7  w_CBO        2.32473e+00     fixed    
   8  phi_CBO     -6.70619e-01     fixed    
   9  ANx2         6.17909e-04   constant   
  10  pNx2         3.86483e+00   constant   
  11  ANy1         0.00000e+00   constant   
  12  pNy1         0.00000e+00   constant   
  13  w_y          0.00000e+00   constant   
  14  ANy2        -1.31464e-05     fixed    
  15  pNy2         1.76471e+00   constant   
  16  w_vw         1.43097e+01   constant   
  17  LM          -1.37296e-04   constant   
  18  wCBO_expCoeff   2.00010e+02   8.23548e-03   9.53720e-05   4.48352e-01
  19  wCBO_expOffset   2.00002e+02   8.88424e-04   9.53682e-05   2.66969e+00
  20  wCBO_expT    3.00016e+01   1.65310e-03   1.43059e-05  -4.42074e-01
  21  wCBO_linCoeff   0.00000e+00   constant   
  22  wCBO_const  -6.59195e-03   1.75689e-03   3.66080e-06   1.75108e-01
 MIGRAD FAILS TO FIND IMPROVEMENT
 MIGRAD MINIMIZATION HAS CONVERGED.
 MIGRAD WILL VERIFY CONVERGENCE AND ERROR MATRIX.
 COVARIANCE MATRIX CALCULATED SUCCESSFULLY
 FCN=390.625 FROM MIGRAD    STATUS=CONVERGED     102 CALLS        1326 TOTAL
                     EDM=2.61366e-05    STRATEGY= 1      ERROR MATRIX ACCURATE 
  EXT PARAMETER                                   STEP         FIRST   
  NO.   NAME      VALUE            ERROR          SIZE      DERIVATIVE 
   1  N0           2.99505e+06     fixed    
   2  tau          6.43993e+01   constant   
   3  A0           3.53970e-01     fixed    
   4  phi          4.11948e+00     fixed    
   5  R           -6.01693e+01   constant   
   6  A_CBO       -2.35739e-04     fixed    
   7  w_CBO        2.32473e+00     fixed    
   8  phi_CBO     -6.70619e-01     fixed    
   9  ANx2         6.17909e-04   constant   
  10  pNx2         3.86483e+00   constant   
  11  ANy1         0.00000e+00   constant   
  12  pNy1         0.00000e+00   constant   
  13  w_y          0.00000e+00   constant   
  14  ANy2        -1.31464e-05     fixed    
  15  pNy2         1.76471e+00   constant   
  16  w_vw         1.43097e+01   constant   
  17  LM          -1.37296e-04   constant   
  18  wCBO_expCoeff   2.00010e+02   8.24092e-03   9.53720e-05  -1.44393e-01
  19  wCBO_expOffset   2.00002e+02   8.88822e-04   9.53682e-05  -9.08102e+00
  20  wCBO_expT    3.00016e+01   1.65560e-03   1.43059e-05  -8.78626e-01
  21  wCBO_linCoeff   0.00000e+00   constant   
  22  wCBO_const  -6.59658e-03   1.76029e-03   3.66074e-06  -1.03958e-01
 EXTERNAL ERROR MATRIX.    NDIM=  25    NPAR=  4    ERR DEF=1
  6.791e-05 -3.280e-06 -9.400e-06  8.005e-06 
 -3.280e-06  7.900e-07 -3.601e-07  2.885e-07 
 -9.400e-06 -3.601e-07  2.741e-06 -2.688e-06 
  8.005e-06  2.885e-07 -2.688e-06  3.099e-06 
 PARAMETER  CORRELATION COEFFICIENTS  
       NO.  GLOBAL     18     19     20     22
       18  0.98080   1.000 -0.448 -0.689  0.552
       19  0.96238  -0.448  1.000 -0.245  0.184
       20  0.99284  -0.689 -0.245  1.000 -0.922
       22  0.97657   0.552  0.184 -0.922  1.000
MINUIT - FIT ONLY 2-y
 **********
 **   76 **RES 
 **********
                   PARAMETER   14  ANy2 RESTORED TO VARIABLE.
                   PARAMETER    8  phi_CBO RESTORED TO VARIABLE.
                   PARAMETER    7  w_CBO RESTORED TO VARIABLE.
                   PARAMETER    6  A_CBO RESTORED TO VARIABLE.
                   PARAMETER    4  phi RESTORED TO VARIABLE.
                   PARAMETER    3  A0 RESTORED TO VARIABLE.
                   PARAMETER    1  N0 RESTORED TO VARIABLE.
 **********
 **   77 **FIX            0
 **********
 PARAMETER    0  IS UNDEFINED. IGNORED.
 **********
 **   78 **FIX            1
 **********
 **********
 **   79 **FIX            2
 **********
 PARAMETER    2  IS CONSTANT.   IGNORED.
 **********
 **   80 **FIX            3
 **********
 **********
 **   81 **FIX            4
 **********
 **********
 **   82 **FIX            5
 **********
 PARAMETER    5  IS CONSTANT.   IGNORED.
 **********
 **   83 **FIX            6
 **********
 **********
 **   84 **FIX            7
 **********
 **********
 **   85 **FIX            8
 **********
 **********
 **   86 **FIX            9
 **********
 PARAMETER    9  IS CONSTANT.   IGNORED.
 **********
 **   87 **FIX           10
 **********
 PARAMETER   10  IS CONSTANT.   IGNORED.
 **********
 **   88 **FIX           11
 **********
 PARAMETER   11  IS CONSTANT.   IGNORED.
 **********
 **   89 **FIX           12
 **********
 PARAMETER   12  IS CONSTANT.   IGNORED.
 **********
 **   90 **FIX           16
 **********
 PARAMETER   16  IS CONSTANT.   IGNORED.
 **********
 **   91 **MIGRAD
 **********
 START MIGRAD MINIMIZATION.  STRATEGY  1.  CONVERGENCE WHEN EDM .LT. 1.00e-04
 FCN=390.625 FROM MIGRAD    STATUS=INITIATE       10 CALLS        1336 TOTAL
                     EDM= unknown      STRATEGY= 1      NO ERROR MATRIX       
  EXT PARAMETER               CURRENT GUESS       STEP         FIRST   
  NO.   NAME      VALUE            ERROR          SIZE      DERIVATIVE 
   1  N0           2.99505e+06     fixed    
   2  tau          6.43993e+01   constant   
   3  A0           3.53970e-01     fixed    
   4  phi          4.11948e+00     fixed    
   5  R           -6.01693e+01   constant   
   6  A_CBO       -2.35739e-04     fixed    
   7  w_CBO        2.32473e+00     fixed    
   8  phi_CBO     -6.70619e-01     fixed    
   9  ANx2         6.17909e-04   constant   
  10  pNx2         3.86483e+00   constant   
  11  ANy1         0.00000e+00   constant   
  12  pNy1         0.00000e+00   constant   
  13  w_y          0.00000e+00   constant   
  14  ANy2        -1.31464e-05   2.73571e-04   2.73571e-04  -6.91024e+00
  15  pNy2         1.76471e+00   constant   
  16  w_vw         1.43097e+01   constant   
  17  LM          -1.37296e-04   constant   
  18  wCBO_expCoeff   2.00010e+02   8.24092e-03   9.53720e-05  -2.53363e-01
