 + ++++++++++++++++++++++++++++++++++++++++++++++++++++++++++++++++++++ +
 +                                                                      +
 +           You have chose to blind your fitting according to          +
 +                omega_ref * (1 + (R +/- deltaR) *10^{-6})             +
 +                                                                      +
 + ++++++++++++++++++++++++++++++++++++++++++++++++++++++++++++++++++++ +
In main()...
reading format from /gm2data/zkhechad/run45/envelope/formats/formatB_sBin_constraintOn.txt
pBinTau 	= 0  
pBinPhi 	= 0  
constraintau 	= 1 
includeMopTerm 	= 0    
constrainMop    = 0   
Parameters after format file: pBinTau 0 pBinPhi 0 constraintau 1 includeMopTerm 0 constrainMop 0 c_e_scale 0.000000 
reading cbo reference file (full fit) from /gm2data/zkhechad/cboTemplates/Run4CBOTemplates/fullFits/run4/sBin_constraintOn_cE0.0_seed0_run4_calo16.root
A_CBO 0.009336 w_CBO 2.326091 phi_CBO 1.561564 N0 3000865.229519 R -62.230085 tau 64.400102 
Reading cboRef file /gm2data/zkhechad/cboTemplates/Run4CBOTemplates//cboIsolate/run4_calo16.root
deltaT 164.120000
windowBins = 1100
fitting sliding window 2520 from bin 2723 at 406.271600 to bin 3823 at 570.391600 (1100 bins)

Reading data from /gm2data/cornell/histograms/aMethod/histogram_a_run4.root
fitting cbo isolate
 **********
 **    1 **SET PRINTOUT            1
 **********
 **********
 **    2 **SET NOWARNINGS 
 **********
 PARAMETER DEFINITIONS:
    NO.   NAME         VALUE      STEP SIZE      LIMITS
     1 A_CBO        9.33615e-03  1.00000e-05     no limits
     2 w_CBO        2.32609e+00  1.00000e-02    2.00000e+00  3.00000e+00
     3 phi_CBO      1.56156e+00  1.00000e-02    0.00000e+00  6.28319e+00
 **********
 **    3 **MIGRAD
 **********
 FIRST CALL TO USER FUNCTION AT NEW START POINT, WITH IFLAG=4.
 START MIGRAD MINIMIZATION.  STRATEGY  1.  CONVERGENCE WHEN EDM .LT. 1.00e-04
 FCN=0.384541 FROM MIGRAD    STATUS=INITIATE       12 CALLS          13 TOTAL
                     EDM= unknown      STRATEGY= 1      NO ERROR MATRIX       
  EXT PARAMETER               CURRENT GUESS       STEP         FIRST   
  NO.   NAME      VALUE            ERROR          SIZE      DERIVATIVE 
   1  A_CBO        9.33615e-03   1.00000e-05   1.00000e-05   8.06466e+00
   2  w_CBO        2.32609e+00   1.00000e-02   2.13342e-02  -7.34012e-01
   3  phi_CBO      1.56156e+00   1.00000e-02   3.68279e-03   9.75477e-03
 MIGRAD MINIMIZATION HAS CONVERGED.
 MIGRAD WILL VERIFY CONVERGENCE AND ERROR MATRIX.
 COVARIANCE MATRIX CALCULATED SUCCESSFULLY
 FCN=0.354888 FROM HESSE     STATUS=OK             16 CALLS          50 TOTAL
                     EDM=0.000122971    STRATEGY= 1      ERROR MATRIX ACCURATE 
  EXT PARAMETER                                   STEP         FIRST   
  NO.   NAME      VALUE            ERROR          SIZE      DERIVATIVE 
   1  A_CBO        1.99210e-03   4.53999e-02   2.42467e-05  -3.46410e-02
   2  w_CBO        2.32622e+00   3.82785e-01   5.19116e-05   8.27096e-03
   3  phi_CBO      1.46674e+00   3.52747e+00   4.71827e-03   1.63311e-04
 MIGRAD MINIMIZATION HAS CONVERGED.
 MIGRAD WILL VERIFY CONVERGENCE AND ERROR MATRIX.
 COVARIANCE MATRIX CALCULATED SUCCESSFULLY
 FCN=0.35483 FROM MIGRAD    STATUS=CONVERGED      97 CALLS          98 TOTAL
                     EDM=3.23403e-05    STRATEGY= 1      ERROR MATRIX ACCURATE 
  EXT PARAMETER                                   STEP         FIRST   
  NO.   NAME      VALUE            ERROR          SIZE      DERIVATIVE 
   1  A_CBO        2.04930e-03   4.30211e-02   2.42481e-05  -1.03443e-04
   2  w_CBO        2.32455e+00   1.98165e-01   5.08057e-05  -5.41333e-02
   3  phi_CBO      6.91105e-01   3.48456e+00   5.28875e-03   5.80435e-04
 EXTERNAL ERROR MATRIX.    NDIM=  25    NPAR=  3    ERR DEF=1
  1.851e-03 -9.632e-04 -5.214e-01 
 -9.632e-04  4.187e-02  2.008e+01 
 -5.214e-01  2.008e+01  1.005e+04 
 PARAMETER  CORRELATION COEFFICIENTS  
       NO.  GLOBAL      1      2      3
        1  0.12861   1.000 -0.109 -0.121
        2  0.97909  -0.109  1.000  0.979
        3  0.97915  -0.121  0.979  1.000
setting A_CBO=0.002049 w_CBO=2.324554, phi_CBO=0.691105
done fitting cbo isolate
 **********
 **    1 **SET PRINTOUT            1
 **********
 **********
 **    2 **SET NOWARNINGS 
 **********
 PARAMETER DEFINITIONS:
    NO.   NAME         VALUE      STEP SIZE      LIMITS
     1 N0           3.00087e+06  1.00000e+02     no limits
     2 tau          6.44001e+01  constant
     3 A0           3.49583e-01  1.00000e-04     no limits
     4 phi          4.11719e+00  1.00000e-02     no limits
     5 R           -6.22301e+01  constant
     6 A_CBO        2.04930e-03  1.00000e-05     no limits
     7 w_CBO        2.32455e+00  1.00000e-03     no limits
     8 phi_CBO      6.91105e-01  1.00000e-04     no limits
     9 ANx2         8.68669e-04  constant
    10 pNx2         4.82289e+00  constant
    11 ANy1         0.00000e+00  constant
    12 pNy1         0.00000e+00  constant
    13 w_y          0.00000e+00  constant
    14 ANy2         6.17882e-03  1.00000e-04     no limits
    15 pNy2         1.49923e+00  constant
    16 w_vw         1.43037e+01  constant
    17 LM          -2.26665e-04  constant
    18 wCBO_expCoeff   2.00000e+02  1.00000e+00     no limits
    19 wCBO_expOffset   2.00000e+02  1.00000e+00     no limits
    20 wCBO_expT    3.00000e+01  1.00000e+00     no limits
    21 wCBO_linCoeff   0.00000e+00  constant
    22 wCBO_const   0.00000e+00  1.00000e-02     no limits
MINUIT - FIT ONLY WIGGLE
 **********
 **    3 **FIX            5
 **********
 PARAMETER    5  IS CONSTANT.   IGNORED.
 **********
 **    4 **FIX            6
 **********
 **********
 **    5 **FIX            7
 **********
 **********
 **    6 **FIX            8
 **********
 **********
 **    7 **FIX            9
 **********
 PARAMETER    9  IS CONSTANT.   IGNORED.
 **********
 **    8 **FIX           10
 **********
 PARAMETER   10  IS CONSTANT.   IGNORED.
 **********
 **    9 **FIX           11
 **********
 PARAMETER   11  IS CONSTANT.   IGNORED.
 **********
 **   10 **FIX           12
 **********
 PARAMETER   12  IS CONSTANT.   IGNORED.
 **********
 **   11 **FIX           13
 **********
 PARAMETER   13  IS CONSTANT.   IGNORED.
 **********
 **   12 **FIX           14
 **********
 **********
 **   13 **FIX           15
 **********
 PARAMETER   15  IS CONSTANT.   IGNORED.
 **********
 **   14 **FIX           16
 **********
 PARAMETER   16  IS CONSTANT.   IGNORED.
 **********
 **   15 **MIGRAD
 **********
 FIRST CALL TO USER FUNCTION AT NEW START POINT, WITH IFLAG=4.
 START MIGRAD MINIMIZATION.  STRATEGY  1.  CONVERGENCE WHEN EDM .LT. 1.00e-04
 FCN=330.09 FROM MIGRAD    STATUS=INITIATE       59 CALLS          60 TOTAL
                     EDM= unknown      STRATEGY= 1      NO ERROR MATRIX       
  EXT PARAMETER               CURRENT GUESS       STEP         FIRST   
  NO.   NAME      VALUE            ERROR          SIZE      DERIVATIVE 
   1  N0           3.00087e+06   1.00000e+02   0.00000e+00   1.43245e-03
   2  tau          6.44001e+01   constant   
   3  A0           3.49583e-01   1.00000e-04   0.00000e+00  -2.68480e+02
   4  phi          4.11719e+00   1.00000e-02   0.00000e+00   2.15500e+02
   5  R           -6.22301e+01   constant   
   6  A_CBO        2.04930e-03     fixed    
   7  w_CBO        2.32455e+00     fixed    
   8  phi_CBO      6.91105e-01     fixed    
   9  ANx2         8.68669e-04   constant   
  10  pNx2         4.82289e+00   constant   
  11  ANy1         0.00000e+00   constant   
  12  pNy1         0.00000e+00   constant   
  13  w_y          0.00000e+00   constant   
  14  ANy2         6.17882e-03     fixed    
  15  pNy2         1.49923e+00   constant   
  16  w_vw         1.43037e+01   constant   
  17  LM          -2.26665e-04   constant   
  18  wCBO_expCoeff   2.00000e+02   1.00000e+00   0.00000e+00   3.47278e-01
  19  wCBO_expOffset   2.00000e+02   1.00000e+00   0.00000e+00   2.31519e+00
  20  wCBO_expT    3.00000e+01   1.00000e+00   0.00000e+00   1.64305e+01
  21  wCBO_linCoeff   0.00000e+00   constant   
  22  wCBO_const   2.36659e-03   1.00000e-02   2.36659e-03  -5.29356e+02
 MIGRAD MINIMIZATION HAS CONVERGED.
 FCN=325.946 FROM MIGRAD    STATUS=CONVERGED     311 CALLS         312 TOTAL
                     EDM=1.38366e-06    STRATEGY= 1  ERROR MATRIX UNCERTAINTY   0.1 per cent
  EXT PARAMETER                                   STEP         FIRST   
  NO.   NAME      VALUE            ERROR          SIZE      DERIVATIVE 
   1  N0           2.99677e+06   2.35656e+03   1.74323e+00  -3.45588e-08
   2  tau          6.44001e+01   constant   
   3  A0           3.49650e-01   1.10146e-03  -2.76057e-06   2.92357e-02
   4  phi          4.11532e+00   3.17651e-03   2.00147e-05   3.25265e-02
   5  R           -6.22301e+01   constant   
   6  A_CBO        2.04930e-03     fixed    
   7  w_CBO        2.32455e+00     fixed    
   8  phi_CBO      6.91105e-01     fixed    
   9  ANx2         8.68669e-04   constant   
  10  pNx2         4.82289e+00   constant   
  11  ANy1         0.00000e+00   constant   
  12  pNy1         0.00000e+00   constant   
  13  w_y          0.00000e+00   constant   
  14  ANy2         6.17882e-03     fixed    
  15  pNy2         1.49923e+00   constant   
  16  w_vw         1.43037e+01   constant   
  17  LM          -2.26665e-04   constant   
  18  wCBO_expCoeff   1.87305e+02   1.47545e+01  -3.24863e-02  -2.93684e-04
  19  wCBO_expOffset   1.98109e+02   2.19903e+00  -4.84908e-03  -1.80120e-03
  20  wCBO_expT    3.04957e+01   6.56497e-01   1.58711e-03  -1.65029e-02
  21  wCBO_linCoeff   0.00000e+00   constant   
  22  wCBO_const   2.48085e-03   1.02569e-03  -3.60307e-06  -3.17162e+00
 EXTERNAL ERROR MATRIX.    NDIM=  25    NPAR=  7    ERR DEF=1
  5.553e+06  1.470e-02  1.594e-01 -1.751e+03 -2.604e+02  7.889e+01 -4.764e-02 
  1.470e-02  1.213e-06 -4.969e-08  3.290e-03  4.920e-04 -1.439e-04 -6.800e-09 
  1.594e-01 -4.969e-08  1.009e-05 -1.699e-03 -2.539e-04  8.718e-05 -1.238e-07 
 -1.751e+03  3.290e-03 -1.699e-03  2.177e+02  3.227e+01 -9.659e+00  9.151e-03 
 -2.604e+02  4.920e-04 -2.539e-04  3.227e+01  4.836e+00 -1.439e+00  1.362e-03 
  7.889e+01 -1.439e-04  8.718e-05 -9.659e+00 -1.439e+00  4.310e-01 -4.295e-04 
 -4.764e-02 -6.800e-09 -1.238e-07  9.151e-03  1.362e-03 -4.295e-04  1.052e-06 
 PARAMETER  CORRELATION COEFFICIENTS  
       NO.  GLOBAL      1      3      4     18     19     20     22
        1  0.06868   1.000  0.006  0.021 -0.050 -0.050  0.051 -0.020
        3  0.27536   0.006  1.000 -0.014  0.202  0.203 -0.199 -0.006
        4  0.13776   0.021 -0.014  1.000 -0.036 -0.036  0.042 -0.038
       18  0.99829  -0.050  0.202 -0.036  1.000  0.995 -0.997  0.605
       19  0.99815  -0.050  0.203 -0.036  0.995  1.000 -0.997  0.604
       20  0.99938   0.051 -0.199  0.042 -0.997 -0.997  1.000 -0.638
       22  0.86407  -0.020 -0.006 -0.038  0.605  0.604 -0.638  1.000
MINUIT - FIT ONLY 1-CBO + other amplitudes 
 **********
 **   16 **RES 
 **********
                   PARAMETER   14  ANy2 RESTORED TO VARIABLE.
                   PARAMETER    8  phi_CBO RESTORED TO VARIABLE.
                   PARAMETER    7  w_CBO RESTORED TO VARIABLE.
                   PARAMETER    6  A_CBO RESTORED TO VARIABLE.
 **********
 **   17 **FIX            0
 **********
 PARAMETER    0  IS UNDEFINED. IGNORED.
 **********
 **   18 **FIX            1
 **********
 **********
 **   19 **FIX            2
 **********
 PARAMETER    2  IS CONSTANT.   IGNORED.
 **********
 **   20 **FIX            3
 **********
 **********
 **   21 **FIX            4
 **********
 **********
 **   22 **FIX            9
 **********
 PARAMETER    9  IS CONSTANT.   IGNORED.
 **********
 **   23 **FIX           11
 **********
 PARAMETER   11  IS CONSTANT.   IGNORED.
 **********
 **   24 **FIX           12
 **********
 PARAMETER   12  IS CONSTANT.   IGNORED.
 **********
 **   25 **FIX           14
 **********
 **********
 **   26 **FIX           15
 **********
 PARAMETER   15  IS CONSTANT.   IGNORED.
 **********
 **   27 **FIX           16
 **********
 PARAMETER   16  IS CONSTANT.   IGNORED.
 **********
 **   28 **MIGRAD
 **********
 START MIGRAD MINIMIZATION.  STRATEGY  1.  CONVERGENCE WHEN EDM .LT. 1.00e-04
 FCN=325.946 FROM MIGRAD    STATUS=INITIATE       18 CALLS         330 TOTAL
                     EDM= unknown      STRATEGY= 1      NO ERROR MATRIX       
  EXT PARAMETER               CURRENT GUESS       STEP         FIRST   
  NO.   NAME      VALUE            ERROR          SIZE      DERIVATIVE 
   1  N0           2.99677e+06     fixed    
   2  tau          6.44001e+01   constant   
   3  A0           3.49650e-01     fixed    
   4  phi          4.11532e+00     fixed    
   5  R           -6.22301e+01   constant   
   6  A_CBO        2.04930e-03   1.00000e-05   1.00000e-05   2.51951e+02
   7  w_CBO        2.32455e+00   1.00000e-03   1.00000e-03  -1.39098e+00
   8  phi_CBO      6.91105e-01   1.00000e-04   1.00000e-04   1.55757e+00
   9  ANx2         8.68669e-04   constant   
  10  pNx2         4.82289e+00   constant   
  11  ANy1         0.00000e+00   constant   
  12  pNy1         0.00000e+00   constant   
  13  w_y          0.00000e+00   constant   
  14  ANy2         6.17882e-03     fixed    
  15  pNy2         1.49923e+00   constant   
  16  w_vw         1.43037e+01   constant   
  17  LM          -2.26665e-04   constant   
  18  wCBO_expCoeff   1.87305e+02   1.47545e+01  -3.24863e-02  -2.93711e-04
  19  wCBO_expOffset   1.98109e+02   2.19903e+00  -4.84908e-03  -1.80142e-03
  20  wCBO_expT    3.04957e+01   6.56497e-01   1.58711e-03  -1.65043e-02
  21  wCBO_linCoeff   0.00000e+00   constant   
  22  wCBO_const   2.48085e-03   1.02569e-03  -3.60307e-06  -3.17162e+00
 MIGRAD MINIMIZATION HAS CONVERGED.
 MIGRAD WILL VERIFY CONVERGENCE AND ERROR MATRIX.
 FCN=324.941 FROM MIGRAD    STATUS=CONVERGED     254 CALLS         566 TOTAL
                     EDM=1.02394e-06    STRATEGY= 1      ERR MATRIX NOT POS-DEF
  EXT PARAMETER                APPROXIMATE        STEP         FIRST   
  NO.   NAME      VALUE            ERROR          SIZE      DERIVATIVE 
   1  N0           2.99677e+06     fixed    
   2  tau          6.44001e+01   constant   
   3  A0           3.49650e-01     fixed    
   4  phi          4.11532e+00     fixed    
   5  R           -6.22301e+01   constant   
   6  A_CBO        1.81835e-03   1.10382e-03   9.68809e-06  -1.63927e-02
   7  w_CBO        2.32501e+00   9.92322e-03   8.49516e-06  -4.04990e-02
   8  phi_CBO     -3.78625e-01   9.31246e-01   5.58276e-03   1.25173e-03
   9  ANx2         8.68669e-04   constant   
  10  pNx2         4.82289e+00   constant   
  11  ANy1         0.00000e+00   constant   
  12  pNy1         0.00000e+00   constant   
  13  w_y          0.00000e+00   constant   
  14  ANy2         6.17882e-03     fixed    
  15  pNy2         1.49923e+00   constant   
  16  w_vw         1.43037e+01   constant   
  17  LM          -2.26665e-04   constant   
  18  wCBO_expCoeff   1.95452e+02   9.13482e+00   7.63019e-03  -7.98669e-04
  19  wCBO_expOffset   1.99436e+02   1.40809e+00   1.17565e-03  -5.18506e-03
  20  wCBO_expT    3.01054e+01   1.94098e-01   1.62067e-04  -3.56507e-02
  21  wCBO_linCoeff   0.00000e+00   constant   
  22  wCBO_const   2.33589e-03   4.28134e-03   3.95705e-06   6.18081e-02
 EXTERNAL ERROR MATRIX.    NDIM=  25    NPAR=  7    ERR DEF=1
  1.218e-06  1.253e-08  5.049e-05 -2.918e-04 -4.509e-05  1.428e-05  2.331e-08 
  1.253e-08  9.847e-05  2.241e-04 -2.389e-03 -3.718e-04 -9.127e-05 -4.176e-05 
  5.049e-05  2.241e-04  8.672e-01 -5.667e-01 -8.747e-02  3.284e-02  1.479e-04 
 -2.918e-04 -2.389e-03 -5.667e-01  8.344e+01 -6.900e+00 -8.369e-01  1.473e-03 
 -4.509e-05 -3.718e-04 -8.747e-02 -6.900e+00  1.983e+00 -1.293e-01  2.285e-04 
  1.428e-05 -9.127e-05  3.284e-02 -8.369e-01 -1.293e-01  3.767e-02  4.065e-06 
  2.331e-08 -4.176e-05  1.479e-04  1.473e-03  2.285e-04  4.065e-06  1.833e-05 
ERR MATRIX NOT POS-DEF
 PARAMETER  CORRELATION COEFFICIENTS  
       NO.  GLOBAL      6      7      8     18     19     20     22
        6  0.12186   1.000  0.001  0.049 -0.029 -0.029  0.067  0.005
        7  0.99531   0.001  1.000  0.024 -0.026 -0.027 -0.047 -0.983
        8  0.73538   0.049  0.024  1.000 -0.067 -0.067  0.182  0.037
       18  0.99553  -0.029 -0.026 -0.067  1.000 -0.536 -0.472  0.038
       19  0.99554  -0.029 -0.027 -0.067 -0.536  1.000 -0.473  0.038
       20  0.99554   0.067 -0.047  0.182 -0.472 -0.473  1.000  0.005
       22  0.99453   0.005 -0.983  0.037  0.038  0.038  0.005  1.000
 ERR MATRIX NOT POS-DEF
MINUIT - FIT ONLY 1-CBO
 **********
 **   29 **RES 
 **********
                   PARAMETER   14  ANy2 RESTORED TO VARIABLE.
                   PARAMETER    4  phi RESTORED TO VARIABLE.
                   PARAMETER    3  A0 RESTORED TO VARIABLE.
                   PARAMETER    1  N0 RESTORED TO VARIABLE.
 **********
 **   30 **FIX            0
 **********
 PARAMETER    0  IS UNDEFINED. IGNORED.
 **********
 **   31 **FIX            1
 **********
 **********
 **   32 **FIX            2
 **********
 PARAMETER    2  IS CONSTANT.   IGNORED.
 **********
 **   33 **FIX            3
 **********
 **********
 **   34 **FIX            4
 **********
 **********
 **   35 **FIX            8
 **********
 **********
 **   36 **FIX            9
 **********
 PARAMETER    9  IS CONSTANT.   IGNORED.
 **********
 **   37 **FIX           11
 **********
 PARAMETER   11  IS CONSTANT.   IGNORED.
 **********
 **   38 **FIX           12
 **********
 PARAMETER   12  IS CONSTANT.   IGNORED.
 **********
 **   39 **FIX           13
 **********
 PARAMETER   13  IS CONSTANT.   IGNORED.
 **********
 **   40 **FIX           15
 **********
 PARAMETER   15  IS CONSTANT.   IGNORED.
 **********
 **   41 **FIX           16
 **********
 PARAMETER   16  IS CONSTANT.   IGNORED.
 **********
 **   42 **MIGRAD
 **********
 START MIGRAD MINIMIZATION.  STRATEGY  1.  CONVERGENCE WHEN EDM .LT. 1.00e-04
 FCN=324.941 FROM MIGRAD    STATUS=INITIATE       16 CALLS         582 TOTAL
                     EDM= unknown      STRATEGY= 1      NO ERROR MATRIX       
  EXT PARAMETER               CURRENT GUESS       STEP         FIRST   
  NO.   NAME      VALUE            ERROR          SIZE      DERIVATIVE 
   1  N0           2.99677e+06     fixed    
   2  tau          6.44001e+01   constant   
   3  A0           3.49650e-01     fixed    
   4  phi          4.11532e+00     fixed    
   5  R           -6.22301e+01   constant   
   6  A_CBO        1.81835e-03   1.10382e-03   9.68809e-06  -1.63927e-02
   7  w_CBO        2.32501e+00   9.92322e-03   8.49516e-06  -3.99647e-02
   8  phi_CBO     -3.78625e-01     fixed    
   9  ANx2         8.68669e-04   constant   
  10  pNx2         4.82289e+00   constant   
  11  ANy1         0.00000e+00   constant   
  12  pNy1         0.00000e+00   constant   
  13  w_y          0.00000e+00   constant   
  14  ANy2         6.17882e-03   1.00000e-04   1.00000e-04   9.62367e+03
  15  pNy2         1.49923e+00   constant   
  16  w_vw         1.43037e+01   constant   
  17  LM          -2.26665e-04   constant   
  18  wCBO_expCoeff   1.95452e+02   9.13482e+00   7.63019e-03  -7.97532e-04
  19  wCBO_expOffset   1.99436e+02   1.40809e+00   1.17565e-03  -5.17520e-03
  20  wCBO_expT    3.01054e+01   1.94098e-01   1.62067e-04  -3.55771e-02
  21  wCBO_linCoeff   0.00000e+00   constant   
  22  wCBO_const   2.33589e-03   4.28134e-03   3.95705e-06   6.30506e-02
 MIGRAD MINIMIZATION HAS CONVERGED.
 MIGRAD WILL VERIFY CONVERGENCE AND ERROR MATRIX.
 FCN=295.716 FROM MIGRAD    STATUS=CONVERGED     112 CALLS         678 TOTAL
                     EDM=2.40372e-05    STRATEGY= 1      ERR MATRIX NOT POS-DEF
  EXT PARAMETER                APPROXIMATE        STEP         FIRST   
  NO.   NAME      VALUE            ERROR          SIZE      DERIVATIVE 
   1  N0           2.99677e+06     fixed    
   2  tau          6.44001e+01   constant   
   3  A0           3.49650e-01     fixed    
   4  phi          4.11532e+00     fixed    
   5  R           -6.22301e+01   constant   
   6  A_CBO        1.82135e-03   1.10371e-03   9.24320e-06   1.13147e-02
   7  w_CBO        2.32501e+00   1.05193e-02   8.10356e-06   1.73941e-01
   8  phi_CBO     -3.78625e-01     fixed    
   9  ANx2         8.68669e-04   constant   
  10  pNx2         4.82289e+00   constant   
  11  ANy1         0.00000e+00   constant   
  12  pNy1         0.00000e+00   constant   
  13  w_y          0.00000e+00   constant   
  14  ANy2         1.05281e-04   1.12036e-03   9.44943e-06  -1.24150e-03
  15  pNy2         1.49923e+00   constant   
  16  w_vw         1.43037e+01   constant   
  17  LM          -2.26665e-04   constant   
  18  wCBO_expCoeff   1.95452e+02   9.33774e+00   7.27838e-03   9.79199e-05
  19  wCBO_expOffset   1.99436e+02   1.43924e+00   1.12109e-03   6.35814e-04
  20  wCBO_expT    3.01054e+01   1.95710e-01   1.54546e-04  -3.05346e-02
  21  wCBO_linCoeff   0.00000e+00   constant   
  22  wCBO_const   2.33547e-03   4.53612e-03   3.77475e-06   3.84384e-01
 EXTERNAL ERROR MATRIX.    NDIM=  25    NPAR=  7    ERR DEF=1
  1.218e-06 -6.278e-09 -2.313e-10 -2.537e-04 -3.916e-05  1.254e-05  1.252e-08 
 -6.278e-09  1.107e-04  4.526e-10 -2.554e-03 -3.974e-04 -1.086e-04 -4.707e-05 
 -2.313e-10  4.526e-10  1.255e-06  4.170e-06  6.443e-07 -1.805e-07 -3.991e-11 
 -2.537e-04 -2.554e-03  4.170e-06  8.719e+01 -7.294e+00 -8.576e-01  1.752e-03 
 -3.916e-05 -3.974e-04  6.443e-07 -7.294e+00  2.071e+00 -1.325e-01  2.716e-04 
  1.254e-05 -1.086e-04 -1.805e-07 -8.576e-01 -1.325e-01  3.830e-02  1.005e-07 
  1.252e-08 -4.707e-05 -3.991e-11  1.752e-03  2.716e-04  1.005e-07  2.058e-05 
ERR MATRIX NOT POS-DEF
 PARAMETER  CORRELATION COEFFICIENTS  
       NO.  GLOBAL      6      7     14     18     19     20     22
        6  0.11860   1.000 -0.001 -0.000 -0.025 -0.025  0.058  0.003
        7  0.99582  -0.001  1.000  0.000 -0.026 -0.026 -0.053 -0.986
       14  0.00086  -0.000  0.000  1.000  0.000  0.000 -0.001 -0.000
       18  0.99572  -0.025 -0.026  0.000  1.000 -0.543 -0.469  0.041
       19  0.99573  -0.025 -0.026  0.000 -0.543  1.000 -0.470  0.042
       20  0.99561   0.058 -0.053 -0.001 -0.469 -0.470  1.000  0.000
       22  0.99512   0.003 -0.986 -0.000  0.041  0.042  0.000  1.000
 ERR MATRIX NOT POS-DEF
MINUIT - FIT ONLY 2-CBO
 **********
 **   43 **RES 
 **********
                   PARAMETER    8  phi_CBO RESTORED TO VARIABLE.
                   PARAMETER    4  phi RESTORED TO VARIABLE.
                   PARAMETER    3  A0 RESTORED TO VARIABLE.
                   PARAMETER    1  N0 RESTORED TO VARIABLE.
 **********
 **   44 **FIX            0
 **********
 PARAMETER    0  IS UNDEFINED. IGNORED.
 **********
 **   45 **FIX            1
 **********
 **********
 **   46 **FIX            2
 **********
 PARAMETER    2  IS CONSTANT.   IGNORED.
 **********
 **   47 **FIX            3
 **********
 **********
 **   48 **FIX            4
 **********
 **********
 **   49 **FIX            5
 **********
 PARAMETER    5  IS CONSTANT.   IGNORED.
 **********
 **   50 **FIX            6
 **********
 **********
 **   51 **FIX            7
 **********
 **********
 **   52 **FIX           10
 **********
 PARAMETER   10  IS CONSTANT.   IGNORED.
 **********
 **   53 **FIX           11
 **********
 PARAMETER   11  IS CONSTANT.   IGNORED.
 **********
 **   54 **FIX           12
 **********
 PARAMETER   12  IS CONSTANT.   IGNORED.
 **********
 **   55 **FIX           13
 **********
 PARAMETER   13  IS CONSTANT.   IGNORED.
 **********
 **   56 **FIX           14
 **********
 **********
 **   57 **FIX           15
 **********
 PARAMETER   15  IS CONSTANT.   IGNORED.
 **********
 **   58 **FIX           16
 **********
 PARAMETER   16  IS CONSTANT.   IGNORED.
 **********
 **   59 **MIGRAD
 **********
 START MIGRAD MINIMIZATION.  STRATEGY  1.  CONVERGENCE WHEN EDM .LT. 1.00e-04
 FCN=295.716 FROM MIGRAD    STATUS=INITIATE       10 CALLS         688 TOTAL
                     EDM= unknown      STRATEGY= 1      NO ERROR MATRIX       
  EXT PARAMETER               CURRENT GUESS       STEP         FIRST   
  NO.   NAME      VALUE            ERROR          SIZE      DERIVATIVE 
   1  N0           2.99677e+06     fixed    
   2  tau          6.44001e+01   constant   
   3  A0           3.49650e-01     fixed    
   4  phi          4.11532e+00     fixed    
   5  R           -6.22301e+01   constant   
   6  A_CBO        1.82135e-03     fixed    
   7  w_CBO        2.32501e+00     fixed    
   8  phi_CBO     -3.78625e-01   9.31246e-01   9.31246e-01   4.38856e-02
   9  ANx2         8.68669e-04   constant   
  10  pNx2         4.82289e+00   constant   
  11  ANy1         0.00000e+00   constant   
  12  pNy1         0.00000e+00   constant   
  13  w_y          0.00000e+00   constant   
  14  ANy2         1.05281e-04     fixed    
  15  pNy2         1.49923e+00   constant   
  16  w_vw         1.43037e+01   constant   
  17  LM          -2.26665e-04   constant   
  18  wCBO_expCoeff   1.95452e+02   9.33774e+00   7.27838e-03   9.77763e-05
  19  wCBO_expOffset   1.99436e+02   1.43924e+00   1.12109e-03   6.37137e-04
  20  wCBO_expT    3.01054e+01   1.95710e-01   1.54546e-04  -3.05144e-02
  21  wCBO_linCoeff   0.00000e+00   constant   
  22  wCBO_const   2.33547e-03   4.53612e-03   3.77475e-06   3.90996e-01
 MIGRAD MINIMIZATION HAS CONVERGED.
 MIGRAD WILL VERIFY CONVERGENCE AND ERROR MATRIX.
 FCN=295.715 FROM MIGRAD    STATUS=CONVERGED      76 CALLS         754 TOTAL
                     EDM=9.51868e-08    STRATEGY= 1      ERR MATRIX NOT POS-DEF
  EXT PARAMETER                APPROXIMATE        STEP         FIRST   
  NO.   NAME      VALUE            ERROR          SIZE      DERIVATIVE 
   1  N0           2.99677e+06     fixed    
   2  tau          6.44001e+01   constant   
   3  A0           3.49650e-01     fixed    
   4  phi          4.11532e+00     fixed    
   5  R           -6.22301e+01   constant   
   6  A_CBO        1.82135e-03     fixed    
   7  w_CBO        2.32501e+00     fixed    
   8  phi_CBO     -3.97637e-01   9.39232e-01   5.31504e-03  -6.77544e-04
   9  ANx2         8.68669e-04   constant   
  10  pNx2         4.82289e+00   constant   
  11  ANy1         0.00000e+00   constant   
  12  pNy1         0.00000e+00   constant   
  13  w_y          0.00000e+00   constant   
  14  ANy2         1.05281e-04     fixed    
  15  pNy2         1.49923e+00   constant   
  16  w_vw         1.43037e+01   constant   
  17  LM          -2.26665e-04   constant   
  18  wCBO_expCoeff   1.95449e+02   1.06553e+01   7.27149e-03   3.22611e-04
  19  wCBO_expOffset   1.99436e+02   1.64258e+00   1.12005e-03   2.09454e-03
  20  wCBO_expT    3.01054e+01   2.24650e-01   1.54398e-04   1.53772e-02
  21  wCBO_linCoeff   0.00000e+00   constant   
  22  wCBO_const   2.32933e-03   7.96692e-04   3.77309e-06   7.26221e-01
 EXTERNAL ERROR MATRIX.    NDIM=  25    NPAR=  5    ERR DEF=1
  8.822e-01 -7.714e-01 -1.191e-01  4.261e-02  2.351e-04 
 -7.714e-01  1.135e+02 -9.539e+00 -1.129e+00  7.174e-04 
 -1.191e-01 -9.539e+00  2.698e+00 -1.745e-01  1.106e-04 
  4.261e-02 -1.129e+00 -1.745e-01  5.047e-02 -4.621e-05 
  2.351e-04  7.174e-04  1.106e-04 -4.621e-05  6.347e-07 
ERR MATRIX NOT POS-DEF
 PARAMETER  CORRELATION COEFFICIENTS  
       NO.  GLOBAL      8     18     19     20     22
        8  0.74112   1.000 -0.077 -0.077  0.202  0.314
       18  0.99672  -0.077  1.000 -0.545 -0.472  0.085
       19  0.99672  -0.077 -0.545  1.000 -0.473  0.085
       20  0.99667   0.202 -0.472 -0.473  1.000 -0.258
       22  0.82713   0.314  0.085  0.085 -0.258  1.000
 ERR MATRIX NOT POS-DEF
MINUIT - FIT ONLY 1-y
 **********
 **   60 **RES 
 **********
                   PARAMETER   14  ANy2 RESTORED TO VARIABLE.
                   PARAMETER    7  w_CBO RESTORED TO VARIABLE.
                   PARAMETER    6  A_CBO RESTORED TO VARIABLE.
                   PARAMETER    4  phi RESTORED TO VARIABLE.
                   PARAMETER    3  A0 RESTORED TO VARIABLE.
                   PARAMETER    1  N0 RESTORED TO VARIABLE.
 **********
 **   61 **FIX            0
 **********
 PARAMETER    0  IS UNDEFINED. IGNORED.
 **********
 **   62 **FIX            1
 **********
 **********
 **   63 **FIX            2
 **********
 PARAMETER    2  IS CONSTANT.   IGNORED.
 **********
 **   64 **FIX            3
 **********
 **********
 **   65 **FIX            4
 **********
 **********
 **   66 **FIX            5
 **********
 PARAMETER    5  IS CONSTANT.   IGNORED.
 **********
 **   67 **FIX            6
 **********
 **********
 **   68 **FIX            7
 **********
 **********
 **   69 **FIX            8
 **********
 **********
 **   70 **FIX            9
 **********
 PARAMETER    9  IS CONSTANT.   IGNORED.
 **********
 **   71 **FIX           13
 **********
 PARAMETER   13  IS CONSTANT.   IGNORED.
 **********
 **   72 **FIX           14
 **********
 **********
 **   73 **FIX           15
 **********
 PARAMETER   15  IS CONSTANT.   IGNORED.
 **********
 **   74 **FIX           16
 **********
 PARAMETER   16  IS CONSTANT.   IGNORED.
 **********
 **   75 **MIGRAD
 **********
 START MIGRAD MINIMIZATION.  STRATEGY  1.  CONVERGENCE WHEN EDM .LT. 1.00e-04
 FCN=295.715 FROM MIGRAD    STATUS=INITIATE        8 CALLS         762 TOTAL
                     EDM= unknown      STRATEGY= 1      NO ERROR MATRIX       
  EXT PARAMETER               CURRENT GUESS       STEP         FIRST   
  NO.   NAME      VALUE            ERROR          SIZE      DERIVATIVE 
   1  N0           2.99677e+06     fixed    
   2  tau          6.44001e+01   constant   
   3  A0           3.49650e-01     fixed    
   4  phi          4.11532e+00     fixed    
   5  R           -6.22301e+01   constant   
   6  A_CBO        1.82135e-03     fixed    
   7  w_CBO        2.32501e+00     fixed    
   8  phi_CBO     -3.97637e-01     fixed    
   9  ANx2         8.68669e-04   constant   
  10  pNx2         4.82289e+00   constant   
  11  ANy1         0.00000e+00   constant   
  12  pNy1         0.00000e+00   constant   
  13  w_y          0.00000e+00   constant   
  14  ANy2         1.05281e-04     fixed    
  15  pNy2         1.49923e+00   constant   
  16  w_vw         1.43037e+01   constant   
  17  LM          -2.26665e-04   constant   
  18  wCBO_expCoeff   1.95449e+02   1.06553e+01   7.27149e-03   3.22761e-04
  19  wCBO_expOffset   1.99436e+02   1.64258e+00   1.12005e-03   2.09776e-03
  20  wCBO_expT    3.01054e+01   2.24650e-01   1.54398e-04   1.54104e-02
  21  wCBO_linCoeff   0.00000e+00   constant   
  22  wCBO_const   2.32933e-03   7.96692e-04   3.77309e-06   7.33156e-01
 MIGRAD MINIMIZATION HAS CONVERGED.
 MIGRAD WILL VERIFY CONVERGENCE AND ERROR MATRIX.
 FCN=295.715 FROM MIGRAD    STATUS=CONVERGED      43 CALLS         797 TOTAL
                     EDM=6.9041e-09    STRATEGY= 1      ERR MATRIX NOT POS-DEF
  EXT PARAMETER                APPROXIMATE        STEP         FIRST   
  NO.   NAME      VALUE            ERROR          SIZE      DERIVATIVE 
   1  N0           2.99677e+06     fixed    
   2  tau          6.44001e+01   constant   
   3  A0           3.49650e-01     fixed    
   4  phi          4.11532e+00     fixed    
   5  R           -6.22301e+01   constant   
   6  A_CBO        1.82135e-03     fixed    
   7  w_CBO        2.32501e+00     fixed    
   8  phi_CBO     -3.97637e-01     fixed    
   9  ANx2         8.68669e-04   constant   
  10  pNx2         4.82289e+00   constant   
  11  ANy1         0.00000e+00   constant   
  12  pNy1         0.00000e+00   constant   
  13  w_y          0.00000e+00   constant   
  14  ANy2         1.05281e-04     fixed    
  15  pNy2         1.49923e+00   constant   
  16  w_vw         1.43037e+01   constant   
  17  LM          -2.26665e-04   constant   
  18  wCBO_expCoeff   1.95449e+02   1.13953e+01   7.27173e-03  -2.60799e-05
  19  wCBO_expOffset   1.99436e+02   1.75693e+00   1.12008e-03  -1.69219e-04
  20  wCBO_expT    3.01054e+01   2.34565e-01   1.54404e-04  -1.12555e-03
  21  wCBO_linCoeff   0.00000e+00   constant   
  22  wCBO_const   2.32931e-03   7.62157e-04   3.77416e-06   1.20660e-01
 EXTERNAL ERROR MATRIX.    NDIM=  25    NPAR=  4    ERR DEF=1
  1.299e+02 -1.121e+01 -1.241e+00  1.086e-03 
 -1.121e+01  3.087e+00 -1.920e-01  1.677e-04 
 -1.241e+00 -1.920e-01  5.502e-02 -6.480e-05 
  1.086e-03  1.677e-04 -6.480e-05  5.809e-07 
ERR MATRIX NOT POS-DEF
 PARAMETER  CORRELATION COEFFICIENTS  
       NO.  GLOBAL     18     19     20     22
       18  0.99713   1.000 -0.560 -0.464  0.125
       19  0.99713  -0.560  1.000 -0.466  0.125
       20  0.99694  -0.464 -0.466  1.000 -0.362
       22  0.80912   0.125  0.125 -0.362  1.000
 ERR MATRIX NOT POS-DEF
MINUIT - FIT ONLY 2-y
 **********
 **   76 **RES 
 **********
                   PARAMETER   14  ANy2 RESTORED TO VARIABLE.
                   PARAMETER    8  phi_CBO RESTORED TO VARIABLE.
                   PARAMETER    7  w_CBO RESTORED TO VARIABLE.
                   PARAMETER    6  A_CBO RESTORED TO VARIABLE.
                   PARAMETER    4  phi RESTORED TO VARIABLE.
                   PARAMETER    3  A0 RESTORED TO VARIABLE.
                   PARAMETER    1  N0 RESTORED TO VARIABLE.
 **********
 **   77 **FIX            0
 **********
 PARAMETER    0  IS UNDEFINED. IGNORED.
 **********
 **   78 **FIX            1
 **********
 **********
 **   79 **FIX            2
 **********
 PARAMETER    2  IS CONSTANT.   IGNORED.
 **********
 **   80 **FIX            3
 **********
 **********
 **   81 **FIX            4
 **********
 **********
 **   82 **FIX            5
 **********
 PARAMETER    5  IS CONSTANT.   IGNORED.
 **********
 **   83 **FIX            6
 **********
 **********
 **   84 **FIX            7
 **********
 **********
 **   85 **FIX            8
 **********
 **********
 **   86 **FIX            9
 **********
 PARAMETER    9  IS CONSTANT.   IGNORED.
 **********
 **   87 **FIX           10
 **********
 PARAMETER   10  IS CONSTANT.   IGNORED.
 **********
 **   88 **FIX           11
 **********
 PARAMETER   11  IS CONSTANT.   IGNORED.
 **********
 **   89 **FIX           12
 **********
 PARAMETER   12  IS CONSTANT.   IGNORED.
 **********
 **   90 **FIX           16
 **********
 PARAMETER   16  IS CONSTANT.   IGNORED.
 **********
 **   91 **MIGRAD
 **********
 START MIGRAD MINIMIZATION.  STRATEGY  1.  CONVERGENCE WHEN EDM .LT. 1.00e-04
 FCN=295.715 FROM MIGRAD    STATUS=INITIATE       10 CALLS         807 TOTAL
                     EDM= unknown      STRATEGY= 1      NO ERROR MATRIX       
  EXT PARAMETER               CURRENT GUESS       STEP         FIRST   
  NO.   NAME      VALUE            ERROR          SIZE      DERIVATIVE 
   1  N0           2.99677e+06     fixed    
   2  tau          6.44001e+01   constant   
   3  A0           3.49650e-01     fixed    
   4  phi          4.11532e+00     fixed    
   5  R           -6.22301e+01   constant   
   6  A_CBO        1.82135e-03     fixed    
   7  w_CBO        2.32501e+00     fixed    
   8  phi_CBO     -3.97637e-01     fixed    
   9  ANx2         8.68669e-04   constant   
  10  pNx2         4.82289e+00   constant   
  11  ANy1         0.00000e+00   constant   
  12  pNy1         0.00000e+00   constant   
  13  w_y          0.00000e+00   constant   
  14  ANy2         1.05281e-04   1.12036e-03   1.12036e-03   1.31214e-01
  15  pNy2         1.49923e+00   constant   
  16  w_vw         1.43037e+01   constant   
  17  LM          -2.26665e-04   constant   
  18  wCBO_expCoeff   1.95449e+02   1.13953e+01   7.27173e-03  -2.59268e-05
  19  wCBO_expOffset   1.99436e+02   1.75693e+00   1.12008e-03  -1.65971e-04
  20  wCBO_expT    3.01054e+01   2.34565e-01   1.54404e-04  -1.09223e-03
  21  wCBO_linCoeff   0.00000e+00   constant   
  22  wCBO_const   2.32931e-03   7.62157e-04   3.77416e-06   1.21803e-01
 MIGRAD MINIMIZATION HAS CONVERGED.
 MIGRAD WILL VERIFY CONVERGENCE AND ERROR MATRIX.
 FCN=295.715 FROM MIGRAD    STATUS=CONVERGED      61 CALLS         858 TOTAL
                     EDM=3.22385e-09    STRATEGY= 1      ERR MATRIX NOT POS-DEF
  EXT PARAMETER                APPROXIMATE        STEP         FIRST   
  NO.   NAME      VALUE            ERROR          SIZE      DERIVATIVE 
   1  N0           2.99677e+06     fixed    
   2  tau          6.44001e+01   constant   
   3  A0           3.49650e-01     fixed    
   4  phi          4.11532e+00     fixed    
   5  R           -6.22301e+01   constant   
   6  A_CBO        1.82135e-03     fixed    
   7  w_CBO        2.32501e+00     fixed    
   8  phi_CBO     -3.97637e-01     fixed    
   9  ANx2         8.68669e-04   constant   
  10  pNx2         4.82289e+00   constant   
  11  ANy1         0.00000e+00   constant   
  12  pNy1         0.00000e+00   constant   
  13  w_y          0.00000e+00   constant   
  14  ANy2         1.05189e-04   1.12135e-03   9.44942e-06  -1.54460e-02
  15  pNy2         1.49923e+00   constant   
  16  w_vw         1.43037e+01   constant   
  17  LM          -2.26665e-04   constant   
  18  wCBO_expCoeff   1.95449e+02   1.13953e+01   7.27174e-03   2.42856e-06
  19  wCBO_expOffset   1.99436e+02   1.75692e+00   1.12008e-03   1.57799e-05
  20  wCBO_expT    3.01054e+01   2.34565e-01   1.54404e-04   1.57144e-04
  21  wCBO_linCoeff   0.00000e+00   constant   
  22  wCBO_const   2.32930e-03   7.62158e-04   3.77418e-06   1.10535e-01
 EXTERNAL ERROR MATRIX.    NDIM=  25    NPAR=  5    ERR DEF=1
  1.257e-06  6.075e-06  9.398e-07 -2.625e-07  2.299e-10 
  6.075e-06  1.299e+02 -1.122e+01 -1.241e+00  1.086e-03 
  9.398e-07 -1.122e+01  3.087e+00 -1.920e-01  1.677e-04 
 -2.625e-07 -1.241e+00 -1.920e-01  5.502e-02 -6.480e-05 
  2.299e-10  1.086e-03  1.677e-04 -6.480e-05  5.809e-07 
ERR MATRIX NOT POS-DEF
 PARAMETER  CORRELATION COEFFICIENTS  
       NO.  GLOBAL     14     18     19     20     22
       14  0.00102   1.000  0.000  0.000 -0.001  0.000
       18  0.99713   0.000  1.000 -0.560 -0.464  0.125
       19  0.99713   0.000 -0.560  1.000 -0.466  0.125
       20  0.99694  -0.001 -0.464 -0.466  1.000 -0.362
       22  0.80912   0.000  0.125  0.125 -0.362  1.000
 ERR MATRIX NOT POS-DEF
MINUIT - FIT ALTOGETHER
 **********
 **   92 **RES 
 **********
                   PARAMETER    8  phi_CBO RESTORED TO VARIABLE.
                   PARAMETER    7  w_CBO RESTORED TO VARIABLE.
                   PARAMETER    6  A_CBO RESTORED TO VARIABLE.
                   PARAMETER    4  phi RESTORED TO VARIABLE.
                   PARAMETER    3  A0 RESTORED TO VARIABLE.
                   PARAMETER    1  N0 RESTORED TO VARIABLE.
 **********
 **   93 **MIGRAD
 **********
 START MIGRAD MINIMIZATION.  STRATEGY  1.  CONVERGENCE WHEN EDM .LT. 1.00e-04
 FCN=295.715 FROM MIGRAD    STATUS=INITIATE       22 CALLS         880 TOTAL
                     EDM= unknown      STRATEGY= 1      NO ERROR MATRIX       
  EXT PARAMETER               CURRENT GUESS       STEP         FIRST   
  NO.   NAME      VALUE            ERROR          SIZE      DERIVATIVE 
   1  N0           2.99677e+06   2.35656e+03   2.35656e+03   4.21724e-05
   2  tau          6.44001e+01   constant   
   3  A0           3.49650e-01   1.10146e-03   1.10146e-03  -1.45989e+02
   4  phi          4.11532e+00   3.17651e-03   3.17651e-03  -1.07516e+00
   5  R           -6.22301e+01   constant   
   6  A_CBO        1.82135e-03   1.10371e-03   1.10371e-03   1.64450e+00
   7  w_CBO        2.32501e+00   1.05193e-02   1.05193e-02   5.08996e-02
   8  phi_CBO     -3.97637e-01   9.39232e-01   9.39232e-01  -3.40669e-04
   9  ANx2         8.68669e-04   constant   
  10  pNx2         4.82289e+00   constant   
  11  ANy1         0.00000e+00   constant   
  12  pNy1         0.00000e+00   constant   
  13  w_y          0.00000e+00   constant   
  14  ANy2         1.05189e-04   1.12135e-03   9.44942e-06  -1.54458e-02
  15  pNy2         1.49923e+00   constant   
  16  w_vw         1.43037e+01   constant   
  17  LM          -2.26665e-04   constant   
  18  wCBO_expCoeff   1.95449e+02   1.13953e+01   7.27174e-03   2.45466e-06
  19  wCBO_expOffset   1.99436e+02   1.75692e+00   1.12008e-03   1.63107e-05
