 + ++++++++++++++++++++++++++++++++++++++++++++++++++++++++++++++++++++ +
 +                                                                      +
 +           You have chose to blind your fitting according to          +
 +                omega_ref * (1 + (R +/- deltaR) *10^{-6})             +
 +                                                                      +
 + ++++++++++++++++++++++++++++++++++++++++++++++++++++++++++++++++++++ +
In main()...
reading format from /gm2data/zkhechad/run45/envelope/formats/formatB_sBin_constraintOn.txt
pBinTau 	= 0  
pBinPhi 	= 0  
constraintau 	= 1 
includeMopTerm 	= 0    
constrainMop    = 0   
Parameters after format file: pBinTau 0 pBinPhi 0 constraintau 1 includeMopTerm 0 constrainMop 0 c_e_scale 0.000000 
reading cbo reference file (full fit) from /gm2data/zkhechad/cboTemplates/Run4CBOTemplates/fullFits/run4/sBin_constraintOn_cE0.0_seed0_run4_calo21.root
A_CBO 0.009954 w_CBO 2.326310 phi_CBO 2.942572 N0 2740148.315147 R -59.181603 tau 64.402317 
Reading cboRef file /gm2data/zkhechad/cboTemplates/Run4CBOTemplates//cboIsolate/run4_calo21.root
deltaT 164.120000
windowBins = 1100
fitting sliding window 2420 from bin 2623 at 391.351600 to bin 3723 at 555.471600 (1100 bins)

Reading data from /gm2data/cornell/histograms/aMethod/histogram_a_run4.root
fitting cbo isolate
 **********
 **    1 **SET PRINTOUT            1
 **********
 **********
 **    2 **SET NOWARNINGS 
 **********
 PARAMETER DEFINITIONS:
    NO.   NAME         VALUE      STEP SIZE      LIMITS
     1 A_CBO        9.95405e-03  1.00000e-05     no limits
     2 w_CBO        2.32631e+00  1.00000e-02    2.00000e+00  3.00000e+00
     3 phi_CBO      2.94257e+00  1.00000e-02    0.00000e+00  6.28319e+00
 **********
 **    3 **MIGRAD
 **********
 FIRST CALL TO USER FUNCTION AT NEW START POINT, WITH IFLAG=4.
 START MIGRAD MINIMIZATION.  STRATEGY  1.  CONVERGENCE WHEN EDM .LT. 1.00e-04
 FCN=0.333862 FROM MIGRAD    STATUS=INITIATE       12 CALLS          13 TOTAL
                     EDM= unknown      STRATEGY= 1      NO ERROR MATRIX       
  EXT PARAMETER               CURRENT GUESS       STEP         FIRST   
  NO.   NAME      VALUE            ERROR          SIZE      DERIVATIVE 
   1  A_CBO        9.95405e-03   1.00000e-05   1.00000e-05   8.92330e+00
   2  w_CBO        2.32631e+00   1.00000e-02   2.13305e-02   3.36209e+00
   3  phi_CBO      2.94257e+00   1.00000e-02   3.18951e-03  -4.50977e-02
 MIGRAD MINIMIZATION HAS CONVERGED.
 MIGRAD WILL VERIFY CONVERGENCE AND ERROR MATRIX.
 COVARIANCE MATRIX CALCULATED SUCCESSFULLY
 FCN=0.296673 FROM HESSE     STATUS=OK             16 CALLS          63 TOTAL
                     EDM=0.00596683    STRATEGY= 1      ERROR MATRIX ACCURATE 
  EXT PARAMETER                                   STEP         FIRST   
  NO.   NAME      VALUE            ERROR          SIZE      DERIVATIVE 
   1  A_CBO        2.29265e-03   8.19132e-02   2.37336e-05  -5.74453e-02
   2  w_CBO        2.32540e+00   6.25551e-01   5.98106e-05   7.00576e-03
   3  phi_CBO      3.20802e+00   4.56813e+00   3.25620e-03   1.14607e-03
 MIGRAD MINIMIZATION HAS CONVERGED.
 MIGRAD WILL VERIFY CONVERGENCE AND ERROR MATRIX.
 COVARIANCE MATRIX CALCULATED SUCCESSFULLY
 FCN=0.295574 FROM MIGRAD    STATUS=CONVERGED     143 CALLS         144 TOTAL
                     EDM=2.15244e-05    STRATEGY= 1      ERROR MATRIX ACCURATE 
  EXT PARAMETER                                   STEP         FIRST   
  NO.   NAME      VALUE            ERROR          SIZE      DERIVATIVE 
   1  A_CBO        2.68703e-03   4.27202e-02   2.37040e-05  -5.68211e-02
   2  w_CBO        2.31844e+00   5.62380e-02   3.99508e-05  -4.35852e-02
   3  phi_CBO      4.06116e-02   4.64190e+00   1.32940e-02   2.33917e-04
 EXTERNAL ERROR MATRIX.    NDIM=  25    NPAR=  3    ERR DEF=1
  1.825e-03 -7.197e-05 -4.498e-02 
 -7.197e-05  3.178e-03  8.882e-01 
 -4.498e-02  8.882e-01  3.935e+02 
 PARAMETER  CORRELATION COEFFICIENTS  
       NO.  GLOBAL      1      2      3
        1  0.05679   1.000 -0.030 -0.053
        2  0.79428  -0.030  1.000  0.794
        3  0.79472  -0.053  0.794  1.000
setting A_CBO=0.002687 w_CBO=2.318445, phi_CBO=0.040612
done fitting cbo isolate
 **********
 **    1 **SET PRINTOUT            1
 **********
 **********
 **    2 **SET NOWARNINGS 
 **********
 PARAMETER DEFINITIONS:
    NO.   NAME         VALUE      STEP SIZE      LIMITS
     1 N0           2.74015e+06  1.00000e+02     no limits
     2 tau          6.44023e+01  constant
     3 A0           3.54223e-01  1.00000e-04     no limits
     4 phi          4.11631e+00  1.00000e-02     no limits
     5 R           -5.91816e+01  constant
     6 A_CBO        2.68703e-03  1.00000e-05     no limits
     7 w_CBO        2.31844e+00  1.00000e-03     no limits
     8 phi_CBO      4.06116e-02  1.00000e-04     no limits
     9 ANx2         7.44254e-04  constant
    10 pNx2         1.53785e+00  constant
    11 ANy1         0.00000e+00  constant
    12 pNy1         0.00000e+00  constant
    13 w_y          0.00000e+00  constant
    14 ANy2         8.00900e-03  1.00000e-04     no limits
    15 pNy2         3.64406e+00  constant
    16 w_vw         1.43170e+01  constant
    17 LM          -4.99363e-05  constant
    18 wCBO_expCoeff   2.00000e+02  1.00000e+00     no limits
    19 wCBO_expOffset   2.00000e+02  1.00000e+00     no limits
    20 wCBO_expT    3.00000e+01  1.00000e+00     no limits
    21 wCBO_linCoeff   0.00000e+00  constant
    22 wCBO_const   0.00000e+00  1.00000e-02     no limits
MINUIT - FIT ONLY WIGGLE
 **********
 **    3 **FIX            5
 **********
 PARAMETER    5  IS CONSTANT.   IGNORED.
 **********
 **    4 **FIX            6
 **********
 **********
 **    5 **FIX            7
 **********
 **********
 **    6 **FIX            8
 **********
 **********
 **    7 **FIX            9
 **********
 PARAMETER    9  IS CONSTANT.   IGNORED.
 **********
 **    8 **FIX           10
 **********
 PARAMETER   10  IS CONSTANT.   IGNORED.
 **********
 **    9 **FIX           11
 **********
 PARAMETER   11  IS CONSTANT.   IGNORED.
 **********
 **   10 **FIX           12
 **********
 PARAMETER   12  IS CONSTANT.   IGNORED.
 **********
 **   11 **FIX           13
 **********
 PARAMETER   13  IS CONSTANT.   IGNORED.
 **********
 **   12 **FIX           14
 **********
 **********
 **   13 **FIX           15
 **********
 PARAMETER   15  IS CONSTANT.   IGNORED.
 **********
 **   14 **FIX           16
 **********
 PARAMETER   16  IS CONSTANT.   IGNORED.
 **********
 **   15 **MIGRAD
 **********
 FIRST CALL TO USER FUNCTION AT NEW START POINT, WITH IFLAG=4.
 START MIGRAD MINIMIZATION.  STRATEGY  1.  CONVERGENCE WHEN EDM .LT. 1.00e-04
 FCN=370.101 FROM MIGRAD    STATUS=INITIATE       26 CALLS          27 TOTAL
                     EDM= unknown      STRATEGY= 1      NO ERROR MATRIX       
  EXT PARAMETER               CURRENT GUESS       STEP         FIRST   
  NO.   NAME      VALUE            ERROR          SIZE      DERIVATIVE 
   1  N0           2.74015e+06   1.00000e+02   1.00000e+02   7.16073e-04
   2  tau          6.44023e+01   constant   
   3  A0           3.54223e-01   1.00000e-04   1.00000e-04   2.07624e+03
   4  phi          4.11631e+00   1.00000e-02   1.00000e-02   4.65854e+02
   5  R           -5.91816e+01   constant   
   6  A_CBO        2.68703e-03     fixed    
   7  w_CBO        2.31844e+00     fixed    
   8  phi_CBO      4.06116e-02     fixed    
   9  ANx2         7.44254e-04   constant   
  10  pNx2         1.53785e+00   constant   
  11  ANy1         0.00000e+00   constant   
  12  pNy1         0.00000e+00   constant   
  13  w_y          0.00000e+00   constant   
  14  ANy2         8.00900e-03     fixed    
  15  pNy2         3.64406e+00   constant   
  16  w_vw         1.43170e+01   constant   
  17  LM          -4.99363e-05   constant   
  18  wCBO_expCoeff   2.00000e+02   1.00000e+00   1.00000e+00  -1.55716e+00
  19  wCBO_expOffset   2.00000e+02   1.00000e+00   1.00000e+00  -1.03811e+01
  20  wCBO_expT    3.00000e+01   1.00000e+00   1.00000e+00  -6.77159e+01
  21  wCBO_linCoeff   0.00000e+00   constant   
  22  wCBO_const   0.00000e+00   1.00000e-02   1.00000e-02   1.19967e+03
 MIGRAD MINIMIZATION HAS CONVERGED.
 FCN=363.367 FROM MIGRAD    STATUS=CONVERGED     167 CALLS         168 TOTAL
                     EDM=3.85281e-07    STRATEGY= 1  ERROR MATRIX UNCERTAINTY   0.8 per cent
  EXT PARAMETER                                   STEP         FIRST   
  NO.   NAME      VALUE            ERROR          SIZE      DERIVATIVE 
   1  N0           2.73843e+06   2.03690e+03   5.21945e+00  -3.94981e-08
   2  tau          6.44023e+01   constant   
   3  A0           3.53384e-01   9.80456e-04   4.70691e-06   1.75659e-01
   4  phi          4.11466e+00   2.88731e-03  -1.32988e-07   9.02590e-02
   5  R           -5.91816e+01   constant   
   6  A_CBO        2.68703e-03     fixed    
   7  w_CBO        2.31844e+00     fixed    
   8  phi_CBO      4.06116e-02     fixed    
   9  ANx2         7.44254e-04   constant   
  10  pNx2         1.53785e+00   constant   
  11  ANy1         0.00000e+00   constant   
  12  pNy1         0.00000e+00   constant   
  13  w_y          0.00000e+00   constant   
  14  ANy2         8.00900e-03     fixed    
  15  pNy2         3.64406e+00   constant   
  16  w_vw         1.43170e+01   constant   
  17  LM          -4.99363e-05   constant   
  18  wCBO_expCoeff   1.99503e+02   6.05164e+00  -1.10019e-02  -1.98565e-03
  19  wCBO_expOffset   1.99925e+02   9.13234e-01  -1.67736e-03  -1.31706e-02
  20  wCBO_expT    3.00713e+01   2.79118e-01   6.26460e-04  -8.98737e-02
  21  wCBO_linCoeff   0.00000e+00   constant   
  22  wCBO_const  -1.50276e-03   8.59615e-04  -2.87544e-06  -1.06470e+00
 EXTERNAL ERROR MATRIX.    NDIM=  25    NPAR=  7    ERR DEF=1
  4.149e+06 -3.829e-02 -7.678e-02 -1.471e+03 -2.221e+02  6.682e+01 -4.050e-02 
 -3.829e-02  9.613e-07  1.173e-08  2.405e-04  3.627e-05 -1.055e-05 -2.071e-08 
 -7.678e-02  1.173e-08  8.337e-06  7.557e-04  1.141e-04 -3.314e-05 -6.397e-08 
 -1.471e+03  2.405e-04  7.557e-04  3.662e+01  5.393e+00 -1.676e+00  3.735e-03 
 -2.221e+02  3.627e-05  1.141e-04  5.393e+00  8.340e-01 -2.529e-01  5.638e-04 
  6.682e+01 -1.055e-05 -3.314e-05 -1.676e+00 -2.529e-01  7.791e-02 -1.813e-04 
 -4.050e-02 -2.071e-08 -6.397e-08  3.735e-03  5.638e-04 -1.813e-04  7.389e-07 
 PARAMETER  CORRELATION COEFFICIENTS  
       NO.  GLOBAL      1      3      4     18     19     20     22
        1  0.16340   1.000 -0.019 -0.013 -0.119 -0.119  0.118 -0.023
        3  0.10062  -0.019  1.000  0.004  0.041  0.041 -0.039 -0.025
        4  0.10604  -0.013  0.004  1.000  0.043  0.043 -0.041 -0.026
       18  0.99737  -0.119  0.041  0.043  1.000  0.976 -0.992  0.718
       19  0.99741  -0.119  0.041  0.043  0.976  1.000 -0.992  0.718
       20  0.99934   0.118 -0.039 -0.041 -0.992 -0.992  1.000 -0.756
       22  0.91489  -0.023 -0.025 -0.026  0.718  0.718 -0.756  1.000
MINUIT - FIT ONLY 1-CBO + other amplitudes 
 **********
 **   16 **RES 
 **********
                   PARAMETER   14  ANy2 RESTORED TO VARIABLE.
                   PARAMETER    8  phi_CBO RESTORED TO VARIABLE.
                   PARAMETER    7  w_CBO RESTORED TO VARIABLE.
                   PARAMETER    6  A_CBO RESTORED TO VARIABLE.
 **********
 **   17 **FIX            0
 **********
 PARAMETER    0  IS UNDEFINED. IGNORED.
 **********
 **   18 **FIX            1
 **********
 **********
 **   19 **FIX            2
 **********
 PARAMETER    2  IS CONSTANT.   IGNORED.
 **********
 **   20 **FIX            3
 **********
 **********
 **   21 **FIX            4
 **********
 **********
 **   22 **FIX            9
 **********
 PARAMETER    9  IS CONSTANT.   IGNORED.
 **********
 **   23 **FIX           11
 **********
 PARAMETER   11  IS CONSTANT.   IGNORED.
 **********
 **   24 **FIX           12
 **********
 PARAMETER   12  IS CONSTANT.   IGNORED.
 **********
 **   25 **FIX           14
 **********
 **********
 **   26 **FIX           15
 **********
 PARAMETER   15  IS CONSTANT.   IGNORED.
 **********
 **   27 **FIX           16
 **********
 PARAMETER   16  IS CONSTANT.   IGNORED.
 **********
 **   28 **MIGRAD
 **********
 START MIGRAD MINIMIZATION.  STRATEGY  1.  CONVERGENCE WHEN EDM .LT. 1.00e-04
 FCN=363.367 FROM MIGRAD    STATUS=INITIATE       20 CALLS         188 TOTAL
                     EDM= unknown      STRATEGY= 1      NO ERROR MATRIX       
  EXT PARAMETER               CURRENT GUESS       STEP         FIRST   
  NO.   NAME      VALUE            ERROR          SIZE      DERIVATIVE 
   1  N0           2.73843e+06     fixed    
   2  tau          6.44023e+01   constant   
   3  A0           3.53384e-01     fixed    
   4  phi          4.11466e+00     fixed    
   5  R           -5.91816e+01   constant   
   6  A_CBO        2.68703e-03   1.00000e-05   1.00000e-05   2.68645e+03
   7  w_CBO        2.31844e+00   1.00000e-03   1.00000e-03  -6.30604e-01
   8  phi_CBO      4.06116e-02   1.00000e-04   1.00000e-04  -1.63218e+00
   9  ANx2         7.44254e-04   constant   
  10  pNx2         1.53785e+00   constant   
  11  ANy1         0.00000e+00   constant   
  12  pNy1         0.00000e+00   constant   
  13  w_y          0.00000e+00   constant   
  14  ANy2         8.00900e-03     fixed    
  15  pNy2         3.64406e+00   constant   
  16  w_vw         1.43170e+01   constant   
  17  LM          -4.99363e-05   constant   
  18  wCBO_expCoeff   1.99503e+02   6.05164e+00  -1.10019e-02  -1.98571e-03
  19  wCBO_expOffset   1.99925e+02   9.13234e-01  -1.67736e-03  -1.31709e-02
  20  wCBO_expT    3.00713e+01   2.79118e-01   6.26460e-04  -8.98756e-02
  21  wCBO_linCoeff   0.00000e+00   constant   
  22  wCBO_const  -1.50276e-03   8.59615e-04  -2.87544e-06  -1.06471e+00
 MIGRAD MINIMIZATION HAS CONVERGED.
 MIGRAD WILL VERIFY CONVERGENCE AND ERROR MATRIX.
 FCN=361.074 FROM MIGRAD    STATUS=CONVERGED     232 CALLS         400 TOTAL
                     EDM=4.39669e-09    STRATEGY= 1      ERR MATRIX NOT POS-DEF
  EXT PARAMETER                APPROXIMATE        STEP         FIRST   
  NO.   NAME      VALUE            ERROR          SIZE      DERIVATIVE 
   1  N0           2.73843e+06     fixed    
   2  tau          6.44023e+01   constant   
   3  A0           3.53384e-01     fixed    
   4  phi          4.11466e+00     fixed    
   5  R           -5.91816e+01   constant   
   6  A_CBO        1.21169e-03   1.04580e-03   9.66830e-06   4.41101e-02
   7  w_CBO        2.31865e+00   8.57851e-03   7.40076e-06   3.50675e-02
   8  phi_CBO      4.90755e-01   9.74538e-01   7.92671e-03   1.93836e-05
   9  ANx2         7.44254e-04   constant   
  10  pNx2         1.53785e+00   constant   
  11  ANy1         0.00000e+00   constant   
  12  pNy1         0.00000e+00   constant   
  13  w_y          0.00000e+00   constant   
  14  ANy2         8.00900e-03     fixed    
  15  pNy2         3.64406e+00   constant   
  16  w_vw         1.43170e+01   constant   
  17  LM          -4.99363e-05   constant   
  18  wCBO_expCoeff   2.00069e+02   5.65417e+00   4.55266e-03  -3.35287e-05
  19  wCBO_expOffset   2.00010e+02   8.49503e-01   6.83762e-04  -2.23214e-04
  20  wCBO_expT    3.00472e+01   1.20083e-01   1.01026e-04  -1.46670e-03
  21  wCBO_linCoeff   0.00000e+00   constant   
  22  wCBO_const  -1.45776e-03   3.69420e-03   3.57843e-06   8.81514e-02
 EXTERNAL ERROR MATRIX.    NDIM=  25    NPAR=  7    ERR DEF=1
  1.094e-06 -2.515e-08 -2.459e-05 -2.714e-04 -4.084e-05  1.207e-05  1.954e-08 
 -2.515e-08  7.359e-05  8.243e-05 -1.815e-03 -2.745e-04 -7.005e-05 -3.120e-05 
 -2.459e-05  8.243e-05  9.497e-01 -2.826e-01 -4.251e-02  1.504e-02  7.838e-05 
 -2.714e-04 -1.815e-03 -2.826e-01  3.197e+01 -2.793e+00 -3.036e-01  1.273e-03 
 -4.084e-05 -2.745e-04 -4.251e-02 -2.793e+00  7.217e-01 -4.569e-02  1.921e-04 
  1.207e-05 -7.005e-05  1.504e-02 -3.036e-01 -4.569e-02  1.442e-02 -1.100e-06 
  1.954e-08 -3.120e-05  7.838e-05  1.273e-03  1.921e-04 -1.100e-06  1.365e-05 
ERR MATRIX NOT POS-DEF
 PARAMETER  CORRELATION COEFFICIENTS  
       NO.  GLOBAL      6      7      8     18     19     20     22
        6  0.12442   1.000 -0.003 -0.024 -0.046 -0.046  0.096  0.005
        7  0.99570  -0.003  1.000  0.010 -0.037 -0.038 -0.068 -0.984
        8  0.48746  -0.024  0.010  1.000 -0.051 -0.051  0.128  0.022
       18  0.99626  -0.046 -0.037 -0.051  1.000 -0.582 -0.447  0.061
       19  0.99626  -0.046 -0.038 -0.051 -0.582  1.000 -0.448  0.061
       20  0.99591   0.096 -0.068  0.128 -0.447 -0.448  1.000 -0.002
       22  0.99458   0.005 -0.984  0.022  0.061  0.061 -0.002  1.000
 ERR MATRIX NOT POS-DEF
MINUIT - FIT ONLY 1-CBO
 **********
 **   29 **RES 
 **********
                   PARAMETER   14  ANy2 RESTORED TO VARIABLE.
                   PARAMETER    4  phi RESTORED TO VARIABLE.
                   PARAMETER    3  A0 RESTORED TO VARIABLE.
                   PARAMETER    1  N0 RESTORED TO VARIABLE.
 **********
 **   30 **FIX            0
 **********
 PARAMETER    0  IS UNDEFINED. IGNORED.
 **********
 **   31 **FIX            1
 **********
 **********
 **   32 **FIX            2
 **********
 PARAMETER    2  IS CONSTANT.   IGNORED.
 **********
 **   33 **FIX            3
 **********
 **********
 **   34 **FIX            4
 **********
 **********
 **   35 **FIX            8
 **********
 **********
 **   36 **FIX            9
 **********
 PARAMETER    9  IS CONSTANT.   IGNORED.
 **********
 **   37 **FIX           11
 **********
 PARAMETER   11  IS CONSTANT.   IGNORED.
 **********
 **   38 **FIX           12
 **********
 PARAMETER   12  IS CONSTANT.   IGNORED.
 **********
 **   39 **FIX           13
 **********
 PARAMETER   13  IS CONSTANT.   IGNORED.
 **********
 **   40 **FIX           15
 **********
 PARAMETER   15  IS CONSTANT.   IGNORED.
 **********
 **   41 **FIX           16
 **********
 PARAMETER   16  IS CONSTANT.   IGNORED.
 **********
 **   42 **MIGRAD
 **********
 START MIGRAD MINIMIZATION.  STRATEGY  1.  CONVERGENCE WHEN EDM .LT. 1.00e-04
 FCN=361.074 FROM MIGRAD    STATUS=INITIATE       16 CALLS         416 TOTAL
                     EDM= unknown      STRATEGY= 1      NO ERROR MATRIX       
  EXT PARAMETER               CURRENT GUESS       STEP         FIRST   
  NO.   NAME      VALUE            ERROR          SIZE      DERIVATIVE 
   1  N0           2.73843e+06     fixed    
   2  tau          6.44023e+01   constant   
   3  A0           3.53384e-01     fixed    
   4  phi          4.11466e+00     fixed    
   5  R           -5.91816e+01   constant   
   6  A_CBO        1.21169e-03   1.04580e-03   9.66830e-06   4.41101e-02
   7  w_CBO        2.31865e+00   8.57851e-03   7.40076e-06   3.55202e-02
   8  phi_CBO      4.90755e-01     fixed    
   9  ANx2         7.44254e-04   constant   
  10  pNx2         1.53785e+00   constant   
  11  ANy1         0.00000e+00   constant   
  12  pNy1         0.00000e+00   constant   
  13  w_y          0.00000e+00   constant   
  14  ANy2         8.00900e-03   1.00000e-04   1.00000e-04   1.63370e+04
  15  pNy2         3.64406e+00   constant   
  16  w_vw         1.43170e+01   constant   
  17  LM          -4.99363e-05   constant   
  18  wCBO_expCoeff   2.00069e+02   5.65417e+00   4.55266e-03  -3.26923e-05
  19  wCBO_expOffset   2.00010e+02   8.49503e-01   6.83762e-04  -2.17220e-04
  20  wCBO_expT    3.00472e+01   1.20083e-01   1.01026e-04  -1.43179e-03
  21  wCBO_linCoeff   0.00000e+00   constant   
  22  wCBO_const  -1.45776e-03   3.69420e-03   3.57843e-06   8.92064e-02
 MIGRAD MINIMIZATION HAS CONVERGED.
 MIGRAD WILL VERIFY CONVERGENCE AND ERROR MATRIX.
 FCN=289.346 FROM MIGRAD    STATUS=CONVERGED     219 CALLS         619 TOTAL
                     EDM=1.44828e-06    STRATEGY= 1      ERR MATRIX NOT POS-DEF
  EXT PARAMETER                APPROXIMATE        STEP         FIRST   
  NO.   NAME      VALUE            ERROR          SIZE      DERIVATIVE 
   1  N0           2.73843e+06     fixed    
   2  tau          6.44023e+01   constant   
   3  A0           3.53384e-01     fixed    
   4  phi          4.11466e+00     fixed    
   5  R           -5.91816e+01   constant   
   6  A_CBO        1.16174e-03   1.04079e-03   8.59433e-06   4.32519e-01
   7  w_CBO        2.31902e+00   8.18973e-03   7.00415e-06   1.74238e+00
   8  phi_CBO      4.90755e-01     fixed    
   9  ANx2         7.44254e-04   constant   
  10  pNx2         1.53785e+00   constant   
  11  ANy1         0.00000e+00   constant   
  12  pNy1         0.00000e+00   constant   
  13  w_y          0.00000e+00   constant   
  14  ANy2        -7.80963e-04   1.03442e-03   8.62281e-06  -1.44068e-01
  15  pNy2         3.64406e+00   constant   
  16  w_vw         1.43170e+01   constant   
  17  LM          -4.99363e-05   constant   
  18  wCBO_expCoeff   2.02082e+02   7.00133e+00   4.92300e-03   1.74436e-03
  19  wCBO_expOffset   2.00312e+02   1.03828e+00   7.29689e-04   1.17667e-02
  20  wCBO_expT    2.99582e+01   1.40503e-01   1.05681e-04   8.86415e-02
  21  wCBO_linCoeff   0.00000e+00   constant   
  22  wCBO_const  -1.50345e-03   3.52652e-03   3.33252e-06   3.69373e+00
 EXTERNAL ERROR MATRIX.    NDIM=  25    NPAR=  7    ERR DEF=1
  1.083e-06 -3.081e-08 -3.171e-10 -4.317e-04 -6.412e-05  1.874e-05  1.468e-08 
 -3.081e-08  6.707e-05 -2.087e-10 -1.484e-03 -2.219e-04 -7.289e-05 -2.839e-05 
 -3.171e-10 -2.087e-10  1.070e-06 -9.080e-05 -1.349e-05  3.232e-06  6.326e-09 
 -4.317e-04 -1.484e-03 -9.080e-05  4.902e+01 -4.343e+00 -4.335e-01  1.280e-03 
 -6.412e-05 -2.219e-04 -1.349e-05 -4.343e+00  1.078e+00 -6.437e-02  1.906e-04 
  1.874e-05 -7.289e-05  3.232e-06 -4.335e-01 -6.437e-02  1.974e-02 -7.109e-06 
  1.468e-08 -2.839e-05  6.326e-09  1.280e-03  1.906e-04 -7.109e-06  1.244e-05 
ERR MATRIX NOT POS-DEF
 PARAMETER  CORRELATION COEFFICIENTS  
       NO.  GLOBAL      6      7     14     18     19     20     22
        6  0.14247   1.000 -0.004 -0.000 -0.059 -0.059  0.128  0.004
        7  0.99475  -0.004  1.000 -0.000 -0.026 -0.026 -0.063 -0.983
       14  0.05120  -0.000 -0.000  1.000 -0.013 -0.013  0.022  0.002
       18  0.99645  -0.059 -0.026 -0.013  1.000 -0.597 -0.441  0.052
       19  0.99645  -0.059 -0.026 -0.013 -0.597  1.000 -0.441  0.052
       20  0.99594   0.128 -0.063  0.022 -0.441 -0.441  1.000 -0.014
       22  0.99359   0.004 -0.983  0.002  0.052  0.052 -0.014  1.000
 ERR MATRIX NOT POS-DEF
MINUIT - FIT ONLY 2-CBO
 **********
 **   43 **RES 
 **********
                   PARAMETER    8  phi_CBO RESTORED TO VARIABLE.
                   PARAMETER    4  phi RESTORED TO VARIABLE.
                   PARAMETER    3  A0 RESTORED TO VARIABLE.
                   PARAMETER    1  N0 RESTORED TO VARIABLE.
 **********
 **   44 **FIX            0
 **********
 PARAMETER    0  IS UNDEFINED. IGNORED.
 **********
 **   45 **FIX            1
 **********
 **********
 **   46 **FIX            2
 **********
 PARAMETER    2  IS CONSTANT.   IGNORED.
 **********
 **   47 **FIX            3
 **********
 **********
 **   48 **FIX            4
 **********
 **********
 **   49 **FIX            5
 **********
 PARAMETER    5  IS CONSTANT.   IGNORED.
 **********
 **   50 **FIX            6
 **********
 **********
 **   51 **FIX            7
 **********
 **********
 **   52 **FIX           10
 **********
 PARAMETER   10  IS CONSTANT.   IGNORED.
 **********
 **   53 **FIX           11
 **********
 PARAMETER   11  IS CONSTANT.   IGNORED.
 **********
 **   54 **FIX           12
 **********
 PARAMETER   12  IS CONSTANT.   IGNORED.
 **********
 **   55 **FIX           13
 **********
 PARAMETER   13  IS CONSTANT.   IGNORED.
 **********
 **   56 **FIX           14
 **********
 **********
 **   57 **FIX           15
 **********
 PARAMETER   15  IS CONSTANT.   IGNORED.
 **********
 **   58 **FIX           16
 **********
 PARAMETER   16  IS CONSTANT.   IGNORED.
 **********
 **   59 **MIGRAD
 **********
 START MIGRAD MINIMIZATION.  STRATEGY  1.  CONVERGENCE WHEN EDM .LT. 1.00e-04
 FCN=289.346 FROM MIGRAD    STATUS=INITIATE       12 CALLS         631 TOTAL
                     EDM= unknown      STRATEGY= 1      NO ERROR MATRIX       
  EXT PARAMETER               CURRENT GUESS       STEP         FIRST   
  NO.   NAME      VALUE            ERROR          SIZE      DERIVATIVE 
   1  N0           2.73843e+06     fixed    
   2  tau          6.44023e+01   constant   
   3  A0           3.53384e-01     fixed    
   4  phi          4.11466e+00     fixed    
   5  R           -5.91816e+01   constant   
   6  A_CBO        1.16174e-03     fixed    
   7  w_CBO        2.31902e+00     fixed    
   8  phi_CBO      4.90755e-01   9.74538e-01   9.74538e-01  -6.90194e-03
   9  ANx2         7.44254e-04   constant   
  10  pNx2         1.53785e+00   constant   
  11  ANy1         0.00000e+00   constant   
  12  pNy1         0.00000e+00   constant   
  13  w_y          0.00000e+00   constant   
  14  ANy2        -7.80963e-04     fixed    
  15  pNy2         3.64406e+00   constant   
  16  w_vw         1.43170e+01   constant   
  17  LM          -4.99363e-05   constant   
  18  wCBO_expCoeff   2.02082e+02   7.00133e+00   4.92300e-03   1.75321e-03
  19  wCBO_expOffset   2.00312e+02   1.03828e+00   7.29689e-04   1.18286e-02
  20  wCBO_expT    2.99582e+01   1.40503e-01   1.05681e-04   8.89463e-02
  21  wCBO_linCoeff   0.00000e+00   constant   
  22  wCBO_const  -1.50345e-03   3.52652e-03   3.33252e-06   3.69803e+00
 MIGRAD MINIMIZATION HAS CONVERGED.
 MIGRAD WILL VERIFY CONVERGENCE AND ERROR MATRIX.
 FCN=289.346 FROM MIGRAD    STATUS=CONVERGED      75 CALLS         694 TOTAL
                     EDM=7.08906e-09    STRATEGY= 1      ERR MATRIX NOT POS-DEF
  EXT PARAMETER                APPROXIMATE        STEP         FIRST   
  NO.   NAME      VALUE            ERROR          SIZE      DERIVATIVE 
   1  N0           2.73843e+06     fixed    
   2  tau          6.44023e+01   constant   
   3  A0           3.53384e-01     fixed    
   4  phi          4.11466e+00     fixed    
   5  R           -5.91816e+01   constant   
   6  A_CBO        1.16174e-03     fixed    
   7  w_CBO        2.31902e+00     fixed    
   8  phi_CBO      4.94040e-01   1.03408e+00   7.45757e-03  -1.71272e-06
   9  ANx2         7.44254e-04   constant   
  10  pNx2         1.53785e+00   constant   
  11  ANy1         0.00000e+00   constant   
  12  pNy1         0.00000e+00   constant   
  13  w_y          0.00000e+00   constant   
  14  ANy2        -7.80963e-04     fixed    
  15  pNy2         3.64406e+00   constant   
  16  w_vw         1.43170e+01   constant   
  17  LM          -4.99363e-05   constant   
  18  wCBO_expCoeff   2.02082e+02   7.41934e+00   4.92033e-03   3.07148e-05
  19  wCBO_expOffset   2.00312e+02   1.10042e+00   7.29429e-04   2.07197e-04
  20  wCBO_expT    2.99582e+01   1.46734e-01   1.05628e-04   9.89697e-04
  21  wCBO_linCoeff   0.00000e+00   constant   
  22  wCBO_const  -1.50346e-03   6.58606e-04   3.32838e-06  -1.64762e-01
 EXTERNAL ERROR MATRIX.    NDIM=  25    NPAR=  5    ERR DEF=1
  1.069e+00 -2.570e-01 -3.813e-02  1.632e-02  8.020e-05 
 -2.570e-01  5.505e+01 -4.997e+00 -4.745e-01  7.137e-04 
 -3.813e-02 -4.997e+00  1.211e+00 -7.052e-02  1.060e-04 
  1.632e-02 -4.745e-01 -7.052e-02  2.153e-02 -4.041e-05 
  8.020e-05  7.137e-04  1.060e-04 -4.041e-05  4.338e-07 
ERR MATRIX NOT POS-DEF
 PARAMETER  CORRELATION COEFFICIENTS  
       NO.  GLOBAL      8     18     19     20     22
        8  0.50293   1.000 -0.033 -0.034  0.108  0.118
       18  0.99684  -0.033  1.000 -0.612 -0.436  0.146
       19  0.99684  -0.034 -0.612  1.000 -0.437  0.146
       20  0.99627   0.108 -0.436 -0.437  1.000 -0.418
       22  0.79575   0.118  0.146  0.146 -0.418  1.000
 ERR MATRIX NOT POS-DEF
MINUIT - FIT ONLY 1-y
 **********
 **   60 **RES 
 **********
                   PARAMETER   14  ANy2 RESTORED TO VARIABLE.
                   PARAMETER    7  w_CBO RESTORED TO VARIABLE.
                   PARAMETER    6  A_CBO RESTORED TO VARIABLE.
                   PARAMETER    4  phi RESTORED TO VARIABLE.
                   PARAMETER    3  A0 RESTORED TO VARIABLE.
                   PARAMETER    1  N0 RESTORED TO VARIABLE.
 **********
 **   61 **FIX            0
 **********
 PARAMETER    0  IS UNDEFINED. IGNORED.
 **********
 **   62 **FIX            1
 **********
 **********
 **   63 **FIX            2
 **********
 PARAMETER    2  IS CONSTANT.   IGNORED.
 **********
 **   64 **FIX            3
 **********
 **********
 **   65 **FIX            4
 **********
 **********
 **   66 **FIX            5
 **********
 PARAMETER    5  IS CONSTANT.   IGNORED.
 **********
 **   67 **FIX            6
 **********
 **********
 **   68 **FIX            7
 **********
 **********
 **   69 **FIX            8
 **********
 **********
 **   70 **FIX            9
 **********
 PARAMETER    9  IS CONSTANT.   IGNORED.
 **********
 **   71 **FIX           13
 **********
 PARAMETER   13  IS CONSTANT.   IGNORED.
 **********
 **   72 **FIX           14
 **********
 **********
 **   73 **FIX           15
 **********
 PARAMETER   15  IS CONSTANT.   IGNORED.
 **********
 **   74 **FIX           16
 **********
 PARAMETER   16  IS CONSTANT.   IGNORED.
 **********
 **   75 **MIGRAD
 **********
 START MIGRAD MINIMIZATION.  STRATEGY  1.  CONVERGENCE WHEN EDM .LT. 1.00e-04
 FCN=289.346 FROM MIGRAD    STATUS=INITIATE        8 CALLS         702 TOTAL
                     EDM= unknown      STRATEGY= 1      NO ERROR MATRIX       
  EXT PARAMETER               CURRENT GUESS       STEP         FIRST   
  NO.   NAME      VALUE            ERROR          SIZE      DERIVATIVE 
   1  N0           2.73843e+06     fixed    
   2  tau          6.44023e+01   constant   
   3  A0           3.53384e-01     fixed    
   4  phi          4.11466e+00     fixed    
   5  R           -5.91816e+01   constant   
   6  A_CBO        1.16174e-03     fixed    
   7  w_CBO        2.31902e+00     fixed    
   8  phi_CBO      4.94040e-01     fixed    
   9  ANx2         7.44254e-04   constant   
  10  pNx2         1.53785e+00   constant   
  11  ANy1         0.00000e+00   constant   
  12  pNy1         0.00000e+00   constant   
  13  w_y          0.00000e+00   constant   
  14  ANy2        -7.80963e-04     fixed    
  15  pNy2         3.64406e+00   constant   
  16  w_vw         1.43170e+01   constant   
  17  LM          -4.99363e-05   constant   
  18  wCBO_expCoeff   2.02082e+02   7.41934e+00   4.92033e-03   3.21685e-05
  19  wCBO_expOffset   2.00312e+02   1.10042e+00   7.29429e-04   2.17361e-04
  20  wCBO_expT    2.99582e+01   1.46734e-01   1.05628e-04   1.03972e-03
  21  wCBO_linCoeff   0.00000e+00   constant   
  22  wCBO_const  -1.50346e-03   6.58606e-04   3.32838e-06  -1.60472e-01
 MIGRAD MINIMIZATION HAS CONVERGED.
 MIGRAD WILL VERIFY CONVERGENCE AND ERROR MATRIX.
 FCN=289.346 FROM MIGRAD    STATUS=CONVERGED      50 CALLS         744 TOTAL
                     EDM=8.2353e-11    STRATEGY= 1      ERR MATRIX NOT POS-DEF
  EXT PARAMETER                APPROXIMATE        STEP         FIRST   
  NO.   NAME      VALUE            ERROR          SIZE      DERIVATIVE 
   1  N0           2.73843e+06     fixed    
   2  tau          6.44023e+01   constant   
   3  A0           3.53384e-01     fixed    
   4  phi          4.11466e+00     fixed    
   5  R           -5.91816e+01   constant   
   6  A_CBO        1.16174e-03     fixed    
   7  w_CBO        2.31902e+00     fixed    
   8  phi_CBO      4.94040e-01     fixed    
   9  ANx2         7.44254e-04   constant   
  10  pNx2         1.53785e+00   constant   
  11  ANy1         0.00000e+00   constant   
  12  pNy1         0.00000e+00   constant   
  13  w_y          0.00000e+00   constant   
  14  ANy2        -7.80963e-04     fixed    
  15  pNy2         3.64406e+00   constant   
  16  w_vw         1.43170e+01   constant   
  17  LM          -4.99363e-05   constant   
  18  wCBO_expCoeff   2.02082e+02   7.69961e+00   4.91886e-03   1.27381e-05
  19  wCBO_expOffset   2.00312e+02   1.14202e+00   7.29209e-04   8.59276e-05
  20  wCBO_expT    2.99582e+01   1.50281e-01   1.05604e-04   5.23594e-04
  21  wCBO_linCoeff   0.00000e+00   constant   
  22  wCBO_const  -1.50343e-03   6.57642e-04   3.32838e-06   1.46317e-02
 EXTERNAL ERROR MATRIX.    NDIM=  25    NPAR=  4    ERR DEF=1
  5.928e+01 -5.453e+00 -4.995e-01  7.864e-04 
 -5.453e+00  1.304e+00 -7.424e-02  1.168e-04 
 -4.995e-01 -7.424e-02  2.258e-02 -4.405e-05 
  7.864e-04  1.168e-04 -4.405e-05  4.325e-07 
ERR MATRIX NOT POS-DEF
 PARAMETER  CORRELATION COEFFICIENTS  
       NO.  GLOBAL     18     19     20     22
       18  0.99706   1.000 -0.620 -0.432  0.155
       19  0.99707  -0.620  1.000 -0.433  0.155
       20  0.99645  -0.432 -0.433  1.000 -0.446
       22  0.79501   0.155  0.155 -0.446  1.000
 ERR MATRIX NOT POS-DEF
MINUIT - FIT ONLY 2-y
 **********
 **   76 **RES 
 **********
                   PARAMETER   14  ANy2 RESTORED TO VARIABLE.
                   PARAMETER    8  phi_CBO RESTORED TO VARIABLE.
                   PARAMETER    7  w_CBO RESTORED TO VARIABLE.
                   PARAMETER    6  A_CBO RESTORED TO VARIABLE.
                   PARAMETER    4  phi RESTORED TO VARIABLE.
                   PARAMETER    3  A0 RESTORED TO VARIABLE.
                   PARAMETER    1  N0 RESTORED TO VARIABLE.
 **********
 **   77 **FIX            0
 **********
 PARAMETER    0  IS UNDEFINED. IGNORED.
 **********
 **   78 **FIX            1
 **********
 **********
 **   79 **FIX            2
 **********
 PARAMETER    2  IS CONSTANT.   IGNORED.
 **********
 **   80 **FIX            3
 **********
 **********
 **   81 **FIX            4
 **********
 **********
 **   82 **FIX            5
 **********
 PARAMETER    5  IS CONSTANT.   IGNORED.
 **********
 **   83 **FIX            6
 **********
 **********
 **   84 **FIX            7
 **********
 **********
 **   85 **FIX            8
 **********
 **********
 **   86 **FIX            9
 **********
 PARAMETER    9  IS CONSTANT.   IGNORED.
 **********
 **   87 **FIX           10
 **********
 PARAMETER   10  IS CONSTANT.   IGNORED.
 **********
 **   88 **FIX           11
 **********
 PARAMETER   11  IS CONSTANT.   IGNORED.
 **********
 **   89 **FIX           12
 **********
 PARAMETER   12  IS CONSTANT.   IGNORED.
 **********
 **   90 **FIX           16
 **********
 PARAMETER   16  IS CONSTANT.   IGNORED.
 **********
 **   91 **MIGRAD
 **********
 START MIGRAD MINIMIZATION.  STRATEGY  1.  CONVERGENCE WHEN EDM .LT. 1.00e-04
 FCN=289.346 FROM MIGRAD    STATUS=INITIATE       10 CALLS         754 TOTAL
                     EDM= unknown      STRATEGY= 1      NO ERROR MATRIX       
  EXT PARAMETER               CURRENT GUESS       STEP         FIRST   
  NO.   NAME      VALUE            ERROR          SIZE      DERIVATIVE 
   1  N0           2.73843e+06     fixed    
   2  tau          6.44023e+01   constant   
   3  A0           3.53384e-01     fixed    
   4  phi          4.11466e+00     fixed    
   5  R           -5.91816e+01   constant   
   6  A_CBO        1.16174e-03     fixed    
   7  w_CBO        2.31902e+00     fixed    
   8  phi_CBO      4.94040e-01     fixed    
   9  ANx2         7.44254e-04   constant   
  10  pNx2         1.53785e+00   constant   
  11  ANy1         0.00000e+00   constant   
  12  pNy1         0.00000e+00   constant   
  13  w_y          0.00000e+00   constant   
  14  ANy2        -7.80963e-04   1.03442e-03   1.03442e-03  -5.12156e-02
  15  pNy2         3.64406e+00   constant   
  16  w_vw         1.43170e+01   constant   
  17  LM          -4.99363e-05   constant   
  18  wCBO_expCoeff   2.02082e+02   7.69961e+00   4.91886e-03   1.41909e-05
  19  wCBO_expOffset   2.00312e+02   1.14202e+00   7.29209e-04   9.60960e-05
  20  wCBO_expT    2.99582e+01   1.50281e-01   1.05604e-04   5.73645e-04
  21  wCBO_linCoeff   0.00000e+00   constant   
  22  wCBO_const  -1.50343e-03   6.57642e-04   3.32838e-06   1.53389e-02
 MIGRAD MINIMIZATION HAS CONVERGED.
 MIGRAD WILL VERIFY CONVERGENCE AND ERROR MATRIX.
 FCN=289.346 FROM MIGRAD    STATUS=CONVERGED      61 CALLS         805 TOTAL
                     EDM=2.30402e-10    STRATEGY= 1      ERR MATRIX NOT POS-DEF
  EXT PARAMETER                APPROXIMATE        STEP         FIRST   
  NO.   NAME      VALUE            ERROR          SIZE      DERIVATIVE 
   1  N0           2.73843e+06     fixed    
   2  tau          6.44023e+01   constant   
   3  A0           3.53384e-01     fixed    
   4  phi          4.11466e+00     fixed    
   5  R           -5.91816e+01   constant   
   6  A_CBO        1.16174e-03     fixed    
   7  w_CBO        2.31902e+00     fixed    
   8  phi_CBO      4.94040e-01     fixed    
   9  ANx2         7.44254e-04   constant   
  10  pNx2         1.53785e+00   constant   
  11  ANy1         0.00000e+00   constant   
  12  pNy1         0.00000e+00   constant   
  13  w_y          0.00000e+00   constant   
  14  ANy2        -7.80940e-04   1.03490e-03   8.62281e-06  -8.52958e-03
  15  pNy2         3.64406e+00   constant   
  16  w_vw         1.43170e+01   constant   
  17  LM          -4.99363e-05   constant   
  18  wCBO_expCoeff   2.02082e+02   7.69841e+00   4.91889e-03  -2.52792e-05
  19  wCBO_expOffset   2.00312e+02   1.14185e+00   7.29213e-04  -1.70544e-04
  20  wCBO_expT    2.99582e+01   1.50298e-01   1.05605e-04  -1.26800e-03
  21  wCBO_linCoeff   0.00000e+00   constant   
  22  wCBO_const  -1.50343e-03   6.57638e-04   3.32837e-06  -3.48098e-02
 EXTERNAL ERROR MATRIX.    NDIM=  25    NPAR=  5    ERR DEF=1
  1.071e-06 -1.041e-04 -1.548e-05  3.828e-06  5.190e-09 
 -1.041e-04  5.927e+01 -5.448e+00 -4.997e-01  7.856e-04 
 -1.548e-05 -5.448e+00  1.304e+00 -7.427e-02  1.167e-04 
  3.828e-06 -4.997e-01 -7.427e-02  2.259e-02 -4.402e-05 
  5.190e-09  7.856e-04  1.167e-04 -4.402e-05  4.325e-07 
ERR MATRIX NOT POS-DEF
 PARAMETER  CORRELATION COEFFICIENTS  
       NO.  GLOBAL     14     18     19     20     22
       14  0.05222   1.000 -0.013 -0.013  0.025  0.008
       18  0.99706  -0.013  1.000 -0.620 -0.432  0.155
       19  0.99707  -0.013 -0.620  1.000 -0.433  0.155
       20  0.99645   0.025 -0.432 -0.433  1.000 -0.445
       22  0.79501   0.008  0.155  0.155 -0.445  1.000
 ERR MATRIX NOT POS-DEF
MINUIT - FIT ALTOGETHER
 **********
 **   92 **RES 
 **********
                   PARAMETER    8  phi_CBO RESTORED TO VARIABLE.
                   PARAMETER    7  w_CBO RESTORED TO VARIABLE.
                   PARAMETER    6  A_CBO RESTORED TO VARIABLE.
                   PARAMETER    4  phi RESTORED TO VARIABLE.
                   PARAMETER    3  A0 RESTORED TO VARIABLE.
                   PARAMETER    1  N0 RESTORED TO VARIABLE.
 **********
 **   93 **MIGRAD
 **********
 START MIGRAD MINIMIZATION.  STRATEGY  1.  CONVERGENCE WHEN EDM .LT. 1.00e-04
 FCN=289.346 FROM MIGRAD    STATUS=INITIATE       22 CALLS         827 TOTAL
                     EDM= unknown      STRATEGY= 1      NO ERROR MATRIX       
  EXT PARAMETER               CURRENT GUESS       STEP         FIRST   
  NO.   NAME      VALUE            ERROR          SIZE      DERIVATIVE 
   1  N0           2.73843e+06   2.03690e+03   2.03690e+03  -2.64233e-05
   2  tau          6.44023e+01   constant   
   3  A0           3.53384e-01   9.80456e-04   9.80456e-04  -1.21308e+02
   4  phi          4.11466e+00   2.88731e-03   2.88731e-03  -4.14268e+01
   5  R           -5.91816e+01   constant   
   6  A_CBO        1.16174e-03   1.04079e-03   1.04079e-03   7.41328e-01
   7  w_CBO        2.31902e+00   8.18973e-03   8.18973e-03  -1.51946e-02
   8  phi_CBO      4.94040e-01   1.03408e+00   1.03408e+00  -3.87993e-06
   9  ANx2         7.44254e-04   constant   
  10  pNx2         1.53785e+00   constant   
  11  ANy1         0.00000e+00   constant   
  12  pNy1         0.00000e+00   constant   
  13  w_y          0.00000e+00   constant   
  14  ANy2        -7.80940e-04   1.03490e-03   8.62281e-06  -8.52967e-03
  15  pNy2         3.64406e+00   constant   
  16  w_vw         1.43170e+01   constant   
  17  LM          -4.99363e-05   constant   
  18  wCBO_expCoeff   2.02082e+02   7.69841e+00   4.91889e-03  -2.38288e-05
  19  wCBO_expOffset   2.00312e+02   1.14185e+00   7.29213e-04  -1.60367e-04
