 + ++++++++++++++++++++++++++++++++++++++++++++++++++++++++++++++++++++ +
 +                                                                      +
 +           You have chose to blind your fitting according to          +
 +                omega_ref * (1 + (R +/- deltaR) *10^{-6})             +
 +                                                                      +
 + ++++++++++++++++++++++++++++++++++++++++++++++++++++++++++++++++++++ +
In main()...
reading format from /gm2data/zkhechad/run45/envelope/formats/formatB_sBin_constraintOn.txt
pBinTau 	= 0  
pBinPhi 	= 0  
constraintau 	= 1 
includeMopTerm 	= 0    
constrainMop    = 0   
Parameters after format file: pBinTau 0 pBinPhi 0 constraintau 1 includeMopTerm 0 constrainMop 0 c_e_scale 0.000000 
reading cbo reference file (full fit) from /gm2data/zkhechad/cboTemplates/Run4CBOTemplates/fullFits/run4/sBin_constraintOn_cE0.0_seed0_run4_calo22.root
A_CBO 0.009526 w_CBO 2.326135 phi_CBO 3.153773 N0 2910883.778789 R -61.156963 tau 64.406920 
Reading cboRef file /gm2data/zkhechad/cboTemplates/Run4CBOTemplates//cboIsolate/run4_calo22.root
deltaT 164.120000
windowBins = 1100
fitting sliding window 2580 from bin 2783 at 415.223600 to bin 3883 at 579.343600 (1100 bins)

Reading data from /gm2data/cornell/histograms/aMethod/histogram_a_run4.root
fitting cbo isolate
 **********
 **    1 **SET PRINTOUT            1
 **********
 **********
 **    2 **SET NOWARNINGS 
 **********
 PARAMETER DEFINITIONS:
    NO.   NAME         VALUE      STEP SIZE      LIMITS
     1 A_CBO        9.52554e-03  1.00000e-05     no limits
     2 w_CBO        2.32614e+00  1.00000e-02    2.00000e+00  3.00000e+00
     3 phi_CBO      3.15377e+00  1.00000e-02    0.00000e+00  6.28319e+00
 **********
 **    3 **MIGRAD
 **********
 FIRST CALL TO USER FUNCTION AT NEW START POINT, WITH IFLAG=4.
 START MIGRAD MINIMIZATION.  STRATEGY  1.  CONVERGENCE WHEN EDM .LT. 1.00e-04
 FCN=0.474923 FROM MIGRAD    STATUS=INITIATE       12 CALLS          13 TOTAL
                     EDM= unknown      STRATEGY= 1      NO ERROR MATRIX       
  EXT PARAMETER               CURRENT GUESS       STEP         FIRST   
  NO.   NAME      VALUE            ERROR          SIZE      DERIVATIVE 
   1  A_CBO        9.52554e-03   1.00000e-05   1.00000e-05   7.58318e+00
   2  w_CBO        2.32614e+00   1.00000e-02   2.13335e-02   2.15205e+00
   3  phi_CBO      3.15377e+00   1.00000e-02   3.18313e-03  -2.92409e-02
 MIGRAD MINIMIZATION HAS CONVERGED.
 MIGRAD WILL VERIFY CONVERGENCE AND ERROR MATRIX.
 COVARIANCE MATRIX CALCULATED SUCCESSFULLY
 FCN=0.448344 FROM MIGRAD    STATUS=CONVERGED      58 CALLS          59 TOTAL
                     EDM=4.58123e-05    STRATEGY= 1      ERROR MATRIX ACCURATE 
  EXT PARAMETER                                   STEP         FIRST   
  NO.   NAME      VALUE            ERROR          SIZE      DERIVATIVE 
   1  A_CBO        2.74750e-03   4.26919e-02   2.50807e-05  -1.68462e-02
   2  w_CBO        2.32585e+00   2.67026e-01   4.02039e-05   2.27316e-02
   3  phi_CBO      3.31257e+00   4.78780e+00   3.03308e-03  -5.06064e-04
 EXTERNAL ERROR MATRIX.    NDIM=  25    NPAR=  3    ERR DEF=1
  1.823e-03 -2.126e-04 -9.694e-02 
 -2.126e-04  8.072e-02  4.051e+01 
 -9.694e-02  4.051e+01  2.057e+04 
 PARAMETER  CORRELATION COEFFICIENTS  
       NO.  GLOBAL      1      2      3
        1  0.02294   1.000 -0.018 -0.016
        2  0.99419  -0.018  1.000  0.994
        3  0.99419  -0.016  0.994  1.000
setting A_CBO=0.002748 w_CBO=2.325851, phi_CBO=3.312569
done fitting cbo isolate
 **********
 **    1 **SET PRINTOUT            1
 **********
 **********
 **    2 **SET NOWARNINGS 
 **********
 PARAMETER DEFINITIONS:
    NO.   NAME         VALUE      STEP SIZE      LIMITS
     1 N0           2.91088e+06  1.00000e+02     no limits
     2 tau          6.44069e+01  constant
     3 A0           3.51795e-01  1.00000e-04     no limits
     4 phi          4.11585e+00  1.00000e-02     no limits
     5 R           -6.11570e+01  constant
     6 A_CBO        2.74750e-03  1.00000e-05     no limits
     7 w_CBO        2.32585e+00  1.00000e-03     no limits
     8 phi_CBO      3.31257e+00  1.00000e-04     no limits
     9 ANx2         8.59960e-04  constant
    10 pNx2         1.29548e+00  constant
    11 ANy1         0.00000e+00  constant
    12 pNy1         0.00000e+00  constant
    13 w_y          0.00000e+00  constant
    14 ANy2         8.55552e-03  1.00000e-04     no limits
    15 pNy2         3.07836e+00  constant
    16 w_vw         1.43006e+01  constant
    17 LM           1.55944e-04  constant
    18 wCBO_expCoeff   2.00000e+02  1.00000e+00     no limits
    19 wCBO_expOffset   2.00000e+02  1.00000e+00     no limits
    20 wCBO_expT    3.00000e+01  1.00000e+00     no limits
    21 wCBO_linCoeff   0.00000e+00  constant
    22 wCBO_const   0.00000e+00  1.00000e-02     no limits
MINUIT - FIT ONLY WIGGLE
 **********
 **    3 **FIX            5
 **********
 PARAMETER    5  IS CONSTANT.   IGNORED.
 **********
 **    4 **FIX            6
 **********
 **********
 **    5 **FIX            7
 **********
 **********
 **    6 **FIX            8
 **********
 **********
 **    7 **FIX            9
 **********
 PARAMETER    9  IS CONSTANT.   IGNORED.
 **********
 **    8 **FIX           10
 **********
 PARAMETER   10  IS CONSTANT.   IGNORED.
 **********
 **    9 **FIX           11
 **********
 PARAMETER   11  IS CONSTANT.   IGNORED.
 **********
 **   10 **FIX           12
 **********
 PARAMETER   12  IS CONSTANT.   IGNORED.
 **********
 **   11 **FIX           13
 **********
 PARAMETER   13  IS CONSTANT.   IGNORED.
 **********
 **   12 **FIX           14
 **********
 **********
 **   13 **FIX           15
 **********
 PARAMETER   15  IS CONSTANT.   IGNORED.
 **********
 **   14 **FIX           16
 **********
 PARAMETER   16  IS CONSTANT.   IGNORED.
 **********
 **   15 **MIGRAD
 **********
 FIRST CALL TO USER FUNCTION AT NEW START POINT, WITH IFLAG=4.
 START MIGRAD MINIMIZATION.  STRATEGY  1.  CONVERGENCE WHEN EDM .LT. 1.00e-04
 FCN=378.405 FROM MIGRAD    STATUS=INITIATE       26 CALLS          27 TOTAL
                     EDM= unknown      STRATEGY= 1      NO ERROR MATRIX       
  EXT PARAMETER               CURRENT GUESS       STEP         FIRST   
  NO.   NAME      VALUE            ERROR          SIZE      DERIVATIVE 
   1  N0           2.91088e+06   1.00000e+02   1.00000e+02   3.39474e-04
   2  tau          6.44069e+01   constant   
   3  A0           3.51795e-01   1.00000e-04   1.00000e-04   1.52600e+02
   4  phi          4.11585e+00   1.00000e-02   1.00000e-02   4.34021e+02
   5  R           -6.11570e+01   constant   
   6  A_CBO        2.74750e-03     fixed    
   7  w_CBO        2.32585e+00     fixed    
   8  phi_CBO      3.31257e+00     fixed    
   9  ANx2         8.59960e-04   constant   
  10  pNx2         1.29548e+00   constant   
  11  ANy1         0.00000e+00   constant   
  12  pNy1         0.00000e+00   constant   
  13  w_y          0.00000e+00   constant   
  14  ANy2         8.55552e-03     fixed    
  15  pNy2         3.07836e+00   constant   
  16  w_vw         1.43006e+01   constant   
  17  LM           1.55944e-04   constant   
  18  wCBO_expCoeff   2.00000e+02   1.00000e+00   1.00000e+00  -5.64883e-01
  19  wCBO_expOffset   2.00000e+02   1.00000e+00   1.00000e+00  -3.76592e+00
  20  wCBO_expT    3.00000e+01   1.00000e+00   1.00000e+00  -2.65738e+01
  21  wCBO_linCoeff   0.00000e+00   constant   
  22  wCBO_const   0.00000e+00   1.00000e-02   1.00000e-02   1.79883e+03
 MIGRAD MINIMIZATION HAS CONVERGED.
 FCN=371.705 FROM MIGRAD    STATUS=CONVERGED     451 CALLS         452 TOTAL
                     EDM=4.57687e-06    STRATEGY= 1  ERROR MATRIX UNCERTAINTY   2.6 per cent
  EXT PARAMETER                                   STEP         FIRST   
  NO.   NAME      VALUE            ERROR          SIZE      DERIVATIVE 
   1  N0           2.90876e+06   2.60749e+03  -2.46036e+00  -1.07227e-06
   2  tau          6.44069e+01   constant   
   3  A0           3.51793e-01   1.18522e-03  -3.69001e-06   4.33651e-01
   4  phi          4.11301e+00   3.32739e-03   3.29022e-06   1.24983e-01
   5  R           -6.11570e+01   constant   
   6  A_CBO        2.74750e-03     fixed    
   7  w_CBO        2.32585e+00     fixed    
   8  phi_CBO      3.31257e+00     fixed    
   9  ANx2         8.59960e-04   constant   
  10  pNx2         1.29548e+00   constant   
  11  ANy1         0.00000e+00   constant   
  12  pNy1         0.00000e+00   constant   
  13  w_y          0.00000e+00   constant   
  14  ANy2         8.55552e-03     fixed    
  15  pNy2         3.07836e+00   constant   
  16  w_vw         1.43006e+01   constant   
  17  LM           1.55944e-04   constant   
  18  wCBO_expCoeff   1.44995e+02   2.09574e+01  -1.33479e-01  -3.53257e-03
  19  wCBO_expOffset   1.91438e+02   3.45993e+00  -2.18980e-02  -1.56137e-02
  20  wCBO_expT    3.27992e+01   1.20446e+00   7.52926e-03  -1.10640e-01
  21  wCBO_linCoeff   0.00000e+00   constant   
  22  wCBO_const  -4.09144e-03   1.24856e-03  -5.90697e-06  -3.28680e+00
 EXTERNAL ERROR MATRIX.    NDIM=  25    NPAR=  7    ERR DEF=1
  6.799e+06 -2.720e-02 -6.601e-01  1.335e+04  2.210e+03 -7.699e+02  6.437e-01 
 -2.720e-02  1.405e-06  2.156e-08  2.783e-03  4.732e-04 -1.599e-04  1.432e-07 
 -6.601e-01  2.156e-08  1.107e-05 -8.935e-03 -1.486e-03  4.978e-04 -2.196e-07 
  1.335e+04  2.783e-03 -8.935e-03  4.392e+02  7.227e+01 -2.521e+01  2.294e-02 
  2.210e+03  4.732e-04 -1.486e-03  7.227e+01  1.197e+01 -4.162e+00  3.788e-03 
 -7.699e+02 -1.599e-04  4.978e-04 -2.521e+01 -4.162e+00  1.451e+00 -1.334e-03 
  6.437e-01  1.432e-07 -2.196e-07  2.294e-02  3.788e-03 -1.334e-03  1.559e-06 
 PARAMETER  CORRELATION COEFFICIENTS  
       NO.  GLOBAL      1      3      4     18     19     20     22
        1  0.26200   1.000 -0.009 -0.076  0.244  0.245 -0.245  0.198
        3  0.14931  -0.009  1.000  0.005  0.112  0.115 -0.112  0.097
        4  0.20849  -0.076  0.005  1.000 -0.128 -0.129  0.124 -0.053
       18  0.99942   0.244  0.112 -0.128  1.000  0.997 -0.999  0.877
       19  0.99927   0.245  0.115 -0.129  0.997  1.000 -0.999  0.877
       20  0.99981  -0.245 -0.112  0.124 -0.999 -0.999  1.000 -0.887
       22  0.94641   0.198  0.097 -0.053  0.877  0.877 -0.887  1.000
MINUIT - FIT ONLY 1-CBO + other amplitudes 
 **********
 **   16 **RES 
 **********
                   PARAMETER   14  ANy2 RESTORED TO VARIABLE.
                   PARAMETER    8  phi_CBO RESTORED TO VARIABLE.
                   PARAMETER    7  w_CBO RESTORED TO VARIABLE.
                   PARAMETER    6  A_CBO RESTORED TO VARIABLE.
 **********
 **   17 **FIX            0
 **********
 PARAMETER    0  IS UNDEFINED. IGNORED.
 **********
 **   18 **FIX            1
 **********
 **********
 **   19 **FIX            2
 **********
 PARAMETER    2  IS CONSTANT.   IGNORED.
 **********
 **   20 **FIX            3
 **********
 **********
 **   21 **FIX            4
 **********
 **********
 **   22 **FIX            9
 **********
 PARAMETER    9  IS CONSTANT.   IGNORED.
 **********
 **   23 **FIX           11
 **********
 PARAMETER   11  IS CONSTANT.   IGNORED.
 **********
 **   24 **FIX           12
 **********
 PARAMETER   12  IS CONSTANT.   IGNORED.
 **********
 **   25 **FIX           14
 **********
 **********
 **   26 **FIX           15
 **********
 PARAMETER   15  IS CONSTANT.   IGNORED.
 **********
 **   27 **FIX           16
 **********
 PARAMETER   16  IS CONSTANT.   IGNORED.
 **********
 **   28 **MIGRAD
 **********
 START MIGRAD MINIMIZATION.  STRATEGY  1.  CONVERGENCE WHEN EDM .LT. 1.00e-04
 FCN=371.705 FROM MIGRAD    STATUS=INITIATE       18 CALLS         470 TOTAL
                     EDM= unknown      STRATEGY= 1      NO ERROR MATRIX       
  EXT PARAMETER               CURRENT GUESS       STEP         FIRST   
  NO.   NAME      VALUE            ERROR          SIZE      DERIVATIVE 
   1  N0           2.90876e+06     fixed    
   2  tau          6.44069e+01   constant   
   3  A0           3.51793e-01     fixed    
   4  phi          4.11301e+00     fixed    
   5  R           -6.11570e+01   constant   
   6  A_CBO        2.74750e-03   1.00000e-05   1.00000e-05   1.84165e+03
   7  w_CBO        2.32585e+00   1.00000e-03   1.00000e-03  -1.62638e+00
   8  phi_CBO      3.31257e+00   1.00000e-04   1.00000e-04  -2.98481e-01
   9  ANx2         8.59960e-04   constant   
  10  pNx2         1.29548e+00   constant   
  11  ANy1         0.00000e+00   constant   
  12  pNy1         0.00000e+00   constant   
  13  w_y          0.00000e+00   constant   
  14  ANy2         8.55552e-03     fixed    
  15  pNy2         3.07836e+00   constant   
  16  w_vw         1.43006e+01   constant   
  17  LM           1.55944e-04   constant   
  18  wCBO_expCoeff   1.44995e+02   2.09574e+01  -1.33479e-01  -3.53260e-03
  19  wCBO_expOffset   1.91438e+02   3.45993e+00  -2.18980e-02  -1.56138e-02
  20  wCBO_expT    3.27992e+01   1.20446e+00   7.52926e-03  -1.10640e-01
  21  wCBO_linCoeff   0.00000e+00   constant   
  22  wCBO_const  -4.09144e-03   1.24856e-03  -5.90697e-06  -3.28680e+00
 MIGRAD MINIMIZATION HAS CONVERGED.
 MIGRAD WILL VERIFY CONVERGENCE AND ERROR MATRIX.
 FCN=369.351 FROM MIGRAD    STATUS=CONVERGED     338 CALLS         790 TOTAL
                     EDM=7.25847e-07    STRATEGY= 1      ERR MATRIX NOT POS-DEF
  EXT PARAMETER                APPROXIMATE        STEP         FIRST   
  NO.   NAME      VALUE            ERROR          SIZE      DERIVATIVE 
   1  N0           2.90876e+06     fixed    
   2  tau          6.44069e+01   constant   
   3  A0           3.51793e-01     fixed    
   4  phi          4.11301e+00     fixed    
   5  R           -6.11570e+01   constant   
   6  A_CBO        1.16859e-03   1.27007e-03   1.16435e-05  -1.24917e-01
   7  w_CBO        2.32316e+00   7.55711e-03   7.84871e-06   9.31052e-01
   8  phi_CBO      2.01219e+00   1.17101e+00   9.60824e-03   1.66970e-04
   9  ANx2         8.59960e-04   constant   
  10  pNx2         1.29548e+00   constant   
  11  ANy1         0.00000e+00   constant   
  12  pNy1         0.00000e+00   constant   
  13  w_y          0.00000e+00   constant   
  14  ANy2         8.55552e-03     fixed    
  15  pNy2         3.07836e+00   constant   
  16  w_vw         1.43006e+01   constant   
  17  LM           1.55944e-04   constant   
  18  wCBO_expCoeff   1.26000e+02   7.18900e+00   5.65224e-03   1.83556e-03
  19  wCBO_expOffset   1.87115e+02   1.95059e+00   1.53308e-03   6.77043e-03
  20  wCBO_expT    3.41610e+01   2.76885e-01   2.20193e-04   4.72224e-02
  21  wCBO_linCoeff   0.00000e+00   constant   
  22  wCBO_const  -4.55253e-03   3.23742e-03   3.56283e-06   1.94055e+00
 EXTERNAL ERROR MATRIX.    NDIM=  25    NPAR=  7    ERR DEF=1
  1.613e-06 -5.385e-08 -1.827e-04 -6.042e-04 -1.645e-04  4.349e-05 -7.458e-09 
 -5.385e-08  5.711e-05  4.333e-04 -1.586e-04 -4.612e-05 -1.314e-04 -2.392e-05 
 -1.827e-04  4.333e-04  1.371e+00  5.640e-01  1.532e-01 -5.716e-02  1.846e-04 
 -6.042e-04 -1.586e-04  5.640e-01  5.168e+01 -7.743e+00 -9.300e-01  9.009e-04 
 -1.645e-04 -4.612e-05  1.532e-01 -7.743e+00  3.805e+00 -2.530e-01  2.460e-04 
  4.349e-05 -1.314e-04 -5.716e-02 -9.300e-01 -2.530e-01  7.667e-02 -3.002e-05 
 -7.458e-09 -2.392e-05  1.846e-04  9.009e-04  2.460e-04 -3.002e-05  1.048e-05 
ERR MATRIX NOT POS-DEF
 PARAMETER  CORRELATION COEFFICIENTS  
       NO.  GLOBAL      6      7      8     18     19     20     22
        6  0.23489   1.000 -0.006 -0.123 -0.066 -0.066  0.124 -0.002
        7  0.99392  -0.006  1.000  0.049 -0.003 -0.003 -0.063 -0.978
        8  0.48825  -0.123  0.049  1.000  0.067  0.067 -0.176  0.049
       18  0.99652  -0.066 -0.003  0.067  1.000 -0.552 -0.467  0.039
       19  0.99652  -0.066 -0.003  0.067 -0.552  1.000 -0.468  0.039
       20  0.99644   0.124 -0.063 -0.176 -0.467 -0.468  1.000 -0.033
       22  0.99317  -0.002 -0.978  0.049  0.039  0.039 -0.033  1.000
 ERR MATRIX NOT POS-DEF
MINUIT - FIT ONLY 1-CBO
 **********
 **   29 **RES 
 **********
                   PARAMETER   14  ANy2 RESTORED TO VARIABLE.
                   PARAMETER    4  phi RESTORED TO VARIABLE.
                   PARAMETER    3  A0 RESTORED TO VARIABLE.
                   PARAMETER    1  N0 RESTORED TO VARIABLE.
 **********
 **   30 **FIX            0
 **********
 PARAMETER    0  IS UNDEFINED. IGNORED.
 **********
 **   31 **FIX            1
 **********
 **********
 **   32 **FIX            2
 **********
 PARAMETER    2  IS CONSTANT.   IGNORED.
 **********
 **   33 **FIX            3
 **********
 **********
 **   34 **FIX            4
 **********
 **********
 **   35 **FIX            8
 **********
 **********
 **   36 **FIX            9
 **********
 PARAMETER    9  IS CONSTANT.   IGNORED.
 **********
 **   37 **FIX           11
 **********
 PARAMETER   11  IS CONSTANT.   IGNORED.
 **********
 **   38 **FIX           12
 **********
 PARAMETER   12  IS CONSTANT.   IGNORED.
 **********
 **   39 **FIX           13
 **********
 PARAMETER   13  IS CONSTANT.   IGNORED.
 **********
 **   40 **FIX           15
 **********
 PARAMETER   15  IS CONSTANT.   IGNORED.
 **********
 **   41 **FIX           16
 **********
 PARAMETER   16  IS CONSTANT.   IGNORED.
 **********
 **   42 **MIGRAD
 **********
 START MIGRAD MINIMIZATION.  STRATEGY  1.  CONVERGENCE WHEN EDM .LT. 1.00e-04
 FCN=369.351 FROM MIGRAD    STATUS=INITIATE       16 CALLS         806 TOTAL
                     EDM= unknown      STRATEGY= 1      NO ERROR MATRIX       
  EXT PARAMETER               CURRENT GUESS       STEP         FIRST   
  NO.   NAME      VALUE            ERROR          SIZE      DERIVATIVE 
   1  N0           2.90876e+06     fixed    
   2  tau          6.44069e+01   constant   
   3  A0           3.51793e-01     fixed    
   4  phi          4.11301e+00     fixed    
   5  R           -6.11570e+01   constant   
   6  A_CBO        1.16859e-03   1.27007e-03   1.16435e-05  -1.24917e-01
   7  w_CBO        2.32316e+00   7.55711e-03   7.84871e-06   9.33282e-01
   8  phi_CBO      2.01219e+00     fixed    
   9  ANx2         8.59960e-04   constant   
  10  pNx2         1.29548e+00   constant   
  11  ANy1         0.00000e+00   constant   
  12  pNy1         0.00000e+00   constant   
  13  w_y          0.00000e+00   constant   
  14  ANy2         8.55552e-03   1.00000e-04   1.00000e-04   1.14653e+04
  15  pNy2         3.07836e+00   constant   
  16  w_vw         1.43006e+01   constant   
  17  LM           1.55944e-04   constant   
  18  wCBO_expCoeff   1.26000e+02   7.18900e+00   5.65224e-03   1.84813e-03
  19  wCBO_expOffset   1.87115e+02   1.95059e+00   1.53308e-03   6.81928e-03
  20  wCBO_expT    3.41610e+01   2.76885e-01   2.20193e-04   4.75463e-02
  21  wCBO_linCoeff   0.00000e+00   constant   
  22  wCBO_const  -4.55253e-03   3.23742e-03   3.56283e-06   1.94461e+00
 MIGRAD MINIMIZATION HAS CONVERGED.
 MIGRAD WILL VERIFY CONVERGENCE AND ERROR MATRIX.
 FCN=320.56 FROM MIGRAD    STATUS=CONVERGED     132 CALLS         922 TOTAL
                     EDM=2.41947e-05    STRATEGY= 1      ERR MATRIX NOT POS-DEF
  EXT PARAMETER                APPROXIMATE        STEP         FIRST   
  NO.   NAME      VALUE            ERROR          SIZE      DERIVATIVE 
   1  N0           2.90876e+06     fixed    
   2  tau          6.44069e+01   constant   
   3  A0           3.51793e-01     fixed    
   4  phi          4.11301e+00     fixed    
   5  R           -6.11570e+01   constant   
   6  A_CBO        1.13871e-03   1.26459e-03   1.08523e-05   2.95679e-01
   7  w_CBO        2.32315e+00   7.62482e-03   7.34917e-06   2.81869e-01
   8  phi_CBO      2.01219e+00     fixed    
   9  ANx2         8.59960e-04   constant   
  10  pNx2         1.29548e+00   constant   
  11  ANy1         0.00000e+00   constant   
  12  pNy1         0.00000e+00   constant   
  13  w_y          0.00000e+00   constant   
  14  ANy2         4.43590e-05   1.21424e-03   1.06688e-05  -3.72790e-03
  15  pNy2         3.07836e+00   constant   
  16  w_vw         1.43006e+01   constant   
  17  LM           1.55944e-04   constant   
  18  wCBO_expCoeff   1.26006e+02   7.24884e+00   5.29064e-03  -3.76139e-06
  19  wCBO_expOffset   1.87117e+02   1.96687e+00   1.43435e-03  -1.38626e-05
  20  wCBO_expT    3.41612e+01   2.75038e-01   2.05922e-04   2.56087e-02
  21  wCBO_linCoeff   0.00000e+00   constant   
  22  wCBO_const  -4.55685e-03   3.26648e-03   3.33681e-06   6.58257e-01
 EXTERNAL ERROR MATRIX.    NDIM=  25    NPAR=  7    ERR DEF=1
  1.599e-06  7.509e-09  5.653e-09 -5.483e-04 -1.494e-04  3.673e-05  1.964e-08 
  7.509e-09  5.814e-05  1.257e-09 -3.444e-04 -9.646e-05 -1.157e-04 -2.446e-05 
  5.653e-09  1.257e-09  1.474e-06 -3.476e-06 -9.485e-07  1.506e-07  6.925e-10 
 -5.483e-04 -3.444e-04 -3.476e-06  5.255e+01 -7.987e+00 -9.233e-01  8.431e-04 
 -1.494e-04 -9.646e-05 -9.485e-07 -7.987e+00  3.869e+00 -2.513e-01  2.303e-04 
  3.673e-05 -1.157e-04  1.506e-07 -9.233e-01 -2.513e-01  7.565e-02 -2.287e-05 
  1.964e-08 -2.446e-05  6.925e-10  8.431e-04  2.303e-04 -2.287e-05  1.067e-05 
ERR MATRIX NOT POS-DEF
 PARAMETER  CORRELATION COEFFICIENTS  
       NO.  GLOBAL      6      7     14     18     19     20     22
        6  0.21469   1.000  0.001  0.004 -0.060 -0.060  0.106  0.005
        7  0.99397   0.001  1.000  0.000 -0.006 -0.006 -0.055 -0.982
       14  0.00437   0.004  0.000  1.000 -0.000 -0.000  0.000  0.000
       18  0.99655  -0.060 -0.006 -0.000  1.000 -0.560 -0.463  0.036
       19  0.99655  -0.060 -0.006 -0.000 -0.560  1.000 -0.464  0.036
       20  0.99637   0.106 -0.055  0.000 -0.463 -0.464  1.000 -0.025
       22  0.99322   0.005 -0.982  0.000  0.036  0.036 -0.025  1.000
 ERR MATRIX NOT POS-DEF
MINUIT - FIT ONLY 2-CBO
 **********
 **   43 **RES 
 **********
                   PARAMETER    8  phi_CBO RESTORED TO VARIABLE.
                   PARAMETER    4  phi RESTORED TO VARIABLE.
                   PARAMETER    3  A0 RESTORED TO VARIABLE.
                   PARAMETER    1  N0 RESTORED TO VARIABLE.
 **********
 **   44 **FIX            0
 **********
 PARAMETER    0  IS UNDEFINED. IGNORED.
 **********
 **   45 **FIX            1
 **********
 **********
 **   46 **FIX            2
 **********
 PARAMETER    2  IS CONSTANT.   IGNORED.
 **********
 **   47 **FIX            3
 **********
 **********
 **   48 **FIX            4
 **********
 **********
 **   49 **FIX            5
 **********
 PARAMETER    5  IS CONSTANT.   IGNORED.
 **********
 **   50 **FIX            6
 **********
 **********
 **   51 **FIX            7
 **********
 **********
 **   52 **FIX           10
 **********
 PARAMETER   10  IS CONSTANT.   IGNORED.
 **********
 **   53 **FIX           11
 **********
 PARAMETER   11  IS CONSTANT.   IGNORED.
 **********
 **   54 **FIX           12
 **********
 PARAMETER   12  IS CONSTANT.   IGNORED.
 **********
 **   55 **FIX           13
 **********
 PARAMETER   13  IS CONSTANT.   IGNORED.
 **********
 **   56 **FIX           14
 **********
 **********
 **   57 **FIX           15
 **********
 PARAMETER   15  IS CONSTANT.   IGNORED.
 **********
 **   58 **FIX           16
 **********
 PARAMETER   16  IS CONSTANT.   IGNORED.
 **********
 **   59 **MIGRAD
 **********
 START MIGRAD MINIMIZATION.  STRATEGY  1.  CONVERGENCE WHEN EDM .LT. 1.00e-04
 FCN=320.56 FROM MIGRAD    STATUS=INITIATE       10 CALLS         932 TOTAL
                     EDM= unknown      STRATEGY= 1      NO ERROR MATRIX       
  EXT PARAMETER               CURRENT GUESS       STEP         FIRST   
  NO.   NAME      VALUE            ERROR          SIZE      DERIVATIVE 
   1  N0           2.90876e+06     fixed    
   2  tau          6.44069e+01   constant   
   3  A0           3.51793e-01     fixed    
   4  phi          4.11301e+00     fixed    
   5  R           -6.11570e+01   constant   
   6  A_CBO        1.13871e-03     fixed    
   7  w_CBO        2.32315e+00     fixed    
   8  phi_CBO      2.01219e+00   1.17101e+00   1.17101e+00  -2.45005e-02
   9  ANx2         8.59960e-04   constant   
  10  pNx2         1.29548e+00   constant   
  11  ANy1         0.00000e+00   constant   
  12  pNy1         0.00000e+00   constant   
  13  w_y          0.00000e+00   constant   
  14  ANy2         4.43590e-05     fixed    
  15  pNy2         3.07836e+00   constant   
  16  w_vw         1.43006e+01   constant   
  17  LM           1.55944e-04   constant   
  18  wCBO_expCoeff   1.26006e+02   7.24884e+00   5.29064e-03  -1.85261e-06
  19  wCBO_expOffset   1.87117e+02   1.96687e+00   1.43435e-03  -6.47312e-06
  20  wCBO_expT    3.41612e+01   2.75038e-01   2.05922e-04   2.59041e-02
  21  wCBO_linCoeff   0.00000e+00   constant   
  22  wCBO_const  -4.55685e-03   3.26648e-03   3.33681e-06   6.61883e-01
 MIGRAD MINIMIZATION HAS CONVERGED.
 MIGRAD WILL VERIFY CONVERGENCE AND ERROR MATRIX.
 FCN=320.56 FROM MIGRAD    STATUS=CONVERGED      76 CALLS         998 TOTAL
                     EDM=7.87584e-05    STRATEGY= 1      ERR MATRIX NOT POS-DEF
  EXT PARAMETER                APPROXIMATE        STEP         FIRST   
  NO.   NAME      VALUE            ERROR          SIZE      DERIVATIVE 
   1  N0           2.90876e+06     fixed    
   2  tau          6.44069e+01   constant   
   3  A0           3.51793e-01     fixed    
   4  phi          4.11301e+00     fixed    
   5  R           -6.11570e+01   constant   
   6  A_CBO        1.13871e-03     fixed    
   7  w_CBO        2.32315e+00     fixed    
   8  phi_CBO      2.02913e+00   1.19733e+00   9.23280e-03  -4.42103e-04
   9  ANx2         8.59960e-04   constant   
  10  pNx2         1.29548e+00   constant   
  11  ANy1         0.00000e+00   constant   
  12  pNy1         0.00000e+00   constant   
  13  w_y          0.00000e+00   constant   
  14  ANy2         4.43590e-05     fixed    
  15  pNy2         3.07836e+00   constant   
  16  w_vw         1.43006e+01   constant   
  17  LM           1.55944e-04   constant   
  18  wCBO_expCoeff   1.26005e+02   7.94638e+00   5.28135e-03  -4.43557e-04
  19  wCBO_expOffset   1.87117e+02   2.15656e+00   1.43180e-03  -1.63600e-03
  20  wCBO_expT    3.41611e+01   3.01121e-01   2.05577e-04   3.10877e-02
  21  wCBO_linCoeff   0.00000e+00   constant   
  22  wCBO_const  -4.55277e-03   7.01549e-04   3.33490e-06   5.29872e-01
 EXTERNAL ERROR MATRIX.    NDIM=  25    NPAR=  5    ERR DEF=1
  1.434e+00  6.437e-01  1.751e-01 -6.420e-02  3.906e-04 
  6.437e-01  6.314e+01 -9.726e+00 -1.102e+00  1.028e-03 
  1.751e-01 -9.726e+00  4.651e+00 -3.002e-01  2.796e-04 
 -6.420e-02 -1.102e+00 -3.002e-01  9.067e-02 -1.015e-04 
  3.906e-04  1.028e-03  2.796e-04 -1.015e-04  4.922e-07 
ERR MATRIX NOT POS-DEF
 PARAMETER  CORRELATION COEFFICIENTS  
       NO.  GLOBAL      8     18     19     20     22
        8  0.47888   1.000  0.068  0.068 -0.178  0.465
       18  0.99713   0.068  1.000 -0.568 -0.461  0.184
       19  0.99714   0.068 -0.568  1.000 -0.462  0.185
       20  0.99697  -0.178 -0.461 -0.462  1.000 -0.481
       22  0.84084   0.465  0.184  0.185 -0.481  1.000
 ERR MATRIX NOT POS-DEF
MINUIT - FIT ONLY 1-y
 **********
 **   60 **RES 
 **********
                   PARAMETER   14  ANy2 RESTORED TO VARIABLE.
                   PARAMETER    7  w_CBO RESTORED TO VARIABLE.
                   PARAMETER    6  A_CBO RESTORED TO VARIABLE.
                   PARAMETER    4  phi RESTORED TO VARIABLE.
                   PARAMETER    3  A0 RESTORED TO VARIABLE.
                   PARAMETER    1  N0 RESTORED TO VARIABLE.
 **********
 **   61 **FIX            0
 **********
 PARAMETER    0  IS UNDEFINED. IGNORED.
 **********
 **   62 **FIX            1
 **********
 **********
 **   63 **FIX            2
 **********
 PARAMETER    2  IS CONSTANT.   IGNORED.
 **********
 **   64 **FIX            3
 **********
 **********
 **   65 **FIX            4
 **********
 **********
 **   66 **FIX            5
 **********
 PARAMETER    5  IS CONSTANT.   IGNORED.
 **********
 **   67 **FIX            6
 **********
 **********
 **   68 **FIX            7
 **********
 **********
 **   69 **FIX            8
 **********
 **********
 **   70 **FIX            9
 **********
 PARAMETER    9  IS CONSTANT.   IGNORED.
 **********
 **   71 **FIX           13
 **********
 PARAMETER   13  IS CONSTANT.   IGNORED.
 **********
 **   72 **FIX           14
 **********
 **********
 **   73 **FIX           15
 **********
 PARAMETER   15  IS CONSTANT.   IGNORED.
 **********
 **   74 **FIX           16
 **********
 PARAMETER   16  IS CONSTANT.   IGNORED.
 **********
 **   75 **MIGRAD
 **********
 START MIGRAD MINIMIZATION.  STRATEGY  1.  CONVERGENCE WHEN EDM .LT. 1.00e-04
 FCN=320.56 FROM MIGRAD    STATUS=INITIATE        8 CALLS        1006 TOTAL
                     EDM= unknown      STRATEGY= 1      NO ERROR MATRIX       
  EXT PARAMETER               CURRENT GUESS       STEP         FIRST   
  NO.   NAME      VALUE            ERROR          SIZE      DERIVATIVE 
   1  N0           2.90876e+06     fixed    
   2  tau          6.44069e+01   constant   
   3  A0           3.51793e-01     fixed    
   4  phi          4.11301e+00     fixed    
   5  R           -6.11570e+01   constant   
   6  A_CBO        1.13871e-03     fixed    
   7  w_CBO        2.32315e+00     fixed    
   8  phi_CBO      2.02913e+00     fixed    
   9  ANx2         8.59960e-04   constant   
  10  pNx2         1.29548e+00   constant   
  11  ANy1         0.00000e+00   constant   
  12  pNy1         0.00000e+00   constant   
  13  w_y          0.00000e+00   constant   
  14  ANy2         4.43590e-05     fixed    
  15  pNy2         3.07836e+00   constant   
  16  w_vw         1.43006e+01   constant   
  17  LM           1.55944e-04   constant   
  18  wCBO_expCoeff   1.26005e+02   7.94638e+00   5.28135e-03  -4.32006e-04
  19  wCBO_expOffset   1.87117e+02   2.15656e+00   1.43180e-03  -1.59124e-03
  20  wCBO_expT    3.41611e+01   3.01121e-01   2.05577e-04   3.13830e-02
  21  wCBO_linCoeff   0.00000e+00   constant   
  22  wCBO_const  -4.55277e-03   7.01549e-04   3.33490e-06   5.33345e-01
 MIGRAD MINIMIZATION HAS CONVERGED.
 MIGRAD WILL VERIFY CONVERGENCE AND ERROR MATRIX.
 FCN=320.56 FROM MIGRAD    STATUS=CONVERGED      41 CALLS        1039 TOTAL
                     EDM=7.73404e-05    STRATEGY= 1      ERR MATRIX NOT POS-DEF
  EXT PARAMETER                APPROXIMATE        STEP         FIRST   
  NO.   NAME      VALUE            ERROR          SIZE      DERIVATIVE 
   1  N0           2.90876e+06     fixed    
   2  tau          6.44069e+01   constant   
   3  A0           3.51793e-01     fixed    
   4  phi          4.11301e+00     fixed    
   5  R           -6.11570e+01   constant   
   6  A_CBO        1.13871e-03     fixed    
   7  w_CBO        2.32315e+00     fixed    
   8  phi_CBO      2.02913e+00     fixed    
   9  ANx2         8.59960e-04   constant   
  10  pNx2         1.29548e+00   constant   
  11  ANy1         0.00000e+00   constant   
  12  pNy1         0.00000e+00   constant   
  13  w_y          0.00000e+00   constant   
  14  ANy2         4.43590e-05     fixed    
  15  pNy2         3.07836e+00   constant   
  16  w_vw         1.43006e+01   constant   
  17  LM           1.55944e-04   constant   
  18  wCBO_expCoeff   1.26006e+02   7.97737e+00   5.28293e-03  -3.08664e-03
  19  wCBO_expOffset   1.87117e+02   2.16560e+00   1.43225e-03  -1.13852e-02
  20  wCBO_expT    3.41611e+01   2.97986e-01   2.05643e-04  -3.80693e-02
  21  wCBO_linCoeff   0.00000e+00   constant   
  22  wCBO_const  -4.55294e-03   6.21808e-04   3.33526e-06  -3.84596e+00
 EXTERNAL ERROR MATRIX.    NDIM=  25    NPAR=  4    ERR DEF=1
  6.364e+01 -9.940e+00 -1.085e+00  8.631e-04 
 -9.940e+00  4.690e+00 -2.959e-01  2.351e-04 
 -1.085e+00 -2.959e-01  8.880e-02 -8.495e-05 
  8.631e-04  2.351e-04 -8.495e-05  3.866e-07 
ERR MATRIX NOT POS-DEF
 PARAMETER  CORRELATION COEFFICIENTS  
       NO.  GLOBAL     18     19     20     22
       18  0.99715   1.000 -0.575 -0.456  0.174
       19  0.99716  -0.575  1.000 -0.459  0.175
       20  0.99691  -0.456 -0.459  1.000 -0.458
       22  0.79184   0.174  0.175 -0.458  1.000
 ERR MATRIX NOT POS-DEF
MINUIT - FIT ONLY 2-y
 **********
 **   76 **RES 
 **********
                   PARAMETER   14  ANy2 RESTORED TO VARIABLE.
                   PARAMETER    8  phi_CBO RESTORED TO VARIABLE.
                   PARAMETER    7  w_CBO RESTORED TO VARIABLE.
                   PARAMETER    6  A_CBO RESTORED TO VARIABLE.
                   PARAMETER    4  phi RESTORED TO VARIABLE.
                   PARAMETER    3  A0 RESTORED TO VARIABLE.
                   PARAMETER    1  N0 RESTORED TO VARIABLE.
 **********
 **   77 **FIX            0
 **********
 PARAMETER    0  IS UNDEFINED. IGNORED.
 **********
 **   78 **FIX            1
 **********
 **********
 **   79 **FIX            2
 **********
 PARAMETER    2  IS CONSTANT.   IGNORED.
 **********
 **   80 **FIX            3
 **********
 **********
 **   81 **FIX            4
 **********
 **********
 **   82 **FIX            5
 **********
 PARAMETER    5  IS CONSTANT.   IGNORED.
 **********
 **   83 **FIX            6
 **********
 **********
 **   84 **FIX            7
 **********
 **********
 **   85 **FIX            8
 **********
 **********
 **   86 **FIX            9
 **********
 PARAMETER    9  IS CONSTANT.   IGNORED.
 **********
 **   87 **FIX           10
 **********
 PARAMETER   10  IS CONSTANT.   IGNORED.
 **********
 **   88 **FIX           11
 **********
 PARAMETER   11  IS CONSTANT.   IGNORED.
 **********
 **   89 **FIX           12
 **********
 PARAMETER   12  IS CONSTANT.   IGNORED.
 **********
 **   90 **FIX           16
 **********
 PARAMETER   16  IS CONSTANT.   IGNORED.
 **********
 **   91 **MIGRAD
 **********
 START MIGRAD MINIMIZATION.  STRATEGY  1.  CONVERGENCE WHEN EDM .LT. 1.00e-04
 FCN=320.56 FROM MIGRAD    STATUS=INITIATE       10 CALLS        1049 TOTAL
                     EDM= unknown      STRATEGY= 1      NO ERROR MATRIX       
  EXT PARAMETER               CURRENT GUESS       STEP         FIRST   
  NO.   NAME      VALUE            ERROR          SIZE      DERIVATIVE 
   1  N0           2.90876e+06     fixed    
   2  tau          6.44069e+01   constant   
   3  A0           3.51793e-01     fixed    
   4  phi          4.11301e+00     fixed    
   5  R           -6.11570e+01   constant   
   6  A_CBO        1.13871e-03     fixed    
   7  w_CBO        2.32315e+00     fixed    
   8  phi_CBO      2.02913e+00     fixed    
   9  ANx2         8.59960e-04   constant   
  10  pNx2         1.29548e+00   constant   
  11  ANy1         0.00000e+00   constant   
  12  pNy1         0.00000e+00   constant   
  13  w_y          0.00000e+00   constant   
  14  ANy2         4.43590e-05   1.21424e-03   1.21424e-03   4.84891e-03
  15  pNy2         3.07836e+00   constant   
  16  w_vw         1.43006e+01   constant   
  17  LM           1.55944e-04   constant   
  18  wCBO_expCoeff   1.26006e+02   7.97737e+00   5.28293e-03  -3.07504e-03
  19  wCBO_expOffset   1.87117e+02   2.16560e+00   1.43225e-03  -1.13403e-02
  20  wCBO_expT    3.41611e+01   2.97986e-01   2.05643e-04  -3.77731e-02
  21  wCBO_linCoeff   0.00000e+00   constant   
  22  wCBO_const  -4.55294e-03   6.21808e-04   3.33526e-06  -3.84246e+00
 MIGRAD MINIMIZATION HAS CONVERGED.
 MIGRAD WILL VERIFY CONVERGENCE AND ERROR MATRIX.
 FCN=320.56 FROM MIGRAD    STATUS=CONVERGED      53 CALLS        1092 TOTAL
                     EDM=7.60242e-05    STRATEGY= 1      ERR MATRIX NOT POS-DEF
  EXT PARAMETER                APPROXIMATE        STEP         FIRST   
  NO.   NAME      VALUE            ERROR          SIZE      DERIVATIVE 
   1  N0           2.90876e+06     fixed    
   2  tau          6.44069e+01   constant   
   3  A0           3.51793e-01     fixed    
   4  phi          4.11301e+00     fixed    
   5  R           -6.11570e+01   constant   
   6  A_CBO        1.13871e-03     fixed    
   7  w_CBO        2.32315e+00     fixed    
   8  phi_CBO      2.02913e+00     fixed    
   9  ANx2         8.59960e-04   constant   
  10  pNx2         1.29548e+00   constant   
  11  ANy1         0.00000e+00   constant   
  12  pNy1         0.00000e+00   constant   
  13  w_y          0.00000e+00   constant   
  14  ANy2         4.43579e-05   1.21472e-03   1.06687e-05   5.13189e-03
  15  pNy2         3.07836e+00   constant   
  16  w_vw         1.43006e+01   constant   
  17  LM           1.55944e-04   constant   
  18  wCBO_expCoeff   1.26006e+02   7.97755e+00   5.28350e-03  -3.02499e-04
  19  wCBO_expOffset   1.87117e+02   2.16498e+00   1.43240e-03  -1.11570e-03
  20  wCBO_expT    3.41611e+01   2.97932e-01   2.05663e-04   3.38916e-02
  21  wCBO_linCoeff   0.00000e+00   constant   
  22  wCBO_const  -4.55286e-03   6.21785e-04   3.33536e-06  -7.80653e-02
 EXTERNAL ERROR MATRIX.    NDIM=  25    NPAR=  5    ERR DEF=1
  1.476e-06 -1.648e-06 -4.514e-07  3.367e-08  1.131e-09 
 -1.648e-06  6.364e+01 -9.939e+00 -1.085e+00  8.633e-04 
 -4.514e-07 -9.939e+00  4.687e+00 -2.956e-01  2.348e-04 
  3.367e-08 -1.085e+00 -2.956e-01  8.876e-02 -8.491e-05 
  1.131e-09  8.633e-04  2.348e-04 -8.491e-05  3.866e-07 
ERR MATRIX NOT POS-DEF
 PARAMETER  CORRELATION COEFFICIENTS  
       NO.  GLOBAL     14     18     19     20     22
       14  0.00234   1.000 -0.000 -0.000  0.000  0.001
       18  0.99715  -0.000  1.000 -0.575 -0.457  0.174
       19  0.99716  -0.000 -0.575  1.000 -0.458  0.174
       20  0.99691   0.000 -0.457 -0.458  1.000 -0.458
       22  0.79184   0.001  0.174  0.174 -0.458  1.000
 ERR MATRIX NOT POS-DEF
MINUIT - FIT ALTOGETHER
 **********
 **   92 **RES 
 **********
                   PARAMETER    8  phi_CBO RESTORED TO VARIABLE.
                   PARAMETER    7  w_CBO RESTORED TO VARIABLE.
                   PARAMETER    6  A_CBO RESTORED TO VARIABLE.
                   PARAMETER    4  phi RESTORED TO VARIABLE.
                   PARAMETER    3  A0 RESTORED TO VARIABLE.
                   PARAMETER    1  N0 RESTORED TO VARIABLE.
 **********
 **   93 **MIGRAD
 **********
 START MIGRAD MINIMIZATION.  STRATEGY  1.  CONVERGENCE WHEN EDM .LT. 1.00e-04
 FCN=320.56 FROM MIGRAD    STATUS=INITIATE       22 CALLS        1114 TOTAL
                     EDM= unknown      STRATEGY= 1      NO ERROR MATRIX       
  EXT PARAMETER               CURRENT GUESS       STEP         FIRST   
  NO.   NAME      VALUE            ERROR          SIZE      DERIVATIVE 
   1  N0           2.90876e+06   2.60749e+03   2.60749e+03  -1.64590e-04
   2  tau          6.44069e+01   constant   
   3  A0           3.51793e-01   1.18522e-03   1.18522e-03  -6.07189e+02
   4  phi          4.11301e+00   3.32739e-03   3.32739e-03  -9.25103e+01
   5  R           -6.11570e+01   constant   
   6  A_CBO        1.13871e-03   1.26459e-03   1.26459e-03   2.24507e+00
   7  w_CBO        2.32315e+00   7.62482e-03   7.62482e-03  -4.79220e-02
   8  phi_CBO      2.02913e+00   1.19733e+00   1.19733e+00  -3.13559e-04
   9  ANx2         8.59960e-04   constant   
  10  pNx2         1.29548e+00   constant   
  11  ANy1         0.00000e+00   constant   
  12  pNy1         0.00000e+00   constant   
  13  w_y          0.00000e+00   constant   
  14  ANy2         4.43579e-05   1.21472e-03   1.06687e-05   5.13199e-03
  15  pNy2         3.07836e+00   constant   
  16  w_vw         1.43006e+01   constant   
  17  LM           1.55944e-04   constant   
  18  wCBO_expCoeff   1.26006e+02   7.97755e+00   5.28350e-03  -2.90952e-04
  19  wCBO_expOffset   1.87117e+02   2.16498e+00   1.43240e-03  -1.07096e-03
  20  wCBO_expT    3.41611e+01   2.97932e-01   2.05663e-04   3.41868e-02
  21  wCBO_linCoeff   0.00000e+00   constant   
  22  wCBO_const  -4.55286e-03   6.21785e-04   3.33536e-06  -7.45871e-02
 MIGRAD MINIMIZATION HAS CONVERGED.
 MIGRAD WILL VERIFY CONVERGENCE AND ERROR MATRIX.
 FCN=320.347 FROM HESSE     STATUS=NOT POSDEF    104 CALLS        1337 TOTAL
                     EDM=5.88314e-05    STRATEGY= 1      ERR MATRIX NOT POS-DEF
  EXT PARAMETER                APPROXIMATE        STEP         FIRST   
  NO.   NAME      VALUE            ERROR          SIZE      DERIVATIVE 
   1  N0           2.90938e+06   2.57065e+03   2.01295e+01  -9.89585e-07
