 + ++++++++++++++++++++++++++++++++++++++++++++++++++++++++++++++++++++ +
 +                                                                      +
 +           You have chose to blind your fitting according to          +
 +                omega_ref * (1 + (R +/- deltaR) *10^{-6})             +
 +                                                                      +
 + ++++++++++++++++++++++++++++++++++++++++++++++++++++++++++++++++++++ +
In main()...
reading format from /gm2data/zkhechad/run45/envelope/formats/formatB_sBin_constraintOn.txt
pBinTau 	= 0  
pBinPhi 	= 0  
constraintau 	= 1 
includeMopTerm 	= 0    
constrainMop    = 0   
Parameters after format file: pBinTau 0 pBinPhi 0 constraintau 1 includeMopTerm 0 constrainMop 0 c_e_scale 0.000000 
reading cbo reference file (full fit) from /gm2data/zkhechad/cboTemplates/Run4CBOTemplates/fullFits/run4/sBin_constraintOn_cE0.0_seed0_run4_calo6.root
A_CBO 0.010001 w_CBO 2.327040 phi_CBO 5.088588 N0 2817823.633276 R -61.510560 tau 64.405014 
Reading cboRef file /gm2data/zkhechad/cboTemplates/Run4CBOTemplates//cboIsolate/run4_calo6.root
deltaT 23.155749
windowBins = 150
fitting sliding window 620 from bin 823 at 122.791600 to bin 973 at 145.171600 (150 bins)

Reading data from /gm2data/cornell/histograms/aMethod/histogram_a_run4.root
fitting cbo isolate
 **********
 **    1 **SET PRINTOUT            1
 **********
 **********
 **    2 **SET NOWARNINGS 
 **********
 PARAMETER DEFINITIONS:
    NO.   NAME         VALUE      STEP SIZE      LIMITS
     1 A_CBO        1.00010e-02  1.00000e-05     no limits
     2 w_CBO        2.32704e+00  1.00000e-02    2.00000e+00  3.00000e+00
     3 phi_CBO      5.08859e+00  1.00000e-02    0.00000e+00  6.28319e+00
 **********
 **    3 **MIGRAD
 **********
 FIRST CALL TO USER FUNCTION AT NEW START POINT, WITH IFLAG=4.
 START MIGRAD MINIMIZATION.  STRATEGY  1.  CONVERGENCE WHEN EDM .LT. 1.00e-04
 FCN=0.00211402 FROM MIGRAD    STATUS=INITIATE       12 CALLS          13 TOTAL
                     EDM= unknown      STRATEGY= 1      NO ERROR MATRIX       
  EXT PARAMETER               CURRENT GUESS       STEP         FIRST   
  NO.   NAME      VALUE            ERROR          SIZE      DERIVATIVE 
   1  A_CBO        1.00010e-02   1.00000e-05   1.00000e-05   7.53886e-01
   2  w_CBO        2.32704e+00   1.00000e-02   2.13182e-02  -1.01305e-02
   3  phi_CBO      5.08859e+00   1.00000e-02   4.05596e-03   4.01849e-04
 MIGRAD MINIMIZATION HAS CONVERGED.
 MIGRAD WILL VERIFY CONVERGENCE AND ERROR MATRIX.
 COVARIANCE MATRIX CALCULATED SUCCESSFULLY
 FCN=0.000182664 FROM MIGRAD    STATUS=CONVERGED      41 CALLS          42 TOTAL
                     EDM=1.24945e-06    STRATEGY= 1      ERROR MATRIX ACCURATE 
  EXT PARAMETER                                   STEP         FIRST   
  NO.   NAME      VALUE            ERROR          SIZE      DERIVATIVE 
   1  A_CBO        4.87827e-03   1.17361e-01   5.69210e-05  -1.05682e-06
   2  w_CBO        2.32720e+00   7.47418e-01   1.82500e-04   4.18661e-03
   3  phi_CBO      5.06732e+00   3.18920e+00   4.60106e-03  -1.67662e-04
 EXTERNAL ERROR MATRIX.    NDIM=  25    NPAR=  3    ERR DEF=1
  1.377e-02 -2.215e-02 -2.893e+00 
 -2.215e-02  2.679e+00  3.552e+02 
 -2.893e+00  3.552e+02  4.763e+04 
 PARAMETER  CORRELATION COEFFICIENTS  
       NO.  GLOBAL      1      2      3
        1  0.11641   1.000 -0.115 -0.113
        2  0.99424  -0.115  1.000  0.994
        3  0.99424  -0.113  0.994  1.000
setting A_CBO=0.004878 w_CBO=2.327196, phi_CBO=5.067325
done fitting cbo isolate
 **********
 **    1 **SET PRINTOUT            1
 **********
 **********
 **    2 **SET NOWARNINGS 
 **********
 PARAMETER DEFINITIONS:
    NO.   NAME         VALUE      STEP SIZE      LIMITS
     1 N0           2.81782e+06  1.00000e+02     no limits
     2 tau          6.44050e+01  constant
     3 A0           3.53650e-01  1.00000e-04     no limits
     4 phi          4.11538e+00  1.00000e-02     no limits
     5 R           -6.15106e+01  constant
     6 A_CBO        4.87827e-03  1.00000e-05     no limits
     7 w_CBO        2.32720e+00  1.00000e-03     no limits
     8 phi_CBO      5.06732e+00  1.00000e-04     no limits
     9 ANx2         5.52857e-04  constant
    10 pNx2         5.73177e+00  constant
    11 ANy1         0.00000e+00  constant
    12 pNy1         0.00000e+00  constant
    13 w_y          0.00000e+00  constant
    14 ANy2         9.05236e-03  1.00000e-04     no limits
    15 pNy2         5.72687e+00  constant
    16 w_vw         1.43172e+01  constant
    17 LM           3.92941e-07  constant
    18 wCBO_expCoeff   2.00000e+02  1.00000e+00     no limits
    19 wCBO_expOffset   2.00000e+02  1.00000e+00     no limits
    20 wCBO_expT    3.00000e+01  1.00000e+00     no limits
    21 wCBO_linCoeff   0.00000e+00  constant
    22 wCBO_const   0.00000e+00  1.00000e-02     no limits
MINUIT - FIT ONLY WIGGLE
 **********
 **    3 **FIX            5
 **********
 PARAMETER    5  IS CONSTANT.   IGNORED.
 **********
 **    4 **FIX            6
 **********
 **********
 **    5 **FIX            7
 **********
 **********
 **    6 **FIX            8
 **********
 **********
 **    7 **FIX            9
 **********
 PARAMETER    9  IS CONSTANT.   IGNORED.
 **********
 **    8 **FIX           10
 **********
 PARAMETER   10  IS CONSTANT.   IGNORED.
 **********
 **    9 **FIX           11
 **********
 PARAMETER   11  IS CONSTANT.   IGNORED.
 **********
 **   10 **FIX           12
 **********
 PARAMETER   12  IS CONSTANT.   IGNORED.
 **********
 **   11 **FIX           13
 **********
 PARAMETER   13  IS CONSTANT.   IGNORED.
 **********
 **   12 **FIX           14
 **********
 **********
 **   13 **FIX           15
 **********
 PARAMETER   15  IS CONSTANT.   IGNORED.
 **********
 **   14 **FIX           16
 **********
 PARAMETER   16  IS CONSTANT.   IGNORED.
 **********
 **   15 **MIGRAD
 **********
 FIRST CALL TO USER FUNCTION AT NEW START POINT, WITH IFLAG=4.
 START MIGRAD MINIMIZATION.  STRATEGY  1.  CONVERGENCE WHEN EDM .LT. 1.00e-04
 FCN=2571.91 FROM MIGRAD    STATUS=INITIATE       34 CALLS          35 TOTAL
                     EDM= unknown      STRATEGY= 1      NO ERROR MATRIX       
  EXT PARAMETER               CURRENT GUESS       STEP         FIRST   
  NO.   NAME      VALUE            ERROR          SIZE      DERIVATIVE 
   1  N0           2.81782e+06   1.00000e+02   1.00000e+02  -1.09952e-02
   2  tau          6.44050e+01   constant   
   3  A0           3.53650e-01   1.00000e-04   1.00000e-04  -5.93412e+03
   4  phi          4.11538e+00   1.00000e-02   1.00000e-02   3.03979e+02
   5  R           -6.15106e+01   constant   
   6  A_CBO        4.87827e-03     fixed    
   7  w_CBO        2.32720e+00     fixed    
   8  phi_CBO      5.06732e+00     fixed    
   9  ANx2         5.52857e-04   constant   
  10  pNx2         5.73177e+00   constant   
  11  ANy1         0.00000e+00   constant   
  12  pNy1         0.00000e+00   constant   
  13  w_y          0.00000e+00   constant   
  14  ANy2         9.05236e-03     fixed    
  15  pNy2         5.72687e+00   constant   
  16  w_vw         1.43172e+01   constant   
  17  LM           3.92941e-07   constant   
  18  wCBO_expCoeff   2.00000e+02   1.00000e+00   1.00000e+00   6.24845e+05
  19  wCBO_expOffset   2.00000e+02   1.00000e+00   1.00000e+00  -8.26558e+05
  20  wCBO_expT    3.00000e+01   1.00000e+00   1.00000e+00   1.76228e+05
  21  wCBO_linCoeff   0.00000e+00   constant   
  22  wCBO_const   0.00000e+00   1.00000e-02   1.00000e-02   5.89131e+04
 MIGRAD FAILS TO FIND IMPROVEMENT
 FCN=2250.87 FROM HESSE     STATUS=NOT POSDEF     54 CALLS         190 TOTAL
                     EDM=34.671    STRATEGY= 1      ERR MATRIX NOT POS-DEF
  EXT PARAMETER                APPROXIMATE        STEP         FIRST   
  NO.   NAME      VALUE            ERROR          SIZE      DERIVATIVE 
   1  N0           2.81880e+06   5.55397e+02   1.04358e+01  -8.67197e-04
   2  tau          6.44050e+01   constant   
   3  A0           3.53702e-01   1.94347e-04   4.84363e-06   7.02557e+03
   4  phi          4.11501e+00   5.89054e-04   1.46723e-05  -3.90689e+02
   5  R           -6.15106e+01   constant   
   6  A_CBO        4.87827e-03     fixed    
   7  w_CBO        2.32720e+00     fixed    
   8  phi_CBO      5.06732e+00     fixed    
   9  ANx2         5.52857e-04   constant   
  10  pNx2         5.73177e+00   constant   
  11  ANy1         0.00000e+00   constant   
  12  pNy1         0.00000e+00   constant   
  13  w_y          0.00000e+00   constant   
  14  ANy2         9.05236e-03     fixed    
  15  pNy2         5.72687e+00   constant   
  16  w_vw         1.43172e+01   constant   
  17  LM           3.92941e-07   constant   
  18  wCBO_expCoeff   1.99996e+02   2.13374e-04   9.53655e-05   1.94840e+05
  19  wCBO_expOffset   2.00010e+02   1.69168e-05   9.53721e-05   1.28466e+06
  20  wCBO_expT    3.00002e+01   2.22341e-05   1.43052e-05  -3.21995e+06
  21  wCBO_linCoeff   0.00000e+00   constant   
  22  wCBO_const  -4.11631e-02   1.20978e-03   5.72445e-06   1.61864e+04
 MIGRAD FAILS TO FIND IMPROVEMENT
 MIGRAD TERMINATED WITHOUT CONVERGENCE.
 FCN=2246.17 FROM MIGRAD    STATUS=FAILED        233 CALLS         234 TOTAL
                     EDM=2.23912    STRATEGY= 1      ERR MATRIX NOT POS-DEF
  EXT PARAMETER                APPROXIMATE        STEP         FIRST   
  NO.   NAME      VALUE            ERROR          SIZE      DERIVATIVE 
   1  N0           2.81870e+06   4.10595e+02   0.00000e+00  -1.21229e-03
   2  tau          6.44050e+01   constant   
   3  A0           3.53398e-01   2.24382e-04  -0.00000e+00  -4.63390e+03
   4  phi          4.11513e+00   5.80377e-04   0.00000e+00   3.18356e+02
   5  R           -6.15106e+01   constant   
   6  A_CBO        4.87827e-03     fixed    
   7  w_CBO        2.32720e+00     fixed    
   8  phi_CBO      5.06732e+00     fixed    
   9  ANx2         5.52857e-04   constant   
  10  pNx2         5.73177e+00   constant   
  11  ANy1         0.00000e+00   constant   
  12  pNy1         0.00000e+00   constant   
  13  w_y          0.00000e+00   constant   
  14  ANy2         9.05236e-03     fixed    
  15  pNy2         5.72687e+00   constant   
  16  w_vw         1.43172e+01   constant   
  17  LM           3.92941e-07   constant   
  18  wCBO_expCoeff   1.99996e+02   1.04100e-04  -0.00000e+00   4.92360e+04
  19  wCBO_expOffset   2.00010e+02   7.30221e-06   0.00000e+00  -3.20700e+05
  20  wCBO_expT    3.00002e+01   1.12198e-05  -0.00000e+00  -3.06198e+05
  21  wCBO_linCoeff   0.00000e+00   constant   
  22  wCBO_const  -4.13057e-02   6.94706e-04  -0.00000e+00   2.33761e+03
 EXTERNAL ERROR MATRIX.    NDIM=  25    NPAR=  7    ERR DEF=1
  1.686e+05  2.016e-03  4.711e-03 -3.820e-03 -7.280e-04 -7.926e-04 -3.591e-02 
  2.016e-03  5.035e-08 -4.165e-09  9.658e-09 -7.455e-11  6.246e-10  3.039e-08 
  4.711e-03 -4.165e-09  3.368e-07 -1.914e-09  2.191e-10 -1.238e-11 -9.587e-10 
 -3.820e-03  9.658e-09 -1.914e-09  1.084e-08  5.592e-10  1.081e-09  4.867e-08 
 -7.280e-04 -7.455e-11  2.191e-10  5.592e-10  5.332e-11  7.178e-11  3.592e-09 
 -7.926e-04  6.246e-10 -1.238e-11  1.081e-09  7.178e-11  1.259e-10  6.755e-09 
 -3.591e-02  3.039e-08 -9.587e-10  4.867e-08  3.592e-09  6.755e-09  4.826e-07 
ERR MATRIX NOT POS-DEF
 PARAMETER  CORRELATION COEFFICIENTS  
       NO.  GLOBAL      1      3      4     18     19     20     22
        1  0.38572   1.000  0.022  0.020 -0.089 -0.243 -0.172 -0.126
        3  0.69723   0.022  1.000 -0.032  0.413 -0.045  0.248  0.195
        4  0.14544   0.020 -0.032  1.000 -0.032  0.052 -0.002 -0.002
       18  0.98785  -0.089  0.413 -0.032  1.000  0.736  0.925  0.673
       19  0.95647  -0.243 -0.045  0.052  0.736  1.000  0.876  0.708
       20  0.99626  -0.172  0.248 -0.002  0.925  0.876  1.000  0.867
       22  0.97255  -0.126  0.195 -0.002  0.673  0.708  0.867  1.000
 ERR MATRIX NOT POS-DEF
MINUIT - FIT ONLY 1-CBO + other amplitudes 
 **********
 **   16 **RES 
 **********
                   PARAMETER   14  ANy2 RESTORED TO VARIABLE.
                   PARAMETER    8  phi_CBO RESTORED TO VARIABLE.
                   PARAMETER    7  w_CBO RESTORED TO VARIABLE.
                   PARAMETER    6  A_CBO RESTORED TO VARIABLE.
 **********
 **   17 **FIX            0
 **********
 PARAMETER    0  IS UNDEFINED. IGNORED.
 **********
 **   18 **FIX            1
 **********
 **********
 **   19 **FIX            2
 **********
 PARAMETER    2  IS CONSTANT.   IGNORED.
 **********
 **   20 **FIX            3
 **********
 **********
 **   21 **FIX            4
 **********
 **********
 **   22 **FIX            9
 **********
 PARAMETER    9  IS CONSTANT.   IGNORED.
 **********
 **   23 **FIX           11
 **********
 PARAMETER   11  IS CONSTANT.   IGNORED.
 **********
 **   24 **FIX           12
 **********
 PARAMETER   12  IS CONSTANT.   IGNORED.
 **********
 **   25 **FIX           14
 **********
 **********
 **   26 **FIX           15
 **********
 PARAMETER   15  IS CONSTANT.   IGNORED.
 **********
 **   27 **FIX           16
 **********
 PARAMETER   16  IS CONSTANT.   IGNORED.
 **********
 **   28 **MIGRAD
 **********
 START MIGRAD MINIMIZATION.  STRATEGY  1.  CONVERGENCE WHEN EDM .LT. 1.00e-04
 FCN=2246.17 FROM MIGRAD    STATUS=INITIATE       22 CALLS         256 TOTAL
                     EDM= unknown      STRATEGY= 1      NO ERROR MATRIX       
  EXT PARAMETER               CURRENT GUESS       STEP         FIRST   
  NO.   NAME      VALUE            ERROR          SIZE      DERIVATIVE 
   1  N0           2.81870e+06     fixed    
   2  tau          6.44050e+01   constant   
   3  A0           3.53398e-01     fixed    
   4  phi          4.11513e+00     fixed    
   5  R           -6.15106e+01   constant   
   6  A_CBO        4.87827e-03   1.00000e-05   1.00000e-05   1.18213e+05
   7  w_CBO        2.32720e+00   1.00000e-03   1.00000e-03   4.23159e+06
   8  phi_CBO      5.06732e+00   1.00000e-04   1.00000e-04   1.65441e+01
   9  ANx2         5.52857e-04   constant   
  10  pNx2         5.73177e+00   constant   
  11  ANy1         0.00000e+00   constant   
  12  pNy1         0.00000e+00   constant   
  13  w_y          0.00000e+00   constant   
  14  ANy2         9.05236e-03     fixed    
  15  pNy2         5.72687e+00   constant   
  16  w_vw         1.43172e+01   constant   
  17  LM           3.92941e-07   constant   
  18  wCBO_expCoeff   1.99996e+02   1.04100e-04  -0.00000e+00   4.92360e+04
  19  wCBO_expOffset   2.00010e+02   7.30221e-06   0.00000e+00  -3.20700e+05
  20  wCBO_expT    3.00002e+01   1.12198e-05  -0.00000e+00  -3.06198e+05
  21  wCBO_linCoeff   0.00000e+00   constant   
  22  wCBO_const  -4.13057e-02   6.94706e-04  -0.00000e+00   2.33761e+03
 CALL LIMIT EXCEEDED IN MIGRAD.
 MIGRAD TERMINATED WITHOUT CONVERGENCE.
 FCN=2025.22 FROM MIGRAD    STATUS=CALL LIMIT   1164 CALLS        1398 TOTAL
                     EDM=14.3429    STRATEGY= 1  ERROR MATRIX UNCERTAINTY   0.8 per cent
  EXT PARAMETER                APPROXIMATE        STEP         FIRST   
  NO.   NAME      VALUE            ERROR          SIZE      DERIVATIVE 
   1  N0           2.81870e+06     fixed    
   2  tau          6.44050e+01   constant   
   3  A0           3.53398e-01     fixed    
   4  phi          4.11513e+00     fixed    
   5  R           -6.15106e+01   constant   
   6  A_CBO        1.67290e-03   1.81596e-04   3.42895e-06   2.36572e+03
   7  w_CBO        2.32719e+00   7.36025e-07   3.28285e-08  -3.98476e+06
   8  phi_CBO      4.09918e+00   1.34730e-01   3.47423e-03   9.64575e+00
   9  ANx2         5.52857e-04   constant   
  10  pNx2         5.73177e+00   constant   
  11  ANy1         0.00000e+00   constant   
  12  pNy1         0.00000e+00   constant   
  13  w_y          0.00000e+00   constant   
  14  ANy2         9.05236e-03     fixed    
  15  pNy2         5.72687e+00   constant   
  16  w_vw         1.43172e+01   constant   
  17  LM           3.92941e-07   constant   
  18  wCBO_expCoeff   1.99996e+02   6.33061e-05   2.82373e-06  -4.63553e+04
  19  wCBO_expOffset   2.00010e+02   2.29455e-05  -1.05389e-06   6.12241e+04
  20  wCBO_expT    3.00002e+01   2.55369e-06  -9.94315e-08   5.79510e+05
  21  wCBO_linCoeff   0.00000e+00   constant   
  22  wCBO_const  -4.42756e-02   3.66652e-04   6.11607e-06  -2.90025e+03
 EXTERNAL ERROR MATRIX.    NDIM=  25    NPAR=  7    ERR DEF=1
  3.298e-08  4.864e-11 -1.117e-05  4.185e-09 -1.187e-09 -1.980e-10 -2.398e-08 
  4.864e-11  5.417e-13  5.136e-08  4.022e-11 -1.557e-11 -1.389e-12  7.168e-11 
 -1.117e-05  5.136e-08  1.815e-02  4.417e-06 -1.689e-06 -1.363e-07  3.398e-05 
  4.185e-09  4.022e-11  4.417e-06  4.008e-09 -1.339e-09 -1.195e-10  6.163e-09 
 -1.187e-09 -1.557e-11 -1.689e-06 -1.339e-09  5.265e-10  4.684e-11 -2.880e-09 
 -1.980e-10 -1.389e-12 -1.363e-07 -1.195e-10  4.684e-11  6.521e-12 -1.369e-10 
 -2.398e-08  7.168e-11  3.398e-05  6.163e-09 -2.880e-09 -1.369e-10  1.344e-07 
ERR MATRIX APPROXIMATE
 PARAMETER  CORRELATION COEFFICIENTS  
       NO.  GLOBAL      6      7      8     18     19     20     22
        6  0.93321   1.000  0.364 -0.457  0.364 -0.285 -0.427 -0.360
        7  0.95642   0.364  1.000  0.518  0.863 -0.922 -0.739  0.266
        8  0.95333  -0.457  0.518  1.000  0.518 -0.546 -0.396  0.688
       18  0.95646   0.364  0.863  0.518  1.000 -0.922 -0.739  0.266
       19  0.97883  -0.285 -0.922 -0.546 -0.922  1.000  0.799 -0.342
       20  0.89337  -0.427 -0.739 -0.396 -0.739  0.799  1.000 -0.146
       22  0.78695  -0.360  0.266  0.688  0.266 -0.342 -0.146  1.000
 ERR MATRIX APPROXIMATE
MINUIT - FIT ONLY 1-CBO
 **********
 **   29 **RES 
 **********
                   PARAMETER   14  ANy2 RESTORED TO VARIABLE.
                   PARAMETER    4  phi RESTORED TO VARIABLE.
                   PARAMETER    3  A0 RESTORED TO VARIABLE.
                   PARAMETER    1  N0 RESTORED TO VARIABLE.
 **********
 **   30 **FIX            0
 **********
 PARAMETER    0  IS UNDEFINED. IGNORED.
 **********
 **   31 **FIX            1
 **********
 **********
 **   32 **FIX            2
 **********
 PARAMETER    2  IS CONSTANT.   IGNORED.
 **********
 **   33 **FIX            3
 **********
 **********
 **   34 **FIX            4
 **********
 **********
 **   35 **FIX            8
 **********
 **********
 **   36 **FIX            9
 **********
 PARAMETER    9  IS CONSTANT.   IGNORED.
 **********
 **   37 **FIX           11
 **********
 PARAMETER   11  IS CONSTANT.   IGNORED.
 **********
 **   38 **FIX           12
 **********
 PARAMETER   12  IS CONSTANT.   IGNORED.
 **********
 **   39 **FIX           13
 **********
 PARAMETER   13  IS CONSTANT.   IGNORED.
 **********
 **   40 **FIX           15
 **********
 PARAMETER   15  IS CONSTANT.   IGNORED.
 **********
 **   41 **FIX           16
 **********
 PARAMETER   16  IS CONSTANT.   IGNORED.
 **********
 **   42 **MIGRAD
 **********
 START MIGRAD MINIMIZATION.  STRATEGY  1.  CONVERGENCE WHEN EDM .LT. 1.00e-04
 FCN=2025.22 FROM MIGRAD    STATUS=INITIATE       16 CALLS        1414 TOTAL
                     EDM= unknown      STRATEGY= 1      NO ERROR MATRIX       
  EXT PARAMETER               CURRENT GUESS       STEP         FIRST   
  NO.   NAME      VALUE            ERROR          SIZE      DERIVATIVE 
   1  N0           2.81870e+06     fixed    
   2  tau          6.44050e+01   constant   
   3  A0           3.53398e-01     fixed    
   4  phi          4.11513e+00     fixed    
   5  R           -6.15106e+01   constant   
   6  A_CBO        1.67290e-03   1.81596e-04   3.42895e-06   2.36572e+03
   7  w_CBO        2.32719e+00   7.36025e-07   3.28285e-08  -3.98476e+06
   8  phi_CBO      4.09918e+00     fixed    
   9  ANx2         5.52857e-04   constant   
  10  pNx2         5.73177e+00   constant   
  11  ANy1         0.00000e+00   constant   
  12  pNy1         0.00000e+00   constant   
  13  w_y          0.00000e+00   constant   
  14  ANy2         9.05236e-03   1.00000e-04   1.00000e-04   3.33711e+05
  15  pNy2         5.72687e+00   constant   
  16  w_vw         1.43172e+01   constant   
  17  LM           3.92941e-07   constant   
  18  wCBO_expCoeff   1.99996e+02   6.33061e-05   2.82373e-06  -4.63553e+04
  19  wCBO_expOffset   2.00010e+02   2.29455e-05  -1.05389e-06   6.12241e+04
  20  wCBO_expT    3.00002e+01   2.55369e-06  -9.94315e-08   5.79510e+05
  21  wCBO_linCoeff   0.00000e+00   constant   
  22  wCBO_const  -4.42756e-02   3.66652e-04   6.11607e-06  -2.90025e+03
 CALL LIMIT EXCEEDED IN MIGRAD.
 MIGRAD TERMINATED WITHOUT CONVERGENCE.
 FCN=547.927 FROM MIGRAD    STATUS=CALL LIMIT   1151 CALLS        2549 TOTAL
                     EDM=0.243246    STRATEGY= 1  ERROR MATRIX UNCERTAINTY   0.8 per cent
  EXT PARAMETER                APPROXIMATE        STEP         FIRST   
  NO.   NAME      VALUE            ERROR          SIZE      DERIVATIVE 
   1  N0           2.81870e+06     fixed    
   2  tau          6.44050e+01   constant   
   3  A0           3.53398e-01     fixed    
   4  phi          4.11513e+00     fixed    
   5  R           -6.15106e+01   constant   
   6  A_CBO        9.58417e-05   3.61714e-04   3.80369e-07   1.91682e+03
   7  w_CBO        2.32720e+00   3.07173e-06  -3.21215e-09   1.59130e+05
   8  phi_CBO      4.09918e+00     fixed    
   9  ANx2         5.52857e-04   constant   
  10  pNx2         5.73177e+00   constant   
  11  ANy1         0.00000e+00   constant   
  12  pNy1         0.00000e+00   constant   
  13  w_y          0.00000e+00   constant   
  14  ANy2         8.31380e-05   2.45029e-04   1.20286e-07   5.71641e+02
  15  pNy2         5.72687e+00   constant   
  16  w_vw         1.43172e+01   constant   
  17  LM           3.92941e-07   constant   
  18  wCBO_expCoeff   1.99996e+02   2.64387e-04  -2.76498e-07   1.85385e+03
  19  wCBO_expOffset   2.00010e+02   4.92159e-05   5.25920e-08  -7.22446e+03
  20  wCBO_expT    3.00002e+01   4.62537e-06  -3.02057e-09   8.61070e+03
  21  wCBO_linCoeff   0.00000e+00   constant   
  22  wCBO_const  -4.29257e-02   1.66844e-03   1.71851e-06  -2.57477e+02
 EXTERNAL ERROR MATRIX.    NDIM=  25    NPAR=  7    ERR DEF=1
  1.308e-07 -1.083e-09  2.594e-08 -9.320e-08  1.728e-08 -7.086e-10  5.106e-07 
 -1.083e-09  9.435e-12 -3.513e-10  7.997e-10 -1.475e-10  5.522e-12 -4.197e-09 
  2.594e-08 -3.513e-10  6.004e-08 -3.024e-08  5.491e-09 -1.791e-10  1.512e-07 
 -9.320e-08  7.997e-10 -3.024e-08  6.990e-08 -1.269e-08  4.755e-10 -3.613e-07 
  1.728e-08 -1.475e-10  5.491e-09 -1.269e-08  2.422e-09 -1.066e-10  7.121e-08 
 -7.086e-10  5.522e-12 -1.791e-10  4.755e-10 -1.066e-10  2.139e-11 -5.725e-09 
  5.106e-07 -4.197e-09  1.512e-07 -3.613e-07  7.121e-08 -5.725e-09  2.784e-06 
ERR MATRIX APPROXIMATE
 PARAMETER  CORRELATION COEFFICIENTS  
       NO.  GLOBAL      6      7     14     18     19     20     22
        6  0.99909   1.000 -0.974  0.293 -0.975  0.971 -0.424  0.846
        7  0.99612  -0.974  1.000 -0.467  0.985 -0.976  0.389 -0.819
       14  0.98014   0.293 -0.467  1.000 -0.467  0.455 -0.158  0.370
       18  0.99613  -0.975  0.985 -0.467  1.000 -0.976  0.389 -0.819
       19  0.99013   0.971 -0.976  0.455 -0.976  1.000 -0.468  0.867
       20  0.88456  -0.424  0.389 -0.158  0.389 -0.468  1.000 -0.742
       22  0.97670   0.846 -0.819  0.370 -0.819  0.867 -0.742  1.000
 ERR MATRIX APPROXIMATE
MINUIT - FIT ONLY 2-CBO
 **********
 **   43 **RES 
 **********
                   PARAMETER    8  phi_CBO RESTORED TO VARIABLE.
                   PARAMETER    4  phi RESTORED TO VARIABLE.
                   PARAMETER    3  A0 RESTORED TO VARIABLE.
                   PARAMETER    1  N0 RESTORED TO VARIABLE.
 **********
 **   44 **FIX            0
 **********
 PARAMETER    0  IS UNDEFINED. IGNORED.
 **********
 **   45 **FIX            1
 **********
 **********
 **   46 **FIX            2
 **********
 PARAMETER    2  IS CONSTANT.   IGNORED.
 **********
 **   47 **FIX            3
 **********
 **********
 **   48 **FIX            4
 **********
 **********
 **   49 **FIX            5
 **********
 PARAMETER    5  IS CONSTANT.   IGNORED.
 **********
 **   50 **FIX            6
 **********
 **********
 **   51 **FIX            7
 **********
 **********
 **   52 **FIX           10
 **********
 PARAMETER   10  IS CONSTANT.   IGNORED.
 **********
 **   53 **FIX           11
 **********
 PARAMETER   11  IS CONSTANT.   IGNORED.
 **********
 **   54 **FIX           12
 **********
 PARAMETER   12  IS CONSTANT.   IGNORED.
 **********
 **   55 **FIX           13
 **********
 PARAMETER   13  IS CONSTANT.   IGNORED.
 **********
 **   56 **FIX           14
 **********
 **********
 **   57 **FIX           15
 **********
 PARAMETER   15  IS CONSTANT.   IGNORED.
 **********
 **   58 **FIX           16
 **********
 PARAMETER   16  IS CONSTANT.   IGNORED.
 **********
 **   59 **MIGRAD
 **********
 START MIGRAD MINIMIZATION.  STRATEGY  1.  CONVERGENCE WHEN EDM .LT. 1.00e-04
 FCN=547.927 FROM MIGRAD    STATUS=INITIATE       12 CALLS        2561 TOTAL
                     EDM= unknown      STRATEGY= 1      NO ERROR MATRIX       
  EXT PARAMETER               CURRENT GUESS       STEP         FIRST   
  NO.   NAME      VALUE            ERROR          SIZE      DERIVATIVE 
   1  N0           2.81870e+06     fixed    
   2  tau          6.44050e+01   constant   
   3  A0           3.53398e-01     fixed    
   4  phi          4.11513e+00     fixed    
   5  R           -6.15106e+01   constant   
   6  A_CBO        9.58417e-05     fixed    
   7  w_CBO        2.32720e+00     fixed    
   8  phi_CBO      4.09918e+00   1.34730e-01   1.34730e-01  -2.03006e-01
   9  ANx2         5.52857e-04   constant   
  10  pNx2         5.73177e+00   constant   
  11  ANy1         0.00000e+00   constant   
  12  pNy1         0.00000e+00   constant   
  13  w_y          0.00000e+00   constant   
  14  ANy2         8.31380e-05     fixed    
  15  pNy2         5.72687e+00   constant   
  16  w_vw         1.43172e+01   constant   
  17  LM           3.92941e-07   constant   
  18  wCBO_expCoeff   1.99996e+02   2.64387e-04  -2.76498e-07   1.85385e+03
  19  wCBO_expOffset   2.00010e+02   4.92159e-05   5.25920e-08  -7.22446e+03
  20  wCBO_expT    3.00002e+01   4.62537e-06  -3.02057e-09   8.61070e+03
  21  wCBO_linCoeff   0.00000e+00   constant   
  22  wCBO_const  -4.29257e-02   1.66844e-03   1.71851e-06  -2.57477e+02
 MIGRAD FAILS TO FIND IMPROVEMENT
 FCN=530.155 FROM HESSE     STATUS=NOT POSDEF     39 CALLS        2683 TOTAL
                     EDM=204.535    STRATEGY= 1      ERR MATRIX NOT POS-DEF
  EXT PARAMETER                APPROXIMATE        STEP         FIRST   
  NO.   NAME      VALUE            ERROR          SIZE      DERIVATIVE 
   1  N0           2.81870e+06     fixed    
   2  tau          6.44050e+01   constant   
   3  A0           3.53398e-01     fixed    
   4  phi          4.11513e+00     fixed    
   5  R           -6.15106e+01   constant   
   6  A_CBO        9.58417e-05     fixed    
   7  w_CBO        2.32720e+00     fixed    
   8  phi_CBO     -1.68456e+01   1.33479e+01   1.18478e-02   3.47361e+00
   9  ANx2         5.52857e-04   constant   
  10  pNx2         5.73177e+00   constant   
  11  ANy1         0.00000e+00   constant   
  12  pNy1         0.00000e+00   constant   
  13  w_y          0.00000e+00   constant   
  14  ANy2         8.31380e-05     fixed    
  15  pNy2         5.72687e+00   constant   
  16  w_vw         1.43172e+01   constant   
  17  LM           3.92941e-07   constant   
  18  wCBO_expCoeff  -4.96553e+03   2.15780e-03   2.36775e-03  -5.25698e+03
  19  wCBO_expOffset   1.87818e+04   2.42970e-02   8.95587e-03  -9.51267e+02
  20  wCBO_expT    9.83304e+03   1.04699e-02   4.68876e-03   1.90026e+03
  21  wCBO_linCoeff   0.00000e+00   constant   
  22  wCBO_const   1.79861e+04   8.19405e-03   8.57643e-03  -4.24333e+02
 MIGRAD FAILS TO FIND IMPROVEMENT
 MIGRAD TERMINATED WITHOUT CONVERGENCE.
 FCN=528.658 FROM MIGRAD    STATUS=FAILED        172 CALLS        2721 TOTAL
                     EDM=98.8392    STRATEGY= 1      ERR MATRIX NOT POS-DEF
  EXT PARAMETER                APPROXIMATE        STEP         FIRST   
  NO.   NAME      VALUE            ERROR          SIZE      DERIVATIVE 
   1  N0           2.81870e+06     fixed    
   2  tau          6.44050e+01   constant   
   3  A0           3.53398e-01     fixed    
   4  phi          4.11513e+00     fixed    
   5  R           -6.15106e+01   constant   
   6  A_CBO        9.58417e-05     fixed    
   7  w_CBO        2.32720e+00     fixed    
   8  phi_CBO     -3.48589e+01   7.76751e-01   0.00000e+00  -1.77333e+00
   9  ANx2         5.52857e-04   constant   
  10  pNx2         5.73177e+00   constant   
  11  ANy1         0.00000e+00   constant   
  12  pNy1         0.00000e+00   constant   
  13  w_y          0.00000e+00   constant   
  14  ANy2         8.31380e-05     fixed    
  15  pNy2         5.72687e+00   constant   
  16  w_vw         1.43172e+01   constant   
  17  LM           3.92941e-07   constant   
  18  wCBO_expCoeff  -4.96554e+03   2.52850e-04   0.00000e+00   9.62981e+02
  19  wCBO_expOffset   1.87818e+04   2.14973e-03   0.00000e+00   9.11599e+02
  20  wCBO_expT    9.83302e+03   1.12090e-03   0.00000e+00  -1.62932e+03
  21  wCBO_linCoeff   0.00000e+00   constant   
  22  wCBO_const   1.79861e+04   2.22093e-03   0.00000e+00  -7.72666e+02
 EXTERNAL ERROR MATRIX.    NDIM=  25    NPAR=  5    ERR DEF=1
  6.033e-01  8.621e-05  1.082e-03  3.625e-04  7.300e-04 
  8.621e-05  6.393e-08  2.401e-07  1.394e-07  1.209e-07 
  1.082e-03  2.401e-07  4.621e-06  1.595e-06  8.676e-07 
  3.625e-04  1.394e-07  1.595e-06  1.256e-06 -4.996e-07 
  7.300e-04  1.209e-07  8.676e-07 -4.996e-07  4.933e-06 
ERR MATRIX NOT POS-DEF
 PARAMETER  CORRELATION COEFFICIENTS  
       NO.  GLOBAL      8     18     19     20     22
        8  0.73457   1.000  0.439  0.648  0.416  0.423
       18  0.59453   0.439  1.000  0.442  0.492  0.215
       19  0.78593   0.648  0.442  1.000  0.662  0.182
       20  0.79193   0.416  0.492  0.662  1.000 -0.201
       22  0.64088   0.423  0.215  0.182 -0.201  1.000
 ERR MATRIX NOT POS-DEF
MINUIT - FIT ONLY 1-y
 **********
 **   60 **RES 
 **********
                   PARAMETER   14  ANy2 RESTORED TO VARIABLE.
                   PARAMETER    7  w_CBO RESTORED TO VARIABLE.
                   PARAMETER    6  A_CBO RESTORED TO VARIABLE.
                   PARAMETER    4  phi RESTORED TO VARIABLE.
                   PARAMETER    3  A0 RESTORED TO VARIABLE.
                   PARAMETER    1  N0 RESTORED TO VARIABLE.
 **********
 **   61 **FIX            0
 **********
 PARAMETER    0  IS UNDEFINED. IGNORED.
 **********
 **   62 **FIX            1
 **********
 **********
 **   63 **FIX            2
 **********
 PARAMETER    2  IS CONSTANT.   IGNORED.
 **********
 **   64 **FIX            3
 **********
 **********
 **   65 **FIX            4
 **********
 **********
 **   66 **FIX            5
 **********
 PARAMETER    5  IS CONSTANT.   IGNORED.
 **********
 **   67 **FIX            6
 **********
 **********
 **   68 **FIX            7
 **********
 **********
 **   69 **FIX            8
 **********
 **********
 **   70 **FIX            9
 **********
 PARAMETER    9  IS CONSTANT.   IGNORED.
 **********
 **   71 **FIX           13
 **********
 PARAMETER   13  IS CONSTANT.   IGNORED.
 **********
 **   72 **FIX           14
 **********
 **********
 **   73 **FIX           15
 **********
 PARAMETER   15  IS CONSTANT.   IGNORED.
 **********
 **   74 **FIX           16
 **********
 PARAMETER   16  IS CONSTANT.   IGNORED.
 **********
 **   75 **MIGRAD
 **********
 START MIGRAD MINIMIZATION.  STRATEGY  1.  CONVERGENCE WHEN EDM .LT. 1.00e-04
 FCN=528.658 FROM MIGRAD    STATUS=INITIATE        8 CALLS        2729 TOTAL
                     EDM= unknown      STRATEGY= 1      NO ERROR MATRIX       
  EXT PARAMETER               CURRENT GUESS       STEP         FIRST   
  NO.   NAME      VALUE            ERROR          SIZE      DERIVATIVE 
   1  N0           2.81870e+06     fixed    
   2  tau          6.44050e+01   constant   
   3  A0           3.53398e-01     fixed    
   4  phi          4.11513e+00     fixed    
   5  R           -6.15106e+01   constant   
   6  A_CBO        9.58417e-05     fixed    
   7  w_CBO        2.32720e+00     fixed    
   8  phi_CBO     -3.48589e+01     fixed    
   9  ANx2         5.52857e-04   constant   
  10  pNx2         5.73177e+00   constant   
  11  ANy1         0.00000e+00   constant   
  12  pNy1         0.00000e+00   constant   
  13  w_y          0.00000e+00   constant   
  14  ANy2         8.31380e-05     fixed    
  15  pNy2         5.72687e+00   constant   
  16  w_vw         1.43172e+01   constant   
  17  LM           3.92941e-07   constant   
  18  wCBO_expCoeff  -4.96554e+03   2.52850e-04   0.00000e+00   9.62981e+02
  19  wCBO_expOffset   1.87818e+04   2.14973e-03   0.00000e+00   9.11599e+02
  20  wCBO_expT    9.83302e+03   1.12090e-03   0.00000e+00  -1.62932e+03
  21  wCBO_linCoeff   0.00000e+00   constant   
  22  wCBO_const   1.79861e+04   2.22093e-03   0.00000e+00  -7.72666e+02
 MIGRAD FAILS TO FIND IMPROVEMENT
 FCN=528.658 FROM HESSE     STATUS=NOT POSDEF     31 CALLS        2761 TOTAL
                     EDM=228.563    STRATEGY= 1      ERR MATRIX NOT POS-DEF
  EXT PARAMETER                APPROXIMATE        STEP         FIRST   
  NO.   NAME      VALUE            ERROR          SIZE      DERIVATIVE 
   1  N0           2.81870e+06     fixed    
   2  tau          6.44050e+01   constant   
   3  A0           3.53398e-01     fixed    
   4  phi          4.11513e+00     fixed    
   5  R           -6.15106e+01   constant   
   6  A_CBO        9.58417e-05     fixed    
   7  w_CBO        2.32720e+00     fixed    
   8  phi_CBO     -3.48589e+01     fixed    
   9  ANx2         5.52857e-04   constant   
  10  pNx2         5.73177e+00   constant   
  11  ANy1         0.00000e+00   constant   
  12  pNy1         0.00000e+00   constant   
  13  w_y          0.00000e+00   constant   
  14  ANy2         8.31380e-05     fixed    
  15  pNy2         5.72687e+00   constant   
  16  w_vw         1.43172e+01   constant   
  17  LM           3.92941e-07   constant   
  18  wCBO_expCoeff  -4.96554e+03   3.46925e-03   2.36775e-03  -5.34675e+03
  19  wCBO_expOffset   1.87818e+04   3.28902e-02   8.95585e-03  -9.33524e+03
  20  wCBO_expT    9.83302e+03   1.42181e-02   4.68875e-03   1.78356e+04
  21  wCBO_linCoeff   0.00000e+00   constant   
  22  wCBO_const   1.79861e+04   1.14624e-02   8.57642e-03   4.40477e+03
 MIGRAD FAILS TO FIND IMPROVEMENT
 MIGRAD TERMINATED WITHOUT CONVERGENCE.
 FCN=516.974 FROM MIGRAD    STATUS=FAILED         84 CALLS        2805 TOTAL
                     EDM=200.744    STRATEGY= 1      ERR MATRIX NOT POS-DEF
  EXT PARAMETER                APPROXIMATE        STEP         FIRST   
  NO.   NAME      VALUE            ERROR          SIZE      DERIVATIVE 
   1  N0           2.81870e+06     fixed    
   2  tau          6.44050e+01   constant   
   3  A0           3.53398e-01     fixed    
   4  phi          4.11513e+00     fixed    
   5  R           -6.15106e+01   constant   
   6  A_CBO        9.58417e-05     fixed    
   7  w_CBO        2.32720e+00     fixed    
   8  phi_CBO     -3.48589e+01     fixed    
   9  ANx2         5.52857e-04   constant   
  10  pNx2         5.73177e+00   constant   
  11  ANy1         0.00000e+00   constant   
  12  pNy1         0.00000e+00   constant   
  13  w_y          0.00000e+00   constant   
  14  ANy2         8.31380e-05     fixed    
  15  pNy2         5.72687e+00   constant   
  16  w_vw         1.43172e+01   constant   
  17  LM           3.92941e-07   constant   
  18  wCBO_expCoeff  -4.96550e+03   1.00006e+00  -0.00000e+00   2.93669e+03
  19  wCBO_expOffset   1.87821e+04   1.00000e+00  -0.00000e+00   2.38338e+02
  20  wCBO_expT    9.83317e+03   1.00006e+00   0.00000e+00  -1.94285e+02
  21  wCBO_linCoeff   0.00000e+00   constant   
  22  wCBO_const   1.79862e+04   1.00006e+00  -0.00000e+00   1.32984e+03
 EXTERNAL ERROR MATRIX.    NDIM=  25    NPAR=  4    ERR DEF=1
  1.000e+00 -1.387e-05 -5.229e-06 -4.580e-06 
 -1.387e-05  1.000e+00 -4.887e-05 -4.249e-05 
 -5.229e-06 -4.887e-05  1.000e+00 -1.634e-05 
 -4.580e-06 -4.249e-05 -1.634e-05  1.000e+00 
ERR MATRIX NOT POS-DEF
 PARAMETER  CORRELATION COEFFICIENTS  
       NO.  GLOBAL     18     19     20     22
       18  0.00002   1.000 -0.000 -0.000 -0.000
       19  0.00007  -0.000  1.000 -0.000 -0.000
       20  0.00005  -0.000 -0.000  1.000 -0.000
       22  0.00005  -0.000 -0.000 -0.000  1.000
 ERR MATRIX NOT POS-DEF
MINUIT - FIT ONLY 2-y
 **********
 **   76 **RES 
 **********
                   PARAMETER   14  ANy2 RESTORED TO VARIABLE.
                   PARAMETER    8  phi_CBO RESTORED TO VARIABLE.
                   PARAMETER    7  w_CBO RESTORED TO VARIABLE.
                   PARAMETER    6  A_CBO RESTORED TO VARIABLE.
                   PARAMETER    4  phi RESTORED TO VARIABLE.
                   PARAMETER    3  A0 RESTORED TO VARIABLE.
                   PARAMETER    1  N0 RESTORED TO VARIABLE.
 **********
 **   77 **FIX            0
 **********
 PARAMETER    0  IS UNDEFINED. IGNORED.
 **********
 **   78 **FIX            1
 **********
 **********
 **   79 **FIX            2
 **********
 PARAMETER    2  IS CONSTANT.   IGNORED.
 **********
 **   80 **FIX            3
 **********
 **********
 **   81 **FIX            4
 **********
 **********
 **   82 **FIX            5
 **********
 PARAMETER    5  IS CONSTANT.   IGNORED.
 **********
 **   83 **FIX            6
 **********
 **********
 **   84 **FIX            7
 **********
 **********
 **   85 **FIX            8
 **********
 **********
 **   86 **FIX            9
 **********
 PARAMETER    9  IS CONSTANT.   IGNORED.
 **********
 **   87 **FIX           10
 **********
 PARAMETER   10  IS CONSTANT.   IGNORED.
 **********
 **   88 **FIX           11
 **********
 PARAMETER   11  IS CONSTANT.   IGNORED.
 **********
 **   89 **FIX           12
 **********
 PARAMETER   12  IS CONSTANT.   IGNORED.
 **********
 **   90 **FIX           16
 **********
 PARAMETER   16  IS CONSTANT.   IGNORED.
 **********
 **   91 **MIGRAD
 **********
 START MIGRAD MINIMIZATION.  STRATEGY  1.  CONVERGENCE WHEN EDM .LT. 1.00e-04
 FCN=516.974 FROM MIGRAD    STATUS=INITIATE       10 CALLS        2815 TOTAL
                     EDM= unknown      STRATEGY= 1      NO ERROR MATRIX       
  EXT PARAMETER               CURRENT GUESS       STEP         FIRST   
  NO.   NAME      VALUE            ERROR          SIZE      DERIVATIVE 
   1  N0           2.81870e+06     fixed    
   2  tau          6.44050e+01   constant   
   3  A0           3.53398e-01     fixed    
   4  phi          4.11513e+00     fixed    
   5  R           -6.15106e+01   constant   
   6  A_CBO        9.58417e-05     fixed    
   7  w_CBO        2.32720e+00     fixed    
   8  phi_CBO     -3.48589e+01     fixed    
   9  ANx2         5.52857e-04   constant   
  10  pNx2         5.73177e+00   constant   
  11  ANy1         0.00000e+00   constant   
  12  pNy1         0.00000e+00   constant   
  13  w_y          0.00000e+00   constant   
  14  ANy2         8.31380e-05   2.45029e-04   2.45029e-04  -2.03171e+03
  15  pNy2         5.72687e+00   constant   
  16  w_vw         1.43172e+01   constant   
  17  LM           3.92941e-07   constant   
  18  wCBO_expCoeff  -4.96550e+03   1.00006e+00  -0.00000e+00   2.93669e+03
  19  wCBO_expOffset   1.87821e+04   1.00000e+00  -0.00000e+00   2.38338e+02
  20  wCBO_expT    9.83317e+03   1.00006e+00   0.00000e+00  -1.94285e+02
  21  wCBO_linCoeff   0.00000e+00   constant   
  22  wCBO_const   1.79862e+04   1.00006e+00  -0.00000e+00   1.32984e+03
 MIGRAD FAILS TO FIND IMPROVEMENT
 FCN=516.974 FROM HESSE     STATUS=NOT POSDEF     39 CALLS        2863 TOTAL
                     EDM=1060.93    STRATEGY= 1      ERR MATRIX NOT POS-DEF
  EXT PARAMETER                APPROXIMATE        STEP         FIRST   
  NO.   NAME      VALUE            ERROR          SIZE      DERIVATIVE 
   1  N0           2.81870e+06     fixed    
   2  tau          6.44050e+01   constant   
   3  A0           3.53398e-01     fixed    
