 + ++++++++++++++++++++++++++++++++++++++++++++++++++++++++++++++++++++ +
 +                                                                      +
 +           You have chose to blind your fitting according to          +
 +                omega_ref * (1 + (R +/- deltaR) *10^{-6})             +
 +                                                                      +
 + ++++++++++++++++++++++++++++++++++++++++++++++++++++++++++++++++++++ +
In main()...
reading format from /gm2data/zkhechad/run45/envelope/formats/formatB_sBin_constraintOn.txt
pBinTau 	= 0  
pBinPhi 	= 0  
constraintau 	= 1 
includeMopTerm 	= 0    
constrainMop    = 0   
Parameters after format file: pBinTau 0 pBinPhi 0 constraintau 1 includeMopTerm 0 constrainMop 0 c_e_scale 0.000000 
reading cbo reference file (full fit) from /gm2data/zkhechad/cboTemplates/Run4CBOTemplates/fullFits/run4/sBin_constraintOn_cE0.0_seed0_run4_calo20.root
A_CBO 0.007307 w_CBO 2.326921 phi_CBO 1.268494 N0 3181980.382925 R -61.000535 tau 64.408953 
Reading cboRef file /gm2data/zkhechad/cboTemplates/Run4CBOTemplates//cboIsolate/run4_calo20.root
deltaT 32.764215
windowBins = 210
fitting sliding window 740 from bin 943 at 140.695600 to bin 1153 at 172.027600 (210 bins)

Reading data from /gm2data/cornell/histograms/aMethod/histogram_a_run4.root
fitting cbo isolate
 **********
 **    1 **SET PRINTOUT            1
 **********
 **********
 **    2 **SET NOWARNINGS 
 **********
 PARAMETER DEFINITIONS:
    NO.   NAME         VALUE      STEP SIZE      LIMITS
     1 A_CBO        7.30680e-03  1.00000e-05     no limits
     2 w_CBO        2.32692e+00  1.00000e-02    2.00000e+00  3.00000e+00
     3 phi_CBO      1.26849e+00  1.00000e-02    0.00000e+00  6.28319e+00
 **********
 **    3 **MIGRAD
 **********
 FIRST CALL TO USER FUNCTION AT NEW START POINT, WITH IFLAG=4.
 START MIGRAD MINIMIZATION.  STRATEGY  1.  CONVERGENCE WHEN EDM .LT. 1.00e-04
 FCN=0.00183547 FROM MIGRAD    STATUS=INITIATE       12 CALLS          13 TOTAL
                     EDM= unknown      STRATEGY= 1      NO ERROR MATRIX       
  EXT PARAMETER               CURRENT GUESS       STEP         FIRST   
  NO.   NAME      VALUE            ERROR          SIZE      DERIVATIVE 
   1  A_CBO        7.30680e-03   1.00000e-05   1.00000e-05   7.96515e-01
   2  w_CBO        2.32692e+00   1.00000e-02   2.13202e-02  -1.25142e-02
   3  phi_CBO      1.26849e+00   1.00000e-02   3.96494e-03   4.66886e-04
 MIGRAD MINIMIZATION HAS CONVERGED.
 MIGRAD WILL VERIFY CONVERGENCE AND ERROR MATRIX.
 FCN=0.000327529 FROM MIGRAD    STATUS=CONVERGED      41 CALLS          42 TOTAL
                     EDM=5.17047e-06    STRATEGY= 1      ERR MATRIX NOT POS-DEF
  EXT PARAMETER                APPROXIMATE        STEP         FIRST   
  NO.   NAME      VALUE            ERROR          SIZE      DERIVATIVE 
   1  A_CBO        3.52429e-03   1.00284e-01   4.75689e-05  -4.57133e-05
   2  w_CBO        2.32712e+00   5.79736e-01   1.84131e-04   4.80181e-03
   3  phi_CBO      1.23450e+00   3.31141e+00   5.44525e-03  -1.47029e-04
 EXTERNAL ERROR MATRIX.    NDIM=  25    NPAR=  3    ERR DEF=1
  1.006e-02 -6.960e-02 -1.086e+01 
 -6.960e-02  7.811e+00  1.226e+03 
 -1.086e+01  1.226e+03  1.932e+05 
ERR MATRIX NOT POS-DEF
 PARAMETER  CORRELATION COEFFICIENTS  
       NO.  GLOBAL      1      2      3
        1  0.24936   1.000 -0.248 -0.246
        2  0.99801  -0.248  1.000  0.998
        3  0.99800  -0.246  0.998  1.000
 ERR MATRIX NOT POS-DEF
setting A_CBO=0.003524 w_CBO=2.327123, phi_CBO=1.234499
done fitting cbo isolate
 **********
 **    1 **SET PRINTOUT            1
 **********
 **********
 **    2 **SET NOWARNINGS 
 **********
 PARAMETER DEFINITIONS:
    NO.   NAME         VALUE      STEP SIZE      LIMITS
     1 N0           3.18198e+06  1.00000e+02     no limits
     2 tau          6.44090e+01  constant
     3 A0           3.64685e-01  1.00000e-04     no limits
     4 phi          4.11970e+00  1.00000e-02     no limits
     5 R           -6.10005e+01  constant
     6 A_CBO        3.52429e-03  1.00000e-05     no limits
     7 w_CBO        2.32712e+00  1.00000e-03     no limits
     8 phi_CBO      1.23450e+00  1.00000e-04     no limits
     9 ANx2         1.86992e-04  constant
    10 pNx2         5.81164e+00  constant
    11 ANy1         0.00000e+00  constant
    12 pNy1         0.00000e+00  constant
    13 w_y          0.00000e+00  constant
    14 ANy2         8.35747e-03  1.00000e-04     no limits
    15 pNy2         4.18605e+00  constant
    16 w_vw         1.43216e+01  constant
    17 LM           7.21641e-05  constant
    18 wCBO_expCoeff   2.00000e+02  1.00000e+00     no limits
    19 wCBO_expOffset   2.00000e+02  1.00000e+00     no limits
    20 wCBO_expT    3.00000e+01  1.00000e+00     no limits
    21 wCBO_linCoeff   0.00000e+00  constant
    22 wCBO_const   0.00000e+00  1.00000e-02     no limits
MINUIT - FIT ONLY WIGGLE
 **********
 **    3 **FIX            5
 **********
 PARAMETER    5  IS CONSTANT.   IGNORED.
 **********
 **    4 **FIX            6
 **********
 **********
 **    5 **FIX            7
 **********
 **********
 **    6 **FIX            8
 **********
 **********
 **    7 **FIX            9
 **********
 PARAMETER    9  IS CONSTANT.   IGNORED.
 **********
 **    8 **FIX           10
 **********
 PARAMETER   10  IS CONSTANT.   IGNORED.
 **********
 **    9 **FIX           11
 **********
 PARAMETER   11  IS CONSTANT.   IGNORED.
 **********
 **   10 **FIX           12
 **********
 PARAMETER   12  IS CONSTANT.   IGNORED.
 **********
 **   11 **FIX           13
 **********
 PARAMETER   13  IS CONSTANT.   IGNORED.
 **********
 **   12 **FIX           14
 **********
 **********
 **   13 **FIX           15
 **********
 PARAMETER   15  IS CONSTANT.   IGNORED.
 **********
 **   14 **FIX           16
 **********
 PARAMETER   16  IS CONSTANT.   IGNORED.
 **********
 **   15 **MIGRAD
 **********
 FIRST CALL TO USER FUNCTION AT NEW START POINT, WITH IFLAG=4.
 START MIGRAD MINIMIZATION.  STRATEGY  1.  CONVERGENCE WHEN EDM .LT. 1.00e-04
 FCN=1957.88 FROM MIGRAD    STATUS=INITIATE       58 CALLS          59 TOTAL
                     EDM= unknown      STRATEGY= 1      NO ERROR MATRIX       
  EXT PARAMETER               CURRENT GUESS       STEP         FIRST   
  NO.   NAME      VALUE            ERROR          SIZE      DERIVATIVE 
   1  N0           3.18198e+06   1.00000e+02   0.00000e+00   7.96526e-03
   2  tau          6.44090e+01   constant   
   3  A0           3.64685e-01   1.00000e-04   0.00000e+00   6.48828e+03
   4  phi          4.11970e+00   1.00000e-02   0.00000e+00  -3.38872e+03
   5  R           -6.10005e+01   constant   
   6  A_CBO        3.52429e-03     fixed    
   7  w_CBO        2.32712e+00     fixed    
   8  phi_CBO      1.23450e+00     fixed    
   9  ANx2         1.86992e-04   constant   
  10  pNx2         5.81164e+00   constant   
  11  ANy1         0.00000e+00   constant   
  12  pNy1         0.00000e+00   constant   
  13  w_y          0.00000e+00   constant   
  14  ANy2         8.35747e-03     fixed    
  15  pNy2         4.18605e+00   constant   
  16  w_vw         1.43216e+01   constant   
  17  LM           7.21641e-05   constant   
  18  wCBO_expCoeff   1.99999e+02   1.00000e+00  -1.32362e-03  -1.19757e+04
  19  wCBO_expOffset   2.00000e+02   1.00000e+00   0.00000e+00   5.63881e+04
  20  wCBO_expT    3.00000e+01   1.00000e+00   0.00000e+00   3.59193e+05
  21  wCBO_linCoeff   0.00000e+00   constant   
  22  wCBO_const   0.00000e+00   1.00000e-02   0.00000e+00   4.37747e+03
 CALL LIMIT EXCEEDED IN MIGRAD.
 MIGRAD TERMINATED WITHOUT CONVERGENCE.
 FCN=1865.86 FROM MIGRAD    STATUS=CALL LIMIT   1162 CALLS        1163 TOTAL
                     EDM=33.5584    STRATEGY= 1  ERROR MATRIX UNCERTAINTY   0.1 per cent
  EXT PARAMETER                APPROXIMATE        STEP         FIRST   
  NO.   NAME      VALUE            ERROR          SIZE      DERIVATIVE 
   1  N0           3.18253e+06   3.42102e+02  -3.01719e+00   2.89856e-03
   2  tau          6.44090e+01   constant   
   3  A0           3.64966e-01   1.72794e-04  -8.18582e-07   5.32446e+03
   4  phi          4.11908e+00   5.71177e-04   8.57912e-07  -4.97796e+02
   5  R           -6.10005e+01   constant   
   6  A_CBO        3.52429e-03     fixed    
   7  w_CBO        2.32712e+00     fixed    
   8  phi_CBO      1.23450e+00     fixed    
   9  ANx2         1.86992e-04   constant   
  10  pNx2         5.81164e+00   constant   
  11  ANy1         0.00000e+00   constant   
  12  pNy1         0.00000e+00   constant   
  13  w_y          0.00000e+00   constant   
  14  ANy2         8.35747e-03     fixed    
  15  pNy2         4.18605e+00   constant   
  16  w_vw         1.43216e+01   constant   
  17  LM           7.21641e-05   constant   
  18  wCBO_expCoeff   1.99998e+02   1.56014e-04  -6.86939e-06   1.06991e+04
  19  wCBO_expOffset   2.00001e+02   1.60085e-04   7.72264e-06  -5.21864e+03
  20  wCBO_expT    3.00001e+01   5.59264e-05   2.62424e-06  -1.01616e+05
  21  wCBO_linCoeff   0.00000e+00   constant   
  22  wCBO_const  -1.70167e-02   1.73175e-03  -7.93814e-05   2.11082e+03
 EXTERNAL ERROR MATRIX.    NDIM=  25    NPAR=  7    ERR DEF=1
  1.170e+05 -3.508e-02  3.513e-02  4.957e-03 -7.820e-03 -2.812e-03  1.068e-01 
 -3.508e-02  2.986e-08  1.148e-08  1.125e-09 -2.146e-09 -5.514e-10  3.333e-08 
  3.513e-02  1.148e-08  3.262e-07 -5.100e-10  2.250e-09  2.223e-09  1.453e-08 
  4.957e-03  1.125e-09 -5.100e-10  2.434e-08 -2.311e-08 -7.403e-09  2.326e-07 
 -7.820e-03 -2.146e-09  2.250e-09 -2.311e-08  2.563e-08  8.682e-09 -2.594e-07 
 -2.812e-03 -5.514e-10  2.223e-09 -7.403e-09  8.682e-09  3.128e-09 -8.182e-08 
  1.068e-01  3.333e-08  1.453e-08  2.326e-07 -2.594e-07 -8.182e-08  2.999e-06 
ERR MATRIX APPROXIMATE
 PARAMETER  CORRELATION COEFFICIENTS  
       NO.  GLOBAL      1      3      4     18     19     20     22
        1  0.73820   1.000 -0.594  0.180  0.093 -0.143 -0.147  0.180
        3  0.70551  -0.594  1.000  0.116  0.042 -0.078 -0.057  0.111
        4  0.44939   0.180  0.116  1.000 -0.006  0.025  0.070  0.015
       18  0.97603   0.093  0.042 -0.006  1.000 -0.925 -0.848  0.861
       19  0.99869  -0.143 -0.078  0.025 -0.925  1.000  0.970 -0.936
       20  0.99571  -0.147 -0.057  0.070 -0.848  0.970  1.000 -0.845
       22  0.98778   0.180  0.111  0.015  0.861 -0.936 -0.845  1.000
 ERR MATRIX APPROXIMATE
MINUIT - FIT ONLY 1-CBO + other amplitudes 
 **********
 **   16 **RES 
 **********
                   PARAMETER   14  ANy2 RESTORED TO VARIABLE.
                   PARAMETER    8  phi_CBO RESTORED TO VARIABLE.
                   PARAMETER    7  w_CBO RESTORED TO VARIABLE.
                   PARAMETER    6  A_CBO RESTORED TO VARIABLE.
 **********
 **   17 **FIX            0
 **********
 PARAMETER    0  IS UNDEFINED. IGNORED.
 **********
 **   18 **FIX            1
 **********
 **********
 **   19 **FIX            2
 **********
 PARAMETER    2  IS CONSTANT.   IGNORED.
 **********
 **   20 **FIX            3
 **********
 **********
 **   21 **FIX            4
 **********
 **********
 **   22 **FIX            9
 **********
 PARAMETER    9  IS CONSTANT.   IGNORED.
 **********
 **   23 **FIX           11
 **********
 PARAMETER   11  IS CONSTANT.   IGNORED.
 **********
 **   24 **FIX           12
 **********
 PARAMETER   12  IS CONSTANT.   IGNORED.
 **********
 **   25 **FIX           14
 **********
 **********
 **   26 **FIX           15
 **********
 PARAMETER   15  IS CONSTANT.   IGNORED.
 **********
 **   27 **FIX           16
 **********
 PARAMETER   16  IS CONSTANT.   IGNORED.
 **********
 **   28 **MIGRAD
 **********
 START MIGRAD MINIMIZATION.  STRATEGY  1.  CONVERGENCE WHEN EDM .LT. 1.00e-04
 FCN=1865.86 FROM MIGRAD    STATUS=INITIATE       22 CALLS        1185 TOTAL
                     EDM= unknown      STRATEGY= 1      NO ERROR MATRIX       
  EXT PARAMETER               CURRENT GUESS       STEP         FIRST   
  NO.   NAME      VALUE            ERROR          SIZE      DERIVATIVE 
   1  N0           3.18253e+06     fixed    
   2  tau          6.44090e+01   constant   
   3  A0           3.64966e-01     fixed    
   4  phi          4.11908e+00     fixed    
   5  R           -6.10005e+01   constant   
   6  A_CBO        3.52429e-03   1.00000e-05   1.00000e-05   9.15462e+04
   7  w_CBO        2.32712e+00   1.00000e-03   1.00000e-03   9.20360e+05
   8  phi_CBO      1.23450e+00   1.00000e-04   1.00000e-04   6.64038e+00
   9  ANx2         1.86992e-04   constant   
  10  pNx2         5.81164e+00   constant   
  11  ANy1         0.00000e+00   constant   
  12  pNy1         0.00000e+00   constant   
  13  w_y          0.00000e+00   constant   
  14  ANy2         8.35747e-03     fixed    
  15  pNy2         4.18605e+00   constant   
  16  w_vw         1.43216e+01   constant   
  17  LM           7.21641e-05   constant   
  18  wCBO_expCoeff   1.99998e+02   1.56014e-04  -6.86939e-06   1.06991e+04
  19  wCBO_expOffset   2.00001e+02   1.60085e-04   7.72264e-06  -5.21864e+03
  20  wCBO_expT    3.00001e+01   5.59264e-05   2.62424e-06  -1.01616e+05
  21  wCBO_linCoeff   0.00000e+00   constant   
  22  wCBO_const  -1.70167e-02   1.73175e-03  -7.93814e-05   2.11082e+03
 MIGRAD FAILS TO FIND IMPROVEMENT
 FCN=1752.44 FROM HESSE     STATUS=NOT POSDEF     58 CALLS        1396 TOTAL
                     EDM=2.03265    STRATEGY= 1      ERR MATRIX NOT POS-DEF
  EXT PARAMETER                APPROXIMATE        STEP         FIRST   
  NO.   NAME      VALUE            ERROR          SIZE      DERIVATIVE 
   1  N0           3.18253e+06     fixed    
   2  tau          6.44090e+01   constant   
   3  A0           3.64966e-01     fixed    
   4  phi          4.11908e+00     fixed    
   5  R           -6.10005e+01   constant   
   6  A_CBO        1.39582e-03   7.92047e-04   4.46213e-06   1.19077e+03
   7  w_CBO        2.32712e+00   4.77823e-06   1.10966e-06   9.87125e+04
   8  phi_CBO     -1.52167e-02   4.82369e-01   3.15820e-03  -1.45814e+00
   9  ANx2         1.86992e-04   constant   
  10  pNx2         5.81164e+00   constant   
  11  ANy1         0.00000e+00   constant   
  12  pNy1         0.00000e+00   constant   
  13  w_y          0.00000e+00   constant   
  14  ANy2         8.35747e-03     fixed    
  15  pNy2         4.18605e+00   constant   
  16  w_vw         1.43216e+01   constant   
  17  LM           7.21641e-05   constant   
  18  wCBO_expCoeff   1.99997e+02   4.11071e-04   9.53662e-05   1.14891e+03
  19  wCBO_expOffset   2.00001e+02   6.29730e-05   9.53679e-05  -1.60415e+04
  20  wCBO_expT    3.00001e+01   6.41928e-05   1.43052e-05  -1.90465e+04
  21  wCBO_linCoeff   0.00000e+00   constant   
  22  wCBO_const  -1.95758e-02   9.13599e-04   7.62980e-06  -6.39550e+01
 MIGRAD FAILS TO FIND IMPROVEMENT
 MIGRAD TERMINATED WITHOUT CONVERGENCE.
 FCN=1752.42 FROM MIGRAD    STATUS=FAILED        261 CALLS        1424 TOTAL
                     EDM=1.76112    STRATEGY= 1      ERR MATRIX NOT POS-DEF
  EXT PARAMETER                APPROXIMATE        STEP         FIRST   
  NO.   NAME      VALUE            ERROR          SIZE      DERIVATIVE 
   1  N0           3.18253e+06     fixed    
   2  tau          6.44090e+01   constant   
   3  A0           3.64966e-01     fixed    
   4  phi          4.11908e+00     fixed    
   5  R           -6.10005e+01   constant   
   6  A_CBO        1.36948e-03   7.87234e-04  -0.00000e+00   7.75820e+01
   7  w_CBO        2.32712e+00   4.71991e-06   0.00000e+00   2.71706e+05
   8  phi_CBO      4.61864e-05   5.02069e-01   0.00000e+00  -2.05538e+00
   9  ANx2         1.86992e-04   constant   
  10  pNx2         5.81164e+00   constant   
  11  ANy1         0.00000e+00   constant   
  12  pNy1         0.00000e+00   constant   
  13  w_y          0.00000e+00   constant   
  14  ANy2         8.35747e-03     fixed    
  15  pNy2         4.18605e+00   constant   
  16  w_vw         1.43216e+01   constant   
  17  LM           7.21641e-05   constant   
  18  wCBO_expCoeff   1.99997e+02   4.06038e-04   0.00000e+00   3.16020e+03
  19  wCBO_expOffset   2.00001e+02   6.78444e-05   0.00000e+00  -3.50287e+04
  20  wCBO_expT    3.00001e+01   6.34319e-05   0.00000e+00  -2.63144e+04
  21  wCBO_linCoeff   0.00000e+00   constant   
  22  wCBO_const  -1.95939e-02   9.54728e-04  -0.00000e+00   4.13850e+02
 EXTERNAL ERROR MATRIX.    NDIM=  25    NPAR=  7    ERR DEF=1
  6.197e-07 -3.401e-09 -3.477e-04 -2.926e-07 -5.244e-08 -4.763e-08  5.536e-07 
 -3.401e-09  2.228e-11  2.063e-06  1.668e-09  3.019e-10  2.844e-10 -3.480e-09 
 -3.477e-04  2.063e-06  2.521e-01  1.775e-04  3.085e-05  2.824e-05 -2.695e-04 
 -2.926e-07  1.668e-09  1.775e-04  1.649e-07  2.597e-08  2.446e-08 -2.993e-07 
 -5.244e-08  3.019e-10  3.085e-05  2.597e-08  4.603e-09  4.237e-09 -4.604e-08 
 -4.763e-08  2.844e-10  2.824e-05  2.446e-08  4.237e-09  4.024e-09 -4.314e-08 
  5.536e-07 -3.480e-09 -2.695e-04 -2.993e-07 -4.604e-08 -4.314e-08  9.115e-07 
ERR MATRIX NOT POS-DEF
 PARAMETER  CORRELATION COEFFICIENTS  
       NO.  GLOBAL      6      7      8     18     19     20     22
        6  0.99320   1.000 -0.915 -0.880 -0.915 -0.982 -0.954  0.737
        7  0.99433  -0.915  1.000  0.871  0.870  0.943  0.950 -0.772
        8  0.97492  -0.880  0.871  1.000  0.871  0.906  0.887 -0.562
       18  0.99433  -0.915  0.870  0.871  1.000  0.943  0.950 -0.772
       19  0.99706  -0.982  0.943  0.906  0.943  1.000  0.985 -0.711
       20  0.99600  -0.954  0.950  0.887  0.950  0.985  1.000 -0.712
       22  0.97904   0.737 -0.772 -0.562 -0.772 -0.711 -0.712  1.000
 ERR MATRIX NOT POS-DEF
MINUIT - FIT ONLY 1-CBO
 **********
 **   29 **RES 
 **********
                   PARAMETER   14  ANy2 RESTORED TO VARIABLE.
                   PARAMETER    4  phi RESTORED TO VARIABLE.
                   PARAMETER    3  A0 RESTORED TO VARIABLE.
                   PARAMETER    1  N0 RESTORED TO VARIABLE.
 **********
 **   30 **FIX            0
 **********
 PARAMETER    0  IS UNDEFINED. IGNORED.
 **********
 **   31 **FIX            1
 **********
 **********
 **   32 **FIX            2
 **********
 PARAMETER    2  IS CONSTANT.   IGNORED.
 **********
 **   33 **FIX            3
 **********
 **********
 **   34 **FIX            4
 **********
 **********
 **   35 **FIX            8
 **********
 **********
 **   36 **FIX            9
 **********
 PARAMETER    9  IS CONSTANT.   IGNORED.
 **********
 **   37 **FIX           11
 **********
 PARAMETER   11  IS CONSTANT.   IGNORED.
 **********
 **   38 **FIX           12
 **********
 PARAMETER   12  IS CONSTANT.   IGNORED.
 **********
 **   39 **FIX           13
 **********
 PARAMETER   13  IS CONSTANT.   IGNORED.
 **********
 **   40 **FIX           15
 **********
 PARAMETER   15  IS CONSTANT.   IGNORED.
 **********
 **   41 **FIX           16
 **********
 PARAMETER   16  IS CONSTANT.   IGNORED.
 **********
 **   42 **MIGRAD
 **********
 START MIGRAD MINIMIZATION.  STRATEGY  1.  CONVERGENCE WHEN EDM .LT. 1.00e-04
 FCN=1752.42 FROM MIGRAD    STATUS=INITIATE       16 CALLS        1440 TOTAL
                     EDM= unknown      STRATEGY= 1      NO ERROR MATRIX       
  EXT PARAMETER               CURRENT GUESS       STEP         FIRST   
  NO.   NAME      VALUE            ERROR          SIZE      DERIVATIVE 
   1  N0           3.18253e+06     fixed    
   2  tau          6.44090e+01   constant   
   3  A0           3.64966e-01     fixed    
   4  phi          4.11908e+00     fixed    
   5  R           -6.10005e+01   constant   
   6  A_CBO        1.36948e-03   7.87234e-04  -0.00000e+00   7.75820e+01
   7  w_CBO        2.32712e+00   4.71991e-06   0.00000e+00   2.71706e+05
   8  phi_CBO      4.61864e-05     fixed    
   9  ANx2         1.86992e-04   constant   
  10  pNx2         5.81164e+00   constant   
  11  ANy1         0.00000e+00   constant   
  12  pNy1         0.00000e+00   constant   
  13  w_y          0.00000e+00   constant   
  14  ANy2         8.35747e-03   1.00000e-04   1.00000e-04   3.43698e+05
  15  pNy2         4.18605e+00   constant   
  16  w_vw         1.43216e+01   constant   
  17  LM           7.21641e-05   constant   
  18  wCBO_expCoeff   1.99997e+02   4.06038e-04   0.00000e+00   3.16020e+03
  19  wCBO_expOffset   2.00001e+02   6.78444e-05   0.00000e+00  -3.50287e+04
  20  wCBO_expT    3.00001e+01   6.34319e-05   0.00000e+00  -2.63144e+04
  21  wCBO_linCoeff   0.00000e+00   constant   
  22  wCBO_const  -1.95939e-02   9.54728e-04  -0.00000e+00   4.13850e+02
 CALL LIMIT EXCEEDED IN MIGRAD.
 MIGRAD TERMINATED WITHOUT CONVERGENCE.
 FCN=336.311 FROM MIGRAD    STATUS=CALL LIMIT   1161 CALLS        2585 TOTAL
                     EDM=0.0887464    STRATEGY= 1  ERROR MATRIX UNCERTAINTY   0.3 per cent
  EXT PARAMETER                APPROXIMATE        STEP         FIRST   
  NO.   NAME      VALUE            ERROR          SIZE      DERIVATIVE 
   1  N0           3.18253e+06     fixed    
   2  tau          6.44090e+01   constant   
   3  A0           3.64966e-01     fixed    
   4  phi          4.11908e+00     fixed    
   5  R           -6.10005e+01   constant   
   6  A_CBO        4.63082e-05   2.36647e-04  -3.12088e-08  -8.27883e+01
   7  w_CBO        2.32712e+00   2.15199e-06   4.35603e-10  -1.84149e+04
   8  phi_CBO      4.61864e-05     fixed    
   9  ANx2         1.86992e-04   constant   
  10  pNx2         5.81164e+00   constant   
  11  ANy1         0.00000e+00   constant   
  12  pNy1         0.00000e+00   constant   
  13  w_y          0.00000e+00   constant   
  14  ANy2         1.02040e-04   2.37461e-04  -4.46929e-08  -6.93706e+01
  15  pNy2         4.18605e+00   constant   
  16  w_vw         1.43216e+01   constant   
  17  LM           7.21641e-05   constant   
  18  wCBO_expCoeff   1.99997e+02   1.85323e-04   3.75305e-08  -2.14388e+02
  19  wCBO_expOffset   2.00001e+02   1.03941e-04  -2.47921e-08   4.79418e+03
  20  wCBO_expT    3.00001e+01   2.00849e-05  -4.38721e-09   3.15873e+03
  21  wCBO_linCoeff   0.00000e+00   constant   
  22  wCBO_const  -2.02694e-02   5.38960e-04  -3.18875e-08   5.29053e+00
 EXTERNAL ERROR MATRIX.    NDIM=  25    NPAR=  7    ERR DEF=1
  5.600e-08 -3.471e-10  1.119e-08 -2.989e-08  1.263e-08  3.113e-09 -3.775e-08 
 -3.471e-10  4.631e-12 -3.851e-10  3.323e-10 -1.830e-10 -3.689e-11  3.911e-11 
  1.119e-08 -3.851e-10  5.639e-08 -3.317e-08  1.878e-08  3.707e-09 -3.452e-10 
 -2.989e-08  3.323e-10 -3.317e-08  3.434e-08 -1.577e-08 -3.178e-09  3.330e-09 
  1.263e-08 -1.830e-10  1.878e-08 -1.577e-08  1.080e-08  1.854e-09  1.527e-08 
  3.113e-09 -3.689e-11  3.707e-09 -3.178e-09  1.854e-09  4.034e-10  5.353e-10 
 -3.775e-08  3.911e-11 -3.452e-10  3.330e-09  1.527e-08  5.353e-10  2.905e-07 
ERR MATRIX APPROXIMATE
 PARAMETER  CORRELATION COEFFICIENTS  
       NO.  GLOBAL      6      7     14     18     19     20     22
        6  0.98926   1.000 -0.682  0.199 -0.681  0.514  0.655 -0.296
        7  0.96942  -0.682  1.000 -0.754  0.833 -0.818 -0.854  0.034
       14  0.99096   0.199 -0.754  1.000 -0.754  0.761  0.777 -0.003
       18  0.96949  -0.681  0.833 -0.754  1.000 -0.818 -0.854  0.033
       19  0.94051   0.514 -0.818  0.761 -0.818  1.000  0.888  0.273
       20  0.97680   0.655 -0.854  0.777 -0.854  0.888  1.000  0.049
       22  0.91730  -0.296  0.034 -0.003  0.033  0.273  0.049  1.000
 ERR MATRIX APPROXIMATE
MINUIT - FIT ONLY 2-CBO
 **********
 **   43 **RES 
 **********
                   PARAMETER    8  phi_CBO RESTORED TO VARIABLE.
                   PARAMETER    4  phi RESTORED TO VARIABLE.
                   PARAMETER    3  A0 RESTORED TO VARIABLE.
                   PARAMETER    1  N0 RESTORED TO VARIABLE.
 **********
 **   44 **FIX            0
 **********
 PARAMETER    0  IS UNDEFINED. IGNORED.
 **********
 **   45 **FIX            1
 **********
 **********
 **   46 **FIX            2
 **********
 PARAMETER    2  IS CONSTANT.   IGNORED.
 **********
 **   47 **FIX            3
 **********
 **********
 **   48 **FIX            4
 **********
 **********
 **   49 **FIX            5
 **********
 PARAMETER    5  IS CONSTANT.   IGNORED.
 **********
 **   50 **FIX            6
 **********
 **********
 **   51 **FIX            7
 **********
 **********
 **   52 **FIX           10
 **********
 PARAMETER   10  IS CONSTANT.   IGNORED.
 **********
 **   53 **FIX           11
 **********
 PARAMETER   11  IS CONSTANT.   IGNORED.
 **********
 **   54 **FIX           12
 **********
 PARAMETER   12  IS CONSTANT.   IGNORED.
 **********
 **   55 **FIX           13
 **********
 PARAMETER   13  IS CONSTANT.   IGNORED.
 **********
 **   56 **FIX           14
 **********
 **********
 **   57 **FIX           15
 **********
 PARAMETER   15  IS CONSTANT.   IGNORED.
 **********
 **   58 **FIX           16
 **********
 PARAMETER   16  IS CONSTANT.   IGNORED.
 **********
 **   59 **MIGRAD
 **********
 START MIGRAD MINIMIZATION.  STRATEGY  1.  CONVERGENCE WHEN EDM .LT. 1.00e-04
 FCN=336.311 FROM MIGRAD    STATUS=INITIATE       12 CALLS        2597 TOTAL
                     EDM= unknown      STRATEGY= 1      NO ERROR MATRIX       
  EXT PARAMETER               CURRENT GUESS       STEP         FIRST   
  NO.   NAME      VALUE            ERROR          SIZE      DERIVATIVE 
   1  N0           3.18253e+06     fixed    
   2  tau          6.44090e+01   constant   
   3  A0           3.64966e-01     fixed    
   4  phi          4.11908e+00     fixed    
   5  R           -6.10005e+01   constant   
   6  A_CBO        4.63082e-05     fixed    
   7  w_CBO        2.32712e+00     fixed    
   8  phi_CBO      4.61864e-05   5.02069e-01   5.02069e-01  -2.64998e-01
   9  ANx2         1.86992e-04   constant   
  10  pNx2         5.81164e+00   constant   
  11  ANy1         0.00000e+00   constant   
  12  pNy1         0.00000e+00   constant   
  13  w_y          0.00000e+00   constant   
  14  ANy2         1.02040e-04     fixed    
  15  pNy2         4.18605e+00   constant   
  16  w_vw         1.43216e+01   constant   
  17  LM           7.21641e-05   constant   
  18  wCBO_expCoeff   1.99997e+02   1.85323e-04   3.75305e-08  -2.14388e+02
  19  wCBO_expOffset   2.00001e+02   1.03941e-04  -2.47921e-08   4.79418e+03
  20  wCBO_expT    3.00001e+01   2.00849e-05  -4.38721e-09   3.15873e+03
  21  wCBO_linCoeff   0.00000e+00   constant   
  22  wCBO_const  -2.02694e-02   5.38960e-04  -3.18875e-08   5.29053e+00
 MIGRAD FAILS TO FIND IMPROVEMENT
 FCN=331.817 FROM HESSE     STATUS=NOT POSDEF     31 CALLS        2718 TOTAL
                     EDM=0.0896744    STRATEGY= 1      ERR MATRIX NOT POS-DEF
  EXT PARAMETER                APPROXIMATE        STEP         FIRST   
  NO.   NAME      VALUE            ERROR          SIZE      DERIVATIVE 
   1  N0           3.18253e+06     fixed    
   2  tau          6.44090e+01   constant   
   3  A0           3.64966e-01     fixed    
   4  phi          4.11908e+00     fixed    
   5  R           -6.10005e+01   constant   
   6  A_CBO        4.63082e-05     fixed    
   7  w_CBO        2.32712e+00     fixed    
   8  phi_CBO      1.32487e+00   1.44099e+00   1.29919e-02   2.82353e-01
   9  ANx2         1.86992e-04   constant   
  10  pNx2         5.81164e+00   constant   
  11  ANy1         0.00000e+00   constant   
  12  pNy1         0.00000e+00   constant   
  13  w_y          0.00000e+00   constant   
  14  ANy2         1.02040e-04     fixed    
  15  pNy2         4.18605e+00   constant   
  16  w_vw         1.43216e+01   constant   
  17  LM           7.21641e-05   constant   
  18  wCBO_expCoeff   1.91637e+02   3.02400e-03   9.13797e-05  -1.09840e+03
  19  wCBO_expOffset  -3.69691e+02   7.86499e-03   1.76282e-04   4.08662e+02
  20  wCBO_expT   -5.15271e+02   7.56365e-03   2.45700e-04  -3.89889e+02
  21  wCBO_linCoeff   0.00000e+00   constant   
  22  wCBO_const  -7.02951e+00   8.11043e-03   7.57576e-06  -4.22599e+02
 MIGRAD FAILS TO FIND IMPROVEMENT
 MIGRAD MINIMIZATION HAS CONVERGED.
 MIGRAD WILL VERIFY CONVERGENCE AND ERROR MATRIX.
 FCN=331.423 FROM MIGRAD    STATUS=CONVERGED     247 CALLS        2832 TOTAL
                     EDM=5.31134e-05    STRATEGY= 1      ERR MATRIX NOT POS-DEF
  EXT PARAMETER                APPROXIMATE        STEP         FIRST   
  NO.   NAME      VALUE            ERROR          SIZE      DERIVATIVE 
   1  N0           3.18253e+06     fixed    
   2  tau          6.44090e+01   constant   
   3  A0           3.64966e-01     fixed    
   4  phi          4.11908e+00     fixed    
   5  R           -6.10005e+01   constant   
   6  A_CBO        4.63082e-05     fixed    
   7  w_CBO        2.32712e+00     fixed    
   8  phi_CBO      1.02984e+00   1.26887e+00   1.09894e-02   7.16060e-03
   9  ANx2         1.86992e-04   constant   
  10  pNx2         5.81164e+00   constant   
  11  ANy1         0.00000e+00   constant   
  12  pNy1         0.00000e+00   constant   
  13  w_y          0.00000e+00   constant   
  14  ANy2         1.02040e-04     fixed    
  15  pNy2         4.18605e+00   constant   
  16  w_vw         1.43216e+01   constant   
  17  LM           7.21641e-05   constant   
  18  wCBO_expCoeff   1.91634e+02   2.92632e-03   9.13781e-05  -2.10904e+01
  19  wCBO_expOffset  -3.69699e+02   9.12056e-03   1.76286e-04   7.77507e+00
  20  wCBO_expT   -5.15284e+02   7.73235e-03   2.45706e-04  -8.08555e+00
  21  wCBO_linCoeff   0.00000e+00   constant   
  22  wCBO_const  -7.01537e+00   7.79814e-03   7.55752e-06  -7.42982e+00
 EXTERNAL ERROR MATRIX.    NDIM=  25    NPAR=  5    ERR DEF=1
  1.610e+00 -7.122e-05 -4.714e-04 -1.117e-04  1.027e-04 
 -7.122e-05  8.563e-06  1.769e-05  7.784e-06 -1.346e-05 
 -4.714e-04  1.769e-05  8.318e-05  4.710e-05 -1.254e-05 
 -1.117e-04  7.784e-06  4.710e-05  5.979e-05 -3.507e-05 
  1.027e-04 -1.346e-05 -1.254e-05 -3.507e-05  6.081e-05 
ERR MATRIX NOT POS-DEF
 PARAMETER  CORRELATION COEFFICIENTS  
       NO.  GLOBAL      8     18     19     20     22
        8  0.24911   1.000 -0.019 -0.041 -0.011  0.010
       18  0.99449  -0.019  1.000  0.663  0.344 -0.590
       19  0.99591  -0.041  0.663  1.000  0.668 -0.176
       20  0.99446  -0.011  0.344  0.668  1.000 -0.582
       22  0.99411   0.010 -0.590 -0.176 -0.582  1.000
 ERR MATRIX NOT POS-DEF
MINUIT - FIT ONLY 1-y
 **********
 **   60 **RES 
 **********
                   PARAMETER   14  ANy2 RESTORED TO VARIABLE.
                   PARAMETER    7  w_CBO RESTORED TO VARIABLE.
                   PARAMETER    6  A_CBO RESTORED TO VARIABLE.
                   PARAMETER    4  phi RESTORED TO VARIABLE.
                   PARAMETER    3  A0 RESTORED TO VARIABLE.
                   PARAMETER    1  N0 RESTORED TO VARIABLE.
 **********
 **   61 **FIX            0
 **********
 PARAMETER    0  IS UNDEFINED. IGNORED.
 **********
 **   62 **FIX            1
 **********
 **********
 **   63 **FIX            2
 **********
 PARAMETER    2  IS CONSTANT.   IGNORED.
 **********
 **   64 **FIX            3
 **********
 **********
 **   65 **FIX            4
 **********
 **********
 **   66 **FIX            5
 **********
 PARAMETER    5  IS CONSTANT.   IGNORED.
 **********
 **   67 **FIX            6
 **********
 **********
 **   68 **FIX            7
 **********
 **********
 **   69 **FIX            8
 **********
 **********
 **   70 **FIX            9
 **********
 PARAMETER    9  IS CONSTANT.   IGNORED.
 **********
 **   71 **FIX           13
 **********
 PARAMETER   13  IS CONSTANT.   IGNORED.
 **********
 **   72 **FIX           14
 **********
 **********
 **   73 **FIX           15
 **********
 PARAMETER   15  IS CONSTANT.   IGNORED.
 **********
 **   74 **FIX           16
 **********
 PARAMETER   16  IS CONSTANT.   IGNORED.
 **********
 **   75 **MIGRAD
 **********
 START MIGRAD MINIMIZATION.  STRATEGY  1.  CONVERGENCE WHEN EDM .LT. 1.00e-04
 FCN=331.423 FROM MIGRAD    STATUS=INITIATE        8 CALLS        2840 TOTAL
                     EDM= unknown      STRATEGY= 1      NO ERROR MATRIX       
  EXT PARAMETER               CURRENT GUESS       STEP         FIRST   
  NO.   NAME      VALUE            ERROR          SIZE      DERIVATIVE 
   1  N0           3.18253e+06     fixed    
   2  tau          6.44090e+01   constant   
   3  A0           3.64966e-01     fixed    
   4  phi          4.11908e+00     fixed    
   5  R           -6.10005e+01   constant   
   6  A_CBO        4.63082e-05     fixed    
   7  w_CBO        2.32712e+00     fixed    
   8  phi_CBO      1.02984e+00     fixed    
   9  ANx2         1.86992e-04   constant   
  10  pNx2         5.81164e+00   constant   
  11  ANy1         0.00000e+00   constant   
  12  pNy1         0.00000e+00   constant   
  13  w_y          0.00000e+00   constant   
  14  ANy2         1.02040e-04     fixed    
  15  pNy2         4.18605e+00   constant   
  16  w_vw         1.43216e+01   constant   
  17  LM           7.21641e-05   constant   
  18  wCBO_expCoeff   1.91634e+02   2.92632e-03   9.13781e-05  -1.95632e+01
  19  wCBO_expOffset  -3.69699e+02   9.12056e-03   1.76286e-04   7.55309e+00
  20  wCBO_expT   -5.15284e+02   7.73235e-03   2.45706e-04  -7.36205e+00
  21  wCBO_linCoeff   0.00000e+00   constant   
  22  wCBO_const  -7.01537e+00   7.79814e-03   7.55752e-06  -7.42946e+00
 MIGRAD MINIMIZATION HAS CONVERGED.
 MIGRAD WILL VERIFY CONVERGENCE AND ERROR MATRIX.
 FCN=331.422 FROM MIGRAD    STATUS=CONVERGED      47 CALLS        2879 TOTAL
                     EDM=2.89364e-06    STRATEGY= 1      ERR MATRIX NOT POS-DEF
  EXT PARAMETER                APPROXIMATE        STEP         FIRST   
  NO.   NAME      VALUE            ERROR          SIZE      DERIVATIVE 
   1  N0           3.18253e+06     fixed    
   2  tau          6.44090e+01   constant   
   3  A0           3.64966e-01     fixed    
   4  phi          4.11908e+00     fixed    
   5  R           -6.10005e+01   constant   
   6  A_CBO        4.63082e-05     fixed    
   7  w_CBO        2.32712e+00     fixed    
   8  phi_CBO      1.02984e+00     fixed    
   9  ANx2         1.86992e-04   constant   
  10  pNx2         5.81164e+00   constant   
  11  ANy1         0.00000e+00   constant   
  12  pNy1         0.00000e+00   constant   
  13  w_y          0.00000e+00   constant   
  14  ANy2         1.02040e-04     fixed    
  15  pNy2         4.18605e+00   constant   
  16  w_vw         1.43216e+01   constant   
  17  LM           7.21641e-05   constant   
  18  wCBO_expCoeff   1.91634e+02   2.93993e-03   9.13781e-05  -5.73609e-01
  19  wCBO_expOffset  -3.69699e+02   9.25915e-03   1.76286e-04   2.15969e-01
  20  wCBO_expT   -5.15284e+02   7.76880e-03   2.45706e-04  -3.43157e-01
  21  wCBO_linCoeff   0.00000e+00   constant   
  22  wCBO_const  -7.01536e+00   7.81611e-03   7.55758e-06   9.18489e-03
 EXTERNAL ERROR MATRIX.    NDIM=  25    NPAR=  4    ERR DEF=1
  8.643e-06  1.817e-05  8.114e-06 -1.351e-05 
  1.817e-05  8.573e-05  4.840e-05 -1.252e-05 
  8.114e-06  4.840e-05  6.035e-05 -3.520e-05 
 -1.351e-05 -1.252e-05 -3.520e-05  6.109e-05 
ERR MATRIX NOT POS-DEF
 PARAMETER  CORRELATION COEFFICIENTS  
       NO.  GLOBAL     18     19     20     22
       18  0.99454   1.000  0.668  0.355 -0.588
       19  0.99603   0.668  1.000  0.673 -0.173
       20  0.99451   0.355  0.673  1.000 -0.580
       22  0.99414  -0.588 -0.173 -0.580  1.000
 ERR MATRIX NOT POS-DEF
MINUIT - FIT ONLY 2-y
 **********
 **   76 **RES 
 **********
                   PARAMETER   14  ANy2 RESTORED TO VARIABLE.
                   PARAMETER    8  phi_CBO RESTORED TO VARIABLE.
                   PARAMETER    7  w_CBO RESTORED TO VARIABLE.
                   PARAMETER    6  A_CBO RESTORED TO VARIABLE.
                   PARAMETER    4  phi RESTORED TO VARIABLE.
                   PARAMETER    3  A0 RESTORED TO VARIABLE.
                   PARAMETER    1  N0 RESTORED TO VARIABLE.
 **********
 **   77 **FIX            0
 **********
 PARAMETER    0  IS UNDEFINED. IGNORED.
 **********
 **   78 **FIX            1
 **********
 **********
 **   79 **FIX            2
 **********
 PARAMETER    2  IS CONSTANT.   IGNORED.
 **********
 **   80 **FIX            3
 **********
 **********
 **   81 **FIX            4
 **********
 **********
 **   82 **FIX            5
 **********
 PARAMETER    5  IS CONSTANT.   IGNORED.
 **********
 **   83 **FIX            6
 **********
 **********
 **   84 **FIX            7
 **********
 **********
 **   85 **FIX            8
 **********
 **********
 **   86 **FIX            9
 **********
 PARAMETER    9  IS CONSTANT.   IGNORED.
 **********
 **   87 **FIX           10
 **********
 PARAMETER   10  IS CONSTANT.   IGNORED.
 **********
 **   88 **FIX           11
 **********
 PARAMETER   11  IS CONSTANT.   IGNORED.
 **********
 **   89 **FIX           12
 **********
 PARAMETER   12  IS CONSTANT.   IGNORED.
 **********
 **   90 **FIX           16
 **********
 PARAMETER   16  IS CONSTANT.   IGNORED.
 **********
 **   91 **MIGRAD
 **********
 START MIGRAD MINIMIZATION.  STRATEGY  1.  CONVERGENCE WHEN EDM .LT. 1.00e-04
 FCN=331.422 FROM MIGRAD    STATUS=INITIATE       10 CALLS        2889 TOTAL
                     EDM= unknown      STRATEGY= 1      NO ERROR MATRIX       
  EXT PARAMETER               CURRENT GUESS       STEP         FIRST   
  NO.   NAME      VALUE            ERROR          SIZE      DERIVATIVE 
   1  N0           3.18253e+06     fixed    
   2  tau          6.44090e+01   constant   
   3  A0           3.64966e-01     fixed    
   4  phi          4.11908e+00     fixed    
   5  R           -6.10005e+01   constant   
   6  A_CBO        4.63082e-05     fixed    
   7  w_CBO        2.32712e+00     fixed    
   8  phi_CBO      1.02984e+00     fixed    
   9  ANx2         1.86992e-04   constant   
  10  pNx2         5.81164e+00   constant   
  11  ANy1         0.00000e+00   constant   
  12  pNy1         0.00000e+00   constant   
  13  w_y          0.00000e+00   constant   
  14  ANy2         1.02040e-04   2.37461e-04   2.37461e-04  -9.05952e+02
  15  pNy2         4.18605e+00   constant   
  16  w_vw         1.43216e+01   constant   
  17  LM           7.21641e-05   constant   
  18  wCBO_expCoeff   1.91634e+02   2.93993e-03   9.13781e-05   8.66430e-01
  19  wCBO_expOffset  -3.69699e+02   9.25915e-03   1.76286e-04  -6.05631e-02
  20  wCBO_expT   -5.15284e+02   7.76880e-03   2.45706e-04   3.46399e-01
  21  wCBO_linCoeff   0.00000e+00   constant   
  22  wCBO_const  -7.01536e+00   7.81611e-03   7.55758e-06   9.52712e-03
 MIGRAD MINIMIZATION HAS CONVERGED.
 MIGRAD WILL VERIFY CONVERGENCE AND ERROR MATRIX.
 FCN=331.413 FROM MIGRAD    STATUS=CONVERGED      70 CALLS        2949 TOTAL
                     EDM=7.05616e-06    STRATEGY= 1      ERR MATRIX NOT POS-DEF
  EXT PARAMETER                APPROXIMATE        STEP         FIRST   
  NO.   NAME      VALUE            ERROR          SIZE      DERIVATIVE 
   1  N0           3.18253e+06     fixed    
   2  tau          6.44090e+01   constant   
   3  A0           3.64966e-01     fixed    
   4  phi          4.11908e+00     fixed    
   5  R           -6.10005e+01   constant   
   6  A_CBO        4.63082e-05     fixed    
   7  w_CBO        2.32712e+00     fixed    
   8  phi_CBO      1.02984e+00     fixed    
   9  ANx2         1.86992e-04   constant   
  10  pNx2         5.81164e+00   constant   
  11  ANy1         0.00000e+00   constant   
  12  pNy1         0.00000e+00   constant   
  13  w_y          0.00000e+00   constant   
  14  ANy2         1.23206e-04   2.15355e-04   1.91990e-06  -3.00744e-01
  15  pNy2         4.18605e+00   constant   
  16  w_vw         1.43216e+01   constant   
  17  LM           7.21641e-05   constant   
  18  wCBO_expCoeff   1.91634e+02   2.93336e-03   9.13781e-05  -5.04857e-01
  19  wCBO_expOffset  -3.69699e+02   9.27769e-03   1.76286e-04   1.90330e-01
  20  wCBO_expT   -5.15284e+02   7.75338e-03   2.45706e-04  -4.18374e-01
  21  wCBO_linCoeff   0.00000e+00   constant   
  22  wCBO_const  -7.01537e+00   7.79486e-03   7.55303e-06   1.31671e-01
 EXTERNAL ERROR MATRIX.    NDIM=  25    NPAR=  5    ERR DEF=1
  4.638e-08 -1.680e-08 -5.679e-08 -3.943e-08  1.603e-08 
 -1.680e-08  8.605e-06  1.817e-05  8.099e-06 -1.338e-05 
 -5.679e-08  1.817e-05  8.608e-05  4.841e-05 -1.216e-05 
 -3.943e-08  8.099e-06  4.841e-05  6.011e-05 -3.488e-05 
