 + ++++++++++++++++++++++++++++++++++++++++++++++++++++++++++++++++++++ +
 +                                                                      +
 +           You have chose to blind your fitting according to          +
 +                omega_ref * (1 + (R +/- deltaR) *10^{-6})             +
 +                                                                      +
 + ++++++++++++++++++++++++++++++++++++++++++++++++++++++++++++++++++++ +
In main()...
reading format from /gm2data/zkhechad/run45/envelope/formats/formatB_sBin_constraintOn.txt
pBinTau 	= 0  
pBinPhi 	= 0  
constraintau 	= 1 
includeMopTerm 	= 0    
constrainMop    = 0   
Parameters after format file: pBinTau 0 pBinPhi 0 constraintau 1 includeMopTerm 0 constrainMop 0 c_e_scale 0.000000 
reading cbo reference file (full fit) from /gm2data/zkhechad/cboTemplates/Run4CBOTemplates/fullFits/run4/sBin_constraintOn_cE0.0_seed0_run4_calo22.root
A_CBO 0.009526 w_CBO 2.326135 phi_CBO 3.153773 N0 2910883.778789 R -61.156963 tau 64.406920 
Reading cboRef file /gm2data/zkhechad/cboTemplates/Run4CBOTemplates//cboIsolate/run4_calo22.root
deltaT 164.120000
windowBins = 1100
fitting sliding window 1840 from bin 2043 at 304.815600 to bin 3143 at 468.935600 (1100 bins)

Reading data from /gm2data/cornell/histograms/aMethod/histogram_a_run4.root
fitting cbo isolate
 **********
 **    1 **SET PRINTOUT            1
 **********
 **********
 **    2 **SET NOWARNINGS 
 **********
 PARAMETER DEFINITIONS:
    NO.   NAME         VALUE      STEP SIZE      LIMITS
     1 A_CBO        9.52554e-03  1.00000e-05     no limits
     2 w_CBO        2.32614e+00  1.00000e-02    2.00000e+00  3.00000e+00
     3 phi_CBO      3.15377e+00  1.00000e-02    0.00000e+00  6.28319e+00
 **********
 **    3 **MIGRAD
 **********
 FIRST CALL TO USER FUNCTION AT NEW START POINT, WITH IFLAG=4.
 START MIGRAD MINIMIZATION.  STRATEGY  1.  CONVERGENCE WHEN EDM .LT. 1.00e-04
 FCN=0.102052 FROM MIGRAD    STATUS=INITIATE       12 CALLS          13 TOTAL
                     EDM= unknown      STRATEGY= 1      NO ERROR MATRIX       
  EXT PARAMETER               CURRENT GUESS       STEP         FIRST   
  NO.   NAME      VALUE            ERROR          SIZE      DERIVATIVE 
   1  A_CBO        9.52554e-03   1.00000e-05   1.00000e-05   7.59678e+00
   2  w_CBO        2.32614e+00   1.00000e-02   2.13335e-02   4.70038e-01
   3  phi_CBO      3.15377e+00   1.00000e-02   3.18313e-03  -6.61889e-03
 MIGRAD MINIMIZATION HAS CONVERGED.
 MIGRAD WILL VERIFY CONVERGENCE AND ERROR MATRIX.
 COVARIANCE MATRIX CALCULATED SUCCESSFULLY
 FCN=0.0758466 FROM HESSE     STATUS=OK             16 CALLS          50 TOTAL
                     EDM=5.70795e-05    STRATEGY= 1      ERROR MATRIX ACCURATE 
  EXT PARAMETER                                   STEP         FIRST   
  NO.   NAME      VALUE            ERROR          SIZE      DERIVATIVE 
   1  A_CBO        2.62269e-03   4.33340e-02   2.15819e-05  -2.13593e-02
   2  w_CBO        2.32601e+00   3.00150e-01   4.39835e-05   1.08664e-02
   3  phi_CBO      3.18184e+00   3.67890e+00   2.61375e-03   1.79344e-04
 MIGRAD MINIMIZATION HAS CONVERGED.
 FCN=0.0757929 FROM MIGRAD    STATUS=CONVERGED      57 CALLS          58 TOTAL
                     EDM=1.16429e-06    STRATEGY= 1  ERROR MATRIX UNCERTAINTY   1.0 per cent
  EXT PARAMETER                                   STEP         FIRST   
  NO.   NAME      VALUE            ERROR          SIZE      DERIVATIVE 
   1  A_CBO        2.69685e-03   4.18992e-02   7.41539e-05   3.99716e-02
   2  w_CBO        2.32371e+00   2.91948e-01  -4.90457e-03  -1.48943e-02
   3  phi_CBO      2.27927e+00   3.31985e+00  -2.90866e-01   2.53589e-04
 EXTERNAL ERROR MATRIX.    NDIM=  25    NPAR=  3    ERR DEF=1
  1.756e-03 -9.001e-04 -3.629e-01 
 -9.001e-04  9.939e-02  3.816e+01 
 -3.629e-01  3.816e+01  1.490e+04 
 PARAMETER  CORRELATION COEFFICIENTS  
       NO.  GLOBAL      1      2      3
        1  0.07311   1.000 -0.068 -0.071
        2  0.99185  -0.068  1.000  0.992
        3  0.99185  -0.071  0.992  1.000
setting A_CBO=0.002697 w_CBO=2.323710, phi_CBO=2.279274
done fitting cbo isolate
 **********
 **    1 **SET PRINTOUT            1
 **********
 **********
 **    2 **SET NOWARNINGS 
 **********
 PARAMETER DEFINITIONS:
    NO.   NAME         VALUE      STEP SIZE      LIMITS
     1 N0           2.91088e+06  1.00000e+02     no limits
     2 tau          6.44069e+01  constant
     3 A0           3.51795e-01  1.00000e-04     no limits
     4 phi          4.11585e+00  1.00000e-02     no limits
     5 R           -6.11570e+01  constant
     6 A_CBO        2.69685e-03  1.00000e-05     no limits
     7 w_CBO        2.32371e+00  1.00000e-03     no limits
     8 phi_CBO      2.27927e+00  1.00000e-04     no limits
     9 ANx2         8.59960e-04  constant
    10 pNx2         1.29548e+00  constant
    11 ANy1         0.00000e+00  constant
    12 pNy1         0.00000e+00  constant
    13 w_y          0.00000e+00  constant
    14 ANy2         8.55552e-03  1.00000e-04     no limits
    15 pNy2         3.07836e+00  constant
    16 w_vw         1.43006e+01  constant
    17 LM           1.55944e-04  constant
    18 wCBO_expCoeff   2.00000e+02  1.00000e+00     no limits
    19 wCBO_expOffset   2.00000e+02  1.00000e+00     no limits
    20 wCBO_expT    3.00000e+01  1.00000e+00     no limits
    21 wCBO_linCoeff   0.00000e+00  constant
    22 wCBO_const   0.00000e+00  1.00000e-02     no limits
MINUIT - FIT ONLY WIGGLE
 **********
 **    3 **FIX            5
 **********
 PARAMETER    5  IS CONSTANT.   IGNORED.
 **********
 **    4 **FIX            6
 **********
 **********
 **    5 **FIX            7
 **********
 **********
 **    6 **FIX            8
 **********
 **********
 **    7 **FIX            9
 **********
 PARAMETER    9  IS CONSTANT.   IGNORED.
 **********
 **    8 **FIX           10
 **********
 PARAMETER   10  IS CONSTANT.   IGNORED.
 **********
 **    9 **FIX           11
 **********
 PARAMETER   11  IS CONSTANT.   IGNORED.
 **********
 **   10 **FIX           12
 **********
 PARAMETER   12  IS CONSTANT.   IGNORED.
 **********
 **   11 **FIX           13
 **********
 PARAMETER   13  IS CONSTANT.   IGNORED.
 **********
 **   12 **FIX           14
 **********
 **********
 **   13 **FIX           15
 **********
 PARAMETER   15  IS CONSTANT.   IGNORED.
 **********
 **   14 **FIX           16
 **********
 PARAMETER   16  IS CONSTANT.   IGNORED.
 **********
 **   15 **MIGRAD
 **********
 FIRST CALL TO USER FUNCTION AT NEW START POINT, WITH IFLAG=4.
 START MIGRAD MINIMIZATION.  STRATEGY  1.  CONVERGENCE WHEN EDM .LT. 1.00e-04
 FCN=593.081 FROM MIGRAD    STATUS=INITIATE       59 CALLS          60 TOTAL
                     EDM= unknown      STRATEGY= 1      NO ERROR MATRIX       
  EXT PARAMETER               CURRENT GUESS       STEP         FIRST   
  NO.   NAME      VALUE            ERROR          SIZE      DERIVATIVE 
   1  N0           2.91088e+06   1.00000e+02   0.00000e+00  -3.67179e-04
   2  tau          6.44069e+01   constant   
   3  A0           3.51795e-01   1.00000e-04   0.00000e+00  -5.04122e+03
   4  phi          4.11585e+00   1.00000e-02   0.00000e+00   3.12748e+01
   5  R           -6.11570e+01   constant   
   6  A_CBO        2.69685e-03     fixed    
   7  w_CBO        2.32371e+00     fixed    
   8  phi_CBO      2.27927e+00     fixed    
   9  ANx2         8.59960e-04   constant   
  10  pNx2         1.29548e+00   constant   
  11  ANy1         0.00000e+00   constant   
  12  pNy1         0.00000e+00   constant   
  13  w_y          0.00000e+00   constant   
  14  ANy2         8.55552e-03     fixed    
  15  pNy2         3.07836e+00   constant   
  16  w_vw         1.43006e+01   constant   
  17  LM           1.55944e-04   constant   
  18  wCBO_expCoeff   1.99859e+02   1.00000e+00  -1.40576e-01   2.03619e+01
  19  wCBO_expOffset   2.00000e+02   1.00000e+00   0.00000e+00   1.35622e+02
  20  wCBO_expT    3.00000e+01   1.00000e+00   0.00000e+00   7.49099e+02
  21  wCBO_linCoeff   0.00000e+00   constant   
  22  wCBO_const   0.00000e+00   1.00000e-02   0.00000e+00  -3.48357e+02
 MIGRAD MINIMIZATION HAS CONVERGED.
 FCN=585.075 FROM MIGRAD    STATUS=CONVERGED     208 CALLS         209 TOTAL
                     EDM=1.49219e-06    STRATEGY= 1  ERROR MATRIX UNCERTAINTY   1.5 per cent
  EXT PARAMETER                                   STEP         FIRST   
  NO.   NAME      VALUE            ERROR          SIZE      DERIVATIVE 
   1  N0           2.91108e+06   1.06354e+03  -6.61796e+00  -8.05184e-08
   2  tau          6.44069e+01   constant   
   3  A0           3.52425e-01   4.86213e-04  -4.52958e-07  -5.74082e-01
   4  phi          4.11556e+00   1.45066e-03  -3.36923e-06   3.45486e-02
   5  R           -6.11570e+01   constant   
   6  A_CBO        2.69685e-03     fixed    
   7  w_CBO        2.32371e+00     fixed    
   8  phi_CBO      2.27927e+00     fixed    
   9  ANx2         8.59960e-04   constant   
  10  pNx2         1.29548e+00   constant   
  11  ANy1         0.00000e+00   constant   
  12  pNy1         0.00000e+00   constant   
  13  w_y          0.00000e+00   constant   
  14  ANy2         8.55552e-03     fixed    
  15  pNy2         3.07836e+00   constant   
  16  w_vw         1.43006e+01   constant   
  17  LM           1.55944e-04   constant   
  18  wCBO_expCoeff   2.00226e+02   1.28626e-01   6.43310e-04  -1.51577e-01
  19  wCBO_expOffset   2.00055e+02   1.93171e-02   9.66001e-05  -1.01220e+00
  20  wCBO_expT    2.99669e+01   1.09656e-02  -5.23798e-05  -3.78553e+00
  21  wCBO_linCoeff   0.00000e+00   constant   
  22  wCBO_const   2.23698e-03   6.56318e-04   6.21604e-07  -5.80551e+00
 EXTERNAL ERROR MATRIX.    NDIM=  25    NPAR=  7    ERR DEF=1
  1.131e+06  2.144e-02  2.538e-02 -1.751e+01 -2.630e+00  1.506e+00 -7.170e-02 
  2.144e-02  2.364e-07 -7.387e-09  4.902e-06  7.361e-07 -4.480e-07  3.164e-08 
  2.538e-02 -7.387e-09  2.104e-06 -6.842e-06 -1.028e-06  5.824e-07 -2.650e-08 
 -1.751e+01  4.902e-06 -6.842e-06  1.654e-02  2.451e-03 -1.399e-03  6.247e-05 
 -2.630e+00  7.361e-07 -1.028e-06  2.451e-03  3.731e-04 -2.101e-04  9.382e-06 
  1.506e+00 -4.480e-07  5.824e-07 -1.399e-03 -2.101e-04  1.202e-04 -5.712e-06 
 -7.170e-02  3.164e-08 -2.650e-08  6.247e-05  9.382e-06 -5.712e-06  4.308e-07 
 PARAMETER  CORRELATION COEFFICIENTS  
       NO.  GLOBAL      1      3      4     18     19     20     22
        1  0.13999   1.000  0.041  0.016 -0.128 -0.128  0.129 -0.103
        3  0.11386   0.041  1.000 -0.010  0.078  0.078 -0.084  0.099
        4  0.03956   0.016 -0.010  1.000 -0.037 -0.037  0.037 -0.028
       18  0.99557  -0.128  0.078 -0.037  1.000  0.987 -0.992  0.740
       19  0.99557  -0.128  0.078 -0.037  0.987  1.000 -0.992  0.740
       20  0.99863   0.129 -0.084  0.037 -0.992 -0.992  1.000 -0.794
       22  0.93245  -0.103  0.099 -0.028  0.740  0.740 -0.794  1.000
MINUIT - FIT ONLY 1-CBO + other amplitudes 
 **********
 **   16 **RES 
 **********
                   PARAMETER   14  ANy2 RESTORED TO VARIABLE.
                   PARAMETER    8  phi_CBO RESTORED TO VARIABLE.
                   PARAMETER    7  w_CBO RESTORED TO VARIABLE.
                   PARAMETER    6  A_CBO RESTORED TO VARIABLE.
 **********
 **   17 **FIX            0
 **********
 PARAMETER    0  IS UNDEFINED. IGNORED.
 **********
 **   18 **FIX            1
 **********
 **********
 **   19 **FIX            2
 **********
 PARAMETER    2  IS CONSTANT.   IGNORED.
 **********
 **   20 **FIX            3
 **********
 **********
 **   21 **FIX            4
 **********
 **********
 **   22 **FIX            9
 **********
 PARAMETER    9  IS CONSTANT.   IGNORED.
 **********
 **   23 **FIX           11
 **********
 PARAMETER   11  IS CONSTANT.   IGNORED.
 **********
 **   24 **FIX           12
 **********
 PARAMETER   12  IS CONSTANT.   IGNORED.
 **********
 **   25 **FIX           14
 **********
 **********
 **   26 **FIX           15
 **********
 PARAMETER   15  IS CONSTANT.   IGNORED.
 **********
 **   27 **FIX           16
 **********
 PARAMETER   16  IS CONSTANT.   IGNORED.
 **********
 **   28 **MIGRAD
 **********
 START MIGRAD MINIMIZATION.  STRATEGY  1.  CONVERGENCE WHEN EDM .LT. 1.00e-04
 FCN=585.075 FROM MIGRAD    STATUS=INITIATE       20 CALLS         229 TOTAL
                     EDM= unknown      STRATEGY= 1      NO ERROR MATRIX       
  EXT PARAMETER               CURRENT GUESS       STEP         FIRST   
  NO.   NAME      VALUE            ERROR          SIZE      DERIVATIVE 
   1  N0           2.91108e+06     fixed    
   2  tau          6.44069e+01   constant   
   3  A0           3.52425e-01     fixed    
   4  phi          4.11556e+00     fixed    
   5  R           -6.11570e+01   constant   
   6  A_CBO        2.69685e-03   1.00000e-05   1.00000e-05   9.70747e+03
   7  w_CBO        2.32371e+00   1.00000e-03   1.00000e-03  -1.55684e+01
   8  phi_CBO      2.27927e+00   1.00000e-04   1.00000e-04   8.20304e-01
   9  ANx2         8.59960e-04   constant   
  10  pNx2         1.29548e+00   constant   
  11  ANy1         0.00000e+00   constant   
  12  pNy1         0.00000e+00   constant   
  13  w_y          0.00000e+00   constant   
  14  ANy2         8.55552e-03     fixed    
  15  pNy2         3.07836e+00   constant   
  16  w_vw         1.43006e+01   constant   
  17  LM           1.55944e-04   constant   
  18  wCBO_expCoeff   2.00226e+02   1.28626e-01   6.43310e-04  -1.51577e-01
  19  wCBO_expOffset   2.00055e+02   1.93171e-02   9.66001e-05  -1.01220e+00
  20  wCBO_expT    2.99669e+01   1.09656e-02  -5.23798e-05  -3.78553e+00
  21  wCBO_linCoeff   0.00000e+00   constant   
  22  wCBO_const   2.23698e-03   6.56318e-04   6.21604e-07  -5.80551e+00
 MIGRAD MINIMIZATION HAS CONVERGED.
 MIGRAD WILL VERIFY CONVERGENCE AND ERROR MATRIX.
 FCN=578.78 FROM MIGRAD    STATUS=CONVERGED     188 CALLS         397 TOTAL
                     EDM=4.62877e-06    STRATEGY= 1      ERR MATRIX NOT POS-DEF
  EXT PARAMETER                APPROXIMATE        STEP         FIRST   
  NO.   NAME      VALUE            ERROR          SIZE      DERIVATIVE 
   1  N0           2.91108e+06     fixed    
   2  tau          6.44069e+01   constant   
   3  A0           3.52425e-01     fixed    
   4  phi          4.11556e+00     fixed    
   5  R           -6.11570e+01   constant   
   6  A_CBO        1.40633e-03   5.12141e-04   6.02467e-06  -1.47076e-01
   7  w_CBO        2.32353e+00   1.95986e-03   1.86210e-06   1.35319e+01
   8  phi_CBO      2.21848e+00   4.53955e-01   4.36176e-03  -2.69664e-03
   9  ANx2         8.59960e-04   constant   
  10  pNx2         1.29548e+00   constant   
  11  ANy1         0.00000e+00   constant   
  12  pNy1         0.00000e+00   constant   
  13  w_y          0.00000e+00   constant   
  14  ANy2         8.55552e-03     fixed    
  15  pNy2         3.07836e+00   constant   
  16  w_vw         1.43006e+01   constant   
  17  LM           1.55944e-04   constant   
  18  wCBO_expCoeff   2.00204e+02   1.99191e-01   2.03189e-04   1.07492e-01
  19  wCBO_expOffset   2.00052e+02   2.97682e-02   9.53921e-05   7.18167e-01
  20  wCBO_expT    2.99695e+01   6.87906e-03   1.42906e-05   2.81549e+00
  21  wCBO_linCoeff   0.00000e+00   constant   
  22  wCBO_const   2.10951e-03   9.71989e-04   3.22969e-06   9.90052e+00
 EXTERNAL ERROR MATRIX.    NDIM=  25    NPAR=  7    ERR DEF=1
  2.623e-07  1.679e-08 -4.956e-08  2.068e-06 -6.968e-09 -1.754e-07  9.987e-09 
  1.679e-08  3.841e-06  1.588e-06 -1.289e-04 -1.917e-05 -3.155e-06 -1.507e-06 
 -4.956e-08  1.588e-06  2.061e-01 -1.263e-03 -2.168e-04  1.052e-04  8.412e-05 
  2.068e-06 -1.289e-04 -1.263e-03  3.968e-02 -2.798e-03 -4.122e-04  7.063e-05 
 -6.968e-09 -1.917e-05 -2.168e-04 -2.798e-03  8.861e-04 -6.122e-05  1.044e-05 
 -1.754e-07 -3.155e-06  1.052e-04 -4.122e-04 -6.122e-05  4.732e-05 -9.355e-07 
  9.987e-09 -1.507e-06  8.412e-05  7.063e-05  1.044e-05 -9.355e-07  9.448e-07 
ERR MATRIX NOT POS-DEF
 PARAMETER  CORRELATION COEFFICIENTS  
       NO.  GLOBAL      6      7      8     18     19     20     22
        6  0.06551   1.000  0.017 -0.000  0.020 -0.000 -0.050  0.020
        7  0.99675   0.017  1.000  0.002 -0.330 -0.329 -0.234 -0.791
        8  0.57844  -0.000  0.002  1.000 -0.014 -0.016  0.034  0.191
       18  0.99625   0.020 -0.330 -0.014  1.000 -0.472 -0.301  0.365
       19  0.99624  -0.000 -0.329 -0.016 -0.472  1.000 -0.299  0.361
       20  0.99525  -0.050 -0.234  0.034 -0.301 -0.299  1.000 -0.140
       22  0.95937   0.020 -0.791  0.191  0.365  0.361 -0.140  1.000
 ERR MATRIX NOT POS-DEF
MINUIT - FIT ONLY 1-CBO
 **********
 **   29 **RES 
 **********
                   PARAMETER   14  ANy2 RESTORED TO VARIABLE.
                   PARAMETER    4  phi RESTORED TO VARIABLE.
                   PARAMETER    3  A0 RESTORED TO VARIABLE.
                   PARAMETER    1  N0 RESTORED TO VARIABLE.
 **********
 **   30 **FIX            0
 **********
 PARAMETER    0  IS UNDEFINED. IGNORED.
 **********
 **   31 **FIX            1
 **********
 **********
 **   32 **FIX            2
 **********
 PARAMETER    2  IS CONSTANT.   IGNORED.
 **********
 **   33 **FIX            3
 **********
 **********
 **   34 **FIX            4
 **********
 **********
 **   35 **FIX            8
 **********
 **********
 **   36 **FIX            9
 **********
 PARAMETER    9  IS CONSTANT.   IGNORED.
 **********
 **   37 **FIX           11
 **********
 PARAMETER   11  IS CONSTANT.   IGNORED.
 **********
 **   38 **FIX           12
 **********
 PARAMETER   12  IS CONSTANT.   IGNORED.
 **********
 **   39 **FIX           13
 **********
 PARAMETER   13  IS CONSTANT.   IGNORED.
 **********
 **   40 **FIX           15
 **********
 PARAMETER   15  IS CONSTANT.   IGNORED.
 **********
 **   41 **FIX           16
 **********
 PARAMETER   16  IS CONSTANT.   IGNORED.
 **********
 **   42 **MIGRAD
 **********
 START MIGRAD MINIMIZATION.  STRATEGY  1.  CONVERGENCE WHEN EDM .LT. 1.00e-04
 FCN=578.78 FROM MIGRAD    STATUS=INITIATE       16 CALLS         413 TOTAL
                     EDM= unknown      STRATEGY= 1      NO ERROR MATRIX       
  EXT PARAMETER               CURRENT GUESS       STEP         FIRST   
  NO.   NAME      VALUE            ERROR          SIZE      DERIVATIVE 
   1  N0           2.91108e+06     fixed    
   2  tau          6.44069e+01   constant   
   3  A0           3.52425e-01     fixed    
   4  phi          4.11556e+00     fixed    
   5  R           -6.11570e+01   constant   
   6  A_CBO        1.40633e-03   5.12141e-04   6.02467e-06  -1.47076e-01
   7  w_CBO        2.32353e+00   1.95986e-03   1.86210e-06   1.35340e+01
   8  phi_CBO      2.21848e+00     fixed    
   9  ANx2         8.59960e-04   constant   
  10  pNx2         1.29548e+00   constant   
  11  ANy1         0.00000e+00   constant   
  12  pNy1         0.00000e+00   constant   
  13  w_y          0.00000e+00   constant   
  14  ANy2         8.55552e-03   1.00000e-04   1.00000e-04   6.39864e+04
  15  pNy2         3.07836e+00   constant   
  16  w_vw         1.43006e+01   constant   
  17  LM           1.55944e-04   constant   
  18  wCBO_expCoeff   2.00204e+02   1.99191e-01   2.03189e-04   1.07497e-01
  19  wCBO_expOffset   2.00052e+02   2.97682e-02   9.53921e-05   7.18448e-01
  20  wCBO_expT    2.99695e+01   6.87906e-03   1.42906e-05   2.81703e+00
  21  wCBO_linCoeff   0.00000e+00   constant   
  22  wCBO_const   2.10951e-03   9.71989e-04   3.22969e-06   9.90824e+00
 MIGRAD MINIMIZATION HAS CONVERGED.
 MIGRAD WILL VERIFY CONVERGENCE AND ERROR MATRIX.
 COVARIANCE MATRIX CALCULATED SUCCESSFULLY
 FCN=304.074 FROM MIGRAD    STATUS=CONVERGED     213 CALLS         610 TOTAL
                     EDM=4.97499e-08    STRATEGY= 1      ERROR MATRIX ACCURATE 
  EXT PARAMETER                                   STEP         FIRST   
  NO.   NAME      VALUE            ERROR          SIZE      DERIVATIVE 
   1  N0           2.91108e+06     fixed    
   2  tau          6.44069e+01   constant   
   3  A0           3.52425e-01     fixed    
   4  phi          4.11556e+00     fixed    
   5  R           -6.11570e+01   constant   
   6  A_CBO        9.25416e-04   5.17562e-04   4.34588e-06   2.51922e-01
   7  w_CBO        2.32293e+00   7.83809e-03   1.80005e-06   5.81754e-01
   8  phi_CBO      2.21848e+00     fixed    
   9  ANx2         8.59960e-04   constant   
  10  pNx2         1.29548e+00   constant   
  11  ANy1         0.00000e+00   constant   
  12  pNy1         0.00000e+00   constant   
  13  w_y          0.00000e+00   constant   
  14  ANy2        -3.40995e-05   5.18575e-04   4.40796e-06   6.67310e-02
  15  pNy2         3.07836e+00   constant   
  16  w_vw         1.43006e+01   constant   
  17  LM           1.55944e-04   constant   
  18  wCBO_expCoeff   2.00121e+02   6.73482e-01   1.93311e-04   5.40211e-03
  19  wCBO_expOffset   2.00039e+02   6.68432e-02   9.53862e-05   3.60354e-02
  20  wCBO_expT    2.99786e+01   1.37055e-02   1.42949e-05   1.17849e-01
  21  wCBO_linCoeff   0.00000e+00   constant   
  22  wCBO_const   2.13141e-03   3.38250e-03   3.24000e-06   2.70142e-01
 EXTERNAL ERROR MATRIX.    NDIM=  25    NPAR=  7    ERR DEF=1
  2.679e-07  3.951e-08  1.366e-08  3.462e-06 -6.237e-07 -2.457e-07  2.639e-08 
  3.951e-08  6.144e-05  5.640e-08 -3.699e-03 -1.613e-04 -2.183e-05 -2.577e-05 
  1.366e-08  5.640e-08  2.689e-07  4.706e-06 -6.244e-08 -3.810e-07 -1.915e-08 
  3.462e-06 -3.699e-03  4.706e-06  4.536e-01 -1.360e-02 -1.870e-03  1.662e-03 
 -6.237e-07 -1.613e-04 -6.244e-08 -1.360e-02  4.468e-03 -9.673e-05  7.247e-05 
 -2.457e-07 -2.183e-05 -3.810e-07 -1.870e-03 -9.673e-05  1.878e-04  2.326e-06 
  2.639e-08 -2.577e-05 -1.915e-08  1.662e-03  7.247e-05  2.326e-06  1.144e-05 
 PARAMETER  CORRELATION COEFFICIENTS  
       NO.  GLOBAL      6      7     14     18     19     20     22
        6  0.17509   1.000  0.010  0.051  0.010 -0.018 -0.035  0.015
        7  0.99964   0.010  1.000  0.014 -0.701 -0.308 -0.203 -0.972
       14  0.08149   0.051  0.014  1.000  0.013 -0.002 -0.054 -0.011
       18  0.99943   0.010 -0.701  0.013  1.000 -0.302 -0.203  0.730
       19  0.99871  -0.018 -0.308 -0.002 -0.302  1.000 -0.106  0.321
       20  0.99785  -0.035 -0.203 -0.054 -0.203 -0.106  1.000  0.050
       22  0.99367   0.015 -0.972 -0.011  0.730  0.321  0.050  1.000
MINUIT - FIT ONLY 2-CBO
 **********
 **   43 **RES 
 **********
                   PARAMETER    8  phi_CBO RESTORED TO VARIABLE.
                   PARAMETER    4  phi RESTORED TO VARIABLE.
                   PARAMETER    3  A0 RESTORED TO VARIABLE.
                   PARAMETER    1  N0 RESTORED TO VARIABLE.
 **********
 **   44 **FIX            0
 **********
 PARAMETER    0  IS UNDEFINED. IGNORED.
 **********
 **   45 **FIX            1
 **********
 **********
 **   46 **FIX            2
 **********
 PARAMETER    2  IS CONSTANT.   IGNORED.
 **********
 **   47 **FIX            3
 **********
 **********
 **   48 **FIX            4
 **********
 **********
 **   49 **FIX            5
 **********
 PARAMETER    5  IS CONSTANT.   IGNORED.
 **********
 **   50 **FIX            6
 **********
 **********
 **   51 **FIX            7
 **********
 **********
 **   52 **FIX           10
 **********
 PARAMETER   10  IS CONSTANT.   IGNORED.
 **********
 **   53 **FIX           11
 **********
 PARAMETER   11  IS CONSTANT.   IGNORED.
 **********
 **   54 **FIX           12
 **********
 PARAMETER   12  IS CONSTANT.   IGNORED.
 **********
 **   55 **FIX           13
 **********
 PARAMETER   13  IS CONSTANT.   IGNORED.
 **********
 **   56 **FIX           14
 **********
 **********
 **   57 **FIX           15
 **********
 PARAMETER   15  IS CONSTANT.   IGNORED.
 **********
 **   58 **FIX           16
 **********
 PARAMETER   16  IS CONSTANT.   IGNORED.
 **********
 **   59 **MIGRAD
 **********
 START MIGRAD MINIMIZATION.  STRATEGY  1.  CONVERGENCE WHEN EDM .LT. 1.00e-04
 FCN=304.074 FROM MIGRAD    STATUS=INITIATE       12 CALLS         622 TOTAL
                     EDM= unknown      STRATEGY= 1      NO ERROR MATRIX       
  EXT PARAMETER               CURRENT GUESS       STEP         FIRST   
  NO.   NAME      VALUE            ERROR          SIZE      DERIVATIVE 
   1  N0           2.91108e+06     fixed    
   2  tau          6.44069e+01   constant   
   3  A0           3.52425e-01     fixed    
   4  phi          4.11556e+00     fixed    
   5  R           -6.11570e+01   constant   
   6  A_CBO        9.25416e-04     fixed    
   7  w_CBO        2.32293e+00     fixed    
   8  phi_CBO      2.21848e+00   4.53955e-01   4.53955e-01  -3.06166e-01
   9  ANx2         8.59960e-04   constant   
  10  pNx2         1.29548e+00   constant   
  11  ANy1         0.00000e+00   constant   
  12  pNy1         0.00000e+00   constant   
  13  w_y          0.00000e+00   constant   
  14  ANy2        -3.40995e-05     fixed    
  15  pNy2         3.07836e+00   constant   
  16  w_vw         1.43006e+01   constant   
  17  LM           1.55944e-04   constant   
  18  wCBO_expCoeff   2.00121e+02   6.73482e-01   1.93311e-04   5.32442e-03
  19  wCBO_expOffset   2.00039e+02   6.68432e-02   9.53862e-05   3.01340e-02
  20  wCBO_expT    2.99786e+01   1.37055e-02   1.42949e-05   1.14602e-01
  21  wCBO_linCoeff   0.00000e+00   constant   
  22  wCBO_const   2.13141e-03   3.38250e-03   3.24000e-06   2.73366e-01
 MIGRAD MINIMIZATION HAS CONVERGED.
 MIGRAD WILL VERIFY CONVERGENCE AND ERROR MATRIX.
 COVARIANCE MATRIX CALCULATED SUCCESSFULLY
 FCN=304.063 FROM HESSE     STATUS=OK             31 CALLS         688 TOTAL
                     EDM=0.000691604    STRATEGY= 1      ERROR MATRIX ACCURATE 
  EXT PARAMETER                                   STEP         FIRST   
  NO.   NAME      VALUE            ERROR          SIZE      DERIVATIVE 
   1  N0           2.91108e+06     fixed    
   2  tau          6.44069e+01   constant   
   3  A0           3.52425e-01     fixed    
   4  phi          4.11556e+00     fixed    
   5  R           -6.11570e+01   constant   
   6  A_CBO        9.25416e-04     fixed    
   7  w_CBO        2.32293e+00     fixed    
   8  phi_CBO      2.28981e+00   7.03380e-01   4.83922e-03  -3.55781e-04
   9  ANx2         8.59960e-04   constant   
  10  pNx2         1.29548e+00   constant   
  11  ANy1         0.00000e+00   constant   
  12  pNy1         0.00000e+00   constant   
  13  w_y          0.00000e+00   constant   
  14  ANy2        -3.40995e-05     fixed    
  15  pNy2         3.07836e+00   constant   
  16  w_vw         1.43006e+01   constant   
  17  LM           1.55944e-04   constant   
  18  wCBO_expCoeff   2.00120e+02   4.48298e-01   1.92958e-04   5.05739e-02
  19  wCBO_expOffset   2.00039e+02   5.83516e-02   9.53861e-05   3.35847e-01
  20  wCBO_expT    2.99786e+01   1.32220e-02   1.42949e-05  -2.73278e+00
  21  wCBO_linCoeff   0.00000e+00   constant   
  22  wCBO_const   2.16318e-03   7.98136e-04   3.24162e-06   1.66220e+00
 MIGRAD MINIMIZATION HAS CONVERGED.
 FCN=304.062 FROM MIGRAD    STATUS=CONVERGED      90 CALLS         700 TOTAL
                     EDM=6.78719e-08    STRATEGY= 1  ERROR MATRIX UNCERTAINTY   2.2 per cent
  EXT PARAMETER                                   STEP         FIRST   
  NO.   NAME      VALUE            ERROR          SIZE      DERIVATIVE 
   1  N0           2.91108e+06     fixed    
   2  tau          6.44069e+01   constant   
   3  A0           3.52425e-01     fixed    
   4  phi          4.11556e+00     fixed    
   5  R           -6.11570e+01   constant   
   6  A_CBO        9.25416e-04     fixed    
   7  w_CBO        2.32293e+00     fixed    
   8  phi_CBO      2.29673e+00   7.14764e-01   6.91520e-03   3.53106e-05
   9  ANx2         8.59960e-04   constant   
  10  pNx2         1.29548e+00   constant   
  11  ANy1         0.00000e+00   constant   
  12  pNy1         0.00000e+00   constant   
  13  w_y          0.00000e+00   constant   
  14  ANy2        -3.40995e-05     fixed    
  15  pNy2         3.07836e+00   constant   
  16  w_vw         1.43006e+01   constant   
  17  LM           1.55944e-04   constant   
  18  wCBO_expCoeff   2.00111e+02   4.81753e-01  -9.52105e-03   2.61755e-03
  19  wCBO_expOffset   2.00039e+02   5.88633e-02  -4.60420e-04   1.05596e-02
  20  wCBO_expT    2.99792e+01   1.63888e-02   5.34889e-04   4.74513e-02
  21  wCBO_linCoeff   0.00000e+00   constant   
  22  wCBO_const   2.14634e-03   8.52387e-04  -1.68483e-05  -4.08580e-01
 EXTERNAL ERROR MATRIX.    NDIM=  25    NPAR=  5    ERR DEF=1
  5.109e-01 -6.212e-02 -3.455e-03  3.500e-03  9.813e-05 
 -6.212e-02  2.321e-01 -1.772e-02 -4.806e-03  1.406e-04 
 -3.455e-03 -1.772e-02  3.465e-03 -2.265e-04  6.024e-06 
  3.500e-03 -4.806e-03 -2.265e-04  2.686e-04 -8.463e-06 
  9.813e-05  1.406e-04  6.024e-06 -8.463e-06  7.266e-07 
 PARAMETER  CORRELATION COEFFICIENTS  
       NO.  GLOBAL      8     18     19     20     22
        8  0.60995   1.000 -0.180 -0.082  0.299  0.161
       18  0.99890  -0.180  1.000 -0.625 -0.609  0.342
       19  0.99835  -0.082 -0.625  1.000 -0.235  0.120
       20  0.99851   0.299 -0.609 -0.235  1.000 -0.606
       22  0.89539   0.161  0.342  0.120 -0.606  1.000
MINUIT - FIT ONLY 1-y
 **********
 **   60 **RES 
 **********
                   PARAMETER   14  ANy2 RESTORED TO VARIABLE.
                   PARAMETER    7  w_CBO RESTORED TO VARIABLE.
                   PARAMETER    6  A_CBO RESTORED TO VARIABLE.
                   PARAMETER    4  phi RESTORED TO VARIABLE.
                   PARAMETER    3  A0 RESTORED TO VARIABLE.
                   PARAMETER    1  N0 RESTORED TO VARIABLE.
 **********
 **   61 **FIX            0
 **********
 PARAMETER    0  IS UNDEFINED. IGNORED.
 **********
 **   62 **FIX            1
 **********
 **********
 **   63 **FIX            2
 **********
 PARAMETER    2  IS CONSTANT.   IGNORED.
 **********
 **   64 **FIX            3
 **********
 **********
 **   65 **FIX            4
 **********
 **********
 **   66 **FIX            5
 **********
 PARAMETER    5  IS CONSTANT.   IGNORED.
 **********
 **   67 **FIX            6
 **********
 **********
 **   68 **FIX            7
 **********
 **********
 **   69 **FIX            8
 **********
 **********
 **   70 **FIX            9
 **********
 PARAMETER    9  IS CONSTANT.   IGNORED.
 **********
 **   71 **FIX           13
 **********
 PARAMETER   13  IS CONSTANT.   IGNORED.
 **********
 **   72 **FIX           14
 **********
 **********
 **   73 **FIX           15
 **********
 PARAMETER   15  IS CONSTANT.   IGNORED.
 **********
 **   74 **FIX           16
 **********
 PARAMETER   16  IS CONSTANT.   IGNORED.
 **********
 **   75 **MIGRAD
 **********
 START MIGRAD MINIMIZATION.  STRATEGY  1.  CONVERGENCE WHEN EDM .LT. 1.00e-04
 FCN=304.062 FROM MIGRAD    STATUS=INITIATE        8 CALLS         708 TOTAL
                     EDM= unknown      STRATEGY= 1      NO ERROR MATRIX       
  EXT PARAMETER               CURRENT GUESS       STEP         FIRST   
  NO.   NAME      VALUE            ERROR          SIZE      DERIVATIVE 
   1  N0           2.91108e+06     fixed    
   2  tau          6.44069e+01   constant   
   3  A0           3.52425e-01     fixed    
   4  phi          4.11556e+00     fixed    
   5  R           -6.11570e+01   constant   
   6  A_CBO        9.25416e-04     fixed    
   7  w_CBO        2.32293e+00     fixed    
   8  phi_CBO      2.29673e+00     fixed    
   9  ANx2         8.59960e-04   constant   
  10  pNx2         1.29548e+00   constant   
  11  ANy1         0.00000e+00   constant   
  12  pNy1         0.00000e+00   constant   
  13  w_y          0.00000e+00   constant   
  14  ANy2        -3.40995e-05     fixed    
  15  pNy2         3.07836e+00   constant   
  16  w_vw         1.43006e+01   constant   
  17  LM           1.55944e-04   constant   
  18  wCBO_expCoeff   2.00111e+02   4.81753e-01  -9.52105e-03   2.61804e-03
  19  wCBO_expOffset   2.00039e+02   5.88633e-02  -4.60420e-04   1.05596e-02
  20  wCBO_expT    2.99792e+01   1.63888e-02   5.34889e-04   4.74513e-02
  21  wCBO_linCoeff   0.00000e+00   constant   
  22  wCBO_const   2.14634e-03   8.52387e-04  -1.68483e-05  -4.08580e-01
 MIGRAD MINIMIZATION HAS CONVERGED.
 MIGRAD WILL VERIFY CONVERGENCE AND ERROR MATRIX.
 COVARIANCE MATRIX CALCULATED SUCCESSFULLY
 FCN=304.062 FROM MIGRAD    STATUS=CONVERGED      50 CALLS         750 TOTAL
                     EDM=2.01625e-09    STRATEGY= 1      ERROR MATRIX ACCURATE 
  EXT PARAMETER                                   STEP         FIRST   
  NO.   NAME      VALUE            ERROR          SIZE      DERIVATIVE 
   1  N0           2.91108e+06     fixed    
   2  tau          6.44069e+01   constant   
   3  A0           3.52425e-01     fixed    
   4  phi          4.11556e+00     fixed    
   5  R           -6.11570e+01   constant   
   6  A_CBO        9.25416e-04     fixed    
   7  w_CBO        2.32293e+00     fixed    
   8  phi_CBO      2.29673e+00     fixed    
   9  ANx2         8.59960e-04   constant   
  10  pNx2         1.29548e+00   constant   
  11  ANy1         0.00000e+00   constant   
  12  pNy1         0.00000e+00   constant   
  13  w_y          0.00000e+00   constant   
  14  ANy2        -3.40995e-05     fixed    
  15  pNy2         3.07836e+00   constant   
  16  w_vw         1.43006e+01   constant   
  17  LM           1.55944e-04   constant   
  18  wCBO_expCoeff   2.00111e+02   4.34560e-01   1.92171e-04   2.92577e-04
  19  wCBO_expOffset   2.00039e+02   5.66765e-02   9.53859e-05   1.87866e-03
  20  wCBO_expT    2.99792e+01   1.26707e-02   1.42952e-05   1.24635e-02
  21  wCBO_linCoeff   0.00000e+00   constant   
  22  wCBO_const   2.14644e-03   7.76870e-04   3.23692e-06   1.87288e-02
 EXTERNAL ERROR MATRIX.    NDIM=  25    NPAR=  4    ERR DEF=1
  1.888e-01 -1.819e-02 -2.850e-03  9.742e-05 
 -1.819e-02  3.212e-03 -1.357e-04  4.300e-06 
 -2.850e-03 -1.357e-04  1.605e-04 -6.126e-06 
  9.742e-05  4.300e-06 -6.126e-06  6.035e-07 
 PARAMETER  CORRELATION COEFFICIENTS  
       NO.  GLOBAL     18     19     20     22
       18  0.99865   1.000 -0.739 -0.518  0.289
       19  0.99822  -0.739  1.000 -0.189  0.098
       20  0.99752  -0.518 -0.189  1.000 -0.622
       22  0.87253   0.289  0.098 -0.622  1.000
MINUIT - FIT ONLY 2-y
 **********
 **   76 **RES 
 **********
                   PARAMETER   14  ANy2 RESTORED TO VARIABLE.
                   PARAMETER    8  phi_CBO RESTORED TO VARIABLE.
                   PARAMETER    7  w_CBO RESTORED TO VARIABLE.
                   PARAMETER    6  A_CBO RESTORED TO VARIABLE.
                   PARAMETER    4  phi RESTORED TO VARIABLE.
                   PARAMETER    3  A0 RESTORED TO VARIABLE.
                   PARAMETER    1  N0 RESTORED TO VARIABLE.
 **********
 **   77 **FIX            0
 **********
 PARAMETER    0  IS UNDEFINED. IGNORED.
 **********
 **   78 **FIX            1
 **********
 **********
 **   79 **FIX            2
 **********
 PARAMETER    2  IS CONSTANT.   IGNORED.
 **********
 **   80 **FIX            3
 **********
 **********
 **   81 **FIX            4
 **********
 **********
 **   82 **FIX            5
 **********
 PARAMETER    5  IS CONSTANT.   IGNORED.
 **********
 **   83 **FIX            6
 **********
 **********
 **   84 **FIX            7
 **********
 **********
 **   85 **FIX            8
 **********
 **********
 **   86 **FIX            9
 **********
 PARAMETER    9  IS CONSTANT.   IGNORED.
 **********
 **   87 **FIX           10
 **********
 PARAMETER   10  IS CONSTANT.   IGNORED.
 **********
 **   88 **FIX           11
 **********
 PARAMETER   11  IS CONSTANT.   IGNORED.
 **********
 **   89 **FIX           12
 **********
 PARAMETER   12  IS CONSTANT.   IGNORED.
 **********
 **   90 **FIX           16
 **********
 PARAMETER   16  IS CONSTANT.   IGNORED.
 **********
 **   91 **MIGRAD
 **********
 START MIGRAD MINIMIZATION.  STRATEGY  1.  CONVERGENCE WHEN EDM .LT. 1.00e-04
 FCN=304.062 FROM MIGRAD    STATUS=INITIATE       10 CALLS         760 TOTAL
                     EDM= unknown      STRATEGY= 1      NO ERROR MATRIX       
  EXT PARAMETER               CURRENT GUESS       STEP         FIRST   
  NO.   NAME      VALUE            ERROR          SIZE      DERIVATIVE 
   1  N0           2.91108e+06     fixed    
   2  tau          6.44069e+01   constant   
   3  A0           3.52425e-01     fixed    
   4  phi          4.11556e+00     fixed    
   5  R           -6.11570e+01   constant   
   6  A_CBO        9.25416e-04     fixed    
   7  w_CBO        2.32293e+00     fixed    
   8  phi_CBO      2.29673e+00     fixed    
   9  ANx2         8.59960e-04   constant   
  10  pNx2         1.29548e+00   constant   
  11  ANy1         0.00000e+00   constant   
  12  pNy1         0.00000e+00   constant   
  13  w_y          0.00000e+00   constant   
  14  ANy2        -3.40995e-05   5.18575e-04   5.18575e-04   1.30513e+01
  15  pNy2         3.07836e+00   constant   
  16  w_vw         1.43006e+01   constant   
  17  LM           1.55944e-04   constant   
  18  wCBO_expCoeff   2.00111e+02   4.34560e-01   1.92171e-04   2.67157e-04
  19  wCBO_expOffset   2.00039e+02   5.66765e-02   9.53859e-05  -5.65611e-03
  20  wCBO_expT    2.99792e+01   1.26707e-02   1.42952e-05   6.14178e-03
  21  wCBO_linCoeff   0.00000e+00   constant   
  22  wCBO_const   2.14644e-03   7.76870e-04   3.23692e-06   1.91017e-02
 MIGRAD MINIMIZATION HAS CONVERGED.
 MIGRAD WILL VERIFY CONVERGENCE AND ERROR MATRIX.
 COVARIANCE MATRIX CALCULATED SUCCESSFULLY
 FCN=304.062 FROM MIGRAD    STATUS=CONVERGED      54 CALLS         804 TOTAL
                     EDM=7.5051e-08    STRATEGY= 1      ERROR MATRIX ACCURATE 
  EXT PARAMETER                                   STEP         FIRST   
  NO.   NAME      VALUE            ERROR          SIZE      DERIVATIVE 
   1  N0           2.91108e+06     fixed    
   2  tau          6.44069e+01   constant   
   3  A0           3.52425e-01     fixed    
   4  phi          4.11556e+00     fixed    
   5  R           -6.11570e+01   constant   
   6  A_CBO        9.25416e-04     fixed    
   7  w_CBO        2.32293e+00     fixed    
   8  phi_CBO      2.29673e+00     fixed    
   9  ANx2         8.59960e-04   constant   
  10  pNx2         1.29548e+00   constant   
  11  ANy1         0.00000e+00   constant   
  12  pNy1         0.00000e+00   constant   
  13  w_y          0.00000e+00   constant   
  14  ANy2        -3.58427e-05   5.17895e-04   4.40787e-06  -3.43128e-04
  15  pNy2         3.07836e+00   constant   
  16  w_vw         1.43006e+01   constant   
  17  LM           1.55944e-04   constant   
  18  wCBO_expCoeff   2.00111e+02   4.34799e-01   1.92170e-04  -2.85479e-03
  19  wCBO_expOffset   2.00039e+02   5.66785e-02   9.53859e-05  -1.90889e-02
  20  wCBO_expT    2.99792e+01   1.26874e-02   1.42952e-05  -1.10246e-01
  21  wCBO_linCoeff   0.00000e+00   constant   
  22  wCBO_const   2.14644e-03   7.76878e-04   3.23690e-06  -5.46945e-01
 EXTERNAL ERROR MATRIX.    NDIM=  25    NPAR=  5    ERR DEF=1
  2.682e-07  7.204e-06  1.355e-07 -3.290e-07  8.514e-10 
  7.204e-06  1.890e-01 -1.819e-02 -2.859e-03  9.744e-05 
  1.355e-07 -1.819e-02  3.212e-03 -1.358e-04  4.300e-06 
 -3.290e-07 -2.859e-03 -1.358e-04  1.610e-04 -6.127e-06 
  8.514e-10  9.744e-05  4.300e-06 -6.127e-06  6.035e-07 
 PARAMETER  CORRELATION COEFFICIENTS  
       NO.  GLOBAL     14     18     19     20     22
       14  0.06350   1.000  0.032  0.005 -0.050  0.002
       18  0.99866   0.032  1.000 -0.738 -0.518  0.288
       19  0.99822   0.005 -0.738  1.000 -0.189  0.098
       20  0.99752  -0.050 -0.518 -0.189  1.000 -0.622
       22  0.87252   0.002  0.288  0.098 -0.622  1.000
MINUIT - FIT ALTOGETHER
 **********
 **   92 **RES 
 **********
                   PARAMETER    8  phi_CBO RESTORED TO VARIABLE.
                   PARAMETER    7  w_CBO RESTORED TO VARIABLE.
                   PARAMETER    6  A_CBO RESTORED TO VARIABLE.
                   PARAMETER    4  phi RESTORED TO VARIABLE.
                   PARAMETER    3  A0 RESTORED TO VARIABLE.
                   PARAMETER    1  N0 RESTORED TO VARIABLE.
 **********
 **   93 **MIGRAD
 **********
 START MIGRAD MINIMIZATION.  STRATEGY  1.  CONVERGENCE WHEN EDM .LT. 1.00e-04
