 + ++++++++++++++++++++++++++++++++++++++++++++++++++++++++++++++++++++ +
 +                                                                      +
 +           You have chose to blind your fitting according to          +
 +                omega_ref * (1 + (R +/- deltaR) *10^{-6})             +
 +                                                                      +
 + ++++++++++++++++++++++++++++++++++++++++++++++++++++++++++++++++++++ +
In main()...
reading format from /gm2data/zkhechad/run45/envelope/formats/formatB_sBin_constraintOn.txt
pBinTau 	= 0  
pBinPhi 	= 0  
constraintau 	= 1 
includeMopTerm 	= 0    
constrainMop    = 0   
Parameters after format file: pBinTau 0 pBinPhi 0 constraintau 1 includeMopTerm 0 constrainMop 0 c_e_scale 0.000000 
reading cbo reference file (full fit) from /gm2data/zkhechad/cboTemplates/Run4CBOTemplates/fullFits/run4/sBin_constraintOn_cE0.0_seed0_run4_calo4.root
A_CBO 0.009389 w_CBO 2.326001 phi_CBO 4.715725 N0 2871608.131177 R -59.406240 tau 64.400031 
Reading cboRef file /gm2data/zkhechad/cboTemplates/Run4CBOTemplates//cboIsolate/run4_calo4.root
deltaT 164.120000
windowBins = 1100
fitting sliding window 1940 from bin 2143 at 319.735600 to bin 3243 at 483.855600 (1100 bins)

Reading data from /gm2data/cornell/histograms/aMethod/histogram_a_run4.root
fitting cbo isolate
 **********
 **    1 **SET PRINTOUT            1
 **********
 **********
 **    2 **SET NOWARNINGS 
 **********
 PARAMETER DEFINITIONS:
    NO.   NAME         VALUE      STEP SIZE      LIMITS
     1 A_CBO        9.38904e-03  1.00000e-05     no limits
     2 w_CBO        2.32600e+00  1.00000e-02    2.00000e+00  3.00000e+00
     3 phi_CBO      4.71573e+00  1.00000e-02    0.00000e+00  6.28319e+00
 **********
 **    3 **MIGRAD
 **********
 FIRST CALL TO USER FUNCTION AT NEW START POINT, WITH IFLAG=4.
 START MIGRAD MINIMIZATION.  STRATEGY  1.  CONVERGENCE WHEN EDM .LT. 1.00e-04
 FCN=0.115731 FROM MIGRAD    STATUS=INITIATE       12 CALLS          13 TOTAL
                     EDM= unknown      STRATEGY= 1      NO ERROR MATRIX       
  EXT PARAMETER               CURRENT GUESS       STEP         FIRST   
  NO.   NAME      VALUE            ERROR          SIZE      DERIVATIVE 
   1  A_CBO        9.38904e-03   1.00000e-05   1.00000e-05   7.92023e+00
   2  w_CBO        2.32600e+00   1.00000e-02   2.13357e-02   3.14183e-01
   3  phi_CBO      4.71573e+00   1.00000e-02   3.67815e-03  -4.86935e-03
 MIGRAD MINIMIZATION HAS CONVERGED.
 MIGRAD WILL VERIFY CONVERGENCE AND ERROR MATRIX.
 COVARIANCE MATRIX CALCULATED SUCCESSFULLY
 FCN=0.0871316 FROM MIGRAD    STATUS=CONVERGED      49 CALLS          50 TOTAL
                     EDM=1.84494e-05    STRATEGY= 1      ERROR MATRIX ACCURATE 
  EXT PARAMETER                                   STEP         FIRST   
  NO.   NAME      VALUE            ERROR          SIZE      DERIVATIVE 
   1  A_CBO        2.17286e-03   4.27011e-02   2.17283e-05  -6.42783e-03
   2  w_CBO        2.32591e+00   3.60795e-01   5.21280e-05  -2.80243e-03
   3  phi_CBO      4.76120e+00   3.49011e+00   3.76435e-03  -5.79425e-05
 EXTERNAL ERROR MATRIX.    NDIM=  25    NPAR=  3    ERR DEF=1
  1.823e-03 -4.832e-04 -1.986e-01 
 -4.832e-04  1.695e-01  6.885e+01 
 -1.986e-01  6.885e+01  2.835e+04 
 PARAMETER  CORRELATION COEFFICIENTS  
       NO.  GLOBAL      1      2      3
        1  0.02763   1.000 -0.027 -0.028
        2  0.99322  -0.027  1.000  0.993
        3  0.99322  -0.028  0.993  1.000
setting A_CBO=0.002173 w_CBO=2.325914, phi_CBO=4.761200
done fitting cbo isolate
 **********
 **    1 **SET PRINTOUT            1
 **********
 **********
 **    2 **SET NOWARNINGS 
 **********
 PARAMETER DEFINITIONS:
    NO.   NAME         VALUE      STEP SIZE      LIMITS
     1 N0           2.87161e+06  1.00000e+02     no limits
     2 tau          6.44000e+01  constant
     3 A0           3.53296e-01  1.00000e-04     no limits
     4 phi          4.11727e+00  1.00000e-02     no limits
     5 R           -5.94062e+01  constant
     6 A_CBO        2.17286e-03  1.00000e-05     no limits
     7 w_CBO        2.32591e+00  1.00000e-03     no limits
     8 phi_CBO      4.76120e+00  1.00000e-04     no limits
     9 ANx2         6.75162e-04  constant
    10 pNx2         4.60725e+00  constant
    11 ANy1         0.00000e+00  constant
    12 pNy1         0.00000e+00  constant
    13 w_y          0.00000e+00  constant
    14 ANy2         8.91794e-03  1.00000e-04     no limits
    15 pNy2         4.50125e+00  constant
    16 w_vw         1.43005e+01  constant
    17 LM          -1.01507e-04  constant
    18 wCBO_expCoeff   2.00000e+02  1.00000e+00     no limits
    19 wCBO_expOffset   2.00000e+02  1.00000e+00     no limits
    20 wCBO_expT    3.00000e+01  1.00000e+00     no limits
    21 wCBO_linCoeff   0.00000e+00  constant
    22 wCBO_const   0.00000e+00  1.00000e-02     no limits
MINUIT - FIT ONLY WIGGLE
 **********
 **    3 **FIX            5
 **********
 PARAMETER    5  IS CONSTANT.   IGNORED.
 **********
 **    4 **FIX            6
 **********
 **********
 **    5 **FIX            7
 **********
 **********
 **    6 **FIX            8
 **********
 **********
 **    7 **FIX            9
 **********
 PARAMETER    9  IS CONSTANT.   IGNORED.
 **********
 **    8 **FIX           10
 **********
 PARAMETER   10  IS CONSTANT.   IGNORED.
 **********
 **    9 **FIX           11
 **********
 PARAMETER   11  IS CONSTANT.   IGNORED.
 **********
 **   10 **FIX           12
 **********
 PARAMETER   12  IS CONSTANT.   IGNORED.
 **********
 **   11 **FIX           13
 **********
 PARAMETER   13  IS CONSTANT.   IGNORED.
 **********
 **   12 **FIX           14
 **********
 **********
 **   13 **FIX           15
 **********
 PARAMETER   15  IS CONSTANT.   IGNORED.
 **********
 **   14 **FIX           16
 **********
 PARAMETER   16  IS CONSTANT.   IGNORED.
 **********
 **   15 **MIGRAD
 **********
 FIRST CALL TO USER FUNCTION AT NEW START POINT, WITH IFLAG=4.
 START MIGRAD MINIMIZATION.  STRATEGY  1.  CONVERGENCE WHEN EDM .LT. 1.00e-04
 FCN=551.51 FROM MIGRAD    STATUS=INITIATE       60 CALLS          61 TOTAL
                     EDM= unknown      STRATEGY= 1      NO ERROR MATRIX       
  EXT PARAMETER               CURRENT GUESS       STEP         FIRST   
  NO.   NAME      VALUE            ERROR          SIZE      DERIVATIVE 
   1  N0           2.87161e+06   1.00000e+02   0.00000e+00  -7.71067e-04
   2  tau          6.44000e+01   constant   
   3  A0           3.53296e-01   1.00000e-04   0.00000e+00  -3.32926e+02
   4  phi          4.11727e+00   1.00000e-02   0.00000e+00   2.08100e+03
   5  R           -5.94062e+01   constant   
   6  A_CBO        2.17286e-03     fixed    
   7  w_CBO        2.32591e+00     fixed    
   8  phi_CBO      4.76120e+00     fixed    
   9  ANx2         6.75162e-04   constant   
  10  pNx2         4.60725e+00   constant   
  11  ANy1         0.00000e+00   constant   
  12  pNy1         0.00000e+00   constant   
  13  w_y          0.00000e+00   constant   
  14  ANy2         8.91794e-03     fixed    
  15  pNy2         4.50125e+00   constant   
  16  w_vw         1.43005e+01   constant   
  17  LM          -1.01507e-04   constant   
  18  wCBO_expCoeff   2.00095e+02   1.00000e+00   9.53423e-02   5.33621e+00
  19  wCBO_expOffset   2.00000e+02   1.00000e+00   0.00000e+00   3.55897e+01
  20  wCBO_expT    3.00000e+01   1.00000e+00   0.00000e+00   1.70968e+02
  21  wCBO_linCoeff   0.00000e+00   constant   
  22  wCBO_const   0.00000e+00   1.00000e-02   0.00000e+00   1.22319e+03
 MIGRAD FAILS TO FIND IMPROVEMENT
 FCN=538.918 FROM HESSE     STATUS=NOT POSDEF     50 CALLS         212 TOTAL
                     EDM=1250.07    STRATEGY= 1      ERR MATRIX NOT POS-DEF
  EXT PARAMETER                APPROXIMATE        STEP         FIRST   
  NO.   NAME      VALUE            ERROR          SIZE      DERIVATIVE 
   1  N0           2.87168e+06   1.89564e+03   1.31673e+01  -7.61465e-04
   2  tau          6.44000e+01   constant   
   3  A0           3.53075e-01   7.27336e-04   6.28056e-06  -3.54978e+02
   4  phi          4.11626e+00   2.29868e-03   1.83757e-05   1.36685e+03
   5  R           -5.94062e+01   constant   
   6  A_CBO        2.17286e-03     fixed    
   7  w_CBO        2.32591e+00     fixed    
   8  phi_CBO      4.76120e+00     fixed    
   9  ANx2         6.75162e-04   constant   
  10  pNx2         4.60725e+00   constant   
  11  ANy1         0.00000e+00   constant   
  12  pNy1         0.00000e+00   constant   
  13  w_y          0.00000e+00   constant   
  14  ANy2         8.91794e-03     fixed    
  15  pNy2         4.50125e+00   constant   
  16  w_vw         1.43005e+01   constant   
  17  LM          -1.01507e-04   constant   
  18  wCBO_expCoeff   2.00032e+02   1.34281e+00   1.88901e-03   3.46215e+01
  19  wCBO_expOffset   1.99990e+02   2.00424e-01   2.82944e-04   2.30866e+02
  20  wCBO_expT    2.99976e+01   1.16860e-02   3.53449e-05   9.43339e+02
  21  wCBO_linCoeff   0.00000e+00   constant   
  22  wCBO_const  -3.75833e-03   4.59402e-03   4.47804e-06   2.23946e+03
 MIGRAD MINIMIZATION HAS CONVERGED.
 MIGRAD WILL VERIFY CONVERGENCE AND ERROR MATRIX.
 COVARIANCE MATRIX CALCULATED SUCCESSFULLY
 FCN=535.816 FROM MIGRAD    STATUS=CONVERGED     369 CALLS         370 TOTAL
                     EDM=4.98276e-07    STRATEGY= 1      ERROR MATRIX ACCURATE 
  EXT PARAMETER                                   STEP         FIRST   
  NO.   NAME      VALUE            ERROR          SIZE      DERIVATIVE 
   1  N0           2.87225e+06   1.18626e+03   1.31300e+01   2.36931e-07
   2  tau          6.44000e+01   constant   
   3  A0           3.53132e-01   5.54070e-04   6.26247e-06   6.47066e-01
   4  phi          4.11453e+00   1.62388e-03   1.83257e-05  -8.86583e-02
   5  R           -5.94062e+01   constant   
   6  A_CBO        2.17286e-03     fixed    
   7  w_CBO        2.32591e+00     fixed    
   8  phi_CBO      4.76120e+00     fixed    
   9  ANx2         6.75162e-04   constant   
  10  pNx2         4.60725e+00   constant   
  11  ANy1         0.00000e+00   constant   
  12  pNy1         0.00000e+00   constant   
  13  w_y          0.00000e+00   constant   
  14  ANy2         8.91794e-03     fixed    
  15  pNy2         4.50125e+00   constant   
  16  w_vw         1.43005e+01   constant   
  17  LM          -1.01507e-04   constant   
  18  wCBO_expCoeff   1.99842e+02   9.81073e-01   4.91547e-04   1.86263e-02
  19  wCBO_expOffset   1.99962e+02   1.44502e-01   9.53494e-05   1.23847e-01
  20  wCBO_expT    3.00094e+01   2.10377e-02   1.72182e-05   5.24360e-01
  21  wCBO_linCoeff   0.00000e+00   constant   
  22  wCBO_const  -3.93951e-03   7.71173e-04   3.97071e-06   1.08775e+00
 EXTERNAL ERROR MATRIX.    NDIM=  25    NPAR=  7    ERR DEF=1
  1.407e+06  6.144e-03  3.502e-02  5.860e+00  6.291e-01 -4.360e-01  1.845e-03 
  6.144e-03  3.070e-07 -7.871e-09 -6.600e-06 -6.703e-07  4.291e-07 -9.215e-09 
  3.502e-02 -7.871e-09  2.637e-06  1.901e-05  2.048e-06 -1.449e-06  6.002e-08 
  5.860e+00 -6.600e-06  1.901e-05  9.625e-01 -1.192e-01 -6.443e-03  1.753e-04 
  6.291e-01 -6.703e-07  2.048e-06 -1.192e-01  2.088e-02 -7.562e-04  2.028e-05 
 -4.360e-01  4.291e-07 -1.449e-06 -6.443e-03 -7.562e-04  4.426e-04 -1.271e-05 
  1.845e-03 -9.215e-09  6.002e-08  1.753e-04  2.028e-05 -1.271e-05  5.947e-07 
 PARAMETER  CORRELATION COEFFICIENTS  
       NO.  GLOBAL      1      3      4     18     19     20     22
        1  0.05267   1.000  0.009  0.018  0.005  0.004 -0.017  0.002
        3  0.04294   0.009  1.000 -0.009 -0.012 -0.008  0.037 -0.022
        4  0.07027   0.018 -0.009  1.000  0.012  0.009 -0.042  0.048
       18  0.99902   0.005 -0.012  0.012  1.000 -0.841 -0.312  0.232
       19  0.99898   0.004 -0.008  0.009 -0.841  1.000 -0.249  0.182
       20  0.99738  -0.017  0.037 -0.042 -0.312 -0.249  1.000 -0.783
       22  0.89041   0.002 -0.022  0.048  0.232  0.182 -0.783  1.000
MINUIT - FIT ONLY 1-CBO + other amplitudes 
 **********
 **   16 **RES 
 **********
                   PARAMETER   14  ANy2 RESTORED TO VARIABLE.
                   PARAMETER    8  phi_CBO RESTORED TO VARIABLE.
                   PARAMETER    7  w_CBO RESTORED TO VARIABLE.
                   PARAMETER    6  A_CBO RESTORED TO VARIABLE.
 **********
 **   17 **FIX            0
 **********
 PARAMETER    0  IS UNDEFINED. IGNORED.
 **********
 **   18 **FIX            1
 **********
 **********
 **   19 **FIX            2
 **********
 PARAMETER    2  IS CONSTANT.   IGNORED.
 **********
 **   20 **FIX            3
 **********
 **********
 **   21 **FIX            4
 **********
 **********
 **   22 **FIX            9
 **********
 PARAMETER    9  IS CONSTANT.   IGNORED.
 **********
 **   23 **FIX           11
 **********
 PARAMETER   11  IS CONSTANT.   IGNORED.
 **********
 **   24 **FIX           12
 **********
 PARAMETER   12  IS CONSTANT.   IGNORED.
 **********
 **   25 **FIX           14
 **********
 **********
 **   26 **FIX           15
 **********
 PARAMETER   15  IS CONSTANT.   IGNORED.
 **********
 **   27 **FIX           16
 **********
 PARAMETER   16  IS CONSTANT.   IGNORED.
 **********
 **   28 **MIGRAD
 **********
 START MIGRAD MINIMIZATION.  STRATEGY  1.  CONVERGENCE WHEN EDM .LT. 1.00e-04
 FCN=535.816 FROM MIGRAD    STATUS=INITIATE       20 CALLS         390 TOTAL
                     EDM= unknown      STRATEGY= 1      NO ERROR MATRIX       
  EXT PARAMETER               CURRENT GUESS       STEP         FIRST   
  NO.   NAME      VALUE            ERROR          SIZE      DERIVATIVE 
   1  N0           2.87225e+06     fixed    
   2  tau          6.44000e+01   constant   
   3  A0           3.53132e-01     fixed    
   4  phi          4.11453e+00     fixed    
   5  R           -5.94062e+01   constant   
   6  A_CBO        2.17286e-03   1.00000e-05   1.00000e-05   9.47586e+03
   7  w_CBO        2.32591e+00   1.00000e-03   1.00000e-03   2.06588e+00
   8  phi_CBO      4.76120e+00   1.00000e-04   1.00000e-04  -1.35216e+00
   9  ANx2         6.75162e-04   constant   
  10  pNx2         4.60725e+00   constant   
  11  ANy1         0.00000e+00   constant   
  12  pNy1         0.00000e+00   constant   
  13  w_y          0.00000e+00   constant   
  14  ANy2         8.91794e-03     fixed    
  15  pNy2         4.50125e+00   constant   
  16  w_vw         1.43005e+01   constant   
  17  LM          -1.01507e-04   constant   
  18  wCBO_expCoeff   1.99842e+02   9.81073e-01   4.91547e-04   1.85523e-02
  19  wCBO_expOffset   1.99962e+02   1.44502e-01   9.53494e-05   1.23209e-01
  20  wCBO_expT    3.00094e+01   2.10377e-02   1.72182e-05   5.23639e-01
  21  wCBO_linCoeff   0.00000e+00   constant   
  22  wCBO_const  -3.93951e-03   7.71173e-04   3.97071e-06   1.09508e+00
 MIGRAD MINIMIZATION HAS CONVERGED.
 MIGRAD WILL VERIFY CONVERGENCE AND ERROR MATRIX.
 COVARIANCE MATRIX CALCULATED SUCCESSFULLY
 FCN=528.06 FROM MIGRAD    STATUS=CONVERGED     201 CALLS         571 TOTAL
                     EDM=2.12738e-06    STRATEGY= 1      ERROR MATRIX ACCURATE 
  EXT PARAMETER                                   STEP         FIRST   
  NO.   NAME      VALUE            ERROR          SIZE      DERIVATIVE 
   1  N0           2.87225e+06     fixed    
   2  tau          6.44000e+01   constant   
   3  A0           3.53132e-01     fixed    
   4  phi          4.11453e+00     fixed    
   5  R           -5.94062e+01   constant   
   6  A_CBO        5.66129e-04   5.88009e-04   6.48715e-06   1.66642e+00
   7  w_CBO        2.32531e+00   3.76756e-02   3.71532e-06   1.20800e+00
   8  phi_CBO      5.10241e+00   1.10073e+00   1.17770e-02  -2.77365e-04
   9  ANx2         6.75162e-04   constant   
  10  pNx2         4.60725e+00   constant   
  11  ANy1         0.00000e+00   constant   
  12  pNy1         0.00000e+00   constant   
  13  w_y          0.00000e+00   constant   
  14  ANy2         8.91794e-03     fixed    
  15  pNy2         4.50125e+00   constant   
  16  w_vw         1.43005e+01   constant   
  17  LM          -1.01507e-04   constant   
  18  wCBO_expCoeff   1.99716e+02   2.40687e+00   4.68825e-04   1.97658e-02
  19  wCBO_expOffset   1.99943e+02   3.01067e-01   9.53404e-05   1.31435e-01
  20  wCBO_expT    3.00203e+01   2.43552e-02   1.64242e-05   5.09627e-01
  21  wCBO_linCoeff   0.00000e+00   constant   
  22  wCBO_const  -3.80976e-03   1.60632e-02   4.01919e-06  -1.14292e+00
 EXTERNAL ERROR MATRIX.    NDIM=  25    NPAR=  7    ERR DEF=1
  3.458e-07  7.859e-07 -1.601e-05 -9.406e-07  4.357e-07 -2.597e-06 -2.725e-07 
  7.859e-07  1.419e-03 -1.597e-03 -6.904e-02 -7.266e-03 -1.699e-04 -6.044e-04 
 -1.601e-05 -1.597e-03  1.212e+00  1.506e-02  3.103e-03  3.437e-03  7.638e-04 
 -9.406e-07 -6.904e-02  1.506e-02  5.793e+00  2.242e-02 -5.683e-04  2.962e-02 
  4.357e-07 -7.266e-03  3.103e-03  2.242e-02  9.064e-02 -5.870e-05  3.117e-03 
 -2.597e-06 -1.699e-04  3.437e-03 -5.683e-04 -5.870e-05  5.932e-04  5.695e-05 
 -2.725e-07 -6.044e-04  7.638e-04  2.962e-02  3.117e-03  5.695e-05  2.580e-04 
 PARAMETER  CORRELATION COEFFICIENTS  
       NO.  GLOBAL      6      7      8     18     19     20     22
        6  0.18624   1.000  0.035 -0.025 -0.001  0.002 -0.181 -0.029
        7  0.99996   0.035  1.000 -0.038 -0.761 -0.641 -0.185 -0.999
        8  0.32624  -0.025 -0.038  1.000  0.006  0.009  0.128  0.043
       18  0.99985  -0.001 -0.761  0.006  1.000  0.031 -0.010  0.766
       19  0.99978   0.002 -0.641  0.009  0.031  1.000 -0.008  0.645
       20  0.99819  -0.181 -0.185  0.128 -0.010 -0.008  1.000  0.146
       22  0.99975  -0.029 -0.999  0.043  0.766  0.645  0.146  1.000
MINUIT - FIT ONLY 1-CBO
 **********
 **   29 **RES 
 **********
                   PARAMETER   14  ANy2 RESTORED TO VARIABLE.
                   PARAMETER    4  phi RESTORED TO VARIABLE.
                   PARAMETER    3  A0 RESTORED TO VARIABLE.
                   PARAMETER    1  N0 RESTORED TO VARIABLE.
 **********
 **   30 **FIX            0
 **********
 PARAMETER    0  IS UNDEFINED. IGNORED.
 **********
 **   31 **FIX            1
 **********
 **********
 **   32 **FIX            2
 **********
 PARAMETER    2  IS CONSTANT.   IGNORED.
 **********
 **   33 **FIX            3
 **********
 **********
 **   34 **FIX            4
 **********
 **********
 **   35 **FIX            8
 **********
 **********
 **   36 **FIX            9
 **********
 PARAMETER    9  IS CONSTANT.   IGNORED.
 **********
 **   37 **FIX           11
 **********
 PARAMETER   11  IS CONSTANT.   IGNORED.
 **********
 **   38 **FIX           12
 **********
 PARAMETER   12  IS CONSTANT.   IGNORED.
 **********
 **   39 **FIX           13
 **********
 PARAMETER   13  IS CONSTANT.   IGNORED.
 **********
 **   40 **FIX           15
 **********
 PARAMETER   15  IS CONSTANT.   IGNORED.
 **********
 **   41 **FIX           16
 **********
 PARAMETER   16  IS CONSTANT.   IGNORED.
 **********
 **   42 **MIGRAD
 **********
 START MIGRAD MINIMIZATION.  STRATEGY  1.  CONVERGENCE WHEN EDM .LT. 1.00e-04
 FCN=528.06 FROM MIGRAD    STATUS=INITIATE       16 CALLS         587 TOTAL
                     EDM= unknown      STRATEGY= 1      NO ERROR MATRIX       
  EXT PARAMETER               CURRENT GUESS       STEP         FIRST   
  NO.   NAME      VALUE            ERROR          SIZE      DERIVATIVE 
   1  N0           2.87225e+06     fixed    
   2  tau          6.44000e+01   constant   
   3  A0           3.53132e-01     fixed    
   4  phi          4.11453e+00     fixed    
   5  R           -5.94062e+01   constant   
   6  A_CBO        5.66129e-04   5.88009e-04   6.48715e-06   1.66642e+00
   7  w_CBO        2.32531e+00   3.76756e-02   3.71532e-06   1.20781e+00
   8  phi_CBO      5.10241e+00     fixed    
   9  ANx2         6.75162e-04   constant   
  10  pNx2         4.60725e+00   constant   
  11  ANy1         0.00000e+00   constant   
  12  pNy1         0.00000e+00   constant   
  13  w_y          0.00000e+00   constant   
  14  ANy2         8.91794e-03   1.00000e-04   1.00000e-04   5.25069e+04
  15  pNy2         4.50125e+00   constant   
  16  w_vw         1.43005e+01   constant   
  17  LM          -1.01507e-04   constant   
  18  wCBO_expCoeff   1.99716e+02   2.40687e+00   4.68825e-04   1.97440e-02
  19  wCBO_expOffset   1.99943e+02   3.01067e-01   9.53404e-05   1.31234e-01
  20  wCBO_expT    3.00203e+01   2.43552e-02   1.64242e-05   5.09297e-01
  21  wCBO_linCoeff   0.00000e+00   constant   
  22  wCBO_const  -3.80976e-03   1.60632e-02   4.01919e-06  -1.13884e+00
 MIGRAD MINIMIZATION HAS CONVERGED.
 MIGRAD WILL VERIFY CONVERGENCE AND ERROR MATRIX.
 FCN=292.099 FROM MIGRAD    STATUS=CONVERGED     231 CALLS         802 TOTAL
                     EDM=6.57872e-06    STRATEGY= 1      ERR MATRIX NOT POS-DEF
  EXT PARAMETER                APPROXIMATE        STEP         FIRST   
  NO.   NAME      VALUE            ERROR          SIZE      DERIVATIVE 
   1  N0           2.87225e+06     fixed    
   2  tau          6.44000e+01   constant   
   3  A0           3.53132e-01     fixed    
   4  phi          4.11453e+00     fixed    
   5  R           -5.94062e+01   constant   
   6  A_CBO        5.29252e-05   5.81679e-04   4.85044e-06  -9.54549e-02
   7  w_CBO        2.32579e+00   6.33922e-03   4.90777e-06   2.61931e+00
   8  phi_CBO      5.10241e+00     fixed    
   9  ANx2         6.75162e-04   constant   
  10  pNx2         4.60725e+00   constant   
  11  ANy1         0.00000e+00   constant   
  12  pNy1         0.00000e+00   constant   
  13  w_y          0.00000e+00   constant   
  14  ANy2        -1.05487e-04   5.88498e-04   4.87755e-06  -1.06524e+00
  15  pNy2         4.50125e+00   constant   
  16  w_vw         1.43005e+01   constant   
  17  LM          -1.01507e-04   constant   
  18  wCBO_expCoeff   1.99818e+02   9.08305e-01   6.44424e-04   3.97984e-03
  19  wCBO_expOffset   1.99959e+02   1.36420e-01   9.67815e-05   2.66440e-02
  20  wCBO_expT    3.00094e+01   2.29580e-02   2.25528e-05   2.58193e-01
  21  wCBO_linCoeff   0.00000e+00   constant   
  22  wCBO_const  -3.99468e-03   2.74388e-03   4.49745e-06   5.31839e+00
 EXTERNAL ERROR MATRIX.    NDIM=  25    NPAR=  7    ERR DEF=1
  3.384e-07  4.658e-08  2.056e-08  1.046e-05  1.571e-06 -9.139e-07  1.361e-08 
  4.658e-08  4.019e-05 -5.103e-09 -1.437e-03 -2.159e-04 -2.145e-05 -1.673e-05 
  2.056e-08 -5.103e-09  3.463e-07 -3.374e-06 -5.065e-07  4.568e-07  8.319e-09 
  1.046e-05 -1.437e-03 -3.374e-06  8.250e-01 -7.946e-02 -6.208e-03  6.920e-04 
  1.571e-06 -2.159e-04 -5.065e-07 -7.946e-02  1.861e-02 -9.322e-04  1.040e-04 
 -9.139e-07 -2.145e-05  4.568e-07 -6.208e-03 -9.322e-04  5.271e-04  6.768e-07 
  1.361e-08 -1.673e-05  8.319e-09  6.920e-04  1.040e-04  6.768e-07  7.529e-06 
ERR MATRIX NOT POS-DEF
 PARAMETER  CORRELATION COEFFICIENTS  
       NO.  GLOBAL      6      7     14     18     19     20     22
        6  0.10830   1.000  0.013  0.060  0.020  0.020 -0.068  0.009
        7  0.99571   0.013  1.000 -0.001 -0.250 -0.250 -0.147 -0.962
       14  0.15540   0.060 -0.001  1.000 -0.006 -0.006  0.034  0.005
       18  0.99638   0.020 -0.250 -0.006  1.000 -0.641 -0.298  0.278
       19  0.99638   0.020 -0.250 -0.006 -0.641  1.000 -0.298  0.278
       20  0.99308  -0.068 -0.147  0.034 -0.298 -0.298  1.000  0.011
       22  0.98075   0.009 -0.962  0.005  0.278  0.278  0.011  1.000
 ERR MATRIX NOT POS-DEF
MINUIT - FIT ONLY 2-CBO
 **********
 **   43 **RES 
 **********
                   PARAMETER    8  phi_CBO RESTORED TO VARIABLE.
                   PARAMETER    4  phi RESTORED TO VARIABLE.
                   PARAMETER    3  A0 RESTORED TO VARIABLE.
                   PARAMETER    1  N0 RESTORED TO VARIABLE.
 **********
 **   44 **FIX            0
 **********
 PARAMETER    0  IS UNDEFINED. IGNORED.
 **********
 **   45 **FIX            1
 **********
 **********
 **   46 **FIX            2
 **********
 PARAMETER    2  IS CONSTANT.   IGNORED.
 **********
 **   47 **FIX            3
 **********
 **********
 **   48 **FIX            4
 **********
 **********
 **   49 **FIX            5
 **********
 PARAMETER    5  IS CONSTANT.   IGNORED.
 **********
 **   50 **FIX            6
 **********
 **********
 **   51 **FIX            7
 **********
 **********
 **   52 **FIX           10
 **********
 PARAMETER   10  IS CONSTANT.   IGNORED.
 **********
 **   53 **FIX           11
 **********
 PARAMETER   11  IS CONSTANT.   IGNORED.
 **********
 **   54 **FIX           12
 **********
 PARAMETER   12  IS CONSTANT.   IGNORED.
 **********
 **   55 **FIX           13
 **********
 PARAMETER   13  IS CONSTANT.   IGNORED.
 **********
 **   56 **FIX           14
 **********
 **********
 **   57 **FIX           15
 **********
 PARAMETER   15  IS CONSTANT.   IGNORED.
 **********
 **   58 **FIX           16
 **********
 PARAMETER   16  IS CONSTANT.   IGNORED.
 **********
 **   59 **MIGRAD
 **********
 START MIGRAD MINIMIZATION.  STRATEGY  1.  CONVERGENCE WHEN EDM .LT. 1.00e-04
 FCN=292.099 FROM MIGRAD    STATUS=INITIATE       12 CALLS         814 TOTAL
                     EDM= unknown      STRATEGY= 1      NO ERROR MATRIX       
  EXT PARAMETER               CURRENT GUESS       STEP         FIRST   
  NO.   NAME      VALUE            ERROR          SIZE      DERIVATIVE 
   1  N0           2.87225e+06     fixed    
   2  tau          6.44000e+01   constant   
   3  A0           3.53132e-01     fixed    
   4  phi          4.11453e+00     fixed    
   5  R           -5.94062e+01   constant   
   6  A_CBO        5.29252e-05     fixed    
   7  w_CBO        2.32579e+00     fixed    
   8  phi_CBO      5.10241e+00   1.10073e+00   1.10073e+00   2.73702e-02
   9  ANx2         6.75162e-04   constant   
  10  pNx2         4.60725e+00   constant   
  11  ANy1         0.00000e+00   constant   
  12  pNy1         0.00000e+00   constant   
  13  w_y          0.00000e+00   constant   
  14  ANy2        -1.05487e-04     fixed    
  15  pNy2         4.50125e+00   constant   
  16  w_vw         1.43005e+01   constant   
  17  LM          -1.01507e-04   constant   
  18  wCBO_expCoeff   1.99818e+02   9.08305e-01   6.44424e-04   4.08312e-03
  19  wCBO_expOffset   1.99959e+02   1.36420e-01   9.67815e-05   2.71897e-02
  20  wCBO_expT    3.00094e+01   2.29580e-02   2.25528e-05   2.59310e-01
  21  wCBO_linCoeff   0.00000e+00   constant   
  22  wCBO_const  -3.99468e-03   2.74388e-03   4.49745e-06   5.31970e+00
 MIGRAD MINIMIZATION HAS CONVERGED.
 MIGRAD WILL VERIFY CONVERGENCE AND ERROR MATRIX.
 FCN=292.083 FROM MIGRAD    STATUS=CONVERGED      81 CALLS         883 TOTAL
                     EDM=9.38904e-06    STRATEGY= 1      ERR MATRIX NOT POS-DEF
  EXT PARAMETER                APPROXIMATE        STEP         FIRST   
  NO.   NAME      VALUE            ERROR          SIZE      DERIVATIVE 
   1  N0           2.87225e+06     fixed    
   2  tau          6.44000e+01   constant   
   3  A0           3.53132e-01     fixed    
   4  phi          4.11453e+00     fixed    
   5  R           -5.94062e+01   constant   
   6  A_CBO        5.29252e-05     fixed    
   7  w_CBO        2.32579e+00     fixed    
   8  phi_CBO      4.04712e+00   7.82820e+00   6.55559e-02   3.48140e-04
   9  ANx2         6.75162e-04   constant   
  10  pNx2         4.60725e+00   constant   
  11  ANy1         0.00000e+00   constant   
  12  pNy1         0.00000e+00   constant   
  13  w_y          0.00000e+00   constant   
  14  ANy2        -1.05487e-04     fixed    
  15  pNy2         4.50125e+00   constant   
  16  w_vw         1.43005e+01   constant   
  17  LM          -1.01507e-04   constant   
  18  wCBO_expCoeff   1.99818e+02   9.83970e-01   6.43937e-04   4.12165e-03
  19  wCBO_expOffset   1.99959e+02   1.47776e-01   9.67089e-05   2.75863e-02
  20  wCBO_expT    3.00095e+01   2.39260e-02   2.25494e-05   2.68488e-01
  21  wCBO_linCoeff   0.00000e+00   constant   
  22  wCBO_const  -4.00779e-03   7.63795e-04   4.50912e-06   9.36782e-01
 EXTERNAL ERROR MATRIX.    NDIM=  25    NPAR=  5    ERR DEF=1
  6.128e+01  3.569e-02  5.354e-03 -5.533e-03  6.148e-04 
  3.569e-02  9.682e-01 -1.134e-01 -7.732e-03  1.057e-04 
  5.354e-03 -1.134e-01  2.184e-02 -1.161e-03  1.587e-05 
 -5.533e-03 -7.732e-03 -1.161e-03  5.725e-04 -9.161e-06 
  6.148e-04  1.057e-04  1.587e-05 -9.161e-06  5.834e-07 
ERR MATRIX NOT POS-DEF
 PARAMETER  CORRELATION COEFFICIENTS  
       NO.  GLOBAL      8     18     19     20     22
        8  0.12050   1.000  0.005  0.005 -0.030  0.103
       18  0.99696   0.005  1.000 -0.780 -0.328  0.141
       19  0.99696   0.005 -0.780  1.000 -0.328  0.141
       20  0.99368  -0.030 -0.328 -0.328  1.000 -0.501
       22  0.70985   0.103  0.141  0.141 -0.501  1.000
 ERR MATRIX NOT POS-DEF
MINUIT - FIT ONLY 1-y
 **********
 **   60 **RES 
 **********
                   PARAMETER   14  ANy2 RESTORED TO VARIABLE.
                   PARAMETER    7  w_CBO RESTORED TO VARIABLE.
                   PARAMETER    6  A_CBO RESTORED TO VARIABLE.
                   PARAMETER    4  phi RESTORED TO VARIABLE.
                   PARAMETER    3  A0 RESTORED TO VARIABLE.
                   PARAMETER    1  N0 RESTORED TO VARIABLE.
 **********
 **   61 **FIX            0
 **********
 PARAMETER    0  IS UNDEFINED. IGNORED.
 **********
 **   62 **FIX            1
 **********
 **********
 **   63 **FIX            2
 **********
 PARAMETER    2  IS CONSTANT.   IGNORED.
 **********
 **   64 **FIX            3
 **********
 **********
 **   65 **FIX            4
 **********
 **********
 **   66 **FIX            5
 **********
 PARAMETER    5  IS CONSTANT.   IGNORED.
 **********
 **   67 **FIX            6
 **********
 **********
 **   68 **FIX            7
 **********
 **********
 **   69 **FIX            8
 **********
 **********
 **   70 **FIX            9
 **********
 PARAMETER    9  IS CONSTANT.   IGNORED.
 **********
 **   71 **FIX           13
 **********
 PARAMETER   13  IS CONSTANT.   IGNORED.
 **********
 **   72 **FIX           14
 **********
 **********
 **   73 **FIX           15
 **********
 PARAMETER   15  IS CONSTANT.   IGNORED.
 **********
 **   74 **FIX           16
 **********
 PARAMETER   16  IS CONSTANT.   IGNORED.
 **********
 **   75 **MIGRAD
 **********
 START MIGRAD MINIMIZATION.  STRATEGY  1.  CONVERGENCE WHEN EDM .LT. 1.00e-04
 FCN=292.083 FROM MIGRAD    STATUS=INITIATE        8 CALLS         891 TOTAL
                     EDM= unknown      STRATEGY= 1      NO ERROR MATRIX       
  EXT PARAMETER               CURRENT GUESS       STEP         FIRST   
  NO.   NAME      VALUE            ERROR          SIZE      DERIVATIVE 
   1  N0           2.87225e+06     fixed    
   2  tau          6.44000e+01   constant   
   3  A0           3.53132e-01     fixed    
   4  phi          4.11453e+00     fixed    
   5  R           -5.94062e+01   constant   
   6  A_CBO        5.29252e-05     fixed    
   7  w_CBO        2.32579e+00     fixed    
   8  phi_CBO      4.04712e+00     fixed    
   9  ANx2         6.75162e-04   constant   
  10  pNx2         4.60725e+00   constant   
  11  ANy1         0.00000e+00   constant   
  12  pNy1         0.00000e+00   constant   
  13  w_y          0.00000e+00   constant   
  14  ANy2        -1.05487e-04     fixed    
  15  pNy2         4.50125e+00   constant   
  16  w_vw         1.43005e+01   constant   
  17  LM          -1.01507e-04   constant   
  18  wCBO_expCoeff   1.99818e+02   9.83970e-01   6.43937e-04   4.22201e-03
  19  wCBO_expOffset   1.99959e+02   1.47776e-01   9.67089e-05   2.81146e-02
  20  wCBO_expT    3.00095e+01   2.39260e-02   2.25494e-05   2.69595e-01
  21  wCBO_linCoeff   0.00000e+00   constant   
  22  wCBO_const  -4.00779e-03   7.63795e-04   4.50912e-06   9.38804e-01
 MIGRAD MINIMIZATION HAS CONVERGED.
 MIGRAD WILL VERIFY CONVERGENCE AND ERROR MATRIX.
 FCN=292.083 FROM MIGRAD    STATUS=CONVERGED      41 CALLS         924 TOTAL
                     EDM=5.73897e-06    STRATEGY= 1      ERR MATRIX NOT POS-DEF
  EXT PARAMETER                APPROXIMATE        STEP         FIRST   
  NO.   NAME      VALUE            ERROR          SIZE      DERIVATIVE 
   1  N0           2.87225e+06     fixed    
   2  tau          6.44000e+01   constant   
   3  A0           3.53132e-01     fixed    
   4  phi          4.11453e+00     fixed    
   5  R           -5.94062e+01   constant   
   6  A_CBO        5.29252e-05     fixed    
   7  w_CBO        2.32579e+00     fixed    
   8  phi_CBO      4.04712e+00     fixed    
   9  ANx2         6.75162e-04   constant   
  10  pNx2         4.60725e+00   constant   
  11  ANy1         0.00000e+00   constant   
  12  pNy1         0.00000e+00   constant   
  13  w_y          0.00000e+00   constant   
  14  ANy2        -1.05487e-04     fixed    
  15  pNy2         4.50125e+00   constant   
  16  w_vw         1.43005e+01   constant   
  17  LM          -1.01507e-04   constant   
  18  wCBO_expCoeff   1.99818e+02   9.84278e-01   6.43144e-04  -3.05124e-03
  19  wCBO_expOffset   1.99959e+02   1.47823e-01   9.65898e-05  -2.01742e-02
  20  wCBO_expT    3.00095e+01   2.39211e-02   2.25293e-05   6.06003e-02
  21  wCBO_linCoeff   0.00000e+00   constant   
  22  wCBO_const  -4.00784e-03   7.59783e-04   4.51114e-06   1.15337e-01
 EXTERNAL ERROR MATRIX.    NDIM=  25    NPAR=  4    ERR DEF=1
  9.688e-01 -1.135e-01 -7.732e-03  1.054e-04 
 -1.135e-01  2.185e-02 -1.161e-03  1.582e-05 
 -7.732e-03 -1.161e-03  5.722e-04 -9.109e-06 
  1.054e-04  1.582e-05 -9.109e-06  5.773e-07 
ERR MATRIX NOT POS-DEF
 PARAMETER  CORRELATION COEFFICIENTS  
       NO.  GLOBAL     18     19     20     22
       18  0.99696   1.000 -0.780 -0.328  0.141
       19  0.99696  -0.780  1.000 -0.328  0.141
       20  0.99367  -0.328 -0.328  1.000 -0.501
       22  0.70614   0.141  0.141 -0.501  1.000
 ERR MATRIX NOT POS-DEF
MINUIT - FIT ONLY 2-y
 **********
 **   76 **RES 
 **********
                   PARAMETER   14  ANy2 RESTORED TO VARIABLE.
                   PARAMETER    8  phi_CBO RESTORED TO VARIABLE.
                   PARAMETER    7  w_CBO RESTORED TO VARIABLE.
                   PARAMETER    6  A_CBO RESTORED TO VARIABLE.
                   PARAMETER    4  phi RESTORED TO VARIABLE.
                   PARAMETER    3  A0 RESTORED TO VARIABLE.
                   PARAMETER    1  N0 RESTORED TO VARIABLE.
 **********
 **   77 **FIX            0
 **********
 PARAMETER    0  IS UNDEFINED. IGNORED.
 **********
 **   78 **FIX            1
 **********
 **********
 **   79 **FIX            2
 **********
 PARAMETER    2  IS CONSTANT.   IGNORED.
 **********
 **   80 **FIX            3
 **********
 **********
 **   81 **FIX            4
 **********
 **********
 **   82 **FIX            5
 **********
 PARAMETER    5  IS CONSTANT.   IGNORED.
 **********
 **   83 **FIX            6
 **********
 **********
 **   84 **FIX            7
 **********
 **********
 **   85 **FIX            8
 **********
 **********
 **   86 **FIX            9
 **********
 PARAMETER    9  IS CONSTANT.   IGNORED.
 **********
 **   87 **FIX           10
 **********
 PARAMETER   10  IS CONSTANT.   IGNORED.
 **********
 **   88 **FIX           11
 **********
 PARAMETER   11  IS CONSTANT.   IGNORED.
 **********
 **   89 **FIX           12
 **********
 PARAMETER   12  IS CONSTANT.   IGNORED.
 **********
 **   90 **FIX           16
 **********
 PARAMETER   16  IS CONSTANT.   IGNORED.
 **********
 **   91 **MIGRAD
 **********
 START MIGRAD MINIMIZATION.  STRATEGY  1.  CONVERGENCE WHEN EDM .LT. 1.00e-04
 FCN=292.083 FROM MIGRAD    STATUS=INITIATE       10 CALLS         934 TOTAL
                     EDM= unknown      STRATEGY= 1      NO ERROR MATRIX       
  EXT PARAMETER               CURRENT GUESS       STEP         FIRST   
  NO.   NAME      VALUE            ERROR          SIZE      DERIVATIVE 
   1  N0           2.87225e+06     fixed    
   2  tau          6.44000e+01   constant   
   3  A0           3.53132e-01     fixed    
   4  phi          4.11453e+00     fixed    
   5  R           -5.94062e+01   constant   
   6  A_CBO        5.29252e-05     fixed    
   7  w_CBO        2.32579e+00     fixed    
   8  phi_CBO      4.04712e+00     fixed    
   9  ANx2         6.75162e-04   constant   
  10  pNx2         4.60725e+00   constant   
  11  ANy1         0.00000e+00   constant   
  12  pNy1         0.00000e+00   constant   
  13  w_y          0.00000e+00   constant   
  14  ANy2        -1.05487e-04   5.88498e-04   5.88498e-04  -5.77242e-01
  15  pNy2         4.50125e+00   constant   
  16  w_vw         1.43005e+01   constant   
  17  LM          -1.01507e-04   constant   
  18  wCBO_expCoeff   1.99818e+02   9.84278e-01   6.43144e-04  -2.95070e-03
  19  wCBO_expOffset   1.99959e+02   1.47823e-01   9.65898e-05  -1.96449e-02
  20  wCBO_expT    3.00095e+01   2.39211e-02   2.25293e-05   6.17118e-02
  21  wCBO_linCoeff   0.00000e+00   constant   
  22  wCBO_const  -4.00784e-03   7.59783e-04   4.51114e-06   1.17365e-01
 MIGRAD MINIMIZATION HAS CONVERGED.
 MIGRAD WILL VERIFY CONVERGENCE AND ERROR MATRIX.
 FCN=292.083 FROM MIGRAD    STATUS=CONVERGED      57 CALLS         981 TOTAL
                     EDM=5.6678e-06    STRATEGY= 1      ERR MATRIX NOT POS-DEF
  EXT PARAMETER                APPROXIMATE        STEP         FIRST   
  NO.   NAME      VALUE            ERROR          SIZE      DERIVATIVE 
   1  N0           2.87225e+06     fixed    
   2  tau          6.44000e+01   constant   
   3  A0           3.53132e-01     fixed    
   4  phi          4.11453e+00     fixed    
   5  R           -5.94062e+01   constant   
   6  A_CBO        5.29252e-05     fixed    
   7  w_CBO        2.32579e+00     fixed    
   8  phi_CBO      4.04712e+00     fixed    
   9  ANx2         6.75162e-04   constant   
  10  pNx2         4.60725e+00   constant   
  11  ANy1         0.00000e+00   constant   
  12  pNy1         0.00000e+00   constant   
  13  w_y          0.00000e+00   constant   
  14  ANy2        -1.05329e-04   5.87558e-04   4.87742e-06   2.67095e-01
  15  pNy2         4.50125e+00   constant   
  16  w_vw         1.43005e+01   constant   
  17  LM          -1.01507e-04   constant   
  18  wCBO_expCoeff   1.99818e+02   9.80787e-01   6.43168e-04   1.28153e-03
  19  wCBO_expOffset   1.99959e+02   1.47298e-01   9.65933e-05   8.53872e-03
  20  wCBO_expT    3.00095e+01   2.39050e-02   2.25297e-05   1.79539e-01
  21  wCBO_linCoeff   0.00000e+00   constant   
  22  wCBO_const  -4.00787e-03   7.59531e-04   4.51114e-06   2.94895e-01
 EXTERNAL ERROR MATRIX.    NDIM=  25    NPAR=  5    ERR DEF=1
  3.452e-07 -5.227e-06 -7.846e-07  5.713e-07  3.295e-09 
 -5.227e-06  9.619e-01 -1.125e-01 -7.717e-03  1.050e-04 
 -7.846e-07 -1.125e-01  2.170e-02 -1.159e-03  1.576e-05 
  5.713e-07 -7.717e-03 -1.159e-03  5.714e-04 -9.077e-06 
  3.295e-09  1.050e-04  1.576e-05 -9.077e-06  5.769e-07 
ERR MATRIX NOT POS-DEF
 PARAMETER  CORRELATION COEFFICIENTS  
       NO.  GLOBAL     14     18     19     20     22
       14  0.14140   1.000 -0.009 -0.009  0.041  0.007
       18  0.99694  -0.009  1.000 -0.779 -0.329  0.141
       19  0.99694  -0.009 -0.779  1.000 -0.329  0.141
       20  0.99366   0.041 -0.329 -0.329  1.000 -0.500
       22  0.70591   0.007  0.141  0.141 -0.500  1.000
 ERR MATRIX NOT POS-DEF
MINUIT - FIT ALTOGETHER
 **********
 **   92 **RES 
 **********
                   PARAMETER    8  phi_CBO RESTORED TO VARIABLE.
                   PARAMETER    7  w_CBO RESTORED TO VARIABLE.
                   PARAMETER    6  A_CBO RESTORED TO VARIABLE.
                   PARAMETER    4  phi RESTORED TO VARIABLE.
                   PARAMETER    3  A0 RESTORED TO VARIABLE.
                   PARAMETER    1  N0 RESTORED TO VARIABLE.
 **********
 **   93 **MIGRAD
 **********
 START MIGRAD MINIMIZATION.  STRATEGY  1.  CONVERGENCE WHEN EDM .LT. 1.00e-04
 FCN=292.083 FROM MIGRAD    STATUS=INITIATE       22 CALLS        1003 TOTAL
                     EDM= unknown      STRATEGY= 1      NO ERROR MATRIX       
  EXT PARAMETER               CURRENT GUESS       STEP         FIRST   
  NO.   NAME      VALUE            ERROR          SIZE      DERIVATIVE 
   1  N0           2.87225e+06   1.18626e+03   1.18626e+03   3.52400e-05
   2  tau          6.44000e+01   constant   
