 + ++++++++++++++++++++++++++++++++++++++++++++++++++++++++++++++++++++ +
 +                                                                      +
 +           You have chose to blind your fitting according to          +
 +                omega_ref * (1 + (R +/- deltaR) *10^{-6})             +
 +                                                                      +
 + ++++++++++++++++++++++++++++++++++++++++++++++++++++++++++++++++++++ +
In main()...
reading format from /gm2data/zkhechad/run45/envelope/formats/formatB_sBin_constraintOn.txt
pBinTau 	= 0  
pBinPhi 	= 0  
constraintau 	= 1 
includeMopTerm 	= 0    
constrainMop    = 0   
Parameters after format file: pBinTau 0 pBinPhi 0 constraintau 1 includeMopTerm 0 constrainMop 0 c_e_scale 0.000000 
reading cbo reference file (full fit) from /gm2data/zkhechad/cboTemplates/Run4CBOTemplates/fullFits/run4/sBin_constraintOn_cE0.0_seed0_run4_calo4.root
A_CBO 0.009389 w_CBO 2.326001 phi_CBO 4.715725 N0 2871608.131177 R -59.406240 tau 64.400031 
Reading cboRef file /gm2data/zkhechad/cboTemplates/Run4CBOTemplates//cboIsolate/run4_calo4.root
deltaT 164.120000
windowBins = 1100
fitting sliding window 1900 from bin 2103 at 313.767600 to bin 3203 at 477.887600 (1100 bins)

Reading data from /gm2data/cornell/histograms/aMethod/histogram_a_run4.root
fitting cbo isolate
 **********
 **    1 **SET PRINTOUT            1
 **********
 **********
 **    2 **SET NOWARNINGS 
 **********
 PARAMETER DEFINITIONS:
    NO.   NAME         VALUE      STEP SIZE      LIMITS
     1 A_CBO        9.38904e-03  1.00000e-05     no limits
     2 w_CBO        2.32600e+00  1.00000e-02    2.00000e+00  3.00000e+00
     3 phi_CBO      4.71573e+00  1.00000e-02    0.00000e+00  6.28319e+00
 **********
 **    3 **MIGRAD
 **********
 FIRST CALL TO USER FUNCTION AT NEW START POINT, WITH IFLAG=4.
 START MIGRAD MINIMIZATION.  STRATEGY  1.  CONVERGENCE WHEN EDM .LT. 1.00e-04
 FCN=0.106904 FROM MIGRAD    STATUS=INITIATE       12 CALLS          13 TOTAL
                     EDM= unknown      STRATEGY= 1      NO ERROR MATRIX       
  EXT PARAMETER               CURRENT GUESS       STEP         FIRST   
  NO.   NAME      VALUE            ERROR          SIZE      DERIVATIVE 
   1  A_CBO        9.38904e-03   1.00000e-05   1.00000e-05   7.78466e+00
   2  w_CBO        2.32600e+00   1.00000e-02   2.13357e-02   3.90524e-01
   3  phi_CBO      4.71573e+00   1.00000e-02   3.67815e-03  -5.83388e-03
 MIGRAD MINIMIZATION HAS CONVERGED.
 MIGRAD WILL VERIFY CONVERGENCE AND ERROR MATRIX.
 COVARIANCE MATRIX CALCULATED SUCCESSFULLY
 FCN=0.0793902 FROM MIGRAD    STATUS=CONVERGED      49 CALLS          50 TOTAL
                     EDM=5.55116e-06    STRATEGY= 1      ERROR MATRIX ACCURATE 
  EXT PARAMETER                                   STEP         FIRST   
  NO.   NAME      VALUE            ERROR          SIZE      DERIVATIVE 
   1  A_CBO        2.31848e-03   4.26460e-02   2.16151e-05  -1.75762e-02
   2  w_CBO        2.32590e+00   3.29203e-01   4.89910e-05  -1.93300e-03
   3  phi_CBO      4.76089e+00   3.70862e+00   3.53053e-03  -3.23817e-05
 EXTERNAL ERROR MATRIX.    NDIM=  25    NPAR=  3    ERR DEF=1
  1.819e-03 -6.999e-04 -2.828e-01 
 -6.999e-04  1.332e-01  5.364e+01 
 -2.828e-01  5.364e+01  2.194e+04 
 PARAMETER  CORRELATION COEFFICIENTS  
       NO.  GLOBAL      1      2      3
        1  0.04498   1.000 -0.045 -0.045
        2  0.99230  -0.045  1.000  0.992
        3  0.99230  -0.045  0.992  1.000
setting A_CBO=0.002318 w_CBO=2.325904, phi_CBO=4.760890
done fitting cbo isolate
 **********
 **    1 **SET PRINTOUT            1
 **********
 **********
 **    2 **SET NOWARNINGS 
 **********
 PARAMETER DEFINITIONS:
    NO.   NAME         VALUE      STEP SIZE      LIMITS
     1 N0           2.87161e+06  1.00000e+02     no limits
     2 tau          6.44000e+01  constant
     3 A0           3.53296e-01  1.00000e-04     no limits
     4 phi          4.11727e+00  1.00000e-02     no limits
     5 R           -5.94062e+01  constant
     6 A_CBO        2.31848e-03  1.00000e-05     no limits
     7 w_CBO        2.32590e+00  1.00000e-03     no limits
     8 phi_CBO      4.76089e+00  1.00000e-04     no limits
     9 ANx2         6.75162e-04  constant
    10 pNx2         4.60725e+00  constant
    11 ANy1         0.00000e+00  constant
    12 pNy1         0.00000e+00  constant
    13 w_y          0.00000e+00  constant
    14 ANy2         8.91794e-03  1.00000e-04     no limits
    15 pNy2         4.50125e+00  constant
    16 w_vw         1.43005e+01  constant
    17 LM          -1.01507e-04  constant
    18 wCBO_expCoeff   2.00000e+02  1.00000e+00     no limits
    19 wCBO_expOffset   2.00000e+02  1.00000e+00     no limits
    20 wCBO_expT    3.00000e+01  1.00000e+00     no limits
    21 wCBO_linCoeff   0.00000e+00  constant
    22 wCBO_const   0.00000e+00  1.00000e-02     no limits
MINUIT - FIT ONLY WIGGLE
 **********
 **    3 **FIX            5
 **********
 PARAMETER    5  IS CONSTANT.   IGNORED.
 **********
 **    4 **FIX            6
 **********
 **********
 **    5 **FIX            7
 **********
 **********
 **    6 **FIX            8
 **********
 **********
 **    7 **FIX            9
 **********
 PARAMETER    9  IS CONSTANT.   IGNORED.
 **********
 **    8 **FIX           10
 **********
 PARAMETER   10  IS CONSTANT.   IGNORED.
 **********
 **    9 **FIX           11
 **********
 PARAMETER   11  IS CONSTANT.   IGNORED.
 **********
 **   10 **FIX           12
 **********
 PARAMETER   12  IS CONSTANT.   IGNORED.
 **********
 **   11 **FIX           13
 **********
 PARAMETER   13  IS CONSTANT.   IGNORED.
 **********
 **   12 **FIX           14
 **********
 **********
 **   13 **FIX           15
 **********
 PARAMETER   15  IS CONSTANT.   IGNORED.
 **********
 **   14 **FIX           16
 **********
 PARAMETER   16  IS CONSTANT.   IGNORED.
 **********
 **   15 **MIGRAD
 **********
 FIRST CALL TO USER FUNCTION AT NEW START POINT, WITH IFLAG=4.
 START MIGRAD MINIMIZATION.  STRATEGY  1.  CONVERGENCE WHEN EDM .LT. 1.00e-04
 FCN=575.833 FROM MIGRAD    STATUS=INITIATE       56 CALLS          57 TOTAL
                     EDM= unknown      STRATEGY= 1      NO ERROR MATRIX       
  EXT PARAMETER               CURRENT GUESS       STEP         FIRST   
  NO.   NAME      VALUE            ERROR          SIZE      DERIVATIVE 
   1  N0           2.87161e+06   1.00000e+02   0.00000e+00  -2.49094e-04
   2  tau          6.44000e+01   constant   
   3  A0           3.53296e-01   1.00000e-04   0.00000e+00   1.77454e+02
   4  phi          4.11727e+00   1.00000e-02   0.00000e+00   2.06844e+03
   5  R           -5.94062e+01   constant   
   6  A_CBO        2.31848e-03     fixed    
   7  w_CBO        2.32590e+00     fixed    
   8  phi_CBO      4.76089e+00     fixed    
   9  ANx2         6.75162e-04   constant   
  10  pNx2         4.60725e+00   constant   
  11  ANy1         0.00000e+00   constant   
  12  pNy1         0.00000e+00   constant   
  13  w_y          0.00000e+00   constant   
  14  ANy2         8.91794e-03     fixed    
  15  pNy2         4.50125e+00   constant   
  16  w_vw         1.43005e+01   constant   
  17  LM          -1.01507e-04   constant   
  18  wCBO_expCoeff   2.00100e+02   1.00000e+00   9.99579e-02   1.80143e+00
  19  wCBO_expOffset   2.00000e+02   1.00000e+00   0.00000e+00   1.20145e+01
  20  wCBO_expT    3.00000e+01   1.00000e+00   0.00000e+00   6.76053e+01
  21  wCBO_linCoeff   0.00000e+00   constant   
  22  wCBO_const   0.00000e+00   1.00000e-02   0.00000e+00   5.10940e+02
 MIGRAD MINIMIZATION HAS CONVERGED.
 FCN=572.417 FROM MIGRAD    STATUS=CONVERGED     209 CALLS         210 TOTAL
                     EDM=2.47735e-08    STRATEGY= 1  ERROR MATRIX UNCERTAINTY   1.0 per cent
  EXT PARAMETER                                   STEP         FIRST   
  NO.   NAME      VALUE            ERROR          SIZE      DERIVATIVE 
   1  N0           2.87176e+06   1.13512e+03  -7.54978e-01  -1.38186e-07
   2  tau          6.44000e+01   constant   
   3  A0           3.53292e-01   5.25977e-04   2.56378e-07   3.44210e-01
   4  phi          4.11480e+00   1.58491e-03   7.29501e-08   1.45200e-02
   5  R           -5.94062e+01   constant   
   6  A_CBO        2.31848e-03     fixed    
   7  w_CBO        2.32590e+00     fixed    
   8  phi_CBO      4.76089e+00     fixed    
   9  ANx2         6.75162e-04   constant   
  10  pNx2         4.60725e+00   constant   
  11  ANy1         0.00000e+00   constant   
  12  pNy1         0.00000e+00   constant   
  13  w_y          0.00000e+00   constant   
  14  ANy2         8.91794e-03     fixed    
  15  pNy2         4.50125e+00   constant   
  16  w_vw         1.43005e+01   constant   
  17  LM          -1.01507e-04   constant   
  18  wCBO_expCoeff   1.99977e+02   3.20110e-01  -7.03156e-05  -2.85529e-03
  19  wCBO_expOffset   1.99982e+02   4.79455e-02  -1.05173e-05  -1.96776e-02
  20  wCBO_expT    3.00115e+01   2.54593e-02   1.06717e-05  -6.77610e-02
  21  wCBO_linCoeff   0.00000e+00   constant   
  22  wCBO_const  -1.07960e-03   1.01395e-03  -2.26547e-06  -7.38281e-02
 EXTERNAL ERROR MATRIX.    NDIM=  25    NPAR=  7    ERR DEF=1
  1.288e+06 -2.070e-04  3.102e-02 -4.203e+01 -6.296e+00  3.377e+00 -9.703e-02 
 -2.070e-04  2.767e-07 -1.465e-08  1.647e-05  2.468e-06 -1.323e-06  3.196e-08 
  3.102e-02 -1.465e-08  2.512e-06 -8.555e-05 -1.281e-05  6.646e-06 -1.588e-07 
 -4.203e+01  1.647e-05 -8.555e-05  1.025e-01  1.517e-02 -8.100e-03  2.509e-04 
 -6.296e+00  2.468e-06 -1.281e-05  1.517e-02  2.299e-03 -1.213e-03  3.757e-05 
  3.377e+00 -1.323e-06  6.646e-06 -8.100e-03 -1.213e-03  6.482e-04 -2.097e-05 
 -9.703e-02  3.196e-08 -1.588e-07  2.509e-04  3.757e-05 -2.097e-05  1.028e-06 
 PARAMETER  CORRELATION COEFFICIENTS  
       NO.  GLOBAL      1      3      4     18     19     20     22
        1  0.12256   1.000 -0.000  0.017 -0.116 -0.116  0.117 -0.084
        3  0.11508  -0.000  1.000 -0.018  0.098  0.098 -0.099  0.060
        4  0.17720   0.017 -0.018  1.000 -0.169 -0.169  0.165 -0.099
       18  0.99620  -0.116  0.098 -0.169  1.000  0.988 -0.994  0.773
       19  0.99619  -0.116  0.098 -0.169  0.988  1.000 -0.994  0.773
       20  0.99880   0.117 -0.099  0.165 -0.994 -0.994  1.000 -0.812
       22  0.92200  -0.084  0.060 -0.099  0.773  0.773 -0.812  1.000
MINUIT - FIT ONLY 1-CBO + other amplitudes 
 **********
 **   16 **RES 
 **********
                   PARAMETER   14  ANy2 RESTORED TO VARIABLE.
                   PARAMETER    8  phi_CBO RESTORED TO VARIABLE.
                   PARAMETER    7  w_CBO RESTORED TO VARIABLE.
                   PARAMETER    6  A_CBO RESTORED TO VARIABLE.
 **********
 **   17 **FIX            0
 **********
 PARAMETER    0  IS UNDEFINED. IGNORED.
 **********
 **   18 **FIX            1
 **********
 **********
 **   19 **FIX            2
 **********
 PARAMETER    2  IS CONSTANT.   IGNORED.
 **********
 **   20 **FIX            3
 **********
 **********
 **   21 **FIX            4
 **********
 **********
 **   22 **FIX            9
 **********
 PARAMETER    9  IS CONSTANT.   IGNORED.
 **********
 **   23 **FIX           11
 **********
 PARAMETER   11  IS CONSTANT.   IGNORED.
 **********
 **   24 **FIX           12
 **********
 PARAMETER   12  IS CONSTANT.   IGNORED.
 **********
 **   25 **FIX           14
 **********
 **********
 **   26 **FIX           15
 **********
 PARAMETER   15  IS CONSTANT.   IGNORED.
 **********
 **   27 **FIX           16
 **********
 PARAMETER   16  IS CONSTANT.   IGNORED.
 **********
 **   28 **MIGRAD
 **********
 START MIGRAD MINIMIZATION.  STRATEGY  1.  CONVERGENCE WHEN EDM .LT. 1.00e-04
 FCN=564.107 FROM MIGRAD    STATUS=INITIATE       89 CALLS         299 TOTAL
                     EDM= unknown      STRATEGY= 1      NO ERROR MATRIX       
  EXT PARAMETER               CURRENT GUESS       STEP         FIRST   
  NO.   NAME      VALUE            ERROR          SIZE      DERIVATIVE 
   1  N0           2.87176e+06     fixed    
   2  tau          6.44000e+01   constant   
   3  A0           3.53292e-01     fixed    
   4  phi          4.11480e+00     fixed    
   5  R           -5.94062e+01   constant   
   6  A_CBO        2.31848e-03   1.00000e-05   0.00000e+00   1.21769e+04
   7  w_CBO        2.32590e+00   1.00000e-03   0.00000e+00   3.60485e+03
   8  phi_CBO      2.45132e+00   1.00000e-04  -2.05985e+00   1.61410e-01
   9  ANx2         6.75162e-04   constant   
  10  pNx2         4.60725e+00   constant   
  11  ANy1         0.00000e+00   constant   
  12  pNy1         0.00000e+00   constant   
  13  w_y          0.00000e+00   constant   
  14  ANy2         8.91794e-03     fixed    
  15  pNy2         4.50125e+00   constant   
  16  w_vw         1.43005e+01   constant   
  17  LM          -1.01507e-04   constant   
  18  wCBO_expCoeff   1.99977e+02   3.20110e-01   0.00000e+00   4.01768e+01
  19  wCBO_expOffset   1.99982e+02   4.79455e-02   0.00000e+00   2.67709e+02
  20  wCBO_expT    3.00115e+01   2.54593e-02   0.00000e+00   1.00335e+03
  21  wCBO_linCoeff   0.00000e+00   constant   
  22  wCBO_const  -1.07960e-03   1.01395e-03   0.00000e+00   3.50439e+02
 MIGRAD MINIMIZATION HAS CONVERGED.
 MIGRAD WILL VERIFY CONVERGENCE AND ERROR MATRIX.
 FCN=551.195 FROM MIGRAD    STATUS=CONVERGED     337 CALLS         547 TOTAL
                     EDM=6.61333e-07    STRATEGY= 1      ERR MATRIX NOT POS-DEF
  EXT PARAMETER                APPROXIMATE        STEP         FIRST   
  NO.   NAME      VALUE            ERROR          SIZE      DERIVATIVE 
   1  N0           2.87176e+06     fixed    
   2  tau          6.44000e+01   constant   
   3  A0           3.53292e-01     fixed    
   4  phi          4.11480e+00     fixed    
   5  R           -5.94062e+01   constant   
   6  A_CBO        6.64820e-04   5.52380e-04   6.31215e-06   1.05767e+00
   7  w_CBO        2.32528e+00   4.07427e-03   4.61489e-06   5.09889e-01
   8  phi_CBO      1.76907e+00   9.19885e-01   9.78748e-03   3.98295e-04
   9  ANx2         6.75162e-04   constant   
  10  pNx2         4.60725e+00   constant   
  11  ANy1         0.00000e+00   constant   
  12  pNy1         0.00000e+00   constant   
  13  w_y          0.00000e+00   constant   
  14  ANy2         8.91794e-03     fixed    
  15  pNy2         4.50125e+00   constant   
  16  w_vw         1.43005e+01   constant   
  17  LM          -1.01507e-04   constant   
  18  wCBO_expCoeff   1.99820e+02   5.92221e-01   6.03697e-04   8.95304e-03
  19  wCBO_expOffset   1.99958e+02   8.94923e-02   9.53474e-05   6.00557e-02
  20  wCBO_expT    3.00170e+01   1.40269e-02   2.12903e-05   2.02535e-01
  21  wCBO_linCoeff   0.00000e+00   constant   
  22  wCBO_const  -6.39514e-04   1.79405e-03   4.44099e-06  -6.02553e-01
 EXTERNAL ERROR MATRIX.    NDIM=  25    NPAR=  7    ERR DEF=1
  3.051e-07  2.214e-08  7.066e-06  7.774e-06  1.134e-06 -5.073e-07 -1.291e-08 
  2.214e-08  1.660e-05  5.506e-05 -5.956e-04 -9.363e-05 -8.118e-06 -6.840e-06 
  7.066e-06  5.506e-05  8.462e-01  2.976e-03  5.306e-04 -1.114e-04  8.040e-05 
  7.774e-06 -5.956e-04  2.976e-03  3.507e-01 -3.637e-02 -2.144e-03  3.019e-04 
  1.134e-06 -9.363e-05  5.306e-04 -3.637e-02  8.009e-03 -3.326e-04  4.742e-05 
 -5.073e-07 -8.118e-06 -1.114e-04 -2.144e-03 -3.326e-04  1.968e-04 -1.921e-06 
 -1.291e-08 -6.840e-06  8.040e-05  3.019e-04  4.742e-05 -1.921e-06  3.219e-06 
ERR MATRIX NOT POS-DEF
 PARAMETER  CORRELATION COEFFICIENTS  
       NO.  GLOBAL      6      7      8     18     19     20     22
        6  0.12908   1.000  0.010  0.014  0.024  0.023 -0.065 -0.013
        7  0.99516   0.010  1.000  0.015 -0.247 -0.257 -0.142 -0.936
        8  0.38374   0.014  0.015  1.000  0.005  0.006 -0.009  0.049
       18  0.99608   0.024 -0.247  0.005  1.000 -0.686 -0.258  0.284
       19  0.99612   0.023 -0.257  0.006 -0.686  1.000 -0.265  0.295
       20  0.99128  -0.065 -0.142 -0.009 -0.258 -0.265  1.000 -0.076
       22  0.97666  -0.013 -0.936  0.049  0.284  0.295 -0.076  1.000
 ERR MATRIX NOT POS-DEF
MINUIT - FIT ONLY 1-CBO
 **********
 **   29 **RES 
 **********
                   PARAMETER   14  ANy2 RESTORED TO VARIABLE.
                   PARAMETER    4  phi RESTORED TO VARIABLE.
                   PARAMETER    3  A0 RESTORED TO VARIABLE.
                   PARAMETER    1  N0 RESTORED TO VARIABLE.
 **********
 **   30 **FIX            0
 **********
 PARAMETER    0  IS UNDEFINED. IGNORED.
 **********
 **   31 **FIX            1
 **********
 **********
 **   32 **FIX            2
 **********
 PARAMETER    2  IS CONSTANT.   IGNORED.
 **********
 **   33 **FIX            3
 **********
 **********
 **   34 **FIX            4
 **********
 **********
 **   35 **FIX            8
 **********
 **********
 **   36 **FIX            9
 **********
 PARAMETER    9  IS CONSTANT.   IGNORED.
 **********
 **   37 **FIX           11
 **********
 PARAMETER   11  IS CONSTANT.   IGNORED.
 **********
 **   38 **FIX           12
 **********
 PARAMETER   12  IS CONSTANT.   IGNORED.
 **********
 **   39 **FIX           13
 **********
 PARAMETER   13  IS CONSTANT.   IGNORED.
 **********
 **   40 **FIX           15
 **********
 PARAMETER   15  IS CONSTANT.   IGNORED.
 **********
 **   41 **FIX           16
 **********
 PARAMETER   16  IS CONSTANT.   IGNORED.
 **********
 **   42 **MIGRAD
 **********
 START MIGRAD MINIMIZATION.  STRATEGY  1.  CONVERGENCE WHEN EDM .LT. 1.00e-04
 FCN=551.195 FROM MIGRAD    STATUS=INITIATE       16 CALLS         563 TOTAL
                     EDM= unknown      STRATEGY= 1      NO ERROR MATRIX       
  EXT PARAMETER               CURRENT GUESS       STEP         FIRST   
  NO.   NAME      VALUE            ERROR          SIZE      DERIVATIVE 
   1  N0           2.87176e+06     fixed    
   2  tau          6.44000e+01   constant   
   3  A0           3.53292e-01     fixed    
   4  phi          4.11480e+00     fixed    
   5  R           -5.94062e+01   constant   
   6  A_CBO        6.64820e-04   5.52380e-04   6.31215e-06   1.05767e+00
   7  w_CBO        2.32528e+00   4.07427e-03   4.61489e-06   5.22976e-01
   8  phi_CBO      1.76907e+00     fixed    
   9  ANx2         6.75162e-04   constant   
  10  pNx2         4.60725e+00   constant   
  11  ANy1         0.00000e+00   constant   
  12  pNy1         0.00000e+00   constant   
  13  w_y          0.00000e+00   constant   
  14  ANy2         8.91794e-03   1.00000e-04   1.00000e-04   5.73755e+04
  15  pNy2         4.50125e+00   constant   
  16  w_vw         1.43005e+01   constant   
  17  LM          -1.01507e-04   constant   
  18  wCBO_expCoeff   1.99820e+02   5.92221e-01   6.03697e-04   9.23102e-03
  19  wCBO_expOffset   1.99958e+02   8.94923e-02   9.53474e-05   6.16555e-02
  20  wCBO_expT    3.00170e+01   1.40269e-02   2.12903e-05   2.04675e-01
  21  wCBO_linCoeff   0.00000e+00   constant   
  22  wCBO_const  -6.39514e-04   1.79405e-03   4.44099e-06  -5.98998e-01
 MIGRAD MINIMIZATION HAS CONVERGED.
 MIGRAD WILL VERIFY CONVERGENCE AND ERROR MATRIX.
 COVARIANCE MATRIX CALCULATED SUCCESSFULLY
 FCN=292.184 FROM MIGRAD    STATUS=CONVERGED     239 CALLS         786 TOTAL
                     EDM=9.52817e-06    STRATEGY= 1      ERROR MATRIX ACCURATE 
  EXT PARAMETER                                   STEP         FIRST   
  NO.   NAME      VALUE            ERROR          SIZE      DERIVATIVE 
   1  N0           2.87176e+06     fixed    
   2  tau          6.44000e+01   constant   
   3  A0           3.53292e-01     fixed    
   4  phi          4.11480e+00     fixed    
   5  R           -5.94062e+01   constant   
   6  A_CBO        4.18684e-04   5.73175e-04   4.75599e-06  -1.18320e+00
   7  w_CBO        2.32439e+00   6.44565e-03   4.15490e-06  -3.13384e-01
   8  phi_CBO      1.76907e+00     fixed    
   9  ANx2         6.75162e-04   constant   
  10  pNx2         4.60725e+00   constant   
  11  ANy1         0.00000e+00   constant   
  12  pNy1         0.00000e+00   constant   
  13  w_y          0.00000e+00   constant   
  14  ANy2        -1.24082e-04   5.59444e-04   4.67159e-06  -4.76803e+00
  15  pNy2         4.50125e+00   constant   
  16  w_vw         1.43005e+01   constant   
  17  LM          -1.01507e-04   constant   
  18  wCBO_expCoeff   1.99663e+02   5.83516e-01   5.00674e-04  -2.10190e-02
  19  wCBO_expOffset   1.99935e+02   8.14402e-02   9.53362e-05  -1.40557e-01
  20  wCBO_expT    3.00365e+01   2.21967e-02   1.85828e-05  -4.94810e-01
  21  wCBO_linCoeff   0.00000e+00   constant   
  22  wCBO_const  -8.67203e-04   2.74894e-03   4.43717e-06   3.46858e+00
 EXTERNAL ERROR MATRIX.    NDIM=  25    NPAR=  7    ERR DEF=1
  3.285e-07 -6.827e-08  1.981e-09 -7.460e-06 -1.035e-06  6.112e-07  4.644e-08 
 -6.827e-08  4.155e-05  3.005e-08 -1.322e-03 -1.553e-04 -4.701e-05 -1.698e-05 
  1.981e-09  3.005e-08  3.130e-07  2.806e-06  3.912e-07 -3.522e-07 -1.016e-08 
 -7.460e-06 -1.322e-03  2.806e-06  3.405e-01 -1.584e-02 -4.698e-03  6.546e-04 
 -1.035e-06 -1.553e-04  3.912e-07 -1.584e-02  6.633e-03 -5.736e-04  7.709e-05 
  6.112e-07 -4.701e-05 -3.522e-07 -4.698e-03 -5.736e-04  4.927e-04  1.007e-05 
  4.644e-08 -1.698e-05 -1.016e-08  6.546e-04  7.709e-05  1.007e-05  7.557e-06 
 PARAMETER  CORRELATION COEFFICIENTS  
       NO.  GLOBAL      6      7     14     18     19     20     22
        6  0.12170   1.000 -0.018  0.006 -0.022 -0.022  0.048  0.029
        7  0.99706  -0.018  1.000  0.008 -0.352 -0.296 -0.329 -0.958
       14  0.04943   0.006  0.008  1.000  0.009  0.009 -0.028 -0.007
       18  0.99480  -0.022 -0.352  0.009  1.000 -0.333 -0.363  0.408
       19  0.99396  -0.022 -0.296  0.009 -0.333  1.000 -0.317  0.344
       20  0.99505   0.048 -0.329 -0.028 -0.363 -0.317  1.000  0.165
       22  0.98115   0.029 -0.958 -0.007  0.408  0.344  0.165  1.000
MINUIT - FIT ONLY 2-CBO
 **********
 **   43 **RES 
 **********
                   PARAMETER    8  phi_CBO RESTORED TO VARIABLE.
                   PARAMETER    4  phi RESTORED TO VARIABLE.
                   PARAMETER    3  A0 RESTORED TO VARIABLE.
                   PARAMETER    1  N0 RESTORED TO VARIABLE.
 **********
 **   44 **FIX            0
 **********
 PARAMETER    0  IS UNDEFINED. IGNORED.
 **********
 **   45 **FIX            1
 **********
 **********
 **   46 **FIX            2
 **********
 PARAMETER    2  IS CONSTANT.   IGNORED.
 **********
 **   47 **FIX            3
 **********
 **********
 **   48 **FIX            4
 **********
 **********
 **   49 **FIX            5
 **********
 PARAMETER    5  IS CONSTANT.   IGNORED.
 **********
 **   50 **FIX            6
 **********
 **********
 **   51 **FIX            7
 **********
 **********
 **   52 **FIX           10
 **********
 PARAMETER   10  IS CONSTANT.   IGNORED.
 **********
 **   53 **FIX           11
 **********
 PARAMETER   11  IS CONSTANT.   IGNORED.
 **********
 **   54 **FIX           12
 **********
 PARAMETER   12  IS CONSTANT.   IGNORED.
 **********
 **   55 **FIX           13
 **********
 PARAMETER   13  IS CONSTANT.   IGNORED.
 **********
 **   56 **FIX           14
 **********
 **********
 **   57 **FIX           15
 **********
 PARAMETER   15  IS CONSTANT.   IGNORED.
 **********
 **   58 **FIX           16
 **********
 PARAMETER   16  IS CONSTANT.   IGNORED.
 **********
 **   59 **MIGRAD
 **********
 START MIGRAD MINIMIZATION.  STRATEGY  1.  CONVERGENCE WHEN EDM .LT. 1.00e-04
 FCN=292.184 FROM MIGRAD    STATUS=INITIATE       12 CALLS         798 TOTAL
                     EDM= unknown      STRATEGY= 1      NO ERROR MATRIX       
  EXT PARAMETER               CURRENT GUESS       STEP         FIRST   
  NO.   NAME      VALUE            ERROR          SIZE      DERIVATIVE 
   1  N0           2.87176e+06     fixed    
   2  tau          6.44000e+01   constant   
   3  A0           3.53292e-01     fixed    
   4  phi          4.11480e+00     fixed    
   5  R           -5.94062e+01   constant   
   6  A_CBO        4.18684e-04     fixed    
   7  w_CBO        2.32439e+00     fixed    
   8  phi_CBO      1.76907e+00   9.19885e-01   9.19885e-01   1.96579e-02
   9  ANx2         6.75162e-04   constant   
  10  pNx2         4.60725e+00   constant   
  11  ANy1         0.00000e+00   constant   
  12  pNy1         0.00000e+00   constant   
  13  w_y          0.00000e+00   constant   
  14  ANy2        -1.24082e-04     fixed    
  15  pNy2         4.50125e+00   constant   
  16  w_vw         1.43005e+01   constant   
  17  LM          -1.01507e-04   constant   
  18  wCBO_expCoeff   1.99663e+02   5.83516e-01   5.00674e-04  -2.13488e-02
  19  wCBO_expOffset   1.99935e+02   8.14402e-02   9.53362e-05  -1.43343e-01
  20  wCBO_expT    3.00365e+01   2.21967e-02   1.85828e-05  -5.00337e-01
  21  wCBO_linCoeff   0.00000e+00   constant   
  22  wCBO_const  -8.67203e-04   2.74894e-03   4.43717e-06   3.46769e+00
 MIGRAD MINIMIZATION HAS CONVERGED.
 MIGRAD WILL VERIFY CONVERGENCE AND ERROR MATRIX.
 COVARIANCE MATRIX CALCULATED SUCCESSFULLY
 FCN=292.184 FROM MIGRAD    STATUS=CONVERGED      71 CALLS         857 TOTAL
                     EDM=8.10434e-06    STRATEGY= 1      ERROR MATRIX ACCURATE 
  EXT PARAMETER                                   STEP         FIRST   
  NO.   NAME      VALUE            ERROR          SIZE      DERIVATIVE 
   1  N0           2.87176e+06     fixed    
   2  tau          6.44000e+01   constant   
   3  A0           3.53292e-01     fixed    
   4  phi          4.11480e+00     fixed    
   5  R           -5.94062e+01   constant   
   6  A_CBO        4.18684e-04     fixed    
   7  w_CBO        2.32439e+00     fixed    
   8  phi_CBO      1.74978e+00   1.40814e+00   1.09496e-02  -1.18747e-04
   9  ANx2         6.75162e-04   constant   
  10  pNx2         4.60725e+00   constant   
  11  ANy1         0.00000e+00   constant   
  12  pNy1         0.00000e+00   constant   
  13  w_y          0.00000e+00   constant   
  14  ANy2        -1.24082e-04     fixed    
  15  pNy2         4.50125e+00   constant   
  16  w_vw         1.43005e+01   constant   
  17  LM          -1.01507e-04   constant   
  18  wCBO_expCoeff   1.99663e+02   5.51012e-01   4.97324e-04  -5.67855e-03
  19  wCBO_expOffset   1.99935e+02   7.83161e-02   9.53362e-05  -3.77805e-02
  20  wCBO_expT    3.00365e+01   2.11737e-02   1.84633e-05  -2.60707e-01
  21  wCBO_linCoeff   0.00000e+00   constant   
  22  wCBO_const  -8.68625e-04   7.95594e-04   4.44208e-06   2.47884e+00
 EXTERNAL ERROR MATRIX.    NDIM=  25    NPAR=  5    ERR DEF=1
  1.983e+00  5.234e-02  6.557e-03 -2.847e-03  1.678e-04 
  5.234e-02  3.036e-01 -2.091e-02 -6.349e-03  1.214e-04 
  6.557e-03 -2.091e-02  6.133e-03 -7.634e-04  1.444e-05 
 -2.847e-03 -6.349e-03 -7.634e-04  4.483e-04 -9.557e-06 
  1.678e-04  1.214e-04  1.444e-05 -9.557e-06  6.330e-07 
 PARAMETER  CORRELATION COEFFICIENTS  
       NO.  GLOBAL      8     18     19     20     22
        8  0.36781   1.000  0.067  0.059 -0.096  0.150
       18  0.99418   0.067  1.000 -0.484 -0.544  0.277
       19  0.99348   0.059 -0.484  1.000 -0.460  0.232
       20  0.99456  -0.096 -0.544 -0.460  1.000 -0.567
       22  0.74448   0.150  0.277  0.232 -0.567  1.000
MINUIT - FIT ONLY 1-y
 **********
 **   60 **RES 
 **********
                   PARAMETER   14  ANy2 RESTORED TO VARIABLE.
                   PARAMETER    7  w_CBO RESTORED TO VARIABLE.
                   PARAMETER    6  A_CBO RESTORED TO VARIABLE.
                   PARAMETER    4  phi RESTORED TO VARIABLE.
                   PARAMETER    3  A0 RESTORED TO VARIABLE.
                   PARAMETER    1  N0 RESTORED TO VARIABLE.
 **********
 **   61 **FIX            0
 **********
 PARAMETER    0  IS UNDEFINED. IGNORED.
 **********
 **   62 **FIX            1
 **********
 **********
 **   63 **FIX            2
 **********
 PARAMETER    2  IS CONSTANT.   IGNORED.
 **********
 **   64 **FIX            3
 **********
 **********
 **   65 **FIX            4
 **********
 **********
 **   66 **FIX            5
 **********
 PARAMETER    5  IS CONSTANT.   IGNORED.
 **********
 **   67 **FIX            6
 **********
 **********
 **   68 **FIX            7
 **********
 **********
 **   69 **FIX            8
 **********
 **********
 **   70 **FIX            9
 **********
 PARAMETER    9  IS CONSTANT.   IGNORED.
 **********
 **   71 **FIX           13
 **********
 PARAMETER   13  IS CONSTANT.   IGNORED.
 **********
 **   72 **FIX           14
 **********
 **********
 **   73 **FIX           15
 **********
 PARAMETER   15  IS CONSTANT.   IGNORED.
 **********
 **   74 **FIX           16
 **********
 PARAMETER   16  IS CONSTANT.   IGNORED.
 **********
 **   75 **MIGRAD
 **********
 START MIGRAD MINIMIZATION.  STRATEGY  1.  CONVERGENCE WHEN EDM .LT. 1.00e-04
 FCN=292.184 FROM MIGRAD    STATUS=INITIATE        8 CALLS         865 TOTAL
                     EDM= unknown      STRATEGY= 1      NO ERROR MATRIX       
  EXT PARAMETER               CURRENT GUESS       STEP         FIRST   
  NO.   NAME      VALUE            ERROR          SIZE      DERIVATIVE 
   1  N0           2.87176e+06     fixed    
   2  tau          6.44000e+01   constant   
   3  A0           3.53292e-01     fixed    
   4  phi          4.11480e+00     fixed    
   5  R           -5.94062e+01   constant   
   6  A_CBO        4.18684e-04     fixed    
   7  w_CBO        2.32439e+00     fixed    
   8  phi_CBO      1.74978e+00     fixed    
   9  ANx2         6.75162e-04   constant   
  10  pNx2         4.60725e+00   constant   
  11  ANy1         0.00000e+00   constant   
  12  pNy1         0.00000e+00   constant   
  13  w_y          0.00000e+00   constant   
  14  ANy2        -1.24082e-04     fixed    
  15  pNy2         4.50125e+00   constant   
  16  w_vw         1.43005e+01   constant   
  17  LM          -1.01507e-04   constant   
  18  wCBO_expCoeff   1.99663e+02   5.51012e-01   4.97324e-04  -5.73260e-03
  19  wCBO_expOffset   1.99935e+02   7.83161e-02   9.53362e-05  -4.14239e-02
  20  wCBO_expT    3.00365e+01   2.11737e-02   1.84633e-05  -2.66147e-01
  21  wCBO_linCoeff   0.00000e+00   constant   
  22  wCBO_const  -8.68625e-04   7.95594e-04   4.44208e-06   2.47811e+00
 MIGRAD MINIMIZATION HAS CONVERGED.
 MIGRAD WILL VERIFY CONVERGENCE AND ERROR MATRIX.
 COVARIANCE MATRIX CALCULATED SUCCESSFULLY
 FCN=292.184 FROM MIGRAD    STATUS=CONVERGED      43 CALLS         900 TOTAL
                     EDM=5.99558e-06    STRATEGY= 1      ERROR MATRIX ACCURATE 
  EXT PARAMETER                                   STEP         FIRST   
  NO.   NAME      VALUE            ERROR          SIZE      DERIVATIVE 
   1  N0           2.87176e+06     fixed    
   2  tau          6.44000e+01   constant   
   3  A0           3.53292e-01     fixed    
   4  phi          4.11480e+00     fixed    
   5  R           -5.94062e+01   constant   
   6  A_CBO        4.18684e-04     fixed    
   7  w_CBO        2.32439e+00     fixed    
   8  phi_CBO      1.74978e+00     fixed    
   9  ANx2         6.75162e-04   constant   
  10  pNx2         4.60725e+00   constant   
  11  ANy1         0.00000e+00   constant   
  12  pNy1         0.00000e+00   constant   
  13  w_y          0.00000e+00   constant   
  14  ANy2        -1.24082e-04     fixed    
  15  pNy2         4.50125e+00   constant   
  16  w_vw         1.43005e+01   constant   
  17  LM          -1.01507e-04   constant   
  18  wCBO_expCoeff   1.99663e+02   5.49992e-01   4.96269e-04   9.30879e-03
  19  wCBO_expOffset   1.99935e+02   7.81705e-02   9.53362e-05   6.10485e-02
  20  wCBO_expT    3.00365e+01   2.10841e-02   1.84325e-05   8.98451e-02
  21  wCBO_linCoeff   0.00000e+00   constant   
  22  wCBO_const  -8.69209e-04   7.86818e-04   4.44100e-06   7.98945e-01
 EXTERNAL ERROR MATRIX.    NDIM=  25    NPAR=  4    ERR DEF=1
  3.025e-01 -2.108e-02 -6.284e-03  1.172e-04 
 -2.108e-02  6.111e-03 -7.537e-04  1.389e-05 
 -6.284e-03 -7.537e-04  4.445e-04 -9.325e-06 
  1.172e-04  1.389e-05 -9.325e-06  6.191e-07 
 PARAMETER  CORRELATION COEFFICIENTS  
       NO.  GLOBAL     18     19     20     22
       18  0.99416   1.000 -0.490 -0.542  0.271
       19  0.99345  -0.490  1.000 -0.457  0.226
       20  0.99452  -0.542 -0.457  1.000 -0.562
       22  0.73770   0.271  0.226 -0.562  1.000
MINUIT - FIT ONLY 2-y
 **********
 **   76 **RES 
 **********
                   PARAMETER   14  ANy2 RESTORED TO VARIABLE.
                   PARAMETER    8  phi_CBO RESTORED TO VARIABLE.
                   PARAMETER    7  w_CBO RESTORED TO VARIABLE.
                   PARAMETER    6  A_CBO RESTORED TO VARIABLE.
                   PARAMETER    4  phi RESTORED TO VARIABLE.
                   PARAMETER    3  A0 RESTORED TO VARIABLE.
                   PARAMETER    1  N0 RESTORED TO VARIABLE.
 **********
 **   77 **FIX            0
 **********
 PARAMETER    0  IS UNDEFINED. IGNORED.
 **********
 **   78 **FIX            1
 **********
 **********
 **   79 **FIX            2
 **********
 PARAMETER    2  IS CONSTANT.   IGNORED.
 **********
 **   80 **FIX            3
 **********
 **********
 **   81 **FIX            4
 **********
 **********
 **   82 **FIX            5
 **********
 PARAMETER    5  IS CONSTANT.   IGNORED.
 **********
 **   83 **FIX            6
 **********
 **********
 **   84 **FIX            7
 **********
 **********
 **   85 **FIX            8
 **********
 **********
 **   86 **FIX            9
 **********
 PARAMETER    9  IS CONSTANT.   IGNORED.
 **********
 **   87 **FIX           10
 **********
 PARAMETER   10  IS CONSTANT.   IGNORED.
 **********
 **   88 **FIX           11
 **********
 PARAMETER   11  IS CONSTANT.   IGNORED.
 **********
 **   89 **FIX           12
 **********
 PARAMETER   12  IS CONSTANT.   IGNORED.
 **********
 **   90 **FIX           16
 **********
 PARAMETER   16  IS CONSTANT.   IGNORED.
 **********
 **   91 **MIGRAD
 **********
 START MIGRAD MINIMIZATION.  STRATEGY  1.  CONVERGENCE WHEN EDM .LT. 1.00e-04
 FCN=292.184 FROM MIGRAD    STATUS=INITIATE       10 CALLS         910 TOTAL
                     EDM= unknown      STRATEGY= 1      NO ERROR MATRIX       
  EXT PARAMETER               CURRENT GUESS       STEP         FIRST   
  NO.   NAME      VALUE            ERROR          SIZE      DERIVATIVE 
   1  N0           2.87176e+06     fixed    
   2  tau          6.44000e+01   constant   
   3  A0           3.53292e-01     fixed    
   4  phi          4.11480e+00     fixed    
   5  R           -5.94062e+01   constant   
   6  A_CBO        4.18684e-04     fixed    
   7  w_CBO        2.32439e+00     fixed    
   8  phi_CBO      1.74978e+00     fixed    
   9  ANx2         6.75162e-04   constant   
  10  pNx2         4.60725e+00   constant   
  11  ANy1         0.00000e+00   constant   
  12  pNy1         0.00000e+00   constant   
  13  w_y          0.00000e+00   constant   
  14  ANy2        -1.24082e-04   5.59444e-04   5.59444e-04  -3.73186e+00
  15  pNy2         4.50125e+00   constant   
  16  w_vw         1.43005e+01   constant   
  17  LM          -1.01507e-04   constant   
  18  wCBO_expCoeff   1.99663e+02   5.49992e-01   4.96269e-04   8.98205e-03
  19  wCBO_expOffset   1.99935e+02   7.81705e-02   9.53362e-05   5.82862e-02
  20  wCBO_expT    3.00365e+01   2.10841e-02   1.84325e-05   8.60106e-02
  21  wCBO_linCoeff   0.00000e+00   constant   
  22  wCBO_const  -8.69209e-04   7.86818e-04   4.44100e-06   7.98233e-01
 MIGRAD MINIMIZATION HAS CONVERGED.
 MIGRAD WILL VERIFY CONVERGENCE AND ERROR MATRIX.
 COVARIANCE MATRIX CALCULATED SUCCESSFULLY
 FCN=292.184 FROM MIGRAD    STATUS=CONVERGED      53 CALLS         953 TOTAL
                     EDM=6.07763e-06    STRATEGY= 1      ERROR MATRIX ACCURATE 
  EXT PARAMETER                                   STEP         FIRST   
  NO.   NAME      VALUE            ERROR          SIZE      DERIVATIVE 
   1  N0           2.87176e+06     fixed    
   2  tau          6.44000e+01   constant   
   3  A0           3.53292e-01     fixed    
   4  phi          4.11480e+00     fixed    
   5  R           -5.94062e+01   constant   
   6  A_CBO        4.18684e-04     fixed    
   7  w_CBO        2.32439e+00     fixed    
   8  phi_CBO      1.74978e+00     fixed    
   9  ANx2         6.75162e-04   constant   
  10  pNx2         4.60725e+00   constant   
  11  ANy1         0.00000e+00   constant   
  12  pNy1         0.00000e+00   constant   
  13  w_y          0.00000e+00   constant   
  14  ANy2        -1.23614e-04   5.59423e-04   4.67160e-06  -8.23640e-01
  15  pNy2         4.50125e+00   constant   
  16  w_vw         1.43005e+01   constant   
  17  LM          -1.01507e-04   constant   
  18  wCBO_expCoeff   1.99663e+02   5.50178e-01   4.96417e-04  -9.74488e-03
  19  wCBO_expOffset   1.99935e+02   7.82028e-02   9.53362e-05  -6.56075e-02
  20  wCBO_expT    3.00365e+01   2.10985e-02   1.84370e-05  -4.28680e-01
  21  wCBO_linCoeff   0.00000e+00   constant   
  22  wCBO_const  -8.69299e-04   7.86917e-04   4.44119e-06  -8.42753e-01
 EXTERNAL ERROR MATRIX.    NDIM=  25    NPAR=  5    ERR DEF=1
  3.130e-07  3.908e-06  5.201e-07 -3.275e-07  2.150e-09 
  3.908e-06  3.027e-01 -2.109e-02 -6.291e-03  1.173e-04 
  5.201e-07 -2.109e-02  6.116e-03 -7.548e-04  1.391e-05 
 -3.275e-07 -6.291e-03 -7.548e-04  4.451e-04 -9.334e-06 
  2.150e-09  1.173e-04  1.391e-05 -9.334e-06  6.192e-07 
 PARAMETER  CORRELATION COEFFICIENTS  
       NO.  GLOBAL     14     18     19     20     22
       14  0.04870   1.000  0.013  0.012 -0.028  0.005
       18  0.99416   0.013  1.000 -0.490 -0.542  0.271
       19  0.99346   0.012 -0.490  1.000 -0.457  0.226
       20  0.99452  -0.028 -0.542 -0.457  1.000 -0.562
       22  0.73780   0.005  0.271  0.226 -0.562  1.000
MINUIT - FIT ALTOGETHER
 **********
 **   92 **RES 
 **********
                   PARAMETER    8  phi_CBO RESTORED TO VARIABLE.
                   PARAMETER    7  w_CBO RESTORED TO VARIABLE.
                   PARAMETER    6  A_CBO RESTORED TO VARIABLE.
                   PARAMETER    4  phi RESTORED TO VARIABLE.
                   PARAMETER    3  A0 RESTORED TO VARIABLE.
                   PARAMETER    1  N0 RESTORED TO VARIABLE.
 **********
 **   93 **MIGRAD
 **********
 START MIGRAD MINIMIZATION.  STRATEGY  1.  CONVERGENCE WHEN EDM .LT. 1.00e-04
 FCN=292.184 FROM MIGRAD    STATUS=INITIATE       22 CALLS         975 TOTAL
                     EDM= unknown      STRATEGY= 1      NO ERROR MATRIX       
  EXT PARAMETER               CURRENT GUESS       STEP         FIRST   
  NO.   NAME      VALUE            ERROR          SIZE      DERIVATIVE 
   1  N0           2.87176e+06   1.13512e+03   1.13512e+03  -3.10865e-04
   2  tau          6.44000e+01   constant   
   3  A0           3.53292e-01   5.25977e-04   5.25977e-04   7.68445e+02
   4  phi          4.11480e+00   1.58491e-03   1.58491e-03   7.49250e+01
   5  R           -5.94062e+01   constant   
   6  A_CBO        4.18684e-04   5.73175e-04   5.73175e-04  -2.41449e+00
   7  w_CBO        2.32439e+00   6.44565e-03   6.44565e-03  -1.20211e+00
   8  phi_CBO      1.74978e+00   1.40814e+00   1.40814e+00   9.29799e-05
   9  ANx2         6.75162e-04   constant   
  10  pNx2         4.60725e+00   constant   
  11  ANy1         0.00000e+00   constant   
  12  pNy1         0.00000e+00   constant   
  13  w_y          0.00000e+00   constant   
  14  ANy2        -1.23614e-04   5.59423e-04   4.67160e-06  -8.23640e-01
  15  pNy2         4.50125e+00   constant   
  16  w_vw         1.43005e+01   constant   
  17  LM          -1.01507e-04   constant   
  18  wCBO_expCoeff   1.99663e+02   5.50178e-01   4.96417e-04  -1.00712e-02
  19  wCBO_expOffset   1.99935e+02   7.82028e-02   9.53362e-05  -6.83676e-02
  20  wCBO_expT    3.00365e+01   2.10985e-02   1.84370e-05  -4.34122e-01
  21  wCBO_linCoeff   0.00000e+00   constant   
  22  wCBO_const  -8.69299e-04   7.86917e-04   4.44119e-06  -8.43454e-01
 MIGRAD MINIMIZATION HAS CONVERGED.
 MIGRAD WILL VERIFY CONVERGENCE AND ERROR MATRIX.
 COVARIANCE MATRIX CALCULATED SUCCESSFULLY
 FCN=292.11 FROM HESSE     STATUS=OK            102 CALLS        1148 TOTAL
                     EDM=0.000113671    STRATEGY= 1      ERROR MATRIX ACCURATE 
  EXT PARAMETER                                   STEP         FIRST   
  NO.   NAME      VALUE            ERROR          SIZE      DERIVATIVE 
