 + ++++++++++++++++++++++++++++++++++++++++++++++++++++++++++++++++++++ +
 +                                                                      +
 +           You have chose to blind your fitting according to          +
 +                omega_ref * (1 + (R +/- deltaR) *10^{-6})             +
 +                                                                      +
 + ++++++++++++++++++++++++++++++++++++++++++++++++++++++++++++++++++++ +
In main()...
reading format from /gm2data/zkhechad/run45/envelope/formats/formatB_sBin_constraintOn.txt
pBinTau 	= 0  
pBinPhi 	= 0  
constraintau 	= 1 
includeMopTerm 	= 0    
constrainMop    = 0   
Parameters after format file: pBinTau 0 pBinPhi 0 constraintau 1 includeMopTerm 0 constrainMop 0 c_e_scale 0.000000 
reading cbo reference file (full fit) from /gm2data/zkhechad/cboTemplates/Run4CBOTemplates/fullFits/run4/sBin_constraintOn_cE0.0_seed0_run4_calo7.root
A_CBO 0.010017 w_CBO 2.326795 phi_CBO 5.385454 N0 2934724.912691 R -61.426290 tau 64.406392 
Reading cboRef file /gm2data/zkhechad/cboTemplates/Run4CBOTemplates//cboIsolate/run4_calo7.root
deltaT 16.724440
windowBins = 120
fitting sliding window 500 from bin 703 at 104.887600 to bin 823 at 122.791600 (120 bins)

Reading data from /gm2data/cornell/histograms/aMethod/histogram_a_run4.root
fitting cbo isolate
 **********
 **    1 **SET PRINTOUT            1
 **********
 **********
 **    2 **SET NOWARNINGS 
 **********
 PARAMETER DEFINITIONS:
    NO.   NAME         VALUE      STEP SIZE      LIMITS
     1 A_CBO        1.00169e-02  1.00000e-05     no limits
     2 w_CBO        2.32680e+00  1.00000e-02    2.00000e+00  3.00000e+00
     3 phi_CBO      5.38545e+00  1.00000e-02    0.00000e+00  6.28319e+00
 **********
 **    3 **MIGRAD
 **********
 FIRST CALL TO USER FUNCTION AT NEW START POINT, WITH IFLAG=4.
 START MIGRAD MINIMIZATION.  STRATEGY  1.  CONVERGENCE WHEN EDM .LT. 1.00e-04
 FCN=0.00121548 FROM MIGRAD    STATUS=INITIATE       12 CALLS          13 TOTAL
                     EDM= unknown      STRATEGY= 1      NO ERROR MATRIX       
  EXT PARAMETER               CURRENT GUESS       STEP         FIRST   
  NO.   NAME      VALUE            ERROR          SIZE      DERIVATIVE 
   1  A_CBO        1.00169e-02   1.00000e-05   1.00000e-05   5.14975e-01
   2  w_CBO        2.32680e+00   1.00000e-02   2.13223e-02  -4.73537e-03
   3  phi_CBO      5.38545e+00   1.00000e-02   4.54801e-03   1.99929e-04
 MIGRAD MINIMIZATION HAS CONVERGED.
 MIGRAD WILL VERIFY CONVERGENCE AND ERROR MATRIX.
 COVARIANCE MATRIX CALCULATED SUCCESSFULLY
 FCN=0.000129668 FROM MIGRAD    STATUS=CONVERGED      37 CALLS          38 TOTAL
                     EDM=7.38933e-07    STRATEGY= 1      ERROR MATRIX ACCURATE 
  EXT PARAMETER                                   STEP         FIRST   
  NO.   NAME      VALUE            ERROR          SIZE      DERIVATIVE 
   1  A_CBO        5.80039e-03   1.28392e-01   6.24854e-05   8.93722e-06
   2  w_CBO        2.32691e+00   8.11713e-01   1.58678e-04   2.56191e-03
   3  phi_CBO      5.37168e+00   3.44087e+00   3.85971e-03  -1.11974e-04
 EXTERNAL ERROR MATRIX.    NDIM=  25    NPAR=  3    ERR DEF=1
  1.648e-02 -1.914e-02 -2.131e+00 
 -1.914e-02  3.363e+00  3.789e+02 
 -2.131e+00  3.789e+02  4.319e+04 
 PARAMETER  CORRELATION COEFFICIENTS  
       NO.  GLOBAL      1      2      3
        1  0.08178   1.000 -0.081 -0.080
        2  0.99418  -0.081  1.000  0.994
        3  0.99417  -0.080  0.994  1.000
setting A_CBO=0.005800 w_CBO=2.326913, phi_CBO=5.371678
done fitting cbo isolate
 **********
 **    1 **SET PRINTOUT            1
 **********
 **********
 **    2 **SET NOWARNINGS 
 **********
 PARAMETER DEFINITIONS:
    NO.   NAME         VALUE      STEP SIZE      LIMITS
     1 N0           2.93472e+06  1.00000e+02     no limits
     2 tau          6.44064e+01  constant
     3 A0           3.50200e-01  1.00000e-04     no limits
     4 phi          4.11726e+00  1.00000e-02     no limits
     5 R           -6.14263e+01  constant
     6 A_CBO        5.80039e-03  1.00000e-05     no limits
     7 w_CBO        2.32691e+00  1.00000e-03     no limits
     8 phi_CBO      5.37168e+00  1.00000e-04     no limits
     9 ANx2         5.09258e-04  constant
    10 pNx2         1.79030e-01  constant
    11 ANy1         0.00000e+00  constant
    12 pNy1         0.00000e+00  constant
    13 w_y          0.00000e+00  constant
    14 ANy2         8.95951e-03  1.00000e-04     no limits
    15 pNy2         6.17155e+00  constant
    16 w_vw         1.43200e+01  constant
    17 LM          -8.21731e-05  constant
    18 wCBO_expCoeff   2.00000e+02  1.00000e+00     no limits
    19 wCBO_expOffset   2.00000e+02  1.00000e+00     no limits
    20 wCBO_expT    3.00000e+01  1.00000e+00     no limits
    21 wCBO_linCoeff   0.00000e+00  constant
    22 wCBO_const   0.00000e+00  1.00000e-02     no limits
MINUIT - FIT ONLY WIGGLE
 **********
 **    3 **FIX            5
 **********
 PARAMETER    5  IS CONSTANT.   IGNORED.
 **********
 **    4 **FIX            6
 **********
 **********
 **    5 **FIX            7
 **********
 **********
 **    6 **FIX            8
 **********
 **********
 **    7 **FIX            9
 **********
 PARAMETER    9  IS CONSTANT.   IGNORED.
 **********
 **    8 **FIX           10
 **********
 PARAMETER   10  IS CONSTANT.   IGNORED.
 **********
 **    9 **FIX           11
 **********
 PARAMETER   11  IS CONSTANT.   IGNORED.
 **********
 **   10 **FIX           12
 **********
 PARAMETER   12  IS CONSTANT.   IGNORED.
 **********
 **   11 **FIX           13
 **********
 PARAMETER   13  IS CONSTANT.   IGNORED.
 **********
 **   12 **FIX           14
 **********
 **********
 **   13 **FIX           15
 **********
 PARAMETER   15  IS CONSTANT.   IGNORED.
 **********
 **   14 **FIX           16
 **********
 PARAMETER   16  IS CONSTANT.   IGNORED.
 **********
 **   15 **MIGRAD
 **********
 FIRST CALL TO USER FUNCTION AT NEW START POINT, WITH IFLAG=4.
 START MIGRAD MINIMIZATION.  STRATEGY  1.  CONVERGENCE WHEN EDM .LT. 1.00e-04
 FCN=2979.18 FROM MIGRAD    STATUS=INITIATE       34 CALLS          35 TOTAL
                     EDM= unknown      STRATEGY= 1      NO ERROR MATRIX       
  EXT PARAMETER               CURRENT GUESS       STEP         FIRST   
  NO.   NAME      VALUE            ERROR          SIZE      DERIVATIVE 
   1  N0           2.93472e+06   1.00000e+02   1.00000e+02   7.46491e-03
   2  tau          6.44064e+01   constant   
   3  A0           3.50200e-01   1.00000e-04   1.00000e-04  -1.81565e+04
   4  phi          4.11726e+00   1.00000e-02   1.00000e-02   1.27099e+04
   5  R           -6.14263e+01   constant   
   6  A_CBO        5.80039e-03     fixed    
   7  w_CBO        2.32691e+00     fixed    
   8  phi_CBO      5.37168e+00     fixed    
   9  ANx2         5.09258e-04   constant   
  10  pNx2         1.79030e-01   constant   
  11  ANy1         0.00000e+00   constant   
  12  pNy1         0.00000e+00   constant   
  13  w_y          0.00000e+00   constant   
  14  ANy2         8.95951e-03     fixed    
  15  pNy2         6.17155e+00   constant   
  16  w_vw         1.43200e+01   constant   
  17  LM          -8.21731e-05   constant   
  18  wCBO_expCoeff   2.00000e+02   1.00000e+00   1.00000e+00  -2.18619e+04
  19  wCBO_expOffset   2.00000e+02   1.00000e+00   1.00000e+00   7.26541e+05
  20  wCBO_expT    3.00000e+01   1.00000e+00   1.00000e+00  -8.46492e+05
  21  wCBO_linCoeff   0.00000e+00   constant   
  22  wCBO_const   0.00000e+00   1.00000e-02   1.00000e-02  -1.32861e+04
 MIGRAD FAILS TO FIND IMPROVEMENT
 FCN=2500.48 FROM HESSE     STATUS=NOT POSDEF     56 CALLS         217 TOTAL
                     EDM=209.132    STRATEGY= 1      ERR MATRIX NOT POS-DEF
  EXT PARAMETER                APPROXIMATE        STEP         FIRST   
  NO.   NAME      VALUE            ERROR          SIZE      DERIVATIVE 
   1  N0           2.93353e+06   7.04421e+02   1.07964e+01  -4.38162e-03
   2  tau          6.44064e+01   constant   
   3  A0           3.49631e-01   2.42872e-04   4.86762e-06  -3.34472e+04
   4  phi          4.11860e+00   5.35579e-04   1.45901e-05   1.31781e+03
   5  R           -6.14263e+01   constant   
   6  A_CBO        5.80039e-03     fixed    
   7  w_CBO        2.32691e+00     fixed    
   8  phi_CBO      5.37168e+00     fixed    
   9  ANx2         5.09258e-04   constant   
  10  pNx2         1.79030e-01   constant   
  11  ANy1         0.00000e+00   constant   
  12  pNy1         0.00000e+00   constant   
  13  w_y          0.00000e+00   constant   
  14  ANy2         8.95951e-03     fixed    
  15  pNy2         6.17155e+00   constant   
  16  w_vw         1.43200e+01   constant   
  17  LM          -8.21731e-05   constant   
  18  wCBO_expCoeff   2.00000e+02   1.79728e-04   9.53674e-05   2.77383e+04
  19  wCBO_expOffset   2.00000e+02   1.28950e-05   9.53672e-05   2.67282e+06
  20  wCBO_expT    3.00000e+01   3.31331e-06   1.43051e-05  -3.98501e+06
  21  wCBO_linCoeff   0.00000e+00   constant   
  22  wCBO_const   2.84879e-04   2.49510e-03   5.97940e-06  -3.76398e+03
 MIGRAD FAILS TO FIND IMPROVEMENT
 MIGRAD TERMINATED WITHOUT CONVERGENCE.
 FCN=2475.52 FROM MIGRAD    STATUS=FAILED        318 CALLS         319 TOTAL
                     EDM=6.51693    STRATEGY= 1      ERR MATRIX NOT POS-DEF
  EXT PARAMETER                APPROXIMATE        STEP         FIRST   
  NO.   NAME      VALUE            ERROR          SIZE      DERIVATIVE 
   1  N0           2.93422e+06   4.04234e+02  -0.00000e+00   1.85886e-03
   2  tau          6.44064e+01   constant   
   3  A0           3.50821e-01   1.88602e-04  -0.00000e+00   5.01210e+03
   4  phi          4.11776e+00   5.42991e-04  -0.00000e+00  -2.77782e+02
   5  R           -6.14263e+01   constant   
   6  A_CBO        5.80039e-03     fixed    
   7  w_CBO        2.32691e+00     fixed    
   8  phi_CBO      5.37168e+00     fixed    
   9  ANx2         5.09258e-04   constant   
  10  pNx2         1.79030e-01   constant   
  11  ANy1         0.00000e+00   constant   
  12  pNy1         0.00000e+00   constant   
  13  w_y          0.00000e+00   constant   
  14  ANy2         8.95951e-03     fixed    
  15  pNy2         6.17155e+00   constant   
  16  w_vw         1.43200e+01   constant   
  17  LM          -8.21731e-05   constant   
  18  wCBO_expCoeff   2.00000e+02   4.63389e-05   0.00000e+00  -2.51626e+04
  19  wCBO_expOffset   2.00000e+02   2.01532e-06  -0.00000e+00  -4.97591e+05
  20  wCBO_expT    3.00000e+01   2.19910e-06   0.00000e+00  -3.02619e+06
  21  wCBO_linCoeff   0.00000e+00   constant   
  22  wCBO_const   5.77621e-03   1.14591e-03   0.00000e+00  -1.40245e+03
 EXTERNAL ERROR MATRIX.    NDIM=  25    NPAR=  7    ERR DEF=1
  1.634e+05  5.920e-03  7.997e-03  2.677e-03  6.138e-05 -1.556e-05 -8.952e-02 
  5.920e-03  3.557e-08 -3.278e-09 -1.801e-09 -6.272e-11  2.565e-11  3.751e-08 
  7.997e-03 -3.278e-09  2.948e-07  9.769e-11  2.876e-10 -3.183e-10 -1.508e-07 
  2.677e-03 -1.801e-09  9.769e-11  2.147e-09  1.684e-11  2.818e-11 -2.128e-08 
  6.138e-05 -6.272e-11  2.876e-10  1.684e-11  4.061e-12 -3.817e-12 -2.150e-09 
 -1.556e-05  2.565e-11 -3.183e-10  2.818e-11 -3.817e-12  4.836e-12  1.906e-09 
 -8.952e-02  3.751e-08 -1.508e-07 -2.128e-08 -2.150e-09  1.906e-09  1.313e-06 
ERR MATRIX NOT POS-DEF
 PARAMETER  CORRELATION COEFFICIENTS  
       NO.  GLOBAL      1      3      4     18     19     20     22
        1  0.55368   1.000  0.078  0.036  0.143  0.075 -0.018 -0.193
        3  0.28304   0.078  1.000 -0.032 -0.206 -0.165  0.062  0.174
        4  0.29384   0.036 -0.032  1.000  0.004  0.263 -0.267 -0.242
       18  0.98105   0.143 -0.206  0.004  1.000  0.180  0.277 -0.401
       19  0.96559   0.075 -0.165  0.263  0.180  1.000 -0.861 -0.931
       20  0.99166  -0.018  0.062 -0.267  0.277 -0.861  1.000  0.757
       22  0.99126  -0.193  0.174 -0.242 -0.401 -0.931  0.757  1.000
 ERR MATRIX NOT POS-DEF
MINUIT - FIT ONLY 1-CBO + other amplitudes 
 **********
 **   16 **RES 
 **********
                   PARAMETER   14  ANy2 RESTORED TO VARIABLE.
                   PARAMETER    8  phi_CBO RESTORED TO VARIABLE.
                   PARAMETER    7  w_CBO RESTORED TO VARIABLE.
                   PARAMETER    6  A_CBO RESTORED TO VARIABLE.
 **********
 **   17 **FIX            0
 **********
 PARAMETER    0  IS UNDEFINED. IGNORED.
 **********
 **   18 **FIX            1
 **********
 **********
 **   19 **FIX            2
 **********
 PARAMETER    2  IS CONSTANT.   IGNORED.
 **********
 **   20 **FIX            3
 **********
 **********
 **   21 **FIX            4
 **********
 **********
 **   22 **FIX            9
 **********
 PARAMETER    9  IS CONSTANT.   IGNORED.
 **********
 **   23 **FIX           11
 **********
 PARAMETER   11  IS CONSTANT.   IGNORED.
 **********
 **   24 **FIX           12
 **********
 PARAMETER   12  IS CONSTANT.   IGNORED.
 **********
 **   25 **FIX           14
 **********
 **********
 **   26 **FIX           15
 **********
 PARAMETER   15  IS CONSTANT.   IGNORED.
 **********
 **   27 **FIX           16
 **********
 PARAMETER   16  IS CONSTANT.   IGNORED.
 **********
 **   28 **MIGRAD
 **********
 START MIGRAD MINIMIZATION.  STRATEGY  1.  CONVERGENCE WHEN EDM .LT. 1.00e-04
 FCN=2475.52 FROM MIGRAD    STATUS=INITIATE       22 CALLS         341 TOTAL
                     EDM= unknown      STRATEGY= 1      NO ERROR MATRIX       
  EXT PARAMETER               CURRENT GUESS       STEP         FIRST   
  NO.   NAME      VALUE            ERROR          SIZE      DERIVATIVE 
   1  N0           2.93422e+06     fixed    
   2  tau          6.44064e+01   constant   
   3  A0           3.50821e-01     fixed    
   4  phi          4.11776e+00     fixed    
   5  R           -6.14263e+01   constant   
   6  A_CBO        5.80039e-03   1.00000e-05   1.00000e-05   1.43673e+05
   7  w_CBO        2.32691e+00   1.00000e-03   1.00000e-03  -2.16285e+06
   8  phi_CBO      5.37168e+00   1.00000e-04   1.00000e-04   8.15591e+01
   9  ANx2         5.09258e-04   constant   
  10  pNx2         1.79030e-01   constant   
  11  ANy1         0.00000e+00   constant   
  12  pNy1         0.00000e+00   constant   
  13  w_y          0.00000e+00   constant   
  14  ANy2         8.95951e-03     fixed    
  15  pNy2         6.17155e+00   constant   
  16  w_vw         1.43200e+01   constant   
  17  LM          -8.21731e-05   constant   
  18  wCBO_expCoeff   2.00000e+02   4.63389e-05   0.00000e+00  -2.51626e+04
  19  wCBO_expOffset   2.00000e+02   2.01532e-06  -0.00000e+00  -4.97591e+05
  20  wCBO_expT    3.00000e+01   2.19910e-06   0.00000e+00  -3.02619e+06
  21  wCBO_linCoeff   0.00000e+00   constant   
  22  wCBO_const   5.77621e-03   1.14591e-03   0.00000e+00  -1.40246e+03
 MIGRAD FAILS TO FIND IMPROVEMENT
 FCN=2182.42 FROM HESSE     STATUS=NOT POSDEF     58 CALLS        1137 TOTAL
                     EDM=105.525    STRATEGY= 1      ERR MATRIX NOT POS-DEF
  EXT PARAMETER                APPROXIMATE        STEP         FIRST   
  NO.   NAME      VALUE            ERROR          SIZE      DERIVATIVE 
   1  N0           2.93422e+06     fixed    
   2  tau          6.44064e+01   constant   
   3  A0           3.50821e-01     fixed    
   4  phi          4.11776e+00     fixed    
   5  R           -6.14263e+01   constant   
   6  A_CBO        2.73679e-03   1.51132e-03   4.66649e-06  -2.32964e+02
   7  w_CBO        2.32691e+00   7.54972e-07   1.10956e-06  -1.13367e+07
   8  phi_CBO      4.03636e+00   1.20192e-01   1.86884e-03   1.02480e+01
   9  ANx2         5.09258e-04   constant   
  10  pNx2         1.79030e-01   constant   
  11  ANy1         0.00000e+00   constant   
  12  pNy1         0.00000e+00   constant   
  13  w_y          0.00000e+00   constant   
  14  ANy2         8.95951e-03     fixed    
  15  pNy2         6.17155e+00   constant   
  16  w_vw         1.43200e+01   constant   
  17  LM          -8.21731e-05   constant   
  18  wCBO_expCoeff   2.00000e+02   6.48824e-05   9.53672e-05  -1.31854e+05
  19  wCBO_expOffset   2.00000e+02   2.91717e-05   9.53672e-05   4.46963e+05
  20  wCBO_expT    3.00000e+01   5.69453e-06   1.43051e-05   2.30941e+06
  21  wCBO_linCoeff   0.00000e+00   constant   
  22  wCBO_const   2.94027e-03   1.13009e-03   5.41958e-06  -8.94990e+03
 MIGRAD FAILS TO FIND IMPROVEMENT
 MIGRAD TERMINATED WITHOUT CONVERGENCE.
 FCN=2182.42 FROM MIGRAD    STATUS=FAILED        829 CALLS        1148 TOTAL
                     EDM=105.525    STRATEGY= 1      ERR MATRIX NOT POS-DEF
  EXT PARAMETER                APPROXIMATE        STEP         FIRST   
  NO.   NAME      VALUE            ERROR          SIZE      DERIVATIVE 
   1  N0           2.93422e+06     fixed    
   2  tau          6.44064e+01   constant   
   3  A0           3.50821e-01     fixed    
   4  phi          4.11776e+00     fixed    
   5  R           -6.14263e+01   constant   
   6  A_CBO        2.73679e-03   1.51132e-03   0.00000e+00  -2.32964e+02
   7  w_CBO        2.32691e+00   7.54972e-07  -0.00000e+00  -1.13367e+07
   8  phi_CBO      4.03636e+00   1.20192e-01  -0.00000e+00   1.02480e+01
   9  ANx2         5.09258e-04   constant   
  10  pNx2         1.79030e-01   constant   
  11  ANy1         0.00000e+00   constant   
  12  pNy1         0.00000e+00   constant   
  13  w_y          0.00000e+00   constant   
  14  ANy2         8.95951e-03     fixed    
  15  pNy2         6.17155e+00   constant   
  16  w_vw         1.43200e+01   constant   
  17  LM          -8.21731e-05   constant   
  18  wCBO_expCoeff   2.00000e+02   6.48824e-05  -0.00000e+00  -1.31854e+05
  19  wCBO_expOffset   2.00000e+02   2.91717e-05  -0.00000e+00   4.46963e+05
  20  wCBO_expT    3.00000e+01   5.69453e-06  -0.00000e+00   2.30941e+06
  21  wCBO_linCoeff   0.00000e+00   constant   
  22  wCBO_const   2.94027e-03   1.13009e-03   0.00000e+00  -8.94990e+03
 EXTERNAL ERROR MATRIX.    NDIM=  25    NPAR=  7    ERR DEF=1
  2.284e-06 -1.107e-09 -1.279e-04 -9.518e-08 -4.379e-08 -8.509e-09  1.652e-06 
 -1.107e-09  5.700e-13  6.565e-08  4.612e-11  2.141e-11  4.175e-12 -8.241e-10 
 -1.279e-04  6.565e-08  1.445e-02  5.642e-06  2.467e-06  4.679e-07 -8.954e-05 
 -9.518e-08  4.612e-11  5.642e-06  4.210e-09  1.840e-09  3.588e-10 -7.083e-08 
 -4.379e-08  2.141e-11  2.467e-06  1.840e-09  8.510e-10  1.645e-10 -3.192e-08 
 -8.509e-09  4.175e-12  4.679e-07  3.588e-10  1.645e-10  3.243e-11 -6.205e-09 
  1.652e-06 -8.241e-10 -8.954e-05 -7.083e-08 -3.192e-08 -6.205e-09  1.277e-06 
ERR MATRIX NOT POS-DEF
 PARAMETER  CORRELATION COEFFICIENTS  
       NO.  GLOBAL      6      7      8     18     19     20     22
        6  0.99418   1.000 -0.971 -0.704 -0.971 -0.993 -0.989  0.967
        7  0.98690  -0.971  1.000  0.723  0.942  0.972  0.971 -0.966
        8  0.83996  -0.704  0.723  1.000  0.723  0.704  0.684 -0.659
       18  0.98689  -0.971  0.942  0.723  1.000  0.972  0.971 -0.966
       19  0.99518  -0.993  0.972  0.704  0.972  1.000  0.990 -0.968
       20  0.99356  -0.989  0.971  0.684  0.971  0.990  1.000 -0.964
       22  0.98589   0.967 -0.966 -0.659 -0.966 -0.968 -0.964  1.000
 ERR MATRIX NOT POS-DEF
MINUIT - FIT ONLY 1-CBO
 **********
 **   29 **RES 
 **********
                   PARAMETER   14  ANy2 RESTORED TO VARIABLE.
                   PARAMETER    4  phi RESTORED TO VARIABLE.
                   PARAMETER    3  A0 RESTORED TO VARIABLE.
                   PARAMETER    1  N0 RESTORED TO VARIABLE.
 **********
 **   30 **FIX            0
 **********
 PARAMETER    0  IS UNDEFINED. IGNORED.
 **********
 **   31 **FIX            1
 **********
 **********
 **   32 **FIX            2
 **********
 PARAMETER    2  IS CONSTANT.   IGNORED.
 **********
 **   33 **FIX            3
 **********
 **********
 **   34 **FIX            4
 **********
 **********
 **   35 **FIX            8
 **********
 **********
 **   36 **FIX            9
 **********
 PARAMETER    9  IS CONSTANT.   IGNORED.
 **********
 **   37 **FIX           11
 **********
 PARAMETER   11  IS CONSTANT.   IGNORED.
 **********
 **   38 **FIX           12
 **********
 PARAMETER   12  IS CONSTANT.   IGNORED.
 **********
 **   39 **FIX           13
 **********
 PARAMETER   13  IS CONSTANT.   IGNORED.
 **********
 **   40 **FIX           15
 **********
 PARAMETER   15  IS CONSTANT.   IGNORED.
 **********
 **   41 **FIX           16
 **********
 PARAMETER   16  IS CONSTANT.   IGNORED.
 **********
 **   42 **MIGRAD
 **********
 START MIGRAD MINIMIZATION.  STRATEGY  1.  CONVERGENCE WHEN EDM .LT. 1.00e-04
 FCN=2182.42 FROM MIGRAD    STATUS=INITIATE       16 CALLS        1164 TOTAL
                     EDM= unknown      STRATEGY= 1      NO ERROR MATRIX       
  EXT PARAMETER               CURRENT GUESS       STEP         FIRST   
  NO.   NAME      VALUE            ERROR          SIZE      DERIVATIVE 
   1  N0           2.93422e+06     fixed    
   2  tau          6.44064e+01   constant   
   3  A0           3.50821e-01     fixed    
   4  phi          4.11776e+00     fixed    
   5  R           -6.14263e+01   constant   
   6  A_CBO        2.73679e-03   1.51132e-03   0.00000e+00  -2.32964e+02
   7  w_CBO        2.32691e+00   7.54972e-07  -0.00000e+00  -8.18603e+06
   8  phi_CBO      4.03636e+00     fixed    
   9  ANx2         5.09258e-04   constant   
  10  pNx2         1.79030e-01   constant   
  11  ANy1         0.00000e+00   constant   
  12  pNy1         0.00000e+00   constant   
  13  w_y          0.00000e+00   constant   
  14  ANy2         8.95951e-03   1.00000e-04   1.00000e-04   3.37836e+05
  15  pNy2         6.17155e+00   constant   
  16  w_vw         1.43200e+01   constant   
  17  LM          -8.21731e-05   constant   
  18  wCBO_expCoeff   2.00000e+02   6.48824e-05  -0.00000e+00  -9.52240e+04
  19  wCBO_expOffset   2.00000e+02   2.91717e-05  -0.00000e+00  -8.34953e+04
  20  wCBO_expT    3.00000e+01   5.69453e-06  -0.00000e+00  -1.08474e+06
  21  wCBO_linCoeff   0.00000e+00   constant   
  22  wCBO_const   2.94027e-03   1.13009e-03   0.00000e+00  -8.94988e+03
 MIGRAD FAILS TO FIND IMPROVEMENT
 FCN=807.1 FROM HESSE     STATUS=NOT POSDEF     58 CALLS        1298 TOTAL
                     EDM=219.814    STRATEGY= 1      ERR MATRIX NOT POS-DEF
  EXT PARAMETER                APPROXIMATE        STEP         FIRST   
  NO.   NAME      VALUE            ERROR          SIZE      DERIVATIVE 
   1  N0           2.93422e+06     fixed    
   2  tau          6.44064e+01   constant   
   3  A0           3.50821e-01     fixed    
   4  phi          4.11776e+00     fixed    
   5  R           -6.14263e+01   constant   
   6  A_CBO        9.47407e-04   1.25713e-03   2.87635e-06   6.74253e+02
   7  w_CBO        2.32691e+00   2.11519e-06   1.10956e-06   9.20144e+05
   8  phi_CBO      4.03636e+00     fixed    
   9  ANx2         5.09258e-04   constant   
  10  pNx2         1.79030e-01   constant   
  11  ANy1         0.00000e+00   constant   
  12  pNy1         0.00000e+00   constant   
  13  w_y          0.00000e+00   constant   
  14  ANy2         8.43548e-04   7.45343e-04   2.96745e-06   1.47353e+03
  15  pNy2         6.17155e+00   constant   
  16  w_vw         1.43200e+01   constant   
  17  LM          -8.21731e-05   constant   
  18  wCBO_expCoeff   1.99999e+02   1.81827e-04   9.53672e-05   1.07066e+04
  19  wCBO_expOffset   2.00000e+02   8.06764e-05   9.53672e-05  -3.03000e+05
  20  wCBO_expT    3.00000e+01   2.54880e-05   1.43051e-05  -2.84955e+05
  21  wCBO_linCoeff   0.00000e+00   constant   
  22  wCBO_const   2.83360e-03   7.70302e-04   1.00671e-05  -1.97396e+02
 MIGRAD FAILS TO FIND IMPROVEMENT
 MIGRAD TERMINATED WITHOUT CONVERGENCE.
 FCN=807.1 FROM MIGRAD    STATUS=FAILED        161 CALLS        1309 TOTAL
                     EDM=219.814    STRATEGY= 1      ERR MATRIX NOT POS-DEF
  EXT PARAMETER                APPROXIMATE        STEP         FIRST   
  NO.   NAME      VALUE            ERROR          SIZE      DERIVATIVE 
   1  N0           2.93422e+06     fixed    
   2  tau          6.44064e+01   constant   
   3  A0           3.50821e-01     fixed    
   4  phi          4.11776e+00     fixed    
   5  R           -6.14263e+01   constant   
   6  A_CBO        9.47407e-04   1.25713e-03  -0.00000e+00   6.74253e+02
   7  w_CBO        2.32691e+00   2.11519e-06   0.00000e+00   9.20144e+05
   8  phi_CBO      4.03636e+00     fixed    
   9  ANx2         5.09258e-04   constant   
  10  pNx2         1.79030e-01   constant   
  11  ANy1         0.00000e+00   constant   
  12  pNy1         0.00000e+00   constant   
  13  w_y          0.00000e+00   constant   
  14  ANy2         8.43548e-04   7.45343e-04  -0.00000e+00   1.47353e+03
  15  pNy2         6.17155e+00   constant   
  16  w_vw         1.43200e+01   constant   
  17  LM          -8.21731e-05   constant   
  18  wCBO_expCoeff   1.99999e+02   1.81827e-04   0.00000e+00   1.07066e+04
  19  wCBO_expOffset   2.00000e+02   8.06764e-05   0.00000e+00  -3.03000e+05
  20  wCBO_expT    3.00000e+01   2.54880e-05   0.00000e+00  -2.84955e+05
  21  wCBO_linCoeff   0.00000e+00   constant   
  22  wCBO_const   2.83360e-03   7.70302e-04  -0.00000e+00  -1.97396e+02
 EXTERNAL ERROR MATRIX.    NDIM=  25    NPAR=  7    ERR DEF=1
  1.580e-06 -2.600e-09  9.137e-07 -2.235e-07 -1.007e-07 -3.176e-08  7.423e-07 
 -2.600e-09  4.474e-12 -1.525e-09  3.740e-10  1.677e-10  5.321e-11 -1.260e-09 
  9.137e-07 -1.525e-09  5.555e-07 -1.311e-07 -5.879e-08 -1.859e-08  4.312e-07 
 -2.235e-07  3.740e-10 -1.311e-07  3.306e-08  1.442e-08  4.574e-09 -1.083e-07 
 -1.007e-07  1.677e-10 -5.879e-08  1.442e-08  6.509e-09  2.046e-09 -4.740e-08 
 -3.176e-08  5.321e-11 -1.859e-08  4.574e-09  2.046e-09  6.496e-10 -1.473e-08 
  7.423e-07 -1.260e-09  4.312e-07 -1.083e-07 -4.740e-08 -1.473e-08  5.934e-07 
ERR MATRIX NOT POS-DEF
 PARAMETER  CORRELATION COEFFICIENTS  
       NO.  GLOBAL      6      7     14     18     19     20     22
        6  0.99361   1.000 -0.978  0.975 -0.978 -0.992 -0.991  0.767
        7  0.98871  -0.978  1.000 -0.968  0.973  0.983  0.987 -0.773
       14  0.97982   0.975 -0.968  1.000 -0.968 -0.978 -0.979  0.751
       18  0.98870  -0.978  0.973 -0.968  1.000  0.983  0.987 -0.773
       19  0.99612  -0.992  0.983 -0.978  0.983  1.000  0.995 -0.763
       20  0.99775  -0.991  0.987 -0.979  0.987  0.995  1.000 -0.750
       22  0.82822   0.767 -0.773  0.751 -0.773 -0.763 -0.750  1.000
 ERR MATRIX NOT POS-DEF
MINUIT - FIT ONLY 2-CBO
 **********
 **   43 **RES 
 **********
                   PARAMETER    8  phi_CBO RESTORED TO VARIABLE.
                   PARAMETER    4  phi RESTORED TO VARIABLE.
                   PARAMETER    3  A0 RESTORED TO VARIABLE.
                   PARAMETER    1  N0 RESTORED TO VARIABLE.
 **********
 **   44 **FIX            0
 **********
 PARAMETER    0  IS UNDEFINED. IGNORED.
 **********
 **   45 **FIX            1
 **********
 **********
 **   46 **FIX            2
 **********
 PARAMETER    2  IS CONSTANT.   IGNORED.
 **********
 **   47 **FIX            3
 **********
 **********
 **   48 **FIX            4
 **********
 **********
 **   49 **FIX            5
 **********
 PARAMETER    5  IS CONSTANT.   IGNORED.
 **********
 **   50 **FIX            6
 **********
 **********
 **   51 **FIX            7
 **********
 **********
 **   52 **FIX           10
 **********
 PARAMETER   10  IS CONSTANT.   IGNORED.
 **********
 **   53 **FIX           11
 **********
 PARAMETER   11  IS CONSTANT.   IGNORED.
 **********
 **   54 **FIX           12
 **********
 PARAMETER   12  IS CONSTANT.   IGNORED.
 **********
 **   55 **FIX           13
 **********
 PARAMETER   13  IS CONSTANT.   IGNORED.
 **********
 **   56 **FIX           14
 **********
 **********
 **   57 **FIX           15
 **********
 PARAMETER   15  IS CONSTANT.   IGNORED.
 **********
 **   58 **FIX           16
 **********
 PARAMETER   16  IS CONSTANT.   IGNORED.
 **********
 **   59 **MIGRAD
 **********
 START MIGRAD MINIMIZATION.  STRATEGY  1.  CONVERGENCE WHEN EDM .LT. 1.00e-04
 FCN=807.1 FROM MIGRAD    STATUS=INITIATE       12 CALLS        1321 TOTAL
                     EDM= unknown      STRATEGY= 1      NO ERROR MATRIX       
  EXT PARAMETER               CURRENT GUESS       STEP         FIRST   
  NO.   NAME      VALUE            ERROR          SIZE      DERIVATIVE 
   1  N0           2.93422e+06     fixed    
   2  tau          6.44064e+01   constant   
   3  A0           3.50821e-01     fixed    
   4  phi          4.11776e+00     fixed    
   5  R           -6.14263e+01   constant   
   6  A_CBO        9.47407e-04     fixed    
   7  w_CBO        2.32691e+00     fixed    
   8  phi_CBO      4.03636e+00   1.20192e-01   1.20192e-01   1.68732e+01
   9  ANx2         5.09258e-04   constant   
  10  pNx2         1.79030e-01   constant   
  11  ANy1         0.00000e+00   constant   
  12  pNy1         0.00000e+00   constant   
  13  w_y          0.00000e+00   constant   
  14  ANy2         8.43548e-04     fixed    
  15  pNy2         6.17155e+00   constant   
  16  w_vw         1.43200e+01   constant   
  17  LM          -8.21731e-05   constant   
  18  wCBO_expCoeff   1.99999e+02   1.81827e-04   0.00000e+00   1.37213e+03
  19  wCBO_expOffset   2.00000e+02   8.06764e-05   0.00000e+00   7.18752e+03
  20  wCBO_expT    3.00000e+01   2.54880e-05   0.00000e+00   7.84318e+05
  21  wCBO_linCoeff   0.00000e+00   constant   
  22  wCBO_const   2.83360e-03   7.70302e-04  -0.00000e+00  -1.97407e+02
 MIGRAD FAILS TO FIND IMPROVEMENT
 FCN=798.379 FROM HESSE     STATUS=NOT POSDEF     37 CALLS        1419 TOTAL
                     EDM=28.9109    STRATEGY= 1      ERR MATRIX NOT POS-DEF
  EXT PARAMETER                APPROXIMATE        STEP         FIRST   
  NO.   NAME      VALUE            ERROR          SIZE      DERIVATIVE 
   1  N0           2.93422e+06     fixed    
   2  tau          6.44064e+01   constant   
   3  A0           3.50821e-01     fixed    
   4  phi          4.11776e+00     fixed    
   5  R           -6.14263e+01   constant   
   6  A_CBO        9.47407e-04     fixed    
   7  w_CBO        2.32691e+00     fixed    
   8  phi_CBO      2.93633e+00   2.46659e-01   2.90183e-03  -6.74792e-01
   9  ANx2         5.09258e-04   constant   
  10  pNx2         1.79030e-01   constant   
  11  ANy1         0.00000e+00   constant   
  12  pNy1         0.00000e+00   constant   
  13  w_y          0.00000e+00   constant   
  14  ANy2         8.43548e-04     fixed    
  15  pNy2         6.17155e+00   constant   
  16  w_vw         1.43200e+01   constant   
  17  LM          -8.21731e-05   constant   
  18  wCBO_expCoeff   1.99999e+02   3.80274e-04   9.53671e-05  -7.19143e+03
  19  wCBO_expOffset   2.00000e+02   5.51331e-05   9.53672e-05   1.59220e+05
  20  wCBO_expT    3.00000e+01   1.16739e-05   1.43051e-05  -4.11785e+05
  21  wCBO_linCoeff   0.00000e+00   constant   
  22  wCBO_const   1.71223e-03   5.49515e-03   7.47884e-06  -1.71923e+03
 MIGRAD FAILS TO FIND IMPROVEMENT
 MIGRAD TERMINATED WITHOUT CONVERGENCE.
 FCN=798.325 FROM MIGRAD    STATUS=FAILED        134 CALLS        1443 TOTAL
                     EDM=53.069    STRATEGY= 1      ERR MATRIX NOT POS-DEF
  EXT PARAMETER                APPROXIMATE        STEP         FIRST   
  NO.   NAME      VALUE            ERROR          SIZE      DERIVATIVE 
   1  N0           2.93422e+06     fixed    
   2  tau          6.44064e+01   constant   
   3  A0           3.50821e-01     fixed    
   4  phi          4.11776e+00     fixed    
   5  R           -6.14263e+01   constant   
   6  A_CBO        9.47407e-04     fixed    
   7  w_CBO        2.32691e+00     fixed    
   8  phi_CBO      2.93739e+00   2.46215e-01   0.00000e+00   7.51586e-01
   9  ANx2         5.09258e-04   constant   
  10  pNx2         1.79030e-01   constant   
  11  ANy1         0.00000e+00   constant   
  12  pNy1         0.00000e+00   constant   
  13  w_y          0.00000e+00   constant   
  14  ANy2         8.43548e-04     fixed    
  15  pNy2         6.17155e+00   constant   
  16  w_vw         1.43200e+01   constant   
  17  LM          -8.21731e-05   constant   
  18  wCBO_expCoeff   1.99999e+02   1.37070e-05   0.00000e+00  -7.41151e+03
  19  wCBO_expOffset   2.00000e+02   1.24140e-05  -0.00000e+00   1.37181e+05
  20  wCBO_expT    3.00000e+01   2.34994e-06   0.00000e+00  -3.41670e+05
  21  wCBO_linCoeff   0.00000e+00   constant   
  22  wCBO_const   1.86734e-03   3.91967e-04  -0.00000e+00  -2.51717e+03
 EXTERNAL ERROR MATRIX.    NDIM=  25    NPAR=  5    ERR DEF=1
  6.062e-02 -2.205e-06 -8.587e-07 -2.461e-07  1.084e-04 
 -2.205e-06 -1.879e-10  1.580e-10  1.507e-11  1.976e-08 
 -8.587e-07  1.580e-10  1.541e-10  1.665e-11 -4.733e-10 
 -2.461e-07  1.507e-11  1.665e-11  5.522e-12  3.840e-10 
  1.084e-04  1.976e-08 -4.733e-10  3.840e-10 -1.536e-07 
ERR MATRIX NOT POS-DEF
 PARAMETER  CORRELATION COEFFICIENTS  
       NO.  GLOBAL      8     18     19     20     22
        8  0.00000   1.000 -0.653 -0.281 -0.425  1.123
       18  0.00000  -0.653 -1.000  0.928  0.468  3.678
       19  0.00000  -0.281  0.928  1.000  0.571 -0.097
       20  0.00000  -0.425  0.468  0.571  1.000  0.417
       22  0.00000   1.123  3.678 -0.097  0.417 -1.000
 ERR MATRIX NOT POS-DEF
MINUIT - FIT ONLY 1-y
 **********
 **   60 **RES 
 **********
                   PARAMETER   14  ANy2 RESTORED TO VARIABLE.
                   PARAMETER    7  w_CBO RESTORED TO VARIABLE.
                   PARAMETER    6  A_CBO RESTORED TO VARIABLE.
                   PARAMETER    4  phi RESTORED TO VARIABLE.
                   PARAMETER    3  A0 RESTORED TO VARIABLE.
                   PARAMETER    1  N0 RESTORED TO VARIABLE.
 **********
 **   61 **FIX            0
 **********
 PARAMETER    0  IS UNDEFINED. IGNORED.
 **********
 **   62 **FIX            1
 **********
 **********
 **   63 **FIX            2
 **********
 PARAMETER    2  IS CONSTANT.   IGNORED.
 **********
 **   64 **FIX            3
 **********
 **********
 **   65 **FIX            4
 **********
 **********
 **   66 **FIX            5
 **********
 PARAMETER    5  IS CONSTANT.   IGNORED.
 **********
 **   67 **FIX            6
 **********
 **********
 **   68 **FIX            7
 **********
 **********
 **   69 **FIX            8
 **********
 **********
 **   70 **FIX            9
 **********
 PARAMETER    9  IS CONSTANT.   IGNORED.
 **********
 **   71 **FIX           13
 **********
 PARAMETER   13  IS CONSTANT.   IGNORED.
 **********
 **   72 **FIX           14
 **********
 **********
 **   73 **FIX           15
 **********
 PARAMETER   15  IS CONSTANT.   IGNORED.
 **********
 **   74 **FIX           16
 **********
 PARAMETER   16  IS CONSTANT.   IGNORED.
 **********
 **   75 **MIGRAD
 **********
 START MIGRAD MINIMIZATION.  STRATEGY  1.  CONVERGENCE WHEN EDM .LT. 1.00e-04
 FCN=798.325 FROM MIGRAD    STATUS=INITIATE        8 CALLS        1451 TOTAL
                     EDM= unknown      STRATEGY= 1      NO ERROR MATRIX       
  EXT PARAMETER               CURRENT GUESS       STEP         FIRST   
  NO.   NAME      VALUE            ERROR          SIZE      DERIVATIVE 
   1  N0           2.93422e+06     fixed    
   2  tau          6.44064e+01   constant   
   3  A0           3.50821e-01     fixed    
   4  phi          4.11776e+00     fixed    
   5  R           -6.14263e+01   constant   
   6  A_CBO        9.47407e-04     fixed    
   7  w_CBO        2.32691e+00     fixed    
   8  phi_CBO      2.93739e+00     fixed    
   9  ANx2         5.09258e-04   constant   
  10  pNx2         1.79030e-01   constant   
  11  ANy1         0.00000e+00   constant   
  12  pNy1         0.00000e+00   constant   
  13  w_y          0.00000e+00   constant   
  14  ANy2         8.43548e-04     fixed    
  15  pNy2         6.17155e+00   constant   
  16  w_vw         1.43200e+01   constant   
  17  LM          -8.21731e-05   constant   
  18  wCBO_expCoeff   1.99999e+02   1.37070e-05   0.00000e+00  -7.41151e+03
  19  wCBO_expOffset   2.00000e+02   1.24140e-05  -0.00000e+00   1.37181e+05
  20  wCBO_expT    3.00000e+01   2.34994e-06   0.00000e+00  -3.41670e+05
  21  wCBO_linCoeff   0.00000e+00   constant   
  22  wCBO_const   1.86734e-03   3.91967e-04  -0.00000e+00  -2.51717e+03
 MIGRAD FAILS TO FIND IMPROVEMENT
 FCN=798.325 FROM HESSE     STATUS=NOT POSDEF     27 CALLS        1489 TOTAL
                     EDM=35.7547    STRATEGY= 1      ERR MATRIX NOT POS-DEF
  EXT PARAMETER                APPROXIMATE        STEP         FIRST   
  NO.   NAME      VALUE            ERROR          SIZE      DERIVATIVE 
   1  N0           2.93422e+06     fixed    
   2  tau          6.44064e+01   constant   
   3  A0           3.50821e-01     fixed    
   4  phi          4.11776e+00     fixed    
   5  R           -6.14263e+01   constant   
   6  A_CBO        9.47407e-04     fixed    
   7  w_CBO        2.32691e+00     fixed    
   8  phi_CBO      2.93739e+00     fixed    
   9  ANx2         5.09258e-04   constant   
  10  pNx2         1.79030e-01   constant   
  11  ANy1         0.00000e+00   constant   
  12  pNy1         0.00000e+00   constant   
  13  w_y          0.00000e+00   constant   
  14  ANy2         8.43548e-04     fixed    
  15  pNy2         6.17155e+00   constant   
  16  w_vw         1.43200e+01   constant   
  17  LM          -8.21731e-05   constant   
  18  wCBO_expCoeff   1.99999e+02   4.26752e-04   9.53671e-05  -2.30366e+04
  19  wCBO_expOffset   2.00000e+02   5.86146e-05   9.53672e-05   1.33182e+05
  20  wCBO_expT    3.00000e+01   1.20949e-05   1.43051e-05  -1.91537e+05
  21  wCBO_linCoeff   0.00000e+00   constant   
  22  wCBO_const   1.86734e-03   6.46939e-03   7.86360e-06  -2.51720e+03
 MIGRAD FAILS TO FIND IMPROVEMENT
 MIGRAD TERMINATED WITHOUT CONVERGENCE.
 FCN=798.322 FROM MIGRAD    STATUS=FAILED         72 CALLS        1515 TOTAL
                     EDM=73.4587    STRATEGY= 1      ERR MATRIX NOT POS-DEF
  EXT PARAMETER                APPROXIMATE        STEP         FIRST   
  NO.   NAME      VALUE            ERROR          SIZE      DERIVATIVE 
   1  N0           2.93422e+06     fixed    
   2  tau          6.44064e+01   constant   
   3  A0           3.50821e-01     fixed    
   4  phi          4.11776e+00     fixed    
   5  R           -6.14263e+01   constant   
   6  A_CBO        9.47407e-04     fixed    
   7  w_CBO        2.32691e+00     fixed    
   8  phi_CBO      2.93739e+00     fixed    
   9  ANx2         5.09258e-04   constant   
  10  pNx2         1.79030e-01   constant   
  11  ANy1         0.00000e+00   constant   
  12  pNy1         0.00000e+00   constant   
  13  w_y          0.00000e+00   constant   
  14  ANy2         8.43548e-04     fixed    
  15  pNy2         6.17155e+00   constant   
  16  w_vw         1.43200e+01   constant   
  17  LM          -8.21731e-05   constant   
  18  wCBO_expCoeff   1.99999e+02   6.21456e-06   0.00000e+00  -1.07627e+04
  19  wCBO_expOffset   2.00000e+02   1.04879e-05  -0.00000e+00   1.36771e+05
  20  wCBO_expT    3.00000e+01   2.44733e-06   0.00000e+00  -3.16914e+05
  21  wCBO_linCoeff   0.00000e+00   constant   
  22  wCBO_const   1.91210e-03   2.54269e-04   0.00000e+00  -2.71321e+03
 EXTERNAL ERROR MATRIX.    NDIM=  25    NPAR=  4    ERR DEF=1
  3.862e-11  4.465e-11  4.138e-11  6.694e-09 
  4.465e-11  1.100e-10  1.369e-11  1.780e-10 
  4.138e-11  1.369e-11  5.989e-12 -1.547e-10 
  6.694e-09  1.780e-10 -1.547e-10  6.465e-08 
ERR MATRIX NOT POS-DEF
 PARAMETER  CORRELATION COEFFICIENTS  
       NO.  GLOBAL     18     19     20     22
       18  6.16345   1.000  0.685  2.721  4.236
       19  0.47409   0.685  1.000  0.533  0.067
       20  0.00000   2.721  0.533  1.000 -0.249
       22  0.00000   4.236  0.067 -0.249  1.000
 ERR MATRIX NOT POS-DEF
MINUIT - FIT ONLY 2-y
 **********
 **   76 **RES 
 **********
                   PARAMETER   14  ANy2 RESTORED TO VARIABLE.
                   PARAMETER    8  phi_CBO RESTORED TO VARIABLE.
                   PARAMETER    7  w_CBO RESTORED TO VARIABLE.
                   PARAMETER    6  A_CBO RESTORED TO VARIABLE.
                   PARAMETER    4  phi RESTORED TO VARIABLE.
                   PARAMETER    3  A0 RESTORED TO VARIABLE.
                   PARAMETER    1  N0 RESTORED TO VARIABLE.
 **********
 **   77 **FIX            0
 **********
