 + ++++++++++++++++++++++++++++++++++++++++++++++++++++++++++++++++++++ +
 +                                                                      +
 +           You have chose to blind your fitting according to          +
 +                omega_ref * (1 + (R +/- deltaR) *10^{-6})             +
 +                                                                      +
 + ++++++++++++++++++++++++++++++++++++++++++++++++++++++++++++++++++++ +
In main()...
reading format from /gm2data/zkhechad/run45/envelope/formats/formatB_sBin_constraintOn.txt
pBinTau 	= 0  
pBinPhi 	= 0  
constraintau 	= 1 
includeMopTerm 	= 0    
constrainMop    = 0   
Parameters after format file: pBinTau 0 pBinPhi 0 constraintau 1 includeMopTerm 0 constrainMop 0 c_e_scale 0.000000 
reading cbo reference file (full fit) from /gm2data/zkhechad/cboTemplates/Run4CBOTemplates/fullFits/run4/sBin_constraintOn_cE0.0_seed0_run4_calo24.root
A_CBO 0.008786 w_CBO 2.327157 phi_CBO 2.253382 N0 3075736.764901 R -61.041197 tau 64.406859 
Reading cboRef file /gm2data/zkhechad/cboTemplates/Run4CBOTemplates//cboIsolate/run4_calo24.root
deltaT 164.120000
windowBins = 1100
fitting sliding window 1600 from bin 1803 at 269.007600 to bin 2903 at 433.127600 (1100 bins)

Reading data from /gm2data/cornell/histograms/aMethod/histogram_a_run4.root
fitting cbo isolate
 **********
 **    1 **SET PRINTOUT            1
 **********
 **********
 **    2 **SET NOWARNINGS 
 **********
 PARAMETER DEFINITIONS:
    NO.   NAME         VALUE      STEP SIZE      LIMITS
     1 A_CBO        8.78574e-03  1.00000e-05     no limits
     2 w_CBO        2.32716e+00  1.00000e-02    2.00000e+00  3.00000e+00
     3 phi_CBO      2.25338e+00  1.00000e-02    0.00000e+00  6.28319e+00
 **********
 **    3 **MIGRAD
 **********
 FIRST CALL TO USER FUNCTION AT NEW START POINT, WITH IFLAG=4.
 START MIGRAD MINIMIZATION.  STRATEGY  1.  CONVERGENCE WHEN EDM .LT. 1.00e-04
 FCN=0.0637846 FROM MIGRAD    STATUS=INITIATE       12 CALLS          13 TOTAL
                     EDM= unknown      STRATEGY= 1      NO ERROR MATRIX       
  EXT PARAMETER               CURRENT GUESS       STEP         FIRST   
  NO.   NAME      VALUE            ERROR          SIZE      DERIVATIVE 
   1  A_CBO        8.78574e-03   1.00000e-05   1.00000e-05   6.75517e+00
   2  w_CBO        2.32716e+00   1.00000e-02   2.13163e-02   1.43460e+00
   3  phi_CBO      2.25338e+00   1.00000e-02   3.31850e-03  -2.54770e-02
 MIGRAD MINIMIZATION HAS CONVERGED.
 MIGRAD WILL VERIFY CONVERGENCE AND ERROR MATRIX.
 COVARIANCE MATRIX CALCULATED SUCCESSFULLY
 FCN=0.042626 FROM MIGRAD    STATUS=CONVERGED      58 CALLS          59 TOTAL
                     EDM=2.87519e-05    STRATEGY= 1      ERROR MATRIX ACCURATE 
  EXT PARAMETER                                   STEP         FIRST   
  NO.   NAME      VALUE            ERROR          SIZE      DERIVATIVE 
   1  A_CBO        2.76357e-03   4.29689e-02   2.12777e-05  -2.42404e-02
   2  w_CBO        2.32671e+00   3.03259e-01   4.87285e-05   3.01700e-02
   3  phi_CBO      2.39687e+00   3.89583e+00   2.64143e-03  -3.70730e-04
 EXTERNAL ERROR MATRIX.    NDIM=  25    NPAR=  3    ERR DEF=1
  1.846e-03 -1.653e-03 -5.722e-01 
 -1.653e-03  1.087e-01  3.817e+01 
 -5.722e-01  3.817e+01  1.364e+04 
 PARAMETER  CORRELATION COEFFICIENTS  
       NO.  GLOBAL      1      2      3
        1  0.11729   1.000 -0.117 -0.114
        2  0.99132  -0.117  1.000  0.991
        3  0.99131  -0.114  0.991  1.000
setting A_CBO=0.002764 w_CBO=2.326714, phi_CBO=2.396871
done fitting cbo isolate
 **********
 **    1 **SET PRINTOUT            1
 **********
 **********
 **    2 **SET NOWARNINGS 
 **********
 PARAMETER DEFINITIONS:
    NO.   NAME         VALUE      STEP SIZE      LIMITS
     1 N0           3.07574e+06  1.00000e+02     no limits
     2 tau          6.44069e+01  constant
     3 A0           3.65045e-01  1.00000e-04     no limits
     4 phi          4.11943e+00  1.00000e-02     no limits
     5 R           -6.10412e+01  constant
     6 A_CBO        2.76357e-03  1.00000e-05     no limits
     7 w_CBO        2.32671e+00  1.00000e-03     no limits
     8 phi_CBO      2.39687e+00  1.00000e-04     no limits
     9 ANx2         1.88981e-04  constant
    10 pNx2         1.59299e+00  constant
    11 ANy1         0.00000e+00  constant
    12 pNy1         0.00000e+00  constant
    13 w_y          0.00000e+00  constant
    14 ANy2         1.39657e-02  1.00000e-04     no limits
    15 pNy2         4.84726e+00  constant
    16 w_vw         1.43184e+01  constant
    17 LM           1.57605e-04  constant
    18 wCBO_expCoeff   2.00000e+02  1.00000e+00     no limits
    19 wCBO_expOffset   2.00000e+02  1.00000e+00     no limits
    20 wCBO_expT    3.00000e+01  1.00000e+00     no limits
    21 wCBO_linCoeff   0.00000e+00  constant
    22 wCBO_const   0.00000e+00  1.00000e-02     no limits
MINUIT - FIT ONLY WIGGLE
 **********
 **    3 **FIX            5
 **********
 PARAMETER    5  IS CONSTANT.   IGNORED.
 **********
 **    4 **FIX            6
 **********
 **********
 **    5 **FIX            7
 **********
 **********
 **    6 **FIX            8
 **********
 **********
 **    7 **FIX            9
 **********
 PARAMETER    9  IS CONSTANT.   IGNORED.
 **********
 **    8 **FIX           10
 **********
 PARAMETER   10  IS CONSTANT.   IGNORED.
 **********
 **    9 **FIX           11
 **********
 PARAMETER   11  IS CONSTANT.   IGNORED.
 **********
 **   10 **FIX           12
 **********
 PARAMETER   12  IS CONSTANT.   IGNORED.
 **********
 **   11 **FIX           13
 **********
 PARAMETER   13  IS CONSTANT.   IGNORED.
 **********
 **   12 **FIX           14
 **********
 **********
 **   13 **FIX           15
 **********
 PARAMETER   15  IS CONSTANT.   IGNORED.
 **********
 **   14 **FIX           16
 **********
 PARAMETER   16  IS CONSTANT.   IGNORED.
 **********
 **   15 **MIGRAD
 **********
 FIRST CALL TO USER FUNCTION AT NEW START POINT, WITH IFLAG=4.
 START MIGRAD MINIMIZATION.  STRATEGY  1.  CONVERGENCE WHEN EDM .LT. 1.00e-04
 FCN=1804.54 FROM MIGRAD    STATUS=INITIATE       34 CALLS          35 TOTAL
                     EDM= unknown      STRATEGY= 1      NO ERROR MATRIX       
  EXT PARAMETER               CURRENT GUESS       STEP         FIRST   
  NO.   NAME      VALUE            ERROR          SIZE      DERIVATIVE 
   1  N0           3.07574e+06   1.00000e+02   1.00000e+02   1.66084e-04
   2  tau          6.44069e+01   constant   
   3  A0           3.65045e-01   1.00000e-04   1.00000e-04   2.72670e+03
   4  phi          4.11943e+00   1.00000e-02   1.00000e-02  -2.82188e+02
   5  R           -6.10412e+01   constant   
   6  A_CBO        2.76357e-03     fixed    
   7  w_CBO        2.32671e+00     fixed    
   8  phi_CBO      2.39687e+00     fixed    
   9  ANx2         1.88981e-04   constant   
  10  pNx2         1.59299e+00   constant   
  11  ANy1         0.00000e+00   constant   
  12  pNy1         0.00000e+00   constant   
  13  w_y          0.00000e+00   constant   
  14  ANy2         1.39657e-02     fixed    
  15  pNy2         4.84726e+00   constant   
  16  w_vw         1.43184e+01   constant   
  17  LM           1.57605e-04   constant   
  18  wCBO_expCoeff   2.00000e+02   1.00000e+00   1.00000e+00  -1.01519e+03
  19  wCBO_expOffset   2.00000e+02   1.00000e+00   1.00000e+00  -6.76087e+03
  20  wCBO_expT    3.00000e+01   1.00000e+00   1.00000e+00  -1.68423e+04
  21  wCBO_linCoeff   0.00000e+00   constant   
  22  wCBO_const   0.00000e+00   1.00000e-02   1.00000e-02  -9.96441e+03
 MIGRAD MINIMIZATION HAS CONVERGED.
 FCN=1740.95 FROM MIGRAD    STATUS=CONVERGED     248 CALLS         249 TOTAL
                     EDM=5.60202e-06    STRATEGY= 1  ERROR MATRIX UNCERTAINTY   1.5 per cent
  EXT PARAMETER                                   STEP         FIRST   
  NO.   NAME      VALUE            ERROR          SIZE      DERIVATIVE 
   1  N0           3.07588e+06   8.21846e+02  -2.13236e+00  -3.14473e-06
   2  tau          6.44069e+01   constant   
   3  A0           3.64939e-01   3.57266e-04   3.90997e-07  -2.48297e+00
   4  phi          4.11954e+00   1.04636e-03   2.62124e-06  -2.33335e-01
   5  R           -6.10412e+01   constant   
   6  A_CBO        2.76357e-03     fixed    
   7  w_CBO        2.32671e+00     fixed    
   8  phi_CBO      2.39687e+00     fixed    
   9  ANx2         1.88981e-04   constant   
  10  pNx2         1.59299e+00   constant   
  11  ANy1         0.00000e+00   constant   
  12  pNy1         0.00000e+00   constant   
  13  w_y          0.00000e+00   constant   
  14  ANy2         1.39657e-02     fixed    
  15  pNy2         4.84726e+00   constant   
  16  w_vw         1.43184e+01   constant   
  17  LM           1.57605e-04   constant   
  18  wCBO_expCoeff   2.00094e+02   3.18695e-02   2.92062e-04   6.57118e-01
  19  wCBO_expOffset   2.00014e+02   4.74370e-03   4.32885e-05   5.29252e+00
  20  wCBO_expT    2.99833e+01   4.51907e-03  -4.20738e-05   1.17555e+01
  21  wCBO_linCoeff   0.00000e+00   constant   
  22  wCBO_const   8.27815e-03   1.07628e-03   1.11841e-05   8.54981e+00
 EXTERNAL ERROR MATRIX.    NDIM=  25    NPAR=  7    ERR DEF=1
  6.754e+05 -6.112e-04 -1.557e-02  7.554e-01  1.191e-01 -1.004e-01  1.737e-02 
 -6.112e-04  1.276e-07  2.095e-11  8.549e-08  1.120e-08 -1.051e-08  2.190e-09 
 -1.557e-02  2.095e-11  1.095e-06  3.033e-06  4.428e-07 -4.712e-07  1.205e-07 
  7.554e-01  8.549e-08  3.033e-06  1.016e-03  1.459e-04 -1.418e-04  3.040e-05 
  1.191e-01  1.120e-08  4.428e-07  1.459e-04  2.250e-05 -2.110e-05  4.512e-06 
 -1.004e-01 -1.051e-08 -4.712e-07 -1.418e-04 -2.110e-05  2.042e-05 -4.533e-06 
  1.737e-02  2.190e-09  1.205e-07  3.040e-05  4.512e-06 -4.533e-06  1.158e-06 
 PARAMETER  CORRELATION COEFFICIENTS  
       NO.  GLOBAL      1      3      4     18     19     20     22
        1  0.04382   1.000 -0.002 -0.018  0.029  0.031 -0.027  0.020
        3  0.01101  -0.002  1.000  0.000  0.008  0.007 -0.007  0.006
        4  0.12581  -0.018  0.000  1.000  0.091  0.089 -0.100  0.107
       18  0.99204   0.029  0.008  0.091  1.000  0.965 -0.985  0.886
       19  0.99195   0.031  0.007  0.089  0.965  1.000 -0.984  0.884
       20  0.99829  -0.027 -0.007 -0.100 -0.985 -0.984  1.000 -0.932
       22  0.97381   0.020  0.006  0.107  0.886  0.884 -0.932  1.000
MINUIT - FIT ONLY 1-CBO + other amplitudes 
 **********
 **   16 **RES 
 **********
                   PARAMETER   14  ANy2 RESTORED TO VARIABLE.
                   PARAMETER    8  phi_CBO RESTORED TO VARIABLE.
                   PARAMETER    7  w_CBO RESTORED TO VARIABLE.
                   PARAMETER    6  A_CBO RESTORED TO VARIABLE.
 **********
 **   17 **FIX            0
 **********
 PARAMETER    0  IS UNDEFINED. IGNORED.
 **********
 **   18 **FIX            1
 **********
 **********
 **   19 **FIX            2
 **********
 PARAMETER    2  IS CONSTANT.   IGNORED.
 **********
 **   20 **FIX            3
 **********
 **********
 **   21 **FIX            4
 **********
 **********
 **   22 **FIX            9
 **********
 PARAMETER    9  IS CONSTANT.   IGNORED.
 **********
 **   23 **FIX           11
 **********
 PARAMETER   11  IS CONSTANT.   IGNORED.
 **********
 **   24 **FIX           12
 **********
 PARAMETER   12  IS CONSTANT.   IGNORED.
 **********
 **   25 **FIX           14
 **********
 **********
 **   26 **FIX           15
 **********
 PARAMETER   15  IS CONSTANT.   IGNORED.
 **********
 **   27 **FIX           16
 **********
 PARAMETER   16  IS CONSTANT.   IGNORED.
 **********
 **   28 **MIGRAD
 **********
 START MIGRAD MINIMIZATION.  STRATEGY  1.  CONVERGENCE WHEN EDM .LT. 1.00e-04
 FCN=1740.95 FROM MIGRAD    STATUS=INITIATE       22 CALLS         271 TOTAL
                     EDM= unknown      STRATEGY= 1      NO ERROR MATRIX       
  EXT PARAMETER               CURRENT GUESS       STEP         FIRST   
  NO.   NAME      VALUE            ERROR          SIZE      DERIVATIVE 
   1  N0           3.07588e+06     fixed    
   2  tau          6.44069e+01   constant   
   3  A0           3.64939e-01     fixed    
   4  phi          4.11954e+00     fixed    
   5  R           -6.10412e+01   constant   
   6  A_CBO        2.76357e-03   1.00000e-05   1.00000e-05   9.93408e+03
   7  w_CBO        2.32671e+00   1.00000e-03   1.00000e-03   6.02628e+01
   8  phi_CBO      2.39687e+00   1.00000e-04   1.00000e-04  -9.71164e-01
   9  ANx2         1.88981e-04   constant   
  10  pNx2         1.59299e+00   constant   
  11  ANy1         0.00000e+00   constant   
  12  pNy1         0.00000e+00   constant   
  13  w_y          0.00000e+00   constant   
  14  ANy2         1.39657e-02     fixed    
  15  pNy2         4.84726e+00   constant   
  16  w_vw         1.43184e+01   constant   
  17  LM           1.57605e-04   constant   
  18  wCBO_expCoeff   2.00094e+02   3.18695e-02   2.92062e-04   6.57118e-01
  19  wCBO_expOffset   2.00014e+02   4.74370e-03   4.32885e-05   5.29252e+00
  20  wCBO_expT    2.99833e+01   4.51907e-03  -4.20738e-05   1.17555e+01
  21  wCBO_linCoeff   0.00000e+00   constant   
  22  wCBO_const   8.27815e-03   1.07628e-03   1.11841e-05   8.54982e+00
 MIGRAD MINIMIZATION HAS CONVERGED.
 FCN=1731.07 FROM MIGRAD    STATUS=CONVERGED     244 CALLS         493 TOTAL
                     EDM=2.79198e-06    STRATEGY= 1  ERROR MATRIX UNCERTAINTY   4.0 per cent
  EXT PARAMETER                                   STEP         FIRST   
  NO.   NAME      VALUE            ERROR          SIZE      DERIVATIVE 
   1  N0           3.07588e+06     fixed    
   2  tau          6.44069e+01   constant   
   3  A0           3.64939e-01     fixed    
   4  phi          4.11954e+00     fixed    
   5  R           -6.10412e+01   constant   
   6  A_CBO        2.06172e-03   3.80992e-04  -6.12431e-06   4.04397e+00
   7  w_CBO        2.32685e+00   1.96643e-04  -2.55774e-06  -5.16004e+01
   8  phi_CBO      3.96868e+00   4.22419e-01  -1.13641e-02   9.15046e-03
   9  ANx2         1.88981e-04   constant   
  10  pNx2         1.59299e+00   constant   
  11  ANy1         0.00000e+00   constant   
  12  pNy1         0.00000e+00   constant   
  13  w_y          0.00000e+00   constant   
  14  ANy2         1.39657e-02     fixed    
  15  pNy2         4.84726e+00   constant   
  16  w_vw         1.43184e+01   constant   
  17  LM           1.57605e-04   constant   
  18  wCBO_expCoeff   2.00103e+02   1.82880e-02  -2.10654e-04  -5.55610e-01
  19  wCBO_expOffset   2.00015e+02   2.71963e-03  -3.11080e-05  -3.60850e+00
  20  wCBO_expT    2.99813e+01   3.68168e-03   4.98475e-05  -9.35232e+00
  21  wCBO_linCoeff   0.00000e+00   constant   
  22  wCBO_const   1.08124e-02   9.49063e-04  -2.52906e-05  -8.77743e+00
 EXTERNAL ERROR MATRIX.    NDIM=  25    NPAR=  7    ERR DEF=1
  1.452e-07  1.431e-09 -7.001e-06  1.566e-07  2.357e-08 -2.178e-08 -8.314e-09 
  1.431e-09  3.867e-08  5.450e-06  3.371e-06  5.009e-07 -7.023e-07  1.373e-07 
 -7.001e-06  5.450e-06  1.784e-01  2.199e-04  3.023e-05 -2.425e-05  1.866e-04 
  1.566e-07  3.371e-06  2.199e-04  3.344e-04  4.668e-05 -6.514e-05  1.220e-05 
  2.357e-08  5.009e-07  3.023e-05  4.668e-05  7.396e-06 -9.681e-06  1.809e-06 
 -2.178e-08 -7.023e-07 -2.425e-05 -6.514e-05 -9.681e-06  1.355e-05 -2.717e-06 
 -8.314e-09  1.373e-07  1.866e-04  1.220e-05  1.809e-06 -2.717e-06  9.007e-07 
 PARAMETER  CORRELATION COEFFICIENTS  
       NO.  GLOBAL      6      7      8     18     19     20     22
        6  0.07124   1.000  0.019 -0.043  0.022  0.023 -0.016 -0.023
        7  0.98149   0.019  1.000  0.066  0.937  0.937 -0.970  0.736
        8  0.89771  -0.043  0.066  1.000  0.028  0.026 -0.016  0.465
       18  0.98114   0.022  0.937  0.028  1.000  0.939 -0.967  0.703
       19  0.98086   0.023  0.937  0.026  0.939  1.000 -0.967  0.701
       20  0.99752  -0.016 -0.970 -0.016 -0.967 -0.967  1.000 -0.777
       22  0.96725  -0.023  0.736  0.465  0.703  0.701 -0.777  1.000
MINUIT - FIT ONLY 1-CBO
 **********
 **   29 **RES 
 **********
                   PARAMETER   14  ANy2 RESTORED TO VARIABLE.
                   PARAMETER    4  phi RESTORED TO VARIABLE.
                   PARAMETER    3  A0 RESTORED TO VARIABLE.
                   PARAMETER    1  N0 RESTORED TO VARIABLE.
 **********
 **   30 **FIX            0
 **********
 PARAMETER    0  IS UNDEFINED. IGNORED.
 **********
 **   31 **FIX            1
 **********
 **********
 **   32 **FIX            2
 **********
 PARAMETER    2  IS CONSTANT.   IGNORED.
 **********
 **   33 **FIX            3
 **********
 **********
 **   34 **FIX            4
 **********
 **********
 **   35 **FIX            8
 **********
 **********
 **   36 **FIX            9
 **********
 PARAMETER    9  IS CONSTANT.   IGNORED.
 **********
 **   37 **FIX           11
 **********
 PARAMETER   11  IS CONSTANT.   IGNORED.
 **********
 **   38 **FIX           12
 **********
 PARAMETER   12  IS CONSTANT.   IGNORED.
 **********
 **   39 **FIX           13
 **********
 PARAMETER   13  IS CONSTANT.   IGNORED.
 **********
 **   40 **FIX           15
 **********
 PARAMETER   15  IS CONSTANT.   IGNORED.
 **********
 **   41 **FIX           16
 **********
 PARAMETER   16  IS CONSTANT.   IGNORED.
 **********
 **   42 **MIGRAD
 **********
 START MIGRAD MINIMIZATION.  STRATEGY  1.  CONVERGENCE WHEN EDM .LT. 1.00e-04
 FCN=1731.07 FROM MIGRAD    STATUS=INITIATE       16 CALLS         509 TOTAL
                     EDM= unknown      STRATEGY= 1      NO ERROR MATRIX       
  EXT PARAMETER               CURRENT GUESS       STEP         FIRST   
  NO.   NAME      VALUE            ERROR          SIZE      DERIVATIVE 
   1  N0           3.07588e+06     fixed    
   2  tau          6.44069e+01   constant   
   3  A0           3.64939e-01     fixed    
   4  phi          4.11954e+00     fixed    
   5  R           -6.10412e+01   constant   
   6  A_CBO        2.06172e-03   3.80992e-04  -6.12431e-06   4.04397e+00
   7  w_CBO        2.32685e+00   1.96643e-04  -2.55774e-06  -5.16004e+01
   8  phi_CBO      3.96868e+00     fixed    
   9  ANx2         1.88981e-04   constant   
  10  pNx2         1.59299e+00   constant   
  11  ANy1         0.00000e+00   constant   
  12  pNy1         0.00000e+00   constant   
  13  w_y          0.00000e+00   constant   
  14  ANy2         1.39657e-02   1.00000e-04   1.00000e-04   1.93709e+05
  15  pNy2         4.84726e+00   constant   
  16  w_vw         1.43184e+01   constant   
  17  LM           1.57605e-04   constant   
  18  wCBO_expCoeff   2.00103e+02   1.82880e-02  -2.10654e-04  -5.55610e-01
  19  wCBO_expOffset   2.00015e+02   2.71963e-03  -3.11080e-05  -3.60850e+00
  20  wCBO_expT    2.99813e+01   3.68168e-03   4.98475e-05  -9.35232e+00
  21  wCBO_linCoeff   0.00000e+00   constant   
  22  wCBO_const   1.08124e-02   9.49063e-04  -2.52906e-05  -8.77740e+00
 MIGRAD MINIMIZATION HAS CONVERGED.
 MIGRAD WILL VERIFY CONVERGENCE AND ERROR MATRIX.
 FCN=351.103 FROM MIGRAD    STATUS=CONVERGED     387 CALLS         880 TOTAL
                     EDM=6.06852e-06    STRATEGY= 1      ERR MATRIX NOT POS-DEF
  EXT PARAMETER                APPROXIMATE        STEP         FIRST   
  NO.   NAME      VALUE            ERROR          SIZE      DERIVATIVE 
   1  N0           3.07588e+06     fixed    
   2  tau          6.44069e+01   constant   
   3  A0           3.64939e-01     fixed    
   4  phi          4.11954e+00     fixed    
   5  R           -6.10412e+01   constant   
   6  A_CBO        1.62149e-06   4.40217e-04   3.53393e-06  -2.07298e+00
   7  w_CBO        2.32626e+00   2.12371e-03   1.97017e-06  -9.01066e+00
   8  phi_CBO      3.96868e+00     fixed    
   9  ANx2         1.88981e-04   constant   
  10  pNx2         1.59299e+00   constant   
  11  ANy1         0.00000e+00   constant   
  12  pNy1         0.00000e+00   constant   
  13  w_y          0.00000e+00   constant   
  14  ANy2        -3.02479e-04   3.79419e-04   3.48068e-06   8.74534e-02
  15  pNy2         4.84726e+00   constant   
  16  w_vw         1.43184e+01   constant   
  17  LM           1.57605e-04   constant   
  18  wCBO_expCoeff   2.00044e+02   2.06916e-01   1.89211e-04  -9.25238e-02
  19  wCBO_expOffset   2.00007e+02   3.76448e-02   9.53705e-05  -6.10471e-01
  20  wCBO_expT    2.99894e+01   7.65015e-03   1.43000e-05  -1.58187e+00
  21  wCBO_linCoeff   0.00000e+00   constant   
  22  wCBO_const   1.08564e-02   1.43984e-03   6.23537e-06  -2.42640e+00
 EXTERNAL ERROR MATRIX.    NDIM=  25    NPAR=  7    ERR DEF=1
  1.938e-07  7.147e-08  1.459e-08  8.110e-06  2.280e-06 -1.448e-06  1.972e-08 
  7.147e-08  4.510e-06  6.159e-09 -7.596e-05 -3.891e-05 -2.752e-06 -1.758e-06 
  1.459e-08  6.159e-09  1.440e-07  7.010e-07  2.780e-07 -1.489e-07  1.358e-09 
  8.110e-06 -7.596e-05  7.010e-07  4.281e-02 -4.584e-03 -2.918e-04  4.818e-05 
  2.280e-06 -3.891e-05  2.780e-07 -4.584e-03  1.417e-03 -8.061e-05  2.202e-05 
 -1.448e-06 -2.752e-06 -1.489e-07 -2.918e-04 -8.061e-05  5.852e-05 -3.690e-06 
  1.972e-08 -1.758e-06  1.358e-09  4.818e-05  2.202e-05 -3.690e-06  2.073e-06 
ERR MATRIX NOT POS-DEF
 PARAMETER  CORRELATION COEFFICIENTS  
       NO.  GLOBAL      6      7     14     18     19     20     22
        6  0.49035   1.000  0.076  0.087  0.089  0.138 -0.430  0.031
        7  0.99492   0.076  1.000  0.008 -0.173 -0.487 -0.169 -0.575
       14  0.08986   0.087  0.008  1.000  0.009  0.019 -0.051  0.002
       18  0.99507   0.089 -0.173  0.009  1.000 -0.588 -0.184  0.162
       19  0.99665   0.138 -0.487  0.019 -0.588  1.000 -0.280  0.406
       20  0.99104  -0.430 -0.169 -0.051 -0.184 -0.280  1.000 -0.335
       22  0.88268   0.031 -0.575  0.002  0.162  0.406 -0.335  1.000
 ERR MATRIX NOT POS-DEF
MINUIT - FIT ONLY 2-CBO
 **********
 **   43 **RES 
 **********
                   PARAMETER    8  phi_CBO RESTORED TO VARIABLE.
                   PARAMETER    4  phi RESTORED TO VARIABLE.
                   PARAMETER    3  A0 RESTORED TO VARIABLE.
                   PARAMETER    1  N0 RESTORED TO VARIABLE.
 **********
 **   44 **FIX            0
 **********
 PARAMETER    0  IS UNDEFINED. IGNORED.
 **********
 **   45 **FIX            1
 **********
 **********
 **   46 **FIX            2
 **********
 PARAMETER    2  IS CONSTANT.   IGNORED.
 **********
 **   47 **FIX            3
 **********
 **********
 **   48 **FIX            4
 **********
 **********
 **   49 **FIX            5
 **********
 PARAMETER    5  IS CONSTANT.   IGNORED.
 **********
 **   50 **FIX            6
 **********
 **********
 **   51 **FIX            7
 **********
 **********
 **   52 **FIX           10
 **********
 PARAMETER   10  IS CONSTANT.   IGNORED.
 **********
 **   53 **FIX           11
 **********
 PARAMETER   11  IS CONSTANT.   IGNORED.
 **********
 **   54 **FIX           12
 **********
 PARAMETER   12  IS CONSTANT.   IGNORED.
 **********
 **   55 **FIX           13
 **********
 PARAMETER   13  IS CONSTANT.   IGNORED.
 **********
 **   56 **FIX           14
 **********
 **********
 **   57 **FIX           15
 **********
 PARAMETER   15  IS CONSTANT.   IGNORED.
 **********
 **   58 **FIX           16
 **********
 PARAMETER   16  IS CONSTANT.   IGNORED.
 **********
 **   59 **MIGRAD
 **********
 START MIGRAD MINIMIZATION.  STRATEGY  1.  CONVERGENCE WHEN EDM .LT. 1.00e-04
 FCN=351.103 FROM MIGRAD    STATUS=INITIATE       12 CALLS         892 TOTAL
                     EDM= unknown      STRATEGY= 1      NO ERROR MATRIX       
  EXT PARAMETER               CURRENT GUESS       STEP         FIRST   
  NO.   NAME      VALUE            ERROR          SIZE      DERIVATIVE 
   1  N0           3.07588e+06     fixed    
   2  tau          6.44069e+01   constant   
   3  A0           3.64939e-01     fixed    
   4  phi          4.11954e+00     fixed    
   5  R           -6.10412e+01   constant   
   6  A_CBO        1.62149e-06     fixed    
   7  w_CBO        2.32626e+00     fixed    
   8  phi_CBO      3.96868e+00   4.22419e-01   4.22419e-01   2.03728e-04
   9  ANx2         1.88981e-04   constant   
  10  pNx2         1.59299e+00   constant   
  11  ANy1         0.00000e+00   constant   
  12  pNy1         0.00000e+00   constant   
  13  w_y          0.00000e+00   constant   
  14  ANy2        -3.02479e-04     fixed    
  15  pNy2         4.84726e+00   constant   
  16  w_vw         1.43184e+01   constant   
  17  LM           1.57605e-04   constant   
  18  wCBO_expCoeff   2.00044e+02   2.06916e-01   1.89211e-04  -9.21838e-02
  19  wCBO_expOffset   2.00007e+02   3.76448e-02   9.53705e-05  -5.89895e-01
  20  wCBO_expT    2.99894e+01   7.65015e-03   1.43000e-05  -1.57952e+00
  21  wCBO_linCoeff   0.00000e+00   constant   
  22  wCBO_const   1.08564e-02   1.43984e-03   6.23537e-06  -2.42675e+00
 MIGRAD MINIMIZATION HAS CONVERGED.
 MIGRAD WILL VERIFY CONVERGENCE AND ERROR MATRIX.
 FCN=351.103 FROM MIGRAD    STATUS=CONVERGED      86 CALLS         966 TOTAL
                     EDM=2.77606e-06    STRATEGY= 1      ERR MATRIX NOT POS-DEF
  EXT PARAMETER                APPROXIMATE        STEP         FIRST   
  NO.   NAME      VALUE            ERROR          SIZE      DERIVATIVE 
   1  N0           3.07588e+06     fixed    
   2  tau          6.44069e+01   constant   
   3  A0           3.64939e-01     fixed    
   4  phi          4.11954e+00     fixed    
   5  R           -6.10412e+01   constant   
   6  A_CBO        1.62149e-06     fixed    
   7  w_CBO        2.32626e+00     fixed    
   8  phi_CBO      2.60022e+00   1.02880e+02   9.44717e-01   3.67731e-06
   9  ANx2         1.88981e-04   constant   
  10  pNx2         1.59299e+00   constant   
  11  ANy1         0.00000e+00   constant   
  12  pNy1         0.00000e+00   constant   
  13  w_y          0.00000e+00   constant   
  14  ANy2        -3.02479e-04     fixed    
  15  pNy2         4.84726e+00   constant   
  16  w_vw         1.43184e+01   constant   
  17  LM           1.57605e-04   constant   
  18  wCBO_expCoeff   2.00044e+02   2.41367e-01   1.88946e-04   1.23505e-02
  19  wCBO_expOffset   2.00007e+02   3.87080e-02   9.53705e-05   8.25041e-02
  20  wCBO_expT    2.99894e+01   7.24943e-03   1.43000e-05   2.77918e-01
  21  wCBO_linCoeff   0.00000e+00   constant   
  22  wCBO_const   1.08570e-02   1.19551e-03   6.23213e-06  -1.52771e+00
 EXTERNAL ERROR MATRIX.    NDIM=  25    NPAR=  5    ERR DEF=1
  1.058e+04  1.154e-01  1.894e-01 -5.458e-02 -5.231e-03 
  1.154e-01  5.826e-02 -8.053e-03 -2.330e-04  1.302e-05 
  1.894e-01 -8.053e-03  1.498e-03 -1.050e-04  7.910e-06 
 -5.458e-02 -2.330e-04 -1.050e-04  5.255e-05 -4.911e-06 
 -5.231e-03  1.302e-05  7.910e-06 -4.911e-06  1.429e-06 
ERR MATRIX NOT POS-DEF
 PARAMETER  CORRELATION COEFFICIENTS  
       NO.  GLOBAL      8     18     19     20     22
        8  0.15214   1.000  0.005  0.048 -0.073 -0.043
       18  0.99638   0.005  1.000 -0.862 -0.133  0.045
       19  0.99683   0.048 -0.862  1.000 -0.374  0.171
       20  0.99001  -0.073 -0.133 -0.374  1.000 -0.567
       22  0.82411  -0.043  0.045  0.171 -0.567  1.000
 ERR MATRIX NOT POS-DEF
MINUIT - FIT ONLY 1-y
 **********
 **   60 **RES 
 **********
                   PARAMETER   14  ANy2 RESTORED TO VARIABLE.
                   PARAMETER    7  w_CBO RESTORED TO VARIABLE.
                   PARAMETER    6  A_CBO RESTORED TO VARIABLE.
                   PARAMETER    4  phi RESTORED TO VARIABLE.
                   PARAMETER    3  A0 RESTORED TO VARIABLE.
                   PARAMETER    1  N0 RESTORED TO VARIABLE.
 **********
 **   61 **FIX            0
 **********
 PARAMETER    0  IS UNDEFINED. IGNORED.
 **********
 **   62 **FIX            1
 **********
 **********
 **   63 **FIX            2
 **********
 PARAMETER    2  IS CONSTANT.   IGNORED.
 **********
 **   64 **FIX            3
 **********
 **********
 **   65 **FIX            4
 **********
 **********
 **   66 **FIX            5
 **********
 PARAMETER    5  IS CONSTANT.   IGNORED.
 **********
 **   67 **FIX            6
 **********
 **********
 **   68 **FIX            7
 **********
 **********
 **   69 **FIX            8
 **********
 **********
 **   70 **FIX            9
 **********
 PARAMETER    9  IS CONSTANT.   IGNORED.
 **********
 **   71 **FIX           13
 **********
 PARAMETER   13  IS CONSTANT.   IGNORED.
 **********
 **   72 **FIX           14
 **********
 **********
 **   73 **FIX           15
 **********
 PARAMETER   15  IS CONSTANT.   IGNORED.
 **********
 **   74 **FIX           16
 **********
 PARAMETER   16  IS CONSTANT.   IGNORED.
 **********
 **   75 **MIGRAD
 **********
 START MIGRAD MINIMIZATION.  STRATEGY  1.  CONVERGENCE WHEN EDM .LT. 1.00e-04
 FCN=351.103 FROM MIGRAD    STATUS=INITIATE        8 CALLS         974 TOTAL
                     EDM= unknown      STRATEGY= 1      NO ERROR MATRIX       
  EXT PARAMETER               CURRENT GUESS       STEP         FIRST   
  NO.   NAME      VALUE            ERROR          SIZE      DERIVATIVE 
   1  N0           3.07588e+06     fixed    
   2  tau          6.44069e+01   constant   
   3  A0           3.64939e-01     fixed    
   4  phi          4.11954e+00     fixed    
   5  R           -6.10412e+01   constant   
   6  A_CBO        1.62149e-06     fixed    
   7  w_CBO        2.32626e+00     fixed    
   8  phi_CBO      2.60022e+00     fixed    
   9  ANx2         1.88981e-04   constant   
  10  pNx2         1.59299e+00   constant   
  11  ANy1         0.00000e+00   constant   
  12  pNy1         0.00000e+00   constant   
  13  w_y          0.00000e+00   constant   
  14  ANy2        -3.02479e-04     fixed    
  15  pNy2         4.84726e+00   constant   
  16  w_vw         1.43184e+01   constant   
  17  LM           1.57605e-04   constant   
  18  wCBO_expCoeff   2.00044e+02   2.41367e-01   1.88946e-04   1.26890e-02
  19  wCBO_expOffset   2.00007e+02   3.87080e-02   9.53705e-05   1.09590e-01
  20  wCBO_expT    2.99894e+01   7.24943e-03   1.43000e-05   2.80247e-01
  21  wCBO_linCoeff   0.00000e+00   constant   
  22  wCBO_const   1.08570e-02   1.19551e-03   6.23213e-06  -1.52808e+00
 MIGRAD MINIMIZATION HAS CONVERGED.
 MIGRAD WILL VERIFY CONVERGENCE AND ERROR MATRIX.
 FCN=351.103 FROM MIGRAD    STATUS=CONVERGED      46 CALLS        1012 TOTAL
                     EDM=9.62443e-07    STRATEGY= 1      ERR MATRIX NOT POS-DEF
  EXT PARAMETER                APPROXIMATE        STEP         FIRST   
  NO.   NAME      VALUE            ERROR          SIZE      DERIVATIVE 
   1  N0           3.07588e+06     fixed    
   2  tau          6.44069e+01   constant   
   3  A0           3.64939e-01     fixed    
   4  phi          4.11954e+00     fixed    
   5  R           -6.10412e+01   constant   
   6  A_CBO        1.62149e-06     fixed    
   7  w_CBO        2.32626e+00     fixed    
   8  phi_CBO      2.60022e+00     fixed    
   9  ANx2         1.88981e-04   constant   
  10  pNx2         1.59299e+00   constant   
  11  ANy1         0.00000e+00   constant   
  12  pNy1         0.00000e+00   constant   
  13  w_y          0.00000e+00   constant   
  14  ANy2        -3.02479e-04     fixed    
  15  pNy2         4.84726e+00   constant   
  16  w_vw         1.43184e+01   constant   
  17  LM           1.57605e-04   constant   
  18  wCBO_expCoeff   2.00044e+02   2.41634e-01   1.88926e-04  -4.52345e-03
  19  wCBO_expOffset   2.00007e+02   3.87100e-02   9.53705e-05  -2.99068e-02
  20  wCBO_expT    2.99894e+01   7.23400e-03   1.43000e-05   1.08256e-01
  21  wCBO_linCoeff   0.00000e+00   constant   
  22  wCBO_const   1.08580e-02   1.19465e-03   6.23218e-06  -3.43884e-02
 EXTERNAL ERROR MATRIX.    NDIM=  25    NPAR=  4    ERR DEF=1
  5.839e-02 -8.075e-03 -2.322e-04  1.306e-05 
 -8.075e-03  1.498e-03 -1.043e-04  8.019e-06 
 -2.322e-04 -1.043e-04  5.233e-05 -4.942e-06 
  1.306e-05  8.019e-06 -4.942e-06  1.427e-06 
ERR MATRIX NOT POS-DEF
 PARAMETER  CORRELATION COEFFICIENTS  
       NO.  GLOBAL     18     19     20     22
       18  0.99638   1.000 -0.863 -0.133  0.045
       19  0.99683  -0.863  1.000 -0.372  0.173
       20  0.98997  -0.133 -0.372  1.000 -0.572
       22  0.82382   0.045  0.173 -0.572  1.000
 ERR MATRIX NOT POS-DEF
MINUIT - FIT ONLY 2-y
 **********
 **   76 **RES 
 **********
                   PARAMETER   14  ANy2 RESTORED TO VARIABLE.
                   PARAMETER    8  phi_CBO RESTORED TO VARIABLE.
                   PARAMETER    7  w_CBO RESTORED TO VARIABLE.
                   PARAMETER    6  A_CBO RESTORED TO VARIABLE.
                   PARAMETER    4  phi RESTORED TO VARIABLE.
                   PARAMETER    3  A0 RESTORED TO VARIABLE.
                   PARAMETER    1  N0 RESTORED TO VARIABLE.
 **********
 **   77 **FIX            0
 **********
 PARAMETER    0  IS UNDEFINED. IGNORED.
 **********
 **   78 **FIX            1
 **********
 **********
 **   79 **FIX            2
 **********
 PARAMETER    2  IS CONSTANT.   IGNORED.
 **********
 **   80 **FIX            3
 **********
 **********
 **   81 **FIX            4
 **********
 **********
 **   82 **FIX            5
 **********
 PARAMETER    5  IS CONSTANT.   IGNORED.
 **********
 **   83 **FIX            6
 **********
 **********
 **   84 **FIX            7
 **********
 **********
 **   85 **FIX            8
 **********
 **********
 **   86 **FIX            9
 **********
 PARAMETER    9  IS CONSTANT.   IGNORED.
 **********
 **   87 **FIX           10
 **********
 PARAMETER   10  IS CONSTANT.   IGNORED.
 **********
 **   88 **FIX           11
 **********
 PARAMETER   11  IS CONSTANT.   IGNORED.
 **********
 **   89 **FIX           12
 **********
 PARAMETER   12  IS CONSTANT.   IGNORED.
 **********
 **   90 **FIX           16
 **********
 PARAMETER   16  IS CONSTANT.   IGNORED.
 **********
 **   91 **MIGRAD
 **********
 START MIGRAD MINIMIZATION.  STRATEGY  1.  CONVERGENCE WHEN EDM .LT. 1.00e-04
 FCN=351.103 FROM MIGRAD    STATUS=INITIATE       10 CALLS        1022 TOTAL
                     EDM= unknown      STRATEGY= 1      NO ERROR MATRIX       
  EXT PARAMETER               CURRENT GUESS       STEP         FIRST   
  NO.   NAME      VALUE            ERROR          SIZE      DERIVATIVE 
   1  N0           3.07588e+06     fixed    
   2  tau          6.44069e+01   constant   
   3  A0           3.64939e-01     fixed    
   4  phi          4.11954e+00     fixed    
   5  R           -6.10412e+01   constant   
   6  A_CBO        1.62149e-06     fixed    
   7  w_CBO        2.32626e+00     fixed    
   8  phi_CBO      2.60022e+00     fixed    
   9  ANx2         1.88981e-04   constant   
  10  pNx2         1.59299e+00   constant   
  11  ANy1         0.00000e+00   constant   
  12  pNy1         0.00000e+00   constant   
  13  w_y          0.00000e+00   constant   
  14  ANy2        -3.02479e-04   3.79419e-04   3.79419e-04   1.14933e+00
  15  pNy2         4.84726e+00   constant   
  16  w_vw         1.43184e+01   constant   
  17  LM           1.57605e-04   constant   
  18  wCBO_expCoeff   2.00044e+02   2.41634e-01   1.88926e-04  -4.43235e-03
  19  wCBO_expOffset   2.00007e+02   3.87100e-02   9.53705e-05  -2.83470e-03
  20  wCBO_expT    2.99894e+01   7.23400e-03   1.43000e-05   1.10585e-01
  21  wCBO_linCoeff   0.00000e+00   constant   
  22  wCBO_const   1.08580e-02   1.19465e-03   6.23218e-06  -3.47884e-02
 MIGRAD MINIMIZATION HAS CONVERGED.
 MIGRAD WILL VERIFY CONVERGENCE AND ERROR MATRIX.
 FCN=351.103 FROM MIGRAD    STATUS=CONVERGED      57 CALLS        1069 TOTAL
                     EDM=9.42215e-07    STRATEGY= 1      ERR MATRIX NOT POS-DEF
  EXT PARAMETER                APPROXIMATE        STEP         FIRST   
  NO.   NAME      VALUE            ERROR          SIZE      DERIVATIVE 
   1  N0           3.07588e+06     fixed    
   2  tau          6.44069e+01   constant   
   3  A0           3.64939e-01     fixed    
   4  phi          4.11954e+00     fixed    
   5  R           -6.10412e+01   constant   
   6  A_CBO        1.62149e-06     fixed    
   7  w_CBO        2.32626e+00     fixed    
   8  phi_CBO      2.60022e+00     fixed    
   9  ANx2         1.88981e-04   constant   
  10  pNx2         1.59299e+00   constant   
  11  ANy1         0.00000e+00   constant   
  12  pNy1         0.00000e+00   constant   
  13  w_y          0.00000e+00   constant   
  14  ANy2        -3.02572e-04   3.78299e-04   3.48068e-06  -1.37381e-01
  15  pNy2         4.84726e+00   constant   
  16  w_vw         1.43184e+01   constant   
  17  LM           1.57605e-04   constant   
  18  wCBO_expCoeff   2.00044e+02   2.41627e-01   1.88946e-04  -4.01379e-03
  19  wCBO_expOffset   2.00007e+02   3.87105e-02   9.53705e-05  -2.65065e-02
  20  wCBO_expT    2.99894e+01   7.23490e-03   1.43000e-05   1.16233e-01
  21  wCBO_linCoeff   0.00000e+00   constant   
  22  wCBO_const   1.08580e-02   1.19465e-03   6.23226e-06  -2.18964e-02
 EXTERNAL ERROR MATRIX.    NDIM=  25    NPAR=  5    ERR DEF=1
  1.431e-07 -1.541e-08  1.471e-07 -4.544e-08  6.694e-10 
 -1.541e-08  5.838e-02 -8.075e-03 -2.322e-04  1.306e-05 
  1.471e-07 -8.075e-03  1.499e-03 -1.043e-04  8.019e-06 
 -4.544e-08 -2.322e-04 -1.043e-04  5.234e-05 -4.942e-06 
  6.694e-10  1.306e-05  8.019e-06 -4.942e-06  1.427e-06 
ERR MATRIX NOT POS-DEF
 PARAMETER  CORRELATION COEFFICIENTS  
       NO.  GLOBAL     14     18     19     20     22
       14  0.02212   1.000 -0.000  0.010 -0.017  0.001
       18  0.99638  -0.000  1.000 -0.863 -0.133  0.045
       19  0.99683   0.010 -0.863  1.000 -0.372  0.173
       20  0.98997  -0.017 -0.133 -0.372  1.000 -0.572
       22  0.82382   0.001  0.045  0.173 -0.572  1.000
 ERR MATRIX NOT POS-DEF
MINUIT - FIT ALTOGETHER
 **********
 **   92 **RES 
 **********
                   PARAMETER    8  phi_CBO RESTORED TO VARIABLE.
                   PARAMETER    7  w_CBO RESTORED TO VARIABLE.
                   PARAMETER    6  A_CBO RESTORED TO VARIABLE.
                   PARAMETER    4  phi RESTORED TO VARIABLE.
                   PARAMETER    3  A0 RESTORED TO VARIABLE.
                   PARAMETER    1  N0 RESTORED TO VARIABLE.
 **********
 **   93 **MIGRAD
 **********
 START MIGRAD MINIMIZATION.  STRATEGY  1.  CONVERGENCE WHEN EDM .LT. 1.00e-04
 FCN=351.103 FROM MIGRAD    STATUS=INITIATE       22 CALLS        1091 TOTAL
                     EDM= unknown      STRATEGY= 1      NO ERROR MATRIX       
  EXT PARAMETER               CURRENT GUESS       STEP         FIRST   
  NO.   NAME      VALUE            ERROR          SIZE      DERIVATIVE 
   1  N0           3.07588e+06   8.21846e+02   8.21846e+02  -1.29558e-04
   2  tau          6.44069e+01   constant   
   3  A0           3.64939e-01   3.57266e-04   3.57266e-04  -5.26344e+01
   4  phi          4.11954e+00   1.04636e-03   1.04636e-03   1.49764e+02
   5  R           -6.10412e+01   constant   
   6  A_CBO        1.62149e-06   4.40217e-04   4.40217e-04  -1.06169e+02
   7  w_CBO        2.32626e+00   2.12371e-03   2.12371e-03  -3.27639e-01
   8  phi_CBO      2.60022e+00   1.02880e+02   1.02880e+02   5.42127e-06
   9  ANx2         1.88981e-04   constant   
  10  pNx2         1.59299e+00   constant   
  11  ANy1         0.00000e+00   constant   
  12  pNy1         0.00000e+00   constant   
  13  w_y          0.00000e+00   constant   
  14  ANy2        -3.02572e-04   3.78299e-04   3.48068e-06  -1.37382e-01
  15  pNy2         4.84726e+00   constant   
  16  w_vw         1.43184e+01   constant   
  17  LM           1.57605e-04   constant   
  18  wCBO_expCoeff   2.00044e+02   2.41627e-01   1.88946e-04  -3.92260e-03
  19  wCBO_expOffset   2.00007e+02   3.87105e-02   9.53705e-05   5.64569e-04
  20  wCBO_expT    2.99894e+01   7.23490e-03   1.43000e-05   1.18561e-01
  21  wCBO_linCoeff   0.00000e+00   constant   
  22  wCBO_const   1.08580e-02   1.19465e-03   6.23226e-06  -2.22963e-02
 MIGRAD MINIMIZATION HAS CONVERGED.
 MIGRAD WILL VERIFY CONVERGENCE AND ERROR MATRIX.
 FCN=351.094 FROM MIGRAD    STATUS=CONVERGED     223 CALLS        1292 TOTAL
                     EDM=4.53808e-05    STRATEGY= 1      ERR MATRIX NOT POS-DEF
  EXT PARAMETER                APPROXIMATE        STEP         FIRST   
  NO.   NAME      VALUE            ERROR          SIZE      DERIVATIVE 
   1  N0           3.07593e+06   8.22757e+02   7.50014e+00   1.32555e-06
   2  tau          6.44069e+01   constant   
