 + ++++++++++++++++++++++++++++++++++++++++++++++++++++++++++++++++++++ +
 +                                                                      +
 +           You have chose to blind your fitting according to          +
 +                omega_ref * (1 + (R +/- deltaR) *10^{-6})             +
 +                                                                      +
 + ++++++++++++++++++++++++++++++++++++++++++++++++++++++++++++++++++++ +
In main()...
reading format from /gm2data/zkhechad/run45/envelope/formats/formatB_sBin_constraintOn.txt
pBinTau 	= 0  
pBinPhi 	= 0  
constraintau 	= 1 
includeMopTerm 	= 0    
constrainMop    = 0   
Parameters after format file: pBinTau 0 pBinPhi 0 constraintau 1 includeMopTerm 0 constrainMop 0 c_e_scale 0.000000 
reading cbo reference file (full fit) from /gm2data/zkhechad/cboTemplates/Run4CBOTemplates/fullFits/run4/sBin_constraintOn_cE0.0_seed0_run4_calo19.root
A_CBO 0.009558 w_CBO 2.327254 phi_CBO 0.902980 N0 3088607.252134 R -60.257448 tau 64.400175 
Reading cboRef file /gm2data/zkhechad/cboTemplates/Run4CBOTemplates//cboIsolate/run4_calo19.root
deltaT 164.120000
windowBins = 1100
fitting sliding window 1980 from bin 2183 at 325.703600 to bin 3283 at 489.823600 (1100 bins)

Reading data from /gm2data/cornell/histograms/aMethod/histogram_a_run4.root
fitting cbo isolate
 **********
 **    1 **SET PRINTOUT            1
 **********
 **********
 **    2 **SET NOWARNINGS 
 **********
 PARAMETER DEFINITIONS:
    NO.   NAME         VALUE      STEP SIZE      LIMITS
     1 A_CBO        9.55751e-03  1.00000e-05     no limits
     2 w_CBO        2.32725e+00  1.00000e-02    2.00000e+00  3.00000e+00
     3 phi_CBO      9.02980e-01  1.00000e-02    0.00000e+00  6.28319e+00
 **********
 **    3 **MIGRAD
 **********
 FIRST CALL TO USER FUNCTION AT NEW START POINT, WITH IFLAG=4.
 START MIGRAD MINIMIZATION.  STRATEGY  1.  CONVERGENCE WHEN EDM .LT. 1.00e-04
 FCN=0.121911 FROM MIGRAD    STATUS=INITIATE       12 CALLS          13 TOTAL
                     EDM= unknown      STRATEGY= 1      NO ERROR MATRIX       
  EXT PARAMETER               CURRENT GUESS       STEP         FIRST   
  NO.   NAME      VALUE            ERROR          SIZE      DERIVATIVE 
   1  A_CBO        9.55751e-03   1.00000e-05   1.00000e-05   6.45385e+00
   2  w_CBO        2.32725e+00   1.00000e-02   2.13147e-02   1.41073e+00
   3  phi_CBO      9.02980e-01   1.00000e-02   4.53699e-03  -1.40905e-02
 MIGRAD MINIMIZATION HAS CONVERGED.
 MIGRAD WILL VERIFY CONVERGENCE AND ERROR MATRIX.
 COVARIANCE MATRIX CALCULATED SUCCESSFULLY
 FCN=0.102748 FROM HESSE     STATUS=OK             16 CALLS          56 TOTAL
                     EDM=0.000320676    STRATEGY= 1      ERROR MATRIX ACCURATE 
  EXT PARAMETER                                   STEP         FIRST   
  NO.   NAME      VALUE            ERROR          SIZE      DERIVATIVE 
   1  A_CBO        3.75886e-03   4.39435e-02   2.18406e-05   7.18956e-04
   2  w_CBO        2.32699e+00   2.30467e-01   3.07954e-05   5.03771e-02
   3  phi_CBO      9.66926e-01   3.56040e+00   2.59705e-03   2.29018e-04
 MIGRAD MINIMIZATION HAS CONVERGED.
 MIGRAD WILL VERIFY CONVERGENCE AND ERROR MATRIX.
 COVARIANCE MATRIX CALCULATED SUCCESSFULLY
 FCN=0.102505 FROM MIGRAD    STATUS=CONVERGED     133 CALLS         134 TOTAL
                     EDM=2.97925e-05    STRATEGY= 1      ERROR MATRIX ACCURATE 
  EXT PARAMETER                                   STEP         FIRST   
  NO.   NAME      VALUE            ERROR          SIZE      DERIVATIVE 
   1  A_CBO        3.77593e-03   4.26856e-02   2.18374e-05  -4.45533e-02
   2  w_CBO        2.32475e+00   1.11314e-01   2.99715e-05  -2.84675e-03
   3  phi_CBO      5.94820e-02   6.23401e+00   8.86269e-03   1.10442e-04
 EXTERNAL ERROR MATRIX.    NDIM=  25    NPAR=  3    ERR DEF=1
  1.822e-03 -3.036e-04 -1.230e-01 
 -3.036e-04  1.263e-02  4.816e+00 
 -1.230e-01  4.816e+00  1.952e+03 
 PARAMETER  CORRELATION COEFFICIENTS  
       NO.  GLOBAL      1      2      3
        1  0.06523   1.000 -0.063 -0.065
        2  0.96999  -0.063  1.000  0.970
        3  0.97000  -0.065  0.970  1.000
setting A_CBO=0.003776 w_CBO=2.324753, phi_CBO=0.059482
done fitting cbo isolate
 **********
 **    1 **SET PRINTOUT            1
 **********
 **********
 **    2 **SET NOWARNINGS 
 **********
 PARAMETER DEFINITIONS:
    NO.   NAME         VALUE      STEP SIZE      LIMITS
     1 N0           3.08861e+06  1.00000e+02     no limits
     2 tau          6.44002e+01  constant
     3 A0           3.48093e-01  1.00000e-04     no limits
     4 phi          4.13197e+00  1.00000e-02     no limits
     5 R           -6.02574e+01  constant
     6 A_CBO        3.77593e-03  1.00000e-05     no limits
     7 w_CBO        2.32475e+00  1.00000e-03     no limits
     8 phi_CBO      5.94820e-02  1.00000e-04     no limits
     9 ANx2         2.45054e-04  constant
    10 pNx2         5.52114e+00  constant
    11 ANy1         0.00000e+00  constant
    12 pNy1         0.00000e+00  constant
    13 w_y          0.00000e+00  constant
    14 ANy2         1.46670e-02  1.00000e-04     no limits
    15 pNy2         3.05066e+00  constant
    16 w_vw         1.43134e+01  constant
    17 LM          -3.45580e-05  constant
    18 wCBO_expCoeff   2.00000e+02  1.00000e+00     no limits
    19 wCBO_expOffset   2.00000e+02  1.00000e+00     no limits
    20 wCBO_expT    3.00000e+01  1.00000e+00     no limits
    21 wCBO_linCoeff   0.00000e+00  constant
    22 wCBO_const   0.00000e+00  1.00000e-02     no limits
MINUIT - FIT ONLY WIGGLE
 **********
 **    3 **FIX            5
 **********
 PARAMETER    5  IS CONSTANT.   IGNORED.
 **********
 **    4 **FIX            6
 **********
 **********
 **    5 **FIX            7
 **********
 **********
 **    6 **FIX            8
 **********
 **********
 **    7 **FIX            9
 **********
 PARAMETER    9  IS CONSTANT.   IGNORED.
 **********
 **    8 **FIX           10
 **********
 PARAMETER   10  IS CONSTANT.   IGNORED.
 **********
 **    9 **FIX           11
 **********
 PARAMETER   11  IS CONSTANT.   IGNORED.
 **********
 **   10 **FIX           12
 **********
 PARAMETER   12  IS CONSTANT.   IGNORED.
 **********
 **   11 **FIX           13
 **********
 PARAMETER   13  IS CONSTANT.   IGNORED.
 **********
 **   12 **FIX           14
 **********
 **********
 **   13 **FIX           15
 **********
 PARAMETER   15  IS CONSTANT.   IGNORED.
 **********
 **   14 **FIX           16
 **********
 PARAMETER   16  IS CONSTANT.   IGNORED.
 **********
 **   15 **MIGRAD
 **********
 FIRST CALL TO USER FUNCTION AT NEW START POINT, WITH IFLAG=4.
 START MIGRAD MINIMIZATION.  STRATEGY  1.  CONVERGENCE WHEN EDM .LT. 1.00e-04
 FCN=944.774 FROM MIGRAD    STATUS=INITIATE       59 CALLS          60 TOTAL
                     EDM= unknown      STRATEGY= 1      NO ERROR MATRIX       
  EXT PARAMETER               CURRENT GUESS       STEP         FIRST   
  NO.   NAME      VALUE            ERROR          SIZE      DERIVATIVE 
   1  N0           3.08861e+06   1.00000e+02   0.00000e+00   4.03803e-04
   2  tau          6.44002e+01   constant   
   3  A0           3.48093e-01   1.00000e-04   0.00000e+00   1.26802e+03
   4  phi          4.13197e+00   1.00000e-02   0.00000e+00  -2.40906e+02
   5  R           -6.02574e+01   constant   
   6  A_CBO        3.77593e-03     fixed    
   7  w_CBO        2.32475e+00     fixed    
   8  phi_CBO      5.94820e-02     fixed    
   9  ANx2         2.45054e-04   constant   
  10  pNx2         5.52114e+00   constant   
  11  ANy1         0.00000e+00   constant   
  12  pNy1         0.00000e+00   constant   
  13  w_y          0.00000e+00   constant   
  14  ANy2         1.46670e-02     fixed    
  15  pNy2         3.05066e+00   constant   
  16  w_vw         1.43134e+01   constant   
  17  LM          -3.45580e-05   constant   
  18  wCBO_expCoeff   1.99647e+02   1.00000e+00  -3.52513e-01  -3.52928e+01
  19  wCBO_expOffset   2.00000e+02   1.00000e+00   0.00000e+00  -2.34866e+02
  20  wCBO_expT    3.00000e+01   1.00000e+00   0.00000e+00  -9.57539e+02
  21  wCBO_linCoeff   0.00000e+00   constant   
  22  wCBO_const   0.00000e+00   1.00000e-02   0.00000e+00  -4.20043e+03
 MIGRAD MINIMIZATION HAS CONVERGED.
 FCN=942.072 FROM MIGRAD    STATUS=CONVERGED     174 CALLS         175 TOTAL
                     EDM=4.40023e-07    STRATEGY= 1  ERROR MATRIX UNCERTAINTY   1.3 per cent
  EXT PARAMETER                                   STEP         FIRST   
  NO.   NAME      VALUE            ERROR          SIZE      DERIVATIVE 
   1  N0           3.08809e+06   1.30992e+03  -1.34698e+00   1.79451e-07
   2  tau          6.44002e+01   constant   
   3  A0           3.47983e-01   5.65817e-04   4.46261e-07   2.00334e-01
   4  phi          4.13225e+00   1.70683e-03   1.42374e-05  -4.12171e-01
   5  R           -6.02574e+01   constant   
   6  A_CBO        3.77593e-03     fixed    
   7  w_CBO        2.32475e+00     fixed    
   8  phi_CBO      5.94820e-02     fixed    
   9  ANx2         2.45054e-04   constant   
  10  pNx2         5.52114e+00   constant   
  11  ANy1         0.00000e+00   constant   
  12  pNy1         0.00000e+00   constant   
  13  w_y          0.00000e+00   constant   
  14  ANy2         1.46670e-02     fixed    
  15  pNy2         3.05066e+00   constant   
  16  w_vw         1.43134e+01   constant   
  17  LM          -3.45580e-05   constant   
  18  wCBO_expCoeff   2.00093e+02   3.08875e-01   1.02345e-03  -2.83249e-02
  19  wCBO_expOffset   2.00067e+02   4.64149e-02   1.53666e-04  -1.88768e-01
  20  wCBO_expT    2.99677e+01   2.22817e-02  -1.02567e-04  -8.30358e-01
  21  wCBO_linCoeff   0.00000e+00   constant   
  22  wCBO_const   9.60791e-04   6.96739e-04   8.45968e-06  -2.50958e+00
 EXTERNAL ERROR MATRIX.    NDIM=  25    NPAR=  7    ERR DEF=1
  1.716e+06 -1.050e-03 -2.178e-02 -2.584e+01 -3.882e+00  2.024e+00 -8.046e-02 
 -1.050e-03  3.201e-07 -1.655e-08  1.301e-05  1.956e-06 -1.050e-06  4.394e-08 
 -2.178e-02 -1.655e-08  2.913e-06 -3.672e-05 -5.518e-06  2.832e-06 -5.798e-08 
 -2.584e+01  1.301e-05 -3.672e-05  9.540e-02  1.415e-02 -6.834e-03  1.539e-04 
 -3.882e+00  1.956e-06 -5.518e-06  1.415e-02  2.154e-03 -1.027e-03  2.313e-05 
  2.024e+00 -1.050e-06  2.832e-06 -6.834e-03 -1.027e-03  4.965e-04 -1.188e-05 
 -8.046e-02  4.394e-08 -5.798e-08  1.539e-04  2.313e-05 -1.188e-05  4.854e-07 
 PARAMETER  CORRELATION COEFFICIENTS  
       NO.  GLOBAL      1      3      4     18     19     20     22
        1  0.09312   1.000 -0.001 -0.010 -0.064 -0.064  0.069 -0.088
        3  0.12563  -0.001  1.000 -0.017  0.074  0.074 -0.083  0.111
        4  0.12278  -0.010 -0.017  1.000 -0.070 -0.070  0.074 -0.049
       18  0.99601  -0.064  0.074 -0.070  1.000  0.987 -0.993  0.715
       19  0.99601  -0.064  0.074 -0.070  0.987  1.000 -0.993  0.715
       20  0.99875   0.069 -0.083  0.074 -0.993 -0.993  1.000 -0.765
       22  0.91839  -0.088  0.111 -0.049  0.715  0.715 -0.765  1.000
MINUIT - FIT ONLY 1-CBO + other amplitudes 
 **********
 **   16 **RES 
 **********
                   PARAMETER   14  ANy2 RESTORED TO VARIABLE.
                   PARAMETER    8  phi_CBO RESTORED TO VARIABLE.
                   PARAMETER    7  w_CBO RESTORED TO VARIABLE.
                   PARAMETER    6  A_CBO RESTORED TO VARIABLE.
 **********
 **   17 **FIX            0
 **********
 PARAMETER    0  IS UNDEFINED. IGNORED.
 **********
 **   18 **FIX            1
 **********
 **********
 **   19 **FIX            2
 **********
 PARAMETER    2  IS CONSTANT.   IGNORED.
 **********
 **   20 **FIX            3
 **********
 **********
 **   21 **FIX            4
 **********
 **********
 **   22 **FIX            9
 **********
 PARAMETER    9  IS CONSTANT.   IGNORED.
 **********
 **   23 **FIX           11
 **********
 PARAMETER   11  IS CONSTANT.   IGNORED.
 **********
 **   24 **FIX           12
 **********
 PARAMETER   12  IS CONSTANT.   IGNORED.
 **********
 **   25 **FIX           14
 **********
 **********
 **   26 **FIX           15
 **********
 PARAMETER   15  IS CONSTANT.   IGNORED.
 **********
 **   27 **FIX           16
 **********
 PARAMETER   16  IS CONSTANT.   IGNORED.
 **********
 **   28 **MIGRAD
 **********
 START MIGRAD MINIMIZATION.  STRATEGY  1.  CONVERGENCE WHEN EDM .LT. 1.00e-04
 FCN=942.072 FROM MIGRAD    STATUS=INITIATE       20 CALLS         195 TOTAL
                     EDM= unknown      STRATEGY= 1      NO ERROR MATRIX       
  EXT PARAMETER               CURRENT GUESS       STEP         FIRST   
  NO.   NAME      VALUE            ERROR          SIZE      DERIVATIVE 
   1  N0           3.08809e+06     fixed    
   2  tau          6.44002e+01   constant   
   3  A0           3.47983e-01     fixed    
   4  phi          4.13225e+00     fixed    
   5  R           -6.02574e+01   constant   
   6  A_CBO        3.77593e-03   1.00000e-05   1.00000e-05   1.16525e+04
   7  w_CBO        2.32475e+00   1.00000e-03   1.00000e-03  -3.51532e+00
   8  phi_CBO      5.94820e-02   1.00000e-04   1.00000e-04  -7.43592e-01
   9  ANx2         2.45054e-04   constant   
  10  pNx2         5.52114e+00   constant   
  11  ANy1         0.00000e+00   constant   
  12  pNy1         0.00000e+00   constant   
  13  w_y          0.00000e+00   constant   
  14  ANy2         1.46670e-02     fixed    
  15  pNy2         3.05066e+00   constant   
  16  w_vw         1.43134e+01   constant   
  17  LM          -3.45580e-05   constant   
  18  wCBO_expCoeff   2.00093e+02   3.08875e-01   1.02345e-03  -2.83249e-02
  19  wCBO_expOffset   2.00067e+02   4.64149e-02   1.53666e-04  -1.88768e-01
  20  wCBO_expT    2.99677e+01   2.22817e-02  -1.02567e-04  -8.30358e-01
  21  wCBO_linCoeff   0.00000e+00   constant   
  22  wCBO_const   9.60791e-04   6.96739e-04   8.45968e-06  -2.50958e+00
 MIGRAD MINIMIZATION HAS CONVERGED.
 MIGRAD WILL VERIFY CONVERGENCE AND ERROR MATRIX.
 COVARIANCE MATRIX CALCULATED SUCCESSFULLY
 FCN=928.333 FROM MIGRAD    STATUS=CONVERGED     268 CALLS         443 TOTAL
                     EDM=1.14451e-05    STRATEGY= 1      ERROR MATRIX ACCURATE 
  EXT PARAMETER                                   STEP         FIRST   
  NO.   NAME      VALUE            ERROR          SIZE      DERIVATIVE 
   1  N0           3.08809e+06     fixed    
   2  tau          6.44002e+01   constant   
   3  A0           3.47983e-01     fixed    
   4  phi          4.13225e+00     fixed    
   5  R           -6.02574e+01   constant   
   6  A_CBO        1.63371e-03   6.06509e-04   8.92331e-06   1.61973e+00
   7  w_CBO        2.32483e+00   1.48959e-02   5.49640e-06   9.87491e-01
   8  phi_CBO      1.35479e+00   8.58906e-01   5.40074e-03  -2.76013e-03
   9  ANx2         2.45054e-04   constant   
  10  pNx2         5.52114e+00   constant   
  11  ANy1         0.00000e+00   constant   
  12  pNy1         0.00000e+00   constant   
  13  w_y          0.00000e+00   constant   
  14  ANy2         1.46670e-02     fixed    
  15  pNy2         3.05066e+00   constant   
  16  w_vw         1.43134e+01   constant   
  17  LM          -3.45580e-05   constant   
  18  wCBO_expCoeff   2.00007e+02   1.29029e+00   7.31680e-04   1.42420e-02
  19  wCBO_expOffset   2.00054e+02   1.93531e-01   1.09611e-04   9.49361e-02
  20  wCBO_expT    2.99733e+01   3.01736e-02   2.41838e-05   4.92897e-01
  21  wCBO_linCoeff   0.00000e+00   constant   
  22  wCBO_const   2.37786e-03   6.40289e-03   5.87152e-06  -5.51457e-01
 EXTERNAL ERROR MATRIX.    NDIM=  25    NPAR=  7    ERR DEF=1
  3.679e-07  8.324e-08  4.587e-06  9.545e-07  1.469e-07 -6.555e-08 -7.545e-08 
  8.324e-08  2.219e-04  1.190e-04 -8.263e-03 -1.244e-03 -9.044e-05 -9.347e-05 
  4.587e-06  1.190e-04  7.377e-01  2.028e-02  3.037e-03 -1.277e-03  6.055e-04 
  9.545e-07 -8.263e-03  2.028e-02  1.665e+00 -1.070e-01 -8.653e-03  3.797e-03 
  1.469e-07 -1.244e-03  3.037e-03 -1.070e-01  3.745e-02 -1.295e-03  5.713e-04 
 -6.555e-08 -9.044e-05 -1.277e-03 -8.653e-03 -1.295e-03  9.104e-04  1.399e-05 
 -7.545e-08 -9.347e-05  6.055e-04  3.797e-03  5.713e-04  1.399e-05  4.100e-05 
 PARAMETER  CORRELATION COEFFICIENTS  
       NO.  GLOBAL      6      7      8     18     19     20     22
        6  0.14345   1.000  0.009  0.009  0.001  0.001 -0.004 -0.019
        7  0.99970   0.009  1.000  0.009 -0.430 -0.431 -0.201 -0.980
        8  0.90749   0.009  0.009  1.000  0.018  0.018 -0.049  0.110
       18  0.99928   0.001 -0.430  0.018  1.000 -0.428 -0.222  0.460
       19  0.99928   0.001 -0.431  0.018 -0.428  1.000 -0.222  0.461
       20  0.99856  -0.004 -0.201 -0.049 -0.222 -0.222  1.000  0.072
       22  0.99812  -0.019 -0.980  0.110  0.460  0.461  0.072  1.000
MINUIT - FIT ONLY 1-CBO
 **********
 **   29 **RES 
 **********
                   PARAMETER   14  ANy2 RESTORED TO VARIABLE.
                   PARAMETER    4  phi RESTORED TO VARIABLE.
                   PARAMETER    3  A0 RESTORED TO VARIABLE.
                   PARAMETER    1  N0 RESTORED TO VARIABLE.
 **********
 **   30 **FIX            0
 **********
 PARAMETER    0  IS UNDEFINED. IGNORED.
 **********
 **   31 **FIX            1
 **********
 **********
 **   32 **FIX            2
 **********
 PARAMETER    2  IS CONSTANT.   IGNORED.
 **********
 **   33 **FIX            3
 **********
 **********
 **   34 **FIX            4
 **********
 **********
 **   35 **FIX            8
 **********
 **********
 **   36 **FIX            9
 **********
 PARAMETER    9  IS CONSTANT.   IGNORED.
 **********
 **   37 **FIX           11
 **********
 PARAMETER   11  IS CONSTANT.   IGNORED.
 **********
 **   38 **FIX           12
 **********
 PARAMETER   12  IS CONSTANT.   IGNORED.
 **********
 **   39 **FIX           13
 **********
 PARAMETER   13  IS CONSTANT.   IGNORED.
 **********
 **   40 **FIX           15
 **********
 PARAMETER   15  IS CONSTANT.   IGNORED.
 **********
 **   41 **FIX           16
 **********
 PARAMETER   16  IS CONSTANT.   IGNORED.
 **********
 **   42 **MIGRAD
 **********
 START MIGRAD MINIMIZATION.  STRATEGY  1.  CONVERGENCE WHEN EDM .LT. 1.00e-04
 FCN=928.333 FROM MIGRAD    STATUS=INITIATE       16 CALLS         459 TOTAL
                     EDM= unknown      STRATEGY= 1      NO ERROR MATRIX       
  EXT PARAMETER               CURRENT GUESS       STEP         FIRST   
  NO.   NAME      VALUE            ERROR          SIZE      DERIVATIVE 
   1  N0           3.08809e+06     fixed    
   2  tau          6.44002e+01   constant   
   3  A0           3.47983e-01     fixed    
   4  phi          4.13225e+00     fixed    
   5  R           -6.02574e+01   constant   
   6  A_CBO        1.63371e-03   6.06509e-04   8.92331e-06   1.61973e+00
   7  w_CBO        2.32483e+00   1.48959e-02   5.49640e-06   9.81459e-01
   8  phi_CBO      1.35479e+00     fixed    
   9  ANx2         2.45054e-04   constant   
  10  pNx2         5.52114e+00   constant   
  11  ANy1         0.00000e+00   constant   
  12  pNy1         0.00000e+00   constant   
  13  w_y          0.00000e+00   constant   
  14  ANy2         1.46670e-02   1.00000e-04   1.00000e-04   8.10548e+04
  15  pNy2         3.05066e+00   constant   
  16  w_vw         1.43134e+01   constant   
  17  LM          -3.45580e-05   constant   
  18  wCBO_expCoeff   2.00007e+02   1.29029e+00   7.31680e-04   1.41465e-02
  19  wCBO_expOffset   2.00054e+02   1.93531e-01   1.09611e-04   9.44046e-02
  20  wCBO_expT    2.99733e+01   3.01736e-02   2.41838e-05   4.90888e-01
  21  wCBO_linCoeff   0.00000e+00   constant   
  22  wCBO_const   2.37786e-03   6.40289e-03   5.87152e-06  -5.46852e-01
 MIGRAD MINIMIZATION HAS CONVERGED.
 MIGRAD WILL VERIFY CONVERGENCE AND ERROR MATRIX.
 FCN=340.954 FROM HESSE     STATUS=NOT POSDEF     50 CALLS         623 TOTAL
                     EDM=0.00275581    STRATEGY= 1      ERR MATRIX NOT POS-DEF
  EXT PARAMETER                APPROXIMATE        STEP         FIRST   
  NO.   NAME      VALUE            ERROR          SIZE      DERIVATIVE 
   1  N0           3.08809e+06     fixed    
   2  tau          6.44002e+01   constant   
   3  A0           3.47983e-01     fixed    
   4  phi          4.13225e+00     fixed    
   5  R           -6.02574e+01   constant   
   6  A_CBO        3.62547e-04   6.43902e-04   5.34248e-06   2.18868e+00
   7  w_CBO        2.32510e+00   1.19474e-02   8.61223e-06   1.85241e+00
   8  phi_CBO      1.35479e+00     fixed    
   9  ANx2         2.45054e-04   constant   
  10  pNx2         5.52114e+00   constant   
  11  ANy1         0.00000e+00   constant   
  12  pNy1         0.00000e+00   constant   
  13  w_y          0.00000e+00   constant   
  14  ANy2         1.53540e-04   5.96005e-04   5.37533e-06   2.46042e+00
  15  pNy2         3.05066e+00   constant   
  16  w_vw         1.43134e+01   constant   
  17  LM          -3.45580e-05   constant   
  18  wCBO_expCoeff   2.00019e+02   1.45506e+00   1.13044e-03   1.65783e-02
  19  wCBO_expOffset   2.00056e+02   2.18065e-01   1.69395e-04   1.10639e-01
  20  wCBO_expT    2.99740e+01   4.49835e-02   3.78973e-05  -1.85684e+00
  21  wCBO_linCoeff   0.00000e+00   constant   
  22  wCBO_const   2.93307e-03   5.32954e-03   9.19312e-06   9.88660e-01
 MIGRAD MINIMIZATION HAS CONVERGED.
 MIGRAD WILL VERIFY CONVERGENCE AND ERROR MATRIX.
 FCN=340.93 FROM MIGRAD    STATUS=CONVERGED     287 CALLS         730 TOTAL
                     EDM=3.63295e-07    STRATEGY= 1      ERR MATRIX NOT POS-DEF
  EXT PARAMETER                APPROXIMATE        STEP         FIRST   
  NO.   NAME      VALUE            ERROR          SIZE      DERIVATIVE 
   1  N0           3.08809e+06     fixed    
   2  tau          6.44002e+01   constant   
   3  A0           3.47983e-01     fixed    
   4  phi          4.13225e+00     fixed    
   5  R           -6.02574e+01   constant   
   6  A_CBO        3.67031e-04   6.05868e-04   5.37220e-06  -2.83557e-01
   7  w_CBO        2.32397e+00   9.84023e-03   9.15026e-06  -1.01207e-01
   8  phi_CBO      1.35479e+00     fixed    
   9  ANx2         2.45054e-04   constant   
  10  pNx2         5.52114e+00   constant   
  11  ANy1         0.00000e+00   constant   
  12  pNy1         0.00000e+00   constant   
  13  w_y          0.00000e+00   constant   
  14  ANy2         1.50810e-04   5.93921e-04   5.37513e-06   1.27749e+00
  15  pNy2         3.05066e+00   constant   
  16  w_vw         1.43134e+01   constant   
  17  LM          -3.45580e-05   constant   
  18  wCBO_expCoeff   1.99778e+02   1.60031e+00   1.25191e-03  -2.32157e-04
  19  wCBO_expOffset   2.00020e+02   2.40290e-01   1.87951e-04  -1.54531e-03
  20  wCBO_expT    2.99950e+01   4.50269e-02   4.14665e-05  -1.67809e-02
  21  wCBO_linCoeff   0.00000e+00   constant   
  22  wCBO_const   2.88951e-03   4.38482e-03   8.91546e-06  -1.88104e-01
 EXTERNAL ERROR MATRIX.    NDIM=  25    NPAR=  7    ERR DEF=1
  3.671e-07  2.981e-08  1.721e-08  1.691e-05  2.538e-06 -1.533e-06 -6.712e-08 
  2.981e-08  9.683e-05 -3.071e-09 -3.173e-03 -4.771e-04 -7.331e-05 -3.938e-05 
  1.721e-08 -3.071e-09  3.527e-07  4.138e-06  6.211e-07 -3.376e-07 -2.694e-08 
  1.691e-05 -3.173e-03  4.138e-06  2.561e+00 -2.385e-01 -2.469e-02  1.839e-03 
  2.538e-06 -4.771e-04  6.211e-07 -2.385e-01  5.774e-02 -3.706e-03  2.764e-04 
 -1.533e-06 -7.331e-05 -3.376e-07 -2.469e-02 -3.706e-03  2.027e-03 -1.771e-05 
 -6.712e-08 -3.938e-05 -2.694e-08  1.839e-03  2.764e-04 -1.771e-05  1.923e-05 
ERR MATRIX NOT POS-DEF
 PARAMETER  CORRELATION COEFFICIENTS  
       NO.  GLOBAL      6      7     14     18     19     20     22
        6  0.21386   1.000  0.005  0.048  0.017  0.017 -0.056 -0.025
        7  0.99470   0.005  1.000 -0.001 -0.201 -0.202 -0.165 -0.913
       14  0.08083   0.048 -0.001  1.000  0.004  0.004 -0.013 -0.010
       18  0.99624   0.017 -0.201  0.004  1.000 -0.620 -0.343  0.262
       19  0.99624   0.017 -0.202  0.004 -0.620  1.000 -0.343  0.262
       20  0.99479  -0.056 -0.165 -0.013 -0.343 -0.343  1.000 -0.090
       22  0.97461  -0.025 -0.913 -0.010  0.262  0.262 -0.090  1.000
 ERR MATRIX NOT POS-DEF
MINUIT - FIT ONLY 2-CBO
 **********
 **   43 **RES 
 **********
                   PARAMETER    8  phi_CBO RESTORED TO VARIABLE.
                   PARAMETER    4  phi RESTORED TO VARIABLE.
                   PARAMETER    3  A0 RESTORED TO VARIABLE.
                   PARAMETER    1  N0 RESTORED TO VARIABLE.
 **********
 **   44 **FIX            0
 **********
 PARAMETER    0  IS UNDEFINED. IGNORED.
 **********
 **   45 **FIX            1
 **********
 **********
 **   46 **FIX            2
 **********
 PARAMETER    2  IS CONSTANT.   IGNORED.
 **********
 **   47 **FIX            3
 **********
 **********
 **   48 **FIX            4
 **********
 **********
 **   49 **FIX            5
 **********
 PARAMETER    5  IS CONSTANT.   IGNORED.
 **********
 **   50 **FIX            6
 **********
 **********
 **   51 **FIX            7
 **********
 **********
 **   52 **FIX           10
 **********
 PARAMETER   10  IS CONSTANT.   IGNORED.
 **********
 **   53 **FIX           11
 **********
 PARAMETER   11  IS CONSTANT.   IGNORED.
 **********
 **   54 **FIX           12
 **********
 PARAMETER   12  IS CONSTANT.   IGNORED.
 **********
 **   55 **FIX           13
 **********
 PARAMETER   13  IS CONSTANT.   IGNORED.
 **********
 **   56 **FIX           14
 **********
 **********
 **   57 **FIX           15
 **********
 PARAMETER   15  IS CONSTANT.   IGNORED.
 **********
 **   58 **FIX           16
 **********
 PARAMETER   16  IS CONSTANT.   IGNORED.
 **********
 **   59 **MIGRAD
 **********
 START MIGRAD MINIMIZATION.  STRATEGY  1.  CONVERGENCE WHEN EDM .LT. 1.00e-04
 FCN=340.93 FROM MIGRAD    STATUS=INITIATE       12 CALLS         742 TOTAL
                     EDM= unknown      STRATEGY= 1      NO ERROR MATRIX       
  EXT PARAMETER               CURRENT GUESS       STEP         FIRST   
  NO.   NAME      VALUE            ERROR          SIZE      DERIVATIVE 
   1  N0           3.08809e+06     fixed    
   2  tau          6.44002e+01   constant   
   3  A0           3.47983e-01     fixed    
   4  phi          4.13225e+00     fixed    
   5  R           -6.02574e+01   constant   
   6  A_CBO        3.67031e-04     fixed    
   7  w_CBO        2.32397e+00     fixed    
   8  phi_CBO      1.35479e+00   8.58906e-01   8.58906e-01  -2.87150e-01
   9  ANx2         2.45054e-04   constant   
  10  pNx2         5.52114e+00   constant   
  11  ANy1         0.00000e+00   constant   
  12  pNy1         0.00000e+00   constant   
  13  w_y          0.00000e+00   constant   
  14  ANy2         1.50810e-04     fixed    
  15  pNy2         3.05066e+00   constant   
  16  w_vw         1.43134e+01   constant   
  17  LM          -3.45580e-05   constant   
  18  wCBO_expCoeff   1.99778e+02   1.60031e+00   1.25191e-03  -2.08954e-04
  19  wCBO_expOffset   2.00020e+02   2.40290e-01   1.87951e-04  -1.29592e-03
  20  wCBO_expT    2.99950e+01   4.50269e-02   4.14665e-05  -1.63643e-02
  21  wCBO_linCoeff   0.00000e+00   constant   
  22  wCBO_const   2.88951e-03   4.38482e-03   8.91546e-06  -1.84171e-01
 MIGRAD MINIMIZATION HAS CONVERGED.
 MIGRAD WILL VERIFY CONVERGENCE AND ERROR MATRIX.
 COVARIANCE MATRIX CALCULATED SUCCESSFULLY
 FCN=340.711 FROM MIGRAD    STATUS=CONVERGED     187 CALLS         917 TOTAL
                     EDM=1.28271e-06    STRATEGY= 1      ERROR MATRIX ACCURATE 
  EXT PARAMETER                                   STEP         FIRST   
  NO.   NAME      VALUE            ERROR          SIZE      DERIVATIVE 
   1  N0           3.08809e+06     fixed    
   2  tau          6.44002e+01   constant   
   3  A0           3.47983e-01     fixed    
   4  phi          4.13225e+00     fixed    
   5  R           -6.02574e+01   constant   
   6  A_CBO        3.67031e-04     fixed    
   7  w_CBO        2.32397e+00     fixed    
   8  phi_CBO      2.38883e+00   1.86534e+00   1.33783e-02  -4.70568e-04
   9  ANx2         2.45054e-04   constant   
  10  pNx2         5.52114e+00   constant   
  11  ANy1         0.00000e+00   constant   
  12  pNy1         0.00000e+00   constant   
  13  w_y          0.00000e+00   constant   
  14  ANy2         1.50810e-04     fixed    
  15  pNy2         3.05066e+00   constant   
  16  w_vw         1.43134e+01   constant   
  17  LM          -3.45580e-05   constant   
  18  wCBO_expCoeff   2.00304e+02   1.38857e+00   1.07009e-03  -8.32513e-03
  19  wCBO_expOffset   2.00099e+02   2.07672e-01   1.60038e-04  -5.57017e-02
  20  wCBO_expT    2.99563e+01   4.28833e-02   3.58569e-05  -2.29302e-01
  21  wCBO_linCoeff   0.00000e+00   constant   
  22  wCBO_const   4.22751e-03   1.68669e-03   7.80668e-06  -4.38196e-01
 EXTERNAL ERROR MATRIX.    NDIM=  25    NPAR=  5    ERR DEF=1
  3.479e+00  2.076e-01  3.105e-02 -1.666e-02  1.713e-03 
  2.076e-01  1.928e+00 -1.796e-01 -2.561e-02  4.780e-04 
  3.105e-02 -1.796e-01  4.313e-02 -3.830e-03  7.149e-05 
 -1.666e-02 -2.561e-02 -3.830e-03  1.839e-03 -3.989e-05 
  1.713e-03  4.780e-04  7.149e-05 -3.989e-05  2.845e-06 
 PARAMETER  CORRELATION COEFFICIENTS  
       NO.  GLOBAL      8     18     19     20     22
        8  0.60759   1.000  0.080  0.080 -0.208  0.544
       18  0.99636   0.080  1.000 -0.623 -0.430  0.204
       19  0.99636   0.080 -0.623  1.000 -0.430  0.204
       20  0.99571  -0.208 -0.430 -0.430  1.000 -0.552
       22  0.85824   0.544  0.204  0.204 -0.552  1.000
MINUIT - FIT ONLY 1-y
 **********
 **   60 **RES 
 **********
                   PARAMETER   14  ANy2 RESTORED TO VARIABLE.
                   PARAMETER    7  w_CBO RESTORED TO VARIABLE.
                   PARAMETER    6  A_CBO RESTORED TO VARIABLE.
                   PARAMETER    4  phi RESTORED TO VARIABLE.
                   PARAMETER    3  A0 RESTORED TO VARIABLE.
                   PARAMETER    1  N0 RESTORED TO VARIABLE.
 **********
 **   61 **FIX            0
 **********
 PARAMETER    0  IS UNDEFINED. IGNORED.
 **********
 **   62 **FIX            1
 **********
 **********
 **   63 **FIX            2
 **********
 PARAMETER    2  IS CONSTANT.   IGNORED.
 **********
 **   64 **FIX            3
 **********
 **********
 **   65 **FIX            4
 **********
 **********
 **   66 **FIX            5
 **********
 PARAMETER    5  IS CONSTANT.   IGNORED.
 **********
 **   67 **FIX            6
 **********
 **********
 **   68 **FIX            7
 **********
 **********
 **   69 **FIX            8
 **********
 **********
 **   70 **FIX            9
 **********
 PARAMETER    9  IS CONSTANT.   IGNORED.
 **********
 **   71 **FIX           13
 **********
 PARAMETER   13  IS CONSTANT.   IGNORED.
 **********
 **   72 **FIX           14
 **********
 **********
 **   73 **FIX           15
 **********
 PARAMETER   15  IS CONSTANT.   IGNORED.
 **********
 **   74 **FIX           16
 **********
 PARAMETER   16  IS CONSTANT.   IGNORED.
 **********
 **   75 **MIGRAD
 **********
 START MIGRAD MINIMIZATION.  STRATEGY  1.  CONVERGENCE WHEN EDM .LT. 1.00e-04
 FCN=340.711 FROM MIGRAD    STATUS=INITIATE        8 CALLS         925 TOTAL
                     EDM= unknown      STRATEGY= 1      NO ERROR MATRIX       
  EXT PARAMETER               CURRENT GUESS       STEP         FIRST   
  NO.   NAME      VALUE            ERROR          SIZE      DERIVATIVE 
   1  N0           3.08809e+06     fixed    
   2  tau          6.44002e+01   constant   
   3  A0           3.47983e-01     fixed    
   4  phi          4.13225e+00     fixed    
   5  R           -6.02574e+01   constant   
   6  A_CBO        3.67031e-04     fixed    
   7  w_CBO        2.32397e+00     fixed    
   8  phi_CBO      2.38883e+00     fixed    
   9  ANx2         2.45054e-04   constant   
  10  pNx2         5.52114e+00   constant   
  11  ANy1         0.00000e+00   constant   
  12  pNy1         0.00000e+00   constant   
  13  w_y          0.00000e+00   constant   
  14  ANy2         1.50810e-04     fixed    
  15  pNy2         3.05066e+00   constant   
  16  w_vw         1.43134e+01   constant   
  17  LM          -3.45580e-05   constant   
  18  wCBO_expCoeff   2.00304e+02   1.38857e+00   1.07009e-03  -8.42963e-03
  19  wCBO_expOffset   2.00099e+02   2.07672e-01   1.60038e-04  -5.63623e-02
  20  wCBO_expT    2.99563e+01   4.28833e-02   3.58569e-05  -2.32425e-01
  21  wCBO_linCoeff   0.00000e+00   constant   
  22  wCBO_const   4.22751e-03   1.68669e-03   7.80668e-06  -4.34678e-01
 MIGRAD MINIMIZATION HAS CONVERGED.
 MIGRAD WILL VERIFY CONVERGENCE AND ERROR MATRIX.
 COVARIANCE MATRIX CALCULATED SUCCESSFULLY
 FCN=340.711 FROM MIGRAD    STATUS=CONVERGED      47 CALLS         964 TOTAL
                     EDM=2.63367e-07    STRATEGY= 1      ERROR MATRIX ACCURATE 
  EXT PARAMETER                                   STEP         FIRST   
  NO.   NAME      VALUE            ERROR          SIZE      DERIVATIVE 
   1  N0           3.08809e+06     fixed    
   2  tau          6.44002e+01   constant   
   3  A0           3.47983e-01     fixed    
   4  phi          4.13225e+00     fixed    
   5  R           -6.02574e+01   constant   
   6  A_CBO        3.67031e-04     fixed    
   7  w_CBO        2.32397e+00     fixed    
   8  phi_CBO      2.38883e+00     fixed    
   9  ANx2         2.45054e-04   constant   
  10  pNx2         5.52114e+00   constant   
  11  ANy1         0.00000e+00   constant   
  12  pNy1         0.00000e+00   constant   
  13  w_y          0.00000e+00   constant   
  14  ANy2         1.50810e-04     fixed    
  15  pNy2         3.05066e+00   constant   
  16  w_vw         1.43134e+01   constant   
  17  LM          -3.45580e-05   constant   
  18  wCBO_expCoeff   2.00304e+02   1.38187e+00   1.06895e-03  -5.22781e-04
  19  wCBO_expOffset   2.00099e+02   2.06668e-01   1.59866e-04  -3.49703e-03
  20  wCBO_expT    2.99563e+01   4.18920e-02   3.58223e-05   4.38461e-03
  21  wCBO_linCoeff   0.00000e+00   constant   
  22  wCBO_const   4.22755e-03   1.41435e-03   7.81379e-06   3.78166e-01
 EXTERNAL ERROR MATRIX.    NDIM=  25    NPAR=  4    ERR DEF=1
  1.910e+00 -1.808e-01 -2.455e-02  3.748e-04 
 -1.808e-01  4.271e-02 -3.672e-03  5.605e-05 
 -2.455e-02 -3.672e-03  1.755e-03 -3.162e-05 
  3.748e-04  5.605e-05 -3.162e-05  2.000e-06 
 PARAMETER  CORRELATION COEFFICIENTS  
       NO.  GLOBAL     18     19     20     22
       18  0.99632   1.000 -0.633 -0.424  0.192
       19  0.99632  -0.633  1.000 -0.424  0.192
       20  0.99550  -0.424 -0.424  1.000 -0.534
       22  0.79079   0.192  0.192 -0.534  1.000
MINUIT - FIT ONLY 2-y
 **********
 **   76 **RES 
 **********
                   PARAMETER   14  ANy2 RESTORED TO VARIABLE.
                   PARAMETER    8  phi_CBO RESTORED TO VARIABLE.
                   PARAMETER    7  w_CBO RESTORED TO VARIABLE.
                   PARAMETER    6  A_CBO RESTORED TO VARIABLE.
                   PARAMETER    4  phi RESTORED TO VARIABLE.
                   PARAMETER    3  A0 RESTORED TO VARIABLE.
                   PARAMETER    1  N0 RESTORED TO VARIABLE.
 **********
 **   77 **FIX            0
 **********
 PARAMETER    0  IS UNDEFINED. IGNORED.
 **********
 **   78 **FIX            1
 **********
 **********
 **   79 **FIX            2
 **********
 PARAMETER    2  IS CONSTANT.   IGNORED.
 **********
 **   80 **FIX            3
 **********
 **********
 **   81 **FIX            4
 **********
 **********
 **   82 **FIX            5
 **********
 PARAMETER    5  IS CONSTANT.   IGNORED.
 **********
 **   83 **FIX            6
 **********
 **********
 **   84 **FIX            7
 **********
 **********
 **   85 **FIX            8
 **********
 **********
 **   86 **FIX            9
 **********
 PARAMETER    9  IS CONSTANT.   IGNORED.
 **********
 **   87 **FIX           10
 **********
 PARAMETER   10  IS CONSTANT.   IGNORED.
 **********
 **   88 **FIX           11
 **********
 PARAMETER   11  IS CONSTANT.   IGNORED.
 **********
 **   89 **FIX           12
 **********
 PARAMETER   12  IS CONSTANT.   IGNORED.
 **********
 **   90 **FIX           16
 **********
 PARAMETER   16  IS CONSTANT.   IGNORED.
 **********
 **   91 **MIGRAD
 **********
 START MIGRAD MINIMIZATION.  STRATEGY  1.  CONVERGENCE WHEN EDM .LT. 1.00e-04
 FCN=340.711 FROM MIGRAD    STATUS=INITIATE       10 CALLS         974 TOTAL
                     EDM= unknown      STRATEGY= 1      NO ERROR MATRIX       
  EXT PARAMETER               CURRENT GUESS       STEP         FIRST   
  NO.   NAME      VALUE            ERROR          SIZE      DERIVATIVE 
   1  N0           3.08809e+06     fixed    
   2  tau          6.44002e+01   constant   
   3  A0           3.47983e-01     fixed    
   4  phi          4.13225e+00     fixed    
   5  R           -6.02574e+01   constant   
   6  A_CBO        3.67031e-04     fixed    
   7  w_CBO        2.32397e+00     fixed    
   8  phi_CBO      2.38883e+00     fixed    
   9  ANx2         2.45054e-04   constant   
  10  pNx2         5.52114e+00   constant   
  11  ANy1         0.00000e+00   constant   
  12  pNy1         0.00000e+00   constant   
  13  w_y          0.00000e+00   constant   
  14  ANy2         1.50810e-04   5.93921e-04   5.93921e-04  -8.22884e+01
  15  pNy2         3.05066e+00   constant   
  16  w_vw         1.43134e+01   constant   
  17  LM          -3.45580e-05   constant   
  18  wCBO_expCoeff   2.00304e+02   1.38187e+00   1.06895e-03  -5.40114e-04
  19  wCBO_expOffset   2.00099e+02   2.06668e-01   1.59866e-04  -3.75404e-03
  20  wCBO_expT    2.99563e+01   4.18920e-02   3.58223e-05   3.86725e-03
  21  wCBO_linCoeff   0.00000e+00   constant   
  22  wCBO_const   4.22755e-03   1.41435e-03   7.81379e-06   3.81665e-01
 MIGRAD MINIMIZATION HAS CONVERGED.
 MIGRAD WILL VERIFY CONVERGENCE AND ERROR MATRIX.
 COVARIANCE MATRIX CALCULATED SUCCESSFULLY
 FCN=340.71 FROM MIGRAD    STATUS=CONVERGED      56 CALLS        1020 TOTAL
                     EDM=1.61933e-06    STRATEGY= 1      ERROR MATRIX ACCURATE 
  EXT PARAMETER                                   STEP         FIRST   
  NO.   NAME      VALUE            ERROR          SIZE      DERIVATIVE 
   1  N0           3.08809e+06     fixed    
   2  tau          6.44002e+01   constant   
   3  A0           3.47983e-01     fixed    
   4  phi          4.13225e+00     fixed    
   5  R           -6.02574e+01   constant   
   6  A_CBO        3.67031e-04     fixed    
   7  w_CBO        2.32397e+00     fixed    
   8  phi_CBO      2.38883e+00     fixed    
   9  ANx2         2.45054e-04   constant   
  10  pNx2         5.52114e+00   constant   
  11  ANy1         0.00000e+00   constant   
  12  pNy1         0.00000e+00   constant   
  13  w_y          0.00000e+00   constant   
  14  ANy2         1.65392e-04   5.95551e-04   5.37339e-06  -1.16706e-02
  15  pNy2         3.05066e+00   constant   
  16  w_vw         1.43134e+01   constant   
  17  LM          -3.45580e-05   constant   
  18  wCBO_expCoeff   2.00304e+02   1.38346e+00   1.06905e-03   1.81491e-03
  19  wCBO_expOffset   2.00099e+02   2.06903e-01   1.59882e-04   1.21341e-02
  20  wCBO_expT    2.99563e+01   4.19274e-02   3.58257e-05   9.95179e-02
  21  wCBO_linCoeff   0.00000e+00   constant   
  22  wCBO_const   4.22741e-03   1.41489e-03   7.81398e-06   1.42853e+00
 EXTERNAL ERROR MATRIX.    NDIM=  25    NPAR=  5    ERR DEF=1
  3.547e-07  3.795e-06  5.677e-07 -2.301e-07 -1.385e-08 
  3.795e-06  1.914e+00 -1.813e-01 -2.460e-02  3.755e-04 
  5.677e-07 -1.813e-01  4.281e-02 -3.678e-03  5.615e-05 
 -2.301e-07 -2.460e-02 -3.678e-03  1.758e-03 -3.167e-05 
 -1.385e-08  3.755e-04  5.615e-05 -3.167e-05  2.002e-06 
 PARAMETER  CORRELATION COEFFICIENTS  
       NO.  GLOBAL     14     18     19     20     22
       14  0.02798   1.000  0.005  0.005 -0.009 -0.016
       18  0.99632   0.005  1.000 -0.633 -0.424  0.192
       19  0.99632   0.005 -0.633  1.000 -0.424  0.192
       20  0.99550  -0.009 -0.424 -0.424  1.000 -0.534
       22  0.79089  -0.016  0.192  0.192 -0.534  1.000
MINUIT - FIT ALTOGETHER
 **********
 **   92 **RES 
 **********
                   PARAMETER    8  phi_CBO RESTORED TO VARIABLE.
                   PARAMETER    7  w_CBO RESTORED TO VARIABLE.
                   PARAMETER    6  A_CBO RESTORED TO VARIABLE.
                   PARAMETER    4  phi RESTORED TO VARIABLE.
                   PARAMETER    3  A0 RESTORED TO VARIABLE.
