 + ++++++++++++++++++++++++++++++++++++++++++++++++++++++++++++++++++++ +
 +                                                                      +
 +           You have chose to blind your fitting according to          +
 +                omega_ref * (1 + (R +/- deltaR) *10^{-6})             +
 +                                                                      +
 + ++++++++++++++++++++++++++++++++++++++++++++++++++++++++++++++++++++ +
In main()...
reading format from /gm2data/zkhechad/run45/envelope/formats/formatB_sBin_constraintOn.txt
pBinTau 	= 0  
pBinPhi 	= 0  
constraintau 	= 1 
includeMopTerm 	= 0    
constrainMop    = 0   
Parameters after format file: pBinTau 0 pBinPhi 0 constraintau 1 includeMopTerm 0 constrainMop 0 c_e_scale 0.000000 
reading cbo reference file (full fit) from /gm2data/zkhechad/cboTemplates/Run4CBOTemplates/fullFits/run4/sBin_constraintOn_cE0.0_seed0_run4_calo22.root
A_CBO 0.009526 w_CBO 2.326135 phi_CBO 3.153773 N0 2910883.778789 R -61.156963 tau 64.406920 
Reading cboRef file /gm2data/zkhechad/cboTemplates/Run4CBOTemplates//cboIsolate/run4_calo22.root
deltaT 17.636247
windowBins = 120
fitting sliding window 520 from bin 723 at 107.871600 to bin 843 at 125.775600 (120 bins)

Reading data from /gm2data/cornell/histograms/aMethod/histogram_a_run4.root
fitting cbo isolate
 **********
 **    1 **SET PRINTOUT            1
 **********
 **********
 **    2 **SET NOWARNINGS 
 **********
 PARAMETER DEFINITIONS:
    NO.   NAME         VALUE      STEP SIZE      LIMITS
     1 A_CBO        9.52554e-03  1.00000e-05     no limits
     2 w_CBO        2.32614e+00  1.00000e-02    2.00000e+00  3.00000e+00
     3 phi_CBO      3.15377e+00  1.00000e-02    0.00000e+00  6.28319e+00
 **********
 **    3 **MIGRAD
 **********
 FIRST CALL TO USER FUNCTION AT NEW START POINT, WITH IFLAG=4.
 START MIGRAD MINIMIZATION.  STRATEGY  1.  CONVERGENCE WHEN EDM .LT. 1.00e-04
 FCN=0.00126964 FROM MIGRAD    STATUS=INITIATE       10 CALLS          11 TOTAL
                     EDM= unknown      STRATEGY= 1      NO ERROR MATRIX       
  EXT PARAMETER               CURRENT GUESS       STEP         FIRST   
  NO.   NAME      VALUE            ERROR          SIZE      DERIVATIVE 
   1  A_CBO        9.52554e-03   1.00000e-05   1.00000e-05   5.33307e-01
   2  w_CBO        2.32614e+00   1.00000e-02   2.13335e-02   2.58230e-03
   3  phi_CBO      3.15377e+00   1.00000e-02   3.18313e-03  -1.13658e-04
 MIGRAD MINIMIZATION HAS CONVERGED.
 MIGRAD WILL VERIFY CONVERGENCE AND ERROR MATRIX.
 COVARIANCE MATRIX CALCULATED SUCCESSFULLY
 FCN=0.00010127 FROM MIGRAD    STATUS=CONVERGED      35 CALLS          36 TOTAL
                     EDM=3.24909e-06    STRATEGY= 1      ERROR MATRIX ACCURATE 
  EXT PARAMETER                                   STEP         FIRST   
  NO.   NAME      VALUE            ERROR          SIZE      DERIVATIVE 
   1  A_CBO        5.14214e-03   1.32793e-01   6.26183e-05  -1.75218e-05
   2  w_CBO        2.32606e+00   7.54078e-01   1.67495e-04  -2.97011e-03
   3  phi_CBO      3.16016e+00   4.60191e+00   2.92031e-03   1.81198e-04
 EXTERNAL ERROR MATRIX.    NDIM=  25    NPAR=  3    ERR DEF=1
  1.763e-02 -1.855e-01 -2.166e+01 
 -1.855e-01  2.896e+01  3.376e+03 
 -2.166e+01  3.376e+03  3.942e+05 
 PARAMETER  CORRELATION COEFFICIENTS  
       NO.  GLOBAL      1      2      3
        1  0.25974   1.000 -0.260 -0.260
        2  0.99919  -0.260  1.000  0.999
        3  0.99919  -0.260  0.999  1.000
setting A_CBO=0.005142 w_CBO=2.326064, phi_CBO=3.160158
done fitting cbo isolate
 **********
 **    1 **SET PRINTOUT            1
 **********
 **********
 **    2 **SET NOWARNINGS 
 **********
 PARAMETER DEFINITIONS:
    NO.   NAME         VALUE      STEP SIZE      LIMITS
     1 N0           2.91088e+06  1.00000e+02     no limits
     2 tau          6.44069e+01  constant
     3 A0           3.51795e-01  1.00000e-04     no limits
     4 phi          4.11585e+00  1.00000e-02     no limits
     5 R           -6.11570e+01  constant
     6 A_CBO        5.14214e-03  1.00000e-05     no limits
     7 w_CBO        2.32606e+00  1.00000e-03     no limits
     8 phi_CBO      3.16016e+00  1.00000e-04     no limits
     9 ANx2         8.59960e-04  constant
    10 pNx2         1.29548e+00  constant
    11 ANy1         0.00000e+00  constant
    12 pNy1         0.00000e+00  constant
    13 w_y          0.00000e+00  constant
    14 ANy2         8.55552e-03  1.00000e-04     no limits
    15 pNy2         3.07836e+00  constant
    16 w_vw         1.43006e+01  constant
    17 LM           1.55944e-04  constant
    18 wCBO_expCoeff   2.00000e+02  1.00000e+00     no limits
    19 wCBO_expOffset   2.00000e+02  1.00000e+00     no limits
    20 wCBO_expT    3.00000e+01  1.00000e+00     no limits
    21 wCBO_linCoeff   0.00000e+00  constant
    22 wCBO_const   0.00000e+00  1.00000e-02     no limits
MINUIT - FIT ONLY WIGGLE
 **********
 **    3 **FIX            5
 **********
 PARAMETER    5  IS CONSTANT.   IGNORED.
 **********
 **    4 **FIX            6
 **********
 **********
 **    5 **FIX            7
 **********
 **********
 **    6 **FIX            8
 **********
 **********
 **    7 **FIX            9
 **********
 PARAMETER    9  IS CONSTANT.   IGNORED.
 **********
 **    8 **FIX           10
 **********
 PARAMETER   10  IS CONSTANT.   IGNORED.
 **********
 **    9 **FIX           11
 **********
 PARAMETER   11  IS CONSTANT.   IGNORED.
 **********
 **   10 **FIX           12
 **********
 PARAMETER   12  IS CONSTANT.   IGNORED.
 **********
 **   11 **FIX           13
 **********
 PARAMETER   13  IS CONSTANT.   IGNORED.
 **********
 **   12 **FIX           14
 **********
 **********
 **   13 **FIX           15
 **********
 PARAMETER   15  IS CONSTANT.   IGNORED.
 **********
 **   14 **FIX           16
 **********
 PARAMETER   16  IS CONSTANT.   IGNORED.
 **********
 **   15 **MIGRAD
 **********
 FIRST CALL TO USER FUNCTION AT NEW START POINT, WITH IFLAG=4.
 START MIGRAD MINIMIZATION.  STRATEGY  1.  CONVERGENCE WHEN EDM .LT. 1.00e-04
 FCN=2114.55 FROM MIGRAD    STATUS=INITIATE       53 CALLS          54 TOTAL
                     EDM= unknown      STRATEGY= 1      NO ERROR MATRIX       
  EXT PARAMETER               CURRENT GUESS       STEP         FIRST   
  NO.   NAME      VALUE            ERROR          SIZE      DERIVATIVE 
   1  N0           2.91088e+06   1.00000e+02   0.00000e+00   9.17510e-03
   2  tau          6.44069e+01   constant   
   3  A0           3.51795e-01   1.00000e-04   0.00000e+00   2.19514e+04
   4  phi          4.11585e+00   1.00000e-02   0.00000e+00  -4.92482e+03
   5  R           -6.11570e+01   constant   
   6  A_CBO        5.14214e-03     fixed    
   7  w_CBO        2.32606e+00     fixed    
   8  phi_CBO      3.16016e+00     fixed    
   9  ANx2         8.59960e-04   constant   
  10  pNx2         1.29548e+00   constant   
  11  ANy1         0.00000e+00   constant   
  12  pNy1         0.00000e+00   constant   
  13  w_y          0.00000e+00   constant   
  14  ANy2         8.55552e-03     fixed    
  15  pNy2         3.07836e+00   constant   
  16  w_vw         1.43006e+01   constant   
  17  LM           1.55944e-04   constant   
  18  wCBO_expCoeff   1.99999e+02   1.00000e+00  -7.34545e-04  -6.99986e+05
  19  wCBO_expOffset   2.00000e+02   1.00000e+00   0.00000e+00   4.66492e+05
  20  wCBO_expT    3.00000e+01   1.00000e+00   0.00000e+00   1.02669e+07
  21  wCBO_linCoeff   0.00000e+00   constant   
  22  wCBO_const   0.00000e+00   1.00000e-02   0.00000e+00  -3.57842e+04
 MIGRAD FAILS TO FIND IMPROVEMENT
 FCN=2082.08 FROM HESSE     STATUS=NOT POSDEF     52 CALLS         244 TOTAL
                     EDM=39.2724    STRATEGY= 1      ERR MATRIX NOT POS-DEF
  EXT PARAMETER                APPROXIMATE        STEP         FIRST   
  NO.   NAME      VALUE            ERROR          SIZE      DERIVATIVE 
   1  N0           2.91027e+06   5.91776e+02   9.94454e+00   1.89127e-03
   2  tau          6.44069e+01   constant   
   3  A0           3.51551e-01   3.47738e-04   4.59596e-06   2.43394e+03
   4  phi          4.11682e+00   9.00191e-04   1.36626e-05  -2.22186e+03
   5  R           -6.11570e+01   constant   
   6  A_CBO        5.14214e-03     fixed    
   7  w_CBO        2.32606e+00     fixed    
   8  phi_CBO      3.16016e+00     fixed    
   9  ANx2         8.59960e-04   constant   
  10  pNx2         1.29548e+00   constant   
  11  ANy1         0.00000e+00   constant   
  12  pNy1         0.00000e+00   constant   
  13  w_y          0.00000e+00   constant   
  14  ANy2         8.55552e-03     fixed    
  15  pNy2         3.07836e+00   constant   
  16  w_vw         1.43006e+01   constant   
  17  LM           1.55944e-04   constant   
  18  wCBO_expCoeff   1.99999e+02   1.48009e-04   9.53671e-05  -1.32442e+05
  19  wCBO_expOffset   2.00000e+02   2.78827e-05   9.53674e-05  -8.86456e+05
  20  wCBO_expT    3.00000e+01   9.34922e-06   1.43051e-05   3.19484e+06
  21  wCBO_linCoeff   0.00000e+00   constant   
  22  wCBO_const   3.81044e-04   9.20306e-04   5.48444e-06  -2.60907e+03
 MIGRAD FAILS TO FIND IMPROVEMENT
 MIGRAD TERMINATED WITHOUT CONVERGENCE.
 FCN=2076.93 FROM MIGRAD    STATUS=FAILED        471 CALLS         472 TOTAL
                     EDM=394.291    STRATEGY= 1      ERR MATRIX NOT POS-DEF
  EXT PARAMETER                APPROXIMATE        STEP         FIRST   
  NO.   NAME      VALUE            ERROR          SIZE      DERIVATIVE 
   1  N0           2.91000e+06   4.15127e+02  -0.00000e+00  -1.54679e-03
   2  tau          6.44069e+01   constant   
   3  A0           3.51545e-01   1.92583e-04  -0.00000e+00   1.78492e+03
   4  phi          4.11825e+00   1.32090e-03   0.00000e+00   3.78100e+03
   5  R           -6.11570e+01   constant   
   6  A_CBO        5.14214e-03     fixed    
   7  w_CBO        2.32606e+00     fixed    
   8  phi_CBO      3.16016e+00     fixed    
   9  ANx2         8.59960e-04   constant   
  10  pNx2         1.29548e+00   constant   
  11  ANy1         0.00000e+00   constant   
  12  pNy1         0.00000e+00   constant   
  13  w_y          0.00000e+00   constant   
  14  ANy2         8.55552e-03     fixed    
  15  pNy2         3.07836e+00   constant   
  16  w_vw         1.43006e+01   constant   
  17  LM           1.55944e-04   constant   
  18  wCBO_expCoeff   1.99999e+02   5.36955e-05  -0.00000e+00   6.26804e+04
  19  wCBO_expOffset   2.00000e+02   1.73536e-05  -0.00000e+00   1.21496e+06
  20  wCBO_expT    3.00000e+01   1.30164e-05  -0.00000e+00   1.10578e+06
  21  wCBO_linCoeff   0.00000e+00   constant   
  22  wCBO_const  -5.10776e-04   1.34265e-03  -0.00000e+00   6.37178e+03
 EXTERNAL ERROR MATRIX.    NDIM=  25    NPAR=  7    ERR DEF=1
  1.723e+05  3.444e-03 -1.105e-01  6.685e-03  2.067e-03  1.541e-03  1.535e-01 
  3.444e-03  3.709e-08 -1.803e-08 -2.747e-10  1.285e-10  6.782e-11  2.163e-08 
 -1.105e-01 -1.803e-08  1.745e-06 -6.824e-08 -2.222e-08 -1.679e-08 -1.626e-06 
  6.685e-03 -2.747e-10 -6.824e-08  2.883e-09  8.692e-10  6.552e-10  5.879e-08 
  2.067e-03  1.285e-10 -2.222e-08  8.692e-10  3.011e-10  2.249e-10  2.211e-08 
  1.541e-03  6.782e-11 -1.679e-08  6.552e-10  2.249e-10  1.694e-10  1.674e-08 
  1.535e-01  2.163e-08 -1.626e-06  5.879e-08  2.211e-08  1.674e-08  1.803e-06 
ERR MATRIX NOT POS-DEF
 PARAMETER  CORRELATION COEFFICIENTS  
       NO.  GLOBAL      1      3      4     18     19     20     22
        1  0.82891   1.000  0.043 -0.202  0.300  0.287  0.285  0.275
        3  0.61303   0.043  1.000 -0.071 -0.027  0.038  0.027  0.084
        4  0.99669  -0.202 -0.071  1.000 -0.962 -0.969 -0.976 -0.917
       18  0.99620   0.300 -0.027 -0.962  1.000  0.933  0.937  0.815
       19  0.99613   0.287  0.038 -0.969  0.933  1.000  0.996  0.949
       20  0.99853   0.285  0.027 -0.976  0.937  0.996  1.000  0.958
       22  0.99453   0.275  0.084 -0.917  0.815  0.949  0.958  1.000
 ERR MATRIX NOT POS-DEF
MINUIT - FIT ONLY 1-CBO + other amplitudes 
 **********
 **   16 **RES 
 **********
                   PARAMETER   14  ANy2 RESTORED TO VARIABLE.
                   PARAMETER    8  phi_CBO RESTORED TO VARIABLE.
                   PARAMETER    7  w_CBO RESTORED TO VARIABLE.
                   PARAMETER    6  A_CBO RESTORED TO VARIABLE.
 **********
 **   17 **FIX            0
 **********
 PARAMETER    0  IS UNDEFINED. IGNORED.
 **********
 **   18 **FIX            1
 **********
 **********
 **   19 **FIX            2
 **********
 PARAMETER    2  IS CONSTANT.   IGNORED.
 **********
 **   20 **FIX            3
 **********
 **********
 **   21 **FIX            4
 **********
 **********
 **   22 **FIX            9
 **********
 PARAMETER    9  IS CONSTANT.   IGNORED.
 **********
 **   23 **FIX           11
 **********
 PARAMETER   11  IS CONSTANT.   IGNORED.
 **********
 **   24 **FIX           12
 **********
 PARAMETER   12  IS CONSTANT.   IGNORED.
 **********
 **   25 **FIX           14
 **********
 **********
 **   26 **FIX           15
 **********
 PARAMETER   15  IS CONSTANT.   IGNORED.
 **********
 **   27 **FIX           16
 **********
 PARAMETER   16  IS CONSTANT.   IGNORED.
 **********
 **   28 **MIGRAD
 **********
 START MIGRAD MINIMIZATION.  STRATEGY  1.  CONVERGENCE WHEN EDM .LT. 1.00e-04
 FCN=2076.93 FROM MIGRAD    STATUS=INITIATE       22 CALLS         494 TOTAL
                     EDM= unknown      STRATEGY= 1      NO ERROR MATRIX       
  EXT PARAMETER               CURRENT GUESS       STEP         FIRST   
  NO.   NAME      VALUE            ERROR          SIZE      DERIVATIVE 
   1  N0           2.91000e+06     fixed    
   2  tau          6.44069e+01   constant   
   3  A0           3.51545e-01     fixed    
   4  phi          4.11825e+00     fixed    
   5  R           -6.11570e+01   constant   
   6  A_CBO        5.14214e-03   1.00000e-05   1.00000e-05   1.40863e+05
   7  w_CBO        2.32606e+00   1.00000e-03   1.00000e-03   5.39118e+06
   8  phi_CBO      3.16016e+00   1.00000e-04   1.00000e-04  -9.52217e+01
   9  ANx2         8.59960e-04   constant   
  10  pNx2         1.29548e+00   constant   
  11  ANy1         0.00000e+00   constant   
  12  pNy1         0.00000e+00   constant   
  13  w_y          0.00000e+00   constant   
  14  ANy2         8.55552e-03     fixed    
  15  pNy2         3.07836e+00   constant   
  16  w_vw         1.43006e+01   constant   
  17  LM           1.55944e-04   constant   
  18  wCBO_expCoeff   1.99999e+02   5.36955e-05  -0.00000e+00   6.26804e+04
  19  wCBO_expOffset   2.00000e+02   1.73536e-05  -0.00000e+00   1.21496e+06
  20  wCBO_expT    3.00000e+01   1.30164e-05  -0.00000e+00   1.10578e+06
  21  wCBO_linCoeff   0.00000e+00   constant   
  22  wCBO_const  -5.10776e-04   1.34265e-03  -0.00000e+00   6.37178e+03
 MIGRAD FAILS TO FIND IMPROVEMENT
 FCN=1848.21 FROM HESSE     STATUS=NOT POSDEF     58 CALLS        1256 TOTAL
                     EDM=263.234    STRATEGY= 1      ERR MATRIX NOT POS-DEF
  EXT PARAMETER                APPROXIMATE        STEP         FIRST   
  NO.   NAME      VALUE            ERROR          SIZE      DERIVATIVE 
   1  N0           2.91000e+06     fixed    
   2  tau          6.44069e+01   constant   
   3  A0           3.51545e-01     fixed    
   4  phi          4.11825e+00     fixed    
   5  R           -6.11570e+01   constant   
   6  A_CBO        2.40525e-03   1.44393e-03   4.44031e-06   9.41437e+03
   7  w_CBO        2.32606e+00   9.13733e-07   1.10915e-06  -3.78253e+05
   8  phi_CBO      3.80393e+00   1.34314e-01   2.05961e-03   7.81613e+00
   9  ANx2         8.59960e-04   constant   
  10  pNx2         1.29548e+00   constant   
  11  ANy1         0.00000e+00   constant   
  12  pNy1         0.00000e+00   constant   
  13  w_y          0.00000e+00   constant   
  14  ANy2         8.55552e-03     fixed    
  15  pNy2         3.07836e+00   constant   
  16  w_vw         1.43006e+01   constant   
  17  LM           1.55944e-04   constant   
  18  wCBO_expCoeff   1.99999e+02   7.85752e-05   9.53671e-05  -4.40196e+03
  19  wCBO_expOffset   2.00000e+02   3.42083e-05   9.53674e-05  -8.46189e+05
  20  wCBO_expT    3.00000e+01   9.12580e-06   1.43051e-05   1.09395e+06
  21  wCBO_linCoeff   0.00000e+00   constant   
  22  wCBO_const   1.68073e-04   2.38197e-04   5.50614e-06   1.34647e+03
 MIGRAD FAILS TO FIND IMPROVEMENT
 MIGRAD TERMINATED WITHOUT CONVERGENCE.
 FCN=1847.28 FROM MIGRAD    STATUS=FAILED        920 CALLS        1392 TOTAL
                     EDM=37.3544    STRATEGY= 1      ERR MATRIX NOT POS-DEF
  EXT PARAMETER                APPROXIMATE        STEP         FIRST   
  NO.   NAME      VALUE            ERROR          SIZE      DERIVATIVE 
   1  N0           2.91000e+06     fixed    
   2  tau          6.44069e+01   constant   
   3  A0           3.51545e-01     fixed    
   4  phi          4.11825e+00     fixed    
   5  R           -6.11570e+01   constant   
   6  A_CBO        2.19965e-03   1.84071e-04  -0.00000e+00   3.03150e+02
   7  w_CBO        2.32606e+00   3.71546e-07  -0.00000e+00   5.89996e+06
   8  phi_CBO      3.76126e+00   8.64435e-02  -0.00000e+00  -7.64540e+00
   9  ANx2         8.59960e-04   constant   
  10  pNx2         1.29548e+00   constant   
  11  ANy1         0.00000e+00   constant   
  12  pNy1         0.00000e+00   constant   
  13  w_y          0.00000e+00   constant   
  14  ANy2         8.55552e-03     fixed    
  15  pNy2         3.07836e+00   constant   
  16  w_vw         1.43006e+01   constant   
  17  LM           1.55944e-04   constant   
  18  wCBO_expCoeff   1.99999e+02   3.19555e-05  -0.00000e+00   6.86047e+04
  19  wCBO_expOffset   2.00000e+02   2.19995e-06   0.00000e+00   2.57078e+05
  20  wCBO_expT    3.00000e+01   4.58872e-06  -0.00000e+00   1.22317e+06
  21  wCBO_linCoeff   0.00000e+00   constant   
  22  wCBO_const  -1.09944e-04   6.35801e-04  -0.00000e+00   6.26543e+03
 EXTERNAL ERROR MATRIX.    NDIM=  25    NPAR=  7    ERR DEF=1
  3.388e-08  4.954e-11  2.298e-06  4.261e-09 -2.430e-10  6.538e-10  8.712e-08 
  4.954e-11  1.380e-13  1.731e-08  9.156e-12 -5.105e-13  1.526e-12  1.827e-10 
  2.298e-06  1.731e-08  7.472e-03  1.489e-06 -4.167e-08  1.828e-07  2.537e-05 
  4.261e-09  9.156e-12  1.489e-06  1.021e-09 -4.391e-11  1.313e-10  1.571e-08 
 -2.430e-10 -5.105e-13 -4.167e-08 -4.391e-11  4.840e-12 -7.256e-12 -9.810e-10 
  6.538e-10  1.526e-12  1.828e-07  1.313e-10 -7.256e-12  2.106e-11  2.673e-09 
  8.712e-08  1.827e-10  2.537e-05  1.571e-08 -9.810e-10  2.673e-09  4.042e-07 
ERR MATRIX NOT POS-DEF
 PARAMETER  CORRELATION COEFFICIENTS  
       NO.  GLOBAL      6      7      8     18     19     20     22
        6  0.90226   1.000  0.724  0.144  0.724 -0.600  0.774  0.744
        7  0.95729   0.724  1.000  0.539  0.771 -0.625  0.895  0.773
        8  0.86888   0.144  0.539  1.000  0.539 -0.219  0.461  0.462
       18  0.95730   0.724  0.771  0.539  1.000 -0.625  0.895  0.773
       19  0.74604  -0.600 -0.625 -0.219 -0.625  1.000 -0.719 -0.701
       20  0.98836   0.774  0.895  0.461  0.895 -0.719  1.000  0.916
       22  0.96255   0.744  0.773  0.462  0.773 -0.701  0.916  1.000
 ERR MATRIX NOT POS-DEF
MINUIT - FIT ONLY 1-CBO
 **********
 **   29 **RES 
 **********
                   PARAMETER   14  ANy2 RESTORED TO VARIABLE.
                   PARAMETER    4  phi RESTORED TO VARIABLE.
                   PARAMETER    3  A0 RESTORED TO VARIABLE.
                   PARAMETER    1  N0 RESTORED TO VARIABLE.
 **********
 **   30 **FIX            0
 **********
 PARAMETER    0  IS UNDEFINED. IGNORED.
 **********
 **   31 **FIX            1
 **********
 **********
 **   32 **FIX            2
 **********
 PARAMETER    2  IS CONSTANT.   IGNORED.
 **********
 **   33 **FIX            3
 **********
 **********
 **   34 **FIX            4
 **********
 **********
 **   35 **FIX            8
 **********
 **********
 **   36 **FIX            9
 **********
 PARAMETER    9  IS CONSTANT.   IGNORED.
 **********
 **   37 **FIX           11
 **********
 PARAMETER   11  IS CONSTANT.   IGNORED.
 **********
 **   38 **FIX           12
 **********
 PARAMETER   12  IS CONSTANT.   IGNORED.
 **********
 **   39 **FIX           13
 **********
 PARAMETER   13  IS CONSTANT.   IGNORED.
 **********
 **   40 **FIX           15
 **********
 PARAMETER   15  IS CONSTANT.   IGNORED.
 **********
 **   41 **FIX           16
 **********
 PARAMETER   16  IS CONSTANT.   IGNORED.
 **********
 **   42 **MIGRAD
 **********
 START MIGRAD MINIMIZATION.  STRATEGY  1.  CONVERGENCE WHEN EDM .LT. 1.00e-04
 FCN=1847.28 FROM MIGRAD    STATUS=INITIATE       16 CALLS        1408 TOTAL
                     EDM= unknown      STRATEGY= 1      NO ERROR MATRIX       
  EXT PARAMETER               CURRENT GUESS       STEP         FIRST   
  NO.   NAME      VALUE            ERROR          SIZE      DERIVATIVE 
   1  N0           2.91000e+06     fixed    
   2  tau          6.44069e+01   constant   
   3  A0           3.51545e-01     fixed    
   4  phi          4.11825e+00     fixed    
   5  R           -6.11570e+01   constant   
   6  A_CBO        2.19965e-03   1.84071e-04  -0.00000e+00   3.03150e+02
   7  w_CBO        2.32606e+00   3.71546e-07  -0.00000e+00   5.89996e+06
   8  phi_CBO      3.76126e+00     fixed    
   9  ANx2         8.59960e-04   constant   
  10  pNx2         1.29548e+00   constant   
  11  ANy1         0.00000e+00   constant   
  12  pNy1         0.00000e+00   constant   
  13  w_y          0.00000e+00   constant   
  14  ANy2         8.55552e-03   1.00000e-04   1.00000e-04   3.11532e+05
  15  pNy2         3.07836e+00   constant   
  16  w_vw         1.43006e+01   constant   
  17  LM           1.55944e-04   constant   
  18  wCBO_expCoeff   1.99999e+02   3.19555e-05  -0.00000e+00   6.86047e+04
  19  wCBO_expOffset   2.00000e+02   2.19995e-06   0.00000e+00   2.57078e+05
  20  wCBO_expT    3.00000e+01   4.58872e-06  -0.00000e+00   1.22317e+06
  21  wCBO_linCoeff   0.00000e+00   constant   
  22  wCBO_const  -1.09944e-04   6.35801e-04  -0.00000e+00   6.26543e+03
 MIGRAD FAILS TO FIND IMPROVEMENT
 FCN=609.665 FROM HESSE     STATUS=NOT POSDEF     58 CALLS        1528 TOTAL
                     EDM=92.8799    STRATEGY= 1      ERR MATRIX NOT POS-DEF
  EXT PARAMETER                APPROXIMATE        STEP         FIRST   
  NO.   NAME      VALUE            ERROR          SIZE      DERIVATIVE 
   1  N0           2.91000e+06     fixed    
   2  tau          6.44069e+01   constant   
   3  A0           3.51545e-01     fixed    
   4  phi          4.11825e+00     fixed    
   5  R           -6.11570e+01   constant   
   6  A_CBO        8.50553e-04   2.00401e-03   2.75966e-06  -1.54028e+02
   7  w_CBO        2.32606e+00   1.35559e-06   1.10915e-06   4.89716e+05
   8  phi_CBO      3.76126e+00     fixed    
   9  ANx2         8.59960e-04   constant   
  10  pNx2         1.29548e+00   constant   
  11  ANy1         0.00000e+00   constant   
  12  pNy1         0.00000e+00   constant   
  13  w_y          0.00000e+00   constant   
  14  ANy2         5.64333e-04   4.58993e-04   2.63595e-06  -6.38870e+02
  15  pNy2         3.07836e+00   constant   
  16  w_vw         1.43006e+01   constant   
  17  LM           1.55944e-04   constant   
  18  wCBO_expCoeff   1.99999e+02   1.16543e-04   9.53671e-05   5.69294e+03
  19  wCBO_expOffset   2.00000e+02   1.05706e-04   9.53674e-05  -2.09939e+05
  20  wCBO_expT    3.00000e+01   1.59374e-05   1.43051e-05   1.30978e+05
  21  wCBO_linCoeff   0.00000e+00   constant   
  22  wCBO_const  -9.96824e-04   1.91836e-03   4.89191e-06   5.41793e+02
 MIGRAD FAILS TO FIND IMPROVEMENT
 MIGRAD TERMINATED WITHOUT CONVERGENCE.
 FCN=609.665 FROM MIGRAD    STATUS=FAILED        147 CALLS        1539 TOTAL
                     EDM=92.8799    STRATEGY= 1      ERR MATRIX NOT POS-DEF
  EXT PARAMETER                APPROXIMATE        STEP         FIRST   
  NO.   NAME      VALUE            ERROR          SIZE      DERIVATIVE 
   1  N0           2.91000e+06     fixed    
   2  tau          6.44069e+01   constant   
   3  A0           3.51545e-01     fixed    
   4  phi          4.11825e+00     fixed    
   5  R           -6.11570e+01   constant   
   6  A_CBO        8.50553e-04   2.00401e-03  -0.00000e+00  -1.54028e+02
   7  w_CBO        2.32606e+00   1.35559e-06   0.00000e+00   4.89716e+05
   8  phi_CBO      3.76126e+00     fixed    
   9  ANx2         8.59960e-04   constant   
  10  pNx2         1.29548e+00   constant   
  11  ANy1         0.00000e+00   constant   
  12  pNy1         0.00000e+00   constant   
  13  w_y          0.00000e+00   constant   
  14  ANy2         5.64333e-04   4.58993e-04  -0.00000e+00  -6.38870e+02
  15  pNy2         3.07836e+00   constant   
  16  w_vw         1.43006e+01   constant   
  17  LM           1.55944e-04   constant   
  18  wCBO_expCoeff   1.99999e+02   1.16543e-04   0.00000e+00   5.69294e+03
  19  wCBO_expOffset   2.00000e+02   1.05706e-04   0.00000e+00  -2.09939e+05
  20  wCBO_expT    3.00000e+01   1.59374e-05   0.00000e+00   1.30978e+05
  21  wCBO_linCoeff   0.00000e+00   constant   
  22  wCBO_const  -9.96824e-04   1.91836e-03  -0.00000e+00   5.41793e+02
 EXTERNAL ERROR MATRIX.    NDIM=  25    NPAR=  7    ERR DEF=1
  4.016e-06 -2.622e-09  8.369e-07 -2.254e-07 -2.106e-07 -3.166e-08  3.697e-06 
 -2.622e-09  1.838e-12 -5.442e-10  1.493e-10  1.382e-10  2.104e-11 -2.513e-09 
  8.369e-07 -5.442e-10  2.107e-07 -4.679e-08 -4.423e-08 -6.617e-09  7.794e-07 
 -2.254e-07  1.493e-10 -4.679e-08  1.358e-08  1.188e-08  1.809e-09 -2.160e-07 
 -2.106e-07  1.382e-10 -4.423e-08  1.188e-08  1.117e-08  1.669e-09 -1.951e-07 
 -3.166e-08  2.104e-11 -6.617e-09  1.809e-09  1.669e-09  2.540e-10 -2.946e-08 
  3.697e-06 -2.513e-09  7.794e-07 -2.160e-07 -1.951e-07 -2.946e-08  3.680e-06 
ERR MATRIX NOT POS-DEF
 PARAMETER  CORRELATION COEFFICIENTS  
       NO.  GLOBAL      6      7     14     18     19     20     22
        6  0.99542   1.000 -0.965  0.910 -0.965 -0.994 -0.991  0.962
        7  0.98308  -0.965  1.000 -0.875  0.945  0.964  0.974 -0.966
       14  0.91576   0.910 -0.875  1.000 -0.875 -0.912 -0.905  0.885
       18  0.98306  -0.965  0.945 -0.875  1.000  0.964  0.974 -0.966
       19  0.99540  -0.994  0.964 -0.912  0.964  1.000  0.991 -0.962
       20  0.99590  -0.991  0.974 -0.905  0.974  0.991  1.000 -0.964
       22  0.98276   0.962 -0.966  0.885 -0.966 -0.962 -0.964  1.000
 ERR MATRIX NOT POS-DEF
MINUIT - FIT ONLY 2-CBO
 **********
 **   43 **RES 
 **********
                   PARAMETER    8  phi_CBO RESTORED TO VARIABLE.
                   PARAMETER    4  phi RESTORED TO VARIABLE.
                   PARAMETER    3  A0 RESTORED TO VARIABLE.
                   PARAMETER    1  N0 RESTORED TO VARIABLE.
 **********
 **   44 **FIX            0
 **********
 PARAMETER    0  IS UNDEFINED. IGNORED.
 **********
 **   45 **FIX            1
 **********
 **********
 **   46 **FIX            2
 **********
 PARAMETER    2  IS CONSTANT.   IGNORED.
 **********
 **   47 **FIX            3
 **********
 **********
 **   48 **FIX            4
 **********
 **********
 **   49 **FIX            5
 **********
 PARAMETER    5  IS CONSTANT.   IGNORED.
 **********
 **   50 **FIX            6
 **********
 **********
 **   51 **FIX            7
 **********
 **********
 **   52 **FIX           10
 **********
 PARAMETER   10  IS CONSTANT.   IGNORED.
 **********
 **   53 **FIX           11
 **********
 PARAMETER   11  IS CONSTANT.   IGNORED.
 **********
 **   54 **FIX           12
 **********
 PARAMETER   12  IS CONSTANT.   IGNORED.
 **********
 **   55 **FIX           13
 **********
 PARAMETER   13  IS CONSTANT.   IGNORED.
 **********
 **   56 **FIX           14
 **********
 **********
 **   57 **FIX           15
 **********
 PARAMETER   15  IS CONSTANT.   IGNORED.
 **********
 **   58 **FIX           16
 **********
 PARAMETER   16  IS CONSTANT.   IGNORED.
 **********
 **   59 **MIGRAD
 **********
 START MIGRAD MINIMIZATION.  STRATEGY  1.  CONVERGENCE WHEN EDM .LT. 1.00e-04
 FCN=609.665 FROM MIGRAD    STATUS=INITIATE       12 CALLS        1551 TOTAL
                     EDM= unknown      STRATEGY= 1      NO ERROR MATRIX       
  EXT PARAMETER               CURRENT GUESS       STEP         FIRST   
  NO.   NAME      VALUE            ERROR          SIZE      DERIVATIVE 
   1  N0           2.91000e+06     fixed    
   2  tau          6.44069e+01   constant   
   3  A0           3.51545e-01     fixed    
   4  phi          4.11825e+00     fixed    
   5  R           -6.11570e+01   constant   
   6  A_CBO        8.50553e-04     fixed    
   7  w_CBO        2.32606e+00     fixed    
   8  phi_CBO      3.76126e+00   8.64435e-02   8.64435e-02   3.89131e+00
   9  ANx2         8.59960e-04   constant   
  10  pNx2         1.29548e+00   constant   
  11  ANy1         0.00000e+00   constant   
  12  pNy1         0.00000e+00   constant   
  13  w_y          0.00000e+00   constant   
  14  ANy2         5.64333e-04     fixed    
  15  pNy2         3.07836e+00   constant   
  16  w_vw         1.43006e+01   constant   
  17  LM           1.55944e-04   constant   
  18  wCBO_expCoeff   1.99999e+02   1.16543e-04   0.00000e+00  -1.00425e+03
  19  wCBO_expOffset   2.00000e+02   1.05706e-04   0.00000e+00   7.74870e+02
  20  wCBO_expT    3.00000e+01   1.59374e-05   0.00000e+00   5.06054e+05
  21  wCBO_linCoeff   0.00000e+00   constant   
  22  wCBO_const  -9.96824e-04   1.91836e-03  -0.00000e+00   5.41787e+02
 MIGRAD FAILS TO FIND IMPROVEMENT
 COVARIANCE MATRIX CALCULATED SUCCESSFULLY
 FCN=609.335 FROM HESSE     STATUS=OK             37 CALLS        1877 TOTAL
                     EDM=0.897972    STRATEGY= 1      ERROR MATRIX ACCURATE 
  EXT PARAMETER                                   STEP         FIRST   
  NO.   NAME      VALUE            ERROR          SIZE      DERIVATIVE 
   1  N0           2.91000e+06     fixed    
   2  tau          6.44069e+01   constant   
   3  A0           3.51545e-01     fixed    
   4  phi          4.11825e+00     fixed    
   5  R           -6.11570e+01   constant   
   6  A_CBO        8.50553e-04     fixed    
   7  w_CBO        2.32606e+00     fixed    
   8  phi_CBO      3.40513e+00   4.50321e-01   3.03922e-03  -4.45608e+00
   9  ANx2         8.59960e-04   constant   
  10  pNx2         1.29548e+00   constant   
  11  ANy1         0.00000e+00   constant   
  12  pNy1         0.00000e+00   constant   
  13  w_y          0.00000e+00   constant   
  14  ANy2         5.64333e-04     fixed    
  15  pNy2         3.07836e+00   constant   
  16  w_vw         1.43006e+01   constant   
  17  LM           1.55944e-04   constant   
  18  wCBO_expCoeff   1.99999e+02   1.72002e-04   9.53671e-05   8.68753e+03
  19  wCBO_expOffset   2.00000e+02   2.62913e-05   9.53674e-05  -7.02657e+04
  20  wCBO_expT    3.00000e+01   7.47514e-06   1.43051e-05  -1.12669e+05
  21  wCBO_linCoeff   0.00000e+00   constant   
  22  wCBO_const  -1.54630e-03   2.26115e-03   5.14242e-06   7.21267e+02
 MIGRAD FAILS TO FIND IMPROVEMENT
 MIGRAD TERMINATED WITHOUT CONVERGENCE.
 FCN=609.335 FROM MIGRAD    STATUS=FAILED        349 CALLS        1888 TOTAL
                     EDM=0.897972    STRATEGY= 1      ERR MATRIX APPROXIMATE
  EXT PARAMETER                APPROXIMATE        STEP         FIRST   
  NO.   NAME      VALUE            ERROR          SIZE      DERIVATIVE 
   1  N0           2.91000e+06     fixed    
   2  tau          6.44069e+01   constant   
   3  A0           3.51545e-01     fixed    
   4  phi          4.11825e+00     fixed    
   5  R           -6.11570e+01   constant   
   6  A_CBO        8.50553e-04     fixed    
   7  w_CBO        2.32606e+00     fixed    
   8  phi_CBO      3.40513e+00   4.50321e-01   0.00000e+00  -4.45608e+00
   9  ANx2         8.59960e-04   constant   
  10  pNx2         1.29548e+00   constant   
  11  ANy1         0.00000e+00   constant   
  12  pNy1         0.00000e+00   constant   
  13  w_y          0.00000e+00   constant   
  14  ANy2         5.64333e-04     fixed    
  15  pNy2         3.07836e+00   constant   
  16  w_vw         1.43006e+01   constant   
  17  LM           1.55944e-04   constant   
  18  wCBO_expCoeff   1.99999e+02   1.72002e-04   0.00000e+00   8.68753e+03
  19  wCBO_expOffset   2.00000e+02   2.62913e-05   0.00000e+00  -7.02657e+04
  20  wCBO_expT    3.00000e+01   7.47514e-06   0.00000e+00  -1.12669e+05
  21  wCBO_linCoeff   0.00000e+00   constant   
  22  wCBO_const  -1.54630e-03   2.26115e-03  -0.00000e+00   7.21267e+02
 EXTERNAL ERROR MATRIX.    NDIM=  25    NPAR=  5    ERR DEF=1
  2.028e-01 -5.634e-05 -7.441e-06 -2.560e-06  7.798e-04 
 -5.634e-05  2.958e-08  3.905e-09  1.232e-09 -3.792e-07 
 -7.441e-06  3.905e-09  6.912e-10  1.732e-10 -5.020e-08 
 -2.560e-06  1.232e-09  1.732e-10  5.588e-11 -1.558e-08 
  7.798e-04 -3.792e-07 -5.020e-08 -1.558e-08  5.113e-06 
ERR MATRIX APPROXIMATE
 PARAMETER  CORRELATION COEFFICIENTS  
       NO.  GLOBAL      8     18     19     20     22
        8  0.82884   1.000 -0.727 -0.628 -0.761  0.766
       18  0.98931  -0.727  1.000  0.864  0.958 -0.975
       19  0.89100  -0.628  0.864  1.000  0.882 -0.844
       20  0.97391  -0.761  0.958  0.882  1.000 -0.921
       22  0.98207   0.766 -0.975 -0.844 -0.921  1.000
 ERR MATRIX APPROXIMATE
MINUIT - FIT ONLY 1-y
 **********
 **   60 **RES 
 **********
                   PARAMETER   14  ANy2 RESTORED TO VARIABLE.
                   PARAMETER    7  w_CBO RESTORED TO VARIABLE.
                   PARAMETER    6  A_CBO RESTORED TO VARIABLE.
                   PARAMETER    4  phi RESTORED TO VARIABLE.
                   PARAMETER    3  A0 RESTORED TO VARIABLE.
                   PARAMETER    1  N0 RESTORED TO VARIABLE.
 **********
 **   61 **FIX            0
 **********
 PARAMETER    0  IS UNDEFINED. IGNORED.
 **********
 **   62 **FIX            1
 **********
 **********
 **   63 **FIX            2
 **********
 PARAMETER    2  IS CONSTANT.   IGNORED.
 **********
 **   64 **FIX            3
 **********
 **********
 **   65 **FIX            4
 **********
 **********
 **   66 **FIX            5
 **********
 PARAMETER    5  IS CONSTANT.   IGNORED.
 **********
 **   67 **FIX            6
 **********
 **********
 **   68 **FIX            7
 **********
 **********
 **   69 **FIX            8
 **********
 **********
 **   70 **FIX            9
 **********
 PARAMETER    9  IS CONSTANT.   IGNORED.
 **********
 **   71 **FIX           13
 **********
 PARAMETER   13  IS CONSTANT.   IGNORED.
 **********
 **   72 **FIX           14
 **********
 **********
 **   73 **FIX           15
 **********
 PARAMETER   15  IS CONSTANT.   IGNORED.
 **********
 **   74 **FIX           16
 **********
 PARAMETER   16  IS CONSTANT.   IGNORED.
 **********
 **   75 **MIGRAD
 **********
 START MIGRAD MINIMIZATION.  STRATEGY  1.  CONVERGENCE WHEN EDM .LT. 1.00e-04
 FCN=609.335 FROM MIGRAD    STATUS=INITIATE        8 CALLS        1896 TOTAL
                     EDM= unknown      STRATEGY= 1      NO ERROR MATRIX       
  EXT PARAMETER               CURRENT GUESS       STEP         FIRST   
  NO.   NAME      VALUE            ERROR          SIZE      DERIVATIVE 
   1  N0           2.91000e+06     fixed    
   2  tau          6.44069e+01   constant   
   3  A0           3.51545e-01     fixed    
   4  phi          4.11825e+00     fixed    
   5  R           -6.11570e+01   constant   
   6  A_CBO        8.50553e-04     fixed    
   7  w_CBO        2.32606e+00     fixed    
   8  phi_CBO      3.40513e+00     fixed    
   9  ANx2         8.59960e-04   constant   
  10  pNx2         1.29548e+00   constant   
  11  ANy1         0.00000e+00   constant   
  12  pNy1         0.00000e+00   constant   
  13  w_y          0.00000e+00   constant   
  14  ANy2         5.64333e-04     fixed    
  15  pNy2         3.07836e+00   constant   
  16  w_vw         1.43006e+01   constant   
  17  LM           1.55944e-04   constant   
  18  wCBO_expCoeff   1.99999e+02   1.72002e-04   0.00000e+00   5.47857e+03
  19  wCBO_expOffset   2.00000e+02   2.62913e-05   0.00000e+00   5.78158e+04
  20  wCBO_expT    3.00000e+01   7.47514e-06   0.00000e+00   1.60120e+05
  21  wCBO_linCoeff   0.00000e+00   constant   
  22  wCBO_const  -1.54630e-03   2.26115e-03  -0.00000e+00   7.21265e+02
 MIGRAD FAILS TO FIND IMPROVEMENT
 COVARIANCE MATRIX CALCULATED SUCCESSFULLY
 FCN=609.321 FROM HESSE     STATUS=OK             29 CALLS        1946 TOTAL
                     EDM=0.796536    STRATEGY= 1      ERROR MATRIX ACCURATE 
  EXT PARAMETER                                   STEP         FIRST   
  NO.   NAME      VALUE            ERROR          SIZE      DERIVATIVE 
   1  N0           2.91000e+06     fixed    
   2  tau          6.44069e+01   constant   
   3  A0           3.51545e-01     fixed    
   4  phi          4.11825e+00     fixed    
   5  R           -6.11570e+01   constant   
   6  A_CBO        8.50553e-04     fixed    
   7  w_CBO        2.32606e+00     fixed    
   8  phi_CBO      3.40513e+00     fixed    
   9  ANx2         8.59960e-04   constant   
  10  pNx2         1.29548e+00   constant   
  11  ANy1         0.00000e+00   constant   
  12  pNy1         0.00000e+00   constant   
  13  w_y          0.00000e+00   constant   
  14  ANy2         5.64333e-04     fixed    
  15  pNy2         3.07836e+00   constant   
  16  w_vw         1.43006e+01   constant   
  17  LM           1.55944e-04   constant   
  18  wCBO_expCoeff   1.99999e+02   1.41576e-04   9.53671e-05  -2.49846e+03
  19  wCBO_expOffset   2.00000e+02   2.28949e-05   9.53674e-05  -7.96070e+04
  20  wCBO_expT    3.00000e+01   5.50446e-06   1.43051e-05   1.00561e+05
  21  wCBO_linCoeff   0.00000e+00   constant   
  22  wCBO_const  -1.55390e-03   1.79890e-03   5.14235e-06   8.96622e+01
 MIGRAD FAILS TO FIND IMPROVEMENT
 MIGRAD TERMINATED WITHOUT CONVERGENCE.
 FCN=609.315 FROM MIGRAD    STATUS=FAILED         91 CALLS        1979 TOTAL
                     EDM=0.100091    STRATEGY= 1  ERROR MATRIX UNCERTAINTY  30.3 per cent
  EXT PARAMETER                APPROXIMATE        STEP         FIRST   
  NO.   NAME      VALUE            ERROR          SIZE      DERIVATIVE 
   1  N0           2.91000e+06     fixed    
   2  tau          6.44069e+01   constant   
   3  A0           3.51545e-01     fixed    
   4  phi          4.11825e+00     fixed    
   5  R           -6.11570e+01   constant   
   6  A_CBO        8.50553e-04     fixed    
   7  w_CBO        2.32606e+00     fixed    
   8  phi_CBO      3.40513e+00     fixed    
   9  ANx2         8.59960e-04   constant   
  10  pNx2         1.29548e+00   constant   
  11  ANy1         0.00000e+00   constant   
  12  pNy1         0.00000e+00   constant   
  13  w_y          0.00000e+00   constant   
  14  ANy2         5.64333e-04     fixed    
  15  pNy2         3.07836e+00   constant   
  16  w_vw         1.43006e+01   constant   
  17  LM           1.55944e-04   constant   
  18  wCBO_expCoeff   1.99999e+02   1.00000e+00  -0.00000e+00   3.86169e+03
  19  wCBO_expOffset   2.00000e+02   1.00000e+00  -0.00000e+00   5.78917e+04
  20  wCBO_expT    3.00000e+01   1.00000e+00  -0.00000e+00   1.74905e+05
  21  wCBO_linCoeff   0.00000e+00   constant   
  22  wCBO_const  -1.59204e-03   1.00000e+00  -0.00000e+00   6.02604e+02
 EXTERNAL ERROR MATRIX.    NDIM=  25    NPAR=  4    ERR DEF=1
  1.000e+00 -2.475e-11  1.495e-10 -7.842e-08 
 -2.475e-11  1.000e+00  1.550e-12  8.787e-10 
  1.495e-10  1.550e-12  1.000e+00 -3.339e-09 
 -7.842e-08  8.787e-10 -3.339e-09  1.000e+00 
ERR MATRIX APPROXIMATE
 PARAMETER  CORRELATION COEFFICIENTS  
       NO.  GLOBAL     18     19     20     22
       18  0.00000   1.000 -0.000  0.000 -0.000
       19  0.00000  -0.000  1.000  0.000  0.000
       20  0.00000   0.000  0.000  1.000 -0.000
       22  0.00000  -0.000  0.000 -0.000  1.000
 ERR MATRIX APPROXIMATE
MINUIT - FIT ONLY 2-y
 **********
 **   76 **RES 
 **********
                   PARAMETER   14  ANy2 RESTORED TO VARIABLE.
                   PARAMETER    8  phi_CBO RESTORED TO VARIABLE.
                   PARAMETER    7  w_CBO RESTORED TO VARIABLE.
                   PARAMETER    6  A_CBO RESTORED TO VARIABLE.
                   PARAMETER    4  phi RESTORED TO VARIABLE.
                   PARAMETER    3  A0 RESTORED TO VARIABLE.
