 + ++++++++++++++++++++++++++++++++++++++++++++++++++++++++++++++++++++ +
 +                                                                      +
 +           You have chose to blind your fitting according to          +
 +                omega_ref * (1 + (R +/- deltaR) *10^{-6})             +
 +                                                                      +
 + ++++++++++++++++++++++++++++++++++++++++++++++++++++++++++++++++++++ +
In main()...
reading format from /gm2data/zkhechad/run45/envelope/formats/formatB_sBin_constraintOn.txt
pBinTau 	= 0  
pBinPhi 	= 0  
constraintau 	= 1 
includeMopTerm 	= 0    
constrainMop    = 0   
Parameters after format file: pBinTau 0 pBinPhi 0 constraintau 1 includeMopTerm 0 constrainMop 0 c_e_scale 0.000000 
reading cbo reference file (full fit) from /gm2data/zkhechad/cboTemplates/Run4CBOTemplates/fullFits/run4/sBin_constraintOn_cE0.0_seed0_run4_calo10.root
A_CBO 0.009734 w_CBO 2.326087 phi_CBO 0.029548 N0 2975169.599894 R -60.949257 tau 64.405372 
Reading cboRef file /gm2data/zkhechad/cboTemplates/Run4CBOTemplates//cboIsolate/run4_calo10.root
deltaT 44.995102
windowBins = 300
fitting sliding window 840 from bin 1043 at 155.615600 to bin 1343 at 200.375600 (300 bins)

Reading data from /gm2data/cornell/histograms/aMethod/histogram_a_run4.root
fitting cbo isolate
 **********
 **    1 **SET PRINTOUT            1
 **********
 **********
 **    2 **SET NOWARNINGS 
 **********
 PARAMETER DEFINITIONS:
    NO.   NAME         VALUE      STEP SIZE      LIMITS
     1 A_CBO        9.73400e-03  1.00000e-05     no limits
     2 w_CBO        2.32609e+00  1.00000e-02    2.00000e+00  3.00000e+00
     3 phi_CBO      2.95478e-02  1.00000e-02    0.00000e+00  6.28319e+00
 **********
 **    3 **MIGRAD
 **********
 FIRST CALL TO USER FUNCTION AT NEW START POINT, WITH IFLAG=4.
 START MIGRAD MINIMIZATION.  STRATEGY  1.  CONVERGENCE WHEN EDM .LT. 1.00e-04
 FCN=0.00534563 FROM MIGRAD    STATUS=INITIATE       12 CALLS          13 TOTAL
                     EDM= unknown      STRATEGY= 1      NO ERROR MATRIX       
  EXT PARAMETER               CURRENT GUESS       STEP         FIRST   
  NO.   NAME      VALUE            ERROR          SIZE      DERIVATIVE 
   1  A_CBO        9.73400e-03   1.00000e-05   1.00000e-05   1.68394e+00
   2  w_CBO        2.32609e+00   1.00000e-02   2.13343e-02  -2.18388e-02
   3  phi_CBO      2.95478e-02   1.00000e-02   2.36132e-02   1.21270e-04
 MIGRAD MINIMIZATION HAS CONVERGED.
 MIGRAD WILL VERIFY CONVERGENCE AND ERROR MATRIX.
 FCN=0.000630071 FROM MIGRAD    STATUS=CONVERGED      43 CALLS          44 TOTAL
                     EDM=4.95758e-05    STRATEGY= 1      ERR MATRIX NOT POS-DEF
  EXT PARAMETER                APPROXIMATE        STEP         FIRST   
  NO.   NAME      VALUE            ERROR          SIZE      DERIVATIVE 
   1  A_CBO        4.13333e-03   6.08518e-02   3.98412e-05  -1.42443e-04
   2  w_CBO        2.32621e+00   6.78963e-01   1.15963e-04   8.02635e-03
   3  phi_CBO      1.50799e-02   3.39270e+00   4.89335e-02  -2.81463e-05
 EXTERNAL ERROR MATRIX.    NDIM=  25    NPAR=  3    ERR DEF=1
  3.703e-03 -1.032e-02 -2.665e+00 
 -1.032e-02  2.200e+00  5.696e+02 
 -2.665e+00  5.696e+02  1.479e+05 
ERR MATRIX NOT POS-DEF
 PARAMETER  CORRELATION COEFFICIENTS  
       NO.  GLOBAL      1      2      3
        1  0.11440   1.000 -0.114 -0.114
        2  0.99845  -0.114  1.000  0.998
        3  0.99845  -0.114  0.998  1.000
 ERR MATRIX NOT POS-DEF
setting A_CBO=0.004133 w_CBO=2.326211, phi_CBO=0.015080
done fitting cbo isolate
 **********
 **    1 **SET PRINTOUT            1
 **********
 **********
 **    2 **SET NOWARNINGS 
 **********
 PARAMETER DEFINITIONS:
    NO.   NAME         VALUE      STEP SIZE      LIMITS
     1 N0           2.97517e+06  1.00000e+02     no limits
     2 tau          6.44054e+01  constant
     3 A0           3.48516e-01  1.00000e-04     no limits
     4 phi          4.11546e+00  1.00000e-02     no limits
     5 R           -6.09493e+01  constant
     6 A_CBO        4.13333e-03  1.00000e-05     no limits
     7 w_CBO        2.32621e+00  1.00000e-03     no limits
     8 phi_CBO      1.50799e-02  1.00000e-04     no limits
     9 ANx2         7.43781e-04  constant
    10 pNx2         1.57222e+00  constant
    11 ANy1         0.00000e+00  constant
    12 pNy1         0.00000e+00  constant
    13 w_y          0.00000e+00  constant
    14 ANy2         7.31057e-03  1.00000e-04     no limits
    15 pNy2         6.06093e+00  constant
    16 w_vw         1.43032e+01  constant
    17 LM           6.04551e-05  constant
    18 wCBO_expCoeff   2.00000e+02  1.00000e+00     no limits
    19 wCBO_expOffset   2.00000e+02  1.00000e+00     no limits
    20 wCBO_expT    3.00000e+01  1.00000e+00     no limits
    21 wCBO_linCoeff   0.00000e+00  constant
    22 wCBO_const   0.00000e+00  1.00000e-02     no limits
MINUIT - FIT ONLY WIGGLE
 **********
 **    3 **FIX            5
 **********
 PARAMETER    5  IS CONSTANT.   IGNORED.
 **********
 **    4 **FIX            6
 **********
 **********
 **    5 **FIX            7
 **********
 **********
 **    6 **FIX            8
 **********
 **********
 **    7 **FIX            9
 **********
 PARAMETER    9  IS CONSTANT.   IGNORED.
 **********
 **    8 **FIX           10
 **********
 PARAMETER   10  IS CONSTANT.   IGNORED.
 **********
 **    9 **FIX           11
 **********
 PARAMETER   11  IS CONSTANT.   IGNORED.
 **********
 **   10 **FIX           12
 **********
 PARAMETER   12  IS CONSTANT.   IGNORED.
 **********
 **   11 **FIX           13
 **********
 PARAMETER   13  IS CONSTANT.   IGNORED.
 **********
 **   12 **FIX           14
 **********
 **********
 **   13 **FIX           15
 **********
 PARAMETER   15  IS CONSTANT.   IGNORED.
 **********
 **   14 **FIX           16
 **********
 PARAMETER   16  IS CONSTANT.   IGNORED.
 **********
 **   15 **MIGRAD
 **********
 FIRST CALL TO USER FUNCTION AT NEW START POINT, WITH IFLAG=4.
 START MIGRAD MINIMIZATION.  STRATEGY  1.  CONVERGENCE WHEN EDM .LT. 1.00e-04
 FCN=1860.08 FROM MIGRAD    STATUS=INITIATE       57 CALLS          58 TOTAL
                     EDM= unknown      STRATEGY= 1      NO ERROR MATRIX       
  EXT PARAMETER               CURRENT GUESS       STEP         FIRST   
  NO.   NAME      VALUE            ERROR          SIZE      DERIVATIVE 
   1  N0           2.97517e+06   1.00000e+02   0.00000e+00   2.23151e-03
   2  tau          6.44054e+01   constant   
   3  A0           3.48516e-01   1.00000e-04   0.00000e+00  -1.49226e+04
   4  phi          4.11546e+00   1.00000e-02   0.00000e+00   2.16836e+03
   5  R           -6.09493e+01   constant   
   6  A_CBO        4.13333e-03     fixed    
   7  w_CBO        2.32621e+00     fixed    
   8  phi_CBO      1.50799e-02     fixed    
   9  ANx2         7.43781e-04   constant   
  10  pNx2         1.57222e+00   constant   
  11  ANy1         0.00000e+00   constant   
  12  pNy1         0.00000e+00   constant   
  13  w_y          0.00000e+00   constant   
  14  ANy2         7.31057e-03     fixed    
  15  pNy2         6.06093e+00   constant   
  16  w_vw         1.43032e+01   constant   
  17  LM           6.04551e-05   constant   
  18  wCBO_expCoeff   2.00002e+02   1.00000e+00   1.75277e-03   6.91904e+02
  19  wCBO_expOffset   2.00000e+02   1.00000e+00   0.00000e+00   1.56348e+05
  20  wCBO_expT    3.00000e+01   1.00000e+00   0.00000e+00  -1.26478e+05
  21  wCBO_linCoeff   0.00000e+00   constant   
  22  wCBO_const   0.00000e+00   1.00000e-02   0.00000e+00  -3.80346e+03
 MIGRAD FAILS TO FIND IMPROVEMENT
 FCN=1817.41 FROM HESSE     STATUS=NOT POSDEF     52 CALLS         276 TOTAL
                     EDM=269.129    STRATEGY= 1      ERR MATRIX NOT POS-DEF
  EXT PARAMETER                APPROXIMATE        STEP         FIRST   
  NO.   NAME      VALUE            ERROR          SIZE      DERIVATIVE 
   1  N0           2.97567e+06   6.35225e+02   9.50748e+00   9.17659e-03
   2  tau          6.44054e+01   constant   
   3  A0           3.49322e-01   2.16312e-04   4.30398e-06   1.76853e+04
   4  phi          4.11375e+00   7.01752e-04   1.28571e-05  -7.04806e+03
   5  R           -6.09493e+01   constant   
   6  A_CBO        4.13333e-03     fixed    
   7  w_CBO        2.32621e+00     fixed    
   8  phi_CBO      1.50799e-02     fixed    
   9  ANx2         7.43781e-04   constant   
  10  pNx2         1.57222e+00   constant   
  11  ANy1         0.00000e+00   constant   
  12  pNy1         0.00000e+00   constant   
  13  w_y          0.00000e+00   constant   
  14  ANy2         7.31057e-03     fixed    
  15  pNy2         6.06093e+00   constant   
  16  w_vw         1.43032e+01   constant   
  17  LM           6.04551e-05   constant   
  18  wCBO_expCoeff   2.00002e+02   4.60721e-04   9.53684e-05   3.51417e+04
  19  wCBO_expOffset   2.00002e+02   6.65300e-05   9.53681e-05   2.33854e+05
  20  wCBO_expT    3.00009e+01   2.11090e-04   1.43055e-05  -3.37566e+05
  21  wCBO_linCoeff   0.00000e+00   constant   
  22  wCBO_const  -1.12795e-02   2.20494e-03   6.14846e-06   9.24181e+03
 MIGRAD FAILS TO FIND IMPROVEMENT
 MIGRAD TERMINATED WITHOUT CONVERGENCE.
 FCN=1768.05 FROM MIGRAD    STATUS=FAILED        458 CALLS         459 TOTAL
                     EDM=0.0324363    STRATEGY= 1      ERR MATRIX NOT POS-DEF
  EXT PARAMETER                APPROXIMATE        STEP         FIRST   
  NO.   NAME      VALUE            ERROR          SIZE      DERIVATIVE 
   1  N0           2.97361e+06   4.57979e+02   0.00000e+00  -7.43482e-05
   2  tau          6.44054e+01   constant   
   3  A0           3.48537e-01   2.10624e-04   0.00000e+00   6.99311e+01
   4  phi          4.11601e+00   6.11687e-04  -0.00000e+00  -2.97756e+01
   5  R           -6.09493e+01   constant   
   6  A_CBO        4.13333e-03     fixed    
   7  w_CBO        2.32621e+00     fixed    
   8  phi_CBO      1.50799e-02     fixed    
   9  ANx2         7.43781e-04   constant   
  10  pNx2         1.57222e+00   constant   
  11  ANy1         0.00000e+00   constant   
  12  pNy1         0.00000e+00   constant   
  13  w_y          0.00000e+00   constant   
  14  ANy2         7.31057e-03     fixed    
  15  pNy2         6.06093e+00   constant   
  16  w_vw         1.43032e+01   constant   
  17  LM           6.04551e-05   constant   
  18  wCBO_expCoeff   2.00008e+02   1.45307e-03  -0.00000e+00   1.08125e+03
  19  wCBO_expOffset   2.00002e+02   2.86382e-05  -0.00000e+00   1.41529e+04
  20  wCBO_expT    3.00016e+01   1.26236e-04  -0.00000e+00  -8.59197e+03
  21  wCBO_linCoeff   0.00000e+00   constant   
  22  wCBO_const  -1.57300e-02   1.95463e-03   0.00000e+00   2.65515e+02
 EXTERNAL ERROR MATRIX.    NDIM=  25    NPAR=  7    ERR DEF=1
  2.097e+05  3.933e-03 -1.433e-02 -6.498e-02  1.916e-04 -6.278e-03  2.353e-02 
  3.933e-03  4.436e-08 -8.353e-09 -4.109e-08 -6.161e-10 -3.942e-09  3.102e-08 
 -1.433e-02 -8.353e-09  3.742e-07  9.949e-08  1.874e-09  9.648e-09 -8.355e-08 
 -6.498e-02 -4.109e-08  9.949e-08  2.111e-06  3.874e-08  1.816e-07 -2.748e-06 
  1.916e-04 -6.161e-10  1.874e-09  3.874e-08  8.201e-10  3.428e-09 -5.150e-08 
 -6.278e-03 -3.942e-09  9.648e-09  1.816e-07  3.428e-09  1.594e-08 -2.308e-07 
  2.353e-02  3.102e-08 -8.355e-08 -2.748e-06 -5.150e-08 -2.308e-07  3.821e-06 
ERR MATRIX NOT POS-DEF
 PARAMETER  CORRELATION COEFFICIENTS  
       NO.  GLOBAL      1      3      4     18     19     20     22
        1  0.41767   1.000  0.041 -0.051 -0.098  0.015 -0.109  0.026
        3  0.26148   0.041  1.000 -0.065 -0.134 -0.102 -0.148  0.075
        4  0.20537  -0.051 -0.065  1.000  0.112  0.107  0.125 -0.070
       18  0.99906  -0.098 -0.134  0.112  1.000  0.931  0.990 -0.968
       19  0.98598   0.015 -0.102  0.107  0.931  1.000  0.948 -0.920
       20  0.99869  -0.109 -0.148  0.125  0.990  0.948  1.000 -0.935
       22  0.99437   0.026  0.075 -0.070 -0.968 -0.920 -0.935  1.000
 ERR MATRIX NOT POS-DEF
MINUIT - FIT ONLY 1-CBO + other amplitudes 
 **********
 **   16 **RES 
 **********
                   PARAMETER   14  ANy2 RESTORED TO VARIABLE.
                   PARAMETER    8  phi_CBO RESTORED TO VARIABLE.
                   PARAMETER    7  w_CBO RESTORED TO VARIABLE.
                   PARAMETER    6  A_CBO RESTORED TO VARIABLE.
 **********
 **   17 **FIX            0
 **********
 PARAMETER    0  IS UNDEFINED. IGNORED.
 **********
 **   18 **FIX            1
 **********
 **********
 **   19 **FIX            2
 **********
 PARAMETER    2  IS CONSTANT.   IGNORED.
 **********
 **   20 **FIX            3
 **********
 **********
 **   21 **FIX            4
 **********
 **********
 **   22 **FIX            9
 **********
 PARAMETER    9  IS CONSTANT.   IGNORED.
 **********
 **   23 **FIX           11
 **********
 PARAMETER   11  IS CONSTANT.   IGNORED.
 **********
 **   24 **FIX           12
 **********
 PARAMETER   12  IS CONSTANT.   IGNORED.
 **********
 **   25 **FIX           14
 **********
 **********
 **   26 **FIX           15
 **********
 PARAMETER   15  IS CONSTANT.   IGNORED.
 **********
 **   27 **FIX           16
 **********
 PARAMETER   16  IS CONSTANT.   IGNORED.
 **********
 **   28 **MIGRAD
 **********
 START MIGRAD MINIMIZATION.  STRATEGY  1.  CONVERGENCE WHEN EDM .LT. 1.00e-04
 FCN=1768.05 FROM MIGRAD    STATUS=INITIATE       22 CALLS         481 TOTAL
                     EDM= unknown      STRATEGY= 1      NO ERROR MATRIX       
  EXT PARAMETER               CURRENT GUESS       STEP         FIRST   
  NO.   NAME      VALUE            ERROR          SIZE      DERIVATIVE 
   1  N0           2.97361e+06     fixed    
   2  tau          6.44054e+01   constant   
   3  A0           3.48537e-01     fixed    
   4  phi          4.11601e+00     fixed    
   5  R           -6.09493e+01   constant   
   6  A_CBO        4.13333e-03   1.00000e-05   1.00000e-05   1.25773e+05
   7  w_CBO        2.32621e+00   1.00000e-03   1.00000e-03   9.31022e+04
   8  phi_CBO      1.50799e-02   1.00000e-04   1.00000e-04   4.21040e+00
   9  ANx2         7.43781e-04   constant   
  10  pNx2         1.57222e+00   constant   
  11  ANy1         0.00000e+00   constant   
  12  pNy1         0.00000e+00   constant   
  13  w_y          0.00000e+00   constant   
  14  ANy2         7.31057e-03     fixed    
  15  pNy2         6.06093e+00   constant   
  16  w_vw         1.43032e+01   constant   
  17  LM           6.04551e-05   constant   
  18  wCBO_expCoeff   2.00008e+02   1.45307e-03  -0.00000e+00   1.08125e+03
  19  wCBO_expOffset   2.00002e+02   2.86382e-05  -0.00000e+00   1.41529e+04
  20  wCBO_expT    3.00016e+01   1.26236e-04  -0.00000e+00  -8.59197e+03
  21  wCBO_linCoeff   0.00000e+00   constant   
  22  wCBO_const  -1.57300e-02   1.95463e-03   0.00000e+00   2.65515e+02
 MIGRAD FAILS TO FIND IMPROVEMENT
 FCN=1562.66 FROM HESSE     STATUS=NOT POSDEF     58 CALLS         825 TOTAL
                     EDM=0.0440015    STRATEGY= 1      ERR MATRIX NOT POS-DEF
  EXT PARAMETER                APPROXIMATE        STEP         FIRST   
  NO.   NAME      VALUE            ERROR          SIZE      DERIVATIVE 
   1  N0           2.97361e+06     fixed    
   2  tau          6.44054e+01   constant   
   3  A0           3.48537e-01     fixed    
   4  phi          4.11601e+00     fixed    
   5  R           -6.09493e+01   constant   
   6  A_CBO        9.13749e-04   3.50337e-04   4.16973e-06  -5.12442e+01
   7  w_CBO        2.32621e+00   6.90743e-06   1.10922e-06  -1.70078e+04
   8  phi_CBO      4.30116e-01   5.17215e-01   4.65374e-03  -7.56099e-02
   9  ANx2         7.43781e-04   constant   
  10  pNx2         1.57222e+00   constant   
  11  ANy1         0.00000e+00   constant   
  12  pNy1         0.00000e+00   constant   
  13  w_y          0.00000e+00   constant   
  14  ANy2         7.31057e-03     fixed    
  15  pNy2         6.06093e+00   constant   
  16  w_vw         1.43032e+01   constant   
  17  LM           6.04551e-05   constant   
  18  wCBO_expCoeff   2.00008e+02   5.94265e-04   9.53714e-05  -1.97593e+02
  19  wCBO_expOffset   2.00002e+02   7.40690e-05   9.53682e-05   3.08553e+03
  20  wCBO_expT    3.00017e+01   1.00249e-04   1.43059e-05   3.57712e+03
  21  wCBO_linCoeff   0.00000e+00   constant   
  22  wCBO_const  -1.29647e-02   1.64921e-03   5.23611e-06  -4.47138e+01
 MIGRAD FAILS TO FIND IMPROVEMENT
 MIGRAD TERMINATED WITHOUT CONVERGENCE.
 FCN=1562.66 FROM MIGRAD    STATUS=FAILED        395 CALLS         854 TOTAL
                     EDM=0.174268    STRATEGY= 1      ERR MATRIX NOT POS-DEF
  EXT PARAMETER                APPROXIMATE        STEP         FIRST   
  NO.   NAME      VALUE            ERROR          SIZE      DERIVATIVE 
   1  N0           2.97361e+06     fixed    
   2  tau          6.44054e+01   constant   
   3  A0           3.48537e-01     fixed    
   4  phi          4.11601e+00     fixed    
   5  R           -6.09493e+01   constant   
   6  A_CBO        9.15636e-04   1.00000e+00  -0.00000e+00   3.21568e+01
   7  w_CBO        2.32621e+00   1.00000e+00   0.00000e+00  -3.48032e+04
   8  phi_CBO      4.27357e-01   1.03845e+00   0.00000e+00  -7.67397e-02
   9  ANx2         7.43781e-04   constant   
  10  pNx2         1.57222e+00   constant   
  11  ANy1         0.00000e+00   constant   
  12  pNy1         0.00000e+00   constant   
  13  w_y          0.00000e+00   constant   
  14  ANy2         7.31057e-03     fixed    
  15  pNy2         6.06093e+00   constant   
  16  w_vw         1.43032e+01   constant   
  17  LM           6.04551e-05   constant   
  18  wCBO_expCoeff   2.00008e+02   1.00000e+00   0.00000e+00  -4.04556e+02
  19  wCBO_expOffset   2.00002e+02   1.00000e+00  -0.00000e+00   8.62398e+03
  20  wCBO_expT    3.00017e+01   1.00000e+00  -0.00000e+00   4.90409e+03
  21  wCBO_linCoeff   0.00000e+00   constant   
  22  wCBO_const  -1.29545e-02   1.00000e+00   0.00000e+00  -1.22974e+02
 EXTERNAL ERROR MATRIX.    NDIM=  25    NPAR=  7    ERR DEF=1
  1.000e+00 -9.074e-11 -5.298e-06 -7.813e-09 -2.402e-10 -1.776e-09 -1.263e-09 
 -9.074e-11  1.000e+00  1.247e-07 -1.693e-10 -8.007e-12  4.864e-11 -7.496e-10 
 -5.298e-06  1.247e-07  1.078e+00  1.077e-05 -1.271e-07  9.774e-07  1.449e-05 
 -7.813e-09 -1.693e-10  1.077e-05  1.000e+00 -6.829e-10  4.199e-09 -6.442e-08 
 -2.402e-10 -8.007e-12 -1.271e-07 -6.829e-10  1.000e+00 -1.346e-10  3.631e-09 
 -1.776e-09  4.864e-11  9.774e-07  4.199e-09 -1.346e-10  1.000e+00 -3.560e-09 
 -1.263e-09 -7.496e-10  1.449e-05 -6.442e-08  3.631e-09 -3.560e-09  1.000e+00 
ERR MATRIX NOT POS-DEF
 PARAMETER  CORRELATION COEFFICIENTS  
       NO.  GLOBAL      6      7      8     18     19     20     22
        6  0.00001   1.000 -0.000 -0.000 -0.000 -0.000 -0.000 -0.000
        7  0.00000  -0.000  1.000  0.000 -0.000 -0.000  0.000 -0.000
        8  0.00002  -0.000  0.000  1.000  0.000 -0.000  0.000  0.000
       18  0.00001  -0.000 -0.000  0.000  1.000 -0.000  0.000 -0.000
       19  0.00000  -0.000 -0.000 -0.000 -0.000  1.000 -0.000  0.000
       20  0.00000  -0.000  0.000  0.000  0.000 -0.000  1.000 -0.000
       22  0.00001  -0.000 -0.000  0.000 -0.000  0.000 -0.000  1.000
 ERR MATRIX NOT POS-DEF
MINUIT - FIT ONLY 1-CBO
 **********
 **   29 **RES 
 **********
                   PARAMETER   14  ANy2 RESTORED TO VARIABLE.
                   PARAMETER    4  phi RESTORED TO VARIABLE.
                   PARAMETER    3  A0 RESTORED TO VARIABLE.
                   PARAMETER    1  N0 RESTORED TO VARIABLE.
 **********
 **   30 **FIX            0
 **********
 PARAMETER    0  IS UNDEFINED. IGNORED.
 **********
 **   31 **FIX            1
 **********
 **********
 **   32 **FIX            2
 **********
 PARAMETER    2  IS CONSTANT.   IGNORED.
 **********
 **   33 **FIX            3
 **********
 **********
 **   34 **FIX            4
 **********
 **********
 **   35 **FIX            8
 **********
 **********
 **   36 **FIX            9
 **********
 PARAMETER    9  IS CONSTANT.   IGNORED.
 **********
 **   37 **FIX           11
 **********
 PARAMETER   11  IS CONSTANT.   IGNORED.
 **********
 **   38 **FIX           12
 **********
 PARAMETER   12  IS CONSTANT.   IGNORED.
 **********
 **   39 **FIX           13
 **********
 PARAMETER   13  IS CONSTANT.   IGNORED.
 **********
 **   40 **FIX           15
 **********
 PARAMETER   15  IS CONSTANT.   IGNORED.
 **********
 **   41 **FIX           16
 **********
 PARAMETER   16  IS CONSTANT.   IGNORED.
 **********
 **   42 **MIGRAD
 **********
 START MIGRAD MINIMIZATION.  STRATEGY  1.  CONVERGENCE WHEN EDM .LT. 1.00e-04
 FCN=1562.66 FROM MIGRAD    STATUS=INITIATE       16 CALLS         870 TOTAL
                     EDM= unknown      STRATEGY= 1      NO ERROR MATRIX       
  EXT PARAMETER               CURRENT GUESS       STEP         FIRST   
  NO.   NAME      VALUE            ERROR          SIZE      DERIVATIVE 
   1  N0           2.97361e+06     fixed    
   2  tau          6.44054e+01   constant   
   3  A0           3.48537e-01     fixed    
   4  phi          4.11601e+00     fixed    
   5  R           -6.09493e+01   constant   
   6  A_CBO        9.15636e-04   1.00000e+00  -0.00000e+00   3.21568e+01
   7  w_CBO        2.32621e+00   1.00000e+00   0.00000e+00  -3.48032e+04
   8  phi_CBO      4.27357e-01     fixed    
   9  ANx2         7.43781e-04   constant   
  10  pNx2         1.57222e+00   constant   
  11  ANy1         0.00000e+00   constant   
  12  pNy1         0.00000e+00   constant   
  13  w_y          0.00000e+00   constant   
  14  ANy2         7.31057e-03   1.00000e-04   1.00000e-04   2.96064e+05
  15  pNy2         6.06093e+00   constant   
  16  w_vw         1.43032e+01   constant   
  17  LM           6.04551e-05   constant   
  18  wCBO_expCoeff   2.00008e+02   1.00000e+00   0.00000e+00  -4.04556e+02
  19  wCBO_expOffset   2.00002e+02   1.00000e+00  -0.00000e+00   8.62398e+03
  20  wCBO_expT    3.00017e+01   1.00000e+00  -0.00000e+00   4.90409e+03
  21  wCBO_linCoeff   0.00000e+00   constant   
  22  wCBO_const  -1.29545e-02   1.00000e+00   0.00000e+00  -1.22974e+02
 MIGRAD FAILS TO FIND IMPROVEMENT
 FCN=477.544 FROM HESSE     STATUS=NOT POSDEF     58 CALLS        1860 TOTAL
                     EDM=0.00415056    STRATEGY= 1      ERR MATRIX NOT POS-DEF
  EXT PARAMETER                APPROXIMATE        STEP         FIRST   
  NO.   NAME      VALUE            ERROR          SIZE      DERIVATIVE 
   1  N0           2.97361e+06     fixed    
   2  tau          6.44054e+01   constant   
   3  A0           3.48537e-01     fixed    
   4  phi          4.11601e+00     fixed    
   5  R           -6.09493e+01   constant   
   6  A_CBO        1.67430e-04   2.97319e-04   2.40154e-06   7.32774e+00
   7  w_CBO        2.32621e+00   1.06522e-05   1.10922e-06  -5.99307e+03
   8  phi_CBO      4.27357e-01     fixed    
   9  ANx2         7.43781e-04   constant   
  10  pNx2         1.57222e+00   constant   
  11  ANy1         0.00000e+00   constant   
  12  pNy1         0.00000e+00   constant   
  13  w_y          0.00000e+00   constant   
  14  ANy2        -6.24125e-05   3.25709e-04   2.32682e-06   3.84557e+00
  15  pNy2         6.06093e+00   constant   
  16  w_vw         1.43032e+01   constant   
  17  LM           6.04551e-05   constant   
  18  wCBO_expCoeff   2.00008e+02   9.17214e-04   9.53713e-05  -6.94462e+01
  19  wCBO_expOffset   2.00002e+02   9.99729e-05   9.53682e-05  -4.38420e+02
  20  wCBO_expT    3.00017e+01   1.75422e-04   1.43059e-05   9.66086e+02
  21  wCBO_linCoeff   0.00000e+00   constant   
  22  wCBO_const  -1.25515e-02   2.34961e-03   3.88172e-06  -5.20246e+01
 MIGRAD FAILS TO FIND IMPROVEMENT
 MIGRAD TERMINATED WITHOUT CONVERGENCE.
 FCN=477.543 FROM MIGRAD    STATUS=FAILED       1033 CALLS        1887 TOTAL
                     EDM=0.0325725    STRATEGY= 1      ERR MATRIX NOT POS-DEF
  EXT PARAMETER                APPROXIMATE        STEP         FIRST   
  NO.   NAME      VALUE            ERROR          SIZE      DERIVATIVE 
   1  N0           2.97361e+06     fixed    
   2  tau          6.44054e+01   constant   
   3  A0           3.48537e-01     fixed    
   4  phi          4.11601e+00     fixed    
   5  R           -6.09493e+01   constant   
   6  A_CBO        1.69992e-04   1.00000e+00  -0.00000e+00   1.39832e+02
   7  w_CBO        2.32621e+00   1.00000e+00   0.00000e+00  -2.98301e+04
   8  phi_CBO      4.27357e-01     fixed    
   9  ANx2         7.43781e-04   constant   
  10  pNx2         1.57222e+00   constant   
  11  ANy1         0.00000e+00   constant   
  12  pNy1         0.00000e+00   constant   
  13  w_y          0.00000e+00   constant   
  14  ANy2        -6.56151e-05   1.00000e+00   0.00000e+00  -1.22712e+02
  15  pNy2         6.06093e+00   constant   
  16  w_vw         1.43032e+01   constant   
  17  LM           6.04551e-05   constant   
  18  wCBO_expCoeff   2.00008e+02   1.00000e+00   0.00000e+00  -3.46225e+02
  19  wCBO_expOffset   2.00002e+02   1.00000e+00  -0.00000e+00   8.21299e+02
  20  wCBO_expT    3.00017e+01   1.00000e+00  -0.00000e+00   3.22480e+03
  21  wCBO_linCoeff   0.00000e+00   constant   
  22  wCBO_const  -1.25210e-02   1.00000e+00   0.00000e+00  -1.52942e+02
 EXTERNAL ERROR MATRIX.    NDIM=  25    NPAR=  7    ERR DEF=1
  1.000e+00 -2.017e-10 -7.581e-09 -1.736e-08 -1.513e-09 -3.061e-09  3.963e-08 
 -2.017e-10  1.000e+00  1.886e-10 -9.209e-10 -5.667e-11  4.496e-11 -7.066e-10 
 -7.581e-09  1.886e-10  1.000e+00  1.623e-08  9.153e-10  3.169e-09 -2.053e-08 
 -1.736e-08 -9.209e-10  1.623e-08  1.000e+00 -4.882e-09  3.896e-09 -6.028e-08 
 -1.513e-09 -5.667e-11  9.153e-10 -4.882e-09  1.000e+00 -1.157e-09  1.629e-08 
 -3.061e-09  4.496e-11  3.169e-09  3.896e-09 -1.157e-09  1.000e+00  1.109e-08 
  3.963e-08 -7.066e-10 -2.053e-08 -6.028e-08  1.629e-08  1.109e-08  1.000e+00 
ERR MATRIX NOT POS-DEF
 PARAMETER  CORRELATION COEFFICIENTS  
       NO.  GLOBAL      6      7     14     18     19     20     22
        6  0.00000   1.000 -0.000 -0.000 -0.000 -0.000 -0.000  0.000
        7  0.00000  -0.000  1.000  0.000 -0.000 -0.000  0.000 -0.000
       14  0.00000  -0.000  0.000  1.000  0.000  0.000  0.000 -0.000
       18  0.00000  -0.000 -0.000  0.000  1.000 -0.000  0.000 -0.000
       19  0.00000  -0.000 -0.000  0.000 -0.000  1.000 -0.000  0.000
       20  0.00000  -0.000  0.000  0.000  0.000 -0.000  1.000  0.000
       22  0.00000   0.000 -0.000 -0.000 -0.000  0.000  0.000  1.000
 ERR MATRIX NOT POS-DEF
MINUIT - FIT ONLY 2-CBO
 **********
 **   43 **RES 
 **********
                   PARAMETER    8  phi_CBO RESTORED TO VARIABLE.
                   PARAMETER    4  phi RESTORED TO VARIABLE.
                   PARAMETER    3  A0 RESTORED TO VARIABLE.
                   PARAMETER    1  N0 RESTORED TO VARIABLE.
 **********
 **   44 **FIX            0
 **********
 PARAMETER    0  IS UNDEFINED. IGNORED.
 **********
 **   45 **FIX            1
 **********
 **********
 **   46 **FIX            2
 **********
 PARAMETER    2  IS CONSTANT.   IGNORED.
 **********
 **   47 **FIX            3
 **********
 **********
 **   48 **FIX            4
 **********
 **********
 **   49 **FIX            5
 **********
 PARAMETER    5  IS CONSTANT.   IGNORED.
 **********
 **   50 **FIX            6
 **********
 **********
 **   51 **FIX            7
 **********
 **********
 **   52 **FIX           10
 **********
 PARAMETER   10  IS CONSTANT.   IGNORED.
 **********
 **   53 **FIX           11
 **********
 PARAMETER   11  IS CONSTANT.   IGNORED.
 **********
 **   54 **FIX           12
 **********
 PARAMETER   12  IS CONSTANT.   IGNORED.
 **********
 **   55 **FIX           13
 **********
 PARAMETER   13  IS CONSTANT.   IGNORED.
 **********
 **   56 **FIX           14
 **********
 **********
 **   57 **FIX           15
 **********
 PARAMETER   15  IS CONSTANT.   IGNORED.
 **********
 **   58 **FIX           16
 **********
 PARAMETER   16  IS CONSTANT.   IGNORED.
 **********
 **   59 **MIGRAD
 **********
 START MIGRAD MINIMIZATION.  STRATEGY  1.  CONVERGENCE WHEN EDM .LT. 1.00e-04
 FCN=477.543 FROM MIGRAD    STATUS=INITIATE       12 CALLS        1899 TOTAL
                     EDM= unknown      STRATEGY= 1      NO ERROR MATRIX       
  EXT PARAMETER               CURRENT GUESS       STEP         FIRST   
  NO.   NAME      VALUE            ERROR          SIZE      DERIVATIVE 
   1  N0           2.97361e+06     fixed    
   2  tau          6.44054e+01   constant   
   3  A0           3.48537e-01     fixed    
   4  phi          4.11601e+00     fixed    
   5  R           -6.09493e+01   constant   
   6  A_CBO        1.69992e-04     fixed    
   7  w_CBO        2.32621e+00     fixed    
   8  phi_CBO      4.27357e-01   1.03845e+00   1.03845e+00   8.71299e-01
   9  ANx2         7.43781e-04   constant   
  10  pNx2         1.57222e+00   constant   
  11  ANy1         0.00000e+00   constant   
  12  pNy1         0.00000e+00   constant   
  13  w_y          0.00000e+00   constant   
  14  ANy2        -6.56151e-05     fixed    
  15  pNy2         6.06093e+00   constant   
  16  w_vw         1.43032e+01   constant   
  17  LM           6.04551e-05   constant   
  18  wCBO_expCoeff   2.00008e+02   1.00000e+00   0.00000e+00  -3.46225e+02
  19  wCBO_expOffset   2.00002e+02   1.00000e+00  -0.00000e+00   8.21299e+02
  20  wCBO_expT    3.00017e+01   1.00000e+00  -0.00000e+00   3.22480e+03
  21  wCBO_linCoeff   0.00000e+00   constant   
  22  wCBO_const  -1.25210e-02   1.00000e+00   0.00000e+00  -1.52942e+02
 CALL LIMIT EXCEEDED IN MIGRAD.
 MIGRAD TERMINATED WITHOUT CONVERGENCE.
 FCN=477.261 FROM MIGRAD    STATUS=CALL LIMIT    832 CALLS        2719 TOTAL
                     EDM=0.0131004    STRATEGY= 1  ERROR MATRIX UNCERTAINTY   0.1 per cent
  EXT PARAMETER                APPROXIMATE        STEP         FIRST   
  NO.   NAME      VALUE            ERROR          SIZE      DERIVATIVE 
   1  N0           2.97361e+06     fixed    
   2  tau          6.44054e+01   constant   
   3  A0           3.48537e-01     fixed    
   4  phi          4.11601e+00     fixed    
   5  R           -6.09493e+01   constant   
   6  A_CBO        1.69992e-04     fixed    
   7  w_CBO        2.32621e+00     fixed    
   8  phi_CBO     -2.08406e-01   1.26665e+00   5.51533e-06   7.89529e-03
   9  ANx2         7.43781e-04   constant   
  10  pNx2         1.57222e+00   constant   
  11  ANy1         0.00000e+00   constant   
  12  pNy1         0.00000e+00   constant   
  13  w_y          0.00000e+00   constant   
  14  ANy2        -6.56151e-05     fixed    
  15  pNy2         6.06093e+00   constant   
  16  w_vw         1.43032e+01   constant   
  17  LM           6.04551e-05   constant   
  18  wCBO_expCoeff   2.00008e+02   3.11242e-04  -3.79960e-09  -2.99526e+02
  19  wCBO_expOffset   2.00002e+02   1.42852e-04  -1.85446e-09  -5.14574e+02
  20  wCBO_expT    3.00017e+01   5.51198e-05  -6.96156e-10   3.37847e+03
  21  wCBO_linCoeff   0.00000e+00   constant   
  22  wCBO_const  -1.25086e-02   1.40626e-03   1.80191e-08  -1.55653e+02
 EXTERNAL ERROR MATRIX.    NDIM=  25    NPAR=  5    ERR DEF=1
  1.604e+00 -1.072e-04 -5.731e-05 -2.387e-05  5.883e-04 
 -1.072e-04  9.687e-08  4.021e-08  1.614e-08 -4.087e-07 
 -5.731e-05  4.021e-08  2.041e-08  7.597e-09 -1.950e-07 
 -2.387e-05  1.614e-08  7.597e-09  3.038e-09 -7.118e-08 
  5.883e-04 -4.087e-07 -1.950e-07 -7.118e-08  1.978e-06 
ERR MATRIX APPROXIMATE
 PARAMETER  CORRELATION COEFFICIENTS  
       NO.  GLOBAL      8     18     19     20     22
        8  0.98302   1.000 -0.272 -0.317 -0.342  0.330
       18  0.99978  -0.272  1.000  0.904  0.941 -0.934
       19  0.99994  -0.317  0.904  1.000  0.965 -0.971
       20  0.99990  -0.342  0.941  0.965  1.000 -0.918
       22  0.99990   0.330 -0.934 -0.971 -0.918  1.000
 ERR MATRIX APPROXIMATE
MINUIT - FIT ONLY 1-y
 **********
 **   60 **RES 
 **********
                   PARAMETER   14  ANy2 RESTORED TO VARIABLE.
                   PARAMETER    7  w_CBO RESTORED TO VARIABLE.
                   PARAMETER    6  A_CBO RESTORED TO VARIABLE.
                   PARAMETER    4  phi RESTORED TO VARIABLE.
                   PARAMETER    3  A0 RESTORED TO VARIABLE.
                   PARAMETER    1  N0 RESTORED TO VARIABLE.
 **********
 **   61 **FIX            0
 **********
 PARAMETER    0  IS UNDEFINED. IGNORED.
 **********
 **   62 **FIX            1
 **********
 **********
 **   63 **FIX            2
 **********
 PARAMETER    2  IS CONSTANT.   IGNORED.
 **********
 **   64 **FIX            3
 **********
 **********
 **   65 **FIX            4
 **********
 **********
 **   66 **FIX            5
 **********
 PARAMETER    5  IS CONSTANT.   IGNORED.
 **********
 **   67 **FIX            6
 **********
 **********
 **   68 **FIX            7
 **********
 **********
 **   69 **FIX            8
 **********
 **********
 **   70 **FIX            9
 **********
 PARAMETER    9  IS CONSTANT.   IGNORED.
 **********
 **   71 **FIX           13
 **********
 PARAMETER   13  IS CONSTANT.   IGNORED.
 **********
 **   72 **FIX           14
 **********
 **********
 **   73 **FIX           15
 **********
 PARAMETER   15  IS CONSTANT.   IGNORED.
 **********
 **   74 **FIX           16
 **********
 PARAMETER   16  IS CONSTANT.   IGNORED.
 **********
 **   75 **MIGRAD
 **********
 START MIGRAD MINIMIZATION.  STRATEGY  1.  CONVERGENCE WHEN EDM .LT. 1.00e-04
 FCN=477.261 FROM MIGRAD    STATUS=INITIATE        8 CALLS        2727 TOTAL
                     EDM= unknown      STRATEGY= 1      NO ERROR MATRIX       
  EXT PARAMETER               CURRENT GUESS       STEP         FIRST   
  NO.   NAME      VALUE            ERROR          SIZE      DERIVATIVE 
   1  N0           2.97361e+06     fixed    
   2  tau          6.44054e+01   constant   
   3  A0           3.48537e-01     fixed    
   4  phi          4.11601e+00     fixed    
   5  R           -6.09493e+01   constant   
   6  A_CBO        1.69992e-04     fixed    
   7  w_CBO        2.32621e+00     fixed    
   8  phi_CBO     -2.08406e-01     fixed    
   9  ANx2         7.43781e-04   constant   
  10  pNx2         1.57222e+00   constant   
  11  ANy1         0.00000e+00   constant   
  12  pNy1         0.00000e+00   constant   
  13  w_y          0.00000e+00   constant   
  14  ANy2        -6.56151e-05     fixed    
  15  pNy2         6.06093e+00   constant   
  16  w_vw         1.43032e+01   constant   
  17  LM           6.04551e-05   constant   
  18  wCBO_expCoeff   2.00008e+02   3.11242e-04  -3.79960e-09  -2.99526e+02
  19  wCBO_expOffset   2.00002e+02   1.42852e-04  -1.85446e-09  -5.14574e+02
  20  wCBO_expT    3.00017e+01   5.51198e-05  -6.96156e-10   3.37847e+03
  21  wCBO_linCoeff   0.00000e+00   constant   
  22  wCBO_const  -1.25086e-02   1.40626e-03   1.80191e-08  -1.55653e+02
 MIGRAD FAILS TO FIND IMPROVEMENT
 FCN=477.261 FROM HESSE     STATUS=NOT POSDEF     29 CALLS        2786 TOTAL
                     EDM=0.015743    STRATEGY= 1      ERR MATRIX NOT POS-DEF
  EXT PARAMETER                APPROXIMATE        STEP         FIRST   
  NO.   NAME      VALUE            ERROR          SIZE      DERIVATIVE 
   1  N0           2.97361e+06     fixed    
   2  tau          6.44054e+01   constant   
   3  A0           3.48537e-01     fixed    
   4  phi          4.11601e+00     fixed    
   5  R           -6.09493e+01   constant   
   6  A_CBO        1.69992e-04     fixed    
   7  w_CBO        2.32621e+00     fixed    
   8  phi_CBO     -2.08406e-01     fixed    
   9  ANx2         7.43781e-04   constant   
  10  pNx2         1.57222e+00   constant   
  11  ANy1         0.00000e+00   constant   
  12  pNy1         0.00000e+00   constant   
  13  w_y          0.00000e+00   constant   
  14  ANy2        -6.56151e-05     fixed    
  15  pNy2         6.06093e+00   constant   
  16  w_vw         1.43032e+01   constant   
  17  LM           6.04551e-05   constant   
  18  wCBO_expCoeff   2.00008e+02   1.66457e-03   9.53713e-05   3.36078e+01
  19  wCBO_expOffset   2.00002e+02   9.38278e-05   9.53682e-05   2.15569e+02
  20  wCBO_expT    3.00017e+01   1.73954e-04   1.43059e-05   5.41714e+02
  21  wCBO_linCoeff   0.00000e+00   constant   
  22  wCBO_const  -1.25033e-02   2.30456e-03   3.84840e-06  -3.67584e+01
 MIGRAD FAILS TO FIND IMPROVEMENT
 MIGRAD TERMINATED WITHOUT CONVERGENCE.
 FCN=477.253 FROM MIGRAD    STATUS=FAILED         88 CALLS        2807 TOTAL
                     EDM=0.0394147    STRATEGY= 1      ERR MATRIX NOT POS-DEF
  EXT PARAMETER                APPROXIMATE        STEP         FIRST   
  NO.   NAME      VALUE            ERROR          SIZE      DERIVATIVE 
   1  N0           2.97361e+06     fixed    
   2  tau          6.44054e+01   constant   
   3  A0           3.48537e-01     fixed    
   4  phi          4.11601e+00     fixed    
   5  R           -6.09493e+01   constant   
   6  A_CBO        1.69992e-04     fixed    
   7  w_CBO        2.32621e+00     fixed    
   8  phi_CBO     -2.08406e-01     fixed    
   9  ANx2         7.43781e-04   constant   
  10  pNx2         1.57222e+00   constant   
  11  ANy1         0.00000e+00   constant   
  12  pNy1         0.00000e+00   constant   
  13  w_y          0.00000e+00   constant   
  14  ANy2        -6.56151e-05     fixed    
  15  pNy2         6.06093e+00   constant   
  16  w_vw         1.43032e+01   constant   
  17  LM           6.04551e-05   constant   
  18  wCBO_expCoeff   2.00008e+02   1.00000e+00   0.00000e+00  -1.09329e+03
  19  wCBO_expOffset   2.00002e+02   1.00000e+00   0.00000e+00  -3.99721e+03
  20  wCBO_expT    3.00017e+01   1.00000e+00  -0.00000e+00   8.80817e+03
  21  wCBO_linCoeff   0.00000e+00   constant   
  22  wCBO_const  -1.23772e-02   1.00000e+00   0.00000e+00  -4.52709e+02
 EXTERNAL ERROR MATRIX.    NDIM=  25    NPAR=  4    ERR DEF=1
  1.000e+00 -4.882e-08 -8.403e-08  1.177e-06 
 -4.882e-08  1.000e+00 -5.179e-09  7.372e-08 
 -8.403e-08 -5.179e-09  1.000e+00  1.469e-07 
  1.177e-06  7.372e-08  1.469e-07  1.000e+00 
ERR MATRIX NOT POS-DEF
 PARAMETER  CORRELATION COEFFICIENTS  
       NO.  GLOBAL     18     19     20     22
       18  0.00000   1.000 -0.000 -0.000  0.000
       19  0.00000  -0.000  1.000 -0.000  0.000
       20  0.00000  -0.000 -0.000  1.000  0.000
       22  0.00000   0.000  0.000  0.000  1.000
 ERR MATRIX NOT POS-DEF
MINUIT - FIT ONLY 2-y
 **********
 **   76 **RES 
 **********
                   PARAMETER   14  ANy2 RESTORED TO VARIABLE.
                   PARAMETER    8  phi_CBO RESTORED TO VARIABLE.
                   PARAMETER    7  w_CBO RESTORED TO VARIABLE.
                   PARAMETER    6  A_CBO RESTORED TO VARIABLE.
                   PARAMETER    4  phi RESTORED TO VARIABLE.
                   PARAMETER    3  A0 RESTORED TO VARIABLE.
                   PARAMETER    1  N0 RESTORED TO VARIABLE.
 **********
 **   77 **FIX            0
 **********
 PARAMETER    0  IS UNDEFINED. IGNORED.
 **********
 **   78 **FIX            1
 **********
 **********
 **   79 **FIX            2
 **********
 PARAMETER    2  IS CONSTANT.   IGNORED.
 **********
 **   80 **FIX            3
 **********
 **********
 **   81 **FIX            4
 **********
 **********
 **   82 **FIX            5
 **********
 PARAMETER    5  IS CONSTANT.   IGNORED.
 **********
 **   83 **FIX            6
 **********
 **********
 **   84 **FIX            7
 **********
 **********
 **   85 **FIX            8
 **********
 **********
 **   86 **FIX            9
 **********
 PARAMETER    9  IS CONSTANT.   IGNORED.
 **********
 **   87 **FIX           10
 **********
 PARAMETER   10  IS CONSTANT.   IGNORED.
 **********
 **   88 **FIX           11
 **********
 PARAMETER   11  IS CONSTANT.   IGNORED.
 **********
 **   89 **FIX           12
 **********
 PARAMETER   12  IS CONSTANT.   IGNORED.
 **********
 **   90 **FIX           16
 **********
 PARAMETER   16  IS CONSTANT.   IGNORED.
 **********
 **   91 **MIGRAD
 **********
 START MIGRAD MINIMIZATION.  STRATEGY  1.  CONVERGENCE WHEN EDM .LT. 1.00e-04
 FCN=477.253 FROM MIGRAD    STATUS=INITIATE       10 CALLS        2817 TOTAL
                     EDM= unknown      STRATEGY= 1      NO ERROR MATRIX       
  EXT PARAMETER               CURRENT GUESS       STEP         FIRST   
  NO.   NAME      VALUE            ERROR          SIZE      DERIVATIVE 
