 + ++++++++++++++++++++++++++++++++++++++++++++++++++++++++++++++++++++ +
 +                                                                      +
 +           You have chose to blind your fitting according to          +
 +                omega_ref * (1 + (R +/- deltaR) *10^{-6})             +
 +                                                                      +
 + ++++++++++++++++++++++++++++++++++++++++++++++++++++++++++++++++++++ +
In main()...
reading format from /gm2data/zkhechad/run45/envelope/formats/formatB_sBin_constraintOn.txt
pBinTau 	= 0  
pBinPhi 	= 0  
constraintau 	= 1 
includeMopTerm 	= 0    
constrainMop    = 0   
Parameters after format file: pBinTau 0 pBinPhi 0 constraintau 1 includeMopTerm 0 constrainMop 0 c_e_scale 0.000000 
reading cbo reference file (full fit) from /gm2data/zkhechad/cboTemplates/Run4CBOTemplates/fullFits/run4/sBin_constraintOn_cE0.0_seed0_run4_calo7.root
A_CBO 0.010017 w_CBO 2.326795 phi_CBO 5.385454 N0 2934724.912691 R -61.426290 tau 64.406392 
Reading cboRef file /gm2data/zkhechad/cboTemplates/Run4CBOTemplates//cboIsolate/run4_calo7.root
deltaT 164.120000
windowBins = 1100
fitting sliding window 1780 from bin 1983 at 295.863600 to bin 3083 at 459.983600 (1100 bins)

Reading data from /gm2data/cornell/histograms/aMethod/histogram_a_run4.root
fitting cbo isolate
 **********
 **    1 **SET PRINTOUT            1
 **********
 **********
 **    2 **SET NOWARNINGS 
 **********
 PARAMETER DEFINITIONS:
    NO.   NAME         VALUE      STEP SIZE      LIMITS
     1 A_CBO        1.00169e-02  1.00000e-05     no limits
     2 w_CBO        2.32680e+00  1.00000e-02    2.00000e+00  3.00000e+00
     3 phi_CBO      5.38545e+00  1.00000e-02    0.00000e+00  6.28319e+00
 **********
 **    3 **MIGRAD
 **********
 FIRST CALL TO USER FUNCTION AT NEW START POINT, WITH IFLAG=4.
 START MIGRAD MINIMIZATION.  STRATEGY  1.  CONVERGENCE WHEN EDM .LT. 1.00e-04
 FCN=0.100519 FROM MIGRAD    STATUS=INITIATE       12 CALLS          13 TOTAL
                     EDM= unknown      STRATEGY= 1      NO ERROR MATRIX       
  EXT PARAMETER               CURRENT GUESS       STEP         FIRST   
  NO.   NAME      VALUE            ERROR          SIZE      DERIVATIVE 
   1  A_CBO        1.00169e-02   1.00000e-05   1.00000e-05   8.05552e+00
   2  w_CBO        2.32680e+00   1.00000e-02   2.13223e-02   8.13817e-01
   3  phi_CBO      5.38545e+00   1.00000e-02   4.54801e-03  -9.13854e-03
 MIGRAD MINIMIZATION HAS CONVERGED.
 MIGRAD WILL VERIFY CONVERGENCE AND ERROR MATRIX.
 COVARIANCE MATRIX CALCULATED SUCCESSFULLY
 FCN=0.0708663 FROM HESSE     STATUS=OK             16 CALLS          50 TOTAL
                     EDM=7.69083e-05    STRATEGY= 1      ERROR MATRIX ACCURATE 
  EXT PARAMETER                                   STEP         FIRST   
  NO.   NAME      VALUE            ERROR          SIZE      DERIVATIVE 
   1  A_CBO        2.66532e-03   4.35791e-02   2.15773e-05  -4.38085e-02
   2  w_CBO        2.32657e+00   3.08349e-01   4.61548e-05   1.44700e-02
   3  phi_CBO      5.44338e+00   5.63645e+00   4.06875e-03   1.14877e-04
 MIGRAD MINIMIZATION HAS CONVERGED.
 MIGRAD WILL VERIFY CONVERGENCE AND ERROR MATRIX.
 COVARIANCE MATRIX CALCULATED SUCCESSFULLY
 FCN=0.0707918 FROM MIGRAD    STATUS=CONVERGED      97 CALLS          98 TOTAL
                     EDM=3.79034e-06    STRATEGY= 1      ERROR MATRIX ACCURATE 
  EXT PARAMETER                                   STEP         FIRST   
  NO.   NAME      VALUE            ERROR          SIZE      DERIVATIVE 
   1  A_CBO        2.75799e-03   4.28332e-02   2.15742e-05   3.05948e-02
   2  w_CBO        2.32407e+00   2.98978e-01   4.51787e-05   1.23917e-03
   3  phi_CBO      4.52214e+00   3.97297e+00   2.75803e-03   3.92578e-05
 EXTERNAL ERROR MATRIX.    NDIM=  25    NPAR=  3    ERR DEF=1
  1.835e-03 -1.093e-03 -4.052e-01 
 -1.093e-03  1.052e-01  3.868e+01 
 -4.052e-01  3.868e+01  1.446e+04 
 PARAMETER  CORRELATION COEFFICIENTS  
       NO.  GLOBAL      1      2      3
        1  0.07884   1.000 -0.079 -0.079
        2  0.99164  -0.079  1.000  0.992
        3  0.99164  -0.079  0.992  1.000
setting A_CBO=0.002758 w_CBO=2.324074, phi_CBO=4.522137
done fitting cbo isolate
 **********
 **    1 **SET PRINTOUT            1
 **********
 **********
 **    2 **SET NOWARNINGS 
 **********
 PARAMETER DEFINITIONS:
    NO.   NAME         VALUE      STEP SIZE      LIMITS
     1 N0           2.93472e+06  1.00000e+02     no limits
     2 tau          6.44064e+01  constant
     3 A0           3.50200e-01  1.00000e-04     no limits
     4 phi          4.11726e+00  1.00000e-02     no limits
     5 R           -6.14263e+01  constant
     6 A_CBO        2.75799e-03  1.00000e-05     no limits
     7 w_CBO        2.32407e+00  1.00000e-03     no limits
     8 phi_CBO      4.52214e+00  1.00000e-04     no limits
     9 ANx2         5.09258e-04  constant
    10 pNx2         1.79030e-01  constant
    11 ANy1         0.00000e+00  constant
    12 pNy1         0.00000e+00  constant
    13 w_y          0.00000e+00  constant
    14 ANy2         8.95951e-03  1.00000e-04     no limits
    15 pNy2         6.17155e+00  constant
    16 w_vw         1.43200e+01  constant
    17 LM          -8.21731e-05  constant
    18 wCBO_expCoeff   2.00000e+02  1.00000e+00     no limits
    19 wCBO_expOffset   2.00000e+02  1.00000e+00     no limits
    20 wCBO_expT    3.00000e+01  1.00000e+00     no limits
    21 wCBO_linCoeff   0.00000e+00  constant
    22 wCBO_const   0.00000e+00  1.00000e-02     no limits
MINUIT - FIT ONLY WIGGLE
 **********
 **    3 **FIX            5
 **********
 PARAMETER    5  IS CONSTANT.   IGNORED.
 **********
 **    4 **FIX            6
 **********
 **********
 **    5 **FIX            7
 **********
 **********
 **    6 **FIX            8
 **********
 **********
 **    7 **FIX            9
 **********
 PARAMETER    9  IS CONSTANT.   IGNORED.
 **********
 **    8 **FIX           10
 **********
 PARAMETER   10  IS CONSTANT.   IGNORED.
 **********
 **    9 **FIX           11
 **********
 PARAMETER   11  IS CONSTANT.   IGNORED.
 **********
 **   10 **FIX           12
 **********
 PARAMETER   12  IS CONSTANT.   IGNORED.
 **********
 **   11 **FIX           13
 **********
 PARAMETER   13  IS CONSTANT.   IGNORED.
 **********
 **   12 **FIX           14
 **********
 **********
 **   13 **FIX           15
 **********
 PARAMETER   15  IS CONSTANT.   IGNORED.
 **********
 **   14 **FIX           16
 **********
 PARAMETER   16  IS CONSTANT.   IGNORED.
 **********
 **   15 **MIGRAD
 **********
 FIRST CALL TO USER FUNCTION AT NEW START POINT, WITH IFLAG=4.
 START MIGRAD MINIMIZATION.  STRATEGY  1.  CONVERGENCE WHEN EDM .LT. 1.00e-04
 FCN=705.112 FROM MIGRAD    STATUS=INITIATE       59 CALLS          60 TOTAL
                     EDM= unknown      STRATEGY= 1      NO ERROR MATRIX       
  EXT PARAMETER               CURRENT GUESS       STEP         FIRST   
  NO.   NAME      VALUE            ERROR          SIZE      DERIVATIVE 
   1  N0           2.93472e+06   1.00000e+02   0.00000e+00   1.15728e-03
   2  tau          6.44064e+01   constant   
   3  A0           3.50200e-01   1.00000e-04   0.00000e+00  -5.30829e+02
   4  phi          4.11726e+00   1.00000e-02   0.00000e+00   1.46723e+03
   5  R           -6.14263e+01   constant   
   6  A_CBO        2.75799e-03     fixed    
   7  w_CBO        2.32407e+00     fixed    
   8  phi_CBO      4.52214e+00     fixed    
   9  ANx2         5.09258e-04   constant   
  10  pNx2         1.79030e-01   constant   
  11  ANy1         0.00000e+00   constant   
  12  pNy1         0.00000e+00   constant   
  13  w_y          0.00000e+00   constant   
  14  ANy2         8.95951e-03     fixed    
  15  pNy2         6.17155e+00   constant   
  16  w_vw         1.43200e+01   constant   
  17  LM          -8.21731e-05   constant   
  18  wCBO_expCoeff   2.00357e+02   1.00000e+00   3.57127e-01   1.21248e+01
  19  wCBO_expOffset   2.00000e+02   1.00000e+00   0.00000e+00   8.10172e+01
  20  wCBO_expT    3.00000e+01   1.00000e+00   0.00000e+00   2.58257e+02
  21  wCBO_linCoeff   0.00000e+00   constant   
  22  wCBO_const   0.00000e+00   1.00000e-02   0.00000e+00  -3.06904e+03
 MIGRAD FAILS TO FIND IMPROVEMENT
 FCN=692.314 FROM HESSE     STATUS=NOT POSDEF     56 CALLS         551 TOTAL
                     EDM=0.33125    STRATEGY= 1      ERR MATRIX NOT POS-DEF
  EXT PARAMETER                APPROXIMATE        STEP         FIRST   
  NO.   NAME      VALUE            ERROR          SIZE      DERIVATIVE 
   1  N0           2.93375e+06   9.96843e+02   1.26589e+01  -1.15482e-03
   2  tau          6.44064e+01   constant   
   3  A0           3.50301e-01   4.52146e-04   5.85103e-06   9.23800e-01
   4  phi          4.11582e+00   1.33733e-03   1.72899e-05   1.08095e-01
   5  R           -6.14263e+01   constant   
   6  A_CBO        2.75799e-03     fixed    
   7  w_CBO        2.32407e+00     fixed    
   8  phi_CBO      4.52214e+00     fixed    
   9  ANx2         5.09258e-04   constant   
  10  pNx2         1.79030e-01   constant   
  11  ANy1         0.00000e+00   constant   
  12  pNy1         0.00000e+00   constant   
  13  w_y          0.00000e+00   constant   
  14  ANy2         8.95951e-03     fixed    
  15  pNy2         6.17155e+00   constant   
  16  w_vw         1.43200e+01   constant   
  17  LM          -8.21731e-05   constant   
  18  wCBO_expCoeff   2.00954e+02   1.90836e-01   2.37749e-04  -1.02369e-02
  19  wCBO_expOffset   2.00181e+02   3.73233e-02   9.54540e-05  -6.81130e-02
  20  wCBO_expT    2.99196e+01   7.25809e-03   1.42668e-05  -1.13652e-01
  21  wCBO_linCoeff   0.00000e+00   constant   
  22  wCBO_const   5.09189e-03   4.84212e-04   4.28323e-06  -7.57010e-01
 MIGRAD MINIMIZATION HAS CONVERGED.
 MIGRAD WILL VERIFY CONVERGENCE AND ERROR MATRIX.
 FCN=691.968 FROM MIGRAD    STATUS=CONVERGED     648 CALLS         649 TOTAL
                     EDM=1.17392e-05    STRATEGY= 1      ERR MATRIX NOT POS-DEF
  EXT PARAMETER                APPROXIMATE        STEP         FIRST   
  NO.   NAME      VALUE            ERROR          SIZE      DERIVATIVE 
   1  N0           2.93435e+06   9.97718e+02   1.26561e+01   3.52741e-06
   2  tau          6.44064e+01   constant   
   3  A0           3.50306e-01   4.52168e-04   5.84836e-06   1.01420e+00
   4  phi          4.11583e+00   1.33840e-03   1.72816e-05  -1.70637e-01
   5  R           -6.14263e+01   constant   
   6  A_CBO        2.75799e-03     fixed    
   7  w_CBO        2.32407e+00     fixed    
   8  phi_CBO      4.52214e+00     fixed    
   9  ANx2         5.09258e-04   constant   
  10  pNx2         1.79030e-01   constant   
  11  ANy1         0.00000e+00   constant   
  12  pNy1         0.00000e+00   constant   
  13  w_y          0.00000e+00   constant   
  14  ANy2         8.95951e-03     fixed    
  15  pNy2         6.17155e+00   constant   
  16  w_vw         1.43200e+01   constant   
  17  LM          -8.21731e-05   constant   
  18  wCBO_expCoeff   2.00955e+02   1.97686e-01   2.41422e-04   1.61289e-01
  19  wCBO_expOffset   2.00175e+02   3.82011e-02   9.54511e-05   1.09773e+00
  20  wCBO_expT    2.99214e+01   7.46371e-03   1.42677e-05   3.83124e+00
  21  wCBO_linCoeff   0.00000e+00   constant   
  22  wCBO_const   5.02887e-03   4.94724e-04   4.31808e-06   7.07723e+00
 EXTERNAL ERROR MATRIX.    NDIM=  25    NPAR=  7    ERR DEF=1
  9.954e+05  1.101e-02 -9.527e-03  2.234e-01 -1.871e+00  6.166e-01 -3.436e-02 
  1.101e-02  2.045e-07 -9.233e-10  2.075e-07  8.795e-08 -4.277e-08  8.300e-09 
 -9.527e-03 -9.233e-10  1.791e-06 -8.555e-08 -1.322e-06  4.661e-07 -1.736e-08 
  2.234e-01  2.075e-07 -8.555e-08  3.908e-02 -5.655e-03 -3.943e-05  2.072e-07 
 -1.871e+00  8.795e-08 -1.322e-06 -5.655e-03  1.459e-03 -1.812e-04  4.523e-06 
  6.166e-01 -4.277e-08  4.661e-07 -3.943e-05 -1.812e-04  5.571e-05 -1.674e-06 
 -3.436e-02  8.300e-09 -1.736e-08  2.072e-07  4.523e-06 -1.674e-06  2.448e-07 
ERR MATRIX NOT POS-DEF
 PARAMETER  CORRELATION COEFFICIENTS  
       NO.  GLOBAL      1      3      4     18     19     20     22
        1  0.10829   1.000  0.024 -0.007  0.001 -0.049  0.083 -0.070
        3  0.04701   0.024  1.000 -0.002  0.002  0.005 -0.013  0.037
        4  0.07471  -0.007 -0.002  1.000 -0.000 -0.026  0.047 -0.026
       18  0.99547   0.001  0.002 -0.000  1.000 -0.749 -0.027  0.002
       19  0.99731  -0.049  0.005 -0.026 -0.749  1.000 -0.635  0.239
       20  0.99440   0.083 -0.013  0.047 -0.027 -0.635  1.000 -0.453
       22  0.73768  -0.070  0.037 -0.026  0.002  0.239 -0.453  1.000
 ERR MATRIX NOT POS-DEF
MINUIT - FIT ONLY 1-CBO + other amplitudes 
 **********
 **   16 **RES 
 **********
                   PARAMETER   14  ANy2 RESTORED TO VARIABLE.
                   PARAMETER    8  phi_CBO RESTORED TO VARIABLE.
                   PARAMETER    7  w_CBO RESTORED TO VARIABLE.
                   PARAMETER    6  A_CBO RESTORED TO VARIABLE.
 **********
 **   17 **FIX            0
 **********
 PARAMETER    0  IS UNDEFINED. IGNORED.
 **********
 **   18 **FIX            1
 **********
 **********
 **   19 **FIX            2
 **********
 PARAMETER    2  IS CONSTANT.   IGNORED.
 **********
 **   20 **FIX            3
 **********
 **********
 **   21 **FIX            4
 **********
 **********
 **   22 **FIX            9
 **********
 PARAMETER    9  IS CONSTANT.   IGNORED.
 **********
 **   23 **FIX           11
 **********
 PARAMETER   11  IS CONSTANT.   IGNORED.
 **********
 **   24 **FIX           12
 **********
 PARAMETER   12  IS CONSTANT.   IGNORED.
 **********
 **   25 **FIX           14
 **********
 **********
 **   26 **FIX           15
 **********
 PARAMETER   15  IS CONSTANT.   IGNORED.
 **********
 **   27 **FIX           16
 **********
 PARAMETER   16  IS CONSTANT.   IGNORED.
 **********
 **   28 **MIGRAD
 **********
 START MIGRAD MINIMIZATION.  STRATEGY  1.  CONVERGENCE WHEN EDM .LT. 1.00e-04
 FCN=691.968 FROM MIGRAD    STATUS=INITIATE       20 CALLS         669 TOTAL
                     EDM= unknown      STRATEGY= 1      NO ERROR MATRIX       
  EXT PARAMETER               CURRENT GUESS       STEP         FIRST   
  NO.   NAME      VALUE            ERROR          SIZE      DERIVATIVE 
   1  N0           2.93435e+06     fixed    
   2  tau          6.44064e+01   constant   
   3  A0           3.50306e-01     fixed    
   4  phi          4.11583e+00     fixed    
   5  R           -6.14263e+01   constant   
   6  A_CBO        2.75799e-03   1.00000e-05   1.00000e-05   1.52840e+04
   7  w_CBO        2.32407e+00   1.00000e-03   1.00000e-03   1.71133e+01
   8  phi_CBO      4.52214e+00   1.00000e-04   1.00000e-04  -3.62087e+00
   9  ANx2         5.09258e-04   constant   
  10  pNx2         1.79030e-01   constant   
  11  ANy1         0.00000e+00   constant   
  12  pNy1         0.00000e+00   constant   
  13  w_y          0.00000e+00   constant   
  14  ANy2         8.95951e-03     fixed    
  15  pNy2         6.17155e+00   constant   
  16  w_vw         1.43200e+01   constant   
  17  LM          -8.21731e-05   constant   
  18  wCBO_expCoeff   2.00955e+02   1.97686e-01   2.41422e-04   1.62513e-01
  19  wCBO_expOffset   2.00175e+02   3.82011e-02   9.54511e-05   1.14225e+00
  20  wCBO_expT    2.99214e+01   7.46371e-03   1.42677e-05   3.86606e+00
  21  wCBO_linCoeff   0.00000e+00   constant   
  22  wCBO_const   5.02887e-03   4.94724e-04   4.31808e-06   7.09322e+00
 MIGRAD MINIMIZATION HAS CONVERGED.
 MIGRAD WILL VERIFY CONVERGENCE AND ERROR MATRIX.
 FCN=674.408 FROM MIGRAD    STATUS=CONVERGED     317 CALLS         966 TOTAL
                     EDM=3.19597e-07    STRATEGY= 1      ERR MATRIX NOT POS-DEF
  EXT PARAMETER                APPROXIMATE        STEP         FIRST   
  NO.   NAME      VALUE            ERROR          SIZE      DERIVATIVE 
   1  N0           2.93435e+06     fixed    
   2  tau          6.44064e+01   constant   
   3  A0           3.50306e-01     fixed    
   4  phi          4.11583e+00     fixed    
   5  R           -6.14263e+01   constant   
   6  A_CBO        8.28849e-04   5.00157e-04   6.20093e-06  -5.26342e-01
   7  w_CBO        2.32309e+00   1.91714e-03   2.29869e-06   3.14711e+00
   8  phi_CBO      5.50317e+00   6.72600e-01   7.27148e-03  -6.25967e-04
   9  ANx2         5.09258e-04   constant   
  10  pNx2         1.79030e-01   constant   
  11  ANy1         0.00000e+00   constant   
  12  pNy1         0.00000e+00   constant   
  13  w_y          0.00000e+00   constant   
  14  ANy2         8.95951e-03     fixed    
  15  pNy2         6.17155e+00   constant   
  16  w_vw         1.43200e+01   constant   
  17  LM          -8.21731e-05   constant   
  18  wCBO_expCoeff   2.00829e+02   1.95980e-01   2.38608e-04   2.66702e-02
  19  wCBO_expOffset   2.00157e+02   3.30017e-02   9.54422e-05   1.79000e-01
  20  wCBO_expT    2.99379e+01   7.04710e-03   1.42755e-05   6.77259e-01
  21  wCBO_linCoeff   0.00000e+00   constant   
  22  wCBO_const   5.17159e-03   1.09623e-03   4.91936e-06   1.94332e+00
 EXTERNAL ERROR MATRIX.    NDIM=  25    NPAR=  7    ERR DEF=1
  2.502e-07  2.863e-08  3.609e-06  2.637e-06  1.746e-07 -4.381e-07  7.172e-08 
  2.863e-08  3.675e-06  8.554e-06 -9.289e-05 -2.500e-05 -2.658e-06 -1.407e-06 
  3.609e-06  8.554e-06  4.524e-01 -7.579e-04 -6.662e-04  2.339e-04  1.348e-04 
  2.637e-06 -9.289e-05 -7.579e-04  3.841e-02 -3.487e-03 -3.135e-04  5.539e-05 
  1.746e-07 -2.500e-05 -6.662e-04 -3.487e-03  1.089e-03 -7.520e-05  1.436e-05 
 -4.381e-07 -2.658e-06  2.339e-04 -3.135e-04 -7.520e-05  4.966e-05 -2.172e-06 
  7.172e-08 -1.407e-06  1.348e-04  5.539e-05  1.436e-05 -2.172e-06  1.202e-06 
ERR MATRIX NOT POS-DEF
 PARAMETER  CORRELATION COEFFICIENTS  
       NO.  GLOBAL      6      7      8     18     19     20     22
        6  0.23170   1.000  0.030  0.011  0.027  0.011 -0.124  0.131
        7  0.99557   0.030  1.000  0.007 -0.247 -0.395 -0.197 -0.669
        8  0.53020   0.011  0.007  1.000 -0.006 -0.030  0.049  0.183
       18  0.99543   0.027 -0.247 -0.006  1.000 -0.539 -0.227  0.258
       19  0.99642   0.011 -0.395 -0.030 -0.539  1.000 -0.323  0.397
       20  0.99382  -0.124 -0.197  0.049 -0.227 -0.323  1.000 -0.281
       22  0.93599   0.131 -0.669  0.183  0.258  0.397 -0.281  1.000
 ERR MATRIX NOT POS-DEF
MINUIT - FIT ONLY 1-CBO
 **********
 **   29 **RES 
 **********
                   PARAMETER   14  ANy2 RESTORED TO VARIABLE.
                   PARAMETER    4  phi RESTORED TO VARIABLE.
                   PARAMETER    3  A0 RESTORED TO VARIABLE.
                   PARAMETER    1  N0 RESTORED TO VARIABLE.
 **********
 **   30 **FIX            0
 **********
 PARAMETER    0  IS UNDEFINED. IGNORED.
 **********
 **   31 **FIX            1
 **********
 **********
 **   32 **FIX            2
 **********
 PARAMETER    2  IS CONSTANT.   IGNORED.
 **********
 **   33 **FIX            3
 **********
 **********
 **   34 **FIX            4
 **********
 **********
 **   35 **FIX            8
 **********
 **********
 **   36 **FIX            9
 **********
 PARAMETER    9  IS CONSTANT.   IGNORED.
 **********
 **   37 **FIX           11
 **********
 PARAMETER   11  IS CONSTANT.   IGNORED.
 **********
 **   38 **FIX           12
 **********
 PARAMETER   12  IS CONSTANT.   IGNORED.
 **********
 **   39 **FIX           13
 **********
 PARAMETER   13  IS CONSTANT.   IGNORED.
 **********
 **   40 **FIX           15
 **********
 PARAMETER   15  IS CONSTANT.   IGNORED.
 **********
 **   41 **FIX           16
 **********
 PARAMETER   16  IS CONSTANT.   IGNORED.
 **********
 **   42 **MIGRAD
 **********
 START MIGRAD MINIMIZATION.  STRATEGY  1.  CONVERGENCE WHEN EDM .LT. 1.00e-04
 FCN=674.408 FROM MIGRAD    STATUS=INITIATE       16 CALLS         982 TOTAL
                     EDM= unknown      STRATEGY= 1      NO ERROR MATRIX       
  EXT PARAMETER               CURRENT GUESS       STEP         FIRST   
  NO.   NAME      VALUE            ERROR          SIZE      DERIVATIVE 
   1  N0           2.93435e+06     fixed    
   2  tau          6.44064e+01   constant   
   3  A0           3.50306e-01     fixed    
   4  phi          4.11583e+00     fixed    
   5  R           -6.14263e+01   constant   
   6  A_CBO        8.28849e-04   5.00157e-04   6.20093e-06  -5.26342e-01
   7  w_CBO        2.32309e+00   1.91714e-03   2.29869e-06   3.18132e+00
   8  phi_CBO      5.50317e+00     fixed    
   9  ANx2         5.09258e-04   constant   
  10  pNx2         1.79030e-01   constant   
  11  ANy1         0.00000e+00   constant   
  12  pNy1         0.00000e+00   constant   
  13  w_y          0.00000e+00   constant   
  14  ANy2         8.95951e-03   1.00000e-04   1.00000e-04   7.37358e+04
  15  pNy2         6.17155e+00   constant   
  16  w_vw         1.43200e+01   constant   
  17  LM          -8.21731e-05   constant   
  18  wCBO_expCoeff   2.00829e+02   1.95980e-01   2.38608e-04   2.70788e-02
  19  wCBO_expOffset   2.00157e+02   3.30017e-02   9.54422e-05   1.99395e-01
  20  wCBO_expT    2.99379e+01   7.04710e-03   1.42755e-05   6.87894e-01
  21  wCBO_linCoeff   0.00000e+00   constant   
  22  wCBO_const   5.17159e-03   1.09623e-03   4.91936e-06   1.94194e+00
 MIGRAD MINIMIZATION HAS CONVERGED.
 MIGRAD WILL VERIFY CONVERGENCE AND ERROR MATRIX.
 FCN=357.03 FROM MIGRAD    STATUS=CONVERGED     298 CALLS        1264 TOTAL
                     EDM=1.44514e-06    STRATEGY= 1      ERR MATRIX NOT POS-DEF
  EXT PARAMETER                APPROXIMATE        STEP         FIRST   
  NO.   NAME      VALUE            ERROR          SIZE      DERIVATIVE 
   1  N0           2.93435e+06     fixed    
   2  tau          6.44064e+01   constant   
   3  A0           3.50306e-01     fixed    
   4  phi          4.11583e+00     fixed    
   5  R           -6.14263e+01   constant   
   6  A_CBO        3.78081e-04   4.88536e-04   4.46536e-06  -3.24686e-01
   7  w_CBO        2.32405e+00   3.38736e-03   3.24274e-06  -1.51454e+00
   8  phi_CBO      5.50317e+00     fixed    
   9  ANx2         5.09258e-04   constant   
  10  pNx2         1.79030e-01   constant   
  11  ANy1         0.00000e+00   constant   
  12  pNy1         0.00000e+00   constant   
  13  w_y          0.00000e+00   constant   
  14  ANy2         3.26338e-04   4.81295e-04   4.44837e-06   3.10712e+00
  15  pNy2         6.17155e+00   constant   
  16  w_vw         1.43200e+01   constant   
  17  LM          -8.21731e-05   constant   
  18  wCBO_expCoeff   2.00954e+02   3.97341e-01   3.56966e-04  -1.51429e-02
  19  wCBO_expOffset   2.00175e+02   6.98588e-02   9.54510e-05  -1.01704e-01
  20  wCBO_expT    2.99280e+01   1.11386e-02   1.42881e-05  -2.98108e-01
  21  wCBO_linCoeff   0.00000e+00   constant   
  22  wCBO_const   4.76015e-03   1.61835e-03   4.81450e-06  -4.74405e-01
 EXTERNAL ERROR MATRIX.    NDIM=  25    NPAR=  7    ERR DEF=1
  2.387e-07 -6.884e-09 -1.416e-08 -2.726e-06 -9.881e-07  2.468e-07  2.750e-08 
 -6.884e-09  1.147e-05  7.385e-09 -2.305e-04 -9.709e-05 -4.898e-06 -4.657e-06 
 -1.416e-08  7.385e-09  2.316e-07  1.801e-06  4.939e-07 -1.473e-07 -1.200e-08 
 -2.726e-06 -2.305e-04  1.801e-06  1.579e-01 -1.833e-02 -6.145e-04  1.196e-04 
 -9.881e-07 -9.709e-05  4.939e-07 -1.833e-02  4.880e-03 -2.595e-04  5.111e-05 
  2.468e-07 -4.898e-06 -1.473e-07 -6.145e-04 -2.595e-04  1.241e-04 -3.696e-06 
  2.750e-08 -4.657e-06 -1.200e-08  1.196e-04  5.111e-05 -3.696e-06  2.619e-06 
ERR MATRIX NOT POS-DEF
 PARAMETER  CORRELATION COEFFICIENTS  
       NO.  GLOBAL      6      7     14     18     19     20     22
        6  0.18653   1.000 -0.004 -0.060 -0.014 -0.029  0.045  0.035
        7  0.99465  -0.004  1.000  0.005 -0.171 -0.410 -0.130 -0.850
       14  0.11322  -0.060  0.005  1.000  0.009  0.015 -0.027 -0.015
       18  0.99528  -0.014 -0.171  0.009  1.000 -0.660 -0.139  0.186
       19  0.99661  -0.029 -0.410  0.015 -0.660  1.000 -0.333  0.452
       20  0.99036   0.045 -0.130 -0.027 -0.139 -0.333  1.000 -0.205
       22  0.94756   0.035 -0.850 -0.015  0.186  0.452 -0.205  1.000
 ERR MATRIX NOT POS-DEF
MINUIT - FIT ONLY 2-CBO
 **********
 **   43 **RES 
 **********
                   PARAMETER    8  phi_CBO RESTORED TO VARIABLE.
                   PARAMETER    4  phi RESTORED TO VARIABLE.
                   PARAMETER    3  A0 RESTORED TO VARIABLE.
                   PARAMETER    1  N0 RESTORED TO VARIABLE.
 **********
 **   44 **FIX            0
 **********
 PARAMETER    0  IS UNDEFINED. IGNORED.
 **********
 **   45 **FIX            1
 **********
 **********
 **   46 **FIX            2
 **********
 PARAMETER    2  IS CONSTANT.   IGNORED.
 **********
 **   47 **FIX            3
 **********
 **********
 **   48 **FIX            4
 **********
 **********
 **   49 **FIX            5
 **********
 PARAMETER    5  IS CONSTANT.   IGNORED.
 **********
 **   50 **FIX            6
 **********
 **********
 **   51 **FIX            7
 **********
 **********
 **   52 **FIX           10
 **********
 PARAMETER   10  IS CONSTANT.   IGNORED.
 **********
 **   53 **FIX           11
 **********
 PARAMETER   11  IS CONSTANT.   IGNORED.
 **********
 **   54 **FIX           12
 **********
 PARAMETER   12  IS CONSTANT.   IGNORED.
 **********
 **   55 **FIX           13
 **********
 PARAMETER   13  IS CONSTANT.   IGNORED.
 **********
 **   56 **FIX           14
 **********
 **********
 **   57 **FIX           15
 **********
 PARAMETER   15  IS CONSTANT.   IGNORED.
 **********
 **   58 **FIX           16
 **********
 PARAMETER   16  IS CONSTANT.   IGNORED.
 **********
 **   59 **MIGRAD
 **********
 START MIGRAD MINIMIZATION.  STRATEGY  1.  CONVERGENCE WHEN EDM .LT. 1.00e-04
 FCN=357.03 FROM MIGRAD    STATUS=INITIATE       12 CALLS        1276 TOTAL
                     EDM= unknown      STRATEGY= 1      NO ERROR MATRIX       
  EXT PARAMETER               CURRENT GUESS       STEP         FIRST   
  NO.   NAME      VALUE            ERROR          SIZE      DERIVATIVE 
   1  N0           2.93435e+06     fixed    
   2  tau          6.44064e+01   constant   
   3  A0           3.50306e-01     fixed    
   4  phi          4.11583e+00     fixed    
   5  R           -6.14263e+01   constant   
   6  A_CBO        3.78081e-04     fixed    
   7  w_CBO        2.32405e+00     fixed    
   8  phi_CBO      5.50317e+00   6.72600e-01   6.72600e-01  -1.54767e-01
   9  ANx2         5.09258e-04   constant   
  10  pNx2         1.79030e-01   constant   
  11  ANy1         0.00000e+00   constant   
  12  pNy1         0.00000e+00   constant   
  13  w_y          0.00000e+00   constant   
  14  ANy2         3.26338e-04     fixed    
  15  pNy2         6.17155e+00   constant   
  16  w_vw         1.43200e+01   constant   
  17  LM          -8.21731e-05   constant   
  18  wCBO_expCoeff   2.00954e+02   3.97341e-01   3.56966e-04  -1.46559e-02
  19  wCBO_expOffset   2.00175e+02   6.98588e-02   9.54510e-05  -9.09387e-02
  20  wCBO_expT    2.99280e+01   1.11386e-02   1.42881e-05  -2.89445e-01
  21  wCBO_linCoeff   0.00000e+00   constant   
  22  wCBO_const   4.76015e-03   1.61835e-03   4.81450e-06  -4.68245e-01
 MIGRAD MINIMIZATION HAS CONVERGED.
 MIGRAD WILL VERIFY CONVERGENCE AND ERROR MATRIX.
 FCN=357.018 FROM MIGRAD    STATUS=CONVERGED      84 CALLS        1348 TOTAL
                     EDM=2.93007e-06    STRATEGY= 1      ERR MATRIX NOT POS-DEF
  EXT PARAMETER                APPROXIMATE        STEP         FIRST   
  NO.   NAME      VALUE            ERROR          SIZE      DERIVATIVE 
   1  N0           2.93435e+06     fixed    
   2  tau          6.44064e+01   constant   
   3  A0           3.50306e-01     fixed    
   4  phi          4.11583e+00     fixed    
   5  R           -6.14263e+01   constant   
   6  A_CBO        3.78081e-04     fixed    
   7  w_CBO        2.32405e+00     fixed    
   8  phi_CBO      5.65127e+00   1.36177e+00   1.17145e-02   7.12368e-04
   9  ANx2         5.09258e-04   constant   
  10  pNx2         1.79030e-01   constant   
  11  ANy1         0.00000e+00   constant   
  12  pNy1         0.00000e+00   constant   
  13  w_y          0.00000e+00   constant   
  14  ANy2         3.26338e-04     fixed    
  15  pNy2         6.17155e+00   constant   
  16  w_vw         1.43200e+01   constant   
  17  LM          -8.21731e-05   constant   
  18  wCBO_expCoeff   2.00953e+02   4.45948e-01   3.53872e-04  -3.53732e-03
  19  wCBO_expOffset   2.00175e+02   7.33284e-02   9.54510e-05  -2.36472e-02
  20  wCBO_expT    2.99280e+01   1.15315e-02   1.42708e-05   9.07770e-02
  21  wCBO_linCoeff   0.00000e+00   constant   
  22  wCBO_const   4.79049e-03   9.02359e-04   4.80238e-06  -5.48820e-01
 EXTERNAL ERROR MATRIX.    NDIM=  25    NPAR=  5    ERR DEF=1
  1.854e+00  2.361e-03 -1.702e-03 -3.426e-05  3.643e-04 
  2.361e-03  1.989e-01 -2.771e-02 -5.278e-04  1.952e-05 
 -1.702e-03 -2.771e-02  5.377e-03 -3.645e-04  1.416e-05 
 -3.426e-05 -5.278e-04 -3.645e-04  1.330e-04 -6.180e-06 
  3.643e-04  1.952e-05  1.416e-05 -6.180e-06  8.143e-07 
ERR MATRIX NOT POS-DEF
 PARAMETER  CORRELATION COEFFICIENTS  
       NO.  GLOBAL      8     18     19     20     22
        8  0.38692   1.000  0.004 -0.017 -0.002  0.296
       18  0.99631   0.004  1.000 -0.847 -0.103  0.049
       19  0.99697  -0.017 -0.847  1.000 -0.431  0.214
       20  0.99111  -0.002 -0.103 -0.431  1.000 -0.594
       22  0.81968   0.296  0.049  0.214 -0.594  1.000
 ERR MATRIX NOT POS-DEF
MINUIT - FIT ONLY 1-y
 **********
 **   60 **RES 
 **********
                   PARAMETER   14  ANy2 RESTORED TO VARIABLE.
                   PARAMETER    7  w_CBO RESTORED TO VARIABLE.
                   PARAMETER    6  A_CBO RESTORED TO VARIABLE.
                   PARAMETER    4  phi RESTORED TO VARIABLE.
                   PARAMETER    3  A0 RESTORED TO VARIABLE.
                   PARAMETER    1  N0 RESTORED TO VARIABLE.
 **********
 **   61 **FIX            0
 **********
 PARAMETER    0  IS UNDEFINED. IGNORED.
 **********
 **   62 **FIX            1
 **********
 **********
 **   63 **FIX            2
 **********
 PARAMETER    2  IS CONSTANT.   IGNORED.
 **********
 **   64 **FIX            3
 **********
 **********
 **   65 **FIX            4
 **********
 **********
 **   66 **FIX            5
 **********
 PARAMETER    5  IS CONSTANT.   IGNORED.
 **********
 **   67 **FIX            6
 **********
 **********
 **   68 **FIX            7
 **********
 **********
 **   69 **FIX            8
 **********
 **********
 **   70 **FIX            9
 **********
 PARAMETER    9  IS CONSTANT.   IGNORED.
 **********
 **   71 **FIX           13
 **********
 PARAMETER   13  IS CONSTANT.   IGNORED.
 **********
 **   72 **FIX           14
 **********
 **********
 **   73 **FIX           15
 **********
 PARAMETER   15  IS CONSTANT.   IGNORED.
 **********
 **   74 **FIX           16
 **********
 PARAMETER   16  IS CONSTANT.   IGNORED.
 **********
 **   75 **MIGRAD
 **********
 START MIGRAD MINIMIZATION.  STRATEGY  1.  CONVERGENCE WHEN EDM .LT. 1.00e-04
 FCN=357.018 FROM MIGRAD    STATUS=INITIATE        8 CALLS        1356 TOTAL
                     EDM= unknown      STRATEGY= 1      NO ERROR MATRIX       
  EXT PARAMETER               CURRENT GUESS       STEP         FIRST   
  NO.   NAME      VALUE            ERROR          SIZE      DERIVATIVE 
   1  N0           2.93435e+06     fixed    
   2  tau          6.44064e+01   constant   
   3  A0           3.50306e-01     fixed    
   4  phi          4.11583e+00     fixed    
   5  R           -6.14263e+01   constant   
   6  A_CBO        3.78081e-04     fixed    
   7  w_CBO        2.32405e+00     fixed    
   8  phi_CBO      5.65127e+00     fixed    
   9  ANx2         5.09258e-04   constant   
  10  pNx2         1.79030e-01   constant   
  11  ANy1         0.00000e+00   constant   
  12  pNy1         0.00000e+00   constant   
  13  w_y          0.00000e+00   constant   
  14  ANy2         3.26338e-04     fixed    
  15  pNy2         6.17155e+00   constant   
  16  w_vw         1.43200e+01   constant   
  17  LM          -8.21731e-05   constant   
  18  wCBO_expCoeff   2.00953e+02   4.45948e-01   3.53872e-04  -3.45835e-03
  19  wCBO_expOffset   2.00175e+02   7.33284e-02   9.54510e-05  -1.27629e-02
  20  wCBO_expT    2.99280e+01   1.15315e-02   1.42708e-05   1.02033e-01
  21  wCBO_linCoeff   0.00000e+00   constant   
  22  wCBO_const   4.79049e-03   9.02359e-04   4.80238e-06  -5.43890e-01
 MIGRAD MINIMIZATION HAS CONVERGED.
 MIGRAD WILL VERIFY CONVERGENCE AND ERROR MATRIX.
 FCN=357.018 FROM MIGRAD    STATUS=CONVERGED      45 CALLS        1393 TOTAL
                     EDM=2.6157e-06    STRATEGY= 1      ERR MATRIX NOT POS-DEF
  EXT PARAMETER                APPROXIMATE        STEP         FIRST   
  NO.   NAME      VALUE            ERROR          SIZE      DERIVATIVE 
   1  N0           2.93435e+06     fixed    
   2  tau          6.44064e+01   constant   
   3  A0           3.50306e-01     fixed    
   4  phi          4.11583e+00     fixed    
   5  R           -6.14263e+01   constant   
   6  A_CBO        3.78081e-04     fixed    
   7  w_CBO        2.32405e+00     fixed    
   8  phi_CBO      5.65127e+00     fixed    
   9  ANx2         5.09258e-04   constant   
  10  pNx2         1.79030e-01   constant   
  11  ANy1         0.00000e+00   constant   
  12  pNy1         0.00000e+00   constant   
  13  w_y          0.00000e+00   constant   
  14  ANy2         3.26338e-04     fixed    
  15  pNy2         6.17155e+00   constant   
  16  w_vw         1.43200e+01   constant   
  17  LM          -8.21731e-05   constant   
  18  wCBO_expCoeff   2.00953e+02   4.49400e-01   3.55751e-04   5.25271e-03
  19  wCBO_expOffset   2.00175e+02   7.38681e-02   9.54510e-05   3.53736e-02
  20  wCBO_expT    2.99280e+01   1.15545e-02   1.42708e-05   3.28648e-01
  21  wCBO_linCoeff   0.00000e+00   constant   
  22  wCBO_const   4.79060e-03   8.62411e-04   4.80499e-06   2.94192e-01
 EXTERNAL ERROR MATRIX.    NDIM=  25    NPAR=  4    ERR DEF=1
  2.020e-01 -2.819e-02 -5.215e-04  1.880e-05 
 -2.819e-02  5.457e-03 -3.673e-04  1.461e-05 
 -5.215e-04 -3.673e-04  1.335e-04 -6.197e-06 
  1.880e-05  1.461e-05 -6.197e-06  7.438e-07 
ERR MATRIX NOT POS-DEF
 PARAMETER  CORRELATION COEFFICIENTS  
       NO.  GLOBAL     18     19     20     22
       18  0.99637   1.000 -0.849 -0.100  0.049
       19  0.99702  -0.849  1.000 -0.430  0.229
       20  0.99114  -0.100 -0.430  1.000 -0.622
       22  0.80048   0.049  0.229 -0.622  1.000
 ERR MATRIX NOT POS-DEF
MINUIT - FIT ONLY 2-y
 **********
 **   76 **RES 
 **********
                   PARAMETER   14  ANy2 RESTORED TO VARIABLE.
                   PARAMETER    8  phi_CBO RESTORED TO VARIABLE.
                   PARAMETER    7  w_CBO RESTORED TO VARIABLE.
                   PARAMETER    6  A_CBO RESTORED TO VARIABLE.
                   PARAMETER    4  phi RESTORED TO VARIABLE.
                   PARAMETER    3  A0 RESTORED TO VARIABLE.
                   PARAMETER    1  N0 RESTORED TO VARIABLE.
 **********
 **   77 **FIX            0
 **********
 PARAMETER    0  IS UNDEFINED. IGNORED.
 **********
 **   78 **FIX            1
 **********
 **********
 **   79 **FIX            2
 **********
 PARAMETER    2  IS CONSTANT.   IGNORED.
 **********
 **   80 **FIX            3
 **********
 **********
 **   81 **FIX            4
 **********
 **********
 **   82 **FIX            5
 **********
 PARAMETER    5  IS CONSTANT.   IGNORED.
 **********
 **   83 **FIX            6
 **********
 **********
 **   84 **FIX            7
 **********
 **********
 **   85 **FIX            8
 **********
 **********
 **   86 **FIX            9
 **********
 PARAMETER    9  IS CONSTANT.   IGNORED.
 **********
 **   87 **FIX           10
 **********
 PARAMETER   10  IS CONSTANT.   IGNORED.
 **********
 **   88 **FIX           11
 **********
 PARAMETER   11  IS CONSTANT.   IGNORED.
 **********
 **   89 **FIX           12
 **********
 PARAMETER   12  IS CONSTANT.   IGNORED.
 **********
 **   90 **FIX           16
 **********
 PARAMETER   16  IS CONSTANT.   IGNORED.
 **********
 **   91 **MIGRAD
 **********
 START MIGRAD MINIMIZATION.  STRATEGY  1.  CONVERGENCE WHEN EDM .LT. 1.00e-04
 FCN=357.018 FROM MIGRAD    STATUS=INITIATE       10 CALLS        1403 TOTAL
                     EDM= unknown      STRATEGY= 1      NO ERROR MATRIX       
  EXT PARAMETER               CURRENT GUESS       STEP         FIRST   
  NO.   NAME      VALUE            ERROR          SIZE      DERIVATIVE 
   1  N0           2.93435e+06     fixed    
   2  tau          6.44064e+01   constant   
   3  A0           3.50306e-01     fixed    
   4  phi          4.11583e+00     fixed    
   5  R           -6.14263e+01   constant   
   6  A_CBO        3.78081e-04     fixed    
   7  w_CBO        2.32405e+00     fixed    
   8  phi_CBO      5.65127e+00     fixed    
   9  ANx2         5.09258e-04   constant   
  10  pNx2         1.79030e-01   constant   
  11  ANy1         0.00000e+00   constant   
  12  pNy1         0.00000e+00   constant   
  13  w_y          0.00000e+00   constant   
  14  ANy2         3.26338e-04   4.81295e-04   4.81295e-04  -2.94713e+00
  15  pNy2         6.17155e+00   constant   
  16  w_vw         1.43200e+01   constant   
  17  LM          -8.21731e-05   constant   
  18  wCBO_expCoeff   2.00953e+02   4.49400e-01   3.55751e-04   5.33248e-03
  19  wCBO_expOffset   2.00175e+02   7.38681e-02   9.54510e-05   4.62526e-02
  20  wCBO_expT    2.99280e+01   1.15545e-02   1.42708e-05   3.37170e-01
  21  wCBO_linCoeff   0.00000e+00   constant   
  22  wCBO_const   4.79060e-03   8.62411e-04   4.80499e-06   2.99114e-01
 MIGRAD MINIMIZATION HAS CONVERGED.
 MIGRAD WILL VERIFY CONVERGENCE AND ERROR MATRIX.
 FCN=357.018 FROM MIGRAD    STATUS=CONVERGED      55 CALLS        1448 TOTAL
                     EDM=2.86279e-06    STRATEGY= 1      ERR MATRIX NOT POS-DEF
  EXT PARAMETER                APPROXIMATE        STEP         FIRST   
  NO.   NAME      VALUE            ERROR          SIZE      DERIVATIVE 
   1  N0           2.93435e+06     fixed    
   2  tau          6.44064e+01   constant   
   3  A0           3.50306e-01     fixed    
   4  phi          4.11583e+00     fixed    
   5  R           -6.14263e+01   constant   
   6  A_CBO        3.78081e-04     fixed    
   7  w_CBO        2.32405e+00     fixed    
   8  phi_CBO      5.65127e+00     fixed    
   9  ANx2         5.09258e-04   constant   
  10  pNx2         1.79030e-01   constant   
  11  ANy1         0.00000e+00   constant   
  12  pNy1         0.00000e+00   constant   
  13  w_y          0.00000e+00   constant   
  14  ANy2         3.26575e-04   4.80551e-04   4.44829e-06  -7.96993e-01
  15  pNy2         6.17155e+00   constant   
  16  w_vw         1.43200e+01   constant   
  17  LM          -8.21731e-05   constant   
  18  wCBO_expCoeff   2.00953e+02   4.49035e-01   3.55734e-04  -1.62716e-02
  19  wCBO_expOffset   2.00175e+02   7.38214e-02   9.54510e-05  -1.09282e-01
  20  wCBO_expT    2.99280e+01   1.15535e-02   1.42708e-05  -2.08391e-01
  21  wCBO_linCoeff   0.00000e+00   constant   
  22  wCBO_const   4.79057e-03   8.62383e-04   4.80493e-06  -8.55126e-01
 EXTERNAL ERROR MATRIX.    NDIM=  25    NPAR=  5    ERR DEF=1
  2.309e-07  1.502e-06  5.464e-07 -1.381e-07 -6.914e-09 
  1.502e-06  2.016e-01 -2.814e-02 -5.219e-04  1.873e-05 
  5.464e-07 -2.814e-02  5.450e-03 -3.673e-04  1.458e-05 
 -1.381e-07 -5.219e-04 -3.673e-04  1.335e-04 -6.187e-06 
 -6.914e-09  1.873e-05  1.458e-05 -6.187e-06  7.437e-07 
ERR MATRIX NOT POS-DEF
 PARAMETER  CORRELATION COEFFICIENTS  
       NO.  GLOBAL     14     18     19     20     22
       14  0.09166   1.000  0.007  0.015 -0.025 -0.017
       18  0.99636   0.007  1.000 -0.849 -0.101  0.048
       19  0.99701   0.015 -0.849  1.000 -0.431  0.229
       20  0.99114  -0.025 -0.101 -0.431  1.000 -0.621
       22  0.80046  -0.017  0.048  0.229 -0.621  1.000
 ERR MATRIX NOT POS-DEF
MINUIT - FIT ALTOGETHER
 **********
 **   92 **RES 
 **********
                   PARAMETER    8  phi_CBO RESTORED TO VARIABLE.
                   PARAMETER    7  w_CBO RESTORED TO VARIABLE.
                   PARAMETER    6  A_CBO RESTORED TO VARIABLE.
                   PARAMETER    4  phi RESTORED TO VARIABLE.
                   PARAMETER    3  A0 RESTORED TO VARIABLE.
