 + ++++++++++++++++++++++++++++++++++++++++++++++++++++++++++++++++++++ +
 +                                                                      +
 +           You have chose to blind your fitting according to          +
 +                omega_ref * (1 + (R +/- deltaR) *10^{-6})             +
 +                                                                      +
 + ++++++++++++++++++++++++++++++++++++++++++++++++++++++++++++++++++++ +
In main()...
reading format from /gm2data/zkhechad/run45/envelope/formats/formatB_sBin_constraintOn.txt
pBinTau 	= 0  
pBinPhi 	= 0  
constraintau 	= 1 
includeMopTerm 	= 0    
constrainMop    = 0   
Parameters after format file: pBinTau 0 pBinPhi 0 constraintau 1 includeMopTerm 0 constrainMop 0 c_e_scale 0.000000 
reading cbo reference file (full fit) from /gm2data/zkhechad/cboTemplates/Run4CBOTemplates/fullFits/run4/sBin_constraintOn_cE0.0_seed0_run4_calo11.root
A_CBO 0.010027 w_CBO 2.327222 phi_CBO 0.184420 N0 3062002.636939 R -61.179583 tau 64.395304 
Reading cboRef file /gm2data/zkhechad/cboTemplates/Run4CBOTemplates//cboIsolate/run4_calo11.root
deltaT 76.606062
windowBins = 510
fitting sliding window 980 from bin 1183 at 176.503600 to bin 1693 at 252.595600 (510 bins)

Reading data from /gm2data/cornell/histograms/aMethod/histogram_a_run4.root
fitting cbo isolate
 **********
 **    1 **SET PRINTOUT            1
 **********
 **********
 **    2 **SET NOWARNINGS 
 **********
 PARAMETER DEFINITIONS:
    NO.   NAME         VALUE      STEP SIZE      LIMITS
     1 A_CBO        1.00270e-02  1.00000e-05     no limits
     2 w_CBO        2.32722e+00  1.00000e-02    2.00000e+00  3.00000e+00
     3 phi_CBO      1.84420e-01  1.00000e-02    0.00000e+00  6.28319e+00
 **********
 **    3 **MIGRAD
 **********
 FIRST CALL TO USER FUNCTION AT NEW START POINT, WITH IFLAG=4.
 START MIGRAD MINIMIZATION.  STRATEGY  1.  CONVERGENCE WHEN EDM .LT. 1.00e-04
 FCN=0.0128493 FROM MIGRAD    STATUS=INITIATE       12 CALLS          13 TOTAL
                     EDM= unknown      STRATEGY= 1      NO ERROR MATRIX       
  EXT PARAMETER               CURRENT GUESS       STEP         FIRST   
  NO.   NAME      VALUE            ERROR          SIZE      DERIVATIVE 
   1  A_CBO        1.00270e-02   1.00000e-05   1.00000e-05   3.28636e+00
   2  w_CBO        2.32722e+00   1.00000e-02   2.13152e-02  -5.47277e-02
   3  phi_CBO      1.84420e-01   1.00000e-02   9.43260e-03   5.85690e-04
 MIGRAD MINIMIZATION HAS CONVERGED.
 MIGRAD WILL VERIFY CONVERGENCE AND ERROR MATRIX.
 FCN=0.00225692 FROM MIGRAD    STATUS=CONVERGED      41 CALLS          42 TOTAL
                     EDM=1.89172e-06    STRATEGY= 1      ERR MATRIX NOT POS-DEF
  EXT PARAMETER                APPROXIMATE        STEP         FIRST   
  NO.   NAME      VALUE            ERROR          SIZE      DERIVATIVE 
   1  A_CBO        3.58340e-03   6.19789e-02   3.06019e-05  -6.28332e-04
   2  w_CBO        2.32736e+00   5.72922e-01   8.52879e-05   1.11085e-02
   3  phi_CBO      1.57429e-01   6.03607e+00   8.94009e-03  -1.07181e-04
 EXTERNAL ERROR MATRIX.    NDIM=  25    NPAR=  3    ERR DEF=1
  3.841e-03 -1.017e-02 -2.206e+00 
 -1.017e-02  1.648e+00  3.606e+02 
 -2.206e+00  3.606e+02  7.925e+04 
ERR MATRIX NOT POS-DEF
 PARAMETER  CORRELATION COEFFICIENTS  
       NO.  GLOBAL      1      2      3
        1  0.12899   1.000 -0.128 -0.126
        2  0.99804  -0.128  1.000  0.998
        3  0.99804  -0.126  0.998  1.000
 ERR MATRIX NOT POS-DEF
setting A_CBO=0.003583 w_CBO=2.327362, phi_CBO=0.157429
done fitting cbo isolate
 **********
 **    1 **SET PRINTOUT            1
 **********
 **********
 **    2 **SET NOWARNINGS 
 **********
 PARAMETER DEFINITIONS:
    NO.   NAME         VALUE      STEP SIZE      LIMITS
     1 N0           3.06200e+06  1.00000e+02     no limits
     2 tau          6.43953e+01  constant
     3 A0           3.42893e-01  1.00000e-04     no limits
     4 phi          4.11802e+00  1.00000e-02     no limits
     5 R           -6.11796e+01  constant
     6 A_CBO        3.58340e-03  1.00000e-05     no limits
     7 w_CBO        2.32736e+00  1.00000e-03     no limits
     8 phi_CBO      1.57429e-01  1.00000e-04     no limits
     9 ANx2         4.90616e-04  constant
    10 pNx2         2.30674e+00  constant
    11 ANy1         0.00000e+00  constant
    12 pNy1         0.00000e+00  constant
    13 w_y          0.00000e+00  constant
    14 ANy2         9.23997e-03  1.00000e-04     no limits
    15 pNy2         3.41148e-01  constant
    16 w_vw         1.43130e+01  constant
    17 LM          -3.45991e-04  constant
    18 wCBO_expCoeff   2.00000e+02  1.00000e+00     no limits
    19 wCBO_expOffset   2.00000e+02  1.00000e+00     no limits
    20 wCBO_expT    3.00000e+01  1.00000e+00     no limits
    21 wCBO_linCoeff   0.00000e+00  constant
    22 wCBO_const   0.00000e+00  1.00000e-02     no limits
MINUIT - FIT ONLY WIGGLE
 **********
 **    3 **FIX            5
 **********
 PARAMETER    5  IS CONSTANT.   IGNORED.
 **********
 **    4 **FIX            6
 **********
 **********
 **    5 **FIX            7
 **********
 **********
 **    6 **FIX            8
 **********
 **********
 **    7 **FIX            9
 **********
 PARAMETER    9  IS CONSTANT.   IGNORED.
 **********
 **    8 **FIX           10
 **********
 PARAMETER   10  IS CONSTANT.   IGNORED.
 **********
 **    9 **FIX           11
 **********
 PARAMETER   11  IS CONSTANT.   IGNORED.
 **********
 **   10 **FIX           12
 **********
 PARAMETER   12  IS CONSTANT.   IGNORED.
 **********
 **   11 **FIX           13
 **********
 PARAMETER   13  IS CONSTANT.   IGNORED.
 **********
 **   12 **FIX           14
 **********
 **********
 **   13 **FIX           15
 **********
 PARAMETER   15  IS CONSTANT.   IGNORED.
 **********
 **   14 **FIX           16
 **********
 PARAMETER   16  IS CONSTANT.   IGNORED.
 **********
 **   15 **MIGRAD
 **********
 FIRST CALL TO USER FUNCTION AT NEW START POINT, WITH IFLAG=4.
 START MIGRAD MINIMIZATION.  STRATEGY  1.  CONVERGENCE WHEN EDM .LT. 1.00e-04
 FCN=2538.27 FROM MIGRAD    STATUS=INITIATE       58 CALLS          59 TOTAL
                     EDM= unknown      STRATEGY= 1      NO ERROR MATRIX       
  EXT PARAMETER               CURRENT GUESS       STEP         FIRST   
  NO.   NAME      VALUE            ERROR          SIZE      DERIVATIVE 
   1  N0           3.06200e+06   1.00000e+02   0.00000e+00   3.38240e-03
   2  tau          6.43953e+01   constant   
   3  A0           3.42893e-01   1.00000e-04   0.00000e+00  -9.17864e+03
   4  phi          4.11802e+00   1.00000e-02   0.00000e+00  -2.27020e+02
   5  R           -6.11796e+01   constant   
   6  A_CBO        3.58340e-03     fixed    
   7  w_CBO        2.32736e+00     fixed    
   8  phi_CBO      1.57429e-01     fixed    
   9  ANx2         4.90616e-04   constant   
  10  pNx2         2.30674e+00   constant   
  11  ANy1         0.00000e+00   constant   
  12  pNy1         0.00000e+00   constant   
  13  w_y          0.00000e+00   constant   
  14  ANy2         9.23997e-03     fixed    
  15  pNy2         3.41148e-01   constant   
  16  w_vw         1.43130e+01   constant   
  17  LM          -3.45991e-04   constant   
  18  wCBO_expCoeff   2.00003e+02   1.00000e+00   3.49042e-03  -1.47916e+02
  19  wCBO_expOffset   2.00000e+02   1.00000e+00   0.00000e+00   9.20146e+03
  20  wCBO_expT    3.00000e+01   1.00000e+00   0.00000e+00   1.13749e+05
  21  wCBO_linCoeff   0.00000e+00   constant   
  22  wCBO_const   0.00000e+00   1.00000e-02   0.00000e+00   2.22048e+04
 MIGRAD FAILS TO FIND IMPROVEMENT
 COVARIANCE MATRIX CALCULATED SUCCESSFULLY
 FCN=2486.48 FROM HESSE     STATUS=OK             52 CALLS         214 TOTAL
                     EDM=91.5753    STRATEGY= 1      ERROR MATRIX ACCURATE 
  EXT PARAMETER                                   STEP         FIRST   
  NO.   NAME      VALUE            ERROR          SIZE      DERIVATIVE 
   1  N0           3.06227e+06   4.73081e+02   1.12967e+01   6.77264e-03
   2  tau          6.43953e+01   constant   
   3  A0           3.43034e-01   2.06736e-04   4.99878e-06  -1.06873e+03
   4  phi          4.11749e+00   6.20673e-04   1.50858e-05  -1.25488e+03
   5  R           -6.11796e+01   constant   
   6  A_CBO        3.58340e-03     fixed    
   7  w_CBO        2.32736e+00     fixed    
   8  phi_CBO      1.57429e-01     fixed    
   9  ANx2         4.90616e-04   constant   
  10  pNx2         2.30674e+00   constant   
  11  ANy1         0.00000e+00   constant   
  12  pNy1         0.00000e+00   constant   
  13  w_y          0.00000e+00   constant   
  14  ANy2         9.23997e-03     fixed    
  15  pNy2         3.41148e-01   constant   
  16  w_vw         1.43130e+01   constant   
  17  LM          -3.45991e-04   constant   
  18  wCBO_expCoeff   2.00008e+02   6.36545e-04   9.53712e-05   1.11674e+04
  19  wCBO_expOffset   2.00000e+02   6.93496e-05   9.53676e-05   7.43008e+04
  20  wCBO_expT    3.00004e+01   9.56845e-05   1.43053e-05  -1.80903e+05
  21  wCBO_linCoeff   0.00000e+00   constant   
  22  wCBO_const  -7.43786e-03   5.16729e-04   5.50042e-06  -2.61844e+03
 MIGRAD FAILS TO FIND IMPROVEMENT
 MIGRAD TERMINATED WITHOUT CONVERGENCE.
 FCN=2306.57 FROM MIGRAD    STATUS=FAILED        380 CALLS         381 TOTAL
                     EDM=0.064851    STRATEGY= 1  ERROR MATRIX UNCERTAINTY   2.2 per cent
  EXT PARAMETER                APPROXIMATE        STEP         FIRST   
  NO.   NAME      VALUE            ERROR          SIZE      DERIVATIVE 
   1  N0           3.06133e+06   4.62151e+02   0.00000e+00  -5.27586e-05
   2  tau          6.43953e+01   constant   
   3  A0           3.42982e-01   2.05588e-04   0.00000e+00  -3.98178e+02
   4  phi          4.11842e+00   6.27413e-04  -0.00000e+00   1.35241e+02
   5  R           -6.11796e+01   constant   
   6  A_CBO        3.58340e-03     fixed    
   7  w_CBO        2.32736e+00     fixed    
   8  phi_CBO      1.57429e-01     fixed    
   9  ANx2         4.90616e-04   constant   
  10  pNx2         2.30674e+00   constant   
  11  ANy1         0.00000e+00   constant   
  12  pNy1         0.00000e+00   constant   
  13  w_y          0.00000e+00   constant   
  14  ANy2         9.23997e-03     fixed    
  15  pNy2         3.41148e-01   constant   
  16  w_vw         1.43130e+01   constant   
  17  LM          -3.45991e-04   constant   
  18  wCBO_expCoeff   2.00028e+02   9.87078e-04   0.00000e+00  -1.22941e+03
  19  wCBO_expOffset   2.00000e+02   7.85659e-05  -0.00000e+00   6.44448e+03
  20  wCBO_expT    3.00041e+01   1.62478e-04  -0.00000e+00   3.18486e+03
  21  wCBO_linCoeff   0.00000e+00   constant   
  22  wCBO_const  -2.16734e-02   8.22323e-04   0.00000e+00  -8.23210e+02
 EXTERNAL ERROR MATRIX.    NDIM=  25    NPAR=  7    ERR DEF=1
  2.136e+05  6.875e-03  5.870e-03  5.201e-02 -8.362e-03  7.856e-04 -1.204e-03 
  6.875e-03  4.227e-08 -3.012e-09 -8.608e-09 -3.506e-10 -1.482e-09  2.725e-09 
  5.870e-03 -3.012e-09  3.936e-07 -8.898e-08  1.877e-08  3.395e-09 -2.565e-08 
  5.201e-02 -8.608e-09 -8.898e-08  9.743e-07 -1.650e-08  1.465e-07 -6.555e-07 
 -8.362e-03 -3.506e-10  1.877e-08 -1.650e-08  6.173e-09  1.624e-09 -2.358e-08 
  7.856e-04 -1.482e-09  3.395e-09  1.465e-07  1.624e-09  2.640e-08 -1.222e-07 
 -1.204e-03  2.725e-09 -2.565e-08 -6.555e-07 -2.358e-08 -1.222e-07  6.762e-07 
ERR MATRIX APPROXIMATE
 PARAMETER  CORRELATION COEFFICIENTS  
       NO.  GLOBAL      1      3      4     18     19     20     22
        1  0.33487   1.000  0.072  0.020  0.114 -0.230  0.010 -0.003
        3  0.18501   0.072  1.000 -0.023 -0.042 -0.022 -0.044  0.016
        4  0.47774   0.020 -0.023  1.000 -0.144  0.381  0.033 -0.050
       18  0.98761   0.114 -0.042 -0.144  1.000 -0.213  0.914 -0.808
       19  0.95460  -0.230 -0.022  0.381 -0.213  1.000  0.127 -0.365
       20  0.97303   0.010 -0.044  0.033  0.914  0.127  1.000 -0.915
       22  0.97840  -0.003  0.016 -0.050 -0.808 -0.365 -0.915  1.000
 ERR MATRIX APPROXIMATE
MINUIT - FIT ONLY 1-CBO + other amplitudes 
 **********
 **   16 **RES 
 **********
                   PARAMETER   14  ANy2 RESTORED TO VARIABLE.
                   PARAMETER    8  phi_CBO RESTORED TO VARIABLE.
                   PARAMETER    7  w_CBO RESTORED TO VARIABLE.
                   PARAMETER    6  A_CBO RESTORED TO VARIABLE.
 **********
 **   17 **FIX            0
 **********
 PARAMETER    0  IS UNDEFINED. IGNORED.
 **********
 **   18 **FIX            1
 **********
 **********
 **   19 **FIX            2
 **********
 PARAMETER    2  IS CONSTANT.   IGNORED.
 **********
 **   20 **FIX            3
 **********
 **********
 **   21 **FIX            4
 **********
 **********
 **   22 **FIX            9
 **********
 PARAMETER    9  IS CONSTANT.   IGNORED.
 **********
 **   23 **FIX           11
 **********
 PARAMETER   11  IS CONSTANT.   IGNORED.
 **********
 **   24 **FIX           12
 **********
 PARAMETER   12  IS CONSTANT.   IGNORED.
 **********
 **   25 **FIX           14
 **********
 **********
 **   26 **FIX           15
 **********
 PARAMETER   15  IS CONSTANT.   IGNORED.
 **********
 **   27 **FIX           16
 **********
 PARAMETER   16  IS CONSTANT.   IGNORED.
 **********
 **   28 **MIGRAD
 **********
 START MIGRAD MINIMIZATION.  STRATEGY  1.  CONVERGENCE WHEN EDM .LT. 1.00e-04
 FCN=2306.57 FROM MIGRAD    STATUS=INITIATE       22 CALLS         403 TOTAL
                     EDM= unknown      STRATEGY= 1      NO ERROR MATRIX       
  EXT PARAMETER               CURRENT GUESS       STEP         FIRST   
  NO.   NAME      VALUE            ERROR          SIZE      DERIVATIVE 
   1  N0           3.06133e+06     fixed    
   2  tau          6.43953e+01   constant   
   3  A0           3.42982e-01     fixed    
   4  phi          4.11842e+00     fixed    
   5  R           -6.11796e+01   constant   
   6  A_CBO        3.58340e-03   1.00000e-05   1.00000e-05   8.06005e+04
   7  w_CBO        2.32736e+00   1.00000e-03   1.00000e-03  -1.05969e+05
   8  phi_CBO      1.57429e-01   1.00000e-04   1.00000e-04  -4.35580e+01
   9  ANx2         4.90616e-04   constant   
  10  pNx2         2.30674e+00   constant   
  11  ANy1         0.00000e+00   constant   
  12  pNy1         0.00000e+00   constant   
  13  w_y          0.00000e+00   constant   
  14  ANy2         9.23997e-03     fixed    
  15  pNy2         3.41148e-01   constant   
  16  w_vw         1.43130e+01   constant   
  17  LM          -3.45991e-04   constant   
  18  wCBO_expCoeff   2.00028e+02   9.87078e-04   0.00000e+00  -1.22941e+03
  19  wCBO_expOffset   2.00000e+02   7.85659e-05  -0.00000e+00   6.44448e+03
  20  wCBO_expT    3.00041e+01   1.62478e-04  -0.00000e+00   3.18486e+03
  21  wCBO_linCoeff   0.00000e+00   constant   
  22  wCBO_const  -2.16734e-02   8.22323e-04   0.00000e+00  -8.23209e+02
 MIGRAD FAILS TO FIND IMPROVEMENT
 COVARIANCE MATRIX CALCULATED SUCCESSFULLY
 FCN=2211.62 FROM HESSE     STATUS=OK             54 CALLS         713 TOTAL
                     EDM=0.00178    STRATEGY= 1      ERROR MATRIX ACCURATE 
  EXT PARAMETER                                   STEP         FIRST   
  NO.   NAME      VALUE            ERROR          SIZE      DERIVATIVE 
   1  N0           3.06133e+06     fixed    
   2  tau          6.43953e+01   constant   
   3  A0           3.42982e-01     fixed    
   4  phi          4.11842e+00     fixed    
   5  R           -6.11796e+01   constant   
   6  A_CBO        1.75036e-03   2.58166e-04   4.87436e-06  -2.21490e+02
   7  w_CBO        2.32737e+00   2.30828e-05   1.10977e-06  -4.81104e+03
   8  phi_CBO      1.03278e+00   2.02804e-01   2.85422e-03   1.46635e-01
   9  ANx2         4.90616e-04   constant   
  10  pNx2         2.30674e+00   constant   
  11  ANy1         0.00000e+00   constant   
  12  pNy1         0.00000e+00   constant   
  13  w_y          0.00000e+00   constant   
  14  ANy2         9.23997e-03     fixed    
  15  pNy2         3.41148e-01   constant   
  16  w_vw         1.43130e+01   constant   
  17  LM          -3.45991e-04   constant   
  18  wCBO_expCoeff   2.00028e+02   1.98168e-03   9.53807e-05  -5.58339e+01
  19  wCBO_expOffset   2.00000e+02   9.08649e-05   9.53676e-05  -3.69535e+02
  20  wCBO_expT    3.00040e+01   2.61649e-04   1.43070e-05  -1.05073e+02
  21  wCBO_linCoeff   0.00000e+00   constant   
  22  wCBO_const  -2.07273e-02   1.67566e-03   4.54974e-06  -2.97215e+01
 MIGRAD FAILS TO FIND IMPROVEMENT
 MIGRAD TERMINATED WITHOUT CONVERGENCE.
 FCN=2211.62 FROM MIGRAD    STATUS=FAILED        397 CALLS         778 TOTAL
                     EDM=0.00120329    STRATEGY= 1  ERROR MATRIX UNCERTAINTY   0.9 per cent
  EXT PARAMETER                APPROXIMATE        STEP         FIRST   
  NO.   NAME      VALUE            ERROR          SIZE      DERIVATIVE 
   1  N0           3.06133e+06     fixed    
   2  tau          6.43953e+01   constant   
   3  A0           3.42982e-01     fixed    
   4  phi          4.11842e+00     fixed    
   5  R           -6.11796e+01   constant   
   6  A_CBO        1.75478e-03   2.24894e-04   0.00000e+00  -5.74179e+00
   7  w_CBO        2.32737e+00   2.28278e-05   0.00000e+00   1.65721e+02
   8  phi_CBO      1.02876e+00   1.99878e-01  -0.00000e+00  -3.17086e-02
   9  ANx2         4.90616e-04   constant   
  10  pNx2         2.30674e+00   constant   
  11  ANy1         0.00000e+00   constant   
  12  pNy1         0.00000e+00   constant   
  13  w_y          0.00000e+00   constant   
  14  ANy2         9.23997e-03     fixed    
  15  pNy2         3.41148e-01   constant   
  16  w_vw         1.43130e+01   constant   
  17  LM          -3.45991e-04   constant   
  18  wCBO_expCoeff   2.00028e+02   1.96660e-03   0.00000e+00   1.91282e+00
  19  wCBO_expOffset   2.00000e+02   1.12165e-04  -0.00000e+00   9.00776e+02
  20  wCBO_expT    3.00041e+01   1.98896e-04  -0.00000e+00   1.91307e+00
  21  wCBO_linCoeff   0.00000e+00   constant   
  22  wCBO_const  -2.07700e-02   1.24992e-03   0.00000e+00   8.90974e-01
 EXTERNAL ERROR MATRIX.    NDIM=  25    NPAR=  7    ERR DEF=1
  5.058e-08  6.017e-10 -1.379e-06  5.680e-08 -2.148e-08 -3.641e-09  2.777e-08 
  6.017e-10  5.211e-10 -5.506e-07 -3.158e-08 -3.871e-10  1.546e-09 -9.769e-09 
 -1.379e-06 -5.506e-07  3.995e-02 -4.844e-05  5.813e-06 -9.195e-06  9.584e-05 
  5.680e-08 -3.158e-08 -4.844e-05  3.868e-06 -3.597e-08  1.332e-07 -8.092e-07 
 -2.148e-08 -3.871e-10  5.813e-06 -3.597e-08  1.258e-08  2.500e-10 -4.514e-09 
 -3.641e-09  1.546e-09 -9.195e-06  1.332e-07  2.500e-10  3.956e-08 -2.325e-07 
  2.777e-08 -9.769e-09  9.584e-05 -8.092e-07 -4.514e-09 -2.325e-07  1.562e-06 
ERR MATRIX APPROXIMATE
 PARAMETER  CORRELATION COEFFICIENTS  
       NO.  GLOBAL      6      7      8     18     19     20     22
        6  0.89588   1.000  0.117 -0.031  0.128 -0.851 -0.081  0.099
        7  0.99695   0.117  1.000 -0.121 -0.703 -0.151  0.340 -0.342
        8  0.79206  -0.031 -0.121  1.000 -0.123  0.259 -0.231  0.384
       18  0.99694   0.128 -0.703 -0.123  1.000 -0.163  0.341 -0.329
       19  0.97379  -0.851 -0.151  0.259 -0.163  1.000  0.011 -0.032
       20  0.97989  -0.081  0.340 -0.231  0.341  0.011  1.000 -0.935
       22  0.98803   0.099 -0.342  0.384 -0.329 -0.032 -0.935  1.000
 ERR MATRIX APPROXIMATE
MINUIT - FIT ONLY 1-CBO
 **********
 **   29 **RES 
 **********
                   PARAMETER   14  ANy2 RESTORED TO VARIABLE.
                   PARAMETER    4  phi RESTORED TO VARIABLE.
                   PARAMETER    3  A0 RESTORED TO VARIABLE.
                   PARAMETER    1  N0 RESTORED TO VARIABLE.
 **********
 **   30 **FIX            0
 **********
 PARAMETER    0  IS UNDEFINED. IGNORED.
 **********
 **   31 **FIX            1
 **********
 **********
 **   32 **FIX            2
 **********
 PARAMETER    2  IS CONSTANT.   IGNORED.
 **********
 **   33 **FIX            3
 **********
 **********
 **   34 **FIX            4
 **********
 **********
 **   35 **FIX            8
 **********
 **********
 **   36 **FIX            9
 **********
 PARAMETER    9  IS CONSTANT.   IGNORED.
 **********
 **   37 **FIX           11
 **********
 PARAMETER   11  IS CONSTANT.   IGNORED.
 **********
 **   38 **FIX           12
 **********
 PARAMETER   12  IS CONSTANT.   IGNORED.
 **********
 **   39 **FIX           13
 **********
 PARAMETER   13  IS CONSTANT.   IGNORED.
 **********
 **   40 **FIX           15
 **********
 PARAMETER   15  IS CONSTANT.   IGNORED.
 **********
 **   41 **FIX           16
 **********
 PARAMETER   16  IS CONSTANT.   IGNORED.
 **********
 **   42 **MIGRAD
 **********
 START MIGRAD MINIMIZATION.  STRATEGY  1.  CONVERGENCE WHEN EDM .LT. 1.00e-04
 FCN=2211.62 FROM MIGRAD    STATUS=INITIATE       16 CALLS         794 TOTAL
                     EDM= unknown      STRATEGY= 1      NO ERROR MATRIX       
  EXT PARAMETER               CURRENT GUESS       STEP         FIRST   
  NO.   NAME      VALUE            ERROR          SIZE      DERIVATIVE 
   1  N0           3.06133e+06     fixed    
   2  tau          6.43953e+01   constant   
   3  A0           3.42982e-01     fixed    
   4  phi          4.11842e+00     fixed    
   5  R           -6.11796e+01   constant   
   6  A_CBO        1.75478e-03   2.24894e-04   0.00000e+00  -5.74180e+00
   7  w_CBO        2.32737e+00   2.28278e-05   0.00000e+00   1.65721e+02
   8  phi_CBO      1.02876e+00     fixed    
   9  ANx2         4.90616e-04   constant   
  10  pNx2         2.30674e+00   constant   
  11  ANy1         0.00000e+00   constant   
  12  pNy1         0.00000e+00   constant   
  13  w_y          0.00000e+00   constant   
  14  ANy2         9.23997e-03   1.00000e-04   1.00000e-04   3.82288e+05
  15  pNy2         3.41148e-01   constant   
  16  w_vw         1.43130e+01   constant   
  17  LM          -3.45991e-04   constant   
  18  wCBO_expCoeff   2.00028e+02   1.96660e-03   0.00000e+00   1.91282e+00
  19  wCBO_expOffset   2.00000e+02   1.12165e-04  -0.00000e+00   9.00776e+02
  20  wCBO_expT    3.00041e+01   1.98896e-04  -0.00000e+00   1.91307e+00
  21  wCBO_linCoeff   0.00000e+00   constant   
  22  wCBO_const  -2.07700e-02   1.24992e-03   0.00000e+00   8.90893e-01
 CALL LIMIT EXCEEDED IN MIGRAD.
 MIGRAD TERMINATED WITHOUT CONVERGENCE.
 FCN=461.77 FROM MIGRAD    STATUS=CALL LIMIT   1161 CALLS        1939 TOTAL
                     EDM=0.0998415    STRATEGY= 1  ERROR MATRIX UNCERTAINTY   0.2 per cent
  EXT PARAMETER                APPROXIMATE        STEP         FIRST   
  NO.   NAME      VALUE            ERROR          SIZE      DERIVATIVE 
   1  N0           3.06133e+06     fixed    
   2  tau          6.43953e+01   constant   
   3  A0           3.42982e-01     fixed    
   4  phi          4.11842e+00     fixed    
   5  R           -6.11796e+01   constant   
   6  A_CBO        1.87489e-04   2.19151e-04   3.41700e-07   4.14066e+03
   7  w_CBO        2.32737e+00   6.00861e-06   2.75222e-08   1.80304e+05
   8  phi_CBO      1.02876e+00     fixed    
   9  ANx2         4.90616e-04   constant   
  10  pNx2         2.30674e+00   constant   
  11  ANy1         0.00000e+00   constant   
  12  pNy1         0.00000e+00   constant   
  13  w_y          0.00000e+00   constant   
  14  ANy2         9.10375e-05   2.17078e-04   9.86673e-08   5.24548e+02
  15  pNy2         3.41148e-01   constant   
  16  w_vw         1.43130e+01   constant   
  17  LM          -3.45991e-04   constant   
  18  wCBO_expCoeff   2.00028e+02   5.25879e-04   2.41657e-06   2.09294e+03
  19  wCBO_expOffset   2.00001e+02   1.71580e-04   8.37336e-07   1.02463e+04
  20  wCBO_expT    3.00044e+01   2.61398e-04   1.06636e-06  -1.26031e+04
  21  wCBO_linCoeff   0.00000e+00   constant   
  22  wCBO_const  -2.19856e-02   1.89655e-03  -9.54766e-06   1.03128e+03
 EXTERNAL ERROR MATRIX.    NDIM=  25    NPAR=  7    ERR DEF=1
  4.803e-08  6.012e-10  5.704e-09  5.244e-08  1.701e-08  4.141e-08 -1.118e-07 
  6.012e-10  3.610e-11  1.873e-10  2.823e-09  9.608e-10  1.431e-09 -9.983e-09 
  5.704e-09  1.873e-10  4.712e-08  1.641e-08  5.588e-09  1.034e-08 -5.397e-08 
  5.244e-08  2.823e-09  1.641e-08  2.765e-07  8.426e-08  1.252e-07 -8.769e-07 
  1.701e-08  9.608e-10  5.588e-09  8.426e-08  2.944e-08  4.083e-08 -3.063e-07 
  4.141e-08  1.431e-09  1.034e-08  1.252e-07  4.083e-08  6.833e-08 -3.778e-07 
 -1.118e-07 -9.983e-09 -5.397e-08 -8.769e-07 -3.063e-07 -3.778e-07  3.597e-06 
ERR MATRIX APPROXIMATE
 PARAMETER  CORRELATION COEFFICIENTS  
       NO.  GLOBAL      6      7     14     18     19     20     22
        6  0.99607   1.000  0.457  0.120  0.455  0.452  0.723 -0.269
        7  0.99755   0.457  1.000  0.144  0.893  0.932  0.911 -0.876
       14  0.72374   0.120  0.144  1.000  0.144  0.150  0.182 -0.131
       18  0.99763   0.455  0.893  0.144  1.000  0.934  0.911 -0.879
       19  0.99916   0.452  0.932  0.150  0.934  1.000  0.910 -0.941
       20  0.99971   0.723  0.911  0.182  0.911  0.910  1.000 -0.762
       22  0.99865  -0.269 -0.876 -0.131 -0.879 -0.941 -0.762  1.000
 ERR MATRIX APPROXIMATE
MINUIT - FIT ONLY 2-CBO
 **********
 **   43 **RES 
 **********
                   PARAMETER    8  phi_CBO RESTORED TO VARIABLE.
                   PARAMETER    4  phi RESTORED TO VARIABLE.
                   PARAMETER    3  A0 RESTORED TO VARIABLE.
                   PARAMETER    1  N0 RESTORED TO VARIABLE.
 **********
 **   44 **FIX            0
 **********
 PARAMETER    0  IS UNDEFINED. IGNORED.
 **********
 **   45 **FIX            1
 **********
 **********
 **   46 **FIX            2
 **********
 PARAMETER    2  IS CONSTANT.   IGNORED.
 **********
 **   47 **FIX            3
 **********
 **********
 **   48 **FIX            4
 **********
 **********
 **   49 **FIX            5
 **********
 PARAMETER    5  IS CONSTANT.   IGNORED.
 **********
 **   50 **FIX            6
 **********
 **********
 **   51 **FIX            7
 **********
 **********
 **   52 **FIX           10
 **********
 PARAMETER   10  IS CONSTANT.   IGNORED.
 **********
 **   53 **FIX           11
 **********
 PARAMETER   11  IS CONSTANT.   IGNORED.
 **********
 **   54 **FIX           12
 **********
 PARAMETER   12  IS CONSTANT.   IGNORED.
 **********
 **   55 **FIX           13
 **********
 PARAMETER   13  IS CONSTANT.   IGNORED.
 **********
 **   56 **FIX           14
 **********
 **********
 **   57 **FIX           15
 **********
 PARAMETER   15  IS CONSTANT.   IGNORED.
 **********
 **   58 **FIX           16
 **********
 PARAMETER   16  IS CONSTANT.   IGNORED.
 **********
 **   59 **MIGRAD
 **********
 START MIGRAD MINIMIZATION.  STRATEGY  1.  CONVERGENCE WHEN EDM .LT. 1.00e-04
 FCN=461.77 FROM MIGRAD    STATUS=INITIATE       12 CALLS        1951 TOTAL
                     EDM= unknown      STRATEGY= 1      NO ERROR MATRIX       
  EXT PARAMETER               CURRENT GUESS       STEP         FIRST   
  NO.   NAME      VALUE            ERROR          SIZE      DERIVATIVE 
   1  N0           3.06133e+06     fixed    
   2  tau          6.43953e+01   constant   
   3  A0           3.42982e-01     fixed    
   4  phi          4.11842e+00     fixed    
   5  R           -6.11796e+01   constant   
   6  A_CBO        1.87489e-04     fixed    
   7  w_CBO        2.32737e+00     fixed    
   8  phi_CBO      1.02876e+00   1.99878e-01   1.99878e-01   2.82765e+00
   9  ANx2         4.90616e-04   constant   
  10  pNx2         2.30674e+00   constant   
  11  ANy1         0.00000e+00   constant   
  12  pNy1         0.00000e+00   constant   
  13  w_y          0.00000e+00   constant   
  14  ANy2         9.10375e-05     fixed    
  15  pNy2         3.41148e-01   constant   
  16  w_vw         1.43130e+01   constant   
  17  LM          -3.45991e-04   constant   
  18  wCBO_expCoeff   2.00028e+02   5.25879e-04   2.41657e-06   2.09294e+03
  19  wCBO_expOffset   2.00001e+02   1.71580e-04   8.37336e-07   1.02463e+04
  20  wCBO_expT    3.00044e+01   2.61398e-04   1.06636e-06  -1.26031e+04
  21  wCBO_linCoeff   0.00000e+00   constant   
  22  wCBO_const  -2.19856e-02   1.89655e-03  -9.54766e-06   1.03128e+03
 MIGRAD FAILS TO FIND IMPROVEMENT
 COVARIANCE MATRIX CALCULATED SUCCESSFULLY
 FCN=459.222 FROM HESSE     STATUS=OK             33 CALLS        2097 TOTAL
                     EDM=0.00324959    STRATEGY= 1      ERROR MATRIX ACCURATE 
  EXT PARAMETER                                   STEP         FIRST   
  NO.   NAME      VALUE            ERROR          SIZE      DERIVATIVE 
   1  N0           3.06133e+06     fixed    
   2  tau          6.43953e+01   constant   
   3  A0           3.42982e-01     fixed    
   4  phi          4.11842e+00     fixed    
   5  R           -6.11796e+01   constant   
   6  A_CBO        1.87489e-04     fixed    
   7  w_CBO        2.32737e+00     fixed    
   8  phi_CBO     -3.53244e-01   9.22702e-01   8.86065e-03  -2.94398e-02
   9  ANx2         4.90616e-04   constant   
  10  pNx2         2.30674e+00   constant   
  11  ANy1         0.00000e+00   constant   
  12  pNy1         0.00000e+00   constant   
  13  w_y          0.00000e+00   constant   
  14  ANy2         9.10375e-05     fixed    
  15  pNy2         3.41148e-01   constant   
  16  w_vw         1.43130e+01   constant   
  17  LM          -3.45991e-04   constant   
  18  wCBO_expCoeff   2.00028e+02   1.85070e-03   9.53808e-05  -2.05332e+02
  19  wCBO_expOffset   2.00001e+02   1.04058e-04   9.53677e-05  -1.37307e+03
  20  wCBO_expT    3.00045e+01   3.16162e-04   1.43072e-05   5.80792e+02
  21  wCBO_linCoeff   0.00000e+00   constant   
  22  wCBO_const  -2.27643e-02   1.67515e-03   4.59653e-06  -2.02377e+02
 MIGRAD FAILS TO FIND IMPROVEMENT
 MIGRAD TERMINATED WITHOUT CONVERGENCE.
 FCN=459.219 FROM MIGRAD    STATUS=FAILED        181 CALLS        2120 TOTAL
                     EDM=0.00207583    STRATEGY= 1  ERROR MATRIX UNCERTAINTY   1.8 per cent
  EXT PARAMETER                APPROXIMATE        STEP         FIRST   
  NO.   NAME      VALUE            ERROR          SIZE      DERIVATIVE 
   1  N0           3.06133e+06     fixed    
   2  tau          6.43953e+01   constant   
   3  A0           3.42982e-01     fixed    
   4  phi          4.11842e+00     fixed    
   5  R           -6.11796e+01   constant   
   6  A_CBO        1.87489e-04     fixed    
   7  w_CBO        2.32737e+00     fixed    
   8  phi_CBO     -3.34362e-01   9.57752e-01   0.00000e+00   1.01298e-03
   9  ANx2         4.90616e-04   constant   
  10  pNx2         2.30674e+00   constant   
  11  ANy1         0.00000e+00   constant   
  12  pNy1         0.00000e+00   constant   
  13  w_y          0.00000e+00   constant   
  14  ANy2         9.10375e-05     fixed    
  15  pNy2         3.41148e-01   constant   
  16  w_vw         1.43130e+01   constant   
  17  LM          -3.45991e-04   constant   
  18  wCBO_expCoeff   2.00028e+02   1.90148e-03  -0.00000e+00   2.96955e+01
  19  wCBO_expOffset   2.00001e+02   8.10440e-05   0.00000e+00  -7.58246e+02
  20  wCBO_expT    3.00045e+01   3.01528e-04   0.00000e+00  -4.56157e+01
  21  wCBO_linCoeff   0.00000e+00   constant   
  22  wCBO_const  -2.26912e-02   1.61476e-03   0.00000e+00   2.24094e+01
 EXTERNAL ERROR MATRIX.    NDIM=  25    NPAR=  5    ERR DEF=1
  9.173e-01  2.290e-04  2.537e-05  7.518e-05 -5.559e-05 
  2.290e-04  3.616e-06  2.285e-09  5.215e-07 -2.877e-06 
  2.537e-05  2.285e-09  6.568e-09  6.111e-09 -1.033e-08 
  7.518e-05  5.215e-07  6.111e-09  9.092e-08 -3.898e-07 
 -5.559e-05 -2.877e-06 -1.033e-08 -3.898e-07  2.607e-06 
ERR MATRIX APPROXIMATE
 PARAMETER  CORRELATION COEFFICIENTS  
       NO.  GLOBAL      8     18     19     20     22
        8  0.46125   1.000  0.126  0.327  0.260 -0.036
       18  0.98571   0.126  1.000  0.015  0.910 -0.937
       19  0.72908   0.327  0.015  1.000  0.250 -0.079
       20  0.95981   0.260  0.910  0.250  1.000 -0.801
       22  0.96177  -0.036 -0.937 -0.079 -0.801  1.000
 ERR MATRIX APPROXIMATE
MINUIT - FIT ONLY 1-y
 **********
 **   60 **RES 
 **********
                   PARAMETER   14  ANy2 RESTORED TO VARIABLE.
                   PARAMETER    7  w_CBO RESTORED TO VARIABLE.
                   PARAMETER    6  A_CBO RESTORED TO VARIABLE.
                   PARAMETER    4  phi RESTORED TO VARIABLE.
                   PARAMETER    3  A0 RESTORED TO VARIABLE.
                   PARAMETER    1  N0 RESTORED TO VARIABLE.
 **********
 **   61 **FIX            0
 **********
 PARAMETER    0  IS UNDEFINED. IGNORED.
 **********
 **   62 **FIX            1
 **********
 **********
 **   63 **FIX            2
 **********
 PARAMETER    2  IS CONSTANT.   IGNORED.
 **********
 **   64 **FIX            3
 **********
 **********
 **   65 **FIX            4
 **********
 **********
 **   66 **FIX            5
 **********
 PARAMETER    5  IS CONSTANT.   IGNORED.
 **********
 **   67 **FIX            6
 **********
 **********
 **   68 **FIX            7
 **********
 **********
 **   69 **FIX            8
 **********
 **********
 **   70 **FIX            9
 **********
 PARAMETER    9  IS CONSTANT.   IGNORED.
 **********
 **   71 **FIX           13
 **********
 PARAMETER   13  IS CONSTANT.   IGNORED.
 **********
 **   72 **FIX           14
 **********
 **********
 **   73 **FIX           15
 **********
 PARAMETER   15  IS CONSTANT.   IGNORED.
 **********
 **   74 **FIX           16
 **********
 PARAMETER   16  IS CONSTANT.   IGNORED.
 **********
 **   75 **MIGRAD
 **********
 START MIGRAD MINIMIZATION.  STRATEGY  1.  CONVERGENCE WHEN EDM .LT. 1.00e-04
 FCN=459.219 FROM MIGRAD    STATUS=INITIATE        8 CALLS        2128 TOTAL
                     EDM= unknown      STRATEGY= 1      NO ERROR MATRIX       
  EXT PARAMETER               CURRENT GUESS       STEP         FIRST   
  NO.   NAME      VALUE            ERROR          SIZE      DERIVATIVE 
   1  N0           3.06133e+06     fixed    
   2  tau          6.43953e+01   constant   
   3  A0           3.42982e-01     fixed    
   4  phi          4.11842e+00     fixed    
   5  R           -6.11796e+01   constant   
   6  A_CBO        1.87489e-04     fixed    
   7  w_CBO        2.32737e+00     fixed    
   8  phi_CBO     -3.34362e-01     fixed    
   9  ANx2         4.90616e-04   constant   
  10  pNx2         2.30674e+00   constant   
  11  ANy1         0.00000e+00   constant   
  12  pNy1         0.00000e+00   constant   
  13  w_y          0.00000e+00   constant   
  14  ANy2         9.10375e-05     fixed    
  15  pNy2         3.41148e-01   constant   
  16  w_vw         1.43130e+01   constant   
  17  LM          -3.45991e-04   constant   
  18  wCBO_expCoeff   2.00028e+02   1.90148e-03  -0.00000e+00   2.96955e+01
  19  wCBO_expOffset   2.00001e+02   8.10440e-05   0.00000e+00  -7.58246e+02
  20  wCBO_expT    3.00045e+01   3.01528e-04   0.00000e+00  -4.56157e+01
  21  wCBO_linCoeff   0.00000e+00   constant   
  22  wCBO_const  -2.26912e-02   1.61476e-03   0.00000e+00   2.24094e+01
 MIGRAD FAILS TO FIND IMPROVEMENT
 COVARIANCE MATRIX CALCULATED SUCCESSFULLY
 FCN=459.219 FROM HESSE     STATUS=OK             29 CALLS        2166 TOTAL
                     EDM=0.000110574    STRATEGY= 1      ERROR MATRIX ACCURATE 
  EXT PARAMETER                                   STEP         FIRST   
  NO.   NAME      VALUE            ERROR          SIZE      DERIVATIVE 
   1  N0           3.06133e+06     fixed    
   2  tau          6.43953e+01   constant   
   3  A0           3.42982e-01     fixed    
   4  phi          4.11842e+00     fixed    
   5  R           -6.11796e+01   constant   
   6  A_CBO        1.87489e-04     fixed    
   7  w_CBO        2.32737e+00     fixed    
   8  phi_CBO     -3.34362e-01     fixed    
   9  ANx2         4.90616e-04   constant   
  10  pNx2         2.30674e+00   constant   
  11  ANy1         0.00000e+00   constant   
  12  pNy1         0.00000e+00   constant   
  13  w_y          0.00000e+00   constant   
  14  ANy2         9.10375e-05     fixed    
  15  pNy2         3.41148e-01   constant   
  16  w_vw         1.43130e+01   constant   
  17  LM          -3.45991e-04   constant   
  18  wCBO_expCoeff   2.00028e+02   1.74815e-03   9.53808e-05   3.37051e+01
  19  wCBO_expOffset   2.00001e+02   9.94808e-05   9.53677e-05   2.12944e+02
  20  wCBO_expT    3.00045e+01   2.91414e-04   1.43072e-05  -5.14815e+01
  21  wCBO_linCoeff   0.00000e+00   constant   
  22  wCBO_const  -2.26912e-02   1.60995e-03   4.60711e-06   2.24142e+01
 MIGRAD FAILS TO FIND IMPROVEMENT
 MIGRAD TERMINATED WITHOUT CONVERGENCE.
 FCN=459.219 FROM MIGRAD    STATUS=FAILED         77 CALLS        2197 TOTAL
                     EDM=0.000276433    STRATEGY= 1  ERROR MATRIX UNCERTAINTY  16.1 per cent
  EXT PARAMETER                APPROXIMATE        STEP         FIRST   
  NO.   NAME      VALUE            ERROR          SIZE      DERIVATIVE 
   1  N0           3.06133e+06     fixed    
   2  tau          6.43953e+01   constant   
   3  A0           3.42982e-01     fixed    
   4  phi          4.11842e+00     fixed    
   5  R           -6.11796e+01   constant   
   6  A_CBO        1.87489e-04     fixed    
   7  w_CBO        2.32737e+00     fixed    
   8  phi_CBO     -3.34362e-01     fixed    
   9  ANx2         4.90616e-04   constant   
  10  pNx2         2.30674e+00   constant   
  11  ANy1         0.00000e+00   constant   
  12  pNy1         0.00000e+00   constant   
  13  w_y          0.00000e+00   constant   
  14  ANy2         9.10375e-05     fixed    
  15  pNy2         3.41148e-01   constant   
  16  w_vw         1.43130e+01   constant   
  17  LM          -3.45991e-04   constant   
  18  wCBO_expCoeff   2.00028e+02   1.30582e-03   0.00000e+00  -1.34325e+01
  19  wCBO_expOffset   2.00001e+02   2.97416e-04   0.00000e+00  -1.01735e+03
  20  wCBO_expT    3.00045e+01   3.40879e-04   0.00000e+00   3.95221e+01
  21  wCBO_linCoeff   0.00000e+00   constant   
  22  wCBO_const  -2.26803e-02   2.02446e-03  -0.00000e+00  -7.54695e+00
 EXTERNAL ERROR MATRIX.    NDIM=  25    NPAR=  4    ERR DEF=1
  1.705e-06  5.120e-08  3.485e-07 -1.613e-06 
  5.120e-08  8.846e-08  6.994e-08 -4.944e-07 
  3.485e-07  6.994e-08  1.162e-07 -6.003e-07 
 -1.613e-06 -4.944e-07 -6.003e-07  4.098e-06 
ERR MATRIX APPROXIMATE
 PARAMETER  CORRELATION COEFFICIENTS  
       NO.  GLOBAL     18     19     20     22
       18  0.99956   1.000  0.132  0.783 -0.610
       19  0.99961   0.132  1.000  0.690 -0.821
       20  0.99950   0.783  0.690  1.000 -0.870
       22  0.99905  -0.610 -0.821 -0.870  1.000
 ERR MATRIX APPROXIMATE
MINUIT - FIT ONLY 2-y
 **********
 **   76 **RES 
 **********
                   PARAMETER   14  ANy2 RESTORED TO VARIABLE.
                   PARAMETER    8  phi_CBO RESTORED TO VARIABLE.
                   PARAMETER    7  w_CBO RESTORED TO VARIABLE.
                   PARAMETER    6  A_CBO RESTORED TO VARIABLE.
                   PARAMETER    4  phi RESTORED TO VARIABLE.
                   PARAMETER    3  A0 RESTORED TO VARIABLE.
                   PARAMETER    1  N0 RESTORED TO VARIABLE.
 **********
 **   77 **FIX            0
 **********
 PARAMETER    0  IS UNDEFINED. IGNORED.
 **********
 **   78 **FIX            1
 **********
 **********
 **   79 **FIX            2
 **********
 PARAMETER    2  IS CONSTANT.   IGNORED.
 **********
 **   80 **FIX            3
 **********
 **********
 **   81 **FIX            4
 **********
 **********
 **   82 **FIX            5
 **********
 PARAMETER    5  IS CONSTANT.   IGNORED.
 **********
 **   83 **FIX            6
 **********
 **********
 **   84 **FIX            7
 **********
 **********
 **   85 **FIX            8
 **********
 **********
 **   86 **FIX            9
 **********
 PARAMETER    9  IS CONSTANT.   IGNORED.
 **********
 **   87 **FIX           10
 **********
 PARAMETER   10  IS CONSTANT.   IGNORED.
 **********
 **   88 **FIX           11
 **********
 PARAMETER   11  IS CONSTANT.   IGNORED.
 **********
 **   89 **FIX           12
 **********
 PARAMETER   12  IS CONSTANT.   IGNORED.
 **********
 **   90 **FIX           16
 **********
 PARAMETER   16  IS CONSTANT.   IGNORED.
 **********
 **   91 **MIGRAD
 **********
 START MIGRAD MINIMIZATION.  STRATEGY  1.  CONVERGENCE WHEN EDM .LT. 1.00e-04
 FCN=459.219 FROM MIGRAD    STATUS=INITIATE       10 CALLS        2207 TOTAL
