 + ++++++++++++++++++++++++++++++++++++++++++++++++++++++++++++++++++++ +
 +                                                                      +
 +           You have chose to blind your fitting according to          +
 +                omega_ref * (1 + (R +/- deltaR) *10^{-6})             +
 +                                                                      +
 + ++++++++++++++++++++++++++++++++++++++++++++++++++++++++++++++++++++ +
In main()...
reading format from /gm2data/zkhechad/run45/envelope/formats/formatB_sBin_constraintOn.txt
pBinTau 	= 0  
pBinPhi 	= 0  
constraintau 	= 1 
includeMopTerm 	= 0    
constrainMop    = 0   
Parameters after format file: pBinTau 0 pBinPhi 0 constraintau 1 includeMopTerm 0 constrainMop 0 c_e_scale 0.000000 
reading cbo reference file (full fit) from /gm2data/zkhechad/cboTemplates/Run4CBOTemplates/fullFits/run4/sBin_constraintOn_cE0.0_seed0_run4_calo3.root
A_CBO 0.008872 w_CBO 2.326183 phi_CBO 4.278101 N0 2792933.794534 R -61.131445 tau 64.392950 
Reading cboRef file /gm2data/zkhechad/cboTemplates/Run4CBOTemplates//cboIsolate/run4_calo3.root
deltaT 164.120000
windowBins = 1100
fitting sliding window 2160 from bin 2363 at 352.559600 to bin 3463 at 516.679600 (1100 bins)

Reading data from /gm2data/cornell/histograms/aMethod/histogram_a_run4.root
fitting cbo isolate
 **********
 **    1 **SET PRINTOUT            1
 **********
 **********
 **    2 **SET NOWARNINGS 
 **********
 PARAMETER DEFINITIONS:
    NO.   NAME         VALUE      STEP SIZE      LIMITS
     1 A_CBO        8.87236e-03  1.00000e-05     no limits
     2 w_CBO        2.32618e+00  1.00000e-02    2.00000e+00  3.00000e+00
     3 phi_CBO      4.27810e+00  1.00000e-02    0.00000e+00  6.28319e+00
 **********
 **    3 **MIGRAD
 **********
 FIRST CALL TO USER FUNCTION AT NEW START POINT, WITH IFLAG=4.
 START MIGRAD MINIMIZATION.  STRATEGY  1.  CONVERGENCE WHEN EDM .LT. 1.00e-04
 FCN=0.196054 FROM MIGRAD    STATUS=INITIATE       12 CALLS          13 TOTAL
                     EDM= unknown      STRATEGY= 1      NO ERROR MATRIX       
  EXT PARAMETER               CURRENT GUESS       STEP         FIRST   
  NO.   NAME      VALUE            ERROR          SIZE      DERIVATIVE 
   1  A_CBO        8.87236e-03   1.00000e-05   1.00000e-05   7.39157e+00
   2  w_CBO        2.32618e+00   1.00000e-02   2.13326e-02   1.58676e+00
   3  phi_CBO      4.27810e+00   1.00000e-02   3.41436e-03  -1.91154e-02
 MIGRAD MINIMIZATION HAS CONVERGED.
 MIGRAD WILL VERIFY CONVERGENCE AND ERROR MATRIX.
 COVARIANCE MATRIX CALCULATED SUCCESSFULLY
 FCN=0.170955 FROM HESSE     STATUS=OK             16 CALLS          58 TOTAL
                     EDM=0.000340097    STRATEGY= 1      ERROR MATRIX ACCURATE 
  EXT PARAMETER                                   STEP         FIRST   
  NO.   NAME      VALUE            ERROR          SIZE      DERIVATIVE 
   1  A_CBO        2.26766e-03   4.66005e-02   2.25444e-05  -3.26606e-03
   2  w_CBO        2.32578e+00   3.32609e-01   4.81330e-05   4.40265e-02
   3  phi_CBO      4.39212e+00   5.06525e+00   3.63505e-03   3.54237e-05
 MIGRAD MINIMIZATION HAS CONVERGED.
 MIGRAD WILL VERIFY CONVERGENCE AND ERROR MATRIX.
 COVARIANCE MATRIX CALCULATED SUCCESSFULLY
 FCN=0.170648 FROM MIGRAD    STATUS=CONVERGED     114 CALLS         115 TOTAL
                     EDM=7.40527e-06    STRATEGY= 1      ERROR MATRIX ACCURATE 
  EXT PARAMETER                                   STEP         FIRST   
  NO.   NAME      VALUE            ERROR          SIZE      DERIVATIVE 
   1  A_CBO        2.35377e-03   4.27344e-02   2.25343e-05  -4.01671e-02
   2  w_CBO        2.31927e+00   3.21604e-01   4.46622e-05  -1.05083e-02
   3  phi_CBO      1.42660e+00   4.92239e+00   4.07588e-03   7.32911e-05
 EXTERNAL ERROR MATRIX.    NDIM=  25    NPAR=  3    ERR DEF=1
  1.826e-03 -9.165e-04 -4.231e-01 
 -9.165e-04  1.260e-01  5.721e+01 
 -4.231e-01  5.721e+01  2.631e+04 
 PARAMETER  CORRELATION COEFFICIENTS  
       NO.  GLOBAL      1      2      3
        1  0.06107   1.000 -0.060 -0.061
        2  0.99384  -0.060  1.000  0.994
        3  0.99384  -0.061  0.994  1.000
setting A_CBO=0.002354 w_CBO=2.319273, phi_CBO=1.426601
done fitting cbo isolate
 **********
 **    1 **SET PRINTOUT            1
 **********
 **********
 **    2 **SET NOWARNINGS 
 **********
 PARAMETER DEFINITIONS:
    NO.   NAME         VALUE      STEP SIZE      LIMITS
     1 N0           2.79293e+06  1.00000e+02     no limits
     2 tau          6.43930e+01  constant
     3 A0           3.56510e-01  1.00000e-04     no limits
     4 phi          4.11711e+00  1.00000e-02     no limits
     5 R           -6.11314e+01  constant
     6 A_CBO        2.35377e-03  1.00000e-05     no limits
     7 w_CBO        2.31927e+00  1.00000e-03     no limits
     8 phi_CBO      1.42660e+00  1.00000e-04     no limits
     9 ANx2         3.99781e-04  constant
    10 pNx2         4.45174e+00  constant
    11 ANy1         0.00000e+00  constant
    12 pNy1         0.00000e+00  constant
    13 w_y          0.00000e+00  constant
    14 ANy2         9.79441e-03  1.00000e-04     no limits
    15 pNy2         4.41741e+00  constant
    16 w_vw         1.43026e+01  constant
    17 LM          -4.33674e-04  constant
    18 wCBO_expCoeff   2.00000e+02  1.00000e+00     no limits
    19 wCBO_expOffset   2.00000e+02  1.00000e+00     no limits
    20 wCBO_expT    3.00000e+01  1.00000e+00     no limits
    21 wCBO_linCoeff   0.00000e+00  constant
    22 wCBO_const   0.00000e+00  1.00000e-02     no limits
MINUIT - FIT ONLY WIGGLE
 **********
 **    3 **FIX            5
 **********
 PARAMETER    5  IS CONSTANT.   IGNORED.
 **********
 **    4 **FIX            6
 **********
 **********
 **    5 **FIX            7
 **********
 **********
 **    6 **FIX            8
 **********
 **********
 **    7 **FIX            9
 **********
 PARAMETER    9  IS CONSTANT.   IGNORED.
 **********
 **    8 **FIX           10
 **********
 PARAMETER   10  IS CONSTANT.   IGNORED.
 **********
 **    9 **FIX           11
 **********
 PARAMETER   11  IS CONSTANT.   IGNORED.
 **********
 **   10 **FIX           12
 **********
 PARAMETER   12  IS CONSTANT.   IGNORED.
 **********
 **   11 **FIX           13
 **********
 PARAMETER   13  IS CONSTANT.   IGNORED.
 **********
 **   12 **FIX           14
 **********
 **********
 **   13 **FIX           15
 **********
 PARAMETER   15  IS CONSTANT.   IGNORED.
 **********
 **   14 **FIX           16
 **********
 PARAMETER   16  IS CONSTANT.   IGNORED.
 **********
 **   15 **MIGRAD
 **********
 FIRST CALL TO USER FUNCTION AT NEW START POINT, WITH IFLAG=4.
 START MIGRAD MINIMIZATION.  STRATEGY  1.  CONVERGENCE WHEN EDM .LT. 1.00e-04
 FCN=459.389 FROM MIGRAD    STATUS=INITIATE       61 CALLS          62 TOTAL
                     EDM= unknown      STRATEGY= 1      NO ERROR MATRIX       
  EXT PARAMETER               CURRENT GUESS       STEP         FIRST   
  NO.   NAME      VALUE            ERROR          SIZE      DERIVATIVE 
   1  N0           2.79293e+06   1.00000e+02   0.00000e+00   9.50231e-04
   2  tau          6.43930e+01   constant   
   3  A0           3.56510e-01   1.00000e-04   0.00000e+00  -3.39110e+03
   4  phi          4.11711e+00   1.00000e-02   0.00000e+00  -3.15813e+02
   5  R           -6.11314e+01   constant   
   6  A_CBO        2.35377e-03     fixed    
   7  w_CBO        2.31927e+00     fixed    
   8  phi_CBO      1.42660e+00     fixed    
   9  ANx2         3.99781e-04   constant   
  10  pNx2         4.45174e+00   constant   
  11  ANy1         0.00000e+00   constant   
  12  pNy1         0.00000e+00   constant   
  13  w_y          0.00000e+00   constant   
  14  ANy2         9.79441e-03     fixed    
  15  pNy2         4.41741e+00   constant   
  16  w_vw         1.43026e+01   constant   
  17  LM          -4.33674e-04   constant   
  18  wCBO_expCoeff   2.00867e+02   1.00000e+00   8.66616e-01  -7.84936e+00
  19  wCBO_expOffset   2.00000e+02   1.00000e+00   0.00000e+00  -5.25558e+01
  20  wCBO_expT    3.00000e+01   1.00000e+00   0.00000e+00  -2.45762e+02
  21  wCBO_linCoeff   0.00000e+00   constant   
  22  wCBO_const   0.00000e+00   1.00000e-02   0.00000e+00   1.91872e+03
 MIGRAD MINIMIZATION HAS CONVERGED.
 MIGRAD WILL VERIFY CONVERGENCE AND ERROR MATRIX.
 COVARIANCE MATRIX CALCULATED SUCCESSFULLY
 FCN=451.744 FROM MIGRAD    STATUS=CONVERGED     230 CALLS         231 TOTAL
                     EDM=2.75252e-06    STRATEGY= 1      ERROR MATRIX ACCURATE 
  EXT PARAMETER                                   STEP         FIRST   
  NO.   NAME      VALUE            ERROR          SIZE      DERIVATIVE 
   1  N0           2.79180e+06   1.50447e+03   1.51191e+01   1.67078e-07
   2  tau          6.43930e+01   constant   
   3  A0           3.57480e-01   7.18361e-04   7.45934e-06   7.15054e-01
   4  phi          4.11803e+00   2.08472e-03   2.16409e-05  -4.93793e-02
   5  R           -6.11314e+01   constant   
   6  A_CBO        2.35377e-03     fixed    
   7  w_CBO        2.31927e+00     fixed    
   8  phi_CBO      1.42660e+00     fixed    
   9  ANx2         3.99781e-04   constant   
  10  pNx2         4.45174e+00   constant   
  11  ANy1         0.00000e+00   constant   
  12  pNy1         0.00000e+00   constant   
  13  w_y          0.00000e+00   constant   
  14  ANy2         9.79441e-03     fixed    
  15  pNy2         4.41741e+00   constant   
  16  w_vw         1.43026e+01   constant   
  17  LM          -4.33674e-04   constant   
  18  wCBO_expCoeff   2.00851e+02   1.62656e+00   1.43687e-03  -1.63651e-02
  19  wCBO_expOffset   1.99998e+02   2.43092e-01   2.14631e-04  -1.09527e-01
  20  wCBO_expT    3.00122e+01   4.20967e-02   4.03617e-05  -5.86761e-01
  21  wCBO_linCoeff   0.00000e+00   constant   
  22  wCBO_const  -1.61494e-03   6.07546e-04   4.18146e-06  -3.87347e+00
 EXTERNAL ERROR MATRIX.    NDIM=  25    NPAR=  7    ERR DEF=1
  2.263e+06  2.776e-02 -4.560e-02  9.613e+00  1.438e+00 -4.975e-01 -1.263e-02 
  2.776e-02  5.160e-07 -2.991e-09  1.033e-05  1.545e-06 -6.085e-07  4.001e-09 
 -4.560e-02 -2.991e-09  4.346e-06 -2.603e-05 -3.893e-06  1.539e-06 -3.820e-08 
  9.613e+00  1.033e-05 -2.603e-05  2.646e+00 -2.411e-01 -2.999e-02  1.758e-04 
  1.438e+00  1.545e-06 -3.893e-06 -2.411e-01  5.909e-02 -4.485e-03  2.629e-05 
 -4.975e-01 -6.085e-07  1.539e-06 -2.999e-02 -4.485e-03  1.772e-03 -1.227e-05 
 -1.263e-02  4.001e-09 -3.820e-08  1.758e-04  2.629e-05 -1.227e-05  3.691e-07 
 PARAMETER  CORRELATION COEFFICIENTS  
       NO.  GLOBAL      1      3      4     18     19     20     22
        1  0.03706   1.000  0.026 -0.015  0.004  0.004 -0.008 -0.014
        3  0.03253   0.026  1.000 -0.002  0.009  0.009 -0.020  0.009
        4  0.04008  -0.015 -0.002  1.000 -0.008 -0.008  0.018 -0.030
       18  0.99642   0.004  0.009 -0.008  1.000 -0.610 -0.438  0.178
       19  0.99642   0.004  0.009 -0.008 -0.610  1.000 -0.438  0.178
       20  0.99577  -0.008 -0.020  0.018 -0.438 -0.438  1.000 -0.480
       22  0.74859  -0.014  0.009 -0.030  0.178  0.178 -0.480  1.000
MINUIT - FIT ONLY 1-CBO + other amplitudes 
 **********
 **   16 **RES 
 **********
                   PARAMETER   14  ANy2 RESTORED TO VARIABLE.
                   PARAMETER    8  phi_CBO RESTORED TO VARIABLE.
                   PARAMETER    7  w_CBO RESTORED TO VARIABLE.
                   PARAMETER    6  A_CBO RESTORED TO VARIABLE.
 **********
 **   17 **FIX            0
 **********
 PARAMETER    0  IS UNDEFINED. IGNORED.
 **********
 **   18 **FIX            1
 **********
 **********
 **   19 **FIX            2
 **********
 PARAMETER    2  IS CONSTANT.   IGNORED.
 **********
 **   20 **FIX            3
 **********
 **********
 **   21 **FIX            4
 **********
 **********
 **   22 **FIX            9
 **********
 PARAMETER    9  IS CONSTANT.   IGNORED.
 **********
 **   23 **FIX           11
 **********
 PARAMETER   11  IS CONSTANT.   IGNORED.
 **********
 **   24 **FIX           12
 **********
 PARAMETER   12  IS CONSTANT.   IGNORED.
 **********
 **   25 **FIX           14
 **********
 **********
 **   26 **FIX           15
 **********
 PARAMETER   15  IS CONSTANT.   IGNORED.
 **********
 **   27 **FIX           16
 **********
 PARAMETER   16  IS CONSTANT.   IGNORED.
 **********
 **   28 **MIGRAD
 **********
 START MIGRAD MINIMIZATION.  STRATEGY  1.  CONVERGENCE WHEN EDM .LT. 1.00e-04
 FCN=451.744 FROM MIGRAD    STATUS=INITIATE       20 CALLS         251 TOTAL
                     EDM= unknown      STRATEGY= 1      NO ERROR MATRIX       
  EXT PARAMETER               CURRENT GUESS       STEP         FIRST   
  NO.   NAME      VALUE            ERROR          SIZE      DERIVATIVE 
   1  N0           2.79180e+06     fixed    
   2  tau          6.43930e+01   constant   
   3  A0           3.57480e-01     fixed    
   4  phi          4.11803e+00     fixed    
   5  R           -6.11314e+01   constant   
   6  A_CBO        2.35377e-03   1.00000e-05   1.00000e-05   3.03064e+03
   7  w_CBO        2.31927e+00   1.00000e-03   1.00000e-03  -3.09846e+00
   8  phi_CBO      1.42660e+00   1.00000e-04   1.00000e-04   3.37589e+00
   9  ANx2         3.99781e-04   constant   
  10  pNx2         4.45174e+00   constant   
  11  ANy1         0.00000e+00   constant   
  12  pNy1         0.00000e+00   constant   
  13  w_y          0.00000e+00   constant   
  14  ANy2         9.79441e-03     fixed    
  15  pNy2         4.41741e+00   constant   
  16  w_vw         1.43026e+01   constant   
  17  LM          -4.33674e-04   constant   
  18  wCBO_expCoeff   2.00851e+02   1.62656e+00   1.43687e-03  -1.64720e-02
  19  wCBO_expOffset   1.99998e+02   2.43092e-01   2.14631e-04  -1.10232e-01
  20  wCBO_expT    3.00122e+01   4.20967e-02   4.03617e-05  -5.90436e-01
  21  wCBO_linCoeff   0.00000e+00   constant   
  22  wCBO_const  -1.61494e-03   6.07546e-04   4.18146e-06  -3.88631e+00
 MIGRAD MINIMIZATION HAS CONVERGED.
 MIGRAD WILL VERIFY CONVERGENCE AND ERROR MATRIX.
 FCN=448.92 FROM MIGRAD    STATUS=CONVERGED     236 CALLS         467 TOTAL
                     EDM=1.48998e-06    STRATEGY= 1      ERR MATRIX NOT POS-DEF
  EXT PARAMETER                APPROXIMATE        STEP         FIRST   
  NO.   NAME      VALUE            ERROR          SIZE      DERIVATIVE 
   1  N0           2.79180e+06     fixed    
   2  tau          6.43930e+01   constant   
   3  A0           3.57480e-01     fixed    
   4  phi          4.11803e+00     fixed    
   5  R           -6.11314e+01   constant   
   6  A_CBO        1.53126e-03   7.57148e-04   7.78812e-06   8.24601e-01
   7  w_CBO        2.31946e+00   6.81518e-03   6.07082e-06   1.46390e+00
   8  phi_CBO      5.83741e-01   7.04784e-01   5.21795e-03  -2.54817e-03
   9  ANx2         3.99781e-04   constant   
  10  pNx2         4.45174e+00   constant   
  11  ANy1         0.00000e+00   constant   
  12  pNy1         0.00000e+00   constant   
  13  w_y          0.00000e+00   constant   
  14  ANy2         9.79441e-03     fixed    
  15  pNy2         4.41741e+00   constant   
  16  w_vw         1.43026e+01   constant   
  17  LM          -4.33674e-04   constant   
  18  wCBO_expCoeff   2.01186e+02   1.33752e+00   1.24581e-03   8.26720e-03
  19  wCBO_expOffset   2.00048e+02   1.99396e-01   1.85711e-04   5.54604e-02
  20  wCBO_expT    2.99905e+01   3.53016e-02   3.45927e-05   3.03067e-01
  21  wCBO_linCoeff   0.00000e+00   constant   
  22  wCBO_const  -2.02144e-03   2.95037e-03   4.10471e-06   1.73599e+00
 EXTERNAL ERROR MATRIX.    NDIM=  25    NPAR=  7    ERR DEF=1
  5.733e-07 -9.485e-08 -2.647e-05 -3.665e-05 -5.463e-06  2.797e-06 -3.355e-08 
 -9.485e-08  4.645e-05  2.181e-04 -1.403e-03 -2.095e-04 -3.765e-05 -1.927e-05 
 -2.647e-05  2.181e-04  4.967e-01  2.263e-02  3.373e-03 -1.877e-03  1.956e-04 
 -3.665e-05 -1.403e-03  2.263e-02  1.789e+00 -1.517e-01 -1.902e-02  7.808e-04 
 -5.463e-06 -2.095e-04  3.373e-03 -1.517e-01  3.976e-02 -2.835e-03  1.165e-04 
  2.797e-06 -3.765e-05 -1.877e-03 -1.902e-02 -2.835e-03  1.246e-03  9.322e-07 
 -3.355e-08 -1.927e-05  1.956e-04  7.808e-04  1.165e-04  9.322e-07  8.705e-06 
ERR MATRIX NOT POS-DEF
 PARAMETER  CORRELATION COEFFICIENTS  
       NO.  GLOBAL      6      7      8     18     19     20     22
        6  0.13744   1.000 -0.018 -0.050 -0.036 -0.036  0.105 -0.015
        7  0.99631  -0.018  1.000  0.045 -0.154 -0.154 -0.156 -0.958
        8  0.70093  -0.050  0.045  1.000  0.024  0.024 -0.075  0.094
       18  0.99597  -0.036 -0.154  0.024  1.000 -0.569 -0.403  0.198
       19  0.99597  -0.036 -0.154  0.024 -0.569  1.000 -0.403  0.198
       20  0.99554   0.105 -0.156 -0.075 -0.403 -0.403  1.000  0.009
       22  0.99097  -0.015 -0.958  0.094  0.198  0.198  0.009  1.000
 ERR MATRIX NOT POS-DEF
MINUIT - FIT ONLY 1-CBO
 **********
 **   29 **RES 
 **********
                   PARAMETER   14  ANy2 RESTORED TO VARIABLE.
                   PARAMETER    4  phi RESTORED TO VARIABLE.
                   PARAMETER    3  A0 RESTORED TO VARIABLE.
                   PARAMETER    1  N0 RESTORED TO VARIABLE.
 **********
 **   30 **FIX            0
 **********
 PARAMETER    0  IS UNDEFINED. IGNORED.
 **********
 **   31 **FIX            1
 **********
 **********
 **   32 **FIX            2
 **********
 PARAMETER    2  IS CONSTANT.   IGNORED.
 **********
 **   33 **FIX            3
 **********
 **********
 **   34 **FIX            4
 **********
 **********
 **   35 **FIX            8
 **********
 **********
 **   36 **FIX            9
 **********
 PARAMETER    9  IS CONSTANT.   IGNORED.
 **********
 **   37 **FIX           11
 **********
 PARAMETER   11  IS CONSTANT.   IGNORED.
 **********
 **   38 **FIX           12
 **********
 PARAMETER   12  IS CONSTANT.   IGNORED.
 **********
 **   39 **FIX           13
 **********
 PARAMETER   13  IS CONSTANT.   IGNORED.
 **********
 **   40 **FIX           15
 **********
 PARAMETER   15  IS CONSTANT.   IGNORED.
 **********
 **   41 **FIX           16
 **********
 PARAMETER   16  IS CONSTANT.   IGNORED.
 **********
 **   42 **MIGRAD
 **********
 START MIGRAD MINIMIZATION.  STRATEGY  1.  CONVERGENCE WHEN EDM .LT. 1.00e-04
 FCN=448.92 FROM MIGRAD    STATUS=INITIATE       16 CALLS         483 TOTAL
                     EDM= unknown      STRATEGY= 1      NO ERROR MATRIX       
  EXT PARAMETER               CURRENT GUESS       STEP         FIRST   
  NO.   NAME      VALUE            ERROR          SIZE      DERIVATIVE 
   1  N0           2.79180e+06     fixed    
   2  tau          6.43930e+01   constant   
   3  A0           3.57480e-01     fixed    
   4  phi          4.11803e+00     fixed    
   5  R           -6.11314e+01   constant   
   6  A_CBO        1.53126e-03   7.57148e-04   7.78812e-06   8.24601e-01
   7  w_CBO        2.31946e+00   6.81518e-03   6.07082e-06   1.46425e+00
   8  phi_CBO      5.83741e-01     fixed    
   9  ANx2         3.99781e-04   constant   
  10  pNx2         4.45174e+00   constant   
  11  ANy1         0.00000e+00   constant   
  12  pNy1         0.00000e+00   constant   
  13  w_y          0.00000e+00   constant   
  14  ANy2         9.79441e-03   1.00000e-04   1.00000e-04   3.36731e+04
  15  pNy2         4.41741e+00   constant   
  16  w_vw         1.43026e+01   constant   
  17  LM          -4.33674e-04   constant   
  18  wCBO_expCoeff   2.01186e+02   1.33752e+00   1.24581e-03   8.27264e-03
  19  wCBO_expOffset   2.00048e+02   1.99396e-01   1.85711e-04   5.54993e-02
  20  wCBO_expT    2.99905e+01   3.53016e-02   3.45927e-05   3.03052e-01
  21  wCBO_linCoeff   0.00000e+00   constant   
  22  wCBO_const  -2.02144e-03   2.95037e-03   4.10471e-06   1.74217e+00
 MIGRAD MINIMIZATION HAS CONVERGED.
 MIGRAD WILL VERIFY CONVERGENCE AND ERROR MATRIX.
 FCN=283.594 FROM MIGRAD    STATUS=CONVERGED     221 CALLS         688 TOTAL
                     EDM=9.66749e-07    STRATEGY= 1      ERR MATRIX NOT POS-DEF
  EXT PARAMETER                APPROXIMATE        STEP         FIRST   
  NO.   NAME      VALUE            ERROR          SIZE      DERIVATIVE 
   1  N0           2.79180e+06     fixed    
   2  tau          6.43930e+01   constant   
   3  A0           3.57480e-01     fixed    
   4  phi          4.11803e+00     fixed    
   5  R           -6.11314e+01   constant   
   6  A_CBO        9.42363e-04   7.62653e-04   6.17513e-06   7.00602e-02
   7  w_CBO        2.31824e+00   1.02354e-02   7.56913e-06  -1.13693e+00
   8  phi_CBO      5.83741e-01     fixed    
   9  ANx2         3.99781e-04   constant   
  10  pNx2         4.45174e+00   constant   
  11  ANy1         0.00000e+00   constant   
  12  pNy1         0.00000e+00   constant   
  13  w_y          0.00000e+00   constant   
  14  ANy2        -3.23594e-05   7.61098e-04   6.27261e-06  -2.63310e-01
  15  pNy2         4.41741e+00   constant   
  16  w_vw         1.43026e+01   constant   
  17  LM          -4.33674e-04   constant   
  18  wCBO_expCoeff   2.00448e+02   2.37412e+00   1.64427e-03  -6.69706e-03
  19  wCBO_expOffset   1.99938e+02   3.55784e-01   2.46337e-04  -4.46951e-02
  20  wCBO_expT    3.00349e+01   6.47547e-02   4.59458e-05  -2.38596e-01
  21  wCBO_linCoeff   0.00000e+00   constant   
  22  wCBO_const  -1.70255e-03   4.39585e-03   4.79404e-06  -1.29526e+00
 EXTERNAL ERROR MATRIX.    NDIM=  25    NPAR=  7    ERR DEF=1
  5.816e-07 -2.117e-07  3.496e-08 -1.198e-04 -1.796e-05  8.052e-06 -4.979e-08 
 -2.117e-07  1.048e-04  1.749e-08 -2.915e-03 -4.379e-04 -9.910e-05 -4.374e-05 
  3.496e-08  1.749e-08  5.793e-07  2.407e-05  3.610e-06 -1.242e-06 -1.883e-08 
 -1.198e-04 -2.915e-03  2.407e-05  5.636e+00 -4.747e-01 -6.540e-02  1.809e-03 
 -1.796e-05 -4.379e-04  3.610e-06 -4.747e-01  1.266e-01 -9.803e-03  2.716e-04 
  8.052e-06 -9.910e-05 -1.242e-06 -6.540e-02 -9.803e-03  4.193e-03  9.530e-07 
 -4.979e-08 -4.374e-05 -1.883e-08  1.809e-03  2.716e-04  9.530e-07  1.932e-05 
ERR MATRIX NOT POS-DEF
 PARAMETER  CORRELATION COEFFICIENTS  
       NO.  GLOBAL      6      7     14     18     19     20     22
        6  0.20220   1.000 -0.027  0.060 -0.066 -0.066  0.163 -0.015
        7  0.99599  -0.027  1.000  0.002 -0.120 -0.120 -0.150 -0.972
       14  0.07937   0.060  0.002  1.000  0.013  0.013 -0.025 -0.006
       18  0.99649  -0.066 -0.120  0.013  1.000 -0.562 -0.425  0.173
       19  0.99649  -0.066 -0.120  0.013 -0.562  1.000 -0.426  0.174
       20  0.99631   0.163 -0.150 -0.025 -0.425 -0.426  1.000  0.003
       22  0.99123  -0.015 -0.972 -0.006  0.173  0.174  0.003  1.000
 ERR MATRIX NOT POS-DEF
MINUIT - FIT ONLY 2-CBO
 **********
 **   43 **RES 
 **********
                   PARAMETER    8  phi_CBO RESTORED TO VARIABLE.
                   PARAMETER    4  phi RESTORED TO VARIABLE.
                   PARAMETER    3  A0 RESTORED TO VARIABLE.
                   PARAMETER    1  N0 RESTORED TO VARIABLE.
 **********
 **   44 **FIX            0
 **********
 PARAMETER    0  IS UNDEFINED. IGNORED.
 **********
 **   45 **FIX            1
 **********
 **********
 **   46 **FIX            2
 **********
 PARAMETER    2  IS CONSTANT.   IGNORED.
 **********
 **   47 **FIX            3
 **********
 **********
 **   48 **FIX            4
 **********
 **********
 **   49 **FIX            5
 **********
 PARAMETER    5  IS CONSTANT.   IGNORED.
 **********
 **   50 **FIX            6
 **********
 **********
 **   51 **FIX            7
 **********
 **********
 **   52 **FIX           10
 **********
 PARAMETER   10  IS CONSTANT.   IGNORED.
 **********
 **   53 **FIX           11
 **********
 PARAMETER   11  IS CONSTANT.   IGNORED.
 **********
 **   54 **FIX           12
 **********
 PARAMETER   12  IS CONSTANT.   IGNORED.
 **********
 **   55 **FIX           13
 **********
 PARAMETER   13  IS CONSTANT.   IGNORED.
 **********
 **   56 **FIX           14
 **********
 **********
 **   57 **FIX           15
 **********
 PARAMETER   15  IS CONSTANT.   IGNORED.
 **********
 **   58 **FIX           16
 **********
 PARAMETER   16  IS CONSTANT.   IGNORED.
 **********
 **   59 **MIGRAD
 **********
 START MIGRAD MINIMIZATION.  STRATEGY  1.  CONVERGENCE WHEN EDM .LT. 1.00e-04
 FCN=283.594 FROM MIGRAD    STATUS=INITIATE       12 CALLS         700 TOTAL
                     EDM= unknown      STRATEGY= 1      NO ERROR MATRIX       
  EXT PARAMETER               CURRENT GUESS       STEP         FIRST   
  NO.   NAME      VALUE            ERROR          SIZE      DERIVATIVE 
   1  N0           2.79180e+06     fixed    
   2  tau          6.43930e+01   constant   
   3  A0           3.57480e-01     fixed    
   4  phi          4.11803e+00     fixed    
   5  R           -6.11314e+01   constant   
   6  A_CBO        9.42363e-04     fixed    
   7  w_CBO        2.31824e+00     fixed    
   8  phi_CBO      5.83741e-01   7.04784e-01   7.04784e-01  -4.94657e-01
   9  ANx2         3.99781e-04   constant   
  10  pNx2         4.45174e+00   constant   
  11  ANy1         0.00000e+00   constant   
  12  pNy1         0.00000e+00   constant   
  13  w_y          0.00000e+00   constant   
  14  ANy2        -3.23594e-05     fixed    
  15  pNy2         4.41741e+00   constant   
  16  w_vw         1.43026e+01   constant   
  17  LM          -4.33674e-04   constant   
  18  wCBO_expCoeff   2.00448e+02   2.37412e+00   1.64427e-03  -6.65809e-03
  19  wCBO_expOffset   1.99938e+02   3.55784e-01   2.46337e-04  -4.44328e-02
  20  wCBO_expT    3.00349e+01   6.47547e-02   4.59458e-05  -2.37273e-01
  21  wCBO_linCoeff   0.00000e+00   constant   
  22  wCBO_const  -1.70255e-03   4.39585e-03   4.79404e-06  -1.28536e+00
 MIGRAD MINIMIZATION HAS CONVERGED.
 MIGRAD WILL VERIFY CONVERGENCE AND ERROR MATRIX.
 FCN=283.505 FROM HESSE     STATUS=NOT POSDEF     31 CALLS         778 TOTAL
                     EDM=0.000776444    STRATEGY= 1      ERR MATRIX NOT POS-DEF
  EXT PARAMETER                APPROXIMATE        STEP         FIRST   
  NO.   NAME      VALUE            ERROR          SIZE      DERIVATIVE 
   1  N0           2.79180e+06     fixed    
   2  tau          6.43930e+01   constant   
   3  A0           3.57480e-01     fixed    
   4  phi          4.11803e+00     fixed    
   5  R           -6.11314e+01   constant   
   6  A_CBO        9.42363e-04     fixed    
   7  w_CBO        2.31824e+00     fixed    
   8  phi_CBO      9.37375e-01   1.16582e+00   6.80576e-03   1.00124e-04
   9  ANx2         3.99781e-04   constant   
  10  pNx2         4.45174e+00   constant   
  11  ANy1         0.00000e+00   constant   
  12  pNy1         0.00000e+00   constant   
  13  w_y          0.00000e+00   constant   
  14  ANy2        -3.23594e-05     fixed    
  15  pNy2         4.41741e+00   constant   
  16  w_vw         1.43026e+01   constant   
  17  LM          -4.33674e-04   constant   
  18  wCBO_expCoeff   2.00437e+02   2.54448e+00   1.63278e-03  -7.13914e-03
  19  wCBO_expOffset   1.99936e+02   3.81334e-01   2.44666e-04  -4.76431e-02
  20  wCBO_expT    3.00347e+01   6.57109e-02   4.58244e-05   5.97059e-01
  21  wCBO_linCoeff   0.00000e+00   constant   
  22  wCBO_const  -1.47734e-03   1.14988e-03   4.64878e-06  -1.31654e+00
 MIGRAD MINIMIZATION HAS CONVERGED.
 MIGRAD WILL VERIFY CONVERGENCE AND ERROR MATRIX.
 FCN=283.502 FROM MIGRAD    STATUS=CONVERGED     133 CALLS         821 TOTAL
                     EDM=1.37742e-05    STRATEGY= 1      ERR MATRIX NOT POS-DEF
  EXT PARAMETER                APPROXIMATE        STEP         FIRST   
  NO.   NAME      VALUE            ERROR          SIZE      DERIVATIVE 
   1  N0           2.79180e+06     fixed    
   2  tau          6.43930e+01   constant   
   3  A0           3.57480e-01     fixed    
   4  phi          4.11803e+00     fixed    
   5  R           -6.11314e+01   constant   
   6  A_CBO        9.42363e-04     fixed    
   7  w_CBO        2.31824e+00     fixed    
   8  phi_CBO      9.43382e-01   1.14402e+00   6.80465e-03   6.63939e-05
   9  ANx2         3.99781e-04   constant   
  10  pNx2         4.45174e+00   constant   
  11  ANy1         0.00000e+00   constant   
  12  pNy1         0.00000e+00   constant   
  13  w_y          0.00000e+00   constant   
  14  ANy2        -3.23594e-05     fixed    
  15  pNy2         4.41741e+00   constant   
  16  w_vw         1.43026e+01   constant   
  17  LM          -4.33674e-04   constant   
  18  wCBO_expCoeff   2.00583e+02   2.54696e+00   1.63296e-03  -7.57588e-03
  19  wCBO_expOffset   1.99958e+02   3.81350e-01   2.44693e-04  -5.06090e-02
  20  wCBO_expT    3.00261e+01   6.55558e-02   4.58251e-05  -2.58684e-01
  21  wCBO_linCoeff   0.00000e+00   constant   
  22  wCBO_const  -1.40709e-03   1.09934e-03   4.65123e-06   3.33572e+00
 EXTERNAL ERROR MATRIX.    NDIM=  25    NPAR=  5    ERR DEF=1
  1.309e+00 -1.276e-02 -1.922e-03 -1.654e-03  7.369e-04 
 -1.276e-02  6.487e+00 -5.998e-01 -7.244e-02  4.818e-04 
 -1.922e-03 -5.998e-01  1.454e-01 -1.086e-02  7.219e-05 
 -1.654e-03 -7.244e-02 -1.086e-02  4.298e-03 -3.368e-05 
  7.369e-04  4.818e-04  7.219e-05 -3.368e-05  1.209e-06 
ERR MATRIX NOT POS-DEF
 PARAMETER  CORRELATION COEFFICIENTS  
       NO.  GLOBAL      8     18     19     20     22
        8  0.68586   1.000 -0.004 -0.004 -0.022  0.586
       18  0.99699  -0.004  1.000 -0.617 -0.434  0.172
       19  0.99699  -0.004 -0.617  1.000 -0.434  0.172
       20  0.99643  -0.022 -0.434 -0.434  1.000 -0.467
       22  0.86266   0.586  0.172  0.172 -0.467  1.000
 ERR MATRIX NOT POS-DEF
MINUIT - FIT ONLY 1-y
 **********
 **   60 **RES 
 **********
                   PARAMETER   14  ANy2 RESTORED TO VARIABLE.
                   PARAMETER    7  w_CBO RESTORED TO VARIABLE.
                   PARAMETER    6  A_CBO RESTORED TO VARIABLE.
                   PARAMETER    4  phi RESTORED TO VARIABLE.
                   PARAMETER    3  A0 RESTORED TO VARIABLE.
                   PARAMETER    1  N0 RESTORED TO VARIABLE.
 **********
 **   61 **FIX            0
 **********
 PARAMETER    0  IS UNDEFINED. IGNORED.
 **********
 **   62 **FIX            1
 **********
 **********
 **   63 **FIX            2
 **********
 PARAMETER    2  IS CONSTANT.   IGNORED.
 **********
 **   64 **FIX            3
 **********
 **********
 **   65 **FIX            4
 **********
 **********
 **   66 **FIX            5
 **********
 PARAMETER    5  IS CONSTANT.   IGNORED.
 **********
 **   67 **FIX            6
 **********
 **********
 **   68 **FIX            7
 **********
 **********
 **   69 **FIX            8
 **********
 **********
 **   70 **FIX            9
 **********
 PARAMETER    9  IS CONSTANT.   IGNORED.
 **********
 **   71 **FIX           13
 **********
 PARAMETER   13  IS CONSTANT.   IGNORED.
 **********
 **   72 **FIX           14
 **********
 **********
 **   73 **FIX           15
 **********
 PARAMETER   15  IS CONSTANT.   IGNORED.
 **********
 **   74 **FIX           16
 **********
 PARAMETER   16  IS CONSTANT.   IGNORED.
 **********
 **   75 **MIGRAD
 **********
 START MIGRAD MINIMIZATION.  STRATEGY  1.  CONVERGENCE WHEN EDM .LT. 1.00e-04
 FCN=283.502 FROM MIGRAD    STATUS=INITIATE        8 CALLS         829 TOTAL
                     EDM= unknown      STRATEGY= 1      NO ERROR MATRIX       
  EXT PARAMETER               CURRENT GUESS       STEP         FIRST   
  NO.   NAME      VALUE            ERROR          SIZE      DERIVATIVE 
   1  N0           2.79180e+06     fixed    
   2  tau          6.43930e+01   constant   
   3  A0           3.57480e-01     fixed    
   4  phi          4.11803e+00     fixed    
   5  R           -6.11314e+01   constant   
   6  A_CBO        9.42363e-04     fixed    
   7  w_CBO        2.31824e+00     fixed    
   8  phi_CBO      9.43382e-01     fixed    
   9  ANx2         3.99781e-04   constant   
  10  pNx2         4.45174e+00   constant   
  11  ANy1         0.00000e+00   constant   
  12  pNy1         0.00000e+00   constant   
  13  w_y          0.00000e+00   constant   
  14  ANy2        -3.23594e-05     fixed    
  15  pNy2         4.41741e+00   constant   
  16  w_vw         1.43026e+01   constant   
  17  LM          -4.33674e-04   constant   
  18  wCBO_expCoeff   2.00583e+02   2.54696e+00   1.63296e-03  -7.55301e-03
  19  wCBO_expOffset   1.99958e+02   3.81350e-01   2.44693e-04  -5.04540e-02
  20  wCBO_expT    3.00261e+01   6.55558e-02   4.58251e-05  -2.57916e-01
  21  wCBO_linCoeff   0.00000e+00   constant   
  22  wCBO_const  -1.40709e-03   1.09934e-03   4.65123e-06   3.34061e+00
 MIGRAD MINIMIZATION HAS CONVERGED.
 MIGRAD WILL VERIFY CONVERGENCE AND ERROR MATRIX.
 FCN=283.502 FROM MIGRAD    STATUS=CONVERGED      57 CALLS         878 TOTAL
                     EDM=1.60663e-06    STRATEGY= 1      ERR MATRIX NOT POS-DEF
  EXT PARAMETER                APPROXIMATE        STEP         FIRST   
  NO.   NAME      VALUE            ERROR          SIZE      DERIVATIVE 
   1  N0           2.79180e+06     fixed    
   2  tau          6.43930e+01   constant   
   3  A0           3.57480e-01     fixed    
   4  phi          4.11803e+00     fixed    
   5  R           -6.11314e+01   constant   
   6  A_CBO        9.42363e-04     fixed    
   7  w_CBO        2.31824e+00     fixed    
   8  phi_CBO      9.43382e-01     fixed    
   9  ANx2         3.99781e-04   constant   
  10  pNx2         4.45174e+00   constant   
  11  ANy1         0.00000e+00   constant   
  12  pNy1         0.00000e+00   constant   
  13  w_y          0.00000e+00   constant   
  14  ANy2        -3.23594e-05     fixed    
  15  pNy2         4.41741e+00   constant   
  16  w_vw         1.43026e+01   constant   
  17  LM          -4.33674e-04   constant   
  18  wCBO_expCoeff   2.00583e+02   2.61549e+00   1.63136e-03   2.14180e-04
  19  wCBO_expOffset   1.99958e+02   3.91559e-01   2.44205e-04   1.43073e-03
  20  wCBO_expT    3.00261e+01   6.69388e-02   4.57091e-05  -1.95121e-02
  21  wCBO_linCoeff   0.00000e+00   constant   
  22  wCBO_const  -1.40854e-03   8.97112e-04   4.59176e-06   3.13649e-03
 EXTERNAL ERROR MATRIX.    NDIM=  25    NPAR=  4    ERR DEF=1
  6.841e+00 -6.367e-01 -7.562e-02  5.128e-04 
 -6.367e-01  1.533e-01 -1.132e-02  7.679e-05 
 -7.562e-02 -1.132e-02  4.481e-03 -3.415e-05 
  5.128e-04  7.679e-05 -3.415e-05  8.048e-07 
ERR MATRIX NOT POS-DEF
 PARAMETER  CORRELATION COEFFICIENTS  
       NO.  GLOBAL     18     19     20     22
       18  0.99714   1.000 -0.622 -0.432  0.219
       19  0.99714  -0.622  1.000 -0.432  0.219
       20  0.99657  -0.432 -0.432  1.000 -0.569
       22  0.78464   0.219  0.219 -0.569  1.000
 ERR MATRIX NOT POS-DEF
MINUIT - FIT ONLY 2-y
 **********
 **   76 **RES 
 **********
                   PARAMETER   14  ANy2 RESTORED TO VARIABLE.
                   PARAMETER    8  phi_CBO RESTORED TO VARIABLE.
                   PARAMETER    7  w_CBO RESTORED TO VARIABLE.
                   PARAMETER    6  A_CBO RESTORED TO VARIABLE.
                   PARAMETER    4  phi RESTORED TO VARIABLE.
                   PARAMETER    3  A0 RESTORED TO VARIABLE.
                   PARAMETER    1  N0 RESTORED TO VARIABLE.
 **********
 **   77 **FIX            0
 **********
 PARAMETER    0  IS UNDEFINED. IGNORED.
 **********
 **   78 **FIX            1
 **********
 **********
 **   79 **FIX            2
 **********
 PARAMETER    2  IS CONSTANT.   IGNORED.
 **********
 **   80 **FIX            3
 **********
 **********
 **   81 **FIX            4
 **********
 **********
 **   82 **FIX            5
 **********
 PARAMETER    5  IS CONSTANT.   IGNORED.
 **********
 **   83 **FIX            6
 **********
 **********
 **   84 **FIX            7
 **********
 **********
 **   85 **FIX            8
 **********
 **********
 **   86 **FIX            9
 **********
 PARAMETER    9  IS CONSTANT.   IGNORED.
 **********
 **   87 **FIX           10
 **********
 PARAMETER   10  IS CONSTANT.   IGNORED.
 **********
 **   88 **FIX           11
 **********
 PARAMETER   11  IS CONSTANT.   IGNORED.
 **********
 **   89 **FIX           12
 **********
 PARAMETER   12  IS CONSTANT.   IGNORED.
 **********
 **   90 **FIX           16
 **********
 PARAMETER   16  IS CONSTANT.   IGNORED.
 **********
 **   91 **MIGRAD
 **********
 START MIGRAD MINIMIZATION.  STRATEGY  1.  CONVERGENCE WHEN EDM .LT. 1.00e-04
 FCN=283.502 FROM MIGRAD    STATUS=INITIATE       10 CALLS         888 TOTAL
                     EDM= unknown      STRATEGY= 1      NO ERROR MATRIX       
  EXT PARAMETER               CURRENT GUESS       STEP         FIRST   
  NO.   NAME      VALUE            ERROR          SIZE      DERIVATIVE 
   1  N0           2.79180e+06     fixed    
   2  tau          6.43930e+01   constant   
   3  A0           3.57480e-01     fixed    
   4  phi          4.11803e+00     fixed    
   5  R           -6.11314e+01   constant   
   6  A_CBO        9.42363e-04     fixed    
   7  w_CBO        2.31824e+00     fixed    
   8  phi_CBO      9.43382e-01     fixed    
   9  ANx2         3.99781e-04   constant   
  10  pNx2         4.45174e+00   constant   
  11  ANy1         0.00000e+00   constant   
  12  pNy1         0.00000e+00   constant   
  13  w_y          0.00000e+00   constant   
  14  ANy2        -3.23594e-05   7.61098e-04   7.61098e-04   2.81556e+01
  15  pNy2         4.41741e+00   constant   
  16  w_vw         1.43026e+01   constant   
  17  LM          -4.33674e-04   constant   
  18  wCBO_expCoeff   2.00583e+02   2.61549e+00   1.63136e-03   2.17876e-04
  19  wCBO_expOffset   1.99958e+02   3.91559e-01   2.44205e-04   1.45584e-03
  20  wCBO_expT    3.00261e+01   6.69388e-02   4.57091e-05  -1.87578e-02
  21  wCBO_linCoeff   0.00000e+00   constant   
  22  wCBO_const  -1.40854e-03   8.97112e-04   4.59176e-06   3.94933e-03
 MIGRAD MINIMIZATION HAS CONVERGED.
 MIGRAD WILL VERIFY CONVERGENCE AND ERROR MATRIX.
 FCN=283.502 FROM MIGRAD    STATUS=CONVERGED      54 CALLS         932 TOTAL
                     EDM=4.08028e-06    STRATEGY= 1      ERR MATRIX NOT POS-DEF
  EXT PARAMETER                APPROXIMATE        STEP         FIRST   
  NO.   NAME      VALUE            ERROR          SIZE      DERIVATIVE 
   1  N0           2.79180e+06     fixed    
   2  tau          6.43930e+01   constant   
   3  A0           3.57480e-01     fixed    
   4  phi          4.11803e+00     fixed    
   5  R           -6.11314e+01   constant   
   6  A_CBO        9.42363e-04     fixed    
   7  w_CBO        2.31824e+00     fixed    
   8  phi_CBO      9.43382e-01     fixed    
   9  ANx2         3.99781e-04   constant   
  10  pNx2         4.45174e+00   constant   
  11  ANy1         0.00000e+00   constant   
  12  pNy1         0.00000e+00   constant   
  13  w_y          0.00000e+00   constant   
  14  ANy2        -4.05228e-05   7.60925e-04   6.27160e-06  -6.86116e-05
  15  pNy2         4.41741e+00   constant   
  16  w_vw         1.43026e+01   constant   
  17  LM          -4.33674e-04   constant   
  18  wCBO_expCoeff   2.00583e+02   2.61645e+00   1.63139e-03   3.90572e-03
  19  wCBO_expOffset   1.99958e+02   3.91693e-01   2.44210e-04   2.60915e-02
  20  wCBO_expT    3.00261e+01   6.70186e-02   4.57100e-05   9.21802e-02
  21  wCBO_linCoeff   0.00000e+00   constant   
  22  wCBO_const  -1.40854e-03   8.97195e-04   4.59223e-06   1.61684e-02
 EXTERNAL ERROR MATRIX.    NDIM=  25    NPAR=  5    ERR DEF=1
  5.790e-07  3.951e-05  5.918e-06 -2.080e-06 -6.621e-10 
  3.951e-05  6.846e+00 -6.364e-01 -7.582e-02  5.131e-04 
  5.918e-06 -6.364e-01  1.534e-01 -1.135e-02  7.682e-05 
 -2.080e-06 -7.582e-02 -1.135e-02  4.491e-03 -3.417e-05 
 -6.621e-10  5.131e-04  7.682e-05 -3.417e-05  8.050e-07 
ERR MATRIX NOT POS-DEF
 PARAMETER  CORRELATION COEFFICIENTS  
       NO.  GLOBAL     14     18     19     20     22
       14  0.06011   1.000  0.020  0.020 -0.041 -0.001
       18  0.99714   0.020  1.000 -0.621 -0.432  0.219
       19  0.99714   0.020 -0.621  1.000 -0.432  0.219
       20  0.99658  -0.041 -0.432 -0.432  1.000 -0.568
       22  0.78461  -0.001  0.219  0.219 -0.568  1.000
 ERR MATRIX NOT POS-DEF
MINUIT - FIT ALTOGETHER
 **********
 **   92 **RES 
 **********
                   PARAMETER    8  phi_CBO RESTORED TO VARIABLE.
                   PARAMETER    7  w_CBO RESTORED TO VARIABLE.
                   PARAMETER    6  A_CBO RESTORED TO VARIABLE.
                   PARAMETER    4  phi RESTORED TO VARIABLE.
                   PARAMETER    3  A0 RESTORED TO VARIABLE.
