 + ++++++++++++++++++++++++++++++++++++++++++++++++++++++++++++++++++++ +
 +                                                                      +
 +           You have chose to blind your fitting according to          +
 +                omega_ref * (1 + (R +/- deltaR) *10^{-6})             +
 +                                                                      +
 + ++++++++++++++++++++++++++++++++++++++++++++++++++++++++++++++++++++ +
In main()...
reading format from /gm2data/zkhechad/run45/envelope/formats/formatB_sBin_constraintOn.txt
pBinTau 	= 0  
pBinPhi 	= 0  
constraintau 	= 1 
includeMopTerm 	= 0    
constrainMop    = 0   
Parameters after format file: pBinTau 0 pBinPhi 0 constraintau 1 includeMopTerm 0 constrainMop 0 c_e_scale 0.000000 
reading cbo reference file (full fit) from /gm2data/zkhechad/cboTemplates/Run4CBOTemplates/fullFits/run4/sBin_constraintOn_cE0.0_seed0_run4_calo15.root
A_CBO 0.008274 w_CBO 2.326361 phi_CBO 0.928510 N0 2995032.431773 R -60.169268 tau 64.399261 
Reading cboRef file /gm2data/zkhechad/cboTemplates/Run4CBOTemplates//cboIsolate/run4_calo15.root
deltaT 164.120000
windowBins = 1100
fitting sliding window 1900 from bin 2103 at 313.767600 to bin 3203 at 477.887600 (1100 bins)

Reading data from /gm2data/cornell/histograms/aMethod/histogram_a_run4.root
fitting cbo isolate
 **********
 **    1 **SET PRINTOUT            1
 **********
 **********
 **    2 **SET NOWARNINGS 
 **********
 PARAMETER DEFINITIONS:
    NO.   NAME         VALUE      STEP SIZE      LIMITS
     1 A_CBO        8.27396e-03  1.00000e-05     no limits
     2 w_CBO        2.32636e+00  1.00000e-02    2.00000e+00  3.00000e+00
     3 phi_CBO      9.28510e-01  1.00000e-02    0.00000e+00  6.28319e+00
 **********
 **    3 **MIGRAD
 **********
 FIRST CALL TO USER FUNCTION AT NEW START POINT, WITH IFLAG=4.
 START MIGRAD MINIMIZATION.  STRATEGY  1.  CONVERGENCE WHEN EDM .LT. 1.00e-04
 FCN=0.10349 FROM MIGRAD    STATUS=INITIATE       12 CALLS          13 TOTAL
                     EDM= unknown      STRATEGY= 1      NO ERROR MATRIX       
  EXT PARAMETER               CURRENT GUESS       STEP         FIRST   
  NO.   NAME      VALUE            ERROR          SIZE      DERIVATIVE 
   1  A_CBO        8.27396e-03   1.00000e-05   1.00000e-05   7.08446e+00
   2  w_CBO        2.32636e+00   1.00000e-02   2.13296e-02   3.88885e-01
   3  phi_CBO      9.28510e-01   1.00000e-02   4.48483e-03  -4.85000e-03
 MIGRAD MINIMIZATION HAS CONVERGED.
 MIGRAD WILL VERIFY CONVERGENCE AND ERROR MATRIX.
 COVARIANCE MATRIX CALCULATED SUCCESSFULLY
 FCN=0.0806549 FROM MIGRAD    STATUS=CONVERGED      49 CALLS          50 TOTAL
                     EDM=2.77601e-05    STRATEGY= 1      ERROR MATRIX ACCURATE 
  EXT PARAMETER                                   STEP         FIRST   
  NO.   NAME      VALUE            ERROR          SIZE      DERIVATIVE 
   1  A_CBO        1.82823e-03   4.26818e-02   2.16249e-05  -2.75934e-02
   2  w_CBO        2.32621e+00   6.52245e-01   6.25312e-05  -4.30431e-03
   3  phi_CBO      1.00375e+00   5.40411e+00   4.87656e-03  -7.41509e-06
 EXTERNAL ERROR MATRIX.    NDIM=  25    NPAR=  3    ERR DEF=1
  1.822e-03 -1.686e-03 -6.843e-01 
 -1.686e-03  5.022e-01  2.017e+02 
 -6.843e-01  2.017e+02  8.155e+04 
 PARAMETER  CORRELATION COEFFICIENTS  
       NO.  GLOBAL      1      2      3
        1  0.05620   1.000 -0.056 -0.056
        2  0.99670  -0.056  1.000  0.997
        3  0.99670  -0.056  0.997  1.000
setting A_CBO=0.001828 w_CBO=2.326205, phi_CBO=1.003745
done fitting cbo isolate
 **********
 **    1 **SET PRINTOUT            1
 **********
 **********
 **    2 **SET NOWARNINGS 
 **********
 PARAMETER DEFINITIONS:
    NO.   NAME         VALUE      STEP SIZE      LIMITS
     1 N0           2.99503e+06  1.00000e+02     no limits
     2 tau          6.43993e+01  constant
     3 A0           3.54065e-01  1.00000e-04     no limits
     4 phi          4.11942e+00  1.00000e-02     no limits
     5 R           -6.01693e+01  constant
     6 A_CBO        1.82823e-03  1.00000e-05     no limits
     7 w_CBO        2.32621e+00  1.00000e-03     no limits
     8 phi_CBO      1.00375e+00  1.00000e-04     no limits
     9 ANx2         6.17909e-04  constant
    10 pNx2         3.86483e+00  constant
    11 ANy1         0.00000e+00  constant
    12 pNy1         0.00000e+00  constant
    13 w_y          0.00000e+00  constant
    14 ANy2         7.96733e-03  1.00000e-04     no limits
    15 pNy2         1.76471e+00  constant
    16 w_vw         1.43097e+01  constant
    17 LM          -1.37296e-04  constant
    18 wCBO_expCoeff   2.00000e+02  1.00000e+00     no limits
    19 wCBO_expOffset   2.00000e+02  1.00000e+00     no limits
    20 wCBO_expT    3.00000e+01  1.00000e+00     no limits
    21 wCBO_linCoeff   0.00000e+00  constant
    22 wCBO_const   0.00000e+00  1.00000e-02     no limits
MINUIT - FIT ONLY WIGGLE
 **********
 **    3 **FIX            5
 **********
 PARAMETER    5  IS CONSTANT.   IGNORED.
 **********
 **    4 **FIX            6
 **********
 **********
 **    5 **FIX            7
 **********
 **********
 **    6 **FIX            8
 **********
 **********
 **    7 **FIX            9
 **********
 PARAMETER    9  IS CONSTANT.   IGNORED.
 **********
 **    8 **FIX           10
 **********
 PARAMETER   10  IS CONSTANT.   IGNORED.
 **********
 **    9 **FIX           11
 **********
 PARAMETER   11  IS CONSTANT.   IGNORED.
 **********
 **   10 **FIX           12
 **********
 PARAMETER   12  IS CONSTANT.   IGNORED.
 **********
 **   11 **FIX           13
 **********
 PARAMETER   13  IS CONSTANT.   IGNORED.
 **********
 **   12 **FIX           14
 **********
 **********
 **   13 **FIX           15
 **********
 PARAMETER   15  IS CONSTANT.   IGNORED.
 **********
 **   14 **FIX           16
 **********
 PARAMETER   16  IS CONSTANT.   IGNORED.
 **********
 **   15 **MIGRAD
 **********
 FIRST CALL TO USER FUNCTION AT NEW START POINT, WITH IFLAG=4.
 START MIGRAD MINIMIZATION.  STRATEGY  1.  CONVERGENCE WHEN EDM .LT. 1.00e-04
 FCN=530.619 FROM MIGRAD    STATUS=INITIATE       65 CALLS          66 TOTAL
                     EDM= unknown      STRATEGY= 1      NO ERROR MATRIX       
  EXT PARAMETER               CURRENT GUESS       STEP         FIRST   
  NO.   NAME      VALUE            ERROR          SIZE      DERIVATIVE 
   1  N0           2.99503e+06   1.00000e+02   0.00000e+00   1.94146e-03
   2  tau          6.43993e+01   constant   
   3  A0           3.54065e-01   1.00000e-04   0.00000e+00   1.58008e+03
   4  phi          4.11942e+00   1.00000e-02   0.00000e+00   8.91869e+01
   5  R           -6.01693e+01   constant   
   6  A_CBO        1.82823e-03     fixed    
   7  w_CBO        2.32621e+00     fixed    
   8  phi_CBO      1.00375e+00     fixed    
   9  ANx2         6.17909e-04   constant   
  10  pNx2         3.86483e+00   constant   
  11  ANy1         0.00000e+00   constant   
  12  pNy1         0.00000e+00   constant   
  13  w_y          0.00000e+00   constant   
  14  ANy2         7.96733e-03     fixed    
  15  pNy2         1.76471e+00   constant   
  16  w_vw         1.43097e+01   constant   
  17  LM          -1.37296e-04   constant   
  18  wCBO_expCoeff   2.00000e+02   1.00000e+00   0.00000e+00   3.56234e+01
  19  wCBO_expOffset   2.00000e+02   1.00000e+00   0.00000e+00   2.37403e+02
  20  wCBO_expT    3.00109e+01   1.00000e+00   1.08721e-02   8.65678e+02
  21  wCBO_linCoeff   0.00000e+00   constant   
  22  wCBO_const   0.00000e+00   1.00000e-02   0.00000e+00   4.73651e+02
 MIGRAD MINIMIZATION HAS CONVERGED.
 FCN=523.3 FROM MIGRAD    STATUS=CONVERGED     264 CALLS         265 TOTAL
                     EDM=2.38066e-07    STRATEGY= 1  ERROR MATRIX UNCERTAINTY   0.5 per cent
  EXT PARAMETER                                   STEP         FIRST   
  NO.   NAME      VALUE            ERROR          SIZE      DERIVATIVE 
   1  N0           2.99383e+06   1.17445e+03   5.21635e+00   2.90381e-07
   2  tau          6.43993e+01   constant   
   3  A0           3.53821e-01   5.26300e-04   1.37074e-06  -1.12249e-01
   4  phi          4.11964e+00   1.52389e-03   2.81734e-06   1.09936e-01
   5  R           -6.01693e+01   constant   
   6  A_CBO        1.82823e-03     fixed    
   7  w_CBO        2.32621e+00     fixed    
   8  phi_CBO      1.00375e+00     fixed    
   9  ANx2         6.17909e-04   constant   
  10  pNx2         3.86483e+00   constant   
  11  ANy1         0.00000e+00   constant   
  12  pNy1         0.00000e+00   constant   
  13  w_y          0.00000e+00   constant   
  14  ANy2         7.96733e-03     fixed    
  15  pNy2         1.76471e+00   constant   
  16  w_vw         1.43097e+01   constant   
  17  LM          -1.37296e-04   constant   
  18  wCBO_expCoeff   1.99512e+02   2.70756e-01  -1.47047e-05   2.32770e-03
  19  wCBO_expOffset   1.99927e+02   4.06443e-02  -2.10118e-06   1.67581e-02
  20  wCBO_expT    3.00421e+01   2.07435e-02  -2.27316e-05   1.06467e-01
  21  wCBO_linCoeff   0.00000e+00   constant   
  22  wCBO_const   7.06316e-04   8.81693e-04   6.19116e-06   1.40843e-01
 EXTERNAL ERROR MATRIX.    NDIM=  25    NPAR=  7    ERR DEF=1
  1.379e+06  2.252e-02  2.327e-04 -2.161e+01 -3.245e+00  1.696e+00 -3.756e-02 
  2.252e-02  2.770e-07 -8.173e-09  8.611e-06  1.292e-06 -6.889e-07  1.103e-08 
  2.327e-04 -8.173e-09  2.322e-06 -4.908e-05 -7.369e-06  3.773e-06 -7.596e-08 
 -2.161e+01  8.611e-06 -4.908e-05  7.331e-02  1.056e-02 -5.522e-03  1.517e-04 
 -3.245e+00  1.292e-06 -7.369e-06  1.056e-02  1.652e-03 -8.289e-04  2.276e-05 
  1.696e+00 -6.889e-07  3.773e-06 -5.522e-03 -8.289e-04  4.303e-04 -1.295e-05 
 -3.756e-02  1.103e-08 -7.596e-08  1.517e-04  2.276e-05 -1.295e-05  7.774e-07 
 PARAMETER  CORRELATION COEFFICIENTS  
       NO.  GLOBAL      1      3      4     18     19     20     22
        1  0.08844   1.000  0.036  0.000 -0.068 -0.068  0.070 -0.036
        3  0.09790   0.036  1.000 -0.010  0.060  0.060 -0.063  0.024
        4  0.12821   0.000 -0.010  1.000 -0.119 -0.119  0.119 -0.057
       18  0.99077  -0.068  0.060 -0.119  1.000  0.960 -0.983  0.635
       19  0.99077  -0.068  0.060 -0.119  0.960  1.000 -0.983  0.635
       20  0.99742   0.070 -0.063  0.119 -0.983 -0.983  1.000 -0.708
       22  0.88202  -0.036  0.024 -0.057  0.635  0.635 -0.708  1.000
MINUIT - FIT ONLY 1-CBO + other amplitudes 
 **********
 **   16 **RES 
 **********
                   PARAMETER   14  ANy2 RESTORED TO VARIABLE.
                   PARAMETER    8  phi_CBO RESTORED TO VARIABLE.
                   PARAMETER    7  w_CBO RESTORED TO VARIABLE.
                   PARAMETER    6  A_CBO RESTORED TO VARIABLE.
 **********
 **   17 **FIX            0
 **********
 PARAMETER    0  IS UNDEFINED. IGNORED.
 **********
 **   18 **FIX            1
 **********
 **********
 **   19 **FIX            2
 **********
 PARAMETER    2  IS CONSTANT.   IGNORED.
 **********
 **   20 **FIX            3
 **********
 **********
 **   21 **FIX            4
 **********
 **********
 **   22 **FIX            9
 **********
 PARAMETER    9  IS CONSTANT.   IGNORED.
 **********
 **   23 **FIX           11
 **********
 PARAMETER   11  IS CONSTANT.   IGNORED.
 **********
 **   24 **FIX           12
 **********
 PARAMETER   12  IS CONSTANT.   IGNORED.
 **********
 **   25 **FIX           14
 **********
 **********
 **   26 **FIX           15
 **********
 PARAMETER   15  IS CONSTANT.   IGNORED.
 **********
 **   27 **FIX           16
 **********
 PARAMETER   16  IS CONSTANT.   IGNORED.
 **********
 **   28 **MIGRAD
 **********
 START MIGRAD MINIMIZATION.  STRATEGY  1.  CONVERGENCE WHEN EDM .LT. 1.00e-04
 FCN=523.3 FROM MIGRAD    STATUS=INITIATE       20 CALLS         285 TOTAL
                     EDM= unknown      STRATEGY= 1      NO ERROR MATRIX       
  EXT PARAMETER               CURRENT GUESS       STEP         FIRST   
  NO.   NAME      VALUE            ERROR          SIZE      DERIVATIVE 
   1  N0           2.99383e+06     fixed    
   2  tau          6.43993e+01   constant   
   3  A0           3.53821e-01     fixed    
   4  phi          4.11964e+00     fixed    
   5  R           -6.01693e+01   constant   
   6  A_CBO        1.82823e-03   1.00000e-05   1.00000e-05   7.05858e+03
   7  w_CBO        2.32621e+00   1.00000e-03   1.00000e-03   2.53972e-01
   8  phi_CBO      1.00375e+00   1.00000e-04   1.00000e-04  -3.10962e+00
   9  ANx2         6.17909e-04   constant   
  10  pNx2         3.86483e+00   constant   
  11  ANy1         0.00000e+00   constant   
  12  pNy1         0.00000e+00   constant   
  13  w_y          0.00000e+00   constant   
  14  ANy2         7.96733e-03     fixed    
  15  pNy2         1.76471e+00   constant   
  16  w_vw         1.43097e+01   constant   
  17  LM          -1.37296e-04   constant   
  18  wCBO_expCoeff   1.99512e+02   2.70756e-01  -1.47047e-05   2.32814e-03
  19  wCBO_expOffset   1.99927e+02   4.06443e-02  -2.10118e-06   1.67581e-02
  20  wCBO_expT    3.00421e+01   2.07435e-02  -2.27316e-05   1.06479e-01
  21  wCBO_linCoeff   0.00000e+00   constant   
  22  wCBO_const   7.06316e-04   8.81693e-04   6.19116e-06   1.40821e-01
 MIGRAD MINIMIZATION HAS CONVERGED.
 MIGRAD WILL VERIFY CONVERGENCE AND ERROR MATRIX.
 FCN=517.183 FROM MIGRAD    STATUS=CONVERGED     301 CALLS         566 TOTAL
                     EDM=2.71632e-06    STRATEGY= 1      ERR MATRIX NOT POS-DEF
  EXT PARAMETER                APPROXIMATE        STEP         FIRST   
  NO.   NAME      VALUE            ERROR          SIZE      DERIVATIVE 
   1  N0           2.99383e+06     fixed    
   2  tau          6.43993e+01   constant   
   3  A0           3.53821e-01     fixed    
   4  phi          4.11964e+00     fixed    
   5  R           -6.01693e+01   constant   
   6  A_CBO        5.59553e-04   5.62555e-04   6.18616e-06   1.13821e+00
   7  w_CBO        2.32817e+00   3.86825e-03   3.74453e-06  -4.69849e+00
   8  phi_CBO      2.20264e+00   1.08335e+00   1.06977e-02  -6.97126e-04
   9  ANx2         6.17909e-04   constant   
  10  pNx2         3.86483e+00   constant   
  11  ANy1         0.00000e+00   constant   
  12  pNy1         0.00000e+00   constant   
  13  w_y          0.00000e+00   constant   
  14  ANy2         7.96733e-03     fixed    
  15  pNy2         1.76471e+00   constant   
  16  w_vw         1.43097e+01   constant   
  17  LM          -1.37296e-04   constant   
  18  wCBO_expCoeff   1.99842e+02   4.67733e-01   4.56356e-04  -3.41902e-02
  19  wCBO_expOffset   1.99977e+02   7.28407e-02   9.53562e-05  -2.27104e-01
  20  wCBO_expT    3.00122e+01   1.54791e-02   1.63298e-05  -1.01180e+00
  21  wCBO_linCoeff   0.00000e+00   constant   
  22  wCBO_const   8.46290e-04   1.71396e-03   4.36696e-06  -4.10230e+00
 EXTERNAL ERROR MATRIX.    NDIM=  25    NPAR=  7    ERR DEF=1
  3.165e-07 -6.968e-08 -2.461e-05 -1.312e-05 -2.698e-06  1.455e-06 -1.301e-08 
 -6.968e-08  1.496e-05  2.025e-04 -4.395e-04 -7.767e-05 -1.276e-05 -5.986e-06 
 -2.461e-05  2.025e-04  1.174e+00  3.105e-02  5.216e-03 -2.818e-03  1.137e-04 
 -1.312e-05 -4.395e-04  3.105e-02  2.188e-01 -1.798e-02 -2.330e-03  2.509e-04 
 -2.698e-06 -7.767e-05  5.216e-03 -1.798e-02  5.306e-03 -4.071e-04  4.427e-05 
  1.455e-06 -1.276e-05 -2.818e-03 -2.330e-03 -4.071e-04  2.396e-04 -2.097e-06 
 -1.301e-08 -5.986e-06  1.137e-04  2.509e-04  4.427e-05 -2.097e-06  2.938e-06 
ERR MATRIX NOT POS-DEF
 PARAMETER  CORRELATION COEFFICIENTS  
       NO.  GLOBAL      6      7      8     18     19     20     22
        6  0.16993   1.000 -0.032 -0.040 -0.050 -0.066  0.167 -0.013
        7  0.99623  -0.032  1.000  0.048 -0.243 -0.276 -0.213 -0.903
        8  0.45760  -0.040  0.048  1.000  0.061  0.066 -0.168  0.061
       18  0.99617  -0.050 -0.243  0.061  1.000 -0.528 -0.322  0.313
       19  0.99644  -0.066 -0.276  0.066 -0.528  1.000 -0.361  0.355
       20  0.99552   0.167 -0.213 -0.168 -0.322 -0.361  1.000 -0.079
       22  0.97354  -0.013 -0.903  0.061  0.313  0.355 -0.079  1.000
 ERR MATRIX NOT POS-DEF
MINUIT - FIT ONLY 1-CBO
 **********
 **   29 **RES 
 **********
                   PARAMETER   14  ANy2 RESTORED TO VARIABLE.
                   PARAMETER    4  phi RESTORED TO VARIABLE.
                   PARAMETER    3  A0 RESTORED TO VARIABLE.
                   PARAMETER    1  N0 RESTORED TO VARIABLE.
 **********
 **   30 **FIX            0
 **********
 PARAMETER    0  IS UNDEFINED. IGNORED.
 **********
 **   31 **FIX            1
 **********
 **********
 **   32 **FIX            2
 **********
 PARAMETER    2  IS CONSTANT.   IGNORED.
 **********
 **   33 **FIX            3
 **********
 **********
 **   34 **FIX            4
 **********
 **********
 **   35 **FIX            8
 **********
 **********
 **   36 **FIX            9
 **********
 PARAMETER    9  IS CONSTANT.   IGNORED.
 **********
 **   37 **FIX           11
 **********
 PARAMETER   11  IS CONSTANT.   IGNORED.
 **********
 **   38 **FIX           12
 **********
 PARAMETER   12  IS CONSTANT.   IGNORED.
 **********
 **   39 **FIX           13
 **********
 PARAMETER   13  IS CONSTANT.   IGNORED.
 **********
 **   40 **FIX           15
 **********
 PARAMETER   15  IS CONSTANT.   IGNORED.
 **********
 **   41 **FIX           16
 **********
 PARAMETER   16  IS CONSTANT.   IGNORED.
 **********
 **   42 **MIGRAD
 **********
 START MIGRAD MINIMIZATION.  STRATEGY  1.  CONVERGENCE WHEN EDM .LT. 1.00e-04
 FCN=517.183 FROM MIGRAD    STATUS=INITIATE       16 CALLS         582 TOTAL
                     EDM= unknown      STRATEGY= 1      NO ERROR MATRIX       
  EXT PARAMETER               CURRENT GUESS       STEP         FIRST   
  NO.   NAME      VALUE            ERROR          SIZE      DERIVATIVE 
   1  N0           2.99383e+06     fixed    
   2  tau          6.43993e+01   constant   
   3  A0           3.53821e-01     fixed    
   4  phi          4.11964e+00     fixed    
   5  R           -6.01693e+01   constant   
   6  A_CBO        5.59553e-04   5.62555e-04   6.18616e-06   1.13821e+00
   7  w_CBO        2.32817e+00   3.86825e-03   3.74453e-06  -4.68346e+00
   8  phi_CBO      2.20264e+00     fixed    
   9  ANx2         6.17909e-04   constant   
  10  pNx2         3.86483e+00   constant   
  11  ANy1         0.00000e+00   constant   
  12  pNy1         0.00000e+00   constant   
  13  w_y          0.00000e+00   constant   
  14  ANy2         7.96733e-03   1.00000e-04   1.00000e-04   5.35461e+04
  15  pNy2         1.76471e+00   constant   
  16  w_vw         1.43097e+01   constant   
  17  LM          -1.37296e-04   constant   
  18  wCBO_expCoeff   1.99842e+02   4.67733e-01   4.56356e-04  -3.40097e-02
  19  wCBO_expOffset   1.99977e+02   7.28407e-02   9.53562e-05  -2.25280e-01
  20  wCBO_expT    3.00122e+01   1.54791e-02   1.63298e-05  -1.00853e+00
  21  wCBO_linCoeff   0.00000e+00   constant   
  22  wCBO_const   8.46290e-04   1.71396e-03   4.36696e-06  -4.09258e+00
 MIGRAD MINIMIZATION HAS CONVERGED.
 MIGRAD WILL VERIFY CONVERGENCE AND ERROR MATRIX.
 FCN=301.658 FROM MIGRAD    STATUS=CONVERGED     134 CALLS         700 TOTAL
                     EDM=2.99792e-05    STRATEGY= 1      ERR MATRIX NOT POS-DEF
  EXT PARAMETER                APPROXIMATE        STEP         FIRST   
  NO.   NAME      VALUE            ERROR          SIZE      DERIVATIVE 
   1  N0           2.99383e+06     fixed    
   2  tau          6.43993e+01   constant   
   3  A0           3.53821e-01     fixed    
   4  phi          4.11964e+00     fixed    
   5  R           -6.01693e+01   constant   
   6  A_CBO        4.98936e-04   5.67906e-04   4.72497e-06  -5.07570e+00
   7  w_CBO        2.32816e+00   5.42421e-03   5.05838e-06  -3.88362e+00
   8  phi_CBO      2.20264e+00     fixed    
   9  ANx2         6.17909e-04   constant   
  10  pNx2         3.86483e+00   constant   
  11  ANy1         0.00000e+00   constant   
  12  pNy1         0.00000e+00   constant   
  13  w_y          0.00000e+00   constant   
  14  ANy2        -8.28461e-05   5.44218e-04   4.65782e-06   2.84629e-02
  15  pNy2         1.76471e+00   constant   
  16  w_vw         1.43097e+01   constant   
  17  LM          -1.37296e-04   constant   
  18  wCBO_expCoeff   1.99844e+02   8.92471e-01   6.48887e-04  -2.93300e-02
  19  wCBO_expOffset   1.99977e+02   1.34038e-01   9.74490e-05  -1.94760e-01
  20  wCBO_expT    3.00123e+01   2.57961e-02   2.32412e-05  -1.07181e+00
  21  wCBO_linCoeff   0.00000e+00   constant   
  22  wCBO_const   7.96993e-04   2.36952e-03   4.82884e-06  -3.17699e+00
 EXTERNAL ERROR MATRIX.    NDIM=  25    NPAR=  7    ERR DEF=1
  3.225e-07 -9.140e-08  2.479e-09 -3.847e-05 -5.778e-06  3.124e-06  9.179e-09 
 -9.140e-08  2.942e-05  9.266e-10 -9.591e-04 -1.442e-04 -2.372e-05 -1.192e-05 
  2.479e-09  9.266e-10  2.962e-07 -3.501e-07 -5.261e-08  1.594e-08  2.425e-09 
 -3.847e-05 -9.591e-04 -3.501e-07  7.965e-01 -7.677e-02 -7.628e-03  5.528e-04 
 -5.778e-06 -1.442e-04 -5.261e-08 -7.677e-02  1.797e-02 -1.146e-03  8.308e-05 
  3.124e-06 -2.372e-05  1.594e-08 -7.628e-03 -1.146e-03  6.654e-04 -4.471e-06 
  9.179e-09 -1.192e-05  2.425e-09  5.528e-04  8.308e-05 -4.471e-06  5.615e-06 
ERR MATRIX NOT POS-DEF
 PARAMETER  CORRELATION COEFFICIENTS  
       NO.  GLOBAL      6      7     14     18     19     20     22
        6  0.23529   1.000 -0.030  0.008 -0.076 -0.076  0.213  0.007
        7  0.99406  -0.030  1.000  0.000 -0.198 -0.198 -0.170 -0.927
       14  0.01113   0.008  0.000  1.000 -0.001 -0.001  0.001  0.002
       18  0.99640  -0.076 -0.198 -0.001  1.000 -0.642 -0.331  0.261
       19  0.99640  -0.076 -0.198 -0.001 -0.642  1.000 -0.331  0.262
       20  0.99446   0.213 -0.170  0.001 -0.331 -0.331  1.000 -0.073
       22  0.97118   0.007 -0.927  0.002  0.261  0.262 -0.073  1.000
 ERR MATRIX NOT POS-DEF
MINUIT - FIT ONLY 2-CBO
 **********
 **   43 **RES 
 **********
                   PARAMETER    8  phi_CBO RESTORED TO VARIABLE.
                   PARAMETER    4  phi RESTORED TO VARIABLE.
                   PARAMETER    3  A0 RESTORED TO VARIABLE.
                   PARAMETER    1  N0 RESTORED TO VARIABLE.
 **********
 **   44 **FIX            0
 **********
 PARAMETER    0  IS UNDEFINED. IGNORED.
 **********
 **   45 **FIX            1
 **********
 **********
 **   46 **FIX            2
 **********
 PARAMETER    2  IS CONSTANT.   IGNORED.
 **********
 **   47 **FIX            3
 **********
 **********
 **   48 **FIX            4
 **********
 **********
 **   49 **FIX            5
 **********
 PARAMETER    5  IS CONSTANT.   IGNORED.
 **********
 **   50 **FIX            6
 **********
 **********
 **   51 **FIX            7
 **********
 **********
 **   52 **FIX           10
 **********
 PARAMETER   10  IS CONSTANT.   IGNORED.
 **********
 **   53 **FIX           11
 **********
 PARAMETER   11  IS CONSTANT.   IGNORED.
 **********
 **   54 **FIX           12
 **********
 PARAMETER   12  IS CONSTANT.   IGNORED.
 **********
 **   55 **FIX           13
 **********
 PARAMETER   13  IS CONSTANT.   IGNORED.
 **********
 **   56 **FIX           14
 **********
 **********
 **   57 **FIX           15
 **********
 PARAMETER   15  IS CONSTANT.   IGNORED.
 **********
 **   58 **FIX           16
 **********
 PARAMETER   16  IS CONSTANT.   IGNORED.
 **********
 **   59 **MIGRAD
 **********
 START MIGRAD MINIMIZATION.  STRATEGY  1.  CONVERGENCE WHEN EDM .LT. 1.00e-04
 FCN=301.658 FROM MIGRAD    STATUS=INITIATE       10 CALLS         710 TOTAL
                     EDM= unknown      STRATEGY= 1      NO ERROR MATRIX       
  EXT PARAMETER               CURRENT GUESS       STEP         FIRST   
  NO.   NAME      VALUE            ERROR          SIZE      DERIVATIVE 
   1  N0           2.99383e+06     fixed    
   2  tau          6.43993e+01   constant   
   3  A0           3.53821e-01     fixed    
   4  phi          4.11964e+00     fixed    
   5  R           -6.01693e+01   constant   
   6  A_CBO        4.98936e-04     fixed    
   7  w_CBO        2.32816e+00     fixed    
   8  phi_CBO      2.20264e+00   1.08335e+00   1.08335e+00   7.95580e-02
   9  ANx2         6.17909e-04   constant   
  10  pNx2         3.86483e+00   constant   
  11  ANy1         0.00000e+00   constant   
  12  pNy1         0.00000e+00   constant   
  13  w_y          0.00000e+00   constant   
  14  ANy2        -8.28461e-05     fixed    
  15  pNy2         1.76471e+00   constant   
  16  w_vw         1.43097e+01   constant   
  17  LM          -1.37296e-04   constant   
  18  wCBO_expCoeff   1.99844e+02   8.92471e-01   6.48887e-04  -2.89414e-02
  19  wCBO_expOffset   1.99977e+02   1.34038e-01   9.74490e-05  -1.92710e-01
  20  wCBO_expT    3.00123e+01   2.57961e-02   2.32412e-05  -1.06377e+00
  21  wCBO_linCoeff   0.00000e+00   constant   
  22  wCBO_const   7.96993e-04   2.36952e-03   4.82884e-06  -3.16658e+00
 MIGRAD MINIMIZATION HAS CONVERGED.
 MIGRAD WILL VERIFY CONVERGENCE AND ERROR MATRIX.
 FCN=301.655 FROM MIGRAD    STATUS=CONVERGED      81 CALLS         781 TOTAL
                     EDM=2.58706e-06    STRATEGY= 1      ERR MATRIX NOT POS-DEF
  EXT PARAMETER                APPROXIMATE        STEP         FIRST   
  NO.   NAME      VALUE            ERROR          SIZE      DERIVATIVE 
   1  N0           2.99383e+06     fixed    
   2  tau          6.43993e+01   constant   
   3  A0           3.53821e-01     fixed    
   4  phi          4.11964e+00     fixed    
   5  R           -6.01693e+01   constant   
   6  A_CBO        4.98936e-04     fixed    
   7  w_CBO        2.32816e+00     fixed    
   8  phi_CBO      2.13551e+00   1.29102e+00   9.19047e-03   1.02913e-04
   9  ANx2         6.17909e-04   constant   
  10  pNx2         3.86483e+00   constant   
  11  ANy1         0.00000e+00   constant   
  12  pNy1         0.00000e+00   constant   
  13  w_y          0.00000e+00   constant   
  14  ANy2        -8.28461e-05     fixed    
  15  pNy2         1.76471e+00   constant   
  16  w_vw         1.43097e+01   constant   
  17  LM          -1.37296e-04   constant   
  18  wCBO_expCoeff   1.99844e+02   9.59121e-01   6.57212e-04  -3.38250e-03
  19  wCBO_expOffset   1.99977e+02   1.44040e-01   9.86995e-05  -2.25018e-02
  20  wCBO_expT    3.00123e+01   2.60039e-02   2.34594e-05  -1.84947e-01
  21  wCBO_linCoeff   0.00000e+00   constant   
  22  wCBO_const   7.77803e-04   9.62658e-04   4.83578e-06  -4.65700e-01
 EXTERNAL ERROR MATRIX.    NDIM=  25    NPAR=  5    ERR DEF=1
  1.667e+00 -2.337e-02 -3.510e-03  1.871e-03  4.345e-04 
 -2.337e-02  9.199e-01 -1.031e-01 -8.796e-03  1.700e-04 
 -3.510e-03 -1.031e-01  2.075e-02 -1.321e-03  2.553e-05 
  1.871e-03 -8.796e-03 -1.321e-03  6.762e-04 -1.449e-05 
  4.345e-04  1.700e-04  2.553e-05 -1.449e-05  9.267e-07 
ERR MATRIX NOT POS-DEF
 PARAMETER  CORRELATION COEFFICIENTS  
       NO.  GLOBAL      8     18     19     20     22
        8  0.55416   1.000 -0.019 -0.019  0.056  0.350
       18  0.99682  -0.019  1.000 -0.746 -0.353  0.184
       19  0.99682  -0.019 -0.746  1.000 -0.353  0.184
       20  0.99447   0.056 -0.353 -0.353  1.000 -0.579
       22  0.80907   0.350  0.184  0.184 -0.579  1.000
 ERR MATRIX NOT POS-DEF
MINUIT - FIT ONLY 1-y
 **********
 **   60 **RES 
 **********
                   PARAMETER   14  ANy2 RESTORED TO VARIABLE.
                   PARAMETER    7  w_CBO RESTORED TO VARIABLE.
                   PARAMETER    6  A_CBO RESTORED TO VARIABLE.
                   PARAMETER    4  phi RESTORED TO VARIABLE.
                   PARAMETER    3  A0 RESTORED TO VARIABLE.
                   PARAMETER    1  N0 RESTORED TO VARIABLE.
 **********
 **   61 **FIX            0
 **********
 PARAMETER    0  IS UNDEFINED. IGNORED.
 **********
 **   62 **FIX            1
 **********
 **********
 **   63 **FIX            2
 **********
 PARAMETER    2  IS CONSTANT.   IGNORED.
 **********
 **   64 **FIX            3
 **********
 **********
 **   65 **FIX            4
 **********
 **********
 **   66 **FIX            5
 **********
 PARAMETER    5  IS CONSTANT.   IGNORED.
 **********
 **   67 **FIX            6
 **********
 **********
 **   68 **FIX            7
 **********
 **********
 **   69 **FIX            8
 **********
 **********
 **   70 **FIX            9
 **********
 PARAMETER    9  IS CONSTANT.   IGNORED.
 **********
 **   71 **FIX           13
 **********
 PARAMETER   13  IS CONSTANT.   IGNORED.
 **********
 **   72 **FIX           14
 **********
 **********
 **   73 **FIX           15
 **********
 PARAMETER   15  IS CONSTANT.   IGNORED.
 **********
 **   74 **FIX           16
 **********
 PARAMETER   16  IS CONSTANT.   IGNORED.
 **********
 **   75 **MIGRAD
 **********
 START MIGRAD MINIMIZATION.  STRATEGY  1.  CONVERGENCE WHEN EDM .LT. 1.00e-04
 FCN=301.655 FROM MIGRAD    STATUS=INITIATE        8 CALLS         789 TOTAL
                     EDM= unknown      STRATEGY= 1      NO ERROR MATRIX       
  EXT PARAMETER               CURRENT GUESS       STEP         FIRST   
  NO.   NAME      VALUE            ERROR          SIZE      DERIVATIVE 
   1  N0           2.99383e+06     fixed    
   2  tau          6.43993e+01   constant   
   3  A0           3.53821e-01     fixed    
   4  phi          4.11964e+00     fixed    
   5  R           -6.01693e+01   constant   
   6  A_CBO        4.98936e-04     fixed    
   7  w_CBO        2.32816e+00     fixed    
   8  phi_CBO      2.13551e+00     fixed    
   9  ANx2         6.17909e-04   constant   
  10  pNx2         3.86483e+00   constant   
  11  ANy1         0.00000e+00   constant   
  12  pNy1         0.00000e+00   constant   
  13  w_y          0.00000e+00   constant   
  14  ANy2        -8.28461e-05     fixed    
  15  pNy2         1.76471e+00   constant   
  16  w_vw         1.43097e+01   constant   
  17  LM          -1.37296e-04   constant   
  18  wCBO_expCoeff   1.99844e+02   9.59121e-01   6.57212e-04  -3.31665e-03
  19  wCBO_expOffset   1.99977e+02   1.44040e-01   9.86995e-05  -1.99414e-02
  20  wCBO_expT    3.00123e+01   2.60039e-02   2.34594e-05  -1.76769e-01
  21  wCBO_linCoeff   0.00000e+00   constant   
  22  wCBO_const   7.77803e-04   9.62658e-04   4.83578e-06  -4.54677e-01
 MIGRAD MINIMIZATION HAS CONVERGED.
 MIGRAD WILL VERIFY CONVERGENCE AND ERROR MATRIX.
 FCN=301.655 FROM MIGRAD    STATUS=CONVERGED      49 CALLS         830 TOTAL
                     EDM=2.63324e-06    STRATEGY= 1      ERR MATRIX NOT POS-DEF
  EXT PARAMETER                APPROXIMATE        STEP         FIRST   
  NO.   NAME      VALUE            ERROR          SIZE      DERIVATIVE 
   1  N0           2.99383e+06     fixed    
   2  tau          6.43993e+01   constant   
   3  A0           3.53821e-01     fixed    
   4  phi          4.11964e+00     fixed    
   5  R           -6.01693e+01   constant   
   6  A_CBO        4.98936e-04     fixed    
   7  w_CBO        2.32816e+00     fixed    
   8  phi_CBO      2.13551e+00     fixed    
   9  ANx2         6.17909e-04   constant   
  10  pNx2         3.86483e+00   constant   
  11  ANy1         0.00000e+00   constant   
  12  pNy1         0.00000e+00   constant   
  13  w_y          0.00000e+00   constant   
  14  ANy2        -8.28461e-05     fixed    
  15  pNy2         1.76471e+00   constant   
  16  w_vw         1.43097e+01   constant   
  17  LM          -1.37296e-04   constant   
  18  wCBO_expCoeff   1.99844e+02   9.87606e-01   6.54021e-04   1.42746e-03
  19  wCBO_expOffset   1.99977e+02   1.48318e-01   9.82206e-05   9.52669e-03
  20  wCBO_expT    3.00123e+01   2.63709e-02   2.33633e-05  -4.90022e-02
  21  wCBO_linCoeff   0.00000e+00   constant   
  22  wCBO_const   7.77827e-04   9.07696e-04   4.84151e-06   3.18647e-02
 EXTERNAL ERROR MATRIX.    NDIM=  25    NPAR=  4    ERR DEF=1
  9.754e-01 -1.105e-01 -9.048e-03  1.822e-04 
 -1.105e-01  2.200e-02 -1.359e-03  2.736e-05 
 -9.048e-03 -1.359e-03  6.954e-04 -1.545e-05 
  1.822e-04  2.736e-05 -1.545e-05  8.239e-07 
ERR MATRIX NOT POS-DEF
 PARAMETER  CORRELATION COEFFICIENTS  
       NO.  GLOBAL     18     19     20     22
       18  0.99700   1.000 -0.754 -0.347  0.203
       19  0.99700  -0.754  1.000 -0.347  0.203
       20  0.99463  -0.347 -0.347  1.000 -0.645
       22  0.78193   0.203  0.203 -0.645  1.000
 ERR MATRIX NOT POS-DEF
MINUIT - FIT ONLY 2-y
 **********
 **   76 **RES 
 **********
                   PARAMETER   14  ANy2 RESTORED TO VARIABLE.
                   PARAMETER    8  phi_CBO RESTORED TO VARIABLE.
                   PARAMETER    7  w_CBO RESTORED TO VARIABLE.
                   PARAMETER    6  A_CBO RESTORED TO VARIABLE.
                   PARAMETER    4  phi RESTORED TO VARIABLE.
                   PARAMETER    3  A0 RESTORED TO VARIABLE.
                   PARAMETER    1  N0 RESTORED TO VARIABLE.
 **********
 **   77 **FIX            0
 **********
 PARAMETER    0  IS UNDEFINED. IGNORED.
 **********
 **   78 **FIX            1
 **********
 **********
 **   79 **FIX            2
 **********
 PARAMETER    2  IS CONSTANT.   IGNORED.
 **********
 **   80 **FIX            3
 **********
 **********
 **   81 **FIX            4
 **********
 **********
 **   82 **FIX            5
 **********
 PARAMETER    5  IS CONSTANT.   IGNORED.
 **********
 **   83 **FIX            6
 **********
 **********
 **   84 **FIX            7
 **********
 **********
 **   85 **FIX            8
 **********
 **********
 **   86 **FIX            9
 **********
 PARAMETER    9  IS CONSTANT.   IGNORED.
 **********
 **   87 **FIX           10
 **********
 PARAMETER   10  IS CONSTANT.   IGNORED.
 **********
 **   88 **FIX           11
 **********
 PARAMETER   11  IS CONSTANT.   IGNORED.
 **********
 **   89 **FIX           12
 **********
 PARAMETER   12  IS CONSTANT.   IGNORED.
 **********
 **   90 **FIX           16
 **********
 PARAMETER   16  IS CONSTANT.   IGNORED.
 **********
 **   91 **MIGRAD
 **********
 START MIGRAD MINIMIZATION.  STRATEGY  1.  CONVERGENCE WHEN EDM .LT. 1.00e-04
 FCN=301.655 FROM MIGRAD    STATUS=INITIATE       10 CALLS         840 TOTAL
                     EDM= unknown      STRATEGY= 1      NO ERROR MATRIX       
  EXT PARAMETER               CURRENT GUESS       STEP         FIRST   
  NO.   NAME      VALUE            ERROR          SIZE      DERIVATIVE 
   1  N0           2.99383e+06     fixed    
   2  tau          6.43993e+01   constant   
   3  A0           3.53821e-01     fixed    
   4  phi          4.11964e+00     fixed    
   5  R           -6.01693e+01   constant   
   6  A_CBO        4.98936e-04     fixed    
   7  w_CBO        2.32816e+00     fixed    
   8  phi_CBO      2.13551e+00     fixed    
   9  ANx2         6.17909e-04   constant   
  10  pNx2         3.86483e+00   constant   
  11  ANy1         0.00000e+00   constant   
  12  pNy1         0.00000e+00   constant   
  13  w_y          0.00000e+00   constant   
  14  ANy2        -8.28461e-05   5.44218e-04   5.44218e-04   1.43933e+00
  15  pNy2         1.76471e+00   constant   
  16  w_vw         1.43097e+01   constant   
  17  LM          -1.37296e-04   constant   
  18  wCBO_expCoeff   1.99844e+02   9.87606e-01   6.54021e-04   1.49265e-03
  19  wCBO_expOffset   1.99977e+02   1.48318e-01   9.82206e-05   1.20861e-02
  20  wCBO_expT    3.00123e+01   2.63709e-02   2.33633e-05  -4.56521e-02
  21  wCBO_linCoeff   0.00000e+00   constant   
  22  wCBO_const   7.77827e-04   9.07696e-04   4.84151e-06   3.36823e-02
 MIGRAD MINIMIZATION HAS CONVERGED.
 MIGRAD WILL VERIFY CONVERGENCE AND ERROR MATRIX.
 FCN=301.655 FROM MIGRAD    STATUS=CONVERGED      60 CALLS         890 TOTAL
                     EDM=2.624e-06    STRATEGY= 1      ERR MATRIX NOT POS-DEF
  EXT PARAMETER                APPROXIMATE        STEP         FIRST   
  NO.   NAME      VALUE            ERROR          SIZE      DERIVATIVE 
   1  N0           2.99383e+06     fixed    
   2  tau          6.43993e+01   constant   
   3  A0           3.53821e-01     fixed    
   4  phi          4.11964e+00     fixed    
   5  R           -6.01693e+01   constant   
   6  A_CBO        4.98936e-04     fixed    
   7  w_CBO        2.32816e+00     fixed    
   8  phi_CBO      2.13551e+00     fixed    
   9  ANx2         6.17909e-04   constant   
  10  pNx2         3.86483e+00   constant   
  11  ANy1         0.00000e+00   constant   
  12  pNy1         0.00000e+00   constant   
  13  w_y          0.00000e+00   constant   
  14  ANy2        -8.30625e-05   5.44400e-04   4.65780e-06   8.22728e-04
  15  pNy2         1.76471e+00   constant   
  16  w_vw         1.43097e+01   constant   
  17  LM          -1.37296e-04   constant   
  18  wCBO_expCoeff   1.99844e+02   9.87684e-01   6.53948e-04  -3.72542e-04
  19  wCBO_expOffset   1.99977e+02   1.48329e-01   9.82096e-05  -2.45930e-03
  20  wCBO_expT    3.00123e+01   2.63729e-02   2.33610e-05  -9.88359e-02
  21  wCBO_linCoeff   0.00000e+00   constant   
  22  wCBO_const   7.77822e-04   9.07733e-04   4.84139e-06  -1.05778e-01
 EXTERNAL ERROR MATRIX.    NDIM=  25    NPAR=  5    ERR DEF=1
  2.964e-07 -3.559e-07 -5.347e-08  2.024e-08  3.146e-09 
 -3.559e-07  9.755e-01 -1.105e-01 -9.050e-03  1.822e-04 
 -5.347e-08 -1.105e-01  2.200e-02 -1.359e-03  2.736e-05 
  2.024e-08 -9.050e-03 -1.359e-03  6.955e-04 -1.545e-05 
  3.146e-09  1.822e-04  2.736e-05 -1.545e-05  8.240e-07 
ERR MATRIX NOT POS-DEF
 PARAMETER  CORRELATION COEFFICIENTS  
       NO.  GLOBAL     14     18     19     20     22
       14  0.00990   1.000 -0.001 -0.001  0.001  0.006
       18  0.99700  -0.001  1.000 -0.754 -0.347  0.203
       19  0.99700  -0.001 -0.754  1.000 -0.347  0.203
       20  0.99463   0.001 -0.347 -0.347  1.000 -0.645
       22  0.78194   0.006  0.203  0.203 -0.645  1.000
 ERR MATRIX NOT POS-DEF
MINUIT - FIT ALTOGETHER
 **********
 **   92 **RES 
 **********
                   PARAMETER    8  phi_CBO RESTORED TO VARIABLE.
                   PARAMETER    7  w_CBO RESTORED TO VARIABLE.
                   PARAMETER    6  A_CBO RESTORED TO VARIABLE.
                   PARAMETER    4  phi RESTORED TO VARIABLE.
                   PARAMETER    3  A0 RESTORED TO VARIABLE.
                   PARAMETER    1  N0 RESTORED TO VARIABLE.
 **********
 **   93 **MIGRAD
 **********
 START MIGRAD MINIMIZATION.  STRATEGY  1.  CONVERGENCE WHEN EDM .LT. 1.00e-04
 FCN=301.655 FROM MIGRAD    STATUS=INITIATE       22 CALLS         912 TOTAL
                     EDM= unknown      STRATEGY= 1      NO ERROR MATRIX       
  EXT PARAMETER               CURRENT GUESS       STEP         FIRST   
  NO.   NAME      VALUE            ERROR          SIZE      DERIVATIVE 
   1  N0           2.99383e+06   1.17445e+03   1.17445e+03  -1.83695e-04
   2  tau          6.43993e+01   constant   
   3  A0           3.53821e-01   5.26300e-04   5.26300e-04   4.95897e+02
   4  phi          4.11964e+00   1.52389e-03   1.52389e-03   5.48185e+01
   5  R           -6.01693e+01   constant   
   6  A_CBO        4.98936e-04   5.67906e-04   5.67906e-04  -6.32841e+00
   7  w_CBO        2.32816e+00   5.42421e-03   5.42421e-03  -4.62423e-02
   8  phi_CBO      2.13551e+00   1.29102e+00   1.29102e+00  -1.43327e-06
   9  ANx2         6.17909e-04   constant   
  10  pNx2         3.86483e+00   constant   
  11  ANy1         0.00000e+00   constant   
  12  pNy1         0.00000e+00   constant   
  13  w_y          0.00000e+00   constant   
  14  ANy2        -8.30625e-05   5.44400e-04   4.65780e-06   8.22587e-04
  15  pNy2         1.76471e+00   constant   
  16  w_vw         1.43097e+01   constant   
  17  LM          -1.37296e-04   constant   
  18  wCBO_expCoeff   1.99844e+02   9.87684e-01   6.53948e-04  -3.07363e-04
  19  wCBO_expOffset   1.99977e+02   1.48329e-01   9.82096e-05   1.00618e-04
  20  wCBO_expT    3.00123e+01   2.63729e-02   2.33610e-05  -9.54849e-02
  21  wCBO_linCoeff   0.00000e+00   constant   
  22  wCBO_const   7.77822e-04   9.07733e-04   4.84139e-06  -1.03962e-01
 MIGRAD MINIMIZATION HAS CONVERGED.
 MIGRAD WILL VERIFY CONVERGENCE AND ERROR MATRIX.
 FCN=301.627 FROM HESSE     STATUS=NOT POSDEF    106 CALLS        1088 TOTAL
                     EDM=0.000113625    STRATEGY= 1      ERR MATRIX NOT POS-DEF
  EXT PARAMETER                APPROXIMATE        STEP         FIRST   
  NO.   NAME      VALUE            ERROR          SIZE      DERIVATIVE 
   1  N0           2.99395e+06   1.15860e+03   9.67041e+00   1.16270e-08
