 + ++++++++++++++++++++++++++++++++++++++++++++++++++++++++++++++++++++ +
 +                                                                      +
 +           You have chose to blind your fitting according to          +
 +                omega_ref * (1 + (R +/- deltaR) *10^{-6})             +
 +                                                                      +
 + ++++++++++++++++++++++++++++++++++++++++++++++++++++++++++++++++++++ +
In main()...
reading format from /gm2data/zkhechad/run45/envelope/formats/formatB_sBin_constraintOn.txt
pBinTau 	= 0  
pBinPhi 	= 0  
constraintau 	= 1 
includeMopTerm 	= 0    
constrainMop    = 0   
Parameters after format file: pBinTau 0 pBinPhi 0 constraintau 1 includeMopTerm 0 constrainMop 0 c_e_scale 0.000000 
reading cbo reference file (full fit) from /gm2data/zkhechad/cboTemplates/Run4CBOTemplates/fullFits/run4/sBin_constraintOn_cE0.0_seed0_run4_calo15.root
A_CBO 0.008274 w_CBO 2.326361 phi_CBO 0.928510 N0 2995032.431773 R -60.169268 tau 64.399261 
Reading cboRef file /gm2data/zkhechad/cboTemplates/Run4CBOTemplates//cboIsolate/run4_calo15.root
deltaT 59.861644
windowBins = 400
fitting sliding window 920 from bin 1123 at 167.551600 to bin 1523 at 227.231600 (400 bins)

Reading data from /gm2data/cornell/histograms/aMethod/histogram_a_run4.root
fitting cbo isolate
 **********
 **    1 **SET PRINTOUT            1
 **********
 **********
 **    2 **SET NOWARNINGS 
 **********
 PARAMETER DEFINITIONS:
    NO.   NAME         VALUE      STEP SIZE      LIMITS
     1 A_CBO        8.27396e-03  1.00000e-05     no limits
     2 w_CBO        2.32636e+00  1.00000e-02    2.00000e+00  3.00000e+00
     3 phi_CBO      9.28510e-01  1.00000e-02    0.00000e+00  6.28319e+00
 **********
 **    3 **MIGRAD
 **********
 FIRST CALL TO USER FUNCTION AT NEW START POINT, WITH IFLAG=4.
 START MIGRAD MINIMIZATION.  STRATEGY  1.  CONVERGENCE WHEN EDM .LT. 1.00e-04
 FCN=0.00655611 FROM MIGRAD    STATUS=INITIATE       12 CALLS          13 TOTAL
                     EDM= unknown      STRATEGY= 1      NO ERROR MATRIX       
  EXT PARAMETER               CURRENT GUESS       STEP         FIRST   
  NO.   NAME      VALUE            ERROR          SIZE      DERIVATIVE 
   1  A_CBO        8.27396e-03   1.00000e-05   1.00000e-05   2.06915e+00
   2  w_CBO        2.32636e+00   1.00000e-02   2.13296e-02  -3.72014e-02
   3  phi_CBO      9.28510e-01   1.00000e-02   4.48483e-03   8.57374e-04
 MIGRAD MINIMIZATION HAS CONVERGED.
 MIGRAD WILL VERIFY CONVERGENCE AND ERROR MATRIX.
 FCN=0.00120357 FROM MIGRAD    STATUS=CONVERGED      41 CALLS          42 TOTAL
                     EDM=8.07618e-06    STRATEGY= 1      ERR MATRIX NOT POS-DEF
  EXT PARAMETER                APPROXIMATE        STEP         FIRST   
  NO.   NAME      VALUE            ERROR          SIZE      DERIVATIVE 
   1  A_CBO        3.10248e-03   7.11538e-02   3.45316e-05  -3.21441e-04
   2  w_CBO        2.32656e+00   8.11206e-01   1.20766e-04   1.03597e-02
   3  phi_CBO      8.91882e-01   3.72974e+00   5.11879e-03  -2.62791e-04
 EXTERNAL ERROR MATRIX.    NDIM=  25    NPAR=  3    ERR DEF=1
  5.063e-03 -1.864e-02 -3.638e+00 
 -1.864e-02  3.349e+00  6.623e+02 
 -3.638e+00  6.623e+02  1.315e+05 
ERR MATRIX NOT POS-DEF
 PARAMETER  CORRELATION COEFFICIENTS  
       NO.  GLOBAL      1      2      3
        1  0.14617   1.000 -0.143 -0.141
        2  0.99801  -0.143  1.000  0.998
        3  0.99801  -0.141  0.998  1.000
 ERR MATRIX NOT POS-DEF
setting A_CBO=0.003102 w_CBO=2.326560, phi_CBO=0.891882
done fitting cbo isolate
 **********
 **    1 **SET PRINTOUT            1
 **********
 **********
 **    2 **SET NOWARNINGS 
 **********
 PARAMETER DEFINITIONS:
    NO.   NAME         VALUE      STEP SIZE      LIMITS
     1 N0           2.99503e+06  1.00000e+02     no limits
     2 tau          6.43993e+01  constant
     3 A0           3.54065e-01  1.00000e-04     no limits
     4 phi          4.11942e+00  1.00000e-02     no limits
     5 R           -6.01693e+01  constant
     6 A_CBO        3.10248e-03  1.00000e-05     no limits
     7 w_CBO        2.32656e+00  1.00000e-03     no limits
     8 phi_CBO      8.91882e-01  1.00000e-04     no limits
     9 ANx2         6.17909e-04  constant
    10 pNx2         3.86483e+00  constant
    11 ANy1         0.00000e+00  constant
    12 pNy1         0.00000e+00  constant
    13 w_y          0.00000e+00  constant
    14 ANy2         7.96733e-03  1.00000e-04     no limits
    15 pNy2         1.76471e+00  constant
    16 w_vw         1.43097e+01  constant
    17 LM          -1.37296e-04  constant
    18 wCBO_expCoeff   2.00000e+02  1.00000e+00     no limits
    19 wCBO_expOffset   2.00000e+02  1.00000e+00     no limits
    20 wCBO_expT    3.00000e+01  1.00000e+00     no limits
    21 wCBO_linCoeff   0.00000e+00  constant
    22 wCBO_const   0.00000e+00  1.00000e-02     no limits
MINUIT - FIT ONLY WIGGLE
 **********
 **    3 **FIX            5
 **********
 PARAMETER    5  IS CONSTANT.   IGNORED.
 **********
 **    4 **FIX            6
 **********
 **********
 **    5 **FIX            7
 **********
 **********
 **    6 **FIX            8
 **********
 **********
 **    7 **FIX            9
 **********
 PARAMETER    9  IS CONSTANT.   IGNORED.
 **********
 **    8 **FIX           10
 **********
 PARAMETER   10  IS CONSTANT.   IGNORED.
 **********
 **    9 **FIX           11
 **********
 PARAMETER   11  IS CONSTANT.   IGNORED.
 **********
 **   10 **FIX           12
 **********
 PARAMETER   12  IS CONSTANT.   IGNORED.
 **********
 **   11 **FIX           13
 **********
 PARAMETER   13  IS CONSTANT.   IGNORED.
 **********
 **   12 **FIX           14
 **********
 **********
 **   13 **FIX           15
 **********
 PARAMETER   15  IS CONSTANT.   IGNORED.
 **********
 **   14 **FIX           16
 **********
 PARAMETER   16  IS CONSTANT.   IGNORED.
 **********
 **   15 **MIGRAD
 **********
 FIRST CALL TO USER FUNCTION AT NEW START POINT, WITH IFLAG=4.
 START MIGRAD MINIMIZATION.  STRATEGY  1.  CONVERGENCE WHEN EDM .LT. 1.00e-04
 FCN=1777.42 FROM MIGRAD    STATUS=INITIATE       34 CALLS          35 TOTAL
                     EDM= unknown      STRATEGY= 1      NO ERROR MATRIX       
  EXT PARAMETER               CURRENT GUESS       STEP         FIRST   
  NO.   NAME      VALUE            ERROR          SIZE      DERIVATIVE 
   1  N0           2.99503e+06   1.00000e+02   1.00000e+02   7.20711e-03
   2  tau          6.43993e+01   constant   
   3  A0           3.54065e-01   1.00000e-04   1.00000e-04   8.32093e+03
   4  phi          4.11942e+00   1.00000e-02   1.00000e-02   1.48613e+03
   5  R           -6.01693e+01   constant   
   6  A_CBO        3.10248e-03     fixed    
   7  w_CBO        2.32656e+00     fixed    
   8  phi_CBO      8.91882e-01     fixed    
   9  ANx2         6.17909e-04   constant   
  10  pNx2         3.86483e+00   constant   
  11  ANy1         0.00000e+00   constant   
  12  pNy1         0.00000e+00   constant   
  13  w_y          0.00000e+00   constant   
  14  ANy2         7.96733e-03     fixed    
  15  pNy2         1.76471e+00   constant   
  16  w_vw         1.43097e+01   constant   
  17  LM          -1.37296e-04   constant   
  18  wCBO_expCoeff   2.00000e+02   1.00000e+00   1.00000e+00   9.27619e+03
  19  wCBO_expOffset   2.00000e+02   1.00000e+00   1.00000e+00  -2.00698e+04
  20  wCBO_expT    3.00000e+01   1.00000e+00   1.00000e+00   3.71130e+04
  21  wCBO_linCoeff   0.00000e+00   constant   
  22  wCBO_const   0.00000e+00   1.00000e-02   1.00000e-02   1.04776e+03
 MIGRAD FAILS TO FIND IMPROVEMENT
 COVARIANCE MATRIX CALCULATED SUCCESSFULLY
 FCN=1770.25 FROM HESSE     STATUS=OK             56 CALLS         222 TOTAL
                     EDM=0.0494133    STRATEGY= 1      ERROR MATRIX ACCURATE 
  EXT PARAMETER                                   STEP         FIRST   
  NO.   NAME      VALUE            ERROR          SIZE      DERIVATIVE 
   1  N0           2.99426e+06   4.73997e+02   9.38946e+00   3.06505e-04
   2  tau          6.43993e+01   constant   
   3  A0           3.53877e-01   2.12007e-04   4.26375e-06   3.06455e+02
   4  phi          4.11905e+00   6.05293e-04   1.23599e-05   2.93584e+01
   5  R           -6.01693e+01   constant   
   6  A_CBO        3.10248e-03     fixed    
   7  w_CBO        2.32656e+00     fixed    
   8  phi_CBO      8.91882e-01     fixed    
   9  ANx2         6.17909e-04   constant   
  10  pNx2         3.86483e+00   constant   
  11  ANy1         0.00000e+00   constant   
  12  pNy1         0.00000e+00   constant   
  13  w_y          0.00000e+00   constant   
  14  ANy2         7.96733e-03     fixed    
  15  pNy2         1.76471e+00   constant   
  16  w_vw         1.43097e+01   constant   
  17  LM          -1.37296e-04   constant   
  18  wCBO_expCoeff   1.99999e+02   1.02843e-03   9.53672e-05   4.33374e+02
  19  wCBO_expOffset   2.00000e+02   4.44895e-05   9.53675e-05   2.68863e+03
  20  wCBO_expT    3.00001e+01   1.14272e-04   1.43051e-05   4.82004e+03
  21  wCBO_linCoeff   0.00000e+00   constant   
  22  wCBO_const   4.04120e-04   1.14231e-03   5.44896e-06   8.23832e+02
 MIGRAD FAILS TO FIND IMPROVEMENT
 MIGRAD TERMINATED WITHOUT CONVERGENCE.
 FCN=1770.2 FROM MIGRAD    STATUS=FAILED        247 CALLS         248 TOTAL
                     EDM=0.137001    STRATEGY= 1  ERROR MATRIX UNCERTAINTY   1.3 per cent
  EXT PARAMETER                APPROXIMATE        STEP         FIRST   
  NO.   NAME      VALUE            ERROR          SIZE      DERIVATIVE 
   1  N0           2.99422e+06   4.62152e+02  -0.00000e+00  -8.16058e-05
   2  tau          6.43993e+01   constant   
   3  A0           3.53869e-01   2.08877e-04   0.00000e+00  -8.22703e+01
   4  phi          4.11906e+00   6.05653e-04   0.00000e+00   2.06325e+01
   5  R           -6.01693e+01   constant   
   6  A_CBO        3.10248e-03     fixed    
   7  w_CBO        2.32656e+00     fixed    
   8  phi_CBO      8.91882e-01     fixed    
   9  ANx2         6.17909e-04   constant   
  10  pNx2         3.86483e+00   constant   
  11  ANy1         0.00000e+00   constant   
  12  pNy1         0.00000e+00   constant   
  13  w_y          0.00000e+00   constant   
  14  ANy2         7.96733e-03     fixed    
  15  pNy2         1.76471e+00   constant   
  16  w_vw         1.43097e+01   constant   
  17  LM          -1.37296e-04   constant   
  18  wCBO_expCoeff   1.99999e+02   9.47030e-04  -0.00000e+00  -3.75603e+02
  19  wCBO_expOffset   2.00000e+02   2.28245e-05   0.00000e+00  -1.90436e+04
  20  wCBO_expT    3.00000e+01   1.04151e-04  -0.00000e+00   2.13399e+03
  21  wCBO_linCoeff   0.00000e+00   constant   
  22  wCBO_const   4.45680e-04   9.69260e-04  -0.00000e+00  -2.40232e+02
 EXTERNAL ERROR MATRIX.    NDIM=  25    NPAR=  7    ERR DEF=1
  2.136e+05 -5.551e-05  1.120e-03  5.194e-02 -1.221e-03  5.465e-03 -4.092e-02 
 -5.551e-05  4.363e-08  1.411e-09  2.258e-08 -5.565e-11  2.130e-09 -2.322e-08 
  1.120e-03  1.411e-09  3.668e-07 -9.312e-09  7.473e-10 -3.181e-09 -1.717e-08 
  5.194e-02  2.258e-08 -9.312e-09  8.969e-07  2.328e-09  9.298e-08 -8.051e-07 
 -1.221e-03 -5.565e-11  7.473e-10  2.328e-09  5.210e-10  1.103e-10 -9.505e-09 
  5.465e-03  2.130e-09 -3.181e-09  9.298e-08  1.103e-10  1.085e-08 -7.441e-08 
 -4.092e-02 -2.322e-08 -1.717e-08 -8.051e-07 -9.505e-09 -7.441e-08  9.395e-07 
ERR MATRIX APPROXIMATE
 PARAMETER  CORRELATION COEFFICIENTS  
       NO.  GLOBAL      1      3      4     18     19     20     22
        1  0.20573   1.000 -0.001  0.004  0.119 -0.116  0.114 -0.091
        3  0.13724  -0.001  1.000  0.011  0.114 -0.012  0.098 -0.115
        4  0.11524   0.004  0.011  1.000 -0.016  0.054 -0.050 -0.029
       18  0.98738   0.119  0.114 -0.016  1.000  0.108  0.943 -0.877
       19  0.76548  -0.116 -0.012  0.054  0.108  1.000  0.046 -0.430
       20  0.96709   0.114  0.098 -0.050  0.943  0.046  1.000 -0.737
       22  0.96464  -0.091 -0.115 -0.029 -0.877 -0.430 -0.737  1.000
 ERR MATRIX APPROXIMATE
MINUIT - FIT ONLY 1-CBO + other amplitudes 
 **********
 **   16 **RES 
 **********
                   PARAMETER   14  ANy2 RESTORED TO VARIABLE.
                   PARAMETER    8  phi_CBO RESTORED TO VARIABLE.
                   PARAMETER    7  w_CBO RESTORED TO VARIABLE.
                   PARAMETER    6  A_CBO RESTORED TO VARIABLE.
 **********
 **   17 **FIX            0
 **********
 PARAMETER    0  IS UNDEFINED. IGNORED.
 **********
 **   18 **FIX            1
 **********
 **********
 **   19 **FIX            2
 **********
 PARAMETER    2  IS CONSTANT.   IGNORED.
 **********
 **   20 **FIX            3
 **********
 **********
 **   21 **FIX            4
 **********
 **********
 **   22 **FIX            9
 **********
 PARAMETER    9  IS CONSTANT.   IGNORED.
 **********
 **   23 **FIX           11
 **********
 PARAMETER   11  IS CONSTANT.   IGNORED.
 **********
 **   24 **FIX           12
 **********
 PARAMETER   12  IS CONSTANT.   IGNORED.
 **********
 **   25 **FIX           14
 **********
 **********
 **   26 **FIX           15
 **********
 PARAMETER   15  IS CONSTANT.   IGNORED.
 **********
 **   27 **FIX           16
 **********
 PARAMETER   16  IS CONSTANT.   IGNORED.
 **********
 **   28 **MIGRAD
 **********
 START MIGRAD MINIMIZATION.  STRATEGY  1.  CONVERGENCE WHEN EDM .LT. 1.00e-04
 FCN=1770.2 FROM MIGRAD    STATUS=INITIATE       22 CALLS         270 TOTAL
                     EDM= unknown      STRATEGY= 1      NO ERROR MATRIX       
  EXT PARAMETER               CURRENT GUESS       STEP         FIRST   
  NO.   NAME      VALUE            ERROR          SIZE      DERIVATIVE 
   1  N0           2.99422e+06     fixed    
   2  tau          6.43993e+01   constant   
   3  A0           3.53869e-01     fixed    
   4  phi          4.11906e+00     fixed    
   5  R           -6.01693e+01   constant   
   6  A_CBO        3.10248e-03   1.00000e-05   1.00000e-05   9.25596e+04
   7  w_CBO        2.32656e+00   1.00000e-03   1.00000e-03  -3.24196e+04
   8  phi_CBO      8.91882e-01   1.00000e-04   1.00000e-04   5.56588e+01
   9  ANx2         6.17909e-04   constant   
  10  pNx2         3.86483e+00   constant   
  11  ANy1         0.00000e+00   constant   
  12  pNy1         0.00000e+00   constant   
  13  w_y          0.00000e+00   constant   
  14  ANy2         7.96733e-03     fixed    
  15  pNy2         1.76471e+00   constant   
  16  w_vw         1.43097e+01   constant   
  17  LM          -1.37296e-04   constant   
  18  wCBO_expCoeff   1.99999e+02   9.47030e-04  -0.00000e+00  -3.75603e+02
  19  wCBO_expOffset   2.00000e+02   2.28245e-05   0.00000e+00  -1.90436e+04
  20  wCBO_expT    3.00000e+01   1.04151e-04  -0.00000e+00   2.13399e+03
  21  wCBO_linCoeff   0.00000e+00   constant   
  22  wCBO_const   4.45680e-04   9.69260e-04  -0.00000e+00  -2.40232e+02
 CALL LIMIT EXCEEDED IN MIGRAD.
 MIGRAD TERMINATED WITHOUT CONVERGENCE.
 FCN=1653.04 FROM MIGRAD    STATUS=CALL LIMIT   1149 CALLS        1397 TOTAL
                     EDM=0.198511    STRATEGY= 1  ERROR MATRIX UNCERTAINTY   0.3 per cent
  EXT PARAMETER                APPROXIMATE        STEP         FIRST   
  NO.   NAME      VALUE            ERROR          SIZE      DERIVATIVE 
   1  N0           2.99422e+06     fixed    
   2  tau          6.43993e+01   constant   
   3  A0           3.53869e-01     fixed    
   4  phi          4.11906e+00     fixed    
   5  R           -6.01693e+01   constant   
   6  A_CBO        1.08756e-03   1.70915e-04  -2.18851e-06   3.65406e+03
   7  w_CBO        2.32656e+00   5.23027e-06   7.65175e-08   3.67515e+04
   8  phi_CBO      6.08191e-02   2.24737e-01   1.07803e-03  -1.63872e+00
   9  ANx2         6.17909e-04   constant   
  10  pNx2         3.86483e+00   constant   
  11  ANy1         0.00000e+00   constant   
  12  pNy1         0.00000e+00   constant   
  13  w_y          0.00000e+00   constant   
  14  ANy2         7.96733e-03     fixed    
  15  pNy2         1.76471e+00   constant   
  16  w_vw         1.43097e+01   constant   
  17  LM          -1.37296e-04   constant   
  18  wCBO_expCoeff   2.00000e+02   4.49595e-04   6.57548e-06   4.26052e+02
  19  wCBO_expOffset   1.99999e+02   3.82042e-04  -5.89854e-06   5.15953e+03
  20  wCBO_expT    2.99997e+01   1.65688e-04  -2.50531e-06  -5.40405e+03
  21  wCBO_linCoeff   0.00000e+00   constant   
  22  wCBO_const   2.45675e-03   1.72782e-03   2.62702e-05   2.67500e+02
 EXTERNAL ERROR MATRIX.    NDIM=  25    NPAR=  7    ERR DEF=1
  2.921e-08 -6.671e-10  8.242e-06 -5.734e-08  5.260e-08  2.358e-08 -2.201e-07 
 -6.671e-10  2.736e-11  3.715e-07  2.076e-09 -1.901e-09 -7.945e-10  8.371e-09 
  8.242e-06  3.715e-07  5.051e-02  3.192e-05 -2.290e-05 -8.519e-06  1.262e-04 
 -5.734e-08  2.076e-09  3.192e-05  2.021e-07 -1.634e-07 -6.828e-08  7.193e-07 
  5.260e-08 -1.901e-09 -2.290e-05 -1.634e-07  1.460e-07  6.189e-08 -6.447e-07 
  2.358e-08 -7.945e-10 -8.519e-06 -6.828e-08  6.189e-08  2.745e-08 -2.660e-07 
 -2.201e-07  8.371e-09  1.262e-04  7.193e-07 -6.447e-07 -2.660e-07  2.985e-06 
ERR MATRIX APPROXIMATE
 PARAMETER  CORRELATION COEFFICIENTS  
       NO.  GLOBAL      6      7      8     18     19     20     22
        6  0.94085   1.000 -0.746  0.215 -0.746  0.806  0.833 -0.745
        7  0.96900  -0.746  1.000  0.316  0.883 -0.951 -0.917  0.926
        8  0.85757   0.215  0.316  1.000  0.316 -0.267 -0.229  0.325
       18  0.96885  -0.746  0.883  0.316  1.000 -0.951 -0.917  0.926
       19  0.99819   0.806 -0.951 -0.267 -0.951  1.000  0.978 -0.977
       20  0.99140   0.833 -0.917 -0.229 -0.917  0.978  1.000 -0.929
       22  0.98936  -0.745  0.926  0.325  0.926 -0.977 -0.929  1.000
 ERR MATRIX APPROXIMATE
MINUIT - FIT ONLY 1-CBO
 **********
 **   29 **RES 
 **********
                   PARAMETER   14  ANy2 RESTORED TO VARIABLE.
                   PARAMETER    4  phi RESTORED TO VARIABLE.
                   PARAMETER    3  A0 RESTORED TO VARIABLE.
                   PARAMETER    1  N0 RESTORED TO VARIABLE.
 **********
 **   30 **FIX            0
 **********
 PARAMETER    0  IS UNDEFINED. IGNORED.
 **********
 **   31 **FIX            1
 **********
 **********
 **   32 **FIX            2
 **********
 PARAMETER    2  IS CONSTANT.   IGNORED.
 **********
 **   33 **FIX            3
 **********
 **********
 **   34 **FIX            4
 **********
 **********
 **   35 **FIX            8
 **********
 **********
 **   36 **FIX            9
 **********
 PARAMETER    9  IS CONSTANT.   IGNORED.
 **********
 **   37 **FIX           11
 **********
 PARAMETER   11  IS CONSTANT.   IGNORED.
 **********
 **   38 **FIX           12
 **********
 PARAMETER   12  IS CONSTANT.   IGNORED.
 **********
 **   39 **FIX           13
 **********
 PARAMETER   13  IS CONSTANT.   IGNORED.
 **********
 **   40 **FIX           15
 **********
 PARAMETER   15  IS CONSTANT.   IGNORED.
 **********
 **   41 **FIX           16
 **********
 PARAMETER   16  IS CONSTANT.   IGNORED.
 **********
 **   42 **MIGRAD
 **********
 START MIGRAD MINIMIZATION.  STRATEGY  1.  CONVERGENCE WHEN EDM .LT. 1.00e-04
 FCN=1653.04 FROM MIGRAD    STATUS=INITIATE       16 CALLS        1413 TOTAL
                     EDM= unknown      STRATEGY= 1      NO ERROR MATRIX       
  EXT PARAMETER               CURRENT GUESS       STEP         FIRST   
  NO.   NAME      VALUE            ERROR          SIZE      DERIVATIVE 
   1  N0           2.99422e+06     fixed    
   2  tau          6.43993e+01   constant   
   3  A0           3.53869e-01     fixed    
   4  phi          4.11906e+00     fixed    
   5  R           -6.01693e+01   constant   
   6  A_CBO        1.08756e-03   1.70915e-04  -2.18851e-06   3.65406e+03
   7  w_CBO        2.32656e+00   5.23027e-06   7.65175e-08   3.67515e+04
   8  phi_CBO      6.08191e-02     fixed    
   9  ANx2         6.17909e-04   constant   
  10  pNx2         3.86483e+00   constant   
  11  ANy1         0.00000e+00   constant   
  12  pNy1         0.00000e+00   constant   
  13  w_y          0.00000e+00   constant   
  14  ANy2         7.96733e-03   1.00000e-04   1.00000e-04   3.32864e+05
  15  pNy2         1.76471e+00   constant   
  16  w_vw         1.43097e+01   constant   
  17  LM          -1.37296e-04   constant   
  18  wCBO_expCoeff   2.00000e+02   4.49595e-04   6.57548e-06   4.26052e+02
  19  wCBO_expOffset   1.99999e+02   3.82042e-04  -5.89854e-06   5.15953e+03
  20  wCBO_expT    2.99997e+01   1.65688e-04  -2.50531e-06  -5.40405e+03
  21  wCBO_linCoeff   0.00000e+00   constant   
  22  wCBO_const   2.45675e-03   1.72782e-03   2.62702e-05   2.67500e+02
 MIGRAD FAILS TO FIND IMPROVEMENT
 FCN=342.731 FROM HESSE     STATUS=NOT POSDEF     52 CALLS        1609 TOTAL
                     EDM=0.0271352    STRATEGY= 1      ERR MATRIX NOT POS-DEF
  EXT PARAMETER                APPROXIMATE        STEP         FIRST   
  NO.   NAME      VALUE            ERROR          SIZE      DERIVATIVE 
   1  N0           2.99422e+06     fixed    
   2  tau          6.43993e+01   constant   
   3  A0           3.53869e-01     fixed    
   4  phi          4.11906e+00     fixed    
   5  R           -6.01693e+01   constant   
   6  A_CBO        3.78623e-04   3.92781e-04   2.01080e-06   7.62819e+02
   7  w_CBO        2.32657e+00   1.94483e-05   1.10939e-06  -6.80778e+04
   8  phi_CBO      6.08191e-02     fixed    
   9  ANx2         6.17909e-04   constant   
  10  pNx2         3.86483e+00   constant   
  11  ANy1         0.00000e+00   constant   
  12  pNy1         0.00000e+00   constant   
  13  w_y          0.00000e+00   constant   
  14  ANy2         9.28327e-05   2.35481e-04   1.96007e-06   1.11646e+02
  15  pNy2         1.76471e+00   constant   
  16  w_vw         1.43097e+01   constant   
  17  LM          -1.37296e-04   constant   
  18  wCBO_expCoeff   2.00000e+02   1.67135e-03   9.53673e-05  -7.89785e+02
  19  wCBO_expOffset   1.99999e+02   1.80918e-04   9.53671e-05  -5.24159e+03
  20  wCBO_expT    2.99997e+01   3.74078e-04   1.43050e-05   5.41032e+03
  21  wCBO_linCoeff   0.00000e+00   constant   
  22  wCBO_const   3.73685e-03   3.53140e-03   4.87883e-06  -4.33213e+02
 MIGRAD FAILS TO FIND IMPROVEMENT
 MIGRAD TERMINATED WITHOUT CONVERGENCE.
 FCN=342.622 FROM MIGRAD    STATUS=FAILED        273 CALLS        1670 TOTAL
                     EDM=0.026147    STRATEGY= 1      ERR MATRIX NOT POS-DEF
  EXT PARAMETER                APPROXIMATE        STEP         FIRST   
  NO.   NAME      VALUE            ERROR          SIZE      DERIVATIVE 
   1  N0           2.99422e+06     fixed    
   2  tau          6.43993e+01   constant   
   3  A0           3.53869e-01     fixed    
   4  phi          4.11906e+00     fixed    
   5  R           -6.01693e+01   constant   
   6  A_CBO        3.59652e-04   2.22728e-04  -0.00000e+00   3.97474e+01
   7  w_CBO        2.32656e+00   1.93504e-05  -0.00000e+00  -6.23223e+03
   8  phi_CBO      6.08191e-02     fixed    
   9  ANx2         6.17909e-04   constant   
  10  pNx2         3.86483e+00   constant   
  11  ANy1         0.00000e+00   constant   
  12  pNy1         0.00000e+00   constant   
  13  w_y          0.00000e+00   constant   
  14  ANy2         8.49846e-05   2.14445e-04  -0.00000e+00  -7.96882e+00
  15  pNy2         1.76471e+00   constant   
  16  w_vw         1.43097e+01   constant   
  17  LM          -1.37296e-04   constant   
  18  wCBO_expCoeff   1.99999e+02   1.66430e-03  -0.00000e+00  -7.25284e+01
  19  wCBO_expOffset   1.99999e+02   1.41601e-04  -0.00000e+00   1.45563e+03
  20  wCBO_expT    2.99996e+01   3.90694e-04  -0.00000e+00   6.80363e+02
  21  wCBO_linCoeff   0.00000e+00   constant   
  22  wCBO_const   4.83430e-03   3.02566e-03   0.00000e+00  -2.18619e+00
 EXTERNAL ERROR MATRIX.    NDIM=  25    NPAR=  7    ERR DEF=1
  4.961e-08  2.305e-10  4.610e-09  2.004e-08  9.100e-11  4.130e-09 -5.101e-08 
  2.305e-10  3.744e-10  2.192e-10  1.649e-08  2.082e-09  6.445e-09 -4.955e-08 
  4.610e-09  2.192e-10  4.599e-08  1.896e-08  1.189e-09  4.022e-09 -6.195e-08 
  2.004e-08  1.649e-08  1.896e-08  2.770e-06  1.789e-07  5.541e-07 -4.257e-06 
  9.100e-11  2.082e-09  1.189e-09  1.789e-07  2.005e-08  5.088e-08 -3.649e-07 
  4.130e-09  6.445e-09  4.022e-09  5.541e-07  5.088e-08  1.526e-07 -1.093e-06 
 -5.101e-08 -4.955e-08 -6.195e-08 -4.257e-06 -3.649e-07 -1.093e-06  9.155e-06 
ERR MATRIX NOT POS-DEF
 PARAMETER  CORRELATION COEFFICIENTS  
       NO.  GLOBAL      6      7     14     18     19     20     22
        6  0.19634   1.000  0.053  0.097  0.054  0.003  0.047 -0.076
        7  0.99538   0.053  1.000  0.053  0.512  0.760  0.852 -0.846
       14  0.24216   0.097  0.053  1.000  0.053  0.039  0.048 -0.095
       18  0.99536   0.054  0.512  0.053  1.000  0.759  0.852 -0.845
       19  0.97185   0.003  0.760  0.039  0.759  1.000  0.920 -0.852
       20  0.99725   0.047  0.852  0.048  0.852  0.920  1.000 -0.925
       22  0.99350  -0.076 -0.846 -0.095 -0.845 -0.852 -0.925  1.000
 ERR MATRIX NOT POS-DEF
MINUIT - FIT ONLY 2-CBO
 **********
 **   43 **RES 
 **********
                   PARAMETER    8  phi_CBO RESTORED TO VARIABLE.
                   PARAMETER    4  phi RESTORED TO VARIABLE.
                   PARAMETER    3  A0 RESTORED TO VARIABLE.
                   PARAMETER    1  N0 RESTORED TO VARIABLE.
 **********
 **   44 **FIX            0
 **********
 PARAMETER    0  IS UNDEFINED. IGNORED.
 **********
 **   45 **FIX            1
 **********
 **********
 **   46 **FIX            2
 **********
 PARAMETER    2  IS CONSTANT.   IGNORED.
 **********
 **   47 **FIX            3
 **********
 **********
 **   48 **FIX            4
 **********
 **********
 **   49 **FIX            5
 **********
 PARAMETER    5  IS CONSTANT.   IGNORED.
 **********
 **   50 **FIX            6
 **********
 **********
 **   51 **FIX            7
 **********
 **********
 **   52 **FIX           10
 **********
 PARAMETER   10  IS CONSTANT.   IGNORED.
 **********
 **   53 **FIX           11
 **********
 PARAMETER   11  IS CONSTANT.   IGNORED.
 **********
 **   54 **FIX           12
 **********
 PARAMETER   12  IS CONSTANT.   IGNORED.
 **********
 **   55 **FIX           13
 **********
 PARAMETER   13  IS CONSTANT.   IGNORED.
 **********
 **   56 **FIX           14
 **********
 **********
 **   57 **FIX           15
 **********
 PARAMETER   15  IS CONSTANT.   IGNORED.
 **********
 **   58 **FIX           16
 **********
 PARAMETER   16  IS CONSTANT.   IGNORED.
 **********
 **   59 **MIGRAD
 **********
 START MIGRAD MINIMIZATION.  STRATEGY  1.  CONVERGENCE WHEN EDM .LT. 1.00e-04
 FCN=342.622 FROM MIGRAD    STATUS=INITIATE       12 CALLS        1682 TOTAL
                     EDM= unknown      STRATEGY= 1      NO ERROR MATRIX       
  EXT PARAMETER               CURRENT GUESS       STEP         FIRST   
  NO.   NAME      VALUE            ERROR          SIZE      DERIVATIVE 
   1  N0           2.99422e+06     fixed    
   2  tau          6.43993e+01   constant   
   3  A0           3.53869e-01     fixed    
   4  phi          4.11906e+00     fixed    
   5  R           -6.01693e+01   constant   
   6  A_CBO        3.59652e-04     fixed    
   7  w_CBO        2.32656e+00     fixed    
   8  phi_CBO      6.08191e-02   2.24737e-01   2.24737e-01  -2.58017e+00
   9  ANx2         6.17909e-04   constant   
  10  pNx2         3.86483e+00   constant   
  11  ANy1         0.00000e+00   constant   
  12  pNy1         0.00000e+00   constant   
  13  w_y          0.00000e+00   constant   
  14  ANy2         8.49846e-05     fixed    
  15  pNy2         1.76471e+00   constant   
  16  w_vw         1.43097e+01   constant   
  17  LM          -1.37296e-04   constant   
  18  wCBO_expCoeff   1.99999e+02   1.66430e-03  -0.00000e+00  -7.25284e+01
  19  wCBO_expOffset   1.99999e+02   1.41601e-04  -0.00000e+00   1.45563e+03
  20  wCBO_expT    2.99996e+01   3.90694e-04  -0.00000e+00   6.80363e+02
  21  wCBO_linCoeff   0.00000e+00   constant   
  22  wCBO_const   4.83430e-03   3.02566e-03   0.00000e+00  -2.18615e+00
 MIGRAD FAILS TO FIND IMPROVEMENT
 COVARIANCE MATRIX CALCULATED SUCCESSFULLY
 FCN=341.936 FROM HESSE     STATUS=OK             33 CALLS        2249 TOTAL
                     EDM=0.0242559    STRATEGY= 1      ERROR MATRIX ACCURATE 
  EXT PARAMETER                                   STEP         FIRST   
  NO.   NAME      VALUE            ERROR          SIZE      DERIVATIVE 
   1  N0           2.99422e+06     fixed    
   2  tau          6.43993e+01   constant   
   3  A0           3.53869e-01     fixed    
   4  phi          4.11906e+00     fixed    
   5  R           -6.01693e+01   constant   
   6  A_CBO        3.59652e-04     fixed    
   7  w_CBO        2.32656e+00     fixed    
   8  phi_CBO      5.95885e-01   9.46183e-01   5.29146e-03  -1.36298e-01
   9  ANx2         6.17909e-04   constant   
  10  pNx2         3.86483e+00   constant   
  11  ANy1         0.00000e+00   constant   
  12  pNy1         0.00000e+00   constant   
  13  w_y          0.00000e+00   constant   
  14  ANy2         8.49846e-05     fixed    
  15  pNy2         1.76471e+00   constant   
  16  w_vw         1.43097e+01   constant   
  17  LM          -1.37296e-04   constant   
  18  wCBO_expCoeff   1.99999e+02   3.91524e-03   9.53671e-05   9.48206e+02
  19  wCBO_expOffset   1.99999e+02   1.57944e-04   9.53671e-05   6.28864e+03
  20  wCBO_expT    2.99996e+01   4.79245e-04   1.43049e-05  -6.18557e+03
  21  wCBO_linCoeff   0.00000e+00   constant   
  22  wCBO_const   4.67695e-03   3.53901e-03   4.83581e-06   4.37054e+02
 MIGRAD FAILS TO FIND IMPROVEMENT
 MIGRAD TERMINATED WITHOUT CONVERGENCE.
 FCN=341.899 FROM MIGRAD    STATUS=FAILED        644 CALLS        2314 TOTAL
                     EDM=0.0358291    STRATEGY= 1  ERROR MATRIX UNCERTAINTY   4.4 per cent
  EXT PARAMETER                APPROXIMATE        STEP         FIRST   
  NO.   NAME      VALUE            ERROR          SIZE      DERIVATIVE 
   1  N0           2.99422e+06     fixed    
   2  tau          6.43993e+01   constant   
   3  A0           3.53869e-01     fixed    
   4  phi          4.11906e+00     fixed    
   5  R           -6.01693e+01   constant   
   6  A_CBO        3.59652e-04     fixed    
   7  w_CBO        2.32656e+00     fixed    
   8  phi_CBO      6.25655e-01   6.33277e-01   0.00000e+00   9.77373e-02
   9  ANx2         6.17909e-04   constant   
  10  pNx2         3.86483e+00   constant   
  11  ANy1         0.00000e+00   constant   
  12  pNy1         0.00000e+00   constant   
  13  w_y          0.00000e+00   constant   
  14  ANy2         8.49846e-05     fixed    
  15  pNy2         1.76471e+00   constant   
  16  w_vw         1.43097e+01   constant   
  17  LM          -1.37296e-04   constant   
  18  wCBO_expCoeff   2.00000e+02   3.76829e-03   0.00000e+00  -2.55137e+02
  19  wCBO_expOffset   1.99999e+02   1.41069e-04   0.00000e+00  -4.60824e+03
  20  wCBO_expT    2.99996e+01   4.61845e-04   0.00000e+00   1.74059e+03
  21  wCBO_linCoeff   0.00000e+00   constant   
  22  wCBO_const   4.05780e-03   4.47979e-03  -0.00000e+00  -8.44755e+01
 EXTERNAL ERROR MATRIX.    NDIM=  25    NPAR=  5    ERR DEF=1
  4.010e-01  5.484e-04  1.877e-05  5.111e-05 -7.204e-04 
  5.484e-04  1.420e-05  4.952e-07  1.723e-06 -1.645e-05 
  1.877e-05  4.952e-07  1.990e-08  6.078e-08 -6.028e-07 
  5.111e-05  1.723e-06  6.078e-08  2.133e-07 -1.963e-06 
 -7.204e-04 -1.645e-05 -6.028e-07 -1.963e-06  2.007e-05 
ERR MATRIX APPROXIMATE
 PARAMETER  CORRELATION COEFFICIENTS  
       NO.  GLOBAL      8     18     19     20     22
        8  0.49083   1.000  0.230  0.210  0.175 -0.254
       18  0.99828   0.230  1.000  0.932  0.990 -0.975
       19  0.97814   0.210  0.932  1.000  0.933 -0.954
       20  0.99696   0.175  0.990  0.933  1.000 -0.949
       22  0.99369  -0.254 -0.975 -0.954 -0.949  1.000
 ERR MATRIX APPROXIMATE
MINUIT - FIT ONLY 1-y
 **********
 **   60 **RES 
 **********
                   PARAMETER   14  ANy2 RESTORED TO VARIABLE.
                   PARAMETER    7  w_CBO RESTORED TO VARIABLE.
                   PARAMETER    6  A_CBO RESTORED TO VARIABLE.
                   PARAMETER    4  phi RESTORED TO VARIABLE.
                   PARAMETER    3  A0 RESTORED TO VARIABLE.
                   PARAMETER    1  N0 RESTORED TO VARIABLE.
 **********
 **   61 **FIX            0
 **********
 PARAMETER    0  IS UNDEFINED. IGNORED.
 **********
 **   62 **FIX            1
 **********
 **********
 **   63 **FIX            2
 **********
 PARAMETER    2  IS CONSTANT.   IGNORED.
 **********
 **   64 **FIX            3
 **********
 **********
 **   65 **FIX            4
 **********
 **********
 **   66 **FIX            5
 **********
 PARAMETER    5  IS CONSTANT.   IGNORED.
 **********
 **   67 **FIX            6
 **********
 **********
 **   68 **FIX            7
 **********
 **********
 **   69 **FIX            8
 **********
 **********
 **   70 **FIX            9
 **********
 PARAMETER    9  IS CONSTANT.   IGNORED.
 **********
 **   71 **FIX           13
 **********
 PARAMETER   13  IS CONSTANT.   IGNORED.
 **********
 **   72 **FIX           14
 **********
 **********
 **   73 **FIX           15
 **********
 PARAMETER   15  IS CONSTANT.   IGNORED.
 **********
 **   74 **FIX           16
 **********
 PARAMETER   16  IS CONSTANT.   IGNORED.
 **********
 **   75 **MIGRAD
 **********
 START MIGRAD MINIMIZATION.  STRATEGY  1.  CONVERGENCE WHEN EDM .LT. 1.00e-04
 FCN=341.899 FROM MIGRAD    STATUS=INITIATE        8 CALLS        2322 TOTAL
                     EDM= unknown      STRATEGY= 1      NO ERROR MATRIX       
  EXT PARAMETER               CURRENT GUESS       STEP         FIRST   
  NO.   NAME      VALUE            ERROR          SIZE      DERIVATIVE 
   1  N0           2.99422e+06     fixed    
   2  tau          6.43993e+01   constant   
   3  A0           3.53869e-01     fixed    
   4  phi          4.11906e+00     fixed    
   5  R           -6.01693e+01   constant   
   6  A_CBO        3.59652e-04     fixed    
   7  w_CBO        2.32656e+00     fixed    
   8  phi_CBO      6.25655e-01     fixed    
   9  ANx2         6.17909e-04   constant   
  10  pNx2         3.86483e+00   constant   
  11  ANy1         0.00000e+00   constant   
  12  pNy1         0.00000e+00   constant   
  13  w_y          0.00000e+00   constant   
  14  ANy2         8.49846e-05     fixed    
  15  pNy2         1.76471e+00   constant   
  16  w_vw         1.43097e+01   constant   
  17  LM          -1.37296e-04   constant   
  18  wCBO_expCoeff   2.00000e+02   3.76829e-03   0.00000e+00  -2.55137e+02
  19  wCBO_expOffset   1.99999e+02   1.41069e-04   0.00000e+00  -4.60824e+03
  20  wCBO_expT    2.99996e+01   4.61845e-04   0.00000e+00   1.74059e+03
  21  wCBO_linCoeff   0.00000e+00   constant   
  22  wCBO_const   4.05780e-03   4.47979e-03  -0.00000e+00  -8.44755e+01
 MIGRAD FAILS TO FIND IMPROVEMENT
 FCN=341.898 FROM HESSE     STATUS=NOT POSDEF     29 CALLS        2425 TOTAL
                     EDM=0.00313435    STRATEGY= 1      ERR MATRIX NOT POS-DEF
  EXT PARAMETER                APPROXIMATE        STEP         FIRST   
  NO.   NAME      VALUE            ERROR          SIZE      DERIVATIVE 
   1  N0           2.99422e+06     fixed    
   2  tau          6.43993e+01   constant   
   3  A0           3.53869e-01     fixed    
   4  phi          4.11906e+00     fixed    
   5  R           -6.01693e+01   constant   
   6  A_CBO        3.59652e-04     fixed    
   7  w_CBO        2.32656e+00     fixed    
   8  phi_CBO      6.25655e-01     fixed    
   9  ANx2         6.17909e-04   constant   
  10  pNx2         3.86483e+00   constant   
  11  ANy1         0.00000e+00   constant   
  12  pNy1         0.00000e+00   constant   
  13  w_y          0.00000e+00   constant   
  14  ANy2         8.49846e-05     fixed    
  15  pNy2         1.76471e+00   constant   
  16  w_vw         1.43097e+01   constant   
  17  LM          -1.37296e-04   constant   
  18  wCBO_expCoeff   2.00000e+02   3.18148e-03   9.53674e-05   9.09181e+00
  19  wCBO_expOffset   1.99999e+02   1.28850e-04   9.53671e-05  -1.01272e+03
  20  wCBO_expT    2.99996e+01   3.99313e-04   1.43049e-05   1.54336e+02
  21  wCBO_linCoeff   0.00000e+00   constant   
  22  wCBO_const   4.05958e-03   3.05510e-03   4.83598e-06   2.20637e+01
 MIGRAD FAILS TO FIND IMPROVEMENT
 MIGRAD TERMINATED WITHOUT CONVERGENCE.
 FCN=341.898 FROM MIGRAD    STATUS=FAILED        122 CALLS        2436 TOTAL
                     EDM=0.00313435    STRATEGY= 1      ERR MATRIX NOT POS-DEF
  EXT PARAMETER                APPROXIMATE        STEP         FIRST   
  NO.   NAME      VALUE            ERROR          SIZE      DERIVATIVE 
   1  N0           2.99422e+06     fixed    
   2  tau          6.43993e+01   constant   
   3  A0           3.53869e-01     fixed    
   4  phi          4.11906e+00     fixed    
   5  R           -6.01693e+01   constant   
   6  A_CBO        3.59652e-04     fixed    
   7  w_CBO        2.32656e+00     fixed    
   8  phi_CBO      6.25655e-01     fixed    
   9  ANx2         6.17909e-04   constant   
  10  pNx2         3.86483e+00   constant   
  11  ANy1         0.00000e+00   constant   
  12  pNy1         0.00000e+00   constant   
  13  w_y          0.00000e+00   constant   
  14  ANy2         8.49846e-05     fixed    
  15  pNy2         1.76471e+00   constant   
  16  w_vw         1.43097e+01   constant   
  17  LM          -1.37296e-04   constant   
  18  wCBO_expCoeff   2.00000e+02   3.18148e-03   0.00000e+00   9.09181e+00
  19  wCBO_expOffset   1.99999e+02   1.28850e-04   0.00000e+00  -1.01272e+03
  20  wCBO_expT    2.99996e+01   3.99313e-04   0.00000e+00   1.54336e+02
  21  wCBO_linCoeff   0.00000e+00   constant   
  22  wCBO_const   4.05958e-03   3.05510e-03  -0.00000e+00   2.20637e+01
 EXTERNAL ERROR MATRIX.    NDIM=  25    NPAR=  4    ERR DEF=1
  1.012e-05  3.682e-07  1.251e-06 -9.298e-06 
  3.682e-07  1.660e-08  4.700e-08 -3.486e-07 
  1.251e-06  4.700e-08  1.595e-07 -1.110e-06 
 -9.298e-06 -3.486e-07 -1.110e-06  9.334e-06 
ERR MATRIX NOT POS-DEF
 PARAMETER  CORRELATION COEFFICIENTS  
       NO.  GLOBAL     18     19     20     22
       18  0.99701   1.000  0.898  0.985 -0.957
       19  0.94835   0.898  1.000  0.913 -0.886
       20  0.99512   0.985  0.913  1.000 -0.910
       22  0.98463  -0.957 -0.886 -0.910  1.000
 ERR MATRIX NOT POS-DEF
MINUIT - FIT ONLY 2-y
 **********
 **   76 **RES 
 **********
                   PARAMETER   14  ANy2 RESTORED TO VARIABLE.
                   PARAMETER    8  phi_CBO RESTORED TO VARIABLE.
                   PARAMETER    7  w_CBO RESTORED TO VARIABLE.
                   PARAMETER    6  A_CBO RESTORED TO VARIABLE.
                   PARAMETER    4  phi RESTORED TO VARIABLE.
                   PARAMETER    3  A0 RESTORED TO VARIABLE.
                   PARAMETER    1  N0 RESTORED TO VARIABLE.
 **********
 **   77 **FIX            0
 **********
 PARAMETER    0  IS UNDEFINED. IGNORED.
 **********
 **   78 **FIX            1
 **********
 **********
 **   79 **FIX            2
 **********
 PARAMETER    2  IS CONSTANT.   IGNORED.
 **********
 **   80 **FIX            3
 **********
 **********
 **   81 **FIX            4
 **********
 **********
 **   82 **FIX            5
 **********
 PARAMETER    5  IS CONSTANT.   IGNORED.
 **********
 **   83 **FIX            6
 **********
 **********
 **   84 **FIX            7
 **********
 **********
 **   85 **FIX            8
 **********
 **********
 **   86 **FIX            9
 **********
 PARAMETER    9  IS CONSTANT.   IGNORED.
 **********
 **   87 **FIX           10
 **********
 PARAMETER   10  IS CONSTANT.   IGNORED.
 **********
 **   88 **FIX           11
 **********
 PARAMETER   11  IS CONSTANT.   IGNORED.
 **********
 **   89 **FIX           12
 **********
 PARAMETER   12  IS CONSTANT.   IGNORED.
 **********
 **   90 **FIX           16
 **********
 PARAMETER   16  IS CONSTANT.   IGNORED.
 **********
 **   91 **MIGRAD
 **********
 START MIGRAD MINIMIZATION.  STRATEGY  1.  CONVERGENCE WHEN EDM .LT. 1.00e-04
 FCN=341.898 FROM MIGRAD    STATUS=INITIATE       10 CALLS        2446 TOTAL
                     EDM= unknown      STRATEGY= 1      NO ERROR MATRIX       
  EXT PARAMETER               CURRENT GUESS       STEP         FIRST   
