 + ++++++++++++++++++++++++++++++++++++++++++++++++++++++++++++++++++++ +
 +                                                                      +
 +           You have chose to blind your fitting according to          +
 +                omega_ref * (1 + (R +/- deltaR) *10^{-6})             +
 +                                                                      +
 + ++++++++++++++++++++++++++++++++++++++++++++++++++++++++++++++++++++ +
In main()...
reading format from /gm2data/zkhechad/run45/envelope/formats/formatB_sBin_constraintOn.txt
pBinTau 	= 0  
pBinPhi 	= 0  
constraintau 	= 1 
includeMopTerm 	= 0    
constrainMop    = 0   
Parameters after format file: pBinTau 0 pBinPhi 0 constraintau 1 includeMopTerm 0 constrainMop 0 c_e_scale 0.000000 
reading cbo reference file (full fit) from /gm2data/zkhechad/cboTemplates/Run4CBOTemplates/fullFits/run4/sBin_constraintOn_cE0.0_seed0_run4_calo10.root
A_CBO 0.009734 w_CBO 2.326087 phi_CBO 0.029548 N0 2975169.599894 R -60.949257 tau 64.405372 
Reading cboRef file /gm2data/zkhechad/cboTemplates/Run4CBOTemplates//cboIsolate/run4_calo10.root
deltaT 164.120000
windowBins = 1100
fitting sliding window 2540 from bin 2743 at 409.255600 to bin 3843 at 573.375600 (1100 bins)

Reading data from /gm2data/cornell/histograms/aMethod/histogram_a_run4.root
fitting cbo isolate
 **********
 **    1 **SET PRINTOUT            1
 **********
 **********
 **    2 **SET NOWARNINGS 
 **********
 PARAMETER DEFINITIONS:
    NO.   NAME         VALUE      STEP SIZE      LIMITS
     1 A_CBO        9.73400e-03  1.00000e-05     no limits
     2 w_CBO        2.32609e+00  1.00000e-02    2.00000e+00  3.00000e+00
     3 phi_CBO      2.95478e-02  1.00000e-02    0.00000e+00  6.28319e+00
 **********
 **    3 **MIGRAD
 **********
 FIRST CALL TO USER FUNCTION AT NEW START POINT, WITH IFLAG=4.
 START MIGRAD MINIMIZATION.  STRATEGY  1.  CONVERGENCE WHEN EDM .LT. 1.00e-04
 FCN=0.447716 FROM MIGRAD    STATUS=INITIATE       28 CALLS          29 TOTAL
                     EDM= unknown      STRATEGY= 1      NO ERROR MATRIX       
  EXT PARAMETER               CURRENT GUESS       STEP         FIRST   
  NO.   NAME      VALUE            ERROR          SIZE      DERIVATIVE 
   1  A_CBO        9.73400e-03   1.00000e-05   0.00000e+00   8.47460e+00
   2  w_CBO        2.32609e+00   1.00000e-02   0.00000e+00   4.80783e-01
   3  phi_CBO      5.27363e-01   1.00000e-02   4.50590e-01  -2.10330e-03
 MIGRAD MINIMIZATION HAS CONVERGED.
 MIGRAD WILL VERIFY CONVERGENCE AND ERROR MATRIX.
 COVARIANCE MATRIX CALCULATED SUCCESSFULLY
 FCN=0.415196 FROM HESSE     STATUS=OK             16 CALLS          64 TOTAL
                     EDM=0.000627692    STRATEGY= 1      ERROR MATRIX ACCURATE 
  EXT PARAMETER                                   STEP         FIRST   
  NO.   NAME      VALUE            ERROR          SIZE      DERIVATIVE 
   1  A_CBO        2.05904e-03   5.07312e-02   2.47181e-05  -1.53651e-02
   2  w_CBO        2.32594e+00   6.61387e-01   5.41881e-05   2.55755e-02
   3  phi_CBO      5.28581e-01   3.27625e+00   6.30419e-03   1.55488e-04
 MIGRAD MINIMIZATION HAS CONVERGED.
 MIGRAD WILL VERIFY CONVERGENCE AND ERROR MATRIX.
 COVARIANCE MATRIX CALCULATED SUCCESSFULLY
 FCN=0.415111 FROM MIGRAD    STATUS=CONVERGED     129 CALLS         130 TOTAL
                     EDM=3.21446e-05    STRATEGY= 1      ERROR MATRIX ACCURATE 
  EXT PARAMETER                                   STEP         FIRST   
  NO.   NAME      VALUE            ERROR          SIZE      DERIVATIVE 
   1  A_CBO        2.11909e-03   4.27121e-02   2.47178e-05   1.00079e-02
   2  w_CBO        2.32478e+00   6.76205e-02   5.30692e-05  -7.06186e-02
   3  phi_CBO      7.19897e-02   4.22690e+00   1.13409e-02   3.49026e-04
 EXTERNAL ERROR MATRIX.    NDIM=  25    NPAR=  3    ERR DEF=1
  1.824e-03 -4.085e-05 -6.675e-02 
 -4.085e-05  4.605e-03  1.293e+00 
 -6.675e-02  1.293e+00  6.001e+02 
 PARAMETER  CORRELATION COEFFICIENTS  
       NO.  GLOBAL      1      2      3
        1  0.08523   1.000 -0.014 -0.064
        2  0.77854  -0.014  1.000  0.778
        3  0.77952  -0.064  0.778  1.000
setting A_CBO=0.002119 w_CBO=2.324782, phi_CBO=0.071990
done fitting cbo isolate
 **********
 **    1 **SET PRINTOUT            1
 **********
 **********
 **    2 **SET NOWARNINGS 
 **********
 PARAMETER DEFINITIONS:
    NO.   NAME         VALUE      STEP SIZE      LIMITS
     1 N0           2.97517e+06  1.00000e+02     no limits
     2 tau          6.44054e+01  constant
     3 A0           3.48516e-01  1.00000e-04     no limits
     4 phi          4.11546e+00  1.00000e-02     no limits
     5 R           -6.09493e+01  constant
     6 A_CBO        2.11909e-03  1.00000e-05     no limits
     7 w_CBO        2.32478e+00  1.00000e-03     no limits
     8 phi_CBO      7.19897e-02  1.00000e-04     no limits
     9 ANx2         7.43781e-04  constant
    10 pNx2         1.57222e+00  constant
    11 ANy1         0.00000e+00  constant
    12 pNy1         0.00000e+00  constant
    13 w_y          0.00000e+00  constant
    14 ANy2         7.31057e-03  1.00000e-04     no limits
    15 pNy2         6.06093e+00  constant
    16 w_vw         1.43032e+01  constant
    17 LM           6.04551e-05  constant
    18 wCBO_expCoeff   2.00000e+02  1.00000e+00     no limits
    19 wCBO_expOffset   2.00000e+02  1.00000e+00     no limits
    20 wCBO_expT    3.00000e+01  1.00000e+00     no limits
    21 wCBO_linCoeff   0.00000e+00  constant
    22 wCBO_const   0.00000e+00  1.00000e-02     no limits
MINUIT - FIT ONLY WIGGLE
 **********
 **    3 **FIX            5
 **********
 PARAMETER    5  IS CONSTANT.   IGNORED.
 **********
 **    4 **FIX            6
 **********
 **********
 **    5 **FIX            7
 **********
 **********
 **    6 **FIX            8
 **********
 **********
 **    7 **FIX            9
 **********
 PARAMETER    9  IS CONSTANT.   IGNORED.
 **********
 **    8 **FIX           10
 **********
 PARAMETER   10  IS CONSTANT.   IGNORED.
 **********
 **    9 **FIX           11
 **********
 PARAMETER   11  IS CONSTANT.   IGNORED.
 **********
 **   10 **FIX           12
 **********
 PARAMETER   12  IS CONSTANT.   IGNORED.
 **********
 **   11 **FIX           13
 **********
 PARAMETER   13  IS CONSTANT.   IGNORED.
 **********
 **   12 **FIX           14
 **********
 **********
 **   13 **FIX           15
 **********
 PARAMETER   15  IS CONSTANT.   IGNORED.
 **********
 **   14 **FIX           16
 **********
 PARAMETER   16  IS CONSTANT.   IGNORED.
 **********
 **   15 **MIGRAD
 **********
 FIRST CALL TO USER FUNCTION AT NEW START POINT, WITH IFLAG=4.
 START MIGRAD MINIMIZATION.  STRATEGY  1.  CONVERGENCE WHEN EDM .LT. 1.00e-04
 FCN=365.906 FROM MIGRAD    STATUS=INITIATE       53 CALLS          54 TOTAL
                     EDM= unknown      STRATEGY= 1      NO ERROR MATRIX       
  EXT PARAMETER               CURRENT GUESS       STEP         FIRST   
  NO.   NAME      VALUE            ERROR          SIZE      DERIVATIVE 
   1  N0           2.97517e+06   1.00000e+02   0.00000e+00   3.58264e-04
   2  tau          6.44054e+01   constant   
   3  A0           3.48516e-01   1.00000e-04   0.00000e+00  -9.85297e+02
   4  phi          4.11546e+00   1.00000e-02   0.00000e+00  -9.02604e+01
   5  R           -6.09493e+01   constant   
   6  A_CBO        2.11909e-03     fixed    
   7  w_CBO        2.32478e+00     fixed    
   8  phi_CBO      7.19897e-02     fixed    
   9  ANx2         7.43781e-04   constant   
  10  pNx2         1.57222e+00   constant   
  11  ANy1         0.00000e+00   constant   
  12  pNy1         0.00000e+00   constant   
  13  w_y          0.00000e+00   constant   
  14  ANy2         7.31057e-03     fixed    
  15  pNy2         6.06093e+00   constant   
  16  w_vw         1.43032e+01   constant   
  17  LM           6.04551e-05   constant   
  18  wCBO_expCoeff   2.00000e+02   1.00000e+00   0.00000e+00   5.43998e-01
  19  wCBO_expOffset   2.00000e+02   1.00000e+00   0.00000e+00   3.62666e+00
  20  wCBO_expT    3.00000e+01   1.00000e+00   0.00000e+00   2.67387e+01
  21  wCBO_linCoeff   0.00000e+00   constant   
  22  wCBO_const   7.14666e-04   1.00000e-02   7.14666e-04  -8.19690e+01
 MIGRAD MINIMIZATION HAS CONVERGED.
 FCN=363.474 FROM MIGRAD    STATUS=CONVERGED     397 CALLS         398 TOTAL
                     EDM=4.75356e-06    STRATEGY= 1  ERROR MATRIX UNCERTAINTY   2.4 per cent
  EXT PARAMETER                                   STEP         FIRST   
  NO.   NAME      VALUE            ERROR          SIZE      DERIVATIVE 
   1  N0           2.97459e+06   2.47720e+03  -1.11776e+01  -1.50146e-06
   2  tau          6.44054e+01   constant   
   3  A0           3.49024e-01   1.13507e-03  -8.19714e-06   6.67221e-01
   4  phi          4.11565e+00   3.26713e-03  -1.37695e-05   3.19218e-01
   5  R           -6.09493e+01   constant   
   6  A_CBO        2.11909e-03     fixed    
   7  w_CBO        2.32478e+00     fixed    
   8  phi_CBO      7.19897e-02     fixed    
   9  ANx2         7.43781e-04   constant   
  10  pNx2         1.57222e+00   constant   
  11  ANy1         0.00000e+00   constant   
  12  pNy1         0.00000e+00   constant   
  13  w_y          0.00000e+00   constant   
  14  ANy2         7.31057e-03     fixed    
  15  pNy2         6.06093e+00   constant   
  16  w_vw         1.43032e+01   constant   
  17  LM           6.04551e-05   constant   
  18  wCBO_expCoeff   2.39420e+02   2.02863e+01  -3.08451e-02  -2.03022e-04
  19  wCBO_expOffset   2.05314e+02   3.25922e+00  -4.75631e-03  -1.70472e-03
  20  wCBO_expT    2.84625e+01   7.85324e-01   1.44564e-03  -1.57591e-02
  21  wCBO_linCoeff   0.00000e+00   constant   
  22  wCBO_const   3.60264e-03   1.48231e-03  -2.73475e-06  -3.82411e-01
 EXTERNAL ERROR MATRIX.    NDIM=  25    NPAR=  7    ERR DEF=1
  6.137e+06 -4.467e-02 -1.371e-01  3.763e+03  1.411e+03 -2.623e+02  3.242e-01 
 -4.467e-02  1.288e-06 -6.820e-08 -4.263e-03 -4.472e-04  1.316e-04 -1.318e-08 
 -1.371e-01 -6.820e-08  1.067e-05 -6.970e-04  9.915e-05  1.034e-05 -3.278e-07 
  3.763e+03 -4.263e-03 -6.970e-04  4.115e+02  6.382e+01 -1.581e+01  2.414e-02 
  1.411e+03 -4.472e-04  9.915e-05  6.382e+01  1.062e+01 -2.532e+00  3.424e-03 
 -2.623e+02  1.316e-04  1.034e-05 -1.581e+01 -2.532e+00  6.167e-01 -9.064e-04 
  3.242e-01 -1.318e-08 -3.278e-07  2.414e-02  3.424e-03 -9.064e-04  2.197e-06 
 PARAMETER  CORRELATION COEFFICIENTS  
       NO.  GLOBAL      1      3      4     18     19     20     22
        1  0.59303   1.000 -0.016 -0.017  0.075  0.175 -0.135  0.088
        3  0.51846  -0.016  1.000 -0.018 -0.185 -0.121  0.148 -0.008
        4  0.11364  -0.017 -0.018  1.000 -0.011  0.009  0.004 -0.068
       18  0.99892   0.075 -0.185 -0.011  1.000  0.965 -0.992  0.803
       19  0.99876   0.175 -0.121  0.009  0.965  1.000 -0.989  0.709
       20  0.99970  -0.135  0.148  0.004 -0.992 -0.989  1.000 -0.779
       22  0.92167   0.088 -0.008 -0.068  0.803  0.709 -0.779  1.000
MINUIT - FIT ONLY 1-CBO + other amplitudes 
 **********
 **   16 **RES 
 **********
                   PARAMETER   14  ANy2 RESTORED TO VARIABLE.
                   PARAMETER    8  phi_CBO RESTORED TO VARIABLE.
                   PARAMETER    7  w_CBO RESTORED TO VARIABLE.
                   PARAMETER    6  A_CBO RESTORED TO VARIABLE.
 **********
 **   17 **FIX            0
 **********
 PARAMETER    0  IS UNDEFINED. IGNORED.
 **********
 **   18 **FIX            1
 **********
 **********
 **   19 **FIX            2
 **********
 PARAMETER    2  IS CONSTANT.   IGNORED.
 **********
 **   20 **FIX            3
 **********
 **********
 **   21 **FIX            4
 **********
 **********
 **   22 **FIX            9
 **********
 PARAMETER    9  IS CONSTANT.   IGNORED.
 **********
 **   23 **FIX           11
 **********
 PARAMETER   11  IS CONSTANT.   IGNORED.
 **********
 **   24 **FIX           12
 **********
 PARAMETER   12  IS CONSTANT.   IGNORED.
 **********
 **   25 **FIX           14
 **********
 **********
 **   26 **FIX           15
 **********
 PARAMETER   15  IS CONSTANT.   IGNORED.
 **********
 **   27 **FIX           16
 **********
 PARAMETER   16  IS CONSTANT.   IGNORED.
 **********
 **   28 **MIGRAD
 **********
 START MIGRAD MINIMIZATION.  STRATEGY  1.  CONVERGENCE WHEN EDM .LT. 1.00e-04
 FCN=363.474 FROM MIGRAD    STATUS=INITIATE       18 CALLS         416 TOTAL
                     EDM= unknown      STRATEGY= 1      NO ERROR MATRIX       
  EXT PARAMETER               CURRENT GUESS       STEP         FIRST   
  NO.   NAME      VALUE            ERROR          SIZE      DERIVATIVE 
   1  N0           2.97459e+06     fixed    
   2  tau          6.44054e+01   constant   
   3  A0           3.49024e-01     fixed    
   4  phi          4.11565e+00     fixed    
   5  R           -6.09493e+01   constant   
   6  A_CBO        2.11909e-03   1.00000e-05   1.00000e-05   1.17638e+03
   7  w_CBO        2.32478e+00   1.00000e-03   1.00000e-03  -1.84852e-01
   8  phi_CBO      7.19897e-02   1.00000e-04   1.00000e-04   2.89319e-01
   9  ANx2         7.43781e-04   constant   
  10  pNx2         1.57222e+00   constant   
  11  ANy1         0.00000e+00   constant   
  12  pNy1         0.00000e+00   constant   
  13  w_y          0.00000e+00   constant   
  14  ANy2         7.31057e-03     fixed    
  15  pNy2         6.06093e+00   constant   
  16  w_vw         1.43032e+01   constant   
  17  LM           6.04551e-05   constant   
  18  wCBO_expCoeff   2.39420e+02   2.02863e+01  -3.08451e-02  -2.03024e-04
  19  wCBO_expOffset   2.05314e+02   3.25922e+00  -4.75631e-03  -1.70474e-03
  20  wCBO_expT    2.84625e+01   7.85324e-01   1.44564e-03  -1.57594e-02
  21  wCBO_linCoeff   0.00000e+00   constant   
  22  wCBO_const   3.60264e-03   1.48231e-03  -2.73475e-06  -3.82416e-01
 MIGRAD MINIMIZATION HAS CONVERGED.
 MIGRAD WILL VERIFY CONVERGENCE AND ERROR MATRIX.
 FCN=361.257 FROM MIGRAD    STATUS=CONVERGED     505 CALLS         903 TOTAL
                     EDM=4.8174e-07    STRATEGY= 1      ERR MATRIX NOT POS-DEF
  EXT PARAMETER                APPROXIMATE        STEP         FIRST   
  NO.   NAME      VALUE            ERROR          SIZE      DERIVATIVE 
   1  N0           2.97459e+06     fixed    
   2  tau          6.44054e+01   constant   
   3  A0           3.49024e-01     fixed    
   4  phi          4.11565e+00     fixed    
   5  R           -6.09493e+01   constant   
   6  A_CBO        1.76233e-03   1.14297e-03   1.04760e-05   7.60284e-01
   7  w_CBO        2.36163e+00   1.04061e-02   9.12376e-06  -4.51233e-01
   8  phi_CBO     -2.60244e+00   9.13700e-01   6.23930e-03   5.26978e-04
   9  ANx2         7.43781e-04   constant   
  10  pNx2         1.57222e+00   constant   
  11  ANy1         0.00000e+00   constant   
  12  pNy1         0.00000e+00   constant   
  13  w_y          0.00000e+00   constant   
  14  ANy2         7.31057e-03     fixed    
  15  pNy2         6.06093e+00   constant   
  16  w_vw         1.43032e+01   constant   
  17  LM           6.04551e-05   constant   
  18  wCBO_expCoeff   2.41447e+02   1.38543e+01   1.52928e-02  -3.55186e-04
  19  wCBO_expOffset   2.11779e+02   1.57437e+00   1.73642e-03  -3.12794e-03
  20  wCBO_expT    2.74158e+01   2.03637e-01   2.27689e-04  -2.42431e-02
  21  wCBO_linCoeff   0.00000e+00   constant   
  22  wCBO_const  -1.18412e-02   4.35347e-03   3.97166e-06  -9.91671e-01
 EXTERNAL ERROR MATRIX.    NDIM=  25    NPAR=  7    ERR DEF=1
  1.306e-06 -1.867e-08  5.458e-05  1.905e-04  2.180e-05  7.670e-07 -1.694e-08 
 -1.867e-08  1.083e-04  2.912e-04 -2.831e-03 -3.251e-04 -9.234e-05 -4.480e-05 
  5.458e-05  2.912e-04  8.348e-01 -1.729e-01 -1.962e-02  1.200e-02  1.427e-04 
  1.905e-04 -2.831e-03 -1.729e-01  1.919e+02 -1.184e+01 -1.324e+00  2.106e-03 
  2.180e-05 -3.251e-04 -1.962e-02 -1.184e+01  2.479e+00 -1.508e-01  2.408e-04 
  7.670e-07 -9.234e-05  1.200e-02 -1.324e+00 -1.508e-01  4.147e-02  4.012e-07 
 -1.694e-08 -4.480e-05  1.427e-04  2.106e-03  2.408e-04  4.012e-07  1.895e-05 
ERR MATRIX NOT POS-DEF
 PARAMETER  CORRELATION COEFFICIENTS  
       NO.  GLOBAL      6      7      8     18     19     20     22
        6  0.17899   1.000 -0.002  0.052  0.012  0.012  0.003 -0.003
        7  0.99556  -0.002  1.000  0.031 -0.020 -0.020 -0.044 -0.989
        8  0.67996   0.052  0.031  1.000 -0.014 -0.014  0.064  0.036
       18  0.99297   0.012 -0.020 -0.014  1.000 -0.543 -0.469  0.035
       19  0.99298   0.012 -0.020 -0.014 -0.543  1.000 -0.470  0.035
       20  0.99278   0.003 -0.044  0.064 -0.469 -0.470  1.000  0.000
       22  0.99520  -0.003 -0.989  0.036  0.035  0.035  0.000  1.000
 ERR MATRIX NOT POS-DEF
MINUIT - FIT ONLY 1-CBO
 **********
 **   29 **RES 
 **********
                   PARAMETER   14  ANy2 RESTORED TO VARIABLE.
                   PARAMETER    4  phi RESTORED TO VARIABLE.
                   PARAMETER    3  A0 RESTORED TO VARIABLE.
                   PARAMETER    1  N0 RESTORED TO VARIABLE.
 **********
 **   30 **FIX            0
 **********
 PARAMETER    0  IS UNDEFINED. IGNORED.
 **********
 **   31 **FIX            1
 **********
 **********
 **   32 **FIX            2
 **********
 PARAMETER    2  IS CONSTANT.   IGNORED.
 **********
 **   33 **FIX            3
 **********
 **********
 **   34 **FIX            4
 **********
 **********
 **   35 **FIX            8
 **********
 **********
 **   36 **FIX            9
 **********
 PARAMETER    9  IS CONSTANT.   IGNORED.
 **********
 **   37 **FIX           11
 **********
 PARAMETER   11  IS CONSTANT.   IGNORED.
 **********
 **   38 **FIX           12
 **********
 PARAMETER   12  IS CONSTANT.   IGNORED.
 **********
 **   39 **FIX           13
 **********
 PARAMETER   13  IS CONSTANT.   IGNORED.
 **********
 **   40 **FIX           15
 **********
 PARAMETER   15  IS CONSTANT.   IGNORED.
 **********
 **   41 **FIX           16
 **********
 PARAMETER   16  IS CONSTANT.   IGNORED.
 **********
 **   42 **MIGRAD
 **********
 START MIGRAD MINIMIZATION.  STRATEGY  1.  CONVERGENCE WHEN EDM .LT. 1.00e-04
 FCN=361.257 FROM MIGRAD    STATUS=INITIATE       16 CALLS         919 TOTAL
                     EDM= unknown      STRATEGY= 1      NO ERROR MATRIX       
  EXT PARAMETER               CURRENT GUESS       STEP         FIRST   
  NO.   NAME      VALUE            ERROR          SIZE      DERIVATIVE 
   1  N0           2.97459e+06     fixed    
   2  tau          6.44054e+01   constant   
   3  A0           3.49024e-01     fixed    
   4  phi          4.11565e+00     fixed    
   5  R           -6.09493e+01   constant   
   6  A_CBO        1.76233e-03   1.14297e-03   1.04760e-05   7.60284e-01
   7  w_CBO        2.36163e+00   1.04061e-02   9.12376e-06  -4.50710e-01
   8  phi_CBO     -2.60244e+00     fixed    
   9  ANx2         7.43781e-04   constant   
  10  pNx2         1.57222e+00   constant   
  11  ANy1         0.00000e+00   constant   
  12  pNy1         0.00000e+00   constant   
  13  w_y          0.00000e+00   constant   
  14  ANy2         7.31057e-03   1.00000e-04   1.00000e-04   1.23930e+04
  15  pNy2         6.06093e+00   constant   
  16  w_vw         1.43032e+01   constant   
  17  LM           6.04551e-05   constant   
  18  wCBO_expCoeff   2.41447e+02   1.38543e+01   1.52928e-02  -3.63051e-04
  19  wCBO_expOffset   2.11779e+02   1.57437e+00   1.73642e-03  -3.19418e-03
  20  wCBO_expT    2.74158e+01   2.03637e-01   2.27689e-04  -2.46869e-02
  21  wCBO_linCoeff   0.00000e+00   constant   
  22  wCBO_const  -1.18412e-02   4.35347e-03   3.97166e-06  -9.89536e-01
 MIGRAD MINIMIZATION HAS CONVERGED.
 MIGRAD WILL VERIFY CONVERGENCE AND ERROR MATRIX.
 FCN=310.125 FROM MIGRAD    STATUS=CONVERGED     166 CALLS        1069 TOTAL
                     EDM=2.84336e-06    STRATEGY= 1      ERR MATRIX NOT POS-DEF
  EXT PARAMETER                APPROXIMATE        STEP         FIRST   
  NO.   NAME      VALUE            ERROR          SIZE      DERIVATIVE 
   1  N0           2.97459e+06     fixed    
   2  tau          6.44054e+01   constant   
   3  A0           3.49024e-01     fixed    
   4  phi          4.11565e+00     fixed    
   5  R           -6.09493e+01   constant   
   6  A_CBO        1.76002e-03   1.14243e-03   9.70966e-06  -5.75491e-01
   7  w_CBO        2.36169e+00   1.11007e-02   8.51751e-06  -1.54655e+00
   8  phi_CBO     -2.60244e+00     fixed    
   9  ANx2         7.43781e-04   constant   
  10  pNx2         1.57222e+00   constant   
  11  ANy1         0.00000e+00   constant   
  12  pNy1         0.00000e+00   constant   
  13  w_y          0.00000e+00   constant   
  14  ANy2        -9.41039e-04   1.15142e-03   9.93756e-06   3.83678e-01
  15  pNy2         6.06093e+00   constant   
  16  w_vw         1.43032e+01   constant   
  17  LM           6.04551e-05   constant   
  18  wCBO_expCoeff   2.43012e+02   1.59335e+01   1.44519e-02  -4.70945e-04
  19  wCBO_expOffset   2.11957e+02   1.79582e+00   1.63241e-03  -4.18125e-03
  20  wCBO_expT    2.73705e+01   2.27448e-01   2.13628e-04  -2.71675e-02
  21  wCBO_linCoeff   0.00000e+00   constant   
  22  wCBO_const  -1.18395e-02   4.64302e-03   3.70666e-06  -3.58042e+00
 EXTERNAL ERROR MATRIX.    NDIM=  25    NPAR=  7    ERR DEF=1
  1.305e-06 -3.594e-08 -8.393e-10  2.166e-04  2.445e-05 -2.077e-07 -2.537e-08 
 -3.594e-08  1.232e-04  1.309e-10 -3.083e-03 -3.517e-04 -1.110e-04 -5.112e-05 
 -8.393e-10  1.309e-10  1.326e-06 -4.749e-05 -5.372e-06  1.004e-06  1.428e-09 
  2.166e-04 -3.083e-03 -4.749e-05  2.539e+02 -1.597e+01 -1.677e+00  2.552e-03 
  2.445e-05 -3.517e-04 -5.372e-06 -1.597e+01  3.225e+00 -1.895e-01  2.895e-04 
 -2.077e-07 -1.110e-04  1.004e-06 -1.677e+00 -1.895e-01  5.173e-02 -4.319e-06 
 -2.537e-08 -5.112e-05  1.428e-09  2.552e-03  2.895e-04 -4.319e-06  2.156e-05 
ERR MATRIX NOT POS-DEF
 PARAMETER  CORRELATION COEFFICIENTS  
       NO.  GLOBAL      6      7     14     18     19     20     22
        6  0.17399   1.000 -0.003 -0.001  0.012  0.012 -0.001 -0.005
        7  0.99601  -0.003  1.000  0.000 -0.017 -0.018 -0.044 -0.992
       14  0.01328  -0.001  0.000  1.000 -0.003 -0.003  0.004  0.000
       18  0.99434   0.012 -0.017 -0.003  1.000 -0.558 -0.463  0.034
       19  0.99435   0.012 -0.018 -0.003 -0.558  1.000 -0.464  0.035
       20  0.99398  -0.001 -0.044  0.004 -0.463 -0.464  1.000 -0.004
       22  0.99568  -0.005 -0.992  0.000  0.034  0.035 -0.004  1.000
 ERR MATRIX NOT POS-DEF
MINUIT - FIT ONLY 2-CBO
 **********
 **   43 **RES 
 **********
                   PARAMETER    8  phi_CBO RESTORED TO VARIABLE.
                   PARAMETER    4  phi RESTORED TO VARIABLE.
                   PARAMETER    3  A0 RESTORED TO VARIABLE.
                   PARAMETER    1  N0 RESTORED TO VARIABLE.
 **********
 **   44 **FIX            0
 **********
 PARAMETER    0  IS UNDEFINED. IGNORED.
 **********
 **   45 **FIX            1
 **********
 **********
 **   46 **FIX            2
 **********
 PARAMETER    2  IS CONSTANT.   IGNORED.
 **********
 **   47 **FIX            3
 **********
 **********
 **   48 **FIX            4
 **********
 **********
 **   49 **FIX            5
 **********
 PARAMETER    5  IS CONSTANT.   IGNORED.
 **********
 **   50 **FIX            6
 **********
 **********
 **   51 **FIX            7
 **********
 **********
 **   52 **FIX           10
 **********
 PARAMETER   10  IS CONSTANT.   IGNORED.
 **********
 **   53 **FIX           11
 **********
 PARAMETER   11  IS CONSTANT.   IGNORED.
 **********
 **   54 **FIX           12
 **********
 PARAMETER   12  IS CONSTANT.   IGNORED.
 **********
 **   55 **FIX           13
 **********
 PARAMETER   13  IS CONSTANT.   IGNORED.
 **********
 **   56 **FIX           14
 **********
 **********
 **   57 **FIX           15
 **********
 PARAMETER   15  IS CONSTANT.   IGNORED.
 **********
 **   58 **FIX           16
 **********
 PARAMETER   16  IS CONSTANT.   IGNORED.
 **********
 **   59 **MIGRAD
 **********
 START MIGRAD MINIMIZATION.  STRATEGY  1.  CONVERGENCE WHEN EDM .LT. 1.00e-04
 FCN=310.125 FROM MIGRAD    STATUS=INITIATE       10 CALLS        1079 TOTAL
                     EDM= unknown      STRATEGY= 1      NO ERROR MATRIX       
  EXT PARAMETER               CURRENT GUESS       STEP         FIRST   
  NO.   NAME      VALUE            ERROR          SIZE      DERIVATIVE 
   1  N0           2.97459e+06     fixed    
   2  tau          6.44054e+01   constant   
   3  A0           3.49024e-01     fixed    
   4  phi          4.11565e+00     fixed    
   5  R           -6.09493e+01   constant   
   6  A_CBO        1.76002e-03     fixed    
   7  w_CBO        2.36169e+00     fixed    
   8  phi_CBO     -2.60244e+00   9.13700e-01   9.13700e-01   8.00829e-03
   9  ANx2         7.43781e-04   constant   
  10  pNx2         1.57222e+00   constant   
  11  ANy1         0.00000e+00   constant   
  12  pNy1         0.00000e+00   constant   
  13  w_y          0.00000e+00   constant   
  14  ANy2        -9.41039e-04     fixed    
  15  pNy2         6.06093e+00   constant   
  16  w_vw         1.43032e+01   constant   
  17  LM           6.04551e-05   constant   
  18  wCBO_expCoeff   2.43012e+02   1.59335e+01   1.44519e-02  -4.75825e-04
  19  wCBO_expOffset   2.11957e+02   1.79582e+00   1.63241e-03  -4.22196e-03
  20  wCBO_expT    2.73705e+01   2.27448e-01   2.13628e-04  -2.74580e-02
  21  wCBO_linCoeff   0.00000e+00   constant   
  22  wCBO_const  -1.18395e-02   4.64302e-03   3.70666e-06  -3.57865e+00
 MIGRAD MINIMIZATION HAS CONVERGED.
 MIGRAD WILL VERIFY CONVERGENCE AND ERROR MATRIX.
 COVARIANCE MATRIX CALCULATED SUCCESSFULLY
 FCN=310.125 FROM MIGRAD    STATUS=CONVERGED      67 CALLS        1136 TOTAL
                     EDM=5.953e-06    STRATEGY= 1      ERROR MATRIX ACCURATE 
  EXT PARAMETER                                   STEP         FIRST   
  NO.   NAME      VALUE            ERROR          SIZE      DERIVATIVE 
   1  N0           2.97459e+06     fixed    
   2  tau          6.44054e+01   constant   
   3  A0           3.49024e-01     fixed    
   4  phi          4.11565e+00     fixed    
   5  R           -6.09493e+01   constant   
   6  A_CBO        1.76002e-03     fixed    
   7  w_CBO        2.36169e+00     fixed    
   8  phi_CBO     -2.60481e+00   9.28668e-01   5.78866e-03   2.49808e-04
   9  ANx2         7.43781e-04   constant   
  10  pNx2         1.57222e+00   constant   
  11  ANy1         0.00000e+00   constant   
  12  pNy1         0.00000e+00   constant   
  13  w_y          0.00000e+00   constant   
  14  ANy2        -9.41039e-04     fixed    
  15  pNy2         6.06093e+00   constant   
  16  w_vw         1.43032e+01   constant   
  17  LM           6.04551e-05   constant   
  18  wCBO_expCoeff   2.43011e+02   2.47791e+01   1.46058e-02  -2.46701e-04
  19  wCBO_expOffset   2.11957e+02   2.79635e+00   1.64504e-03  -2.19025e-03
  20  wCBO_expT    2.73705e+01   3.32958e-01   2.15121e-04  -5.53186e-03
  21  wCBO_linCoeff   0.00000e+00   constant   
  22  wCBO_const  -1.18395e-02   6.95486e-04   3.72190e-06   2.51273e+00
 EXTERNAL ERROR MATRIX.    NDIM=  25    NPAR=  5    ERR DEF=1
  8.624e-01 -7.427e-01 -8.421e-02  2.980e-02  2.689e-04 
 -7.427e-01  6.140e+02 -4.243e+01 -3.599e+00  2.788e-03 
 -8.421e-02 -4.243e+01  7.820e+00 -4.094e-01  3.169e-04 
  2.980e-02 -3.599e+00 -4.094e-01  1.109e-01 -9.464e-05 
  2.689e-04  2.788e-03  3.169e-04 -9.464e-05  4.837e-07 
 PARAMETER  CORRELATION COEFFICIENTS  
       NO.  GLOBAL      8     18     19     20     22
        8  0.68998   1.000 -0.032 -0.032  0.096  0.416
       18  0.99766  -0.032  1.000 -0.612 -0.436  0.162
       19  0.99767  -0.032 -0.612  1.000 -0.440  0.163
       20  0.99719   0.096 -0.436 -0.440  1.000 -0.409
       22  0.78359   0.416  0.162  0.163 -0.409  1.000
MINUIT - FIT ONLY 1-y
 **********
 **   60 **RES 
 **********
                   PARAMETER   14  ANy2 RESTORED TO VARIABLE.
                   PARAMETER    7  w_CBO RESTORED TO VARIABLE.
                   PARAMETER    6  A_CBO RESTORED TO VARIABLE.
                   PARAMETER    4  phi RESTORED TO VARIABLE.
                   PARAMETER    3  A0 RESTORED TO VARIABLE.
                   PARAMETER    1  N0 RESTORED TO VARIABLE.
 **********
 **   61 **FIX            0
 **********
 PARAMETER    0  IS UNDEFINED. IGNORED.
 **********
 **   62 **FIX            1
 **********
 **********
 **   63 **FIX            2
 **********
 PARAMETER    2  IS CONSTANT.   IGNORED.
 **********
 **   64 **FIX            3
 **********
 **********
 **   65 **FIX            4
 **********
 **********
 **   66 **FIX            5
 **********
 PARAMETER    5  IS CONSTANT.   IGNORED.
 **********
 **   67 **FIX            6
 **********
 **********
 **   68 **FIX            7
 **********
 **********
 **   69 **FIX            8
 **********
 **********
 **   70 **FIX            9
 **********
 PARAMETER    9  IS CONSTANT.   IGNORED.
 **********
 **   71 **FIX           13
 **********
 PARAMETER   13  IS CONSTANT.   IGNORED.
 **********
 **   72 **FIX           14
 **********
 **********
 **   73 **FIX           15
 **********
 PARAMETER   15  IS CONSTANT.   IGNORED.
 **********
 **   74 **FIX           16
 **********
 PARAMETER   16  IS CONSTANT.   IGNORED.
 **********
 **   75 **MIGRAD
 **********
 START MIGRAD MINIMIZATION.  STRATEGY  1.  CONVERGENCE WHEN EDM .LT. 1.00e-04
 FCN=310.125 FROM MIGRAD    STATUS=INITIATE        8 CALLS        1144 TOTAL
                     EDM= unknown      STRATEGY= 1      NO ERROR MATRIX       
  EXT PARAMETER               CURRENT GUESS       STEP         FIRST   
  NO.   NAME      VALUE            ERROR          SIZE      DERIVATIVE 
   1  N0           2.97459e+06     fixed    
   2  tau          6.44054e+01   constant   
   3  A0           3.49024e-01     fixed    
   4  phi          4.11565e+00     fixed    
   5  R           -6.09493e+01   constant   
   6  A_CBO        1.76002e-03     fixed    
   7  w_CBO        2.36169e+00     fixed    
   8  phi_CBO     -2.60481e+00     fixed    
   9  ANx2         7.43781e-04   constant   
  10  pNx2         1.57222e+00   constant   
  11  ANy1         0.00000e+00   constant   
  12  pNy1         0.00000e+00   constant   
  13  w_y          0.00000e+00   constant   
  14  ANy2        -9.41039e-04     fixed    
  15  pNy2         6.06093e+00   constant   
  16  w_vw         1.43032e+01   constant   
  17  LM           6.04551e-05   constant   
  18  wCBO_expCoeff   2.43011e+02   2.47791e+01   1.46058e-02  -2.51544e-04
  19  wCBO_expOffset   2.11957e+02   2.79635e+00   1.64504e-03  -2.23065e-03
  20  wCBO_expT    2.73705e+01   3.32958e-01   2.15121e-04  -5.57953e-03
  21  wCBO_linCoeff   0.00000e+00   constant   
  22  wCBO_const  -1.18395e-02   6.95486e-04   3.72190e-06   2.51450e+00
 MIGRAD MINIMIZATION HAS CONVERGED.
 MIGRAD WILL VERIFY CONVERGENCE AND ERROR MATRIX.
 COVARIANCE MATRIX CALCULATED SUCCESSFULLY
 FCN=310.125 FROM MIGRAD    STATUS=CONVERGED      41 CALLS        1177 TOTAL
                     EDM=3.83263e-06    STRATEGY= 1      ERROR MATRIX ACCURATE 
  EXT PARAMETER                                   STEP         FIRST   
  NO.   NAME      VALUE            ERROR          SIZE      DERIVATIVE 
   1  N0           2.97459e+06     fixed    
   2  tau          6.44054e+01   constant   
   3  A0           3.49024e-01     fixed    
   4  phi          4.11565e+00     fixed    
   5  R           -6.09493e+01   constant   
   6  A_CBO        1.76002e-03     fixed    
   7  w_CBO        2.36169e+00     fixed    
   8  phi_CBO     -2.60481e+00     fixed    
   9  ANx2         7.43781e-04   constant   
  10  pNx2         1.57222e+00   constant   
  11  ANy1         0.00000e+00   constant   
  12  pNy1         0.00000e+00   constant   
  13  w_y          0.00000e+00   constant   
  14  ANy2        -9.41039e-04     fixed    
  15  pNy2         6.06093e+00   constant   
  16  w_vw         1.43032e+01   constant   
  17  LM           6.04551e-05   constant   
  18  wCBO_expCoeff   2.43012e+02   2.47542e+01   1.45964e-02   1.05197e-04
  19  wCBO_expOffset   2.11957e+02   2.79302e+00   1.64400e-03   9.34116e-04
  20  wCBO_expT    2.73705e+01   3.31255e-01   2.14986e-04   1.56729e-02
  21  wCBO_linCoeff   0.00000e+00   constant   
  22  wCBO_const  -1.18399e-02   6.32243e-04   3.72146e-06   4.87498e-01
 EXTERNAL ERROR MATRIX.    NDIM=  25    NPAR=  4    ERR DEF=1
  6.128e+02 -4.245e+01 -3.571e+00  3.018e-03 
 -4.245e+01  7.801e+00 -4.060e-01  3.426e-04 
 -3.571e+00 -4.060e-01  1.097e-01 -1.038e-04 
  3.018e-03  3.426e-04 -1.038e-04  3.997e-07 
 PARAMETER  CORRELATION COEFFICIENTS  
       NO.  GLOBAL     18     19     20     22
       18  0.99765   1.000 -0.614 -0.436  0.193
       19  0.99766  -0.614  1.000 -0.439  0.194
       20  0.99716  -0.436 -0.439  1.000 -0.496
       22  0.73000   0.193  0.194 -0.496  1.000
MINUIT - FIT ONLY 2-y
 **********
 **   76 **RES 
 **********
                   PARAMETER   14  ANy2 RESTORED TO VARIABLE.
                   PARAMETER    8  phi_CBO RESTORED TO VARIABLE.
                   PARAMETER    7  w_CBO RESTORED TO VARIABLE.
                   PARAMETER    6  A_CBO RESTORED TO VARIABLE.
                   PARAMETER    4  phi RESTORED TO VARIABLE.
                   PARAMETER    3  A0 RESTORED TO VARIABLE.
                   PARAMETER    1  N0 RESTORED TO VARIABLE.
 **********
 **   77 **FIX            0
 **********
 PARAMETER    0  IS UNDEFINED. IGNORED.
 **********
 **   78 **FIX            1
 **********
 **********
 **   79 **FIX            2
 **********
 PARAMETER    2  IS CONSTANT.   IGNORED.
 **********
 **   80 **FIX            3
 **********
 **********
 **   81 **FIX            4
 **********
 **********
 **   82 **FIX            5
 **********
 PARAMETER    5  IS CONSTANT.   IGNORED.
 **********
 **   83 **FIX            6
 **********
 **********
 **   84 **FIX            7
 **********
 **********
 **   85 **FIX            8
 **********
 **********
 **   86 **FIX            9
 **********
 PARAMETER    9  IS CONSTANT.   IGNORED.
 **********
 **   87 **FIX           10
 **********
 PARAMETER   10  IS CONSTANT.   IGNORED.
 **********
 **   88 **FIX           11
 **********
 PARAMETER   11  IS CONSTANT.   IGNORED.
 **********
 **   89 **FIX           12
 **********
 PARAMETER   12  IS CONSTANT.   IGNORED.
 **********
 **   90 **FIX           16
 **********
 PARAMETER   16  IS CONSTANT.   IGNORED.
 **********
 **   91 **MIGRAD
 **********
 START MIGRAD MINIMIZATION.  STRATEGY  1.  CONVERGENCE WHEN EDM .LT. 1.00e-04
 FCN=310.125 FROM MIGRAD    STATUS=INITIATE       10 CALLS        1187 TOTAL
                     EDM= unknown      STRATEGY= 1      NO ERROR MATRIX       
  EXT PARAMETER               CURRENT GUESS       STEP         FIRST   
  NO.   NAME      VALUE            ERROR          SIZE      DERIVATIVE 
   1  N0           2.97459e+06     fixed    
   2  tau          6.44054e+01   constant   
   3  A0           3.49024e-01     fixed    
   4  phi          4.11565e+00     fixed    
   5  R           -6.09493e+01   constant   
   6  A_CBO        1.76002e-03     fixed    
   7  w_CBO        2.36169e+00     fixed    
   8  phi_CBO     -2.60481e+00     fixed    
   9  ANx2         7.43781e-04   constant   
  10  pNx2         1.57222e+00   constant   
  11  ANy1         0.00000e+00   constant   
  12  pNy1         0.00000e+00   constant   
  13  w_y          0.00000e+00   constant   
  14  ANy2        -9.41039e-04   1.15142e-03   1.15142e-03   3.84156e-01
  15  pNy2         6.06093e+00   constant   
  16  w_vw         1.43032e+01   constant   
  17  LM           6.04551e-05   constant   
  18  wCBO_expCoeff   2.43012e+02   2.47542e+01   1.45964e-02   1.00342e-04
  19  wCBO_expOffset   2.11957e+02   2.79302e+00   1.64400e-03   8.93610e-04
  20  wCBO_expT    2.73705e+01   3.31255e-01   2.14986e-04   1.53838e-02
  21  wCBO_linCoeff   0.00000e+00   constant   
  22  wCBO_const  -1.18399e-02   6.32243e-04   3.72146e-06   4.89292e-01
 MIGRAD MINIMIZATION HAS CONVERGED.
 MIGRAD WILL VERIFY CONVERGENCE AND ERROR MATRIX.
 COVARIANCE MATRIX CALCULATED SUCCESSFULLY
 FCN=310.125 FROM MIGRAD    STATUS=CONVERGED      55 CALLS        1232 TOTAL
                     EDM=3.85514e-06    STRATEGY= 1      ERROR MATRIX ACCURATE 
  EXT PARAMETER                                   STEP         FIRST   
  NO.   NAME      VALUE            ERROR          SIZE      DERIVATIVE 
   1  N0           2.97459e+06     fixed    
   2  tau          6.44054e+01   constant   
   3  A0           3.49024e-01     fixed    
   4  phi          4.11565e+00     fixed    
   5  R           -6.09493e+01   constant   
   6  A_CBO        1.76002e-03     fixed    
   7  w_CBO        2.36169e+00     fixed    
   8  phi_CBO     -2.60481e+00     fixed    
   9  ANx2         7.43781e-04   constant   
  10  pNx2         1.57222e+00   constant   
  11  ANy1         0.00000e+00   constant   
  12  pNy1         0.00000e+00   constant   
  13  w_y          0.00000e+00   constant   
  14  ANy2        -9.41158e-04   1.15395e-03   9.93756e-06   2.01134e-01
  15  pNy2         6.06093e+00   constant   
  16  w_vw         1.43032e+01   constant   
  17  LM           6.04551e-05   constant   
  18  wCBO_expCoeff   2.43012e+02   2.47609e+01   1.45976e-02  -1.31478e-04
  19  wCBO_expOffset   2.11957e+02   2.79411e+00   1.64413e-03  -1.16723e-03
  20  wCBO_expT    2.73705e+01   3.31354e-01   2.15003e-04  -5.06525e-04
  21  wCBO_linCoeff   0.00000e+00   constant   
  22  wCBO_const  -1.18400e-02   6.32286e-04   3.72159e-06  -2.39057e-01
 EXTERNAL ERROR MATRIX.    NDIM=  25    NPAR=  5    ERR DEF=1
  1.332e-06 -8.962e-05 -1.021e-05  2.302e-06  3.043e-10 
 -8.962e-05  6.131e+02 -4.248e+01 -3.573e+00  3.019e-03 
 -1.021e-05 -4.248e+01  7.807e+00 -4.063e-01  3.429e-04 
  2.302e-06 -3.573e+00 -4.063e-01  1.098e-01 -1.039e-04 
  3.043e-10  3.019e-03  3.429e-04 -1.039e-04  3.998e-07 
 PARAMETER  CORRELATION COEFFICIENTS  
       NO.  GLOBAL     14     18     19     20     22
       14  0.01410   1.000 -0.003 -0.003  0.006  0.000
       18  0.99765  -0.003  1.000 -0.614 -0.435  0.193
       19  0.99766  -0.003 -0.614  1.000 -0.439  0.194
       20  0.99716   0.006 -0.435 -0.439  1.000 -0.496
       22  0.73004   0.000  0.193  0.194 -0.496  1.000
MINUIT - FIT ALTOGETHER
 **********
 **   92 **RES 
 **********
                   PARAMETER    8  phi_CBO RESTORED TO VARIABLE.
                   PARAMETER    7  w_CBO RESTORED TO VARIABLE.
                   PARAMETER    6  A_CBO RESTORED TO VARIABLE.
                   PARAMETER    4  phi RESTORED TO VARIABLE.
                   PARAMETER    3  A0 RESTORED TO VARIABLE.
                   PARAMETER    1  N0 RESTORED TO VARIABLE.
 **********
 **   93 **MIGRAD
 **********
 START MIGRAD MINIMIZATION.  STRATEGY  1.  CONVERGENCE WHEN EDM .LT. 1.00e-04
 FCN=310.125 FROM MIGRAD    STATUS=INITIATE       22 CALLS        1254 TOTAL
                     EDM= unknown      STRATEGY= 1      NO ERROR MATRIX       
  EXT PARAMETER               CURRENT GUESS       STEP         FIRST   
  NO.   NAME      VALUE            ERROR          SIZE      DERIVATIVE 
   1  N0           2.97459e+06   2.47720e+03   2.47720e+03  -6.25574e-05
   2  tau          6.44054e+01   constant   
   3  A0           3.49024e-01   1.13507e-03   1.13507e-03   1.92068e+02
   4  phi          4.11565e+00   3.26713e-03   3.26713e-03   6.53098e+01
   5  R           -6.09493e+01   constant   
   6  A_CBO        1.76002e-03   1.14243e-03   1.14243e-03  -3.04523e-01
   7  w_CBO        2.36169e+00   1.11007e-02   1.11007e-02  -1.13067e-01
   8  phi_CBO     -2.60481e+00   9.28668e-01   9.28668e-01   1.13621e-03
   9  ANx2         7.43781e-04   constant   
  10  pNx2         1.57222e+00   constant   
  11  ANy1         0.00000e+00   constant   
  12  pNy1         0.00000e+00   constant   
  13  w_y          0.00000e+00   constant   
  14  ANy2        -9.41158e-04   1.15395e-03   9.93756e-06   2.01134e-01
  15  pNy2         6.06093e+00   constant   
  16  w_vw         1.43032e+01   constant   
  17  LM           6.04551e-05   constant   
  18  wCBO_expCoeff   2.43012e+02   2.47609e+01   1.45976e-02  -1.36328e-04
  19  wCBO_expOffset   2.11957e+02   2.79411e+00   1.64413e-03  -1.20769e-03
