 + ++++++++++++++++++++++++++++++++++++++++++++++++++++++++++++++++++++ +
 +                                                                      +
 +           You have chose to blind your fitting according to          +
 +                omega_ref * (1 + (R +/- deltaR) *10^{-6})             +
 +                                                                      +
 + ++++++++++++++++++++++++++++++++++++++++++++++++++++++++++++++++++++ +
In main()...
reading format from /gm2data/zkhechad/run45/envelope/formats/formatB_sBin_constraintOn.txt
pBinTau 	= 0  
pBinPhi 	= 0  
constraintau 	= 1 
includeMopTerm 	= 0    
constrainMop    = 0   
Parameters after format file: pBinTau 0 pBinPhi 0 constraintau 1 includeMopTerm 0 constrainMop 0 c_e_scale 0.000000 
reading cbo reference file (full fit) from /gm2data/zkhechad/cboTemplates/Run4CBOTemplates/fullFits/run4/sBin_constraintOn_cE0.0_seed0_run4_calo2.root
A_CBO 0.007108 w_CBO 2.327171 phi_CBO 2.947562 N0 3111930.391320 R -60.007933 tau 64.411359 
Reading cboRef file /gm2data/zkhechad/cboTemplates/Run4CBOTemplates//cboIsolate/run4_calo2.root
deltaT 164.120000
windowBins = 1100
fitting sliding window 1680 from bin 1883 at 280.943600 to bin 2983 at 445.063600 (1100 bins)

Reading data from /gm2data/cornell/histograms/aMethod/histogram_a_run4.root
fitting cbo isolate
 **********
 **    1 **SET PRINTOUT            1
 **********
 **********
 **    2 **SET NOWARNINGS 
 **********
 PARAMETER DEFINITIONS:
    NO.   NAME         VALUE      STEP SIZE      LIMITS
     1 A_CBO        7.10761e-03  1.00000e-05     no limits
     2 w_CBO        2.32717e+00  1.00000e-02    2.00000e+00  3.00000e+00
     3 phi_CBO      2.94756e+00  1.00000e-02    0.00000e+00  6.28319e+00
 **********
 **    3 **MIGRAD
 **********
 FIRST CALL TO USER FUNCTION AT NEW START POINT, WITH IFLAG=4.
 START MIGRAD MINIMIZATION.  STRATEGY  1.  CONVERGENCE WHEN EDM .LT. 1.00e-04
 FCN=0.0702182 FROM MIGRAD    STATUS=INITIATE       12 CALLS          13 TOTAL
                     EDM= unknown      STRATEGY= 1      NO ERROR MATRIX       
  EXT PARAMETER               CURRENT GUESS       STEP         FIRST   
  NO.   NAME      VALUE            ERROR          SIZE      DERIVATIVE 
   1  A_CBO        7.10761e-03   1.00000e-05   1.00000e-05   5.99110e+00
   2  w_CBO        2.32717e+00   1.00000e-02   2.13160e-02   1.04513e+00
   3  phi_CBO      2.94756e+00   1.00000e-02   3.18919e-03  -1.80005e-02
 MIGRAD MINIMIZATION HAS CONVERGED.
 MIGRAD WILL VERIFY CONVERGENCE AND ERROR MATRIX.
 COVARIANCE MATRIX CALCULATED SUCCESSFULLY
 FCN=0.0535627 FROM HESSE     STATUS=OK             16 CALLS          59 TOTAL
                     EDM=8.75407e-05    STRATEGY= 1      ERROR MATRIX ACCURATE 
  EXT PARAMETER                                   STEP         FIRST   
  NO.   NAME      VALUE            ERROR          SIZE      DERIVATIVE 
   1  A_CBO        1.79312e-03   4.45900e-02   2.13509e-05  -3.83372e-02
   2  w_CBO        2.32654e+00   6.57814e-01   7.53701e-05   3.22175e-02
   3  phi_CBO      3.12082e+00   4.59422e+00   4.10009e-03  -2.66815e-04
 MIGRAD MINIMIZATION HAS CONVERGED.
 FCN=0.0534883 FROM MIGRAD    STATUS=CONVERGED      67 CALLS          68 TOTAL
                     EDM=3.03661e-06    STRATEGY= 1  ERROR MATRIX UNCERTAINTY   3.2 per cent
  EXT PARAMETER                                   STEP         FIRST   
  NO.   NAME      VALUE            ERROR          SIZE      DERIVATIVE 
   1  A_CBO        1.91812e-03   4.16947e-02   1.25003e-04   5.88960e-02
   2  w_CBO        2.32307e+00   3.74480e-01  -7.43041e-03  -1.64076e-02
   3  phi_CBO      1.92022e+00   4.10146e+00  -3.92689e-01   3.16918e-04
 EXTERNAL ERROR MATRIX.    NDIM=  25    NPAR=  3    ERR DEF=1
  1.738e-03 -2.526e-03 -9.010e-01 
 -2.526e-03  1.886e-01  6.398e+01 
 -9.010e-01  6.398e+01  2.215e+04 
 PARAMETER  CORRELATION COEFFICIENTS  
       NO.  GLOBAL      1      2      3
        1  0.14823   1.000 -0.140 -0.145
        2  0.99000  -0.140  1.000  0.990
        3  0.99001  -0.145  0.990  1.000
setting A_CBO=0.001918 w_CBO=2.323065, phi_CBO=1.920222
done fitting cbo isolate
 **********
 **    1 **SET PRINTOUT            1
 **********
 **********
 **    2 **SET NOWARNINGS 
 **********
 PARAMETER DEFINITIONS:
    NO.   NAME         VALUE      STEP SIZE      LIMITS
     1 N0           3.11193e+06  1.00000e+02     no limits
     2 tau          6.44114e+01  constant
     3 A0           3.64516e-01  1.00000e-04     no limits
     4 phi          4.11813e+00  1.00000e-02     no limits
     5 R           -6.00079e+01  constant
     6 A_CBO        1.91812e-03  1.00000e-05     no limits
     7 w_CBO        2.32307e+00  1.00000e-03     no limits
     8 phi_CBO      1.92022e+00  1.00000e-04     no limits
     9 ANx2         3.40456e-04  constant
    10 pNx2         3.19484e+00  constant
    11 ANy1         0.00000e+00  constant
    12 pNy1         0.00000e+00  constant
    13 w_y          0.00000e+00  constant
    14 ANy2         1.04941e-02  1.00000e-04     no limits
    15 pNy2         5.11372e+00  constant
    16 w_vw         1.43155e+01  constant
    17 LM           3.07992e-04  constant
    18 wCBO_expCoeff   2.00000e+02  1.00000e+00     no limits
    19 wCBO_expOffset   2.00000e+02  1.00000e+00     no limits
    20 wCBO_expT    3.00000e+01  1.00000e+00     no limits
    21 wCBO_linCoeff   0.00000e+00  constant
    22 wCBO_const   0.00000e+00  1.00000e-02     no limits
MINUIT - FIT ONLY WIGGLE
 **********
 **    3 **FIX            5
 **********
 PARAMETER    5  IS CONSTANT.   IGNORED.
 **********
 **    4 **FIX            6
 **********
 **********
 **    5 **FIX            7
 **********
 **********
 **    6 **FIX            8
 **********
 **********
 **    7 **FIX            9
 **********
 PARAMETER    9  IS CONSTANT.   IGNORED.
 **********
 **    8 **FIX           10
 **********
 PARAMETER   10  IS CONSTANT.   IGNORED.
 **********
 **    9 **FIX           11
 **********
 PARAMETER   11  IS CONSTANT.   IGNORED.
 **********
 **   10 **FIX           12
 **********
 PARAMETER   12  IS CONSTANT.   IGNORED.
 **********
 **   11 **FIX           13
 **********
 PARAMETER   13  IS CONSTANT.   IGNORED.
 **********
 **   12 **FIX           14
 **********
 **********
 **   13 **FIX           15
 **********
 PARAMETER   15  IS CONSTANT.   IGNORED.
 **********
 **   14 **FIX           16
 **********
 PARAMETER   16  IS CONSTANT.   IGNORED.
 **********
 **   15 **MIGRAD
 **********
 FIRST CALL TO USER FUNCTION AT NEW START POINT, WITH IFLAG=4.
 START MIGRAD MINIMIZATION.  STRATEGY  1.  CONVERGENCE WHEN EDM .LT. 1.00e-04
 FCN=973.288 FROM MIGRAD    STATUS=INITIATE       34 CALLS          35 TOTAL
                     EDM= unknown      STRATEGY= 1      NO ERROR MATRIX       
  EXT PARAMETER               CURRENT GUESS       STEP         FIRST   
  NO.   NAME      VALUE            ERROR          SIZE      DERIVATIVE 
   1  N0           3.11193e+06   1.00000e+02   1.00000e+02   9.82657e-05
   2  tau          6.44114e+01   constant   
   3  A0           3.64516e-01   1.00000e-04   1.00000e-04   3.91375e+03
   4  phi          4.11813e+00   1.00000e-02   1.00000e-02   1.45193e+03
   5  R           -6.00079e+01   constant   
   6  A_CBO        1.91812e-03     fixed    
   7  w_CBO        2.32307e+00     fixed    
   8  phi_CBO      1.92022e+00     fixed    
   9  ANx2         3.40456e-04   constant   
  10  pNx2         3.19484e+00   constant   
  11  ANy1         0.00000e+00   constant   
  12  pNy1         0.00000e+00   constant   
  13  w_y          0.00000e+00   constant   
  14  ANy2         1.04941e-02     fixed    
  15  pNy2         5.11372e+00   constant   
  16  w_vw         1.43155e+01   constant   
  17  LM           3.07992e-04   constant   
  18  wCBO_expCoeff   2.00000e+02   1.00000e+00   1.00000e+00  -1.39514e+01
  19  wCBO_expOffset   2.00000e+02   1.00000e+00   1.00000e+00  -9.36480e+01
  20  wCBO_expT    3.00000e+01   1.00000e+00   1.00000e+00  -6.40990e+02
  21  wCBO_linCoeff   0.00000e+00   constant   
  22  wCBO_const   0.00000e+00   1.00000e-02   1.00000e-02  -5.67531e+03
 MIGRAD MINIMIZATION HAS CONVERGED.
 FCN=956.058 FROM MIGRAD    STATUS=CONVERGED     242 CALLS         243 TOTAL
                     EDM=1.72408e-06    STRATEGY= 1  ERROR MATRIX UNCERTAINTY   0.7 per cent
  EXT PARAMETER                                   STEP         FIRST   
  NO.   NAME      VALUE            ERROR          SIZE      DERIVATIVE 
   1  N0           3.11186e+06   9.14510e+02   4.67999e+00  -3.80487e-07
   2  tau          6.44114e+01   constant   
   3  A0           3.64231e-01   3.88831e-04   1.32484e-06  -2.99520e+00
   4  phi          4.11738e+00   1.12710e-03  -5.88863e-06  -4.33683e-01
   5  R           -6.00079e+01   constant   
   6  A_CBO        1.91812e-03     fixed    
   7  w_CBO        2.32307e+00     fixed    
   8  phi_CBO      1.92022e+00     fixed    
   9  ANx2         3.40456e-04   constant   
  10  pNx2         3.19484e+00   constant   
  11  ANy1         0.00000e+00   constant   
  12  pNy1         0.00000e+00   constant   
  13  w_y          0.00000e+00   constant   
  14  ANy2         1.04941e-02     fixed    
  15  pNy2         5.11372e+00   constant   
  16  w_vw         1.43155e+01   constant   
  17  LM           3.07992e-04   constant   
  18  wCBO_expCoeff   2.00116e+02   7.39990e-02   7.17741e-04   1.10701e-01
  19  wCBO_expOffset   2.00017e+02   1.11520e-02   1.08416e-04   5.49953e-01
  20  wCBO_expT    2.99841e+01   8.22351e-03  -8.73634e-05   2.03774e+00
  21  wCBO_linCoeff   0.00000e+00   constant   
  22  wCBO_const   4.01114e-03   1.03085e-03   1.40274e-05   7.75213e-01
 EXTERNAL ERROR MATRIX.    NDIM=  25    NPAR=  7    ERR DEF=1
  8.363e+05  3.135e-03  7.933e-03  5.142e+00  7.802e-01 -5.881e-01  4.662e-02 
  3.135e-03  1.512e-07 -5.073e-09  2.034e-06  3.076e-07 -2.313e-07  2.160e-08 
  7.933e-03 -5.073e-09  1.270e-06  4.390e-06  6.568e-07 -6.026e-07  1.140e-07 
  5.142e+00  2.034e-06  4.390e-06  5.476e-03  8.034e-04 -6.004e-04  6.110e-05 
  7.802e-01  3.076e-07  6.568e-07  8.034e-04  1.244e-04 -9.050e-05  9.219e-06 
 -5.881e-01 -2.313e-07 -6.026e-07 -6.004e-04 -9.050e-05  6.763e-05 -7.267e-06 
  4.662e-02  2.160e-08  1.140e-07  6.110e-05  9.219e-06 -7.267e-06  1.063e-06 
 PARAMETER  CORRELATION COEFFICIENTS  
       NO.  GLOBAL      1      3      4     18     19     20     22
        1  0.09995   1.000  0.009  0.008  0.076  0.077 -0.078  0.049
        3  0.08017   0.009  1.000 -0.012  0.071  0.071 -0.072  0.054
        4  0.12287   0.008 -0.012  1.000  0.053  0.052 -0.065  0.098
       18  0.99215   0.076  0.071  0.053  1.000  0.973 -0.987  0.801
       19  0.99220   0.077  0.071  0.052  0.973  1.000 -0.987  0.802
       20  0.99787  -0.078 -0.072 -0.065 -0.987 -0.987  1.000 -0.857
       22  0.94201   0.049  0.054  0.098  0.801  0.802 -0.857  1.000
MINUIT - FIT ONLY 1-CBO + other amplitudes 
 **********
 **   16 **RES 
 **********
                   PARAMETER   14  ANy2 RESTORED TO VARIABLE.
                   PARAMETER    8  phi_CBO RESTORED TO VARIABLE.
                   PARAMETER    7  w_CBO RESTORED TO VARIABLE.
                   PARAMETER    6  A_CBO RESTORED TO VARIABLE.
 **********
 **   17 **FIX            0
 **********
 PARAMETER    0  IS UNDEFINED. IGNORED.
 **********
 **   18 **FIX            1
 **********
 **********
 **   19 **FIX            2
 **********
 PARAMETER    2  IS CONSTANT.   IGNORED.
 **********
 **   20 **FIX            3
 **********
 **********
 **   21 **FIX            4
 **********
 **********
 **   22 **FIX            9
 **********
 PARAMETER    9  IS CONSTANT.   IGNORED.
 **********
 **   23 **FIX           11
 **********
 PARAMETER   11  IS CONSTANT.   IGNORED.
 **********
 **   24 **FIX           12
 **********
 PARAMETER   12  IS CONSTANT.   IGNORED.
 **********
 **   25 **FIX           14
 **********
 **********
 **   26 **FIX           15
 **********
 PARAMETER   15  IS CONSTANT.   IGNORED.
 **********
 **   27 **FIX           16
 **********
 PARAMETER   16  IS CONSTANT.   IGNORED.
 **********
 **   28 **MIGRAD
 **********
 START MIGRAD MINIMIZATION.  STRATEGY  1.  CONVERGENCE WHEN EDM .LT. 1.00e-04
 FCN=956.058 FROM MIGRAD    STATUS=INITIATE       20 CALLS         263 TOTAL
                     EDM= unknown      STRATEGY= 1      NO ERROR MATRIX       
  EXT PARAMETER               CURRENT GUESS       STEP         FIRST   
  NO.   NAME      VALUE            ERROR          SIZE      DERIVATIVE 
   1  N0           3.11186e+06     fixed    
   2  tau          6.44114e+01   constant   
   3  A0           3.64231e-01     fixed    
   4  phi          4.11738e+00     fixed    
   5  R           -6.00079e+01   constant   
   6  A_CBO        1.91812e-03   1.00000e-05   1.00000e-05   1.16987e+04
   7  w_CBO        2.32307e+00   1.00000e-03   1.00000e-03   9.86846e+00
   8  phi_CBO      1.92022e+00   1.00000e-04   1.00000e-04   2.32155e+00
   9  ANx2         3.40456e-04   constant   
  10  pNx2         3.19484e+00   constant   
  11  ANy1         0.00000e+00   constant   
  12  pNy1         0.00000e+00   constant   
  13  w_y          0.00000e+00   constant   
  14  ANy2         1.04941e-02     fixed    
  15  pNy2         5.11372e+00   constant   
  16  w_vw         1.43155e+01   constant   
  17  LM           3.07992e-04   constant   
  18  wCBO_expCoeff   2.00116e+02   7.39990e-02   7.17741e-04   1.10702e-01
  19  wCBO_expOffset   2.00017e+02   1.11520e-02   1.08416e-04   5.49953e-01
  20  wCBO_expT    2.99841e+01   8.22351e-03  -8.73634e-05   2.03774e+00
  21  wCBO_linCoeff   0.00000e+00   constant   
  22  wCBO_const   4.01114e-03   1.03085e-03   1.40274e-05   7.75191e-01
 MIGRAD MINIMIZATION HAS CONVERGED.
 MIGRAD WILL VERIFY CONVERGENCE AND ERROR MATRIX.
 COVARIANCE MATRIX CALCULATED SUCCESSFULLY
 FCN=949.753 FROM MIGRAD    STATUS=CONVERGED     248 CALLS         491 TOTAL
                     EDM=2.1083e-07    STRATEGY= 1      ERROR MATRIX ACCURATE 
  EXT PARAMETER                                   STEP         FIRST   
  NO.   NAME      VALUE            ERROR          SIZE      DERIVATIVE 
   1  N0           3.11186e+06     fixed    
   2  tau          6.44114e+01   constant   
   3  A0           3.64231e-01     fixed    
   4  phi          4.11738e+00     fixed    
   5  R           -6.00079e+01   constant   
   6  A_CBO        8.63176e-04   4.39410e-04   6.24905e-06   1.31273e+00
   7  w_CBO        2.32320e+00   1.97713e-03   1.81893e-06  -5.65193e-01
   8  phi_CBO      1.70241e+00   6.42443e-01   7.31222e-03   1.27227e-04
   9  ANx2         3.40456e-04   constant   
  10  pNx2         3.19484e+00   constant   
  11  ANy1         0.00000e+00   constant   
  12  pNy1         0.00000e+00   constant   
  13  w_y          0.00000e+00   constant   
  14  ANy2         1.04941e-02     fixed    
  15  pNy2         5.11372e+00   constant   
  16  w_vw         1.43155e+01   constant   
  17  LM           3.07992e-04   constant   
  18  wCBO_expCoeff   2.00129e+02   1.76380e-01   1.75251e-04  -4.74672e-03
  19  wCBO_expOffset   2.00020e+02   1.69362e-02   9.53767e-05  -3.26129e-02
  20  wCBO_expT    2.99815e+01   6.81760e-03   1.42963e-05  -1.28906e-01
  21  wCBO_linCoeff   0.00000e+00   constant   
  22  wCBO_const   4.34564e-03   1.41493e-03   6.14195e-06  -3.61111e-01
 EXTERNAL ERROR MATRIX.    NDIM=  25    NPAR=  7    ERR DEF=1
  1.931e-07 -2.925e-08 -2.216e-05 -3.102e-06 -3.102e-07  5.861e-07 -1.570e-07 
 -2.925e-08  3.909e-06  7.770e-05 -2.156e-04 -8.667e-06 -3.628e-06 -1.198e-06 
 -2.216e-05  7.770e-05  4.127e-01  7.768e-03  6.175e-04 -1.125e-03  3.538e-04 
 -3.102e-06 -2.156e-04  7.768e-03  3.111e-02 -8.972e-04 -3.754e-04  1.438e-04 
 -3.102e-07 -8.667e-06  6.175e-04 -8.972e-04  2.868e-04 -1.516e-05  5.982e-06 
  5.861e-07 -3.628e-06 -1.125e-03 -3.754e-04 -1.516e-05  4.648e-05 -5.493e-06 
 -1.570e-07 -1.198e-06  3.538e-04  1.438e-04  5.982e-06 -5.493e-06  2.002e-06 
 PARAMETER  CORRELATION COEFFICIENTS  
       NO.  GLOBAL      6      7      8     18     19     20     22
        6  0.32836   1.000 -0.034 -0.078 -0.040 -0.042  0.196 -0.252
        7  0.99813  -0.034  1.000  0.061 -0.618 -0.259 -0.269 -0.428
        8  0.65455  -0.078  0.061  1.000  0.069  0.057 -0.257  0.389
       18  0.99782  -0.040 -0.618  0.069  1.000 -0.300 -0.312  0.576
       19  0.99469  -0.042 -0.259  0.057 -0.300  1.000 -0.131  0.250
       20  0.99649   0.196 -0.269 -0.257 -0.312 -0.131  1.000 -0.569
       22  0.95751  -0.252 -0.428  0.389  0.576  0.250 -0.569  1.000
MINUIT - FIT ONLY 1-CBO
 **********
 **   29 **RES 
 **********
                   PARAMETER   14  ANy2 RESTORED TO VARIABLE.
                   PARAMETER    4  phi RESTORED TO VARIABLE.
                   PARAMETER    3  A0 RESTORED TO VARIABLE.
                   PARAMETER    1  N0 RESTORED TO VARIABLE.
 **********
 **   30 **FIX            0
 **********
 PARAMETER    0  IS UNDEFINED. IGNORED.
 **********
 **   31 **FIX            1
 **********
 **********
 **   32 **FIX            2
 **********
 PARAMETER    2  IS CONSTANT.   IGNORED.
 **********
 **   33 **FIX            3
 **********
 **********
 **   34 **FIX            4
 **********
 **********
 **   35 **FIX            8
 **********
 **********
 **   36 **FIX            9
 **********
 PARAMETER    9  IS CONSTANT.   IGNORED.
 **********
 **   37 **FIX           11
 **********
 PARAMETER   11  IS CONSTANT.   IGNORED.
 **********
 **   38 **FIX           12
 **********
 PARAMETER   12  IS CONSTANT.   IGNORED.
 **********
 **   39 **FIX           13
 **********
 PARAMETER   13  IS CONSTANT.   IGNORED.
 **********
 **   40 **FIX           15
 **********
 PARAMETER   15  IS CONSTANT.   IGNORED.
 **********
 **   41 **FIX           16
 **********
 PARAMETER   16  IS CONSTANT.   IGNORED.
 **********
 **   42 **MIGRAD
 **********
 START MIGRAD MINIMIZATION.  STRATEGY  1.  CONVERGENCE WHEN EDM .LT. 1.00e-04
 FCN=949.753 FROM MIGRAD    STATUS=INITIATE       16 CALLS         507 TOTAL
                     EDM= unknown      STRATEGY= 1      NO ERROR MATRIX       
  EXT PARAMETER               CURRENT GUESS       STEP         FIRST   
  NO.   NAME      VALUE            ERROR          SIZE      DERIVATIVE 
   1  N0           3.11186e+06     fixed    
   2  tau          6.44114e+01   constant   
   3  A0           3.64231e-01     fixed    
   4  phi          4.11738e+00     fixed    
   5  R           -6.00079e+01   constant   
   6  A_CBO        8.63176e-04   4.39410e-04   6.24905e-06   1.31273e+00
   7  w_CBO        2.32320e+00   1.97713e-03   1.81893e-06  -6.01884e-01
   8  phi_CBO      1.70241e+00     fixed    
   9  ANx2         3.40456e-04   constant   
  10  pNx2         3.19484e+00   constant   
  11  ANy1         0.00000e+00   constant   
  12  pNy1         0.00000e+00   constant   
  13  w_y          0.00000e+00   constant   
  14  ANy2         1.04941e-02   1.00000e-04   1.00000e-04   1.19936e+05
  15  pNy2         5.11372e+00   constant   
  16  w_vw         1.43155e+01   constant   
  17  LM           3.07992e-04   constant   
  18  wCBO_expCoeff   2.00129e+02   1.76380e-01   1.75251e-04  -5.06337e-03
  19  wCBO_expOffset   2.00020e+02   1.69362e-02   9.53767e-05  -1.26517e-01
  20  wCBO_expT    2.99815e+01   6.81760e-03   1.42963e-05  -1.88548e-01
  21  wCBO_linCoeff   0.00000e+00   constant   
  22  wCBO_const   4.34564e-03   1.41493e-03   6.14195e-06  -3.57611e-01
 MIGRAD MINIMIZATION HAS CONVERGED.
 MIGRAD WILL VERIFY CONVERGENCE AND ERROR MATRIX.
 FCN=321.719 FROM MIGRAD    STATUS=CONVERGED     237 CALLS         728 TOTAL
                     EDM=3.62629e-07    STRATEGY= 1      ERR MATRIX NOT POS-DEF
  EXT PARAMETER                APPROXIMATE        STEP         FIRST   
  NO.   NAME      VALUE            ERROR          SIZE      DERIVATIVE 
   1  N0           3.11186e+06     fixed    
   2  tau          6.44114e+01   constant   
   3  A0           3.64231e-01     fixed    
   4  phi          4.11738e+00     fixed    
   5  R           -6.00079e+01   constant   
   6  A_CBO        3.08370e-04   4.28303e-04   3.67493e-06  -1.52548e+00
   7  w_CBO        2.32379e+00   2.03508e-03   1.42769e-06   8.54217e-01
   8  phi_CBO      1.70241e+00     fixed    
   9  ANx2         3.40456e-04   constant   
  10  pNx2         3.19484e+00   constant   
  11  ANy1         0.00000e+00   constant   
  12  pNy1         0.00000e+00   constant   
  13  w_y          0.00000e+00   constant   
  14  ANy2         1.73521e-05   4.17044e-04   3.65774e-06   4.88155e-01
  15  pNy2         5.11372e+00   constant   
  16  w_vw         1.43155e+01   constant   
  17  LM           3.07992e-04   constant   
  18  wCBO_expCoeff   2.00192e+02   1.89157e-01   1.38263e-04   1.15086e-02
  19  wCBO_expOffset   2.00029e+02   2.77316e-02   9.53812e-05   7.73708e-02
  20  wCBO_expT    2.99721e+01   7.16918e-03   1.42918e-05   1.36272e-01
  21  wCBO_linCoeff   0.00000e+00   constant   
  22  wCBO_const   4.59917e-03   1.33511e-03   4.58078e-06  -3.17176e-01
 EXTERNAL ERROR MATRIX.    NDIM=  25    NPAR=  7    ERR DEF=1
  1.834e-07  5.316e-09  7.587e-09  8.384e-07 -2.409e-07  1.409e-07 -6.299e-08 
  5.316e-09  4.142e-06 -4.966e-09 -1.495e-04 -2.163e-05 -3.346e-06 -1.496e-06 
  7.587e-09 -4.966e-09  1.739e-07 -5.959e-07 -9.943e-08  7.122e-08  1.135e-08 
  8.384e-07 -1.495e-04 -5.959e-07  3.578e-02 -2.431e-03 -3.503e-04  9.201e-05 
 -2.409e-07 -2.163e-05 -9.943e-08 -2.431e-03  7.690e-04 -4.438e-05  1.290e-05 
  1.409e-07 -3.346e-06  7.122e-08 -3.503e-04 -4.438e-05  5.140e-05 -3.745e-06 
 -6.299e-08 -1.496e-06  1.135e-08  9.201e-05  1.290e-05 -3.745e-06  1.783e-06 
ERR MATRIX NOT POS-DEF
 PARAMETER  CORRELATION COEFFICIENTS  
       NO.  GLOBAL      6      7     14     18     19     20     22
        6  0.21794   1.000  0.006  0.042  0.010 -0.020  0.046 -0.110
        7  0.99681   0.006  1.000 -0.006 -0.388 -0.383 -0.229 -0.550
       14  0.07052   0.042 -0.006  1.000 -0.008 -0.009  0.024  0.020
       18  0.99654   0.010 -0.388 -0.008  1.000 -0.463 -0.258  0.364
       19  0.99639  -0.020 -0.383 -0.009 -0.463  1.000 -0.223  0.348
       20  0.99443   0.046 -0.229  0.024 -0.258 -0.223  1.000 -0.391
       22  0.92084  -0.110 -0.550  0.020  0.364  0.348 -0.391  1.000
 ERR MATRIX NOT POS-DEF
MINUIT - FIT ONLY 2-CBO
 **********
 **   43 **RES 
 **********
                   PARAMETER    8  phi_CBO RESTORED TO VARIABLE.
                   PARAMETER    4  phi RESTORED TO VARIABLE.
                   PARAMETER    3  A0 RESTORED TO VARIABLE.
                   PARAMETER    1  N0 RESTORED TO VARIABLE.
 **********
 **   44 **FIX            0
 **********
 PARAMETER    0  IS UNDEFINED. IGNORED.
 **********
 **   45 **FIX            1
 **********
 **********
 **   46 **FIX            2
 **********
 PARAMETER    2  IS CONSTANT.   IGNORED.
 **********
 **   47 **FIX            3
 **********
 **********
 **   48 **FIX            4
 **********
 **********
 **   49 **FIX            5
 **********
 PARAMETER    5  IS CONSTANT.   IGNORED.
 **********
 **   50 **FIX            6
 **********
 **********
 **   51 **FIX            7
 **********
 **********
 **   52 **FIX           10
 **********
 PARAMETER   10  IS CONSTANT.   IGNORED.
 **********
 **   53 **FIX           11
 **********
 PARAMETER   11  IS CONSTANT.   IGNORED.
 **********
 **   54 **FIX           12
 **********
 PARAMETER   12  IS CONSTANT.   IGNORED.
 **********
 **   55 **FIX           13
 **********
 PARAMETER   13  IS CONSTANT.   IGNORED.
 **********
 **   56 **FIX           14
 **********
 **********
 **   57 **FIX           15
 **********
 PARAMETER   15  IS CONSTANT.   IGNORED.
 **********
 **   58 **FIX           16
 **********
 PARAMETER   16  IS CONSTANT.   IGNORED.
 **********
 **   59 **MIGRAD
 **********
 START MIGRAD MINIMIZATION.  STRATEGY  1.  CONVERGENCE WHEN EDM .LT. 1.00e-04
 FCN=321.719 FROM MIGRAD    STATUS=INITIATE       12 CALLS         740 TOTAL
                     EDM= unknown      STRATEGY= 1      NO ERROR MATRIX       
  EXT PARAMETER               CURRENT GUESS       STEP         FIRST   
  NO.   NAME      VALUE            ERROR          SIZE      DERIVATIVE 
   1  N0           3.11186e+06     fixed    
   2  tau          6.44114e+01   constant   
   3  A0           3.64231e-01     fixed    
   4  phi          4.11738e+00     fixed    
   5  R           -6.00079e+01   constant   
   6  A_CBO        3.08370e-04     fixed    
   7  w_CBO        2.32379e+00     fixed    
   8  phi_CBO      1.70241e+00   6.42443e-01   6.42443e-01   2.54385e-01
   9  ANx2         3.40456e-04   constant   
  10  pNx2         3.19484e+00   constant   
  11  ANy1         0.00000e+00   constant   
  12  pNy1         0.00000e+00   constant   
  13  w_y          0.00000e+00   constant   
  14  ANy2         1.73521e-05     fixed    
  15  pNy2         5.11372e+00   constant   
  16  w_vw         1.43155e+01   constant   
  17  LM           3.07992e-04   constant   
  18  wCBO_expCoeff   2.00192e+02   1.89157e-01   1.38263e-04   1.15210e-02
  19  wCBO_expOffset   2.00029e+02   2.77316e-02   9.53812e-05   7.89021e-02
  20  wCBO_expT    2.99721e+01   7.16918e-03   1.42918e-05   1.34842e-01
  21  wCBO_linCoeff   0.00000e+00   constant   
  22  wCBO_const   4.59917e-03   1.33511e-03   4.58078e-06  -3.14251e-01
 MIGRAD MINIMIZATION HAS CONVERGED.
 MIGRAD WILL VERIFY CONVERGENCE AND ERROR MATRIX.
 FCN=321.688 FROM HESSE     STATUS=NOT POSDEF     33 CALLS         820 TOTAL
                     EDM=0.000210357    STRATEGY= 1      ERR MATRIX NOT POS-DEF
  EXT PARAMETER                APPROXIMATE        STEP         FIRST   
  NO.   NAME      VALUE            ERROR          SIZE      DERIVATIVE 
   1  N0           3.11186e+06     fixed    
   2  tau          6.44114e+01   constant   
   3  A0           3.64231e-01     fixed    
   4  phi          4.11738e+00     fixed    
   5  R           -6.00079e+01   constant   
   6  A_CBO        3.08370e-04     fixed    
   7  w_CBO        2.32379e+00     fixed    
   8  phi_CBO      1.45608e+00   1.38397e+00   1.16056e-02  -4.58727e-04
   9  ANx2         3.40456e-04   constant   
  10  pNx2         3.19484e+00   constant   
  11  ANy1         0.00000e+00   constant   
  12  pNy1         0.00000e+00   constant   
  13  w_y          0.00000e+00   constant   
  14  ANy2         1.73521e-05     fixed    
  15  pNy2         5.11372e+00   constant   
  16  w_vw         1.43155e+01   constant   
  17  LM           3.07992e-04   constant   
  18  wCBO_expCoeff   2.00192e+02   1.89864e-01   1.36696e-04   7.74361e-02
  19  wCBO_expOffset   2.00029e+02   2.86625e-02   9.53812e-05   5.19338e-01
  20  wCBO_expT    2.99721e+01   7.37925e-03   1.42918e-05  -2.51376e+00
  21  wCBO_linCoeff   0.00000e+00   constant   
  22  wCBO_const   4.57652e-03   1.16219e-03   4.58169e-06   5.23556e-02
 MIGRAD MINIMIZATION HAS CONVERGED.
 MIGRAD WILL VERIFY CONVERGENCE AND ERROR MATRIX.
 FCN=321.687 FROM MIGRAD    STATUS=CONVERGED     137 CALLS         865 TOTAL
                     EDM=1.59242e-06    STRATEGY= 1      ERR MATRIX NOT POS-DEF
  EXT PARAMETER                APPROXIMATE        STEP         FIRST   
  NO.   NAME      VALUE            ERROR          SIZE      DERIVATIVE 
   1  N0           3.11186e+06     fixed    
   2  tau          6.44114e+01   constant   
   3  A0           3.64231e-01     fixed    
   4  phi          4.11738e+00     fixed    
   5  R           -6.00079e+01   constant   
   6  A_CBO        3.08370e-04     fixed    
   7  w_CBO        2.32379e+00     fixed    
   8  phi_CBO      1.45329e+00   1.38297e+00   1.16010e-02   4.43023e-04
   9  ANx2         3.40456e-04   constant   
  10  pNx2         3.19484e+00   constant   
  11  ANy1         0.00000e+00   constant   
  12  pNy1         0.00000e+00   constant   
  13  w_y          0.00000e+00   constant   
  14  ANy2         1.73521e-05     fixed    
  15  pNy2         5.11372e+00   constant   
  16  w_vw         1.43155e+01   constant   
  17  LM           3.07992e-04   constant   
  18  wCBO_expCoeff   2.00190e+02   1.89170e-01   1.36655e-04  -1.74700e-02
  19  wCBO_expOffset   2.00029e+02   2.87683e-02   9.53811e-05  -1.16638e-01
  20  wCBO_expT    2.99724e+01   7.36386e-03   1.42919e-05  -2.18473e-01
  21  wCBO_linCoeff   0.00000e+00   constant   
  22  wCBO_const   4.55176e-03   1.17376e-03   1.83268e-06   1.36975e+00
 EXTERNAL ERROR MATRIX.    NDIM=  25    NPAR=  5    ERR DEF=1
  1.913e+00  2.777e-03  2.054e-03 -7.906e-04  2.408e-04 
  2.777e-03  3.579e-02 -4.060e-03 -4.607e-04  3.986e-05 
  2.054e-03 -4.060e-03  8.276e-04 -7.811e-05  6.966e-06 
 -7.906e-04 -4.607e-04 -7.811e-05  5.423e-05 -5.751e-06 
  2.408e-04  3.986e-05  6.966e-06 -5.751e-06  1.378e-06 
ERR MATRIX NOT POS-DEF
 PARAMETER  CORRELATION COEFFICIENTS  
       NO.  GLOBAL      8     18     19     20     22
        8  0.30141   1.000  0.011  0.052 -0.078  0.148
       18  0.99661   0.011  1.000 -0.746 -0.331  0.180
       19  0.99671   0.052 -0.746  1.000 -0.369  0.206
       20  0.99481  -0.078 -0.331 -0.369  1.000 -0.665
       22  0.89550   0.148  0.180  0.206 -0.665  1.000
 ERR MATRIX NOT POS-DEF
MINUIT - FIT ONLY 1-y
 **********
 **   60 **RES 
 **********
                   PARAMETER   14  ANy2 RESTORED TO VARIABLE.
                   PARAMETER    7  w_CBO RESTORED TO VARIABLE.
                   PARAMETER    6  A_CBO RESTORED TO VARIABLE.
                   PARAMETER    4  phi RESTORED TO VARIABLE.
                   PARAMETER    3  A0 RESTORED TO VARIABLE.
                   PARAMETER    1  N0 RESTORED TO VARIABLE.
 **********
 **   61 **FIX            0
 **********
 PARAMETER    0  IS UNDEFINED. IGNORED.
 **********
 **   62 **FIX            1
 **********
 **********
 **   63 **FIX            2
 **********
 PARAMETER    2  IS CONSTANT.   IGNORED.
 **********
 **   64 **FIX            3
 **********
 **********
 **   65 **FIX            4
 **********
 **********
 **   66 **FIX            5
 **********
 PARAMETER    5  IS CONSTANT.   IGNORED.
 **********
 **   67 **FIX            6
 **********
 **********
 **   68 **FIX            7
 **********
 **********
 **   69 **FIX            8
 **********
 **********
 **   70 **FIX            9
 **********
 PARAMETER    9  IS CONSTANT.   IGNORED.
 **********
 **   71 **FIX           13
 **********
 PARAMETER   13  IS CONSTANT.   IGNORED.
 **********
 **   72 **FIX           14
 **********
 **********
 **   73 **FIX           15
 **********
 PARAMETER   15  IS CONSTANT.   IGNORED.
 **********
 **   74 **FIX           16
 **********
 PARAMETER   16  IS CONSTANT.   IGNORED.
 **********
 **   75 **MIGRAD
 **********
 START MIGRAD MINIMIZATION.  STRATEGY  1.  CONVERGENCE WHEN EDM .LT. 1.00e-04
 FCN=321.687 FROM MIGRAD    STATUS=INITIATE        8 CALLS         873 TOTAL
                     EDM= unknown      STRATEGY= 1      NO ERROR MATRIX       
  EXT PARAMETER               CURRENT GUESS       STEP         FIRST   
  NO.   NAME      VALUE            ERROR          SIZE      DERIVATIVE 
   1  N0           3.11186e+06     fixed    
   2  tau          6.44114e+01   constant   
   3  A0           3.64231e-01     fixed    
   4  phi          4.11738e+00     fixed    
   5  R           -6.00079e+01   constant   
   6  A_CBO        3.08370e-04     fixed    
   7  w_CBO        2.32379e+00     fixed    
   8  phi_CBO      1.45329e+00     fixed    
   9  ANx2         3.40456e-04   constant   
  10  pNx2         3.19484e+00   constant   
  11  ANy1         0.00000e+00   constant   
  12  pNy1         0.00000e+00   constant   
  13  w_y          0.00000e+00   constant   
  14  ANy2         1.73521e-05     fixed    
  15  pNy2         5.11372e+00   constant   
  16  w_vw         1.43155e+01   constant   
  17  LM           3.07992e-04   constant   
  18  wCBO_expCoeff   2.00190e+02   1.89170e-01   1.36655e-04  -1.74060e-02
  19  wCBO_expOffset   2.00029e+02   2.87683e-02   9.53811e-05  -1.06146e-01
  20  wCBO_expT    2.99724e+01   7.36386e-03   1.42919e-05  -2.16354e-01
  21  wCBO_linCoeff   0.00000e+00   constant   
  22  wCBO_const   4.55176e-03   1.17376e-03   1.83268e-06   1.37241e+00
 MIGRAD MINIMIZATION HAS CONVERGED.
 MIGRAD WILL VERIFY CONVERGENCE AND ERROR MATRIX.
 FCN=321.687 FROM MIGRAD    STATUS=CONVERGED      44 CALLS         909 TOTAL
                     EDM=4.77588e-08    STRATEGY= 1      ERR MATRIX NOT POS-DEF
  EXT PARAMETER                APPROXIMATE        STEP         FIRST   
  NO.   NAME      VALUE            ERROR          SIZE      DERIVATIVE 
   1  N0           3.11186e+06     fixed    
   2  tau          6.44114e+01   constant   
   3  A0           3.64231e-01     fixed    
   4  phi          4.11738e+00     fixed    
   5  R           -6.00079e+01   constant   
   6  A_CBO        3.08370e-04     fixed    
   7  w_CBO        2.32379e+00     fixed    
   8  phi_CBO      1.45329e+00     fixed    
   9  ANx2         3.40456e-04   constant   
  10  pNx2         3.19484e+00   constant   
  11  ANy1         0.00000e+00   constant   
  12  pNy1         0.00000e+00   constant   
  13  w_y          0.00000e+00   constant   
  14  ANy2         1.73521e-05     fixed    
  15  pNy2         5.11372e+00   constant   
  16  w_vw         1.43155e+01   constant   
  17  LM           3.07992e-04   constant   
  18  wCBO_expCoeff   2.00190e+02   1.91631e-01   1.36814e-04   7.56528e-03
  19  wCBO_expOffset   2.00029e+02   2.91074e-02   9.53811e-05   5.05761e-02
  20  wCBO_expT    2.99724e+01   7.39618e-03   1.42919e-05   1.19584e-01
  21  wCBO_linCoeff   0.00000e+00   constant   
  22  wCBO_const   4.55106e-03   1.16480e-03   4.59271e-06   2.01461e-01
 EXTERNAL ERROR MATRIX.    NDIM=  25    NPAR=  4    ERR DEF=1
  3.672e-02 -4.186e-03 -4.659e-04  4.010e-05 
 -4.186e-03  8.472e-04 -7.850e-05  6.846e-06 
 -4.659e-04 -7.850e-05  5.470e-05 -5.736e-06 
  4.010e-05  6.846e-06 -5.736e-06  1.357e-06 
ERR MATRIX NOT POS-DEF
 PARAMETER  CORRELATION COEFFICIENTS  
       NO.  GLOBAL     18     19     20     22
       18  0.99670   1.000 -0.751 -0.329  0.180
       19  0.99679  -0.751  1.000 -0.365  0.202
       20  0.99486  -0.329 -0.365  1.000 -0.666
       22  0.89376   0.180  0.202 -0.666  1.000
 ERR MATRIX NOT POS-DEF
MINUIT - FIT ONLY 2-y
 **********
 **   76 **RES 
 **********
                   PARAMETER   14  ANy2 RESTORED TO VARIABLE.
                   PARAMETER    8  phi_CBO RESTORED TO VARIABLE.
                   PARAMETER    7  w_CBO RESTORED TO VARIABLE.
                   PARAMETER    6  A_CBO RESTORED TO VARIABLE.
                   PARAMETER    4  phi RESTORED TO VARIABLE.
                   PARAMETER    3  A0 RESTORED TO VARIABLE.
                   PARAMETER    1  N0 RESTORED TO VARIABLE.
 **********
 **   77 **FIX            0
 **********
 PARAMETER    0  IS UNDEFINED. IGNORED.
 **********
 **   78 **FIX            1
 **********
 **********
 **   79 **FIX            2
 **********
 PARAMETER    2  IS CONSTANT.   IGNORED.
 **********
 **   80 **FIX            3
 **********
 **********
 **   81 **FIX            4
 **********
 **********
 **   82 **FIX            5
 **********
 PARAMETER    5  IS CONSTANT.   IGNORED.
 **********
 **   83 **FIX            6
 **********
 **********
 **   84 **FIX            7
 **********
 **********
 **   85 **FIX            8
 **********
 **********
 **   86 **FIX            9
 **********
 PARAMETER    9  IS CONSTANT.   IGNORED.
 **********
 **   87 **FIX           10
 **********
 PARAMETER   10  IS CONSTANT.   IGNORED.
 **********
 **   88 **FIX           11
 **********
 PARAMETER   11  IS CONSTANT.   IGNORED.
 **********
 **   89 **FIX           12
 **********
 PARAMETER   12  IS CONSTANT.   IGNORED.
 **********
 **   90 **FIX           16
 **********
 PARAMETER   16  IS CONSTANT.   IGNORED.
 **********
 **   91 **MIGRAD
 **********
 START MIGRAD MINIMIZATION.  STRATEGY  1.  CONVERGENCE WHEN EDM .LT. 1.00e-04
 FCN=321.687 FROM MIGRAD    STATUS=INITIATE       10 CALLS         919 TOTAL
                     EDM= unknown      STRATEGY= 1      NO ERROR MATRIX       
  EXT PARAMETER               CURRENT GUESS       STEP         FIRST   
  NO.   NAME      VALUE            ERROR          SIZE      DERIVATIVE 
   1  N0           3.11186e+06     fixed    
   2  tau          6.44114e+01   constant   
   3  A0           3.64231e-01     fixed    
   4  phi          4.11738e+00     fixed    
   5  R           -6.00079e+01   constant   
   6  A_CBO        3.08370e-04     fixed    
   7  w_CBO        2.32379e+00     fixed    
   8  phi_CBO      1.45329e+00     fixed    
   9  ANx2         3.40456e-04   constant   
  10  pNx2         3.19484e+00   constant   
  11  ANy1         0.00000e+00   constant   
  12  pNy1         0.00000e+00   constant   
  13  w_y          0.00000e+00   constant   
  14  ANy2         1.73521e-05   4.17044e-04   4.17044e-04   9.72914e+00
  15  pNy2         5.11372e+00   constant   
  16  w_vw         1.43155e+01   constant   
  17  LM           3.07992e-04   constant   
  18  wCBO_expCoeff   2.00190e+02   1.91631e-01   1.36814e-04   7.62876e-03
  19  wCBO_expOffset   2.00029e+02   2.91074e-02   9.53811e-05   6.09870e-02
  20  wCBO_expT    2.99724e+01   7.39618e-03   1.42919e-05   1.21674e-01
  21  wCBO_linCoeff   0.00000e+00   constant   
  22  wCBO_const   4.55106e-03   1.16480e-03   4.59271e-06   2.05512e-01
 MIGRAD MINIMIZATION HAS CONVERGED.
 MIGRAD WILL VERIFY CONVERGENCE AND ERROR MATRIX.
 FCN=321.687 FROM MIGRAD    STATUS=CONVERGED      54 CALLS         963 TOTAL
                     EDM=9.78637e-08    STRATEGY= 1      ERR MATRIX NOT POS-DEF
  EXT PARAMETER                APPROXIMATE        STEP         FIRST   
  NO.   NAME      VALUE            ERROR          SIZE      DERIVATIVE 
   1  N0           3.11186e+06     fixed    
   2  tau          6.44114e+01   constant   
   3  A0           3.64231e-01     fixed    
   4  phi          4.11738e+00     fixed    
   5  R           -6.00079e+01   constant   
   6  A_CBO        3.08370e-04     fixed    
   7  w_CBO        2.32379e+00     fixed    
   8  phi_CBO      1.45329e+00     fixed    
   9  ANx2         3.40456e-04   constant   
  10  pNx2         3.19484e+00   constant   
  11  ANy1         0.00000e+00   constant   
  12  pNy1         0.00000e+00   constant   
  13  w_y          0.00000e+00   constant   
  14  ANy2         1.65062e-05   4.16712e-04   3.65756e-06  -7.75125e-04
  15  pNy2         5.11372e+00   constant   
  16  w_vw         1.43155e+01   constant   
  17  LM           3.07992e-04   constant   
  18  wCBO_expCoeff   2.00190e+02   1.91609e-01   1.36812e-04  -2.30707e-02
  19  wCBO_expOffset   2.00029e+02   2.91129e-02   9.53811e-05  -1.54045e-01
  20  wCBO_expT    2.99724e+01   7.39708e-03   1.42919e-05  -4.85087e-01
  21  wCBO_linCoeff   0.00000e+00   constant   
  22  wCBO_const   4.55103e-03   1.16505e-03   4.59296e-06  -3.75093e-01
 EXTERNAL ERROR MATRIX.    NDIM=  25    NPAR=  5    ERR DEF=1
  1.736e-07 -7.569e-07 -1.443e-07  6.728e-08  1.140e-08 
 -7.569e-07  3.671e-02 -4.186e-03 -4.655e-04  3.999e-05 
 -1.443e-07 -4.186e-03  8.476e-04 -7.862e-05  6.842e-06 
  6.728e-08 -4.655e-04 -7.862e-05  5.472e-05 -5.730e-06 
  1.140e-08  3.999e-05  6.842e-06 -5.730e-06  1.357e-06 
ERR MATRIX NOT POS-DEF
 PARAMETER  CORRELATION COEFFICIENTS  
       NO.  GLOBAL     14     18     19     20     22
       14  0.05620   1.000 -0.009 -0.012  0.022  0.023
       18  0.99670  -0.009  1.000 -0.750 -0.328  0.179
       19  0.99679  -0.012 -0.750  1.000 -0.365  0.202
       20  0.99486   0.022 -0.328 -0.365  1.000 -0.665
       22  0.89381   0.023  0.179  0.202 -0.665  1.000
 ERR MATRIX NOT POS-DEF
MINUIT - FIT ALTOGETHER
 **********
 **   92 **RES 
 **********
                   PARAMETER    8  phi_CBO RESTORED TO VARIABLE.
                   PARAMETER    7  w_CBO RESTORED TO VARIABLE.
                   PARAMETER    6  A_CBO RESTORED TO VARIABLE.
                   PARAMETER    4  phi RESTORED TO VARIABLE.
                   PARAMETER    3  A0 RESTORED TO VARIABLE.
                   PARAMETER    1  N0 RESTORED TO VARIABLE.
 **********
 **   93 **MIGRAD
 **********
