 + ++++++++++++++++++++++++++++++++++++++++++++++++++++++++++++++++++++ +
 +                                                                      +
 +           You have chose to blind your fitting according to          +
 +                omega_ref * (1 + (R +/- deltaR) *10^{-6})             +
 +                                                                      +
 + ++++++++++++++++++++++++++++++++++++++++++++++++++++++++++++++++++++ +
In main()...
reading format from /gm2data/zkhechad/run45/envelope/formats/formatB_sBin_constraintOn.txt
pBinTau 	= 0  
pBinPhi 	= 0  
constraintau 	= 1 
includeMopTerm 	= 0    
constrainMop    = 0   
Parameters after format file: pBinTau 0 pBinPhi 0 constraintau 1 includeMopTerm 0 constrainMop 0 c_e_scale 0.000000 
reading cbo reference file (full fit) from /gm2data/zkhechad/cboTemplates/Run4CBOTemplates/fullFits/run4/sBin_constraintOn_cE0.0_seed0_run4_calo1.root
A_CBO 0.008450 w_CBO 2.327583 phi_CBO 2.512904 N0 3416164.907261 R -60.829491 tau 64.397625 
Reading cboRef file /gm2data/zkhechad/cboTemplates/Run4CBOTemplates//cboIsolate/run4_calo1.root
deltaT 164.120000
windowBins = 1100
fitting sliding window 1860 from bin 2063 at 307.799600 to bin 3163 at 471.919600 (1100 bins)

Reading data from /gm2data/cornell/histograms/aMethod/histogram_a_run4.root
fitting cbo isolate
 **********
 **    1 **SET PRINTOUT            1
 **********
 **********
 **    2 **SET NOWARNINGS 
 **********
 PARAMETER DEFINITIONS:
    NO.   NAME         VALUE      STEP SIZE      LIMITS
     1 A_CBO        8.44960e-03  1.00000e-05     no limits
     2 w_CBO        2.32758e+00  1.00000e-02    2.00000e+00  3.00000e+00
     3 phi_CBO      2.51290e+00  1.00000e-02    0.00000e+00  6.28319e+00
 **********
 **    3 **MIGRAD
 **********
 FIRST CALL TO USER FUNCTION AT NEW START POINT, WITH IFLAG=4.
 START MIGRAD MINIMIZATION.  STRATEGY  1.  CONVERGENCE WHEN EDM .LT. 1.00e-04
 FCN=0.0984468 FROM MIGRAD    STATUS=INITIATE       12 CALLS          13 TOTAL
                     EDM= unknown      STRATEGY= 1      NO ERROR MATRIX       
  EXT PARAMETER               CURRENT GUESS       STEP         FIRST   
  NO.   NAME      VALUE            ERROR          SIZE      DERIVATIVE 
   1  A_CBO        8.44960e-03   1.00000e-05   1.00000e-05   6.82497e+00
   2  w_CBO        2.32758e+00   1.00000e-02   2.13091e-02   1.27866e+00
   3  phi_CBO      2.51290e+00   1.00000e-02   3.24882e-03  -2.34618e-02
 MIGRAD MINIMIZATION HAS CONVERGED.
 MIGRAD WILL VERIFY CONVERGENCE AND ERROR MATRIX.
 COVARIANCE MATRIX CALCULATED SUCCESSFULLY
 FCN=0.0768554 FROM HESSE     STATUS=OK             16 CALLS          59 TOTAL
                     EDM=8.68914e-05    STRATEGY= 1      ERROR MATRIX ACCURATE 
  EXT PARAMETER                                   STEP         FIRST   
  NO.   NAME      VALUE            ERROR          SIZE      DERIVATIVE 
   1  A_CBO        2.35061e-03   4.27708e-02   2.16230e-05  -1.91776e-02
   2  w_CBO        2.32718e+00   6.62074e-01   5.52877e-05   1.19389e-02
   3  phi_CBO      2.69241e+00   3.85299e+00   3.10353e-03  -5.08185e-04
 MIGRAD MINIMIZATION HAS CONVERGED.
 FCN=0.0767865 FROM MIGRAD    STATUS=CONVERGED      66 CALLS          67 TOTAL
                     EDM=3.89032e-07    STRATEGY= 1  ERROR MATRIX UNCERTAINTY   8.1 per cent
  EXT PARAMETER                                   STEP         FIRST   
  NO.   NAME      VALUE            ERROR          SIZE      DERIVATIVE 
   1  A_CBO        2.38359e-03   4.28200e-02   3.29840e-05  -1.15022e-02
   2  w_CBO        2.33083e+00   3.85002e-01   7.76438e-03   1.09102e-02
   3  phi_CBO      4.06534e+00   3.41045e+00   4.41918e-01  -1.89565e-04
 EXTERNAL ERROR MATRIX.    NDIM=  25    NPAR=  3    ERR DEF=1
  1.834e-03  1.396e-03  5.178e-01 
  1.396e-03  2.033e-01  7.295e+01 
  5.178e-01  7.295e+01  2.648e+04 
 PARAMETER  CORRELATION COEFFICIENTS  
       NO.  GLOBAL      1      2      3
        1  0.07580   1.000  0.072  0.074
        2  0.99418   0.072  1.000  0.994
        3  0.99418   0.074  0.994  1.000
setting A_CBO=0.002384 w_CBO=2.330832, phi_CBO=4.065339
done fitting cbo isolate
 **********
 **    1 **SET PRINTOUT            1
 **********
 **********
 **    2 **SET NOWARNINGS 
 **********
 PARAMETER DEFINITIONS:
    NO.   NAME         VALUE      STEP SIZE      LIMITS
     1 N0           3.41616e+06  1.00000e+02     no limits
     2 tau          6.43976e+01  constant
     3 A0           3.54950e-01  1.00000e-04     no limits
     4 phi          4.12292e+00  1.00000e-02     no limits
     5 R           -6.08295e+01  constant
     6 A_CBO        2.38359e-03  1.00000e-05     no limits
     7 w_CBO        2.33083e+00  1.00000e-03     no limits
     8 phi_CBO      4.06534e+00  1.00000e-04     no limits
     9 ANx2         2.24467e-04  constant
    10 pNx2         2.31915e+00  constant
    11 ANy1         0.00000e+00  constant
    12 pNy1         0.00000e+00  constant
    13 w_y          0.00000e+00  constant
    14 ANy2         1.49899e-02  1.00000e-04     no limits
    15 pNy2         4.64502e+00  constant
    16 w_vw         1.43138e+01  constant
    17 LM          -1.76320e-04  constant
    18 wCBO_expCoeff   2.00000e+02  1.00000e+00     no limits
    19 wCBO_expOffset   2.00000e+02  1.00000e+00     no limits
    20 wCBO_expT    3.00000e+01  1.00000e+00     no limits
    21 wCBO_linCoeff   0.00000e+00  constant
    22 wCBO_const   0.00000e+00  1.00000e-02     no limits
MINUIT - FIT ONLY WIGGLE
 **********
 **    3 **FIX            5
 **********
 PARAMETER    5  IS CONSTANT.   IGNORED.
 **********
 **    4 **FIX            6
 **********
 **********
 **    5 **FIX            7
 **********
 **********
 **    6 **FIX            8
 **********
 **********
 **    7 **FIX            9
 **********
 PARAMETER    9  IS CONSTANT.   IGNORED.
 **********
 **    8 **FIX           10
 **********
 PARAMETER   10  IS CONSTANT.   IGNORED.
 **********
 **    9 **FIX           11
 **********
 PARAMETER   11  IS CONSTANT.   IGNORED.
 **********
 **   10 **FIX           12
 **********
 PARAMETER   12  IS CONSTANT.   IGNORED.
 **********
 **   11 **FIX           13
 **********
 PARAMETER   13  IS CONSTANT.   IGNORED.
 **********
 **   12 **FIX           14
 **********
 **********
 **   13 **FIX           15
 **********
 PARAMETER   15  IS CONSTANT.   IGNORED.
 **********
 **   14 **FIX           16
 **********
 PARAMETER   16  IS CONSTANT.   IGNORED.
 **********
 **   15 **MIGRAD
 **********
 FIRST CALL TO USER FUNCTION AT NEW START POINT, WITH IFLAG=4.
 START MIGRAD MINIMIZATION.  STRATEGY  1.  CONVERGENCE WHEN EDM .LT. 1.00e-04
 FCN=1334.13 FROM MIGRAD    STATUS=INITIATE       32 CALLS          33 TOTAL
                     EDM= unknown      STRATEGY= 1      NO ERROR MATRIX       
  EXT PARAMETER               CURRENT GUESS       STEP         FIRST   
  NO.   NAME      VALUE            ERROR          SIZE      DERIVATIVE 
   1  N0           3.41616e+06   1.00000e+02   1.00000e+02   1.04902e-03
   2  tau          6.43976e+01   constant   
   3  A0           3.54950e-01   1.00000e-04   1.00000e-04  -1.70505e+03
   4  phi          4.12292e+00   1.00000e-02   1.00000e-02   8.10814e+01
   5  R           -6.08295e+01   constant   
   6  A_CBO        2.38359e-03     fixed    
   7  w_CBO        2.33083e+00     fixed    
   8  phi_CBO      4.06534e+00     fixed    
   9  ANx2         2.24467e-04   constant   
  10  pNx2         2.31915e+00   constant   
  11  ANy1         0.00000e+00   constant   
  12  pNy1         0.00000e+00   constant   
  13  w_y          0.00000e+00   constant   
  14  ANy2         1.49899e-02     fixed    
  15  pNy2         4.64502e+00   constant   
  16  w_vw         1.43138e+01   constant   
  17  LM          -1.76320e-04   constant   
  18  wCBO_expCoeff   2.00000e+02   1.00000e+00   1.00000e+00   7.64720e+01
  19  wCBO_expOffset   2.00000e+02   1.00000e+00   1.00000e+00   5.09894e+02
  20  wCBO_expT    3.00000e+01   1.00000e+00   1.00000e+00   1.71190e+03
  21  wCBO_linCoeff   0.00000e+00   constant   
  22  wCBO_const   0.00000e+00   1.00000e-02   1.00000e-02  -1.67936e+03
 MIGRAD MINIMIZATION HAS CONVERGED.
 FCN=1327.79 FROM MIGRAD    STATUS=CONVERGED     220 CALLS         221 TOTAL
                     EDM=6.13412e-06    STRATEGY= 1  ERROR MATRIX UNCERTAINTY   1.8 per cent
  EXT PARAMETER                                   STEP         FIRST   
  NO.   NAME      VALUE            ERROR          SIZE      DERIVATIVE 
   1  N0           3.41527e+06   1.18890e+03  -1.30893e+01   1.94108e-06
   2  tau          6.43976e+01   constant   
   3  A0           3.55212e-01   4.64505e-04   2.99859e-06   3.39054e+00
   4  phi          4.12295e+00   1.39259e-03  -4.30934e-06   1.91572e+00
   5  R           -6.08295e+01   constant   
   6  A_CBO        2.38359e-03     fixed    
   7  w_CBO        2.33083e+00     fixed    
   8  phi_CBO      4.06534e+00     fixed    
   9  ANx2         2.24467e-04   constant   
  10  pNx2         2.31915e+00   constant   
  11  ANy1         0.00000e+00   constant   
  12  pNy1         0.00000e+00   constant   
  13  w_y          0.00000e+00   constant   
  14  ANy2         1.49899e-02     fixed    
  15  pNy2         4.64502e+00   constant   
  16  w_vw         1.43138e+01   constant   
  17  LM          -1.76320e-04   constant   
  18  wCBO_expCoeff   2.00238e+02   2.00908e-01   1.43402e-03  -9.84580e-02
  19  wCBO_expOffset   2.00036e+02   3.01413e-02   2.15009e-04  -6.60595e-01
  20  wCBO_expT    2.99737e+01   1.73923e-02  -1.26651e-04  -2.35084e+00
  21  wCBO_linCoeff   0.00000e+00   constant   
  22  wCBO_const   3.66484e-03   1.15249e-03  -1.69292e-06  -3.87869e+00
 EXTERNAL ERROR MATRIX.    NDIM=  25    NPAR=  7    ERR DEF=1
  1.413e+06  5.714e-03  2.736e-02 -5.769e+00 -8.653e-01  2.837e-01  1.069e-01 
  5.714e-03  2.158e-07  1.096e-08 -3.313e-06 -4.971e-07  3.827e-07 -6.706e-08 
  2.736e-02  1.096e-08  1.939e-06 -2.501e-06 -3.751e-07  9.475e-08  2.574e-08 
 -5.769e+00 -3.313e-06 -2.501e-06  4.036e-02  5.965e-03 -3.463e-03  1.582e-04 
 -8.653e-01 -4.971e-07 -3.751e-07  5.965e-03  9.085e-04 -5.196e-04  2.373e-05 
  2.837e-01  3.827e-07  9.475e-08 -3.463e-03 -5.196e-04  3.025e-04 -1.498e-05 
  1.069e-01 -6.706e-08  2.574e-08  1.582e-04  2.373e-05 -1.498e-05  1.328e-06 
 PARAMETER  CORRELATION COEFFICIENTS  
       NO.  GLOBAL      1      3      4     18     19     20     22
        1  0.13817   1.000  0.010  0.017 -0.024 -0.024  0.014  0.078
        3  0.14742   0.010  1.000  0.017 -0.035 -0.036  0.047 -0.125
        4  0.06198   0.017  0.017  1.000 -0.009 -0.009  0.004  0.016
       18  0.99594  -0.024 -0.035 -0.009  1.000  0.985 -0.991  0.683
       19  0.99594  -0.024 -0.036 -0.009  0.985  1.000 -0.991  0.683
       20  0.99883   0.014  0.047  0.004 -0.991 -0.991  1.000 -0.747
       22  0.93875   0.078 -0.125  0.016  0.683  0.683 -0.747  1.000
MINUIT - FIT ONLY 1-CBO + other amplitudes 
 **********
 **   16 **RES 
 **********
                   PARAMETER   14  ANy2 RESTORED TO VARIABLE.
                   PARAMETER    8  phi_CBO RESTORED TO VARIABLE.
                   PARAMETER    7  w_CBO RESTORED TO VARIABLE.
                   PARAMETER    6  A_CBO RESTORED TO VARIABLE.
 **********
 **   17 **FIX            0
 **********
 PARAMETER    0  IS UNDEFINED. IGNORED.
 **********
 **   18 **FIX            1
 **********
 **********
 **   19 **FIX            2
 **********
 PARAMETER    2  IS CONSTANT.   IGNORED.
 **********
 **   20 **FIX            3
 **********
 **********
 **   21 **FIX            4
 **********
 **********
 **   22 **FIX            9
 **********
 PARAMETER    9  IS CONSTANT.   IGNORED.
 **********
 **   23 **FIX           11
 **********
 PARAMETER   11  IS CONSTANT.   IGNORED.
 **********
 **   24 **FIX           12
 **********
 PARAMETER   12  IS CONSTANT.   IGNORED.
 **********
 **   25 **FIX           14
 **********
 **********
 **   26 **FIX           15
 **********
 PARAMETER   15  IS CONSTANT.   IGNORED.
 **********
 **   27 **FIX           16
 **********
 PARAMETER   16  IS CONSTANT.   IGNORED.
 **********
 **   28 **MIGRAD
 **********
 START MIGRAD MINIMIZATION.  STRATEGY  1.  CONVERGENCE WHEN EDM .LT. 1.00e-04
 FCN=1327.79 FROM MIGRAD    STATUS=INITIATE       20 CALLS         241 TOTAL
                     EDM= unknown      STRATEGY= 1      NO ERROR MATRIX       
  EXT PARAMETER               CURRENT GUESS       STEP         FIRST   
  NO.   NAME      VALUE            ERROR          SIZE      DERIVATIVE 
   1  N0           3.41527e+06     fixed    
   2  tau          6.43976e+01   constant   
   3  A0           3.55212e-01     fixed    
   4  phi          4.12295e+00     fixed    
   5  R           -6.08295e+01   constant   
   6  A_CBO        2.38359e-03   1.00000e-05   1.00000e-05   1.40209e+04
   7  w_CBO        2.33083e+00   1.00000e-03   1.00000e-03  -1.01587e+01
   8  phi_CBO      4.06534e+00   1.00000e-04   1.00000e-04  -2.53725e+00
   9  ANx2         2.24467e-04   constant   
  10  pNx2         2.31915e+00   constant   
  11  ANy1         0.00000e+00   constant   
  12  pNy1         0.00000e+00   constant   
  13  w_y          0.00000e+00   constant   
  14  ANy2         1.49899e-02     fixed    
  15  pNy2         4.64502e+00   constant   
  16  w_vw         1.43138e+01   constant   
  17  LM          -1.76320e-04   constant   
  18  wCBO_expCoeff   2.00238e+02   2.00908e-01   1.43402e-03  -9.84576e-02
  19  wCBO_expOffset   2.00036e+02   3.01413e-02   2.15009e-04  -6.60595e-01
  20  wCBO_expT    2.99737e+01   1.73923e-02  -1.26651e-04  -2.35084e+00
  21  wCBO_linCoeff   0.00000e+00   constant   
  22  wCBO_const   3.66484e-03   1.15249e-03  -1.69292e-06  -3.87837e+00
 MIGRAD MINIMIZATION HAS CONVERGED.
 MIGRAD WILL VERIFY CONVERGENCE AND ERROR MATRIX.
 COVARIANCE MATRIX CALCULATED SUCCESSFULLY
 FCN=1315.57 FROM MIGRAD    STATUS=CONVERGED     246 CALLS         467 TOTAL
                     EDM=9.27034e-08    STRATEGY= 1      ERROR MATRIX ACCURATE 
  EXT PARAMETER                                   STEP         FIRST   
  NO.   NAME      VALUE            ERROR          SIZE      DERIVATIVE 
   1  N0           3.41527e+06     fixed    
   2  tau          6.43976e+01   constant   
   3  A0           3.55212e-01     fixed    
   4  phi          4.12295e+00     fixed    
   5  R           -6.08295e+01   constant   
   6  A_CBO        7.17046e-04   4.93697e-04   8.59863e-06  -1.93976e-01
   7  w_CBO        2.33054e+00   3.88357e-03   4.45606e-06  -4.51408e-01
   8  phi_CBO      4.56306e+00   8.20839e-01   1.23293e-02  -4.09793e-04
   9  ANx2         2.24467e-04   constant   
  10  pNx2         2.31915e+00   constant   
  11  ANy1         0.00000e+00   constant   
  12  pNy1         0.00000e+00   constant   
  13  w_y          0.00000e+00   constant   
  14  ANy2         1.49899e-02     fixed    
  15  pNy2         4.64502e+00   constant   
  16  w_vw         1.43138e+01   constant   
  17  LM          -1.76320e-04   constant   
  18  wCBO_expCoeff   2.00195e+02   3.60344e-01   4.81504e-04  -4.61913e-03
  19  wCBO_expOffset   2.00029e+02   4.95192e-02   9.53814e-05  -3.09334e-02
  20  wCBO_expT    2.99783e+01   1.25979e-02   1.87515e-05  -1.12928e-01
  21  wCBO_linCoeff   0.00000e+00   constant   
  22  wCBO_const   4.00167e-03   1.84789e-03   8.07039e-06  -1.26760e-01
 EXTERNAL ERROR MATRIX.    NDIM=  25    NPAR=  7    ERR DEF=1
  2.437e-07  5.476e-08 -3.143e-06  5.778e-06  4.922e-07 -4.141e-07 -6.162e-08 
  5.476e-08  1.508e-05  2.207e-05 -5.597e-04 -6.280e-05 -1.313e-05 -6.042e-06 
 -3.143e-06  2.207e-05  6.738e-01  2.894e-03  6.274e-04 -2.144e-04  1.753e-04 
  5.778e-06 -5.597e-04  2.894e-03  1.298e-01 -6.934e-03 -1.475e-03  2.942e-04 
  4.922e-07 -6.280e-05  6.274e-04 -6.934e-03  2.452e-03 -1.676e-04  3.308e-05 
 -4.141e-07 -1.313e-05 -2.144e-04 -1.475e-03 -1.676e-04  1.587e-04 -1.334e-06 
 -6.162e-08 -6.042e-06  1.753e-04  2.942e-04  3.308e-05 -1.334e-06  3.415e-06 
 PARAMETER  CORRELATION COEFFICIENTS  
       NO.  GLOBAL      6      7      8     18     19     20     22
        6  0.18305   1.000  0.029 -0.008  0.032  0.020 -0.067 -0.068
        7  0.99790   0.029  1.000  0.007 -0.400 -0.327 -0.268 -0.842
        8  0.52921  -0.008  0.007  1.000  0.010  0.015 -0.021  0.116
       18  0.99715   0.032 -0.400  0.010  1.000 -0.389 -0.325  0.442
       19  0.99662   0.020 -0.327  0.015 -0.389  1.000 -0.269  0.361
       20  0.99647  -0.067 -0.268 -0.021 -0.325 -0.269  1.000 -0.057
       22  0.96915  -0.068 -0.842  0.116  0.442  0.361 -0.057  1.000
MINUIT - FIT ONLY 1-CBO
 **********
 **   29 **RES 
 **********
                   PARAMETER   14  ANy2 RESTORED TO VARIABLE.
                   PARAMETER    4  phi RESTORED TO VARIABLE.
                   PARAMETER    3  A0 RESTORED TO VARIABLE.
                   PARAMETER    1  N0 RESTORED TO VARIABLE.
 **********
 **   30 **FIX            0
 **********
 PARAMETER    0  IS UNDEFINED. IGNORED.
 **********
 **   31 **FIX            1
 **********
 **********
 **   32 **FIX            2
 **********
 PARAMETER    2  IS CONSTANT.   IGNORED.
 **********
 **   33 **FIX            3
 **********
 **********
 **   34 **FIX            4
 **********
 **********
 **   35 **FIX            8
 **********
 **********
 **   36 **FIX            9
 **********
 PARAMETER    9  IS CONSTANT.   IGNORED.
 **********
 **   37 **FIX           11
 **********
 PARAMETER   11  IS CONSTANT.   IGNORED.
 **********
 **   38 **FIX           12
 **********
 PARAMETER   12  IS CONSTANT.   IGNORED.
 **********
 **   39 **FIX           13
 **********
 PARAMETER   13  IS CONSTANT.   IGNORED.
 **********
 **   40 **FIX           15
 **********
 PARAMETER   15  IS CONSTANT.   IGNORED.
 **********
 **   41 **FIX           16
 **********
 PARAMETER   16  IS CONSTANT.   IGNORED.
 **********
 **   42 **MIGRAD
 **********
 START MIGRAD MINIMIZATION.  STRATEGY  1.  CONVERGENCE WHEN EDM .LT. 1.00e-04
 FCN=1315.57 FROM MIGRAD    STATUS=INITIATE       16 CALLS         483 TOTAL
                     EDM= unknown      STRATEGY= 1      NO ERROR MATRIX       
  EXT PARAMETER               CURRENT GUESS       STEP         FIRST   
  NO.   NAME      VALUE            ERROR          SIZE      DERIVATIVE 
   1  N0           3.41527e+06     fixed    
   2  tau          6.43976e+01   constant   
   3  A0           3.55212e-01     fixed    
   4  phi          4.12295e+00     fixed    
   5  R           -6.08295e+01   constant   
   6  A_CBO        7.17046e-04   4.93697e-04   8.59863e-06  -1.93977e-01
   7  w_CBO        2.33054e+00   3.88357e-03   4.45606e-06  -4.63001e-01
   8  phi_CBO      4.56306e+00     fixed    
   9  ANx2         2.24467e-04   constant   
  10  pNx2         2.31915e+00   constant   
  11  ANy1         0.00000e+00   constant   
  12  pNy1         0.00000e+00   constant   
  13  w_y          0.00000e+00   constant   
  14  ANy2         1.49899e-02   1.00000e-04   1.00000e-04   1.24542e+05
  15  pNy2         4.64502e+00   constant   
  16  w_vw         1.43138e+01   constant   
  17  LM          -1.76320e-04   constant   
  18  wCBO_expCoeff   2.00195e+02   3.60344e-01   4.81504e-04  -4.74893e-03
  19  wCBO_expOffset   2.00029e+02   4.95192e-02   9.53814e-05  -4.03946e-02
  20  wCBO_expT    2.99783e+01   1.25979e-02   1.87515e-05  -1.23237e-01
  21  wCBO_linCoeff   0.00000e+00   constant   
  22  wCBO_const   4.00167e-03   1.84789e-03   8.07039e-06  -1.24742e-01
 MIGRAD MINIMIZATION HAS CONVERGED.
 MIGRAD WILL VERIFY CONVERGENCE AND ERROR MATRIX.
 COVARIANCE MATRIX CALCULATED SUCCESSFULLY
 FCN=371.978 FROM MIGRAD    STATUS=CONVERGED     306 CALLS         773 TOTAL
                     EDM=8.56601e-07    STRATEGY= 1      ERROR MATRIX ACCURATE 
  EXT PARAMETER                                   STEP         FIRST   
  NO.   NAME      VALUE            ERROR          SIZE      DERIVATIVE 
   1  N0           3.41527e+06     fixed    
   2  tau          6.43976e+01   constant   
   3  A0           3.55212e-01     fixed    
   4  phi          4.12295e+00     fixed    
   5  R           -6.08295e+01   constant   
   6  A_CBO       -1.38757e-04   5.80779e-04   4.62608e-06  -1.12735e+00
   7  w_CBO        2.32885e+00   8.31061e-03   4.48279e-06  -6.90741e-01
   8  phi_CBO      4.56306e+00     fixed    
   9  ANx2         2.24467e-04   constant   
  10  pNx2         2.31915e+00   constant   
  11  ANy1         0.00000e+00   constant   
  12  pNy1         0.00000e+00   constant   
  13  w_y          0.00000e+00   constant   
  14  ANy2        -1.71327e-04   4.93467e-04   4.64580e-06   1.99622e+00
  15  pNy2         4.64502e+00   constant   
  16  w_vw         1.43138e+01   constant   
  17  LM          -1.76320e-04   constant   
  18  wCBO_expCoeff   1.99957e+02   8.12208e-01   4.87656e-04  -8.28713e-03
  19  wCBO_expOffset   1.99994e+02   1.13184e-01   9.53644e-05  -5.56121e-02
  20  wCBO_expT    3.00032e+01   2.41248e-02   1.90562e-05  -2.12105e-01
  21  wCBO_linCoeff   0.00000e+00   constant   
  22  wCBO_const   4.40923e-03   3.70948e-03   7.39521e-06   4.84647e-02
 EXTERNAL ERROR MATRIX.    NDIM=  25    NPAR=  7    ERR DEF=1
  3.373e-07  2.578e-07  1.561e-08  3.317e-05  4.009e-06 -3.832e-06 -1.189e-07 
  2.578e-07  6.907e-05  2.780e-08 -2.769e-03 -3.147e-04 -4.423e-05 -2.861e-05 
  1.561e-08  2.780e-08  2.435e-07  3.666e-06  3.266e-07 -3.576e-07 -1.025e-08 
  3.317e-05 -2.769e-03  3.666e-06  6.597e-01 -4.263e-02 -5.695e-03  1.329e-03 
  4.009e-06 -3.147e-04  3.266e-07 -4.263e-02  1.281e-02 -6.481e-04  1.509e-04 
 -3.832e-06 -4.423e-05 -3.576e-07 -5.695e-03 -6.481e-04  5.820e-04  2.135e-06 
 -1.189e-07 -2.861e-05 -1.025e-08  1.329e-03  1.509e-04  2.135e-06  1.376e-05 
 PARAMETER  CORRELATION COEFFICIENTS  
       NO.  GLOBAL      6      7     14     18     19     20     22
        6  0.53530   1.000  0.053  0.054  0.070  0.061 -0.273 -0.055
        7  0.99836   0.053  1.000  0.007 -0.410 -0.335 -0.221 -0.928
       14  0.05710   0.054  0.007  1.000  0.009  0.006 -0.030 -0.006
       18  0.99797   0.070 -0.410  0.009  1.000 -0.464 -0.291  0.441
       19  0.99765   0.061 -0.335  0.006 -0.464  1.000 -0.237  0.359
       20  0.99648  -0.273 -0.221 -0.030 -0.291 -0.237  1.000  0.024
       22  0.97741  -0.055 -0.928 -0.006  0.441  0.359  0.024  1.000
MINUIT - FIT ONLY 2-CBO
 **********
 **   43 **RES 
 **********
                   PARAMETER    8  phi_CBO RESTORED TO VARIABLE.
                   PARAMETER    4  phi RESTORED TO VARIABLE.
                   PARAMETER    3  A0 RESTORED TO VARIABLE.
                   PARAMETER    1  N0 RESTORED TO VARIABLE.
 **********
 **   44 **FIX            0
 **********
 PARAMETER    0  IS UNDEFINED. IGNORED.
 **********
 **   45 **FIX            1
 **********
 **********
 **   46 **FIX            2
 **********
 PARAMETER    2  IS CONSTANT.   IGNORED.
 **********
 **   47 **FIX            3
 **********
 **********
 **   48 **FIX            4
 **********
 **********
 **   49 **FIX            5
 **********
 PARAMETER    5  IS CONSTANT.   IGNORED.
 **********
 **   50 **FIX            6
 **********
 **********
 **   51 **FIX            7
 **********
 **********
 **   52 **FIX           10
 **********
 PARAMETER   10  IS CONSTANT.   IGNORED.
 **********
 **   53 **FIX           11
 **********
 PARAMETER   11  IS CONSTANT.   IGNORED.
 **********
 **   54 **FIX           12
 **********
 PARAMETER   12  IS CONSTANT.   IGNORED.
 **********
 **   55 **FIX           13
 **********
 PARAMETER   13  IS CONSTANT.   IGNORED.
 **********
 **   56 **FIX           14
 **********
 **********
 **   57 **FIX           15
 **********
 PARAMETER   15  IS CONSTANT.   IGNORED.
 **********
 **   58 **FIX           16
 **********
 PARAMETER   16  IS CONSTANT.   IGNORED.
 **********
 **   59 **MIGRAD
 **********
 START MIGRAD MINIMIZATION.  STRATEGY  1.  CONVERGENCE WHEN EDM .LT. 1.00e-04
 FCN=371.978 FROM MIGRAD    STATUS=INITIATE       12 CALLS         785 TOTAL
                     EDM= unknown      STRATEGY= 1      NO ERROR MATRIX       
  EXT PARAMETER               CURRENT GUESS       STEP         FIRST   
  NO.   NAME      VALUE            ERROR          SIZE      DERIVATIVE 
   1  N0           3.41527e+06     fixed    
   2  tau          6.43976e+01   constant   
   3  A0           3.55212e-01     fixed    
   4  phi          4.12295e+00     fixed    
   5  R           -6.08295e+01   constant   
   6  A_CBO       -1.38757e-04     fixed    
   7  w_CBO        2.32885e+00     fixed    
   8  phi_CBO      4.56306e+00   8.20839e-01   8.20839e-01   4.22410e-01
   9  ANx2         2.24467e-04   constant   
  10  pNx2         2.31915e+00   constant   
  11  ANy1         0.00000e+00   constant   
  12  pNy1         0.00000e+00   constant   
  13  w_y          0.00000e+00   constant   
  14  ANy2        -1.71327e-04     fixed    
  15  pNy2         4.64502e+00   constant   
  16  w_vw         1.43138e+01   constant   
  17  LM          -1.76320e-04   constant   
  18  wCBO_expCoeff   1.99957e+02   8.12208e-01   4.87656e-04  -8.43075e-03
  19  wCBO_expOffset   1.99994e+02   1.13184e-01   9.53644e-05  -5.68781e-02
  20  wCBO_expT    3.00032e+01   2.41248e-02   1.90562e-05  -2.15423e-01
  21  wCBO_linCoeff   0.00000e+00   constant   
  22  wCBO_const   4.40923e-03   3.70948e-03   7.39521e-06   4.76633e-02
 MIGRAD MINIMIZATION HAS CONVERGED.
 MIGRAD WILL VERIFY CONVERGENCE AND ERROR MATRIX.
 FCN=371.644 FROM MIGRAD    STATUS=CONVERGED     120 CALLS         893 TOTAL
                     EDM=7.46535e-06    STRATEGY= 1      ERR MATRIX NOT POS-DEF
  EXT PARAMETER                APPROXIMATE        STEP         FIRST   
  NO.   NAME      VALUE            ERROR          SIZE      DERIVATIVE 
   1  N0           3.41527e+06     fixed    
   2  tau          6.43976e+01   constant   
   3  A0           3.55212e-01     fixed    
   4  phi          4.12295e+00     fixed    
   5  R           -6.08295e+01   constant   
   6  A_CBO       -1.38757e-04     fixed    
   7  w_CBO        2.32885e+00     fixed    
   8  phi_CBO      3.19045e+00   2.18853e+00   1.95285e-02  -3.54167e-05
   9  ANx2         2.24467e-04   constant   
  10  pNx2         2.31915e+00   constant   
  11  ANy1         0.00000e+00   constant   
  12  pNy1         0.00000e+00   constant   
  13  w_y          0.00000e+00   constant   
  14  ANy2        -1.71327e-04     fixed    
  15  pNy2         4.64502e+00   constant   
  16  w_vw         1.43138e+01   constant   
  17  LM          -1.76320e-04   constant   
  18  wCBO_expCoeff   1.99995e+02   6.21023e-01   4.73742e-04   5.33687e-02
  19  wCBO_expOffset   1.99999e+02   9.33454e-02   9.53671e-05   3.55872e-01
  20  wCBO_expT    2.99997e+01   2.01414e-02   1.84218e-05   1.50735e+00
  21  wCBO_linCoeff   0.00000e+00   constant   
  22  wCBO_const   4.52155e-03   1.28606e-03   7.08924e-06   4.16987e+00
 EXTERNAL ERROR MATRIX.    NDIM=  25    NPAR=  5    ERR DEF=1
  4.790e+00 -5.357e-02 -8.508e-03  5.679e-03 -4.352e-07 
 -5.357e-02  3.857e-01 -4.019e-02 -4.811e-03  1.193e-04 
 -8.508e-03 -4.019e-02  8.713e-03 -7.317e-04  1.818e-05 
  5.679e-03 -4.811e-03 -7.317e-04  4.057e-04 -1.264e-05 
 -4.352e-07  1.193e-04  1.818e-05 -1.264e-05  1.654e-06 
ERR MATRIX NOT POS-DEF
 PARAMETER  CORRELATION COEFFICIENTS  
       NO.  GLOBAL      8     18     19     20     22
        8  0.33237   1.000 -0.039 -0.042  0.129 -0.000
       18  0.99680  -0.039  1.000 -0.693 -0.385  0.149
       19  0.99682  -0.042 -0.693  1.000 -0.389  0.151
       20  0.99538   0.129 -0.385 -0.389  1.000 -0.488
       22  0.81481  -0.000  0.149  0.151 -0.488  1.000
 ERR MATRIX NOT POS-DEF
MINUIT - FIT ONLY 1-y
 **********
 **   60 **RES 
 **********
                   PARAMETER   14  ANy2 RESTORED TO VARIABLE.
                   PARAMETER    7  w_CBO RESTORED TO VARIABLE.
                   PARAMETER    6  A_CBO RESTORED TO VARIABLE.
                   PARAMETER    4  phi RESTORED TO VARIABLE.
                   PARAMETER    3  A0 RESTORED TO VARIABLE.
                   PARAMETER    1  N0 RESTORED TO VARIABLE.
 **********
 **   61 **FIX            0
 **********
 PARAMETER    0  IS UNDEFINED. IGNORED.
 **********
 **   62 **FIX            1
 **********
 **********
 **   63 **FIX            2
 **********
 PARAMETER    2  IS CONSTANT.   IGNORED.
 **********
 **   64 **FIX            3
 **********
 **********
 **   65 **FIX            4
 **********
 **********
 **   66 **FIX            5
 **********
 PARAMETER    5  IS CONSTANT.   IGNORED.
 **********
 **   67 **FIX            6
 **********
 **********
 **   68 **FIX            7
 **********
 **********
 **   69 **FIX            8
 **********
 **********
 **   70 **FIX            9
 **********
 PARAMETER    9  IS CONSTANT.   IGNORED.
 **********
 **   71 **FIX           13
 **********
 PARAMETER   13  IS CONSTANT.   IGNORED.
 **********
 **   72 **FIX           14
 **********
 **********
 **   73 **FIX           15
 **********
 PARAMETER   15  IS CONSTANT.   IGNORED.
 **********
 **   74 **FIX           16
 **********
 PARAMETER   16  IS CONSTANT.   IGNORED.
 **********
 **   75 **MIGRAD
 **********
 START MIGRAD MINIMIZATION.  STRATEGY  1.  CONVERGENCE WHEN EDM .LT. 1.00e-04
 FCN=371.644 FROM MIGRAD    STATUS=INITIATE        8 CALLS         901 TOTAL
                     EDM= unknown      STRATEGY= 1      NO ERROR MATRIX       
  EXT PARAMETER               CURRENT GUESS       STEP         FIRST   
  NO.   NAME      VALUE            ERROR          SIZE      DERIVATIVE 
   1  N0           3.41527e+06     fixed    
   2  tau          6.43976e+01   constant   
   3  A0           3.55212e-01     fixed    
   4  phi          4.12295e+00     fixed    
   5  R           -6.08295e+01   constant   
   6  A_CBO       -1.38757e-04     fixed    
   7  w_CBO        2.32885e+00     fixed    
   8  phi_CBO      3.19045e+00     fixed    
   9  ANx2         2.24467e-04   constant   
  10  pNx2         2.31915e+00   constant   
  11  ANy1         0.00000e+00   constant   
  12  pNy1         0.00000e+00   constant   
  13  w_y          0.00000e+00   constant   
  14  ANy2        -1.71327e-04     fixed    
  15  pNy2         4.64502e+00   constant   
  16  w_vw         1.43138e+01   constant   
  17  LM          -1.76320e-04   constant   
  18  wCBO_expCoeff   1.99995e+02   6.21023e-01   4.73742e-04   5.33974e-02
  19  wCBO_expOffset   1.99999e+02   9.33454e-02   9.53671e-05   3.56151e-01
  20  wCBO_expT    2.99997e+01   2.01414e-02   1.84218e-05   1.50769e+00
  21  wCBO_linCoeff   0.00000e+00   constant   
  22  wCBO_const   4.52155e-03   1.28606e-03   7.08924e-06   4.16733e+00
 MIGRAD MINIMIZATION HAS CONVERGED.
 MIGRAD WILL VERIFY CONVERGENCE AND ERROR MATRIX.
 FCN=371.644 FROM MIGRAD    STATUS=CONVERGED      41 CALLS         934 TOTAL
                     EDM=2.36251e-06    STRATEGY= 1      ERR MATRIX NOT POS-DEF
  EXT PARAMETER                APPROXIMATE        STEP         FIRST   
  NO.   NAME      VALUE            ERROR          SIZE      DERIVATIVE 
   1  N0           3.41527e+06     fixed    
   2  tau          6.43976e+01   constant   
   3  A0           3.55212e-01     fixed    
   4  phi          4.12295e+00     fixed    
   5  R           -6.08295e+01   constant   
   6  A_CBO       -1.38757e-04     fixed    
   7  w_CBO        2.32885e+00     fixed    
   8  phi_CBO      3.19045e+00     fixed    
   9  ANx2         2.24467e-04   constant   
  10  pNx2         2.31915e+00   constant   
  11  ANy1         0.00000e+00   constant   
  12  pNy1         0.00000e+00   constant   
  13  w_y          0.00000e+00   constant   
  14  ANy2        -1.71327e-04     fixed    
  15  pNy2         4.64502e+00   constant   
  16  w_vw         1.43138e+01   constant   
  17  LM          -1.76320e-04   constant   
  18  wCBO_expCoeff   1.99995e+02   6.30406e-01   4.68631e-04  -5.61367e-03
  19  wCBO_expOffset   1.99999e+02   9.48101e-02   9.53671e-05  -3.73325e-02
  20  wCBO_expT    2.99997e+01   2.01647e-02   1.82572e-05  -2.01223e-02
  21  wCBO_linCoeff   0.00000e+00   constant   
  22  wCBO_const   4.52123e-03   1.28883e-03   7.04218e-06   6.84569e-01
 EXTERNAL ERROR MATRIX.    NDIM=  25    NPAR=  4    ERR DEF=1
  3.974e-01 -4.184e-02 -4.829e-03  1.217e-04 
 -4.184e-02  8.989e-03 -7.373e-04  1.864e-05 
 -4.829e-03 -7.373e-04  4.066e-04 -1.287e-05 
  1.217e-04  1.864e-05 -1.287e-05  1.661e-06 
ERR MATRIX NOT POS-DEF
 PARAMETER  CORRELATION COEFFICIENTS  
       NO.  GLOBAL     18     19     20     22
       18  0.99690   1.000 -0.700 -0.380  0.150
       19  0.99691  -0.700  1.000 -0.386  0.153
       20  0.99539  -0.380 -0.386  1.000 -0.495
       22  0.81569   0.150  0.153 -0.495  1.000
 ERR MATRIX NOT POS-DEF
MINUIT - FIT ONLY 2-y
 **********
 **   76 **RES 
 **********
                   PARAMETER   14  ANy2 RESTORED TO VARIABLE.
                   PARAMETER    8  phi_CBO RESTORED TO VARIABLE.
                   PARAMETER    7  w_CBO RESTORED TO VARIABLE.
                   PARAMETER    6  A_CBO RESTORED TO VARIABLE.
                   PARAMETER    4  phi RESTORED TO VARIABLE.
                   PARAMETER    3  A0 RESTORED TO VARIABLE.
                   PARAMETER    1  N0 RESTORED TO VARIABLE.
 **********
 **   77 **FIX            0
 **********
 PARAMETER    0  IS UNDEFINED. IGNORED.
 **********
 **   78 **FIX            1
 **********
 **********
 **   79 **FIX            2
 **********
 PARAMETER    2  IS CONSTANT.   IGNORED.
 **********
 **   80 **FIX            3
 **********
 **********
 **   81 **FIX            4
 **********
 **********
 **   82 **FIX            5
 **********
 PARAMETER    5  IS CONSTANT.   IGNORED.
 **********
 **   83 **FIX            6
 **********
 **********
 **   84 **FIX            7
 **********
 **********
 **   85 **FIX            8
 **********
 **********
 **   86 **FIX            9
 **********
 PARAMETER    9  IS CONSTANT.   IGNORED.
 **********
 **   87 **FIX           10
 **********
 PARAMETER   10  IS CONSTANT.   IGNORED.
 **********
 **   88 **FIX           11
 **********
 PARAMETER   11  IS CONSTANT.   IGNORED.
 **********
 **   89 **FIX           12
 **********
 PARAMETER   12  IS CONSTANT.   IGNORED.
 **********
 **   90 **FIX           16
 **********
 PARAMETER   16  IS CONSTANT.   IGNORED.
 **********
 **   91 **MIGRAD
 **********
 START MIGRAD MINIMIZATION.  STRATEGY  1.  CONVERGENCE WHEN EDM .LT. 1.00e-04
 FCN=371.644 FROM MIGRAD    STATUS=INITIATE       10 CALLS         944 TOTAL
                     EDM= unknown      STRATEGY= 1      NO ERROR MATRIX       
  EXT PARAMETER               CURRENT GUESS       STEP         FIRST   
  NO.   NAME      VALUE            ERROR          SIZE      DERIVATIVE 
   1  N0           3.41527e+06     fixed    
   2  tau          6.43976e+01   constant   
   3  A0           3.55212e-01     fixed    
   4  phi          4.12295e+00     fixed    
   5  R           -6.08295e+01   constant   
   6  A_CBO       -1.38757e-04     fixed    
   7  w_CBO        2.32885e+00     fixed    
   8  phi_CBO      3.19045e+00     fixed    
   9  ANx2         2.24467e-04   constant   
  10  pNx2         2.31915e+00   constant   
  11  ANy1         0.00000e+00   constant   
  12  pNy1         0.00000e+00   constant   
  13  w_y          0.00000e+00   constant   
  14  ANy2        -1.71327e-04   4.93467e-04   4.93467e-04  -2.67379e+01
  15  pNy2         4.64502e+00   constant   
  16  w_vw         1.43138e+01   constant   
  17  LM          -1.76320e-04   constant   
  18  wCBO_expCoeff   1.99995e+02   6.30406e-01   4.68631e-04  -5.58281e-03
  19  wCBO_expOffset   1.99999e+02   9.48101e-02   9.53671e-05  -3.70327e-02
  20  wCBO_expT    2.99997e+01   2.01647e-02   1.82572e-05  -1.97393e-02
  21  wCBO_linCoeff   0.00000e+00   constant   
  22  wCBO_const   4.52123e-03   1.28883e-03   7.04218e-06   6.82091e-01
 MIGRAD MINIMIZATION HAS CONVERGED.
 MIGRAD WILL VERIFY CONVERGENCE AND ERROR MATRIX.
 FCN=371.644 FROM MIGRAD    STATUS=CONVERGED      52 CALLS         986 TOTAL
                     EDM=2.58381e-06    STRATEGY= 1      ERR MATRIX NOT POS-DEF
  EXT PARAMETER                APPROXIMATE        STEP         FIRST   
  NO.   NAME      VALUE            ERROR          SIZE      DERIVATIVE 
   1  N0           3.41527e+06     fixed    
   2  tau          6.43976e+01   constant   
   3  A0           3.55212e-01     fixed    
   4  phi          4.12295e+00     fixed    
   5  R           -6.08295e+01   constant   
   6  A_CBO       -1.38757e-04     fixed    
   7  w_CBO        2.32885e+00     fixed    
   8  phi_CBO      3.19045e+00     fixed    
   9  ANx2         2.24467e-04   constant   
  10  pNx2         2.31915e+00   constant   
  11  ANy1         0.00000e+00   constant   
  12  pNy1         0.00000e+00   constant   
  13  w_y          0.00000e+00   constant   
  14  ANy2        -1.68083e-04   4.91789e-04   4.64368e-06  -1.36679e-02
  15  pNy2         4.64502e+00   constant   
  16  w_vw         1.43138e+01   constant   
  17  LM          -1.76320e-04   constant   
  18  wCBO_expCoeff   1.99995e+02   6.30301e-01   4.68646e-04  -5.53674e-03
  19  wCBO_expOffset   1.99999e+02   9.47932e-02   9.53671e-05  -3.68197e-02
  20  wCBO_expT    2.99997e+01   2.01646e-02   1.82576e-05  -1.32998e-02
  21  wCBO_linCoeff   0.00000e+00   constant   
  22  wCBO_const   4.52104e-03   1.28877e-03   7.04205e-06   5.11576e-01
 EXTERNAL ERROR MATRIX.    NDIM=  25    NPAR=  5    ERR DEF=1
  2.419e-07  2.333e-06  2.699e-07 -1.453e-07 -9.591e-10 
  2.333e-06  3.973e-01 -4.182e-02 -4.829e-03  1.217e-04 
  2.699e-07 -4.182e-02  8.986e-03 -7.372e-04  1.864e-05 
 -1.453e-07 -4.829e-03 -7.372e-04  4.066e-04 -1.286e-05 
 -9.591e-10  1.217e-04  1.864e-05 -1.286e-05  1.661e-06 
ERR MATRIX NOT POS-DEF
 PARAMETER  CORRELATION COEFFICIENTS  
       NO.  GLOBAL     14     18     19     20     22
       14  0.02352   1.000  0.008  0.006 -0.015 -0.002
       18  0.99690   0.008  1.000 -0.700 -0.380  0.150
       19  0.99691   0.006 -0.700  1.000 -0.386  0.153
       20  0.99540  -0.015 -0.380 -0.386  1.000 -0.495
       22  0.81570  -0.002  0.150  0.153 -0.495  1.000
 ERR MATRIX NOT POS-DEF
MINUIT - FIT ALTOGETHER
 **********
 **   92 **RES 
 **********
                   PARAMETER    8  phi_CBO RESTORED TO VARIABLE.
                   PARAMETER    7  w_CBO RESTORED TO VARIABLE.
                   PARAMETER    6  A_CBO RESTORED TO VARIABLE.
                   PARAMETER    4  phi RESTORED TO VARIABLE.
                   PARAMETER    3  A0 RESTORED TO VARIABLE.
                   PARAMETER    1  N0 RESTORED TO VARIABLE.
 **********
 **   93 **MIGRAD
 **********
 START MIGRAD MINIMIZATION.  STRATEGY  1.  CONVERGENCE WHEN EDM .LT. 1.00e-04
 FCN=371.644 FROM MIGRAD    STATUS=INITIATE       22 CALLS        1008 TOTAL
                     EDM= unknown      STRATEGY= 1      NO ERROR MATRIX       
  EXT PARAMETER               CURRENT GUESS       STEP         FIRST   
  NO.   NAME      VALUE            ERROR          SIZE      DERIVATIVE 
   1  N0           3.41527e+06   1.18890e+03   1.18890e+03  -9.45760e-04
   2  tau          6.43976e+01   constant   
   3  A0           3.55212e-01   4.64505e-04   4.64505e-04   1.26394e+03
   4  phi          4.12295e+00   1.39259e-03   1.39259e-03  -5.83360e+02
   5  R           -6.08295e+01   constant   
   6  A_CBO       -1.38757e-04   5.80779e-04   5.80779e-04   2.22559e+03
   7  w_CBO        2.32885e+00   8.31061e-03   8.31061e-03  -2.52470e-01
   8  phi_CBO      3.19045e+00   2.18853e+00   2.18853e+00   5.27238e-04
   9  ANx2         2.24467e-04   constant   
  10  pNx2         2.31915e+00   constant   
  11  ANy1         0.00000e+00   constant   
  12  pNy1         0.00000e+00   constant   
  13  w_y          0.00000e+00   constant   
  14  ANy2        -1.68083e-04   4.91789e-04   4.64368e-06  -1.36678e-02
  15  pNy2         4.64502e+00   constant   
  16  w_vw         1.43138e+01   constant   
  17  LM          -1.76320e-04   constant   
  18  wCBO_expCoeff   1.99995e+02   6.30301e-01   4.68646e-04  -5.50588e-03
  19  wCBO_expOffset   1.99999e+02   9.47932e-02   9.53671e-05  -3.65198e-02
  20  wCBO_expT    2.99997e+01   2.01646e-02   1.82576e-05  -1.29169e-02
