 + ++++++++++++++++++++++++++++++++++++++++++++++++++++++++++++++++++++ +
 +                                                                      +
 +           You have chose to blind your fitting according to          +
 +                omega_ref * (1 + (R +/- deltaR) *10^{-6})             +
 +                                                                      +
 + ++++++++++++++++++++++++++++++++++++++++++++++++++++++++++++++++++++ +
In main()...
reading format from /gm2data/zkhechad/run45/envelope/formats/formatB_sBin_constraintOn.txt
pBinTau 	= 0  
pBinPhi 	= 0  
constraintau 	= 1 
includeMopTerm 	= 0    
constrainMop    = 0   
Parameters after format file: pBinTau 0 pBinPhi 0 constraintau 1 includeMopTerm 0 constrainMop 0 c_e_scale 0.000000 
reading cbo reference file (full fit) from /gm2data/zkhechad/cboTemplates/Run4CBOTemplates/fullFits/run4/sBin_constraintOn_cE0.0_seed0_run4_calo4.root
A_CBO 0.009389 w_CBO 2.326001 phi_CBO 4.715725 N0 2871608.131177 R -59.406240 tau 64.400031 
Reading cboRef file /gm2data/zkhechad/cboTemplates/Run4CBOTemplates//cboIsolate/run4_calo4.root
deltaT 164.120000
windowBins = 1100
fitting sliding window 2500 from bin 2703 at 403.287600 to bin 3803 at 567.407600 (1100 bins)

Reading data from /gm2data/cornell/histograms/aMethod/histogram_a_run4.root
fitting cbo isolate
 **********
 **    1 **SET PRINTOUT            1
 **********
 **********
 **    2 **SET NOWARNINGS 
 **********
 PARAMETER DEFINITIONS:
    NO.   NAME         VALUE      STEP SIZE      LIMITS
     1 A_CBO        9.38904e-03  1.00000e-05     no limits
     2 w_CBO        2.32600e+00  1.00000e-02    2.00000e+00  3.00000e+00
     3 phi_CBO      4.71573e+00  1.00000e-02    0.00000e+00  6.28319e+00
 **********
 **    3 **MIGRAD
 **********
 FIRST CALL TO USER FUNCTION AT NEW START POINT, WITH IFLAG=4.
 START MIGRAD MINIMIZATION.  STRATEGY  1.  CONVERGENCE WHEN EDM .LT. 1.00e-04
 FCN=0.366238 FROM MIGRAD    STATUS=INITIATE       12 CALLS          13 TOTAL
                     EDM= unknown      STRATEGY= 1      NO ERROR MATRIX       
  EXT PARAMETER               CURRENT GUESS       STEP         FIRST   
  NO.   NAME      VALUE            ERROR          SIZE      DERIVATIVE 
   1  A_CBO        9.38904e-03   1.00000e-05   1.00000e-05   8.37082e+00
   2  w_CBO        2.32600e+00   1.00000e-02   2.13357e-02  -2.30442e+00
   3  phi_CBO      4.71573e+00   1.00000e-02   3.67815e-03   2.42561e-02
 MIGRAD MINIMIZATION HAS CONVERGED.
 MIGRAD WILL VERIFY CONVERGENCE AND ERROR MATRIX.
 COVARIANCE MATRIX CALCULATED SUCCESSFULLY
 FCN=0.333887 FROM HESSE     STATUS=OK             16 CALLS          69 TOTAL
                     EDM=0.000754678    STRATEGY= 1      ERROR MATRIX ACCURATE 
  EXT PARAMETER                                   STEP         FIRST   
  NO.   NAME      VALUE            ERROR          SIZE      DERIVATIVE 
   1  A_CBO        2.02971e-03   4.74250e-02   2.40657e-05   6.70526e-03
   2  w_CBO        2.32672e+00   3.07626e-01   5.51212e-05  -2.27426e-02
   3  phi_CBO      4.56028e+00   3.43865e+00   4.39022e-03  -6.85640e-04
 MIGRAD MINIMIZATION HAS CONVERGED.
 MIGRAD WILL VERIFY CONVERGENCE AND ERROR MATRIX.
 COVARIANCE MATRIX CALCULATED SUCCESSFULLY
 FCN=0.333358 FROM MIGRAD    STATUS=CONVERGED     163 CALLS         164 TOTAL
                     EDM=2.32882e-05    STRATEGY= 1      ERROR MATRIX ACCURATE 
  EXT PARAMETER                                   STEP         FIRST   
  NO.   NAME      VALUE            ERROR          SIZE      DERIVATIVE 
   1  A_CBO        2.23349e-03   4.27442e-02   2.40567e-05  -1.67356e-02
   2  w_CBO        2.33034e+00   5.37185e-02   4.81987e-05   5.01510e-02
   3  phi_CBO      6.23847e+00   6.20099e+00   1.11405e-02  -2.64211e-04
 EXTERNAL ERROR MATRIX.    NDIM=  25    NPAR=  3    ERR DEF=1
  1.827e-03 -1.592e-05  3.076e-02 
 -1.592e-05  2.898e-03  6.688e-01 
  3.076e-02  6.688e-01  3.352e+02 
 PARAMETER  CORRELATION COEFFICIENTS  
       NO.  GLOBAL      1      2      3
        1  0.06030   1.000 -0.007  0.039
        2  0.67934  -0.007  1.000  0.679
        3  0.67993   0.039  0.679  1.000
setting A_CBO=0.002233 w_CBO=2.330342, phi_CBO=6.238472
done fitting cbo isolate
 **********
 **    1 **SET PRINTOUT            1
 **********
 **********
 **    2 **SET NOWARNINGS 
 **********
 PARAMETER DEFINITIONS:
    NO.   NAME         VALUE      STEP SIZE      LIMITS
     1 N0           2.87161e+06  1.00000e+02     no limits
     2 tau          6.44000e+01  constant
     3 A0           3.53296e-01  1.00000e-04     no limits
     4 phi          4.11727e+00  1.00000e-02     no limits
     5 R           -5.94062e+01  constant
     6 A_CBO        2.23349e-03  1.00000e-05     no limits
     7 w_CBO        2.33034e+00  1.00000e-03     no limits
     8 phi_CBO      6.23847e+00  1.00000e-04     no limits
     9 ANx2         6.75162e-04  constant
    10 pNx2         4.60725e+00  constant
    11 ANy1         0.00000e+00  constant
    12 pNy1         0.00000e+00  constant
    13 w_y          0.00000e+00  constant
    14 ANy2         8.91794e-03  1.00000e-04     no limits
    15 pNy2         4.50125e+00  constant
    16 w_vw         1.43005e+01  constant
    17 LM          -1.01507e-04  constant
    18 wCBO_expCoeff   2.00000e+02  1.00000e+00     no limits
    19 wCBO_expOffset   2.00000e+02  1.00000e+00     no limits
    20 wCBO_expT    3.00000e+01  1.00000e+00     no limits
    21 wCBO_linCoeff   0.00000e+00  constant
    22 wCBO_const   0.00000e+00  1.00000e-02     no limits
MINUIT - FIT ONLY WIGGLE
 **********
 **    3 **FIX            5
 **********
 PARAMETER    5  IS CONSTANT.   IGNORED.
 **********
 **    4 **FIX            6
 **********
 **********
 **    5 **FIX            7
 **********
 **********
 **    6 **FIX            8
 **********
 **********
 **    7 **FIX            9
 **********
 PARAMETER    9  IS CONSTANT.   IGNORED.
 **********
 **    8 **FIX           10
 **********
 PARAMETER   10  IS CONSTANT.   IGNORED.
 **********
 **    9 **FIX           11
 **********
 PARAMETER   11  IS CONSTANT.   IGNORED.
 **********
 **   10 **FIX           12
 **********
 PARAMETER   12  IS CONSTANT.   IGNORED.
 **********
 **   11 **FIX           13
 **********
 PARAMETER   13  IS CONSTANT.   IGNORED.
 **********
 **   12 **FIX           14
 **********
 **********
 **   13 **FIX           15
 **********
 PARAMETER   15  IS CONSTANT.   IGNORED.
 **********
 **   14 **FIX           16
 **********
 PARAMETER   16  IS CONSTANT.   IGNORED.
 **********
 **   15 **MIGRAD
 **********
 FIRST CALL TO USER FUNCTION AT NEW START POINT, WITH IFLAG=4.
 START MIGRAD MINIMIZATION.  STRATEGY  1.  CONVERGENCE WHEN EDM .LT. 1.00e-04
 FCN=358.719 FROM MIGRAD    STATUS=INITIATE       28 CALLS          29 TOTAL
                     EDM= unknown      STRATEGY= 1      NO ERROR MATRIX       
  EXT PARAMETER               CURRENT GUESS       STEP         FIRST   
  NO.   NAME      VALUE            ERROR          SIZE      DERIVATIVE 
   1  N0           2.87161e+06   1.00000e+02   1.00000e+02   8.27123e-04
   2  tau          6.44000e+01   constant   
   3  A0           3.53296e-01   1.00000e-04   1.00000e-04  -1.51097e+03
   4  phi          4.11727e+00   1.00000e-02   1.00000e-02  -1.96565e+02
   5  R           -5.94062e+01   constant   
   6  A_CBO        2.23349e-03     fixed    
   7  w_CBO        2.33034e+00     fixed    
   8  phi_CBO      6.23847e+00     fixed    
   9  ANx2         6.75162e-04   constant   
  10  pNx2         4.60725e+00   constant   
  11  ANy1         0.00000e+00   constant   
  12  pNy1         0.00000e+00   constant   
  13  w_y          0.00000e+00   constant   
  14  ANy2         8.91794e-03     fixed    
  15  pNy2         4.50125e+00   constant   
  16  w_vw         1.43005e+01   constant   
  17  LM          -1.01507e-04   constant   
  18  wCBO_expCoeff   2.00000e+02   1.00000e+00   1.00000e+00  -8.37520e-02
  19  wCBO_expOffset   2.00000e+02   1.00000e+00   1.00000e+00  -5.58343e-01
  20  wCBO_expT    3.00000e+01   1.00000e+00   1.00000e+00  -6.78553e+00
  21  wCBO_linCoeff   0.00000e+00   constant   
  22  wCBO_const   0.00000e+00   1.00000e-02   1.00000e-02  -7.46830e+02
 MIGRAD MINIMIZATION HAS CONVERGED.
 MIGRAD WILL VERIFY CONVERGENCE AND ERROR MATRIX.
 COVARIANCE MATRIX CALCULATED SUCCESSFULLY
 FCN=357.067 FROM MIGRAD    STATUS=CONVERGED     205 CALLS         206 TOTAL
                     EDM=1.55611e-06    STRATEGY= 1      ERROR MATRIX ACCURATE 
  EXT PARAMETER                                   STEP         FIRST   
  NO.   NAME      VALUE            ERROR          SIZE      DERIVATIVE 
   1  N0           2.86953e+06   2.26804e+03   1.94689e+01  -5.87725e-08
   2  tau          6.44000e+01   constant   
   3  A0           3.54124e-01   1.09481e-03   9.79819e-06  -8.70225e-02
   4  phi          4.11819e+00   3.10580e-03   2.85948e-05  -1.32344e-01
   5  R           -5.94062e+01   constant   
   6  A_CBO        2.23349e-03     fixed    
   7  w_CBO        2.33034e+00     fixed    
   8  phi_CBO      6.23847e+00     fixed    
   9  ANx2         6.75162e-04   constant   
  10  pNx2         4.60725e+00   constant   
  11  ANy1         0.00000e+00   constant   
  12  pNy1         0.00000e+00   constant   
  13  w_y          0.00000e+00   constant   
  14  ANy2         8.91794e-03     fixed    
  15  pNy2         4.50125e+00   constant   
  16  w_vw         1.43005e+01   constant   
  17  LM          -1.01507e-04   constant   
  18  wCBO_expCoeff   1.98244e+02   9.59166e+00   1.00495e-02  -1.48660e-03
  19  wCBO_expOffset   1.99737e+02   1.45633e+00   1.52306e-03  -9.79903e-03
  20  wCBO_expT    3.00751e+01   1.90392e-01   2.18621e-04  -6.66728e-02
  21  wCBO_linCoeff   0.00000e+00   constant   
  22  wCBO_const  -8.00333e-05   8.65385e-04   5.46923e-06  -1.05524e+00
 EXTERNAL ERROR MATRIX.    NDIM=  25    NPAR=  7    ERR DEF=1
  5.144e+06 -3.854e-02 -5.816e-03 -3.615e+02 -5.508e+01  1.704e+01  5.034e-02 
 -3.854e-02  1.199e-06  7.177e-08  3.454e-04  5.264e-05 -1.497e-05 -1.498e-07 
 -5.816e-03  7.177e-08  9.646e-06  3.728e-04  5.678e-05 -2.122e-05 -2.671e-08 
 -3.615e+02  3.454e-04  3.728e-04  9.200e+01 -8.591e+00 -7.877e-01  8.772e-04 
 -5.508e+01  5.264e-05  5.678e-05 -8.591e+00  2.121e+00 -1.200e-01  1.334e-04 
  1.704e+01 -1.497e-05 -2.122e-05 -7.877e-01 -1.200e-01  3.625e-02 -5.799e-05 
  5.034e-02 -1.498e-07 -2.671e-08  8.772e-04  1.334e-04 -5.799e-05  7.489e-07 
 PARAMETER  CORRELATION COEFFICIENTS  
       NO.  GLOBAL      1      3      4     18     19     20     22
        1  0.07237   1.000 -0.016 -0.001 -0.017 -0.017  0.039  0.026
        3  0.24864  -0.016  1.000  0.021  0.033  0.033 -0.072 -0.158
        4  0.08453  -0.001  0.021  1.000  0.013  0.013 -0.036 -0.010
       18  0.99354  -0.017  0.033  0.013  1.000 -0.615 -0.431  0.106
       19  0.99355  -0.017  0.033  0.013 -0.615  1.000 -0.433  0.106
       20  0.99221   0.039 -0.072 -0.036 -0.431 -0.433  1.000 -0.352
       22  0.72643   0.026 -0.158 -0.010  0.106  0.106 -0.352  1.000
MINUIT - FIT ONLY 1-CBO + other amplitudes 
 **********
 **   16 **RES 
 **********
                   PARAMETER   14  ANy2 RESTORED TO VARIABLE.
                   PARAMETER    8  phi_CBO RESTORED TO VARIABLE.
                   PARAMETER    7  w_CBO RESTORED TO VARIABLE.
                   PARAMETER    6  A_CBO RESTORED TO VARIABLE.
 **********
 **   17 **FIX            0
 **********
 PARAMETER    0  IS UNDEFINED. IGNORED.
 **********
 **   18 **FIX            1
 **********
 **********
 **   19 **FIX            2
 **********
 PARAMETER    2  IS CONSTANT.   IGNORED.
 **********
 **   20 **FIX            3
 **********
 **********
 **   21 **FIX            4
 **********
 **********
 **   22 **FIX            9
 **********
 PARAMETER    9  IS CONSTANT.   IGNORED.
 **********
 **   23 **FIX           11
 **********
 PARAMETER   11  IS CONSTANT.   IGNORED.
 **********
 **   24 **FIX           12
 **********
 PARAMETER   12  IS CONSTANT.   IGNORED.
 **********
 **   25 **FIX           14
 **********
 **********
 **   26 **FIX           15
 **********
 PARAMETER   15  IS CONSTANT.   IGNORED.
 **********
 **   27 **FIX           16
 **********
 PARAMETER   16  IS CONSTANT.   IGNORED.
 **********
 **   28 **MIGRAD
 **********
 START MIGRAD MINIMIZATION.  STRATEGY  1.  CONVERGENCE WHEN EDM .LT. 1.00e-04
 FCN=351.973 FROM MIGRAD    STATUS=INITIATE       90 CALLS         296 TOTAL
                     EDM= unknown      STRATEGY= 1      NO ERROR MATRIX       
  EXT PARAMETER               CURRENT GUESS       STEP         FIRST   
  NO.   NAME      VALUE            ERROR          SIZE      DERIVATIVE 
   1  N0           2.86953e+06     fixed    
   2  tau          6.44000e+01   constant   
   3  A0           3.54124e-01     fixed    
   4  phi          4.11819e+00     fixed    
   5  R           -5.94062e+01   constant   
   6  A_CBO        2.23349e-03   1.00000e-05   0.00000e+00   2.28852e+03
   7  w_CBO        2.33034e+00   1.00000e-03   0.00000e+00  -8.82742e+00
   8  phi_CBO      3.10332e+00   1.00000e-04  -2.80793e+00   4.91422e-02
   9  ANx2         6.75162e-04   constant   
  10  pNx2         4.60725e+00   constant   
  11  ANy1         0.00000e+00   constant   
  12  pNy1         0.00000e+00   constant   
  13  w_y          0.00000e+00   constant   
  14  ANy2         8.91794e-03     fixed    
  15  pNy2         4.50125e+00   constant   
  16  w_vw         1.43005e+01   constant   
  17  LM          -1.01507e-04   constant   
  18  wCBO_expCoeff   1.98244e+02   9.59166e+00   0.00000e+00   1.50828e+00
  19  wCBO_expOffset   1.99737e+02   1.45633e+00   0.00000e+00   9.94204e+00
  20  wCBO_expT    3.00751e+01   1.90392e-01   0.00000e+00   6.93196e+01
  21  wCBO_linCoeff   0.00000e+00   constant   
  22  wCBO_const  -8.00333e-05   8.65385e-04   0.00000e+00  -3.19605e+02
 MIGRAD MINIMIZATION HAS CONVERGED.
 MIGRAD WILL VERIFY CONVERGENCE AND ERROR MATRIX.
 FCN=349.65 FROM MIGRAD    STATUS=CONVERGED     314 CALLS         520 TOTAL
                     EDM=3.3287e-07    STRATEGY= 1      ERR MATRIX NOT POS-DEF
  EXT PARAMETER                APPROXIMATE        STEP         FIRST   
  NO.   NAME      VALUE            ERROR          SIZE      DERIVATIVE 
   1  N0           2.86953e+06     fixed    
   2  tau          6.44000e+01   constant   
   3  A0           3.54124e-01     fixed    
   4  phi          4.11819e+00     fixed    
   5  R           -5.94062e+01   constant   
   6  A_CBO        9.28591e-04   1.14636e-03   1.03179e-05  -4.99117e-02
   7  w_CBO        2.33085e+00   7.16483e-03   8.89497e-06  -2.58597e-01
   8  phi_CBO      3.12246e+00   1.29947e+00   1.08611e-02   6.47718e-04
   9  ANx2         6.75162e-04   constant   
  10  pNx2         4.60725e+00   constant   
  11  ANy1         0.00000e+00   constant   
  12  pNy1         0.00000e+00   constant   
  13  w_y          0.00000e+00   constant   
  14  ANy2         8.91794e-03     fixed    
  15  pNy2         4.50125e+00   constant   
  16  w_vw         1.43005e+01   constant   
  17  LM          -1.01507e-04   constant   
  18  wCBO_expCoeff   1.99981e+02   1.17790e+01   9.17926e-03  -9.87315e-05
  19  wCBO_expOffset   1.99998e+02   1.76727e+00   1.37624e-03  -6.58654e-04
  20  wCBO_expT    2.99768e+01   2.18261e-01   1.89564e-04  -6.51808e-03
  21  wCBO_linCoeff   0.00000e+00   constant   
  22  wCBO_const   1.02754e-04   3.07629e-03   4.05409e-06  -5.83001e-01
 EXTERNAL ERROR MATRIX.    NDIM=  25    NPAR=  7    ERR DEF=1
  1.314e-06  8.667e-08 -5.927e-05 -4.478e-04 -6.758e-05  1.280e-05  4.935e-08 
  8.667e-08  5.133e-05  2.617e-04 -8.987e-04 -1.376e-04 -6.861e-05 -2.152e-05 
 -5.927e-05  2.617e-04  1.689e+00 -5.622e-01 -8.471e-02  2.288e-02  1.334e-04 
 -4.478e-04 -8.987e-04 -5.622e-01  1.387e+02 -1.286e+01 -1.109e+00  1.053e-03 
 -6.758e-05 -1.376e-04 -8.471e-02 -1.286e+01  3.123e+00 -1.670e-01  1.593e-04 
  1.280e-05 -6.861e-05  2.288e-02 -1.109e+00 -1.670e-01  4.764e-02 -1.260e-05 
  4.935e-08 -2.152e-05  1.334e-04  1.053e-03  1.593e-04 -1.260e-05  9.464e-06 
ERR MATRIX NOT POS-DEF
 PARAMETER  CORRELATION COEFFICIENTS  
       NO.  GLOBAL      6      7      8     18     19     20     22
        6  0.20042   1.000  0.011 -0.040 -0.033 -0.033  0.051  0.014
        7  0.99083   0.011  1.000  0.028 -0.011 -0.011 -0.044 -0.976
        8  0.41774  -0.040  0.028  1.000 -0.037 -0.037  0.081  0.033
       18  0.99641  -0.033 -0.011 -0.037  1.000 -0.618 -0.431  0.029
       19  0.99641  -0.033 -0.011 -0.037 -0.618  1.000 -0.433  0.029
       20  0.99554   0.051 -0.044  0.081 -0.431 -0.433  1.000 -0.019
       22  0.98966   0.014 -0.976  0.033  0.029  0.029 -0.019  1.000
 ERR MATRIX NOT POS-DEF
MINUIT - FIT ONLY 1-CBO
 **********
 **   29 **RES 
 **********
                   PARAMETER   14  ANy2 RESTORED TO VARIABLE.
                   PARAMETER    4  phi RESTORED TO VARIABLE.
                   PARAMETER    3  A0 RESTORED TO VARIABLE.
                   PARAMETER    1  N0 RESTORED TO VARIABLE.
 **********
 **   30 **FIX            0
 **********
 PARAMETER    0  IS UNDEFINED. IGNORED.
 **********
 **   31 **FIX            1
 **********
 **********
 **   32 **FIX            2
 **********
 PARAMETER    2  IS CONSTANT.   IGNORED.
 **********
 **   33 **FIX            3
 **********
 **********
 **   34 **FIX            4
 **********
 **********
 **   35 **FIX            8
 **********
 **********
 **   36 **FIX            9
 **********
 PARAMETER    9  IS CONSTANT.   IGNORED.
 **********
 **   37 **FIX           11
 **********
 PARAMETER   11  IS CONSTANT.   IGNORED.
 **********
 **   38 **FIX           12
 **********
 PARAMETER   12  IS CONSTANT.   IGNORED.
 **********
 **   39 **FIX           13
 **********
 PARAMETER   13  IS CONSTANT.   IGNORED.
 **********
 **   40 **FIX           15
 **********
 PARAMETER   15  IS CONSTANT.   IGNORED.
 **********
 **   41 **FIX           16
 **********
 PARAMETER   16  IS CONSTANT.   IGNORED.
 **********
 **   42 **MIGRAD
 **********
 START MIGRAD MINIMIZATION.  STRATEGY  1.  CONVERGENCE WHEN EDM .LT. 1.00e-04
 FCN=349.65 FROM MIGRAD    STATUS=INITIATE       16 CALLS         536 TOTAL
                     EDM= unknown      STRATEGY= 1      NO ERROR MATRIX       
  EXT PARAMETER               CURRENT GUESS       STEP         FIRST   
  NO.   NAME      VALUE            ERROR          SIZE      DERIVATIVE 
   1  N0           2.86953e+06     fixed    
   2  tau          6.44000e+01   constant   
   3  A0           3.54124e-01     fixed    
   4  phi          4.11819e+00     fixed    
   5  R           -5.94062e+01   constant   
   6  A_CBO        9.28591e-04   1.14636e-03   1.03179e-05  -4.99116e-02
   7  w_CBO        2.33085e+00   7.16483e-03   8.89497e-06  -2.58841e-01
   8  phi_CBO      3.12246e+00     fixed    
   9  ANx2         6.75162e-04   constant   
  10  pNx2         4.60725e+00   constant   
  11  ANy1         0.00000e+00   constant   
  12  pNy1         0.00000e+00   constant   
  13  w_y          0.00000e+00   constant   
  14  ANy2         8.91794e-03   1.00000e-04   1.00000e-04   1.45942e+04
  15  pNy2         4.50125e+00   constant   
  16  w_vw         1.43005e+01   constant   
  17  LM          -1.01507e-04   constant   
  18  wCBO_expCoeff   1.99981e+02   1.17790e+01   9.17926e-03  -9.62373e-05
  19  wCBO_expOffset   1.99998e+02   1.76727e+00   1.37624e-03  -6.41559e-04
  20  wCBO_expT    2.99768e+01   2.18261e-01   1.89564e-04  -6.42532e-03
  21  wCBO_linCoeff   0.00000e+00   constant   
  22  wCBO_const   1.02754e-04   3.07629e-03   4.05409e-06  -5.84985e-01
 MIGRAD MINIMIZATION HAS CONVERGED.
 MIGRAD WILL VERIFY CONVERGENCE AND ERROR MATRIX.
 FCN=283.508 FROM MIGRAD    STATUS=CONVERGED     113 CALLS         633 TOTAL
                     EDM=6.69632e-05    STRATEGY= 1      ERR MATRIX NOT POS-DEF
  EXT PARAMETER                APPROXIMATE        STEP         FIRST   
  NO.   NAME      VALUE            ERROR          SIZE      DERIVATIVE 
   1  N0           2.86953e+06     fixed    
   2  tau          6.44000e+01   constant   
   3  A0           3.54124e-01     fixed    
   4  phi          4.11819e+00     fixed    
   5  R           -5.94062e+01   constant   
   6  A_CBO        9.43904e-04   1.15195e-03   9.29829e-06   1.52161e-01
   7  w_CBO        2.33085e+00   7.07041e-03   8.04812e-06   9.26267e-02
   8  phi_CBO      3.12246e+00     fixed    
   9  ANx2         6.75162e-04   constant   
  10  pNx2         4.60725e+00   constant   
  11  ANy1         0.00000e+00   constant   
  12  pNy1         0.00000e+00   constant   
  13  w_y          0.00000e+00   constant   
  14  ANy2        -1.46242e-04   1.10895e-03   9.17919e-06   4.25442e-03
  15  pNy2         4.50125e+00   constant   
  16  w_vw         1.43005e+01   constant   
  17  LM          -1.01507e-04   constant   
  18  wCBO_expCoeff   1.99986e+02   1.22108e+01   8.43681e-03  -4.93285e-04
  19  wCBO_expOffset   1.99999e+02   1.83194e+00   1.26464e-03  -3.29078e-03
  20  wCBO_expT    2.99769e+01   2.23633e-01   1.73785e-04   2.86591e-02
  21  wCBO_linCoeff   0.00000e+00   constant   
  22  wCBO_const   1.02348e-04   3.03542e-03   3.66440e-06   3.14586e-01
 EXTERNAL ERROR MATRIX.    NDIM=  25    NPAR=  7    ERR DEF=1
  1.327e-06  9.850e-08 -2.144e-09 -6.145e-04 -9.268e-05  1.886e-05  5.704e-08 
  9.850e-08  4.999e-05 -5.449e-11 -7.580e-04 -1.162e-04 -7.225e-05 -2.098e-05 
 -2.144e-09 -5.449e-11  1.230e-06 -6.459e-06 -9.734e-07  2.332e-07  5.560e-11 
 -6.145e-04 -7.580e-04 -6.459e-06  1.491e+02 -1.396e+01 -1.169e+00  1.088e-03 
 -9.268e-05 -1.162e-04 -9.734e-07 -1.396e+01  3.356e+00 -1.760e-01  1.645e-04 
  1.886e-05 -7.225e-05  2.332e-07 -1.169e+00 -1.760e-01  5.001e-02 -1.515e-05 
  5.704e-08 -2.098e-05  5.560e-11  1.088e-03  1.645e-04 -1.515e-05  9.214e-06 
ERR MATRIX NOT POS-DEF
 PARAMETER  CORRELATION COEFFICIENTS  
       NO.  GLOBAL      6      7     14     18     19     20     22
        6  0.22199   1.000  0.012 -0.002 -0.044 -0.044  0.073  0.016
        7  0.99052   0.012  1.000 -0.000 -0.009 -0.009 -0.046 -0.977
       14  0.00268  -0.002 -0.000  1.000 -0.000 -0.000  0.001  0.000
       18  0.99651  -0.044 -0.009 -0.000  1.000 -0.624 -0.428  0.029
       19  0.99652  -0.044 -0.009 -0.000 -0.624  1.000 -0.430  0.030
       20  0.99559   0.073 -0.046  0.001 -0.428 -0.430  1.000 -0.022
       22  0.98933   0.016 -0.977  0.000  0.029  0.030 -0.022  1.000
 ERR MATRIX NOT POS-DEF
MINUIT - FIT ONLY 2-CBO
 **********
 **   43 **RES 
 **********
                   PARAMETER    8  phi_CBO RESTORED TO VARIABLE.
                   PARAMETER    4  phi RESTORED TO VARIABLE.
                   PARAMETER    3  A0 RESTORED TO VARIABLE.
                   PARAMETER    1  N0 RESTORED TO VARIABLE.
 **********
 **   44 **FIX            0
 **********
 PARAMETER    0  IS UNDEFINED. IGNORED.
 **********
 **   45 **FIX            1
 **********
 **********
 **   46 **FIX            2
 **********
 PARAMETER    2  IS CONSTANT.   IGNORED.
 **********
 **   47 **FIX            3
 **********
 **********
 **   48 **FIX            4
 **********
 **********
 **   49 **FIX            5
 **********
 PARAMETER    5  IS CONSTANT.   IGNORED.
 **********
 **   50 **FIX            6
 **********
 **********
 **   51 **FIX            7
 **********
 **********
 **   52 **FIX           10
 **********
 PARAMETER   10  IS CONSTANT.   IGNORED.
 **********
 **   53 **FIX           11
 **********
 PARAMETER   11  IS CONSTANT.   IGNORED.
 **********
 **   54 **FIX           12
 **********
 PARAMETER   12  IS CONSTANT.   IGNORED.
 **********
 **   55 **FIX           13
 **********
 PARAMETER   13  IS CONSTANT.   IGNORED.
 **********
 **   56 **FIX           14
 **********
 **********
 **   57 **FIX           15
 **********
 PARAMETER   15  IS CONSTANT.   IGNORED.
 **********
 **   58 **FIX           16
 **********
 PARAMETER   16  IS CONSTANT.   IGNORED.
 **********
 **   59 **MIGRAD
 **********
 START MIGRAD MINIMIZATION.  STRATEGY  1.  CONVERGENCE WHEN EDM .LT. 1.00e-04
 FCN=283.508 FROM MIGRAD    STATUS=INITIATE       10 CALLS         643 TOTAL
                     EDM= unknown      STRATEGY= 1      NO ERROR MATRIX       
  EXT PARAMETER               CURRENT GUESS       STEP         FIRST   
  NO.   NAME      VALUE            ERROR          SIZE      DERIVATIVE 
   1  N0           2.86953e+06     fixed    
   2  tau          6.44000e+01   constant   
   3  A0           3.54124e-01     fixed    
   4  phi          4.11819e+00     fixed    
   5  R           -5.94062e+01   constant   
   6  A_CBO        9.43904e-04     fixed    
   7  w_CBO        2.33085e+00     fixed    
   8  phi_CBO      3.12246e+00   1.29947e+00   1.29947e+00  -2.94303e-02
   9  ANx2         6.75162e-04   constant   
  10  pNx2         4.60725e+00   constant   
  11  ANy1         0.00000e+00   constant   
  12  pNy1         0.00000e+00   constant   
  13  w_y          0.00000e+00   constant   
  14  ANy2        -1.46242e-04     fixed    
  15  pNy2         4.50125e+00   constant   
  16  w_vw         1.43005e+01   constant   
  17  LM          -1.01507e-04   constant   
  18  wCBO_expCoeff   1.99986e+02   1.22108e+01   8.43681e-03  -4.78575e-04
  19  wCBO_expOffset   1.99999e+02   1.83194e+00   1.26464e-03  -3.19047e-03
  20  wCBO_expT    2.99769e+01   2.23633e-01   1.73785e-04   2.92048e-02
  21  wCBO_linCoeff   0.00000e+00   constant   
  22  wCBO_const   1.02348e-04   3.03542e-03   3.66440e-06   3.13260e-01
 MIGRAD MINIMIZATION HAS CONVERGED.
 MIGRAD WILL VERIFY CONVERGENCE AND ERROR MATRIX.
 FCN=283.507 FROM MIGRAD    STATUS=CONVERGED      76 CALLS         709 TOTAL
                     EDM=4.07064e-05    STRATEGY= 1      ERR MATRIX NOT POS-DEF
  EXT PARAMETER                APPROXIMATE        STEP         FIRST   
  NO.   NAME      VALUE            ERROR          SIZE      DERIVATIVE 
   1  N0           2.86953e+06     fixed    
   2  tau          6.44000e+01   constant   
   3  A0           3.54124e-01     fixed    
   4  phi          4.11819e+00     fixed    
   5  R           -5.94062e+01   constant   
   6  A_CBO        9.43904e-04     fixed    
   7  w_CBO        2.33085e+00     fixed    
   8  phi_CBO      3.14685e+00   1.28304e+00   9.62854e-03   1.47315e-04
   9  ANx2         6.75162e-04   constant   
  10  pNx2         4.60725e+00   constant   
  11  ANy1         0.00000e+00   constant   
  12  pNy1         0.00000e+00   constant   
  13  w_y          0.00000e+00   constant   
  14  ANy2        -1.46242e-04     fixed    
  15  pNy2         4.50125e+00   constant   
  16  w_vw         1.43005e+01   constant   
  17  LM          -1.01507e-04   constant   
  18  wCBO_expCoeff   1.99986e+02   1.30973e+01   8.40653e-03  -3.15972e-04
  19  wCBO_expOffset   1.99999e+02   1.96506e+00   1.26008e-03  -2.10787e-03
  20  wCBO_expT    2.99769e+01   2.35607e-01   1.73253e-04   2.32320e-02
  21  wCBO_linCoeff   0.00000e+00   constant   
  22  wCBO_const   1.06235e-04   6.68562e-04   3.66283e-06  -1.64217e-01
 EXTERNAL ERROR MATRIX.    NDIM=  25    NPAR=  5    ERR DEF=1
  1.646e+00 -5.976e-01 -9.005e-02  2.520e-02  2.414e-04 
 -5.976e-01  1.715e+02 -1.645e+01 -1.298e+00  8.475e-04 
 -9.005e-02 -1.645e+01  3.861e+00 -1.956e-01  1.274e-04 
  2.520e-02 -1.298e+00 -1.956e-01  5.551e-02 -4.830e-05 
  2.414e-04  8.475e-04  1.274e-04 -4.830e-05  4.470e-07 
ERR MATRIX NOT POS-DEF
 PARAMETER  CORRELATION COEFFICIENTS  
       NO.  GLOBAL      8     18     19     20     22
        8  0.42207   1.000 -0.036 -0.036  0.083  0.281
       18  0.99698  -0.036  1.000 -0.639 -0.421  0.097
       19  0.99699  -0.036 -0.639  1.000 -0.422  0.097
       20  0.99604   0.083 -0.421 -0.422  1.000 -0.307
       22  0.74920   0.281  0.097  0.097 -0.307  1.000
 ERR MATRIX NOT POS-DEF
MINUIT - FIT ONLY 1-y
 **********
 **   60 **RES 
 **********
                   PARAMETER   14  ANy2 RESTORED TO VARIABLE.
                   PARAMETER    7  w_CBO RESTORED TO VARIABLE.
                   PARAMETER    6  A_CBO RESTORED TO VARIABLE.
                   PARAMETER    4  phi RESTORED TO VARIABLE.
                   PARAMETER    3  A0 RESTORED TO VARIABLE.
                   PARAMETER    1  N0 RESTORED TO VARIABLE.
 **********
 **   61 **FIX            0
 **********
 PARAMETER    0  IS UNDEFINED. IGNORED.
 **********
 **   62 **FIX            1
 **********
 **********
 **   63 **FIX            2
 **********
 PARAMETER    2  IS CONSTANT.   IGNORED.
 **********
 **   64 **FIX            3
 **********
 **********
 **   65 **FIX            4
 **********
 **********
 **   66 **FIX            5
 **********
 PARAMETER    5  IS CONSTANT.   IGNORED.
 **********
 **   67 **FIX            6
 **********
 **********
 **   68 **FIX            7
 **********
 **********
 **   69 **FIX            8
 **********
 **********
 **   70 **FIX            9
 **********
 PARAMETER    9  IS CONSTANT.   IGNORED.
 **********
 **   71 **FIX           13
 **********
 PARAMETER   13  IS CONSTANT.   IGNORED.
 **********
 **   72 **FIX           14
 **********
 **********
 **   73 **FIX           15
 **********
 PARAMETER   15  IS CONSTANT.   IGNORED.
 **********
 **   74 **FIX           16
 **********
 PARAMETER   16  IS CONSTANT.   IGNORED.
 **********
 **   75 **MIGRAD
 **********
 START MIGRAD MINIMIZATION.  STRATEGY  1.  CONVERGENCE WHEN EDM .LT. 1.00e-04
 FCN=283.507 FROM MIGRAD    STATUS=INITIATE        8 CALLS         717 TOTAL
                     EDM= unknown      STRATEGY= 1      NO ERROR MATRIX       
  EXT PARAMETER               CURRENT GUESS       STEP         FIRST   
  NO.   NAME      VALUE            ERROR          SIZE      DERIVATIVE 
   1  N0           2.86953e+06     fixed    
   2  tau          6.44000e+01   constant   
   3  A0           3.54124e-01     fixed    
   4  phi          4.11819e+00     fixed    
   5  R           -5.94062e+01   constant   
   6  A_CBO        9.43904e-04     fixed    
   7  w_CBO        2.33085e+00     fixed    
   8  phi_CBO      3.14685e+00     fixed    
   9  ANx2         6.75162e-04   constant   
  10  pNx2         4.60725e+00   constant   
  11  ANy1         0.00000e+00   constant   
  12  pNy1         0.00000e+00   constant   
  13  w_y          0.00000e+00   constant   
  14  ANy2        -1.46242e-04     fixed    
  15  pNy2         4.50125e+00   constant   
  16  w_vw         1.43005e+01   constant   
  17  LM          -1.01507e-04   constant   
  18  wCBO_expCoeff   1.99986e+02   1.30973e+01   8.40653e-03  -3.01509e-04
  19  wCBO_expOffset   1.99999e+02   1.96506e+00   1.26008e-03  -2.00921e-03
  20  wCBO_expT    2.99769e+01   2.35607e-01   1.73253e-04   2.37677e-02
  21  wCBO_linCoeff   0.00000e+00   constant   
  22  wCBO_const   1.06235e-04   6.68562e-04   3.66283e-06  -1.65807e-01
 MIGRAD MINIMIZATION HAS CONVERGED.
 MIGRAD WILL VERIFY CONVERGENCE AND ERROR MATRIX.
 FCN=283.507 FROM MIGRAD    STATUS=CONVERGED      66 CALLS         775 TOTAL
                     EDM=1.50609e-05    STRATEGY= 1      ERR MATRIX NOT POS-DEF
  EXT PARAMETER                APPROXIMATE        STEP         FIRST   
  NO.   NAME      VALUE            ERROR          SIZE      DERIVATIVE 
   1  N0           2.86953e+06     fixed    
   2  tau          6.44000e+01   constant   
   3  A0           3.54124e-01     fixed    
   4  phi          4.11819e+00     fixed    
   5  R           -5.94062e+01   constant   
   6  A_CBO        9.43904e-04     fixed    
   7  w_CBO        2.33085e+00     fixed    
   8  phi_CBO      3.14685e+00     fixed    
   9  ANx2         6.75162e-04   constant   
  10  pNx2         4.60725e+00   constant   
  11  ANy1         0.00000e+00   constant   
  12  pNy1         0.00000e+00   constant   
  13  w_y          0.00000e+00   constant   
  14  ANy2        -1.46242e-04     fixed    
  15  pNy2         4.50125e+00   constant   
  16  w_vw         1.43005e+01   constant   
  17  LM          -1.01507e-04   constant   
  18  wCBO_expCoeff   2.00151e+02   1.32463e+01   8.37881e-03  -2.21436e-03
  19  wCBO_expOffset   2.00024e+02   1.98630e+00   1.25540e-03  -1.47883e-02
  20  wCBO_expT    2.99698e+01   2.36921e-01   1.72695e-04  -9.79592e-02
  21  wCBO_linCoeff   0.00000e+00   constant   
  22  wCBO_const   1.14116e-04   6.43452e-04   3.66405e-06   4.87189e+00
 EXTERNAL ERROR MATRIX.    NDIM=  25    NPAR=  4    ERR DEF=1
  1.755e+02 -1.693e+01 -1.311e+00  9.671e-04 
 -1.693e+01  3.945e+00 -1.979e-01  1.457e-04 
 -1.311e+00 -1.979e-01  5.613e-02 -5.337e-05 
  9.671e-04  1.457e-04 -5.337e-05  4.140e-07 
ERR MATRIX NOT POS-DEF
 PARAMETER  CORRELATION COEFFICIENTS  
       NO.  GLOBAL     18     19     20     22
       18  0.99709   1.000 -0.643 -0.418  0.113
       19  0.99710  -0.643  1.000 -0.420  0.114
       20  0.99613  -0.418 -0.420  1.000 -0.350
       22  0.72523   0.113  0.114 -0.350  1.000
 ERR MATRIX NOT POS-DEF
MINUIT - FIT ONLY 2-y
 **********
 **   76 **RES 
 **********
                   PARAMETER   14  ANy2 RESTORED TO VARIABLE.
                   PARAMETER    8  phi_CBO RESTORED TO VARIABLE.
                   PARAMETER    7  w_CBO RESTORED TO VARIABLE.
                   PARAMETER    6  A_CBO RESTORED TO VARIABLE.
                   PARAMETER    4  phi RESTORED TO VARIABLE.
                   PARAMETER    3  A0 RESTORED TO VARIABLE.
                   PARAMETER    1  N0 RESTORED TO VARIABLE.
 **********
 **   77 **FIX            0
 **********
 PARAMETER    0  IS UNDEFINED. IGNORED.
 **********
 **   78 **FIX            1
 **********
 **********
 **   79 **FIX            2
 **********
 PARAMETER    2  IS CONSTANT.   IGNORED.
 **********
 **   80 **FIX            3
 **********
 **********
 **   81 **FIX            4
 **********
 **********
 **   82 **FIX            5
 **********
 PARAMETER    5  IS CONSTANT.   IGNORED.
 **********
 **   83 **FIX            6
 **********
 **********
 **   84 **FIX            7
 **********
 **********
 **   85 **FIX            8
 **********
 **********
 **   86 **FIX            9
 **********
 PARAMETER    9  IS CONSTANT.   IGNORED.
 **********
 **   87 **FIX           10
 **********
 PARAMETER   10  IS CONSTANT.   IGNORED.
 **********
 **   88 **FIX           11
 **********
 PARAMETER   11  IS CONSTANT.   IGNORED.
 **********
 **   89 **FIX           12
 **********
 PARAMETER   12  IS CONSTANT.   IGNORED.
 **********
 **   90 **FIX           16
 **********
 PARAMETER   16  IS CONSTANT.   IGNORED.
 **********
 **   91 **MIGRAD
 **********
 START MIGRAD MINIMIZATION.  STRATEGY  1.  CONVERGENCE WHEN EDM .LT. 1.00e-04
 FCN=283.507 FROM MIGRAD    STATUS=INITIATE       10 CALLS         785 TOTAL
                     EDM= unknown      STRATEGY= 1      NO ERROR MATRIX       
  EXT PARAMETER               CURRENT GUESS       STEP         FIRST   
  NO.   NAME      VALUE            ERROR          SIZE      DERIVATIVE 
   1  N0           2.86953e+06     fixed    
   2  tau          6.44000e+01   constant   
   3  A0           3.54124e-01     fixed    
   4  phi          4.11819e+00     fixed    
   5  R           -5.94062e+01   constant   
   6  A_CBO        9.43904e-04     fixed    
   7  w_CBO        2.33085e+00     fixed    
   8  phi_CBO      3.14685e+00     fixed    
   9  ANx2         6.75162e-04   constant   
  10  pNx2         4.60725e+00   constant   
  11  ANy1         0.00000e+00   constant   
  12  pNy1         0.00000e+00   constant   
  13  w_y          0.00000e+00   constant   
  14  ANy2        -1.46242e-04   1.10895e-03   1.10895e-03   1.61410e-01
  15  pNy2         4.50125e+00   constant   
  16  w_vw         1.43005e+01   constant   
  17  LM          -1.01507e-04   constant   
  18  wCBO_expCoeff   2.00151e+02   1.32463e+01   8.37881e-03  -2.20037e-03
  19  wCBO_expOffset   2.00024e+02   1.98630e+00   1.25540e-03  -1.46928e-02
  20  wCBO_expT    2.99698e+01   2.36921e-01   1.72695e-04  -9.74402e-02
  21  wCBO_linCoeff   0.00000e+00   constant   
  22  wCBO_const   1.14116e-04   6.43452e-04   3.66405e-06   4.87005e+00
 MIGRAD MINIMIZATION HAS CONVERGED.
 MIGRAD WILL VERIFY CONVERGENCE AND ERROR MATRIX.
 FCN=283.507 FROM MIGRAD    STATUS=CONVERGED      71 CALLS         846 TOTAL
                     EDM=1.20606e-07    STRATEGY= 1      ERR MATRIX NOT POS-DEF
  EXT PARAMETER                APPROXIMATE        STEP         FIRST   
  NO.   NAME      VALUE            ERROR          SIZE      DERIVATIVE 
   1  N0           2.86953e+06     fixed    
   2  tau          6.44000e+01   constant   
   3  A0           3.54124e-01     fixed    
   4  phi          4.11819e+00     fixed    
   5  R           -5.94062e+01   constant   
   6  A_CBO        9.43904e-04     fixed    
   7  w_CBO        2.33085e+00     fixed    
   8  phi_CBO      3.14685e+00     fixed    
   9  ANx2         6.75162e-04   constant   
  10  pNx2         4.60725e+00   constant   
  11  ANy1         0.00000e+00   constant   
  12  pNy1         0.00000e+00   constant   
  13  w_y          0.00000e+00   constant   
  14  ANy2        -1.46437e-04   1.10957e-03   9.17920e-06  -1.45819e-01
  15  pNy2         4.50125e+00   constant   
  16  w_vw         1.43005e+01   constant   
  17  LM          -1.01507e-04   constant   
  18  wCBO_expCoeff   2.00152e+02   1.32412e+01   8.35287e-03  -5.83203e-05
  19  wCBO_expOffset   2.00024e+02   1.98449e+00   1.25072e-03  -3.89488e-04
  20  wCBO_expT    2.99698e+01   2.36863e-01   1.72116e-04  -8.67900e-04
  21  wCBO_linCoeff   0.00000e+00   constant   
  22  wCBO_const   1.12558e-04   6.43257e-04   3.66474e-06  -7.99883e-02
 EXTERNAL ERROR MATRIX.    NDIM=  25    NPAR=  5    ERR DEF=1
  1.231e-06 -8.719e-06 -1.313e-06  3.146e-07  1.622e-10 
 -8.719e-06  1.753e+02 -1.690e+01 -1.312e+00  9.690e-04 
 -1.313e-06 -1.690e+01  3.938e+00 -1.975e-01  1.456e-04 
  3.146e-07 -1.312e+00 -1.975e-01  5.610e-02 -5.337e-05 
  1.622e-10  9.690e-04  1.456e-04 -5.337e-05  4.138e-07 
ERR MATRIX NOT POS-DEF
 PARAMETER  CORRELATION COEFFICIENTS  
       NO.  GLOBAL     14     18     19     20     22
       14  0.00227   1.000 -0.001 -0.001  0.001  0.000
       18  0.99709  -0.001  1.000 -0.643 -0.418  0.114
       19  0.99709  -0.001 -0.643  1.000 -0.420  0.114
       20  0.99614   0.001 -0.418 -0.420  1.000 -0.350
       22  0.72514   0.000  0.114  0.114 -0.350  1.000
 ERR MATRIX NOT POS-DEF
MINUIT - FIT ALTOGETHER
 **********
 **   92 **RES 
 **********
                   PARAMETER    8  phi_CBO RESTORED TO VARIABLE.
                   PARAMETER    7  w_CBO RESTORED TO VARIABLE.
                   PARAMETER    6  A_CBO RESTORED TO VARIABLE.
                   PARAMETER    4  phi RESTORED TO VARIABLE.
                   PARAMETER    3  A0 RESTORED TO VARIABLE.
                   PARAMETER    1  N0 RESTORED TO VARIABLE.
 **********
 **   93 **MIGRAD
 **********
 START MIGRAD MINIMIZATION.  STRATEGY  1.  CONVERGENCE WHEN EDM .LT. 1.00e-04
 FCN=283.507 FROM MIGRAD    STATUS=INITIATE       22 CALLS         868 TOTAL
                     EDM= unknown      STRATEGY= 1      NO ERROR MATRIX       
  EXT PARAMETER               CURRENT GUESS       STEP         FIRST   
  NO.   NAME      VALUE            ERROR          SIZE      DERIVATIVE 
   1  N0           2.86953e+06   2.26804e+03   2.26804e+03  -1.14763e-04
   2  tau          6.44000e+01   constant   
   3  A0           3.54124e-01   1.09481e-03   1.09481e-03  -6.69175e+01
   4  phi          4.11819e+00   3.10580e-03   3.10580e-03  -2.16698e+01
   5  R           -5.94062e+01   constant   
   6  A_CBO        9.43904e-04   1.15195e-03   1.15195e-03   5.68747e+00
   7  w_CBO        2.33085e+00   7.07041e-03   7.07041e-03  -3.95308e-02
   8  phi_CBO      3.14685e+00   1.28304e+00   1.28304e+00   3.98007e-03
   9  ANx2         6.75162e-04   constant   
  10  pNx2         4.60725e+00   constant   
  11  ANy1         0.00000e+00   constant   
  12  pNy1         0.00000e+00   constant   
  13  w_y          0.00000e+00   constant   
  14  ANy2        -1.46437e-04   1.10957e-03   9.17920e-06  -1.45818e-01
  15  pNy2         4.50125e+00   constant   
  16  w_vw         1.43005e+01   constant   
  17  LM          -1.01507e-04   constant   
  18  wCBO_expCoeff   2.00152e+02   1.32412e+01   8.35287e-03  -5.60278e-05
