 + ++++++++++++++++++++++++++++++++++++++++++++++++++++++++++++++++++++ +
 +                                                                      +
 +           You have chose to blind your fitting according to          +
 +                omega_ref * (1 + (R +/- deltaR) *10^{-6})             +
 +                                                                      +
 + ++++++++++++++++++++++++++++++++++++++++++++++++++++++++++++++++++++ +
In main()...
reading format from /gm2data/zkhechad/run45/envelope/formats/formatB_sBin_constraintOn.txt
pBinTau 	= 0  
pBinPhi 	= 0  
constraintau 	= 1 
includeMopTerm 	= 0    
constrainMop    = 0   
Parameters after format file: pBinTau 0 pBinPhi 0 constraintau 1 includeMopTerm 0 constrainMop 0 c_e_scale 0.000000 
reading cbo reference file (full fit) from /gm2data/zkhechad/cboTemplates/Run4CBOTemplates/fullFits/run4/sBin_constraintOn_cE0.0_seed0_run4_calo15.root
A_CBO 0.008274 w_CBO 2.326361 phi_CBO 0.928510 N0 2995032.431773 R -60.169268 tau 64.399261 
Reading cboRef file /gm2data/zkhechad/cboTemplates/Run4CBOTemplates//cboIsolate/run4_calo15.root
deltaT 70.243706
windowBins = 470
fitting sliding window 960 from bin 1163 at 173.519600 to bin 1633 at 243.643600 (470 bins)

Reading data from /gm2data/cornell/histograms/aMethod/histogram_a_run4.root
fitting cbo isolate
 **********
 **    1 **SET PRINTOUT            1
 **********
 **********
 **    2 **SET NOWARNINGS 
 **********
 PARAMETER DEFINITIONS:
    NO.   NAME         VALUE      STEP SIZE      LIMITS
     1 A_CBO        8.27396e-03  1.00000e-05     no limits
     2 w_CBO        2.32636e+00  1.00000e-02    2.00000e+00  3.00000e+00
     3 phi_CBO      9.28510e-01  1.00000e-02    0.00000e+00  6.28319e+00
 **********
 **    3 **MIGRAD
 **********
 FIRST CALL TO USER FUNCTION AT NEW START POINT, WITH IFLAG=4.
 START MIGRAD MINIMIZATION.  STRATEGY  1.  CONVERGENCE WHEN EDM .LT. 1.00e-04
 FCN=0.00831955 FROM MIGRAD    STATUS=INITIATE       12 CALLS          13 TOTAL
                     EDM= unknown      STRATEGY= 1      NO ERROR MATRIX       
  EXT PARAMETER               CURRENT GUESS       STEP         FIRST   
  NO.   NAME      VALUE            ERROR          SIZE      DERIVATIVE 
   1  A_CBO        8.27396e-03   1.00000e-05   1.00000e-05   2.47907e+00
   2  w_CBO        2.32636e+00   1.00000e-02   2.13296e-02  -7.21134e-02
   3  phi_CBO      9.28510e-01   1.00000e-02   4.48483e-03   1.59840e-03
 MIGRAD MINIMIZATION HAS CONVERGED.
 MIGRAD WILL VERIFY CONVERGENCE AND ERROR MATRIX.
 COVARIANCE MATRIX CALCULATED SUCCESSFULLY
 FCN=0.0017625 FROM MIGRAD    STATUS=CONVERGED      49 CALLS          50 TOTAL
                     EDM=1.60285e-05    STRATEGY= 1      ERROR MATRIX ACCURATE 
  EXT PARAMETER                                   STEP         FIRST   
  NO.   NAME      VALUE            ERROR          SIZE      DERIVATIVE 
   1  A_CBO        2.98665e-03   6.58906e-02   3.19007e-05  -4.90571e-03
   2  w_CBO        2.32653e+00   7.95310e-01   1.09257e-04  -8.42009e-04
   3  phi_CBO      8.98505e-01   5.83192e+00   4.98229e-03  -1.50682e-05
 EXTERNAL ERROR MATRIX.    NDIM=  25    NPAR=  3    ERR DEF=1
  4.342e-03 -1.584e-02 -3.293e+00 
 -1.584e-02  3.132e+00  6.503e+02 
 -3.293e+00  6.503e+02  1.355e+05 
 PARAMETER  CORRELATION COEFFICIENTS  
       NO.  GLOBAL      1      2      3
        1  0.13589   1.000 -0.136 -0.136
        2  0.99824  -0.136  1.000  0.998
        3  0.99824  -0.136  0.998  1.000
setting A_CBO=0.002987 w_CBO=2.326526, phi_CBO=0.898505
done fitting cbo isolate
 **********
 **    1 **SET PRINTOUT            1
 **********
 **********
 **    2 **SET NOWARNINGS 
 **********
 PARAMETER DEFINITIONS:
    NO.   NAME         VALUE      STEP SIZE      LIMITS
     1 N0           2.99503e+06  1.00000e+02     no limits
     2 tau          6.43993e+01  constant
     3 A0           3.54065e-01  1.00000e-04     no limits
     4 phi          4.11942e+00  1.00000e-02     no limits
     5 R           -6.01693e+01  constant
     6 A_CBO        2.98665e-03  1.00000e-05     no limits
     7 w_CBO        2.32653e+00  1.00000e-03     no limits
     8 phi_CBO      8.98505e-01  1.00000e-04     no limits
     9 ANx2         6.17909e-04  constant
    10 pNx2         3.86483e+00  constant
    11 ANy1         0.00000e+00  constant
    12 pNy1         0.00000e+00  constant
    13 w_y          0.00000e+00  constant
    14 ANy2         7.96733e-03  1.00000e-04     no limits
    15 pNy2         1.76471e+00  constant
    16 w_vw         1.43097e+01  constant
    17 LM          -1.37296e-04  constant
    18 wCBO_expCoeff   2.00000e+02  1.00000e+00     no limits
    19 wCBO_expOffset   2.00000e+02  1.00000e+00     no limits
    20 wCBO_expT    3.00000e+01  1.00000e+00     no limits
    21 wCBO_linCoeff   0.00000e+00  constant
    22 wCBO_const   0.00000e+00  1.00000e-02     no limits
MINUIT - FIT ONLY WIGGLE
 **********
 **    3 **FIX            5
 **********
 PARAMETER    5  IS CONSTANT.   IGNORED.
 **********
 **    4 **FIX            6
 **********
 **********
 **    5 **FIX            7
 **********
 **********
 **    6 **FIX            8
 **********
 **********
 **    7 **FIX            9
 **********
 PARAMETER    9  IS CONSTANT.   IGNORED.
 **********
 **    8 **FIX           10
 **********
 PARAMETER   10  IS CONSTANT.   IGNORED.
 **********
 **    9 **FIX           11
 **********
 PARAMETER   11  IS CONSTANT.   IGNORED.
 **********
 **   10 **FIX           12
 **********
 PARAMETER   12  IS CONSTANT.   IGNORED.
 **********
 **   11 **FIX           13
 **********
 PARAMETER   13  IS CONSTANT.   IGNORED.
 **********
 **   12 **FIX           14
 **********
 **********
 **   13 **FIX           15
 **********
 PARAMETER   15  IS CONSTANT.   IGNORED.
 **********
 **   14 **FIX           16
 **********
 PARAMETER   16  IS CONSTANT.   IGNORED.
 **********
 **   15 **MIGRAD
 **********
 FIRST CALL TO USER FUNCTION AT NEW START POINT, WITH IFLAG=4.
 START MIGRAD MINIMIZATION.  STRATEGY  1.  CONVERGENCE WHEN EDM .LT. 1.00e-04
 FCN=1742.93 FROM MIGRAD    STATUS=INITIATE       59 CALLS          60 TOTAL
                     EDM= unknown      STRATEGY= 1      NO ERROR MATRIX       
  EXT PARAMETER               CURRENT GUESS       STEP         FIRST   
  NO.   NAME      VALUE            ERROR          SIZE      DERIVATIVE 
   1  N0           2.99503e+06   1.00000e+02   0.00000e+00   4.25002e-03
   2  tau          6.43993e+01   constant   
   3  A0           3.54065e-01   1.00000e-04   0.00000e+00   2.82953e+03
   4  phi          4.11942e+00   1.00000e-02   0.00000e+00  -5.38093e+02
   5  R           -6.01693e+01   constant   
   6  A_CBO        2.98665e-03     fixed    
   7  w_CBO        2.32653e+00     fixed    
   8  phi_CBO      8.98505e-01     fixed    
   9  ANx2         6.17909e-04   constant   
  10  pNx2         3.86483e+00   constant   
  11  ANy1         0.00000e+00   constant   
  12  pNy1         0.00000e+00   constant   
  13  w_y          0.00000e+00   constant   
  14  ANy2         7.96733e-03     fixed    
  15  pNy2         1.76471e+00   constant   
  16  w_vw         1.43097e+01   constant   
  17  LM          -1.37296e-04   constant   
  18  wCBO_expCoeff   2.00004e+02   1.00000e+00   3.83058e-03  -1.01159e+04
  19  wCBO_expOffset   2.00000e+02   1.00000e+00   0.00000e+00  -4.29363e+04
  20  wCBO_expT    3.00000e+01   1.00000e+00   0.00000e+00   1.68535e+05
  21  wCBO_linCoeff   0.00000e+00   constant   
  22  wCBO_const   0.00000e+00   1.00000e-02   0.00000e+00   6.76159e+03
 CALL LIMIT EXCEEDED IN MIGRAD.
 MIGRAD TERMINATED WITHOUT CONVERGENCE.
 FCN=1712.11 FROM MIGRAD    STATUS=CALL LIMIT   1150 CALLS        1151 TOTAL
                     EDM=3.00587    STRATEGY= 1  ERROR MATRIX UNCERTAINTY   0.3 per cent
  EXT PARAMETER                APPROXIMATE        STEP         FIRST   
  NO.   NAME      VALUE            ERROR          SIZE      DERIVATIVE 
   1  N0           2.99570e+06   4.31680e+02   3.06086e+00   6.55978e-03
   2  tau          6.43993e+01   constant   
   3  A0           3.54171e-01   2.04686e-04   8.68214e-07   7.46659e+03
   4  phi          4.12005e+00   6.02299e-04   4.33880e-07   8.55315e+00
   5  R           -6.01693e+01   constant   
   6  A_CBO        2.98665e-03     fixed    
   7  w_CBO        2.32653e+00     fixed    
   8  phi_CBO      8.98505e-01     fixed    
   9  ANx2         6.17909e-04   constant   
  10  pNx2         3.86483e+00   constant   
  11  ANy1         0.00000e+00   constant   
  12  pNy1         0.00000e+00   constant   
  13  w_y          0.00000e+00   constant   
  14  ANy2         7.96733e-03     fixed    
  15  pNy2         1.76471e+00   constant   
  16  w_vw         1.43097e+01   constant   
  17  LM          -1.37296e-04   constant   
  18  wCBO_expCoeff   2.00003e+02   8.58921e-04  -9.21139e-06  -1.69883e+04
  19  wCBO_expOffset   2.00000e+02   2.05952e-04  -2.23469e-06  -9.67033e+04
  20  wCBO_expT    2.99995e+01   2.37844e-04  -2.54055e-06   7.45682e+04
  21  wCBO_linCoeff   0.00000e+00   constant   
  22  wCBO_const   9.30123e-04   2.13173e-03   2.30138e-05  -1.07555e+04
 EXTERNAL ERROR MATRIX.    NDIM=  25    NPAR=  7    ERR DEF=1
  1.863e+05 -3.572e-03  1.319e-02 -2.286e-01 -5.628e-02 -6.630e-02  6.088e-01 
 -3.572e-03  4.190e-08  2.576e-09 -6.279e-08 -1.539e-08 -1.722e-08  1.707e-07 
  1.319e-02  2.576e-09  3.628e-07 -3.483e-08 -8.333e-09 -1.198e-08  6.995e-08 
 -2.286e-01 -6.279e-08 -3.483e-08  7.377e-07  1.714e-07  1.987e-07 -1.786e-06 
 -5.628e-02 -1.539e-08 -8.333e-09  1.714e-07  4.242e-08  4.790e-08 -4.315e-07 
 -6.630e-02 -1.722e-08 -1.198e-08  1.987e-07  4.790e-08  5.657e-08 -4.804e-07 
  6.088e-01  1.707e-07  6.995e-08 -1.786e-06 -4.315e-07 -4.804e-07  4.544e-06 
ERR MATRIX APPROXIMATE
 PARAMETER  CORRELATION COEFFICIENTS  
       NO.  GLOBAL      1      3      4     18     19     20     22
        1  0.99646   1.000 -0.040  0.051 -0.617 -0.633 -0.646  0.662
        3  0.98873  -0.040  1.000  0.021 -0.357 -0.365 -0.354  0.391
        4  0.11663   0.051  0.021  1.000 -0.067 -0.067 -0.084  0.054
       18  0.99987  -0.617 -0.357 -0.067  1.000  0.969  0.973 -0.975
       19  0.99994  -0.633 -0.365 -0.067  0.969  1.000  0.978 -0.983
       20  0.99990  -0.646 -0.354 -0.084  0.973  0.978  1.000 -0.948
       22  0.99994   0.662  0.391  0.054 -0.975 -0.983 -0.948  1.000
 ERR MATRIX APPROXIMATE
MINUIT - FIT ONLY 1-CBO + other amplitudes 
 **********
 **   16 **RES 
 **********
                   PARAMETER   14  ANy2 RESTORED TO VARIABLE.
                   PARAMETER    8  phi_CBO RESTORED TO VARIABLE.
                   PARAMETER    7  w_CBO RESTORED TO VARIABLE.
                   PARAMETER    6  A_CBO RESTORED TO VARIABLE.
 **********
 **   17 **FIX            0
 **********
 PARAMETER    0  IS UNDEFINED. IGNORED.
 **********
 **   18 **FIX            1
 **********
 **********
 **   19 **FIX            2
 **********
 PARAMETER    2  IS CONSTANT.   IGNORED.
 **********
 **   20 **FIX            3
 **********
 **********
 **   21 **FIX            4
 **********
 **********
 **   22 **FIX            9
 **********
 PARAMETER    9  IS CONSTANT.   IGNORED.
 **********
 **   23 **FIX           11
 **********
 PARAMETER   11  IS CONSTANT.   IGNORED.
 **********
 **   24 **FIX           12
 **********
 PARAMETER   12  IS CONSTANT.   IGNORED.
 **********
 **   25 **FIX           14
 **********
 **********
 **   26 **FIX           15
 **********
 PARAMETER   15  IS CONSTANT.   IGNORED.
 **********
 **   27 **FIX           16
 **********
 PARAMETER   16  IS CONSTANT.   IGNORED.
 **********
 **   28 **MIGRAD
 **********
 START MIGRAD MINIMIZATION.  STRATEGY  1.  CONVERGENCE WHEN EDM .LT. 1.00e-04
 FCN=1712.11 FROM MIGRAD    STATUS=INITIATE       22 CALLS        1173 TOTAL
                     EDM= unknown      STRATEGY= 1      NO ERROR MATRIX       
  EXT PARAMETER               CURRENT GUESS       STEP         FIRST   
  NO.   NAME      VALUE            ERROR          SIZE      DERIVATIVE 
   1  N0           2.99570e+06     fixed    
   2  tau          6.43993e+01   constant   
   3  A0           3.54171e-01     fixed    
   4  phi          4.12005e+00     fixed    
   5  R           -6.01693e+01   constant   
   6  A_CBO        2.98665e-03   1.00000e-05   1.00000e-05   7.70395e+04
   7  w_CBO        2.32653e+00   1.00000e-03   1.00000e-03  -1.46502e+06
   8  phi_CBO      8.98505e-01   1.00000e-04   1.00000e-04   2.85060e+01
   9  ANx2         6.17909e-04   constant   
  10  pNx2         3.86483e+00   constant   
  11  ANy1         0.00000e+00   constant   
  12  pNy1         0.00000e+00   constant   
  13  w_y          0.00000e+00   constant   
  14  ANy2         7.96733e-03     fixed    
  15  pNy2         1.76471e+00   constant   
  16  w_vw         1.43097e+01   constant   
  17  LM          -1.37296e-04   constant   
  18  wCBO_expCoeff   2.00003e+02   8.58921e-04  -9.21139e-06  -1.69883e+04
  19  wCBO_expOffset   2.00000e+02   2.05952e-04  -2.23469e-06  -9.67033e+04
  20  wCBO_expT    2.99995e+01   2.37844e-04  -2.54055e-06   7.45682e+04
  21  wCBO_linCoeff   0.00000e+00   constant   
  22  wCBO_const   9.30123e-04   2.13173e-03   2.30138e-05  -1.07555e+04
 CALL LIMIT EXCEEDED IN MIGRAD.
 MIGRAD TERMINATED WITHOUT CONVERGENCE.
 FCN=1635.25 FROM MIGRAD    STATUS=CALL LIMIT   1151 CALLS        2302 TOTAL
                     EDM=1.95141    STRATEGY= 1  ERROR MATRIX UNCERTAINTY   0.8 per cent
  EXT PARAMETER                APPROXIMATE        STEP         FIRST   
  NO.   NAME      VALUE            ERROR          SIZE      DERIVATIVE 
   1  N0           2.99570e+06     fixed    
   2  tau          6.43993e+01   constant   
   3  A0           3.54171e-01     fixed    
   4  phi          4.12005e+00     fixed    
   5  R           -6.01693e+01   constant   
   6  A_CBO        9.46632e-04   2.13075e-04  -7.23671e-07  -4.30922e+03
   7  w_CBO        2.32652e+00   4.14484e-06  -5.81610e-08  -3.69437e+05
   8  phi_CBO      6.32451e-02   2.60735e-01  -3.45868e-03  -8.26553e+00
   9  ANx2         6.17909e-04   constant   
  10  pNx2         3.86483e+00   constant   
  11  ANy1         0.00000e+00   constant   
  12  pNy1         0.00000e+00   constant   
  13  w_y          0.00000e+00   constant   
  14  ANy2         7.96733e-03     fixed    
  15  pNy2         1.76471e+00   constant   
  16  w_vw         1.43097e+01   constant   
  17  LM          -1.37296e-04   constant   
  18  wCBO_expCoeff   2.00002e+02   3.60601e-04  -5.06551e-06  -4.27526e+03
  19  wCBO_expOffset   2.00000e+02   1.58728e-04  -2.34384e-06  -1.14400e+04
  20  wCBO_expT    2.99993e+01   1.65370e-04  -2.42700e-06   1.69220e+04
  21  wCBO_linCoeff   0.00000e+00   constant   
  22  wCBO_const   2.67465e-03   1.52430e-03   2.24957e-05  -4.52244e+03
 EXTERNAL ERROR MATRIX.    NDIM=  25    NPAR=  7    ERR DEF=1
  4.540e-08  1.142e-10 -6.984e-06  9.989e-09  6.166e-09  6.979e-09 -6.823e-08 
  1.142e-10  1.718e-11  9.219e-07  1.307e-09  6.136e-10  6.443e-10 -5.983e-09 
 -6.984e-06  9.219e-07  6.798e-02  8.030e-05  3.714e-05  3.828e-05 -3.615e-04 
  9.989e-09  1.307e-09  8.030e-05  1.300e-07  5.344e-08  5.611e-08 -5.210e-07 
  6.166e-09  6.136e-10  3.714e-05  5.344e-08  2.519e-08  2.578e-08 -2.389e-07 
  6.979e-09  6.443e-10  3.828e-05  5.611e-08  2.578e-08  2.735e-08 -2.462e-07 
 -6.823e-08 -5.983e-09 -3.615e-04 -5.210e-07 -2.389e-07 -2.462e-07  2.323e-06 
ERR MATRIX APPROXIMATE
 PARAMETER  CORRELATION COEFFICIENTS  
       NO.  GLOBAL      6      7      8     18     19     20     22
        6  0.97334   1.000  0.129 -0.126  0.130  0.182  0.198 -0.210
        7  0.99125   0.129  1.000  0.853  0.874  0.933  0.940 -0.947
        8  0.99384  -0.126  0.853  1.000  0.854  0.897  0.888 -0.910
       18  0.99138   0.130  0.874  0.854  1.000  0.934  0.941 -0.948
       19  0.99767   0.182  0.933  0.897  0.934  1.000  0.982 -0.988
       20  0.99545   0.198  0.940  0.888  0.941  0.982  1.000 -0.977
       22  0.99931  -0.210 -0.947 -0.910 -0.948 -0.988 -0.977  1.000
 ERR MATRIX APPROXIMATE
MINUIT - FIT ONLY 1-CBO
 **********
 **   29 **RES 
 **********
                   PARAMETER   14  ANy2 RESTORED TO VARIABLE.
                   PARAMETER    4  phi RESTORED TO VARIABLE.
                   PARAMETER    3  A0 RESTORED TO VARIABLE.
                   PARAMETER    1  N0 RESTORED TO VARIABLE.
 **********
 **   30 **FIX            0
 **********
 PARAMETER    0  IS UNDEFINED. IGNORED.
 **********
 **   31 **FIX            1
 **********
 **********
 **   32 **FIX            2
 **********
 PARAMETER    2  IS CONSTANT.   IGNORED.
 **********
 **   33 **FIX            3
 **********
 **********
 **   34 **FIX            4
 **********
 **********
 **   35 **FIX            8
 **********
 **********
 **   36 **FIX            9
 **********
 PARAMETER    9  IS CONSTANT.   IGNORED.
 **********
 **   37 **FIX           11
 **********
 PARAMETER   11  IS CONSTANT.   IGNORED.
 **********
 **   38 **FIX           12
 **********
 PARAMETER   12  IS CONSTANT.   IGNORED.
 **********
 **   39 **FIX           13
 **********
 PARAMETER   13  IS CONSTANT.   IGNORED.
 **********
 **   40 **FIX           15
 **********
 PARAMETER   15  IS CONSTANT.   IGNORED.
 **********
 **   41 **FIX           16
 **********
 PARAMETER   16  IS CONSTANT.   IGNORED.
 **********
 **   42 **MIGRAD
 **********
 START MIGRAD MINIMIZATION.  STRATEGY  1.  CONVERGENCE WHEN EDM .LT. 1.00e-04
 FCN=1635.25 FROM MIGRAD    STATUS=INITIATE       16 CALLS        2318 TOTAL
                     EDM= unknown      STRATEGY= 1      NO ERROR MATRIX       
  EXT PARAMETER               CURRENT GUESS       STEP         FIRST   
  NO.   NAME      VALUE            ERROR          SIZE      DERIVATIVE 
   1  N0           2.99570e+06     fixed    
   2  tau          6.43993e+01   constant   
   3  A0           3.54171e-01     fixed    
   4  phi          4.12005e+00     fixed    
   5  R           -6.01693e+01   constant   
   6  A_CBO        9.46632e-04   2.13075e-04  -7.23671e-07  -4.30922e+03
   7  w_CBO        2.32652e+00   4.14484e-06  -5.81610e-08  -3.69437e+05
   8  phi_CBO      6.32451e-02     fixed    
   9  ANx2         6.17909e-04   constant   
  10  pNx2         3.86483e+00   constant   
  11  ANy1         0.00000e+00   constant   
  12  pNy1         0.00000e+00   constant   
  13  w_y          0.00000e+00   constant   
  14  ANy2         7.96733e-03   1.00000e-04   1.00000e-04   3.26524e+05
  15  pNy2         1.76471e+00   constant   
  16  w_vw         1.43097e+01   constant   
  17  LM          -1.37296e-04   constant   
  18  wCBO_expCoeff   2.00002e+02   3.60601e-04  -5.06551e-06  -4.27526e+03
  19  wCBO_expOffset   2.00000e+02   1.58728e-04  -2.34384e-06  -1.14400e+04
  20  wCBO_expT    2.99993e+01   1.65370e-04  -2.42700e-06   1.69220e+04
  21  wCBO_linCoeff   0.00000e+00   constant   
  22  wCBO_const   2.67465e-03   1.52430e-03   2.24957e-05  -4.52244e+03
 CALL LIMIT EXCEEDED IN MIGRAD.
 MIGRAD TERMINATED WITHOUT CONVERGENCE.
 FCN=357.401 FROM MIGRAD    STATUS=CALL LIMIT   1164 CALLS        3466 TOTAL
                     EDM=0.441151    STRATEGY= 1  ERROR MATRIX UNCERTAINTY   0.8 per cent
  EXT PARAMETER                APPROXIMATE        STEP         FIRST   
  NO.   NAME      VALUE            ERROR          SIZE      DERIVATIVE 
   1  N0           2.99570e+06     fixed    
   2  tau          6.43993e+01   constant   
   3  A0           3.54171e-01     fixed    
   4  phi          4.12005e+00     fixed    
   5  R           -6.01693e+01   constant   
   6  A_CBO        5.14089e-04   2.24493e-04   9.50943e-07   1.24414e+04
   7  w_CBO        2.32652e+00   3.60499e-06   1.57807e-08   1.81369e+05
   8  phi_CBO      6.32451e-02     fixed    
   9  ANx2         6.17909e-04   constant   
  10  pNx2         3.86483e+00   constant   
  11  ANy1         0.00000e+00   constant   
  12  pNy1         0.00000e+00   constant   
  13  w_y          0.00000e+00   constant   
  14  ANy2        -1.51325e-04   1.90534e-04  -5.00163e-07  -1.04515e+04
  15  pNy2         1.76471e+00   constant   
  16  w_vw         1.43097e+01   constant   
  17  LM          -1.37296e-04   constant   
  18  wCBO_expCoeff   2.00002e+02   3.15373e-04   1.40244e-06   2.09474e+03
  19  wCBO_expOffset   2.00000e+02   2.55974e-04   1.62893e-06   8.81770e+03
  20  wCBO_expT    2.99994e+01   2.03708e-04   1.24789e-06  -5.48614e+02
  21  wCBO_linCoeff   0.00000e+00   constant   
  22  wCBO_const   2.40443e-04   2.31618e-03  -1.48676e-05   3.03536e+03
 EXTERNAL ERROR MATRIX.    NDIM=  25    NPAR=  7    ERR DEF=1
  5.040e-08  2.845e-10  1.469e-08  2.550e-08  3.741e-08  3.150e-08 -3.578e-07 
  2.845e-10  1.300e-11 -1.609e-10  5.520e-10  6.230e-10  4.630e-10 -5.683e-09 
  1.469e-08 -1.609e-10  3.630e-08 -1.434e-08 -1.858e-08 -1.572e-08  1.689e-07 
  2.550e-08  5.520e-10 -1.434e-08  9.946e-08  5.536e-08  4.121e-08 -5.048e-07 
  3.741e-08  6.230e-10 -1.858e-08  5.536e-08  6.552e-08  4.970e-08 -5.853e-07 
  3.150e-08  4.630e-10 -1.572e-08  4.121e-08  4.970e-08  4.150e-08 -4.618e-07 
 -3.578e-07 -5.683e-09  1.689e-07 -5.048e-07 -5.853e-07 -4.618e-07  5.365e-06 
ERR MATRIX APPROXIMATE
 PARAMETER  CORRELATION COEFFICIENTS  
       NO.  GLOBAL      6      7     14     18     19     20     22
        6  0.99828   1.000  0.352  0.343  0.360  0.651  0.689 -0.688
        7  0.96967   0.352  1.000 -0.234  0.486  0.675  0.631 -0.681
       14  0.99679   0.343 -0.234  1.000 -0.239 -0.381 -0.405  0.383
       18  0.97041   0.360  0.486 -0.239  1.000  0.686  0.642 -0.691
       19  0.99801   0.651  0.675 -0.381  0.686  1.000  0.953 -0.987
       20  0.99027   0.689  0.631 -0.405  0.642  0.953  1.000 -0.979
       22  0.99956  -0.688 -0.681  0.383 -0.691 -0.987 -0.979  1.000
 ERR MATRIX APPROXIMATE
MINUIT - FIT ONLY 2-CBO
 **********
 **   43 **RES 
 **********
                   PARAMETER    8  phi_CBO RESTORED TO VARIABLE.
                   PARAMETER    4  phi RESTORED TO VARIABLE.
                   PARAMETER    3  A0 RESTORED TO VARIABLE.
                   PARAMETER    1  N0 RESTORED TO VARIABLE.
 **********
 **   44 **FIX            0
 **********
 PARAMETER    0  IS UNDEFINED. IGNORED.
 **********
 **   45 **FIX            1
 **********
 **********
 **   46 **FIX            2
 **********
 PARAMETER    2  IS CONSTANT.   IGNORED.
 **********
 **   47 **FIX            3
 **********
 **********
 **   48 **FIX            4
 **********
 **********
 **   49 **FIX            5
 **********
 PARAMETER    5  IS CONSTANT.   IGNORED.
 **********
 **   50 **FIX            6
 **********
 **********
 **   51 **FIX            7
 **********
 **********
 **   52 **FIX           10
 **********
 PARAMETER   10  IS CONSTANT.   IGNORED.
 **********
 **   53 **FIX           11
 **********
 PARAMETER   11  IS CONSTANT.   IGNORED.
 **********
 **   54 **FIX           12
 **********
 PARAMETER   12  IS CONSTANT.   IGNORED.
 **********
 **   55 **FIX           13
 **********
 PARAMETER   13  IS CONSTANT.   IGNORED.
 **********
 **   56 **FIX           14
 **********
 **********
 **   57 **FIX           15
 **********
 PARAMETER   15  IS CONSTANT.   IGNORED.
 **********
 **   58 **FIX           16
 **********
 PARAMETER   16  IS CONSTANT.   IGNORED.
 **********
 **   59 **MIGRAD
 **********
 START MIGRAD MINIMIZATION.  STRATEGY  1.  CONVERGENCE WHEN EDM .LT. 1.00e-04
 FCN=357.401 FROM MIGRAD    STATUS=INITIATE       12 CALLS        3478 TOTAL
                     EDM= unknown      STRATEGY= 1      NO ERROR MATRIX       
  EXT PARAMETER               CURRENT GUESS       STEP         FIRST   
  NO.   NAME      VALUE            ERROR          SIZE      DERIVATIVE 
   1  N0           2.99570e+06     fixed    
   2  tau          6.43993e+01   constant   
   3  A0           3.54171e-01     fixed    
   4  phi          4.12005e+00     fixed    
   5  R           -6.01693e+01   constant   
   6  A_CBO        5.14089e-04     fixed    
   7  w_CBO        2.32652e+00     fixed    
   8  phi_CBO      6.32451e-02   2.60735e-01   2.60735e-01  -4.34600e+00
   9  ANx2         6.17909e-04   constant   
  10  pNx2         3.86483e+00   constant   
  11  ANy1         0.00000e+00   constant   
  12  pNy1         0.00000e+00   constant   
  13  w_y          0.00000e+00   constant   
  14  ANy2        -1.51325e-04     fixed    
  15  pNy2         1.76471e+00   constant   
  16  w_vw         1.43097e+01   constant   
  17  LM          -1.37296e-04   constant   
  18  wCBO_expCoeff   2.00002e+02   3.15373e-04   1.40244e-06   2.09474e+03
  19  wCBO_expOffset   2.00000e+02   2.55974e-04   1.62893e-06   8.81770e+03
  20  wCBO_expT    2.99994e+01   2.03708e-04   1.24789e-06  -5.48614e+02
  21  wCBO_linCoeff   0.00000e+00   constant   
  22  wCBO_const   2.40443e-04   2.31618e-03  -1.48676e-05   3.03536e+03
 CALL LIMIT EXCEEDED IN MIGRAD.
 MIGRAD TERMINATED WITHOUT CONVERGENCE.
 FCN=354.428 FROM MIGRAD    STATUS=CALL LIMIT    836 CALLS        4302 TOTAL
                     EDM=1.0884    STRATEGY= 1  ERROR MATRIX UNCERTAINTY   0.7 per cent
  EXT PARAMETER                APPROXIMATE        STEP         FIRST   
  NO.   NAME      VALUE            ERROR          SIZE      DERIVATIVE 
   1  N0           2.99570e+06     fixed    
   2  tau          6.43993e+01   constant   
   3  A0           3.54171e-01     fixed    
   4  phi          4.12005e+00     fixed    
   5  R           -6.01693e+01   constant   
   6  A_CBO        5.14089e-04     fixed    
   7  w_CBO        2.32652e+00     fixed    
   8  phi_CBO      2.37635e+00   1.84370e+00   3.73888e-04   7.62349e-02
   9  ANx2         6.17909e-04   constant   
  10  pNx2         3.86483e+00   constant   
  11  ANy1         0.00000e+00   constant   
  12  pNy1         0.00000e+00   constant   
  13  w_y          0.00000e+00   constant   
  14  ANy2        -1.51325e-04     fixed    
  15  pNy2         1.76471e+00   constant   
  16  w_vw         1.43097e+01   constant   
  17  LM          -1.37296e-04   constant   
  18  wCBO_expCoeff   2.00003e+02   1.01813e-03   1.65082e-07   1.27886e+03
  19  wCBO_expOffset   2.00001e+02   1.12511e-03   2.09133e-07   6.50246e+03
  20  wCBO_expT    3.00002e+01   8.05706e-04   1.56138e-07  -9.38687e+03
  21  wCBO_linCoeff   0.00000e+00   constant   
  22  wCBO_const  -6.17904e-03   5.12205e-03  -9.59671e-07   5.88243e+02
 EXTERNAL ERROR MATRIX.    NDIM=  25    NPAR=  5    ERR DEF=1
  3.399e+00  1.609e-03  2.005e-03  1.466e-03 -9.093e-03 
  1.609e-03  1.037e-06  1.029e-06  7.490e-07 -4.716e-06 
  2.005e-03  1.029e-06  1.266e-06  8.989e-07 -5.726e-06 
  1.466e-03  7.490e-07  8.989e-07  6.492e-07 -4.070e-06 
 -9.093e-03 -4.716e-06 -5.726e-06 -4.070e-06  2.624e-05 
ERR MATRIX APPROXIMATE
 PARAMETER  CORRELATION COEFFICIENTS  
       NO.  GLOBAL      8     18     19     20     22
        8  0.99990   1.000  0.857  0.966  0.987 -0.963
       18  0.99903   0.857  1.000  0.898  0.913 -0.904
       19  0.99993   0.966  0.898  1.000  0.992 -0.994
       20  0.99998   0.987  0.913  0.992  1.000 -0.986
       22  0.99933  -0.963 -0.904 -0.994 -0.986  1.000
 ERR MATRIX APPROXIMATE
MINUIT - FIT ONLY 1-y
 **********
 **   60 **RES 
 **********
                   PARAMETER   14  ANy2 RESTORED TO VARIABLE.
                   PARAMETER    7  w_CBO RESTORED TO VARIABLE.
                   PARAMETER    6  A_CBO RESTORED TO VARIABLE.
                   PARAMETER    4  phi RESTORED TO VARIABLE.
                   PARAMETER    3  A0 RESTORED TO VARIABLE.
                   PARAMETER    1  N0 RESTORED TO VARIABLE.
 **********
 **   61 **FIX            0
 **********
 PARAMETER    0  IS UNDEFINED. IGNORED.
 **********
 **   62 **FIX            1
 **********
 **********
 **   63 **FIX            2
 **********
 PARAMETER    2  IS CONSTANT.   IGNORED.
 **********
 **   64 **FIX            3
 **********
 **********
 **   65 **FIX            4
 **********
 **********
 **   66 **FIX            5
 **********
 PARAMETER    5  IS CONSTANT.   IGNORED.
 **********
 **   67 **FIX            6
 **********
 **********
 **   68 **FIX            7
 **********
 **********
 **   69 **FIX            8
 **********
 **********
 **   70 **FIX            9
 **********
 PARAMETER    9  IS CONSTANT.   IGNORED.
 **********
 **   71 **FIX           13
 **********
 PARAMETER   13  IS CONSTANT.   IGNORED.
 **********
 **   72 **FIX           14
 **********
 **********
 **   73 **FIX           15
 **********
 PARAMETER   15  IS CONSTANT.   IGNORED.
 **********
 **   74 **FIX           16
 **********
 PARAMETER   16  IS CONSTANT.   IGNORED.
 **********
 **   75 **MIGRAD
 **********
 START MIGRAD MINIMIZATION.  STRATEGY  1.  CONVERGENCE WHEN EDM .LT. 1.00e-04
 FCN=354.428 FROM MIGRAD    STATUS=INITIATE        8 CALLS        4310 TOTAL
                     EDM= unknown      STRATEGY= 1      NO ERROR MATRIX       
  EXT PARAMETER               CURRENT GUESS       STEP         FIRST   
  NO.   NAME      VALUE            ERROR          SIZE      DERIVATIVE 
   1  N0           2.99570e+06     fixed    
   2  tau          6.43993e+01   constant   
   3  A0           3.54171e-01     fixed    
   4  phi          4.12005e+00     fixed    
   5  R           -6.01693e+01   constant   
   6  A_CBO        5.14089e-04     fixed    
   7  w_CBO        2.32652e+00     fixed    
   8  phi_CBO      2.37635e+00     fixed    
   9  ANx2         6.17909e-04   constant   
  10  pNx2         3.86483e+00   constant   
  11  ANy1         0.00000e+00   constant   
  12  pNy1         0.00000e+00   constant   
  13  w_y          0.00000e+00   constant   
  14  ANy2        -1.51325e-04     fixed    
  15  pNy2         1.76471e+00   constant   
  16  w_vw         1.43097e+01   constant   
  17  LM          -1.37296e-04   constant   
  18  wCBO_expCoeff   2.00003e+02   1.01813e-03   1.65082e-07   1.27886e+03
  19  wCBO_expOffset   2.00001e+02   1.12511e-03   2.09133e-07   6.50246e+03
  20  wCBO_expT    3.00002e+01   8.05706e-04   1.56138e-07  -9.38687e+03
  21  wCBO_linCoeff   0.00000e+00   constant   
  22  wCBO_const  -6.17904e-03   5.12205e-03  -9.59671e-07   5.88243e+02
 CALL LIMIT EXCEEDED IN MIGRAD.
 MIGRAD TERMINATED WITHOUT CONVERGENCE.
 FCN=353.02 FROM MIGRAD    STATUS=CALL LIMIT    685 CALLS        4987 TOTAL
                     EDM=0.261549    STRATEGY= 1  ERROR MATRIX UNCERTAINTY   0.0 per cent
  EXT PARAMETER                APPROXIMATE        STEP         FIRST   
  NO.   NAME      VALUE            ERROR          SIZE      DERIVATIVE 
   1  N0           2.99570e+06     fixed    
   2  tau          6.43993e+01   constant   
   3  A0           3.54171e-01     fixed    
   4  phi          4.12005e+00     fixed    
   5  R           -6.01693e+01   constant   
   6  A_CBO        5.14089e-04     fixed    
   7  w_CBO        2.32652e+00     fixed    
   8  phi_CBO      2.37635e+00     fixed    
   9  ANx2         6.17909e-04   constant   
  10  pNx2         3.86483e+00   constant   
  11  ANy1         0.00000e+00   constant   
  12  pNy1         0.00000e+00   constant   
  13  w_y          0.00000e+00   constant   
  14  ANy2        -1.51325e-04     fixed    
  15  pNy2         1.76471e+00   constant   
  16  w_vw         1.43097e+01   constant   
  17  LM          -1.37296e-04   constant   
  18  wCBO_expCoeff   2.00008e+02   4.47682e-03   1.51747e-05   1.89783e+03
  19  wCBO_expOffset   2.00001e+02   2.95238e-04   9.75524e-07   9.29031e+03
  20  wCBO_expT    3.00011e+01   8.45137e-04   2.87085e-06   4.35579e+03
  21  wCBO_linCoeff   0.00000e+00   constant   
  22  wCBO_const  -1.08030e-02   4.58095e-03  -1.55795e-05   3.45678e+03
 EXTERNAL ERROR MATRIX.    NDIM=  25    NPAR=  4    ERR DEF=1
  2.004e-05  1.261e-06  3.752e-06 -2.045e-05 
  1.261e-06  8.717e-08  2.409e-07 -1.315e-06 
  3.752e-06  2.409e-07  7.143e-07 -3.858e-06 
 -2.045e-05 -1.315e-06 -3.858e-06  2.099e-05 
ERR MATRIX APPROXIMATE
 PARAMETER  CORRELATION COEFFICIENTS  
       NO.  GLOBAL     18     19     20     22
       18  0.99996   1.000  0.954  0.992 -0.997
       19  0.99960   0.954  1.000  0.965 -0.973
       20  0.99981   0.992  0.965  1.000 -0.997
       22  0.99999  -0.997 -0.973 -0.997  1.000
 ERR MATRIX APPROXIMATE
MINUIT - FIT ONLY 2-y
 **********
 **   76 **RES 
 **********
                   PARAMETER   14  ANy2 RESTORED TO VARIABLE.
                   PARAMETER    8  phi_CBO RESTORED TO VARIABLE.
                   PARAMETER    7  w_CBO RESTORED TO VARIABLE.
                   PARAMETER    6  A_CBO RESTORED TO VARIABLE.
                   PARAMETER    4  phi RESTORED TO VARIABLE.
                   PARAMETER    3  A0 RESTORED TO VARIABLE.
                   PARAMETER    1  N0 RESTORED TO VARIABLE.
 **********
 **   77 **FIX            0
 **********
 PARAMETER    0  IS UNDEFINED. IGNORED.
 **********
 **   78 **FIX            1
 **********
 **********
 **   79 **FIX            2
 **********
 PARAMETER    2  IS CONSTANT.   IGNORED.
 **********
 **   80 **FIX            3
 **********
 **********
 **   81 **FIX            4
 **********
 **********
 **   82 **FIX            5
 **********
 PARAMETER    5  IS CONSTANT.   IGNORED.
 **********
 **   83 **FIX            6
 **********
 **********
 **   84 **FIX            7
 **********
 **********
 **   85 **FIX            8
 **********
 **********
 **   86 **FIX            9
 **********
 PARAMETER    9  IS CONSTANT.   IGNORED.
 **********
 **   87 **FIX           10
 **********
 PARAMETER   10  IS CONSTANT.   IGNORED.
 **********
 **   88 **FIX           11
 **********
 PARAMETER   11  IS CONSTANT.   IGNORED.
 **********
 **   89 **FIX           12
 **********
 PARAMETER   12  IS CONSTANT.   IGNORED.
 **********
 **   90 **FIX           16
 **********
 PARAMETER   16  IS CONSTANT.   IGNORED.
 **********
 **   91 **MIGRAD
 **********
 START MIGRAD MINIMIZATION.  STRATEGY  1.  CONVERGENCE WHEN EDM .LT. 1.00e-04
 FCN=353.02 FROM MIGRAD    STATUS=INITIATE       10 CALLS        4997 TOTAL
                     EDM= unknown      STRATEGY= 1      NO ERROR MATRIX       
  EXT PARAMETER               CURRENT GUESS       STEP         FIRST   
  NO.   NAME      VALUE            ERROR          SIZE      DERIVATIVE 
   1  N0           2.99570e+06     fixed    
   2  tau          6.43993e+01   constant   
   3  A0           3.54171e-01     fixed    
   4  phi          4.12005e+00     fixed    
   5  R           -6.01693e+01   constant   
   6  A_CBO        5.14089e-04     fixed    
   7  w_CBO        2.32652e+00     fixed    
   8  phi_CBO      2.37635e+00     fixed    
   9  ANx2         6.17909e-04   constant   
  10  pNx2         3.86483e+00   constant   
  11  ANy1         0.00000e+00   constant   
  12  pNy1         0.00000e+00   constant   
  13  w_y          0.00000e+00   constant   
  14  ANy2        -1.51325e-04   1.90534e-04   1.90534e-04  -9.75514e+03
  15  pNy2         1.76471e+00   constant   
  16  w_vw         1.43097e+01   constant   
  17  LM          -1.37296e-04   constant   
  18  wCBO_expCoeff   2.00008e+02   4.47682e-03   1.51747e-05   1.89783e+03
  19  wCBO_expOffset   2.00001e+02   2.95238e-04   9.75524e-07   9.29031e+03
  20  wCBO_expT    3.00011e+01   8.45137e-04   2.87085e-06   4.35579e+03
  21  wCBO_linCoeff   0.00000e+00   constant   
  22  wCBO_const  -1.08030e-02   4.58095e-03  -1.55795e-05   3.45678e+03
 CALL LIMIT EXCEEDED IN MIGRAD.
 MIGRAD TERMINATED WITHOUT CONVERGENCE.
 FCN=350.338 FROM MIGRAD    STATUS=CALL LIMIT    837 CALLS        5824 TOTAL
                     EDM=1.46904    STRATEGY= 1  ERROR MATRIX UNCERTAINTY   0.6 per cent
  EXT PARAMETER                APPROXIMATE        STEP         FIRST   
  NO.   NAME      VALUE            ERROR          SIZE      DERIVATIVE 
   1  N0           2.99570e+06     fixed    
   2  tau          6.43993e+01   constant   
   3  A0           3.54171e-01     fixed    
   4  phi          4.12005e+00     fixed    
   5  R           -6.01693e+01   constant   
   6  A_CBO        5.14089e-04     fixed    
   7  w_CBO        2.32652e+00     fixed    
   8  phi_CBO      2.37635e+00     fixed    
   9  ANx2         6.17909e-04   constant   
  10  pNx2         3.86483e+00   constant   
  11  ANy1         0.00000e+00   constant   
  12  pNy1         0.00000e+00   constant   
  13  w_y          0.00000e+00   constant   
  14  ANy2         3.73788e-05   2.64175e-04  -1.89125e-07  -2.17010e+03
  15  pNy2         1.76471e+00   constant   
  16  w_vw         1.43097e+01   constant   
  17  LM          -1.37296e-04   constant   
  18  wCBO_expCoeff   2.00008e+02   5.38488e-04   3.40602e-07   9.68630e+02
  19  wCBO_expOffset   2.00001e+02   5.88692e-04   5.08735e-07   2.42628e+03
  20  wCBO_expT    3.00011e+01   4.67545e-04   4.01473e-07  -7.17159e+03
  21  wCBO_linCoeff   0.00000e+00   constant   
  22  wCBO_const  -1.19352e-02   3.27216e-03  -2.79174e-06   4.26494e+02
 EXTERNAL ERROR MATRIX.    NDIM=  25    NPAR=  5    ERR DEF=1
  6.979e-08 -6.850e-08 -1.246e-07 -1.058e-07  6.745e-07 
 -6.850e-08  2.900e-07  2.211e-07  1.893e-07 -1.300e-06 
 -1.246e-07  2.211e-07  3.466e-07  2.711e-07 -1.887e-06 
 -1.058e-07  1.893e-07  2.711e-07  2.186e-07 -1.470e-06 
  6.745e-07 -1.300e-06 -1.887e-06 -1.470e-06  1.071e-05 
ERR MATRIX APPROXIMATE
 PARAMETER  CORRELATION COEFFICIENTS  
       NO.  GLOBAL     14     18     19     20     22
       14  0.99707   1.000 -0.482 -0.801 -0.857  0.780
       18  0.99611  -0.482  1.000  0.697  0.752 -0.738
       19  0.99985  -0.801  0.697  1.000  0.985 -0.979
       20  0.99985  -0.857  0.752  0.985  1.000 -0.961
       22  0.99875   0.780 -0.738 -0.979 -0.961  1.000
 ERR MATRIX APPROXIMATE
MINUIT - FIT ALTOGETHER
 **********
 **   92 **RES 
 **********
                   PARAMETER    8  phi_CBO RESTORED TO VARIABLE.
                   PARAMETER    7  w_CBO RESTORED TO VARIABLE.
                   PARAMETER    6  A_CBO RESTORED TO VARIABLE.
                   PARAMETER    4  phi RESTORED TO VARIABLE.
                   PARAMETER    3  A0 RESTORED TO VARIABLE.
                   PARAMETER    1  N0 RESTORED TO VARIABLE.
 **********
 **   93 **MIGRAD
 **********
 START MIGRAD MINIMIZATION.  STRATEGY  1.  CONVERGENCE WHEN EDM .LT. 1.00e-04
 FCN=350.338 FROM MIGRAD    STATUS=INITIATE       22 CALLS        5846 TOTAL
                     EDM= unknown      STRATEGY= 1      NO ERROR MATRIX       
  EXT PARAMETER               CURRENT GUESS       STEP         FIRST   
  NO.   NAME      VALUE            ERROR          SIZE      DERIVATIVE 
   1  N0           2.99570e+06   4.31680e+02   4.31680e+02   4.47163e-03
   2  tau          6.43993e+01   constant   
   3  A0           3.54171e-01   2.04686e-04   2.04686e-04   4.75043e+03
   4  phi          4.12005e+00   6.02299e-04   6.02299e-04   3.81077e+03
   5  R           -6.01693e+01   constant   
   6  A_CBO        5.14089e-04   2.24493e-04   2.24493e-04   2.02055e+03
   7  w_CBO        2.32652e+00   3.60499e-06   3.60499e-06   8.34421e+04
   8  phi_CBO      2.37635e+00   1.84370e+00   1.84370e+00  -1.55070e+00
   9  ANx2         6.17909e-04   constant   
  10  pNx2         3.86483e+00   constant   
  11  ANy1         0.00000e+00   constant   
  12  pNy1         0.00000e+00   constant   
  13  w_y          0.00000e+00   constant   
  14  ANy2         3.73788e-05   2.64175e-04  -1.89125e-07  -2.17010e+03
  15  pNy2         1.76471e+00   constant   
  16  w_vw         1.43097e+01   constant   
  17  LM          -1.37296e-04   constant   
  18  wCBO_expCoeff   2.00008e+02   5.38488e-04   3.40602e-07   9.68630e+02
  19  wCBO_expOffset   2.00001e+02   5.88692e-04   5.08735e-07   2.42628e+03
  20  wCBO_expT    3.00011e+01   4.67545e-04   4.01473e-07  -7.17159e+03
  21  wCBO_linCoeff   0.00000e+00   constant   
  22  wCBO_const  -1.19352e-02   3.27216e-03  -2.79174e-06   4.26494e+02
 MIGRAD FAILS TO FIND IMPROVEMENT
 COVARIANCE MATRIX CALCULATED SUCCESSFULLY
 FCN=345.151 FROM HESSE     STATUS=OK            102 CALLS        6523 TOTAL
                     EDM=0.0820103    STRATEGY= 1      ERROR MATRIX ACCURATE 
  EXT PARAMETER                                   STEP         FIRST   
  NO.   NAME      VALUE            ERROR          SIZE      DERIVATIVE 
