 + ++++++++++++++++++++++++++++++++++++++++++++++++++++++++++++++++++++ +
 +                                                                      +
 +           You have chose to blind your fitting according to          +
 +                omega_ref * (1 + (R +/- deltaR) *10^{-6})             +
 +                                                                      +
 + ++++++++++++++++++++++++++++++++++++++++++++++++++++++++++++++++++++ +
In main()...
reading format from /gm2data/zkhechad/run45/envelope/formats/formatB_sBin_constraintOn.txt
pBinTau 	= 0  
pBinPhi 	= 0  
constraintau 	= 1 
includeMopTerm 	= 0    
constrainMop    = 0   
Parameters after format file: pBinTau 0 pBinPhi 0 constraintau 1 includeMopTerm 0 constrainMop 0 c_e_scale 0.000000 
reading cbo reference file (full fit) from /gm2data/zkhechad/cboTemplates/Run4CBOTemplates/fullFits/run4/sBin_constraintOn_cE0.0_seed0_run4_calo3.root
A_CBO 0.008872 w_CBO 2.326183 phi_CBO 4.278101 N0 2792933.794534 R -61.131445 tau 64.392950 
Reading cboRef file /gm2data/zkhechad/cboTemplates/Run4CBOTemplates//cboIsolate/run4_calo3.root
deltaT 15.059926
windowBins = 120
fitting sliding window 460 from bin 663 at 98.919600 to bin 783 at 116.823600 (120 bins)

Reading data from /gm2data/cornell/histograms/aMethod/histogram_a_run4.root
fitting cbo isolate
 **********
 **    1 **SET PRINTOUT            1
 **********
 **********
 **    2 **SET NOWARNINGS 
 **********
 PARAMETER DEFINITIONS:
    NO.   NAME         VALUE      STEP SIZE      LIMITS
     1 A_CBO        8.87236e-03  1.00000e-05     no limits
     2 w_CBO        2.32618e+00  1.00000e-02    2.00000e+00  3.00000e+00
     3 phi_CBO      4.27810e+00  1.00000e-02    0.00000e+00  6.28319e+00
 **********
 **    3 **MIGRAD
 **********
 FIRST CALL TO USER FUNCTION AT NEW START POINT, WITH IFLAG=4.
 START MIGRAD MINIMIZATION.  STRATEGY  1.  CONVERGENCE WHEN EDM .LT. 1.00e-04
 FCN=0.00122558 FROM MIGRAD    STATUS=INITIATE       10 CALLS          11 TOTAL
                     EDM= unknown      STRATEGY= 1      NO ERROR MATRIX       
  EXT PARAMETER               CURRENT GUESS       STEP         FIRST   
  NO.   NAME      VALUE            ERROR          SIZE      DERIVATIVE 
   1  A_CBO        8.87236e-03   1.00000e-05   1.00000e-05   5.13694e-01
   2  w_CBO        2.32618e+00   1.00000e-02   2.13326e-02   4.92279e-03
   3  phi_CBO      4.27810e+00   1.00000e-02   3.41436e-03  -2.78244e-04
 MIGRAD MINIMIZATION HAS CONVERGED.
 MIGRAD WILL VERIFY CONVERGENCE AND ERROR MATRIX.
 FCN=0.000142089 FROM MIGRAD    STATUS=CONVERGED      35 CALLS          36 TOTAL
                     EDM=2.5861e-06    STRATEGY= 1      ERR MATRIX NOT POS-DEF
  EXT PARAMETER                APPROXIMATE        STEP         FIRST   
  NO.   NAME      VALUE            ERROR          SIZE      DERIVATIVE 
   1  A_CBO        4.64964e-03   1.29772e-01   6.26414e-05  -2.47533e-05
   2  w_CBO        2.32599e+00   5.04375e-01   1.97623e-04  -4.03164e-03
   3  phi_CBO      4.29804e+00   4.54887e+00   3.41436e-03   2.28430e-04
 EXTERNAL ERROR MATRIX.    NDIM=  25    NPAR=  3    ERR DEF=1
  1.684e-02 -8.349e-02 -9.104e+00 
 -8.349e-02  1.676e+01  1.811e+03 
 -9.104e+00  1.811e+03  1.964e+05 
ERR MATRIX NOT POS-DEF
 PARAMETER  CORRELATION COEFFICIENTS  
       NO.  GLOBAL      1      2      3
        1  0.15881   1.000 -0.157 -0.158
        2  0.99800  -0.157  1.000  0.998
        3  0.99800  -0.158  0.998  1.000
 ERR MATRIX NOT POS-DEF
setting A_CBO=0.004650 w_CBO=2.325994, phi_CBO=4.298039
done fitting cbo isolate
 **********
 **    1 **SET PRINTOUT            1
 **********
 **********
 **    2 **SET NOWARNINGS 
 **********
 PARAMETER DEFINITIONS:
    NO.   NAME         VALUE      STEP SIZE      LIMITS
     1 N0           2.79293e+06  1.00000e+02     no limits
     2 tau          6.43930e+01  constant
     3 A0           3.56510e-01  1.00000e-04     no limits
     4 phi          4.11711e+00  1.00000e-02     no limits
     5 R           -6.11314e+01  constant
     6 A_CBO        4.64964e-03  1.00000e-05     no limits
     7 w_CBO        2.32599e+00  1.00000e-03     no limits
     8 phi_CBO      4.29804e+00  1.00000e-04     no limits
     9 ANx2         3.99781e-04  constant
    10 pNx2         4.45174e+00  constant
    11 ANy1         0.00000e+00  constant
    12 pNy1         0.00000e+00  constant
    13 w_y          0.00000e+00  constant
    14 ANy2         9.79441e-03  1.00000e-04     no limits
    15 pNy2         4.41741e+00  constant
    16 w_vw         1.43026e+01  constant
    17 LM          -4.33674e-04  constant
    18 wCBO_expCoeff   2.00000e+02  1.00000e+00     no limits
    19 wCBO_expOffset   2.00000e+02  1.00000e+00     no limits
    20 wCBO_expT    3.00000e+01  1.00000e+00     no limits
    21 wCBO_linCoeff   0.00000e+00  constant
    22 wCBO_const   0.00000e+00  1.00000e-02     no limits
MINUIT - FIT ONLY WIGGLE
 **********
 **    3 **FIX            5
 **********
 PARAMETER    5  IS CONSTANT.   IGNORED.
 **********
 **    4 **FIX            6
 **********
 **********
 **    5 **FIX            7
 **********
 **********
 **    6 **FIX            8
 **********
 **********
 **    7 **FIX            9
 **********
 PARAMETER    9  IS CONSTANT.   IGNORED.
 **********
 **    8 **FIX           10
 **********
 PARAMETER   10  IS CONSTANT.   IGNORED.
 **********
 **    9 **FIX           11
 **********
 PARAMETER   11  IS CONSTANT.   IGNORED.
 **********
 **   10 **FIX           12
 **********
 PARAMETER   12  IS CONSTANT.   IGNORED.
 **********
 **   11 **FIX           13
 **********
 PARAMETER   13  IS CONSTANT.   IGNORED.
 **********
 **   12 **FIX           14
 **********
 **********
 **   13 **FIX           15
 **********
 PARAMETER   15  IS CONSTANT.   IGNORED.
 **********
 **   14 **FIX           16
 **********
 PARAMETER   16  IS CONSTANT.   IGNORED.
 **********
 **   15 **MIGRAD
 **********
 FIRST CALL TO USER FUNCTION AT NEW START POINT, WITH IFLAG=4.
 START MIGRAD MINIMIZATION.  STRATEGY  1.  CONVERGENCE WHEN EDM .LT. 1.00e-04
 FCN=2925.97 FROM MIGRAD    STATUS=INITIATE       58 CALLS          59 TOTAL
                     EDM= unknown      STRATEGY= 1      NO ERROR MATRIX       
  EXT PARAMETER               CURRENT GUESS       STEP         FIRST   
  NO.   NAME      VALUE            ERROR          SIZE      DERIVATIVE 
   1  N0           2.79293e+06   1.00000e+02   0.00000e+00  -1.61147e-02
   2  tau          6.43930e+01   constant   
   3  A0           3.56510e-01   1.00000e-04   0.00000e+00  -3.42456e+03
   4  phi          4.11711e+00   1.00000e-02   0.00000e+00   9.83994e+03
   5  R           -6.11314e+01   constant   
   6  A_CBO        4.64964e-03     fixed    
   7  w_CBO        2.32599e+00     fixed    
   8  phi_CBO      4.29804e+00     fixed    
   9  ANx2         3.99781e-04   constant   
  10  pNx2         4.45174e+00   constant   
  11  ANy1         0.00000e+00   constant   
  12  pNy1         0.00000e+00   constant   
  13  w_y          0.00000e+00   constant   
  14  ANy2         9.79441e-03     fixed    
  15  pNy2         4.41741e+00   constant   
  16  w_vw         1.43026e+01   constant   
  17  LM          -4.33674e-04   constant   
  18  wCBO_expCoeff   2.00000e+02   1.00000e+00  -3.63838e-04  -7.00253e+04
  19  wCBO_expOffset   2.00000e+02   1.00000e+00   0.00000e+00  -1.24221e+06
  20  wCBO_expT    3.00000e+01   1.00000e+00   0.00000e+00  -2.56049e+06
  21  wCBO_linCoeff   0.00000e+00   constant   
  22  wCBO_const   0.00000e+00   1.00000e-02   0.00000e+00  -9.42573e+03
 MIGRAD FAILS TO FIND IMPROVEMENT
 FCN=2916.72 FROM HESSE     STATUS=NOT POSDEF     56 CALLS         142 TOTAL
                     EDM=905.861    STRATEGY= 1      ERR MATRIX NOT POS-DEF
  EXT PARAMETER                APPROXIMATE        STEP         FIRST   
  NO.   NAME      VALUE            ERROR          SIZE      DERIVATIVE 
   1  N0           2.79333e+06   4.76531e+02   1.07153e+01  -8.72939e-03
   2  tau          6.43930e+01   constant   
   3  A0           3.56529e-01   2.08645e-04   5.13932e-06  -8.21193e+03
   4  phi          4.11662e+00   6.48453e-04   1.51962e-05   6.84648e+03
   5  R           -6.11314e+01   constant   
   6  A_CBO        4.64964e-03     fixed    
   7  w_CBO        2.32599e+00     fixed    
   8  phi_CBO      4.29804e+00     fixed    
   9  ANx2         3.99781e-04   constant   
  10  pNx2         4.45174e+00   constant   
  11  ANy1         0.00000e+00   constant   
  12  pNy1         0.00000e+00   constant   
  13  w_y          0.00000e+00   constant   
  14  ANy2         9.79441e-03     fixed    
  15  pNy2         4.41741e+00   constant   
  16  w_vw         1.43026e+01   constant   
  17  LM          -4.33674e-04   constant   
  18  wCBO_expCoeff   2.00000e+02   1.03272e-04   9.53673e-05   1.49931e+05
  19  wCBO_expOffset   2.00000e+02   1.56293e-05   9.53674e-05   1.10129e+06
  20  wCBO_expT    3.00000e+01   1.14770e-05   1.43051e-05  -5.66340e+06
  21  wCBO_linCoeff   0.00000e+00   constant   
  22  wCBO_const   1.74579e-04   4.94455e-03   9.34932e-06   6.57835e+03
 MIGRAD FAILS TO FIND IMPROVEMENT
 MIGRAD TERMINATED WITHOUT CONVERGENCE.
 FCN=2867.11 FROM MIGRAD    STATUS=FAILED        193 CALLS         194 TOTAL
                     EDM=56.8821    STRATEGY= 1      ERR MATRIX NOT POS-DEF
  EXT PARAMETER                APPROXIMATE        STEP         FIRST   
  NO.   NAME      VALUE            ERROR          SIZE      DERIVATIVE 
   1  N0           2.79515e+06   4.69786e+02   0.00000e+00   7.90559e-03
   2  tau          6.43930e+01   constant   
   3  A0           3.56435e-01   1.91497e-04  -0.00000e+00  -3.38978e+02
   4  phi          4.11516e+00   6.25376e-04  -0.00000e+00  -4.23758e+03
   5  R           -6.11314e+01   constant   
   6  A_CBO        4.64964e-03     fixed    
   7  w_CBO        2.32599e+00     fixed    
   8  phi_CBO      4.29804e+00     fixed    
   9  ANx2         3.99781e-04   constant   
  10  pNx2         4.45174e+00   constant   
  11  ANy1         0.00000e+00   constant   
  12  pNy1         0.00000e+00   constant   
  13  w_y          0.00000e+00   constant   
  14  ANy2         9.79441e-03     fixed    
  15  pNy2         4.41741e+00   constant   
  16  w_vw         1.43026e+01   constant   
  17  LM          -4.33674e-04   constant   
  18  wCBO_expCoeff   1.99999e+02   4.80577e-05  -0.00000e+00  -2.10365e+05
  19  wCBO_expOffset   2.00000e+02   4.78112e-06  -0.00000e+00   1.40468e+05
  20  wCBO_expT    3.00000e+01   1.55584e-06  -0.00000e+00   1.30017e+07
  21  wCBO_linCoeff   0.00000e+00   constant   
  22  wCBO_const   3.92828e-03   1.08685e-03  -0.00000e+00  -1.95727e+04
 EXTERNAL ERROR MATRIX.    NDIM=  25    NPAR=  7    ERR DEF=1
  2.207e+05 -9.553e-03 -8.695e-02 -8.207e-03 -1.209e-03 -3.269e-04  1.410e-02 
 -9.553e-03  3.667e-08  9.672e-09  1.318e-09  2.325e-10  3.665e-11  3.408e-09 
 -8.695e-02  9.672e-09  3.911e-07  4.178e-09  9.762e-10  4.680e-10  9.623e-08 
 -8.207e-03  1.318e-09  4.178e-09  2.310e-09  9.341e-11 -1.267e-11 -4.049e-08 
 -1.209e-03  2.325e-10  9.762e-10  9.341e-11  2.286e-11  2.347e-12 -5.757e-10 
 -3.269e-04  3.665e-11  4.680e-10 -1.267e-11  2.347e-12  2.421e-12  1.193e-09 
  1.410e-02  3.408e-09  9.623e-08 -4.049e-08 -5.757e-10  1.193e-09  1.181e-06 
ERR MATRIX NOT POS-DEF
 PARAMETER  CORRELATION COEFFICIENTS  
       NO.  GLOBAL      1      3      4     18     19     20     22
        1  0.69767   1.000 -0.106 -0.296 -0.364 -0.538 -0.447  0.028
        3  0.32641  -0.106  1.000  0.081  0.143  0.254  0.123  0.016
        4  0.57855  -0.296  0.081  1.000  0.139  0.326  0.481  0.142
       18  0.94467  -0.364  0.143  0.139  1.000  0.407 -0.170 -0.775
       19  0.63945  -0.538  0.254  0.326  0.407  1.000  0.316 -0.111
       20  0.95157  -0.447  0.123  0.481 -0.170  0.316  1.000  0.705
       22  0.97409   0.028  0.016  0.142 -0.775 -0.111  0.705  1.000
 ERR MATRIX NOT POS-DEF
MINUIT - FIT ONLY 1-CBO + other amplitudes 
 **********
 **   16 **RES 
 **********
                   PARAMETER   14  ANy2 RESTORED TO VARIABLE.
                   PARAMETER    8  phi_CBO RESTORED TO VARIABLE.
                   PARAMETER    7  w_CBO RESTORED TO VARIABLE.
                   PARAMETER    6  A_CBO RESTORED TO VARIABLE.
 **********
 **   17 **FIX            0
 **********
 PARAMETER    0  IS UNDEFINED. IGNORED.
 **********
 **   18 **FIX            1
 **********
 **********
 **   19 **FIX            2
 **********
 PARAMETER    2  IS CONSTANT.   IGNORED.
 **********
 **   20 **FIX            3
 **********
 **********
 **   21 **FIX            4
 **********
 **********
 **   22 **FIX            9
 **********
 PARAMETER    9  IS CONSTANT.   IGNORED.
 **********
 **   23 **FIX           11
 **********
 PARAMETER   11  IS CONSTANT.   IGNORED.
 **********
 **   24 **FIX           12
 **********
 PARAMETER   12  IS CONSTANT.   IGNORED.
 **********
 **   25 **FIX           14
 **********
 **********
 **   26 **FIX           15
 **********
 PARAMETER   15  IS CONSTANT.   IGNORED.
 **********
 **   27 **FIX           16
 **********
 PARAMETER   16  IS CONSTANT.   IGNORED.
 **********
 **   28 **MIGRAD
 **********
 START MIGRAD MINIMIZATION.  STRATEGY  1.  CONVERGENCE WHEN EDM .LT. 1.00e-04
 FCN=2867.11 FROM MIGRAD    STATUS=INITIATE       22 CALLS         216 TOTAL
                     EDM= unknown      STRATEGY= 1      NO ERROR MATRIX       
  EXT PARAMETER               CURRENT GUESS       STEP         FIRST   
  NO.   NAME      VALUE            ERROR          SIZE      DERIVATIVE 
   1  N0           2.79515e+06     fixed    
   2  tau          6.43930e+01   constant   
   3  A0           3.56435e-01     fixed    
   4  phi          4.11516e+00     fixed    
   5  R           -6.11314e+01   constant   
   6  A_CBO        4.64964e-03   1.00000e-05   1.00000e-05   1.53298e+05
   7  w_CBO        2.32599e+00   1.00000e-03   1.00000e-03  -1.81031e+07
   8  phi_CBO      4.29804e+00   1.00000e-04   1.00000e-04   6.80460e+01
   9  ANx2         3.99781e-04   constant   
  10  pNx2         4.45174e+00   constant   
  11  ANy1         0.00000e+00   constant   
  12  pNy1         0.00000e+00   constant   
  13  w_y          0.00000e+00   constant   
  14  ANy2         9.79441e-03     fixed    
  15  pNy2         4.41741e+00   constant   
  16  w_vw         1.43026e+01   constant   
  17  LM          -4.33674e-04   constant   
  18  wCBO_expCoeff   1.99999e+02   4.80577e-05  -0.00000e+00  -2.10365e+05
  19  wCBO_expOffset   2.00000e+02   4.78112e-06  -0.00000e+00   1.40468e+05
  20  wCBO_expT    3.00000e+01   1.55584e-06  -0.00000e+00   1.30017e+07
  21  wCBO_linCoeff   0.00000e+00   constant   
  22  wCBO_const   3.92828e-03   1.08685e-03  -0.00000e+00  -1.95727e+04
 MIGRAD FAILS TO FIND IMPROVEMENT
 FCN=2564.16 FROM HESSE     STATUS=NOT POSDEF     58 CALLS         472 TOTAL
                     EDM=7.67558    STRATEGY= 1      ERR MATRIX NOT POS-DEF
  EXT PARAMETER                APPROXIMATE        STEP         FIRST   
  NO.   NAME      VALUE            ERROR          SIZE      DERIVATIVE 
   1  N0           2.79515e+06     fixed    
   2  tau          6.43930e+01   constant   
   3  A0           3.56435e-01     fixed    
   4  phi          4.11516e+00     fixed    
   5  R           -6.11314e+01   constant   
   6  A_CBO        9.00423e-04   1.56064e-03   5.13653e-06  -8.96575e+03
   7  w_CBO        2.32599e+00   2.06949e-06   1.10912e-06   8.80113e+06
   8  phi_CBO      5.79539e+00   1.59303e-01   5.12436e-03   9.53243e-01
   9  ANx2         3.99781e-04   constant   
  10  pNx2         4.45174e+00   constant   
  11  ANy1         0.00000e+00   constant   
  12  pNy1         0.00000e+00   constant   
  13  w_y          0.00000e+00   constant   
  14  ANy2         9.79441e-03     fixed    
  15  pNy2         4.41741e+00   constant   
  16  w_vw         1.43026e+01   constant   
  17  LM          -4.33674e-04   constant   
  18  wCBO_expCoeff   1.99999e+02   1.77972e-04   9.53672e-05   1.02342e+05
  19  wCBO_expOffset   2.00000e+02   6.99844e-05   9.53675e-05  -6.87463e+04
  20  wCBO_expT    3.00000e+01   1.85651e-05   1.43051e-05  -2.26284e+06
  21  wCBO_linCoeff   0.00000e+00   constant   
  22  wCBO_const   6.38349e-03   4.98821e-04   1.49871e-05   3.07859e+03
 MIGRAD FAILS TO FIND IMPROVEMENT
 MIGRAD TERMINATED WITHOUT CONVERGENCE.
 FCN=2561.76 FROM MIGRAD    STATUS=FAILED        302 CALLS         496 TOTAL
                     EDM=2.02616    STRATEGY= 1      ERR MATRIX NOT POS-DEF
  EXT PARAMETER                APPROXIMATE        STEP         FIRST   
  NO.   NAME      VALUE            ERROR          SIZE      DERIVATIVE 
   1  N0           2.79515e+06     fixed    
   2  tau          6.43930e+01   constant   
   3  A0           3.56435e-01     fixed    
   4  phi          4.11516e+00     fixed    
   5  R           -6.11314e+01   constant   
   6  A_CBO        1.06269e-03   1.39415e-03   0.00000e+00  -2.33215e+03
   7  w_CBO        2.32599e+00   1.83212e-06  -0.00000e+00  -2.69637e+06
   8  phi_CBO      5.79471e+00   1.56939e-01  -0.00000e+00   1.57370e+01
   9  ANx2         3.99781e-04   constant   
  10  pNx2         4.45174e+00   constant   
  11  ANy1         0.00000e+00   constant   
  12  pNy1         0.00000e+00   constant   
  13  w_y          0.00000e+00   constant   
  14  ANy2         9.79441e-03     fixed    
  15  pNy2         4.41741e+00   constant   
  16  w_vw         1.43026e+01   constant   
  17  LM          -4.33674e-04   constant   
  18  wCBO_expCoeff   1.99999e+02   1.57558e-04  -0.00000e+00  -3.13430e+04
  19  wCBO_expOffset   2.00000e+02   6.27261e-05  -0.00000e+00  -8.29303e+04
  20  wCBO_expT    3.00000e+01   1.69722e-05  -0.00000e+00   8.88182e+05
  21  wCBO_linCoeff   0.00000e+00   constant   
  22  wCBO_const   6.35757e-03   4.65942e-04  -0.00000e+00  -3.48596e+03
 EXTERNAL ERROR MATRIX.    NDIM=  25    NPAR=  7    ERR DEF=1
  1.944e-06 -2.525e-09  5.717e-05 -2.172e-07 -8.679e-08 -2.355e-08 -2.259e-07 
 -2.525e-09  3.357e-12 -6.871e-08  2.840e-10  1.136e-10  3.088e-11  2.751e-10 
  5.717e-05 -6.871e-08  2.463e-02 -5.909e-06 -2.558e-06 -7.324e-07  8.093e-06 
 -2.172e-07  2.840e-10 -5.909e-06  2.482e-08  9.767e-09  2.656e-09  2.365e-08 
 -8.679e-08  1.136e-10 -2.558e-06  9.767e-09  3.935e-09  1.058e-09  1.015e-08 
 -2.355e-08  3.088e-11 -7.324e-07  2.656e-09  1.058e-09  2.881e-10  2.926e-09 
 -2.259e-07  2.751e-10  8.093e-06  2.365e-08  1.015e-08  2.926e-09  2.171e-07 
ERR MATRIX NOT POS-DEF
 PARAMETER  CORRELATION COEFFICIENTS  
       NO.  GLOBAL      6      7      8     18     19     20     22
        6  0.99704   1.000 -0.989  0.261 -0.989 -0.992 -0.995 -0.348
        7  0.99881  -0.989  1.000 -0.239  0.984  0.988  0.993  0.322
        8  0.91303   0.261 -0.239  1.000 -0.239 -0.260 -0.275  0.111
       18  0.99881  -0.989  0.984 -0.239  1.000  0.988  0.993  0.322
       19  0.99457  -0.992  0.988 -0.260  0.988  1.000  0.994  0.347
       20  0.99980  -0.995  0.993 -0.275  0.993  0.994  1.000  0.370
       22  0.94335  -0.348  0.322  0.111  0.322  0.347  0.370  1.000
 ERR MATRIX NOT POS-DEF
MINUIT - FIT ONLY 1-CBO
 **********
 **   29 **RES 
 **********
                   PARAMETER   14  ANy2 RESTORED TO VARIABLE.
                   PARAMETER    4  phi RESTORED TO VARIABLE.
                   PARAMETER    3  A0 RESTORED TO VARIABLE.
                   PARAMETER    1  N0 RESTORED TO VARIABLE.
 **********
 **   30 **FIX            0
 **********
 PARAMETER    0  IS UNDEFINED. IGNORED.
 **********
 **   31 **FIX            1
 **********
 **********
 **   32 **FIX            2
 **********
 PARAMETER    2  IS CONSTANT.   IGNORED.
 **********
 **   33 **FIX            3
 **********
 **********
 **   34 **FIX            4
 **********
 **********
 **   35 **FIX            8
 **********
 **********
 **   36 **FIX            9
 **********
 PARAMETER    9  IS CONSTANT.   IGNORED.
 **********
 **   37 **FIX           11
 **********
 PARAMETER   11  IS CONSTANT.   IGNORED.
 **********
 **   38 **FIX           12
 **********
 PARAMETER   12  IS CONSTANT.   IGNORED.
 **********
 **   39 **FIX           13
 **********
 PARAMETER   13  IS CONSTANT.   IGNORED.
 **********
 **   40 **FIX           15
 **********
 PARAMETER   15  IS CONSTANT.   IGNORED.
 **********
 **   41 **FIX           16
 **********
 PARAMETER   16  IS CONSTANT.   IGNORED.
 **********
 **   42 **MIGRAD
 **********
 START MIGRAD MINIMIZATION.  STRATEGY  1.  CONVERGENCE WHEN EDM .LT. 1.00e-04
 FCN=2561.76 FROM MIGRAD    STATUS=INITIATE       16 CALLS         512 TOTAL
                     EDM= unknown      STRATEGY= 1      NO ERROR MATRIX       
  EXT PARAMETER               CURRENT GUESS       STEP         FIRST   
  NO.   NAME      VALUE            ERROR          SIZE      DERIVATIVE 
   1  N0           2.79515e+06     fixed    
   2  tau          6.43930e+01   constant   
   3  A0           3.56435e-01     fixed    
   4  phi          4.11516e+00     fixed    
   5  R           -6.11314e+01   constant   
   6  A_CBO        1.06269e-03   1.39415e-03   0.00000e+00  -2.33215e+03
   7  w_CBO        2.32599e+00   1.83212e-06  -0.00000e+00  -2.69637e+06
   8  phi_CBO      5.79471e+00     fixed    
   9  ANx2         3.99781e-04   constant   
  10  pNx2         4.45174e+00   constant   
  11  ANy1         0.00000e+00   constant   
  12  pNy1         0.00000e+00   constant   
  13  w_y          0.00000e+00   constant   
  14  ANy2         9.79441e-03   1.00000e-04   1.00000e-04   4.24247e+05
  15  pNy2         4.41741e+00   constant   
  16  w_vw         1.43026e+01   constant   
  17  LM          -4.33674e-04   constant   
  18  wCBO_expCoeff   1.99999e+02   1.57558e-04  -0.00000e+00  -3.13430e+04
  19  wCBO_expOffset   2.00000e+02   6.27261e-05  -0.00000e+00  -8.29303e+04
  20  wCBO_expT    3.00000e+01   1.69722e-05  -0.00000e+00   8.88182e+05
  21  wCBO_linCoeff   0.00000e+00   constant   
  22  wCBO_const   6.35757e-03   4.65942e-04  -0.00000e+00  -3.48597e+03
 MIGRAD FAILS TO FIND IMPROVEMENT
 FCN=598.813 FROM HESSE     STATUS=NOT POSDEF     58 CALLS         668 TOTAL
                     EDM=56.8861    STRATEGY= 1      ERR MATRIX NOT POS-DEF
  EXT PARAMETER                APPROXIMATE        STEP         FIRST   
  NO.   NAME      VALUE            ERROR          SIZE      DERIVATIVE 
   1  N0           2.79515e+06     fixed    
   2  tau          6.43930e+01   constant   
   3  A0           3.56435e-01     fixed    
   4  phi          4.11516e+00     fixed    
   5  R           -6.11314e+01   constant   
   6  A_CBO       -1.04363e-04   1.88456e-03   2.53497e-06  -3.85979e+02
   7  w_CBO        2.32599e+00   2.72098e-06   1.10912e-06  -7.22112e+05
   8  phi_CBO      5.79471e+00     fixed    
   9  ANx2         3.99781e-04   constant   
  10  pNx2         4.45174e+00   constant   
  11  ANy1         0.00000e+00   constant   
  12  pNy1         0.00000e+00   constant   
  13  w_y          0.00000e+00   constant   
  14  ANy2         5.30860e-04   2.22995e-04   2.47966e-06  -9.43916e+01
  15  pNy2         4.41741e+00   constant   
  16  w_vw         1.43026e+01   constant   
  17  LM          -4.33674e-04   constant   
  18  wCBO_expCoeff   1.99999e+02   2.34072e-04   9.53671e-05  -8.39757e+03
  19  wCBO_expOffset   2.00000e+02   3.66220e-04   9.53675e-05   4.57686e+04
  20  wCBO_expT    3.00000e+01   2.01112e-05   1.43051e-05   1.97218e+05
  21  wCBO_linCoeff   0.00000e+00   constant   
  22  wCBO_const   5.65661e-03   6.95535e-03   1.06771e-05  -1.26799e+02
 MIGRAD FAILS TO FIND IMPROVEMENT
 MIGRAD TERMINATED WITHOUT CONVERGENCE.
 FCN=598.813 FROM MIGRAD    STATUS=FAILED        183 CALLS         679 TOTAL
                     EDM=56.8861    STRATEGY= 1      ERR MATRIX NOT POS-DEF
  EXT PARAMETER                APPROXIMATE        STEP         FIRST   
  NO.   NAME      VALUE            ERROR          SIZE      DERIVATIVE 
   1  N0           2.79515e+06     fixed    
   2  tau          6.43930e+01   constant   
   3  A0           3.56435e-01     fixed    
   4  phi          4.11516e+00     fixed    
   5  R           -6.11314e+01   constant   
   6  A_CBO       -1.04363e-04   1.88456e-03  -0.00000e+00  -3.85979e+02
   7  w_CBO        2.32599e+00   2.72098e-06   0.00000e+00  -7.22112e+05
   8  phi_CBO      5.79471e+00     fixed    
   9  ANx2         3.99781e-04   constant   
  10  pNx2         4.45174e+00   constant   
  11  ANy1         0.00000e+00   constant   
  12  pNy1         0.00000e+00   constant   
  13  w_y          0.00000e+00   constant   
  14  ANy2         5.30860e-04   2.22995e-04  -0.00000e+00  -9.43916e+01
  15  pNy2         4.41741e+00   constant   
  16  w_vw         1.43026e+01   constant   
  17  LM          -4.33674e-04   constant   
  18  wCBO_expCoeff   1.99999e+02   2.34072e-04   0.00000e+00  -8.39757e+03
  19  wCBO_expOffset   2.00000e+02   3.66220e-04  -0.00000e+00   4.57686e+04
  20  wCBO_expT    3.00000e+01   2.01112e-05   0.00000e+00   1.97218e+05
  21  wCBO_linCoeff   0.00000e+00   constant   
  22  wCBO_const   5.65661e-03   6.95535e-03  -0.00000e+00  -1.26799e+02
 EXTERNAL ERROR MATRIX.    NDIM=  25    NPAR=  7    ERR DEF=1
  3.552e-06 -4.959e-09  2.605e-07 -4.266e-07  6.855e-07 -3.733e-08  1.281e-05 
 -4.959e-09  7.404e-12 -3.624e-10  6.033e-10 -9.609e-10  5.316e-11 -1.855e-08 
  2.605e-07 -3.624e-10  4.973e-08 -3.117e-08  5.034e-08 -2.724e-09  9.344e-07 
 -4.266e-07  6.033e-10 -3.117e-08  5.479e-08 -8.266e-08  4.573e-09 -1.596e-06 
  6.855e-07 -9.609e-10  5.034e-08 -8.266e-08  1.341e-07 -7.224e-09  2.471e-06 
 -3.733e-08  5.316e-11 -2.724e-09  4.573e-09 -7.224e-09  4.045e-10 -1.370e-07 
  1.281e-05 -1.855e-08  9.344e-07 -1.596e-06  2.471e-06 -1.370e-07  4.838e-05 
ERR MATRIX NOT POS-DEF
 PARAMETER  CORRELATION COEFFICIENTS  
       NO.  GLOBAL      6      7     14     18     19     20     22
        6  0.99549   1.000 -0.967  0.620 -0.967  0.993 -0.985  0.978
        7  0.98663  -0.967  1.000 -0.597  0.947 -0.964  0.971 -0.980
       14  0.62041   0.620 -0.597  1.000 -0.597  0.616 -0.607  0.602
       18  0.98664  -0.967  0.947 -0.597  1.000 -0.964  0.972 -0.980
       19  0.99413   0.993 -0.964  0.616 -0.964  1.000 -0.981  0.970
       20  0.98968  -0.985  0.971 -0.607  0.972 -0.981  1.000 -0.980
       22  0.99411   0.978 -0.980  0.602 -0.980  0.970 -0.980  1.000
 ERR MATRIX NOT POS-DEF
MINUIT - FIT ONLY 2-CBO
 **********
 **   43 **RES 
 **********
                   PARAMETER    8  phi_CBO RESTORED TO VARIABLE.
                   PARAMETER    4  phi RESTORED TO VARIABLE.
                   PARAMETER    3  A0 RESTORED TO VARIABLE.
                   PARAMETER    1  N0 RESTORED TO VARIABLE.
 **********
 **   44 **FIX            0
 **********
 PARAMETER    0  IS UNDEFINED. IGNORED.
 **********
 **   45 **FIX            1
 **********
 **********
 **   46 **FIX            2
 **********
 PARAMETER    2  IS CONSTANT.   IGNORED.
 **********
 **   47 **FIX            3
 **********
 **********
 **   48 **FIX            4
 **********
 **********
 **   49 **FIX            5
 **********
 PARAMETER    5  IS CONSTANT.   IGNORED.
 **********
 **   50 **FIX            6
 **********
 **********
 **   51 **FIX            7
 **********
 **********
 **   52 **FIX           10
 **********
 PARAMETER   10  IS CONSTANT.   IGNORED.
 **********
 **   53 **FIX           11
 **********
 PARAMETER   11  IS CONSTANT.   IGNORED.
 **********
 **   54 **FIX           12
 **********
 PARAMETER   12  IS CONSTANT.   IGNORED.
 **********
 **   55 **FIX           13
 **********
 PARAMETER   13  IS CONSTANT.   IGNORED.
 **********
 **   56 **FIX           14
 **********
 **********
 **   57 **FIX           15
 **********
 PARAMETER   15  IS CONSTANT.   IGNORED.
 **********
 **   58 **FIX           16
 **********
 PARAMETER   16  IS CONSTANT.   IGNORED.
 **********
 **   59 **MIGRAD
 **********
 START MIGRAD MINIMIZATION.  STRATEGY  1.  CONVERGENCE WHEN EDM .LT. 1.00e-04
 FCN=598.813 FROM MIGRAD    STATUS=INITIATE       12 CALLS         691 TOTAL
                     EDM= unknown      STRATEGY= 1      NO ERROR MATRIX       
  EXT PARAMETER               CURRENT GUESS       STEP         FIRST   
  NO.   NAME      VALUE            ERROR          SIZE      DERIVATIVE 
   1  N0           2.79515e+06     fixed    
   2  tau          6.43930e+01   constant   
   3  A0           3.56435e-01     fixed    
   4  phi          4.11516e+00     fixed    
   5  R           -6.11314e+01   constant   
   6  A_CBO       -1.04363e-04     fixed    
   7  w_CBO        2.32599e+00     fixed    
   8  phi_CBO      5.79471e+00   1.56939e-01   1.56939e-01  -2.02611e+00
   9  ANx2         3.99781e-04   constant   
  10  pNx2         4.45174e+00   constant   
  11  ANy1         0.00000e+00   constant   
  12  pNy1         0.00000e+00   constant   
  13  w_y          0.00000e+00   constant   
  14  ANy2         5.30860e-04     fixed    
  15  pNy2         4.41741e+00   constant   
  16  w_vw         1.43026e+01   constant   
  17  LM          -4.33674e-04   constant   
  18  wCBO_expCoeff   1.99999e+02   2.34072e-04   0.00000e+00  -3.36548e+03
  19  wCBO_expOffset   2.00000e+02   3.66220e-04  -0.00000e+00  -9.40331e+03
  20  wCBO_expT    3.00000e+01   2.01112e-05   0.00000e+00  -1.49058e+05
  21  wCBO_linCoeff   0.00000e+00   constant   
  22  wCBO_const   5.65661e-03   6.95535e-03  -0.00000e+00  -1.26794e+02
 MIGRAD FAILS TO FIND IMPROVEMENT
 COVARIANCE MATRIX CALCULATED SUCCESSFULLY
 FCN=597.214 FROM HESSE     STATUS=OK             35 CALLS         747 TOTAL
                     EDM=1.72535    STRATEGY= 1      ERROR MATRIX ACCURATE 
  EXT PARAMETER                                   STEP         FIRST   
  NO.   NAME      VALUE            ERROR          SIZE      DERIVATIVE 
   1  N0           2.79515e+06     fixed    
   2  tau          6.43930e+01   constant   
   3  A0           3.56435e-01     fixed    
   4  phi          4.11516e+00     fixed    
   5  R           -6.11314e+01   constant   
   6  A_CBO       -1.04363e-04     fixed    
   7  w_CBO        2.32599e+00     fixed    
   8  phi_CBO      7.29205e+00   1.24274e+00   1.20882e-02   1.77280e-01
   9  ANx2         3.99781e-04   constant   
  10  pNx2         4.45174e+00   constant   
  11  ANy1         0.00000e+00   constant   
  12  pNy1         0.00000e+00   constant   
  13  w_y          0.00000e+00   constant   
  14  ANy2         5.30860e-04     fixed    
  15  pNy2         4.41741e+00   constant   
  16  w_vw         1.43026e+01   constant   
  17  LM          -4.33674e-04   constant   
  18  wCBO_expCoeff   1.99999e+02   2.34918e-04   9.53671e-05   1.03271e+04
  19  wCBO_expOffset   2.00000e+02   7.41674e-05   9.53675e-05  -1.11754e+04
  20  wCBO_expT    3.00000e+01   9.99362e-06   1.43051e-05  -2.17707e+05
  21  wCBO_linCoeff   0.00000e+00   constant   
  22  wCBO_const   5.67539e-03   4.39919e-03   1.06720e-05   4.60502e+02
 MIGRAD FAILS TO FIND IMPROVEMENT
 MIGRAD TERMINATED WITHOUT CONVERGENCE.
 FCN=597.214 FROM MIGRAD    STATUS=FAILED         79 CALLS         758 TOTAL
                     EDM=1.72535    STRATEGY= 1      ERR MATRIX APPROXIMATE
  EXT PARAMETER                APPROXIMATE        STEP         FIRST   
  NO.   NAME      VALUE            ERROR          SIZE      DERIVATIVE 
   1  N0           2.79515e+06     fixed    
   2  tau          6.43930e+01   constant   
   3  A0           3.56435e-01     fixed    
   4  phi          4.11516e+00     fixed    
   5  R           -6.11314e+01   constant   
   6  A_CBO       -1.04363e-04     fixed    
   7  w_CBO        2.32599e+00     fixed    
   8  phi_CBO      7.29205e+00   1.24274e+00  -0.00000e+00   1.77280e-01
   9  ANx2         3.99781e-04   constant   
  10  pNx2         4.45174e+00   constant   
  11  ANy1         0.00000e+00   constant   
  12  pNy1         0.00000e+00   constant   
  13  w_y          0.00000e+00   constant   
  14  ANy2         5.30860e-04     fixed    
  15  pNy2         4.41741e+00   constant   
  16  w_vw         1.43026e+01   constant   
  17  LM          -4.33674e-04   constant   
  18  wCBO_expCoeff   1.99999e+02   2.34918e-04   0.00000e+00   1.03271e+04
  19  wCBO_expOffset   2.00000e+02   7.41674e-05   0.00000e+00  -1.11754e+04
  20  wCBO_expT    3.00000e+01   9.99362e-06   0.00000e+00  -2.17707e+05
  21  wCBO_linCoeff   0.00000e+00   constant   
  22  wCBO_const   5.67539e-03   4.39919e-03  -0.00000e+00   4.60502e+02
 EXTERNAL ERROR MATRIX.    NDIM=  25    NPAR=  5    ERR DEF=1
  1.544e+00 -1.355e-04 -2.039e-05 -5.972e-06  2.491e-03 
 -1.355e-04  5.519e-08  1.393e-08  2.205e-09 -1.007e-06 
 -2.039e-05  1.393e-08  5.501e-09  5.812e-10 -2.745e-07 
 -5.972e-06  2.205e-09  5.812e-10  9.987e-11 -4.011e-08 
  2.491e-03 -1.007e-06 -2.745e-07 -4.011e-08  1.935e-05 
ERR MATRIX APPROXIMATE
 PARAMETER  CORRELATION COEFFICIENTS  
       NO.  GLOBAL      8     18     19     20     22
        8  0.58020   1.000 -0.464 -0.221 -0.481  0.456
       18  0.98333  -0.464  1.000  0.799  0.939 -0.974
       19  0.87426  -0.221  0.799  1.000  0.784 -0.841
       20  0.94486  -0.481  0.939  0.784  1.000 -0.912
       22  0.98109   0.456 -0.974 -0.841 -0.912  1.000
 ERR MATRIX APPROXIMATE
MINUIT - FIT ONLY 1-y
 **********
 **   60 **RES 
 **********
                   PARAMETER   14  ANy2 RESTORED TO VARIABLE.
                   PARAMETER    7  w_CBO RESTORED TO VARIABLE.
                   PARAMETER    6  A_CBO RESTORED TO VARIABLE.
                   PARAMETER    4  phi RESTORED TO VARIABLE.
                   PARAMETER    3  A0 RESTORED TO VARIABLE.
                   PARAMETER    1  N0 RESTORED TO VARIABLE.
 **********
 **   61 **FIX            0
 **********
 PARAMETER    0  IS UNDEFINED. IGNORED.
 **********
 **   62 **FIX            1
 **********
 **********
 **   63 **FIX            2
 **********
 PARAMETER    2  IS CONSTANT.   IGNORED.
 **********
 **   64 **FIX            3
 **********
 **********
 **   65 **FIX            4
 **********
 **********
 **   66 **FIX            5
 **********
 PARAMETER    5  IS CONSTANT.   IGNORED.
 **********
 **   67 **FIX            6
 **********
 **********
 **   68 **FIX            7
 **********
 **********
 **   69 **FIX            8
 **********
 **********
 **   70 **FIX            9
 **********
 PARAMETER    9  IS CONSTANT.   IGNORED.
 **********
 **   71 **FIX           13
 **********
 PARAMETER   13  IS CONSTANT.   IGNORED.
 **********
 **   72 **FIX           14
 **********
 **********
 **   73 **FIX           15
 **********
 PARAMETER   15  IS CONSTANT.   IGNORED.
 **********
 **   74 **FIX           16
 **********
 PARAMETER   16  IS CONSTANT.   IGNORED.
 **********
 **   75 **MIGRAD
 **********
 START MIGRAD MINIMIZATION.  STRATEGY  1.  CONVERGENCE WHEN EDM .LT. 1.00e-04
 FCN=597.214 FROM MIGRAD    STATUS=INITIATE        8 CALLS         766 TOTAL
                     EDM= unknown      STRATEGY= 1      NO ERROR MATRIX       
  EXT PARAMETER               CURRENT GUESS       STEP         FIRST   
  NO.   NAME      VALUE            ERROR          SIZE      DERIVATIVE 
   1  N0           2.79515e+06     fixed    
   2  tau          6.43930e+01   constant   
   3  A0           3.56435e-01     fixed    
   4  phi          4.11516e+00     fixed    
   5  R           -6.11314e+01   constant   
   6  A_CBO       -1.04363e-04     fixed    
   7  w_CBO        2.32599e+00     fixed    
   8  phi_CBO      7.29205e+00     fixed    
   9  ANx2         3.99781e-04   constant   
  10  pNx2         4.45174e+00   constant   
  11  ANy1         0.00000e+00   constant   
  12  pNy1         0.00000e+00   constant   
  13  w_y          0.00000e+00   constant   
  14  ANy2         5.30860e-04     fixed    
  15  pNy2         4.41741e+00   constant   
  16  w_vw         1.43026e+01   constant   
  17  LM          -4.33674e-04   constant   
  18  wCBO_expCoeff   1.99999e+02   2.34918e-04   0.00000e+00   9.84941e+03
  19  wCBO_expOffset   2.00000e+02   7.41674e-05   0.00000e+00  -1.68038e+04
  20  wCBO_expT    3.00000e+01   9.99362e-06   0.00000e+00  -1.39361e+03
  21  wCBO_linCoeff   0.00000e+00   constant   
  22  wCBO_const   5.67539e-03   4.39919e-03  -0.00000e+00   4.60501e+02
 MIGRAD FAILS TO FIND IMPROVEMENT
 COVARIANCE MATRIX CALCULATED SUCCESSFULLY
 FCN=597.214 FROM HESSE     STATUS=OK             27 CALLS         801 TOTAL
                     EDM=1.34424    STRATEGY= 1      ERROR MATRIX ACCURATE 
  EXT PARAMETER                                   STEP         FIRST   
  NO.   NAME      VALUE            ERROR          SIZE      DERIVATIVE 
   1  N0           2.79515e+06     fixed    
   2  tau          6.43930e+01   constant   
   3  A0           3.56435e-01     fixed    
   4  phi          4.11516e+00     fixed    
   5  R           -6.11314e+01   constant   
   6  A_CBO       -1.04363e-04     fixed    
   7  w_CBO        2.32599e+00     fixed    
   8  phi_CBO      7.29205e+00     fixed    
   9  ANx2         3.99781e-04   constant   
  10  pNx2         4.45174e+00   constant   
  11  ANy1         0.00000e+00   constant   
  12  pNy1         0.00000e+00   constant   
  13  w_y          0.00000e+00   constant   
  14  ANy2         5.30860e-04     fixed    
  15  pNy2         4.41741e+00   constant   
  16  w_vw         1.43026e+01   constant   
  17  LM          -4.33674e-04   constant   
  18  wCBO_expCoeff   1.99999e+02   2.08740e-04   9.53671e-05   1.03271e+04
  19  wCBO_expOffset   2.00000e+02   7.25048e-05   9.53675e-05  -1.11754e+04
  20  wCBO_expT    3.00000e+01   8.78779e-06   1.43051e-05  -2.17707e+05
  21  wCBO_linCoeff   0.00000e+00   constant   
  22  wCBO_const   5.67539e-03   3.92838e-03   1.01686e-05   4.60501e+02
 MIGRAD FAILS TO FIND IMPROVEMENT
 MIGRAD TERMINATED WITHOUT CONVERGENCE.
 FCN=597.214 FROM MIGRAD    STATUS=FAILED         53 CALLS         811 TOTAL
                     EDM=1.34424    STRATEGY= 1      ERR MATRIX APPROXIMATE
  EXT PARAMETER                APPROXIMATE        STEP         FIRST   
  NO.   NAME      VALUE            ERROR          SIZE      DERIVATIVE 
   1  N0           2.79515e+06     fixed    
   2  tau          6.43930e+01   constant   
   3  A0           3.56435e-01     fixed    
   4  phi          4.11516e+00     fixed    
   5  R           -6.11314e+01   constant   
   6  A_CBO       -1.04363e-04     fixed    
   7  w_CBO        2.32599e+00     fixed    
   8  phi_CBO      7.29205e+00     fixed    
   9  ANx2         3.99781e-04   constant   
  10  pNx2         4.45174e+00   constant   
  11  ANy1         0.00000e+00   constant   
  12  pNy1         0.00000e+00   constant   
  13  w_y          0.00000e+00   constant   
  14  ANy2         5.30860e-04     fixed    
  15  pNy2         4.41741e+00   constant   
  16  w_vw         1.43026e+01   constant   
  17  LM          -4.33674e-04   constant   
  18  wCBO_expCoeff   1.99999e+02   2.08740e-04   0.00000e+00   1.03271e+04
  19  wCBO_expOffset   2.00000e+02   7.25048e-05   0.00000e+00  -1.11754e+04
  20  wCBO_expT    3.00000e+01   8.78779e-06   0.00000e+00  -2.17707e+05
  21  wCBO_linCoeff   0.00000e+00   constant   
  22  wCBO_const   5.67539e-03   3.92838e-03  -0.00000e+00   4.60501e+02
 EXTERNAL ERROR MATRIX.    NDIM=  25    NPAR=  4    ERR DEF=1
  4.357e-08  1.222e-08  1.692e-09 -7.936e-07 
  1.222e-08  5.257e-09  5.057e-10 -2.432e-07 
  1.692e-09  5.057e-10  7.723e-11 -3.069e-08 
 -7.936e-07 -2.432e-07 -3.069e-08  1.543e-05 
ERR MATRIX APPROXIMATE
 PARAMETER  CORRELATION COEFFICIENTS  
       NO.  GLOBAL     18     19     20     22
       18  0.97883   1.000  0.808  0.922 -0.968
       19  0.86798   0.808  1.000  0.794 -0.854
       20  0.92807   0.922  0.794  1.000 -0.889
       22  0.97623  -0.968 -0.854 -0.889  1.000
 ERR MATRIX APPROXIMATE
MINUIT - FIT ONLY 2-y
 **********
 **   76 **RES 
 **********
                   PARAMETER   14  ANy2 RESTORED TO VARIABLE.
                   PARAMETER    8  phi_CBO RESTORED TO VARIABLE.
                   PARAMETER    7  w_CBO RESTORED TO VARIABLE.
                   PARAMETER    6  A_CBO RESTORED TO VARIABLE.
                   PARAMETER    4  phi RESTORED TO VARIABLE.
                   PARAMETER    3  A0 RESTORED TO VARIABLE.
