 + ++++++++++++++++++++++++++++++++++++++++++++++++++++++++++++++++++++ +
 +                                                                      +
 +           You have chose to blind your fitting according to          +
 +                omega_ref * (1 + (R +/- deltaR) *10^{-6})             +
 +                                                                      +
 + ++++++++++++++++++++++++++++++++++++++++++++++++++++++++++++++++++++ +
In main()...
reading format from /gm2data/zkhechad/run45/envelope/formats/formatB_sBin_constraintOn.txt
pBinTau 	= 0  
pBinPhi 	= 0  
constraintau 	= 1 
includeMopTerm 	= 0    
constrainMop    = 0   
Parameters after format file: pBinTau 0 pBinPhi 0 constraintau 1 includeMopTerm 0 constrainMop 0 c_e_scale 0.000000 
reading cbo reference file (full fit) from /gm2data/zkhechad/cboTemplates/Run4CBOTemplates/fullFits/run4/sBin_constraintOn_cE0.0_seed0_run4_calo22.root
A_CBO 0.009526 w_CBO 2.326135 phi_CBO 3.153773 N0 2910883.778789 R -61.156963 tau 64.406920 
Reading cboRef file /gm2data/zkhechad/cboTemplates/Run4CBOTemplates//cboIsolate/run4_calo22.root
deltaT 164.120000
windowBins = 1100
fitting sliding window 1660 from bin 1863 at 277.959600 to bin 2963 at 442.079600 (1100 bins)

Reading data from /gm2data/cornell/histograms/aMethod/histogram_a_run4.root
fitting cbo isolate
 **********
 **    1 **SET PRINTOUT            1
 **********
 **********
 **    2 **SET NOWARNINGS 
 **********
 PARAMETER DEFINITIONS:
    NO.   NAME         VALUE      STEP SIZE      LIMITS
     1 A_CBO        9.52554e-03  1.00000e-05     no limits
     2 w_CBO        2.32614e+00  1.00000e-02    2.00000e+00  3.00000e+00
     3 phi_CBO      3.15377e+00  1.00000e-02    0.00000e+00  6.28319e+00
 **********
 **    3 **MIGRAD
 **********
 FIRST CALL TO USER FUNCTION AT NEW START POINT, WITH IFLAG=4.
 START MIGRAD MINIMIZATION.  STRATEGY  1.  CONVERGENCE WHEN EDM .LT. 1.00e-04
 FCN=0.0768027 FROM MIGRAD    STATUS=INITIATE       12 CALLS          13 TOTAL
                     EDM= unknown      STRATEGY= 1      NO ERROR MATRIX       
  EXT PARAMETER               CURRENT GUESS       STEP         FIRST   
  NO.   NAME      VALUE            ERROR          SIZE      DERIVATIVE 
   1  A_CBO        9.52554e-03   1.00000e-05   1.00000e-05   7.78025e+00
   2  w_CBO        2.32614e+00   1.00000e-02   2.13335e-02  -5.94534e-02
   3  phi_CBO      3.15377e+00   1.00000e-02   3.18313e-03   1.46388e-03
 MIGRAD MINIMIZATION HAS CONVERGED.
 MIGRAD WILL VERIFY CONVERGENCE AND ERROR MATRIX.
 COVARIANCE MATRIX CALCULATED SUCCESSFULLY
 FCN=0.0493741 FROM MIGRAD    STATUS=CONVERGED      41 CALLS          42 TOTAL
                     EDM=7.95032e-06    STRATEGY= 1      ERROR MATRIX ACCURATE 
  EXT PARAMETER                                   STEP         FIRST   
  NO.   NAME      VALUE            ERROR          SIZE      DERIVATIVE 
   1  A_CBO        2.47481e-03   4.27697e-02   2.12943e-05  -1.20271e-04
   2  w_CBO        2.32618e+00   3.31927e-01   5.21751e-05   1.84033e-02
   3  phi_CBO      3.13549e+00   3.97750e+00   2.74612e-03  -2.62223e-04
 EXTERNAL ERROR MATRIX.    NDIM=  25    NPAR=  3    ERR DEF=1
  1.829e-03 -1.508e-03 -5.207e-01 
 -1.508e-03  1.360e-01  4.754e+01 
 -5.207e-01  4.754e+01  1.691e+04 
 PARAMETER  CORRELATION COEFFICIENTS  
       NO.  GLOBAL      1      2      3
        1  0.09596   1.000 -0.096 -0.094
        2  0.99117  -0.096  1.000  0.991
        3  0.99117  -0.094  0.991  1.000
setting A_CBO=0.002475 w_CBO=2.326175, phi_CBO=3.135491
done fitting cbo isolate
 **********
 **    1 **SET PRINTOUT            1
 **********
 **********
 **    2 **SET NOWARNINGS 
 **********
 PARAMETER DEFINITIONS:
    NO.   NAME         VALUE      STEP SIZE      LIMITS
     1 N0           2.91088e+06  1.00000e+02     no limits
     2 tau          6.44069e+01  constant
     3 A0           3.51795e-01  1.00000e-04     no limits
     4 phi          4.11585e+00  1.00000e-02     no limits
     5 R           -6.11570e+01  constant
     6 A_CBO        2.47481e-03  1.00000e-05     no limits
     7 w_CBO        2.32618e+00  1.00000e-03     no limits
     8 phi_CBO      3.13549e+00  1.00000e-04     no limits
     9 ANx2         8.59960e-04  constant
    10 pNx2         1.29548e+00  constant
    11 ANy1         0.00000e+00  constant
    12 pNy1         0.00000e+00  constant
    13 w_y          0.00000e+00  constant
    14 ANy2         8.55552e-03  1.00000e-04     no limits
    15 pNy2         3.07836e+00  constant
    16 w_vw         1.43006e+01  constant
    17 LM           1.55944e-04  constant
    18 wCBO_expCoeff   2.00000e+02  1.00000e+00     no limits
    19 wCBO_expOffset   2.00000e+02  1.00000e+00     no limits
    20 wCBO_expT    3.00000e+01  1.00000e+00     no limits
    21 wCBO_linCoeff   0.00000e+00  constant
    22 wCBO_const   0.00000e+00  1.00000e-02     no limits
MINUIT - FIT ONLY WIGGLE
 **********
 **    3 **FIX            5
 **********
 PARAMETER    5  IS CONSTANT.   IGNORED.
 **********
 **    4 **FIX            6
 **********
 **********
 **    5 **FIX            7
 **********
 **********
 **    6 **FIX            8
 **********
 **********
 **    7 **FIX            9
 **********
 PARAMETER    9  IS CONSTANT.   IGNORED.
 **********
 **    8 **FIX           10
 **********
 PARAMETER   10  IS CONSTANT.   IGNORED.
 **********
 **    9 **FIX           11
 **********
 PARAMETER   11  IS CONSTANT.   IGNORED.
 **********
 **   10 **FIX           12
 **********
 PARAMETER   12  IS CONSTANT.   IGNORED.
 **********
 **   11 **FIX           13
 **********
 PARAMETER   13  IS CONSTANT.   IGNORED.
 **********
 **   12 **FIX           14
 **********
 **********
 **   13 **FIX           15
 **********
 PARAMETER   15  IS CONSTANT.   IGNORED.
 **********
 **   14 **FIX           16
 **********
 PARAMETER   16  IS CONSTANT.   IGNORED.
 **********
 **   15 **MIGRAD
 **********
 FIRST CALL TO USER FUNCTION AT NEW START POINT, WITH IFLAG=4.
 START MIGRAD MINIMIZATION.  STRATEGY  1.  CONVERGENCE WHEN EDM .LT. 1.00e-04
 FCN=743.663 FROM MIGRAD    STATUS=INITIATE       34 CALLS          35 TOTAL
                     EDM= unknown      STRATEGY= 1      NO ERROR MATRIX       
  EXT PARAMETER               CURRENT GUESS       STEP         FIRST   
  NO.   NAME      VALUE            ERROR          SIZE      DERIVATIVE 
   1  N0           2.91088e+06   1.00000e+02   1.00000e+02   1.43571e-04
   2  tau          6.44069e+01   constant   
   3  A0           3.51795e-01   1.00000e-04   1.00000e-04  -4.00405e+03
   4  phi          4.11585e+00   1.00000e-02   1.00000e-02  -2.57195e+02
   5  R           -6.11570e+01   constant   
   6  A_CBO        2.47481e-03     fixed    
   7  w_CBO        2.32618e+00     fixed    
   8  phi_CBO      3.13549e+00     fixed    
   9  ANx2         8.59960e-04   constant   
  10  pNx2         1.29548e+00   constant   
  11  ANy1         0.00000e+00   constant   
  12  pNy1         0.00000e+00   constant   
  13  w_y          0.00000e+00   constant   
  14  ANy2         8.55552e-03     fixed    
  15  pNy2         3.07836e+00   constant   
  16  w_vw         1.43006e+01   constant   
  17  LM           1.55944e-04   constant   
  18  wCBO_expCoeff   2.00000e+02   1.00000e+00   1.00000e+00   1.76127e+02
  19  wCBO_expOffset   2.00000e+02   1.00000e+00   1.00000e+00   1.17328e+03
  20  wCBO_expT    3.00000e+01   1.00000e+00   1.00000e+00   3.32202e+03
  21  wCBO_linCoeff   0.00000e+00   constant   
  22  wCBO_const   0.00000e+00   1.00000e-02   1.00000e-02   1.23701e+03
 MIGRAD MINIMIZATION HAS CONVERGED.
 FCN=742.35 FROM MIGRAD    STATUS=CONVERGED     148 CALLS         149 TOTAL
                     EDM=3.41086e-07    STRATEGY= 1  ERROR MATRIX UNCERTAINTY   1.3 per cent
  EXT PARAMETER                                   STEP         FIRST   
  NO.   NAME      VALUE            ERROR          SIZE      DERIVATIVE 
   1  N0           2.91087e+06   8.59118e+02  -5.64947e+00   3.27605e-07
   2  tau          6.44069e+01   constant   
   3  A0           3.52104e-01   3.94606e-04  -2.42149e-07   1.49315e-01
   4  phi          4.11597e+00   1.18114e-03   3.44834e-06  -3.10667e-01
   5  R           -6.11570e+01   constant   
   6  A_CBO        2.47481e-03     fixed    
   7  w_CBO        2.32618e+00     fixed    
   8  phi_CBO      3.13549e+00     fixed    
   9  ANx2         8.59960e-04   constant   
  10  pNx2         1.29548e+00   constant   
  11  ANy1         0.00000e+00   constant   
  12  pNy1         0.00000e+00   constant   
  13  w_y          0.00000e+00   constant   
  14  ANy2         8.55552e-03     fixed    
  15  pNy2         3.07836e+00   constant   
  16  w_vw         1.43006e+01   constant   
  17  LM           1.55944e-04   constant   
  18  wCBO_expCoeff   2.00002e+02   3.82778e-02   9.14745e-05  -3.62403e-04
  19  wCBO_expOffset   2.00000e+02   6.14933e-03   1.47112e-05  -4.20822e-01
  20  wCBO_expT    2.99993e+01   4.45881e-03  -7.32612e-06  -4.36809e-01
  21  wCBO_linCoeff   0.00000e+00   constant   
  22  wCBO_const   2.79995e-04   6.51521e-04  -1.56335e-06   1.47566e+00
 EXTERNAL ERROR MATRIX.    NDIM=  25    NPAR=  7    ERR DEF=1
  7.381e+05  4.326e-03 -7.650e-03  7.292e-02 -4.585e-03 -2.643e-02  6.854e-03 
  4.326e-03  1.557e-07 -4.387e-09 -4.683e-07 -7.601e-08  5.315e-08 -8.032e-10 
 -7.650e-03 -4.387e-09  1.395e-06 -7.092e-07 -1.078e-07  1.477e-07 -7.228e-08 
  7.292e-02 -4.683e-07 -7.092e-07  1.465e-03  2.269e-04 -1.671e-04  1.633e-05 
 -4.585e-03 -7.601e-08 -1.078e-07  2.269e-04  3.781e-05 -2.690e-05  2.638e-06 
 -2.643e-02  5.315e-08  1.477e-07 -1.671e-04 -2.690e-05  1.988e-05 -2.172e-06 
  6.854e-03 -8.032e-10 -7.228e-08  1.633e-05  2.638e-06 -2.172e-06  4.245e-07 
 PARAMETER  CORRELATION COEFFICIENTS  
       NO.  GLOBAL      1      3      4     18     19     20     22
        1  0.06014   1.000  0.013 -0.008  0.002 -0.001 -0.007  0.012
        3  0.04929   0.013  1.000 -0.009 -0.031 -0.031  0.030 -0.003
        4  0.11397  -0.008 -0.009  1.000 -0.016 -0.015  0.028 -0.094
       18  0.98835   0.002 -0.031 -0.016  1.000  0.964 -0.979  0.655
       19  0.98967  -0.001 -0.031 -0.015  0.964  1.000 -0.981  0.658
       20  0.99686  -0.007  0.030  0.028 -0.979 -0.981  1.000 -0.748
       22  0.91485   0.012 -0.003 -0.094  0.655  0.658 -0.748  1.000
MINUIT - FIT ONLY 1-CBO + other amplitudes 
 **********
 **   16 **RES 
 **********
                   PARAMETER   14  ANy2 RESTORED TO VARIABLE.
                   PARAMETER    8  phi_CBO RESTORED TO VARIABLE.
                   PARAMETER    7  w_CBO RESTORED TO VARIABLE.
                   PARAMETER    6  A_CBO RESTORED TO VARIABLE.
 **********
 **   17 **FIX            0
 **********
 PARAMETER    0  IS UNDEFINED. IGNORED.
 **********
 **   18 **FIX            1
 **********
 **********
 **   19 **FIX            2
 **********
 PARAMETER    2  IS CONSTANT.   IGNORED.
 **********
 **   20 **FIX            3
 **********
 **********
 **   21 **FIX            4
 **********
 **********
 **   22 **FIX            9
 **********
 PARAMETER    9  IS CONSTANT.   IGNORED.
 **********
 **   23 **FIX           11
 **********
 PARAMETER   11  IS CONSTANT.   IGNORED.
 **********
 **   24 **FIX           12
 **********
 PARAMETER   12  IS CONSTANT.   IGNORED.
 **********
 **   25 **FIX           14
 **********
 **********
 **   26 **FIX           15
 **********
 PARAMETER   15  IS CONSTANT.   IGNORED.
 **********
 **   27 **FIX           16
 **********
 PARAMETER   16  IS CONSTANT.   IGNORED.
 **********
 **   28 **MIGRAD
 **********
 START MIGRAD MINIMIZATION.  STRATEGY  1.  CONVERGENCE WHEN EDM .LT. 1.00e-04
 FCN=742.35 FROM MIGRAD    STATUS=INITIATE       20 CALLS         169 TOTAL
                     EDM= unknown      STRATEGY= 1      NO ERROR MATRIX       
  EXT PARAMETER               CURRENT GUESS       STEP         FIRST   
  NO.   NAME      VALUE            ERROR          SIZE      DERIVATIVE 
   1  N0           2.91087e+06     fixed    
   2  tau          6.44069e+01   constant   
   3  A0           3.52104e-01     fixed    
   4  phi          4.11597e+00     fixed    
   5  R           -6.11570e+01   constant   
   6  A_CBO        2.47481e-03   1.00000e-05   1.00000e-05   1.96871e+04
   7  w_CBO        2.32618e+00   1.00000e-03   1.00000e-03   5.13200e-01
   8  phi_CBO      3.13549e+00   1.00000e-04   1.00000e-04   5.39114e+00
   9  ANx2         8.59960e-04   constant   
  10  pNx2         1.29548e+00   constant   
  11  ANy1         0.00000e+00   constant   
  12  pNy1         0.00000e+00   constant   
  13  w_y          0.00000e+00   constant   
  14  ANy2         8.55552e-03     fixed    
  15  pNy2         3.07836e+00   constant   
  16  w_vw         1.43006e+01   constant   
  17  LM           1.55944e-04   constant   
  18  wCBO_expCoeff   2.00002e+02   3.82778e-02   9.14745e-05  -3.62403e-04
  19  wCBO_expOffset   2.00000e+02   6.14933e-03   1.47112e-05  -4.20822e-01
  20  wCBO_expT    2.99993e+01   4.45881e-03  -7.32612e-06  -4.36809e-01
  21  wCBO_linCoeff   0.00000e+00   constant   
  22  wCBO_const   2.79995e-04   6.51521e-04  -1.56335e-06   1.47569e+00
 MIGRAD MINIMIZATION HAS CONVERGED.
 MIGRAD WILL VERIFY CONVERGENCE AND ERROR MATRIX.
 COVARIANCE MATRIX CALCULATED SUCCESSFULLY
 FCN=725.116 FROM MIGRAD    STATUS=CONVERGED     218 CALLS         367 TOTAL
                     EDM=9.31916e-06    STRATEGY= 1      ERROR MATRIX ACCURATE 
  EXT PARAMETER                                   STEP         FIRST   
  NO.   NAME      VALUE            ERROR          SIZE      DERIVATIVE 
   1  N0           2.91087e+06     fixed    
   2  tau          6.44069e+01   constant   
   3  A0           3.52104e-01     fixed    
   4  phi          4.11597e+00     fixed    
   5  R           -6.11570e+01   constant   
   6  A_CBO        8.52059e-04   4.20291e-04   5.44757e-06  -1.39969e+00
   7  w_CBO        2.32600e+00   1.99499e-03   1.17714e-06  -3.64347e+01
   8  phi_CBO      2.61897e+00   6.08389e-01   6.57612e-03   2.64092e-03
   9  ANx2         8.59960e-04   constant   
  10  pNx2         1.29548e+00   constant   
  11  ANy1         0.00000e+00   constant   
  12  pNy1         0.00000e+00   constant   
  13  w_y          0.00000e+00   constant   
  14  ANy2         8.55552e-03     fixed    
  15  pNy2         3.07836e+00   constant   
  16  w_vw         1.43006e+01   constant   
  17  LM           1.55944e-04   constant   
  18  wCBO_expCoeff   1.99984e+02   1.74467e-01   1.12827e-04  -4.00446e-01
  19  wCBO_expOffset   1.99998e+02   1.44056e-02   9.53663e-05  -2.70230e+00
  20  wCBO_expT    3.00020e+01   3.95583e-03   1.43061e-05  -7.88082e+00
  21  wCBO_linCoeff   0.00000e+00   constant   
  22  wCBO_const  -3.38316e-05   9.91863e-04   3.70089e-06  -4.65834e+00
 EXTERNAL ERROR MATRIX.    NDIM=  25    NPAR=  7    ERR DEF=1
  1.766e-07  1.760e-08 -2.111e-05  1.668e-06 -3.840e-07 -8.317e-08  1.261e-08 
  1.760e-08  3.980e-06  5.470e-05 -2.718e-04 -6.976e-06 -1.345e-06 -1.569e-06 
 -2.111e-05  5.470e-05  3.701e-01  5.397e-03  1.859e-04 -4.695e-04  3.927e-05 
  1.668e-06 -2.718e-04  5.397e-03  3.044e-02 -7.089e-04 -1.311e-04  1.300e-04 
 -3.840e-07 -6.976e-06  1.859e-04 -7.089e-04  2.075e-04 -3.759e-06  3.307e-06 
 -8.317e-08 -1.345e-06 -4.695e-04 -1.311e-04 -3.759e-06  1.565e-05 -1.210e-06 
  1.261e-08 -1.569e-06  3.927e-05  1.300e-04  3.307e-06 -1.210e-06  9.838e-07 
 PARAMETER  CORRELATION COEFFICIENTS  
       NO.  GLOBAL      6      7      8     18     19     20     22
        6  0.17111   1.000  0.021 -0.083  0.023 -0.063 -0.050  0.030
        7  0.99899   0.021  1.000  0.045 -0.781 -0.243 -0.170 -0.793
        8  0.57445  -0.083  0.045  1.000  0.051  0.021 -0.195  0.065
       18  0.99879   0.023 -0.781  0.051  1.000 -0.282 -0.190  0.752
       19  0.99601  -0.063 -0.243  0.021 -0.282  1.000 -0.066  0.231
       20  0.99403  -0.050 -0.170 -0.195 -0.190 -0.066  1.000 -0.308
       22  0.95888   0.030 -0.793  0.065  0.752  0.231 -0.308  1.000
MINUIT - FIT ONLY 1-CBO
 **********
 **   29 **RES 
 **********
                   PARAMETER   14  ANy2 RESTORED TO VARIABLE.
                   PARAMETER    4  phi RESTORED TO VARIABLE.
                   PARAMETER    3  A0 RESTORED TO VARIABLE.
                   PARAMETER    1  N0 RESTORED TO VARIABLE.
 **********
 **   30 **FIX            0
 **********
 PARAMETER    0  IS UNDEFINED. IGNORED.
 **********
 **   31 **FIX            1
 **********
 **********
 **   32 **FIX            2
 **********
 PARAMETER    2  IS CONSTANT.   IGNORED.
 **********
 **   33 **FIX            3
 **********
 **********
 **   34 **FIX            4
 **********
 **********
 **   35 **FIX            8
 **********
 **********
 **   36 **FIX            9
 **********
 PARAMETER    9  IS CONSTANT.   IGNORED.
 **********
 **   37 **FIX           11
 **********
 PARAMETER   11  IS CONSTANT.   IGNORED.
 **********
 **   38 **FIX           12
 **********
 PARAMETER   12  IS CONSTANT.   IGNORED.
 **********
 **   39 **FIX           13
 **********
 PARAMETER   13  IS CONSTANT.   IGNORED.
 **********
 **   40 **FIX           15
 **********
 PARAMETER   15  IS CONSTANT.   IGNORED.
 **********
 **   41 **FIX           16
 **********
 PARAMETER   16  IS CONSTANT.   IGNORED.
 **********
 **   42 **MIGRAD
 **********
 START MIGRAD MINIMIZATION.  STRATEGY  1.  CONVERGENCE WHEN EDM .LT. 1.00e-04
 FCN=725.116 FROM MIGRAD    STATUS=INITIATE       16 CALLS         383 TOTAL
                     EDM= unknown      STRATEGY= 1      NO ERROR MATRIX       
  EXT PARAMETER               CURRENT GUESS       STEP         FIRST   
  NO.   NAME      VALUE            ERROR          SIZE      DERIVATIVE 
   1  N0           2.91087e+06     fixed    
   2  tau          6.44069e+01   constant   
   3  A0           3.52104e-01     fixed    
   4  phi          4.11597e+00     fixed    
   5  R           -6.11570e+01   constant   
   6  A_CBO        8.52059e-04   4.20291e-04   5.44757e-06  -1.39969e+00
   7  w_CBO        2.32600e+00   1.99499e-03   1.17714e-06  -3.64791e+01
   8  phi_CBO      2.61897e+00     fixed    
   9  ANx2         8.59960e-04   constant   
  10  pNx2         1.29548e+00   constant   
  11  ANy1         0.00000e+00   constant   
  12  pNy1         0.00000e+00   constant   
  13  w_y          0.00000e+00   constant   
  14  ANy2         8.55552e-03   1.00000e-04   1.00000e-04   9.35371e+04
  15  pNy2         3.07836e+00   constant   
  16  w_vw         1.43006e+01   constant   
  17  LM           1.55944e-04   constant   
  18  wCBO_expCoeff   1.99984e+02   1.74467e-01   1.12827e-04  -4.00972e-01
  19  wCBO_expOffset   1.99998e+02   1.44056e-02   9.53663e-05  -2.80371e+00
  20  wCBO_expT    3.00020e+01   3.95583e-03   1.43061e-05  -7.93074e+00
  21  wCBO_linCoeff   0.00000e+00   constant   
  22  wCBO_const  -3.38316e-05   9.91863e-04   3.70089e-06  -4.67676e+00
 MIGRAD MINIMIZATION HAS CONVERGED.
 MIGRAD WILL VERIFY CONVERGENCE AND ERROR MATRIX.
 FCN=337.864 FROM MIGRAD    STATUS=CONVERGED     238 CALLS         605 TOTAL
                     EDM=4.97057e-08    STRATEGY= 1      ERR MATRIX NOT POS-DEF
  EXT PARAMETER                APPROXIMATE        STEP         FIRST   
  NO.   NAME      VALUE            ERROR          SIZE      DERIVATIVE 
   1  N0           2.91087e+06     fixed    
   2  tau          6.44069e+01   constant   
   3  A0           3.52104e-01     fixed    
   4  phi          4.11597e+00     fixed    
   5  R           -6.11570e+01   constant   
   6  A_CBO        6.66910e-05   4.37496e-04   3.76771e-06  -6.15997e-01
   7  w_CBO        2.32575e+00   1.18653e-03   1.15433e-06  -2.87298e-01
   8  phi_CBO      2.61897e+00     fixed    
   9  ANx2         8.59960e-04   constant   
  10  pNx2         1.29548e+00   constant   
  11  ANy1         0.00000e+00   constant   
  12  pNy1         0.00000e+00   constant   
  13  w_y          0.00000e+00   constant   
  14  ANy2         2.59600e-04   4.19715e-04   3.76506e-06   4.46917e-01
  15  pNy2         3.07836e+00   constant   
  16  w_vw         1.43006e+01   constant   
  17  LM           1.55944e-04   constant   
  18  wCBO_expCoeff   1.99959e+02   1.12666e-01   1.10377e-04  -2.44745e-03
  19  wCBO_expOffset   1.99994e+02   2.32076e-02   9.53646e-05  -1.54734e-02
  20  wCBO_expT    3.00067e+01   6.12101e-03   1.43083e-05  -5.69664e-02
  21  wCBO_linCoeff   0.00000e+00   constant   
  22  wCBO_const  -3.91308e-04   7.42754e-04   3.37745e-06  -1.78938e-01
 EXTERNAL ERROR MATRIX.    NDIM=  25    NPAR=  7    ERR DEF=1
  1.914e-07  1.614e-08  1.878e-08  1.507e-06  1.285e-06 -6.675e-07  3.076e-08 
  1.614e-08  1.408e-06  5.144e-09 -2.107e-05 -1.155e-05 -1.216e-06 -5.352e-07 
  1.878e-08  5.144e-09  1.762e-07  5.170e-07  3.303e-07 -1.849e-07  4.746e-09 
  1.507e-06 -2.107e-05  5.170e-07  1.269e-02 -1.286e-03 -1.205e-04  1.458e-05 
  1.285e-06 -1.155e-05  3.303e-07 -1.286e-03  5.386e-04 -7.003e-05  8.256e-06 
 -6.675e-07 -1.216e-06 -1.849e-07 -1.205e-04 -7.003e-05  3.747e-05 -1.557e-06 
  3.076e-08 -5.352e-07  4.746e-09  1.458e-05  8.256e-06 -1.557e-06  5.517e-07 
ERR MATRIX NOT POS-DEF
 PARAMETER  CORRELATION COEFFICIENTS  
       NO.  GLOBAL      6      7     14     18     19     20     22
        6  0.30386   1.000  0.031  0.102  0.031  0.127 -0.249  0.095
        7  0.99419   0.031  1.000  0.010 -0.158 -0.419 -0.167 -0.607
       14  0.12407   0.102  0.010  1.000  0.011  0.034 -0.072  0.015
       18  0.99411   0.031 -0.158  0.011  1.000 -0.492 -0.175  0.174
       19  0.99688   0.127 -0.419  0.034 -0.492  1.000 -0.493  0.479
       20  0.99493  -0.249 -0.167 -0.072 -0.175 -0.493  1.000 -0.343
       22  0.86419   0.095 -0.607  0.015  0.174  0.479 -0.343  1.000
 ERR MATRIX NOT POS-DEF
MINUIT - FIT ONLY 2-CBO
 **********
 **   43 **RES 
 **********
                   PARAMETER    8  phi_CBO RESTORED TO VARIABLE.
                   PARAMETER    4  phi RESTORED TO VARIABLE.
                   PARAMETER    3  A0 RESTORED TO VARIABLE.
                   PARAMETER    1  N0 RESTORED TO VARIABLE.
 **********
 **   44 **FIX            0
 **********
 PARAMETER    0  IS UNDEFINED. IGNORED.
 **********
 **   45 **FIX            1
 **********
 **********
 **   46 **FIX            2
 **********
 PARAMETER    2  IS CONSTANT.   IGNORED.
 **********
 **   47 **FIX            3
 **********
 **********
 **   48 **FIX            4
 **********
 **********
 **   49 **FIX            5
 **********
 PARAMETER    5  IS CONSTANT.   IGNORED.
 **********
 **   50 **FIX            6
 **********
 **********
 **   51 **FIX            7
 **********
 **********
 **   52 **FIX           10
 **********
 PARAMETER   10  IS CONSTANT.   IGNORED.
 **********
 **   53 **FIX           11
 **********
 PARAMETER   11  IS CONSTANT.   IGNORED.
 **********
 **   54 **FIX           12
 **********
 PARAMETER   12  IS CONSTANT.   IGNORED.
 **********
 **   55 **FIX           13
 **********
 PARAMETER   13  IS CONSTANT.   IGNORED.
 **********
 **   56 **FIX           14
 **********
 **********
 **   57 **FIX           15
 **********
 PARAMETER   15  IS CONSTANT.   IGNORED.
 **********
 **   58 **FIX           16
 **********
 PARAMETER   16  IS CONSTANT.   IGNORED.
 **********
 **   59 **MIGRAD
 **********
 START MIGRAD MINIMIZATION.  STRATEGY  1.  CONVERGENCE WHEN EDM .LT. 1.00e-04
 FCN=337.864 FROM MIGRAD    STATUS=INITIATE       12 CALLS         617 TOTAL
                     EDM= unknown      STRATEGY= 1      NO ERROR MATRIX       
  EXT PARAMETER               CURRENT GUESS       STEP         FIRST   
  NO.   NAME      VALUE            ERROR          SIZE      DERIVATIVE 
   1  N0           2.91087e+06     fixed    
   2  tau          6.44069e+01   constant   
   3  A0           3.52104e-01     fixed    
   4  phi          4.11597e+00     fixed    
   5  R           -6.11570e+01   constant   
   6  A_CBO        6.66910e-05     fixed    
   7  w_CBO        2.32575e+00     fixed    
   8  phi_CBO      2.61897e+00   6.08389e-01   6.08389e-01  -9.48427e-02
   9  ANx2         8.59960e-04   constant   
  10  pNx2         1.29548e+00   constant   
  11  ANy1         0.00000e+00   constant   
  12  pNy1         0.00000e+00   constant   
  13  w_y          0.00000e+00   constant   
  14  ANy2         2.59600e-04     fixed    
  15  pNy2         3.07836e+00   constant   
  16  w_vw         1.43006e+01   constant   
  17  LM           1.55944e-04   constant   
  18  wCBO_expCoeff   1.99959e+02   1.12666e-01   1.10377e-04  -2.16209e-03
  19  wCBO_expOffset   1.99994e+02   2.32076e-02   9.53646e-05   6.89653e-02
  20  wCBO_expT    3.00067e+01   6.12101e-03   1.43083e-05  -5.42907e-03
  21  wCBO_linCoeff   0.00000e+00   constant   
  22  wCBO_const  -3.91308e-04   7.42754e-04   3.37745e-06  -1.76472e-01
 MIGRAD MINIMIZATION HAS CONVERGED.
 MIGRAD WILL VERIFY CONVERGENCE AND ERROR MATRIX.
 FCN=337.806 FROM HESSE     STATUS=NOT POSDEF     35 CALLS         690 TOTAL
                     EDM=0.00024209    STRATEGY= 1      ERR MATRIX NOT POS-DEF
  EXT PARAMETER                APPROXIMATE        STEP         FIRST   
  NO.   NAME      VALUE            ERROR          SIZE      DERIVATIVE 
   1  N0           2.91087e+06     fixed    
   2  tau          6.44069e+01   constant   
   3  A0           3.52104e-01     fixed    
   4  phi          4.11597e+00     fixed    
   5  R           -6.11570e+01   constant   
   6  A_CBO        6.66910e-05     fixed    
   7  w_CBO        2.32575e+00     fixed    
   8  phi_CBO      3.71755e+00   4.35302e+00   3.90191e-02  -3.59605e-04
   9  ANx2         8.59960e-04   constant   
  10  pNx2         1.29548e+00   constant   
  11  ANy1         0.00000e+00   constant   
  12  pNy1         0.00000e+00   constant   
  13  w_y          0.00000e+00   constant   
  14  ANy2         2.59600e-04     fixed    
  15  pNy2         3.07836e+00   constant   
  16  w_vw         1.43006e+01   constant   
  17  LM           1.55944e-04   constant   
  18  wCBO_expCoeff   1.99959e+02   1.26962e-01   1.09440e-04  -7.42577e-02
  19  wCBO_expOffset   1.99994e+02   2.47907e-02   9.53646e-05  -4.94489e-01
  20  wCBO_expT    3.00067e+01   6.66135e-03   1.43083e-05   3.30396e+00
  21  wCBO_linCoeff   0.00000e+00   constant   
  22  wCBO_const  -3.84785e-04   6.12076e-04   3.37475e-06  -3.24874e-04
 MIGRAD MINIMIZATION HAS CONVERGED.
 MIGRAD WILL VERIFY CONVERGENCE AND ERROR MATRIX.
 FCN=337.805 FROM MIGRAD    STATUS=CONVERGED     132 CALLS         737 TOTAL
                     EDM=1.24962e-05    STRATEGY= 1      ERR MATRIX NOT POS-DEF
  EXT PARAMETER                APPROXIMATE        STEP         FIRST   
  NO.   NAME      VALUE            ERROR          SIZE      DERIVATIVE 
   1  N0           2.91087e+06     fixed    
   2  tau          6.44069e+01   constant   
   3  A0           3.52104e-01     fixed    
   4  phi          4.11597e+00     fixed    
   5  R           -6.11570e+01   constant   
   6  A_CBO        6.66910e-05     fixed    
   7  w_CBO        2.32575e+00     fixed    
   8  phi_CBO      3.70686e+00   4.19588e+00   3.89596e-02   9.75702e-04
   9  ANx2         8.59960e-04   constant   
  10  pNx2         1.29548e+00   constant   
  11  ANy1         0.00000e+00   constant   
  12  pNy1         0.00000e+00   constant   
  13  w_y          0.00000e+00   constant   
  14  ANy2         2.59600e-04     fixed    
  15  pNy2         3.07836e+00   constant   
  16  w_vw         1.43006e+01   constant   
  17  LM           1.55944e-04   constant   
  18  wCBO_expCoeff   1.99960e+02   1.28962e-01   1.09471e-04  -1.11302e-01
  19  wCBO_expOffset   1.99995e+02   2.48481e-02   9.53651e-05  -7.41380e-01
  20  wCBO_expT    3.00062e+01   6.68232e-03   1.43081e-05  -2.51820e+00
  21  wCBO_linCoeff   0.00000e+00   constant   
  22  wCBO_const  -3.60009e-04   6.10981e-04   3.36643e-06  -8.16072e+00
 EXTERNAL ERROR MATRIX.    NDIM=  25    NPAR=  5    ERR DEF=1
  1.761e+01  7.512e-04 -6.187e-03  2.376e-03 -7.352e-05 
  7.512e-04  1.663e-02 -2.127e-03 -1.271e-04  6.131e-06 
 -6.187e-03 -2.127e-03  6.174e-04 -1.056e-04  5.169e-06 
  2.376e-03 -1.271e-04 -1.056e-04  4.465e-05 -2.451e-06 
 -7.352e-05  6.131e-06  5.169e-06 -2.451e-06  3.733e-07 
ERR MATRIX NOT POS-DEF
 PARAMETER  CORRELATION COEFFICIENTS  
       NO.  GLOBAL      8     18     19     20     22
        8  0.13130   1.000  0.001 -0.059  0.085 -0.029
       18  0.99555   0.001  1.000 -0.664 -0.147  0.078
       19  0.99731  -0.059 -0.664  1.000 -0.636  0.340
       20  0.99581   0.085 -0.147 -0.636  1.000 -0.600
       22  0.79218  -0.029  0.078  0.340 -0.600  1.000
 ERR MATRIX NOT POS-DEF
MINUIT - FIT ONLY 1-y
 **********
 **   60 **RES 
 **********
                   PARAMETER   14  ANy2 RESTORED TO VARIABLE.
                   PARAMETER    7  w_CBO RESTORED TO VARIABLE.
                   PARAMETER    6  A_CBO RESTORED TO VARIABLE.
                   PARAMETER    4  phi RESTORED TO VARIABLE.
                   PARAMETER    3  A0 RESTORED TO VARIABLE.
                   PARAMETER    1  N0 RESTORED TO VARIABLE.
 **********
 **   61 **FIX            0
 **********
 PARAMETER    0  IS UNDEFINED. IGNORED.
 **********
 **   62 **FIX            1
 **********
 **********
 **   63 **FIX            2
 **********
 PARAMETER    2  IS CONSTANT.   IGNORED.
 **********
 **   64 **FIX            3
 **********
 **********
 **   65 **FIX            4
 **********
 **********
 **   66 **FIX            5
 **********
 PARAMETER    5  IS CONSTANT.   IGNORED.
 **********
 **   67 **FIX            6
 **********
 **********
 **   68 **FIX            7
 **********
 **********
 **   69 **FIX            8
 **********
 **********
 **   70 **FIX            9
 **********
 PARAMETER    9  IS CONSTANT.   IGNORED.
 **********
 **   71 **FIX           13
 **********
 PARAMETER   13  IS CONSTANT.   IGNORED.
 **********
 **   72 **FIX           14
 **********
 **********
 **   73 **FIX           15
 **********
 PARAMETER   15  IS CONSTANT.   IGNORED.
 **********
 **   74 **FIX           16
 **********
 PARAMETER   16  IS CONSTANT.   IGNORED.
 **********
 **   75 **MIGRAD
 **********
 START MIGRAD MINIMIZATION.  STRATEGY  1.  CONVERGENCE WHEN EDM .LT. 1.00e-04
 FCN=337.805 FROM MIGRAD    STATUS=INITIATE        8 CALLS         745 TOTAL
                     EDM= unknown      STRATEGY= 1      NO ERROR MATRIX       
  EXT PARAMETER               CURRENT GUESS       STEP         FIRST   
  NO.   NAME      VALUE            ERROR          SIZE      DERIVATIVE 
   1  N0           2.91087e+06     fixed    
   2  tau          6.44069e+01   constant   
   3  A0           3.52104e-01     fixed    
   4  phi          4.11597e+00     fixed    
   5  R           -6.11570e+01   constant   
   6  A_CBO        6.66910e-05     fixed    
   7  w_CBO        2.32575e+00     fixed    
   8  phi_CBO      3.70686e+00     fixed    
   9  ANx2         8.59960e-04   constant   
  10  pNx2         1.29548e+00   constant   
  11  ANy1         0.00000e+00   constant   
  12  pNy1         0.00000e+00   constant   
  13  w_y          0.00000e+00   constant   
  14  ANy2         2.59600e-04     fixed    
  15  pNy2         3.07836e+00   constant   
  16  w_vw         1.43006e+01   constant   
  17  LM           1.55944e-04   constant   
  18  wCBO_expCoeff   1.99960e+02   1.28962e-01   1.09471e-04  -1.11028e-01
  19  wCBO_expOffset   1.99995e+02   2.48481e-02   9.53651e-05  -6.66418e-01
  20  wCBO_expT    3.00062e+01   6.68232e-03   1.43081e-05  -2.48323e+00
  21  wCBO_linCoeff   0.00000e+00   constant   
  22  wCBO_const  -3.60009e-04   6.10981e-04   3.36643e-06  -8.15871e+00
 MIGRAD MINIMIZATION HAS CONVERGED.
 MIGRAD WILL VERIFY CONVERGENCE AND ERROR MATRIX.
 FCN=337.805 FROM MIGRAD    STATUS=CONVERGED      43 CALLS         780 TOTAL
                     EDM=2.2782e-06    STRATEGY= 1      ERR MATRIX NOT POS-DEF
  EXT PARAMETER                APPROXIMATE        STEP         FIRST   
  NO.   NAME      VALUE            ERROR          SIZE      DERIVATIVE 
   1  N0           2.91087e+06     fixed    
   2  tau          6.44069e+01   constant   
   3  A0           3.52104e-01     fixed    
   4  phi          4.11597e+00     fixed    
   5  R           -6.11570e+01   constant   
   6  A_CBO        6.66910e-05     fixed    
   7  w_CBO        2.32575e+00     fixed    
   8  phi_CBO      3.70686e+00     fixed    
   9  ANx2         8.59960e-04   constant   
  10  pNx2         1.29548e+00   constant   
  11  ANy1         0.00000e+00   constant   
  12  pNy1         0.00000e+00   constant   
  13  w_y          0.00000e+00   constant   
  14  ANy2         2.59600e-04     fixed    
  15  pNy2         3.07836e+00   constant   
  16  w_vw         1.43006e+01   constant   
  17  LM           1.55944e-04   constant   
  18  wCBO_expCoeff   1.99960e+02   1.29389e-01   1.09676e-04   6.47013e-02
  19  wCBO_expOffset   1.99995e+02   2.49019e-02   9.53651e-05   4.31498e-01
  20  wCBO_expT    3.00062e+01   6.67877e-03   1.43081e-05   1.06870e+00
  21  wCBO_linCoeff   0.00000e+00   constant   
  22  wCBO_const  -3.59806e-04   6.11375e-04   3.36643e-06  -2.69512e+00
 EXTERNAL ERROR MATRIX.    NDIM=  25    NPAR=  4    ERR DEF=1
  1.674e-02 -2.144e-03 -1.270e-04  6.125e-06 
 -2.144e-03  6.201e-04 -1.055e-04  5.185e-06 
 -1.270e-04 -1.055e-04  4.461e-05 -2.456e-06 
  6.125e-06  5.185e-06 -2.456e-06  3.738e-07 
ERR MATRIX NOT POS-DEF
 PARAMETER  CORRELATION COEFFICIENTS  
       NO.  GLOBAL     18     19     20     22
       18  0.99558   1.000 -0.665 -0.147  0.077
       19  0.99732  -0.665  1.000 -0.635  0.341
       20  0.99581  -0.147 -0.635  1.000 -0.601
       22  0.79248   0.077  0.341 -0.601  1.000
 ERR MATRIX NOT POS-DEF
MINUIT - FIT ONLY 2-y
 **********
 **   76 **RES 
 **********
                   PARAMETER   14  ANy2 RESTORED TO VARIABLE.
                   PARAMETER    8  phi_CBO RESTORED TO VARIABLE.
                   PARAMETER    7  w_CBO RESTORED TO VARIABLE.
                   PARAMETER    6  A_CBO RESTORED TO VARIABLE.
                   PARAMETER    4  phi RESTORED TO VARIABLE.
                   PARAMETER    3  A0 RESTORED TO VARIABLE.
                   PARAMETER    1  N0 RESTORED TO VARIABLE.
 **********
 **   77 **FIX            0
 **********
 PARAMETER    0  IS UNDEFINED. IGNORED.
 **********
 **   78 **FIX            1
 **********
 **********
 **   79 **FIX            2
 **********
 PARAMETER    2  IS CONSTANT.   IGNORED.
 **********
 **   80 **FIX            3
 **********
 **********
 **   81 **FIX            4
 **********
 **********
 **   82 **FIX            5
 **********
 PARAMETER    5  IS CONSTANT.   IGNORED.
 **********
 **   83 **FIX            6
 **********
 **********
 **   84 **FIX            7
 **********
 **********
 **   85 **FIX            8
 **********
 **********
 **   86 **FIX            9
 **********
 PARAMETER    9  IS CONSTANT.   IGNORED.
 **********
 **   87 **FIX           10
 **********
 PARAMETER   10  IS CONSTANT.   IGNORED.
 **********
 **   88 **FIX           11
 **********
 PARAMETER   11  IS CONSTANT.   IGNORED.
 **********
 **   89 **FIX           12
 **********
 PARAMETER   12  IS CONSTANT.   IGNORED.
 **********
 **   90 **FIX           16
 **********
 PARAMETER   16  IS CONSTANT.   IGNORED.
 **********
 **   91 **MIGRAD
 **********
 START MIGRAD MINIMIZATION.  STRATEGY  1.  CONVERGENCE WHEN EDM .LT. 1.00e-04
 FCN=337.805 FROM MIGRAD    STATUS=INITIATE       10 CALLS         790 TOTAL
                     EDM= unknown      STRATEGY= 1      NO ERROR MATRIX       
  EXT PARAMETER               CURRENT GUESS       STEP         FIRST   
  NO.   NAME      VALUE            ERROR          SIZE      DERIVATIVE 
   1  N0           2.91087e+06     fixed    
   2  tau          6.44069e+01   constant   
   3  A0           3.52104e-01     fixed    
   4  phi          4.11597e+00     fixed    
   5  R           -6.11570e+01   constant   
   6  A_CBO        6.66910e-05     fixed    
   7  w_CBO        2.32575e+00     fixed    
   8  phi_CBO      3.70686e+00     fixed    
   9  ANx2         8.59960e-04   constant   
  10  pNx2         1.29548e+00   constant   
  11  ANy1         0.00000e+00   constant   
  12  pNy1         0.00000e+00   constant   
  13  w_y          0.00000e+00   constant   
  14  ANy2         2.59600e-04   4.19715e-04   4.19715e-04   1.40657e+01
  15  pNy2         3.07836e+00   constant   
  16  w_vw         1.43006e+01   constant   
  17  LM           1.55944e-04   constant   
  18  wCBO_expCoeff   1.99960e+02   1.29389e-01   1.09676e-04   6.49751e-02
  19  wCBO_expOffset   1.99995e+02   2.49019e-02   9.53651e-05   5.06254e-01
  20  wCBO_expT    3.00062e+01   6.67877e-03   1.43081e-05   1.10358e+00
  21  wCBO_linCoeff   0.00000e+00   constant   
  22  wCBO_const  -3.59806e-04   6.11375e-04   3.36643e-06  -2.69313e+00
 MIGRAD MINIMIZATION HAS CONVERGED.
 MIGRAD WILL VERIFY CONVERGENCE AND ERROR MATRIX.
 FCN=337.805 FROM MIGRAD    STATUS=CONVERGED      54 CALLS         834 TOTAL
                     EDM=1.69529e-06    STRATEGY= 1      ERR MATRIX NOT POS-DEF
  EXT PARAMETER                APPROXIMATE        STEP         FIRST   
  NO.   NAME      VALUE            ERROR          SIZE      DERIVATIVE 
   1  N0           2.91087e+06     fixed    
   2  tau          6.44069e+01   constant   
   3  A0           3.52104e-01     fixed    
   4  phi          4.11597e+00     fixed    
   5  R           -6.11570e+01   constant   
   6  A_CBO        6.66910e-05     fixed    
   7  w_CBO        2.32575e+00     fixed    
   8  phi_CBO      3.70686e+00     fixed    
   9  ANx2         8.59960e-04   constant   
  10  pNx2         1.29548e+00   constant   
  11  ANy1         0.00000e+00   constant   
  12  pNy1         0.00000e+00   constant   
  13  w_y          0.00000e+00   constant   
  14  ANy2         2.58366e-04   4.17991e-04   3.76473e-06  -1.68186e-01
  15  pNy2         3.07836e+00   constant   
  16  w_vw         1.43006e+01   constant   
  17  LM           1.55944e-04   constant   
  18  wCBO_expCoeff   1.99960e+02   1.29240e-01   1.09667e-04  -9.94608e-02
  19  wCBO_expOffset   1.99995e+02   2.48914e-02   9.53651e-05  -6.62469e-01
  20  wCBO_expT    3.00062e+01   6.68109e-03   1.43081e-05  -2.16091e+00
  21  wCBO_linCoeff   0.00000e+00   constant   
  22  wCBO_const  -3.59617e-04   6.11238e-04   3.36635e-06  -4.87720e+00
 EXTERNAL ERROR MATRIX.    NDIM=  25    NPAR=  5    ERR DEF=1
  1.747e-07  3.988e-07  3.104e-07 -1.414e-07  4.830e-09 
  3.988e-07  1.670e-02 -2.139e-03 -1.267e-04  6.106e-06 
  3.104e-07 -2.139e-03  6.196e-04 -1.056e-04  5.184e-06 
 -1.414e-07 -1.267e-04 -1.056e-04  4.464e-05 -2.455e-06 
  4.830e-09  6.106e-06  5.184e-06 -2.455e-06  3.736e-07 
ERR MATRIX NOT POS-DEF
 PARAMETER  CORRELATION COEFFICIENTS  
       NO.  GLOBAL     14     18     19     20     22
       14  0.06891   1.000  0.007  0.030 -0.051  0.019
       18  0.99557   0.007  1.000 -0.665 -0.147  0.077
       19  0.99731   0.030 -0.665  1.000 -0.635  0.341
       20  0.99581  -0.051 -0.147 -0.635  1.000 -0.601
       22  0.79236   0.019  0.077  0.341 -0.601  1.000
 ERR MATRIX NOT POS-DEF
MINUIT - FIT ALTOGETHER
 **********
 **   92 **RES 
 **********
                   PARAMETER    8  phi_CBO RESTORED TO VARIABLE.
                   PARAMETER    7  w_CBO RESTORED TO VARIABLE.
                   PARAMETER    6  A_CBO RESTORED TO VARIABLE.
                   PARAMETER    4  phi RESTORED TO VARIABLE.
                   PARAMETER    3  A0 RESTORED TO VARIABLE.
                   PARAMETER    1  N0 RESTORED TO VARIABLE.
 **********
 **   93 **MIGRAD
 **********
 START MIGRAD MINIMIZATION.  STRATEGY  1.  CONVERGENCE WHEN EDM .LT. 1.00e-04
 FCN=337.805 FROM MIGRAD    STATUS=INITIATE       22 CALLS         856 TOTAL
                     EDM= unknown      STRATEGY= 1      NO ERROR MATRIX       
  EXT PARAMETER               CURRENT GUESS       STEP         FIRST   
  NO.   NAME      VALUE            ERROR          SIZE      DERIVATIVE 
   1  N0           2.91087e+06   8.59118e+02   8.59118e+02  -4.90375e-04
   2  tau          6.44069e+01   constant   
   3  A0           3.52104e-01   3.94606e-04   3.94606e-04  -1.41353e+03
   4  phi          4.11597e+00   1.18114e-03   1.18114e-03  -3.28214e+02
