 + ++++++++++++++++++++++++++++++++++++++++++++++++++++++++++++++++++++ +
 +                                                                      +
 +           You have chose to blind your fitting according to          +
 +                omega_ref * (1 + (R +/- deltaR) *10^{-6})             +
 +                                                                      +
 + ++++++++++++++++++++++++++++++++++++++++++++++++++++++++++++++++++++ +
In main()...
reading format from /gm2data/zkhechad/run45/envelope/formats/formatB_sBin_constraintOn.txt
pBinTau 	= 0  
pBinPhi 	= 0  
constraintau 	= 1 
includeMopTerm 	= 0    
constrainMop    = 0   
Parameters after format file: pBinTau 0 pBinPhi 0 constraintau 1 includeMopTerm 0 constrainMop 0 c_e_scale 0.000000 
reading cbo reference file (full fit) from /gm2data/zkhechad/cboTemplates/Run4CBOTemplates/fullFits/run4/sBin_constraintOn_cE0.0_seed0_run4_calo4.root
A_CBO 0.009389 w_CBO 2.326001 phi_CBO 4.715725 N0 2871608.131177 R -59.406240 tau 64.400031 
Reading cboRef file /gm2data/zkhechad/cboTemplates/Run4CBOTemplates//cboIsolate/run4_calo4.root
deltaT 161.392619
windowBins = 1080
fitting sliding window 1100 from bin 1303 at 194.407600 to bin 2383 at 355.543600 (1080 bins)

Reading data from /gm2data/cornell/histograms/aMethod/histogram_a_run4.root
fitting cbo isolate
 **********
 **    1 **SET PRINTOUT            1
 **********
 **********
 **    2 **SET NOWARNINGS 
 **********
 PARAMETER DEFINITIONS:
    NO.   NAME         VALUE      STEP SIZE      LIMITS
     1 A_CBO        9.38904e-03  1.00000e-05     no limits
     2 w_CBO        2.32600e+00  1.00000e-02    2.00000e+00  3.00000e+00
     3 phi_CBO      4.71573e+00  1.00000e-02    0.00000e+00  6.28319e+00
 **********
 **    3 **MIGRAD
 **********
 FIRST CALL TO USER FUNCTION AT NEW START POINT, WITH IFLAG=4.
 START MIGRAD MINIMIZATION.  STRATEGY  1.  CONVERGENCE WHEN EDM .LT. 1.00e-04
 FCN=0.0360067 FROM MIGRAD    STATUS=INITIATE       12 CALLS          13 TOTAL
                     EDM= unknown      STRATEGY= 1      NO ERROR MATRIX       
  EXT PARAMETER               CURRENT GUESS       STEP         FIRST   
  NO.   NAME      VALUE            ERROR          SIZE      DERIVATIVE 
   1  A_CBO        9.38904e-03   1.00000e-05   1.00000e-05   7.00124e+00
   2  w_CBO        2.32600e+00   1.00000e-02   2.13357e-02  -1.04438e-01
   3  phi_CBO      4.71573e+00   1.00000e-02   3.67815e-03   2.26712e-03
 MIGRAD MINIMIZATION HAS CONVERGED.
 MIGRAD WILL VERIFY CONVERGENCE AND ERROR MATRIX.
 COVARIANCE MATRIX CALCULATED SUCCESSFULLY
 FCN=0.0132636 FROM MIGRAD    STATUS=CONVERGED      41 CALLS          42 TOTAL
                     EDM=7.9246e-06    STRATEGY= 1      ERROR MATRIX ACCURATE 
  EXT PARAMETER                                   STEP         FIRST   
  NO.   NAME      VALUE            ERROR          SIZE      DERIVATIVE 
   1  A_CBO        2.89207e-03   4.31433e-02   2.11749e-05   6.35988e-05
   2  w_CBO        2.32611e+00   2.89471e-01   5.82055e-05   3.32763e-02
   3  phi_CBO      4.68734e+00   3.93259e+00   2.66393e-03  -6.97497e-04
 EXTERNAL ERROR MATRIX.    NDIM=  25    NPAR=  3    ERR DEF=1
  1.861e-03 -6.403e-04 -1.525e-01 
 -6.403e-04  9.734e-02  2.557e+01 
 -1.525e-01  2.557e+01  6.937e+03 
 PARAMETER  CORRELATION COEFFICIENTS  
       NO.  GLOBAL      1      2      3
        1  0.05350   1.000 -0.048 -0.042
        2  0.98404  -0.048  1.000  0.984
        3  0.98404  -0.042  0.984  1.000
setting A_CBO=0.002892 w_CBO=2.326106, phi_CBO=4.687335
done fitting cbo isolate
 **********
 **    1 **SET PRINTOUT            1
 **********
 **********
 **    2 **SET NOWARNINGS 
 **********
 PARAMETER DEFINITIONS:
    NO.   NAME         VALUE      STEP SIZE      LIMITS
     1 N0           2.87161e+06  1.00000e+02     no limits
     2 tau          6.44000e+01  constant
     3 A0           3.53296e-01  1.00000e-04     no limits
     4 phi          4.11727e+00  1.00000e-02     no limits
     5 R           -5.94062e+01  constant
     6 A_CBO        2.89207e-03  1.00000e-05     no limits
     7 w_CBO        2.32611e+00  1.00000e-03     no limits
     8 phi_CBO      4.68734e+00  1.00000e-04     no limits
     9 ANx2         6.75162e-04  constant
    10 pNx2         4.60725e+00  constant
    11 ANy1         0.00000e+00  constant
    12 pNy1         0.00000e+00  constant
    13 w_y          0.00000e+00  constant
    14 ANy2         8.91794e-03  1.00000e-04     no limits
    15 pNy2         4.50125e+00  constant
    16 w_vw         1.43005e+01  constant
    17 LM          -1.01507e-04  constant
    18 wCBO_expCoeff   2.00000e+02  1.00000e+00     no limits
    19 wCBO_expOffset   2.00000e+02  1.00000e+00     no limits
    20 wCBO_expT    3.00000e+01  1.00000e+00     no limits
    21 wCBO_linCoeff   0.00000e+00  constant
    22 wCBO_const   0.00000e+00  1.00000e-02     no limits
MINUIT - FIT ONLY WIGGLE
 **********
 **    3 **FIX            5
 **********
 PARAMETER    5  IS CONSTANT.   IGNORED.
 **********
 **    4 **FIX            6
 **********
 **********
 **    5 **FIX            7
 **********
 **********
 **    6 **FIX            8
 **********
 **********
 **    7 **FIX            9
 **********
 PARAMETER    9  IS CONSTANT.   IGNORED.
 **********
 **    8 **FIX           10
 **********
 PARAMETER   10  IS CONSTANT.   IGNORED.
 **********
 **    9 **FIX           11
 **********
 PARAMETER   11  IS CONSTANT.   IGNORED.
 **********
 **   10 **FIX           12
 **********
 PARAMETER   12  IS CONSTANT.   IGNORED.
 **********
 **   11 **FIX           13
 **********
 PARAMETER   13  IS CONSTANT.   IGNORED.
 **********
 **   12 **FIX           14
 **********
 **********
 **   13 **FIX           15
 **********
 PARAMETER   15  IS CONSTANT.   IGNORED.
 **********
 **   14 **FIX           16
 **********
 PARAMETER   16  IS CONSTANT.   IGNORED.
 **********
 **   15 **MIGRAD
 **********
 FIRST CALL TO USER FUNCTION AT NEW START POINT, WITH IFLAG=4.
 START MIGRAD MINIMIZATION.  STRATEGY  1.  CONVERGENCE WHEN EDM .LT. 1.00e-04
 FCN=2262.37 FROM MIGRAD    STATUS=INITIATE       64 CALLS          65 TOTAL
                     EDM= unknown      STRATEGY= 1      NO ERROR MATRIX       
  EXT PARAMETER               CURRENT GUESS       STEP         FIRST   
  NO.   NAME      VALUE            ERROR          SIZE      DERIVATIVE 
   1  N0           2.87161e+06   1.00000e+02  -0.00000e+00  -2.75060e-03
   2  tau          6.44000e+01   constant   
   3  A0           3.53296e-01   1.00000e-04  -0.00000e+00   6.43085e+03
   4  phi          4.11727e+00   1.00000e-02  -0.00000e+00   6.02454e+02
   5  R           -5.94062e+01   constant   
   6  A_CBO        2.89207e-03     fixed    
   7  w_CBO        2.32611e+00     fixed    
   8  phi_CBO      4.68734e+00     fixed    
   9  ANx2         6.75162e-04   constant   
  10  pNx2         4.60725e+00   constant   
  11  ANy1         0.00000e+00   constant   
  12  pNy1         0.00000e+00   constant   
  13  w_y          0.00000e+00   constant   
  14  ANy2         8.91794e-03     fixed    
  15  pNy2         4.50125e+00   constant   
  16  w_vw         1.43005e+01   constant   
  17  LM          -1.01507e-04   constant   
  18  wCBO_expCoeff   2.00007e+02   1.00000e+00   7.21959e-03  -4.34546e+02
  19  wCBO_expOffset   2.00000e+02   1.00000e+00  -0.00000e+00  -2.95167e+03
  20  wCBO_expT    3.00000e+01   1.00000e+00  -0.00000e+00   5.35887e+03
  21  wCBO_linCoeff   0.00000e+00   constant   
  22  wCBO_const   0.00000e+00   1.00000e-02  -0.00000e+00  -3.63641e+03
 MIGRAD FAILS TO FIND IMPROVEMENT
 MIGRAD MINIMIZATION HAS CONVERGED.
 FCN=2258.33 FROM MIGRAD    STATUS=CONVERGED     190 CALLS         191 TOTAL
                     EDM=1.00813e-05    STRATEGY= 1  ERROR MATRIX UNCERTAINTY   1.1 per cent
  EXT PARAMETER                                   STEP         FIRST   
  NO.   NAME      VALUE            ERROR          SIZE      DERIVATIVE 
   1  N0           2.87181e+06   4.51556e+02  -0.00000e+00  -3.95949e-06
   2  tau          6.44000e+01   constant   
   3  A0           3.53136e-01   2.07800e-04   0.00000e+00   5.12185e+00
   4  phi          4.11703e+00   6.19339e-04   0.00000e+00   1.09563e+00
   5  R           -5.94062e+01   constant   
   6  A_CBO        2.89207e-03     fixed    
   7  w_CBO        2.32611e+00     fixed    
   8  phi_CBO      4.68734e+00     fixed    
   9  ANx2         6.75162e-04   constant   
  10  pNx2         4.60725e+00   constant   
  11  ANy1         0.00000e+00   constant   
  12  pNy1         0.00000e+00   constant   
  13  w_y          0.00000e+00   constant   
  14  ANy2         8.91794e-03     fixed    
  15  pNy2         4.50125e+00   constant   
  16  w_vw         1.43005e+01   constant   
  17  LM          -1.01507e-04   constant   
  18  wCBO_expCoeff   2.00007e+02   2.68771e-03  -0.00000e+00   6.25751e+00
  19  wCBO_expOffset   2.00000e+02   3.78221e-04   0.00000e+00  -1.16628e+02
  20  wCBO_expT    2.99995e+01   2.90029e-04   0.00000e+00   2.51247e+00
  21  wCBO_linCoeff   0.00000e+00   constant   
  22  wCBO_const   1.06102e-03   6.26229e-04  -0.00000e+00  -5.12295e+00
 EXTERNAL ERROR MATRIX.    NDIM=  25    NPAR=  7    ERR DEF=1
  2.039e+05  1.220e-03  3.911e-03  1.160e-01 -2.138e-02  1.618e-02 -1.992e-02 
  1.220e-03  4.318e-08  1.762e-10 -9.469e-08  1.454e-08  1.360e-09 -6.637e-09 
  3.911e-03  1.762e-10  3.836e-07 -3.464e-07  5.486e-08  1.120e-08 -3.089e-08 
  1.160e-01 -9.469e-08 -3.464e-07  7.224e-06 -9.865e-07 -2.728e-07  1.875e-07 
 -2.138e-02  1.454e-08  5.486e-08 -9.865e-07  1.431e-07  4.879e-08 -7.108e-08 
  1.618e-02  1.360e-09  1.120e-08 -2.728e-07  4.879e-08  8.412e-08 -1.456e-07 
 -1.992e-02 -6.637e-09 -3.089e-08  1.875e-07 -7.108e-08 -1.456e-07  3.922e-07 
 PARAMETER  CORRELATION COEFFICIENTS  
       NO.  GLOBAL      1      3      4     18     19     20     22
        1  0.37109   1.000  0.013  0.014  0.096 -0.125  0.124 -0.070
        3  0.22827   0.013  1.000  0.001 -0.170  0.185  0.023 -0.051
        4  0.28121   0.014  0.001  1.000 -0.208  0.234  0.062 -0.080
       18  0.99328   0.096 -0.170 -0.208  1.000 -0.970 -0.350  0.111
       19  0.99348  -0.125  0.185  0.234 -0.970  1.000  0.445 -0.300
       20  0.89533   0.124  0.023  0.062 -0.350  0.445  1.000 -0.802
       22  0.94911  -0.070 -0.051 -0.080  0.111 -0.300 -0.802  1.000
MINUIT - FIT ONLY 1-CBO + other amplitudes 
 **********
 **   16 **RES 
 **********
                   PARAMETER   14  ANy2 RESTORED TO VARIABLE.
                   PARAMETER    8  phi_CBO RESTORED TO VARIABLE.
                   PARAMETER    7  w_CBO RESTORED TO VARIABLE.
                   PARAMETER    6  A_CBO RESTORED TO VARIABLE.
 **********
 **   17 **FIX            0
 **********
 PARAMETER    0  IS UNDEFINED. IGNORED.
 **********
 **   18 **FIX            1
 **********
 **********
 **   19 **FIX            2
 **********
 PARAMETER    2  IS CONSTANT.   IGNORED.
 **********
 **   20 **FIX            3
 **********
 **********
 **   21 **FIX            4
 **********
 **********
 **   22 **FIX            9
 **********
 PARAMETER    9  IS CONSTANT.   IGNORED.
 **********
 **   23 **FIX           11
 **********
 PARAMETER   11  IS CONSTANT.   IGNORED.
 **********
 **   24 **FIX           12
 **********
 PARAMETER   12  IS CONSTANT.   IGNORED.
 **********
 **   25 **FIX           14
 **********
 **********
 **   26 **FIX           15
 **********
 PARAMETER   15  IS CONSTANT.   IGNORED.
 **********
 **   27 **FIX           16
 **********
 PARAMETER   16  IS CONSTANT.   IGNORED.
 **********
 **   28 **MIGRAD
 **********
 START MIGRAD MINIMIZATION.  STRATEGY  1.  CONVERGENCE WHEN EDM .LT. 1.00e-04
 FCN=2258.33 FROM MIGRAD    STATUS=INITIATE       22 CALLS         213 TOTAL
                     EDM= unknown      STRATEGY= 1      NO ERROR MATRIX       
  EXT PARAMETER               CURRENT GUESS       STEP         FIRST   
  NO.   NAME      VALUE            ERROR          SIZE      DERIVATIVE 
   1  N0           2.87181e+06     fixed    
   2  tau          6.44000e+01   constant   
   3  A0           3.53136e-01     fixed    
   4  phi          4.11703e+00     fixed    
   5  R           -5.94062e+01   constant   
   6  A_CBO        2.89207e-03   1.00000e-05   1.00000e-05   8.77110e+04
   7  w_CBO        2.32611e+00   1.00000e-03   1.00000e-03   5.35459e+02
   8  phi_CBO      4.68734e+00   1.00000e-04   1.00000e-04  -2.32156e+01
   9  ANx2         6.75162e-04   constant   
  10  pNx2         4.60725e+00   constant   
  11  ANy1         0.00000e+00   constant   
  12  pNy1         0.00000e+00   constant   
  13  w_y          0.00000e+00   constant   
  14  ANy2         8.91794e-03     fixed    
  15  pNy2         4.50125e+00   constant   
  16  w_vw         1.43005e+01   constant   
  17  LM          -1.01507e-04   constant   
  18  wCBO_expCoeff   2.00007e+02   2.68771e-03  -0.00000e+00   6.25751e+00
  19  wCBO_expOffset   2.00000e+02   3.78221e-04   0.00000e+00  -1.16628e+02
  20  wCBO_expT    2.99995e+01   2.90029e-04   0.00000e+00   2.51247e+00
  21  wCBO_linCoeff   0.00000e+00   constant   
  22  wCBO_const   1.06102e-03   6.26229e-04  -0.00000e+00  -5.12294e+00
 MIGRAD FAILS TO FIND IMPROVEMENT
 COVARIANCE MATRIX CALCULATED SUCCESSFULLY
 FCN=2160.95 FROM HESSE     STATUS=OK             56 CALLS         433 TOTAL
                     EDM=7.21903e-05    STRATEGY= 1      ERROR MATRIX ACCURATE 
  EXT PARAMETER                                   STEP         FIRST   
  NO.   NAME      VALUE            ERROR          SIZE      DERIVATIVE 
   1  N0           2.87181e+06     fixed    
   2  tau          6.44000e+01   constant   
   3  A0           3.53136e-01     fixed    
   4  phi          4.11703e+00     fixed    
   5  R           -5.94062e+01   constant   
   6  A_CBO        7.63151e-04   2.24378e-04   5.04031e-06  -2.32259e+01
   7  w_CBO        2.32611e+00   2.83278e-05   1.10917e-06   2.15819e+03
   8  phi_CBO      5.14671e+00   3.30022e-01   6.52814e-03  -3.30262e-02
   9  ANx2         6.75162e-04   constant   
  10  pNx2         4.60725e+00   constant   
  11  ANy1         0.00000e+00   constant   
  12  pNy1         0.00000e+00   constant   
  13  w_y          0.00000e+00   constant   
  14  ANy2         8.91794e-03     fixed    
  15  pNy2         4.50125e+00   constant   
  16  w_vw         1.43005e+01   constant   
  17  LM          -1.01507e-04   constant   
  18  wCBO_expCoeff   2.00007e+02   2.43861e-03   9.53707e-05   2.49588e+01
  19  wCBO_expOffset   2.00000e+02   1.82878e-04   9.53674e-05   1.58779e+02
  20  wCBO_expT    2.99994e+01   2.66088e-04   1.43048e-05   5.06016e+01
  21  wCBO_linCoeff   0.00000e+00   constant   
  22  wCBO_const   1.55616e-03   7.01772e-04   5.78763e-06   2.82657e+01
 MIGRAD FAILS TO FIND IMPROVEMENT
 MIGRAD TERMINATED WITHOUT CONVERGENCE.
 FCN=2160.95 FROM MIGRAD    STATUS=FAILED        268 CALLS         459 TOTAL
                     EDM=0.00414219    STRATEGY= 1  ERROR MATRIX UNCERTAINTY   0.9 per cent
  EXT PARAMETER                APPROXIMATE        STEP         FIRST   
  NO.   NAME      VALUE            ERROR          SIZE      DERIVATIVE 
   1  N0           2.87181e+06     fixed    
   2  tau          6.44000e+01   constant   
   3  A0           3.53136e-01     fixed    
   4  phi          4.11703e+00     fixed    
   5  R           -5.94062e+01   constant   
   6  A_CBO        7.63823e-04   2.27912e-04   0.00000e+00   1.97970e+00
   7  w_CBO        2.32611e+00   2.79305e-05  -0.00000e+00  -3.24635e+02
   8  phi_CBO      5.14750e+00   3.35803e-01   0.00000e+00   1.26201e-04
   9  ANx2         6.75162e-04   constant   
  10  pNx2         4.60725e+00   constant   
  11  ANy1         0.00000e+00   constant   
  12  pNy1         0.00000e+00   constant   
  13  w_y          0.00000e+00   constant   
  14  ANy2         8.91794e-03     fixed    
  15  pNy2         4.50125e+00   constant   
  16  w_vw         1.43005e+01   constant   
  17  LM          -1.01507e-04   constant   
  18  wCBO_expCoeff   2.00007e+02   2.40223e-03  -0.00000e+00  -3.73648e+00
  19  wCBO_expOffset   2.00000e+02   2.98445e-05   0.00000e+00  -7.24331e+02
  20  wCBO_expT    2.99994e+01   2.80027e-04  -0.00000e+00   8.17646e-01
  21  wCBO_linCoeff   0.00000e+00   constant   
  22  wCBO_const   1.55929e-03   7.48602e-04   0.00000e+00  -1.12425e+00
 EXTERNAL ERROR MATRIX.    NDIM=  25    NPAR=  7    ERR DEF=1
  5.194e-08 -2.227e-10  2.986e-06 -1.887e-08  1.038e-09 -6.208e-09  1.869e-08 
 -2.227e-10  7.801e-10  1.253e-07 -6.022e-08 -1.009e-10  8.899e-10 -3.841e-09 
  2.986e-06  1.253e-07  1.128e-01  1.069e-05  1.106e-06 -1.421e-05  4.612e-05 
 -1.887e-08 -6.022e-08  1.069e-05  5.771e-06 -8.271e-09  7.781e-08 -2.797e-07 
  1.038e-09 -1.009e-10  1.106e-06 -8.271e-09  8.907e-10 -1.964e-09  6.350e-09 
 -6.208e-09  8.899e-10 -1.421e-05  7.781e-08 -1.964e-09  7.842e-08 -1.765e-07 
  1.869e-08 -3.841e-09  4.612e-05 -2.797e-07  6.350e-09 -1.765e-07  5.604e-07 
ERR MATRIX APPROXIMATE
 PARAMETER  CORRELATION COEFFICIENTS  
       NO.  GLOBAL      6      7      8     18     19     20     22
        6  0.18337   1.000 -0.035  0.039 -0.034  0.153 -0.097  0.110
        7  0.97634  -0.035  1.000  0.013 -0.897 -0.121  0.114 -0.184
        8  0.45323   0.039  0.013  1.000  0.013  0.110 -0.151  0.183
       18  0.97597  -0.034 -0.897  0.013  1.000 -0.115  0.116 -0.156
       19  0.61816   0.153 -0.121  0.110 -0.115  1.000 -0.235  0.284
       20  0.87319  -0.097  0.114 -0.151  0.116 -0.235  1.000 -0.842
       22  0.93761   0.110 -0.184  0.183 -0.156  0.284 -0.842  1.000
 ERR MATRIX APPROXIMATE
MINUIT - FIT ONLY 1-CBO
 **********
 **   29 **RES 
 **********
                   PARAMETER   14  ANy2 RESTORED TO VARIABLE.
                   PARAMETER    4  phi RESTORED TO VARIABLE.
                   PARAMETER    3  A0 RESTORED TO VARIABLE.
                   PARAMETER    1  N0 RESTORED TO VARIABLE.
 **********
 **   30 **FIX            0
 **********
 PARAMETER    0  IS UNDEFINED. IGNORED.
 **********
 **   31 **FIX            1
 **********
 **********
 **   32 **FIX            2
 **********
 PARAMETER    2  IS CONSTANT.   IGNORED.
 **********
 **   33 **FIX            3
 **********
 **********
 **   34 **FIX            4
 **********
 **********
 **   35 **FIX            8
 **********
 **********
 **   36 **FIX            9
 **********
 PARAMETER    9  IS CONSTANT.   IGNORED.
 **********
 **   37 **FIX           11
 **********
 PARAMETER   11  IS CONSTANT.   IGNORED.
 **********
 **   38 **FIX           12
 **********
 PARAMETER   12  IS CONSTANT.   IGNORED.
 **********
 **   39 **FIX           13
 **********
 PARAMETER   13  IS CONSTANT.   IGNORED.
 **********
 **   40 **FIX           15
 **********
 PARAMETER   15  IS CONSTANT.   IGNORED.
 **********
 **   41 **FIX           16
 **********
 PARAMETER   16  IS CONSTANT.   IGNORED.
 **********
 **   42 **MIGRAD
 **********
 START MIGRAD MINIMIZATION.  STRATEGY  1.  CONVERGENCE WHEN EDM .LT. 1.00e-04
 FCN=2160.95 FROM MIGRAD    STATUS=INITIATE       16 CALLS         475 TOTAL
                     EDM= unknown      STRATEGY= 1      NO ERROR MATRIX       
  EXT PARAMETER               CURRENT GUESS       STEP         FIRST   
  NO.   NAME      VALUE            ERROR          SIZE      DERIVATIVE 
   1  N0           2.87181e+06     fixed    
   2  tau          6.44000e+01   constant   
   3  A0           3.53136e-01     fixed    
   4  phi          4.11703e+00     fixed    
   5  R           -5.94062e+01   constant   
   6  A_CBO        7.63823e-04   2.27912e-04   0.00000e+00   1.97970e+00
   7  w_CBO        2.32611e+00   2.79305e-05  -0.00000e+00  -3.24635e+02
   8  phi_CBO      5.14750e+00     fixed    
   9  ANx2         6.75162e-04   constant   
  10  pNx2         4.60725e+00   constant   
  11  ANy1         0.00000e+00   constant   
  12  pNy1         0.00000e+00   constant   
  13  w_y          0.00000e+00   constant   
  14  ANy2         8.91794e-03   1.00000e-04   1.00000e-04   3.65147e+05
  15  pNy2         4.50125e+00   constant   
  16  w_vw         1.43005e+01   constant   
  17  LM          -1.01507e-04   constant   
  18  wCBO_expCoeff   2.00007e+02   2.40223e-03  -0.00000e+00  -3.73648e+00
  19  wCBO_expOffset   2.00000e+02   2.98445e-05   0.00000e+00  -7.24331e+02
  20  wCBO_expT    2.99994e+01   2.80027e-04  -0.00000e+00   8.17646e-01
  21  wCBO_linCoeff   0.00000e+00   constant   
  22  wCBO_const   1.55929e-03   7.48602e-04   0.00000e+00  -1.12426e+00
 MIGRAD MINIMIZATION HAS CONVERGED.
 MIGRAD WILL VERIFY CONVERGENCE AND ERROR MATRIX.
 COVARIANCE MATRIX CALCULATED SUCCESSFULLY
 FCN=528.428 FROM MIGRAD    STATUS=CONVERGED     217 CALLS         676 TOTAL
                     EDM=5.07692e-05    STRATEGY= 1      ERROR MATRIX ACCURATE 
  EXT PARAMETER                                   STEP         FIRST   
  NO.   NAME      VALUE            ERROR          SIZE      DERIVATIVE 
   1  N0           2.87181e+06     fixed    
   2  tau          6.44000e+01   constant   
   3  A0           3.53136e-01     fixed    
   4  phi          4.11703e+00     fixed    
   5  R           -5.94062e+01   constant   
   6  A_CBO        7.88782e-05   2.44725e-04   2.49781e-06   3.21546e+00
   7  w_CBO        2.32611e+00   1.44676e-04   1.10917e-06  -3.57656e+02
   8  phi_CBO      5.14750e+00     fixed    
   9  ANx2         6.75162e-04   constant   
  10  pNx2         4.60725e+00   constant   
  11  ANy1         0.00000e+00   constant   
  12  pNy1         0.00000e+00   constant   
  13  w_y          0.00000e+00   constant   
  14  ANy2        -2.55590e-05   2.21436e-04   2.47812e-06  -1.88220e-02
  15  pNy2         4.50125e+00   constant   
  16  w_vw         1.43005e+01   constant   
  17  LM          -1.01507e-04   constant   
  18  wCBO_expCoeff   2.00007e+02   1.24556e-02   9.53708e-05  -4.14895e+00
  19  wCBO_expOffset   2.00000e+02   3.17112e-04   9.53675e-05  -2.73497e+01
  20  wCBO_expT    2.99999e+01   7.77917e-04   1.43051e-05  -6.99516e+00
  21  wCBO_linCoeff   0.00000e+00   constant   
  22  wCBO_const   1.65952e-05   1.93852e-03   4.25485e-06  -2.05757e+00
 EXTERNAL ERROR MATRIX.    NDIM=  25    NPAR=  7    ERR DEF=1
  5.989e-08 -4.909e-10  4.271e-09 -2.093e-08 -1.720e-08 -4.624e-08  1.215e-07 
 -4.909e-10  2.093e-08 -9.037e-11 -1.764e-06 -2.404e-09  6.755e-09 -2.708e-08 
  4.271e-09 -9.037e-11  4.903e-08 -5.191e-09 -1.478e-09 -9.064e-09  2.256e-08 
 -2.093e-08 -1.764e-06 -5.191e-09  1.551e-04 -2.871e-07  5.403e-07 -7.031e-07 
 -1.720e-08 -2.404e-09 -1.478e-09 -2.871e-07  1.006e-07  4.068e-08 -1.121e-07 
 -4.624e-08  6.755e-09 -9.064e-09  5.403e-07  4.068e-08  6.052e-07 -1.438e-06 
  1.215e-07 -2.708e-08  2.256e-08 -7.031e-07 -1.121e-07 -1.438e-06  3.758e-06 
 PARAMETER  CORRELATION COEFFICIENTS  
       NO.  GLOBAL      6      7     14     18     19     20     22
        6  0.41794   1.000 -0.014  0.079 -0.007 -0.222 -0.243  0.256
        7  0.99854  -0.014  1.000 -0.003 -0.979 -0.052  0.060 -0.097
       14  0.08829   0.079 -0.003  1.000 -0.002 -0.021 -0.053  0.053
       18  0.99852  -0.007 -0.979 -0.002  1.000 -0.073  0.056 -0.029
       19  0.94556  -0.222 -0.052 -0.021 -0.073  1.000  0.165 -0.182
       20  0.95902  -0.243  0.060 -0.053  0.056  0.165  1.000 -0.954
       22  0.98073   0.256 -0.097  0.053 -0.029 -0.182 -0.954  1.000
MINUIT - FIT ONLY 2-CBO
 **********
 **   43 **RES 
 **********
                   PARAMETER    8  phi_CBO RESTORED TO VARIABLE.
                   PARAMETER    4  phi RESTORED TO VARIABLE.
                   PARAMETER    3  A0 RESTORED TO VARIABLE.
                   PARAMETER    1  N0 RESTORED TO VARIABLE.
 **********
 **   44 **FIX            0
 **********
 PARAMETER    0  IS UNDEFINED. IGNORED.
 **********
 **   45 **FIX            1
 **********
 **********
 **   46 **FIX            2
 **********
 PARAMETER    2  IS CONSTANT.   IGNORED.
 **********
 **   47 **FIX            3
 **********
 **********
 **   48 **FIX            4
 **********
 **********
 **   49 **FIX            5
 **********
 PARAMETER    5  IS CONSTANT.   IGNORED.
 **********
 **   50 **FIX            6
 **********
 **********
 **   51 **FIX            7
 **********
 **********
 **   52 **FIX           10
 **********
 PARAMETER   10  IS CONSTANT.   IGNORED.
 **********
 **   53 **FIX           11
 **********
 PARAMETER   11  IS CONSTANT.   IGNORED.
 **********
 **   54 **FIX           12
 **********
 PARAMETER   12  IS CONSTANT.   IGNORED.
 **********
 **   55 **FIX           13
 **********
 PARAMETER   13  IS CONSTANT.   IGNORED.
 **********
 **   56 **FIX           14
 **********
 **********
 **   57 **FIX           15
 **********
 PARAMETER   15  IS CONSTANT.   IGNORED.
 **********
 **   58 **FIX           16
 **********
 PARAMETER   16  IS CONSTANT.   IGNORED.
 **********
 **   59 **MIGRAD
 **********
 START MIGRAD MINIMIZATION.  STRATEGY  1.  CONVERGENCE WHEN EDM .LT. 1.00e-04
 FCN=528.428 FROM MIGRAD    STATUS=INITIATE       12 CALLS         688 TOTAL
                     EDM= unknown      STRATEGY= 1      NO ERROR MATRIX       
  EXT PARAMETER               CURRENT GUESS       STEP         FIRST   
  NO.   NAME      VALUE            ERROR          SIZE      DERIVATIVE 
   1  N0           2.87181e+06     fixed    
   2  tau          6.44000e+01   constant   
   3  A0           3.53136e-01     fixed    
   4  phi          4.11703e+00     fixed    
   5  R           -5.94062e+01   constant   
   6  A_CBO        7.88782e-05     fixed    
   7  w_CBO        2.32611e+00     fixed    
   8  phi_CBO      5.14750e+00   3.35803e-01   3.35803e-01  -6.01162e-01
   9  ANx2         6.75162e-04   constant   
  10  pNx2         4.60725e+00   constant   
  11  ANy1         0.00000e+00   constant   
  12  pNy1         0.00000e+00   constant   
  13  w_y          0.00000e+00   constant   
  14  ANy2        -2.55590e-05     fixed    
  15  pNy2         4.50125e+00   constant   
  16  w_vw         1.43005e+01   constant   
  17  LM          -1.01507e-04   constant   
  18  wCBO_expCoeff   2.00007e+02   1.24556e-02   9.53708e-05  -3.96961e+00
  19  wCBO_expOffset   2.00000e+02   3.17112e-04   9.53675e-05   3.02898e+01
  20  wCBO_expT    2.99999e+01   7.77917e-04   1.43051e-05  -7.03491e+00
  21  wCBO_linCoeff   0.00000e+00   constant   
  22  wCBO_const   1.65952e-05   1.93852e-03   4.25485e-06  -2.06259e+00
 MIGRAD MINIMIZATION HAS CONVERGED.
 MIGRAD WILL VERIFY CONVERGENCE AND ERROR MATRIX.
 COVARIANCE MATRIX CALCULATED SUCCESSFULLY
 FCN=528.008 FROM MIGRAD    STATUS=CONVERGED     136 CALLS         812 TOTAL
                     EDM=1.13668e-05    STRATEGY= 1      ERROR MATRIX ACCURATE 
  EXT PARAMETER                                   STEP         FIRST   
  NO.   NAME      VALUE            ERROR          SIZE      DERIVATIVE 
   1  N0           2.87181e+06     fixed    
   2  tau          6.44000e+01   constant   
   3  A0           3.53136e-01     fixed    
   4  phi          4.11703e+00     fixed    
   5  R           -5.94062e+01   constant   
   6  A_CBO        7.88782e-05     fixed    
   7  w_CBO        2.32611e+00     fixed    
   8  phi_CBO      6.37969e+00   1.79816e+00   1.95458e-02   1.05822e-03
   9  ANx2         6.75162e-04   constant   
  10  pNx2         4.60725e+00   constant   
  11  ANy1         0.00000e+00   constant   
  12  pNy1         0.00000e+00   constant   
  13  w_y          0.00000e+00   constant   
  14  ANy2        -2.55590e-05     fixed    
  15  pNy2         4.50125e+00   constant   
  16  w_vw         1.43005e+01   constant   
  17  LM          -1.01507e-04   constant   
  18  wCBO_expCoeff   2.00007e+02   2.34224e-03   9.53709e-05   1.55956e+00
  19  wCBO_expOffset   2.00000e+02   2.74166e-04   9.53675e-05   1.03383e+01
  20  wCBO_expT    3.00000e+01   7.16459e-04   1.43051e-05   4.25131e+00
  21  wCBO_linCoeff   0.00000e+00   constant   
  22  wCBO_const  -8.49437e-05   1.76837e-03   4.21430e-06   9.80797e-01
 EXTERNAL ERROR MATRIX.    NDIM=  25    NPAR=  5    ERR DEF=1
  3.233e+00  3.720e-04  4.554e-05  1.253e-04 -3.870e-04 
  3.720e-04  5.486e-06 -3.909e-07  1.006e-06 -2.698e-06 
  4.554e-05 -3.909e-07  7.517e-08  1.825e-08 -5.880e-08 
  1.253e-04  1.006e-06  1.825e-08  5.133e-07 -1.199e-06 
 -3.870e-04 -2.698e-06 -5.880e-08 -1.199e-06  3.127e-06 
 PARAMETER  CORRELATION COEFFICIENTS  
       NO.  GLOBAL      8     18     19     20     22
        8  0.25080   1.000  0.088  0.092  0.097 -0.122
       18  0.95784   0.088  1.000 -0.609  0.600 -0.651
       19  0.92711   0.092 -0.609  1.000  0.093 -0.121
       20  0.95237   0.097  0.600  0.093  1.000 -0.946
       22  0.97722  -0.122 -0.651 -0.121 -0.946  1.000
MINUIT - FIT ONLY 1-y
 **********
 **   60 **RES 
 **********
                   PARAMETER   14  ANy2 RESTORED TO VARIABLE.
                   PARAMETER    7  w_CBO RESTORED TO VARIABLE.
                   PARAMETER    6  A_CBO RESTORED TO VARIABLE.
                   PARAMETER    4  phi RESTORED TO VARIABLE.
                   PARAMETER    3  A0 RESTORED TO VARIABLE.
                   PARAMETER    1  N0 RESTORED TO VARIABLE.
 **********
 **   61 **FIX            0
 **********
 PARAMETER    0  IS UNDEFINED. IGNORED.
 **********
 **   62 **FIX            1
 **********
 **********
 **   63 **FIX            2
 **********
 PARAMETER    2  IS CONSTANT.   IGNORED.
 **********
 **   64 **FIX            3
 **********
 **********
 **   65 **FIX            4
 **********
 **********
 **   66 **FIX            5
 **********
 PARAMETER    5  IS CONSTANT.   IGNORED.
 **********
 **   67 **FIX            6
 **********
 **********
 **   68 **FIX            7
 **********
 **********
 **   69 **FIX            8
 **********
 **********
 **   70 **FIX            9
 **********
 PARAMETER    9  IS CONSTANT.   IGNORED.
 **********
 **   71 **FIX           13
 **********
 PARAMETER   13  IS CONSTANT.   IGNORED.
 **********
 **   72 **FIX           14
 **********
 **********
 **   73 **FIX           15
 **********
 PARAMETER   15  IS CONSTANT.   IGNORED.
 **********
 **   74 **FIX           16
 **********
 PARAMETER   16  IS CONSTANT.   IGNORED.
 **********
 **   75 **MIGRAD
 **********
 START MIGRAD MINIMIZATION.  STRATEGY  1.  CONVERGENCE WHEN EDM .LT. 1.00e-04
 FCN=528.008 FROM MIGRAD    STATUS=INITIATE        8 CALLS         820 TOTAL
                     EDM= unknown      STRATEGY= 1      NO ERROR MATRIX       
  EXT PARAMETER               CURRENT GUESS       STEP         FIRST   
  NO.   NAME      VALUE            ERROR          SIZE      DERIVATIVE 
   1  N0           2.87181e+06     fixed    
   2  tau          6.44000e+01   constant   
   3  A0           3.53136e-01     fixed    
   4  phi          4.11703e+00     fixed    
   5  R           -5.94062e+01   constant   
   6  A_CBO        7.88782e-05     fixed    
   7  w_CBO        2.32611e+00     fixed    
   8  phi_CBO      6.37969e+00     fixed    
   9  ANx2         6.75162e-04   constant   
  10  pNx2         4.60725e+00   constant   
  11  ANy1         0.00000e+00   constant   
  12  pNy1         0.00000e+00   constant   
  13  w_y          0.00000e+00   constant   
  14  ANy2        -2.55590e-05     fixed    
  15  pNy2         4.50125e+00   constant   
  16  w_vw         1.43005e+01   constant   
  17  LM          -1.01507e-04   constant   
  18  wCBO_expCoeff   2.00007e+02   2.34224e-03   9.53709e-05   1.52493e+00
  19  wCBO_expOffset   2.00000e+02   2.74166e-04   9.53675e-05  -1.00870e+01
  20  wCBO_expT    3.00000e+01   7.16459e-04   1.43051e-05   4.18152e+00
  21  wCBO_linCoeff   0.00000e+00   constant   
  22  wCBO_const  -8.49437e-05   1.76837e-03   4.21430e-06   9.76027e-01
 MIGRAD MINIMIZATION HAS CONVERGED.
 MIGRAD WILL VERIFY CONVERGENCE AND ERROR MATRIX.
 COVARIANCE MATRIX CALCULATED SUCCESSFULLY
 FCN=528.008 FROM MIGRAD    STATUS=CONVERGED      46 CALLS         858 TOTAL
                     EDM=7.76387e-06    STRATEGY= 1      ERROR MATRIX ACCURATE 
  EXT PARAMETER                                   STEP         FIRST   
  NO.   NAME      VALUE            ERROR          SIZE      DERIVATIVE 
   1  N0           2.87181e+06     fixed    
   2  tau          6.44000e+01   constant   
   3  A0           3.53136e-01     fixed    
   4  phi          4.11703e+00     fixed    
   5  R           -5.94062e+01   constant   
   6  A_CBO        7.88782e-05     fixed    
   7  w_CBO        2.32611e+00     fixed    
   8  phi_CBO      6.37969e+00     fixed    
   9  ANx2         6.75162e-04   constant   
  10  pNx2         4.60725e+00   constant   
  11  ANy1         0.00000e+00   constant   
  12  pNy1         0.00000e+00   constant   
  13  w_y          0.00000e+00   constant   
  14  ANy2        -2.55590e-05     fixed    
  15  pNy2         4.50125e+00   constant   
  16  w_vw         1.43005e+01   constant   
  17  LM          -1.01507e-04   constant   
  18  wCBO_expCoeff   2.00007e+02   2.33306e-03   9.53709e-05   1.04482e+00
  19  wCBO_expOffset   2.00000e+02   2.72988e-04   9.53675e-05   6.90652e+00
  20  wCBO_expT    3.00000e+01   7.13041e-04   1.43051e-05   7.26600e-01
  21  wCBO_linCoeff   0.00000e+00   constant   
  22  wCBO_const  -8.49877e-05   1.75517e-03   4.21439e-06  -9.08201e-01
 EXTERNAL ERROR MATRIX.    NDIM=  25    NPAR=  4    ERR DEF=1
  5.443e-06 -3.961e-07  9.920e-07 -2.653e-06 
 -3.961e-07  7.452e-08  1.647e-08 -5.332e-08 
  9.920e-07  1.647e-08  5.084e-07 -1.184e-06 
 -2.653e-06 -5.332e-08 -1.184e-06  3.081e-06 
 PARAMETER  CORRELATION COEFFICIENTS  
       NO.  GLOBAL     18     19     20     22
       18  0.95750   1.000 -0.622  0.596 -0.648
       19  0.92646  -0.622  1.000  0.085 -0.111
       20  0.95190   0.596  0.085  1.000 -0.946
       22  0.97688  -0.648 -0.111 -0.946  1.000
MINUIT - FIT ONLY 2-y
 **********
 **   76 **RES 
 **********
                   PARAMETER   14  ANy2 RESTORED TO VARIABLE.
                   PARAMETER    8  phi_CBO RESTORED TO VARIABLE.
                   PARAMETER    7  w_CBO RESTORED TO VARIABLE.
                   PARAMETER    6  A_CBO RESTORED TO VARIABLE.
                   PARAMETER    4  phi RESTORED TO VARIABLE.
                   PARAMETER    3  A0 RESTORED TO VARIABLE.
                   PARAMETER    1  N0 RESTORED TO VARIABLE.
 **********
 **   77 **FIX            0
 **********
 PARAMETER    0  IS UNDEFINED. IGNORED.
 **********
 **   78 **FIX            1
 **********
 **********
 **   79 **FIX            2
 **********
 PARAMETER    2  IS CONSTANT.   IGNORED.
 **********
 **   80 **FIX            3
 **********
 **********
 **   81 **FIX            4
 **********
 **********
 **   82 **FIX            5
 **********
 PARAMETER    5  IS CONSTANT.   IGNORED.
 **********
 **   83 **FIX            6
 **********
 **********
 **   84 **FIX            7
 **********
 **********
 **   85 **FIX            8
 **********
 **********
 **   86 **FIX            9
 **********
 PARAMETER    9  IS CONSTANT.   IGNORED.
 **********
 **   87 **FIX           10
 **********
 PARAMETER   10  IS CONSTANT.   IGNORED.
 **********
 **   88 **FIX           11
 **********
 PARAMETER   11  IS CONSTANT.   IGNORED.
 **********
 **   89 **FIX           12
 **********
 PARAMETER   12  IS CONSTANT.   IGNORED.
 **********
 **   90 **FIX           16
 **********
 PARAMETER   16  IS CONSTANT.   IGNORED.
 **********
 **   91 **MIGRAD
 **********
 START MIGRAD MINIMIZATION.  STRATEGY  1.  CONVERGENCE WHEN EDM .LT. 1.00e-04
 FCN=528.008 FROM MIGRAD    STATUS=INITIATE       10 CALLS         868 TOTAL
                     EDM= unknown      STRATEGY= 1      NO ERROR MATRIX       
  EXT PARAMETER               CURRENT GUESS       STEP         FIRST   
  NO.   NAME      VALUE            ERROR          SIZE      DERIVATIVE 
   1  N0           2.87181e+06     fixed    
   2  tau          6.44000e+01   constant   
   3  A0           3.53136e-01     fixed    
   4  phi          4.11703e+00     fixed    
   5  R           -5.94062e+01   constant   
   6  A_CBO        7.88782e-05     fixed    
   7  w_CBO        2.32611e+00     fixed    
   8  phi_CBO      6.37969e+00     fixed    
   9  ANx2         6.75162e-04   constant   
  10  pNx2         4.60725e+00   constant   
  11  ANy1         0.00000e+00   constant   
  12  pNy1         0.00000e+00   constant   
  13  w_y          0.00000e+00   constant   
  14  ANy2        -2.55590e-05   2.21436e-04   2.21436e-04   2.36815e+02
  15  pNy2         4.50125e+00   constant   
  16  w_vw         1.43005e+01   constant   
  17  LM          -1.01507e-04   constant   
  18  wCBO_expCoeff   2.00007e+02   2.33306e-03   9.53709e-05   1.01016e+00
  19  wCBO_expOffset   2.00000e+02   2.72988e-04   9.53675e-05  -1.35243e+01
  20  wCBO_expT    3.00000e+01   7.13041e-04   1.43051e-05   6.34870e-01
  21  wCBO_linCoeff   0.00000e+00   constant   
  22  wCBO_const  -8.49877e-05   1.75517e-03   4.21439e-06  -9.12933e-01
 MIGRAD MINIMIZATION HAS CONVERGED.
 MIGRAD WILL VERIFY CONVERGENCE AND ERROR MATRIX.
 COVARIANCE MATRIX CALCULATED SUCCESSFULLY
 FCN=528.008 FROM MIGRAD    STATUS=CONVERGED      66 CALLS         924 TOTAL
                     EDM=4.21171e-06    STRATEGY= 1      ERROR MATRIX ACCURATE 
  EXT PARAMETER                                   STEP         FIRST   
  NO.   NAME      VALUE            ERROR          SIZE      DERIVATIVE 
   1  N0           2.87181e+06     fixed    
   2  tau          6.44000e+01   constant   
   3  A0           3.53136e-01     fixed    
   4  phi          4.11703e+00     fixed    
   5  R           -5.94062e+01   constant   
   6  A_CBO        7.88782e-05     fixed    
   7  w_CBO        2.32611e+00     fixed    
   8  phi_CBO      6.37969e+00     fixed    
   9  ANx2         6.75162e-04   constant   
  10  pNx2         4.60725e+00   constant   
  11  ANy1         0.00000e+00   constant   
  12  pNy1         0.00000e+00   constant   
  13  w_y          0.00000e+00   constant   
  14  ANy2        -3.13298e-05   2.20717e-04   2.47714e-06  -2.75176e-01
  15  pNy2         4.50125e+00   constant   
  16  w_vw         1.43005e+01   constant   
  17  LM          -1.01507e-04   constant   
  18  wCBO_expCoeff   2.00007e+02   2.33303e-03   9.53709e-05   7.19301e-01
  19  wCBO_expOffset   2.00000e+02   2.72981e-04   9.53675e-05   4.73652e+00
  20  wCBO_expT    3.00000e+01   7.13339e-04   1.43051e-05  -3.76615e+00
  21  wCBO_linCoeff   0.00000e+00   constant   
  22  wCBO_const  -8.50557e-05   1.75528e-03   4.21507e-06  -2.26378e+00
 EXTERNAL ERROR MATRIX.    NDIM=  25    NPAR=  5    ERR DEF=1
  4.872e-08 -6.305e-09 -1.498e-11 -4.414e-09  1.053e-08 
 -6.305e-09  5.443e-06 -3.962e-07  9.924e-07 -2.653e-06 
 -1.498e-11 -3.962e-07  7.452e-08  1.644e-08 -5.322e-08 
 -4.414e-09  9.924e-07  1.644e-08  5.089e-07 -1.185e-06 
  1.053e-08 -2.653e-06 -5.322e-08 -1.185e-06  3.081e-06 
 PARAMETER  CORRELATION COEFFICIENTS  
       NO.  GLOBAL     14     18     19     20     22
       14  0.03639   1.000 -0.012 -0.000 -0.028  0.027
       18  0.95750  -0.012  1.000 -0.622  0.596 -0.648
       19  0.92646  -0.000 -0.622  1.000  0.084 -0.111
       20  0.95190  -0.028  0.596  0.084  1.000 -0.946
       22  0.97687   0.027 -0.648 -0.111 -0.946  1.000
MINUIT - FIT ALTOGETHER
 **********
 **   92 **RES 
 **********
                   PARAMETER    8  phi_CBO RESTORED TO VARIABLE.
                   PARAMETER    7  w_CBO RESTORED TO VARIABLE.
                   PARAMETER    6  A_CBO RESTORED TO VARIABLE.
                   PARAMETER    4  phi RESTORED TO VARIABLE.
                   PARAMETER    3  A0 RESTORED TO VARIABLE.
                   PARAMETER    1  N0 RESTORED TO VARIABLE.
 **********
 **   93 **MIGRAD
 **********
 START MIGRAD MINIMIZATION.  STRATEGY  1.  CONVERGENCE WHEN EDM .LT. 1.00e-04
 FCN=528.008 FROM MIGRAD    STATUS=INITIATE       22 CALLS         946 TOTAL
                     EDM= unknown      STRATEGY= 1      NO ERROR MATRIX       
  EXT PARAMETER               CURRENT GUESS       STEP         FIRST   
  NO.   NAME      VALUE            ERROR          SIZE      DERIVATIVE 
   1  N0           2.87181e+06   4.51556e+02   4.51556e+02   2.14618e-03
   2  tau          6.44000e+01   constant   
   3  A0           3.53136e-01   2.07800e-04   2.07800e-04  -5.88169e+03
