 + ++++++++++++++++++++++++++++++++++++++++++++++++++++++++++++++++++++ +
 +                                                                      +
 +           You have chose to blind your fitting according to          +
 +                omega_ref * (1 + (R +/- deltaR) *10^{-6})             +
 +                                                                      +
 + ++++++++++++++++++++++++++++++++++++++++++++++++++++++++++++++++++++ +
In main()...
reading format from /gm2data/zkhechad/run45/envelope/formats/formatB_sBin_constraintOn.txt
pBinTau 	= 0  
pBinPhi 	= 0  
constraintau 	= 1 
includeMopTerm 	= 0    
constrainMop    = 0   
Parameters after format file: pBinTau 0 pBinPhi 0 constraintau 1 includeMopTerm 0 constrainMop 0 c_e_scale 0.000000 
reading cbo reference file (full fit) from /gm2data/zkhechad/cboTemplates/Run4CBOTemplates/fullFits/run4/sBin_constraintOn_cE0.0_seed0_run4_calo7.root
A_CBO 0.010017 w_CBO 2.326795 phi_CBO 5.385454 N0 2934724.912691 R -61.426290 tau 64.406392 
Reading cboRef file /gm2data/zkhechad/cboTemplates/Run4CBOTemplates//cboIsolate/run4_calo7.root
deltaT 164.120000
windowBins = 1100
fitting sliding window 2080 from bin 2283 at 340.623600 to bin 3383 at 504.743600 (1100 bins)

Reading data from /gm2data/cornell/histograms/aMethod/histogram_a_run4.root
fitting cbo isolate
 **********
 **    1 **SET PRINTOUT            1
 **********
 **********
 **    2 **SET NOWARNINGS 
 **********
 PARAMETER DEFINITIONS:
    NO.   NAME         VALUE      STEP SIZE      LIMITS
     1 A_CBO        1.00169e-02  1.00000e-05     no limits
     2 w_CBO        2.32680e+00  1.00000e-02    2.00000e+00  3.00000e+00
     3 phi_CBO      5.38545e+00  1.00000e-02    0.00000e+00  6.28319e+00
 **********
 **    3 **MIGRAD
 **********
 FIRST CALL TO USER FUNCTION AT NEW START POINT, WITH IFLAG=4.
 START MIGRAD MINIMIZATION.  STRATEGY  1.  CONVERGENCE WHEN EDM .LT. 1.00e-04
 FCN=0.173618 FROM MIGRAD    STATUS=INITIATE       12 CALLS          13 TOTAL
                     EDM= unknown      STRATEGY= 1      NO ERROR MATRIX       
  EXT PARAMETER               CURRENT GUESS       STEP         FIRST   
  NO.   NAME      VALUE            ERROR          SIZE      DERIVATIVE 
   1  A_CBO        1.00169e-02   1.00000e-05   1.00000e-05   8.90676e+00
   2  w_CBO        2.32680e+00   1.00000e-02   2.13223e-02   2.37602e+00
   3  phi_CBO      5.38545e+00   1.00000e-02   4.54801e-03  -2.41536e-02
 MIGRAD MINIMIZATION HAS CONVERGED.
 MIGRAD WILL VERIFY CONVERGENCE AND ERROR MATRIX.
 FCN=0.136934 FROM HESSE     STATUS=NOT POSDEF     16 CALLS          70 TOTAL
                     EDM=0.00204843    STRATEGY= 1      ERR MATRIX NOT POS-DEF
  EXT PARAMETER                APPROXIMATE        STEP         FIRST   
  NO.   NAME      VALUE            ERROR          SIZE      DERIVATIVE 
   1  A_CBO        2.19706e-03   6.13084e-02   2.22290e-05   7.08855e-03
   2  w_CBO        2.32603e+00   6.47659e-01   5.22017e-05   1.46291e-02
   3  phi_CBO      5.58034e+00   3.35631e+00   5.09682e-03   4.33184e-04
 MIGRAD MINIMIZATION HAS CONVERGED.
 MIGRAD WILL VERIFY CONVERGENCE AND ERROR MATRIX.
 COVARIANCE MATRIX CALCULATED SUCCESSFULLY
 FCN=0.136276 FROM MIGRAD    STATUS=CONVERGED     143 CALLS         144 TOTAL
                     EDM=5.20243e-07    STRATEGY= 1      ERROR MATRIX ACCURATE 
  EXT PARAMETER                                   STEP         FIRST   
  NO.   NAME      VALUE            ERROR          SIZE      DERIVATIVE 
   1  A_CBO        2.45660e-03   4.28216e-02   2.21937e-05   1.14263e-02
   2  w_CBO        2.31636e+00   3.56623e-01   4.50122e-05   2.20525e-03
   3  phi_CBO      1.51746e+00   3.80560e+00   3.41199e-03  -1.57104e-05
 EXTERNAL ERROR MATRIX.    NDIM=  25    NPAR=  3    ERR DEF=1
  1.834e-03 -1.580e-03 -6.632e-01 
 -1.580e-03  1.652e-01  6.905e+01 
 -6.632e-01  6.905e+01  2.917e+04 
 PARAMETER  CORRELATION COEFFICIENTS  
       NO.  GLOBAL      1      2      3
        1  0.09087   1.000 -0.091 -0.091
        2  0.99480  -0.091  1.000  0.995
        3  0.99480  -0.091  0.995  1.000
setting A_CBO=0.002457 w_CBO=2.316359, phi_CBO=1.517462
done fitting cbo isolate
 **********
 **    1 **SET PRINTOUT            1
 **********
 **********
 **    2 **SET NOWARNINGS 
 **********
 PARAMETER DEFINITIONS:
    NO.   NAME         VALUE      STEP SIZE      LIMITS
     1 N0           2.93472e+06  1.00000e+02     no limits
     2 tau          6.44064e+01  constant
     3 A0           3.50200e-01  1.00000e-04     no limits
     4 phi          4.11726e+00  1.00000e-02     no limits
     5 R           -6.14263e+01  constant
     6 A_CBO        2.45660e-03  1.00000e-05     no limits
     7 w_CBO        2.31636e+00  1.00000e-03     no limits
     8 phi_CBO      1.51746e+00  1.00000e-04     no limits
     9 ANx2         5.09258e-04  constant
    10 pNx2         1.79030e-01  constant
    11 ANy1         0.00000e+00  constant
    12 pNy1         0.00000e+00  constant
    13 w_y          0.00000e+00  constant
    14 ANy2         8.95951e-03  1.00000e-04     no limits
    15 pNy2         6.17155e+00  constant
    16 w_vw         1.43200e+01  constant
    17 LM          -8.21731e-05  constant
    18 wCBO_expCoeff   2.00000e+02  1.00000e+00     no limits
    19 wCBO_expOffset   2.00000e+02  1.00000e+00     no limits
    20 wCBO_expT    3.00000e+01  1.00000e+00     no limits
    21 wCBO_linCoeff   0.00000e+00  constant
    22 wCBO_const   0.00000e+00  1.00000e-02     no limits
MINUIT - FIT ONLY WIGGLE
 **********
 **    3 **FIX            5
 **********
 PARAMETER    5  IS CONSTANT.   IGNORED.
 **********
 **    4 **FIX            6
 **********
 **********
 **    5 **FIX            7
 **********
 **********
 **    6 **FIX            8
 **********
 **********
 **    7 **FIX            9
 **********
 PARAMETER    9  IS CONSTANT.   IGNORED.
 **********
 **    8 **FIX           10
 **********
 PARAMETER   10  IS CONSTANT.   IGNORED.
 **********
 **    9 **FIX           11
 **********
 PARAMETER   11  IS CONSTANT.   IGNORED.
 **********
 **   10 **FIX           12
 **********
 PARAMETER   12  IS CONSTANT.   IGNORED.
 **********
 **   11 **FIX           13
 **********
 PARAMETER   13  IS CONSTANT.   IGNORED.
 **********
 **   12 **FIX           14
 **********
 **********
 **   13 **FIX           15
 **********
 PARAMETER   15  IS CONSTANT.   IGNORED.
 **********
 **   14 **FIX           16
 **********
 PARAMETER   16  IS CONSTANT.   IGNORED.
 **********
 **   15 **MIGRAD
 **********
 FIRST CALL TO USER FUNCTION AT NEW START POINT, WITH IFLAG=4.
 START MIGRAD MINIMIZATION.  STRATEGY  1.  CONVERGENCE WHEN EDM .LT. 1.00e-04
 FCN=513.166 FROM MIGRAD    STATUS=INITIATE       32 CALLS          33 TOTAL
                     EDM= unknown      STRATEGY= 1      NO ERROR MATRIX       
  EXT PARAMETER               CURRENT GUESS       STEP         FIRST   
  NO.   NAME      VALUE            ERROR          SIZE      DERIVATIVE 
   1  N0           2.93472e+06   1.00000e+02   1.00000e+02   4.51909e-04
   2  tau          6.44064e+01   constant   
   3  A0           3.50200e-01   1.00000e-04   1.00000e-04  -2.53286e+03
   4  phi          4.11726e+00   1.00000e-02   1.00000e-02   9.73973e+02
   5  R           -6.14263e+01   constant   
   6  A_CBO        2.45660e-03     fixed    
   7  w_CBO        2.31636e+00     fixed    
   8  phi_CBO      1.51746e+00     fixed    
   9  ANx2         5.09258e-04   constant   
  10  pNx2         1.79030e-01   constant   
  11  ANy1         0.00000e+00   constant   
  12  pNy1         0.00000e+00   constant   
  13  w_y          0.00000e+00   constant   
  14  ANy2         8.95951e-03     fixed    
  15  pNy2         6.17155e+00   constant   
  16  w_vw         1.43200e+01   constant   
  17  LM          -8.21731e-05   constant   
  18  wCBO_expCoeff   2.00000e+02   1.00000e+00   1.00000e+00  -1.00864e+01
  19  wCBO_expOffset   2.00000e+02   1.00000e+00   1.00000e+00  -6.72426e+01
  20  wCBO_expT    3.00000e+01   1.00000e+00   1.00000e+00  -3.10374e+02
  21  wCBO_linCoeff   0.00000e+00   constant   
  22  wCBO_const   0.00000e+00   1.00000e-02   1.00000e-02  -5.38503e+02
 MIGRAD MINIMIZATION HAS CONVERGED.
 MIGRAD WILL VERIFY CONVERGENCE AND ERROR MATRIX.
 FCN=500.431 FROM MIGRAD    STATUS=CONVERGED     497 CALLS         498 TOTAL
                     EDM=1.89659e-06    STRATEGY= 1      ERR MATRIX NOT POS-DEF
  EXT PARAMETER                APPROXIMATE        STEP         FIRST   
  NO.   NAME      VALUE            ERROR          SIZE      DERIVATIVE 
   1  N0           2.93431e+06   1.41444e+03   1.50293e+01  -9.81685e-07
   2  tau          6.44064e+01   constant   
   3  A0           3.50635e-01   6.46045e-04   6.99938e-06   8.97522e-01
   4  phi          4.11498e+00   1.90980e-03   2.08792e-05   3.68402e-01
   5  R           -6.14263e+01   constant   
   6  A_CBO        2.45660e-03     fixed    
   7  w_CBO        2.31636e+00     fixed    
   8  phi_CBO      1.51746e+00     fixed    
   9  ANx2         5.09258e-04   constant   
  10  pNx2         1.79030e-01   constant   
  11  ANy1         0.00000e+00   constant   
  12  pNy1         0.00000e+00   constant   
  13  w_y          0.00000e+00   constant   
  14  ANy2         8.95951e-03     fixed    
  15  pNy2         6.17155e+00   constant   
  16  w_vw         1.43200e+01   constant   
  17  LM          -8.21731e-05   constant   
  18  wCBO_expCoeff   1.99991e+02   1.44526e+00   1.26594e-03  -8.17018e-03
  19  wCBO_expOffset   2.00284e+02   2.15990e-01   1.89180e-04  -5.46457e-02
  20  wCBO_expT    2.98865e+01   3.07775e-02   3.51218e-05  -2.98462e-01
  21  wCBO_linCoeff   0.00000e+00   constant   
  22  wCBO_const   7.13885e-03   6.64708e-04   4.00303e-06  -2.48198e+00
 EXTERNAL ERROR MATRIX.    NDIM=  25    NPAR=  7    ERR DEF=1
  2.001e+06  1.577e-02  4.342e-02  1.407e+01  2.105e+00 -2.160e-01 -5.847e-02 
  1.577e-02  4.174e-07 -7.951e-09 -2.743e-05 -4.102e-06  1.129e-06  3.568e-08 
  4.342e-02 -7.951e-09  3.647e-06 -2.496e-05 -3.730e-06  2.169e-06 -1.193e-07 
  1.407e+01 -2.743e-05 -2.496e-05  2.089e+00 -2.318e-01 -1.571e-02  1.332e-04 
  2.105e+00 -4.102e-06 -3.730e-06 -2.318e-01  4.665e-02 -2.349e-03  1.991e-05 
 -2.160e-01  1.129e-06  2.169e-06 -1.571e-02 -2.349e-03  9.473e-04 -1.043e-05 
 -5.847e-02  3.568e-08 -1.193e-07  1.332e-04  1.991e-05 -1.043e-05  4.418e-07 
ERR MATRIX NOT POS-DEF
 PARAMETER  CORRELATION COEFFICIENTS  
       NO.  GLOBAL      1      3      4     18     19     20     22
        1  0.09020   1.000  0.017  0.016  0.007  0.007 -0.005 -0.062
        3  0.16399   0.017  1.000 -0.006 -0.029 -0.029  0.057  0.083
        4  0.09552   0.016 -0.006  1.000 -0.009 -0.009  0.037 -0.094
       18  0.99681   0.007 -0.029 -0.009  1.000 -0.743 -0.353  0.139
       19  0.99681   0.007 -0.029 -0.009 -0.743  1.000 -0.353  0.139
       20  0.99458  -0.005  0.057  0.037 -0.353 -0.353  1.000 -0.510
       22  0.83570  -0.062  0.083 -0.094  0.139  0.139 -0.510  1.000
 ERR MATRIX NOT POS-DEF
MINUIT - FIT ONLY 1-CBO + other amplitudes 
 **********
 **   16 **RES 
 **********
                   PARAMETER   14  ANy2 RESTORED TO VARIABLE.
                   PARAMETER    8  phi_CBO RESTORED TO VARIABLE.
                   PARAMETER    7  w_CBO RESTORED TO VARIABLE.
                   PARAMETER    6  A_CBO RESTORED TO VARIABLE.
 **********
 **   17 **FIX            0
 **********
 PARAMETER    0  IS UNDEFINED. IGNORED.
 **********
 **   18 **FIX            1
 **********
 **********
 **   19 **FIX            2
 **********
 PARAMETER    2  IS CONSTANT.   IGNORED.
 **********
 **   20 **FIX            3
 **********
 **********
 **   21 **FIX            4
 **********
 **********
 **   22 **FIX            9
 **********
 PARAMETER    9  IS CONSTANT.   IGNORED.
 **********
 **   23 **FIX           11
 **********
 PARAMETER   11  IS CONSTANT.   IGNORED.
 **********
 **   24 **FIX           12
 **********
 PARAMETER   12  IS CONSTANT.   IGNORED.
 **********
 **   25 **FIX           14
 **********
 **********
 **   26 **FIX           15
 **********
 PARAMETER   15  IS CONSTANT.   IGNORED.
 **********
 **   27 **FIX           16
 **********
 PARAMETER   16  IS CONSTANT.   IGNORED.
 **********
 **   28 **MIGRAD
 **********
 START MIGRAD MINIMIZATION.  STRATEGY  1.  CONVERGENCE WHEN EDM .LT. 1.00e-04
 FCN=500.431 FROM MIGRAD    STATUS=INITIATE       20 CALLS         518 TOTAL
                     EDM= unknown      STRATEGY= 1      NO ERROR MATRIX       
  EXT PARAMETER               CURRENT GUESS       STEP         FIRST   
  NO.   NAME      VALUE            ERROR          SIZE      DERIVATIVE 
   1  N0           2.93431e+06     fixed    
   2  tau          6.44064e+01   constant   
   3  A0           3.50635e-01     fixed    
   4  phi          4.11498e+00     fixed    
   5  R           -6.14263e+01   constant   
   6  A_CBO        2.45660e-03   1.00000e-05   1.00000e-05   6.40318e+03
   7  w_CBO        2.31636e+00   1.00000e-03   1.00000e-03  -1.78322e+00
   8  phi_CBO      1.51746e+00   1.00000e-04   1.00000e-04   7.71397e-01
   9  ANx2         5.09258e-04   constant   
  10  pNx2         1.79030e-01   constant   
  11  ANy1         0.00000e+00   constant   
  12  pNy1         0.00000e+00   constant   
  13  w_y          0.00000e+00   constant   
  14  ANy2         8.95951e-03     fixed    
  15  pNy2         6.17155e+00   constant   
  16  w_vw         1.43200e+01   constant   
  17  LM          -8.21731e-05   constant   
  18  wCBO_expCoeff   1.99991e+02   1.44526e+00   1.26594e-03  -8.01047e-03
  19  wCBO_expOffset   2.00284e+02   2.15990e-01   1.89180e-04  -5.35996e-02
  20  wCBO_expT    2.98865e+01   3.07775e-02   3.51218e-05  -2.95083e-01
  21  wCBO_linCoeff   0.00000e+00   constant   
  22  wCBO_const   7.13885e-03   6.64708e-04   4.00303e-06  -2.50187e+00
 MIGRAD MINIMIZATION HAS CONVERGED.
 MIGRAD WILL VERIFY CONVERGENCE AND ERROR MATRIX.
 FCN=495.35 FROM MIGRAD    STATUS=CONVERGED     224 CALLS         722 TOTAL
                     EDM=1.16877e-07    STRATEGY= 1      ERR MATRIX NOT POS-DEF
  EXT PARAMETER                APPROXIMATE        STEP         FIRST   
  NO.   NAME      VALUE            ERROR          SIZE      DERIVATIVE 
   1  N0           2.93431e+06     fixed    
   2  tau          6.44064e+01   constant   
   3  A0           3.50635e-01     fixed    
   4  phi          4.11498e+00     fixed    
   5  R           -6.14263e+01   constant   
   6  A_CBO        8.86260e-04   6.99759e-04   7.54248e-06   4.86796e-01
   7  w_CBO        2.31642e+00   5.69435e-03   7.38958e-06  -4.66411e-01
   8  phi_CBO      1.27389e+00   9.09620e-01   8.23554e-03   2.90713e-04
   9  ANx2         5.09258e-04   constant   
  10  pNx2         1.79030e-01   constant   
  11  ANy1         0.00000e+00   constant   
  12  pNy1         0.00000e+00   constant   
  13  w_y          0.00000e+00   constant   
  14  ANy2         8.95951e-03     fixed    
  15  pNy2         6.17155e+00   constant   
  16  w_vw         1.43200e+01   constant   
  17  LM          -8.21731e-05   constant   
  18  wCBO_expCoeff   2.00117e+02   1.53527e+00   1.50818e-03  -1.88530e-03
  19  wCBO_expOffset   2.00303e+02   2.29255e-01   2.25187e-04  -1.26263e-02
  20  wCBO_expT    2.98801e+01   3.56077e-02   4.21451e-05  -6.86604e-02
  21  wCBO_linCoeff   0.00000e+00   constant   
  22  wCBO_const   6.95089e-03   2.50969e-03   5.01377e-06  -6.99003e-01
 EXTERNAL ERROR MATRIX.    NDIM=  25    NPAR=  7    ERR DEF=1
  4.897e-07  1.746e-08  2.619e-05 -3.184e-05 -4.758e-06  1.168e-06  4.245e-08 
  1.746e-08  3.243e-05  1.709e-04 -1.038e-03 -1.553e-04 -2.358e-05 -1.349e-05 
  2.619e-05  1.709e-04  8.274e-01 -4.553e-02 -6.802e-03  2.181e-03  1.937e-04 
 -3.184e-05 -1.038e-03 -4.553e-02  2.357e+00 -2.342e-01 -2.016e-02  5.607e-04 
 -4.758e-06 -1.553e-04 -6.802e-03 -2.342e-01  5.256e-02 -3.011e-03  8.385e-05 
  1.168e-06 -2.358e-05  2.181e-03 -2.016e-02 -3.011e-03  1.268e-03 -1.260e-06 
  4.245e-08 -1.349e-05  1.937e-04  5.607e-04  8.385e-05 -1.260e-06  6.299e-06 
ERR MATRIX NOT POS-DEF
 PARAMETER  CORRELATION COEFFICIENTS  
       NO.  GLOBAL      6      7      8     18     19     20     22
        6  0.16744   1.000  0.004  0.041 -0.030 -0.030  0.047  0.024
        7  0.99292   0.004  1.000  0.033 -0.119 -0.119 -0.116 -0.944
        8  0.56005   0.041  0.033  1.000 -0.033 -0.033  0.067  0.085
       18  0.99594  -0.030 -0.119 -0.033  1.000 -0.665 -0.369  0.146
       19  0.99594  -0.030 -0.119 -0.033 -0.665  1.000 -0.369  0.146
       20  0.99411   0.047 -0.116  0.067 -0.369 -0.369  1.000 -0.014
       22  0.98315   0.024 -0.944  0.085  0.146  0.146 -0.014  1.000
 ERR MATRIX NOT POS-DEF
MINUIT - FIT ONLY 1-CBO
 **********
 **   29 **RES 
 **********
                   PARAMETER   14  ANy2 RESTORED TO VARIABLE.
                   PARAMETER    4  phi RESTORED TO VARIABLE.
                   PARAMETER    3  A0 RESTORED TO VARIABLE.
                   PARAMETER    1  N0 RESTORED TO VARIABLE.
 **********
 **   30 **FIX            0
 **********
 PARAMETER    0  IS UNDEFINED. IGNORED.
 **********
 **   31 **FIX            1
 **********
 **********
 **   32 **FIX            2
 **********
 PARAMETER    2  IS CONSTANT.   IGNORED.
 **********
 **   33 **FIX            3
 **********
 **********
 **   34 **FIX            4
 **********
 **********
 **   35 **FIX            8
 **********
 **********
 **   36 **FIX            9
 **********
 PARAMETER    9  IS CONSTANT.   IGNORED.
 **********
 **   37 **FIX           11
 **********
 PARAMETER   11  IS CONSTANT.   IGNORED.
 **********
 **   38 **FIX           12
 **********
 PARAMETER   12  IS CONSTANT.   IGNORED.
 **********
 **   39 **FIX           13
 **********
 PARAMETER   13  IS CONSTANT.   IGNORED.
 **********
 **   40 **FIX           15
 **********
 PARAMETER   15  IS CONSTANT.   IGNORED.
 **********
 **   41 **FIX           16
 **********
 PARAMETER   16  IS CONSTANT.   IGNORED.
 **********
 **   42 **MIGRAD
 **********
 START MIGRAD MINIMIZATION.  STRATEGY  1.  CONVERGENCE WHEN EDM .LT. 1.00e-04
 FCN=495.35 FROM MIGRAD    STATUS=INITIATE       16 CALLS         738 TOTAL
                     EDM= unknown      STRATEGY= 1      NO ERROR MATRIX       
  EXT PARAMETER               CURRENT GUESS       STEP         FIRST   
  NO.   NAME      VALUE            ERROR          SIZE      DERIVATIVE 
   1  N0           2.93431e+06     fixed    
   2  tau          6.44064e+01   constant   
   3  A0           3.50635e-01     fixed    
   4  phi          4.11498e+00     fixed    
   5  R           -6.14263e+01   constant   
   6  A_CBO        8.86260e-04   6.99759e-04   7.54248e-06   4.86796e-01
   7  w_CBO        2.31642e+00   5.69435e-03   7.38958e-06  -4.62823e-01
   8  phi_CBO      1.27389e+00     fixed    
   9  ANx2         5.09258e-04   constant   
  10  pNx2         1.79030e-01   constant   
  11  ANy1         0.00000e+00   constant   
  12  pNy1         0.00000e+00   constant   
  13  w_y          0.00000e+00   constant   
  14  ANy2         8.95951e-03   1.00000e-04   1.00000e-04   3.72307e+04
  15  pNy2         6.17155e+00   constant   
  16  w_vw         1.43200e+01   constant   
  17  LM          -8.21731e-05   constant   
  18  wCBO_expCoeff   2.00117e+02   1.53527e+00   1.50818e-03  -1.86377e-03
  19  wCBO_expOffset   2.00303e+02   2.29255e-01   2.25187e-04  -1.24635e-02
  20  wCBO_expT    2.98801e+01   3.56077e-02   4.21451e-05  -6.57594e-02
  21  wCBO_linCoeff   0.00000e+00   constant   
  22  wCBO_const   6.95089e-03   2.50969e-03   5.01377e-06  -7.09467e-01
 MIGRAD MINIMIZATION HAS CONVERGED.
 MIGRAD WILL VERIFY CONVERGENCE AND ERROR MATRIX.
 FCN=334.054 FROM MIGRAD    STATUS=CONVERGED     181 CALLS         903 TOTAL
                     EDM=8.18124e-06    STRATEGY= 1      ERR MATRIX NOT POS-DEF
  EXT PARAMETER                APPROXIMATE        STEP         FIRST   
  NO.   NAME      VALUE            ERROR          SIZE      DERIVATIVE 
   1  N0           2.93431e+06     fixed    
   2  tau          6.44064e+01   constant   
   3  A0           3.50635e-01     fixed    
   4  phi          4.11498e+00     fixed    
   5  R           -6.14263e+01   constant   
   6  A_CBO        8.32379e-04   7.12694e-04   6.22756e-06  -2.83405e+00
   7  w_CBO        2.31696e+00   5.99726e-03   5.87607e-06   6.54535e-01
   8  phi_CBO      1.27389e+00     fixed    
   9  ANx2         5.09258e-04   constant   
  10  pNx2         1.79030e-01   constant   
  11  ANy1         0.00000e+00   constant   
  12  pNy1         0.00000e+00   constant   
  13  w_y          0.00000e+00   constant   
  14  ANy2         2.94111e-04   6.79270e-04   6.09513e-06   1.56265e-02
  15  pNy2         6.17155e+00   constant   
  16  w_vw         1.43200e+01   constant   
  17  LM          -8.21731e-05   constant   
  18  wCBO_expCoeff   2.00440e+02   1.40620e+00   1.09548e-03   1.31025e-02
  19  wCBO_expOffset   2.00351e+02   2.09488e-01   1.63192e-04   8.79853e-02
  20  wCBO_expT    2.98592e+01   3.43743e-02   3.18526e-05   3.76273e-01
  21  wCBO_linCoeff   0.00000e+00   constant   
  22  wCBO_const   6.81072e-03   2.62280e-03   4.13982e-06  -1.10209e+00
 EXTERNAL ERROR MATRIX.    NDIM=  25    NPAR=  7    ERR DEF=1
  5.079e-07  5.498e-09  1.984e-09 -4.555e-05 -6.789e-06  2.003e-06  6.190e-08 
  5.498e-09  3.597e-05 -4.094e-09 -1.142e-03 -1.704e-04 -2.702e-05 -1.506e-05 
  1.984e-09 -4.094e-09  4.614e-07 -5.496e-06 -8.188e-07  3.563e-07  3.922e-09 
 -4.555e-05 -1.142e-03 -5.496e-06  1.977e+00 -1.920e-01 -1.782e-02  6.404e-04 
 -6.789e-06 -1.704e-04 -8.188e-07 -1.920e-01  4.389e-02 -2.654e-03  9.550e-05 
  2.003e-06 -2.702e-05  3.563e-07 -1.782e-02 -2.654e-03  1.182e-03 -1.313e-06 
  6.190e-08 -1.506e-05  3.922e-09  6.404e-04  9.550e-05 -1.313e-06  6.879e-06 
ERR MATRIX NOT POS-DEF
 PARAMETER  CORRELATION COEFFICIENTS  
       NO.  GLOBAL      6      7     14     18     19     20     22
        6  0.23106   1.000  0.001  0.004 -0.045 -0.045  0.082  0.033
        7  0.99404   0.001  1.000 -0.001 -0.135 -0.136 -0.131 -0.958
       14  0.02543   0.004 -0.001  1.000 -0.006 -0.006  0.015  0.002
       18  0.99627  -0.045 -0.135 -0.006  1.000 -0.652 -0.369  0.174
       19  0.99627  -0.045 -0.136 -0.006 -0.652  1.000 -0.369  0.174
       20  0.99470   0.082 -0.131  0.015 -0.369 -0.369  1.000 -0.015
       22  0.98439   0.033 -0.958  0.002  0.174  0.174 -0.015  1.000
 ERR MATRIX NOT POS-DEF
MINUIT - FIT ONLY 2-CBO
 **********
 **   43 **RES 
 **********
                   PARAMETER    8  phi_CBO RESTORED TO VARIABLE.
                   PARAMETER    4  phi RESTORED TO VARIABLE.
                   PARAMETER    3  A0 RESTORED TO VARIABLE.
                   PARAMETER    1  N0 RESTORED TO VARIABLE.
 **********
 **   44 **FIX            0
 **********
 PARAMETER    0  IS UNDEFINED. IGNORED.
 **********
 **   45 **FIX            1
 **********
 **********
 **   46 **FIX            2
 **********
 PARAMETER    2  IS CONSTANT.   IGNORED.
 **********
 **   47 **FIX            3
 **********
 **********
 **   48 **FIX            4
 **********
 **********
 **   49 **FIX            5
 **********
 PARAMETER    5  IS CONSTANT.   IGNORED.
 **********
 **   50 **FIX            6
 **********
 **********
 **   51 **FIX            7
 **********
 **********
 **   52 **FIX           10
 **********
 PARAMETER   10  IS CONSTANT.   IGNORED.
 **********
 **   53 **FIX           11
 **********
 PARAMETER   11  IS CONSTANT.   IGNORED.
 **********
 **   54 **FIX           12
 **********
 PARAMETER   12  IS CONSTANT.   IGNORED.
 **********
 **   55 **FIX           13
 **********
 PARAMETER   13  IS CONSTANT.   IGNORED.
 **********
 **   56 **FIX           14
 **********
 **********
 **   57 **FIX           15
 **********
 PARAMETER   15  IS CONSTANT.   IGNORED.
 **********
 **   58 **FIX           16
 **********
 PARAMETER   16  IS CONSTANT.   IGNORED.
 **********
 **   59 **MIGRAD
 **********
 START MIGRAD MINIMIZATION.  STRATEGY  1.  CONVERGENCE WHEN EDM .LT. 1.00e-04
 FCN=334.054 FROM MIGRAD    STATUS=INITIATE       10 CALLS         913 TOTAL
                     EDM= unknown      STRATEGY= 1      NO ERROR MATRIX       
  EXT PARAMETER               CURRENT GUESS       STEP         FIRST   
  NO.   NAME      VALUE            ERROR          SIZE      DERIVATIVE 
   1  N0           2.93431e+06     fixed    
   2  tau          6.44064e+01   constant   
   3  A0           3.50635e-01     fixed    
   4  phi          4.11498e+00     fixed    
   5  R           -6.14263e+01   constant   
   6  A_CBO        8.32379e-04     fixed    
   7  w_CBO        2.31696e+00     fixed    
   8  phi_CBO      1.27389e+00   9.09620e-01   9.09620e-01   3.35303e-01
   9  ANx2         5.09258e-04   constant   
  10  pNx2         1.79030e-01   constant   
  11  ANy1         0.00000e+00   constant   
  12  pNy1         0.00000e+00   constant   
  13  w_y          0.00000e+00   constant   
  14  ANy2         2.94111e-04     fixed    
  15  pNy2         6.17155e+00   constant   
  16  w_vw         1.43200e+01   constant   
  17  LM          -8.21731e-05   constant   
  18  wCBO_expCoeff   2.00440e+02   1.40620e+00   1.09548e-03   1.31971e-02
  19  wCBO_expOffset   2.00351e+02   2.09488e-01   1.63192e-04   8.85926e-02
  20  wCBO_expT    2.98592e+01   3.43743e-02   3.18526e-05   3.78575e-01
  21  wCBO_linCoeff   0.00000e+00   constant   
  22  wCBO_const   6.81072e-03   2.62280e-03   4.13982e-06  -1.11143e+00
 MIGRAD MINIMIZATION HAS CONVERGED.
 MIGRAD WILL VERIFY CONVERGENCE AND ERROR MATRIX.
 FCN=334.027 FROM MIGRAD    STATUS=CONVERGED      76 CALLS         979 TOTAL
                     EDM=1.78344e-05    STRATEGY= 1      ERR MATRIX NOT POS-DEF
  EXT PARAMETER                APPROXIMATE        STEP         FIRST   
  NO.   NAME      VALUE            ERROR          SIZE      DERIVATIVE 
   1  N0           2.93431e+06     fixed    
   2  tau          6.44064e+01   constant   
   3  A0           3.50635e-01     fixed    
   4  phi          4.11498e+00     fixed    
   5  R           -6.14263e+01   constant   
   6  A_CBO        8.32379e-04     fixed    
   7  w_CBO        2.31696e+00     fixed    
   8  phi_CBO      1.11455e+00   9.67491e-01   7.17313e-03   1.72161e-03
   9  ANx2         5.09258e-04   constant   
  10  pNx2         1.79030e-01   constant   
  11  ANy1         0.00000e+00   constant   
  12  pNy1         0.00000e+00   constant   
  13  w_y          0.00000e+00   constant   
  14  ANy2         2.94111e-04     fixed    
  15  pNy2         6.17155e+00   constant   
  16  w_vw         1.43200e+01   constant   
  17  LM          -8.21731e-05   constant   
  18  wCBO_expCoeff   2.00437e+02   1.52385e+00   1.12419e-03  -2.13778e-02
  19  wCBO_expOffset   2.00350e+02   2.27027e-01   1.67472e-04  -1.43471e-01
  20  wCBO_expT    2.98592e+01   3.57827e-02   3.25760e-05  -5.92850e-01
  21  wCBO_linCoeff   0.00000e+00   constant   
  22  wCBO_const   6.78018e-03   7.79364e-04   4.14918e-06  -4.83652e+00
 EXTERNAL ERROR MATRIX.    NDIM=  25    NPAR=  5    ERR DEF=1
  9.360e-01 -6.370e-04 -9.190e-05  1.216e-03  1.742e-04 
 -6.370e-04  2.322e+00 -2.451e-01 -2.056e-02  1.898e-04 
 -9.190e-05 -2.451e-01  5.154e-02 -3.065e-03  2.828e-05 
  1.216e-03 -2.056e-02 -3.065e-03  1.280e-03 -1.403e-05 
  1.742e-04  1.898e-04  2.828e-05 -1.403e-05  6.074e-07 
ERR MATRIX NOT POS-DEF
 PARAMETER  CORRELATION COEFFICIENTS  
       NO.  GLOBAL      8     18     19     20     22
        8  0.56182   1.000 -0.000 -0.000  0.035  0.231
       18  0.99664  -0.000  1.000 -0.708 -0.377  0.160
       19  0.99664  -0.000 -0.708  1.000 -0.377  0.160
       20  0.99488   0.035 -0.377 -0.377  1.000 -0.503
       22  0.80648   0.231  0.160  0.160 -0.503  1.000
 ERR MATRIX NOT POS-DEF
MINUIT - FIT ONLY 1-y
 **********
 **   60 **RES 
 **********
                   PARAMETER   14  ANy2 RESTORED TO VARIABLE.
                   PARAMETER    7  w_CBO RESTORED TO VARIABLE.
                   PARAMETER    6  A_CBO RESTORED TO VARIABLE.
                   PARAMETER    4  phi RESTORED TO VARIABLE.
                   PARAMETER    3  A0 RESTORED TO VARIABLE.
                   PARAMETER    1  N0 RESTORED TO VARIABLE.
 **********
 **   61 **FIX            0
 **********
 PARAMETER    0  IS UNDEFINED. IGNORED.
 **********
 **   62 **FIX            1
 **********
 **********
 **   63 **FIX            2
 **********
 PARAMETER    2  IS CONSTANT.   IGNORED.
 **********
 **   64 **FIX            3
 **********
 **********
 **   65 **FIX            4
 **********
 **********
 **   66 **FIX            5
 **********
 PARAMETER    5  IS CONSTANT.   IGNORED.
 **********
 **   67 **FIX            6
 **********
 **********
 **   68 **FIX            7
 **********
 **********
 **   69 **FIX            8
 **********
 **********
 **   70 **FIX            9
 **********
 PARAMETER    9  IS CONSTANT.   IGNORED.
 **********
 **   71 **FIX           13
 **********
 PARAMETER   13  IS CONSTANT.   IGNORED.
 **********
 **   72 **FIX           14
 **********
 **********
 **   73 **FIX           15
 **********
 PARAMETER   15  IS CONSTANT.   IGNORED.
 **********
 **   74 **FIX           16
 **********
 PARAMETER   16  IS CONSTANT.   IGNORED.
 **********
 **   75 **MIGRAD
 **********
 START MIGRAD MINIMIZATION.  STRATEGY  1.  CONVERGENCE WHEN EDM .LT. 1.00e-04
 FCN=334.027 FROM MIGRAD    STATUS=INITIATE        8 CALLS         987 TOTAL
                     EDM= unknown      STRATEGY= 1      NO ERROR MATRIX       
  EXT PARAMETER               CURRENT GUESS       STEP         FIRST   
  NO.   NAME      VALUE            ERROR          SIZE      DERIVATIVE 
   1  N0           2.93431e+06     fixed    
   2  tau          6.44064e+01   constant   
   3  A0           3.50635e-01     fixed    
   4  phi          4.11498e+00     fixed    
   5  R           -6.14263e+01   constant   
   6  A_CBO        8.32379e-04     fixed    
   7  w_CBO        2.31696e+00     fixed    
   8  phi_CBO      1.11455e+00     fixed    
   9  ANx2         5.09258e-04   constant   
  10  pNx2         1.79030e-01   constant   
  11  ANy1         0.00000e+00   constant   
  12  pNy1         0.00000e+00   constant   
  13  w_y          0.00000e+00   constant   
  14  ANy2         2.94111e-04     fixed    
  15  pNy2         6.17155e+00   constant   
  16  w_vw         1.43200e+01   constant   
  17  LM          -8.21731e-05   constant   
  18  wCBO_expCoeff   2.00437e+02   1.52385e+00   1.12419e-03  -2.12651e-02
  19  wCBO_expOffset   2.00350e+02   2.27027e-01   1.67472e-04  -1.42745e-01
  20  wCBO_expT    2.98592e+01   3.57827e-02   3.25760e-05  -5.90036e-01
  21  wCBO_linCoeff   0.00000e+00   constant   
  22  wCBO_const   6.78018e-03   7.79364e-04   4.14918e-06  -4.84393e+00
 MIGRAD MINIMIZATION HAS CONVERGED.
 MIGRAD WILL VERIFY CONVERGENCE AND ERROR MATRIX.
 FCN=334.027 FROM MIGRAD    STATUS=CONVERGED      45 CALLS        1024 TOTAL
                     EDM=1.53563e-05    STRATEGY= 1      ERR MATRIX NOT POS-DEF
  EXT PARAMETER                APPROXIMATE        STEP         FIRST   
  NO.   NAME      VALUE            ERROR          SIZE      DERIVATIVE 
   1  N0           2.93431e+06     fixed    
   2  tau          6.44064e+01   constant   
   3  A0           3.50635e-01     fixed    
   4  phi          4.11498e+00     fixed    
   5  R           -6.14263e+01   constant   
   6  A_CBO        8.32379e-04     fixed    
   7  w_CBO        2.31696e+00     fixed    
   8  phi_CBO      1.11455e+00     fixed    
   9  ANx2         5.09258e-04   constant   
  10  pNx2         1.79030e-01   constant   
  11  ANy1         0.00000e+00   constant   
  12  pNy1         0.00000e+00   constant   
  13  w_y          0.00000e+00   constant   
  14  ANy2         2.94111e-04     fixed    
  15  pNy2         6.17155e+00   constant   
  16  w_vw         1.43200e+01   constant   
  17  LM          -8.21731e-05   constant   
  18  wCBO_expCoeff   2.00437e+02   1.59269e+00   1.12022e-03  -1.06416e-03
  19  wCBO_expOffset   2.00350e+02   2.37273e-01   1.66879e-04  -7.14211e-03
  20  wCBO_expT    2.98592e+01   3.67024e-02   3.24746e-05   1.14280e-01
  21  wCBO_linCoeff   0.00000e+00   constant   
  22  wCBO_const   6.78033e-03   7.63749e-04   4.13663e-06  -2.18621e-01
 EXTERNAL ERROR MATRIX.    NDIM=  25    NPAR=  4    ERR DEF=1
  2.537e+00 -2.717e-01 -2.167e-02  2.018e-04 
 -2.717e-01  5.630e-02 -3.229e-03  3.006e-05 
 -2.167e-02 -3.229e-03  1.347e-03 -1.500e-05 
  2.018e-04  3.006e-05 -1.500e-05  5.833e-07 
ERR MATRIX NOT POS-DEF
 PARAMETER  CORRELATION COEFFICIENTS  
       NO.  GLOBAL     18     19     20     22
       18  0.99693   1.000 -0.719 -0.371  0.166
       19  0.99693  -0.719  1.000 -0.371  0.166
       20  0.99513  -0.371 -0.371  1.000 -0.535
       22  0.79739   0.166  0.166 -0.535  1.000
 ERR MATRIX NOT POS-DEF
MINUIT - FIT ONLY 2-y
 **********
 **   76 **RES 
 **********
                   PARAMETER   14  ANy2 RESTORED TO VARIABLE.
                   PARAMETER    8  phi_CBO RESTORED TO VARIABLE.
                   PARAMETER    7  w_CBO RESTORED TO VARIABLE.
                   PARAMETER    6  A_CBO RESTORED TO VARIABLE.
                   PARAMETER    4  phi RESTORED TO VARIABLE.
                   PARAMETER    3  A0 RESTORED TO VARIABLE.
                   PARAMETER    1  N0 RESTORED TO VARIABLE.
 **********
 **   77 **FIX            0
 **********
 PARAMETER    0  IS UNDEFINED. IGNORED.
 **********
 **   78 **FIX            1
 **********
 **********
 **   79 **FIX            2
 **********
 PARAMETER    2  IS CONSTANT.   IGNORED.
 **********
 **   80 **FIX            3
 **********
 **********
 **   81 **FIX            4
 **********
 **********
 **   82 **FIX            5
 **********
 PARAMETER    5  IS CONSTANT.   IGNORED.
 **********
 **   83 **FIX            6
 **********
 **********
 **   84 **FIX            7
 **********
 **********
 **   85 **FIX            8
 **********
 **********
 **   86 **FIX            9
 **********
 PARAMETER    9  IS CONSTANT.   IGNORED.
 **********
 **   87 **FIX           10
 **********
 PARAMETER   10  IS CONSTANT.   IGNORED.
 **********
 **   88 **FIX           11
 **********
 PARAMETER   11  IS CONSTANT.   IGNORED.
 **********
 **   89 **FIX           12
 **********
 PARAMETER   12  IS CONSTANT.   IGNORED.
 **********
 **   90 **FIX           16
 **********
 PARAMETER   16  IS CONSTANT.   IGNORED.
 **********
 **   91 **MIGRAD
 **********
 START MIGRAD MINIMIZATION.  STRATEGY  1.  CONVERGENCE WHEN EDM .LT. 1.00e-04
 FCN=334.027 FROM MIGRAD    STATUS=INITIATE       10 CALLS        1034 TOTAL
                     EDM= unknown      STRATEGY= 1      NO ERROR MATRIX       
  EXT PARAMETER               CURRENT GUESS       STEP         FIRST   
  NO.   NAME      VALUE            ERROR          SIZE      DERIVATIVE 
   1  N0           2.93431e+06     fixed    
   2  tau          6.44064e+01   constant   
   3  A0           3.50635e-01     fixed    
   4  phi          4.11498e+00     fixed    
   5  R           -6.14263e+01   constant   
   6  A_CBO        8.32379e-04     fixed    
   7  w_CBO        2.31696e+00     fixed    
   8  phi_CBO      1.11455e+00     fixed    
   9  ANx2         5.09258e-04   constant   
  10  pNx2         1.79030e-01   constant   
  11  ANy1         0.00000e+00   constant   
  12  pNy1         0.00000e+00   constant   
  13  w_y          0.00000e+00   constant   
  14  ANy2         2.94111e-04   6.79270e-04   6.79270e-04   4.48867e+00
  15  pNy2         6.17155e+00   constant   
  16  w_vw         1.43200e+01   constant   
  17  LM          -8.21731e-05   constant   
  18  wCBO_expCoeff   2.00437e+02   1.59269e+00   1.12022e-03  -1.04562e-03
  19  wCBO_expOffset   2.00350e+02   2.37273e-01   1.66879e-04  -6.88640e-03
  20  wCBO_expT    2.98592e+01   3.67024e-02   3.24746e-05   1.17082e-01
  21  wCBO_linCoeff   0.00000e+00   constant   
  22  wCBO_const   6.78033e-03   7.63749e-04   4.13663e-06  -2.26055e-01
 MIGRAD MINIMIZATION HAS CONVERGED.
 MIGRAD WILL VERIFY CONVERGENCE AND ERROR MATRIX.
 FCN=334.027 FROM MIGRAD    STATUS=CONVERGED      56 CALLS        1080 TOTAL
                     EDM=1.55415e-05    STRATEGY= 1      ERR MATRIX NOT POS-DEF
  EXT PARAMETER                APPROXIMATE        STEP         FIRST   
  NO.   NAME      VALUE            ERROR          SIZE      DERIVATIVE 
   1  N0           2.93431e+06     fixed    
   2  tau          6.44064e+01   constant   
   3  A0           3.50635e-01     fixed    
   4  phi          4.11498e+00     fixed    
   5  R           -6.14263e+01   constant   
   6  A_CBO        8.32379e-04     fixed    
   7  w_CBO        2.31696e+00     fixed    
   8  phi_CBO      1.11455e+00     fixed    
   9  ANx2         5.09258e-04   constant   
  10  pNx2         1.79030e-01   constant   
  11  ANy1         0.00000e+00   constant   
  12  pNy1         0.00000e+00   constant   
  13  w_y          0.00000e+00   constant   
  14  ANy2         2.93067e-04   6.79297e-04   6.09488e-06   2.43159e-03
  15  pNy2         6.17155e+00   constant   
  16  w_vw         1.43200e+01   constant   
  17  LM          -8.21731e-05   constant   
  18  wCBO_expCoeff   2.00437e+02   1.59262e+00   1.11986e-03  -1.36967e-03
  19  wCBO_expOffset   2.00350e+02   2.37263e-01   1.66826e-04  -9.19287e-03
  20  wCBO_expT    2.98592e+01   3.67066e-02   3.24664e-05   1.06049e-01
  21  wCBO_linCoeff   0.00000e+00   constant   
  22  wCBO_const   6.78035e-03   7.63750e-04   4.13665e-06  -1.51388e-01
 EXTERNAL ERROR MATRIX.    NDIM=  25    NPAR=  5    ERR DEF=1
  4.614e-07 -5.846e-06 -8.711e-07  3.802e-07  5.301e-10 
 -5.846e-06  2.536e+00 -2.717e-01 -2.167e-02  2.018e-04 
 -8.711e-07 -2.717e-01  5.629e-02 -3.230e-03  3.006e-05 
  3.802e-07 -2.167e-02 -3.230e-03  1.347e-03 -1.500e-05 
  5.301e-10  2.018e-04  3.006e-05 -1.500e-05  5.833e-07 
ERR MATRIX NOT POS-DEF
 PARAMETER  CORRELATION COEFFICIENTS  
       NO.  GLOBAL     14     18     19     20     22
       14  0.02529   1.000 -0.005 -0.005  0.015  0.001
       18  0.99693  -0.005  1.000 -0.719 -0.371  0.166
       19  0.99693  -0.005 -0.719  1.000 -0.371  0.166
       20  0.99513   0.015 -0.371 -0.371  1.000 -0.535
       22  0.79739   0.001  0.166  0.166 -0.535  1.000
 ERR MATRIX NOT POS-DEF
MINUIT - FIT ALTOGETHER
 **********
 **   92 **RES 
 **********
                   PARAMETER    8  phi_CBO RESTORED TO VARIABLE.
                   PARAMETER    7  w_CBO RESTORED TO VARIABLE.
                   PARAMETER    6  A_CBO RESTORED TO VARIABLE.
                   PARAMETER    4  phi RESTORED TO VARIABLE.
                   PARAMETER    3  A0 RESTORED TO VARIABLE.
                   PARAMETER    1  N0 RESTORED TO VARIABLE.
 **********
 **   93 **MIGRAD
 **********
 START MIGRAD MINIMIZATION.  STRATEGY  1.  CONVERGENCE WHEN EDM .LT. 1.00e-04
 FCN=334.027 FROM MIGRAD    STATUS=INITIATE       22 CALLS        1102 TOTAL
                     EDM= unknown      STRATEGY= 1      NO ERROR MATRIX       
  EXT PARAMETER               CURRENT GUESS       STEP         FIRST   
  NO.   NAME      VALUE            ERROR          SIZE      DERIVATIVE 
   1  N0           2.93431e+06   1.41444e+03   1.41444e+03  -1.72320e-04
   2  tau          6.44064e+01   constant   
   3  A0           3.50635e-01   6.46045e-04   6.46045e-04   3.73488e+02
   4  phi          4.11498e+00   1.90980e-03   1.90980e-03  -1.53600e+02
   5  R           -6.14263e+01   constant   
   6  A_CBO        8.32379e-04   7.12694e-04   7.12694e-04  -2.77587e+01
   7  w_CBO        2.31696e+00   5.99726e-03   5.99726e-03  -1.79542e-01
   8  phi_CBO      1.11455e+00   9.67491e-01   9.67491e-01  -7.96113e-07
   9  ANx2         5.09258e-04   constant   
  10  pNx2         1.79030e-01   constant   
  11  ANy1         0.00000e+00   constant   
  12  pNy1         0.00000e+00   constant   
  13  w_y          0.00000e+00   constant   
  14  ANy2         2.93067e-04   6.79297e-04   6.09488e-06   2.43154e-03
  15  pNy2         6.17155e+00   constant   
  16  w_vw         1.43200e+01   constant   
  17  LM          -8.21731e-05   constant   
  18  wCBO_expCoeff   2.00437e+02   1.59262e+00   1.11986e-03  -1.35113e-03
