 + ++++++++++++++++++++++++++++++++++++++++++++++++++++++++++++++++++++ +
 +                                                                      +
 +           You have chose to blind your fitting according to          +
 +                omega_ref * (1 + (R +/- deltaR) *10^{-6})             +
 +                                                                      +
 + ++++++++++++++++++++++++++++++++++++++++++++++++++++++++++++++++++++ +
In main()...
reading format from /gm2data/zkhechad/run45/envelope/formats/formatB_sBin_constraintOn.txt
pBinTau 	= 0  
pBinPhi 	= 0  
constraintau 	= 1 
includeMopTerm 	= 0    
constrainMop    = 0   
Parameters after format file: pBinTau 0 pBinPhi 0 constraintau 1 includeMopTerm 0 constrainMop 0 c_e_scale 0.000000 
reading cbo reference file (full fit) from /gm2data/zkhechad/cboTemplates/Run4CBOTemplates/fullFits/run4/sBin_constraintOn_cE0.0_seed0_run4_calo17.root
A_CBO 0.009291 w_CBO 2.326535 phi_CBO 1.607848 N0 3083493.360911 R -60.483843 tau 64.408135 
Reading cboRef file /gm2data/zkhechad/cboTemplates/Run4CBOTemplates//cboIsolate/run4_calo17.root
deltaT 164.120000
windowBins = 1100
fitting sliding window 1660 from bin 1863 at 277.959600 to bin 2963 at 442.079600 (1100 bins)

Reading data from /gm2data/cornell/histograms/aMethod/histogram_a_run4.root
fitting cbo isolate
 **********
 **    1 **SET PRINTOUT            1
 **********
 **********
 **    2 **SET NOWARNINGS 
 **********
 PARAMETER DEFINITIONS:
    NO.   NAME         VALUE      STEP SIZE      LIMITS
     1 A_CBO        9.29121e-03  1.00000e-05     no limits
     2 w_CBO        2.32653e+00  1.00000e-02    2.00000e+00  3.00000e+00
     3 phi_CBO      1.60785e+00  1.00000e-02    0.00000e+00  6.28319e+00
 **********
 **    3 **MIGRAD
 **********
 FIRST CALL TO USER FUNCTION AT NEW START POINT, WITH IFLAG=4.
 START MIGRAD MINIMIZATION.  STRATEGY  1.  CONVERGENCE WHEN EDM .LT. 1.00e-04
 FCN=0.0787486 FROM MIGRAD    STATUS=INITIATE       12 CALLS          13 TOTAL
                     EDM= unknown      STRATEGY= 1      NO ERROR MATRIX       
  EXT PARAMETER               CURRENT GUESS       STEP         FIRST   
  NO.   NAME      VALUE            ERROR          SIZE      DERIVATIVE 
   1  A_CBO        9.29121e-03   1.00000e-05   1.00000e-05   7.76924e+00
   2  w_CBO        2.32653e+00   1.00000e-02   2.13267e-02   5.96629e-01
   3  phi_CBO      1.60785e+00   1.00000e-02   3.64731e-03  -8.52711e-03
 MIGRAD MINIMIZATION HAS CONVERGED.
 MIGRAD WILL VERIFY CONVERGENCE AND ERROR MATRIX.
 COVARIANCE MATRIX CALCULATED SUCCESSFULLY
 FCN=0.0512077 FROM HESSE     STATUS=OK             16 CALLS          50 TOTAL
                     EDM=9.01448e-05    STRATEGY= 1      ERROR MATRIX ACCURATE 
  EXT PARAMETER                                   STEP         FIRST   
  NO.   NAME      VALUE            ERROR          SIZE      DERIVATIVE 
   1  A_CBO        2.20054e-03   4.40890e-02   2.13580e-05  -4.56904e-02
   2  w_CBO        2.32628e+00   3.88663e-01   5.77950e-05   7.88015e-03
   3  phi_CBO      1.66682e+00   3.54600e+00   3.36829e-03   1.83465e-04
 MIGRAD MINIMIZATION HAS CONVERGED.
 FCN=0.0511504 FROM MIGRAD    STATUS=CONVERGED      65 CALLS          66 TOTAL
                     EDM=6.83683e-06    STRATEGY= 1  ERROR MATRIX UNCERTAINTY  13.1 per cent
  EXT PARAMETER                                   STEP         FIRST   
  NO.   NAME      VALUE            ERROR          SIZE      DERIVATIVE 
   1  A_CBO        2.26292e-03   4.24374e-02   2.50530e-05  -1.97300e-03
   2  w_CBO        2.32422e+00   2.89897e-01  -2.03795e-03  -3.75204e-02
   3  phi_CBO      9.82693e-01   3.30036e+00  -1.28502e-01   6.51956e-04
 EXTERNAL ERROR MATRIX.    NDIM=  25    NPAR=  3    ERR DEF=1
  1.801e-03 -1.246e-03 -4.663e-01 
 -1.246e-03  9.774e-02  3.120e+01 
 -4.663e-01  3.120e+01  1.015e+04 
 PARAMETER  CORRELATION COEFFICIENTS  
       NO.  GLOBAL      1      2      3
        1  0.15161   1.000 -0.094 -0.109
        2  0.99101  -0.094  1.000  0.991
        3  0.99104  -0.109  0.991  1.000
setting A_CBO=0.002263 w_CBO=2.324224, phi_CBO=0.982693
done fitting cbo isolate
 **********
 **    1 **SET PRINTOUT            1
 **********
 **********
 **    2 **SET NOWARNINGS 
 **********
 PARAMETER DEFINITIONS:
    NO.   NAME         VALUE      STEP SIZE      LIMITS
     1 N0           3.08349e+06  1.00000e+02     no limits
     2 tau          6.44081e+01  constant
     3 A0           3.45384e-01  1.00000e-04     no limits
     4 phi          4.12005e+00  1.00000e-02     no limits
     5 R           -6.04838e+01  constant
     6 A_CBO        2.26292e-03  1.00000e-05     no limits
     7 w_CBO        2.32422e+00  1.00000e-03     no limits
     8 phi_CBO      9.82693e-01  1.00000e-04     no limits
     9 ANx2         3.59468e-04  constant
    10 pNx2         5.65332e+00  constant
    11 ANy1         0.00000e+00  constant
    12 pNy1         0.00000e+00  constant
    13 w_y          0.00000e+00  constant
    14 ANy2         9.88841e-03  1.00000e-04     no limits
    15 pNy2         2.39757e+00  constant
    16 w_vw         1.43118e+01  constant
    17 LM           1.25147e-04  constant
    18 wCBO_expCoeff   2.00000e+02  1.00000e+00     no limits
    19 wCBO_expOffset   2.00000e+02  1.00000e+00     no limits
    20 wCBO_expT    3.00000e+01  1.00000e+00     no limits
    21 wCBO_linCoeff   0.00000e+00  constant
    22 wCBO_const   0.00000e+00  1.00000e-02     no limits
MINUIT - FIT ONLY WIGGLE
 **********
 **    3 **FIX            5
 **********
 PARAMETER    5  IS CONSTANT.   IGNORED.
 **********
 **    4 **FIX            6
 **********
 **********
 **    5 **FIX            7
 **********
 **********
 **    6 **FIX            8
 **********
 **********
 **    7 **FIX            9
 **********
 PARAMETER    9  IS CONSTANT.   IGNORED.
 **********
 **    8 **FIX           10
 **********
 PARAMETER   10  IS CONSTANT.   IGNORED.
 **********
 **    9 **FIX           11
 **********
 PARAMETER   11  IS CONSTANT.   IGNORED.
 **********
 **   10 **FIX           12
 **********
 PARAMETER   12  IS CONSTANT.   IGNORED.
 **********
 **   11 **FIX           13
 **********
 PARAMETER   13  IS CONSTANT.   IGNORED.
 **********
 **   12 **FIX           14
 **********
 **********
 **   13 **FIX           15
 **********
 PARAMETER   15  IS CONSTANT.   IGNORED.
 **********
 **   14 **FIX           16
 **********
 PARAMETER   16  IS CONSTANT.   IGNORED.
 **********
 **   15 **MIGRAD
 **********
 FIRST CALL TO USER FUNCTION AT NEW START POINT, WITH IFLAG=4.
 START MIGRAD MINIMIZATION.  STRATEGY  1.  CONVERGENCE WHEN EDM .LT. 1.00e-04
 FCN=956.184 FROM MIGRAD    STATUS=INITIATE       34 CALLS          35 TOTAL
                     EDM= unknown      STRATEGY= 1      NO ERROR MATRIX       
  EXT PARAMETER               CURRENT GUESS       STEP         FIRST   
  NO.   NAME      VALUE            ERROR          SIZE      DERIVATIVE 
   1  N0           3.08349e+06   1.00000e+02   1.00000e+02   2.76624e-04
   2  tau          6.44081e+01   constant   
   3  A0           3.45384e-01   1.00000e-04   1.00000e-04  -2.54698e+03
   4  phi          4.12005e+00   1.00000e-02   1.00000e-02  -1.27780e+03
   5  R           -6.04838e+01   constant   
   6  A_CBO        2.26292e-03     fixed    
   7  w_CBO        2.32422e+00     fixed    
   8  phi_CBO      9.82693e-01     fixed    
   9  ANx2         3.59468e-04   constant   
  10  pNx2         5.65332e+00   constant   
  11  ANy1         0.00000e+00   constant   
  12  pNy1         0.00000e+00   constant   
  13  w_y          0.00000e+00   constant   
  14  ANy2         9.88841e-03     fixed    
  15  pNy2         2.39757e+00   constant   
  16  w_vw         1.43118e+01   constant   
  17  LM           1.25147e-04   constant   
  18  wCBO_expCoeff   2.00000e+02   1.00000e+00   1.00000e+00   2.52243e+01
  19  wCBO_expOffset   2.00000e+02   1.00000e+00   1.00000e+00   1.67426e+02
  20  wCBO_expT    3.00000e+01   1.00000e+00   1.00000e+00   1.65795e+03
  21  wCBO_linCoeff   0.00000e+00   constant   
  22  wCBO_const   0.00000e+00   1.00000e-02   1.00000e-02   8.48935e+03
 MIGRAD MINIMIZATION HAS CONVERGED.
 FCN=936.226 FROM MIGRAD    STATUS=CONVERGED     191 CALLS         192 TOTAL
                     EDM=7.80771e-07    STRATEGY= 1  ERROR MATRIX UNCERTAINTY   0.9 per cent
  EXT PARAMETER                                   STEP         FIRST   
  NO.   NAME      VALUE            ERROR          SIZE      DERIVATIVE 
   1  N0           3.08328e+06   8.98212e+02  -1.33809e+00   7.40221e-07
   2  tau          6.44081e+01   constant   
   3  A0           3.45581e-01   3.87101e-04  -2.73294e-07   8.26817e-01
   4  phi          4.12087e+00   1.14751e-03   6.83638e-07  -2.27051e-01
   5  R           -6.04838e+01   constant   
   6  A_CBO        2.26292e-03     fixed    
   7  w_CBO        2.32422e+00     fixed    
   8  phi_CBO      9.82693e-01     fixed    
   9  ANx2         3.59468e-04   constant   
  10  pNx2         5.65332e+00   constant   
  11  ANy1         0.00000e+00   constant   
  12  pNy1         0.00000e+00   constant   
  13  w_y          0.00000e+00   constant   
  14  ANy2         9.88841e-03     fixed    
  15  pNy2         2.39757e+00   constant   
  16  w_vw         1.43118e+01   constant   
  17  LM           1.25147e-04   constant   
  18  wCBO_expCoeff   2.00076e+02   6.32435e-02   1.76575e-04  -2.42925e-02
  19  wCBO_expOffset   2.00012e+02   9.90982e-03   2.82738e-05  -4.02380e-01
  20  wCBO_expT    2.99959e+01   7.01492e-03  -2.03304e-05  -6.44508e-01
  21  wCBO_linCoeff   0.00000e+00   constant   
  22  wCBO_const  -1.92124e-03   9.64521e-04   2.62035e-06  -8.50224e-01
 EXTERNAL ERROR MATRIX.    NDIM=  25    NPAR=  7    ERR DEF=1
  8.068e+05  1.640e-03 -1.072e-02  7.434e+00  1.009e+00 -8.227e-01  1.134e-01 
  1.640e-03  1.498e-07 -7.212e-10  1.768e-07 -1.745e-11  5.153e-09 -8.003e-09 
 -1.072e-02 -7.212e-10  1.317e-06 -1.678e-06 -1.810e-07  1.271e-07 -1.029e-08 
  7.434e+00  1.768e-07 -1.678e-06  4.000e-03  5.375e-04 -4.233e-04  5.032e-05 
  1.009e+00 -1.745e-11 -1.810e-07  5.375e-04  9.820e-05 -6.655e-05  7.939e-06 
 -8.227e-01  5.153e-09  1.271e-07 -4.233e-04 -6.655e-05  4.921e-05 -6.112e-06 
  1.134e-01 -8.003e-09 -1.029e-08  5.032e-05  7.939e-06 -6.112e-06  9.303e-07 
 PARAMETER  CORRELATION COEFFICIENTS  
       NO.  GLOBAL      1      3      4     18     19     20     22
        1  0.13867   1.000  0.005 -0.010  0.131  0.113 -0.131  0.131
        3  0.05107   0.005  1.000 -0.002  0.007 -0.000  0.002 -0.021
        4  0.04503  -0.010 -0.002  1.000 -0.023 -0.016  0.016 -0.009
       18  0.98454   0.131  0.007 -0.023  1.000  0.858 -0.954  0.825
       19  0.98547   0.113 -0.000 -0.016  0.858  1.000 -0.957  0.831
       20  0.99686  -0.131  0.002  0.016 -0.954 -0.957  1.000 -0.903
       22  0.94845   0.131 -0.021 -0.009  0.825  0.831 -0.903  1.000
MINUIT - FIT ONLY 1-CBO + other amplitudes 
 **********
 **   16 **RES 
 **********
                   PARAMETER   14  ANy2 RESTORED TO VARIABLE.
                   PARAMETER    8  phi_CBO RESTORED TO VARIABLE.
                   PARAMETER    7  w_CBO RESTORED TO VARIABLE.
                   PARAMETER    6  A_CBO RESTORED TO VARIABLE.
 **********
 **   17 **FIX            0
 **********
 PARAMETER    0  IS UNDEFINED. IGNORED.
 **********
 **   18 **FIX            1
 **********
 **********
 **   19 **FIX            2
 **********
 PARAMETER    2  IS CONSTANT.   IGNORED.
 **********
 **   20 **FIX            3
 **********
 **********
 **   21 **FIX            4
 **********
 **********
 **   22 **FIX            9
 **********
 PARAMETER    9  IS CONSTANT.   IGNORED.
 **********
 **   23 **FIX           11
 **********
 PARAMETER   11  IS CONSTANT.   IGNORED.
 **********
 **   24 **FIX           12
 **********
 PARAMETER   12  IS CONSTANT.   IGNORED.
 **********
 **   25 **FIX           14
 **********
 **********
 **   26 **FIX           15
 **********
 PARAMETER   15  IS CONSTANT.   IGNORED.
 **********
 **   27 **FIX           16
 **********
 PARAMETER   16  IS CONSTANT.   IGNORED.
 **********
 **   28 **MIGRAD
 **********
 START MIGRAD MINIMIZATION.  STRATEGY  1.  CONVERGENCE WHEN EDM .LT. 1.00e-04
 FCN=936.226 FROM MIGRAD    STATUS=INITIATE       20 CALLS         212 TOTAL
                     EDM= unknown      STRATEGY= 1      NO ERROR MATRIX       
  EXT PARAMETER               CURRENT GUESS       STEP         FIRST   
  NO.   NAME      VALUE            ERROR          SIZE      DERIVATIVE 
   1  N0           3.08328e+06     fixed    
   2  tau          6.44081e+01   constant   
   3  A0           3.45581e-01     fixed    
   4  phi          4.12087e+00     fixed    
   5  R           -6.04838e+01   constant   
   6  A_CBO        2.26292e-03   1.00000e-05   1.00000e-05   1.36794e+04
   7  w_CBO        2.32422e+00   1.00000e-03   1.00000e-03  -2.41484e+00
   8  phi_CBO      9.82693e-01   1.00000e-04   1.00000e-04   3.03174e+00
   9  ANx2         3.59468e-04   constant   
  10  pNx2         5.65332e+00   constant   
  11  ANy1         0.00000e+00   constant   
  12  pNy1         0.00000e+00   constant   
  13  w_y          0.00000e+00   constant   
  14  ANy2         9.88841e-03     fixed    
  15  pNy2         2.39757e+00   constant   
  16  w_vw         1.43118e+01   constant   
  17  LM           1.25147e-04   constant   
  18  wCBO_expCoeff   2.00076e+02   6.32435e-02   1.76575e-04  -2.43007e-02
  19  wCBO_expOffset   2.00012e+02   9.90982e-03   2.82738e-05  -4.02380e-01
  20  wCBO_expT    2.99959e+01   7.01492e-03  -2.03304e-05  -6.44508e-01
  21  wCBO_linCoeff   0.00000e+00   constant   
  22  wCBO_const  -1.92124e-03   9.64521e-04   2.62035e-06  -8.50240e-01
 MIGRAD MINIMIZATION HAS CONVERGED.
 MIGRAD WILL VERIFY CONVERGENCE AND ERROR MATRIX.
 COVARIANCE MATRIX CALCULATED SUCCESSFULLY
 FCN=926.195 FROM MIGRAD    STATUS=CONVERGED     287 CALLS         479 TOTAL
                     EDM=1.88841e-06    STRATEGY= 1      ERROR MATRIX ACCURATE 
  EXT PARAMETER                                   STEP         FIRST   
  NO.   NAME      VALUE            ERROR          SIZE      DERIVATIVE 
   1  N0           3.08328e+06     fixed    
   2  tau          6.44081e+01   constant   
   3  A0           3.45581e-01     fixed    
   4  phi          4.12087e+00     fixed    
   5  R           -6.04838e+01   constant   
   6  A_CBO        1.16847e-03   4.09780e-04   6.06525e-06  -4.26978e+00
   7  w_CBO        2.32478e+00   2.48625e-03   1.69200e-06  -6.39520e+00
   8  phi_CBO     -3.32571e-01   6.46264e-01   5.21298e-03   1.57608e-03
   9  ANx2         3.59468e-04   constant   
  10  pNx2         5.65332e+00   constant   
  11  ANy1         0.00000e+00   constant   
  12  pNy1         0.00000e+00   constant   
  13  w_y          0.00000e+00   constant   
  14  ANy2         9.88841e-03     fixed    
  15  pNy2         2.39757e+00   constant   
  16  w_vw         1.43118e+01   constant   
  17  LM           1.25147e-04   constant   
  18  wCBO_expCoeff   2.00141e+02   2.19733e-01   1.60960e-04  -6.39014e-02
  19  wCBO_expOffset   2.00021e+02   2.03564e-02   9.53776e-05  -4.26796e-01
  20  wCBO_expT    2.99847e+01   6.80914e-03   1.42978e-05  -1.30207e+00
  21  wCBO_linCoeff   0.00000e+00   constant   
  22  wCBO_const  -1.89972e-03   1.46683e-03   5.97082e-06  -2.07945e+00
 EXTERNAL ERROR MATRIX.    NDIM=  25    NPAR=  7    ERR DEF=1
  1.679e-07  2.896e-08 -1.519e-05  2.864e-06 -3.729e-07 -1.607e-07 -1.509e-08 
  2.896e-08  6.181e-06 -1.311e-04 -3.801e-04 -1.366e-05 -3.676e-06 -2.281e-06 
 -1.519e-05 -1.311e-04  4.177e-01 -1.419e-02 -1.316e-04  1.548e-03  2.546e-04 
  2.864e-06 -3.801e-04 -1.419e-02  4.828e-02 -1.409e-03 -3.700e-04  1.987e-04 
 -3.729e-07 -1.366e-05 -1.316e-04 -1.409e-03  4.144e-04 -1.042e-05  7.085e-06 
 -1.607e-07 -3.676e-06  1.548e-03 -3.700e-04 -1.042e-05  4.636e-05 -3.605e-06 
 -1.509e-08 -2.281e-06  2.546e-04  1.987e-04  7.085e-06 -3.605e-06  2.152e-06 
 PARAMETER  CORRELATION COEFFICIENTS  
       NO.  GLOBAL      6      7      8     18     19     20     22
        6  0.09537   1.000  0.028 -0.057  0.032 -0.045 -0.058 -0.025
        7  0.99895   0.028  1.000 -0.082 -0.696 -0.270 -0.217 -0.626
        8  0.83959  -0.057 -0.082  1.000 -0.100 -0.010  0.352  0.269
       18  0.99878   0.032 -0.696 -0.100  1.000 -0.315 -0.247  0.617
       19  0.99682  -0.045 -0.270 -0.010 -0.315  1.000 -0.075  0.237
       20  0.99663  -0.058 -0.217  0.352 -0.247 -0.075  1.000 -0.361
       22  0.96171  -0.025 -0.626  0.269  0.617  0.237 -0.361  1.000
MINUIT - FIT ONLY 1-CBO
 **********
 **   29 **RES 
 **********
                   PARAMETER   14  ANy2 RESTORED TO VARIABLE.
                   PARAMETER    4  phi RESTORED TO VARIABLE.
                   PARAMETER    3  A0 RESTORED TO VARIABLE.
                   PARAMETER    1  N0 RESTORED TO VARIABLE.
 **********
 **   30 **FIX            0
 **********
 PARAMETER    0  IS UNDEFINED. IGNORED.
 **********
 **   31 **FIX            1
 **********
 **********
 **   32 **FIX            2
 **********
 PARAMETER    2  IS CONSTANT.   IGNORED.
 **********
 **   33 **FIX            3
 **********
 **********
 **   34 **FIX            4
 **********
 **********
 **   35 **FIX            8
 **********
 **********
 **   36 **FIX            9
 **********
 PARAMETER    9  IS CONSTANT.   IGNORED.
 **********
 **   37 **FIX           11
 **********
 PARAMETER   11  IS CONSTANT.   IGNORED.
 **********
 **   38 **FIX           12
 **********
 PARAMETER   12  IS CONSTANT.   IGNORED.
 **********
 **   39 **FIX           13
 **********
 PARAMETER   13  IS CONSTANT.   IGNORED.
 **********
 **   40 **FIX           15
 **********
 PARAMETER   15  IS CONSTANT.   IGNORED.
 **********
 **   41 **FIX           16
 **********
 PARAMETER   16  IS CONSTANT.   IGNORED.
 **********
 **   42 **MIGRAD
 **********
 START MIGRAD MINIMIZATION.  STRATEGY  1.  CONVERGENCE WHEN EDM .LT. 1.00e-04
 FCN=926.195 FROM MIGRAD    STATUS=INITIATE       16 CALLS         495 TOTAL
                     EDM= unknown      STRATEGY= 1      NO ERROR MATRIX       
  EXT PARAMETER               CURRENT GUESS       STEP         FIRST   
  NO.   NAME      VALUE            ERROR          SIZE      DERIVATIVE 
   1  N0           3.08328e+06     fixed    
   2  tau          6.44081e+01   constant   
   3  A0           3.45581e-01     fixed    
   4  phi          4.12087e+00     fixed    
   5  R           -6.04838e+01   constant   
   6  A_CBO        1.16847e-03   4.09780e-04   6.06525e-06  -4.26978e+00
   7  w_CBO        2.32478e+00   2.48625e-03   1.69200e-06  -6.44385e+00
   8  phi_CBO     -3.32571e-01     fixed    
   9  ANx2         3.59468e-04   constant   
  10  pNx2         5.65332e+00   constant   
  11  ANy1         0.00000e+00   constant   
  12  pNy1         0.00000e+00   constant   
  13  w_y          0.00000e+00   constant   
  14  ANy2         9.88841e-03   1.00000e-04   1.00000e-04   1.18185e+05
  15  pNy2         2.39757e+00   constant   
  16  w_vw         1.43118e+01   constant   
  17  LM           1.25147e-04   constant   
  18  wCBO_expCoeff   2.00141e+02   2.19733e-01   1.60960e-04  -6.44397e-02
  19  wCBO_expOffset   2.00021e+02   2.03564e-02   9.53776e-05  -4.87578e-01
  20  wCBO_expT    2.99847e+01   6.80914e-03   1.42978e-05  -1.32726e+00
  21  wCBO_linCoeff   0.00000e+00   constant   
  22  wCBO_const  -1.89972e-03   1.46683e-03   5.97082e-06  -2.09244e+00
 MIGRAD FAILS TO FIND IMPROVEMENT
 COVARIANCE MATRIX CALCULATED SUCCESSFULLY
 FCN=331.972 FROM HESSE     STATUS=OK             50 CALLS         993 TOTAL
                     EDM=4.11872e-06    STRATEGY= 1      ERROR MATRIX ACCURATE 
  EXT PARAMETER                                   STEP         FIRST   
  NO.   NAME      VALUE            ERROR          SIZE      DERIVATIVE 
   1  N0           3.08328e+06     fixed    
   2  tau          6.44081e+01   constant   
   3  A0           3.45581e-01     fixed    
   4  phi          4.12087e+00     fixed    
   5  R           -6.04838e+01   constant   
   6  A_CBO        1.45144e-04   4.09713e-04   3.61194e-06   1.15215e+00
   7  w_CBO        2.32677e+00   4.72009e-03   1.58298e-06   2.00573e+01
   8  phi_CBO     -3.32571e-01     fixed    
   9  ANx2         3.59468e-04   constant   
  10  pNx2         5.65332e+00   constant   
  11  ANy1         0.00000e+00   constant   
  12  pNy1         0.00000e+00   constant   
  13  w_y          0.00000e+00   constant   
  14  ANy2        -1.50822e-04   4.09108e-04   3.64207e-06   9.71410e-01
  15  pNy2         2.39757e+00   constant   
  16  w_vw         1.43118e+01   constant   
  17  LM           1.25147e-04   constant   
  18  wCBO_expCoeff   2.00372e+02   4.20524e-01   1.50292e-04   2.18674e-01
  19  wCBO_expOffset   2.00068e+02   3.73103e-02   9.53998e-05   1.45931e+00
  20  wCBO_expT    2.99439e+01   9.83665e-03   1.42784e-05   4.14038e+00
  21  wCBO_linCoeff   0.00000e+00   constant   
  22  wCBO_const  -2.33916e-03   2.17787e-03   4.96977e-06   2.86034e+00
 MIGRAD MINIMIZATION HAS CONVERGED.
 FCN=331.972 FROM MIGRAD    STATUS=CONVERGED     529 CALLS        1008 TOTAL
                     EDM=8.41966e-08    STRATEGY= 1  ERROR MATRIX UNCERTAINTY   0.1 per cent
  EXT PARAMETER                                   STEP         FIRST   
  NO.   NAME      VALUE            ERROR          SIZE      DERIVATIVE 
   1  N0           3.08328e+06     fixed    
   2  tau          6.44081e+01   constant   
   3  A0           3.45581e-01     fixed    
   4  phi          4.12087e+00     fixed    
   5  R           -6.04838e+01   constant   
   6  A_CBO        1.44944e-04   4.10387e-04  -1.99416e-07   2.42571e-02
   7  w_CBO        2.32677e+00   4.71645e-03   1.35493e-07  -5.24530e-02
   8  phi_CBO     -3.32571e-01     fixed    
   9  ANx2         3.59468e-04   constant   
  10  pNx2         5.65332e+00   constant   
  11  ANy1         0.00000e+00   constant   
  12  pNy1         0.00000e+00   constant   
  13  w_y          0.00000e+00   constant   
  14  ANy2        -1.50875e-04   4.09149e-04  -5.28719e-08   2.51429e-03
  15  pNy2         2.39757e+00   constant   
  16  w_vw         1.43118e+01   constant   
  17  LM           1.25147e-04   constant   
  18  wCBO_expCoeff   2.00372e+02   4.20027e-01   1.24975e-05  -5.24958e-04
  19  wCBO_expOffset   2.00068e+02   3.70753e-02   1.73535e-06  -1.82738e-02
  20  wCBO_expT    2.99439e+01   9.92472e-03  -4.31049e-06   5.96664e-03
  21  wCBO_linCoeff   0.00000e+00   constant   
  22  wCBO_const  -2.33850e-03   2.19011e-03   6.66996e-07  -1.58321e-02
 EXTERNAL ERROR MATRIX.    NDIM=  25    NPAR=  7    ERR DEF=1
  1.684e-07  3.614e-08 -2.814e-09  4.753e-06 -9.752e-07 -1.768e-08 -1.497e-08 
  3.614e-08  2.224e-05  6.815e-09 -1.475e-03 -4.461e-05 -7.881e-06 -8.958e-06 
 -2.814e-09  6.815e-09  1.674e-07  8.809e-07 -2.522e-07  1.426e-09 -5.794e-09 
  4.753e-06 -1.475e-03  8.809e-07  1.764e-01 -5.023e-03 -8.732e-04  6.949e-04 
 -9.752e-07 -4.461e-05 -2.522e-07 -5.023e-03  1.375e-03 -2.371e-05  2.191e-05 
 -1.768e-08 -7.881e-06  1.426e-09 -8.732e-04 -2.371e-05  9.850e-05 -4.758e-06 
 -1.497e-08 -8.958e-06 -5.794e-09  6.949e-04  2.191e-05 -4.758e-06  4.797e-06 
 PARAMETER  CORRELATION COEFFICIENTS  
       NO.  GLOBAL      6      7     14     18     19     20     22
        6  0.15431   1.000  0.019 -0.017  0.028 -0.064 -0.004 -0.017
        7  0.99930   0.019  1.000  0.004 -0.745 -0.255 -0.168 -0.867
       14  0.04386  -0.017  0.004  1.000  0.005 -0.017  0.000 -0.006
       18  0.99920   0.028 -0.745  0.005  1.000 -0.323 -0.209  0.755
       19  0.99775  -0.064 -0.255 -0.017 -0.323  1.000 -0.064  0.270
       20  0.99610  -0.004 -0.168  0.000 -0.209 -0.064  1.000 -0.219
       22  0.96711  -0.017 -0.867 -0.006  0.755  0.270 -0.219  1.000
MINUIT - FIT ONLY 2-CBO
 **********
 **   43 **RES 
 **********
                   PARAMETER    8  phi_CBO RESTORED TO VARIABLE.
                   PARAMETER    4  phi RESTORED TO VARIABLE.
                   PARAMETER    3  A0 RESTORED TO VARIABLE.
                   PARAMETER    1  N0 RESTORED TO VARIABLE.
 **********
 **   44 **FIX            0
 **********
 PARAMETER    0  IS UNDEFINED. IGNORED.
 **********
 **   45 **FIX            1
 **********
 **********
 **   46 **FIX            2
 **********
 PARAMETER    2  IS CONSTANT.   IGNORED.
 **********
 **   47 **FIX            3
 **********
 **********
 **   48 **FIX            4
 **********
 **********
 **   49 **FIX            5
 **********
 PARAMETER    5  IS CONSTANT.   IGNORED.
 **********
 **   50 **FIX            6
 **********
 **********
 **   51 **FIX            7
 **********
 **********
 **   52 **FIX           10
 **********
 PARAMETER   10  IS CONSTANT.   IGNORED.
 **********
 **   53 **FIX           11
 **********
 PARAMETER   11  IS CONSTANT.   IGNORED.
 **********
 **   54 **FIX           12
 **********
 PARAMETER   12  IS CONSTANT.   IGNORED.
 **********
 **   55 **FIX           13
 **********
 PARAMETER   13  IS CONSTANT.   IGNORED.
 **********
 **   56 **FIX           14
 **********
 **********
 **   57 **FIX           15
 **********
 PARAMETER   15  IS CONSTANT.   IGNORED.
 **********
 **   58 **FIX           16
 **********
 PARAMETER   16  IS CONSTANT.   IGNORED.
 **********
 **   59 **MIGRAD
 **********
 START MIGRAD MINIMIZATION.  STRATEGY  1.  CONVERGENCE WHEN EDM .LT. 1.00e-04
 FCN=331.972 FROM MIGRAD    STATUS=INITIATE       12 CALLS        1020 TOTAL
                     EDM= unknown      STRATEGY= 1      NO ERROR MATRIX       
  EXT PARAMETER               CURRENT GUESS       STEP         FIRST   
  NO.   NAME      VALUE            ERROR          SIZE      DERIVATIVE 
   1  N0           3.08328e+06     fixed    
   2  tau          6.44081e+01   constant   
   3  A0           3.45581e-01     fixed    
   4  phi          4.12087e+00     fixed    
   5  R           -6.04838e+01   constant   
   6  A_CBO        1.44944e-04     fixed    
   7  w_CBO        2.32677e+00     fixed    
   8  phi_CBO     -3.32571e-01   6.46264e-01   6.46264e-01   1.62930e-01
   9  ANx2         3.59468e-04   constant   
  10  pNx2         5.65332e+00   constant   
  11  ANy1         0.00000e+00   constant   
  12  pNy1         0.00000e+00   constant   
  13  w_y          0.00000e+00   constant   
  14  ANy2        -1.50875e-04     fixed    
  15  pNy2         2.39757e+00   constant   
  16  w_vw         1.43118e+01   constant   
  17  LM           1.25147e-04   constant   
  18  wCBO_expCoeff   2.00372e+02   4.20027e-01   1.24975e-05  -5.24944e-04
  19  wCBO_expOffset   2.00068e+02   3.70753e-02   1.73535e-06  -1.82738e-02
  20  wCBO_expT    2.99439e+01   9.92472e-03  -4.31049e-06   5.96664e-03
  21  wCBO_linCoeff   0.00000e+00   constant   
  22  wCBO_const  -2.33850e-03   2.19011e-03   6.66996e-07  -1.58318e-02
 MIGRAD MINIMIZATION HAS CONVERGED.
 MIGRAD WILL VERIFY CONVERGENCE AND ERROR MATRIX.
 FCN=331.907 FROM MIGRAD    STATUS=CONVERGED     121 CALLS        1129 TOTAL
                     EDM=6.17077e-07    STRATEGY= 1      ERR MATRIX NOT POS-DEF
  EXT PARAMETER                APPROXIMATE        STEP         FIRST   
  NO.   NAME      VALUE            ERROR          SIZE      DERIVATIVE 
   1  N0           3.08328e+06     fixed    
   2  tau          6.44081e+01   constant   
   3  A0           3.45581e-01     fixed    
   4  phi          4.12087e+00     fixed    
   5  R           -6.04838e+01   constant   
   6  A_CBO        1.44944e-04     fixed    
   7  w_CBO        2.32677e+00     fixed    
   8  phi_CBO     -1.07530e+00   2.69978e+00   2.20229e-02  -7.74468e-05
   9  ANx2         3.59468e-04   constant   
  10  pNx2         5.65332e+00   constant   
  11  ANy1         0.00000e+00   constant   
  12  pNy1         0.00000e+00   constant   
  13  w_y          0.00000e+00   constant   
  14  ANy2        -1.50875e-04     fixed    
  15  pNy2         2.39757e+00   constant   
  16  w_vw         1.43118e+01   constant   
  17  LM           1.25147e-04   constant   
  18  wCBO_expCoeff   2.00377e+02   1.99712e-01   1.49987e-04  -2.15588e-02
  19  wCBO_expOffset   2.00069e+02   3.19574e-02   9.54001e-05  -1.44161e-01
  20  wCBO_expT    2.99432e+01   7.87409e-03   1.42780e-05  -5.45845e-01
  21  wCBO_linCoeff   0.00000e+00   constant   
  22  wCBO_const  -2.23647e-03   1.01422e-03   4.95687e-06  -1.83000e+00
 EXTERNAL ERROR MATRIX.    NDIM=  25    NPAR=  5    ERR DEF=1
  7.289e+00 -2.786e-05 -3.823e-03  2.941e-03 -5.761e-04 
 -2.786e-05  3.988e-02 -4.990e-03 -3.618e-04  2.688e-05 
 -3.823e-03 -4.990e-03  1.021e-03 -1.050e-04  8.370e-06 
  2.941e-03 -3.618e-04 -1.050e-04  6.200e-05 -5.494e-06 
 -5.761e-04  2.688e-05  8.370e-06 -5.494e-06  1.029e-06 
ERR MATRIX NOT POS-DEF
 PARAMETER  CORRELATION COEFFICIENTS  
       NO.  GLOBAL      8     18     19     20     22
        8  0.42720   1.000 -0.000 -0.044  0.138 -0.210
       18  0.99646  -0.000  1.000 -0.782 -0.230  0.133
       19  0.99691  -0.044 -0.782  1.000 -0.417  0.258
       20  0.99383   0.138 -0.230 -0.417  1.000 -0.688
       22  0.83711  -0.210  0.133  0.258 -0.688  1.000
 ERR MATRIX NOT POS-DEF
MINUIT - FIT ONLY 1-y
 **********
 **   60 **RES 
 **********
                   PARAMETER   14  ANy2 RESTORED TO VARIABLE.
                   PARAMETER    7  w_CBO RESTORED TO VARIABLE.
                   PARAMETER    6  A_CBO RESTORED TO VARIABLE.
                   PARAMETER    4  phi RESTORED TO VARIABLE.
                   PARAMETER    3  A0 RESTORED TO VARIABLE.
                   PARAMETER    1  N0 RESTORED TO VARIABLE.
 **********
 **   61 **FIX            0
 **********
 PARAMETER    0  IS UNDEFINED. IGNORED.
 **********
 **   62 **FIX            1
 **********
 **********
 **   63 **FIX            2
 **********
 PARAMETER    2  IS CONSTANT.   IGNORED.
 **********
 **   64 **FIX            3
 **********
 **********
 **   65 **FIX            4
 **********
 **********
 **   66 **FIX            5
 **********
 PARAMETER    5  IS CONSTANT.   IGNORED.
 **********
 **   67 **FIX            6
 **********
 **********
 **   68 **FIX            7
 **********
 **********
 **   69 **FIX            8
 **********
 **********
 **   70 **FIX            9
 **********
 PARAMETER    9  IS CONSTANT.   IGNORED.
 **********
 **   71 **FIX           13
 **********
 PARAMETER   13  IS CONSTANT.   IGNORED.
 **********
 **   72 **FIX           14
 **********
 **********
 **   73 **FIX           15
 **********
 PARAMETER   15  IS CONSTANT.   IGNORED.
 **********
 **   74 **FIX           16
 **********
 PARAMETER   16  IS CONSTANT.   IGNORED.
 **********
 **   75 **MIGRAD
 **********
 START MIGRAD MINIMIZATION.  STRATEGY  1.  CONVERGENCE WHEN EDM .LT. 1.00e-04
 FCN=331.907 FROM MIGRAD    STATUS=INITIATE        8 CALLS        1137 TOTAL
                     EDM= unknown      STRATEGY= 1      NO ERROR MATRIX       
  EXT PARAMETER               CURRENT GUESS       STEP         FIRST   
  NO.   NAME      VALUE            ERROR          SIZE      DERIVATIVE 
   1  N0           3.08328e+06     fixed    
   2  tau          6.44081e+01   constant   
   3  A0           3.45581e-01     fixed    
   4  phi          4.12087e+00     fixed    
   5  R           -6.04838e+01   constant   
   6  A_CBO        1.44944e-04     fixed    
   7  w_CBO        2.32677e+00     fixed    
   8  phi_CBO     -1.07530e+00     fixed    
   9  ANx2         3.59468e-04   constant   
  10  pNx2         5.65332e+00   constant   
  11  ANy1         0.00000e+00   constant   
  12  pNy1         0.00000e+00   constant   
  13  w_y          0.00000e+00   constant   
  14  ANy2        -1.50875e-04     fixed    
  15  pNy2         2.39757e+00   constant   
  16  w_vw         1.43118e+01   constant   
  17  LM           1.25147e-04   constant   
  18  wCBO_expCoeff   2.00377e+02   1.99712e-01   1.49987e-04  -2.13759e-02
  19  wCBO_expOffset   2.00069e+02   3.19574e-02   9.54001e-05  -1.19717e-01
  20  wCBO_expT    2.99432e+01   7.87409e-03   1.42780e-05  -5.41092e-01
  21  wCBO_linCoeff   0.00000e+00   constant   
  22  wCBO_const  -2.23647e-03   1.01422e-03   4.95687e-06  -1.83355e+00
 MIGRAD MINIMIZATION HAS CONVERGED.
 MIGRAD WILL VERIFY CONVERGENCE AND ERROR MATRIX.
 FCN=331.907 FROM MIGRAD    STATUS=CONVERGED      43 CALLS        1172 TOTAL
                     EDM=3.06258e-07    STRATEGY= 1      ERR MATRIX NOT POS-DEF
  EXT PARAMETER                APPROXIMATE        STEP         FIRST   
  NO.   NAME      VALUE            ERROR          SIZE      DERIVATIVE 
   1  N0           3.08328e+06     fixed    
   2  tau          6.44081e+01   constant   
   3  A0           3.45581e-01     fixed    
   4  phi          4.12087e+00     fixed    
   5  R           -6.04838e+01   constant   
   6  A_CBO        1.44944e-04     fixed    
   7  w_CBO        2.32677e+00     fixed    
   8  phi_CBO     -1.07530e+00     fixed    
   9  ANx2         3.59468e-04   constant   
  10  pNx2         5.65332e+00   constant   
  11  ANy1         0.00000e+00   constant   
  12  pNy1         0.00000e+00   constant   
  13  w_y          0.00000e+00   constant   
  14  ANy2        -1.50875e-04     fixed    
  15  pNy2         2.39757e+00   constant   
  16  w_vw         1.43118e+01   constant   
  17  LM           1.25147e-04   constant   
  18  wCBO_expCoeff   2.00377e+02   2.03880e-01   1.50055e-04   1.94643e-02
  19  wCBO_expOffset   2.00069e+02   3.26253e-02   9.54001e-05   1.30362e-01
  20  wCBO_expT    2.99432e+01   7.87516e-03   1.42780e-05   2.75240e-01
  21  wCBO_linCoeff   0.00000e+00   constant   
  22  wCBO_const  -2.23636e-03   9.96012e-04   4.95851e-06  -5.89803e-01
 EXTERNAL ERROR MATRIX.    NDIM=  25    NPAR=  4    ERR DEF=1
  4.157e-02 -5.239e-03 -3.626e-04  2.695e-05 
 -5.239e-03  1.064e-03 -1.064e-04  8.323e-06 
 -3.626e-04 -1.064e-04  6.202e-05 -5.364e-06 
  2.695e-05  8.323e-06 -5.364e-06  9.920e-07 
ERR MATRIX NOT POS-DEF
 PARAMETER  CORRELATION COEFFICIENTS  
       NO.  GLOBAL     18     19     20     22
       18  0.99660   1.000 -0.788 -0.226  0.133
       19  0.99704  -0.788  1.000 -0.414  0.256
       20  0.99383  -0.226 -0.414  1.000 -0.684
       22  0.83045   0.133  0.256 -0.684  1.000
 ERR MATRIX NOT POS-DEF
MINUIT - FIT ONLY 2-y
 **********
 **   76 **RES 
 **********
                   PARAMETER   14  ANy2 RESTORED TO VARIABLE.
                   PARAMETER    8  phi_CBO RESTORED TO VARIABLE.
                   PARAMETER    7  w_CBO RESTORED TO VARIABLE.
                   PARAMETER    6  A_CBO RESTORED TO VARIABLE.
                   PARAMETER    4  phi RESTORED TO VARIABLE.
                   PARAMETER    3  A0 RESTORED TO VARIABLE.
                   PARAMETER    1  N0 RESTORED TO VARIABLE.
 **********
 **   77 **FIX            0
 **********
 PARAMETER    0  IS UNDEFINED. IGNORED.
 **********
 **   78 **FIX            1
 **********
 **********
 **   79 **FIX            2
 **********
 PARAMETER    2  IS CONSTANT.   IGNORED.
 **********
 **   80 **FIX            3
 **********
 **********
 **   81 **FIX            4
 **********
 **********
 **   82 **FIX            5
 **********
 PARAMETER    5  IS CONSTANT.   IGNORED.
 **********
 **   83 **FIX            6
 **********
 **********
 **   84 **FIX            7
 **********
 **********
 **   85 **FIX            8
 **********
 **********
 **   86 **FIX            9
 **********
 PARAMETER    9  IS CONSTANT.   IGNORED.
 **********
 **   87 **FIX           10
 **********
 PARAMETER   10  IS CONSTANT.   IGNORED.
 **********
 **   88 **FIX           11
 **********
 PARAMETER   11  IS CONSTANT.   IGNORED.
 **********
 **   89 **FIX           12
 **********
 PARAMETER   12  IS CONSTANT.   IGNORED.
 **********
 **   90 **FIX           16
 **********
 PARAMETER   16  IS CONSTANT.   IGNORED.
 **********
 **   91 **MIGRAD
 **********
 START MIGRAD MINIMIZATION.  STRATEGY  1.  CONVERGENCE WHEN EDM .LT. 1.00e-04
 FCN=331.907 FROM MIGRAD    STATUS=INITIATE       10 CALLS        1182 TOTAL
                     EDM= unknown      STRATEGY= 1      NO ERROR MATRIX       
  EXT PARAMETER               CURRENT GUESS       STEP         FIRST   
  NO.   NAME      VALUE            ERROR          SIZE      DERIVATIVE 
   1  N0           3.08328e+06     fixed    
   2  tau          6.44081e+01   constant   
   3  A0           3.45581e-01     fixed    
   4  phi          4.12087e+00     fixed    
   5  R           -6.04838e+01   constant   
   6  A_CBO        1.44944e-04     fixed    
   7  w_CBO        2.32677e+00     fixed    
   8  phi_CBO     -1.07530e+00     fixed    
   9  ANx2         3.59468e-04   constant   
  10  pNx2         5.65332e+00   constant   
  11  ANy1         0.00000e+00   constant   
  12  pNy1         0.00000e+00   constant   
  13  w_y          0.00000e+00   constant   
  14  ANy2        -1.50875e-04   4.09149e-04   4.09149e-04   3.95296e+01
  15  pNy2         2.39757e+00   constant   
  16  w_vw         1.43118e+01   constant   
  17  LM           1.25147e-04   constant   
  18  wCBO_expCoeff   2.00377e+02   2.03880e-01   1.50055e-04   1.96464e-02
  19  wCBO_expOffset   2.00069e+02   3.26253e-02   9.54001e-05   1.54702e-01
  20  wCBO_expT    2.99432e+01   7.87516e-03   1.42780e-05   2.79955e-01
  21  wCBO_linCoeff   0.00000e+00   constant   
  22  wCBO_const  -2.23636e-03   9.96012e-04   4.95851e-06  -5.93363e-01
 MIGRAD MINIMIZATION HAS CONVERGED.
 MIGRAD WILL VERIFY CONVERGENCE AND ERROR MATRIX.
 FCN=331.907 FROM MIGRAD    STATUS=CONVERGED      54 CALLS        1226 TOTAL
                     EDM=6.06803e-07    STRATEGY= 1      ERR MATRIX NOT POS-DEF
  EXT PARAMETER                APPROXIMATE        STEP         FIRST   
  NO.   NAME      VALUE            ERROR          SIZE      DERIVATIVE 
   1  N0           3.08328e+06     fixed    
   2  tau          6.44081e+01   constant   
   3  A0           3.45581e-01     fixed    
   4  phi          4.12087e+00     fixed    
   5  R           -6.04838e+01   constant   
   6  A_CBO        1.44944e-04     fixed    
   7  w_CBO        2.32677e+00     fixed    
   8  phi_CBO     -1.07530e+00     fixed    
   9  ANx2         3.59468e-04   constant   
  10  pNx2         5.65332e+00   constant   
  11  ANy1         0.00000e+00   constant   
  12  pNy1         0.00000e+00   constant   
  13  w_y          0.00000e+00   constant   
  14  ANy2        -1.54178e-04   4.07739e-04   3.64172e-06  -5.73186e-02
  15  pNy2         2.39757e+00   constant   
  16  w_vw         1.43118e+01   constant   
  17  LM           1.25147e-04   constant   
  18  wCBO_expCoeff   2.00377e+02   2.03748e-01   1.50053e-04  -5.61807e-02
  19  wCBO_expOffset   2.00069e+02   3.26338e-02   9.54001e-05  -3.75847e-01
  20  wCBO_expT    2.99432e+01   7.87105e-03   1.42780e-05  -1.15154e+00
  21  wCBO_linCoeff   0.00000e+00   constant   
  22  wCBO_const  -2.23627e-03   9.95712e-04   4.95855e-06  -1.85671e+00
 EXTERNAL ERROR MATRIX.    NDIM=  25    NPAR=  5    ERR DEF=1
  1.663e-07  4.364e-07 -1.060e-07  3.959e-09 -1.395e-09 
  4.364e-07  4.151e-02 -5.238e-03 -3.598e-04  2.674e-05 
 -1.060e-07 -5.238e-03  1.065e-03 -1.067e-04  8.343e-06 
  3.959e-09 -3.598e-04 -1.067e-04  6.195e-05 -5.359e-06 
 -1.395e-09  2.674e-05  8.343e-06 -5.359e-06  9.914e-07 
ERR MATRIX NOT POS-DEF
 PARAMETER  CORRELATION COEFFICIENTS  
       NO.  GLOBAL     14     18     19     20     22
       14  0.03373   1.000  0.005 -0.008  0.001 -0.003
       18  0.99660   0.005  1.000 -0.788 -0.224  0.132
       19  0.99704  -0.008 -0.788  1.000 -0.415  0.257
       20  0.99383   0.001 -0.224 -0.415  1.000 -0.684
       22  0.83039  -0.003  0.132  0.257 -0.684  1.000
 ERR MATRIX NOT POS-DEF
MINUIT - FIT ALTOGETHER
 **********
 **   92 **RES 
 **********
                   PARAMETER    8  phi_CBO RESTORED TO VARIABLE.
                   PARAMETER    7  w_CBO RESTORED TO VARIABLE.
                   PARAMETER    6  A_CBO RESTORED TO VARIABLE.
                   PARAMETER    4  phi RESTORED TO VARIABLE.
                   PARAMETER    3  A0 RESTORED TO VARIABLE.
                   PARAMETER    1  N0 RESTORED TO VARIABLE.
 **********
 **   93 **MIGRAD
 **********
 START MIGRAD MINIMIZATION.  STRATEGY  1.  CONVERGENCE WHEN EDM .LT. 1.00e-04
