 + ++++++++++++++++++++++++++++++++++++++++++++++++++++++++++++++++++++ +
 +                                                                      +
 +           You have chose to blind your fitting according to          +
 +                omega_ref * (1 + (R +/- deltaR) *10^{-6})             +
 +                                                                      +
 + ++++++++++++++++++++++++++++++++++++++++++++++++++++++++++++++++++++ +
In main()...
reading format from /gm2data/zkhechad/run45/envelope/formats/formatB_sBin_constraintOn.txt
pBinTau 	= 0  
pBinPhi 	= 0  
constraintau 	= 1 
includeMopTerm 	= 0    
constrainMop    = 0   
Parameters after format file: pBinTau 0 pBinPhi 0 constraintau 1 includeMopTerm 0 constrainMop 0 c_e_scale 0.000000 
reading cbo reference file (full fit) from /gm2data/zkhechad/cboTemplates/Run4CBOTemplates/fullFits/run4/sBin_constraintOn_cE0.0_seed0_run4_calo4.root
A_CBO 0.009389 w_CBO 2.326001 phi_CBO 4.715725 N0 2871608.131177 R -59.406240 tau 64.400031 
Reading cboRef file /gm2data/zkhechad/cboTemplates/Run4CBOTemplates//cboIsolate/run4_calo4.root
deltaT 15.867566
windowBins = 120
fitting sliding window 480 from bin 683 at 101.903600 to bin 803 at 119.807600 (120 bins)

Reading data from /gm2data/cornell/histograms/aMethod/histogram_a_run4.root
fitting cbo isolate
 **********
 **    1 **SET PRINTOUT            1
 **********
 **********
 **    2 **SET NOWARNINGS 
 **********
 PARAMETER DEFINITIONS:
    NO.   NAME         VALUE      STEP SIZE      LIMITS
     1 A_CBO        9.38904e-03  1.00000e-05     no limits
     2 w_CBO        2.32600e+00  1.00000e-02    2.00000e+00  3.00000e+00
     3 phi_CBO      4.71573e+00  1.00000e-02    0.00000e+00  6.28319e+00
 **********
 **    3 **MIGRAD
 **********
 FIRST CALL TO USER FUNCTION AT NEW START POINT, WITH IFLAG=4.
 START MIGRAD MINIMIZATION.  STRATEGY  1.  CONVERGENCE WHEN EDM .LT. 1.00e-04
 FCN=0.00100805 FROM MIGRAD    STATUS=INITIATE       10 CALLS          11 TOTAL
                     EDM= unknown      STRATEGY= 1      NO ERROR MATRIX       
  EXT PARAMETER               CURRENT GUESS       STEP         FIRST   
  NO.   NAME      VALUE            ERROR          SIZE      DERIVATIVE 
   1  A_CBO        9.38904e-03   1.00000e-05   1.00000e-05   4.71091e-01
   2  w_CBO        2.32600e+00   1.00000e-02   2.13357e-02   8.45499e-03
   3  phi_CBO      4.71573e+00   1.00000e-02   3.67815e-03  -4.12913e-04
 MIGRAD MINIMIZATION HAS CONVERGED.
 MIGRAD WILL VERIFY CONVERGENCE AND ERROR MATRIX.
 FCN=9.96696e-05 FROM MIGRAD    STATUS=CONVERGED      35 CALLS          36 TOTAL
                     EDM=4.1184e-06    STRATEGY= 1      ERR MATRIX NOT POS-DEF
  EXT PARAMETER                APPROXIMATE        STEP         FIRST   
  NO.   NAME      VALUE            ERROR          SIZE      DERIVATIVE 
   1  A_CBO        5.52940e-03   1.29642e-01   6.25252e-05  -6.39875e-05
   2  w_CBO        2.32576e+00   6.49238e-01   1.71996e-04  -5.56683e-03
   3  phi_CBO      4.74096e+00   3.24886e+00   3.27862e-03   2.98125e-04
 EXTERNAL ERROR MATRIX.    NDIM=  25    NPAR=  3    ERR DEF=1
  1.681e-02 -7.174e-02 -8.049e+00 
 -7.174e-02  1.128e+01  1.252e+03 
 -8.049e+00  1.252e+03  1.395e+05 
ERR MATRIX NOT POS-DEF
 PARAMETER  CORRELATION COEFFICIENTS  
       NO.  GLOBAL      1      2      3
        1  0.16712   1.000 -0.165 -0.166
        2  0.99800  -0.165  1.000  0.998
        3  0.99800  -0.166  0.998  1.000
 ERR MATRIX NOT POS-DEF
setting A_CBO=0.005529 w_CBO=2.325755, phi_CBO=4.740961
done fitting cbo isolate
 **********
 **    1 **SET PRINTOUT            1
 **********
 **********
 **    2 **SET NOWARNINGS 
 **********
 PARAMETER DEFINITIONS:
    NO.   NAME         VALUE      STEP SIZE      LIMITS
     1 N0           2.87161e+06  1.00000e+02     no limits
     2 tau          6.44000e+01  constant
     3 A0           3.53296e-01  1.00000e-04     no limits
     4 phi          4.11727e+00  1.00000e-02     no limits
     5 R           -5.94062e+01  constant
     6 A_CBO        5.52940e-03  1.00000e-05     no limits
     7 w_CBO        2.32576e+00  1.00000e-03     no limits
     8 phi_CBO      4.74096e+00  1.00000e-04     no limits
     9 ANx2         6.75162e-04  constant
    10 pNx2         4.60725e+00  constant
    11 ANy1         0.00000e+00  constant
    12 pNy1         0.00000e+00  constant
    13 w_y          0.00000e+00  constant
    14 ANy2         8.91794e-03  1.00000e-04     no limits
    15 pNy2         4.50125e+00  constant
    16 w_vw         1.43005e+01  constant
    17 LM          -1.01507e-04  constant
    18 wCBO_expCoeff   2.00000e+02  1.00000e+00     no limits
    19 wCBO_expOffset   2.00000e+02  1.00000e+00     no limits
    20 wCBO_expT    3.00000e+01  1.00000e+00     no limits
    21 wCBO_linCoeff   0.00000e+00  constant
    22 wCBO_const   0.00000e+00  1.00000e-02     no limits
MINUIT - FIT ONLY WIGGLE
 **********
 **    3 **FIX            5
 **********
 PARAMETER    5  IS CONSTANT.   IGNORED.
 **********
 **    4 **FIX            6
 **********
 **********
 **    5 **FIX            7
 **********
 **********
 **    6 **FIX            8
 **********
 **********
 **    7 **FIX            9
 **********
 PARAMETER    9  IS CONSTANT.   IGNORED.
 **********
 **    8 **FIX           10
 **********
 PARAMETER   10  IS CONSTANT.   IGNORED.
 **********
 **    9 **FIX           11
 **********
 PARAMETER   11  IS CONSTANT.   IGNORED.
 **********
 **   10 **FIX           12
 **********
 PARAMETER   12  IS CONSTANT.   IGNORED.
 **********
 **   11 **FIX           13
 **********
 PARAMETER   13  IS CONSTANT.   IGNORED.
 **********
 **   12 **FIX           14
 **********
 **********
 **   13 **FIX           15
 **********
 PARAMETER   15  IS CONSTANT.   IGNORED.
 **********
 **   14 **FIX           16
 **********
 PARAMETER   16  IS CONSTANT.   IGNORED.
 **********
 **   15 **MIGRAD
 **********
 FIRST CALL TO USER FUNCTION AT NEW START POINT, WITH IFLAG=4.
 START MIGRAD MINIMIZATION.  STRATEGY  1.  CONVERGENCE WHEN EDM .LT. 1.00e-04
 FCN=2760.39 FROM MIGRAD    STATUS=INITIATE       57 CALLS          58 TOTAL
                     EDM= unknown      STRATEGY= 1      NO ERROR MATRIX       
  EXT PARAMETER               CURRENT GUESS       STEP         FIRST   
  NO.   NAME      VALUE            ERROR          SIZE      DERIVATIVE 
   1  N0           2.87161e+06   1.00000e+02   0.00000e+00   2.74607e-03
   2  tau          6.44000e+01   constant   
   3  A0           3.53296e-01   1.00000e-04   0.00000e+00   5.02585e+04
   4  phi          4.11727e+00   1.00000e-02   0.00000e+00  -1.21753e+03
   5  R           -5.94062e+01   constant   
   6  A_CBO        5.52940e-03     fixed    
   7  w_CBO        2.32576e+00     fixed    
   8  phi_CBO      4.74096e+00     fixed    
   9  ANx2         6.75162e-04   constant   
  10  pNx2         4.60725e+00   constant   
  11  ANy1         0.00000e+00   constant   
  12  pNy1         0.00000e+00   constant   
  13  w_y          0.00000e+00   constant   
  14  ANy2         8.91794e-03     fixed    
  15  pNy2         4.50125e+00   constant   
  16  w_vw         1.43005e+01   constant   
  17  LM          -1.01507e-04   constant   
  18  wCBO_expCoeff   2.00001e+02   1.00000e+00   1.45661e-03   2.79055e+05
  19  wCBO_expOffset   2.00000e+02   1.00000e+00   0.00000e+00   1.48851e+06
  20  wCBO_expT    3.00000e+01   1.00000e+00   0.00000e+00  -5.44972e+06
  21  wCBO_linCoeff   0.00000e+00   constant   
  22  wCBO_const   0.00000e+00   1.00000e-02   0.00000e+00   2.88258e+04
 MIGRAD FAILS TO FIND IMPROVEMENT
 FCN=2745.11 FROM HESSE     STATUS=NOT POSDEF     56 CALLS         159 TOTAL
                     EDM=833.786    STRATEGY= 1      ERR MATRIX NOT POS-DEF
  EXT PARAMETER                APPROXIMATE        STEP         FIRST   
  NO.   NAME      VALUE            ERROR          SIZE      DERIVATIVE 
   1  N0           2.87151e+06   3.90410e+02   1.08586e+01   4.61113e-03
   2  tau          6.44000e+01   constant   
   3  A0           3.52947e-01   6.84084e-04   5.13763e-06   3.39320e+04
   4  phi          4.11733e+00   5.65919e-04   1.47755e-05   3.02259e+02
   5  R           -5.94062e+01   constant   
   6  A_CBO        5.52940e-03     fixed    
   7  w_CBO        2.32576e+00     fixed    
   8  phi_CBO      4.74096e+00     fixed    
   9  ANx2         6.75162e-04   constant   
  10  pNx2         4.60725e+00   constant   
  11  ANy1         0.00000e+00   constant   
  12  pNy1         0.00000e+00   constant   
  13  w_y          0.00000e+00   constant   
  14  ANy2         8.91794e-03     fixed    
  15  pNy2         4.50125e+00   constant   
  16  w_vw         1.43005e+01   constant   
  17  LM          -1.01507e-04   constant   
  18  wCBO_expCoeff   2.00001e+02   1.53817e-04   9.53681e-05  -4.33386e+05
  19  wCBO_expOffset   2.00000e+02   3.07825e-05   9.53674e-05  -2.80422e+06
  20  wCBO_expT    3.00000e+01   6.30238e-06   1.43051e-05   1.10259e+07
  21  wCBO_linCoeff   0.00000e+00   constant   
  22  wCBO_const  -2.87053e-04   1.67579e-03   6.48997e-06  -2.58407e+03
 MIGRAD FAILS TO FIND IMPROVEMENT
 MIGRAD TERMINATED WITHOUT CONVERGENCE.
 FCN=2664.14 FROM MIGRAD    STATUS=FAILED        240 CALLS         241 TOTAL
                     EDM=195.166    STRATEGY= 1      ERR MATRIX NOT POS-DEF
  EXT PARAMETER                APPROXIMATE        STEP         FIRST   
  NO.   NAME      VALUE            ERROR          SIZE      DERIVATIVE 
   1  N0           2.87064e+06   3.90132e+02  -0.00000e+00  -3.09967e-03
   2  tau          6.44000e+01   constant   
   3  A0           3.51652e-01   2.20460e-04  -0.00000e+00  -2.89841e+04
   4  phi          4.11696e+00   5.31635e-04  -0.00000e+00   1.33527e+03
   5  R           -5.94062e+01   constant   
   6  A_CBO        5.52940e-03     fixed    
   7  w_CBO        2.32576e+00     fixed    
   8  phi_CBO      4.74096e+00     fixed    
   9  ANx2         6.75162e-04   constant   
  10  pNx2         4.60725e+00   constant   
  11  ANy1         0.00000e+00   constant   
  12  pNy1         0.00000e+00   constant   
  13  w_y          0.00000e+00   constant   
  14  ANy2         8.91794e-03     fixed    
  15  pNy2         4.50125e+00   constant   
  16  w_vw         1.43005e+01   constant   
  17  LM          -1.01507e-04   constant   
  18  wCBO_expCoeff   2.00002e+02   9.80296e-05   0.00000e+00  -8.06175e+05
  19  wCBO_expOffset   2.00000e+02   4.38591e-06  -0.00000e+00   1.96895e+06
  20  wCBO_expT    3.00000e+01   8.91958e-07  -0.00000e+00   1.19172e+07
  21  wCBO_linCoeff   0.00000e+00   constant   
  22  wCBO_const  -8.58163e-03   2.05013e-03  -0.00000e+00  -2.94509e+04
 EXTERNAL ERROR MATRIX.    NDIM=  25    NPAR=  7    ERR DEF=1
  1.522e+05  1.079e-02  1.633e-02 -6.639e-03  4.483e-04  7.280e-05  1.502e-01 
  1.079e-02  4.860e-08  1.024e-08 -8.816e-09  5.491e-10  1.091e-10  1.990e-07 
  1.633e-02  1.024e-08  2.826e-07 -8.816e-09  3.831e-10  4.900e-11  1.998e-07 
 -6.639e-03 -8.816e-09 -8.816e-09  9.610e-09 -3.658e-10 -3.049e-11 -1.990e-07 
  4.483e-04  5.491e-10  3.831e-10 -3.658e-10  1.924e-11  2.768e-12  8.107e-09 
  7.280e-05  1.091e-10  4.900e-11 -3.049e-11  2.768e-12  7.956e-13  8.608e-10 
  1.502e-01  1.990e-07  1.998e-07 -1.990e-07  8.107e-09  8.608e-10  4.203e-06 
ERR MATRIX NOT POS-DEF
 PARAMETER  CORRELATION COEFFICIENTS  
       NO.  GLOBAL      1      3      4     18     19     20     22
        1  0.42519   1.000  0.125  0.079 -0.174  0.262  0.209  0.188
        3  0.88402   0.125  1.000  0.087 -0.408  0.568  0.555  0.440
        4  0.45520   0.079  0.087  1.000 -0.169  0.164  0.103  0.183
       18  0.99975  -0.174 -0.408 -0.169  1.000 -0.851 -0.349 -0.990
       19  0.96163   0.262  0.568  0.164 -0.851  1.000  0.708  0.902
       20  0.99108   0.209  0.555  0.103 -0.349  0.708  1.000  0.471
       22  0.99978   0.188  0.440  0.183 -0.990  0.902  0.471  1.000
 ERR MATRIX NOT POS-DEF
MINUIT - FIT ONLY 1-CBO + other amplitudes 
 **********
 **   16 **RES 
 **********
                   PARAMETER   14  ANy2 RESTORED TO VARIABLE.
                   PARAMETER    8  phi_CBO RESTORED TO VARIABLE.
                   PARAMETER    7  w_CBO RESTORED TO VARIABLE.
                   PARAMETER    6  A_CBO RESTORED TO VARIABLE.
 **********
 **   17 **FIX            0
 **********
 PARAMETER    0  IS UNDEFINED. IGNORED.
 **********
 **   18 **FIX            1
 **********
 **********
 **   19 **FIX            2
 **********
 PARAMETER    2  IS CONSTANT.   IGNORED.
 **********
 **   20 **FIX            3
 **********
 **********
 **   21 **FIX            4
 **********
 **********
 **   22 **FIX            9
 **********
 PARAMETER    9  IS CONSTANT.   IGNORED.
 **********
 **   23 **FIX           11
 **********
 PARAMETER   11  IS CONSTANT.   IGNORED.
 **********
 **   24 **FIX           12
 **********
 PARAMETER   12  IS CONSTANT.   IGNORED.
 **********
 **   25 **FIX           14
 **********
 **********
 **   26 **FIX           15
 **********
 PARAMETER   15  IS CONSTANT.   IGNORED.
 **********
 **   27 **FIX           16
 **********
 PARAMETER   16  IS CONSTANT.   IGNORED.
 **********
 **   28 **MIGRAD
 **********
 START MIGRAD MINIMIZATION.  STRATEGY  1.  CONVERGENCE WHEN EDM .LT. 1.00e-04
 FCN=2664.14 FROM MIGRAD    STATUS=INITIATE       22 CALLS         263 TOTAL
                     EDM= unknown      STRATEGY= 1      NO ERROR MATRIX       
  EXT PARAMETER               CURRENT GUESS       STEP         FIRST   
  NO.   NAME      VALUE            ERROR          SIZE      DERIVATIVE 
   1  N0           2.87064e+06     fixed    
   2  tau          6.44000e+01   constant   
   3  A0           3.51652e-01     fixed    
   4  phi          4.11696e+00     fixed    
   5  R           -5.94062e+01   constant   
   6  A_CBO        5.52940e-03   1.00000e-05   1.00000e-05   1.41357e+05
   7  w_CBO        2.32576e+00   1.00000e-03   1.00000e-03  -6.93395e+07
   8  phi_CBO      4.74096e+00   1.00000e-04   1.00000e-04   1.33183e+02
   9  ANx2         6.75162e-04   constant   
  10  pNx2         4.60725e+00   constant   
  11  ANy1         0.00000e+00   constant   
  12  pNy1         0.00000e+00   constant   
  13  w_y          0.00000e+00   constant   
  14  ANy2         8.91794e-03     fixed    
  15  pNy2         4.50125e+00   constant   
  16  w_vw         1.43005e+01   constant   
  17  LM          -1.01507e-04   constant   
  18  wCBO_expCoeff   2.00002e+02   9.80296e-05   0.00000e+00  -8.06175e+05
  19  wCBO_expOffset   2.00000e+02   4.38591e-06  -0.00000e+00   1.96895e+06
  20  wCBO_expT    3.00000e+01   8.91958e-07  -0.00000e+00   1.19172e+07
  21  wCBO_linCoeff   0.00000e+00   constant   
  22  wCBO_const  -8.58163e-03   2.05013e-03  -0.00000e+00  -2.94509e+04
 MIGRAD FAILS TO FIND IMPROVEMENT
 FCN=2424.47 FROM HESSE     STATUS=NOT POSDEF     58 CALLS         967 TOTAL
                     EDM=461.76    STRATEGY= 1      ERR MATRIX NOT POS-DEF
  EXT PARAMETER                APPROXIMATE        STEP         FIRST   
  NO.   NAME      VALUE            ERROR          SIZE      DERIVATIVE 
   1  N0           2.87064e+06     fixed    
   2  tau          6.44000e+01   constant   
   3  A0           3.51652e-01     fixed    
   4  phi          4.11696e+00     fixed    
   5  R           -5.94062e+01   constant   
   6  A_CBO        2.33363e-03   1.59159e-03   5.13882e-06  -8.96142e+02
   7  w_CBO        2.32576e+00   8.21174e-07   1.10901e-06  -1.90779e+07
   8  phi_CBO      4.77756e+00   9.37183e-02   2.11314e-03  -6.48417e+00
   9  ANx2         6.75162e-04   constant   
  10  pNx2         4.60725e+00   constant   
  11  ANy1         0.00000e+00   constant   
  12  pNy1         0.00000e+00   constant   
  13  w_y          0.00000e+00   constant   
  14  ANy2         8.91794e-03     fixed    
  15  pNy2         4.50125e+00   constant   
  16  w_vw         1.43005e+01   constant   
  17  LM          -1.01507e-04   constant   
  18  wCBO_expCoeff   2.00002e+02   7.05940e-05   9.53683e-05  -2.21816e+05
  19  wCBO_expOffset   2.00000e+02   3.39135e-05   9.53674e-05  -1.40917e+06
  20  wCBO_expT    3.00000e+01   6.90623e-06   1.43051e-05   4.89149e+06
  21  wCBO_linCoeff   0.00000e+00   constant   
  22  wCBO_const  -8.00556e-03   4.26202e-04   1.10441e-05  -7.10409e+03
 CALL LIMIT EXCEEDED IN MIGRAD.
 MIGRAD TERMINATED WITHOUT CONVERGENCE.
 FCN=2370.1 FROM MIGRAD    STATUS=CALL LIMIT   1150 CALLS        1391 TOTAL
                     EDM=22.6079    STRATEGY= 1      ERR MATRIX NOT POS-DEF
  EXT PARAMETER                APPROXIMATE        STEP         FIRST   
  NO.   NAME      VALUE            ERROR          SIZE      DERIVATIVE 
   1  N0           2.87064e+06     fixed    
   2  tau          6.44000e+01   constant   
   3  A0           3.51652e-01     fixed    
   4  phi          4.11696e+00     fixed    
   5  R           -5.94062e+01   constant   
   6  A_CBO        2.81376e-03   2.42262e-04   2.44022e-08   1.17839e+04
   7  w_CBO        2.32576e+00   2.55000e-07  -6.35917e-11  -1.84905e+07
   8  phi_CBO      6.44970e+00   1.65442e-01  -1.41453e-04   6.08944e+01
   9  ANx2         6.75162e-04   constant   
  10  pNx2         4.60725e+00   constant   
  11  ANy1         0.00000e+00   constant   
  12  pNy1         0.00000e+00   constant   
  13  w_y          0.00000e+00   constant   
  14  ANy2         8.91794e-03     fixed    
  15  pNy2         4.50125e+00   constant   
  16  w_vw         1.43005e+01   constant   
  17  LM          -1.01507e-04   constant   
  18  wCBO_expCoeff   2.00002e+02   2.19321e-05  -5.46692e-09  -2.14986e+05
  19  wCBO_expOffset   2.00000e+02   6.45743e-06  -4.92014e-09   5.31014e+05
  20  wCBO_expT    3.00000e+01   1.55339e-06  -9.55247e-10   3.72378e+06
  21  wCBO_linCoeff   0.00000e+00   constant   
  22  wCBO_const  -7.86032e-03   5.40261e-04  -3.93366e-07  -8.21929e+03
 EXTERNAL ERROR MATRIX.    NDIM=  25    NPAR=  7    ERR DEF=1
  5.869e-08 -1.051e-11  3.545e-06 -9.016e-10 -8.510e-10 -2.597e-10  1.496e-08 
 -1.051e-11  6.502e-14  1.165e-08 -1.952e-12  4.514e-13  1.220e-13 -1.625e-11 
  3.545e-06  1.165e-08  2.737e-02  1.002e-06  5.879e-07  9.162e-08  6.082e-05 
 -9.016e-10 -1.952e-12  1.002e-06  4.810e-10  3.878e-11  1.048e-11 -1.398e-09 
 -8.510e-10  4.514e-13  5.879e-07  3.878e-11  4.170e-11  9.052e-12  1.788e-09 
 -2.597e-10  1.220e-13  9.162e-08  1.048e-11  9.052e-12  2.413e-12  2.545e-10 
  1.496e-08 -1.625e-11  6.082e-05 -1.398e-09  1.788e-09  2.545e-10  2.919e-07 
ERR MATRIX NOT POS-DEF
 PARAMETER  CORRELATION COEFFICIENTS  
       NO.  GLOBAL      6      7      8     18     19     20     22
        6  0.96758   1.000 -0.170  0.088 -0.170 -0.544 -0.690  0.114
        7  0.99791  -0.170  1.000  0.276 -0.349  0.274  0.308 -0.118
        8  0.99824   0.088  0.276  1.000  0.276  0.550  0.357  0.680
       18  0.99791  -0.170 -0.349  0.276  1.000  0.274  0.308 -0.118
       19  0.96804  -0.544  0.274  0.550  0.274  1.000  0.902  0.513
       20  0.99507  -0.690  0.308  0.357  0.308  0.902  1.000  0.303
       22  0.99873   0.114 -0.118  0.680 -0.118  0.513  0.303  1.000
 ERR MATRIX NOT POS-DEF
MINUIT - FIT ONLY 1-CBO
 **********
 **   29 **RES 
 **********
                   PARAMETER   14  ANy2 RESTORED TO VARIABLE.
                   PARAMETER    4  phi RESTORED TO VARIABLE.
                   PARAMETER    3  A0 RESTORED TO VARIABLE.
                   PARAMETER    1  N0 RESTORED TO VARIABLE.
 **********
 **   30 **FIX            0
 **********
 PARAMETER    0  IS UNDEFINED. IGNORED.
 **********
 **   31 **FIX            1
 **********
 **********
 **   32 **FIX            2
 **********
 PARAMETER    2  IS CONSTANT.   IGNORED.
 **********
 **   33 **FIX            3
 **********
 **********
 **   34 **FIX            4
 **********
 **********
 **   35 **FIX            8
 **********
 **********
 **   36 **FIX            9
 **********
 PARAMETER    9  IS CONSTANT.   IGNORED.
 **********
 **   37 **FIX           11
 **********
 PARAMETER   11  IS CONSTANT.   IGNORED.
 **********
 **   38 **FIX           12
 **********
 PARAMETER   12  IS CONSTANT.   IGNORED.
 **********
 **   39 **FIX           13
 **********
 PARAMETER   13  IS CONSTANT.   IGNORED.
 **********
 **   40 **FIX           15
 **********
 PARAMETER   15  IS CONSTANT.   IGNORED.
 **********
 **   41 **FIX           16
 **********
 PARAMETER   16  IS CONSTANT.   IGNORED.
 **********
 **   42 **MIGRAD
 **********
 START MIGRAD MINIMIZATION.  STRATEGY  1.  CONVERGENCE WHEN EDM .LT. 1.00e-04
 FCN=2370.1 FROM MIGRAD    STATUS=INITIATE       16 CALLS        1407 TOTAL
                     EDM= unknown      STRATEGY= 1      NO ERROR MATRIX       
  EXT PARAMETER               CURRENT GUESS       STEP         FIRST   
  NO.   NAME      VALUE            ERROR          SIZE      DERIVATIVE 
   1  N0           2.87064e+06     fixed    
   2  tau          6.44000e+01   constant   
   3  A0           3.51652e-01     fixed    
   4  phi          4.11696e+00     fixed    
   5  R           -5.94062e+01   constant   
   6  A_CBO        2.81376e-03   2.42262e-04   2.44022e-08   1.17839e+04
   7  w_CBO        2.32576e+00   2.55000e-07  -6.35917e-11  -1.84905e+07
   8  phi_CBO      6.44970e+00     fixed    
   9  ANx2         6.75162e-04   constant   
  10  pNx2         4.60725e+00   constant   
  11  ANy1         0.00000e+00   constant   
  12  pNy1         0.00000e+00   constant   
  13  w_y          0.00000e+00   constant   
  14  ANy2         8.91794e-03   1.00000e-04   1.00000e-04   3.84353e+05
  15  pNy2         4.50125e+00   constant   
  16  w_vw         1.43005e+01   constant   
  17  LM          -1.01507e-04   constant   
  18  wCBO_expCoeff   2.00002e+02   2.19321e-05  -5.46692e-09  -2.14986e+05
  19  wCBO_expOffset   2.00000e+02   6.45743e-06  -4.92014e-09   5.31014e+05
  20  wCBO_expT    3.00000e+01   1.55339e-06  -9.55247e-10   3.72378e+06
  21  wCBO_linCoeff   0.00000e+00   constant   
  22  wCBO_const  -7.86032e-03   5.40261e-04  -3.93366e-07  -8.21929e+03
 MIGRAD FAILS TO FIND IMPROVEMENT
 FCN=733.806 FROM HESSE     STATUS=NOT POSDEF     58 CALLS        1578 TOTAL
                     EDM=0.813021    STRATEGY= 1      ERR MATRIX NOT POS-DEF
  EXT PARAMETER                APPROXIMATE        STEP         FIRST   
  NO.   NAME      VALUE            ERROR          SIZE      DERIVATIVE 
   1  N0           2.87064e+06     fixed    
   2  tau          6.44000e+01   constant   
   3  A0           3.51652e-01     fixed    
   4  phi          4.11696e+00     fixed    
   5  R           -5.94062e+01   constant   
   6  A_CBO        1.82048e-03   1.90570e-03   2.78953e-06   4.13509e+03
   7  w_CBO        2.32576e+00   1.20154e-06   1.10901e-06  -1.94261e+06
   8  phi_CBO      6.44970e+00     fixed    
   9  ANx2         6.75162e-04   constant   
  10  pNx2         4.60725e+00   constant   
  11  ANy1         0.00000e+00   constant   
  12  pNy1         0.00000e+00   constant   
  13  w_y          0.00000e+00   constant   
  14  ANy2         4.42016e-04   3.85409e-04   2.76257e-06   3.42104e-02
  15  pNy2         4.50125e+00   constant   
  16  w_vw         1.43005e+01   constant   
  17  LM          -1.01507e-04   constant   
  18  wCBO_expCoeff   2.00002e+02   1.03318e-04   9.53684e-05  -2.25836e+04
  19  wCBO_expOffset   2.00000e+02   5.15506e-05   9.53674e-05   8.45300e+04
  20  wCBO_expT    3.00000e+01   1.10393e-05   1.43051e-05   4.17853e+05
  21  wCBO_linCoeff   0.00000e+00   constant   
  22  wCBO_const  -6.64466e-03   1.50490e-03   5.44308e-06  -1.28749e+03
 MIGRAD FAILS TO FIND IMPROVEMENT
 MIGRAD TERMINATED WITHOUT CONVERGENCE.
 FCN=733.601 FROM MIGRAD    STATUS=FAILED        369 CALLS        1760 TOTAL
                     EDM=1.38448    STRATEGY= 1      ERR MATRIX NOT POS-DEF
  EXT PARAMETER                APPROXIMATE        STEP         FIRST   
  NO.   NAME      VALUE            ERROR          SIZE      DERIVATIVE 
   1  N0           2.87064e+06     fixed    
   2  tau          6.44000e+01   constant   
   3  A0           3.51652e-01     fixed    
   4  phi          4.11696e+00     fixed    
   5  R           -5.94062e+01   constant   
   6  A_CBO        1.76636e-03   4.99000e-04   0.00000e+00   1.67237e+03
   7  w_CBO        2.32576e+00   3.88089e-07  -0.00000e+00   8.81114e+05
   8  phi_CBO      6.44970e+00     fixed    
   9  ANx2         6.75162e-04   constant   
  10  pNx2         4.60725e+00   constant   
  11  ANy1         0.00000e+00   constant   
  12  pNy1         0.00000e+00   constant   
  13  w_y          0.00000e+00   constant   
  14  ANy2         4.33942e-04   1.89649e-04   0.00000e+00  -1.19785e+02
  15  pNy2         4.50125e+00   constant   
  16  w_vw         1.43005e+01   constant   
  17  LM          -1.01507e-04   constant   
  18  wCBO_expCoeff   2.00002e+02   3.33679e-05  -0.00000e+00   1.02402e+04
  19  wCBO_expOffset   2.00000e+02   2.31656e-05  -0.00000e+00   1.39841e+05
  20  wCBO_expT    3.00000e+01   3.94088e-06  -0.00000e+00  -2.30711e+05
  21  wCBO_linCoeff   0.00000e+00   constant   
  22  wCBO_const  -6.67007e-03   9.08726e-04   0.00000e+00   1.41941e+02
 EXTERNAL ERROR MATRIX.    NDIM=  25    NPAR=  7    ERR DEF=1
  2.490e-07 -1.612e-10  5.643e-08 -1.386e-08 -1.095e-08 -1.879e-09  4.118e-07 
 -1.612e-10  1.506e-13 -3.977e-11  8.988e-12  7.819e-12  1.332e-12 -3.203e-10 
  5.643e-08 -3.977e-11  3.597e-08 -3.419e-09 -2.705e-09 -4.580e-10  1.007e-07 
 -1.386e-08  8.988e-12 -3.419e-09  1.113e-09  6.722e-10  1.145e-10 -2.754e-08 
 -1.095e-08  7.819e-12 -2.705e-09  6.722e-10  5.366e-10  8.811e-11 -1.933e-08 
 -1.879e-09  1.332e-12 -4.580e-10  1.145e-10  8.811e-11  1.553e-11 -3.257e-09 
  4.118e-07 -3.203e-10  1.007e-07 -2.754e-08 -1.933e-08 -3.257e-09  8.258e-07 
ERR MATRIX NOT POS-DEF
 PARAMETER  CORRELATION COEFFICIENTS  
       NO.  GLOBAL      6      7     14     18     19     20     22
        6  0.99775   1.000 -0.832  0.596 -0.832 -0.947 -0.956  0.908
        7  0.99875  -0.832  1.000 -0.540  0.694  0.870  0.871 -0.908
       14  0.74500   0.596 -0.540  1.000 -0.540 -0.616 -0.613  0.584
       18  0.99875  -0.832  0.694 -0.540  1.000  0.870  0.871 -0.908
       19  0.98956  -0.947  0.870 -0.616  0.870  1.000  0.965 -0.918
       20  0.99845  -0.956  0.871 -0.613  0.871  0.965  1.000 -0.910
       22  0.99941   0.908 -0.908  0.584 -0.908 -0.918 -0.910  1.000
 ERR MATRIX NOT POS-DEF
MINUIT - FIT ONLY 2-CBO
 **********
 **   43 **RES 
 **********
                   PARAMETER    8  phi_CBO RESTORED TO VARIABLE.
                   PARAMETER    4  phi RESTORED TO VARIABLE.
                   PARAMETER    3  A0 RESTORED TO VARIABLE.
                   PARAMETER    1  N0 RESTORED TO VARIABLE.
 **********
 **   44 **FIX            0
 **********
 PARAMETER    0  IS UNDEFINED. IGNORED.
 **********
 **   45 **FIX            1
 **********
 **********
 **   46 **FIX            2
 **********
 PARAMETER    2  IS CONSTANT.   IGNORED.
 **********
 **   47 **FIX            3
 **********
 **********
 **   48 **FIX            4
 **********
 **********
 **   49 **FIX            5
 **********
 PARAMETER    5  IS CONSTANT.   IGNORED.
 **********
 **   50 **FIX            6
 **********
 **********
 **   51 **FIX            7
 **********
 **********
 **   52 **FIX           10
 **********
 PARAMETER   10  IS CONSTANT.   IGNORED.
 **********
 **   53 **FIX           11
 **********
 PARAMETER   11  IS CONSTANT.   IGNORED.
 **********
 **   54 **FIX           12
 **********
 PARAMETER   12  IS CONSTANT.   IGNORED.
 **********
 **   55 **FIX           13
 **********
 PARAMETER   13  IS CONSTANT.   IGNORED.
 **********
 **   56 **FIX           14
 **********
 **********
 **   57 **FIX           15
 **********
 PARAMETER   15  IS CONSTANT.   IGNORED.
 **********
 **   58 **FIX           16
 **********
 PARAMETER   16  IS CONSTANT.   IGNORED.
 **********
 **   59 **MIGRAD
 **********
 START MIGRAD MINIMIZATION.  STRATEGY  1.  CONVERGENCE WHEN EDM .LT. 1.00e-04
 FCN=733.601 FROM MIGRAD    STATUS=INITIATE       12 CALLS        1772 TOTAL
                     EDM= unknown      STRATEGY= 1      NO ERROR MATRIX       
  EXT PARAMETER               CURRENT GUESS       STEP         FIRST   
  NO.   NAME      VALUE            ERROR          SIZE      DERIVATIVE 
   1  N0           2.87064e+06     fixed    
   2  tau          6.44000e+01   constant   
   3  A0           3.51652e-01     fixed    
   4  phi          4.11696e+00     fixed    
   5  R           -5.94062e+01   constant   
   6  A_CBO        1.76636e-03     fixed    
   7  w_CBO        2.32576e+00     fixed    
   8  phi_CBO      6.44970e+00   1.65442e-01   1.65442e-01  -4.07486e+00
   9  ANx2         6.75162e-04   constant   
  10  pNx2         4.60725e+00   constant   
  11  ANy1         0.00000e+00   constant   
  12  pNy1         0.00000e+00   constant   
  13  w_y          0.00000e+00   constant   
  14  ANy2         4.33942e-04     fixed    
  15  pNy2         4.50125e+00   constant   
  16  w_vw         1.43005e+01   constant   
  17  LM          -1.01507e-04   constant   
  18  wCBO_expCoeff   2.00002e+02   3.33679e-05  -0.00000e+00   1.02402e+04
  19  wCBO_expOffset   2.00000e+02   2.31656e-05  -0.00000e+00   1.39841e+05
  20  wCBO_expT    3.00000e+01   3.94088e-06  -0.00000e+00  -2.30711e+05
  21  wCBO_linCoeff   0.00000e+00   constant   
  22  wCBO_const  -6.67007e-03   9.08726e-04   0.00000e+00   1.41942e+02
 MIGRAD FAILS TO FIND IMPROVEMENT
 FCN=733.594 FROM HESSE     STATUS=NOT POSDEF     37 CALLS        1832 TOTAL
                     EDM=11.4875    STRATEGY= 1      ERR MATRIX NOT POS-DEF
  EXT PARAMETER                APPROXIMATE        STEP         FIRST   
  NO.   NAME      VALUE            ERROR          SIZE      DERIVATIVE 
   1  N0           2.87064e+06     fixed    
   2  tau          6.44000e+01   constant   
   3  A0           3.51652e-01     fixed    
   4  phi          4.11696e+00     fixed    
   5  R           -5.94062e+01   constant   
   6  A_CBO        1.76636e-03     fixed    
   7  w_CBO        2.32576e+00     fixed    
   8  phi_CBO      6.45344e+00   4.19319e-01   1.57726e-03  -1.43047e+00
   9  ANx2         6.75162e-04   constant   
  10  pNx2         4.60725e+00   constant   
  11  ANy1         0.00000e+00   constant   
  12  pNy1         0.00000e+00   constant   
  13  w_y          0.00000e+00   constant   
  14  ANy2         4.33942e-04     fixed    
  15  pNy2         4.50125e+00   constant   
  16  w_vw         1.43005e+01   constant   
  17  LM          -1.01507e-04   constant   
  18  wCBO_expCoeff   2.00002e+02   2.15503e-04   9.53684e-05  -9.89206e+03
  19  wCBO_expOffset   2.00000e+02   4.12007e-05   9.53674e-05   1.05464e+05
  20  wCBO_expT    3.00000e+01   1.07201e-05   1.43051e-05   1.61889e+05
  21  wCBO_linCoeff   0.00000e+00   constant   
  22  wCBO_const  -6.67162e-03   3.39093e-03   5.45035e-06  -6.77792e+02
 MIGRAD FAILS TO FIND IMPROVEMENT
 MIGRAD TERMINATED WITHOUT CONVERGENCE.
 FCN=733.594 FROM MIGRAD    STATUS=FAILED         83 CALLS        1843 TOTAL
                     EDM=11.4875    STRATEGY= 1      ERR MATRIX NOT POS-DEF
  EXT PARAMETER                APPROXIMATE        STEP         FIRST   
  NO.   NAME      VALUE            ERROR          SIZE      DERIVATIVE 
   1  N0           2.87064e+06     fixed    
   2  tau          6.44000e+01   constant   
   3  A0           3.51652e-01     fixed    
   4  phi          4.11696e+00     fixed    
   5  R           -5.94062e+01   constant   
   6  A_CBO        1.76636e-03     fixed    
   7  w_CBO        2.32576e+00     fixed    
   8  phi_CBO      6.45344e+00   4.19319e-01   0.00000e+00  -1.43047e+00
   9  ANx2         6.75162e-04   constant   
  10  pNx2         4.60725e+00   constant   
  11  ANy1         0.00000e+00   constant   
  12  pNy1         0.00000e+00   constant   
  13  w_y          0.00000e+00   constant   
  14  ANy2         4.33942e-04     fixed    
  15  pNy2         4.50125e+00   constant   
  16  w_vw         1.43005e+01   constant   
  17  LM          -1.01507e-04   constant   
  18  wCBO_expCoeff   2.00002e+02   2.15503e-04  -0.00000e+00  -9.89206e+03
  19  wCBO_expOffset   2.00000e+02   4.12007e-05  -0.00000e+00   1.05464e+05
  20  wCBO_expT    3.00000e+01   1.07201e-05  -0.00000e+00   1.61889e+05
  21  wCBO_linCoeff   0.00000e+00   constant   
  22  wCBO_const  -6.67162e-03   3.39093e-03   0.00000e+00  -6.77792e+02
 EXTERNAL ERROR MATRIX.    NDIM=  25    NPAR=  5    ERR DEF=1
  1.758e-01 -7.951e-05 -1.553e-05 -4.085e-06  1.318e-03 
 -7.951e-05  4.644e-08  8.753e-09  2.280e-09 -7.195e-07 
 -1.553e-05  8.753e-09  1.698e-09  4.374e-10 -1.362e-07 
 -4.085e-06  2.280e-09  4.374e-10  1.149e-10 -3.549e-08 
  1.318e-03 -7.195e-07 -1.362e-07 -3.549e-08  1.150e-05 
ERR MATRIX NOT POS-DEF
 PARAMETER  CORRELATION COEFFICIENTS  
       NO.  GLOBAL      8     18     19     20     22
        8  0.96598   1.000 -0.880 -0.899 -0.909  0.927
       18  0.99627  -0.880  1.000  0.986  0.987 -0.985
       19  0.99181  -0.899  0.986  1.000  0.990 -0.975
       20  0.99427  -0.909  0.987  0.990  1.000 -0.976
       22  0.99384   0.927 -0.985 -0.975 -0.976  1.000
 ERR MATRIX NOT POS-DEF
MINUIT - FIT ONLY 1-y
 **********
 **   60 **RES 
 **********
                   PARAMETER   14  ANy2 RESTORED TO VARIABLE.
                   PARAMETER    7  w_CBO RESTORED TO VARIABLE.
                   PARAMETER    6  A_CBO RESTORED TO VARIABLE.
                   PARAMETER    4  phi RESTORED TO VARIABLE.
                   PARAMETER    3  A0 RESTORED TO VARIABLE.
                   PARAMETER    1  N0 RESTORED TO VARIABLE.
 **********
 **   61 **FIX            0
 **********
 PARAMETER    0  IS UNDEFINED. IGNORED.
 **********
 **   62 **FIX            1
 **********
 **********
 **   63 **FIX            2
 **********
 PARAMETER    2  IS CONSTANT.   IGNORED.
 **********
 **   64 **FIX            3
 **********
 **********
 **   65 **FIX            4
 **********
 **********
 **   66 **FIX            5
 **********
 PARAMETER    5  IS CONSTANT.   IGNORED.
 **********
 **   67 **FIX            6
 **********
 **********
 **   68 **FIX            7
 **********
 **********
 **   69 **FIX            8
 **********
 **********
 **   70 **FIX            9
 **********
 PARAMETER    9  IS CONSTANT.   IGNORED.
 **********
 **   71 **FIX           13
 **********
 PARAMETER   13  IS CONSTANT.   IGNORED.
 **********
 **   72 **FIX           14
 **********
 **********
 **   73 **FIX           15
 **********
 PARAMETER   15  IS CONSTANT.   IGNORED.
 **********
 **   74 **FIX           16
 **********
 PARAMETER   16  IS CONSTANT.   IGNORED.
 **********
 **   75 **MIGRAD
 **********
 START MIGRAD MINIMIZATION.  STRATEGY  1.  CONVERGENCE WHEN EDM .LT. 1.00e-04
 FCN=733.594 FROM MIGRAD    STATUS=INITIATE        8 CALLS        1851 TOTAL
                     EDM= unknown      STRATEGY= 1      NO ERROR MATRIX       
  EXT PARAMETER               CURRENT GUESS       STEP         FIRST   
  NO.   NAME      VALUE            ERROR          SIZE      DERIVATIVE 
   1  N0           2.87064e+06     fixed    
   2  tau          6.44000e+01   constant   
   3  A0           3.51652e-01     fixed    
   4  phi          4.11696e+00     fixed    
   5  R           -5.94062e+01   constant   
   6  A_CBO        1.76636e-03     fixed    
   7  w_CBO        2.32576e+00     fixed    
   8  phi_CBO      6.45344e+00     fixed    
   9  ANx2         6.75162e-04   constant   
  10  pNx2         4.60725e+00   constant   
  11  ANy1         0.00000e+00   constant   
  12  pNy1         0.00000e+00   constant   
  13  w_y          0.00000e+00   constant   
  14  ANy2         4.33942e-04     fixed    
  15  pNy2         4.50125e+00   constant   
  16  w_vw         1.43005e+01   constant   
  17  LM          -1.01507e-04   constant   
  18  wCBO_expCoeff   2.00002e+02   2.15503e-04  -0.00000e+00  -5.26987e+03
  19  wCBO_expOffset   2.00000e+02   4.12007e-05  -0.00000e+00   1.40136e+05
  20  wCBO_expT    3.00000e+01   1.07201e-05  -0.00000e+00  -9.90184e+04
  21  wCBO_linCoeff   0.00000e+00   constant   
  22  wCBO_const  -6.67162e-03   3.39093e-03   0.00000e+00  -6.77784e+02
 MIGRAD FAILS TO FIND IMPROVEMENT
 FCN=733.594 FROM HESSE     STATUS=NOT POSDEF     29 CALLS        1891 TOTAL
                     EDM=10.6672    STRATEGY= 1      ERR MATRIX NOT POS-DEF
  EXT PARAMETER                APPROXIMATE        STEP         FIRST   
  NO.   NAME      VALUE            ERROR          SIZE      DERIVATIVE 
   1  N0           2.87064e+06     fixed    
   2  tau          6.44000e+01   constant   
   3  A0           3.51652e-01     fixed    
   4  phi          4.11696e+00     fixed    
   5  R           -5.94062e+01   constant   
   6  A_CBO        1.76636e-03     fixed    
   7  w_CBO        2.32576e+00     fixed    
   8  phi_CBO      6.45344e+00     fixed    
   9  ANx2         6.75162e-04   constant   
  10  pNx2         4.60725e+00   constant   
  11  ANy1         0.00000e+00   constant   
  12  pNy1         0.00000e+00   constant   
  13  w_y          0.00000e+00   constant   
  14  ANy2         4.33942e-04     fixed    
  15  pNy2         4.50125e+00   constant   
  16  w_vw         1.43005e+01   constant   
  17  LM          -1.01507e-04   constant   
  18  wCBO_expCoeff   2.00002e+02   2.83055e-04   9.53684e-05  -9.89206e+03
  19  wCBO_expOffset   2.00000e+02   4.85277e-05   9.53674e-05   1.05464e+05
  20  wCBO_expT    3.00000e+01   1.20888e-05   1.43051e-05   1.61889e+05
  21  wCBO_linCoeff   0.00000e+00   constant   
  22  wCBO_const  -6.67162e-03   3.37068e-03   5.46695e-06  -6.77796e+02
 MIGRAD FAILS TO FIND IMPROVEMENT
 MIGRAD TERMINATED WITHOUT CONVERGENCE.
 FCN=733.594 FROM MIGRAD    STATUS=FAILED         59 CALLS        1902 TOTAL
                     EDM=10.6672    STRATEGY= 1      ERR MATRIX NOT POS-DEF
  EXT PARAMETER                APPROXIMATE        STEP         FIRST   
  NO.   NAME      VALUE            ERROR          SIZE      DERIVATIVE 
   1  N0           2.87064e+06     fixed    
   2  tau          6.44000e+01   constant   
   3  A0           3.51652e-01     fixed    
   4  phi          4.11696e+00     fixed    
   5  R           -5.94062e+01   constant   
   6  A_CBO        1.76636e-03     fixed    
   7  w_CBO        2.32576e+00     fixed    
   8  phi_CBO      6.45344e+00     fixed    
   9  ANx2         6.75162e-04   constant   
  10  pNx2         4.60725e+00   constant   
  11  ANy1         0.00000e+00   constant   
  12  pNy1         0.00000e+00   constant   
  13  w_y          0.00000e+00   constant   
  14  ANy2         4.33942e-04     fixed    
  15  pNy2         4.50125e+00   constant   
  16  w_vw         1.43005e+01   constant   
  17  LM          -1.01507e-04   constant   
  18  wCBO_expCoeff   2.00002e+02   2.83055e-04  -0.00000e+00  -9.89206e+03
  19  wCBO_expOffset   2.00000e+02   4.85277e-05  -0.00000e+00   1.05464e+05
  20  wCBO_expT    3.00000e+01   1.20888e-05  -0.00000e+00   1.61889e+05
  21  wCBO_linCoeff   0.00000e+00   constant   
  22  wCBO_const  -6.67162e-03   3.37068e-03   0.00000e+00  -6.77796e+02
 EXTERNAL ERROR MATRIX.    NDIM=  25    NPAR=  4    ERR DEF=1
  8.012e-08  1.361e-08  3.396e-09 -9.470e-07 
  1.361e-08  2.355e-09  5.825e-10 -1.603e-07 
  3.396e-09  5.825e-10  1.461e-10 -3.990e-08 
 -9.470e-07 -1.603e-07 -3.990e-08  1.136e-05 
ERR MATRIX NOT POS-DEF
 PARAMETER  CORRELATION COEFFICIENTS  
       NO.  GLOBAL     18     19     20     22
       18  0.99781   1.000  0.991  0.992 -0.993
       19  0.99403   0.991  1.000  0.993 -0.980
       20  0.99543   0.992  0.993  1.000 -0.979
       22  0.99368  -0.993 -0.980 -0.979  1.000
 ERR MATRIX NOT POS-DEF
MINUIT - FIT ONLY 2-y
 **********
 **   76 **RES 
 **********
                   PARAMETER   14  ANy2 RESTORED TO VARIABLE.
                   PARAMETER    8  phi_CBO RESTORED TO VARIABLE.
                   PARAMETER    7  w_CBO RESTORED TO VARIABLE.
                   PARAMETER    6  A_CBO RESTORED TO VARIABLE.
                   PARAMETER    4  phi RESTORED TO VARIABLE.
                   PARAMETER    3  A0 RESTORED TO VARIABLE.
                   PARAMETER    1  N0 RESTORED TO VARIABLE.
 **********
 **   77 **FIX            0
