 + ++++++++++++++++++++++++++++++++++++++++++++++++++++++++++++++++++++ +
 +                                                                      +
 +           You have chose to blind your fitting according to          +
 +                omega_ref * (1 + (R +/- deltaR) *10^{-6})             +
 +                                                                      +
 + ++++++++++++++++++++++++++++++++++++++++++++++++++++++++++++++++++++ +
In main()...
reading format from /gm2data/zkhechad/run45/envelope/formats/formatB_sBin_constraintOn.txt
pBinTau 	= 0  
pBinPhi 	= 0  
constraintau 	= 1 
includeMopTerm 	= 0    
constrainMop    = 0   
Parameters after format file: pBinTau 0 pBinPhi 0 constraintau 1 includeMopTerm 0 constrainMop 0 c_e_scale 0.000000 
reading cbo reference file (full fit) from /gm2data/zkhechad/cboTemplates/Run4CBOTemplates/fullFits/run4/sBin_constraintOn_cE0.0_seed0_run4_calo2.root
A_CBO 0.007108 w_CBO 2.327171 phi_CBO 2.947562 N0 3111930.391320 R -60.007933 tau 64.411359 
Reading cboRef file /gm2data/zkhechad/cboTemplates/Run4CBOTemplates//cboIsolate/run4_calo2.root
deltaT 164.120000
windowBins = 1100
fitting sliding window 2040 from bin 2243 at 334.655600 to bin 3343 at 498.775600 (1100 bins)

Reading data from /gm2data/cornell/histograms/aMethod/histogram_a_run4.root
fitting cbo isolate
 **********
 **    1 **SET PRINTOUT            1
 **********
 **********
 **    2 **SET NOWARNINGS 
 **********
 PARAMETER DEFINITIONS:
    NO.   NAME         VALUE      STEP SIZE      LIMITS
     1 A_CBO        7.10761e-03  1.00000e-05     no limits
     2 w_CBO        2.32717e+00  1.00000e-02    2.00000e+00  3.00000e+00
     3 phi_CBO      2.94756e+00  1.00000e-02    0.00000e+00  6.28319e+00
 **********
 **    3 **MIGRAD
 **********
 FIRST CALL TO USER FUNCTION AT NEW START POINT, WITH IFLAG=4.
 START MIGRAD MINIMIZATION.  STRATEGY  1.  CONVERGENCE WHEN EDM .LT. 1.00e-04
 FCN=0.135439 FROM MIGRAD    STATUS=INITIATE       12 CALLS          13 TOTAL
                     EDM= unknown      STRATEGY= 1      NO ERROR MATRIX       
  EXT PARAMETER               CURRENT GUESS       STEP         FIRST   
  NO.   NAME      VALUE            ERROR          SIZE      DERIVATIVE 
   1  A_CBO        7.10761e-03   1.00000e-05   1.00000e-05   5.62226e+00
   2  w_CBO        2.32717e+00   1.00000e-02   2.13160e-02   1.11662e+00
   3  phi_CBO      2.94756e+00   1.00000e-02   3.18919e-03  -1.84254e-02
 MIGRAD MINIMIZATION HAS CONVERGED.
 MIGRAD WILL VERIFY CONVERGENCE AND ERROR MATRIX.
 COVARIANCE MATRIX CALCULATED SUCCESSFULLY
 FCN=0.120809 FROM HESSE     STATUS=OK             16 CALLS          59 TOTAL
                     EDM=0.00011136    STRATEGY= 1      ERROR MATRIX ACCURATE 
  EXT PARAMETER                                   STEP         FIRST   
  NO.   NAME      VALUE            ERROR          SIZE      DERIVATIVE 
   1  A_CBO        2.12610e-03   4.28327e-02   2.19990e-05  -1.67535e-02
   2  w_CBO        2.32684e+00   3.63906e-01   5.38994e-05   8.63997e-03
   3  phi_CBO      3.13683e+00   4.27066e+00   3.47594e-03  -4.99033e-04
 MIGRAD MINIMIZATION HAS CONVERGED.
 FCN=0.120715 FROM MIGRAD    STATUS=CONVERGED      67 CALLS          68 TOTAL
                     EDM=6.82256e-06    STRATEGY= 1  ERROR MATRIX UNCERTAINTY   6.6 per cent
  EXT PARAMETER                                   STEP         FIRST   
  NO.   NAME      VALUE            ERROR          SIZE      DERIVATIVE 
   1  A_CBO        2.17466e-03   4.28375e-02   4.85588e-05  -7.38533e-03
   2  w_CBO        2.33003e+00   3.25710e-01   6.80094e-03   5.27901e-02
   3  phi_CBO      4.48674e+00   4.29090e+00   4.43988e-01  -8.15999e-04
 EXTERNAL ERROR MATRIX.    NDIM=  25    NPAR=  3    ERR DEF=1
  1.835e-03  1.671e-03  6.892e-01 
  1.671e-03  1.295e-01  5.173e+01 
  6.892e-01  5.173e+01  2.098e+04 
 PARAMETER  CORRELATION COEFFICIENTS  
       NO.  GLOBAL      1      2      3
        1  0.11212   1.000  0.108  0.111
        2  0.99257   0.108  1.000  0.993
        3  0.99257   0.111  0.993  1.000
setting A_CBO=0.002175 w_CBO=2.330034, phi_CBO=4.486740
done fitting cbo isolate
 **********
 **    1 **SET PRINTOUT            1
 **********
 **********
 **    2 **SET NOWARNINGS 
 **********
 PARAMETER DEFINITIONS:
    NO.   NAME         VALUE      STEP SIZE      LIMITS
     1 N0           3.11193e+06  1.00000e+02     no limits
     2 tau          6.44114e+01  constant
     3 A0           3.64516e-01  1.00000e-04     no limits
     4 phi          4.11813e+00  1.00000e-02     no limits
     5 R           -6.00079e+01  constant
     6 A_CBO        2.17466e-03  1.00000e-05     no limits
     7 w_CBO        2.33003e+00  1.00000e-03     no limits
     8 phi_CBO      4.48674e+00  1.00000e-04     no limits
     9 ANx2         3.40456e-04  constant
    10 pNx2         3.19484e+00  constant
    11 ANy1         0.00000e+00  constant
    12 pNy1         0.00000e+00  constant
    13 w_y          0.00000e+00  constant
    14 ANy2         1.04941e-02  1.00000e-04     no limits
    15 pNy2         5.11372e+00  constant
    16 w_vw         1.43155e+01  constant
    17 LM           3.07992e-04  constant
    18 wCBO_expCoeff   2.00000e+02  1.00000e+00     no limits
    19 wCBO_expOffset   2.00000e+02  1.00000e+00     no limits
    20 wCBO_expT    3.00000e+01  1.00000e+00     no limits
    21 wCBO_linCoeff   0.00000e+00  constant
    22 wCBO_const   0.00000e+00  1.00000e-02     no limits
MINUIT - FIT ONLY WIGGLE
 **********
 **    3 **FIX            5
 **********
 PARAMETER    5  IS CONSTANT.   IGNORED.
 **********
 **    4 **FIX            6
 **********
 **********
 **    5 **FIX            7
 **********
 **********
 **    6 **FIX            8
 **********
 **********
 **    7 **FIX            9
 **********
 PARAMETER    9  IS CONSTANT.   IGNORED.
 **********
 **    8 **FIX           10
 **********
 PARAMETER   10  IS CONSTANT.   IGNORED.
 **********
 **    9 **FIX           11
 **********
 PARAMETER   11  IS CONSTANT.   IGNORED.
 **********
 **   10 **FIX           12
 **********
 PARAMETER   12  IS CONSTANT.   IGNORED.
 **********
 **   11 **FIX           13
 **********
 PARAMETER   13  IS CONSTANT.   IGNORED.
 **********
 **   12 **FIX           14
 **********
 **********
 **   13 **FIX           15
 **********
 PARAMETER   15  IS CONSTANT.   IGNORED.
 **********
 **   14 **FIX           16
 **********
 PARAMETER   16  IS CONSTANT.   IGNORED.
 **********
 **   15 **MIGRAD
 **********
 FIRST CALL TO USER FUNCTION AT NEW START POINT, WITH IFLAG=4.
 START MIGRAD MINIMIZATION.  STRATEGY  1.  CONVERGENCE WHEN EDM .LT. 1.00e-04
 FCN=600.48 FROM MIGRAD    STATUS=INITIATE       56 CALLS          57 TOTAL
                     EDM= unknown      STRATEGY= 1      NO ERROR MATRIX       
  EXT PARAMETER               CURRENT GUESS       STEP         FIRST   
  NO.   NAME      VALUE            ERROR          SIZE      DERIVATIVE 
   1  N0           3.11193e+06   1.00000e+02   0.00000e+00  -3.03827e-04
   2  tau          6.44114e+01   constant   
   3  A0           3.64516e-01   1.00000e-04   0.00000e+00   1.43279e+02
   4  phi          4.11813e+00   1.00000e-02   0.00000e+00   9.97764e+01
   5  R           -6.00079e+01   constant   
   6  A_CBO        2.17466e-03     fixed    
   7  w_CBO        2.33003e+00     fixed    
   8  phi_CBO      4.48674e+00     fixed    
   9  ANx2         3.40456e-04   constant   
  10  pNx2         3.19484e+00   constant   
  11  ANy1         0.00000e+00   constant   
  12  pNy1         0.00000e+00   constant   
  13  w_y          0.00000e+00   constant   
  14  ANy2         1.04941e-02     fixed    
  15  pNy2         5.11372e+00   constant   
  16  w_vw         1.43155e+01   constant   
  17  LM           3.07992e-04   constant   
  18  wCBO_expCoeff   1.99790e+02   1.00000e+00  -2.10432e-01  -1.69774e+00
  19  wCBO_expOffset   2.00000e+02   1.00000e+00   0.00000e+00  -1.13064e+01
  20  wCBO_expT    3.00000e+01   1.00000e+00   0.00000e+00  -1.17771e+02
  21  wCBO_linCoeff   0.00000e+00   constant   
  22  wCBO_const   0.00000e+00   1.00000e-02   0.00000e+00  -2.12825e+03
 MIGRAD MINIMIZATION HAS CONVERGED.
 FCN=590.903 FROM MIGRAD    STATUS=CONVERGED     257 CALLS         258 TOTAL
                     EDM=1.56207e-06    STRATEGY= 1  ERROR MATRIX UNCERTAINTY   1.3 per cent
  EXT PARAMETER                                   STEP         FIRST   
  NO.   NAME      VALUE            ERROR          SIZE      DERIVATIVE 
   1  N0           3.11225e+06   1.39594e+03   3.80671e+00  -9.36167e-07
   2  tau          6.44114e+01   constant   
   3  A0           3.64549e-01   6.00554e-04  -2.42632e-06   6.26807e-01
   4  phi          4.11833e+00   1.72757e-03  -3.80256e-06   4.41398e-01
   5  R           -6.00079e+01   constant   
   6  A_CBO        2.17466e-03     fixed    
   7  w_CBO        2.33003e+00     fixed    
   8  phi_CBO      4.48674e+00     fixed    
   9  ANx2         3.40456e-04   constant   
  10  pNx2         3.19484e+00   constant   
  11  ANy1         0.00000e+00   constant   
  12  pNy1         0.00000e+00   constant   
  13  w_y          0.00000e+00   constant   
  14  ANy2         1.04941e-02     fixed    
  15  pNy2         5.11372e+00   constant   
  16  w_vw         1.43155e+01   constant   
  17  LM           3.07992e-04   constant   
  18  wCBO_expCoeff   2.01552e+02   6.88953e-01   3.09714e-03  -1.59382e-02
  19  wCBO_expOffset   2.00265e+02   1.03457e-01   4.64780e-04  -1.07567e-01
  20  wCBO_expT    2.98626e+01   4.74262e-02  -2.19541e-04  -4.87846e-01
  21  wCBO_linCoeff   0.00000e+00   constant   
  22  wCBO_const   6.76515e-03   1.24191e-03   4.63743e-06  -2.27691e-01
 EXTERNAL ERROR MATRIX.    NDIM=  25    NPAR=  7    ERR DEF=1
  1.949e+06  1.496e-02 -7.880e-02  5.948e+01  8.936e+00 -4.431e+00  1.543e-01 
  1.496e-02  3.607e-07 -7.459e-09 -1.778e-05 -2.671e-06  1.254e-06 -4.019e-08 
 -7.880e-02 -7.459e-09  2.985e-06  1.047e-04  1.571e-05 -7.743e-06  2.819e-07 
  5.948e+01 -1.778e-05  1.047e-04  4.747e-01  7.057e-02 -3.249e-02  7.049e-04 
  8.936e+00 -2.671e-06  1.571e-05  7.057e-02  1.070e-02 -4.879e-03  1.058e-04 
 -4.431e+00  1.254e-06 -7.743e-06 -3.249e-02 -4.879e-03  2.249e-03 -5.068e-05 
  1.543e-01 -4.019e-08  2.819e-07  7.049e-04  1.058e-04 -5.068e-05  1.542e-06 
 PARAMETER  CORRELATION COEFFICIENTS  
       NO.  GLOBAL      1      3      4     18     19     20     22
        1  0.10551   1.000  0.018 -0.033  0.062  0.062 -0.067  0.089
        3  0.06290   0.018  1.000 -0.007 -0.043 -0.043  0.044 -0.054
        4  0.14368  -0.033 -0.007  1.000  0.088  0.088 -0.095  0.131
       18  0.99664   0.062 -0.043  0.088  1.000  0.990 -0.994  0.824
       19  0.99665   0.062 -0.043  0.088  0.990  1.000 -0.994  0.824
       20  0.99896  -0.067  0.044 -0.095 -0.994 -0.994  1.000 -0.860
       22  0.94756   0.089 -0.054  0.131  0.824  0.824 -0.860  1.000
MINUIT - FIT ONLY 1-CBO + other amplitudes 
 **********
 **   16 **RES 
 **********
                   PARAMETER   14  ANy2 RESTORED TO VARIABLE.
                   PARAMETER    8  phi_CBO RESTORED TO VARIABLE.
                   PARAMETER    7  w_CBO RESTORED TO VARIABLE.
                   PARAMETER    6  A_CBO RESTORED TO VARIABLE.
 **********
 **   17 **FIX            0
 **********
 PARAMETER    0  IS UNDEFINED. IGNORED.
 **********
 **   18 **FIX            1
 **********
 **********
 **   19 **FIX            2
 **********
 PARAMETER    2  IS CONSTANT.   IGNORED.
 **********
 **   20 **FIX            3
 **********
 **********
 **   21 **FIX            4
 **********
 **********
 **   22 **FIX            9
 **********
 PARAMETER    9  IS CONSTANT.   IGNORED.
 **********
 **   23 **FIX           11
 **********
 PARAMETER   11  IS CONSTANT.   IGNORED.
 **********
 **   24 **FIX           12
 **********
 PARAMETER   12  IS CONSTANT.   IGNORED.
 **********
 **   25 **FIX           14
 **********
 **********
 **   26 **FIX           15
 **********
 PARAMETER   15  IS CONSTANT.   IGNORED.
 **********
 **   27 **FIX           16
 **********
 PARAMETER   16  IS CONSTANT.   IGNORED.
 **********
 **   28 **MIGRAD
 **********
 START MIGRAD MINIMIZATION.  STRATEGY  1.  CONVERGENCE WHEN EDM .LT. 1.00e-04
 FCN=590.903 FROM MIGRAD    STATUS=INITIATE       20 CALLS         278 TOTAL
                     EDM= unknown      STRATEGY= 1      NO ERROR MATRIX       
  EXT PARAMETER               CURRENT GUESS       STEP         FIRST   
  NO.   NAME      VALUE            ERROR          SIZE      DERIVATIVE 
   1  N0           3.11225e+06     fixed    
   2  tau          6.44114e+01   constant   
   3  A0           3.64549e-01     fixed    
   4  phi          4.11833e+00     fixed    
   5  R           -6.00079e+01   constant   
   6  A_CBO        2.17466e-03   1.00000e-05   1.00000e-05   4.92674e+03
   7  w_CBO        2.33003e+00   1.00000e-03   1.00000e-03  -1.47710e+00
   8  phi_CBO      4.48674e+00   1.00000e-04   1.00000e-04  -1.96545e+00
   9  ANx2         3.40456e-04   constant   
  10  pNx2         3.19484e+00   constant   
  11  ANy1         0.00000e+00   constant   
  12  pNy1         0.00000e+00   constant   
  13  w_y          0.00000e+00   constant   
  14  ANy2         1.04941e-02     fixed    
  15  pNy2         5.11372e+00   constant   
  16  w_vw         1.43155e+01   constant   
  17  LM           3.07992e-04   constant   
  18  wCBO_expCoeff   2.01552e+02   6.88953e-01   3.09714e-03  -1.59382e-02
  19  wCBO_expOffset   2.00265e+02   1.03457e-01   4.64780e-04  -1.07567e-01
  20  wCBO_expT    2.98626e+01   4.74262e-02  -2.19541e-04  -4.87845e-01
  21  wCBO_linCoeff   0.00000e+00   constant   
  22  wCBO_const   6.76515e-03   1.24191e-03   4.63743e-06  -2.27679e-01
 MIGRAD MINIMIZATION HAS CONVERGED.
 MIGRAD WILL VERIFY CONVERGENCE AND ERROR MATRIX.
 COVARIANCE MATRIX CALCULATED SUCCESSFULLY
 FCN=587.364 FROM MIGRAD    STATUS=CONVERGED     236 CALLS         494 TOTAL
                     EDM=1.67501e-06    STRATEGY= 1      ERROR MATRIX ACCURATE 
  EXT PARAMETER                                   STEP         FIRST   
  NO.   NAME      VALUE            ERROR          SIZE      DERIVATIVE 
   1  N0           3.11225e+06     fixed    
   2  tau          6.44114e+01   constant   
   3  A0           3.64549e-01     fixed    
   4  phi          4.11833e+00     fixed    
   5  R           -6.00079e+01   constant   
   6  A_CBO        1.14943e-03   6.41518e-04   7.51940e-06   8.99558e-01
   7  w_CBO        2.32847e+00   1.34493e-02   5.85483e-06  -4.30452e-01
   8  phi_CBO      5.37672e+00   7.71524e-01   6.52369e-03   2.08429e-03
   9  ANx2         3.40456e-04   constant   
  10  pNx2         3.19484e+00   constant   
  11  ANy1         0.00000e+00   constant   
  12  pNy1         0.00000e+00   constant   
  13  w_y          0.00000e+00   constant   
  14  ANy2         1.04941e-02     fixed    
  15  pNy2         5.11372e+00   constant   
  16  w_vw         1.43155e+01   constant   
  17  LM           3.07992e-04   constant   
  18  wCBO_expCoeff   2.01044e+02   1.36667e+00   9.19965e-04  -3.69667e-03
  19  wCBO_expOffset   2.00189e+02   2.03333e-01   1.36826e-04  -2.49131e-02
  20  wCBO_expT    2.99010e+01   3.36839e-02   2.82570e-05  -1.55904e-01
  21  wCBO_linCoeff   0.00000e+00   constant   
  22  wCBO_const   7.37590e-03   5.79680e-03   4.89029e-06  -2.57284e-01
 EXTERNAL ERROR MATRIX.    NDIM=  25    NPAR=  7    ERR DEF=1
  4.115e-07  1.838e-07 -4.235e-05  2.273e-05  3.381e-06 -1.802e-06 -1.008e-07 
  1.838e-07  1.809e-04 -6.811e-04 -6.435e-03 -9.594e-04 -9.073e-05 -7.699e-05 
 -4.235e-05 -6.811e-04  5.952e-01 -9.576e-02 -1.424e-02  8.187e-03  4.574e-04 
  2.273e-05 -6.435e-03 -9.576e-02  1.868e+00 -1.373e-01 -1.292e-02  2.966e-03 
  3.381e-06 -9.594e-04 -1.424e-02 -1.373e-01  4.134e-02 -1.922e-03  4.422e-04 
 -1.802e-06 -9.073e-05  8.187e-03 -1.292e-02 -1.922e-03  1.135e-03  2.122e-05 
 -1.008e-07 -7.699e-05  4.574e-04  2.966e-03  4.422e-04  2.122e-05  3.360e-05 
 PARAMETER  CORRELATION COEFFICIENTS  
       NO.  GLOBAL      6      7      8     18     19     20     22
        6  0.14344   1.000  0.021 -0.086  0.026  0.026 -0.083 -0.027
        7  0.99932   0.021  1.000 -0.066 -0.350 -0.351 -0.200 -0.987
        8  0.70041  -0.086 -0.066  1.000 -0.091 -0.091  0.315  0.102
       18  0.99838   0.026 -0.350 -0.091  1.000 -0.494 -0.281  0.374
       19  0.99838   0.026 -0.351 -0.091 -0.494  1.000 -0.281  0.375
       20  0.99749  -0.083 -0.200  0.315 -0.281 -0.281  1.000  0.109
       22  0.99746  -0.027 -0.987  0.102  0.374  0.375  0.109  1.000
MINUIT - FIT ONLY 1-CBO
 **********
 **   29 **RES 
 **********
                   PARAMETER   14  ANy2 RESTORED TO VARIABLE.
                   PARAMETER    4  phi RESTORED TO VARIABLE.
                   PARAMETER    3  A0 RESTORED TO VARIABLE.
                   PARAMETER    1  N0 RESTORED TO VARIABLE.
 **********
 **   30 **FIX            0
 **********
 PARAMETER    0  IS UNDEFINED. IGNORED.
 **********
 **   31 **FIX            1
 **********
 **********
 **   32 **FIX            2
 **********
 PARAMETER    2  IS CONSTANT.   IGNORED.
 **********
 **   33 **FIX            3
 **********
 **********
 **   34 **FIX            4
 **********
 **********
 **   35 **FIX            8
 **********
 **********
 **   36 **FIX            9
 **********
 PARAMETER    9  IS CONSTANT.   IGNORED.
 **********
 **   37 **FIX           11
 **********
 PARAMETER   11  IS CONSTANT.   IGNORED.
 **********
 **   38 **FIX           12
 **********
 PARAMETER   12  IS CONSTANT.   IGNORED.
 **********
 **   39 **FIX           13
 **********
 PARAMETER   13  IS CONSTANT.   IGNORED.
 **********
 **   40 **FIX           15
 **********
 PARAMETER   15  IS CONSTANT.   IGNORED.
 **********
 **   41 **FIX           16
 **********
 PARAMETER   16  IS CONSTANT.   IGNORED.
 **********
 **   42 **MIGRAD
 **********
 START MIGRAD MINIMIZATION.  STRATEGY  1.  CONVERGENCE WHEN EDM .LT. 1.00e-04
 FCN=587.364 FROM MIGRAD    STATUS=INITIATE       16 CALLS         510 TOTAL
                     EDM= unknown      STRATEGY= 1      NO ERROR MATRIX       
  EXT PARAMETER               CURRENT GUESS       STEP         FIRST   
  NO.   NAME      VALUE            ERROR          SIZE      DERIVATIVE 
   1  N0           3.11225e+06     fixed    
   2  tau          6.44114e+01   constant   
   3  A0           3.64549e-01     fixed    
   4  phi          4.11833e+00     fixed    
   5  R           -6.00079e+01   constant   
   6  A_CBO        1.14943e-03   6.41518e-04   7.51940e-06   8.99558e-01
   7  w_CBO        2.32847e+00   1.34493e-02   5.85483e-06  -4.38456e-01
   8  phi_CBO      5.37672e+00     fixed    
   9  ANx2         3.40456e-04   constant   
  10  pNx2         3.19484e+00   constant   
  11  ANy1         0.00000e+00   constant   
  12  pNy1         0.00000e+00   constant   
  13  w_y          0.00000e+00   constant   
  14  ANy2         1.04941e-02   1.00000e-04   1.00000e-04   5.22182e+04
  15  pNy2         5.11372e+00   constant   
  16  w_vw         1.43155e+01   constant   
  17  LM           3.07992e-04   constant   
  18  wCBO_expCoeff   2.01044e+02   1.36667e+00   9.19965e-04  -3.79916e-03
  19  wCBO_expOffset   2.00189e+02   2.03333e-01   1.36826e-04  -2.55395e-02
  20  wCBO_expT    2.99010e+01   3.36839e-02   2.82570e-05  -1.58721e-01
  21  wCBO_linCoeff   0.00000e+00   constant   
  22  wCBO_const   7.37590e-03   5.79680e-03   4.89029e-06  -2.57279e-01
 MIGRAD MINIMIZATION HAS CONVERGED.
 MIGRAD WILL VERIFY CONVERGENCE AND ERROR MATRIX.
 COVARIANCE MATRIX CALCULATED SUCCESSFULLY
 FCN=313.385 FROM MIGRAD    STATUS=CONVERGED     191 CALLS         685 TOTAL
                     EDM=8.39947e-06    STRATEGY= 1      ERROR MATRIX ACCURATE 
  EXT PARAMETER                                   STEP         FIRST   
  NO.   NAME      VALUE            ERROR          SIZE      DERIVATIVE 
   1  N0           3.11225e+06     fixed    
   2  tau          6.44114e+01   constant   
   3  A0           3.64549e-01     fixed    
   4  phi          4.11833e+00     fixed    
   5  R           -6.00079e+01   constant   
   6  A_CBO        8.42945e-04   6.84010e-04   5.47173e-06   5.19500e-01
   7  w_CBO        2.32895e+00   1.00535e-02   7.23631e-06  -8.10048e-01
   8  phi_CBO      5.37672e+00     fixed    
   9  ANx2         3.40456e-04   constant   
  10  pNx2         3.19484e+00   constant   
  11  ANy1         0.00000e+00   constant   
  12  pNy1         0.00000e+00   constant   
  13  w_y          0.00000e+00   constant   
  14  ANy2        -1.48870e-06   6.34055e-04   5.48437e-06  -4.33911e-01
  15  pNy2         5.11372e+00   constant   
  16  w_vw         1.43155e+01   constant   
  17  LM           3.07992e-04   constant   
  18  wCBO_expCoeff   2.01226e+02   1.03609e+00   1.48486e-03   6.65110e-03
  19  wCBO_expOffset   2.00216e+02   1.53854e-01   2.20783e-04   4.47638e-02
  20  wCBO_expT    2.98886e+01   3.04083e-02   4.34674e-05   1.02992e-01
  21  wCBO_linCoeff   0.00000e+00   constant   
  22  wCBO_const   7.12662e-03   4.33475e-03   4.66269e-06  -3.20317e+00
 EXTERNAL ERROR MATRIX.    NDIM=  25    NPAR=  7    ERR DEF=1
  4.679e-07  9.967e-08  1.096e-08  1.836e-05  2.727e-06  6.887e-07 -1.335e-07 
  9.967e-08  1.011e-04 -2.545e-08 -3.131e-03 -4.648e-04 -7.657e-05 -4.269e-05 
  1.096e-08 -2.545e-08  4.020e-07 -4.768e-06 -7.084e-07  3.051e-07  1.788e-08 
  1.836e-05 -3.131e-03 -4.768e-06  1.073e+00 -6.642e-02 -1.076e-02  1.478e-03 
  2.727e-06 -4.648e-04 -7.084e-07 -6.642e-02  2.367e-02 -1.596e-03  2.194e-04 
  6.887e-07 -7.657e-05  3.051e-07 -1.076e-02 -1.596e-03  9.247e-04  1.785e-05 
 -1.335e-07 -4.269e-05  1.788e-08  1.478e-03  2.194e-04  1.785e-05  1.879e-05 
 PARAMETER  CORRELATION COEFFICIENTS  
       NO.  GLOBAL      6      7     14     18     19     20     22
        6  0.38717   1.000  0.014  0.025  0.026  0.026  0.033 -0.045
        7  0.99649   0.014  1.000 -0.004 -0.301 -0.300 -0.250 -0.980
       14  0.04289   0.025 -0.004  1.000 -0.007 -0.007  0.016  0.007
       18  0.98448   0.026 -0.301 -0.007  1.000 -0.417 -0.341  0.329
       19  0.98447   0.026 -0.300 -0.007 -0.417  1.000 -0.341  0.329
       20  0.98517   0.033 -0.250  0.016 -0.341 -0.341  1.000  0.135
       22  0.99251  -0.045 -0.980  0.007  0.329  0.329  0.135  1.000
MINUIT - FIT ONLY 2-CBO
 **********
 **   43 **RES 
 **********
                   PARAMETER    8  phi_CBO RESTORED TO VARIABLE.
                   PARAMETER    4  phi RESTORED TO VARIABLE.
                   PARAMETER    3  A0 RESTORED TO VARIABLE.
                   PARAMETER    1  N0 RESTORED TO VARIABLE.
 **********
 **   44 **FIX            0
 **********
 PARAMETER    0  IS UNDEFINED. IGNORED.
 **********
 **   45 **FIX            1
 **********
 **********
 **   46 **FIX            2
 **********
 PARAMETER    2  IS CONSTANT.   IGNORED.
 **********
 **   47 **FIX            3
 **********
 **********
 **   48 **FIX            4
 **********
 **********
 **   49 **FIX            5
 **********
 PARAMETER    5  IS CONSTANT.   IGNORED.
 **********
 **   50 **FIX            6
 **********
 **********
 **   51 **FIX            7
 **********
 **********
 **   52 **FIX           10
 **********
 PARAMETER   10  IS CONSTANT.   IGNORED.
 **********
 **   53 **FIX           11
 **********
 PARAMETER   11  IS CONSTANT.   IGNORED.
 **********
 **   54 **FIX           12
 **********
 PARAMETER   12  IS CONSTANT.   IGNORED.
 **********
 **   55 **FIX           13
 **********
 PARAMETER   13  IS CONSTANT.   IGNORED.
 **********
 **   56 **FIX           14
 **********
 **********
 **   57 **FIX           15
 **********
 PARAMETER   15  IS CONSTANT.   IGNORED.
 **********
 **   58 **FIX           16
 **********
 PARAMETER   16  IS CONSTANT.   IGNORED.
 **********
 **   59 **MIGRAD
 **********
 START MIGRAD MINIMIZATION.  STRATEGY  1.  CONVERGENCE WHEN EDM .LT. 1.00e-04
 FCN=313.385 FROM MIGRAD    STATUS=INITIATE       10 CALLS         695 TOTAL
                     EDM= unknown      STRATEGY= 1      NO ERROR MATRIX       
  EXT PARAMETER               CURRENT GUESS       STEP         FIRST   
  NO.   NAME      VALUE            ERROR          SIZE      DERIVATIVE 
   1  N0           3.11225e+06     fixed    
   2  tau          6.44114e+01   constant   
   3  A0           3.64549e-01     fixed    
   4  phi          4.11833e+00     fixed    
   5  R           -6.00079e+01   constant   
   6  A_CBO        8.42945e-04     fixed    
   7  w_CBO        2.32895e+00     fixed    
   8  phi_CBO      5.37672e+00   7.71524e-01   7.71524e-01   8.35938e-01
   9  ANx2         3.40456e-04   constant   
  10  pNx2         3.19484e+00   constant   
  11  ANy1         0.00000e+00   constant   
  12  pNy1         0.00000e+00   constant   
  13  w_y          0.00000e+00   constant   
  14  ANy2        -1.48870e-06     fixed    
  15  pNy2         5.11372e+00   constant   
  16  w_vw         1.43155e+01   constant   
  17  LM           3.07992e-04   constant   
  18  wCBO_expCoeff   2.01226e+02   1.03609e+00   1.48486e-03   6.29782e-03
  19  wCBO_expOffset   2.00216e+02   1.53854e-01   2.20783e-04   4.24028e-02
  20  wCBO_expT    2.98886e+01   3.04083e-02   4.34674e-05   1.01643e-01
  21  wCBO_linCoeff   0.00000e+00   constant   
  22  wCBO_const   7.12662e-03   4.33475e-03   4.66269e-06  -3.20668e+00
 MIGRAD MINIMIZATION HAS CONVERGED.
 MIGRAD WILL VERIFY CONVERGENCE AND ERROR MATRIX.
 COVARIANCE MATRIX CALCULATED SUCCESSFULLY
 FCN=313.121 FROM MIGRAD    STATUS=CONVERGED     133 CALLS         818 TOTAL
                     EDM=1.84187e-07    STRATEGY= 1      ERROR MATRIX ACCURATE 
  EXT PARAMETER                                   STEP         FIRST   
  NO.   NAME      VALUE            ERROR          SIZE      DERIVATIVE 
   1  N0           3.11225e+06     fixed    
   2  tau          6.44114e+01   constant   
   3  A0           3.64549e-01     fixed    
   4  phi          4.11833e+00     fixed    
   5  R           -6.00079e+01   constant   
   6  A_CBO        8.42945e-04     fixed    
   7  w_CBO        2.32895e+00     fixed    
   8  phi_CBO      4.80030e+00   1.04288e+00   6.53049e-03  -3.76773e-04
   9  ANx2         3.40456e-04   constant   
  10  pNx2         3.19484e+00   constant   
  11  ANy1         0.00000e+00   constant   
  12  pNy1         0.00000e+00   constant   
  13  w_y          0.00000e+00   constant   
  14  ANy2        -1.48870e-06     fixed    
  15  pNy2         5.11372e+00   constant   
  16  w_vw         1.43155e+01   constant   
  17  LM           3.07992e-04   constant   
  18  wCBO_expCoeff   2.01329e+02   1.29153e+00   1.04355e-03   2.44851e-03
  19  wCBO_expOffset   2.00232e+02   1.91681e-01   1.54875e-04   1.64517e-02
  20  wCBO_expT    2.98796e+01   3.69128e-02   3.16578e-05   7.76193e-02
  21  wCBO_linCoeff   0.00000e+00   constant   
  22  wCBO_const   7.19975e-03   9.37441e-04   4.35492e-06  -2.00063e-01
 EXTERNAL ERROR MATRIX.    NDIM=  25    NPAR=  5    ERR DEF=1
  1.088e+00 -1.049e-01 -1.556e-02  9.697e-03  1.992e-05 
 -1.049e-01  1.668e+00 -1.587e-01 -1.993e-02  3.049e-04 
 -1.556e-02 -1.587e-01  3.674e-02 -2.957e-03  4.525e-05 
  9.697e-03 -1.993e-02 -2.957e-03  1.363e-03 -2.292e-05 
  1.992e-05  3.049e-04  4.525e-05 -2.292e-05  8.788e-07 
 PARAMETER  CORRELATION COEFFICIENTS  
       NO.  GLOBAL      8     18     19     20     22
        8  0.69050   1.000 -0.078 -0.078  0.252  0.020
       18  0.99564  -0.078  1.000 -0.641 -0.418  0.252
       19  0.99564  -0.078 -0.641  1.000 -0.418  0.252
       20  0.99508   0.252 -0.418 -0.418  1.000 -0.662
       22  0.84359   0.020  0.252  0.252 -0.662  1.000
MINUIT - FIT ONLY 1-y
 **********
 **   60 **RES 
 **********
                   PARAMETER   14  ANy2 RESTORED TO VARIABLE.
                   PARAMETER    7  w_CBO RESTORED TO VARIABLE.
                   PARAMETER    6  A_CBO RESTORED TO VARIABLE.
                   PARAMETER    4  phi RESTORED TO VARIABLE.
                   PARAMETER    3  A0 RESTORED TO VARIABLE.
                   PARAMETER    1  N0 RESTORED TO VARIABLE.
 **********
 **   61 **FIX            0
 **********
 PARAMETER    0  IS UNDEFINED. IGNORED.
 **********
 **   62 **FIX            1
 **********
 **********
 **   63 **FIX            2
 **********
 PARAMETER    2  IS CONSTANT.   IGNORED.
 **********
 **   64 **FIX            3
 **********
 **********
 **   65 **FIX            4
 **********
 **********
 **   66 **FIX            5
 **********
 PARAMETER    5  IS CONSTANT.   IGNORED.
 **********
 **   67 **FIX            6
 **********
 **********
 **   68 **FIX            7
 **********
 **********
 **   69 **FIX            8
 **********
 **********
 **   70 **FIX            9
 **********
 PARAMETER    9  IS CONSTANT.   IGNORED.
 **********
 **   71 **FIX           13
 **********
 PARAMETER   13  IS CONSTANT.   IGNORED.
 **********
 **   72 **FIX           14
 **********
 **********
 **   73 **FIX           15
 **********
 PARAMETER   15  IS CONSTANT.   IGNORED.
 **********
 **   74 **FIX           16
 **********
 PARAMETER   16  IS CONSTANT.   IGNORED.
 **********
 **   75 **MIGRAD
 **********
 START MIGRAD MINIMIZATION.  STRATEGY  1.  CONVERGENCE WHEN EDM .LT. 1.00e-04
 FCN=313.121 FROM MIGRAD    STATUS=INITIATE        8 CALLS         826 TOTAL
                     EDM= unknown      STRATEGY= 1      NO ERROR MATRIX       
  EXT PARAMETER               CURRENT GUESS       STEP         FIRST   
  NO.   NAME      VALUE            ERROR          SIZE      DERIVATIVE 
   1  N0           3.11225e+06     fixed    
   2  tau          6.44114e+01   constant   
   3  A0           3.64549e-01     fixed    
   4  phi          4.11833e+00     fixed    
   5  R           -6.00079e+01   constant   
   6  A_CBO        8.42945e-04     fixed    
   7  w_CBO        2.32895e+00     fixed    
   8  phi_CBO      4.80030e+00     fixed    
   9  ANx2         3.40456e-04   constant   
  10  pNx2         3.19484e+00   constant   
  11  ANy1         0.00000e+00   constant   
  12  pNy1         0.00000e+00   constant   
  13  w_y          0.00000e+00   constant   
  14  ANy2        -1.48870e-06     fixed    
  15  pNy2         5.11372e+00   constant   
  16  w_vw         1.43155e+01   constant   
  17  LM           3.07992e-04   constant   
  18  wCBO_expCoeff   2.01329e+02   1.29153e+00   1.04355e-03   2.32779e-03
  19  wCBO_expOffset   2.00232e+02   1.91681e-01   1.54875e-04   1.56871e-02
  20  wCBO_expT    2.98796e+01   3.69128e-02   3.16578e-05   7.42768e-02
  21  wCBO_linCoeff   0.00000e+00   constant   
  22  wCBO_const   7.19975e-03   9.37441e-04   4.35492e-06  -1.98701e-01
 MIGRAD MINIMIZATION HAS CONVERGED.
 MIGRAD WILL VERIFY CONVERGENCE AND ERROR MATRIX.
 COVARIANCE MATRIX CALCULATED SUCCESSFULLY
 FCN=313.121 FROM MIGRAD    STATUS=CONVERGED      47 CALLS         865 TOTAL
                     EDM=1.15082e-07    STRATEGY= 1      ERROR MATRIX ACCURATE 
  EXT PARAMETER                                   STEP         FIRST   
  NO.   NAME      VALUE            ERROR          SIZE      DERIVATIVE 
   1  N0           3.11225e+06     fixed    
   2  tau          6.44114e+01   constant   
   3  A0           3.64549e-01     fixed    
   4  phi          4.11833e+00     fixed    
   5  R           -6.00079e+01   constant   
   6  A_CBO        8.42945e-04     fixed    
   7  w_CBO        2.32895e+00     fixed    
   8  phi_CBO      4.80030e+00     fixed    
   9  ANx2         3.40456e-04   constant   
  10  pNx2         3.19484e+00   constant   
  11  ANy1         0.00000e+00   constant   
  12  pNy1         0.00000e+00   constant   
  13  w_y          0.00000e+00   constant   
  14  ANy2        -1.48870e-06     fixed    
  15  pNy2         5.11372e+00   constant   
  16  w_vw         1.43155e+01   constant   
  17  LM           3.07992e-04   constant   
  18  wCBO_expCoeff   2.01329e+02   1.28810e+00   1.04316e-03  -2.66842e-04
  19  wCBO_expOffset   2.00232e+02   1.91173e-01   1.54818e-04  -1.79984e-03
  20  wCBO_expT    2.98796e+01   3.57313e-02   3.16481e-05  -1.08713e-02
  21  wCBO_linCoeff   0.00000e+00   constant   
  22  wCBO_const   7.19976e-03   9.37347e-04   4.35633e-06  -6.06638e-01
 EXTERNAL ERROR MATRIX.    NDIM=  25    NPAR=  4    ERR DEF=1
  1.659e+00 -1.604e-01 -1.900e-02  3.070e-04 
 -1.604e-01  3.655e-02 -2.820e-03  4.556e-05 
 -1.900e-02 -2.820e-03  1.277e-03 -2.311e-05 
  3.070e-04  4.556e-05 -2.311e-05  8.786e-07 
 PARAMETER  CORRELATION COEFFICIENTS  
       NO.  GLOBAL     18     19     20     22
       18  0.99561   1.000 -0.651 -0.413  0.254
       19  0.99561  -0.651  1.000 -0.413  0.254
       20  0.99475  -0.413 -0.413  1.000 -0.690
       22  0.84356   0.254  0.254 -0.690  1.000
MINUIT - FIT ONLY 2-y
 **********
 **   76 **RES 
 **********
                   PARAMETER   14  ANy2 RESTORED TO VARIABLE.
                   PARAMETER    8  phi_CBO RESTORED TO VARIABLE.
                   PARAMETER    7  w_CBO RESTORED TO VARIABLE.
                   PARAMETER    6  A_CBO RESTORED TO VARIABLE.
                   PARAMETER    4  phi RESTORED TO VARIABLE.
                   PARAMETER    3  A0 RESTORED TO VARIABLE.
                   PARAMETER    1  N0 RESTORED TO VARIABLE.
 **********
 **   77 **FIX            0
 **********
 PARAMETER    0  IS UNDEFINED. IGNORED.
 **********
 **   78 **FIX            1
 **********
 **********
 **   79 **FIX            2
 **********
 PARAMETER    2  IS CONSTANT.   IGNORED.
 **********
 **   80 **FIX            3
 **********
 **********
 **   81 **FIX            4
 **********
 **********
 **   82 **FIX            5
 **********
 PARAMETER    5  IS CONSTANT.   IGNORED.
 **********
 **   83 **FIX            6
 **********
 **********
 **   84 **FIX            7
 **********
 **********
 **   85 **FIX            8
 **********
 **********
 **   86 **FIX            9
 **********
 PARAMETER    9  IS CONSTANT.   IGNORED.
 **********
 **   87 **FIX           10
 **********
 PARAMETER   10  IS CONSTANT.   IGNORED.
 **********
 **   88 **FIX           11
 **********
 PARAMETER   11  IS CONSTANT.   IGNORED.
 **********
 **   89 **FIX           12
 **********
 PARAMETER   12  IS CONSTANT.   IGNORED.
 **********
 **   90 **FIX           16
 **********
 PARAMETER   16  IS CONSTANT.   IGNORED.
 **********
 **   91 **MIGRAD
 **********
 START MIGRAD MINIMIZATION.  STRATEGY  1.  CONVERGENCE WHEN EDM .LT. 1.00e-04
 FCN=313.121 FROM MIGRAD    STATUS=INITIATE       10 CALLS         875 TOTAL
                     EDM= unknown      STRATEGY= 1      NO ERROR MATRIX       
  EXT PARAMETER               CURRENT GUESS       STEP         FIRST   
  NO.   NAME      VALUE            ERROR          SIZE      DERIVATIVE 
   1  N0           3.11225e+06     fixed    
   2  tau          6.44114e+01   constant   
   3  A0           3.64549e-01     fixed    
   4  phi          4.11833e+00     fixed    
   5  R           -6.00079e+01   constant   
   6  A_CBO        8.42945e-04     fixed    
   7  w_CBO        2.32895e+00     fixed    
   8  phi_CBO      4.80030e+00     fixed    
   9  ANx2         3.40456e-04   constant   
  10  pNx2         3.19484e+00   constant   
  11  ANy1         0.00000e+00   constant   
  12  pNy1         0.00000e+00   constant   
  13  w_y          0.00000e+00   constant   
  14  ANy2        -1.48870e-06   6.34055e-04   6.34055e-04   6.21374e+01
  15  pNy2         5.11372e+00   constant   
  16  w_vw         1.43155e+01   constant   
  17  LM           3.07992e-04   constant   
  18  wCBO_expCoeff   2.01329e+02   1.28810e+00   1.04316e-03  -2.86759e-04
  19  wCBO_expOffset   2.00232e+02   1.91173e-01   1.54818e-04  -2.11785e-03
  20  wCBO_expT    2.98796e+01   3.57313e-02   3.16481e-05  -1.15773e-02
  21  wCBO_linCoeff   0.00000e+00   constant   
  22  wCBO_const   7.19976e-03   9.37347e-04   4.35633e-06  -6.05274e-01
 MIGRAD MINIMIZATION HAS CONVERGED.
 MIGRAD WILL VERIFY CONVERGENCE AND ERROR MATRIX.
 COVARIANCE MATRIX CALCULATED SUCCESSFULLY
 FCN=313.12 FROM MIGRAD    STATUS=CONVERGED      70 CALLS         935 TOTAL
                     EDM=1.22581e-07    STRATEGY= 1      ERROR MATRIX ACCURATE 
  EXT PARAMETER                                   STEP         FIRST   
  NO.   NAME      VALUE            ERROR          SIZE      DERIVATIVE 
   1  N0           3.11225e+06     fixed    
   2  tau          6.44114e+01   constant   
   3  A0           3.64549e-01     fixed    
   4  phi          4.11833e+00     fixed    
   5  R           -6.00079e+01   constant   
   6  A_CBO        8.42945e-04     fixed    
   7  w_CBO        2.32895e+00     fixed    
   8  phi_CBO      4.80030e+00     fixed    
   9  ANx2         3.40456e-04   constant   
  10  pNx2         3.19484e+00   constant   
  11  ANy1         0.00000e+00   constant   
  12  pNy1         0.00000e+00   constant   
  13  w_y          0.00000e+00   constant   
  14  ANy2        -1.39780e-05   6.33892e-04   5.48208e-06  -3.08080e-02
  15  pNy2         5.11372e+00   constant   
  16  w_vw         1.43155e+01   constant   
  17  LM           3.07992e-04   constant   
  18  wCBO_expCoeff   2.01329e+02   1.28669e+00   1.04383e-03   4.27168e-04
  19  wCBO_expOffset   2.00232e+02   1.90963e-01   1.54917e-04   2.87640e-03
  20  wCBO_expT    2.98796e+01   3.57046e-02   3.16657e-05   1.54192e-02
  21  wCBO_linCoeff   0.00000e+00   constant   
  22  wCBO_const   7.19976e-03   9.37006e-04   4.35635e-06  -4.16459e-01
 EXTERNAL ERROR MATRIX.    NDIM=  25    NPAR=  5    ERR DEF=1
  4.018e-07  1.889e-07  2.819e-08  7.352e-08 -8.152e-11 
  1.889e-07  1.656e+00 -1.599e-01 -1.897e-02  3.065e-04 
  2.819e-08 -1.599e-01  3.647e-02 -2.816e-03  4.548e-05 
  7.352e-08 -1.897e-02 -2.816e-03  1.275e-03 -2.308e-05 
 -8.152e-11  3.065e-04  4.548e-05 -2.308e-05  8.780e-07 
 PARAMETER  CORRELATION COEFFICIENTS  
       NO.  GLOBAL     14     18     19     20     22
       14  0.03640   1.000  0.000  0.000  0.003 -0.000
       18  0.99560   0.000  1.000 -0.651 -0.413  0.254
       19  0.99560   0.000 -0.651  1.000 -0.413  0.254
       20  0.99474   0.003 -0.413 -0.413  1.000 -0.690
       22  0.84344  -0.000  0.254  0.254 -0.690  1.000
MINUIT - FIT ALTOGETHER
 **********
 **   92 **RES 
 **********
                   PARAMETER    8  phi_CBO RESTORED TO VARIABLE.
                   PARAMETER    7  w_CBO RESTORED TO VARIABLE.
                   PARAMETER    6  A_CBO RESTORED TO VARIABLE.
                   PARAMETER    4  phi RESTORED TO VARIABLE.
                   PARAMETER    3  A0 RESTORED TO VARIABLE.
                   PARAMETER    1  N0 RESTORED TO VARIABLE.
 **********
 **   93 **MIGRAD
 **********
 START MIGRAD MINIMIZATION.  STRATEGY  1.  CONVERGENCE WHEN EDM .LT. 1.00e-04
 FCN=313.12 FROM MIGRAD    STATUS=INITIATE       22 CALLS         957 TOTAL
                     EDM= unknown      STRATEGY= 1      NO ERROR MATRIX       
  EXT PARAMETER               CURRENT GUESS       STEP         FIRST   
  NO.   NAME      VALUE            ERROR          SIZE      DERIVATIVE 
   1  N0           3.11225e+06   1.39594e+03   1.39594e+03   3.51378e-06
   2  tau          6.44114e+01   constant   
   3  A0           3.64549e-01   6.00554e-04   6.00554e-04  -3.97415e+02
   4  phi          4.11833e+00   1.72757e-03   1.72757e-03   2.20062e+02
   5  R           -6.00079e+01   constant   
   6  A_CBO        8.42945e-04   6.84010e-04   6.84010e-04   4.37008e+01
   7  w_CBO        2.32895e+00   1.00535e-02   1.00535e-02  -1.55617e-01
   8  phi_CBO      4.80030e+00   1.04288e+00   1.04288e+00   1.55409e-03
   9  ANx2         3.40456e-04   constant   
  10  pNx2         3.19484e+00   constant   
  11  ANy1         0.00000e+00   constant   
  12  pNy1         0.00000e+00   constant   
  13  w_y          0.00000e+00   constant   
  14  ANy2        -1.39780e-05   6.33892e-04   5.48208e-06  -3.08081e-02
  15  pNy2         5.11372e+00   constant   
  16  w_vw         1.43155e+01   constant   
  17  LM           3.07992e-04   constant   
  18  wCBO_expCoeff   2.01329e+02   1.28669e+00   1.04383e-03   4.07198e-04
  19  wCBO_expOffset   2.00232e+02   1.90963e-01   1.54917e-04   2.55787e-03
  20  wCBO_expT    2.98796e+01   3.57046e-02   3.16657e-05   1.47112e-02
  21  wCBO_linCoeff   0.00000e+00   constant   
