 + ++++++++++++++++++++++++++++++++++++++++++++++++++++++++++++++++++++ +
 +                                                                      +
 +           You have chose to blind your fitting according to          +
 +                omega_ref * (1 + (R +/- deltaR) *10^{-6})             +
 +                                                                      +
 + ++++++++++++++++++++++++++++++++++++++++++++++++++++++++++++++++++++ +
In main()...
reading format from /gm2data/zkhechad/run45/envelope/formats/formatB_sBin_constraintOn.txt
pBinTau 	= 0  
pBinPhi 	= 0  
constraintau 	= 1 
includeMopTerm 	= 0    
constrainMop    = 0   
Parameters after format file: pBinTau 0 pBinPhi 0 constraintau 1 includeMopTerm 0 constrainMop 0 c_e_scale 0.000000 
reading cbo reference file (full fit) from /gm2data/zkhechad/cboTemplates/Run4CBOTemplates/fullFits/run4/sBin_constraintOn_cE0.0_seed0_run4_calo6.root
A_CBO 0.010001 w_CBO 2.327040 phi_CBO 5.088588 N0 2817823.633276 R -61.510560 tau 64.405014 
Reading cboRef file /gm2data/zkhechad/cboTemplates/Run4CBOTemplates//cboIsolate/run4_calo6.root
deltaT 164.120000
windowBins = 1100
fitting sliding window 2520 from bin 2723 at 406.271600 to bin 3823 at 570.391600 (1100 bins)

Reading data from /gm2data/cornell/histograms/aMethod/histogram_a_run4.root
fitting cbo isolate
 **********
 **    1 **SET PRINTOUT            1
 **********
 **********
 **    2 **SET NOWARNINGS 
 **********
 PARAMETER DEFINITIONS:
    NO.   NAME         VALUE      STEP SIZE      LIMITS
     1 A_CBO        1.00010e-02  1.00000e-05     no limits
     2 w_CBO        2.32704e+00  1.00000e-02    2.00000e+00  3.00000e+00
     3 phi_CBO      5.08859e+00  1.00000e-02    0.00000e+00  6.28319e+00
 **********
 **    3 **MIGRAD
 **********
 FIRST CALL TO USER FUNCTION AT NEW START POINT, WITH IFLAG=4.
 START MIGRAD MINIMIZATION.  STRATEGY  1.  CONVERGENCE WHEN EDM .LT. 1.00e-04
 FCN=0.383032 FROM MIGRAD    STATUS=INITIATE       12 CALLS          13 TOTAL
                     EDM= unknown      STRATEGY= 1      NO ERROR MATRIX       
  EXT PARAMETER               CURRENT GUESS       STEP         FIRST   
  NO.   NAME      VALUE            ERROR          SIZE      DERIVATIVE 
   1  A_CBO        1.00010e-02   1.00000e-05   1.00000e-05   8.11084e+00
   2  w_CBO        2.32704e+00   1.00000e-02   2.13182e-02   5.55401e+00
   3  phi_CBO      5.08859e+00   1.00000e-02   4.05596e-03  -5.52714e-02
 MIGRAD MINIMIZATION HAS CONVERGED.
 MIGRAD WILL VERIFY CONVERGENCE AND ERROR MATRIX.
 COVARIANCE MATRIX CALCULATED SUCCESSFULLY
 FCN=0.350678 FROM HESSE     STATUS=OK             16 CALLS          61 TOTAL
                     EDM=0.000754133    STRATEGY= 1      ERROR MATRIX ACCURATE 
  EXT PARAMETER                                   STEP         FIRST   
  NO.   NAME      VALUE            ERROR          SIZE      DERIVATIVE 
   1  A_CBO        3.37217e-03   4.72888e-02   2.41808e-05   3.13218e-02
   2  w_CBO        2.32629e+00   3.36087e-01   3.33656e-05   2.07464e-02
   3  phi_CBO      5.38275e+00   3.47163e+00   4.00464e-03   4.45205e-04
 MIGRAD MINIMIZATION HAS CONVERGED.
 MIGRAD WILL VERIFY CONVERGENCE AND ERROR MATRIX.
 COVARIANCE MATRIX CALCULATED SUCCESSFULLY
 FCN=0.350298 FROM MIGRAD    STATUS=CONVERGED     118 CALLS         119 TOTAL
                     EDM=9.6122e-07    STRATEGY= 1      ERROR MATRIX ACCURATE 
  EXT PARAMETER                                   STEP         FIRST   
  NO.   NAME      VALUE            ERROR          SIZE      DERIVATIVE 
   1  A_CBO        3.43730e-03   4.27960e-02   2.41966e-05  -9.77176e-03
   2  w_CBO        2.32139e+00   2.48536e-01   2.95692e-05  -1.66034e-03
   3  phi_CBO      2.87006e+00   4.64699e+00   2.25938e-03   5.16394e-05
 EXTERNAL ERROR MATRIX.    NDIM=  25    NPAR=  3    ERR DEF=1
  1.831e-03 -9.456e-04 -4.852e-01 
 -9.456e-04  6.868e-02  3.499e+01 
 -4.852e-01  3.499e+01  1.798e+04 
 PARAMETER  CORRELATION COEFFICIENTS  
       NO.  GLOBAL      1      2      3
        1  0.08458   1.000 -0.084 -0.085
        2  0.99573  -0.084  1.000  0.996
        3  0.99573  -0.085  0.996  1.000
setting A_CBO=0.003437 w_CBO=2.321387, phi_CBO=2.870058
done fitting cbo isolate
 **********
 **    1 **SET PRINTOUT            1
 **********
 **********
 **    2 **SET NOWARNINGS 
 **********
 PARAMETER DEFINITIONS:
    NO.   NAME         VALUE      STEP SIZE      LIMITS
     1 N0           2.81782e+06  1.00000e+02     no limits
     2 tau          6.44050e+01  constant
     3 A0           3.53650e-01  1.00000e-04     no limits
     4 phi          4.11538e+00  1.00000e-02     no limits
     5 R           -6.15106e+01  constant
     6 A_CBO        3.43730e-03  1.00000e-05     no limits
     7 w_CBO        2.32139e+00  1.00000e-03     no limits
     8 phi_CBO      2.87006e+00  1.00000e-04     no limits
     9 ANx2         5.52857e-04  constant
    10 pNx2         5.73177e+00  constant
    11 ANy1         0.00000e+00  constant
    12 pNy1         0.00000e+00  constant
    13 w_y          0.00000e+00  constant
    14 ANy2         9.05236e-03  1.00000e-04     no limits
    15 pNy2         5.72687e+00  constant
    16 w_vw         1.43172e+01  constant
    17 LM           3.92941e-07  constant
    18 wCBO_expCoeff   2.00000e+02  1.00000e+00     no limits
    19 wCBO_expOffset   2.00000e+02  1.00000e+00     no limits
    20 wCBO_expT    3.00000e+01  1.00000e+00     no limits
    21 wCBO_linCoeff   0.00000e+00  constant
    22 wCBO_const   0.00000e+00  1.00000e-02     no limits
MINUIT - FIT ONLY WIGGLE
 **********
 **    3 **FIX            5
 **********
 PARAMETER    5  IS CONSTANT.   IGNORED.
 **********
 **    4 **FIX            6
 **********
 **********
 **    5 **FIX            7
 **********
 **********
 **    6 **FIX            8
 **********
 **********
 **    7 **FIX            9
 **********
 PARAMETER    9  IS CONSTANT.   IGNORED.
 **********
 **    8 **FIX           10
 **********
 PARAMETER   10  IS CONSTANT.   IGNORED.
 **********
 **    9 **FIX           11
 **********
 PARAMETER   11  IS CONSTANT.   IGNORED.
 **********
 **   10 **FIX           12
 **********
 PARAMETER   12  IS CONSTANT.   IGNORED.
 **********
 **   11 **FIX           13
 **********
 PARAMETER   13  IS CONSTANT.   IGNORED.
 **********
 **   12 **FIX           14
 **********
 **********
 **   13 **FIX           15
 **********
 PARAMETER   15  IS CONSTANT.   IGNORED.
 **********
 **   14 **FIX           16
 **********
 PARAMETER   16  IS CONSTANT.   IGNORED.
 **********
 **   15 **MIGRAD
 **********
 FIRST CALL TO USER FUNCTION AT NEW START POINT, WITH IFLAG=4.
 START MIGRAD MINIMIZATION.  STRATEGY  1.  CONVERGENCE WHEN EDM .LT. 1.00e-04
 FCN=345.397 FROM MIGRAD    STATUS=INITIATE      104 CALLS         105 TOTAL
                     EDM= unknown      STRATEGY= 1      NO ERROR MATRIX       
  EXT PARAMETER               CURRENT GUESS       STEP         FIRST   
  NO.   NAME      VALUE            ERROR          SIZE      DERIVATIVE 
   1  N0           2.81782e+06   1.00000e+02   0.00000e+00   7.97457e-04
   2  tau          6.44050e+01   constant   
   3  A0           3.53650e-01   1.00000e-04   0.00000e+00  -4.30800e+02
   4  phi          4.11538e+00   1.00000e-02   0.00000e+00  -2.24416e+02
   5  R           -6.15106e+01   constant   
   6  A_CBO        3.43730e-03     fixed    
   7  w_CBO        2.32139e+00     fixed    
   8  phi_CBO      2.87006e+00     fixed    
   9  ANx2         5.52857e-04   constant   
  10  pNx2         5.73177e+00   constant   
  11  ANy1         0.00000e+00   constant   
  12  pNy1         0.00000e+00   constant   
  13  w_y          0.00000e+00   constant   
  14  ANy2         9.05236e-03     fixed    
  15  pNy2         5.72687e+00   constant   
  16  w_vw         1.43172e+01   constant   
  17  LM           3.92941e-07   constant   
  18  wCBO_expCoeff   2.02451e+02   1.00000e+00  -1.21013e+00  -1.57522e-01
  19  wCBO_expOffset   2.00000e+02   1.00000e+00   0.00000e+00  -1.06302e+00
  20  wCBO_expT    3.00000e+01   1.00000e+00   0.00000e+00  -8.07983e+00
  21  wCBO_linCoeff   0.00000e+00   constant   
  22  wCBO_const  -1.10685e-03   1.00000e-02   0.00000e+00   2.09151e+03
 MIGRAD MINIMIZATION HAS CONVERGED.
 FCN=342.343 FROM MIGRAD    STATUS=CONVERGED     306 CALLS         307 TOTAL
                     EDM=2.03597e-07    STRATEGY= 1  ERROR MATRIX UNCERTAINTY   3.9 per cent
  EXT PARAMETER                                   STEP         FIRST   
  NO.   NAME      VALUE            ERROR          SIZE      DERIVATIVE 
   1  N0           2.81560e+06   2.26696e+03  -3.68308e+00   2.73586e-07
   2  tau          6.44050e+01   constant   
   3  A0           3.53448e-01   1.08674e-03  -2.78798e-07  -2.64641e-03
   4  phi          4.11641e+00   3.22273e-03   8.32135e-06   5.88646e-02
   5  R           -6.15106e+01   constant   
   6  A_CBO        3.43730e-03     fixed    
   7  w_CBO        2.32139e+00     fixed    
   8  phi_CBO      2.87006e+00     fixed    
   9  ANx2         5.52857e-04   constant   
  10  pNx2         5.73177e+00   constant   
  11  ANy1         0.00000e+00   constant   
  12  pNy1         0.00000e+00   constant   
  13  w_y          0.00000e+00   constant   
  14  ANy2         9.05236e-03     fixed    
  15  pNy2         5.72687e+00   constant   
  16  w_vw         1.43172e+01   constant   
  17  LM           3.92941e-07   constant   
  18  wCBO_expCoeff   2.03033e+02   1.15155e+00   9.12950e-04  -3.95523e-05
  19  wCBO_expOffset   2.02468e+02   3.68459e+00   2.91887e-03  -2.67502e-04
  20  wCBO_expT    2.97140e+01   5.20690e-01  -4.23237e-04  -3.90710e-03
  21  wCBO_linCoeff   0.00000e+00   constant   
  22  wCBO_const  -1.60263e-03   8.10709e-04   4.97309e-07  -6.42560e-01
 EXTERNAL ERROR MATRIX.    NDIM=  25    NPAR=  7    ERR DEF=1
  5.139e+06  9.015e-02 -6.008e-01 -1.704e+03 -1.819e+03  2.984e+02 -1.868e-01 
  9.015e-02  1.181e-06  3.888e-10 -1.203e-05 -1.264e-04  1.559e-05  2.458e-08 
 -6.008e-01  3.888e-10  1.039e-05  2.488e-05  1.137e-03 -1.715e-04  1.254e-07 
 -1.704e+03 -1.203e-05  2.488e-05  1.326e+00 -1.878e+00  2.419e-01 -3.369e-04 
 -1.819e+03 -1.264e-04  1.137e-03 -1.878e+00  1.358e+01 -1.914e+00  2.184e-03 
  2.984e+02  1.559e-05 -1.715e-04  2.419e-01 -1.914e+00  2.711e-01 -3.176e-04 
 -1.868e-01  2.458e-08  1.254e-07 -3.369e-04  2.184e-03 -3.176e-04  6.572e-07 
 PARAMETER  CORRELATION COEFFICIENTS  
       NO.  GLOBAL      1      3      4     18     19     20     22
        1  0.86449   1.000  0.037 -0.082 -0.653 -0.218  0.253 -0.102
        3  0.10460   0.037  1.000  0.000 -0.010 -0.032  0.028  0.028
        4  0.18018  -0.082  0.000  1.000  0.007  0.096 -0.102  0.048
       18  0.91260  -0.653 -0.010  0.007  1.000 -0.443  0.403 -0.361
       19  0.99921  -0.218 -0.032  0.096 -0.443  1.000 -0.998  0.731
       20  0.99924   0.253  0.028 -0.102  0.403 -0.998  1.000 -0.752
       22  0.86837  -0.102  0.028  0.048 -0.361  0.731 -0.752  1.000
MINUIT - FIT ONLY 1-CBO + other amplitudes 
 **********
 **   16 **RES 
 **********
                   PARAMETER   14  ANy2 RESTORED TO VARIABLE.
                   PARAMETER    8  phi_CBO RESTORED TO VARIABLE.
                   PARAMETER    7  w_CBO RESTORED TO VARIABLE.
                   PARAMETER    6  A_CBO RESTORED TO VARIABLE.
 **********
 **   17 **FIX            0
 **********
 PARAMETER    0  IS UNDEFINED. IGNORED.
 **********
 **   18 **FIX            1
 **********
 **********
 **   19 **FIX            2
 **********
 PARAMETER    2  IS CONSTANT.   IGNORED.
 **********
 **   20 **FIX            3
 **********
 **********
 **   21 **FIX            4
 **********
 **********
 **   22 **FIX            9
 **********
 PARAMETER    9  IS CONSTANT.   IGNORED.
 **********
 **   23 **FIX           11
 **********
 PARAMETER   11  IS CONSTANT.   IGNORED.
 **********
 **   24 **FIX           12
 **********
 PARAMETER   12  IS CONSTANT.   IGNORED.
 **********
 **   25 **FIX           14
 **********
 **********
 **   26 **FIX           15
 **********
 PARAMETER   15  IS CONSTANT.   IGNORED.
 **********
 **   27 **FIX           16
 **********
 PARAMETER   16  IS CONSTANT.   IGNORED.
 **********
 **   28 **MIGRAD
 **********
 START MIGRAD MINIMIZATION.  STRATEGY  1.  CONVERGENCE WHEN EDM .LT. 1.00e-04
 FCN=342.343 FROM MIGRAD    STATUS=INITIATE       18 CALLS         325 TOTAL
                     EDM= unknown      STRATEGY= 1      NO ERROR MATRIX       
  EXT PARAMETER               CURRENT GUESS       STEP         FIRST   
  NO.   NAME      VALUE            ERROR          SIZE      DERIVATIVE 
   1  N0           2.81560e+06     fixed    
   2  tau          6.44050e+01   constant   
   3  A0           3.53448e-01     fixed    
   4  phi          4.11641e+00     fixed    
   5  R           -6.15106e+01   constant   
   6  A_CBO        3.43730e-03   1.00000e-05   1.00000e-05   3.44392e+03
   7  w_CBO        2.32139e+00   1.00000e-03   1.00000e-03  -2.78111e-01
   8  phi_CBO      2.87006e+00   1.00000e-04   1.00000e-04  -6.80309e-01
   9  ANx2         5.52857e-04   constant   
  10  pNx2         5.73177e+00   constant   
  11  ANy1         0.00000e+00   constant   
  12  pNy1         0.00000e+00   constant   
  13  w_y          0.00000e+00   constant   
  14  ANy2         9.05236e-03     fixed    
  15  pNy2         5.72687e+00   constant   
  16  w_vw         1.43172e+01   constant   
  17  LM           3.92941e-07   constant   
  18  wCBO_expCoeff   2.03033e+02   1.15155e+00   9.12950e-04  -3.95510e-05
  19  wCBO_expOffset   2.02468e+02   3.68459e+00   2.91887e-03  -2.67493e-04
  20  wCBO_expT    2.97140e+01   5.20690e-01  -4.23237e-04  -3.90703e-03
  21  wCBO_linCoeff   0.00000e+00   constant   
  22  wCBO_const  -1.60263e-03   8.10709e-04   4.97309e-07  -6.42562e-01
 MIGRAD MINIMIZATION HAS CONVERGED.
 MIGRAD WILL VERIFY CONVERGENCE AND ERROR MATRIX.
 COVARIANCE MATRIX CALCULATED SUCCESSFULLY
 FCN=338.609 FROM MIGRAD    STATUS=CONVERGED     200 CALLS         507 TOTAL
                     EDM=2.62239e-08    STRATEGY= 1      ERROR MATRIX ACCURATE 
  EXT PARAMETER                                   STEP         FIRST   
  NO.   NAME      VALUE            ERROR          SIZE      DERIVATIVE 
   1  N0           2.81560e+06     fixed    
   2  tau          6.44050e+01   constant   
   3  A0           3.53448e-01     fixed    
   4  phi          4.11641e+00     fixed    
   5  R           -6.15106e+01   constant   
   6  A_CBO        1.30783e-03   1.11706e-03   1.00067e-05  -3.77252e-02
   7  w_CBO        2.32139e+00   1.09702e-01   8.78418e-06   1.55106e-01
   8  phi_CBO      3.10068e+00   1.09212e+00   8.24430e-03   5.87371e-06
   9  ANx2         5.52857e-04   constant   
  10  pNx2         5.73177e+00   constant   
  11  ANy1         0.00000e+00   constant   
  12  pNy1         0.00000e+00   constant   
  13  w_y          0.00000e+00   constant   
  14  ANy2         9.05236e-03     fixed    
  15  pNy2         5.72687e+00   constant   
  16  w_vw         1.43172e+01   constant   
  17  LM           3.92941e-07   constant   
  18  wCBO_expCoeff   2.01602e+02   3.01930e+01   9.45297e-03   1.26708e-04
  19  wCBO_expOffset   2.02259e+02   4.47701e+00   1.39608e-03   8.58158e-04
  20  wCBO_expT    2.97706e+01   4.02126e-01   1.92213e-04   6.05743e-03
  21  wCBO_linCoeff   0.00000e+00   constant   
  22  wCBO_const  -1.55376e-03   4.71605e-02   4.01175e-06   3.35036e-01
 EXTERNAL ERROR MATRIX.    NDIM=  25    NPAR=  7    ERR DEF=1
  1.248e-06  6.703e-07  2.177e-05  4.595e-04  6.992e-05 -1.898e-05 -2.622e-07 
  6.703e-07  1.203e-02 -5.246e-04 -4.457e-01 -7.084e-02 -2.552e-03 -5.173e-03 
  2.177e-05 -5.246e-04  1.193e+00 -6.257e-01 -9.537e-02  2.465e-02  5.491e-04 
  4.595e-04 -4.457e-01 -6.257e-01  9.116e+02 -1.040e+02 -3.604e+00  1.967e-01 
  6.992e-05 -7.084e-02 -9.537e-02 -1.040e+02  2.004e+01 -5.466e-01  3.123e-02 
 -1.898e-05 -2.552e-03  2.465e-02 -3.604e+00 -5.466e-01  1.617e-01  8.564e-04 
 -2.622e-07 -5.173e-03  5.491e-04  1.967e-01  3.123e-02  8.564e-04  2.224e-03 
 PARAMETER  CORRELATION COEFFICIENTS  
       NO.  GLOBAL      6      7      8     18     19     20     22
        6  0.09452   1.000  0.005  0.018  0.014  0.014 -0.042 -0.005
        7  0.99996   0.005  1.000 -0.004 -0.135 -0.144 -0.058 -1.000
        8  0.54436   0.018 -0.004  1.000 -0.019 -0.020  0.056  0.011
       18  0.99939   0.014 -0.135 -0.019  1.000 -0.769 -0.297  0.138
       19  0.99940   0.014 -0.144 -0.020 -0.769  1.000 -0.304  0.148
       20  0.99859  -0.042 -0.058  0.056 -0.297 -0.304  1.000  0.045
       22  0.99996  -0.005 -1.000  0.011  0.138  0.148  0.045  1.000
MINUIT - FIT ONLY 1-CBO
 **********
 **   29 **RES 
 **********
                   PARAMETER   14  ANy2 RESTORED TO VARIABLE.
                   PARAMETER    4  phi RESTORED TO VARIABLE.
                   PARAMETER    3  A0 RESTORED TO VARIABLE.
                   PARAMETER    1  N0 RESTORED TO VARIABLE.
 **********
 **   30 **FIX            0
 **********
 PARAMETER    0  IS UNDEFINED. IGNORED.
 **********
 **   31 **FIX            1
 **********
 **********
 **   32 **FIX            2
 **********
 PARAMETER    2  IS CONSTANT.   IGNORED.
 **********
 **   33 **FIX            3
 **********
 **********
 **   34 **FIX            4
 **********
 **********
 **   35 **FIX            8
 **********
 **********
 **   36 **FIX            9
 **********
 PARAMETER    9  IS CONSTANT.   IGNORED.
 **********
 **   37 **FIX           11
 **********
 PARAMETER   11  IS CONSTANT.   IGNORED.
 **********
 **   38 **FIX           12
 **********
 PARAMETER   12  IS CONSTANT.   IGNORED.
 **********
 **   39 **FIX           13
 **********
 PARAMETER   13  IS CONSTANT.   IGNORED.
 **********
 **   40 **FIX           15
 **********
 PARAMETER   15  IS CONSTANT.   IGNORED.
 **********
 **   41 **FIX           16
 **********
 PARAMETER   16  IS CONSTANT.   IGNORED.
 **********
 **   42 **MIGRAD
 **********
 START MIGRAD MINIMIZATION.  STRATEGY  1.  CONVERGENCE WHEN EDM .LT. 1.00e-04
 FCN=338.609 FROM MIGRAD    STATUS=INITIATE       16 CALLS         523 TOTAL
                     EDM= unknown      STRATEGY= 1      NO ERROR MATRIX       
  EXT PARAMETER               CURRENT GUESS       STEP         FIRST   
  NO.   NAME      VALUE            ERROR          SIZE      DERIVATIVE 
   1  N0           2.81560e+06     fixed    
   2  tau          6.44050e+01   constant   
   3  A0           3.53448e-01     fixed    
   4  phi          4.11641e+00     fixed    
   5  R           -6.15106e+01   constant   
   6  A_CBO        1.30783e-03   1.11706e-03   1.00067e-05  -3.77253e-02
   7  w_CBO        2.32139e+00   1.09702e-01   8.78418e-06   1.54970e-01
   8  phi_CBO      3.10068e+00     fixed    
   9  ANx2         5.52857e-04   constant   
  10  pNx2         5.73177e+00   constant   
  11  ANy1         0.00000e+00   constant   
  12  pNy1         0.00000e+00   constant   
  13  w_y          0.00000e+00   constant   
  14  ANy2         9.05236e-03   1.00000e-04   1.00000e-04   1.28807e+04
  15  pNy2         5.72687e+00   constant   
  16  w_vw         1.43172e+01   constant   
  17  LM           3.92941e-07   constant   
  18  wCBO_expCoeff   2.01602e+02   3.01930e+01   9.45297e-03   1.24799e-04
  19  wCBO_expOffset   2.02259e+02   4.47701e+00   1.39608e-03   8.47837e-04
  20  wCBO_expT    2.97706e+01   4.02126e-01   1.92213e-04   5.95459e-03
  21  wCBO_linCoeff   0.00000e+00   constant   
  22  wCBO_const  -1.55376e-03   4.71605e-02   4.01175e-06   3.35037e-01
 MIGRAD MINIMIZATION HAS CONVERGED.
 MIGRAD WILL VERIFY CONVERGENCE AND ERROR MATRIX.
 COVARIANCE MATRIX CALCULATED SUCCESSFULLY
 FCN=283.519 FROM MIGRAD    STATUS=CONVERGED     113 CALLS         620 TOTAL
                     EDM=7.94326e-05    STRATEGY= 1      ERROR MATRIX ACCURATE 
  EXT PARAMETER                                   STEP         FIRST   
  NO.   NAME      VALUE            ERROR          SIZE      DERIVATIVE 
   1  N0           2.81560e+06     fixed    
   2  tau          6.44050e+01   constant   
   3  A0           3.53448e-01     fixed    
   4  phi          4.11641e+00     fixed    
   5  R           -6.15106e+01   constant   
   6  A_CBO        1.30357e-03   1.11679e-03   9.15908e-06  -1.94910e+00
   7  w_CBO        2.32138e+00   1.28188e-01   8.04724e-06   3.50602e-01
   8  phi_CBO      3.10068e+00     fixed    
   9  ANx2         5.52857e-04   constant   
  10  pNx2         5.73177e+00   constant   
  11  ANy1         0.00000e+00   constant   
  12  pNy1         0.00000e+00   constant   
  13  w_y          0.00000e+00   constant   
  14  ANy2         4.98527e-04   1.15246e-03   9.49184e-06  -1.81756e-04
  15  pNy2         5.72687e+00   constant   
  16  w_vw         1.43172e+01   constant   
  17  LM           3.92941e-07   constant   
  18  wCBO_expCoeff   2.01608e+02   3.58937e+01   8.69065e-03  -5.34741e-04
  19  wCBO_expOffset   2.02260e+02   5.32750e+00   1.28334e-03  -3.62119e-03
  20  wCBO_expT    2.97707e+01   4.23782e-01   1.76646e-04   5.39649e-03
  21  wCBO_linCoeff   0.00000e+00   constant   
  22  wCBO_const  -1.55534e-03   5.51123e-02   3.67408e-06   9.23125e-01
 EXTERNAL ERROR MATRIX.    NDIM=  25    NPAR=  7    ERR DEF=1
  1.247e-06  7.885e-07  1.390e-09  5.227e-04  8.063e-05 -2.217e-05 -3.125e-07 
  7.885e-07  1.643e-02 -4.491e-09 -6.186e-01 -1.008e-01 -2.682e-03 -7.064e-03 
  1.390e-09 -4.491e-09  1.328e-06 -6.385e-06 -9.937e-07  2.322e-07  1.853e-09 
  5.227e-04 -6.186e-01 -6.385e-06  1.288e+03 -1.548e+02 -3.981e+00  2.719e-01 
  8.063e-05 -1.008e-01 -9.937e-07 -1.548e+02  2.838e+01 -6.122e-01  4.423e-02 
 -2.217e-05 -2.682e-03  2.322e-07 -3.981e+00 -6.122e-01  1.796e-01  8.793e-04 
 -3.125e-07 -7.064e-03  1.853e-09  2.719e-01  4.423e-02  8.793e-04  3.037e-03 
 PARAMETER  CORRELATION COEFFICIENTS  
       NO.  GLOBAL      6      7     14     18     19     20     22
        6  0.09212   1.000  0.006  0.001  0.013  0.014 -0.047 -0.005
        7  0.99997   0.006  1.000 -0.000 -0.134 -0.148 -0.049 -1.000
       14  0.00231   0.001 -0.000  1.000 -0.000 -0.000  0.000  0.000
       18  0.99957   0.013 -0.134 -0.000  1.000 -0.809 -0.262  0.137
       19  0.99957   0.014 -0.148 -0.000 -0.809  1.000 -0.271  0.151
       20  0.99872  -0.047 -0.049  0.000 -0.262 -0.271  1.000  0.038
       22  0.99997  -0.005 -1.000  0.000  0.137  0.151  0.038  1.000
MINUIT - FIT ONLY 2-CBO
 **********
 **   43 **RES 
 **********
                   PARAMETER    8  phi_CBO RESTORED TO VARIABLE.
                   PARAMETER    4  phi RESTORED TO VARIABLE.
                   PARAMETER    3  A0 RESTORED TO VARIABLE.
                   PARAMETER    1  N0 RESTORED TO VARIABLE.
 **********
 **   44 **FIX            0
 **********
 PARAMETER    0  IS UNDEFINED. IGNORED.
 **********
 **   45 **FIX            1
 **********
 **********
 **   46 **FIX            2
 **********
 PARAMETER    2  IS CONSTANT.   IGNORED.
 **********
 **   47 **FIX            3
 **********
 **********
 **   48 **FIX            4
 **********
 **********
 **   49 **FIX            5
 **********
 PARAMETER    5  IS CONSTANT.   IGNORED.
 **********
 **   50 **FIX            6
 **********
 **********
 **   51 **FIX            7
 **********
 **********
 **   52 **FIX           10
 **********
 PARAMETER   10  IS CONSTANT.   IGNORED.
 **********
 **   53 **FIX           11
 **********
 PARAMETER   11  IS CONSTANT.   IGNORED.
 **********
 **   54 **FIX           12
 **********
 PARAMETER   12  IS CONSTANT.   IGNORED.
 **********
 **   55 **FIX           13
 **********
 PARAMETER   13  IS CONSTANT.   IGNORED.
 **********
 **   56 **FIX           14
 **********
 **********
 **   57 **FIX           15
 **********
 PARAMETER   15  IS CONSTANT.   IGNORED.
 **********
 **   58 **FIX           16
 **********
 PARAMETER   16  IS CONSTANT.   IGNORED.
 **********
 **   59 **MIGRAD
 **********
 START MIGRAD MINIMIZATION.  STRATEGY  1.  CONVERGENCE WHEN EDM .LT. 1.00e-04
 FCN=283.519 FROM MIGRAD    STATUS=INITIATE       10 CALLS         630 TOTAL
                     EDM= unknown      STRATEGY= 1      NO ERROR MATRIX       
  EXT PARAMETER               CURRENT GUESS       STEP         FIRST   
  NO.   NAME      VALUE            ERROR          SIZE      DERIVATIVE 
   1  N0           2.81560e+06     fixed    
   2  tau          6.44050e+01   constant   
   3  A0           3.53448e-01     fixed    
   4  phi          4.11641e+00     fixed    
   5  R           -6.15106e+01   constant   
   6  A_CBO        1.30357e-03     fixed    
   7  w_CBO        2.32138e+00     fixed    
   8  phi_CBO      3.10068e+00   1.09212e+00   1.09212e+00  -2.33724e-03
   9  ANx2         5.52857e-04   constant   
  10  pNx2         5.73177e+00   constant   
  11  ANy1         0.00000e+00   constant   
  12  pNy1         0.00000e+00   constant   
  13  w_y          0.00000e+00   constant   
  14  ANy2         4.98527e-04     fixed    
  15  pNy2         5.72687e+00   constant   
  16  w_vw         1.43172e+01   constant   
  17  LM           3.92941e-07   constant   
  18  wCBO_expCoeff   2.01608e+02   3.58937e+01   8.69065e-03  -5.35980e-04
  19  wCBO_expOffset   2.02260e+02   5.32750e+00   1.28334e-03  -3.62739e-03
  20  wCBO_expT    2.97707e+01   4.23782e-01   1.76646e-04   5.32493e-03
  21  wCBO_linCoeff   0.00000e+00   constant   
  22  wCBO_const  -1.55534e-03   5.51123e-02   3.67408e-06   9.23145e-01
 MIGRAD MINIMIZATION HAS CONVERGED.
 MIGRAD WILL VERIFY CONVERGENCE AND ERROR MATRIX.
 COVARIANCE MATRIX CALCULATED SUCCESSFULLY
 FCN=283.519 FROM MIGRAD    STATUS=CONVERGED      53 CALLS         673 TOTAL
                     EDM=7.30223e-05    STRATEGY= 1      ERROR MATRIX ACCURATE 
  EXT PARAMETER                                   STEP         FIRST   
  NO.   NAME      VALUE            ERROR          SIZE      DERIVATIVE 
   1  N0           2.81560e+06     fixed    
   2  tau          6.44050e+01   constant   
   3  A0           3.53448e-01     fixed    
   4  phi          4.11641e+00     fixed    
   5  R           -6.15106e+01   constant   
   6  A_CBO        1.30357e-03     fixed    
   7  w_CBO        2.32138e+00     fixed    
   8  phi_CBO      3.10179e+00   1.09382e+00   7.56655e-03   1.76759e-04
   9  ANx2         5.52857e-04   constant   
  10  pNx2         5.73177e+00   constant   
  11  ANy1         0.00000e+00   constant   
  12  pNy1         0.00000e+00   constant   
  13  w_y          0.00000e+00   constant   
  14  ANy2         4.98527e-04     fixed    
  15  pNy2         5.72687e+00   constant   
  16  w_vw         1.43172e+01   constant   
  17  LM           3.92941e-07   constant   
  18  wCBO_expCoeff   2.01608e+02   3.52366e+01   8.69107e-03  -4.71422e-04
  19  wCBO_expOffset   2.02260e+02   5.21983e+00   1.28338e-03  -3.19240e-03
  20  wCBO_expT    2.97707e+01   4.22537e-01   1.76663e-04   4.78164e-03
  21  wCBO_linCoeff   0.00000e+00   constant   
  22  wCBO_const  -1.55545e-03   9.42913e-04   3.67517e-06  -1.22027e+00
 EXTERNAL ERROR MATRIX.    NDIM=  25    NPAR=  5    ERR DEF=1
  1.196e+00 -7.198e-01 -1.113e-01  2.810e-02  3.161e-04 
 -7.198e-01  1.242e+03 -1.552e+02 -4.072e+00  5.700e-03 
 -1.113e-01 -1.552e+02  2.725e+01 -6.263e-01  8.740e-04 
  2.810e-02 -4.072e+00 -6.263e-01  1.785e-01 -2.644e-04 
  3.161e-04  5.700e-03  8.740e-04 -2.644e-04  8.891e-07 
 PARAMETER  CORRELATION COEFFICIENTS  
       NO.  GLOBAL      8     18     19     20     22
        8  0.54277   1.000 -0.019 -0.019  0.061  0.306
       18  0.99955  -0.019  1.000 -0.844 -0.273  0.172
       19  0.99955  -0.019 -0.844  1.000 -0.284  0.178
       20  0.99871   0.061 -0.273 -0.284  1.000 -0.664
       22  0.88093   0.306  0.172  0.178 -0.664  1.000
MINUIT - FIT ONLY 1-y
 **********
 **   60 **RES 
 **********
                   PARAMETER   14  ANy2 RESTORED TO VARIABLE.
                   PARAMETER    7  w_CBO RESTORED TO VARIABLE.
                   PARAMETER    6  A_CBO RESTORED TO VARIABLE.
                   PARAMETER    4  phi RESTORED TO VARIABLE.
                   PARAMETER    3  A0 RESTORED TO VARIABLE.
                   PARAMETER    1  N0 RESTORED TO VARIABLE.
 **********
 **   61 **FIX            0
 **********
 PARAMETER    0  IS UNDEFINED. IGNORED.
 **********
 **   62 **FIX            1
 **********
 **********
 **   63 **FIX            2
 **********
 PARAMETER    2  IS CONSTANT.   IGNORED.
 **********
 **   64 **FIX            3
 **********
 **********
 **   65 **FIX            4
 **********
 **********
 **   66 **FIX            5
 **********
 PARAMETER    5  IS CONSTANT.   IGNORED.
 **********
 **   67 **FIX            6
 **********
 **********
 **   68 **FIX            7
 **********
 **********
 **   69 **FIX            8
 **********
 **********
 **   70 **FIX            9
 **********
 PARAMETER    9  IS CONSTANT.   IGNORED.
 **********
 **   71 **FIX           13
 **********
 PARAMETER   13  IS CONSTANT.   IGNORED.
 **********
 **   72 **FIX           14
 **********
 **********
 **   73 **FIX           15
 **********
 PARAMETER   15  IS CONSTANT.   IGNORED.
 **********
 **   74 **FIX           16
 **********
 PARAMETER   16  IS CONSTANT.   IGNORED.
 **********
 **   75 **MIGRAD
 **********
 START MIGRAD MINIMIZATION.  STRATEGY  1.  CONVERGENCE WHEN EDM .LT. 1.00e-04
 FCN=283.519 FROM MIGRAD    STATUS=INITIATE        8 CALLS         681 TOTAL
                     EDM= unknown      STRATEGY= 1      NO ERROR MATRIX       
  EXT PARAMETER               CURRENT GUESS       STEP         FIRST   
  NO.   NAME      VALUE            ERROR          SIZE      DERIVATIVE 
   1  N0           2.81560e+06     fixed    
   2  tau          6.44050e+01   constant   
   3  A0           3.53448e-01     fixed    
   4  phi          4.11641e+00     fixed    
   5  R           -6.15106e+01   constant   
   6  A_CBO        1.30357e-03     fixed    
   7  w_CBO        2.32138e+00     fixed    
   8  phi_CBO      3.10179e+00     fixed    
   9  ANx2         5.52857e-04   constant   
  10  pNx2         5.73177e+00   constant   
  11  ANy1         0.00000e+00   constant   
  12  pNy1         0.00000e+00   constant   
  13  w_y          0.00000e+00   constant   
  14  ANy2         4.98527e-04     fixed    
  15  pNy2         5.72687e+00   constant   
  16  w_vw         1.43172e+01   constant   
  17  LM           3.92941e-07   constant   
  18  wCBO_expCoeff   2.01608e+02   3.52366e+01   8.69107e-03  -4.72685e-04
  19  wCBO_expOffset   2.02260e+02   5.21983e+00   1.28338e-03  -3.19876e-03
  20  wCBO_expT    2.97707e+01   4.22537e-01   1.76663e-04   4.70900e-03
  21  wCBO_linCoeff   0.00000e+00   constant   
  22  wCBO_const  -1.55545e-03   9.42913e-04   3.67517e-06  -1.22025e+00
 MIGRAD MINIMIZATION HAS CONVERGED.
 MIGRAD WILL VERIFY CONVERGENCE AND ERROR MATRIX.
 COVARIANCE MATRIX CALCULATED SUCCESSFULLY
 FCN=283.519 FROM MIGRAD    STATUS=CONVERGED      41 CALLS         714 TOTAL
                     EDM=7.25103e-05    STRATEGY= 1      ERROR MATRIX ACCURATE 
  EXT PARAMETER                                   STEP         FIRST   
  NO.   NAME      VALUE            ERROR          SIZE      DERIVATIVE 
   1  N0           2.81560e+06     fixed    
   2  tau          6.44050e+01   constant   
   3  A0           3.53448e-01     fixed    
   4  phi          4.11641e+00     fixed    
   5  R           -6.15106e+01   constant   
   6  A_CBO        1.30357e-03     fixed    
   7  w_CBO        2.32138e+00     fixed    
   8  phi_CBO      3.10179e+00     fixed    
   9  ANx2         5.52857e-04   constant   
  10  pNx2         5.73177e+00   constant   
  11  ANy1         0.00000e+00   constant   
  12  pNy1         0.00000e+00   constant   
  13  w_y          0.00000e+00   constant   
  14  ANy2         4.98527e-04     fixed    
  15  pNy2         5.72687e+00   constant   
  16  w_vw         1.43172e+01   constant   
  17  LM           3.92941e-07   constant   
  18  wCBO_expCoeff   2.01608e+02   3.50754e+01   8.69153e-03   7.49385e-05
  19  wCBO_expOffset   2.02260e+02   5.19420e+00   1.28344e-03   5.07580e-04
  20  wCBO_expT    2.97707e+01   4.21200e-01   1.76672e-04   3.20178e-02
  21  wCBO_linCoeff   0.00000e+00   constant   
  22  wCBO_const  -1.55539e-03   8.96962e-04   3.67524e-06  -3.88365e-02
 EXTERNAL ERROR MATRIX.    NDIM=  25    NPAR=  4    ERR DEF=1
  1.230e+03 -1.537e+02 -4.053e+00  5.887e-03 
 -1.537e+02  2.698e+01 -6.207e-01  8.990e-04 
 -4.053e+00 -6.207e-01  1.774e-01 -2.712e-04 
  5.887e-03  8.990e-04 -2.712e-04  8.045e-07 
 PARAMETER  CORRELATION COEFFICIENTS  
       NO.  GLOBAL     18     19     20     22
       18  0.99955   1.000 -0.843 -0.274  0.187
       19  0.99955  -0.843  1.000 -0.284  0.193
       20  0.99870  -0.274 -0.284  1.000 -0.718
       22  0.86747   0.187  0.193 -0.718  1.000
MINUIT - FIT ONLY 2-y
 **********
 **   76 **RES 
 **********
                   PARAMETER   14  ANy2 RESTORED TO VARIABLE.
                   PARAMETER    8  phi_CBO RESTORED TO VARIABLE.
                   PARAMETER    7  w_CBO RESTORED TO VARIABLE.
                   PARAMETER    6  A_CBO RESTORED TO VARIABLE.
                   PARAMETER    4  phi RESTORED TO VARIABLE.
                   PARAMETER    3  A0 RESTORED TO VARIABLE.
                   PARAMETER    1  N0 RESTORED TO VARIABLE.
 **********
 **   77 **FIX            0
 **********
 PARAMETER    0  IS UNDEFINED. IGNORED.
 **********
 **   78 **FIX            1
 **********
 **********
 **   79 **FIX            2
 **********
 PARAMETER    2  IS CONSTANT.   IGNORED.
 **********
 **   80 **FIX            3
 **********
 **********
 **   81 **FIX            4
 **********
 **********
 **   82 **FIX            5
 **********
 PARAMETER    5  IS CONSTANT.   IGNORED.
 **********
 **   83 **FIX            6
 **********
 **********
 **   84 **FIX            7
 **********
 **********
 **   85 **FIX            8
 **********
 **********
 **   86 **FIX            9
 **********
 PARAMETER    9  IS CONSTANT.   IGNORED.
 **********
 **   87 **FIX           10
 **********
 PARAMETER   10  IS CONSTANT.   IGNORED.
 **********
 **   88 **FIX           11
 **********
 PARAMETER   11  IS CONSTANT.   IGNORED.
 **********
 **   89 **FIX           12
 **********
 PARAMETER   12  IS CONSTANT.   IGNORED.
 **********
 **   90 **FIX           16
 **********
 PARAMETER   16  IS CONSTANT.   IGNORED.
 **********
 **   91 **MIGRAD
 **********
 START MIGRAD MINIMIZATION.  STRATEGY  1.  CONVERGENCE WHEN EDM .LT. 1.00e-04
 FCN=283.519 FROM MIGRAD    STATUS=INITIATE       10 CALLS         724 TOTAL
                     EDM= unknown      STRATEGY= 1      NO ERROR MATRIX       
  EXT PARAMETER               CURRENT GUESS       STEP         FIRST   
  NO.   NAME      VALUE            ERROR          SIZE      DERIVATIVE 
   1  N0           2.81560e+06     fixed    
   2  tau          6.44050e+01   constant   
   3  A0           3.53448e-01     fixed    
   4  phi          4.11641e+00     fixed    
   5  R           -6.15106e+01   constant   
   6  A_CBO        1.30357e-03     fixed    
   7  w_CBO        2.32138e+00     fixed    
   8  phi_CBO      3.10179e+00     fixed    
   9  ANx2         5.52857e-04   constant   
  10  pNx2         5.73177e+00   constant   
  11  ANy1         0.00000e+00   constant   
  12  pNy1         0.00000e+00   constant   
  13  w_y          0.00000e+00   constant   
  14  ANy2         4.98527e-04   1.15246e-03   1.15246e-03   1.06764e-03
  15  pNy2         5.72687e+00   constant   
  16  w_vw         1.43172e+01   constant   
  17  LM           3.92941e-07   constant   
  18  wCBO_expCoeff   2.01608e+02   3.50754e+01   8.69153e-03   7.36616e-05
  19  wCBO_expOffset   2.02260e+02   5.19420e+00   1.28344e-03   5.01118e-04
  20  wCBO_expT    2.97707e+01   4.21200e-01   1.76672e-04   3.19446e-02
  21  wCBO_linCoeff   0.00000e+00   constant   
  22  wCBO_const  -1.55539e-03   8.96962e-04   3.67524e-06  -3.88259e-02
 MIGRAD MINIMIZATION HAS CONVERGED.
 MIGRAD WILL VERIFY CONVERGENCE AND ERROR MATRIX.
 COVARIANCE MATRIX CALCULATED SUCCESSFULLY
 FCN=283.519 FROM MIGRAD    STATUS=CONVERGED      53 CALLS         767 TOTAL
                     EDM=7.26049e-05    STRATEGY= 1      ERROR MATRIX ACCURATE 
  EXT PARAMETER                                   STEP         FIRST   
  NO.   NAME      VALUE            ERROR          SIZE      DERIVATIVE 
   1  N0           2.81560e+06     fixed    
   2  tau          6.44050e+01   constant   
   3  A0           3.53448e-01     fixed    
   4  phi          4.11641e+00     fixed    
   5  R           -6.15106e+01   constant   
   6  A_CBO        1.30357e-03     fixed    
   7  w_CBO        2.32138e+00     fixed    
   8  phi_CBO      3.10179e+00     fixed    
   9  ANx2         5.52857e-04   constant   
  10  pNx2         5.73177e+00   constant   
  11  ANy1         0.00000e+00   constant   
  12  pNy1         0.00000e+00   constant   
  13  w_y          0.00000e+00   constant   
  14  ANy2         4.98527e-04   1.15246e-03   9.49184e-06  -6.42344e-04
  15  pNy2         5.72687e+00   constant   
  16  w_vw         1.43172e+01   constant   
  17  LM           3.92941e-07   constant   
  18  wCBO_expCoeff   2.01608e+02   3.52465e+01   8.69161e-03  -4.78097e-04
  19  wCBO_expOffset   2.02260e+02   5.22125e+00   1.28345e-03  -3.23760e-03
  20  wCBO_expT    2.97707e+01   4.21806e-01   1.76674e-04   4.79247e-03
  21  wCBO_linCoeff   0.00000e+00   constant   
  22  wCBO_const  -1.55539e-03   8.97600e-04   3.67525e-06  -9.80537e-01
 EXTERNAL ERROR MATRIX.    NDIM=  25    NPAR=  5    ERR DEF=1
  1.328e-06 -7.158e-06 -1.112e-06  2.550e-07 -1.052e-10 
 -7.158e-06  1.242e+03 -1.554e+02 -4.056e+00  5.891e-03 
 -1.112e-06 -1.554e+02  2.726e+01 -6.238e-01  9.037e-04 
  2.550e-07 -4.056e+00 -6.238e-01  1.779e-01 -2.719e-04 
 -1.052e-10  5.891e-03  9.037e-04 -2.719e-04  8.057e-07 
 PARAMETER  CORRELATION COEFFICIENTS  
       NO.  GLOBAL     14     18     19     20     22
       14  0.00204   1.000 -0.000 -0.000  0.001 -0.000
       18  0.99955  -0.000  1.000 -0.845 -0.273  0.186
       19  0.99955  -0.000 -0.845  1.000 -0.283  0.193
       20  0.99871   0.001 -0.273 -0.283  1.000 -0.718
       22  0.86767  -0.000  0.186  0.193 -0.718  1.000
MINUIT - FIT ALTOGETHER
 **********
 **   92 **RES 
 **********
                   PARAMETER    8  phi_CBO RESTORED TO VARIABLE.
                   PARAMETER    7  w_CBO RESTORED TO VARIABLE.
                   PARAMETER    6  A_CBO RESTORED TO VARIABLE.
                   PARAMETER    4  phi RESTORED TO VARIABLE.
                   PARAMETER    3  A0 RESTORED TO VARIABLE.
                   PARAMETER    1  N0 RESTORED TO VARIABLE.
 **********
 **   93 **MIGRAD
 **********
 START MIGRAD MINIMIZATION.  STRATEGY  1.  CONVERGENCE WHEN EDM .LT. 1.00e-04
 FCN=283.519 FROM MIGRAD    STATUS=INITIATE       22 CALLS         789 TOTAL
                     EDM= unknown      STRATEGY= 1      NO ERROR MATRIX       
  EXT PARAMETER               CURRENT GUESS       STEP         FIRST   
  NO.   NAME      VALUE            ERROR          SIZE      DERIVATIVE 
   1  N0           2.81560e+06   2.26696e+03   2.26696e+03  -2.29775e-04
   2  tau          6.44050e+01   constant   
   3  A0           3.53448e-01   1.08674e-03   1.08674e-03  -6.88524e+01
   4  phi          4.11641e+00   3.22273e-03   3.22273e-03   1.23982e+02
   5  R           -6.15106e+01   constant   
   6  A_CBO        1.30357e-03   1.11679e-03   1.11679e-03  -2.01247e+00
   7  w_CBO        2.32138e+00   1.28188e-01   1.28188e-01  -4.63354e-01
   8  phi_CBO      3.10179e+00   1.09382e+00   1.09382e+00   1.05415e-04
   9  ANx2         5.52857e-04   constant   
  10  pNx2         5.73177e+00   constant   
  11  ANy1         0.00000e+00   constant   
  12  pNy1         0.00000e+00   constant   
  13  w_y          0.00000e+00   constant   
  14  ANy2         4.98527e-04   1.15246e-03   9.49184e-06  -6.42563e-04
  15  pNy2         5.72687e+00   constant   
  16  w_vw         1.43172e+01   constant   
  17  LM           3.92941e-07   constant   
  18  wCBO_expCoeff   2.01608e+02   3.52465e+01   8.69161e-03  -4.79359e-04
  19  wCBO_expOffset   2.02260e+02   5.22125e+00   1.28345e-03  -3.24396e-03
