 + ++++++++++++++++++++++++++++++++++++++++++++++++++++++++++++++++++++ +
 +                                                                      +
 +           You have chose to blind your fitting according to          +
 +                omega_ref * (1 + (R +/- deltaR) *10^{-6})             +
 +                                                                      +
 + ++++++++++++++++++++++++++++++++++++++++++++++++++++++++++++++++++++ +
In main()...
reading format from /gm2data/zkhechad/run45/envelope/formats/formatB_sBin_constraintOn.txt
pBinTau 	= 0  
pBinPhi 	= 0  
constraintau 	= 1 
includeMopTerm 	= 0    
constrainMop    = 0   
Parameters after format file: pBinTau 0 pBinPhi 0 constraintau 1 includeMopTerm 0 constrainMop 0 c_e_scale 0.000000 
reading cbo reference file (full fit) from /gm2data/zkhechad/cboTemplates/Run4CBOTemplates/fullFits/run4/sBin_constraintOn_cE0.0_seed0_run4_calo11.root
A_CBO 0.010027 w_CBO 2.327222 phi_CBO 0.184420 N0 3062002.636939 R -61.179583 tau 64.395304 
Reading cboRef file /gm2data/zkhechad/cboTemplates/Run4CBOTemplates//cboIsolate/run4_calo11.root
deltaT 23.161951
windowBins = 150
fitting sliding window 620 from bin 823 at 122.791600 to bin 973 at 145.171600 (150 bins)

Reading data from /gm2data/cornell/histograms/aMethod/histogram_a_run4.root
fitting cbo isolate
 **********
 **    1 **SET PRINTOUT            1
 **********
 **********
 **    2 **SET NOWARNINGS 
 **********
 PARAMETER DEFINITIONS:
    NO.   NAME         VALUE      STEP SIZE      LIMITS
     1 A_CBO        1.00270e-02  1.00000e-05     no limits
     2 w_CBO        2.32722e+00  1.00000e-02    2.00000e+00  3.00000e+00
     3 phi_CBO      1.84420e-01  1.00000e-02    0.00000e+00  6.28319e+00
 **********
 **    3 **MIGRAD
 **********
 FIRST CALL TO USER FUNCTION AT NEW START POINT, WITH IFLAG=4.
 START MIGRAD MINIMIZATION.  STRATEGY  1.  CONVERGENCE WHEN EDM .LT. 1.00e-04
 FCN=0.00242708 FROM MIGRAD    STATUS=INITIATE       12 CALLS          13 TOTAL
                     EDM= unknown      STRATEGY= 1      NO ERROR MATRIX       
  EXT PARAMETER               CURRENT GUESS       STEP         FIRST   
  NO.   NAME      VALUE            ERROR          SIZE      DERIVATIVE 
   1  A_CBO        1.00270e-02   1.00000e-05   1.00000e-05   8.11068e-01
   2  w_CBO        2.32722e+00   1.00000e-02   2.13152e-02  -1.99803e-02
   3  phi_CBO      1.84420e-01   1.00000e-02   9.43260e-03   3.35341e-04
 MIGRAD MINIMIZATION HAS CONVERGED.
 MIGRAD WILL VERIFY CONVERGENCE AND ERROR MATRIX.
 FCN=0.000267502 FROM MIGRAD    STATUS=CONVERGED      51 CALLS          52 TOTAL
                     EDM=6.4573e-08    STRATEGY= 1      ERR MATRIX NOT POS-DEF
  EXT PARAMETER                APPROXIMATE        STEP         FIRST   
  NO.   NAME      VALUE            ERROR          SIZE      DERIVATIVE 
   1  A_CBO        4.69672e-03   1.15713e-01   5.59872e-05  -2.16537e-03
   2  w_CBO        2.32734e+00   5.19095e-01   1.92056e-04  -1.96492e-04
   3  phi_CBO      1.67115e-01   4.20542e+00   1.41115e-02   3.68293e-06
 EXTERNAL ERROR MATRIX.    NDIM=  25    NPAR=  3    ERR DEF=1
  1.339e-02 -6.593e-02 -8.848e+00 
 -6.593e-02  8.472e+00  1.130e+03 
 -8.848e+00  1.130e+03  1.514e+05 
ERR MATRIX NOT POS-DEF
 PARAMETER  CORRELATION COEFFICIENTS  
       NO.  GLOBAL      1      2      3
        1  0.19658   1.000 -0.196 -0.197
        2  0.99802  -0.196  1.000  0.998
        3  0.99802  -0.197  0.998  1.000
 ERR MATRIX NOT POS-DEF
setting A_CBO=0.004697 w_CBO=2.327345, phi_CBO=0.167115
done fitting cbo isolate
 **********
 **    1 **SET PRINTOUT            1
 **********
 **********
 **    2 **SET NOWARNINGS 
 **********
 PARAMETER DEFINITIONS:
    NO.   NAME         VALUE      STEP SIZE      LIMITS
     1 N0           3.06200e+06  1.00000e+02     no limits
     2 tau          6.43953e+01  constant
     3 A0           3.42893e-01  1.00000e-04     no limits
     4 phi          4.11802e+00  1.00000e-02     no limits
     5 R           -6.11796e+01  constant
     6 A_CBO        4.69672e-03  1.00000e-05     no limits
     7 w_CBO        2.32734e+00  1.00000e-03     no limits
     8 phi_CBO      1.67115e-01  1.00000e-04     no limits
     9 ANx2         4.90616e-04  constant
    10 pNx2         2.30674e+00  constant
    11 ANy1         0.00000e+00  constant
    12 pNy1         0.00000e+00  constant
    13 w_y          0.00000e+00  constant
    14 ANy2         9.23997e-03  1.00000e-04     no limits
    15 pNy2         3.41148e-01  constant
    16 w_vw         1.43130e+01  constant
    17 LM          -3.45991e-04  constant
    18 wCBO_expCoeff   2.00000e+02  1.00000e+00     no limits
    19 wCBO_expOffset   2.00000e+02  1.00000e+00     no limits
    20 wCBO_expT    3.00000e+01  1.00000e+00     no limits
    21 wCBO_linCoeff   0.00000e+00  constant
    22 wCBO_const   0.00000e+00  1.00000e-02     no limits
MINUIT - FIT ONLY WIGGLE
 **********
 **    3 **FIX            5
 **********
 PARAMETER    5  IS CONSTANT.   IGNORED.
 **********
 **    4 **FIX            6
 **********
 **********
 **    5 **FIX            7
 **********
 **********
 **    6 **FIX            8
 **********
 **********
 **    7 **FIX            9
 **********
 PARAMETER    9  IS CONSTANT.   IGNORED.
 **********
 **    8 **FIX           10
 **********
 PARAMETER   10  IS CONSTANT.   IGNORED.
 **********
 **    9 **FIX           11
 **********
 PARAMETER   11  IS CONSTANT.   IGNORED.
 **********
 **   10 **FIX           12
 **********
 PARAMETER   12  IS CONSTANT.   IGNORED.
 **********
 **   11 **FIX           13
 **********
 PARAMETER   13  IS CONSTANT.   IGNORED.
 **********
 **   12 **FIX           14
 **********
 **********
 **   13 **FIX           15
 **********
 PARAMETER   15  IS CONSTANT.   IGNORED.
 **********
 **   14 **FIX           16
 **********
 PARAMETER   16  IS CONSTANT.   IGNORED.
 **********
 **   15 **MIGRAD
 **********
 FIRST CALL TO USER FUNCTION AT NEW START POINT, WITH IFLAG=4.
 START MIGRAD MINIMIZATION.  STRATEGY  1.  CONVERGENCE WHEN EDM .LT. 1.00e-04
 FCN=2639.12 FROM MIGRAD    STATUS=INITIATE       34 CALLS          35 TOTAL
                     EDM= unknown      STRATEGY= 1      NO ERROR MATRIX       
  EXT PARAMETER               CURRENT GUESS       STEP         FIRST   
  NO.   NAME      VALUE            ERROR          SIZE      DERIVATIVE 
   1  N0           3.06200e+06   1.00000e+02   1.00000e+02   2.39960e-03
   2  tau          6.43953e+01   constant   
   3  A0           3.42893e-01   1.00000e-04   1.00000e-04  -1.02797e+04
   4  phi          4.11802e+00   1.00000e-02   1.00000e-02   3.29068e+03
   5  R           -6.11796e+01   constant   
   6  A_CBO        4.69672e-03     fixed    
   7  w_CBO        2.32734e+00     fixed    
   8  phi_CBO      1.67115e-01     fixed    
   9  ANx2         4.90616e-04   constant   
  10  pNx2         2.30674e+00   constant   
  11  ANy1         0.00000e+00   constant   
  12  pNy1         0.00000e+00   constant   
  13  w_y          0.00000e+00   constant   
  14  ANy2         9.23997e-03     fixed    
  15  pNy2         3.41148e-01   constant   
  16  w_vw         1.43130e+01   constant   
  17  LM          -3.45991e-04   constant   
  18  wCBO_expCoeff   2.00000e+02   1.00000e+00   1.00000e+00  -4.26229e+05
  19  wCBO_expOffset   2.00000e+02   1.00000e+00   1.00000e+00   5.74404e+05
  20  wCBO_expT    3.00000e+01   1.00000e+00   1.00000e+00  -6.60620e+05
  21  wCBO_linCoeff   0.00000e+00   constant   
  22  wCBO_const   0.00000e+00   1.00000e-02   1.00000e-02  -5.48199e+04
 MIGRAD FAILS TO FIND IMPROVEMENT
 FCN=2393.2 FROM HESSE     STATUS=NOT POSDEF     56 CALLS         153 TOTAL
                     EDM=35.7199    STRATEGY= 1      ERR MATRIX NOT POS-DEF
  EXT PARAMETER                APPROXIMATE        STEP         FIRST   
  NO.   NAME      VALUE            ERROR          SIZE      DERIVATIVE 
   1  N0           3.06196e+06   5.97429e+02   1.13047e+01  -5.96212e-03
   2  tau          6.43953e+01   constant   
   3  A0           3.43065e-01   2.11365e-04   4.84507e-06  -1.55193e+04
   4  phi          4.11764e+00   6.05684e-04   1.51052e-05   5.54130e+02
   5  R           -6.11796e+01   constant   
   6  A_CBO        4.69672e-03     fixed    
   7  w_CBO        2.32734e+00     fixed    
   8  phi_CBO      1.67115e-01     fixed    
   9  ANx2         4.90616e-04   constant   
  10  pNx2         2.30674e+00   constant   
  11  ANy1         0.00000e+00   constant   
  12  pNy1         0.00000e+00   constant   
  13  w_y          0.00000e+00   constant   
  14  ANy2         9.23997e-03     fixed    
  15  pNy2         3.41148e-01   constant   
  16  w_vw         1.43130e+01   constant   
  17  LM          -3.45991e-04   constant   
  18  wCBO_expCoeff   2.00002e+02   3.08171e-04   9.53682e-05  -4.91341e+04
  19  wCBO_expOffset   2.00000e+02   2.69792e-05   9.53674e-05   2.03780e+05
  20  wCBO_expT    3.00002e+01   1.10565e-05   1.43052e-05   7.94181e+05
  21  wCBO_linCoeff   0.00000e+00   constant   
  22  wCBO_const   5.70214e-03   2.19850e-03   5.50008e-06  -3.94148e+03
 MIGRAD FAILS TO FIND IMPROVEMENT
 MIGRAD TERMINATED WITHOUT CONVERGENCE.
 FCN=2393.2 FROM MIGRAD    STATUS=FAILED        163 CALLS         164 TOTAL
                     EDM=35.7199    STRATEGY= 1      ERR MATRIX NOT POS-DEF
  EXT PARAMETER                APPROXIMATE        STEP         FIRST   
  NO.   NAME      VALUE            ERROR          SIZE      DERIVATIVE 
   1  N0           3.06196e+06   5.97429e+02   0.00000e+00  -5.96212e-03
   2  tau          6.43953e+01   constant   
   3  A0           3.43065e-01   2.11365e-04   0.00000e+00  -1.55193e+04
   4  phi          4.11764e+00   6.05684e-04  -0.00000e+00   5.54130e+02
   5  R           -6.11796e+01   constant   
   6  A_CBO        4.69672e-03     fixed    
   7  w_CBO        2.32734e+00     fixed    
   8  phi_CBO      1.67115e-01     fixed    
   9  ANx2         4.90616e-04   constant   
  10  pNx2         2.30674e+00   constant   
  11  ANy1         0.00000e+00   constant   
  12  pNy1         0.00000e+00   constant   
  13  w_y          0.00000e+00   constant   
  14  ANy2         9.23997e-03     fixed    
  15  pNy2         3.41148e-01   constant   
  16  w_vw         1.43130e+01   constant   
  17  LM          -3.45991e-04   constant   
  18  wCBO_expCoeff   2.00002e+02   3.08171e-04  -0.00000e+00  -4.91341e+04
  19  wCBO_expOffset   2.00000e+02   2.69792e-05  -0.00000e+00   2.03780e+05
  20  wCBO_expT    3.00002e+01   1.10565e-05  -0.00000e+00   7.94181e+05
  21  wCBO_linCoeff   0.00000e+00   constant   
  22  wCBO_const   5.70214e-03   2.19850e-03   0.00000e+00  -3.94148e+03
 EXTERNAL ERROR MATRIX.    NDIM=  25    NPAR=  7    ERR DEF=1
  3.569e+05  3.310e-02 -1.990e-02 -1.166e-01 -1.050e-02 -4.244e-03  8.144e-01 
  3.310e-02  4.468e-08 -4.183e-09 -2.245e-08 -2.003e-09 -7.658e-10  1.535e-07 
 -1.990e-02 -4.183e-09  3.669e-07  1.748e-08  1.636e-09  6.610e-10 -1.268e-07 
 -1.166e-01 -2.245e-08  1.748e-08  9.497e-08  8.100e-09  3.329e-09 -6.716e-07 
 -1.050e-02 -2.003e-09  1.636e-09  8.100e-09  7.279e-10  2.919e-10 -5.709e-08 
 -4.244e-03 -7.658e-10  6.610e-10  3.329e-09  2.919e-10  1.222e-10 -2.315e-08 
  8.144e-01  1.535e-07 -1.268e-07 -6.716e-07 -5.709e-08 -2.315e-08  4.833e-06 
ERR MATRIX NOT POS-DEF
 PARAMETER  CORRELATION COEFFICIENTS  
       NO.  GLOBAL      1      3      4     18     19     20     22
        1  0.65369   1.000  0.262 -0.055 -0.633 -0.651 -0.642  0.620
        3  0.40655   0.262  1.000 -0.033 -0.345 -0.351 -0.328  0.330
        4  0.11109  -0.055 -0.033  1.000  0.094  0.100  0.099 -0.095
       18  0.99730  -0.633 -0.345  0.094  1.000  0.974  0.977 -0.991
       19  0.98457  -0.651 -0.351  0.100  0.974  1.000  0.978 -0.963
       20  0.99059  -0.642 -0.328  0.099  0.977  0.978  1.000 -0.953
       22  0.99489   0.620  0.330 -0.095 -0.991 -0.963 -0.953  1.000
 ERR MATRIX NOT POS-DEF
MINUIT - FIT ONLY 1-CBO + other amplitudes 
 **********
 **   16 **RES 
 **********
                   PARAMETER   14  ANy2 RESTORED TO VARIABLE.
                   PARAMETER    8  phi_CBO RESTORED TO VARIABLE.
                   PARAMETER    7  w_CBO RESTORED TO VARIABLE.
                   PARAMETER    6  A_CBO RESTORED TO VARIABLE.
 **********
 **   17 **FIX            0
 **********
 PARAMETER    0  IS UNDEFINED. IGNORED.
 **********
 **   18 **FIX            1
 **********
 **********
 **   19 **FIX            2
 **********
 PARAMETER    2  IS CONSTANT.   IGNORED.
 **********
 **   20 **FIX            3
 **********
 **********
 **   21 **FIX            4
 **********
 **********
 **   22 **FIX            9
 **********
 PARAMETER    9  IS CONSTANT.   IGNORED.
 **********
 **   23 **FIX           11
 **********
 PARAMETER   11  IS CONSTANT.   IGNORED.
 **********
 **   24 **FIX           12
 **********
 PARAMETER   12  IS CONSTANT.   IGNORED.
 **********
 **   25 **FIX           14
 **********
 **********
 **   26 **FIX           15
 **********
 PARAMETER   15  IS CONSTANT.   IGNORED.
 **********
 **   27 **FIX           16
 **********
 PARAMETER   16  IS CONSTANT.   IGNORED.
 **********
 **   28 **MIGRAD
 **********
 START MIGRAD MINIMIZATION.  STRATEGY  1.  CONVERGENCE WHEN EDM .LT. 1.00e-04
 FCN=2393.2 FROM MIGRAD    STATUS=INITIATE       22 CALLS         186 TOTAL
                     EDM= unknown      STRATEGY= 1      NO ERROR MATRIX       
  EXT PARAMETER               CURRENT GUESS       STEP         FIRST   
  NO.   NAME      VALUE            ERROR          SIZE      DERIVATIVE 
   1  N0           3.06196e+06     fixed    
   2  tau          6.43953e+01   constant   
   3  A0           3.43065e-01     fixed    
   4  phi          4.11764e+00     fixed    
   5  R           -6.11796e+01   constant   
   6  A_CBO        4.69672e-03   1.00000e-05   1.00000e-05   1.29352e+05
   7  w_CBO        2.32734e+00   1.00000e-03   1.00000e-03  -3.21131e+06
   8  phi_CBO      1.67115e-01   1.00000e-04   1.00000e-04   1.90297e+01
   9  ANx2         4.90616e-04   constant   
  10  pNx2         2.30674e+00   constant   
  11  ANy1         0.00000e+00   constant   
  12  pNy1         0.00000e+00   constant   
  13  w_y          0.00000e+00   constant   
  14  ANy2         9.23997e-03     fixed    
  15  pNy2         3.41148e-01   constant   
  16  w_vw         1.43130e+01   constant   
  17  LM          -3.45991e-04   constant   
  18  wCBO_expCoeff   2.00002e+02   3.08171e-04  -0.00000e+00  -3.73606e+04
  19  wCBO_expOffset   2.00000e+02   2.69792e-05  -0.00000e+00   2.60846e+05
  20  wCBO_expT    3.00002e+01   1.10565e-05  -0.00000e+00  -2.50508e+05
  21  wCBO_linCoeff   0.00000e+00   constant   
  22  wCBO_const   5.70214e-03   2.19850e-03   0.00000e+00  -3.94149e+03
 CALL LIMIT EXCEEDED IN MIGRAD.
 MIGRAD TERMINATED WITHOUT CONVERGENCE.
 FCN=2168.61 FROM MIGRAD    STATUS=CALL LIMIT   1158 CALLS        1322 TOTAL
                     EDM=3.39677    STRATEGY= 1  ERROR MATRIX UNCERTAINTY   0.4 per cent
  EXT PARAMETER                APPROXIMATE        STEP         FIRST   
  NO.   NAME      VALUE            ERROR          SIZE      DERIVATIVE 
   1  N0           3.06196e+06     fixed    
   2  tau          6.43953e+01   constant   
   3  A0           3.43065e-01     fixed    
   4  phi          4.11764e+00     fixed    
   5  R           -6.11796e+01   constant   
   6  A_CBO        1.41616e-03   3.23545e-04   2.74208e-07   3.08995e+02
   7  w_CBO        2.32734e+00   2.53760e-07  -3.70690e-11  -6.85424e+05
   8  phi_CBO     -1.67886e+00   8.61001e-02   4.07008e-05  -7.90942e+00
   9  ANx2         4.90616e-04   constant   
  10  pNx2         2.30674e+00   constant   
  11  ANy1         0.00000e+00   constant   
  12  pNy1         0.00000e+00   constant   
  13  w_y          0.00000e+00   constant   
  14  ANy2         9.23997e-03     fixed    
  15  pNy2         3.41148e-01   constant   
  16  w_vw         1.43130e+01   constant   
  17  LM          -3.45991e-04   constant   
  18  wCBO_expCoeff   2.00002e+02   2.18207e-05  -3.20628e-09  -7.97031e+03
  19  wCBO_expOffset   2.00000e+02   1.40011e-05  -1.42659e-08   2.04361e+05
  20  wCBO_expT    3.00002e+01   1.92433e-06  -4.23278e-10  -1.65203e+04
  21  wCBO_linCoeff   0.00000e+00   constant   
  22  wCBO_const   3.15823e-03   4.05645e-04   3.69631e-07  -2.14340e+03
 EXTERNAL ERROR MATRIX.    NDIM=  25    NPAR=  7    ERR DEF=1
  1.047e-07  2.273e-12  7.324e-06  1.904e-10 -3.499e-09 -2.162e-10  1.043e-07 
  2.273e-12  6.439e-14 -2.823e-10 -1.022e-12  5.258e-13  9.784e-14 -2.597e-11 
  7.324e-06 -2.823e-10  7.413e-03 -2.511e-08 -3.125e-07 -7.771e-08  1.234e-05 
  1.904e-10 -1.022e-12 -2.511e-08  4.761e-10  4.545e-11  8.428e-12 -2.239e-09 
 -3.499e-09  5.258e-13 -3.125e-07  4.545e-11  1.960e-10  4.518e-12 -4.548e-09 
 -2.162e-10  9.784e-14 -7.771e-08  8.428e-12  4.518e-12  3.703e-12 -1.254e-10 
  1.043e-07 -2.597e-11  1.234e-05 -2.239e-09 -4.548e-09 -1.254e-10  1.645e-07 
ERR MATRIX APPROXIMATE
 PARAMETER  CORRELATION COEFFICIENTS  
       NO.  GLOBAL      6      7      8     18     19     20     22
        6  0.99655   1.000  0.028  0.263  0.027 -0.772 -0.347  0.795
        7  0.98551   0.028  1.000 -0.013 -0.185  0.148  0.200 -0.252
        8  0.97338   0.263 -0.013  1.000 -0.013 -0.259 -0.469  0.353
       18  0.98551   0.027 -0.185 -0.013  1.000  0.149  0.201 -0.253
       19  0.91866  -0.772  0.148 -0.259  0.149  1.000  0.168 -0.801
       20  0.98782  -0.347  0.200 -0.469  0.201  0.168  1.000 -0.161
       22  0.99630   0.795 -0.252  0.353 -0.253 -0.801 -0.161  1.000
 ERR MATRIX APPROXIMATE
MINUIT - FIT ONLY 1-CBO
 **********
 **   29 **RES 
 **********
                   PARAMETER   14  ANy2 RESTORED TO VARIABLE.
                   PARAMETER    4  phi RESTORED TO VARIABLE.
                   PARAMETER    3  A0 RESTORED TO VARIABLE.
                   PARAMETER    1  N0 RESTORED TO VARIABLE.
 **********
 **   30 **FIX            0
 **********
 PARAMETER    0  IS UNDEFINED. IGNORED.
 **********
 **   31 **FIX            1
 **********
 **********
 **   32 **FIX            2
 **********
 PARAMETER    2  IS CONSTANT.   IGNORED.
 **********
 **   33 **FIX            3
 **********
 **********
 **   34 **FIX            4
 **********
 **********
 **   35 **FIX            8
 **********
 **********
 **   36 **FIX            9
 **********
 PARAMETER    9  IS CONSTANT.   IGNORED.
 **********
 **   37 **FIX           11
 **********
 PARAMETER   11  IS CONSTANT.   IGNORED.
 **********
 **   38 **FIX           12
 **********
 PARAMETER   12  IS CONSTANT.   IGNORED.
 **********
 **   39 **FIX           13
 **********
 PARAMETER   13  IS CONSTANT.   IGNORED.
 **********
 **   40 **FIX           15
 **********
 PARAMETER   15  IS CONSTANT.   IGNORED.
 **********
 **   41 **FIX           16
 **********
 PARAMETER   16  IS CONSTANT.   IGNORED.
 **********
 **   42 **MIGRAD
 **********
 START MIGRAD MINIMIZATION.  STRATEGY  1.  CONVERGENCE WHEN EDM .LT. 1.00e-04
 FCN=2168.61 FROM MIGRAD    STATUS=INITIATE       16 CALLS        1338 TOTAL
                     EDM= unknown      STRATEGY= 1      NO ERROR MATRIX       
  EXT PARAMETER               CURRENT GUESS       STEP         FIRST   
  NO.   NAME      VALUE            ERROR          SIZE      DERIVATIVE 
   1  N0           3.06196e+06     fixed    
   2  tau          6.43953e+01   constant   
   3  A0           3.43065e-01     fixed    
   4  phi          4.11764e+00     fixed    
   5  R           -6.11796e+01   constant   
   6  A_CBO        1.41616e-03   3.23545e-04   2.74208e-07   3.08995e+02
   7  w_CBO        2.32734e+00   2.53760e-07  -3.70690e-11  -6.85424e+05
   8  phi_CBO     -1.67886e+00     fixed    
   9  ANx2         4.90616e-04   constant   
  10  pNx2         2.30674e+00   constant   
  11  ANy1         0.00000e+00   constant   
  12  pNy1         0.00000e+00   constant   
  13  w_y          0.00000e+00   constant   
  14  ANy2         9.23997e-03   1.00000e-04   1.00000e-04   3.66852e+05
  15  pNy2         3.41148e-01   constant   
  16  w_vw         1.43130e+01   constant   
  17  LM          -3.45991e-04   constant   
  18  wCBO_expCoeff   2.00002e+02   2.18207e-05  -3.20628e-09  -7.97031e+03
  19  wCBO_expOffset   2.00000e+02   1.40011e-05  -1.42659e-08   2.04361e+05
  20  wCBO_expT    3.00002e+01   1.92433e-06  -4.23278e-10  -1.65203e+04
  21  wCBO_linCoeff   0.00000e+00   constant   
  22  wCBO_const   3.15823e-03   4.05645e-04   3.69631e-07  -2.14340e+03
 MIGRAD FAILS TO FIND IMPROVEMENT
 FCN=553.038 FROM HESSE     STATUS=NOT POSDEF     58 CALLS        1460 TOTAL
                     EDM=1.6965    STRATEGY= 1      ERR MATRIX NOT POS-DEF
  EXT PARAMETER                APPROXIMATE        STEP         FIRST   
  NO.   NAME      VALUE            ERROR          SIZE      DERIVATIVE 
   1  N0           3.06196e+06     fixed    
   2  tau          6.43953e+01   constant   
   3  A0           3.43065e-01     fixed    
   4  phi          4.11764e+00     fixed    
   5  R           -6.11796e+01   constant   
   6  A_CBO        1.22128e-03   1.19392e-03   2.57682e-06   1.45187e+03
   7  w_CBO        2.32734e+00   2.14789e-06   1.10976e-06  -3.11566e+06
   8  phi_CBO     -1.67886e+00     fixed    
   9  ANx2         4.90616e-04   constant   
  10  pNx2         2.30674e+00   constant   
  11  ANy1         0.00000e+00   constant   
  12  pNy1         0.00000e+00   constant   
  13  w_y          0.00000e+00   constant   
  14  ANy2         4.13962e-04   1.70960e-04   2.51848e-06  -6.37817e+02
  15  pNy2         3.41148e-01   constant   
  16  w_vw         1.43130e+01   constant   
  17  LM          -3.45991e-04   constant   
  18  wCBO_expCoeff   2.00002e+02   1.83762e-04   9.53682e-05  -3.62407e+04
  19  wCBO_expOffset   2.00000e+02   9.90735e-05   9.53674e-05  -2.27930e+05
  20  wCBO_expT    3.00002e+01   2.79076e-05   1.43052e-05   5.86562e+05
  21  wCBO_linCoeff   0.00000e+00   constant   
  22  wCBO_const   3.56293e-03   6.34170e-03   1.04496e-05  -3.02814e+03
 MIGRAD FAILS TO FIND IMPROVEMENT
 MIGRAD TERMINATED WITHOUT CONVERGENCE.
 FCN=551.392 FROM MIGRAD    STATUS=FAILED        168 CALLS        1490 TOTAL
                     EDM=174.708    STRATEGY= 1      ERR MATRIX NOT POS-DEF
  EXT PARAMETER                APPROXIMATE        STEP         FIRST   
  NO.   NAME      VALUE            ERROR          SIZE      DERIVATIVE 
   1  N0           3.06196e+06     fixed    
   2  tau          6.43953e+01   constant   
   3  A0           3.43065e-01     fixed    
   4  phi          4.11764e+00     fixed    
   5  R           -6.11796e+01   constant   
   6  A_CBO        1.20642e-03   2.33186e-04   0.00000e+00   3.41507e+03
   7  w_CBO        2.32734e+00   1.22433e-06  -0.00000e+00   3.50518e+05
   8  phi_CBO     -1.67886e+00     fixed    
   9  ANx2         4.90616e-04   constant   
  10  pNx2         2.30674e+00   constant   
  11  ANy1         0.00000e+00   constant   
  12  pNy1         0.00000e+00   constant   
  13  w_y          0.00000e+00   constant   
  14  ANy2         4.21850e-04   1.43941e-04   0.00000e+00  -1.37834e+02
  15  pNy2         3.41148e-01   constant   
  16  w_vw         1.43130e+01   constant   
  17  LM          -3.45991e-04   constant   
  18  wCBO_expCoeff   2.00002e+02   1.05209e-04  -0.00000e+00   4.07096e+03
  19  wCBO_expOffset   2.00000e+02   1.28537e-05  -0.00000e+00   3.94591e+05
  20  wCBO_expT    3.00002e+01   6.56269e-06  -0.00000e+00  -3.34268e+05
  21  wCBO_linCoeff   0.00000e+00   constant   
  22  wCBO_const   3.89592e-03   1.42198e-03   0.00000e+00   1.00718e+02
 EXTERNAL ERROR MATRIX.    NDIM=  25    NPAR=  7    ERR DEF=1
  5.438e-08 -5.328e-11  3.619e-09 -4.548e-09 -2.307e-09 -1.110e-09  2.059e-07 
 -5.328e-11  1.499e-12 -6.145e-12 -8.184e-11  2.654e-12  1.723e-12 -5.330e-10 
  3.619e-09 -6.145e-12  2.072e-08 -5.246e-10 -2.409e-10 -1.239e-10  2.449e-08 
 -4.548e-09 -8.184e-11 -5.246e-10  1.107e-08  2.262e-10  1.471e-10 -4.558e-08 
 -2.307e-09  2.654e-12 -2.409e-10  2.262e-10  1.652e-10  7.700e-11 -1.411e-08 
 -1.110e-09  1.723e-12 -1.239e-10  1.471e-10  7.700e-11  4.307e-11 -6.940e-09 
  2.059e-07 -5.330e-10  2.449e-08 -4.558e-08 -1.411e-08 -6.940e-09  2.022e-06 
ERR MATRIX NOT POS-DEF
 PARAMETER  CORRELATION COEFFICIENTS  
       NO.  GLOBAL      6      7     14     18     19     20     22
        6  0.78779   1.000 -0.187  0.108 -0.185 -0.770 -0.725  0.621
        7  0.87692  -0.187  1.000 -0.035 -0.635  0.169  0.214 -0.306
       14  0.13646   0.108 -0.035  1.000 -0.035 -0.130 -0.131  0.120
       18  0.87677  -0.185 -0.635 -0.035  1.000  0.167  0.213 -0.305
       19  0.95349  -0.770  0.169 -0.130  0.167  1.000  0.913 -0.772
       20  0.92809  -0.725  0.214 -0.131  0.213  0.913  1.000 -0.744
       22  0.89792   0.621 -0.306  0.120 -0.305 -0.772 -0.744  1.000
 ERR MATRIX NOT POS-DEF
MINUIT - FIT ONLY 2-CBO
 **********
 **   43 **RES 
 **********
                   PARAMETER    8  phi_CBO RESTORED TO VARIABLE.
                   PARAMETER    4  phi RESTORED TO VARIABLE.
                   PARAMETER    3  A0 RESTORED TO VARIABLE.
                   PARAMETER    1  N0 RESTORED TO VARIABLE.
 **********
 **   44 **FIX            0
 **********
 PARAMETER    0  IS UNDEFINED. IGNORED.
 **********
 **   45 **FIX            1
 **********
 **********
 **   46 **FIX            2
 **********
 PARAMETER    2  IS CONSTANT.   IGNORED.
 **********
 **   47 **FIX            3
 **********
 **********
 **   48 **FIX            4
 **********
 **********
 **   49 **FIX            5
 **********
 PARAMETER    5  IS CONSTANT.   IGNORED.
 **********
 **   50 **FIX            6
 **********
 **********
 **   51 **FIX            7
 **********
 **********
 **   52 **FIX           10
 **********
 PARAMETER   10  IS CONSTANT.   IGNORED.
 **********
 **   53 **FIX           11
 **********
 PARAMETER   11  IS CONSTANT.   IGNORED.
 **********
 **   54 **FIX           12
 **********
 PARAMETER   12  IS CONSTANT.   IGNORED.
 **********
 **   55 **FIX           13
 **********
 PARAMETER   13  IS CONSTANT.   IGNORED.
 **********
 **   56 **FIX           14
 **********
 **********
 **   57 **FIX           15
 **********
 PARAMETER   15  IS CONSTANT.   IGNORED.
 **********
 **   58 **FIX           16
 **********
 PARAMETER   16  IS CONSTANT.   IGNORED.
 **********
 **   59 **MIGRAD
 **********
 START MIGRAD MINIMIZATION.  STRATEGY  1.  CONVERGENCE WHEN EDM .LT. 1.00e-04
 FCN=551.392 FROM MIGRAD    STATUS=INITIATE       10 CALLS        1500 TOTAL
                     EDM= unknown      STRATEGY= 1      NO ERROR MATRIX       
  EXT PARAMETER               CURRENT GUESS       STEP         FIRST   
  NO.   NAME      VALUE            ERROR          SIZE      DERIVATIVE 
   1  N0           3.06196e+06     fixed    
   2  tau          6.43953e+01   constant   
   3  A0           3.43065e-01     fixed    
   4  phi          4.11764e+00     fixed    
   5  R           -6.11796e+01   constant   
   6  A_CBO        1.20642e-03     fixed    
   7  w_CBO        2.32734e+00     fixed    
   8  phi_CBO     -1.67886e+00   8.61001e-02   8.61001e-02  -2.49274e+01
   9  ANx2         4.90616e-04   constant   
  10  pNx2         2.30674e+00   constant   
  11  ANy1         0.00000e+00   constant   
  12  pNy1         0.00000e+00   constant   
  13  w_y          0.00000e+00   constant   
  14  ANy2         4.21850e-04     fixed    
  15  pNy2         3.41148e-01   constant   
  16  w_vw         1.43130e+01   constant   
  17  LM          -3.45991e-04   constant   
  18  wCBO_expCoeff   2.00002e+02   1.05209e-04  -0.00000e+00   4.07096e+03
  19  wCBO_expOffset   2.00000e+02   1.28537e-05  -0.00000e+00   3.94591e+05
  20  wCBO_expT    3.00002e+01   6.56269e-06  -0.00000e+00  -3.34268e+05
  21  wCBO_linCoeff   0.00000e+00   constant   
  22  wCBO_const   3.89592e-03   1.42198e-03   0.00000e+00   1.00718e+02
 MIGRAD FAILS TO FIND IMPROVEMENT
 FCN=525.034 FROM HESSE     STATUS=NOT POSDEF     37 CALLS        1775 TOTAL
                     EDM=24.4357    STRATEGY= 1      ERR MATRIX NOT POS-DEF
  EXT PARAMETER                APPROXIMATE        STEP         FIRST   
  NO.   NAME      VALUE            ERROR          SIZE      DERIVATIVE 
   1  N0           3.06196e+06     fixed    
   2  tau          6.43953e+01   constant   
   3  A0           3.43065e-01     fixed    
   4  phi          4.11764e+00     fixed    
   5  R           -6.11796e+01   constant   
   6  A_CBO        1.20642e-03     fixed    
   7  w_CBO        2.32734e+00     fixed    
   8  phi_CBO      6.94357e+01   2.27879e-01   1.88584e-03  -8.28035e+00
   9  ANx2         4.90616e-04   constant   
  10  pNx2         2.30674e+00   constant   
  11  ANy1         0.00000e+00   constant   
  12  pNy1         0.00000e+00   constant   
  13  w_y          0.00000e+00   constant   
  14  ANy2         4.21850e-04     fixed    
  15  pNy2         3.41148e-01   constant   
  16  w_vw         1.43130e+01   constant   
  17  LM          -3.45991e-04   constant   
  18  wCBO_expCoeff   2.00013e+02   3.56784e-04   9.53738e-05   1.99072e+04
  19  wCBO_expOffset   1.99995e+02   4.70589e-05   9.53651e-05   1.25955e+05
  20  wCBO_expT    3.00001e+01   3.87380e-05   1.43051e-05  -2.18378e+05
  21  wCBO_linCoeff   0.00000e+00   constant   
  22  wCBO_const   1.90756e-01   1.54571e-03   4.60423e-06   3.36026e+03
 MIGRAD FAILS TO FIND IMPROVEMENT
 MIGRAD TERMINATED WITHOUT CONVERGENCE.
 FCN=524.07 FROM MIGRAD    STATUS=FAILED        581 CALLS        2071 TOTAL
                     EDM=18.0854    STRATEGY= 1      ERR MATRIX NOT POS-DEF
  EXT PARAMETER                APPROXIMATE        STEP         FIRST   
  NO.   NAME      VALUE            ERROR          SIZE      DERIVATIVE 
   1  N0           3.06196e+06     fixed    
   2  tau          6.43953e+01   constant   
   3  A0           3.43065e-01     fixed    
   4  phi          4.11764e+00     fixed    
   5  R           -6.11796e+01   constant   
   6  A_CBO        1.20642e-03     fixed    
   7  w_CBO        2.32734e+00     fixed    
   8  phi_CBO      6.94801e+01   2.77695e-01   0.00000e+00   3.85310e+00
   9  ANx2         4.90616e-04   constant   
  10  pNx2         2.30674e+00   constant   
  11  ANy1         0.00000e+00   constant   
  12  pNy1         0.00000e+00   constant   
  13  w_y          0.00000e+00   constant   
  14  ANy2         4.21850e-04     fixed    
  15  pNy2         3.41148e-01   constant   
  16  w_vw         1.43130e+01   constant   
  17  LM          -3.45991e-04   constant   
  18  wCBO_expCoeff   2.00013e+02   3.54813e-04  -0.00000e+00  -3.56631e+04
  19  wCBO_expOffset   1.99995e+02   5.16645e-05  -0.00000e+00  -1.08072e+05
  20  wCBO_expT    3.00000e+01   4.84551e-05  -0.00000e+00   6.32152e+05
  21  wCBO_linCoeff   0.00000e+00   constant   
  22  wCBO_const   1.90345e-01   1.30275e-03  -0.00000e+00  -2.93326e+03
 EXTERNAL ERROR MATRIX.    NDIM=  25    NPAR=  5    ERR DEF=1
  7.711e-02 -6.087e-05 -9.319e-06 -8.942e-06 -1.605e-04 
 -6.087e-05  1.259e-07  1.784e-08  1.690e-08  3.808e-07 
 -9.319e-06  1.784e-08  2.669e-09  2.485e-09  6.010e-08 
 -8.942e-06  1.690e-08  2.485e-09  2.348e-09  5.669e-08 
 -1.605e-04  3.808e-07  6.010e-08  5.669e-08  1.697e-06 
ERR MATRIX NOT POS-DEF
 PARAMETER  CORRELATION COEFFICIENTS  
       NO.  GLOBAL      8     18     19     20     22
        8  0.99846   1.000 -0.618 -0.650 -0.665 -0.444
       18  0.99994  -0.618  1.000  0.973  0.983  0.824
       19  0.99925  -0.650  0.973  1.000  0.993  0.893
       20  0.99998  -0.665  0.983  0.993  1.000  0.898
       22  0.99972  -0.444  0.824  0.893  0.898  1.000
 ERR MATRIX NOT POS-DEF
MINUIT - FIT ONLY 1-y
 **********
 **   60 **RES 
 **********
                   PARAMETER   14  ANy2 RESTORED TO VARIABLE.
                   PARAMETER    7  w_CBO RESTORED TO VARIABLE.
                   PARAMETER    6  A_CBO RESTORED TO VARIABLE.
                   PARAMETER    4  phi RESTORED TO VARIABLE.
                   PARAMETER    3  A0 RESTORED TO VARIABLE.
                   PARAMETER    1  N0 RESTORED TO VARIABLE.
 **********
 **   61 **FIX            0
 **********
 PARAMETER    0  IS UNDEFINED. IGNORED.
 **********
 **   62 **FIX            1
 **********
 **********
 **   63 **FIX            2
 **********
 PARAMETER    2  IS CONSTANT.   IGNORED.
 **********
 **   64 **FIX            3
 **********
 **********
 **   65 **FIX            4
 **********
 **********
 **   66 **FIX            5
 **********
 PARAMETER    5  IS CONSTANT.   IGNORED.
 **********
 **   67 **FIX            6
 **********
 **********
 **   68 **FIX            7
 **********
 **********
 **   69 **FIX            8
 **********
 **********
 **   70 **FIX            9
 **********
 PARAMETER    9  IS CONSTANT.   IGNORED.
 **********
 **   71 **FIX           13
 **********
 PARAMETER   13  IS CONSTANT.   IGNORED.
 **********
 **   72 **FIX           14
 **********
 **********
 **   73 **FIX           15
 **********
 PARAMETER   15  IS CONSTANT.   IGNORED.
 **********
 **   74 **FIX           16
 **********
 PARAMETER   16  IS CONSTANT.   IGNORED.
 **********
 **   75 **MIGRAD
 **********
 START MIGRAD MINIMIZATION.  STRATEGY  1.  CONVERGENCE WHEN EDM .LT. 1.00e-04
 FCN=524.07 FROM MIGRAD    STATUS=INITIATE        8 CALLS        2079 TOTAL
                     EDM= unknown      STRATEGY= 1      NO ERROR MATRIX       
  EXT PARAMETER               CURRENT GUESS       STEP         FIRST   
  NO.   NAME      VALUE            ERROR          SIZE      DERIVATIVE 
   1  N0           3.06196e+06     fixed    
   2  tau          6.43953e+01   constant   
   3  A0           3.43065e-01     fixed    
   4  phi          4.11764e+00     fixed    
   5  R           -6.11796e+01   constant   
   6  A_CBO        1.20642e-03     fixed    
   7  w_CBO        2.32734e+00     fixed    
   8  phi_CBO      6.94801e+01     fixed    
   9  ANx2         4.90616e-04   constant   
  10  pNx2         2.30674e+00   constant   
  11  ANy1         0.00000e+00   constant   
  12  pNy1         0.00000e+00   constant   
  13  w_y          0.00000e+00   constant   
  14  ANy2         4.21850e-04     fixed    
  15  pNy2         3.41148e-01   constant   
  16  w_vw         1.43130e+01   constant   
  17  LM          -3.45991e-04   constant   
  18  wCBO_expCoeff   2.00013e+02   3.54813e-04  -0.00000e+00  -3.56631e+04
  19  wCBO_expOffset   1.99995e+02   5.16645e-05  -0.00000e+00  -1.08072e+05
  20  wCBO_expT    3.00000e+01   4.84551e-05  -0.00000e+00   6.32152e+05
  21  wCBO_linCoeff   0.00000e+00   constant   
  22  wCBO_const   1.90345e-01   1.30275e-03  -0.00000e+00  -2.93326e+03
 MIGRAD FAILS TO FIND IMPROVEMENT
 FCN=523.494 FROM HESSE     STATUS=NOT POSDEF     29 CALLS        2438 TOTAL
                     EDM=0.438396    STRATEGY= 1      ERR MATRIX NOT POS-DEF
  EXT PARAMETER                APPROXIMATE        STEP         FIRST   
  NO.   NAME      VALUE            ERROR          SIZE      DERIVATIVE 
   1  N0           3.06196e+06     fixed    
   2  tau          6.43953e+01   constant   
   3  A0           3.43065e-01     fixed    
   4  phi          4.11764e+00     fixed    
   5  R           -6.11796e+01   constant   
   6  A_CBO        1.20642e-03     fixed    
   7  w_CBO        2.32734e+00     fixed    
   8  phi_CBO      6.94801e+01     fixed    
   9  ANx2         4.90616e-04   constant   
  10  pNx2         2.30674e+00   constant   
  11  ANy1         0.00000e+00   constant   
  12  pNy1         0.00000e+00   constant   
  13  w_y          0.00000e+00   constant   
  14  ANy2         4.21850e-04     fixed    
  15  pNy2         3.41148e-01   constant   
  16  w_vw         1.43130e+01   constant   
  17  LM          -3.45991e-04   constant   
  18  wCBO_expCoeff   2.00013e+02   4.21363e-04   9.53738e-05   6.09969e+03
  19  wCBO_expOffset   1.99995e+02   5.29772e-05   9.53651e-05  -6.19269e+04
  20  wCBO_expT    3.00000e+01   4.13653e-05   1.43051e-05  -4.07709e+04
  21  wCBO_linCoeff   0.00000e+00   constant   
  22  wCBO_const   1.90378e-01   1.18984e-03   4.53048e-06   1.39932e+03
 MIGRAD FAILS TO FIND IMPROVEMENT
 MIGRAD TERMINATED WITHOUT CONVERGENCE.
 FCN=523.494 FROM MIGRAD    STATUS=FAILED        372 CALLS        2443 TOTAL
                     EDM=0.438396    STRATEGY= 1      ERR MATRIX NOT POS-DEF
  EXT PARAMETER                APPROXIMATE        STEP         FIRST   
  NO.   NAME      VALUE            ERROR          SIZE      DERIVATIVE 
   1  N0           3.06196e+06     fixed    
   2  tau          6.43953e+01   constant   
   3  A0           3.43065e-01     fixed    
   4  phi          4.11764e+00     fixed    
   5  R           -6.11796e+01   constant   
   6  A_CBO        1.20642e-03     fixed    
   7  w_CBO        2.32734e+00     fixed    
   8  phi_CBO      6.94801e+01     fixed    
   9  ANx2         4.90616e-04   constant   
  10  pNx2         2.30674e+00   constant   
  11  ANy1         0.00000e+00   constant   
  12  pNy1         0.00000e+00   constant   
  13  w_y          0.00000e+00   constant   
  14  ANy2         4.21850e-04     fixed    
  15  pNy2         3.41148e-01   constant   
  16  w_vw         1.43130e+01   constant   
  17  LM          -3.45991e-04   constant   
  18  wCBO_expCoeff   2.00013e+02   4.21363e-04   0.00000e+00   6.09969e+03
  19  wCBO_expOffset   1.99995e+02   5.29772e-05   0.00000e+00  -6.19269e+04
  20  wCBO_expT    3.00000e+01   4.13653e-05   0.00000e+00  -4.07709e+04
  21  wCBO_linCoeff   0.00000e+00   constant   
  22  wCBO_const   1.90378e-01   1.18984e-03   0.00000e+00   1.39932e+03
 EXTERNAL ERROR MATRIX.    NDIM=  25    NPAR=  4    ERR DEF=1
  1.775e-07  2.175e-08  1.721e-08  3.888e-07 
  2.175e-08  2.807e-09  2.161e-09  5.197e-08 
  1.721e-08  2.161e-09  1.711e-09  4.190e-08 
  3.888e-07  5.197e-08  4.190e-08  1.416e-06 
ERR MATRIX NOT POS-DEF
 PARAMETER  CORRELATION COEFFICIENTS  
       NO.  GLOBAL     18     19     20     22
       18  0.99525   1.000  0.974  0.987  0.776
       19  0.98692   0.974  1.000  0.986  0.825
       20  0.99772   0.987  0.986  1.000  0.851
       22  0.94818   0.776  0.825  0.851  1.000
 ERR MATRIX NOT POS-DEF
MINUIT - FIT ONLY 2-y
 **********
 **   76 **RES 
 **********
                   PARAMETER   14  ANy2 RESTORED TO VARIABLE.
                   PARAMETER    8  phi_CBO RESTORED TO VARIABLE.
                   PARAMETER    7  w_CBO RESTORED TO VARIABLE.
                   PARAMETER    6  A_CBO RESTORED TO VARIABLE.
                   PARAMETER    4  phi RESTORED TO VARIABLE.
                   PARAMETER    3  A0 RESTORED TO VARIABLE.
                   PARAMETER    1  N0 RESTORED TO VARIABLE.
 **********
 **   77 **FIX            0
 **********
 PARAMETER    0  IS UNDEFINED. IGNORED.
 **********
 **   78 **FIX            1
 **********
 **********
 **   79 **FIX            2
 **********
 PARAMETER    2  IS CONSTANT.   IGNORED.
 **********
 **   80 **FIX            3
 **********
 **********
 **   81 **FIX            4
 **********
 **********
 **   82 **FIX            5
 **********
 PARAMETER    5  IS CONSTANT.   IGNORED.
 **********
 **   83 **FIX            6
 **********
 **********
 **   84 **FIX            7
 **********
 **********
 **   85 **FIX            8
 **********
 **********
 **   86 **FIX            9
 **********
 PARAMETER    9  IS CONSTANT.   IGNORED.
 **********
 **   87 **FIX           10
 **********
 PARAMETER   10  IS CONSTANT.   IGNORED.
 **********
 **   88 **FIX           11
 **********
 PARAMETER   11  IS CONSTANT.   IGNORED.
 **********
 **   89 **FIX           12
 **********
 PARAMETER   12  IS CONSTANT.   IGNORED.
 **********
 **   90 **FIX           16
 **********
 PARAMETER   16  IS CONSTANT.   IGNORED.
 **********
 **   91 **MIGRAD
 **********
 START MIGRAD MINIMIZATION.  STRATEGY  1.  CONVERGENCE WHEN EDM .LT. 1.00e-04
 FCN=523.494 FROM MIGRAD    STATUS=INITIATE       10 CALLS        2453 TOTAL
                     EDM= unknown      STRATEGY= 1      NO ERROR MATRIX       
  EXT PARAMETER               CURRENT GUESS       STEP         FIRST   
  NO.   NAME      VALUE            ERROR          SIZE      DERIVATIVE 
   1  N0           3.06196e+06     fixed    
