 + ++++++++++++++++++++++++++++++++++++++++++++++++++++++++++++++++++++ +
 +                                                                      +
 +           You have chose to blind your fitting according to          +
 +                omega_ref * (1 + (R +/- deltaR) *10^{-6})             +
 +                                                                      +
 + ++++++++++++++++++++++++++++++++++++++++++++++++++++++++++++++++++++ +
In main()...
reading format from /gm2data/zkhechad/run45/envelope/formats/formatB_sBin_constraintOn.txt
pBinTau 	= 0  
pBinPhi 	= 0  
constraintau 	= 1 
includeMopTerm 	= 0    
constrainMop    = 0   
Parameters after format file: pBinTau 0 pBinPhi 0 constraintau 1 includeMopTerm 0 constrainMop 0 c_e_scale 0.000000 
reading cbo reference file (full fit) from /gm2data/zkhechad/cboTemplates/Run4CBOTemplates/fullFits/run4/sBin_constraintOn_cE0.0_seed0_run4_calo12.root
A_CBO 0.007990 w_CBO 2.327632 phi_CBO 5.471864 N0 3435893.469287 R -59.911173 tau 64.398066 
Reading cboRef file /gm2data/zkhechad/cboTemplates/Run4CBOTemplates//cboIsolate/run4_calo12.root
deltaT 164.120000
windowBins = 1100
fitting sliding window 1740 from bin 1943 at 289.895600 to bin 3043 at 454.015600 (1100 bins)

Reading data from /gm2data/cornell/histograms/aMethod/histogram_a_run4.root
fitting cbo isolate
 **********
 **    1 **SET PRINTOUT            1
 **********
 **********
 **    2 **SET NOWARNINGS 
 **********
 PARAMETER DEFINITIONS:
    NO.   NAME         VALUE      STEP SIZE      LIMITS
     1 A_CBO        7.98954e-03  1.00000e-05     no limits
     2 w_CBO        2.32763e+00  1.00000e-02    2.00000e+00  3.00000e+00
     3 phi_CBO      5.47186e+00  1.00000e-02    0.00000e+00  6.28319e+00
 **********
 **    3 **MIGRAD
 **********
 FIRST CALL TO USER FUNCTION AT NEW START POINT, WITH IFLAG=4.
 START MIGRAD MINIMIZATION.  STRATEGY  1.  CONVERGENCE WHEN EDM .LT. 1.00e-04
 FCN=0.0701675 FROM MIGRAD    STATUS=INITIATE       12 CALLS          13 TOTAL
                     EDM= unknown      STRATEGY= 1      NO ERROR MATRIX       
  EXT PARAMETER               CURRENT GUESS       STEP         FIRST   
  NO.   NAME      VALUE            ERROR          SIZE      DERIVATIVE 
   1  A_CBO        7.98954e-03   1.00000e-05   1.00000e-05   5.84573e+00
   2  w_CBO        2.32763e+00   1.00000e-02   2.13083e-02   2.41692e-01
   3  phi_CBO      5.47186e+00   1.00000e-02   4.74617e-03  -3.24386e-03
 MIGRAD MINIMIZATION HAS CONVERGED.
 MIGRAD WILL VERIFY CONVERGENCE AND ERROR MATRIX.
 COVARIANCE MATRIX CALCULATED SUCCESSFULLY
 FCN=0.0546067 FROM MIGRAD    STATUS=CONVERGED      49 CALLS          50 TOTAL
                     EDM=1.7419e-05    STRATEGY= 1      ERROR MATRIX ACCURATE 
  EXT PARAMETER                                   STEP         FIRST   
  NO.   NAME      VALUE            ERROR          SIZE      DERIVATIVE 
   1  A_CBO        2.67007e-03   4.26484e-02   2.13824e-05  -8.07853e-03
   2  w_CBO        2.32756e+00   2.62737e-01   4.54052e-05  -4.03115e-03
   3  phi_CBO      5.51007e+00   3.72920e+00   3.99073e-03  -6.93046e-05
 EXTERNAL ERROR MATRIX.    NDIM=  25    NPAR=  3    ERR DEF=1
  1.819e-03 -6.960e-05 -2.727e-02 
 -6.960e-05  7.776e-02  2.886e+01 
 -2.727e-02  2.886e+01  1.096e+04 
 PARAMETER  CORRELATION COEFFICIENTS  
       NO.  GLOBAL      1      2      3
        1  0.00622   1.000 -0.006 -0.006
        2  0.98835  -0.006  1.000  0.988
        3  0.98835  -0.006  0.988  1.000
setting A_CBO=0.002670 w_CBO=2.327558, phi_CBO=5.510066
done fitting cbo isolate
 **********
 **    1 **SET PRINTOUT            1
 **********
 **********
 **    2 **SET NOWARNINGS 
 **********
 PARAMETER DEFINITIONS:
    NO.   NAME         VALUE      STEP SIZE      LIMITS
     1 N0           3.43589e+06  1.00000e+02     no limits
     2 tau          6.43981e+01  constant
     3 A0           3.53663e-01  1.00000e-04     no limits
     4 phi          4.11774e+00  1.00000e-02     no limits
     5 R           -5.99112e+01  constant
     6 A_CBO        2.67007e-03  1.00000e-05     no limits
     7 w_CBO        2.32756e+00  1.00000e-03     no limits
     8 phi_CBO      5.51007e+00  1.00000e-04     no limits
     9 ANx2         3.16301e-04  constant
    10 pNx2         1.53957e+00  constant
    11 ANy1         0.00000e+00  constant
    12 pNy1         0.00000e+00  constant
    13 w_y          0.00000e+00  constant
    14 ANy2         1.02217e-02  1.00000e-04     no limits
    15 pNy2         1.44040e+00  constant
    16 w_vw         1.43192e+01  constant
    17 LM          -2.49463e-04  constant
    18 wCBO_expCoeff   2.00000e+02  1.00000e+00     no limits
    19 wCBO_expOffset   2.00000e+02  1.00000e+00     no limits
    20 wCBO_expT    3.00000e+01  1.00000e+00     no limits
    21 wCBO_linCoeff   0.00000e+00  constant
    22 wCBO_const   0.00000e+00  1.00000e-02     no limits
MINUIT - FIT ONLY WIGGLE
 **********
 **    3 **FIX            5
 **********
 PARAMETER    5  IS CONSTANT.   IGNORED.
 **********
 **    4 **FIX            6
 **********
 **********
 **    5 **FIX            7
 **********
 **********
 **    6 **FIX            8
 **********
 **********
 **    7 **FIX            9
 **********
 PARAMETER    9  IS CONSTANT.   IGNORED.
 **********
 **    8 **FIX           10
 **********
 PARAMETER   10  IS CONSTANT.   IGNORED.
 **********
 **    9 **FIX           11
 **********
 PARAMETER   11  IS CONSTANT.   IGNORED.
 **********
 **   10 **FIX           12
 **********
 PARAMETER   12  IS CONSTANT.   IGNORED.
 **********
 **   11 **FIX           13
 **********
 PARAMETER   13  IS CONSTANT.   IGNORED.
 **********
 **   12 **FIX           14
 **********
 **********
 **   13 **FIX           15
 **********
 PARAMETER   15  IS CONSTANT.   IGNORED.
 **********
 **   14 **FIX           16
 **********
 PARAMETER   16  IS CONSTANT.   IGNORED.
 **********
 **   15 **MIGRAD
 **********
 FIRST CALL TO USER FUNCTION AT NEW START POINT, WITH IFLAG=4.
 START MIGRAD MINIMIZATION.  STRATEGY  1.  CONVERGENCE WHEN EDM .LT. 1.00e-04
 FCN=974.011 FROM MIGRAD    STATUS=INITIATE       34 CALLS          35 TOTAL
                     EDM= unknown      STRATEGY= 1      NO ERROR MATRIX       
  EXT PARAMETER               CURRENT GUESS       STEP         FIRST   
  NO.   NAME      VALUE            ERROR          SIZE      DERIVATIVE 
   1  N0           3.43589e+06   1.00000e+02   1.00000e+02   2.60528e-06
   2  tau          6.43981e+01   constant   
   3  A0           3.53663e-01   1.00000e-04   1.00000e-04  -6.32862e+03
   4  phi          4.11774e+00   1.00000e-02   1.00000e-02   1.31797e+02
   5  R           -5.99112e+01   constant   
   6  A_CBO        2.67007e-03     fixed    
   7  w_CBO        2.32756e+00     fixed    
   8  phi_CBO      5.51007e+00     fixed    
   9  ANx2         3.16301e-04   constant   
  10  pNx2         1.53957e+00   constant   
  11  ANy1         0.00000e+00   constant   
  12  pNy1         0.00000e+00   constant   
  13  w_y          0.00000e+00   constant   
  14  ANy2         1.02217e-02     fixed    
  15  pNy2         1.44040e+00   constant   
  16  w_vw         1.43192e+01   constant   
  17  LM          -2.49463e-04   constant   
  18  wCBO_expCoeff   2.00000e+02   1.00000e+00   1.00000e+00  -6.99812e+01
  19  wCBO_expOffset   2.00000e+02   1.00000e+00   1.00000e+00  -4.66406e+02
  20  wCBO_expT    3.00000e+01   1.00000e+00   1.00000e+00  -2.02027e+03
  21  wCBO_linCoeff   0.00000e+00   constant   
  22  wCBO_const   0.00000e+00   1.00000e-02   1.00000e-02  -7.02193e+03
 MIGRAD MINIMIZATION HAS CONVERGED.
 FCN=957.285 FROM MIGRAD    STATUS=CONVERGED     183 CALLS         184 TOTAL
                     EDM=1.47953e-06    STRATEGY= 1  ERROR MATRIX UNCERTAINTY   1.6 per cent
  EXT PARAMETER                                   STEP         FIRST   
  NO.   NAME      VALUE            ERROR          SIZE      DERIVATIVE 
   1  N0           3.43615e+06   1.04014e+03  -3.13320e-01  -9.76536e-08
   2  tau          6.43981e+01   constant   
   3  A0           3.54085e-01   4.06421e-04  -1.63994e-07  -4.22004e-01
   4  phi          4.11781e+00   1.19279e-03   4.30827e-07   1.01630e-01
   5  R           -5.99112e+01   constant   
   6  A_CBO        2.67007e-03     fixed    
   7  w_CBO        2.32756e+00     fixed    
   8  phi_CBO      5.51007e+00     fixed    
   9  ANx2         3.16301e-04   constant   
  10  pNx2         1.53957e+00   constant   
  11  ANy1         0.00000e+00   constant   
  12  pNy1         0.00000e+00   constant   
  13  w_y          0.00000e+00   constant   
  14  ANy2         1.02217e-02     fixed    
  15  pNy2         1.44040e+00   constant   
  16  w_vw         1.43192e+01   constant   
  17  LM          -2.49463e-04   constant   
  18  wCBO_expCoeff   1.99868e+02   5.73714e-02  -3.03701e-04   1.78870e-01
  19  wCBO_expOffset   1.99980e+02   8.66126e-03  -4.59027e-05   1.35313e+00
  20  wCBO_expT    3.00111e+01   5.59999e-03   2.82441e-05   4.05454e+00
  21  wCBO_linCoeff   0.00000e+00   constant   
  22  wCBO_const   1.59724e-03   5.33201e-04  -1.51661e-06   4.60718e+00
 EXTERNAL ERROR MATRIX.    NDIM=  25    NPAR=  7    ERR DEF=1
  1.082e+06  1.426e-03  6.764e-03  2.412e+00  3.664e-01 -2.372e-01  1.965e-02 
  1.426e-03  1.652e-07  1.865e-09 -4.916e-08 -5.531e-09  1.703e-08 -1.788e-09 
  6.764e-03  1.865e-09  1.423e-06 -2.298e-06 -3.490e-07  2.532e-07 -3.507e-08 
  2.412e+00 -4.916e-08 -2.298e-06  3.291e-03  4.698e-04 -3.130e-04  1.608e-05 
  3.664e-01 -5.531e-09 -3.490e-07  4.698e-04  7.502e-05 -4.725e-05  2.428e-06 
 -2.372e-01  1.703e-08  2.532e-07 -3.130e-04 -4.725e-05  3.136e-05 -1.871e-06 
  1.965e-02 -1.788e-09 -3.507e-08  1.608e-05  2.428e-06 -1.871e-06  2.843e-07 
 PARAMETER  CORRELATION COEFFICIENTS  
       NO.  GLOBAL      1      3      4     18     19     20     22
        1  0.04809   1.000  0.003  0.005  0.040  0.041 -0.041  0.035
        3  0.04638   0.003  1.000  0.004 -0.002 -0.002  0.007 -0.008
        4  0.05693   0.005  0.004  1.000 -0.034 -0.034  0.038 -0.055
       18  0.98328   0.040 -0.002 -0.034  1.000  0.945 -0.974  0.526
       19  0.98322   0.041 -0.002 -0.034  0.945  1.000 -0.974  0.526
       20  0.99478  -0.041  0.007  0.038 -0.974 -0.974  1.000 -0.627
       22  0.83379   0.035 -0.008 -0.055  0.526  0.526 -0.627  1.000
MINUIT - FIT ONLY 1-CBO + other amplitudes 
 **********
 **   16 **RES 
 **********
                   PARAMETER   14  ANy2 RESTORED TO VARIABLE.
                   PARAMETER    8  phi_CBO RESTORED TO VARIABLE.
                   PARAMETER    7  w_CBO RESTORED TO VARIABLE.
                   PARAMETER    6  A_CBO RESTORED TO VARIABLE.
 **********
 **   17 **FIX            0
 **********
 PARAMETER    0  IS UNDEFINED. IGNORED.
 **********
 **   18 **FIX            1
 **********
 **********
 **   19 **FIX            2
 **********
 PARAMETER    2  IS CONSTANT.   IGNORED.
 **********
 **   20 **FIX            3
 **********
 **********
 **   21 **FIX            4
 **********
 **********
 **   22 **FIX            9
 **********
 PARAMETER    9  IS CONSTANT.   IGNORED.
 **********
 **   23 **FIX           11
 **********
 PARAMETER   11  IS CONSTANT.   IGNORED.
 **********
 **   24 **FIX           12
 **********
 PARAMETER   12  IS CONSTANT.   IGNORED.
 **********
 **   25 **FIX           14
 **********
 **********
 **   26 **FIX           15
 **********
 PARAMETER   15  IS CONSTANT.   IGNORED.
 **********
 **   27 **FIX           16
 **********
 PARAMETER   16  IS CONSTANT.   IGNORED.
 **********
 **   28 **MIGRAD
 **********
 START MIGRAD MINIMIZATION.  STRATEGY  1.  CONVERGENCE WHEN EDM .LT. 1.00e-04
 FCN=957.285 FROM MIGRAD    STATUS=INITIATE       20 CALLS         204 TOTAL
                     EDM= unknown      STRATEGY= 1      NO ERROR MATRIX       
  EXT PARAMETER               CURRENT GUESS       STEP         FIRST   
  NO.   NAME      VALUE            ERROR          SIZE      DERIVATIVE 
   1  N0           3.43615e+06     fixed    
   2  tau          6.43981e+01   constant   
   3  A0           3.54085e-01     fixed    
   4  phi          4.11781e+00     fixed    
   5  R           -5.99112e+01   constant   
   6  A_CBO        2.67007e-03   1.00000e-05   1.00000e-05   1.86346e+04
   7  w_CBO        2.32756e+00   1.00000e-03   1.00000e-03   1.73446e+01
   8  phi_CBO      5.51007e+00   1.00000e-04   1.00000e-04  -4.67175e+00
   9  ANx2         3.16301e-04   constant   
  10  pNx2         1.53957e+00   constant   
  11  ANy1         0.00000e+00   constant   
  12  pNy1         0.00000e+00   constant   
  13  w_y          0.00000e+00   constant   
  14  ANy2         1.02217e-02     fixed    
  15  pNy2         1.44040e+00   constant   
  16  w_vw         1.43192e+01   constant   
  17  LM          -2.49463e-04   constant   
  18  wCBO_expCoeff   1.99868e+02   5.73714e-02  -3.03701e-04   1.78873e-01
  19  wCBO_expOffset   1.99980e+02   8.66126e-03  -4.59027e-05   1.35313e+00
  20  wCBO_expT    3.00111e+01   5.59999e-03   2.82441e-05   4.05454e+00
  21  wCBO_linCoeff   0.00000e+00   constant   
  22  wCBO_const   1.59724e-03   5.33201e-04  -1.51661e-06   4.60717e+00
 MIGRAD MINIMIZATION HAS CONVERGED.
 FCN=938.981 FROM MIGRAD    STATUS=CONVERGED     191 CALLS         375 TOTAL
                     EDM=7.6153e-07    STRATEGY= 1  ERROR MATRIX UNCERTAINTY   1.3 per cent
  EXT PARAMETER                                   STEP         FIRST   
  NO.   NAME      VALUE            ERROR          SIZE      DERIVATIVE 
   1  N0           3.43615e+06     fixed    
   2  tau          6.43981e+01   constant   
   3  A0           3.54085e-01     fixed    
   4  phi          4.11781e+00     fixed    
   5  R           -5.99112e+01   constant   
   6  A_CBO        9.24730e-04   4.39487e-04  -5.99797e-06  -2.94697e-01
   7  w_CBO        2.32742e+00   5.26396e-04  -2.20356e-06  -3.72613e-01
   8  phi_CBO      6.37003e+00   6.18904e-01   4.47436e-03  -4.12940e-04
   9  ANx2         3.16301e-04   constant   
  10  pNx2         1.53957e+00   constant   
  11  ANy1         0.00000e+00   constant   
  12  pNy1         0.00000e+00   constant   
  13  w_y          0.00000e+00   constant   
  14  ANy2         1.02217e-02     fixed    
  15  pNy2         1.44040e+00   constant   
  16  w_vw         1.43192e+01   constant   
  17  LM          -2.49463e-04   constant   
  18  wCBO_expCoeff   1.99852e+02   5.82183e-02  -2.52071e-04  -5.61841e-03
  19  wCBO_expOffset   1.99978e+02   8.73404e-03  -3.78211e-05  -3.47287e-02
  20  wCBO_expT    3.00145e+01   8.00869e-03   4.31387e-05  -2.98018e-01
  21  wCBO_linCoeff   0.00000e+00   constant   
  22  wCBO_const   1.51240e-03   6.17536e-04  -2.43700e-07   2.42503e-01
 EXTERNAL ERROR MATRIX.    NDIM=  25    NPAR=  7    ERR DEF=1
  1.931e-07  2.848e-08 -2.069e-05  2.765e-06  4.148e-07 -4.906e-07  5.950e-08 
  2.848e-08  2.771e-07 -4.085e-05  2.909e-05  4.364e-06 -4.112e-06  1.344e-07 
 -2.069e-05 -4.085e-05  3.830e-01 -4.820e-03 -7.232e-04  9.322e-04  1.231e-05 
  2.765e-06  2.909e-05 -4.820e-03  3.389e-03  4.866e-04 -4.543e-04  1.290e-05 
  4.148e-07  4.364e-06 -7.232e-04  4.866e-04  7.628e-05 -6.815e-05  1.935e-06 
 -4.906e-07 -4.112e-06  9.322e-04 -4.543e-04 -6.815e-05  6.414e-05 -2.303e-06 
  5.950e-08  1.344e-07  1.231e-05  1.290e-05  1.935e-06 -2.303e-06  3.814e-07 
 PARAMETER  CORRELATION COEFFICIENTS  
       NO.  GLOBAL      6      7      8     18     19     20     22
        6  0.23892   1.000  0.123 -0.076  0.108  0.108 -0.139  0.219
        7  0.98296   0.123  1.000 -0.125  0.949  0.949 -0.975  0.413
        8  0.67419  -0.076 -0.125  1.000 -0.134 -0.134  0.188  0.032
       18  0.98558   0.108  0.949 -0.134  1.000  0.957 -0.974  0.359
       19  0.98556   0.108  0.949 -0.134  0.957  1.000 -0.974  0.359
       20  0.99728  -0.139 -0.975  0.188 -0.974 -0.974  1.000 -0.466
       22  0.84147   0.219  0.413  0.032  0.359  0.359 -0.466  1.000
MINUIT - FIT ONLY 1-CBO
 **********
 **   29 **RES 
 **********
                   PARAMETER   14  ANy2 RESTORED TO VARIABLE.
                   PARAMETER    4  phi RESTORED TO VARIABLE.
                   PARAMETER    3  A0 RESTORED TO VARIABLE.
                   PARAMETER    1  N0 RESTORED TO VARIABLE.
 **********
 **   30 **FIX            0
 **********
 PARAMETER    0  IS UNDEFINED. IGNORED.
 **********
 **   31 **FIX            1
 **********
 **********
 **   32 **FIX            2
 **********
 PARAMETER    2  IS CONSTANT.   IGNORED.
 **********
 **   33 **FIX            3
 **********
 **********
 **   34 **FIX            4
 **********
 **********
 **   35 **FIX            8
 **********
 **********
 **   36 **FIX            9
 **********
 PARAMETER    9  IS CONSTANT.   IGNORED.
 **********
 **   37 **FIX           11
 **********
 PARAMETER   11  IS CONSTANT.   IGNORED.
 **********
 **   38 **FIX           12
 **********
 PARAMETER   12  IS CONSTANT.   IGNORED.
 **********
 **   39 **FIX           13
 **********
 PARAMETER   13  IS CONSTANT.   IGNORED.
 **********
 **   40 **FIX           15
 **********
 PARAMETER   15  IS CONSTANT.   IGNORED.
 **********
 **   41 **FIX           16
 **********
 PARAMETER   16  IS CONSTANT.   IGNORED.
 **********
 **   42 **MIGRAD
 **********
 START MIGRAD MINIMIZATION.  STRATEGY  1.  CONVERGENCE WHEN EDM .LT. 1.00e-04
 FCN=938.981 FROM MIGRAD    STATUS=INITIATE       16 CALLS         391 TOTAL
                     EDM= unknown      STRATEGY= 1      NO ERROR MATRIX       
  EXT PARAMETER               CURRENT GUESS       STEP         FIRST   
  NO.   NAME      VALUE            ERROR          SIZE      DERIVATIVE 
   1  N0           3.43615e+06     fixed    
   2  tau          6.43981e+01   constant   
   3  A0           3.54085e-01     fixed    
   4  phi          4.11781e+00     fixed    
   5  R           -5.99112e+01   constant   
   6  A_CBO        9.24730e-04   4.39487e-04  -5.99797e-06  -2.94697e-01
   7  w_CBO        2.32742e+00   5.26396e-04  -2.20356e-06  -3.72595e-01
   8  phi_CBO      6.37003e+00     fixed    
   9  ANx2         3.16301e-04   constant   
  10  pNx2         1.53957e+00   constant   
  11  ANy1         0.00000e+00   constant   
  12  pNy1         0.00000e+00   constant   
  13  w_y          0.00000e+00   constant   
  14  ANy2         1.02217e-02   1.00000e-04   1.00000e-04   1.13336e+05
  15  pNy2         1.44040e+00   constant   
  16  w_vw         1.43192e+01   constant   
  17  LM          -2.49463e-04   constant   
  18  wCBO_expCoeff   1.99852e+02   5.82183e-02  -2.52071e-04  -5.61836e-03
  19  wCBO_expOffset   1.99978e+02   8.73404e-03  -3.78211e-05  -3.47287e-02
  20  wCBO_expT    3.00145e+01   8.00869e-03   4.31387e-05  -2.98018e-01
  21  wCBO_linCoeff   0.00000e+00   constant   
  22  wCBO_const   1.51240e-03   6.17536e-04  -2.43700e-07   2.42504e-01
 MIGRAD MINIMIZATION HAS CONVERGED.
 MIGRAD WILL VERIFY CONVERGENCE AND ERROR MATRIX.
 COVARIANCE MATRIX CALCULATED SUCCESSFULLY
 FCN=350.507 FROM HESSE     STATUS=OK             50 CALLS         538 TOTAL
                     EDM=0.000118836    STRATEGY= 1      ERROR MATRIX ACCURATE 
  EXT PARAMETER                                   STEP         FIRST   
  NO.   NAME      VALUE            ERROR          SIZE      DERIVATIVE 
   1  N0           3.43615e+06     fixed    
   2  tau          6.43981e+01   constant   
   3  A0           3.54085e-01     fixed    
   4  phi          4.11781e+00     fixed    
   5  R           -5.99112e+01   constant   
   6  A_CBO        4.10589e-04   4.66890e-04   3.88931e-06   1.97102e-03
   7  w_CBO        2.32744e+00   5.33699e-03   2.02804e-06  -3.39149e+00
   8  phi_CBO      6.37003e+00     fixed    
   9  ANx2         3.16301e-04   constant   
  10  pNx2         1.53957e+00   constant   
  11  ANy1         0.00000e+00   constant   
  12  pNy1         0.00000e+00   constant   
  13  w_y          0.00000e+00   constant   
  14  ANy2        -1.63809e-04   4.28190e-04   3.91367e-06  -1.34229e-01
  15  pNy2         1.44040e+00   constant   
  16  w_vw         1.43192e+01   constant   
  17  LM          -2.49463e-04   constant   
  18  wCBO_expCoeff   1.99857e+02   4.63028e-01   2.00657e-04  -3.53609e-02
  19  wCBO_expOffset   1.99979e+02   4.68179e-02   9.53572e-05  -2.38352e-01
  20  wCBO_expT    3.00147e+01   1.33890e-02   1.43121e-05   8.67601e-01
  21  wCBO_linCoeff   0.00000e+00   constant   
  22  wCBO_const   1.28439e-03   2.34362e-03   4.64625e-06  -8.25164e-01
 MIGRAD MINIMIZATION HAS CONVERGED.
 FCN=350.507 FROM MIGRAD    STATUS=CONVERGED     179 CALLS         554 TOTAL
                     EDM=9.52323e-08    STRATEGY= 1  ERROR MATRIX UNCERTAINTY   0.6 per cent
  EXT PARAMETER                                   STEP         FIRST   
  NO.   NAME      VALUE            ERROR          SIZE      DERIVATIVE 
   1  N0           3.43615e+06     fixed    
   2  tau          6.43981e+01   constant   
   3  A0           3.54085e-01     fixed    
   4  phi          4.11781e+00     fixed    
   5  R           -5.99112e+01   constant   
   6  A_CBO        4.12003e-04   4.69498e-04   1.41339e-06   3.65496e-01
   7  w_CBO        2.32746e+00   5.38757e-03   1.96435e-05   8.20677e-01
   8  phi_CBO      6.37003e+00     fixed    
   9  ANx2         3.16301e-04   constant   
  10  pNx2         1.53957e+00   constant   
  11  ANy1         0.00000e+00   constant   
  12  pNy1         0.00000e+00   constant   
  13  w_y          0.00000e+00   constant   
  14  ANy2        -1.63804e-04   4.28189e-04   4.92706e-09   1.35704e-01
  15  pNy2         1.44040e+00   constant   
  16  w_vw         1.43192e+01   constant   
  17  LM          -2.49463e-04   constant   
  18  wCBO_expCoeff   1.99859e+02   4.67795e-01   1.74566e-03   7.52498e-03
  19  wCBO_expOffset   1.99979e+02   4.71866e-02   1.05338e-04   3.90581e-02
  20  wCBO_expT    3.00145e+01   1.57982e-02  -2.02342e-04   1.74499e-01
  21  wCBO_linCoeff   0.00000e+00   constant   
  22  wCBO_const   1.28524e-03   2.34420e-03   8.54865e-07   3.96153e-01
 EXTERNAL ERROR MATRIX.    NDIM=  25    NPAR=  7    ERR DEF=1
  2.204e-07  1.779e-07  9.261e-09  1.547e-05  1.139e-07 -1.668e-06  1.178e-07 
  1.779e-07  2.903e-05  1.600e-09 -1.563e-03 -6.661e-05 -2.372e-05 -1.143e-05 
  9.261e-09  1.600e-09  1.833e-07  1.095e-07 -1.690e-07  2.151e-08  6.023e-09 
  1.547e-05 -1.563e-03  1.095e-07  2.188e-01 -6.185e-03 -2.117e-03  7.649e-04 
  1.139e-07 -6.661e-05 -1.690e-07 -6.185e-03  2.227e-03 -1.404e-04  3.402e-05 
 -1.668e-06 -2.372e-05  2.151e-08 -2.117e-03 -1.404e-04  2.496e-04 -1.225e-06 
  1.178e-07 -1.143e-05  6.023e-09  7.649e-04  3.402e-05 -1.225e-06  5.495e-06 
 PARAMETER  CORRELATION COEFFICIENTS  
       NO.  GLOBAL      6      7     14     18     19     20     22
        6  0.42564   1.000  0.070  0.046  0.070  0.005 -0.225  0.107
        7  0.99915   0.070  1.000  0.001 -0.620 -0.262 -0.279 -0.905
       14  0.05639   0.046  0.001  1.000  0.001 -0.008  0.003  0.006
       18  0.99890   0.070 -0.620  0.001  1.000 -0.280 -0.286  0.698
       19  0.99756   0.005 -0.262 -0.008 -0.280  1.000 -0.188  0.308
       20  0.99796  -0.225 -0.279  0.003 -0.286 -0.188  1.000 -0.033
       22  0.97629   0.107 -0.905  0.006  0.698  0.308 -0.033  1.000
MINUIT - FIT ONLY 2-CBO
 **********
 **   43 **RES 
 **********
                   PARAMETER    8  phi_CBO RESTORED TO VARIABLE.
                   PARAMETER    4  phi RESTORED TO VARIABLE.
                   PARAMETER    3  A0 RESTORED TO VARIABLE.
                   PARAMETER    1  N0 RESTORED TO VARIABLE.
 **********
 **   44 **FIX            0
 **********
 PARAMETER    0  IS UNDEFINED. IGNORED.
 **********
 **   45 **FIX            1
 **********
 **********
 **   46 **FIX            2
 **********
 PARAMETER    2  IS CONSTANT.   IGNORED.
 **********
 **   47 **FIX            3
 **********
 **********
 **   48 **FIX            4
 **********
 **********
 **   49 **FIX            5
 **********
 PARAMETER    5  IS CONSTANT.   IGNORED.
 **********
 **   50 **FIX            6
 **********
 **********
 **   51 **FIX            7
 **********
 **********
 **   52 **FIX           10
 **********
 PARAMETER   10  IS CONSTANT.   IGNORED.
 **********
 **   53 **FIX           11
 **********
 PARAMETER   11  IS CONSTANT.   IGNORED.
 **********
 **   54 **FIX           12
 **********
 PARAMETER   12  IS CONSTANT.   IGNORED.
 **********
 **   55 **FIX           13
 **********
 PARAMETER   13  IS CONSTANT.   IGNORED.
 **********
 **   56 **FIX           14
 **********
 **********
 **   57 **FIX           15
 **********
 PARAMETER   15  IS CONSTANT.   IGNORED.
 **********
 **   58 **FIX           16
 **********
 PARAMETER   16  IS CONSTANT.   IGNORED.
 **********
 **   59 **MIGRAD
 **********
 START MIGRAD MINIMIZATION.  STRATEGY  1.  CONVERGENCE WHEN EDM .LT. 1.00e-04
 FCN=350.507 FROM MIGRAD    STATUS=INITIATE       12 CALLS         566 TOTAL
                     EDM= unknown      STRATEGY= 1      NO ERROR MATRIX       
  EXT PARAMETER               CURRENT GUESS       STEP         FIRST   
  NO.   NAME      VALUE            ERROR          SIZE      DERIVATIVE 
   1  N0           3.43615e+06     fixed    
   2  tau          6.43981e+01   constant   
   3  A0           3.54085e-01     fixed    
   4  phi          4.11781e+00     fixed    
   5  R           -5.99112e+01   constant   
   6  A_CBO        4.12003e-04     fixed    
   7  w_CBO        2.32746e+00     fixed    
   8  phi_CBO      6.37003e+00   6.18904e-01   6.18904e-01   1.11948e+00
   9  ANx2         3.16301e-04   constant   
  10  pNx2         1.53957e+00   constant   
  11  ANy1         0.00000e+00   constant   
  12  pNy1         0.00000e+00   constant   
  13  w_y          0.00000e+00   constant   
  14  ANy2        -1.63804e-04     fixed    
  15  pNy2         1.44040e+00   constant   
  16  w_vw         1.43192e+01   constant   
  17  LM          -2.49463e-04   constant   
  18  wCBO_expCoeff   1.99859e+02   4.67795e-01   1.74566e-03   7.52436e-03
  19  wCBO_expOffset   1.99979e+02   4.71866e-02   1.05338e-04   3.90581e-02
  20  wCBO_expT    3.00145e+01   1.57982e-02  -2.02342e-04   1.74499e-01
  21  wCBO_linCoeff   0.00000e+00   constant   
  22  wCBO_const   1.28524e-03   2.34420e-03   8.54865e-07   3.96146e-01
 MIGRAD MINIMIZATION HAS CONVERGED.
 MIGRAD WILL VERIFY CONVERGENCE AND ERROR MATRIX.
 COVARIANCE MATRIX CALCULATED SUCCESSFULLY
 FCN=350.111 FROM MIGRAD    STATUS=CONVERGED     117 CALLS         671 TOTAL
                     EDM=4.18469e-06    STRATEGY= 1      ERROR MATRIX ACCURATE 
  EXT PARAMETER                                   STEP         FIRST   
  NO.   NAME      VALUE            ERROR          SIZE      DERIVATIVE 
   1  N0           3.43615e+06     fixed    
   2  tau          6.43981e+01   constant   
   3  A0           3.54085e-01     fixed    
   4  phi          4.11781e+00     fixed    
   5  R           -5.99112e+01   constant   
   6  A_CBO        4.12003e-04     fixed    
   7  w_CBO        2.32746e+00     fixed    
   8  phi_CBO      5.68721e+00   1.06437e+00   8.60490e-03   1.10915e-03
   9  ANx2         3.16301e-04   constant   
  10  pNx2         1.53957e+00   constant   
  11  ANy1         0.00000e+00   constant   
  12  pNy1         0.00000e+00   constant   
  13  w_y          0.00000e+00   constant   
  14  ANy2        -1.63804e-04     fixed    
  15  pNy2         1.44040e+00   constant   
  16  w_vw         1.43192e+01   constant   
  17  LM          -2.49463e-04   constant   
  18  wCBO_expCoeff   1.99871e+02   5.90276e-01   1.99932e-04   5.64920e-02
  19  wCBO_expOffset   1.99981e+02   8.33595e-02   9.53581e-05   3.75567e-01
  20  wCBO_expT    3.00131e+01   1.55022e-02   1.43114e-05   1.11996e+00
  21  wCBO_linCoeff   0.00000e+00   constant   
  22  wCBO_const   1.22485e-03   8.76649e-04   4.41828e-06  -2.14942e+00
 EXTERNAL ERROR MATRIX.    NDIM=  25    NPAR=  5    ERR DEF=1
  1.133e+00 -1.590e-02 -2.587e-03  1.787e-03  1.546e-04 
 -1.590e-02  3.484e-01 -4.174e-02 -3.438e-03  1.291e-04 
 -2.587e-03 -4.174e-02  6.949e-03 -2.194e-04  7.200e-06 
  1.787e-03 -3.438e-03 -2.194e-04  2.403e-04 -9.163e-06 
  1.546e-04  1.291e-04  7.200e-06 -9.163e-06  7.685e-07 
 PARAMETER  CORRELATION COEFFICIENTS  
       NO.  GLOBAL      8     18     19     20     22
        8  0.47935   1.000 -0.025 -0.029  0.108  0.166
       18  0.99930  -0.025  1.000 -0.848 -0.376  0.249
       19  0.99921  -0.029 -0.848  1.000 -0.170  0.099
       20  0.99783   0.108 -0.376 -0.170  1.000 -0.674
       22  0.83300   0.166  0.249  0.099 -0.674  1.000
MINUIT - FIT ONLY 1-y
 **********
 **   60 **RES 
 **********
                   PARAMETER   14  ANy2 RESTORED TO VARIABLE.
                   PARAMETER    7  w_CBO RESTORED TO VARIABLE.
                   PARAMETER    6  A_CBO RESTORED TO VARIABLE.
                   PARAMETER    4  phi RESTORED TO VARIABLE.
                   PARAMETER    3  A0 RESTORED TO VARIABLE.
                   PARAMETER    1  N0 RESTORED TO VARIABLE.
 **********
 **   61 **FIX            0
 **********
 PARAMETER    0  IS UNDEFINED. IGNORED.
 **********
 **   62 **FIX            1
 **********
 **********
 **   63 **FIX            2
 **********
 PARAMETER    2  IS CONSTANT.   IGNORED.
 **********
 **   64 **FIX            3
 **********
 **********
 **   65 **FIX            4
 **********
 **********
 **   66 **FIX            5
 **********
 PARAMETER    5  IS CONSTANT.   IGNORED.
 **********
 **   67 **FIX            6
 **********
 **********
 **   68 **FIX            7
 **********
 **********
 **   69 **FIX            8
 **********
 **********
 **   70 **FIX            9
 **********
 PARAMETER    9  IS CONSTANT.   IGNORED.
 **********
 **   71 **FIX           13
 **********
 PARAMETER   13  IS CONSTANT.   IGNORED.
 **********
 **   72 **FIX           14
 **********
 **********
 **   73 **FIX           15
 **********
 PARAMETER   15  IS CONSTANT.   IGNORED.
 **********
 **   74 **FIX           16
 **********
 PARAMETER   16  IS CONSTANT.   IGNORED.
 **********
 **   75 **MIGRAD
 **********
 START MIGRAD MINIMIZATION.  STRATEGY  1.  CONVERGENCE WHEN EDM .LT. 1.00e-04
 FCN=350.111 FROM MIGRAD    STATUS=INITIATE        8 CALLS         679 TOTAL
                     EDM= unknown      STRATEGY= 1      NO ERROR MATRIX       
  EXT PARAMETER               CURRENT GUESS       STEP         FIRST   
  NO.   NAME      VALUE            ERROR          SIZE      DERIVATIVE 
   1  N0           3.43615e+06     fixed    
   2  tau          6.43981e+01   constant   
   3  A0           3.54085e-01     fixed    
   4  phi          4.11781e+00     fixed    
   5  R           -5.99112e+01   constant   
   6  A_CBO        4.12003e-04     fixed    
   7  w_CBO        2.32746e+00     fixed    
   8  phi_CBO      5.68721e+00     fixed    
   9  ANx2         3.16301e-04   constant   
  10  pNx2         1.53957e+00   constant   
  11  ANy1         0.00000e+00   constant   
  12  pNy1         0.00000e+00   constant   
  13  w_y          0.00000e+00   constant   
  14  ANy2        -1.63804e-04     fixed    
  15  pNy2         1.44040e+00   constant   
  16  w_vw         1.43192e+01   constant   
  17  LM          -2.49463e-04   constant   
  18  wCBO_expCoeff   1.99871e+02   5.90276e-01   1.99932e-04   5.64542e-02
  19  wCBO_expOffset   1.99981e+02   8.33595e-02   9.53581e-05   3.73605e-01
  20  wCBO_expT    3.00131e+01   1.55022e-02   1.43114e-05   1.12134e+00
  21  wCBO_linCoeff   0.00000e+00   constant   
  22  wCBO_const   1.22485e-03   8.76649e-04   4.41828e-06  -2.14977e+00
 MIGRAD MINIMIZATION HAS CONVERGED.
 MIGRAD WILL VERIFY CONVERGENCE AND ERROR MATRIX.
 COVARIANCE MATRIX CALCULATED SUCCESSFULLY
 FCN=350.111 FROM MIGRAD    STATUS=CONVERGED      41 CALLS         712 TOTAL
                     EDM=2.10804e-06    STRATEGY= 1      ERROR MATRIX ACCURATE 
  EXT PARAMETER                                   STEP         FIRST   
  NO.   NAME      VALUE            ERROR          SIZE      DERIVATIVE 
   1  N0           3.43615e+06     fixed    
   2  tau          6.43981e+01   constant   
   3  A0           3.54085e-01     fixed    
   4  phi          4.11781e+00     fixed    
   5  R           -5.99112e+01   constant   
   6  A_CBO        4.12003e-04     fixed    
   7  w_CBO        2.32746e+00     fixed    
   8  phi_CBO      5.68721e+00     fixed    
   9  ANx2         3.16301e-04   constant   
  10  pNx2         1.53957e+00   constant   
  11  ANy1         0.00000e+00   constant   
  12  pNy1         0.00000e+00   constant   
  13  w_y          0.00000e+00   constant   
  14  ANy2        -1.63804e-04     fixed    
  15  pNy2         1.44040e+00   constant   
  16  w_vw         1.43192e+01   constant   
  17  LM          -2.49463e-04   constant   
  18  wCBO_expCoeff   1.99871e+02   5.95796e-01   2.01604e-04  -2.18942e-02
  19  wCBO_expOffset   1.99981e+02   8.42773e-02   9.53581e-05  -1.46421e-01
  20  wCBO_expT    3.00131e+01   1.54464e-02   1.43114e-05  -5.40150e-01
  21  wCBO_linCoeff   0.00000e+00   constant   
  22  wCBO_const   1.22499e-03   8.65490e-04   4.43764e-06  -3.61085e+00
 EXTERNAL ERROR MATRIX.    NDIM=  25    NPAR=  4    ERR DEF=1
  3.550e-01 -4.278e-02 -3.416e-03  1.315e-04 
 -4.278e-02  7.103e-03 -2.181e-04  7.651e-06 
 -3.416e-03 -2.181e-04  2.386e-04 -9.449e-06 
  1.315e-04  7.651e-06 -9.449e-06  7.491e-07 
 PARAMETER  CORRELATION COEFFICIENTS  
       NO.  GLOBAL     18     19     20     22
       18  0.99932   1.000 -0.852 -0.371  0.255
       19  0.99923  -0.852  1.000 -0.168  0.105
       20  0.99782  -0.371 -0.168  1.000 -0.707
       22  0.82822   0.255  0.105 -0.707  1.000
MINUIT - FIT ONLY 2-y
 **********
 **   76 **RES 
 **********
                   PARAMETER   14  ANy2 RESTORED TO VARIABLE.
                   PARAMETER    8  phi_CBO RESTORED TO VARIABLE.
                   PARAMETER    7  w_CBO RESTORED TO VARIABLE.
                   PARAMETER    6  A_CBO RESTORED TO VARIABLE.
                   PARAMETER    4  phi RESTORED TO VARIABLE.
                   PARAMETER    3  A0 RESTORED TO VARIABLE.
                   PARAMETER    1  N0 RESTORED TO VARIABLE.
 **********
 **   77 **FIX            0
 **********
 PARAMETER    0  IS UNDEFINED. IGNORED.
 **********
 **   78 **FIX            1
 **********
 **********
 **   79 **FIX            2
 **********
 PARAMETER    2  IS CONSTANT.   IGNORED.
 **********
 **   80 **FIX            3
 **********
 **********
 **   81 **FIX            4
 **********
 **********
 **   82 **FIX            5
 **********
 PARAMETER    5  IS CONSTANT.   IGNORED.
 **********
 **   83 **FIX            6
 **********
 **********
 **   84 **FIX            7
 **********
 **********
 **   85 **FIX            8
 **********
 **********
 **   86 **FIX            9
 **********
 PARAMETER    9  IS CONSTANT.   IGNORED.
 **********
 **   87 **FIX           10
 **********
 PARAMETER   10  IS CONSTANT.   IGNORED.
 **********
 **   88 **FIX           11
 **********
 PARAMETER   11  IS CONSTANT.   IGNORED.
 **********
 **   89 **FIX           12
 **********
 PARAMETER   12  IS CONSTANT.   IGNORED.
 **********
 **   90 **FIX           16
 **********
 PARAMETER   16  IS CONSTANT.   IGNORED.
 **********
 **   91 **MIGRAD
 **********
 START MIGRAD MINIMIZATION.  STRATEGY  1.  CONVERGENCE WHEN EDM .LT. 1.00e-04
 FCN=350.111 FROM MIGRAD    STATUS=INITIATE       10 CALLS         722 TOTAL
                     EDM= unknown      STRATEGY= 1      NO ERROR MATRIX       
  EXT PARAMETER               CURRENT GUESS       STEP         FIRST   
  NO.   NAME      VALUE            ERROR          SIZE      DERIVATIVE 
   1  N0           3.43615e+06     fixed    
   2  tau          6.43981e+01   constant   
   3  A0           3.54085e-01     fixed    
   4  phi          4.11781e+00     fixed    
   5  R           -5.99112e+01   constant   
   6  A_CBO        4.12003e-04     fixed    
   7  w_CBO        2.32746e+00     fixed    
   8  phi_CBO      5.68721e+00     fixed    
   9  ANx2         3.16301e-04   constant   
  10  pNx2         1.53957e+00   constant   
  11  ANy1         0.00000e+00   constant   
  12  pNy1         0.00000e+00   constant   
  13  w_y          0.00000e+00   constant   
  14  ANy2        -1.63804e-04   4.28189e-04   4.28189e-04   1.36017e+02
  15  pNy2         1.44040e+00   constant   
  16  w_vw         1.43192e+01   constant   
  17  LM          -2.49463e-04   constant   
  18  wCBO_expCoeff   1.99871e+02   5.95796e-01   2.01604e-04  -2.19307e-02
  19  wCBO_expOffset   1.99981e+02   8.42773e-02   9.53581e-05  -1.48315e-01
  20  wCBO_expT    3.00131e+01   1.54464e-02   1.43114e-05  -5.38733e-01
  21  wCBO_linCoeff   0.00000e+00   constant   
  22  wCBO_const   1.22499e-03   8.65490e-04   4.43764e-06  -3.61120e+00
 MIGRAD MINIMIZATION HAS CONVERGED.
 MIGRAD WILL VERIFY CONVERGENCE AND ERROR MATRIX.
 COVARIANCE MATRIX CALCULATED SUCCESSFULLY
 FCN=350.111 FROM MIGRAD    STATUS=CONVERGED      52 CALLS         764 TOTAL
                     EDM=2.13208e-06    STRATEGY= 1      ERROR MATRIX ACCURATE 
  EXT PARAMETER                                   STEP         FIRST   
  NO.   NAME      VALUE            ERROR          SIZE      DERIVATIVE 
   1  N0           3.43615e+06     fixed    
   2  tau          6.43981e+01   constant   
   3  A0           3.54085e-01     fixed    
   4  phi          4.11781e+00     fixed    
   5  R           -5.99112e+01   constant   
   6  A_CBO        4.12003e-04     fixed    
   7  w_CBO        2.32746e+00     fixed    
   8  phi_CBO      5.68721e+00     fixed    
   9  ANx2         3.16301e-04   constant   
  10  pNx2         1.53957e+00   constant   
  11  ANy1         0.00000e+00   constant   
  12  pNy1         0.00000e+00   constant   
  13  w_y          0.00000e+00   constant   
  14  ANy2        -1.76234e-04   4.27855e-04   3.91150e-06   1.18401e-01
  15  pNy2         1.44040e+00   constant   
  16  w_vw         1.43192e+01   constant   
  17  LM          -2.49463e-04   constant   
  18  wCBO_expCoeff   1.99871e+02   5.92213e-01   2.01601e-04   1.87004e-02
  19  wCBO_expOffset   1.99981e+02   8.36893e-02   9.53581e-05   1.23904e-01
  20  wCBO_expT    3.00131e+01   1.54420e-02   1.43114e-05   5.63930e-01
  21  wCBO_linCoeff   0.00000e+00   constant   
  22  wCBO_const   1.22542e-03   8.65147e-04   4.43772e-06   1.44780e+00
 EXTERNAL ERROR MATRIX.    NDIM=  25    NPAR=  5    ERR DEF=1
  1.831e-07 -2.073e-07 -4.209e-07  1.278e-07 -5.876e-10 
 -2.073e-07  3.507e-01 -4.214e-02 -3.418e-03  1.314e-04 
 -4.209e-07 -4.214e-02  7.004e-03 -2.174e-04  7.620e-06 
  1.278e-07 -3.418e-03 -2.174e-04  2.385e-04 -9.435e-06 
 -5.876e-10  1.314e-04  7.620e-06 -9.435e-06  7.485e-07 
 PARAMETER  CORRELATION COEFFICIENTS  
       NO.  GLOBAL     14     18     19     20     22
       14  0.03990   1.000 -0.001 -0.012  0.019 -0.002
       18  0.99931  -0.001  1.000 -0.850 -0.374  0.256
       19  0.99922  -0.012 -0.850  1.000 -0.168  0.105
       20  0.99781   0.019 -0.374 -0.168  1.000 -0.706
       22  0.82793  -0.002  0.256  0.105 -0.706  1.000
MINUIT - FIT ALTOGETHER
 **********
 **   92 **RES 
 **********
                   PARAMETER    8  phi_CBO RESTORED TO VARIABLE.
                   PARAMETER    7  w_CBO RESTORED TO VARIABLE.
                   PARAMETER    6  A_CBO RESTORED TO VARIABLE.
                   PARAMETER    4  phi RESTORED TO VARIABLE.
                   PARAMETER    3  A0 RESTORED TO VARIABLE.
                   PARAMETER    1  N0 RESTORED TO VARIABLE.
 **********
 **   93 **MIGRAD
 **********
 START MIGRAD MINIMIZATION.  STRATEGY  1.  CONVERGENCE WHEN EDM .LT. 1.00e-04
 FCN=350.111 FROM MIGRAD    STATUS=INITIATE       22 CALLS         786 TOTAL
                     EDM= unknown      STRATEGY= 1      NO ERROR MATRIX       
  EXT PARAMETER               CURRENT GUESS       STEP         FIRST   
  NO.   NAME      VALUE            ERROR          SIZE      DERIVATIVE 
   1  N0           3.43615e+06   1.04014e+03   1.04014e+03   3.92211e-05
   2  tau          6.43981e+01   constant   
   3  A0           3.54085e-01   4.06421e-04   4.06421e-04  -4.53072e+02
   4  phi          4.11781e+00   1.19279e-03   1.19279e-03  -1.03724e+02
   5  R           -5.99112e+01   constant   
