 + ++++++++++++++++++++++++++++++++++++++++++++++++++++++++++++++++++++ +
 +                                                                      +
 +           You have chose to blind your fitting according to          +
 +                omega_ref * (1 + (R +/- deltaR) *10^{-6})             +
 +                                                                      +
 + ++++++++++++++++++++++++++++++++++++++++++++++++++++++++++++++++++++ +
In main()...
reading format from /gm2data/zkhechad/run45/envelope/formats/formatB_sBin_constraintOn.txt
pBinTau 	= 0  
pBinPhi 	= 0  
constraintau 	= 1 
includeMopTerm 	= 0    
constrainMop    = 0   
Parameters after format file: pBinTau 0 pBinPhi 0 constraintau 1 includeMopTerm 0 constrainMop 0 c_e_scale 0.000000 
reading cbo reference file (full fit) from /gm2data/zkhechad/cboTemplates/Run4CBOTemplates/fullFits/run4/sBin_constraintOn_cE0.0_seed0_run4_calo18.root
A_CBO 0.008791 w_CBO 2.327338 phi_CBO 0.630678 N0 3499835.498759 R -60.917989 tau 64.411905 
Reading cboRef file /gm2data/zkhechad/cboTemplates/Run4CBOTemplates//cboIsolate/run4_calo18.root
deltaT 164.120000
windowBins = 1100
fitting sliding window 1500 from bin 1703 at 254.087600 to bin 2803 at 418.207600 (1100 bins)

Reading data from /gm2data/cornell/histograms/aMethod/histogram_a_run4.root
fitting cbo isolate
 **********
 **    1 **SET PRINTOUT            1
 **********
 **********
 **    2 **SET NOWARNINGS 
 **********
 PARAMETER DEFINITIONS:
    NO.   NAME         VALUE      STEP SIZE      LIMITS
     1 A_CBO        8.79094e-03  1.00000e-05     no limits
     2 w_CBO        2.32734e+00  1.00000e-02    2.00000e+00  3.00000e+00
     3 phi_CBO      6.30678e-01  1.00000e-02    0.00000e+00  6.28319e+00
 **********
 **    3 **MIGRAD
 **********
 FIRST CALL TO USER FUNCTION AT NEW START POINT, WITH IFLAG=4.
 START MIGRAD MINIMIZATION.  STRATEGY  1.  CONVERGENCE WHEN EDM .LT. 1.00e-04
 FCN=0.0477797 FROM MIGRAD    STATUS=INITIATE       12 CALLS          13 TOTAL
                     EDM= unknown      STRATEGY= 1      NO ERROR MATRIX       
  EXT PARAMETER               CURRENT GUESS       STEP         FIRST   
  NO.   NAME      VALUE            ERROR          SIZE      DERIVATIVE 
   1  A_CBO        8.79094e-03   1.00000e-05   1.00000e-05   6.31116e+00
   2  w_CBO        2.32734e+00   1.00000e-02   2.13132e-02   6.88099e-01
   3  phi_CBO      6.30678e-01   1.00000e-02   5.29649e-03  -7.84796e-03
 MIGRAD MINIMIZATION HAS CONVERGED.
 MIGRAD WILL VERIFY CONVERGENCE AND ERROR MATRIX.
 COVARIANCE MATRIX CALCULATED SUCCESSFULLY
 FCN=0.0295812 FROM MIGRAD    STATUS=CONVERGED      54 CALLS          55 TOTAL
                     EDM=5.64514e-05    STRATEGY= 1      ERROR MATRIX ACCURATE 
  EXT PARAMETER                                   STEP         FIRST   
  NO.   NAME      VALUE            ERROR          SIZE      DERIVATIVE 
   1  A_CBO        3.09496e-03   4.29402e-02   2.11046e-05   7.08795e-04
   2  w_CBO        2.32709e+00   3.04782e-01   4.46002e-05   1.16488e-02
   3  phi_CBO      6.95649e-01   4.36119e+00   3.48441e-03   4.32460e-05
 EXTERNAL ERROR MATRIX.    NDIM=  25    NPAR=  3    ERR DEF=1
  1.844e-03 -1.792e-03 -5.927e-01 
 -1.792e-03  1.101e-01  3.612e+01 
 -5.927e-01  3.612e+01  1.204e+04 
 PARAMETER  CORRELATION COEFFICIENTS  
       NO.  GLOBAL      1      2      3
        1  0.12606   1.000 -0.126 -0.126
        2  0.99209  -0.126  1.000  0.992
        3  0.99209  -0.126  0.992  1.000
setting A_CBO=0.003095 w_CBO=2.327091, phi_CBO=0.695649
done fitting cbo isolate
 **********
 **    1 **SET PRINTOUT            1
 **********
 **********
 **    2 **SET NOWARNINGS 
 **********
 PARAMETER DEFINITIONS:
    NO.   NAME         VALUE      STEP SIZE      LIMITS
     1 N0           3.49984e+06  1.00000e+02     no limits
     2 tau          6.44119e+01  constant
     3 A0           3.53539e-01  1.00000e-04     no limits
     4 phi          4.12187e+00  1.00000e-02     no limits
     5 R           -6.09180e+01  constant
     6 A_CBO        3.09496e-03  1.00000e-05     no limits
     7 w_CBO        2.32709e+00  1.00000e-03     no limits
     8 phi_CBO      6.95649e-01  1.00000e-04     no limits
     9 ANx2         2.22853e-04  constant
    10 pNx2         5.08518e+00  constant
    11 ANy1         0.00000e+00  constant
    12 pNy1         0.00000e+00  constant
    13 w_y          0.00000e+00  constant
    14 ANy2         9.04789e-03  1.00000e-04     no limits
    15 pNy2         3.29982e+00  constant
    16 w_vw         1.43191e+01  constant
    17 LM           2.21951e-04  constant
    18 wCBO_expCoeff   2.00000e+02  1.00000e+00     no limits
    19 wCBO_expOffset   2.00000e+02  1.00000e+00     no limits
    20 wCBO_expT    3.00000e+01  1.00000e+00     no limits
    21 wCBO_linCoeff   0.00000e+00  constant
    22 wCBO_const   0.00000e+00  1.00000e-02     no limits
MINUIT - FIT ONLY WIGGLE
 **********
 **    3 **FIX            5
 **********
 PARAMETER    5  IS CONSTANT.   IGNORED.
 **********
 **    4 **FIX            6
 **********
 **********
 **    5 **FIX            7
 **********
 **********
 **    6 **FIX            8
 **********
 **********
 **    7 **FIX            9
 **********
 PARAMETER    9  IS CONSTANT.   IGNORED.
 **********
 **    8 **FIX           10
 **********
 PARAMETER   10  IS CONSTANT.   IGNORED.
 **********
 **    9 **FIX           11
 **********
 PARAMETER   11  IS CONSTANT.   IGNORED.
 **********
 **   10 **FIX           12
 **********
 PARAMETER   12  IS CONSTANT.   IGNORED.
 **********
 **   11 **FIX           13
 **********
 PARAMETER   13  IS CONSTANT.   IGNORED.
 **********
 **   12 **FIX           14
 **********
 **********
 **   13 **FIX           15
 **********
 PARAMETER   15  IS CONSTANT.   IGNORED.
 **********
 **   14 **FIX           16
 **********
 PARAMETER   16  IS CONSTANT.   IGNORED.
 **********
 **   15 **MIGRAD
 **********
 FIRST CALL TO USER FUNCTION AT NEW START POINT, WITH IFLAG=4.
 START MIGRAD MINIMIZATION.  STRATEGY  1.  CONVERGENCE WHEN EDM .LT. 1.00e-04
 FCN=1249.67 FROM MIGRAD    STATUS=INITIATE       58 CALLS          59 TOTAL
                     EDM= unknown      STRATEGY= 1      NO ERROR MATRIX       
  EXT PARAMETER               CURRENT GUESS       STEP         FIRST   
  NO.   NAME      VALUE            ERROR          SIZE      DERIVATIVE 
   1  N0           3.49984e+06   1.00000e+02   0.00000e+00   3.64544e-04
   2  tau          6.44119e+01   constant   
   3  A0           3.53539e-01   1.00000e-04   0.00000e+00   2.23753e+02
   4  phi          4.12187e+00   1.00000e-02   0.00000e+00   3.00940e+03
   5  R           -6.09180e+01   constant   
   6  A_CBO        3.09496e-03     fixed    
   7  w_CBO        2.32709e+00     fixed    
   8  phi_CBO      6.95649e-01     fixed    
   9  ANx2         2.22853e-04   constant   
  10  pNx2         5.08518e+00   constant   
  11  ANy1         0.00000e+00   constant   
  12  pNy1         0.00000e+00   constant   
  13  w_y          0.00000e+00   constant   
  14  ANy2         9.04789e-03     fixed    
  15  pNy2         3.29982e+00   constant   
  16  w_vw         1.43191e+01   constant   
  17  LM           2.21951e-04   constant   
  18  wCBO_expCoeff   1.99968e+02   1.00000e+00  -3.15750e-02   1.41121e+02
  19  wCBO_expOffset   2.00000e+02   1.00000e+00   0.00000e+00   9.40029e+02
  20  wCBO_expT    3.00000e+01   1.00000e+00   0.00000e+00   1.77285e+03
  21  wCBO_linCoeff   0.00000e+00   constant   
  22  wCBO_const   0.00000e+00   1.00000e-02   0.00000e+00   5.64373e+03
 MIGRAD MINIMIZATION HAS CONVERGED.
 FCN=1232.93 FROM MIGRAD    STATUS=CONVERGED     225 CALLS         226 TOTAL
                     EDM=2.02303e-07    STRATEGY= 1  ERROR MATRIX UNCERTAINTY   0.8 per cent
  EXT PARAMETER                                   STEP         FIRST   
  NO.   NAME      VALUE            ERROR          SIZE      DERIVATIVE 
   1  N0           3.49968e+06   7.97307e+02   1.70705e+00  -5.01522e-07
   2  tau          6.44119e+01   constant   
   3  A0           3.53490e-01   3.05173e-04   3.87514e-07  -1.54067e+00
   4  phi          4.12069e+00   8.88787e-04  -1.85402e-06   4.72593e-01
   5  R           -6.09180e+01   constant   
   6  A_CBO        3.09496e-03     fixed    
   7  w_CBO        2.32709e+00     fixed    
   8  phi_CBO      6.95649e-01     fixed    
   9  ANx2         2.22853e-04   constant   
  10  pNx2         5.08518e+00   constant   
  11  ANy1         0.00000e+00   constant   
  12  pNy1         0.00000e+00   constant   
  13  w_y          0.00000e+00   constant   
  14  ANy2         9.04789e-03     fixed    
  15  pNy2         3.29982e+00   constant   
  16  w_vw         1.43191e+01   constant   
  17  LM           2.21951e-04   constant   
  18  wCBO_expCoeff   1.99939e+02   1.07429e-02  -8.13375e-06  -1.12540e-01
  19  wCBO_expOffset   1.99996e+02   1.61307e-03  -1.34762e-06   5.44646e-01
  20  wCBO_expT    3.00062e+01   1.78299e-03   1.19392e-06  -4.12749e-01
  21  wCBO_linCoeff   0.00000e+00   constant   
  22  wCBO_const  -3.18853e-03   6.64628e-04  -4.02176e-08  -6.42130e-01
 EXTERNAL ERROR MATRIX.    NDIM=  25    NPAR=  7    ERR DEF=1
  6.357e+05  3.851e-03  6.151e-03  3.472e-01  3.186e-02 -5.061e-02  3.767e-03 
  3.851e-03  9.313e-08 -2.505e-09 -5.544e-09 -5.086e-09 -6.795e-09  7.752e-09 
  6.151e-03 -2.505e-09  7.899e-07 -7.144e-08  1.003e-08  7.771e-09 -5.813e-09 
  3.472e-01 -5.544e-09 -7.144e-08  1.154e-04  1.577e-05 -1.823e-05  4.835e-06 
  3.186e-02 -5.086e-09  1.003e-08  1.577e-05  2.602e-06 -2.735e-06  7.230e-07 
 -5.061e-02 -6.795e-09  7.771e-09 -1.823e-05 -2.735e-06  3.179e-06 -9.683e-07 
  3.767e-03  7.752e-09 -5.813e-09  4.835e-06  7.230e-07 -9.683e-07  4.417e-07 
 PARAMETER  CORRELATION COEFFICIENTS  
       NO.  GLOBAL      1      3      4     18     19     20     22
        1  0.08771   1.000  0.016  0.009  0.041  0.025 -0.036  0.007
        3  0.08758   0.016  1.000 -0.009 -0.002 -0.010 -0.012  0.038
        4  0.04265   0.009 -0.009  1.000 -0.007  0.007  0.005 -0.010
       18  0.97280   0.041 -0.002 -0.007  1.000  0.910 -0.952  0.677
       19  0.97310   0.025 -0.010  0.007  0.910  1.000 -0.951  0.674
       20  0.99364  -0.036 -0.012  0.005 -0.952 -0.951  1.000 -0.817
       22  0.93474   0.007  0.038 -0.010  0.677  0.674 -0.817  1.000
MINUIT - FIT ONLY 1-CBO + other amplitudes 
 **********
 **   16 **RES 
 **********
                   PARAMETER   14  ANy2 RESTORED TO VARIABLE.
                   PARAMETER    8  phi_CBO RESTORED TO VARIABLE.
                   PARAMETER    7  w_CBO RESTORED TO VARIABLE.
                   PARAMETER    6  A_CBO RESTORED TO VARIABLE.
 **********
 **   17 **FIX            0
 **********
 PARAMETER    0  IS UNDEFINED. IGNORED.
 **********
 **   18 **FIX            1
 **********
 **********
 **   19 **FIX            2
 **********
 PARAMETER    2  IS CONSTANT.   IGNORED.
 **********
 **   20 **FIX            3
 **********
 **********
 **   21 **FIX            4
 **********
 **********
 **   22 **FIX            9
 **********
 PARAMETER    9  IS CONSTANT.   IGNORED.
 **********
 **   23 **FIX           11
 **********
 PARAMETER   11  IS CONSTANT.   IGNORED.
 **********
 **   24 **FIX           12
 **********
 PARAMETER   12  IS CONSTANT.   IGNORED.
 **********
 **   25 **FIX           14
 **********
 **********
 **   26 **FIX           15
 **********
 PARAMETER   15  IS CONSTANT.   IGNORED.
 **********
 **   27 **FIX           16
 **********
 PARAMETER   16  IS CONSTANT.   IGNORED.
 **********
 **   28 **MIGRAD
 **********
 START MIGRAD MINIMIZATION.  STRATEGY  1.  CONVERGENCE WHEN EDM .LT. 1.00e-04
 FCN=1232.93 FROM MIGRAD    STATUS=INITIATE       22 CALLS         248 TOTAL
                     EDM= unknown      STRATEGY= 1      NO ERROR MATRIX       
  EXT PARAMETER               CURRENT GUESS       STEP         FIRST   
  NO.   NAME      VALUE            ERROR          SIZE      DERIVATIVE 
   1  N0           3.49968e+06     fixed    
   2  tau          6.44119e+01   constant   
   3  A0           3.53490e-01     fixed    
   4  phi          4.12069e+00     fixed    
   5  R           -6.09180e+01   constant   
   6  A_CBO        3.09496e-03   1.00000e-05   1.00000e-05   3.82598e+04
   7  w_CBO        2.32709e+00   1.00000e-03   1.00000e-03  -9.89439e+00
   8  phi_CBO      6.95649e-01   1.00000e-04   1.00000e-04  -4.00117e+00
   9  ANx2         2.22853e-04   constant   
  10  pNx2         5.08518e+00   constant   
  11  ANy1         0.00000e+00   constant   
  12  pNy1         0.00000e+00   constant   
  13  w_y          0.00000e+00   constant   
  14  ANy2         9.04789e-03     fixed    
  15  pNy2         3.29982e+00   constant   
  16  w_vw         1.43191e+01   constant   
  17  LM           2.21951e-04   constant   
  18  wCBO_expCoeff   1.99939e+02   1.07429e-02  -8.13375e-06  -1.12540e-01
  19  wCBO_expOffset   1.99996e+02   1.61307e-03  -1.34762e-06   5.44646e-01
  20  wCBO_expT    3.00062e+01   1.78299e-03   1.19392e-06  -4.12749e-01
  21  wCBO_linCoeff   0.00000e+00   constant   
  22  wCBO_const  -3.18853e-03   6.64628e-04  -4.02176e-08  -6.42130e-01
 MIGRAD MINIMIZATION HAS CONVERGED.
 MIGRAD WILL VERIFY CONVERGENCE AND ERROR MATRIX.
 COVARIANCE MATRIX CALCULATED SUCCESSFULLY
 FCN=1193.18 FROM MIGRAD    STATUS=CONVERGED     258 CALLS         484 TOTAL
                     EDM=1.72734e-06    STRATEGY= 1      ERROR MATRIX ACCURATE 
  EXT PARAMETER                                   STEP         FIRST   
  NO.   NAME      VALUE            ERROR          SIZE      DERIVATIVE 
   1  N0           3.49968e+06     fixed    
   2  tau          6.44119e+01   constant   
   3  A0           3.53490e-01     fixed    
   4  phi          4.12069e+00     fixed    
   5  R           -6.09180e+01   constant   
   6  A_CBO        1.08720e-03   3.27590e-04   5.44979e-06  -1.11709e+00
   7  w_CBO        2.32701e+00   9.64135e-04   1.10960e-06  -2.56632e+01
   8  phi_CBO      1.28959e+00   5.66438e-01   4.96701e-03   1.72470e-03
   9  ANx2         2.22853e-04   constant   
  10  pNx2         5.08518e+00   constant   
  11  ANy1         0.00000e+00   constant   
  12  pNy1         0.00000e+00   constant   
  13  w_y          0.00000e+00   constant   
  14  ANy2         9.04789e-03     fixed    
  15  pNy2         3.29982e+00   constant   
  16  w_vw         1.43191e+01   constant   
  17  LM           2.21951e-04   constant   
  18  wCBO_expCoeff   1.99931e+02   8.37036e-02   9.53344e-05  -2.85436e-01
  19  wCBO_expOffset   1.99994e+02   5.86804e-03   9.53648e-05  -1.90457e+00
  20  wCBO_expT    3.00082e+01   2.87604e-03   1.43090e-05  -4.53428e+00
  21  wCBO_linCoeff   0.00000e+00   constant   
  22  wCBO_const  -3.00591e-03   1.38616e-03   6.05127e-06  -2.64785e+00
 EXTERNAL ERROR MATRIX.    NDIM=  25    NPAR=  7    ERR DEF=1
  1.073e-07  1.285e-08  3.586e-06  1.340e-06 -1.833e-07 -1.203e-07  4.876e-08 
  1.285e-08  9.296e-07 -2.609e-05 -6.608e-05 -1.225e-06 -4.928e-07 -2.687e-07 
  3.586e-06 -2.609e-05  3.209e-01 -2.553e-03  3.195e-05  2.947e-04  3.342e-04 
  1.340e-06 -6.608e-05 -2.553e-03  7.006e-03 -1.197e-04 -4.653e-05  4.037e-05 
 -1.833e-07 -1.225e-06  3.195e-05 -1.197e-04  3.443e-05 -2.208e-07  5.302e-07 
 -1.203e-07 -4.928e-07  2.947e-04 -4.653e-05 -2.208e-07  8.272e-06 -2.456e-06 
  4.876e-08 -2.687e-07  3.342e-04  4.037e-05  5.302e-07 -2.456e-06  1.921e-06 
 PARAMETER  CORRELATION COEFFICIENTS  
       NO.  GLOBAL      6      7      8     18     19     20     22
        6  0.16759   1.000  0.041  0.019  0.049 -0.095 -0.128  0.107
        7  0.99897   0.041  1.000 -0.048 -0.819 -0.216 -0.178 -0.201
        8  0.85427   0.019 -0.048  1.000 -0.054  0.010  0.181  0.426
       18  0.99889   0.049 -0.819 -0.054  1.000 -0.244 -0.193  0.348
       19  0.99492  -0.095 -0.216  0.010 -0.244  1.000 -0.013  0.065
       20  0.99549  -0.128 -0.178  0.181 -0.193 -0.013  1.000 -0.616
       22  0.96598   0.107 -0.201  0.426  0.348  0.065 -0.616  1.000
MINUIT - FIT ONLY 1-CBO
 **********
 **   29 **RES 
 **********
                   PARAMETER   14  ANy2 RESTORED TO VARIABLE.
                   PARAMETER    4  phi RESTORED TO VARIABLE.
                   PARAMETER    3  A0 RESTORED TO VARIABLE.
                   PARAMETER    1  N0 RESTORED TO VARIABLE.
 **********
 **   30 **FIX            0
 **********
 PARAMETER    0  IS UNDEFINED. IGNORED.
 **********
 **   31 **FIX            1
 **********
 **********
 **   32 **FIX            2
 **********
 PARAMETER    2  IS CONSTANT.   IGNORED.
 **********
 **   33 **FIX            3
 **********
 **********
 **   34 **FIX            4
 **********
 **********
 **   35 **FIX            8
 **********
 **********
 **   36 **FIX            9
 **********
 PARAMETER    9  IS CONSTANT.   IGNORED.
 **********
 **   37 **FIX           11
 **********
 PARAMETER   11  IS CONSTANT.   IGNORED.
 **********
 **   38 **FIX           12
 **********
 PARAMETER   12  IS CONSTANT.   IGNORED.
 **********
 **   39 **FIX           13
 **********
 PARAMETER   13  IS CONSTANT.   IGNORED.
 **********
 **   40 **FIX           15
 **********
 PARAMETER   15  IS CONSTANT.   IGNORED.
 **********
 **   41 **FIX           16
 **********
 PARAMETER   16  IS CONSTANT.   IGNORED.
 **********
 **   42 **MIGRAD
 **********
 START MIGRAD MINIMIZATION.  STRATEGY  1.  CONVERGENCE WHEN EDM .LT. 1.00e-04
 FCN=1193.18 FROM MIGRAD    STATUS=INITIATE       16 CALLS         500 TOTAL
                     EDM= unknown      STRATEGY= 1      NO ERROR MATRIX       
  EXT PARAMETER               CURRENT GUESS       STEP         FIRST   
  NO.   NAME      VALUE            ERROR          SIZE      DERIVATIVE 
   1  N0           3.49968e+06     fixed    
   2  tau          6.44119e+01   constant   
   3  A0           3.53490e-01     fixed    
   4  phi          4.12069e+00     fixed    
   5  R           -6.09180e+01   constant   
   6  A_CBO        1.08720e-03   3.27590e-04   5.44979e-06  -1.11709e+00
   7  w_CBO        2.32701e+00   9.64135e-04   1.10960e-06  -2.58204e+01
   8  phi_CBO      1.28959e+00     fixed    
   9  ANx2         2.22853e-04   constant   
  10  pNx2         5.08518e+00   constant   
  11  ANy1         0.00000e+00   constant   
  12  pNy1         0.00000e+00   constant   
  13  w_y          0.00000e+00   constant   
  14  ANy2         9.04789e-03   1.00000e-04   1.00000e-04   1.73434e+05
  15  pNy2         3.29982e+00   constant   
  16  w_vw         1.43191e+01   constant   
  17  LM           2.21951e-04   constant   
  18  wCBO_expCoeff   1.99931e+02   8.37036e-02   9.53344e-05  -2.87094e-01
  19  wCBO_expOffset   1.99994e+02   5.86804e-03   9.53648e-05  -2.55013e+00
  20  wCBO_expT    3.00082e+01   2.87604e-03   1.43090e-05  -4.61162e+00
  21  wCBO_linCoeff   0.00000e+00   constant   
  22  wCBO_const  -3.00591e-03   1.38616e-03   6.05127e-06  -2.65712e+00
 MIGRAD MINIMIZATION HAS CONVERGED.
 MIGRAD WILL VERIFY CONVERGENCE AND ERROR MATRIX.
 FCN=407.586 FROM MIGRAD    STATUS=CONVERGED     411 CALLS         895 TOTAL
                     EDM=2.13794e-07    STRATEGY= 1      ERR MATRIX NOT POS-DEF
  EXT PARAMETER                APPROXIMATE        STEP         FIRST   
  NO.   NAME      VALUE            ERROR          SIZE      DERIVATIVE 
   1  N0           3.49968e+06     fixed    
   2  tau          6.44119e+01   constant   
   3  A0           3.53490e-01     fixed    
   4  phi          4.12069e+00     fixed    
   5  R           -6.09180e+01   constant   
   6  A_CBO        1.79139e-04   3.59739e-04   3.16607e-06   1.32456e-01
   7  w_CBO        2.32756e+00   8.77388e-04   1.10987e-06  -1.47323e+00
   8  phi_CBO      1.28959e+00     fixed    
   9  ANx2         2.22853e-04   constant   
  10  pNx2         5.08518e+00   constant   
  11  ANy1         0.00000e+00   constant   
  12  pNy1         0.00000e+00   constant   
  13  w_y          0.00000e+00   constant   
  14  ANy2        -3.88285e-05   3.20784e-04   3.17470e-06   1.48638e+00
  15  pNy2         3.29982e+00   constant   
  16  w_vw         1.43191e+01   constant   
  17  LM           2.21951e-04   constant   
  18  wCBO_expCoeff   1.99981e+02   7.76905e-02   9.53586e-05  -1.75847e-02
  19  wCBO_expOffset   2.00002e+02   1.27747e-02   9.53684e-05  -1.16568e-01
  20  wCBO_expT    2.99950e+01   3.92233e-03   1.43027e-05  -9.41643e-02
  21  wCBO_linCoeff   0.00000e+00   constant   
  22  wCBO_const   3.84629e-05   1.33047e-03   5.14244e-06   8.38141e-02
 EXTERNAL ERROR MATRIX.    NDIM=  25    NPAR=  7    ERR DEF=1
  1.294e-07 -1.907e-08  2.291e-09 -1.650e-06 -6.535e-07  6.224e-07 -1.295e-07 
 -1.907e-08  7.698e-07 -7.483e-10 -2.591e-05 -5.086e-06 -5.209e-07 -2.000e-07 
  2.291e-09 -7.483e-10  1.029e-07 -6.557e-08 -3.725e-08  2.889e-08 -3.406e-09 
 -1.650e-06 -2.591e-05 -6.557e-08  6.036e-03 -4.885e-04 -4.486e-05  2.169e-05 
 -6.535e-07 -5.086e-06 -3.725e-08 -4.885e-04  1.632e-04 -1.335e-05  5.323e-06 
  6.224e-07 -5.209e-07  2.889e-08 -4.486e-05 -1.335e-05  1.538e-05 -3.966e-06 
 -1.295e-07 -2.000e-07 -3.406e-09  2.169e-05  5.323e-06 -3.966e-06  1.770e-06 
ERR MATRIX NOT POS-DEF
 PARAMETER  CORRELATION COEFFICIENTS  
       NO.  GLOBAL      6      7     14     18     19     20     22
        6  0.45806   1.000 -0.060  0.020 -0.059 -0.142  0.441 -0.271
        7  0.99618  -0.060  1.000 -0.003 -0.380 -0.454 -0.151 -0.171
       14  0.02978   0.020 -0.003  1.000 -0.003 -0.009  0.023 -0.008
       18  0.99604  -0.059 -0.380 -0.003  1.000 -0.492 -0.147  0.210
       19  0.99670  -0.142 -0.454 -0.009 -0.492  1.000 -0.266  0.313
       20  0.99267   0.441 -0.151  0.023 -0.147 -0.266  1.000 -0.760
       22  0.92065  -0.271 -0.171 -0.008  0.210  0.313 -0.760  1.000
 ERR MATRIX NOT POS-DEF
MINUIT - FIT ONLY 2-CBO
 **********
 **   43 **RES 
 **********
                   PARAMETER    8  phi_CBO RESTORED TO VARIABLE.
                   PARAMETER    4  phi RESTORED TO VARIABLE.
                   PARAMETER    3  A0 RESTORED TO VARIABLE.
                   PARAMETER    1  N0 RESTORED TO VARIABLE.
 **********
 **   44 **FIX            0
 **********
 PARAMETER    0  IS UNDEFINED. IGNORED.
 **********
 **   45 **FIX            1
 **********
 **********
 **   46 **FIX            2
 **********
 PARAMETER    2  IS CONSTANT.   IGNORED.
 **********
 **   47 **FIX            3
 **********
 **********
 **   48 **FIX            4
 **********
 **********
 **   49 **FIX            5
 **********
 PARAMETER    5  IS CONSTANT.   IGNORED.
 **********
 **   50 **FIX            6
 **********
 **********
 **   51 **FIX            7
 **********
 **********
 **   52 **FIX           10
 **********
 PARAMETER   10  IS CONSTANT.   IGNORED.
 **********
 **   53 **FIX           11
 **********
 PARAMETER   11  IS CONSTANT.   IGNORED.
 **********
 **   54 **FIX           12
 **********
 PARAMETER   12  IS CONSTANT.   IGNORED.
 **********
 **   55 **FIX           13
 **********
 PARAMETER   13  IS CONSTANT.   IGNORED.
 **********
 **   56 **FIX           14
 **********
 **********
 **   57 **FIX           15
 **********
 PARAMETER   15  IS CONSTANT.   IGNORED.
 **********
 **   58 **FIX           16
 **********
 PARAMETER   16  IS CONSTANT.   IGNORED.
 **********
 **   59 **MIGRAD
 **********
 START MIGRAD MINIMIZATION.  STRATEGY  1.  CONVERGENCE WHEN EDM .LT. 1.00e-04
 FCN=407.586 FROM MIGRAD    STATUS=INITIATE       12 CALLS         907 TOTAL
                     EDM= unknown      STRATEGY= 1      NO ERROR MATRIX       
  EXT PARAMETER               CURRENT GUESS       STEP         FIRST   
  NO.   NAME      VALUE            ERROR          SIZE      DERIVATIVE 
   1  N0           3.49968e+06     fixed    
   2  tau          6.44119e+01   constant   
   3  A0           3.53490e-01     fixed    
   4  phi          4.12069e+00     fixed    
   5  R           -6.09180e+01   constant   
   6  A_CBO        1.79139e-04     fixed    
   7  w_CBO        2.32756e+00     fixed    
   8  phi_CBO      1.28959e+00   5.66438e-01   5.66438e-01   1.69228e-01
   9  ANx2         2.22853e-04   constant   
  10  pNx2         5.08518e+00   constant   
  11  ANy1         0.00000e+00   constant   
  12  pNy1         0.00000e+00   constant   
  13  w_y          0.00000e+00   constant   
  14  ANy2        -3.88285e-05     fixed    
  15  pNy2         3.29982e+00   constant   
  16  w_vw         1.43191e+01   constant   
  17  LM           2.21951e-04   constant   
  18  wCBO_expCoeff   1.99981e+02   7.76905e-02   9.53586e-05  -1.71978e-02
  19  wCBO_expOffset   2.00002e+02   1.27747e-02   9.53684e-05   3.51117e-02
  20  wCBO_expT    2.99950e+01   3.92233e-03   1.43027e-05  -5.24849e-02
  21  wCBO_linCoeff   0.00000e+00   constant   
  22  wCBO_const   3.84629e-05   1.33047e-03   5.14244e-06   8.44897e-02
 MIGRAD MINIMIZATION HAS CONVERGED.
 MIGRAD WILL VERIFY CONVERGENCE AND ERROR MATRIX.
 FCN=407.562 FROM HESSE     STATUS=NOT POSDEF     33 CALLS         987 TOTAL
                     EDM=0.000287657    STRATEGY= 1      ERR MATRIX NOT POS-DEF
  EXT PARAMETER                APPROXIMATE        STEP         FIRST   
  NO.   NAME      VALUE            ERROR          SIZE      DERIVATIVE 
   1  N0           3.49968e+06     fixed    
   2  tau          6.44119e+01   constant   
   3  A0           3.53490e-01     fixed    
   4  phi          4.12069e+00     fixed    
   5  R           -6.09180e+01   constant   
   6  A_CBO        1.79139e-04     fixed    
   7  w_CBO        2.32756e+00     fixed    
   8  phi_CBO      1.00637e+00   1.84067e+00   1.74614e-02  -9.33573e-04
   9  ANx2         2.22853e-04   constant   
  10  pNx2         5.08518e+00   constant   
  11  ANy1         0.00000e+00   constant   
  12  pNy1         0.00000e+00   constant   
  13  w_y          0.00000e+00   constant   
  14  ANy2        -3.88285e-05     fixed    
  15  pNy2         3.29982e+00   constant   
  16  w_vw         1.43191e+01   constant   
  17  LM           2.21951e-04   constant   
  18  wCBO_expCoeff   1.99981e+02   7.99724e-02   9.53586e-05  -9.87336e-02
  19  wCBO_expOffset   2.00002e+02   1.30312e-02   9.53684e-05  -6.57282e-01
  20  wCBO_expT    2.99950e+01   3.66743e-03   1.43027e-05   7.33680e+00
  21  wCBO_linCoeff   0.00000e+00   constant   
  22  wCBO_const   2.33919e-05   1.29984e-03   5.14149e-06  -2.98574e+00
 MIGRAD MINIMIZATION HAS CONVERGED.
 MIGRAD WILL VERIFY CONVERGENCE AND ERROR MATRIX.
 FCN=407.561 FROM MIGRAD    STATUS=CONVERGED     139 CALLS        1034 TOTAL
                     EDM=1.00316e-07    STRATEGY= 1      ERR MATRIX NOT POS-DEF
  EXT PARAMETER                APPROXIMATE        STEP         FIRST   
  NO.   NAME      VALUE            ERROR          SIZE      DERIVATIVE 
   1  N0           3.49968e+06     fixed    
   2  tau          6.44119e+01   constant   
   3  A0           3.53490e-01     fixed    
   4  phi          4.12069e+00     fixed    
   5  R           -6.09180e+01   constant   
   6  A_CBO        1.79139e-04     fixed    
   7  w_CBO        2.32756e+00     fixed    
   8  phi_CBO      1.00058e+00   1.85999e+00   1.74675e-02   1.80337e-04
   9  ANx2         2.22853e-04   constant   
  10  pNx2         5.08518e+00   constant   
  11  ANy1         0.00000e+00   constant   
  12  pNy1         0.00000e+00   constant   
  13  w_y          0.00000e+00   constant   
  14  ANy2        -3.88285e-05     fixed    
  15  pNy2         3.29982e+00   constant   
  16  w_vw         1.43191e+01   constant   
  17  LM           2.21951e-04   constant   
  18  wCBO_expCoeff   1.99982e+02   8.04033e-02   9.53587e-05  -1.75201e-02
  19  wCBO_expOffset   2.00002e+02   1.30415e-02   9.53685e-05  -1.15888e-01
  20  wCBO_expT    2.99949e+01   3.69074e-03   1.43027e-05  -3.91271e-01
  21  wCBO_linCoeff   0.00000e+00   constant   
  22  wCBO_const   4.95410e-05   1.30147e-03   5.14153e-06  -6.21283e-01
 EXTERNAL ERROR MATRIX.    NDIM=  25    NPAR=  5    ERR DEF=1
  3.460e+00  3.104e-03 -2.788e-03  1.349e-03 -1.727e-04 
  3.104e-03  6.465e-03 -9.098e-04 -3.173e-05  7.977e-06 
 -2.788e-03 -9.098e-04  1.701e-04 -1.863e-05  4.519e-06 
  1.349e-03 -3.173e-05 -1.863e-05  1.362e-05 -3.847e-06 
 -1.727e-04  7.977e-06  4.519e-06 -3.847e-06  1.694e-06 
ERR MATRIX NOT POS-DEF
 PARAMETER  CORRELATION COEFFICIENTS  
       NO.  GLOBAL      8     18     19     20     22
        8  0.28897   1.000  0.021 -0.115  0.196 -0.071
       18  0.99623   0.021  1.000 -0.868 -0.107  0.076
       19  0.99677  -0.115 -0.868  1.000 -0.387  0.266
       20  0.99167   0.196 -0.107 -0.387  1.000 -0.801
       22  0.91724  -0.071  0.076  0.266 -0.801  1.000
 ERR MATRIX NOT POS-DEF
MINUIT - FIT ONLY 1-y
 **********
 **   60 **RES 
 **********
                   PARAMETER   14  ANy2 RESTORED TO VARIABLE.
                   PARAMETER    7  w_CBO RESTORED TO VARIABLE.
                   PARAMETER    6  A_CBO RESTORED TO VARIABLE.
                   PARAMETER    4  phi RESTORED TO VARIABLE.
                   PARAMETER    3  A0 RESTORED TO VARIABLE.
                   PARAMETER    1  N0 RESTORED TO VARIABLE.
 **********
 **   61 **FIX            0
 **********
 PARAMETER    0  IS UNDEFINED. IGNORED.
 **********
 **   62 **FIX            1
 **********
 **********
 **   63 **FIX            2
 **********
 PARAMETER    2  IS CONSTANT.   IGNORED.
 **********
 **   64 **FIX            3
 **********
 **********
 **   65 **FIX            4
 **********
 **********
 **   66 **FIX            5
 **********
 PARAMETER    5  IS CONSTANT.   IGNORED.
 **********
 **   67 **FIX            6
 **********
 **********
 **   68 **FIX            7
 **********
 **********
 **   69 **FIX            8
 **********
 **********
 **   70 **FIX            9
 **********
 PARAMETER    9  IS CONSTANT.   IGNORED.
 **********
 **   71 **FIX           13
 **********
 PARAMETER   13  IS CONSTANT.   IGNORED.
 **********
 **   72 **FIX           14
 **********
 **********
 **   73 **FIX           15
 **********
 PARAMETER   15  IS CONSTANT.   IGNORED.
 **********
 **   74 **FIX           16
 **********
 PARAMETER   16  IS CONSTANT.   IGNORED.
 **********
 **   75 **MIGRAD
 **********
 START MIGRAD MINIMIZATION.  STRATEGY  1.  CONVERGENCE WHEN EDM .LT. 1.00e-04
 FCN=407.561 FROM MIGRAD    STATUS=INITIATE        8 CALLS        1042 TOTAL
                     EDM= unknown      STRATEGY= 1      NO ERROR MATRIX       
  EXT PARAMETER               CURRENT GUESS       STEP         FIRST   
  NO.   NAME      VALUE            ERROR          SIZE      DERIVATIVE 
   1  N0           3.49968e+06     fixed    
   2  tau          6.44119e+01   constant   
   3  A0           3.53490e-01     fixed    
   4  phi          4.12069e+00     fixed    
   5  R           -6.09180e+01   constant   
   6  A_CBO        1.79139e-04     fixed    
   7  w_CBO        2.32756e+00     fixed    
   8  phi_CBO      1.00058e+00     fixed    
   9  ANx2         2.22853e-04   constant   
  10  pNx2         5.08518e+00   constant   
  11  ANy1         0.00000e+00   constant   
  12  pNy1         0.00000e+00   constant   
  13  w_y          0.00000e+00   constant   
  14  ANy2        -3.88285e-05     fixed    
  15  pNy2         3.29982e+00   constant   
  16  w_vw         1.43191e+01   constant   
  17  LM           2.21951e-04   constant   
  18  wCBO_expCoeff   1.99982e+02   8.04033e-02   9.53587e-05  -1.69889e-02
  19  wCBO_expOffset   2.00002e+02   1.30415e-02   9.53685e-05   9.21992e-02
  20  wCBO_expT    2.99949e+01   3.69074e-03   1.43027e-05  -3.36130e-01
  21  wCBO_linCoeff   0.00000e+00   constant   
  22  wCBO_const   4.95410e-05   1.30147e-03   5.14153e-06  -6.19950e-01
 MIGRAD MINIMIZATION HAS CONVERGED.
 MIGRAD WILL VERIFY CONVERGENCE AND ERROR MATRIX.
 FCN=407.561 FROM MIGRAD    STATUS=CONVERGED      45 CALLS        1079 TOTAL
                     EDM=2.85785e-08    STRATEGY= 1      ERR MATRIX NOT POS-DEF
  EXT PARAMETER                APPROXIMATE        STEP         FIRST   
  NO.   NAME      VALUE            ERROR          SIZE      DERIVATIVE 
   1  N0           3.49968e+06     fixed    
   2  tau          6.44119e+01   constant   
   3  A0           3.53490e-01     fixed    
   4  phi          4.12069e+00     fixed    
   5  R           -6.09180e+01   constant   
   6  A_CBO        1.79139e-04     fixed    
   7  w_CBO        2.32756e+00     fixed    
   8  phi_CBO      1.00058e+00     fixed    
   9  ANx2         2.22853e-04   constant   
  10  pNx2         5.08518e+00   constant   
  11  ANy1         0.00000e+00   constant   
  12  pNy1         0.00000e+00   constant   
  13  w_y          0.00000e+00   constant   
  14  ANy2        -3.88285e-05     fixed    
  15  pNy2         3.29982e+00   constant   
  16  w_vw         1.43191e+01   constant   
  17  LM           2.21951e-04   constant   
  18  wCBO_expCoeff   1.99982e+02   8.11509e-02   9.53587e-05   1.66713e-02
  19  wCBO_expOffset   2.00002e+02   1.30829e-02   9.53685e-05   1.12072e-01
  20  wCBO_expT    2.99949e+01   3.63064e-03   1.43027e-05   1.54331e-01
  21  wCBO_linCoeff   0.00000e+00   constant   
  22  wCBO_const   4.95890e-05   1.30090e-03   5.13290e-06  -9.92580e-02
 EXTERNAL ERROR MATRIX.    NDIM=  25    NPAR=  4    ERR DEF=1
  6.585e-03 -9.268e-04 -3.241e-05  8.006e-06 
 -9.268e-04  1.712e-04 -1.777e-05  4.441e-06 
 -3.241e-05 -1.777e-05  1.318e-05 -3.804e-06 
  8.006e-06  4.441e-06 -3.804e-06  1.692e-06 
ERR MATRIX NOT POS-DEF
 PARAMETER  CORRELATION COEFFICIENTS  
       NO.  GLOBAL     18     19     20     22
       18  0.99630   1.000 -0.873 -0.110  0.076
       19  0.99679  -0.873  1.000 -0.374  0.261
       20  0.99139  -0.110 -0.374  1.000 -0.805
       22  0.91716   0.076  0.261 -0.805  1.000
 ERR MATRIX NOT POS-DEF
MINUIT - FIT ONLY 2-y
 **********
 **   76 **RES 
 **********
                   PARAMETER   14  ANy2 RESTORED TO VARIABLE.
                   PARAMETER    8  phi_CBO RESTORED TO VARIABLE.
                   PARAMETER    7  w_CBO RESTORED TO VARIABLE.
                   PARAMETER    6  A_CBO RESTORED TO VARIABLE.
                   PARAMETER    4  phi RESTORED TO VARIABLE.
                   PARAMETER    3  A0 RESTORED TO VARIABLE.
                   PARAMETER    1  N0 RESTORED TO VARIABLE.
 **********
 **   77 **FIX            0
 **********
 PARAMETER    0  IS UNDEFINED. IGNORED.
 **********
 **   78 **FIX            1
 **********
 **********
 **   79 **FIX            2
 **********
 PARAMETER    2  IS CONSTANT.   IGNORED.
 **********
 **   80 **FIX            3
 **********
 **********
 **   81 **FIX            4
 **********
 **********
 **   82 **FIX            5
 **********
 PARAMETER    5  IS CONSTANT.   IGNORED.
 **********
 **   83 **FIX            6
 **********
 **********
 **   84 **FIX            7
 **********
 **********
 **   85 **FIX            8
 **********
 **********
 **   86 **FIX            9
 **********
 PARAMETER    9  IS CONSTANT.   IGNORED.
 **********
 **   87 **FIX           10
 **********
 PARAMETER   10  IS CONSTANT.   IGNORED.
 **********
 **   88 **FIX           11
 **********
 PARAMETER   11  IS CONSTANT.   IGNORED.
 **********
 **   89 **FIX           12
 **********
 PARAMETER   12  IS CONSTANT.   IGNORED.
 **********
 **   90 **FIX           16
 **********
 PARAMETER   16  IS CONSTANT.   IGNORED.
 **********
 **   91 **MIGRAD
 **********
 START MIGRAD MINIMIZATION.  STRATEGY  1.  CONVERGENCE WHEN EDM .LT. 1.00e-04
 FCN=407.561 FROM MIGRAD    STATUS=INITIATE       10 CALLS        1089 TOTAL
                     EDM= unknown      STRATEGY= 1      NO ERROR MATRIX       
  EXT PARAMETER               CURRENT GUESS       STEP         FIRST   
  NO.   NAME      VALUE            ERROR          SIZE      DERIVATIVE 
   1  N0           3.49968e+06     fixed    
   2  tau          6.44119e+01   constant   
   3  A0           3.53490e-01     fixed    
   4  phi          4.12069e+00     fixed    
   5  R           -6.09180e+01   constant   
   6  A_CBO        1.79139e-04     fixed    
   7  w_CBO        2.32756e+00     fixed    
   8  phi_CBO      1.00058e+00     fixed    
   9  ANx2         2.22853e-04   constant   
  10  pNx2         5.08518e+00   constant   
  11  ANy1         0.00000e+00   constant   
  12  pNy1         0.00000e+00   constant   
  13  w_y          0.00000e+00   constant   
  14  ANy2        -3.88285e-05   3.20784e-04   3.20784e-04  -5.09574e+01
  15  pNy2         3.29982e+00   constant   
  16  w_vw         1.43191e+01   constant   
  17  LM           2.21951e-04   constant   
  18  wCBO_expCoeff   1.99982e+02   8.11509e-02   9.53587e-05   1.72018e-02
  19  wCBO_expOffset   2.00002e+02   1.30829e-02   9.53685e-05   3.19858e-01
  20  wCBO_expT    2.99949e+01   3.63064e-03   1.43027e-05   2.09412e-01
  21  wCBO_linCoeff   0.00000e+00   constant   
  22  wCBO_const   4.95890e-05   1.30090e-03   5.13290e-06  -9.79300e-02
 MIGRAD MINIMIZATION HAS CONVERGED.
 MIGRAD WILL VERIFY CONVERGENCE AND ERROR MATRIX.
 FCN=407.561 FROM MIGRAD    STATUS=CONVERGED      54 CALLS        1133 TOTAL
                     EDM=1.87261e-07    STRATEGY= 1      ERR MATRIX NOT POS-DEF
  EXT PARAMETER                APPROXIMATE        STEP         FIRST   
  NO.   NAME      VALUE            ERROR          SIZE      DERIVATIVE 
   1  N0           3.49968e+06     fixed    
   2  tau          6.44119e+01   constant   
   3  A0           3.53490e-01     fixed    
   4  phi          4.12069e+00     fixed    
   5  R           -6.09180e+01   constant   
   6  A_CBO        1.79139e-04     fixed    
   7  w_CBO        2.32756e+00     fixed    
   8  phi_CBO      1.00058e+00     fixed    
   9  ANx2         2.22853e-04   constant   
  10  pNx2         5.08518e+00   constant   
  11  ANy1         0.00000e+00   constant   
  12  pNy1         0.00000e+00   constant   
  13  w_y          0.00000e+00   constant   
  14  ANy2        -3.61924e-05   3.20720e-04   3.17461e-06  -3.63023e-03
  15  pNy2         3.29982e+00   constant   
  16  w_vw         1.43191e+01   constant   
  17  LM           2.21951e-04   constant   
  18  wCBO_expCoeff   1.99982e+02   8.11375e-02   9.53587e-05  -5.19648e-02
  19  wCBO_expOffset   2.00002e+02   1.30838e-02   9.53685e-05  -3.45537e-01
  20  wCBO_expT    2.99949e+01   3.63097e-03   1.43027e-05  -9.70369e-01
  21  wCBO_linCoeff   0.00000e+00   constant   
  22  wCBO_const   4.96023e-05   1.30094e-03   5.13289e-06  -1.07140e+00
 EXTERNAL ERROR MATRIX.    NDIM=  25    NPAR=  5    ERR DEF=1
  1.029e-07  5.822e-09 -4.020e-08  1.926e-08 -1.901e-09 
  5.822e-09  6.583e-03 -9.267e-04 -3.229e-05  7.975e-06 
 -4.020e-08 -9.267e-04  1.712e-04 -1.780e-05  4.446e-06 
  1.926e-08 -3.229e-05 -1.780e-05  1.318e-05 -3.804e-06 
 -1.901e-09  7.975e-06  4.446e-06 -3.804e-06  1.692e-06 
ERR MATRIX NOT POS-DEF
 PARAMETER  CORRELATION COEFFICIENTS  
       NO.  GLOBAL     14     18     19     20     22
       14  0.02244   1.000  0.000 -0.010  0.017 -0.005
       18  0.99630   0.000  1.000 -0.873 -0.110  0.076
       19  0.99679  -0.010 -0.873  1.000 -0.375  0.261
       20  0.99139   0.017 -0.110 -0.375  1.000 -0.805
       22  0.91715  -0.005  0.076  0.261 -0.805  1.000
 ERR MATRIX NOT POS-DEF
MINUIT - FIT ALTOGETHER
 **********
 **   92 **RES 
 **********
                   PARAMETER    8  phi_CBO RESTORED TO VARIABLE.
                   PARAMETER    7  w_CBO RESTORED TO VARIABLE.
                   PARAMETER    6  A_CBO RESTORED TO VARIABLE.
                   PARAMETER    4  phi RESTORED TO VARIABLE.
                   PARAMETER    3  A0 RESTORED TO VARIABLE.
                   PARAMETER    1  N0 RESTORED TO VARIABLE.
 **********
 **   93 **MIGRAD
 **********
 START MIGRAD MINIMIZATION.  STRATEGY  1.  CONVERGENCE WHEN EDM .LT. 1.00e-04
 FCN=407.561 FROM MIGRAD    STATUS=INITIATE       22 CALLS        1155 TOTAL
                     EDM= unknown      STRATEGY= 1      NO ERROR MATRIX       
  EXT PARAMETER               CURRENT GUESS       STEP         FIRST   
  NO.   NAME      VALUE            ERROR          SIZE      DERIVATIVE 
   1  N0           3.49968e+06   7.97307e+02   7.97307e+02   8.24513e-04
   2  tau          6.44119e+01   constant   
   3  A0           3.53490e-01   3.05173e-04   3.05173e-04  -2.28421e+02
