 + ++++++++++++++++++++++++++++++++++++++++++++++++++++++++++++++++++++ +
 +                                                                      +
 +           You have chose to blind your fitting according to          +
 +                omega_ref * (1 + (R +/- deltaR) *10^{-6})             +
 +                                                                      +
 + ++++++++++++++++++++++++++++++++++++++++++++++++++++++++++++++++++++ +
In main()...
reading format from /gm2data/zkhechad/run45/envelope/formats/formatB_sBin_constraintOn.txt
pBinTau 	= 0  
pBinPhi 	= 0  
constraintau 	= 1 
includeMopTerm 	= 0    
constrainMop    = 0   
Parameters after format file: pBinTau 0 pBinPhi 0 constraintau 1 includeMopTerm 0 constrainMop 0 c_e_scale 0.000000 
reading cbo reference file (full fit) from /gm2data/zkhechad/cboTemplates/Run4CBOTemplates/fullFits/run4/sBin_constraintOn_cE0.0_seed0_run4_calo18.root
A_CBO 0.008791 w_CBO 2.327338 phi_CBO 0.630678 N0 3499835.498759 R -60.917989 tau 64.411905 
Reading cboRef file /gm2data/zkhechad/cboTemplates/Run4CBOTemplates//cboIsolate/run4_calo18.root
deltaT 164.120000
windowBins = 1100
fitting sliding window 1560 from bin 1763 at 263.039600 to bin 2863 at 427.159600 (1100 bins)

Reading data from /gm2data/cornell/histograms/aMethod/histogram_a_run4.root
fitting cbo isolate
 **********
 **    1 **SET PRINTOUT            1
 **********
 **********
 **    2 **SET NOWARNINGS 
 **********
 PARAMETER DEFINITIONS:
    NO.   NAME         VALUE      STEP SIZE      LIMITS
     1 A_CBO        8.79094e-03  1.00000e-05     no limits
     2 w_CBO        2.32734e+00  1.00000e-02    2.00000e+00  3.00000e+00
     3 phi_CBO      6.30678e-01  1.00000e-02    0.00000e+00  6.28319e+00
 **********
 **    3 **MIGRAD
 **********
 FIRST CALL TO USER FUNCTION AT NEW START POINT, WITH IFLAG=4.
 START MIGRAD MINIMIZATION.  STRATEGY  1.  CONVERGENCE WHEN EDM .LT. 1.00e-04
 FCN=0.053182 FROM MIGRAD    STATUS=INITIATE       12 CALLS          13 TOTAL
                     EDM= unknown      STRATEGY= 1      NO ERROR MATRIX       
  EXT PARAMETER               CURRENT GUESS       STEP         FIRST   
  NO.   NAME      VALUE            ERROR          SIZE      DERIVATIVE 
   1  A_CBO        8.79094e-03   1.00000e-05   1.00000e-05   6.58584e+00
   2  w_CBO        2.32734e+00   1.00000e-02   2.13132e-02   9.20265e-01
   3  phi_CBO      6.30678e-01   1.00000e-02   5.29649e-03  -1.02936e-02
 MIGRAD MINIMIZATION HAS CONVERGED.
 MIGRAD WILL VERIFY CONVERGENCE AND ERROR MATRIX.
 COVARIANCE MATRIX CALCULATED SUCCESSFULLY
 FCN=0.0333273 FROM HESSE     STATUS=OK             18 CALLS          58 TOTAL
                     EDM=9.08924e-05    STRATEGY= 1      ERROR MATRIX ACCURATE 
  EXT PARAMETER                                   STEP         FIRST   
  NO.   NAME      VALUE            ERROR          SIZE      DERIVATIVE 
   1  A_CBO        2.87600e-03   4.35692e-02   2.11530e-05  -8.61868e-04
   2  w_CBO        2.32700e+00   3.65905e-01   4.85067e-05   2.15903e-02
   3  phi_CBO      7.11776e-01   3.15694e+00   3.73532e-03  -3.65343e-06
 MIGRAD MINIMIZATION HAS CONVERGED.
 MIGRAD WILL VERIFY CONVERGENCE AND ERROR MATRIX.
 COVARIANCE MATRIX CALCULATED SUCCESSFULLY
 FCN=0.0332885 FROM MIGRAD    STATUS=CONVERGED     107 CALLS         108 TOTAL
                     EDM=1.78055e-05    STRATEGY= 1      ERROR MATRIX ACCURATE 
  EXT PARAMETER                                   STEP         FIRST   
  NO.   NAME      VALUE            ERROR          SIZE      DERIVATIVE 
   1  A_CBO        2.89311e-03   4.27182e-02   2.11524e-05   4.12302e-03
   2  w_CBO        2.32575e+00   1.85229e-01   4.67000e-05  -3.73685e-02
   3  phi_CBO      3.29854e-01   3.30628e+00   4.53456e-03   4.41318e-04
 EXTERNAL ERROR MATRIX.    NDIM=  25    NPAR=  3    ERR DEF=1
  1.825e-03 -4.804e-04 -1.737e-01 
 -4.804e-04  3.626e-02  1.153e+01 
 -1.737e-01  1.153e+01  3.876e+03 
 PARAMETER  CORRELATION COEFFICIENTS  
       NO.  GLOBAL      1      2      3
        1  0.06812   1.000 -0.059 -0.065
        2  0.97288  -0.059  1.000  0.973
        3  0.97290  -0.065  0.973  1.000
setting A_CBO=0.002893 w_CBO=2.325746, phi_CBO=0.329854
done fitting cbo isolate
 **********
 **    1 **SET PRINTOUT            1
 **********
 **********
 **    2 **SET NOWARNINGS 
 **********
 PARAMETER DEFINITIONS:
    NO.   NAME         VALUE      STEP SIZE      LIMITS
     1 N0           3.49984e+06  1.00000e+02     no limits
     2 tau          6.44119e+01  constant
     3 A0           3.53539e-01  1.00000e-04     no limits
     4 phi          4.12187e+00  1.00000e-02     no limits
     5 R           -6.09180e+01  constant
     6 A_CBO        2.89311e-03  1.00000e-05     no limits
     7 w_CBO        2.32575e+00  1.00000e-03     no limits
     8 phi_CBO      3.29854e-01  1.00000e-04     no limits
     9 ANx2         2.22853e-04  constant
    10 pNx2         5.08518e+00  constant
    11 ANy1         0.00000e+00  constant
    12 pNy1         0.00000e+00  constant
    13 w_y          0.00000e+00  constant
    14 ANy2         9.04789e-03  1.00000e-04     no limits
    15 pNy2         3.29982e+00  constant
    16 w_vw         1.43191e+01  constant
    17 LM           2.21951e-04  constant
    18 wCBO_expCoeff   2.00000e+02  1.00000e+00     no limits
    19 wCBO_expOffset   2.00000e+02  1.00000e+00     no limits
    20 wCBO_expT    3.00000e+01  1.00000e+00     no limits
    21 wCBO_linCoeff   0.00000e+00  constant
    22 wCBO_const   0.00000e+00  1.00000e-02     no limits
MINUIT - FIT ONLY WIGGLE
 **********
 **    3 **FIX            5
 **********
 PARAMETER    5  IS CONSTANT.   IGNORED.
 **********
 **    4 **FIX            6
 **********
 **********
 **    5 **FIX            7
 **********
 **********
 **    6 **FIX            8
 **********
 **********
 **    7 **FIX            9
 **********
 PARAMETER    9  IS CONSTANT.   IGNORED.
 **********
 **    8 **FIX           10
 **********
 PARAMETER   10  IS CONSTANT.   IGNORED.
 **********
 **    9 **FIX           11
 **********
 PARAMETER   11  IS CONSTANT.   IGNORED.
 **********
 **   10 **FIX           12
 **********
 PARAMETER   12  IS CONSTANT.   IGNORED.
 **********
 **   11 **FIX           13
 **********
 PARAMETER   13  IS CONSTANT.   IGNORED.
 **********
 **   12 **FIX           14
 **********
 **********
 **   13 **FIX           15
 **********
 PARAMETER   15  IS CONSTANT.   IGNORED.
 **********
 **   14 **FIX           16
 **********
 PARAMETER   16  IS CONSTANT.   IGNORED.
 **********
 **   15 **MIGRAD
 **********
 FIRST CALL TO USER FUNCTION AT NEW START POINT, WITH IFLAG=4.
 START MIGRAD MINIMIZATION.  STRATEGY  1.  CONVERGENCE WHEN EDM .LT. 1.00e-04
 FCN=1143.45 FROM MIGRAD    STATUS=INITIATE       61 CALLS          62 TOTAL
                     EDM= unknown      STRATEGY= 1      NO ERROR MATRIX       
  EXT PARAMETER               CURRENT GUESS       STEP         FIRST   
  NO.   NAME      VALUE            ERROR          SIZE      DERIVATIVE 
   1  N0           3.49984e+06   1.00000e+02   0.00000e+00   1.47449e-03
   2  tau          6.44119e+01   constant   
   3  A0           3.53539e-01   1.00000e-04   0.00000e+00  -6.89616e+02
   4  phi          4.12187e+00   1.00000e-02   0.00000e+00   3.47138e+03
   5  R           -6.09180e+01   constant   
   6  A_CBO        2.89311e-03     fixed    
   7  w_CBO        2.32575e+00     fixed    
   8  phi_CBO      3.29854e-01     fixed    
   9  ANx2         2.22853e-04   constant   
  10  pNx2         5.08518e+00   constant   
  11  ANy1         0.00000e+00   constant   
  12  pNy1         0.00000e+00   constant   
  13  w_y          0.00000e+00   constant   
  14  ANy2         9.04789e-03     fixed    
  15  pNy2         3.29982e+00   constant   
  16  w_vw         1.43191e+01   constant   
  17  LM           2.21951e-04   constant   
  18  wCBO_expCoeff   1.99972e+02   1.00000e+00  -2.82086e-02   1.02804e+02
  19  wCBO_expOffset   2.00000e+02   1.00000e+00   0.00000e+00   6.84199e+02
  20  wCBO_expT    3.00000e+01   1.00000e+00   0.00000e+00   7.09664e+02
  21  wCBO_linCoeff   0.00000e+00   constant   
  22  wCBO_const   0.00000e+00   1.00000e-02   0.00000e+00   1.34873e+02
 MIGRAD MINIMIZATION HAS CONVERGED.
 FCN=1126.6 FROM MIGRAD    STATUS=CONVERGED     336 CALLS         337 TOTAL
                     EDM=8.08001e-07    STRATEGY= 1  ERROR MATRIX UNCERTAINTY   0.7 per cent
  EXT PARAMETER                                   STEP         FIRST   
  NO.   NAME      VALUE            ERROR          SIZE      DERIVATIVE 
   1  N0           3.49947e+06   8.57563e+02  -2.39542e+00  -2.15823e-07
   2  tau          6.44119e+01   constant   
   3  A0           3.53576e-01   3.25898e-04   1.24074e-07   1.99624e+00
   4  phi          4.12033e+00   9.78694e-04   1.37263e-06   2.73508e-01
   5  R           -6.09180e+01   constant   
   6  A_CBO        2.89311e-03     fixed    
   7  w_CBO        2.32575e+00     fixed    
   8  phi_CBO      3.29854e-01     fixed    
   9  ANx2         2.22853e-04   constant   
  10  pNx2         5.08518e+00   constant   
  11  ANy1         0.00000e+00   constant   
  12  pNy1         0.00000e+00   constant   
  13  w_y          0.00000e+00   constant   
  14  ANy2         9.04789e-03     fixed    
  15  pNy2         3.29982e+00   constant   
  16  w_vw         1.43191e+01   constant   
  17  LM           2.21951e-04   constant   
  18  wCBO_expCoeff   2.00027e+02   2.94769e-02   7.20728e-05  -8.73119e-02
  19  wCBO_expOffset   2.00008e+02   4.34043e-03   1.08063e-05  -1.62451e+00
  20  wCBO_expT    2.99895e+01   3.95447e-03  -1.01102e-05  -2.24907e+00
  21  wCBO_linCoeff   0.00000e+00   constant   
  22  wCBO_const   5.08398e-03   8.12225e-04   3.42963e-06  -1.35702e+00
 EXTERNAL ERROR MATRIX.    NDIM=  25    NPAR=  7    ERR DEF=1
  7.354e+05  2.995e-03  1.779e-02  3.135e-01  1.669e-02 -4.491e-02  3.886e-02 
  2.995e-03  1.062e-07 -8.314e-09  8.897e-07  1.345e-07 -1.191e-07  1.747e-08 
  1.779e-02 -8.314e-09  9.578e-07 -5.142e-06 -7.464e-07  6.663e-07 -6.926e-08 
  3.135e-01  8.897e-07 -5.142e-06  8.689e-04  1.246e-04 -1.147e-04  1.589e-05 
  1.669e-02  1.345e-07 -7.464e-07  1.246e-04  1.884e-05 -1.687e-05  2.338e-06 
 -4.491e-02 -1.191e-07  6.663e-07 -1.147e-04 -1.687e-05  1.564e-05 -2.413e-06 
  3.886e-02  1.747e-08 -6.926e-08  1.589e-05  2.338e-06 -2.413e-06  6.597e-07 
 PARAMETER  CORRELATION COEFFICIENTS  
       NO.  GLOBAL      1      3      4     18     19     20     22
        1  0.09147   1.000  0.011  0.021  0.012  0.004 -0.013  0.056
        3  0.09838   0.011  1.000 -0.026  0.093  0.095 -0.092  0.066
        4  0.18536   0.021 -0.026  1.000 -0.178 -0.176  0.172 -0.087
       18  0.99117   0.012  0.093 -0.178  1.000  0.974 -0.984  0.664
       19  0.99064   0.004  0.095 -0.176  0.974  1.000 -0.983  0.663
       20  0.99726  -0.013 -0.092  0.172 -0.984 -0.983  1.000 -0.751
       22  0.92207   0.056  0.066 -0.087  0.664  0.663 -0.751  1.000
MINUIT - FIT ONLY 1-CBO + other amplitudes 
 **********
 **   16 **RES 
 **********
                   PARAMETER   14  ANy2 RESTORED TO VARIABLE.
                   PARAMETER    8  phi_CBO RESTORED TO VARIABLE.
                   PARAMETER    7  w_CBO RESTORED TO VARIABLE.
                   PARAMETER    6  A_CBO RESTORED TO VARIABLE.
 **********
 **   17 **FIX            0
 **********
 PARAMETER    0  IS UNDEFINED. IGNORED.
 **********
 **   18 **FIX            1
 **********
 **********
 **   19 **FIX            2
 **********
 PARAMETER    2  IS CONSTANT.   IGNORED.
 **********
 **   20 **FIX            3
 **********
 **********
 **   21 **FIX            4
 **********
 **********
 **   22 **FIX            9
 **********
 PARAMETER    9  IS CONSTANT.   IGNORED.
 **********
 **   23 **FIX           11
 **********
 PARAMETER   11  IS CONSTANT.   IGNORED.
 **********
 **   24 **FIX           12
 **********
 PARAMETER   12  IS CONSTANT.   IGNORED.
 **********
 **   25 **FIX           14
 **********
 **********
 **   26 **FIX           15
 **********
 PARAMETER   15  IS CONSTANT.   IGNORED.
 **********
 **   27 **FIX           16
 **********
 PARAMETER   16  IS CONSTANT.   IGNORED.
 **********
 **   28 **MIGRAD
 **********
 START MIGRAD MINIMIZATION.  STRATEGY  1.  CONVERGENCE WHEN EDM .LT. 1.00e-04
 FCN=1126.6 FROM MIGRAD    STATUS=INITIATE       22 CALLS         359 TOTAL
                     EDM= unknown      STRATEGY= 1      NO ERROR MATRIX       
  EXT PARAMETER               CURRENT GUESS       STEP         FIRST   
  NO.   NAME      VALUE            ERROR          SIZE      DERIVATIVE 
   1  N0           3.49947e+06     fixed    
   2  tau          6.44119e+01   constant   
   3  A0           3.53576e-01     fixed    
   4  phi          4.12033e+00     fixed    
   5  R           -6.09180e+01   constant   
   6  A_CBO        2.89311e-03   1.00000e-05   1.00000e-05   3.59328e+04
   7  w_CBO        2.32575e+00   1.00000e-03   1.00000e-03  -8.13255e+00
   8  phi_CBO      3.29854e-01   1.00000e-04   1.00000e-04   3.08572e+00
   9  ANx2         2.22853e-04   constant   
  10  pNx2         5.08518e+00   constant   
  11  ANy1         0.00000e+00   constant   
  12  pNy1         0.00000e+00   constant   
  13  w_y          0.00000e+00   constant   
  14  ANy2         9.04789e-03     fixed    
  15  pNy2         3.29982e+00   constant   
  16  w_vw         1.43191e+01   constant   
  17  LM           2.21951e-04   constant   
  18  wCBO_expCoeff   2.00027e+02   2.94769e-02   7.20728e-05  -8.73119e-02
  19  wCBO_expOffset   2.00008e+02   4.34043e-03   1.08063e-05  -1.62451e+00
  20  wCBO_expT    2.99895e+01   3.95447e-03  -1.01102e-05  -2.24907e+00
  21  wCBO_linCoeff   0.00000e+00   constant   
  22  wCBO_const   5.08398e-03   8.12225e-04   3.42963e-06  -1.35702e+00
 MIGRAD MINIMIZATION HAS CONVERGED.
 MIGRAD WILL VERIFY CONVERGENCE AND ERROR MATRIX.
 COVARIANCE MATRIX CALCULATED SUCCESSFULLY
 FCN=1086.95 FROM MIGRAD    STATUS=CONVERGED     264 CALLS         601 TOTAL
                     EDM=7.87193e-06    STRATEGY= 1      ERROR MATRIX ACCURATE 
  EXT PARAMETER                                   STEP         FIRST   
  NO.   NAME      VALUE            ERROR          SIZE      DERIVATIVE 
   1  N0           3.49947e+06     fixed    
   2  tau          6.44119e+01   constant   
   3  A0           3.53576e-01     fixed    
   4  phi          4.12033e+00     fixed    
   5  R           -6.09180e+01   constant   
   6  A_CBO        7.08098e-04   3.56707e-04   5.56785e-06   9.50901e+00
   7  w_CBO        2.32587e+00   1.15710e-03   1.47767e-06   1.60616e+01
   8  phi_CBO     -1.46237e-01   6.77659e-01   7.78526e-03  -2.93854e-03
   9  ANx2         2.22853e-04   constant   
  10  pNx2         5.08518e+00   constant   
  11  ANy1         0.00000e+00   constant   
  12  pNy1         0.00000e+00   constant   
  13  w_y          0.00000e+00   constant   
  14  ANy2         9.04789e-03     fixed    
  15  pNy2         3.29982e+00   constant   
  16  w_vw         1.43191e+01   constant   
  17  LM           2.21951e-04   constant   
  18  wCBO_expCoeff   2.00039e+02   1.00376e-01   1.35989e-04   1.70746e-01
  19  wCBO_expOffset   2.00010e+02   8.68214e-03   9.53721e-05   1.13745e+00
  20  wCBO_expT    2.99865e+01   3.96375e-03   1.42987e-05   2.57830e+00
  21  wCBO_linCoeff   0.00000e+00   constant   
  22  wCBO_const   5.50595e-03   1.26019e-03   7.84385e-06   3.19272e+00
 EXTERNAL ERROR MATRIX.    NDIM=  25    NPAR=  7    ERR DEF=1
  1.272e-07 -2.769e-09  6.065e-06 -2.742e-07 -1.740e-07  1.976e-07 -9.428e-08 
 -2.769e-09  1.339e-06 -1.949e-05 -8.421e-05 -2.487e-06 -1.021e-06 -3.903e-07 
  6.065e-06 -1.949e-05  4.592e-01 -1.822e-03  2.149e-04  3.477e-04  1.164e-04 
 -2.742e-07 -8.421e-05 -1.822e-03  1.008e-02 -2.269e-04 -9.398e-05  5.381e-05 
 -1.740e-07 -2.487e-06  2.149e-04 -2.269e-04  7.538e-05 -3.951e-06  1.847e-06 
  1.976e-07 -1.021e-06  3.477e-04 -9.398e-05 -3.951e-06  1.571e-05 -3.073e-06 
 -9.428e-08 -3.903e-07  1.164e-04  5.381e-05  1.847e-06 -3.073e-06  1.588e-06 
 PARAMETER  CORRELATION COEFFICIENTS  
       NO.  GLOBAL      6      7      8     18     19     20     22
        6  0.24620   1.000 -0.007  0.025 -0.008 -0.056  0.140 -0.210
        7  0.99684  -0.007  1.000 -0.025 -0.725 -0.248 -0.223 -0.268
        8  0.69852   0.025 -0.025  1.000 -0.027  0.037  0.129  0.136
       18  0.99644  -0.008 -0.725 -0.027  1.000 -0.260 -0.236  0.425
       19  0.98928  -0.056 -0.248  0.037 -0.260  1.000 -0.115  0.169
       20  0.99197   0.140 -0.223  0.129 -0.236 -0.115  1.000 -0.615
       22  0.92261  -0.210 -0.268  0.136  0.425  0.169 -0.615  1.000
MINUIT - FIT ONLY 1-CBO
 **********
 **   29 **RES 
 **********
                   PARAMETER   14  ANy2 RESTORED TO VARIABLE.
                   PARAMETER    4  phi RESTORED TO VARIABLE.
                   PARAMETER    3  A0 RESTORED TO VARIABLE.
                   PARAMETER    1  N0 RESTORED TO VARIABLE.
 **********
 **   30 **FIX            0
 **********
 PARAMETER    0  IS UNDEFINED. IGNORED.
 **********
 **   31 **FIX            1
 **********
 **********
 **   32 **FIX            2
 **********
 PARAMETER    2  IS CONSTANT.   IGNORED.
 **********
 **   33 **FIX            3
 **********
 **********
 **   34 **FIX            4
 **********
 **********
 **   35 **FIX            8
 **********
 **********
 **   36 **FIX            9
 **********
 PARAMETER    9  IS CONSTANT.   IGNORED.
 **********
 **   37 **FIX           11
 **********
 PARAMETER   11  IS CONSTANT.   IGNORED.
 **********
 **   38 **FIX           12
 **********
 PARAMETER   12  IS CONSTANT.   IGNORED.
 **********
 **   39 **FIX           13
 **********
 PARAMETER   13  IS CONSTANT.   IGNORED.
 **********
 **   40 **FIX           15
 **********
 PARAMETER   15  IS CONSTANT.   IGNORED.
 **********
 **   41 **FIX           16
 **********
 PARAMETER   16  IS CONSTANT.   IGNORED.
 **********
 **   42 **MIGRAD
 **********
 START MIGRAD MINIMIZATION.  STRATEGY  1.  CONVERGENCE WHEN EDM .LT. 1.00e-04
 FCN=1086.95 FROM MIGRAD    STATUS=INITIATE       16 CALLS         617 TOTAL
                     EDM= unknown      STRATEGY= 1      NO ERROR MATRIX       
  EXT PARAMETER               CURRENT GUESS       STEP         FIRST   
  NO.   NAME      VALUE            ERROR          SIZE      DERIVATIVE 
   1  N0           3.49947e+06     fixed    
   2  tau          6.44119e+01   constant   
   3  A0           3.53576e-01     fixed    
   4  phi          4.12033e+00     fixed    
   5  R           -6.09180e+01   constant   
   6  A_CBO        7.08098e-04   3.56707e-04   5.56785e-06   9.50901e+00
   7  w_CBO        2.32587e+00   1.15710e-03   1.47767e-06   1.58774e+01
   8  phi_CBO     -1.46237e-01     fixed    
   9  ANx2         2.22853e-04   constant   
  10  pNx2         5.08518e+00   constant   
  11  ANy1         0.00000e+00   constant   
  12  pNy1         0.00000e+00   constant   
  13  w_y          0.00000e+00   constant   
  14  ANy2         9.04789e-03   1.00000e-04   1.00000e-04   1.53314e+05
  15  pNy2         3.29982e+00   constant   
  16  w_vw         1.43191e+01   constant   
  17  LM           2.21951e-04   constant   
  18  wCBO_expCoeff   2.00039e+02   1.00376e-01   1.35989e-04   1.68549e-01
  19  wCBO_expOffset   2.00010e+02   8.68214e-03   9.53721e-05   7.77060e-01
  20  wCBO_expT    2.99865e+01   3.96375e-03   1.42987e-05   2.51638e+00
  21  wCBO_linCoeff   0.00000e+00   constant   
  22  wCBO_const   5.50595e-03   1.26019e-03   7.84385e-06   3.20497e+00
 MIGRAD MINIMIZATION HAS CONVERGED.
 MIGRAD WILL VERIFY CONVERGENCE AND ERROR MATRIX.
 COVARIANCE MATRIX CALCULATED SUCCESSFULLY
 FCN=385.611 FROM MIGRAD    STATUS=CONVERGED     270 CALLS         871 TOTAL
                     EDM=1.14673e-06    STRATEGY= 1      ERROR MATRIX ACCURATE 
  EXT PARAMETER                                   STEP         FIRST   
  NO.   NAME      VALUE            ERROR          SIZE      DERIVATIVE 
   1  N0           3.49947e+06     fixed    
   2  tau          6.44119e+01   constant   
   3  A0           3.53576e-01     fixed    
   4  phi          4.12033e+00     fixed    
   5  R           -6.09180e+01   constant   
   6  A_CBO        3.94539e-04   3.46189e-04   3.29015e-06  -3.60711e-03
   7  w_CBO        2.32555e+00   1.39368e-03   1.29395e-06   6.08914e+00
   8  phi_CBO     -1.46237e-01     fixed    
   9  ANx2         2.22853e-04   constant   
  10  pNx2         5.08518e+00   constant   
  11  ANy1         0.00000e+00   constant   
  12  pNy1         0.00000e+00   constant   
  13  w_y          0.00000e+00   constant   
  14  ANy2        -1.07540e-04   3.45317e-04   3.30867e-06  -2.57557e+00
  15  pNy2         3.29982e+00   constant   
  16  w_vw         1.43191e+01   constant   
  17  LM           2.21951e-04   constant   
  18  wCBO_expCoeff   2.00007e+02   1.20673e-01   1.19156e-04   6.57538e-02
  19  wCBO_expOffset   2.00005e+02   9.84373e-03   9.53698e-05   4.37262e-01
  20  wCBO_expT    2.99896e+01   4.83265e-03   1.43002e-05   8.91851e-01
  21  wCBO_linCoeff   0.00000e+00   constant   
  22  wCBO_const   5.91382e-03   1.26590e-03   5.90117e-06   1.00965e+00
 EXTERNAL ERROR MATRIX.    NDIM=  25    NPAR=  7    ERR DEF=1
  1.198e-07  4.558e-09 -3.897e-09  3.734e-07 -7.086e-08  6.373e-09 -4.160e-08 
  4.558e-09  1.942e-06 -3.231e-09 -1.228e-04 -3.170e-06 -1.611e-06 -5.923e-07 
 -3.897e-09 -3.231e-09  1.192e-07 -2.916e-07 -5.689e-09  5.509e-08 -5.438e-09 
  3.734e-07 -1.228e-04 -2.916e-07  1.456e-02 -2.863e-04 -1.458e-04  7.560e-05 
 -7.086e-08 -3.170e-06 -5.689e-09 -2.863e-04  9.690e-05 -5.266e-06  2.006e-06 
  6.373e-09 -1.611e-06  5.509e-08 -1.458e-04 -5.266e-06  2.335e-05 -3.505e-06 
 -4.160e-08 -5.923e-07 -5.438e-09  7.560e-05  2.006e-06 -3.505e-06  1.602e-06 
 PARAMETER  CORRELATION COEFFICIENTS  
       NO.  GLOBAL      6      7     14     18     19     20     22
        6  0.14211   1.000  0.009 -0.033  0.009 -0.021  0.004 -0.095
        7  0.99531   0.009  1.000 -0.007 -0.730 -0.231 -0.239 -0.336
       14  0.06332  -0.033 -0.007  1.000 -0.007 -0.002  0.033 -0.012
       18  0.99470   0.009 -0.730 -0.007  1.000 -0.241 -0.250  0.495
       19  0.98195  -0.021 -0.231 -0.002 -0.241  1.000 -0.111  0.161
       20  0.98781   0.004 -0.239  0.033 -0.250 -0.111  1.000 -0.573
       22  0.87432  -0.095 -0.336 -0.012  0.495  0.161 -0.573  1.000
MINUIT - FIT ONLY 2-CBO
 **********
 **   43 **RES 
 **********
                   PARAMETER    8  phi_CBO RESTORED TO VARIABLE.
                   PARAMETER    4  phi RESTORED TO VARIABLE.
                   PARAMETER    3  A0 RESTORED TO VARIABLE.
                   PARAMETER    1  N0 RESTORED TO VARIABLE.
 **********
 **   44 **FIX            0
 **********
 PARAMETER    0  IS UNDEFINED. IGNORED.
 **********
 **   45 **FIX            1
 **********
 **********
 **   46 **FIX            2
 **********
 PARAMETER    2  IS CONSTANT.   IGNORED.
 **********
 **   47 **FIX            3
 **********
 **********
 **   48 **FIX            4
 **********
 **********
 **   49 **FIX            5
 **********
 PARAMETER    5  IS CONSTANT.   IGNORED.
 **********
 **   50 **FIX            6
 **********
 **********
 **   51 **FIX            7
 **********
 **********
 **   52 **FIX           10
 **********
 PARAMETER   10  IS CONSTANT.   IGNORED.
 **********
 **   53 **FIX           11
 **********
 PARAMETER   11  IS CONSTANT.   IGNORED.
 **********
 **   54 **FIX           12
 **********
 PARAMETER   12  IS CONSTANT.   IGNORED.
 **********
 **   55 **FIX           13
 **********
 PARAMETER   13  IS CONSTANT.   IGNORED.
 **********
 **   56 **FIX           14
 **********
 **********
 **   57 **FIX           15
 **********
 PARAMETER   15  IS CONSTANT.   IGNORED.
 **********
 **   58 **FIX           16
 **********
 PARAMETER   16  IS CONSTANT.   IGNORED.
 **********
 **   59 **MIGRAD
 **********
 START MIGRAD MINIMIZATION.  STRATEGY  1.  CONVERGENCE WHEN EDM .LT. 1.00e-04
 FCN=385.611 FROM MIGRAD    STATUS=INITIATE       12 CALLS         883 TOTAL
                     EDM= unknown      STRATEGY= 1      NO ERROR MATRIX       
  EXT PARAMETER               CURRENT GUESS       STEP         FIRST   
  NO.   NAME      VALUE            ERROR          SIZE      DERIVATIVE 
   1  N0           3.49947e+06     fixed    
   2  tau          6.44119e+01   constant   
   3  A0           3.53576e-01     fixed    
   4  phi          4.12033e+00     fixed    
   5  R           -6.09180e+01   constant   
   6  A_CBO        3.94539e-04     fixed    
   7  w_CBO        2.32555e+00     fixed    
   8  phi_CBO     -1.46237e-01   6.77659e-01   6.77659e-01  -4.50024e-01
   9  ANx2         2.22853e-04   constant   
  10  pNx2         5.08518e+00   constant   
  11  ANy1         0.00000e+00   constant   
  12  pNy1         0.00000e+00   constant   
  13  w_y          0.00000e+00   constant   
  14  ANy2        -1.07540e-04     fixed    
  15  pNy2         3.29982e+00   constant   
  16  w_vw         1.43191e+01   constant   
  17  LM           2.21951e-04   constant   
  18  wCBO_expCoeff   2.00007e+02   1.20673e-01   1.19156e-04   6.44766e-02
  19  wCBO_expOffset   2.00005e+02   9.84373e-03   9.53698e-05   1.51617e-01
  20  wCBO_expT    2.99896e+01   4.83265e-03   1.43002e-05   8.48136e-01
  21  wCBO_linCoeff   0.00000e+00   constant   
  22  wCBO_const   5.91382e-03   1.26590e-03   5.90117e-06   1.01202e+00
 MIGRAD MINIMIZATION HAS CONVERGED.
 MIGRAD WILL VERIFY CONVERGENCE AND ERROR MATRIX.
 COVARIANCE MATRIX CALCULATED SUCCESSFULLY
 FCN=385.555 FROM HESSE     STATUS=OK             33 CALLS         962 TOTAL
                     EDM=6.51503e-05    STRATEGY= 1      ERROR MATRIX ACCURATE 
  EXT PARAMETER                                   STEP         FIRST   
  NO.   NAME      VALUE            ERROR          SIZE      DERIVATIVE 
   1  N0           3.49947e+06     fixed    
   2  tau          6.44119e+01   constant   
   3  A0           3.53576e-01     fixed    
   4  phi          4.12033e+00     fixed    
   5  R           -6.09180e+01   constant   
   6  A_CBO        3.94539e-04     fixed    
   7  w_CBO        2.32555e+00     fixed    
   8  phi_CBO      1.01354e-01   1.04300e+00   8.30908e-03   7.09472e-05
   9  ANx2         2.22853e-04   constant   
  10  pNx2         5.08518e+00   constant   
  11  ANy1         0.00000e+00   constant   
  12  pNy1         0.00000e+00   constant   
  13  w_y          0.00000e+00   constant   
  14  ANy2        -1.07540e-04     fixed    
  15  pNy2         3.29982e+00   constant   
  16  w_vw         1.43191e+01   constant   
  17  LM           2.21951e-04   constant   
  18  wCBO_expCoeff   2.00007e+02   8.12849e-02   1.18802e-04  -4.66149e-02
  19  wCBO_expOffset   2.00005e+02   9.41200e-03   9.53698e-05  -3.12198e-01
  20  wCBO_expT    2.99896e+01   4.60367e-03   1.43002e-05   2.74215e+00
  21  wCBO_linCoeff   0.00000e+00   constant   
  22  wCBO_const   6.02227e-03   1.23857e-03   5.82091e-06  -6.74168e-01
 MIGRAD MINIMIZATION HAS CONVERGED.
 FCN=385.555 FROM MIGRAD    STATUS=CONVERGED     103 CALLS         974 TOTAL
                     EDM=2.05211e-06    STRATEGY= 1  ERROR MATRIX UNCERTAINTY   0.1 per cent
  EXT PARAMETER                                   STEP         FIRST   
  NO.   NAME      VALUE            ERROR          SIZE      DERIVATIVE 
   1  N0           3.49947e+06     fixed    
   2  tau          6.44119e+01   constant   
   3  A0           3.53576e-01     fixed    
   4  phi          4.12033e+00     fixed    
   5  R           -6.09180e+01   constant   
   6  A_CBO        3.94539e-04     fixed    
   7  w_CBO        2.32555e+00     fixed    
   8  phi_CBO      1.01888e-01   1.04292e+00   5.34325e-04  -6.13729e-06
   9  ANx2         2.22853e-04   constant   
  10  pNx2         5.08518e+00   constant   
  11  ANy1         0.00000e+00   constant   
  12  pNy1         0.00000e+00   constant   
  13  w_y          0.00000e+00   constant   
  14  ANy2        -1.07540e-04     fixed    
  15  pNy2         3.29982e+00   constant   
  16  w_vw         1.43191e+01   constant   
  17  LM           2.21951e-04   constant   
  18  wCBO_expCoeff   2.00008e+02   8.87175e-02   7.54329e-04  -1.87535e-02
  19  wCBO_expOffset   2.00005e+02   9.82487e-03   2.46376e-05  -4.17972e-01
  20  wCBO_expT    2.99895e+01   6.22801e-03  -6.61668e-05  -2.40921e-01
  21  wCBO_linCoeff   0.00000e+00   constant   
  22  wCBO_const   6.03402e-03   1.41863e-03   1.17537e-05   5.11067e-01
 EXTERNAL ERROR MATRIX.    NDIM=  25    NPAR=  5    ERR DEF=1
  1.088e+00  5.784e-05  9.939e-05 -1.859e-04  5.119e-04 
  5.784e-05  7.871e-03 -3.251e-04 -3.967e-04  6.052e-05 
  9.939e-05 -3.251e-04  9.653e-05 -2.165e-05  3.348e-06 
 -1.859e-04 -3.967e-04 -2.165e-05  3.879e-05 -6.647e-06 
  5.119e-04  6.052e-05  3.348e-06 -6.647e-06  2.013e-06 
 PARAMETER  CORRELATION COEFFICIENTS  
       NO.  GLOBAL      8     18     19     20     22
        8  0.55816   1.000  0.001  0.010 -0.029  0.346
       18  0.99021   0.001  1.000 -0.373 -0.718  0.481
       19  0.98197   0.010 -0.373  1.000 -0.354  0.240
       20  0.99274  -0.029 -0.718 -0.354  1.000 -0.752
       22  0.90411   0.346  0.481  0.240 -0.752  1.000
MINUIT - FIT ONLY 1-y
 **********
 **   60 **RES 
 **********
                   PARAMETER   14  ANy2 RESTORED TO VARIABLE.
                   PARAMETER    7  w_CBO RESTORED TO VARIABLE.
                   PARAMETER    6  A_CBO RESTORED TO VARIABLE.
                   PARAMETER    4  phi RESTORED TO VARIABLE.
                   PARAMETER    3  A0 RESTORED TO VARIABLE.
                   PARAMETER    1  N0 RESTORED TO VARIABLE.
 **********
 **   61 **FIX            0
 **********
 PARAMETER    0  IS UNDEFINED. IGNORED.
 **********
 **   62 **FIX            1
 **********
 **********
 **   63 **FIX            2
 **********
 PARAMETER    2  IS CONSTANT.   IGNORED.
 **********
 **   64 **FIX            3
 **********
 **********
 **   65 **FIX            4
 **********
 **********
 **   66 **FIX            5
 **********
 PARAMETER    5  IS CONSTANT.   IGNORED.
 **********
 **   67 **FIX            6
 **********
 **********
 **   68 **FIX            7
 **********
 **********
 **   69 **FIX            8
 **********
 **********
 **   70 **FIX            9
 **********
 PARAMETER    9  IS CONSTANT.   IGNORED.
 **********
 **   71 **FIX           13
 **********
 PARAMETER   13  IS CONSTANT.   IGNORED.
 **********
 **   72 **FIX           14
 **********
 **********
 **   73 **FIX           15
 **********
 PARAMETER   15  IS CONSTANT.   IGNORED.
 **********
 **   74 **FIX           16
 **********
 PARAMETER   16  IS CONSTANT.   IGNORED.
 **********
 **   75 **MIGRAD
 **********
 START MIGRAD MINIMIZATION.  STRATEGY  1.  CONVERGENCE WHEN EDM .LT. 1.00e-04
 FCN=385.555 FROM MIGRAD    STATUS=INITIATE        8 CALLS         982 TOTAL
                     EDM= unknown      STRATEGY= 1      NO ERROR MATRIX       
  EXT PARAMETER               CURRENT GUESS       STEP         FIRST   
  NO.   NAME      VALUE            ERROR          SIZE      DERIVATIVE 
   1  N0           3.49947e+06     fixed    
   2  tau          6.44119e+01   constant   
   3  A0           3.53576e-01     fixed    
   4  phi          4.12033e+00     fixed    
   5  R           -6.09180e+01   constant   
   6  A_CBO        3.94539e-04     fixed    
   7  w_CBO        2.32555e+00     fixed    
   8  phi_CBO      1.01888e-01     fixed    
   9  ANx2         2.22853e-04   constant   
  10  pNx2         5.08518e+00   constant   
  11  ANy1         0.00000e+00   constant   
  12  pNy1         0.00000e+00   constant   
  13  w_y          0.00000e+00   constant   
  14  ANy2        -1.07540e-04     fixed    
  15  pNy2         3.29982e+00   constant   
  16  w_vw         1.43191e+01   constant   
  17  LM           2.21951e-04   constant   
  18  wCBO_expCoeff   2.00008e+02   8.87175e-02   7.54329e-04  -1.87605e-02
  19  wCBO_expOffset   2.00005e+02   9.82487e-03   2.46376e-05  -4.17972e-01
  20  wCBO_expT    2.99895e+01   6.22801e-03  -6.61668e-05  -2.40921e-01
  21  wCBO_linCoeff   0.00000e+00   constant   
  22  wCBO_const   6.03402e-03   1.41863e-03   1.17537e-05   5.11067e-01
 MIGRAD MINIMIZATION HAS CONVERGED.
 MIGRAD WILL VERIFY CONVERGENCE AND ERROR MATRIX.
 COVARIANCE MATRIX CALCULATED SUCCESSFULLY
 FCN=385.555 FROM MIGRAD    STATUS=CONVERGED      48 CALLS        1022 TOTAL
                     EDM=1.59513e-07    STRATEGY= 1      ERROR MATRIX ACCURATE 
  EXT PARAMETER                                   STEP         FIRST   
  NO.   NAME      VALUE            ERROR          SIZE      DERIVATIVE 
   1  N0           3.49947e+06     fixed    
   2  tau          6.44119e+01   constant   
   3  A0           3.53576e-01     fixed    
   4  phi          4.12033e+00     fixed    
   5  R           -6.09180e+01   constant   
   6  A_CBO        3.94539e-04     fixed    
   7  w_CBO        2.32555e+00     fixed    
   8  phi_CBO      1.01888e-01     fixed    
   9  ANx2         2.22853e-04   constant   
  10  pNx2         5.08518e+00   constant   
  11  ANy1         0.00000e+00   constant   
  12  pNy1         0.00000e+00   constant   
  13  w_y          0.00000e+00   constant   
  14  ANy2        -1.07540e-04     fixed    
  15  pNy2         3.29982e+00   constant   
  16  w_vw         1.43191e+01   constant   
  17  LM           2.21951e-04   constant   
  18  wCBO_expCoeff   2.00008e+02   8.08935e-02   1.19064e-04   9.24870e-03
  19  wCBO_expOffset   2.00005e+02   9.35622e-03   9.53698e-05   5.87116e-02
  20  wCBO_expT    2.99895e+01   4.59156e-03   1.43001e-05   2.38100e-01
  21  wCBO_linCoeff   0.00000e+00   constant   
  22  wCBO_const   6.03399e-03   1.13903e-03   5.81953e-06   7.89180e-01
 EXTERNAL ERROR MATRIX.    NDIM=  25    NPAR=  4    ERR DEF=1
  6.544e-03 -4.602e-04 -2.397e-04  3.523e-05 
 -4.602e-04  8.754e-05 -7.706e-06  9.418e-07 
 -2.397e-04 -7.706e-06  2.108e-05 -3.662e-06 
  3.523e-05  9.418e-07 -3.662e-06  1.297e-06 
 PARAMETER  CORRELATION COEFFICIENTS  
       NO.  GLOBAL     18     19     20     22
       18  0.98818   1.000 -0.608 -0.645  0.382
       19  0.98004  -0.608  1.000 -0.179  0.088
       20  0.98663  -0.645 -0.179  1.000 -0.700
       22  0.84661   0.382  0.088 -0.700  1.000
MINUIT - FIT ONLY 2-y
 **********
 **   76 **RES 
 **********
                   PARAMETER   14  ANy2 RESTORED TO VARIABLE.
                   PARAMETER    8  phi_CBO RESTORED TO VARIABLE.
                   PARAMETER    7  w_CBO RESTORED TO VARIABLE.
                   PARAMETER    6  A_CBO RESTORED TO VARIABLE.
                   PARAMETER    4  phi RESTORED TO VARIABLE.
                   PARAMETER    3  A0 RESTORED TO VARIABLE.
                   PARAMETER    1  N0 RESTORED TO VARIABLE.
 **********
 **   77 **FIX            0
 **********
 PARAMETER    0  IS UNDEFINED. IGNORED.
 **********
 **   78 **FIX            1
 **********
 **********
 **   79 **FIX            2
 **********
 PARAMETER    2  IS CONSTANT.   IGNORED.
 **********
 **   80 **FIX            3
 **********
 **********
 **   81 **FIX            4
 **********
 **********
 **   82 **FIX            5
 **********
 PARAMETER    5  IS CONSTANT.   IGNORED.
 **********
 **   83 **FIX            6
 **********
 **********
 **   84 **FIX            7
 **********
 **********
 **   85 **FIX            8
 **********
 **********
 **   86 **FIX            9
 **********
 PARAMETER    9  IS CONSTANT.   IGNORED.
 **********
 **   87 **FIX           10
 **********
 PARAMETER   10  IS CONSTANT.   IGNORED.
 **********
 **   88 **FIX           11
 **********
 PARAMETER   11  IS CONSTANT.   IGNORED.
 **********
 **   89 **FIX           12
 **********
 PARAMETER   12  IS CONSTANT.   IGNORED.
 **********
 **   90 **FIX           16
 **********
 PARAMETER   16  IS CONSTANT.   IGNORED.
 **********
 **   91 **MIGRAD
 **********
 START MIGRAD MINIMIZATION.  STRATEGY  1.  CONVERGENCE WHEN EDM .LT. 1.00e-04
 FCN=385.555 FROM MIGRAD    STATUS=INITIATE       10 CALLS        1032 TOTAL
                     EDM= unknown      STRATEGY= 1      NO ERROR MATRIX       
  EXT PARAMETER               CURRENT GUESS       STEP         FIRST   
  NO.   NAME      VALUE            ERROR          SIZE      DERIVATIVE 
   1  N0           3.49947e+06     fixed    
   2  tau          6.44119e+01   constant   
   3  A0           3.53576e-01     fixed    
   4  phi          4.12033e+00     fixed    
   5  R           -6.09180e+01   constant   
   6  A_CBO        3.94539e-04     fixed    
   7  w_CBO        2.32555e+00     fixed    
   8  phi_CBO      1.01888e-01     fixed    
   9  ANx2         2.22853e-04   constant   
  10  pNx2         5.08518e+00   constant   
  11  ANy1         0.00000e+00   constant   
  12  pNy1         0.00000e+00   constant   
  13  w_y          0.00000e+00   constant   
  14  ANy2        -1.07540e-04   3.45317e-04   3.45317e-04   2.59236e+01
  15  pNy2         3.29982e+00   constant   
  16  w_vw         1.43191e+01   constant   
  17  LM           2.21951e-04   constant   
  18  wCBO_expCoeff   2.00008e+02   8.08935e-02   1.19064e-04   8.23410e-03
  19  wCBO_expOffset   2.00005e+02   9.35622e-03   9.53698e-05  -2.41940e-01
  20  wCBO_expT    2.99895e+01   4.59156e-03   1.43001e-05   1.75249e-01
  21  wCBO_linCoeff   0.00000e+00   constant   
  22  wCBO_const   6.03399e-03   1.13903e-03   5.81953e-06   7.88554e-01
 MIGRAD MINIMIZATION HAS CONVERGED.
 MIGRAD WILL VERIFY CONVERGENCE AND ERROR MATRIX.
 COVARIANCE MATRIX CALCULATED SUCCESSFULLY
 FCN=385.555 FROM MIGRAD    STATUS=CONVERGED      56 CALLS        1078 TOTAL
                     EDM=9.73482e-08    STRATEGY= 1      ERROR MATRIX ACCURATE 
  EXT PARAMETER                                   STEP         FIRST   
  NO.   NAME      VALUE            ERROR          SIZE      DERIVATIVE 
   1  N0           3.49947e+06     fixed    
   2  tau          6.44119e+01   constant   
   3  A0           3.53576e-01     fixed    
   4  phi          4.12033e+00     fixed    
   5  R           -6.09180e+01   constant   
   6  A_CBO        3.94539e-04     fixed    
   7  w_CBO        2.32555e+00     fixed    
   8  phi_CBO      1.01888e-01     fixed    
   9  ANx2         2.22853e-04   constant   
  10  pNx2         5.08518e+00   constant   
  11  ANy1         0.00000e+00   constant   
  12  pNy1         0.00000e+00   constant   
  13  w_y          0.00000e+00   constant   
  14  ANy2        -1.09080e-04   3.45054e-04   3.30843e-06   1.75430e-02
  15  pNy2         3.29982e+00   constant   
  16  w_vw         1.43191e+01   constant   
  17  LM           2.21951e-04   constant   
  18  wCBO_expCoeff   2.00008e+02   8.09021e-02   1.19070e-04   2.75745e-02
  19  wCBO_expOffset   2.00005e+02   9.35568e-03   9.53698e-05   1.82570e-01
  20  wCBO_expT    2.99895e+01   4.59400e-03   1.43001e-05   5.29979e-01
  21  wCBO_linCoeff   0.00000e+00   constant   
  22  wCBO_const   6.03385e-03   1.13927e-03   5.81960e-06   6.28957e-01
 EXTERNAL ERROR MATRIX.    NDIM=  25    NPAR=  5    ERR DEF=1
  1.191e-07 -4.918e-07 -1.458e-08  5.289e-08 -7.922e-09 
 -4.918e-07  6.545e-03 -4.600e-04 -2.399e-04  3.526e-05 
 -1.458e-08 -4.600e-04  8.753e-05 -7.712e-06  9.428e-07 
  5.289e-08 -2.399e-04 -7.712e-06  2.110e-05 -3.665e-06 
 -7.922e-09  3.526e-05  9.428e-07 -3.665e-06  1.298e-06 
 PARAMETER  CORRELATION COEFFICIENTS  
       NO.  GLOBAL     14     18     19     20     22
       14  0.04991   1.000 -0.018 -0.005  0.033 -0.020
       18  0.98818  -0.018  1.000 -0.608 -0.646  0.383
       19  0.98003  -0.005 -0.608  1.000 -0.179  0.088
       20  0.98664   0.033 -0.646 -0.179  1.000 -0.700
       22  0.84668  -0.020  0.383  0.088 -0.700  1.000
MINUIT - FIT ALTOGETHER
 **********
 **   92 **RES 
 **********
                   PARAMETER    8  phi_CBO RESTORED TO VARIABLE.
                   PARAMETER    7  w_CBO RESTORED TO VARIABLE.
                   PARAMETER    6  A_CBO RESTORED TO VARIABLE.
                   PARAMETER    4  phi RESTORED TO VARIABLE.
                   PARAMETER    3  A0 RESTORED TO VARIABLE.
                   PARAMETER    1  N0 RESTORED TO VARIABLE.
 **********
 **   93 **MIGRAD
 **********
