 + ++++++++++++++++++++++++++++++++++++++++++++++++++++++++++++++++++++ +
 +                                                                      +
 +           You have chose to blind your fitting according to          +
 +                omega_ref * (1 + (R +/- deltaR) *10^{-6})             +
 +                                                                      +
 + ++++++++++++++++++++++++++++++++++++++++++++++++++++++++++++++++++++ +
In main()...
reading format from /gm2data/zkhechad/run45/envelope/formats/formatB_sBin_constraintOn.txt
pBinTau 	= 0  
pBinPhi 	= 0  
constraintau 	= 1 
includeMopTerm 	= 0    
constrainMop    = 0   
Parameters after format file: pBinTau 0 pBinPhi 0 constraintau 1 includeMopTerm 0 constrainMop 0 c_e_scale 0.000000 
reading cbo reference file (full fit) from /gm2data/zkhechad/cboTemplates/Run4CBOTemplates/fullFits/run4/sBin_constraintOn_cE0.0_seed0_run4_calo23.root
A_CBO 0.010020 w_CBO 2.326571 phi_CBO 3.324358 N0 2994604.828788 R -61.069952 tau 64.405626 
Reading cboRef file /gm2data/zkhechad/cboTemplates/Run4CBOTemplates//cboIsolate/run4_calo23.root
deltaT 164.120000
windowBins = 1100
fitting sliding window 1900 from bin 2103 at 313.767600 to bin 3203 at 477.887600 (1100 bins)

Reading data from /gm2data/cornell/histograms/aMethod/histogram_a_run4.root
fitting cbo isolate
 **********
 **    1 **SET PRINTOUT            1
 **********
 **********
 **    2 **SET NOWARNINGS 
 **********
 PARAMETER DEFINITIONS:
    NO.   NAME         VALUE      STEP SIZE      LIMITS
     1 A_CBO        1.00201e-02  1.00000e-05     no limits
     2 w_CBO        2.32657e+00  1.00000e-02    2.00000e+00  3.00000e+00
     3 phi_CBO      3.32436e+00  1.00000e-02    0.00000e+00  6.28319e+00
 **********
 **    3 **MIGRAD
 **********
 FIRST CALL TO USER FUNCTION AT NEW START POINT, WITH IFLAG=4.
 START MIGRAD MINIMIZATION.  STRATEGY  1.  CONVERGENCE WHEN EDM .LT. 1.00e-04
 FCN=0.117865 FROM MIGRAD    STATUS=INITIATE       12 CALLS          13 TOTAL
                     EDM= unknown      STRATEGY= 1      NO ERROR MATRIX       
  EXT PARAMETER               CURRENT GUESS       STEP         FIRST   
  NO.   NAME      VALUE            ERROR          SIZE      DERIVATIVE 
   1  A_CBO        1.00201e-02   1.00000e-05   1.00000e-05   8.93905e+00
   2  w_CBO        2.32657e+00   1.00000e-02   2.13261e-02   1.33732e-01
   3  phi_CBO      3.32436e+00   1.00000e-02   3.18850e-03  -2.35059e-03
 MIGRAD MINIMIZATION HAS CONVERGED.
 MIGRAD WILL VERIFY CONVERGENCE AND ERROR MATRIX.
 COVARIANCE MATRIX CALCULATED SUCCESSFULLY
 FCN=0.0814615 FROM MIGRAD    STATUS=CONVERGED      41 CALLS          42 TOTAL
                     EDM=5.21813e-06    STRATEGY= 1      ERROR MATRIX ACCURATE 
  EXT PARAMETER                                   STEP         FIRST   
  NO.   NAME      VALUE            ERROR          SIZE      DERIVATIVE 
   1  A_CBO        1.87543e-03   4.28371e-02   2.16753e-05  -2.81870e-04
   2  w_CBO        2.32649e+00   3.91372e-01   6.14239e-05  -2.40569e-02
   3  phi_CBO      3.35976e+00   4.10824e+00   3.68034e-03   3.74686e-04
 EXTERNAL ERROR MATRIX.    NDIM=  25    NPAR=  3    ERR DEF=1
  1.835e-03 -1.488e-03 -6.280e-01 
 -1.488e-03  2.144e-01  8.523e+01 
 -6.280e-01  8.523e+01  3.440e+04 
 PARAMETER  CORRELATION COEFFICIENTS  
       NO.  GLOBAL      1      2      3
        1  0.08382   1.000 -0.075 -0.079
        2  0.99247  -0.075  1.000  0.992
        3  0.99247  -0.079  0.992  1.000
setting A_CBO=0.001875 w_CBO=2.326487, phi_CBO=3.359763
done fitting cbo isolate
 **********
 **    1 **SET PRINTOUT            1
 **********
 **********
 **    2 **SET NOWARNINGS 
 **********
 PARAMETER DEFINITIONS:
    NO.   NAME         VALUE      STEP SIZE      LIMITS
     1 N0           2.99460e+06  1.00000e+02     no limits
     2 tau          6.44056e+01  constant
     3 A0           3.43521e-01  1.00000e-04     no limits
     4 phi          4.11984e+00  1.00000e-02     no limits
     5 R           -6.10700e+01  constant
     6 A_CBO        1.87543e-03  1.00000e-05     no limits
     7 w_CBO        2.32649e+00  1.00000e-03     no limits
     8 phi_CBO      3.35976e+00  1.00000e-04     no limits
     9 ANx2         5.14298e-04  constant
    10 pNx2         2.57364e+00  constant
    11 ANy1         0.00000e+00  constant
    12 pNy1         0.00000e+00  constant
    13 w_y          0.00000e+00  constant
    14 ANy2         1.38778e-02  1.00000e-04     no limits
    15 pNy2         3.40463e+00  constant
    16 w_vw         1.43028e+01  constant
    17 LM           2.35248e-05  constant
    18 wCBO_expCoeff   2.00000e+02  1.00000e+00     no limits
    19 wCBO_expOffset   2.00000e+02  1.00000e+00     no limits
    20 wCBO_expT    3.00000e+01  1.00000e+00     no limits
    21 wCBO_linCoeff   0.00000e+00  constant
    22 wCBO_const   0.00000e+00  1.00000e-02     no limits
MINUIT - FIT ONLY WIGGLE
 **********
 **    3 **FIX            5
 **********
 PARAMETER    5  IS CONSTANT.   IGNORED.
 **********
 **    4 **FIX            6
 **********
 **********
 **    5 **FIX            7
 **********
 **********
 **    6 **FIX            8
 **********
 **********
 **    7 **FIX            9
 **********
 PARAMETER    9  IS CONSTANT.   IGNORED.
 **********
 **    8 **FIX           10
 **********
 PARAMETER   10  IS CONSTANT.   IGNORED.
 **********
 **    9 **FIX           11
 **********
 PARAMETER   11  IS CONSTANT.   IGNORED.
 **********
 **   10 **FIX           12
 **********
 PARAMETER   12  IS CONSTANT.   IGNORED.
 **********
 **   11 **FIX           13
 **********
 PARAMETER   13  IS CONSTANT.   IGNORED.
 **********
 **   12 **FIX           14
 **********
 **********
 **   13 **FIX           15
 **********
 PARAMETER   15  IS CONSTANT.   IGNORED.
 **********
 **   14 **FIX           16
 **********
 PARAMETER   16  IS CONSTANT.   IGNORED.
 **********
 **   15 **MIGRAD
 **********
 FIRST CALL TO USER FUNCTION AT NEW START POINT, WITH IFLAG=4.
 START MIGRAD MINIMIZATION.  STRATEGY  1.  CONVERGENCE WHEN EDM .LT. 1.00e-04
 FCN=926.796 FROM MIGRAD    STATUS=INITIATE       32 CALLS          33 TOTAL
                     EDM= unknown      STRATEGY= 1      NO ERROR MATRIX       
  EXT PARAMETER               CURRENT GUESS       STEP         FIRST   
  NO.   NAME      VALUE            ERROR          SIZE      DERIVATIVE 
   1  N0           2.99460e+06   1.00000e+02   1.00000e+02   6.35913e-04
   2  tau          6.44056e+01   constant   
   3  A0           3.43521e-01   1.00000e-04   1.00000e-04  -6.43546e+02
   4  phi          4.11984e+00   1.00000e-02   1.00000e-02  -6.51027e+02
   5  R           -6.10700e+01   constant   
   6  A_CBO        1.87543e-03     fixed    
   7  w_CBO        2.32649e+00     fixed    
   8  phi_CBO      3.35976e+00     fixed    
   9  ANx2         5.14298e-04   constant   
  10  pNx2         2.57364e+00   constant   
  11  ANy1         0.00000e+00   constant   
  12  pNy1         0.00000e+00   constant   
  13  w_y          0.00000e+00   constant   
  14  ANy2         1.38778e-02     fixed    
  15  pNy2         3.40463e+00   constant   
  16  w_vw         1.43028e+01   constant   
  17  LM           2.35248e-05   constant   
  18  wCBO_expCoeff   2.00000e+02   1.00000e+00   1.00000e+00  -1.09250e+02
  19  wCBO_expOffset   2.00000e+02   1.00000e+00   1.00000e+00  -7.28340e+02
  20  wCBO_expT    3.00000e+01   1.00000e+00   1.00000e+00  -3.19269e+03
  21  wCBO_linCoeff   0.00000e+00   constant   
  22  wCBO_const   0.00000e+00   1.00000e-02   1.00000e-02  -7.83319e+03
 MIGRAD MINIMIZATION HAS CONVERGED.
 FCN=915.427 FROM MIGRAD    STATUS=CONVERGED     158 CALLS         159 TOTAL
                     EDM=7.1502e-08    STRATEGY= 1  ERROR MATRIX UNCERTAINTY   3.7 per cent
  EXT PARAMETER                                   STEP         FIRST   
  NO.   NAME      VALUE            ERROR          SIZE      DERIVATIVE 
   1  N0           2.99423e+06   1.15980e+03  -3.25885e+00  -1.84162e-07
   2  tau          6.44056e+01   constant   
   3  A0           3.43626e-01   5.22528e-04   7.29947e-07   1.88902e-01
   4  phi          4.12109e+00   1.56890e-03  -3.71299e-07  -2.94504e-02
   5  R           -6.10700e+01   constant   
   6  A_CBO        1.87543e-03     fixed    
   7  w_CBO        2.32649e+00     fixed    
   8  phi_CBO      3.35976e+00     fixed    
   9  ANx2         5.14298e-04   constant   
  10  pNx2         2.57364e+00   constant   
  11  ANy1         0.00000e+00   constant   
  12  pNy1         0.00000e+00   constant   
  13  w_y          0.00000e+00   constant   
  14  ANy2         1.38778e-02     fixed    
  15  pNy2         3.40463e+00   constant   
  16  w_vw         1.43028e+01   constant   
  17  LM           2.35248e-05   constant   
  18  wCBO_expCoeff   2.00085e+02   2.94595e-01   1.85421e-04  -5.15553e-03
  19  wCBO_expOffset   2.00013e+02   4.42709e-02   2.78687e-05  -3.43762e-02
  20  wCBO_expT    3.00012e+01   2.32275e-02  -7.87698e-06  -1.20081e-01
  21  wCBO_linCoeff   0.00000e+00   constant   
  22  wCBO_const  -7.54552e-04   1.28389e-03  -1.36507e-06   8.52024e-02
 EXTERNAL ERROR MATRIX.    NDIM=  25    NPAR=  7    ERR DEF=1
  1.345e+06  1.165e-02 -9.779e-03  3.487e+01  5.241e+00 -3.053e+00  1.833e-01 
  1.165e-02  2.730e-07  5.815e-09 -1.781e-05 -2.677e-06  1.510e-06 -9.195e-08 
 -9.779e-03  5.815e-09  2.461e-06  6.879e-06  1.034e-06 -3.559e-08 -1.149e-07 
  3.487e+01 -1.781e-05  6.879e-06  8.679e-02  1.205e-02 -6.656e-03  2.880e-04 
  5.241e+00 -2.677e-06  1.034e-06  1.205e-02  1.960e-03 -1.000e-03  4.328e-05 
 -3.053e+00  1.510e-06 -3.559e-08 -6.656e-03 -1.000e-03  5.395e-04 -2.503e-05 
  1.833e-01 -9.195e-08 -1.149e-07  2.880e-04  4.328e-05 -2.503e-05  1.648e-06 
 PARAMETER  CORRELATION COEFFICIENTS  
       NO.  GLOBAL      1      3      4     18     19     20     22
        1  0.13568   1.000  0.019 -0.005  0.102  0.102 -0.113  0.123
        3  0.14318   0.019  1.000  0.007 -0.116 -0.116  0.124 -0.137
        4  0.11463  -0.005  0.007  1.000  0.015  0.015 -0.001 -0.057
       18  0.99013   0.102 -0.116  0.015  1.000  0.924 -0.973  0.761
       19  0.99017   0.102 -0.116  0.015  0.924  1.000 -0.973  0.761
       20  0.99782  -0.113  0.124 -0.001 -0.973 -0.973  1.000 -0.839
       22  0.94586   0.123 -0.137 -0.057  0.761  0.761 -0.839  1.000
MINUIT - FIT ONLY 1-CBO + other amplitudes 
 **********
 **   16 **RES 
 **********
                   PARAMETER   14  ANy2 RESTORED TO VARIABLE.
                   PARAMETER    8  phi_CBO RESTORED TO VARIABLE.
                   PARAMETER    7  w_CBO RESTORED TO VARIABLE.
                   PARAMETER    6  A_CBO RESTORED TO VARIABLE.
 **********
 **   17 **FIX            0
 **********
 PARAMETER    0  IS UNDEFINED. IGNORED.
 **********
 **   18 **FIX            1
 **********
 **********
 **   19 **FIX            2
 **********
 PARAMETER    2  IS CONSTANT.   IGNORED.
 **********
 **   20 **FIX            3
 **********
 **********
 **   21 **FIX            4
 **********
 **********
 **   22 **FIX            9
 **********
 PARAMETER    9  IS CONSTANT.   IGNORED.
 **********
 **   23 **FIX           11
 **********
 PARAMETER   11  IS CONSTANT.   IGNORED.
 **********
 **   24 **FIX           12
 **********
 PARAMETER   12  IS CONSTANT.   IGNORED.
 **********
 **   25 **FIX           14
 **********
 **********
 **   26 **FIX           15
 **********
 PARAMETER   15  IS CONSTANT.   IGNORED.
 **********
 **   27 **FIX           16
 **********
 PARAMETER   16  IS CONSTANT.   IGNORED.
 **********
 **   28 **MIGRAD
 **********
 START MIGRAD MINIMIZATION.  STRATEGY  1.  CONVERGENCE WHEN EDM .LT. 1.00e-04
 FCN=915.427 FROM MIGRAD    STATUS=INITIATE       20 CALLS         179 TOTAL
                     EDM= unknown      STRATEGY= 1      NO ERROR MATRIX       
  EXT PARAMETER               CURRENT GUESS       STEP         FIRST   
  NO.   NAME      VALUE            ERROR          SIZE      DERIVATIVE 
   1  N0           2.99423e+06     fixed    
   2  tau          6.44056e+01   constant   
   3  A0           3.43626e-01     fixed    
   4  phi          4.12109e+00     fixed    
   5  R           -6.10700e+01   constant   
   6  A_CBO        1.87543e-03   1.00000e-05   1.00000e-05   7.47228e+03
   7  w_CBO        2.32649e+00   1.00000e-03   1.00000e-03  -4.12954e-01
   8  phi_CBO      3.35976e+00   1.00000e-04   1.00000e-04   2.15080e+00
   9  ANx2         5.14298e-04   constant   
  10  pNx2         2.57364e+00   constant   
  11  ANy1         0.00000e+00   constant   
  12  pNy1         0.00000e+00   constant   
  13  w_y          0.00000e+00   constant   
  14  ANy2         1.38778e-02     fixed    
  15  pNy2         3.40463e+00   constant   
  16  w_vw         1.43028e+01   constant   
  17  LM           2.35248e-05   constant   
  18  wCBO_expCoeff   2.00085e+02   2.94595e-01   1.85421e-04  -5.15649e-03
  19  wCBO_expOffset   2.00013e+02   4.42709e-02   2.78687e-05  -3.43825e-02
  20  wCBO_expT    3.00012e+01   2.32275e-02  -7.87698e-06  -1.20101e-01
  21  wCBO_linCoeff   0.00000e+00   constant   
  22  wCBO_const  -7.54552e-04   1.28389e-03  -1.36507e-06   8.52050e-02
 MIGRAD MINIMIZATION HAS CONVERGED.
 FCN=910.527 FROM MIGRAD    STATUS=CONVERGED     202 CALLS         361 TOTAL
                     EDM=3.74353e-08    STRATEGY= 1  ERROR MATRIX UNCERTAINTY   3.5 per cent
  EXT PARAMETER                                   STEP         FIRST   
  NO.   NAME      VALUE            ERROR          SIZE      DERIVATIVE 
   1  N0           2.99423e+06     fixed    
   2  tau          6.44056e+01   constant   
   3  A0           3.43626e-01     fixed    
   4  phi          4.12109e+00     fixed    
   5  R           -6.10700e+01   constant   
   6  A_CBO        7.12958e-04   5.66058e-04  -8.24528e-07   1.38834e-01
   7  w_CBO        2.32683e+00   1.47361e-03  -1.65447e-06   4.59517e-01
   8  phi_CBO      2.75313e+00   9.13184e-01  -8.99086e-04  -1.73565e-04
   9  ANx2         5.14298e-04   constant   
  10  pNx2         2.57364e+00   constant   
  11  ANy1         0.00000e+00   constant   
  12  pNy1         0.00000e+00   constant   
  13  w_y          0.00000e+00   constant   
  14  ANy2         1.38778e-02     fixed    
  15  pNy2         3.40463e+00   constant   
  16  w_vw         1.43028e+01   constant   
  17  LM           2.35248e-05   constant   
  18  wCBO_expCoeff   2.00141e+02   2.44777e-01  -2.93889e-04   3.84127e-03
  19  wCBO_expOffset   2.00021e+02   3.67013e-02  -4.40704e-05   2.56388e-02
  20  wCBO_expT    2.99941e+01   2.39344e-02   2.38949e-05   1.22408e-01
  21  wCBO_linCoeff   0.00000e+00   constant   
  22  wCBO_const  -6.39503e-04   9.34256e-04  -2.05546e-07   3.33506e-01
 EXTERNAL ERROR MATRIX.    NDIM=  25    NPAR=  7    ERR DEF=1
  3.204e-07 -1.719e-07  9.832e-06 -2.555e-05 -3.831e-06  2.896e-06 -1.072e-07 
 -1.719e-07  2.172e-06  1.502e-04  3.396e-04  5.092e-05 -3.440e-05  6.684e-07 
  9.832e-06  1.502e-04  8.339e-01  2.439e-02  3.657e-03 -1.425e-03  5.851e-05 
 -2.555e-05  3.396e-04  2.439e-02  5.992e-02  8.687e-03 -5.707e-03  8.303e-05 
 -3.831e-06  5.092e-05  3.657e-03  8.687e-03  1.347e-03 -8.557e-04  1.245e-05 
  2.896e-06 -3.440e-05 -1.425e-03 -5.707e-03 -8.557e-04  5.729e-04 -1.121e-05 
 -1.072e-07  6.684e-07  5.851e-05  8.303e-05  1.245e-05 -1.121e-05  8.728e-07 
 PARAMETER  CORRELATION COEFFICIENTS  
       NO.  GLOBAL      6      7      8     18     19     20     22
        6  0.25246   1.000 -0.206  0.019 -0.184 -0.184  0.214 -0.203
        7  0.98273  -0.206  1.000  0.112  0.941  0.941 -0.975  0.486
        8  0.60097   0.019  0.112  1.000  0.109  0.109 -0.065  0.069
       18  0.98916  -0.184  0.941  0.109  1.000  0.967 -0.974  0.363
       19  0.98916  -0.184  0.941  0.109  0.967  1.000 -0.974  0.363
       20  0.99785   0.214 -0.975 -0.065 -0.974 -0.974  1.000 -0.501
       22  0.89416  -0.203  0.486  0.069  0.363  0.363 -0.501  1.000
MINUIT - FIT ONLY 1-CBO
 **********
 **   29 **RES 
 **********
                   PARAMETER   14  ANy2 RESTORED TO VARIABLE.
                   PARAMETER    4  phi RESTORED TO VARIABLE.
                   PARAMETER    3  A0 RESTORED TO VARIABLE.
                   PARAMETER    1  N0 RESTORED TO VARIABLE.
 **********
 **   30 **FIX            0
 **********
 PARAMETER    0  IS UNDEFINED. IGNORED.
 **********
 **   31 **FIX            1
 **********
 **********
 **   32 **FIX            2
 **********
 PARAMETER    2  IS CONSTANT.   IGNORED.
 **********
 **   33 **FIX            3
 **********
 **********
 **   34 **FIX            4
 **********
 **********
 **   35 **FIX            8
 **********
 **********
 **   36 **FIX            9
 **********
 PARAMETER    9  IS CONSTANT.   IGNORED.
 **********
 **   37 **FIX           11
 **********
 PARAMETER   11  IS CONSTANT.   IGNORED.
 **********
 **   38 **FIX           12
 **********
 PARAMETER   12  IS CONSTANT.   IGNORED.
 **********
 **   39 **FIX           13
 **********
 PARAMETER   13  IS CONSTANT.   IGNORED.
 **********
 **   40 **FIX           15
 **********
 PARAMETER   15  IS CONSTANT.   IGNORED.
 **********
 **   41 **FIX           16
 **********
 PARAMETER   16  IS CONSTANT.   IGNORED.
 **********
 **   42 **MIGRAD
 **********
 START MIGRAD MINIMIZATION.  STRATEGY  1.  CONVERGENCE WHEN EDM .LT. 1.00e-04
 FCN=910.527 FROM MIGRAD    STATUS=INITIATE       16 CALLS         377 TOTAL
                     EDM= unknown      STRATEGY= 1      NO ERROR MATRIX       
  EXT PARAMETER               CURRENT GUESS       STEP         FIRST   
  NO.   NAME      VALUE            ERROR          SIZE      DERIVATIVE 
   1  N0           2.99423e+06     fixed    
   2  tau          6.44056e+01   constant   
   3  A0           3.43626e-01     fixed    
   4  phi          4.12109e+00     fixed    
   5  R           -6.10700e+01   constant   
   6  A_CBO        7.12958e-04   5.66058e-04  -8.24528e-07   1.38834e-01
   7  w_CBO        2.32683e+00   1.47361e-03  -1.65447e-06   4.59511e-01
   8  phi_CBO      2.75313e+00     fixed    
   9  ANx2         5.14298e-04   constant   
  10  pNx2         2.57364e+00   constant   
  11  ANy1         0.00000e+00   constant   
  12  pNy1         0.00000e+00   constant   
  13  w_y          0.00000e+00   constant   
  14  ANy2         1.38778e-02   1.00000e-04   1.00000e-04   9.14959e+04
  15  pNy2         3.40463e+00   constant   
  16  w_vw         1.43028e+01   constant   
  17  LM           2.35248e-05   constant   
  18  wCBO_expCoeff   2.00141e+02   2.44777e-01  -2.93889e-04   3.84121e-03
  19  wCBO_expOffset   2.00021e+02   3.67013e-02  -4.40704e-05   2.56384e-02
  20  wCBO_expT    2.99941e+01   2.39344e-02   2.38949e-05   1.22406e-01
  21  wCBO_linCoeff   0.00000e+00   constant   
  22  wCBO_const  -6.39503e-04   9.34256e-04  -2.05546e-07   3.33509e-01
 MIGRAD MINIMIZATION HAS CONVERGED.
 MIGRAD WILL VERIFY CONVERGENCE AND ERROR MATRIX.
 COVARIANCE MATRIX CALCULATED SUCCESSFULLY
 FCN=282.162 FROM HESSE     STATUS=OK             50 CALLS         537 TOTAL
                     EDM=0.000251922    STRATEGY= 1      ERROR MATRIX ACCURATE 
  EXT PARAMETER                                   STEP         FIRST   
  NO.   NAME      VALUE            ERROR          SIZE      DERIVATIVE 
   1  N0           2.99423e+06     fixed    
   2  tau          6.44056e+01   constant   
   3  A0           3.43626e-01     fixed    
   4  phi          4.12109e+00     fixed    
   5  R           -6.10700e+01   constant   
   6  A_CBO        5.23098e-04   5.60340e-04   4.53716e-06   1.03502e+00
   7  w_CBO        2.32696e+00   9.19908e-03   3.86033e-06  -1.51863e+00
   8  phi_CBO      2.75313e+00     fixed    
   9  ANx2         5.14298e-04   constant   
  10  pNx2         2.57364e+00   constant   
  11  ANy1         0.00000e+00   constant   
  12  pNy1         0.00000e+00   constant   
  13  w_y          0.00000e+00   constant   
  14  ANy2         1.37589e-04   5.47595e-04   4.49270e-06  -1.93699e-01
  15  pNy2         3.40463e+00   constant   
  16  w_vw         1.43028e+01   constant   
  17  LM           2.35248e-05   constant   
  18  wCBO_expCoeff   2.00174e+02   8.90034e-01   4.64603e-04  -1.44729e-02
  19  wCBO_expOffset   2.00026e+02   1.22104e-01   9.53799e-05  -9.69324e-02
  20  wCBO_expT    2.99950e+01   2.43536e-02   1.67979e-05   9.18154e-01
  21  wCBO_linCoeff   0.00000e+00   constant   
  22  wCBO_const  -7.76614e-04   3.95651e-03   4.61250e-06  -6.37054e-01
 MIGRAD MINIMIZATION HAS CONVERGED.
 FCN=282.162 FROM MIGRAD    STATUS=CONVERGED     192 CALLS         553 TOTAL
                     EDM=9.97974e-08    STRATEGY= 1  ERROR MATRIX UNCERTAINTY   2.0 per cent
  EXT PARAMETER                                   STEP         FIRST   
  NO.   NAME      VALUE            ERROR          SIZE      DERIVATIVE 
   1  N0           2.99423e+06     fixed    
   2  tau          6.44056e+01   constant   
   3  A0           3.43626e-01     fixed    
   4  phi          4.12109e+00     fixed    
   5  R           -6.10700e+01   constant   
   6  A_CBO        5.24540e-04   5.63005e-04   1.44235e-06  -9.30696e-01
   7  w_CBO        2.32702e+00   9.38859e-03   5.96569e-05   1.59287e-01
   8  phi_CBO      2.75313e+00     fixed    
   9  ANx2         5.14298e-04   constant   
  10  pNx2         2.57364e+00   constant   
  11  ANy1         0.00000e+00   constant   
  12  pNy1         0.00000e+00   constant   
  13  w_y          0.00000e+00   constant   
  14  ANy2         1.38078e-04   5.47754e-04   4.89288e-07   2.22126e-01
  15  pNy2         3.40463e+00   constant   
  16  w_vw         1.43028e+01   constant   
  17  LM           2.35248e-05   constant   
  18  wCBO_expCoeff   2.00182e+02   9.23608e-01   7.86763e-03   1.25495e-04
  19  wCBO_expOffset   2.00027e+02   1.25135e-01   8.58152e-04   1.07782e-04
  20  wCBO_expT    2.99943e+01   3.36266e-02  -7.35669e-04   1.26765e-02
  21  wCBO_linCoeff   0.00000e+00   constant   
  22  wCBO_const  -7.80228e-04   3.95836e-03  -3.61407e-06   3.49354e-01
 EXTERNAL ERROR MATRIX.    NDIM=  25    NPAR=  7    ERR DEF=1
  3.170e-07  2.593e-07  2.494e-09  3.322e-05  2.681e-06 -2.664e-06 -8.674e-08 
  2.593e-07  8.815e-05  4.948e-08 -3.038e-03 -3.289e-04 -9.161e-05 -3.526e-05 
  2.494e-09  4.948e-08  3.000e-07  6.628e-06  8.248e-07 -6.721e-07 -9.825e-09 
  3.322e-05 -3.038e-03  6.628e-06  8.531e-01 -4.232e-02 -1.207e-02  1.646e-03 
  2.681e-06 -3.289e-04  8.248e-07 -4.232e-02  1.566e-02 -1.320e-03  1.786e-04 
 -2.664e-06 -9.161e-05 -6.721e-07 -1.207e-02 -1.320e-03  1.131e-03  5.577e-06 
 -8.674e-08 -3.526e-05 -9.825e-09  1.646e-03  1.786e-04  5.577e-06  1.567e-05 
 PARAMETER  CORRELATION COEFFICIENTS  
       NO.  GLOBAL      6      7     14     18     19     20     22
        6  0.19526   1.000  0.049  0.008  0.064  0.038 -0.141 -0.039
        7  0.99875   0.049  1.000  0.010 -0.350 -0.280 -0.290 -0.949
       14  0.05948   0.008  0.010  1.000  0.013  0.012 -0.036 -0.005
       18  0.99812   0.064 -0.350  0.013  1.000 -0.366 -0.388  0.450
       19  0.99771   0.038 -0.280  0.012 -0.366  1.000 -0.314  0.361
       20  0.99815  -0.141 -0.290 -0.036 -0.388 -0.314  1.000  0.042
       22  0.98989  -0.039 -0.949 -0.005  0.450  0.361  0.042  1.000
MINUIT - FIT ONLY 2-CBO
 **********
 **   43 **RES 
 **********
                   PARAMETER    8  phi_CBO RESTORED TO VARIABLE.
                   PARAMETER    4  phi RESTORED TO VARIABLE.
                   PARAMETER    3  A0 RESTORED TO VARIABLE.
                   PARAMETER    1  N0 RESTORED TO VARIABLE.
 **********
 **   44 **FIX            0
 **********
 PARAMETER    0  IS UNDEFINED. IGNORED.
 **********
 **   45 **FIX            1
 **********
 **********
 **   46 **FIX            2
 **********
 PARAMETER    2  IS CONSTANT.   IGNORED.
 **********
 **   47 **FIX            3
 **********
 **********
 **   48 **FIX            4
 **********
 **********
 **   49 **FIX            5
 **********
 PARAMETER    5  IS CONSTANT.   IGNORED.
 **********
 **   50 **FIX            6
 **********
 **********
 **   51 **FIX            7
 **********
 **********
 **   52 **FIX           10
 **********
 PARAMETER   10  IS CONSTANT.   IGNORED.
 **********
 **   53 **FIX           11
 **********
 PARAMETER   11  IS CONSTANT.   IGNORED.
 **********
 **   54 **FIX           12
 **********
 PARAMETER   12  IS CONSTANT.   IGNORED.
 **********
 **   55 **FIX           13
 **********
 PARAMETER   13  IS CONSTANT.   IGNORED.
 **********
 **   56 **FIX           14
 **********
 **********
 **   57 **FIX           15
 **********
 PARAMETER   15  IS CONSTANT.   IGNORED.
 **********
 **   58 **FIX           16
 **********
 PARAMETER   16  IS CONSTANT.   IGNORED.
 **********
 **   59 **MIGRAD
 **********
 START MIGRAD MINIMIZATION.  STRATEGY  1.  CONVERGENCE WHEN EDM .LT. 1.00e-04
 FCN=282.162 FROM MIGRAD    STATUS=INITIATE       10 CALLS         563 TOTAL
                     EDM= unknown      STRATEGY= 1      NO ERROR MATRIX       
  EXT PARAMETER               CURRENT GUESS       STEP         FIRST   
  NO.   NAME      VALUE            ERROR          SIZE      DERIVATIVE 
   1  N0           2.99423e+06     fixed    
   2  tau          6.44056e+01   constant   
   3  A0           3.43626e-01     fixed    
   4  phi          4.12109e+00     fixed    
   5  R           -6.10700e+01   constant   
   6  A_CBO        5.24540e-04     fixed    
   7  w_CBO        2.32702e+00     fixed    
   8  phi_CBO      2.75313e+00   9.13184e-01   9.13184e-01  -3.12091e-01
   9  ANx2         5.14298e-04   constant   
  10  pNx2         2.57364e+00   constant   
  11  ANy1         0.00000e+00   constant   
  12  pNy1         0.00000e+00   constant   
  13  w_y          0.00000e+00   constant   
  14  ANy2         1.38078e-04     fixed    
  15  pNy2         3.40463e+00   constant   
  16  w_vw         1.43028e+01   constant   
  17  LM           2.35248e-05   constant   
  18  wCBO_expCoeff   2.00182e+02   9.23608e-01   7.86763e-03   1.25555e-04
  19  wCBO_expOffset   2.00027e+02   1.25135e-01   8.58152e-04   1.07782e-04
  20  wCBO_expT    2.99943e+01   3.36266e-02  -7.35669e-04   1.26811e-02
  21  wCBO_linCoeff   0.00000e+00   constant   
  22  wCBO_const  -7.80228e-04   3.95836e-03  -3.61407e-06   3.49352e-01
 MIGRAD MINIMIZATION HAS CONVERGED.
 MIGRAD WILL VERIFY CONVERGENCE AND ERROR MATRIX.
 COVARIANCE MATRIX CALCULATED SUCCESSFULLY
 FCN=282.122 FROM MIGRAD    STATUS=CONVERGED      75 CALLS         628 TOTAL
                     EDM=3.42005e-05    STRATEGY= 1      ERROR MATRIX ACCURATE 
  EXT PARAMETER                                   STEP         FIRST   
  NO.   NAME      VALUE            ERROR          SIZE      DERIVATIVE 
   1  N0           2.99423e+06     fixed    
   2  tau          6.44056e+01   constant   
   3  A0           3.43626e-01     fixed    
   4  phi          4.12109e+00     fixed    
   5  R           -6.10700e+01   constant   
   6  A_CBO        5.24540e-04     fixed    
   7  w_CBO        2.32702e+00     fixed    
   8  phi_CBO      3.00767e+00   1.27087e+00   8.38368e-03  -7.53107e-04
   9  ANx2         5.14298e-04   constant   
  10  pNx2         2.57364e+00   constant   
  11  ANy1         0.00000e+00   constant   
  12  pNy1         0.00000e+00   constant   
  13  w_y          0.00000e+00   constant   
  14  ANy2         1.38078e-04     fixed    
  15  pNy2         3.40463e+00   constant   
  16  w_vw         1.43028e+01   constant   
  17  LM           2.35248e-05   constant   
  18  wCBO_expCoeff   2.00184e+02   6.70516e-01   4.82537e-04  -6.93754e-03
  19  wCBO_expOffset   2.00027e+02   9.57917e-02   9.53804e-05  -4.68105e-02
  20  wCBO_expT    2.99943e+01   2.14182e-02   1.74041e-05   2.72523e-01
  21  wCBO_linCoeff   0.00000e+00   constant   
  22  wCBO_const  -7.61763e-04   1.04437e-03   4.64655e-06   2.56062e+00
 EXTERNAL ERROR MATRIX.    NDIM=  25    NPAR=  5    ERR DEF=1
  1.615e+00  1.752e-02  3.288e-03  2.103e-04  1.288e-04 
  1.752e-02  4.496e-01 -4.187e-02 -6.588e-03  1.867e-04 
  3.288e-03 -4.187e-02  9.176e-03 -7.458e-04  2.109e-05 
  2.103e-04 -6.588e-03 -7.458e-04  4.587e-04 -1.460e-05 
  1.288e-04  1.867e-04  2.109e-05 -1.460e-05  1.091e-06 
 PARAMETER  CORRELATION COEFFICIENTS  
       NO.  GLOBAL      8     18     19     20     22
        8  0.59613   1.000  0.021  0.027  0.008  0.097
       18  0.99616   0.021  1.000 -0.652 -0.459  0.267
       19  0.99577   0.027 -0.652  1.000 -0.364  0.211
       20  0.99510   0.008 -0.459 -0.364  1.000 -0.653
       22  0.84070   0.097  0.267  0.211 -0.653  1.000
MINUIT - FIT ONLY 1-y
 **********
 **   60 **RES 
 **********
                   PARAMETER   14  ANy2 RESTORED TO VARIABLE.
                   PARAMETER    7  w_CBO RESTORED TO VARIABLE.
                   PARAMETER    6  A_CBO RESTORED TO VARIABLE.
                   PARAMETER    4  phi RESTORED TO VARIABLE.
                   PARAMETER    3  A0 RESTORED TO VARIABLE.
                   PARAMETER    1  N0 RESTORED TO VARIABLE.
 **********
 **   61 **FIX            0
 **********
 PARAMETER    0  IS UNDEFINED. IGNORED.
 **********
 **   62 **FIX            1
 **********
 **********
 **   63 **FIX            2
 **********
 PARAMETER    2  IS CONSTANT.   IGNORED.
 **********
 **   64 **FIX            3
 **********
 **********
 **   65 **FIX            4
 **********
 **********
 **   66 **FIX            5
 **********
 PARAMETER    5  IS CONSTANT.   IGNORED.
 **********
 **   67 **FIX            6
 **********
 **********
 **   68 **FIX            7
 **********
 **********
 **   69 **FIX            8
 **********
 **********
 **   70 **FIX            9
 **********
 PARAMETER    9  IS CONSTANT.   IGNORED.
 **********
 **   71 **FIX           13
 **********
 PARAMETER   13  IS CONSTANT.   IGNORED.
 **********
 **   72 **FIX           14
 **********
 **********
 **   73 **FIX           15
 **********
 PARAMETER   15  IS CONSTANT.   IGNORED.
 **********
 **   74 **FIX           16
 **********
 PARAMETER   16  IS CONSTANT.   IGNORED.
 **********
 **   75 **MIGRAD
 **********
 START MIGRAD MINIMIZATION.  STRATEGY  1.  CONVERGENCE WHEN EDM .LT. 1.00e-04
 FCN=282.122 FROM MIGRAD    STATUS=INITIATE        8 CALLS         636 TOTAL
                     EDM= unknown      STRATEGY= 1      NO ERROR MATRIX       
  EXT PARAMETER               CURRENT GUESS       STEP         FIRST   
  NO.   NAME      VALUE            ERROR          SIZE      DERIVATIVE 
   1  N0           2.99423e+06     fixed    
   2  tau          6.44056e+01   constant   
   3  A0           3.43626e-01     fixed    
   4  phi          4.12109e+00     fixed    
   5  R           -6.10700e+01   constant   
   6  A_CBO        5.24540e-04     fixed    
   7  w_CBO        2.32702e+00     fixed    
   8  phi_CBO      3.00767e+00     fixed    
   9  ANx2         5.14298e-04   constant   
  10  pNx2         2.57364e+00   constant   
  11  ANy1         0.00000e+00   constant   
  12  pNy1         0.00000e+00   constant   
  13  w_y          0.00000e+00   constant   
  14  ANy2         1.38078e-04     fixed    
  15  pNy2         3.40463e+00   constant   
  16  w_vw         1.43028e+01   constant   
  17  LM           2.35248e-05   constant   
  18  wCBO_expCoeff   2.00184e+02   6.70516e-01   4.82537e-04  -7.12303e-03
  19  wCBO_expOffset   2.00027e+02   9.57917e-02   9.53804e-05  -4.84922e-02
  20  wCBO_expT    2.99943e+01   2.14182e-02   1.74041e-05   2.68384e-01
  21  wCBO_linCoeff   0.00000e+00   constant   
  22  wCBO_const  -7.61763e-04   1.04437e-03   4.64655e-06   2.56063e+00
 MIGRAD MINIMIZATION HAS CONVERGED.
 MIGRAD WILL VERIFY CONVERGENCE AND ERROR MATRIX.
 COVARIANCE MATRIX CALCULATED SUCCESSFULLY
 FCN=282.122 FROM MIGRAD    STATUS=CONVERGED      41 CALLS         669 TOTAL
                     EDM=3.21484e-05    STRATEGY= 1      ERROR MATRIX ACCURATE 
  EXT PARAMETER                                   STEP         FIRST   
  NO.   NAME      VALUE            ERROR          SIZE      DERIVATIVE 
   1  N0           2.99423e+06     fixed    
   2  tau          6.44056e+01   constant   
   3  A0           3.43626e-01     fixed    
   4  phi          4.12109e+00     fixed    
   5  R           -6.10700e+01   constant   
   6  A_CBO        5.24540e-04     fixed    
   7  w_CBO        2.32702e+00     fixed    
   8  phi_CBO      3.00767e+00     fixed    
   9  ANx2         5.14298e-04   constant   
  10  pNx2         2.57364e+00   constant   
  11  ANy1         0.00000e+00   constant   
  12  pNy1         0.00000e+00   constant   
  13  w_y          0.00000e+00   constant   
  14  ANy2         1.38078e-04     fixed    
  15  pNy2         3.40463e+00   constant   
  16  w_vw         1.43028e+01   constant   
  17  LM           2.35248e-05   constant   
  18  wCBO_expCoeff   2.00184e+02   6.70867e-01   4.82343e-04  -2.67601e-02
  19  wCBO_expOffset   2.00027e+02   9.58236e-02   9.53804e-05  -1.79107e-01
  20  wCBO_expT    2.99943e+01   2.14274e-02   1.73974e-05  -3.45084e-01
  21  wCBO_linCoeff   0.00000e+00   constant   
  22  wCBO_const  -7.62420e-04   1.03971e-03   4.64634e-06  -1.09475e+00
 EXTERNAL ERROR MATRIX.    NDIM=  25    NPAR=  4    ERR DEF=1
  4.501e-01 -4.197e-02 -6.598e-03  1.856e-04 
 -4.197e-02  9.182e-03 -7.468e-04  2.084e-05 
 -6.598e-03 -7.468e-04  4.591e-04 -1.463e-05 
  1.856e-04  2.084e-05 -1.463e-05  1.081e-06 
 PARAMETER  CORRELATION COEFFICIENTS  
       NO.  GLOBAL     18     19     20     22
       18  0.99616   1.000 -0.653 -0.459  0.266
       19  0.99578  -0.653  1.000 -0.364  0.209
       20  0.99511  -0.459 -0.364  1.000 -0.657
       22  0.83912   0.266  0.209 -0.657  1.000
MINUIT - FIT ONLY 2-y
 **********
 **   76 **RES 
 **********
                   PARAMETER   14  ANy2 RESTORED TO VARIABLE.
                   PARAMETER    8  phi_CBO RESTORED TO VARIABLE.
                   PARAMETER    7  w_CBO RESTORED TO VARIABLE.
                   PARAMETER    6  A_CBO RESTORED TO VARIABLE.
                   PARAMETER    4  phi RESTORED TO VARIABLE.
                   PARAMETER    3  A0 RESTORED TO VARIABLE.
                   PARAMETER    1  N0 RESTORED TO VARIABLE.
 **********
 **   77 **FIX            0
 **********
 PARAMETER    0  IS UNDEFINED. IGNORED.
 **********
 **   78 **FIX            1
 **********
 **********
 **   79 **FIX            2
 **********
 PARAMETER    2  IS CONSTANT.   IGNORED.
 **********
 **   80 **FIX            3
 **********
 **********
 **   81 **FIX            4
 **********
 **********
 **   82 **FIX            5
 **********
 PARAMETER    5  IS CONSTANT.   IGNORED.
 **********
 **   83 **FIX            6
 **********
 **********
 **   84 **FIX            7
 **********
 **********
 **   85 **FIX            8
 **********
 **********
 **   86 **FIX            9
 **********
 PARAMETER    9  IS CONSTANT.   IGNORED.
 **********
 **   87 **FIX           10
 **********
 PARAMETER   10  IS CONSTANT.   IGNORED.
 **********
 **   88 **FIX           11
 **********
 PARAMETER   11  IS CONSTANT.   IGNORED.
 **********
 **   89 **FIX           12
 **********
 PARAMETER   12  IS CONSTANT.   IGNORED.
 **********
 **   90 **FIX           16
 **********
 PARAMETER   16  IS CONSTANT.   IGNORED.
 **********
 **   91 **MIGRAD
 **********
 START MIGRAD MINIMIZATION.  STRATEGY  1.  CONVERGENCE WHEN EDM .LT. 1.00e-04
 FCN=282.122 FROM MIGRAD    STATUS=INITIATE       10 CALLS         679 TOTAL
                     EDM= unknown      STRATEGY= 1      NO ERROR MATRIX       
  EXT PARAMETER               CURRENT GUESS       STEP         FIRST   
  NO.   NAME      VALUE            ERROR          SIZE      DERIVATIVE 
   1  N0           2.99423e+06     fixed    
   2  tau          6.44056e+01   constant   
   3  A0           3.43626e-01     fixed    
   4  phi          4.12109e+00     fixed    
   5  R           -6.10700e+01   constant   
   6  A_CBO        5.24540e-04     fixed    
   7  w_CBO        2.32702e+00     fixed    
   8  phi_CBO      3.00767e+00     fixed    
   9  ANx2         5.14298e-04   constant   
  10  pNx2         2.57364e+00   constant   
  11  ANy1         0.00000e+00   constant   
  12  pNy1         0.00000e+00   constant   
  13  w_y          0.00000e+00   constant   
  14  ANy2         1.38078e-04   5.47754e-04   5.47754e-04  -7.77669e+00
  15  pNy2         3.40463e+00   constant   
  16  w_vw         1.43028e+01   constant   
  17  LM           2.35248e-05   constant   
  18  wCBO_expCoeff   2.00184e+02   6.70867e-01   4.82343e-04  -2.69453e-02
  19  wCBO_expOffset   2.00027e+02   9.58236e-02   9.53804e-05  -1.80786e-01
  20  wCBO_expT    2.99943e+01   2.14274e-02   1.73974e-05  -3.49216e-01
  21  wCBO_linCoeff   0.00000e+00   constant   
  22  wCBO_const  -7.62420e-04   1.03971e-03   4.64634e-06  -1.09471e+00
 MIGRAD MINIMIZATION HAS CONVERGED.
 MIGRAD WILL VERIFY CONVERGENCE AND ERROR MATRIX.
 COVARIANCE MATRIX CALCULATED SUCCESSFULLY
 FCN=282.122 FROM MIGRAD    STATUS=CONVERGED      65 CALLS         734 TOTAL
                     EDM=3.17538e-05    STRATEGY= 1      ERROR MATRIX ACCURATE 
  EXT PARAMETER                                   STEP         FIRST   
  NO.   NAME      VALUE            ERROR          SIZE      DERIVATIVE 
   1  N0           2.99423e+06     fixed    
   2  tau          6.44056e+01   constant   
   3  A0           3.43626e-01     fixed    
   4  phi          4.12109e+00     fixed    
   5  R           -6.10700e+01   constant   
   6  A_CBO        5.24540e-04     fixed    
   7  w_CBO        2.32702e+00     fixed    
   8  phi_CBO      3.00767e+00     fixed    
   9  ANx2         5.14298e-04   constant   
  10  pNx2         2.57364e+00   constant   
  11  ANy1         0.00000e+00   constant   
  12  pNy1         0.00000e+00   constant   
  13  w_y          0.00000e+00   constant   
  14  ANy2         1.39283e-04   5.47383e-04   4.49238e-06   3.38428e-01
  15  pNy2         3.40463e+00   constant   
  16  w_vw         1.43028e+01   constant   
  17  LM           2.35248e-05   constant   
  18  wCBO_expCoeff   2.00184e+02   6.70206e-01   4.82475e-04  -6.31379e-03
  19  wCBO_expOffset   2.00027e+02   9.57290e-02   9.53804e-05  -4.26479e-02
  20  wCBO_expT    2.99943e+01   2.14192e-02   1.74019e-05   2.18354e-01
  21  wCBO_linCoeff   0.00000e+00   constant   
  22  wCBO_const  -7.62486e-04   1.03944e-03   4.64692e-06   2.37718e-01
 EXTERNAL ERROR MATRIX.    NDIM=  25    NPAR=  5    ERR DEF=1
  2.996e-07  3.496e-06  4.579e-07 -2.790e-07  2.058e-10 
  3.496e-06  4.492e-01 -4.186e-02 -6.592e-03  1.853e-04 
  4.579e-07 -4.186e-02  9.164e-03 -7.463e-04  2.082e-05 
 -2.790e-07 -6.592e-03 -7.463e-04  4.588e-04 -1.461e-05 
  2.058e-10  1.853e-04  2.082e-05 -1.461e-05  1.080e-06 
 PARAMETER  CORRELATION COEFFICIENTS  
       NO.  GLOBAL     14     18     19     20     22
       14  0.04655   1.000  0.010  0.009 -0.024  0.000
       18  0.99616   0.010  1.000 -0.653 -0.459  0.266
       19  0.99577   0.009 -0.653  1.000 -0.364  0.209
       20  0.99510  -0.024 -0.459 -0.364  1.000 -0.656
       22  0.83901   0.000  0.266  0.209 -0.656  1.000
MINUIT - FIT ALTOGETHER
 **********
 **   92 **RES 
 **********
                   PARAMETER    8  phi_CBO RESTORED TO VARIABLE.
                   PARAMETER    7  w_CBO RESTORED TO VARIABLE.
                   PARAMETER    6  A_CBO RESTORED TO VARIABLE.
                   PARAMETER    4  phi RESTORED TO VARIABLE.
                   PARAMETER    3  A0 RESTORED TO VARIABLE.
                   PARAMETER    1  N0 RESTORED TO VARIABLE.
 **********
 **   93 **MIGRAD
 **********
 START MIGRAD MINIMIZATION.  STRATEGY  1.  CONVERGENCE WHEN EDM .LT. 1.00e-04
 FCN=282.122 FROM MIGRAD    STATUS=INITIATE       22 CALLS         756 TOTAL
                     EDM= unknown      STRATEGY= 1      NO ERROR MATRIX       
  EXT PARAMETER               CURRENT GUESS       STEP         FIRST   
  NO.   NAME      VALUE            ERROR          SIZE      DERIVATIVE 
   1  N0           2.99423e+06   1.15980e+03   1.15980e+03  -8.72884e-05
   2  tau          6.44056e+01   constant   
   3  A0           3.43626e-01   5.22528e-04   5.22528e-04  -3.90723e+02
   4  phi          4.12109e+00   1.56890e-03   1.56890e-03   3.27623e+02
   5  R           -6.10700e+01   constant   
