 + ++++++++++++++++++++++++++++++++++++++++++++++++++++++++++++++++++++ +
 +                                                                      +
 +           You have chose to blind your fitting according to          +
 +                omega_ref * (1 + (R +/- deltaR) *10^{-6})             +
 +                                                                      +
 + ++++++++++++++++++++++++++++++++++++++++++++++++++++++++++++++++++++ +
In main()...
reading format from /gm2data/zkhechad/run45/envelope/formats/formatB_sBin_constraintOn.txt
pBinTau 	= 0  
pBinPhi 	= 0  
constraintau 	= 1 
includeMopTerm 	= 0    
constrainMop    = 0   
Parameters after format file: pBinTau 0 pBinPhi 0 constraintau 1 includeMopTerm 0 constrainMop 0 c_e_scale 0.000000 
reading cbo reference file (full fit) from /gm2data/zkhechad/cboTemplates/Run4CBOTemplates/fullFits/run4/sBin_constraintOn_cE0.0_seed0_run4_calo24.root
A_CBO 0.008786 w_CBO 2.327157 phi_CBO 2.253382 N0 3075736.764901 R -61.041197 tau 64.406859 
Reading cboRef file /gm2data/zkhechad/cboTemplates/Run4CBOTemplates//cboIsolate/run4_calo24.root
deltaT 164.120000
windowBins = 1100
fitting sliding window 1560 from bin 1763 at 263.039600 to bin 2863 at 427.159600 (1100 bins)

Reading data from /gm2data/cornell/histograms/aMethod/histogram_a_run4.root
fitting cbo isolate
 **********
 **    1 **SET PRINTOUT            1
 **********
 **********
 **    2 **SET NOWARNINGS 
 **********
 PARAMETER DEFINITIONS:
    NO.   NAME         VALUE      STEP SIZE      LIMITS
     1 A_CBO        8.78574e-03  1.00000e-05     no limits
     2 w_CBO        2.32716e+00  1.00000e-02    2.00000e+00  3.00000e+00
     3 phi_CBO      2.25338e+00  1.00000e-02    0.00000e+00  6.28319e+00
 **********
 **    3 **MIGRAD
 **********
 FIRST CALL TO USER FUNCTION AT NEW START POINT, WITH IFLAG=4.
 START MIGRAD MINIMIZATION.  STRATEGY  1.  CONVERGENCE WHEN EDM .LT. 1.00e-04
 FCN=0.0574409 FROM MIGRAD    STATUS=INITIATE       12 CALLS          13 TOTAL
                     EDM= unknown      STRATEGY= 1      NO ERROR MATRIX       
  EXT PARAMETER               CURRENT GUESS       STEP         FIRST   
  NO.   NAME      VALUE            ERROR          SIZE      DERIVATIVE 
   1  A_CBO        8.78574e-03   1.00000e-05   1.00000e-05   6.59388e+00
   2  w_CBO        2.32716e+00   1.00000e-02   2.13163e-02   1.28788e+00
   3  phi_CBO      2.25338e+00   1.00000e-02   3.31850e-03  -2.26985e-02
 MIGRAD MINIMIZATION HAS CONVERGED.
 MIGRAD WILL VERIFY CONVERGENCE AND ERROR MATRIX.
 COVARIANCE MATRIX CALCULATED SUCCESSFULLY
 FCN=0.0373059 FROM MIGRAD    STATUS=CONVERGED      57 CALLS          58 TOTAL
                     EDM=4.59579e-05    STRATEGY= 1      ERROR MATRIX ACCURATE 
  EXT PARAMETER                                   STEP         FIRST   
  NO.   NAME      VALUE            ERROR          SIZE      DERIVATIVE 
   1  A_CBO        2.90226e-03   4.29521e-02   2.11955e-05   1.05103e-03
   2  w_CBO        2.32675e+00   2.79659e-01   4.60817e-05   2.56874e-02
   3  phi_CBO      2.37990e+00   3.93409e+00   2.48878e-03  -2.00529e-04
 EXTERNAL ERROR MATRIX.    NDIM=  25    NPAR=  3    ERR DEF=1
  1.845e-03 -1.588e-03 -5.528e-01 
 -1.588e-03  8.978e-02  3.127e+01 
 -5.528e-01  3.127e+01  1.111e+04 
 PARAMETER  CORRELATION COEFFICIENTS  
       NO.  GLOBAL      1      2      3
        1  0.12343   1.000 -0.123 -0.122
        2  0.99023  -0.123  1.000  0.990
        3  0.99023  -0.122  0.990  1.000
setting A_CBO=0.002902 w_CBO=2.326745, phi_CBO=2.379900
done fitting cbo isolate
 **********
 **    1 **SET PRINTOUT            1
 **********
 **********
 **    2 **SET NOWARNINGS 
 **********
 PARAMETER DEFINITIONS:
    NO.   NAME         VALUE      STEP SIZE      LIMITS
     1 N0           3.07574e+06  1.00000e+02     no limits
     2 tau          6.44069e+01  constant
     3 A0           3.65045e-01  1.00000e-04     no limits
     4 phi          4.11943e+00  1.00000e-02     no limits
     5 R           -6.10412e+01  constant
     6 A_CBO        2.90226e-03  1.00000e-05     no limits
     7 w_CBO        2.32675e+00  1.00000e-03     no limits
     8 phi_CBO      2.37990e+00  1.00000e-04     no limits
     9 ANx2         1.88981e-04  constant
    10 pNx2         1.59299e+00  constant
    11 ANy1         0.00000e+00  constant
    12 pNy1         0.00000e+00  constant
    13 w_y          0.00000e+00  constant
    14 ANy2         1.39657e-02  1.00000e-04     no limits
    15 pNy2         4.84726e+00  constant
    16 w_vw         1.43184e+01  constant
    17 LM           1.57605e-04  constant
    18 wCBO_expCoeff   2.00000e+02  1.00000e+00     no limits
    19 wCBO_expOffset   2.00000e+02  1.00000e+00     no limits
    20 wCBO_expT    3.00000e+01  1.00000e+00     no limits
    21 wCBO_linCoeff   0.00000e+00  constant
    22 wCBO_const   0.00000e+00  1.00000e-02     no limits
MINUIT - FIT ONLY WIGGLE
 **********
 **    3 **FIX            5
 **********
 PARAMETER    5  IS CONSTANT.   IGNORED.
 **********
 **    4 **FIX            6
 **********
 **********
 **    5 **FIX            7
 **********
 **********
 **    6 **FIX            8
 **********
 **********
 **    7 **FIX            9
 **********
 PARAMETER    9  IS CONSTANT.   IGNORED.
 **********
 **    8 **FIX           10
 **********
 PARAMETER   10  IS CONSTANT.   IGNORED.
 **********
 **    9 **FIX           11
 **********
 PARAMETER   11  IS CONSTANT.   IGNORED.
 **********
 **   10 **FIX           12
 **********
 PARAMETER   12  IS CONSTANT.   IGNORED.
 **********
 **   11 **FIX           13
 **********
 PARAMETER   13  IS CONSTANT.   IGNORED.
 **********
 **   12 **FIX           14
 **********
 **********
 **   13 **FIX           15
 **********
 PARAMETER   15  IS CONSTANT.   IGNORED.
 **********
 **   14 **FIX           16
 **********
 PARAMETER   16  IS CONSTANT.   IGNORED.
 **********
 **   15 **MIGRAD
 **********
 FIRST CALL TO USER FUNCTION AT NEW START POINT, WITH IFLAG=4.
 START MIGRAD MINIMIZATION.  STRATEGY  1.  CONVERGENCE WHEN EDM .LT. 1.00e-04
 FCN=1940.1 FROM MIGRAD    STATUS=INITIATE       34 CALLS          35 TOTAL
                     EDM= unknown      STRATEGY= 1      NO ERROR MATRIX       
  EXT PARAMETER               CURRENT GUESS       STEP         FIRST   
  NO.   NAME      VALUE            ERROR          SIZE      DERIVATIVE 
   1  N0           3.07574e+06   1.00000e+02   1.00000e+02  -3.22602e-04
   2  tau          6.44069e+01   constant   
   3  A0           3.65045e-01   1.00000e-04   1.00000e-04   2.37196e+02
   4  phi          4.11943e+00   1.00000e-02   1.00000e-02  -1.62454e+02
   5  R           -6.10412e+01   constant   
   6  A_CBO        2.90226e-03     fixed    
   7  w_CBO        2.32675e+00     fixed    
   8  phi_CBO      2.37990e+00     fixed    
   9  ANx2         1.88981e-04   constant   
  10  pNx2         1.59299e+00   constant   
  11  ANy1         0.00000e+00   constant   
  12  pNy1         0.00000e+00   constant   
  13  w_y          0.00000e+00   constant   
  14  ANy2         1.39657e-02     fixed    
  15  pNy2         4.84726e+00   constant   
  16  w_vw         1.43184e+01   constant   
  17  LM           1.57605e-04   constant   
  18  wCBO_expCoeff   2.00000e+02   1.00000e+00   1.00000e+00  -1.48572e+03
  19  wCBO_expOffset   2.00000e+02   1.00000e+00   1.00000e+00  -9.88785e+03
  20  wCBO_expT    3.00000e+01   1.00000e+00   1.00000e+00  -2.29852e+04
  21  wCBO_linCoeff   0.00000e+00   constant   
  22  wCBO_const   0.00000e+00   1.00000e-02   1.00000e-02  -1.36389e+04
 MIGRAD MINIMIZATION HAS CONVERGED.
 FCN=1862.83 FROM MIGRAD    STATUS=CONVERGED     234 CALLS         235 TOTAL
                     EDM=2.41477e-06    STRATEGY= 1  ERROR MATRIX UNCERTAINTY   0.4 per cent
  EXT PARAMETER                                   STEP         FIRST   
  NO.   NAME      VALUE            ERROR          SIZE      DERIVATIVE 
   1  N0           3.07608e+06   7.93925e+02   6.51928e-01  -1.20388e-06
   2  tau          6.44069e+01   constant   
   3  A0           3.65085e-01   3.45853e-04  -4.32268e-07   4.54623e+00
   4  phi          4.11941e+00   9.85426e-04  -4.71188e-07   5.49935e-01
   5  R           -6.10412e+01   constant   
   6  A_CBO        2.90226e-03     fixed    
   7  w_CBO        2.32675e+00     fixed    
   8  phi_CBO      2.37990e+00     fixed    
   9  ANx2         1.88981e-04   constant   
  10  pNx2         1.59299e+00   constant   
  11  ANy1         0.00000e+00   constant   
  12  pNy1         0.00000e+00   constant   
  13  w_y          0.00000e+00   constant   
  14  ANy2         1.39657e-02     fixed    
  15  pNy2         4.84726e+00   constant   
  16  w_vw         1.43184e+01   constant   
  17  LM           1.57605e-04   constant   
  18  wCBO_expCoeff   2.00115e+02   2.02750e-02  -2.85105e-05  -1.20364e-01
  19  wCBO_expOffset   2.00017e+02   3.16766e-03  -4.78498e-06   1.07209e+00
  20  wCBO_expT    2.99804e+01   2.99615e-03   4.12230e-06  -1.05898e+00
  21  wCBO_linCoeff   0.00000e+00   constant   
  22  wCBO_const   8.70191e-03   7.69323e-04  -5.14713e-07  -3.50104e+00
 EXTERNAL ERROR MATRIX.    NDIM=  25    NPAR=  7    ERR DEF=1
  6.303e+05  1.851e-03  1.462e-02 -2.362e-01 -9.338e-02  5.710e-02 -9.392e-03 
  1.851e-03  1.196e-07 -5.857e-09 -4.550e-07 -3.032e-08  4.390e-08 -6.831e-09 
  1.462e-02 -5.857e-09  9.711e-07  1.725e-06  2.934e-07 -3.075e-07  8.451e-08 
 -2.362e-01 -4.550e-07  1.725e-06  4.111e-04  5.829e-05 -5.872e-05  1.251e-05 
 -9.338e-02 -3.032e-08  2.934e-07  5.829e-05  1.003e-05 -9.159e-06  1.916e-06 
  5.710e-02  4.390e-08 -3.075e-07 -5.872e-05 -9.159e-06  8.977e-06 -2.025e-06 
 -9.392e-03 -6.831e-09  8.451e-08  1.251e-05  1.916e-06 -2.025e-06  5.919e-07 
 PARAMETER  CORRELATION COEFFICIENTS  
       NO.  GLOBAL      1      3      4     18     19     20     22
        1  0.06506   1.000  0.007  0.019 -0.015 -0.037  0.024 -0.015
        3  0.10577   0.007  1.000 -0.017 -0.065 -0.028  0.042 -0.026
        4  0.13258   0.019 -0.017  1.000  0.086  0.094 -0.104  0.111
       18  0.98560  -0.015 -0.065  0.086  1.000  0.908 -0.967  0.802
       19  0.98655  -0.037 -0.028  0.094  0.908  1.000 -0.965  0.786
       20  0.99712   0.024  0.042 -0.104 -0.967 -0.965  1.000 -0.878
       22  0.95477  -0.015 -0.026  0.111  0.802  0.786 -0.878  1.000
MINUIT - FIT ONLY 1-CBO + other amplitudes 
 **********
 **   16 **RES 
 **********
                   PARAMETER   14  ANy2 RESTORED TO VARIABLE.
                   PARAMETER    8  phi_CBO RESTORED TO VARIABLE.
                   PARAMETER    7  w_CBO RESTORED TO VARIABLE.
                   PARAMETER    6  A_CBO RESTORED TO VARIABLE.
 **********
 **   17 **FIX            0
 **********
 PARAMETER    0  IS UNDEFINED. IGNORED.
 **********
 **   18 **FIX            1
 **********
 **********
 **   19 **FIX            2
 **********
 PARAMETER    2  IS CONSTANT.   IGNORED.
 **********
 **   20 **FIX            3
 **********
 **********
 **   21 **FIX            4
 **********
 **********
 **   22 **FIX            9
 **********
 PARAMETER    9  IS CONSTANT.   IGNORED.
 **********
 **   23 **FIX           11
 **********
 PARAMETER   11  IS CONSTANT.   IGNORED.
 **********
 **   24 **FIX           12
 **********
 PARAMETER   12  IS CONSTANT.   IGNORED.
 **********
 **   25 **FIX           14
 **********
 **********
 **   26 **FIX           15
 **********
 PARAMETER   15  IS CONSTANT.   IGNORED.
 **********
 **   27 **FIX           16
 **********
 PARAMETER   16  IS CONSTANT.   IGNORED.
 **********
 **   28 **MIGRAD
 **********
 START MIGRAD MINIMIZATION.  STRATEGY  1.  CONVERGENCE WHEN EDM .LT. 1.00e-04
 FCN=1862.83 FROM MIGRAD    STATUS=INITIATE       22 CALLS         257 TOTAL
                     EDM= unknown      STRATEGY= 1      NO ERROR MATRIX       
  EXT PARAMETER               CURRENT GUESS       STEP         FIRST   
  NO.   NAME      VALUE            ERROR          SIZE      DERIVATIVE 
   1  N0           3.07608e+06     fixed    
   2  tau          6.44069e+01   constant   
   3  A0           3.65085e-01     fixed    
   4  phi          4.11941e+00     fixed    
   5  R           -6.10412e+01   constant   
   6  A_CBO        2.90226e-03   1.00000e-05   1.00000e-05   1.30422e+04
   7  w_CBO        2.32675e+00   1.00000e-03   1.00000e-03  -1.17926e+01
   8  phi_CBO      2.37990e+00   1.00000e-04   1.00000e-04  -3.40836e-01
   9  ANx2         1.88981e-04   constant   
  10  pNx2         1.59299e+00   constant   
  11  ANy1         0.00000e+00   constant   
  12  pNy1         0.00000e+00   constant   
  13  w_y          0.00000e+00   constant   
  14  ANy2         1.39657e-02     fixed    
  15  pNy2         4.84726e+00   constant   
  16  w_vw         1.43184e+01   constant   
  17  LM           1.57605e-04   constant   
  18  wCBO_expCoeff   2.00115e+02   2.02750e-02  -2.85105e-05  -1.20364e-01
  19  wCBO_expOffset   2.00017e+02   3.16766e-03  -4.78498e-06   1.07209e+00
  20  wCBO_expT    2.99804e+01   2.99615e-03   4.12230e-06  -1.05898e+00
  21  wCBO_linCoeff   0.00000e+00   constant   
  22  wCBO_const   8.70191e-03   7.69323e-04  -5.14713e-07  -3.50103e+00
 MIGRAD FAILS TO FIND IMPROVEMENT
 FCN=1855.1 FROM HESSE     STATUS=NOT POSDEF     50 CALLS         389 TOTAL
                     EDM=8.83843    STRATEGY= 1      ERR MATRIX NOT POS-DEF
  EXT PARAMETER                APPROXIMATE        STEP         FIRST   
  NO.   NAME      VALUE            ERROR          SIZE      DERIVATIVE 
   1  N0           3.07608e+06     fixed    
   2  tau          6.44069e+01   constant   
   3  A0           3.65085e-01     fixed    
   4  phi          4.11941e+00     fixed    
   5  R           -6.10412e+01   constant   
   6  A_CBO        2.00891e-03   3.90096e-04   7.65553e-06   3.60163e+02
   7  w_CBO        2.32676e+00   4.35957e-04   1.10949e-06   2.99446e+04
   8  phi_CBO      3.21448e+00   8.19057e-01   3.74004e-03  -4.61206e+00
   9  ANx2         1.88981e-04   constant   
  10  pNx2         1.59299e+00   constant   
  11  ANy1         0.00000e+00   constant   
  12  pNy1         0.00000e+00   constant   
  13  w_y          0.00000e+00   constant   
  14  ANy2         1.39657e-02     fixed    
  15  pNy2         4.84726e+00   constant   
  16  w_vw         1.43184e+01   constant   
  17  LM           1.57605e-04   constant   
  18  wCBO_expCoeff   2.00116e+02   3.89146e-02   9.75530e-05   3.51594e+02
  19  wCBO_expOffset   2.00017e+02   6.30002e-03   9.53757e-05   2.34687e+03
  20  wCBO_expT    2.99810e+01   1.93559e-03   1.42961e-05   4.51458e+03
  21  wCBO_linCoeff   0.00000e+00   constant   
  22  wCBO_const   9.24452e-03   1.41205e-03   5.91740e-06  -6.79267e+02
 MIGRAD MINIMIZATION HAS CONVERGED.
 MIGRAD WILL VERIFY CONVERGENCE AND ERROR MATRIX.
 FCN=1850.44 FROM MIGRAD    STATUS=CONVERGED     299 CALLS         534 TOTAL
                     EDM=4.01479e-07    STRATEGY= 1      ERR MATRIX NOT POS-DEF
  EXT PARAMETER                APPROXIMATE        STEP         FIRST   
  NO.   NAME      VALUE            ERROR          SIZE      DERIVATIVE 
   1  N0           3.07608e+06     fixed    
   2  tau          6.44069e+01   constant   
   3  A0           3.65085e-01     fixed    
   4  phi          4.11941e+00     fixed    
   5  R           -6.10412e+01   constant   
   6  A_CBO        2.04269e-03   3.65964e-04   7.64294e-06   6.57258e-01
   7  w_CBO        2.32683e+00   4.14525e-04   1.10952e-06  -1.54191e+01
   8  phi_CBO      3.98281e+00   3.91621e-01   3.72359e-03   2.49296e-03
   9  ANx2         1.88981e-04   constant   
  10  pNx2         1.59299e+00   constant   
  11  ANy1         0.00000e+00   constant   
  12  pNy1         0.00000e+00   constant   
  13  w_y          0.00000e+00   constant   
  14  ANy2         1.39657e-02     fixed    
  15  pNy2         4.84726e+00   constant   
  16  w_vw         1.43184e+01   constant   
  17  LM           1.57605e-04   constant   
  18  wCBO_expCoeff   2.00121e+02   3.73461e-02   9.54253e-05  -1.72881e-01
  19  wCBO_expOffset   2.00017e+02   6.21934e-03   9.53755e-05  -1.15218e+00
  20  wCBO_expT    2.99797e+01   1.83528e-03   1.42954e-05  -2.35921e+00
  21  wCBO_linCoeff   0.00000e+00   constant   
  22  wCBO_const   1.10025e-02   7.49086e-04   4.89057e-06  -1.27015e+00
 EXTERNAL ERROR MATRIX.    NDIM=  25    NPAR=  7    ERR DEF=1
  1.339e-07  8.175e-09 -7.243e-06  8.575e-07 -2.659e-07  2.488e-08 -2.213e-08 
  8.175e-09  1.718e-07 -9.075e-07 -4.766e-06 -1.198e-06 -1.468e-07 -4.313e-08 
 -7.243e-06 -9.075e-07  1.534e-01 -3.215e-04  1.151e-04 -3.896e-06  1.646e-04 
  8.575e-07 -4.766e-06 -3.215e-04  1.395e-03 -1.195e-04 -1.338e-05  4.441e-06 
 -2.659e-07 -1.198e-06  1.151e-04 -1.195e-04  3.868e-05 -2.610e-06  1.222e-06 
  2.488e-08 -1.468e-07 -3.896e-06 -1.338e-05 -2.610e-06  3.368e-06 -8.180e-07 
 -2.213e-08 -4.313e-08  1.646e-04  4.441e-06  1.222e-06 -8.180e-07  5.611e-07 
ERR MATRIX NOT POS-DEF
 PARAMETER  CORRELATION COEFFICIENTS  
       NO.  GLOBAL      6      7      8     18     19     20     22
        6  0.14015   1.000  0.054 -0.051  0.063 -0.117  0.037 -0.081
        7  0.99530   0.054  1.000 -0.006 -0.308 -0.465 -0.193 -0.139
        8  0.89268  -0.051 -0.006  1.000 -0.022  0.047 -0.005  0.561
       18  0.99514   0.063 -0.308 -0.022  1.000 -0.515 -0.195  0.159
       19  0.99606  -0.117 -0.465  0.047 -0.515  1.000 -0.229  0.262
       20  0.99259   0.037 -0.193 -0.005 -0.195 -0.229  1.000 -0.595
       22  0.95090  -0.081 -0.139  0.561  0.159  0.262 -0.595  1.000
 ERR MATRIX NOT POS-DEF
MINUIT - FIT ONLY 1-CBO
 **********
 **   29 **RES 
 **********
                   PARAMETER   14  ANy2 RESTORED TO VARIABLE.
                   PARAMETER    4  phi RESTORED TO VARIABLE.
                   PARAMETER    3  A0 RESTORED TO VARIABLE.
                   PARAMETER    1  N0 RESTORED TO VARIABLE.
 **********
 **   30 **FIX            0
 **********
 PARAMETER    0  IS UNDEFINED. IGNORED.
 **********
 **   31 **FIX            1
 **********
 **********
 **   32 **FIX            2
 **********
 PARAMETER    2  IS CONSTANT.   IGNORED.
 **********
 **   33 **FIX            3
 **********
 **********
 **   34 **FIX            4
 **********
 **********
 **   35 **FIX            8
 **********
 **********
 **   36 **FIX            9
 **********
 PARAMETER    9  IS CONSTANT.   IGNORED.
 **********
 **   37 **FIX           11
 **********
 PARAMETER   11  IS CONSTANT.   IGNORED.
 **********
 **   38 **FIX           12
 **********
 PARAMETER   12  IS CONSTANT.   IGNORED.
 **********
 **   39 **FIX           13
 **********
 PARAMETER   13  IS CONSTANT.   IGNORED.
 **********
 **   40 **FIX           15
 **********
 PARAMETER   15  IS CONSTANT.   IGNORED.
 **********
 **   41 **FIX           16
 **********
 PARAMETER   16  IS CONSTANT.   IGNORED.
 **********
 **   42 **MIGRAD
 **********
 START MIGRAD MINIMIZATION.  STRATEGY  1.  CONVERGENCE WHEN EDM .LT. 1.00e-04
 FCN=1850.44 FROM MIGRAD    STATUS=INITIATE       16 CALLS         550 TOTAL
                     EDM= unknown      STRATEGY= 1      NO ERROR MATRIX       
  EXT PARAMETER               CURRENT GUESS       STEP         FIRST   
  NO.   NAME      VALUE            ERROR          SIZE      DERIVATIVE 
   1  N0           3.07608e+06     fixed    
   2  tau          6.44069e+01   constant   
   3  A0           3.65085e-01     fixed    
   4  phi          4.11941e+00     fixed    
   5  R           -6.10412e+01   constant   
   6  A_CBO        2.04269e-03   3.65964e-04   7.64294e-06   6.57259e-01
   7  w_CBO        2.32683e+00   4.14525e-04   1.10952e-06  -1.53231e+01
   8  phi_CBO      3.98281e+00     fixed    
   9  ANx2         1.88981e-04   constant   
  10  pNx2         1.59299e+00   constant   
  11  ANy1         0.00000e+00   constant   
  12  pNy1         0.00000e+00   constant   
  13  w_y          0.00000e+00   constant   
  14  ANy2         1.39657e-02   1.00000e-04   1.00000e-04   2.11325e+05
  15  pNy2         4.84726e+00   constant   
  16  w_vw         1.43184e+01   constant   
  17  LM           1.57605e-04   constant   
  18  wCBO_expCoeff   2.00121e+02   3.73461e-02   9.54253e-05  -1.71827e-01
  19  wCBO_expOffset   2.00017e+02   6.21934e-03   9.53755e-05  -7.37830e-01
  20  wCBO_expT    2.99797e+01   1.83528e-03   1.42954e-05  -2.34638e+00
  21  wCBO_linCoeff   0.00000e+00   constant   
  22  wCBO_const   1.10025e-02   7.49086e-04   4.89057e-06  -1.26049e+00
 MIGRAD MINIMIZATION HAS CONVERGED.
 MIGRAD WILL VERIFY CONVERGENCE AND ERROR MATRIX.
 COVARIANCE MATRIX CALCULATED SUCCESSFULLY
 FCN=353.489 FROM MIGRAD    STATUS=CONVERGED     268 CALLS         802 TOTAL
                     EDM=1.11875e-05    STRATEGY= 1      ERROR MATRIX ACCURATE 
  EXT PARAMETER                                   STEP         FIRST   
  NO.   NAME      VALUE            ERROR          SIZE      DERIVATIVE 
   1  N0           3.07608e+06     fixed    
   2  tau          6.44069e+01   constant   
   3  A0           3.65085e-01     fixed    
   4  phi          4.11941e+00     fixed    
   5  R           -6.10412e+01   constant   
   6  A_CBO        3.43379e-04   3.82896e-04   3.32686e-06   4.35544e+00
   7  w_CBO        2.32662e+00   1.79262e-03   1.30890e-06   2.17761e+01
   8  phi_CBO      3.98281e+00     fixed    
   9  ANx2         1.88981e-04   constant   
  10  pNx2         1.59299e+00   constant   
  11  ANy1         0.00000e+00   constant   
  12  pNy1         0.00000e+00   constant   
  13  w_y          0.00000e+00   constant   
  14  ANy2        -1.92548e-04   3.64480e-04   3.33525e-06  -5.09025e+00
  15  pNy2         4.84726e+00   constant   
  16  w_vw         1.43184e+01   constant   
  17  LM           1.57605e-04   constant   
  18  wCBO_expCoeff   2.00100e+02   1.55849e-01   1.20982e-04   2.39349e-01
  19  wCBO_expOffset   2.00014e+02   1.29868e-02   9.53740e-05   1.59665e+00
  20  wCBO_expT    2.99821e+01   5.66843e-03   1.42966e-05   3.63832e+00
  21  wCBO_linCoeff   0.00000e+00   constant   
  22  wCBO_const   1.12628e-02   1.70766e-03   6.58859e-06   2.74463e+00
 EXTERNAL ERROR MATRIX.    NDIM=  25    NPAR=  7    ERR DEF=1
  1.466e-07  5.580e-08  1.197e-08  5.236e-06 -2.465e-07 -4.525e-07 -2.255e-08 
  5.580e-08  3.213e-06  4.333e-09 -2.024e-04 -5.740e-06 -2.347e-06 -1.044e-06 
  1.197e-08  4.333e-09  1.328e-07  4.063e-07  6.359e-09 -3.202e-08 -2.528e-09 
  5.236e-06 -2.024e-04  4.063e-07  2.429e-02 -5.333e-04 -2.186e-04  1.208e-04 
 -2.465e-07 -5.740e-06  6.359e-09 -5.333e-04  1.687e-04 -5.778e-06  3.229e-06 
 -4.525e-07 -2.347e-06 -3.202e-08 -2.186e-04 -5.778e-06  3.213e-05 -5.204e-06 
 -2.255e-08 -1.044e-06 -2.528e-09  1.208e-04  3.229e-06 -5.204e-06  2.916e-06 
 PARAMETER  CORRELATION COEFFICIENTS  
       NO.  GLOBAL      6      7     14     18     19     20     22
        6  0.32687   1.000  0.081  0.086  0.088 -0.050 -0.209 -0.034
        7  0.99682   0.081  1.000  0.007 -0.725 -0.247 -0.231 -0.341
       14  0.09615   0.086  0.007  1.000  0.007  0.001 -0.015 -0.004
       18  0.99641   0.088 -0.725  0.007  1.000 -0.263 -0.247  0.454
       19  0.98834  -0.050 -0.247  0.001 -0.263  1.000 -0.078  0.146
       20  0.99092  -0.209 -0.231 -0.015 -0.247 -0.078  1.000 -0.538
       22  0.90744  -0.034 -0.341 -0.004  0.454  0.146 -0.538  1.000
MINUIT - FIT ONLY 2-CBO
 **********
 **   43 **RES 
 **********
                   PARAMETER    8  phi_CBO RESTORED TO VARIABLE.
                   PARAMETER    4  phi RESTORED TO VARIABLE.
                   PARAMETER    3  A0 RESTORED TO VARIABLE.
                   PARAMETER    1  N0 RESTORED TO VARIABLE.
 **********
 **   44 **FIX            0
 **********
 PARAMETER    0  IS UNDEFINED. IGNORED.
 **********
 **   45 **FIX            1
 **********
 **********
 **   46 **FIX            2
 **********
 PARAMETER    2  IS CONSTANT.   IGNORED.
 **********
 **   47 **FIX            3
 **********
 **********
 **   48 **FIX            4
 **********
 **********
 **   49 **FIX            5
 **********
 PARAMETER    5  IS CONSTANT.   IGNORED.
 **********
 **   50 **FIX            6
 **********
 **********
 **   51 **FIX            7
 **********
 **********
 **   52 **FIX           10
 **********
 PARAMETER   10  IS CONSTANT.   IGNORED.
 **********
 **   53 **FIX           11
 **********
 PARAMETER   11  IS CONSTANT.   IGNORED.
 **********
 **   54 **FIX           12
 **********
 PARAMETER   12  IS CONSTANT.   IGNORED.
 **********
 **   55 **FIX           13
 **********
 PARAMETER   13  IS CONSTANT.   IGNORED.
 **********
 **   56 **FIX           14
 **********
 **********
 **   57 **FIX           15
 **********
 PARAMETER   15  IS CONSTANT.   IGNORED.
 **********
 **   58 **FIX           16
 **********
 PARAMETER   16  IS CONSTANT.   IGNORED.
 **********
 **   59 **MIGRAD
 **********
 START MIGRAD MINIMIZATION.  STRATEGY  1.  CONVERGENCE WHEN EDM .LT. 1.00e-04
 FCN=353.489 FROM MIGRAD    STATUS=INITIATE       12 CALLS         814 TOTAL
                     EDM= unknown      STRATEGY= 1      NO ERROR MATRIX       
  EXT PARAMETER               CURRENT GUESS       STEP         FIRST   
  NO.   NAME      VALUE            ERROR          SIZE      DERIVATIVE 
   1  N0           3.07608e+06     fixed    
   2  tau          6.44069e+01   constant   
   3  A0           3.65085e-01     fixed    
   4  phi          4.11941e+00     fixed    
   5  R           -6.10412e+01   constant   
   6  A_CBO        3.43379e-04     fixed    
   7  w_CBO        2.32662e+00     fixed    
   8  phi_CBO      3.98281e+00   3.91621e-01   3.91621e-01   1.80698e-02
   9  ANx2         1.88981e-04   constant   
  10  pNx2         1.59299e+00   constant   
  11  ANy1         0.00000e+00   constant   
  12  pNy1         0.00000e+00   constant   
  13  w_y          0.00000e+00   constant   
  14  ANy2        -1.92548e-04     fixed    
  15  pNy2         4.84726e+00   constant   
  16  w_vw         1.43184e+01   constant   
  17  LM           1.57605e-04   constant   
  18  wCBO_expCoeff   2.00100e+02   1.55849e-01   1.20982e-04   2.38556e-01
  19  wCBO_expOffset   2.00014e+02   1.29868e-02   9.53740e-05   1.42634e+00
  20  wCBO_expT    2.99821e+01   5.66843e-03   1.42966e-05   3.60158e+00
  21  wCBO_linCoeff   0.00000e+00   constant   
  22  wCBO_const   1.12628e-02   1.70766e-03   6.58859e-06   2.74337e+00
 MIGRAD MINIMIZATION HAS CONVERGED.
 MIGRAD WILL VERIFY CONVERGENCE AND ERROR MATRIX.
 COVARIANCE MATRIX CALCULATED SUCCESSFULLY
 FCN=353.488 FROM MIGRAD    STATUS=CONVERGED      96 CALLS         898 TOTAL
                     EDM=1.0801e-05    STRATEGY= 1      ERROR MATRIX ACCURATE 
  EXT PARAMETER                                   STEP         FIRST   
  NO.   NAME      VALUE            ERROR          SIZE      DERIVATIVE 
   1  N0           3.07608e+06     fixed    
   2  tau          6.44069e+01   constant   
   3  A0           3.65085e-01     fixed    
   4  phi          4.11941e+00     fixed    
   5  R           -6.10412e+01   constant   
   6  A_CBO        3.43379e-04     fixed    
   7  w_CBO        2.32662e+00     fixed    
   8  phi_CBO      3.86037e+00   3.33846e+00   9.85742e-03   9.17589e-05
   9  ANx2         1.88981e-04   constant   
  10  pNx2         1.59299e+00   constant   
  11  ANy1         0.00000e+00   constant   
  12  pNy1         0.00000e+00   constant   
  13  w_y          0.00000e+00   constant   
  14  ANy2        -1.92548e-04     fixed    
  15  pNy2         4.84726e+00   constant   
  16  w_vw         1.43184e+01   constant   
  17  LM           1.57605e-04   constant   
  18  wCBO_expCoeff   2.00099e+02   1.04804e-01   1.17729e-04  -3.77688e-02
  19  wCBO_expOffset   2.00014e+02   1.28851e-02   9.53739e-05  -2.52833e-01
  20  wCBO_expT    2.99821e+01   5.67091e-03   1.42966e-05   1.63554e-01
  21  wCBO_linCoeff   0.00000e+00   constant   
  22  wCBO_const   1.13301e-02   2.60045e-03   6.57506e-06  -7.16378e-01
 EXTERNAL ERROR MATRIX.    NDIM=  25    NPAR=  5    ERR DEF=1
  1.115e+01  3.961e-02  1.096e-02  5.491e-03 -6.724e-03 
  3.961e-02  1.098e-02 -8.341e-04 -3.215e-04  3.418e-05 
  1.096e-02 -8.341e-04  1.660e-04 -4.687e-06 -5.225e-06 
  5.491e-03 -3.215e-04 -4.687e-06  3.216e-05 -9.577e-06 
 -6.724e-03  3.418e-05 -5.225e-06 -9.577e-06  6.762e-06 
 PARAMETER  CORRELATION COEFFICIENTS  
       NO.  GLOBAL      8     18     19     20     22
        8  0.94701   1.000  0.113  0.255  0.290 -0.775
       18  0.99252   0.113  1.000 -0.618 -0.541  0.125
       19  0.98887   0.255 -0.618  1.000 -0.064 -0.156
       20  0.99134   0.290 -0.541 -0.064  1.000 -0.649
       22  0.96144  -0.775  0.125 -0.156 -0.649  1.000
MINUIT - FIT ONLY 1-y
 **********
 **   60 **RES 
 **********
                   PARAMETER   14  ANy2 RESTORED TO VARIABLE.
                   PARAMETER    7  w_CBO RESTORED TO VARIABLE.
                   PARAMETER    6  A_CBO RESTORED TO VARIABLE.
                   PARAMETER    4  phi RESTORED TO VARIABLE.
                   PARAMETER    3  A0 RESTORED TO VARIABLE.
                   PARAMETER    1  N0 RESTORED TO VARIABLE.
 **********
 **   61 **FIX            0
 **********
 PARAMETER    0  IS UNDEFINED. IGNORED.
 **********
 **   62 **FIX            1
 **********
 **********
 **   63 **FIX            2
 **********
 PARAMETER    2  IS CONSTANT.   IGNORED.
 **********
 **   64 **FIX            3
 **********
 **********
 **   65 **FIX            4
 **********
 **********
 **   66 **FIX            5
 **********
 PARAMETER    5  IS CONSTANT.   IGNORED.
 **********
 **   67 **FIX            6
 **********
 **********
 **   68 **FIX            7
 **********
 **********
 **   69 **FIX            8
 **********
 **********
 **   70 **FIX            9
 **********
 PARAMETER    9  IS CONSTANT.   IGNORED.
 **********
 **   71 **FIX           13
 **********
 PARAMETER   13  IS CONSTANT.   IGNORED.
 **********
 **   72 **FIX           14
 **********
 **********
 **   73 **FIX           15
 **********
 PARAMETER   15  IS CONSTANT.   IGNORED.
 **********
 **   74 **FIX           16
 **********
 PARAMETER   16  IS CONSTANT.   IGNORED.
 **********
 **   75 **MIGRAD
 **********
 START MIGRAD MINIMIZATION.  STRATEGY  1.  CONVERGENCE WHEN EDM .LT. 1.00e-04
 FCN=353.488 FROM MIGRAD    STATUS=INITIATE        8 CALLS         906 TOTAL
                     EDM= unknown      STRATEGY= 1      NO ERROR MATRIX       
  EXT PARAMETER               CURRENT GUESS       STEP         FIRST   
  NO.   NAME      VALUE            ERROR          SIZE      DERIVATIVE 
   1  N0           3.07608e+06     fixed    
   2  tau          6.44069e+01   constant   
   3  A0           3.65085e-01     fixed    
   4  phi          4.11941e+00     fixed    
   5  R           -6.10412e+01   constant   
   6  A_CBO        3.43379e-04     fixed    
   7  w_CBO        2.32662e+00     fixed    
   8  phi_CBO      3.86037e+00     fixed    
   9  ANx2         1.88981e-04   constant   
  10  pNx2         1.59299e+00   constant   
  11  ANy1         0.00000e+00   constant   
  12  pNy1         0.00000e+00   constant   
  13  w_y          0.00000e+00   constant   
  14  ANy2        -1.92548e-04     fixed    
  15  pNy2         4.84726e+00   constant   
  16  w_vw         1.43184e+01   constant   
  17  LM           1.57605e-04   constant   
  18  wCBO_expCoeff   2.00099e+02   1.04804e-01   1.17729e-04  -3.85168e-02
  19  wCBO_expOffset   2.00014e+02   1.28851e-02   9.53739e-05  -4.25843e-01
  20  wCBO_expT    2.99821e+01   5.67091e-03   1.42966e-05   1.16303e-01
  21  wCBO_linCoeff   0.00000e+00   constant   
  22  wCBO_const   1.13301e-02   2.60045e-03   6.57506e-06  -7.18576e-01
 MIGRAD MINIMIZATION HAS CONVERGED.
 MIGRAD WILL VERIFY CONVERGENCE AND ERROR MATRIX.
 COVARIANCE MATRIX CALCULATED SUCCESSFULLY
 FCN=353.488 FROM MIGRAD    STATUS=CONVERGED      47 CALLS         945 TOTAL
                     EDM=1.01058e-05    STRATEGY= 1      ERROR MATRIX ACCURATE 
  EXT PARAMETER                                   STEP         FIRST   
  NO.   NAME      VALUE            ERROR          SIZE      DERIVATIVE 
   1  N0           3.07608e+06     fixed    
   2  tau          6.44069e+01   constant   
   3  A0           3.65085e-01     fixed    
   4  phi          4.11941e+00     fixed    
   5  R           -6.10412e+01   constant   
   6  A_CBO        3.43379e-04     fixed    
   7  w_CBO        2.32662e+00     fixed    
   8  phi_CBO      3.86037e+00     fixed    
   9  ANx2         1.88981e-04   constant   
  10  pNx2         1.59299e+00   constant   
  11  ANy1         0.00000e+00   constant   
  12  pNy1         0.00000e+00   constant   
  13  w_y          0.00000e+00   constant   
  14  ANy2        -1.92548e-04     fixed    
  15  pNy2         4.84726e+00   constant   
  16  w_vw         1.43184e+01   constant   
  17  LM           1.57605e-04   constant   
  18  wCBO_expCoeff   2.00099e+02   1.04125e-01   1.17634e-04   7.91448e-03
  19  wCBO_expOffset   2.00014e+02   1.24581e-02   9.53739e-05   5.11103e-02
  20  wCBO_expT    2.99821e+01   5.42685e-03   1.42966e-05   9.41755e-01
  21  wCBO_linCoeff   0.00000e+00   constant   
  22  wCBO_const   1.13301e-02   1.64485e-03   6.57428e-06   2.17494e-02
 EXTERNAL ERROR MATRIX.    NDIM=  25    NPAR=  4    ERR DEF=1
  1.084e-02 -8.729e-04 -3.411e-04  5.808e-05 
 -8.729e-04  1.552e-04 -1.008e-05  1.387e-06 
 -3.411e-04 -1.008e-05  2.945e-05 -6.264e-06 
  5.808e-05  1.387e-06 -6.264e-06  2.706e-06 
 PARAMETER  CORRELATION COEFFICIENTS  
       NO.  GLOBAL     18     19     20     22
       18  0.99242   1.000 -0.673 -0.604  0.339
       19  0.98808  -0.673  1.000 -0.149  0.068
       20  0.99053  -0.604 -0.149  1.000 -0.702
       22  0.90054   0.339  0.068 -0.702  1.000
MINUIT - FIT ONLY 2-y
 **********
 **   76 **RES 
 **********
                   PARAMETER   14  ANy2 RESTORED TO VARIABLE.
                   PARAMETER    8  phi_CBO RESTORED TO VARIABLE.
                   PARAMETER    7  w_CBO RESTORED TO VARIABLE.
                   PARAMETER    6  A_CBO RESTORED TO VARIABLE.
                   PARAMETER    4  phi RESTORED TO VARIABLE.
                   PARAMETER    3  A0 RESTORED TO VARIABLE.
                   PARAMETER    1  N0 RESTORED TO VARIABLE.
 **********
 **   77 **FIX            0
 **********
 PARAMETER    0  IS UNDEFINED. IGNORED.
 **********
 **   78 **FIX            1
 **********
 **********
 **   79 **FIX            2
 **********
 PARAMETER    2  IS CONSTANT.   IGNORED.
 **********
 **   80 **FIX            3
 **********
 **********
 **   81 **FIX            4
 **********
 **********
 **   82 **FIX            5
 **********
 PARAMETER    5  IS CONSTANT.   IGNORED.
 **********
 **   83 **FIX            6
 **********
 **********
 **   84 **FIX            7
 **********
 **********
 **   85 **FIX            8
 **********
 **********
 **   86 **FIX            9
 **********
 PARAMETER    9  IS CONSTANT.   IGNORED.
 **********
 **   87 **FIX           10
 **********
 PARAMETER   10  IS CONSTANT.   IGNORED.
 **********
 **   88 **FIX           11
 **********
 PARAMETER   11  IS CONSTANT.   IGNORED.
 **********
 **   89 **FIX           12
 **********
 PARAMETER   12  IS CONSTANT.   IGNORED.
 **********
 **   90 **FIX           16
 **********
 PARAMETER   16  IS CONSTANT.   IGNORED.
 **********
 **   91 **MIGRAD
 **********
 START MIGRAD MINIMIZATION.  STRATEGY  1.  CONVERGENCE WHEN EDM .LT. 1.00e-04
 FCN=353.488 FROM MIGRAD    STATUS=INITIATE       10 CALLS         955 TOTAL
                     EDM= unknown      STRATEGY= 1      NO ERROR MATRIX       
  EXT PARAMETER               CURRENT GUESS       STEP         FIRST   
  NO.   NAME      VALUE            ERROR          SIZE      DERIVATIVE 
   1  N0           3.07608e+06     fixed    
   2  tau          6.44069e+01   constant   
   3  A0           3.65085e-01     fixed    
   4  phi          4.11941e+00     fixed    
   5  R           -6.10412e+01   constant   
   6  A_CBO        3.43379e-04     fixed    
   7  w_CBO        2.32662e+00     fixed    
   8  phi_CBO      3.86037e+00     fixed    
   9  ANx2         1.88981e-04   constant   
  10  pNx2         1.59299e+00   constant   
  11  ANy1         0.00000e+00   constant   
  12  pNy1         0.00000e+00   constant   
  13  w_y          0.00000e+00   constant   
  14  ANy2        -1.92548e-04   3.64480e-04   3.64480e-04  -7.95771e+00
  15  pNy2         4.84726e+00   constant   
  16  w_vw         1.43184e+01   constant   
  17  LM           1.57605e-04   constant   
  18  wCBO_expCoeff   2.00099e+02   1.04125e-01   1.17634e-04   7.33104e-03
  19  wCBO_expOffset   2.00014e+02   1.24581e-02   9.53739e-05  -1.21972e-01
  20  wCBO_expT    2.99821e+01   5.42685e-03   1.42966e-05   9.05937e-01
  21  wCBO_linCoeff   0.00000e+00   constant   
  22  wCBO_const   1.13301e-02   1.64485e-03   6.57428e-06   2.13803e-02
 MIGRAD MINIMIZATION HAS CONVERGED.
 MIGRAD WILL VERIFY CONVERGENCE AND ERROR MATRIX.
 COVARIANCE MATRIX CALCULATED SUCCESSFULLY
 FCN=353.488 FROM MIGRAD    STATUS=CONVERGED      56 CALLS        1001 TOTAL
                     EDM=1.02225e-05    STRATEGY= 1      ERROR MATRIX ACCURATE 
  EXT PARAMETER                                   STEP         FIRST   
  NO.   NAME      VALUE            ERROR          SIZE      DERIVATIVE 
   1  N0           3.07608e+06     fixed    
   2  tau          6.44069e+01   constant   
   3  A0           3.65085e-01     fixed    
   4  phi          4.11941e+00     fixed    
   5  R           -6.10412e+01   constant   
   6  A_CBO        3.43379e-04     fixed    
   7  w_CBO        2.32662e+00     fixed    
   8  phi_CBO      3.86037e+00     fixed    
   9  ANx2         1.88981e-04   constant   
  10  pNx2         1.59299e+00   constant   
  11  ANy1         0.00000e+00   constant   
  12  pNy1         0.00000e+00   constant   
  13  w_y          0.00000e+00   constant   
  14  ANy2        -1.92024e-04   3.63046e-04   3.33525e-06   5.50292e-02
  15  pNy2         4.84726e+00   constant   
  16  w_vw         1.43184e+01   constant   
  17  LM           1.57605e-04   constant   
  18  wCBO_expCoeff   2.00099e+02   1.04141e-01   1.17640e-04  -4.24460e-02
  19  wCBO_expOffset   2.00014e+02   1.24606e-02   9.53739e-05  -2.84049e-01
  20  wCBO_expT    2.99821e+01   5.42756e-03   1.42966e-05   7.33910e-02
  21  wCBO_linCoeff   0.00000e+00   constant   
  22  wCBO_const   1.13301e-02   1.64496e-03   6.57434e-06  -7.71294e-01
 EXTERNAL ERROR MATRIX.    NDIM=  25    NPAR=  5    ERR DEF=1
  1.318e-07 -9.899e-08  2.071e-08  1.036e-08 -2.968e-09 
 -9.899e-08  1.085e-02 -8.733e-04 -3.411e-04  5.809e-05 
  2.071e-08 -8.733e-04  1.553e-04 -1.008e-05  1.387e-06 
  1.036e-08 -3.411e-04 -1.008e-05  2.946e-05 -6.265e-06 
 -2.968e-09  5.809e-05  1.387e-06 -6.265e-06  2.706e-06 
 PARAMETER  CORRELATION COEFFICIENTS  
       NO.  GLOBAL     14     18     19     20     22
       14  0.03737   1.000 -0.003  0.005  0.005 -0.005
       18  0.99242  -0.003  1.000 -0.673 -0.604  0.339
       19  0.98809   0.005 -0.673  1.000 -0.149  0.068
       20  0.99054   0.005 -0.604 -0.149  1.000 -0.702
       22  0.90056  -0.005  0.339  0.068 -0.702  1.000
MINUIT - FIT ALTOGETHER
 **********
 **   92 **RES 
 **********
                   PARAMETER    8  phi_CBO RESTORED TO VARIABLE.
                   PARAMETER    7  w_CBO RESTORED TO VARIABLE.
                   PARAMETER    6  A_CBO RESTORED TO VARIABLE.
                   PARAMETER    4  phi RESTORED TO VARIABLE.
                   PARAMETER    3  A0 RESTORED TO VARIABLE.
                   PARAMETER    1  N0 RESTORED TO VARIABLE.
 **********
 **   93 **MIGRAD
 **********
 START MIGRAD MINIMIZATION.  STRATEGY  1.  CONVERGENCE WHEN EDM .LT. 1.00e-04
 FCN=353.488 FROM MIGRAD    STATUS=INITIATE       22 CALLS        1023 TOTAL
                     EDM= unknown      STRATEGY= 1      NO ERROR MATRIX       
  EXT PARAMETER               CURRENT GUESS       STEP         FIRST   
  NO.   NAME      VALUE            ERROR          SIZE      DERIVATIVE 
   1  N0           3.07608e+06   7.93925e+02   7.93925e+02   5.21970e-04
   2  tau          6.44069e+01   constant   
   3  A0           3.65085e-01   3.45853e-04   3.45853e-04   2.52464e+02
   4  phi          4.11941e+00   9.85426e-04   9.85426e-04  -2.17151e+02
