 + ++++++++++++++++++++++++++++++++++++++++++++++++++++++++++++++++++++ +
 +                                                                      +
 +           You have chose to blind your fitting according to          +
 +                omega_ref * (1 + (R +/- deltaR) *10^{-6})             +
 +                                                                      +
 + ++++++++++++++++++++++++++++++++++++++++++++++++++++++++++++++++++++ +
In main()...
reading format from /gm2data/zkhechad/run45/envelope/formats/formatB_sBin_constraintOn.txt
pBinTau 	= 0  
pBinPhi 	= 0  
constraintau 	= 1 
includeMopTerm 	= 0    
constrainMop    = 0   
Parameters after format file: pBinTau 0 pBinPhi 0 constraintau 1 includeMopTerm 0 constrainMop 0 c_e_scale 0.000000 
reading cbo reference file (full fit) from /gm2data/zkhechad/cboTemplates/Run4CBOTemplates/fullFits/run4/sBin_constraintOn_cE0.0_seed0_run4_calo16.root
A_CBO 0.009336 w_CBO 2.326091 phi_CBO 1.561564 N0 3000865.229519 R -62.230085 tau 64.400102 
Reading cboRef file /gm2data/zkhechad/cboTemplates/Run4CBOTemplates//cboIsolate/run4_calo16.root
deltaT 8.200915
windowBins = 120
fitting sliding window 220 from bin 423 at 63.111600 to bin 543 at 81.015600 (120 bins)

Reading data from /gm2data/cornell/histograms/aMethod/histogram_a_run4.root
fitting cbo isolate
 **********
 **    1 **SET PRINTOUT            1
 **********
 **********
 **    2 **SET NOWARNINGS 
 **********
 PARAMETER DEFINITIONS:
    NO.   NAME         VALUE      STEP SIZE      LIMITS
     1 A_CBO        9.33615e-03  1.00000e-05     no limits
     2 w_CBO        2.32609e+00  1.00000e-02    2.00000e+00  3.00000e+00
     3 phi_CBO      1.56156e+00  1.00000e-02    0.00000e+00  6.28319e+00
 **********
 **    3 **MIGRAD
 **********
 FIRST CALL TO USER FUNCTION AT NEW START POINT, WITH IFLAG=4.
 START MIGRAD MINIMIZATION.  STRATEGY  1.  CONVERGENCE WHEN EDM .LT. 1.00e-04
 FCN=0.000589531 FROM MIGRAD    STATUS=INITIATE       10 CALLS          11 TOTAL
                     EDM= unknown      STRATEGY= 1      NO ERROR MATRIX       
  EXT PARAMETER               CURRENT GUESS       STEP         FIRST   
  NO.   NAME      VALUE            ERROR          SIZE      DERIVATIVE 
   1  A_CBO        9.33615e-03   1.00000e-05   1.00000e-05   3.51411e-01
   2  w_CBO        2.32609e+00   1.00000e-02   2.13342e-02  -3.42078e-03
   3  phi_CBO      1.56156e+00   1.00000e-02   3.68279e-03   3.18377e-04
 MIGRAD MINIMIZATION HAS CONVERGED.
 MIGRAD WILL VERIFY CONVERGENCE AND ERROR MATRIX.
 FCN=7.62249e-05 FROM MIGRAD    STATUS=CONVERGED      35 CALLS          36 TOTAL
                     EDM=8.17607e-06    STRATEGY= 1      ERR MATRIX NOT POS-DEF
  EXT PARAMETER                APPROXIMATE        STEP         FIRST   
  NO.   NAME      VALUE            ERROR          SIZE      DERIVATIVE 
   1  A_CBO        6.40800e-03   1.30620e-01   6.30700e-05  -2.26003e-04
   2  w_CBO        2.32629e+00   6.86852e-01   2.43240e-04   4.01993e-03
   3  phi_CBO      1.54531e+00   5.13748e+00   2.99699e-03  -2.94915e-04
 EXTERNAL ERROR MATRIX.    NDIM=  25    NPAR=  3    ERR DEF=1
  1.706e-02 -9.146e-02 -6.554e+00 
 -9.146e-02  1.976e+01  1.416e+03 
 -6.554e+00  1.416e+03  1.019e+05 
ERR MATRIX NOT POS-DEF
 PARAMETER  CORRELATION COEFFICIENTS  
       NO.  GLOBAL      1      2      3
        1  0.15751   1.000 -0.158 -0.157
        2  0.99800  -0.158  1.000  0.998
        3  0.99800  -0.157  0.998  1.000
 ERR MATRIX NOT POS-DEF
setting A_CBO=0.006408 w_CBO=2.326290, phi_CBO=1.545310
done fitting cbo isolate
 **********
 **    1 **SET PRINTOUT            1
 **********
 **********
 **    2 **SET NOWARNINGS 
 **********
 PARAMETER DEFINITIONS:
    NO.   NAME         VALUE      STEP SIZE      LIMITS
     1 N0           3.00087e+06  1.00000e+02     no limits
     2 tau          6.44001e+01  constant
     3 A0           3.49583e-01  1.00000e-04     no limits
     4 phi          4.11719e+00  1.00000e-02     no limits
     5 R           -6.22301e+01  constant
     6 A_CBO        6.40800e-03  1.00000e-05     no limits
     7 w_CBO        2.32629e+00  1.00000e-03     no limits
     8 phi_CBO      1.54531e+00  1.00000e-04     no limits
     9 ANx2         8.68669e-04  constant
    10 pNx2         4.82289e+00  constant
    11 ANy1         0.00000e+00  constant
    12 pNy1         0.00000e+00  constant
    13 w_y          0.00000e+00  constant
    14 ANy2         6.17882e-03  1.00000e-04     no limits
    15 pNy2         1.49923e+00  constant
    16 w_vw         1.43037e+01  constant
    17 LM          -2.26665e-04  constant
    18 wCBO_expCoeff   2.00000e+02  1.00000e+00     no limits
    19 wCBO_expOffset   2.00000e+02  1.00000e+00     no limits
    20 wCBO_expT    3.00000e+01  1.00000e+00     no limits
    21 wCBO_linCoeff   0.00000e+00  constant
    22 wCBO_const   0.00000e+00  1.00000e-02     no limits
MINUIT - FIT ONLY WIGGLE
 **********
 **    3 **FIX            5
 **********
 PARAMETER    5  IS CONSTANT.   IGNORED.
 **********
 **    4 **FIX            6
 **********
 **********
 **    5 **FIX            7
 **********
 **********
 **    6 **FIX            8
 **********
 **********
 **    7 **FIX            9
 **********
 PARAMETER    9  IS CONSTANT.   IGNORED.
 **********
 **    8 **FIX           10
 **********
 PARAMETER   10  IS CONSTANT.   IGNORED.
 **********
 **    9 **FIX           11
 **********
 PARAMETER   11  IS CONSTANT.   IGNORED.
 **********
 **   10 **FIX           12
 **********
 PARAMETER   12  IS CONSTANT.   IGNORED.
 **********
 **   11 **FIX           13
 **********
 PARAMETER   13  IS CONSTANT.   IGNORED.
 **********
 **   12 **FIX           14
 **********
 **********
 **   13 **FIX           15
 **********
 PARAMETER   15  IS CONSTANT.   IGNORED.
 **********
 **   14 **FIX           16
 **********
 PARAMETER   16  IS CONSTANT.   IGNORED.
 **********
 **   15 **MIGRAD
 **********
 FIRST CALL TO USER FUNCTION AT NEW START POINT, WITH IFLAG=4.
 START MIGRAD MINIMIZATION.  STRATEGY  1.  CONVERGENCE WHEN EDM .LT. 1.00e-04
 FCN=4286.67 FROM MIGRAD    STATUS=INITIATE       59 CALLS          60 TOTAL
                     EDM= unknown      STRATEGY= 1      NO ERROR MATRIX       
  EXT PARAMETER               CURRENT GUESS       STEP         FIRST   
  NO.   NAME      VALUE            ERROR          SIZE      DERIVATIVE 
   1  N0           3.00087e+06   1.00000e+02  -0.00000e+00   1.87283e-02
   2  tau          6.44001e+01   constant   
   3  A0           3.49583e-01   1.00000e-04  -0.00000e+00   2.89163e+04
   4  phi          4.11719e+00   1.00000e-02  -0.00000e+00  -2.31466e+02
   5  R           -6.22301e+01   constant   
   6  A_CBO        6.40800e-03     fixed    
   7  w_CBO        2.32629e+00     fixed    
   8  phi_CBO      1.54531e+00     fixed    
   9  ANx2         8.68669e-04   constant   
  10  pNx2         4.82289e+00   constant   
  11  ANy1         0.00000e+00   constant   
  12  pNy1         0.00000e+00   constant   
  13  w_y          0.00000e+00   constant   
  14  ANy2         6.17882e-03     fixed    
  15  pNy2         1.49923e+00   constant   
  16  w_vw         1.43037e+01   constant   
  17  LM          -2.26665e-04   constant   
  18  wCBO_expCoeff   2.00001e+02   1.00000e+00   7.57681e-04  -1.62833e+06
  19  wCBO_expOffset   2.00000e+02   1.00000e+00  -0.00000e+00  -2.77826e+06
  20  wCBO_expT    3.00000e+01   1.00000e+00  -0.00000e+00  -2.47644e+07
  21  wCBO_linCoeff   0.00000e+00   constant   
  22  wCBO_const   0.00000e+00   1.00000e-02  -0.00000e+00  -2.80864e+04
 MIGRAD FAILS TO FIND IMPROVEMENT
 FCN=4286.67 FROM HESSE     STATUS=NOT POSDEF     56 CALLS         127 TOTAL
                     EDM=87181.8    STRATEGY= 1      ERR MATRIX NOT POS-DEF
  EXT PARAMETER                APPROXIMATE        STEP         FIRST   
  NO.   NAME      VALUE            ERROR          SIZE      DERIVATIVE 
   1  N0           3.00087e+06   9.67508e+02   1.02864e+01   1.87283e-02
   2  tau          6.44001e+01   constant   
   3  A0           3.49583e-01   1.44585e-04   4.65205e-06   2.89163e+04
   4  phi          4.11719e+00   7.37519e-04   1.36665e-05  -2.31466e+02
   5  R           -6.22301e+01   constant   
   6  A_CBO        6.40800e-03     fixed    
   7  w_CBO        2.32629e+00     fixed    
   8  phi_CBO      1.54531e+00     fixed    
   9  ANx2         8.68669e-04   constant   
  10  pNx2         4.82289e+00   constant   
  11  ANy1         0.00000e+00   constant   
  12  pNy1         0.00000e+00   constant   
  13  w_y          0.00000e+00   constant   
  14  ANy2         6.17882e-03     fixed    
  15  pNy2         1.49923e+00   constant   
  16  w_vw         1.43037e+01   constant   
  17  LM          -2.26665e-04   constant   
  18  wCBO_expCoeff   2.00001e+02   7.09930e-06   9.53678e-05   1.70651e+06
  19  wCBO_expOffset   2.00000e+02   2.10867e-05   9.53674e-05  -2.46725e+06
  20  wCBO_expT    3.00000e+01   5.98739e-06   1.43051e-05   7.67899e+07
  21  wCBO_linCoeff   0.00000e+00   constant   
  22  wCBO_const   0.00000e+00   3.79118e-03   8.11216e-06  -2.80863e+04
 MIGRAD FAILS TO FIND IMPROVEMENT
 MIGRAD TERMINATED WITHOUT CONVERGENCE.
 FCN=4286.67 FROM MIGRAD    STATUS=FAILED        137 CALLS         138 TOTAL
                     EDM=87181.8    STRATEGY= 1      ERR MATRIX NOT POS-DEF
  EXT PARAMETER                APPROXIMATE        STEP         FIRST   
  NO.   NAME      VALUE            ERROR          SIZE      DERIVATIVE 
   1  N0           3.00087e+06   9.67508e+02   0.00000e+00   1.87283e-02
   2  tau          6.44001e+01   constant   
   3  A0           3.49583e-01   1.44585e-04   0.00000e+00   2.89163e+04
   4  phi          4.11719e+00   7.37519e-04   0.00000e+00  -2.31466e+02
   5  R           -6.22301e+01   constant   
   6  A_CBO        6.40800e-03     fixed    
   7  w_CBO        2.32629e+00     fixed    
   8  phi_CBO      1.54531e+00     fixed    
   9  ANx2         8.68669e-04   constant   
  10  pNx2         4.82289e+00   constant   
  11  ANy1         0.00000e+00   constant   
  12  pNy1         0.00000e+00   constant   
  13  w_y          0.00000e+00   constant   
  14  ANy2         6.17882e-03     fixed    
  15  pNy2         1.49923e+00   constant   
  16  w_vw         1.43037e+01   constant   
  17  LM          -2.26665e-04   constant   
  18  wCBO_expCoeff   2.00001e+02   7.09930e-06   0.00000e+00   1.70651e+06
  19  wCBO_expOffset   2.00000e+02   2.10867e-05   0.00000e+00  -2.46725e+06
  20  wCBO_expT    3.00000e+01   5.98739e-06  -0.00000e+00   7.67899e+07
  21  wCBO_linCoeff   0.00000e+00   constant   
  22  wCBO_const   0.00000e+00   3.79118e-03   0.00000e+00  -2.80863e+04
 EXTERNAL ERROR MATRIX.    NDIM=  25    NPAR=  7    ERR DEF=1
  9.361e+05  7.041e-02  5.970e-01  4.096e-03  1.930e-02 -5.523e-03  3.491e+00 
  7.041e-02  2.090e-08  4.957e-08  3.414e-10  1.601e-09 -4.519e-10  2.845e-07 
  5.970e-01  4.957e-08  5.439e-07  2.855e-09  1.350e-08 -3.817e-09  2.401e-06 
  4.096e-03  3.414e-10  2.855e-09  5.040e-11  9.238e-11 -2.447e-11  1.430e-08 
  1.930e-02  1.601e-09  1.350e-08  9.238e-11  4.446e-10 -1.230e-10  7.731e-08 
 -5.523e-03 -4.519e-10 -3.817e-09 -2.447e-11 -1.230e-10  3.585e-11 -2.261e-08 
  3.491e+00  2.845e-07  2.401e-06  1.430e-08  7.731e-08 -2.261e-08  1.437e-05 
ERR MATRIX NOT POS-DEF
 PARAMETER  CORRELATION COEFFICIENTS  
       NO.  GLOBAL      1      3      4     18     19     20     22
        1  0.95966   1.000  0.503  0.837  0.596  0.946 -0.953  0.952
        3  0.52765   0.503  1.000  0.465  0.333  0.525 -0.522  0.519
        4  0.87224   0.837  0.465  1.000  0.545  0.868 -0.864  0.859
       18  0.77964   0.596  0.333  0.545  1.000  0.617 -0.576  0.531
       19  0.97889   0.946  0.525  0.868  0.617  1.000 -0.974  0.967
       20  0.99775  -0.953 -0.522 -0.864 -0.576 -0.974  1.000 -0.996
       22  0.99750   0.952  0.519  0.859  0.531  0.967 -0.996  1.000
 ERR MATRIX NOT POS-DEF
MINUIT - FIT ONLY 1-CBO + other amplitudes 
 **********
 **   16 **RES 
 **********
                   PARAMETER   14  ANy2 RESTORED TO VARIABLE.
                   PARAMETER    8  phi_CBO RESTORED TO VARIABLE.
                   PARAMETER    7  w_CBO RESTORED TO VARIABLE.
                   PARAMETER    6  A_CBO RESTORED TO VARIABLE.
 **********
 **   17 **FIX            0
 **********
 PARAMETER    0  IS UNDEFINED. IGNORED.
 **********
 **   18 **FIX            1
 **********
 **********
 **   19 **FIX            2
 **********
 PARAMETER    2  IS CONSTANT.   IGNORED.
 **********
 **   20 **FIX            3
 **********
 **********
 **   21 **FIX            4
 **********
 **********
 **   22 **FIX            9
 **********
 PARAMETER    9  IS CONSTANT.   IGNORED.
 **********
 **   23 **FIX           11
 **********
 PARAMETER   11  IS CONSTANT.   IGNORED.
 **********
 **   24 **FIX           12
 **********
 PARAMETER   12  IS CONSTANT.   IGNORED.
 **********
 **   25 **FIX           14
 **********
 **********
 **   26 **FIX           15
 **********
 PARAMETER   15  IS CONSTANT.   IGNORED.
 **********
 **   27 **FIX           16
 **********
 PARAMETER   16  IS CONSTANT.   IGNORED.
 **********
 **   28 **MIGRAD
 **********
 START MIGRAD MINIMIZATION.  STRATEGY  1.  CONVERGENCE WHEN EDM .LT. 1.00e-04
 FCN=4286.67 FROM MIGRAD    STATUS=INITIATE       22 CALLS         160 TOTAL
                     EDM= unknown      STRATEGY= 1      NO ERROR MATRIX       
  EXT PARAMETER               CURRENT GUESS       STEP         FIRST   
  NO.   NAME      VALUE            ERROR          SIZE      DERIVATIVE 
   1  N0           3.00087e+06     fixed    
   2  tau          6.44001e+01   constant   
   3  A0           3.49583e-01     fixed    
   4  phi          4.11719e+00     fixed    
   5  R           -6.22301e+01   constant   
   6  A_CBO        6.40800e-03   1.00000e-05   1.00000e-05   4.45054e+05
   7  w_CBO        2.32629e+00   1.00000e-03   1.00000e-03  -1.40027e+08
   8  phi_CBO      1.54531e+00   1.00000e-04   1.00000e-04   2.72693e+02
   9  ANx2         8.68669e-04   constant   
  10  pNx2         4.82289e+00   constant   
  11  ANy1         0.00000e+00   constant   
  12  pNy1         0.00000e+00   constant   
  13  w_y          0.00000e+00   constant   
  14  ANy2         6.17882e-03     fixed    
  15  pNy2         1.49923e+00   constant   
  16  w_vw         1.43037e+01   constant   
  17  LM          -2.26665e-04   constant   
  18  wCBO_expCoeff   2.00001e+02   7.09930e-06   0.00000e+00  -1.62833e+06
  19  wCBO_expOffset   2.00000e+02   2.10867e-05   0.00000e+00  -2.77826e+06
  20  wCBO_expT    3.00000e+01   5.98739e-06  -0.00000e+00  -2.47644e+07
  21  wCBO_linCoeff   0.00000e+00   constant   
  22  wCBO_const   0.00000e+00   3.79118e-03   0.00000e+00  -2.80864e+04
 MIGRAD FAILS TO FIND IMPROVEMENT
 FCN=2957.62 FROM HESSE     STATUS=NOT POSDEF     58 CALLS         271 TOTAL
                     EDM=504542    STRATEGY= 1      ERR MATRIX NOT POS-DEF
  EXT PARAMETER                APPROXIMATE        STEP         FIRST   
  NO.   NAME      VALUE            ERROR          SIZE      DERIVATIVE 
   1  N0           3.00087e+06     fixed    
   2  tau          6.44001e+01   constant   
   3  A0           3.49583e-01     fixed    
   4  phi          4.11719e+00     fixed    
   5  R           -6.22301e+01   constant   
   6  A_CBO       -6.15400e-04   1.43396e-03   4.08247e-06   1.47895e+05
   7  w_CBO        2.32629e+00   6.44917e-07   1.10926e-06   2.34305e+08
   8  phi_CBO      1.24469e+00   6.59946e-01   3.35039e-03  -4.60034e+00
   9  ANx2         8.68669e-04   constant   
  10  pNx2         4.82289e+00   constant   
  11  ANy1         0.00000e+00   constant   
  12  pNy1         0.00000e+00   constant   
  13  w_y          0.00000e+00   constant   
  14  ANy2         6.17882e-03     fixed    
  15  pNy2         1.49923e+00   constant   
  16  w_vw         1.43037e+01   constant   
  17  LM          -2.26665e-04   constant   
  18  wCBO_expCoeff   2.00001e+02   5.54480e-05   9.53678e-05   2.72513e+06
  19  wCBO_expOffset   2.00000e+02   6.03254e-05   9.53674e-05   1.25103e+07
  20  wCBO_expT    3.00000e+01   8.56311e-06   1.43051e-05   1.31382e+07
  21  wCBO_linCoeff   0.00000e+00   constant   
  22  wCBO_const   3.15103e-03   1.27095e-03   9.29333e-06   3.47595e+04
 MIGRAD FAILS TO FIND IMPROVEMENT
 MIGRAD TERMINATED WITHOUT CONVERGENCE.
 FCN=2833.12 FROM MIGRAD    STATUS=FAILED        184 CALLS         322 TOTAL
                     EDM=1550.99    STRATEGY= 1      ERR MATRIX NOT POS-DEF
  EXT PARAMETER                APPROXIMATE        STEP         FIRST   
  NO.   NAME      VALUE            ERROR          SIZE      DERIVATIVE 
   1  N0           3.00087e+06     fixed    
   2  tau          6.44001e+01   constant   
   3  A0           3.49583e-01     fixed    
   4  phi          4.11719e+00     fixed    
   5  R           -6.22301e+01   constant   
   6  A_CBO       -1.44541e-03   1.67676e-04  -0.00000e+00   8.05280e+04
   7  w_CBO        2.32629e+00   3.83899e-08  -0.00000e+00   7.86272e+07
   8  phi_CBO      1.00610e+00   8.31494e-02  -0.00000e+00  -3.07282e+01
   9  ANx2         8.68669e-04   constant   
  10  pNx2         4.82289e+00   constant   
  11  ANy1         0.00000e+00   constant   
  12  pNy1         0.00000e+00   constant   
  13  w_y          0.00000e+00   constant   
  14  ANy2         6.17882e-03     fixed    
  15  pNy2         1.49923e+00   constant   
  16  w_vw         1.43037e+01   constant   
  17  LM          -2.26665e-04   constant   
  18  wCBO_expCoeff   2.00001e+02   3.30064e-06  -0.00000e+00   9.14622e+05
  19  wCBO_expOffset   2.00000e+02   1.65506e-06   0.00000e+00  -1.68047e+05
  20  wCBO_expT    3.00000e+01   5.71603e-07  -0.00000e+00  -7.98024e+05
  21  wCBO_linCoeff   0.00000e+00   constant   
  22  wCBO_const   3.24173e-03   1.72745e-04   0.00000e+00   2.44178e+04
 EXTERNAL ERROR MATRIX.    NDIM=  25    NPAR=  7    ERR DEF=1
  2.812e-08  2.527e-12  4.755e-06  2.172e-10 -8.903e-11  3.304e-11 -4.253e-09 
  2.527e-12  1.474e-15  1.260e-09  3.073e-14 -2.473e-14  5.297e-15 -2.184e-12 
  4.755e-06  1.260e-09  6.914e-03  1.083e-07 -4.147e-08  1.603e-08  3.602e-06 
  2.172e-10  3.073e-14  1.083e-07  1.089e-11 -2.126e-12  4.554e-13 -1.878e-10 
 -8.903e-11 -2.473e-14 -4.147e-08 -2.126e-12  2.739e-12 -4.173e-13  8.164e-12 
  3.304e-11  5.297e-15  1.603e-08  4.554e-13 -4.173e-13  3.267e-13 -1.079e-11 
 -4.253e-09 -2.184e-12  3.602e-06 -1.878e-10  8.164e-12 -1.079e-11  2.984e-08 
ERR MATRIX NOT POS-DEF
 PARAMETER  CORRELATION COEFFICIENTS  
       NO.  GLOBAL      6      7      8     18     19     20     22
        6  0.54202   1.000  0.393  0.341  0.393 -0.321  0.345 -0.147
        7  0.69900   0.393  1.000  0.395  0.243 -0.389  0.241 -0.329
        8  0.74623   0.341  0.395  1.000  0.395 -0.301  0.337  0.251
       18  0.69902   0.393  0.243  0.395  1.000 -0.389  0.241 -0.329
       19  0.62771  -0.321 -0.389 -0.301 -0.389  1.000 -0.441  0.029
       20  0.55719   0.345  0.241  0.337  0.241 -0.441  1.000 -0.109
       22  0.71697  -0.147 -0.329  0.251 -0.329  0.029 -0.109  1.000
 ERR MATRIX NOT POS-DEF
MINUIT - FIT ONLY 1-CBO
 **********
 **   29 **RES 
 **********
                   PARAMETER   14  ANy2 RESTORED TO VARIABLE.
                   PARAMETER    4  phi RESTORED TO VARIABLE.
                   PARAMETER    3  A0 RESTORED TO VARIABLE.
                   PARAMETER    1  N0 RESTORED TO VARIABLE.
 **********
 **   30 **FIX            0
 **********
 PARAMETER    0  IS UNDEFINED. IGNORED.
 **********
 **   31 **FIX            1
 **********
 **********
 **   32 **FIX            2
 **********
 PARAMETER    2  IS CONSTANT.   IGNORED.
 **********
 **   33 **FIX            3
 **********
 **********
 **   34 **FIX            4
 **********
 **********
 **   35 **FIX            8
 **********
 **********
 **   36 **FIX            9
 **********
 PARAMETER    9  IS CONSTANT.   IGNORED.
 **********
 **   37 **FIX           11
 **********
 PARAMETER   11  IS CONSTANT.   IGNORED.
 **********
 **   38 **FIX           12
 **********
 PARAMETER   12  IS CONSTANT.   IGNORED.
 **********
 **   39 **FIX           13
 **********
 PARAMETER   13  IS CONSTANT.   IGNORED.
 **********
 **   40 **FIX           15
 **********
 PARAMETER   15  IS CONSTANT.   IGNORED.
 **********
 **   41 **FIX           16
 **********
 PARAMETER   16  IS CONSTANT.   IGNORED.
 **********
 **   42 **MIGRAD
 **********
 START MIGRAD MINIMIZATION.  STRATEGY  1.  CONVERGENCE WHEN EDM .LT. 1.00e-04
 FCN=2833.12 FROM MIGRAD    STATUS=INITIATE       16 CALLS         338 TOTAL
                     EDM= unknown      STRATEGY= 1      NO ERROR MATRIX       
  EXT PARAMETER               CURRENT GUESS       STEP         FIRST   
  NO.   NAME      VALUE            ERROR          SIZE      DERIVATIVE 
   1  N0           3.00087e+06     fixed    
   2  tau          6.44001e+01   constant   
   3  A0           3.49583e-01     fixed    
   4  phi          4.11719e+00     fixed    
   5  R           -6.22301e+01   constant   
   6  A_CBO       -1.44541e-03   1.67676e-04  -0.00000e+00   8.05280e+04
   7  w_CBO        2.32629e+00   3.83899e-08  -0.00000e+00   7.86272e+07
   8  phi_CBO      1.00610e+00     fixed    
   9  ANx2         8.68669e-04   constant   
  10  pNx2         4.82289e+00   constant   
  11  ANy1         0.00000e+00   constant   
  12  pNy1         0.00000e+00   constant   
  13  w_y          0.00000e+00   constant   
  14  ANy2         6.17882e-03   1.00000e-04   1.00000e-04   4.13641e+05
  15  pNy2         1.49923e+00   constant   
  16  w_vw         1.43037e+01   constant   
  17  LM          -2.26665e-04   constant   
  18  wCBO_expCoeff   2.00001e+02   3.30064e-06  -0.00000e+00   9.14622e+05
  19  wCBO_expOffset   2.00000e+02   1.65506e-06   0.00000e+00  -1.68047e+05
  20  wCBO_expT    3.00000e+01   5.71603e-07  -0.00000e+00  -7.98024e+05
  21  wCBO_linCoeff   0.00000e+00   constant   
  22  wCBO_const   3.24173e-03   1.72745e-04   0.00000e+00   2.44178e+04
 MIGRAD FAILS TO FIND IMPROVEMENT
 FCN=1817.07 FROM HESSE     STATUS=NOT POSDEF     58 CALLS         439 TOTAL
                     EDM=1455.16    STRATEGY= 1      ERR MATRIX NOT POS-DEF
  EXT PARAMETER                APPROXIMATE        STEP         FIRST   
  NO.   NAME      VALUE            ERROR          SIZE      DERIVATIVE 
   1  N0           3.00087e+06     fixed    
   2  tau          6.44001e+01   constant   
   3  A0           3.49583e-01     fixed    
   4  phi          4.11719e+00     fixed    
   5  R           -6.22301e+01   constant   
   6  A_CBO       -1.74254e-03   9.61074e-04   3.26568e-06  -4.59197e+04
   7  w_CBO        2.32629e+00   6.13906e-07   1.10926e-06  -1.31098e+08
   8  phi_CBO      1.00610e+00     fixed    
   9  ANx2         8.68669e-04   constant   
  10  pNx2         4.82289e+00   constant   
  11  ANy1         0.00000e+00   constant   
  12  pNy1         0.00000e+00   constant   
  13  w_y          0.00000e+00   constant   
  14  ANy2         1.43702e-03   4.51461e-04   3.17735e-06   1.75461e+04
  15  pNy2         1.49923e+00   constant   
  16  w_vw         1.43037e+01   constant   
  17  LM          -2.26665e-04   constant   
  18  wCBO_expCoeff   2.00001e+02   5.27823e-05   9.53678e-05  -1.52475e+06
  19  wCBO_expOffset   2.00000e+02   4.79519e-05   9.53674e-05  -9.91826e+05
  20  wCBO_expT    3.00000e+01   2.90239e-06   1.43051e-05   3.80502e+07
  21  wCBO_linCoeff   0.00000e+00   constant   
  22  wCBO_const   2.11551e-03   3.76669e-03   6.56944e-06  -2.18289e+04
 MIGRAD FAILS TO FIND IMPROVEMENT
 MIGRAD TERMINATED WITHOUT CONVERGENCE.
 FCN=1803.8 FROM MIGRAD    STATUS=FAILED        165 CALLS         487 TOTAL
                     EDM=1087.59    STRATEGY= 1      ERR MATRIX NOT POS-DEF
  EXT PARAMETER                APPROXIMATE        STEP         FIRST   
  NO.   NAME      VALUE            ERROR          SIZE      DERIVATIVE 
   1  N0           3.00087e+06     fixed    
   2  tau          6.44001e+01   constant   
   3  A0           3.49583e-01     fixed    
   4  phi          4.11719e+00     fixed    
   5  R           -6.22301e+01   constant   
   6  A_CBO       -1.67661e-03   4.79237e-04   0.00000e+00  -3.79978e+04
   7  w_CBO        2.32629e+00   2.98581e-07   0.00000e+00   1.21960e+07
   8  phi_CBO      1.00610e+00     fixed    
   9  ANx2         8.68669e-04   constant   
  10  pNx2         4.82289e+00   constant   
  11  ANy1         0.00000e+00   constant   
  12  pNy1         0.00000e+00   constant   
  13  w_y          0.00000e+00   constant   
  14  ANy2         1.40710e-03   2.39559e-04  -0.00000e+00   5.79489e+03
  15  pNy2         1.49923e+00   constant   
  16  w_vw         1.43037e+01   constant   
  17  LM          -2.26665e-04   constant   
  18  wCBO_expCoeff   2.00001e+02   2.56713e-05   0.00000e+00   1.41899e+05
  19  wCBO_expOffset   2.00000e+02   2.35064e-05   0.00000e+00  -7.32792e+04
  20  wCBO_expT    3.00000e+01   1.28102e-06   0.00000e+00  -6.15464e+06
  21  wCBO_linCoeff   0.00000e+00   constant   
  22  wCBO_const   1.85924e-03   2.03152e-03  -0.00000e+00   5.55607e+03
 EXTERNAL ERROR MATRIX.    NDIM=  25    NPAR=  7    ERR DEF=1
  2.297e-07  1.368e-10 -9.755e-08  1.177e-08  1.077e-08  5.929e-10 -9.421e-07 
  1.368e-10  8.915e-14 -6.075e-11  7.460e-12  6.840e-12  3.792e-13 -6.019e-10 
 -9.755e-08 -6.075e-11  5.739e-08 -5.223e-09 -4.786e-09 -2.634e-10  4.228e-07 
  1.177e-08  7.460e-12 -5.223e-09  6.590e-10  5.881e-10  3.260e-11 -5.175e-08 
  1.077e-08  6.840e-12 -4.786e-09  5.881e-10  5.526e-10  2.983e-11 -4.701e-08 
  5.929e-10  3.792e-13 -2.634e-10  3.260e-11  2.983e-11  1.641e-12 -2.598e-09 
 -9.421e-07 -6.019e-10  4.228e-07 -5.175e-08 -4.701e-08 -2.598e-09  4.127e-06 
ERR MATRIX NOT POS-DEF
 PARAMETER  CORRELATION COEFFICIENTS  
       NO.  GLOBAL      6      7     14     18     19     20     22
        6  0.98006   1.000  0.956 -0.850  0.956  0.956  0.966 -0.968
        7  0.99962   0.956  1.000 -0.849  0.973  0.975  0.991 -0.992
       14  0.95035  -0.850 -0.849  1.000 -0.849 -0.850 -0.858  0.869
       18  0.99962   0.956  0.973 -0.849  1.000  0.975  0.991 -0.992
       19  0.99873   0.956  0.975 -0.850  0.975  1.000  0.991 -0.984
       20  0.99983   0.966  0.991 -0.858  0.991  0.991  1.000 -0.998
       22  0.99982  -0.968 -0.992  0.869 -0.992 -0.984 -0.998  1.000
 ERR MATRIX NOT POS-DEF
MINUIT - FIT ONLY 2-CBO
 **********
 **   43 **RES 
 **********
                   PARAMETER    8  phi_CBO RESTORED TO VARIABLE.
                   PARAMETER    4  phi RESTORED TO VARIABLE.
                   PARAMETER    3  A0 RESTORED TO VARIABLE.
                   PARAMETER    1  N0 RESTORED TO VARIABLE.
 **********
 **   44 **FIX            0
 **********
 PARAMETER    0  IS UNDEFINED. IGNORED.
 **********
 **   45 **FIX            1
 **********
 **********
 **   46 **FIX            2
 **********
 PARAMETER    2  IS CONSTANT.   IGNORED.
 **********
 **   47 **FIX            3
 **********
 **********
 **   48 **FIX            4
 **********
 **********
 **   49 **FIX            5
 **********
 PARAMETER    5  IS CONSTANT.   IGNORED.
 **********
 **   50 **FIX            6
 **********
 **********
 **   51 **FIX            7
 **********
 **********
 **   52 **FIX           10
 **********
 PARAMETER   10  IS CONSTANT.   IGNORED.
 **********
 **   53 **FIX           11
 **********
 PARAMETER   11  IS CONSTANT.   IGNORED.
 **********
 **   54 **FIX           12
 **********
 PARAMETER   12  IS CONSTANT.   IGNORED.
 **********
 **   55 **FIX           13
 **********
 PARAMETER   13  IS CONSTANT.   IGNORED.
 **********
 **   56 **FIX           14
 **********
 **********
 **   57 **FIX           15
 **********
 PARAMETER   15  IS CONSTANT.   IGNORED.
 **********
 **   58 **FIX           16
 **********
 PARAMETER   16  IS CONSTANT.   IGNORED.
 **********
 **   59 **MIGRAD
 **********
 START MIGRAD MINIMIZATION.  STRATEGY  1.  CONVERGENCE WHEN EDM .LT. 1.00e-04
 FCN=1803.8 FROM MIGRAD    STATUS=INITIATE       10 CALLS         497 TOTAL
                     EDM= unknown      STRATEGY= 1      NO ERROR MATRIX       
  EXT PARAMETER               CURRENT GUESS       STEP         FIRST   
  NO.   NAME      VALUE            ERROR          SIZE      DERIVATIVE 
   1  N0           3.00087e+06     fixed    
   2  tau          6.44001e+01   constant   
   3  A0           3.49583e-01     fixed    
   4  phi          4.11719e+00     fixed    
   5  R           -6.22301e+01   constant   
   6  A_CBO       -1.67661e-03     fixed    
   7  w_CBO        2.32629e+00     fixed    
   8  phi_CBO      1.00610e+00   8.31494e-02   8.31494e-02   3.60719e+01
   9  ANx2         8.68669e-04   constant   
  10  pNx2         4.82289e+00   constant   
  11  ANy1         0.00000e+00   constant   
  12  pNy1         0.00000e+00   constant   
  13  w_y          0.00000e+00   constant   
  14  ANy2         1.40710e-03     fixed    
  15  pNy2         1.49923e+00   constant   
  16  w_vw         1.43037e+01   constant   
  17  LM          -2.26665e-04   constant   
  18  wCBO_expCoeff   2.00001e+02   2.56713e-05   0.00000e+00   1.41899e+05
  19  wCBO_expOffset   2.00000e+02   2.35064e-05   0.00000e+00  -7.32792e+04
  20  wCBO_expT    3.00000e+01   1.28102e-06   0.00000e+00  -6.15464e+06
  21  wCBO_linCoeff   0.00000e+00   constant   
  22  wCBO_const   1.85924e-03   2.03152e-03  -0.00000e+00   5.55606e+03
 MIGRAD FAILS TO FIND IMPROVEMENT
 FCN=1801.67 FROM HESSE     STATUS=NOT POSDEF     37 CALLS         557 TOTAL
                     EDM=3054.78    STRATEGY= 1      ERR MATRIX NOT POS-DEF
  EXT PARAMETER                APPROXIMATE        STEP         FIRST   
  NO.   NAME      VALUE            ERROR          SIZE      DERIVATIVE 
   1  N0           3.00087e+06     fixed    
   2  tau          6.44001e+01   constant   
   3  A0           3.49583e-01     fixed    
   4  phi          4.11719e+00     fixed    
   5  R           -6.22301e+01   constant   
   6  A_CBO       -1.67661e-03     fixed    
   7  w_CBO        2.32629e+00     fixed    
   8  phi_CBO      9.90923e-01   1.14908e+00   2.09548e-03   4.49379e+01
   9  ANx2         8.68669e-04   constant   
  10  pNx2         4.82289e+00   constant   
  11  ANy1         0.00000e+00   constant   
  12  pNy1         0.00000e+00   constant   
  13  w_y          0.00000e+00   constant   
  14  ANy2         1.40710e-03     fixed    
  15  pNy2         1.49923e+00   constant   
  16  w_vw         1.43037e+01   constant   
  17  LM          -2.26665e-04   constant   
  18  wCBO_expCoeff   2.00001e+02   5.87853e-05   9.53678e-05  -1.67430e+04
  19  wCBO_expOffset   2.00000e+02   5.21311e-05   9.53674e-05  -7.22898e+05
  20  wCBO_expT    3.00000e+01   8.43857e-06   1.43051e-05   1.15170e+07
  21  wCBO_linCoeff   0.00000e+00   constant   
  22  wCBO_const   1.83232e-03   4.46032e-04   7.10944e-06  -5.51531e+02
 MIGRAD FAILS TO FIND IMPROVEMENT
 MIGRAD TERMINATED WITHOUT CONVERGENCE.
 FCN=1796.66 FROM MIGRAD    STATUS=FAILED        119 CALLS         606 TOTAL
                     EDM=31.0901    STRATEGY= 1      ERR MATRIX NOT POS-DEF
  EXT PARAMETER                APPROXIMATE        STEP         FIRST   
  NO.   NAME      VALUE            ERROR          SIZE      DERIVATIVE 
   1  N0           3.00087e+06     fixed    
   2  tau          6.44001e+01   constant   
   3  A0           3.49583e-01     fixed    
   4  phi          4.11719e+00     fixed    
   5  R           -6.22301e+01   constant   
   6  A_CBO       -1.67661e-03     fixed    
   7  w_CBO        2.32629e+00     fixed    
   8  phi_CBO      6.44003e-01   1.48819e-01  -0.00000e+00   8.45096e+00
   9  ANx2         8.68669e-04   constant   
  10  pNx2         4.82289e+00   constant   
  11  ANy1         0.00000e+00   constant   
  12  pNy1         0.00000e+00   constant   
  13  w_y          0.00000e+00   constant   
  14  ANy2         1.40710e-03     fixed    
  15  pNy2         1.49923e+00   constant   
  16  w_vw         1.43037e+01   constant   
  17  LM          -2.26665e-04   constant   
  18  wCBO_expCoeff   2.00001e+02   9.56921e-06  -0.00000e+00  -6.21545e+04
  19  wCBO_expOffset   2.00000e+02   9.08567e-06  -0.00000e+00   1.21113e+05
  20  wCBO_expT    3.00000e+01   3.48483e-07  -0.00000e+00  -5.97978e+06
  21  wCBO_linCoeff   0.00000e+00   constant   
  22  wCBO_const   1.89447e-03   2.40568e-04   0.00000e+00  -8.95162e+03
 EXTERNAL ERROR MATRIX.    NDIM=  25    NPAR=  5    ERR DEF=1
  2.215e-02  1.043e-06  8.496e-07  2.952e-08 -1.839e-05 
  1.043e-06  9.157e-11  6.655e-11  2.218e-12 -1.465e-09 
  8.496e-07  6.655e-11  8.255e-11  2.803e-12 -9.418e-10 
  2.952e-08  2.218e-12  2.803e-12  1.214e-13 -4.342e-11 
 -1.839e-05 -1.465e-09 -9.418e-10 -4.342e-11  5.787e-08 
ERR MATRIX NOT POS-DEF
 PARAMETER  CORRELATION COEFFICIENTS  
       NO.  GLOBAL      8     18     19     20     22
        8  0.74356   1.000  0.732  0.628  0.569 -0.514
       18  0.87483   0.732  1.000  0.765  0.665 -0.636
       19  0.93026   0.628  0.765  1.000  0.885 -0.431
       20  0.90570   0.569  0.665  0.885  1.000 -0.518
       22  0.71773  -0.514 -0.636 -0.431 -0.518  1.000
 ERR MATRIX NOT POS-DEF
MINUIT - FIT ONLY 1-y
 **********
 **   60 **RES 
 **********
                   PARAMETER   14  ANy2 RESTORED TO VARIABLE.
                   PARAMETER    7  w_CBO RESTORED TO VARIABLE.
                   PARAMETER    6  A_CBO RESTORED TO VARIABLE.
                   PARAMETER    4  phi RESTORED TO VARIABLE.
                   PARAMETER    3  A0 RESTORED TO VARIABLE.
                   PARAMETER    1  N0 RESTORED TO VARIABLE.
 **********
 **   61 **FIX            0
 **********
 PARAMETER    0  IS UNDEFINED. IGNORED.
 **********
 **   62 **FIX            1
 **********
 **********
 **   63 **FIX            2
 **********
 PARAMETER    2  IS CONSTANT.   IGNORED.
 **********
 **   64 **FIX            3
 **********
 **********
 **   65 **FIX            4
 **********
 **********
 **   66 **FIX            5
 **********
 PARAMETER    5  IS CONSTANT.   IGNORED.
 **********
 **   67 **FIX            6
 **********
 **********
 **   68 **FIX            7
 **********
 **********
 **   69 **FIX            8
 **********
 **********
 **   70 **FIX            9
 **********
 PARAMETER    9  IS CONSTANT.   IGNORED.
 **********
 **   71 **FIX           13
 **********
 PARAMETER   13  IS CONSTANT.   IGNORED.
 **********
 **   72 **FIX           14
 **********
 **********
 **   73 **FIX           15
 **********
 PARAMETER   15  IS CONSTANT.   IGNORED.
 **********
 **   74 **FIX           16
 **********
 PARAMETER   16  IS CONSTANT.   IGNORED.
 **********
 **   75 **MIGRAD
 **********
 START MIGRAD MINIMIZATION.  STRATEGY  1.  CONVERGENCE WHEN EDM .LT. 1.00e-04
 FCN=1796.66 FROM MIGRAD    STATUS=INITIATE        8 CALLS         614 TOTAL
                     EDM= unknown      STRATEGY= 1      NO ERROR MATRIX       
  EXT PARAMETER               CURRENT GUESS       STEP         FIRST   
  NO.   NAME      VALUE            ERROR          SIZE      DERIVATIVE 
   1  N0           3.00087e+06     fixed    
   2  tau          6.44001e+01   constant   
   3  A0           3.49583e-01     fixed    
   4  phi          4.11719e+00     fixed    
   5  R           -6.22301e+01   constant   
   6  A_CBO       -1.67661e-03     fixed    
   7  w_CBO        2.32629e+00     fixed    
   8  phi_CBO      6.44003e-01     fixed    
   9  ANx2         8.68669e-04   constant   
  10  pNx2         4.82289e+00   constant   
  11  ANy1         0.00000e+00   constant   
  12  pNy1         0.00000e+00   constant   
  13  w_y          0.00000e+00   constant   
  14  ANy2         1.40710e-03     fixed    
  15  pNy2         1.49923e+00   constant   
  16  w_vw         1.43037e+01   constant   
  17  LM          -2.26665e-04   constant   
  18  wCBO_expCoeff   2.00001e+02   9.56921e-06  -0.00000e+00  -6.21545e+04
  19  wCBO_expOffset   2.00000e+02   9.08567e-06  -0.00000e+00   1.21113e+05
  20  wCBO_expT    3.00000e+01   3.48483e-07  -0.00000e+00  -5.97978e+06
  21  wCBO_linCoeff   0.00000e+00   constant   
  22  wCBO_const   1.89447e-03   2.40568e-04   0.00000e+00  -8.95162e+03
 MIGRAD FAILS TO FIND IMPROVEMENT
 FCN=1796.66 FROM HESSE     STATUS=NOT POSDEF     29 CALLS         651 TOTAL
                     EDM=2220.93    STRATEGY= 1      ERR MATRIX NOT POS-DEF
  EXT PARAMETER                APPROXIMATE        STEP         FIRST   
  NO.   NAME      VALUE            ERROR          SIZE      DERIVATIVE 
   1  N0           3.00087e+06     fixed    
   2  tau          6.44001e+01   constant   
   3  A0           3.49583e-01     fixed    
   4  phi          4.11719e+00     fixed    
   5  R           -6.22301e+01   constant   
   6  A_CBO       -1.67661e-03     fixed    
   7  w_CBO        2.32629e+00     fixed    
   8  phi_CBO      6.44003e-01     fixed    
   9  ANx2         8.68669e-04   constant   
  10  pNx2         4.82289e+00   constant   
  11  ANy1         0.00000e+00   constant   
  12  pNy1         0.00000e+00   constant   
  13  w_y          0.00000e+00   constant   
  14  ANy2         1.40710e-03     fixed    
  15  pNy2         1.49923e+00   constant   
  16  w_vw         1.43037e+01   constant   
  17  LM          -2.26665e-04   constant   
  18  wCBO_expCoeff   2.00001e+02   8.04966e-05   9.53678e-05  -6.22296e+05
  19  wCBO_expOffset   2.00000e+02   6.46910e-05   9.53674e-05  -2.41118e+06
  20  wCBO_expT    3.00000e+01   5.64982e-06   1.43051e-05   1.37734e+07
  21  wCBO_linCoeff   0.00000e+00   constant   
  22  wCBO_const   1.89447e-03   4.01180e-03   6.77540e-06  -8.95163e+03
 MIGRAD FAILS TO FIND IMPROVEMENT
 MIGRAD TERMINATED WITHOUT CONVERGENCE.
 FCN=1794.46 FROM MIGRAD    STATUS=FAILED        171 CALLS         777 TOTAL
                     EDM=956.332    STRATEGY= 1      ERR MATRIX NOT POS-DEF
  EXT PARAMETER                APPROXIMATE        STEP         FIRST   
  NO.   NAME      VALUE            ERROR          SIZE      DERIVATIVE 
   1  N0           3.00087e+06     fixed    
   2  tau          6.44001e+01   constant   
   3  A0           3.49583e-01     fixed    
   4  phi          4.11719e+00     fixed    
   5  R           -6.22301e+01   constant   
   6  A_CBO       -1.67661e-03     fixed    
   7  w_CBO        2.32629e+00     fixed    
   8  phi_CBO      6.44003e-01     fixed    
   9  ANx2         8.68669e-04   constant   
  10  pNx2         4.82289e+00   constant   
  11  ANy1         0.00000e+00   constant   
  12  pNy1         0.00000e+00   constant   
  13  w_y          0.00000e+00   constant   
  14  ANy2         1.40710e-03     fixed    
  15  pNy2         1.49923e+00   constant   
  16  w_vw         1.43037e+01   constant   
  17  LM          -2.26665e-04   constant   
  18  wCBO_expCoeff   2.00001e+02   1.00000e+00  -0.00000e+00   2.49784e+05
  19  wCBO_expOffset   2.00000e+02   1.00000e+00  -0.00000e+00   2.73931e+05
  20  wCBO_expT    3.00000e+01   1.00000e+00   0.00000e+00  -5.05006e+06
  21  wCBO_linCoeff   0.00000e+00   constant   
  22  wCBO_const   1.33417e-03   1.00000e+00  -0.00000e+00   1.53730e+03
 EXTERNAL ERROR MATRIX.    NDIM=  25    NPAR=  4    ERR DEF=1
  1.000e+00 -6.482e-10 -1.536e-10  1.765e-08 
 -6.482e-10  1.000e+00 -3.762e-10  4.680e-08 
 -1.536e-10 -3.762e-10  1.000e+00  1.113e-08 
  1.765e-08  4.680e-08  1.113e-08  1.000e+00 
ERR MATRIX NOT POS-DEF
 PARAMETER  CORRELATION COEFFICIENTS  
       NO.  GLOBAL     18     19     20     22
       18  0.00000   1.000 -0.000 -0.000  0.000
       19  0.00000  -0.000  1.000 -0.000  0.000
       20  0.00000  -0.000 -0.000  1.000  0.000
       22  0.00000   0.000  0.000  0.000  1.000
 ERR MATRIX NOT POS-DEF
MINUIT - FIT ONLY 2-y
 **********
 **   76 **RES 
 **********
                   PARAMETER   14  ANy2 RESTORED TO VARIABLE.
                   PARAMETER    8  phi_CBO RESTORED TO VARIABLE.
                   PARAMETER    7  w_CBO RESTORED TO VARIABLE.
                   PARAMETER    6  A_CBO RESTORED TO VARIABLE.
                   PARAMETER    4  phi RESTORED TO VARIABLE.
                   PARAMETER    3  A0 RESTORED TO VARIABLE.
                   PARAMETER    1  N0 RESTORED TO VARIABLE.
 **********
 **   77 **FIX            0
