 + ++++++++++++++++++++++++++++++++++++++++++++++++++++++++++++++++++++ +
 +                                                                      +
 +           You have chose to blind your fitting according to          +
 +                omega_ref * (1 + (R +/- deltaR) *10^{-6})             +
 +                                                                      +
 + ++++++++++++++++++++++++++++++++++++++++++++++++++++++++++++++++++++ +
In main()...
reading format from /gm2data/zkhechad/run45/envelope/formats/formatB_sBin_constraintOn.txt
pBinTau 	= 0  
pBinPhi 	= 0  
constraintau 	= 1 
includeMopTerm 	= 0    
constrainMop    = 0   
Parameters after format file: pBinTau 0 pBinPhi 0 constraintau 1 includeMopTerm 0 constrainMop 0 c_e_scale 0.000000 
reading cbo reference file (full fit) from /gm2data/zkhechad/cboTemplates/Run4CBOTemplates/fullFits/run4/sBin_constraintOn_cE0.0_seed0_run4_calo19.root
A_CBO 0.009558 w_CBO 2.327254 phi_CBO 0.902980 N0 3088607.252134 R -60.257448 tau 64.400175 
Reading cboRef file /gm2data/zkhechad/cboTemplates/Run4CBOTemplates//cboIsolate/run4_calo19.root
deltaT 164.120000
windowBins = 1100
fitting sliding window 2560 from bin 2763 at 412.239600 to bin 3863 at 576.359600 (1100 bins)

Reading data from /gm2data/cornell/histograms/aMethod/histogram_a_run4.root
fitting cbo isolate
 **********
 **    1 **SET PRINTOUT            1
 **********
 **********
 **    2 **SET NOWARNINGS 
 **********
 PARAMETER DEFINITIONS:
    NO.   NAME         VALUE      STEP SIZE      LIMITS
     1 A_CBO        9.55751e-03  1.00000e-05     no limits
     2 w_CBO        2.32725e+00  1.00000e-02    2.00000e+00  3.00000e+00
     3 phi_CBO      9.02980e-01  1.00000e-02    0.00000e+00  6.28319e+00
 **********
 **    3 **MIGRAD
 **********
 FIRST CALL TO USER FUNCTION AT NEW START POINT, WITH IFLAG=4.
 START MIGRAD MINIMIZATION.  STRATEGY  1.  CONVERGENCE WHEN EDM .LT. 1.00e-04
 FCN=0.4003 FROM MIGRAD    STATUS=INITIATE       12 CALLS          13 TOTAL
                     EDM= unknown      STRATEGY= 1      NO ERROR MATRIX       
  EXT PARAMETER               CURRENT GUESS       STEP         FIRST   
  NO.   NAME      VALUE            ERROR          SIZE      DERIVATIVE 
   1  A_CBO        9.55751e-03   1.00000e-05   1.00000e-05   5.85192e+00
   2  w_CBO        2.32725e+00   1.00000e-02   2.13147e-02   2.34150e+00
   3  phi_CBO      9.02980e-01   1.00000e-02   4.53699e-03  -2.19773e-02
 MIGRAD MINIMIZATION HAS CONVERGED.
 MIGRAD WILL VERIFY CONVERGENCE AND ERROR MATRIX.
 COVARIANCE MATRIX CALCULATED SUCCESSFULLY
 FCN=0.384242 FROM MIGRAD    STATUS=CONVERGED      54 CALLS          55 TOTAL
                     EDM=3.89502e-05    STRATEGY= 1      ERROR MATRIX ACCURATE 
  EXT PARAMETER                                   STEP         FIRST   
  NO.   NAME      VALUE            ERROR          SIZE      DERIVATIVE 
   1  A_CBO        4.34927e-03   4.26085e-02   2.44681e-05   4.25445e-03
   2  w_CBO        2.32705e+00   2.20140e-01   2.39433e-05  -1.08814e-02
   3  phi_CBO      1.02098e+00   3.17358e+00   2.43663e-03  -6.98382e-05
 EXTERNAL ERROR MATRIX.    NDIM=  25    NPAR=  3    ERR DEF=1
  1.815e-03 -2.411e-04 -1.240e-01 
 -2.411e-04  5.251e-02  2.662e+01 
 -1.240e-01  2.662e+01  1.359e+04 
 PARAMETER  CORRELATION COEFFICIENTS  
       NO.  GLOBAL      1      2      3
        1  0.02507   1.000 -0.025 -0.025
        2  0.99645  -0.025  1.000  0.996
        3  0.99645  -0.025  0.996  1.000
setting A_CBO=0.004349 w_CBO=2.327049, phi_CBO=1.020982
done fitting cbo isolate
 **********
 **    1 **SET PRINTOUT            1
 **********
 **********
 **    2 **SET NOWARNINGS 
 **********
 PARAMETER DEFINITIONS:
    NO.   NAME         VALUE      STEP SIZE      LIMITS
     1 N0           3.08861e+06  1.00000e+02     no limits
     2 tau          6.44002e+01  constant
     3 A0           3.48093e-01  1.00000e-04     no limits
     4 phi          4.13197e+00  1.00000e-02     no limits
     5 R           -6.02574e+01  constant
     6 A_CBO        4.34927e-03  1.00000e-05     no limits
     7 w_CBO        2.32705e+00  1.00000e-03     no limits
     8 phi_CBO      1.02098e+00  1.00000e-04     no limits
     9 ANx2         2.45054e-04  constant
    10 pNx2         5.52114e+00  constant
    11 ANy1         0.00000e+00  constant
    12 pNy1         0.00000e+00  constant
    13 w_y          0.00000e+00  constant
    14 ANy2         1.46670e-02  1.00000e-04     no limits
    15 pNy2         3.05066e+00  constant
    16 w_vw         1.43134e+01  constant
    17 LM          -3.45580e-05  constant
    18 wCBO_expCoeff   2.00000e+02  1.00000e+00     no limits
    19 wCBO_expOffset   2.00000e+02  1.00000e+00     no limits
    20 wCBO_expT    3.00000e+01  1.00000e+00     no limits
    21 wCBO_linCoeff   0.00000e+00  constant
    22 wCBO_const   0.00000e+00  1.00000e-02     no limits
MINUIT - FIT ONLY WIGGLE
 **********
 **    3 **FIX            5
 **********
 PARAMETER    5  IS CONSTANT.   IGNORED.
 **********
 **    4 **FIX            6
 **********
 **********
 **    5 **FIX            7
 **********
 **********
 **    6 **FIX            8
 **********
 **********
 **    7 **FIX            9
 **********
 PARAMETER    9  IS CONSTANT.   IGNORED.
 **********
 **    8 **FIX           10
 **********
 PARAMETER   10  IS CONSTANT.   IGNORED.
 **********
 **    9 **FIX           11
 **********
 PARAMETER   11  IS CONSTANT.   IGNORED.
 **********
 **   10 **FIX           12
 **********
 PARAMETER   12  IS CONSTANT.   IGNORED.
 **********
 **   11 **FIX           13
 **********
 PARAMETER   13  IS CONSTANT.   IGNORED.
 **********
 **   12 **FIX           14
 **********
 **********
 **   13 **FIX           15
 **********
 PARAMETER   15  IS CONSTANT.   IGNORED.
 **********
 **   14 **FIX           16
 **********
 PARAMETER   16  IS CONSTANT.   IGNORED.
 **********
 **   15 **MIGRAD
 **********
 FIRST CALL TO USER FUNCTION AT NEW START POINT, WITH IFLAG=4.
 START MIGRAD MINIMIZATION.  STRATEGY  1.  CONVERGENCE WHEN EDM .LT. 1.00e-04
 FCN=498.409 FROM MIGRAD    STATUS=INITIATE       26 CALLS          27 TOTAL
                     EDM= unknown      STRATEGY= 1      NO ERROR MATRIX       
  EXT PARAMETER               CURRENT GUESS       STEP         FIRST   
  NO.   NAME      VALUE            ERROR          SIZE      DERIVATIVE 
   1  N0           3.08861e+06   1.00000e+02   1.00000e+02   8.79553e-04
   2  tau          6.44002e+01   constant   
   3  A0           3.48093e-01   1.00000e-04   1.00000e-04  -2.19300e+02
   4  phi          4.13197e+00   1.00000e-02   1.00000e-02  -7.52324e+01
   5  R           -6.02574e+01   constant   
   6  A_CBO        4.34927e-03     fixed    
   7  w_CBO        2.32705e+00     fixed    
   8  phi_CBO      1.02098e+00     fixed    
   9  ANx2         2.45054e-04   constant   
  10  pNx2         5.52114e+00   constant   
  11  ANy1         0.00000e+00   constant   
  12  pNy1         0.00000e+00   constant   
  13  w_y          0.00000e+00   constant   
  14  ANy2         1.46670e-02     fixed    
  15  pNy2         3.05066e+00   constant   
  16  w_vw         1.43134e+01   constant   
  17  LM          -3.45580e-05   constant   
  18  wCBO_expCoeff   2.00000e+02   1.00000e+00   1.00000e+00  -3.16398e+00
  19  wCBO_expOffset   2.00000e+02   1.00000e+00   1.00000e+00  -2.10932e+01
  20  wCBO_expT    3.00000e+01   1.00000e+00   1.00000e+00  -1.60147e+02
  21  wCBO_linCoeff   0.00000e+00   constant   
  22  wCBO_const   0.00000e+00   1.00000e-02   1.00000e-02  -6.09502e+03
 MIGRAD MINIMIZATION HAS CONVERGED.
 FCN=489.212 FROM MIGRAD    STATUS=CONVERGED     247 CALLS         248 TOTAL
                     EDM=4.54588e-07    STRATEGY= 1  ERROR MATRIX UNCERTAINTY   2.2 per cent
  EXT PARAMETER                                   STEP         FIRST   
  NO.   NAME      VALUE            ERROR          SIZE      DERIVATIVE 
   1  N0           3.08517e+06   2.50525e+03   5.75958e+00   3.34409e-07
   2  tau          6.44002e+01   constant   
   3  A0           3.48496e-01   1.13707e-03  -1.35657e-06   2.56985e-01
   4  phi          4.13090e+00   3.34192e-03   6.06759e-06  -4.11903e-02
   5  R           -6.02574e+01   constant   
   6  A_CBO        4.34927e-03     fixed    
   7  w_CBO        2.32705e+00     fixed    
   8  phi_CBO      1.02098e+00     fixed    
   9  ANx2         2.45054e-04   constant   
  10  pNx2         5.52114e+00   constant   
  11  ANy1         0.00000e+00   constant   
  12  pNy1         0.00000e+00   constant   
  13  w_y          0.00000e+00   constant   
  14  ANy2         1.46670e-02     fixed    
  15  pNy2         3.05066e+00   constant   
  16  w_vw         1.43134e+01   constant   
  17  LM          -3.45580e-05   constant   
  18  wCBO_expCoeff   2.08202e+02   1.78708e+01   3.12409e-02  -4.19102e-04
  19  wCBO_expOffset   2.01232e+02   2.69305e+00   4.72242e-03  -2.94400e-03
  20  wCBO_expT    2.95997e+01   7.25032e-01  -1.27864e-03  -1.99801e-02
  21  wCBO_linCoeff   0.00000e+00   constant   
  22  wCBO_const   2.89899e-03   8.45331e-04   2.73642e-06   3.43793e-01
 EXTERNAL ERROR MATRIX.    NDIM=  25    NPAR=  7    ERR DEF=1
  6.276e+06  7.879e-02  1.750e-01  5.618e+03  8.456e+02 -2.232e+02  6.129e-02 
  7.879e-02  1.293e-06  1.392e-07  4.186e-03  6.313e-04 -1.667e-04 -4.507e-09 
  1.750e-01  1.392e-07  1.117e-05  4.651e-03  7.005e-04 -1.690e-04 -2.030e-07 
  5.618e+03  4.186e-03  4.651e-03  3.194e+02  4.800e+01 -1.294e+01  8.914e-03 
  8.456e+02  6.313e-04  7.005e-04  4.800e+01  7.253e+00 -1.950e+00  1.343e-03 
 -2.232e+02 -1.667e-04 -1.690e-04 -1.294e+01 -1.950e+00  5.257e-01 -3.771e-04 
  6.129e-02 -4.507e-09 -2.030e-07  8.914e-03  1.343e-03 -3.771e-04  7.146e-07 
 PARAMETER  CORRELATION COEFFICIENTS  
       NO.  GLOBAL      1      3      4     18     19     20     22
        1  0.14082   1.000  0.028  0.021  0.125  0.125 -0.123  0.029
        3  0.26278   0.028  1.000  0.037  0.206  0.206 -0.202 -0.005
        4  0.21457   0.021  0.037  1.000  0.078  0.078 -0.070 -0.072
       18  0.99910   0.125  0.206  0.078  1.000  0.997 -0.998  0.590
       19  0.99910   0.125  0.206  0.078  0.997  1.000 -0.999  0.590
       20  0.99968  -0.123 -0.202 -0.070 -0.998 -0.999  1.000 -0.615
       22  0.86279   0.029 -0.005 -0.072  0.590  0.590 -0.615  1.000
MINUIT - FIT ONLY 1-CBO + other amplitudes 
 **********
 **   16 **RES 
 **********
                   PARAMETER   14  ANy2 RESTORED TO VARIABLE.
                   PARAMETER    8  phi_CBO RESTORED TO VARIABLE.
                   PARAMETER    7  w_CBO RESTORED TO VARIABLE.
                   PARAMETER    6  A_CBO RESTORED TO VARIABLE.
 **********
 **   17 **FIX            0
 **********
 PARAMETER    0  IS UNDEFINED. IGNORED.
 **********
 **   18 **FIX            1
 **********
 **********
 **   19 **FIX            2
 **********
 PARAMETER    2  IS CONSTANT.   IGNORED.
 **********
 **   20 **FIX            3
 **********
 **********
 **   21 **FIX            4
 **********
 **********
 **   22 **FIX            9
 **********
 PARAMETER    9  IS CONSTANT.   IGNORED.
 **********
 **   23 **FIX           11
 **********
 PARAMETER   11  IS CONSTANT.   IGNORED.
 **********
 **   24 **FIX           12
 **********
 PARAMETER   12  IS CONSTANT.   IGNORED.
 **********
 **   25 **FIX           14
 **********
 **********
 **   26 **FIX           15
 **********
 PARAMETER   15  IS CONSTANT.   IGNORED.
 **********
 **   27 **FIX           16
 **********
 PARAMETER   16  IS CONSTANT.   IGNORED.
 **********
 **   28 **MIGRAD
 **********
 START MIGRAD MINIMIZATION.  STRATEGY  1.  CONVERGENCE WHEN EDM .LT. 1.00e-04
 FCN=489.212 FROM MIGRAD    STATUS=INITIATE       18 CALLS         266 TOTAL
                     EDM= unknown      STRATEGY= 1      NO ERROR MATRIX       
  EXT PARAMETER               CURRENT GUESS       STEP         FIRST   
  NO.   NAME      VALUE            ERROR          SIZE      DERIVATIVE 
   1  N0           3.08517e+06     fixed    
   2  tau          6.44002e+01   constant   
   3  A0           3.48496e-01     fixed    
   4  phi          4.13090e+00     fixed    
   5  R           -6.02574e+01   constant   
   6  A_CBO        4.34927e-03   1.00000e-05   1.00000e-05   3.87500e+03
   7  w_CBO        2.32705e+00   1.00000e-03   1.00000e-03   1.09716e-01
   8  phi_CBO      1.02098e+00   1.00000e-04   1.00000e-04  -5.04667e-02
   9  ANx2         2.45054e-04   constant   
  10  pNx2         5.52114e+00   constant   
  11  ANy1         0.00000e+00   constant   
  12  pNy1         0.00000e+00   constant   
  13  w_y          0.00000e+00   constant   
  14  ANy2         1.46670e-02     fixed    
  15  pNy2         3.05066e+00   constant   
  16  w_vw         1.43134e+01   constant   
  17  LM          -3.45580e-05   constant   
  18  wCBO_expCoeff   2.08202e+02   1.78708e+01   3.12409e-02  -4.19103e-04
  19  wCBO_expOffset   2.01232e+02   2.69305e+00   4.72242e-03  -2.94400e-03
  20  wCBO_expT    2.95997e+01   7.25032e-01  -1.27864e-03  -1.99801e-02
  21  wCBO_linCoeff   0.00000e+00   constant   
  22  wCBO_const   2.89899e-03   8.45331e-04   2.73642e-06   3.43788e-01
 MIGRAD MINIMIZATION HAS CONVERGED.
 MIGRAD WILL VERIFY CONVERGENCE AND ERROR MATRIX.
 FCN=484.339 FROM HESSE     STATUS=NOT POSDEF     50 CALLS         417 TOTAL
                     EDM=0.000158829    STRATEGY= 1      ERR MATRIX NOT POS-DEF
  EXT PARAMETER                APPROXIMATE        STEP         FIRST   
  NO.   NAME      VALUE            ERROR          SIZE      DERIVATIVE 
   1  N0           3.08517e+06     fixed    
   2  tau          6.44002e+01   constant   
   3  A0           3.48496e-01     fixed    
   4  phi          4.13090e+00     fixed    
   5  R           -6.02574e+01   constant   
   6  A_CBO        1.83374e-03   1.13387e-03   1.21928e-05   3.49377e-01
   7  w_CBO        2.32681e+00   1.07804e-02   1.37847e-05   1.22135e+00
   8  phi_CBO      7.57738e-01   1.82681e+00   7.02115e-03  -1.59472e-03
   9  ANx2         2.45054e-04   constant   
  10  pNx2         5.52114e+00   constant   
  11  ANy1         0.00000e+00   constant   
  12  pNy1         0.00000e+00   constant   
  13  w_y          0.00000e+00   constant   
  14  ANy2         1.46670e-02     fixed    
  15  pNy2         3.05066e+00   constant   
  16  w_vw         1.43134e+01   constant   
  17  LM          -3.45580e-05   constant   
  18  wCBO_expCoeff   2.08229e+02   1.54008e+01   1.51648e-02   1.37437e-03
  19  wCBO_expOffset   2.01236e+02   2.19143e+00   2.15557e-03   9.66842e-03
  20  wCBO_expT    2.96003e+01   2.80485e-01   2.88924e-04  -1.74788e-02
  21  wCBO_linCoeff   0.00000e+00   constant   
  22  wCBO_const   2.77839e-03   4.65706e-03   6.34803e-06   2.54859e+00
 MIGRAD MINIMIZATION HAS CONVERGED.
 MIGRAD WILL VERIFY CONVERGENCE AND ERROR MATRIX.
 FCN=484.337 FROM MIGRAD    STATUS=CONVERGED     252 CALLS         500 TOTAL
                     EDM=3.36826e-07    STRATEGY= 1      ERR MATRIX NOT POS-DEF
  EXT PARAMETER                APPROXIMATE        STEP         FIRST   
  NO.   NAME      VALUE            ERROR          SIZE      DERIVATIVE 
   1  N0           3.08517e+06     fixed    
   2  tau          6.44002e+01   constant   
   3  A0           3.48496e-01     fixed    
   4  phi          4.13090e+00     fixed    
   5  R           -6.02574e+01   constant   
   6  A_CBO        1.83483e-03   1.13270e-03   1.21850e-05  -1.17030e-01
   7  w_CBO        2.32675e+00   1.07450e-02   1.38165e-05   3.04612e-01
   8  phi_CBO      7.48233e-01   1.85232e+00   7.02371e-03  -8.65661e-04
   9  ANx2         2.45054e-04   constant   
  10  pNx2         5.52114e+00   constant   
  11  ANy1         0.00000e+00   constant   
  12  pNy1         0.00000e+00   constant   
  13  w_y          0.00000e+00   constant   
  14  ANy2         1.46670e-02     fixed    
  15  pNy2         3.05066e+00   constant   
  16  w_vw         1.43134e+01   constant   
  17  LM          -3.45580e-05   constant   
  18  wCBO_expCoeff   2.07430e+02   1.54133e+01   1.52177e-02   1.21178e-04
  19  wCBO_expOffset   2.01121e+02   2.20471e+00   2.17360e-03   8.48422e-04
  20  wCBO_expT    2.96321e+01   2.82038e-01   2.91350e-04   6.05280e-03
  21  wCBO_linCoeff   0.00000e+00   constant   
  22  wCBO_const   2.76916e-03   4.64188e-03   6.35988e-06   6.81740e-01
 EXTERNAL ERROR MATRIX.    NDIM=  25    NPAR=  7    ERR DEF=1
  1.283e-06  1.405e-07  1.172e-04 -1.249e-04 -1.799e-05  2.742e-06  6.579e-08 
  1.405e-07  1.155e-04  2.580e-03 -1.643e-03 -2.420e-04 -1.459e-04 -4.695e-05 
  1.172e-04  2.580e-03  3.431e+00  8.562e-01  1.239e-01 -5.051e-03  1.224e-03 
 -1.249e-04 -1.643e-03  8.562e-01  2.376e+02 -1.928e+01 -1.984e+00  2.489e-03 
 -1.799e-05 -2.420e-04  1.239e-01 -1.928e+01  4.861e+00 -2.851e-01  3.599e-04 
  2.742e-06 -1.459e-04 -5.051e-03 -1.984e+00 -2.851e-01  7.955e-02 -2.142e-05 
  6.579e-08 -4.695e-05  1.224e-03  2.489e-03  3.599e-04 -2.142e-05  2.155e-05 
ERR MATRIX NOT POS-DEF
 PARAMETER  CORRELATION COEFFICIENTS  
       NO.  GLOBAL      6      7      8     18     19     20     22
        6  0.08516   1.000  0.012  0.056 -0.007 -0.007  0.009  0.013
        7  0.99288   0.012  1.000  0.130 -0.010 -0.010 -0.048 -0.941
        8  0.93631   0.056  0.130  1.000  0.030  0.030 -0.010  0.142
       18  0.99582  -0.007 -0.010  0.030  1.000 -0.567 -0.456  0.035
       19  0.99583  -0.007 -0.010  0.030 -0.567  1.000 -0.458  0.035
       20  0.99542   0.009 -0.048 -0.010 -0.456 -0.458  1.000 -0.016
       22  0.99191   0.013 -0.941  0.142  0.035  0.035 -0.016  1.000
 ERR MATRIX NOT POS-DEF
MINUIT - FIT ONLY 1-CBO
 **********
 **   29 **RES 
 **********
                   PARAMETER   14  ANy2 RESTORED TO VARIABLE.
                   PARAMETER    4  phi RESTORED TO VARIABLE.
                   PARAMETER    3  A0 RESTORED TO VARIABLE.
                   PARAMETER    1  N0 RESTORED TO VARIABLE.
 **********
 **   30 **FIX            0
 **********
 PARAMETER    0  IS UNDEFINED. IGNORED.
 **********
 **   31 **FIX            1
 **********
 **********
 **   32 **FIX            2
 **********
 PARAMETER    2  IS CONSTANT.   IGNORED.
 **********
 **   33 **FIX            3
 **********
 **********
 **   34 **FIX            4
 **********
 **********
 **   35 **FIX            8
 **********
 **********
 **   36 **FIX            9
 **********
 PARAMETER    9  IS CONSTANT.   IGNORED.
 **********
 **   37 **FIX           11
 **********
 PARAMETER   11  IS CONSTANT.   IGNORED.
 **********
 **   38 **FIX           12
 **********
 PARAMETER   12  IS CONSTANT.   IGNORED.
 **********
 **   39 **FIX           13
 **********
 PARAMETER   13  IS CONSTANT.   IGNORED.
 **********
 **   40 **FIX           15
 **********
 PARAMETER   15  IS CONSTANT.   IGNORED.
 **********
 **   41 **FIX           16
 **********
 PARAMETER   16  IS CONSTANT.   IGNORED.
 **********
 **   42 **MIGRAD
 **********
 START MIGRAD MINIMIZATION.  STRATEGY  1.  CONVERGENCE WHEN EDM .LT. 1.00e-04
 FCN=484.337 FROM MIGRAD    STATUS=INITIATE       16 CALLS         516 TOTAL
                     EDM= unknown      STRATEGY= 1      NO ERROR MATRIX       
  EXT PARAMETER               CURRENT GUESS       STEP         FIRST   
  NO.   NAME      VALUE            ERROR          SIZE      DERIVATIVE 
   1  N0           3.08517e+06     fixed    
   2  tau          6.44002e+01   constant   
   3  A0           3.48496e-01     fixed    
   4  phi          4.13090e+00     fixed    
   5  R           -6.02574e+01   constant   
   6  A_CBO        1.83483e-03   1.13270e-03   1.21850e-05  -1.17030e-01
   7  w_CBO        2.32675e+00   1.07450e-02   1.38165e-05   3.02871e-01
   8  phi_CBO      7.48233e-01     fixed    
   9  ANx2         2.45054e-04   constant   
  10  pNx2         5.52114e+00   constant   
  11  ANy1         0.00000e+00   constant   
  12  pNy1         0.00000e+00   constant   
  13  w_y          0.00000e+00   constant   
  14  ANy2         1.46670e-02   1.00000e-04   1.00000e-04   2.24439e+04
  15  pNy2         3.05066e+00   constant   
  16  w_vw         1.43134e+01   constant   
  17  LM          -3.45580e-05   constant   
  18  wCBO_expCoeff   2.07430e+02   1.54133e+01   1.52177e-02   1.25064e-04
  19  wCBO_expOffset   2.01121e+02   2.20471e+00   2.17360e-03   8.79378e-04
  20  wCBO_expT    2.96321e+01   2.82038e-01   2.91350e-04   6.23326e-03
  21  wCBO_linCoeff   0.00000e+00   constant   
  22  wCBO_const   2.76916e-03   4.64188e-03   6.35988e-06   6.77099e-01
 MIGRAD MINIMIZATION HAS CONVERGED.
 MIGRAD WILL VERIFY CONVERGENCE AND ERROR MATRIX.
 FCN=313.87 FROM MIGRAD    STATUS=CONVERGED     113 CALLS         613 TOTAL
                     EDM=2.2229e-05    STRATEGY= 1      ERR MATRIX NOT POS-DEF
  EXT PARAMETER                APPROXIMATE        STEP         FIRST   
  NO.   NAME      VALUE            ERROR          SIZE      DERIVATIVE 
   1  N0           3.08517e+06     fixed    
   2  tau          6.44002e+01   constant   
   3  A0           3.48496e-01     fixed    
   4  phi          4.13090e+00     fixed    
   5  R           -6.02574e+01   constant   
   6  A_CBO        1.87803e-03   1.13155e-03   9.81061e-06  -6.58860e-02
   7  w_CBO        2.32674e+00   1.14704e-02   1.08467e-05   1.74512e-01
   8  phi_CBO      7.48233e-01     fixed    
   9  ANx2         2.45054e-04   constant   
  10  pNx2         5.52114e+00   constant   
  11  ANy1         0.00000e+00   constant   
  12  pNy1         0.00000e+00   constant   
  13  w_y          0.00000e+00   constant   
  14  ANy2        -5.23588e-04   1.16005e-03   1.00806e-05  -5.97620e-02
  15  pNy2         3.05066e+00   constant   
  16  w_vw         1.43134e+01   constant   
  17  LM          -3.45580e-05   constant   
  18  wCBO_expCoeff   2.07432e+02   1.57272e+01   1.15148e-02   7.84142e-05
  19  wCBO_expOffset   2.01121e+02   2.24924e+00   1.64483e-03   5.49020e-04
  20  wCBO_expT    2.96321e+01   2.87142e-01   2.21417e-04  -1.88734e-02
  21  wCBO_linCoeff   0.00000e+00   constant   
  22  wCBO_const   2.76812e-03   4.94552e-03   5.00823e-06   3.88708e-01
 EXTERNAL ERROR MATRIX.    NDIM=  25    NPAR=  7    ERR DEF=1
  1.280e-06  4.632e-08 -2.268e-09 -1.676e-04 -2.414e-05  3.684e-06  2.239e-08 
  4.632e-08  1.316e-04  5.249e-10 -2.722e-03 -3.975e-04 -1.554e-04 -5.566e-05 
 -2.268e-09  5.249e-10  1.346e-06  1.489e-06  2.134e-07 -8.887e-08  2.552e-10 
 -1.676e-04 -2.722e-03  1.489e-06  2.473e+02 -2.035e+01 -2.048e+00  2.540e-03 
 -2.414e-05 -3.975e-04  2.134e-07 -2.035e+01  5.059e+00 -2.941e-01  3.668e-04 
  3.684e-06 -1.554e-04 -8.887e-08 -2.048e+00 -2.941e-01  8.245e-02 -1.920e-05 
  2.239e-08 -5.566e-05  2.552e-10  2.540e-03  3.668e-04 -1.920e-05  2.446e-05 
ERR MATRIX NOT POS-DEF
 PARAMETER  CORRELATION COEFFICIENTS  
       NO.  GLOBAL      6      7     14     18     19     20     22
        6  0.06381   1.000  0.004 -0.002 -0.009 -0.009  0.011  0.004
        7  0.99408   0.004  1.000  0.000 -0.015 -0.015 -0.047 -0.981
       14  0.00188  -0.002  0.000  1.000  0.000  0.000 -0.000  0.000
       18  0.99645  -0.009 -0.015  0.000  1.000 -0.575 -0.454  0.033
       19  0.99646  -0.009 -0.015  0.000 -0.575  1.000 -0.455  0.033
       20  0.99606   0.011 -0.047 -0.000 -0.454 -0.455  1.000 -0.014
       22  0.99321   0.004 -0.981  0.000  0.033  0.033 -0.014  1.000
 ERR MATRIX NOT POS-DEF
MINUIT - FIT ONLY 2-CBO
 **********
 **   43 **RES 
 **********
                   PARAMETER    8  phi_CBO RESTORED TO VARIABLE.
                   PARAMETER    4  phi RESTORED TO VARIABLE.
                   PARAMETER    3  A0 RESTORED TO VARIABLE.
                   PARAMETER    1  N0 RESTORED TO VARIABLE.
 **********
 **   44 **FIX            0
 **********
 PARAMETER    0  IS UNDEFINED. IGNORED.
 **********
 **   45 **FIX            1
 **********
 **********
 **   46 **FIX            2
 **********
 PARAMETER    2  IS CONSTANT.   IGNORED.
 **********
 **   47 **FIX            3
 **********
 **********
 **   48 **FIX            4
 **********
 **********
 **   49 **FIX            5
 **********
 PARAMETER    5  IS CONSTANT.   IGNORED.
 **********
 **   50 **FIX            6
 **********
 **********
 **   51 **FIX            7
 **********
 **********
 **   52 **FIX           10
 **********
 PARAMETER   10  IS CONSTANT.   IGNORED.
 **********
 **   53 **FIX           11
 **********
 PARAMETER   11  IS CONSTANT.   IGNORED.
 **********
 **   54 **FIX           12
 **********
 PARAMETER   12  IS CONSTANT.   IGNORED.
 **********
 **   55 **FIX           13
 **********
 PARAMETER   13  IS CONSTANT.   IGNORED.
 **********
 **   56 **FIX           14
 **********
 **********
 **   57 **FIX           15
 **********
 PARAMETER   15  IS CONSTANT.   IGNORED.
 **********
 **   58 **FIX           16
 **********
 PARAMETER   16  IS CONSTANT.   IGNORED.
 **********
 **   59 **MIGRAD
 **********
 START MIGRAD MINIMIZATION.  STRATEGY  1.  CONVERGENCE WHEN EDM .LT. 1.00e-04
 FCN=313.87 FROM MIGRAD    STATUS=INITIATE       10 CALLS         623 TOTAL
                     EDM= unknown      STRATEGY= 1      NO ERROR MATRIX       
  EXT PARAMETER               CURRENT GUESS       STEP         FIRST   
  NO.   NAME      VALUE            ERROR          SIZE      DERIVATIVE 
   1  N0           3.08517e+06     fixed    
   2  tau          6.44002e+01   constant   
   3  A0           3.48496e-01     fixed    
   4  phi          4.13090e+00     fixed    
   5  R           -6.02574e+01   constant   
   6  A_CBO        1.87803e-03     fixed    
   7  w_CBO        2.32674e+00     fixed    
   8  phi_CBO      7.48233e-01   1.85232e+00   1.85232e+00  -1.76838e-02
   9  ANx2         2.45054e-04   constant   
  10  pNx2         5.52114e+00   constant   
  11  ANy1         0.00000e+00   constant   
  12  pNy1         0.00000e+00   constant   
  13  w_y          0.00000e+00   constant   
  14  ANy2        -5.23588e-04     fixed    
  15  pNy2         3.05066e+00   constant   
  16  w_vw         1.43134e+01   constant   
  17  LM          -3.45580e-05   constant   
  18  wCBO_expCoeff   2.07432e+02   1.57272e+01   1.15148e-02   8.10379e-05
  19  wCBO_expOffset   2.01121e+02   2.24924e+00   1.64483e-03   5.69817e-04
  20  wCBO_expT    2.96321e+01   2.87142e-01   2.21417e-04  -1.87502e-02
  21  wCBO_linCoeff   0.00000e+00   constant   
  22  wCBO_const   2.76812e-03   4.94552e-03   5.00823e-06   3.85968e-01
 MIGRAD MINIMIZATION HAS CONVERGED.
 MIGRAD WILL VERIFY CONVERGENCE AND ERROR MATRIX.
 FCN=313.869 FROM MIGRAD    STATUS=CONVERGED      81 CALLS         694 TOTAL
                     EDM=1.92481e-05    STRATEGY= 1      ERR MATRIX NOT POS-DEF
  EXT PARAMETER                APPROXIMATE        STEP         FIRST   
  NO.   NAME      VALUE            ERROR          SIZE      DERIVATIVE 
   1  N0           3.08517e+06     fixed    
   2  tau          6.44002e+01   constant   
   3  A0           3.48496e-01     fixed    
   4  phi          4.13090e+00     fixed    
   5  R           -6.02574e+01   constant   
   6  A_CBO        1.87803e-03     fixed    
   7  w_CBO        2.32674e+00     fixed    
   8  phi_CBO      7.75931e-01   1.73834e+00   5.52545e-03  -8.15580e-04
   9  ANx2         2.45054e-04   constant   
  10  pNx2         5.52114e+00   constant   
  11  ANy1         0.00000e+00   constant   
  12  pNy1         0.00000e+00   constant   
  13  w_y          0.00000e+00   constant   
  14  ANy2        -5.23588e-04     fixed    
  15  pNy2         3.05066e+00   constant   
  16  w_vw         1.43134e+01   constant   
  17  LM          -3.45580e-05   constant   
  18  wCBO_expCoeff   2.07433e+02   1.57430e+01   1.14769e-02   4.46884e-06
  19  wCBO_expOffset   2.01121e+02   2.25155e+00   1.63945e-03   3.12843e-05
  20  wCBO_expT    2.96323e+01   2.87373e-01   2.20720e-04  -2.04846e-02
  21  wCBO_linCoeff   0.00000e+00   constant   
  22  wCBO_const   2.78728e-03   1.52805e-03   4.99898e-06   6.13498e-01
 EXTERNAL ERROR MATRIX.    NDIM=  25    NPAR=  5    ERR DEF=1
  3.022e+00  5.026e-01  7.284e-02  6.048e-03  2.071e-03 
  5.026e-01  2.478e+02 -2.038e+01 -2.057e+00  1.755e-03 
  7.284e-02 -2.038e+01  5.069e+00 -2.954e-01  2.518e-04 
  6.048e-03 -2.057e+00 -2.954e-01  8.258e-02 -8.170e-05 
  2.071e-03  1.755e-03  2.518e-04 -8.170e-05  2.335e-06 
ERR MATRIX NOT POS-DEF
 PARAMETER  CORRELATION COEFFICIENTS  
       NO.  GLOBAL      8     18     19     20     22
        8  0.93074   1.000  0.018  0.019  0.012  0.780
       18  0.99648   0.018  1.000 -0.575 -0.455  0.073
       19  0.99649   0.019 -0.575  1.000 -0.457  0.073
       20  0.99609   0.012 -0.455 -0.457  1.000 -0.186
       22  0.92632   0.780  0.073  0.073 -0.186  1.000
 ERR MATRIX NOT POS-DEF
MINUIT - FIT ONLY 1-y
 **********
 **   60 **RES 
 **********
                   PARAMETER   14  ANy2 RESTORED TO VARIABLE.
                   PARAMETER    7  w_CBO RESTORED TO VARIABLE.
                   PARAMETER    6  A_CBO RESTORED TO VARIABLE.
                   PARAMETER    4  phi RESTORED TO VARIABLE.
                   PARAMETER    3  A0 RESTORED TO VARIABLE.
                   PARAMETER    1  N0 RESTORED TO VARIABLE.
 **********
 **   61 **FIX            0
 **********
 PARAMETER    0  IS UNDEFINED. IGNORED.
 **********
 **   62 **FIX            1
 **********
 **********
 **   63 **FIX            2
 **********
 PARAMETER    2  IS CONSTANT.   IGNORED.
 **********
 **   64 **FIX            3
 **********
 **********
 **   65 **FIX            4
 **********
 **********
 **   66 **FIX            5
 **********
 PARAMETER    5  IS CONSTANT.   IGNORED.
 **********
 **   67 **FIX            6
 **********
 **********
 **   68 **FIX            7
 **********
 **********
 **   69 **FIX            8
 **********
 **********
 **   70 **FIX            9
 **********
 PARAMETER    9  IS CONSTANT.   IGNORED.
 **********
 **   71 **FIX           13
 **********
 PARAMETER   13  IS CONSTANT.   IGNORED.
 **********
 **   72 **FIX           14
 **********
 **********
 **   73 **FIX           15
 **********
 PARAMETER   15  IS CONSTANT.   IGNORED.
 **********
 **   74 **FIX           16
 **********
 PARAMETER   16  IS CONSTANT.   IGNORED.
 **********
 **   75 **MIGRAD
 **********
 START MIGRAD MINIMIZATION.  STRATEGY  1.  CONVERGENCE WHEN EDM .LT. 1.00e-04
 FCN=313.869 FROM MIGRAD    STATUS=INITIATE        8 CALLS         702 TOTAL
                     EDM= unknown      STRATEGY= 1      NO ERROR MATRIX       
  EXT PARAMETER               CURRENT GUESS       STEP         FIRST   
  NO.   NAME      VALUE            ERROR          SIZE      DERIVATIVE 
   1  N0           3.08517e+06     fixed    
   2  tau          6.44002e+01   constant   
   3  A0           3.48496e-01     fixed    
   4  phi          4.13090e+00     fixed    
   5  R           -6.02574e+01   constant   
   6  A_CBO        1.87803e-03     fixed    
   7  w_CBO        2.32674e+00     fixed    
   8  phi_CBO      7.75931e-01     fixed    
   9  ANx2         2.45054e-04   constant   
  10  pNx2         5.52114e+00   constant   
  11  ANy1         0.00000e+00   constant   
  12  pNy1         0.00000e+00   constant   
  13  w_y          0.00000e+00   constant   
  14  ANy2        -5.23588e-04     fixed    
  15  pNy2         3.05066e+00   constant   
  16  w_vw         1.43134e+01   constant   
  17  LM          -3.45580e-05   constant   
  18  wCBO_expCoeff   2.07433e+02   1.57430e+01   1.14769e-02   4.88963e-06
  19  wCBO_expOffset   2.01121e+02   2.25155e+00   1.63945e-03   3.46345e-05
  20  wCBO_expT    2.96323e+01   2.87373e-01   2.20720e-04  -2.03646e-02
  21  wCBO_linCoeff   0.00000e+00   constant   
  22  wCBO_const   2.78728e-03   1.52805e-03   4.99898e-06   6.10617e-01
 MIGRAD MINIMIZATION HAS CONVERGED.
 MIGRAD WILL VERIFY CONVERGENCE AND ERROR MATRIX.
 FCN=313.869 FROM MIGRAD    STATUS=CONVERGED      41 CALLS         735 TOTAL
                     EDM=2.21572e-05    STRATEGY= 1      ERR MATRIX NOT POS-DEF
  EXT PARAMETER                APPROXIMATE        STEP         FIRST   
  NO.   NAME      VALUE            ERROR          SIZE      DERIVATIVE 
   1  N0           3.08517e+06     fixed    
   2  tau          6.44002e+01   constant   
   3  A0           3.48496e-01     fixed    
   4  phi          4.13090e+00     fixed    
   5  R           -6.02574e+01   constant   
   6  A_CBO        1.87803e-03     fixed    
   7  w_CBO        2.32674e+00     fixed    
   8  phi_CBO      7.75931e-01     fixed    
   9  ANx2         2.45054e-04   constant   
  10  pNx2         5.52114e+00   constant   
  11  ANy1         0.00000e+00   constant   
  12  pNy1         0.00000e+00   constant   
  13  w_y          0.00000e+00   constant   
  14  ANy2        -5.23588e-04     fixed    
  15  pNy2         3.05066e+00   constant   
  16  w_vw         1.43134e+01   constant   
  17  LM          -3.45580e-05   constant   
  18  wCBO_expCoeff   2.07433e+02   1.72895e+01   1.14657e-02   7.47031e-04
  19  wCBO_expOffset   2.01121e+02   2.47269e+00   1.63790e-03   5.22949e-03
  20  wCBO_expT    2.96323e+01   3.11366e-01   2.20539e-04   1.72457e-02
  21  wCBO_linCoeff   0.00000e+00   constant   
  22  wCBO_const   2.78684e-03   9.64228e-04   5.00221e-06   9.71138e-01
 EXTERNAL ERROR MATRIX.    NDIM=  25    NPAR=  4    ERR DEF=1
  2.989e+02 -2.511e+01 -2.418e+00  1.749e-03 
 -2.511e+01  6.114e+00 -3.473e-01  2.503e-04 
 -2.418e+00 -3.473e-01  9.695e-02 -9.938e-05 
  1.749e-03  2.503e-04 -9.938e-05  9.297e-07 
ERR MATRIX NOT POS-DEF
 PARAMETER  CORRELATION COEFFICIENTS  
       NO.  GLOBAL     18     19     20     22
       18  0.99708   1.000 -0.587 -0.449  0.105
       19  0.99709  -0.587  1.000 -0.451  0.105
       20  0.99667  -0.449 -0.451  1.000 -0.331
       22  0.80206   0.105  0.105 -0.331  1.000
 ERR MATRIX NOT POS-DEF
MINUIT - FIT ONLY 2-y
 **********
 **   76 **RES 
 **********
                   PARAMETER   14  ANy2 RESTORED TO VARIABLE.
                   PARAMETER    8  phi_CBO RESTORED TO VARIABLE.
                   PARAMETER    7  w_CBO RESTORED TO VARIABLE.
                   PARAMETER    6  A_CBO RESTORED TO VARIABLE.
                   PARAMETER    4  phi RESTORED TO VARIABLE.
                   PARAMETER    3  A0 RESTORED TO VARIABLE.
                   PARAMETER    1  N0 RESTORED TO VARIABLE.
 **********
 **   77 **FIX            0
 **********
 PARAMETER    0  IS UNDEFINED. IGNORED.
 **********
 **   78 **FIX            1
 **********
 **********
 **   79 **FIX            2
 **********
 PARAMETER    2  IS CONSTANT.   IGNORED.
 **********
 **   80 **FIX            3
 **********
 **********
 **   81 **FIX            4
 **********
 **********
 **   82 **FIX            5
 **********
 PARAMETER    5  IS CONSTANT.   IGNORED.
 **********
 **   83 **FIX            6
 **********
 **********
 **   84 **FIX            7
 **********
 **********
 **   85 **FIX            8
 **********
 **********
 **   86 **FIX            9
 **********
 PARAMETER    9  IS CONSTANT.   IGNORED.
 **********
 **   87 **FIX           10
 **********
 PARAMETER   10  IS CONSTANT.   IGNORED.
 **********
 **   88 **FIX           11
 **********
 PARAMETER   11  IS CONSTANT.   IGNORED.
 **********
 **   89 **FIX           12
 **********
 PARAMETER   12  IS CONSTANT.   IGNORED.
 **********
 **   90 **FIX           16
 **********
 PARAMETER   16  IS CONSTANT.   IGNORED.
 **********
 **   91 **MIGRAD
 **********
 START MIGRAD MINIMIZATION.  STRATEGY  1.  CONVERGENCE WHEN EDM .LT. 1.00e-04
 FCN=313.869 FROM MIGRAD    STATUS=INITIATE       10 CALLS         745 TOTAL
                     EDM= unknown      STRATEGY= 1      NO ERROR MATRIX       
  EXT PARAMETER               CURRENT GUESS       STEP         FIRST   
  NO.   NAME      VALUE            ERROR          SIZE      DERIVATIVE 
   1  N0           3.08517e+06     fixed    
   2  tau          6.44002e+01   constant   
   3  A0           3.48496e-01     fixed    
   4  phi          4.13090e+00     fixed    
   5  R           -6.02574e+01   constant   
   6  A_CBO        1.87803e-03     fixed    
   7  w_CBO        2.32674e+00     fixed    
   8  phi_CBO      7.75931e-01     fixed    
   9  ANx2         2.45054e-04   constant   
  10  pNx2         5.52114e+00   constant   
  11  ANy1         0.00000e+00   constant   
  12  pNy1         0.00000e+00   constant   
  13  w_y          0.00000e+00   constant   
  14  ANy2        -5.23588e-04   1.16005e-03   1.16005e-03  -1.51066e-02
  15  pNy2         3.05066e+00   constant   
  16  w_vw         1.43134e+01   constant   
  17  LM          -3.45580e-05   constant   
  18  wCBO_expCoeff   2.07433e+02   1.72895e+01   1.14657e-02   7.49571e-04
  19  wCBO_expOffset   2.01121e+02   2.47269e+00   1.63790e-03   5.24970e-03
  20  wCBO_expT    2.96323e+01   3.11366e-01   2.20539e-04   1.73653e-02
  21  wCBO_linCoeff   0.00000e+00   constant   
  22  wCBO_const   2.78684e-03   9.64228e-04   5.00221e-06   9.68260e-01
 MIGRAD MINIMIZATION HAS CONVERGED.
 MIGRAD WILL VERIFY CONVERGENCE AND ERROR MATRIX.
 FCN=313.869 FROM MIGRAD    STATUS=CONVERGED      53 CALLS         788 TOTAL
                     EDM=2.18471e-05    STRATEGY= 1      ERR MATRIX NOT POS-DEF
  EXT PARAMETER                APPROXIMATE        STEP         FIRST   
  NO.   NAME      VALUE            ERROR          SIZE      DERIVATIVE 
   1  N0           3.08517e+06     fixed    
   2  tau          6.44002e+01   constant   
   3  A0           3.48496e-01     fixed    
   4  phi          4.13090e+00     fixed    
   5  R           -6.02574e+01   constant   
   6  A_CBO        1.87803e-03     fixed    
   7  w_CBO        2.32674e+00     fixed    
   8  phi_CBO      7.75931e-01     fixed    
   9  ANx2         2.45054e-04   constant   
  10  pNx2         5.52114e+00   constant   
  11  ANy1         0.00000e+00   constant   
  12  pNy1         0.00000e+00   constant   
  13  w_y          0.00000e+00   constant   
  14  ANy2        -5.23585e-04   1.16055e-03   1.00806e-05  -1.09459e-02
  15  pNy2         3.05066e+00   constant   
  16  w_vw         1.43134e+01   constant   
  17  LM          -3.45580e-05   constant   
  18  wCBO_expCoeff   2.07433e+02   1.72885e+01   1.14651e-02   1.04292e-04
  19  wCBO_expOffset   2.01121e+02   2.47303e+00   1.63781e-03   7.30169e-04
  20  wCBO_expT    2.96323e+01   3.11391e-01   2.20527e-04  -1.62591e-02
  21  wCBO_linCoeff   0.00000e+00   constant   
  22  wCBO_const   2.78680e-03   9.64232e-04   5.00210e-06  -2.91609e-01
 EXTERNAL ERROR MATRIX.    NDIM=  25    NPAR=  5    ERR DEF=1
  1.347e-06  1.714e-06  2.451e-07 -9.984e-08  5.695e-10 
  1.714e-06  2.989e+02 -2.511e+01 -2.417e+00  1.748e-03 
  2.451e-07 -2.511e+01  6.116e+00 -3.476e-01  2.504e-04 
 -9.984e-08 -2.417e+00 -3.476e-01  9.696e-02 -9.939e-05 
  5.695e-10  1.748e-03  2.504e-04 -9.939e-05  9.297e-07 
ERR MATRIX NOT POS-DEF
 PARAMETER  CORRELATION COEFFICIENTS  
       NO.  GLOBAL     14     18     19     20     22
       14  0.00071   1.000  0.000  0.000 -0.000  0.001
       18  0.99708   0.000  1.000 -0.587 -0.449  0.105
       19  0.99709   0.000 -0.587  1.000 -0.451  0.105
       20  0.99667  -0.000 -0.449 -0.451  1.000 -0.331
       22  0.80206   0.001  0.105  0.105 -0.331  1.000
 ERR MATRIX NOT POS-DEF
MINUIT - FIT ALTOGETHER
 **********
 **   92 **RES 
 **********
                   PARAMETER    8  phi_CBO RESTORED TO VARIABLE.
                   PARAMETER    7  w_CBO RESTORED TO VARIABLE.
                   PARAMETER    6  A_CBO RESTORED TO VARIABLE.
                   PARAMETER    4  phi RESTORED TO VARIABLE.
                   PARAMETER    3  A0 RESTORED TO VARIABLE.
                   PARAMETER    1  N0 RESTORED TO VARIABLE.
 **********
 **   93 **MIGRAD
 **********
 START MIGRAD MINIMIZATION.  STRATEGY  1.  CONVERGENCE WHEN EDM .LT. 1.00e-04
 FCN=313.869 FROM MIGRAD    STATUS=INITIATE       22 CALLS         810 TOTAL
                     EDM= unknown      STRATEGY= 1      NO ERROR MATRIX       
  EXT PARAMETER               CURRENT GUESS       STEP         FIRST   
  NO.   NAME      VALUE            ERROR          SIZE      DERIVATIVE 
   1  N0           3.08517e+06   2.50525e+03   2.50525e+03  -2.72309e-04
   2  tau          6.44002e+01   constant   
   3  A0           3.48496e-01   1.13707e-03   1.13707e-03   6.19457e+02
