 + ++++++++++++++++++++++++++++++++++++++++++++++++++++++++++++++++++++ +
 +                                                                      +
 +           You have chose to blind your fitting according to          +
 +                omega_ref * (1 + (R +/- deltaR) *10^{-6})             +
 +                                                                      +
 + ++++++++++++++++++++++++++++++++++++++++++++++++++++++++++++++++++++ +
In main()...
reading format from /gm2data/zkhechad/run45/envelope/formats/formatB_sBin_constraintOn.txt
pBinTau 	= 0  
pBinPhi 	= 0  
constraintau 	= 1 
includeMopTerm 	= 0    
constrainMop    = 0   
Parameters after format file: pBinTau 0 pBinPhi 0 constraintau 1 includeMopTerm 0 constrainMop 0 c_e_scale 0.000000 
reading cbo reference file (full fit) from /gm2data/zkhechad/cboTemplates/Run4CBOTemplates/fullFits/run4/sBin_constraintOn_cE0.0_seed0_run4_calo18.root
A_CBO 0.008791 w_CBO 2.327338 phi_CBO 0.630678 N0 3499835.498759 R -60.917989 tau 64.411905 
Reading cboRef file /gm2data/zkhechad/cboTemplates/Run4CBOTemplates//cboIsolate/run4_calo18.root
deltaT 14.291472
windowBins = 120
fitting sliding window 440 from bin 643 at 95.935600 to bin 763 at 113.839600 (120 bins)

Reading data from /gm2data/cornell/histograms/aMethod/histogram_a_run4.root
fitting cbo isolate
 **********
 **    1 **SET PRINTOUT            1
 **********
 **********
 **    2 **SET NOWARNINGS 
 **********
 PARAMETER DEFINITIONS:
    NO.   NAME         VALUE      STEP SIZE      LIMITS
     1 A_CBO        8.79094e-03  1.00000e-05     no limits
     2 w_CBO        2.32734e+00  1.00000e-02    2.00000e+00  3.00000e+00
     3 phi_CBO      6.30678e-01  1.00000e-02    0.00000e+00  6.28319e+00
 **********
 **    3 **MIGRAD
 **********
 FIRST CALL TO USER FUNCTION AT NEW START POINT, WITH IFLAG=4.
 START MIGRAD MINIMIZATION.  STRATEGY  1.  CONVERGENCE WHEN EDM .LT. 1.00e-04
 FCN=0.000618071 FROM MIGRAD    STATUS=INITIATE       10 CALLS          11 TOTAL
                     EDM= unknown      STRATEGY= 1      NO ERROR MATRIX       
  EXT PARAMETER               CURRENT GUESS       STEP         FIRST   
  NO.   NAME      VALUE            ERROR          SIZE      DERIVATIVE 
   1  A_CBO        8.79094e-03   1.00000e-05   1.00000e-05   3.56372e-01
   2  w_CBO        2.32734e+00   1.00000e-02   2.13132e-02  -3.12835e-03
   3  phi_CBO      6.30678e-01   1.00000e-02   5.29649e-03   1.15503e-04
 MIGRAD MINIMIZATION HAS CONVERGED.
 MIGRAD WILL VERIFY CONVERGENCE AND ERROR MATRIX.
 FCN=9.59654e-05 FROM MIGRAD    STATUS=CONVERGED      35 CALLS          36 TOTAL
                     EDM=9.90422e-07    STRATEGY= 1      ERR MATRIX NOT POS-DEF
  EXT PARAMETER                APPROXIMATE        STEP         FIRST   
  NO.   NAME      VALUE            ERROR          SIZE      DERIVATIVE 
   1  A_CBO        5.86361e-03   1.28965e-01   6.25731e-05   8.29859e-05
   2  w_CBO        2.32744e+00   6.46462e-01   1.80966e-04   7.86180e-04
   3  phi_CBO      6.20617e-01   4.91547e+00   4.69885e-03  -3.71384e-05
 EXTERNAL ERROR MATRIX.    NDIM=  25    NPAR=  3    ERR DEF=1
  1.663e-02 -5.820e-02 -6.063e+00 
 -5.820e-02  1.119e+01  1.172e+03 
 -6.063e+00  1.172e+03  1.232e+05 
ERR MATRIX NOT POS-DEF
 PARAMETER  CORRELATION COEFFICIENTS  
       NO.  GLOBAL      1      2      3
        1  0.13539   1.000 -0.135 -0.134
        2  0.99801  -0.135  1.000  0.998
        3  0.99801  -0.134  0.998  1.000
 ERR MATRIX NOT POS-DEF
setting A_CBO=0.005864 w_CBO=2.327439, phi_CBO=0.620617
done fitting cbo isolate
 **********
 **    1 **SET PRINTOUT            1
 **********
 **********
 **    2 **SET NOWARNINGS 
 **********
 PARAMETER DEFINITIONS:
    NO.   NAME         VALUE      STEP SIZE      LIMITS
     1 N0           3.49984e+06  1.00000e+02     no limits
     2 tau          6.44119e+01  constant
     3 A0           3.53539e-01  1.00000e-04     no limits
     4 phi          4.12187e+00  1.00000e-02     no limits
     5 R           -6.09180e+01  constant
     6 A_CBO        5.86361e-03  1.00000e-05     no limits
     7 w_CBO        2.32744e+00  1.00000e-03     no limits
     8 phi_CBO      6.20617e-01  1.00000e-04     no limits
     9 ANx2         2.22853e-04  constant
    10 pNx2         5.08518e+00  constant
    11 ANy1         0.00000e+00  constant
    12 pNy1         0.00000e+00  constant
    13 w_y          0.00000e+00  constant
    14 ANy2         9.04789e-03  1.00000e-04     no limits
    15 pNy2         3.29982e+00  constant
    16 w_vw         1.43191e+01  constant
    17 LM           2.21951e-04  constant
    18 wCBO_expCoeff   2.00000e+02  1.00000e+00     no limits
    19 wCBO_expOffset   2.00000e+02  1.00000e+00     no limits
    20 wCBO_expT    3.00000e+01  1.00000e+00     no limits
    21 wCBO_linCoeff   0.00000e+00  constant
    22 wCBO_const   0.00000e+00  1.00000e-02     no limits
MINUIT - FIT ONLY WIGGLE
 **********
 **    3 **FIX            5
 **********
 PARAMETER    5  IS CONSTANT.   IGNORED.
 **********
 **    4 **FIX            6
 **********
 **********
 **    5 **FIX            7
 **********
 **********
 **    6 **FIX            8
 **********
 **********
 **    7 **FIX            9
 **********
 PARAMETER    9  IS CONSTANT.   IGNORED.
 **********
 **    8 **FIX           10
 **********
 PARAMETER   10  IS CONSTANT.   IGNORED.
 **********
 **    9 **FIX           11
 **********
 PARAMETER   11  IS CONSTANT.   IGNORED.
 **********
 **   10 **FIX           12
 **********
 PARAMETER   12  IS CONSTANT.   IGNORED.
 **********
 **   11 **FIX           13
 **********
 PARAMETER   13  IS CONSTANT.   IGNORED.
 **********
 **   12 **FIX           14
 **********
 **********
 **   13 **FIX           15
 **********
 PARAMETER   15  IS CONSTANT.   IGNORED.
 **********
 **   14 **FIX           16
 **********
 PARAMETER   16  IS CONSTANT.   IGNORED.
 **********
 **   15 **MIGRAD
 **********
 FIRST CALL TO USER FUNCTION AT NEW START POINT, WITH IFLAG=4.
 START MIGRAD MINIMIZATION.  STRATEGY  1.  CONVERGENCE WHEN EDM .LT. 1.00e-04
 FCN=4050.34 FROM MIGRAD    STATUS=INITIATE       34 CALLS          35 TOTAL
                     EDM= unknown      STRATEGY= 1      NO ERROR MATRIX       
  EXT PARAMETER               CURRENT GUESS       STEP         FIRST   
  NO.   NAME      VALUE            ERROR          SIZE      DERIVATIVE 
   1  N0           3.49984e+06   1.00000e+02   1.00000e+02   5.72183e-03
   2  tau          6.44119e+01   constant   
   3  A0           3.53539e-01   1.00000e-04   1.00000e-04  -1.73118e+04
   4  phi          4.12187e+00   1.00000e-02   1.00000e-02   5.10046e+03
   5  R           -6.09180e+01   constant   
   6  A_CBO        5.86361e-03     fixed    
   7  w_CBO        2.32744e+00     fixed    
   8  phi_CBO      6.20617e-01     fixed    
   9  ANx2         2.22853e-04   constant   
  10  pNx2         5.08518e+00   constant   
  11  ANy1         0.00000e+00   constant   
  12  pNy1         0.00000e+00   constant   
  13  w_y          0.00000e+00   constant   
  14  ANy2         9.04789e-03     fixed    
  15  pNy2         3.29982e+00   constant   
  16  w_vw         1.43191e+01   constant   
  17  LM           2.21951e-04   constant   
  18  wCBO_expCoeff   2.00000e+02   1.00000e+00   1.00000e+00   2.48792e+05
  19  wCBO_expOffset   2.00000e+02   1.00000e+00   1.00000e+00  -7.64288e+05
  20  wCBO_expT    3.00000e+01   1.00000e+00   1.00000e+00   7.20479e+05
  21  wCBO_linCoeff   0.00000e+00   constant   
  22  wCBO_const   0.00000e+00   1.00000e-02   1.00000e-02   4.13098e+04
 MIGRAD FAILS TO FIND IMPROVEMENT
 FCN=3638.45 FROM HESSE     STATUS=NOT POSDEF     54 CALLS         160 TOTAL
                     EDM=6248.42    STRATEGY= 1      ERR MATRIX NOT POS-DEF
  EXT PARAMETER                APPROXIMATE        STEP         FIRST   
  NO.   NAME      VALUE            ERROR          SIZE      DERIVATIVE 
   1  N0           3.49897e+06   2.56880e+03   1.34000e+01  -3.26998e-02
   2  tau          6.44119e+01   constant   
   3  A0           3.53921e-01   2.04557e-04   5.11233e-06   6.97211e+04
   4  phi          4.12087e+00   7.57727e-04   1.49268e-05   1.97412e+04
   5  R           -6.09180e+01   constant   
   6  A_CBO        5.86361e-03     fixed    
   7  w_CBO        2.32744e+00     fixed    
   8  phi_CBO      6.20617e-01     fixed    
   9  ANx2         2.22853e-04   constant   
  10  pNx2         5.08518e+00   constant   
  11  ANy1         0.00000e+00   constant   
  12  pNy1         0.00000e+00   constant   
  13  w_y          0.00000e+00   constant   
  14  ANy2         9.04789e-03     fixed    
  15  pNy2         3.29982e+00   constant   
  16  w_vw         1.43191e+01   constant   
  17  LM           2.21951e-04   constant   
  18  wCBO_expCoeff   2.00000e+02   8.44592e-05   9.53674e-05  -1.04074e+05
  19  wCBO_expOffset   2.00000e+02   3.42343e-05   9.53677e-05   7.78238e+05
  20  wCBO_expT    2.99999e+01   5.05472e-06   1.43051e-05   4.33306e+06
  21  wCBO_linCoeff   0.00000e+00   constant   
  22  wCBO_const  -1.80894e-03   1.21324e-03   9.50487e-06   9.26419e+03
 MIGRAD FAILS TO FIND IMPROVEMENT
 MIGRAD TERMINATED WITHOUT CONVERGENCE.
 FCN=3634.41 FROM MIGRAD    STATUS=FAILED        188 CALLS         189 TOTAL
                     EDM=4773.47    STRATEGY= 1      ERR MATRIX NOT POS-DEF
  EXT PARAMETER                APPROXIMATE        STEP         FIRST   
  NO.   NAME      VALUE            ERROR          SIZE      DERIVATIVE 
   1  N0           3.49932e+06   8.12578e+02   0.00000e+00  -3.07049e-02
   2  tau          6.44119e+01   constant   
   3  A0           3.53899e-01   1.40239e-04  -0.00000e+00   6.39097e+04
   4  phi          4.12078e+00   4.28330e-04  -0.00000e+00   1.44484e+04
   5  R           -6.09180e+01   constant   
   6  A_CBO        5.86361e-03     fixed    
   7  w_CBO        2.32744e+00     fixed    
   8  phi_CBO      6.20617e-01     fixed    
   9  ANx2         2.22853e-04   constant   
  10  pNx2         5.08518e+00   constant   
  11  ANy1         0.00000e+00   constant   
  12  pNy1         0.00000e+00   constant   
  13  w_y          0.00000e+00   constant   
  14  ANy2         9.04789e-03     fixed    
  15  pNy2         3.29982e+00   constant   
  16  w_vw         1.43191e+01   constant   
  17  LM           2.21951e-04   constant   
  18  wCBO_expCoeff   2.00000e+02   2.49962e-05  -0.00000e+00  -7.14518e+05
  19  wCBO_expOffset   2.00000e+02   1.13353e-05  -0.00000e+00   2.51790e+06
  20  wCBO_expT    2.99999e+01   1.55962e-06  -0.00000e+00   5.61779e+06
  21  wCBO_linCoeff   0.00000e+00   constant   
  22  wCBO_const  -1.97043e-03   3.84501e-04  -0.00000e+00  -1.23129e+04
 EXTERNAL ERROR MATRIX.    NDIM=  25    NPAR=  7    ERR DEF=1
  6.603e+05 -2.693e-02 -1.032e-01 -1.723e-02 -8.299e-03 -1.122e-03 -1.875e-01 
 -2.693e-02  1.967e-08  7.365e-09  9.146e-10  4.476e-10  6.193e-11  6.365e-09 
 -1.032e-01  7.365e-09  1.835e-07  3.207e-09  1.669e-09  2.346e-10  9.642e-09 
 -1.723e-02  9.146e-10  3.207e-09  6.248e-10  2.633e-10  3.551e-11  4.103e-09 
 -8.299e-03  4.476e-10  1.669e-09  2.633e-10  1.285e-10  1.699e-11  3.060e-09 
 -1.122e-03  6.193e-11  2.346e-10  3.551e-11  1.699e-11  2.432e-12  3.965e-10 
 -1.875e-01  6.365e-09  9.642e-09  4.103e-09  3.060e-09  3.965e-10  1.478e-07 
ERR MATRIX NOT POS-DEF
 PARAMETER  CORRELATION COEFFICIENTS  
       NO.  GLOBAL      1      3      4     18     19     20     22
        1  0.90904   1.000 -0.236 -0.296 -0.848 -0.901 -0.885 -0.600
        3  0.41615  -0.236  1.000  0.123  0.261  0.282  0.283  0.118
        4  0.72776  -0.296  0.123  1.000  0.300  0.344  0.351  0.059
       18  0.99045  -0.848  0.261  0.300  1.000  0.929  0.911  0.427
       19  0.99462  -0.901  0.282  0.344  0.929  1.000  0.961  0.702
       20  0.96773  -0.885  0.283  0.351  0.911  0.961  1.000  0.661
       22  0.96656  -0.600  0.118  0.059  0.427  0.702  0.661  1.000
 ERR MATRIX NOT POS-DEF
MINUIT - FIT ONLY 1-CBO + other amplitudes 
 **********
 **   16 **RES 
 **********
                   PARAMETER   14  ANy2 RESTORED TO VARIABLE.
                   PARAMETER    8  phi_CBO RESTORED TO VARIABLE.
                   PARAMETER    7  w_CBO RESTORED TO VARIABLE.
                   PARAMETER    6  A_CBO RESTORED TO VARIABLE.
 **********
 **   17 **FIX            0
 **********
 PARAMETER    0  IS UNDEFINED. IGNORED.
 **********
 **   18 **FIX            1
 **********
 **********
 **   19 **FIX            2
 **********
 PARAMETER    2  IS CONSTANT.   IGNORED.
 **********
 **   20 **FIX            3
 **********
 **********
 **   21 **FIX            4
 **********
 **********
 **   22 **FIX            9
 **********
 PARAMETER    9  IS CONSTANT.   IGNORED.
 **********
 **   23 **FIX           11
 **********
 PARAMETER   11  IS CONSTANT.   IGNORED.
 **********
 **   24 **FIX           12
 **********
 PARAMETER   12  IS CONSTANT.   IGNORED.
 **********
 **   25 **FIX           14
 **********
 **********
 **   26 **FIX           15
 **********
 PARAMETER   15  IS CONSTANT.   IGNORED.
 **********
 **   27 **FIX           16
 **********
 PARAMETER   16  IS CONSTANT.   IGNORED.
 **********
 **   28 **MIGRAD
 **********
 START MIGRAD MINIMIZATION.  STRATEGY  1.  CONVERGENCE WHEN EDM .LT. 1.00e-04
 FCN=3634.41 FROM MIGRAD    STATUS=INITIATE       22 CALLS         211 TOTAL
                     EDM= unknown      STRATEGY= 1      NO ERROR MATRIX       
  EXT PARAMETER               CURRENT GUESS       STEP         FIRST   
  NO.   NAME      VALUE            ERROR          SIZE      DERIVATIVE 
   1  N0           3.49932e+06     fixed    
   2  tau          6.44119e+01   constant   
   3  A0           3.53899e-01     fixed    
   4  phi          4.12078e+00     fixed    
   5  R           -6.09180e+01   constant   
   6  A_CBO        5.86361e-03   1.00000e-05   1.00000e-05   2.59687e+05
   7  w_CBO        2.32744e+00   1.00000e-03   1.00000e-03  -6.14041e+07
   8  phi_CBO      6.20617e-01   1.00000e-04   1.00000e-04   8.63472e+01
   9  ANx2         2.22853e-04   constant   
  10  pNx2         5.08518e+00   constant   
  11  ANy1         0.00000e+00   constant   
  12  pNy1         0.00000e+00   constant   
  13  w_y          0.00000e+00   constant   
  14  ANy2         9.04789e-03     fixed    
  15  pNy2         3.29982e+00   constant   
  16  w_vw         1.43191e+01   constant   
  17  LM           2.21951e-04   constant   
  18  wCBO_expCoeff   2.00000e+02   2.49962e-05  -0.00000e+00  -7.14518e+05
  19  wCBO_expOffset   2.00000e+02   1.13353e-05  -0.00000e+00   2.51790e+06
  20  wCBO_expT    2.99999e+01   1.55962e-06  -0.00000e+00   5.61779e+06
  21  wCBO_linCoeff   0.00000e+00   constant   
  22  wCBO_const  -1.97043e-03   3.84501e-04  -0.00000e+00  -1.23129e+04
 MIGRAD FAILS TO FIND IMPROVEMENT
 FCN=3087.62 FROM HESSE     STATUS=NOT POSDEF     58 CALLS         316 TOTAL
                     EDM=617.812    STRATEGY= 1      ERR MATRIX NOT POS-DEF
  EXT PARAMETER                APPROXIMATE        STEP         FIRST   
  NO.   NAME      VALUE            ERROR          SIZE      DERIVATIVE 
   1  N0           3.49932e+06     fixed    
   2  tau          6.44119e+01   constant   
   3  A0           3.53899e-01     fixed    
   4  phi          4.12078e+00     fixed    
   5  R           -6.09180e+01   constant   
   6  A_CBO        1.62247e-03   1.43307e-03   4.89781e-06  -3.99294e+03
   7  w_CBO        2.32744e+00   7.43603e-07   1.10981e-06  -6.50700e+06
   8  phi_CBO      4.26670e-01   1.07426e-01   3.09591e-03  -7.37555e+00
   9  ANx2         2.22853e-04   constant   
  10  pNx2         5.08518e+00   constant   
  11  ANy1         0.00000e+00   constant   
  12  pNy1         0.00000e+00   constant   
  13  w_y          0.00000e+00   constant   
  14  ANy2         9.04789e-03     fixed    
  15  pNy2         3.29982e+00   constant   
  16  w_vw         1.43191e+01   constant   
  17  LM           2.21951e-04   constant   
  18  wCBO_expCoeff   2.00000e+02   6.38849e-05   9.53674e-05  -7.57446e+04
  19  wCBO_expOffset   2.00000e+02   4.91438e-05   9.53677e-05   6.65683e+05
  20  wCBO_expT    2.99999e+01   6.83823e-06   1.43051e-05   2.66964e+06
  21  wCBO_linCoeff   0.00000e+00   constant   
  22  wCBO_const  -1.69506e-03   6.45826e-04   1.28183e-05   4.24274e+03
 MIGRAD FAILS TO FIND IMPROVEMENT
 MIGRAD TERMINATED WITHOUT CONVERGENCE.
 FCN=3087.62 FROM MIGRAD    STATUS=FAILED        138 CALLS         327 TOTAL
                     EDM=617.812    STRATEGY= 1      ERR MATRIX NOT POS-DEF
  EXT PARAMETER                APPROXIMATE        STEP         FIRST   
  NO.   NAME      VALUE            ERROR          SIZE      DERIVATIVE 
   1  N0           3.49932e+06     fixed    
   2  tau          6.44119e+01   constant   
   3  A0           3.53899e-01     fixed    
   4  phi          4.12078e+00     fixed    
   5  R           -6.09180e+01   constant   
   6  A_CBO        1.62247e-03   1.43307e-03   0.00000e+00  -3.99294e+03
   7  w_CBO        2.32744e+00   7.43603e-07  -0.00000e+00  -6.50700e+06
   8  phi_CBO      4.26670e-01   1.07426e-01   0.00000e+00  -7.37555e+00
   9  ANx2         2.22853e-04   constant   
  10  pNx2         5.08518e+00   constant   
  11  ANy1         0.00000e+00   constant   
  12  pNy1         0.00000e+00   constant   
  13  w_y          0.00000e+00   constant   
  14  ANy2         9.04789e-03     fixed    
  15  pNy2         3.29982e+00   constant   
  16  w_vw         1.43191e+01   constant   
  17  LM           2.21951e-04   constant   
  18  wCBO_expCoeff   2.00000e+02   6.38849e-05  -0.00000e+00  -7.57446e+04
  19  wCBO_expOffset   2.00000e+02   4.91438e-05  -0.00000e+00   6.65683e+05
  20  wCBO_expT    2.99999e+01   6.83823e-06  -0.00000e+00   2.66964e+06
  21  wCBO_linCoeff   0.00000e+00   constant   
  22  wCBO_const  -1.69506e-03   6.45826e-04  -0.00000e+00   4.24274e+03
 EXTERNAL ERROR MATRIX.    NDIM=  25    NPAR=  7    ERR DEF=1
  2.054e-06 -1.031e-09  5.701e-05 -8.855e-08 -7.007e-08 -9.737e-09 -7.110e-07 
 -1.031e-09  5.529e-13 -2.489e-08  4.376e-11  3.535e-11  4.915e-12  3.408e-10 
  5.701e-05 -2.489e-08  1.154e-02 -2.138e-06 -2.008e-06 -2.750e-07 -1.038e-05 
 -8.855e-08  4.376e-11 -2.138e-06  4.081e-09  3.037e-09  4.222e-10  2.928e-08 
 -7.007e-08  3.535e-11 -2.008e-06  3.037e-09  2.415e-09  3.338e-10  2.444e-08 
 -9.737e-09  4.915e-12 -2.750e-07  4.222e-10  3.338e-10  4.676e-11  3.418e-09 
 -7.110e-07  3.408e-10 -1.038e-05  2.928e-08  2.444e-08  3.418e-09  4.171e-07 
ERR MATRIX NOT POS-DEF
 PARAMETER  CORRELATION COEFFICIENTS  
       NO.  GLOBAL      6      7      8     18     19     20     22
        6  0.99616   1.000 -0.967  0.370 -0.967 -0.995 -0.994 -0.768
        7  0.98110  -0.967  1.000 -0.312  0.921  0.967  0.967  0.710
        8  0.67158   0.370 -0.312  1.000 -0.312 -0.380 -0.374 -0.150
       18  0.98108  -0.967  0.921 -0.312  1.000  0.967  0.967  0.710
       19  0.99641  -0.995  0.967 -0.380  0.967  1.000  0.993  0.770
       20  0.99540  -0.994  0.967 -0.374  0.967  0.993  1.000  0.774
       22  0.86428  -0.768  0.710 -0.150  0.710  0.770  0.774  1.000
 ERR MATRIX NOT POS-DEF
MINUIT - FIT ONLY 1-CBO
 **********
 **   29 **RES 
 **********
                   PARAMETER   14  ANy2 RESTORED TO VARIABLE.
                   PARAMETER    4  phi RESTORED TO VARIABLE.
                   PARAMETER    3  A0 RESTORED TO VARIABLE.
                   PARAMETER    1  N0 RESTORED TO VARIABLE.
 **********
 **   30 **FIX            0
 **********
 PARAMETER    0  IS UNDEFINED. IGNORED.
 **********
 **   31 **FIX            1
 **********
 **********
 **   32 **FIX            2
 **********
 PARAMETER    2  IS CONSTANT.   IGNORED.
 **********
 **   33 **FIX            3
 **********
 **********
 **   34 **FIX            4
 **********
 **********
 **   35 **FIX            8
 **********
 **********
 **   36 **FIX            9
 **********
 PARAMETER    9  IS CONSTANT.   IGNORED.
 **********
 **   37 **FIX           11
 **********
 PARAMETER   11  IS CONSTANT.   IGNORED.
 **********
 **   38 **FIX           12
 **********
 PARAMETER   12  IS CONSTANT.   IGNORED.
 **********
 **   39 **FIX           13
 **********
 PARAMETER   13  IS CONSTANT.   IGNORED.
 **********
 **   40 **FIX           15
 **********
 PARAMETER   15  IS CONSTANT.   IGNORED.
 **********
 **   41 **FIX           16
 **********
 PARAMETER   16  IS CONSTANT.   IGNORED.
 **********
 **   42 **MIGRAD
 **********
 START MIGRAD MINIMIZATION.  STRATEGY  1.  CONVERGENCE WHEN EDM .LT. 1.00e-04
 FCN=3087.62 FROM MIGRAD    STATUS=INITIATE       16 CALLS         343 TOTAL
                     EDM= unknown      STRATEGY= 1      NO ERROR MATRIX       
  EXT PARAMETER               CURRENT GUESS       STEP         FIRST   
  NO.   NAME      VALUE            ERROR          SIZE      DERIVATIVE 
   1  N0           3.49932e+06     fixed    
   2  tau          6.44119e+01   constant   
   3  A0           3.53899e-01     fixed    
   4  phi          4.12078e+00     fixed    
   5  R           -6.09180e+01   constant   
   6  A_CBO        1.62247e-03   1.43307e-03   0.00000e+00  -3.99294e+03
   7  w_CBO        2.32744e+00   7.43603e-07  -0.00000e+00  -3.27559e+06
   8  phi_CBO      4.26670e-01     fixed    
   9  ANx2         2.22853e-04   constant   
  10  pNx2         5.08518e+00   constant   
  11  ANy1         0.00000e+00   constant   
  12  pNy1         0.00000e+00   constant   
  13  w_y          0.00000e+00   constant   
  14  ANy2         9.04789e-03   1.00000e-04   1.00000e-04   4.87023e+05
  15  pNy2         3.29982e+00   constant   
  16  w_vw         1.43191e+01   constant   
  17  LM           2.21951e-04   constant   
  18  wCBO_expCoeff   2.00000e+02   6.38849e-05  -0.00000e+00  -3.81503e+04
  19  wCBO_expOffset   2.00000e+02   4.91438e-05  -0.00000e+00   2.64045e+05
  20  wCBO_expT    2.99999e+01   6.83823e-06  -0.00000e+00  -2.53597e+06
  21  wCBO_linCoeff   0.00000e+00   constant   
  22  wCBO_const  -1.69506e-03   6.45826e-04  -0.00000e+00   4.24272e+03
 MIGRAD FAILS TO FIND IMPROVEMENT
 FCN=1065.99 FROM HESSE     STATUS=NOT POSDEF     58 CALLS         464 TOTAL
                     EDM=12.014    STRATEGY= 1      ERR MATRIX NOT POS-DEF
  EXT PARAMETER                APPROXIMATE        STEP         FIRST   
  NO.   NAME      VALUE            ERROR          SIZE      DERIVATIVE 
   1  N0           3.49932e+06     fixed    
   2  tau          6.44119e+01   constant   
   3  A0           3.53899e-01     fixed    
   4  phi          4.12078e+00     fixed    
   5  R           -6.09180e+01   constant   
   6  A_CBO        9.83131e-04   1.24732e-03   2.87579e-06   1.27934e+02
   7  w_CBO        2.32744e+00   1.89505e-06   1.10981e-06  -1.75209e+06
   8  phi_CBO      4.26670e-01     fixed    
   9  ANx2         2.22853e-04   constant   
  10  pNx2         5.08518e+00   constant   
  11  ANy1         0.00000e+00   constant   
  12  pNy1         0.00000e+00   constant   
  13  w_y          0.00000e+00   constant   
  14  ANy2         7.20566e-04   1.39856e-04   2.93475e-06  -2.53414e+02
  15  pNy2         3.29982e+00   constant   
  16  w_vw         1.43191e+01   constant   
  17  LM           2.21951e-04   constant   
  18  wCBO_expCoeff   2.00000e+02   1.62857e-04   9.53674e-05  -2.03929e+04
  19  wCBO_expOffset   2.00000e+02   8.34456e-05   9.53676e-05  -1.48076e+05
  20  wCBO_expT    2.99999e+01   1.62224e-05   1.43051e-05   6.74747e+05
  21  wCBO_linCoeff   0.00000e+00   constant   
  22  wCBO_const  -2.11491e-03   1.93273e-03   1.55196e-05   7.13114e+02
 MIGRAD FAILS TO FIND IMPROVEMENT
 MIGRAD TERMINATED WITHOUT CONVERGENCE.
 FCN=1055.66 FROM MIGRAD    STATUS=FAILED        220 CALLS         547 TOTAL
                     EDM=0.717752    STRATEGY= 1      ERR MATRIX NOT POS-DEF
  EXT PARAMETER                APPROXIMATE        STEP         FIRST   
  NO.   NAME      VALUE            ERROR          SIZE      DERIVATIVE 
   1  N0           3.49932e+06     fixed    
   2  tau          6.44119e+01   constant   
   3  A0           3.53899e-01     fixed    
   4  phi          4.12078e+00     fixed    
   5  R           -6.09180e+01   constant   
   6  A_CBO        1.11401e-03   1.89161e-04  -0.00000e+00   1.02498e+03
   7  w_CBO        2.32744e+00   3.77979e-07   0.00000e+00  -1.68444e+06
   8  phi_CBO      4.26670e-01     fixed    
   9  ANx2         2.22853e-04   constant   
  10  pNx2         5.08518e+00   constant   
  11  ANy1         0.00000e+00   constant   
  12  pNy1         0.00000e+00   constant   
  13  w_y          0.00000e+00   constant   
  14  ANy2         8.31772e-04   1.17989e-04  -0.00000e+00   1.65697e+03
  15  pNy2         3.29982e+00   constant   
  16  w_vw         1.43191e+01   constant   
  17  LM           2.21951e-04   constant   
  18  wCBO_expCoeff   2.00000e+02   3.24973e-05   0.00000e+00  -1.96002e+04
  19  wCBO_expOffset   2.00000e+02   5.33078e-06   0.00000e+00   5.18498e+03
  20  wCBO_expT    2.99999e+01   4.68977e-06   0.00000e+00  -8.14932e+03
  21  wCBO_linCoeff   0.00000e+00   constant   
  22  wCBO_const  -1.00403e-02   2.42414e-03   0.00000e+00  -4.00272e+02
 EXTERNAL ERROR MATRIX.    NDIM=  25    NPAR=  7    ERR DEF=1
  3.578e-08 -9.180e-12  3.755e-09 -7.869e-10 -3.630e-10 -4.638e-10 -1.382e-07 
 -9.180e-12  1.429e-13  5.630e-12  2.930e-12 -7.470e-13 -5.702e-13 -4.666e-10 
  3.755e-09  5.630e-12  1.392e-08  4.848e-10 -1.635e-10 -1.694e-10 -8.393e-08 
 -7.869e-10  2.930e-12  4.848e-10  1.056e-09 -6.433e-11 -4.912e-11 -4.016e-08 
 -3.630e-10 -7.470e-13 -1.635e-10 -6.433e-11  2.842e-11  2.069e-11  1.033e-08 
 -4.638e-10 -5.702e-13 -1.694e-10 -4.912e-11  2.069e-11  2.199e-11  1.042e-08 
 -1.382e-07 -4.666e-10 -8.393e-08 -4.016e-08  1.033e-08  1.042e-08  5.876e-06 
ERR MATRIX NOT POS-DEF
 PARAMETER  CORRELATION COEFFICIENTS  
       NO.  GLOBAL      6      7     14     18     19     20     22
        6  0.69788   1.000 -0.128  0.168 -0.128 -0.360 -0.523 -0.301
        7  0.67103  -0.128  1.000  0.126  0.239 -0.371 -0.322 -0.509
       14  0.31064   0.168  0.126  1.000  0.126 -0.260 -0.306 -0.293
       18  0.67129  -0.128  0.239  0.126  1.000 -0.371 -0.322 -0.510
       19  0.84078  -0.360 -0.371 -0.260 -0.371  1.000  0.828  0.800
       20  0.96720  -0.523 -0.322 -0.306 -0.322  0.828  1.000  0.916
       22  0.96657  -0.301 -0.509 -0.293 -0.510  0.800  0.916  1.000
 ERR MATRIX NOT POS-DEF
MINUIT - FIT ONLY 2-CBO
 **********
 **   43 **RES 
 **********
                   PARAMETER    8  phi_CBO RESTORED TO VARIABLE.
                   PARAMETER    4  phi RESTORED TO VARIABLE.
                   PARAMETER    3  A0 RESTORED TO VARIABLE.
                   PARAMETER    1  N0 RESTORED TO VARIABLE.
 **********
 **   44 **FIX            0
 **********
 PARAMETER    0  IS UNDEFINED. IGNORED.
 **********
 **   45 **FIX            1
 **********
 **********
 **   46 **FIX            2
 **********
 PARAMETER    2  IS CONSTANT.   IGNORED.
 **********
 **   47 **FIX            3
 **********
 **********
 **   48 **FIX            4
 **********
 **********
 **   49 **FIX            5
 **********
 PARAMETER    5  IS CONSTANT.   IGNORED.
 **********
 **   50 **FIX            6
 **********
 **********
 **   51 **FIX            7
 **********
 **********
 **   52 **FIX           10
 **********
 PARAMETER   10  IS CONSTANT.   IGNORED.
 **********
 **   53 **FIX           11
 **********
 PARAMETER   11  IS CONSTANT.   IGNORED.
 **********
 **   54 **FIX           12
 **********
 PARAMETER   12  IS CONSTANT.   IGNORED.
 **********
 **   55 **FIX           13
 **********
 PARAMETER   13  IS CONSTANT.   IGNORED.
 **********
 **   56 **FIX           14
 **********
 **********
 **   57 **FIX           15
 **********
 PARAMETER   15  IS CONSTANT.   IGNORED.
 **********
 **   58 **FIX           16
 **********
 PARAMETER   16  IS CONSTANT.   IGNORED.
 **********
 **   59 **MIGRAD
 **********
 START MIGRAD MINIMIZATION.  STRATEGY  1.  CONVERGENCE WHEN EDM .LT. 1.00e-04
 FCN=1055.66 FROM MIGRAD    STATUS=INITIATE       12 CALLS         559 TOTAL
                     EDM= unknown      STRATEGY= 1      NO ERROR MATRIX       
  EXT PARAMETER               CURRENT GUESS       STEP         FIRST   
  NO.   NAME      VALUE            ERROR          SIZE      DERIVATIVE 
   1  N0           3.49932e+06     fixed    
   2  tau          6.44119e+01   constant   
   3  A0           3.53899e-01     fixed    
   4  phi          4.12078e+00     fixed    
   5  R           -6.09180e+01   constant   
   6  A_CBO        1.11401e-03     fixed    
   7  w_CBO        2.32744e+00     fixed    
   8  phi_CBO      4.26670e-01   1.07426e-01   1.07426e-01   1.01326e+00
   9  ANx2         2.22853e-04   constant   
  10  pNx2         5.08518e+00   constant   
  11  ANy1         0.00000e+00   constant   
  12  pNy1         0.00000e+00   constant   
  13  w_y          0.00000e+00   constant   
  14  ANy2         8.31772e-04     fixed    
  15  pNy2         3.29982e+00   constant   
  16  w_vw         1.43191e+01   constant   
  17  LM           2.21951e-04   constant   
  18  wCBO_expCoeff   2.00000e+02   3.24973e-05   0.00000e+00  -1.96002e+04
  19  wCBO_expOffset   2.00000e+02   5.33078e-06   0.00000e+00   5.18498e+03
  20  wCBO_expT    2.99999e+01   4.68977e-06   0.00000e+00  -8.14932e+03
  21  wCBO_linCoeff   0.00000e+00   constant   
  22  wCBO_const  -1.00403e-02   2.42414e-03   0.00000e+00  -4.00272e+02
 MIGRAD MINIMIZATION HAS CONVERGED.
 MIGRAD WILL VERIFY CONVERGENCE AND ERROR MATRIX.
 FCN=741.002 FROM MIGRAD    STATUS=CONVERGED     216 CALLS         763 TOTAL
                     EDM=1.81811e-06    STRATEGY= 1      ERR MATRIX NOT POS-DEF
  EXT PARAMETER                APPROXIMATE        STEP         FIRST   
  NO.   NAME      VALUE            ERROR          SIZE      DERIVATIVE 
   1  N0           3.49932e+06     fixed    
   2  tau          6.44119e+01   constant   
   3  A0           3.53899e-01     fixed    
   4  phi          4.12078e+00     fixed    
   5  R           -6.09180e+01   constant   
   6  A_CBO        1.11401e-03     fixed    
   7  w_CBO        2.32744e+00     fixed    
   8  phi_CBO      1.24841e+00   4.11429e-01   9.61364e-04   2.17732e-02
   9  ANx2         2.22853e-04   constant   
  10  pNx2         5.08518e+00   constant   
  11  ANy1         0.00000e+00   constant   
  12  pNy1         0.00000e+00   constant   
  13  w_y          0.00000e+00   constant   
  14  ANy2         8.31772e-04     fixed    
  15  pNy2         3.29982e+00   constant   
  16  w_vw         1.43191e+01   constant   
  17  LM           2.21951e-04   constant   
  18  wCBO_expCoeff  -1.77183e+01   3.22198e-03   8.44875e-06  -6.63101e+00
  19  wCBO_expOffset   1.69609e+03   2.54951e+00   2.76465e-03   8.35651e-03
  20  wCBO_expT    1.40605e+04   2.25847e+01   2.44290e-02  -9.35545e-04
  21  wCBO_linCoeff   0.00000e+00   constant   
  22  wCBO_const  -5.46815e+01   3.62021e-03   2.60742e-05  -5.92573e+00
 EXTERNAL ERROR MATRIX.    NDIM=  25    NPAR=  5    ERR DEF=1
  1.693e-01  1.465e-04 -1.163e-01  1.182e+00  1.606e-04 
  1.465e-04  1.038e-05  2.587e-03 -2.280e-02 -3.728e-06 
 -1.163e-01  2.587e-03  6.500e+00  1.790e+01  2.937e-03 
  1.182e+00 -2.280e-02  1.790e+01  5.101e+02 -2.581e-02 
  1.606e-04 -3.728e-06  2.937e-03 -2.581e-02  1.311e-05 
ERR MATRIX NOT POS-DEF
 PARAMETER  CORRELATION COEFFICIENTS  
       NO.  GLOBAL      8     18     19     20     22
        8  0.98453   1.000  0.111 -0.111  0.127  0.108
       18  0.99671   0.111  1.000  0.315 -0.313 -0.320
       19  0.99669  -0.111  0.315  1.000  0.311  0.318
       20  0.99671   0.127 -0.313  0.311  1.000 -0.316
       22  0.99673   0.108 -0.320  0.318 -0.316  1.000
 ERR MATRIX NOT POS-DEF
MINUIT - FIT ONLY 1-y
 **********
 **   60 **RES 
 **********
                   PARAMETER   14  ANy2 RESTORED TO VARIABLE.
                   PARAMETER    7  w_CBO RESTORED TO VARIABLE.
                   PARAMETER    6  A_CBO RESTORED TO VARIABLE.
                   PARAMETER    4  phi RESTORED TO VARIABLE.
                   PARAMETER    3  A0 RESTORED TO VARIABLE.
                   PARAMETER    1  N0 RESTORED TO VARIABLE.
 **********
 **   61 **FIX            0
 **********
 PARAMETER    0  IS UNDEFINED. IGNORED.
 **********
 **   62 **FIX            1
 **********
 **********
 **   63 **FIX            2
 **********
 PARAMETER    2  IS CONSTANT.   IGNORED.
 **********
 **   64 **FIX            3
 **********
 **********
 **   65 **FIX            4
 **********
 **********
 **   66 **FIX            5
 **********
 PARAMETER    5  IS CONSTANT.   IGNORED.
 **********
 **   67 **FIX            6
 **********
 **********
 **   68 **FIX            7
 **********
 **********
 **   69 **FIX            8
 **********
 **********
 **   70 **FIX            9
 **********
 PARAMETER    9  IS CONSTANT.   IGNORED.
 **********
 **   71 **FIX           13
 **********
 PARAMETER   13  IS CONSTANT.   IGNORED.
 **********
 **   72 **FIX           14
 **********
 **********
 **   73 **FIX           15
 **********
 PARAMETER   15  IS CONSTANT.   IGNORED.
 **********
 **   74 **FIX           16
 **********
 PARAMETER   16  IS CONSTANT.   IGNORED.
 **********
 **   75 **MIGRAD
 **********
 START MIGRAD MINIMIZATION.  STRATEGY  1.  CONVERGENCE WHEN EDM .LT. 1.00e-04
 FCN=741.002 FROM MIGRAD    STATUS=INITIATE        8 CALLS         771 TOTAL
                     EDM= unknown      STRATEGY= 1      NO ERROR MATRIX       
  EXT PARAMETER               CURRENT GUESS       STEP         FIRST   
  NO.   NAME      VALUE            ERROR          SIZE      DERIVATIVE 
   1  N0           3.49932e+06     fixed    
   2  tau          6.44119e+01   constant   
   3  A0           3.53899e-01     fixed    
   4  phi          4.12078e+00     fixed    
   5  R           -6.09180e+01   constant   
   6  A_CBO        1.11401e-03     fixed    
   7  w_CBO        2.32744e+00     fixed    
   8  phi_CBO      1.24841e+00     fixed    
   9  ANx2         2.22853e-04   constant   
  10  pNx2         5.08518e+00   constant   
  11  ANy1         0.00000e+00   constant   
  12  pNy1         0.00000e+00   constant   
  13  w_y          0.00000e+00   constant   
  14  ANy2         8.31772e-04     fixed    
  15  pNy2         3.29982e+00   constant   
  16  w_vw         1.43191e+01   constant   
  17  LM           2.21951e-04   constant   
  18  wCBO_expCoeff  -1.77183e+01   3.22198e-03   8.44875e-06  -6.62987e+00
  19  wCBO_expOffset   1.69609e+03   2.54951e+00   2.76465e-03   8.35623e-03
  20  wCBO_expT    1.40605e+04   2.25847e+01   2.44290e-02  -9.35530e-04
  21  wCBO_linCoeff   0.00000e+00   constant   
  22  wCBO_const  -5.46815e+01   3.62021e-03   2.60742e-05  -5.91795e+00
 MIGRAD FAILS TO FIND IMPROVEMENT
 FCN=741.002 FROM HESSE     STATUS=NOT POSDEF     23 CALLS         795 TOTAL
                     EDM=7.66203e-07    STRATEGY= 1      ERR MATRIX NOT POS-DEF
  EXT PARAMETER                APPROXIMATE        STEP         FIRST   
  NO.   NAME      VALUE            ERROR          SIZE      DERIVATIVE 
   1  N0           3.49932e+06     fixed    
   2  tau          6.44119e+01   constant   
   3  A0           3.53899e-01     fixed    
   4  phi          4.12078e+00     fixed    
   5  R           -6.09180e+01   constant   
   6  A_CBO        1.11401e-03     fixed    
   7  w_CBO        2.32744e+00     fixed    
   8  phi_CBO      1.24841e+00     fixed    
   9  ANx2         2.22853e-04   constant   
  10  pNx2         5.08518e+00   constant   
  11  ANy1         0.00000e+00   constant   
  12  pNy1         0.00000e+00   constant   
  13  w_y          0.00000e+00   constant   
  14  ANy2         8.31772e-04     fixed    
  15  pNy2         3.29982e+00   constant   
  16  w_vw         1.43191e+01   constant   
  17  LM           2.21951e-04   constant   
  18  wCBO_expCoeff  -1.77183e+01   3.56970e-03   8.44875e-06  -6.63101e+00
  19  wCBO_expOffset   1.69609e+03   2.82260e+00   2.76422e-03   8.35657e-03
  20  wCBO_expT    1.40605e+04   2.49582e+01   2.44250e-02  -9.35550e-04
  21  wCBO_linCoeff   0.00000e+00   constant   
  22  wCBO_const  -5.46815e+01   4.01570e-03   2.60742e-05  -5.92573e+00
 MIGRAD MINIMIZATION HAS CONVERGED.
 MIGRAD WILL VERIFY CONVERGENCE AND ERROR MATRIX.
 FCN=741.002 FROM MIGRAD    STATUS=CONVERGED      66 CALLS         829 TOTAL
                     EDM=3.4511e-08    STRATEGY= 1      ERR MATRIX NOT POS-DEF
  EXT PARAMETER                APPROXIMATE        STEP         FIRST   
  NO.   NAME      VALUE            ERROR          SIZE      DERIVATIVE 
   1  N0           3.49932e+06     fixed    
   2  tau          6.44119e+01   constant   
   3  A0           3.53899e-01     fixed    
   4  phi          4.12078e+00     fixed    
   5  R           -6.09180e+01   constant   
   6  A_CBO        1.11401e-03     fixed    
   7  w_CBO        2.32744e+00     fixed    
   8  phi_CBO      1.24841e+00     fixed    
   9  ANx2         2.22853e-04   constant   
  10  pNx2         5.08518e+00   constant   
  11  ANy1         0.00000e+00   constant   
  12  pNy1         0.00000e+00   constant   
  13  w_y          0.00000e+00   constant   
  14  ANy2         8.31772e-04     fixed    
  15  pNy2         3.29982e+00   constant   
  16  w_vw         1.43191e+01   constant   
  17  LM           2.21951e-04   constant   
  18  wCBO_expCoeff  -1.77183e+01   3.56986e-03   8.44875e-06  -2.33667e-02
  19  wCBO_expOffset   1.69609e+03   2.82280e+00   2.76422e-03   2.99564e-05
  20  wCBO_expT    1.40605e+04   2.49598e+01   2.44250e-02   6.76563e-06
  21  wCBO_linCoeff   0.00000e+00   constant   
  22  wCBO_const  -5.46815e+01   4.01576e-03   2.60742e-05  -2.76032e-02
 EXTERNAL ERROR MATRIX.    NDIM=  25    NPAR=  4    ERR DEF=1
  1.274e-05  3.335e-03 -2.958e-02 -4.821e-06 
  3.335e-03  7.968e+00  2.318e+01  3.793e-03 
 -2.958e-02  2.318e+01  6.230e+02 -3.353e-02 
 -4.821e-06  3.793e-03 -3.353e-02  1.613e-05 
ERR MATRIX NOT POS-DEF
 PARAMETER  CORRELATION COEFFICIENTS  
       NO.  GLOBAL     18     19     20     22
       18  0.99732   1.000  0.331 -0.332 -0.336
       19  0.99730   0.331  1.000  0.329  0.335
       20  0.99730  -0.332  0.329  1.000 -0.335
       22  0.99734  -0.336  0.335 -0.335  1.000
 ERR MATRIX NOT POS-DEF
MINUIT - FIT ONLY 2-y
 **********
 **   76 **RES 
 **********
                   PARAMETER   14  ANy2 RESTORED TO VARIABLE.
                   PARAMETER    8  phi_CBO RESTORED TO VARIABLE.
                   PARAMETER    7  w_CBO RESTORED TO VARIABLE.
                   PARAMETER    6  A_CBO RESTORED TO VARIABLE.
                   PARAMETER    4  phi RESTORED TO VARIABLE.
                   PARAMETER    3  A0 RESTORED TO VARIABLE.
                   PARAMETER    1  N0 RESTORED TO VARIABLE.
 **********
 **   77 **FIX            0
 **********
 PARAMETER    0  IS UNDEFINED. IGNORED.
 **********
 **   78 **FIX            1
 **********
 **********
 **   79 **FIX            2
 **********
 PARAMETER    2  IS CONSTANT.   IGNORED.
 **********
 **   80 **FIX            3
 **********
 **********
 **   81 **FIX            4
 **********
 **********
 **   82 **FIX            5
 **********
 PARAMETER    5  IS CONSTANT.   IGNORED.
 **********
 **   83 **FIX            6
 **********
 **********
 **   84 **FIX            7
 **********
 **********
 **   85 **FIX            8
 **********
 **********
 **   86 **FIX            9
 **********
 PARAMETER    9  IS CONSTANT.   IGNORED.
 **********
 **   87 **FIX           10
 **********
 PARAMETER   10  IS CONSTANT.   IGNORED.
 **********
 **   88 **FIX           11
 **********
 PARAMETER   11  IS CONSTANT.   IGNORED.
 **********
 **   89 **FIX           12
 **********
 PARAMETER   12  IS CONSTANT.   IGNORED.
 **********
 **   90 **FIX           16
 **********
 PARAMETER   16  IS CONSTANT.   IGNORED.
 **********
 **   91 **MIGRAD
 **********
 START MIGRAD MINIMIZATION.  STRATEGY  1.  CONVERGENCE WHEN EDM .LT. 1.00e-04
 FCN=741.002 FROM MIGRAD    STATUS=INITIATE       10 CALLS         839 TOTAL
                     EDM= unknown      STRATEGY= 1      NO ERROR MATRIX       
  EXT PARAMETER               CURRENT GUESS       STEP         FIRST   
  NO.   NAME      VALUE            ERROR          SIZE      DERIVATIVE 
