 + ++++++++++++++++++++++++++++++++++++++++++++++++++++++++++++++++++++ +
 +                                                                      +
 +           You have chose to blind your fitting according to          +
 +                omega_ref * (1 + (R +/- deltaR) *10^{-6})             +
 +                                                                      +
 + ++++++++++++++++++++++++++++++++++++++++++++++++++++++++++++++++++++ +
In main()...
reading format from /gm2data/zkhechad/run45/envelope/formats/formatB_sBin_constraintOn.txt
pBinTau 	= 0  
pBinPhi 	= 0  
constraintau 	= 1 
includeMopTerm 	= 0    
constrainMop    = 0   
Parameters after format file: pBinTau 0 pBinPhi 0 constraintau 1 includeMopTerm 0 constrainMop 0 c_e_scale 0.000000 
reading cbo reference file (full fit) from /gm2data/zkhechad/cboTemplates/Run4CBOTemplates/fullFits/run4/sBin_constraintOn_cE0.0_seed0_run4_calo15.root
A_CBO 0.008274 w_CBO 2.326361 phi_CBO 0.928510 N0 2995032.431773 R -60.169268 tau 64.399261 
Reading cboRef file /gm2data/zkhechad/cboTemplates/Run4CBOTemplates//cboIsolate/run4_calo15.root
deltaT 164.120000
windowBins = 1100
fitting sliding window 1780 from bin 1983 at 295.863600 to bin 3083 at 459.983600 (1100 bins)

Reading data from /gm2data/cornell/histograms/aMethod/histogram_a_run4.root
fitting cbo isolate
 **********
 **    1 **SET PRINTOUT            1
 **********
 **********
 **    2 **SET NOWARNINGS 
 **********
 PARAMETER DEFINITIONS:
    NO.   NAME         VALUE      STEP SIZE      LIMITS
     1 A_CBO        8.27396e-03  1.00000e-05     no limits
     2 w_CBO        2.32636e+00  1.00000e-02    2.00000e+00  3.00000e+00
     3 phi_CBO      9.28510e-01  1.00000e-02    0.00000e+00  6.28319e+00
 **********
 **    3 **MIGRAD
 **********
 FIRST CALL TO USER FUNCTION AT NEW START POINT, WITH IFLAG=4.
 START MIGRAD MINIMIZATION.  STRATEGY  1.  CONVERGENCE WHEN EDM .LT. 1.00e-04
 FCN=0.0832349 FROM MIGRAD    STATUS=INITIATE       12 CALLS          13 TOTAL
                     EDM= unknown      STRATEGY= 1      NO ERROR MATRIX       
  EXT PARAMETER               CURRENT GUESS       STEP         FIRST   
  NO.   NAME      VALUE            ERROR          SIZE      DERIVATIVE 
   1  A_CBO        8.27396e-03   1.00000e-05   1.00000e-05   6.75804e+00
   2  w_CBO        2.32636e+00   1.00000e-02   2.13296e-02   3.06699e-01
   3  phi_CBO      9.28510e-01   1.00000e-02   4.48483e-03  -3.43954e-03
 MIGRAD MINIMIZATION HAS CONVERGED.
 MIGRAD WILL VERIFY CONVERGENCE AND ERROR MATRIX.
 COVARIANCE MATRIX CALCULATED SUCCESSFULLY
 FCN=0.0625111 FROM MIGRAD    STATUS=CONVERGED      49 CALLS          50 TOTAL
                     EDM=1.0402e-05    STRATEGY= 1      ERROR MATRIX ACCURATE 
  EXT PARAMETER                                   STEP         FIRST   
  NO.   NAME      VALUE            ERROR          SIZE      DERIVATIVE 
   1  A_CBO        2.13663e-03   4.29316e-02   2.14391e-05  -1.75288e-02
   2  w_CBO        2.32625e+00   3.70382e-01   5.34972e-05   1.17117e-03
   3  phi_CBO      9.65217e-01   3.35313e+00   4.25688e-03   4.44510e-05
 EXTERNAL ERROR MATRIX.    NDIM=  25    NPAR=  3    ERR DEF=1
  1.843e-03 -2.302e-03 -9.189e-01 
 -2.302e-03  1.823e-01  7.228e+01 
 -9.189e-01  7.228e+01  2.905e+04 
 PARAMETER  CORRELATION COEFFICIENTS  
       NO.  GLOBAL      1      2      3
        1  0.12580   1.000 -0.126 -0.126
        2  0.99316  -0.126  1.000  0.993
        3  0.99316  -0.126  0.993  1.000
setting A_CBO=0.002137 w_CBO=2.326251, phi_CBO=0.965217
done fitting cbo isolate
 **********
 **    1 **SET PRINTOUT            1
 **********
 **********
 **    2 **SET NOWARNINGS 
 **********
 PARAMETER DEFINITIONS:
    NO.   NAME         VALUE      STEP SIZE      LIMITS
     1 N0           2.99503e+06  1.00000e+02     no limits
     2 tau          6.43993e+01  constant
     3 A0           3.54065e-01  1.00000e-04     no limits
     4 phi          4.11942e+00  1.00000e-02     no limits
     5 R           -6.01693e+01  constant
     6 A_CBO        2.13663e-03  1.00000e-05     no limits
     7 w_CBO        2.32625e+00  1.00000e-03     no limits
     8 phi_CBO      9.65217e-01  1.00000e-04     no limits
     9 ANx2         6.17909e-04  constant
    10 pNx2         3.86483e+00  constant
    11 ANy1         0.00000e+00  constant
    12 pNy1         0.00000e+00  constant
    13 w_y          0.00000e+00  constant
    14 ANy2         7.96733e-03  1.00000e-04     no limits
    15 pNy2         1.76471e+00  constant
    16 w_vw         1.43097e+01  constant
    17 LM          -1.37296e-04  constant
    18 wCBO_expCoeff   2.00000e+02  1.00000e+00     no limits
    19 wCBO_expOffset   2.00000e+02  1.00000e+00     no limits
    20 wCBO_expT    3.00000e+01  1.00000e+00     no limits
    21 wCBO_linCoeff   0.00000e+00  constant
    22 wCBO_const   0.00000e+00  1.00000e-02     no limits
MINUIT - FIT ONLY WIGGLE
 **********
 **    3 **FIX            5
 **********
 PARAMETER    5  IS CONSTANT.   IGNORED.
 **********
 **    4 **FIX            6
 **********
 **********
 **    5 **FIX            7
 **********
 **********
 **    6 **FIX            8
 **********
 **********
 **    7 **FIX            9
 **********
 PARAMETER    9  IS CONSTANT.   IGNORED.
 **********
 **    8 **FIX           10
 **********
 PARAMETER   10  IS CONSTANT.   IGNORED.
 **********
 **    9 **FIX           11
 **********
 PARAMETER   11  IS CONSTANT.   IGNORED.
 **********
 **   10 **FIX           12
 **********
 PARAMETER   12  IS CONSTANT.   IGNORED.
 **********
 **   11 **FIX           13
 **********
 PARAMETER   13  IS CONSTANT.   IGNORED.
 **********
 **   12 **FIX           14
 **********
 **********
 **   13 **FIX           15
 **********
 PARAMETER   15  IS CONSTANT.   IGNORED.
 **********
 **   14 **FIX           16
 **********
 PARAMETER   16  IS CONSTANT.   IGNORED.
 **********
 **   15 **MIGRAD
 **********
 FIRST CALL TO USER FUNCTION AT NEW START POINT, WITH IFLAG=4.
 START MIGRAD MINIMIZATION.  STRATEGY  1.  CONVERGENCE WHEN EDM .LT. 1.00e-04
 FCN=623.637 FROM MIGRAD    STATUS=INITIATE       32 CALLS          33 TOTAL
                     EDM= unknown      STRATEGY= 1      NO ERROR MATRIX       
  EXT PARAMETER               CURRENT GUESS       STEP         FIRST   
  NO.   NAME      VALUE            ERROR          SIZE      DERIVATIVE 
   1  N0           2.99503e+06   1.00000e+02   1.00000e+02   2.23233e-03
   2  tau          6.43993e+01   constant   
   3  A0           3.54065e-01   1.00000e-04   1.00000e-04   3.50897e+03
   4  phi          4.11942e+00   1.00000e-02   1.00000e-02   2.84740e+02
   5  R           -6.01693e+01   constant   
   6  A_CBO        2.13663e-03     fixed    
   7  w_CBO        2.32625e+00     fixed    
   8  phi_CBO      9.65217e-01     fixed    
   9  ANx2         6.17909e-04   constant   
  10  pNx2         3.86483e+00   constant   
  11  ANy1         0.00000e+00   constant   
  12  pNy1         0.00000e+00   constant   
  13  w_y          0.00000e+00   constant   
  14  ANy2         7.96733e-03     fixed    
  15  pNy2         1.76471e+00   constant   
  16  w_vw         1.43097e+01   constant   
  17  LM          -1.37296e-04   constant   
  18  wCBO_expCoeff   2.00000e+02   1.00000e+00   1.00000e+00  -1.17005e+02
  19  wCBO_expOffset   2.00000e+02   1.00000e+00   1.00000e+00  -7.80095e+02
  20  wCBO_expT    3.00000e+01   1.00000e+00   1.00000e+00  -2.60353e+03
  21  wCBO_linCoeff   0.00000e+00   constant   
  22  wCBO_const   0.00000e+00   1.00000e-02   1.00000e-02  -2.07773e+03
 MIGRAD MINIMIZATION HAS CONVERGED.
 FCN=614.524 FROM MIGRAD    STATUS=CONVERGED     171 CALLS         172 TOTAL
                     EDM=6.14756e-06    STRATEGY= 1  ERROR MATRIX UNCERTAINTY   0.6 per cent
  EXT PARAMETER                                   STEP         FIRST   
  NO.   NAME      VALUE            ERROR          SIZE      DERIVATIVE 
   1  N0           2.99359e+06   1.02821e+03  -1.68342e+00  -9.21077e-07
   2  tau          6.43993e+01   constant   
   3  A0           3.53744e-01   4.47537e-04  -3.45116e-06  -7.15156e+00
   4  phi          4.11871e+00   1.33114e-03   8.87977e-06  -7.42259e-01
   5  R           -6.01693e+01   constant   
   6  A_CBO        2.13663e-03     fixed    
   7  w_CBO        2.32625e+00     fixed    
   8  phi_CBO      9.65217e-01     fixed    
   9  ANx2         6.17909e-04   constant   
  10  pNx2         3.86483e+00   constant   
  11  ANy1         0.00000e+00   constant   
  12  pNy1         0.00000e+00   constant   
  13  w_y          0.00000e+00   constant   
  14  ANy2         7.96733e-03     fixed    
  15  pNy2         1.76471e+00   constant   
  16  w_vw         1.43097e+01   constant   
  17  LM          -1.37296e-04   constant   
  18  wCBO_expCoeff   2.00162e+02   1.09672e-01   4.94925e-04  -1.27825e-01
  19  wCBO_expOffset   2.00024e+02   1.64152e-02   7.37540e-05  -8.23008e-01
  20  wCBO_expT    2.99950e+01   1.00669e-02  -5.02298e-05  -2.65710e+00
  21  wCBO_linCoeff   0.00000e+00   constant   
  22  wCBO_const   1.23118e-03   8.40127e-04  -3.79660e-06  -1.03286e+00
 EXTERNAL ERROR MATRIX.    NDIM=  25    NPAR=  7    ERR DEF=1
  1.057e+06  6.967e-03  9.585e-03 -6.982e+00 -1.044e+00  6.119e-01 -9.807e-03 
  6.967e-03  2.003e-07  2.854e-09 -4.741e-07 -6.832e-08  5.658e-08 -1.741e-08 
  9.585e-03  2.854e-09  1.772e-06 -1.577e-06 -2.416e-07  7.537e-08  1.360e-08 
 -6.982e+00 -4.741e-07 -1.577e-06  1.203e-02  1.678e-03 -1.075e-03  4.243e-05 
 -1.044e+00 -6.832e-08 -2.416e-07  1.678e-03  2.695e-04 -1.609e-04  6.352e-06 
  6.119e-01  5.658e-08  7.537e-08 -1.075e-03 -1.609e-04  1.013e-04 -4.723e-06 
 -9.807e-03 -1.741e-08  1.360e-08  4.243e-05  6.352e-06 -4.723e-06  7.058e-07 
 PARAMETER  CORRELATION COEFFICIENTS  
       NO.  GLOBAL      1      3      4     18     19     20     22
        1  0.06945   1.000  0.015  0.007 -0.062 -0.062  0.059 -0.011
        3  0.05663   0.015  1.000  0.005 -0.010 -0.009  0.013 -0.046
        4  0.04688   0.007  0.005  1.000 -0.011 -0.011  0.006  0.012
       18  0.98799  -0.062 -0.010 -0.011  1.000  0.932 -0.974  0.460
       19  0.98792  -0.062 -0.009 -0.011  0.932  1.000 -0.974  0.461
       20  0.99668   0.059  0.013  0.006 -0.974 -0.974  1.000 -0.558
       22  0.84416  -0.011 -0.046  0.012  0.460  0.461 -0.558  1.000
MINUIT - FIT ONLY 1-CBO + other amplitudes 
 **********
 **   16 **RES 
 **********
                   PARAMETER   14  ANy2 RESTORED TO VARIABLE.
                   PARAMETER    8  phi_CBO RESTORED TO VARIABLE.
                   PARAMETER    7  w_CBO RESTORED TO VARIABLE.
                   PARAMETER    6  A_CBO RESTORED TO VARIABLE.
 **********
 **   17 **FIX            0
 **********
 PARAMETER    0  IS UNDEFINED. IGNORED.
 **********
 **   18 **FIX            1
 **********
 **********
 **   19 **FIX            2
 **********
 PARAMETER    2  IS CONSTANT.   IGNORED.
 **********
 **   20 **FIX            3
 **********
 **********
 **   21 **FIX            4
 **********
 **********
 **   22 **FIX            9
 **********
 PARAMETER    9  IS CONSTANT.   IGNORED.
 **********
 **   23 **FIX           11
 **********
 PARAMETER   11  IS CONSTANT.   IGNORED.
 **********
 **   24 **FIX           12
 **********
 PARAMETER   12  IS CONSTANT.   IGNORED.
 **********
 **   25 **FIX           14
 **********
 **********
 **   26 **FIX           15
 **********
 PARAMETER   15  IS CONSTANT.   IGNORED.
 **********
 **   27 **FIX           16
 **********
 PARAMETER   16  IS CONSTANT.   IGNORED.
 **********
 **   28 **MIGRAD
 **********
 START MIGRAD MINIMIZATION.  STRATEGY  1.  CONVERGENCE WHEN EDM .LT. 1.00e-04
 FCN=614.524 FROM MIGRAD    STATUS=INITIATE       20 CALLS         192 TOTAL
                     EDM= unknown      STRATEGY= 1      NO ERROR MATRIX       
  EXT PARAMETER               CURRENT GUESS       STEP         FIRST   
  NO.   NAME      VALUE            ERROR          SIZE      DERIVATIVE 
   1  N0           2.99359e+06     fixed    
   2  tau          6.43993e+01   constant   
   3  A0           3.53744e-01     fixed    
   4  phi          4.11871e+00     fixed    
   5  R           -6.01693e+01   constant   
   6  A_CBO        2.13663e-03   1.00000e-05   1.00000e-05   1.43034e+04
   7  w_CBO        2.32625e+00   1.00000e-03   1.00000e-03  -1.14690e+01
   8  phi_CBO      9.65217e-01   1.00000e-04   1.00000e-04  -5.40802e+00
   9  ANx2         6.17909e-04   constant   
  10  pNx2         3.86483e+00   constant   
  11  ANy1         0.00000e+00   constant   
  12  pNy1         0.00000e+00   constant   
  13  w_y          0.00000e+00   constant   
  14  ANy2         7.96733e-03     fixed    
  15  pNy2         1.76471e+00   constant   
  16  w_vw         1.43097e+01   constant   
  17  LM          -1.37296e-04   constant   
  18  wCBO_expCoeff   2.00162e+02   1.09672e-01   4.94925e-04  -1.27824e-01
  19  wCBO_expOffset   2.00024e+02   1.64152e-02   7.37540e-05  -8.23008e-01
  20  wCBO_expT    2.99950e+01   1.00669e-02  -5.02298e-05  -2.65710e+00
  21  wCBO_linCoeff   0.00000e+00   constant   
  22  wCBO_const   1.23118e-03   8.40127e-04  -3.79660e-06  -1.03211e+00
 MIGRAD MINIMIZATION HAS CONVERGED.
 FCN=600.074 FROM MIGRAD    STATUS=CONVERGED     193 CALLS         365 TOTAL
                     EDM=3.63885e-06    STRATEGY= 1  ERROR MATRIX UNCERTAINTY   4.0 per cent
  EXT PARAMETER                                   STEP         FIRST   
  NO.   NAME      VALUE            ERROR          SIZE      DERIVATIVE 
   1  N0           2.99359e+06     fixed    
   2  tau          6.43993e+01   constant   
   3  A0           3.53744e-01     fixed    
   4  phi          4.11871e+00     fixed    
   5  R           -6.01693e+01   constant   
   6  A_CBO        5.51197e-04   4.90738e-04  -1.63016e-05   1.94252e+00
   7  w_CBO        2.32654e+00   9.21798e-04   6.40294e-06  -2.45430e+00
   8  phi_CBO      2.24983e+00   9.83747e-01  -2.89573e-02  -8.59526e-04
   9  ANx2         6.17909e-04   constant   
  10  pNx2         3.86483e+00   constant   
  11  ANy1         0.00000e+00   constant   
  12  pNy1         0.00000e+00   constant   
  13  w_y          0.00000e+00   constant   
  14  ANy2         7.96733e-03     fixed    
  15  pNy2         1.76471e+00   constant   
  16  w_vw         1.43097e+01   constant   
  17  LM          -1.37296e-04   constant   
  18  wCBO_expCoeff   2.00188e+02   1.04695e-01   6.66422e-04  -2.02633e-02
  19  wCBO_expOffset   2.00028e+02   1.56627e-02   9.96541e-05  -1.35367e-01
  20  wCBO_expT    2.99912e+01   1.35462e-02  -1.24024e-04  -2.94399e-01
  21  wCBO_linCoeff   0.00000e+00   constant   
  22  wCBO_const   2.16459e-03   6.63971e-04   9.87844e-06  -1.64091e+00
 EXTERNAL ERROR MATRIX.    NDIM=  25    NPAR=  7    ERR DEF=1
  2.408e-07 -3.896e-08  2.665e-06 -4.148e-06 -6.204e-07  6.971e-07 -4.917e-08 
 -3.896e-08  8.497e-07  1.099e-04  9.297e-05  1.391e-05 -1.224e-05  3.018e-07 
  2.665e-06  1.099e-04  9.678e-01  1.118e-02  1.672e-03 -1.300e-03  2.015e-04 
 -4.148e-06  9.297e-05  1.118e-02  1.096e-02  1.588e-03 -1.393e-03  3.337e-05 
 -6.204e-07  1.391e-05  1.672e-03  1.588e-03  2.453e-04 -2.084e-04  4.991e-06 
  6.971e-07 -1.224e-05 -1.300e-03 -1.393e-03 -2.084e-04  1.835e-04 -4.941e-06 
 -4.917e-08  3.018e-07  2.015e-04  3.337e-05  4.991e-06 -4.941e-06  4.409e-07 
 PARAMETER  CORRELATION COEFFICIENTS  
       NO.  GLOBAL      6      7      8     18     19     20     22
        6  0.20872   1.000 -0.086  0.006 -0.081 -0.081  0.105 -0.151
        7  0.98422  -0.086  1.000  0.121  0.963  0.963 -0.981  0.493
        8  0.50997   0.006  0.121  1.000  0.109  0.109 -0.098  0.309
       18  0.98624  -0.081  0.963  0.109  1.000  0.968 -0.982  0.480
       19  0.98620  -0.081  0.963  0.109  0.968  1.000 -0.982  0.480
       20  0.99670   0.105 -0.981 -0.098 -0.982 -0.982  1.000 -0.549
       22  0.80312  -0.151  0.493  0.309  0.480  0.480 -0.549  1.000
MINUIT - FIT ONLY 1-CBO
 **********
 **   29 **RES 
 **********
                   PARAMETER   14  ANy2 RESTORED TO VARIABLE.
                   PARAMETER    4  phi RESTORED TO VARIABLE.
                   PARAMETER    3  A0 RESTORED TO VARIABLE.
                   PARAMETER    1  N0 RESTORED TO VARIABLE.
 **********
 **   30 **FIX            0
 **********
 PARAMETER    0  IS UNDEFINED. IGNORED.
 **********
 **   31 **FIX            1
 **********
 **********
 **   32 **FIX            2
 **********
 PARAMETER    2  IS CONSTANT.   IGNORED.
 **********
 **   33 **FIX            3
 **********
 **********
 **   34 **FIX            4
 **********
 **********
 **   35 **FIX            8
 **********
 **********
 **   36 **FIX            9
 **********
 PARAMETER    9  IS CONSTANT.   IGNORED.
 **********
 **   37 **FIX           11
 **********
 PARAMETER   11  IS CONSTANT.   IGNORED.
 **********
 **   38 **FIX           12
 **********
 PARAMETER   12  IS CONSTANT.   IGNORED.
 **********
 **   39 **FIX           13
 **********
 PARAMETER   13  IS CONSTANT.   IGNORED.
 **********
 **   40 **FIX           15
 **********
 PARAMETER   15  IS CONSTANT.   IGNORED.
 **********
 **   41 **FIX           16
 **********
 PARAMETER   16  IS CONSTANT.   IGNORED.
 **********
 **   42 **MIGRAD
 **********
 START MIGRAD MINIMIZATION.  STRATEGY  1.  CONVERGENCE WHEN EDM .LT. 1.00e-04
 FCN=600.074 FROM MIGRAD    STATUS=INITIATE       16 CALLS         381 TOTAL
                     EDM= unknown      STRATEGY= 1      NO ERROR MATRIX       
  EXT PARAMETER               CURRENT GUESS       STEP         FIRST   
  NO.   NAME      VALUE            ERROR          SIZE      DERIVATIVE 
   1  N0           2.99359e+06     fixed    
   2  tau          6.43993e+01   constant   
   3  A0           3.53744e-01     fixed    
   4  phi          4.11871e+00     fixed    
   5  R           -6.01693e+01   constant   
   6  A_CBO        5.51197e-04   4.90738e-04  -1.63016e-05   1.94252e+00
   7  w_CBO        2.32654e+00   9.21798e-04   6.40294e-06  -2.45429e+00
   8  phi_CBO      2.24983e+00     fixed    
   9  ANx2         6.17909e-04   constant   
  10  pNx2         3.86483e+00   constant   
  11  ANy1         0.00000e+00   constant   
  12  pNy1         0.00000e+00   constant   
  13  w_y          0.00000e+00   constant   
  14  ANy2         7.96733e-03   1.00000e-04   1.00000e-04   7.14964e+04
  15  pNy2         1.76471e+00   constant   
  16  w_vw         1.43097e+01   constant   
  17  LM          -1.37296e-04   constant   
  18  wCBO_expCoeff   2.00188e+02   1.04695e-01   6.66422e-04  -2.02633e-02
  19  wCBO_expOffset   2.00028e+02   1.56627e-02   9.96541e-05  -1.35367e-01
  20  wCBO_expT    2.99912e+01   1.35462e-02  -1.24024e-04  -2.94399e-01
  21  wCBO_linCoeff   0.00000e+00   constant   
  22  wCBO_const   2.16459e-03   6.63971e-04   9.87844e-06  -1.64084e+00
 MIGRAD MINIMIZATION HAS CONVERGED.
 MIGRAD WILL VERIFY CONVERGENCE AND ERROR MATRIX.
 FCN=307.644 FROM MIGRAD    STATUS=CONVERGED     178 CALLS         543 TOTAL
                     EDM=2.91738e-05    STRATEGY= 1      ERR MATRIX NOT POS-DEF
  EXT PARAMETER                APPROXIMATE        STEP         FIRST   
  NO.   NAME      VALUE            ERROR          SIZE      DERIVATIVE 
   1  N0           2.99359e+06     fixed    
   2  tau          6.43993e+01   constant   
   3  A0           3.53744e-01     fixed    
   4  phi          4.11871e+00     fixed    
   5  R           -6.01693e+01   constant   
   6  A_CBO        5.83415e-04   5.03323e-04   4.02672e-06   5.89712e+00
   7  w_CBO        2.32667e+00   4.44573e-03   3.32754e-06   2.01907e+00
   8  phi_CBO      2.24983e+00     fixed    
   9  ANx2         6.17909e-04   constant   
  10  pNx2         3.86483e+00   constant   
  11  ANy1         0.00000e+00   constant   
  12  pNy1         0.00000e+00   constant   
  13  w_y          0.00000e+00   constant   
  14  ANy2        -2.21454e-04   4.76008e-04   4.09364e-06   6.51338e-01
  15  pNy2         1.76471e+00   constant   
  16  w_vw         1.43097e+01   constant   
  17  LM          -1.37296e-04   constant   
  18  wCBO_expCoeff   2.00214e+02   4.75339e-01   3.68492e-04   2.45982e-02
  19  wCBO_expOffset   2.00032e+02   8.07389e-02   9.53827e-05   1.65231e-01
  20  wCBO_expT    2.99922e+01   1.89293e-02   1.46922e-05   1.48345e-01
  21  wCBO_linCoeff   0.00000e+00   constant   
  22  wCBO_const   1.75433e-03   1.97981e-03   4.53507e-06  -2.26915e-01
 EXTERNAL ERROR MATRIX.    NDIM=  25    NPAR=  7    ERR DEF=1
  2.533e-07 -1.468e-07 -9.690e-09 -2.275e-05 -6.090e-06  3.034e-06  1.737e-08 
 -1.468e-07  1.976e-05  2.547e-08 -5.061e-04 -1.136e-04 -1.857e-05 -7.848e-06 
 -9.690e-09  2.547e-08  2.266e-07  3.421e-06  1.047e-06 -5.242e-07  4.629e-09 
 -2.275e-05 -5.061e-04  3.421e-06  2.259e-01 -1.841e-02 -2.487e-03  2.888e-04 
 -6.090e-06 -1.136e-04  1.047e-06 -1.841e-02  6.519e-03 -6.446e-04  6.720e-05 
  3.034e-06 -1.857e-05 -5.242e-07 -2.487e-03 -6.446e-04  3.583e-04 -3.637e-06 
  1.737e-08 -7.848e-06  4.629e-09  2.888e-04  6.720e-05 -3.637e-06  3.920e-06 
ERR MATRIX NOT POS-DEF
 PARAMETER  CORRELATION COEFFICIENTS  
       NO.  GLOBAL      6      7     14     18     19     20     22
        6  0.37166   1.000 -0.066 -0.040 -0.095 -0.150  0.318  0.017
        7  0.99621  -0.066  1.000  0.012 -0.239 -0.316 -0.221 -0.892
       14  0.06344  -0.040  0.012  1.000  0.015  0.027 -0.058  0.005
       18  0.99594  -0.095 -0.239  0.015  1.000 -0.480 -0.276  0.307
       19  0.99684  -0.150 -0.316  0.027 -0.480  1.000 -0.422  0.420
       20  0.99593   0.318 -0.221 -0.058 -0.276 -0.422  1.000 -0.097
       22  0.96394   0.017 -0.892  0.005  0.307  0.420 -0.097  1.000
 ERR MATRIX NOT POS-DEF
MINUIT - FIT ONLY 2-CBO
 **********
 **   43 **RES 
 **********
                   PARAMETER    8  phi_CBO RESTORED TO VARIABLE.
                   PARAMETER    4  phi RESTORED TO VARIABLE.
                   PARAMETER    3  A0 RESTORED TO VARIABLE.
                   PARAMETER    1  N0 RESTORED TO VARIABLE.
 **********
 **   44 **FIX            0
 **********
 PARAMETER    0  IS UNDEFINED. IGNORED.
 **********
 **   45 **FIX            1
 **********
 **********
 **   46 **FIX            2
 **********
 PARAMETER    2  IS CONSTANT.   IGNORED.
 **********
 **   47 **FIX            3
 **********
 **********
 **   48 **FIX            4
 **********
 **********
 **   49 **FIX            5
 **********
 PARAMETER    5  IS CONSTANT.   IGNORED.
 **********
 **   50 **FIX            6
 **********
 **********
 **   51 **FIX            7
 **********
 **********
 **   52 **FIX           10
 **********
 PARAMETER   10  IS CONSTANT.   IGNORED.
 **********
 **   53 **FIX           11
 **********
 PARAMETER   11  IS CONSTANT.   IGNORED.
 **********
 **   54 **FIX           12
 **********
 PARAMETER   12  IS CONSTANT.   IGNORED.
 **********
 **   55 **FIX           13
 **********
 PARAMETER   13  IS CONSTANT.   IGNORED.
 **********
 **   56 **FIX           14
 **********
 **********
 **   57 **FIX           15
 **********
 PARAMETER   15  IS CONSTANT.   IGNORED.
 **********
 **   58 **FIX           16
 **********
 PARAMETER   16  IS CONSTANT.   IGNORED.
 **********
 **   59 **MIGRAD
 **********
 START MIGRAD MINIMIZATION.  STRATEGY  1.  CONVERGENCE WHEN EDM .LT. 1.00e-04
 FCN=307.644 FROM MIGRAD    STATUS=INITIATE       10 CALLS         553 TOTAL
                     EDM= unknown      STRATEGY= 1      NO ERROR MATRIX       
  EXT PARAMETER               CURRENT GUESS       STEP         FIRST   
  NO.   NAME      VALUE            ERROR          SIZE      DERIVATIVE 
   1  N0           2.99359e+06     fixed    
   2  tau          6.43993e+01   constant   
   3  A0           3.53744e-01     fixed    
   4  phi          4.11871e+00     fixed    
   5  R           -6.01693e+01   constant   
   6  A_CBO        5.83415e-04     fixed    
   7  w_CBO        2.32667e+00     fixed    
   8  phi_CBO      2.24983e+00   9.83747e-01   9.83747e-01  -8.84054e-02
   9  ANx2         6.17909e-04   constant   
  10  pNx2         3.86483e+00   constant   
  11  ANy1         0.00000e+00   constant   
  12  pNy1         0.00000e+00   constant   
  13  w_y          0.00000e+00   constant   
  14  ANy2        -2.21454e-04     fixed    
  15  pNy2         1.76471e+00   constant   
  16  w_vw         1.43097e+01   constant   
  17  LM          -1.37296e-04   constant   
  18  wCBO_expCoeff   2.00214e+02   4.75339e-01   3.68492e-04   2.48070e-02
  19  wCBO_expOffset   2.00032e+02   8.07389e-02   9.53827e-05   1.68481e-01
  20  wCBO_expT    2.99922e+01   1.89293e-02   1.46922e-05   1.54097e-01
  21  wCBO_linCoeff   0.00000e+00   constant   
  22  wCBO_const   1.75433e-03   1.97981e-03   4.53507e-06  -2.16795e-01
 MIGRAD MINIMIZATION HAS CONVERGED.
 MIGRAD WILL VERIFY CONVERGENCE AND ERROR MATRIX.
 FCN=307.642 FROM HESSE     STATUS=NOT POSDEF     31 CALLS         619 TOTAL
                     EDM=0.000210946    STRATEGY= 1      ERR MATRIX NOT POS-DEF
  EXT PARAMETER                APPROXIMATE        STEP         FIRST   
  NO.   NAME      VALUE            ERROR          SIZE      DERIVATIVE 
   1  N0           2.99359e+06     fixed    
   2  tau          6.43993e+01   constant   
   3  A0           3.53744e-01     fixed    
   4  phi          4.11871e+00     fixed    
   5  R           -6.01693e+01   constant   
   6  A_CBO        5.83415e-04     fixed    
   7  w_CBO        2.32667e+00     fixed    
   8  phi_CBO      2.29856e+00   1.11643e+00   7.12804e-03  -1.77129e-03
   9  ANx2         6.17909e-04   constant   
  10  pNx2         3.86483e+00   constant   
  11  ANy1         0.00000e+00   constant   
  12  pNy1         0.00000e+00   constant   
  13  w_y          0.00000e+00   constant   
  14  ANy2        -2.21454e-04     fixed    
  15  pNy2         1.76471e+00   constant   
  16  w_vw         1.43097e+01   constant   
  17  LM          -1.37296e-04   constant   
  18  wCBO_expCoeff   2.00214e+02   5.04018e-01   3.63944e-04  -1.37686e-02
  19  wCBO_expOffset   2.00032e+02   8.38830e-02   9.53827e-05  -9.09463e-02
  20  wCBO_expT    2.99922e+01   2.00286e-02   1.45366e-05   1.15063e+00
  21  wCBO_linCoeff   0.00000e+00   constant   
  22  wCBO_const   1.77538e-03   1.15948e-03   4.53572e-06   1.27775e+00
 MIGRAD MINIMIZATION HAS CONVERGED.
 MIGRAD WILL VERIFY CONVERGENCE AND ERROR MATRIX.
 FCN=307.641 FROM MIGRAD    STATUS=CONVERGED     121 CALLS         664 TOTAL
                     EDM=1.45681e-05    STRATEGY= 1      ERR MATRIX NOT POS-DEF
  EXT PARAMETER                APPROXIMATE        STEP         FIRST   
  NO.   NAME      VALUE            ERROR          SIZE      DERIVATIVE 
   1  N0           2.99359e+06     fixed    
   2  tau          6.43993e+01   constant   
   3  A0           3.53744e-01     fixed    
   4  phi          4.11871e+00     fixed    
   5  R           -6.01693e+01   constant   
   6  A_CBO        5.83415e-04     fixed    
   7  w_CBO        2.32667e+00     fixed    
   8  phi_CBO      2.32981e+00   1.14733e+00   7.11118e-03   4.56334e-03
   9  ANx2         6.17909e-04   constant   
  10  pNx2         3.86483e+00   constant   
  11  ANy1         0.00000e+00   constant   
  12  pNy1         0.00000e+00   constant   
  13  w_y          0.00000e+00   constant   
  14  ANy2        -2.21454e-04     fixed    
  15  pNy2         1.76471e+00   constant   
  16  w_vw         1.43097e+01   constant   
  17  LM          -1.37296e-04   constant   
  18  wCBO_expCoeff   2.00226e+02   5.19134e-01   3.63180e-04  -9.14808e-02
  19  wCBO_expOffset   2.00035e+02   8.22495e-02   9.53842e-05  -6.10407e-01
  20  wCBO_expT    2.99908e+01   2.31736e-02   1.45243e-05  -2.36629e+00
  21  wCBO_linCoeff   0.00000e+00   constant   
  22  wCBO_const   1.83504e-03   1.24739e-03   4.53061e-06  -9.36171e+00
 EXTERNAL ERROR MATRIX.    NDIM=  25    NPAR=  5    ERR DEF=1
  1.316e+00  1.183e-01  1.825e-02 -1.056e-02  9.007e-04 
  1.183e-01  2.695e-01 -2.076e-02 -5.569e-03  2.265e-04 
  1.825e-02 -2.076e-02  6.765e-03 -1.038e-03  4.025e-05 
 -1.056e-02 -5.569e-03 -1.038e-03  5.370e-04 -2.230e-05 
  9.007e-04  2.265e-04  4.025e-05 -2.230e-05  1.556e-06 
ERR MATRIX NOT POS-DEF
 PARAMETER  CORRELATION COEFFICIENTS  
       NO.  GLOBAL      8     18     19     20     22
        8  0.68482   1.000  0.199  0.193 -0.397  0.629
       18  0.99658   0.199  1.000 -0.486 -0.463  0.350
       19  0.99694   0.193 -0.486  1.000 -0.545  0.392
       20  0.99729  -0.397 -0.463 -0.545  1.000 -0.772
       22  0.90649   0.629  0.350  0.392 -0.772  1.000
 ERR MATRIX NOT POS-DEF
MINUIT - FIT ONLY 1-y
 **********
 **   60 **RES 
 **********
                   PARAMETER   14  ANy2 RESTORED TO VARIABLE.
                   PARAMETER    7  w_CBO RESTORED TO VARIABLE.
                   PARAMETER    6  A_CBO RESTORED TO VARIABLE.
                   PARAMETER    4  phi RESTORED TO VARIABLE.
                   PARAMETER    3  A0 RESTORED TO VARIABLE.
                   PARAMETER    1  N0 RESTORED TO VARIABLE.
 **********
 **   61 **FIX            0
 **********
 PARAMETER    0  IS UNDEFINED. IGNORED.
 **********
 **   62 **FIX            1
 **********
 **********
 **   63 **FIX            2
 **********
 PARAMETER    2  IS CONSTANT.   IGNORED.
 **********
 **   64 **FIX            3
 **********
 **********
 **   65 **FIX            4
 **********
 **********
 **   66 **FIX            5
 **********
 PARAMETER    5  IS CONSTANT.   IGNORED.
 **********
 **   67 **FIX            6
 **********
 **********
 **   68 **FIX            7
 **********
 **********
 **   69 **FIX            8
 **********
 **********
 **   70 **FIX            9
 **********
 PARAMETER    9  IS CONSTANT.   IGNORED.
 **********
 **   71 **FIX           13
 **********
 PARAMETER   13  IS CONSTANT.   IGNORED.
 **********
 **   72 **FIX           14
 **********
 **********
 **   73 **FIX           15
 **********
 PARAMETER   15  IS CONSTANT.   IGNORED.
 **********
 **   74 **FIX           16
 **********
 PARAMETER   16  IS CONSTANT.   IGNORED.
 **********
 **   75 **MIGRAD
 **********
 START MIGRAD MINIMIZATION.  STRATEGY  1.  CONVERGENCE WHEN EDM .LT. 1.00e-04
 FCN=307.641 FROM MIGRAD    STATUS=INITIATE        8 CALLS         672 TOTAL
                     EDM= unknown      STRATEGY= 1      NO ERROR MATRIX       
  EXT PARAMETER               CURRENT GUESS       STEP         FIRST   
  NO.   NAME      VALUE            ERROR          SIZE      DERIVATIVE 
   1  N0           2.99359e+06     fixed    
   2  tau          6.43993e+01   constant   
   3  A0           3.53744e-01     fixed    
   4  phi          4.11871e+00     fixed    
   5  R           -6.01693e+01   constant   
   6  A_CBO        5.83415e-04     fixed    
   7  w_CBO        2.32667e+00     fixed    
   8  phi_CBO      2.32981e+00     fixed    
   9  ANx2         6.17909e-04   constant   
  10  pNx2         3.86483e+00   constant   
  11  ANy1         0.00000e+00   constant   
  12  pNy1         0.00000e+00   constant   
  13  w_y          0.00000e+00   constant   
  14  ANy2        -2.21454e-04     fixed    
  15  pNy2         1.76471e+00   constant   
  16  w_vw         1.43097e+01   constant   
  17  LM          -1.37296e-04   constant   
  18  wCBO_expCoeff   2.00226e+02   5.19134e-01   3.63180e-04  -9.14114e-02
  19  wCBO_expOffset   2.00035e+02   8.22495e-02   9.53842e-05  -6.09325e-01
  20  wCBO_expT    2.99908e+01   2.31736e-02   1.45243e-05  -2.36267e+00
  21  wCBO_linCoeff   0.00000e+00   constant   
  22  wCBO_const   1.83504e-03   1.24739e-03   4.53061e-06  -9.35288e+00
 MIGRAD MINIMIZATION HAS CONVERGED.
 MIGRAD WILL VERIFY CONVERGENCE AND ERROR MATRIX.
 FCN=307.641 FROM MIGRAD    STATUS=CONVERGED      41 CALLS         705 TOTAL
                     EDM=4.04182e-06    STRATEGY= 1      ERR MATRIX NOT POS-DEF
  EXT PARAMETER                APPROXIMATE        STEP         FIRST   
  NO.   NAME      VALUE            ERROR          SIZE      DERIVATIVE 
   1  N0           2.99359e+06     fixed    
   2  tau          6.43993e+01   constant   
   3  A0           3.53744e-01     fixed    
   4  phi          4.11871e+00     fixed    
   5  R           -6.01693e+01   constant   
   6  A_CBO        5.83415e-04     fixed    
   7  w_CBO        2.32667e+00     fixed    
   8  phi_CBO      2.32981e+00     fixed    
   9  ANx2         6.17909e-04   constant   
  10  pNx2         3.86483e+00   constant   
  11  ANy1         0.00000e+00   constant   
  12  pNy1         0.00000e+00   constant   
  13  w_y          0.00000e+00   constant   
  14  ANy2        -2.21454e-04     fixed    
  15  pNy2         1.76471e+00   constant   
  16  w_vw         1.43097e+01   constant   
  17  LM          -1.37296e-04   constant   
  18  wCBO_expCoeff   2.00226e+02   5.50424e-01   3.69211e-04   1.19073e-02
  19  wCBO_expOffset   2.00035e+02   8.78665e-02   9.53842e-05   7.98187e-02
  20  wCBO_expT    2.99908e+01   2.31690e-02   1.46723e-05   2.88832e-01
  21  wCBO_linCoeff   0.00000e+00   constant   
  22  wCBO_const   1.83543e-03   1.01556e-03   4.53069e-06  -2.33183e+00
 EXTERNAL ERROR MATRIX.    NDIM=  25    NPAR=  4    ERR DEF=1
  3.030e-01 -2.625e-02 -5.403e-03  1.715e-04 
 -2.625e-02  7.721e-03 -1.071e-03  3.361e-05 
 -5.403e-03 -1.071e-03  5.368e-04 -1.785e-05 
  1.715e-04  3.361e-05 -1.785e-05  1.031e-06 
ERR MATRIX NOT POS-DEF
 PARAMETER  CORRELATION COEFFICIENTS  
       NO.  GLOBAL     18     19     20     22
       18  0.99695   1.000 -0.543 -0.424  0.307
       19  0.99732  -0.543  1.000 -0.526  0.377
       20  0.99729  -0.424 -0.526  1.000 -0.759
       22  0.85496   0.307  0.377 -0.759  1.000
 ERR MATRIX NOT POS-DEF
MINUIT - FIT ONLY 2-y
 **********
 **   76 **RES 
 **********
                   PARAMETER   14  ANy2 RESTORED TO VARIABLE.
                   PARAMETER    8  phi_CBO RESTORED TO VARIABLE.
                   PARAMETER    7  w_CBO RESTORED TO VARIABLE.
                   PARAMETER    6  A_CBO RESTORED TO VARIABLE.
                   PARAMETER    4  phi RESTORED TO VARIABLE.
                   PARAMETER    3  A0 RESTORED TO VARIABLE.
                   PARAMETER    1  N0 RESTORED TO VARIABLE.
 **********
 **   77 **FIX            0
 **********
 PARAMETER    0  IS UNDEFINED. IGNORED.
 **********
 **   78 **FIX            1
 **********
 **********
 **   79 **FIX            2
 **********
 PARAMETER    2  IS CONSTANT.   IGNORED.
 **********
 **   80 **FIX            3
 **********
 **********
 **   81 **FIX            4
 **********
 **********
 **   82 **FIX            5
 **********
 PARAMETER    5  IS CONSTANT.   IGNORED.
 **********
 **   83 **FIX            6
 **********
 **********
 **   84 **FIX            7
 **********
 **********
 **   85 **FIX            8
 **********
 **********
 **   86 **FIX            9
 **********
 PARAMETER    9  IS CONSTANT.   IGNORED.
 **********
 **   87 **FIX           10
 **********
 PARAMETER   10  IS CONSTANT.   IGNORED.
 **********
 **   88 **FIX           11
 **********
 PARAMETER   11  IS CONSTANT.   IGNORED.
 **********
 **   89 **FIX           12
 **********
 PARAMETER   12  IS CONSTANT.   IGNORED.
 **********
 **   90 **FIX           16
 **********
 PARAMETER   16  IS CONSTANT.   IGNORED.
 **********
 **   91 **MIGRAD
 **********
 START MIGRAD MINIMIZATION.  STRATEGY  1.  CONVERGENCE WHEN EDM .LT. 1.00e-04
 FCN=307.641 FROM MIGRAD    STATUS=INITIATE       10 CALLS         715 TOTAL
                     EDM= unknown      STRATEGY= 1      NO ERROR MATRIX       
  EXT PARAMETER               CURRENT GUESS       STEP         FIRST   
  NO.   NAME      VALUE            ERROR          SIZE      DERIVATIVE 
   1  N0           2.99359e+06     fixed    
   2  tau          6.43993e+01   constant   
   3  A0           3.53744e-01     fixed    
   4  phi          4.11871e+00     fixed    
   5  R           -6.01693e+01   constant   
   6  A_CBO        5.83415e-04     fixed    
   7  w_CBO        2.32667e+00     fixed    
   8  phi_CBO      2.32981e+00     fixed    
   9  ANx2         6.17909e-04   constant   
  10  pNx2         3.86483e+00   constant   
  11  ANy1         0.00000e+00   constant   
  12  pNy1         0.00000e+00   constant   
  13  w_y          0.00000e+00   constant   
  14  ANy2        -2.21454e-04   4.76008e-04   4.76008e-04  -3.31799e+01
  15  pNy2         1.76471e+00   constant   
  16  w_vw         1.43097e+01   constant   
  17  LM          -1.37296e-04   constant   
  18  wCBO_expCoeff   2.00226e+02   5.50424e-01   3.69211e-04   1.19728e-02
  19  wCBO_expOffset   2.00035e+02   8.78665e-02   9.53842e-05   8.08423e-02
  20  wCBO_expT    2.99908e+01   2.31690e-02   1.46723e-05   2.92394e-01
  21  wCBO_linCoeff   0.00000e+00   constant   
  22  wCBO_const   1.83543e-03   1.01556e-03   4.53069e-06  -2.32306e+00
 MIGRAD MINIMIZATION HAS CONVERGED.
 MIGRAD WILL VERIFY CONVERGENCE AND ERROR MATRIX.
 FCN=307.641 FROM MIGRAD    STATUS=CONVERGED      52 CALLS         757 TOTAL
                     EDM=5.14578e-06    STRATEGY= 1      ERR MATRIX NOT POS-DEF
  EXT PARAMETER                APPROXIMATE        STEP         FIRST   
  NO.   NAME      VALUE            ERROR          SIZE      DERIVATIVE 
   1  N0           2.99359e+06     fixed    
   2  tau          6.43993e+01   constant   
   3  A0           3.53744e-01     fixed    
   4  phi          4.11871e+00     fixed    
   5  R           -6.01693e+01   constant   
   6  A_CBO        5.83415e-04     fixed    
   7  w_CBO        2.32667e+00     fixed    
   8  phi_CBO      2.32981e+00     fixed    
   9  ANx2         6.17909e-04   constant   
  10  pNx2         3.86483e+00   constant   
  11  ANy1         0.00000e+00   constant   
  12  pNy1         0.00000e+00   constant   
  13  w_y          0.00000e+00   constant   
  14  ANy2        -2.17676e-04   4.77087e-04   4.09360e-06   1.78804e-02
  15  pNy2         1.76471e+00   constant   
  16  w_vw         1.43097e+01   constant   
  17  LM          -1.37296e-04   constant   
  18  wCBO_expCoeff   2.00226e+02   5.49851e-01   3.69135e-04  -1.06452e-02
  19  wCBO_expOffset   2.00035e+02   8.78785e-02   9.53842e-05  -7.07382e-02
  20  wCBO_expT    2.99908e+01   2.31532e-02   1.46673e-05  -1.83822e-01
  21  wCBO_linCoeff   0.00000e+00   constant   
  22  wCBO_const   1.83576e-03   1.01514e-03   4.52976e-06  -1.98857e+00
 EXTERNAL ERROR MATRIX.    NDIM=  25    NPAR=  5    ERR DEF=1
  2.276e-07  7.038e-06  1.519e-06 -7.229e-07  2.330e-08 
  7.038e-06  3.023e-01 -2.624e-02 -5.379e-03  1.708e-04 
  1.519e-06 -2.624e-02  7.723e-03 -1.072e-03  3.365e-05 
 -7.229e-07 -5.379e-03 -1.072e-03  5.361e-04 -1.783e-05 
  2.330e-08  1.708e-04  3.365e-05 -1.783e-05  1.031e-06 
ERR MATRIX NOT POS-DEF
 PARAMETER  CORRELATION COEFFICIENTS  
       NO.  GLOBAL     14     18     19     20     22
       14  0.06651   1.000  0.027  0.036 -0.065  0.048
       18  0.99695   0.027  1.000 -0.543 -0.423  0.306
       19  0.99732   0.036 -0.543  1.000 -0.527  0.377
       20  0.99728  -0.065 -0.423 -0.527  1.000 -0.759
       22  0.85486   0.048  0.306  0.377 -0.759  1.000
 ERR MATRIX NOT POS-DEF
MINUIT - FIT ALTOGETHER
 **********
 **   92 **RES 
 **********
                   PARAMETER    8  phi_CBO RESTORED TO VARIABLE.
                   PARAMETER    7  w_CBO RESTORED TO VARIABLE.
                   PARAMETER    6  A_CBO RESTORED TO VARIABLE.
                   PARAMETER    4  phi RESTORED TO VARIABLE.
                   PARAMETER    3  A0 RESTORED TO VARIABLE.
                   PARAMETER    1  N0 RESTORED TO VARIABLE.
 **********
 **   93 **MIGRAD
 **********
 START MIGRAD MINIMIZATION.  STRATEGY  1.  CONVERGENCE WHEN EDM .LT. 1.00e-04
 FCN=307.641 FROM MIGRAD    STATUS=INITIATE       22 CALLS         779 TOTAL
                     EDM= unknown      STRATEGY= 1      NO ERROR MATRIX       
  EXT PARAMETER               CURRENT GUESS       STEP         FIRST   
  NO.   NAME      VALUE            ERROR          SIZE      DERIVATIVE 
   1  N0           2.99359e+06   1.02821e+03   1.02821e+03  -3.27308e-04
   2  tau          6.43993e+01   constant   
   3  A0           3.53744e-01   4.47537e-04   4.47537e-04   8.32813e+02
   4  phi          4.11871e+00   1.33114e-03   1.33114e-03  -1.67723e+02
   5  R           -6.01693e+01   constant   
