 + ++++++++++++++++++++++++++++++++++++++++++++++++++++++++++++++++++++ +
 +                                                                      +
 +           You have chose to blind your fitting according to          +
 +                omega_ref * (1 + (R +/- deltaR) *10^{-6})             +
 +                                                                      +
 + ++++++++++++++++++++++++++++++++++++++++++++++++++++++++++++++++++++ +
In main()...
reading format from /gm2data/zkhechad/run45/envelope/formats/formatB_sBin_constraintOn.txt
pBinTau 	= 0  
pBinPhi 	= 0  
constraintau 	= 1 
includeMopTerm 	= 0    
constrainMop    = 0   
Parameters after format file: pBinTau 0 pBinPhi 0 constraintau 1 includeMopTerm 0 constrainMop 0 c_e_scale 0.000000 
reading cbo reference file (full fit) from /gm2data/zkhechad/cboTemplates/Run4CBOTemplates/fullFits/run4/sBin_constraintOn_cE0.0_seed0_run4_calo11.root
A_CBO 0.010027 w_CBO 2.327222 phi_CBO 0.184420 N0 3062002.636939 R -61.179583 tau 64.395304 
Reading cboRef file /gm2data/zkhechad/cboTemplates/Run4CBOTemplates//cboIsolate/run4_calo11.root
deltaT 164.120000
windowBins = 1100
fitting sliding window 1800 from bin 2003 at 298.847600 to bin 3103 at 462.967600 (1100 bins)

Reading data from /gm2data/cornell/histograms/aMethod/histogram_a_run4.root
fitting cbo isolate
 **********
 **    1 **SET PRINTOUT            1
 **********
 **********
 **    2 **SET NOWARNINGS 
 **********
 PARAMETER DEFINITIONS:
    NO.   NAME         VALUE      STEP SIZE      LIMITS
     1 A_CBO        1.00270e-02  1.00000e-05     no limits
     2 w_CBO        2.32722e+00  1.00000e-02    2.00000e+00  3.00000e+00
     3 phi_CBO      1.84420e-01  1.00000e-02    0.00000e+00  6.28319e+00
 **********
 **    3 **MIGRAD
 **********
 FIRST CALL TO USER FUNCTION AT NEW START POINT, WITH IFLAG=4.
 START MIGRAD MINIMIZATION.  STRATEGY  1.  CONVERGENCE WHEN EDM .LT. 1.00e-04
 FCN=0.101062 FROM MIGRAD    STATUS=INITIATE       12 CALLS          13 TOTAL
                     EDM= unknown      STRATEGY= 1      NO ERROR MATRIX       
  EXT PARAMETER               CURRENT GUESS       STEP         FIRST   
  NO.   NAME      VALUE            ERROR          SIZE      DERIVATIVE 
   1  A_CBO        1.00270e-02   1.00000e-05   1.00000e-05   8.76929e+00
   2  w_CBO        2.32722e+00   1.00000e-02   2.13152e-02  -7.60289e-02
   3  phi_CBO      1.84420e-01   1.00000e-02   9.43260e-03   3.72083e-04
 MIGRAD MINIMIZATION HAS CONVERGED.
 MIGRAD WILL VERIFY CONVERGENCE AND ERROR MATRIX.
 FCN=0.0659807 FROM MIGRAD    STATUS=CONVERGED      41 CALLS          42 TOTAL
                     EDM=3.24017e-05    STRATEGY= 1      ERR MATRIX NOT POS-DEF
  EXT PARAMETER                APPROXIMATE        STEP         FIRST   
  NO.   NAME      VALUE            ERROR          SIZE      DERIVATIVE 
   1  A_CBO        2.02624e-03   4.20955e-02   2.15348e-05  -1.14037e-04
   2  w_CBO        2.32728e+00   6.02074e-01   6.22246e-05   1.01333e-02
   3  phi_CBO      1.69921e-01   4.10950e+00   1.06807e-02  -8.28866e-05
 EXTERNAL ERROR MATRIX.    NDIM=  25    NPAR=  3    ERR DEF=1
  1.772e-03 -3.348e-03 -1.234e+00 
 -3.348e-03  8.245e-01  3.067e+02 
 -1.234e+00  3.067e+02  1.146e+05 
ERR MATRIX NOT POS-DEF
 PARAMETER  CORRELATION COEFFICIENTS  
       NO.  GLOBAL      1      2      3
        1  0.08851   1.000 -0.088 -0.087
        2  0.99804  -0.088  1.000  0.998
        3  0.99804  -0.087  0.998  1.000
 ERR MATRIX NOT POS-DEF
setting A_CBO=0.002026 w_CBO=2.327276, phi_CBO=0.169921
done fitting cbo isolate
 **********
 **    1 **SET PRINTOUT            1
 **********
 **********
 **    2 **SET NOWARNINGS 
 **********
 PARAMETER DEFINITIONS:
    NO.   NAME         VALUE      STEP SIZE      LIMITS
     1 N0           3.06200e+06  1.00000e+02     no limits
     2 tau          6.43953e+01  constant
     3 A0           3.42893e-01  1.00000e-04     no limits
     4 phi          4.11802e+00  1.00000e-02     no limits
     5 R           -6.11796e+01  constant
     6 A_CBO        2.02624e-03  1.00000e-05     no limits
     7 w_CBO        2.32728e+00  1.00000e-03     no limits
     8 phi_CBO      1.69921e-01  1.00000e-04     no limits
     9 ANx2         4.90616e-04  constant
    10 pNx2         2.30674e+00  constant
    11 ANy1         0.00000e+00  constant
    12 pNy1         0.00000e+00  constant
    13 w_y          0.00000e+00  constant
    14 ANy2         9.23997e-03  1.00000e-04     no limits
    15 pNy2         3.41148e-01  constant
    16 w_vw         1.43130e+01  constant
    17 LM          -3.45991e-04  constant
    18 wCBO_expCoeff   2.00000e+02  1.00000e+00     no limits
    19 wCBO_expOffset   2.00000e+02  1.00000e+00     no limits
    20 wCBO_expT    3.00000e+01  1.00000e+00     no limits
    21 wCBO_linCoeff   0.00000e+00  constant
    22 wCBO_const   0.00000e+00  1.00000e-02     no limits
MINUIT - FIT ONLY WIGGLE
 **********
 **    3 **FIX            5
 **********
 PARAMETER    5  IS CONSTANT.   IGNORED.
 **********
 **    4 **FIX            6
 **********
 **********
 **    5 **FIX            7
 **********
 **********
 **    6 **FIX            8
 **********
 **********
 **    7 **FIX            9
 **********
 PARAMETER    9  IS CONSTANT.   IGNORED.
 **********
 **    8 **FIX           10
 **********
 PARAMETER   10  IS CONSTANT.   IGNORED.
 **********
 **    9 **FIX           11
 **********
 PARAMETER   11  IS CONSTANT.   IGNORED.
 **********
 **   10 **FIX           12
 **********
 PARAMETER   12  IS CONSTANT.   IGNORED.
 **********
 **   11 **FIX           13
 **********
 PARAMETER   13  IS CONSTANT.   IGNORED.
 **********
 **   12 **FIX           14
 **********
 **********
 **   13 **FIX           15
 **********
 PARAMETER   15  IS CONSTANT.   IGNORED.
 **********
 **   14 **FIX           16
 **********
 PARAMETER   16  IS CONSTANT.   IGNORED.
 **********
 **   15 **MIGRAD
 **********
 FIRST CALL TO USER FUNCTION AT NEW START POINT, WITH IFLAG=4.
 START MIGRAD MINIMIZATION.  STRATEGY  1.  CONVERGENCE WHEN EDM .LT. 1.00e-04
 FCN=705.017 FROM MIGRAD    STATUS=INITIATE       56 CALLS          57 TOTAL
                     EDM= unknown      STRATEGY= 1      NO ERROR MATRIX       
  EXT PARAMETER               CURRENT GUESS       STEP         FIRST   
  NO.   NAME      VALUE            ERROR          SIZE      DERIVATIVE 
   1  N0           3.06200e+06   1.00000e+02   0.00000e+00  -2.04494e-04
   2  tau          6.43953e+01   constant   
   3  A0           3.42893e-01   1.00000e-04   0.00000e+00   2.63243e+03
   4  phi          4.11802e+00   1.00000e-02   0.00000e+00   5.53412e+02
   5  R           -6.11796e+01   constant   
   6  A_CBO        2.02624e-03     fixed    
   7  w_CBO        2.32728e+00     fixed    
   8  phi_CBO      1.69921e-01     fixed    
   9  ANx2         4.90616e-04   constant   
  10  pNx2         2.30674e+00   constant   
  11  ANy1         0.00000e+00   constant   
  12  pNy1         0.00000e+00   constant   
  13  w_y          0.00000e+00   constant   
  14  ANy2         9.23997e-03     fixed    
  15  pNy2         3.41148e-01   constant   
  16  w_vw         1.43130e+01   constant   
  17  LM          -3.45991e-04   constant   
  18  wCBO_expCoeff   2.00126e+02   1.00000e+00   1.26390e-01   2.52171e+01
  19  wCBO_expOffset   2.00000e+02   1.00000e+00   0.00000e+00   1.68206e+02
  20  wCBO_expT    3.00000e+01   1.00000e+00   0.00000e+00   4.98910e+02
  21  wCBO_linCoeff   0.00000e+00   constant   
  22  wCBO_const   0.00000e+00   1.00000e-02   0.00000e+00  -2.38348e+02
 MIGRAD MINIMIZATION HAS CONVERGED.
 FCN=704.154 FROM MIGRAD    STATUS=CONVERGED     172 CALLS         173 TOTAL
                     EDM=1.8393e-06    STRATEGY= 1  ERROR MATRIX UNCERTAINTY   0.8 per cent
  EXT PARAMETER                                   STEP         FIRST   
  NO.   NAME      VALUE            ERROR          SIZE      DERIVATIVE 
   1  N0           3.06214e+06   1.04740e+03   1.29748e+00   1.81892e-07
   2  tau          6.43953e+01   constant   
   3  A0           3.42592e-01   4.63168e-04   1.19709e-06   9.44411e-01
   4  phi          4.11753e+00   1.37717e-03   1.04647e-05   3.87677e-01
   5  R           -6.11796e+01   constant   
   6  A_CBO        2.02624e-03     fixed    
   7  w_CBO        2.32728e+00     fixed    
   8  phi_CBO      1.69921e-01     fixed    
   9  ANx2         4.90616e-04   constant   
  10  pNx2         2.30674e+00   constant   
  11  ANy1         0.00000e+00   constant   
  12  pNy1         0.00000e+00   constant   
  13  w_y          0.00000e+00   constant   
  14  ANy2         9.23997e-03     fixed    
  15  pNy2         3.41148e-01   constant   
  16  w_vw         1.43130e+01   constant   
  17  LM          -3.45991e-04   constant   
  18  wCBO_expCoeff   2.00063e+02   1.99130e-01  -1.37946e-03  -9.93626e-02
  19  wCBO_expOffset   1.99991e+02   2.98187e-02  -2.06552e-04  -6.59521e-01
  20  wCBO_expT    3.00051e+01   1.83158e-02   1.44840e-04  -2.41454e+00
  21  wCBO_linCoeff   0.00000e+00   constant   
  22  wCBO_const   2.44434e-05   1.22582e-03  -1.98171e-05  -3.18660e+00
 EXTERNAL ERROR MATRIX.    NDIM=  25    NPAR=  7    ERR DEF=1
  1.097e+06 -1.242e-03  3.192e-03 -1.590e+01 -2.381e+00  1.456e+00 -6.289e-02 
 -1.242e-03  2.145e-07 -2.470e-09  9.485e-07  1.421e-07 -2.443e-08 -3.284e-08 
  3.192e-03 -2.470e-09  1.897e-06 -1.961e-05 -2.936e-06  1.731e-06 -3.497e-08 
 -1.590e+01  9.485e-07 -1.961e-05  3.965e-02  5.882e-03 -3.627e-03  1.892e-04 
 -2.381e+00  1.421e-07 -2.936e-06  5.882e-03  8.892e-04 -5.431e-04  2.833e-05 
  1.456e+00 -2.443e-08  1.731e-06 -3.627e-03 -5.431e-04  3.355e-04 -1.834e-05 
 -6.289e-02 -3.284e-08 -3.497e-08  1.892e-04  2.833e-05 -1.834e-05  1.503e-06 
 PARAMETER  CORRELATION COEFFICIENTS  
       NO.  GLOBAL      1      3      4     18     19     20     22
        1  0.08053   1.000 -0.003  0.002 -0.076 -0.076  0.076 -0.049
        3  0.10534  -0.003  1.000 -0.004  0.010  0.010 -0.003 -0.058
        4  0.09325   0.002 -0.004  1.000 -0.071 -0.072  0.069 -0.021
       18  0.99691  -0.076  0.010 -0.071  1.000  0.991 -0.994  0.775
       19  0.99691  -0.076  0.010 -0.072  0.991  1.000 -0.994  0.775
       20  0.99904   0.076 -0.003  0.069 -0.994 -0.994  1.000 -0.817
       22  0.93985  -0.049 -0.058 -0.021  0.775  0.775 -0.817  1.000
MINUIT - FIT ONLY 1-CBO + other amplitudes 
 **********
 **   16 **RES 
 **********
                   PARAMETER   14  ANy2 RESTORED TO VARIABLE.
                   PARAMETER    8  phi_CBO RESTORED TO VARIABLE.
                   PARAMETER    7  w_CBO RESTORED TO VARIABLE.
                   PARAMETER    6  A_CBO RESTORED TO VARIABLE.
 **********
 **   17 **FIX            0
 **********
 PARAMETER    0  IS UNDEFINED. IGNORED.
 **********
 **   18 **FIX            1
 **********
 **********
 **   19 **FIX            2
 **********
 PARAMETER    2  IS CONSTANT.   IGNORED.
 **********
 **   20 **FIX            3
 **********
 **********
 **   21 **FIX            4
 **********
 **********
 **   22 **FIX            9
 **********
 PARAMETER    9  IS CONSTANT.   IGNORED.
 **********
 **   23 **FIX           11
 **********
 PARAMETER   11  IS CONSTANT.   IGNORED.
 **********
 **   24 **FIX           12
 **********
 PARAMETER   12  IS CONSTANT.   IGNORED.
 **********
 **   25 **FIX           14
 **********
 **********
 **   26 **FIX           15
 **********
 PARAMETER   15  IS CONSTANT.   IGNORED.
 **********
 **   27 **FIX           16
 **********
 PARAMETER   16  IS CONSTANT.   IGNORED.
 **********
 **   28 **MIGRAD
 **********
 START MIGRAD MINIMIZATION.  STRATEGY  1.  CONVERGENCE WHEN EDM .LT. 1.00e-04
 FCN=704.154 FROM MIGRAD    STATUS=INITIATE       20 CALLS         193 TOTAL
                     EDM= unknown      STRATEGY= 1      NO ERROR MATRIX       
  EXT PARAMETER               CURRENT GUESS       STEP         FIRST   
  NO.   NAME      VALUE            ERROR          SIZE      DERIVATIVE 
   1  N0           3.06214e+06     fixed    
   2  tau          6.43953e+01   constant   
   3  A0           3.42592e-01     fixed    
   4  phi          4.11753e+00     fixed    
   5  R           -6.11796e+01   constant   
   6  A_CBO        2.02624e-03   1.00000e-05   1.00000e-05   1.03570e+04
   7  w_CBO        2.32728e+00   1.00000e-03   1.00000e-03  -9.91591e+00
   8  phi_CBO      1.69921e-01   1.00000e-04   1.00000e-04   1.05705e+00
   9  ANx2         4.90616e-04   constant   
  10  pNx2         2.30674e+00   constant   
  11  ANy1         0.00000e+00   constant   
  12  pNy1         0.00000e+00   constant   
  13  w_y          0.00000e+00   constant   
  14  ANy2         9.23997e-03     fixed    
  15  pNy2         3.41148e-01   constant   
  16  w_vw         1.43130e+01   constant   
  17  LM          -3.45991e-04   constant   
  18  wCBO_expCoeff   2.00063e+02   1.99130e-01  -1.37946e-03  -9.93626e-02
  19  wCBO_expOffset   1.99991e+02   2.98187e-02  -2.06552e-04  -6.59521e-01
  20  wCBO_expT    3.00051e+01   1.83158e-02   1.44840e-04  -2.41454e+00
  21  wCBO_linCoeff   0.00000e+00   constant   
  22  wCBO_const   2.44434e-05   1.22582e-03  -1.98171e-05  -3.18656e+00
 MIGRAD MINIMIZATION HAS CONVERGED.
 MIGRAD WILL VERIFY CONVERGENCE AND ERROR MATRIX.
 COVARIANCE MATRIX CALCULATED SUCCESSFULLY
 FCN=696.937 FROM MIGRAD    STATUS=CONVERGED     276 CALLS         449 TOTAL
                     EDM=1.17693e-05    STRATEGY= 1      ERROR MATRIX ACCURATE 
  EXT PARAMETER                                   STEP         FIRST   
  NO.   NAME      VALUE            ERROR          SIZE      DERIVATIVE 
   1  N0           3.06214e+06     fixed    
   2  tau          6.43953e+01   constant   
   3  A0           3.42592e-01     fixed    
   4  phi          4.11753e+00     fixed    
   5  R           -6.11796e+01   constant   
   6  A_CBO        8.04252e-04   4.94998e-04   6.23679e-06  -2.17066e+00
   7  w_CBO        2.32851e+00   3.18630e-02   3.73673e-06   5.37981e+00
   8  phi_CBO     -8.35047e-01   1.02294e+00   7.72034e-03  -3.78909e-03
   9  ANx2         4.90616e-04   constant   
  10  pNx2         2.30674e+00   constant   
  11  ANy1         0.00000e+00   constant   
  12  pNy1         0.00000e+00   constant   
  13  w_y          0.00000e+00   constant   
  14  ANy2         9.23997e-03     fixed    
  15  pNy2         3.41148e-01   constant   
  16  w_vw         1.43130e+01   constant   
  17  LM          -3.45991e-04   constant   
  18  wCBO_expCoeff   2.00213e+02   2.18650e+00   3.99388e-04   7.86882e-02
  19  wCBO_expOffset   2.00013e+02   2.33392e-01   9.53736e-05   5.25347e-01
  20  wCBO_expT    2.99854e+01   1.72322e-02   1.66369e-05   1.66843e+00
  21  wCBO_linCoeff   0.00000e+00   constant   
  22  wCBO_const   4.77110e-05   1.36171e-02   5.72196e-06  -3.22756e+00
 EXTERNAL ERROR MATRIX.    NDIM=  25    NPAR=  7    ERR DEF=1
  2.450e-07  5.345e-07  1.704e-05 -9.274e-08 -1.162e-05  1.386e-06 -2.648e-07 
  5.345e-07  1.015e-03 -1.184e-03 -5.679e-02 -4.339e-03 -7.196e-05 -4.330e-04 
  1.704e-05 -1.184e-03  1.046e+00  2.471e-02 -6.407e-03  7.103e-03  3.157e-04 
 -9.274e-08 -5.679e-02  2.471e-02  4.781e+00  1.261e-02  8.893e-04  2.435e-02 
 -1.162e-05 -4.339e-03 -6.407e-03  1.261e-02  5.447e-02 -1.482e-04  1.867e-03 
  1.386e-06 -7.196e-05  7.103e-03  8.893e-04 -1.482e-04  2.969e-04  1.896e-05 
 -2.648e-07 -4.330e-04  3.157e-04  2.435e-02  1.867e-03  1.896e-05  1.854e-04 
 PARAMETER  CORRELATION COEFFICIENTS  
       NO.  GLOBAL      6      7      8     18     19     20     22
        6  0.21431   1.000  0.034  0.034 -0.000 -0.101  0.163 -0.039
        7  0.99996   0.034  1.000 -0.036 -0.815 -0.583 -0.131 -0.998
        8  0.81094   0.034 -0.036  1.000  0.011 -0.027  0.403  0.023
       18  0.99990  -0.000 -0.815  0.011  1.000  0.025  0.024  0.818
       19  0.99980  -0.101 -0.583 -0.027  0.025  1.000 -0.037  0.587
       20  0.99719   0.163 -0.131  0.403  0.024 -0.037  1.000  0.081
       22  0.99947  -0.039 -0.998  0.023  0.818  0.587  0.081  1.000
MINUIT - FIT ONLY 1-CBO
 **********
 **   29 **RES 
 **********
                   PARAMETER   14  ANy2 RESTORED TO VARIABLE.
                   PARAMETER    4  phi RESTORED TO VARIABLE.
                   PARAMETER    3  A0 RESTORED TO VARIABLE.
                   PARAMETER    1  N0 RESTORED TO VARIABLE.
 **********
 **   30 **FIX            0
 **********
 PARAMETER    0  IS UNDEFINED. IGNORED.
 **********
 **   31 **FIX            1
 **********
 **********
 **   32 **FIX            2
 **********
 PARAMETER    2  IS CONSTANT.   IGNORED.
 **********
 **   33 **FIX            3
 **********
 **********
 **   34 **FIX            4
 **********
 **********
 **   35 **FIX            8
 **********
 **********
 **   36 **FIX            9
 **********
 PARAMETER    9  IS CONSTANT.   IGNORED.
 **********
 **   37 **FIX           11
 **********
 PARAMETER   11  IS CONSTANT.   IGNORED.
 **********
 **   38 **FIX           12
 **********
 PARAMETER   12  IS CONSTANT.   IGNORED.
 **********
 **   39 **FIX           13
 **********
 PARAMETER   13  IS CONSTANT.   IGNORED.
 **********
 **   40 **FIX           15
 **********
 PARAMETER   15  IS CONSTANT.   IGNORED.
 **********
 **   41 **FIX           16
 **********
 PARAMETER   16  IS CONSTANT.   IGNORED.
 **********
 **   42 **MIGRAD
 **********
 START MIGRAD MINIMIZATION.  STRATEGY  1.  CONVERGENCE WHEN EDM .LT. 1.00e-04
 FCN=696.937 FROM MIGRAD    STATUS=INITIATE       16 CALLS         465 TOTAL
                     EDM= unknown      STRATEGY= 1      NO ERROR MATRIX       
  EXT PARAMETER               CURRENT GUESS       STEP         FIRST   
  NO.   NAME      VALUE            ERROR          SIZE      DERIVATIVE 
   1  N0           3.06214e+06     fixed    
   2  tau          6.43953e+01   constant   
   3  A0           3.42592e-01     fixed    
   4  phi          4.11753e+00     fixed    
   5  R           -6.11796e+01   constant   
   6  A_CBO        8.04252e-04   4.94998e-04   6.23679e-06  -2.17066e+00
   7  w_CBO        2.32851e+00   3.18630e-02   3.73673e-06   5.38092e+00
   8  phi_CBO     -8.35047e-01     fixed    
   9  ANx2         4.90616e-04   constant   
  10  pNx2         2.30674e+00   constant   
  11  ANy1         0.00000e+00   constant   
  12  pNy1         0.00000e+00   constant   
  13  w_y          0.00000e+00   constant   
  14  ANy2         9.23997e-03   1.00000e-04   1.00000e-04   8.05610e+04
  15  pNy2         3.41148e-01   constant   
  16  w_vw         1.43130e+01   constant   
  17  LM          -3.45991e-04   constant   
  18  wCBO_expCoeff   2.00213e+02   2.18650e+00   3.99388e-04   7.86738e-02
  19  wCBO_expOffset   2.00013e+02   2.33392e-01   9.53736e-05   5.25168e-01
  20  wCBO_expT    2.99854e+01   1.72322e-02   1.66369e-05   1.66964e+00
  21  wCBO_linCoeff   0.00000e+00   constant   
  22  wCBO_const   4.77110e-05   1.36171e-02   5.72196e-06  -3.22737e+00
 MIGRAD MINIMIZATION HAS CONVERGED.
 MIGRAD WILL VERIFY CONVERGENCE AND ERROR MATRIX.
 FCN=319.177 FROM MIGRAD    STATUS=CONVERGED     180 CALLS         629 TOTAL
                     EDM=4.19155e-06    STRATEGY= 1      ERR MATRIX NOT POS-DEF
  EXT PARAMETER                APPROXIMATE        STEP         FIRST   
  NO.   NAME      VALUE            ERROR          SIZE      DERIVATIVE 
   1  N0           3.06214e+06     fixed    
   2  tau          6.43953e+01   constant   
   3  A0           3.42592e-01     fixed    
   4  phi          4.11753e+00     fixed    
   5  R           -6.11796e+01   constant   
   6  A_CBO        7.41654e-04   5.03296e-04   4.21560e-06   4.83165e+00
   7  w_CBO        2.32835e+00   3.50272e-03   2.65772e-06   7.06335e+00
   8  phi_CBO     -8.35047e-01     fixed    
   9  ANx2         4.90616e-04   constant   
  10  pNx2         2.30674e+00   constant   
  11  ANy1         0.00000e+00   constant   
  12  pNy1         0.00000e+00   constant   
  13  w_y          0.00000e+00   constant   
  14  ANy2        -1.38376e-04   4.80718e-04   4.21211e-06   1.83082e-01
  15  pNy2         3.41148e-01   constant   
  16  w_vw         1.43130e+01   constant   
  17  LM          -3.45991e-04   constant   
  18  wCBO_expCoeff   2.00183e+02   3.65932e-01   2.84582e-04   6.26223e-02
  19  wCBO_expOffset   2.00009e+02   5.95214e-02   9.53715e-05   4.19240e-01
  20  wCBO_expT    2.99882e+01   1.14641e-02   1.42995e-05   1.55249e+00
  21  wCBO_linCoeff   0.00000e+00   constant   
  22  wCBO_const   4.35911e-04   1.60745e-03   4.03133e-06   3.90807e+00
 EXTERNAL ERROR MATRIX.    NDIM=  25    NPAR=  7    ERR DEF=1
  2.533e-07  7.649e-08  2.575e-09  9.961e-06  5.631e-07 -1.122e-06  1.946e-08 
  7.649e-08  1.227e-05  6.466e-11 -3.590e-04 -8.075e-05 -7.274e-06 -4.893e-06 
  2.575e-09  6.466e-11  2.311e-07  3.151e-07  4.508e-08 -1.679e-08 -9.474e-09 
  9.961e-06 -3.590e-04  3.151e-07  1.339e-01 -1.247e-02 -8.968e-04  1.913e-04 
  5.631e-07 -8.075e-05  4.508e-08 -1.247e-02  3.543e-03 -1.923e-04  4.262e-05 
 -1.122e-06 -7.274e-06 -1.679e-08 -8.968e-04 -1.923e-04  1.314e-04 -3.277e-06 
  1.946e-08 -4.893e-06 -9.474e-09  1.913e-04  4.262e-05 -3.277e-06  2.584e-06 
ERR MATRIX NOT POS-DEF
 PARAMETER  CORRELATION COEFFICIENTS  
       NO.  GLOBAL      6      7     14     18     19     20     22
        6  0.29680   1.000  0.043  0.011  0.054  0.019 -0.194  0.024
        7  0.99620   0.043  1.000  0.000 -0.280 -0.387 -0.181 -0.869
       14  0.03942   0.011  0.000  1.000  0.002  0.002 -0.003 -0.012
       18  0.99600   0.054 -0.280  0.002  1.000 -0.572 -0.214  0.325
       19  0.99661   0.019 -0.387  0.002 -0.572  1.000 -0.282  0.445
       20  0.99283  -0.194 -0.181 -0.003 -0.214 -0.282  1.000 -0.178
       22  0.95800   0.024 -0.869 -0.012  0.325  0.445 -0.178  1.000
 ERR MATRIX NOT POS-DEF
MINUIT - FIT ONLY 2-CBO
 **********
 **   43 **RES 
 **********
                   PARAMETER    8  phi_CBO RESTORED TO VARIABLE.
                   PARAMETER    4  phi RESTORED TO VARIABLE.
                   PARAMETER    3  A0 RESTORED TO VARIABLE.
                   PARAMETER    1  N0 RESTORED TO VARIABLE.
 **********
 **   44 **FIX            0
 **********
 PARAMETER    0  IS UNDEFINED. IGNORED.
 **********
 **   45 **FIX            1
 **********
 **********
 **   46 **FIX            2
 **********
 PARAMETER    2  IS CONSTANT.   IGNORED.
 **********
 **   47 **FIX            3
 **********
 **********
 **   48 **FIX            4
 **********
 **********
 **   49 **FIX            5
 **********
 PARAMETER    5  IS CONSTANT.   IGNORED.
 **********
 **   50 **FIX            6
 **********
 **********
 **   51 **FIX            7
 **********
 **********
 **   52 **FIX           10
 **********
 PARAMETER   10  IS CONSTANT.   IGNORED.
 **********
 **   53 **FIX           11
 **********
 PARAMETER   11  IS CONSTANT.   IGNORED.
 **********
 **   54 **FIX           12
 **********
 PARAMETER   12  IS CONSTANT.   IGNORED.
 **********
 **   55 **FIX           13
 **********
 PARAMETER   13  IS CONSTANT.   IGNORED.
 **********
 **   56 **FIX           14
 **********
 **********
 **   57 **FIX           15
 **********
 PARAMETER   15  IS CONSTANT.   IGNORED.
 **********
 **   58 **FIX           16
 **********
 PARAMETER   16  IS CONSTANT.   IGNORED.
 **********
 **   59 **MIGRAD
 **********
 START MIGRAD MINIMIZATION.  STRATEGY  1.  CONVERGENCE WHEN EDM .LT. 1.00e-04
 FCN=319.177 FROM MIGRAD    STATUS=INITIATE       10 CALLS         639 TOTAL
                     EDM= unknown      STRATEGY= 1      NO ERROR MATRIX       
  EXT PARAMETER               CURRENT GUESS       STEP         FIRST   
  NO.   NAME      VALUE            ERROR          SIZE      DERIVATIVE 
   1  N0           3.06214e+06     fixed    
   2  tau          6.43953e+01   constant   
   3  A0           3.42592e-01     fixed    
   4  phi          4.11753e+00     fixed    
   5  R           -6.11796e+01   constant   
   6  A_CBO        7.41654e-04     fixed    
   7  w_CBO        2.32835e+00     fixed    
   8  phi_CBO     -8.35047e-01   1.02294e+00   1.02294e+00  -1.22606e+00
   9  ANx2         4.90616e-04   constant   
  10  pNx2         2.30674e+00   constant   
  11  ANy1         0.00000e+00   constant   
  12  pNy1         0.00000e+00   constant   
  13  w_y          0.00000e+00   constant   
  14  ANy2        -1.38376e-04     fixed    
  15  pNy2         3.41148e-01   constant   
  16  w_vw         1.43130e+01   constant   
  17  LM          -3.45991e-04   constant   
  18  wCBO_expCoeff   2.00183e+02   3.65932e-01   2.84582e-04   6.27679e-02
  19  wCBO_expOffset   2.00009e+02   5.95214e-02   9.53715e-05   4.22991e-01
  20  wCBO_expT    2.99882e+01   1.14641e-02   1.42995e-05   1.55633e+00
  21  wCBO_linCoeff   0.00000e+00   constant   
  22  wCBO_const   4.35911e-04   1.60745e-03   4.03133e-06   3.90820e+00
 MIGRAD MINIMIZATION HAS CONVERGED.
 MIGRAD WILL VERIFY CONVERGENCE AND ERROR MATRIX.
 FCN=318.666 FROM MIGRAD    STATUS=CONVERGED     126 CALLS         755 TOTAL
                     EDM=7.07323e-06    STRATEGY= 1      ERR MATRIX NOT POS-DEF
  EXT PARAMETER                APPROXIMATE        STEP         FIRST   
  NO.   NAME      VALUE            ERROR          SIZE      DERIVATIVE 
   1  N0           3.06214e+06     fixed    
   2  tau          6.43953e+01   constant   
   3  A0           3.42592e-01     fixed    
   4  phi          4.11753e+00     fixed    
   5  R           -6.11796e+01   constant   
   6  A_CBO        7.41654e-04     fixed    
   7  w_CBO        2.32835e+00     fixed    
   8  phi_CBO     -3.54110e-02   1.04354e+00   5.78839e-03  -3.83222e-03
   9  ANx2         4.90616e-04   constant   
  10  pNx2         2.30674e+00   constant   
  11  ANy1         0.00000e+00   constant   
  12  pNy1         0.00000e+00   constant   
  13  w_y          0.00000e+00   constant   
  14  ANy2        -1.38376e-04     fixed    
  15  pNy2         3.41148e-01   constant   
  16  w_vw         1.43130e+01   constant   
  17  LM          -3.45991e-04   constant   
  18  wCBO_expCoeff   2.00128e+02   3.45975e-01   2.59830e-04   8.11740e-02
  19  wCBO_expOffset   2.00000e+02   5.24078e-02   9.53675e-05   5.41698e-01
  20  wCBO_expT    2.99944e+01   1.13764e-02   1.43025e-05   2.15756e+00
  21  wCBO_linCoeff   0.00000e+00   constant   
  22  wCBO_const   1.78314e-04   8.10460e-04   3.78970e-06   8.12814e+00
 EXTERNAL ERROR MATRIX.    NDIM=  25    NPAR=  5    ERR DEF=1
  1.089e+00 -2.722e-02 -5.138e-03  4.365e-03 -1.938e-04 
 -2.722e-02  1.197e-01 -1.370e-02 -1.292e-03  5.766e-05 
 -5.138e-03 -1.370e-02  2.747e-03 -2.121e-04  9.276e-06 
  4.365e-03 -1.292e-03 -2.121e-04  1.294e-04 -6.421e-06 
 -1.938e-04  5.766e-05  9.276e-06 -6.421e-06  6.568e-07 
ERR MATRIX NOT POS-DEF
 PARAMETER  CORRELATION COEFFICIENTS  
       NO.  GLOBAL      8     18     19     20     22
        8  0.77275   1.000 -0.075 -0.094  0.368 -0.229
       18  0.99632  -0.075  1.000 -0.756 -0.328  0.206
       19  0.99640  -0.094 -0.756  1.000 -0.356  0.218
       20  0.99435   0.368 -0.328 -0.356  1.000 -0.696
       22  0.84542  -0.229  0.206  0.218 -0.696  1.000
 ERR MATRIX NOT POS-DEF
MINUIT - FIT ONLY 1-y
 **********
 **   60 **RES 
 **********
                   PARAMETER   14  ANy2 RESTORED TO VARIABLE.
                   PARAMETER    7  w_CBO RESTORED TO VARIABLE.
                   PARAMETER    6  A_CBO RESTORED TO VARIABLE.
                   PARAMETER    4  phi RESTORED TO VARIABLE.
                   PARAMETER    3  A0 RESTORED TO VARIABLE.
                   PARAMETER    1  N0 RESTORED TO VARIABLE.
 **********
 **   61 **FIX            0
 **********
 PARAMETER    0  IS UNDEFINED. IGNORED.
 **********
 **   62 **FIX            1
 **********
 **********
 **   63 **FIX            2
 **********
 PARAMETER    2  IS CONSTANT.   IGNORED.
 **********
 **   64 **FIX            3
 **********
 **********
 **   65 **FIX            4
 **********
 **********
 **   66 **FIX            5
 **********
 PARAMETER    5  IS CONSTANT.   IGNORED.
 **********
 **   67 **FIX            6
 **********
 **********
 **   68 **FIX            7
 **********
 **********
 **   69 **FIX            8
 **********
 **********
 **   70 **FIX            9
 **********
 PARAMETER    9  IS CONSTANT.   IGNORED.
 **********
 **   71 **FIX           13
 **********
 PARAMETER   13  IS CONSTANT.   IGNORED.
 **********
 **   72 **FIX           14
 **********
 **********
 **   73 **FIX           15
 **********
 PARAMETER   15  IS CONSTANT.   IGNORED.
 **********
 **   74 **FIX           16
 **********
 PARAMETER   16  IS CONSTANT.   IGNORED.
 **********
 **   75 **MIGRAD
 **********
 START MIGRAD MINIMIZATION.  STRATEGY  1.  CONVERGENCE WHEN EDM .LT. 1.00e-04
 FCN=318.666 FROM MIGRAD    STATUS=INITIATE        8 CALLS         763 TOTAL
                     EDM= unknown      STRATEGY= 1      NO ERROR MATRIX       
  EXT PARAMETER               CURRENT GUESS       STEP         FIRST   
  NO.   NAME      VALUE            ERROR          SIZE      DERIVATIVE 
   1  N0           3.06214e+06     fixed    
   2  tau          6.43953e+01   constant   
   3  A0           3.42592e-01     fixed    
   4  phi          4.11753e+00     fixed    
   5  R           -6.11796e+01   constant   
   6  A_CBO        7.41654e-04     fixed    
   7  w_CBO        2.32835e+00     fixed    
   8  phi_CBO     -3.54110e-02     fixed    
   9  ANx2         4.90616e-04   constant   
  10  pNx2         2.30674e+00   constant   
  11  ANy1         0.00000e+00   constant   
  12  pNy1         0.00000e+00   constant   
  13  w_y          0.00000e+00   constant   
  14  ANy2        -1.38376e-04     fixed    
  15  pNy2         3.41148e-01   constant   
  16  w_vw         1.43130e+01   constant   
  17  LM          -3.45991e-04   constant   
  18  wCBO_expCoeff   2.00128e+02   3.45975e-01   2.59830e-04   8.11827e-02
  19  wCBO_expOffset   2.00000e+02   5.24078e-02   9.53675e-05   5.41982e-01
  20  wCBO_expT    2.99944e+01   1.13764e-02   1.43025e-05   2.15999e+00
  21  wCBO_linCoeff   0.00000e+00   constant   
  22  wCBO_const   1.78314e-04   8.10460e-04   3.78970e-06   8.13033e+00
 MIGRAD MINIMIZATION HAS CONVERGED.
 MIGRAD WILL VERIFY CONVERGENCE AND ERROR MATRIX.
 FCN=318.666 FROM MIGRAD    STATUS=CONVERGED      41 CALLS         796 TOTAL
                     EDM=1.69616e-06    STRATEGY= 1      ERR MATRIX NOT POS-DEF
  EXT PARAMETER                APPROXIMATE        STEP         FIRST   
  NO.   NAME      VALUE            ERROR          SIZE      DERIVATIVE 
   1  N0           3.06214e+06     fixed    
   2  tau          6.43953e+01   constant   
   3  A0           3.42592e-01     fixed    
   4  phi          4.11753e+00     fixed    
   5  R           -6.11796e+01   constant   
   6  A_CBO        7.41654e-04     fixed    
   7  w_CBO        2.32835e+00     fixed    
   8  phi_CBO     -3.54110e-02     fixed    
   9  ANx2         4.90616e-04   constant   
  10  pNx2         2.30674e+00   constant   
  11  ANy1         0.00000e+00   constant   
  12  pNy1         0.00000e+00   constant   
  13  w_y          0.00000e+00   constant   
  14  ANy2        -1.38376e-04     fixed    
  15  pNy2         3.41148e-01   constant   
  16  w_vw         1.43130e+01   constant   
  17  LM          -3.45991e-04   constant   
  18  wCBO_expCoeff   2.00128e+02   3.71065e-01   2.59381e-04  -1.66202e-02
  19  wCBO_expOffset   2.00000e+02   5.61769e-02   9.53675e-05  -1.10794e-01
  20  wCBO_expT    2.99944e+01   1.09426e-02   1.43025e-05  -3.00345e-01
  21  wCBO_linCoeff   0.00000e+00   constant   
  22  wCBO_const   1.78087e-04   8.01209e-04   3.78696e-06   2.17399e+00
 EXTERNAL ERROR MATRIX.    NDIM=  25    NPAR=  4    ERR DEF=1
  1.377e-01 -1.639e-02 -1.255e-03  5.655e-05 
 -1.639e-02  3.156e-03 -2.065e-04  9.081e-06 
 -1.255e-03 -2.065e-04  1.197e-04 -6.031e-06 
  5.655e-05  9.081e-06 -6.031e-06  6.419e-07 
ERR MATRIX NOT POS-DEF
 PARAMETER  CORRELATION COEFFICIENTS  
       NO.  GLOBAL     18     19     20     22
       18  0.99680   1.000 -0.786 -0.309  0.190
       19  0.99686  -0.786  1.000 -0.336  0.202
       20  0.99389  -0.309 -0.336  1.000 -0.688
       22  0.84138   0.190  0.202 -0.688  1.000
 ERR MATRIX NOT POS-DEF
MINUIT - FIT ONLY 2-y
 **********
 **   76 **RES 
 **********
                   PARAMETER   14  ANy2 RESTORED TO VARIABLE.
                   PARAMETER    8  phi_CBO RESTORED TO VARIABLE.
                   PARAMETER    7  w_CBO RESTORED TO VARIABLE.
                   PARAMETER    6  A_CBO RESTORED TO VARIABLE.
                   PARAMETER    4  phi RESTORED TO VARIABLE.
                   PARAMETER    3  A0 RESTORED TO VARIABLE.
                   PARAMETER    1  N0 RESTORED TO VARIABLE.
 **********
 **   77 **FIX            0
 **********
 PARAMETER    0  IS UNDEFINED. IGNORED.
 **********
 **   78 **FIX            1
 **********
 **********
 **   79 **FIX            2
 **********
 PARAMETER    2  IS CONSTANT.   IGNORED.
 **********
 **   80 **FIX            3
 **********
 **********
 **   81 **FIX            4
 **********
 **********
 **   82 **FIX            5
 **********
 PARAMETER    5  IS CONSTANT.   IGNORED.
 **********
 **   83 **FIX            6
 **********
 **********
 **   84 **FIX            7
 **********
 **********
 **   85 **FIX            8
 **********
 **********
 **   86 **FIX            9
 **********
 PARAMETER    9  IS CONSTANT.   IGNORED.
 **********
 **   87 **FIX           10
 **********
 PARAMETER   10  IS CONSTANT.   IGNORED.
 **********
 **   88 **FIX           11
 **********
 PARAMETER   11  IS CONSTANT.   IGNORED.
 **********
 **   89 **FIX           12
 **********
 PARAMETER   12  IS CONSTANT.   IGNORED.
 **********
 **   90 **FIX           16
 **********
 PARAMETER   16  IS CONSTANT.   IGNORED.
 **********
 **   91 **MIGRAD
 **********
 START MIGRAD MINIMIZATION.  STRATEGY  1.  CONVERGENCE WHEN EDM .LT. 1.00e-04
 FCN=318.666 FROM MIGRAD    STATUS=INITIATE       10 CALLS         806 TOTAL
                     EDM= unknown      STRATEGY= 1      NO ERROR MATRIX       
  EXT PARAMETER               CURRENT GUESS       STEP         FIRST   
  NO.   NAME      VALUE            ERROR          SIZE      DERIVATIVE 
   1  N0           3.06214e+06     fixed    
   2  tau          6.43953e+01   constant   
   3  A0           3.42592e-01     fixed    
   4  phi          4.11753e+00     fixed    
   5  R           -6.11796e+01   constant   
   6  A_CBO        7.41654e-04     fixed    
   7  w_CBO        2.32835e+00     fixed    
   8  phi_CBO     -3.54110e-02     fixed    
   9  ANx2         4.90616e-04   constant   
  10  pNx2         2.30674e+00   constant   
  11  ANy1         0.00000e+00   constant   
  12  pNy1         0.00000e+00   constant   
  13  w_y          0.00000e+00   constant   
  14  ANy2        -1.38376e-04   4.80718e-04   4.80718e-04   6.83613e+01
  15  pNy2         3.41148e-01   constant   
  16  w_vw         1.43130e+01   constant   
  17  LM          -3.45991e-04   constant   
  18  wCBO_expCoeff   2.00128e+02   3.71065e-01   2.59381e-04  -1.66109e-02
  19  wCBO_expOffset   2.00000e+02   5.61769e-02   9.53675e-05  -1.10490e-01
  20  wCBO_expT    2.99944e+01   1.09426e-02   1.43025e-05  -2.97903e-01
  21  wCBO_linCoeff   0.00000e+00   constant   
  22  wCBO_const   1.78087e-04   8.01209e-04   3.78696e-06   2.17621e+00
 MIGRAD MINIMIZATION HAS CONVERGED.
 MIGRAD WILL VERIFY CONVERGENCE AND ERROR MATRIX.
 FCN=318.665 FROM MIGRAD    STATUS=CONVERGED      52 CALLS         848 TOTAL
                     EDM=1.16446e-07    STRATEGY= 1      ERR MATRIX NOT POS-DEF
  EXT PARAMETER                APPROXIMATE        STEP         FIRST   
  NO.   NAME      VALUE            ERROR          SIZE      DERIVATIVE 
   1  N0           3.06214e+06     fixed    
   2  tau          6.43953e+01   constant   
   3  A0           3.42592e-01     fixed    
   4  phi          4.11753e+00     fixed    
   5  R           -6.11796e+01   constant   
   6  A_CBO        7.41654e-04     fixed    
   7  w_CBO        2.32835e+00     fixed    
   8  phi_CBO     -3.54110e-02     fixed    
   9  ANx2         4.90616e-04   constant   
  10  pNx2         2.30674e+00   constant   
  11  ANy1         0.00000e+00   constant   
  12  pNy1         0.00000e+00   constant   
  13  w_y          0.00000e+00   constant   
  14  ANy2        -1.46320e-04   4.81320e-04   4.20863e-06  -2.70928e-02
  15  pNy2         3.41148e-01   constant   
  16  w_vw         1.43130e+01   constant   
  17  LM          -3.45991e-04   constant   
  18  wCBO_expCoeff   2.00128e+02   3.71086e-01   2.59387e-04   5.02934e-03
  19  wCBO_expOffset   2.00000e+02   5.61740e-02   9.53675e-05   3.36529e-02
  20  wCBO_expT    2.99944e+01   1.09424e-02   1.43025e-05   1.22723e-01
  21  wCBO_linCoeff   0.00000e+00   constant   
  22  wCBO_const   1.77882e-04   8.01396e-04   3.78710e-06   8.05856e-01
 EXTERNAL ERROR MATRIX.    NDIM=  25    NPAR=  5    ERR DEF=1
  2.317e-07 -1.169e-07 -2.076e-08  2.274e-08 -7.136e-09 
 -1.169e-07  1.377e-01 -1.639e-02 -1.256e-03  5.659e-05 
 -2.076e-08 -1.639e-02  3.156e-03 -2.064e-04  9.079e-06 
  2.274e-08 -1.256e-03 -2.064e-04  1.197e-04 -6.033e-06 
 -7.136e-09  5.659e-05  9.079e-06 -6.033e-06  6.422e-07 
ERR MATRIX NOT POS-DEF
 PARAMETER  CORRELATION COEFFICIENTS  
       NO.  GLOBAL     14     18     19     20     22
       14  0.02193   1.000 -0.001 -0.001  0.004 -0.018
       18  0.99680  -0.001  1.000 -0.786 -0.309  0.190
       19  0.99686  -0.001 -0.786  1.000 -0.336  0.202
       20  0.99389   0.004 -0.309 -0.336  1.000 -0.688
       22  0.84151  -0.018  0.190  0.202 -0.688  1.000
 ERR MATRIX NOT POS-DEF
MINUIT - FIT ALTOGETHER
 **********
 **   92 **RES 
 **********
                   PARAMETER    8  phi_CBO RESTORED TO VARIABLE.
                   PARAMETER    7  w_CBO RESTORED TO VARIABLE.
                   PARAMETER    6  A_CBO RESTORED TO VARIABLE.
                   PARAMETER    4  phi RESTORED TO VARIABLE.
                   PARAMETER    3  A0 RESTORED TO VARIABLE.
                   PARAMETER    1  N0 RESTORED TO VARIABLE.
 **********
 **   93 **MIGRAD
 **********
 START MIGRAD MINIMIZATION.  STRATEGY  1.  CONVERGENCE WHEN EDM .LT. 1.00e-04
 FCN=318.665 FROM MIGRAD    STATUS=INITIATE       22 CALLS         870 TOTAL
                     EDM= unknown      STRATEGY= 1      NO ERROR MATRIX       
  EXT PARAMETER               CURRENT GUESS       STEP         FIRST   
  NO.   NAME      VALUE            ERROR          SIZE      DERIVATIVE 
   1  N0           3.06214e+06   1.04740e+03   1.04740e+03  -4.41004e-04
   2  tau          6.43953e+01   constant   
   3  A0           3.42592e-01   4.63168e-04   4.63168e-04   4.66756e+02
   4  phi          4.11753e+00   1.37717e-03   1.37717e-03  -3.27673e+02
   5  R           -6.11796e+01   constant   
   6  A_CBO        7.41654e-04   5.03296e-04   5.03296e-04   2.31380e+02
   7  w_CBO        2.32835e+00   3.50272e-03   3.50272e-03   7.83231e-01
   8  phi_CBO     -3.54110e-02   1.04354e+00   1.04354e+00  -1.85748e-03
   9  ANx2         4.90616e-04   constant   
  10  pNx2         2.30674e+00   constant   
  11  ANy1         0.00000e+00   constant   
  12  pNy1         0.00000e+00   constant   
  13  w_y          0.00000e+00   constant   
  14  ANy2        -1.46320e-04   4.81320e-04   4.20863e-06  -2.70935e-02
  15  pNy2         3.41148e-01   constant   
  16  w_vw         1.43130e+01   constant   
  17  LM          -3.45991e-04   constant   
  18  wCBO_expCoeff   2.00128e+02   3.71086e-01   2.59387e-04   5.03842e-03
  19  wCBO_expOffset   2.00000e+02   5.61740e-02   9.53675e-05   3.39495e-02
  20  wCBO_expT    2.99944e+01   1.09424e-02   1.43025e-05   1.25160e-01
  21  wCBO_linCoeff   0.00000e+00   constant   
  22  wCBO_const   1.77882e-04   8.01396e-04   3.78710e-06   8.08096e-01
 MIGRAD MINIMIZATION HAS CONVERGED.
 MIGRAD WILL VERIFY CONVERGENCE AND ERROR MATRIX.
 FCN=318.542 FROM HESSE     STATUS=NOT POSDEF    100 CALLS        1065 TOTAL
                     EDM=7.94514e-05    STRATEGY= 1      ERR MATRIX NOT POS-DEF
  EXT PARAMETER                APPROXIMATE        STEP         FIRST   
  NO.   NAME      VALUE            ERROR          SIZE      DERIVATIVE 
   1  N0           3.06239e+06   1.04392e+03   8.97356e+00  -4.54747e-07
