 + ++++++++++++++++++++++++++++++++++++++++++++++++++++++++++++++++++++ +
 +                                                                      +
 +           You have chose to blind your fitting according to          +
 +                omega_ref * (1 + (R +/- deltaR) *10^{-6})             +
 +                                                                      +
 + ++++++++++++++++++++++++++++++++++++++++++++++++++++++++++++++++++++ +
In main()...
reading format from /gm2data/zkhechad/run45/envelope/formats/formatB_sBin_constraintOn.txt
pBinTau 	= 0  
pBinPhi 	= 0  
constraintau 	= 1 
includeMopTerm 	= 0    
constrainMop    = 0   
Parameters after format file: pBinTau 0 pBinPhi 0 constraintau 1 includeMopTerm 0 constrainMop 0 c_e_scale 0.000000 
reading cbo reference file (full fit) from /gm2data/zkhechad/cboTemplates/Run4CBOTemplates/fullFits/run4/sBin_constraintOn_cE0.0_seed0_run4_calo7.root
A_CBO 0.010017 w_CBO 2.326795 phi_CBO 5.385454 N0 2934724.912691 R -61.426290 tau 64.406392 
Reading cboRef file /gm2data/zkhechad/cboTemplates/Run4CBOTemplates//cboIsolate/run4_calo7.root
deltaT 13.572370
windowBins = 120
fitting sliding window 420 from bin 623 at 92.951600 to bin 743 at 110.855600 (120 bins)

Reading data from /gm2data/cornell/histograms/aMethod/histogram_a_run4.root
fitting cbo isolate
 **********
 **    1 **SET PRINTOUT            1
 **********
 **********
 **    2 **SET NOWARNINGS 
 **********
 PARAMETER DEFINITIONS:
    NO.   NAME         VALUE      STEP SIZE      LIMITS
     1 A_CBO        1.00169e-02  1.00000e-05     no limits
     2 w_CBO        2.32680e+00  1.00000e-02    2.00000e+00  3.00000e+00
     3 phi_CBO      5.38545e+00  1.00000e-02    0.00000e+00  6.28319e+00
 **********
 **    3 **MIGRAD
 **********
 FIRST CALL TO USER FUNCTION AT NEW START POINT, WITH IFLAG=4.
 START MIGRAD MINIMIZATION.  STRATEGY  1.  CONVERGENCE WHEN EDM .LT. 1.00e-04
 FCN=0.00103589 FROM MIGRAD    STATUS=INITIATE       10 CALLS          11 TOTAL
                     EDM= unknown      STRATEGY= 1      NO ERROR MATRIX       
  EXT PARAMETER               CURRENT GUESS       STEP         FIRST   
  NO.   NAME      VALUE            ERROR          SIZE      DERIVATIVE 
   1  A_CBO        1.00169e-02   1.00000e-05   1.00000e-05   4.75881e-01
   2  w_CBO        2.32680e+00   1.00000e-02   2.13223e-02  -2.89230e-03
   3  phi_CBO      5.38545e+00   1.00000e-02   4.54801e-03   1.37866e-04
 MIGRAD MINIMIZATION HAS CONVERGED.
 MIGRAD WILL VERIFY CONVERGENCE AND ERROR MATRIX.
 COVARIANCE MATRIX CALCULATED SUCCESSFULLY
 FCN=0.000102743 FROM MIGRAD    STATUS=CONVERGED      35 CALLS          36 TOTAL
                     EDM=1.43742e-06    STRATEGY= 1      ERROR MATRIX ACCURATE 
  EXT PARAMETER                                   STEP         FIRST   
  NO.   NAME      VALUE            ERROR          SIZE      DERIVATIVE 
   1  A_CBO        6.09214e-03   1.28780e-01   6.27293e-05  -6.42382e-05
   2  w_CBO        2.32688e+00   7.87275e-01   1.71729e-04   3.75063e-03
   3  phi_CBO      5.37662e+00   3.30739e+00   3.72380e-03  -1.76378e-04
 EXTERNAL ERROR MATRIX.    NDIM=  25    NPAR=  3    ERR DEF=1
  1.658e-02 -1.576e-02 -1.587e+00 
 -1.576e-02  3.045e+00  3.059e+02 
 -1.587e+00  3.059e+02  3.118e+04 
 PARAMETER  CORRELATION COEFFICIENTS  
       NO.  GLOBAL      1      2      3
        1  0.07016   1.000 -0.070 -0.070
        2  0.99276  -0.070  1.000  0.993
        3  0.99276  -0.070  0.993  1.000
setting A_CBO=0.006092 w_CBO=2.326879, phi_CBO=5.376621
done fitting cbo isolate
 **********
 **    1 **SET PRINTOUT            1
 **********
 **********
 **    2 **SET NOWARNINGS 
 **********
 PARAMETER DEFINITIONS:
    NO.   NAME         VALUE      STEP SIZE      LIMITS
     1 N0           2.93472e+06  1.00000e+02     no limits
     2 tau          6.44064e+01  constant
     3 A0           3.50200e-01  1.00000e-04     no limits
     4 phi          4.11726e+00  1.00000e-02     no limits
     5 R           -6.14263e+01  constant
     6 A_CBO        6.09214e-03  1.00000e-05     no limits
     7 w_CBO        2.32688e+00  1.00000e-03     no limits
     8 phi_CBO      5.37662e+00  1.00000e-04     no limits
     9 ANx2         5.09258e-04  constant
    10 pNx2         1.79030e-01  constant
    11 ANy1         0.00000e+00  constant
    12 pNy1         0.00000e+00  constant
    13 w_y          0.00000e+00  constant
    14 ANy2         8.95951e-03  1.00000e-04     no limits
    15 pNy2         6.17155e+00  constant
    16 w_vw         1.43200e+01  constant
    17 LM          -8.21731e-05  constant
    18 wCBO_expCoeff   2.00000e+02  1.00000e+00     no limits
    19 wCBO_expOffset   2.00000e+02  1.00000e+00     no limits
    20 wCBO_expT    3.00000e+01  1.00000e+00     no limits
    21 wCBO_linCoeff   0.00000e+00  constant
    22 wCBO_const   0.00000e+00  1.00000e-02     no limits
MINUIT - FIT ONLY WIGGLE
 **********
 **    3 **FIX            5
 **********
 PARAMETER    5  IS CONSTANT.   IGNORED.
 **********
 **    4 **FIX            6
 **********
 **********
 **    5 **FIX            7
 **********
 **********
 **    6 **FIX            8
 **********
 **********
 **    7 **FIX            9
 **********
 PARAMETER    9  IS CONSTANT.   IGNORED.
 **********
 **    8 **FIX           10
 **********
 PARAMETER   10  IS CONSTANT.   IGNORED.
 **********
 **    9 **FIX           11
 **********
 PARAMETER   11  IS CONSTANT.   IGNORED.
 **********
 **   10 **FIX           12
 **********
 PARAMETER   12  IS CONSTANT.   IGNORED.
 **********
 **   11 **FIX           13
 **********
 PARAMETER   13  IS CONSTANT.   IGNORED.
 **********
 **   12 **FIX           14
 **********
 **********
 **   13 **FIX           15
 **********
 PARAMETER   15  IS CONSTANT.   IGNORED.
 **********
 **   14 **FIX           16
 **********
 PARAMETER   16  IS CONSTANT.   IGNORED.
 **********
 **   15 **MIGRAD
 **********
 FIRST CALL TO USER FUNCTION AT NEW START POINT, WITH IFLAG=4.
 START MIGRAD MINIMIZATION.  STRATEGY  1.  CONVERGENCE WHEN EDM .LT. 1.00e-04
 FCN=3281.54 FROM MIGRAD    STATUS=INITIATE       57 CALLS          58 TOTAL
                     EDM= unknown      STRATEGY= 1      NO ERROR MATRIX       
  EXT PARAMETER               CURRENT GUESS       STEP         FIRST   
  NO.   NAME      VALUE            ERROR          SIZE      DERIVATIVE 
   1  N0           2.93472e+06   1.00000e+02   0.00000e+00  -8.72826e-03
   2  tau          6.44064e+01   constant   
   3  A0           3.50200e-01   1.00000e-04   0.00000e+00  -7.26524e+04
   4  phi          4.11726e+00   1.00000e-02   0.00000e+00   3.66971e+03
   5  R           -6.14263e+01   constant   
   6  A_CBO        6.09214e-03     fixed    
   7  w_CBO        2.32688e+00     fixed    
   8  phi_CBO      5.37662e+00     fixed    
   9  ANx2         5.09258e-04   constant   
  10  pNx2         1.79030e-01   constant   
  11  ANy1         0.00000e+00   constant   
  12  pNy1         0.00000e+00   constant   
  13  w_y          0.00000e+00   constant   
  14  ANy2         8.95951e-03     fixed    
  15  pNy2         6.17155e+00   constant   
  16  w_vw         1.43200e+01   constant   
  17  LM          -8.21731e-05   constant   
  18  wCBO_expCoeff   2.00000e+02   1.00000e+00  -3.10909e-04   1.38820e+05
  19  wCBO_expOffset   2.00000e+02   1.00000e+00   0.00000e+00   8.17758e+05
  20  wCBO_expT    3.00000e+01   1.00000e+00   0.00000e+00   1.22761e+07
  21  wCBO_linCoeff   0.00000e+00   constant   
  22  wCBO_const   0.00000e+00   1.00000e-02   0.00000e+00   1.28024e+04
 MIGRAD FAILS TO FIND IMPROVEMENT
 FCN=3228.27 FROM HESSE     STATUS=NOT POSDEF     56 CALLS         141 TOTAL
                     EDM=809.861    STRATEGY= 1      ERR MATRIX NOT POS-DEF
  EXT PARAMETER                APPROXIMATE        STEP         FIRST   
  NO.   NAME      VALUE            ERROR          SIZE      DERIVATIVE 
   1  N0           2.93543e+06   3.95777e+02   1.11555e+01  -4.57901e-04
   2  tau          6.44064e+01   constant   
   3  A0           3.51441e-01   6.29590e-04   5.12934e-06  -2.60738e+03
   4  phi          4.11673e+00   4.25468e-04   1.49263e-05   1.55516e+03
   5  R           -6.14263e+01   constant   
   6  A_CBO        6.09214e-03     fixed    
   7  w_CBO        2.32688e+00     fixed    
   8  phi_CBO      5.37662e+00     fixed    
   9  ANx2         5.09258e-04   constant   
  10  pNx2         1.79030e-01   constant   
  11  ANy1         0.00000e+00   constant   
  12  pNy1         0.00000e+00   constant   
  13  w_y          0.00000e+00   constant   
  14  ANy2         8.95951e-03     fixed    
  15  pNy2         6.17155e+00   constant   
  16  w_vw         1.43200e+01   constant   
  17  LM          -8.21731e-05   constant   
  18  wCBO_expCoeff   2.00000e+02   8.66075e-05   9.53673e-05   3.42655e+05
  19  wCBO_expOffset   2.00000e+02   3.01033e-05   9.53674e-05  -5.00791e+06
  20  wCBO_expT    3.00000e+01   5.45584e-06   1.43051e-05   1.08976e+07
  21  wCBO_linCoeff   0.00000e+00   constant   
  22  wCBO_const  -3.66046e-04   8.02448e-04   6.63527e-06   4.78188e+03
 MIGRAD FAILS TO FIND IMPROVEMENT
 MIGRAD TERMINATED WITHOUT CONVERGENCE.
 FCN=3228.27 FROM MIGRAD    STATUS=FAILED        151 CALLS         152 TOTAL
                     EDM=809.861    STRATEGY= 1      ERR MATRIX NOT POS-DEF
  EXT PARAMETER                APPROXIMATE        STEP         FIRST   
  NO.   NAME      VALUE            ERROR          SIZE      DERIVATIVE 
   1  N0           2.93543e+06   3.95777e+02  -0.00000e+00  -4.57901e-04
   2  tau          6.44064e+01   constant   
   3  A0           3.51441e-01   6.29590e-04  -0.00000e+00  -2.60738e+03
   4  phi          4.11673e+00   4.25468e-04  -0.00000e+00   1.55516e+03
   5  R           -6.14263e+01   constant   
   6  A_CBO        6.09214e-03     fixed    
   7  w_CBO        2.32688e+00     fixed    
   8  phi_CBO      5.37662e+00     fixed    
   9  ANx2         5.09258e-04   constant   
  10  pNx2         1.79030e-01   constant   
  11  ANy1         0.00000e+00   constant   
  12  pNy1         0.00000e+00   constant   
  13  w_y          0.00000e+00   constant   
  14  ANy2         8.95951e-03     fixed    
  15  pNy2         6.17155e+00   constant   
  16  w_vw         1.43200e+01   constant   
  17  LM          -8.21731e-05   constant   
  18  wCBO_expCoeff   2.00000e+02   8.66075e-05   0.00000e+00   3.42655e+05
  19  wCBO_expOffset   2.00000e+02   3.01033e-05   0.00000e+00  -5.00791e+06
  20  wCBO_expT    3.00000e+01   5.45584e-06   0.00000e+00   1.08976e+07
  21  wCBO_linCoeff   0.00000e+00   constant   
  22  wCBO_const  -3.66046e-04   8.02448e-04   0.00000e+00   4.78188e+03
 EXTERNAL ERROR MATRIX.    NDIM=  25    NPAR=  7    ERR DEF=1
  1.566e+05  1.457e-01  2.433e-03 -2.041e-02 -7.132e-03 -1.290e-03 -1.837e-01 
  1.457e-01  3.964e-07 -3.833e-09 -5.293e-08 -1.842e-08 -3.339e-09 -4.787e-07 
  2.433e-03 -3.833e-09  1.810e-07  4.548e-10  1.338e-10  1.713e-11  9.512e-09 
 -2.041e-02 -5.293e-08  4.548e-10  7.501e-09  2.595e-09  4.706e-10  6.688e-08 
 -7.132e-03 -1.842e-08  1.338e-10  2.595e-09  9.062e-10  1.637e-10  2.345e-08 
 -1.290e-03 -3.339e-09  1.713e-11  4.706e-10  1.637e-10  2.977e-11  4.259e-09 
 -1.837e-01 -4.787e-07  9.512e-09  6.688e-08  2.345e-08  4.259e-09  6.439e-07 
ERR MATRIX NOT POS-DEF
 PARAMETER  CORRELATION COEFFICIENTS  
       NO.  GLOBAL      1      3      4     18     19     20     22
        1  0.59952   1.000  0.585  0.014 -0.596 -0.599 -0.598 -0.578
        3  0.97302   0.585  1.000 -0.014 -0.971 -0.972 -0.972 -0.948
        4  0.12825   0.014 -0.014  1.000  0.012  0.010  0.007  0.028
       18  0.99694  -0.596 -0.971  0.012  1.000  0.995  0.996  0.962
       19  0.99745  -0.599 -0.972  0.010  0.995  1.000  0.997  0.971
       20  0.99802  -0.598 -0.972  0.007  0.996  0.997  1.000  0.973
       22  0.97687  -0.578 -0.948  0.028  0.962  0.971  0.973  1.000
 ERR MATRIX NOT POS-DEF
MINUIT - FIT ONLY 1-CBO + other amplitudes 
 **********
 **   16 **RES 
 **********
                   PARAMETER   14  ANy2 RESTORED TO VARIABLE.
                   PARAMETER    8  phi_CBO RESTORED TO VARIABLE.
                   PARAMETER    7  w_CBO RESTORED TO VARIABLE.
                   PARAMETER    6  A_CBO RESTORED TO VARIABLE.
 **********
 **   17 **FIX            0
 **********
 PARAMETER    0  IS UNDEFINED. IGNORED.
 **********
 **   18 **FIX            1
 **********
 **********
 **   19 **FIX            2
 **********
 PARAMETER    2  IS CONSTANT.   IGNORED.
 **********
 **   20 **FIX            3
 **********
 **********
 **   21 **FIX            4
 **********
 **********
 **   22 **FIX            9
 **********
 PARAMETER    9  IS CONSTANT.   IGNORED.
 **********
 **   23 **FIX           11
 **********
 PARAMETER   11  IS CONSTANT.   IGNORED.
 **********
 **   24 **FIX           12
 **********
 PARAMETER   12  IS CONSTANT.   IGNORED.
 **********
 **   25 **FIX           14
 **********
 **********
 **   26 **FIX           15
 **********
 PARAMETER   15  IS CONSTANT.   IGNORED.
 **********
 **   27 **FIX           16
 **********
 PARAMETER   16  IS CONSTANT.   IGNORED.
 **********
 **   28 **MIGRAD
 **********
 START MIGRAD MINIMIZATION.  STRATEGY  1.  CONVERGENCE WHEN EDM .LT. 1.00e-04
 FCN=3228.27 FROM MIGRAD    STATUS=INITIATE       22 CALLS         174 TOTAL
                     EDM= unknown      STRATEGY= 1      NO ERROR MATRIX       
  EXT PARAMETER               CURRENT GUESS       STEP         FIRST   
  NO.   NAME      VALUE            ERROR          SIZE      DERIVATIVE 
   1  N0           2.93543e+06     fixed    
   2  tau          6.44064e+01   constant   
   3  A0           3.51441e-01     fixed    
   4  phi          4.11673e+00     fixed    
   5  R           -6.14263e+01   constant   
   6  A_CBO        6.09214e-03   1.00000e-05   1.00000e-05   2.11155e+05
   7  w_CBO        2.32688e+00   1.00000e-03   1.00000e-03  -4.04580e+06
   8  phi_CBO      5.37662e+00   1.00000e-04   1.00000e-04   6.29857e+01
   9  ANx2         5.09258e-04   constant   
  10  pNx2         1.79030e-01   constant   
  11  ANy1         0.00000e+00   constant   
  12  pNy1         0.00000e+00   constant   
  13  w_y          0.00000e+00   constant   
  14  ANy2         8.95951e-03     fixed    
  15  pNy2         6.17155e+00   constant   
  16  w_vw         1.43200e+01   constant   
  17  LM          -8.21731e-05   constant   
  18  wCBO_expCoeff   2.00000e+02   8.66075e-05   0.00000e+00  -4.69235e+04
  19  wCBO_expOffset   2.00000e+02   3.01033e-05   0.00000e+00   1.17420e+06
  20  wCBO_expT    3.00000e+01   5.45584e-06   0.00000e+00   1.48513e+07
  21  wCBO_linCoeff   0.00000e+00   constant   
  22  wCBO_const  -3.66046e-04   8.02448e-04   0.00000e+00   4.78182e+03
 MIGRAD FAILS TO FIND IMPROVEMENT
 FCN=2808.49 FROM HESSE     STATUS=NOT POSDEF     58 CALLS         397 TOTAL
                     EDM=8.92962    STRATEGY= 1      ERR MATRIX NOT POS-DEF
  EXT PARAMETER                APPROXIMATE        STEP         FIRST   
  NO.   NAME      VALUE            ERROR          SIZE      DERIVATIVE 
   1  N0           2.93543e+06     fixed    
   2  tau          6.44064e+01   constant   
   3  A0           3.51441e-01     fixed    
   4  phi          4.11673e+00     fixed    
   5  R           -6.14263e+01   constant   
   6  A_CBO        2.39301e-03   1.42921e-03   4.78851e-06  -2.66607e+03
   7  w_CBO        2.32688e+00   6.27569e-07   1.10954e-06   4.89725e+06
   8  phi_CBO      4.55361e+00   1.23971e-01   2.19006e-03   4.98933e+00
   9  ANx2         5.09258e-04   constant   
  10  pNx2         1.79030e-01   constant   
  11  ANy1         0.00000e+00   constant   
  12  pNy1         0.00000e+00   constant   
  13  w_y          0.00000e+00   constant   
  14  ANy2         8.95951e-03     fixed    
  15  pNy2         6.17155e+00   constant   
  16  w_vw         1.43200e+01   constant   
  17  LM          -8.21731e-05   constant   
  18  wCBO_expCoeff   2.00000e+02   5.39432e-05   9.53673e-05   5.69898e+04
  19  wCBO_expOffset   2.00000e+02   3.31620e-05   9.53674e-05  -2.01965e+05
  20  wCBO_expT    3.00000e+01   5.40361e-06   1.43051e-05  -1.88897e+06
  21  wCBO_linCoeff   0.00000e+00   constant   
  22  wCBO_const  -1.69000e-03   6.96517e-04   7.05140e-06  -2.60541e+03
 MIGRAD FAILS TO FIND IMPROVEMENT
 MIGRAD TERMINATED WITHOUT CONVERGENCE.
 FCN=2808.49 FROM MIGRAD    STATUS=FAILED        254 CALLS         406 TOTAL
                     EDM=8.92962    STRATEGY= 1      ERR MATRIX NOT POS-DEF
  EXT PARAMETER                APPROXIMATE        STEP         FIRST   
  NO.   NAME      VALUE            ERROR          SIZE      DERIVATIVE 
   1  N0           2.93543e+06     fixed    
   2  tau          6.44064e+01   constant   
   3  A0           3.51441e-01     fixed    
   4  phi          4.11673e+00     fixed    
   5  R           -6.14263e+01   constant   
   6  A_CBO        2.39301e-03   1.42921e-03  -0.00000e+00  -2.66607e+03
   7  w_CBO        2.32688e+00   6.27569e-07   0.00000e+00   4.89725e+06
   8  phi_CBO      4.55361e+00   1.23971e-01  -0.00000e+00   4.98933e+00
   9  ANx2         5.09258e-04   constant   
  10  pNx2         1.79030e-01   constant   
  11  ANy1         0.00000e+00   constant   
  12  pNy1         0.00000e+00   constant   
  13  w_y          0.00000e+00   constant   
  14  ANy2         8.95951e-03     fixed    
  15  pNy2         6.17155e+00   constant   
  16  w_vw         1.43200e+01   constant   
  17  LM          -8.21731e-05   constant   
  18  wCBO_expCoeff   2.00000e+02   5.39432e-05   0.00000e+00   5.69898e+04
  19  wCBO_expOffset   2.00000e+02   3.31620e-05   0.00000e+00  -2.01965e+05
  20  wCBO_expT    3.00000e+01   5.40361e-06   0.00000e+00  -1.88897e+06
  21  wCBO_linCoeff   0.00000e+00   constant   
  22  wCBO_const  -1.69000e-03   6.96517e-04  -0.00000e+00  -2.60541e+03
 EXTERNAL ERROR MATRIX.    NDIM=  25    NPAR=  7    ERR DEF=1
  2.043e-06 -8.829e-10  1.432e-04 -7.589e-08 -4.711e-08 -7.676e-09  9.325e-07 
 -8.829e-10  3.938e-13 -6.081e-08  3.294e-11  2.050e-11  3.341e-12 -4.123e-10 
  1.432e-04 -6.081e-08  1.537e-02 -5.227e-06 -3.338e-06 -5.468e-07  6.929e-05 
 -7.589e-08  3.294e-11 -5.227e-06  2.910e-09  1.763e-09  2.872e-10 -3.544e-08 
 -4.711e-08  2.050e-11 -3.338e-06  1.763e-09  1.100e-09  1.781e-10 -2.164e-08 
 -7.676e-09  3.341e-12 -5.468e-07  2.872e-10  1.781e-10  2.920e-11 -3.523e-09 
  9.325e-07 -4.123e-10  6.929e-05 -3.544e-08 -2.164e-08 -3.523e-09  4.851e-07 
ERR MATRIX NOT POS-DEF
 PARAMETER  CORRELATION COEFFICIENTS  
       NO.  GLOBAL      6      7      8     18     19     20     22
        6  0.99564   1.000 -0.984  0.808 -0.984 -0.994 -0.994  0.937
        7  0.99030  -0.984  1.000 -0.782  0.973  0.985  0.985 -0.943
        8  0.87071   0.808 -0.782  1.000 -0.782 -0.812 -0.816  0.802
       18  0.99030  -0.984  0.973 -0.782  1.000  0.985  0.985 -0.943
       19  0.99607  -0.994  0.985 -0.812  0.985  1.000  0.994 -0.937
       20  0.99635  -0.994  0.985 -0.816  0.985  0.994  1.000 -0.936
       22  0.95947   0.937 -0.943  0.802 -0.943 -0.937 -0.936  1.000
 ERR MATRIX NOT POS-DEF
MINUIT - FIT ONLY 1-CBO
 **********
 **   29 **RES 
 **********
                   PARAMETER   14  ANy2 RESTORED TO VARIABLE.
                   PARAMETER    4  phi RESTORED TO VARIABLE.
                   PARAMETER    3  A0 RESTORED TO VARIABLE.
                   PARAMETER    1  N0 RESTORED TO VARIABLE.
 **********
 **   30 **FIX            0
 **********
 PARAMETER    0  IS UNDEFINED. IGNORED.
 **********
 **   31 **FIX            1
 **********
 **********
 **   32 **FIX            2
 **********
 PARAMETER    2  IS CONSTANT.   IGNORED.
 **********
 **   33 **FIX            3
 **********
 **********
 **   34 **FIX            4
 **********
 **********
 **   35 **FIX            8
 **********
 **********
 **   36 **FIX            9
 **********
 PARAMETER    9  IS CONSTANT.   IGNORED.
 **********
 **   37 **FIX           11
 **********
 PARAMETER   11  IS CONSTANT.   IGNORED.
 **********
 **   38 **FIX           12
 **********
 PARAMETER   12  IS CONSTANT.   IGNORED.
 **********
 **   39 **FIX           13
 **********
 PARAMETER   13  IS CONSTANT.   IGNORED.
 **********
 **   40 **FIX           15
 **********
 PARAMETER   15  IS CONSTANT.   IGNORED.
 **********
 **   41 **FIX           16
 **********
 PARAMETER   16  IS CONSTANT.   IGNORED.
 **********
 **   42 **MIGRAD
 **********
 START MIGRAD MINIMIZATION.  STRATEGY  1.  CONVERGENCE WHEN EDM .LT. 1.00e-04
 FCN=2808.49 FROM MIGRAD    STATUS=INITIATE       16 CALLS         422 TOTAL
                     EDM= unknown      STRATEGY= 1      NO ERROR MATRIX       
  EXT PARAMETER               CURRENT GUESS       STEP         FIRST   
  NO.   NAME      VALUE            ERROR          SIZE      DERIVATIVE 
   1  N0           2.93543e+06     fixed    
   2  tau          6.44064e+01   constant   
   3  A0           3.51441e-01     fixed    
   4  phi          4.11673e+00     fixed    
   5  R           -6.14263e+01   constant   
   6  A_CBO        2.39301e-03   1.42921e-03  -0.00000e+00  -2.66607e+03
   7  w_CBO        2.32688e+00   6.27569e-07   0.00000e+00   1.83781e+06
   8  phi_CBO      4.55361e+00     fixed    
   9  ANx2         5.09258e-04   constant   
  10  pNx2         1.79030e-01   constant   
  11  ANy1         0.00000e+00   constant   
  12  pNy1         0.00000e+00   constant   
  13  w_y          0.00000e+00   constant   
  14  ANy2         8.95951e-03   1.00000e-04   1.00000e-04   4.23338e+05
  15  pNy2         6.17155e+00   constant   
  16  w_vw         1.43200e+01   constant   
  17  LM          -8.21731e-05   constant   
  18  wCBO_expCoeff   2.00000e+02   5.39432e-05   0.00000e+00   2.14012e+04
  19  wCBO_expOffset   2.00000e+02   3.31620e-05   0.00000e+00  -1.87049e+05
  20  wCBO_expT    3.00000e+01   5.40361e-06   0.00000e+00   6.29737e+05
  21  wCBO_linCoeff   0.00000e+00   constant   
  22  wCBO_const  -1.69000e-03   6.96517e-04  -0.00000e+00  -2.60540e+03
 MIGRAD FAILS TO FIND IMPROVEMENT
 FCN=1066.1 FROM HESSE     STATUS=NOT POSDEF     58 CALLS         540 TOTAL
                     EDM=29.3816    STRATEGY= 1      ERR MATRIX NOT POS-DEF
  EXT PARAMETER                APPROXIMATE        STEP         FIRST   
  NO.   NAME      VALUE            ERROR          SIZE      DERIVATIVE 
   1  N0           2.93543e+06     fixed    
   2  tau          6.44064e+01   constant   
   3  A0           3.51441e-01     fixed    
   4  phi          4.11673e+00     fixed    
   5  R           -6.14263e+01   constant   
   6  A_CBO        1.24589e-03   1.61091e-03   2.99721e-06   2.83548e+01
   7  w_CBO        2.32688e+00   1.27197e-06   1.10954e-06   1.95998e+06
   8  phi_CBO      4.55361e+00     fixed    
   9  ANx2         5.09258e-04   constant   
  10  pNx2         1.79030e-01   constant   
  11  ANy1         0.00000e+00   constant   
  12  pNy1         0.00000e+00   constant   
  13  w_y          0.00000e+00   constant   
  14  ANy2         6.79003e-04   4.29873e-04   3.10348e-06  -2.05113e+03
  15  pNy2         6.17155e+00   constant   
  16  w_vw         1.43200e+01   constant   
  17  LM          -8.21731e-05   constant   
  18  wCBO_expCoeff   2.00000e+02   1.09336e-04   9.53672e-05   2.28073e+04
  19  wCBO_expOffset   2.00000e+02   6.12221e-05   9.53674e-05   1.92002e+05
  20  wCBO_expT    3.00000e+01   1.01555e-05   1.43051e-05  -8.28104e+05
  21  wCBO_linCoeff   0.00000e+00   constant   
  22  wCBO_const  -2.23255e-03   2.10230e-03   6.95093e-06  -8.19970e+02
 CALL LIMIT EXCEEDED IN MIGRAD.
 MIGRAD TERMINATED WITHOUT CONVERGENCE.
 FCN=1065.64 FROM MIGRAD    STATUS=CALL LIMIT   1157 CALLS        1563 TOTAL
                     EDM=11.7611    STRATEGY= 1      ERR MATRIX NOT POS-DEF
  EXT PARAMETER                APPROXIMATE        STEP         FIRST   
  NO.   NAME      VALUE            ERROR          SIZE      DERIVATIVE 
   1  N0           2.93543e+06     fixed    
   2  tau          6.44064e+01   constant   
   3  A0           3.51441e-01     fixed    
   4  phi          4.11673e+00     fixed    
   5  R           -6.14263e+01   constant   
   6  A_CBO        1.38793e-03   3.87922e-04   1.28241e-07   5.62629e+03
   7  w_CBO        2.32688e+00   8.85697e-07  -3.14114e-10  -4.05058e+06
   8  phi_CBO      4.55361e+00     fixed    
   9  ANx2         5.09258e-04   constant   
  10  pNx2         1.79030e-01   constant   
  11  ANy1         0.00000e+00   constant   
  12  pNy1         0.00000e+00   constant   
  13  w_y          0.00000e+00   constant   
  14  ANy2         7.99416e-04   3.45185e-04   1.17583e-07   3.94504e+03
  15  pNy2         6.17155e+00   constant   
  16  w_vw         1.43200e+01   constant   
  17  LM          -8.21731e-05   constant   
  18  wCBO_expCoeff   2.00000e+02   7.61443e-05  -2.70049e-08  -4.71208e+04
  19  wCBO_expOffset   2.00000e+02   1.14235e-05  -3.85555e-09  -1.57086e+05
  20  wCBO_expT    3.00000e+01   3.36902e-06  -1.11587e-09   4.83651e+05
  21  wCBO_linCoeff   0.00000e+00   constant   
  22  wCBO_const  -1.26127e-03   3.61762e-03   1.30265e-06  -4.81644e+03
 EXTERNAL ERROR MATRIX.    NDIM=  25    NPAR=  7    ERR DEF=1
  1.505e-07 -3.178e-10  1.082e-07 -2.732e-08 -4.195e-09 -1.234e-09  1.317e-06 
 -3.178e-10  7.845e-13 -2.742e-10  6.489e-11  9.678e-12  2.818e-12 -3.161e-09 
  1.082e-07 -2.742e-10  1.192e-07 -2.357e-08 -3.445e-09 -9.790e-10  1.162e-06 
 -2.732e-08  6.489e-11 -2.357e-08  5.798e-09  8.320e-10  2.423e-10 -2.718e-07 
 -4.195e-09  9.678e-12 -3.445e-09  8.320e-10  1.305e-10  3.783e-11 -3.971e-08 
 -1.234e-09  2.818e-12 -9.790e-10  2.423e-10  3.783e-11  1.135e-11 -1.149e-08 
  1.317e-06 -3.161e-09  1.162e-06 -2.718e-07 -3.971e-08 -1.149e-08  1.309e-05 
ERR MATRIX NOT POS-DEF
 PARAMETER  CORRELATION COEFFICIENTS  
       NO.  GLOBAL      6      7     14     18     19     20     22
        6  0.99895   1.000 -0.925  0.808 -0.925 -0.947 -0.944  0.939
        7  0.99980  -0.925  1.000 -0.897  0.962  0.957  0.944 -0.987
       14  0.99899   0.808 -0.897  1.000 -0.897 -0.874 -0.842  0.931
       18  0.99980  -0.925  0.962 -0.897  1.000  0.956  0.944 -0.987
       19  0.98896  -0.947  0.957 -0.874  0.956  1.000  0.983 -0.961
       20  0.99830  -0.944  0.944 -0.842  0.944  0.983  1.000 -0.943
       22  0.99997   0.939 -0.987  0.931 -0.987 -0.961 -0.943  1.000
 ERR MATRIX NOT POS-DEF
MINUIT - FIT ONLY 2-CBO
 **********
 **   43 **RES 
 **********
                   PARAMETER    8  phi_CBO RESTORED TO VARIABLE.
                   PARAMETER    4  phi RESTORED TO VARIABLE.
                   PARAMETER    3  A0 RESTORED TO VARIABLE.
                   PARAMETER    1  N0 RESTORED TO VARIABLE.
 **********
 **   44 **FIX            0
 **********
 PARAMETER    0  IS UNDEFINED. IGNORED.
 **********
 **   45 **FIX            1
 **********
 **********
 **   46 **FIX            2
 **********
 PARAMETER    2  IS CONSTANT.   IGNORED.
 **********
 **   47 **FIX            3
 **********
 **********
 **   48 **FIX            4
 **********
 **********
 **   49 **FIX            5
 **********
 PARAMETER    5  IS CONSTANT.   IGNORED.
 **********
 **   50 **FIX            6
 **********
 **********
 **   51 **FIX            7
 **********
 **********
 **   52 **FIX           10
 **********
 PARAMETER   10  IS CONSTANT.   IGNORED.
 **********
 **   53 **FIX           11
 **********
 PARAMETER   11  IS CONSTANT.   IGNORED.
 **********
 **   54 **FIX           12
 **********
 PARAMETER   12  IS CONSTANT.   IGNORED.
 **********
 **   55 **FIX           13
 **********
 PARAMETER   13  IS CONSTANT.   IGNORED.
 **********
 **   56 **FIX           14
 **********
 **********
 **   57 **FIX           15
 **********
 PARAMETER   15  IS CONSTANT.   IGNORED.
 **********
 **   58 **FIX           16
 **********
 PARAMETER   16  IS CONSTANT.   IGNORED.
 **********
 **   59 **MIGRAD
 **********
 START MIGRAD MINIMIZATION.  STRATEGY  1.  CONVERGENCE WHEN EDM .LT. 1.00e-04
 FCN=1065.64 FROM MIGRAD    STATUS=INITIATE       12 CALLS        1575 TOTAL
                     EDM= unknown      STRATEGY= 1      NO ERROR MATRIX       
  EXT PARAMETER               CURRENT GUESS       STEP         FIRST   
  NO.   NAME      VALUE            ERROR          SIZE      DERIVATIVE 
   1  N0           2.93543e+06     fixed    
   2  tau          6.44064e+01   constant   
   3  A0           3.51441e-01     fixed    
   4  phi          4.11673e+00     fixed    
   5  R           -6.14263e+01   constant   
   6  A_CBO        1.38793e-03     fixed    
   7  w_CBO        2.32688e+00     fixed    
   8  phi_CBO      4.55361e+00   1.23971e-01   1.23971e-01   4.65771e+00
   9  ANx2         5.09258e-04   constant   
  10  pNx2         1.79030e-01   constant   
  11  ANy1         0.00000e+00   constant   
  12  pNy1         0.00000e+00   constant   
  13  w_y          0.00000e+00   constant   
  14  ANy2         7.99416e-04     fixed    
  15  pNy2         6.17155e+00   constant   
  16  w_vw         1.43200e+01   constant   
  17  LM          -8.21731e-05   constant   
  18  wCBO_expCoeff   2.00000e+02   7.61443e-05  -2.70049e-08  -4.71208e+04
  19  wCBO_expOffset   2.00000e+02   1.14235e-05  -3.85555e-09  -1.57086e+05
  20  wCBO_expT    3.00000e+01   3.36902e-06  -1.11587e-09   4.83651e+05
  21  wCBO_linCoeff   0.00000e+00   constant   
  22  wCBO_const  -1.26127e-03   3.61762e-03   1.30265e-06  -4.81644e+03
 MIGRAD FAILS TO FIND IMPROVEMENT
 FCN=1065.1 FROM HESSE     STATUS=NOT POSDEF     37 CALLS        1636 TOTAL
                     EDM=3.41344    STRATEGY= 1      ERR MATRIX NOT POS-DEF
  EXT PARAMETER                APPROXIMATE        STEP         FIRST   
  NO.   NAME      VALUE            ERROR          SIZE      DERIVATIVE 
   1  N0           2.93543e+06     fixed    
   2  tau          6.44064e+01   constant   
   3  A0           3.51441e-01     fixed    
   4  phi          4.11673e+00     fixed    
   5  R           -6.14263e+01   constant   
   6  A_CBO        1.38793e-03     fixed    
   7  w_CBO        2.32688e+00     fixed    
   8  phi_CBO      4.54386e+00   9.47391e-01   2.41027e-03  -2.43527e+00
   9  ANx2         5.09258e-04   constant   
  10  pNx2         1.79030e-01   constant   
  11  ANy1         0.00000e+00   constant   
  12  pNy1         0.00000e+00   constant   
  13  w_y          0.00000e+00   constant   
  14  ANy2         7.99416e-04     fixed    
  15  pNy2         6.17155e+00   constant   
  16  w_vw         1.43200e+01   constant   
  17  LM          -8.21731e-05   constant   
  18  wCBO_expCoeff   2.00000e+02   1.57250e-04   9.53672e-05   9.21768e+03
  19  wCBO_expOffset   2.00000e+02   5.81379e-05   9.53674e-05   1.27905e+05
  20  wCBO_expT    3.00000e+01   9.47357e-06   1.43051e-05  -1.30730e+06
  21  wCBO_linCoeff   0.00000e+00   constant   
  22  wCBO_const  -1.18073e-03   3.30888e-03   6.81062e-06  -1.38086e+03
 MIGRAD FAILS TO FIND IMPROVEMENT
 MIGRAD TERMINATED WITHOUT CONVERGENCE.
 FCN=1060.93 FROM MIGRAD    STATUS=FAILED        277 CALLS        1840 TOTAL
                     EDM=103.213    STRATEGY= 1      ERR MATRIX NOT POS-DEF
  EXT PARAMETER                APPROXIMATE        STEP         FIRST   
  NO.   NAME      VALUE            ERROR          SIZE      DERIVATIVE 
   1  N0           2.93543e+06     fixed    
   2  tau          6.44064e+01   constant   
   3  A0           3.51441e-01     fixed    
   4  phi          4.11673e+00     fixed    
   5  R           -6.14263e+01   constant   
   6  A_CBO        1.38793e-03     fixed    
   7  w_CBO        2.32688e+00     fixed    
   8  phi_CBO      7.42650e+00   1.74037e-01  -0.00000e+00  -7.27391e+00
   9  ANx2         5.09258e-04   constant   
  10  pNx2         1.79030e-01   constant   
  11  ANy1         0.00000e+00   constant   
  12  pNy1         0.00000e+00   constant   
  13  w_y          0.00000e+00   constant   
  14  ANy2         7.99416e-04     fixed    
  15  pNy2         6.17155e+00   constant   
  16  w_vw         1.43200e+01   constant   
  17  LM          -8.21731e-05   constant   
  18  wCBO_expCoeff   1.99999e+02   4.84337e-05   0.00000e+00   2.65368e+04
  19  wCBO_expOffset   2.00000e+02   1.34456e-05   0.00000e+00  -2.26881e+05
  20  wCBO_expT    3.00000e+01   2.50372e-06   0.00000e+00  -1.52833e+06
  21  wCBO_linCoeff   0.00000e+00   constant   
  22  wCBO_const   1.17564e-02   9.02401e-04  -0.00000e+00   7.54533e+02
 EXTERNAL ERROR MATRIX.    NDIM=  25    NPAR=  5    ERR DEF=1
  3.029e-02 -4.605e-06 -1.737e-06 -3.326e-07  1.030e-04 
 -4.605e-06  2.346e-09  5.718e-10  9.755e-11 -4.112e-08 
 -1.737e-06  5.718e-10  1.808e-10  3.331e-11 -9.384e-09 
 -3.326e-07  9.755e-11  3.331e-11  6.269e-12 -1.559e-09 
  1.030e-04 -4.112e-08 -9.384e-09 -1.559e-09  8.143e-07 
ERR MATRIX NOT POS-DEF
 PARAMETER  CORRELATION COEFFICIENTS  
       NO.  GLOBAL      8     18     19     20     22
        8  0.99981   1.000 -0.546 -0.742 -0.763  0.656
       18  0.99997  -0.546  1.000  0.878  0.804 -0.941
       19  0.99953  -0.742  0.878  1.000  0.989 -0.773
       20  0.99980  -0.763  0.804  0.989  1.000 -0.690
       22  0.99995   0.656 -0.941 -0.773 -0.690  1.000
 ERR MATRIX NOT POS-DEF
MINUIT - FIT ONLY 1-y
 **********
 **   60 **RES 
 **********
                   PARAMETER   14  ANy2 RESTORED TO VARIABLE.
                   PARAMETER    7  w_CBO RESTORED TO VARIABLE.
                   PARAMETER    6  A_CBO RESTORED TO VARIABLE.
                   PARAMETER    4  phi RESTORED TO VARIABLE.
                   PARAMETER    3  A0 RESTORED TO VARIABLE.
                   PARAMETER    1  N0 RESTORED TO VARIABLE.
 **********
 **   61 **FIX            0
 **********
 PARAMETER    0  IS UNDEFINED. IGNORED.
 **********
 **   62 **FIX            1
 **********
 **********
 **   63 **FIX            2
 **********
 PARAMETER    2  IS CONSTANT.   IGNORED.
 **********
 **   64 **FIX            3
 **********
 **********
 **   65 **FIX            4
 **********
 **********
 **   66 **FIX            5
 **********
 PARAMETER    5  IS CONSTANT.   IGNORED.
 **********
 **   67 **FIX            6
 **********
 **********
 **   68 **FIX            7
 **********
 **********
 **   69 **FIX            8
 **********
 **********
 **   70 **FIX            9
 **********
 PARAMETER    9  IS CONSTANT.   IGNORED.
 **********
 **   71 **FIX           13
 **********
 PARAMETER   13  IS CONSTANT.   IGNORED.
 **********
 **   72 **FIX           14
 **********
 **********
 **   73 **FIX           15
 **********
 PARAMETER   15  IS CONSTANT.   IGNORED.
 **********
 **   74 **FIX           16
 **********
 PARAMETER   16  IS CONSTANT.   IGNORED.
 **********
 **   75 **MIGRAD
 **********
 START MIGRAD MINIMIZATION.  STRATEGY  1.  CONVERGENCE WHEN EDM .LT. 1.00e-04
 FCN=1060.93 FROM MIGRAD    STATUS=INITIATE        8 CALLS        1848 TOTAL
                     EDM= unknown      STRATEGY= 1      NO ERROR MATRIX       
  EXT PARAMETER               CURRENT GUESS       STEP         FIRST   
  NO.   NAME      VALUE            ERROR          SIZE      DERIVATIVE 
   1  N0           2.93543e+06     fixed    
   2  tau          6.44064e+01   constant   
   3  A0           3.51441e-01     fixed    
   4  phi          4.11673e+00     fixed    
   5  R           -6.14263e+01   constant   
   6  A_CBO        1.38793e-03     fixed    
   7  w_CBO        2.32688e+00     fixed    
   8  phi_CBO      7.42650e+00     fixed    
   9  ANx2         5.09258e-04   constant   
  10  pNx2         1.79030e-01   constant   
  11  ANy1         0.00000e+00   constant   
  12  pNy1         0.00000e+00   constant   
  13  w_y          0.00000e+00   constant   
  14  ANy2         7.99416e-04     fixed    
  15  pNy2         6.17155e+00   constant   
  16  w_vw         1.43200e+01   constant   
  17  LM          -8.21731e-05   constant   
  18  wCBO_expCoeff   1.99999e+02   4.84337e-05   0.00000e+00   2.65368e+04
  19  wCBO_expOffset   2.00000e+02   1.34456e-05   0.00000e+00  -2.26881e+05
  20  wCBO_expT    3.00000e+01   2.50372e-06   0.00000e+00  -1.52833e+06
  21  wCBO_linCoeff   0.00000e+00   constant   
  22  wCBO_const   1.17564e-02   9.02401e-04  -0.00000e+00   7.54532e+02
 MIGRAD FAILS TO FIND IMPROVEMENT
 FCN=1060.93 FROM HESSE     STATUS=NOT POSDEF     29 CALLS        1888 TOTAL
                     EDM=19.4255    STRATEGY= 1      ERR MATRIX NOT POS-DEF
  EXT PARAMETER                APPROXIMATE        STEP         FIRST   
  NO.   NAME      VALUE            ERROR          SIZE      DERIVATIVE 
   1  N0           2.93543e+06     fixed    
   2  tau          6.44064e+01   constant   
   3  A0           3.51441e-01     fixed    
   4  phi          4.11673e+00     fixed    
   5  R           -6.14263e+01   constant   
   6  A_CBO        1.38793e-03     fixed    
   7  w_CBO        2.32688e+00     fixed    
   8  phi_CBO      7.42650e+00     fixed    
   9  ANx2         5.09258e-04   constant   
  10  pNx2         1.79030e-01   constant   
  11  ANy1         0.00000e+00   constant   
  12  pNy1         0.00000e+00   constant   
  13  w_y          0.00000e+00   constant   
  14  ANy2         7.99416e-04     fixed    
  15  pNy2         6.17155e+00   constant   
  16  w_vw         1.43200e+01   constant   
  17  LM          -8.21731e-05   constant   
  18  wCBO_expCoeff   1.99999e+02   2.58593e-04   9.53670e-05   7.44730e+03
  19  wCBO_expOffset   2.00000e+02   4.71877e-05   9.53674e-05   4.02374e+05
  20  wCBO_expT    3.00000e+01   7.35925e-06   1.43051e-05  -1.24147e+06
  21  wCBO_linCoeff   0.00000e+00   constant   
  22  wCBO_const   1.17564e-02   4.41000e-03   7.62450e-06   7.54526e+02
 MIGRAD FAILS TO FIND IMPROVEMENT
 MIGRAD TERMINATED WITHOUT CONVERGENCE.
 FCN=1060.93 FROM MIGRAD    STATUS=FAILED         59 CALLS        1899 TOTAL
                     EDM=19.4255    STRATEGY= 1      ERR MATRIX NOT POS-DEF
  EXT PARAMETER                APPROXIMATE        STEP         FIRST   
  NO.   NAME      VALUE            ERROR          SIZE      DERIVATIVE 
   1  N0           2.93543e+06     fixed    
   2  tau          6.44064e+01   constant   
   3  A0           3.51441e-01     fixed    
   4  phi          4.11673e+00     fixed    
   5  R           -6.14263e+01   constant   
   6  A_CBO        1.38793e-03     fixed    
   7  w_CBO        2.32688e+00     fixed    
   8  phi_CBO      7.42650e+00     fixed    
   9  ANx2         5.09258e-04   constant   
  10  pNx2         1.79030e-01   constant   
  11  ANy1         0.00000e+00   constant   
  12  pNy1         0.00000e+00   constant   
  13  w_y          0.00000e+00   constant   
  14  ANy2         7.99416e-04     fixed    
  15  pNy2         6.17155e+00   constant   
  16  w_vw         1.43200e+01   constant   
  17  LM          -8.21731e-05   constant   
  18  wCBO_expCoeff   1.99999e+02   2.58593e-04  -0.00000e+00   7.44730e+03
  19  wCBO_expOffset   2.00000e+02   4.71877e-05  -0.00000e+00   4.02374e+05
  20  wCBO_expT    3.00000e+01   7.35925e-06  -0.00000e+00  -1.24147e+06
  21  wCBO_linCoeff   0.00000e+00   constant   
  22  wCBO_const   1.17564e-02   4.41000e-03   0.00000e+00   7.54526e+02
 EXTERNAL ERROR MATRIX.    NDIM=  25    NPAR=  4    ERR DEF=1
  6.687e-08  1.205e-08  1.879e-09 -1.132e-06 
  1.205e-08  2.227e-09  3.425e-10 -2.022e-07 
  1.879e-09  3.425e-10  5.416e-11 -3.157e-08 
 -1.132e-06 -2.022e-07 -3.157e-08  1.945e-05 
ERR MATRIX NOT POS-DEF
 PARAMETER  CORRELATION COEFFICIENTS  
       NO.  GLOBAL     18     19     20     22
       18  0.99806   1.000  0.988  0.987 -0.993
       19  0.99129   0.988  1.000  0.986 -0.972
       20  0.99056   0.987  0.986  1.000 -0.973
       22  0.99486  -0.993 -0.972 -0.973  1.000
 ERR MATRIX NOT POS-DEF
MINUIT - FIT ONLY 2-y
 **********
 **   76 **RES 
 **********
                   PARAMETER   14  ANy2 RESTORED TO VARIABLE.
                   PARAMETER    8  phi_CBO RESTORED TO VARIABLE.
                   PARAMETER    7  w_CBO RESTORED TO VARIABLE.
                   PARAMETER    6  A_CBO RESTORED TO VARIABLE.
                   PARAMETER    4  phi RESTORED TO VARIABLE.
                   PARAMETER    3  A0 RESTORED TO VARIABLE.
                   PARAMETER    1  N0 RESTORED TO VARIABLE.
 **********
 **   77 **FIX            0
 **********
