 + ++++++++++++++++++++++++++++++++++++++++++++++++++++++++++++++++++++ +
 +                                                                      +
 +           You have chose to blind your fitting according to          +
 +                omega_ref * (1 + (R +/- deltaR) *10^{-6})             +
 +                                                                      +
 + ++++++++++++++++++++++++++++++++++++++++++++++++++++++++++++++++++++ +
In main()...
reading format from /gm2data/zkhechad/run45/envelope/formats/formatB_sBin_constraintOn.txt
pBinTau 	= 0  
pBinPhi 	= 0  
constraintau 	= 1 
includeMopTerm 	= 0    
constrainMop    = 0   
Parameters after format file: pBinTau 0 pBinPhi 0 constraintau 1 includeMopTerm 0 constrainMop 0 c_e_scale 0.000000 
reading cbo reference file (full fit) from /gm2data/zkhechad/cboTemplates/Run4CBOTemplates/fullFits/run4/sBin_constraintOn_cE0.0_seed0_run4_calo7.root
A_CBO 0.010017 w_CBO 2.326795 phi_CBO 5.385454 N0 2934724.912691 R -61.426290 tau 64.406392 
Reading cboRef file /gm2data/zkhechad/cboTemplates/Run4CBOTemplates//cboIsolate/run4_calo7.root
deltaT 76.539708
windowBins = 510
fitting sliding window 980 from bin 1183 at 176.503600 to bin 1693 at 252.595600 (510 bins)

Reading data from /gm2data/cornell/histograms/aMethod/histogram_a_run4.root
fitting cbo isolate
 **********
 **    1 **SET PRINTOUT            1
 **********
 **********
 **    2 **SET NOWARNINGS 
 **********
 PARAMETER DEFINITIONS:
    NO.   NAME         VALUE      STEP SIZE      LIMITS
     1 A_CBO        1.00169e-02  1.00000e-05     no limits
     2 w_CBO        2.32680e+00  1.00000e-02    2.00000e+00  3.00000e+00
     3 phi_CBO      5.38545e+00  1.00000e-02    0.00000e+00  6.28319e+00
 **********
 **    3 **MIGRAD
 **********
 FIRST CALL TO USER FUNCTION AT NEW START POINT, WITH IFLAG=4.
 START MIGRAD MINIMIZATION.  STRATEGY  1.  CONVERGENCE WHEN EDM .LT. 1.00e-04
 FCN=0.01057 FROM MIGRAD    STATUS=INITIATE       12 CALLS          13 TOTAL
                     EDM= unknown      STRATEGY= 1      NO ERROR MATRIX       
  EXT PARAMETER               CURRENT GUESS       STEP         FIRST   
  NO.   NAME      VALUE            ERROR          SIZE      DERIVATIVE 
   1  A_CBO        1.00169e-02   1.00000e-05   1.00000e-05   2.95520e+00
   2  w_CBO        2.32680e+00   1.00000e-02   2.13223e-02  -8.52302e-02
   3  phi_CBO      5.38545e+00   1.00000e-02   4.54801e-03   2.02811e-03
 MIGRAD MINIMIZATION HAS CONVERGED.
 MIGRAD WILL VERIFY CONVERGENCE AND ERROR MATRIX.
 COVARIANCE MATRIX CALCULATED SUCCESSFULLY
 FCN=0.00204102 FROM MIGRAD    STATUS=CONVERGED      49 CALLS          50 TOTAL
                     EDM=5.38926e-06    STRATEGY= 1      ERROR MATRIX ACCURATE 
  EXT PARAMETER                                   STEP         FIRST   
  NO.   NAME      VALUE            ERROR          SIZE      DERIVATIVE 
   1  A_CBO        4.24199e-03   6.27219e-02   3.05446e-05  -5.46444e-03
   2  w_CBO        2.32687e+00   6.63089e-01   7.20402e-05   1.53106e-03
   3  phi_CBO      5.36390e+00   4.25842e+00   3.18726e-03   2.26068e-05
 EXTERNAL ERROR MATRIX.    NDIM=  25    NPAR=  3    ERR DEF=1
  3.934e-03 -3.244e-03 -6.956e-01 
 -3.244e-03  3.549e-01  7.534e+01 
 -6.956e-01  7.534e+01  1.621e+04 
 PARAMETER  CORRELATION COEFFICIENTS  
       NO.  GLOBAL      1      2      3
        1  0.08714   1.000 -0.087 -0.087
        2  0.99324  -0.087  1.000  0.993
        3  0.99324  -0.087  0.993  1.000
setting A_CBO=0.004242 w_CBO=2.326874, phi_CBO=5.363896
done fitting cbo isolate
 **********
 **    1 **SET PRINTOUT            1
 **********
 **********
 **    2 **SET NOWARNINGS 
 **********
 PARAMETER DEFINITIONS:
    NO.   NAME         VALUE      STEP SIZE      LIMITS
     1 N0           2.93472e+06  1.00000e+02     no limits
     2 tau          6.44064e+01  constant
     3 A0           3.50200e-01  1.00000e-04     no limits
     4 phi          4.11726e+00  1.00000e-02     no limits
     5 R           -6.14263e+01  constant
     6 A_CBO        4.24199e-03  1.00000e-05     no limits
     7 w_CBO        2.32687e+00  1.00000e-03     no limits
     8 phi_CBO      5.36390e+00  1.00000e-04     no limits
     9 ANx2         5.09258e-04  constant
    10 pNx2         1.79030e-01  constant
    11 ANy1         0.00000e+00  constant
    12 pNy1         0.00000e+00  constant
    13 w_y          0.00000e+00  constant
    14 ANy2         8.95951e-03  1.00000e-04     no limits
    15 pNy2         6.17155e+00  constant
    16 w_vw         1.43200e+01  constant
    17 LM          -8.21731e-05  constant
    18 wCBO_expCoeff   2.00000e+02  1.00000e+00     no limits
    19 wCBO_expOffset   2.00000e+02  1.00000e+00     no limits
    20 wCBO_expT    3.00000e+01  1.00000e+00     no limits
    21 wCBO_linCoeff   0.00000e+00  constant
    22 wCBO_const   0.00000e+00  1.00000e-02     no limits
MINUIT - FIT ONLY WIGGLE
 **********
 **    3 **FIX            5
 **********
 PARAMETER    5  IS CONSTANT.   IGNORED.
 **********
 **    4 **FIX            6
 **********
 **********
 **    5 **FIX            7
 **********
 **********
 **    6 **FIX            8
 **********
 **********
 **    7 **FIX            9
 **********
 PARAMETER    9  IS CONSTANT.   IGNORED.
 **********
 **    8 **FIX           10
 **********
 PARAMETER   10  IS CONSTANT.   IGNORED.
 **********
 **    9 **FIX           11
 **********
 PARAMETER   11  IS CONSTANT.   IGNORED.
 **********
 **   10 **FIX           12
 **********
 PARAMETER   12  IS CONSTANT.   IGNORED.
 **********
 **   11 **FIX           13
 **********
 PARAMETER   13  IS CONSTANT.   IGNORED.
 **********
 **   12 **FIX           14
 **********
 **********
 **   13 **FIX           15
 **********
 PARAMETER   15  IS CONSTANT.   IGNORED.
 **********
 **   14 **FIX           16
 **********
 PARAMETER   16  IS CONSTANT.   IGNORED.
 **********
 **   15 **MIGRAD
 **********
 FIRST CALL TO USER FUNCTION AT NEW START POINT, WITH IFLAG=4.
 START MIGRAD MINIMIZATION.  STRATEGY  1.  CONVERGENCE WHEN EDM .LT. 1.00e-04
 FCN=2416.92 FROM MIGRAD    STATUS=INITIATE       34 CALLS          35 TOTAL
                     EDM= unknown      STRATEGY= 1      NO ERROR MATRIX       
  EXT PARAMETER               CURRENT GUESS       STEP         FIRST   
  NO.   NAME      VALUE            ERROR          SIZE      DERIVATIVE 
   1  N0           2.93472e+06   1.00000e+02   1.00000e+02   4.31319e-03
   2  tau          6.44064e+01   constant   
   3  A0           3.50200e-01   1.00000e-04   1.00000e-04   4.00309e+03
   4  phi          4.11726e+00   1.00000e-02   1.00000e-02  -1.02778e+03
   5  R           -6.14263e+01   constant   
   6  A_CBO        4.24199e-03     fixed    
   7  w_CBO        2.32687e+00     fixed    
   8  phi_CBO      5.36390e+00     fixed    
   9  ANx2         5.09258e-04   constant   
  10  pNx2         1.79030e-01   constant   
  11  ANy1         0.00000e+00   constant   
  12  pNy1         0.00000e+00   constant   
  13  w_y          0.00000e+00   constant   
  14  ANy2         8.95951e-03     fixed    
  15  pNy2         6.17155e+00   constant   
  16  w_vw         1.43200e+01   constant   
  17  LM          -8.21731e-05   constant   
  18  wCBO_expCoeff   2.00000e+02   1.00000e+00   1.00000e+00   3.12233e+04
  19  wCBO_expOffset   2.00000e+02   1.00000e+00   1.00000e+00   2.17307e+05
  20  wCBO_expT    3.00000e+01   1.00000e+00   1.00000e+00   1.77613e+04
  21  wCBO_linCoeff   0.00000e+00   constant   
  22  wCBO_const   0.00000e+00   1.00000e-02   1.00000e-02   5.37186e+04
 MIGRAD FAILS TO FIND IMPROVEMENT
 FCN=2287.09 FROM HESSE     STATUS=NOT POSDEF     54 CALLS         254 TOTAL
                     EDM=0.0968814    STRATEGY= 1      ERR MATRIX NOT POS-DEF
  EXT PARAMETER                APPROXIMATE        STEP         FIRST   
  NO.   NAME      VALUE            ERROR          SIZE      DERIVATIVE 
   1  N0           2.93467e+06   4.36044e+02   1.05762e+01   7.38700e-05
   2  tau          6.44064e+01   constant   
   3  A0           3.50037e-01   1.99333e-04   4.87270e-06  -8.74348e+01
   4  phi          4.11643e+00   5.75816e-04   1.44318e-05  -2.38224e+01
   5  R           -6.14263e+01   constant   
   6  A_CBO        4.24199e-03     fixed    
   7  w_CBO        2.32687e+00     fixed    
   8  phi_CBO      5.36390e+00     fixed    
   9  ANx2         5.09258e-04   constant   
  10  pNx2         1.79030e-01   constant   
  11  ANy1         0.00000e+00   constant   
  12  pNy1         0.00000e+00   constant   
  13  w_y          0.00000e+00   constant   
  14  ANy2         8.95951e-03     fixed    
  15  pNy2         6.17155e+00   constant   
  16  w_vw         1.43200e+01   constant   
  17  LM          -8.21731e-05   constant   
  18  wCBO_expCoeff   2.00011e+02   1.55854e-03   9.53727e-05  -1.71998e+03
  19  wCBO_expOffset   2.00000e+02   3.81859e-04   9.53677e-05  -1.13896e+04
  20  wCBO_expT    3.00018e+01   1.63094e-04   1.43060e-05  -2.12899e+01
  21  wCBO_linCoeff   0.00000e+00   constant   
  22  wCBO_const  -1.27431e-02   8.36545e-04   4.09178e-06  -1.50528e+03
 MIGRAD FAILS TO FIND IMPROVEMENT
 MIGRAD TERMINATED WITHOUT CONVERGENCE.
 FCN=2286.93 FROM MIGRAD    STATUS=FAILED        300 CALLS         301 TOTAL
                     EDM=1.25039    STRATEGY= 1      ERR MATRIX NOT POS-DEF
  EXT PARAMETER                APPROXIMATE        STEP         FIRST   
  NO.   NAME      VALUE            ERROR          SIZE      DERIVATIVE 
   1  N0           2.93472e+06   4.16079e+02  -0.00000e+00   3.79597e-04
   2  tau          6.44064e+01   constant   
   3  A0           3.50063e-01   1.90073e-04  -0.00000e+00   8.92390e+02
   4  phi          4.11646e+00   5.54607e-04   0.00000e+00   3.24823e+02
   5  R           -6.14263e+01   constant   
   6  A_CBO        4.24199e-03     fixed    
   7  w_CBO        2.32687e+00     fixed    
   8  phi_CBO      5.36390e+00     fixed    
   9  ANx2         5.09258e-04   constant   
  10  pNx2         1.79030e-01   constant   
  11  ANy1         0.00000e+00   constant   
  12  pNy1         0.00000e+00   constant   
  13  w_y          0.00000e+00   constant   
  14  ANy2         8.95951e-03     fixed    
  15  pNy2         6.17155e+00   constant   
  16  w_vw         1.43200e+01   constant   
  17  LM          -8.21731e-05   constant   
  18  wCBO_expCoeff   2.00010e+02   1.47750e-03   0.00000e+00  -9.80800e+02
  19  wCBO_expOffset   2.00001e+02   3.65197e-04  -0.00000e+00   1.06163e+04
  20  wCBO_expT    3.00019e+01   1.48991e-04  -0.00000e+00   5.74970e+03
  21  wCBO_linCoeff   0.00000e+00   constant   
  22  wCBO_const  -1.30405e-02   7.95613e-04   0.00000e+00  -4.30871e+01
 EXTERNAL ERROR MATRIX.    NDIM=  25    NPAR=  7    ERR DEF=1
  1.731e+05 -7.870e-04 -1.187e-02 -8.164e-02  2.190e-02  7.370e-03 -4.500e-02 
 -7.870e-04  3.613e-08 -5.450e-09 -3.351e-08  9.007e-09  3.008e-09 -1.754e-08 
 -1.187e-02 -5.450e-09  3.076e-07  3.616e-08 -1.208e-08 -5.174e-09  3.449e-08 
 -8.164e-02 -3.351e-08  3.616e-08  2.183e-06 -5.274e-07 -1.914e-07  1.025e-06 
  2.190e-02  9.007e-09 -1.208e-08 -5.274e-07  1.334e-07  5.123e-08 -2.750e-07 
  7.370e-03  3.008e-09 -5.174e-09 -1.914e-07  5.123e-08  2.220e-08 -1.129e-07 
 -4.500e-02 -1.754e-08  3.449e-08  1.025e-06 -2.750e-07 -1.129e-07  6.330e-07 
ERR MATRIX NOT POS-DEF
 PARAMETER  CORRELATION COEFFICIENTS  
       NO.  GLOBAL      1      3      4     18     19     20     22
        1  0.20131   1.000 -0.010 -0.051 -0.133  0.144  0.119 -0.136
        3  0.19651  -0.010  1.000 -0.052 -0.119  0.130  0.106 -0.116
        4  0.11619  -0.051 -0.052  1.000  0.044 -0.060 -0.063  0.078
       18  0.99390  -0.133 -0.119  0.044  1.000 -0.977 -0.869  0.872
       19  0.99765   0.144  0.130 -0.060 -0.977  1.000  0.941 -0.946
       20  0.97256   0.119  0.106 -0.063 -0.869  0.941  1.000 -0.952
       22  0.97934  -0.136 -0.116  0.078  0.872 -0.946 -0.952  1.000
 ERR MATRIX NOT POS-DEF
MINUIT - FIT ONLY 1-CBO + other amplitudes 
 **********
 **   16 **RES 
 **********
                   PARAMETER   14  ANy2 RESTORED TO VARIABLE.
                   PARAMETER    8  phi_CBO RESTORED TO VARIABLE.
                   PARAMETER    7  w_CBO RESTORED TO VARIABLE.
                   PARAMETER    6  A_CBO RESTORED TO VARIABLE.
 **********
 **   17 **FIX            0
 **********
 PARAMETER    0  IS UNDEFINED. IGNORED.
 **********
 **   18 **FIX            1
 **********
 **********
 **   19 **FIX            2
 **********
 PARAMETER    2  IS CONSTANT.   IGNORED.
 **********
 **   20 **FIX            3
 **********
 **********
 **   21 **FIX            4
 **********
 **********
 **   22 **FIX            9
 **********
 PARAMETER    9  IS CONSTANT.   IGNORED.
 **********
 **   23 **FIX           11
 **********
 PARAMETER   11  IS CONSTANT.   IGNORED.
 **********
 **   24 **FIX           12
 **********
 PARAMETER   12  IS CONSTANT.   IGNORED.
 **********
 **   25 **FIX           14
 **********
 **********
 **   26 **FIX           15
 **********
 PARAMETER   15  IS CONSTANT.   IGNORED.
 **********
 **   27 **FIX           16
 **********
 PARAMETER   16  IS CONSTANT.   IGNORED.
 **********
 **   28 **MIGRAD
 **********
 START MIGRAD MINIMIZATION.  STRATEGY  1.  CONVERGENCE WHEN EDM .LT. 1.00e-04
 FCN=2286.93 FROM MIGRAD    STATUS=INITIATE       22 CALLS         323 TOTAL
                     EDM= unknown      STRATEGY= 1      NO ERROR MATRIX       
  EXT PARAMETER               CURRENT GUESS       STEP         FIRST   
  NO.   NAME      VALUE            ERROR          SIZE      DERIVATIVE 
   1  N0           2.93472e+06     fixed    
   2  tau          6.44064e+01   constant   
   3  A0           3.50063e-01     fixed    
   4  phi          4.11646e+00     fixed    
   5  R           -6.14263e+01   constant   
   6  A_CBO        4.24199e-03   1.00000e-05   1.00000e-05   1.24003e+05
   7  w_CBO        2.32687e+00   1.00000e-03   1.00000e-03  -8.42778e+04
   8  phi_CBO      5.36390e+00   1.00000e-04   1.00000e-04   1.16846e+01
   9  ANx2         5.09258e-04   constant   
  10  pNx2         1.79030e-01   constant   
  11  ANy1         0.00000e+00   constant   
  12  pNy1         0.00000e+00   constant   
  13  w_y          0.00000e+00   constant   
  14  ANy2         8.95951e-03     fixed    
  15  pNy2         6.17155e+00   constant   
  16  w_vw         1.43200e+01   constant   
  17  LM          -8.21731e-05   constant   
  18  wCBO_expCoeff   2.00010e+02   1.47750e-03   0.00000e+00  -9.80800e+02
  19  wCBO_expOffset   2.00001e+02   3.65197e-04  -0.00000e+00   1.06163e+04
  20  wCBO_expT    3.00019e+01   1.48991e-04  -0.00000e+00   5.74970e+03
  21  wCBO_linCoeff   0.00000e+00   constant   
  22  wCBO_const  -1.30405e-02   7.95613e-04   0.00000e+00  -4.30872e+01
 CALL LIMIT EXCEEDED IN MIGRAD.
 MIGRAD TERMINATED WITHOUT CONVERGENCE.
 FCN=2095.23 FROM MIGRAD    STATUS=CALL LIMIT   1156 CALLS        1457 TOTAL
                     EDM=1.67649    STRATEGY= 1  ERROR MATRIX UNCERTAINTY   0.1 per cent
  EXT PARAMETER                APPROXIMATE        STEP         FIRST   
  NO.   NAME      VALUE            ERROR          SIZE      DERIVATIVE 
   1  N0           2.93472e+06     fixed    
   2  tau          6.44064e+01   constant   
   3  A0           3.50063e-01     fixed    
   4  phi          4.11646e+00     fixed    
   5  R           -6.14263e+01   constant   
   6  A_CBO        1.17348e-03   2.30601e-04  -3.39452e-07  -8.26949e+02
   7  w_CBO        2.32687e+00   3.00217e-06  -5.94525e-09   2.06532e+05
   8  phi_CBO      4.57053e+00   2.56360e-01  -1.95928e-04  -1.91598e+00
   9  ANx2         5.09258e-04   constant   
  10  pNx2         1.79030e-01   constant   
  11  ANy1         0.00000e+00   constant   
  12  pNy1         0.00000e+00   constant   
  13  w_y          0.00000e+00   constant   
  14  ANy2         8.95951e-03     fixed    
  15  pNy2         6.17155e+00   constant   
  16  w_vw         1.43200e+01   constant   
  17  LM          -8.21731e-05   constant   
  18  wCBO_expCoeff   2.00010e+02   2.57124e-04  -5.05090e-07   2.38425e+03
  19  wCBO_expOffset   2.00001e+02   2.48994e-04   6.71870e-07   5.45512e+03
  20  wCBO_expT    3.00019e+01   2.43050e-04   6.45886e-07  -1.43623e+03
  21  wCBO_linCoeff   0.00000e+00   constant   
  22  wCBO_const  -1.34211e-02   7.91331e-04  -2.11743e-06   3.80146e+03
 EXTERNAL ERROR MATRIX.    NDIM=  25    NPAR=  7    ERR DEF=1
  5.318e-08  3.177e-10  1.175e-05  2.705e-08 -2.903e-08 -2.726e-08  1.003e-07 
  3.177e-10  9.013e-12  3.654e-07  4.093e-10 -5.346e-10 -5.193e-10  1.597e-09 
  1.175e-05  3.654e-07  6.572e-02  3.137e-05 -1.295e-05 -1.278e-05  5.981e-05 
  2.705e-08  4.093e-10  3.137e-05  6.611e-08 -4.540e-08 -4.413e-08  1.356e-07 
 -2.903e-08 -5.346e-10 -1.295e-05 -4.540e-08  6.200e-08  5.884e-08 -1.927e-07 
 -2.726e-08 -5.193e-10 -1.278e-05 -4.413e-08  5.884e-08  5.907e-08 -1.822e-07 
  1.003e-07  1.597e-09  5.981e-05  1.356e-07 -1.927e-07 -1.822e-07  6.262e-07 
ERR MATRIX APPROXIMATE
 PARAMETER  CORRELATION COEFFICIENTS  
       NO.  GLOBAL      6      7      8     18     19     20     22
        6  0.96193   1.000  0.459  0.199  0.456 -0.506 -0.486  0.550
        7  0.99233   0.459  1.000  0.475  0.530 -0.715 -0.712  0.672
        8  0.99310   0.199  0.475  1.000  0.476 -0.203 -0.205  0.295
       18  0.99217   0.456  0.530  0.476  1.000 -0.709 -0.706  0.666
       19  0.99967  -0.506 -0.715 -0.203 -0.709  1.000  0.972 -0.978
       20  0.97688  -0.486 -0.712 -0.205 -0.706  0.972  1.000 -0.947
       22  0.99955   0.550  0.672  0.295  0.666 -0.978 -0.947  1.000
 ERR MATRIX APPROXIMATE
MINUIT - FIT ONLY 1-CBO
 **********
 **   29 **RES 
 **********
                   PARAMETER   14  ANy2 RESTORED TO VARIABLE.
                   PARAMETER    4  phi RESTORED TO VARIABLE.
                   PARAMETER    3  A0 RESTORED TO VARIABLE.
                   PARAMETER    1  N0 RESTORED TO VARIABLE.
 **********
 **   30 **FIX            0
 **********
 PARAMETER    0  IS UNDEFINED. IGNORED.
 **********
 **   31 **FIX            1
 **********
 **********
 **   32 **FIX            2
 **********
 PARAMETER    2  IS CONSTANT.   IGNORED.
 **********
 **   33 **FIX            3
 **********
 **********
 **   34 **FIX            4
 **********
 **********
 **   35 **FIX            8
 **********
 **********
 **   36 **FIX            9
 **********
 PARAMETER    9  IS CONSTANT.   IGNORED.
 **********
 **   37 **FIX           11
 **********
 PARAMETER   11  IS CONSTANT.   IGNORED.
 **********
 **   38 **FIX           12
 **********
 PARAMETER   12  IS CONSTANT.   IGNORED.
 **********
 **   39 **FIX           13
 **********
 PARAMETER   13  IS CONSTANT.   IGNORED.
 **********
 **   40 **FIX           15
 **********
 PARAMETER   15  IS CONSTANT.   IGNORED.
 **********
 **   41 **FIX           16
 **********
 PARAMETER   16  IS CONSTANT.   IGNORED.
 **********
 **   42 **MIGRAD
 **********
 START MIGRAD MINIMIZATION.  STRATEGY  1.  CONVERGENCE WHEN EDM .LT. 1.00e-04
 FCN=2095.23 FROM MIGRAD    STATUS=INITIATE       16 CALLS        1473 TOTAL
                     EDM= unknown      STRATEGY= 1      NO ERROR MATRIX       
  EXT PARAMETER               CURRENT GUESS       STEP         FIRST   
  NO.   NAME      VALUE            ERROR          SIZE      DERIVATIVE 
   1  N0           2.93472e+06     fixed    
   2  tau          6.44064e+01   constant   
   3  A0           3.50063e-01     fixed    
   4  phi          4.11646e+00     fixed    
   5  R           -6.14263e+01   constant   
   6  A_CBO        1.17348e-03   2.30601e-04  -3.39452e-07  -8.26949e+02
   7  w_CBO        2.32687e+00   3.00217e-06  -5.94525e-09   2.06532e+05
   8  phi_CBO      4.57053e+00     fixed    
   9  ANx2         5.09258e-04   constant   
  10  pNx2         1.79030e-01   constant   
  11  ANy1         0.00000e+00   constant   
  12  pNy1         0.00000e+00   constant   
  13  w_y          0.00000e+00   constant   
  14  ANy2         8.95951e-03   1.00000e-04   1.00000e-04   3.53510e+05
  15  pNy2         6.17155e+00   constant   
  16  w_vw         1.43200e+01   constant   
  17  LM          -8.21731e-05   constant   
  18  wCBO_expCoeff   2.00010e+02   2.57124e-04  -5.05090e-07   2.38425e+03
  19  wCBO_expOffset   2.00001e+02   2.48994e-04   6.71870e-07   5.45512e+03
  20  wCBO_expT    3.00019e+01   2.43050e-04   6.45886e-07  -1.43623e+03
  21  wCBO_linCoeff   0.00000e+00   constant   
  22  wCBO_const  -1.34211e-02   7.91331e-04  -2.11743e-06   3.80146e+03
 MIGRAD FAILS TO FIND IMPROVEMENT
 COVARIANCE MATRIX CALCULATED SUCCESSFULLY
 FCN=568.079 FROM HESSE     STATUS=OK             54 CALLS        1875 TOTAL
                     EDM=0.0186415    STRATEGY= 1      ERROR MATRIX ACCURATE 
  EXT PARAMETER                                   STEP         FIRST   
  NO.   NAME      VALUE            ERROR          SIZE      DERIVATIVE 
   1  N0           2.93472e+06     fixed    
   2  tau          6.44064e+01   constant   
   3  A0           3.50063e-01     fixed    
   4  phi          4.11646e+00     fixed    
   5  R           -6.14263e+01   constant   
   6  A_CBO        1.68521e-04   3.33394e-04   2.54472e-06   5.79423e+01
   7  w_CBO        2.32689e+00   2.28015e-05   1.10955e-06   1.06325e+04
   8  phi_CBO      4.57053e+00     fixed    
   9  ANx2         5.09258e-04   constant   
  10  pNx2         1.79030e-01   constant   
  11  ANy1         0.00000e+00   constant   
  12  pNy1         0.00000e+00   constant   
  13  w_y          0.00000e+00   constant   
  14  ANy2         3.60525e-04   2.22476e-04   2.54875e-06  -3.66452e+01
  15  pNy2         6.17155e+00   constant   
  16  w_vw         1.43200e+01   constant   
  17  LM          -8.21731e-05   constant   
  18  wCBO_expCoeff   2.00012e+02   1.96449e-03   9.53730e-05   1.23565e+02
  19  wCBO_expOffset   2.00001e+02   1.37099e-04   9.53680e-05   8.17543e+02
  20  wCBO_expT    3.00030e+01   4.77787e-04   1.43065e-05   4.57728e+01
  21  wCBO_linCoeff   0.00000e+00   constant   
  22  wCBO_const  -1.94332e-02   2.03529e-03   4.80137e-06   2.90573e+01
 MIGRAD FAILS TO FIND IMPROVEMENT
 MIGRAD TERMINATED WITHOUT CONVERGENCE.
 FCN=568.063 FROM MIGRAD    STATUS=FAILED        461 CALLS        1918 TOTAL
                     EDM=0.00363125    STRATEGY= 1  ERROR MATRIX UNCERTAINTY   3.9 per cent
  EXT PARAMETER                APPROXIMATE        STEP         FIRST   
  NO.   NAME      VALUE            ERROR          SIZE      DERIVATIVE 
   1  N0           2.93472e+06     fixed    
   2  tau          6.44064e+01   constant   
   3  A0           3.50063e-01     fixed    
   4  phi          4.11646e+00     fixed    
   5  R           -6.14263e+01   constant   
   6  A_CBO        1.73140e-04   2.75806e-04  -0.00000e+00   2.63382e+01
   7  w_CBO        2.32688e+00   2.31347e-05  -0.00000e+00   1.14254e+03
   8  phi_CBO      4.57053e+00     fixed    
   9  ANx2         5.09258e-04   constant   
  10  pNx2         1.79030e-01   constant   
  11  ANy1         0.00000e+00   constant   
  12  pNy1         0.00000e+00   constant   
  13  w_y          0.00000e+00   constant   
  14  ANy2         3.62158e-04   2.20216e-04  -0.00000e+00   1.06460e+01
  15  pNy2         6.17155e+00   constant   
  16  w_vw         1.43200e+01   constant   
  17  LM          -8.21731e-05   constant   
  18  wCBO_expCoeff   2.00011e+02   1.99645e-03  -0.00000e+00   1.33248e+01
  19  wCBO_expOffset   2.00001e+02   1.95559e-04   0.00000e+00  -1.07924e+03
  20  wCBO_expT    3.00029e+01   3.88933e-04   0.00000e+00   1.58684e+01
  21  wCBO_linCoeff   0.00000e+00   constant   
  22  wCBO_const  -1.92329e-02   1.79610e-03  -0.00000e+00   2.47544e+00
 EXTERNAL ERROR MATRIX.    NDIM=  25    NPAR=  7    ERR DEF=1
  7.607e-08  5.377e-10  6.591e-09  4.803e-08 -3.021e-08 -4.201e-08  7.520e-08 
  5.377e-10  5.352e-10  1.258e-10 -1.580e-08 -9.477e-10  3.757e-09 -2.040e-08 
  6.591e-09  1.258e-10  4.850e-08  1.123e-08 -5.827e-09 -4.363e-09  1.176e-08 
  4.803e-08 -1.580e-08  1.123e-08  3.986e-06 -8.376e-08  3.254e-07 -1.743e-06 
 -3.021e-08 -9.477e-10 -5.827e-09 -8.376e-08  3.824e-08  1.869e-08 -4.417e-08 
 -4.201e-08  3.757e-09 -4.363e-09  3.254e-07  1.869e-08  1.513e-07 -6.134e-07 
  7.520e-08 -2.040e-08  1.176e-08 -1.743e-06 -4.417e-08 -6.134e-07  3.226e-06 
ERR MATRIX APPROXIMATE
 PARAMETER  CORRELATION COEFFICIENTS  
       NO.  GLOBAL      6      7     14     18     19     20     22
        6  0.76338   1.000  0.084  0.109  0.087 -0.560 -0.392  0.152
        7  0.98256   0.084  1.000  0.025 -0.342 -0.209  0.418 -0.491
       14  0.14344   0.109  0.025  1.000  0.026 -0.135 -0.051  0.030
       18  0.98255   0.087 -0.342  0.026  1.000 -0.215  0.419 -0.486
       19  0.94680  -0.560 -0.209 -0.135 -0.215  1.000  0.246 -0.126
       20  0.94922  -0.392  0.418 -0.051  0.419  0.246  1.000 -0.878
       22  0.97596   0.152 -0.491  0.030 -0.486 -0.126 -0.878  1.000
 ERR MATRIX APPROXIMATE
MINUIT - FIT ONLY 2-CBO
 **********
 **   43 **RES 
 **********
                   PARAMETER    8  phi_CBO RESTORED TO VARIABLE.
                   PARAMETER    4  phi RESTORED TO VARIABLE.
                   PARAMETER    3  A0 RESTORED TO VARIABLE.
                   PARAMETER    1  N0 RESTORED TO VARIABLE.
 **********
 **   44 **FIX            0
 **********
 PARAMETER    0  IS UNDEFINED. IGNORED.
 **********
 **   45 **FIX            1
 **********
 **********
 **   46 **FIX            2
 **********
 PARAMETER    2  IS CONSTANT.   IGNORED.
 **********
 **   47 **FIX            3
 **********
 **********
 **   48 **FIX            4
 **********
 **********
 **   49 **FIX            5
 **********
 PARAMETER    5  IS CONSTANT.   IGNORED.
 **********
 **   50 **FIX            6
 **********
 **********
 **   51 **FIX            7
 **********
 **********
 **   52 **FIX           10
 **********
 PARAMETER   10  IS CONSTANT.   IGNORED.
 **********
 **   53 **FIX           11
 **********
 PARAMETER   11  IS CONSTANT.   IGNORED.
 **********
 **   54 **FIX           12
 **********
 PARAMETER   12  IS CONSTANT.   IGNORED.
 **********
 **   55 **FIX           13
 **********
 PARAMETER   13  IS CONSTANT.   IGNORED.
 **********
 **   56 **FIX           14
 **********
 **********
 **   57 **FIX           15
 **********
 PARAMETER   15  IS CONSTANT.   IGNORED.
 **********
 **   58 **FIX           16
 **********
 PARAMETER   16  IS CONSTANT.   IGNORED.
 **********
 **   59 **MIGRAD
 **********
 START MIGRAD MINIMIZATION.  STRATEGY  1.  CONVERGENCE WHEN EDM .LT. 1.00e-04
 FCN=568.063 FROM MIGRAD    STATUS=INITIATE       12 CALLS        1930 TOTAL
                     EDM= unknown      STRATEGY= 1      NO ERROR MATRIX       
  EXT PARAMETER               CURRENT GUESS       STEP         FIRST   
  NO.   NAME      VALUE            ERROR          SIZE      DERIVATIVE 
   1  N0           2.93472e+06     fixed    
   2  tau          6.44064e+01   constant   
   3  A0           3.50063e-01     fixed    
   4  phi          4.11646e+00     fixed    
   5  R           -6.14263e+01   constant   
   6  A_CBO        1.73140e-04     fixed    
   7  w_CBO        2.32688e+00     fixed    
   8  phi_CBO      4.57053e+00   2.56360e-01   2.56360e-01   1.96761e-01
   9  ANx2         5.09258e-04   constant   
  10  pNx2         1.79030e-01   constant   
  11  ANy1         0.00000e+00   constant   
  12  pNy1         0.00000e+00   constant   
  13  w_y          0.00000e+00   constant   
  14  ANy2         3.62158e-04     fixed    
  15  pNy2         6.17155e+00   constant   
  16  w_vw         1.43200e+01   constant   
  17  LM          -8.21731e-05   constant   
  18  wCBO_expCoeff   2.00011e+02   1.99645e-03  -0.00000e+00   1.33248e+01
  19  wCBO_expOffset   2.00001e+02   1.95559e-04   0.00000e+00  -1.07924e+03
  20  wCBO_expT    3.00029e+01   3.88933e-04   0.00000e+00   1.58684e+01
  21  wCBO_linCoeff   0.00000e+00   constant   
  22  wCBO_const  -1.92329e-02   1.79610e-03  -0.00000e+00   2.47544e+00
 MIGRAD FAILS TO FIND IMPROVEMENT
 COVARIANCE MATRIX CALCULATED SUCCESSFULLY
 FCN=568.045 FROM HESSE     STATUS=OK             37 CALLS        2645 TOTAL
                     EDM=0.00086218    STRATEGY= 1      ERROR MATRIX ACCURATE 
  EXT PARAMETER                                   STEP         FIRST   
  NO.   NAME      VALUE            ERROR          SIZE      DERIVATIVE 
   1  N0           2.93472e+06     fixed    
   2  tau          6.44064e+01   constant   
   3  A0           3.50063e-01     fixed    
   4  phi          4.11646e+00     fixed    
   5  R           -6.14263e+01   constant   
   6  A_CBO        1.73140e-04     fixed    
   7  w_CBO        2.32688e+00     fixed    
   8  phi_CBO      4.35059e+00   1.44734e+00   1.48748e-02  -2.96871e-02
   9  ANx2         5.09258e-04   constant   
  10  pNx2         1.79030e-01   constant   
  11  ANy1         0.00000e+00   constant   
  12  pNy1         0.00000e+00   constant   
  13  w_y          0.00000e+00   constant   
  14  ANy2         3.62158e-04     fixed    
  15  pNy2         6.17155e+00   constant   
  16  w_vw         1.43200e+01   constant   
  17  LM          -8.21731e-05   constant   
  18  wCBO_expCoeff   2.00011e+02   1.70100e-03   9.53729e-05   6.86600e+01
  19  wCBO_expOffset   2.00001e+02   1.19390e-04   9.53680e-05   4.42927e+02
  20  wCBO_expT    3.00030e+01   3.26328e-04   1.43065e-05  -3.70230e+01
  21  wCBO_linCoeff   0.00000e+00   constant   
  22  wCBO_const  -1.92664e-02   1.56436e-03   4.78996e-06   9.94939e+01
 CALL LIMIT EXCEEDED IN MIGRAD.
 MIGRAD TERMINATED WITHOUT CONVERGENCE.
 FCN=568.044 FROM MIGRAD    STATUS=CALL LIMIT    843 CALLS        2761 TOTAL
                     EDM=0.00200952    STRATEGY= 1  ERROR MATRIX UNCERTAINTY   1.3 per cent
  EXT PARAMETER                APPROXIMATE        STEP         FIRST   
  NO.   NAME      VALUE            ERROR          SIZE      DERIVATIVE 
   1  N0           2.93472e+06     fixed    
   2  tau          6.44064e+01   constant   
   3  A0           3.50063e-01     fixed    
   4  phi          4.11646e+00     fixed    
   5  R           -6.14263e+01   constant   
   6  A_CBO        1.73140e-04     fixed    
   7  w_CBO        2.32688e+00     fixed    
   8  phi_CBO      4.37482e+00   1.28369e+00   3.27000e-05   4.54310e-03
   9  ANx2         5.09258e-04   constant   
  10  pNx2         1.79030e-01   constant   
  11  ANy1         0.00000e+00   constant   
  12  pNy1         0.00000e+00   constant   
  13  w_y          0.00000e+00   constant   
  14  ANy2         3.62158e-04     fixed    
  15  pNy2         6.17155e+00   constant   
  16  w_vw         1.43200e+01   constant   
  17  LM          -8.21731e-05   constant   
  18  wCBO_expCoeff   2.00011e+02   1.76260e-03   6.26604e-08  -3.11657e+00
  19  wCBO_expOffset   2.00001e+02   7.24542e-05   4.79977e-09  -1.26606e+03
  20  wCBO_expT    3.00030e+01   3.33093e-04   1.33745e-08  -3.90030e+01
  21  wCBO_linCoeff   0.00000e+00   constant   
  22  wCBO_const  -1.92942e-02   1.70163e-03  -9.35828e-08  -2.40475e-01
 EXTERNAL ERROR MATRIX.    NDIM=  25    NPAR=  5    ERR DEF=1
  1.648e+00 -4.918e-04  4.218e-05 -9.076e-05  3.315e-04 
 -4.918e-04  3.107e-06  3.469e-08  5.394e-07 -2.742e-06 
  4.218e-05  3.469e-08  5.250e-09  8.699e-09 -7.212e-08 
 -9.076e-05  5.394e-07  8.699e-09  1.110e-07 -5.057e-07 
  3.315e-04 -2.742e-06 -7.212e-08 -5.057e-07  2.896e-06 
ERR MATRIX APPROXIMATE
 PARAMETER  CORRELATION COEFFICIENTS  
       NO.  GLOBAL      8     18     19     20     22
        8  0.89726   1.000 -0.217  0.453 -0.212  0.152
       18  0.99047  -0.217  1.000  0.272  0.919 -0.914
       19  0.97513   0.453  0.272  1.000  0.360 -0.585
       20  0.93094  -0.212  0.919  0.360  1.000 -0.892
       22  0.99369   0.152 -0.914 -0.585 -0.892  1.000
 ERR MATRIX APPROXIMATE
MINUIT - FIT ONLY 1-y
 **********
 **   60 **RES 
 **********
                   PARAMETER   14  ANy2 RESTORED TO VARIABLE.
                   PARAMETER    7  w_CBO RESTORED TO VARIABLE.
                   PARAMETER    6  A_CBO RESTORED TO VARIABLE.
                   PARAMETER    4  phi RESTORED TO VARIABLE.
                   PARAMETER    3  A0 RESTORED TO VARIABLE.
                   PARAMETER    1  N0 RESTORED TO VARIABLE.
 **********
 **   61 **FIX            0
 **********
 PARAMETER    0  IS UNDEFINED. IGNORED.
 **********
 **   62 **FIX            1
 **********
 **********
 **   63 **FIX            2
 **********
 PARAMETER    2  IS CONSTANT.   IGNORED.
 **********
 **   64 **FIX            3
 **********
 **********
 **   65 **FIX            4
 **********
 **********
 **   66 **FIX            5
 **********
 PARAMETER    5  IS CONSTANT.   IGNORED.
 **********
 **   67 **FIX            6
 **********
 **********
 **   68 **FIX            7
 **********
 **********
 **   69 **FIX            8
 **********
 **********
 **   70 **FIX            9
 **********
 PARAMETER    9  IS CONSTANT.   IGNORED.
 **********
 **   71 **FIX           13
 **********
 PARAMETER   13  IS CONSTANT.   IGNORED.
 **********
 **   72 **FIX           14
 **********
 **********
 **   73 **FIX           15
 **********
 PARAMETER   15  IS CONSTANT.   IGNORED.
 **********
 **   74 **FIX           16
 **********
 PARAMETER   16  IS CONSTANT.   IGNORED.
 **********
 **   75 **MIGRAD
 **********
 START MIGRAD MINIMIZATION.  STRATEGY  1.  CONVERGENCE WHEN EDM .LT. 1.00e-04
 FCN=568.044 FROM MIGRAD    STATUS=INITIATE        8 CALLS        2769 TOTAL
                     EDM= unknown      STRATEGY= 1      NO ERROR MATRIX       
  EXT PARAMETER               CURRENT GUESS       STEP         FIRST   
  NO.   NAME      VALUE            ERROR          SIZE      DERIVATIVE 
   1  N0           2.93472e+06     fixed    
   2  tau          6.44064e+01   constant   
   3  A0           3.50063e-01     fixed    
   4  phi          4.11646e+00     fixed    
   5  R           -6.14263e+01   constant   
   6  A_CBO        1.73140e-04     fixed    
   7  w_CBO        2.32688e+00     fixed    
   8  phi_CBO      4.37482e+00     fixed    
   9  ANx2         5.09258e-04   constant   
  10  pNx2         1.79030e-01   constant   
  11  ANy1         0.00000e+00   constant   
  12  pNy1         0.00000e+00   constant   
  13  w_y          0.00000e+00   constant   
  14  ANy2         3.62158e-04     fixed    
  15  pNy2         6.17155e+00   constant   
  16  w_vw         1.43200e+01   constant   
  17  LM          -8.21731e-05   constant   
  18  wCBO_expCoeff   2.00011e+02   1.76260e-03   6.26604e-08  -3.11657e+00
  19  wCBO_expOffset   2.00001e+02   7.24542e-05   4.79977e-09  -1.26606e+03
  20  wCBO_expT    3.00030e+01   3.33093e-04   1.33745e-08  -3.90030e+01
  21  wCBO_linCoeff   0.00000e+00   constant   
  22  wCBO_const  -1.92942e-02   1.70163e-03  -9.35828e-08  -2.40464e-01
 MIGRAD FAILS TO FIND IMPROVEMENT
 COVARIANCE MATRIX CALCULATED SUCCESSFULLY
 FCN=568.044 FROM HESSE     STATUS=OK             29 CALLS        2802 TOTAL
                     EDM=0.00049044    STRATEGY= 1      ERROR MATRIX ACCURATE 
  EXT PARAMETER                                   STEP         FIRST   
  NO.   NAME      VALUE            ERROR          SIZE      DERIVATIVE 
   1  N0           2.93472e+06     fixed    
   2  tau          6.44064e+01   constant   
   3  A0           3.50063e-01     fixed    
   4  phi          4.11646e+00     fixed    
   5  R           -6.14263e+01   constant   
   6  A_CBO        1.73140e-04     fixed    
   7  w_CBO        2.32688e+00     fixed    
   8  phi_CBO      4.37482e+00     fixed    
   9  ANx2         5.09258e-04   constant   
  10  pNx2         1.79030e-01   constant   
  11  ANy1         0.00000e+00   constant   
  12  pNy1         0.00000e+00   constant   
  13  w_y          0.00000e+00   constant   
  14  ANy2         3.62158e-04     fixed    
  15  pNy2         6.17155e+00   constant   
  16  w_vw         1.43200e+01   constant   
  17  LM          -8.21731e-05   constant   
  18  wCBO_expCoeff   2.00011e+02   1.68472e-03   9.53729e-05   1.76933e+00
  19  wCBO_expOffset   2.00001e+02   1.20360e-04   9.53680e-05  -3.42097e+02
  20  wCBO_expT    3.00030e+01   3.14315e-04   1.43065e-05  -2.58190e+01
  21  wCBO_linCoeff   0.00000e+00   constant   
  22  wCBO_const  -1.92942e-02   1.55525e-03   4.79230e-06  -2.42479e-01
 MIGRAD FAILS TO FIND IMPROVEMENT
 MIGRAD TERMINATED WITHOUT CONVERGENCE.
 FCN=568.044 FROM MIGRAD    STATUS=FAILED         64 CALLS        2825 TOTAL
                     EDM=0.0061599    STRATEGY= 1  ERROR MATRIX UNCERTAINTY   4.6 per cent
  EXT PARAMETER                APPROXIMATE        STEP         FIRST   
  NO.   NAME      VALUE            ERROR          SIZE      DERIVATIVE 
   1  N0           2.93472e+06     fixed    
   2  tau          6.44064e+01   constant   
   3  A0           3.50063e-01     fixed    
   4  phi          4.11646e+00     fixed    
   5  R           -6.14263e+01   constant   
   6  A_CBO        1.73140e-04     fixed    
   7  w_CBO        2.32688e+00     fixed    
   8  phi_CBO      4.37482e+00     fixed    
   9  ANx2         5.09258e-04   constant   
  10  pNx2         1.79030e-01   constant   
  11  ANy1         0.00000e+00   constant   
  12  pNy1         0.00000e+00   constant   
  13  w_y          0.00000e+00   constant   
  14  ANy2         3.62158e-04     fixed    
  15  pNy2         6.17155e+00   constant   
  16  w_vw         1.43200e+01   constant   
  17  LM          -8.21731e-05   constant   
  18  wCBO_expCoeff   2.00011e+02   1.00000e+00  -0.00000e+00   2.64250e+00
  19  wCBO_expOffset   2.00001e+02   1.00000e+00   0.00000e+00  -1.23118e+03
  20  wCBO_expT    3.00030e+01   1.00000e+00   0.00000e+00  -4.74954e+01
  21  wCBO_linCoeff   0.00000e+00   constant   
  22  wCBO_const  -1.92968e-02   1.00000e+00  -0.00000e+00   3.65913e+00
 EXTERNAL ERROR MATRIX.    NDIM=  25    NPAR=  4    ERR DEF=1
  1.000e+00 -1.858e-08  4.087e-07 -2.102e-06 
 -1.858e-08  1.000e+00 -3.904e-09  1.877e-08 
  4.087e-07 -3.904e-09  1.000e+00 -2.982e-07 
 -2.102e-06  1.877e-08 -2.982e-07  1.000e+00 
ERR MATRIX APPROXIMATE
 PARAMETER  CORRELATION COEFFICIENTS  
       NO.  GLOBAL     18     19     20     22
       18  0.00000   1.000 -0.000  0.000 -0.000
       19  0.00000  -0.000  1.000 -0.000  0.000
       20  0.00000   0.000 -0.000  1.000 -0.000
       22  0.00000  -0.000  0.000 -0.000  1.000
 ERR MATRIX APPROXIMATE
MINUIT - FIT ONLY 2-y
 **********
 **   76 **RES 
 **********
                   PARAMETER   14  ANy2 RESTORED TO VARIABLE.
                   PARAMETER    8  phi_CBO RESTORED TO VARIABLE.
                   PARAMETER    7  w_CBO RESTORED TO VARIABLE.
                   PARAMETER    6  A_CBO RESTORED TO VARIABLE.
                   PARAMETER    4  phi RESTORED TO VARIABLE.
                   PARAMETER    3  A0 RESTORED TO VARIABLE.
                   PARAMETER    1  N0 RESTORED TO VARIABLE.
 **********
 **   77 **FIX            0
 **********
 PARAMETER    0  IS UNDEFINED. IGNORED.
 **********
 **   78 **FIX            1
 **********
 **********
 **   79 **FIX            2
 **********
 PARAMETER    2  IS CONSTANT.   IGNORED.
 **********
 **   80 **FIX            3
 **********
 **********
 **   81 **FIX            4
 **********
 **********
 **   82 **FIX            5
 **********
 PARAMETER    5  IS CONSTANT.   IGNORED.
 **********
 **   83 **FIX            6
 **********
 **********
 **   84 **FIX            7
 **********
 **********
 **   85 **FIX            8
 **********
 **********
 **   86 **FIX            9
 **********
 PARAMETER    9  IS CONSTANT.   IGNORED.
 **********
 **   87 **FIX           10
 **********
 PARAMETER   10  IS CONSTANT.   IGNORED.
 **********
 **   88 **FIX           11
 **********
 PARAMETER   11  IS CONSTANT.   IGNORED.
 **********
 **   89 **FIX           12
 **********
 PARAMETER   12  IS CONSTANT.   IGNORED.
 **********
 **   90 **FIX           16
 **********
 PARAMETER   16  IS CONSTANT.   IGNORED.
 **********
 **   91 **MIGRAD
 **********
 START MIGRAD MINIMIZATION.  STRATEGY  1.  CONVERGENCE WHEN EDM .LT. 1.00e-04
 FCN=568.044 FROM MIGRAD    STATUS=INITIATE       10 CALLS        2835 TOTAL
                     EDM= unknown      STRATEGY= 1      NO ERROR MATRIX       
