 + ++++++++++++++++++++++++++++++++++++++++++++++++++++++++++++++++++++ +
 +                                                                      +
 +           You have chose to blind your fitting according to          +
 +                omega_ref * (1 + (R +/- deltaR) *10^{-6})             +
 +                                                                      +
 + ++++++++++++++++++++++++++++++++++++++++++++++++++++++++++++++++++++ +
In main()...
reading format from /gm2data/zkhechad/run45/envelope/formats/formatB_sBin_constraintOn.txt
pBinTau 	= 0  
pBinPhi 	= 0  
constraintau 	= 1 
includeMopTerm 	= 0    
constrainMop    = 0   
Parameters after format file: pBinTau 0 pBinPhi 0 constraintau 1 includeMopTerm 0 constrainMop 0 c_e_scale 0.000000 
reading cbo reference file (full fit) from /gm2data/zkhechad/cboTemplates/Run4CBOTemplates/fullFits/run4/sBin_constraintOn_cE0.0_seed0_run4_calo18.root
A_CBO 0.008791 w_CBO 2.327338 phi_CBO 0.630678 N0 3499835.498759 R -60.917989 tau 64.411905 
Reading cboRef file /gm2data/zkhechad/cboTemplates/Run4CBOTemplates//cboIsolate/run4_calo18.root
deltaT 164.120000
windowBins = 1100
fitting sliding window 2360 from bin 2563 at 382.399600 to bin 3663 at 546.519600 (1100 bins)

Reading data from /gm2data/cornell/histograms/aMethod/histogram_a_run4.root
fitting cbo isolate
 **********
 **    1 **SET PRINTOUT            1
 **********
 **********
 **    2 **SET NOWARNINGS 
 **********
 PARAMETER DEFINITIONS:
    NO.   NAME         VALUE      STEP SIZE      LIMITS
     1 A_CBO        8.79094e-03  1.00000e-05     no limits
     2 w_CBO        2.32734e+00  1.00000e-02    2.00000e+00  3.00000e+00
     3 phi_CBO      6.30678e-01  1.00000e-02    0.00000e+00  6.28319e+00
 **********
 **    3 **MIGRAD
 **********
 FIRST CALL TO USER FUNCTION AT NEW START POINT, WITH IFLAG=4.
 START MIGRAD MINIMIZATION.  STRATEGY  1.  CONVERGENCE WHEN EDM .LT. 1.00e-04
 FCN=0.260881 FROM MIGRAD    STATUS=INITIATE       12 CALLS          13 TOTAL
                     EDM= unknown      STRATEGY= 1      NO ERROR MATRIX       
  EXT PARAMETER               CURRENT GUESS       STEP         FIRST   
  NO.   NAME      VALUE            ERROR          SIZE      DERIVATIVE 
   1  A_CBO        8.79094e-03   1.00000e-05   1.00000e-05   6.79054e+00
   2  w_CBO        2.32734e+00   1.00000e-02   2.13132e-02   3.68876e+00
   3  phi_CBO      6.30678e-01   1.00000e-02   5.29649e-03  -3.05609e-02
 MIGRAD MINIMIZATION HAS CONVERGED.
 MIGRAD WILL VERIFY CONVERGENCE AND ERROR MATRIX.
 COVARIANCE MATRIX CALCULATED SUCCESSFULLY
 FCN=0.238354 FROM MIGRAD    STATUS=CONVERGED      64 CALLS          65 TOTAL
                     EDM=1.16258e-05    STRATEGY= 1      ERROR MATRIX ACCURATE 
  EXT PARAMETER                                   STEP         FIRST   
  NO.   NAME      VALUE            ERROR          SIZE      DERIVATIVE 
   1  A_CBO        3.15902e-03   4.28312e-02   2.31241e-05   4.76282e-02
   2  w_CBO        2.32683e+00   2.92167e-01   3.32682e-05  -1.21860e-02
   3  phi_CBO      9.65515e-01   5.66776e+00   3.21952e-03   1.89076e-04
 EXTERNAL ERROR MATRIX.    NDIM=  25    NPAR=  3    ERR DEF=1
  1.835e-03 -1.501e-03 -7.295e-01 
 -1.501e-03  9.948e-02  4.783e+01 
 -7.295e-01  4.783e+01  2.318e+04 
 PARAMETER  CORRELATION COEFFICIENTS  
       NO.  GLOBAL      1      2      3
        1  0.11191   1.000 -0.111 -0.112
        2  0.99602  -0.111  1.000  0.996
        3  0.99602  -0.112  0.996  1.000
setting A_CBO=0.003159 w_CBO=2.326828, phi_CBO=0.965515
done fitting cbo isolate
 **********
 **    1 **SET PRINTOUT            1
 **********
 **********
 **    2 **SET NOWARNINGS 
 **********
 PARAMETER DEFINITIONS:
    NO.   NAME         VALUE      STEP SIZE      LIMITS
     1 N0           3.49984e+06  1.00000e+02     no limits
     2 tau          6.44119e+01  constant
     3 A0           3.53539e-01  1.00000e-04     no limits
     4 phi          4.12187e+00  1.00000e-02     no limits
     5 R           -6.09180e+01  constant
     6 A_CBO        3.15902e-03  1.00000e-05     no limits
     7 w_CBO        2.32683e+00  1.00000e-03     no limits
     8 phi_CBO      9.65515e-01  1.00000e-04     no limits
     9 ANx2         2.22853e-04  constant
    10 pNx2         5.08518e+00  constant
    11 ANy1         0.00000e+00  constant
    12 pNy1         0.00000e+00  constant
    13 w_y          0.00000e+00  constant
    14 ANy2         9.04789e-03  1.00000e-04     no limits
    15 pNy2         3.29982e+00  constant
    16 w_vw         1.43191e+01  constant
    17 LM           2.21951e-04  constant
    18 wCBO_expCoeff   2.00000e+02  1.00000e+00     no limits
    19 wCBO_expOffset   2.00000e+02  1.00000e+00     no limits
    20 wCBO_expT    3.00000e+01  1.00000e+00     no limits
    21 wCBO_linCoeff   0.00000e+00  constant
    22 wCBO_const   0.00000e+00  1.00000e-02     no limits
MINUIT - FIT ONLY WIGGLE
 **********
 **    3 **FIX            5
 **********
 PARAMETER    5  IS CONSTANT.   IGNORED.
 **********
 **    4 **FIX            6
 **********
 **********
 **    5 **FIX            7
 **********
 **********
 **    6 **FIX            8
 **********
 **********
 **    7 **FIX            9
 **********
 PARAMETER    9  IS CONSTANT.   IGNORED.
 **********
 **    8 **FIX           10
 **********
 PARAMETER   10  IS CONSTANT.   IGNORED.
 **********
 **    9 **FIX           11
 **********
 PARAMETER   11  IS CONSTANT.   IGNORED.
 **********
 **   10 **FIX           12
 **********
 PARAMETER   12  IS CONSTANT.   IGNORED.
 **********
 **   11 **FIX           13
 **********
 PARAMETER   13  IS CONSTANT.   IGNORED.
 **********
 **   12 **FIX           14
 **********
 **********
 **   13 **FIX           15
 **********
 PARAMETER   15  IS CONSTANT.   IGNORED.
 **********
 **   14 **FIX           16
 **********
 PARAMETER   16  IS CONSTANT.   IGNORED.
 **********
 **   15 **MIGRAD
 **********
 FIRST CALL TO USER FUNCTION AT NEW START POINT, WITH IFLAG=4.
 START MIGRAD MINIMIZATION.  STRATEGY  1.  CONVERGENCE WHEN EDM .LT. 1.00e-04
 FCN=422.895 FROM MIGRAD    STATUS=INITIATE       79 CALLS          80 TOTAL
                     EDM= unknown      STRATEGY= 1      NO ERROR MATRIX       
  EXT PARAMETER               CURRENT GUESS       STEP         FIRST   
  NO.   NAME      VALUE            ERROR          SIZE      DERIVATIVE 
   1  N0           3.49984e+06   1.00000e+02   0.00000e+00   1.33469e-04
   2  tau          6.44119e+01   constant   
   3  A0           3.53539e-01   1.00000e-04   0.00000e+00  -1.19947e+02
   4  phi          4.12187e+00   1.00000e-02   0.00000e+00   4.52772e+02
   5  R           -6.09180e+01   constant   
   6  A_CBO        3.15902e-03     fixed    
   7  w_CBO        2.32683e+00     fixed    
   8  phi_CBO      9.65515e-01     fixed    
   9  ANx2         2.22853e-04   constant   
  10  pNx2         5.08518e+00   constant   
  11  ANy1         0.00000e+00   constant   
  12  pNy1         0.00000e+00   constant   
  13  w_y          0.00000e+00   constant   
  14  ANy2         9.04789e-03     fixed    
  15  pNy2         3.29982e+00   constant   
  16  w_vw         1.43191e+01   constant   
  17  LM           2.21951e-04   constant   
  18  wCBO_expCoeff   2.00655e+02   1.00000e+00   6.55493e-01  -7.92207e-02
  19  wCBO_expOffset   2.00000e+02   1.00000e+00   0.00000e+00  -5.29866e-01
  20  wCBO_expT    3.00000e+01   1.00000e+00   0.00000e+00   1.20612e+01
  21  wCBO_linCoeff   0.00000e+00   constant   
  22  wCBO_const  -2.10615e-03   1.00000e-02   0.00000e+00   2.08383e+03
 MIGRAD MINIMIZATION HAS CONVERGED.
 FCN=420.747 FROM MIGRAD    STATUS=CONVERGED     226 CALLS         227 TOTAL
                     EDM=6.91619e-06    STRATEGY= 1  ERROR MATRIX UNCERTAINTY   0.3 per cent
  EXT PARAMETER                                   STEP         FIRST   
  NO.   NAME      VALUE            ERROR          SIZE      DERIVATIVE 
   1  N0           3.49935e+06   2.14797e+03   1.18097e+00  -5.52187e-08
   2  tau          6.44119e+01   constant   
   3  A0           3.53603e-01   8.36445e-04  -6.33392e-06   5.35981e-01
   4  phi          4.12077e+00   2.43213e-03  -2.16243e-05  -1.17348e-01
   5  R           -6.09180e+01   constant   
   6  A_CBO        3.15902e-03     fixed    
   7  w_CBO        2.32683e+00     fixed    
   8  phi_CBO      9.65515e-01     fixed    
   9  ANx2         2.22853e-04   constant   
  10  pNx2         5.08518e+00   constant   
  11  ANy1         0.00000e+00   constant   
  12  pNy1         0.00000e+00   constant   
  13  w_y          0.00000e+00   constant   
  14  ANy2         9.04789e-03     fixed    
  15  pNy2         3.29982e+00   constant   
  16  w_vw         1.43191e+01   constant   
  17  LM           2.21951e-04   constant   
  18  wCBO_expCoeff   2.05995e+02   6.02580e+00   3.48768e-02   7.27480e-05
  19  wCBO_expOffset   2.00799e+02   9.03039e-01   5.24316e-03   5.06851e-04
  20  wCBO_expT    2.97564e+01   2.88703e-01  -1.46727e-03   6.57071e-03
  21  wCBO_linCoeff   0.00000e+00   constant   
  22  wCBO_const  -1.97359e-03   1.37309e-03  -1.80061e-06  -3.01279e+00
 EXTERNAL ERROR MATRIX.    NDIM=  25    NPAR=  7    ERR DEF=1
  4.614e+06  6.417e-03 -1.468e-01 -7.273e+02 -1.090e+02  3.312e+01  2.531e-02 
  6.417e-03  6.996e-07  1.734e-08 -5.414e-04 -8.116e-05  2.837e-05 -2.162e-07 
 -1.468e-01  1.734e-08  5.915e-06  9.412e-04  1.409e-04 -4.679e-05  1.553e-07 
 -7.273e+02 -5.414e-04  9.412e-04  3.631e+01  5.393e+00 -1.731e+00  6.527e-03 
 -1.090e+02 -8.116e-05  1.409e-04  5.393e+00  8.155e-01 -2.593e-01  9.775e-04 
  3.312e+01  2.837e-05 -4.679e-05 -1.731e+00 -2.593e-01  8.335e-02 -3.278e-04 
  2.531e-02 -2.162e-07  1.553e-07  6.527e-03  9.775e-04 -3.278e-04  1.885e-06 
 PARAMETER  CORRELATION COEFFICIENTS  
       NO.  GLOBAL      1      3      4     18     19     20     22
        1  0.12313   1.000  0.004 -0.028 -0.056 -0.056  0.053  0.009
        3  0.20116   0.004  1.000  0.009 -0.107 -0.107  0.117 -0.188
        4  0.09605  -0.028  0.009  1.000  0.064  0.064 -0.067  0.047
       18  0.99697  -0.056 -0.107  0.064  1.000  0.991 -0.995  0.789
       19  0.99697  -0.056 -0.107  0.064  0.991  1.000 -0.995  0.788
       20  0.99903   0.053  0.117 -0.067 -0.995 -0.995  1.000 -0.827
       22  0.93865   0.009 -0.188  0.047  0.789  0.788 -0.827  1.000
MINUIT - FIT ONLY 1-CBO + other amplitudes 
 **********
 **   16 **RES 
 **********
                   PARAMETER   14  ANy2 RESTORED TO VARIABLE.
                   PARAMETER    8  phi_CBO RESTORED TO VARIABLE.
                   PARAMETER    7  w_CBO RESTORED TO VARIABLE.
                   PARAMETER    6  A_CBO RESTORED TO VARIABLE.
 **********
 **   17 **FIX            0
 **********
 PARAMETER    0  IS UNDEFINED. IGNORED.
 **********
 **   18 **FIX            1
 **********
 **********
 **   19 **FIX            2
 **********
 PARAMETER    2  IS CONSTANT.   IGNORED.
 **********
 **   20 **FIX            3
 **********
 **********
 **   21 **FIX            4
 **********
 **********
 **   22 **FIX            9
 **********
 PARAMETER    9  IS CONSTANT.   IGNORED.
 **********
 **   23 **FIX           11
 **********
 PARAMETER   11  IS CONSTANT.   IGNORED.
 **********
 **   24 **FIX           12
 **********
 PARAMETER   12  IS CONSTANT.   IGNORED.
 **********
 **   25 **FIX           14
 **********
 **********
 **   26 **FIX           15
 **********
 PARAMETER   15  IS CONSTANT.   IGNORED.
 **********
 **   27 **FIX           16
 **********
 PARAMETER   16  IS CONSTANT.   IGNORED.
 **********
 **   28 **MIGRAD
 **********
 START MIGRAD MINIMIZATION.  STRATEGY  1.  CONVERGENCE WHEN EDM .LT. 1.00e-04
 FCN=420.747 FROM MIGRAD    STATUS=INITIATE       18 CALLS         245 TOTAL
                     EDM= unknown      STRATEGY= 1      NO ERROR MATRIX       
  EXT PARAMETER               CURRENT GUESS       STEP         FIRST   
  NO.   NAME      VALUE            ERROR          SIZE      DERIVATIVE 
   1  N0           3.49935e+06     fixed    
   2  tau          6.44119e+01   constant   
   3  A0           3.53603e-01     fixed    
   4  phi          4.12077e+00     fixed    
   5  R           -6.09180e+01   constant   
   6  A_CBO        3.15902e-03   1.00000e-05   1.00000e-05   5.79031e+03
   7  w_CBO        2.32683e+00   1.00000e-03   1.00000e-03  -1.28474e+00
   8  phi_CBO      9.65515e-01   1.00000e-04   1.00000e-04   2.80608e-01
   9  ANx2         2.22853e-04   constant   
  10  pNx2         5.08518e+00   constant   
  11  ANy1         0.00000e+00   constant   
  12  pNy1         0.00000e+00   constant   
  13  w_y          0.00000e+00   constant   
  14  ANy2         9.04789e-03     fixed    
  15  pNy2         3.29982e+00   constant   
  16  w_vw         1.43191e+01   constant   
  17  LM           2.21951e-04   constant   
  18  wCBO_expCoeff   2.05995e+02   6.02580e+00   3.48768e-02   7.24637e-05
  19  wCBO_expOffset   2.00799e+02   9.03039e-01   5.24316e-03   5.05026e-04
  20  wCBO_expT    2.97564e+01   2.88703e-01  -1.46727e-03   6.56205e-03
  21  wCBO_linCoeff   0.00000e+00   constant   
  22  wCBO_const  -1.97359e-03   1.37309e-03  -1.80061e-06  -3.01279e+00
 MIGRAD MINIMIZATION HAS CONVERGED.
 MIGRAD WILL VERIFY CONVERGENCE AND ERROR MATRIX.
 FCN=414.065 FROM MIGRAD    STATUS=CONVERGED     200 CALLS         427 TOTAL
                     EDM=3.22787e-05    STRATEGY= 1      ERR MATRIX NOT POS-DEF
  EXT PARAMETER                APPROXIMATE        STEP         FIRST   
  NO.   NAME      VALUE            ERROR          SIZE      DERIVATIVE 
   1  N0           3.49935e+06     fixed    
   2  tau          6.44119e+01   constant   
   3  A0           3.53603e-01     fixed    
   4  phi          4.12077e+00     fixed    
   5  R           -6.09180e+01   constant   
   6  A_CBO        8.71974e-04   9.06424e-04   8.62909e-06   1.82646e+00
   7  w_CBO        2.32692e+00   1.62957e-02   1.49534e-05   3.45384e-01
   8  phi_CBO      6.24767e-01   1.74230e+00   9.95840e-03   2.71816e-04
   9  ANx2         2.22853e-04   constant   
  10  pNx2         5.08518e+00   constant   
  11  ANy1         0.00000e+00   constant   
  12  pNy1         0.00000e+00   constant   
  13  w_y          0.00000e+00   constant   
  14  ANy2         9.04789e-03     fixed    
  15  pNy2         3.29982e+00   constant   
  16  w_vw         1.43191e+01   constant   
  17  LM           2.21951e-04   constant   
  18  wCBO_expCoeff   2.05832e+02   5.16675e+00   6.68389e-03   1.37588e-03
  19  wCBO_expOffset   2.00776e+02   7.47041e-01   9.66186e-04   9.51836e-03
  20  wCBO_expT    2.97534e+01   1.16169e-01   1.50076e-04   1.25069e-01
  21  wCBO_linCoeff   0.00000e+00   constant   
  22  wCBO_const  -1.90246e-03   7.07758e-03   7.64260e-06   5.21563e-01
 EXTERNAL ERROR MATRIX.    NDIM=  25    NPAR=  7    ERR DEF=1
  8.216e-07 -2.601e-07 -1.901e-04  1.180e-04  1.712e-05  2.228e-06 -3.288e-07 
 -2.601e-07  2.655e-04  1.488e-03 -8.195e-03 -1.189e-03 -1.891e-04 -1.111e-04 
 -1.901e-04  1.488e-03  3.036e+00 -7.664e-01 -1.110e-01  1.677e-02  1.769e-03 
  1.180e-04 -8.195e-03 -7.664e-01  2.670e+01 -1.984e+00 -2.748e-01  3.357e-03 
  1.712e-05 -1.189e-03 -1.110e-01 -1.984e+00  5.581e-01 -3.975e-02  4.868e-04 
  2.228e-06 -1.891e-04  1.677e-02 -2.748e-01 -3.975e-02  1.350e-02  4.409e-05 
 -3.288e-07 -1.111e-04  1.769e-03  3.357e-03  4.868e-04  4.409e-05  5.009e-05 
ERR MATRIX NOT POS-DEF
 PARAMETER  CORRELATION COEFFICIENTS  
       NO.  GLOBAL      6      7      8     18     19     20     22
        6  0.29980   1.000 -0.018 -0.120  0.025  0.025  0.021 -0.051
        7  0.99575  -0.018  1.000  0.052 -0.097 -0.098 -0.100 -0.963
        8  0.81926  -0.120  0.052  1.000 -0.085 -0.085  0.083  0.143
       18  0.99155   0.025 -0.097 -0.085  1.000 -0.514 -0.458  0.092
       19  0.99156   0.025 -0.098 -0.085 -0.514  1.000 -0.458  0.092
       20  0.99158   0.021 -0.100  0.083 -0.458 -0.458  1.000  0.054
       22  0.99411  -0.051 -0.963  0.143  0.092  0.092  0.054  1.000
 ERR MATRIX NOT POS-DEF
MINUIT - FIT ONLY 1-CBO
 **********
 **   29 **RES 
 **********
                   PARAMETER   14  ANy2 RESTORED TO VARIABLE.
                   PARAMETER    4  phi RESTORED TO VARIABLE.
                   PARAMETER    3  A0 RESTORED TO VARIABLE.
                   PARAMETER    1  N0 RESTORED TO VARIABLE.
 **********
 **   30 **FIX            0
 **********
 PARAMETER    0  IS UNDEFINED. IGNORED.
 **********
 **   31 **FIX            1
 **********
 **********
 **   32 **FIX            2
 **********
 PARAMETER    2  IS CONSTANT.   IGNORED.
 **********
 **   33 **FIX            3
 **********
 **********
 **   34 **FIX            4
 **********
 **********
 **   35 **FIX            8
 **********
 **********
 **   36 **FIX            9
 **********
 PARAMETER    9  IS CONSTANT.   IGNORED.
 **********
 **   37 **FIX           11
 **********
 PARAMETER   11  IS CONSTANT.   IGNORED.
 **********
 **   38 **FIX           12
 **********
 PARAMETER   12  IS CONSTANT.   IGNORED.
 **********
 **   39 **FIX           13
 **********
 PARAMETER   13  IS CONSTANT.   IGNORED.
 **********
 **   40 **FIX           15
 **********
 PARAMETER   15  IS CONSTANT.   IGNORED.
 **********
 **   41 **FIX           16
 **********
 PARAMETER   16  IS CONSTANT.   IGNORED.
 **********
 **   42 **MIGRAD
 **********
 START MIGRAD MINIMIZATION.  STRATEGY  1.  CONVERGENCE WHEN EDM .LT. 1.00e-04
 FCN=414.065 FROM MIGRAD    STATUS=INITIATE       16 CALLS         443 TOTAL
                     EDM= unknown      STRATEGY= 1      NO ERROR MATRIX       
  EXT PARAMETER               CURRENT GUESS       STEP         FIRST   
  NO.   NAME      VALUE            ERROR          SIZE      DERIVATIVE 
   1  N0           3.49935e+06     fixed    
   2  tau          6.44119e+01   constant   
   3  A0           3.53603e-01     fixed    
   4  phi          4.12077e+00     fixed    
   5  R           -6.09180e+01   constant   
   6  A_CBO        8.71974e-04   9.06424e-04   8.62909e-06   1.82646e+00
   7  w_CBO        2.32692e+00   1.62957e-02   1.49534e-05   3.44661e-01
   8  phi_CBO      6.24767e-01     fixed    
   9  ANx2         2.22853e-04   constant   
  10  pNx2         5.08518e+00   constant   
  11  ANy1         0.00000e+00   constant   
  12  pNy1         0.00000e+00   constant   
  13  w_y          0.00000e+00   constant   
  14  ANy2         9.04789e-03   1.00000e-04   1.00000e-04   2.23292e+04
  15  pNy2         3.29982e+00   constant   
  16  w_vw         1.43191e+01   constant   
  17  LM           2.21951e-04   constant   
  18  wCBO_expCoeff   2.05832e+02   5.16675e+00   6.68389e-03   1.34852e-03
  19  wCBO_expOffset   2.00776e+02   7.47041e-01   9.66186e-04   9.33228e-03
  20  wCBO_expT    2.97534e+01   1.16169e-01   1.50076e-04   1.23963e-01
  21  wCBO_linCoeff   0.00000e+00   constant   
  22  wCBO_const  -1.90246e-03   7.07758e-03   7.64260e-06   5.27701e-01
 MIGRAD MINIMIZATION HAS CONVERGED.
 MIGRAD WILL VERIFY CONVERGENCE AND ERROR MATRIX.
 FCN=319.492 FROM HESSE     STATUS=NOT POSDEF     50 CALLS         558 TOTAL
                     EDM=0.000288483    STRATEGY= 1      ERR MATRIX NOT POS-DEF
  EXT PARAMETER                APPROXIMATE        STEP         FIRST   
  NO.   NAME      VALUE            ERROR          SIZE      DERIVATIVE 
   1  N0           3.49935e+06     fixed    
   2  tau          6.44119e+01   constant   
   3  A0           3.53603e-01     fixed    
   4  phi          4.12077e+00     fixed    
   5  R           -6.09180e+01   constant   
   6  A_CBO        8.42897e-04   9.05056e-04   7.56602e-06  -1.43777e-01
   7  w_CBO        2.32690e+00   2.11002e-02   1.62764e-05  -4.37862e-01
   8  phi_CBO      6.24767e-01     fixed    
   9  ANx2         2.22853e-04   constant   
  10  pNx2         5.08518e+00   constant   
  11  ANy1         0.00000e+00   constant   
  12  pNy1         0.00000e+00   constant   
  13  w_y          0.00000e+00   constant   
  14  ANy2         5.76073e-04   8.68553e-04   7.61320e-06   8.20299e-02
  15  pNy2         3.29982e+00   constant   
  16  w_vw         1.43191e+01   constant   
  17  LM           2.21951e-04   constant   
  18  wCBO_expCoeff   2.05892e+02   6.37527e+00   8.85745e-03  -1.97588e-03
  19  wCBO_expOffset   2.00785e+02   9.21617e-01   1.28018e-03  -1.36724e-02
  20  wCBO_expT    2.97545e+01   1.42093e-01   1.96570e-04   1.53377e-01
  21  wCBO_linCoeff   0.00000e+00   constant   
  22  wCBO_const  -1.93357e-03   9.06341e-03   7.93045e-06  -6.13231e-01
 MIGRAD MINIMIZATION HAS CONVERGED.
 MIGRAD WILL VERIFY CONVERGENCE AND ERROR MATRIX.
 FCN=319.489 FROM MIGRAD    STATUS=CONVERGED     200 CALLS         627 TOTAL
                     EDM=1.11115e-05    STRATEGY= 1      ERR MATRIX NOT POS-DEF
  EXT PARAMETER                APPROXIMATE        STEP         FIRST   
  NO.   NAME      VALUE            ERROR          SIZE      DERIVATIVE 
   1  N0           3.49935e+06     fixed    
   2  tau          6.44119e+01   constant   
   3  A0           3.53603e-01     fixed    
   4  phi          4.12077e+00     fixed    
   5  R           -6.09180e+01   constant   
   6  A_CBO        8.44046e-04   9.08963e-04   7.57383e-06   3.30372e+00
   7  w_CBO        2.32721e+00   2.10751e-02   1.62692e-05   1.17006e+00
   8  phi_CBO      6.24767e-01     fixed    
   9  ANx2         2.22853e-04   constant   
  10  pNx2         5.08518e+00   constant   
  11  ANy1         0.00000e+00   constant   
  12  pNy1         0.00000e+00   constant   
  13  w_y          0.00000e+00   constant   
  14  ANy2         5.75544e-04   8.68674e-04   7.61318e-06  -6.46395e-01
  15  pNy2         3.29982e+00   constant   
  16  w_vw         1.43191e+01   constant   
  17  LM           2.21951e-04   constant   
  18  wCBO_expCoeff   2.06311e+02   6.26563e+00   8.90722e-03  -7.25823e-04
  19  wCBO_expOffset   2.00845e+02   9.02893e-01   1.28723e-03  -5.03606e-03
  20  wCBO_expT    2.97343e+01   1.39892e-01   1.97151e-04  -2.00919e-02
  21  wCBO_linCoeff   0.00000e+00   constant   
  22  wCBO_const  -2.00672e-03   9.05029e-03   7.92849e-06   2.87846e+00
 EXTERNAL ERROR MATRIX.    NDIM=  25    NPAR=  7    ERR DEF=1
  8.262e-07 -1.799e-07 -4.515e-10  1.390e-04  2.004e-05  3.050e-06 -2.741e-07 
 -1.799e-07  4.442e-04 -2.676e-09 -1.316e-02 -1.899e-03 -3.197e-04 -1.885e-04 
 -4.515e-10 -2.676e-09  7.546e-07 -1.857e-05 -2.689e-06  2.264e-08  1.048e-08 
  1.390e-04 -1.316e-02 -1.857e-05  3.926e+01 -2.909e+00 -3.978e-01  6.298e-03 
  2.004e-05 -1.899e-03 -2.689e-06 -2.909e+00  8.152e-01 -5.729e-02  9.085e-04 
  3.050e-06 -3.197e-04  2.264e-08 -3.978e-01 -5.729e-02  1.957e-02  6.805e-05 
 -2.741e-07 -1.885e-04  1.048e-08  6.298e-03  9.085e-04  6.805e-05  8.191e-05 
ERR MATRIX NOT POS-DEF
 PARAMETER  CORRELATION COEFFICIENTS  
       NO.  GLOBAL      6      7     14     18     19     20     22
        6  0.30865   1.000 -0.009 -0.001  0.024  0.024  0.024 -0.033
        7  0.99612  -0.009  1.000 -0.000 -0.100 -0.100 -0.108 -0.988
       14  0.03293  -0.001 -0.000  1.000 -0.003 -0.003  0.000  0.001
       18  0.98615   0.024 -0.100 -0.003  1.000 -0.514 -0.454  0.111
       19  0.98614   0.024 -0.100 -0.003 -0.514  1.000 -0.454  0.111
       20  0.98655   0.024 -0.108  0.000 -0.454 -0.454  1.000  0.054
       22  0.99504  -0.033 -0.988  0.001  0.111  0.111  0.054  1.000
 ERR MATRIX NOT POS-DEF
MINUIT - FIT ONLY 2-CBO
 **********
 **   43 **RES 
 **********
                   PARAMETER    8  phi_CBO RESTORED TO VARIABLE.
                   PARAMETER    4  phi RESTORED TO VARIABLE.
                   PARAMETER    3  A0 RESTORED TO VARIABLE.
                   PARAMETER    1  N0 RESTORED TO VARIABLE.
 **********
 **   44 **FIX            0
 **********
 PARAMETER    0  IS UNDEFINED. IGNORED.
 **********
 **   45 **FIX            1
 **********
 **********
 **   46 **FIX            2
 **********
 PARAMETER    2  IS CONSTANT.   IGNORED.
 **********
 **   47 **FIX            3
 **********
 **********
 **   48 **FIX            4
 **********
 **********
 **   49 **FIX            5
 **********
 PARAMETER    5  IS CONSTANT.   IGNORED.
 **********
 **   50 **FIX            6
 **********
 **********
 **   51 **FIX            7
 **********
 **********
 **   52 **FIX           10
 **********
 PARAMETER   10  IS CONSTANT.   IGNORED.
 **********
 **   53 **FIX           11
 **********
 PARAMETER   11  IS CONSTANT.   IGNORED.
 **********
 **   54 **FIX           12
 **********
 PARAMETER   12  IS CONSTANT.   IGNORED.
 **********
 **   55 **FIX           13
 **********
 PARAMETER   13  IS CONSTANT.   IGNORED.
 **********
 **   56 **FIX           14
 **********
 **********
 **   57 **FIX           15
 **********
 PARAMETER   15  IS CONSTANT.   IGNORED.
 **********
 **   58 **FIX           16
 **********
 PARAMETER   16  IS CONSTANT.   IGNORED.
 **********
 **   59 **MIGRAD
 **********
 START MIGRAD MINIMIZATION.  STRATEGY  1.  CONVERGENCE WHEN EDM .LT. 1.00e-04
 FCN=319.489 FROM MIGRAD    STATUS=INITIATE       10 CALLS         637 TOTAL
                     EDM= unknown      STRATEGY= 1      NO ERROR MATRIX       
  EXT PARAMETER               CURRENT GUESS       STEP         FIRST   
  NO.   NAME      VALUE            ERROR          SIZE      DERIVATIVE 
   1  N0           3.49935e+06     fixed    
   2  tau          6.44119e+01   constant   
   3  A0           3.53603e-01     fixed    
   4  phi          4.12077e+00     fixed    
   5  R           -6.09180e+01   constant   
   6  A_CBO        8.44046e-04     fixed    
   7  w_CBO        2.32721e+00     fixed    
   8  phi_CBO      6.24767e-01   1.74230e+00   1.74230e+00  -1.14040e-01
   9  ANx2         2.22853e-04   constant   
  10  pNx2         5.08518e+00   constant   
  11  ANy1         0.00000e+00   constant   
  12  pNy1         0.00000e+00   constant   
  13  w_y          0.00000e+00   constant   
  14  ANy2         5.75544e-04     fixed    
  15  pNy2         3.29982e+00   constant   
  16  w_vw         1.43191e+01   constant   
  17  LM           2.21951e-04   constant   
  18  wCBO_expCoeff   2.06311e+02   6.26563e+00   8.90722e-03  -7.58555e-04
  19  wCBO_expOffset   2.00845e+02   9.02893e-01   1.28723e-03  -5.26065e-03
  20  wCBO_expT    2.97343e+01   1.39892e-01   1.97151e-04  -2.02847e-02
  21  wCBO_linCoeff   0.00000e+00   constant   
  22  wCBO_const  -2.00672e-03   9.05029e-03   7.92849e-06   2.88824e+00
 MIGRAD FAILS TO FIND IMPROVEMENT
 COVARIANCE MATRIX CALCULATED SUCCESSFULLY
 FCN=318.598 FROM HESSE     STATUS=OK             31 CALLS         780 TOTAL
                     EDM=0.451768    STRATEGY= 1      ERROR MATRIX ACCURATE 
  EXT PARAMETER                                   STEP         FIRST   
  NO.   NAME      VALUE            ERROR          SIZE      DERIVATIVE 
   1  N0           3.49935e+06     fixed    
   2  tau          6.44119e+01   constant   
   3  A0           3.53603e-01     fixed    
   4  phi          4.12077e+00     fixed    
   5  R           -6.09180e+01   constant   
   6  A_CBO        8.44046e-04     fixed    
   7  w_CBO        2.32721e+00     fixed    
   8  phi_CBO      2.11124e+00   2.16959e+00   8.51936e-03  -7.07011e-01
   9  ANx2         2.22853e-04   constant   
  10  pNx2         5.08518e+00   constant   
  11  ANy1         0.00000e+00   constant   
  12  pNy1         0.00000e+00   constant   
  13  w_y          0.00000e+00   constant   
  14  ANy2         5.75544e-04     fixed    
  15  pNy2         3.29982e+00   constant   
  16  w_vw         1.43191e+01   constant   
  17  LM           2.21951e-04   constant   
  18  wCBO_expCoeff   2.06511e+02   4.74216e+00   5.76529e-03   1.16562e+00
  19  wCBO_expOffset   2.00962e+02   6.77320e-01   8.44723e-04   7.95053e+00
  20  wCBO_expT    3.02764e+01   9.71247e-02   1.70215e-04   5.42876e+01
  21  wCBO_linCoeff   0.00000e+00   constant   
  22  wCBO_const  -5.29978e+00   1.11201e-03   7.00753e-06   1.81970e+03
 MIGRAD MINIMIZATION HAS CONVERGED.
 FCN=318.237 FROM MIGRAD    STATUS=CONVERGED     212 CALLS         839 TOTAL
                     EDM=1.17514e-07    STRATEGY= 1  ERROR MATRIX UNCERTAINTY  16.5 per cent
  EXT PARAMETER                                   STEP         FIRST   
  NO.   NAME      VALUE            ERROR          SIZE      DERIVATIVE 
   1  N0           3.49935e+06     fixed    
   2  tau          6.44119e+01   constant   
   3  A0           3.53603e-01     fixed    
   4  phi          4.12077e+00     fixed    
   5  R           -6.09180e+01   constant   
   6  A_CBO        8.44046e-04     fixed    
   7  w_CBO        2.32721e+00     fixed    
   8  phi_CBO      1.97851e+00   1.36986e+00   4.91891e-03  -1.40838e-04
   9  ANx2         2.22853e-04   constant   
  10  pNx2         5.08518e+00   constant   
  11  ANy1         0.00000e+00   constant   
  12  pNy1         0.00000e+00   constant   
  13  w_y          0.00000e+00   constant   
  14  ANy2         5.75544e-04     fixed    
  15  pNy2         3.29982e+00   constant   
  16  w_vw         1.43191e+01   constant   
  17  LM           2.21951e-04   constant   
  18  wCBO_expCoeff   2.06572e+02   7.50117e+00   5.37844e-02   3.35397e-04
  19  wCBO_expOffset   2.00969e+02   1.00934e+00   6.93830e-03   2.29092e-03
  20  wCBO_expT    3.02742e+01   2.81761e-01  -2.35983e-03   1.39492e-02
  21  wCBO_linCoeff   0.00000e+00   constant   
  22  wCBO_const  -5.30022e+00   1.29341e-03   6.27949e-06  -3.48045e-01
 EXTERNAL ERROR MATRIX.    NDIM=  25    NPAR=  5    ERR DEF=1
  1.877e+00  4.717e-01  6.281e-02 -6.990e-03  4.718e-04 
  4.717e-01  5.627e+01  2.486e+00 -1.754e+00  5.149e-03 
  6.281e-02  2.486e+00  1.019e+00 -2.259e-01  6.624e-04 
 -6.990e-03 -1.754e+00 -2.259e-01  7.939e-02 -2.421e-04 
  4.718e-04  5.149e-03  6.624e-04 -2.421e-04  1.673e-06 
 PARAMETER  CORRELATION COEFFICIENTS  
       NO.  GLOBAL      8     18     19     20     22
        8  0.77757   1.000  0.046  0.045 -0.018  0.266
       18  0.99728   0.046  1.000  0.328 -0.830  0.531
       19  0.99677   0.045  0.328  1.000 -0.794  0.507
       20  0.99898  -0.018 -0.830 -0.794  1.000 -0.664
       22  0.87419   0.266  0.531  0.507 -0.664  1.000
MINUIT - FIT ONLY 1-y
 **********
 **   60 **RES 
 **********
                   PARAMETER   14  ANy2 RESTORED TO VARIABLE.
                   PARAMETER    7  w_CBO RESTORED TO VARIABLE.
                   PARAMETER    6  A_CBO RESTORED TO VARIABLE.
                   PARAMETER    4  phi RESTORED TO VARIABLE.
                   PARAMETER    3  A0 RESTORED TO VARIABLE.
                   PARAMETER    1  N0 RESTORED TO VARIABLE.
 **********
 **   61 **FIX            0
 **********
 PARAMETER    0  IS UNDEFINED. IGNORED.
 **********
 **   62 **FIX            1
 **********
 **********
 **   63 **FIX            2
 **********
 PARAMETER    2  IS CONSTANT.   IGNORED.
 **********
 **   64 **FIX            3
 **********
 **********
 **   65 **FIX            4
 **********
 **********
 **   66 **FIX            5
 **********
 PARAMETER    5  IS CONSTANT.   IGNORED.
 **********
 **   67 **FIX            6
 **********
 **********
 **   68 **FIX            7
 **********
 **********
 **   69 **FIX            8
 **********
 **********
 **   70 **FIX            9
 **********
 PARAMETER    9  IS CONSTANT.   IGNORED.
 **********
 **   71 **FIX           13
 **********
 PARAMETER   13  IS CONSTANT.   IGNORED.
 **********
 **   72 **FIX           14
 **********
 **********
 **   73 **FIX           15
 **********
 PARAMETER   15  IS CONSTANT.   IGNORED.
 **********
 **   74 **FIX           16
 **********
 PARAMETER   16  IS CONSTANT.   IGNORED.
 **********
 **   75 **MIGRAD
 **********
 START MIGRAD MINIMIZATION.  STRATEGY  1.  CONVERGENCE WHEN EDM .LT. 1.00e-04
 FCN=318.237 FROM MIGRAD    STATUS=INITIATE        8 CALLS         847 TOTAL
                     EDM= unknown      STRATEGY= 1      NO ERROR MATRIX       
  EXT PARAMETER               CURRENT GUESS       STEP         FIRST   
  NO.   NAME      VALUE            ERROR          SIZE      DERIVATIVE 
   1  N0           3.49935e+06     fixed    
   2  tau          6.44119e+01   constant   
   3  A0           3.53603e-01     fixed    
   4  phi          4.12077e+00     fixed    
   5  R           -6.09180e+01   constant   
   6  A_CBO        8.44046e-04     fixed    
   7  w_CBO        2.32721e+00     fixed    
   8  phi_CBO      1.97851e+00     fixed    
   9  ANx2         2.22853e-04   constant   
  10  pNx2         5.08518e+00   constant   
  11  ANy1         0.00000e+00   constant   
  12  pNy1         0.00000e+00   constant   
  13  w_y          0.00000e+00   constant   
  14  ANy2         5.75544e-04     fixed    
  15  pNy2         3.29982e+00   constant   
  16  w_vw         1.43191e+01   constant   
  17  LM           2.21951e-04   constant   
  18  wCBO_expCoeff   2.06572e+02   7.50117e+00   5.37844e-02   3.35252e-04
  19  wCBO_expOffset   2.00969e+02   1.00934e+00   6.93830e-03   2.29006e-03
  20  wCBO_expT    3.02742e+01   2.81761e-01  -2.35983e-03   1.39445e-02
  21  wCBO_linCoeff   0.00000e+00   constant   
  22  wCBO_const  -5.30022e+00   1.29341e-03   6.27949e-06  -3.48044e-01
 MIGRAD MINIMIZATION HAS CONVERGED.
 MIGRAD WILL VERIFY CONVERGENCE AND ERROR MATRIX.
 COVARIANCE MATRIX CALCULATED SUCCESSFULLY
 FCN=318.237 FROM MIGRAD    STATUS=CONVERGED      47 CALLS         886 TOTAL
                     EDM=9.5577e-08    STRATEGY= 1      ERROR MATRIX ACCURATE 
  EXT PARAMETER                                   STEP         FIRST   
  NO.   NAME      VALUE            ERROR          SIZE      DERIVATIVE 
   1  N0           3.49935e+06     fixed    
   2  tau          6.44119e+01   constant   
   3  A0           3.53603e-01     fixed    
   4  phi          4.12077e+00     fixed    
   5  R           -6.09180e+01   constant   
   6  A_CBO        8.44046e-04     fixed    
   7  w_CBO        2.32721e+00     fixed    
   8  phi_CBO      1.97851e+00     fixed    
   9  ANx2         2.22853e-04   constant   
  10  pNx2         5.08518e+00   constant   
  11  ANy1         0.00000e+00   constant   
  12  pNy1         0.00000e+00   constant   
  13  w_y          0.00000e+00   constant   
  14  ANy2         5.75544e-04     fixed    
  15  pNy2         3.29982e+00   constant   
  16  w_vw         1.43191e+01   constant   
  17  LM           2.21951e-04   constant   
  18  wCBO_expCoeff   2.06572e+02   6.15589e+00   4.80852e-03  -2.85270e-04
  19  wCBO_expOffset   2.00969e+02   9.02483e-01   7.04714e-04  -1.94651e-03
  20  wCBO_expT    3.02742e+01   1.33807e-01   1.10427e-04  -1.27099e-02
  21  wCBO_linCoeff   0.00000e+00   constant   
  22  wCBO_const  -5.30022e+00   9.69258e-04   5.29754e-06  -6.25211e-01
 EXTERNAL ERROR MATRIX.    NDIM=  25    NPAR=  4    ERR DEF=1
  3.789e+01 -3.273e+00 -3.693e-01  9.279e-04 
 -3.273e+00  8.145e-01 -5.421e-02  1.361e-04 
 -3.693e-01 -5.421e-02  1.790e-02 -5.694e-05 
  9.279e-04  1.361e-04 -5.694e-05  9.395e-07 
 PARAMETER  CORRELATION COEFFICIENTS  
       NO.  GLOBAL     18     19     20     22
       18  0.99598   1.000 -0.589 -0.448  0.156
       19  0.99599  -0.589  1.000 -0.449  0.156
       20  0.99552  -0.448 -0.449  1.000 -0.439
       22  0.77944   0.156  0.156 -0.439  1.000
MINUIT - FIT ONLY 2-y
 **********
 **   76 **RES 
 **********
                   PARAMETER   14  ANy2 RESTORED TO VARIABLE.
                   PARAMETER    8  phi_CBO RESTORED TO VARIABLE.
                   PARAMETER    7  w_CBO RESTORED TO VARIABLE.
                   PARAMETER    6  A_CBO RESTORED TO VARIABLE.
                   PARAMETER    4  phi RESTORED TO VARIABLE.
                   PARAMETER    3  A0 RESTORED TO VARIABLE.
                   PARAMETER    1  N0 RESTORED TO VARIABLE.
 **********
 **   77 **FIX            0
 **********
 PARAMETER    0  IS UNDEFINED. IGNORED.
 **********
 **   78 **FIX            1
 **********
 **********
 **   79 **FIX            2
 **********
 PARAMETER    2  IS CONSTANT.   IGNORED.
 **********
 **   80 **FIX            3
 **********
 **********
 **   81 **FIX            4
 **********
 **********
 **   82 **FIX            5
 **********
 PARAMETER    5  IS CONSTANT.   IGNORED.
 **********
 **   83 **FIX            6
 **********
 **********
 **   84 **FIX            7
 **********
 **********
 **   85 **FIX            8
 **********
 **********
 **   86 **FIX            9
 **********
 PARAMETER    9  IS CONSTANT.   IGNORED.
 **********
 **   87 **FIX           10
 **********
 PARAMETER   10  IS CONSTANT.   IGNORED.
 **********
 **   88 **FIX           11
 **********
 PARAMETER   11  IS CONSTANT.   IGNORED.
 **********
 **   89 **FIX           12
 **********
 PARAMETER   12  IS CONSTANT.   IGNORED.
 **********
 **   90 **FIX           16
 **********
 PARAMETER   16  IS CONSTANT.   IGNORED.
 **********
 **   91 **MIGRAD
 **********
 START MIGRAD MINIMIZATION.  STRATEGY  1.  CONVERGENCE WHEN EDM .LT. 1.00e-04
 FCN=318.237 FROM MIGRAD    STATUS=INITIATE       10 CALLS         896 TOTAL
                     EDM= unknown      STRATEGY= 1      NO ERROR MATRIX       
  EXT PARAMETER               CURRENT GUESS       STEP         FIRST   
  NO.   NAME      VALUE            ERROR          SIZE      DERIVATIVE 
   1  N0           3.49935e+06     fixed    
   2  tau          6.44119e+01   constant   
   3  A0           3.53603e-01     fixed    
   4  phi          4.12077e+00     fixed    
   5  R           -6.09180e+01   constant   
   6  A_CBO        8.44046e-04     fixed    
   7  w_CBO        2.32721e+00     fixed    
   8  phi_CBO      1.97851e+00     fixed    
   9  ANx2         2.22853e-04   constant   
  10  pNx2         5.08518e+00   constant   
  11  ANy1         0.00000e+00   constant   
  12  pNy1         0.00000e+00   constant   
  13  w_y          0.00000e+00   constant   
  14  ANy2         5.75544e-04   8.68674e-04   8.68674e-04  -9.46793e+01
  15  pNy2         3.29982e+00   constant   
  16  w_vw         1.43191e+01   constant   
  17  LM           2.21951e-04   constant   
  18  wCBO_expCoeff   2.06572e+02   6.15589e+00   4.80852e-03  -2.89480e-04
  19  wCBO_expOffset   2.00969e+02   9.02483e-01   7.04714e-04  -1.97482e-03
  20  wCBO_expT    3.02742e+01   1.33807e-01   1.10427e-04  -1.28775e-02
  21  wCBO_linCoeff   0.00000e+00   constant   
  22  wCBO_const  -5.30022e+00   9.69258e-04   5.29754e-06  -6.25064e-01
 MIGRAD MINIMIZATION HAS CONVERGED.
 MIGRAD WILL VERIFY CONVERGENCE AND ERROR MATRIX.
 COVARIANCE MATRIX CALCULATED SUCCESSFULLY
 FCN=318.235 FROM MIGRAD    STATUS=CONVERGED      52 CALLS         938 TOTAL
                     EDM=4.67788e-07    STRATEGY= 1      ERROR MATRIX ACCURATE 
  EXT PARAMETER                                   STEP         FIRST   
  NO.   NAME      VALUE            ERROR          SIZE      DERIVATIVE 
   1  N0           3.49935e+06     fixed    
   2  tau          6.44119e+01   constant   
   3  A0           3.53603e-01     fixed    
   4  phi          4.12077e+00     fixed    
   5  R           -6.09180e+01   constant   
   6  A_CBO        8.44046e-04     fixed    
   7  w_CBO        2.32721e+00     fixed    
   8  phi_CBO      1.97851e+00     fixed    
   9  ANx2         2.22853e-04   constant   
  10  pNx2         5.08518e+00   constant   
  11  ANy1         0.00000e+00   constant   
  12  pNy1         0.00000e+00   constant   
  13  w_y          0.00000e+00   constant   
  14  ANy2         6.11452e-04   8.70963e-04   7.59825e-06   3.02828e-03
  15  pNy2         3.29982e+00   constant   
  16  w_vw         1.43191e+01   constant   
  17  LM           2.21951e-04   constant   
  18  wCBO_expCoeff   2.06572e+02   6.15317e+00   4.80822e-03   1.31581e-03
  19  wCBO_expOffset   2.00969e+02   9.02025e-01   7.04670e-04   8.97833e-03
  20  wCBO_expT    3.02742e+01   1.33746e-01   1.10420e-04   6.23637e-02
  21  wCBO_linCoeff   0.00000e+00   constant   
  22  wCBO_const  -5.30022e+00   9.69128e-04   5.29744e-06   1.21218e+00
 EXTERNAL ERROR MATRIX.    NDIM=  25    NPAR=  5    ERR DEF=1
  7.586e-07  1.263e-05  1.854e-06 -5.702e-07 -2.065e-09 
  1.263e-05  3.786e+01 -3.270e+00 -3.690e-01  9.277e-04 
  1.854e-06 -3.270e+00  8.136e-01 -5.415e-02  1.360e-04 
 -5.702e-07 -3.690e-01 -5.415e-02  1.789e-02 -5.692e-05 
 -2.065e-09  9.277e-04  1.360e-04 -5.692e-05  9.392e-07 
