 + ++++++++++++++++++++++++++++++++++++++++++++++++++++++++++++++++++++ +
 +                                                                      +
 +           You have chose to blind your fitting according to          +
 +                omega_ref * (1 + (R +/- deltaR) *10^{-6})             +
 +                                                                      +
 + ++++++++++++++++++++++++++++++++++++++++++++++++++++++++++++++++++++ +
In main()...
reading format from /gm2data/zkhechad/run45/envelope/formats/formatB_sBin_constraintOn.txt
pBinTau 	= 0  
pBinPhi 	= 0  
constraintau 	= 1 
includeMopTerm 	= 0    
constrainMop    = 0   
Parameters after format file: pBinTau 0 pBinPhi 0 constraintau 1 includeMopTerm 0 constrainMop 0 c_e_scale 0.000000 
reading cbo reference file (full fit) from /gm2data/zkhechad/cboTemplates/Run4CBOTemplates/fullFits/run4/sBin_constraintOn_cE0.0_seed0_run4_calo9.root
A_CBO 0.010173 w_CBO 2.326319 phi_CBO 6.016081 N0 2790757.947661 R -60.043540 tau 64.405209 
Reading cboRef file /gm2data/zkhechad/cboTemplates/Run4CBOTemplates//cboIsolate/run4_calo9.root
deltaT 164.120000
windowBins = 1100
fitting sliding window 2280 from bin 2483 at 370.463600 to bin 3583 at 534.583600 (1100 bins)

Reading data from /gm2data/cornell/histograms/aMethod/histogram_a_run4.root
fitting cbo isolate
 **********
 **    1 **SET PRINTOUT            1
 **********
 **********
 **    2 **SET NOWARNINGS 
 **********
 PARAMETER DEFINITIONS:
    NO.   NAME         VALUE      STEP SIZE      LIMITS
     1 A_CBO        1.01731e-02  1.00000e-05     no limits
     2 w_CBO        2.32632e+00  1.00000e-02    2.00000e+00  3.00000e+00
     3 phi_CBO      6.01608e+00  1.00000e-02    0.00000e+00  6.28319e+00
 **********
 **    3 **MIGRAD
 **********
 FIRST CALL TO USER FUNCTION AT NEW START POINT, WITH IFLAG=4.
 START MIGRAD MINIMIZATION.  STRATEGY  1.  CONVERGENCE WHEN EDM .LT. 1.00e-04
 FCN=0.248125 FROM MIGRAD    STATUS=INITIATE       12 CALLS          13 TOTAL
                     EDM= unknown      STRATEGY= 1      NO ERROR MATRIX       
  EXT PARAMETER               CURRENT GUESS       STEP         FIRST   
  NO.   NAME      VALUE            ERROR          SIZE      DERIVATIVE 
   1  A_CBO        1.01731e-02   1.00000e-05   1.00000e-05   7.99984e+00
   2  w_CBO        2.32632e+00   1.00000e-02   2.13304e-02   8.98396e-02
   3  phi_CBO      6.01608e+00   1.00000e-02   7.88999e-03  -6.44096e-04
 MIGRAD MINIMIZATION HAS CONVERGED.
 MIGRAD WILL VERIFY CONVERGENCE AND ERROR MATRIX.
 FCN=0.218969 FROM MIGRAD    STATUS=CONVERGED      41 CALLS          42 TOTAL
                     EDM=1.746e-05    STRATEGY= 1      ERR MATRIX NOT POS-DEF
  EXT PARAMETER                APPROXIMATE        STEP         FIRST   
  NO.   NAME      VALUE            ERROR          SIZE      DERIVATIVE 
   1  A_CBO        2.88393e-03   4.27702e-02   2.30141e-05   1.11802e-04
   2  w_CBO        2.32629e+00   6.61507e-01   3.75588e-05  -3.44773e-02
   3  phi_CBO      6.03098e+00   5.64315e+00   6.54900e-03   1.69202e-04
 EXTERNAL ERROR MATRIX.    NDIM=  25    NPAR=  3    ERR DEF=1
  1.829e-03 -1.882e-03 -8.730e-01 
 -1.882e-03  2.667e-01  1.221e+02 
 -8.730e-01  1.221e+02  5.611e+04 
ERR MATRIX NOT POS-DEF
 PARAMETER  CORRELATION COEFFICIENTS  
       NO.  GLOBAL      1      2      3
        1  0.08708   1.000 -0.085 -0.086
        2  0.99801  -0.085  1.000  0.998
        3  0.99801  -0.086  0.998  1.000
 ERR MATRIX NOT POS-DEF
setting A_CBO=0.002884 w_CBO=2.326291, phi_CBO=6.030983
done fitting cbo isolate
 **********
 **    1 **SET PRINTOUT            1
 **********
 **********
 **    2 **SET NOWARNINGS 
 **********
 PARAMETER DEFINITIONS:
    NO.   NAME         VALUE      STEP SIZE      LIMITS
     1 N0           2.79076e+06  1.00000e+02     no limits
     2 tau          6.44052e+01  constant
     3 A0           3.51393e-01  1.00000e-04     no limits
     4 phi          4.11695e+00  1.00000e-02     no limits
     5 R           -6.00435e+01  constant
     6 A_CBO        2.88393e-03  1.00000e-05     no limits
     7 w_CBO        2.32629e+00  1.00000e-03     no limits
     8 phi_CBO      6.03098e+00  1.00000e-04     no limits
     9 ANx2         5.96878e-04  constant
    10 pNx2         1.09681e+00  constant
    11 ANy1         0.00000e+00  constant
    12 pNy1         0.00000e+00  constant
    13 w_y          0.00000e+00  constant
    14 ANy2         1.07160e-02  1.00000e-04     no limits
    15 pNy2         5.64757e+00  constant
    16 w_vw         1.43013e+01  constant
    17 LM          -2.80163e-05  constant
    18 wCBO_expCoeff   2.00000e+02  1.00000e+00     no limits
    19 wCBO_expOffset   2.00000e+02  1.00000e+00     no limits
    20 wCBO_expT    3.00000e+01  1.00000e+00     no limits
    21 wCBO_linCoeff   0.00000e+00  constant
    22 wCBO_const   0.00000e+00  1.00000e-02     no limits
MINUIT - FIT ONLY WIGGLE
 **********
 **    3 **FIX            5
 **********
 PARAMETER    5  IS CONSTANT.   IGNORED.
 **********
 **    4 **FIX            6
 **********
 **********
 **    5 **FIX            7
 **********
 **********
 **    6 **FIX            8
 **********
 **********
 **    7 **FIX            9
 **********
 PARAMETER    9  IS CONSTANT.   IGNORED.
 **********
 **    8 **FIX           10
 **********
 PARAMETER   10  IS CONSTANT.   IGNORED.
 **********
 **    9 **FIX           11
 **********
 PARAMETER   11  IS CONSTANT.   IGNORED.
 **********
 **   10 **FIX           12
 **********
 PARAMETER   12  IS CONSTANT.   IGNORED.
 **********
 **   11 **FIX           13
 **********
 PARAMETER   13  IS CONSTANT.   IGNORED.
 **********
 **   12 **FIX           14
 **********
 **********
 **   13 **FIX           15
 **********
 PARAMETER   15  IS CONSTANT.   IGNORED.
 **********
 **   14 **FIX           16
 **********
 PARAMETER   16  IS CONSTANT.   IGNORED.
 **********
 **   15 **MIGRAD
 **********
 FIRST CALL TO USER FUNCTION AT NEW START POINT, WITH IFLAG=4.
 START MIGRAD MINIMIZATION.  STRATEGY  1.  CONVERGENCE WHEN EDM .LT. 1.00e-04
 FCN=445.73 FROM MIGRAD    STATUS=INITIATE       60 CALLS          61 TOTAL
                     EDM= unknown      STRATEGY= 1      NO ERROR MATRIX       
  EXT PARAMETER               CURRENT GUESS       STEP         FIRST   
  NO.   NAME      VALUE            ERROR          SIZE      DERIVATIVE 
   1  N0           2.79076e+06   1.00000e+02   0.00000e+00   1.24056e-03
   2  tau          6.44052e+01   constant   
   3  A0           3.51393e-01   1.00000e-04   0.00000e+00   2.32652e+02
   4  phi          4.11695e+00   1.00000e-02   0.00000e+00  -1.76149e+02
   5  R           -6.00435e+01   constant   
   6  A_CBO        2.88393e-03     fixed    
   7  w_CBO        2.32629e+00     fixed    
   8  phi_CBO      6.03098e+00     fixed    
   9  ANx2         5.96878e-04   constant   
  10  pNx2         1.09681e+00   constant   
  11  ANy1         0.00000e+00   constant   
  12  pNy1         0.00000e+00   constant   
  13  w_y          0.00000e+00   constant   
  14  ANy2         1.07160e-02     fixed    
  15  pNy2         5.64757e+00   constant   
  16  w_vw         1.43013e+01   constant   
  17  LM          -2.80163e-05   constant   
  18  wCBO_expCoeff   1.99250e+02   1.00000e+00  -7.49865e-01   4.30632e-01
  19  wCBO_expOffset   2.00000e+02   1.00000e+00   0.00000e+00   2.86012e+00
  20  wCBO_expT    3.00000e+01   1.00000e+00   0.00000e+00   1.76345e+01
  21  wCBO_linCoeff   0.00000e+00   constant   
  22  wCBO_const   0.00000e+00   1.00000e-02   0.00000e+00  -2.23772e+03
 MIGRAD MINIMIZATION HAS CONVERGED.
 FCN=443.587 FROM MIGRAD    STATUS=CONVERGED     193 CALLS         194 TOTAL
                     EDM=5.22197e-08    STRATEGY= 1  ERROR MATRIX UNCERTAINTY   1.2 per cent
  EXT PARAMETER                                   STEP         FIRST   
  NO.   NAME      VALUE            ERROR          SIZE      DERIVATIVE 
   1  N0           2.78884e+06   1.73456e+03   2.24974e-01   1.05500e-07
   2  tau          6.44052e+01   constant   
   3  A0           3.51277e-01   8.30132e-04  -2.89981e-07   2.86214e-01
   4  phi          4.11724e+00   2.45339e-03   2.15334e-06   6.84150e-02
   5  R           -6.00435e+01   constant   
   6  A_CBO        2.88393e-03     fixed    
   7  w_CBO        2.32629e+00     fixed    
   8  phi_CBO      6.03098e+00     fixed    
   9  ANx2         5.96878e-04   constant   
  10  pNx2         1.09681e+00   constant   
  11  ANy1         0.00000e+00   constant   
  12  pNy1         0.00000e+00   constant   
  13  w_y          0.00000e+00   constant   
  14  ANy2         1.07160e-02     fixed    
  15  pNy2         5.64757e+00   constant   
  16  w_vw         1.43013e+01   constant   
  17  LM          -2.80163e-05   constant   
  18  wCBO_expCoeff   2.00962e+02   2.50175e+00  -3.58885e-03  -1.50344e-05
  19  wCBO_expOffset   2.00258e+02   3.76691e-01  -5.39149e-04  -9.74921e-05
  20  wCBO_expT    2.99044e+01   1.34325e-01   1.89842e-04  -1.44712e-04
  21  wCBO_linCoeff   0.00000e+00   constant   
  22  wCBO_const   8.15449e-04   9.41335e-04   1.00331e-06  -2.12307e-01
 EXTERNAL ERROR MATRIX.    NDIM=  25    NPAR=  7    ERR DEF=1
  3.009e+06  4.284e-02 -4.664e-02  8.316e+00  1.255e+00  3.528e-03 -4.592e-02 
  4.284e-02  6.891e-07  9.389e-10 -5.001e-05 -7.529e-06  2.832e-06 -2.938e-08 
 -4.664e-02  9.389e-10  6.019e-06 -5.929e-04 -8.927e-05  3.279e-05 -2.449e-07 
  8.316e+00 -5.001e-05 -5.929e-04  6.259e+00  9.364e-01 -3.349e-01  1.862e-03 
  1.255e+00 -7.529e-06 -8.927e-05  9.364e-01  1.419e-01 -5.043e-02  2.804e-04 
  3.528e-03  2.832e-06  3.279e-05 -3.349e-01 -5.043e-02  1.804e-02 -1.035e-04 
 -4.592e-02 -2.938e-08 -2.449e-07  1.862e-03  2.804e-04 -1.035e-04  8.861e-07 
 PARAMETER  CORRELATION COEFFICIENTS  
       NO.  GLOBAL      1      3      4     18     19     20     22
        1  0.05826   1.000  0.030 -0.011  0.002  0.002  0.000 -0.028
        3  0.04812   0.030  1.000  0.000 -0.024 -0.024  0.025 -0.038
        4  0.11066  -0.011  0.000  1.000 -0.097 -0.097  0.100 -0.106
       18  0.99798   0.002 -0.024 -0.097  1.000  0.994 -0.997  0.791
       19  0.99798   0.002 -0.024 -0.097  0.994  1.000 -0.997  0.791
       20  0.99934   0.000  0.025  0.100 -0.997 -0.997  1.000 -0.819
       22  0.92529  -0.028 -0.038 -0.106  0.791  0.791 -0.819  1.000
MINUIT - FIT ONLY 1-CBO + other amplitudes 
 **********
 **   16 **RES 
 **********
                   PARAMETER   14  ANy2 RESTORED TO VARIABLE.
                   PARAMETER    8  phi_CBO RESTORED TO VARIABLE.
                   PARAMETER    7  w_CBO RESTORED TO VARIABLE.
                   PARAMETER    6  A_CBO RESTORED TO VARIABLE.
 **********
 **   17 **FIX            0
 **********
 PARAMETER    0  IS UNDEFINED. IGNORED.
 **********
 **   18 **FIX            1
 **********
 **********
 **   19 **FIX            2
 **********
 PARAMETER    2  IS CONSTANT.   IGNORED.
 **********
 **   20 **FIX            3
 **********
 **********
 **   21 **FIX            4
 **********
 **********
 **   22 **FIX            9
 **********
 PARAMETER    9  IS CONSTANT.   IGNORED.
 **********
 **   23 **FIX           11
 **********
 PARAMETER   11  IS CONSTANT.   IGNORED.
 **********
 **   24 **FIX           12
 **********
 PARAMETER   12  IS CONSTANT.   IGNORED.
 **********
 **   25 **FIX           14
 **********
 **********
 **   26 **FIX           15
 **********
 PARAMETER   15  IS CONSTANT.   IGNORED.
 **********
 **   27 **FIX           16
 **********
 PARAMETER   16  IS CONSTANT.   IGNORED.
 **********
 **   28 **MIGRAD
 **********
 START MIGRAD MINIMIZATION.  STRATEGY  1.  CONVERGENCE WHEN EDM .LT. 1.00e-04
 FCN=443.587 FROM MIGRAD    STATUS=INITIATE       20 CALLS         214 TOTAL
                     EDM= unknown      STRATEGY= 1      NO ERROR MATRIX       
  EXT PARAMETER               CURRENT GUESS       STEP         FIRST   
  NO.   NAME      VALUE            ERROR          SIZE      DERIVATIVE 
   1  N0           2.78884e+06     fixed    
   2  tau          6.44052e+01   constant   
   3  A0           3.51277e-01     fixed    
   4  phi          4.11724e+00     fixed    
   5  R           -6.00435e+01   constant   
   6  A_CBO        2.88393e-03   1.00000e-05   1.00000e-05   1.66463e+03
   7  w_CBO        2.32629e+00   1.00000e-03   1.00000e-03  -9.28633e-02
   8  phi_CBO      6.03098e+00   1.00000e-04   1.00000e-04   1.81607e+00
   9  ANx2         5.96878e-04   constant   
  10  pNx2         1.09681e+00   constant   
  11  ANy1         0.00000e+00   constant   
  12  pNy1         0.00000e+00   constant   
  13  w_y          0.00000e+00   constant   
  14  ANy2         1.07160e-02     fixed    
  15  pNy2         5.64757e+00   constant   
  16  w_vw         1.43013e+01   constant   
  17  LM          -2.80163e-05   constant   
  18  wCBO_expCoeff   2.00962e+02   2.50175e+00  -3.58885e-03  -1.50358e-05
  19  wCBO_expOffset   2.00258e+02   3.76691e-01  -5.39149e-04  -9.74969e-05
  20  wCBO_expT    2.99044e+01   1.34325e-01   1.89842e-04  -1.44824e-04
  21  wCBO_linCoeff   0.00000e+00   constant   
  22  wCBO_const   8.15449e-04   9.41335e-04   1.00331e-06  -2.12308e-01
 MIGRAD MINIMIZATION HAS CONVERGED.
 MIGRAD WILL VERIFY CONVERGENCE AND ERROR MATRIX.
 COVARIANCE MATRIX CALCULATED SUCCESSFULLY
 FCN=442.243 FROM MIGRAD    STATUS=CONVERGED     237 CALLS         431 TOTAL
                     EDM=5.04646e-07    STRATEGY= 1      ERROR MATRIX ACCURATE 
  EXT PARAMETER                                   STEP         FIRST   
  NO.   NAME      VALUE            ERROR          SIZE      DERIVATIVE 
   1  N0           2.78884e+06     fixed    
   2  tau          6.44052e+01   constant   
   3  A0           3.51277e-01     fixed    
   4  phi          4.11724e+00     fixed    
   5  R           -6.00435e+01   constant   
   6  A_CBO        2.22436e-03   8.71099e-04   8.92736e-06   8.49750e-01
   7  w_CBO        2.32534e+00   2.42330e-02   6.61235e-06   7.70287e-01
   8  phi_CBO      5.31894e+00   7.28912e-01   4.12938e-03  -4.42375e-04
   9  ANx2         5.96878e-04   constant   
  10  pNx2         1.09681e+00   constant   
  11  ANy1         0.00000e+00   constant   
  12  pNy1         0.00000e+00   constant   
  13  w_y          0.00000e+00   constant   
  14  ANy2         1.07160e-02     fixed    
  15  pNy2         5.64757e+00   constant   
  16  w_vw         1.43013e+01   constant   
  17  LM          -2.80163e-05   constant   
  18  wCBO_expCoeff   2.00302e+02   3.92838e+00   1.94219e-03   2.28411e-03
  19  wCBO_expOffset   2.00160e+02   5.87547e-01   2.90307e-04   1.52815e-02
  20  wCBO_expT    2.99392e+01   8.10528e-02   4.90404e-05   9.51316e-02
  21  wCBO_linCoeff   0.00000e+00   constant   
  22  wCBO_const   5.64603e-04   1.04092e-02   3.75383e-06   1.33291e+00
 EXTERNAL ERROR MATRIX.    NDIM=  25    NPAR=  7    ERR DEF=1
  7.588e-07  2.080e-07  1.304e-05  6.862e-05  1.027e-05 -3.721e-06 -9.189e-08 
  2.080e-07  5.872e-04  2.974e-04 -2.036e-02 -3.066e-03 -2.542e-04 -2.515e-04 
  1.304e-05  2.974e-04  5.313e-01  7.616e-02  1.141e-02 -3.567e-03  2.224e-04 
  6.862e-05 -2.036e-02  7.616e-02  1.543e+01 -1.394e+00 -1.136e-01  9.219e-03 
  1.027e-05 -3.066e-03  1.141e-02 -1.394e+00  3.452e-01 -1.700e-02  1.388e-03 
 -3.721e-06 -2.542e-04 -3.567e-03 -1.136e-01 -1.700e-02  6.570e-03  7.981e-05 
 -9.189e-08 -2.515e-04  2.224e-04  9.219e-03  1.388e-03  7.981e-05  1.084e-04 
 PARAMETER  CORRELATION COEFFICIENTS  
       NO.  GLOBAL      6      7      8     18     19     20     22
        6  0.07874   1.000  0.010  0.021  0.020  0.020 -0.053 -0.010
        7  0.99965   0.010  1.000  0.017 -0.214 -0.215 -0.129 -0.997
        8  0.83431   0.021  0.017  1.000  0.027  0.027 -0.060  0.029
       18  0.99884   0.020 -0.214  0.027  1.000 -0.604 -0.357  0.225
       19  0.99884   0.020 -0.215  0.027 -0.604  1.000 -0.357  0.227
       20  0.99827  -0.053 -0.129 -0.060 -0.357 -0.357  1.000  0.095
       22  0.99938  -0.010 -0.997  0.029  0.225  0.227  0.095  1.000
MINUIT - FIT ONLY 1-CBO
 **********
 **   29 **RES 
 **********
                   PARAMETER   14  ANy2 RESTORED TO VARIABLE.
                   PARAMETER    4  phi RESTORED TO VARIABLE.
                   PARAMETER    3  A0 RESTORED TO VARIABLE.
                   PARAMETER    1  N0 RESTORED TO VARIABLE.
 **********
 **   30 **FIX            0
 **********
 PARAMETER    0  IS UNDEFINED. IGNORED.
 **********
 **   31 **FIX            1
 **********
 **********
 **   32 **FIX            2
 **********
 PARAMETER    2  IS CONSTANT.   IGNORED.
 **********
 **   33 **FIX            3
 **********
 **********
 **   34 **FIX            4
 **********
 **********
 **   35 **FIX            8
 **********
 **********
 **   36 **FIX            9
 **********
 PARAMETER    9  IS CONSTANT.   IGNORED.
 **********
 **   37 **FIX           11
 **********
 PARAMETER   11  IS CONSTANT.   IGNORED.
 **********
 **   38 **FIX           12
 **********
 PARAMETER   12  IS CONSTANT.   IGNORED.
 **********
 **   39 **FIX           13
 **********
 PARAMETER   13  IS CONSTANT.   IGNORED.
 **********
 **   40 **FIX           15
 **********
 PARAMETER   15  IS CONSTANT.   IGNORED.
 **********
 **   41 **FIX           16
 **********
 PARAMETER   16  IS CONSTANT.   IGNORED.
 **********
 **   42 **MIGRAD
 **********
 START MIGRAD MINIMIZATION.  STRATEGY  1.  CONVERGENCE WHEN EDM .LT. 1.00e-04
 FCN=442.243 FROM MIGRAD    STATUS=INITIATE       16 CALLS         447 TOTAL
                     EDM= unknown      STRATEGY= 1      NO ERROR MATRIX       
  EXT PARAMETER               CURRENT GUESS       STEP         FIRST   
  NO.   NAME      VALUE            ERROR          SIZE      DERIVATIVE 
   1  N0           2.78884e+06     fixed    
   2  tau          6.44052e+01   constant   
   3  A0           3.51277e-01     fixed    
   4  phi          4.11724e+00     fixed    
   5  R           -6.00435e+01   constant   
   6  A_CBO        2.22436e-03   8.71099e-04   8.92736e-06   8.49750e-01
   7  w_CBO        2.32534e+00   2.42330e-02   6.61235e-06   7.67479e-01
   8  phi_CBO      5.31894e+00     fixed    
   9  ANx2         5.96878e-04   constant   
  10  pNx2         1.09681e+00   constant   
  11  ANy1         0.00000e+00   constant   
  12  pNy1         0.00000e+00   constant   
  13  w_y          0.00000e+00   constant   
  14  ANy2         1.07160e-02   1.00000e-04   1.00000e-04   2.61735e+04
  15  pNy2         5.64757e+00   constant   
  16  w_vw         1.43013e+01   constant   
  17  LM          -2.80163e-05   constant   
  18  wCBO_expCoeff   2.00302e+02   3.92838e+00   1.94219e-03   2.25869e-03
  19  wCBO_expOffset   2.00160e+02   5.87547e-01   2.90307e-04   1.51148e-02
  20  wCBO_expT    2.99392e+01   8.10528e-02   4.90404e-05   9.41750e-02
  21  wCBO_linCoeff   0.00000e+00   constant   
  22  wCBO_const   5.64603e-04   1.04092e-02   3.75383e-06   1.33127e+00
 MIGRAD MINIMIZATION HAS CONVERGED.
 MIGRAD WILL VERIFY CONVERGENCE AND ERROR MATRIX.
 COVARIANCE MATRIX CALCULATED SUCCESSFULLY
 FCN=308.034 FROM MIGRAD    STATUS=CONVERGED     225 CALLS         656 TOTAL
                     EDM=4.61485e-06    STRATEGY= 1      ERROR MATRIX ACCURATE 
  EXT PARAMETER                                   STEP         FIRST   
  NO.   NAME      VALUE            ERROR          SIZE      DERIVATIVE 
   1  N0           2.78884e+06     fixed    
   2  tau          6.44052e+01   constant   
   3  A0           3.51277e-01     fixed    
   4  phi          4.11724e+00     fixed    
   5  R           -6.00435e+01   constant   
   6  A_CBO        1.56015e-03   8.86259e-04   7.45239e-06   2.35923e+00
   7  w_CBO        2.32467e+00   2.00277e-02   7.06943e-06  -2.54124e+00
   8  phi_CBO      5.31894e+00     fixed    
   9  ANx2         5.96878e-04   constant   
  10  pNx2         1.09681e+00   constant   
  11  ANy1         0.00000e+00   constant   
  12  pNy1         0.00000e+00   constant   
  13  w_y          0.00000e+00   constant   
  14  ANy2         4.04305e-04   8.94560e-04   7.56045e-06   1.24421e+00
  15  pNy2         5.64757e+00   constant   
  16  w_vw         1.43013e+01   constant   
  17  LM          -2.80163e-05   constant   
  18  wCBO_expCoeff   1.99320e+02   4.69542e+00   2.43744e-03  -5.49148e-03
  19  wCBO_expOffset   2.00013e+02   7.06688e-01   3.66621e-04  -3.65062e-02
  20  wCBO_expT    2.99828e+01   9.63317e-02   6.06495e-05  -2.31491e-01
  21  wCBO_linCoeff   0.00000e+00   constant   
  22  wCBO_const   8.00733e-04   8.61060e-03   3.76825e-06  -4.80914e+00
 EXTERNAL ERROR MATRIX.    NDIM=  25    NPAR=  7    ERR DEF=1
  7.855e-07  1.741e-07  4.318e-08  1.383e-04  2.087e-05 -6.036e-06 -8.214e-08 
  1.741e-07  4.011e-04  9.039e-08 -1.361e-02 -2.062e-03 -1.847e-04 -1.718e-04 
  4.318e-08  9.039e-08  8.002e-07  9.167e-05  1.383e-05 -3.614e-06 -4.585e-08 
  1.383e-04 -1.361e-02  9.167e-05  2.205e+01 -2.145e+00 -1.701e-01  6.395e-03 
  2.087e-05 -2.062e-03  1.383e-05 -2.145e+00  4.994e-01 -2.565e-02  9.683e-04 
 -6.036e-06 -1.847e-04 -3.614e-06 -1.701e-01 -2.565e-02  9.280e-03  4.501e-05 
 -8.214e-08 -1.718e-04 -4.585e-08  6.395e-03  9.683e-04  4.501e-05  7.414e-05 
 PARAMETER  CORRELATION COEFFICIENTS  
       NO.  GLOBAL      6      7     14     18     19     20     22
        6  0.20019   1.000  0.010  0.054  0.033  0.033 -0.071 -0.011
        7  0.99915   0.010  1.000  0.005 -0.145 -0.146 -0.096 -0.997
       14  0.17476   0.054  0.005  1.000  0.022  0.022 -0.042 -0.006
       18  0.99816   0.033 -0.145  0.022  1.000 -0.646 -0.376  0.158
       19  0.99817   0.033 -0.146  0.022 -0.646  1.000 -0.377  0.159
       20  0.99730  -0.071 -0.096 -0.042 -0.376 -0.377  1.000  0.054
       22  0.99870  -0.011 -0.997 -0.006  0.158  0.159  0.054  1.000
MINUIT - FIT ONLY 2-CBO
 **********
 **   43 **RES 
 **********
                   PARAMETER    8  phi_CBO RESTORED TO VARIABLE.
                   PARAMETER    4  phi RESTORED TO VARIABLE.
                   PARAMETER    3  A0 RESTORED TO VARIABLE.
                   PARAMETER    1  N0 RESTORED TO VARIABLE.
 **********
 **   44 **FIX            0
 **********
 PARAMETER    0  IS UNDEFINED. IGNORED.
 **********
 **   45 **FIX            1
 **********
 **********
 **   46 **FIX            2
 **********
 PARAMETER    2  IS CONSTANT.   IGNORED.
 **********
 **   47 **FIX            3
 **********
 **********
 **   48 **FIX            4
 **********
 **********
 **   49 **FIX            5
 **********
 PARAMETER    5  IS CONSTANT.   IGNORED.
 **********
 **   50 **FIX            6
 **********
 **********
 **   51 **FIX            7
 **********
 **********
 **   52 **FIX           10
 **********
 PARAMETER   10  IS CONSTANT.   IGNORED.
 **********
 **   53 **FIX           11
 **********
 PARAMETER   11  IS CONSTANT.   IGNORED.
 **********
 **   54 **FIX           12
 **********
 PARAMETER   12  IS CONSTANT.   IGNORED.
 **********
 **   55 **FIX           13
 **********
 PARAMETER   13  IS CONSTANT.   IGNORED.
 **********
 **   56 **FIX           14
 **********
 **********
 **   57 **FIX           15
 **********
 PARAMETER   15  IS CONSTANT.   IGNORED.
 **********
 **   58 **FIX           16
 **********
 PARAMETER   16  IS CONSTANT.   IGNORED.
 **********
 **   59 **MIGRAD
 **********
 START MIGRAD MINIMIZATION.  STRATEGY  1.  CONVERGENCE WHEN EDM .LT. 1.00e-04
 FCN=308.034 FROM MIGRAD    STATUS=INITIATE       10 CALLS         666 TOTAL
                     EDM= unknown      STRATEGY= 1      NO ERROR MATRIX       
  EXT PARAMETER               CURRENT GUESS       STEP         FIRST   
  NO.   NAME      VALUE            ERROR          SIZE      DERIVATIVE 
   1  N0           2.78884e+06     fixed    
   2  tau          6.44052e+01   constant   
   3  A0           3.51277e-01     fixed    
   4  phi          4.11724e+00     fixed    
   5  R           -6.00435e+01   constant   
   6  A_CBO        1.56015e-03     fixed    
   7  w_CBO        2.32467e+00     fixed    
   8  phi_CBO      5.31894e+00   7.28912e-01   7.28912e-01   7.77607e-01
   9  ANx2         5.96878e-04   constant   
  10  pNx2         1.09681e+00   constant   
  11  ANy1         0.00000e+00   constant   
  12  pNy1         0.00000e+00   constant   
  13  w_y          0.00000e+00   constant   
  14  ANy2         4.04305e-04     fixed    
  15  pNy2         5.64757e+00   constant   
  16  w_vw         1.43013e+01   constant   
  17  LM          -2.80163e-05   constant   
  18  wCBO_expCoeff   1.99320e+02   4.69542e+00   2.43744e-03  -5.51267e-03
  19  wCBO_expOffset   2.00013e+02   7.06688e-01   3.66621e-04  -3.66447e-02
  20  wCBO_expT    2.99828e+01   9.63317e-02   6.06495e-05  -2.32405e-01
  21  wCBO_linCoeff   0.00000e+00   constant   
  22  wCBO_const   8.00733e-04   8.61060e-03   3.76825e-06  -4.81366e+00
 MIGRAD MINIMIZATION HAS CONVERGED.
 MIGRAD WILL VERIFY CONVERGENCE AND ERROR MATRIX.
 COVARIANCE MATRIX CALCULATED SUCCESSFULLY
 FCN=307.922 FROM HESSE     STATUS=OK             31 CALLS         743 TOTAL
                     EDM=0.000181042    STRATEGY= 1      ERROR MATRIX ACCURATE 
  EXT PARAMETER                                   STEP         FIRST   
  NO.   NAME      VALUE            ERROR          SIZE      DERIVATIVE 
   1  N0           2.78884e+06     fixed    
   2  tau          6.44052e+01   constant   
   3  A0           3.51277e-01     fixed    
   4  phi          4.11724e+00     fixed    
   5  R           -6.00435e+01   constant   
   6  A_CBO        1.56015e-03     fixed    
   7  w_CBO        2.32467e+00     fixed    
   8  phi_CBO      5.03193e+00   8.56228e-01   4.92095e-03   3.14717e-05
   9  ANx2         5.96878e-04   constant   
  10  pNx2         1.09681e+00   constant   
  11  ANy1         0.00000e+00   constant   
  12  pNy1         0.00000e+00   constant   
  13  w_y          0.00000e+00   constant   
  14  ANy2         4.04305e-04     fixed    
  15  pNy2         5.64757e+00   constant   
  16  w_vw         1.43013e+01   constant   
  17  LM          -2.80163e-05   constant   
  18  wCBO_expCoeff   1.99323e+02   6.90539e+00   2.30114e-03  -7.48290e-03
  19  wCBO_expOffset   2.00013e+02   1.03942e+00   3.46139e-04  -4.97457e-02
  20  wCBO_expT    2.99827e+01   1.14412e-01   5.73698e-05  -6.00655e-02
  21  wCBO_linCoeff   0.00000e+00   constant   
  22  wCBO_const   6.35851e-04   8.63190e-04   3.72222e-06  -1.85168e+00
 MIGRAD MINIMIZATION HAS CONVERGED.
 FCN=307.922 FROM MIGRAD    STATUS=CONVERGED      99 CALLS         755 TOTAL
                     EDM=3.11494e-07    STRATEGY= 1  ERROR MATRIX UNCERTAINTY   1.8 per cent
  EXT PARAMETER                                   STEP         FIRST   
  NO.   NAME      VALUE            ERROR          SIZE      DERIVATIVE 
   1  N0           2.78884e+06     fixed    
   2  tau          6.44052e+01   constant   
   3  A0           3.51277e-01     fixed    
   4  phi          4.11724e+00     fixed    
   5  R           -6.00435e+01   constant   
   6  A_CBO        1.56015e-03     fixed    
   7  w_CBO        2.32467e+00     fixed    
   8  phi_CBO      5.03110e+00   8.57510e-01  -8.23154e-04   5.12410e-05
   9  ANx2         5.96878e-04   constant   
  10  pNx2         1.09681e+00   constant   
  11  ANy1         0.00000e+00   constant   
  12  pNy1         0.00000e+00   constant   
  13  w_y          0.00000e+00   constant   
  14  ANy2         4.04305e-04     fixed    
  15  pNy2         5.64757e+00   constant   
  16  w_vw         1.43013e+01   constant   
  17  LM          -2.80163e-05   constant   
  18  wCBO_expCoeff   1.99373e+02   7.14911e+00   5.04376e-02   3.47497e-03
  19  wCBO_expOffset   2.00021e+02   1.07629e+00   7.63589e-03   2.31117e-02
  20  wCBO_expT    2.99801e+01   1.49155e-01  -2.60225e-03   1.38248e-01
  21  wCBO_linCoeff   0.00000e+00   constant   
  22  wCBO_const   6.43084e-04   9.01701e-04   7.23324e-06   1.14696e+00
 EXTERNAL ERROR MATRIX.    NDIM=  25    NPAR=  5    ERR DEF=1
  7.353e-01 -2.360e-01 -3.571e-02  1.188e-02  3.907e-04 
 -2.360e-01  5.111e+01 -5.180e+00 -4.292e-01  1.109e-03 
 -3.571e-02 -5.180e+00  1.158e+00 -6.489e-02  1.675e-04 
  1.188e-02 -4.292e-01 -6.489e-02  2.225e-02 -6.219e-05 
  3.907e-04  1.109e-03  1.675e-04 -6.219e-05  8.131e-07 
 PARAMETER  CORRELATION COEFFICIENTS  
       NO.  GLOBAL      8     18     19     20     22
        8  0.74315   1.000 -0.038 -0.039  0.093  0.505
       18  0.99930  -0.038  1.000 -0.673 -0.402  0.172
       19  0.99930  -0.039 -0.673  1.000 -0.404  0.173
       20  0.99900   0.093 -0.402 -0.404  1.000 -0.462
       22  0.87689   0.505  0.172  0.173 -0.462  1.000
MINUIT - FIT ONLY 1-y
 **********
 **   60 **RES 
 **********
                   PARAMETER   14  ANy2 RESTORED TO VARIABLE.
                   PARAMETER    7  w_CBO RESTORED TO VARIABLE.
                   PARAMETER    6  A_CBO RESTORED TO VARIABLE.
                   PARAMETER    4  phi RESTORED TO VARIABLE.
                   PARAMETER    3  A0 RESTORED TO VARIABLE.
                   PARAMETER    1  N0 RESTORED TO VARIABLE.
 **********
 **   61 **FIX            0
 **********
 PARAMETER    0  IS UNDEFINED. IGNORED.
 **********
 **   62 **FIX            1
 **********
 **********
 **   63 **FIX            2
 **********
 PARAMETER    2  IS CONSTANT.   IGNORED.
 **********
 **   64 **FIX            3
 **********
 **********
 **   65 **FIX            4
 **********
 **********
 **   66 **FIX            5
 **********
 PARAMETER    5  IS CONSTANT.   IGNORED.
 **********
 **   67 **FIX            6
 **********
 **********
 **   68 **FIX            7
 **********
 **********
 **   69 **FIX            8
 **********
 **********
 **   70 **FIX            9
 **********
 PARAMETER    9  IS CONSTANT.   IGNORED.
 **********
 **   71 **FIX           13
 **********
 PARAMETER   13  IS CONSTANT.   IGNORED.
 **********
 **   72 **FIX           14
 **********
 **********
 **   73 **FIX           15
 **********
 PARAMETER   15  IS CONSTANT.   IGNORED.
 **********
 **   74 **FIX           16
 **********
 PARAMETER   16  IS CONSTANT.   IGNORED.
 **********
 **   75 **MIGRAD
 **********
 START MIGRAD MINIMIZATION.  STRATEGY  1.  CONVERGENCE WHEN EDM .LT. 1.00e-04
 FCN=307.922 FROM MIGRAD    STATUS=INITIATE        8 CALLS         763 TOTAL
                     EDM= unknown      STRATEGY= 1      NO ERROR MATRIX       
  EXT PARAMETER               CURRENT GUESS       STEP         FIRST   
  NO.   NAME      VALUE            ERROR          SIZE      DERIVATIVE 
   1  N0           2.78884e+06     fixed    
   2  tau          6.44052e+01   constant   
   3  A0           3.51277e-01     fixed    
   4  phi          4.11724e+00     fixed    
   5  R           -6.00435e+01   constant   
   6  A_CBO        1.56015e-03     fixed    
   7  w_CBO        2.32467e+00     fixed    
   8  phi_CBO      5.03110e+00     fixed    
   9  ANx2         5.96878e-04   constant   
  10  pNx2         1.09681e+00   constant   
  11  ANy1         0.00000e+00   constant   
  12  pNy1         0.00000e+00   constant   
  13  w_y          0.00000e+00   constant   
  14  ANy2         4.04305e-04     fixed    
  15  pNy2         5.64757e+00   constant   
  16  w_vw         1.43013e+01   constant   
  17  LM          -2.80163e-05   constant   
  18  wCBO_expCoeff   1.99373e+02   7.14911e+00   5.04376e-02   3.47499e-03
  19  wCBO_expOffset   2.00021e+02   1.07629e+00   7.63589e-03   2.31118e-02
  20  wCBO_expT    2.99801e+01   1.49155e-01  -2.60225e-03   1.38250e-01
  21  wCBO_linCoeff   0.00000e+00   constant   
  22  wCBO_const   6.43084e-04   9.01701e-04   7.23324e-06   1.14697e+00
 MIGRAD MINIMIZATION HAS CONVERGED.
 MIGRAD WILL VERIFY CONVERGENCE AND ERROR MATRIX.
 COVARIANCE MATRIX CALCULATED SUCCESSFULLY
 FCN=307.922 FROM MIGRAD    STATUS=CONVERGED      47 CALLS         802 TOTAL
                     EDM=6.71057e-08    STRATEGY= 1      ERROR MATRIX ACCURATE 
  EXT PARAMETER                                   STEP         FIRST   
  NO.   NAME      VALUE            ERROR          SIZE      DERIVATIVE 
   1  N0           2.78884e+06     fixed    
   2  tau          6.44052e+01   constant   
   3  A0           3.51277e-01     fixed    
   4  phi          4.11724e+00     fixed    
   5  R           -6.00435e+01   constant   
   6  A_CBO        1.56015e-03     fixed    
   7  w_CBO        2.32467e+00     fixed    
   8  phi_CBO      5.03110e+00     fixed    
   9  ANx2         5.96878e-04   constant   
  10  pNx2         1.09681e+00   constant   
  11  ANy1         0.00000e+00   constant   
  12  pNy1         0.00000e+00   constant   
  13  w_y          0.00000e+00   constant   
  14  ANy2         4.04305e-04     fixed    
  15  pNy2         5.64757e+00   constant   
  16  w_vw         1.43013e+01   constant   
  17  LM          -2.80163e-05   constant   
  18  wCBO_expCoeff   1.99373e+02   6.48374e+00   2.29334e-03   1.63466e-04
  19  wCBO_expOffset   2.00021e+02   9.75379e-01   3.44853e-04   1.08703e-03
  20  wCBO_expT    2.99801e+01   1.11593e-01   5.71527e-05   5.03368e-03
  21  wCBO_linCoeff   0.00000e+00   constant   
  22  wCBO_const   6.43054e-04   7.21745e-04   3.72672e-06  -5.02578e-01
 EXTERNAL ERROR MATRIX.    NDIM=  25    NPAR=  4    ERR DEF=1
  4.204e+01 -4.916e+00 -2.401e-01  6.728e-04 
 -4.916e+00  9.514e-01 -3.624e-02  1.014e-04 
 -2.401e-01 -3.624e-02  1.245e-02 -3.945e-05 
  6.728e-04  1.014e-04 -3.945e-05  5.209e-07 
 PARAMETER  CORRELATION COEFFICIENTS  
       NO.  GLOBAL     18     19     20     22
       18  0.99915   1.000 -0.777 -0.332  0.144
       19  0.99915  -0.777  1.000 -0.333  0.144
       20  0.99822  -0.332 -0.333  1.000 -0.490
       22  0.79876   0.144  0.144 -0.490  1.000
MINUIT - FIT ONLY 2-y
 **********
 **   76 **RES 
 **********
                   PARAMETER   14  ANy2 RESTORED TO VARIABLE.
                   PARAMETER    8  phi_CBO RESTORED TO VARIABLE.
                   PARAMETER    7  w_CBO RESTORED TO VARIABLE.
                   PARAMETER    6  A_CBO RESTORED TO VARIABLE.
                   PARAMETER    4  phi RESTORED TO VARIABLE.
                   PARAMETER    3  A0 RESTORED TO VARIABLE.
                   PARAMETER    1  N0 RESTORED TO VARIABLE.
 **********
 **   77 **FIX            0
 **********
 PARAMETER    0  IS UNDEFINED. IGNORED.
 **********
 **   78 **FIX            1
 **********
 **********
 **   79 **FIX            2
 **********
 PARAMETER    2  IS CONSTANT.   IGNORED.
 **********
 **   80 **FIX            3
 **********
 **********
 **   81 **FIX            4
 **********
 **********
 **   82 **FIX            5
 **********
 PARAMETER    5  IS CONSTANT.   IGNORED.
 **********
 **   83 **FIX            6
 **********
 **********
 **   84 **FIX            7
 **********
 **********
 **   85 **FIX            8
 **********
 **********
 **   86 **FIX            9
 **********
 PARAMETER    9  IS CONSTANT.   IGNORED.
 **********
 **   87 **FIX           10
 **********
 PARAMETER   10  IS CONSTANT.   IGNORED.
 **********
 **   88 **FIX           11
 **********
 PARAMETER   11  IS CONSTANT.   IGNORED.
 **********
 **   89 **FIX           12
 **********
 PARAMETER   12  IS CONSTANT.   IGNORED.
 **********
 **   90 **FIX           16
 **********
 PARAMETER   16  IS CONSTANT.   IGNORED.
 **********
 **   91 **MIGRAD
 **********
 START MIGRAD MINIMIZATION.  STRATEGY  1.  CONVERGENCE WHEN EDM .LT. 1.00e-04
 FCN=307.922 FROM MIGRAD    STATUS=INITIATE       10 CALLS         812 TOTAL
                     EDM= unknown      STRATEGY= 1      NO ERROR MATRIX       
  EXT PARAMETER               CURRENT GUESS       STEP         FIRST   
  NO.   NAME      VALUE            ERROR          SIZE      DERIVATIVE 
   1  N0           2.78884e+06     fixed    
   2  tau          6.44052e+01   constant   
   3  A0           3.51277e-01     fixed    
   4  phi          4.11724e+00     fixed    
   5  R           -6.00435e+01   constant   
   6  A_CBO        1.56015e-03     fixed    
   7  w_CBO        2.32467e+00     fixed    
   8  phi_CBO      5.03110e+00     fixed    
   9  ANx2         5.96878e-04   constant   
  10  pNx2         1.09681e+00   constant   
  11  ANy1         0.00000e+00   constant   
  12  pNy1         0.00000e+00   constant   
  13  w_y          0.00000e+00   constant   
  14  ANy2         4.04305e-04   8.94560e-04   8.94560e-04  -5.75034e+00
  15  pNy2         5.64757e+00   constant   
  16  w_vw         1.43013e+01   constant   
  17  LM          -2.80163e-05   constant   
  18  wCBO_expCoeff   1.99373e+02   6.48374e+00   2.29334e-03   1.61891e-04
  19  wCBO_expOffset   2.00021e+02   9.75379e-01   3.44853e-04   1.07701e-03
  20  wCBO_expT    2.99801e+01   1.11593e-01   5.71527e-05   4.96103e-03
  21  wCBO_linCoeff   0.00000e+00   constant   
  22  wCBO_const   6.43054e-04   7.21745e-04   3.72672e-06  -5.01154e-01
 MIGRAD MINIMIZATION HAS CONVERGED.
 MIGRAD WILL VERIFY CONVERGENCE AND ERROR MATRIX.
 COVARIANCE MATRIX CALCULATED SUCCESSFULLY
 FCN=307.922 FROM MIGRAD    STATUS=CONVERGED      52 CALLS         854 TOTAL
                     EDM=2.33098e-07    STRATEGY= 1      ERROR MATRIX ACCURATE 
  EXT PARAMETER                                   STEP         FIRST   
  NO.   NAME      VALUE            ERROR          SIZE      DERIVATIVE 
   1  N0           2.78884e+06     fixed    
   2  tau          6.44052e+01   constant   
   3  A0           3.51277e-01     fixed    
   4  phi          4.11724e+00     fixed    
   5  R           -6.00435e+01   constant   
   6  A_CBO        1.56015e-03     fixed    
   7  w_CBO        2.32467e+00     fixed    
   8  phi_CBO      5.03110e+00     fixed    
   9  ANx2         5.96878e-04   constant   
  10  pNx2         1.09681e+00   constant   
  11  ANy1         0.00000e+00   constant   
  12  pNy1         0.00000e+00   constant   
  13  w_y          0.00000e+00   constant   
  14  ANy2         4.06536e-04   8.90571e-04   7.55900e-06  -1.66994e-03
  15  pNy2         5.64757e+00   constant   
  16  w_vw         1.43013e+01   constant   
  17  LM          -2.80163e-05   constant   
  18  wCBO_expCoeff   1.99373e+02   6.49269e+00   2.29327e-03  -2.32676e-03
  19  wCBO_expOffset   2.00021e+02   9.76794e-01   3.44844e-04  -1.54733e-02
  20  wCBO_expT    2.99801e+01   1.11758e-01   5.71509e-05  -9.13195e-02
  21  wCBO_linCoeff   0.00000e+00   constant   
  22  wCBO_const   6.43101e-04   7.21838e-04   3.72669e-06  -1.16470e+00
 EXTERNAL ERROR MATRIX.    NDIM=  25    NPAR=  5    ERR DEF=1
  7.931e-07  1.038e-04  1.570e-05 -4.353e-06 -1.012e-09 
  1.038e-04  4.216e+01 -4.928e+00 -2.408e-01  6.733e-04 
  1.570e-05 -4.928e+00  9.541e-01 -3.637e-02  1.016e-04 
 -4.353e-06 -2.408e-01 -3.637e-02  1.249e-02 -3.948e-05 
 -1.012e-09  6.733e-04  1.016e-04 -3.948e-05  5.210e-07 
 PARAMETER  CORRELATION COEFFICIENTS  
       NO.  GLOBAL     14     18     19     20     22
       14  0.14783   1.000  0.018  0.018 -0.044 -0.002
       18  0.99915   0.018  1.000 -0.777 -0.332  0.144
       19  0.99915   0.018 -0.777  1.000 -0.333  0.144
       20  0.99822  -0.044 -0.332 -0.333  1.000 -0.489
       22  0.79882  -0.002  0.144  0.144 -0.489  1.000
MINUIT - FIT ALTOGETHER
 **********
 **   92 **RES 
 **********
                   PARAMETER    8  phi_CBO RESTORED TO VARIABLE.
                   PARAMETER    7  w_CBO RESTORED TO VARIABLE.
                   PARAMETER    6  A_CBO RESTORED TO VARIABLE.
                   PARAMETER    4  phi RESTORED TO VARIABLE.
                   PARAMETER    3  A0 RESTORED TO VARIABLE.
                   PARAMETER    1  N0 RESTORED TO VARIABLE.
 **********
 **   93 **MIGRAD
 **********
 START MIGRAD MINIMIZATION.  STRATEGY  1.  CONVERGENCE WHEN EDM .LT. 1.00e-04
 FCN=307.922 FROM MIGRAD    STATUS=INITIATE       22 CALLS         876 TOTAL
                     EDM= unknown      STRATEGY= 1      NO ERROR MATRIX       
  EXT PARAMETER               CURRENT GUESS       STEP         FIRST   
  NO.   NAME      VALUE            ERROR          SIZE      DERIVATIVE 
   1  N0           2.78884e+06   1.73456e+03   1.73456e+03  -1.58781e-04
   2  tau          6.44052e+01   constant   
   3  A0           3.51277e-01   8.30132e-04   8.30132e-04   2.37101e+02
   4  phi          4.11724e+00   2.45339e-03   2.45339e-03  -5.54930e+01
   5  R           -6.00435e+01   constant   
