 + ++++++++++++++++++++++++++++++++++++++++++++++++++++++++++++++++++++ +
 +                                                                      +
 +           You have chose to blind your fitting according to          +
 +                omega_ref * (1 + (R +/- deltaR) *10^{-6})             +
 +                                                                      +
 + ++++++++++++++++++++++++++++++++++++++++++++++++++++++++++++++++++++ +
In main()...
reading format from /gm2data/zkhechad/run45/envelope/formats/formatB_sBin_constraintOn.txt
pBinTau 	= 0  
pBinPhi 	= 0  
constraintau 	= 1 
includeMopTerm 	= 0    
constrainMop    = 0   
Parameters after format file: pBinTau 0 pBinPhi 0 constraintau 1 includeMopTerm 0 constrainMop 0 c_e_scale 0.000000 
reading cbo reference file (full fit) from /gm2data/zkhechad/cboTemplates/Run4CBOTemplates/fullFits/run4/sBin_constraintOn_cE0.0_seed0_run4_calo2.root
A_CBO 0.007108 w_CBO 2.327171 phi_CBO 2.947562 N0 3111930.391320 R -60.007933 tau 64.411359 
Reading cboRef file /gm2data/zkhechad/cboTemplates/Run4CBOTemplates//cboIsolate/run4_calo2.root
deltaT 164.120000
windowBins = 1100
fitting sliding window 1700 from bin 1903 at 283.927600 to bin 3003 at 448.047600 (1100 bins)

Reading data from /gm2data/cornell/histograms/aMethod/histogram_a_run4.root
fitting cbo isolate
 **********
 **    1 **SET PRINTOUT            1
 **********
 **********
 **    2 **SET NOWARNINGS 
 **********
 PARAMETER DEFINITIONS:
    NO.   NAME         VALUE      STEP SIZE      LIMITS
     1 A_CBO        7.10761e-03  1.00000e-05     no limits
     2 w_CBO        2.32717e+00  1.00000e-02    2.00000e+00  3.00000e+00
     3 phi_CBO      2.94756e+00  1.00000e-02    0.00000e+00  6.28319e+00
 **********
 **    3 **MIGRAD
 **********
 FIRST CALL TO USER FUNCTION AT NEW START POINT, WITH IFLAG=4.
 START MIGRAD MINIMIZATION.  STRATEGY  1.  CONVERGENCE WHEN EDM .LT. 1.00e-04
 FCN=0.0721354 FROM MIGRAD    STATUS=INITIATE       12 CALLS          13 TOTAL
                     EDM= unknown      STRATEGY= 1      NO ERROR MATRIX       
  EXT PARAMETER               CURRENT GUESS       STEP         FIRST   
  NO.   NAME      VALUE            ERROR          SIZE      DERIVATIVE 
   1  A_CBO        7.10761e-03   1.00000e-05   1.00000e-05   5.95999e+00
   2  w_CBO        2.32717e+00   1.00000e-02   2.13160e-02   9.64413e-01
   3  phi_CBO      2.94756e+00   1.00000e-02   3.18919e-03  -1.66084e-02
 MIGRAD MINIMIZATION HAS CONVERGED.
 MIGRAD WILL VERIFY CONVERGENCE AND ERROR MATRIX.
 COVARIANCE MATRIX CALCULATED SUCCESSFULLY
 FCN=0.0557011 FROM MIGRAD    STATUS=CONVERGED      58 CALLS          59 TOTAL
                     EDM=8.92276e-05    STRATEGY= 1      ERROR MATRIX ACCURATE 
  EXT PARAMETER                                   STEP         FIRST   
  NO.   NAME      VALUE            ERROR          SIZE      DERIVATIVE 
   1  A_CBO        1.79410e-03   4.39640e-02   2.14076e-05  -2.66738e-02
   2  w_CBO        2.32663e+00   3.92738e-01   7.35419e-05   2.42530e-02
   3  phi_CBO      3.10957e+00   4.56053e+00   4.04644e-03  -2.06291e-04
 EXTERNAL ERROR MATRIX.    NDIM=  25    NPAR=  3    ERR DEF=1
  1.933e-03 -4.916e-03 -1.780e+00 
 -4.916e-03  2.167e-01  7.894e+01 
 -1.780e+00  7.894e+01  2.931e+04 
 PARAMETER  CORRELATION COEFFICIENTS  
       NO.  GLOBAL      1      2      3
        1  0.24047   1.000 -0.240 -0.236
        2  0.99050  -0.240  1.000  0.990
        3  0.99048  -0.236  0.990  1.000
setting A_CBO=0.001794 w_CBO=2.326626, phi_CBO=3.109574
done fitting cbo isolate
 **********
 **    1 **SET PRINTOUT            1
 **********
 **********
 **    2 **SET NOWARNINGS 
 **********
 PARAMETER DEFINITIONS:
    NO.   NAME         VALUE      STEP SIZE      LIMITS
     1 N0           3.11193e+06  1.00000e+02     no limits
     2 tau          6.44114e+01  constant
     3 A0           3.64516e-01  1.00000e-04     no limits
     4 phi          4.11813e+00  1.00000e-02     no limits
     5 R           -6.00079e+01  constant
     6 A_CBO        1.79410e-03  1.00000e-05     no limits
     7 w_CBO        2.32663e+00  1.00000e-03     no limits
     8 phi_CBO      3.10957e+00  1.00000e-04     no limits
     9 ANx2         3.40456e-04  constant
    10 pNx2         3.19484e+00  constant
    11 ANy1         0.00000e+00  constant
    12 pNy1         0.00000e+00  constant
    13 w_y          0.00000e+00  constant
    14 ANy2         1.04941e-02  1.00000e-04     no limits
    15 pNy2         5.11372e+00  constant
    16 w_vw         1.43155e+01  constant
    17 LM           3.07992e-04  constant
    18 wCBO_expCoeff   2.00000e+02  1.00000e+00     no limits
    19 wCBO_expOffset   2.00000e+02  1.00000e+00     no limits
    20 wCBO_expT    3.00000e+01  1.00000e+00     no limits
    21 wCBO_linCoeff   0.00000e+00  constant
    22 wCBO_const   0.00000e+00  1.00000e-02     no limits
MINUIT - FIT ONLY WIGGLE
 **********
 **    3 **FIX            5
 **********
 PARAMETER    5  IS CONSTANT.   IGNORED.
 **********
 **    4 **FIX            6
 **********
 **********
 **    5 **FIX            7
 **********
 **********
 **    6 **FIX            8
 **********
 **********
 **    7 **FIX            9
 **********
 PARAMETER    9  IS CONSTANT.   IGNORED.
 **********
 **    8 **FIX           10
 **********
 PARAMETER   10  IS CONSTANT.   IGNORED.
 **********
 **    9 **FIX           11
 **********
 PARAMETER   11  IS CONSTANT.   IGNORED.
 **********
 **   10 **FIX           12
 **********
 PARAMETER   12  IS CONSTANT.   IGNORED.
 **********
 **   11 **FIX           13
 **********
 PARAMETER   13  IS CONSTANT.   IGNORED.
 **********
 **   12 **FIX           14
 **********
 **********
 **   13 **FIX           15
 **********
 PARAMETER   15  IS CONSTANT.   IGNORED.
 **********
 **   14 **FIX           16
 **********
 PARAMETER   16  IS CONSTANT.   IGNORED.
 **********
 **   15 **MIGRAD
 **********
 FIRST CALL TO USER FUNCTION AT NEW START POINT, WITH IFLAG=4.
 START MIGRAD MINIMIZATION.  STRATEGY  1.  CONVERGENCE WHEN EDM .LT. 1.00e-04
 FCN=936.091 FROM MIGRAD    STATUS=INITIATE       84 CALLS          85 TOTAL
                     EDM= unknown      STRATEGY= 1      NO ERROR MATRIX       
  EXT PARAMETER               CURRENT GUESS       STEP         FIRST   
  NO.   NAME      VALUE            ERROR          SIZE      DERIVATIVE 
   1  N0           3.11193e+06   1.00000e+02   0.00000e+00  -6.27865e-04
   2  tau          6.44114e+01   constant   
   3  A0           3.64516e-01   1.00000e-04   0.00000e+00   3.40567e+03
   4  phi          4.11813e+00   1.00000e-02   0.00000e+00   1.82009e+03
   5  R           -6.00079e+01   constant   
   6  A_CBO        1.79410e-03     fixed    
   7  w_CBO        2.32663e+00     fixed    
   8  phi_CBO      3.10957e+00     fixed    
   9  ANx2         3.40456e-04   constant   
  10  pNx2         3.19484e+00   constant   
  11  ANy1         0.00000e+00   constant   
  12  pNy1         0.00000e+00   constant   
  13  w_y          0.00000e+00   constant   
  14  ANy2         1.04941e-02     fixed    
  15  pNy2         5.11372e+00   constant   
  16  w_vw         1.43155e+01   constant   
  17  LM           3.07992e-04   constant   
  18  wCBO_expCoeff   2.00030e+02   1.00000e+00   0.00000e+00   9.15286e+01
  19  wCBO_expOffset   2.00000e+02   1.00000e+00   0.00000e+00   6.10262e+02
  20  wCBO_expT    3.00000e+01   1.00000e+00   0.00000e+00   2.11153e+03
  21  wCBO_linCoeff   0.00000e+00   constant   
  22  wCBO_const   6.05789e-04   1.00000e-02   6.05789e-04   5.94349e+00
 MIGRAD MINIMIZATION HAS CONVERGED.
 FCN=911.041 FROM MIGRAD    STATUS=CONVERGED     310 CALLS         311 TOTAL
                     EDM=7.72594e-08    STRATEGY= 1  ERROR MATRIX UNCERTAINTY   1.2 per cent
  EXT PARAMETER                                   STEP         FIRST   
  NO.   NAME      VALUE            ERROR          SIZE      DERIVATIVE 
   1  N0           3.11209e+06   9.43428e+02   1.10236e+00   2.62422e-07
   2  tau          6.44114e+01   constant   
   3  A0           3.64257e-01   3.98879e-04  -1.90679e-07  -6.68783e-01
   4  phi          4.11715e+00   1.15744e-03   2.28507e-06  -2.53454e-01
   5  R           -6.00079e+01   constant   
   6  A_CBO        1.79410e-03     fixed    
   7  w_CBO        2.32663e+00     fixed    
   8  phi_CBO      3.10957e+00     fixed    
   9  ANx2         3.40456e-04   constant   
  10  pNx2         3.19484e+00   constant   
  11  ANy1         0.00000e+00   constant   
  12  pNy1         0.00000e+00   constant   
  13  w_y          0.00000e+00   constant   
  14  ANy2         1.04941e-02     fixed    
  15  pNy2         5.11372e+00   constant   
  16  w_vw         1.43155e+01   constant   
  17  LM           3.07992e-04   constant   
  18  wCBO_expCoeff   2.00427e+02   6.65720e-02   1.36577e-06   1.96492e-02
  19  wCBO_expOffset   2.00059e+02   9.98256e-03   5.55680e-07  -1.95181e-02
  20  wCBO_expT    2.99554e+01   7.09452e-03   8.68026e-07   1.98652e-01
  21  wCBO_linCoeff   0.00000e+00   constant   
  22  wCBO_const   4.11512e-03   8.13166e-04  -1.23801e-06   2.38357e-01
 EXTERNAL ERROR MATRIX.    NDIM=  25    NPAR=  7    ERR DEF=1
  8.901e+05  1.169e-02  1.047e-02  1.350e+00  2.401e-01 -1.665e-01  1.805e-02 
  1.169e-02  1.591e-07 -1.245e-09 -3.036e-07 -5.023e-08  5.104e-08 -1.247e-08 
  1.047e-02 -1.245e-09  1.340e-06  3.455e-06  5.888e-07 -4.113e-07  5.238e-08 
  1.350e+00 -3.036e-07  3.455e-06  4.432e-03  6.279e-04 -4.625e-04  4.164e-05 
  2.401e-01 -5.023e-08  5.888e-07  6.279e-04  9.965e-05 -6.933e-05  6.215e-06 
 -1.665e-01  5.104e-08 -4.113e-07 -4.625e-04 -6.933e-05  5.033e-05 -4.803e-06 
  1.805e-02 -1.247e-08  5.238e-08  4.164e-05  6.215e-06 -4.803e-06  6.612e-07 
 PARAMETER  CORRELATION COEFFICIENTS  
       NO.  GLOBAL      1      3      4     18     19     20     22
        1  0.04363   1.000  0.031  0.010  0.022  0.025 -0.025  0.024
        3  0.06143   0.031  1.000 -0.003 -0.011 -0.013  0.018 -0.038
        4  0.06115   0.010 -0.003  1.000  0.045  0.051 -0.050  0.056
       18  0.98952   0.022 -0.011  0.045  1.000  0.945 -0.979  0.769
       19  0.98966   0.025 -0.013  0.051  0.945  1.000 -0.979  0.766
       20  0.99745  -0.025  0.018 -0.050 -0.979 -0.979  1.000 -0.833
       22  0.92644   0.024 -0.038  0.056  0.769  0.766 -0.833  1.000
MINUIT - FIT ONLY 1-CBO + other amplitudes 
 **********
 **   16 **RES 
 **********
                   PARAMETER   14  ANy2 RESTORED TO VARIABLE.
                   PARAMETER    8  phi_CBO RESTORED TO VARIABLE.
                   PARAMETER    7  w_CBO RESTORED TO VARIABLE.
                   PARAMETER    6  A_CBO RESTORED TO VARIABLE.
 **********
 **   17 **FIX            0
 **********
 PARAMETER    0  IS UNDEFINED. IGNORED.
 **********
 **   18 **FIX            1
 **********
 **********
 **   19 **FIX            2
 **********
 PARAMETER    2  IS CONSTANT.   IGNORED.
 **********
 **   20 **FIX            3
 **********
 **********
 **   21 **FIX            4
 **********
 **********
 **   22 **FIX            9
 **********
 PARAMETER    9  IS CONSTANT.   IGNORED.
 **********
 **   23 **FIX           11
 **********
 PARAMETER   11  IS CONSTANT.   IGNORED.
 **********
 **   24 **FIX           12
 **********
 PARAMETER   12  IS CONSTANT.   IGNORED.
 **********
 **   25 **FIX           14
 **********
 **********
 **   26 **FIX           15
 **********
 PARAMETER   15  IS CONSTANT.   IGNORED.
 **********
 **   27 **FIX           16
 **********
 PARAMETER   16  IS CONSTANT.   IGNORED.
 **********
 **   28 **MIGRAD
 **********
 START MIGRAD MINIMIZATION.  STRATEGY  1.  CONVERGENCE WHEN EDM .LT. 1.00e-04
 FCN=911.041 FROM MIGRAD    STATUS=INITIATE       20 CALLS         331 TOTAL
                     EDM= unknown      STRATEGY= 1      NO ERROR MATRIX       
  EXT PARAMETER               CURRENT GUESS       STEP         FIRST   
  NO.   NAME      VALUE            ERROR          SIZE      DERIVATIVE 
   1  N0           3.11209e+06     fixed    
   2  tau          6.44114e+01   constant   
   3  A0           3.64257e-01     fixed    
   4  phi          4.11715e+00     fixed    
   5  R           -6.00079e+01   constant   
   6  A_CBO        1.79410e-03   1.00000e-05   1.00000e-05   5.80811e+03
   7  w_CBO        2.32663e+00   1.00000e-03   1.00000e-03   1.79675e+00
   8  phi_CBO      3.10957e+00   1.00000e-04   1.00000e-04   4.99145e+00
   9  ANx2         3.40456e-04   constant   
  10  pNx2         3.19484e+00   constant   
  11  ANy1         0.00000e+00   constant   
  12  pNy1         0.00000e+00   constant   
  13  w_y          0.00000e+00   constant   
  14  ANy2         1.04941e-02     fixed    
  15  pNy2         5.11372e+00   constant   
  16  w_vw         1.43155e+01   constant   
  17  LM           3.07992e-04   constant   
  18  wCBO_expCoeff   2.00427e+02   6.65720e-02   1.36577e-06   1.96494e-02
  19  wCBO_expOffset   2.00059e+02   9.98256e-03   5.55680e-07  -1.95181e-02
  20  wCBO_expT    2.99554e+01   7.09452e-03   8.68026e-07   1.98652e-01
  21  wCBO_linCoeff   0.00000e+00   constant   
  22  wCBO_const   4.11512e-03   8.13166e-04  -1.23801e-06   2.38359e-01
 MIGRAD MINIMIZATION HAS CONVERGED.
 MIGRAD WILL VERIFY CONVERGENCE AND ERROR MATRIX.
 COVARIANCE MATRIX CALCULATED SUCCESSFULLY
 FCN=908.3 FROM HESSE     STATUS=OK             52 CALLS         480 TOTAL
                     EDM=0.00040778    STRATEGY= 1      ERROR MATRIX ACCURATE 
  EXT PARAMETER                                   STEP         FIRST   
  NO.   NAME      VALUE            ERROR          SIZE      DERIVATIVE 
   1  N0           3.11209e+06     fixed    
   2  tau          6.44114e+01   constant   
   3  A0           3.64257e-01     fixed    
   4  phi          4.11715e+00     fixed    
   5  R           -6.00079e+01   constant   
   6  A_CBO        1.29004e-03   4.30410e-04   6.29264e-06  -9.94403e-01
   7  w_CBO        2.32661e+00   2.93310e-03   1.57109e-06   3.26417e+00
   8  phi_CBO      2.58614e+00   4.81386e-01   4.91925e-03  -1.04103e-02
   9  ANx2         3.40456e-04   constant   
  10  pNx2         3.19484e+00   constant   
  11  ANy1         0.00000e+00   constant   
  12  pNy1         0.00000e+00   constant   
  13  w_y          0.00000e+00   constant   
  14  ANy2         1.04941e-02     fixed    
  15  pNy2         5.11372e+00   constant   
  16  w_vw         1.43155e+01   constant   
  17  LM           3.07992e-04   constant   
  18  wCBO_expCoeff   2.00426e+02   2.59688e-01   1.52509e-04   2.84230e-02
  19  wCBO_expOffset   2.00059e+02   2.36339e-02   9.53957e-05   1.89970e-01
  20  wCBO_expT    2.99553e+01   6.64937e-03   1.42838e-05   6.76774e+00
  21  wCBO_linCoeff   0.00000e+00   constant   
  22  wCBO_const   3.80416e-03   1.42108e-03   4.73383e-06   1.89364e+00
 MIGRAD MINIMIZATION HAS CONVERGED.
 FCN=908.299 FROM MIGRAD    STATUS=CONVERGED     185 CALLS         496 TOTAL
                     EDM=2.24109e-06    STRATEGY= 1  ERROR MATRIX UNCERTAINTY   0.4 per cent
  EXT PARAMETER                                   STEP         FIRST   
  NO.   NAME      VALUE            ERROR          SIZE      DERIVATIVE 
   1  N0           3.11209e+06     fixed    
   2  tau          6.44114e+01   constant   
   3  A0           3.64257e-01     fixed    
   4  phi          4.11715e+00     fixed    
   5  R           -6.00079e+01   constant   
   6  A_CBO        1.29105e-03   4.30311e-04   1.00667e-06   2.49517e+00
   7  w_CBO        2.32662e+00   2.96479e-03   1.90342e-05  -7.31829e+00
   8  phi_CBO      2.58702e+00   4.80254e-01   8.83616e-04   6.07533e-03
   9  ANx2         3.40456e-04   constant   
  10  pNx2         3.19484e+00   constant   
  11  ANy1         0.00000e+00   constant   
  12  pNy1         0.00000e+00   constant   
  13  w_y          0.00000e+00   constant   
  14  ANy2         1.04941e-02     fixed    
  15  pNy2         5.11372e+00   constant   
  16  w_vw         1.43155e+01   constant   
  17  LM           3.07992e-04   constant   
  18  wCBO_expCoeff   2.00428e+02   2.63532e-01   1.98435e-03  -7.92287e-02
  19  wCBO_expOffset   2.00059e+02   2.37009e-02   4.78378e-05  -5.75636e-01
  20  wCBO_expT    2.99551e+01   8.41462e-03  -2.14013e-04  -1.59381e+00
  21  wCBO_linCoeff   0.00000e+00   constant   
  22  wCBO_const   3.81634e-03   1.44780e-03   1.21858e-05  -1.13205e+00
 EXTERNAL ERROR MATRIX.    NDIM=  25    NPAR=  7    ERR DEF=1
  1.852e-07  4.480e-08 -5.492e-06  4.447e-06 -5.188e-07 -2.352e-07 -1.542e-08 
  4.480e-08  8.790e-06 -3.146e-05 -5.234e-04 -1.780e-05 -6.170e-06 -3.266e-06 
 -5.492e-06 -3.146e-05  2.306e-01 -3.286e-03  3.398e-04  2.441e-04  1.326e-04 
  4.447e-06 -5.234e-04 -3.286e-03  6.945e-02 -1.856e-03 -6.425e-04  2.808e-04 
 -5.188e-07 -1.780e-05  3.398e-04 -1.856e-03  5.617e-04 -1.948e-05  9.627e-06 
 -2.352e-07 -6.170e-06  2.441e-04 -6.425e-04 -1.948e-05  7.081e-05 -3.781e-06 
 -1.542e-08 -3.266e-06  1.326e-04  2.808e-04  9.627e-06 -3.781e-06  2.096e-06 
 PARAMETER  CORRELATION COEFFICIENTS  
       NO.  GLOBAL      6      7      8     18     19     20     22
        6  0.11925   1.000  0.035 -0.027  0.039 -0.051 -0.065 -0.025
        7  0.99935   0.035  1.000 -0.022 -0.670 -0.253 -0.247 -0.761
        8  0.72232  -0.027 -0.022  1.000 -0.026  0.030  0.060  0.191
       18  0.99923   0.039 -0.670 -0.026  1.000 -0.297 -0.290  0.736
       19  0.99787  -0.051 -0.253  0.030 -0.297  1.000 -0.098  0.281
       20  0.99826  -0.065 -0.247  0.060 -0.290 -0.098  1.000 -0.310
       22  0.97512  -0.025 -0.761  0.191  0.736  0.281 -0.310  1.000
MINUIT - FIT ONLY 1-CBO
 **********
 **   29 **RES 
 **********
                   PARAMETER   14  ANy2 RESTORED TO VARIABLE.
                   PARAMETER    4  phi RESTORED TO VARIABLE.
                   PARAMETER    3  A0 RESTORED TO VARIABLE.
                   PARAMETER    1  N0 RESTORED TO VARIABLE.
 **********
 **   30 **FIX            0
 **********
 PARAMETER    0  IS UNDEFINED. IGNORED.
 **********
 **   31 **FIX            1
 **********
 **********
 **   32 **FIX            2
 **********
 PARAMETER    2  IS CONSTANT.   IGNORED.
 **********
 **   33 **FIX            3
 **********
 **********
 **   34 **FIX            4
 **********
 **********
 **   35 **FIX            8
 **********
 **********
 **   36 **FIX            9
 **********
 PARAMETER    9  IS CONSTANT.   IGNORED.
 **********
 **   37 **FIX           11
 **********
 PARAMETER   11  IS CONSTANT.   IGNORED.
 **********
 **   38 **FIX           12
 **********
 PARAMETER   12  IS CONSTANT.   IGNORED.
 **********
 **   39 **FIX           13
 **********
 PARAMETER   13  IS CONSTANT.   IGNORED.
 **********
 **   40 **FIX           15
 **********
 PARAMETER   15  IS CONSTANT.   IGNORED.
 **********
 **   41 **FIX           16
 **********
 PARAMETER   16  IS CONSTANT.   IGNORED.
 **********
 **   42 **MIGRAD
 **********
 START MIGRAD MINIMIZATION.  STRATEGY  1.  CONVERGENCE WHEN EDM .LT. 1.00e-04
 FCN=908.299 FROM MIGRAD    STATUS=INITIATE       16 CALLS         512 TOTAL
                     EDM= unknown      STRATEGY= 1      NO ERROR MATRIX       
  EXT PARAMETER               CURRENT GUESS       STEP         FIRST   
  NO.   NAME      VALUE            ERROR          SIZE      DERIVATIVE 
   1  N0           3.11209e+06     fixed    
   2  tau          6.44114e+01   constant   
   3  A0           3.64257e-01     fixed    
   4  phi          4.11715e+00     fixed    
   5  R           -6.00079e+01   constant   
   6  A_CBO        1.29105e-03   4.30311e-04   1.00667e-06   2.49517e+00
   7  w_CBO        2.32662e+00   2.96479e-03   1.90342e-05  -7.31824e+00
   8  phi_CBO      2.58702e+00     fixed    
   9  ANx2         3.40456e-04   constant   
  10  pNx2         3.19484e+00   constant   
  11  ANy1         0.00000e+00   constant   
  12  pNy1         0.00000e+00   constant   
  13  w_y          0.00000e+00   constant   
  14  ANy2         1.04941e-02   1.00000e-04   1.00000e-04   1.12862e+05
  15  pNy2         5.11372e+00   constant   
  16  w_vw         1.43155e+01   constant   
  17  LM           3.07992e-04   constant   
  18  wCBO_expCoeff   2.00428e+02   2.63532e-01   1.98435e-03  -7.92282e-02
  19  wCBO_expOffset   2.00059e+02   2.37009e-02   4.78378e-05  -5.75636e-01
  20  wCBO_expT    2.99551e+01   8.41462e-03  -2.14013e-04  -1.59381e+00
  21  wCBO_linCoeff   0.00000e+00   constant   
  22  wCBO_const   3.81634e-03   1.44780e-03   1.21858e-05  -1.13206e+00
 MIGRAD MINIMIZATION HAS CONVERGED.
 MIGRAD WILL VERIFY CONVERGENCE AND ERROR MATRIX.
 COVARIANCE MATRIX CALCULATED SUCCESSFULLY
 FCN=319.52 FROM HESSE     STATUS=OK             50 CALLS         693 TOTAL
                     EDM=0.00118575    STRATEGY= 1      ERROR MATRIX ACCURATE 
  EXT PARAMETER                                   STEP         FIRST   
  NO.   NAME      VALUE            ERROR          SIZE      DERIVATIVE 
   1  N0           3.11209e+06     fixed    
   2  tau          6.44114e+01   constant   
   3  A0           3.64257e-01     fixed    
   4  phi          4.11715e+00     fixed    
   5  R           -6.00079e+01   constant   
   6  A_CBO        3.54538e-04   4.60732e-04   3.73563e-06  -1.59471e+00
   7  w_CBO        2.32657e+00   3.92441e-03   2.31114e-06   7.17479e+00
   8  phi_CBO      2.58702e+00     fixed    
   9  ANx2         3.40456e-04   constant   
  10  pNx2         3.19484e+00   constant   
  11  ANy1         0.00000e+00   constant   
  12  pNy1         0.00000e+00   constant   
  13  w_y          0.00000e+00   constant   
  14  ANy2         3.12488e-05   4.34275e-04   3.74479e-06   3.12777e-01
  15  pNy2         5.11372e+00   constant   
  16  w_vw         1.43155e+01   constant   
  17  LM           3.07992e-04   constant   
  18  wCBO_expCoeff   2.00422e+02   3.53465e-01   2.27623e-04   8.13160e-02
  19  wCBO_expOffset   2.00058e+02   3.76355e-02   9.53953e-05   5.39829e-01
  20  wCBO_expT    2.99548e+01   1.02571e-02   1.42836e-05  -5.13332e+00
  21  wCBO_linCoeff   0.00000e+00   constant   
  22  wCBO_const   3.80432e-03   1.92440e-03   5.68943e-06   3.94799e-01
 MIGRAD MINIMIZATION HAS CONVERGED.
 FCN=319.518 FROM MIGRAD    STATUS=CONVERGED     213 CALLS         709 TOTAL
                     EDM=7.01306e-07    STRATEGY= 1  ERROR MATRIX UNCERTAINTY   1.3 per cent
  EXT PARAMETER                                   STEP         FIRST   
  NO.   NAME      VALUE            ERROR          SIZE      DERIVATIVE 
   1  N0           3.11209e+06     fixed    
   2  tau          6.44114e+01   constant   
   3  A0           3.64257e-01     fixed    
   4  phi          4.11715e+00     fixed    
   5  R           -6.00079e+01   constant   
   6  A_CBO        3.59022e-04   4.64366e-04   4.48399e-06   1.08294e+00
   7  w_CBO        2.32652e+00   3.98990e-03  -4.96082e-05   1.25229e+00
   8  phi_CBO      2.58702e+00     fixed    
   9  ANx2         3.40456e-04   constant   
  10  pNx2         3.19484e+00   constant   
  11  ANy1         0.00000e+00   constant   
  12  pNy1         0.00000e+00   constant   
  13  w_y          0.00000e+00   constant   
  14  ANy2         3.18453e-05   4.34364e-04   5.96538e-07  -3.23623e-01
  15  pNy2         5.11372e+00   constant   
  16  w_vw         1.43155e+01   constant   
  17  LM           3.07992e-04   constant   
  18  wCBO_expCoeff   2.00416e+02   3.61806e-01  -5.31819e-03   6.11682e-03
  19  wCBO_expOffset   2.00058e+02   3.77571e-02  -2.34689e-04   2.82955e-02
  20  wCBO_expT    2.99554e+01   1.32623e-02   5.86174e-04   1.78199e-01
  21  wCBO_linCoeff   0.00000e+00   constant   
  22  wCBO_const   3.78492e-03   1.94714e-03  -1.93964e-05   1.68656e+00
 EXTERNAL ERROR MATRIX.    NDIM=  25    NPAR=  7    ERR DEF=1
  2.156e-07 -9.849e-08  2.331e-08 -1.093e-05 -4.059e-07  1.275e-06  1.560e-08 
 -9.849e-08  1.592e-05 -1.146e-08 -8.061e-04 -4.173e-05 -1.488e-05 -5.871e-06 
  2.331e-08 -1.146e-08  1.887e-07 -1.308e-06 -1.115e-08  2.031e-07  1.228e-10 
 -1.093e-05 -8.061e-04 -1.308e-06  1.309e-01 -4.596e-03 -1.595e-03  4.526e-04 
 -4.059e-07 -4.173e-05 -1.115e-08 -4.596e-03  1.426e-03 -6.791e-05  2.235e-05 
  1.275e-06 -1.488e-05  2.031e-07 -1.595e-03 -6.791e-05  1.759e-04 -6.219e-06 
  1.560e-08 -5.871e-06  1.228e-10  4.526e-04  2.235e-05 -6.219e-06  3.791e-06 
 PARAMETER  CORRELATION COEFFICIENTS  
       NO.  GLOBAL      6      7     14     18     19     20     22
        6  0.39141   1.000 -0.053  0.116 -0.065 -0.023  0.207  0.017
        7  0.99780  -0.053  1.000 -0.007 -0.558 -0.277 -0.281 -0.756
       14  0.16541   0.116 -0.007  1.000 -0.008 -0.001  0.035  0.000
       18  0.99740  -0.065 -0.558 -0.008  1.000 -0.336 -0.332  0.643
       19  0.99467  -0.023 -0.277 -0.001 -0.336  1.000 -0.136  0.304
       20  0.99569   0.207 -0.281  0.035 -0.332 -0.136  1.000 -0.241
       22  0.94241   0.017 -0.756  0.000  0.643  0.304 -0.241  1.000
MINUIT - FIT ONLY 2-CBO
 **********
 **   43 **RES 
 **********
                   PARAMETER    8  phi_CBO RESTORED TO VARIABLE.
                   PARAMETER    4  phi RESTORED TO VARIABLE.
                   PARAMETER    3  A0 RESTORED TO VARIABLE.
                   PARAMETER    1  N0 RESTORED TO VARIABLE.
 **********
 **   44 **FIX            0
 **********
 PARAMETER    0  IS UNDEFINED. IGNORED.
 **********
 **   45 **FIX            1
 **********
 **********
 **   46 **FIX            2
 **********
 PARAMETER    2  IS CONSTANT.   IGNORED.
 **********
 **   47 **FIX            3
 **********
 **********
 **   48 **FIX            4
 **********
 **********
 **   49 **FIX            5
 **********
 PARAMETER    5  IS CONSTANT.   IGNORED.
 **********
 **   50 **FIX            6
 **********
 **********
 **   51 **FIX            7
 **********
 **********
 **   52 **FIX           10
 **********
 PARAMETER   10  IS CONSTANT.   IGNORED.
 **********
 **   53 **FIX           11
 **********
 PARAMETER   11  IS CONSTANT.   IGNORED.
 **********
 **   54 **FIX           12
 **********
 PARAMETER   12  IS CONSTANT.   IGNORED.
 **********
 **   55 **FIX           13
 **********
 PARAMETER   13  IS CONSTANT.   IGNORED.
 **********
 **   56 **FIX           14
 **********
 **********
 **   57 **FIX           15
 **********
 PARAMETER   15  IS CONSTANT.   IGNORED.
 **********
 **   58 **FIX           16
 **********
 PARAMETER   16  IS CONSTANT.   IGNORED.
 **********
 **   59 **MIGRAD
 **********
 START MIGRAD MINIMIZATION.  STRATEGY  1.  CONVERGENCE WHEN EDM .LT. 1.00e-04
 FCN=319.518 FROM MIGRAD    STATUS=INITIATE       12 CALLS         721 TOTAL
                     EDM= unknown      STRATEGY= 1      NO ERROR MATRIX       
  EXT PARAMETER               CURRENT GUESS       STEP         FIRST   
  NO.   NAME      VALUE            ERROR          SIZE      DERIVATIVE 
   1  N0           3.11209e+06     fixed    
   2  tau          6.44114e+01   constant   
   3  A0           3.64257e-01     fixed    
   4  phi          4.11715e+00     fixed    
   5  R           -6.00079e+01   constant   
   6  A_CBO        3.59022e-04     fixed    
   7  w_CBO        2.32652e+00     fixed    
   8  phi_CBO      2.58702e+00   4.80254e-01   4.80254e-01   1.09077e+00
   9  ANx2         3.40456e-04   constant   
  10  pNx2         3.19484e+00   constant   
  11  ANy1         0.00000e+00   constant   
  12  pNy1         0.00000e+00   constant   
  13  w_y          0.00000e+00   constant   
  14  ANy2         3.18453e-05     fixed    
  15  pNy2         5.11372e+00   constant   
  16  w_vw         1.43155e+01   constant   
  17  LM           3.07992e-04   constant   
  18  wCBO_expCoeff   2.00416e+02   3.61806e-01  -5.31819e-03   6.11441e-03
  19  wCBO_expOffset   2.00058e+02   3.77571e-02  -2.34689e-04   2.82955e-02
  20  wCBO_expT    2.99554e+01   1.32623e-02   5.86174e-04   1.78199e-01
  21  wCBO_linCoeff   0.00000e+00   constant   
  22  wCBO_const   3.78492e-03   1.94714e-03  -1.93964e-05   1.68653e+00
 MIGRAD MINIMIZATION HAS CONVERGED.
 FCN=319.009 FROM MIGRAD    STATUS=CONVERGED      99 CALLS         808 TOTAL
                     EDM=1.87856e-07    STRATEGY= 1  ERROR MATRIX UNCERTAINTY   2.5 per cent
  EXT PARAMETER                                   STEP         FIRST   
  NO.   NAME      VALUE            ERROR          SIZE      DERIVATIVE 
   1  N0           3.11209e+06     fixed    
   2  tau          6.44114e+01   constant   
   3  A0           3.64257e-01     fixed    
   4  phi          4.11715e+00     fixed    
   5  R           -6.00079e+01   constant   
   6  A_CBO        3.59022e-04     fixed    
   7  w_CBO        2.32652e+00     fixed    
   8  phi_CBO      1.69287e+00   1.25173e+00  -4.15123e-03   3.90150e-04
   9  ANx2         3.40456e-04   constant   
  10  pNx2         3.19484e+00   constant   
  11  ANy1         0.00000e+00   constant   
  12  pNy1         0.00000e+00   constant   
  13  w_y          0.00000e+00   constant   
  14  ANy2         3.18453e-05     fixed    
  15  pNy2         5.11372e+00   constant   
  16  w_vw         1.43155e+01   constant   
  17  LM           3.07992e-04   constant   
  18  wCBO_expCoeff   2.00436e+02   1.32753e-01  -3.14639e-04  -1.47777e-03
  19  wCBO_expOffset   2.00061e+02   1.98332e-02  -4.69668e-05  -1.67367e-02
  20  wCBO_expT    2.99535e+01   1.39772e-02   3.35774e-05  -1.74780e-03
  21  wCBO_linCoeff   0.00000e+00   constant   
  22  wCBO_const   3.63486e-03   1.46303e-03  -7.70395e-06  -7.39058e-02
 EXTERNAL ERROR MATRIX.    NDIM=  25    NPAR=  5    ERR DEF=1
  1.567e+00 -3.378e-02 -5.050e-03  3.523e-03  1.685e-04 
 -3.378e-02  1.762e-02  2.531e-03 -1.822e-03  1.331e-04 
 -5.050e-03  2.531e-03  3.934e-04 -2.723e-04  1.988e-05 
  3.523e-03 -1.822e-03 -2.723e-04  1.954e-04 -1.540e-05 
  1.685e-04  1.331e-04  1.988e-05 -1.540e-05  2.140e-06 
 PARAMETER  CORRELATION COEFFICIENTS  
       NO.  GLOBAL      8     18     19     20     22
        8  0.49859   1.000 -0.203 -0.203  0.201  0.092
       18  0.98837  -0.203  1.000  0.961 -0.982  0.685
       19  0.98838  -0.203  0.961  1.000 -0.982  0.685
       20  0.99664   0.201 -0.982 -0.982  1.000 -0.753
       22  0.89890   0.092  0.685  0.685 -0.753  1.000
MINUIT - FIT ONLY 1-y
 **********
 **   60 **RES 
 **********
                   PARAMETER   14  ANy2 RESTORED TO VARIABLE.
                   PARAMETER    7  w_CBO RESTORED TO VARIABLE.
                   PARAMETER    6  A_CBO RESTORED TO VARIABLE.
                   PARAMETER    4  phi RESTORED TO VARIABLE.
                   PARAMETER    3  A0 RESTORED TO VARIABLE.
                   PARAMETER    1  N0 RESTORED TO VARIABLE.
 **********
 **   61 **FIX            0
 **********
 PARAMETER    0  IS UNDEFINED. IGNORED.
 **********
 **   62 **FIX            1
 **********
 **********
 **   63 **FIX            2
 **********
 PARAMETER    2  IS CONSTANT.   IGNORED.
 **********
 **   64 **FIX            3
 **********
 **********
 **   65 **FIX            4
 **********
 **********
 **   66 **FIX            5
 **********
 PARAMETER    5  IS CONSTANT.   IGNORED.
 **********
 **   67 **FIX            6
 **********
 **********
 **   68 **FIX            7
 **********
 **********
 **   69 **FIX            8
 **********
 **********
 **   70 **FIX            9
 **********
 PARAMETER    9  IS CONSTANT.   IGNORED.
 **********
 **   71 **FIX           13
 **********
 PARAMETER   13  IS CONSTANT.   IGNORED.
 **********
 **   72 **FIX           14
 **********
 **********
 **   73 **FIX           15
 **********
 PARAMETER   15  IS CONSTANT.   IGNORED.
 **********
 **   74 **FIX           16
 **********
 PARAMETER   16  IS CONSTANT.   IGNORED.
 **********
 **   75 **MIGRAD
 **********
 START MIGRAD MINIMIZATION.  STRATEGY  1.  CONVERGENCE WHEN EDM .LT. 1.00e-04
 FCN=319.009 FROM MIGRAD    STATUS=INITIATE        8 CALLS         816 TOTAL
                     EDM= unknown      STRATEGY= 1      NO ERROR MATRIX       
  EXT PARAMETER               CURRENT GUESS       STEP         FIRST   
  NO.   NAME      VALUE            ERROR          SIZE      DERIVATIVE 
   1  N0           3.11209e+06     fixed    
   2  tau          6.44114e+01   constant   
   3  A0           3.64257e-01     fixed    
   4  phi          4.11715e+00     fixed    
   5  R           -6.00079e+01   constant   
   6  A_CBO        3.59022e-04     fixed    
   7  w_CBO        2.32652e+00     fixed    
   8  phi_CBO      1.69287e+00     fixed    
   9  ANx2         3.40456e-04   constant   
  10  pNx2         3.19484e+00   constant   
  11  ANy1         0.00000e+00   constant   
  12  pNy1         0.00000e+00   constant   
  13  w_y          0.00000e+00   constant   
  14  ANy2         3.18453e-05     fixed    
  15  pNy2         5.11372e+00   constant   
  16  w_vw         1.43155e+01   constant   
  17  LM           3.07992e-04   constant   
  18  wCBO_expCoeff   2.00436e+02   1.32753e-01  -3.14639e-04  -1.47769e-03
  19  wCBO_expOffset   2.00061e+02   1.98332e-02  -4.69668e-05  -1.67367e-02
  20  wCBO_expT    2.99535e+01   1.39772e-02   3.35774e-05  -1.74780e-03
  21  wCBO_linCoeff   0.00000e+00   constant   
  22  wCBO_const   3.63486e-03   1.46303e-03  -7.70395e-06  -7.38908e-02
 MIGRAD MINIMIZATION HAS CONVERGED.
 MIGRAD WILL VERIFY CONVERGENCE AND ERROR MATRIX.
 COVARIANCE MATRIX CALCULATED SUCCESSFULLY
 FCN=319.009 FROM MIGRAD    STATUS=CONVERGED      49 CALLS         857 TOTAL
                     EDM=9.29698e-08    STRATEGY= 1      ERROR MATRIX ACCURATE 
  EXT PARAMETER                                   STEP         FIRST   
  NO.   NAME      VALUE            ERROR          SIZE      DERIVATIVE 
   1  N0           3.11209e+06     fixed    
   2  tau          6.44114e+01   constant   
   3  A0           3.64257e-01     fixed    
   4  phi          4.11715e+00     fixed    
   5  R           -6.00079e+01   constant   
   6  A_CBO        3.59022e-04     fixed    
   7  w_CBO        2.32652e+00     fixed    
   8  phi_CBO      1.69287e+00     fixed    
   9  ANx2         3.40456e-04   constant   
  10  pNx2         3.19484e+00   constant   
  11  ANy1         0.00000e+00   constant   
  12  pNy1         0.00000e+00   constant   
  13  w_y          0.00000e+00   constant   
  14  ANy2         3.18453e-05     fixed    
  15  pNy2         5.11372e+00   constant   
  16  w_vw         1.43155e+01   constant   
  17  LM           3.07992e-04   constant   
  18  wCBO_expCoeff   2.00436e+02   3.81899e-01   2.08107e-04   4.58175e-04
  19  wCBO_expOffset   2.00061e+02   5.09644e-02   9.53966e-05   2.99119e-03
  20  wCBO_expT    2.99535e+01   1.15753e-02   1.42829e-05   4.39136e-02
  21  wCBO_linCoeff   0.00000e+00   constant   
  22  wCBO_const   3.63487e-03   1.30938e-03   5.56254e-06  -2.09199e-02
 EXTERNAL ERROR MATRIX.    NDIM=  25    NPAR=  4    ERR DEF=1
  1.458e-01 -1.602e-02 -2.035e-03  1.551e-04 
 -1.602e-02  2.597e-03 -6.949e-05  5.117e-06 
 -2.035e-03 -6.949e-05  1.340e-04 -1.122e-05 
  1.551e-04  5.117e-06 -1.122e-05  1.714e-06 
 PARAMETER  CORRELATION COEFFICIENTS  
       NO.  GLOBAL     18     19     20     22
       18  0.99805   1.000 -0.823 -0.460  0.310
       19  0.99756  -0.823  1.000 -0.118  0.077
       20  0.99520  -0.460 -0.118  1.000 -0.740
       22  0.87376   0.310  0.077 -0.740  1.000
MINUIT - FIT ONLY 2-y
 **********
 **   76 **RES 
 **********
                   PARAMETER   14  ANy2 RESTORED TO VARIABLE.
                   PARAMETER    8  phi_CBO RESTORED TO VARIABLE.
                   PARAMETER    7  w_CBO RESTORED TO VARIABLE.
                   PARAMETER    6  A_CBO RESTORED TO VARIABLE.
                   PARAMETER    4  phi RESTORED TO VARIABLE.
                   PARAMETER    3  A0 RESTORED TO VARIABLE.
                   PARAMETER    1  N0 RESTORED TO VARIABLE.
 **********
 **   77 **FIX            0
 **********
 PARAMETER    0  IS UNDEFINED. IGNORED.
 **********
 **   78 **FIX            1
 **********
 **********
 **   79 **FIX            2
 **********
 PARAMETER    2  IS CONSTANT.   IGNORED.
 **********
 **   80 **FIX            3
 **********
 **********
 **   81 **FIX            4
 **********
 **********
 **   82 **FIX            5
 **********
 PARAMETER    5  IS CONSTANT.   IGNORED.
 **********
 **   83 **FIX            6
 **********
 **********
 **   84 **FIX            7
 **********
 **********
 **   85 **FIX            8
 **********
 **********
 **   86 **FIX            9
 **********
 PARAMETER    9  IS CONSTANT.   IGNORED.
 **********
 **   87 **FIX           10
 **********
 PARAMETER   10  IS CONSTANT.   IGNORED.
 **********
 **   88 **FIX           11
 **********
 PARAMETER   11  IS CONSTANT.   IGNORED.
 **********
 **   89 **FIX           12
 **********
 PARAMETER   12  IS CONSTANT.   IGNORED.
 **********
 **   90 **FIX           16
 **********
 PARAMETER   16  IS CONSTANT.   IGNORED.
 **********
 **   91 **MIGRAD
 **********
 START MIGRAD MINIMIZATION.  STRATEGY  1.  CONVERGENCE WHEN EDM .LT. 1.00e-04
 FCN=319.009 FROM MIGRAD    STATUS=INITIATE       10 CALLS         867 TOTAL
                     EDM= unknown      STRATEGY= 1      NO ERROR MATRIX       
  EXT PARAMETER               CURRENT GUESS       STEP         FIRST   
  NO.   NAME      VALUE            ERROR          SIZE      DERIVATIVE 
   1  N0           3.11209e+06     fixed    
   2  tau          6.44114e+01   constant   
   3  A0           3.64257e-01     fixed    
   4  phi          4.11715e+00     fixed    
   5  R           -6.00079e+01   constant   
   6  A_CBO        3.59022e-04     fixed    
   7  w_CBO        2.32652e+00     fixed    
   8  phi_CBO      1.69287e+00     fixed    
   9  ANx2         3.40456e-04   constant   
  10  pNx2         3.19484e+00   constant   
  11  ANy1         0.00000e+00   constant   
  12  pNy1         0.00000e+00   constant   
  13  w_y          0.00000e+00   constant   
  14  ANy2         3.18453e-05   4.34364e-04   4.34364e-04   1.13407e+02
  15  pNy2         5.11372e+00   constant   
  16  w_vw         1.43155e+01   constant   
  17  LM           3.07992e-04   constant   
  18  wCBO_expCoeff   2.00436e+02   3.81899e-01   2.08107e-04   4.32692e-04
  19  wCBO_expOffset   2.00061e+02   5.09644e-02   9.53966e-05  -4.60177e-03
  20  wCBO_expT    2.99535e+01   1.15753e-02   1.42829e-05   3.71443e-02
  21  wCBO_linCoeff   0.00000e+00   constant   
  22  wCBO_const   3.63487e-03   1.30938e-03   5.56254e-06  -1.98251e-02
 MIGRAD MINIMIZATION HAS CONVERGED.
 MIGRAD WILL VERIFY CONVERGENCE AND ERROR MATRIX.
 COVARIANCE MATRIX CALCULATED SUCCESSFULLY
 FCN=319.008 FROM MIGRAD    STATUS=CONVERGED      70 CALLS         927 TOTAL
                     EDM=3.00427e-07    STRATEGY= 1      ERROR MATRIX ACCURATE 
  EXT PARAMETER                                   STEP         FIRST   
  NO.   NAME      VALUE            ERROR          SIZE      DERIVATIVE 
   1  N0           3.11209e+06     fixed    
   2  tau          6.44114e+01   constant   
   3  A0           3.64257e-01     fixed    
   4  phi          4.11715e+00     fixed    
   5  R           -6.00079e+01   constant   
   6  A_CBO        3.59022e-04     fixed    
   7  w_CBO        2.32652e+00     fixed    
   8  phi_CBO      1.69287e+00     fixed    
   9  ANx2         3.40456e-04   constant   
  10  pNx2         3.19484e+00   constant   
  11  ANy1         0.00000e+00   constant   
  12  pNy1         0.00000e+00   constant   
  13  w_y          0.00000e+00   constant   
  14  ANy2         2.13709e-05   4.29818e-04   3.74181e-06   6.97523e-03
  15  pNy2         5.11372e+00   constant   
  16  w_vw         1.43155e+01   constant   
  17  LM           3.07992e-04   constant   
  18  wCBO_expCoeff   2.00436e+02   3.83205e-01   2.08106e-04   1.33523e-03
  19  wCBO_expOffset   2.00061e+02   5.11610e-02   9.53966e-05   8.86009e-03
  20  wCBO_expT    2.99535e+01   1.15806e-02   1.42829e-05   6.71692e-02
  21  wCBO_linCoeff   0.00000e+00   constant   
  22  wCBO_const   3.63460e-03   1.30997e-03   5.56279e-06  -2.50416e-01
 EXTERNAL ERROR MATRIX.    NDIM=  25    NPAR=  5    ERR DEF=1
  1.847e-07 -3.150e-07  3.447e-08  4.340e-08  3.421e-10 
 -3.150e-07  1.468e-01 -1.616e-02 -2.039e-03  1.554e-04 
  3.447e-08 -1.616e-02  2.617e-03 -6.925e-05  5.102e-06 
  4.340e-08 -2.039e-03 -6.925e-05  1.341e-04 -1.123e-05 
  3.421e-10  1.554e-04  5.102e-06 -1.123e-05  1.716e-06 
