 + ++++++++++++++++++++++++++++++++++++++++++++++++++++++++++++++++++++ +
 +                                                                      +
 +           You have chose to blind your fitting according to          +
 +                omega_ref * (1 + (R +/- deltaR) *10^{-6})             +
 +                                                                      +
 + ++++++++++++++++++++++++++++++++++++++++++++++++++++++++++++++++++++ +
In main()...
reading format from /gm2data/zkhechad/run45/envelope/formats/formatB_sBin_constraintOn.txt
pBinTau 	= 0  
pBinPhi 	= 0  
constraintau 	= 1 
includeMopTerm 	= 0    
constrainMop    = 0   
Parameters after format file: pBinTau 0 pBinPhi 0 constraintau 1 includeMopTerm 0 constrainMop 0 c_e_scale 0.000000 
reading cbo reference file (full fit) from /gm2data/zkhechad/cboTemplates/Run4CBOTemplates/fullFits/run4/sBin_constraintOn_cE0.0_seed0_run4_calo18.root
A_CBO 0.008791 w_CBO 2.327338 phi_CBO 0.630678 N0 3499835.498759 R -60.917989 tau 64.411905 
Reading cboRef file /gm2data/zkhechad/cboTemplates/Run4CBOTemplates//cboIsolate/run4_calo18.root
deltaT 164.120000
windowBins = 1100
fitting sliding window 1420 from bin 1623 at 242.151600 to bin 2723 at 406.271600 (1100 bins)

Reading data from /gm2data/cornell/histograms/aMethod/histogram_a_run4.root
fitting cbo isolate
 **********
 **    1 **SET PRINTOUT            1
 **********
 **********
 **    2 **SET NOWARNINGS 
 **********
 PARAMETER DEFINITIONS:
    NO.   NAME         VALUE      STEP SIZE      LIMITS
     1 A_CBO        8.79094e-03  1.00000e-05     no limits
     2 w_CBO        2.32734e+00  1.00000e-02    2.00000e+00  3.00000e+00
     3 phi_CBO      6.30678e-01  1.00000e-02    0.00000e+00  6.28319e+00
 **********
 **    3 **MIGRAD
 **********
 FIRST CALL TO USER FUNCTION AT NEW START POINT, WITH IFLAG=4.
 START MIGRAD MINIMIZATION.  STRATEGY  1.  CONVERGENCE WHEN EDM .LT. 1.00e-04
 FCN=0.0420257 FROM MIGRAD    STATUS=INITIATE       12 CALLS          13 TOTAL
                     EDM= unknown      STRATEGY= 1      NO ERROR MATRIX       
  EXT PARAMETER               CURRENT GUESS       STEP         FIRST   
  NO.   NAME      VALUE            ERROR          SIZE      DERIVATIVE 
   1  A_CBO        8.79094e-03   1.00000e-05   1.00000e-05   6.14929e+00
   2  w_CBO        2.32734e+00   1.00000e-02   2.13132e-02   6.18886e-01
   3  phi_CBO      6.30678e-01   1.00000e-02   5.29649e-03  -7.32435e-03
 MIGRAD MINIMIZATION HAS CONVERGED.
 MIGRAD WILL VERIFY CONVERGENCE AND ERROR MATRIX.
 COVARIANCE MATRIX CALCULATED SUCCESSFULLY
 FCN=0.0247234 FROM MIGRAD    STATUS=CONVERGED      47 CALLS          48 TOTAL
                     EDM=3.00916e-05    STRATEGY= 1      ERROR MATRIX ACCURATE 
  EXT PARAMETER                                   STEP         FIRST   
  NO.   NAME      VALUE            ERROR          SIZE      DERIVATIVE 
   1  A_CBO        3.15284e-03   4.28212e-02   2.10743e-05  -7.58844e-02
   2  w_CBO        2.32711e+00   2.63598e-01   4.36854e-05  -2.82666e-03
   3  phi_CBO      6.94743e-01   3.46436e+00   3.07449e-03   1.84653e-04
 EXTERNAL ERROR MATRIX.    NDIM=  25    NPAR=  3    ERR DEF=1
  1.834e-03 -1.056e-03 -3.432e-01 
 -1.056e-03  7.835e-02  2.488e+01 
 -3.432e-01  2.488e+01  8.080e+03 
 PARAMETER  CORRELATION COEFFICIENTS  
       NO.  GLOBAL      1      2      3
        1  0.08917   1.000 -0.088 -0.089
        2  0.98894  -0.088  1.000  0.989
        3  0.98894  -0.089  0.989  1.000
setting A_CBO=0.003153 w_CBO=2.327111, phi_CBO=0.694743
done fitting cbo isolate
 **********
 **    1 **SET PRINTOUT            1
 **********
 **********
 **    2 **SET NOWARNINGS 
 **********
 PARAMETER DEFINITIONS:
    NO.   NAME         VALUE      STEP SIZE      LIMITS
     1 N0           3.49984e+06  1.00000e+02     no limits
     2 tau          6.44119e+01  constant
     3 A0           3.53539e-01  1.00000e-04     no limits
     4 phi          4.12187e+00  1.00000e-02     no limits
     5 R           -6.09180e+01  constant
     6 A_CBO        3.15284e-03  1.00000e-05     no limits
     7 w_CBO        2.32711e+00  1.00000e-03     no limits
     8 phi_CBO      6.94743e-01  1.00000e-04     no limits
     9 ANx2         2.22853e-04  constant
    10 pNx2         5.08518e+00  constant
    11 ANy1         0.00000e+00  constant
    12 pNy1         0.00000e+00  constant
    13 w_y          0.00000e+00  constant
    14 ANy2         9.04789e-03  1.00000e-04     no limits
    15 pNy2         3.29982e+00  constant
    16 w_vw         1.43191e+01  constant
    17 LM           2.21951e-04  constant
    18 wCBO_expCoeff   2.00000e+02  1.00000e+00     no limits
    19 wCBO_expOffset   2.00000e+02  1.00000e+00     no limits
    20 wCBO_expT    3.00000e+01  1.00000e+00     no limits
    21 wCBO_linCoeff   0.00000e+00  constant
    22 wCBO_const   0.00000e+00  1.00000e-02     no limits
MINUIT - FIT ONLY WIGGLE
 **********
 **    3 **FIX            5
 **********
 PARAMETER    5  IS CONSTANT.   IGNORED.
 **********
 **    4 **FIX            6
 **********
 **********
 **    5 **FIX            7
 **********
 **********
 **    6 **FIX            8
 **********
 **********
 **    7 **FIX            9
 **********
 PARAMETER    9  IS CONSTANT.   IGNORED.
 **********
 **    8 **FIX           10
 **********
 PARAMETER   10  IS CONSTANT.   IGNORED.
 **********
 **    9 **FIX           11
 **********
 PARAMETER   11  IS CONSTANT.   IGNORED.
 **********
 **   10 **FIX           12
 **********
 PARAMETER   12  IS CONSTANT.   IGNORED.
 **********
 **   11 **FIX           13
 **********
 PARAMETER   13  IS CONSTANT.   IGNORED.
 **********
 **   12 **FIX           14
 **********
 **********
 **   13 **FIX           15
 **********
 PARAMETER   15  IS CONSTANT.   IGNORED.
 **********
 **   14 **FIX           16
 **********
 PARAMETER   16  IS CONSTANT.   IGNORED.
 **********
 **   15 **MIGRAD
 **********
 FIRST CALL TO USER FUNCTION AT NEW START POINT, WITH IFLAG=4.
 START MIGRAD MINIMIZATION.  STRATEGY  1.  CONVERGENCE WHEN EDM .LT. 1.00e-04
 FCN=1490.71 FROM MIGRAD    STATUS=INITIATE       59 CALLS          60 TOTAL
                     EDM= unknown      STRATEGY= 1      NO ERROR MATRIX       
  EXT PARAMETER               CURRENT GUESS       STEP         FIRST   
  NO.   NAME      VALUE            ERROR          SIZE      DERIVATIVE 
   1  N0           3.49984e+06   1.00000e+02   0.00000e+00   2.80991e-03
   2  tau          6.44119e+01   constant   
   3  A0           3.53539e-01   1.00000e-04   0.00000e+00  -2.02482e+03
   4  phi          4.12187e+00   1.00000e-02   0.00000e+00   9.48191e+02
   5  R           -6.09180e+01   constant   
   6  A_CBO        3.15284e-03     fixed    
   7  w_CBO        2.32711e+00     fixed    
   8  phi_CBO      6.94743e-01     fixed    
   9  ANx2         2.22853e-04   constant   
  10  pNx2         5.08518e+00   constant   
  11  ANy1         0.00000e+00   constant   
  12  pNy1         0.00000e+00   constant   
  13  w_y          0.00000e+00   constant   
  14  ANy2         9.04789e-03     fixed    
  15  pNy2         3.29982e+00   constant   
  16  w_vw         1.43191e+01   constant   
  17  LM           2.21951e-04   constant   
  18  wCBO_expCoeff   2.00011e+02   1.00000e+00   1.13804e-02  -3.88403e+02
  19  wCBO_expOffset   2.00000e+02   1.00000e+00   0.00000e+00  -2.56318e+03
  20  wCBO_expT    3.00000e+01   1.00000e+00   0.00000e+00   9.10954e+03
  21  wCBO_linCoeff   0.00000e+00   constant   
  22  wCBO_const   0.00000e+00   1.00000e-02   0.00000e+00   1.93124e+04
 MIGRAD MINIMIZATION HAS CONVERGED.
 FCN=1435.85 FROM MIGRAD    STATUS=CONVERGED     196 CALLS         197 TOTAL
                     EDM=3.42215e-06    STRATEGY= 1  ERROR MATRIX UNCERTAINTY   0.9 per cent
  EXT PARAMETER                                   STEP         FIRST   
  NO.   NAME      VALUE            ERROR          SIZE      DERIVATIVE 
   1  N0           3.49955e+06   7.27353e+02  -6.64405e-01  -3.08164e-07
   2  tau          6.44119e+01   constant   
   3  A0           3.53639e-01   2.77853e-04   5.21464e-06   7.15918e+00
   4  phi          4.12133e+00   8.16250e-04  -9.63470e-07  -1.74597e+00
   5  R           -6.09180e+01   constant   
   6  A_CBO        3.15284e-03     fixed    
   7  w_CBO        2.32711e+00     fixed    
   8  phi_CBO      6.94743e-01     fixed    
   9  ANx2         2.22853e-04   constant   
  10  pNx2         5.08518e+00   constant   
  11  ANy1         0.00000e+00   constant   
  12  pNy1         0.00000e+00   constant   
  13  w_y          0.00000e+00   constant   
  14  ANy2         9.04789e-03     fixed    
  15  pNy2         3.29982e+00   constant   
  16  w_vw         1.43191e+01   constant   
  17  LM           2.21951e-04   constant   
  18  wCBO_expCoeff   2.00025e+02   5.93072e-03  -3.77214e-05  -8.11656e-01
  19  wCBO_expOffset   2.00002e+02   8.80532e-04  -5.46680e-06  -6.95510e+00
  20  wCBO_expT    2.99987e+01   1.32432e-03   1.77235e-05  -9.08382e+00
  21  wCBO_linCoeff   0.00000e+00   constant   
  22  wCBO_const  -2.52883e-03   6.64244e-04  -1.69019e-05  -6.42169e+00
 EXTERNAL ERROR MATRIX.    NDIM=  25    NPAR=  7    ERR DEF=1
  5.290e+05  7.957e-04 -4.671e-03  3.014e-01  4.470e-02 -5.798e-02  7.720e-03 
  7.957e-04  7.720e-08  1.576e-09  9.685e-09  1.832e-09  2.251e-09 -7.975e-10 
 -4.671e-03  1.576e-09  6.663e-07 -2.049e-07 -3.047e-08  4.914e-08 -1.464e-08 
  3.014e-01  9.685e-09 -2.049e-07  3.517e-05  4.467e-06 -7.325e-06  2.818e-06 
  4.470e-02  1.832e-09 -3.047e-08  4.467e-06  7.753e-07 -1.085e-06  4.165e-07 
 -5.798e-02  2.251e-09  4.914e-08 -7.325e-06 -1.085e-06  1.754e-06 -7.576e-07 
  7.720e-03 -7.975e-10 -1.464e-08  2.818e-06  4.165e-07 -7.576e-07  4.412e-07 
 PARAMETER  CORRELATION COEFFICIENTS  
       NO.  GLOBAL      1      3      4     18     19     20     22
        1  0.09328   1.000  0.004 -0.008  0.070  0.070 -0.060  0.016
        3  0.07510   0.004  1.000  0.007  0.006  0.007  0.006 -0.004
        4  0.05720  -0.008  0.007  1.000 -0.042 -0.042  0.045 -0.027
       18  0.95832   0.070  0.006 -0.042  1.000  0.855 -0.933  0.715
       19  0.95737   0.070  0.007 -0.042  0.855  1.000 -0.931  0.712
       20  0.99105  -0.060  0.006  0.045 -0.933 -0.931  1.000 -0.861
       22  0.93527   0.016 -0.004 -0.027  0.715  0.712 -0.861  1.000
MINUIT - FIT ONLY 1-CBO + other amplitudes 
 **********
 **   16 **RES 
 **********
                   PARAMETER   14  ANy2 RESTORED TO VARIABLE.
                   PARAMETER    8  phi_CBO RESTORED TO VARIABLE.
                   PARAMETER    7  w_CBO RESTORED TO VARIABLE.
                   PARAMETER    6  A_CBO RESTORED TO VARIABLE.
 **********
 **   17 **FIX            0
 **********
 PARAMETER    0  IS UNDEFINED. IGNORED.
 **********
 **   18 **FIX            1
 **********
 **********
 **   19 **FIX            2
 **********
 PARAMETER    2  IS CONSTANT.   IGNORED.
 **********
 **   20 **FIX            3
 **********
 **********
 **   21 **FIX            4
 **********
 **********
 **   22 **FIX            9
 **********
 PARAMETER    9  IS CONSTANT.   IGNORED.
 **********
 **   23 **FIX           11
 **********
 PARAMETER   11  IS CONSTANT.   IGNORED.
 **********
 **   24 **FIX           12
 **********
 PARAMETER   12  IS CONSTANT.   IGNORED.
 **********
 **   25 **FIX           14
 **********
 **********
 **   26 **FIX           15
 **********
 PARAMETER   15  IS CONSTANT.   IGNORED.
 **********
 **   27 **FIX           16
 **********
 PARAMETER   16  IS CONSTANT.   IGNORED.
 **********
 **   28 **MIGRAD
 **********
 START MIGRAD MINIMIZATION.  STRATEGY  1.  CONVERGENCE WHEN EDM .LT. 1.00e-04
 FCN=1435.85 FROM MIGRAD    STATUS=INITIATE       22 CALLS         219 TOTAL
                     EDM= unknown      STRATEGY= 1      NO ERROR MATRIX       
  EXT PARAMETER               CURRENT GUESS       STEP         FIRST   
  NO.   NAME      VALUE            ERROR          SIZE      DERIVATIVE 
   1  N0           3.49955e+06     fixed    
   2  tau          6.44119e+01   constant   
   3  A0           3.53639e-01     fixed    
   4  phi          4.12133e+00     fixed    
   5  R           -6.09180e+01   constant   
   6  A_CBO        3.15284e-03   1.00000e-05   1.00000e-05   5.22196e+04
   7  w_CBO        2.32711e+00   1.00000e-03   1.00000e-03  -7.24939e+01
   8  phi_CBO      6.94743e-01   1.00000e-04   1.00000e-04  -3.59567e+00
   9  ANx2         2.22853e-04   constant   
  10  pNx2         5.08518e+00   constant   
  11  ANy1         0.00000e+00   constant   
  12  pNy1         0.00000e+00   constant   
  13  w_y          0.00000e+00   constant   
  14  ANy2         9.04789e-03     fixed    
  15  pNy2         3.29982e+00   constant   
  16  w_vw         1.43191e+01   constant   
  17  LM           2.21951e-04   constant   
  18  wCBO_expCoeff   2.00025e+02   5.93072e-03  -3.77214e-05  -8.11656e-01
  19  wCBO_expOffset   2.00002e+02   8.80532e-04  -5.46680e-06  -6.95510e+00
  20  wCBO_expT    2.99987e+01   1.32432e-03   1.77235e-05  -9.08382e+00
  21  wCBO_linCoeff   0.00000e+00   constant   
  22  wCBO_const  -2.52883e-03   6.64244e-04  -1.69019e-05  -6.42169e+00
 MIGRAD MINIMIZATION HAS CONVERGED.
 FCN=1377.76 FROM MIGRAD    STATUS=CONVERGED     174 CALLS         371 TOTAL
                     EDM=3.35412e-07    STRATEGY= 1  ERROR MATRIX UNCERTAINTY   4.0 per cent
  EXT PARAMETER                                   STEP         FIRST   
  NO.   NAME      VALUE            ERROR          SIZE      DERIVATIVE 
   1  N0           3.49955e+06     fixed    
   2  tau          6.44119e+01   constant   
   3  A0           3.53639e-01     fixed    
   4  phi          4.12133e+00     fixed    
   5  R           -6.09180e+01   constant   
   6  A_CBO        9.48624e-04   2.87181e-04   2.89684e-07  -1.51299e+00
   7  w_CBO        2.32709e+00   7.71536e-05   1.73592e-07  -1.34225e+01
   8  phi_CBO      1.03760e+00   5.31656e-01   2.74544e-03  -5.62387e-05
   9  ANx2         2.22853e-04   constant   
  10  pNx2         5.08518e+00   constant   
  11  ANy1         0.00000e+00   constant   
  12  pNy1         0.00000e+00   constant   
  13  w_y          0.00000e+00   constant   
  14  ANy2         9.04789e-03     fixed    
  15  pNy2         3.29982e+00   constant   
  16  w_vw         1.43191e+01   constant   
  17  LM           2.21951e-04   constant   
  18  wCBO_expCoeff   2.00024e+02   6.65094e-03   1.34688e-05  -1.49630e-01
  19  wCBO_expOffset   2.00002e+02   8.74097e-04   1.68563e-06  -2.82521e+00
  20  wCBO_expT    2.99993e+01   2.22749e-03  -5.35645e-06  -2.41767e+00
  21  wCBO_linCoeff   0.00000e+00   constant   
  22  wCBO_const  -2.33624e-03   1.51678e-03   6.34963e-06  -1.23503e+00
 EXTERNAL ERROR MATRIX.    NDIM=  25    NPAR=  7    ERR DEF=1
  8.247e-08  1.181e-09  2.404e-06  9.850e-08  1.296e-08 -3.862e-08  2.494e-08 
  1.181e-09  5.953e-09  4.391e-06  4.639e-07  5.977e-08 -1.623e-07  8.008e-08 
  2.404e-06  4.391e-06  2.827e-01  2.434e-04  2.552e-05 -1.712e-04  4.189e-04 
  9.850e-08  4.639e-07  2.434e-04  4.424e-05  5.160e-06 -1.380e-05  6.472e-06 
  1.296e-08  5.977e-08  2.552e-05  5.160e-06  7.640e-07 -1.768e-06  7.995e-07 
 -3.862e-08 -1.623e-07 -1.712e-04 -1.380e-05 -1.768e-06  4.962e-06 -2.740e-06 
  2.494e-08  8.008e-08  4.189e-04  6.472e-06  7.995e-07 -2.740e-06  2.301e-06 
 PARAMETER  CORRELATION COEFFICIENTS  
       NO.  GLOBAL      6      7      8     18     19     20     22
        6  0.06264   1.000  0.053  0.016  0.052  0.052 -0.060  0.057
        7  0.96154   0.053  1.000  0.107  0.904  0.886 -0.945  0.684
        8  0.80888   0.016  0.107  1.000  0.069  0.055 -0.145  0.519
       18  0.95865   0.052  0.904  0.069  1.000  0.888 -0.932  0.642
       19  0.94562   0.052  0.886  0.055  0.888  1.000 -0.908  0.603
       20  0.99395  -0.060 -0.945 -0.145 -0.932 -0.908  1.000 -0.811
       22  0.96919   0.057  0.684  0.519  0.642  0.603 -0.811  1.000
MINUIT - FIT ONLY 1-CBO
 **********
 **   29 **RES 
 **********
                   PARAMETER   14  ANy2 RESTORED TO VARIABLE.
                   PARAMETER    4  phi RESTORED TO VARIABLE.
                   PARAMETER    3  A0 RESTORED TO VARIABLE.
                   PARAMETER    1  N0 RESTORED TO VARIABLE.
 **********
 **   30 **FIX            0
 **********
 PARAMETER    0  IS UNDEFINED. IGNORED.
 **********
 **   31 **FIX            1
 **********
 **********
 **   32 **FIX            2
 **********
 PARAMETER    2  IS CONSTANT.   IGNORED.
 **********
 **   33 **FIX            3
 **********
 **********
 **   34 **FIX            4
 **********
 **********
 **   35 **FIX            8
 **********
 **********
 **   36 **FIX            9
 **********
 PARAMETER    9  IS CONSTANT.   IGNORED.
 **********
 **   37 **FIX           11
 **********
 PARAMETER   11  IS CONSTANT.   IGNORED.
 **********
 **   38 **FIX           12
 **********
 PARAMETER   12  IS CONSTANT.   IGNORED.
 **********
 **   39 **FIX           13
 **********
 PARAMETER   13  IS CONSTANT.   IGNORED.
 **********
 **   40 **FIX           15
 **********
 PARAMETER   15  IS CONSTANT.   IGNORED.
 **********
 **   41 **FIX           16
 **********
 PARAMETER   16  IS CONSTANT.   IGNORED.
 **********
 **   42 **MIGRAD
 **********
 START MIGRAD MINIMIZATION.  STRATEGY  1.  CONVERGENCE WHEN EDM .LT. 1.00e-04
 FCN=1377.76 FROM MIGRAD    STATUS=INITIATE       16 CALLS         387 TOTAL
                     EDM= unknown      STRATEGY= 1      NO ERROR MATRIX       
  EXT PARAMETER               CURRENT GUESS       STEP         FIRST   
  NO.   NAME      VALUE            ERROR          SIZE      DERIVATIVE 
   1  N0           3.49955e+06     fixed    
   2  tau          6.44119e+01   constant   
   3  A0           3.53639e-01     fixed    
   4  phi          4.12133e+00     fixed    
   5  R           -6.09180e+01   constant   
   6  A_CBO        9.48624e-04   2.87181e-04   2.89684e-07  -1.51299e+00
   7  w_CBO        2.32709e+00   7.71536e-05   1.73592e-07  -1.34225e+01
   8  phi_CBO      1.03760e+00     fixed    
   9  ANx2         2.22853e-04   constant   
  10  pNx2         5.08518e+00   constant   
  11  ANy1         0.00000e+00   constant   
  12  pNy1         0.00000e+00   constant   
  13  w_y          0.00000e+00   constant   
  14  ANy2         9.04789e-03   1.00000e-04   1.00000e-04   2.08888e+05
  15  pNy2         3.29982e+00   constant   
  16  w_vw         1.43191e+01   constant   
  17  LM           2.21951e-04   constant   
  18  wCBO_expCoeff   2.00024e+02   6.65094e-03   1.34688e-05  -1.49630e-01
  19  wCBO_expOffset   2.00002e+02   8.74097e-04   1.68563e-06  -2.82521e+00
  20  wCBO_expT    2.99993e+01   2.22749e-03  -5.35645e-06  -2.41767e+00
  21  wCBO_linCoeff   0.00000e+00   constant   
  22  wCBO_const  -2.33624e-03   1.51678e-03   6.34963e-06  -1.23503e+00
 MIGRAD MINIMIZATION HAS CONVERGED.
 MIGRAD WILL VERIFY CONVERGENCE AND ERROR MATRIX.
 COVARIANCE MATRIX CALCULATED SUCCESSFULLY
 FCN=440.486 FROM MIGRAD    STATUS=CONVERGED     234 CALLS         605 TOTAL
                     EDM=1.65559e-05    STRATEGY= 1      ERROR MATRIX ACCURATE 
  EXT PARAMETER                                   STEP         FIRST   
  NO.   NAME      VALUE            ERROR          SIZE      DERIVATIVE 
   1  N0           3.49955e+06     fixed    
   2  tau          6.44119e+01   constant   
   3  A0           3.53639e-01     fixed    
   4  phi          4.12133e+00     fixed    
   5  R           -6.09180e+01   constant   
   6  A_CBO        5.72508e-04   3.01851e-04   2.97640e-06   4.86608e+00
   7  w_CBO        2.32706e+00   4.09967e-04   1.10963e-06   2.78658e+01
   8  phi_CBO      1.03760e+00     fixed    
   9  ANx2         2.22853e-04   constant   
  10  pNx2         5.08518e+00   constant   
  11  ANy1         0.00000e+00   constant   
  12  pNy1         0.00000e+00   constant   
  13  w_y          0.00000e+00   constant   
  14  ANy2         6.90863e-05   2.94196e-04   3.00174e-06   9.32861e+00
  15  pNy2         3.29982e+00   constant   
  16  w_vw         1.43191e+01   constant   
  17  LM           2.21951e-04   constant   
  18  wCBO_expCoeff   2.00022e+02   3.54917e-02   9.53777e-05   3.12892e-01
  19  wCBO_expOffset   2.00002e+02   2.70128e-03   9.53682e-05   2.06782e+00
  20  wCBO_expT    3.00009e+01   2.59968e-03   1.43056e-05   2.12202e+00
  21  wCBO_linCoeff   0.00000e+00   constant   
  22  wCBO_const  -3.71970e-03   2.02897e-03   6.71590e-06   2.31126e+00
 EXTERNAL ERROR MATRIX.    NDIM=  25    NPAR=  7    ERR DEF=1
  9.111e-08  6.979e-09  9.291e-10  6.466e-07 -1.086e-08 -5.399e-08 -2.795e-08 
  6.979e-09  1.681e-07  4.091e-10 -1.080e-05 -2.224e-07 -2.466e-07  5.067e-08 
  9.291e-10  4.091e-10  8.655e-08  4.179e-08 -1.465e-08 -3.319e-08  3.749e-08 
  6.466e-07 -1.080e-05  4.179e-08  1.260e-03 -2.034e-05 -2.241e-05  1.582e-05 
 -1.086e-08 -2.224e-07 -1.465e-08 -2.034e-05  7.297e-06 -6.146e-07  1.780e-07 
 -5.399e-08 -2.466e-07 -3.319e-08 -2.241e-05 -6.146e-07  6.758e-06 -4.364e-06 
 -2.795e-08  5.067e-08  3.749e-08  1.582e-05  1.780e-07 -4.364e-06  4.117e-06 
 PARAMETER  CORRELATION COEFFICIENTS  
       NO.  GLOBAL      6      7     14     18     19     20     22
        6  0.27585   1.000  0.056  0.010  0.060 -0.013 -0.069 -0.046
        7  0.98682   0.056  1.000  0.003 -0.742 -0.201 -0.231  0.061
       14  0.10466   0.010  0.003  1.000  0.004 -0.018 -0.043  0.063
       18  0.98604   0.060 -0.742  0.004  1.000 -0.212 -0.243  0.220
       19  0.94461  -0.013 -0.201 -0.018 -0.212  1.000 -0.088  0.032
       20  0.98328  -0.069 -0.231 -0.043 -0.243 -0.088  1.000 -0.827
       22  0.94622  -0.046  0.061  0.063  0.220  0.032 -0.827  1.000
MINUIT - FIT ONLY 2-CBO
 **********
 **   43 **RES 
 **********
                   PARAMETER    8  phi_CBO RESTORED TO VARIABLE.
                   PARAMETER    4  phi RESTORED TO VARIABLE.
                   PARAMETER    3  A0 RESTORED TO VARIABLE.
                   PARAMETER    1  N0 RESTORED TO VARIABLE.
 **********
 **   44 **FIX            0
 **********
 PARAMETER    0  IS UNDEFINED. IGNORED.
 **********
 **   45 **FIX            1
 **********
 **********
 **   46 **FIX            2
 **********
 PARAMETER    2  IS CONSTANT.   IGNORED.
 **********
 **   47 **FIX            3
 **********
 **********
 **   48 **FIX            4
 **********
 **********
 **   49 **FIX            5
 **********
 PARAMETER    5  IS CONSTANT.   IGNORED.
 **********
 **   50 **FIX            6
 **********
 **********
 **   51 **FIX            7
 **********
 **********
 **   52 **FIX           10
 **********
 PARAMETER   10  IS CONSTANT.   IGNORED.
 **********
 **   53 **FIX           11
 **********
 PARAMETER   11  IS CONSTANT.   IGNORED.
 **********
 **   54 **FIX           12
 **********
 PARAMETER   12  IS CONSTANT.   IGNORED.
 **********
 **   55 **FIX           13
 **********
 PARAMETER   13  IS CONSTANT.   IGNORED.
 **********
 **   56 **FIX           14
 **********
 **********
 **   57 **FIX           15
 **********
 PARAMETER   15  IS CONSTANT.   IGNORED.
 **********
 **   58 **FIX           16
 **********
 PARAMETER   16  IS CONSTANT.   IGNORED.
 **********
 **   59 **MIGRAD
 **********
 START MIGRAD MINIMIZATION.  STRATEGY  1.  CONVERGENCE WHEN EDM .LT. 1.00e-04
 FCN=440.486 FROM MIGRAD    STATUS=INITIATE       12 CALLS         617 TOTAL
                     EDM= unknown      STRATEGY= 1      NO ERROR MATRIX       
  EXT PARAMETER               CURRENT GUESS       STEP         FIRST   
  NO.   NAME      VALUE            ERROR          SIZE      DERIVATIVE 
   1  N0           3.49955e+06     fixed    
   2  tau          6.44119e+01   constant   
   3  A0           3.53639e-01     fixed    
   4  phi          4.12133e+00     fixed    
   5  R           -6.09180e+01   constant   
   6  A_CBO        5.72508e-04     fixed    
   7  w_CBO        2.32706e+00     fixed    
   8  phi_CBO      1.03760e+00   5.31656e-01   5.31656e-01   3.51919e-01
   9  ANx2         2.22853e-04   constant   
  10  pNx2         5.08518e+00   constant   
  11  ANy1         0.00000e+00   constant   
  12  pNy1         0.00000e+00   constant   
  13  w_y          0.00000e+00   constant   
  14  ANy2         6.90863e-05     fixed    
  15  pNy2         3.29982e+00   constant   
  16  w_vw         1.43191e+01   constant   
  17  LM           2.21951e-04   constant   
  18  wCBO_expCoeff   2.00022e+02   3.54917e-02   9.53777e-05   3.02308e-01
  19  wCBO_expOffset   2.00002e+02   2.70128e-03   9.53682e-05  -2.06401e+00
  20  wCBO_expT    3.00009e+01   2.59968e-03   1.43056e-05   1.88700e+00
  21  wCBO_linCoeff   0.00000e+00   constant   
  22  wCBO_const  -3.71970e-03   2.02897e-03   6.71590e-06   2.31205e+00
 MIGRAD MINIMIZATION HAS CONVERGED.
 MIGRAD WILL VERIFY CONVERGENCE AND ERROR MATRIX.
 COVARIANCE MATRIX CALCULATED SUCCESSFULLY
 FCN=440.45 FROM MIGRAD    STATUS=CONVERGED      85 CALLS         690 TOTAL
                     EDM=4.10938e-05    STRATEGY= 1      ERROR MATRIX ACCURATE 
  EXT PARAMETER                                   STEP         FIRST   
  NO.   NAME      VALUE            ERROR          SIZE      DERIVATIVE 
   1  N0           3.49955e+06     fixed    
   2  tau          6.44119e+01   constant   
   3  A0           3.53639e-01     fixed    
   4  phi          4.12133e+00     fixed    
   5  R           -6.09180e+01   constant   
   6  A_CBO        5.72508e-04     fixed    
   7  w_CBO        2.32706e+00     fixed    
   8  phi_CBO      8.51090e-01   9.56552e-01   5.31211e-03  -2.42746e-04
   9  ANx2         2.22853e-04   constant   
  10  pNx2         5.08518e+00   constant   
  11  ANy1         0.00000e+00   constant   
  12  pNy1         0.00000e+00   constant   
  13  w_y          0.00000e+00   constant   
  14  ANy2         6.90863e-05     fixed    
  15  pNy2         3.29982e+00   constant   
  16  w_vw         1.43191e+01   constant   
  17  LM           2.21951e-04   constant   
  18  wCBO_expCoeff   2.00021e+02   2.43215e-02   9.53775e-05  -2.27408e-02
  19  wCBO_expOffset   2.00002e+02   2.77473e-03   9.53682e-05  -1.09357e+00
  20  wCBO_expT    3.00009e+01   2.57012e-03   1.43055e-05   1.20381e+00
  21  wCBO_linCoeff   0.00000e+00   constant   
  22  wCBO_const  -3.76637e-03   1.99771e-03   6.62117e-06  -2.67514e+00
 EXTERNAL ERROR MATRIX.    NDIM=  25    NPAR=  5    ERR DEF=1
  9.150e-01 -6.506e-04  5.251e-04  2.804e-04  2.309e-04 
 -6.506e-04  5.915e-04 -3.956e-05 -4.025e-05  2.074e-05 
  5.251e-04 -3.956e-05  7.699e-06 -7.111e-07  4.079e-07 
  2.804e-04 -4.025e-05 -7.111e-07  6.606e-06 -4.202e-06 
  2.309e-04  2.074e-05  4.079e-07 -4.202e-06  3.991e-06 
 PARAMETER  CORRELATION COEFFICIENTS  
       NO.  GLOBAL      8     18     19     20     22
        8  0.84073   1.000 -0.028  0.198  0.114  0.121
       18  0.97695  -0.028  1.000 -0.586 -0.644  0.427
       19  0.95978   0.198 -0.586  1.000 -0.100  0.074
       20  0.98528   0.114 -0.644 -0.100  1.000 -0.818
       22  0.94641   0.121  0.427  0.074 -0.818  1.000
MINUIT - FIT ONLY 1-y
 **********
 **   60 **RES 
 **********
                   PARAMETER   14  ANy2 RESTORED TO VARIABLE.
                   PARAMETER    7  w_CBO RESTORED TO VARIABLE.
                   PARAMETER    6  A_CBO RESTORED TO VARIABLE.
                   PARAMETER    4  phi RESTORED TO VARIABLE.
                   PARAMETER    3  A0 RESTORED TO VARIABLE.
                   PARAMETER    1  N0 RESTORED TO VARIABLE.
 **********
 **   61 **FIX            0
 **********
 PARAMETER    0  IS UNDEFINED. IGNORED.
 **********
 **   62 **FIX            1
 **********
 **********
 **   63 **FIX            2
 **********
 PARAMETER    2  IS CONSTANT.   IGNORED.
 **********
 **   64 **FIX            3
 **********
 **********
 **   65 **FIX            4
 **********
 **********
 **   66 **FIX            5
 **********
 PARAMETER    5  IS CONSTANT.   IGNORED.
 **********
 **   67 **FIX            6
 **********
 **********
 **   68 **FIX            7
 **********
 **********
 **   69 **FIX            8
 **********
 **********
 **   70 **FIX            9
 **********
 PARAMETER    9  IS CONSTANT.   IGNORED.
 **********
 **   71 **FIX           13
 **********
 PARAMETER   13  IS CONSTANT.   IGNORED.
 **********
 **   72 **FIX           14
 **********
 **********
 **   73 **FIX           15
 **********
 PARAMETER   15  IS CONSTANT.   IGNORED.
 **********
 **   74 **FIX           16
 **********
 PARAMETER   16  IS CONSTANT.   IGNORED.
 **********
 **   75 **MIGRAD
 **********
 START MIGRAD MINIMIZATION.  STRATEGY  1.  CONVERGENCE WHEN EDM .LT. 1.00e-04
 FCN=440.45 FROM MIGRAD    STATUS=INITIATE        8 CALLS         698 TOTAL
                     EDM= unknown      STRATEGY= 1      NO ERROR MATRIX       
  EXT PARAMETER               CURRENT GUESS       STEP         FIRST   
  NO.   NAME      VALUE            ERROR          SIZE      DERIVATIVE 
   1  N0           3.49955e+06     fixed    
   2  tau          6.44119e+01   constant   
   3  A0           3.53639e-01     fixed    
   4  phi          4.12133e+00     fixed    
   5  R           -6.09180e+01   constant   
   6  A_CBO        5.72508e-04     fixed    
   7  w_CBO        2.32706e+00     fixed    
   8  phi_CBO      8.51090e-01     fixed    
   9  ANx2         2.22853e-04   constant   
  10  pNx2         5.08518e+00   constant   
  11  ANy1         0.00000e+00   constant   
  12  pNy1         0.00000e+00   constant   
  13  w_y          0.00000e+00   constant   
  14  ANy2         6.90863e-05     fixed    
  15  pNy2         3.29982e+00   constant   
  16  w_vw         1.43191e+01   constant   
  17  LM           2.21951e-04   constant   
  18  wCBO_expCoeff   2.00021e+02   2.43215e-02   9.53775e-05  -3.53476e-02
  19  wCBO_expOffset   2.00002e+02   2.77473e-03   9.53682e-05  -3.91752e+00
  20  wCBO_expT    3.00009e+01   2.57012e-03   1.43055e-05   9.82377e-01
  21  wCBO_linCoeff   0.00000e+00   constant   
  22  wCBO_const  -3.76637e-03   1.99771e-03   6.62117e-06  -2.67162e+00
 MIGRAD MINIMIZATION HAS CONVERGED.
 MIGRAD WILL VERIFY CONVERGENCE AND ERROR MATRIX.
 COVARIANCE MATRIX CALCULATED SUCCESSFULLY
 FCN=440.45 FROM MIGRAD    STATUS=CONVERGED      48 CALLS         738 TOTAL
                     EDM=3.52363e-05    STRATEGY= 1      ERROR MATRIX ACCURATE 
  EXT PARAMETER                                   STEP         FIRST   
  NO.   NAME      VALUE            ERROR          SIZE      DERIVATIVE 
   1  N0           3.49955e+06     fixed    
   2  tau          6.44119e+01   constant   
   3  A0           3.53639e-01     fixed    
   4  phi          4.12133e+00     fixed    
   5  R           -6.09180e+01   constant   
   6  A_CBO        5.72508e-04     fixed    
   7  w_CBO        2.32706e+00     fixed    
   8  phi_CBO      8.51090e-01     fixed    
   9  ANx2         2.22853e-04   constant   
  10  pNx2         5.08518e+00   constant   
  11  ANy1         0.00000e+00   constant   
  12  pNy1         0.00000e+00   constant   
  13  w_y          0.00000e+00   constant   
  14  ANy2         6.90863e-05     fixed    
  15  pNy2         3.29982e+00   constant   
  16  w_vw         1.43191e+01   constant   
  17  LM           2.21951e-04   constant   
  18  wCBO_expCoeff   2.00021e+02   2.43077e-02   9.53775e-05   1.34055e-01
  19  wCBO_expOffset   2.00002e+02   2.71937e-03   9.53682e-05   8.56872e-01
  20  wCBO_expT    3.00009e+01   2.55296e-03   1.43055e-05   3.08028e+00
  21  wCBO_linCoeff   0.00000e+00   constant   
  22  wCBO_const  -3.76626e-03   1.98285e-03   6.61932e-06  -1.50140e+00
 EXTERNAL ERROR MATRIX.    NDIM=  25    NPAR=  4    ERR DEF=1
  5.909e-04 -3.917e-05 -4.003e-05  2.090e-05 
 -3.917e-05  7.395e-06 -8.720e-07  2.753e-07 
 -4.003e-05 -8.720e-07  6.518e-06 -4.271e-06 
  2.090e-05  2.753e-07 -4.271e-06  3.932e-06 
 PARAMETER  CORRELATION COEFFICIENTS  
       NO.  GLOBAL     18     19     20     22
       18  0.97692   1.000 -0.593 -0.645  0.434
       19  0.95808  -0.593  1.000 -0.126  0.051
       20  0.98508  -0.645 -0.126  1.000 -0.844
       22  0.94558   0.434  0.051 -0.844  1.000
MINUIT - FIT ONLY 2-y
 **********
 **   76 **RES 
 **********
                   PARAMETER   14  ANy2 RESTORED TO VARIABLE.
                   PARAMETER    8  phi_CBO RESTORED TO VARIABLE.
                   PARAMETER    7  w_CBO RESTORED TO VARIABLE.
                   PARAMETER    6  A_CBO RESTORED TO VARIABLE.
                   PARAMETER    4  phi RESTORED TO VARIABLE.
                   PARAMETER    3  A0 RESTORED TO VARIABLE.
                   PARAMETER    1  N0 RESTORED TO VARIABLE.
 **********
 **   77 **FIX            0
 **********
 PARAMETER    0  IS UNDEFINED. IGNORED.
 **********
 **   78 **FIX            1
 **********
 **********
 **   79 **FIX            2
 **********
 PARAMETER    2  IS CONSTANT.   IGNORED.
 **********
 **   80 **FIX            3
 **********
 **********
 **   81 **FIX            4
 **********
 **********
 **   82 **FIX            5
 **********
 PARAMETER    5  IS CONSTANT.   IGNORED.
 **********
 **   83 **FIX            6
 **********
 **********
 **   84 **FIX            7
 **********
 **********
 **   85 **FIX            8
 **********
 **********
 **   86 **FIX            9
 **********
 PARAMETER    9  IS CONSTANT.   IGNORED.
 **********
 **   87 **FIX           10
 **********
 PARAMETER   10  IS CONSTANT.   IGNORED.
 **********
 **   88 **FIX           11
 **********
 PARAMETER   11  IS CONSTANT.   IGNORED.
 **********
 **   89 **FIX           12
 **********
 PARAMETER   12  IS CONSTANT.   IGNORED.
 **********
 **   90 **FIX           16
 **********
 PARAMETER   16  IS CONSTANT.   IGNORED.
 **********
 **   91 **MIGRAD
 **********
 START MIGRAD MINIMIZATION.  STRATEGY  1.  CONVERGENCE WHEN EDM .LT. 1.00e-04
 FCN=440.45 FROM MIGRAD    STATUS=INITIATE       10 CALLS         748 TOTAL
                     EDM= unknown      STRATEGY= 1      NO ERROR MATRIX       
  EXT PARAMETER               CURRENT GUESS       STEP         FIRST   
  NO.   NAME      VALUE            ERROR          SIZE      DERIVATIVE 
   1  N0           3.49955e+06     fixed    
   2  tau          6.44119e+01   constant   
   3  A0           3.53639e-01     fixed    
   4  phi          4.12133e+00     fixed    
   5  R           -6.09180e+01   constant   
   6  A_CBO        5.72508e-04     fixed    
   7  w_CBO        2.32706e+00     fixed    
   8  phi_CBO      8.51090e-01     fixed    
   9  ANx2         2.22853e-04   constant   
  10  pNx2         5.08518e+00   constant   
  11  ANy1         0.00000e+00   constant   
  12  pNy1         0.00000e+00   constant   
  13  w_y          0.00000e+00   constant   
  14  ANy2         6.90863e-05   2.94196e-04   2.94196e-04  -7.64230e+01
  15  pNy2         3.29982e+00   constant   
  16  w_vw         1.43191e+01   constant   
  17  LM           2.21951e-04   constant   
  18  wCBO_expCoeff   2.00021e+02   2.43077e-02   9.53775e-05   1.21443e-01
  19  wCBO_expOffset   2.00002e+02   2.71937e-03   9.53682e-05  -2.87382e+00
  20  wCBO_expT    3.00009e+01   2.55296e-03   1.43055e-05   2.85874e+00
  21  wCBO_linCoeff   0.00000e+00   constant   
  22  wCBO_const  -3.76626e-03   1.98285e-03   6.61932e-06  -1.49788e+00
 MIGRAD MINIMIZATION HAS CONVERGED.
 MIGRAD WILL VERIFY CONVERGENCE AND ERROR MATRIX.
 COVARIANCE MATRIX CALCULATED SUCCESSFULLY
 FCN=440.45 FROM MIGRAD    STATUS=CONVERGED      70 CALLS         808 TOTAL
                     EDM=4.73152e-05    STRATEGY= 1      ERROR MATRIX ACCURATE 
  EXT PARAMETER                                   STEP         FIRST   
  NO.   NAME      VALUE            ERROR          SIZE      DERIVATIVE 
   1  N0           3.49955e+06     fixed    
   2  tau          6.44119e+01   constant   
   3  A0           3.53639e-01     fixed    
   4  phi          4.12133e+00     fixed    
   5  R           -6.09180e+01   constant   
   6  A_CBO        5.72508e-04     fixed    
   7  w_CBO        2.32706e+00     fixed    
   8  phi_CBO      8.51090e-01     fixed    
   9  ANx2         2.22853e-04   constant   
  10  pNx2         5.08518e+00   constant   
  11  ANy1         0.00000e+00   constant   
  12  pNy1         0.00000e+00   constant   
  13  w_y          0.00000e+00   constant   
  14  ANy2         7.24219e-05   2.93530e-04   3.00162e-06   1.05809e+00
  15  pNy2         3.29982e+00   constant   
  16  w_vw         1.43191e+01   constant   
  17  LM           2.21951e-04   constant   
  18  wCBO_expCoeff   2.00021e+02   2.43110e-02   9.53775e-05   5.80118e-03
  19  wCBO_expOffset   2.00002e+02   2.71961e-03   9.53682e-05  -9.03552e-01
  20  wCBO_expT    3.00009e+01   2.55443e-03   1.43055e-05   1.19577e+00
  21  wCBO_linCoeff   0.00000e+00   constant   
  22  wCBO_const  -3.76605e-03   1.98467e-03   6.61851e-06  -3.30509e+00
 EXTERNAL ERROR MATRIX.    NDIM=  25    NPAR=  5    ERR DEF=1
  8.616e-08  1.108e-07 -1.086e-08 -2.842e-08  2.853e-08 
  1.108e-07  5.910e-04 -3.919e-05 -4.007e-05  2.093e-05 
 -1.086e-08 -3.919e-05  7.396e-06 -8.679e-07  2.715e-07 
 -2.842e-08 -4.007e-05 -8.679e-07  6.525e-06 -4.278e-06 
  2.853e-08  2.093e-05  2.715e-07 -4.278e-06  3.939e-06 
 PARAMETER  CORRELATION COEFFICIENTS  
       NO.  GLOBAL     14     18     19     20     22
       14  0.08035   1.000  0.016 -0.014 -0.038  0.049
       18  0.97695   0.016  1.000 -0.593 -0.645  0.434
       19  0.95813  -0.014 -0.593  1.000 -0.125  0.050
       20  0.98510  -0.038 -0.645 -0.125  1.000 -0.844
       22  0.94570   0.049  0.434  0.050 -0.844  1.000
MINUIT - FIT ALTOGETHER
 **********
 **   92 **RES 
 **********
                   PARAMETER    8  phi_CBO RESTORED TO VARIABLE.
                   PARAMETER    7  w_CBO RESTORED TO VARIABLE.
                   PARAMETER    6  A_CBO RESTORED TO VARIABLE.
                   PARAMETER    4  phi RESTORED TO VARIABLE.
                   PARAMETER    3  A0 RESTORED TO VARIABLE.
                   PARAMETER    1  N0 RESTORED TO VARIABLE.
 **********
 **   93 **MIGRAD
 **********
 START MIGRAD MINIMIZATION.  STRATEGY  1.  CONVERGENCE WHEN EDM .LT. 1.00e-04
 FCN=440.45 FROM MIGRAD    STATUS=INITIATE       22 CALLS         830 TOTAL
                     EDM= unknown      STRATEGY= 1      NO ERROR MATRIX       
  EXT PARAMETER               CURRENT GUESS       STEP         FIRST   
  NO.   NAME      VALUE            ERROR          SIZE      DERIVATIVE 
   1  N0           3.49955e+06   7.27353e+02   7.27353e+02  -4.40665e-04
   2  tau          6.44119e+01   constant   
   3  A0           3.53639e-01   2.77853e-04   2.77853e-04   1.32110e+03
   4  phi          4.12133e+00   8.16250e-04   8.16250e-04  -2.92012e+02
   5  R           -6.09180e+01   constant   
   6  A_CBO        5.72508e-04   3.01851e-04   3.01851e-04   1.61347e+02
   7  w_CBO        2.32706e+00   4.09967e-04   4.09967e-04  -2.06742e+00
   8  phi_CBO      8.51090e-01   9.56552e-01   9.56552e-01   9.16002e-04
   9  ANx2         2.22853e-04   constant   
  10  pNx2         5.08518e+00   constant   
  11  ANy1         0.00000e+00   constant   
  12  pNy1         0.00000e+00   constant   
  13  w_y          0.00000e+00   constant   
  14  ANy2         7.24219e-05   2.93530e-04   3.00162e-06   1.05809e+00
  15  pNy2         3.29982e+00   constant   
  16  w_vw         1.43191e+01   constant   
  17  LM           2.21951e-04   constant   
  18  wCBO_expCoeff   2.00021e+02   2.43110e-02   9.53775e-05  -6.80897e-03
  19  wCBO_expOffset   2.00002e+02   2.71961e-03   9.53682e-05  -3.72835e+00
  20  wCBO_expT    3.00009e+01   2.55443e-03   1.43055e-05   9.74176e-01
  21  wCBO_linCoeff   0.00000e+00   constant   
  22  wCBO_const  -3.76605e-03   1.98467e-03   6.61851e-06  -3.30156e+00
 MIGRAD MINIMIZATION HAS CONVERGED.
 MIGRAD WILL VERIFY CONVERGENCE AND ERROR MATRIX.
 COVARIANCE MATRIX CALCULATED SUCCESSFULLY
 FCN=440.376 FROM MIGRAD    STATUS=CONVERGED     227 CALLS        1035 TOTAL
                     EDM=8.59155e-06    STRATEGY= 1      ERROR MATRIX ACCURATE 
  EXT PARAMETER                                   STEP         FIRST   
  NO.   NAME      VALUE            ERROR          SIZE      DERIVATIVE 
   1  N0           3.49967e+06   7.25066e+02   7.37065e+00  -2.85118e-07
   2  tau          6.44119e+01   constant   
