 + ++++++++++++++++++++++++++++++++++++++++++++++++++++++++++++++++++++ +
 +                                                                      +
 +           You have chose to blind your fitting according to          +
 +                omega_ref * (1 + (R +/- deltaR) *10^{-6})             +
 +                                                                      +
 + ++++++++++++++++++++++++++++++++++++++++++++++++++++++++++++++++++++ +
In main()...
reading format from /gm2data/zkhechad/run45/envelope/formats/formatB_sBin_constraintOn.txt
pBinTau 	= 0  
pBinPhi 	= 0  
constraintau 	= 1 
includeMopTerm 	= 0    
constrainMop    = 0   
Parameters after format file: pBinTau 0 pBinPhi 0 constraintau 1 includeMopTerm 0 constrainMop 0 c_e_scale 0.000000 
reading cbo reference file (full fit) from /gm2data/zkhechad/cboTemplates/Run4CBOTemplates/fullFits/run4/sBin_constraintOn_cE0.0_seed0_run4_calo11.root
A_CBO 0.010027 w_CBO 2.327222 phi_CBO 0.184420 N0 3062002.636939 R -61.179583 tau 64.395304 
Reading cboRef file /gm2data/zkhechad/cboTemplates/Run4CBOTemplates//cboIsolate/run4_calo11.root
deltaT 164.120000
windowBins = 1100
fitting sliding window 1680 from bin 1883 at 280.943600 to bin 2983 at 445.063600 (1100 bins)

Reading data from /gm2data/cornell/histograms/aMethod/histogram_a_run4.root
fitting cbo isolate
 **********
 **    1 **SET PRINTOUT            1
 **********
 **********
 **    2 **SET NOWARNINGS 
 **********
 PARAMETER DEFINITIONS:
    NO.   NAME         VALUE      STEP SIZE      LIMITS
     1 A_CBO        1.00270e-02  1.00000e-05     no limits
     2 w_CBO        2.32722e+00  1.00000e-02    2.00000e+00  3.00000e+00
     3 phi_CBO      1.84420e-01  1.00000e-02    0.00000e+00  6.28319e+00
 **********
 **    3 **MIGRAD
 **********
 FIRST CALL TO USER FUNCTION AT NEW START POINT, WITH IFLAG=4.
 START MIGRAD MINIMIZATION.  STRATEGY  1.  CONVERGENCE WHEN EDM .LT. 1.00e-04
 FCN=0.0817665 FROM MIGRAD    STATUS=INITIATE       12 CALLS          13 TOTAL
                     EDM= unknown      STRATEGY= 1      NO ERROR MATRIX       
  EXT PARAMETER               CURRENT GUESS       STEP         FIRST   
  NO.   NAME      VALUE            ERROR          SIZE      DERIVATIVE 
   1  A_CBO        1.00270e-02   1.00000e-05   1.00000e-05   8.49197e+00
   2  w_CBO        2.32722e+00   1.00000e-02   2.13152e-02  -1.00255e-01
   3  phi_CBO      1.84420e-01   1.00000e-02   9.43260e-03   5.76900e-04
 MIGRAD MINIMIZATION HAS CONVERGED.
 MIGRAD WILL VERIFY CONVERGENCE AND ERROR MATRIX.
 FCN=0.048968 FROM MIGRAD    STATUS=CONVERGED      41 CALLS          42 TOTAL
                     EDM=2.35073e-05    STRATEGY= 1      ERR MATRIX NOT POS-DEF
  EXT PARAMETER                APPROXIMATE        STEP         FIRST   
  NO.   NAME      VALUE            ERROR          SIZE      DERIVATIVE 
   1  A_CBO        2.30198e-03   4.16645e-02   2.13335e-05   5.62077e-04
   2  w_CBO        2.32729e+00   6.29314e-01   5.60463e-05   2.74360e-02
   3  phi_CBO      1.64596e-01   3.19525e+00   9.68666e-03  -1.78885e-04
 EXTERNAL ERROR MATRIX.    NDIM=  25    NPAR=  3    ERR DEF=1
  1.736e-03 -3.064e-03 -1.112e+00 
 -3.064e-03  6.730e-01  2.482e+02 
 -1.112e+00  2.482e+02  9.192e+04 
ERR MATRIX NOT POS-DEF
 PARAMETER  CORRELATION COEFFICIENTS  
       NO.  GLOBAL      1      2      3
        1  0.09259   1.000 -0.090 -0.088
        2  0.99806  -0.090  1.000  0.998
        3  0.99805  -0.088  0.998  1.000
 ERR MATRIX NOT POS-DEF
setting A_CBO=0.002302 w_CBO=2.327290, phi_CBO=0.164596
done fitting cbo isolate
 **********
 **    1 **SET PRINTOUT            1
 **********
 **********
 **    2 **SET NOWARNINGS 
 **********
 PARAMETER DEFINITIONS:
    NO.   NAME         VALUE      STEP SIZE      LIMITS
     1 N0           3.06200e+06  1.00000e+02     no limits
     2 tau          6.43953e+01  constant
     3 A0           3.42893e-01  1.00000e-04     no limits
     4 phi          4.11802e+00  1.00000e-02     no limits
     5 R           -6.11796e+01  constant
     6 A_CBO        2.30198e-03  1.00000e-05     no limits
     7 w_CBO        2.32729e+00  1.00000e-03     no limits
     8 phi_CBO      1.64596e-01  1.00000e-04     no limits
     9 ANx2         4.90616e-04  constant
    10 pNx2         2.30674e+00  constant
    11 ANy1         0.00000e+00  constant
    12 pNy1         0.00000e+00  constant
    13 w_y          0.00000e+00  constant
    14 ANy2         9.23997e-03  1.00000e-04     no limits
    15 pNy2         3.41148e-01  constant
    16 w_vw         1.43130e+01  constant
    17 LM          -3.45991e-04  constant
    18 wCBO_expCoeff   2.00000e+02  1.00000e+00     no limits
    19 wCBO_expOffset   2.00000e+02  1.00000e+00     no limits
    20 wCBO_expT    3.00000e+01  1.00000e+00     no limits
    21 wCBO_linCoeff   0.00000e+00  constant
    22 wCBO_const   0.00000e+00  1.00000e-02     no limits
MINUIT - FIT ONLY WIGGLE
 **********
 **    3 **FIX            5
 **********
 PARAMETER    5  IS CONSTANT.   IGNORED.
 **********
 **    4 **FIX            6
 **********
 **********
 **    5 **FIX            7
 **********
 **********
 **    6 **FIX            8
 **********
 **********
 **    7 **FIX            9
 **********
 PARAMETER    9  IS CONSTANT.   IGNORED.
 **********
 **    8 **FIX           10
 **********
 PARAMETER   10  IS CONSTANT.   IGNORED.
 **********
 **    9 **FIX           11
 **********
 PARAMETER   11  IS CONSTANT.   IGNORED.
 **********
 **   10 **FIX           12
 **********
 PARAMETER   12  IS CONSTANT.   IGNORED.
 **********
 **   11 **FIX           13
 **********
 PARAMETER   13  IS CONSTANT.   IGNORED.
 **********
 **   12 **FIX           14
 **********
 **********
 **   13 **FIX           15
 **********
 PARAMETER   15  IS CONSTANT.   IGNORED.
 **********
 **   14 **FIX           16
 **********
 PARAMETER   16  IS CONSTANT.   IGNORED.
 **********
 **   15 **MIGRAD
 **********
 FIRST CALL TO USER FUNCTION AT NEW START POINT, WITH IFLAG=4.
 START MIGRAD MINIMIZATION.  STRATEGY  1.  CONVERGENCE WHEN EDM .LT. 1.00e-04
 FCN=867.335 FROM MIGRAD    STATUS=INITIATE       30 CALLS          31 TOTAL
                     EDM= unknown      STRATEGY= 1      NO ERROR MATRIX       
  EXT PARAMETER               CURRENT GUESS       STEP         FIRST   
  NO.   NAME      VALUE            ERROR          SIZE      DERIVATIVE 
   1  N0           3.06200e+06   1.00000e+02   1.00000e+02   2.16358e-04
   2  tau          6.43953e+01   constant   
   3  A0           3.42893e-01   1.00000e-04   1.00000e-04   2.61922e+03
   4  phi          4.11802e+00   1.00000e-02   1.00000e-02  -1.39080e+01
   5  R           -6.11796e+01   constant   
   6  A_CBO        2.30198e-03     fixed    
   7  w_CBO        2.32729e+00     fixed    
   8  phi_CBO      1.64596e-01     fixed    
   9  ANx2         4.90616e-04   constant   
  10  pNx2         2.30674e+00   constant   
  11  ANy1         0.00000e+00   constant   
  12  pNy1         0.00000e+00   constant   
  13  w_y          0.00000e+00   constant   
  14  ANy2         9.23997e-03     fixed    
  15  pNy2         3.41148e-01   constant   
  16  w_vw         1.43130e+01   constant   
  17  LM          -3.45991e-04   constant   
  18  wCBO_expCoeff   2.00000e+02   1.00000e+00   1.00000e+00  -1.10650e+02
  19  wCBO_expOffset   2.00000e+02   1.00000e+00   1.00000e+00  -7.36079e+02
  20  wCBO_expT    3.00000e+01   1.00000e+00   1.00000e+00  -3.33203e+03
  21  wCBO_linCoeff   0.00000e+00   constant   
  22  wCBO_const   0.00000e+00   1.00000e-02   1.00000e-02  -7.81230e+03
 MIGRAD MINIMIZATION HAS CONVERGED.
 FCN=844.875 FROM MIGRAD    STATUS=CONVERGED     238 CALLS         239 TOTAL
                     EDM=1.21559e-06    STRATEGY= 1  ERROR MATRIX UNCERTAINTY   0.8 per cent
  EXT PARAMETER                                   STEP         FIRST   
  NO.   NAME      VALUE            ERROR          SIZE      DERIVATIVE 
   1  N0           3.06184e+06   8.79158e+02   2.16396e+00   9.07156e-07
   2  tau          6.43953e+01   constant   
   3  A0           3.42700e-01   4.02630e-04  -4.76913e-06   1.73909e+00
   4  phi          4.11756e+00   1.21067e-03  -4.41356e-07  -6.14068e-02
   5  R           -6.11796e+01   constant   
   6  A_CBO        2.30198e-03     fixed    
   7  w_CBO        2.32729e+00     fixed    
   8  phi_CBO      1.64596e-01     fixed    
   9  ANx2         4.90616e-04   constant   
  10  pNx2         2.30674e+00   constant   
  11  ANy1         0.00000e+00   constant   
  12  pNy1         0.00000e+00   constant   
  13  w_y          0.00000e+00   constant   
  14  ANy2         9.23997e-03     fixed    
  15  pNy2         3.41148e-01   constant   
  16  w_vw         1.43130e+01   constant   
  17  LM          -3.45991e-04   constant   
  18  wCBO_expCoeff   2.00119e+02   7.68685e-02   3.56753e-04  -6.29689e-02
  19  wCBO_expOffset   2.00018e+02   1.18184e-02   5.50475e-05  -4.50673e-01
  20  wCBO_expT    2.99950e+01   8.34999e-03  -4.00632e-05  -1.42842e+00
  21  wCBO_linCoeff   0.00000e+00   constant   
  22  wCBO_const   1.59052e-04   1.08001e-03   7.14402e-06  -4.81333e-01
 EXTERNAL ERROR MATRIX.    NDIM=  25    NPAR=  7    ERR DEF=1
  7.729e+05 -1.147e-02  2.789e-02 -4.264e+00 -6.552e-01  4.431e-01 -4.181e-02 
 -1.147e-02  1.621e-07  6.163e-09  6.953e-07  1.039e-07 -9.159e-08  9.388e-09 
  2.789e-02  6.163e-09  1.466e-06  2.907e-06  4.469e-07 -4.138e-07  9.708e-08 
 -4.264e+00  6.953e-07  2.907e-06  5.909e-03  8.406e-04 -6.245e-04  6.124e-05 
 -6.552e-01  1.039e-07  4.469e-07  8.406e-04  1.397e-04 -9.611e-05  9.427e-06 
  4.431e-01 -9.159e-08 -4.138e-07 -6.245e-04 -9.611e-05  6.972e-05 -7.387e-06 
 -4.181e-02  9.388e-09  9.708e-08  6.124e-05  9.427e-06 -7.387e-06  1.166e-06 
 PARAMETER  CORRELATION COEFFICIENTS  
       NO.  GLOBAL      1      3      4     18     19     20     22
        1  0.09084   1.000 -0.032  0.026 -0.063 -0.063  0.060 -0.044
        3  0.08194  -0.032  1.000  0.013  0.022  0.022 -0.027  0.022
        4  0.08918   0.026  0.013  1.000  0.031  0.031 -0.041  0.074
       18  0.99206  -0.063  0.022  0.031  1.000  0.925 -0.973  0.738
       19  0.99240  -0.063  0.022  0.031  0.925  1.000 -0.974  0.739
       20  0.99830   0.060 -0.027 -0.041 -0.973 -0.974  1.000 -0.819
       22  0.95144  -0.044  0.022  0.074  0.738  0.739 -0.819  1.000
MINUIT - FIT ONLY 1-CBO + other amplitudes 
 **********
 **   16 **RES 
 **********
                   PARAMETER   14  ANy2 RESTORED TO VARIABLE.
                   PARAMETER    8  phi_CBO RESTORED TO VARIABLE.
                   PARAMETER    7  w_CBO RESTORED TO VARIABLE.
                   PARAMETER    6  A_CBO RESTORED TO VARIABLE.
 **********
 **   17 **FIX            0
 **********
 PARAMETER    0  IS UNDEFINED. IGNORED.
 **********
 **   18 **FIX            1
 **********
 **********
 **   19 **FIX            2
 **********
 PARAMETER    2  IS CONSTANT.   IGNORED.
 **********
 **   20 **FIX            3
 **********
 **********
 **   21 **FIX            4
 **********
 **********
 **   22 **FIX            9
 **********
 PARAMETER    9  IS CONSTANT.   IGNORED.
 **********
 **   23 **FIX           11
 **********
 PARAMETER   11  IS CONSTANT.   IGNORED.
 **********
 **   24 **FIX           12
 **********
 PARAMETER   12  IS CONSTANT.   IGNORED.
 **********
 **   25 **FIX           14
 **********
 **********
 **   26 **FIX           15
 **********
 PARAMETER   15  IS CONSTANT.   IGNORED.
 **********
 **   27 **FIX           16
 **********
 PARAMETER   16  IS CONSTANT.   IGNORED.
 **********
 **   28 **MIGRAD
 **********
 START MIGRAD MINIMIZATION.  STRATEGY  1.  CONVERGENCE WHEN EDM .LT. 1.00e-04
 FCN=844.875 FROM MIGRAD    STATUS=INITIATE       20 CALLS         259 TOTAL
                     EDM= unknown      STRATEGY= 1      NO ERROR MATRIX       
  EXT PARAMETER               CURRENT GUESS       STEP         FIRST   
  NO.   NAME      VALUE            ERROR          SIZE      DERIVATIVE 
   1  N0           3.06184e+06     fixed    
   2  tau          6.43953e+01   constant   
   3  A0           3.42700e-01     fixed    
   4  phi          4.11756e+00     fixed    
   5  R           -6.11796e+01   constant   
   6  A_CBO        2.30198e-03   1.00000e-05   1.00000e-05   1.89896e+04
   7  w_CBO        2.32729e+00   1.00000e-03   1.00000e-03  -5.62852e+00
   8  phi_CBO      1.64596e-01   1.00000e-04   1.00000e-04   4.62095e+00
   9  ANx2         4.90616e-04   constant   
  10  pNx2         2.30674e+00   constant   
  11  ANy1         0.00000e+00   constant   
  12  pNy1         0.00000e+00   constant   
  13  w_y          0.00000e+00   constant   
  14  ANy2         9.23997e-03     fixed    
  15  pNy2         3.41148e-01   constant   
  16  w_vw         1.43130e+01   constant   
  17  LM          -3.45991e-04   constant   
  18  wCBO_expCoeff   2.00119e+02   7.68685e-02   3.56753e-04  -6.29689e-02
  19  wCBO_expOffset   2.00018e+02   1.18184e-02   5.50475e-05  -4.50673e-01
  20  wCBO_expT    2.99950e+01   8.34999e-03  -4.00632e-05  -1.42842e+00
  21  wCBO_linCoeff   0.00000e+00   constant   
  22  wCBO_const   1.59052e-04   1.08001e-03   7.14402e-06  -4.81328e-01
 MIGRAD MINIMIZATION HAS CONVERGED.
 FCN=828.46 FROM MIGRAD    STATUS=CONVERGED     183 CALLS         422 TOTAL
                     EDM=8.90131e-08    STRATEGY= 1  ERROR MATRIX UNCERTAINTY   1.8 per cent
  EXT PARAMETER                                   STEP         FIRST   
  NO.   NAME      VALUE            ERROR          SIZE      DERIVATIVE 
   1  N0           3.06184e+06     fixed    
   2  tau          6.43953e+01   constant   
   3  A0           3.42700e-01     fixed    
   4  phi          4.11756e+00     fixed    
   5  R           -6.11796e+01   constant   
   6  A_CBO        7.40374e-04   4.27141e-04   1.85107e-06  -4.62048e-01
   7  w_CBO        2.32769e+00   5.84218e-04  -3.21230e-06  -1.79720e+00
   8  phi_CBO     -5.64433e-01   7.89575e-01   3.10702e-04   2.93836e-04
   9  ANx2         4.90616e-04   constant   
  10  pNx2         2.30674e+00   constant   
  11  ANy1         0.00000e+00   constant   
  12  pNy1         0.00000e+00   constant   
  13  w_y          0.00000e+00   constant   
  14  ANy2         9.23997e-03     fixed    
  15  pNy2         3.41148e-01   constant   
  16  w_vw         1.43130e+01   constant   
  17  LM          -3.45991e-04   constant   
  18  wCBO_expCoeff   2.00163e+02   6.20503e-02  -3.35752e-04  -2.01964e-02
  19  wCBO_expOffset   2.00025e+02   9.25047e-03  -5.00439e-05  -1.40719e-01
  20  wCBO_expT    2.99885e+01   9.33043e-03   5.09561e-05  -3.57735e-01
  21  wCBO_linCoeff   0.00000e+00   constant   
  22  wCBO_const   1.48964e-04   7.39859e-04  -3.29223e-06  -1.42801e-01
 EXTERNAL ERROR MATRIX.    NDIM=  25    NPAR=  7    ERR DEF=1
  1.824e-07  2.283e-08 -2.293e-05  2.405e-06  3.586e-07 -3.797e-07  1.934e-08 
  2.283e-08  3.413e-07 -2.295e-04  3.519e-05  5.246e-06 -5.376e-06  2.038e-07 
 -2.293e-05 -2.295e-04  6.234e-01 -2.499e-02 -3.725e-03  3.774e-03 -1.813e-05 
  2.405e-06  3.519e-05 -2.499e-02  3.850e-03  5.591e-04 -5.707e-04  2.024e-05 
  3.586e-07  5.246e-06 -3.725e-03  5.591e-04  8.557e-05 -8.507e-05  3.015e-06 
 -3.797e-07 -5.376e-06  3.774e-03 -5.707e-04 -8.507e-05  8.706e-05 -3.585e-06 
  1.934e-08  2.038e-07 -1.813e-05  2.024e-05  3.015e-06 -3.585e-06  5.474e-07 
 PARAMETER  CORRELATION COEFFICIENTS  
       NO.  GLOBAL      6      7      8     18     19     20     22
        6  0.10260   1.000  0.091 -0.068  0.091  0.091 -0.095  0.061
        7  0.98986   0.091  1.000 -0.498  0.971  0.971 -0.986  0.472
        8  0.64938  -0.068 -0.498  1.000 -0.510 -0.510  0.512 -0.031
       18  0.99127   0.091  0.971 -0.510  1.000  0.974 -0.986  0.441
       19  0.99118   0.091  0.971 -0.510  0.974  1.000 -0.986  0.441
       20  0.99835  -0.095 -0.986  0.512 -0.986 -0.986  1.000 -0.519
       22  0.86410   0.061  0.472 -0.031  0.441  0.441 -0.519  1.000
MINUIT - FIT ONLY 1-CBO
 **********
 **   29 **RES 
 **********
                   PARAMETER   14  ANy2 RESTORED TO VARIABLE.
                   PARAMETER    4  phi RESTORED TO VARIABLE.
                   PARAMETER    3  A0 RESTORED TO VARIABLE.
                   PARAMETER    1  N0 RESTORED TO VARIABLE.
 **********
 **   30 **FIX            0
 **********
 PARAMETER    0  IS UNDEFINED. IGNORED.
 **********
 **   31 **FIX            1
 **********
 **********
 **   32 **FIX            2
 **********
 PARAMETER    2  IS CONSTANT.   IGNORED.
 **********
 **   33 **FIX            3
 **********
 **********
 **   34 **FIX            4
 **********
 **********
 **   35 **FIX            8
 **********
 **********
 **   36 **FIX            9
 **********
 PARAMETER    9  IS CONSTANT.   IGNORED.
 **********
 **   37 **FIX           11
 **********
 PARAMETER   11  IS CONSTANT.   IGNORED.
 **********
 **   38 **FIX           12
 **********
 PARAMETER   12  IS CONSTANT.   IGNORED.
 **********
 **   39 **FIX           13
 **********
 PARAMETER   13  IS CONSTANT.   IGNORED.
 **********
 **   40 **FIX           15
 **********
 PARAMETER   15  IS CONSTANT.   IGNORED.
 **********
 **   41 **FIX           16
 **********
 PARAMETER   16  IS CONSTANT.   IGNORED.
 **********
 **   42 **MIGRAD
 **********
 START MIGRAD MINIMIZATION.  STRATEGY  1.  CONVERGENCE WHEN EDM .LT. 1.00e-04
 FCN=828.46 FROM MIGRAD    STATUS=INITIATE       16 CALLS         438 TOTAL
                     EDM= unknown      STRATEGY= 1      NO ERROR MATRIX       
  EXT PARAMETER               CURRENT GUESS       STEP         FIRST   
  NO.   NAME      VALUE            ERROR          SIZE      DERIVATIVE 
   1  N0           3.06184e+06     fixed    
   2  tau          6.43953e+01   constant   
   3  A0           3.42700e-01     fixed    
   4  phi          4.11756e+00     fixed    
   5  R           -6.11796e+01   constant   
   6  A_CBO        7.40374e-04   4.27141e-04   1.85107e-06  -4.62048e-01
   7  w_CBO        2.32769e+00   5.84218e-04  -3.21230e-06  -1.79720e+00
   8  phi_CBO     -5.64433e-01     fixed    
   9  ANx2         4.90616e-04   constant   
  10  pNx2         2.30674e+00   constant   
  11  ANy1         0.00000e+00   constant   
  12  pNy1         0.00000e+00   constant   
  13  w_y          0.00000e+00   constant   
  14  ANy2         9.23997e-03   1.00000e-04   1.00000e-04   1.05588e+05
  15  pNy2         3.41148e-01   constant   
  16  w_vw         1.43130e+01   constant   
  17  LM          -3.45991e-04   constant   
  18  wCBO_expCoeff   2.00163e+02   6.20503e-02  -3.35752e-04  -2.01964e-02
  19  wCBO_expOffset   2.00025e+02   9.25047e-03  -5.00439e-05  -1.40719e-01
  20  wCBO_expT    2.99885e+01   9.33043e-03   5.09561e-05  -3.57735e-01
  21  wCBO_linCoeff   0.00000e+00   constant   
  22  wCBO_const   1.48964e-04   7.39859e-04  -3.29223e-06  -1.42802e-01
 MIGRAD MINIMIZATION HAS CONVERGED.
 MIGRAD WILL VERIFY CONVERGENCE AND ERROR MATRIX.
 FCN=334.457 FROM MIGRAD    STATUS=CONVERGED     360 CALLS         782 TOTAL
                     EDM=8.26802e-07    STRATEGY= 1      ERR MATRIX NOT POS-DEF
  EXT PARAMETER                APPROXIMATE        STEP         FIRST   
  NO.   NAME      VALUE            ERROR          SIZE      DERIVATIVE 
   1  N0           3.06184e+06     fixed    
   2  tau          6.43953e+01   constant   
   3  A0           3.42700e-01     fixed    
   4  phi          4.11756e+00     fixed    
   5  R           -6.11796e+01   constant   
   6  A_CBO        8.91180e-04   4.30965e-04   3.80383e-06   1.45091e+00
   7  w_CBO        2.32919e+00   1.84065e-03   1.43441e-06  -5.96617e+00
   8  phi_CBO     -5.64433e-01     fixed    
   9  ANx2         4.90616e-04   constant   
  10  pNx2         2.30674e+00   constant   
  11  ANy1         0.00000e+00   constant   
  12  pNy1         0.00000e+00   constant   
  13  w_y          0.00000e+00   constant   
  14  ANy2        -1.57122e-04   4.19267e-04   3.75836e-06   8.77884e-01
  15  pNy2         3.41148e-01   constant   
  16  w_vw         1.43130e+01   constant   
  17  LM          -3.45991e-04   constant   
  18  wCBO_expCoeff   2.00313e+02   1.74564e-01   1.39722e-04  -6.17458e-02
  19  wCBO_expOffset   2.00048e+02   2.85798e-02   9.53901e-05  -4.09036e-01
  20  wCBO_expT    2.99647e+01   7.15535e-03   1.42883e-05  -1.24790e+00
  21  wCBO_linCoeff   0.00000e+00   constant   
  22  wCBO_const   2.27606e-03   1.15047e-03   4.18037e-06  -1.52501e+00
 EXTERNAL ERROR MATRIX.    NDIM=  25    NPAR=  7    ERR DEF=1
  1.857e-07  2.760e-09 -6.005e-09  3.852e-07 -1.376e-06  4.045e-07 -1.594e-08 
  2.760e-09  3.388e-06 -5.754e-09 -9.637e-05 -2.095e-05 -2.864e-06 -1.223e-06 
 -6.005e-09 -5.754e-09  1.758e-07 -5.952e-07  4.943e-08  4.722e-08 -5.673e-09 
  3.852e-07 -9.637e-05 -5.952e-07  3.047e-02 -2.446e-03 -2.992e-04  6.244e-05 
 -1.376e-06 -2.095e-05  4.943e-08 -2.446e-03  8.168e-04 -6.236e-05  1.341e-05 
  4.045e-07 -2.864e-06  4.722e-08 -2.992e-04 -6.236e-05  5.120e-05 -3.216e-06 
 -1.594e-08 -1.223e-06 -5.673e-09  6.244e-05  1.341e-05 -3.216e-06  1.324e-06 
ERR MATRIX NOT POS-DEF
 PARAMETER  CORRELATION COEFFICIENTS  
       NO.  GLOBAL      6      7     14     18     19     20     22
        6  0.17904   1.000  0.003 -0.033  0.005 -0.112  0.131 -0.032
        7  0.99623   0.003  1.000 -0.007 -0.300 -0.398 -0.217 -0.577
       14  0.04098  -0.033 -0.007  1.000 -0.008  0.004  0.016 -0.012
       18  0.99602   0.005 -0.300 -0.008  1.000 -0.490 -0.240  0.311
       19  0.99668  -0.112 -0.398  0.004 -0.490  1.000 -0.305  0.408
       20  0.99470   0.131 -0.217  0.016 -0.240 -0.305  1.000 -0.391
       22  0.91451  -0.032 -0.577 -0.012  0.311  0.408 -0.391  1.000
 ERR MATRIX NOT POS-DEF
MINUIT - FIT ONLY 2-CBO
 **********
 **   43 **RES 
 **********
                   PARAMETER    8  phi_CBO RESTORED TO VARIABLE.
                   PARAMETER    4  phi RESTORED TO VARIABLE.
                   PARAMETER    3  A0 RESTORED TO VARIABLE.
                   PARAMETER    1  N0 RESTORED TO VARIABLE.
 **********
 **   44 **FIX            0
 **********
 PARAMETER    0  IS UNDEFINED. IGNORED.
 **********
 **   45 **FIX            1
 **********
 **********
 **   46 **FIX            2
 **********
 PARAMETER    2  IS CONSTANT.   IGNORED.
 **********
 **   47 **FIX            3
 **********
 **********
 **   48 **FIX            4
 **********
 **********
 **   49 **FIX            5
 **********
 PARAMETER    5  IS CONSTANT.   IGNORED.
 **********
 **   50 **FIX            6
 **********
 **********
 **   51 **FIX            7
 **********
 **********
 **   52 **FIX           10
 **********
 PARAMETER   10  IS CONSTANT.   IGNORED.
 **********
 **   53 **FIX           11
 **********
 PARAMETER   11  IS CONSTANT.   IGNORED.
 **********
 **   54 **FIX           12
 **********
 PARAMETER   12  IS CONSTANT.   IGNORED.
 **********
 **   55 **FIX           13
 **********
 PARAMETER   13  IS CONSTANT.   IGNORED.
 **********
 **   56 **FIX           14
 **********
 **********
 **   57 **FIX           15
 **********
 PARAMETER   15  IS CONSTANT.   IGNORED.
 **********
 **   58 **FIX           16
 **********
 PARAMETER   16  IS CONSTANT.   IGNORED.
 **********
 **   59 **MIGRAD
 **********
 START MIGRAD MINIMIZATION.  STRATEGY  1.  CONVERGENCE WHEN EDM .LT. 1.00e-04
 FCN=334.457 FROM MIGRAD    STATUS=INITIATE       10 CALLS         792 TOTAL
                     EDM= unknown      STRATEGY= 1      NO ERROR MATRIX       
  EXT PARAMETER               CURRENT GUESS       STEP         FIRST   
  NO.   NAME      VALUE            ERROR          SIZE      DERIVATIVE 
   1  N0           3.06184e+06     fixed    
   2  tau          6.43953e+01   constant   
   3  A0           3.42700e-01     fixed    
   4  phi          4.11756e+00     fixed    
   5  R           -6.11796e+01   constant   
   6  A_CBO        8.91180e-04     fixed    
   7  w_CBO        2.32919e+00     fixed    
   8  phi_CBO     -5.64433e-01   7.89575e-01   7.89575e-01   5.33164e-01
   9  ANx2         4.90616e-04   constant   
  10  pNx2         2.30674e+00   constant   
  11  ANy1         0.00000e+00   constant   
  12  pNy1         0.00000e+00   constant   
  13  w_y          0.00000e+00   constant   
  14  ANy2        -1.57122e-04     fixed    
  15  pNy2         3.41148e-01   constant   
  16  w_vw         1.43130e+01   constant   
  17  LM          -3.45991e-04   constant   
  18  wCBO_expCoeff   2.00313e+02   1.74564e-01   1.39722e-04  -6.16494e-02
  19  wCBO_expOffset   2.00048e+02   2.85798e-02   9.53901e-05  -3.97602e-01
  20  wCBO_expT    2.99647e+01   7.15535e-03   1.42883e-05  -1.24301e+00
  21  wCBO_linCoeff   0.00000e+00   constant   
  22  wCBO_const   2.27606e-03   1.15047e-03   4.18037e-06  -1.52950e+00
 MIGRAD MINIMIZATION HAS CONVERGED.
 MIGRAD WILL VERIFY CONVERGENCE AND ERROR MATRIX.
 COVARIANCE MATRIX CALCULATED SUCCESSFULLY
 FCN=334.411 FROM MIGRAD    STATUS=CONVERGED     116 CALLS         898 TOTAL
                     EDM=2.04358e-05    STRATEGY= 1      ERROR MATRIX ACCURATE 
  EXT PARAMETER                                   STEP         FIRST   
  NO.   NAME      VALUE            ERROR          SIZE      DERIVATIVE 
   1  N0           3.06184e+06     fixed    
   2  tau          6.43953e+01   constant   
   3  A0           3.42700e-01     fixed    
   4  phi          4.11756e+00     fixed    
   5  R           -6.11796e+01   constant   
   6  A_CBO        8.91180e-04     fixed    
   7  w_CBO        2.32919e+00     fixed    
   8  phi_CBO     -7.46130e-01   9.06814e-01   4.16385e-03   1.59553e-03
   9  ANx2         4.90616e-04   constant   
  10  pNx2         2.30674e+00   constant   
  11  ANy1         0.00000e+00   constant   
  12  pNy1         0.00000e+00   constant   
  13  w_y          0.00000e+00   constant   
  14  ANy2        -1.57122e-04     fixed    
  15  pNy2         3.41148e-01   constant   
  16  w_vw         1.43130e+01   constant   
  17  LM          -3.45991e-04   constant   
  18  wCBO_expCoeff   2.00304e+02   8.02558e-01   1.44213e-04  -8.95793e-02
  19  wCBO_expOffset   2.00046e+02   1.16416e-01   9.53894e-05  -5.99288e-01
  20  wCBO_expT    2.99657e+01   1.53872e-02   1.42887e-05  -1.40770e+00
  21  wCBO_linCoeff   0.00000e+00   constant   
  22  wCBO_const   2.11128e-03   1.79194e-03   4.20220e-06   4.52647e+00
 EXTERNAL ERROR MATRIX.    NDIM=  25    NPAR=  5    ERR DEF=1
  8.223e-01  1.953e-01 -1.122e-02 -5.763e-03  9.023e-04 
  1.953e-01  6.441e-01 -8.697e-02 -3.191e-03  3.838e-04 
 -1.122e-02 -8.697e-02  1.355e-02 -1.987e-04  1.117e-05 
 -5.763e-03 -3.191e-03 -1.987e-04  2.368e-04 -2.451e-05 
  9.023e-04  3.838e-04  1.117e-05 -2.451e-05  3.211e-06 
 PARAMETER  CORRELATION COEFFICIENTS  
       NO.  GLOBAL      8     18     19     20     22
        8  0.85929   1.000  0.268 -0.106 -0.413  0.555
       18  0.99980   0.268  1.000 -0.931 -0.258  0.267
       19  0.99979  -0.106 -0.931  1.000 -0.111  0.054
       20  0.99879  -0.413 -0.258 -0.111  1.000 -0.889
       22  0.96464   0.555  0.267  0.054 -0.889  1.000
MINUIT - FIT ONLY 1-y
 **********
 **   60 **RES 
 **********
                   PARAMETER   14  ANy2 RESTORED TO VARIABLE.
                   PARAMETER    7  w_CBO RESTORED TO VARIABLE.
                   PARAMETER    6  A_CBO RESTORED TO VARIABLE.
                   PARAMETER    4  phi RESTORED TO VARIABLE.
                   PARAMETER    3  A0 RESTORED TO VARIABLE.
                   PARAMETER    1  N0 RESTORED TO VARIABLE.
 **********
 **   61 **FIX            0
 **********
 PARAMETER    0  IS UNDEFINED. IGNORED.
 **********
 **   62 **FIX            1
 **********
 **********
 **   63 **FIX            2
 **********
 PARAMETER    2  IS CONSTANT.   IGNORED.
 **********
 **   64 **FIX            3
 **********
 **********
 **   65 **FIX            4
 **********
 **********
 **   66 **FIX            5
 **********
 PARAMETER    5  IS CONSTANT.   IGNORED.
 **********
 **   67 **FIX            6
 **********
 **********
 **   68 **FIX            7
 **********
 **********
 **   69 **FIX            8
 **********
 **********
 **   70 **FIX            9
 **********
 PARAMETER    9  IS CONSTANT.   IGNORED.
 **********
 **   71 **FIX           13
 **********
 PARAMETER   13  IS CONSTANT.   IGNORED.
 **********
 **   72 **FIX           14
 **********
 **********
 **   73 **FIX           15
 **********
 PARAMETER   15  IS CONSTANT.   IGNORED.
 **********
 **   74 **FIX           16
 **********
 PARAMETER   16  IS CONSTANT.   IGNORED.
 **********
 **   75 **MIGRAD
 **********
 START MIGRAD MINIMIZATION.  STRATEGY  1.  CONVERGENCE WHEN EDM .LT. 1.00e-04
 FCN=334.411 FROM MIGRAD    STATUS=INITIATE        8 CALLS         906 TOTAL
                     EDM= unknown      STRATEGY= 1      NO ERROR MATRIX       
  EXT PARAMETER               CURRENT GUESS       STEP         FIRST   
  NO.   NAME      VALUE            ERROR          SIZE      DERIVATIVE 
   1  N0           3.06184e+06     fixed    
   2  tau          6.43953e+01   constant   
   3  A0           3.42700e-01     fixed    
   4  phi          4.11756e+00     fixed    
   5  R           -6.11796e+01   constant   
   6  A_CBO        8.91180e-04     fixed    
   7  w_CBO        2.32919e+00     fixed    
   8  phi_CBO     -7.46130e-01     fixed    
   9  ANx2         4.90616e-04   constant   
  10  pNx2         2.30674e+00   constant   
  11  ANy1         0.00000e+00   constant   
  12  pNy1         0.00000e+00   constant   
  13  w_y          0.00000e+00   constant   
  14  ANy2        -1.57122e-04     fixed    
  15  pNy2         3.41148e-01   constant   
  16  w_vw         1.43130e+01   constant   
  17  LM          -3.45991e-04   constant   
  18  wCBO_expCoeff   2.00304e+02   8.02558e-01   1.44213e-04  -8.95935e-02
  19  wCBO_expOffset   2.00046e+02   1.16416e-01   9.53894e-05  -6.00839e-01
  20  wCBO_expT    2.99657e+01   1.53872e-02   1.42887e-05  -1.40500e+00
  21  wCBO_linCoeff   0.00000e+00   constant   
  22  wCBO_const   2.11128e-03   1.79194e-03   4.20220e-06   4.52593e+00
 MIGRAD MINIMIZATION HAS CONVERGED.
 MIGRAD WILL VERIFY CONVERGENCE AND ERROR MATRIX.
 COVARIANCE MATRIX CALCULATED SUCCESSFULLY
 FCN=334.411 FROM MIGRAD    STATUS=CONVERGED      53 CALLS         951 TOTAL
                     EDM=2.07117e-06    STRATEGY= 1      ERROR MATRIX ACCURATE 
  EXT PARAMETER                                   STEP         FIRST   
  NO.   NAME      VALUE            ERROR          SIZE      DERIVATIVE 
   1  N0           3.06184e+06     fixed    
   2  tau          6.43953e+01   constant   
   3  A0           3.42700e-01     fixed    
   4  phi          4.11756e+00     fixed    
   5  R           -6.11796e+01   constant   
   6  A_CBO        8.91180e-04     fixed    
   7  w_CBO        2.32919e+00     fixed    
   8  phi_CBO     -7.46130e-01     fixed    
   9  ANx2         4.90616e-04   constant   
  10  pNx2         2.30674e+00   constant   
  11  ANy1         0.00000e+00   constant   
  12  pNy1         0.00000e+00   constant   
  13  w_y          0.00000e+00   constant   
  14  ANy2        -1.57122e-04     fixed    
  15  pNy2         3.41148e-01   constant   
  16  w_vw         1.43130e+01   constant   
  17  LM          -3.45991e-04   constant   
  18  wCBO_expCoeff   2.00304e+02   7.94310e-01   1.44046e-04   2.55272e-03
  19  wCBO_expOffset   2.00046e+02   1.19125e-01   9.53894e-05   1.70557e-02
  20  wCBO_expT    2.99657e+01   1.40628e-02   1.42887e-05  -9.44556e-02
  21  wCBO_linCoeff   0.00000e+00   constant   
  22  wCBO_const   2.10937e-03   1.49479e-03   4.22343e-06   2.65370e-02
 EXTERNAL ERROR MATRIX.    NDIM=  25    NPAR=  4    ERR DEF=1
  6.309e-01 -8.939e-02 -1.778e-03  1.661e-04 
 -8.939e-02  1.419e-02 -2.877e-04  2.437e-05 
 -1.778e-03 -2.877e-04  1.978e-04 -1.832e-05 
  1.661e-04  2.437e-05 -1.832e-05  2.234e-06 
 PARAMETER  CORRELATION COEFFICIENTS  
       NO.  GLOBAL     18     19     20     22
       18  0.99979   1.000 -0.945 -0.159  0.140
       19  0.99980  -0.945  1.000 -0.172  0.137
       20  0.99855  -0.159 -0.172  1.000 -0.872
       22  0.94878   0.140  0.137 -0.872  1.000
MINUIT - FIT ONLY 2-y
 **********
 **   76 **RES 
 **********
                   PARAMETER   14  ANy2 RESTORED TO VARIABLE.
                   PARAMETER    8  phi_CBO RESTORED TO VARIABLE.
                   PARAMETER    7  w_CBO RESTORED TO VARIABLE.
                   PARAMETER    6  A_CBO RESTORED TO VARIABLE.
                   PARAMETER    4  phi RESTORED TO VARIABLE.
                   PARAMETER    3  A0 RESTORED TO VARIABLE.
                   PARAMETER    1  N0 RESTORED TO VARIABLE.
 **********
 **   77 **FIX            0
 **********
 PARAMETER    0  IS UNDEFINED. IGNORED.
 **********
 **   78 **FIX            1
 **********
 **********
 **   79 **FIX            2
 **********
 PARAMETER    2  IS CONSTANT.   IGNORED.
 **********
 **   80 **FIX            3
 **********
 **********
 **   81 **FIX            4
 **********
 **********
 **   82 **FIX            5
 **********
 PARAMETER    5  IS CONSTANT.   IGNORED.
 **********
 **   83 **FIX            6
 **********
 **********
 **   84 **FIX            7
 **********
 **********
 **   85 **FIX            8
 **********
 **********
 **   86 **FIX            9
 **********
 PARAMETER    9  IS CONSTANT.   IGNORED.
 **********
 **   87 **FIX           10
 **********
 PARAMETER   10  IS CONSTANT.   IGNORED.
 **********
 **   88 **FIX           11
 **********
 PARAMETER   11  IS CONSTANT.   IGNORED.
 **********
 **   89 **FIX           12
 **********
 PARAMETER   12  IS CONSTANT.   IGNORED.
 **********
 **   90 **FIX           16
 **********
 PARAMETER   16  IS CONSTANT.   IGNORED.
 **********
 **   91 **MIGRAD
 **********
 START MIGRAD MINIMIZATION.  STRATEGY  1.  CONVERGENCE WHEN EDM .LT. 1.00e-04
 FCN=334.411 FROM MIGRAD    STATUS=INITIATE       10 CALLS         961 TOTAL
                     EDM= unknown      STRATEGY= 1      NO ERROR MATRIX       
  EXT PARAMETER               CURRENT GUESS       STEP         FIRST   
  NO.   NAME      VALUE            ERROR          SIZE      DERIVATIVE 
   1  N0           3.06184e+06     fixed    
   2  tau          6.43953e+01   constant   
   3  A0           3.42700e-01     fixed    
   4  phi          4.11756e+00     fixed    
   5  R           -6.11796e+01   constant   
   6  A_CBO        8.91180e-04     fixed    
   7  w_CBO        2.32919e+00     fixed    
   8  phi_CBO     -7.46130e-01     fixed    
   9  ANx2         4.90616e-04   constant   
  10  pNx2         2.30674e+00   constant   
  11  ANy1         0.00000e+00   constant   
  12  pNy1         0.00000e+00   constant   
  13  w_y          0.00000e+00   constant   
  14  ANy2        -1.57122e-04   4.19267e-04   4.19267e-04  -1.10262e+01
  15  pNy2         3.41148e-01   constant   
  16  w_vw         1.43130e+01   constant   
  17  LM          -3.45991e-04   constant   
  18  wCBO_expCoeff   2.00304e+02   7.94310e-01   1.44046e-04   2.53925e-03
  19  wCBO_expOffset   2.00046e+02   1.19125e-01   9.53894e-05   1.51241e-02
  20  wCBO_expT    2.99657e+01   1.40628e-02   1.42887e-05  -9.17348e-02
  21  wCBO_linCoeff   0.00000e+00   constant   
  22  wCBO_const   2.10937e-03   1.49479e-03   4.22343e-06   2.60545e-02
 MIGRAD MINIMIZATION HAS CONVERGED.
 MIGRAD WILL VERIFY CONVERGENCE AND ERROR MATRIX.
 COVARIANCE MATRIX CALCULATED SUCCESSFULLY
 FCN=334.411 FROM MIGRAD    STATUS=CONVERGED      54 CALLS        1005 TOTAL
                     EDM=2.70053e-06    STRATEGY= 1      ERROR MATRIX ACCURATE 
  EXT PARAMETER                                   STEP         FIRST   
  NO.   NAME      VALUE            ERROR          SIZE      DERIVATIVE 
   1  N0           3.06184e+06     fixed    
   2  tau          6.43953e+01   constant   
   3  A0           3.42700e-01     fixed    
   4  phi          4.11756e+00     fixed    
   5  R           -6.11796e+01   constant   
   6  A_CBO        8.91180e-04     fixed    
   7  w_CBO        2.32919e+00     fixed    
   8  phi_CBO     -7.46130e-01     fixed    
   9  ANx2         4.90616e-04   constant   
  10  pNx2         2.30674e+00   constant   
  11  ANy1         0.00000e+00   constant   
  12  pNy1         0.00000e+00   constant   
  13  w_y          0.00000e+00   constant   
  14  ANy2        -1.56148e-04   4.21153e-04   3.75808e-06  -8.38718e-04
  15  pNy2         3.41148e-01   constant   
  16  w_vw         1.43130e+01   constant   
  17  LM          -3.45991e-04   constant   
  18  wCBO_expCoeff   2.00304e+02   7.93056e-01   1.44050e-04   3.18027e-03
  19  wCBO_expOffset   2.00046e+02   1.18866e-01   9.53894e-05   2.12501e-02
  20  wCBO_expT    2.99657e+01   1.40882e-02   1.42887e-05  -9.54666e-02
  21  wCBO_linCoeff   0.00000e+00   constant   
  22  wCBO_const   2.10937e-03   1.49731e-03   4.22336e-06   1.07189e-01
 EXTERNAL ERROR MATRIX.    NDIM=  25    NPAR=  5    ERR DEF=1
  1.774e-07 -1.105e-05  6.669e-07  3.547e-07 -3.629e-08 
 -1.105e-05  6.289e-01 -8.902e-02 -1.806e-03  1.688e-04 
  6.669e-07 -8.902e-02  1.413e-02 -2.856e-04  2.417e-05 
  3.547e-07 -1.806e-03 -2.856e-04  1.985e-04 -1.840e-05 
 -3.629e-08  1.688e-04  2.417e-05 -1.840e-05  2.242e-06 
 PARAMETER  CORRELATION COEFFICIENTS  
       NO.  GLOBAL     14     18     19     20     22
       14  0.06547   1.000 -0.033  0.013  0.060 -0.058
       18  0.99979  -0.033  1.000 -0.944 -0.162  0.142
       19  0.99979   0.013 -0.944  1.000 -0.171  0.136
       20  0.99855   0.060 -0.162 -0.171  1.000 -0.872
       22  0.94895  -0.058  0.142  0.136 -0.872  1.000
MINUIT - FIT ALTOGETHER
 **********
 **   92 **RES 
 **********
                   PARAMETER    8  phi_CBO RESTORED TO VARIABLE.
                   PARAMETER    7  w_CBO RESTORED TO VARIABLE.
                   PARAMETER    6  A_CBO RESTORED TO VARIABLE.
                   PARAMETER    4  phi RESTORED TO VARIABLE.
                   PARAMETER    3  A0 RESTORED TO VARIABLE.
                   PARAMETER    1  N0 RESTORED TO VARIABLE.
 **********
 **   93 **MIGRAD
 **********
 START MIGRAD MINIMIZATION.  STRATEGY  1.  CONVERGENCE WHEN EDM .LT. 1.00e-04
 FCN=334.411 FROM MIGRAD    STATUS=INITIATE       22 CALLS        1027 TOTAL
                     EDM= unknown      STRATEGY= 1      NO ERROR MATRIX       
  EXT PARAMETER               CURRENT GUESS       STEP         FIRST   
  NO.   NAME      VALUE            ERROR          SIZE      DERIVATIVE 
   1  N0           3.06184e+06   8.79158e+02   8.79158e+02  -1.33412e-03
   2  tau          6.43953e+01   constant   
   3  A0           3.42700e-01   4.02630e-04   4.02630e-04   3.49125e+02
   4  phi          4.11756e+00   1.21067e-03   1.21067e-03  -2.69120e+02
   5  R           -6.11796e+01   constant   
   6  A_CBO        8.91180e-04   4.30965e-04   4.30965e-04  -1.28918e+02
   7  w_CBO        2.32919e+00   1.84065e-03   1.84065e-03   3.19683e-01
   8  phi_CBO     -7.46130e-01   9.06814e-01   9.06814e-01   2.20401e-03
   9  ANx2         4.90616e-04   constant   
  10  pNx2         2.30674e+00   constant   
  11  ANy1         0.00000e+00   constant   
  12  pNy1         0.00000e+00   constant   
  13  w_y          0.00000e+00   constant   
  14  ANy2        -1.56148e-04   4.21153e-04   3.75808e-06  -8.39308e-04
  15  pNy2         3.41148e-01   constant   
  16  w_vw         1.43130e+01   constant   
  17  LM          -3.45991e-04   constant   
  18  wCBO_expCoeff   2.00304e+02   7.93056e-01   1.44050e-04   3.16668e-03
  19  wCBO_expOffset   2.00046e+02   1.18866e-01   9.53894e-05   1.93097e-02
  20  wCBO_expT    2.99657e+01   1.40882e-02   1.42887e-05  -9.27482e-02
  21  wCBO_linCoeff   0.00000e+00   constant   
  22  wCBO_const   2.10937e-03   1.49731e-03   4.22336e-06   1.06703e-01
 MIGRAD MINIMIZATION HAS CONVERGED.
 MIGRAD WILL VERIFY CONVERGENCE AND ERROR MATRIX.
 COVARIANCE MATRIX CALCULATED SUCCESSFULLY
 FCN=334.009 FROM HESSE     STATUS=OK            100 CALLS        1246 TOTAL
                     EDM=0.000635436    STRATEGY= 1      ERROR MATRIX ACCURATE 
  EXT PARAMETER                                   STEP         FIRST   
  NO.   NAME      VALUE            ERROR          SIZE      DERIVATIVE 
   1  N0           3.06239e+06   9.13159e+02   8.02806e+00   1.02308e-06
   2  tau          6.43953e+01   constant   
