 + ++++++++++++++++++++++++++++++++++++++++++++++++++++++++++++++++++++ +
 +                                                                      +
 +           You have chose to blind your fitting according to          +
 +                omega_ref * (1 + (R +/- deltaR) *10^{-6})             +
 +                                                                      +
 + ++++++++++++++++++++++++++++++++++++++++++++++++++++++++++++++++++++ +
In main()...
reading format from /gm2data/zkhechad/run45/envelope/formats/formatB_sBin_constraintOn.txt
pBinTau 	= 0  
pBinPhi 	= 0  
constraintau 	= 1 
includeMopTerm 	= 0    
constrainMop    = 0   
Parameters after format file: pBinTau 0 pBinPhi 0 constraintau 1 includeMopTerm 0 constrainMop 0 c_e_scale 0.000000 
reading cbo reference file (full fit) from /gm2data/zkhechad/cboTemplates/Run4CBOTemplates/fullFits/run4/sBin_constraintOn_cE0.0_seed0_run4_calo24.root
A_CBO 0.008786 w_CBO 2.327157 phi_CBO 2.253382 N0 3075736.764901 R -61.041197 tau 64.406859 
Reading cboRef file /gm2data/zkhechad/cboTemplates/Run4CBOTemplates//cboIsolate/run4_calo24.root
deltaT 18.605559
windowBins = 120
fitting sliding window 540 from bin 743 at 110.855600 to bin 863 at 128.759600 (120 bins)

Reading data from /gm2data/cornell/histograms/aMethod/histogram_a_run4.root
fitting cbo isolate
 **********
 **    1 **SET PRINTOUT            1
 **********
 **********
 **    2 **SET NOWARNINGS 
 **********
 PARAMETER DEFINITIONS:
    NO.   NAME         VALUE      STEP SIZE      LIMITS
     1 A_CBO        8.78574e-03  1.00000e-05     no limits
     2 w_CBO        2.32716e+00  1.00000e-02    2.00000e+00  3.00000e+00
     3 phi_CBO      2.25338e+00  1.00000e-02    0.00000e+00  6.28319e+00
 **********
 **    3 **MIGRAD
 **********
 FIRST CALL TO USER FUNCTION AT NEW START POINT, WITH IFLAG=4.
 START MIGRAD MINIMIZATION.  STRATEGY  1.  CONVERGENCE WHEN EDM .LT. 1.00e-04
 FCN=0.000962549 FROM MIGRAD    STATUS=INITIATE       10 CALLS          11 TOTAL
                     EDM= unknown      STRATEGY= 1      NO ERROR MATRIX       
  EXT PARAMETER               CURRENT GUESS       STEP         FIRST   
  NO.   NAME      VALUE            ERROR          SIZE      DERIVATIVE 
   1  A_CBO        8.78574e-03   1.00000e-05   1.00000e-05   4.44174e-01
   2  w_CBO        2.32716e+00   1.00000e-02   2.13163e-02  -1.74890e-02
   3  phi_CBO      2.25338e+00   1.00000e-02   3.31850e-03   9.03623e-04
 MIGRAD MINIMIZATION HAS CONVERGED.
 MIGRAD WILL VERIFY CONVERGENCE AND ERROR MATRIX.
 COVARIANCE MATRIX CALCULATED SUCCESSFULLY
 FCN=0.000123477 FROM MIGRAD    STATUS=CONVERGED      43 CALLS          44 TOTAL
                     EDM=1.47366e-05    STRATEGY= 1      ERROR MATRIX ACCURATE 
  EXT PARAMETER                                   STEP         FIRST   
  NO.   NAME      VALUE            ERROR          SIZE      DERIVATIVE 
   1  A_CBO        5.00165e-03   1.50652e-01   6.35998e-05  -3.74163e-03
   2  w_CBO        2.32738e+00   5.93467e-01   2.21098e-04  -2.19008e-05
   3  phi_CBO      2.22956e+00   5.12365e+00   4.16298e-03  -1.11238e-05
 EXTERNAL ERROR MATRIX.    NDIM=  25    NPAR=  3    ERR DEF=1
  2.270e-02 -8.803e-01 -1.055e+02 
 -8.803e-01  1.349e+02  1.616e+04 
 -1.055e+02  1.616e+04  1.936e+06 
 PARAMETER  CORRELATION COEFFICIENTS  
       NO.  GLOBAL      1      2      3
        1  0.50317   1.000 -0.503 -0.503
        2  0.99983  -0.503  1.000  1.000
        3  0.99983  -0.503  1.000  1.000
setting A_CBO=0.005002 w_CBO=2.327379, phi_CBO=2.229558
done fitting cbo isolate
 **********
 **    1 **SET PRINTOUT            1
 **********
 **********
 **    2 **SET NOWARNINGS 
 **********
 PARAMETER DEFINITIONS:
    NO.   NAME         VALUE      STEP SIZE      LIMITS
     1 N0           3.07574e+06  1.00000e+02     no limits
     2 tau          6.44069e+01  constant
     3 A0           3.65045e-01  1.00000e-04     no limits
     4 phi          4.11943e+00  1.00000e-02     no limits
     5 R           -6.10412e+01  constant
     6 A_CBO        5.00165e-03  1.00000e-05     no limits
     7 w_CBO        2.32738e+00  1.00000e-03     no limits
     8 phi_CBO      2.22956e+00  1.00000e-04     no limits
     9 ANx2         1.88981e-04  constant
    10 pNx2         1.59299e+00  constant
    11 ANy1         0.00000e+00  constant
    12 pNy1         0.00000e+00  constant
    13 w_y          0.00000e+00  constant
    14 ANy2         1.39657e-02  1.00000e-04     no limits
    15 pNy2         4.84726e+00  constant
    16 w_vw         1.43184e+01  constant
    17 LM           1.57605e-04  constant
    18 wCBO_expCoeff   2.00000e+02  1.00000e+00     no limits
    19 wCBO_expOffset   2.00000e+02  1.00000e+00     no limits
    20 wCBO_expT    3.00000e+01  1.00000e+00     no limits
    21 wCBO_linCoeff   0.00000e+00  constant
    22 wCBO_const   0.00000e+00  1.00000e-02     no limits
MINUIT - FIT ONLY WIGGLE
 **********
 **    3 **FIX            5
 **********
 PARAMETER    5  IS CONSTANT.   IGNORED.
 **********
 **    4 **FIX            6
 **********
 **********
 **    5 **FIX            7
 **********
 **********
 **    6 **FIX            8
 **********
 **********
 **    7 **FIX            9
 **********
 PARAMETER    9  IS CONSTANT.   IGNORED.
 **********
 **    8 **FIX           10
 **********
 PARAMETER   10  IS CONSTANT.   IGNORED.
 **********
 **    9 **FIX           11
 **********
 PARAMETER   11  IS CONSTANT.   IGNORED.
 **********
 **   10 **FIX           12
 **********
 PARAMETER   12  IS CONSTANT.   IGNORED.
 **********
 **   11 **FIX           13
 **********
 PARAMETER   13  IS CONSTANT.   IGNORED.
 **********
 **   12 **FIX           14
 **********
 **********
 **   13 **FIX           15
 **********
 PARAMETER   15  IS CONSTANT.   IGNORED.
 **********
 **   14 **FIX           16
 **********
 PARAMETER   16  IS CONSTANT.   IGNORED.
 **********
 **   15 **MIGRAD
 **********
 FIRST CALL TO USER FUNCTION AT NEW START POINT, WITH IFLAG=4.
 START MIGRAD MINIMIZATION.  STRATEGY  1.  CONVERGENCE WHEN EDM .LT. 1.00e-04
 FCN=4685.63 FROM MIGRAD    STATUS=INITIATE       63 CALLS          64 TOTAL
                     EDM= unknown      STRATEGY= 1      NO ERROR MATRIX       
  EXT PARAMETER               CURRENT GUESS       STEP         FIRST   
  NO.   NAME      VALUE            ERROR          SIZE      DERIVATIVE 
   1  N0           3.07574e+06   1.00000e+02  -0.00000e+00  -1.40355e-02
   2  tau          6.44069e+01   constant   
   3  A0           3.65045e-01   1.00000e-04  -0.00000e+00   1.88412e+04
   4  phi          4.11943e+00   1.00000e-02  -0.00000e+00   2.03003e+04
   5  R           -6.10412e+01   constant   
   6  A_CBO        5.00165e-03     fixed    
   7  w_CBO        2.32738e+00     fixed    
   8  phi_CBO      2.22956e+00     fixed    
   9  ANx2         1.88981e-04   constant   
  10  pNx2         1.59299e+00   constant   
  11  ANy1         0.00000e+00   constant   
  12  pNy1         0.00000e+00   constant   
  13  w_y          0.00000e+00   constant   
  14  ANy2         1.39657e-02     fixed    
  15  pNy2         4.84726e+00   constant   
  16  w_vw         1.43184e+01   constant   
  17  LM           1.57605e-04   constant   
  18  wCBO_expCoeff   2.00001e+02   1.00000e+00   9.08023e-04  -2.21217e+06
  19  wCBO_expOffset   2.00000e+02   1.00000e+00  -0.00000e+00  -1.62078e+06
  20  wCBO_expT    3.00000e+01   1.00000e+00  -0.00000e+00   2.89330e+07
  21  wCBO_linCoeff   0.00000e+00   constant   
  22  wCBO_const   0.00000e+00   1.00000e-02  -0.00000e+00  -1.47822e+05
 MIGRAD FAILS TO FIND IMPROVEMENT
 FCN=4293.94 FROM HESSE     STATUS=NOT POSDEF     56 CALLS         311 TOTAL
                     EDM=48.7269    STRATEGY= 1      ERR MATRIX NOT POS-DEF
  EXT PARAMETER                APPROXIMATE        STEP         FIRST   
  NO.   NAME      VALUE            ERROR          SIZE      DERIVATIVE 
   1  N0           3.07680e+06   7.59975e+02   1.50444e+01  -5.30548e-03
   2  tau          6.44069e+01   constant   
   3  A0           3.64857e-01   3.50567e-04   6.64073e-06   7.32325e+03
   4  phi          4.11784e+00   5.57140e-04   1.85079e-05   3.54795e+03
   5  R           -6.10412e+01   constant   
   6  A_CBO        5.00165e-03     fixed    
   7  w_CBO        2.32738e+00     fixed    
   8  phi_CBO      2.22956e+00     fixed    
   9  ANx2         1.88981e-04   constant   
  10  pNx2         1.59299e+00   constant   
  11  ANy1         0.00000e+00   constant   
  12  pNy1         0.00000e+00   constant   
  13  w_y          0.00000e+00   constant   
  14  ANy2         1.39657e-02     fixed    
  15  pNy2         4.84726e+00   constant   
  16  w_vw         1.43184e+01   constant   
  17  LM           1.57605e-04   constant   
  18  wCBO_expCoeff   2.00001e+02   1.50994e-04   9.53679e-05  -1.64582e+05
  19  wCBO_expOffset   2.00000e+02   2.00278e-05   9.53674e-05  -1.02480e+06
  20  wCBO_expT    3.00000e+01   6.56411e-06   1.43051e-05   4.16152e+06
  21  wCBO_linCoeff   0.00000e+00   constant   
  22  wCBO_const   2.50289e-04   1.27812e-03   5.52445e-06   5.68502e+02
 MIGRAD FAILS TO FIND IMPROVEMENT
 MIGRAD TERMINATED WITHOUT CONVERGENCE.
 FCN=4273.79 FROM MIGRAD    STATUS=FAILED        567 CALLS         568 TOTAL
                     EDM=115.674    STRATEGY= 1      ERR MATRIX NOT POS-DEF
  EXT PARAMETER                APPROXIMATE        STEP         FIRST   
  NO.   NAME      VALUE            ERROR          SIZE      DERIVATIVE 
   1  N0           3.07831e+06   5.71533e+02   0.00000e+00   7.44155e-03
   2  tau          6.44069e+01   constant   
   3  A0           3.64290e-01   2.79379e-04  -0.00000e+00  -1.05809e+04
   4  phi          4.11679e+00   5.53452e-04  -0.00000e+00  -3.06845e+03
   5  R           -6.10412e+01   constant   
   6  A_CBO        5.00165e-03     fixed    
   7  w_CBO        2.32738e+00     fixed    
   8  phi_CBO      2.22956e+00     fixed    
   9  ANx2         1.88981e-04   constant   
  10  pNx2         1.59299e+00   constant   
  11  ANy1         0.00000e+00   constant   
  12  pNy1         0.00000e+00   constant   
  13  w_y          0.00000e+00   constant   
  14  ANy2         1.39657e-02     fixed    
  15  pNy2         4.84726e+00   constant   
  16  w_vw         1.43184e+01   constant   
  17  LM           1.57605e-04   constant   
  18  wCBO_expCoeff   2.00001e+02   7.88971e-05   0.00000e+00  -3.82893e+05
  19  wCBO_expOffset   2.00000e+02   1.01273e-05  -0.00000e+00   9.15220e+05
  20  wCBO_expT    3.00000e+01   3.89500e-06  -0.00000e+00   4.81898e+06
  21  wCBO_linCoeff   0.00000e+00   constant   
  22  wCBO_const  -2.42447e-03   1.34887e-03  -0.00000e+00  -2.03125e+04
 EXTERNAL ERROR MATRIX.    NDIM=  25    NPAR=  7    ERR DEF=1
  3.266e+05 -7.280e-02 -3.284e-02  2.382e-02 -4.156e-03 -1.599e-03 -4.614e-01 
 -7.280e-02  7.805e-08  2.664e-08 -1.318e-08  2.132e-09  8.131e-10  2.531e-07 
 -3.284e-02  2.664e-08  3.063e-07 -9.191e-09  1.711e-09  6.346e-10  1.807e-07 
  2.382e-02 -1.318e-08 -9.191e-09  6.225e-09 -6.525e-10 -2.197e-10 -1.029e-07 
 -4.156e-03  2.132e-09  1.711e-09 -6.525e-10  1.026e-10  3.852e-11  1.262e-08 
 -1.599e-03  8.131e-10  6.346e-10 -2.197e-10  3.852e-11  1.517e-11  4.535e-09 
 -4.614e-01  2.531e-07  1.807e-07 -1.029e-07  1.262e-08  4.535e-09  1.819e-06 
ERR MATRIX NOT POS-DEF
 PARAMETER  CORRELATION COEFFICIENTS  
       NO.  GLOBAL      1      3      4     18     19     20     22
        1  0.97719   1.000 -0.456 -0.104  0.528 -0.718 -0.718 -0.599
        3  0.96255  -0.456  1.000  0.172 -0.598  0.754  0.747  0.672
        4  0.80881  -0.104  0.172  1.000 -0.210  0.305  0.294  0.242
       18  0.99974   0.528 -0.598 -0.210  1.000 -0.817 -0.715 -0.967
       19  0.99574  -0.718  0.754  0.305 -0.817  1.000  0.977  0.923
       20  0.99953  -0.718  0.747  0.294 -0.715  0.977  1.000  0.863
       22  0.99985  -0.599  0.672  0.242 -0.967  0.923  0.863  1.000
 ERR MATRIX NOT POS-DEF
MINUIT - FIT ONLY 1-CBO + other amplitudes 
 **********
 **   16 **RES 
 **********
                   PARAMETER   14  ANy2 RESTORED TO VARIABLE.
                   PARAMETER    8  phi_CBO RESTORED TO VARIABLE.
                   PARAMETER    7  w_CBO RESTORED TO VARIABLE.
                   PARAMETER    6  A_CBO RESTORED TO VARIABLE.
 **********
 **   17 **FIX            0
 **********
 PARAMETER    0  IS UNDEFINED. IGNORED.
 **********
 **   18 **FIX            1
 **********
 **********
 **   19 **FIX            2
 **********
 PARAMETER    2  IS CONSTANT.   IGNORED.
 **********
 **   20 **FIX            3
 **********
 **********
 **   21 **FIX            4
 **********
 **********
 **   22 **FIX            9
 **********
 PARAMETER    9  IS CONSTANT.   IGNORED.
 **********
 **   23 **FIX           11
 **********
 PARAMETER   11  IS CONSTANT.   IGNORED.
 **********
 **   24 **FIX           12
 **********
 PARAMETER   12  IS CONSTANT.   IGNORED.
 **********
 **   25 **FIX           14
 **********
 **********
 **   26 **FIX           15
 **********
 PARAMETER   15  IS CONSTANT.   IGNORED.
 **********
 **   27 **FIX           16
 **********
 PARAMETER   16  IS CONSTANT.   IGNORED.
 **********
 **   28 **MIGRAD
 **********
 START MIGRAD MINIMIZATION.  STRATEGY  1.  CONVERGENCE WHEN EDM .LT. 1.00e-04
 FCN=4273.79 FROM MIGRAD    STATUS=INITIATE       22 CALLS         590 TOTAL
                     EDM= unknown      STRATEGY= 1      NO ERROR MATRIX       
  EXT PARAMETER               CURRENT GUESS       STEP         FIRST   
  NO.   NAME      VALUE            ERROR          SIZE      DERIVATIVE 
   1  N0           3.07831e+06     fixed    
   2  tau          6.44069e+01   constant   
   3  A0           3.64290e-01     fixed    
   4  phi          4.11679e+00     fixed    
   5  R           -6.10412e+01   constant   
   6  A_CBO        5.00165e-03   1.00000e-05   1.00000e-05   5.40115e+04
   7  w_CBO        2.32738e+00   1.00000e-03   1.00000e-03  -3.29101e+07
   8  phi_CBO      2.22956e+00   1.00000e-04   1.00000e-04   6.60181e+01
   9  ANx2         1.88981e-04   constant   
  10  pNx2         1.59299e+00   constant   
  11  ANy1         0.00000e+00   constant   
  12  pNy1         0.00000e+00   constant   
  13  w_y          0.00000e+00   constant   
  14  ANy2         1.39657e-02     fixed    
  15  pNy2         4.84726e+00   constant   
  16  w_vw         1.43184e+01   constant   
  17  LM           1.57605e-04   constant   
  18  wCBO_expCoeff   2.00001e+02   7.88971e-05   0.00000e+00  -3.82893e+05
  19  wCBO_expOffset   2.00000e+02   1.01273e-05  -0.00000e+00   9.15220e+05
  20  wCBO_expT    3.00000e+01   3.89500e-06  -0.00000e+00   4.81898e+06
  21  wCBO_linCoeff   0.00000e+00   constant   
  22  wCBO_const  -2.42447e-03   1.34887e-03  -0.00000e+00  -2.03125e+04
 MIGRAD FAILS TO FIND IMPROVEMENT
 FCN=4233.42 FROM HESSE     STATUS=NOT POSDEF     58 CALLS         693 TOTAL
                     EDM=65.7437    STRATEGY= 1      ERR MATRIX NOT POS-DEF
  EXT PARAMETER                APPROXIMATE        STEP         FIRST   
  NO.   NAME      VALUE            ERROR          SIZE      DERIVATIVE 
   1  N0           3.07831e+06     fixed    
   2  tau          6.44069e+01   constant   
   3  A0           3.64290e-01     fixed    
   4  phi          4.11679e+00     fixed    
   5  R           -6.10412e+01   constant   
   6  A_CBO        3.71989e-03   1.80306e-03   7.22102e-06   3.50375e+03
   7  w_CBO        2.32738e+00   6.04510e-07   1.10978e-06  -8.99270e+06
   8  phi_CBO      2.21225e+00   7.24568e-02   1.68233e-03  -4.42496e+00
   9  ANx2         1.88981e-04   constant   
  10  pNx2         1.59299e+00   constant   
  11  ANy1         0.00000e+00   constant   
  12  pNy1         0.00000e+00   constant   
  13  w_y          0.00000e+00   constant   
  14  ANy2         1.39657e-02     fixed    
  15  pNy2         4.84726e+00   constant   
  16  w_vw         1.43184e+01   constant   
  17  LM           1.57605e-04   constant   
  18  wCBO_expCoeff   2.00001e+02   5.19415e-05   9.53680e-05  -1.04643e+05
  19  wCBO_expOffset   2.00000e+02   2.38605e-05   9.53674e-05  -6.58443e+05
  20  wCBO_expT    3.00000e+01   6.51403e-06   1.43051e-05   2.53747e+06
  21  wCBO_linCoeff   0.00000e+00   constant   
  22  wCBO_const  -2.33253e-03   3.49305e-04   5.98248e-06  -7.74642e+02
 MIGRAD FAILS TO FIND IMPROVEMENT
 MIGRAD TERMINATED WITHOUT CONVERGENCE.
 FCN=4230.66 FROM MIGRAD    STATUS=FAILED        992 CALLS        1560 TOTAL
                     EDM=34.652    STRATEGY= 1      ERR MATRIX NOT POS-DEF
  EXT PARAMETER                APPROXIMATE        STEP         FIRST   
  NO.   NAME      VALUE            ERROR          SIZE      DERIVATIVE 
   1  N0           3.07831e+06     fixed    
   2  tau          6.44069e+01   constant   
   3  A0           3.64290e-01     fixed    
   4  phi          4.11679e+00     fixed    
   5  R           -6.10412e+01   constant   
   6  A_CBO        3.88887e-03   4.06049e-04   0.00000e+00   9.82662e+03
   7  w_CBO        2.32738e+00   2.74370e-07   0.00000e+00  -1.43829e+07
   8  phi_CBO      2.32154e+00   1.68835e-01   0.00000e+00   1.98103e+01
   9  ANx2         1.88981e-04   constant   
  10  pNx2         1.59299e+00   constant   
  11  ANy1         0.00000e+00   constant   
  12  pNy1         0.00000e+00   constant   
  13  w_y          0.00000e+00   constant   
  14  ANy2         1.39657e-02     fixed    
  15  pNy2         4.84726e+00   constant   
  16  w_vw         1.43184e+01   constant   
  17  LM           1.57605e-04   constant   
  18  wCBO_expCoeff   2.00001e+02   2.36105e-05   0.00000e+00  -1.67349e+05
  19  wCBO_expOffset   2.00000e+02   9.96372e-06  -0.00000e+00   6.74879e+05
  20  wCBO_expT    3.00000e+01   3.63277e-06  -0.00000e+00   2.03892e+06
  21  wCBO_linCoeff   0.00000e+00   constant   
  22  wCBO_const  -2.52999e-03   3.16858e-04  -0.00000e+00  -7.12804e+03
 EXTERNAL ERROR MATRIX.    NDIM=  25    NPAR=  7    ERR DEF=1
  1.649e-07  7.656e-11  5.609e-05  6.593e-09 -3.792e-09 -1.400e-09 -8.088e-08 
  7.656e-11  7.528e-14  3.864e-08  4.120e-12 -2.132e-12 -7.301e-13 -6.649e-11 
  5.609e-05  3.864e-08  2.851e-02  3.326e-06 -1.556e-06 -5.545e-07 -3.696e-05 
  6.593e-09  4.120e-12  3.326e-06  5.575e-10 -1.836e-10 -6.287e-11 -5.723e-09 
 -3.792e-09 -2.132e-12 -1.556e-06 -1.836e-10  9.928e-11  3.556e-11  2.371e-09 
 -1.400e-09 -7.301e-13 -5.545e-07 -6.287e-11  3.556e-11  1.320e-11  8.363e-10 
 -8.088e-08 -6.649e-11 -3.696e-05 -5.723e-09  2.371e-09  8.363e-10  1.004e-07 
ERR MATRIX NOT POS-DEF
 PARAMETER  CORRELATION COEFFICIENTS  
       NO.  GLOBAL      6      7      8     18     19     20     22
        6  0.99912   1.000  0.687  0.818  0.688 -0.937 -0.949 -0.629
        7  0.99873   0.687  1.000  0.834  0.636 -0.780 -0.732 -0.765
        8  0.99965   0.818  0.834  1.000  0.834 -0.925 -0.904 -0.691
       18  0.99873   0.688  0.636  0.834  1.000 -0.780 -0.733 -0.765
       19  0.99228  -0.937 -0.780 -0.925 -0.780  1.000  0.982  0.751
       20  0.99977  -0.949 -0.732 -0.904 -0.733  0.982  1.000  0.727
       22  0.99869  -0.629 -0.765 -0.691 -0.765  0.751  0.727  1.000
 ERR MATRIX NOT POS-DEF
MINUIT - FIT ONLY 1-CBO
 **********
 **   29 **RES 
 **********
                   PARAMETER   14  ANy2 RESTORED TO VARIABLE.
                   PARAMETER    4  phi RESTORED TO VARIABLE.
                   PARAMETER    3  A0 RESTORED TO VARIABLE.
                   PARAMETER    1  N0 RESTORED TO VARIABLE.
 **********
 **   30 **FIX            0
 **********
 PARAMETER    0  IS UNDEFINED. IGNORED.
 **********
 **   31 **FIX            1
 **********
 **********
 **   32 **FIX            2
 **********
 PARAMETER    2  IS CONSTANT.   IGNORED.
 **********
 **   33 **FIX            3
 **********
 **********
 **   34 **FIX            4
 **********
 **********
 **   35 **FIX            8
 **********
 **********
 **   36 **FIX            9
 **********
 PARAMETER    9  IS CONSTANT.   IGNORED.
 **********
 **   37 **FIX           11
 **********
 PARAMETER   11  IS CONSTANT.   IGNORED.
 **********
 **   38 **FIX           12
 **********
 PARAMETER   12  IS CONSTANT.   IGNORED.
 **********
 **   39 **FIX           13
 **********
 PARAMETER   13  IS CONSTANT.   IGNORED.
 **********
 **   40 **FIX           15
 **********
 PARAMETER   15  IS CONSTANT.   IGNORED.
 **********
 **   41 **FIX           16
 **********
 PARAMETER   16  IS CONSTANT.   IGNORED.
 **********
 **   42 **MIGRAD
 **********
 START MIGRAD MINIMIZATION.  STRATEGY  1.  CONVERGENCE WHEN EDM .LT. 1.00e-04
 FCN=4230.66 FROM MIGRAD    STATUS=INITIATE       16 CALLS        1576 TOTAL
                     EDM= unknown      STRATEGY= 1      NO ERROR MATRIX       
  EXT PARAMETER               CURRENT GUESS       STEP         FIRST   
  NO.   NAME      VALUE            ERROR          SIZE      DERIVATIVE 
   1  N0           3.07831e+06     fixed    
   2  tau          6.44069e+01   constant   
   3  A0           3.64290e-01     fixed    
   4  phi          4.11679e+00     fixed    
   5  R           -6.10412e+01   constant   
   6  A_CBO        3.88887e-03   4.06049e-04   0.00000e+00   9.82662e+03
   7  w_CBO        2.32738e+00   2.74370e-07   0.00000e+00  -1.43829e+07
   8  phi_CBO      2.32154e+00     fixed    
   9  ANx2         1.88981e-04   constant   
  10  pNx2         1.59299e+00   constant   
  11  ANy1         0.00000e+00   constant   
  12  pNy1         0.00000e+00   constant   
  13  w_y          0.00000e+00   constant   
  14  ANy2         1.39657e-02   1.00000e-04   1.00000e-04   5.32985e+05
  15  pNy2         4.84726e+00   constant   
  16  w_vw         1.43184e+01   constant   
  17  LM           1.57605e-04   constant   
  18  wCBO_expCoeff   2.00001e+02   2.36105e-05   0.00000e+00  -1.67349e+05
  19  wCBO_expOffset   2.00000e+02   9.96372e-06  -0.00000e+00   6.74879e+05
  20  wCBO_expT    3.00000e+01   3.63277e-06  -0.00000e+00   2.03892e+06
  21  wCBO_linCoeff   0.00000e+00   constant   
  22  wCBO_const  -2.52999e-03   3.16858e-04  -0.00000e+00  -7.12805e+03
 CALL LIMIT EXCEEDED IN MIGRAD.
 MIGRAD TERMINATED WITHOUT CONVERGENCE.
 FCN=588.392 FROM MIGRAD    STATUS=CALL LIMIT   1145 CALLS        2705 TOTAL
                     EDM=0.631826    STRATEGY= 1  ERROR MATRIX UNCERTAINTY   0.9 per cent
  EXT PARAMETER                APPROXIMATE        STEP         FIRST   
  NO.   NAME      VALUE            ERROR          SIZE      DERIVATIVE 
   1  N0           3.07831e+06     fixed    
   2  tau          6.44069e+01   constant   
   3  A0           3.64290e-01     fixed    
   4  phi          4.11679e+00     fixed    
   5  R           -6.10412e+01   constant   
   6  A_CBO        4.81448e-04   2.72779e-04  -2.35780e-08  -4.10092e+02
   7  w_CBO        2.32738e+00   2.50400e-07   1.49146e-11  -2.06224e+04
   8  phi_CBO      2.32154e+00     fixed    
   9  ANx2         1.88981e-04   constant   
  10  pNx2         1.59299e+00   constant   
  11  ANy1         0.00000e+00   constant   
  12  pNy1         0.00000e+00   constant   
  13  w_y          0.00000e+00   constant   
  14  ANy2         3.56246e-04   3.61882e-04   4.12862e-08   3.43738e+02
  15  pNy2         4.84726e+00   constant   
  16  w_vw         1.43184e+01   constant   
  17  LM           1.57605e-04   constant   
  18  wCBO_expCoeff   2.00001e+02   2.15232e-05   1.28144e-09  -2.39036e+02
  19  wCBO_expOffset   2.00000e+02   2.31109e-05  -2.94099e-09   6.06958e+04
  20  wCBO_expT    3.00000e+01   1.18193e-06   9.33415e-11  -4.10278e+04
  21  wCBO_linCoeff   0.00000e+00   constant   
  22  wCBO_const  -8.71474e-04   8.14610e-04   9.85626e-08  -4.35364e+02
 EXTERNAL ERROR MATRIX.    NDIM=  25    NPAR=  7    ERR DEF=1
  7.441e-08 -4.512e-11 -5.110e-08 -3.878e-09  4.323e-09 -5.521e-11 -1.700e-07 
 -4.512e-11  6.270e-14  5.460e-11  3.351e-12 -2.803e-12  4.633e-15  1.196e-10 
 -5.110e-08  5.460e-11  1.310e-07  4.692e-09 -7.445e-09  1.794e-10  2.673e-07 
 -3.878e-09  3.351e-12  4.692e-09  4.633e-10 -2.408e-10  3.940e-13  1.028e-08 
  4.323e-09 -2.803e-12 -7.445e-09 -2.408e-10  5.341e-10 -1.616e-11 -1.774e-08 
 -5.521e-11  4.633e-15  1.794e-10  3.940e-13 -1.616e-11  1.397e-12  4.614e-10 
 -1.700e-07  1.196e-10  2.673e-07  1.028e-08 -1.774e-08  4.614e-10  6.636e-07 
ERR MATRIX APPROXIMATE
 PARAMETER  CORRELATION COEFFICIENTS  
       NO.  GLOBAL      6      7     14     18     19     20     22
        6  0.99619   1.000 -0.661 -0.518 -0.661  0.686 -0.171 -0.765
        7  0.97054  -0.661  1.000  0.603  0.622 -0.484  0.016  0.586
       14  0.99821  -0.518  0.603  1.000  0.602 -0.890  0.420  0.907
       18  0.97054  -0.661  0.622  0.602  1.000 -0.484  0.015  0.586
       19  0.99483   0.686 -0.484 -0.890 -0.484  1.000 -0.591 -0.942
       20  0.92385  -0.171  0.016  0.420  0.015 -0.591  1.000  0.479
       22  0.99662  -0.765  0.586  0.907  0.586 -0.942  0.479  1.000
 ERR MATRIX APPROXIMATE
MINUIT - FIT ONLY 2-CBO
 **********
 **   43 **RES 
 **********
                   PARAMETER    8  phi_CBO RESTORED TO VARIABLE.
                   PARAMETER    4  phi RESTORED TO VARIABLE.
                   PARAMETER    3  A0 RESTORED TO VARIABLE.
                   PARAMETER    1  N0 RESTORED TO VARIABLE.
 **********
 **   44 **FIX            0
 **********
 PARAMETER    0  IS UNDEFINED. IGNORED.
 **********
 **   45 **FIX            1
 **********
 **********
 **   46 **FIX            2
 **********
 PARAMETER    2  IS CONSTANT.   IGNORED.
 **********
 **   47 **FIX            3
 **********
 **********
 **   48 **FIX            4
 **********
 **********
 **   49 **FIX            5
 **********
 PARAMETER    5  IS CONSTANT.   IGNORED.
 **********
 **   50 **FIX            6
 **********
 **********
 **   51 **FIX            7
 **********
 **********
 **   52 **FIX           10
 **********
 PARAMETER   10  IS CONSTANT.   IGNORED.
 **********
 **   53 **FIX           11
 **********
 PARAMETER   11  IS CONSTANT.   IGNORED.
 **********
 **   54 **FIX           12
 **********
 PARAMETER   12  IS CONSTANT.   IGNORED.
 **********
 **   55 **FIX           13
 **********
 PARAMETER   13  IS CONSTANT.   IGNORED.
 **********
 **   56 **FIX           14
 **********
 **********
 **   57 **FIX           15
 **********
 PARAMETER   15  IS CONSTANT.   IGNORED.
 **********
 **   58 **FIX           16
 **********
 PARAMETER   16  IS CONSTANT.   IGNORED.
 **********
 **   59 **MIGRAD
 **********
 START MIGRAD MINIMIZATION.  STRATEGY  1.  CONVERGENCE WHEN EDM .LT. 1.00e-04
 FCN=588.392 FROM MIGRAD    STATUS=INITIATE       12 CALLS        2717 TOTAL
                     EDM= unknown      STRATEGY= 1      NO ERROR MATRIX       
  EXT PARAMETER               CURRENT GUESS       STEP         FIRST   
  NO.   NAME      VALUE            ERROR          SIZE      DERIVATIVE 
   1  N0           3.07831e+06     fixed    
   2  tau          6.44069e+01   constant   
   3  A0           3.64290e-01     fixed    
   4  phi          4.11679e+00     fixed    
   5  R           -6.10412e+01   constant   
   6  A_CBO        4.81448e-04     fixed    
   7  w_CBO        2.32738e+00     fixed    
   8  phi_CBO      2.32154e+00   1.68835e-01   1.68835e-01  -5.11755e+00
   9  ANx2         1.88981e-04   constant   
  10  pNx2         1.59299e+00   constant   
  11  ANy1         0.00000e+00   constant   
  12  pNy1         0.00000e+00   constant   
  13  w_y          0.00000e+00   constant   
  14  ANy2         3.56246e-04     fixed    
  15  pNy2         4.84726e+00   constant   
  16  w_vw         1.43184e+01   constant   
  17  LM           1.57605e-04   constant   
  18  wCBO_expCoeff   2.00001e+02   2.15232e-05   1.28144e-09  -2.39036e+02
  19  wCBO_expOffset   2.00000e+02   2.31109e-05  -2.94099e-09   6.06958e+04
  20  wCBO_expT    3.00000e+01   1.18193e-06   9.33415e-11  -4.10278e+04
  21  wCBO_linCoeff   0.00000e+00   constant   
  22  wCBO_const  -8.71474e-04   8.14610e-04   9.85626e-08  -4.35364e+02
 MIGRAD FAILS TO FIND IMPROVEMENT
 FCN=587.941 FROM HESSE     STATUS=NOT POSDEF     37 CALLS        3038 TOTAL
                     EDM=31.9239    STRATEGY= 1      ERR MATRIX NOT POS-DEF
  EXT PARAMETER                APPROXIMATE        STEP         FIRST   
  NO.   NAME      VALUE            ERROR          SIZE      DERIVATIVE 
   1  N0           3.07831e+06     fixed    
   2  tau          6.44069e+01   constant   
   3  A0           3.64290e-01     fixed    
   4  phi          4.11679e+00     fixed    
   5  R           -6.10412e+01   constant   
   6  A_CBO        4.81448e-04     fixed    
   7  w_CBO        2.32738e+00     fixed    
   8  phi_CBO      2.59699e+00   7.82331e-01   5.14294e-03  -8.66782e-01
   9  ANx2         1.88981e-04   constant   
  10  pNx2         1.59299e+00   constant   
  11  ANy1         0.00000e+00   constant   
  12  pNy1         0.00000e+00   constant   
  13  w_y          0.00000e+00   constant   
  14  ANy2         3.56246e-04     fixed    
  15  pNy2         4.84726e+00   constant   
  16  w_vw         1.43184e+01   constant   
  17  LM           1.57605e-04   constant   
  18  wCBO_expCoeff   2.00001e+02   7.24759e-04   9.53681e-05  -2.85297e+04
  19  wCBO_expOffset   2.00000e+02   1.37726e-04   9.53674e-05  -1.83425e+05
  20  wCBO_expT    3.00000e+01   3.32777e-05   1.43051e-05   5.04287e+05
  21  wCBO_linCoeff   0.00000e+00   constant   
  22  wCBO_const  -6.97384e-04   8.73058e-03   1.20402e-05  -2.04612e+03
 MIGRAD FAILS TO FIND IMPROVEMENT
 MIGRAD TERMINATED WITHOUT CONVERGENCE.
 FCN=586.178 FROM MIGRAD    STATUS=FAILED        382 CALLS        3087 TOTAL
                     EDM=0.638839    STRATEGY= 1      ERR MATRIX NOT POS-DEF
  EXT PARAMETER                APPROXIMATE        STEP         FIRST   
  NO.   NAME      VALUE            ERROR          SIZE      DERIVATIVE 
   1  N0           3.07831e+06     fixed    
   2  tau          6.44069e+01   constant   
   3  A0           3.64290e-01     fixed    
   4  phi          4.11679e+00     fixed    
   5  R           -6.10412e+01   constant   
   6  A_CBO        4.81448e-04     fixed    
   7  w_CBO        2.32738e+00     fixed    
   8  phi_CBO      3.06896e+00   6.83236e-01   0.00000e+00  -4.31093e-02
   9  ANx2         1.88981e-04   constant   
  10  pNx2         1.59299e+00   constant   
  11  ANy1         0.00000e+00   constant   
  12  pNy1         0.00000e+00   constant   
  13  w_y          0.00000e+00   constant   
  14  ANy2         3.56246e-04     fixed    
  15  pNy2         4.84726e+00   constant   
  16  w_vw         1.43184e+01   constant   
  17  LM           1.57605e-04   constant   
  18  wCBO_expCoeff   2.00001e+02   3.05563e-04  -0.00000e+00  -1.44655e+03
  19  wCBO_expOffset   2.00000e+02   5.03527e-05  -0.00000e+00   1.90734e+04
  20  wCBO_expT    3.00000e+01   1.94644e-05  -0.00000e+00   9.86260e+04
  21  wCBO_linCoeff   0.00000e+00   constant   
  22  wCBO_const   3.61301e-04   4.56727e-03   0.00000e+00   2.88650e+01
 EXTERNAL ERROR MATRIX.    NDIM=  25    NPAR=  5    ERR DEF=1
  4.668e-01 -1.720e-04 -3.177e-05 -1.257e-05  2.683e-03 
 -1.720e-04  9.337e-08  1.430e-08  5.634e-09 -1.365e-06 
 -3.177e-05  1.430e-08  2.535e-09  9.575e-10 -2.182e-07 
 -1.257e-05  5.634e-09  9.575e-10  3.789e-10 -8.397e-08 
  2.683e-03 -1.365e-06 -2.182e-07 -8.397e-08  2.086e-05 
ERR MATRIX NOT POS-DEF
 PARAMETER  CORRELATION COEFFICIENTS  
       NO.  GLOBAL      8     18     19     20     22
        8  0.98064   1.000 -0.824 -0.923 -0.945  0.860
       18  0.99359  -0.824  1.000  0.929  0.947 -0.978
       19  0.98507  -0.923  0.929  1.000  0.977 -0.949
       20  0.99563  -0.945  0.947  0.977  1.000 -0.945
       22  0.99034   0.860 -0.978 -0.949 -0.945  1.000
 ERR MATRIX NOT POS-DEF
MINUIT - FIT ONLY 1-y
 **********
 **   60 **RES 
 **********
                   PARAMETER   14  ANy2 RESTORED TO VARIABLE.
                   PARAMETER    7  w_CBO RESTORED TO VARIABLE.
                   PARAMETER    6  A_CBO RESTORED TO VARIABLE.
                   PARAMETER    4  phi RESTORED TO VARIABLE.
                   PARAMETER    3  A0 RESTORED TO VARIABLE.
                   PARAMETER    1  N0 RESTORED TO VARIABLE.
 **********
 **   61 **FIX            0
 **********
 PARAMETER    0  IS UNDEFINED. IGNORED.
 **********
 **   62 **FIX            1
 **********
 **********
 **   63 **FIX            2
 **********
 PARAMETER    2  IS CONSTANT.   IGNORED.
 **********
 **   64 **FIX            3
 **********
 **********
 **   65 **FIX            4
 **********
 **********
 **   66 **FIX            5
 **********
 PARAMETER    5  IS CONSTANT.   IGNORED.
 **********
 **   67 **FIX            6
 **********
 **********
 **   68 **FIX            7
 **********
 **********
 **   69 **FIX            8
 **********
 **********
 **   70 **FIX            9
 **********
 PARAMETER    9  IS CONSTANT.   IGNORED.
 **********
 **   71 **FIX           13
 **********
 PARAMETER   13  IS CONSTANT.   IGNORED.
 **********
 **   72 **FIX           14
 **********
 **********
 **   73 **FIX           15
 **********
 PARAMETER   15  IS CONSTANT.   IGNORED.
 **********
 **   74 **FIX           16
 **********
 PARAMETER   16  IS CONSTANT.   IGNORED.
 **********
 **   75 **MIGRAD
 **********
 START MIGRAD MINIMIZATION.  STRATEGY  1.  CONVERGENCE WHEN EDM .LT. 1.00e-04
 FCN=586.178 FROM MIGRAD    STATUS=INITIATE        8 CALLS        3095 TOTAL
                     EDM= unknown      STRATEGY= 1      NO ERROR MATRIX       
  EXT PARAMETER               CURRENT GUESS       STEP         FIRST   
  NO.   NAME      VALUE            ERROR          SIZE      DERIVATIVE 
   1  N0           3.07831e+06     fixed    
   2  tau          6.44069e+01   constant   
   3  A0           3.64290e-01     fixed    
   4  phi          4.11679e+00     fixed    
   5  R           -6.10412e+01   constant   
   6  A_CBO        4.81448e-04     fixed    
   7  w_CBO        2.32738e+00     fixed    
   8  phi_CBO      3.06896e+00     fixed    
   9  ANx2         1.88981e-04   constant   
  10  pNx2         1.59299e+00   constant   
  11  ANy1         0.00000e+00   constant   
  12  pNy1         0.00000e+00   constant   
  13  w_y          0.00000e+00   constant   
  14  ANy2         3.56246e-04     fixed    
  15  pNy2         4.84726e+00   constant   
  16  w_vw         1.43184e+01   constant   
  17  LM           1.57605e-04   constant   
  18  wCBO_expCoeff   2.00001e+02   3.05563e-04  -0.00000e+00  -1.44655e+03
  19  wCBO_expOffset   2.00000e+02   5.03527e-05  -0.00000e+00   1.90734e+04
  20  wCBO_expT    3.00000e+01   1.94644e-05  -0.00000e+00   9.86260e+04
  21  wCBO_linCoeff   0.00000e+00   constant   
  22  wCBO_const   3.61301e-04   4.56727e-03   0.00000e+00   2.88650e+01
 MIGRAD FAILS TO FIND IMPROVEMENT
 FCN=586.177 FROM HESSE     STATUS=NOT POSDEF     29 CALLS        3146 TOTAL
                     EDM=7.54976    STRATEGY= 1      ERR MATRIX NOT POS-DEF
  EXT PARAMETER                APPROXIMATE        STEP         FIRST   
  NO.   NAME      VALUE            ERROR          SIZE      DERIVATIVE 
   1  N0           3.07831e+06     fixed    
   2  tau          6.44069e+01   constant   
   3  A0           3.64290e-01     fixed    
   4  phi          4.11679e+00     fixed    
   5  R           -6.10412e+01   constant   
   6  A_CBO        4.81448e-04     fixed    
   7  w_CBO        2.32738e+00     fixed    
   8  phi_CBO      3.06896e+00     fixed    
   9  ANx2         1.88981e-04   constant   
  10  pNx2         1.59299e+00   constant   
  11  ANy1         0.00000e+00   constant   
  12  pNy1         0.00000e+00   constant   
  13  w_y          0.00000e+00   constant   
  14  ANy2         3.56246e-04     fixed    
  15  pNy2         4.84726e+00   constant   
  16  w_vw         1.43184e+01   constant   
  17  LM           1.57605e-04   constant   
  18  wCBO_expCoeff   2.00001e+02   7.03738e-04   9.53681e-05  -1.72726e+03
  19  wCBO_expOffset   2.00000e+02   1.56735e-04   9.53674e-05  -4.13259e+04
  20  wCBO_expT    3.00000e+01   4.89343e-05   1.43051e-05   4.49556e+04
  21  wCBO_linCoeff   0.00000e+00   constant   
  22  wCBO_const   3.57427e-04   1.17050e-03   1.05705e-05  -4.52555e+01
 MIGRAD FAILS TO FIND IMPROVEMENT
 MIGRAD TERMINATED WITHOUT CONVERGENCE.
 FCN=586.171 FROM MIGRAD    STATUS=FAILED        384 CALLS        3471 TOTAL
                     EDM=0.638571    STRATEGY= 1      ERR MATRIX NOT POS-DEF
  EXT PARAMETER                APPROXIMATE        STEP         FIRST   
  NO.   NAME      VALUE            ERROR          SIZE      DERIVATIVE 
   1  N0           3.07831e+06     fixed    
   2  tau          6.44069e+01   constant   
   3  A0           3.64290e-01     fixed    
   4  phi          4.11679e+00     fixed    
   5  R           -6.10412e+01   constant   
   6  A_CBO        4.81448e-04     fixed    
   7  w_CBO        2.32738e+00     fixed    
   8  phi_CBO      3.06896e+00     fixed    
   9  ANx2         1.88981e-04   constant   
  10  pNx2         1.59299e+00   constant   
  11  ANy1         0.00000e+00   constant   
  12  pNy1         0.00000e+00   constant   
  13  w_y          0.00000e+00   constant   
  14  ANy2         3.56246e-04     fixed    
  15  pNy2         4.84726e+00   constant   
  16  w_vw         1.43184e+01   constant   
  17  LM           1.57605e-04   constant   
  18  wCBO_expCoeff   2.00001e+02   1.05158e-04  -0.00000e+00   7.80366e+02
  19  wCBO_expOffset   2.00000e+02   1.27345e-05   0.00000e+00   1.76204e+04
  20  wCBO_expT    3.00000e+01   1.91713e-05  -0.00000e+00   7.06563e+04
  21  wCBO_linCoeff   0.00000e+00   constant   
  22  wCBO_const   3.17367e-04   2.40489e-03  -0.00000e+00   1.84886e+02
 EXTERNAL ERROR MATRIX.    NDIM=  25    NPAR=  4    ERR DEF=1
  1.106e-08 -7.221e-10  1.246e-09  4.280e-08 
 -7.221e-10  1.622e-10 -2.329e-10 -2.654e-08 
  1.246e-09 -2.329e-10  3.675e-10  4.053e-08 
  4.280e-08 -2.654e-08  4.053e-08  5.783e-06 
ERR MATRIX NOT POS-DEF
 PARAMETER  CORRELATION COEFFICIENTS  
       NO.  GLOBAL     18     19     20     22
       18  0.99948   1.000 -0.539  0.618  0.169
       19  0.96489  -0.539  1.000 -0.954 -0.867
       20  0.99988   0.618 -0.954  1.000  0.879
       22  0.99981   0.169 -0.867  0.879  1.000
 ERR MATRIX NOT POS-DEF
MINUIT - FIT ONLY 2-y
 **********
 **   76 **RES 
 **********
                   PARAMETER   14  ANy2 RESTORED TO VARIABLE.
                   PARAMETER    8  phi_CBO RESTORED TO VARIABLE.
                   PARAMETER    7  w_CBO RESTORED TO VARIABLE.
                   PARAMETER    6  A_CBO RESTORED TO VARIABLE.
                   PARAMETER    4  phi RESTORED TO VARIABLE.
                   PARAMETER    3  A0 RESTORED TO VARIABLE.
                   PARAMETER    1  N0 RESTORED TO VARIABLE.
 **********
 **   77 **FIX            0
 **********
 PARAMETER    0  IS UNDEFINED. IGNORED.
 **********
 **   78 **FIX            1
 **********
 **********
 **   79 **FIX            2
 **********
 PARAMETER    2  IS CONSTANT.   IGNORED.
 **********
 **   80 **FIX            3
 **********
 **********
 **   81 **FIX            4
 **********
 **********
 **   82 **FIX            5
 **********
 PARAMETER    5  IS CONSTANT.   IGNORED.
 **********
 **   83 **FIX            6
 **********
 **********
 **   84 **FIX            7
 **********
 **********
 **   85 **FIX            8
 **********
 **********
 **   86 **FIX            9
 **********
 PARAMETER    9  IS CONSTANT.   IGNORED.
 **********
 **   87 **FIX           10
 **********
 PARAMETER   10  IS CONSTANT.   IGNORED.
 **********
 **   88 **FIX           11
 **********
 PARAMETER   11  IS CONSTANT.   IGNORED.
 **********
 **   89 **FIX           12
 **********
 PARAMETER   12  IS CONSTANT.   IGNORED.
 **********
 **   90 **FIX           16
 **********
 PARAMETER   16  IS CONSTANT.   IGNORED.
 **********
 **   91 **MIGRAD
 **********
 START MIGRAD MINIMIZATION.  STRATEGY  1.  CONVERGENCE WHEN EDM .LT. 1.00e-04
 FCN=586.171 FROM MIGRAD    STATUS=INITIATE       10 CALLS        3481 TOTAL
                     EDM= unknown      STRATEGY= 1      NO ERROR MATRIX       
  EXT PARAMETER               CURRENT GUESS       STEP         FIRST   
  NO.   NAME      VALUE            ERROR          SIZE      DERIVATIVE 
   1  N0           3.07831e+06     fixed    
