 + ++++++++++++++++++++++++++++++++++++++++++++++++++++++++++++++++++++ +
 +                                                                      +
 +           You have chose to blind your fitting according to          +
 +                omega_ref * (1 + (R +/- deltaR) *10^{-6})             +
 +                                                                      +
 + ++++++++++++++++++++++++++++++++++++++++++++++++++++++++++++++++++++ +
In main()...
reading format from /gm2data/zkhechad/run45/envelope/formats/formatB_sBin_constraintOn.txt
pBinTau 	= 0  
pBinPhi 	= 0  
constraintau 	= 1 
includeMopTerm 	= 0    
constrainMop    = 0   
Parameters after format file: pBinTau 0 pBinPhi 0 constraintau 1 includeMopTerm 0 constrainMop 0 c_e_scale 0.000000 
reading cbo reference file (full fit) from /gm2data/zkhechad/cboTemplates/Run4CBOTemplates/fullFits/run4/sBin_constraintOn_cE0.0_seed0_run4_calo4.root
A_CBO 0.009389 w_CBO 2.326001 phi_CBO 4.715725 N0 2871608.131177 R -59.406240 tau 64.400031 
Reading cboRef file /gm2data/zkhechad/cboTemplates/Run4CBOTemplates//cboIsolate/run4_calo4.root
deltaT 164.120000
windowBins = 1100
fitting sliding window 1720 from bin 1923 at 286.911600 to bin 3023 at 451.031600 (1100 bins)

Reading data from /gm2data/cornell/histograms/aMethod/histogram_a_run4.root
fitting cbo isolate
 **********
 **    1 **SET PRINTOUT            1
 **********
 **********
 **    2 **SET NOWARNINGS 
 **********
 PARAMETER DEFINITIONS:
    NO.   NAME         VALUE      STEP SIZE      LIMITS
     1 A_CBO        9.38904e-03  1.00000e-05     no limits
     2 w_CBO        2.32600e+00  1.00000e-02    2.00000e+00  3.00000e+00
     3 phi_CBO      4.71573e+00  1.00000e-02    0.00000e+00  6.28319e+00
 **********
 **    3 **MIGRAD
 **********
 FIRST CALL TO USER FUNCTION AT NEW START POINT, WITH IFLAG=4.
 START MIGRAD MINIMIZATION.  STRATEGY  1.  CONVERGENCE WHEN EDM .LT. 1.00e-04
 FCN=0.0843362 FROM MIGRAD    STATUS=INITIATE       12 CALLS          13 TOTAL
                     EDM= unknown      STRATEGY= 1      NO ERROR MATRIX       
  EXT PARAMETER               CURRENT GUESS       STEP         FIRST   
  NO.   NAME      VALUE            ERROR          SIZE      DERIVATIVE 
   1  A_CBO        9.38904e-03   1.00000e-05   1.00000e-05   7.62940e+00
   2  w_CBO        2.32600e+00   1.00000e-02   2.13357e-02   5.31625e-01
   3  phi_CBO      4.71573e+00   1.00000e-02   3.67815e-03  -8.49658e-03
 MIGRAD MINIMIZATION HAS CONVERGED.
 MIGRAD WILL VERIFY CONVERGENCE AND ERROR MATRIX.
 COVARIANCE MATRIX CALCULATED SUCCESSFULLY
 FCN=0.0578809 FROM MIGRAD    STATUS=CONVERGED      49 CALLS          50 TOTAL
                     EDM=3.18317e-06    STRATEGY= 1      ERROR MATRIX ACCURATE 
  EXT PARAMETER                                   STEP         FIRST   
  NO.   NAME      VALUE            ERROR          SIZE      DERIVATIVE 
   1  A_CBO        2.45936e-03   4.26312e-02   2.13907e-05  -2.95896e-02
   2  w_CBO        2.32584e+00   3.01553e-01   4.99724e-05  -1.06318e-03
   3  phi_CBO      4.77947e+00   5.11680e+00   3.33068e-03  -3.30957e-05
 EXTERNAL ERROR MATRIX.    NDIM=  25    NPAR=  3    ERR DEF=1
  1.817e-03 -5.894e-04 -2.187e-01 
 -5.894e-04  1.073e-01  3.943e+01 
 -2.187e-01  3.943e+01  1.479e+04 
 PARAMETER  CORRELATION COEFFICIENTS  
       NO.  GLOBAL      1      2      3
        1  0.04231   1.000 -0.042 -0.042
        2  0.98987  -0.042  1.000  0.990
        3  0.98987  -0.042  0.990  1.000
setting A_CBO=0.002459 w_CBO=2.325840, phi_CBO=4.779468
done fitting cbo isolate
 **********
 **    1 **SET PRINTOUT            1
 **********
 **********
 **    2 **SET NOWARNINGS 
 **********
 PARAMETER DEFINITIONS:
    NO.   NAME         VALUE      STEP SIZE      LIMITS
     1 N0           2.87161e+06  1.00000e+02     no limits
     2 tau          6.44000e+01  constant
     3 A0           3.53296e-01  1.00000e-04     no limits
     4 phi          4.11727e+00  1.00000e-02     no limits
     5 R           -5.94062e+01  constant
     6 A_CBO        2.45936e-03  1.00000e-05     no limits
     7 w_CBO        2.32584e+00  1.00000e-03     no limits
     8 phi_CBO      4.77947e+00  1.00000e-04     no limits
     9 ANx2         6.75162e-04  constant
    10 pNx2         4.60725e+00  constant
    11 ANy1         0.00000e+00  constant
    12 pNy1         0.00000e+00  constant
    13 w_y          0.00000e+00  constant
    14 ANy2         8.91794e-03  1.00000e-04     no limits
    15 pNy2         4.50125e+00  constant
    16 w_vw         1.43005e+01  constant
    17 LM          -1.01507e-04  constant
    18 wCBO_expCoeff   2.00000e+02  1.00000e+00     no limits
    19 wCBO_expOffset   2.00000e+02  1.00000e+00     no limits
    20 wCBO_expT    3.00000e+01  1.00000e+00     no limits
    21 wCBO_linCoeff   0.00000e+00  constant
    22 wCBO_const   0.00000e+00  1.00000e-02     no limits
MINUIT - FIT ONLY WIGGLE
 **********
 **    3 **FIX            5
 **********
 PARAMETER    5  IS CONSTANT.   IGNORED.
 **********
 **    4 **FIX            6
 **********
 **********
 **    5 **FIX            7
 **********
 **********
 **    6 **FIX            8
 **********
 **********
 **    7 **FIX            9
 **********
 PARAMETER    9  IS CONSTANT.   IGNORED.
 **********
 **    8 **FIX           10
 **********
 PARAMETER   10  IS CONSTANT.   IGNORED.
 **********
 **    9 **FIX           11
 **********
 PARAMETER   11  IS CONSTANT.   IGNORED.
 **********
 **   10 **FIX           12
 **********
 PARAMETER   12  IS CONSTANT.   IGNORED.
 **********
 **   11 **FIX           13
 **********
 PARAMETER   13  IS CONSTANT.   IGNORED.
 **********
 **   12 **FIX           14
 **********
 **********
 **   13 **FIX           15
 **********
 PARAMETER   15  IS CONSTANT.   IGNORED.
 **********
 **   14 **FIX           16
 **********
 PARAMETER   16  IS CONSTANT.   IGNORED.
 **********
 **   15 **MIGRAD
 **********
 FIRST CALL TO USER FUNCTION AT NEW START POINT, WITH IFLAG=4.
 START MIGRAD MINIMIZATION.  STRATEGY  1.  CONVERGENCE WHEN EDM .LT. 1.00e-04
 FCN=754.214 FROM MIGRAD    STATUS=INITIATE       32 CALLS          33 TOTAL
                     EDM= unknown      STRATEGY= 1      NO ERROR MATRIX       
  EXT PARAMETER               CURRENT GUESS       STEP         FIRST   
  NO.   NAME      VALUE            ERROR          SIZE      DERIVATIVE 
   1  N0           2.87161e+06   1.00000e+02   1.00000e+02   4.68417e-04
   2  tau          6.44000e+01   constant   
   3  A0           3.53296e-01   1.00000e-04   1.00000e-04  -4.05244e+02
   4  phi          4.11727e+00   1.00000e-02   1.00000e-02   1.82669e+03
   5  R           -5.94062e+01   constant   
   6  A_CBO        2.45936e-03     fixed    
   7  w_CBO        2.32584e+00     fixed    
   8  phi_CBO      4.77947e+00     fixed    
   9  ANx2         6.75162e-04   constant   
  10  pNx2         4.60725e+00   constant   
  11  ANy1         0.00000e+00   constant   
  12  pNy1         0.00000e+00   constant   
  13  w_y          0.00000e+00   constant   
  14  ANy2         8.91794e-03     fixed    
  15  pNy2         4.50125e+00   constant   
  16  w_vw         1.43005e+01   constant   
  17  LM          -1.01507e-04   constant   
  18  wCBO_expCoeff   2.00000e+02   1.00000e+00   1.00000e+00   1.00392e+02
  19  wCBO_expOffset   2.00000e+02   1.00000e+00   1.00000e+00   6.69143e+02
  20  wCBO_expT    3.00000e+01   1.00000e+00   1.00000e+00   2.14916e+03
  21  wCBO_linCoeff   0.00000e+00   constant   
  22  wCBO_const   0.00000e+00   1.00000e-02   1.00000e-02  -8.10414e+02
 MIGRAD MINIMIZATION HAS CONVERGED.
 FCN=731.808 FROM MIGRAD    STATUS=CONVERGED     203 CALLS         204 TOTAL
                     EDM=2.51295e-06    STRATEGY= 1  ERROR MATRIX UNCERTAINTY   2.7 per cent
  EXT PARAMETER                                   STEP         FIRST   
  NO.   NAME      VALUE            ERROR          SIZE      DERIVATIVE 
   1  N0           2.87173e+06   9.21943e+02  -5.46968e+00  -1.61311e-07
   2  tau          6.44000e+01   constant   
   3  A0           3.53287e-01   4.24897e-04  -6.18938e-07   1.89142e-01
   4  phi          4.11571e+00   1.26960e-03  -3.20284e-06  -7.22460e-02
   5  R           -5.94062e+01   constant   
   6  A_CBO        2.45936e-03     fixed    
   7  w_CBO        2.32584e+00     fixed    
   8  phi_CBO      4.77947e+00     fixed    
   9  ANx2         6.75162e-04   constant   
  10  pNx2         4.60725e+00   constant   
  11  ANy1         0.00000e+00   constant   
  12  pNy1         0.00000e+00   constant   
  13  w_y          0.00000e+00   constant   
  14  ANy2         8.91794e-03     fixed    
  15  pNy2         4.50125e+00   constant   
  16  w_vw         1.43005e+01   constant   
  17  LM          -1.01507e-04   constant   
  18  wCBO_expCoeff   1.99892e+02   8.74656e-02  -2.99021e-04   1.11559e-01
  19  wCBO_expOffset   1.99984e+02   1.31171e-02  -4.51891e-05   8.33179e-01
  20  wCBO_expT    3.00043e+01   8.89889e-03   2.81369e-05   2.03445e+00
  21  wCBO_linCoeff   0.00000e+00   constant   
  22  wCBO_const   3.17990e-03   1.01417e-03  -5.36351e-06  -8.26754e-01
 EXTERNAL ERROR MATRIX.    NDIM=  25    NPAR=  7    ERR DEF=1
  8.500e+05  2.322e-03 -4.706e-03  2.539e+00  3.897e-01 -1.573e-01 -3.610e-02 
  2.322e-03  1.805e-07 -4.384e-09 -9.918e-08 -1.386e-08 -2.164e-08  1.873e-08 
 -4.706e-03 -4.384e-09  1.612e-06  1.151e-05  1.730e-06 -1.088e-06  8.675e-08 
  2.539e+00 -9.918e-08  1.151e-05  7.650e-03  1.093e-03 -7.643e-04  6.929e-05 
  3.897e-01 -1.386e-08  1.730e-06  1.093e-03  1.721e-04 -1.146e-04  1.040e-05 
 -1.573e-01 -2.164e-08 -1.088e-06 -7.643e-04 -1.146e-04  7.919e-05 -7.627e-06 
 -3.610e-02  1.873e-08  8.675e-08  6.929e-05  1.040e-05 -7.627e-06  1.029e-06 
 PARAMETER  CORRELATION COEFFICIENTS  
       NO.  GLOBAL      1      3      4     18     19     20     22
        1  0.12228   1.000  0.006 -0.004  0.031  0.032 -0.019 -0.039
        3  0.07865   0.006  1.000 -0.008 -0.003 -0.002 -0.006  0.043
        4  0.14958  -0.004 -0.008  1.000  0.104  0.104 -0.096  0.067
       18  0.99350   0.031 -0.003  0.104  1.000  0.952 -0.982  0.781
       19  0.99345   0.032 -0.002  0.104  0.952  1.000 -0.982  0.781
       20  0.99852  -0.019 -0.006 -0.096 -0.982 -0.982  1.000 -0.845
       22  0.95391  -0.039  0.043  0.067  0.781  0.781 -0.845  1.000
MINUIT - FIT ONLY 1-CBO + other amplitudes 
 **********
 **   16 **RES 
 **********
                   PARAMETER   14  ANy2 RESTORED TO VARIABLE.
                   PARAMETER    8  phi_CBO RESTORED TO VARIABLE.
                   PARAMETER    7  w_CBO RESTORED TO VARIABLE.
                   PARAMETER    6  A_CBO RESTORED TO VARIABLE.
 **********
 **   17 **FIX            0
 **********
 PARAMETER    0  IS UNDEFINED. IGNORED.
 **********
 **   18 **FIX            1
 **********
 **********
 **   19 **FIX            2
 **********
 PARAMETER    2  IS CONSTANT.   IGNORED.
 **********
 **   20 **FIX            3
 **********
 **********
 **   21 **FIX            4
 **********
 **********
 **   22 **FIX            9
 **********
 PARAMETER    9  IS CONSTANT.   IGNORED.
 **********
 **   23 **FIX           11
 **********
 PARAMETER   11  IS CONSTANT.   IGNORED.
 **********
 **   24 **FIX           12
 **********
 PARAMETER   12  IS CONSTANT.   IGNORED.
 **********
 **   25 **FIX           14
 **********
 **********
 **   26 **FIX           15
 **********
 PARAMETER   15  IS CONSTANT.   IGNORED.
 **********
 **   27 **FIX           16
 **********
 PARAMETER   16  IS CONSTANT.   IGNORED.
 **********
 **   28 **MIGRAD
 **********
 START MIGRAD MINIMIZATION.  STRATEGY  1.  CONVERGENCE WHEN EDM .LT. 1.00e-04
 FCN=731.808 FROM MIGRAD    STATUS=INITIATE       20 CALLS         224 TOTAL
                     EDM= unknown      STRATEGY= 1      NO ERROR MATRIX       
  EXT PARAMETER               CURRENT GUESS       STEP         FIRST   
  NO.   NAME      VALUE            ERROR          SIZE      DERIVATIVE 
   1  N0           2.87173e+06     fixed    
   2  tau          6.44000e+01   constant   
   3  A0           3.53287e-01     fixed    
   4  phi          4.11571e+00     fixed    
   5  R           -5.94062e+01   constant   
   6  A_CBO        2.45936e-03   1.00000e-05   1.00000e-05   1.42616e+04
   7  w_CBO        2.32584e+00   1.00000e-03   1.00000e-03   9.21890e+00
   8  phi_CBO      4.77947e+00   1.00000e-04   1.00000e-04  -3.15305e+00
   9  ANx2         6.75162e-04   constant   
  10  pNx2         4.60725e+00   constant   
  11  ANy1         0.00000e+00   constant   
  12  pNy1         0.00000e+00   constant   
  13  w_y          0.00000e+00   constant   
  14  ANy2         8.91794e-03     fixed    
  15  pNy2         4.50125e+00   constant   
  16  w_vw         1.43005e+01   constant   
  17  LM          -1.01507e-04   constant   
  18  wCBO_expCoeff   1.99892e+02   8.74656e-02  -2.99021e-04   1.11560e-01
  19  wCBO_expOffset   1.99984e+02   1.31171e-02  -4.51891e-05   8.33179e-01
  20  wCBO_expT    3.00043e+01   8.89889e-03   2.81369e-05   2.03445e+00
  21  wCBO_linCoeff   0.00000e+00   constant   
  22  wCBO_const   3.17990e-03   1.01417e-03  -5.36351e-06  -8.26743e-01
 MIGRAD MINIMIZATION HAS CONVERGED.
 FCN=720.464 FROM MIGRAD    STATUS=CONVERGED     203 CALLS         407 TOTAL
                     EDM=5.59088e-08    STRATEGY= 1  ERROR MATRIX UNCERTAINTY   0.9 per cent
  EXT PARAMETER                                   STEP         FIRST   
  NO.   NAME      VALUE            ERROR          SIZE      DERIVATIVE 
   1  N0           2.87173e+06     fixed    
   2  tau          6.44000e+01   constant   
   3  A0           3.53287e-01     fixed    
   4  phi          4.11571e+00     fixed    
   5  R           -5.94062e+01   constant   
   6  A_CBO        8.93900e-04   4.95085e-04  -6.56046e-07   5.21726e-01
   7  w_CBO        2.32608e+00   6.36462e-04  -1.46979e-06  -2.99616e+00
   8  phi_CBO      5.12123e+00   5.50505e-01   1.89157e-05   5.77123e-04
   9  ANx2         6.75162e-04   constant   
  10  pNx2         4.60725e+00   constant   
  11  ANy1         0.00000e+00   constant   
  12  pNy1         0.00000e+00   constant   
  13  w_y          0.00000e+00   constant   
  14  ANy2         8.91794e-03     fixed    
  15  pNy2         4.50125e+00   constant   
  16  w_vw         1.43005e+01   constant   
  17  LM          -1.01507e-04   constant   
  18  wCBO_expCoeff   1.99914e+02   6.93719e-02  -1.63224e-04  -3.03105e-02
  19  wCBO_expOffset   1.99987e+02   1.03797e-02  -2.44213e-05  -2.04329e-01
  20  wCBO_expT    3.00000e+01   9.89222e-03   2.25343e-05  -6.79044e-01
  21  wCBO_linCoeff   0.00000e+00   constant   
  22  wCBO_const   4.09943e-03   8.03919e-04  -7.87227e-07  -8.82940e-01
 EXTERNAL ERROR MATRIX.    NDIM=  25    NPAR=  7    ERR DEF=1
  2.451e-07 -8.841e-08  1.597e-05 -9.245e-06 -1.383e-06  1.464e-06 -1.388e-07 
 -8.841e-08  4.051e-07 -9.085e-05  4.292e-05  6.421e-06 -6.210e-06  3.297e-07 
  1.597e-05 -9.085e-05  3.031e-01 -1.047e-02 -1.567e-03  1.464e-03  1.210e-05 
 -9.245e-06  4.292e-05 -1.047e-02  4.812e-03  7.025e-04 -6.760e-04  3.425e-05 
 -1.383e-06  6.421e-06 -1.567e-03  7.025e-04  1.077e-04 -1.011e-04  5.123e-06 
  1.464e-06 -6.210e-06  1.464e-03 -6.760e-04 -1.011e-04  9.786e-05 -5.508e-06 
 -1.388e-07  3.297e-07  1.210e-05  3.425e-05  5.123e-06 -5.508e-06  6.463e-07 
 PARAMETER  CORRELATION COEFFICIENTS  
       NO.  GLOBAL      6      7      8     18     19     20     22
        6  0.36871   1.000 -0.281  0.059 -0.269 -0.269  0.299 -0.349
        7  0.98989  -0.281  1.000 -0.259  0.972  0.972 -0.986  0.644
        8  0.49836   0.059 -0.259  1.000 -0.274 -0.274  0.269  0.027
       18  0.99114  -0.269  0.972 -0.274  1.000  0.976 -0.985  0.614
       19  0.99108  -0.269  0.972 -0.274  0.976  1.000 -0.985  0.614
       20  0.99834   0.299 -0.986  0.269 -0.985 -0.985  1.000 -0.693
       22  0.91388  -0.349  0.644  0.027  0.614  0.614 -0.693  1.000
MINUIT - FIT ONLY 1-CBO
 **********
 **   29 **RES 
 **********
                   PARAMETER   14  ANy2 RESTORED TO VARIABLE.
                   PARAMETER    4  phi RESTORED TO VARIABLE.
                   PARAMETER    3  A0 RESTORED TO VARIABLE.
                   PARAMETER    1  N0 RESTORED TO VARIABLE.
 **********
 **   30 **FIX            0
 **********
 PARAMETER    0  IS UNDEFINED. IGNORED.
 **********
 **   31 **FIX            1
 **********
 **********
 **   32 **FIX            2
 **********
 PARAMETER    2  IS CONSTANT.   IGNORED.
 **********
 **   33 **FIX            3
 **********
 **********
 **   34 **FIX            4
 **********
 **********
 **   35 **FIX            8
 **********
 **********
 **   36 **FIX            9
 **********
 PARAMETER    9  IS CONSTANT.   IGNORED.
 **********
 **   37 **FIX           11
 **********
 PARAMETER   11  IS CONSTANT.   IGNORED.
 **********
 **   38 **FIX           12
 **********
 PARAMETER   12  IS CONSTANT.   IGNORED.
 **********
 **   39 **FIX           13
 **********
 PARAMETER   13  IS CONSTANT.   IGNORED.
 **********
 **   40 **FIX           15
 **********
 PARAMETER   15  IS CONSTANT.   IGNORED.
 **********
 **   41 **FIX           16
 **********
 PARAMETER   16  IS CONSTANT.   IGNORED.
 **********
 **   42 **MIGRAD
 **********
 START MIGRAD MINIMIZATION.  STRATEGY  1.  CONVERGENCE WHEN EDM .LT. 1.00e-04
 FCN=720.464 FROM MIGRAD    STATUS=INITIATE       16 CALLS         423 TOTAL
                     EDM= unknown      STRATEGY= 1      NO ERROR MATRIX       
  EXT PARAMETER               CURRENT GUESS       STEP         FIRST   
  NO.   NAME      VALUE            ERROR          SIZE      DERIVATIVE 
   1  N0           2.87173e+06     fixed    
   2  tau          6.44000e+01   constant   
   3  A0           3.53287e-01     fixed    
   4  phi          4.11571e+00     fixed    
   5  R           -5.94062e+01   constant   
   6  A_CBO        8.93900e-04   4.95085e-04  -6.56046e-07   5.21726e-01
   7  w_CBO        2.32608e+00   6.36462e-04  -1.46979e-06  -2.99616e+00
   8  phi_CBO      5.12123e+00     fixed    
   9  ANx2         6.75162e-04   constant   
  10  pNx2         4.60725e+00   constant   
  11  ANy1         0.00000e+00   constant   
  12  pNy1         0.00000e+00   constant   
  13  w_y          0.00000e+00   constant   
  14  ANy2         8.91794e-03   1.00000e-04   1.00000e-04   8.77583e+04
  15  pNy2         4.50125e+00   constant   
  16  w_vw         1.43005e+01   constant   
  17  LM          -1.01507e-04   constant   
  18  wCBO_expCoeff   1.99914e+02   6.93719e-02  -1.63224e-04  -3.03106e-02
  19  wCBO_expOffset   1.99987e+02   1.03797e-02  -2.44213e-05  -2.04329e-01
  20  wCBO_expT    3.00000e+01   9.89222e-03   2.25343e-05  -6.79044e-01
  21  wCBO_linCoeff   0.00000e+00   constant   
  22  wCBO_const   4.09943e-03   8.03919e-04  -7.87227e-07  -8.82934e-01
 MIGRAD MINIMIZATION HAS CONVERGED.
 FCN=322.201 FROM MIGRAD    STATUS=CONVERGED     253 CALLS         660 TOTAL
                     EDM=2.01727e-06    STRATEGY= 1  ERROR MATRIX UNCERTAINTY   3.7 per cent
  EXT PARAMETER                                   STEP         FIRST   
  NO.   NAME      VALUE            ERROR          SIZE      DERIVATIVE 
   1  N0           2.87173e+06     fixed    
   2  tau          6.44000e+01   constant   
   3  A0           3.53287e-01     fixed    
   4  phi          4.11571e+00     fixed    
   5  R           -5.94062e+01   constant   
   6  A_CBO       -6.94391e-05   5.25850e-04   4.33274e-07   1.92308e+00
   7  w_CBO        2.32726e+00   6.67569e-04   1.54817e-06  -6.31065e+00
   8  phi_CBO      5.12123e+00     fixed    
   9  ANx2         6.75162e-04   constant   
  10  pNx2         4.60725e+00   constant   
  11  ANy1         0.00000e+00   constant   
  12  pNy1         0.00000e+00   constant   
  13  w_y          0.00000e+00   constant   
  14  ANy2        -1.90099e-04   4.51947e-04  -1.22275e-06   3.91438e-01
  15  pNy2         4.50125e+00   constant   
  16  w_vw         1.43005e+01   constant   
  17  LM          -1.01507e-04   constant   
  18  wCBO_expCoeff   2.00043e+02   7.37525e-02   1.83395e-04  -5.01526e-02
  19  wCBO_expOffset   2.00006e+02   1.10896e-02   2.76413e-05  -3.43688e-01
  20  wCBO_expT    2.99808e+01   1.04525e-02  -1.65307e-05  -1.37168e+00
  21  wCBO_linCoeff   0.00000e+00   constant   
  22  wCBO_const   4.86165e-03   6.99743e-04  -1.09741e-06  -4.63346e+00
 EXTERNAL ERROR MATRIX.    NDIM=  25    NPAR=  7    ERR DEF=1
  2.765e-07 -7.046e-08  2.648e-08 -7.241e-06 -1.089e-06  1.371e-06 -1.151e-07 
 -7.046e-08  4.456e-07 -1.527e-08  4.776e-05  7.183e-06 -6.862e-06  1.944e-07 
  2.648e-08 -1.527e-08  2.043e-07 -1.614e-06 -2.437e-07  2.824e-07 -1.829e-08 
 -7.241e-06  4.776e-05 -1.614e-06  5.439e-03  7.971e-04 -7.572e-04  1.952e-05 
 -1.089e-06  7.183e-06 -2.437e-07  7.971e-04  1.230e-04 -1.139e-04  2.941e-06 
  1.371e-06 -6.862e-06  2.824e-07 -7.572e-04 -1.139e-04  1.093e-04 -3.448e-06 
 -1.151e-07  1.944e-07 -1.829e-08  1.952e-05  2.941e-06 -3.448e-06  4.896e-07 
 PARAMETER  CORRELATION COEFFICIENTS  
       NO.  GLOBAL      6      7     14     18     19     20     22
        6  0.50934   1.000 -0.201  0.111 -0.187 -0.187  0.249 -0.313
        7  0.98568  -0.201  1.000 -0.051  0.970  0.970 -0.983  0.416
       14  0.12263   0.111 -0.051  1.000 -0.048 -0.049  0.060 -0.058
       18  0.98784  -0.187  0.970 -0.048  1.000  0.975 -0.982  0.378
       19  0.98779  -0.187  0.970 -0.049  0.975  1.000 -0.982  0.379
       20  0.99656   0.249 -0.983  0.060 -0.982 -0.982  1.000 -0.471
       22  0.75841  -0.313  0.416 -0.058  0.378  0.379 -0.471  1.000
MINUIT - FIT ONLY 2-CBO
 **********
 **   43 **RES 
 **********
                   PARAMETER    8  phi_CBO RESTORED TO VARIABLE.
                   PARAMETER    4  phi RESTORED TO VARIABLE.
                   PARAMETER    3  A0 RESTORED TO VARIABLE.
                   PARAMETER    1  N0 RESTORED TO VARIABLE.
 **********
 **   44 **FIX            0
 **********
 PARAMETER    0  IS UNDEFINED. IGNORED.
 **********
 **   45 **FIX            1
 **********
 **********
 **   46 **FIX            2
 **********
 PARAMETER    2  IS CONSTANT.   IGNORED.
 **********
 **   47 **FIX            3
 **********
 **********
 **   48 **FIX            4
 **********
 **********
 **   49 **FIX            5
 **********
 PARAMETER    5  IS CONSTANT.   IGNORED.
 **********
 **   50 **FIX            6
 **********
 **********
 **   51 **FIX            7
 **********
 **********
 **   52 **FIX           10
 **********
 PARAMETER   10  IS CONSTANT.   IGNORED.
 **********
 **   53 **FIX           11
 **********
 PARAMETER   11  IS CONSTANT.   IGNORED.
 **********
 **   54 **FIX           12
 **********
 PARAMETER   12  IS CONSTANT.   IGNORED.
 **********
 **   55 **FIX           13
 **********
 PARAMETER   13  IS CONSTANT.   IGNORED.
 **********
 **   56 **FIX           14
 **********
 **********
 **   57 **FIX           15
 **********
 PARAMETER   15  IS CONSTANT.   IGNORED.
 **********
 **   58 **FIX           16
 **********
 PARAMETER   16  IS CONSTANT.   IGNORED.
 **********
 **   59 **MIGRAD
 **********
 START MIGRAD MINIMIZATION.  STRATEGY  1.  CONVERGENCE WHEN EDM .LT. 1.00e-04
 FCN=322.201 FROM MIGRAD    STATUS=INITIATE       12 CALLS         672 TOTAL
                     EDM= unknown      STRATEGY= 1      NO ERROR MATRIX       
  EXT PARAMETER               CURRENT GUESS       STEP         FIRST   
  NO.   NAME      VALUE            ERROR          SIZE      DERIVATIVE 
   1  N0           2.87173e+06     fixed    
   2  tau          6.44000e+01   constant   
   3  A0           3.53287e-01     fixed    
   4  phi          4.11571e+00     fixed    
   5  R           -5.94062e+01   constant   
   6  A_CBO       -6.94391e-05     fixed    
   7  w_CBO        2.32726e+00     fixed    
   8  phi_CBO      5.12123e+00   5.50505e-01   5.50505e-01  -1.61558e-01
   9  ANx2         6.75162e-04   constant   
  10  pNx2         4.60725e+00   constant   
  11  ANy1         0.00000e+00   constant   
  12  pNy1         0.00000e+00   constant   
  13  w_y          0.00000e+00   constant   
  14  ANy2        -1.90099e-04     fixed    
  15  pNy2         4.50125e+00   constant   
  16  w_vw         1.43005e+01   constant   
  17  LM          -1.01507e-04   constant   
  18  wCBO_expCoeff   2.00043e+02   7.37525e-02   1.83395e-04  -5.01527e-02
  19  wCBO_expOffset   2.00006e+02   1.10896e-02   2.76413e-05  -3.43688e-01
  20  wCBO_expT    2.99808e+01   1.04525e-02  -1.65307e-05  -1.37168e+00
  21  wCBO_linCoeff   0.00000e+00   constant   
  22  wCBO_const   4.86165e-03   6.99743e-04  -1.09741e-06  -4.63346e+00
 MIGRAD MINIMIZATION HAS CONVERGED.
 MIGRAD WILL VERIFY CONVERGENCE AND ERROR MATRIX.
 COVARIANCE MATRIX CALCULATED SUCCESSFULLY
 FCN=322.078 FROM MIGRAD    STATUS=CONVERGED     118 CALLS         778 TOTAL
                     EDM=1.2304e-06    STRATEGY= 1      ERROR MATRIX ACCURATE 
  EXT PARAMETER                                   STEP         FIRST   
  NO.   NAME      VALUE            ERROR          SIZE      DERIVATIVE 
   1  N0           2.87173e+06     fixed    
   2  tau          6.44000e+01   constant   
   3  A0           3.53287e-01     fixed    
   4  phi          4.11571e+00     fixed    
   5  R           -5.94062e+01   constant   
   6  A_CBO       -6.94391e-05     fixed    
   7  w_CBO        2.32726e+00     fixed    
   8  phi_CBO      6.43546e+00   3.53794e+00   3.01858e-02  -1.98237e-04
   9  ANx2         6.75162e-04   constant   
  10  pNx2         4.60725e+00   constant   
  11  ANy1         0.00000e+00   constant   
  12  pNy1         0.00000e+00   constant   
  13  w_y          0.00000e+00   constant   
  14  ANy2        -1.90099e-04     fixed    
  15  pNy2         4.50125e+00   constant   
  16  w_vw         1.43005e+01   constant   
  17  LM          -1.01507e-04   constant   
  18  wCBO_expCoeff   2.00039e+02   3.31951e-01   1.54580e-04  -5.43678e-02
  19  wCBO_expOffset   2.00006e+02   4.51876e-02   9.53703e-05  -3.65388e-01
  20  wCBO_expT    2.99812e+01   9.04287e-03   1.42961e-05  -1.07941e+00
  21  wCBO_linCoeff   0.00000e+00   constant   
  22  wCBO_const   4.84980e-03   7.49159e-04   3.57249e-06  -2.05890e+00
 EXTERNAL ERROR MATRIX.    NDIM=  25    NPAR=  5    ERR DEF=1
  1.252e+01 -3.106e-02 -4.590e-03  3.868e-03 -3.054e-04 
 -3.106e-02  1.102e-01 -1.271e-02 -1.288e-03  7.059e-05 
 -4.590e-03 -1.271e-02  2.042e-03 -4.540e-05  2.409e-06 
  3.868e-03 -1.288e-03 -4.540e-05  8.177e-05 -4.843e-06 
 -3.054e-04  7.059e-05  2.409e-06 -4.843e-06  5.612e-07 
 PARAMETER  CORRELATION COEFFICIENTS  
       NO.  GLOBAL      8     18     19     20     22
        8  0.22267   1.000 -0.026 -0.029  0.121 -0.115
       18  0.99860  -0.026  1.000 -0.847 -0.429  0.284
       19  0.99830  -0.029 -0.847  1.000 -0.111  0.071
       20  0.99582   0.121 -0.429 -0.111  1.000 -0.715
       22  0.83948  -0.115  0.284  0.071 -0.715  1.000
MINUIT - FIT ONLY 1-y
 **********
 **   60 **RES 
 **********
                   PARAMETER   14  ANy2 RESTORED TO VARIABLE.
                   PARAMETER    7  w_CBO RESTORED TO VARIABLE.
                   PARAMETER    6  A_CBO RESTORED TO VARIABLE.
                   PARAMETER    4  phi RESTORED TO VARIABLE.
                   PARAMETER    3  A0 RESTORED TO VARIABLE.
                   PARAMETER    1  N0 RESTORED TO VARIABLE.
 **********
 **   61 **FIX            0
 **********
 PARAMETER    0  IS UNDEFINED. IGNORED.
 **********
 **   62 **FIX            1
 **********
 **********
 **   63 **FIX            2
 **********
 PARAMETER    2  IS CONSTANT.   IGNORED.
 **********
 **   64 **FIX            3
 **********
 **********
 **   65 **FIX            4
 **********
 **********
 **   66 **FIX            5
 **********
 PARAMETER    5  IS CONSTANT.   IGNORED.
 **********
 **   67 **FIX            6
 **********
 **********
 **   68 **FIX            7
 **********
 **********
 **   69 **FIX            8
 **********
 **********
 **   70 **FIX            9
 **********
 PARAMETER    9  IS CONSTANT.   IGNORED.
 **********
 **   71 **FIX           13
 **********
 PARAMETER   13  IS CONSTANT.   IGNORED.
 **********
 **   72 **FIX           14
 **********
 **********
 **   73 **FIX           15
 **********
 PARAMETER   15  IS CONSTANT.   IGNORED.
 **********
 **   74 **FIX           16
 **********
 PARAMETER   16  IS CONSTANT.   IGNORED.
 **********
 **   75 **MIGRAD
 **********
 START MIGRAD MINIMIZATION.  STRATEGY  1.  CONVERGENCE WHEN EDM .LT. 1.00e-04
 FCN=322.078 FROM MIGRAD    STATUS=INITIATE        8 CALLS         786 TOTAL
                     EDM= unknown      STRATEGY= 1      NO ERROR MATRIX       
  EXT PARAMETER               CURRENT GUESS       STEP         FIRST   
  NO.   NAME      VALUE            ERROR          SIZE      DERIVATIVE 
   1  N0           2.87173e+06     fixed    
   2  tau          6.44000e+01   constant   
   3  A0           3.53287e-01     fixed    
   4  phi          4.11571e+00     fixed    
   5  R           -5.94062e+01   constant   
   6  A_CBO       -6.94391e-05     fixed    
   7  w_CBO        2.32726e+00     fixed    
   8  phi_CBO      6.43546e+00     fixed    
   9  ANx2         6.75162e-04   constant   
  10  pNx2         4.60725e+00   constant   
  11  ANy1         0.00000e+00   constant   
  12  pNy1         0.00000e+00   constant   
  13  w_y          0.00000e+00   constant   
  14  ANy2        -1.90099e-04     fixed    
  15  pNy2         4.50125e+00   constant   
  16  w_vw         1.43005e+01   constant   
  17  LM          -1.01507e-04   constant   
  18  wCBO_expCoeff   2.00039e+02   3.31951e-01   1.54580e-04  -5.44542e-02
  19  wCBO_expOffset   2.00006e+02   4.51876e-02   9.53703e-05  -3.73478e-01
  20  wCBO_expT    2.99812e+01   9.04287e-03   1.42961e-05  -1.08400e+00
  21  wCBO_linCoeff   0.00000e+00   constant   
  22  wCBO_const   4.84980e-03   7.49159e-04   3.57249e-06  -2.06156e+00
 MIGRAD MINIMIZATION HAS CONVERGED.
 MIGRAD WILL VERIFY CONVERGENCE AND ERROR MATRIX.
 COVARIANCE MATRIX CALCULATED SUCCESSFULLY
 FCN=322.078 FROM MIGRAD    STATUS=CONVERGED      45 CALLS         823 TOTAL
                     EDM=4.65943e-07    STRATEGY= 1      ERROR MATRIX ACCURATE 
  EXT PARAMETER                                   STEP         FIRST   
  NO.   NAME      VALUE            ERROR          SIZE      DERIVATIVE 
   1  N0           2.87173e+06     fixed    
   2  tau          6.44000e+01   constant   
   3  A0           3.53287e-01     fixed    
   4  phi          4.11571e+00     fixed    
   5  R           -5.94062e+01   constant   
   6  A_CBO       -6.94391e-05     fixed    
   7  w_CBO        2.32726e+00     fixed    
   8  phi_CBO      6.43546e+00     fixed    
   9  ANx2         6.75162e-04   constant   
  10  pNx2         4.60725e+00   constant   
  11  ANy1         0.00000e+00   constant   
  12  pNy1         0.00000e+00   constant   
  13  w_y          0.00000e+00   constant   
  14  ANy2        -1.90099e-04     fixed    
  15  pNy2         4.50125e+00   constant   
  16  w_vw         1.43005e+01   constant   
  17  LM          -1.01507e-04   constant   
  18  wCBO_expCoeff   2.00039e+02   3.31043e-01   1.54357e-04   1.06627e-04
  19  wCBO_expOffset   2.00006e+02   4.50409e-02   9.53703e-05  -2.00412e-03
  20  wCBO_expT    2.99812e+01   8.97192e-03   1.42961e-05   9.63081e-02
  21  wCBO_linCoeff   0.00000e+00   constant   
  22  wCBO_const   4.84985e-03   7.43976e-04   3.57284e-06  -1.78537e-01
 EXTERNAL ERROR MATRIX.    NDIM=  25    NPAR=  4    ERR DEF=1
  1.096e-01 -1.265e-02 -1.277e-03  6.977e-05 
 -1.265e-02  2.029e-03 -4.391e-05  2.293e-06 
 -1.277e-03 -4.391e-05  8.050e-05 -4.743e-06 
  6.977e-05  2.293e-06 -4.743e-06  5.535e-07 
 PARAMETER  CORRELATION COEFFICIENTS  
       NO.  GLOBAL     18     19     20     22
       18  0.99859   1.000 -0.848 -0.430  0.283
       19  0.99829  -0.848  1.000 -0.109  0.068
       20  0.99575  -0.430 -0.109  1.000 -0.711
       22  0.83701   0.283  0.068 -0.711  1.000
MINUIT - FIT ONLY 2-y
 **********
 **   76 **RES 
 **********
                   PARAMETER   14  ANy2 RESTORED TO VARIABLE.
                   PARAMETER    8  phi_CBO RESTORED TO VARIABLE.
                   PARAMETER    7  w_CBO RESTORED TO VARIABLE.
                   PARAMETER    6  A_CBO RESTORED TO VARIABLE.
                   PARAMETER    4  phi RESTORED TO VARIABLE.
                   PARAMETER    3  A0 RESTORED TO VARIABLE.
                   PARAMETER    1  N0 RESTORED TO VARIABLE.
 **********
 **   77 **FIX            0
 **********
 PARAMETER    0  IS UNDEFINED. IGNORED.
 **********
 **   78 **FIX            1
 **********
 **********
 **   79 **FIX            2
 **********
 PARAMETER    2  IS CONSTANT.   IGNORED.
 **********
 **   80 **FIX            3
 **********
 **********
 **   81 **FIX            4
 **********
 **********
 **   82 **FIX            5
 **********
 PARAMETER    5  IS CONSTANT.   IGNORED.
 **********
 **   83 **FIX            6
 **********
 **********
 **   84 **FIX            7
 **********
 **********
 **   85 **FIX            8
 **********
 **********
 **   86 **FIX            9
 **********
 PARAMETER    9  IS CONSTANT.   IGNORED.
 **********
 **   87 **FIX           10
 **********
 PARAMETER   10  IS CONSTANT.   IGNORED.
 **********
 **   88 **FIX           11
 **********
 PARAMETER   11  IS CONSTANT.   IGNORED.
 **********
 **   89 **FIX           12
 **********
 PARAMETER   12  IS CONSTANT.   IGNORED.
 **********
 **   90 **FIX           16
 **********
 PARAMETER   16  IS CONSTANT.   IGNORED.
 **********
 **   91 **MIGRAD
 **********
 START MIGRAD MINIMIZATION.  STRATEGY  1.  CONVERGENCE WHEN EDM .LT. 1.00e-04
 FCN=322.078 FROM MIGRAD    STATUS=INITIATE       10 CALLS         833 TOTAL
                     EDM= unknown      STRATEGY= 1      NO ERROR MATRIX       
  EXT PARAMETER               CURRENT GUESS       STEP         FIRST   
  NO.   NAME      VALUE            ERROR          SIZE      DERIVATIVE 
   1  N0           2.87173e+06     fixed    
   2  tau          6.44000e+01   constant   
   3  A0           3.53287e-01     fixed    
   4  phi          4.11571e+00     fixed    
   5  R           -5.94062e+01   constant   
   6  A_CBO       -6.94391e-05     fixed    
   7  w_CBO        2.32726e+00     fixed    
   8  phi_CBO      6.43546e+00     fixed    
   9  ANx2         6.75162e-04   constant   
  10  pNx2         4.60725e+00   constant   
  11  ANy1         0.00000e+00   constant   
  12  pNy1         0.00000e+00   constant   
  13  w_y          0.00000e+00   constant   
  14  ANy2        -1.90099e-04   4.51947e-04   4.51947e-04  -5.31516e+01
  15  pNy2         4.50125e+00   constant   
  16  w_vw         1.43005e+01   constant   
  17  LM          -1.01507e-04   constant   
  18  wCBO_expCoeff   2.00039e+02   3.31043e-01   1.54357e-04   7.01287e-05
  19  wCBO_expOffset   2.00006e+02   4.50409e-02   9.53703e-05  -1.01524e-02
  20  wCBO_expT    2.99812e+01   8.97192e-03   1.42961e-05   9.16836e-02
  21  wCBO_linCoeff   0.00000e+00   constant   
  22  wCBO_const   4.84985e-03   7.43976e-04   3.57284e-06  -1.81206e-01
 MIGRAD MINIMIZATION HAS CONVERGED.
 MIGRAD WILL VERIFY CONVERGENCE AND ERROR MATRIX.
 COVARIANCE MATRIX CALCULATED SUCCESSFULLY
 FCN=322.077 FROM MIGRAD    STATUS=CONVERGED      52 CALLS         875 TOTAL
                     EDM=1.01451e-06    STRATEGY= 1      ERROR MATRIX ACCURATE 
  EXT PARAMETER                                   STEP         FIRST   
  NO.   NAME      VALUE            ERROR          SIZE      DERIVATIVE 
   1  N0           2.87173e+06     fixed    
   2  tau          6.44000e+01   constant   
   3  A0           3.53287e-01     fixed    
   4  phi          4.11571e+00     fixed    
   5  R           -5.94062e+01   constant   
   6  A_CBO       -6.94391e-05     fixed    
   7  w_CBO        2.32726e+00     fixed    
   8  phi_CBO      6.43546e+00     fixed    
   9  ANx2         6.75162e-04   constant   
  10  pNx2         4.60725e+00   constant   
  11  ANy1         0.00000e+00   constant   
  12  pNy1         0.00000e+00   constant   
  13  w_y          0.00000e+00   constant   
  14  ANy2        -1.84660e-04   4.53878e-04   3.97073e-06   2.28720e-03
  15  pNy2         4.50125e+00   constant   
  16  w_vw         1.43005e+01   constant   
  17  LM          -1.01507e-04   constant   
  18  wCBO_expCoeff   2.00039e+02   3.31917e-01   1.54359e-04  -7.60885e-02
  19  wCBO_expOffset   2.00006e+02   4.51715e-02   9.53703e-05  -5.10313e-01
  20  wCBO_expT    2.99812e+01   8.99426e-03   1.42961e-05  -1.63370e+00
  21  wCBO_linCoeff   0.00000e+00   constant   
  22  wCBO_const   4.84986e-03   7.45023e-04   3.57287e-06  -1.73188e+00
 EXTERNAL ERROR MATRIX.    NDIM=  25    NPAR=  5    ERR DEF=1
  2.060e-07 -2.688e-06 -1.997e-07  2.319e-07 -1.579e-08 
 -2.688e-06  1.102e-01 -1.272e-02 -1.282e-03  7.008e-05 
 -1.997e-07 -1.272e-02  2.040e-03 -4.423e-05  2.313e-06 
  2.319e-07 -1.282e-03 -4.423e-05  8.090e-05 -4.768e-06 
 -1.579e-08  7.008e-05  2.313e-06 -4.768e-06  5.551e-07 
 PARAMETER  CORRELATION COEFFICIENTS  
       NO.  GLOBAL     14     18     19     20     22
       14  0.07992   1.000 -0.018 -0.010  0.057 -0.047
       18  0.99860  -0.018  1.000 -0.848 -0.429  0.283
       19  0.99830  -0.010 -0.848  1.000 -0.109  0.069
       20  0.99577   0.057 -0.429 -0.109  1.000 -0.712
       22  0.83750  -0.047  0.283  0.069 -0.712  1.000
MINUIT - FIT ALTOGETHER
 **********
 **   92 **RES 
 **********
                   PARAMETER    8  phi_CBO RESTORED TO VARIABLE.
                   PARAMETER    7  w_CBO RESTORED TO VARIABLE.
                   PARAMETER    6  A_CBO RESTORED TO VARIABLE.
                   PARAMETER    4  phi RESTORED TO VARIABLE.
                   PARAMETER    3  A0 RESTORED TO VARIABLE.
                   PARAMETER    1  N0 RESTORED TO VARIABLE.
 **********
 **   93 **MIGRAD
 **********
 START MIGRAD MINIMIZATION.  STRATEGY  1.  CONVERGENCE WHEN EDM .LT. 1.00e-04
 FCN=322.077 FROM MIGRAD    STATUS=INITIATE       22 CALLS         897 TOTAL
                     EDM= unknown      STRATEGY= 1      NO ERROR MATRIX       
  EXT PARAMETER               CURRENT GUESS       STEP         FIRST   
  NO.   NAME      VALUE            ERROR          SIZE      DERIVATIVE 
   1  N0           2.87173e+06   9.21943e+02   9.21943e+02   3.58593e-04
   2  tau          6.44000e+01   constant   
   3  A0           3.53287e-01   4.24897e-04   4.24897e-04   6.72947e+02
   4  phi          4.11571e+00   1.26960e-03   1.26960e-03   1.99607e+02
   5  R           -5.94062e+01   constant   
   6  A_CBO       -6.94391e-05   5.25850e-04   5.25850e-04   1.74890e+03
   7  w_CBO        2.32726e+00   6.67569e-04   6.67569e-04  -7.29600e+00
   8  phi_CBO      6.43546e+00   3.53794e+00   3.53794e+00  -4.11375e-04
   9  ANx2         6.75162e-04   constant   
  10  pNx2         4.60725e+00   constant   
  11  ANy1         0.00000e+00   constant   
  12  pNy1         0.00000e+00   constant   
  13  w_y          0.00000e+00   constant   
  14  ANy2        -1.84660e-04   4.53878e-04   3.97073e-06   2.28818e-03
  15  pNy2         4.50125e+00   constant   
  16  w_vw         1.43005e+01   constant   
  17  LM          -1.01507e-04   constant   
  18  wCBO_expCoeff   2.00039e+02   3.31917e-01   1.54359e-04  -7.61750e-02
  19  wCBO_expOffset   2.00006e+02   4.51715e-02   9.53703e-05  -5.18405e-01
  20  wCBO_expT    2.99812e+01   8.99426e-03   1.42961e-05  -1.63828e+00
  21  wCBO_linCoeff   0.00000e+00   constant   
  22  wCBO_const   4.84986e-03   7.45023e-04   3.57287e-06  -1.73455e+00
 MIGRAD MINIMIZATION HAS CONVERGED.
 MIGRAD WILL VERIFY CONVERGENCE AND ERROR MATRIX.
 FCN=321.835 FROM HESSE     STATUS=NOT POSDEF    104 CALLS        1122 TOTAL
                     EDM=0.000184774    STRATEGY= 1      ERR MATRIX NOT POS-DEF
  EXT PARAMETER                APPROXIMATE        STEP         FIRST   
  NO.   NAME      VALUE            ERROR          SIZE      DERIVATIVE 
   1  N0           2.87158e+06   9.17727e+02   7.96516e+00  -3.00695e-07
   2  tau          6.44000e+01   constant   
   3  A0           3.53223e-01   4.26683e-04   3.75022e-06   7.55825e-01
   4  phi          4.11559e+00   1.25505e-03   1.10167e-05   3.03620e-01
