 + ++++++++++++++++++++++++++++++++++++++++++++++++++++++++++++++++++++ +
 +                                                                      +
 +           You have chose to blind your fitting according to          +
 +                omega_ref * (1 + (R +/- deltaR) *10^{-6})             +
 +                                                                      +
 + ++++++++++++++++++++++++++++++++++++++++++++++++++++++++++++++++++++ +
In main()...
reading format from /gm2data/zkhechad/run45/envelope/formats/formatB_sBin_constraintOn.txt
pBinTau 	= 0  
pBinPhi 	= 0  
constraintau 	= 1 
includeMopTerm 	= 0    
constrainMop    = 0   
Parameters after format file: pBinTau 0 pBinPhi 0 constraintau 1 includeMopTerm 0 constrainMop 0 c_e_scale 0.000000 
reading cbo reference file (full fit) from /gm2data/zkhechad/cboTemplates/Run4CBOTemplates/fullFits/run4/sBin_constraintOn_cE0.0_seed0_run4_calo14.root
A_CBO 0.007725 w_CBO 2.327367 phi_CBO 5.940248 N0 3305546.525918 R -60.591491 tau 64.400381 
Reading cboRef file /gm2data/zkhechad/cboTemplates/Run4CBOTemplates//cboIsolate/run4_calo14.root
deltaT 5.822727
windowBins = 120
fitting sliding window 80 from bin 283 at 42.223600 to bin 403 at 60.127600 (120 bins)

Reading data from /gm2data/cornell/histograms/aMethod/histogram_a_run4.root
fitting cbo isolate
 **********
 **    1 **SET PRINTOUT            1
 **********
 **********
 **    2 **SET NOWARNINGS 
 **********
 PARAMETER DEFINITIONS:
    NO.   NAME         VALUE      STEP SIZE      LIMITS
     1 A_CBO        7.72458e-03  1.00000e-05     no limits
     2 w_CBO        2.32737e+00  1.00000e-02    2.00000e+00  3.00000e+00
     3 phi_CBO      5.94025e+00  1.00000e-02    0.00000e+00  6.28319e+00
 **********
 **    3 **MIGRAD
 **********
 FIRST CALL TO USER FUNCTION AT NEW START POINT, WITH IFLAG=4.
 START MIGRAD MINIMIZATION.  STRATEGY  1.  CONVERGENCE WHEN EDM .LT. 1.00e-04
 FCN=0.000123447 FROM MIGRAD    STATUS=INITIATE       12 CALLS          13 TOTAL
                     EDM= unknown      STRATEGY= 1      NO ERROR MATRIX       
  EXT PARAMETER               CURRENT GUESS       STEP         FIRST   
  NO.   NAME      VALUE            ERROR          SIZE      DERIVATIVE 
   1  A_CBO        7.72458e-03   1.00000e-05   1.00000e-05   1.37137e-01
   2  w_CBO        2.32737e+00   1.00000e-02   2.13128e-02   6.09601e-03
   3  phi_CBO      5.94025e+00   1.00000e-02   7.00705e-03  -3.73568e-04
 MIGRAD MINIMIZATION HAS CONVERGED.
 MIGRAD WILL VERIFY CONVERGENCE AND ERROR MATRIX.
 COVARIANCE MATRIX CALCULATED SUCCESSFULLY
 FCN=3.88091e-05 FROM MIGRAD    STATUS=CONVERGED      48 CALLS          49 TOTAL
                     EDM=1.15571e-07    STRATEGY= 1      ERROR MATRIX ACCURATE 
  EXT PARAMETER                                   STEP         FIRST   
  NO.   NAME      VALUE            ERROR          SIZE      DERIVATIVE 
   1  A_CBO        6.56016e-03   1.30198e-01   6.34854e-05  -7.57193e-04
   2  w_CBO        2.32694e+00   7.49830e-01   3.96001e-04  -1.08977e-04
   3  phi_CBO      5.96275e+00   6.04318e+00   7.14306e-03   1.05517e-06
 EXTERNAL ERROR MATRIX.    NDIM=  25    NPAR=  3    ERR DEF=1
  1.695e-02 -1.360e-02 -7.262e-01 
 -1.360e-02  5.991e+00  3.019e+02 
 -7.262e-01  3.019e+02  1.559e+04 
 PARAMETER  CORRELATION COEFFICIENTS  
       NO.  GLOBAL      1      2      3
        1  0.04562   1.000 -0.043 -0.045
        2  0.98768  -0.043  1.000  0.988
        3  0.98768  -0.045  0.988  1.000
setting A_CBO=0.006560 w_CBO=2.326939, phi_CBO=5.962755
done fitting cbo isolate
 **********
 **    1 **SET PRINTOUT            1
 **********
 **********
 **    2 **SET NOWARNINGS 
 **********
 PARAMETER DEFINITIONS:
    NO.   NAME         VALUE      STEP SIZE      LIMITS
     1 N0           3.30555e+06  1.00000e+02     no limits
     2 tau          6.44004e+01  constant
     3 A0           3.62072e-01  1.00000e-04     no limits
     4 phi          4.12124e+00  1.00000e-02     no limits
     5 R           -6.05915e+01  constant
     6 A_CBO        6.56016e-03  1.00000e-05     no limits
     7 w_CBO        2.32694e+00  1.00000e-03     no limits
     8 phi_CBO      5.96275e+00  1.00000e-04     no limits
     9 ANx2         3.16430e-04  constant
    10 pNx2         2.82055e+00  constant
    11 ANy1         0.00000e+00  constant
    12 pNy1         0.00000e+00  constant
    13 w_y          0.00000e+00  constant
    14 ANy2         7.39162e-03  1.00000e-04     no limits
    15 pNy2         2.23607e+00  constant
    16 w_vw         1.43191e+01  constant
    17 LM          -1.34420e-04  constant
    18 wCBO_expCoeff   2.00000e+02  1.00000e+00     no limits
    19 wCBO_expOffset   2.00000e+02  1.00000e+00     no limits
    20 wCBO_expT    3.00000e+01  1.00000e+00     no limits
    21 wCBO_linCoeff   0.00000e+00  constant
    22 wCBO_const   0.00000e+00  1.00000e-02     no limits
MINUIT - FIT ONLY WIGGLE
 **********
 **    3 **FIX            5
 **********
 PARAMETER    5  IS CONSTANT.   IGNORED.
 **********
 **    4 **FIX            6
 **********
 **********
 **    5 **FIX            7
 **********
 **********
 **    6 **FIX            8
 **********
 **********
 **    7 **FIX            9
 **********
 PARAMETER    9  IS CONSTANT.   IGNORED.
 **********
 **    8 **FIX           10
 **********
 PARAMETER   10  IS CONSTANT.   IGNORED.
 **********
 **    9 **FIX           11
 **********
 PARAMETER   11  IS CONSTANT.   IGNORED.
 **********
 **   10 **FIX           12
 **********
 PARAMETER   12  IS CONSTANT.   IGNORED.
 **********
 **   11 **FIX           13
 **********
 PARAMETER   13  IS CONSTANT.   IGNORED.
 **********
 **   12 **FIX           14
 **********
 **********
 **   13 **FIX           15
 **********
 PARAMETER   15  IS CONSTANT.   IGNORED.
 **********
 **   14 **FIX           16
 **********
 PARAMETER   16  IS CONSTANT.   IGNORED.
 **********
 **   15 **MIGRAD
 **********
 FIRST CALL TO USER FUNCTION AT NEW START POINT, WITH IFLAG=4.
 START MIGRAD MINIMIZATION.  STRATEGY  1.  CONVERGENCE WHEN EDM .LT. 1.00e-04
 FCN=6504.81 FROM MIGRAD    STATUS=INITIATE       53 CALLS          54 TOTAL
                     EDM= unknown      STRATEGY= 1      NO ERROR MATRIX       
  EXT PARAMETER               CURRENT GUESS       STEP         FIRST   
  NO.   NAME      VALUE            ERROR          SIZE      DERIVATIVE 
   1  N0           3.30555e+06   1.00000e+02  -0.00000e+00  -3.10557e-02
   2  tau          6.44004e+01   constant   
   3  A0           3.62072e-01   1.00000e-04  -0.00000e+00  -1.95726e+05
   4  phi          4.12124e+00   1.00000e-02  -0.00000e+00   4.06808e+04
   5  R           -6.05915e+01   constant   
   6  A_CBO        6.56016e-03     fixed    
   7  w_CBO        2.32694e+00     fixed    
   8  phi_CBO      5.96275e+00     fixed    
   9  ANx2         3.16430e-04   constant   
  10  pNx2         2.82055e+00   constant   
  11  ANy1         0.00000e+00   constant   
  12  pNy1         0.00000e+00   constant   
  13  w_y          0.00000e+00   constant   
  14  ANy2         7.39162e-03     fixed    
  15  pNy2         2.23607e+00   constant   
  16  w_vw         1.43191e+01   constant   
  17  LM          -1.34420e-04   constant   
  18  wCBO_expCoeff   1.99998e+02   1.00000e+00  -1.80724e-03   8.95955e+05
  19  wCBO_expOffset   2.00000e+02   1.00000e+00  -0.00000e+00   8.07198e+05
  20  wCBO_expT    3.00000e+01   1.00000e+00  -0.00000e+00  -2.15860e+07
  21  wCBO_linCoeff   0.00000e+00   constant   
  22  wCBO_const   0.00000e+00   1.00000e-02  -0.00000e+00   8.87912e+03
 MIGRAD FAILS TO FIND IMPROVEMENT
 FCN=6435.12 FROM HESSE     STATUS=NOT POSDEF     56 CALLS         154 TOTAL
                     EDM=2564.16    STRATEGY= 1      ERR MATRIX NOT POS-DEF
  EXT PARAMETER                APPROXIMATE        STEP         FIRST   
  NO.   NAME      VALUE            ERROR          SIZE      DERIVATIVE 
   1  N0           3.30607e+06   2.58098e+02   1.13407e+01  -2.27490e-02
   2  tau          6.44004e+01   constant   
   3  A0           3.62583e-01   3.45919e-04   4.57742e-06  -1.10557e+05
   4  phi          4.12034e+00   1.59177e-03   1.33065e-05   2.33680e+04
   5  R           -6.05915e+01   constant   
   6  A_CBO        6.56016e-03     fixed    
   7  w_CBO        2.32694e+00     fixed    
   8  phi_CBO      5.96275e+00     fixed    
   9  ANx2         3.16430e-04   constant   
  10  pNx2         2.82055e+00   constant   
  11  ANy1         0.00000e+00   constant   
  12  pNy1         0.00000e+00   constant   
  13  w_y          0.00000e+00   constant   
  14  ANy2         7.39162e-03     fixed    
  15  pNy2         2.23607e+00   constant   
  16  w_vw         1.43191e+01   constant   
  17  LM          -1.34420e-04   constant   
  18  wCBO_expCoeff   1.99998e+02   3.25525e-05   9.53666e-05  -5.96310e+06
  19  wCBO_expOffset   2.00000e+02   2.18449e-05   9.53674e-05   4.91153e+06
  20  wCBO_expT    3.00000e+01   3.07289e-06   1.43051e-05  -5.03775e+07
  21  wCBO_linCoeff   0.00000e+00   constant   
  22  wCBO_const   4.96850e-05   1.56713e-03   1.19299e-05  -4.38871e+04
 MIGRAD FAILS TO FIND IMPROVEMENT
 MIGRAD TERMINATED WITHOUT CONVERGENCE.
 FCN=6403.78 FROM MIGRAD    STATUS=FAILED        218 CALLS         219 TOTAL
                     EDM=360.853    STRATEGY= 1      ERR MATRIX NOT POS-DEF
  EXT PARAMETER                APPROXIMATE        STEP         FIRST   
  NO.   NAME      VALUE            ERROR          SIZE      DERIVATIVE 
   1  N0           3.30608e+06   2.62180e+02   0.00000e+00  -1.95299e-02
   2  tau          6.44004e+01   constant   
   3  A0           3.62537e-01   1.68537e-04   0.00000e+00  -1.22984e+05
   4  phi          4.12064e+00   4.99060e-04  -0.00000e+00   3.03656e+04
   5  R           -6.05915e+01   constant   
   6  A_CBO        6.56016e-03     fixed    
   7  w_CBO        2.32694e+00     fixed    
   8  phi_CBO      5.96275e+00     fixed    
   9  ANx2         3.16430e-04   constant   
  10  pNx2         2.82055e+00   constant   
  11  ANy1         0.00000e+00   constant   
  12  pNy1         0.00000e+00   constant   
  13  w_y          0.00000e+00   constant   
  14  ANy2         7.39162e-03     fixed    
  15  pNy2         2.23607e+00   constant   
  16  w_vw         1.43191e+01   constant   
  17  LM          -1.34420e-04   constant   
  18  wCBO_expCoeff   1.99998e+02   5.54509e-06  -0.00000e+00  -1.55076e+06
  19  wCBO_expOffset   2.00000e+02   4.75741e-06  -0.00000e+00   1.18189e+06
  20  wCBO_expT    3.00000e+01   2.64087e-07  -0.00000e+00  -1.10752e+07
  21  wCBO_linCoeff   0.00000e+00   constant   
  22  wCBO_const  -2.64318e-04   4.86884e-04   0.00000e+00  -1.02380e+04
 EXTERNAL ERROR MATRIX.    NDIM=  25    NPAR=  7    ERR DEF=1
  6.874e+04  1.457e-02 -4.218e-02 -3.950e-04 -3.503e-04 -1.774e-05  3.361e-02 
  1.457e-02  2.840e-08 -5.614e-08 -5.791e-10 -5.274e-10 -2.573e-11  5.524e-08 
 -4.218e-02 -5.614e-08  2.491e-07  1.978e-09  1.796e-09  8.382e-11 -1.800e-07 
 -3.950e-04 -5.791e-10  1.978e-09  3.075e-11  2.392e-11  1.149e-12 -2.596e-09 
 -3.503e-04 -5.274e-10  1.796e-09  2.392e-11  2.263e-11  1.070e-12 -1.887e-09 
 -1.774e-05 -2.573e-11  8.382e-11  1.149e-12  1.070e-12  6.974e-14 -8.048e-11 
  3.361e-02  5.524e-08 -1.800e-07 -2.596e-09 -1.887e-09 -8.048e-11  2.371e-07 
ERR MATRIX NOT POS-DEF
 PARAMETER  CORRELATION COEFFICIENTS  
       NO.  GLOBAL      1      3      4     18     19     20     22
        1  0.56601   1.000  0.330 -0.322 -0.272 -0.281 -0.256  0.263
        3  0.97407   0.330  1.000 -0.667 -0.620 -0.658 -0.578  0.673
        4  0.96747  -0.322 -0.667  1.000  0.715  0.757  0.636 -0.741
       18  0.99949  -0.272 -0.620  0.715  1.000  0.907  0.785 -0.961
       19  0.98967  -0.281 -0.658  0.757  0.907  1.000  0.852 -0.815
       20  0.99229  -0.256 -0.578  0.636  0.785  0.852  1.000 -0.626
       22  0.99922   0.263  0.673 -0.741 -0.961 -0.815 -0.626  1.000
 ERR MATRIX NOT POS-DEF
MINUIT - FIT ONLY 1-CBO + other amplitudes 
 **********
 **   16 **RES 
 **********
                   PARAMETER   14  ANy2 RESTORED TO VARIABLE.
                   PARAMETER    8  phi_CBO RESTORED TO VARIABLE.
                   PARAMETER    7  w_CBO RESTORED TO VARIABLE.
                   PARAMETER    6  A_CBO RESTORED TO VARIABLE.
 **********
 **   17 **FIX            0
 **********
 PARAMETER    0  IS UNDEFINED. IGNORED.
 **********
 **   18 **FIX            1
 **********
 **********
 **   19 **FIX            2
 **********
 PARAMETER    2  IS CONSTANT.   IGNORED.
 **********
 **   20 **FIX            3
 **********
 **********
 **   21 **FIX            4
 **********
 **********
 **   22 **FIX            9
 **********
 PARAMETER    9  IS CONSTANT.   IGNORED.
 **********
 **   23 **FIX           11
 **********
 PARAMETER   11  IS CONSTANT.   IGNORED.
 **********
 **   24 **FIX           12
 **********
 PARAMETER   12  IS CONSTANT.   IGNORED.
 **********
 **   25 **FIX           14
 **********
 **********
 **   26 **FIX           15
 **********
 PARAMETER   15  IS CONSTANT.   IGNORED.
 **********
 **   27 **FIX           16
 **********
 PARAMETER   16  IS CONSTANT.   IGNORED.
 **********
 **   28 **MIGRAD
 **********
 START MIGRAD MINIMIZATION.  STRATEGY  1.  CONVERGENCE WHEN EDM .LT. 1.00e-04
 FCN=6403.78 FROM MIGRAD    STATUS=INITIATE       22 CALLS         241 TOTAL
                     EDM= unknown      STRATEGY= 1      NO ERROR MATRIX       
  EXT PARAMETER               CURRENT GUESS       STEP         FIRST   
  NO.   NAME      VALUE            ERROR          SIZE      DERIVATIVE 
   1  N0           3.30608e+06     fixed    
   2  tau          6.44004e+01   constant   
   3  A0           3.62537e-01     fixed    
   4  phi          4.12064e+00     fixed    
   5  R           -6.05915e+01   constant   
   6  A_CBO        6.56016e-03   1.00000e-05   1.00000e-05   6.22399e+05
   7  w_CBO        2.32694e+00   1.00000e-03   1.00000e-03  -1.33290e+08
   8  phi_CBO      5.96275e+00   1.00000e-04   1.00000e-04  -8.87025e+00
   9  ANx2         3.16430e-04   constant   
  10  pNx2         2.82055e+00   constant   
  11  ANy1         0.00000e+00   constant   
  12  pNy1         0.00000e+00   constant   
  13  w_y          0.00000e+00   constant   
  14  ANy2         7.39162e-03     fixed    
  15  pNy2         2.23607e+00   constant   
  16  w_vw         1.43191e+01   constant   
  17  LM          -1.34420e-04   constant   
  18  wCBO_expCoeff   1.99998e+02   5.54509e-06  -0.00000e+00  -1.55076e+06
  19  wCBO_expOffset   2.00000e+02   4.75741e-06  -0.00000e+00   1.18189e+06
  20  wCBO_expT    3.00000e+01   2.64087e-07  -0.00000e+00  -1.10752e+07
  21  wCBO_linCoeff   0.00000e+00   constant   
  22  wCBO_const  -2.64318e-04   4.86884e-04   0.00000e+00  -1.02380e+04
 MIGRAD FAILS TO FIND IMPROVEMENT
 FCN=4893.82 FROM HESSE     STATUS=NOT POSDEF     58 CALLS         517 TOTAL
                     EDM=27385.9    STRATEGY= 1      ERR MATRIX NOT POS-DEF
  EXT PARAMETER                APPROXIMATE        STEP         FIRST   
  NO.   NAME      VALUE            ERROR          SIZE      DERIVATIVE 
   1  N0           3.30608e+06     fixed    
   2  tau          6.44004e+01   constant   
   3  A0           3.62537e-01     fixed    
   4  phi          4.12064e+00     fixed    
   5  R           -6.05915e+01   constant   
   6  A_CBO        1.79899e-03   8.79350e-04   4.22814e-06   1.72585e+04
   7  w_CBO        2.32694e+00   4.02097e-07   1.10957e-06  -1.16345e+08
   8  phi_CBO      6.16024e+00   7.05254e-02   2.45073e-03   2.50266e+01
   9  ANx2         3.16430e-04   constant   
  10  pNx2         2.82055e+00   constant   
  11  ANy1         0.00000e+00   constant   
  12  pNy1         0.00000e+00   constant   
  13  w_y          0.00000e+00   constant   
  14  ANy2         7.39162e-03     fixed    
  15  pNy2         2.23607e+00   constant   
  16  w_vw         1.43191e+01   constant   
  17  LM          -1.34420e-04   constant   
  18  wCBO_expCoeff   1.99998e+02   3.45607e-05   9.53666e-05  -1.35361e+06
  19  wCBO_expOffset   2.00000e+02   2.96516e-05   9.53674e-05  -7.40056e+06
  20  wCBO_expT    3.00000e+01   3.95771e-06   1.43051e-05  -6.25363e+06
  21  wCBO_linCoeff   0.00000e+00   constant   
  22  wCBO_const   6.49660e-03   2.30528e-03   2.02903e-05  -8.82844e+03
 MIGRAD FAILS TO FIND IMPROVEMENT
 MIGRAD TERMINATED WITHOUT CONVERGENCE.
 FCN=4877.62 FROM MIGRAD    STATUS=FAILED        346 CALLS         565 TOTAL
                     EDM=12.0205    STRATEGY= 1      ERR MATRIX NOT POS-DEF
  EXT PARAMETER                APPROXIMATE        STEP         FIRST   
  NO.   NAME      VALUE            ERROR          SIZE      DERIVATIVE 
   1  N0           3.30608e+06     fixed    
   2  tau          6.44004e+01   constant   
   3  A0           3.62537e-01     fixed    
   4  phi          4.12064e+00     fixed    
   5  R           -6.05915e+01   constant   
   6  A_CBO        1.62344e-03   8.66466e-05  -0.00000e+00   3.38649e+03
   7  w_CBO        2.32694e+00   4.34221e-08   0.00000e+00   6.17938e+07
   8  phi_CBO      6.18037e+00   5.59578e-02   0.00000e+00  -8.12641e+01
   9  ANx2         3.16430e-04   constant   
  10  pNx2         2.82055e+00   constant   
  11  ANy1         0.00000e+00   constant   
  12  pNy1         0.00000e+00   constant   
  13  w_y          0.00000e+00   constant   
  14  ANy2         7.39162e-03     fixed    
  15  pNy2         2.23607e+00   constant   
  16  w_vw         1.43191e+01   constant   
  17  LM          -1.34420e-04   constant   
  18  wCBO_expCoeff   1.99998e+02   3.73224e-06   0.00000e+00   7.18918e+05
  19  wCBO_expOffset   2.00000e+02   1.46207e-06   0.00000e+00  -4.09298e+05
  20  wCBO_expT    3.00000e+01   6.03701e-07   0.00000e+00  -8.34349e+06
  21  wCBO_linCoeff   0.00000e+00   constant   
  22  wCBO_const   6.09156e-03   4.69435e-04   0.00000e+00   2.44340e+03
 EXTERNAL ERROR MATRIX.    NDIM=  25    NPAR=  7    ERR DEF=1
  7.508e-09 -1.293e-12 -8.006e-07 -1.111e-10  5.812e-12 -2.044e-11  2.307e-09 
 -1.293e-12  1.885e-15  6.803e-10  1.917e-14 -8.658e-15  7.785e-15 -8.271e-12 
 -8.006e-07  6.803e-10  3.131e-03  5.847e-08  7.150e-09  7.215e-09  8.877e-06 
 -1.111e-10  1.917e-14  5.847e-08  1.393e-11 -7.441e-13  6.692e-13 -7.110e-10 
  5.812e-12 -8.658e-15  7.150e-09 -7.441e-13  2.138e-12  3.714e-14  9.011e-11 
 -2.044e-11  7.785e-15  7.215e-09  6.692e-13  3.714e-14  3.645e-13  9.919e-12 
  2.307e-09 -8.271e-12  8.877e-06 -7.110e-10  9.011e-11  9.919e-12  2.204e-07 
ERR MATRIX NOT POS-DEF
 PARAMETER  CORRELATION COEFFICIENTS  
       NO.  GLOBAL      6      7      8     18     19     20     22
        6  0.57776   1.000 -0.344 -0.165 -0.344  0.046 -0.391  0.057
        7  0.80440  -0.344  1.000  0.280  0.118 -0.136  0.297 -0.406
        8  0.79032  -0.165  0.280  1.000  0.280  0.087  0.214  0.338
       18  0.80441  -0.344  0.118  0.280  1.000 -0.136  0.297 -0.406
       19  0.32474   0.046 -0.136  0.087 -0.136  1.000  0.042  0.131
       20  0.56116  -0.391  0.297  0.214  0.297  0.042  1.000  0.035
       22  0.85179   0.057 -0.406  0.338 -0.406  0.131  0.035  1.000
 ERR MATRIX NOT POS-DEF
MINUIT - FIT ONLY 1-CBO
 **********
 **   29 **RES 
 **********
                   PARAMETER   14  ANy2 RESTORED TO VARIABLE.
                   PARAMETER    4  phi RESTORED TO VARIABLE.
                   PARAMETER    3  A0 RESTORED TO VARIABLE.
                   PARAMETER    1  N0 RESTORED TO VARIABLE.
 **********
 **   30 **FIX            0
 **********
 PARAMETER    0  IS UNDEFINED. IGNORED.
 **********
 **   31 **FIX            1
 **********
 **********
 **   32 **FIX            2
 **********
 PARAMETER    2  IS CONSTANT.   IGNORED.
 **********
 **   33 **FIX            3
 **********
 **********
 **   34 **FIX            4
 **********
 **********
 **   35 **FIX            8
 **********
 **********
 **   36 **FIX            9
 **********
 PARAMETER    9  IS CONSTANT.   IGNORED.
 **********
 **   37 **FIX           11
 **********
 PARAMETER   11  IS CONSTANT.   IGNORED.
 **********
 **   38 **FIX           12
 **********
 PARAMETER   12  IS CONSTANT.   IGNORED.
 **********
 **   39 **FIX           13
 **********
 PARAMETER   13  IS CONSTANT.   IGNORED.
 **********
 **   40 **FIX           15
 **********
 PARAMETER   15  IS CONSTANT.   IGNORED.
 **********
 **   41 **FIX           16
 **********
 PARAMETER   16  IS CONSTANT.   IGNORED.
 **********
 **   42 **MIGRAD
 **********
 START MIGRAD MINIMIZATION.  STRATEGY  1.  CONVERGENCE WHEN EDM .LT. 1.00e-04
 FCN=4877.62 FROM MIGRAD    STATUS=INITIATE       14 CALLS         579 TOTAL
                     EDM= unknown      STRATEGY= 1      NO ERROR MATRIX       
  EXT PARAMETER               CURRENT GUESS       STEP         FIRST   
  NO.   NAME      VALUE            ERROR          SIZE      DERIVATIVE 
   1  N0           3.30608e+06     fixed    
   2  tau          6.44004e+01   constant   
   3  A0           3.62537e-01     fixed    
   4  phi          4.12064e+00     fixed    
   5  R           -6.05915e+01   constant   
   6  A_CBO        1.62344e-03   8.66466e-05  -0.00000e+00   3.38649e+03
   7  w_CBO        2.32694e+00   4.34221e-08   0.00000e+00   6.17938e+07
   8  phi_CBO      6.18037e+00     fixed    
   9  ANx2         3.16430e-04   constant   
  10  pNx2         2.82055e+00   constant   
  11  ANy1         0.00000e+00   constant   
  12  pNy1         0.00000e+00   constant   
  13  w_y          0.00000e+00   constant   
  14  ANy2         7.39162e-03   1.00000e-04   1.00000e-04   7.50227e+05
  15  pNy2         2.23607e+00   constant   
  16  w_vw         1.43191e+01   constant   
  17  LM          -1.34420e-04   constant   
  18  wCBO_expCoeff   1.99998e+02   3.73224e-06   0.00000e+00   7.18918e+05
  19  wCBO_expOffset   2.00000e+02   1.46207e-06   0.00000e+00  -4.09298e+05
  20  wCBO_expT    3.00000e+01   6.03701e-07   0.00000e+00  -8.34349e+06
  21  wCBO_linCoeff   0.00000e+00   constant   
  22  wCBO_const   6.09156e-03   4.69435e-04   0.00000e+00   2.44340e+03
 MIGRAD FAILS TO FIND IMPROVEMENT
 FCN=2700.31 FROM HESSE     STATUS=NOT POSDEF     58 CALLS         715 TOTAL
                     EDM=376.11    STRATEGY= 1      ERR MATRIX NOT POS-DEF
  EXT PARAMETER                APPROXIMATE        STEP         FIRST   
  NO.   NAME      VALUE            ERROR          SIZE      DERIVATIVE 
   1  N0           3.30608e+06     fixed    
   2  tau          6.44004e+01   constant   
   3  A0           3.62537e-01     fixed    
   4  phi          4.12064e+00     fixed    
   5  R           -6.05915e+01   constant   
   6  A_CBO        1.34437e-03   9.99383e-04   3.13997e-06  -1.02887e+04
   7  w_CBO        2.32694e+00   5.52069e-07   1.10957e-06  -3.35113e+07
   8  phi_CBO      6.18037e+00     fixed    
   9  ANx2         3.16430e-04   constant   
  10  pNx2         2.82055e+00   constant   
  11  ANy1         0.00000e+00   constant   
  12  pNy1         0.00000e+00   constant   
  13  w_y          0.00000e+00   constant   
  14  ANy2         1.42901e-03   8.57256e-05   3.15870e-06  -1.54659e+04
  15  pNy2         2.23607e+00   constant   
  16  w_vw         1.43191e+01   constant   
  17  LM          -1.34420e-04   constant   
  18  wCBO_expCoeff   1.99998e+02   4.74510e-05   9.53666e-05  -3.89886e+05
  19  wCBO_expOffset   2.00000e+02   4.07501e-05   9.53674e-05  -3.65027e+05
  20  wCBO_expT    3.00000e+01   5.18593e-06   1.43051e-05   1.43372e+07
  21  wCBO_linCoeff   0.00000e+00   constant   
  22  wCBO_const   8.15407e-03   2.30109e-03   2.07068e-05  -2.15001e+03
 MIGRAD FAILS TO FIND IMPROVEMENT
 MIGRAD TERMINATED WITHOUT CONVERGENCE.
 FCN=2700.31 FROM MIGRAD    STATUS=FAILED        161 CALLS         726 TOTAL
                     EDM=376.11    STRATEGY= 1      ERR MATRIX NOT POS-DEF
  EXT PARAMETER                APPROXIMATE        STEP         FIRST   
  NO.   NAME      VALUE            ERROR          SIZE      DERIVATIVE 
   1  N0           3.30608e+06     fixed    
   2  tau          6.44004e+01   constant   
   3  A0           3.62537e-01     fixed    
   4  phi          4.12064e+00     fixed    
   5  R           -6.05915e+01   constant   
   6  A_CBO        1.34437e-03   9.99383e-04   0.00000e+00  -1.02887e+04
   7  w_CBO        2.32694e+00   5.52069e-07  -0.00000e+00  -3.35113e+07
   8  phi_CBO      6.18037e+00     fixed    
   9  ANx2         3.16430e-04   constant   
  10  pNx2         2.82055e+00   constant   
  11  ANy1         0.00000e+00   constant   
  12  pNy1         0.00000e+00   constant   
  13  w_y          0.00000e+00   constant   
  14  ANy2         1.42901e-03   8.57256e-05   0.00000e+00  -1.54659e+04
  15  pNy2         2.23607e+00   constant   
  16  w_vw         1.43191e+01   constant   
  17  LM          -1.34420e-04   constant   
  18  wCBO_expCoeff   1.99998e+02   4.74510e-05  -0.00000e+00  -3.89886e+05
  19  wCBO_expOffset   2.00000e+02   4.07501e-05  -0.00000e+00  -3.65027e+05
  20  wCBO_expT    3.00000e+01   5.18593e-06  -0.00000e+00   1.43372e+07
  21  wCBO_linCoeff   0.00000e+00   constant   
  22  wCBO_const   8.15407e-03   2.30109e-03   0.00000e+00  -2.15001e+03
 EXTERNAL ERROR MATRIX.    NDIM=  25    NPAR=  7    ERR DEF=1
  9.988e-07 -5.484e-10  3.696e-08 -4.713e-08 -4.052e-08 -5.141e-09  2.215e-06 
 -5.484e-10  3.048e-13 -2.037e-11  2.597e-11  2.235e-11  2.835e-12 -1.232e-09 
  3.696e-08 -2.037e-11  7.349e-09 -1.751e-09 -1.506e-09 -1.913e-10  8.288e-08 
 -4.713e-08  2.597e-11 -1.751e-09  2.252e-09  1.921e-09  2.437e-10 -1.059e-07 
 -4.052e-08  2.235e-11 -1.506e-09  1.921e-09  1.661e-09  2.092e-10 -9.017e-08 
 -5.141e-09  2.835e-12 -1.913e-10  2.437e-10  2.092e-10  2.689e-11 -1.142e-08 
  2.215e-06 -1.232e-09  8.288e-08 -1.059e-07 -9.017e-08 -1.142e-08  5.295e-06 
ERR MATRIX NOT POS-DEF
 PARAMETER  CORRELATION COEFFICIENTS  
       NO.  GLOBAL      6      7     14     18     19     20     22
        6  0.99703   1.000 -0.994  0.431 -0.994 -0.995 -0.992  0.963
        7  0.99613  -0.994  1.000 -0.430  0.991  0.993  0.990 -0.970
       14  0.43237   0.431 -0.430  1.000 -0.430 -0.431 -0.430  0.420
       18  0.99613  -0.994  0.991 -0.430  1.000  0.993  0.990 -0.970
       19  0.99650  -0.995  0.993 -0.431  0.993  1.000  0.990 -0.962
       20  0.99343  -0.992  0.990 -0.430  0.990  0.990  1.000 -0.957
       22  0.97609   0.963 -0.970  0.420 -0.970 -0.962 -0.957  1.000
 ERR MATRIX NOT POS-DEF
MINUIT - FIT ONLY 2-CBO
 **********
 **   43 **RES 
 **********
                   PARAMETER    8  phi_CBO RESTORED TO VARIABLE.
                   PARAMETER    4  phi RESTORED TO VARIABLE.
                   PARAMETER    3  A0 RESTORED TO VARIABLE.
                   PARAMETER    1  N0 RESTORED TO VARIABLE.
 **********
 **   44 **FIX            0
 **********
 PARAMETER    0  IS UNDEFINED. IGNORED.
 **********
 **   45 **FIX            1
 **********
 **********
 **   46 **FIX            2
 **********
 PARAMETER    2  IS CONSTANT.   IGNORED.
 **********
 **   47 **FIX            3
 **********
 **********
 **   48 **FIX            4
 **********
 **********
 **   49 **FIX            5
 **********
 PARAMETER    5  IS CONSTANT.   IGNORED.
 **********
 **   50 **FIX            6
 **********
 **********
 **   51 **FIX            7
 **********
 **********
 **   52 **FIX           10
 **********
 PARAMETER   10  IS CONSTANT.   IGNORED.
 **********
 **   53 **FIX           11
 **********
 PARAMETER   11  IS CONSTANT.   IGNORED.
 **********
 **   54 **FIX           12
 **********
 PARAMETER   12  IS CONSTANT.   IGNORED.
 **********
 **   55 **FIX           13
 **********
 PARAMETER   13  IS CONSTANT.   IGNORED.
 **********
 **   56 **FIX           14
 **********
 **********
 **   57 **FIX           15
 **********
 PARAMETER   15  IS CONSTANT.   IGNORED.
 **********
 **   58 **FIX           16
 **********
 PARAMETER   16  IS CONSTANT.   IGNORED.
 **********
 **   59 **MIGRAD
 **********
 START MIGRAD MINIMIZATION.  STRATEGY  1.  CONVERGENCE WHEN EDM .LT. 1.00e-04
 FCN=2700.31 FROM MIGRAD    STATUS=INITIATE       10 CALLS         736 TOTAL
                     EDM= unknown      STRATEGY= 1      NO ERROR MATRIX       
  EXT PARAMETER               CURRENT GUESS       STEP         FIRST   
  NO.   NAME      VALUE            ERROR          SIZE      DERIVATIVE 
   1  N0           3.30608e+06     fixed    
   2  tau          6.44004e+01   constant   
   3  A0           3.62537e-01     fixed    
   4  phi          4.12064e+00     fixed    
   5  R           -6.05915e+01   constant   
   6  A_CBO        1.34437e-03     fixed    
   7  w_CBO        2.32694e+00     fixed    
   8  phi_CBO      6.18037e+00   5.59578e-02   5.59578e-02  -1.92605e+01
   9  ANx2         3.16430e-04   constant   
  10  pNx2         2.82055e+00   constant   
  11  ANy1         0.00000e+00   constant   
  12  pNy1         0.00000e+00   constant   
  13  w_y          0.00000e+00   constant   
  14  ANy2         1.42901e-03     fixed    
  15  pNy2         2.23607e+00   constant   
  16  w_vw         1.43191e+01   constant   
  17  LM          -1.34420e-04   constant   
  18  wCBO_expCoeff   1.99998e+02   4.74510e-05  -0.00000e+00  -9.12632e+04
  19  wCBO_expOffset   2.00000e+02   4.07501e-05  -0.00000e+00  -1.87739e+05
  20  wCBO_expT    3.00000e+01   5.18593e-06  -0.00000e+00  -2.62693e+06
  21  wCBO_linCoeff   0.00000e+00   constant   
  22  wCBO_const   8.15407e-03   2.30109e-03   0.00000e+00  -2.15000e+03
 MIGRAD FAILS TO FIND IMPROVEMENT
 FCN=2700.31 FROM HESSE     STATUS=NOT POSDEF     37 CALLS         784 TOTAL
                     EDM=453.7    STRATEGY= 1      ERR MATRIX NOT POS-DEF
  EXT PARAMETER                APPROXIMATE        STEP         FIRST   
  NO.   NAME      VALUE            ERROR          SIZE      DERIVATIVE 
   1  N0           3.30608e+06     fixed    
   2  tau          6.44004e+01   constant   
   3  A0           3.62537e-01     fixed    
   4  phi          4.12064e+00     fixed    
   5  R           -6.05915e+01   constant   
   6  A_CBO        1.34437e-03     fixed    
   7  w_CBO        2.32694e+00     fixed    
   8  phi_CBO      6.18037e+00   5.69516e-01   1.98613e-03  -1.92606e+01
   9  ANx2         3.16430e-04   constant   
  10  pNx2         2.82055e+00   constant   
  11  ANy1         0.00000e+00   constant   
  12  pNy1         0.00000e+00   constant   
  13  w_y          0.00000e+00   constant   
  14  ANy2         1.42901e-03     fixed    
  15  pNy2         2.23607e+00   constant   
  16  w_vw         1.43191e+01   constant   
  17  LM          -1.34420e-04   constant   
  18  wCBO_expCoeff   1.99998e+02   6.44209e-05   9.53666e-05  -3.89886e+05
  19  wCBO_expOffset   2.00000e+02   3.31767e-05   9.53674e-05  -3.65027e+05
  20  wCBO_expT    3.00000e+01   3.72714e-06   1.43051e-05   1.43372e+07
  21  wCBO_linCoeff   0.00000e+00   constant   
  22  wCBO_const   8.15407e-03   7.06491e-03   2.04393e-05  -2.15001e+03
 MIGRAD FAILS TO FIND IMPROVEMENT
 MIGRAD TERMINATED WITHOUT CONVERGENCE.
 FCN=2700.31 FROM MIGRAD    STATUS=FAILED         69 CALLS         795 TOTAL
                     EDM=453.7    STRATEGY= 1      ERR MATRIX NOT POS-DEF
  EXT PARAMETER                APPROXIMATE        STEP         FIRST   
  NO.   NAME      VALUE            ERROR          SIZE      DERIVATIVE 
   1  N0           3.30608e+06     fixed    
   2  tau          6.44004e+01   constant   
   3  A0           3.62537e-01     fixed    
   4  phi          4.12064e+00     fixed    
   5  R           -6.05915e+01   constant   
   6  A_CBO        1.34437e-03     fixed    
   7  w_CBO        2.32694e+00     fixed    
   8  phi_CBO      6.18037e+00   5.69516e-01   0.00000e+00  -1.92606e+01
   9  ANx2         3.16430e-04   constant   
  10  pNx2         2.82055e+00   constant   
  11  ANy1         0.00000e+00   constant   
  12  pNy1         0.00000e+00   constant   
  13  w_y          0.00000e+00   constant   
  14  ANy2         1.42901e-03     fixed    
  15  pNy2         2.23607e+00   constant   
  16  w_vw         1.43191e+01   constant   
  17  LM          -1.34420e-04   constant   
  18  wCBO_expCoeff   1.99998e+02   6.44209e-05  -0.00000e+00  -3.89886e+05
  19  wCBO_expOffset   2.00000e+02   3.31767e-05  -0.00000e+00  -3.65027e+05
  20  wCBO_expT    3.00000e+01   3.72714e-06  -0.00000e+00   1.43372e+07
  21  wCBO_linCoeff   0.00000e+00   constant   
  22  wCBO_const   8.15407e-03   7.06491e-03   0.00000e+00  -2.15001e+03
 EXTERNAL ERROR MATRIX.    NDIM=  25    NPAR=  5    ERR DEF=1
  3.243e-01 -3.576e-05 -1.840e-05 -2.030e-06  3.971e-03 
 -3.576e-05  4.150e-09  2.110e-09  2.333e-10 -4.497e-07 
 -1.840e-05  2.110e-09  1.101e-09  1.196e-10 -2.284e-07 
 -2.030e-06  2.333e-10  1.196e-10  1.389e-11 -2.511e-08 
  3.971e-03 -4.497e-07 -2.284e-07 -2.511e-08  4.991e-05 
ERR MATRIX NOT POS-DEF
 PARAMETER  CORRELATION COEFFICIENTS  
       NO.  GLOBAL      8     18     19     20     22
        8  0.99141   1.000 -0.975 -0.974 -0.956  0.987
       18  0.99624  -0.975  1.000  0.987  0.972 -0.988
       19  0.99051  -0.974  0.987  1.000  0.967 -0.974
       20  0.97702  -0.956  0.972  0.967  1.000 -0.954
       22  0.99550   0.987 -0.988 -0.974 -0.954  1.000
 ERR MATRIX NOT POS-DEF
MINUIT - FIT ONLY 1-y
 **********
 **   60 **RES 
 **********
                   PARAMETER   14  ANy2 RESTORED TO VARIABLE.
                   PARAMETER    7  w_CBO RESTORED TO VARIABLE.
                   PARAMETER    6  A_CBO RESTORED TO VARIABLE.
                   PARAMETER    4  phi RESTORED TO VARIABLE.
                   PARAMETER    3  A0 RESTORED TO VARIABLE.
                   PARAMETER    1  N0 RESTORED TO VARIABLE.
 **********
 **   61 **FIX            0
 **********
 PARAMETER    0  IS UNDEFINED. IGNORED.
 **********
 **   62 **FIX            1
 **********
 **********
 **   63 **FIX            2
 **********
 PARAMETER    2  IS CONSTANT.   IGNORED.
 **********
 **   64 **FIX            3
 **********
 **********
 **   65 **FIX            4
 **********
 **********
 **   66 **FIX            5
 **********
 PARAMETER    5  IS CONSTANT.   IGNORED.
 **********
 **   67 **FIX            6
 **********
 **********
 **   68 **FIX            7
 **********
 **********
 **   69 **FIX            8
 **********
 **********
 **   70 **FIX            9
 **********
 PARAMETER    9  IS CONSTANT.   IGNORED.
 **********
 **   71 **FIX           13
 **********
 PARAMETER   13  IS CONSTANT.   IGNORED.
 **********
 **   72 **FIX           14
 **********
 **********
 **   73 **FIX           15
 **********
 PARAMETER   15  IS CONSTANT.   IGNORED.
 **********
 **   74 **FIX           16
 **********
 PARAMETER   16  IS CONSTANT.   IGNORED.
 **********
 **   75 **MIGRAD
 **********
 START MIGRAD MINIMIZATION.  STRATEGY  1.  CONVERGENCE WHEN EDM .LT. 1.00e-04
 FCN=2700.31 FROM MIGRAD    STATUS=INITIATE        8 CALLS         803 TOTAL
                     EDM= unknown      STRATEGY= 1      NO ERROR MATRIX       
  EXT PARAMETER               CURRENT GUESS       STEP         FIRST   
  NO.   NAME      VALUE            ERROR          SIZE      DERIVATIVE 
   1  N0           3.30608e+06     fixed    
   2  tau          6.44004e+01   constant   
   3  A0           3.62537e-01     fixed    
   4  phi          4.12064e+00     fixed    
   5  R           -6.05915e+01   constant   
   6  A_CBO        1.34437e-03     fixed    
   7  w_CBO        2.32694e+00     fixed    
   8  phi_CBO      6.18037e+00     fixed    
   9  ANx2         3.16430e-04   constant   
  10  pNx2         2.82055e+00   constant   
  11  ANy1         0.00000e+00   constant   
  12  pNy1         0.00000e+00   constant   
  13  w_y          0.00000e+00   constant   
  14  ANy2         1.42901e-03     fixed    
  15  pNy2         2.23607e+00   constant   
  16  w_vw         1.43191e+01   constant   
  17  LM          -1.34420e-04   constant   
  18  wCBO_expCoeff   1.99998e+02   6.44209e-05  -0.00000e+00  -9.12632e+04
  19  wCBO_expOffset   2.00000e+02   3.31767e-05  -0.00000e+00  -1.87739e+05
  20  wCBO_expT    3.00000e+01   3.72714e-06  -0.00000e+00  -2.62693e+06
  21  wCBO_linCoeff   0.00000e+00   constant   
  22  wCBO_const   8.15407e-03   7.06491e-03   0.00000e+00  -2.15000e+03
 MIGRAD FAILS TO FIND IMPROVEMENT
 FCN=2700.31 FROM HESSE     STATUS=NOT POSDEF     29 CALLS         842 TOTAL
                     EDM=227.34    STRATEGY= 1      ERR MATRIX NOT POS-DEF
  EXT PARAMETER                APPROXIMATE        STEP         FIRST   
  NO.   NAME      VALUE            ERROR          SIZE      DERIVATIVE 
   1  N0           3.30608e+06     fixed    
   2  tau          6.44004e+01   constant   
   3  A0           3.62537e-01     fixed    
   4  phi          4.12064e+00     fixed    
   5  R           -6.05915e+01   constant   
   6  A_CBO        1.34437e-03     fixed    
   7  w_CBO        2.32694e+00     fixed    
   8  phi_CBO      6.18037e+00     fixed    
   9  ANx2         3.16430e-04   constant   
  10  pNx2         2.82055e+00   constant   
  11  ANy1         0.00000e+00   constant   
  12  pNy1         0.00000e+00   constant   
  13  w_y          0.00000e+00   constant   
  14  ANy2         1.42901e-03     fixed    
  15  pNy2         2.23607e+00   constant   
  16  w_vw         1.43191e+01   constant   
  17  LM          -1.34420e-04   constant   
  18  wCBO_expCoeff   1.99998e+02   9.46390e-05   9.53666e-05  -3.89886e+05
  19  wCBO_expOffset   2.00000e+02   4.06979e-05   9.53674e-05  -3.65027e+05
  20  wCBO_expT    3.00000e+01   4.75524e-06   1.43051e-05   1.43372e+07
  21  wCBO_linCoeff   0.00000e+00   constant   
  22  wCBO_const   8.15407e-03   5.74430e-03   2.04393e-05  -2.15001e+03
 MIGRAD FAILS TO FIND IMPROVEMENT
 MIGRAD TERMINATED WITHOUT CONVERGENCE.
 FCN=2700.31 FROM MIGRAD    STATUS=FAILED         58 CALLS         853 TOTAL
                     EDM=227.34    STRATEGY= 1      ERR MATRIX NOT POS-DEF
  EXT PARAMETER                APPROXIMATE        STEP         FIRST   
  NO.   NAME      VALUE            ERROR          SIZE      DERIVATIVE 
   1  N0           3.30608e+06     fixed    
   2  tau          6.44004e+01   constant   
   3  A0           3.62537e-01     fixed    
   4  phi          4.12064e+00     fixed    
   5  R           -6.05915e+01   constant   
   6  A_CBO        1.34437e-03     fixed    
   7  w_CBO        2.32694e+00     fixed    
   8  phi_CBO      6.18037e+00     fixed    
   9  ANx2         3.16430e-04   constant   
  10  pNx2         2.82055e+00   constant   
  11  ANy1         0.00000e+00   constant   
  12  pNy1         0.00000e+00   constant   
  13  w_y          0.00000e+00   constant   
  14  ANy2         1.42901e-03     fixed    
  15  pNy2         2.23607e+00   constant   
  16  w_vw         1.43191e+01   constant   
  17  LM          -1.34420e-04   constant   
  18  wCBO_expCoeff   1.99998e+02   9.46390e-05  -0.00000e+00  -3.89886e+05
  19  wCBO_expOffset   2.00000e+02   4.06979e-05  -0.00000e+00  -3.65027e+05
  20  wCBO_expT    3.00000e+01   4.75524e-06  -0.00000e+00   1.43372e+07
  21  wCBO_linCoeff   0.00000e+00   constant   
  22  wCBO_const   8.15407e-03   5.74430e-03   0.00000e+00  -2.15001e+03
 EXTERNAL ERROR MATRIX.    NDIM=  25    NPAR=  4    ERR DEF=1
  8.957e-09  3.818e-09  4.412e-10 -5.375e-07 
  3.818e-09  1.656e-09  1.891e-10 -2.270e-07 
  4.412e-10  1.891e-10  2.261e-11 -2.611e-08 
 -5.375e-07 -2.270e-07 -2.611e-08  3.300e-05 
ERR MATRIX NOT POS-DEF
 PARAMETER  CORRELATION COEFFICIENTS  
       NO.  GLOBAL     18     19     20     22
       18  0.99808   1.000  0.991  0.980 -0.989
       19  0.99307   0.991  1.000  0.977 -0.971
       20  0.98451   0.980  0.977  1.000 -0.956
       22  0.99250  -0.989 -0.971 -0.956  1.000
 ERR MATRIX NOT POS-DEF
MINUIT - FIT ONLY 2-y
 **********
 **   76 **RES 
 **********
                   PARAMETER   14  ANy2 RESTORED TO VARIABLE.
                   PARAMETER    8  phi_CBO RESTORED TO VARIABLE.
                   PARAMETER    7  w_CBO RESTORED TO VARIABLE.
                   PARAMETER    6  A_CBO RESTORED TO VARIABLE.
                   PARAMETER    4  phi RESTORED TO VARIABLE.
                   PARAMETER    3  A0 RESTORED TO VARIABLE.
                   PARAMETER    1  N0 RESTORED TO VARIABLE.
 **********
 **   77 **FIX            0
 **********
