 + ++++++++++++++++++++++++++++++++++++++++++++++++++++++++++++++++++++ +
 +                                                                      +
 +           You have chose to blind your fitting according to          +
 +                omega_ref * (1 + (R +/- deltaR) *10^{-6})             +
 +                                                                      +
 + ++++++++++++++++++++++++++++++++++++++++++++++++++++++++++++++++++++ +
In main()...
reading format from /gm2data/zkhechad/run45/envelope/formats/formatB_sBin_constraintOn.txt
pBinTau 	= 0  
pBinPhi 	= 0  
constraintau 	= 1 
includeMopTerm 	= 0    
constrainMop    = 0   
Parameters after format file: pBinTau 0 pBinPhi 0 constraintau 1 includeMopTerm 0 constrainMop 0 c_e_scale 0.000000 
reading cbo reference file (full fit) from /gm2data/zkhechad/cboTemplates/Run4CBOTemplates/fullFits/run4/sBin_constraintOn_cE0.0_seed0_run4_calo4.root
A_CBO 0.009389 w_CBO 2.326001 phi_CBO 4.715725 N0 2871608.131177 R -59.406240 tau 64.400031 
Reading cboRef file /gm2data/zkhechad/cboTemplates/Run4CBOTemplates//cboIsolate/run4_calo4.root
deltaT 164.120000
windowBins = 1100
fitting sliding window 2100 from bin 2303 at 343.607600 to bin 3403 at 507.727600 (1100 bins)

Reading data from /gm2data/cornell/histograms/aMethod/histogram_a_run4.root
fitting cbo isolate
 **********
 **    1 **SET PRINTOUT            1
 **********
 **********
 **    2 **SET NOWARNINGS 
 **********
 PARAMETER DEFINITIONS:
    NO.   NAME         VALUE      STEP SIZE      LIMITS
     1 A_CBO        9.38904e-03  1.00000e-05     no limits
     2 w_CBO        2.32600e+00  1.00000e-02    2.00000e+00  3.00000e+00
     3 phi_CBO      4.71573e+00  1.00000e-02    0.00000e+00  6.28319e+00
 **********
 **    3 **MIGRAD
 **********
 FIRST CALL TO USER FUNCTION AT NEW START POINT, WITH IFLAG=4.
 START MIGRAD MINIMIZATION.  STRATEGY  1.  CONVERGENCE WHEN EDM .LT. 1.00e-04
 FCN=0.148072 FROM MIGRAD    STATUS=INITIATE       12 CALLS          13 TOTAL
                     EDM= unknown      STRATEGY= 1      NO ERROR MATRIX       
  EXT PARAMETER               CURRENT GUESS       STEP         FIRST   
  NO.   NAME      VALUE            ERROR          SIZE      DERIVATIVE 
   1  A_CBO        9.38904e-03   1.00000e-05   1.00000e-05   7.55650e+00
   2  w_CBO        2.32600e+00   1.00000e-02   2.13357e-02   2.24111e-01
   3  phi_CBO      4.71573e+00   1.00000e-02   3.67815e-03  -4.00752e-03
 MIGRAD MINIMIZATION HAS CONVERGED.
 MIGRAD WILL VERIFY CONVERGENCE AND ERROR MATRIX.
 COVARIANCE MATRIX CALCULATED SUCCESSFULLY
 FCN=0.122167 FROM MIGRAD    STATUS=CONVERGED      49 CALLS          50 TOTAL
                     EDM=9.46398e-05    STRATEGY= 1      ERROR MATRIX ACCURATE 
  EXT PARAMETER                                   STEP         FIRST   
  NO.   NAME      VALUE            ERROR          SIZE      DERIVATIVE 
   1  A_CBO        2.53430e-03   4.26312e-02   2.20291e-05  -5.20018e-03
   2  w_CBO        2.32597e+00   2.95362e-01   4.28602e-05  -8.30412e-03
   3  phi_CBO      4.75142e+00   4.75110e+00   3.25780e-03  -1.57962e-04
 EXTERNAL ERROR MATRIX.    NDIM=  25    NPAR=  3    ERR DEF=1
  1.817e-03  5.996e-04  2.605e-01 
  5.996e-04  1.021e-01  4.393e+01 
  2.605e-01  4.393e+01  1.918e+04 
 PARAMETER  CORRELATION COEFFICIENTS  
       NO.  GLOBAL      1      2      3
        1  0.04416   1.000  0.044  0.044
        2  0.99260   0.044  1.000  0.993
        3  0.99260   0.044  0.993  1.000
setting A_CBO=0.002534 w_CBO=2.325969, phi_CBO=4.751425
done fitting cbo isolate
 **********
 **    1 **SET PRINTOUT            1
 **********
 **********
 **    2 **SET NOWARNINGS 
 **********
 PARAMETER DEFINITIONS:
    NO.   NAME         VALUE      STEP SIZE      LIMITS
     1 N0           2.87161e+06  1.00000e+02     no limits
     2 tau          6.44000e+01  constant
     3 A0           3.53296e-01  1.00000e-04     no limits
     4 phi          4.11727e+00  1.00000e-02     no limits
     5 R           -5.94062e+01  constant
     6 A_CBO        2.53430e-03  1.00000e-05     no limits
     7 w_CBO        2.32597e+00  1.00000e-03     no limits
     8 phi_CBO      4.75142e+00  1.00000e-04     no limits
     9 ANx2         6.75162e-04  constant
    10 pNx2         4.60725e+00  constant
    11 ANy1         0.00000e+00  constant
    12 pNy1         0.00000e+00  constant
    13 w_y          0.00000e+00  constant
    14 ANy2         8.91794e-03  1.00000e-04     no limits
    15 pNy2         4.50125e+00  constant
    16 w_vw         1.43005e+01  constant
    17 LM          -1.01507e-04  constant
    18 wCBO_expCoeff   2.00000e+02  1.00000e+00     no limits
    19 wCBO_expOffset   2.00000e+02  1.00000e+00     no limits
    20 wCBO_expT    3.00000e+01  1.00000e+00     no limits
    21 wCBO_linCoeff   0.00000e+00  constant
    22 wCBO_const   0.00000e+00  1.00000e-02     no limits
MINUIT - FIT ONLY WIGGLE
 **********
 **    3 **FIX            5
 **********
 PARAMETER    5  IS CONSTANT.   IGNORED.
 **********
 **    4 **FIX            6
 **********
 **********
 **    5 **FIX            7
 **********
 **********
 **    6 **FIX            8
 **********
 **********
 **    7 **FIX            9
 **********
 PARAMETER    9  IS CONSTANT.   IGNORED.
 **********
 **    8 **FIX           10
 **********
 PARAMETER   10  IS CONSTANT.   IGNORED.
 **********
 **    9 **FIX           11
 **********
 PARAMETER   11  IS CONSTANT.   IGNORED.
 **********
 **   10 **FIX           12
 **********
 PARAMETER   12  IS CONSTANT.   IGNORED.
 **********
 **   11 **FIX           13
 **********
 PARAMETER   13  IS CONSTANT.   IGNORED.
 **********
 **   12 **FIX           14
 **********
 **********
 **   13 **FIX           15
 **********
 PARAMETER   15  IS CONSTANT.   IGNORED.
 **********
 **   14 **FIX           16
 **********
 PARAMETER   16  IS CONSTANT.   IGNORED.
 **********
 **   15 **MIGRAD
 **********
 FIRST CALL TO USER FUNCTION AT NEW START POINT, WITH IFLAG=4.
 START MIGRAD MINIMIZATION.  STRATEGY  1.  CONVERGENCE WHEN EDM .LT. 1.00e-04
 FCN=470.371 FROM MIGRAD    STATUS=INITIATE       59 CALLS          60 TOTAL
                     EDM= unknown      STRATEGY= 1      NO ERROR MATRIX       
  EXT PARAMETER               CURRENT GUESS       STEP         FIRST   
  NO.   NAME      VALUE            ERROR          SIZE      DERIVATIVE 
   1  N0           2.87161e+06   1.00000e+02   0.00000e+00  -3.36561e-04
   2  tau          6.44000e+01   constant   
   3  A0           3.53296e-01   1.00000e-04   0.00000e+00   5.24258e+02
   4  phi          4.11727e+00   1.00000e-02   0.00000e+00   1.17539e+03
   5  R           -5.94062e+01   constant   
   6  A_CBO        2.53430e-03     fixed    
   7  w_CBO        2.32597e+00     fixed    
   8  phi_CBO      4.75142e+00     fixed    
   9  ANx2         6.75162e-04   constant   
  10  pNx2         4.60725e+00   constant   
  11  ANy1         0.00000e+00   constant   
  12  pNy1         0.00000e+00   constant   
  13  w_y          0.00000e+00   constant   
  14  ANy2         8.91794e-03     fixed    
  15  pNy2         4.50125e+00   constant   
  16  w_vw         1.43005e+01   constant   
  17  LM          -1.01507e-04   constant   
  18  wCBO_expCoeff   2.00000e+02   1.00000e+00   0.00000e+00  -1.25206e+01
  19  wCBO_expOffset   2.00000e+02   1.00000e+00   0.00000e+00  -8.34704e+01
  20  wCBO_expT    3.00000e+01   1.00000e+00   0.00000e+00  -4.18103e+02
  21  wCBO_linCoeff   0.00000e+00   constant   
  22  wCBO_const   2.89526e-03   1.00000e-02   2.89526e-03  -1.07264e+03
 MIGRAD MINIMIZATION HAS CONVERGED.
 FCN=467.955 FROM MIGRAD    STATUS=CONVERGED     191 CALLS         192 TOTAL
                     EDM=2.48633e-07    STRATEGY= 1  ERROR MATRIX UNCERTAINTY   0.8 per cent
  EXT PARAMETER                                   STEP         FIRST   
  NO.   NAME      VALUE            ERROR          SIZE      DERIVATIVE 
   1  N0           2.87207e+06   1.43585e+03  -2.23403e+00   4.37200e-07
   2  tau          6.44000e+01   constant   
   3  A0           3.53109e-01   6.65170e-04   2.46196e-06   3.05265e-01
   4  phi          4.11483e+00   1.96863e-03   2.72947e-06  -3.41829e-02
   5  R           -5.94062e+01   constant   
   6  A_CBO        2.53430e-03     fixed    
   7  w_CBO        2.32597e+00     fixed    
   8  phi_CBO      4.75142e+00     fixed    
   9  ANx2         6.75162e-04   constant   
  10  pNx2         4.60725e+00   constant   
  11  ANy1         0.00000e+00   constant   
  12  pNy1         0.00000e+00   constant   
  13  w_y          0.00000e+00   constant   
  14  ANy2         8.91794e-03     fixed    
  15  pNy2         4.50125e+00   constant   
  16  w_vw         1.43005e+01   constant   
  17  LM          -1.01507e-04   constant   
  18  wCBO_expCoeff   1.99616e+02   1.16628e+00  -1.10502e-03  -3.41944e-03
  19  wCBO_expOffset   1.99942e+02   1.75035e-01  -1.65907e-04  -2.27266e-02
  20  wCBO_expT    3.00293e+01   7.38513e-02   5.54356e-05  -1.20356e-01
  21  wCBO_linCoeff   0.00000e+00   constant   
  22  wCBO_const   1.94024e-03   1.32051e-03   2.28121e-06  -2.76518e-01
 EXTERNAL ERROR MATRIX.    NDIM=  25    NPAR=  7    ERR DEF=1
  2.062e+06  2.016e-02 -4.676e-02 -1.183e+02 -1.776e+01  7.607e+00 -1.311e-01 
  2.016e-02  4.425e-07 -8.807e-09 -2.462e-05 -3.694e-06  1.395e-06 -5.216e-09 
 -4.676e-02 -8.807e-09  3.875e-06  1.818e-04  2.729e-05 -1.192e-05  2.331e-07 
 -1.183e+02 -2.462e-05  1.818e-04  1.360e+00  2.026e-01 -8.577e-02  1.287e-03 
 -1.776e+01 -3.694e-06  2.729e-05  2.026e-01  3.064e-02 -1.287e-02  1.931e-04 
  7.607e+00  1.395e-06 -1.192e-05 -8.577e-02 -1.287e-02  5.454e-03 -8.453e-05 
 -1.311e-01 -5.216e-09  2.331e-07  1.287e-03  1.931e-04 -8.453e-05  1.744e-06 
 PARAMETER  CORRELATION COEFFICIENTS  
       NO.  GLOBAL      1      3      4     18     19     20     22
        1  0.07635   1.000  0.021 -0.017 -0.071 -0.071  0.072 -0.069
        3  0.06238   0.021  1.000 -0.007 -0.032 -0.032  0.028 -0.006
        4  0.09154  -0.017 -0.007  1.000  0.079  0.079 -0.082  0.090
       18  0.99786  -0.071 -0.032  0.079  1.000  0.993 -0.996  0.836
       19  0.99786  -0.071 -0.032  0.079  0.993  1.000 -0.996  0.836
       20  0.99937   0.072  0.028 -0.082 -0.996 -0.996  1.000 -0.867
       22  0.95829  -0.069 -0.006  0.090  0.836  0.836 -0.867  1.000
MINUIT - FIT ONLY 1-CBO + other amplitudes 
 **********
 **   16 **RES 
 **********
                   PARAMETER   14  ANy2 RESTORED TO VARIABLE.
                   PARAMETER    8  phi_CBO RESTORED TO VARIABLE.
                   PARAMETER    7  w_CBO RESTORED TO VARIABLE.
                   PARAMETER    6  A_CBO RESTORED TO VARIABLE.
 **********
 **   17 **FIX            0
 **********
 PARAMETER    0  IS UNDEFINED. IGNORED.
 **********
 **   18 **FIX            1
 **********
 **********
 **   19 **FIX            2
 **********
 PARAMETER    2  IS CONSTANT.   IGNORED.
 **********
 **   20 **FIX            3
 **********
 **********
 **   21 **FIX            4
 **********
 **********
 **   22 **FIX            9
 **********
 PARAMETER    9  IS CONSTANT.   IGNORED.
 **********
 **   23 **FIX           11
 **********
 PARAMETER   11  IS CONSTANT.   IGNORED.
 **********
 **   24 **FIX           12
 **********
 PARAMETER   12  IS CONSTANT.   IGNORED.
 **********
 **   25 **FIX           14
 **********
 **********
 **   26 **FIX           15
 **********
 PARAMETER   15  IS CONSTANT.   IGNORED.
 **********
 **   27 **FIX           16
 **********
 PARAMETER   16  IS CONSTANT.   IGNORED.
 **********
 **   28 **MIGRAD
 **********
 START MIGRAD MINIMIZATION.  STRATEGY  1.  CONVERGENCE WHEN EDM .LT. 1.00e-04
 FCN=467.955 FROM MIGRAD    STATUS=INITIATE       20 CALLS         212 TOTAL
                     EDM= unknown      STRATEGY= 1      NO ERROR MATRIX       
  EXT PARAMETER               CURRENT GUESS       STEP         FIRST   
  NO.   NAME      VALUE            ERROR          SIZE      DERIVATIVE 
   1  N0           2.87207e+06     fixed    
   2  tau          6.44000e+01   constant   
   3  A0           3.53109e-01     fixed    
   4  phi          4.11483e+00     fixed    
   5  R           -5.94062e+01   constant   
   6  A_CBO        2.53430e-03   1.00000e-05   1.00000e-05   6.14860e+03
   7  w_CBO        2.32597e+00   1.00000e-03   1.00000e-03  -4.10131e-01
   8  phi_CBO      4.75142e+00   1.00000e-04   1.00000e-04  -1.44329e+00
   9  ANx2         6.75162e-04   constant   
  10  pNx2         4.60725e+00   constant   
  11  ANy1         0.00000e+00   constant   
  12  pNy1         0.00000e+00   constant   
  13  w_y          0.00000e+00   constant   
  14  ANy2         8.91794e-03     fixed    
  15  pNy2         4.50125e+00   constant   
  16  w_vw         1.43005e+01   constant   
  17  LM          -1.01507e-04   constant   
  18  wCBO_expCoeff   1.99616e+02   1.16628e+00  -1.10502e-03  -3.41944e-03
  19  wCBO_expOffset   1.99942e+02   1.75035e-01  -1.65907e-04  -2.27266e-02
  20  wCBO_expT    3.00293e+01   7.38513e-02   5.54356e-05  -1.20356e-01
  21  wCBO_linCoeff   0.00000e+00   constant   
  22  wCBO_const   1.94024e-03   1.32051e-03   2.28121e-06  -2.76519e-01
 MIGRAD MINIMIZATION HAS CONVERGED.
 MIGRAD WILL VERIFY CONVERGENCE AND ERROR MATRIX.
 FCN=463.007 FROM MIGRAD    STATUS=CONVERGED     237 CALLS         429 TOTAL
                     EDM=3.80861e-07    STRATEGY= 1      ERR MATRIX NOT POS-DEF
  EXT PARAMETER                APPROXIMATE        STEP         FIRST   
  NO.   NAME      VALUE            ERROR          SIZE      DERIVATIVE 
   1  N0           2.87207e+06     fixed    
   2  tau          6.44000e+01   constant   
   3  A0           3.53109e-01     fixed    
   4  phi          4.11483e+00     fixed    
   5  R           -5.94062e+01   constant   
   6  A_CBO        9.72498e-04   7.15488e-04   7.44185e-06   1.86430e-01
   7  w_CBO        2.32542e+00   5.66501e-03   5.86044e-06  -8.30945e-01
   8  phi_CBO      5.03970e+00   8.18279e-01   7.55702e-03   3.31821e-04
   9  ANx2         6.75162e-04   constant   
  10  pNx2         4.60725e+00   constant   
  11  ANy1         0.00000e+00   constant   
  12  pNy1         0.00000e+00   constant   
  13  w_y          0.00000e+00   constant   
  14  ANy2         8.91794e-03     fixed    
  15  pNy2         4.50125e+00   constant   
  16  w_vw         1.43005e+01   constant   
  17  LM          -1.01507e-04   constant   
  18  wCBO_expCoeff   1.99424e+02   1.19437e+00   1.12211e-03  -6.45854e-03
  19  wCBO_expOffset   1.99913e+02   1.79957e-01   1.69058e-04  -4.28457e-02
  20  wCBO_expT    3.00450e+01   3.16669e-02   3.20864e-05  -2.12641e-01
  21  wCBO_linCoeff   0.00000e+00   constant   
  22  wCBO_const   1.87589e-03   2.45695e-03   4.15914e-06  -6.43164e-01
 EXTERNAL ERROR MATRIX.    NDIM=  25    NPAR=  7    ERR DEF=1
  5.119e-07  6.912e-08 -1.971e-05  8.809e-06  1.326e-06 -1.396e-06  5.103e-08 
  6.912e-08  3.209e-05  7.823e-05 -9.417e-04 -1.421e-04 -2.858e-05 -1.318e-05 
 -1.971e-05  7.823e-05  6.696e-01  2.975e-02  4.485e-03 -8.830e-04  2.372e-05 
  8.809e-06 -9.417e-04  2.975e-02  1.427e+00 -1.300e-01 -1.466e-02  5.674e-04 
  1.326e-06 -1.421e-04  4.485e-03 -1.300e-01  3.238e-02 -2.209e-03  8.558e-05 
 -1.396e-06 -2.858e-05 -8.830e-04 -1.466e-02 -2.209e-03  1.003e-03 -2.410e-06 
  5.103e-08 -1.318e-05  2.372e-05  5.674e-04  8.558e-05 -2.410e-06  6.037e-06 
ERR MATRIX NOT POS-DEF
 PARAMETER  CORRELATION COEFFICIENTS  
       NO.  GLOBAL      6      7      8     18     19     20     22
        6  0.17191   1.000  0.017 -0.034  0.010  0.010 -0.062  0.029
        7  0.99519   0.017  1.000  0.017 -0.139 -0.139 -0.159 -0.947
        8  0.48548  -0.034  0.017  1.000  0.030  0.030 -0.034  0.012
       18  0.99604   0.010 -0.139  0.030  1.000 -0.605 -0.388  0.193
       19  0.99604   0.010 -0.139  0.030 -0.605  1.000 -0.388  0.194
       20  0.99539  -0.062 -0.159 -0.034 -0.388 -0.388  1.000 -0.031
       22  0.98706   0.029 -0.947  0.012  0.193  0.194 -0.031  1.000
 ERR MATRIX NOT POS-DEF
MINUIT - FIT ONLY 1-CBO
 **********
 **   29 **RES 
 **********
                   PARAMETER   14  ANy2 RESTORED TO VARIABLE.
                   PARAMETER    4  phi RESTORED TO VARIABLE.
                   PARAMETER    3  A0 RESTORED TO VARIABLE.
                   PARAMETER    1  N0 RESTORED TO VARIABLE.
 **********
 **   30 **FIX            0
 **********
 PARAMETER    0  IS UNDEFINED. IGNORED.
 **********
 **   31 **FIX            1
 **********
 **********
 **   32 **FIX            2
 **********
 PARAMETER    2  IS CONSTANT.   IGNORED.
 **********
 **   33 **FIX            3
 **********
 **********
 **   34 **FIX            4
 **********
 **********
 **   35 **FIX            8
 **********
 **********
 **   36 **FIX            9
 **********
 PARAMETER    9  IS CONSTANT.   IGNORED.
 **********
 **   37 **FIX           11
 **********
 PARAMETER   11  IS CONSTANT.   IGNORED.
 **********
 **   38 **FIX           12
 **********
 PARAMETER   12  IS CONSTANT.   IGNORED.
 **********
 **   39 **FIX           13
 **********
 PARAMETER   13  IS CONSTANT.   IGNORED.
 **********
 **   40 **FIX           15
 **********
 PARAMETER   15  IS CONSTANT.   IGNORED.
 **********
 **   41 **FIX           16
 **********
 PARAMETER   16  IS CONSTANT.   IGNORED.
 **********
 **   42 **MIGRAD
 **********
 START MIGRAD MINIMIZATION.  STRATEGY  1.  CONVERGENCE WHEN EDM .LT. 1.00e-04
 FCN=463.007 FROM MIGRAD    STATUS=INITIATE       16 CALLS         445 TOTAL
                     EDM= unknown      STRATEGY= 1      NO ERROR MATRIX       
  EXT PARAMETER               CURRENT GUESS       STEP         FIRST   
  NO.   NAME      VALUE            ERROR          SIZE      DERIVATIVE 
   1  N0           2.87207e+06     fixed    
   2  tau          6.44000e+01   constant   
   3  A0           3.53109e-01     fixed    
   4  phi          4.11483e+00     fixed    
   5  R           -5.94062e+01   constant   
   6  A_CBO        9.72498e-04   7.15488e-04   7.44185e-06   1.86430e-01
   7  w_CBO        2.32542e+00   5.66501e-03   5.86044e-06  -8.24608e-01
   8  phi_CBO      5.03970e+00     fixed    
   9  ANx2         6.75162e-04   constant   
  10  pNx2         4.60725e+00   constant   
  11  ANy1         0.00000e+00   constant   
  12  pNy1         0.00000e+00   constant   
  13  w_y          0.00000e+00   constant   
  14  ANy2         8.91794e-03   1.00000e-04   1.00000e-04   3.74844e+04
  15  pNy2         4.50125e+00   constant   
  16  w_vw         1.43005e+01   constant   
  17  LM          -1.01507e-04   constant   
  18  wCBO_expCoeff   1.99424e+02   1.19437e+00   1.12211e-03  -6.37585e-03
  19  wCBO_expOffset   1.99913e+02   1.79957e-01   1.69058e-04  -4.23161e-02
  20  wCBO_expT    3.00450e+01   3.16669e-02   3.20864e-05  -2.10354e-01
  21  wCBO_linCoeff   0.00000e+00   constant   
  22  wCBO_const   1.87589e-03   2.45695e-03   4.15914e-06  -6.46454e-01
 MIGRAD MINIMIZATION HAS CONVERGED.
 MIGRAD WILL VERIFY CONVERGENCE AND ERROR MATRIX.
 COVARIANCE MATRIX CALCULATED SUCCESSFULLY
 FCN=288.342 FROM MIGRAD    STATUS=CONVERGED     220 CALLS         649 TOTAL
                     EDM=5.51724e-08    STRATEGY= 1      ERROR MATRIX ACCURATE 
  EXT PARAMETER                                   STEP         FIRST   
  NO.   NAME      VALUE            ERROR          SIZE      DERIVATIVE 
   1  N0           2.87207e+06     fixed    
   2  tau          6.44000e+01   constant   
   3  A0           3.53109e-01     fixed    
   4  phi          4.11483e+00     fixed    
   5  R           -5.94062e+01   constant   
   6  A_CBO        2.36700e-04   7.33039e-04   5.89275e-06   2.09857e-01
   7  w_CBO        2.32448e+00   2.25770e-02   6.61712e-06   1.33835e-01
   8  phi_CBO      5.03970e+00     fixed    
   9  ANx2         6.75162e-04   constant   
  10  pNx2         4.60725e+00   constant   
  11  ANy1         0.00000e+00   constant   
  12  pNy1         0.00000e+00   constant   
  13  w_y          0.00000e+00   constant   
  14  ANy2        -4.06353e-04   7.05832e-04   5.83697e-06   1.81326e-01
  15  pNy2         4.50125e+00   constant   
  16  w_vw         1.43005e+01   constant   
  17  LM          -1.01507e-04   constant   
  18  wCBO_expCoeff   1.99029e+02   2.56506e+00   1.31986e-03   1.10838e-03
  19  wCBO_expOffset   1.99854e+02   3.87679e-01   1.99413e-04   7.33132e-03
  20  wCBO_expT    3.00707e+01   6.32449e-02   3.85417e-05   3.44557e-02
  21  wCBO_linCoeff   0.00000e+00   constant   
  22  wCBO_const   1.85834e-03   9.63583e-03   4.30765e-06   9.00861e-02
 EXTERNAL ERROR MATRIX.    NDIM=  25    NPAR=  7    ERR DEF=1
  5.373e-07  6.796e-07  4.099e-08  1.048e-04  1.583e-05 -8.269e-06 -1.486e-07 
  6.796e-07  5.097e-04  6.569e-09 -1.704e-02 -2.584e-03 -2.963e-04 -2.164e-04 
  4.099e-08  6.569e-09  4.982e-07  2.534e-06  3.836e-07 -4.318e-08  7.545e-09 
  1.048e-04 -1.704e-02  2.534e-06  6.580e+00 -5.236e-01 -5.117e-02  7.855e-03 
  1.583e-05 -2.584e-03  3.836e-07 -5.236e-01  1.503e-01 -7.730e-03  1.190e-03 
 -8.269e-06 -2.963e-04 -4.318e-08 -5.117e-02 -7.730e-03  4.000e-03  8.409e-05 
 -1.486e-07 -2.164e-04  7.545e-09  7.855e-03  1.190e-03  8.409e-05  9.285e-05 
 PARAMETER  CORRELATION COEFFICIENTS  
       NO.  GLOBAL      6      7     14     18     19     20     22
        6  0.25152   1.000  0.041  0.079  0.056  0.056 -0.178 -0.021
        7  0.99938   0.041  1.000  0.000 -0.294 -0.295 -0.207 -0.995
       14  0.09307   0.079  0.000  1.000  0.001  0.001 -0.001  0.001
       18  0.99808   0.056 -0.294  0.001  1.000 -0.527 -0.315  0.318
       19  0.99808   0.056 -0.295  0.001 -0.527  1.000 -0.315  0.319
       20  0.99730  -0.178 -0.207 -0.001 -0.315 -0.315  1.000  0.138
       22  0.99855  -0.021 -0.995  0.001  0.318  0.319  0.138  1.000
MINUIT - FIT ONLY 2-CBO
 **********
 **   43 **RES 
 **********
                   PARAMETER    8  phi_CBO RESTORED TO VARIABLE.
                   PARAMETER    4  phi RESTORED TO VARIABLE.
                   PARAMETER    3  A0 RESTORED TO VARIABLE.
                   PARAMETER    1  N0 RESTORED TO VARIABLE.
 **********
 **   44 **FIX            0
 **********
 PARAMETER    0  IS UNDEFINED. IGNORED.
 **********
 **   45 **FIX            1
 **********
 **********
 **   46 **FIX            2
 **********
 PARAMETER    2  IS CONSTANT.   IGNORED.
 **********
 **   47 **FIX            3
 **********
 **********
 **   48 **FIX            4
 **********
 **********
 **   49 **FIX            5
 **********
 PARAMETER    5  IS CONSTANT.   IGNORED.
 **********
 **   50 **FIX            6
 **********
 **********
 **   51 **FIX            7
 **********
 **********
 **   52 **FIX           10
 **********
 PARAMETER   10  IS CONSTANT.   IGNORED.
 **********
 **   53 **FIX           11
 **********
 PARAMETER   11  IS CONSTANT.   IGNORED.
 **********
 **   54 **FIX           12
 **********
 PARAMETER   12  IS CONSTANT.   IGNORED.
 **********
 **   55 **FIX           13
 **********
 PARAMETER   13  IS CONSTANT.   IGNORED.
 **********
 **   56 **FIX           14
 **********
 **********
 **   57 **FIX           15
 **********
 PARAMETER   15  IS CONSTANT.   IGNORED.
 **********
 **   58 **FIX           16
 **********
 PARAMETER   16  IS CONSTANT.   IGNORED.
 **********
 **   59 **MIGRAD
 **********
 START MIGRAD MINIMIZATION.  STRATEGY  1.  CONVERGENCE WHEN EDM .LT. 1.00e-04
 FCN=288.342 FROM MIGRAD    STATUS=INITIATE       12 CALLS         661 TOTAL
                     EDM= unknown      STRATEGY= 1      NO ERROR MATRIX       
  EXT PARAMETER               CURRENT GUESS       STEP         FIRST   
  NO.   NAME      VALUE            ERROR          SIZE      DERIVATIVE 
   1  N0           2.87207e+06     fixed    
   2  tau          6.44000e+01   constant   
   3  A0           3.53109e-01     fixed    
   4  phi          4.11483e+00     fixed    
   5  R           -5.94062e+01   constant   
   6  A_CBO        2.36700e-04     fixed    
   7  w_CBO        2.32448e+00     fixed    
   8  phi_CBO      5.03970e+00   8.18279e-01   8.18279e-01   2.42120e-01
   9  ANx2         6.75162e-04   constant   
  10  pNx2         4.60725e+00   constant   
  11  ANy1         0.00000e+00   constant   
  12  pNy1         0.00000e+00   constant   
  13  w_y          0.00000e+00   constant   
  14  ANy2        -4.06353e-04     fixed    
  15  pNy2         4.50125e+00   constant   
  16  w_vw         1.43005e+01   constant   
  17  LM          -1.01507e-04   constant   
  18  wCBO_expCoeff   1.99029e+02   2.56506e+00   1.31986e-03   1.06700e-03
  19  wCBO_expOffset   1.99854e+02   3.87679e-01   1.99413e-04   7.06448e-03
  20  wCBO_expT    3.00707e+01   6.32449e-02   3.85417e-05   3.33686e-02
  21  wCBO_linCoeff   0.00000e+00   constant   
  22  wCBO_const   1.85834e-03   9.63583e-03   4.30765e-06   8.66673e-02
 MIGRAD MINIMIZATION HAS CONVERGED.
 MIGRAD WILL VERIFY CONVERGENCE AND ERROR MATRIX.
 COVARIANCE MATRIX CALCULATED SUCCESSFULLY
 FCN=288.229 FROM MIGRAD    STATUS=CONVERGED     120 CALLS         769 TOTAL
                     EDM=6.05078e-08    STRATEGY= 1      ERROR MATRIX ACCURATE 
  EXT PARAMETER                                   STEP         FIRST   
  NO.   NAME      VALUE            ERROR          SIZE      DERIVATIVE 
   1  N0           2.87207e+06     fixed    
   2  tau          6.44000e+01   constant   
   3  A0           3.53109e-01     fixed    
   4  phi          4.11483e+00     fixed    
   5  R           -5.94062e+01   constant   
   6  A_CBO        2.36700e-04     fixed    
   7  w_CBO        2.32448e+00     fixed    
   8  phi_CBO      4.14916e+00   2.57816e+00   2.05718e-02   2.55552e-06
   9  ANx2         6.75162e-04   constant   
  10  pNx2         4.60725e+00   constant   
  11  ANy1         0.00000e+00   constant   
  12  pNy1         0.00000e+00   constant   
  13  w_y          0.00000e+00   constant   
  14  ANy2        -4.06353e-04     fixed    
  15  pNy2         4.50125e+00   constant   
  16  w_vw         1.43005e+01   constant   
  17  LM          -1.01507e-04   constant   
  18  wCBO_expCoeff   1.98914e+02   3.27244e+00   1.31067e-03  -1.00936e-03
  19  wCBO_expOffset   1.99837e+02   4.94885e-01   1.98188e-04  -6.67779e-03
  20  wCBO_expT    3.00777e+01   7.26220e-02   3.81723e-05  -4.06165e-02
  21  wCBO_linCoeff   0.00000e+00   constant   
  22  wCBO_const   1.77086e-03   1.03514e-03   4.29133e-06  -4.39907e-01
 EXTERNAL ERROR MATRIX.    NDIM=  25    NPAR=  5    ERR DEF=1
  6.647e+00  6.628e-01  1.003e-01 -4.005e-02  5.528e-04 
  6.628e-01  1.071e+01 -1.205e+00 -8.465e-02  8.392e-04 
  1.003e-01 -1.205e+00  2.449e-01 -1.281e-02  1.270e-04 
 -4.005e-02 -8.465e-02 -1.281e-02  5.274e-03 -5.537e-05 
  5.528e-04  8.392e-04  1.270e-04 -5.537e-05  1.072e-06 
 PARAMETER  CORRELATION COEFFICIENTS  
       NO.  GLOBAL      8     18     19     20     22
        8  0.27822   1.000  0.079  0.079 -0.214  0.207
       18  0.99884   0.079  1.000 -0.744 -0.356  0.248
       19  0.99884   0.079 -0.744  1.000 -0.356  0.248
       20  0.99800  -0.214 -0.356 -0.356  1.000 -0.737
       22  0.86643   0.207  0.248  0.248 -0.737  1.000
MINUIT - FIT ONLY 1-y
 **********
 **   60 **RES 
 **********
                   PARAMETER   14  ANy2 RESTORED TO VARIABLE.
                   PARAMETER    7  w_CBO RESTORED TO VARIABLE.
                   PARAMETER    6  A_CBO RESTORED TO VARIABLE.
                   PARAMETER    4  phi RESTORED TO VARIABLE.
                   PARAMETER    3  A0 RESTORED TO VARIABLE.
                   PARAMETER    1  N0 RESTORED TO VARIABLE.
 **********
 **   61 **FIX            0
 **********
 PARAMETER    0  IS UNDEFINED. IGNORED.
 **********
 **   62 **FIX            1
 **********
 **********
 **   63 **FIX            2
 **********
 PARAMETER    2  IS CONSTANT.   IGNORED.
 **********
 **   64 **FIX            3
 **********
 **********
 **   65 **FIX            4
 **********
 **********
 **   66 **FIX            5
 **********
 PARAMETER    5  IS CONSTANT.   IGNORED.
 **********
 **   67 **FIX            6
 **********
 **********
 **   68 **FIX            7
 **********
 **********
 **   69 **FIX            8
 **********
 **********
 **   70 **FIX            9
 **********
 PARAMETER    9  IS CONSTANT.   IGNORED.
 **********
 **   71 **FIX           13
 **********
 PARAMETER   13  IS CONSTANT.   IGNORED.
 **********
 **   72 **FIX           14
 **********
 **********
 **   73 **FIX           15
 **********
 PARAMETER   15  IS CONSTANT.   IGNORED.
 **********
 **   74 **FIX           16
 **********
 PARAMETER   16  IS CONSTANT.   IGNORED.
 **********
 **   75 **MIGRAD
 **********
 START MIGRAD MINIMIZATION.  STRATEGY  1.  CONVERGENCE WHEN EDM .LT. 1.00e-04
 FCN=288.229 FROM MIGRAD    STATUS=INITIATE        8 CALLS         777 TOTAL
                     EDM= unknown      STRATEGY= 1      NO ERROR MATRIX       
  EXT PARAMETER               CURRENT GUESS       STEP         FIRST   
  NO.   NAME      VALUE            ERROR          SIZE      DERIVATIVE 
   1  N0           2.87207e+06     fixed    
   2  tau          6.44000e+01   constant   
   3  A0           3.53109e-01     fixed    
   4  phi          4.11483e+00     fixed    
   5  R           -5.94062e+01   constant   
   6  A_CBO        2.36700e-04     fixed    
   7  w_CBO        2.32448e+00     fixed    
   8  phi_CBO      4.14916e+00     fixed    
   9  ANx2         6.75162e-04   constant   
  10  pNx2         4.60725e+00   constant   
  11  ANy1         0.00000e+00   constant   
  12  pNy1         0.00000e+00   constant   
  13  w_y          0.00000e+00   constant   
  14  ANy2        -4.06353e-04     fixed    
  15  pNy2         4.50125e+00   constant   
  16  w_vw         1.43005e+01   constant   
  17  LM          -1.01507e-04   constant   
  18  wCBO_expCoeff   1.98914e+02   3.27244e+00   1.31067e-03  -1.03118e-03
  19  wCBO_expOffset   1.99837e+02   4.94885e-01   1.98188e-04  -6.81724e-03
  20  wCBO_expT    3.00777e+01   7.26220e-02   3.81723e-05  -4.10943e-02
  21  wCBO_linCoeff   0.00000e+00   constant   
  22  wCBO_const   1.77086e-03   1.03514e-03   4.29133e-06  -4.40891e-01
 MIGRAD MINIMIZATION HAS CONVERGED.
 MIGRAD WILL VERIFY CONVERGENCE AND ERROR MATRIX.
 COVARIANCE MATRIX CALCULATED SUCCESSFULLY
 FCN=288.229 FROM MIGRAD    STATUS=CONVERGED      47 CALLS         816 TOTAL
                     EDM=4.03956e-08    STRATEGY= 1      ERROR MATRIX ACCURATE 
  EXT PARAMETER                                   STEP         FIRST   
  NO.   NAME      VALUE            ERROR          SIZE      DERIVATIVE 
   1  N0           2.87207e+06     fixed    
   2  tau          6.44000e+01   constant   
   3  A0           3.53109e-01     fixed    
   4  phi          4.11483e+00     fixed    
   5  R           -5.94062e+01   constant   
   6  A_CBO        2.36700e-04     fixed    
   7  w_CBO        2.32448e+00     fixed    
   8  phi_CBO      4.14916e+00     fixed    
   9  ANx2         6.75162e-04   constant   
  10  pNx2         4.60725e+00   constant   
  11  ANy1         0.00000e+00   constant   
  12  pNy1         0.00000e+00   constant   
  13  w_y          0.00000e+00   constant   
  14  ANy2        -4.06353e-04     fixed    
  15  pNy2         4.50125e+00   constant   
  16  w_vw         1.43005e+01   constant   
  17  LM          -1.01507e-04   constant   
  18  wCBO_expCoeff   1.98914e+02   3.26173e+00   1.31010e-03   2.26223e-04
  19  wCBO_expOffset   1.99837e+02   4.93259e-01   1.98100e-04   1.49596e-03
  20  wCBO_expT    3.00777e+01   7.09308e-02   3.81612e-05   2.44772e-03
  21  wCBO_linCoeff   0.00000e+00   constant   
  22  wCBO_const   1.77088e-03   1.01263e-03   4.29191e-06  -1.10623e-01
 EXTERNAL ERROR MATRIX.    NDIM=  25    NPAR=  4    ERR DEF=1
  1.064e+01 -1.214e+00 -8.063e-02  7.838e-04 
 -1.214e+00  2.433e-01 -1.220e-02  1.186e-04 
 -8.063e-02 -1.220e-02  5.031e-03 -5.202e-05 
  7.838e-04  1.186e-04 -5.202e-05  1.025e-06 
 PARAMETER  CORRELATION COEFFICIENTS  
       NO.  GLOBAL     18     19     20     22
       18  0.99883   1.000 -0.755 -0.349  0.237
       19  0.99883  -0.755  1.000 -0.349  0.237
       20  0.99790  -0.349 -0.349  1.000 -0.724
       22  0.85994   0.237  0.237 -0.724  1.000
MINUIT - FIT ONLY 2-y
 **********
 **   76 **RES 
 **********
                   PARAMETER   14  ANy2 RESTORED TO VARIABLE.
                   PARAMETER    8  phi_CBO RESTORED TO VARIABLE.
                   PARAMETER    7  w_CBO RESTORED TO VARIABLE.
                   PARAMETER    6  A_CBO RESTORED TO VARIABLE.
                   PARAMETER    4  phi RESTORED TO VARIABLE.
                   PARAMETER    3  A0 RESTORED TO VARIABLE.
                   PARAMETER    1  N0 RESTORED TO VARIABLE.
 **********
 **   77 **FIX            0
 **********
 PARAMETER    0  IS UNDEFINED. IGNORED.
 **********
 **   78 **FIX            1
 **********
 **********
 **   79 **FIX            2
 **********
 PARAMETER    2  IS CONSTANT.   IGNORED.
 **********
 **   80 **FIX            3
 **********
 **********
 **   81 **FIX            4
 **********
 **********
 **   82 **FIX            5
 **********
 PARAMETER    5  IS CONSTANT.   IGNORED.
 **********
 **   83 **FIX            6
 **********
 **********
 **   84 **FIX            7
 **********
 **********
 **   85 **FIX            8
 **********
 **********
 **   86 **FIX            9
 **********
 PARAMETER    9  IS CONSTANT.   IGNORED.
 **********
 **   87 **FIX           10
 **********
 PARAMETER   10  IS CONSTANT.   IGNORED.
 **********
 **   88 **FIX           11
 **********
 PARAMETER   11  IS CONSTANT.   IGNORED.
 **********
 **   89 **FIX           12
 **********
 PARAMETER   12  IS CONSTANT.   IGNORED.
 **********
 **   90 **FIX           16
 **********
 PARAMETER   16  IS CONSTANT.   IGNORED.
 **********
 **   91 **MIGRAD
 **********
 START MIGRAD MINIMIZATION.  STRATEGY  1.  CONVERGENCE WHEN EDM .LT. 1.00e-04
 FCN=288.229 FROM MIGRAD    STATUS=INITIATE       10 CALLS         826 TOTAL
                     EDM= unknown      STRATEGY= 1      NO ERROR MATRIX       
  EXT PARAMETER               CURRENT GUESS       STEP         FIRST   
  NO.   NAME      VALUE            ERROR          SIZE      DERIVATIVE 
   1  N0           2.87207e+06     fixed    
   2  tau          6.44000e+01   constant   
   3  A0           3.53109e-01     fixed    
   4  phi          4.11483e+00     fixed    
   5  R           -5.94062e+01   constant   
   6  A_CBO        2.36700e-04     fixed    
   7  w_CBO        2.32448e+00     fixed    
   8  phi_CBO      4.14916e+00     fixed    
   9  ANx2         6.75162e-04   constant   
  10  pNx2         4.60725e+00   constant   
  11  ANy1         0.00000e+00   constant   
  12  pNy1         0.00000e+00   constant   
  13  w_y          0.00000e+00   constant   
  14  ANy2        -4.06353e-04   7.05832e-04   7.05832e-04   2.91127e+01
  15  pNy2         4.50125e+00   constant   
  16  w_vw         1.43005e+01   constant   
  17  LM          -1.01507e-04   constant   
  18  wCBO_expCoeff   1.98914e+02   3.26173e+00   1.31010e-03   2.22617e-04
  19  wCBO_expOffset   1.99837e+02   4.93259e-01   1.98100e-04   1.46203e-03
  20  wCBO_expT    3.00777e+01   7.09308e-02   3.81612e-05   2.36869e-03
  21  wCBO_linCoeff   0.00000e+00   constant   
  22  wCBO_const   1.77088e-03   1.01263e-03   4.29191e-06  -1.11611e-01
 MIGRAD MINIMIZATION HAS CONVERGED.
 MIGRAD WILL VERIFY CONVERGENCE AND ERROR MATRIX.
 COVARIANCE MATRIX CALCULATED SUCCESSFULLY
 FCN=288.229 FROM MIGRAD    STATUS=CONVERGED      52 CALLS         868 TOTAL
                     EDM=1.65841e-07    STRATEGY= 1      ERROR MATRIX ACCURATE 
  EXT PARAMETER                                   STEP         FIRST   
  NO.   NAME      VALUE            ERROR          SIZE      DERIVATIVE 
   1  N0           2.87207e+06     fixed    
   2  tau          6.44000e+01   constant   
   3  A0           3.53109e-01     fixed    
   4  phi          4.11483e+00     fixed    
   5  R           -5.94062e+01   constant   
   6  A_CBO        2.36700e-04     fixed    
   7  w_CBO        2.32448e+00     fixed    
   8  phi_CBO      4.14916e+00     fixed    
   9  ANx2         6.75162e-04   constant   
  10  pNx2         4.60725e+00   constant   
  11  ANy1         0.00000e+00   constant   
  12  pNy1         0.00000e+00   constant   
  13  w_y          0.00000e+00   constant   
  14  ANy2        -4.13542e-04   7.03126e-04   5.83590e-06   9.12667e-04
  15  pNy2         4.50125e+00   constant   
  16  w_vw         1.43005e+01   constant   
  17  LM          -1.01507e-04   constant   
  18  wCBO_expCoeff   1.98914e+02   3.25526e+00   1.31011e-03   3.46616e-03
  19  wCBO_expOffset   1.99837e+02   4.92268e-01   1.98101e-04   2.29203e-02
  20  wCBO_expT    3.00777e+01   7.08729e-02   3.81612e-05   1.20884e-01
  21  wCBO_linCoeff   0.00000e+00   constant   
  22  wCBO_const   1.77089e-03   1.01216e-03   4.29190e-06   9.66968e-01
 EXTERNAL ERROR MATRIX.    NDIM=  25    NPAR=  5    ERR DEF=1
  4.944e-07 -7.955e-06 -1.203e-06  5.527e-07  9.555e-11 
 -7.955e-06  1.060e+01 -1.209e+00 -8.051e-02  7.824e-04 
 -1.203e-06 -1.209e+00  2.423e-01 -1.218e-02  1.184e-04 
  5.527e-07 -8.051e-02 -1.218e-02  5.023e-03 -5.193e-05 
  9.555e-11  7.824e-04  1.184e-04 -5.193e-05  1.024e-06 
 PARAMETER  CORRELATION COEFFICIENTS  
       NO.  GLOBAL     14     18     19     20     22
       14  0.03156   1.000 -0.003 -0.003  0.011  0.000
       18  0.99882  -0.003  1.000 -0.754 -0.349  0.237
       19  0.99883  -0.003 -0.754  1.000 -0.349  0.238
       20  0.99790   0.011 -0.349 -0.349  1.000 -0.724
       22  0.85975   0.000  0.237  0.238 -0.724  1.000
MINUIT - FIT ALTOGETHER
 **********
 **   92 **RES 
 **********
                   PARAMETER    8  phi_CBO RESTORED TO VARIABLE.
                   PARAMETER    7  w_CBO RESTORED TO VARIABLE.
                   PARAMETER    6  A_CBO RESTORED TO VARIABLE.
                   PARAMETER    4  phi RESTORED TO VARIABLE.
                   PARAMETER    3  A0 RESTORED TO VARIABLE.
                   PARAMETER    1  N0 RESTORED TO VARIABLE.
 **********
 **   93 **MIGRAD
 **********
 START MIGRAD MINIMIZATION.  STRATEGY  1.  CONVERGENCE WHEN EDM .LT. 1.00e-04
 FCN=288.229 FROM MIGRAD    STATUS=INITIATE       22 CALLS         890 TOTAL
                     EDM= unknown      STRATEGY= 1      NO ERROR MATRIX       
  EXT PARAMETER               CURRENT GUESS       STEP         FIRST   
  NO.   NAME      VALUE            ERROR          SIZE      DERIVATIVE 
   1  N0           2.87207e+06   1.43585e+03   1.43585e+03   2.71834e-05
   2  tau          6.44000e+01   constant   
   3  A0           3.53109e-01   6.65170e-04   6.65170e-04  -7.03604e+02
   4  phi          4.11483e+00   1.96863e-03   1.96863e-03  -7.16076e+01
   5  R           -5.94062e+01   constant   
   6  A_CBO        2.36700e-04   7.33039e-04   7.33039e-04  -4.20202e+02
   7  w_CBO        2.32448e+00   2.25770e-02   2.25770e-02   7.13035e-01
   8  phi_CBO      4.14916e+00   2.57816e+00   2.57816e+00   3.77854e-04
   9  ANx2         6.75162e-04   constant   
  10  pNx2         4.60725e+00   constant   
  11  ANy1         0.00000e+00   constant   
  12  pNy1         0.00000e+00   constant   
  13  w_y          0.00000e+00   constant   
  14  ANy2        -4.13542e-04   7.03126e-04   5.83590e-06   9.12574e-04
  15  pNy2         4.50125e+00   constant   
  16  w_vw         1.43005e+01   constant   
  17  LM          -1.01507e-04   constant   
  18  wCBO_expCoeff   1.98914e+02   3.25526e+00   1.31011e-03   3.44423e-03
  19  wCBO_expOffset   1.99837e+02   4.92268e-01   1.98101e-04   2.27801e-02
  20  wCBO_expT    3.00777e+01   7.08729e-02   3.81612e-05   1.20403e-01
  21  wCBO_linCoeff   0.00000e+00   constant   
  22  wCBO_const   1.77089e-03   1.01216e-03   4.29190e-06   9.65967e-01
 MIGRAD MINIMIZATION HAS CONVERGED.
 MIGRAD WILL VERIFY CONVERGENCE AND ERROR MATRIX.
 COVARIANCE MATRIX CALCULATED SUCCESSFULLY
 FCN=288.152 FROM MIGRAD    STATUS=CONVERGED     194 CALLS        1062 TOTAL
                     EDM=1.63332e-05    STRATEGY= 1      ERROR MATRIX ACCURATE 
  EXT PARAMETER                                   STEP         FIRST   
  NO.   NAME      VALUE            ERROR          SIZE      DERIVATIVE 
