 + ++++++++++++++++++++++++++++++++++++++++++++++++++++++++++++++++++++ +
 +                                                                      +
 +           You have chose to blind your fitting according to          +
 +                omega_ref * (1 + (R +/- deltaR) *10^{-6})             +
 +                                                                      +
 + ++++++++++++++++++++++++++++++++++++++++++++++++++++++++++++++++++++ +
In main()...
reading format from /gm2data/zkhechad/run45/envelope/formats/formatB_sBin_constraintOn.txt
pBinTau 	= 0  
pBinPhi 	= 0  
constraintau 	= 1 
includeMopTerm 	= 0    
constrainMop    = 0   
Parameters after format file: pBinTau 0 pBinPhi 0 constraintau 1 includeMopTerm 0 constrainMop 0 c_e_scale 0.000000 
reading cbo reference file (full fit) from /gm2data/zkhechad/cboTemplates/Run4CBOTemplates/fullFits/run4/sBin_constraintOn_cE0.0_seed0_run4_calo11.root
A_CBO 0.010027 w_CBO 2.327222 phi_CBO 0.184420 N0 3062002.636939 R -61.179583 tau 64.395304 
Reading cboRef file /gm2data/zkhechad/cboTemplates/Run4CBOTemplates//cboIsolate/run4_calo11.root
deltaT 164.120000
windowBins = 1100
fitting sliding window 1760 from bin 1963 at 292.879600 to bin 3063 at 456.999600 (1100 bins)

Reading data from /gm2data/cornell/histograms/aMethod/histogram_a_run4.root
fitting cbo isolate
 **********
 **    1 **SET PRINTOUT            1
 **********
 **********
 **    2 **SET NOWARNINGS 
 **********
 PARAMETER DEFINITIONS:
    NO.   NAME         VALUE      STEP SIZE      LIMITS
     1 A_CBO        1.00270e-02  1.00000e-05     no limits
     2 w_CBO        2.32722e+00  1.00000e-02    2.00000e+00  3.00000e+00
     3 phi_CBO      1.84420e-01  1.00000e-02    0.00000e+00  6.28319e+00
 **********
 **    3 **MIGRAD
 **********
 FIRST CALL TO USER FUNCTION AT NEW START POINT, WITH IFLAG=4.
 START MIGRAD MINIMIZATION.  STRATEGY  1.  CONVERGENCE WHEN EDM .LT. 1.00e-04
 FCN=0.0977919 FROM MIGRAD    STATUS=INITIATE       12 CALLS          13 TOTAL
                     EDM= unknown      STRATEGY= 1      NO ERROR MATRIX       
  EXT PARAMETER               CURRENT GUESS       STEP         FIRST   
  NO.   NAME      VALUE            ERROR          SIZE      DERIVATIVE 
   1  A_CBO        1.00270e-02   1.00000e-05   1.00000e-05   8.87954e+00
   2  w_CBO        2.32722e+00   1.00000e-02   2.13152e-02  -4.70233e-02
   3  phi_CBO      1.84420e-01   1.00000e-02   9.43260e-03   2.97277e-04
 MIGRAD MINIMIZATION HAS CONVERGED.
 MIGRAD WILL VERIFY CONVERGENCE AND ERROR MATRIX.
 FCN=0.0619977 FROM MIGRAD    STATUS=CONVERGED      41 CALLS          42 TOTAL
                     EDM=1.36331e-06    STRATEGY= 1      ERR MATRIX NOT POS-DEF
  EXT PARAMETER                APPROXIMATE        STEP         FIRST   
  NO.   NAME      VALUE            ERROR          SIZE      DERIVATIVE 
   1  A_CBO        1.96476e-03   4.24023e-02   2.14435e-05   2.05694e-04
   2  w_CBO        2.32726e+00   5.80110e-01   6.61427e-05   1.27339e-02
   3  phi_CBO      1.71831e-01   4.37899e+00   1.09522e-02  -7.62564e-05
 EXTERNAL ERROR MATRIX.    NDIM=  25    NPAR=  3    ERR DEF=1
  1.798e-03 -6.871e-03 -2.469e+00 
 -6.871e-03  9.344e-01  3.372e+02 
 -2.469e+00  3.372e+02  1.221e+05 
ERR MATRIX NOT POS-DEF
 PARAMETER  CORRELATION COEFFICIENTS  
       NO.  GLOBAL      1      2      3
        1  0.16796   1.000 -0.168 -0.167
        2  0.99804  -0.168  1.000  0.998
        3  0.99804  -0.167  0.998  1.000
 ERR MATRIX NOT POS-DEF
setting A_CBO=0.001965 w_CBO=2.327260, phi_CBO=0.171831
done fitting cbo isolate
 **********
 **    1 **SET PRINTOUT            1
 **********
 **********
 **    2 **SET NOWARNINGS 
 **********
 PARAMETER DEFINITIONS:
    NO.   NAME         VALUE      STEP SIZE      LIMITS
     1 N0           3.06200e+06  1.00000e+02     no limits
     2 tau          6.43953e+01  constant
     3 A0           3.42893e-01  1.00000e-04     no limits
     4 phi          4.11802e+00  1.00000e-02     no limits
     5 R           -6.11796e+01  constant
     6 A_CBO        1.96476e-03  1.00000e-05     no limits
     7 w_CBO        2.32726e+00  1.00000e-03     no limits
     8 phi_CBO      1.71831e-01  1.00000e-04     no limits
     9 ANx2         4.90616e-04  constant
    10 pNx2         2.30674e+00  constant
    11 ANy1         0.00000e+00  constant
    12 pNy1         0.00000e+00  constant
    13 w_y          0.00000e+00  constant
    14 ANy2         9.23997e-03  1.00000e-04     no limits
    15 pNy2         3.41148e-01  constant
    16 w_vw         1.43130e+01  constant
    17 LM          -3.45991e-04  constant
    18 wCBO_expCoeff   2.00000e+02  1.00000e+00     no limits
    19 wCBO_expOffset   2.00000e+02  1.00000e+00     no limits
    20 wCBO_expT    3.00000e+01  1.00000e+00     no limits
    21 wCBO_linCoeff   0.00000e+00  constant
    22 wCBO_const   0.00000e+00  1.00000e-02     no limits
MINUIT - FIT ONLY WIGGLE
 **********
 **    3 **FIX            5
 **********
 PARAMETER    5  IS CONSTANT.   IGNORED.
 **********
 **    4 **FIX            6
 **********
 **********
 **    5 **FIX            7
 **********
 **********
 **    6 **FIX            8
 **********
 **********
 **    7 **FIX            9
 **********
 PARAMETER    9  IS CONSTANT.   IGNORED.
 **********
 **    8 **FIX           10
 **********
 PARAMETER   10  IS CONSTANT.   IGNORED.
 **********
 **    9 **FIX           11
 **********
 PARAMETER   11  IS CONSTANT.   IGNORED.
 **********
 **   10 **FIX           12
 **********
 PARAMETER   12  IS CONSTANT.   IGNORED.
 **********
 **   11 **FIX           13
 **********
 PARAMETER   13  IS CONSTANT.   IGNORED.
 **********
 **   12 **FIX           14
 **********
 **********
 **   13 **FIX           15
 **********
 PARAMETER   15  IS CONSTANT.   IGNORED.
 **********
 **   14 **FIX           16
 **********
 PARAMETER   16  IS CONSTANT.   IGNORED.
 **********
 **   15 **MIGRAD
 **********
 FIRST CALL TO USER FUNCTION AT NEW START POINT, WITH IFLAG=4.
 START MIGRAD MINIMIZATION.  STRATEGY  1.  CONVERGENCE WHEN EDM .LT. 1.00e-04
 FCN=747.559 FROM MIGRAD    STATUS=INITIATE       58 CALLS          59 TOTAL
                     EDM= unknown      STRATEGY= 1      NO ERROR MATRIX       
  EXT PARAMETER               CURRENT GUESS       STEP         FIRST   
  NO.   NAME      VALUE            ERROR          SIZE      DERIVATIVE 
   1  N0           3.06200e+06   1.00000e+02   0.00000e+00  -5.87735e-04
   2  tau          6.43953e+01   constant   
   3  A0           3.42893e-01   1.00000e-04   0.00000e+00   2.84517e+03
   4  phi          4.11802e+00   1.00000e-02   0.00000e+00   5.12103e+02
   5  R           -6.11796e+01   constant   
   6  A_CBO        1.96476e-03     fixed    
   7  w_CBO        2.32726e+00     fixed    
   8  phi_CBO      1.71831e-01     fixed    
   9  ANx2         4.90616e-04   constant   
  10  pNx2         2.30674e+00   constant   
  11  ANy1         0.00000e+00   constant   
  12  pNy1         0.00000e+00   constant   
  13  w_y          0.00000e+00   constant   
  14  ANy2         9.23997e-03     fixed    
  15  pNy2         3.41148e-01   constant   
  16  w_vw         1.43130e+01   constant   
  17  LM          -3.45991e-04   constant   
  18  wCBO_expCoeff   2.00127e+02   1.00000e+00   1.27145e-01   3.31165e+01
  19  wCBO_expOffset   2.00000e+02   1.00000e+00   0.00000e+00   2.20886e+02
  20  wCBO_expT    3.00000e+01   1.00000e+00   0.00000e+00   6.09329e+02
  21  wCBO_linCoeff   0.00000e+00   constant   
  22  wCBO_const   0.00000e+00   1.00000e-02   0.00000e+00   1.04367e+02
 MIGRAD MINIMIZATION HAS CONVERGED.
 FCN=746.664 FROM MIGRAD    STATUS=CONVERGED     176 CALLS         177 TOTAL
                     EDM=5.60338e-06    STRATEGY= 1  ERROR MATRIX UNCERTAINTY   1.3 per cent
  EXT PARAMETER                                   STEP         FIRST   
  NO.   NAME      VALUE            ERROR          SIZE      DERIVATIVE 
   1  N0           3.06234e+06   1.00719e+03   6.82913e+00   5.52047e-07
   2  tau          6.43953e+01   constant   
   3  A0           3.42633e-01   4.38802e-04   3.59761e-06   1.18457e+00
   4  phi          4.11761e+00   1.32656e-03  -2.06233e-05  -8.71918e-01
   5  R           -6.11796e+01   constant   
   6  A_CBO        1.96476e-03     fixed    
   7  w_CBO        2.32726e+00     fixed    
   8  phi_CBO      1.71831e-01     fixed    
   9  ANx2         4.90616e-04   constant   
  10  pNx2         2.30674e+00   constant   
  11  ANy1         0.00000e+00   constant   
  12  pNy1         0.00000e+00   constant   
  13  w_y          0.00000e+00   constant   
  14  ANy2         9.23997e-03     fixed    
  15  pNy2         3.41148e-01   constant   
  16  w_vw         1.43130e+01   constant   
  17  LM          -3.45991e-04   constant   
  18  wCBO_expCoeff   2.00068e+02   1.30949e-01   1.79958e-04   1.58663e-02
  19  wCBO_expOffset   1.99991e+02   1.96677e-02   2.68969e-05   1.44410e-01
  20  wCBO_expT    3.00055e+01   1.29978e-02  -2.22968e-06   2.91349e-01
  21  wCBO_linCoeff   0.00000e+00   constant   
  22  wCBO_const  -1.89449e-04   1.25186e-03  -9.80412e-06   3.07008e+00
 EXTERNAL ERROR MATRIX.    NDIM=  25    NPAR=  7    ERR DEF=1
  1.014e+06  1.446e-02  2.545e-02 -1.551e+01 -2.331e+00  1.487e+00 -9.358e-02 
  1.446e-02  1.925e-07 -5.611e-09 -5.354e-06 -8.049e-07  5.669e-07 -7.316e-08 
  2.545e-02 -5.611e-09  1.760e-06  8.939e-06  1.347e-06 -1.085e-06  2.012e-07 
 -1.551e+01 -5.354e-06  8.939e-06  1.715e-02  2.548e-03 -1.689e-03  1.236e-04 
 -2.331e+00 -8.049e-07  1.347e-06  2.548e-03  3.868e-04 -2.537e-04  1.857e-05 
  1.487e+00  5.669e-07 -1.085e-06 -1.689e-03 -2.537e-04  1.689e-04 -1.318e-05 
 -9.358e-02 -7.316e-08  2.012e-07  1.236e-04  1.857e-05 -1.318e-05  1.567e-06 
 PARAMETER  CORRELATION COEFFICIENTS  
       NO.  GLOBAL      1      3      4     18     19     20     22
        1  0.12989   1.000  0.033  0.019 -0.118 -0.118  0.114 -0.074
        3  0.14249   0.033  1.000 -0.010 -0.093 -0.093  0.099 -0.133
        4  0.13791   0.019 -0.010  1.000  0.051  0.052 -0.063  0.121
       18  0.99639  -0.118 -0.093  0.051  1.000  0.989 -0.992  0.754
       19  0.99641  -0.118 -0.093  0.052  0.989  1.000 -0.992  0.754
       20  0.99891   0.114  0.099 -0.063 -0.992 -0.992  1.000 -0.810
       22  0.95244  -0.074 -0.133  0.121  0.754  0.754 -0.810  1.000
MINUIT - FIT ONLY 1-CBO + other amplitudes 
 **********
 **   16 **RES 
 **********
                   PARAMETER   14  ANy2 RESTORED TO VARIABLE.
                   PARAMETER    8  phi_CBO RESTORED TO VARIABLE.
                   PARAMETER    7  w_CBO RESTORED TO VARIABLE.
                   PARAMETER    6  A_CBO RESTORED TO VARIABLE.
 **********
 **   17 **FIX            0
 **********
 PARAMETER    0  IS UNDEFINED. IGNORED.
 **********
 **   18 **FIX            1
 **********
 **********
 **   19 **FIX            2
 **********
 PARAMETER    2  IS CONSTANT.   IGNORED.
 **********
 **   20 **FIX            3
 **********
 **********
 **   21 **FIX            4
 **********
 **********
 **   22 **FIX            9
 **********
 PARAMETER    9  IS CONSTANT.   IGNORED.
 **********
 **   23 **FIX           11
 **********
 PARAMETER   11  IS CONSTANT.   IGNORED.
 **********
 **   24 **FIX           12
 **********
 PARAMETER   12  IS CONSTANT.   IGNORED.
 **********
 **   25 **FIX           14
 **********
 **********
 **   26 **FIX           15
 **********
 PARAMETER   15  IS CONSTANT.   IGNORED.
 **********
 **   27 **FIX           16
 **********
 PARAMETER   16  IS CONSTANT.   IGNORED.
 **********
 **   28 **MIGRAD
 **********
 START MIGRAD MINIMIZATION.  STRATEGY  1.  CONVERGENCE WHEN EDM .LT. 1.00e-04
 FCN=746.664 FROM MIGRAD    STATUS=INITIATE       20 CALLS         197 TOTAL
                     EDM= unknown      STRATEGY= 1      NO ERROR MATRIX       
  EXT PARAMETER               CURRENT GUESS       STEP         FIRST   
  NO.   NAME      VALUE            ERROR          SIZE      DERIVATIVE 
   1  N0           3.06234e+06     fixed    
   2  tau          6.43953e+01   constant   
   3  A0           3.42633e-01     fixed    
   4  phi          4.11761e+00     fixed    
   5  R           -6.11796e+01   constant   
   6  A_CBO        1.96476e-03   1.00000e-05   1.00000e-05   1.11673e+04
   7  w_CBO        2.32726e+00   1.00000e-03   1.00000e-03   2.67810e+00
   8  phi_CBO      1.71831e-01   1.00000e-04   1.00000e-04   2.43630e-01
   9  ANx2         4.90616e-04   constant   
  10  pNx2         2.30674e+00   constant   
  11  ANy1         0.00000e+00   constant   
  12  pNy1         0.00000e+00   constant   
  13  w_y          0.00000e+00   constant   
  14  ANy2         9.23997e-03     fixed    
  15  pNy2         3.41148e-01   constant   
  16  w_vw         1.43130e+01   constant   
  17  LM          -3.45991e-04   constant   
  18  wCBO_expCoeff   2.00068e+02   1.30949e-01   1.79958e-04   1.58658e-02
  19  wCBO_expOffset   1.99991e+02   1.96677e-02   2.68969e-05   1.44410e-01
  20  wCBO_expT    3.00055e+01   1.29978e-02  -2.22968e-06   2.91349e-01
  21  wCBO_linCoeff   0.00000e+00   constant   
  22  wCBO_const  -1.89449e-04   1.25186e-03  -9.80412e-06   3.07009e+00
 MIGRAD MINIMIZATION HAS CONVERGED.
 FCN=739.722 FROM MIGRAD    STATUS=CONVERGED     189 CALLS         366 TOTAL
                     EDM=1.35456e-06    STRATEGY= 1  ERROR MATRIX UNCERTAINTY  14.6 per cent
  EXT PARAMETER                                   STEP         FIRST   
  NO.   NAME      VALUE            ERROR          SIZE      DERIVATIVE 
   1  N0           3.06234e+06     fixed    
   2  tau          6.43953e+01   constant   
   3  A0           3.42633e-01     fixed    
   4  phi          4.11761e+00     fixed    
   5  R           -6.11796e+01   constant   
   6  A_CBO        7.42880e-04   4.70122e-04   4.85371e-07  -1.15880e+00
   7  w_CBO        2.32814e+00   1.31610e-03  -5.58814e-06   8.96152e+00
   8  phi_CBO     -4.05556e-01   1.04974e+00   3.81847e-03   5.62242e-04
   9  ANx2         4.90616e-04   constant   
  10  pNx2         2.30674e+00   constant   
  11  ANy1         0.00000e+00   constant   
  12  pNy1         0.00000e+00   constant   
  13  w_y          0.00000e+00   constant   
  14  ANy2         9.23997e-03     fixed    
  15  pNy2         3.41148e-01   constant   
  16  w_vw         1.43130e+01   constant   
  17  LM          -3.45991e-04   constant   
  18  wCBO_expCoeff   2.00168e+02   1.49115e-01  -6.40663e-04   9.16038e-02
  19  wCBO_expOffset   2.00006e+02   2.22217e-02  -9.54850e-05   6.16690e-01
  20  wCBO_expT    2.99920e+01   1.99921e-02   8.39089e-05   1.98036e+00
  21  wCBO_linCoeff   0.00000e+00   constant   
  22  wCBO_const  -9.16403e-05   7.48589e-04  -5.53526e-08   2.51936e+00
 EXTERNAL ERROR MATRIX.    NDIM=  25    NPAR=  7    ERR DEF=1
  2.210e-07 -1.048e-07  7.072e-05 -1.214e-05 -1.810e-06  1.555e-06  1.923e-08 
 -1.048e-07  1.732e-06 -9.553e-04  1.943e-04  2.895e-05 -2.617e-05  3.524e-07 
  7.072e-05 -9.553e-04  1.102e+00 -1.092e-01 -1.627e-02  1.481e-02 -6.418e-05 
 -1.214e-05  1.943e-04 -1.092e-01  2.224e-02  3.285e-03 -2.966e-03  3.785e-05 
 -1.810e-06  2.895e-05 -1.627e-02  3.285e-03  4.938e-04 -4.419e-04  5.636e-06 
  1.555e-06 -2.617e-05  1.481e-02 -2.966e-03 -4.419e-04  3.997e-04 -5.782e-06 
  1.923e-08  3.524e-07 -6.418e-05  3.785e-05  5.636e-06 -5.782e-06  5.604e-07 
 PARAMETER  CORRELATION COEFFICIENTS  
       NO.  GLOBAL      6      7      8     18     19     20     22
        6  0.21512   1.000 -0.169  0.143 -0.173 -0.173  0.165  0.055
        7  0.99585  -0.169  1.000 -0.691  0.990  0.990 -0.995  0.358
        8  0.80632   0.143 -0.691  1.000 -0.697 -0.697  0.706 -0.082
       18  0.99660  -0.173  0.990 -0.697  1.000  0.991 -0.995  0.339
       19  0.99656  -0.173  0.990 -0.697  0.991  1.000 -0.995  0.339
       20  0.99923   0.165 -0.995  0.706 -0.995 -0.995  1.000 -0.386
       22  0.82185   0.055  0.358 -0.082  0.339  0.339 -0.386  1.000
MINUIT - FIT ONLY 1-CBO
 **********
 **   29 **RES 
 **********
                   PARAMETER   14  ANy2 RESTORED TO VARIABLE.
                   PARAMETER    4  phi RESTORED TO VARIABLE.
                   PARAMETER    3  A0 RESTORED TO VARIABLE.
                   PARAMETER    1  N0 RESTORED TO VARIABLE.
 **********
 **   30 **FIX            0
 **********
 PARAMETER    0  IS UNDEFINED. IGNORED.
 **********
 **   31 **FIX            1
 **********
 **********
 **   32 **FIX            2
 **********
 PARAMETER    2  IS CONSTANT.   IGNORED.
 **********
 **   33 **FIX            3
 **********
 **********
 **   34 **FIX            4
 **********
 **********
 **   35 **FIX            8
 **********
 **********
 **   36 **FIX            9
 **********
 PARAMETER    9  IS CONSTANT.   IGNORED.
 **********
 **   37 **FIX           11
 **********
 PARAMETER   11  IS CONSTANT.   IGNORED.
 **********
 **   38 **FIX           12
 **********
 PARAMETER   12  IS CONSTANT.   IGNORED.
 **********
 **   39 **FIX           13
 **********
 PARAMETER   13  IS CONSTANT.   IGNORED.
 **********
 **   40 **FIX           15
 **********
 PARAMETER   15  IS CONSTANT.   IGNORED.
 **********
 **   41 **FIX           16
 **********
 PARAMETER   16  IS CONSTANT.   IGNORED.
 **********
 **   42 **MIGRAD
 **********
 START MIGRAD MINIMIZATION.  STRATEGY  1.  CONVERGENCE WHEN EDM .LT. 1.00e-04
 FCN=739.722 FROM MIGRAD    STATUS=INITIATE       16 CALLS         382 TOTAL
                     EDM= unknown      STRATEGY= 1      NO ERROR MATRIX       
  EXT PARAMETER               CURRENT GUESS       STEP         FIRST   
  NO.   NAME      VALUE            ERROR          SIZE      DERIVATIVE 
   1  N0           3.06234e+06     fixed    
   2  tau          6.43953e+01   constant   
   3  A0           3.42633e-01     fixed    
   4  phi          4.11761e+00     fixed    
   5  R           -6.11796e+01   constant   
   6  A_CBO        7.42880e-04   4.70122e-04   4.85371e-07  -1.15880e+00
   7  w_CBO        2.32814e+00   1.31610e-03  -5.58814e-06   8.96149e+00
   8  phi_CBO     -4.05556e-01     fixed    
   9  ANx2         4.90616e-04   constant   
  10  pNx2         2.30674e+00   constant   
  11  ANy1         0.00000e+00   constant   
  12  pNy1         0.00000e+00   constant   
  13  w_y          0.00000e+00   constant   
  14  ANy2         9.23997e-03   1.00000e-04   1.00000e-04   8.82153e+04
  15  pNy2         3.41148e-01   constant   
  16  w_vw         1.43130e+01   constant   
  17  LM          -3.45991e-04   constant   
  18  wCBO_expCoeff   2.00168e+02   1.49115e-01  -6.40663e-04   9.16036e-02
  19  wCBO_expOffset   2.00006e+02   2.22217e-02  -9.54850e-05   6.16690e-01
  20  wCBO_expT    2.99920e+01   1.99921e-02   8.39089e-05   1.98036e+00
  21  wCBO_linCoeff   0.00000e+00   constant   
  22  wCBO_const  -9.16403e-05   7.48589e-04  -5.53526e-08   2.51936e+00
 MIGRAD MINIMIZATION HAS CONVERGED.
 MIGRAD WILL VERIFY CONVERGENCE AND ERROR MATRIX.
 FCN=324.043 FROM MIGRAD    STATUS=CONVERGED     187 CALLS         553 TOTAL
                     EDM=4.9803e-06    STRATEGY= 1      ERR MATRIX NOT POS-DEF
  EXT PARAMETER                APPROXIMATE        STEP         FIRST   
  NO.   NAME      VALUE            ERROR          SIZE      DERIVATIVE 
   1  N0           3.06234e+06     fixed    
   2  tau          6.43953e+01   constant   
   3  A0           3.42633e-01     fixed    
   4  phi          4.11761e+00     fixed    
   5  R           -6.11796e+01   constant   
   6  A_CBO        6.57752e-04   4.72492e-04   4.07249e-06   6.54171e+00
   7  w_CBO        2.32804e+00   2.22232e-03   1.67081e-06   6.21848e-01
   8  phi_CBO     -4.05556e-01     fixed    
   9  ANx2         4.90616e-04   constant   
  10  pNx2         2.30674e+00   constant   
  11  ANy1         0.00000e+00   constant   
  12  pNy1         0.00000e+00   constant   
  13  w_y          0.00000e+00   constant   
  14  ANy2        -1.83379e-04   4.60647e-04   4.06596e-06  -1.36274e+00
  15  pNy2         3.41148e-01   constant   
  16  w_vw         1.43130e+01   constant   
  17  LM          -3.45991e-04   constant   
  18  wCBO_expCoeff   2.00152e+02   2.14464e-01   1.68056e-04   1.46341e-03
  19  wCBO_expOffset   2.00004e+02   3.51309e-02   9.53692e-05   9.87368e-03
  20  wCBO_expT    2.99931e+01   8.38166e-03   1.43018e-05   1.74835e-01
  21  wCBO_linCoeff   0.00000e+00   constant   
  22  wCBO_const   3.49190e-04   1.15046e-03   3.71285e-06   1.15138e+00
 EXTERNAL ERROR MATRIX.    NDIM=  25    NPAR=  7    ERR DEF=1
  2.232e-07  5.358e-08  2.445e-09  6.075e-06  3.587e-07 -6.954e-07  1.581e-08 
  5.358e-08  4.939e-06 -2.271e-11 -1.406e-04 -3.010e-05 -4.059e-06 -1.868e-06 
  2.445e-09 -2.271e-11  2.122e-07  1.002e-07  3.249e-09  1.027e-08 -8.803e-09 
  6.075e-06 -1.406e-04  1.002e-07  4.599e-02 -3.701e-03 -4.431e-04  8.447e-05 
  3.587e-07 -3.010e-05  3.249e-09 -3.701e-03  1.234e-03 -9.385e-05  1.790e-05 
 -6.954e-07 -4.059e-06  1.027e-08 -4.431e-04 -9.385e-05  7.025e-05 -2.718e-06 
  1.581e-08 -1.868e-06 -8.803e-09  8.447e-05  1.790e-05 -2.718e-06  1.324e-06 
ERR MATRIX NOT POS-DEF
 PARAMETER  CORRELATION COEFFICIENTS  
       NO.  GLOBAL      6      7     14     18     19     20     22
        6  0.21910   1.000  0.051  0.011  0.060  0.022 -0.176  0.029
        7  0.99638   0.051  1.000 -0.000 -0.295 -0.385 -0.218 -0.730
       14  0.03355   0.011 -0.000  1.000  0.001  0.000  0.003 -0.017
       18  0.99606   0.060 -0.295  0.001  1.000 -0.491 -0.247  0.342
       19  0.99670   0.022 -0.385  0.000 -0.491  1.000 -0.319  0.443
       20  0.99487  -0.176 -0.218  0.003 -0.247 -0.319  1.000 -0.282
       22  0.93087   0.029 -0.730 -0.017  0.342  0.443 -0.282  1.000
 ERR MATRIX NOT POS-DEF
MINUIT - FIT ONLY 2-CBO
 **********
 **   43 **RES 
 **********
                   PARAMETER    8  phi_CBO RESTORED TO VARIABLE.
                   PARAMETER    4  phi RESTORED TO VARIABLE.
                   PARAMETER    3  A0 RESTORED TO VARIABLE.
                   PARAMETER    1  N0 RESTORED TO VARIABLE.
 **********
 **   44 **FIX            0
 **********
 PARAMETER    0  IS UNDEFINED. IGNORED.
 **********
 **   45 **FIX            1
 **********
 **********
 **   46 **FIX            2
 **********
 PARAMETER    2  IS CONSTANT.   IGNORED.
 **********
 **   47 **FIX            3
 **********
 **********
 **   48 **FIX            4
 **********
 **********
 **   49 **FIX            5
 **********
 PARAMETER    5  IS CONSTANT.   IGNORED.
 **********
 **   50 **FIX            6
 **********
 **********
 **   51 **FIX            7
 **********
 **********
 **   52 **FIX           10
 **********
 PARAMETER   10  IS CONSTANT.   IGNORED.
 **********
 **   53 **FIX           11
 **********
 PARAMETER   11  IS CONSTANT.   IGNORED.
 **********
 **   54 **FIX           12
 **********
 PARAMETER   12  IS CONSTANT.   IGNORED.
 **********
 **   55 **FIX           13
 **********
 PARAMETER   13  IS CONSTANT.   IGNORED.
 **********
 **   56 **FIX           14
 **********
 **********
 **   57 **FIX           15
 **********
 PARAMETER   15  IS CONSTANT.   IGNORED.
 **********
 **   58 **FIX           16
 **********
 PARAMETER   16  IS CONSTANT.   IGNORED.
 **********
 **   59 **MIGRAD
 **********
 START MIGRAD MINIMIZATION.  STRATEGY  1.  CONVERGENCE WHEN EDM .LT. 1.00e-04
 FCN=324.043 FROM MIGRAD    STATUS=INITIATE       10 CALLS         563 TOTAL
                     EDM= unknown      STRATEGY= 1      NO ERROR MATRIX       
  EXT PARAMETER               CURRENT GUESS       STEP         FIRST   
  NO.   NAME      VALUE            ERROR          SIZE      DERIVATIVE 
   1  N0           3.06234e+06     fixed    
   2  tau          6.43953e+01   constant   
   3  A0           3.42633e-01     fixed    
   4  phi          4.11761e+00     fixed    
   5  R           -6.11796e+01   constant   
   6  A_CBO        6.57752e-04     fixed    
   7  w_CBO        2.32804e+00     fixed    
   8  phi_CBO     -4.05556e-01   1.04974e+00   1.04974e+00  -9.72831e-01
   9  ANx2         4.90616e-04   constant   
  10  pNx2         2.30674e+00   constant   
  11  ANy1         0.00000e+00   constant   
  12  pNy1         0.00000e+00   constant   
  13  w_y          0.00000e+00   constant   
  14  ANy2        -1.83379e-04     fixed    
  15  pNy2         3.41148e-01   constant   
  16  w_vw         1.43130e+01   constant   
  17  LM          -3.45991e-04   constant   
  18  wCBO_expCoeff   2.00152e+02   2.14464e-01   1.68056e-04   1.50017e-03
  19  wCBO_expOffset   2.00004e+02   3.51309e-02   9.53692e-05   2.08209e-02
  20  wCBO_expT    2.99931e+01   8.38166e-03   1.43018e-05   1.87083e-01
  21  wCBO_linCoeff   0.00000e+00   constant   
  22  wCBO_const   3.49190e-04   1.15046e-03   3.71285e-06   1.15401e+00
 MIGRAD MINIMIZATION HAS CONVERGED.
 MIGRAD WILL VERIFY CONVERGENCE AND ERROR MATRIX.
 FCN=323.783 FROM MIGRAD    STATUS=CONVERGED     116 CALLS         669 TOTAL
                     EDM=1.40547e-06    STRATEGY= 1      ERR MATRIX NOT POS-DEF
  EXT PARAMETER                APPROXIMATE        STEP         FIRST   
  NO.   NAME      VALUE            ERROR          SIZE      DERIVATIVE 
   1  N0           3.06234e+06     fixed    
   2  tau          6.43953e+01   constant   
   3  A0           3.42633e-01     fixed    
   4  phi          4.11761e+00     fixed    
   5  R           -6.11796e+01   constant   
   6  A_CBO        6.57752e-04     fixed    
   7  w_CBO        2.32804e+00     fixed    
   8  phi_CBO      1.29465e-01   9.07940e-01   6.27719e-03   1.24982e-03
   9  ANx2         4.90616e-04   constant   
  10  pNx2         2.30674e+00   constant   
  11  ANy1         0.00000e+00   constant   
  12  pNy1         0.00000e+00   constant   
  13  w_y          0.00000e+00   constant   
  14  ANy2        -1.83379e-04     fixed    
  15  pNy2         3.41148e-01   constant   
  16  w_vw         1.43130e+01   constant   
  17  LM          -3.45991e-04   constant   
  18  wCBO_expCoeff   2.00103e+02   2.24950e-01   1.62541e-04  -6.91367e-02
  19  wCBO_expOffset   1.99996e+02   3.44730e-02   9.53657e-05  -4.60091e-01
  20  wCBO_expT    2.99982e+01   9.17123e-03   1.43043e-05  -1.66180e+00
  21  wCBO_linCoeff   0.00000e+00   constant   
  22  wCBO_const   1.02177e-04   8.32845e-04   3.64402e-06  -4.02373e+00
 EXTERNAL ERROR MATRIX.    NDIM=  25    NPAR=  5    ERR DEF=1
  8.244e-01 -3.138e-02 -5.217e-03  3.574e-03 -1.251e-04 
 -3.138e-02  5.060e-02 -5.190e-03 -7.837e-04  4.323e-05 
 -5.217e-03 -5.190e-03  1.188e-03 -1.341e-04  7.260e-06 
  3.574e-03 -7.837e-04 -1.341e-04  8.411e-05 -5.154e-06 
 -1.251e-04  4.323e-05  7.260e-06 -5.154e-06  6.936e-07 
ERR MATRIX NOT POS-DEF
 PARAMETER  CORRELATION COEFFICIENTS  
       NO.  GLOBAL      8     18     19     20     22
        8  0.62131   1.000 -0.154 -0.167  0.429 -0.165
       18  0.99663  -0.154  1.000 -0.669 -0.380  0.231
       19  0.99678  -0.167 -0.669  1.000 -0.424  0.253
       20  0.99605   0.429 -0.380 -0.424  1.000 -0.675
       22  0.86828  -0.165  0.231  0.253 -0.675  1.000
 ERR MATRIX NOT POS-DEF
MINUIT - FIT ONLY 1-y
 **********
 **   60 **RES 
 **********
                   PARAMETER   14  ANy2 RESTORED TO VARIABLE.
                   PARAMETER    7  w_CBO RESTORED TO VARIABLE.
                   PARAMETER    6  A_CBO RESTORED TO VARIABLE.
                   PARAMETER    4  phi RESTORED TO VARIABLE.
                   PARAMETER    3  A0 RESTORED TO VARIABLE.
                   PARAMETER    1  N0 RESTORED TO VARIABLE.
 **********
 **   61 **FIX            0
 **********
 PARAMETER    0  IS UNDEFINED. IGNORED.
 **********
 **   62 **FIX            1
 **********
 **********
 **   63 **FIX            2
 **********
 PARAMETER    2  IS CONSTANT.   IGNORED.
 **********
 **   64 **FIX            3
 **********
 **********
 **   65 **FIX            4
 **********
 **********
 **   66 **FIX            5
 **********
 PARAMETER    5  IS CONSTANT.   IGNORED.
 **********
 **   67 **FIX            6
 **********
 **********
 **   68 **FIX            7
 **********
 **********
 **   69 **FIX            8
 **********
 **********
 **   70 **FIX            9
 **********
 PARAMETER    9  IS CONSTANT.   IGNORED.
 **********
 **   71 **FIX           13
 **********
 PARAMETER   13  IS CONSTANT.   IGNORED.
 **********
 **   72 **FIX           14
 **********
 **********
 **   73 **FIX           15
 **********
 PARAMETER   15  IS CONSTANT.   IGNORED.
 **********
 **   74 **FIX           16
 **********
 PARAMETER   16  IS CONSTANT.   IGNORED.
 **********
 **   75 **MIGRAD
 **********
 START MIGRAD MINIMIZATION.  STRATEGY  1.  CONVERGENCE WHEN EDM .LT. 1.00e-04
 FCN=323.783 FROM MIGRAD    STATUS=INITIATE        8 CALLS         677 TOTAL
                     EDM= unknown      STRATEGY= 1      NO ERROR MATRIX       
  EXT PARAMETER               CURRENT GUESS       STEP         FIRST   
  NO.   NAME      VALUE            ERROR          SIZE      DERIVATIVE 
   1  N0           3.06234e+06     fixed    
   2  tau          6.43953e+01   constant   
   3  A0           3.42633e-01     fixed    
   4  phi          4.11761e+00     fixed    
   5  R           -6.11796e+01   constant   
   6  A_CBO        6.57752e-04     fixed    
   7  w_CBO        2.32804e+00     fixed    
   8  phi_CBO      1.29465e-01     fixed    
   9  ANx2         4.90616e-04   constant   
  10  pNx2         2.30674e+00   constant   
  11  ANy1         0.00000e+00   constant   
  12  pNy1         0.00000e+00   constant   
  13  w_y          0.00000e+00   constant   
  14  ANy2        -1.83379e-04     fixed    
  15  pNy2         3.41148e-01   constant   
  16  w_vw         1.43130e+01   constant   
  17  LM          -3.45991e-04   constant   
  18  wCBO_expCoeff   2.00103e+02   2.24950e-01   1.62541e-04  -6.90973e-02
  19  wCBO_expOffset   1.99996e+02   3.44730e-02   9.53657e-05  -4.56763e-01
  20  wCBO_expT    2.99982e+01   9.17123e-03   1.43043e-05  -1.65641e+00
  21  wCBO_linCoeff   0.00000e+00   constant   
  22  wCBO_const   1.02177e-04   8.32845e-04   3.64402e-06  -4.02029e+00
 MIGRAD MINIMIZATION HAS CONVERGED.
 MIGRAD WILL VERIFY CONVERGENCE AND ERROR MATRIX.
 FCN=323.783 FROM MIGRAD    STATUS=CONVERGED      43 CALLS         712 TOTAL
                     EDM=2.7612e-07    STRATEGY= 1      ERR MATRIX NOT POS-DEF
  EXT PARAMETER                APPROXIMATE        STEP         FIRST   
  NO.   NAME      VALUE            ERROR          SIZE      DERIVATIVE 
   1  N0           3.06234e+06     fixed    
   2  tau          6.43953e+01   constant   
   3  A0           3.42633e-01     fixed    
   4  phi          4.11761e+00     fixed    
   5  R           -6.11796e+01   constant   
   6  A_CBO        6.57752e-04     fixed    
   7  w_CBO        2.32804e+00     fixed    
   8  phi_CBO      1.29465e-01     fixed    
   9  ANx2         4.90616e-04   constant   
  10  pNx2         2.30674e+00   constant   
  11  ANy1         0.00000e+00   constant   
  12  pNy1         0.00000e+00   constant   
  13  w_y          0.00000e+00   constant   
  14  ANy2        -1.83379e-04     fixed    
  15  pNy2         3.41148e-01   constant   
  16  w_vw         1.43130e+01   constant   
  17  LM          -3.45991e-04   constant   
  18  wCBO_expCoeff   2.00103e+02   2.31091e-01   1.62612e-04   9.28094e-03
  19  wCBO_expOffset   1.99996e+02   3.53545e-02   9.53657e-05   6.19278e-02
  20  wCBO_expT    2.99982e+01   8.48342e-03   1.43043e-05   1.43925e-01
  21  wCBO_linCoeff   0.00000e+00   constant   
  22  wCBO_const   1.02275e-04   8.30344e-04   3.64367e-06  -8.76868e-01
 EXTERNAL ERROR MATRIX.    NDIM=  25    NPAR=  4    ERR DEF=1
  5.340e-02 -5.899e-03 -6.767e-04  4.044e-05 
 -5.899e-03  1.250e-03 -1.173e-04  6.846e-06 
 -6.767e-04 -1.173e-04  7.197e-05 -4.833e-06 
  4.044e-05  6.846e-06 -4.833e-06  6.895e-07 
ERR MATRIX NOT POS-DEF
 PARAMETER  CORRELATION COEFFICIENTS  
       NO.  GLOBAL     18     19     20     22
       18  0.99681   1.000 -0.722 -0.345  0.211
       19  0.99694  -0.722  1.000 -0.391  0.233
       20  0.99538  -0.345 -0.391  1.000 -0.686
       22  0.86738   0.211  0.233 -0.686  1.000
 ERR MATRIX NOT POS-DEF
MINUIT - FIT ONLY 2-y
 **********
 **   76 **RES 
 **********
                   PARAMETER   14  ANy2 RESTORED TO VARIABLE.
                   PARAMETER    8  phi_CBO RESTORED TO VARIABLE.
                   PARAMETER    7  w_CBO RESTORED TO VARIABLE.
                   PARAMETER    6  A_CBO RESTORED TO VARIABLE.
                   PARAMETER    4  phi RESTORED TO VARIABLE.
                   PARAMETER    3  A0 RESTORED TO VARIABLE.
                   PARAMETER    1  N0 RESTORED TO VARIABLE.
 **********
 **   77 **FIX            0
 **********
 PARAMETER    0  IS UNDEFINED. IGNORED.
 **********
 **   78 **FIX            1
 **********
 **********
 **   79 **FIX            2
 **********
 PARAMETER    2  IS CONSTANT.   IGNORED.
 **********
 **   80 **FIX            3
 **********
 **********
 **   81 **FIX            4
 **********
 **********
 **   82 **FIX            5
 **********
 PARAMETER    5  IS CONSTANT.   IGNORED.
 **********
 **   83 **FIX            6
 **********
 **********
 **   84 **FIX            7
 **********
 **********
 **   85 **FIX            8
 **********
 **********
 **   86 **FIX            9
 **********
 PARAMETER    9  IS CONSTANT.   IGNORED.
 **********
 **   87 **FIX           10
 **********
 PARAMETER   10  IS CONSTANT.   IGNORED.
 **********
 **   88 **FIX           11
 **********
 PARAMETER   11  IS CONSTANT.   IGNORED.
 **********
 **   89 **FIX           12
 **********
 PARAMETER   12  IS CONSTANT.   IGNORED.
 **********
 **   90 **FIX           16
 **********
 PARAMETER   16  IS CONSTANT.   IGNORED.
 **********
 **   91 **MIGRAD
 **********
 START MIGRAD MINIMIZATION.  STRATEGY  1.  CONVERGENCE WHEN EDM .LT. 1.00e-04
 FCN=323.783 FROM MIGRAD    STATUS=INITIATE       10 CALLS         722 TOTAL
                     EDM= unknown      STRATEGY= 1      NO ERROR MATRIX       
  EXT PARAMETER               CURRENT GUESS       STEP         FIRST   
  NO.   NAME      VALUE            ERROR          SIZE      DERIVATIVE 
   1  N0           3.06234e+06     fixed    
   2  tau          6.43953e+01   constant   
   3  A0           3.42633e-01     fixed    
   4  phi          4.11761e+00     fixed    
   5  R           -6.11796e+01   constant   
   6  A_CBO        6.57752e-04     fixed    
   7  w_CBO        2.32804e+00     fixed    
   8  phi_CBO      1.29465e-01     fixed    
   9  ANx2         4.90616e-04   constant   
  10  pNx2         2.30674e+00   constant   
  11  ANy1         0.00000e+00   constant   
  12  pNy1         0.00000e+00   constant   
  13  w_y          0.00000e+00   constant   
  14  ANy2        -1.83379e-04   4.60647e-04   4.60647e-04   2.07766e+01
  15  pNy2         3.41148e-01   constant   
  16  w_vw         1.43130e+01   constant   
  17  LM          -3.45991e-04   constant   
  18  wCBO_expCoeff   2.00103e+02   2.31091e-01   1.62612e-04   9.31956e-03
  19  wCBO_expOffset   1.99996e+02   3.53545e-02   9.53657e-05   6.62344e-02
  20  wCBO_expT    2.99982e+01   8.48342e-03   1.43043e-05   1.49257e-01
  21  wCBO_linCoeff   0.00000e+00   constant   
  22  wCBO_const   1.02275e-04   8.30344e-04   3.64367e-06  -8.73439e-01
 MIGRAD MINIMIZATION HAS CONVERGED.
 MIGRAD WILL VERIFY CONVERGENCE AND ERROR MATRIX.
 FCN=323.783 FROM MIGRAD    STATUS=CONVERGED      56 CALLS         768 TOTAL
                     EDM=2.30589e-07    STRATEGY= 1      ERR MATRIX NOT POS-DEF
  EXT PARAMETER                APPROXIMATE        STEP         FIRST   
  NO.   NAME      VALUE            ERROR          SIZE      DERIVATIVE 
   1  N0           3.06234e+06     fixed    
   2  tau          6.43953e+01   constant   
   3  A0           3.42633e-01     fixed    
   4  phi          4.11761e+00     fixed    
   5  R           -6.11796e+01   constant   
   6  A_CBO        6.57752e-04     fixed    
   7  w_CBO        2.32804e+00     fixed    
   8  phi_CBO      1.29465e-01     fixed    
   9  ANx2         4.90616e-04   constant   
  10  pNx2         2.30674e+00   constant   
  11  ANy1         0.00000e+00   constant   
  12  pNy1         0.00000e+00   constant   
  13  w_y          0.00000e+00   constant   
  14  ANy2        -1.85595e-04   4.61059e-04   4.06432e-06   1.57017e-02
  15  pNy2         3.41148e-01   constant   
  16  w_vw         1.43130e+01   constant   
  17  LM          -3.45991e-04   constant   
  18  wCBO_expCoeff   2.00103e+02   2.31080e-01   1.62609e-04   4.79423e-03
  19  wCBO_expOffset   1.99996e+02   3.53550e-02   9.53657e-05   3.19993e-02
  20  wCBO_expT    2.99982e+01   8.48325e-03   1.43043e-05   5.45885e-02
  21  wCBO_linCoeff   0.00000e+00   constant   
  22  wCBO_const   1.02350e-04   8.30453e-04   3.64361e-06  -9.23979e-01
 EXTERNAL ERROR MATRIX.    NDIM=  25    NPAR=  5    ERR DEF=1
  2.126e-07 -7.637e-08 -3.126e-08  2.773e-08 -6.877e-09 
 -7.637e-08  5.340e-02 -5.899e-03 -6.765e-04  4.043e-05 
 -3.126e-08 -5.899e-03  1.250e-03 -1.173e-04  6.848e-06 
  2.773e-08 -6.765e-04 -1.173e-04  7.197e-05 -4.833e-06 
 -6.877e-09  4.043e-05  6.848e-06 -4.833e-06  6.897e-07 
ERR MATRIX NOT POS-DEF
 PARAMETER  CORRELATION COEFFICIENTS  
       NO.  GLOBAL     14     18     19     20     22
       14  0.02354   1.000 -0.001 -0.002  0.007 -0.018
       18  0.99681  -0.001  1.000 -0.722 -0.345  0.211
       19  0.99694  -0.002 -0.722  1.000 -0.391  0.233
       20  0.99538   0.007 -0.345 -0.391  1.000 -0.686
       22  0.86743  -0.018  0.211  0.233 -0.686  1.000
 ERR MATRIX NOT POS-DEF
MINUIT - FIT ALTOGETHER
 **********
 **   92 **RES 
 **********
                   PARAMETER    8  phi_CBO RESTORED TO VARIABLE.
                   PARAMETER    7  w_CBO RESTORED TO VARIABLE.
                   PARAMETER    6  A_CBO RESTORED TO VARIABLE.
                   PARAMETER    4  phi RESTORED TO VARIABLE.
                   PARAMETER    3  A0 RESTORED TO VARIABLE.
                   PARAMETER    1  N0 RESTORED TO VARIABLE.
 **********
 **   93 **MIGRAD
 **********
 START MIGRAD MINIMIZATION.  STRATEGY  1.  CONVERGENCE WHEN EDM .LT. 1.00e-04
 FCN=323.783 FROM MIGRAD    STATUS=INITIATE       22 CALLS         790 TOTAL
                     EDM= unknown      STRATEGY= 1      NO ERROR MATRIX       
  EXT PARAMETER               CURRENT GUESS       STEP         FIRST   
  NO.   NAME      VALUE            ERROR          SIZE      DERIVATIVE 
   1  N0           3.06234e+06   1.00719e+03   1.00719e+03  -4.45323e-04
   2  tau          6.43953e+01   constant   
   3  A0           3.42633e-01   4.38802e-04   4.38802e-04   9.73823e+02
   4  phi          4.11761e+00   1.32656e-03   1.32656e-03  -3.08858e+02
   5  R           -6.11796e+01   constant   
   6  A_CBO        6.57752e-04   4.72492e-04   4.72492e-04   8.27331e+01
   7  w_CBO        2.32804e+00   2.22232e-03   2.22232e-03   2.06015e-02
   8  phi_CBO      1.29465e-01   9.07940e-01   9.07940e-01   6.78609e-05
   9  ANx2         4.90616e-04   constant   
  10  pNx2         2.30674e+00   constant   
  11  ANy1         0.00000e+00   constant   
  12  pNy1         0.00000e+00   constant   
  13  w_y          0.00000e+00   constant   
  14  ANy2        -1.85595e-04   4.61059e-04   4.06432e-06   1.57013e-02
  15  pNy2         3.41148e-01   constant   
  16  w_vw         1.43130e+01   constant   
  17  LM          -3.45991e-04   constant   
  18  wCBO_expCoeff   2.00103e+02   2.31080e-01   1.62609e-04   4.83291e-03
  19  wCBO_expOffset   1.99996e+02   3.53550e-02   9.53657e-05   3.63140e-02
  20  wCBO_expT    2.99982e+01   8.48325e-03   1.43043e-05   6.16333e-02
  21  wCBO_linCoeff   0.00000e+00   constant   
  22  wCBO_const   1.02350e-04   8.30453e-04   3.64361e-06  -9.20551e-01
 MIGRAD MINIMIZATION HAS CONVERGED.
 MIGRAD WILL VERIFY CONVERGENCE AND ERROR MATRIX.
 FCN=323.644 FROM MIGRAD    STATUS=CONVERGED     217 CALLS         985 TOTAL
                     EDM=4.26652e-05    STRATEGY= 1      ERR MATRIX NOT POS-DEF
  EXT PARAMETER                APPROXIMATE        STEP         FIRST   
  NO.   NAME      VALUE            ERROR          SIZE      DERIVATIVE 
   1  N0           3.06256e+06   9.99619e+02   8.67314e+00  -5.12042e-07
   2  tau          6.43953e+01   constant   
