 + ++++++++++++++++++++++++++++++++++++++++++++++++++++++++++++++++++++ +
 +                                                                      +
 +           You have chose to blind your fitting according to          +
 +                omega_ref * (1 + (R +/- deltaR) *10^{-6})             +
 +                                                                      +
 + ++++++++++++++++++++++++++++++++++++++++++++++++++++++++++++++++++++ +
In main()...
reading format from /gm2data/zkhechad/run45/envelope/formats/formatB_sBin_constraintOn.txt
pBinTau 	= 0  
pBinPhi 	= 0  
constraintau 	= 1 
includeMopTerm 	= 0    
constrainMop    = 0   
Parameters after format file: pBinTau 0 pBinPhi 0 constraintau 1 includeMopTerm 0 constrainMop 0 c_e_scale 0.000000 
reading cbo reference file (full fit) from /gm2data/zkhechad/cboTemplates/Run4CBOTemplates/fullFits/run4/sBin_constraintOn_cE0.0_seed0_run4_calo7.root
A_CBO 0.010017 w_CBO 2.326795 phi_CBO 5.385454 N0 2934724.912691 R -61.426290 tau 64.406392 
Reading cboRef file /gm2data/zkhechad/cboTemplates/Run4CBOTemplates//cboIsolate/run4_calo7.root
deltaT 164.120000
windowBins = 1100
fitting sliding window 1600 from bin 1803 at 269.007600 to bin 2903 at 433.127600 (1100 bins)

Reading data from /gm2data/cornell/histograms/aMethod/histogram_a_run4.root
fitting cbo isolate
 **********
 **    1 **SET PRINTOUT            1
 **********
 **********
 **    2 **SET NOWARNINGS 
 **********
 PARAMETER DEFINITIONS:
    NO.   NAME         VALUE      STEP SIZE      LIMITS
     1 A_CBO        1.00169e-02  1.00000e-05     no limits
     2 w_CBO        2.32680e+00  1.00000e-02    2.00000e+00  3.00000e+00
     3 phi_CBO      5.38545e+00  1.00000e-02    0.00000e+00  6.28319e+00
 **********
 **    3 **MIGRAD
 **********
 FIRST CALL TO USER FUNCTION AT NEW START POINT, WITH IFLAG=4.
 START MIGRAD MINIMIZATION.  STRATEGY  1.  CONVERGENCE WHEN EDM .LT. 1.00e-04
 FCN=0.0770768 FROM MIGRAD    STATUS=INITIATE       12 CALLS          13 TOTAL
                     EDM= unknown      STRATEGY= 1      NO ERROR MATRIX       
  EXT PARAMETER               CURRENT GUESS       STEP         FIRST   
  NO.   NAME      VALUE            ERROR          SIZE      DERIVATIVE 
   1  A_CBO        1.00169e-02   1.00000e-05   1.00000e-05   7.85407e+00
   2  w_CBO        2.32680e+00   1.00000e-02   2.13223e-02   2.96762e-01
   3  phi_CBO      5.38545e+00   1.00000e-02   4.54801e-03  -3.52536e-03
 MIGRAD MINIMIZATION HAS CONVERGED.
 MIGRAD WILL VERIFY CONVERGENCE AND ERROR MATRIX.
 COVARIANCE MATRIX CALCULATED SUCCESSFULLY
 FCN=0.0489951 FROM MIGRAD    STATUS=CONVERGED      49 CALLS          50 TOTAL
                     EDM=2.11863e-05    STRATEGY= 1      ERROR MATRIX ACCURATE 
  EXT PARAMETER                                   STEP         FIRST   
  NO.   NAME      VALUE            ERROR          SIZE      DERIVATIVE 
   1  A_CBO        2.86318e-03   4.29014e-02   2.13426e-05  -1.00897e-02
   2  w_CBO        2.32671e+00   2.90869e-01   4.55976e-05   5.34123e-03
   3  phi_CBO      5.40392e+00   3.36687e+00   3.51385e-03   5.78113e-05
 EXTERNAL ERROR MATRIX.    NDIM=  25    NPAR=  3    ERR DEF=1
  1.841e-03 -1.395e-03 -4.829e-01 
 -1.395e-03  9.844e-02  3.389e+01 
 -4.829e-01  3.389e+01  1.189e+04 
 PARAMETER  CORRELATION COEFFICIENTS  
       NO.  GLOBAL      1      2      3
        1  0.10372   1.000 -0.104 -0.103
        2  0.99066  -0.104  1.000  0.991
        3  0.99066  -0.103  0.991  1.000
setting A_CBO=0.002863 w_CBO=2.326713, phi_CBO=5.403916
done fitting cbo isolate
 **********
 **    1 **SET PRINTOUT            1
 **********
 **********
 **    2 **SET NOWARNINGS 
 **********
 PARAMETER DEFINITIONS:
    NO.   NAME         VALUE      STEP SIZE      LIMITS
     1 N0           2.93472e+06  1.00000e+02     no limits
     2 tau          6.44064e+01  constant
     3 A0           3.50200e-01  1.00000e-04     no limits
     4 phi          4.11726e+00  1.00000e-02     no limits
     5 R           -6.14263e+01  constant
     6 A_CBO        2.86318e-03  1.00000e-05     no limits
     7 w_CBO        2.32671e+00  1.00000e-03     no limits
     8 phi_CBO      5.40392e+00  1.00000e-04     no limits
     9 ANx2         5.09258e-04  constant
    10 pNx2         1.79030e-01  constant
    11 ANy1         0.00000e+00  constant
    12 pNy1         0.00000e+00  constant
    13 w_y          0.00000e+00  constant
    14 ANy2         8.95951e-03  1.00000e-04     no limits
    15 pNy2         6.17155e+00  constant
    16 w_vw         1.43200e+01  constant
    17 LM          -8.21731e-05  constant
    18 wCBO_expCoeff   2.00000e+02  1.00000e+00     no limits
    19 wCBO_expOffset   2.00000e+02  1.00000e+00     no limits
    20 wCBO_expT    3.00000e+01  1.00000e+00     no limits
    21 wCBO_linCoeff   0.00000e+00  constant
    22 wCBO_const   0.00000e+00  1.00000e-02     no limits
MINUIT - FIT ONLY WIGGLE
 **********
 **    3 **FIX            5
 **********
 PARAMETER    5  IS CONSTANT.   IGNORED.
 **********
 **    4 **FIX            6
 **********
 **********
 **    5 **FIX            7
 **********
 **********
 **    6 **FIX            8
 **********
 **********
 **    7 **FIX            9
 **********
 PARAMETER    9  IS CONSTANT.   IGNORED.
 **********
 **    8 **FIX           10
 **********
 PARAMETER   10  IS CONSTANT.   IGNORED.
 **********
 **    9 **FIX           11
 **********
 PARAMETER   11  IS CONSTANT.   IGNORED.
 **********
 **   10 **FIX           12
 **********
 PARAMETER   12  IS CONSTANT.   IGNORED.
 **********
 **   11 **FIX           13
 **********
 PARAMETER   13  IS CONSTANT.   IGNORED.
 **********
 **   12 **FIX           14
 **********
 **********
 **   13 **FIX           15
 **********
 PARAMETER   15  IS CONSTANT.   IGNORED.
 **********
 **   14 **FIX           16
 **********
 PARAMETER   16  IS CONSTANT.   IGNORED.
 **********
 **   15 **MIGRAD
 **********
 FIRST CALL TO USER FUNCTION AT NEW START POINT, WITH IFLAG=4.
 START MIGRAD MINIMIZATION.  STRATEGY  1.  CONVERGENCE WHEN EDM .LT. 1.00e-04
 FCN=913.709 FROM MIGRAD    STATUS=INITIATE       58 CALLS          59 TOTAL
                     EDM= unknown      STRATEGY= 1      NO ERROR MATRIX       
  EXT PARAMETER               CURRENT GUESS       STEP         FIRST   
  NO.   NAME      VALUE            ERROR          SIZE      DERIVATIVE 
   1  N0           2.93472e+06   1.00000e+02   0.00000e+00   2.79073e-04
   2  tau          6.44064e+01   constant   
   3  A0           3.50200e-01   1.00000e-04   0.00000e+00  -5.98963e+02
   4  phi          4.11726e+00   1.00000e-02   0.00000e+00   1.07115e+03
   5  R           -6.14263e+01   constant   
   6  A_CBO        2.86318e-03     fixed    
   7  w_CBO        2.32671e+00     fixed    
   8  phi_CBO      5.40392e+00     fixed    
   9  ANx2         5.09258e-04   constant   
  10  pNx2         1.79030e-01   constant   
  11  ANy1         0.00000e+00   constant   
  12  pNy1         0.00000e+00   constant   
  13  w_y          0.00000e+00   constant   
  14  ANy2         8.95951e-03     fixed    
  15  pNy2         6.17155e+00   constant   
  16  w_vw         1.43200e+01   constant   
  17  LM          -8.21731e-05   constant   
  18  wCBO_expCoeff   2.00054e+02   1.00000e+00   5.44308e-02  -8.49917e+01
  19  wCBO_expOffset   2.00000e+02   1.00000e+00   0.00000e+00  -5.66472e+02
  20  wCBO_expT    3.00000e+01   1.00000e+00   0.00000e+00  -2.64570e+03
  21  wCBO_linCoeff   0.00000e+00   constant   
  22  wCBO_const   0.00000e+00   1.00000e-02   0.00000e+00  -6.73471e+03
 MIGRAD MINIMIZATION HAS CONVERGED.
 FCN=910.273 FROM MIGRAD    STATUS=CONVERGED     190 CALLS         191 TOTAL
                     EDM=1.88885e-06    STRATEGY= 1  ERROR MATRIX UNCERTAINTY   1.4 per cent
  EXT PARAMETER                                   STEP         FIRST   
  NO.   NAME      VALUE            ERROR          SIZE      DERIVATIVE 
   1  N0           2.93478e+06   8.04149e+02  -2.11034e+00  -1.44837e-06
   2  tau          6.44064e+01   constant   
   3  A0           3.50267e-01   3.69823e-04  -8.44969e-07  -8.93758e-01
   4  phi          4.11657e+00   1.10527e-03  -1.32726e-06   8.20511e-01
   5  R           -6.14263e+01   constant   
   6  A_CBO        2.86318e-03     fixed    
   7  w_CBO        2.32671e+00     fixed    
   8  phi_CBO      5.40392e+00     fixed    
   9  ANx2         5.09258e-04   constant   
  10  pNx2         1.79030e-01   constant   
  11  ANy1         0.00000e+00   constant   
  12  pNy1         0.00000e+00   constant   
  13  w_y          0.00000e+00   constant   
  14  ANy2         8.95951e-03     fixed    
  15  pNy2         6.17155e+00   constant   
  16  w_vw         1.43200e+01   constant   
  17  LM          -8.21731e-05   constant   
  18  wCBO_expCoeff   2.00000e+02   3.49572e-02   2.13551e-04   5.12066e-02
  19  wCBO_expOffset   1.99992e+02   5.23601e-03   3.16585e-05   1.25946e+00
  20  wCBO_expT    3.00070e+01   4.55561e-03  -2.40739e-05   1.29819e+00
  21  wCBO_linCoeff   0.00000e+00   constant   
  22  wCBO_const  -5.03122e-04   7.04331e-04   2.63070e-07  -1.81931e+00
 EXTERNAL ERROR MATRIX.    NDIM=  25    NPAR=  7    ERR DEF=1
  6.467e+05  3.349e-03 -9.268e-03 -1.204e+00 -1.723e-01  1.566e-01 -5.508e-03 
  3.349e-03  1.368e-07  3.729e-09 -1.144e-06 -1.685e-07  1.539e-07 -2.339e-08 
 -9.268e-03  3.729e-09  1.222e-06  9.464e-07  1.507e-07 -1.927e-07  5.183e-08 
 -1.204e+00 -1.144e-06  9.464e-07  1.222e-03  1.775e-04 -1.569e-04  1.858e-05 
 -1.723e-01 -1.685e-07  1.507e-07  1.775e-04  2.742e-05 -2.352e-05  2.799e-06 
  1.566e-01  1.539e-07 -1.927e-07 -1.569e-04 -2.352e-05  2.075e-05 -2.616e-06 
 -5.508e-03 -2.339e-08  5.183e-08  1.858e-05  2.799e-06 -2.616e-06  4.961e-07 
 PARAMETER  CORRELATION COEFFICIENTS  
       NO.  GLOBAL      1      3      4     18     19     20     22
        1  0.07823   1.000  0.011 -0.010 -0.043 -0.041  0.043 -0.010
        3  0.09683   0.011  1.000  0.009 -0.089 -0.087  0.091 -0.090
        4  0.11918  -0.010  0.009  1.000  0.024  0.026 -0.038  0.067
       18  0.99086  -0.043 -0.089  0.024  1.000  0.970 -0.985  0.755
       19  0.99108  -0.041 -0.087  0.026  0.970  1.000 -0.986  0.759
       20  0.99740   0.043  0.091 -0.038 -0.985 -0.986  1.000 -0.815
       22  0.91345  -0.010 -0.090  0.067  0.755  0.759 -0.815  1.000
MINUIT - FIT ONLY 1-CBO + other amplitudes 
 **********
 **   16 **RES 
 **********
                   PARAMETER   14  ANy2 RESTORED TO VARIABLE.
                   PARAMETER    8  phi_CBO RESTORED TO VARIABLE.
                   PARAMETER    7  w_CBO RESTORED TO VARIABLE.
                   PARAMETER    6  A_CBO RESTORED TO VARIABLE.
 **********
 **   17 **FIX            0
 **********
 PARAMETER    0  IS UNDEFINED. IGNORED.
 **********
 **   18 **FIX            1
 **********
 **********
 **   19 **FIX            2
 **********
 PARAMETER    2  IS CONSTANT.   IGNORED.
 **********
 **   20 **FIX            3
 **********
 **********
 **   21 **FIX            4
 **********
 **********
 **   22 **FIX            9
 **********
 PARAMETER    9  IS CONSTANT.   IGNORED.
 **********
 **   23 **FIX           11
 **********
 PARAMETER   11  IS CONSTANT.   IGNORED.
 **********
 **   24 **FIX           12
 **********
 PARAMETER   12  IS CONSTANT.   IGNORED.
 **********
 **   25 **FIX           14
 **********
 **********
 **   26 **FIX           15
 **********
 PARAMETER   15  IS CONSTANT.   IGNORED.
 **********
 **   27 **FIX           16
 **********
 PARAMETER   16  IS CONSTANT.   IGNORED.
 **********
 **   28 **MIGRAD
 **********
 START MIGRAD MINIMIZATION.  STRATEGY  1.  CONVERGENCE WHEN EDM .LT. 1.00e-04
 FCN=910.273 FROM MIGRAD    STATUS=INITIATE       22 CALLS         213 TOTAL
                     EDM= unknown      STRATEGY= 1      NO ERROR MATRIX       
  EXT PARAMETER               CURRENT GUESS       STEP         FIRST   
  NO.   NAME      VALUE            ERROR          SIZE      DERIVATIVE 
   1  N0           2.93478e+06     fixed    
   2  tau          6.44064e+01   constant   
   3  A0           3.50267e-01     fixed    
   4  phi          4.11657e+00     fixed    
   5  R           -6.14263e+01   constant   
   6  A_CBO        2.86318e-03   1.00000e-05   1.00000e-05   2.68420e+04
   7  w_CBO        2.32671e+00   1.00000e-03   1.00000e-03   3.67663e+00
   8  phi_CBO      5.40392e+00   1.00000e-04   1.00000e-04  -3.43392e+00
   9  ANx2         5.09258e-04   constant   
  10  pNx2         1.79030e-01   constant   
  11  ANy1         0.00000e+00   constant   
  12  pNy1         0.00000e+00   constant   
  13  w_y          0.00000e+00   constant   
  14  ANy2         8.95951e-03     fixed    
  15  pNy2         6.17155e+00   constant   
  16  w_vw         1.43200e+01   constant   
  17  LM          -8.21731e-05   constant   
  18  wCBO_expCoeff   2.00000e+02   3.49572e-02   2.13551e-04   5.12066e-02
  19  wCBO_expOffset   1.99992e+02   5.23601e-03   3.16585e-05   1.25946e+00
  20  wCBO_expT    3.00070e+01   4.55561e-03  -2.40739e-05   1.29819e+00
  21  wCBO_linCoeff   0.00000e+00   constant   
  22  wCBO_const  -5.03122e-04   7.04331e-04   2.63070e-07  -1.81931e+00
 MIGRAD MINIMIZATION HAS CONVERGED.
 FCN=882.528 FROM MIGRAD    STATUS=CONVERGED     187 CALLS         378 TOTAL
                     EDM=3.39489e-08    STRATEGY= 1  ERROR MATRIX UNCERTAINTY   1.7 per cent
  EXT PARAMETER                                   STEP         FIRST   
  NO.   NAME      VALUE            ERROR          SIZE      DERIVATIVE 
   1  N0           2.93478e+06     fixed    
   2  tau          6.44064e+01   constant   
   3  A0           3.50267e-01     fixed    
   4  phi          4.11657e+00     fixed    
   5  R           -6.14263e+01   constant   
   6  A_CBO        8.70044e-04   3.84119e-04   4.87901e-07   5.01330e-01
   7  w_CBO        2.32648e+00   3.00783e-04  -1.31775e-07  -1.62696e+00
   8  phi_CBO      5.92504e+00   6.03580e-01   7.54249e-04  -7.17892e-05
   9  ANx2         5.09258e-04   constant   
  10  pNx2         1.79030e-01   constant   
  11  ANy1         0.00000e+00   constant   
  12  pNy1         0.00000e+00   constant   
  13  w_y          0.00000e+00   constant   
  14  ANy2         8.95951e-03     fixed    
  15  pNy2         6.17155e+00   constant   
  16  w_vw         1.43200e+01   constant   
  17  LM          -8.21731e-05   constant   
  18  wCBO_expCoeff   1.99978e+02   2.86069e-02  -1.12106e-05  -1.71745e-02
  19  wCBO_expOffset   1.99989e+02   4.25351e-03  -1.60764e-06  -2.74095e-01
  20  wCBO_expT    3.00116e+01   5.41215e-03   2.40002e-06  -3.92382e-01
  21  wCBO_linCoeff   0.00000e+00   constant   
  22  wCBO_const  -8.80302e-04   8.06432e-04  -9.44943e-07  -3.41741e-01
 EXTERNAL ERROR MATRIX.    NDIM=  25    NPAR=  7    ERR DEF=1
  1.475e-07  2.742e-09 -1.915e-06  2.232e-07  3.600e-08 -6.921e-08  2.500e-08 
  2.742e-09  9.047e-08 -5.771e-05  8.260e-06  1.228e-06 -1.595e-06  1.575e-07 
 -1.915e-06 -5.771e-05  3.643e-01 -5.586e-03 -8.250e-04  1.169e-03 -5.507e-05 
  2.232e-07  8.260e-06 -5.586e-03  8.184e-04  1.170e-04 -1.514e-04  1.445e-05 
  3.600e-08  1.228e-06 -8.250e-04  1.170e-04  1.809e-05 -2.251e-05  2.141e-06 
 -6.921e-08 -1.595e-06  1.169e-03 -1.514e-04 -2.251e-05  2.929e-05 -3.097e-06 
  2.500e-08  1.575e-07 -5.507e-05  1.445e-05  2.141e-06 -3.097e-06  6.503e-07 
 PARAMETER  CORRELATION COEFFICIENTS  
       NO.  GLOBAL      6      7      8     18     19     20     22
        6  0.09640   1.000  0.024 -0.008  0.020  0.022 -0.033  0.081
        7  0.98574   0.024  1.000 -0.318  0.960  0.959 -0.980  0.649
        8  0.65152  -0.008 -0.318  1.000 -0.324 -0.321  0.358 -0.113
       18  0.98621   0.020  0.960 -0.324  1.000  0.961 -0.978  0.627
       19  0.98617   0.022  0.959 -0.321  0.961  1.000 -0.978  0.624
       20  0.99761  -0.033 -0.980  0.358 -0.978 -0.978  1.000 -0.710
       22  0.90388   0.081  0.649 -0.113  0.627  0.624 -0.710  1.000
MINUIT - FIT ONLY 1-CBO
 **********
 **   29 **RES 
 **********
                   PARAMETER   14  ANy2 RESTORED TO VARIABLE.
                   PARAMETER    4  phi RESTORED TO VARIABLE.
                   PARAMETER    3  A0 RESTORED TO VARIABLE.
                   PARAMETER    1  N0 RESTORED TO VARIABLE.
 **********
 **   30 **FIX            0
 **********
 PARAMETER    0  IS UNDEFINED. IGNORED.
 **********
 **   31 **FIX            1
 **********
 **********
 **   32 **FIX            2
 **********
 PARAMETER    2  IS CONSTANT.   IGNORED.
 **********
 **   33 **FIX            3
 **********
 **********
 **   34 **FIX            4
 **********
 **********
 **   35 **FIX            8
 **********
 **********
 **   36 **FIX            9
 **********
 PARAMETER    9  IS CONSTANT.   IGNORED.
 **********
 **   37 **FIX           11
 **********
 PARAMETER   11  IS CONSTANT.   IGNORED.
 **********
 **   38 **FIX           12
 **********
 PARAMETER   12  IS CONSTANT.   IGNORED.
 **********
 **   39 **FIX           13
 **********
 PARAMETER   13  IS CONSTANT.   IGNORED.
 **********
 **   40 **FIX           15
 **********
 PARAMETER   15  IS CONSTANT.   IGNORED.
 **********
 **   41 **FIX           16
 **********
 PARAMETER   16  IS CONSTANT.   IGNORED.
 **********
 **   42 **MIGRAD
 **********
 START MIGRAD MINIMIZATION.  STRATEGY  1.  CONVERGENCE WHEN EDM .LT. 1.00e-04
 FCN=882.528 FROM MIGRAD    STATUS=INITIATE       16 CALLS         394 TOTAL
                     EDM= unknown      STRATEGY= 1      NO ERROR MATRIX       
  EXT PARAMETER               CURRENT GUESS       STEP         FIRST   
  NO.   NAME      VALUE            ERROR          SIZE      DERIVATIVE 
   1  N0           2.93478e+06     fixed    
   2  tau          6.44064e+01   constant   
   3  A0           3.50267e-01     fixed    
   4  phi          4.11657e+00     fixed    
   5  R           -6.14263e+01   constant   
   6  A_CBO        8.70044e-04   3.84119e-04   4.87901e-07   5.01329e-01
   7  w_CBO        2.32648e+00   3.00783e-04  -1.31775e-07  -1.62696e+00
   8  phi_CBO      5.92504e+00     fixed    
   9  ANx2         5.09258e-04   constant   
  10  pNx2         1.79030e-01   constant   
  11  ANy1         0.00000e+00   constant   
  12  pNy1         0.00000e+00   constant   
  13  w_y          0.00000e+00   constant   
  14  ANy2         8.95951e-03   1.00000e-04   1.00000e-04   1.15207e+05
  15  pNy2         6.17155e+00   constant   
  16  w_vw         1.43200e+01   constant   
  17  LM          -8.21731e-05   constant   
  18  wCBO_expCoeff   1.99978e+02   2.86069e-02  -1.12106e-05  -1.71745e-02
  19  wCBO_expOffset   1.99989e+02   4.25351e-03  -1.60764e-06  -2.74095e-01
  20  wCBO_expT    3.00116e+01   5.41215e-03   2.40002e-06  -3.92382e-01
  21  wCBO_linCoeff   0.00000e+00   constant   
  22  wCBO_const  -8.80302e-04   8.06432e-04  -9.44943e-07  -3.41740e-01
 MIGRAD MINIMIZATION HAS CONVERGED.
 MIGRAD WILL VERIFY CONVERGENCE AND ERROR MATRIX.
 COVARIANCE MATRIX CALCULATED SUCCESSFULLY
 FCN=373.473 FROM MIGRAD    STATUS=CONVERGED     285 CALLS         663 TOTAL
                     EDM=1.79324e-07    STRATEGY= 1      ERROR MATRIX ACCURATE 
  EXT PARAMETER                                   STEP         FIRST   
  NO.   NAME      VALUE            ERROR          SIZE      DERIVATIVE 
   1  N0           2.93478e+06     fixed    
   2  tau          6.44064e+01   constant   
   3  A0           3.50267e-01     fixed    
   4  phi          4.11657e+00     fixed    
   5  R           -6.14263e+01   constant   
   6  A_CBO       -1.21247e-04   4.50935e-04   3.73932e-06   3.53800e-01
   7  w_CBO        2.32729e+00   8.66635e-03   1.16343e-06  -2.68494e-01
   8  phi_CBO      5.92504e+00     fixed    
   9  ANx2         5.09258e-04   constant   
  10  pNx2         1.79030e-01   constant   
  11  ANy1         0.00000e+00   constant   
  12  pNy1         0.00000e+00   constant   
  13  w_y          0.00000e+00   constant   
  14  ANy2         8.40239e-05   3.91012e-04   3.68630e-06   8.08112e-01
  15  pNy2         6.17155e+00   constant   
  16  w_vw         1.43200e+01   constant   
  17  LM          -8.21731e-05   constant   
  18  wCBO_expCoeff   2.00056e+02   8.25787e-01   1.06301e-04  -1.83193e-03
  19  wCBO_expOffset   2.00000e+02   4.71751e-02   9.53677e-05  -1.21995e-02
  20  wCBO_expT    2.99964e+01   9.02817e-03   1.43034e-05  -6.92803e-03
  21  wCBO_linCoeff   0.00000e+00   constant   
  22  wCBO_const  -1.14307e-04   3.96649e-03   5.82023e-06  -2.56278e-01
 EXTERNAL ERROR MATRIX.    NDIM=  25    NPAR=  7    ERR DEF=1
  2.033e-07 -6.317e-09  8.968e-09 -2.627e-05  2.495e-06  6.015e-07  1.135e-07 
 -6.317e-09  7.511e-05  2.731e-09 -6.353e-03 -1.302e-05 -1.132e-06 -3.214e-05 
  8.968e-09  2.731e-09  1.529e-07 -7.768e-07  2.633e-07 -9.524e-08  2.255e-08 
 -2.627e-05 -6.353e-03 -7.768e-07  6.819e-01 -1.585e-02 -2.053e-03  2.940e-03 
  2.495e-06 -1.302e-05  2.633e-07 -1.585e-02  2.225e-03  1.453e-04 -8.242e-06 
  6.015e-07 -1.132e-06 -9.524e-08 -2.053e-03  1.453e-04  8.151e-05 -9.123e-06 
  1.135e-07 -3.214e-05  2.255e-08  2.940e-03 -8.242e-06 -9.123e-06  1.573e-05 
 PARAMETER  CORRELATION COEFFICIENTS  
       NO.  GLOBAL      6      7     14     18     19     20     22
        6  0.47930   1.000 -0.002  0.051 -0.071  0.117  0.148  0.063
        7  0.99990  -0.002  1.000  0.001 -0.888 -0.032 -0.014 -0.935
       14  0.06709   0.051  0.001  1.000 -0.002  0.014 -0.027  0.015
       18  0.99991  -0.071 -0.888 -0.002  1.000 -0.407 -0.275  0.898
       19  0.99936   0.117 -0.032  0.014 -0.407  1.000  0.341 -0.044
       20  0.99701   0.148 -0.014 -0.027 -0.275  0.341  1.000 -0.255
       22  0.98787   0.063 -0.935  0.015  0.898 -0.044 -0.255  1.000
MINUIT - FIT ONLY 2-CBO
 **********
 **   43 **RES 
 **********
                   PARAMETER    8  phi_CBO RESTORED TO VARIABLE.
                   PARAMETER    4  phi RESTORED TO VARIABLE.
                   PARAMETER    3  A0 RESTORED TO VARIABLE.
                   PARAMETER    1  N0 RESTORED TO VARIABLE.
 **********
 **   44 **FIX            0
 **********
 PARAMETER    0  IS UNDEFINED. IGNORED.
 **********
 **   45 **FIX            1
 **********
 **********
 **   46 **FIX            2
 **********
 PARAMETER    2  IS CONSTANT.   IGNORED.
 **********
 **   47 **FIX            3
 **********
 **********
 **   48 **FIX            4
 **********
 **********
 **   49 **FIX            5
 **********
 PARAMETER    5  IS CONSTANT.   IGNORED.
 **********
 **   50 **FIX            6
 **********
 **********
 **   51 **FIX            7
 **********
 **********
 **   52 **FIX           10
 **********
 PARAMETER   10  IS CONSTANT.   IGNORED.
 **********
 **   53 **FIX           11
 **********
 PARAMETER   11  IS CONSTANT.   IGNORED.
 **********
 **   54 **FIX           12
 **********
 PARAMETER   12  IS CONSTANT.   IGNORED.
 **********
 **   55 **FIX           13
 **********
 PARAMETER   13  IS CONSTANT.   IGNORED.
 **********
 **   56 **FIX           14
 **********
 **********
 **   57 **FIX           15
 **********
 PARAMETER   15  IS CONSTANT.   IGNORED.
 **********
 **   58 **FIX           16
 **********
 PARAMETER   16  IS CONSTANT.   IGNORED.
 **********
 **   59 **MIGRAD
 **********
 START MIGRAD MINIMIZATION.  STRATEGY  1.  CONVERGENCE WHEN EDM .LT. 1.00e-04
 FCN=373.473 FROM MIGRAD    STATUS=INITIATE       12 CALLS         675 TOTAL
                     EDM= unknown      STRATEGY= 1      NO ERROR MATRIX       
  EXT PARAMETER               CURRENT GUESS       STEP         FIRST   
  NO.   NAME      VALUE            ERROR          SIZE      DERIVATIVE 
   1  N0           2.93478e+06     fixed    
   2  tau          6.44064e+01   constant   
   3  A0           3.50267e-01     fixed    
   4  phi          4.11657e+00     fixed    
   5  R           -6.14263e+01   constant   
   6  A_CBO       -1.21247e-04     fixed    
   7  w_CBO        2.32729e+00     fixed    
   8  phi_CBO      5.92504e+00   6.03580e-01   6.03580e-01  -4.70730e-01
   9  ANx2         5.09258e-04   constant   
  10  pNx2         1.79030e-01   constant   
  11  ANy1         0.00000e+00   constant   
  12  pNy1         0.00000e+00   constant   
  13  w_y          0.00000e+00   constant   
  14  ANy2         8.40239e-05     fixed    
  15  pNy2         6.17155e+00   constant   
  16  w_vw         1.43200e+01   constant   
  17  LM          -8.21731e-05   constant   
  18  wCBO_expCoeff   2.00056e+02   8.25787e-01   1.06301e-04  -1.81911e-03
  19  wCBO_expOffset   2.00000e+02   4.71751e-02   9.53677e-05  -8.23882e-03
  20  wCBO_expT    2.99964e+01   9.02817e-03   1.43034e-05  -3.45710e-02
  21  wCBO_linCoeff   0.00000e+00   constant   
  22  wCBO_const  -1.14307e-04   3.96649e-03   5.82023e-06  -2.56862e-01
 MIGRAD MINIMIZATION HAS CONVERGED.
 MIGRAD WILL VERIFY CONVERGENCE AND ERROR MATRIX.
 COVARIANCE MATRIX CALCULATED SUCCESSFULLY
 FCN=373.127 FROM MIGRAD    STATUS=CONVERGED     122 CALLS         785 TOTAL
                     EDM=1.51576e-06    STRATEGY= 1      ERROR MATRIX ACCURATE 
  EXT PARAMETER                                   STEP         FIRST   
  NO.   NAME      VALUE            ERROR          SIZE      DERIVATIVE 
   1  N0           2.93478e+06     fixed    
   2  tau          6.44064e+01   constant   
   3  A0           3.50267e-01     fixed    
   4  phi          4.11657e+00     fixed    
   5  R           -6.14263e+01   constant   
   6  A_CBO       -1.21247e-04     fixed    
   7  w_CBO        2.32729e+00     fixed    
   8  phi_CBO      7.22041e+00   2.06169e+00   1.85857e-02  -4.92978e-04
   9  ANx2         5.09258e-04   constant   
  10  pNx2         1.79030e-01   constant   
  11  ANy1         0.00000e+00   constant   
  12  pNy1         0.00000e+00   constant   
  13  w_y          0.00000e+00   constant   
  14  ANy2         8.40239e-05     fixed    
  15  pNy2         6.17155e+00   constant   
  16  w_vw         1.43200e+01   constant   
  17  LM          -8.21731e-05   constant   
  18  wCBO_expCoeff   2.00044e+02   2.45614e-01   1.10107e-04   8.05069e-02
  19  wCBO_expOffset   1.99999e+02   2.88495e-02   9.53668e-05   5.32950e-01
  20  wCBO_expT    2.99981e+01   8.66703e-03   1.43042e-05   1.52424e+00
  21  wCBO_linCoeff   0.00000e+00   constant   
  22  wCBO_const  -2.49688e-04   1.24836e-03   5.62238e-06   2.03992e+00
 EXTERNAL ERROR MATRIX.    NDIM=  25    NPAR=  5    ERR DEF=1
  4.251e+00 -6.004e-02  2.300e-03  2.978e-03  2.733e-05 
 -6.004e-02  6.033e-02 -6.118e-03 -1.345e-03  1.407e-04 
  2.300e-03 -6.118e-03  8.323e-04  3.975e-05 -3.833e-06 
  2.978e-03 -1.345e-03  3.975e-05  7.512e-05 -8.495e-06 
  2.733e-05  1.407e-04 -3.833e-06 -8.495e-06  1.558e-06 
 PARAMETER  CORRELATION COEFFICIENTS  
       NO.  GLOBAL      8     18     19     20     22
        8  0.29905   1.000 -0.119  0.039  0.167  0.011
       18  0.99887  -0.119  1.000 -0.863 -0.632  0.459
       19  0.99815   0.039 -0.863  1.000  0.159 -0.106
       20  0.99641   0.167 -0.632  0.159  1.000 -0.785
       22  0.87908   0.011  0.459 -0.106 -0.785  1.000
MINUIT - FIT ONLY 1-y
 **********
 **   60 **RES 
 **********
                   PARAMETER   14  ANy2 RESTORED TO VARIABLE.
                   PARAMETER    7  w_CBO RESTORED TO VARIABLE.
                   PARAMETER    6  A_CBO RESTORED TO VARIABLE.
                   PARAMETER    4  phi RESTORED TO VARIABLE.
                   PARAMETER    3  A0 RESTORED TO VARIABLE.
                   PARAMETER    1  N0 RESTORED TO VARIABLE.
 **********
 **   61 **FIX            0
 **********
 PARAMETER    0  IS UNDEFINED. IGNORED.
 **********
 **   62 **FIX            1
 **********
 **********
 **   63 **FIX            2
 **********
 PARAMETER    2  IS CONSTANT.   IGNORED.
 **********
 **   64 **FIX            3
 **********
 **********
 **   65 **FIX            4
 **********
 **********
 **   66 **FIX            5
 **********
 PARAMETER    5  IS CONSTANT.   IGNORED.
 **********
 **   67 **FIX            6
 **********
 **********
 **   68 **FIX            7
 **********
 **********
 **   69 **FIX            8
 **********
 **********
 **   70 **FIX            9
 **********
 PARAMETER    9  IS CONSTANT.   IGNORED.
 **********
 **   71 **FIX           13
 **********
 PARAMETER   13  IS CONSTANT.   IGNORED.
 **********
 **   72 **FIX           14
 **********
 **********
 **   73 **FIX           15
 **********
 PARAMETER   15  IS CONSTANT.   IGNORED.
 **********
 **   74 **FIX           16
 **********
 PARAMETER   16  IS CONSTANT.   IGNORED.
 **********
 **   75 **MIGRAD
 **********
 START MIGRAD MINIMIZATION.  STRATEGY  1.  CONVERGENCE WHEN EDM .LT. 1.00e-04
 FCN=373.127 FROM MIGRAD    STATUS=INITIATE        8 CALLS         793 TOTAL
                     EDM= unknown      STRATEGY= 1      NO ERROR MATRIX       
  EXT PARAMETER               CURRENT GUESS       STEP         FIRST   
  NO.   NAME      VALUE            ERROR          SIZE      DERIVATIVE 
   1  N0           2.93478e+06     fixed    
   2  tau          6.44064e+01   constant   
   3  A0           3.50267e-01     fixed    
   4  phi          4.11657e+00     fixed    
   5  R           -6.14263e+01   constant   
   6  A_CBO       -1.21247e-04     fixed    
   7  w_CBO        2.32729e+00     fixed    
   8  phi_CBO      7.22041e+00     fixed    
   9  ANx2         5.09258e-04   constant   
  10  pNx2         1.79030e-01   constant   
  11  ANy1         0.00000e+00   constant   
  12  pNy1         0.00000e+00   constant   
  13  w_y          0.00000e+00   constant   
  14  ANy2         8.40239e-05     fixed    
  15  pNy2         6.17155e+00   constant   
  16  w_vw         1.43200e+01   constant   
  17  LM          -8.21731e-05   constant   
  18  wCBO_expCoeff   2.00044e+02   2.45614e-01   1.10107e-04   8.04477e-02
  19  wCBO_expOffset   1.99999e+02   2.88495e-02   9.53668e-05   5.20981e-01
  20  wCBO_expT    2.99981e+01   8.66703e-03   1.43042e-05   1.49814e+00
  21  wCBO_linCoeff   0.00000e+00   constant   
  22  wCBO_const  -2.49688e-04   1.24836e-03   5.62238e-06   2.03608e+00
 MIGRAD MINIMIZATION HAS CONVERGED.
 MIGRAD WILL VERIFY CONVERGENCE AND ERROR MATRIX.
 COVARIANCE MATRIX CALCULATED SUCCESSFULLY
 FCN=373.127 FROM MIGRAD    STATUS=CONVERGED      45 CALLS         830 TOTAL
                     EDM=7.80954e-07    STRATEGY= 1      ERROR MATRIX ACCURATE 
  EXT PARAMETER                                   STEP         FIRST   
  NO.   NAME      VALUE            ERROR          SIZE      DERIVATIVE 
   1  N0           2.93478e+06     fixed    
   2  tau          6.44064e+01   constant   
   3  A0           3.50267e-01     fixed    
   4  phi          4.11657e+00     fixed    
   5  R           -6.14263e+01   constant   
   6  A_CBO       -1.21247e-04     fixed    
   7  w_CBO        2.32729e+00     fixed    
   8  phi_CBO      7.22041e+00     fixed    
   9  ANx2         5.09258e-04   constant   
  10  pNx2         1.79030e-01   constant   
  11  ANy1         0.00000e+00   constant   
  12  pNy1         0.00000e+00   constant   
  13  w_y          0.00000e+00   constant   
  14  ANy2         8.40239e-05     fixed    
  15  pNy2         6.17155e+00   constant   
  16  w_vw         1.43200e+01   constant   
  17  LM          -8.21731e-05   constant   
  18  wCBO_expCoeff   2.00044e+02   2.45843e-01   1.10320e-04  -1.41136e-02
  19  wCBO_expOffset   1.99999e+02   2.90906e-02   9.53668e-05  -9.41849e-02
  20  wCBO_expT    2.99981e+01   8.56246e-03   1.43042e-05  -1.44325e-02
  21  wCBO_linCoeff   0.00000e+00   constant   
  22  wCBO_const  -2.49796e-04   1.24974e-03   5.62009e-06   4.70877e-01
 EXTERNAL ERROR MATRIX.    NDIM=  25    NPAR=  4    ERR DEF=1
  6.044e-02 -6.203e-03 -1.315e-03  1.424e-04 
 -6.203e-03  8.463e-04  3.930e-05 -3.968e-06 
 -1.315e-03  3.930e-05  7.332e-05 -8.546e-06 
  1.424e-04 -3.968e-06 -8.546e-06  1.562e-06 
 PARAMETER  CORRELATION COEFFICIENTS  
       NO.  GLOBAL     18     19     20     22
       18  0.99887   1.000 -0.867 -0.625  0.463
       19  0.99818  -0.867  1.000  0.158 -0.109
       20  0.99633  -0.625  0.158  1.000 -0.799
       22  0.87937   0.463 -0.109 -0.799  1.000
MINUIT - FIT ONLY 2-y
 **********
 **   76 **RES 
 **********
                   PARAMETER   14  ANy2 RESTORED TO VARIABLE.
                   PARAMETER    8  phi_CBO RESTORED TO VARIABLE.
                   PARAMETER    7  w_CBO RESTORED TO VARIABLE.
                   PARAMETER    6  A_CBO RESTORED TO VARIABLE.
                   PARAMETER    4  phi RESTORED TO VARIABLE.
                   PARAMETER    3  A0 RESTORED TO VARIABLE.
                   PARAMETER    1  N0 RESTORED TO VARIABLE.
 **********
 **   77 **FIX            0
 **********
 PARAMETER    0  IS UNDEFINED. IGNORED.
 **********
 **   78 **FIX            1
 **********
 **********
 **   79 **FIX            2
 **********
 PARAMETER    2  IS CONSTANT.   IGNORED.
 **********
 **   80 **FIX            3
 **********
 **********
 **   81 **FIX            4
 **********
 **********
 **   82 **FIX            5
 **********
 PARAMETER    5  IS CONSTANT.   IGNORED.
 **********
 **   83 **FIX            6
 **********
 **********
 **   84 **FIX            7
 **********
 **********
 **   85 **FIX            8
 **********
 **********
 **   86 **FIX            9
 **********
 PARAMETER    9  IS CONSTANT.   IGNORED.
 **********
 **   87 **FIX           10
 **********
 PARAMETER   10  IS CONSTANT.   IGNORED.
 **********
 **   88 **FIX           11
 **********
 PARAMETER   11  IS CONSTANT.   IGNORED.
 **********
 **   89 **FIX           12
 **********
 PARAMETER   12  IS CONSTANT.   IGNORED.
 **********
 **   90 **FIX           16
 **********
 PARAMETER   16  IS CONSTANT.   IGNORED.
 **********
 **   91 **MIGRAD
 **********
 START MIGRAD MINIMIZATION.  STRATEGY  1.  CONVERGENCE WHEN EDM .LT. 1.00e-04
 FCN=373.127 FROM MIGRAD    STATUS=INITIATE       10 CALLS         840 TOTAL
                     EDM= unknown      STRATEGY= 1      NO ERROR MATRIX       
  EXT PARAMETER               CURRENT GUESS       STEP         FIRST   
  NO.   NAME      VALUE            ERROR          SIZE      DERIVATIVE 
   1  N0           2.93478e+06     fixed    
   2  tau          6.44064e+01   constant   
   3  A0           3.50267e-01     fixed    
   4  phi          4.11657e+00     fixed    
   5  R           -6.14263e+01   constant   
   6  A_CBO       -1.21247e-04     fixed    
   7  w_CBO        2.32729e+00     fixed    
   8  phi_CBO      7.22041e+00     fixed    
   9  ANx2         5.09258e-04   constant   
  10  pNx2         1.79030e-01   constant   
  11  ANy1         0.00000e+00   constant   
  12  pNy1         0.00000e+00   constant   
  13  w_y          0.00000e+00   constant   
  14  ANy2         8.40239e-05   3.91012e-04   3.91012e-04  -1.03003e+02
  15  pNy2         6.17155e+00   constant   
  16  w_vw         1.43200e+01   constant   
  17  LM          -8.21731e-05   constant   
  18  wCBO_expCoeff   2.00044e+02   2.45843e-01   1.10320e-04  -1.41706e-02
  19  wCBO_expOffset   1.99999e+02   2.90906e-02   9.53668e-05  -1.09416e-01
  20  wCBO_expT    2.99981e+01   8.56246e-03   1.43042e-05  -4.87173e-02
  21  wCBO_linCoeff   0.00000e+00   constant   
  22  wCBO_const  -2.49796e-04   1.24974e-03   5.62009e-06   4.67048e-01
 MIGRAD MINIMIZATION HAS CONVERGED.
 MIGRAD WILL VERIFY CONVERGENCE AND ERROR MATRIX.
 COVARIANCE MATRIX CALCULATED SUCCESSFULLY
 FCN=373.127 FROM MIGRAD    STATUS=CONVERGED      56 CALLS         886 TOTAL
                     EDM=2.27773e-06    STRATEGY= 1      ERROR MATRIX ACCURATE 
  EXT PARAMETER                                   STEP         FIRST   
  NO.   NAME      VALUE            ERROR          SIZE      DERIVATIVE 
   1  N0           2.93478e+06     fixed    
   2  tau          6.44064e+01   constant   
   3  A0           3.50267e-01     fixed    
   4  phi          4.11657e+00     fixed    
   5  R           -6.14263e+01   constant   
   6  A_CBO       -1.21247e-04     fixed    
   7  w_CBO        2.32729e+00     fixed    
   8  phi_CBO      7.22041e+00     fixed    
   9  ANx2         5.09258e-04   constant   
  10  pNx2         1.79030e-01   constant   
  11  ANy1         0.00000e+00   constant   
  12  pNy1         0.00000e+00   constant   
  13  w_y          0.00000e+00   constant   
  14  ANy2         9.18625e-05   3.90266e-04   3.68459e-06   9.40273e-03
  15  pNy2         6.17155e+00   constant   
  16  w_vw         1.43200e+01   constant   
  17  LM          -8.21731e-05   constant   
  18  wCBO_expCoeff   2.00044e+02   2.45242e-01   1.10318e-04   2.37807e-02
  19  wCBO_expOffset   1.99999e+02   2.90036e-02   9.53668e-05   1.58515e-01
  20  wCBO_expT    2.99981e+01   8.56674e-03   1.43042e-05   5.93823e-01
  21  wCBO_linCoeff   0.00000e+00   constant   
  22  wCBO_const  -2.49879e-04   1.24990e-03   5.61992e-06   5.27073e-02
 EXTERNAL ERROR MATRIX.    NDIM=  25    NPAR=  5    ERR DEF=1
  1.523e-07  5.726e-07  6.097e-08 -7.251e-08  1.169e-08 
  5.726e-07  6.014e-02 -6.164e-03 -1.313e-03  1.422e-04 
  6.097e-08 -6.164e-03  8.412e-04  3.887e-05 -3.922e-06 
 -7.251e-08 -1.313e-03  3.887e-05  7.339e-05 -8.554e-06 
  1.169e-08  1.422e-04 -3.922e-06 -8.554e-06  1.562e-06 
 PARAMETER  CORRELATION COEFFICIENTS  
       NO.  GLOBAL     14     18     19     20     22
       14  0.02636   1.000  0.006  0.005 -0.022  0.024
       18  0.99886   0.006  1.000 -0.867 -0.625  0.464
       19  0.99817   0.005 -0.867  1.000  0.156 -0.108
       20  0.99633  -0.022 -0.625  0.156  1.000 -0.799
       22  0.87944   0.024  0.464 -0.108 -0.799  1.000
MINUIT - FIT ALTOGETHER
 **********
 **   92 **RES 
 **********
                   PARAMETER    8  phi_CBO RESTORED TO VARIABLE.
                   PARAMETER    7  w_CBO RESTORED TO VARIABLE.
                   PARAMETER    6  A_CBO RESTORED TO VARIABLE.
                   PARAMETER    4  phi RESTORED TO VARIABLE.
                   PARAMETER    3  A0 RESTORED TO VARIABLE.
                   PARAMETER    1  N0 RESTORED TO VARIABLE.
 **********
 **   93 **MIGRAD
 **********
 START MIGRAD MINIMIZATION.  STRATEGY  1.  CONVERGENCE WHEN EDM .LT. 1.00e-04
 FCN=373.127 FROM MIGRAD    STATUS=INITIATE       22 CALLS         908 TOTAL
                     EDM= unknown      STRATEGY= 1      NO ERROR MATRIX       
  EXT PARAMETER               CURRENT GUESS       STEP         FIRST   
  NO.   NAME      VALUE            ERROR          SIZE      DERIVATIVE 
   1  N0           2.93478e+06   8.04149e+02   8.04149e+02  -2.54917e-04
   2  tau          6.44064e+01   constant   
   3  A0           3.50267e-01   3.69823e-04   3.69823e-04  -6.02563e+02
   4  phi          4.11657e+00   1.10527e-03   1.10527e-03   2.28514e+02
   5  R           -6.14263e+01   constant   
   6  A_CBO       -1.21247e-04   4.50935e-04   4.50935e-04   2.71248e+03
   7  w_CBO        2.32729e+00   8.66635e-03   8.66635e-03   2.05742e+00
   8  phi_CBO      7.22041e+00   2.06169e+00   2.06169e+00  -1.19800e-03
   9  ANx2         5.09258e-04   constant   
  10  pNx2         1.79030e-01   constant   
  11  ANy1         0.00000e+00   constant   
  12  pNy1         0.00000e+00   constant   
  13  w_y          0.00000e+00   constant   
  14  ANy2         9.18625e-05   3.90266e-04   3.68459e-06   9.40204e-03
  15  pNy2         6.17155e+00   constant   
  16  w_vw         1.43200e+01   constant   
  17  LM          -8.21731e-05   constant   
  18  wCBO_expCoeff   2.00044e+02   2.45242e-01   1.10318e-04   2.37230e-02
  19  wCBO_expOffset   1.99999e+02   2.90036e-02   9.53668e-05   1.43096e-01
  20  wCBO_expT    2.99981e+01   8.56674e-03   1.43042e-05   5.67835e-01
  21  wCBO_linCoeff   0.00000e+00   constant   
  22  wCBO_const  -2.49879e-04   1.24990e-03   5.61992e-06   5.20780e-02
 MIGRAD MINIMIZATION HAS CONVERGED.
 FCN=372.794 FROM MIGRAD    STATUS=CONVERGED     219 CALLS        1105 TOTAL
                     EDM=6.67776e-08    STRATEGY= 1  ERROR MATRIX UNCERTAINTY   1.9 per cent
  EXT PARAMETER                                   STEP         FIRST   
  NO.   NAME      VALUE            ERROR          SIZE      DERIVATIVE 
   1  N0           2.93489e+06   8.13205e+02   1.13181e-01  -7.64126e-08
   2  tau          6.44064e+01   constant   
   3  A0           3.50301e-01   3.75711e-04  -9.99245e-08  -3.66767e-01
