 + ++++++++++++++++++++++++++++++++++++++++++++++++++++++++++++++++++++ +
 +                                                                      +
 +           You have chose to blind your fitting according to          +
 +                omega_ref * (1 + (R +/- deltaR) *10^{-6})             +
 +                                                                      +
 + ++++++++++++++++++++++++++++++++++++++++++++++++++++++++++++++++++++ +
In main()...
reading format from /gm2data/zkhechad/run45/envelope/formats/formatB_sBin_constraintOn.txt
pBinTau 	= 0  
pBinPhi 	= 0  
constraintau 	= 1 
includeMopTerm 	= 0    
constrainMop    = 0   
Parameters after format file: pBinTau 0 pBinPhi 0 constraintau 1 includeMopTerm 0 constrainMop 0 c_e_scale 0.000000 
reading cbo reference file (full fit) from /gm2data/zkhechad/cboTemplates/Run4CBOTemplates/fullFits/run4/sBin_constraintOn_cE0.0_seed0_run4_calo9.root
A_CBO 0.010173 w_CBO 2.326319 phi_CBO 6.016081 N0 2790757.947661 R -60.043540 tau 64.405209 
Reading cboRef file /gm2data/zkhechad/cboTemplates/Run4CBOTemplates//cboIsolate/run4_calo9.root
deltaT 164.120000
windowBins = 1100
fitting sliding window 1620 from bin 1823 at 271.991600 to bin 2923 at 436.111600 (1100 bins)

Reading data from /gm2data/cornell/histograms/aMethod/histogram_a_run4.root
fitting cbo isolate
 **********
 **    1 **SET PRINTOUT            1
 **********
 **********
 **    2 **SET NOWARNINGS 
 **********
 PARAMETER DEFINITIONS:
    NO.   NAME         VALUE      STEP SIZE      LIMITS
     1 A_CBO        1.01731e-02  1.00000e-05     no limits
     2 w_CBO        2.32632e+00  1.00000e-02    2.00000e+00  3.00000e+00
     3 phi_CBO      6.01608e+00  1.00000e-02    0.00000e+00  6.28319e+00
 **********
 **    3 **MIGRAD
 **********
 FIRST CALL TO USER FUNCTION AT NEW START POINT, WITH IFLAG=4.
 START MIGRAD MINIMIZATION.  STRATEGY  1.  CONVERGENCE WHEN EDM .LT. 1.00e-04
 FCN=0.0756309 FROM MIGRAD    STATUS=INITIATE       12 CALLS          13 TOTAL
                     EDM= unknown      STRATEGY= 1      NO ERROR MATRIX       
  EXT PARAMETER               CURRENT GUESS       STEP         FIRST   
  NO.   NAME      VALUE            ERROR          SIZE      DERIVATIVE 
   1  A_CBO        1.01731e-02   1.00000e-05   1.00000e-05   8.10778e+00
   2  w_CBO        2.32632e+00   1.00000e-02   2.13304e-02  -1.14846e-01
   3  phi_CBO      6.01608e+00   1.00000e-02   7.88999e-03   5.86182e-04
 MIGRAD MINIMIZATION HAS CONVERGED.
 MIGRAD WILL VERIFY CONVERGENCE AND ERROR MATRIX.
 COVARIANCE MATRIX CALCULATED SUCCESSFULLY
 FCN=0.0457055 FROM MIGRAD    STATUS=CONVERGED      41 CALLS          42 TOTAL
                     EDM=8.77631e-06    STRATEGY= 1      ERROR MATRIX ACCURATE 
  EXT PARAMETER                                   STEP         FIRST   
  NO.   NAME      VALUE            ERROR          SIZE      DERIVATIVE 
   1  A_CBO        2.79172e-03   4.26727e-02   2.13046e-05  -4.60975e-04
   2  w_CBO        2.32638e+00   1.75906e-01   4.57765e-05   1.32808e-02
   3  phi_CBO      6.00082e+00   4.19568e+00   5.77433e-03  -1.84886e-04
 EXTERNAL ERROR MATRIX.    NDIM=  25    NPAR=  3    ERR DEF=1
  1.821e-03 -3.397e-05 -2.063e-03 
 -3.397e-05  3.251e-02  1.106e+01 
 -2.063e-03  1.106e+01  3.987e+03 
 PARAMETER  CORRELATION COEFFICIENTS  
       NO.  GLOBAL      1      2      3
        1  0.01542   1.000 -0.004 -0.001
        2  0.97117  -0.004  1.000  0.971
        3  0.97117  -0.001  0.971  1.000
setting A_CBO=0.002792 w_CBO=2.326381, phi_CBO=6.000819
done fitting cbo isolate
 **********
 **    1 **SET PRINTOUT            1
 **********
 **********
 **    2 **SET NOWARNINGS 
 **********
 PARAMETER DEFINITIONS:
    NO.   NAME         VALUE      STEP SIZE      LIMITS
     1 N0           2.79076e+06  1.00000e+02     no limits
     2 tau          6.44052e+01  constant
     3 A0           3.51393e-01  1.00000e-04     no limits
     4 phi          4.11695e+00  1.00000e-02     no limits
     5 R           -6.00435e+01  constant
     6 A_CBO        2.79172e-03  1.00000e-05     no limits
     7 w_CBO        2.32638e+00  1.00000e-03     no limits
     8 phi_CBO      6.00082e+00  1.00000e-04     no limits
     9 ANx2         5.96878e-04  constant
    10 pNx2         1.09681e+00  constant
    11 ANy1         0.00000e+00  constant
    12 pNy1         0.00000e+00  constant
    13 w_y          0.00000e+00  constant
    14 ANy2         1.07160e-02  1.00000e-04     no limits
    15 pNy2         5.64757e+00  constant
    16 w_vw         1.43013e+01  constant
    17 LM          -2.80163e-05  constant
    18 wCBO_expCoeff   2.00000e+02  1.00000e+00     no limits
    19 wCBO_expOffset   2.00000e+02  1.00000e+00     no limits
    20 wCBO_expT    3.00000e+01  1.00000e+00     no limits
    21 wCBO_linCoeff   0.00000e+00  constant
    22 wCBO_const   0.00000e+00  1.00000e-02     no limits
MINUIT - FIT ONLY WIGGLE
 **********
 **    3 **FIX            5
 **********
 PARAMETER    5  IS CONSTANT.   IGNORED.
 **********
 **    4 **FIX            6
 **********
 **********
 **    5 **FIX            7
 **********
 **********
 **    6 **FIX            8
 **********
 **********
 **    7 **FIX            9
 **********
 PARAMETER    9  IS CONSTANT.   IGNORED.
 **********
 **    8 **FIX           10
 **********
 PARAMETER   10  IS CONSTANT.   IGNORED.
 **********
 **    9 **FIX           11
 **********
 PARAMETER   11  IS CONSTANT.   IGNORED.
 **********
 **   10 **FIX           12
 **********
 PARAMETER   12  IS CONSTANT.   IGNORED.
 **********
 **   11 **FIX           13
 **********
 PARAMETER   13  IS CONSTANT.   IGNORED.
 **********
 **   12 **FIX           14
 **********
 **********
 **   13 **FIX           15
 **********
 PARAMETER   15  IS CONSTANT.   IGNORED.
 **********
 **   14 **FIX           16
 **********
 PARAMETER   16  IS CONSTANT.   IGNORED.
 **********
 **   15 **MIGRAD
 **********
 FIRST CALL TO USER FUNCTION AT NEW START POINT, WITH IFLAG=4.
 START MIGRAD MINIMIZATION.  STRATEGY  1.  CONVERGENCE WHEN EDM .LT. 1.00e-04
 FCN=1066.08 FROM MIGRAD    STATUS=INITIATE       34 CALLS          35 TOTAL
                     EDM= unknown      STRATEGY= 1      NO ERROR MATRIX       
  EXT PARAMETER               CURRENT GUESS       STEP         FIRST   
  NO.   NAME      VALUE            ERROR          SIZE      DERIVATIVE 
   1  N0           2.79076e+06   1.00000e+02   1.00000e+02   8.30564e-04
   2  tau          6.44052e+01   constant   
   3  A0           3.51393e-01   1.00000e-04   1.00000e-04  -1.65660e+03
   4  phi          4.11695e+00   1.00000e-02   1.00000e-02   1.34398e+03
   5  R           -6.00435e+01   constant   
   6  A_CBO        2.79172e-03     fixed    
   7  w_CBO        2.32638e+00     fixed    
   8  phi_CBO      6.00082e+00     fixed    
   9  ANx2         5.96878e-04   constant   
  10  pNx2         1.09681e+00   constant   
  11  ANy1         0.00000e+00   constant   
  12  pNy1         0.00000e+00   constant   
  13  w_y          0.00000e+00   constant   
  14  ANy2         1.07160e-02     fixed    
  15  pNy2         5.64757e+00   constant   
  16  w_vw         1.43013e+01   constant   
  17  LM          -2.80163e-05   constant   
  18  wCBO_expCoeff   2.00000e+02   1.00000e+00   1.00000e+00  -4.76727e+02
  19  wCBO_expOffset   2.00000e+02   1.00000e+00   1.00000e+00  -3.17502e+03
  20  wCBO_expT    3.00000e+01   1.00000e+00   1.00000e+00  -8.32604e+03
  21  wCBO_linCoeff   0.00000e+00   constant   
  22  wCBO_const   0.00000e+00   1.00000e-02   1.00000e-02  -6.63233e+03
 MIGRAD MINIMIZATION HAS CONVERGED.
 FCN=1056.38 FROM MIGRAD    STATUS=CONVERGED     205 CALLS         206 TOTAL
                     EDM=5.77613e-07    STRATEGY= 1  ERROR MATRIX UNCERTAINTY   0.9 per cent
  EXT PARAMETER                                   STEP         FIRST   
  NO.   NAME      VALUE            ERROR          SIZE      DERIVATIVE 
   1  N0           2.79065e+06   8.05798e+02   2.81237e-01  -5.94943e-07
   2  tau          6.44052e+01   constant   
   3  A0           3.51465e-01   3.91712e-04   9.90111e-07   1.73771e+00
   4  phi          4.11608e+00   1.14062e-03  -3.43994e-07  -1.73787e-02
   5  R           -6.00435e+01   constant   
   6  A_CBO        2.79172e-03     fixed    
   7  w_CBO        2.32638e+00     fixed    
   8  phi_CBO      6.00082e+00     fixed    
   9  ANx2         5.96878e-04   constant   
  10  pNx2         1.09681e+00   constant   
  11  ANy1         0.00000e+00   constant   
  12  pNy1         0.00000e+00   constant   
  13  w_y          0.00000e+00   constant   
  14  ANy2         1.07160e-02     fixed    
  15  pNy2         5.64757e+00   constant   
  16  w_vw         1.43013e+01   constant   
  17  LM          -2.80163e-05   constant   
  18  wCBO_expCoeff   2.00071e+02   5.20962e-02  -2.20648e-04  -1.43104e-01
  19  wCBO_expOffset   2.00010e+02   7.55940e-03  -3.19360e-05  -1.00729e+00
  20  wCBO_expT    2.99938e+01   6.23513e-03   2.62698e-05  -2.34113e+00
  21  wCBO_linCoeff   0.00000e+00   constant   
  22  wCBO_const  -1.78748e-03   5.69410e-04   1.07369e-06  -1.42651e+00
 EXTERNAL ERROR MATRIX.    NDIM=  25    NPAR=  7    ERR DEF=1
  6.493e+05  1.192e-03  7.258e-03 -1.667e+00 -2.418e-01  2.052e-01 -8.863e-03 
  1.192e-03  1.534e-07 -2.337e-09  1.520e-06  2.209e-07 -1.873e-07  1.926e-08 
  7.258e-03 -2.337e-09  1.301e-06  6.549e-07  9.461e-08 -8.997e-08  1.608e-08 
 -1.667e+00  1.520e-06  6.549e-07  2.714e-03  3.881e-04 -3.227e-04  1.904e-05 
 -2.418e-01  2.209e-07  9.461e-08  3.881e-04  5.714e-05 -4.681e-05  2.763e-06 
  2.052e-01 -1.873e-07 -8.997e-08 -3.227e-04 -4.681e-05  3.888e-05 -2.440e-06 
 -8.863e-03  1.926e-08  1.608e-08  1.904e-05  2.763e-06 -2.440e-06  3.242e-07 
 PARAMETER  CORRELATION COEFFICIENTS  
       NO.  GLOBAL      1      3      4     18     19     20     22
        1  0.05268   1.000  0.004  0.008 -0.040 -0.040  0.041 -0.019
        3  0.09188   0.004  1.000 -0.005  0.074  0.075 -0.077  0.086
        4  0.02848   0.008 -0.005  1.000  0.011  0.011 -0.013  0.025
       18  0.99611  -0.040  0.074  0.011  1.000  0.985 -0.994  0.642
       19  0.99587  -0.040  0.075  0.011  0.985  1.000 -0.993  0.642
       20  0.99875   0.041 -0.077 -0.013 -0.994 -0.993  1.000 -0.687
       22  0.86785  -0.019  0.086  0.025  0.642  0.642 -0.687  1.000
MINUIT - FIT ONLY 1-CBO + other amplitudes 
 **********
 **   16 **RES 
 **********
                   PARAMETER   14  ANy2 RESTORED TO VARIABLE.
                   PARAMETER    8  phi_CBO RESTORED TO VARIABLE.
                   PARAMETER    7  w_CBO RESTORED TO VARIABLE.
                   PARAMETER    6  A_CBO RESTORED TO VARIABLE.
 **********
 **   17 **FIX            0
 **********
 PARAMETER    0  IS UNDEFINED. IGNORED.
 **********
 **   18 **FIX            1
 **********
 **********
 **   19 **FIX            2
 **********
 PARAMETER    2  IS CONSTANT.   IGNORED.
 **********
 **   20 **FIX            3
 **********
 **********
 **   21 **FIX            4
 **********
 **********
 **   22 **FIX            9
 **********
 PARAMETER    9  IS CONSTANT.   IGNORED.
 **********
 **   23 **FIX           11
 **********
 PARAMETER   11  IS CONSTANT.   IGNORED.
 **********
 **   24 **FIX           12
 **********
 PARAMETER   12  IS CONSTANT.   IGNORED.
 **********
 **   25 **FIX           14
 **********
 **********
 **   26 **FIX           15
 **********
 PARAMETER   15  IS CONSTANT.   IGNORED.
 **********
 **   27 **FIX           16
 **********
 PARAMETER   16  IS CONSTANT.   IGNORED.
 **********
 **   28 **MIGRAD
 **********
 START MIGRAD MINIMIZATION.  STRATEGY  1.  CONVERGENCE WHEN EDM .LT. 1.00e-04
 FCN=1056.38 FROM MIGRAD    STATUS=INITIATE       20 CALLS         226 TOTAL
                     EDM= unknown      STRATEGY= 1      NO ERROR MATRIX       
  EXT PARAMETER               CURRENT GUESS       STEP         FIRST   
  NO.   NAME      VALUE            ERROR          SIZE      DERIVATIVE 
   1  N0           2.79065e+06     fixed    
   2  tau          6.44052e+01   constant   
   3  A0           3.51465e-01     fixed    
   4  phi          4.11608e+00     fixed    
   5  R           -6.00435e+01   constant   
   6  A_CBO        2.79172e-03   1.00000e-05   1.00000e-05   2.17447e+04
   7  w_CBO        2.32638e+00   1.00000e-03   1.00000e-03  -1.29341e+01
   8  phi_CBO      6.00082e+00   1.00000e-04   1.00000e-04   1.91865e+00
   9  ANx2         5.96878e-04   constant   
  10  pNx2         1.09681e+00   constant   
  11  ANy1         0.00000e+00   constant   
  12  pNy1         0.00000e+00   constant   
  13  w_y          0.00000e+00   constant   
  14  ANy2         1.07160e-02     fixed    
  15  pNy2         5.64757e+00   constant   
  16  w_vw         1.43013e+01   constant   
  17  LM          -2.80163e-05   constant   
  18  wCBO_expCoeff   2.00071e+02   5.20962e-02  -2.20648e-04  -1.43104e-01
  19  wCBO_expOffset   2.00010e+02   7.55940e-03  -3.19360e-05  -1.00729e+00
  20  wCBO_expT    2.99938e+01   6.23513e-03   2.62698e-05  -2.34113e+00
  21  wCBO_linCoeff   0.00000e+00   constant   
  22  wCBO_const  -1.78748e-03   5.69410e-04   1.07369e-06  -1.42653e+00
 MIGRAD MINIMIZATION HAS CONVERGED.
 MIGRAD WILL VERIFY CONVERGENCE AND ERROR MATRIX.
 FCN=1033.75 FROM MIGRAD    STATUS=CONVERGED     302 CALLS         508 TOTAL
                     EDM=5.30439e-06    STRATEGY= 1      ERR MATRIX NOT POS-DEF
  EXT PARAMETER                APPROXIMATE        STEP         FIRST   
  NO.   NAME      VALUE            ERROR          SIZE      DERIVATIVE 
   1  N0           2.79065e+06     fixed    
   2  tau          6.44052e+01   constant   
   3  A0           3.51465e-01     fixed    
   4  phi          4.11608e+00     fixed    
   5  R           -6.00435e+01   constant   
   6  A_CBO        6.88941e-04   4.31859e-04   6.42156e-06   6.66924e+00
   7  w_CBO        2.32574e+00   8.00461e-04   1.37009e-06   9.01724e-01
   8  phi_CBO      5.56210e+00   7.09053e-01   9.37739e-03   1.07170e-03
   9  ANx2         5.96878e-04   constant   
  10  pNx2         1.09681e+00   constant   
  11  ANy1         0.00000e+00   constant   
  12  pNy1         0.00000e+00   constant   
  13  w_y          0.00000e+00   constant   
  14  ANy2         1.07160e-02     fixed    
  15  pNy2         5.64757e+00   constant   
  16  w_vw         1.43013e+01   constant   
  17  LM          -2.80163e-05   constant   
  18  wCBO_expCoeff   2.00008e+02   7.25512e-02   1.26500e-04   4.33450e-04
  19  wCBO_expOffset   2.00001e+02   1.47192e-02   9.53678e-05   5.73515e-02
  20  wCBO_expT    3.00048e+01   4.33046e-03   1.43074e-05   4.11498e-01
  21  wCBO_linCoeff   0.00000e+00   constant   
  22  wCBO_const  -2.63222e-03   6.94189e-04   5.80710e-06   2.01590e+00
 EXTERNAL ERROR MATRIX.    NDIM=  25    NPAR=  7    ERR DEF=1
  1.865e-07  2.855e-08  2.027e-06  2.578e-06  3.185e-07 -5.069e-07  7.552e-08 
  2.855e-08  6.407e-07  1.466e-05 -1.098e-05 -5.263e-06 -5.626e-07 -2.137e-07 
  2.027e-06  1.466e-05  5.028e-01  1.388e-03  1.184e-04 -2.103e-05  3.929e-05 
  2.578e-06 -1.098e-05  1.388e-03  5.264e-03 -5.251e-04 -5.032e-05  9.632e-06 
  3.185e-07 -5.263e-06  1.184e-04 -5.251e-04  2.167e-04 -2.913e-05  4.491e-06 
 -5.069e-07 -5.626e-07 -2.103e-05 -5.032e-05 -2.913e-05  1.875e-05 -1.565e-06 
  7.552e-08 -2.137e-07  3.929e-05  9.632e-06  4.491e-06 -1.565e-06  4.819e-07 
ERR MATRIX NOT POS-DEF
 PARAMETER  CORRELATION COEFFICIENTS  
       NO.  GLOBAL      6      7      8     18     19     20     22
        6  0.33980   1.000  0.083  0.007  0.082  0.050 -0.271  0.252
        7  0.99414   0.083  1.000  0.026 -0.189 -0.447 -0.162 -0.385
        8  0.55533   0.007  0.026  1.000  0.027  0.011 -0.007  0.080
       18  0.99392   0.082 -0.189  0.027  1.000 -0.492 -0.160  0.191
       19  0.99668   0.050 -0.447  0.011 -0.492  1.000 -0.457  0.440
       20  0.99419  -0.271 -0.162 -0.007 -0.160 -0.457  1.000 -0.521
       22  0.84915   0.252 -0.385  0.080  0.191  0.440 -0.521  1.000
 ERR MATRIX NOT POS-DEF
MINUIT - FIT ONLY 1-CBO
 **********
 **   29 **RES 
 **********
                   PARAMETER   14  ANy2 RESTORED TO VARIABLE.
                   PARAMETER    4  phi RESTORED TO VARIABLE.
                   PARAMETER    3  A0 RESTORED TO VARIABLE.
                   PARAMETER    1  N0 RESTORED TO VARIABLE.
 **********
 **   30 **FIX            0
 **********
 PARAMETER    0  IS UNDEFINED. IGNORED.
 **********
 **   31 **FIX            1
 **********
 **********
 **   32 **FIX            2
 **********
 PARAMETER    2  IS CONSTANT.   IGNORED.
 **********
 **   33 **FIX            3
 **********
 **********
 **   34 **FIX            4
 **********
 **********
 **   35 **FIX            8
 **********
 **********
 **   36 **FIX            9
 **********
 PARAMETER    9  IS CONSTANT.   IGNORED.
 **********
 **   37 **FIX           11
 **********
 PARAMETER   11  IS CONSTANT.   IGNORED.
 **********
 **   38 **FIX           12
 **********
 PARAMETER   12  IS CONSTANT.   IGNORED.
 **********
 **   39 **FIX           13
 **********
 PARAMETER   13  IS CONSTANT.   IGNORED.
 **********
 **   40 **FIX           15
 **********
 PARAMETER   15  IS CONSTANT.   IGNORED.
 **********
 **   41 **FIX           16
 **********
 PARAMETER   16  IS CONSTANT.   IGNORED.
 **********
 **   42 **MIGRAD
 **********
 START MIGRAD MINIMIZATION.  STRATEGY  1.  CONVERGENCE WHEN EDM .LT. 1.00e-04
 FCN=1033.75 FROM MIGRAD    STATUS=INITIATE       16 CALLS         524 TOTAL
                     EDM= unknown      STRATEGY= 1      NO ERROR MATRIX       
  EXT PARAMETER               CURRENT GUESS       STEP         FIRST   
  NO.   NAME      VALUE            ERROR          SIZE      DERIVATIVE 
   1  N0           2.79065e+06     fixed    
   2  tau          6.44052e+01   constant   
   3  A0           3.51465e-01     fixed    
   4  phi          4.11608e+00     fixed    
   5  R           -6.00435e+01   constant   
   6  A_CBO        6.88941e-04   4.31859e-04   6.42156e-06   6.66924e+00
   7  w_CBO        2.32574e+00   8.00461e-04   1.37009e-06   9.85984e-01
   8  phi_CBO      5.56210e+00     fixed    
   9  ANx2         5.96878e-04   constant   
  10  pNx2         1.09681e+00   constant   
  11  ANy1         0.00000e+00   constant   
  12  pNy1         0.00000e+00   constant   
  13  w_y          0.00000e+00   constant   
  14  ANy2         1.07160e-02   1.00000e-04   1.00000e-04   1.28382e+05
  15  pNy2         5.64757e+00   constant   
  16  w_vw         1.43013e+01   constant   
  17  LM          -2.80163e-05   constant   
  18  wCBO_expCoeff   2.00008e+02   7.25512e-02   1.26500e-04   1.16208e-03
  19  wCBO_expOffset   2.00001e+02   1.47192e-02   9.53678e-05   2.20705e-01
  20  wCBO_expT    3.00048e+01   4.33046e-03   1.43074e-05   5.48887e-01
  21  wCBO_linCoeff   0.00000e+00   constant   
  22  wCBO_const  -2.63222e-03   6.94189e-04   5.80710e-06   2.02982e+00
 MIGRAD MINIMIZATION HAS CONVERGED.
 MIGRAD WILL VERIFY CONVERGENCE AND ERROR MATRIX.
 FCN=339.275 FROM MIGRAD    STATUS=CONVERGED     233 CALLS         741 TOTAL
                     EDM=3.27037e-07    STRATEGY= 1      ERR MATRIX NOT POS-DEF
  EXT PARAMETER                APPROXIMATE        STEP         FIRST   
  NO.   NAME      VALUE            ERROR          SIZE      DERIVATIVE 
   1  N0           2.79065e+06     fixed    
   2  tau          6.44052e+01   constant   
   3  A0           3.51465e-01     fixed    
   4  phi          4.11608e+00     fixed    
   5  R           -6.00435e+01   constant   
   6  A_CBO       -1.66365e-04   4.63916e-04   3.61908e-06  -1.85603e-01
   7  w_CBO        2.32563e+00   1.34496e-03   1.10895e-06   5.71533e+00
   8  phi_CBO      5.56210e+00     fixed    
   9  ANx2         5.96878e-04   constant   
  10  pNx2         1.09681e+00   constant   
  11  ANy1         0.00000e+00   constant   
  12  pNy1         0.00000e+00   constant   
  13  w_y          0.00000e+00   constant   
  14  ANy2        -9.49913e-05   4.07801e-04   3.67864e-06  -6.69514e-01
  15  pNy2         5.64757e+00   constant   
  16  w_vw         1.43013e+01   constant   
  17  LM          -2.80163e-05   constant   
  18  wCBO_expCoeff   2.00000e+02   1.22915e-01   9.70350e-05   6.00604e-02
  19  wCBO_expOffset   2.00000e+02   1.92336e-02   9.53672e-05   4.05604e-01
  20  wCBO_expT    3.00084e+01   4.88490e-03   1.43091e-05   1.09355e+00
  21  wCBO_linCoeff   0.00000e+00   constant   
  22  wCBO_const  -3.23344e-03   1.25534e-03   4.26507e-06   1.28366e+00
 EXTERNAL ERROR MATRIX.    NDIM=  25    NPAR=  7    ERR DEF=1
  2.152e-07  2.210e-08  2.508e-09  1.680e-06  9.864e-08 -5.408e-07  2.351e-07 
  2.210e-08  1.809e-06 -3.289e-09 -5.885e-05 -1.114e-05 -1.351e-06 -5.975e-07 
  2.508e-09 -3.289e-09  1.663e-07 -3.534e-07  2.110e-07 -3.722e-08 -5.068e-09 
  1.680e-06 -5.885e-05 -3.534e-07  1.511e-02 -1.173e-03 -1.311e-04  4.015e-05 
  9.864e-08 -1.114e-05  2.110e-07 -1.173e-03  3.699e-04 -1.947e-05  6.846e-06 
 -5.408e-07 -1.351e-06 -3.722e-08 -1.311e-04 -1.947e-05  2.386e-05 -3.209e-06 
  2.351e-07 -5.975e-07 -5.068e-09  4.015e-05  6.846e-06 -3.209e-06  1.576e-06 
ERR MATRIX NOT POS-DEF
 PARAMETER  CORRELATION COEFFICIENTS  
       NO.  GLOBAL      6      7     14     18     19     20     22
        6  0.50402   1.000  0.035  0.013  0.029  0.011 -0.239  0.404
        7  0.99639   0.035  1.000 -0.006 -0.356 -0.431 -0.206 -0.354
       14  0.05172   0.013 -0.006  1.000 -0.007  0.027 -0.019 -0.010
       18  0.99617   0.029 -0.356 -0.007  1.000 -0.496 -0.218  0.260
       19  0.99648   0.011 -0.431  0.027 -0.496  1.000 -0.207  0.284
       20  0.99334  -0.239 -0.206 -0.019 -0.218 -0.207  1.000 -0.523
       22  0.92642   0.404 -0.354 -0.010  0.260  0.284 -0.523  1.000
 ERR MATRIX NOT POS-DEF
MINUIT - FIT ONLY 2-CBO
 **********
 **   43 **RES 
 **********
                   PARAMETER    8  phi_CBO RESTORED TO VARIABLE.
                   PARAMETER    4  phi RESTORED TO VARIABLE.
                   PARAMETER    3  A0 RESTORED TO VARIABLE.
                   PARAMETER    1  N0 RESTORED TO VARIABLE.
 **********
 **   44 **FIX            0
 **********
 PARAMETER    0  IS UNDEFINED. IGNORED.
 **********
 **   45 **FIX            1
 **********
 **********
 **   46 **FIX            2
 **********
 PARAMETER    2  IS CONSTANT.   IGNORED.
 **********
 **   47 **FIX            3
 **********
 **********
 **   48 **FIX            4
 **********
 **********
 **   49 **FIX            5
 **********
 PARAMETER    5  IS CONSTANT.   IGNORED.
 **********
 **   50 **FIX            6
 **********
 **********
 **   51 **FIX            7
 **********
 **********
 **   52 **FIX           10
 **********
 PARAMETER   10  IS CONSTANT.   IGNORED.
 **********
 **   53 **FIX           11
 **********
 PARAMETER   11  IS CONSTANT.   IGNORED.
 **********
 **   54 **FIX           12
 **********
 PARAMETER   12  IS CONSTANT.   IGNORED.
 **********
 **   55 **FIX           13
 **********
 PARAMETER   13  IS CONSTANT.   IGNORED.
 **********
 **   56 **FIX           14
 **********
 **********
 **   57 **FIX           15
 **********
 PARAMETER   15  IS CONSTANT.   IGNORED.
 **********
 **   58 **FIX           16
 **********
 PARAMETER   16  IS CONSTANT.   IGNORED.
 **********
 **   59 **MIGRAD
 **********
 START MIGRAD MINIMIZATION.  STRATEGY  1.  CONVERGENCE WHEN EDM .LT. 1.00e-04
 FCN=339.275 FROM MIGRAD    STATUS=INITIATE       12 CALLS         753 TOTAL
                     EDM= unknown      STRATEGY= 1      NO ERROR MATRIX       
  EXT PARAMETER               CURRENT GUESS       STEP         FIRST   
  NO.   NAME      VALUE            ERROR          SIZE      DERIVATIVE 
   1  N0           2.79065e+06     fixed    
   2  tau          6.44052e+01   constant   
   3  A0           3.51465e-01     fixed    
   4  phi          4.11608e+00     fixed    
   5  R           -6.00435e+01   constant   
   6  A_CBO       -1.66365e-04     fixed    
   7  w_CBO        2.32563e+00     fixed    
   8  phi_CBO      5.56210e+00   7.09053e-01   7.09053e-01   1.53620e-01
   9  ANx2         5.96878e-04   constant   
  10  pNx2         1.09681e+00   constant   
  11  ANy1         0.00000e+00   constant   
  12  pNy1         0.00000e+00   constant   
  13  w_y          0.00000e+00   constant   
  14  ANy2        -9.49913e-05     fixed    
  15  pNy2         5.64757e+00   constant   
  16  w_vw         1.43013e+01   constant   
  17  LM          -2.80163e-05   constant   
  18  wCBO_expCoeff   2.00000e+02   1.22915e-01   9.70350e-05   6.01178e-02
  19  wCBO_expOffset   2.00000e+02   1.92336e-02   9.53672e-05   4.21811e-01
  20  wCBO_expT    3.00084e+01   4.88490e-03   1.43091e-05   1.09649e+00
  21  wCBO_linCoeff   0.00000e+00   constant   
  22  wCBO_const  -3.23344e-03   1.25534e-03   4.26507e-06   1.28792e+00
 MIGRAD MINIMIZATION HAS CONVERGED.
 MIGRAD WILL VERIFY CONVERGENCE AND ERROR MATRIX.
 FCN=339.233 FROM MIGRAD    STATUS=CONVERGED     139 CALLS         880 TOTAL
                     EDM=1.83681e-08    STRATEGY= 1      ERR MATRIX NOT POS-DEF
  EXT PARAMETER                APPROXIMATE        STEP         FIRST   
  NO.   NAME      VALUE            ERROR          SIZE      DERIVATIVE 
   1  N0           2.79065e+06     fixed    
   2  tau          6.44052e+01   constant   
   3  A0           3.51465e-01     fixed    
   4  phi          4.11608e+00     fixed    
   5  R           -6.00435e+01   constant   
   6  A_CBO       -1.66365e-04     fixed    
   7  w_CBO        2.32563e+00     fixed    
   8  phi_CBO      5.01851e+00   2.53967e+00   2.13387e-02   8.91111e-06
   9  ANx2         5.96878e-04   constant   
  10  pNx2         1.09681e+00   constant   
  11  ANy1         0.00000e+00   constant   
  12  pNy1         0.00000e+00   constant   
  13  w_y          0.00000e+00   constant   
  14  ANy2        -9.49913e-05     fixed    
  15  pNy2         5.64757e+00   constant   
  16  w_vw         1.43013e+01   constant   
  17  LM          -2.80163e-05   constant   
  18  wCBO_expCoeff   2.00005e+02   1.28655e-01   9.53696e-05   3.93114e-05
  19  wCBO_expOffset   2.00000e+02   1.90664e-02   9.53675e-05   4.22606e-03
  20  wCBO_expT    3.00078e+01   5.14181e-03   1.43088e-05   2.73638e-02
  21  wCBO_linCoeff   0.00000e+00   constant   
  22  wCBO_const  -3.17052e-03   1.08962e-03   4.23054e-06   2.20007e-01
 EXTERNAL ERROR MATRIX.    NDIM=  25    NPAR=  5    ERR DEF=1
  6.450e+00 -4.811e-02 -1.967e-03  4.156e-03 -6.450e-04 
 -4.811e-02  1.655e-02 -1.918e-03 -2.259e-04  2.678e-05 
 -1.967e-03 -1.918e-03  3.635e-04 -2.972e-05  3.288e-06 
  4.156e-03 -2.259e-04 -2.972e-05  2.644e-05 -3.775e-06 
 -6.450e-04  2.678e-05  3.288e-06 -3.775e-06  1.187e-06 
ERR MATRIX NOT POS-DEF
 PARAMETER  CORRELATION COEFFICIENTS  
       NO.  GLOBAL      8     18     19     20     22
        8  0.36305   1.000 -0.147 -0.041  0.318 -0.233
       18  0.99667  -0.147  1.000 -0.782 -0.341  0.191
       19  0.99659  -0.041 -0.782  1.000 -0.303  0.158
       20  0.99419   0.318 -0.341 -0.303  1.000 -0.674
       22  0.90277  -0.233  0.191  0.158 -0.674  1.000
 ERR MATRIX NOT POS-DEF
MINUIT - FIT ONLY 1-y
 **********
 **   60 **RES 
 **********
                   PARAMETER   14  ANy2 RESTORED TO VARIABLE.
                   PARAMETER    7  w_CBO RESTORED TO VARIABLE.
                   PARAMETER    6  A_CBO RESTORED TO VARIABLE.
                   PARAMETER    4  phi RESTORED TO VARIABLE.
                   PARAMETER    3  A0 RESTORED TO VARIABLE.
                   PARAMETER    1  N0 RESTORED TO VARIABLE.
 **********
 **   61 **FIX            0
 **********
 PARAMETER    0  IS UNDEFINED. IGNORED.
 **********
 **   62 **FIX            1
 **********
 **********
 **   63 **FIX            2
 **********
 PARAMETER    2  IS CONSTANT.   IGNORED.
 **********
 **   64 **FIX            3
 **********
 **********
 **   65 **FIX            4
 **********
 **********
 **   66 **FIX            5
 **********
 PARAMETER    5  IS CONSTANT.   IGNORED.
 **********
 **   67 **FIX            6
 **********
 **********
 **   68 **FIX            7
 **********
 **********
 **   69 **FIX            8
 **********
 **********
 **   70 **FIX            9
 **********
 PARAMETER    9  IS CONSTANT.   IGNORED.
 **********
 **   71 **FIX           13
 **********
 PARAMETER   13  IS CONSTANT.   IGNORED.
 **********
 **   72 **FIX           14
 **********
 **********
 **   73 **FIX           15
 **********
 PARAMETER   15  IS CONSTANT.   IGNORED.
 **********
 **   74 **FIX           16
 **********
 PARAMETER   16  IS CONSTANT.   IGNORED.
 **********
 **   75 **MIGRAD
 **********
 START MIGRAD MINIMIZATION.  STRATEGY  1.  CONVERGENCE WHEN EDM .LT. 1.00e-04
 FCN=339.233 FROM MIGRAD    STATUS=INITIATE        8 CALLS         888 TOTAL
                     EDM= unknown      STRATEGY= 1      NO ERROR MATRIX       
  EXT PARAMETER               CURRENT GUESS       STEP         FIRST   
  NO.   NAME      VALUE            ERROR          SIZE      DERIVATIVE 
   1  N0           2.79065e+06     fixed    
   2  tau          6.44052e+01   constant   
   3  A0           3.51465e-01     fixed    
   4  phi          4.11608e+00     fixed    
   5  R           -6.00435e+01   constant   
   6  A_CBO       -1.66365e-04     fixed    
   7  w_CBO        2.32563e+00     fixed    
   8  phi_CBO      5.01851e+00     fixed    
   9  ANx2         5.96878e-04   constant   
  10  pNx2         1.09681e+00   constant   
  11  ANy1         0.00000e+00   constant   
  12  pNy1         0.00000e+00   constant   
  13  w_y          0.00000e+00   constant   
  14  ANy2        -9.49913e-05     fixed    
  15  pNy2         5.64757e+00   constant   
  16  w_vw         1.43013e+01   constant   
  17  LM          -2.80163e-05   constant   
  18  wCBO_expCoeff   2.00005e+02   1.28655e-01   9.53696e-05   9.22540e-05
  19  wCBO_expOffset   2.00000e+02   1.90664e-02   9.53675e-05   1.60248e-02
  20  wCBO_expT    3.00078e+01   5.14181e-03   1.43088e-05   3.37138e-02
  21  wCBO_linCoeff   0.00000e+00   constant   
  22  wCBO_const  -3.17052e-03   1.08962e-03   4.23054e-06   2.25019e-01
 MIGRAD MINIMIZATION HAS CONVERGED.
 MIGRAD WILL VERIFY CONVERGENCE AND ERROR MATRIX.
 FCN=339.233 FROM MIGRAD    STATUS=CONVERGED      45 CALLS         925 TOTAL
                     EDM=1.26918e-08    STRATEGY= 1      ERR MATRIX NOT POS-DEF
  EXT PARAMETER                APPROXIMATE        STEP         FIRST   
  NO.   NAME      VALUE            ERROR          SIZE      DERIVATIVE 
   1  N0           2.79065e+06     fixed    
   2  tau          6.44052e+01   constant   
   3  A0           3.51465e-01     fixed    
   4  phi          4.11608e+00     fixed    
   5  R           -6.00435e+01   constant   
   6  A_CBO       -1.66365e-04     fixed    
   7  w_CBO        2.32563e+00     fixed    
   8  phi_CBO      5.01851e+00     fixed    
   9  ANx2         5.96878e-04   constant   
  10  pNx2         1.09681e+00   constant   
  11  ANy1         0.00000e+00   constant   
  12  pNy1         0.00000e+00   constant   
  13  w_y          0.00000e+00   constant   
  14  ANy2        -9.49913e-05     fixed    
  15  pNy2         5.64757e+00   constant   
  16  w_vw         1.43013e+01   constant   
  17  LM          -2.80163e-05   constant   
  18  wCBO_expCoeff   2.00005e+02   1.28150e-01   9.53696e-05  -6.52217e-03
  19  wCBO_expOffset   2.00000e+02   1.91851e-02   9.53675e-05  -4.34008e-02
  20  wCBO_expT    3.00078e+01   4.88930e-03   1.43088e-05  -1.00515e-01
  21  wCBO_linCoeff   0.00000e+00   constant   
  22  wCBO_const  -3.17053e-03   1.06097e-03   4.22981e-06   5.89272e-02
 EXTERNAL ERROR MATRIX.    NDIM=  25    NPAR=  4    ERR DEF=1
  1.642e-02 -1.964e-03 -1.961e-04  2.214e-05 
 -1.964e-03  3.681e-04 -2.863e-05  3.114e-06 
 -1.961e-04 -2.863e-05  2.391e-05 -3.379e-06 
  2.214e-05  3.114e-06 -3.379e-06  1.126e-06 
ERR MATRIX NOT POS-DEF
 PARAMETER  CORRELATION COEFFICIENTS  
       NO.  GLOBAL     18     19     20     22
       18  0.99665   1.000 -0.799 -0.313  0.163
       19  0.99663  -0.799  1.000 -0.305  0.153
       20  0.99358  -0.313 -0.305  1.000 -0.651
       22  0.89714   0.163  0.153 -0.651  1.000
 ERR MATRIX NOT POS-DEF
MINUIT - FIT ONLY 2-y
 **********
 **   76 **RES 
 **********
                   PARAMETER   14  ANy2 RESTORED TO VARIABLE.
                   PARAMETER    8  phi_CBO RESTORED TO VARIABLE.
                   PARAMETER    7  w_CBO RESTORED TO VARIABLE.
                   PARAMETER    6  A_CBO RESTORED TO VARIABLE.
                   PARAMETER    4  phi RESTORED TO VARIABLE.
                   PARAMETER    3  A0 RESTORED TO VARIABLE.
                   PARAMETER    1  N0 RESTORED TO VARIABLE.
 **********
 **   77 **FIX            0
 **********
 PARAMETER    0  IS UNDEFINED. IGNORED.
 **********
 **   78 **FIX            1
 **********
 **********
 **   79 **FIX            2
 **********
 PARAMETER    2  IS CONSTANT.   IGNORED.
 **********
 **   80 **FIX            3
 **********
 **********
 **   81 **FIX            4
 **********
 **********
 **   82 **FIX            5
 **********
 PARAMETER    5  IS CONSTANT.   IGNORED.
 **********
 **   83 **FIX            6
 **********
 **********
 **   84 **FIX            7
 **********
 **********
 **   85 **FIX            8
 **********
 **********
 **   86 **FIX            9
 **********
 PARAMETER    9  IS CONSTANT.   IGNORED.
 **********
 **   87 **FIX           10
 **********
 PARAMETER   10  IS CONSTANT.   IGNORED.
 **********
 **   88 **FIX           11
 **********
 PARAMETER   11  IS CONSTANT.   IGNORED.
 **********
 **   89 **FIX           12
 **********
 PARAMETER   12  IS CONSTANT.   IGNORED.
 **********
 **   90 **FIX           16
 **********
 PARAMETER   16  IS CONSTANT.   IGNORED.
 **********
 **   91 **MIGRAD
 **********
 START MIGRAD MINIMIZATION.  STRATEGY  1.  CONVERGENCE WHEN EDM .LT. 1.00e-04
 FCN=339.233 FROM MIGRAD    STATUS=INITIATE       10 CALLS         935 TOTAL
                     EDM= unknown      STRATEGY= 1      NO ERROR MATRIX       
  EXT PARAMETER               CURRENT GUESS       STEP         FIRST   
  NO.   NAME      VALUE            ERROR          SIZE      DERIVATIVE 
   1  N0           2.79065e+06     fixed    
   2  tau          6.44052e+01   constant   
   3  A0           3.51465e-01     fixed    
   4  phi          4.11608e+00     fixed    
   5  R           -6.00435e+01   constant   
   6  A_CBO       -1.66365e-04     fixed    
   7  w_CBO        2.32563e+00     fixed    
   8  phi_CBO      5.01851e+00     fixed    
   9  ANx2         5.96878e-04   constant   
  10  pNx2         1.09681e+00   constant   
  11  ANy1         0.00000e+00   constant   
  12  pNy1         0.00000e+00   constant   
  13  w_y          0.00000e+00   constant   
  14  ANy2        -9.49913e-05   4.07801e-04   4.07801e-04  -5.27233e+01
  15  pNy2         5.64757e+00   constant   
  16  w_vw         1.43013e+01   constant   
  17  LM          -2.80163e-05   constant   
  18  wCBO_expCoeff   2.00005e+02   1.28150e-01   9.53696e-05  -6.48218e-03
  19  wCBO_expOffset   2.00000e+02   1.91851e-02   9.53675e-05  -2.77818e-02
  20  wCBO_expT    3.00078e+01   4.88930e-03   1.43088e-05  -9.56984e-02
  21  wCBO_linCoeff   0.00000e+00   constant   
  22  wCBO_const  -3.17053e-03   1.06097e-03   4.22981e-06   5.97540e-02
 MIGRAD MINIMIZATION HAS CONVERGED.
 MIGRAD WILL VERIFY CONVERGENCE AND ERROR MATRIX.
 FCN=339.232 FROM MIGRAD    STATUS=CONVERGED      54 CALLS         979 TOTAL
                     EDM=5.37643e-07    STRATEGY= 1      ERR MATRIX NOT POS-DEF
  EXT PARAMETER                APPROXIMATE        STEP         FIRST   
  NO.   NAME      VALUE            ERROR          SIZE      DERIVATIVE 
   1  N0           2.79065e+06     fixed    
   2  tau          6.44052e+01   constant   
   3  A0           3.51465e-01     fixed    
   4  phi          4.11608e+00     fixed    
   5  R           -6.00435e+01   constant   
   6  A_CBO       -1.66365e-04     fixed    
   7  w_CBO        2.32563e+00     fixed    
   8  phi_CBO      5.01851e+00     fixed    
   9  ANx2         5.96878e-04   constant   
  10  pNx2         1.09681e+00   constant   
  11  ANy1         0.00000e+00   constant   
  12  pNy1         0.00000e+00   constant   
  13  w_y          0.00000e+00   constant   
  14  ANy2        -9.05940e-05   4.08071e-04   3.67842e-06   1.44735e-03
  15  pNy2         5.64757e+00   constant   
  16  w_vw         1.43013e+01   constant   
  17  LM          -2.80163e-05   constant   
  18  wCBO_expCoeff   2.00005e+02   1.28177e-01   9.53696e-05   2.00809e-02
  19  wCBO_expOffset   2.00000e+02   1.91954e-02   9.53675e-05   1.33911e-01
  20  wCBO_expT    3.00078e+01   4.89069e-03   1.43088e-05   6.18593e-01
  21  wCBO_linCoeff   0.00000e+00   constant   
  22  wCBO_const  -3.17054e-03   1.06101e-03   4.22980e-06   1.53825e+00
 EXTERNAL ERROR MATRIX.    NDIM=  25    NPAR=  5    ERR DEF=1
  1.665e-07 -5.897e-07  2.200e-07 -4.101e-08 -7.120e-09 
 -5.897e-07  1.643e-02 -1.966e-03 -1.960e-04  2.217e-05 
  2.200e-07 -1.966e-03  3.685e-04 -2.869e-05  3.105e-06 
 -4.101e-08 -1.960e-04 -2.869e-05  2.392e-05 -3.378e-06 
 -7.120e-09  2.217e-05  3.105e-06 -3.378e-06  1.126e-06 
ERR MATRIX NOT POS-DEF
 PARAMETER  CORRELATION COEFFICIENTS  
       NO.  GLOBAL     14     18     19     20     22
       14  0.04918   1.000 -0.011  0.028 -0.021 -0.016
       18  0.99665  -0.011  1.000 -0.799 -0.313  0.163
       19  0.99663   0.028 -0.799  1.000 -0.306  0.152
       20  0.99358  -0.021 -0.313 -0.306  1.000 -0.651
       22  0.89714  -0.016  0.163  0.152 -0.651  1.000
 ERR MATRIX NOT POS-DEF
MINUIT - FIT ALTOGETHER
 **********
 **   92 **RES 
 **********
                   PARAMETER    8  phi_CBO RESTORED TO VARIABLE.
                   PARAMETER    7  w_CBO RESTORED TO VARIABLE.
                   PARAMETER    6  A_CBO RESTORED TO VARIABLE.
                   PARAMETER    4  phi RESTORED TO VARIABLE.
                   PARAMETER    3  A0 RESTORED TO VARIABLE.
                   PARAMETER    1  N0 RESTORED TO VARIABLE.
 **********
 **   93 **MIGRAD
 **********
 START MIGRAD MINIMIZATION.  STRATEGY  1.  CONVERGENCE WHEN EDM .LT. 1.00e-04
 FCN=339.232 FROM MIGRAD    STATUS=INITIATE       22 CALLS        1001 TOTAL
                     EDM= unknown      STRATEGY= 1      NO ERROR MATRIX       
  EXT PARAMETER               CURRENT GUESS       STEP         FIRST   
  NO.   NAME      VALUE            ERROR          SIZE      DERIVATIVE 
   1  N0           2.79065e+06   8.05798e+02   8.05798e+02   1.60604e-04
   2  tau          6.44052e+01   constant   
   3  A0           3.51465e-01   3.91712e-04   3.91712e-04   1.56953e+03
   4  phi          4.11608e+00   1.14062e-03   1.14062e-03  -4.17493e+02
   5  R           -6.00435e+01   constant   
   6  A_CBO       -1.66365e-04   4.63916e-04   4.63916e-04   1.93738e+02
   7  w_CBO        2.32563e+00   1.34496e-03   1.34496e-03   2.39077e+00
   8  phi_CBO      5.01851e+00   2.53967e+00   2.53967e+00   3.22509e-04
   9  ANx2         5.96878e-04   constant   
  10  pNx2         1.09681e+00   constant   
  11  ANy1         0.00000e+00   constant   
  12  pNy1         0.00000e+00   constant   
  13  w_y          0.00000e+00   constant   
  14  ANy2        -9.05940e-05   4.08071e-04   3.67842e-06   1.44840e-03
  15  pNy2         5.64757e+00   constant   
  16  w_vw         1.43013e+01   constant   
  17  LM          -2.80163e-05   constant   
  18  wCBO_expCoeff   2.00005e+02   1.28177e-01   9.53696e-05   2.01209e-02
  19  wCBO_expOffset   2.00000e+02   1.91954e-02   9.53675e-05   1.49528e-01
  20  wCBO_expT    3.00078e+01   4.89069e-03   1.43088e-05   6.23391e-01
  21  wCBO_linCoeff   0.00000e+00   constant   
  22  wCBO_const  -3.17054e-03   1.06101e-03   4.22980e-06   1.54326e+00
 MIGRAD MINIMIZATION HAS CONVERGED.
 MIGRAD WILL VERIFY CONVERGENCE AND ERROR MATRIX.
 FCN=339.077 FROM MIGRAD    STATUS=CONVERGED     221 CALLS        1200 TOTAL
                     EDM=5.50879e-05    STRATEGY= 1      ERR MATRIX NOT POS-DEF
  EXT PARAMETER                APPROXIMATE        STEP         FIRST   
  NO.   NAME      VALUE            ERROR          SIZE      DERIVATIVE 
   1  N0           2.79060e+06   8.06630e+02   7.19078e+00  -6.38386e-07
