 + ++++++++++++++++++++++++++++++++++++++++++++++++++++++++++++++++++++ +
 +                                                                      +
 +           You have chose to blind your fitting according to          +
 +                omega_ref * (1 + (R +/- deltaR) *10^{-6})             +
 +                                                                      +
 + ++++++++++++++++++++++++++++++++++++++++++++++++++++++++++++++++++++ +
In main()...
reading format from /gm2data/zkhechad/run45/envelope/formats/formatB_sBin_constraintOn.txt
pBinTau 	= 0  
pBinPhi 	= 0  
constraintau 	= 1 
includeMopTerm 	= 0    
constrainMop    = 0   
Parameters after format file: pBinTau 0 pBinPhi 0 constraintau 1 includeMopTerm 0 constrainMop 0 c_e_scale 0.000000 
reading cbo reference file (full fit) from /gm2data/zkhechad/cboTemplates/Run4CBOTemplates/fullFits/run4/sBin_constraintOn_cE0.0_seed0_run4_calo5.root
A_CBO 0.008637 w_CBO 2.327270 phi_CBO 4.582201 N0 2703588.677157 R -62.169895 tau 64.408322 
Reading cboRef file /gm2data/zkhechad/cboTemplates/Run4CBOTemplates//cboIsolate/run4_calo5.root
deltaT 164.120000
windowBins = 1100
fitting sliding window 1180 from bin 1383 at 206.343600 to bin 2483 at 370.463600 (1100 bins)

Reading data from /gm2data/cornell/histograms/aMethod/histogram_a_run4.root
fitting cbo isolate
 **********
 **    1 **SET PRINTOUT            1
 **********
 **********
 **    2 **SET NOWARNINGS 
 **********
 PARAMETER DEFINITIONS:
    NO.   NAME         VALUE      STEP SIZE      LIMITS
     1 A_CBO        8.63683e-03  1.00000e-05     no limits
     2 w_CBO        2.32727e+00  1.00000e-02    2.00000e+00  3.00000e+00
     3 phi_CBO      4.58220e+00  1.00000e-02    0.00000e+00  6.28319e+00
 **********
 **    3 **MIGRAD
 **********
 FIRST CALL TO USER FUNCTION AT NEW START POINT, WITH IFLAG=4.
 START MIGRAD MINIMIZATION.  STRATEGY  1.  CONVERGENCE WHEN EDM .LT. 1.00e-04
 FCN=0.0369588 FROM MIGRAD    STATUS=INITIATE       12 CALLS          13 TOTAL
                     EDM= unknown      STRATEGY= 1      NO ERROR MATRIX       
  EXT PARAMETER               CURRENT GUESS       STEP         FIRST   
  NO.   NAME      VALUE            ERROR          SIZE      DERIVATIVE 
   1  A_CBO        8.63683e-03   1.00000e-05   1.00000e-05   6.59736e+00
   2  w_CBO        2.32727e+00   1.00000e-02   2.13144e-02   1.85894e-01
   3  phi_CBO      4.58220e+00   1.00000e-02   3.58191e-03  -2.83849e-03
 MIGRAD MINIMIZATION HAS CONVERGED.
 MIGRAD WILL VERIFY CONVERGENCE AND ERROR MATRIX.
 COVARIANCE MATRIX CALCULATED SUCCESSFULLY
 FCN=0.01713 FROM MIGRAD    STATUS=CONVERGED      49 CALLS          50 TOTAL
                     EDM=6.33844e-05    STRATEGY= 1      ERROR MATRIX ACCURATE 
  EXT PARAMETER                                   STEP         FIRST   
  NO.   NAME      VALUE            ERROR          SIZE      DERIVATIVE 
   1  A_CBO        2.62573e-03   4.31132e-02   2.10189e-05  -6.65780e-03
   2  w_CBO        2.32715e+00   3.24622e-01   5.99577e-05   8.46044e-03
   3  phi_CBO      4.59318e+00   3.97416e+00   2.89458e-03   1.31171e-04
 EXTERNAL ERROR MATRIX.    NDIM=  25    NPAR=  3    ERR DEF=1
  1.859e-03 -2.179e-03 -6.164e-01 
 -2.179e-03  1.285e-01  3.597e+01 
 -6.164e-01  3.597e+01  1.033e+04 
 PARAMETER  CORRELATION COEFFICIENTS  
       NO.  GLOBAL      1      2      3
        1  0.14130   1.000 -0.141 -0.141
        2  0.98721  -0.141  1.000  0.987
        3  0.98721  -0.141  0.987  1.000
setting A_CBO=0.002626 w_CBO=2.327151, phi_CBO=4.593177
done fitting cbo isolate
 **********
 **    1 **SET PRINTOUT            1
 **********
 **********
 **    2 **SET NOWARNINGS 
 **********
 PARAMETER DEFINITIONS:
    NO.   NAME         VALUE      STEP SIZE      LIMITS
     1 N0           2.70359e+06  1.00000e+02     no limits
     2 tau          6.44083e+01  constant
     3 A0           3.58550e-01  1.00000e-04     no limits
     4 phi          4.11640e+00  1.00000e-02     no limits
     5 R           -6.21699e+01  constant
     6 A_CBO        2.62573e-03  1.00000e-05     no limits
     7 w_CBO        2.32715e+00  1.00000e-03     no limits
     8 phi_CBO      4.59318e+00  1.00000e-04     no limits
     9 ANx2         2.34902e-04  constant
    10 pNx2         5.38708e+00  constant
    11 ANy1         0.00000e+00  constant
    12 pNy1         0.00000e+00  constant
    13 w_y          0.00000e+00  constant
    14 ANy2         8.91556e-03  1.00000e-04     no limits
    15 pNy2         6.21709e+00  constant
    16 w_vw         1.43264e+01  constant
    17 LM           1.88334e-04  constant
    18 wCBO_expCoeff   2.00000e+02  1.00000e+00     no limits
    19 wCBO_expOffset   2.00000e+02  1.00000e+00     no limits
    20 wCBO_expT    3.00000e+01  1.00000e+00     no limits
    21 wCBO_linCoeff   0.00000e+00  constant
    22 wCBO_const   0.00000e+00  1.00000e-02     no limits
MINUIT - FIT ONLY WIGGLE
 **********
 **    3 **FIX            5
 **********
 PARAMETER    5  IS CONSTANT.   IGNORED.
 **********
 **    4 **FIX            6
 **********
 **********
 **    5 **FIX            7
 **********
 **********
 **    6 **FIX            8
 **********
 **********
 **    7 **FIX            9
 **********
 PARAMETER    9  IS CONSTANT.   IGNORED.
 **********
 **    8 **FIX           10
 **********
 PARAMETER   10  IS CONSTANT.   IGNORED.
 **********
 **    9 **FIX           11
 **********
 PARAMETER   11  IS CONSTANT.   IGNORED.
 **********
 **   10 **FIX           12
 **********
 PARAMETER   12  IS CONSTANT.   IGNORED.
 **********
 **   11 **FIX           13
 **********
 PARAMETER   13  IS CONSTANT.   IGNORED.
 **********
 **   12 **FIX           14
 **********
 **********
 **   13 **FIX           15
 **********
 PARAMETER   15  IS CONSTANT.   IGNORED.
 **********
 **   14 **FIX           16
 **********
 PARAMETER   16  IS CONSTANT.   IGNORED.
 **********
 **   15 **MIGRAD
 **********
 FIRST CALL TO USER FUNCTION AT NEW START POINT, WITH IFLAG=4.
 START MIGRAD MINIMIZATION.  STRATEGY  1.  CONVERGENCE WHEN EDM .LT. 1.00e-04
 FCN=1878.72 FROM MIGRAD    STATUS=INITIATE       56 CALLS          57 TOTAL
                     EDM= unknown      STRATEGY= 1      NO ERROR MATRIX       
  EXT PARAMETER               CURRENT GUESS       STEP         FIRST   
  NO.   NAME      VALUE            ERROR          SIZE      DERIVATIVE 
   1  N0           2.70359e+06   1.00000e+02   0.00000e+00   7.73134e-04
   2  tau          6.44083e+01   constant   
   3  A0           3.58550e-01   1.00000e-04   0.00000e+00  -4.58943e+03
   4  phi          4.11640e+00   1.00000e-02   0.00000e+00  -2.42734e+02
   5  R           -6.21699e+01   constant   
   6  A_CBO        2.62573e-03     fixed    
   7  w_CBO        2.32715e+00     fixed    
   8  phi_CBO      4.59318e+00     fixed    
   9  ANx2         2.34902e-04   constant   
  10  pNx2         5.38708e+00   constant   
  11  ANy1         0.00000e+00   constant   
  12  pNy1         0.00000e+00   constant   
  13  w_y          0.00000e+00   constant   
  14  ANy2         8.91556e-03     fixed    
  15  pNy2         6.21709e+00   constant   
  16  w_vw         1.43264e+01   constant   
  17  LM           1.88334e-04   constant   
  18  wCBO_expCoeff   2.00000e+02   1.00000e+00   0.00000e+00  -4.97817e+03
  19  wCBO_expOffset   2.00000e+02   1.00000e+00   0.00000e+00  -3.25644e+04
  20  wCBO_expT    2.99992e+01   1.00000e+00  -7.72030e-04  -3.15805e+02
  21  wCBO_linCoeff   0.00000e+00   constant   
  22  wCBO_const   0.00000e+00   1.00000e-02   0.00000e+00  -9.58719e+02
 MIGRAD FAILS TO FIND IMPROVEMENT
 FCN=1779.77 FROM HESSE     STATUS=NOT POSDEF     50 CALLS         328 TOTAL
                     EDM=0.326546    STRATEGY= 1      ERR MATRIX NOT POS-DEF
  EXT PARAMETER                APPROXIMATE        STEP         FIRST   
  NO.   NAME      VALUE            ERROR          SIZE      DERIVATIVE 
   1  N0           2.70340e+06   4.73356e+02   9.75267e+00  -1.33401e-03
   2  tau          6.44083e+01   constant   
   3  A0           3.58576e-01   2.37109e-04   4.85704e-06   2.08918e+03
   4  phi          4.11610e+00   6.76758e-04   1.39950e-05  -1.93757e+02
   5  R           -6.21699e+01   constant   
   6  A_CBO        2.62573e-03     fixed    
   7  w_CBO        2.32715e+00     fixed    
   8  phi_CBO      4.59318e+00     fixed    
   9  ANx2         2.34902e-04   constant   
  10  pNx2         5.38708e+00   constant   
  11  ANy1         0.00000e+00   constant   
  12  pNy1         0.00000e+00   constant   
  13  w_y          0.00000e+00   constant   
  14  ANy2         8.91556e-03     fixed    
  15  pNy2         6.21709e+00   constant   
  16  w_vw         1.43264e+01   constant   
  17  LM           1.88334e-04   constant   
  18  wCBO_expCoeff   1.99953e+02   8.27445e-03   9.53450e-05  -6.05602e+02
  19  wCBO_expOffset   2.00009e+02   1.33245e-03   9.53717e-05  -4.02715e+03
  20  wCBO_expT    2.99982e+01   4.67820e-04   1.43043e-05  -1.08323e+03
  21  wCBO_linCoeff   0.00000e+00   constant   
  22  wCBO_const  -4.63445e-03   6.46832e-04   4.71750e-06  -9.02941e+02
 MIGRAD FAILS TO FIND IMPROVEMENT
 MIGRAD TERMINATED WITHOUT CONVERGENCE.
 FCN=1779.46 FROM MIGRAD    STATUS=FAILED        371 CALLS         372 TOTAL
                     EDM=0.000237214    STRATEGY= 1      ERR MATRIX NOT POS-DEF
  EXT PARAMETER                APPROXIMATE        STEP         FIRST   
  NO.   NAME      VALUE            ERROR          SIZE      DERIVATIVE 
   1  N0           2.70354e+06   4.73507e+02   0.00000e+00  -7.56347e-06
   2  tau          6.44083e+01   constant   
   3  A0           3.58507e-01   2.36509e-04  -0.00000e+00   1.07848e+01
   4  phi          4.11614e+00   6.76450e-04  -0.00000e+00   3.88905e-03
   5  R           -6.21699e+01   constant   
   6  A_CBO        2.62573e-03     fixed    
   7  w_CBO        2.32715e+00     fixed    
   8  phi_CBO      4.59318e+00     fixed    
   9  ANx2         2.34902e-04   constant   
  10  pNx2         5.38708e+00   constant   
  11  ANy1         0.00000e+00   constant   
  12  pNy1         0.00000e+00   constant   
  13  w_y          0.00000e+00   constant   
  14  ANy2         8.91556e-03     fixed    
  15  pNy2         6.21709e+00   constant   
  16  w_vw         1.43264e+01   constant   
  17  LM           1.88334e-04   constant   
  18  wCBO_expCoeff   1.99952e+02   8.51890e-03   0.00000e+00  -5.66970e+00
  19  wCBO_expOffset   2.00009e+02   1.35744e-03  -0.00000e+00  -1.26046e+01
  20  wCBO_expT    2.99981e+01   4.28064e-04   0.00000e+00  -1.46974e+01
  21  wCBO_linCoeff   0.00000e+00   constant   
  22  wCBO_const  -4.52923e-03   6.30187e-04  -0.00000e+00  -1.41605e+01
 EXTERNAL ERROR MATRIX.    NDIM=  25    NPAR=  7    ERR DEF=1
  2.242e+05  1.413e-03  4.855e-03  3.316e-01 -5.321e-02  6.230e-03 -9.650e-03 
  1.413e-03  5.594e-08  1.973e-10  3.942e-09 -6.710e-09  7.966e-09 -5.656e-09 
  4.855e-03  1.973e-10  4.576e-07 -6.676e-08  3.838e-09  6.394e-09 -1.071e-09 
  3.316e-01  3.942e-09 -6.676e-08  7.257e-05 -1.143e-05  1.725e-06 -1.824e-06 
 -5.321e-02 -6.710e-09  3.838e-09 -1.143e-05  1.843e-06 -3.151e-07  2.988e-07 
  6.230e-03  7.966e-09  6.394e-09  1.725e-06 -3.151e-07  1.832e-07 -2.258e-07 
 -9.650e-03 -5.656e-09 -1.071e-09 -1.824e-06  2.988e-07 -2.258e-07  3.971e-07 
ERR MATRIX NOT POS-DEF
 PARAMETER  CORRELATION COEFFICIENTS  
       NO.  GLOBAL      1      3      4     18     19     20     22
        1  0.10286   1.000  0.013  0.015  0.082 -0.083  0.031 -0.032
        3  0.13059   0.013  1.000  0.001  0.002 -0.021  0.079 -0.038
        4  0.05314   0.015  0.001  1.000 -0.012  0.004  0.022 -0.003
       18  0.99638   0.082  0.002 -0.012  1.000 -0.989  0.473 -0.340
       19  0.99683  -0.083 -0.021  0.004 -0.989  1.000 -0.542  0.349
       20  0.96240   0.031  0.079  0.022  0.473 -0.542  1.000 -0.837
       22  0.93694  -0.032 -0.038 -0.003 -0.340  0.349 -0.837  1.000
 ERR MATRIX NOT POS-DEF
MINUIT - FIT ONLY 1-CBO + other amplitudes 
 **********
 **   16 **RES 
 **********
                   PARAMETER   14  ANy2 RESTORED TO VARIABLE.
                   PARAMETER    8  phi_CBO RESTORED TO VARIABLE.
                   PARAMETER    7  w_CBO RESTORED TO VARIABLE.
                   PARAMETER    6  A_CBO RESTORED TO VARIABLE.
 **********
 **   17 **FIX            0
 **********
 PARAMETER    0  IS UNDEFINED. IGNORED.
 **********
 **   18 **FIX            1
 **********
 **********
 **   19 **FIX            2
 **********
 PARAMETER    2  IS CONSTANT.   IGNORED.
 **********
 **   20 **FIX            3
 **********
 **********
 **   21 **FIX            4
 **********
 **********
 **   22 **FIX            9
 **********
 PARAMETER    9  IS CONSTANT.   IGNORED.
 **********
 **   23 **FIX           11
 **********
 PARAMETER   11  IS CONSTANT.   IGNORED.
 **********
 **   24 **FIX           12
 **********
 PARAMETER   12  IS CONSTANT.   IGNORED.
 **********
 **   25 **FIX           14
 **********
 **********
 **   26 **FIX           15
 **********
 PARAMETER   15  IS CONSTANT.   IGNORED.
 **********
 **   27 **FIX           16
 **********
 PARAMETER   16  IS CONSTANT.   IGNORED.
 **********
 **   28 **MIGRAD
 **********
 START MIGRAD MINIMIZATION.  STRATEGY  1.  CONVERGENCE WHEN EDM .LT. 1.00e-04
 FCN=1779.46 FROM MIGRAD    STATUS=INITIATE       22 CALLS         394 TOTAL
                     EDM= unknown      STRATEGY= 1      NO ERROR MATRIX       
  EXT PARAMETER               CURRENT GUESS       STEP         FIRST   
  NO.   NAME      VALUE            ERROR          SIZE      DERIVATIVE 
   1  N0           2.70354e+06     fixed    
   2  tau          6.44083e+01   constant   
   3  A0           3.58507e-01     fixed    
   4  phi          4.11614e+00     fixed    
   5  R           -6.21699e+01   constant   
   6  A_CBO        2.62573e-03   1.00000e-05   1.00000e-05   5.12165e+04
   7  w_CBO        2.32715e+00   1.00000e-03   1.00000e-03  -4.92446e+02
   8  phi_CBO      4.59318e+00   1.00000e-04   1.00000e-04  -1.64767e-01
   9  ANx2         2.34902e-04   constant   
  10  pNx2         5.38708e+00   constant   
  11  ANy1         0.00000e+00   constant   
  12  pNy1         0.00000e+00   constant   
  13  w_y          0.00000e+00   constant   
  14  ANy2         8.91556e-03     fixed    
  15  pNy2         6.21709e+00   constant   
  16  w_vw         1.43264e+01   constant   
  17  LM           1.88334e-04   constant   
  18  wCBO_expCoeff   1.99952e+02   8.51890e-03   0.00000e+00  -5.66970e+00
  19  wCBO_expOffset   2.00009e+02   1.35744e-03  -0.00000e+00  -1.26046e+01
  20  wCBO_expT    2.99981e+01   4.28064e-04   0.00000e+00  -1.46974e+01
  21  wCBO_linCoeff   0.00000e+00   constant   
  22  wCBO_const  -4.52923e-03   6.30187e-04  -0.00000e+00  -1.41605e+01
 MIGRAD FAILS TO FIND IMPROVEMENT
 MIGRAD MINIMIZATION HAS CONVERGED.
 FCN=1738.47 FROM MIGRAD    STATUS=CONVERGED     184 CALLS         556 TOTAL
                     EDM=1.24275e-05    STRATEGY= 1  ERROR MATRIX UNCERTAINTY   3.2 per cent
  EXT PARAMETER                                   STEP         FIRST   
  NO.   NAME      VALUE            ERROR          SIZE      DERIVATIVE 
   1  N0           2.70354e+06     fixed    
   2  tau          6.44083e+01   constant   
   3  A0           3.58507e-01     fixed    
   4  phi          4.11614e+00     fixed    
   5  R           -6.21699e+01   constant   
   6  A_CBO        1.01883e-03   2.53948e-04   0.00000e+00  -5.08578e+00
   7  w_CBO        2.32716e+00   1.21384e-05   0.00000e+00  -1.17184e+02
   8  phi_CBO      4.40099e+00   4.29003e-01  -0.00000e+00  -3.29732e-03
   9  ANx2         2.34902e-04   constant   
  10  pNx2         5.38708e+00   constant   
  11  ANy1         0.00000e+00   constant   
  12  pNy1         0.00000e+00   constant   
  13  w_y          0.00000e+00   constant   
  14  ANy2         8.91556e-03     fixed    
  15  pNy2         6.21709e+00   constant   
  16  w_vw         1.43264e+01   constant   
  17  LM           1.88334e-04   constant   
  18  wCBO_expCoeff   1.99952e+02   1.06656e-03   0.00000e+00  -1.40086e+00
  19  wCBO_expOffset   2.00009e+02   3.48656e-04  -0.00000e+00   5.72780e+01
  20  wCBO_expT    2.99976e+01   7.31843e-04   0.00000e+00   4.70501e+00
  21  wCBO_linCoeff   0.00000e+00   constant   
  22  wCBO_const  -4.10440e-03   1.13590e-03  -0.00000e+00   6.16030e+00
 EXTERNAL ERROR MATRIX.    NDIM=  25    NPAR=  7    ERR DEF=1
  6.449e-08  1.533e-09  1.254e-05  1.370e-07 -4.792e-08  3.141e-08 -3.107e-08 
  1.533e-09  1.473e-10 -1.968e-06  6.531e-09 -2.303e-09 -2.465e-09 -2.391e-10 
  1.254e-05 -1.968e-06  1.840e-01 -1.774e-04 -1.011e-06  1.163e-04  7.439e-05 
  1.370e-07  6.531e-09 -1.774e-04  1.138e-06 -2.050e-07 -1.832e-07 -8.731e-08 
 -4.792e-08 -2.303e-09 -1.011e-06 -2.050e-07  1.216e-07 -5.548e-08  2.806e-08 
  3.141e-08 -2.465e-09  1.163e-04 -1.832e-07 -5.548e-08  5.356e-07 -6.329e-07 
 -3.107e-08 -2.391e-10  7.439e-05 -8.731e-08  2.806e-08 -6.329e-07  1.290e-06 
 PARAMETER  CORRELATION COEFFICIENTS  
       NO.  GLOBAL      6      7      8     18     19     20     22
        6  0.89262   1.000  0.497  0.115  0.506 -0.541  0.169 -0.108
        7  0.95964   0.497  1.000 -0.378  0.505 -0.544 -0.277 -0.017
        8  0.84579   0.115 -0.378  1.000 -0.388 -0.007  0.370  0.153
       18  0.96073   0.506  0.505 -0.388  1.000 -0.551 -0.235 -0.072
       19  0.97155  -0.541 -0.544 -0.007 -0.551  1.000 -0.217  0.071
       20  0.99236   0.169 -0.277  0.370 -0.235 -0.217  1.000 -0.761
       22  0.98723  -0.108 -0.017  0.153 -0.072  0.071 -0.761  1.000
MINUIT - FIT ONLY 1-CBO
 **********
 **   29 **RES 
 **********
                   PARAMETER   14  ANy2 RESTORED TO VARIABLE.
                   PARAMETER    4  phi RESTORED TO VARIABLE.
                   PARAMETER    3  A0 RESTORED TO VARIABLE.
                   PARAMETER    1  N0 RESTORED TO VARIABLE.
 **********
 **   30 **FIX            0
 **********
 PARAMETER    0  IS UNDEFINED. IGNORED.
 **********
 **   31 **FIX            1
 **********
 **********
 **   32 **FIX            2
 **********
 PARAMETER    2  IS CONSTANT.   IGNORED.
 **********
 **   33 **FIX            3
 **********
 **********
 **   34 **FIX            4
 **********
 **********
 **   35 **FIX            8
 **********
 **********
 **   36 **FIX            9
 **********
 PARAMETER    9  IS CONSTANT.   IGNORED.
 **********
 **   37 **FIX           11
 **********
 PARAMETER   11  IS CONSTANT.   IGNORED.
 **********
 **   38 **FIX           12
 **********
 PARAMETER   12  IS CONSTANT.   IGNORED.
 **********
 **   39 **FIX           13
 **********
 PARAMETER   13  IS CONSTANT.   IGNORED.
 **********
 **   40 **FIX           15
 **********
 PARAMETER   15  IS CONSTANT.   IGNORED.
 **********
 **   41 **FIX           16
 **********
 PARAMETER   16  IS CONSTANT.   IGNORED.
 **********
 **   42 **MIGRAD
 **********
 START MIGRAD MINIMIZATION.  STRATEGY  1.  CONVERGENCE WHEN EDM .LT. 1.00e-04
 FCN=1738.47 FROM MIGRAD    STATUS=INITIATE       16 CALLS         572 TOTAL
                     EDM= unknown      STRATEGY= 1      NO ERROR MATRIX       
  EXT PARAMETER               CURRENT GUESS       STEP         FIRST   
  NO.   NAME      VALUE            ERROR          SIZE      DERIVATIVE 
   1  N0           2.70354e+06     fixed    
   2  tau          6.44083e+01   constant   
   3  A0           3.58507e-01     fixed    
   4  phi          4.11614e+00     fixed    
   5  R           -6.21699e+01   constant   
   6  A_CBO        1.01883e-03   2.53948e-04   0.00000e+00  -5.08578e+00
   7  w_CBO        2.32716e+00   1.21384e-05   0.00000e+00  -1.17184e+02
   8  phi_CBO      4.40099e+00     fixed    
   9  ANx2         2.34902e-04   constant   
  10  pNx2         5.38708e+00   constant   
  11  ANy1         0.00000e+00   constant   
  12  pNy1         0.00000e+00   constant   
  13  w_y          0.00000e+00   constant   
  14  ANy2         8.91556e-03   1.00000e-04   1.00000e-04   2.89015e+05
  15  pNy2         6.21709e+00   constant   
  16  w_vw         1.43264e+01   constant   
  17  LM           1.88334e-04   constant   
  18  wCBO_expCoeff   1.99952e+02   1.06656e-03   0.00000e+00  -1.40086e+00
  19  wCBO_expOffset   2.00009e+02   3.48656e-04  -0.00000e+00   5.72780e+01
  20  wCBO_expT    2.99976e+01   7.31843e-04   0.00000e+00   4.70501e+00
  21  wCBO_linCoeff   0.00000e+00   constant   
  22  wCBO_const  -4.10440e-03   1.13590e-03  -0.00000e+00   6.16030e+00
 MIGRAD MINIMIZATION HAS CONVERGED.
 MIGRAD WILL VERIFY CONVERGENCE AND ERROR MATRIX.
 COVARIANCE MATRIX CALCULATED SUCCESSFULLY
 FCN=439.089 FROM MIGRAD    STATUS=CONVERGED     363 CALLS         919 TOTAL
                     EDM=9.91553e-07    STRATEGY= 1      ERROR MATRIX ACCURATE 
  EXT PARAMETER                                   STEP         FIRST   
  NO.   NAME      VALUE            ERROR          SIZE      DERIVATIVE 
   1  N0           2.70354e+06     fixed    
   2  tau          6.44083e+01   constant   
   3  A0           3.58507e-01     fixed    
   4  phi          4.11614e+00     fixed    
   5  R           -6.21699e+01   constant   
   6  A_CBO        3.22244e-04   2.55258e-04   2.54344e-06  -5.17923e+00
   7  w_CBO        2.32717e+00   2.35868e-04   1.10968e-06   3.09235e+01
   8  phi_CBO      4.40099e+00     fixed    
   9  ANx2         2.34902e-04   constant   
  10  pNx2         5.38708e+00   constant   
  11  ANy1         0.00000e+00   constant   
  12  pNy1         0.00000e+00   constant   
  13  w_y          0.00000e+00   constant   
  14  ANy2        -7.90687e-05   2.49571e-04   2.54590e-06   5.42365e-01
  15  pNy2         6.21709e+00   constant   
  16  w_vw         1.43264e+01   constant   
  17  LM           1.88334e-04   constant   
  18  wCBO_expCoeff   1.99953e+02   2.02866e-02   9.53452e-05   3.56276e-01
  19  wCBO_expOffset   2.00009e+02   1.01132e-03   9.53717e-05   2.35510e+00
  20  wCBO_expT    2.99959e+01   1.05633e-03   1.43032e-05   1.20097e+00
  21  wCBO_linCoeff   0.00000e+00   constant   
  22  wCBO_const  -1.49252e-03   1.30747e-03   5.84755e-06   6.76677e-01
 EXTERNAL ERROR MATRIX.    NDIM=  25    NPAR=  7    ERR DEF=1
  6.516e-08 -4.552e-10  3.368e-09 -3.408e-08 -2.438e-09  3.456e-08 -3.711e-10 
 -4.552e-10  5.563e-08  4.184e-11 -4.546e-06 -3.233e-08 -1.127e-09 -2.834e-08 
  3.368e-09  4.184e-11  6.229e-08  7.500e-09 -7.578e-09  1.829e-08 -2.086e-08 
 -3.408e-08 -4.546e-06  7.500e-09  4.115e-04 -2.951e-06  2.513e-08  1.469e-06 
 -2.438e-09 -3.233e-08 -7.578e-09 -2.951e-06  1.023e-06 -3.412e-07  2.558e-07 
  3.456e-08 -1.127e-09  1.829e-08  2.513e-08 -3.412e-07  1.116e-06 -1.037e-06 
 -3.711e-10 -2.834e-08 -2.086e-08  1.469e-06  2.558e-07 -1.037e-06  1.709e-06 
 PARAMETER  CORRELATION COEFFICIENTS  
       NO.  GLOBAL      6      7     14     18     19     20     22
        6  0.23160   1.000 -0.008  0.053 -0.007 -0.009  0.128 -0.001
        7  0.99720  -0.008  1.000  0.001 -0.950 -0.136 -0.005 -0.092
       14  0.09067   0.053  0.001  1.000  0.001 -0.030  0.069 -0.064
       18  0.99715  -0.007 -0.950  0.001  1.000 -0.144  0.001  0.055
       19  0.97356  -0.009 -0.136 -0.030 -0.144  1.000 -0.319  0.193
       20  0.94758   0.128 -0.005  0.069  0.001 -0.319  1.000 -0.751
       22  0.89969  -0.001 -0.092 -0.064  0.055  0.193 -0.751  1.000
MINUIT - FIT ONLY 2-CBO
 **********
 **   43 **RES 
 **********
                   PARAMETER    8  phi_CBO RESTORED TO VARIABLE.
                   PARAMETER    4  phi RESTORED TO VARIABLE.
                   PARAMETER    3  A0 RESTORED TO VARIABLE.
                   PARAMETER    1  N0 RESTORED TO VARIABLE.
 **********
 **   44 **FIX            0
 **********
 PARAMETER    0  IS UNDEFINED. IGNORED.
 **********
 **   45 **FIX            1
 **********
 **********
 **   46 **FIX            2
 **********
 PARAMETER    2  IS CONSTANT.   IGNORED.
 **********
 **   47 **FIX            3
 **********
 **********
 **   48 **FIX            4
 **********
 **********
 **   49 **FIX            5
 **********
 PARAMETER    5  IS CONSTANT.   IGNORED.
 **********
 **   50 **FIX            6
 **********
 **********
 **   51 **FIX            7
 **********
 **********
 **   52 **FIX           10
 **********
 PARAMETER   10  IS CONSTANT.   IGNORED.
 **********
 **   53 **FIX           11
 **********
 PARAMETER   11  IS CONSTANT.   IGNORED.
 **********
 **   54 **FIX           12
 **********
 PARAMETER   12  IS CONSTANT.   IGNORED.
 **********
 **   55 **FIX           13
 **********
 PARAMETER   13  IS CONSTANT.   IGNORED.
 **********
 **   56 **FIX           14
 **********
 **********
 **   57 **FIX           15
 **********
 PARAMETER   15  IS CONSTANT.   IGNORED.
 **********
 **   58 **FIX           16
 **********
 PARAMETER   16  IS CONSTANT.   IGNORED.
 **********
 **   59 **MIGRAD
 **********
 START MIGRAD MINIMIZATION.  STRATEGY  1.  CONVERGENCE WHEN EDM .LT. 1.00e-04
 FCN=439.089 FROM MIGRAD    STATUS=INITIATE       12 CALLS         931 TOTAL
                     EDM= unknown      STRATEGY= 1      NO ERROR MATRIX       
  EXT PARAMETER               CURRENT GUESS       STEP         FIRST   
  NO.   NAME      VALUE            ERROR          SIZE      DERIVATIVE 
   1  N0           2.70354e+06     fixed    
   2  tau          6.44083e+01   constant   
   3  A0           3.58507e-01     fixed    
   4  phi          4.11614e+00     fixed    
   5  R           -6.21699e+01   constant   
   6  A_CBO        3.22244e-04     fixed    
   7  w_CBO        2.32717e+00     fixed    
   8  phi_CBO      4.40099e+00   4.29003e-01   4.29003e-01   1.11702e+00
   9  ANx2         2.34902e-04   constant   
  10  pNx2         5.38708e+00   constant   
  11  ANy1         0.00000e+00   constant   
  12  pNy1         0.00000e+00   constant   
  13  w_y          0.00000e+00   constant   
  14  ANy2        -7.90687e-05     fixed    
  15  pNy2         6.21709e+00   constant   
  16  w_vw         1.43264e+01   constant   
  17  LM           1.88334e-04   constant   
  18  wCBO_expCoeff   1.99953e+02   2.02866e-02   9.53452e-05   3.44778e-01
  19  wCBO_expOffset   2.00009e+02   1.01132e-03   9.53717e-05  -1.97837e+00
  20  wCBO_expT    2.99959e+01   1.05633e-03   1.43032e-05   1.10558e+00
  21  wCBO_linCoeff   0.00000e+00   constant   
  22  wCBO_const  -1.49252e-03   1.30747e-03   5.84755e-06   6.76129e-01
 MIGRAD FAILS TO FIND IMPROVEMENT
 MIGRAD MINIMIZATION HAS CONVERGED.
 FCN=436.973 FROM MIGRAD    STATUS=CONVERGED     163 CALLS        1082 TOTAL
                     EDM=1.18511e-05    STRATEGY= 1  ERROR MATRIX UNCERTAINTY   4.1 per cent
  EXT PARAMETER                                   STEP         FIRST   
  NO.   NAME      VALUE            ERROR          SIZE      DERIVATIVE 
   1  N0           2.70354e+06     fixed    
   2  tau          6.44083e+01   constant   
   3  A0           3.58507e-01     fixed    
   4  phi          4.11614e+00     fixed    
   5  R           -6.21699e+01   constant   
   6  A_CBO        3.22244e-04     fixed    
   7  w_CBO        2.32717e+00     fixed    
   8  phi_CBO      3.57373e+00   7.31933e-01   0.00000e+00   4.02083e-03
   9  ANx2         2.34902e-04   constant   
  10  pNx2         5.38708e+00   constant   
  11  ANy1         0.00000e+00   constant   
  12  pNy1         0.00000e+00   constant   
  13  w_y          0.00000e+00   constant   
  14  ANy2        -7.90687e-05     fixed    
  15  pNy2         6.21709e+00   constant   
  16  w_vw         1.43264e+01   constant   
  17  LM           1.88334e-04   constant   
  18  wCBO_expCoeff   1.99958e+02   3.14289e-03   0.00000e+00  -1.34016e+00
  19  wCBO_expOffset   2.00010e+02   2.81126e-04  -0.00000e+00   1.93269e+01
  20  wCBO_expT    2.99937e+01   9.15215e-04  -0.00000e+00  -1.12460e+00
  21  wCBO_linCoeff   0.00000e+00   constant   
  22  wCBO_const  -3.84910e-04   1.02742e-03  -0.00000e+00  -1.73050e+00
 EXTERNAL ERROR MATRIX.    NDIM=  25    NPAR=  5    ERR DEF=1
  5.357e-01  8.683e-04 -1.501e-04  1.632e-04  4.021e-05 
  8.683e-04  9.878e-06 -4.097e-07 -1.141e-06 -1.363e-07 
 -1.501e-04 -4.097e-07  7.903e-08 -9.865e-08  8.119e-08 
  1.632e-04 -1.141e-06 -9.865e-08  8.376e-07 -6.248e-07 
  4.021e-05 -1.363e-07  8.119e-08 -6.248e-07  1.056e-06 
 PARAMETER  CORRELATION COEFFICIENTS  
       NO.  GLOBAL      8     18     19     20     22
        8  0.84022   1.000  0.377 -0.729  0.244  0.053
       18  0.89407   0.377  1.000 -0.464 -0.397 -0.042
       19  0.85175  -0.729 -0.464  1.000 -0.383  0.281
       20  0.93589   0.244 -0.397 -0.383  1.000 -0.664
       22  0.88224   0.053 -0.042  0.281 -0.664  1.000
MINUIT - FIT ONLY 1-y
 **********
 **   60 **RES 
 **********
                   PARAMETER   14  ANy2 RESTORED TO VARIABLE.
                   PARAMETER    7  w_CBO RESTORED TO VARIABLE.
                   PARAMETER    6  A_CBO RESTORED TO VARIABLE.
                   PARAMETER    4  phi RESTORED TO VARIABLE.
                   PARAMETER    3  A0 RESTORED TO VARIABLE.
                   PARAMETER    1  N0 RESTORED TO VARIABLE.
 **********
 **   61 **FIX            0
 **********
 PARAMETER    0  IS UNDEFINED. IGNORED.
 **********
 **   62 **FIX            1
 **********
 **********
 **   63 **FIX            2
 **********
 PARAMETER    2  IS CONSTANT.   IGNORED.
 **********
 **   64 **FIX            3
 **********
 **********
 **   65 **FIX            4
 **********
 **********
 **   66 **FIX            5
 **********
 PARAMETER    5  IS CONSTANT.   IGNORED.
 **********
 **   67 **FIX            6
 **********
 **********
 **   68 **FIX            7
 **********
 **********
 **   69 **FIX            8
 **********
 **********
 **   70 **FIX            9
 **********
 PARAMETER    9  IS CONSTANT.   IGNORED.
 **********
 **   71 **FIX           13
 **********
 PARAMETER   13  IS CONSTANT.   IGNORED.
 **********
 **   72 **FIX           14
 **********
 **********
 **   73 **FIX           15
 **********
 PARAMETER   15  IS CONSTANT.   IGNORED.
 **********
 **   74 **FIX           16
 **********
 PARAMETER   16  IS CONSTANT.   IGNORED.
 **********
 **   75 **MIGRAD
 **********
 START MIGRAD MINIMIZATION.  STRATEGY  1.  CONVERGENCE WHEN EDM .LT. 1.00e-04
 FCN=436.973 FROM MIGRAD    STATUS=INITIATE        8 CALLS        1090 TOTAL
                     EDM= unknown      STRATEGY= 1      NO ERROR MATRIX       
  EXT PARAMETER               CURRENT GUESS       STEP         FIRST   
  NO.   NAME      VALUE            ERROR          SIZE      DERIVATIVE 
   1  N0           2.70354e+06     fixed    
   2  tau          6.44083e+01   constant   
   3  A0           3.58507e-01     fixed    
   4  phi          4.11614e+00     fixed    
   5  R           -6.21699e+01   constant   
   6  A_CBO        3.22244e-04     fixed    
   7  w_CBO        2.32717e+00     fixed    
   8  phi_CBO      3.57373e+00     fixed    
   9  ANx2         2.34902e-04   constant   
  10  pNx2         5.38708e+00   constant   
  11  ANy1         0.00000e+00   constant   
  12  pNy1         0.00000e+00   constant   
  13  w_y          0.00000e+00   constant   
  14  ANy2        -7.90687e-05     fixed    
  15  pNy2         6.21709e+00   constant   
  16  w_vw         1.43264e+01   constant   
  17  LM           1.88334e-04   constant   
  18  wCBO_expCoeff   1.99958e+02   3.14289e-03   0.00000e+00  -1.34016e+00
  19  wCBO_expOffset   2.00010e+02   2.81126e-04  -0.00000e+00   1.93269e+01
  20  wCBO_expT    2.99937e+01   9.15215e-04  -0.00000e+00  -1.12460e+00
  21  wCBO_linCoeff   0.00000e+00   constant   
  22  wCBO_const  -3.84910e-04   1.02742e-03  -0.00000e+00  -1.73050e+00
 MIGRAD FAILS TO FIND IMPROVEMENT
 FCN=436.973 FROM HESSE     STATUS=NOT POSDEF     27 CALLS        1128 TOTAL
                     EDM=3.55501e-06    STRATEGY= 1      ERR MATRIX NOT POS-DEF
  EXT PARAMETER                APPROXIMATE        STEP         FIRST   
  NO.   NAME      VALUE            ERROR          SIZE      DERIVATIVE 
   1  N0           2.70354e+06     fixed    
   2  tau          6.44083e+01   constant   
   3  A0           3.58507e-01     fixed    
   4  phi          4.11614e+00     fixed    
   5  R           -6.21699e+01   constant   
   6  A_CBO        3.22244e-04     fixed    
   7  w_CBO        2.32717e+00     fixed    
   8  phi_CBO      3.57373e+00     fixed    
   9  ANx2         2.34902e-04   constant   
  10  pNx2         5.38708e+00   constant   
  11  ANy1         0.00000e+00   constant   
  12  pNy1         0.00000e+00   constant   
  13  w_y          0.00000e+00   constant   
  14  ANy2        -7.90687e-05     fixed    
  15  pNy2         6.21709e+00   constant   
  16  w_vw         1.43264e+01   constant   
  17  LM           1.88334e-04   constant   
  18  wCBO_expCoeff   1.99958e+02   1.74247e-02   9.53472e-05  -1.43891e+00
  19  wCBO_expOffset   2.00010e+02   2.49739e-03   9.53720e-05  -9.30352e+00
  20  wCBO_expT    2.99937e+01   8.59080e-04   1.43021e-05  -1.08433e+00
  21  wCBO_linCoeff   0.00000e+00   constant   
  22  wCBO_const  -3.84910e-04   9.89470e-04   5.33530e-06  -1.72922e+00
 MIGRAD FAILS TO FIND IMPROVEMENT
 MIGRAD TERMINATED WITHOUT CONVERGENCE.
 FCN=436.973 FROM MIGRAD    STATUS=FAILED         67 CALLS        1149 TOTAL
                     EDM=0.00121553    STRATEGY= 1      ERR MATRIX NOT POS-DEF
  EXT PARAMETER                APPROXIMATE        STEP         FIRST   
  NO.   NAME      VALUE            ERROR          SIZE      DERIVATIVE 
   1  N0           2.70354e+06     fixed    
   2  tau          6.44083e+01   constant   
   3  A0           3.58507e-01     fixed    
   4  phi          4.11614e+00     fixed    
   5  R           -6.21699e+01   constant   
   6  A_CBO        3.22244e-04     fixed    
   7  w_CBO        2.32717e+00     fixed    
   8  phi_CBO      3.57373e+00     fixed    
   9  ANx2         2.34902e-04   constant   
  10  pNx2         5.38708e+00   constant   
  11  ANy1         0.00000e+00   constant   
  12  pNy1         0.00000e+00   constant   
  13  w_y          0.00000e+00   constant   
  14  ANy2        -7.90687e-05     fixed    
  15  pNy2         6.21709e+00   constant   
  16  w_vw         1.43264e+01   constant   
  17  LM           1.88334e-04   constant   
  18  wCBO_expCoeff   1.99958e+02   1.00000e+00   0.00000e+00  -8.27664e-02
  19  wCBO_expOffset   2.00010e+02   1.00000e+00  -0.00000e+00   2.74565e+01
  20  wCBO_expT    2.99937e+01   1.00000e+00   0.00000e+00  -1.07916e+00
  21  wCBO_linCoeff   0.00000e+00   constant   
  22  wCBO_const  -3.84128e-04   1.00000e+00   0.00000e+00  -3.54033e-01
 EXTERNAL ERROR MATRIX.    NDIM=  25    NPAR=  4    ERR DEF=1
  1.000e+00  1.038e-06 -1.039e-06 -1.016e-07 
  1.038e-06  1.000e+00 -1.555e-08  1.247e-08 
 -1.039e-06 -1.555e-08  1.000e+00 -4.760e-07 
 -1.016e-07  1.247e-08 -4.760e-07  1.000e+00 
ERR MATRIX NOT POS-DEF
 PARAMETER  CORRELATION COEFFICIENTS  
       NO.  GLOBAL     18     19     20     22
       18  0.00000   1.000  0.000 -0.000 -0.000
       19  0.00000   0.000  1.000 -0.000  0.000
       20  0.00000  -0.000 -0.000  1.000 -0.000
       22  0.00000  -0.000  0.000 -0.000  1.000
 ERR MATRIX NOT POS-DEF
MINUIT - FIT ONLY 2-y
 **********
 **   76 **RES 
 **********
                   PARAMETER   14  ANy2 RESTORED TO VARIABLE.
                   PARAMETER    8  phi_CBO RESTORED TO VARIABLE.
                   PARAMETER    7  w_CBO RESTORED TO VARIABLE.
                   PARAMETER    6  A_CBO RESTORED TO VARIABLE.
                   PARAMETER    4  phi RESTORED TO VARIABLE.
                   PARAMETER    3  A0 RESTORED TO VARIABLE.
                   PARAMETER    1  N0 RESTORED TO VARIABLE.
 **********
 **   77 **FIX            0
 **********
 PARAMETER    0  IS UNDEFINED. IGNORED.
 **********
 **   78 **FIX            1
 **********
 **********
 **   79 **FIX            2
 **********
 PARAMETER    2  IS CONSTANT.   IGNORED.
 **********
 **   80 **FIX            3
 **********
 **********
 **   81 **FIX            4
 **********
 **********
 **   82 **FIX            5
 **********
 PARAMETER    5  IS CONSTANT.   IGNORED.
 **********
 **   83 **FIX            6
 **********
 **********
 **   84 **FIX            7
 **********
 **********
 **   85 **FIX            8
 **********
 **********
 **   86 **FIX            9
 **********
 PARAMETER    9  IS CONSTANT.   IGNORED.
 **********
 **   87 **FIX           10
 **********
 PARAMETER   10  IS CONSTANT.   IGNORED.
 **********
 **   88 **FIX           11
 **********
 PARAMETER   11  IS CONSTANT.   IGNORED.
 **********
 **   89 **FIX           12
 **********
 PARAMETER   12  IS CONSTANT.   IGNORED.
 **********
 **   90 **FIX           16
 **********
 PARAMETER   16  IS CONSTANT.   IGNORED.
 **********
 **   91 **MIGRAD
 **********
 START MIGRAD MINIMIZATION.  STRATEGY  1.  CONVERGENCE WHEN EDM .LT. 1.00e-04
 FCN=436.973 FROM MIGRAD    STATUS=INITIATE       10 CALLS        1159 TOTAL
                     EDM= unknown      STRATEGY= 1      NO ERROR MATRIX       
  EXT PARAMETER               CURRENT GUESS       STEP         FIRST   
  NO.   NAME      VALUE            ERROR          SIZE      DERIVATIVE 
   1  N0           2.70354e+06     fixed    
   2  tau          6.44083e+01   constant   
   3  A0           3.58507e-01     fixed    
   4  phi          4.11614e+00     fixed    
   5  R           -6.21699e+01   constant   
   6  A_CBO        3.22244e-04     fixed    
   7  w_CBO        2.32717e+00     fixed    
   8  phi_CBO      3.57373e+00     fixed    
   9  ANx2         2.34902e-04   constant   
  10  pNx2         5.38708e+00   constant   
  11  ANy1         0.00000e+00   constant   
  12  pNy1         0.00000e+00   constant   
  13  w_y          0.00000e+00   constant   
  14  ANy2        -7.90687e-05   2.49571e-04   2.49571e-04   1.45110e+02
  15  pNy2         6.21709e+00   constant   
  16  w_vw         1.43264e+01   constant   
  17  LM           1.88334e-04   constant   
  18  wCBO_expCoeff   1.99958e+02   1.00000e+00   0.00000e+00  -8.27664e-02
  19  wCBO_expOffset   2.00010e+02   1.00000e+00  -0.00000e+00   2.74565e+01
  20  wCBO_expT    2.99937e+01   1.00000e+00   0.00000e+00  -1.07916e+00
  21  wCBO_linCoeff   0.00000e+00   constant   
  22  wCBO_const  -3.84128e-04   1.00000e+00   0.00000e+00  -3.54034e-01
 MIGRAD FAILS TO FIND IMPROVEMENT
 MIGRAD MINIMIZATION HAS CONVERGED.
 MIGRAD WILL VERIFY CONVERGENCE AND ERROR MATRIX.
 FCN=436.972 FROM MIGRAD    STATUS=CONVERGED      81 CALLS        1230 TOTAL
                     EDM=1.38638e-06    STRATEGY= 1      ERR MATRIX NOT POS-DEF
  EXT PARAMETER                APPROXIMATE        STEP         FIRST   
  NO.   NAME      VALUE            ERROR          SIZE      DERIVATIVE 
   1  N0           2.70354e+06     fixed    
   2  tau          6.44083e+01   constant   
   3  A0           3.58507e-01     fixed    
   4  phi          4.11614e+00     fixed    
   5  R           -6.21699e+01   constant   
   6  A_CBO        3.22244e-04     fixed    
   7  w_CBO        2.32717e+00     fixed    
   8  phi_CBO      3.57373e+00     fixed    
   9  ANx2         2.34902e-04   constant   
  10  pNx2         5.38708e+00   constant   
  11  ANy1         0.00000e+00   constant   
  12  pNy1         0.00000e+00   constant   
  13  w_y          0.00000e+00   constant   
  14  ANy2        -8.36505e-05   2.47797e-04   2.53975e-06  -2.85020e+00
  15  pNy2         6.21709e+00   constant   
  16  w_vw         1.43264e+01   constant   
  17  LM           1.88334e-04   constant   
  18  wCBO_expCoeff   1.99958e+02   1.74266e-02   9.53472e-05  -4.04887e-01
  19  wCBO_expOffset   2.00010e+02   2.49702e-03   9.53720e-05  -2.41197e+00
  20  wCBO_expT    2.99937e+01   8.59669e-04   1.43021e-05   9.35207e-02
  21  wCBO_linCoeff   0.00000e+00   constant   
  22  wCBO_const  -3.83615e-04   9.89990e-04   5.33583e-06   6.59775e-01
 EXTERNAL ERROR MATRIX.    NDIM=  25    NPAR=  5    ERR DEF=1
  6.140e-08  1.710e-07 -2.210e-08 -4.059e-09 -2.679e-09 
  1.710e-07  3.037e-04 -4.304e-05 -7.000e-06  4.230e-06 
 -2.210e-08 -4.304e-05  6.235e-06  8.215e-07 -6.004e-07 
 -4.059e-09 -7.000e-06  8.215e-07  7.390e-07 -5.827e-07 
 -2.679e-09  4.230e-06 -6.004e-07 -5.827e-07  9.801e-07 
ERR MATRIX NOT POS-DEF
 PARAMETER  CORRELATION COEFFICIENTS  
