 + ++++++++++++++++++++++++++++++++++++++++++++++++++++++++++++++++++++ +
 +                                                                      +
 +           You have chose to blind your fitting according to          +
 +                omega_ref * (1 + (R +/- deltaR) *10^{-6})             +
 +                                                                      +
 + ++++++++++++++++++++++++++++++++++++++++++++++++++++++++++++++++++++ +
In main()...
reading format from /gm2data/zkhechad/run45/envelope/formats/formatB_sBin_constraintOn.txt
pBinTau 	= 0  
pBinPhi 	= 0  
constraintau 	= 1 
includeMopTerm 	= 0    
constrainMop    = 0   
Parameters after format file: pBinTau 0 pBinPhi 0 constraintau 1 includeMopTerm 0 constrainMop 0 c_e_scale 0.000000 
reading cbo reference file (full fit) from /gm2data/zkhechad/cboTemplates/Run4CBOTemplates/fullFits/run4/sBin_constraintOn_cE0.0_seed0_run4_calo24.root
A_CBO 0.008786 w_CBO 2.327157 phi_CBO 2.253382 N0 3075736.764901 R -61.041197 tau 64.406859 
Reading cboRef file /gm2data/zkhechad/cboTemplates/Run4CBOTemplates//cboIsolate/run4_calo24.root
deltaT 164.120000
windowBins = 1100
fitting sliding window 2480 from bin 2683 at 400.303600 to bin 3783 at 564.423600 (1100 bins)

Reading data from /gm2data/cornell/histograms/aMethod/histogram_a_run4.root
fitting cbo isolate
 **********
 **    1 **SET PRINTOUT            1
 **********
 **********
 **    2 **SET NOWARNINGS 
 **********
 PARAMETER DEFINITIONS:
    NO.   NAME         VALUE      STEP SIZE      LIMITS
     1 A_CBO        8.78574e-03  1.00000e-05     no limits
     2 w_CBO        2.32716e+00  1.00000e-02    2.00000e+00  3.00000e+00
     3 phi_CBO      2.25338e+00  1.00000e-02    0.00000e+00  6.28319e+00
 **********
 **    3 **MIGRAD
 **********
 FIRST CALL TO USER FUNCTION AT NEW START POINT, WITH IFLAG=4.
 START MIGRAD MINIMIZATION.  STRATEGY  1.  CONVERGENCE WHEN EDM .LT. 1.00e-04
 FCN=0.330948 FROM MIGRAD    STATUS=INITIATE       12 CALLS          13 TOTAL
                     EDM= unknown      STRATEGY= 1      NO ERROR MATRIX       
  EXT PARAMETER               CURRENT GUESS       STEP         FIRST   
  NO.   NAME      VALUE            ERROR          SIZE      DERIVATIVE 
   1  A_CBO        8.78574e-03   1.00000e-05   1.00000e-05   6.29380e+00
   2  w_CBO        2.32716e+00   1.00000e-02   2.13163e-02   3.78240e+00
   3  phi_CBO      2.25338e+00   1.00000e-02   3.31850e-03  -4.91321e-02
 MIGRAD MINIMIZATION HAS CONVERGED.
 MIGRAD WILL VERIFY CONVERGENCE AND ERROR MATRIX.
 COVARIANCE MATRIX CALCULATED SUCCESSFULLY
 FCN=0.311442 FROM MIGRAD    STATUS=CONVERGED      55 CALLS          56 TOTAL
                     EDM=5.88214e-06    STRATEGY= 1      ERROR MATRIX ACCURATE 
  EXT PARAMETER                                   STEP         FIRST   
  NO.   NAME      VALUE            ERROR          SIZE      DERIVATIVE 
   1  A_CBO        3.54045e-03   4.26534e-02   2.38289e-05   2.76417e-02
   2  w_CBO        2.32667e+00   2.28975e-01   2.98770e-05  -3.82059e-03
   3  phi_CBO      2.51157e+00   4.23382e+00   2.24842e-03  -3.16062e-05
 EXTERNAL ERROR MATRIX.    NDIM=  25    NPAR=  3    ERR DEF=1
  1.819e-03 -4.879e-04 -2.411e-01 
 -4.879e-04  5.722e-02  2.828e+01 
 -2.411e-01  2.828e+01  1.412e+04 
 PARAMETER  CORRELATION COEFFICIENTS  
       NO.  GLOBAL      1      2      3
        1  0.04782   1.000 -0.048 -0.048
        2  0.99481  -0.048  1.000  0.995
        3  0.99481  -0.048  0.995  1.000
setting A_CBO=0.003540 w_CBO=2.326668, phi_CBO=2.511568
done fitting cbo isolate
 **********
 **    1 **SET PRINTOUT            1
 **********
 **********
 **    2 **SET NOWARNINGS 
 **********
 PARAMETER DEFINITIONS:
    NO.   NAME         VALUE      STEP SIZE      LIMITS
     1 N0           3.07574e+06  1.00000e+02     no limits
     2 tau          6.44069e+01  constant
     3 A0           3.65045e-01  1.00000e-04     no limits
     4 phi          4.11943e+00  1.00000e-02     no limits
     5 R           -6.10412e+01  constant
     6 A_CBO        3.54045e-03  1.00000e-05     no limits
     7 w_CBO        2.32667e+00  1.00000e-03     no limits
     8 phi_CBO      2.51157e+00  1.00000e-04     no limits
     9 ANx2         1.88981e-04  constant
    10 pNx2         1.59299e+00  constant
    11 ANy1         0.00000e+00  constant
    12 pNy1         0.00000e+00  constant
    13 w_y          0.00000e+00  constant
    14 ANy2         1.39657e-02  1.00000e-04     no limits
    15 pNy2         4.84726e+00  constant
    16 w_vw         1.43184e+01  constant
    17 LM           1.57605e-04  constant
    18 wCBO_expCoeff   2.00000e+02  1.00000e+00     no limits
    19 wCBO_expOffset   2.00000e+02  1.00000e+00     no limits
    20 wCBO_expT    3.00000e+01  1.00000e+00     no limits
    21 wCBO_linCoeff   0.00000e+00  constant
    22 wCBO_const   0.00000e+00  1.00000e-02     no limits
MINUIT - FIT ONLY WIGGLE
 **********
 **    3 **FIX            5
 **********
 PARAMETER    5  IS CONSTANT.   IGNORED.
 **********
 **    4 **FIX            6
 **********
 **********
 **    5 **FIX            7
 **********
 **********
 **    6 **FIX            8
 **********
 **********
 **    7 **FIX            9
 **********
 PARAMETER    9  IS CONSTANT.   IGNORED.
 **********
 **    8 **FIX           10
 **********
 PARAMETER   10  IS CONSTANT.   IGNORED.
 **********
 **    9 **FIX           11
 **********
 PARAMETER   11  IS CONSTANT.   IGNORED.
 **********
 **   10 **FIX           12
 **********
 PARAMETER   12  IS CONSTANT.   IGNORED.
 **********
 **   11 **FIX           13
 **********
 PARAMETER   13  IS CONSTANT.   IGNORED.
 **********
 **   12 **FIX           14
 **********
 **********
 **   13 **FIX           15
 **********
 PARAMETER   15  IS CONSTANT.   IGNORED.
 **********
 **   14 **FIX           16
 **********
 PARAMETER   16  IS CONSTANT.   IGNORED.
 **********
 **   15 **MIGRAD
 **********
 FIRST CALL TO USER FUNCTION AT NEW START POINT, WITH IFLAG=4.
 START MIGRAD MINIMIZATION.  STRATEGY  1.  CONVERGENCE WHEN EDM .LT. 1.00e-04
 FCN=511.068 FROM MIGRAD    STATUS=INITIATE       54 CALLS          55 TOTAL
                     EDM= unknown      STRATEGY= 1      NO ERROR MATRIX       
  EXT PARAMETER               CURRENT GUESS       STEP         FIRST   
  NO.   NAME      VALUE            ERROR          SIZE      DERIVATIVE 
   1  N0           3.07574e+06   1.00000e+02   0.00000e+00   1.87389e-04
   2  tau          6.44069e+01   constant   
   3  A0           3.65045e-01   1.00000e-04   0.00000e+00  -1.26511e+02
   4  phi          4.11943e+00   1.00000e-02   0.00000e+00  -8.42437e+02
   5  R           -6.10412e+01   constant   
   6  A_CBO        3.54045e-03     fixed    
   7  w_CBO        2.32667e+00     fixed    
   8  phi_CBO      2.51157e+00     fixed    
   9  ANx2         1.88981e-04   constant   
  10  pNx2         1.59299e+00   constant   
  11  ANy1         0.00000e+00   constant   
  12  pNy1         0.00000e+00   constant   
  13  w_y          0.00000e+00   constant   
  14  ANy2         1.39657e-02     fixed    
  15  pNy2         4.84726e+00   constant   
  16  w_vw         1.43184e+01   constant   
  17  LM           1.57605e-04   constant   
  18  wCBO_expCoeff   2.04555e+02   1.00000e+00   4.55496e+00  -5.59932e-02
  19  wCBO_expOffset   2.00000e+02   1.00000e+00   0.00000e+00  -3.81768e-01
  20  wCBO_expT    3.00000e+01   1.00000e+00   0.00000e+00   1.16406e+00
  21  wCBO_linCoeff   0.00000e+00   constant   
  22  wCBO_const   0.00000e+00   1.00000e-02   0.00000e+00   1.34341e+03
 MIGRAD MINIMIZATION HAS CONVERGED.
 MIGRAD WILL VERIFY CONVERGENCE AND ERROR MATRIX.
 FCN=509.229 FROM MIGRAD    STATUS=CONVERGED     183 CALLS         184 TOTAL
                     EDM=5.93289e-06    STRATEGY= 1      ERR MATRIX NOT POS-DEF
  EXT PARAMETER                APPROXIMATE        STEP         FIRST   
  NO.   NAME      VALUE            ERROR          SIZE      DERIVATIVE 
   1  N0           3.07516e+06   2.34068e+03   2.35195e+01   3.23343e-07
   2  tau          6.44069e+01   constant   
   3  A0           3.65006e-01   9.98352e-04   1.09421e-05   3.24349e-01
   4  phi          4.12276e+00   2.93287e-03   3.12206e-05  -1.58508e-01
   5  R           -6.10412e+01   constant   
   6  A_CBO        3.54045e-03     fixed    
   7  w_CBO        2.32667e+00     fixed    
   8  phi_CBO      2.51157e+00     fixed    
   9  ANx2         1.88981e-04   constant   
  10  pNx2         1.59299e+00   constant   
  11  ANy1         0.00000e+00   constant   
  12  pNy1         0.00000e+00   constant   
  13  w_y          0.00000e+00   constant   
  14  ANy2         1.39657e-02     fixed    
  15  pNy2         4.84726e+00   constant   
  16  w_vw         1.43184e+01   constant   
  17  LM           1.57605e-04   constant   
  18  wCBO_expCoeff   2.05002e+02   1.29784e+01   1.11890e-02   6.01167e-04
  19  wCBO_expOffset   2.00066e+02   1.90169e+00   1.63787e-03   4.10745e-03
  20  wCBO_expT    3.00053e+01   2.57694e-01   2.24068e-04   1.94723e-02
  21  wCBO_linCoeff   0.00000e+00   constant   
  22  wCBO_const  -4.51720e-04   1.07898e-03   5.39121e-06   1.76750e+00
 EXTERNAL ERROR MATRIX.    NDIM=  25    NPAR=  7    ERR DEF=1
  5.479e+06  5.295e-02 -4.677e-01  1.062e+03  1.563e+02 -4.700e+01 -1.142e-01 
  5.295e-02  9.967e-07  1.163e-08  1.919e-04  2.810e-05 -1.305e-05  1.175e-07 
 -4.677e-01  1.163e-08  8.602e-06 -3.238e-04 -4.782e-05  8.236e-06  4.874e-07 
  1.062e+03  1.919e-04 -3.238e-04  1.684e+02 -1.443e+01 -1.504e+00  3.197e-03 
  1.563e+02  2.810e-05 -4.782e-05 -1.443e+01  3.616e+00 -2.213e-01  4.696e-04 
 -4.700e+01 -1.305e-05  8.236e-06 -1.504e+00 -2.213e-01  6.641e-02 -1.676e-04 
 -1.142e-01  1.175e-07  4.874e-07  3.197e-03  4.696e-04 -1.676e-04  1.164e-06 
ERR MATRIX NOT POS-DEF
 PARAMETER  CORRELATION COEFFICIENTS  
       NO.  GLOBAL      1      3      4     18     19     20     22
        1  0.21121   1.000  0.023 -0.068  0.035  0.035 -0.078 -0.045
        3  0.13181   0.023  1.000  0.004  0.015  0.015 -0.051  0.109
        4  0.27038  -0.068  0.004  1.000 -0.009 -0.009  0.011  0.154
       18  0.99696   0.035  0.015 -0.009  1.000 -0.585 -0.450  0.228
       19  0.99697   0.035  0.015 -0.009 -0.585  1.000 -0.452  0.229
       20  0.99691  -0.078 -0.051  0.011 -0.450 -0.452  1.000 -0.603
       22  0.89191  -0.045  0.109  0.154  0.228  0.229 -0.603  1.000
 ERR MATRIX NOT POS-DEF
MINUIT - FIT ONLY 1-CBO + other amplitudes 
 **********
 **   16 **RES 
 **********
                   PARAMETER   14  ANy2 RESTORED TO VARIABLE.
                   PARAMETER    8  phi_CBO RESTORED TO VARIABLE.
                   PARAMETER    7  w_CBO RESTORED TO VARIABLE.
                   PARAMETER    6  A_CBO RESTORED TO VARIABLE.
 **********
 **   17 **FIX            0
 **********
 PARAMETER    0  IS UNDEFINED. IGNORED.
 **********
 **   18 **FIX            1
 **********
 **********
 **   19 **FIX            2
 **********
 PARAMETER    2  IS CONSTANT.   IGNORED.
 **********
 **   20 **FIX            3
 **********
 **********
 **   21 **FIX            4
 **********
 **********
 **   22 **FIX            9
 **********
 PARAMETER    9  IS CONSTANT.   IGNORED.
 **********
 **   23 **FIX           11
 **********
 PARAMETER   11  IS CONSTANT.   IGNORED.
 **********
 **   24 **FIX           12
 **********
 PARAMETER   12  IS CONSTANT.   IGNORED.
 **********
 **   25 **FIX           14
 **********
 **********
 **   26 **FIX           15
 **********
 PARAMETER   15  IS CONSTANT.   IGNORED.
 **********
 **   27 **FIX           16
 **********
 PARAMETER   16  IS CONSTANT.   IGNORED.
 **********
 **   28 **MIGRAD
 **********
 START MIGRAD MINIMIZATION.  STRATEGY  1.  CONVERGENCE WHEN EDM .LT. 1.00e-04
 FCN=509.229 FROM MIGRAD    STATUS=INITIATE       18 CALLS         202 TOTAL
                     EDM= unknown      STRATEGY= 1      NO ERROR MATRIX       
  EXT PARAMETER               CURRENT GUESS       STEP         FIRST   
  NO.   NAME      VALUE            ERROR          SIZE      DERIVATIVE 
   1  N0           3.07516e+06     fixed    
   2  tau          6.44069e+01   constant   
   3  A0           3.65006e-01     fixed    
   4  phi          4.12276e+00     fixed    
   5  R           -6.10412e+01   constant   
   6  A_CBO        3.54045e-03   1.00000e-05   1.00000e-05   4.56914e+03
   7  w_CBO        2.32667e+00   1.00000e-03   1.00000e-03   8.12934e-01
   8  phi_CBO      2.51157e+00   1.00000e-04   1.00000e-04  -3.43644e-01
   9  ANx2         1.88981e-04   constant   
  10  pNx2         1.59299e+00   constant   
  11  ANy1         0.00000e+00   constant   
  12  pNy1         0.00000e+00   constant   
  13  w_y          0.00000e+00   constant   
  14  ANy2         1.39657e-02     fixed    
  15  pNy2         4.84726e+00   constant   
  16  w_vw         1.43184e+01   constant   
  17  LM           1.57605e-04   constant   
  18  wCBO_expCoeff   2.05002e+02   1.29784e+01   1.11890e-02   6.04736e-04
  19  wCBO_expOffset   2.00066e+02   1.90169e+00   1.63787e-03   4.13572e-03
  20  wCBO_expT    3.00053e+01   2.57694e-01   2.24068e-04   1.96226e-02
  21  wCBO_linCoeff   0.00000e+00   constant   
  22  wCBO_const  -4.51720e-04   1.07898e-03   5.39121e-06   1.76900e+00
 MIGRAD MINIMIZATION HAS CONVERGED.
 MIGRAD WILL VERIFY CONVERGENCE AND ERROR MATRIX.
 FCN=502.305 FROM MIGRAD    STATUS=CONVERGED     525 CALLS         709 TOTAL
                     EDM=6.36961e-06    STRATEGY= 1      ERR MATRIX NOT POS-DEF
  EXT PARAMETER                APPROXIMATE        STEP         FIRST   
  NO.   NAME      VALUE            ERROR          SIZE      DERIVATIVE 
   1  N0           3.07516e+06     fixed    
   2  tau          6.44069e+01   constant   
   3  A0           3.65006e-01     fixed    
   4  phi          4.12276e+00     fixed    
   5  R           -6.10412e+01   constant   
   6  A_CBO        7.90462e-04   1.08870e-03   1.19398e-05  -5.51795e-01
   7  w_CBO        2.32556e+00   1.43771e-02   1.54042e-05  -5.47724e-02
   8  phi_CBO      3.68822e+00   1.55985e+00   1.41099e-02  -1.21780e-03
   9  ANx2         1.88981e-04   constant   
  10  pNx2         1.59299e+00   constant   
  11  ANy1         0.00000e+00   constant   
  12  pNy1         0.00000e+00   constant   
  13  w_y          0.00000e+00   constant   
  14  ANy2         1.39657e-02     fixed    
  15  pNy2         4.84726e+00   constant   
  16  w_vw         1.43184e+01   constant   
  17  LM           1.57605e-04   constant   
  18  wCBO_expCoeff   1.90484e+02   1.69789e+01   1.59939e-02   1.36576e-03
  19  wCBO_expOffset   1.97983e+02   2.73452e+00   2.57315e-03   8.48896e-03
  20  wCBO_expT    3.06469e+01   3.50701e-01   3.60997e-04   6.17058e-02
  21  wCBO_linCoeff   0.00000e+00   constant   
  22  wCBO_const  -3.18748e-04   6.17776e-03   6.99000e-06  -3.87648e-01
 EXTERNAL ERROR MATRIX.    NDIM=  25    NPAR=  7    ERR DEF=1
  1.185e-06 -6.188e-09  1.582e-06  2.233e-04  3.613e-05 -1.031e-05 -1.191e-08 
 -6.188e-09  2.067e-04  3.228e-04 -3.381e-03 -5.634e-04 -2.624e-04 -8.768e-05 
  1.582e-06  3.228e-04  2.433e+00 -1.655e+00 -2.672e-01  9.124e-02  2.099e-04 
  2.233e-04 -3.381e-03 -1.655e+00  2.883e+02 -2.882e+01 -2.556e+00  4.170e-03 
  3.613e-05 -5.634e-04 -2.672e-01 -2.882e+01  7.478e+00 -4.135e-01  6.806e-04 
 -1.031e-05 -2.624e-04  9.124e-02 -2.556e+00 -4.135e-01  1.230e-01 -4.139e-05 
 -1.191e-08 -8.768e-05  2.099e-04  4.170e-03  6.806e-04 -4.139e-05  3.816e-05 
ERR MATRIX NOT POS-DEF
 PARAMETER  CORRELATION COEFFICIENTS  
       NO.  GLOBAL      6      7      8     18     19     20     22
        6  0.04632   1.000 -0.000  0.001  0.012  0.012 -0.027 -0.002
        7  0.99522  -0.000  1.000  0.014 -0.014 -0.014 -0.052 -0.987
        8  0.56215   0.001  0.014  1.000 -0.062 -0.063  0.167  0.022
       18  0.99630   0.012 -0.014 -0.062  1.000 -0.621 -0.429  0.040
       19  0.99631   0.012 -0.014 -0.063 -0.621  1.000 -0.431  0.040
       20  0.99558  -0.027 -0.052  0.167 -0.429 -0.431  1.000 -0.019
       22  0.99467  -0.002 -0.987  0.022  0.040  0.040 -0.019  1.000
 ERR MATRIX NOT POS-DEF
MINUIT - FIT ONLY 1-CBO
 **********
 **   29 **RES 
 **********
                   PARAMETER   14  ANy2 RESTORED TO VARIABLE.
                   PARAMETER    4  phi RESTORED TO VARIABLE.
                   PARAMETER    3  A0 RESTORED TO VARIABLE.
                   PARAMETER    1  N0 RESTORED TO VARIABLE.
 **********
 **   30 **FIX            0
 **********
 PARAMETER    0  IS UNDEFINED. IGNORED.
 **********
 **   31 **FIX            1
 **********
 **********
 **   32 **FIX            2
 **********
 PARAMETER    2  IS CONSTANT.   IGNORED.
 **********
 **   33 **FIX            3
 **********
 **********
 **   34 **FIX            4
 **********
 **********
 **   35 **FIX            8
 **********
 **********
 **   36 **FIX            9
 **********
 PARAMETER    9  IS CONSTANT.   IGNORED.
 **********
 **   37 **FIX           11
 **********
 PARAMETER   11  IS CONSTANT.   IGNORED.
 **********
 **   38 **FIX           12
 **********
 PARAMETER   12  IS CONSTANT.   IGNORED.
 **********
 **   39 **FIX           13
 **********
 PARAMETER   13  IS CONSTANT.   IGNORED.
 **********
 **   40 **FIX           15
 **********
 PARAMETER   15  IS CONSTANT.   IGNORED.
 **********
 **   41 **FIX           16
 **********
 PARAMETER   16  IS CONSTANT.   IGNORED.
 **********
 **   42 **MIGRAD
 **********
 START MIGRAD MINIMIZATION.  STRATEGY  1.  CONVERGENCE WHEN EDM .LT. 1.00e-04
 FCN=502.305 FROM MIGRAD    STATUS=INITIATE       16 CALLS         725 TOTAL
                     EDM= unknown      STRATEGY= 1      NO ERROR MATRIX       
  EXT PARAMETER               CURRENT GUESS       STEP         FIRST   
  NO.   NAME      VALUE            ERROR          SIZE      DERIVATIVE 
   1  N0           3.07516e+06     fixed    
   2  tau          6.44069e+01   constant   
   3  A0           3.65006e-01     fixed    
   4  phi          4.12276e+00     fixed    
   5  R           -6.10412e+01   constant   
   6  A_CBO        7.90462e-04   1.08870e-03   1.19398e-05  -5.51795e-01
   7  w_CBO        2.32556e+00   1.43771e-02   1.54042e-05  -5.39716e-02
   8  phi_CBO      3.68822e+00     fixed    
   9  ANx2         1.88981e-04   constant   
  10  pNx2         1.59299e+00   constant   
  11  ANy1         0.00000e+00   constant   
  12  pNy1         0.00000e+00   constant   
  13  w_y          0.00000e+00   constant   
  14  ANy2         1.39657e-02   1.00000e-04   1.00000e-04   2.63569e+04
  15  pNy2         4.84726e+00   constant   
  16  w_vw         1.43184e+01   constant   
  17  LM           1.57605e-04   constant   
  18  wCBO_expCoeff   1.90484e+02   1.69789e+01   1.59939e-02   1.36794e-03
  19  wCBO_expOffset   1.97983e+02   2.73452e+00   2.57315e-03   8.50627e-03
  20  wCBO_expT    3.06469e+01   3.50701e-01   3.60997e-04   6.17927e-02
  21  wCBO_linCoeff   0.00000e+00   constant   
  22  wCBO_const  -3.18748e-04   6.17776e-03   6.99000e-06  -3.86016e-01
 MIGRAD MINIMIZATION HAS CONVERGED.
 MIGRAD WILL VERIFY CONVERGENCE AND ERROR MATRIX.
 FCN=308.662 FROM MIGRAD    STATUS=CONVERGED     164 CALLS         873 TOTAL
                     EDM=1.62583e-06    STRATEGY= 1      ERR MATRIX NOT POS-DEF
  EXT PARAMETER                APPROXIMATE        STEP         FIRST   
  NO.   NAME      VALUE            ERROR          SIZE      DERIVATIVE 
   1  N0           3.07516e+06     fixed    
   2  tau          6.44069e+01   constant   
   3  A0           3.65006e-01     fixed    
   4  phi          4.12276e+00     fixed    
   5  R           -6.10412e+01   constant   
   6  A_CBO        7.72779e-04   1.08693e-03   9.35509e-06  -8.00831e-01
   7  w_CBO        2.32544e+00   1.31434e-02   1.21302e-05  -4.23673e-01
   8  phi_CBO      3.68822e+00     fixed    
   9  ANx2         1.88981e-04   constant   
  10  pNx2         1.59299e+00   constant   
  11  ANy1         0.00000e+00   constant   
  12  pNy1         0.00000e+00   constant   
  13  w_y          0.00000e+00   constant   
  14  ANy2        -7.28166e-04   1.05254e-03   9.07266e-06   2.00906e-01
  15  pNy2         4.84726e+00   constant   
  16  w_vw         1.43184e+01   constant   
  17  LM           1.57605e-04   constant   
  18  wCBO_expCoeff   1.88988e+02   1.81483e+01   1.29607e-02  -5.05153e-04
  19  wCBO_expOffset   1.97742e+02   2.95345e+00   2.10490e-03  -3.10812e-03
  20  wCBO_expT    3.07146e+01   3.69317e-01   2.94234e-04  -1.85490e-02
  21  wCBO_linCoeff   0.00000e+00   constant   
  22  wCBO_const  -3.23391e-04   5.64768e-03   5.49294e-06  -8.90029e-01
 EXTERNAL ERROR MATRIX.    NDIM=  25    NPAR=  7    ERR DEF=1
  1.181e-06 -1.622e-08  1.526e-09  2.155e-05  3.557e-06 -2.277e-06 -7.480e-09 
 -1.622e-08  1.727e-04  1.830e-10 -1.728e-03 -2.944e-04 -2.780e-04 -7.313e-05 
  1.526e-09  1.830e-10  1.108e-06  3.162e-05  5.185e-06 -1.241e-06 -6.440e-10 
  2.155e-05 -1.728e-03  3.162e-05  3.294e+02 -3.401e+01 -2.825e+00  4.023e-03 
  3.557e-06 -2.944e-04  5.185e-06 -3.401e+01  8.723e+00 -4.626e-01  6.628e-04 
 -2.277e-06 -2.780e-04 -1.241e-06 -2.825e+00 -4.626e-01  1.364e-01 -6.540e-05 
 -7.480e-09 -7.313e-05 -6.440e-10  4.023e-03  6.628e-04 -6.540e-05  3.190e-05 
ERR MATRIX NOT POS-DEF
 PARAMETER  CORRELATION COEFFICIENTS  
       NO.  GLOBAL      6      7     14     18     19     20     22
        6  0.05246   1.000 -0.001  0.001  0.001  0.001 -0.006 -0.001
        7  0.99424  -0.001  1.000  0.000 -0.007 -0.008 -0.057 -0.985
       14  0.00682   0.001  0.000  1.000  0.002  0.002 -0.003 -0.000
       18  0.99655   0.001 -0.007  0.002  1.000 -0.635 -0.422  0.039
       19  0.99656   0.001 -0.008  0.002 -0.635  1.000 -0.424  0.040
       20  0.99569  -0.006 -0.057 -0.003 -0.422 -0.424  1.000 -0.031
       22  0.99360  -0.001 -0.985 -0.000  0.039  0.040 -0.031  1.000
 ERR MATRIX NOT POS-DEF
MINUIT - FIT ONLY 2-CBO
 **********
 **   43 **RES 
 **********
                   PARAMETER    8  phi_CBO RESTORED TO VARIABLE.
                   PARAMETER    4  phi RESTORED TO VARIABLE.
                   PARAMETER    3  A0 RESTORED TO VARIABLE.
                   PARAMETER    1  N0 RESTORED TO VARIABLE.
 **********
 **   44 **FIX            0
 **********
 PARAMETER    0  IS UNDEFINED. IGNORED.
 **********
 **   45 **FIX            1
 **********
 **********
 **   46 **FIX            2
 **********
 PARAMETER    2  IS CONSTANT.   IGNORED.
 **********
 **   47 **FIX            3
 **********
 **********
 **   48 **FIX            4
 **********
 **********
 **   49 **FIX            5
 **********
 PARAMETER    5  IS CONSTANT.   IGNORED.
 **********
 **   50 **FIX            6
 **********
 **********
 **   51 **FIX            7
 **********
 **********
 **   52 **FIX           10
 **********
 PARAMETER   10  IS CONSTANT.   IGNORED.
 **********
 **   53 **FIX           11
 **********
 PARAMETER   11  IS CONSTANT.   IGNORED.
 **********
 **   54 **FIX           12
 **********
 PARAMETER   12  IS CONSTANT.   IGNORED.
 **********
 **   55 **FIX           13
 **********
 PARAMETER   13  IS CONSTANT.   IGNORED.
 **********
 **   56 **FIX           14
 **********
 **********
 **   57 **FIX           15
 **********
 PARAMETER   15  IS CONSTANT.   IGNORED.
 **********
 **   58 **FIX           16
 **********
 PARAMETER   16  IS CONSTANT.   IGNORED.
 **********
 **   59 **MIGRAD
 **********
 START MIGRAD MINIMIZATION.  STRATEGY  1.  CONVERGENCE WHEN EDM .LT. 1.00e-04
 FCN=308.662 FROM MIGRAD    STATUS=INITIATE       10 CALLS         883 TOTAL
                     EDM= unknown      STRATEGY= 1      NO ERROR MATRIX       
  EXT PARAMETER               CURRENT GUESS       STEP         FIRST   
  NO.   NAME      VALUE            ERROR          SIZE      DERIVATIVE 
   1  N0           3.07516e+06     fixed    
   2  tau          6.44069e+01   constant   
   3  A0           3.65006e-01     fixed    
   4  phi          4.12276e+00     fixed    
   5  R           -6.10412e+01   constant   
   6  A_CBO        7.72779e-04     fixed    
   7  w_CBO        2.32544e+00     fixed    
   8  phi_CBO      3.68822e+00   1.55985e+00   1.55985e+00  -2.11636e-02
   9  ANx2         1.88981e-04   constant   
  10  pNx2         1.59299e+00   constant   
  11  ANy1         0.00000e+00   constant   
  12  pNy1         0.00000e+00   constant   
  13  w_y          0.00000e+00   constant   
  14  ANy2        -7.28166e-04     fixed    
  15  pNy2         4.84726e+00   constant   
  16  w_vw         1.43184e+01   constant   
  17  LM           1.57605e-04   constant   
  18  wCBO_expCoeff   1.88988e+02   1.81483e+01   1.29607e-02  -5.00944e-04
  19  wCBO_expOffset   1.97742e+02   2.95345e+00   2.10490e-03  -3.07992e-03
  20  wCBO_expT    3.07146e+01   3.69317e-01   2.94234e-04  -1.83704e-02
  21  wCBO_linCoeff   0.00000e+00   constant   
  22  wCBO_const  -3.23391e-04   5.64768e-03   5.49294e-06  -8.88626e-01
 MIGRAD MINIMIZATION HAS CONVERGED.
 MIGRAD WILL VERIFY CONVERGENCE AND ERROR MATRIX.
 FCN=308.662 FROM MIGRAD    STATUS=CONVERGED      79 CALLS         952 TOTAL
                     EDM=1.67313e-05    STRATEGY= 1      ERR MATRIX NOT POS-DEF
  EXT PARAMETER                APPROXIMATE        STEP         FIRST   
  NO.   NAME      VALUE            ERROR          SIZE      DERIVATIVE 
   1  N0           3.07516e+06     fixed    
   2  tau          6.44069e+01   constant   
   3  A0           3.65006e-01     fixed    
   4  phi          4.12276e+00     fixed    
   5  R           -6.10412e+01   constant   
   6  A_CBO        7.72779e-04     fixed    
   7  w_CBO        2.32544e+00     fixed    
   8  phi_CBO      3.71446e+00   1.59436e+00   1.13722e-02  -6.39755e-06
   9  ANx2         1.88981e-04   constant   
  10  pNx2         1.59299e+00   constant   
  11  ANy1         0.00000e+00   constant   
  12  pNy1         0.00000e+00   constant   
  13  w_y          0.00000e+00   constant   
  14  ANy2        -7.28166e-04     fixed    
  15  pNy2         4.84726e+00   constant   
  16  w_vw         1.43184e+01   constant   
  17  LM           1.57605e-04   constant   
  18  wCBO_expCoeff   1.88989e+02   1.91799e+01   1.29743e-02   9.62454e-05
  19  wCBO_expOffset   1.97742e+02   3.12132e+00   2.10856e-03   5.92299e-04
  20  wCBO_expT    3.07147e+01   3.93936e-01   2.94797e-04  -1.06032e-02
  21  wCBO_linCoeff   0.00000e+00   constant   
  22  wCBO_const  -3.18027e-04   1.00086e-03   5.49648e-06   5.36923e-02
 EXTERNAL ERROR MATRIX.    NDIM=  25    NPAR=  5    ERR DEF=1
  2.542e+00 -2.664e+00 -4.358e-01  1.379e-01  3.376e-04 
 -2.664e+00  3.679e+02 -3.769e+01 -3.218e+00  3.260e-03 
 -4.358e-01 -3.769e+01  9.743e+00 -5.269e-01  5.329e-04 
  1.379e-01 -3.218e+00 -5.269e-01  1.552e-01 -1.802e-04 
  3.376e-04  3.260e-03  5.329e-04 -1.802e-04  1.002e-06 
ERR MATRIX NOT POS-DEF
 PARAMETER  CORRELATION COEFFICIENTS  
       NO.  GLOBAL      8     18     19     20     22
        8  0.56105   1.000 -0.087 -0.088  0.220  0.212
       18  0.99691  -0.087  1.000 -0.630 -0.426  0.170
       19  0.99692  -0.088 -0.630  1.000 -0.428  0.171
       20  0.99622   0.220 -0.426 -0.428  1.000 -0.457
       22  0.77057   0.212  0.170  0.171 -0.457  1.000
 ERR MATRIX NOT POS-DEF
MINUIT - FIT ONLY 1-y
 **********
 **   60 **RES 
 **********
                   PARAMETER   14  ANy2 RESTORED TO VARIABLE.
                   PARAMETER    7  w_CBO RESTORED TO VARIABLE.
                   PARAMETER    6  A_CBO RESTORED TO VARIABLE.
                   PARAMETER    4  phi RESTORED TO VARIABLE.
                   PARAMETER    3  A0 RESTORED TO VARIABLE.
                   PARAMETER    1  N0 RESTORED TO VARIABLE.
 **********
 **   61 **FIX            0
 **********
 PARAMETER    0  IS UNDEFINED. IGNORED.
 **********
 **   62 **FIX            1
 **********
 **********
 **   63 **FIX            2
 **********
 PARAMETER    2  IS CONSTANT.   IGNORED.
 **********
 **   64 **FIX            3
 **********
 **********
 **   65 **FIX            4
 **********
 **********
 **   66 **FIX            5
 **********
 PARAMETER    5  IS CONSTANT.   IGNORED.
 **********
 **   67 **FIX            6
 **********
 **********
 **   68 **FIX            7
 **********
 **********
 **   69 **FIX            8
 **********
 **********
 **   70 **FIX            9
 **********
 PARAMETER    9  IS CONSTANT.   IGNORED.
 **********
 **   71 **FIX           13
 **********
 PARAMETER   13  IS CONSTANT.   IGNORED.
 **********
 **   72 **FIX           14
 **********
 **********
 **   73 **FIX           15
 **********
 PARAMETER   15  IS CONSTANT.   IGNORED.
 **********
 **   74 **FIX           16
 **********
 PARAMETER   16  IS CONSTANT.   IGNORED.
 **********
 **   75 **MIGRAD
 **********
 START MIGRAD MINIMIZATION.  STRATEGY  1.  CONVERGENCE WHEN EDM .LT. 1.00e-04
 FCN=308.662 FROM MIGRAD    STATUS=INITIATE        8 CALLS         960 TOTAL
                     EDM= unknown      STRATEGY= 1      NO ERROR MATRIX       
  EXT PARAMETER               CURRENT GUESS       STEP         FIRST   
  NO.   NAME      VALUE            ERROR          SIZE      DERIVATIVE 
   1  N0           3.07516e+06     fixed    
   2  tau          6.44069e+01   constant   
   3  A0           3.65006e-01     fixed    
   4  phi          4.12276e+00     fixed    
   5  R           -6.10412e+01   constant   
   6  A_CBO        7.72779e-04     fixed    
   7  w_CBO        2.32544e+00     fixed    
   8  phi_CBO      3.71446e+00     fixed    
   9  ANx2         1.88981e-04   constant   
  10  pNx2         1.59299e+00   constant   
  11  ANy1         0.00000e+00   constant   
  12  pNy1         0.00000e+00   constant   
  13  w_y          0.00000e+00   constant   
  14  ANy2        -7.28166e-04     fixed    
  15  pNy2         4.84726e+00   constant   
  16  w_vw         1.43184e+01   constant   
  17  LM           1.57605e-04   constant   
  18  wCBO_expCoeff   1.88989e+02   1.91799e+01   1.29743e-02   9.97877e-05
  19  wCBO_expOffset   1.97742e+02   3.12132e+00   2.10856e-03   6.16403e-04
  20  wCBO_expT    3.07147e+01   3.93936e-01   2.94797e-04  -1.04487e-02
  21  wCBO_linCoeff   0.00000e+00   constant   
  22  wCBO_const  -3.18027e-04   1.00086e-03   5.49648e-06   5.47089e-02
 MIGRAD MINIMIZATION HAS CONVERGED.
 MIGRAD WILL VERIFY CONVERGENCE AND ERROR MATRIX.
 FCN=308.662 FROM MIGRAD    STATUS=CONVERGED      62 CALLS        1014 TOTAL
                     EDM=1.28507e-05    STRATEGY= 1      ERR MATRIX NOT POS-DEF
  EXT PARAMETER                APPROXIMATE        STEP         FIRST   
  NO.   NAME      VALUE            ERROR          SIZE      DERIVATIVE 
   1  N0           3.07516e+06     fixed    
   2  tau          6.44069e+01   constant   
   3  A0           3.65006e-01     fixed    
   4  phi          4.12276e+00     fixed    
   5  R           -6.10412e+01   constant   
   6  A_CBO        7.72779e-04     fixed    
   7  w_CBO        2.32544e+00     fixed    
   8  phi_CBO      3.71446e+00     fixed    
   9  ANx2         1.88981e-04   constant   
  10  pNx2         1.59299e+00   constant   
  11  ANy1         0.00000e+00   constant   
  12  pNy1         0.00000e+00   constant   
  13  w_y          0.00000e+00   constant   
  14  ANy2        -7.28166e-04     fixed    
  15  pNy2         4.84726e+00   constant   
  16  w_vw         1.43184e+01   constant   
  17  LM           1.57605e-04   constant   
  18  wCBO_expCoeff   1.88941e+02   1.98101e+01   1.29728e-02  -6.44915e-05
  19  wCBO_expOffset   1.97734e+02   3.22519e+00   2.10855e-03  -3.96681e-04
  20  wCBO_expT    3.07170e+01   3.94067e-01   2.94802e-04  -1.55819e-02
  21  wCBO_linCoeff   0.00000e+00   constant   
  22  wCBO_const  -3.23034e-04   9.84475e-04   5.49609e-06  -5.65803e+00
 EXTERNAL ERROR MATRIX.    NDIM=  25    NPAR=  4    ERR DEF=1
  3.924e+02 -4.156e+01 -3.230e+00  3.815e-03 
 -4.156e+01  1.040e+01 -5.294e-01  6.243e-04 
 -3.230e+00 -5.294e-01  1.553e-01 -2.083e-04 
  3.815e-03  6.243e-04 -2.083e-04  9.692e-07 
ERR MATRIX NOT POS-DEF
 PARAMETER  CORRELATION COEFFICIENTS  
       NO.  GLOBAL     18     19     20     22
       18  0.99711   1.000 -0.650 -0.414  0.196
       19  0.99712  -0.650  1.000 -0.417  0.197
       20  0.99622  -0.414 -0.417  1.000 -0.537
       22  0.76168   0.196  0.197 -0.537  1.000
 ERR MATRIX NOT POS-DEF
MINUIT - FIT ONLY 2-y
 **********
 **   76 **RES 
 **********
                   PARAMETER   14  ANy2 RESTORED TO VARIABLE.
                   PARAMETER    8  phi_CBO RESTORED TO VARIABLE.
                   PARAMETER    7  w_CBO RESTORED TO VARIABLE.
                   PARAMETER    6  A_CBO RESTORED TO VARIABLE.
                   PARAMETER    4  phi RESTORED TO VARIABLE.
                   PARAMETER    3  A0 RESTORED TO VARIABLE.
                   PARAMETER    1  N0 RESTORED TO VARIABLE.
 **********
 **   77 **FIX            0
 **********
 PARAMETER    0  IS UNDEFINED. IGNORED.
 **********
 **   78 **FIX            1
 **********
 **********
 **   79 **FIX            2
 **********
 PARAMETER    2  IS CONSTANT.   IGNORED.
 **********
 **   80 **FIX            3
 **********
 **********
 **   81 **FIX            4
 **********
 **********
 **   82 **FIX            5
 **********
 PARAMETER    5  IS CONSTANT.   IGNORED.
 **********
 **   83 **FIX            6
 **********
 **********
 **   84 **FIX            7
 **********
 **********
 **   85 **FIX            8
 **********
 **********
 **   86 **FIX            9
 **********
 PARAMETER    9  IS CONSTANT.   IGNORED.
 **********
 **   87 **FIX           10
 **********
 PARAMETER   10  IS CONSTANT.   IGNORED.
 **********
 **   88 **FIX           11
 **********
 PARAMETER   11  IS CONSTANT.   IGNORED.
 **********
 **   89 **FIX           12
 **********
 PARAMETER   12  IS CONSTANT.   IGNORED.
 **********
 **   90 **FIX           16
 **********
 PARAMETER   16  IS CONSTANT.   IGNORED.
 **********
 **   91 **MIGRAD
 **********
 START MIGRAD MINIMIZATION.  STRATEGY  1.  CONVERGENCE WHEN EDM .LT. 1.00e-04
 FCN=308.662 FROM MIGRAD    STATUS=INITIATE       10 CALLS        1024 TOTAL
                     EDM= unknown      STRATEGY= 1      NO ERROR MATRIX       
  EXT PARAMETER               CURRENT GUESS       STEP         FIRST   
  NO.   NAME      VALUE            ERROR          SIZE      DERIVATIVE 
   1  N0           3.07516e+06     fixed    
   2  tau          6.44069e+01   constant   
   3  A0           3.65006e-01     fixed    
   4  phi          4.12276e+00     fixed    
   5  R           -6.10412e+01   constant   
   6  A_CBO        7.72779e-04     fixed    
   7  w_CBO        2.32544e+00     fixed    
   8  phi_CBO      3.71446e+00     fixed    
   9  ANx2         1.88981e-04   constant   
  10  pNx2         1.59299e+00   constant   
  11  ANy1         0.00000e+00   constant   
  12  pNy1         0.00000e+00   constant   
  13  w_y          0.00000e+00   constant   
  14  ANy2        -7.28166e-04   1.05254e-03   1.05254e-03   2.33411e-01
  15  pNy2         4.84726e+00   constant   
  16  w_vw         1.43184e+01   constant   
  17  LM           1.57605e-04   constant   
  18  wCBO_expCoeff   1.88941e+02   1.98101e+01   1.29728e-02  -6.38759e-05
  19  wCBO_expOffset   1.97734e+02   3.22519e+00   2.10855e-03  -3.92519e-04
  20  wCBO_expT    3.07170e+01   3.94067e-01   2.94802e-04  -1.54211e-02
  21  wCBO_linCoeff   0.00000e+00   constant   
  22  wCBO_const  -3.23034e-04   9.84475e-04   5.49609e-06  -5.65684e+00
 MIGRAD MINIMIZATION HAS CONVERGED.
 MIGRAD WILL VERIFY CONVERGENCE AND ERROR MATRIX.
 FCN=308.662 FROM MIGRAD    STATUS=CONVERGED      71 CALLS        1085 TOTAL
                     EDM=2.32833e-06    STRATEGY= 1      ERR MATRIX NOT POS-DEF
  EXT PARAMETER                APPROXIMATE        STEP         FIRST   
  NO.   NAME      VALUE            ERROR          SIZE      DERIVATIVE 
   1  N0           3.07516e+06     fixed    
   2  tau          6.44069e+01   constant   
   3  A0           3.65006e-01     fixed    
   4  phi          4.12276e+00     fixed    
   5  R           -6.10412e+01   constant   
   6  A_CBO        7.72779e-04     fixed    
   7  w_CBO        2.32544e+00     fixed    
   8  phi_CBO      3.71446e+00     fixed    
   9  ANx2         1.88981e-04   constant   
  10  pNx2         1.59299e+00   constant   
  11  ANy1         0.00000e+00   constant   
  12  pNy1         0.00000e+00   constant   
  13  w_y          0.00000e+00   constant   
  14  ANy2        -7.28391e-04   1.05303e-03   9.07266e-06  -1.59016e-01
  15  pNy2         4.84726e+00   constant   
  16  w_vw         1.43184e+01   constant   
  17  LM           1.57605e-04   constant   
  18  wCBO_expCoeff   1.88940e+02   1.98094e+01   1.29720e-02   4.66255e-05
  19  wCBO_expOffset   1.97734e+02   3.22501e+00   2.10891e-03   2.86796e-04
  20  wCBO_expT    3.07170e+01   3.93846e-01   2.94864e-04  -3.50188e-03
  21  wCBO_linCoeff   0.00000e+00   constant   
  22  wCBO_const  -3.21103e-04   9.84359e-04   5.49584e-06   7.69480e-03
 EXTERNAL ERROR MATRIX.    NDIM=  25    NPAR=  5    ERR DEF=1
  1.109e-06  3.598e-05  5.907e-06 -1.446e-06 -3.044e-10 
  3.598e-05  3.924e+02 -4.158e+01 -3.226e+00  3.811e-03 
  5.907e-06 -4.158e+01  1.040e+01 -5.287e-01  6.236e-04 
 -1.446e-06 -3.226e+00 -5.287e-01  1.551e-01 -2.081e-04 
 -3.044e-10  3.811e-03  6.236e-04 -2.081e-04  9.690e-07 
ERR MATRIX NOT POS-DEF
 PARAMETER  CORRELATION COEFFICIENTS  
       NO.  GLOBAL     14     18     19     20     22
       14  0.00690   1.000  0.002  0.002 -0.003 -0.000
       18  0.99711   0.002  1.000 -0.651 -0.414  0.195
       19  0.99711   0.002 -0.651  1.000 -0.416  0.196
       20  0.99622  -0.003 -0.414 -0.416  1.000 -0.537
       22  0.76162  -0.000  0.195  0.196 -0.537  1.000
 ERR MATRIX NOT POS-DEF
MINUIT - FIT ALTOGETHER
 **********
 **   92 **RES 
 **********
                   PARAMETER    8  phi_CBO RESTORED TO VARIABLE.
                   PARAMETER    7  w_CBO RESTORED TO VARIABLE.
                   PARAMETER    6  A_CBO RESTORED TO VARIABLE.
                   PARAMETER    4  phi RESTORED TO VARIABLE.
                   PARAMETER    3  A0 RESTORED TO VARIABLE.
                   PARAMETER    1  N0 RESTORED TO VARIABLE.
 **********
 **   93 **MIGRAD
 **********
 START MIGRAD MINIMIZATION.  STRATEGY  1.  CONVERGENCE WHEN EDM .LT. 1.00e-04
 FCN=308.662 FROM MIGRAD    STATUS=INITIATE       22 CALLS        1107 TOTAL
                     EDM= unknown      STRATEGY= 1      NO ERROR MATRIX       
  EXT PARAMETER               CURRENT GUESS       STEP         FIRST   
  NO.   NAME      VALUE            ERROR          SIZE      DERIVATIVE 
   1  N0           3.07516e+06   2.34068e+03   2.34068e+03  -2.35405e-04
   2  tau          6.44069e+01   constant   
   3  A0           3.65006e-01   9.98352e-04   9.98352e-04  -2.49577e+01
   4  phi          4.12276e+00   2.93287e-03   2.93287e-03   1.95508e+02
   5  R           -6.10412e+01   constant   
   6  A_CBO        7.72779e-04   1.08693e-03   1.08693e-03  -1.57820e+00
   7  w_CBO        2.32544e+00   1.31434e-02   1.31434e-02   7.73422e-03
   8  phi_CBO      3.71446e+00   1.59436e+00   1.59436e+00  -1.66174e-03
   9  ANx2         1.88981e-04   constant   
  10  pNx2         1.59299e+00   constant   
  11  ANy1         0.00000e+00   constant   
  12  pNy1         0.00000e+00   constant   
  13  w_y          0.00000e+00   constant   
  14  ANy2        -7.28391e-04   1.05303e-03   9.07266e-06  -1.59016e-01
  15  pNy2         4.84726e+00   constant   
  16  w_vw         1.43184e+01   constant   
  17  LM           1.57605e-04   constant   
  18  wCBO_expCoeff   1.88940e+02   1.98094e+01   1.29720e-02   4.72540e-05
  19  wCBO_expOffset   1.97734e+02   3.22501e+00   2.10891e-03   2.91043e-04
  20  wCBO_expT    3.07170e+01   3.93846e-01   2.94864e-04  -3.33817e-03
  21  wCBO_linCoeff   0.00000e+00   constant   
  22  wCBO_const  -3.21103e-04   9.84359e-04   5.49584e-06   7.87011e-03
 MIGRAD MINIMIZATION HAS CONVERGED.
 MIGRAD WILL VERIFY CONVERGENCE AND ERROR MATRIX.
 FCN=308.502 FROM MIGRAD    STATUS=CONVERGED     217 CALLS        1302 TOTAL
                     EDM=1.80552e-05    STRATEGY= 1      ERR MATRIX NOT POS-DEF
  EXT PARAMETER                APPROXIMATE        STEP         FIRST   
  NO.   NAME      VALUE            ERROR          SIZE      DERIVATIVE 
