 + ++++++++++++++++++++++++++++++++++++++++++++++++++++++++++++++++++++ +
 +                                                                      +
 +           You have chose to blind your fitting according to          +
 +                omega_ref * (1 + (R +/- deltaR) *10^{-6})             +
 +                                                                      +
 + ++++++++++++++++++++++++++++++++++++++++++++++++++++++++++++++++++++ +
In main()...
reading format from /gm2data/zkhechad/run45/envelope/formats/formatB_sBin_constraintOn.txt
pBinTau 	= 0  
pBinPhi 	= 0  
constraintau 	= 1 
includeMopTerm 	= 0    
constrainMop    = 0   
Parameters after format file: pBinTau 0 pBinPhi 0 constraintau 1 includeMopTerm 0 constrainMop 0 c_e_scale 0.000000 
reading cbo reference file (full fit) from /gm2data/zkhechad/cboTemplates/Run4CBOTemplates/fullFits/run4/sBin_constraintOn_cE0.0_seed0_run4_calo16.root
A_CBO 0.009336 w_CBO 2.326091 phi_CBO 1.561564 N0 3000865.229519 R -62.230085 tau 64.400102 
Reading cboRef file /gm2data/zkhechad/cboTemplates/Run4CBOTemplates//cboIsolate/run4_calo16.root
deltaT 83.960960
windowBins = 560
fitting sliding window 1000 from bin 1203 at 179.487600 to bin 1763 at 263.039600 (560 bins)

Reading data from /gm2data/cornell/histograms/aMethod/histogram_a_run4.root
fitting cbo isolate
 **********
 **    1 **SET PRINTOUT            1
 **********
 **********
 **    2 **SET NOWARNINGS 
 **********
 PARAMETER DEFINITIONS:
    NO.   NAME         VALUE      STEP SIZE      LIMITS
     1 A_CBO        9.33615e-03  1.00000e-05     no limits
     2 w_CBO        2.32609e+00  1.00000e-02    2.00000e+00  3.00000e+00
     3 phi_CBO      1.56156e+00  1.00000e-02    0.00000e+00  6.28319e+00
 **********
 **    3 **MIGRAD
 **********
 FIRST CALL TO USER FUNCTION AT NEW START POINT, WITH IFLAG=4.
 START MIGRAD MINIMIZATION.  STRATEGY  1.  CONVERGENCE WHEN EDM .LT. 1.00e-04
 FCN=0.0120884 FROM MIGRAD    STATUS=INITIATE       12 CALLS          13 TOTAL
                     EDM= unknown      STRATEGY= 1      NO ERROR MATRIX       
  EXT PARAMETER               CURRENT GUESS       STEP         FIRST   
  NO.   NAME      VALUE            ERROR          SIZE      DERIVATIVE 
   1  A_CBO        9.33615e-03   1.00000e-05   1.00000e-05   3.23236e+00
   2  w_CBO        2.32609e+00   1.00000e-02   2.13342e-02  -6.03659e-02
   3  phi_CBO      1.56156e+00   1.00000e-02   3.68279e-03   1.65309e-03
 MIGRAD MINIMIZATION HAS CONVERGED.
 MIGRAD WILL VERIFY CONVERGENCE AND ERROR MATRIX.
 COVARIANCE MATRIX CALCULATED SUCCESSFULLY
 FCN=0.00275182 FROM MIGRAD    STATUS=CONVERGED      41 CALLS          42 TOTAL
                     EDM=6.86409e-06    STRATEGY= 1      ERROR MATRIX ACCURATE 
  EXT PARAMETER                                   STEP         FIRST   
  NO.   NAME      VALUE            ERROR          SIZE      DERIVATIVE 
   1  A_CBO        3.56034e-03   6.04325e-02   2.92257e-05  -2.17426e-04
   2  w_CBO        2.32624e+00   5.44187e-01   7.96844e-05   2.07536e-02
   3  phi_CBO      1.52920e+00   3.61932e+00   3.05418e-03  -5.25540e-04
 EXTERNAL ERROR MATRIX.    NDIM=  25    NPAR=  3    ERR DEF=1
  3.652e-03 -1.076e-02 -2.341e+00 
 -1.076e-02  1.503e+00  3.306e+02 
 -2.341e+00  3.306e+02  7.299e+04 
 PARAMETER  CORRELATION COEFFICIENTS  
       NO.  GLOBAL      1      2      3
        1  0.14745   1.000 -0.145 -0.143
        2  0.99806  -0.145  1.000  0.998
        3  0.99806  -0.143  0.998  1.000
setting A_CBO=0.003560 w_CBO=2.326235, phi_CBO=1.529199
done fitting cbo isolate
 **********
 **    1 **SET PRINTOUT            1
 **********
 **********
 **    2 **SET NOWARNINGS 
 **********
 PARAMETER DEFINITIONS:
    NO.   NAME         VALUE      STEP SIZE      LIMITS
     1 N0           3.00087e+06  1.00000e+02     no limits
     2 tau          6.44001e+01  constant
     3 A0           3.49583e-01  1.00000e-04     no limits
     4 phi          4.11719e+00  1.00000e-02     no limits
     5 R           -6.22301e+01  constant
     6 A_CBO        3.56034e-03  1.00000e-05     no limits
     7 w_CBO        2.32624e+00  1.00000e-03     no limits
     8 phi_CBO      1.52920e+00  1.00000e-04     no limits
     9 ANx2         8.68669e-04  constant
    10 pNx2         4.82289e+00  constant
    11 ANy1         0.00000e+00  constant
    12 pNy1         0.00000e+00  constant
    13 w_y          0.00000e+00  constant
    14 ANy2         6.17882e-03  1.00000e-04     no limits
    15 pNy2         1.49923e+00  constant
    16 w_vw         1.43037e+01  constant
    17 LM          -2.26665e-04  constant
    18 wCBO_expCoeff   2.00000e+02  1.00000e+00     no limits
    19 wCBO_expOffset   2.00000e+02  1.00000e+00     no limits
    20 wCBO_expT    3.00000e+01  1.00000e+00     no limits
    21 wCBO_linCoeff   0.00000e+00  constant
    22 wCBO_const   0.00000e+00  1.00000e-02     no limits
MINUIT - FIT ONLY WIGGLE
 **********
 **    3 **FIX            5
 **********
 PARAMETER    5  IS CONSTANT.   IGNORED.
 **********
 **    4 **FIX            6
 **********
 **********
 **    5 **FIX            7
 **********
 **********
 **    6 **FIX            8
 **********
 **********
 **    7 **FIX            9
 **********
 PARAMETER    9  IS CONSTANT.   IGNORED.
 **********
 **    8 **FIX           10
 **********
 PARAMETER   10  IS CONSTANT.   IGNORED.
 **********
 **    9 **FIX           11
 **********
 PARAMETER   11  IS CONSTANT.   IGNORED.
 **********
 **   10 **FIX           12
 **********
 PARAMETER   12  IS CONSTANT.   IGNORED.
 **********
 **   11 **FIX           13
 **********
 PARAMETER   13  IS CONSTANT.   IGNORED.
 **********
 **   12 **FIX           14
 **********
 **********
 **   13 **FIX           15
 **********
 PARAMETER   15  IS CONSTANT.   IGNORED.
 **********
 **   14 **FIX           16
 **********
 PARAMETER   16  IS CONSTANT.   IGNORED.
 **********
 **   15 **MIGRAD
 **********
 FIRST CALL TO USER FUNCTION AT NEW START POINT, WITH IFLAG=4.
 START MIGRAD MINIMIZATION.  STRATEGY  1.  CONVERGENCE WHEN EDM .LT. 1.00e-04
 FCN=1420.27 FROM MIGRAD    STATUS=INITIATE       55 CALLS          56 TOTAL
                     EDM= unknown      STRATEGY= 1      NO ERROR MATRIX       
  EXT PARAMETER               CURRENT GUESS       STEP         FIRST   
  NO.   NAME      VALUE            ERROR          SIZE      DERIVATIVE 
   1  N0           3.00087e+06   1.00000e+02   0.00000e+00   7.28950e-03
   2  tau          6.44001e+01   constant   
   3  A0           3.49583e-01   1.00000e-04   0.00000e+00  -8.46613e+03
   4  phi          4.11719e+00   1.00000e-02   0.00000e+00  -6.13983e+02
   5  R           -6.22301e+01   constant   
   6  A_CBO        3.56034e-03     fixed    
   7  w_CBO        2.32624e+00     fixed    
   8  phi_CBO      1.52920e+00     fixed    
   9  ANx2         8.68669e-04   constant   
  10  pNx2         4.82289e+00   constant   
  11  ANy1         0.00000e+00   constant   
  12  pNy1         0.00000e+00   constant   
  13  w_y          0.00000e+00   constant   
  14  ANy2         6.17882e-03     fixed    
  15  pNy2         1.49923e+00   constant   
  16  w_vw         1.43037e+01   constant   
  17  LM          -2.26665e-04   constant   
  18  wCBO_expCoeff   2.00000e+02   1.00000e+00   0.00000e+00  -9.57961e+03
  19  wCBO_expOffset   1.99999e+02   1.00000e+00  -8.90210e-04  -8.30512e+04
  20  wCBO_expT    3.00000e+01   1.00000e+00   0.00000e+00   8.78477e+04
  21  wCBO_linCoeff   0.00000e+00   constant   
  22  wCBO_const   0.00000e+00   1.00000e-02   0.00000e+00   1.20329e+04
 MIGRAD FAILS TO FIND IMPROVEMENT
 COVARIANCE MATRIX CALCULATED SUCCESSFULLY
 FCN=1342.54 FROM HESSE     STATUS=OK             54 CALLS         551 TOTAL
                     EDM=0.471184    STRATEGY= 1      ERROR MATRIX ACCURATE 
  EXT PARAMETER                                   STEP         FIRST   
  NO.   NAME      VALUE            ERROR          SIZE      DERIVATIVE 
   1  N0           3.00110e+06   4.71366e+02   8.23700e+00   6.61921e-04
   2  tau          6.44001e+01   constant   
   3  A0           3.49843e-01   2.04480e-04   3.65248e-06  -1.59953e+03
   4  phi          4.11763e+00   6.14853e-04   1.09498e-05   8.76328e+02
   5  R           -6.22301e+01   constant   
   6  A_CBO        3.56034e-03     fixed    
   7  w_CBO        2.32624e+00     fixed    
   8  phi_CBO      1.52920e+00     fixed    
   9  ANx2         8.68669e-04   constant   
  10  pNx2         4.82289e+00   constant   
  11  ANy1         0.00000e+00   constant   
  12  pNy1         0.00000e+00   constant   
  13  w_y          0.00000e+00   constant   
  14  ANy2         6.17882e-03     fixed    
  15  pNy2         1.49923e+00   constant   
  16  w_vw         1.43037e+01   constant   
  17  LM          -2.26665e-04   constant   
  18  wCBO_expCoeff   2.00008e+02   6.51072e-04   9.53714e-05  -8.27656e+02
  19  wCBO_expOffset   2.00002e+02   4.24209e-05   9.53685e-05  -5.68081e+03
  20  wCBO_expT    3.00041e+01   1.23519e-04   1.43071e-05   1.31005e+04
  21  wCBO_linCoeff   0.00000e+00   constant   
  22  wCBO_const  -2.44822e-02   5.35234e-04   2.71335e-06  -3.51663e+02
 MIGRAD FAILS TO FIND IMPROVEMENT
 MIGRAD TERMINATED WITHOUT CONVERGENCE.
 FCN=1341.7 FROM MIGRAD    STATUS=FAILED        660 CALLS         661 TOTAL
                     EDM=1.19513    STRATEGY= 1  ERROR MATRIX UNCERTAINTY   0.4 per cent
  EXT PARAMETER                APPROXIMATE        STEP         FIRST   
  NO.   NAME      VALUE            ERROR          SIZE      DERIVATIVE 
   1  N0           3.00101e+06   4.80749e+02   0.00000e+00  -2.17737e-05
   2  tau          6.44001e+01   constant   
   3  A0           3.49865e-01   2.08399e-04  -0.00000e+00   3.20171e+01
   4  phi          4.11748e+00   6.42306e-04   0.00000e+00  -6.80612e+01
   5  R           -6.22301e+01   constant   
   6  A_CBO        3.56034e-03     fixed    
   7  w_CBO        2.32624e+00     fixed    
   8  phi_CBO      1.52920e+00     fixed    
   9  ANx2         8.68669e-04   constant   
  10  pNx2         4.82289e+00   constant   
  11  ANy1         0.00000e+00   constant   
  12  pNy1         0.00000e+00   constant   
  13  w_y          0.00000e+00   constant   
  14  ANy2         6.17882e-03     fixed    
  15  pNy2         1.49923e+00   constant   
  16  w_vw         1.43037e+01   constant   
  17  LM          -2.26665e-04   constant   
  18  wCBO_expCoeff   2.00008e+02   1.53230e-03  -0.00000e+00   1.84142e+03
  19  wCBO_expOffset   2.00002e+02   1.56291e-04   0.00000e+00  -3.82548e+03
  20  wCBO_expT    3.00040e+01   1.62376e-04  -0.00000e+00  -4.56473e+03
  21  wCBO_linCoeff   0.00000e+00   constant   
  22  wCBO_const  -2.39747e-02   7.15615e-04   0.00000e+00   1.07230e+03
 EXTERNAL ERROR MATRIX.    NDIM=  25    NPAR=  7    ERR DEF=1
  2.311e+05 -7.741e-04  1.847e-02 -2.028e-01  3.296e-02  2.903e-03  5.087e-03 
 -7.741e-04  4.343e-08 -8.259e-09  9.848e-08 -1.212e-08  3.051e-09 -1.455e-08 
  1.847e-02 -8.259e-09  4.126e-07 -3.588e-07  4.448e-08 -8.248e-09  4.871e-08 
 -2.028e-01  9.848e-08 -3.588e-07  2.348e-06 -1.911e-07  1.837e-07 -9.228e-07 
  3.296e-02 -1.212e-08  4.448e-08 -1.911e-07  2.443e-08 -5.486e-09  4.021e-08 
  2.903e-03  3.051e-09 -8.248e-09  1.837e-07 -5.486e-09  2.637e-08 -1.088e-07 
  5.087e-03 -1.455e-08  4.871e-08 -9.228e-07  4.021e-08 -1.088e-07  5.121e-07 
ERR MATRIX APPROXIMATE
 PARAMETER  CORRELATION COEFFICIENTS  
       NO.  GLOBAL      1      3      4     18     19     20     22
        1  0.72792   1.000 -0.008  0.060 -0.275  0.439  0.037  0.015
        3  0.75317  -0.008  1.000 -0.062  0.308 -0.372  0.090 -0.098
        4  0.82456   0.060 -0.062  1.000 -0.365  0.443 -0.079  0.106
       18  0.99882  -0.275  0.308 -0.365  1.000 -0.798  0.738 -0.842
       19  0.99570   0.439 -0.372  0.443 -0.798  1.000 -0.216  0.360
       20  0.97034   0.037  0.090 -0.079  0.738 -0.216  1.000 -0.937
       22  0.99606   0.015 -0.098  0.106 -0.842  0.360 -0.937  1.000
 ERR MATRIX APPROXIMATE
MINUIT - FIT ONLY 1-CBO + other amplitudes 
 **********
 **   16 **RES 
 **********
                   PARAMETER   14  ANy2 RESTORED TO VARIABLE.
                   PARAMETER    8  phi_CBO RESTORED TO VARIABLE.
                   PARAMETER    7  w_CBO RESTORED TO VARIABLE.
                   PARAMETER    6  A_CBO RESTORED TO VARIABLE.
 **********
 **   17 **FIX            0
 **********
 PARAMETER    0  IS UNDEFINED. IGNORED.
 **********
 **   18 **FIX            1
 **********
 **********
 **   19 **FIX            2
 **********
 PARAMETER    2  IS CONSTANT.   IGNORED.
 **********
 **   20 **FIX            3
 **********
 **********
 **   21 **FIX            4
 **********
 **********
 **   22 **FIX            9
 **********
 PARAMETER    9  IS CONSTANT.   IGNORED.
 **********
 **   23 **FIX           11
 **********
 PARAMETER   11  IS CONSTANT.   IGNORED.
 **********
 **   24 **FIX           12
 **********
 PARAMETER   12  IS CONSTANT.   IGNORED.
 **********
 **   25 **FIX           14
 **********
 **********
 **   26 **FIX           15
 **********
 PARAMETER   15  IS CONSTANT.   IGNORED.
 **********
 **   27 **FIX           16
 **********
 PARAMETER   16  IS CONSTANT.   IGNORED.
 **********
 **   28 **MIGRAD
 **********
 START MIGRAD MINIMIZATION.  STRATEGY  1.  CONVERGENCE WHEN EDM .LT. 1.00e-04
 FCN=1341.7 FROM MIGRAD    STATUS=INITIATE       22 CALLS         683 TOTAL
                     EDM= unknown      STRATEGY= 1      NO ERROR MATRIX       
  EXT PARAMETER               CURRENT GUESS       STEP         FIRST   
  NO.   NAME      VALUE            ERROR          SIZE      DERIVATIVE 
   1  N0           3.00101e+06     fixed    
   2  tau          6.44001e+01   constant   
   3  A0           3.49865e-01     fixed    
   4  phi          4.11748e+00     fixed    
   5  R           -6.22301e+01   constant   
   6  A_CBO        3.56034e-03   1.00000e-05   1.00000e-05   1.06460e+05
   7  w_CBO        2.32624e+00   1.00000e-03   1.00000e-03   1.58724e+05
   8  phi_CBO      1.52920e+00   1.00000e-04   1.00000e-04   9.10803e+00
   9  ANx2         8.68669e-04   constant   
  10  pNx2         4.82289e+00   constant   
  11  ANy1         0.00000e+00   constant   
  12  pNy1         0.00000e+00   constant   
  13  w_y          0.00000e+00   constant   
  14  ANy2         6.17882e-03     fixed    
  15  pNy2         1.49923e+00   constant   
  16  w_vw         1.43037e+01   constant   
  17  LM          -2.26665e-04   constant   
  18  wCBO_expCoeff   2.00008e+02   1.53230e-03  -0.00000e+00   1.84142e+03
  19  wCBO_expOffset   2.00002e+02   1.56291e-04   0.00000e+00  -3.82548e+03
  20  wCBO_expT    3.00040e+01   1.62376e-04  -0.00000e+00  -4.56473e+03
  21  wCBO_linCoeff   0.00000e+00   constant   
  22  wCBO_const  -2.39747e-02   7.15615e-04   0.00000e+00   1.07230e+03
 CALL LIMIT EXCEEDED IN MIGRAD.
 MIGRAD TERMINATED WITHOUT CONVERGENCE.
 FCN=1208.38 FROM MIGRAD    STATUS=CALL LIMIT   1164 CALLS        1825 TOTAL
                     EDM=0.0961629    STRATEGY= 1  ERROR MATRIX UNCERTAINTY   0.0 per cent
  EXT PARAMETER                APPROXIMATE        STEP         FIRST   
  NO.   NAME      VALUE            ERROR          SIZE      DERIVATIVE 
   1  N0           3.00101e+06     fixed    
   2  tau          6.44001e+01   constant   
   3  A0           3.49865e-01     fixed    
   4  phi          4.11748e+00     fixed    
   5  R           -6.22301e+01   constant   
   6  A_CBO        1.09668e-03   2.11380e-04   1.36376e-07   7.52690e+02
   7  w_CBO        2.32623e+00   1.15309e-05  -1.41251e-08   8.60881e+04
   8  phi_CBO      1.28727e+00   2.92133e-01  -1.77698e-04  -1.26165e+00
   9  ANx2         8.68669e-04   constant   
  10  pNx2         4.82289e+00   constant   
  11  ANy1         0.00000e+00   constant   
  12  pNy1         0.00000e+00   constant   
  13  w_y          0.00000e+00   constant   
  14  ANy2         6.17882e-03     fixed    
  15  pNy2         1.49923e+00   constant   
  16  w_vw         1.43037e+01   constant   
  17  LM          -2.26665e-04   constant   
  18  wCBO_expCoeff   2.00007e+02   1.00232e-03  -1.22809e-06   9.96657e+02
  19  wCBO_expOffset   2.00002e+02   1.83337e-04   2.26276e-07   3.15837e+03
  20  wCBO_expT    3.00040e+01   1.24251e-04  -1.43268e-07   6.34141e+02
  21  wCBO_linCoeff   0.00000e+00   constant   
  22  wCBO_const  -2.39888e-02   6.16227e-04   7.34807e-07   9.71062e+02
 EXTERNAL ERROR MATRIX.    NDIM=  25    NPAR=  7    ERR DEF=1
  4.468e-08 -1.269e-09 -7.894e-06 -1.103e-07  1.930e-08 -1.372e-08  5.656e-08 
 -1.269e-09  1.330e-10  1.910e-06  1.128e-08 -2.077e-09  1.315e-09 -6.645e-09 
 -7.894e-06  1.910e-06  8.534e-02  1.658e-04 -2.675e-05  1.991e-05 -5.663e-05 
 -1.103e-07  1.128e-08  1.658e-04  1.005e-06 -1.806e-07  1.143e-07 -5.778e-07 
  1.930e-08 -2.077e-09 -2.675e-05 -1.806e-07  3.361e-08 -2.092e-08  1.062e-07 
 -1.372e-08  1.315e-09  1.991e-05  1.143e-07 -2.092e-08  1.544e-08 -6.487e-08 
  5.656e-08 -6.645e-09 -5.663e-05 -5.778e-07  1.062e-07 -6.487e-08  3.797e-07 
ERR MATRIX APPROXIMATE
 PARAMETER  CORRELATION COEFFICIENTS  
       NO.  GLOBAL      6      7      8     18     19     20     22
        6  0.98845   1.000 -0.521 -0.128 -0.520  0.498 -0.522  0.434
        7  0.99960  -0.521  1.000  0.567  0.976 -0.982  0.918 -0.935
        8  0.99746  -0.128  0.567  1.000  0.566 -0.500  0.548 -0.315
       18  0.99961  -0.520  0.976  0.566  1.000 -0.983  0.918 -0.935
       19  0.99958   0.498 -0.982 -0.500 -0.983  1.000 -0.918  0.940
       20  0.93533  -0.522  0.918  0.548  0.918 -0.918  1.000 -0.847
       22  0.99935   0.434 -0.935 -0.315 -0.935  0.940 -0.847  1.000
 ERR MATRIX APPROXIMATE
MINUIT - FIT ONLY 1-CBO
 **********
 **   29 **RES 
 **********
                   PARAMETER   14  ANy2 RESTORED TO VARIABLE.
                   PARAMETER    4  phi RESTORED TO VARIABLE.
                   PARAMETER    3  A0 RESTORED TO VARIABLE.
                   PARAMETER    1  N0 RESTORED TO VARIABLE.
 **********
 **   30 **FIX            0
 **********
 PARAMETER    0  IS UNDEFINED. IGNORED.
 **********
 **   31 **FIX            1
 **********
 **********
 **   32 **FIX            2
 **********
 PARAMETER    2  IS CONSTANT.   IGNORED.
 **********
 **   33 **FIX            3
 **********
 **********
 **   34 **FIX            4
 **********
 **********
 **   35 **FIX            8
 **********
 **********
 **   36 **FIX            9
 **********
 PARAMETER    9  IS CONSTANT.   IGNORED.
 **********
 **   37 **FIX           11
 **********
 PARAMETER   11  IS CONSTANT.   IGNORED.
 **********
 **   38 **FIX           12
 **********
 PARAMETER   12  IS CONSTANT.   IGNORED.
 **********
 **   39 **FIX           13
 **********
 PARAMETER   13  IS CONSTANT.   IGNORED.
 **********
 **   40 **FIX           15
 **********
 PARAMETER   15  IS CONSTANT.   IGNORED.
 **********
 **   41 **FIX           16
 **********
 PARAMETER   16  IS CONSTANT.   IGNORED.
 **********
 **   42 **MIGRAD
 **********
 START MIGRAD MINIMIZATION.  STRATEGY  1.  CONVERGENCE WHEN EDM .LT. 1.00e-04
 FCN=1208.38 FROM MIGRAD    STATUS=INITIATE       16 CALLS        1841 TOTAL
                     EDM= unknown      STRATEGY= 1      NO ERROR MATRIX       
  EXT PARAMETER               CURRENT GUESS       STEP         FIRST   
  NO.   NAME      VALUE            ERROR          SIZE      DERIVATIVE 
   1  N0           3.00101e+06     fixed    
   2  tau          6.44001e+01   constant   
   3  A0           3.49865e-01     fixed    
   4  phi          4.11748e+00     fixed    
   5  R           -6.22301e+01   constant   
   6  A_CBO        1.09668e-03   2.11380e-04   1.36376e-07   7.52690e+02
   7  w_CBO        2.32623e+00   1.15309e-05  -1.41251e-08   8.60881e+04
   8  phi_CBO      1.28727e+00     fixed    
   9  ANx2         8.68669e-04   constant   
  10  pNx2         4.82289e+00   constant   
  11  ANy1         0.00000e+00   constant   
  12  pNy1         0.00000e+00   constant   
  13  w_y          0.00000e+00   constant   
  14  ANy2         6.17882e-03   1.00000e-04   1.00000e-04   2.45226e+05
  15  pNy2         1.49923e+00   constant   
  16  w_vw         1.43037e+01   constant   
  17  LM          -2.26665e-04   constant   
  18  wCBO_expCoeff   2.00007e+02   1.00232e-03  -1.22809e-06   9.96657e+02
  19  wCBO_expOffset   2.00002e+02   1.83337e-04   2.26276e-07   3.15837e+03
  20  wCBO_expT    3.00040e+01   1.24251e-04  -1.43268e-07   6.34141e+02
  21  wCBO_linCoeff   0.00000e+00   constant   
  22  wCBO_const  -2.39888e-02   6.16227e-04   7.34807e-07   9.71062e+02
 MIGRAD FAILS TO FIND IMPROVEMENT
 MIGRAD MINIMIZATION HAS CONVERGED.
 MIGRAD WILL VERIFY CONVERGENCE AND ERROR MATRIX.
 COVARIANCE MATRIX CALCULATED SUCCESSFULLY
 FCN=464.621 FROM HESSE     STATUS=OK             58 CALLS        2607 TOTAL
                     EDM=0.000293496    STRATEGY= 1      ERROR MATRIX ACCURATE 
  EXT PARAMETER                                   STEP         FIRST   
  NO.   NAME      VALUE            ERROR          SIZE      DERIVATIVE 
   1  N0           3.00101e+06     fixed    
   2  tau          6.44001e+01   constant   
   3  A0           3.49865e-01     fixed    
   4  phi          4.11748e+00     fixed    
   5  R           -6.22301e+01   constant   
   6  A_CBO        4.03965e-04   2.25701e-04   2.29871e-06  -1.24377e+01
   7  w_CBO        2.32618e+00   3.85046e-05   1.10921e-06  -4.80444e+02
   8  phi_CBO      1.28727e+00     fixed    
   9  ANx2         8.68669e-04   constant   
  10  pNx2         4.82289e+00   constant   
  11  ANy1         0.00000e+00   constant   
  12  pNy1         0.00000e+00   constant   
  13  w_y          0.00000e+00   constant   
  14  ANy2         1.04552e-04   2.19620e-04   2.29268e-06  -2.50805e+01
  15  pNy2         1.49923e+00   constant   
  16  w_vw         1.43037e+01   constant   
  17  LM          -2.26665e-04   constant   
  18  wCBO_expCoeff   2.00003e+02   3.30219e-03   9.53687e-05  -5.59175e+00
  19  wCBO_expOffset   2.00002e+02   1.08367e-04   9.53682e-05   1.04523e+02
  20  wCBO_expT    3.00017e+01   4.20545e-04   1.43059e-05  -5.94063e+01
  21  wCBO_linCoeff   0.00000e+00   constant   
  22  wCBO_const  -1.39204e-02   1.96554e-03   3.77568e-06   7.06186e-01
 MIGRAD FAILS TO FIND IMPROVEMENT
 MIGRAD TERMINATED WITHOUT CONVERGENCE.
 FCN=464.621 FROM MIGRAD    STATUS=FAILED        850 CALLS        2675 TOTAL
                     EDM=0.00126257    STRATEGY= 1  ERROR MATRIX UNCERTAINTY   2.9 per cent
  EXT PARAMETER                APPROXIMATE        STEP         FIRST   
  NO.   NAME      VALUE            ERROR          SIZE      DERIVATIVE 
   1  N0           3.00101e+06     fixed    
   2  tau          6.44001e+01   constant   
   3  A0           3.49865e-01     fixed    
   4  phi          4.11748e+00     fixed    
   5  R           -6.22301e+01   constant   
   6  A_CBO        4.03762e-04   2.28620e-04   0.00000e+00  -5.76914e+00
   7  w_CBO        2.32618e+00   3.77432e-05   0.00000e+00  -1.00880e+02
   8  phi_CBO      1.28727e+00     fixed    
   9  ANx2         8.68669e-04   constant   
  10  pNx2         4.82289e+00   constant   
  11  ANy1         0.00000e+00   constant   
  12  pNy1         0.00000e+00   constant   
  13  w_y          0.00000e+00   constant   
  14  ANy2         1.05171e-04   2.28764e-04   0.00000e+00  -1.73979e+00
  15  pNy2         1.49923e+00   constant   
  16  w_vw         1.43037e+01   constant   
  17  LM          -2.26665e-04   constant   
  18  wCBO_expCoeff   2.00003e+02   3.25968e-03   0.00000e+00  -1.19306e+00
  19  wCBO_expOffset   2.00002e+02   2.42219e-04  -0.00000e+00   2.80056e+02
  20  wCBO_expT    3.00017e+01   3.19882e-04  -0.00000e+00   3.78845e+00
  21  wCBO_linCoeff   0.00000e+00   constant   
  22  wCBO_const  -1.39411e-02   1.51069e-03   0.00000e+00  -2.89364e+00
 EXTERNAL ERROR MATRIX.    NDIM=  25    NPAR=  7    ERR DEF=1
  5.227e-08  2.506e-10  6.264e-09  3.382e-08 -2.209e-08 -1.258e-08  6.331e-08 
  2.506e-10  1.425e-09  6.163e-10 -1.008e-07 -9.022e-10  3.029e-09 -1.218e-08 
  6.264e-09  6.163e-10  5.233e-08  6.587e-08 -2.391e-08 -1.689e-09  3.924e-08 
  3.382e-08 -1.008e-07  6.587e-08  1.063e-05 -1.065e-07  2.554e-07 -8.818e-07 
 -2.209e-08 -9.022e-10 -2.391e-08 -1.065e-07  5.867e-08  1.301e-08 -1.455e-07 
 -1.258e-08  3.029e-09 -1.689e-09  2.554e-07  1.301e-08  1.023e-07 -4.247e-07 
  6.331e-08 -1.218e-08  3.924e-08 -8.818e-07 -1.455e-07 -4.247e-07  2.282e-06 
ERR MATRIX APPROXIMATE
 PARAMETER  CORRELATION COEFFICIENTS  
       NO.  GLOBAL      6      7     14     18     19     20     22
        6  0.80197   1.000  0.029  0.120  0.045 -0.399 -0.172  0.183
        7  0.99966   0.029  1.000  0.071 -0.820 -0.099  0.251 -0.214
       14  0.82912   0.120  0.071  1.000  0.088 -0.432 -0.023  0.114
       18  0.99966   0.045 -0.820  0.088  1.000 -0.135  0.245 -0.179
       19  0.99731  -0.399 -0.099 -0.432 -0.135  1.000  0.168 -0.398
       20  0.99757  -0.172  0.251 -0.023  0.245  0.168  1.000 -0.879
       22  0.99347   0.183 -0.214  0.114 -0.179 -0.398 -0.879  1.000
 ERR MATRIX APPROXIMATE
MINUIT - FIT ONLY 2-CBO
 **********
 **   43 **RES 
 **********
                   PARAMETER    8  phi_CBO RESTORED TO VARIABLE.
                   PARAMETER    4  phi RESTORED TO VARIABLE.
                   PARAMETER    3  A0 RESTORED TO VARIABLE.
                   PARAMETER    1  N0 RESTORED TO VARIABLE.
 **********
 **   44 **FIX            0
 **********
 PARAMETER    0  IS UNDEFINED. IGNORED.
 **********
 **   45 **FIX            1
 **********
 **********
 **   46 **FIX            2
 **********
 PARAMETER    2  IS CONSTANT.   IGNORED.
 **********
 **   47 **FIX            3
 **********
 **********
 **   48 **FIX            4
 **********
 **********
 **   49 **FIX            5
 **********
 PARAMETER    5  IS CONSTANT.   IGNORED.
 **********
 **   50 **FIX            6
 **********
 **********
 **   51 **FIX            7
 **********
 **********
 **   52 **FIX           10
 **********
 PARAMETER   10  IS CONSTANT.   IGNORED.
 **********
 **   53 **FIX           11
 **********
 PARAMETER   11  IS CONSTANT.   IGNORED.
 **********
 **   54 **FIX           12
 **********
 PARAMETER   12  IS CONSTANT.   IGNORED.
 **********
 **   55 **FIX           13
 **********
 PARAMETER   13  IS CONSTANT.   IGNORED.
 **********
 **   56 **FIX           14
 **********
 **********
 **   57 **FIX           15
 **********
 PARAMETER   15  IS CONSTANT.   IGNORED.
 **********
 **   58 **FIX           16
 **********
 PARAMETER   16  IS CONSTANT.   IGNORED.
 **********
 **   59 **MIGRAD
 **********
 START MIGRAD MINIMIZATION.  STRATEGY  1.  CONVERGENCE WHEN EDM .LT. 1.00e-04
 FCN=464.621 FROM MIGRAD    STATUS=INITIATE       12 CALLS        2687 TOTAL
                     EDM= unknown      STRATEGY= 1      NO ERROR MATRIX       
  EXT PARAMETER               CURRENT GUESS       STEP         FIRST   
  NO.   NAME      VALUE            ERROR          SIZE      DERIVATIVE 
   1  N0           3.00101e+06     fixed    
   2  tau          6.44001e+01   constant   
   3  A0           3.49865e-01     fixed    
   4  phi          4.11748e+00     fixed    
   5  R           -6.22301e+01   constant   
   6  A_CBO        4.03762e-04     fixed    
   7  w_CBO        2.32618e+00     fixed    
   8  phi_CBO      1.28727e+00   2.92133e-01   2.92133e-01   3.01090e+00
   9  ANx2         8.68669e-04   constant   
  10  pNx2         4.82289e+00   constant   
  11  ANy1         0.00000e+00   constant   
  12  pNy1         0.00000e+00   constant   
  13  w_y          0.00000e+00   constant   
  14  ANy2         1.05171e-04     fixed    
  15  pNy2         1.49923e+00   constant   
  16  w_vw         1.43037e+01   constant   
  17  LM          -2.26665e-04   constant   
  18  wCBO_expCoeff   2.00003e+02   3.25968e-03   0.00000e+00  -1.19306e+00
  19  wCBO_expOffset   2.00002e+02   2.42219e-04  -0.00000e+00   2.80056e+02
  20  wCBO_expT    3.00017e+01   3.19882e-04  -0.00000e+00   3.78845e+00
  21  wCBO_linCoeff   0.00000e+00   constant   
  22  wCBO_const  -1.39411e-02   1.51069e-03   0.00000e+00  -2.89364e+00
 MIGRAD FAILS TO FIND IMPROVEMENT
 COVARIANCE MATRIX CALCULATED SUCCESSFULLY
 FCN=463.899 FROM HESSE     STATUS=OK             33 CALLS        2862 TOTAL
                     EDM=0.0131472    STRATEGY= 1      ERROR MATRIX ACCURATE 
  EXT PARAMETER                                   STEP         FIRST   
  NO.   NAME      VALUE            ERROR          SIZE      DERIVATIVE 
   1  N0           3.00101e+06     fixed    
   2  tau          6.44001e+01   constant   
   3  A0           3.49865e-01     fixed    
   4  phi          4.11748e+00     fixed    
   5  R           -6.22301e+01   constant   
   6  A_CBO        4.03762e-04     fixed    
   7  w_CBO        2.32618e+00     fixed    
   8  phi_CBO      7.69787e-01   5.38438e-01   5.30057e-03  -2.42120e-01
   9  ANx2         8.68669e-04   constant   
  10  pNx2         4.82289e+00   constant   
  11  ANy1         0.00000e+00   constant   
  12  pNy1         0.00000e+00   constant   
  13  w_y          0.00000e+00   constant   
  14  ANy2         1.05171e-04     fixed    
  15  pNy2         1.49923e+00   constant   
  16  w_vw         1.43037e+01   constant   
  17  LM          -2.26665e-04   constant   
  18  wCBO_expCoeff   2.00003e+02   2.83186e-03   9.53687e-05   2.33893e+02
  19  wCBO_expOffset   2.00001e+02   1.25483e-04   9.53681e-05   1.56568e+03
  20  wCBO_expT    3.00016e+01   5.17982e-04   1.43059e-05  -1.41809e+03
  21  wCBO_linCoeff   0.00000e+00   constant   
  22  wCBO_const  -1.36281e-02   2.23525e-03   3.90203e-06   5.94708e+01
 MIGRAD FAILS TO FIND IMPROVEMENT
 MIGRAD TERMINATED WITHOUT CONVERGENCE.
 FCN=463.887 FROM MIGRAD    STATUS=FAILED        238 CALLS        2913 TOTAL
                     EDM=0.00691835    STRATEGY= 1  ERROR MATRIX UNCERTAINTY   2.8 per cent
  EXT PARAMETER                APPROXIMATE        STEP         FIRST   
  NO.   NAME      VALUE            ERROR          SIZE      DERIVATIVE 
   1  N0           3.00101e+06     fixed    
   2  tau          6.44001e+01   constant   
   3  A0           3.49865e-01     fixed    
   4  phi          4.11748e+00     fixed    
   5  R           -6.22301e+01   constant   
   6  A_CBO        4.03762e-04     fixed    
   7  w_CBO        2.32618e+00     fixed    
   8  phi_CBO      8.13330e-01   5.54653e-01   0.00000e+00  -5.51535e-04
   9  ANx2         8.68669e-04   constant   
  10  pNx2         4.82289e+00   constant   
  11  ANy1         0.00000e+00   constant   
  12  pNy1         0.00000e+00   constant   
  13  w_y          0.00000e+00   constant   
  14  ANy2         1.05171e-04     fixed    
  15  pNy2         1.49923e+00   constant   
  16  w_vw         1.43037e+01   constant   
  17  LM          -2.26665e-04   constant   
  18  wCBO_expCoeff   2.00003e+02   2.14717e-03   0.00000e+00  -2.87697e+01
  19  wCBO_expOffset   2.00001e+02   1.84833e-04  -0.00000e+00   1.03479e+03
  20  wCBO_expT    3.00016e+01   3.70754e-04  -0.00000e+00   1.57340e+02
  21  wCBO_linCoeff   0.00000e+00   constant   
  22  wCBO_const  -1.37152e-02   1.56586e-03   0.00000e+00  -2.32516e+01
 EXTERNAL ERROR MATRIX.    NDIM=  25    NPAR=  5    ERR DEF=1
  3.076e-01  5.871e-04 -5.219e-05  4.808e-05 -9.836e-05 
  5.871e-04  4.610e-06 -1.044e-07  7.292e-07 -2.566e-06 
 -5.219e-05 -1.044e-07  3.416e-08  7.261e-09 -1.062e-07 
  4.808e-05  7.292e-07  7.261e-09  1.375e-07 -5.177e-07 
 -9.836e-05 -2.566e-06 -1.062e-07 -5.177e-07  2.452e-06 
ERR MATRIX APPROXIMATE
 PARAMETER  CORRELATION COEFFICIENTS  
       NO.  GLOBAL      8     18     19     20     22
        8  0.82583   1.000  0.493 -0.509  0.234 -0.113
       18  0.99655   0.493  1.000 -0.263  0.916 -0.763
       19  0.97959  -0.509 -0.263  1.000  0.106 -0.367
       20  0.99278   0.234  0.916  0.106  1.000 -0.892
       22  0.97694  -0.113 -0.763 -0.367 -0.892  1.000
 ERR MATRIX APPROXIMATE
MINUIT - FIT ONLY 1-y
 **********
 **   60 **RES 
 **********
                   PARAMETER   14  ANy2 RESTORED TO VARIABLE.
                   PARAMETER    7  w_CBO RESTORED TO VARIABLE.
                   PARAMETER    6  A_CBO RESTORED TO VARIABLE.
                   PARAMETER    4  phi RESTORED TO VARIABLE.
                   PARAMETER    3  A0 RESTORED TO VARIABLE.
                   PARAMETER    1  N0 RESTORED TO VARIABLE.
 **********
 **   61 **FIX            0
 **********
 PARAMETER    0  IS UNDEFINED. IGNORED.
 **********
 **   62 **FIX            1
 **********
 **********
 **   63 **FIX            2
 **********
 PARAMETER    2  IS CONSTANT.   IGNORED.
 **********
 **   64 **FIX            3
 **********
 **********
 **   65 **FIX            4
 **********
 **********
 **   66 **FIX            5
 **********
 PARAMETER    5  IS CONSTANT.   IGNORED.
 **********
 **   67 **FIX            6
 **********
 **********
 **   68 **FIX            7
 **********
 **********
 **   69 **FIX            8
 **********
 **********
 **   70 **FIX            9
 **********
 PARAMETER    9  IS CONSTANT.   IGNORED.
 **********
 **   71 **FIX           13
 **********
 PARAMETER   13  IS CONSTANT.   IGNORED.
 **********
 **   72 **FIX           14
 **********
 **********
 **   73 **FIX           15
 **********
 PARAMETER   15  IS CONSTANT.   IGNORED.
 **********
 **   74 **FIX           16
 **********
 PARAMETER   16  IS CONSTANT.   IGNORED.
 **********
 **   75 **MIGRAD
 **********
 START MIGRAD MINIMIZATION.  STRATEGY  1.  CONVERGENCE WHEN EDM .LT. 1.00e-04
 FCN=463.887 FROM MIGRAD    STATUS=INITIATE        8 CALLS        2921 TOTAL
                     EDM= unknown      STRATEGY= 1      NO ERROR MATRIX       
  EXT PARAMETER               CURRENT GUESS       STEP         FIRST   
  NO.   NAME      VALUE            ERROR          SIZE      DERIVATIVE 
   1  N0           3.00101e+06     fixed    
   2  tau          6.44001e+01   constant   
   3  A0           3.49865e-01     fixed    
   4  phi          4.11748e+00     fixed    
   5  R           -6.22301e+01   constant   
   6  A_CBO        4.03762e-04     fixed    
   7  w_CBO        2.32618e+00     fixed    
   8  phi_CBO      8.13330e-01     fixed    
   9  ANx2         8.68669e-04   constant   
  10  pNx2         4.82289e+00   constant   
  11  ANy1         0.00000e+00   constant   
  12  pNy1         0.00000e+00   constant   
  13  w_y          0.00000e+00   constant   
  14  ANy2         1.05171e-04     fixed    
  15  pNy2         1.49923e+00   constant   
  16  w_vw         1.43037e+01   constant   
  17  LM          -2.26665e-04   constant   
  18  wCBO_expCoeff   2.00003e+02   2.14717e-03   0.00000e+00  -2.87697e+01
  19  wCBO_expOffset   2.00001e+02   1.84833e-04  -0.00000e+00   1.03479e+03
  20  wCBO_expT    3.00016e+01   3.70754e-04  -0.00000e+00   1.57340e+02
  21  wCBO_linCoeff   0.00000e+00   constant   
  22  wCBO_const  -1.37152e-02   1.56586e-03   0.00000e+00  -2.32516e+01
 MIGRAD FAILS TO FIND IMPROVEMENT
 COVARIANCE MATRIX CALCULATED SUCCESSFULLY
 FCN=463.887 FROM HESSE     STATUS=OK             27 CALLS        2958 TOTAL
                     EDM=0.00021363    STRATEGY= 1      ERROR MATRIX ACCURATE 
  EXT PARAMETER                                   STEP         FIRST   
  NO.   NAME      VALUE            ERROR          SIZE      DERIVATIVE 
   1  N0           3.00101e+06     fixed    
   2  tau          6.44001e+01   constant   
   3  A0           3.49865e-01     fixed    
   4  phi          4.11748e+00     fixed    
   5  R           -6.22301e+01   constant   
   6  A_CBO        4.03762e-04     fixed    
   7  w_CBO        2.32618e+00     fixed    
   8  phi_CBO      8.13330e-01     fixed    
   9  ANx2         8.68669e-04   constant   
  10  pNx2         4.82289e+00   constant   
  11  ANy1         0.00000e+00   constant   
  12  pNy1         0.00000e+00   constant   
  13  w_y          0.00000e+00   constant   
  14  ANy2         1.05171e-04     fixed    
  15  pNy2         1.49923e+00   constant   
  16  w_vw         1.43037e+01   constant   
  17  LM          -2.26665e-04   constant   
  18  wCBO_expCoeff   2.00003e+02   2.89179e-03   9.53688e-05  -3.43999e+01
  19  wCBO_expOffset   2.00001e+02   1.32496e-04   9.53681e-05  -2.12794e+02
  20  wCBO_expT    3.00016e+01   5.31477e-04   1.43059e-05   1.59806e+02
  21  wCBO_linCoeff   0.00000e+00   constant   
  22  wCBO_const  -1.37152e-02   2.36745e-03   3.87755e-06  -2.32633e+01
 MIGRAD FAILS TO FIND IMPROVEMENT
 MIGRAD TERMINATED WITHOUT CONVERGENCE.
 FCN=463.887 FROM MIGRAD    STATUS=FAILED         66 CALLS        2979 TOTAL
                     EDM=0.00694291    STRATEGY= 1  ERROR MATRIX UNCERTAINTY  11.8 per cent
  EXT PARAMETER                APPROXIMATE        STEP         FIRST   
  NO.   NAME      VALUE            ERROR          SIZE      DERIVATIVE 
   1  N0           3.00101e+06     fixed    
   2  tau          6.44001e+01   constant   
   3  A0           3.49865e-01     fixed    
   4  phi          4.11748e+00     fixed    
   5  R           -6.22301e+01   constant   
   6  A_CBO        4.03762e-04     fixed    
   7  w_CBO        2.32618e+00     fixed    
   8  phi_CBO      8.13330e-01     fixed    
   9  ANx2         8.68669e-04   constant   
  10  pNx2         4.82289e+00   constant   
  11  ANy1         0.00000e+00   constant   
  12  pNy1         0.00000e+00   constant   
  13  w_y          0.00000e+00   constant   
  14  ANy2         1.05171e-04     fixed    
  15  pNy2         1.49923e+00   constant   
  16  w_vw         1.43037e+01   constant   
  17  LM          -2.26665e-04   constant   
  18  wCBO_expCoeff   2.00003e+02   1.00000e+00   0.00000e+00  -2.25106e+01
  19  wCBO_expOffset   2.00001e+02   1.00000e+00  -0.00000e+00   1.06594e+03
  20  wCBO_expT    3.00016e+01   1.00000e+00  -0.00000e+00   1.07150e+02
  21  wCBO_linCoeff   0.00000e+00   constant   
  22  wCBO_const  -1.37017e-02   1.00000e+00   0.00000e+00  -1.28830e+01
 EXTERNAL ERROR MATRIX.    NDIM=  25    NPAR=  4    ERR DEF=1
  1.000e+00 -5.916e-09  1.024e-06 -4.528e-06 
 -5.916e-09  1.000e+00 -1.773e-09  7.118e-09 
  1.024e-06 -1.773e-09  1.000e+00 -7.013e-07 
 -4.528e-06  7.118e-09 -7.013e-07  1.000e+00 
ERR MATRIX APPROXIMATE
 PARAMETER  CORRELATION COEFFICIENTS  
       NO.  GLOBAL     18     19     20     22
       18  0.00000   1.000 -0.000  0.000 -0.000
       19  0.00000  -0.000  1.000 -0.000  0.000
       20  0.00000   0.000 -0.000  1.000 -0.000
       22  0.00000  -0.000  0.000 -0.000  1.000
 ERR MATRIX APPROXIMATE
MINUIT - FIT ONLY 2-y
 **********
 **   76 **RES 
 **********
                   PARAMETER   14  ANy2 RESTORED TO VARIABLE.
                   PARAMETER    8  phi_CBO RESTORED TO VARIABLE.
                   PARAMETER    7  w_CBO RESTORED TO VARIABLE.
                   PARAMETER    6  A_CBO RESTORED TO VARIABLE.
                   PARAMETER    4  phi RESTORED TO VARIABLE.
                   PARAMETER    3  A0 RESTORED TO VARIABLE.
                   PARAMETER    1  N0 RESTORED TO VARIABLE.
 **********
 **   77 **FIX            0
 **********
 PARAMETER    0  IS UNDEFINED. IGNORED.
 **********
 **   78 **FIX            1
 **********
 **********
 **   79 **FIX            2
 **********
 PARAMETER    2  IS CONSTANT.   IGNORED.
 **********
 **   80 **FIX            3
 **********
 **********
 **   81 **FIX            4
 **********
 **********
 **   82 **FIX            5
 **********
 PARAMETER    5  IS CONSTANT.   IGNORED.
 **********
 **   83 **FIX            6
 **********
 **********
 **   84 **FIX            7
 **********
 **********
 **   85 **FIX            8
 **********
 **********
 **   86 **FIX            9
 **********
 PARAMETER    9  IS CONSTANT.   IGNORED.
 **********
 **   87 **FIX           10
 **********
 PARAMETER   10  IS CONSTANT.   IGNORED.
 **********
 **   88 **FIX           11
 **********
 PARAMETER   11  IS CONSTANT.   IGNORED.
 **********
 **   89 **FIX           12
 **********
 PARAMETER   12  IS CONSTANT.   IGNORED.
 **********
 **   90 **FIX           16
 **********
 PARAMETER   16  IS CONSTANT.   IGNORED.
 **********
 **   91 **MIGRAD
 **********
 START MIGRAD MINIMIZATION.  STRATEGY  1.  CONVERGENCE WHEN EDM .LT. 1.00e-04
