 + ++++++++++++++++++++++++++++++++++++++++++++++++++++++++++++++++++++ +
 +                                                                      +
 +           You have chose to blind your fitting according to          +
 +                omega_ref * (1 + (R +/- deltaR) *10^{-6})             +
 +                                                                      +
 + ++++++++++++++++++++++++++++++++++++++++++++++++++++++++++++++++++++ +
In main()...
reading format from /gm2data/zkhechad/run45/envelope/formats/formatB_sBin_constraintOn.txt
pBinTau 	= 0  
pBinPhi 	= 0  
constraintau 	= 1 
includeMopTerm 	= 0    
constrainMop    = 0   
Parameters after format file: pBinTau 0 pBinPhi 0 constraintau 1 includeMopTerm 0 constrainMop 0 c_e_scale 0.000000 
reading cbo reference file (full fit) from /gm2data/zkhechad/cboTemplates/Run4CBOTemplates/fullFits/run4/sBin_constraintOn_cE0.0_seed0_run4_calo10.root
A_CBO 0.009734 w_CBO 2.326087 phi_CBO 0.029548 N0 2975169.599894 R -60.949257 tau 64.405372 
Reading cboRef file /gm2data/zkhechad/cboTemplates/Run4CBOTemplates//cboIsolate/run4_calo10.root
deltaT 164.120000
windowBins = 1100
fitting sliding window 1580 from bin 1783 at 266.023600 to bin 2883 at 430.143600 (1100 bins)

Reading data from /gm2data/cornell/histograms/aMethod/histogram_a_run4.root
fitting cbo isolate
 **********
 **    1 **SET PRINTOUT            1
 **********
 **********
 **    2 **SET NOWARNINGS 
 **********
 PARAMETER DEFINITIONS:
    NO.   NAME         VALUE      STEP SIZE      LIMITS
     1 A_CBO        9.73400e-03  1.00000e-05     no limits
     2 w_CBO        2.32609e+00  1.00000e-02    2.00000e+00  3.00000e+00
     3 phi_CBO      2.95478e-02  1.00000e-02    0.00000e+00  6.28319e+00
 **********
 **    3 **MIGRAD
 **********
 FIRST CALL TO USER FUNCTION AT NEW START POINT, WITH IFLAG=4.
 START MIGRAD MINIMIZATION.  STRATEGY  1.  CONVERGENCE WHEN EDM .LT. 1.00e-04
 FCN=0.0641796 FROM MIGRAD    STATUS=INITIATE       12 CALLS          13 TOTAL
                     EDM= unknown      STRATEGY= 1      NO ERROR MATRIX       
  EXT PARAMETER               CURRENT GUESS       STEP         FIRST   
  NO.   NAME      VALUE            ERROR          SIZE      DERIVATIVE 
   1  A_CBO        9.73400e-03   1.00000e-05   1.00000e-05   7.46888e+00
   2  w_CBO        2.32609e+00   1.00000e-02   2.13343e-02  -3.80092e-01
   3  phi_CBO      2.95478e-02   1.00000e-02   2.36132e-02   9.96112e-04
 MIGRAD MINIMIZATION HAS CONVERGED.
 MIGRAD WILL VERIFY CONVERGENCE AND ERROR MATRIX.
 COVARIANCE MATRIX CALCULATED SUCCESSFULLY
 FCN=0.0388788 FROM MIGRAD    STATUS=CONVERGED      43 CALLS          44 TOTAL
                     EDM=7.72529e-06    STRATEGY= 1      ERROR MATRIX ACCURATE 
  EXT PARAMETER                                   STEP         FIRST   
  NO.   NAME      VALUE            ERROR          SIZE      DERIVATIVE 
   1  A_CBO        2.96425e-03   4.25836e-02   2.11935e-05  -7.19557e-03
   2  w_CBO        2.32630e+00   4.10510e-02   4.36835e-05   4.46086e-02
   3  phi_CBO      5.77045e-03   4.37159e+00   3.18152e-02  -5.10117e-05
 EXTERNAL ERROR MATRIX.    NDIM=  25    NPAR=  3    ERR DEF=1
  1.813e-03 -5.176e-05 -1.996e-06 
 -5.176e-05  1.690e-03  2.584e-04 
 -1.996e-06  2.584e-04  7.249e-02 
 PARAMETER  CORRELATION COEFFICIENTS  
       NO.  GLOBAL      1      2      3
        1  0.02958   1.000 -0.030 -0.000
        2  0.03768  -0.030  1.000  0.023
        3  0.02336  -0.000  0.023  1.000
setting A_CBO=0.002964 w_CBO=2.326299, phi_CBO=0.005770
done fitting cbo isolate
 **********
 **    1 **SET PRINTOUT            1
 **********
 **********
 **    2 **SET NOWARNINGS 
 **********
 PARAMETER DEFINITIONS:
    NO.   NAME         VALUE      STEP SIZE      LIMITS
     1 N0           2.97517e+06  1.00000e+02     no limits
     2 tau          6.44054e+01  constant
     3 A0           3.48516e-01  1.00000e-04     no limits
     4 phi          4.11546e+00  1.00000e-02     no limits
     5 R           -6.09493e+01  constant
     6 A_CBO        2.96425e-03  1.00000e-05     no limits
     7 w_CBO        2.32630e+00  1.00000e-03     no limits
     8 phi_CBO      5.77045e-03  1.00000e-04     no limits
     9 ANx2         7.43781e-04  constant
    10 pNx2         1.57222e+00  constant
    11 ANy1         0.00000e+00  constant
    12 pNy1         0.00000e+00  constant
    13 w_y          0.00000e+00  constant
    14 ANy2         7.31057e-03  1.00000e-04     no limits
    15 pNy2         6.06093e+00  constant
    16 w_vw         1.43032e+01  constant
    17 LM           6.04551e-05  constant
    18 wCBO_expCoeff   2.00000e+02  1.00000e+00     no limits
    19 wCBO_expOffset   2.00000e+02  1.00000e+00     no limits
    20 wCBO_expT    3.00000e+01  1.00000e+00     no limits
    21 wCBO_linCoeff   0.00000e+00  constant
    22 wCBO_const   0.00000e+00  1.00000e-02     no limits
MINUIT - FIT ONLY WIGGLE
 **********
 **    3 **FIX            5
 **********
 PARAMETER    5  IS CONSTANT.   IGNORED.
 **********
 **    4 **FIX            6
 **********
 **********
 **    5 **FIX            7
 **********
 **********
 **    6 **FIX            8
 **********
 **********
 **    7 **FIX            9
 **********
 PARAMETER    9  IS CONSTANT.   IGNORED.
 **********
 **    8 **FIX           10
 **********
 PARAMETER   10  IS CONSTANT.   IGNORED.
 **********
 **    9 **FIX           11
 **********
 PARAMETER   11  IS CONSTANT.   IGNORED.
 **********
 **   10 **FIX           12
 **********
 PARAMETER   12  IS CONSTANT.   IGNORED.
 **********
 **   11 **FIX           13
 **********
 PARAMETER   13  IS CONSTANT.   IGNORED.
 **********
 **   12 **FIX           14
 **********
 **********
 **   13 **FIX           15
 **********
 PARAMETER   15  IS CONSTANT.   IGNORED.
 **********
 **   14 **FIX           16
 **********
 PARAMETER   16  IS CONSTANT.   IGNORED.
 **********
 **   15 **MIGRAD
 **********
 FIRST CALL TO USER FUNCTION AT NEW START POINT, WITH IFLAG=4.
 START MIGRAD MINIMIZATION.  STRATEGY  1.  CONVERGENCE WHEN EDM .LT. 1.00e-04
 FCN=742.65 FROM MIGRAD    STATUS=INITIATE       60 CALLS          61 TOTAL
                     EDM= unknown      STRATEGY= 1      NO ERROR MATRIX       
  EXT PARAMETER               CURRENT GUESS       STEP         FIRST   
  NO.   NAME      VALUE            ERROR          SIZE      DERIVATIVE 
   1  N0           2.97517e+06   1.00000e+02   0.00000e+00  -2.03358e-04
   2  tau          6.44054e+01   constant   
   3  A0           3.48516e-01   1.00000e-04   0.00000e+00  -2.17057e+03
   4  phi          4.11546e+00   1.00000e-02   0.00000e+00   3.37458e+02
   5  R           -6.09493e+01   constant   
   6  A_CBO        2.96425e-03     fixed    
   7  w_CBO        2.32630e+00     fixed    
   8  phi_CBO      5.77045e-03     fixed    
   9  ANx2         7.43781e-04   constant   
  10  pNx2         1.57222e+00   constant   
  11  ANy1         0.00000e+00   constant   
  12  pNy1         0.00000e+00   constant   
  13  w_y          0.00000e+00   constant   
  14  ANy2         7.31057e-03     fixed    
  15  pNy2         6.06093e+00   constant   
  16  w_vw         1.43032e+01   constant   
  17  LM           6.04551e-05   constant   
  18  wCBO_expCoeff   2.00023e+02   1.00000e+00   2.31433e-02   1.64062e+01
  19  wCBO_expOffset   2.00000e+02   1.00000e+00   0.00000e+00   1.08242e+02
  20  wCBO_expT    3.00000e+01   1.00000e+00   0.00000e+00  -1.12168e+03
  21  wCBO_linCoeff   0.00000e+00   constant   
  22  wCBO_const   0.00000e+00   1.00000e-02   0.00000e+00  -8.88944e+03
 MIGRAD MINIMIZATION HAS CONVERGED.
 FCN=720.325 FROM MIGRAD    STATUS=CONVERGED     245 CALLS         246 TOTAL
                     EDM=1.2918e-06    STRATEGY= 1  ERROR MATRIX UNCERTAINTY   4.4 per cent
  EXT PARAMETER                                   STEP         FIRST   
  NO.   NAME      VALUE            ERROR          SIZE      DERIVATIVE 
   1  N0           2.97536e+06   7.98145e+02   6.99562e+00  -9.03068e-07
   2  tau          6.44054e+01   constant   
   3  A0           3.48641e-01   3.60876e-04  -1.24229e-07  -5.62769e-01
   4  phi          4.11522e+00   1.06358e-03  -1.41856e-06  -3.12859e-01
   5  R           -6.09493e+01   constant   
   6  A_CBO        2.96425e-03     fixed    
   7  w_CBO        2.32630e+00     fixed    
   8  phi_CBO      5.77045e-03     fixed    
   9  ANx2         7.43781e-04   constant   
  10  pNx2         1.57222e+00   constant   
  11  ANy1         0.00000e+00   constant   
  12  pNy1         0.00000e+00   constant   
  13  w_y          0.00000e+00   constant   
  14  ANy2         7.31057e-03     fixed    
  15  pNy2         6.06093e+00   constant   
  16  w_vw         1.43032e+01   constant   
  17  LM           6.04551e-05   constant   
  18  wCBO_expCoeff   2.00122e+02   2.91452e-02  -9.93318e-05   2.95862e-01
  19  wCBO_expOffset   2.00015e+02   4.36768e-03  -1.50977e-05   2.87323e+00
  20  wCBO_expT    2.99845e+01   3.98746e-03   8.16354e-06   5.66456e+00
  21  wCBO_linCoeff   0.00000e+00   constant   
  22  wCBO_const   4.86355e-03   9.13146e-04   2.09710e-06   2.36394e+00
 EXTERNAL ERROR MATRIX.    NDIM=  25    NPAR=  7    ERR DEF=1
  6.370e+05  1.078e-02  3.346e-03  5.404e-01  7.458e-02 -8.020e-02  2.185e-02 
  1.078e-02  1.302e-07 -7.769e-09  8.643e-07  1.294e-07 -1.152e-07  2.131e-08 
  3.346e-03 -7.769e-09  1.131e-06  2.684e-07  4.182e-08 -6.007e-08  2.357e-08 
  5.404e-01  8.643e-07  2.684e-07  8.494e-04  1.247e-04 -1.146e-04  2.245e-05 
  7.458e-02  1.294e-07  4.182e-08  1.247e-04  1.908e-05 -1.717e-05  3.358e-06 
 -8.020e-02 -1.152e-07 -6.007e-08 -1.146e-04 -1.717e-05  1.590e-05 -3.283e-06 
  2.185e-02  2.131e-08  2.357e-08  2.245e-05  3.358e-06 -3.283e-06  8.338e-07 
 PARAMETER  CORRELATION COEFFICIENTS  
       NO.  GLOBAL      1      3      4     18     19     20     22
        1  0.04890   1.000  0.037  0.004  0.023  0.021 -0.025  0.030
        3  0.09344   0.037  1.000 -0.020  0.082  0.082 -0.080  0.065
        4  0.04702   0.004 -0.020  1.000  0.009  0.009 -0.014  0.024
       18  0.99234   0.023  0.082  0.009  1.000  0.979 -0.986  0.844
       19  0.99221   0.021  0.082  0.009  0.979  1.000 -0.986  0.842
       20  0.99795  -0.025 -0.080 -0.014 -0.986 -0.986  1.000 -0.902
       22  0.96664   0.030  0.065  0.024  0.844  0.842 -0.902  1.000
MINUIT - FIT ONLY 1-CBO + other amplitudes 
 **********
 **   16 **RES 
 **********
                   PARAMETER   14  ANy2 RESTORED TO VARIABLE.
                   PARAMETER    8  phi_CBO RESTORED TO VARIABLE.
                   PARAMETER    7  w_CBO RESTORED TO VARIABLE.
                   PARAMETER    6  A_CBO RESTORED TO VARIABLE.
 **********
 **   17 **FIX            0
 **********
 PARAMETER    0  IS UNDEFINED. IGNORED.
 **********
 **   18 **FIX            1
 **********
 **********
 **   19 **FIX            2
 **********
 PARAMETER    2  IS CONSTANT.   IGNORED.
 **********
 **   20 **FIX            3
 **********
 **********
 **   21 **FIX            4
 **********
 **********
 **   22 **FIX            9
 **********
 PARAMETER    9  IS CONSTANT.   IGNORED.
 **********
 **   23 **FIX           11
 **********
 PARAMETER   11  IS CONSTANT.   IGNORED.
 **********
 **   24 **FIX           12
 **********
 PARAMETER   12  IS CONSTANT.   IGNORED.
 **********
 **   25 **FIX           14
 **********
 **********
 **   26 **FIX           15
 **********
 PARAMETER   15  IS CONSTANT.   IGNORED.
 **********
 **   27 **FIX           16
 **********
 PARAMETER   16  IS CONSTANT.   IGNORED.
 **********
 **   28 **MIGRAD
 **********
 START MIGRAD MINIMIZATION.  STRATEGY  1.  CONVERGENCE WHEN EDM .LT. 1.00e-04
 FCN=720.325 FROM MIGRAD    STATUS=INITIATE       20 CALLS         266 TOTAL
                     EDM= unknown      STRATEGY= 1      NO ERROR MATRIX       
  EXT PARAMETER               CURRENT GUESS       STEP         FIRST   
  NO.   NAME      VALUE            ERROR          SIZE      DERIVATIVE 
   1  N0           2.97536e+06     fixed    
   2  tau          6.44054e+01   constant   
   3  A0           3.48641e-01     fixed    
   4  phi          4.11522e+00     fixed    
   5  R           -6.09493e+01   constant   
   6  A_CBO        2.96425e-03   1.00000e-05   1.00000e-05   2.17790e+04
   7  w_CBO        2.32630e+00   1.00000e-03   1.00000e-03   2.66569e+01
   8  phi_CBO      5.77045e-03   1.00000e-04   1.00000e-04  -1.85679e+00
   9  ANx2         7.43781e-04   constant   
  10  pNx2         1.57222e+00   constant   
  11  ANy1         0.00000e+00   constant   
  12  pNy1         0.00000e+00   constant   
  13  w_y          0.00000e+00   constant   
  14  ANy2         7.31057e-03     fixed    
  15  pNy2         6.06093e+00   constant   
  16  w_vw         1.43032e+01   constant   
  17  LM           6.04551e-05   constant   
  18  wCBO_expCoeff   2.00122e+02   2.91452e-02  -9.93318e-05   2.95862e-01
  19  wCBO_expOffset   2.00015e+02   4.36768e-03  -1.50977e-05   2.87323e+00
  20  wCBO_expT    2.99845e+01   3.98746e-03   8.16354e-06   5.66456e+00
  21  wCBO_linCoeff   0.00000e+00   constant   
  22  wCBO_const   4.86355e-03   9.13146e-04   2.09710e-06   2.36394e+00
 MIGRAD MINIMIZATION HAS CONVERGED.
 MIGRAD WILL VERIFY CONVERGENCE AND ERROR MATRIX.
 FCN=702.14 FROM MIGRAD    STATUS=CONVERGED     258 CALLS         504 TOTAL
                     EDM=1.96189e-06    STRATEGY= 1      ERR MATRIX NOT POS-DEF
  EXT PARAMETER                APPROXIMATE        STEP         FIRST   
  NO.   NAME      VALUE            ERROR          SIZE      DERIVATIVE 
   1  N0           2.97536e+06     fixed    
   2  tau          6.44054e+01   constant   
   3  A0           3.48641e-01     fixed    
   4  phi          4.11522e+00     fixed    
   5  R           -6.09493e+01   constant   
   6  A_CBO        1.24858e-03   3.99810e-04   5.00080e-06  -3.65692e+00
   7  w_CBO        2.32608e+00   7.16726e-04   1.10916e-06   3.21134e+00
   8  phi_CBO     -1.01029e-01   4.47999e-01   3.87420e-03   9.71901e-04
   9  ANx2         7.43781e-04   constant   
  10  pNx2         1.57222e+00   constant   
  11  ANy1         0.00000e+00   constant   
  12  pNy1         0.00000e+00   constant   
  13  w_y          0.00000e+00   constant   
  14  ANy2         7.31057e-03     fixed    
  15  pNy2         6.06093e+00   constant   
  16  w_vw         1.43032e+01   constant   
  17  LM           6.04551e-05   constant   
  18  wCBO_expCoeff   2.00103e+02   6.43581e-02   9.54166e-05   3.70521e-02
  19  wCBO_expOffset   2.00012e+02   1.06135e-02   9.53731e-05   2.47663e-01
  20  wCBO_expT    2.99889e+01   3.73635e-03   1.42998e-05   1.64501e-01
  21  wCBO_linCoeff   0.00000e+00   constant   
  22  wCBO_const   3.71746e-03   9.88677e-04   4.11744e-06   4.60527e-02
 EXTERNAL ERROR MATRIX.    NDIM=  25    NPAR=  7    ERR DEF=1
  1.598e-07  2.208e-08  1.319e-05  2.041e-06 -1.768e-07 -2.421e-07  8.950e-08 
  2.208e-08  5.137e-07  1.024e-05 -1.478e-05 -2.972e-06 -6.512e-07 -8.382e-08 
  1.319e-05  1.024e-05  2.007e-01  7.821e-04 -2.055e-04 -1.477e-06  1.433e-04 
  2.041e-06 -1.478e-05  7.821e-04  4.142e-03 -2.994e-04 -5.866e-05  1.811e-05 
 -1.768e-07 -2.972e-06 -2.055e-04 -2.994e-04  1.126e-04 -1.296e-05  3.280e-06 
 -2.421e-07 -6.512e-07 -1.477e-06 -5.866e-05 -1.296e-05  1.396e-05 -2.593e-06 
  8.950e-08 -8.382e-08  1.433e-04  1.811e-05  3.280e-06 -2.593e-06  9.775e-07 
ERR MATRIX NOT POS-DEF
 PARAMETER  CORRELATION COEFFICIENTS  
       NO.  GLOBAL      6      7      8     18     19     20     22
        6  0.27036   1.000  0.077  0.074  0.079 -0.042 -0.162  0.226
        7  0.99585   0.077  1.000  0.032 -0.320 -0.391 -0.243 -0.118
        8  0.74549   0.074  0.032  1.000  0.027 -0.043 -0.001  0.323
       18  0.99557   0.079 -0.320  0.027  1.000 -0.438 -0.244  0.285
       19  0.99634  -0.042 -0.391 -0.043 -0.438  1.000 -0.327  0.313
       20  0.99585  -0.162 -0.243 -0.001 -0.244 -0.327  1.000 -0.702
       22  0.94722   0.226 -0.118  0.323  0.285  0.313 -0.702  1.000
 ERR MATRIX NOT POS-DEF
MINUIT - FIT ONLY 1-CBO
 **********
 **   29 **RES 
 **********
                   PARAMETER   14  ANy2 RESTORED TO VARIABLE.
                   PARAMETER    4  phi RESTORED TO VARIABLE.
                   PARAMETER    3  A0 RESTORED TO VARIABLE.
                   PARAMETER    1  N0 RESTORED TO VARIABLE.
 **********
 **   30 **FIX            0
 **********
 PARAMETER    0  IS UNDEFINED. IGNORED.
 **********
 **   31 **FIX            1
 **********
 **********
 **   32 **FIX            2
 **********
 PARAMETER    2  IS CONSTANT.   IGNORED.
 **********
 **   33 **FIX            3
 **********
 **********
 **   34 **FIX            4
 **********
 **********
 **   35 **FIX            8
 **********
 **********
 **   36 **FIX            9
 **********
 PARAMETER    9  IS CONSTANT.   IGNORED.
 **********
 **   37 **FIX           11
 **********
 PARAMETER   11  IS CONSTANT.   IGNORED.
 **********
 **   38 **FIX           12
 **********
 PARAMETER   12  IS CONSTANT.   IGNORED.
 **********
 **   39 **FIX           13
 **********
 PARAMETER   13  IS CONSTANT.   IGNORED.
 **********
 **   40 **FIX           15
 **********
 PARAMETER   15  IS CONSTANT.   IGNORED.
 **********
 **   41 **FIX           16
 **********
 PARAMETER   16  IS CONSTANT.   IGNORED.
 **********
 **   42 **MIGRAD
 **********
 START MIGRAD MINIMIZATION.  STRATEGY  1.  CONVERGENCE WHEN EDM .LT. 1.00e-04
 FCN=702.14 FROM MIGRAD    STATUS=INITIATE       16 CALLS         520 TOTAL
                     EDM= unknown      STRATEGY= 1      NO ERROR MATRIX       
  EXT PARAMETER               CURRENT GUESS       STEP         FIRST   
  NO.   NAME      VALUE            ERROR          SIZE      DERIVATIVE 
   1  N0           2.97536e+06     fixed    
   2  tau          6.44054e+01   constant   
   3  A0           3.48641e-01     fixed    
   4  phi          4.11522e+00     fixed    
   5  R           -6.09493e+01   constant   
   6  A_CBO        1.24858e-03   3.99810e-04   5.00080e-06  -3.65692e+00
   7  w_CBO        2.32608e+00   7.16726e-04   1.10916e-06   3.24456e+00
   8  phi_CBO     -1.01029e-01     fixed    
   9  ANx2         7.43781e-04   constant   
  10  pNx2         1.57222e+00   constant   
  11  ANy1         0.00000e+00   constant   
  12  pNy1         0.00000e+00   constant   
  13  w_y          0.00000e+00   constant   
  14  ANy2         7.31057e-03   1.00000e-04   1.00000e-04   9.74324e+04
  15  pNy2         6.06093e+00   constant   
  16  w_vw         1.43032e+01   constant   
  17  LM           6.04551e-05   constant   
  18  wCBO_expCoeff   2.00103e+02   6.43581e-02   9.54166e-05   3.72984e-02
  19  wCBO_expOffset   2.00012e+02   1.06135e-02   9.53731e-05   3.44729e-01
  20  wCBO_expT    2.99889e+01   3.73635e-03   1.42998e-05   2.72673e-01
  21  wCBO_linCoeff   0.00000e+00   constant   
  22  wCBO_const   3.71746e-03   9.88677e-04   4.11744e-06   4.42511e-02
 MIGRAD MINIMIZATION HAS CONVERGED.
 MIGRAD WILL VERIFY CONVERGENCE AND ERROR MATRIX.
 COVARIANCE MATRIX CALCULATED SUCCESSFULLY
 FCN=350.363 FROM MIGRAD    STATUS=CONVERGED     228 CALLS         732 TOTAL
                     EDM=9.56398e-07    STRATEGY= 1      ERROR MATRIX ACCURATE 
  EXT PARAMETER                                   STEP         FIRST   
  NO.   NAME      VALUE            ERROR          SIZE      DERIVATIVE 
   1  N0           2.97536e+06     fixed    
   2  tau          6.44054e+01   constant   
   3  A0           3.48641e-01     fixed    
   4  phi          4.11522e+00     fixed    
   5  R           -6.09493e+01   constant   
   6  A_CBO        3.14626e-04   3.85934e-04   3.49501e-06  -1.88719e+00
   7  w_CBO        2.32626e+00   1.26823e-03   1.10924e-06   1.02285e+00
   8  phi_CBO     -1.01029e-01     fixed    
   9  ANx2         7.43781e-04   constant   
  10  pNx2         1.57222e+00   constant   
  11  ANy1         0.00000e+00   constant   
  12  pNy1         0.00000e+00   constant   
  13  w_y          0.00000e+00   constant   
  14  ANy2         9.07483e-05   3.82416e-04   3.47782e-06   6.75697e-01
  15  pNy2         6.06093e+00   constant   
  16  w_vw         1.43032e+01   constant   
  17  LM           6.04551e-05   constant   
  18  wCBO_expCoeff   2.00120e+02   1.10910e-01   9.54249e-05   9.20480e-03
  19  wCBO_expOffset   2.00014e+02   8.21481e-03   9.53743e-05   5.74777e-02
  20  wCBO_expT    2.99871e+01   3.86605e-03   1.42989e-05  -8.78281e-02
  21  wCBO_linCoeff   0.00000e+00   constant   
  22  wCBO_const   3.60844e-03   9.34097e-04   3.58543e-06   5.35815e-01
 EXTERNAL ERROR MATRIX.    NDIM=  25    NPAR=  7    ERR DEF=1
  1.489e-07  8.102e-09  1.269e-08  8.343e-07 -2.798e-08 -1.088e-07  1.324e-08 
  8.102e-09  1.608e-06 -2.014e-09 -1.067e-04 -2.140e-06 -1.120e-06 -5.472e-07 
  1.269e-08 -2.014e-09  1.462e-07 -2.158e-07  1.839e-08  5.507e-09 -3.326e-09 
  8.343e-07 -1.067e-04 -2.158e-07  1.230e-02 -2.141e-04 -1.093e-04  6.038e-05 
 -2.798e-08 -2.140e-06  1.839e-08 -2.141e-04  6.748e-05 -2.980e-06  1.193e-06 
 -1.088e-07 -1.120e-06  5.507e-09 -1.093e-04 -2.980e-06  1.495e-05 -1.781e-06 
  1.324e-08 -5.472e-07 -3.326e-09  6.038e-05  1.193e-06 -1.781e-06  8.725e-07 
 PARAMETER  CORRELATION COEFFICIENTS  
       NO.  GLOBAL      6      7     14     18     19     20     22
        6  0.14503   1.000  0.017  0.086  0.019 -0.009 -0.073  0.037
        7  0.99780   0.017  1.000 -0.004 -0.758 -0.205 -0.228 -0.462
       14  0.11273   0.086 -0.004  1.000 -0.005  0.006  0.004 -0.009
       18  0.99753   0.019 -0.758 -0.005  1.000 -0.235 -0.255  0.583
       19  0.98986  -0.009 -0.205  0.006 -0.235  1.000 -0.094  0.156
       20  0.99342  -0.073 -0.228  0.004 -0.255 -0.094  1.000 -0.493
       22  0.90786   0.037 -0.462 -0.009  0.583  0.156 -0.493  1.000
MINUIT - FIT ONLY 2-CBO
 **********
 **   43 **RES 
 **********
                   PARAMETER    8  phi_CBO RESTORED TO VARIABLE.
                   PARAMETER    4  phi RESTORED TO VARIABLE.
                   PARAMETER    3  A0 RESTORED TO VARIABLE.
                   PARAMETER    1  N0 RESTORED TO VARIABLE.
 **********
 **   44 **FIX            0
 **********
 PARAMETER    0  IS UNDEFINED. IGNORED.
 **********
 **   45 **FIX            1
 **********
 **********
 **   46 **FIX            2
 **********
 PARAMETER    2  IS CONSTANT.   IGNORED.
 **********
 **   47 **FIX            3
 **********
 **********
 **   48 **FIX            4
 **********
 **********
 **   49 **FIX            5
 **********
 PARAMETER    5  IS CONSTANT.   IGNORED.
 **********
 **   50 **FIX            6
 **********
 **********
 **   51 **FIX            7
 **********
 **********
 **   52 **FIX           10
 **********
 PARAMETER   10  IS CONSTANT.   IGNORED.
 **********
 **   53 **FIX           11
 **********
 PARAMETER   11  IS CONSTANT.   IGNORED.
 **********
 **   54 **FIX           12
 **********
 PARAMETER   12  IS CONSTANT.   IGNORED.
 **********
 **   55 **FIX           13
 **********
 PARAMETER   13  IS CONSTANT.   IGNORED.
 **********
 **   56 **FIX           14
 **********
 **********
 **   57 **FIX           15
 **********
 PARAMETER   15  IS CONSTANT.   IGNORED.
 **********
 **   58 **FIX           16
 **********
 PARAMETER   16  IS CONSTANT.   IGNORED.
 **********
 **   59 **MIGRAD
 **********
 START MIGRAD MINIMIZATION.  STRATEGY  1.  CONVERGENCE WHEN EDM .LT. 1.00e-04
 FCN=350.363 FROM MIGRAD    STATUS=INITIATE       12 CALLS         744 TOTAL
                     EDM= unknown      STRATEGY= 1      NO ERROR MATRIX       
  EXT PARAMETER               CURRENT GUESS       STEP         FIRST   
  NO.   NAME      VALUE            ERROR          SIZE      DERIVATIVE 
   1  N0           2.97536e+06     fixed    
   2  tau          6.44054e+01   constant   
   3  A0           3.48641e-01     fixed    
   4  phi          4.11522e+00     fixed    
   5  R           -6.09493e+01   constant   
   6  A_CBO        3.14626e-04     fixed    
   7  w_CBO        2.32626e+00     fixed    
   8  phi_CBO     -1.01029e-01   4.47999e-01   4.47999e-01  -4.21448e-01
   9  ANx2         7.43781e-04   constant   
  10  pNx2         1.57222e+00   constant   
  11  ANy1         0.00000e+00   constant   
  12  pNy1         0.00000e+00   constant   
  13  w_y          0.00000e+00   constant   
  14  ANy2         9.07483e-05     fixed    
  15  pNy2         6.06093e+00   constant   
  16  w_vw         1.43032e+01   constant   
  17  LM           6.04551e-05   constant   
  18  wCBO_expCoeff   2.00120e+02   1.10910e-01   9.54249e-05   7.85645e-03
  19  wCBO_expOffset   2.00014e+02   8.21481e-03   9.53743e-05  -3.42139e-01
  20  wCBO_expT    2.99871e+01   3.86605e-03   1.42989e-05  -1.86234e-01
  21  wCBO_linCoeff   0.00000e+00   constant   
  22  wCBO_const   3.60844e-03   9.34097e-04   3.58543e-06   5.36057e-01
 MIGRAD MINIMIZATION HAS CONVERGED.
 MIGRAD WILL VERIFY CONVERGENCE AND ERROR MATRIX.
 COVARIANCE MATRIX CALCULATED SUCCESSFULLY
 FCN=350.294 FROM MIGRAD    STATUS=CONVERGED     121 CALLS         853 TOTAL
                     EDM=1.45098e-06    STRATEGY= 1      ERROR MATRIX ACCURATE 
  EXT PARAMETER                                   STEP         FIRST   
  NO.   NAME      VALUE            ERROR          SIZE      DERIVATIVE 
   1  N0           2.97536e+06     fixed    
   2  tau          6.44054e+01   constant   
   3  A0           3.48641e-01     fixed    
   4  phi          4.11522e+00     fixed    
   5  R           -6.09493e+01   constant   
   6  A_CBO        3.14626e-04     fixed    
   7  w_CBO        2.32626e+00     fixed    
   8  phi_CBO      2.27755e-01   1.21999e+00   1.06804e-02   1.26762e-03
   9  ANx2         7.43781e-04   constant   
  10  pNx2         1.57222e+00   constant   
  11  ANy1         0.00000e+00   constant   
  12  pNy1         0.00000e+00   constant   
  13  w_y          0.00000e+00   constant   
  14  ANy2         9.07483e-05     fixed    
  15  pNy2         6.06093e+00   constant   
  16  w_vw         1.43032e+01   constant   
  17  LM           6.04551e-05   constant   
  18  wCBO_expCoeff   2.00118e+02   7.62077e-02   9.54237e-05   3.87863e-02
  19  wCBO_expOffset   2.00014e+02   8.59010e-03   9.53742e-05   2.57327e-01
  20  wCBO_expT    2.99873e+01   3.84790e-03   1.42991e-05   2.78769e-01
  21  wCBO_linCoeff   0.00000e+00   constant   
  22  wCBO_const   3.60696e-03   8.38997e-04   3.56838e-06  -5.53450e-01
 EXTERNAL ERROR MATRIX.    NDIM=  25    NPAR=  5    ERR DEF=1
  1.488e+00 -9.491e-03 -4.368e-04  7.024e-04  7.301e-05 
 -9.491e-03  5.808e-03 -4.162e-04 -1.941e-04  2.447e-05 
 -4.368e-04 -4.162e-04  7.379e-05 -4.510e-06  4.289e-07 
  7.024e-04 -1.941e-04 -4.510e-06  1.481e-05 -2.178e-06 
  7.301e-05  2.447e-05  4.289e-07 -2.178e-06  7.039e-07 
 PARAMETER  CORRELATION COEFFICIENTS  
       NO.  GLOBAL      8     18     19     20     22
        8  0.29124   1.000 -0.102 -0.042  0.150  0.071
       18  0.99494  -0.102  1.000 -0.636 -0.662  0.383
       19  0.99103  -0.042 -0.636  1.000 -0.136  0.060
       20  0.99357   0.150 -0.662 -0.136  1.000 -0.675
       22  0.88542   0.071  0.383  0.060 -0.675  1.000
MINUIT - FIT ONLY 1-y
 **********
 **   60 **RES 
 **********
                   PARAMETER   14  ANy2 RESTORED TO VARIABLE.
                   PARAMETER    7  w_CBO RESTORED TO VARIABLE.
                   PARAMETER    6  A_CBO RESTORED TO VARIABLE.
                   PARAMETER    4  phi RESTORED TO VARIABLE.
                   PARAMETER    3  A0 RESTORED TO VARIABLE.
                   PARAMETER    1  N0 RESTORED TO VARIABLE.
 **********
 **   61 **FIX            0
 **********
 PARAMETER    0  IS UNDEFINED. IGNORED.
 **********
 **   62 **FIX            1
 **********
 **********
 **   63 **FIX            2
 **********
 PARAMETER    2  IS CONSTANT.   IGNORED.
 **********
 **   64 **FIX            3
 **********
 **********
 **   65 **FIX            4
 **********
 **********
 **   66 **FIX            5
 **********
 PARAMETER    5  IS CONSTANT.   IGNORED.
 **********
 **   67 **FIX            6
 **********
 **********
 **   68 **FIX            7
 **********
 **********
 **   69 **FIX            8
 **********
 **********
 **   70 **FIX            9
 **********
 PARAMETER    9  IS CONSTANT.   IGNORED.
 **********
 **   71 **FIX           13
 **********
 PARAMETER   13  IS CONSTANT.   IGNORED.
 **********
 **   72 **FIX           14
 **********
 **********
 **   73 **FIX           15
 **********
 PARAMETER   15  IS CONSTANT.   IGNORED.
 **********
 **   74 **FIX           16
 **********
 PARAMETER   16  IS CONSTANT.   IGNORED.
 **********
 **   75 **MIGRAD
 **********
 START MIGRAD MINIMIZATION.  STRATEGY  1.  CONVERGENCE WHEN EDM .LT. 1.00e-04
 FCN=350.294 FROM MIGRAD    STATUS=INITIATE        8 CALLS         861 TOTAL
                     EDM= unknown      STRATEGY= 1      NO ERROR MATRIX       
  EXT PARAMETER               CURRENT GUESS       STEP         FIRST   
  NO.   NAME      VALUE            ERROR          SIZE      DERIVATIVE 
   1  N0           2.97536e+06     fixed    
   2  tau          6.44054e+01   constant   
   3  A0           3.48641e-01     fixed    
   4  phi          4.11522e+00     fixed    
   5  R           -6.09493e+01   constant   
   6  A_CBO        3.14626e-04     fixed    
   7  w_CBO        2.32626e+00     fixed    
   8  phi_CBO      2.27755e-01     fixed    
   9  ANx2         7.43781e-04   constant   
  10  pNx2         1.57222e+00   constant   
  11  ANy1         0.00000e+00   constant   
  12  pNy1         0.00000e+00   constant   
  13  w_y          0.00000e+00   constant   
  14  ANy2         9.07483e-05     fixed    
  15  pNy2         6.06093e+00   constant   
  16  w_vw         1.43032e+01   constant   
  17  LM           6.04551e-05   constant   
  18  wCBO_expCoeff   2.00118e+02   7.62077e-02   9.54237e-05   3.79140e-02
  19  wCBO_expOffset   2.00014e+02   8.59010e-03   9.53742e-05  -8.38661e-02
  20  wCBO_expT    2.99873e+01   3.84790e-03   1.42991e-05   1.88328e-01
  21  wCBO_linCoeff   0.00000e+00   constant   
  22  wCBO_const   3.60696e-03   8.38997e-04   3.56838e-06  -5.54295e-01
 MIGRAD MINIMIZATION HAS CONVERGED.
 MIGRAD WILL VERIFY CONVERGENCE AND ERROR MATRIX.
 COVARIANCE MATRIX CALCULATED SUCCESSFULLY
 FCN=350.294 FROM MIGRAD    STATUS=CONVERGED      46 CALLS         899 TOTAL
                     EDM=4.1183e-07    STRATEGY= 1      ERROR MATRIX ACCURATE 
  EXT PARAMETER                                   STEP         FIRST   
  NO.   NAME      VALUE            ERROR          SIZE      DERIVATIVE 
   1  N0           2.97536e+06     fixed    
   2  tau          6.44054e+01   constant   
   3  A0           3.48641e-01     fixed    
   4  phi          4.11522e+00     fixed    
   5  R           -6.09493e+01   constant   
   6  A_CBO        3.14626e-04     fixed    
   7  w_CBO        2.32626e+00     fixed    
   8  phi_CBO      2.27755e-01     fixed    
   9  ANx2         7.43781e-04   constant   
  10  pNx2         1.57222e+00   constant   
  11  ANy1         0.00000e+00   constant   
  12  pNy1         0.00000e+00   constant   
  13  w_y          0.00000e+00   constant   
  14  ANy2         9.07483e-05     fixed    
  15  pNy2         6.06093e+00   constant   
  16  w_vw         1.43032e+01   constant   
  17  LM           6.04551e-05   constant   
  18  wCBO_expCoeff   2.00118e+02   7.58445e-02   9.54236e-05  -1.75520e-02
  19  wCBO_expOffset   2.00014e+02   8.58757e-03   9.53742e-05  -1.18639e-01
  20  wCBO_expT    2.99873e+01   3.80560e-03   1.42991e-05  -5.80455e-01
  21  wCBO_linCoeff   0.00000e+00   constant   
  22  wCBO_const   3.60713e-03   8.36931e-04   3.56888e-06  -5.47958e-01
 EXTERNAL ERROR MATRIX.    NDIM=  25    NPAR=  4    ERR DEF=1
  5.752e-03 -4.195e-04 -1.898e-04  2.495e-05 
 -4.195e-04  7.375e-05 -4.305e-06  4.505e-07 
 -1.898e-04 -4.305e-06  1.448e-05 -2.213e-06 
  2.495e-05  4.505e-07 -2.213e-06  7.005e-07 
 PARAMETER  CORRELATION COEFFICIENTS  
       NO.  GLOBAL     18     19     20     22
       18  0.99489   1.000 -0.644 -0.657  0.393
       19  0.99102  -0.644  1.000 -0.132  0.063
       20  0.99343  -0.657 -0.132  1.000 -0.695
       22  0.88481   0.393  0.063 -0.695  1.000
MINUIT - FIT ONLY 2-y
 **********
 **   76 **RES 
 **********
                   PARAMETER   14  ANy2 RESTORED TO VARIABLE.
                   PARAMETER    8  phi_CBO RESTORED TO VARIABLE.
                   PARAMETER    7  w_CBO RESTORED TO VARIABLE.
                   PARAMETER    6  A_CBO RESTORED TO VARIABLE.
                   PARAMETER    4  phi RESTORED TO VARIABLE.
                   PARAMETER    3  A0 RESTORED TO VARIABLE.
                   PARAMETER    1  N0 RESTORED TO VARIABLE.
 **********
 **   77 **FIX            0
 **********
 PARAMETER    0  IS UNDEFINED. IGNORED.
 **********
 **   78 **FIX            1
 **********
 **********
 **   79 **FIX            2
 **********
 PARAMETER    2  IS CONSTANT.   IGNORED.
 **********
 **   80 **FIX            3
 **********
 **********
 **   81 **FIX            4
 **********
 **********
 **   82 **FIX            5
 **********
 PARAMETER    5  IS CONSTANT.   IGNORED.
 **********
 **   83 **FIX            6
 **********
 **********
 **   84 **FIX            7
 **********
 **********
 **   85 **FIX            8
 **********
 **********
 **   86 **FIX            9
 **********
 PARAMETER    9  IS CONSTANT.   IGNORED.
 **********
 **   87 **FIX           10
 **********
 PARAMETER   10  IS CONSTANT.   IGNORED.
 **********
 **   88 **FIX           11
 **********
 PARAMETER   11  IS CONSTANT.   IGNORED.
 **********
 **   89 **FIX           12
 **********
 PARAMETER   12  IS CONSTANT.   IGNORED.
 **********
 **   90 **FIX           16
 **********
 PARAMETER   16  IS CONSTANT.   IGNORED.
 **********
 **   91 **MIGRAD
 **********
 START MIGRAD MINIMIZATION.  STRATEGY  1.  CONVERGENCE WHEN EDM .LT. 1.00e-04
 FCN=350.294 FROM MIGRAD    STATUS=INITIATE       10 CALLS         909 TOTAL
                     EDM= unknown      STRATEGY= 1      NO ERROR MATRIX       
  EXT PARAMETER               CURRENT GUESS       STEP         FIRST   
  NO.   NAME      VALUE            ERROR          SIZE      DERIVATIVE 
   1  N0           2.97536e+06     fixed    
   2  tau          6.44054e+01   constant   
   3  A0           3.48641e-01     fixed    
   4  phi          4.11522e+00     fixed    
   5  R           -6.09493e+01   constant   
   6  A_CBO        3.14626e-04     fixed    
   7  w_CBO        2.32626e+00     fixed    
   8  phi_CBO      2.27755e-01     fixed    
   9  ANx2         7.43781e-04   constant   
  10  pNx2         1.57222e+00   constant   
  11  ANy1         0.00000e+00   constant   
  12  pNy1         0.00000e+00   constant   
  13  w_y          0.00000e+00   constant   
  14  ANy2         9.07483e-05   3.82416e-04   3.82416e-04  -3.72153e+01
  15  pNy2         6.06093e+00   constant   
  16  w_vw         1.43032e+01   constant   
  17  LM           6.04551e-05   constant   
  18  wCBO_expCoeff   2.00118e+02   7.58445e-02   9.54236e-05  -1.84230e-02
  19  wCBO_expOffset   2.00014e+02   8.58757e-03   9.53742e-05  -4.59376e-01
  20  wCBO_expT    2.99873e+01   3.80560e-03   1.42991e-05  -6.70763e-01
  21  wCBO_linCoeff   0.00000e+00   constant   
  22  wCBO_const   3.60713e-03   8.36931e-04   3.56888e-06  -5.48796e-01
 MIGRAD MINIMIZATION HAS CONVERGED.
 MIGRAD WILL VERIFY CONVERGENCE AND ERROR MATRIX.
 COVARIANCE MATRIX CALCULATED SUCCESSFULLY
 FCN=350.294 FROM MIGRAD    STATUS=CONVERGED      70 CALLS         969 TOTAL
                     EDM=5.97206e-07    STRATEGY= 1      ERROR MATRIX ACCURATE 
  EXT PARAMETER                                   STEP         FIRST   
  NO.   NAME      VALUE            ERROR          SIZE      DERIVATIVE 
   1  N0           2.97536e+06     fixed    
   2  tau          6.44054e+01   constant   
   3  A0           3.48641e-01     fixed    
   4  phi          4.11522e+00     fixed    
   5  R           -6.09493e+01   constant   
   6  A_CBO        3.14626e-04     fixed    
   7  w_CBO        2.32626e+00     fixed    
   8  phi_CBO      2.27755e-01     fixed    
   9  ANx2         7.43781e-04   constant   
  10  pNx2         1.57222e+00   constant   
  11  ANy1         0.00000e+00   constant   
  12  pNy1         0.00000e+00   constant   
  13  w_y          0.00000e+00   constant   
  14  ANy2         9.34731e-05   3.80840e-04   3.47749e-06   4.08947e-01
  15  pNy2         6.06093e+00   constant   
  16  w_vw         1.43032e+01   constant   
  17  LM           6.04551e-05   constant   
  18  wCBO_expCoeff   2.00118e+02   7.58654e-02   9.54236e-05   1.66126e-02
  19  wCBO_expOffset   2.00014e+02   8.58864e-03   9.53742e-05   1.07496e-01
  20  wCBO_expT    2.99873e+01   3.80625e-03   1.42991e-05  -3.72434e-02
  21  wCBO_linCoeff   0.00000e+00   constant   
  22  wCBO_const   3.60708e-03   8.37135e-04   3.56914e-06  -5.24473e-02
 EXTERNAL ERROR MATRIX.    NDIM=  25    NPAR=  5    ERR DEF=1
  1.450e-07 -5.330e-07  1.963e-08  1.691e-08 -5.307e-09 
 -5.330e-07  5.756e-03 -4.197e-04 -1.899e-04  2.498e-05 
  1.963e-08 -4.197e-04  7.376e-05 -4.304e-06  4.499e-07 
  1.691e-08 -1.899e-04 -4.304e-06  1.449e-05 -2.214e-06 
 -5.307e-09  2.498e-05  4.499e-07 -2.214e-06  7.008e-07 
 PARAMETER  CORRELATION COEFFICIENTS  
       NO.  GLOBAL     14     18     19     20     22
       14  0.06716   1.000 -0.018  0.006  0.012 -0.017
       18  0.99489  -0.018  1.000 -0.644 -0.658  0.393
       19  0.99102   0.006 -0.644  1.000 -0.132  0.063
       20  0.99343   0.012 -0.658 -0.132  1.000 -0.695
       22  0.88486  -0.017  0.393  0.063 -0.695  1.000
MINUIT - FIT ALTOGETHER
 **********
 **   92 **RES 
 **********
                   PARAMETER    8  phi_CBO RESTORED TO VARIABLE.
                   PARAMETER    7  w_CBO RESTORED TO VARIABLE.
                   PARAMETER    6  A_CBO RESTORED TO VARIABLE.
                   PARAMETER    4  phi RESTORED TO VARIABLE.
                   PARAMETER    3  A0 RESTORED TO VARIABLE.
                   PARAMETER    1  N0 RESTORED TO VARIABLE.
 **********
 **   93 **MIGRAD
 **********
 START MIGRAD MINIMIZATION.  STRATEGY  1.  CONVERGENCE WHEN EDM .LT. 1.00e-04
 FCN=350.294 FROM MIGRAD    STATUS=INITIATE       22 CALLS         991 TOTAL
                     EDM= unknown      STRATEGY= 1      NO ERROR MATRIX       
  EXT PARAMETER               CURRENT GUESS       STEP         FIRST   
  NO.   NAME      VALUE            ERROR          SIZE      DERIVATIVE 
   1  N0           2.97536e+06   7.98145e+02   7.98145e+02   1.07611e-03
   2  tau          6.44054e+01   constant   
   3  A0           3.48641e-01   3.60876e-04   3.60876e-04   1.48428e+03
   4  phi          4.11522e+00   1.06358e-03   1.06358e-03  -6.45745e+02
   5  R           -6.09493e+01   constant   
   6  A_CBO        3.14626e-04   3.85934e-04   3.85934e-04  -2.34613e+02
   7  w_CBO        2.32626e+00   1.26823e-03   1.26823e-03   1.29231e+00
   8  phi_CBO      2.27755e-01   1.21999e+00   1.21999e+00   1.06987e-03
   9  ANx2         7.43781e-04   constant   
  10  pNx2         1.57222e+00   constant   
  11  ANy1         0.00000e+00   constant   
  12  pNy1         0.00000e+00   constant   
  13  w_y          0.00000e+00   constant   
  14  ANy2         9.34731e-05   3.80840e-04   3.47749e-06   4.08947e-01
  15  pNy2         6.06093e+00   constant   
  16  w_vw         1.43032e+01   constant   
  17  LM           6.04551e-05   constant   
  18  wCBO_expCoeff   2.00118e+02   7.58654e-02   9.54236e-05   1.54631e-02
  19  wCBO_expOffset   2.00014e+02   8.58864e-03   9.53742e-05  -2.33165e-01
  20  wCBO_expT    2.99873e+01   3.80625e-03   1.42991e-05  -1.27525e-01
  21  wCBO_linCoeff   0.00000e+00   constant   
  22  wCBO_const   3.60708e-03   8.37135e-04   3.56914e-06  -5.32897e-02
 MIGRAD MINIMIZATION HAS CONVERGED.
 MIGRAD WILL VERIFY CONVERGENCE AND ERROR MATRIX.
 COVARIANCE MATRIX CALCULATED SUCCESSFULLY
 FCN=349.91 FROM MIGRAD    STATUS=CONVERGED     244 CALLS        1213 TOTAL
                     EDM=1.52442e-05    STRATEGY= 1      ERROR MATRIX ACCURATE 
  EXT PARAMETER                                   STEP         FIRST   
  NO.   NAME      VALUE            ERROR          SIZE      DERIVATIVE 
