 + ++++++++++++++++++++++++++++++++++++++++++++++++++++++++++++++++++++ +
 +                                                                      +
 +           You have chose to blind your fitting according to          +
 +                omega_ref * (1 + (R +/- deltaR) *10^{-6})             +
 +                                                                      +
 + ++++++++++++++++++++++++++++++++++++++++++++++++++++++++++++++++++++ +
In main()...
reading format from /gm2data/zkhechad/run45/envelope/formats/formatB_sBin_constraintOn.txt
pBinTau 	= 0  
pBinPhi 	= 0  
constraintau 	= 1 
includeMopTerm 	= 0    
constrainMop    = 0   
Parameters after format file: pBinTau 0 pBinPhi 0 constraintau 1 includeMopTerm 0 constrainMop 0 c_e_scale 0.000000 
reading cbo reference file (full fit) from /gm2data/zkhechad/cboTemplates/Run4CBOTemplates/fullFits/run4/sBin_constraintOn_cE0.0_seed0_run4_calo10.root
A_CBO 0.009734 w_CBO 2.326087 phi_CBO 0.029548 N0 2975169.599894 R -60.949257 tau 64.405372 
Reading cboRef file /gm2data/zkhechad/cboTemplates/Run4CBOTemplates//cboIsolate/run4_calo10.root
deltaT 164.120000
windowBins = 1100
fitting sliding window 1980 from bin 2183 at 325.703600 to bin 3283 at 489.823600 (1100 bins)

Reading data from /gm2data/cornell/histograms/aMethod/histogram_a_run4.root
fitting cbo isolate
 **********
 **    1 **SET PRINTOUT            1
 **********
 **********
 **    2 **SET NOWARNINGS 
 **********
 PARAMETER DEFINITIONS:
    NO.   NAME         VALUE      STEP SIZE      LIMITS
     1 A_CBO        9.73400e-03  1.00000e-05     no limits
     2 w_CBO        2.32609e+00  1.00000e-02    2.00000e+00  3.00000e+00
     3 phi_CBO      2.95478e-02  1.00000e-02    0.00000e+00  6.28319e+00
 **********
 **    3 **MIGRAD
 **********
 FIRST CALL TO USER FUNCTION AT NEW START POINT, WITH IFLAG=4.
 START MIGRAD MINIMIZATION.  STRATEGY  1.  CONVERGENCE WHEN EDM .LT. 1.00e-04
 FCN=0.130129 FROM MIGRAD    STATUS=INITIATE       12 CALLS          13 TOTAL
                     EDM= unknown      STRATEGY= 1      NO ERROR MATRIX       
  EXT PARAMETER               CURRENT GUESS       STEP         FIRST   
  NO.   NAME      VALUE            ERROR          SIZE      DERIVATIVE 
   1  A_CBO        9.73400e-03   1.00000e-05   1.00000e-05   7.63122e+00
   2  w_CBO        2.32609e+00   1.00000e-02   2.13343e-02   3.52857e-01
   3  phi_CBO      2.95478e-02   1.00000e-02   2.36132e-02  -4.00549e-04
 MIGRAD MINIMIZATION HAS CONVERGED.
 MIGRAD WILL VERIFY CONVERGENCE AND ERROR MATRIX.
 FCN=0.10364 FROM HESSE     STATUS=NOT POSDEF     18 CALLS          62 TOTAL
                     EDM=0.000916581    STRATEGY= 1      ERR MATRIX NOT POS-DEF
  EXT PARAMETER                APPROXIMATE        STEP         FIRST   
  NO.   NAME      VALUE            ERROR          SIZE      DERIVATIVE 
   1  A_CBO        2.76329e-03   4.50510e-02   2.18639e-05  -4.26725e-02
   2  w_CBO        2.32597e+00   6.62983e-01   4.09374e-05   5.43908e-02
   3  phi_CBO      1.61627e-02   6.15563e+00   2.60066e-02  -8.76348e-06
 MIGRAD MINIMIZATION HAS CONVERGED.
 MIGRAD WILL VERIFY CONVERGENCE AND ERROR MATRIX.
 COVARIANCE MATRIX CALCULATED SUCCESSFULLY
 FCN=0.103632 FROM MIGRAD    STATUS=CONVERGED     122 CALLS         123 TOTAL
                     EDM=3.07415e-06    STRATEGY= 1      ERROR MATRIX ACCURATE 
  EXT PARAMETER                                   STEP         FIRST   
  NO.   NAME      VALUE            ERROR          SIZE      DERIVATIVE 
   1  A_CBO        2.80393e-03   4.26486e-02   2.18688e-05  -4.22244e-04
   2  w_CBO        2.32586e+00   4.62857e-02   4.07178e-05   9.39062e-05
   3  phi_CBO      5.21333e-03   6.12580e+00   2.05331e-02   4.66548e-05
 EXTERNAL ERROR MATRIX.    NDIM=  25    NPAR=  3    ERR DEF=1
  1.819e-03 -3.340e-05 -1.091e-02 
 -3.340e-05  2.149e-03  2.642e-01 
 -1.091e-02  2.642e-01  9.200e+01 
 PARAMETER  CORRELATION COEFFICIENTS  
       NO.  GLOBAL      1      2      3
        1  0.02669   1.000 -0.017 -0.027
        2  0.59411  -0.017  1.000  0.594
        3  0.59434  -0.027  0.594  1.000
setting A_CBO=0.002804 w_CBO=2.325861, phi_CBO=0.005213
done fitting cbo isolate
 **********
 **    1 **SET PRINTOUT            1
 **********
 **********
 **    2 **SET NOWARNINGS 
 **********
 PARAMETER DEFINITIONS:
    NO.   NAME         VALUE      STEP SIZE      LIMITS
     1 N0           2.97517e+06  1.00000e+02     no limits
     2 tau          6.44054e+01  constant
     3 A0           3.48516e-01  1.00000e-04     no limits
     4 phi          4.11546e+00  1.00000e-02     no limits
     5 R           -6.09493e+01  constant
     6 A_CBO        2.80393e-03  1.00000e-05     no limits
     7 w_CBO        2.32586e+00  1.00000e-03     no limits
     8 phi_CBO      5.21333e-03  1.00000e-04     no limits
     9 ANx2         7.43781e-04  constant
    10 pNx2         1.57222e+00  constant
    11 ANy1         0.00000e+00  constant
    12 pNy1         0.00000e+00  constant
    13 w_y          0.00000e+00  constant
    14 ANy2         7.31057e-03  1.00000e-04     no limits
    15 pNy2         6.06093e+00  constant
    16 w_vw         1.43032e+01  constant
    17 LM           6.04551e-05  constant
    18 wCBO_expCoeff   2.00000e+02  1.00000e+00     no limits
    19 wCBO_expOffset   2.00000e+02  1.00000e+00     no limits
    20 wCBO_expT    3.00000e+01  1.00000e+00     no limits
    21 wCBO_linCoeff   0.00000e+00  constant
    22 wCBO_const   0.00000e+00  1.00000e-02     no limits
MINUIT - FIT ONLY WIGGLE
 **********
 **    3 **FIX            5
 **********
 PARAMETER    5  IS CONSTANT.   IGNORED.
 **********
 **    4 **FIX            6
 **********
 **********
 **    5 **FIX            7
 **********
 **********
 **    6 **FIX            8
 **********
 **********
 **    7 **FIX            9
 **********
 PARAMETER    9  IS CONSTANT.   IGNORED.
 **********
 **    8 **FIX           10
 **********
 PARAMETER   10  IS CONSTANT.   IGNORED.
 **********
 **    9 **FIX           11
 **********
 PARAMETER   11  IS CONSTANT.   IGNORED.
 **********
 **   10 **FIX           12
 **********
 PARAMETER   12  IS CONSTANT.   IGNORED.
 **********
 **   11 **FIX           13
 **********
 PARAMETER   13  IS CONSTANT.   IGNORED.
 **********
 **   12 **FIX           14
 **********
 **********
 **   13 **FIX           15
 **********
 PARAMETER   15  IS CONSTANT.   IGNORED.
 **********
 **   14 **FIX           16
 **********
 PARAMETER   16  IS CONSTANT.   IGNORED.
 **********
 **   15 **MIGRAD
 **********
 FIRST CALL TO USER FUNCTION AT NEW START POINT, WITH IFLAG=4.
 START MIGRAD MINIMIZATION.  STRATEGY  1.  CONVERGENCE WHEN EDM .LT. 1.00e-04
 FCN=480.272 FROM MIGRAD    STATUS=INITIATE       51 CALLS          52 TOTAL
                     EDM= unknown      STRATEGY= 1      NO ERROR MATRIX       
  EXT PARAMETER               CURRENT GUESS       STEP         FIRST   
  NO.   NAME      VALUE            ERROR          SIZE      DERIVATIVE 
   1  N0           2.97517e+06   1.00000e+02   0.00000e+00   9.45996e-04
   2  tau          6.44054e+01   constant   
   3  A0           3.48516e-01   1.00000e-04   0.00000e+00   2.16991e+01
   4  phi          4.11546e+00   1.00000e-02   0.00000e+00  -3.41004e+02
   5  R           -6.09493e+01   constant   
   6  A_CBO        2.80393e-03     fixed    
   7  w_CBO        2.32586e+00     fixed    
   8  phi_CBO      5.21333e-03     fixed    
   9  ANx2         7.43781e-04   constant   
  10  pNx2         1.57222e+00   constant   
  11  ANy1         0.00000e+00   constant   
  12  pNy1         0.00000e+00   constant   
  13  w_y          0.00000e+00   constant   
  14  ANy2         7.31057e-03     fixed    
  15  pNy2         6.06093e+00   constant   
  16  w_vw         1.43032e+01   constant   
  17  LM           6.04551e-05   constant   
  18  wCBO_expCoeff   2.00304e+02   1.00000e+00   3.03858e-01   5.50718e+00
  19  wCBO_expOffset   2.00000e+02   1.00000e+00   0.00000e+00   3.67703e+01
  20  wCBO_expT    3.00000e+01   1.00000e+00   0.00000e+00   8.01037e+01
  21  wCBO_linCoeff   0.00000e+00   constant   
  22  wCBO_const   0.00000e+00   1.00000e-02   0.00000e+00  -1.47627e+03
 MIGRAD MINIMIZATION HAS CONVERGED.
 FCN=468.927 FROM MIGRAD    STATUS=CONVERGED     326 CALLS         327 TOTAL
                     EDM=6.0488e-07    STRATEGY= 1  ERROR MATRIX UNCERTAINTY   0.9 per cent
  EXT PARAMETER                                   STEP         FIRST   
  NO.   NAME      VALUE            ERROR          SIZE      DERIVATIVE 
   1  N0           2.97467e+06   1.27906e+03  -9.94173e+00   2.59398e-07
   2  tau          6.44054e+01   constant   
   3  A0           3.48369e-01   5.71445e-04   9.47035e-07  -1.39764e+00
   4  phi          4.11555e+00   1.72516e-03  -2.22412e-05   2.80883e-01
   5  R           -6.09493e+01   constant   
   6  A_CBO        2.80393e-03     fixed    
   7  w_CBO        2.32586e+00     fixed    
   8  phi_CBO      5.21333e-03     fixed    
   9  ANx2         7.43781e-04   constant   
  10  pNx2         1.57222e+00   constant   
  11  ANy1         0.00000e+00   constant   
  12  pNy1         0.00000e+00   constant   
  13  w_y          0.00000e+00   constant   
  14  ANy2         7.31057e-03     fixed    
  15  pNy2         6.06093e+00   constant   
  16  w_vw         1.43032e+01   constant   
  17  LM           6.04551e-05   constant   
  18  wCBO_expCoeff   1.98609e+02   3.97936e-01   1.47759e-03  -2.60824e-02
  19  wCBO_expOffset   1.99745e+02   5.97326e-02   2.24068e-04  -1.72404e-01
  20  wCBO_expT    3.01190e+01   2.70907e-02  -1.17508e-04  -7.83596e-01
  21  wCBO_linCoeff   0.00000e+00   constant   
  22  wCBO_const  -2.94617e-03   6.75705e-04   1.00804e-06  -2.47271e+00
 EXTERNAL ERROR MATRIX.    NDIM=  25    NPAR=  7    ERR DEF=1
  1.636e+06 -4.134e-03 -3.804e-02 -4.336e+01 -6.501e+00  3.202e+00 -8.836e-02 
 -4.134e-03  3.265e-07  7.444e-09  7.691e-06  1.204e-06 -6.389e-07  2.482e-08 
 -3.804e-02  7.444e-09  2.976e-06 -1.428e-05 -2.046e-06  6.713e-07  1.223e-07 
 -4.336e+01  7.691e-06 -1.428e-05  1.584e-01  2.310e-02 -1.066e-02  1.523e-04 
 -6.501e+00  1.204e-06 -2.046e-06  2.310e-02  3.568e-03 -1.600e-03  2.292e-05 
  3.202e+00 -6.389e-07  6.713e-07 -1.066e-02 -1.600e-03  7.339e-04 -1.157e-05 
 -8.836e-02  2.482e-08  1.223e-07  1.523e-04  2.292e-05 -1.157e-05  4.566e-07 
 PARAMETER  CORRELATION COEFFICIENTS  
       NO.  GLOBAL      1      3      4     18     19     20     22
        1  0.11491   1.000 -0.006 -0.017 -0.085 -0.085  0.092 -0.102
        3  0.07953  -0.006  1.000  0.008  0.034  0.035 -0.041  0.064
        4  0.17089  -0.017  0.008  1.000 -0.021 -0.020  0.014  0.105
       18  0.99481  -0.085  0.034 -0.021  1.000  0.972 -0.988  0.566
       19  0.99488  -0.085  0.035 -0.020  0.972  1.000 -0.989  0.568
       20  0.99858   0.092 -0.041  0.014 -0.988 -0.989  1.000 -0.632
       22  0.88626  -0.102  0.064  0.105  0.566  0.568 -0.632  1.000
MINUIT - FIT ONLY 1-CBO + other amplitudes 
 **********
 **   16 **RES 
 **********
                   PARAMETER   14  ANy2 RESTORED TO VARIABLE.
                   PARAMETER    8  phi_CBO RESTORED TO VARIABLE.
                   PARAMETER    7  w_CBO RESTORED TO VARIABLE.
                   PARAMETER    6  A_CBO RESTORED TO VARIABLE.
 **********
 **   17 **FIX            0
 **********
 PARAMETER    0  IS UNDEFINED. IGNORED.
 **********
 **   18 **FIX            1
 **********
 **********
 **   19 **FIX            2
 **********
 PARAMETER    2  IS CONSTANT.   IGNORED.
 **********
 **   20 **FIX            3
 **********
 **********
 **   21 **FIX            4
 **********
 **********
 **   22 **FIX            9
 **********
 PARAMETER    9  IS CONSTANT.   IGNORED.
 **********
 **   23 **FIX           11
 **********
 PARAMETER   11  IS CONSTANT.   IGNORED.
 **********
 **   24 **FIX           12
 **********
 PARAMETER   12  IS CONSTANT.   IGNORED.
 **********
 **   25 **FIX           14
 **********
 **********
 **   26 **FIX           15
 **********
 PARAMETER   15  IS CONSTANT.   IGNORED.
 **********
 **   27 **FIX           16
 **********
 PARAMETER   16  IS CONSTANT.   IGNORED.
 **********
 **   28 **MIGRAD
 **********
 START MIGRAD MINIMIZATION.  STRATEGY  1.  CONVERGENCE WHEN EDM .LT. 1.00e-04
 FCN=468.927 FROM MIGRAD    STATUS=INITIATE       20 CALLS         347 TOTAL
                     EDM= unknown      STRATEGY= 1      NO ERROR MATRIX       
  EXT PARAMETER               CURRENT GUESS       STEP         FIRST   
  NO.   NAME      VALUE            ERROR          SIZE      DERIVATIVE 
   1  N0           2.97467e+06     fixed    
   2  tau          6.44054e+01   constant   
   3  A0           3.48369e-01     fixed    
   4  phi          4.11555e+00     fixed    
   5  R           -6.09493e+01   constant   
   6  A_CBO        2.80393e-03   1.00000e-05   1.00000e-05   9.81588e+03
   7  w_CBO        2.32586e+00   1.00000e-03   1.00000e-03  -3.29044e+00
   8  phi_CBO      5.21333e-03   1.00000e-04   1.00000e-04   3.83965e+00
   9  ANx2         7.43781e-04   constant   
  10  pNx2         1.57222e+00   constant   
  11  ANy1         0.00000e+00   constant   
  12  pNy1         0.00000e+00   constant   
  13  w_y          0.00000e+00   constant   
  14  ANy2         7.31057e-03     fixed    
  15  pNy2         6.06093e+00   constant   
  16  w_vw         1.43032e+01   constant   
  17  LM           6.04551e-05   constant   
  18  wCBO_expCoeff   1.98609e+02   3.97936e-01   1.47759e-03  -2.60823e-02
  19  wCBO_expOffset   1.99745e+02   5.97326e-02   2.24068e-04  -1.72404e-01
  20  wCBO_expT    3.01190e+01   2.70907e-02  -1.17508e-04  -7.83588e-01
  21  wCBO_linCoeff   0.00000e+00   constant   
  22  wCBO_const  -2.94617e-03   6.75705e-04   1.00804e-06  -2.47269e+00
 MIGRAD MINIMIZATION HAS CONVERGED.
 MIGRAD WILL VERIFY CONVERGENCE AND ERROR MATRIX.
 FCN=458.895 FROM MIGRAD    STATUS=CONVERGED     238 CALLS         565 TOTAL
                     EDM=2.48427e-06    STRATEGY= 1      ERR MATRIX NOT POS-DEF
  EXT PARAMETER                APPROXIMATE        STEP         FIRST   
  NO.   NAME      VALUE            ERROR          SIZE      DERIVATIVE 
   1  N0           2.97467e+06     fixed    
   2  tau          6.44054e+01   constant   
   3  A0           3.48369e-01     fixed    
   4  phi          4.11555e+00     fixed    
   5  R           -6.09493e+01   constant   
   6  A_CBO        1.03305e-03   5.98272e-04   6.27222e-06  -2.39120e+00
   7  w_CBO        2.32526e+00   4.38188e-03   3.95647e-06   6.39178e-01
   8  phi_CBO     -7.22646e-01   7.29419e-01   6.13318e-03   2.04985e-03
   9  ANx2         7.43781e-04   constant   
  10  pNx2         1.57222e+00   constant   
  11  ANy1         0.00000e+00   constant   
  12  pNy1         0.00000e+00   constant   
  13  w_y          0.00000e+00   constant   
  14  ANy2         7.31057e-03     fixed    
  15  pNy2         6.06093e+00   constant   
  16  w_vw         1.43032e+01   constant   
  17  LM           6.04551e-05   constant   
  18  wCBO_expCoeff   1.98480e+02   5.95690e-01   5.53010e-04   6.80379e-03
  19  wCBO_expOffset   1.99726e+02   9.10006e-02   9.52366e-05   4.49639e-02
  20  wCBO_expT    3.01280e+01   1.74228e-02   1.78733e-05   2.01128e-01
  21  wCBO_linCoeff   0.00000e+00   constant   
  22  wCBO_const  -3.00141e-03   1.93229e-03   3.84701e-06   1.36353e-01
 EXTERNAL ERROR MATRIX.    NDIM=  25    NPAR=  7    ERR DEF=1
  3.579e-07 -1.765e-10  5.581e-06  1.712e-06  1.306e-07  3.806e-08 -1.976e-08 
 -1.765e-10  1.920e-05  1.294e-04 -5.991e-04 -9.391e-05 -1.456e-05 -7.901e-06 
  5.581e-06  1.294e-04  5.321e-01  2.598e-02  4.031e-03 -1.592e-03  5.625e-05 
  1.712e-06 -5.991e-04  2.598e-02  3.548e-01 -2.902e-02 -3.733e-03  3.008e-04 
  1.306e-07 -9.391e-05  4.031e-03 -2.902e-02  8.281e-03 -5.815e-04  4.715e-05 
  3.806e-08 -1.456e-05 -1.592e-03 -3.733e-03 -5.815e-04  3.036e-04  7.807e-07 
 -1.976e-08 -7.901e-06  5.625e-05  3.008e-04  4.715e-05  7.807e-07  3.734e-06 
ERR MATRIX NOT POS-DEF
 PARAMETER  CORRELATION COEFFICIENTS  
       NO.  GLOBAL      6      7      8     18     19     20     22
        6  0.06711   1.000 -0.000  0.013  0.005  0.002  0.004 -0.017
        7  0.99628  -0.000  1.000  0.040 -0.230 -0.236 -0.191 -0.933
        8  0.59794   0.013  0.040  1.000  0.060  0.061 -0.125  0.040
       18  0.99606   0.005 -0.230  0.060  1.000 -0.535 -0.360  0.261
       19  0.99611   0.002 -0.236  0.061 -0.535  1.000 -0.367  0.268
       20  0.99520   0.004 -0.191 -0.125 -0.360 -0.367  1.000  0.023
       22  0.98180  -0.017 -0.933  0.040  0.261  0.268  0.023  1.000
 ERR MATRIX NOT POS-DEF
MINUIT - FIT ONLY 1-CBO
 **********
 **   29 **RES 
 **********
                   PARAMETER   14  ANy2 RESTORED TO VARIABLE.
                   PARAMETER    4  phi RESTORED TO VARIABLE.
                   PARAMETER    3  A0 RESTORED TO VARIABLE.
                   PARAMETER    1  N0 RESTORED TO VARIABLE.
 **********
 **   30 **FIX            0
 **********
 PARAMETER    0  IS UNDEFINED. IGNORED.
 **********
 **   31 **FIX            1
 **********
 **********
 **   32 **FIX            2
 **********
 PARAMETER    2  IS CONSTANT.   IGNORED.
 **********
 **   33 **FIX            3
 **********
 **********
 **   34 **FIX            4
 **********
 **********
 **   35 **FIX            8
 **********
 **********
 **   36 **FIX            9
 **********
 PARAMETER    9  IS CONSTANT.   IGNORED.
 **********
 **   37 **FIX           11
 **********
 PARAMETER   11  IS CONSTANT.   IGNORED.
 **********
 **   38 **FIX           12
 **********
 PARAMETER   12  IS CONSTANT.   IGNORED.
 **********
 **   39 **FIX           13
 **********
 PARAMETER   13  IS CONSTANT.   IGNORED.
 **********
 **   40 **FIX           15
 **********
 PARAMETER   15  IS CONSTANT.   IGNORED.
 **********
 **   41 **FIX           16
 **********
 PARAMETER   16  IS CONSTANT.   IGNORED.
 **********
 **   42 **MIGRAD
 **********
 START MIGRAD MINIMIZATION.  STRATEGY  1.  CONVERGENCE WHEN EDM .LT. 1.00e-04
 FCN=458.895 FROM MIGRAD    STATUS=INITIATE       16 CALLS         581 TOTAL
                     EDM= unknown      STRATEGY= 1      NO ERROR MATRIX       
  EXT PARAMETER               CURRENT GUESS       STEP         FIRST   
  NO.   NAME      VALUE            ERROR          SIZE      DERIVATIVE 
   1  N0           2.97467e+06     fixed    
   2  tau          6.44054e+01   constant   
   3  A0           3.48369e-01     fixed    
   4  phi          4.11555e+00     fixed    
   5  R           -6.09493e+01   constant   
   6  A_CBO        1.03305e-03   5.98272e-04   6.27222e-06  -2.39120e+00
   7  w_CBO        2.32526e+00   4.38188e-03   3.95647e-06   6.44474e-01
   8  phi_CBO     -7.22646e-01     fixed    
   9  ANx2         7.43781e-04   constant   
  10  pNx2         1.57222e+00   constant   
  11  ANy1         0.00000e+00   constant   
  12  pNy1         0.00000e+00   constant   
  13  w_y          0.00000e+00   constant   
  14  ANy2         7.31057e-03   1.00000e-04   1.00000e-04   4.03321e+04
  15  pNy2         6.06093e+00   constant   
  16  w_vw         1.43032e+01   constant   
  17  LM           6.04551e-05   constant   
  18  wCBO_expCoeff   1.98480e+02   5.95690e-01   5.53010e-04   6.87672e-03
  19  wCBO_expOffset   1.99726e+02   9.10006e-02   9.52366e-05   4.54477e-02
  20  wCBO_expT    3.01280e+01   1.74228e-02   1.78733e-05   2.02375e-01
  21  wCBO_linCoeff   0.00000e+00   constant   
  22  wCBO_const  -3.00141e-03   1.93229e-03   3.84701e-06   1.37788e-01
 MIGRAD MINIMIZATION HAS CONVERGED.
 MIGRAD WILL VERIFY CONVERGENCE AND ERROR MATRIX.
 FCN=309.854 FROM MIGRAD    STATUS=CONVERGED     386 CALLS         951 TOTAL
                     EDM=5.18519e-06    STRATEGY= 1      ERR MATRIX NOT POS-DEF
  EXT PARAMETER                APPROXIMATE        STEP         FIRST   
  NO.   NAME      VALUE            ERROR          SIZE      DERIVATIVE 
   1  N0           2.97467e+06     fixed    
   2  tau          6.44054e+01   constant   
   3  A0           3.48369e-01     fixed    
   4  phi          4.11555e+00     fixed    
   5  R           -6.09493e+01   constant   
   6  A_CBO        7.55244e-04   6.17310e-04   5.19384e-06   2.41349e+00
   7  w_CBO        2.32228e+00   5.89317e-03   3.96836e-06   6.01490e-01
   8  phi_CBO     -7.22646e-01     fixed    
   9  ANx2         7.43781e-04   constant   
  10  pNx2         1.57222e+00   constant   
  11  ANy1         0.00000e+00   constant   
  12  pNy1         0.00000e+00   constant   
  13  w_y          0.00000e+00   constant   
  14  ANy2        -1.16257e-04   6.03733e-04   5.19093e-06  -3.32952e+00
  15  pNy2         6.06093e+00   constant   
  16  w_vw         1.43032e+01   constant   
  17  LM           6.04551e-05   constant   
  18  wCBO_expCoeff   1.97724e+02   6.51427e-01   5.22545e-04  -3.52325e-03
  19  wCBO_expOffset   1.99611e+02   9.84658e-02   9.51818e-05  -2.31921e-02
  20  wCBO_expT    3.01862e+01   2.20089e-02   1.75679e-05  -9.47979e-02
  21  wCBO_linCoeff   0.00000e+00   constant   
  22  wCBO_const  -2.28370e-03   2.60590e-03   4.22573e-06   2.09854e+00
 EXTERNAL ERROR MATRIX.    NDIM=  25    NPAR=  7    ERR DEF=1
  3.811e-07  2.576e-08  4.303e-09  7.838e-06  1.070e-06 -1.926e-07 -1.223e-07 
  2.576e-08  3.473e-05  3.479e-08 -1.054e-03 -1.543e-04 -3.208e-05 -1.426e-05 
  4.303e-09  3.479e-08  3.645e-07  6.659e-06  9.921e-07 -4.284e-07 -2.317e-08 
  7.838e-06 -1.054e-03  6.659e-06  4.244e-01 -2.791e-02 -5.361e-03  5.389e-04 
  1.070e-06 -1.543e-04  9.921e-07 -2.791e-02  9.696e-03 -7.924e-04  7.892e-05 
 -1.926e-07 -3.208e-05 -4.284e-07 -5.361e-03 -7.924e-04  4.844e-04  2.973e-06 
 -1.223e-07 -1.426e-05 -2.317e-08  5.389e-04  7.892e-05  2.973e-06  6.791e-06 
ERR MATRIX NOT POS-DEF
 PARAMETER  CORRELATION COEFFICIENTS  
       NO.  GLOBAL      6      7     14     18     19     20     22
        6  0.22268   1.000  0.007  0.012  0.019  0.018 -0.014 -0.076
        7  0.99694   0.007  1.000  0.010 -0.274 -0.266 -0.247 -0.928
       14  0.08528   0.012  0.010  1.000  0.017  0.017 -0.032 -0.015
       18  0.99566   0.019 -0.274  0.017  1.000 -0.435 -0.374  0.317
       19  0.99557   0.018 -0.266  0.017 -0.435  1.000 -0.366  0.308
       20  0.99570  -0.014 -0.247 -0.032 -0.374 -0.366  1.000  0.052
       22  0.98213  -0.076 -0.928 -0.015  0.317  0.308  0.052  1.000
 ERR MATRIX NOT POS-DEF
MINUIT - FIT ONLY 2-CBO
 **********
 **   43 **RES 
 **********
                   PARAMETER    8  phi_CBO RESTORED TO VARIABLE.
                   PARAMETER    4  phi RESTORED TO VARIABLE.
                   PARAMETER    3  A0 RESTORED TO VARIABLE.
                   PARAMETER    1  N0 RESTORED TO VARIABLE.
 **********
 **   44 **FIX            0
 **********
 PARAMETER    0  IS UNDEFINED. IGNORED.
 **********
 **   45 **FIX            1
 **********
 **********
 **   46 **FIX            2
 **********
 PARAMETER    2  IS CONSTANT.   IGNORED.
 **********
 **   47 **FIX            3
 **********
 **********
 **   48 **FIX            4
 **********
 **********
 **   49 **FIX            5
 **********
 PARAMETER    5  IS CONSTANT.   IGNORED.
 **********
 **   50 **FIX            6
 **********
 **********
 **   51 **FIX            7
 **********
 **********
 **   52 **FIX           10
 **********
 PARAMETER   10  IS CONSTANT.   IGNORED.
 **********
 **   53 **FIX           11
 **********
 PARAMETER   11  IS CONSTANT.   IGNORED.
 **********
 **   54 **FIX           12
 **********
 PARAMETER   12  IS CONSTANT.   IGNORED.
 **********
 **   55 **FIX           13
 **********
 PARAMETER   13  IS CONSTANT.   IGNORED.
 **********
 **   56 **FIX           14
 **********
 **********
 **   57 **FIX           15
 **********
 PARAMETER   15  IS CONSTANT.   IGNORED.
 **********
 **   58 **FIX           16
 **********
 PARAMETER   16  IS CONSTANT.   IGNORED.
 **********
 **   59 **MIGRAD
 **********
 START MIGRAD MINIMIZATION.  STRATEGY  1.  CONVERGENCE WHEN EDM .LT. 1.00e-04
 FCN=309.854 FROM MIGRAD    STATUS=INITIATE       10 CALLS         961 TOTAL
                     EDM= unknown      STRATEGY= 1      NO ERROR MATRIX       
  EXT PARAMETER               CURRENT GUESS       STEP         FIRST   
  NO.   NAME      VALUE            ERROR          SIZE      DERIVATIVE 
   1  N0           2.97467e+06     fixed    
   2  tau          6.44054e+01   constant   
   3  A0           3.48369e-01     fixed    
   4  phi          4.11555e+00     fixed    
   5  R           -6.09493e+01   constant   
   6  A_CBO        7.55244e-04     fixed    
   7  w_CBO        2.32228e+00     fixed    
   8  phi_CBO     -7.22646e-01   7.29419e-01   7.29419e-01  -9.82878e-01
   9  ANx2         7.43781e-04   constant   
  10  pNx2         1.57222e+00   constant   
  11  ANy1         0.00000e+00   constant   
  12  pNy1         0.00000e+00   constant   
  13  w_y          0.00000e+00   constant   
  14  ANy2        -1.16257e-04     fixed    
  15  pNy2         6.06093e+00   constant   
  16  w_vw         1.43032e+01   constant   
  17  LM           6.04551e-05   constant   
  18  wCBO_expCoeff   1.97724e+02   6.51427e-01   5.22545e-04  -3.57687e-03
  19  wCBO_expOffset   1.99611e+02   9.84658e-02   9.51818e-05  -2.35791e-02
  20  wCBO_expT    3.01862e+01   2.20089e-02   1.75679e-05  -9.53546e-02
  21  wCBO_linCoeff   0.00000e+00   constant   
  22  wCBO_const  -2.28370e-03   2.60590e-03   4.22573e-06   2.11450e+00
 MIGRAD MINIMIZATION HAS CONVERGED.
 MIGRAD WILL VERIFY CONVERGENCE AND ERROR MATRIX.
 COVARIANCE MATRIX CALCULATED SUCCESSFULLY
 FCN=309.638 FROM HESSE     STATUS=OK             31 CALLS        1039 TOTAL
                     EDM=0.000976343    STRATEGY= 1      ERROR MATRIX ACCURATE 
  EXT PARAMETER                                   STEP         FIRST   
  NO.   NAME      VALUE            ERROR          SIZE      DERIVATIVE 
   1  N0           2.97467e+06     fixed    
   2  tau          6.44054e+01   constant   
   3  A0           3.48369e-01     fixed    
   4  phi          4.11555e+00     fixed    
   5  R           -6.09493e+01   constant   
   6  A_CBO        7.55244e-04     fixed    
   7  w_CBO        2.32228e+00     fixed    
   8  phi_CBO     -2.89624e-01   9.32897e-01   6.77480e-03  -5.64292e-04
   9  ANx2         7.43781e-04   constant   
  10  pNx2         1.57222e+00   constant   
  11  ANy1         0.00000e+00   constant   
  12  pNy1         0.00000e+00   constant   
  13  w_y          0.00000e+00   constant   
  14  ANy2        -1.16257e-04     fixed    
  15  pNy2         6.06093e+00   constant   
  16  w_vw         1.43032e+01   constant   
  17  LM           6.04551e-05   constant   
  18  wCBO_expCoeff   1.97721e+02   1.04519e+00   5.44935e-04   2.63838e-02
  19  wCBO_expOffset   1.99610e+02   1.55494e-01   9.51816e-05   1.72628e-01
  20  wCBO_expT    3.01862e+01   3.36399e-02   1.81996e-05  -1.10421e+00
  21  wCBO_linCoeff   0.00000e+00   constant   
  22  wCBO_const  -2.09930e-03   9.68979e-04   4.06534e-06   4.14805e-01
 MIGRAD MINIMIZATION HAS CONVERGED.
 FCN=309.636 FROM MIGRAD    STATUS=CONVERGED     100 CALLS        1051 TOTAL
                     EDM=3.81514e-06    STRATEGY= 1  ERROR MATRIX UNCERTAINTY   5.5 per cent
  EXT PARAMETER                                   STEP         FIRST   
  NO.   NAME      VALUE            ERROR          SIZE      DERIVATIVE 
   1  N0           2.97467e+06     fixed    
   2  tau          6.44054e+01   constant   
   3  A0           3.48369e-01     fixed    
   4  phi          4.11555e+00     fixed    
   5  R           -6.09493e+01   constant   
   6  A_CBO        7.55244e-04     fixed    
   7  w_CBO        2.32228e+00     fixed    
   8  phi_CBO     -2.80764e-01   9.43141e-01   8.85955e-03   2.26809e-04
   9  ANx2         7.43781e-04   constant   
  10  pNx2         1.57222e+00   constant   
  11  ANy1         0.00000e+00   constant   
  12  pNy1         0.00000e+00   constant   
  13  w_y          0.00000e+00   constant   
  14  ANy2        -1.16257e-04     fixed    
  15  pNy2         6.06093e+00   constant   
  16  w_vw         1.43032e+01   constant   
  17  LM           6.04551e-05   constant   
  18  wCBO_expCoeff   1.97681e+02   1.21118e+00  -3.94319e-02  -5.25988e-02
  19  wCBO_expOffset   1.99605e+02   1.76034e-01  -5.32158e-03  -3.44606e-01
  20  wCBO_expT    3.01888e+01   5.29193e-02   2.62263e-03  -1.50972e+00
  21  wCBO_linCoeff   0.00000e+00   constant   
  22  wCBO_const  -2.13780e-03   1.14912e-03  -3.85051e-05  -2.72951e+00
 EXTERNAL ERROR MATRIX.    NDIM=  25    NPAR=  5    ERR DEF=1
  8.895e-01 -1.453e-01 -1.907e-02  9.114e-03  2.007e-04 
 -1.453e-01  1.467e+00 -4.257e-02 -4.194e-02  6.072e-04 
 -1.907e-02 -4.257e-02  3.099e-02 -5.660e-03  8.190e-05 
  9.114e-03 -4.194e-02 -5.660e-03  2.800e-03 -4.267e-05 
  2.007e-04  6.072e-04  8.190e-05 -4.267e-05  1.320e-06 
 PARAMETER  CORRELATION COEFFICIENTS  
       NO.  GLOBAL      8     18     19     20     22
        8  0.54994   1.000 -0.127 -0.115  0.183  0.185
       18  0.99863  -0.127  1.000 -0.200 -0.654  0.436
       19  0.99849  -0.115 -0.200  1.000 -0.608  0.405
       20  0.99920   0.183 -0.654 -0.608  1.000 -0.702
       22  0.91146   0.185  0.436  0.405 -0.702  1.000
MINUIT - FIT ONLY 1-y
 **********
 **   60 **RES 
 **********
                   PARAMETER   14  ANy2 RESTORED TO VARIABLE.
                   PARAMETER    7  w_CBO RESTORED TO VARIABLE.
                   PARAMETER    6  A_CBO RESTORED TO VARIABLE.
                   PARAMETER    4  phi RESTORED TO VARIABLE.
                   PARAMETER    3  A0 RESTORED TO VARIABLE.
                   PARAMETER    1  N0 RESTORED TO VARIABLE.
 **********
 **   61 **FIX            0
 **********
 PARAMETER    0  IS UNDEFINED. IGNORED.
 **********
 **   62 **FIX            1
 **********
 **********
 **   63 **FIX            2
 **********
 PARAMETER    2  IS CONSTANT.   IGNORED.
 **********
 **   64 **FIX            3
 **********
 **********
 **   65 **FIX            4
 **********
 **********
 **   66 **FIX            5
 **********
 PARAMETER    5  IS CONSTANT.   IGNORED.
 **********
 **   67 **FIX            6
 **********
 **********
 **   68 **FIX            7
 **********
 **********
 **   69 **FIX            8
 **********
 **********
 **   70 **FIX            9
 **********
 PARAMETER    9  IS CONSTANT.   IGNORED.
 **********
 **   71 **FIX           13
 **********
 PARAMETER   13  IS CONSTANT.   IGNORED.
 **********
 **   72 **FIX           14
 **********
 **********
 **   73 **FIX           15
 **********
 PARAMETER   15  IS CONSTANT.   IGNORED.
 **********
 **   74 **FIX           16
 **********
 PARAMETER   16  IS CONSTANT.   IGNORED.
 **********
 **   75 **MIGRAD
 **********
 START MIGRAD MINIMIZATION.  STRATEGY  1.  CONVERGENCE WHEN EDM .LT. 1.00e-04
 FCN=309.636 FROM MIGRAD    STATUS=INITIATE        8 CALLS        1059 TOTAL
                     EDM= unknown      STRATEGY= 1      NO ERROR MATRIX       
  EXT PARAMETER               CURRENT GUESS       STEP         FIRST   
  NO.   NAME      VALUE            ERROR          SIZE      DERIVATIVE 
   1  N0           2.97467e+06     fixed    
   2  tau          6.44054e+01   constant   
   3  A0           3.48369e-01     fixed    
   4  phi          4.11555e+00     fixed    
   5  R           -6.09493e+01   constant   
   6  A_CBO        7.55244e-04     fixed    
   7  w_CBO        2.32228e+00     fixed    
   8  phi_CBO     -2.80764e-01     fixed    
   9  ANx2         7.43781e-04   constant   
  10  pNx2         1.57222e+00   constant   
  11  ANy1         0.00000e+00   constant   
  12  pNy1         0.00000e+00   constant   
  13  w_y          0.00000e+00   constant   
  14  ANy2        -1.16257e-04     fixed    
  15  pNy2         6.06093e+00   constant   
  16  w_vw         1.43032e+01   constant   
  17  LM           6.04551e-05   constant   
  18  wCBO_expCoeff   1.97681e+02   1.21118e+00  -3.94319e-02  -5.25958e-02
  19  wCBO_expOffset   1.99605e+02   1.76034e-01  -5.32158e-03  -3.44606e-01
  20  wCBO_expT    3.01888e+01   5.29193e-02   2.62263e-03  -1.50967e+00
  21  wCBO_linCoeff   0.00000e+00   constant   
  22  wCBO_const  -2.13780e-03   1.14912e-03  -3.85051e-05  -2.72940e+00
 MIGRAD MINIMIZATION HAS CONVERGED.
 MIGRAD WILL VERIFY CONVERGENCE AND ERROR MATRIX.
 COVARIANCE MATRIX CALCULATED SUCCESSFULLY
 FCN=309.636 FROM MIGRAD    STATUS=CONVERGED      41 CALLS        1092 TOTAL
                     EDM=2.54652e-06    STRATEGY= 1      ERROR MATRIX ACCURATE 
  EXT PARAMETER                                   STEP         FIRST   
  NO.   NAME      VALUE            ERROR          SIZE      DERIVATIVE 
   1  N0           2.97467e+06     fixed    
   2  tau          6.44054e+01   constant   
   3  A0           3.48369e-01     fixed    
   4  phi          4.11555e+00     fixed    
   5  R           -6.09493e+01   constant   
   6  A_CBO        7.55244e-04     fixed    
   7  w_CBO        2.32228e+00     fixed    
   8  phi_CBO     -2.80764e-01     fixed    
   9  ANx2         7.43781e-04   constant   
  10  pNx2         1.57222e+00   constant   
  11  ANy1         0.00000e+00   constant   
  12  pNy1         0.00000e+00   constant   
  13  w_y          0.00000e+00   constant   
  14  ANy2        -1.16257e-04     fixed    
  15  pNy2         6.06093e+00   constant   
  16  w_vw         1.43032e+01   constant   
  17  LM           6.04551e-05   constant   
  18  wCBO_expCoeff   1.97681e+02   1.08557e+00   5.36426e-04  -3.31541e-03
  19  wCBO_expOffset   1.99605e+02   1.61307e-01   9.51790e-05  -2.18831e-02
  20  wCBO_expT    3.01888e+01   3.44549e-02   1.79667e-05  -3.53740e-02
  21  wCBO_linCoeff   0.00000e+00   constant   
  22  wCBO_const  -2.13772e-03   9.53911e-04   4.09193e-06   2.61019e+00
 EXTERNAL ERROR MATRIX.    NDIM=  25    NPAR=  4    ERR DEF=1
  1.178e+00 -1.032e-01 -1.776e-02  2.766e-04 
 -1.032e-01  2.602e-02 -2.372e-03  3.664e-05 
 -1.776e-02 -2.372e-03  1.187e-03 -2.043e-05 
  2.766e-04  3.664e-05 -2.043e-05  9.099e-07 
 PARAMETER  CORRELATION COEFFICIENTS  
       NO.  GLOBAL     18     19     20     22
       18  0.99835   1.000 -0.589 -0.475  0.267
       19  0.99826  -0.589  1.000 -0.427  0.238
       20  0.99816  -0.475 -0.427  1.000 -0.622
       22  0.86692   0.267  0.238 -0.622  1.000
MINUIT - FIT ONLY 2-y
 **********
 **   76 **RES 
 **********
                   PARAMETER   14  ANy2 RESTORED TO VARIABLE.
                   PARAMETER    8  phi_CBO RESTORED TO VARIABLE.
                   PARAMETER    7  w_CBO RESTORED TO VARIABLE.
                   PARAMETER    6  A_CBO RESTORED TO VARIABLE.
                   PARAMETER    4  phi RESTORED TO VARIABLE.
                   PARAMETER    3  A0 RESTORED TO VARIABLE.
                   PARAMETER    1  N0 RESTORED TO VARIABLE.
 **********
 **   77 **FIX            0
 **********
 PARAMETER    0  IS UNDEFINED. IGNORED.
 **********
 **   78 **FIX            1
 **********
 **********
 **   79 **FIX            2
 **********
 PARAMETER    2  IS CONSTANT.   IGNORED.
 **********
 **   80 **FIX            3
 **********
 **********
 **   81 **FIX            4
 **********
 **********
 **   82 **FIX            5
 **********
 PARAMETER    5  IS CONSTANT.   IGNORED.
 **********
 **   83 **FIX            6
 **********
 **********
 **   84 **FIX            7
 **********
 **********
 **   85 **FIX            8
 **********
 **********
 **   86 **FIX            9
 **********
 PARAMETER    9  IS CONSTANT.   IGNORED.
 **********
 **   87 **FIX           10
 **********
 PARAMETER   10  IS CONSTANT.   IGNORED.
 **********
 **   88 **FIX           11
 **********
 PARAMETER   11  IS CONSTANT.   IGNORED.
 **********
 **   89 **FIX           12
 **********
 PARAMETER   12  IS CONSTANT.   IGNORED.
 **********
 **   90 **FIX           16
 **********
 PARAMETER   16  IS CONSTANT.   IGNORED.
 **********
 **   91 **MIGRAD
 **********
 START MIGRAD MINIMIZATION.  STRATEGY  1.  CONVERGENCE WHEN EDM .LT. 1.00e-04
 FCN=309.636 FROM MIGRAD    STATUS=INITIATE       10 CALLS        1102 TOTAL
                     EDM= unknown      STRATEGY= 1      NO ERROR MATRIX       
  EXT PARAMETER               CURRENT GUESS       STEP         FIRST   
  NO.   NAME      VALUE            ERROR          SIZE      DERIVATIVE 
   1  N0           2.97467e+06     fixed    
   2  tau          6.44054e+01   constant   
   3  A0           3.48369e-01     fixed    
   4  phi          4.11555e+00     fixed    
   5  R           -6.09493e+01   constant   
   6  A_CBO        7.55244e-04     fixed    
   7  w_CBO        2.32228e+00     fixed    
   8  phi_CBO     -2.80764e-01     fixed    
   9  ANx2         7.43781e-04   constant   
  10  pNx2         1.57222e+00   constant   
  11  ANy1         0.00000e+00   constant   
  12  pNy1         0.00000e+00   constant   
  13  w_y          0.00000e+00   constant   
  14  ANy2        -1.16257e-04   6.03733e-04   6.03733e-04   1.05332e+02
  15  pNy2         6.06093e+00   constant   
  16  w_vw         1.43032e+01   constant   
  17  LM           6.04551e-05   constant   
  18  wCBO_expCoeff   1.97681e+02   1.08557e+00   5.36426e-04  -3.40121e-03
  19  wCBO_expOffset   1.99605e+02   1.61307e-01   9.51790e-05  -2.24729e-02
  20  wCBO_expT    3.01888e+01   3.44549e-02   1.79667e-05  -3.66637e-02
  21  wCBO_linCoeff   0.00000e+00   constant   
  22  wCBO_const  -2.13772e-03   9.53911e-04   4.09193e-06   2.61933e+00
 MIGRAD MINIMIZATION HAS CONVERGED.
 MIGRAD WILL VERIFY CONVERGENCE AND ERROR MATRIX.
 COVARIANCE MATRIX CALCULATED SUCCESSFULLY
 FCN=309.635 FROM MIGRAD    STATUS=CONVERGED      64 CALLS        1156 TOTAL
                     EDM=4.91158e-06    STRATEGY= 1      ERROR MATRIX ACCURATE 
  EXT PARAMETER                                   STEP         FIRST   
  NO.   NAME      VALUE            ERROR          SIZE      DERIVATIVE 
   1  N0           2.97467e+06     fixed    
   2  tau          6.44054e+01   constant   
   3  A0           3.48369e-01     fixed    
   4  phi          4.11555e+00     fixed    
   5  R           -6.09493e+01   constant   
   6  A_CBO        7.55244e-04     fixed    
   7  w_CBO        2.32228e+00     fixed    
   8  phi_CBO     -2.80764e-01     fixed    
   9  ANx2         7.43781e-04   constant   
  10  pNx2         1.57222e+00   constant   
  11  ANy1         0.00000e+00   constant   
  12  pNy1         0.00000e+00   constant   
  13  w_y          0.00000e+00   constant   
  14  ANy2        -1.35466e-04   6.05419e-04   5.18906e-06   5.81075e-02
  15  pNy2         6.06093e+00   constant   
  16  w_vw         1.43032e+01   constant   
  17  LM           6.04551e-05   constant   
  18  wCBO_expCoeff   1.97681e+02   1.08389e+00   5.36491e-04   2.04881e-03
  19  wCBO_expOffset   1.99605e+02   1.61044e-01   9.51790e-05   1.32421e-02
  20  wCBO_expT    3.01888e+01   3.44559e-02   1.79683e-05  -4.05873e-02
  21  wCBO_linCoeff   0.00000e+00   constant   
  22  wCBO_const  -2.13820e-03   9.53920e-04   4.09115e-06  -4.68991e-01
 EXTERNAL ERROR MATRIX.    NDIM=  25    NPAR=  5    ERR DEF=1
  3.665e-07  1.894e-05  2.563e-06 -1.147e-06  9.999e-09 
  1.894e-05  1.175e+00 -1.026e-01 -1.776e-02  2.767e-04 
  2.563e-06 -1.026e-01  2.594e-02 -2.372e-03  3.665e-05 
 -1.147e-06 -1.776e-02 -2.372e-03  1.187e-03 -2.044e-05 
  9.999e-09  2.767e-04  3.665e-05 -2.044e-05  9.100e-07 
 PARAMETER  CORRELATION COEFFICIENTS  
       NO.  GLOBAL     14     18     19     20     22
       14  0.08991   1.000  0.029  0.026 -0.055  0.017
       18  0.99835   0.029  1.000 -0.588 -0.476  0.268
       19  0.99825   0.026 -0.588  1.000 -0.428  0.239
       20  0.99816  -0.055 -0.476 -0.428  1.000 -0.622
       22  0.86697   0.017  0.268  0.239 -0.622  1.000
MINUIT - FIT ALTOGETHER
 **********
 **   92 **RES 
 **********
                   PARAMETER    8  phi_CBO RESTORED TO VARIABLE.
                   PARAMETER    7  w_CBO RESTORED TO VARIABLE.
                   PARAMETER    6  A_CBO RESTORED TO VARIABLE.
                   PARAMETER    4  phi RESTORED TO VARIABLE.
                   PARAMETER    3  A0 RESTORED TO VARIABLE.
                   PARAMETER    1  N0 RESTORED TO VARIABLE.
 **********
 **   93 **MIGRAD
 **********
 START MIGRAD MINIMIZATION.  STRATEGY  1.  CONVERGENCE WHEN EDM .LT. 1.00e-04
