 + ++++++++++++++++++++++++++++++++++++++++++++++++++++++++++++++++++++ +
 +                                                                      +
 +           You have chose to blind your fitting according to          +
 +                omega_ref * (1 + (R +/- deltaR) *10^{-6})             +
 +                                                                      +
 + ++++++++++++++++++++++++++++++++++++++++++++++++++++++++++++++++++++ +
In main()...
reading format from /gm2data/zkhechad/run45/envelope/formats/formatB_sBin_constraintOn.txt
pBinTau 	= 0  
pBinPhi 	= 0  
constraintau 	= 1 
includeMopTerm 	= 0    
constrainMop    = 0   
Parameters after format file: pBinTau 0 pBinPhi 0 constraintau 1 includeMopTerm 0 constrainMop 0 c_e_scale 0.000000 
reading cbo reference file (full fit) from /gm2data/zkhechad/cboTemplates/Run4CBOTemplates/fullFits/run4/sBin_constraintOn_cE0.0_seed0_run4_calo3.root
A_CBO 0.008872 w_CBO 2.326183 phi_CBO 4.278101 N0 2792933.794534 R -61.131445 tau 64.392950 
Reading cboRef file /gm2data/zkhechad/cboTemplates/Run4CBOTemplates//cboIsolate/run4_calo3.root
deltaT 42.136278
windowBins = 280
fitting sliding window 820 from bin 1023 at 152.631600 to bin 1303 at 194.407600 (280 bins)

Reading data from /gm2data/cornell/histograms/aMethod/histogram_a_run4.root
fitting cbo isolate
 **********
 **    1 **SET PRINTOUT            1
 **********
 **********
 **    2 **SET NOWARNINGS 
 **********
 PARAMETER DEFINITIONS:
    NO.   NAME         VALUE      STEP SIZE      LIMITS
     1 A_CBO        8.87236e-03  1.00000e-05     no limits
     2 w_CBO        2.32618e+00  1.00000e-02    2.00000e+00  3.00000e+00
     3 phi_CBO      4.27810e+00  1.00000e-02    0.00000e+00  6.28319e+00
 **********
 **    3 **MIGRAD
 **********
 FIRST CALL TO USER FUNCTION AT NEW START POINT, WITH IFLAG=4.
 START MIGRAD MINIMIZATION.  STRATEGY  1.  CONVERGENCE WHEN EDM .LT. 1.00e-04
 FCN=0.00459589 FROM MIGRAD    STATUS=INITIATE       12 CALLS          13 TOTAL
                     EDM= unknown      STRATEGY= 1      NO ERROR MATRIX       
  EXT PARAMETER               CURRENT GUESS       STEP         FIRST   
  NO.   NAME      VALUE            ERROR          SIZE      DERIVATIVE 
   1  A_CBO        8.87236e-03   1.00000e-05   1.00000e-05   1.45597e+00
   2  w_CBO        2.32618e+00   1.00000e-02   2.13326e-02  -2.81403e-02
   3  phi_CBO      4.27810e+00   1.00000e-02   3.41436e-03   9.93254e-04
 MIGRAD MINIMIZATION HAS CONVERGED.
 MIGRAD WILL VERIFY CONVERGENCE AND ERROR MATRIX.
 COVARIANCE MATRIX CALCULATED SUCCESSFULLY
 FCN=0.000815838 FROM MIGRAD    STATUS=CONVERGED      41 CALLS          42 TOTAL
                     EDM=6.38565e-06    STRATEGY= 1      ERROR MATRIX ACCURATE 
  EXT PARAMETER                                   STEP         FIRST   
  NO.   NAME      VALUE            ERROR          SIZE      DERIVATIVE 
   1  A_CBO        3.67937e-03   8.50171e-02   4.12593e-05   3.61266e-05
   2  w_CBO        2.32640e+00   5.66030e-01   1.37324e-04   1.22799e-02
   3  phi_CBO      4.24036e+00   3.70929e+00   3.80896e-03  -4.28340e-04
 EXTERNAL ERROR MATRIX.    NDIM=  25    NPAR=  3    ERR DEF=1
  7.228e-03 -1.177e-02 -1.974e+00 
 -1.177e-02  1.607e+00  2.782e+02 
 -1.974e+00  2.782e+02  4.868e+04 
 PARAMETER  CORRELATION COEFFICIENTS  
       NO.  GLOBAL      1      2      3
        1  0.11382   1.000 -0.109 -0.105
        2  0.99458  -0.109  1.000  0.995
        3  0.99458  -0.105  0.995  1.000
setting A_CBO=0.003679 w_CBO=2.326401, phi_CBO=4.240363
done fitting cbo isolate
 **********
 **    1 **SET PRINTOUT            1
 **********
 **********
 **    2 **SET NOWARNINGS 
 **********
 PARAMETER DEFINITIONS:
    NO.   NAME         VALUE      STEP SIZE      LIMITS
     1 N0           2.79293e+06  1.00000e+02     no limits
     2 tau          6.43930e+01  constant
     3 A0           3.56510e-01  1.00000e-04     no limits
     4 phi          4.11711e+00  1.00000e-02     no limits
     5 R           -6.11314e+01  constant
     6 A_CBO        3.67937e-03  1.00000e-05     no limits
     7 w_CBO        2.32640e+00  1.00000e-03     no limits
     8 phi_CBO      4.24036e+00  1.00000e-04     no limits
     9 ANx2         3.99781e-04  constant
    10 pNx2         4.45174e+00  constant
    11 ANy1         0.00000e+00  constant
    12 pNy1         0.00000e+00  constant
    13 w_y          0.00000e+00  constant
    14 ANy2         9.79441e-03  1.00000e-04     no limits
    15 pNy2         4.41741e+00  constant
    16 w_vw         1.43026e+01  constant
    17 LM          -4.33674e-04  constant
    18 wCBO_expCoeff   2.00000e+02  1.00000e+00     no limits
    19 wCBO_expOffset   2.00000e+02  1.00000e+00     no limits
    20 wCBO_expT    3.00000e+01  1.00000e+00     no limits
    21 wCBO_linCoeff   0.00000e+00  constant
    22 wCBO_const   0.00000e+00  1.00000e-02     no limits
MINUIT - FIT ONLY WIGGLE
 **********
 **    3 **FIX            5
 **********
 PARAMETER    5  IS CONSTANT.   IGNORED.
 **********
 **    4 **FIX            6
 **********
 **********
 **    5 **FIX            7
 **********
 **********
 **    6 **FIX            8
 **********
 **********
 **    7 **FIX            9
 **********
 PARAMETER    9  IS CONSTANT.   IGNORED.
 **********
 **    8 **FIX           10
 **********
 PARAMETER   10  IS CONSTANT.   IGNORED.
 **********
 **    9 **FIX           11
 **********
 PARAMETER   11  IS CONSTANT.   IGNORED.
 **********
 **   10 **FIX           12
 **********
 PARAMETER   12  IS CONSTANT.   IGNORED.
 **********
 **   11 **FIX           13
 **********
 PARAMETER   13  IS CONSTANT.   IGNORED.
 **********
 **   12 **FIX           14
 **********
 **********
 **   13 **FIX           15
 **********
 PARAMETER   15  IS CONSTANT.   IGNORED.
 **********
 **   14 **FIX           16
 **********
 PARAMETER   16  IS CONSTANT.   IGNORED.
 **********
 **   15 **MIGRAD
 **********
 FIRST CALL TO USER FUNCTION AT NEW START POINT, WITH IFLAG=4.
 START MIGRAD MINIMIZATION.  STRATEGY  1.  CONVERGENCE WHEN EDM .LT. 1.00e-04
 FCN=2453.33 FROM MIGRAD    STATUS=INITIATE       34 CALLS          35 TOTAL
                     EDM= unknown      STRATEGY= 1      NO ERROR MATRIX       
  EXT PARAMETER               CURRENT GUESS       STEP         FIRST   
  NO.   NAME      VALUE            ERROR          SIZE      DERIVATIVE 
   1  N0           2.79293e+06   1.00000e+02   1.00000e+02  -8.77598e-03
   2  tau          6.43930e+01   constant   
   3  A0           3.56510e-01   1.00000e-04   1.00000e-04   6.20532e+03
   4  phi          4.11711e+00   1.00000e-02   1.00000e-02   3.19880e+02
   5  R           -6.11314e+01   constant   
   6  A_CBO        3.67937e-03     fixed    
   7  w_CBO        2.32640e+00     fixed    
   8  phi_CBO      4.24036e+00     fixed    
   9  ANx2         3.99781e-04   constant   
  10  pNx2         4.45174e+00   constant   
  11  ANy1         0.00000e+00   constant   
  12  pNy1         0.00000e+00   constant   
  13  w_y          0.00000e+00   constant   
  14  ANy2         9.79441e-03     fixed    
  15  pNy2         4.41741e+00   constant   
  16  w_vw         1.43026e+01   constant   
  17  LM          -4.33674e-04   constant   
  18  wCBO_expCoeff   2.00000e+02   1.00000e+00   1.00000e+00  -1.40732e+05
  19  wCBO_expOffset   2.00000e+02   1.00000e+00   1.00000e+00  -8.53676e+05
  20  wCBO_expT    3.00000e+01   1.00000e+00   1.00000e+00   5.89113e+05
  21  wCBO_linCoeff   0.00000e+00   constant   
  22  wCBO_const   0.00000e+00   1.00000e-02   1.00000e-02  -8.10303e+04
 MIGRAD FAILS TO FIND IMPROVEMENT
 COVARIANCE MATRIX CALCULATED SUCCESSFULLY
 FCN=2187.34 FROM HESSE     STATUS=OK             52 CALLS         191 TOTAL
                     EDM=7.81293    STRATEGY= 1      ERROR MATRIX ACCURATE 
  EXT PARAMETER                                   STEP         FIRST   
  NO.   NAME      VALUE            ERROR          SIZE      DERIVATIVE 
   1  N0           2.79280e+06   4.85277e+02   1.01246e+01   2.72120e-04
   2  tau          6.43930e+01   constant   
   3  A0           3.56721e-01   2.15551e-04   4.79131e-06  -2.56421e+02
   4  phi          4.11695e+00   6.13689e-04   1.40046e-05   3.47481e+02
   5  R           -6.11314e+01   constant   
   6  A_CBO        3.67937e-03     fixed    
   7  w_CBO        2.32640e+00     fixed    
   8  phi_CBO      4.24036e+00     fixed    
   9  ANx2         3.99781e-04   constant   
  10  pNx2         4.45174e+00   constant   
  11  ANy1         0.00000e+00   constant   
  12  pNy1         0.00000e+00   constant   
  13  w_y          0.00000e+00   constant   
  14  ANy2         9.79441e-03     fixed    
  15  pNy2         4.41741e+00   constant   
  16  w_vw         1.43026e+01   constant   
  17  LM          -4.33674e-04   constant   
  18  wCBO_expCoeff   2.00000e+02   1.13402e-03   9.53675e-05   1.41513e+04
  19  wCBO_expOffset   2.00000e+02   4.68031e-05   9.53675e-05   9.36469e+04
  20  wCBO_expT    3.00002e+01   1.08766e-04   1.43052e-05  -1.05937e+05
  21  wCBO_linCoeff   0.00000e+00   constant   
  22  wCBO_const   5.32440e-03   1.19993e-03   5.05538e-06   2.83788e+03
 MIGRAD FAILS TO FIND IMPROVEMENT
 MIGRAD TERMINATED WITHOUT CONVERGENCE.
 FCN=2185.89 FROM MIGRAD    STATUS=FAILED        714 CALLS         715 TOTAL
                     EDM=19.2065    STRATEGY= 1  ERROR MATRIX UNCERTAINTY   0.1 per cent
  EXT PARAMETER                APPROXIMATE        STEP         FIRST   
  NO.   NAME      VALUE            ERROR          SIZE      DERIVATIVE 
   1  N0           2.79273e+06   4.67858e+02  -0.00000e+00  -3.38789e-04
   2  tau          6.43930e+01   constant   
   3  A0           3.56731e-01   2.11418e-04  -0.00000e+00   5.44395e+02
   4  phi          4.11686e+00   6.15883e-04  -0.00000e+00  -2.45279e+02
   5  R           -6.11314e+01   constant   
   6  A_CBO        3.67937e-03     fixed    
   7  w_CBO        2.32640e+00     fixed    
   8  phi_CBO      4.24036e+00     fixed    
   9  ANx2         3.99781e-04   constant   
  10  pNx2         4.45174e+00   constant   
  11  ANy1         0.00000e+00   constant   
  12  pNy1         0.00000e+00   constant   
  13  w_y          0.00000e+00   constant   
  14  ANy2         9.79441e-03     fixed    
  15  pNy2         4.41741e+00   constant   
  16  w_vw         1.43026e+01   constant   
  17  LM          -4.33674e-04   constant   
  18  wCBO_expCoeff   2.00000e+02   1.26642e-03  -0.00000e+00   1.42034e+04
  19  wCBO_expOffset   2.00000e+02   8.13065e-05   0.00000e+00  -1.76126e+04
  20  wCBO_expT    3.00002e+01   5.78112e-05  -0.00000e+00  -7.93620e+04
  21  wCBO_linCoeff   0.00000e+00   constant   
  22  wCBO_const   6.14334e-03   1.43149e-03   0.00000e+00   4.59084e+03
 EXTERNAL ERROR MATRIX.    NDIM=  25    NPAR=  7    ERR DEF=1
  2.189e+05  8.627e-03  1.243e-02  1.985e-01 -1.369e-02  7.086e-03 -2.039e-01 
  8.627e-03  4.470e-08  3.118e-09  1.305e-08 -1.023e-09  4.671e-10 -1.604e-08 
  1.243e-02  3.118e-09  3.793e-07  1.231e-07 -8.139e-09  5.200e-09 -1.109e-07 
  1.985e-01  1.305e-08  1.231e-07  1.604e-06 -9.168e-08  6.734e-08 -1.785e-06 
 -1.369e-02 -1.023e-09 -8.139e-09 -9.168e-08  6.611e-09 -3.141e-09  9.734e-08 
  7.086e-03  4.671e-10  5.200e-09  6.734e-08 -3.141e-09  3.342e-09 -7.483e-08 
 -2.039e-01 -1.604e-08 -1.109e-07 -1.785e-06  9.734e-08 -7.483e-08  2.049e-06 
ERR MATRIX APPROXIMATE
 PARAMETER  CORRELATION COEFFICIENTS  
       NO.  GLOBAL      1      3      4     18     19     20     22
        1  0.79188   1.000  0.087  0.043  0.335 -0.360  0.262 -0.305
        3  0.67906   0.087  1.000  0.024  0.049 -0.059  0.038 -0.053
        4  0.72084   0.043  0.024  1.000  0.158 -0.163  0.146 -0.126
       18  0.99998   0.335  0.049  0.158  1.000 -0.890  0.920 -0.985
       19  0.99979  -0.360 -0.059 -0.163 -0.890  1.000 -0.668  0.836
       20  0.99979   0.262  0.038  0.146  0.920 -0.668  1.000 -0.904
       22  0.99990  -0.305 -0.053 -0.126 -0.985  0.836 -0.904  1.000
 ERR MATRIX APPROXIMATE
MINUIT - FIT ONLY 1-CBO + other amplitudes 
 **********
 **   16 **RES 
 **********
                   PARAMETER   14  ANy2 RESTORED TO VARIABLE.
                   PARAMETER    8  phi_CBO RESTORED TO VARIABLE.
                   PARAMETER    7  w_CBO RESTORED TO VARIABLE.
                   PARAMETER    6  A_CBO RESTORED TO VARIABLE.
 **********
 **   17 **FIX            0
 **********
 PARAMETER    0  IS UNDEFINED. IGNORED.
 **********
 **   18 **FIX            1
 **********
 **********
 **   19 **FIX            2
 **********
 PARAMETER    2  IS CONSTANT.   IGNORED.
 **********
 **   20 **FIX            3
 **********
 **********
 **   21 **FIX            4
 **********
 **********
 **   22 **FIX            9
 **********
 PARAMETER    9  IS CONSTANT.   IGNORED.
 **********
 **   23 **FIX           11
 **********
 PARAMETER   11  IS CONSTANT.   IGNORED.
 **********
 **   24 **FIX           12
 **********
 PARAMETER   12  IS CONSTANT.   IGNORED.
 **********
 **   25 **FIX           14
 **********
 **********
 **   26 **FIX           15
 **********
 PARAMETER   15  IS CONSTANT.   IGNORED.
 **********
 **   27 **FIX           16
 **********
 PARAMETER   16  IS CONSTANT.   IGNORED.
 **********
 **   28 **MIGRAD
 **********
 START MIGRAD MINIMIZATION.  STRATEGY  1.  CONVERGENCE WHEN EDM .LT. 1.00e-04
 FCN=2185.89 FROM MIGRAD    STATUS=INITIATE       22 CALLS         737 TOTAL
                     EDM= unknown      STRATEGY= 1      NO ERROR MATRIX       
  EXT PARAMETER               CURRENT GUESS       STEP         FIRST   
  NO.   NAME      VALUE            ERROR          SIZE      DERIVATIVE 
   1  N0           2.79273e+06     fixed    
   2  tau          6.43930e+01   constant   
   3  A0           3.56731e-01     fixed    
   4  phi          4.11686e+00     fixed    
   5  R           -6.11314e+01   constant   
   6  A_CBO        3.67937e-03   1.00000e-05   1.00000e-05   6.10421e+04
   7  w_CBO        2.32640e+00   1.00000e-03   1.00000e-03   1.22285e+06
   8  phi_CBO      4.24036e+00   1.00000e-04   1.00000e-04  -7.61723e+00
   9  ANx2         3.99781e-04   constant   
  10  pNx2         4.45174e+00   constant   
  11  ANy1         0.00000e+00   constant   
  12  pNy1         0.00000e+00   constant   
  13  w_y          0.00000e+00   constant   
  14  ANy2         9.79441e-03     fixed    
  15  pNy2         4.41741e+00   constant   
  16  w_vw         1.43026e+01   constant   
  17  LM          -4.33674e-04   constant   
  18  wCBO_expCoeff   2.00000e+02   1.26642e-03  -0.00000e+00   1.42034e+04
  19  wCBO_expOffset   2.00000e+02   8.13065e-05   0.00000e+00  -1.76126e+04
  20  wCBO_expT    3.00002e+01   5.78112e-05  -0.00000e+00  -7.93620e+04
  21  wCBO_linCoeff   0.00000e+00   constant   
  22  wCBO_const   6.14334e-03   1.43149e-03   0.00000e+00   4.59084e+03
 CALL LIMIT EXCEEDED IN MIGRAD.
 MIGRAD TERMINATED WITHOUT CONVERGENCE.
 FCN=2136.43 FROM MIGRAD    STATUS=CALL LIMIT   1160 CALLS        1875 TOTAL
                     EDM=114.284    STRATEGY= 1  ERROR MATRIX UNCERTAINTY   2.8 per cent
  EXT PARAMETER                APPROXIMATE        STEP         FIRST   
  NO.   NAME      VALUE            ERROR          SIZE      DERIVATIVE 
   1  N0           2.79273e+06     fixed    
   2  tau          6.43930e+01   constant   
   3  A0           3.56731e-01     fixed    
   4  phi          4.11686e+00     fixed    
   5  R           -6.11314e+01   constant   
   6  A_CBO        2.13306e-03   1.07375e-03   6.15978e-07   2.68456e+03
   7  w_CBO        2.32640e+00   9.69161e-06  -5.60886e-09   9.68955e+05
   8  phi_CBO      4.15570e+00   1.19779e+00  -6.93744e-04  -4.89998e+00
   9  ANx2         3.99781e-04   constant   
  10  pNx2         4.45174e+00   constant   
  11  ANy1         0.00000e+00   constant   
  12  pNy1         0.00000e+00   constant   
  13  w_y          0.00000e+00   constant   
  14  ANy2         9.79441e-03     fixed    
  15  pNy2         4.41741e+00   constant   
  16  w_vw         1.43026e+01   constant   
  17  LM          -4.33674e-04   constant   
  18  wCBO_expCoeff   1.99999e+02   8.34989e-04  -4.83239e-07   1.12531e+04
  19  wCBO_expOffset   2.00000e+02   2.77618e-04   1.61130e-07  -1.21865e+03
  20  wCBO_expT    3.00002e+01   5.20002e-05   2.99379e-08  -7.10956e+04
  21  wCBO_linCoeff   0.00000e+00   constant   
  22  wCBO_const   5.99078e-03   1.82921e-03  -1.05556e-06   3.82905e+03
 EXTERNAL ERROR MATRIX.    NDIM=  25    NPAR=  7    ERR DEF=1
  1.153e-06 -1.028e-08 -1.268e-03 -8.853e-07  2.942e-07  5.469e-08 -1.944e-06 
 -1.028e-08  9.393e-11  1.157e-05  8.034e-09 -2.682e-09 -4.967e-10  1.757e-08 
 -1.268e-03  1.157e-05  1.435e+00  9.970e-04 -3.321e-04 -6.178e-05  2.178e-03 
 -8.853e-07  8.034e-09  9.970e-04  6.972e-07 -2.310e-07 -4.279e-08  1.514e-06 
  2.942e-07 -2.682e-09 -3.321e-04 -2.310e-07  7.707e-08  1.428e-08 -5.062e-07 
  5.469e-08 -4.967e-10 -6.178e-05 -4.279e-08  1.428e-08  2.704e-09 -9.378e-08 
 -1.944e-06  1.757e-08  2.178e-03  1.514e-06 -5.062e-07 -9.378e-08  3.346e-06 
ERR MATRIX APPROXIMATE
 PARAMETER  CORRELATION COEFFICIENTS  
       NO.  GLOBAL      6      7      8     18     19     20     22
        6  0.99996   1.000 -0.987 -0.986 -0.987  0.987  0.980 -0.990
        7  0.99999  -0.987  1.000  0.997  0.993 -0.997 -0.985  0.991
        8  0.99998  -0.986  0.997  1.000  0.997 -0.999 -0.992  0.994
       18  0.99999  -0.987  0.993  0.997  1.000 -0.997 -0.985  0.991
       19  1.00000   0.987 -0.997 -0.999 -0.997  1.000  0.989 -0.997
       20  0.99985   0.980 -0.985 -0.992 -0.985  0.989  1.000 -0.986
       22  0.99999  -0.990  0.991  0.994  0.991 -0.997 -0.986  1.000
 ERR MATRIX APPROXIMATE
MINUIT - FIT ONLY 1-CBO
 **********
 **   29 **RES 
 **********
                   PARAMETER   14  ANy2 RESTORED TO VARIABLE.
                   PARAMETER    4  phi RESTORED TO VARIABLE.
                   PARAMETER    3  A0 RESTORED TO VARIABLE.
                   PARAMETER    1  N0 RESTORED TO VARIABLE.
 **********
 **   30 **FIX            0
 **********
 PARAMETER    0  IS UNDEFINED. IGNORED.
 **********
 **   31 **FIX            1
 **********
 **********
 **   32 **FIX            2
 **********
 PARAMETER    2  IS CONSTANT.   IGNORED.
 **********
 **   33 **FIX            3
 **********
 **********
 **   34 **FIX            4
 **********
 **********
 **   35 **FIX            8
 **********
 **********
 **   36 **FIX            9
 **********
 PARAMETER    9  IS CONSTANT.   IGNORED.
 **********
 **   37 **FIX           11
 **********
 PARAMETER   11  IS CONSTANT.   IGNORED.
 **********
 **   38 **FIX           12
 **********
 PARAMETER   12  IS CONSTANT.   IGNORED.
 **********
 **   39 **FIX           13
 **********
 PARAMETER   13  IS CONSTANT.   IGNORED.
 **********
 **   40 **FIX           15
 **********
 PARAMETER   15  IS CONSTANT.   IGNORED.
 **********
 **   41 **FIX           16
 **********
 PARAMETER   16  IS CONSTANT.   IGNORED.
 **********
 **   42 **MIGRAD
 **********
 START MIGRAD MINIMIZATION.  STRATEGY  1.  CONVERGENCE WHEN EDM .LT. 1.00e-04
 FCN=2136.43 FROM MIGRAD    STATUS=INITIATE       16 CALLS        1891 TOTAL
                     EDM= unknown      STRATEGY= 1      NO ERROR MATRIX       
  EXT PARAMETER               CURRENT GUESS       STEP         FIRST   
  NO.   NAME      VALUE            ERROR          SIZE      DERIVATIVE 
   1  N0           2.79273e+06     fixed    
   2  tau          6.43930e+01   constant   
   3  A0           3.56731e-01     fixed    
   4  phi          4.11686e+00     fixed    
   5  R           -6.11314e+01   constant   
   6  A_CBO        2.13306e-03   1.07375e-03   6.15978e-07   2.68456e+03
   7  w_CBO        2.32640e+00   9.69161e-06  -5.60886e-09   9.68955e+05
   8  phi_CBO      4.15570e+00     fixed    
   9  ANx2         3.99781e-04   constant   
  10  pNx2         4.45174e+00   constant   
  11  ANy1         0.00000e+00   constant   
  12  pNy1         0.00000e+00   constant   
  13  w_y          0.00000e+00   constant   
  14  ANy2         9.79441e-03   1.00000e-04   1.00000e-04   3.67920e+05
  15  pNy2         4.41741e+00   constant   
  16  w_vw         1.43026e+01   constant   
  17  LM          -4.33674e-04   constant   
  18  wCBO_expCoeff   1.99999e+02   8.34989e-04  -4.83239e-07   1.12531e+04
  19  wCBO_expOffset   2.00000e+02   2.77618e-04   1.61130e-07  -1.21865e+03
  20  wCBO_expT    3.00002e+01   5.20002e-05   2.99379e-08  -7.10956e+04
  21  wCBO_linCoeff   0.00000e+00   constant   
  22  wCBO_const   5.99078e-03   1.82921e-03  -1.05556e-06   3.82905e+03
 CALL LIMIT EXCEEDED IN MIGRAD.
 MIGRAD TERMINATED WITHOUT CONVERGENCE.
 FCN=349.255 FROM MIGRAD    STATUS=CALL LIMIT   1166 CALLS        3041 TOTAL
                     EDM=0.441149    STRATEGY= 1  ERROR MATRIX UNCERTAINTY   1.0 per cent
  EXT PARAMETER                APPROXIMATE        STEP         FIRST   
  NO.   NAME      VALUE            ERROR          SIZE      DERIVATIVE 
   1  N0           2.79273e+06     fixed    
   2  tau          6.43930e+01   constant   
   3  A0           3.56731e-01     fixed    
   4  phi          4.11686e+00     fixed    
   5  R           -6.11314e+01   constant   
   6  A_CBO       -8.99178e-05   3.10076e-04  -1.98650e-07  -3.99128e+02
   7  w_CBO        2.32640e+00   3.75523e-06   2.41824e-09  -1.06472e+04
   8  phi_CBO      4.15570e+00     fixed    
   9  ANx2         3.99781e-04   constant   
  10  pNx2         4.45174e+00   constant   
  11  ANy1         0.00000e+00   constant   
  12  pNy1         0.00000e+00   constant   
  13  w_y          0.00000e+00   constant   
  14  ANy2         2.05948e-04   2.31271e-04   8.72224e-08   1.87927e+02
  15  pNy2         4.41741e+00   constant   
  16  w_vw         1.43026e+01   constant   
  17  LM          -4.33674e-04   constant   
  18  wCBO_expCoeff   2.00000e+02   3.23542e-04   2.08204e-07  -1.22248e+02
  19  wCBO_expOffset   2.00000e+02   2.57588e-04  -1.91739e-07   4.92151e+03
  20  wCBO_expT    3.00001e+01   1.18797e-04  -7.77960e-08  -1.75917e+03
  21  wCBO_linCoeff   0.00000e+00   constant   
  22  wCBO_const   7.02577e-03   1.15695e-03   7.23884e-07  -3.54405e+02
 EXTERNAL ERROR MATRIX.    NDIM=  25    NPAR=  7    ERR DEF=1
  9.615e-08 -1.005e-09 -9.507e-09 -8.661e-08  6.851e-08  3.167e-08 -2.154e-07 
 -1.005e-09  1.410e-11  3.388e-10  1.079e-09 -8.877e-10 -4.178e-10  2.003e-09 
 -9.507e-09  3.388e-10  5.349e-08  2.916e-08 -2.637e-08 -1.018e-08  1.233e-07 
 -8.661e-08  1.079e-09  2.916e-08  1.047e-07 -7.646e-08 -3.601e-08  1.721e-07 
  6.851e-08 -8.877e-10 -2.637e-08 -7.646e-08  6.635e-08  2.914e-08 -1.923e-07 
  3.167e-08 -4.178e-10 -1.018e-08 -3.601e-08  2.914e-08  1.411e-08 -5.881e-08 
 -2.154e-07  2.003e-09  1.233e-07  1.721e-07 -1.923e-07 -5.881e-08  1.339e-06 
ERR MATRIX APPROXIMATE
 PARAMETER  CORRELATION COEFFICIENTS  
       NO.  GLOBAL      6      7     14     18     19     20     22
        6  0.99671   1.000 -0.864 -0.133 -0.863  0.858  0.860 -0.600
        7  0.98902  -0.864  1.000  0.390  0.888 -0.918 -0.937  0.461
       14  0.97897  -0.133  0.390  1.000  0.390 -0.443 -0.371  0.461
       18  0.98902  -0.863  0.888  0.390  1.000 -0.917 -0.937  0.460
       19  0.99870   0.858 -0.918 -0.443 -0.917  1.000  0.952 -0.645
       20  0.99793   0.860 -0.937 -0.371 -0.937  0.952  1.000 -0.428
       22  0.99499  -0.600  0.461  0.461  0.460 -0.645 -0.428  1.000
 ERR MATRIX APPROXIMATE
MINUIT - FIT ONLY 2-CBO
 **********
 **   43 **RES 
 **********
                   PARAMETER    8  phi_CBO RESTORED TO VARIABLE.
                   PARAMETER    4  phi RESTORED TO VARIABLE.
                   PARAMETER    3  A0 RESTORED TO VARIABLE.
                   PARAMETER    1  N0 RESTORED TO VARIABLE.
 **********
 **   44 **FIX            0
 **********
 PARAMETER    0  IS UNDEFINED. IGNORED.
 **********
 **   45 **FIX            1
 **********
 **********
 **   46 **FIX            2
 **********
 PARAMETER    2  IS CONSTANT.   IGNORED.
 **********
 **   47 **FIX            3
 **********
 **********
 **   48 **FIX            4
 **********
 **********
 **   49 **FIX            5
 **********
 PARAMETER    5  IS CONSTANT.   IGNORED.
 **********
 **   50 **FIX            6
 **********
 **********
 **   51 **FIX            7
 **********
 **********
 **   52 **FIX           10
 **********
 PARAMETER   10  IS CONSTANT.   IGNORED.
 **********
 **   53 **FIX           11
 **********
 PARAMETER   11  IS CONSTANT.   IGNORED.
 **********
 **   54 **FIX           12
 **********
 PARAMETER   12  IS CONSTANT.   IGNORED.
 **********
 **   55 **FIX           13
 **********
 PARAMETER   13  IS CONSTANT.   IGNORED.
 **********
 **   56 **FIX           14
 **********
 **********
 **   57 **FIX           15
 **********
 PARAMETER   15  IS CONSTANT.   IGNORED.
 **********
 **   58 **FIX           16
 **********
 PARAMETER   16  IS CONSTANT.   IGNORED.
 **********
 **   59 **MIGRAD
 **********
 START MIGRAD MINIMIZATION.  STRATEGY  1.  CONVERGENCE WHEN EDM .LT. 1.00e-04
 FCN=349.255 FROM MIGRAD    STATUS=INITIATE       12 CALLS        3053 TOTAL
                     EDM= unknown      STRATEGY= 1      NO ERROR MATRIX       
  EXT PARAMETER               CURRENT GUESS       STEP         FIRST   
  NO.   NAME      VALUE            ERROR          SIZE      DERIVATIVE 
   1  N0           2.79273e+06     fixed    
   2  tau          6.43930e+01   constant   
   3  A0           3.56731e-01     fixed    
   4  phi          4.11686e+00     fixed    
   5  R           -6.11314e+01   constant   
   6  A_CBO       -8.99178e-05     fixed    
   7  w_CBO        2.32640e+00     fixed    
   8  phi_CBO      4.15570e+00   1.19779e+00   1.19779e+00   5.14108e-01
   9  ANx2         3.99781e-04   constant   
  10  pNx2         4.45174e+00   constant   
  11  ANy1         0.00000e+00   constant   
  12  pNy1         0.00000e+00   constant   
  13  w_y          0.00000e+00   constant   
  14  ANy2         2.05948e-04     fixed    
  15  pNy2         4.41741e+00   constant   
  16  w_vw         1.43026e+01   constant   
  17  LM          -4.33674e-04   constant   
  18  wCBO_expCoeff   2.00000e+02   3.23542e-04   2.08204e-07  -1.22248e+02
  19  wCBO_expOffset   2.00000e+02   2.57588e-04  -1.91739e-07   4.92151e+03
  20  wCBO_expT    3.00001e+01   1.18797e-04  -7.77960e-08  -1.75917e+03
  21  wCBO_linCoeff   0.00000e+00   constant   
  22  wCBO_const   7.02577e-03   1.15695e-03   7.23884e-07  -3.54405e+02
 MIGRAD FAILS TO FIND IMPROVEMENT
 FCN=348.905 FROM HESSE     STATUS=NOT POSDEF     33 CALLS        3561 TOTAL
                     EDM=2.16322    STRATEGY= 1      ERR MATRIX NOT POS-DEF
  EXT PARAMETER                APPROXIMATE        STEP         FIRST   
  NO.   NAME      VALUE            ERROR          SIZE      DERIVATIVE 
   1  N0           2.79273e+06     fixed    
   2  tau          6.43930e+01   constant   
   3  A0           3.56731e-01     fixed    
   4  phi          4.11686e+00     fixed    
   5  R           -6.11314e+01   constant   
   6  A_CBO       -8.99178e-05     fixed    
   7  w_CBO        2.32640e+00     fixed    
   8  phi_CBO      2.45876e+00   2.76949e+00   1.80446e-02   9.39215e-03
   9  ANx2         3.99781e-04   constant   
  10  pNx2         4.45174e+00   constant   
  11  ANy1         0.00000e+00   constant   
  12  pNy1         0.00000e+00   constant   
  13  w_y          0.00000e+00   constant   
  14  ANy2         2.05948e-04     fixed    
  15  pNy2         4.41741e+00   constant   
  16  w_vw         1.43026e+01   constant   
  17  LM          -4.33674e-04   constant   
  18  wCBO_expCoeff   2.00000e+02   1.04892e-03   9.53675e-05  -1.13280e+03
  19  wCBO_expOffset   2.00000e+02   4.89227e-04   9.53674e-05  -7.54189e+03
  20  wCBO_expT    3.00001e+01   4.13971e-04   1.43052e-05   1.35399e+04
  21  wCBO_linCoeff   0.00000e+00   constant   
  22  wCBO_const   9.03388e-03   1.00626e-03   6.11046e-06  -1.51936e+02
 MIGRAD FAILS TO FIND IMPROVEMENT
 MIGRAD TERMINATED WITHOUT CONVERGENCE.
 FCN=348.396 FROM MIGRAD    STATUS=FAILED        710 CALLS        3751 TOTAL
                     EDM=0.303089    STRATEGY= 1      ERR MATRIX NOT POS-DEF
  EXT PARAMETER                APPROXIMATE        STEP         FIRST   
  NO.   NAME      VALUE            ERROR          SIZE      DERIVATIVE 
   1  N0           2.79273e+06     fixed    
   2  tau          6.43930e+01   constant   
   3  A0           3.56731e-01     fixed    
   4  phi          4.11686e+00     fixed    
   5  R           -6.11314e+01   constant   
   6  A_CBO       -8.99178e-05     fixed    
   7  w_CBO        2.32640e+00     fixed    
   8  phi_CBO      2.71789e+00   1.43157e+00   0.00000e+00  -5.35822e-02
   9  ANx2         3.99781e-04   constant   
  10  pNx2         4.45174e+00   constant   
  11  ANy1         0.00000e+00   constant   
  12  pNy1         0.00000e+00   constant   
  13  w_y          0.00000e+00   constant   
  14  ANy2         2.05948e-04     fixed    
  15  pNy2         4.41741e+00   constant   
  16  w_vw         1.43026e+01   constant   
  17  LM          -4.33674e-04   constant   
  18  wCBO_expCoeff   2.00000e+02   1.00001e+00  -0.00000e+00   2.14670e+02
  19  wCBO_expOffset   2.00000e+02   1.00001e+00  -0.00000e+00   7.12060e+03
  20  wCBO_expT    2.99999e+01   1.00001e+00   0.00000e+00  -2.63849e+03
  21  wCBO_linCoeff   0.00000e+00   constant   
  22  wCBO_const   1.18822e-02   1.00000e+00  -0.00000e+00   1.82958e+01
 EXTERNAL ERROR MATRIX.    NDIM=  25    NPAR=  5    ERR DEF=1
  2.049e+00 -4.453e-04 -3.393e-04 -1.365e-04  4.701e-03 
 -4.453e-04  1.000e+00 -8.409e-08 -1.798e-08  8.503e-07 
 -3.393e-04 -8.409e-08  1.000e+00 -3.086e-08  9.614e-07 
 -1.365e-04 -1.798e-08 -3.086e-08  1.000e+00  3.795e-07 
  4.701e-03  8.503e-07  9.614e-07  3.795e-07  1.000e+00 
ERR MATRIX NOT POS-DEF
 PARAMETER  CORRELATION COEFFICIENTS  
       NO.  GLOBAL      8     18     19     20     22
        8  0.00331   1.000 -0.000 -0.000 -0.000  0.003
       18  0.00031  -0.000  1.000 -0.000 -0.000  0.000
       19  0.00024  -0.000 -0.000  1.000 -0.000  0.000
       20  0.00010  -0.000 -0.000 -0.000  1.000  0.000
       22  0.00328   0.003  0.000  0.000  0.000  1.000
 ERR MATRIX NOT POS-DEF
MINUIT - FIT ONLY 1-y
 **********
 **   60 **RES 
 **********
                   PARAMETER   14  ANy2 RESTORED TO VARIABLE.
                   PARAMETER    7  w_CBO RESTORED TO VARIABLE.
                   PARAMETER    6  A_CBO RESTORED TO VARIABLE.
                   PARAMETER    4  phi RESTORED TO VARIABLE.
                   PARAMETER    3  A0 RESTORED TO VARIABLE.
                   PARAMETER    1  N0 RESTORED TO VARIABLE.
 **********
 **   61 **FIX            0
 **********
 PARAMETER    0  IS UNDEFINED. IGNORED.
 **********
 **   62 **FIX            1
 **********
 **********
 **   63 **FIX            2
 **********
 PARAMETER    2  IS CONSTANT.   IGNORED.
 **********
 **   64 **FIX            3
 **********
 **********
 **   65 **FIX            4
 **********
 **********
 **   66 **FIX            5
 **********
 PARAMETER    5  IS CONSTANT.   IGNORED.
 **********
 **   67 **FIX            6
 **********
 **********
 **   68 **FIX            7
 **********
 **********
 **   69 **FIX            8
 **********
 **********
 **   70 **FIX            9
 **********
 PARAMETER    9  IS CONSTANT.   IGNORED.
 **********
 **   71 **FIX           13
 **********
 PARAMETER   13  IS CONSTANT.   IGNORED.
 **********
 **   72 **FIX           14
 **********
 **********
 **   73 **FIX           15
 **********
 PARAMETER   15  IS CONSTANT.   IGNORED.
 **********
 **   74 **FIX           16
 **********
 PARAMETER   16  IS CONSTANT.   IGNORED.
 **********
 **   75 **MIGRAD
 **********
 START MIGRAD MINIMIZATION.  STRATEGY  1.  CONVERGENCE WHEN EDM .LT. 1.00e-04
 FCN=348.396 FROM MIGRAD    STATUS=INITIATE        8 CALLS        3759 TOTAL
                     EDM= unknown      STRATEGY= 1      NO ERROR MATRIX       
  EXT PARAMETER               CURRENT GUESS       STEP         FIRST   
  NO.   NAME      VALUE            ERROR          SIZE      DERIVATIVE 
   1  N0           2.79273e+06     fixed    
   2  tau          6.43930e+01   constant   
   3  A0           3.56731e-01     fixed    
   4  phi          4.11686e+00     fixed    
   5  R           -6.11314e+01   constant   
   6  A_CBO       -8.99178e-05     fixed    
   7  w_CBO        2.32640e+00     fixed    
   8  phi_CBO      2.71789e+00     fixed    
   9  ANx2         3.99781e-04   constant   
  10  pNx2         4.45174e+00   constant   
  11  ANy1         0.00000e+00   constant   
  12  pNy1         0.00000e+00   constant   
  13  w_y          0.00000e+00   constant   
  14  ANy2         2.05948e-04     fixed    
  15  pNy2         4.41741e+00   constant   
  16  w_vw         1.43026e+01   constant   
  17  LM          -4.33674e-04   constant   
  18  wCBO_expCoeff   2.00000e+02   1.00001e+00  -0.00000e+00   2.14670e+02
  19  wCBO_expOffset   2.00000e+02   1.00001e+00  -0.00000e+00   7.12060e+03
  20  wCBO_expT    2.99999e+01   1.00001e+00   0.00000e+00  -2.63849e+03
  21  wCBO_linCoeff   0.00000e+00   constant   
  22  wCBO_const   1.18822e-02   1.00000e+00  -0.00000e+00   1.82959e+01
 MIGRAD FAILS TO FIND IMPROVEMENT
 FCN=348.396 FROM HESSE     STATUS=NOT POSDEF     29 CALLS        3970 TOTAL
                     EDM=0.16759    STRATEGY= 1      ERR MATRIX NOT POS-DEF
  EXT PARAMETER                APPROXIMATE        STEP         FIRST   
  NO.   NAME      VALUE            ERROR          SIZE      DERIVATIVE 
   1  N0           2.79273e+06     fixed    
   2  tau          6.43930e+01   constant   
   3  A0           3.56731e-01     fixed    
   4  phi          4.11686e+00     fixed    
   5  R           -6.11314e+01   constant   
   6  A_CBO       -8.99178e-05     fixed    
   7  w_CBO        2.32640e+00     fixed    
   8  phi_CBO      2.71789e+00     fixed    
   9  ANx2         3.99781e-04   constant   
  10  pNx2         4.45174e+00   constant   
  11  ANy1         0.00000e+00   constant   
  12  pNy1         0.00000e+00   constant   
  13  w_y          0.00000e+00   constant   
  14  ANy2         2.05948e-04     fixed    
  15  pNy2         4.41741e+00   constant   
  16  w_vw         1.43026e+01   constant   
  17  LM          -4.33674e-04   constant   
  18  wCBO_expCoeff   2.00000e+02   2.61465e-03   9.53674e-05  -5.03402e+01
  19  wCBO_expOffset   2.00000e+02   1.97485e-04   9.53672e-05   3.24698e+03
  20  wCBO_expT    2.99999e+01   2.45825e-04   1.43050e-05   2.41613e+02
  21  wCBO_linCoeff   0.00000e+00   constant   
  22  wCBO_const   1.18832e-02   5.14351e-03   5.78974e-06  -4.96447e+01
 MIGRAD FAILS TO FIND IMPROVEMENT
 MIGRAD TERMINATED WITHOUT CONVERGENCE.
 FCN=348.394 FROM MIGRAD    STATUS=FAILED        242 CALLS        3993 TOTAL
                     EDM=0.385824    STRATEGY= 1      ERR MATRIX NOT POS-DEF
  EXT PARAMETER                APPROXIMATE        STEP         FIRST   
  NO.   NAME      VALUE            ERROR          SIZE      DERIVATIVE 
   1  N0           2.79273e+06     fixed    
   2  tau          6.43930e+01   constant   
   3  A0           3.56731e-01     fixed    
   4  phi          4.11686e+00     fixed    
   5  R           -6.11314e+01   constant   
   6  A_CBO       -8.99178e-05     fixed    
   7  w_CBO        2.32640e+00     fixed    
   8  phi_CBO      2.71789e+00     fixed    
   9  ANx2         3.99781e-04   constant   
  10  pNx2         4.45174e+00   constant   
  11  ANy1         0.00000e+00   constant   
  12  pNy1         0.00000e+00   constant   
  13  w_y          0.00000e+00   constant   
  14  ANy2         2.05948e-04     fixed    
  15  pNy2         4.41741e+00   constant   
  16  w_vw         1.43026e+01   constant   
  17  LM          -4.33674e-04   constant   
  18  wCBO_expCoeff   2.00000e+02   1.00000e+00   0.00000e+00  -2.42258e+02
  19  wCBO_expOffset   2.00000e+02   1.00000e+00  -0.00000e+00   5.10215e+03
  20  wCBO_expT    2.99999e+01   1.00000e+00  -0.00000e+00   1.04729e+03
  21  wCBO_linCoeff   0.00000e+00   constant   
  22  wCBO_const   1.19843e-02   1.00000e+00   0.00000e+00  -1.19149e+02
 EXTERNAL ERROR MATRIX.    NDIM=  25    NPAR=  4    ERR DEF=1
  1.000e+00 -2.920e-08  1.695e-08 -3.512e-07 
 -2.920e-08  1.000e+00 -2.950e-09  7.756e-08 
  1.695e-08 -2.950e-09  1.000e+00  3.081e-08 
 -3.512e-07  7.756e-08  3.081e-08  1.000e+00 
ERR MATRIX NOT POS-DEF
 PARAMETER  CORRELATION COEFFICIENTS  
       NO.  GLOBAL     18     19     20     22
       18  0.00000   1.000 -0.000  0.000 -0.000
       19  0.00000  -0.000  1.000 -0.000  0.000
       20  0.00000   0.000 -0.000  1.000  0.000
       22  0.00000  -0.000  0.000  0.000  1.000
 ERR MATRIX NOT POS-DEF
MINUIT - FIT ONLY 2-y
 **********
 **   76 **RES 
 **********
                   PARAMETER   14  ANy2 RESTORED TO VARIABLE.
                   PARAMETER    8  phi_CBO RESTORED TO VARIABLE.
                   PARAMETER    7  w_CBO RESTORED TO VARIABLE.
                   PARAMETER    6  A_CBO RESTORED TO VARIABLE.
                   PARAMETER    4  phi RESTORED TO VARIABLE.
                   PARAMETER    3  A0 RESTORED TO VARIABLE.
                   PARAMETER    1  N0 RESTORED TO VARIABLE.
 **********
 **   77 **FIX            0
 **********
 PARAMETER    0  IS UNDEFINED. IGNORED.
 **********
 **   78 **FIX            1
 **********
 **********
 **   79 **FIX            2
 **********
 PARAMETER    2  IS CONSTANT.   IGNORED.
 **********
 **   80 **FIX            3
 **********
 **********
 **   81 **FIX            4
 **********
 **********
 **   82 **FIX            5
 **********
 PARAMETER    5  IS CONSTANT.   IGNORED.
 **********
 **   83 **FIX            6
 **********
 **********
 **   84 **FIX            7
 **********
 **********
 **   85 **FIX            8
 **********
 **********
 **   86 **FIX            9
 **********
 PARAMETER    9  IS CONSTANT.   IGNORED.
 **********
 **   87 **FIX           10
 **********
 PARAMETER   10  IS CONSTANT.   IGNORED.
 **********
 **   88 **FIX           11
 **********
 PARAMETER   11  IS CONSTANT.   IGNORED.
 **********
 **   89 **FIX           12
 **********
 PARAMETER   12  IS CONSTANT.   IGNORED.
 **********
 **   90 **FIX           16
 **********
 PARAMETER   16  IS CONSTANT.   IGNORED.
 **********
 **   91 **MIGRAD
 **********
 START MIGRAD MINIMIZATION.  STRATEGY  1.  CONVERGENCE WHEN EDM .LT. 1.00e-04
 FCN=348.394 FROM MIGRAD    STATUS=INITIATE       10 CALLS        4003 TOTAL
                     EDM= unknown      STRATEGY= 1      NO ERROR MATRIX       
  EXT PARAMETER               CURRENT GUESS       STEP         FIRST   
  NO.   NAME      VALUE            ERROR          SIZE      DERIVATIVE 
   1  N0           2.79273e+06     fixed    
   2  tau          6.43930e+01   constant   
   3  A0           3.56731e-01     fixed    
   4  phi          4.11686e+00     fixed    
   5  R           -6.11314e+01   constant   
   6  A_CBO       -8.99178e-05     fixed    
   7  w_CBO        2.32640e+00     fixed    
   8  phi_CBO      2.71789e+00     fixed    
   9  ANx2         3.99781e-04   constant   
  10  pNx2         4.45174e+00   constant   
  11  ANy1         0.00000e+00   constant   
  12  pNy1         0.00000e+00   constant   
  13  w_y          0.00000e+00   constant   
  14  ANy2         2.05948e-04   2.31271e-04   2.31271e-04  -7.73039e+02
  15  pNy2         4.41741e+00   constant   
  16  w_vw         1.43026e+01   constant   
  17  LM          -4.33674e-04   constant   
  18  wCBO_expCoeff   2.00000e+02   1.00000e+00   0.00000e+00  -2.42258e+02
  19  wCBO_expOffset   2.00000e+02   1.00000e+00  -0.00000e+00   5.10215e+03
  20  wCBO_expT    2.99999e+01   1.00000e+00  -0.00000e+00   1.04729e+03
  21  wCBO_linCoeff   0.00000e+00   constant   
  22  wCBO_const   1.19843e-02   1.00000e+00   0.00000e+00  -1.19149e+02
 MIGRAD FAILS TO FIND IMPROVEMENT
 FCN=348.389 FROM HESSE     STATUS=NOT POSDEF     37 CALLS        4078 TOTAL
                     EDM=0.00392365    STRATEGY= 1      ERR MATRIX NOT POS-DEF
  EXT PARAMETER                APPROXIMATE        STEP         FIRST   
  NO.   NAME      VALUE            ERROR          SIZE      DERIVATIVE 
   1  N0           2.79273e+06     fixed    
