 + ++++++++++++++++++++++++++++++++++++++++++++++++++++++++++++++++++++ +
 +                                                                      +
 +           You have chose to blind your fitting according to          +
 +                omega_ref * (1 + (R +/- deltaR) *10^{-6})             +
 +                                                                      +
 + ++++++++++++++++++++++++++++++++++++++++++++++++++++++++++++++++++++ +
In main()...
reading format from /gm2data/zkhechad/run45/envelope/formats/formatB_sBin_constraintOn.txt
pBinTau 	= 0  
pBinPhi 	= 0  
constraintau 	= 1 
includeMopTerm 	= 0    
constrainMop    = 0   
Parameters after format file: pBinTau 0 pBinPhi 0 constraintau 1 includeMopTerm 0 constrainMop 0 c_e_scale 0.000000 
reading cbo reference file (full fit) from /gm2data/zkhechad/cboTemplates/Run4CBOTemplates/fullFits/run4/sBin_constraintOn_cE0.0_seed0_run4_calo19.root
A_CBO 0.009558 w_CBO 2.327254 phi_CBO 0.902980 N0 3088607.252134 R -60.257448 tau 64.400175 
Reading cboRef file /gm2data/zkhechad/cboTemplates/Run4CBOTemplates//cboIsolate/run4_calo19.root
deltaT 164.120000
windowBins = 1100
fitting sliding window 2440 from bin 2643 at 394.335600 to bin 3743 at 558.455600 (1100 bins)

Reading data from /gm2data/cornell/histograms/aMethod/histogram_a_run4.root
fitting cbo isolate
 **********
 **    1 **SET PRINTOUT            1
 **********
 **********
 **    2 **SET NOWARNINGS 
 **********
 PARAMETER DEFINITIONS:
    NO.   NAME         VALUE      STEP SIZE      LIMITS
     1 A_CBO        9.55751e-03  1.00000e-05     no limits
     2 w_CBO        2.32725e+00  1.00000e-02    2.00000e+00  3.00000e+00
     3 phi_CBO      9.02980e-01  1.00000e-02    0.00000e+00  6.28319e+00
 **********
 **    3 **MIGRAD
 **********
 FIRST CALL TO USER FUNCTION AT NEW START POINT, WITH IFLAG=4.
 START MIGRAD MINIMIZATION.  STRATEGY  1.  CONVERGENCE WHEN EDM .LT. 1.00e-04
 FCN=0.303775 FROM MIGRAD    STATUS=INITIATE       12 CALLS          13 TOTAL
                     EDM= unknown      STRATEGY= 1      NO ERROR MATRIX       
  EXT PARAMETER               CURRENT GUESS       STEP         FIRST   
  NO.   NAME      VALUE            ERROR          SIZE      DERIVATIVE 
   1  A_CBO        9.55751e-03   1.00000e-05   1.00000e-05   6.62423e+00
   2  w_CBO        2.32725e+00   1.00000e-02   2.13147e-02   3.20373e+00
   3  phi_CBO      9.02980e-01   1.00000e-02   4.53699e-03  -3.03158e-02
 MIGRAD MINIMIZATION HAS CONVERGED.
 MIGRAD WILL VERIFY CONVERGENCE AND ERROR MATRIX.
 COVARIANCE MATRIX CALCULATED SUCCESSFULLY
 FCN=0.282924 FROM MIGRAD    STATUS=CONVERGED      57 CALLS          58 TOTAL
                     EDM=8.77444e-05    STRATEGY= 1      ERROR MATRIX ACCURATE 
  EXT PARAMETER                                   STEP         FIRST   
  NO.   NAME      VALUE            ERROR          SIZE      DERIVATIVE 
   1  A_CBO        3.81881e-03   4.30112e-02   2.35516e-05   2.70919e-02
   2  w_CBO        2.32688e+00   2.39057e-01   2.86626e-05   2.09486e-02
   3  phi_CBO      1.07890e+00   3.49668e+00   2.65760e-03   4.19900e-05
 EXTERNAL ERROR MATRIX.    NDIM=  25    NPAR=  3    ERR DEF=1
  1.850e-03 -1.527e-03 -7.430e-01 
 -1.527e-03  6.292e-02  3.055e+01 
 -7.430e-01  3.055e+01  1.496e+04 
 PARAMETER  CORRELATION COEFFICIENTS  
       NO.  GLOBAL      1      2      3
        1  0.14161   1.000 -0.142 -0.141
        2  0.99579  -0.142  1.000  0.996
        3  0.99579  -0.141  0.996  1.000
setting A_CBO=0.003819 w_CBO=2.326885, phi_CBO=1.078899
done fitting cbo isolate
 **********
 **    1 **SET PRINTOUT            1
 **********
 **********
 **    2 **SET NOWARNINGS 
 **********
 PARAMETER DEFINITIONS:
    NO.   NAME         VALUE      STEP SIZE      LIMITS
     1 N0           3.08861e+06  1.00000e+02     no limits
     2 tau          6.44002e+01  constant
     3 A0           3.48093e-01  1.00000e-04     no limits
     4 phi          4.13197e+00  1.00000e-02     no limits
     5 R           -6.02574e+01  constant
     6 A_CBO        3.81881e-03  1.00000e-05     no limits
     7 w_CBO        2.32688e+00  1.00000e-03     no limits
     8 phi_CBO      1.07890e+00  1.00000e-04     no limits
     9 ANx2         2.45054e-04  constant
    10 pNx2         5.52114e+00  constant
    11 ANy1         0.00000e+00  constant
    12 pNy1         0.00000e+00  constant
    13 w_y          0.00000e+00  constant
    14 ANy2         1.46670e-02  1.00000e-04     no limits
    15 pNy2         3.05066e+00  constant
    16 w_vw         1.43134e+01  constant
    17 LM          -3.45580e-05  constant
    18 wCBO_expCoeff   2.00000e+02  1.00000e+00     no limits
    19 wCBO_expOffset   2.00000e+02  1.00000e+00     no limits
    20 wCBO_expT    3.00000e+01  1.00000e+00     no limits
    21 wCBO_linCoeff   0.00000e+00  constant
    22 wCBO_const   0.00000e+00  1.00000e-02     no limits
MINUIT - FIT ONLY WIGGLE
 **********
 **    3 **FIX            5
 **********
 PARAMETER    5  IS CONSTANT.   IGNORED.
 **********
 **    4 **FIX            6
 **********
 **********
 **    5 **FIX            7
 **********
 **********
 **    6 **FIX            8
 **********
 **********
 **    7 **FIX            9
 **********
 PARAMETER    9  IS CONSTANT.   IGNORED.
 **********
 **    8 **FIX           10
 **********
 PARAMETER   10  IS CONSTANT.   IGNORED.
 **********
 **    9 **FIX           11
 **********
 PARAMETER   11  IS CONSTANT.   IGNORED.
 **********
 **   10 **FIX           12
 **********
 PARAMETER   12  IS CONSTANT.   IGNORED.
 **********
 **   11 **FIX           13
 **********
 PARAMETER   13  IS CONSTANT.   IGNORED.
 **********
 **   12 **FIX           14
 **********
 **********
 **   13 **FIX           15
 **********
 PARAMETER   15  IS CONSTANT.   IGNORED.
 **********
 **   14 **FIX           16
 **********
 PARAMETER   16  IS CONSTANT.   IGNORED.
 **********
 **   15 **MIGRAD
 **********
 FIRST CALL TO USER FUNCTION AT NEW START POINT, WITH IFLAG=4.
 START MIGRAD MINIMIZATION.  STRATEGY  1.  CONVERGENCE WHEN EDM .LT. 1.00e-04
 FCN=537.087 FROM MIGRAD    STATUS=INITIATE       30 CALLS          31 TOTAL
                     EDM= unknown      STRATEGY= 1      NO ERROR MATRIX       
  EXT PARAMETER               CURRENT GUESS       STEP         FIRST   
  NO.   NAME      VALUE            ERROR          SIZE      DERIVATIVE 
   1  N0           3.08861e+06   1.00000e+02   1.00000e+02   5.77552e-04
   2  tau          6.44002e+01   constant   
   3  A0           3.48093e-01   1.00000e-04   1.00000e-04   8.72649e+01
   4  phi          4.13197e+00   1.00000e-02   1.00000e-02   8.11320e+01
   5  R           -6.02574e+01   constant   
   6  A_CBO        3.81881e-03     fixed    
   7  w_CBO        2.32688e+00     fixed    
   8  phi_CBO      1.07890e+00     fixed    
   9  ANx2         2.45054e-04   constant   
  10  pNx2         5.52114e+00   constant   
  11  ANy1         0.00000e+00   constant   
  12  pNy1         0.00000e+00   constant   
  13  w_y          0.00000e+00   constant   
  14  ANy2         1.46670e-02     fixed    
  15  pNy2         3.05066e+00   constant   
  16  w_vw         1.43134e+01   constant   
  17  LM          -3.45580e-05   constant   
  18  wCBO_expCoeff   2.00000e+02   1.00000e+00   1.00000e+00   4.81623e-01
  19  wCBO_expOffset   2.00000e+02   1.00000e+00   1.00000e+00   3.21083e+00
  20  wCBO_expT    3.00000e+01   1.00000e+00   1.00000e+00  -7.95117e-02
  21  wCBO_linCoeff   0.00000e+00   constant   
  22  wCBO_const   0.00000e+00   1.00000e-02   1.00000e-02  -4.09087e+03
 MIGRAD MINIMIZATION HAS CONVERGED.
 FCN=524.829 FROM MIGRAD    STATUS=CONVERGED     168 CALLS         169 TOTAL
                     EDM=3.70111e-08    STRATEGY= 1  ERROR MATRIX UNCERTAINTY   3.0 per cent
  EXT PARAMETER                                   STEP         FIRST   
  NO.   NAME      VALUE            ERROR          SIZE      DERIVATIVE 
   1  N0           3.08668e+06   2.21413e+03   5.20377e-01  -4.32862e-09
   2  tau          6.44002e+01   constant   
   3  A0           3.48233e-01   9.77570e-04  -2.30989e-06   1.04743e-01
   4  phi          4.13060e+00   2.88940e-03  -3.67635e-06  -2.67689e-02
   5  R           -6.02574e+01   constant   
   6  A_CBO        3.81881e-03     fixed    
   7  w_CBO        2.32688e+00     fixed    
   8  phi_CBO      1.07890e+00     fixed    
   9  ANx2         2.45054e-04   constant   
  10  pNx2         5.52114e+00   constant   
  11  ANy1         0.00000e+00   constant   
  12  pNy1         0.00000e+00   constant   
  13  w_y          0.00000e+00   constant   
  14  ANy2         1.46670e-02     fixed    
  15  pNy2         3.05066e+00   constant   
  16  w_vw         1.43134e+01   constant   
  17  LM          -3.45580e-05   constant   
  18  wCBO_expCoeff   1.96997e+02   6.22907e+00  -5.42681e-03  -6.11384e-05
  19  wCBO_expOffset   1.99553e+02   9.25621e-01  -8.23210e-04  -3.96383e-04
  20  wCBO_expT    3.00685e+01   2.81978e-01   2.52397e-04  -4.06381e-03
  21  wCBO_linCoeff   0.00000e+00   constant   
  22  wCBO_const   2.45221e-03   7.48587e-04   8.02817e-07  -2.77430e-01
 EXTERNAL ERROR MATRIX.    NDIM=  25    NPAR=  7    ERR DEF=1
  4.902e+06  1.075e-02  1.143e-01 -6.173e+02 -9.159e+01  2.944e+01 -3.800e-02 
  1.075e-02  9.556e-07 -4.327e-08  3.186e-04  4.737e-05 -1.323e-05 -6.515e-08 
  1.143e-01 -4.327e-08  8.349e-06 -2.354e-03 -3.496e-04  1.116e-04 -1.854e-07 
 -6.173e+02  3.186e-04 -2.354e-03  3.880e+01  5.307e+00 -1.718e+00  2.655e-03 
 -9.159e+01  4.737e-05 -3.496e-04  5.307e+00  8.568e-01 -2.552e-01  3.940e-04 
  2.944e+01 -1.323e-05  1.116e-04 -1.718e+00 -2.552e-01  7.951e-02 -1.304e-04 
 -3.800e-02 -6.515e-08 -1.854e-07  2.655e-03  3.940e-04 -1.304e-04  5.604e-07 
 PARAMETER  CORRELATION COEFFICIENTS  
       NO.  GLOBAL      1      3      4     18     19     20     22
        1  0.06388   1.000  0.005  0.018 -0.045 -0.045  0.047 -0.023
        3  0.16171   0.005  1.000 -0.015  0.052  0.052 -0.048 -0.089
        4  0.15517   0.018 -0.015  1.000 -0.131 -0.131  0.137 -0.086
       18  0.99651  -0.045  0.052 -0.131  1.000  0.921 -0.978  0.569
       19  0.99639  -0.045  0.052 -0.131  0.921  1.000 -0.978  0.569
       20  0.99910   0.047 -0.048  0.137 -0.978 -0.978  1.000 -0.618
       22  0.84020  -0.023 -0.089 -0.086  0.569  0.569 -0.618  1.000
MINUIT - FIT ONLY 1-CBO + other amplitudes 
 **********
 **   16 **RES 
 **********
                   PARAMETER   14  ANy2 RESTORED TO VARIABLE.
                   PARAMETER    8  phi_CBO RESTORED TO VARIABLE.
                   PARAMETER    7  w_CBO RESTORED TO VARIABLE.
                   PARAMETER    6  A_CBO RESTORED TO VARIABLE.
 **********
 **   17 **FIX            0
 **********
 PARAMETER    0  IS UNDEFINED. IGNORED.
 **********
 **   18 **FIX            1
 **********
 **********
 **   19 **FIX            2
 **********
 PARAMETER    2  IS CONSTANT.   IGNORED.
 **********
 **   20 **FIX            3
 **********
 **********
 **   21 **FIX            4
 **********
 **********
 **   22 **FIX            9
 **********
 PARAMETER    9  IS CONSTANT.   IGNORED.
 **********
 **   23 **FIX           11
 **********
 PARAMETER   11  IS CONSTANT.   IGNORED.
 **********
 **   24 **FIX           12
 **********
 PARAMETER   12  IS CONSTANT.   IGNORED.
 **********
 **   25 **FIX           14
 **********
 **********
 **   26 **FIX           15
 **********
 PARAMETER   15  IS CONSTANT.   IGNORED.
 **********
 **   27 **FIX           16
 **********
 PARAMETER   16  IS CONSTANT.   IGNORED.
 **********
 **   28 **MIGRAD
 **********
 START MIGRAD MINIMIZATION.  STRATEGY  1.  CONVERGENCE WHEN EDM .LT. 1.00e-04
 FCN=524.829 FROM MIGRAD    STATUS=INITIATE       18 CALLS         187 TOTAL
                     EDM= unknown      STRATEGY= 1      NO ERROR MATRIX       
  EXT PARAMETER               CURRENT GUESS       STEP         FIRST   
  NO.   NAME      VALUE            ERROR          SIZE      DERIVATIVE 
   1  N0           3.08668e+06     fixed    
   2  tau          6.44002e+01   constant   
   3  A0           3.48233e-01     fixed    
   4  phi          4.13060e+00     fixed    
   5  R           -6.02574e+01   constant   
   6  A_CBO        3.81881e-03   1.00000e-05   1.00000e-05   4.15789e+03
   7  w_CBO        2.32688e+00   1.00000e-03   1.00000e-03  -1.24133e-01
   8  phi_CBO      1.07890e+00   1.00000e-04   1.00000e-04   2.64681e-01
   9  ANx2         2.45054e-04   constant   
  10  pNx2         5.52114e+00   constant   
  11  ANy1         0.00000e+00   constant   
  12  pNy1         0.00000e+00   constant   
  13  w_y          0.00000e+00   constant   
  14  ANy2         1.46670e-02     fixed    
  15  pNy2         3.05066e+00   constant   
  16  w_vw         1.43134e+01   constant   
  17  LM          -3.45580e-05   constant   
  18  wCBO_expCoeff   1.96997e+02   6.22907e+00  -5.42681e-03  -6.11390e-05
  19  wCBO_expOffset   1.99553e+02   9.25621e-01  -8.23210e-04  -3.96390e-04
  20  wCBO_expT    3.00685e+01   2.81978e-01   2.52397e-04  -4.06386e-03
  21  wCBO_linCoeff   0.00000e+00   constant   
  22  wCBO_const   2.45221e-03   7.48587e-04   8.02817e-07  -2.77430e-01
 MIGRAD MINIMIZATION HAS CONVERGED.
 MIGRAD WILL VERIFY CONVERGENCE AND ERROR MATRIX.
 FCN=520.406 FROM MIGRAD    STATUS=CONVERGED     241 CALLS         410 TOTAL
                     EDM=2.46327e-08    STRATEGY= 1      ERR MATRIX NOT POS-DEF
  EXT PARAMETER                APPROXIMATE        STEP         FIRST   
  NO.   NAME      VALUE            ERROR          SIZE      DERIVATIVE 
   1  N0           3.08668e+06     fixed    
   2  tau          6.44002e+01   constant   
   3  A0           3.48233e-01     fixed    
   4  phi          4.13060e+00     fixed    
   5  R           -6.02574e+01   constant   
   6  A_CBO        1.74972e-03   9.86413e-04   1.10187e-05  -4.67373e-02
   7  w_CBO        2.32673e+00   1.04316e-02   1.22536e-05  -1.18445e-02
   8  phi_CBO      2.67287e-01   1.40522e+00   6.61821e-03  -4.67776e-05
   9  ANx2         2.45054e-04   constant   
  10  pNx2         5.52114e+00   constant   
  11  ANy1         0.00000e+00   constant   
  12  pNy1         0.00000e+00   constant   
  13  w_y          0.00000e+00   constant   
  14  ANy2         1.46670e-02     fixed    
  15  pNy2         3.05066e+00   constant   
  16  w_vw         1.43134e+01   constant   
  17  LM          -3.45580e-05   constant   
  18  wCBO_expCoeff   1.99430e+02   7.46674e+00   7.56182e-03   9.48260e-05
  19  wCBO_expOffset   1.99924e+02   1.12203e+00   1.13565e-03   6.31411e-04
  20  wCBO_expT    2.99510e+01   1.55413e-01   1.67899e-04   5.05748e-03
  21  wCBO_linCoeff   0.00000e+00   constant   
  22  wCBO_const   2.07970e-03   4.51327e-03   5.90652e-06  -4.63276e-02
 EXTERNAL ERROR MATRIX.    NDIM=  25    NPAR=  7    ERR DEF=1
  9.730e-07 -7.101e-09  3.077e-05 -1.260e-04 -1.896e-05  6.434e-06  1.936e-09 
 -7.101e-09  1.088e-04  1.384e-03 -3.269e-03 -4.956e-04 -7.348e-05 -4.509e-05 
  3.077e-05  1.384e-03  1.975e+00 -7.710e-01 -1.161e-01  3.719e-02  8.233e-04 
 -1.260e-04 -3.269e-03 -7.710e-01  5.575e+01 -4.948e+00 -5.136e-01  1.539e-03 
 -1.896e-05 -4.956e-04 -1.161e-01 -4.948e+00  1.259e+00 -7.735e-02  2.330e-04 
  6.434e-06 -7.348e-05  3.719e-02 -5.136e-01 -7.735e-02  2.415e-02  1.177e-05 
  1.936e-09 -4.509e-05  8.233e-04  1.539e-03  2.330e-04  1.177e-05  2.037e-05 
ERR MATRIX NOT POS-DEF
 PARAMETER  CORRELATION COEFFICIENTS  
       NO.  GLOBAL      6      7      8     18     19     20     22
        6  0.04955   1.000 -0.001  0.022 -0.017 -0.017  0.042  0.000
        7  0.99446  -0.001  1.000  0.094 -0.042 -0.042 -0.045 -0.958
        8  0.90685   0.022  0.094  1.000 -0.073 -0.074  0.170  0.130
       18  0.99588  -0.017 -0.042 -0.073  1.000 -0.591 -0.443  0.046
       19  0.99589  -0.017 -0.042 -0.074 -0.591  1.000 -0.444  0.046
       20  0.99532   0.042 -0.045  0.170 -0.443 -0.444  1.000  0.017
       22  0.99312   0.000 -0.958  0.130  0.046  0.046  0.017  1.000
 ERR MATRIX NOT POS-DEF
MINUIT - FIT ONLY 1-CBO
 **********
 **   29 **RES 
 **********
                   PARAMETER   14  ANy2 RESTORED TO VARIABLE.
                   PARAMETER    4  phi RESTORED TO VARIABLE.
                   PARAMETER    3  A0 RESTORED TO VARIABLE.
                   PARAMETER    1  N0 RESTORED TO VARIABLE.
 **********
 **   30 **FIX            0
 **********
 PARAMETER    0  IS UNDEFINED. IGNORED.
 **********
 **   31 **FIX            1
 **********
 **********
 **   32 **FIX            2
 **********
 PARAMETER    2  IS CONSTANT.   IGNORED.
 **********
 **   33 **FIX            3
 **********
 **********
 **   34 **FIX            4
 **********
 **********
 **   35 **FIX            8
 **********
 **********
 **   36 **FIX            9
 **********
 PARAMETER    9  IS CONSTANT.   IGNORED.
 **********
 **   37 **FIX           11
 **********
 PARAMETER   11  IS CONSTANT.   IGNORED.
 **********
 **   38 **FIX           12
 **********
 PARAMETER   12  IS CONSTANT.   IGNORED.
 **********
 **   39 **FIX           13
 **********
 PARAMETER   13  IS CONSTANT.   IGNORED.
 **********
 **   40 **FIX           15
 **********
 PARAMETER   15  IS CONSTANT.   IGNORED.
 **********
 **   41 **FIX           16
 **********
 PARAMETER   16  IS CONSTANT.   IGNORED.
 **********
 **   42 **MIGRAD
 **********
 START MIGRAD MINIMIZATION.  STRATEGY  1.  CONVERGENCE WHEN EDM .LT. 1.00e-04
 FCN=520.406 FROM MIGRAD    STATUS=INITIATE       16 CALLS         426 TOTAL
                     EDM= unknown      STRATEGY= 1      NO ERROR MATRIX       
  EXT PARAMETER               CURRENT GUESS       STEP         FIRST   
  NO.   NAME      VALUE            ERROR          SIZE      DERIVATIVE 
   1  N0           3.08668e+06     fixed    
   2  tau          6.44002e+01   constant   
   3  A0           3.48233e-01     fixed    
   4  phi          4.13060e+00     fixed    
   5  R           -6.02574e+01   constant   
   6  A_CBO        1.74972e-03   9.86413e-04   1.10187e-05  -4.67372e-02
   7  w_CBO        2.32673e+00   1.04316e-02   1.22536e-05  -1.22914e-02
   8  phi_CBO      2.67287e-01     fixed    
   9  ANx2         2.45054e-04   constant   
  10  pNx2         5.52114e+00   constant   
  11  ANy1         0.00000e+00   constant   
  12  pNy1         0.00000e+00   constant   
  13  w_y          0.00000e+00   constant   
  14  ANy2         1.46670e-02   1.00000e-04   1.00000e-04   2.87318e+04
  15  pNy2         3.05066e+00   constant   
  16  w_vw         1.43134e+01   constant   
  17  LM          -3.45580e-05   constant   
  18  wCBO_expCoeff   1.99430e+02   7.46674e+00   7.56182e-03   9.56611e-05
  19  wCBO_expOffset   1.99924e+02   1.12203e+00   1.13565e-03   6.37628e-04
  20  wCBO_expT    2.99510e+01   1.55413e-01   1.67899e-04   5.19986e-03
  21  wCBO_linCoeff   0.00000e+00   constant   
  22  wCBO_const   2.07970e-03   4.51327e-03   5.90652e-06  -4.63032e-02
 MIGRAD MINIMIZATION HAS CONVERGED.
 MIGRAD WILL VERIFY CONVERGENCE AND ERROR MATRIX.
 COVARIANCE MATRIX CALCULATED SUCCESSFULLY
 FCN=308.728 FROM HESSE     STATUS=OK             50 CALLS         539 TOTAL
                     EDM=0.00166215    STRATEGY= 1      ERROR MATRIX ACCURATE 
  EXT PARAMETER                                   STEP         FIRST   
  NO.   NAME      VALUE            ERROR          SIZE      DERIVATIVE 
   1  N0           3.08668e+06     fixed    
   2  tau          6.44002e+01   constant   
   3  A0           3.48233e-01     fixed    
   4  phi          4.13060e+00     fixed    
   5  R           -6.02574e+01   constant   
   6  A_CBO        1.73161e-03   9.93730e-04   8.49364e-06   3.45888e-01
   7  w_CBO        2.32674e+00   5.52135e-02   9.45706e-06   2.06746e-01
   8  phi_CBO      2.67287e-01     fixed    
   9  ANx2         2.45054e-04   constant   
  10  pNx2         5.52114e+00   constant   
  11  ANy1         0.00000e+00   constant   
  12  pNy1         0.00000e+00   constant   
  13  w_y          0.00000e+00   constant   
  14  ANy2        -6.77922e-05   1.01276e-03   8.70283e-06  -2.08588e-02
  15  pNy2         3.05066e+00   constant   
  16  w_vw         1.43134e+01   constant   
  17  LM          -3.45580e-05   constant   
  18  wCBO_expCoeff   1.99410e+02   4.82618e+01   5.82140e-03   1.19319e-03
  19  wCBO_expOffset   1.99921e+02   7.26808e+00   8.74337e-04   7.94434e-03
  20  wCBO_expT    2.99506e+01   3.29807e-01   1.29265e-04  -1.95335e-01
  21  wCBO_linCoeff   0.00000e+00   constant   
  22  wCBO_const   2.08947e-03   2.37836e-02   4.56181e-06   2.42642e-01
 MIGRAD MINIMIZATION HAS CONVERGED.
 FCN=308.726 FROM MIGRAD    STATUS=CONVERGED     145 CALLS         555 TOTAL
                     EDM=5.93503e-07    STRATEGY= 1  ERROR MATRIX UNCERTAINTY   0.1 per cent
  EXT PARAMETER                                   STEP         FIRST   
  NO.   NAME      VALUE            ERROR          SIZE      DERIVATIVE 
   1  N0           3.08668e+06     fixed    
   2  tau          6.44002e+01   constant   
   3  A0           3.48233e-01     fixed    
   4  phi          4.13060e+00     fixed    
   5  R           -6.02574e+01   constant   
   6  A_CBO        1.73608e-03   9.93733e-04   4.46739e-06   8.45589e-01
   7  w_CBO        2.32670e+00   5.52147e-02  -4.18291e-05  -8.53319e-01
   8  phi_CBO      2.67287e-01     fixed    
   9  ANx2         2.45054e-04   constant   
  10  pNx2         5.52114e+00   constant   
  11  ANy1         0.00000e+00   constant   
  12  pNy1         0.00000e+00   constant   
  13  w_y          0.00000e+00   constant   
  14  ANy2        -6.79268e-05   1.01276e-03  -1.34653e-07   5.69132e-03
  15  pNy2         3.05066e+00   constant   
  16  w_vw         1.43134e+01   constant   
  17  LM          -3.45580e-05   constant   
  18  wCBO_expCoeff   1.99076e+02   4.83437e+01  -3.34075e-01  -1.91548e-03
  19  wCBO_expOffset   1.99866e+02   7.28907e+00  -5.50552e-02  -1.27225e-02
  20  wCBO_expT    2.99669e+01   3.63202e-01   1.62966e-02  -8.59102e-02
  21  wCBO_linCoeff   0.00000e+00   constant   
  22  wCBO_const   2.07699e-03   2.37840e-02  -1.24837e-05  -1.59967e+00
 EXTERNAL ERROR MATRIX.    NDIM=  25    NPAR=  7    ERR DEF=1
  9.875e-07  5.069e-08  1.843e-09 -6.840e-04 -1.160e-04  3.454e-05 -1.042e-07 
  5.069e-08  3.049e-03  2.791e-09 -1.060e-01 -2.120e-02 -3.349e-04 -1.312e-03 
  1.843e-09  2.791e-09  1.026e-06  2.509e-05  4.306e-06 -1.168e-06 -1.573e-10 
 -6.840e-04 -1.060e-01  2.509e-05  2.337e+03 -3.324e+02 -2.658e+00  5.043e-02 
 -1.160e-04 -2.120e-02  4.306e-06 -3.324e+02  5.313e+01 -4.514e-01  9.931e-03 
  3.454e-05 -3.349e-04 -1.168e-06 -2.658e+00 -4.514e-01  1.319e-01 -1.053e-04 
 -1.042e-07 -1.312e-03 -1.573e-10  5.043e-02  9.931e-03 -1.053e-04  5.657e-04 
 PARAMETER  CORRELATION COEFFICIENTS  
       NO.  GLOBAL      6      7     14     18     19     20     22
        6  0.10368   1.000  0.001  0.002 -0.014 -0.016  0.096 -0.004
        7  0.99980   0.001  1.000  0.000 -0.040 -0.053 -0.017 -0.999
       14  0.00544   0.002  0.000  1.000  0.001  0.001 -0.003 -0.000
       18  0.99990  -0.014 -0.040  0.001  1.000 -0.943 -0.151  0.044
       19  0.99990  -0.016 -0.053  0.001 -0.943  1.000 -0.171  0.057
       20  0.99914   0.096 -0.017 -0.003 -0.151 -0.171  1.000 -0.012
       22  0.99975  -0.004 -0.999 -0.000  0.044  0.057 -0.012  1.000
MINUIT - FIT ONLY 2-CBO
 **********
 **   43 **RES 
 **********
                   PARAMETER    8  phi_CBO RESTORED TO VARIABLE.
                   PARAMETER    4  phi RESTORED TO VARIABLE.
                   PARAMETER    3  A0 RESTORED TO VARIABLE.
                   PARAMETER    1  N0 RESTORED TO VARIABLE.
 **********
 **   44 **FIX            0
 **********
 PARAMETER    0  IS UNDEFINED. IGNORED.
 **********
 **   45 **FIX            1
 **********
 **********
 **   46 **FIX            2
 **********
 PARAMETER    2  IS CONSTANT.   IGNORED.
 **********
 **   47 **FIX            3
 **********
 **********
 **   48 **FIX            4
 **********
 **********
 **   49 **FIX            5
 **********
 PARAMETER    5  IS CONSTANT.   IGNORED.
 **********
 **   50 **FIX            6
 **********
 **********
 **   51 **FIX            7
 **********
 **********
 **   52 **FIX           10
 **********
 PARAMETER   10  IS CONSTANT.   IGNORED.
 **********
 **   53 **FIX           11
 **********
 PARAMETER   11  IS CONSTANT.   IGNORED.
 **********
 **   54 **FIX           12
 **********
 PARAMETER   12  IS CONSTANT.   IGNORED.
 **********
 **   55 **FIX           13
 **********
 PARAMETER   13  IS CONSTANT.   IGNORED.
 **********
 **   56 **FIX           14
 **********
 **********
 **   57 **FIX           15
 **********
 PARAMETER   15  IS CONSTANT.   IGNORED.
 **********
 **   58 **FIX           16
 **********
 PARAMETER   16  IS CONSTANT.   IGNORED.
 **********
 **   59 **MIGRAD
 **********
 START MIGRAD MINIMIZATION.  STRATEGY  1.  CONVERGENCE WHEN EDM .LT. 1.00e-04
 FCN=308.726 FROM MIGRAD    STATUS=INITIATE       10 CALLS         565 TOTAL
                     EDM= unknown      STRATEGY= 1      NO ERROR MATRIX       
  EXT PARAMETER               CURRENT GUESS       STEP         FIRST   
  NO.   NAME      VALUE            ERROR          SIZE      DERIVATIVE 
   1  N0           3.08668e+06     fixed    
   2  tau          6.44002e+01   constant   
   3  A0           3.48233e-01     fixed    
   4  phi          4.13060e+00     fixed    
   5  R           -6.02574e+01   constant   
   6  A_CBO        1.73608e-03     fixed    
   7  w_CBO        2.32670e+00     fixed    
   8  phi_CBO      2.67287e-01   1.40522e+00   1.40522e+00   4.92044e-02
   9  ANx2         2.45054e-04   constant   
  10  pNx2         5.52114e+00   constant   
  11  ANy1         0.00000e+00   constant   
  12  pNy1         0.00000e+00   constant   
  13  w_y          0.00000e+00   constant   
  14  ANy2        -6.79268e-05     fixed    
  15  pNy2         3.05066e+00   constant   
  16  w_vw         1.43134e+01   constant   
  17  LM          -3.45580e-05   constant   
  18  wCBO_expCoeff   1.99076e+02   4.83437e+01  -3.34075e-01  -1.91548e-03
  19  wCBO_expOffset   1.99866e+02   7.28907e+00  -5.50552e-02  -1.27224e-02
  20  wCBO_expT    2.99669e+01   3.63202e-01   1.62966e-02  -8.59103e-02
  21  wCBO_linCoeff   0.00000e+00   constant   
  22  wCBO_const   2.07699e-03   2.37840e-02  -1.24837e-05  -1.59967e+00
 MIGRAD MINIMIZATION HAS CONVERGED.
 MIGRAD WILL VERIFY CONVERGENCE AND ERROR MATRIX.
 FCN=308.725 FROM MIGRAD    STATUS=CONVERGED      77 CALLS         632 TOTAL
                     EDM=6.82474e-05    STRATEGY= 1      ERR MATRIX NOT POS-DEF
  EXT PARAMETER                APPROXIMATE        STEP         FIRST   
  NO.   NAME      VALUE            ERROR          SIZE      DERIVATIVE 
   1  N0           3.08668e+06     fixed    
   2  tau          6.44002e+01   constant   
   3  A0           3.48233e-01     fixed    
   4  phi          4.13060e+00     fixed    
   5  R           -6.02574e+01   constant   
   6  A_CBO        1.73608e-03     fixed    
   7  w_CBO        2.32670e+00     fixed    
   8  phi_CBO      2.21236e-01   1.38537e+00   5.14848e-03  -5.63885e-05
   9  ANx2         2.45054e-04   constant   
  10  pNx2         5.52114e+00   constant   
  11  ANy1         0.00000e+00   constant   
  12  pNy1         0.00000e+00   constant   
  13  w_y          0.00000e+00   constant   
  14  ANy2        -6.79268e-05     fixed    
  15  pNy2         3.05066e+00   constant   
  16  w_vw         1.43134e+01   constant   
  17  LM          -3.45580e-05   constant   
  18  wCBO_expCoeff   1.99076e+02   8.14036e+00   5.81876e-03  -5.11192e-04
  19  wCBO_expOffset   1.99866e+02   1.22605e+00   8.75924e-04  -3.39585e-03
  20  wCBO_expT    2.99669e+01   1.68160e-01   1.29483e-04   4.78220e-02
  21  wCBO_linCoeff   0.00000e+00   constant   
  22  wCBO_const   2.04209e-03   1.31038e-03   4.56420e-06   3.19195e-01
 EXTERNAL ERROR MATRIX.    NDIM=  25    NPAR=  5    ERR DEF=1
  1.919e+00 -8.279e-01 -1.249e-01  4.144e-02  1.377e-03 
 -8.279e-01  6.627e+01 -6.006e+00 -6.043e-01  2.927e-04 
 -1.249e-01 -6.006e+00  1.503e+00 -9.122e-02  4.402e-05 
  4.144e-02 -6.043e-01 -9.122e-02  2.828e-02 -2.522e-05 
  1.377e-03  2.927e-04  4.402e-05 -2.522e-05  1.717e-06 
ERR MATRIX NOT POS-DEF
 PARAMETER  CORRELATION COEFFICIENTS  
       NO.  GLOBAL      8     18     19     20     22
        8  0.90214   1.000 -0.073 -0.074  0.178  0.758
       18  0.99656  -0.073  1.000 -0.602 -0.441  0.027
       19  0.99656  -0.074 -0.602  1.000 -0.442  0.027
       20  0.99601   0.178 -0.441 -0.442  1.000 -0.114
       22  0.91441   0.758  0.027  0.027 -0.114  1.000
 ERR MATRIX NOT POS-DEF
MINUIT - FIT ONLY 1-y
 **********
 **   60 **RES 
 **********
                   PARAMETER   14  ANy2 RESTORED TO VARIABLE.
                   PARAMETER    7  w_CBO RESTORED TO VARIABLE.
                   PARAMETER    6  A_CBO RESTORED TO VARIABLE.
                   PARAMETER    4  phi RESTORED TO VARIABLE.
                   PARAMETER    3  A0 RESTORED TO VARIABLE.
                   PARAMETER    1  N0 RESTORED TO VARIABLE.
 **********
 **   61 **FIX            0
 **********
 PARAMETER    0  IS UNDEFINED. IGNORED.
 **********
 **   62 **FIX            1
 **********
 **********
 **   63 **FIX            2
 **********
 PARAMETER    2  IS CONSTANT.   IGNORED.
 **********
 **   64 **FIX            3
 **********
 **********
 **   65 **FIX            4
 **********
 **********
 **   66 **FIX            5
 **********
 PARAMETER    5  IS CONSTANT.   IGNORED.
 **********
 **   67 **FIX            6
 **********
 **********
 **   68 **FIX            7
 **********
 **********
 **   69 **FIX            8
 **********
 **********
 **   70 **FIX            9
 **********
 PARAMETER    9  IS CONSTANT.   IGNORED.
 **********
 **   71 **FIX           13
 **********
 PARAMETER   13  IS CONSTANT.   IGNORED.
 **********
 **   72 **FIX           14
 **********
 **********
 **   73 **FIX           15
 **********
 PARAMETER   15  IS CONSTANT.   IGNORED.
 **********
 **   74 **FIX           16
 **********
 PARAMETER   16  IS CONSTANT.   IGNORED.
 **********
 **   75 **MIGRAD
 **********
 START MIGRAD MINIMIZATION.  STRATEGY  1.  CONVERGENCE WHEN EDM .LT. 1.00e-04
 FCN=308.725 FROM MIGRAD    STATUS=INITIATE        8 CALLS         640 TOTAL
                     EDM= unknown      STRATEGY= 1      NO ERROR MATRIX       
  EXT PARAMETER               CURRENT GUESS       STEP         FIRST   
  NO.   NAME      VALUE            ERROR          SIZE      DERIVATIVE 
   1  N0           3.08668e+06     fixed    
   2  tau          6.44002e+01   constant   
   3  A0           3.48233e-01     fixed    
   4  phi          4.13060e+00     fixed    
   5  R           -6.02574e+01   constant   
   6  A_CBO        1.73608e-03     fixed    
   7  w_CBO        2.32670e+00     fixed    
   8  phi_CBO      2.21236e-01     fixed    
   9  ANx2         2.45054e-04   constant   
  10  pNx2         5.52114e+00   constant   
  11  ANy1         0.00000e+00   constant   
  12  pNy1         0.00000e+00   constant   
  13  w_y          0.00000e+00   constant   
  14  ANy2        -6.79268e-05     fixed    
  15  pNy2         3.05066e+00   constant   
  16  w_vw         1.43134e+01   constant   
  17  LM          -3.45580e-05   constant   
  18  wCBO_expCoeff   1.99076e+02   8.14036e+00   5.81876e-03  -5.10115e-04
  19  wCBO_expOffset   1.99866e+02   1.22605e+00   8.75924e-04  -3.38634e-03
  20  wCBO_expT    2.99669e+01   1.68160e-01   1.29483e-04   4.78352e-02
  21  wCBO_linCoeff   0.00000e+00   constant   
  22  wCBO_const   2.04209e-03   1.31038e-03   4.56420e-06   3.19706e-01
 MIGRAD MINIMIZATION HAS CONVERGED.
 MIGRAD WILL VERIFY CONVERGENCE AND ERROR MATRIX.
 FCN=308.724 FROM MIGRAD    STATUS=CONVERGED      68 CALLS         700 TOTAL
                     EDM=1.78211e-06    STRATEGY= 1      ERR MATRIX NOT POS-DEF
  EXT PARAMETER                APPROXIMATE        STEP         FIRST   
  NO.   NAME      VALUE            ERROR          SIZE      DERIVATIVE 
   1  N0           3.08668e+06     fixed    
   2  tau          6.44002e+01   constant   
   3  A0           3.48233e-01     fixed    
   4  phi          4.13060e+00     fixed    
   5  R           -6.02574e+01   constant   
   6  A_CBO        1.73608e-03     fixed    
   7  w_CBO        2.32670e+00     fixed    
   8  phi_CBO      2.21236e-01     fixed    
   9  ANx2         2.45054e-04   constant   
  10  pNx2         5.52114e+00   constant   
  11  ANy1         0.00000e+00   constant   
  12  pNy1         0.00000e+00   constant   
  13  w_y          0.00000e+00   constant   
  14  ANy2        -6.79268e-05     fixed    
  15  pNy2         3.05066e+00   constant   
  16  w_vw         1.43134e+01   constant   
  17  LM          -3.45580e-05   constant   
  18  wCBO_expCoeff   1.99175e+02   8.79324e+00   5.81112e-03  -2.22860e-03
  19  wCBO_expOffset   1.99881e+02   1.32379e+00   8.74693e-04  -1.48146e-02
  20  wCBO_expT    2.99623e+01   1.76087e-01   1.29275e-04  -1.03134e-01
  21  wCBO_linCoeff   0.00000e+00   constant   
  22  wCBO_const   2.05009e-03   8.61178e-04   4.56882e-06  -3.54477e+00
 EXTERNAL ERROR MATRIX.    NDIM=  25    NPAR=  4    ERR DEF=1
  7.732e+01 -7.262e+00 -6.646e-01  1.032e-03 
 -7.262e+00  1.752e+00 -1.004e-01  1.557e-04 
 -6.646e-01 -1.004e-01  3.101e-02 -6.169e-05 
  1.032e-03  1.557e-04 -6.169e-05  7.416e-07 
ERR MATRIX NOT POS-DEF
 PARAMETER  CORRELATION COEFFICIENTS  
       NO.  GLOBAL     18     19     20     22
       18  0.99705   1.000 -0.624 -0.429  0.136
       19  0.99706  -0.624  1.000 -0.431  0.137
       20  0.99637  -0.429 -0.431  1.000 -0.407
       22  0.78813   0.136  0.137 -0.407  1.000
 ERR MATRIX NOT POS-DEF
MINUIT - FIT ONLY 2-y
 **********
 **   76 **RES 
 **********
                   PARAMETER   14  ANy2 RESTORED TO VARIABLE.
                   PARAMETER    8  phi_CBO RESTORED TO VARIABLE.
                   PARAMETER    7  w_CBO RESTORED TO VARIABLE.
                   PARAMETER    6  A_CBO RESTORED TO VARIABLE.
                   PARAMETER    4  phi RESTORED TO VARIABLE.
                   PARAMETER    3  A0 RESTORED TO VARIABLE.
                   PARAMETER    1  N0 RESTORED TO VARIABLE.
 **********
 **   77 **FIX            0
 **********
 PARAMETER    0  IS UNDEFINED. IGNORED.
 **********
 **   78 **FIX            1
 **********
 **********
 **   79 **FIX            2
 **********
 PARAMETER    2  IS CONSTANT.   IGNORED.
 **********
 **   80 **FIX            3
 **********
 **********
 **   81 **FIX            4
 **********
 **********
 **   82 **FIX            5
 **********
 PARAMETER    5  IS CONSTANT.   IGNORED.
 **********
 **   83 **FIX            6
 **********
 **********
 **   84 **FIX            7
 **********
 **********
 **   85 **FIX            8
 **********
 **********
 **   86 **FIX            9
 **********
 PARAMETER    9  IS CONSTANT.   IGNORED.
 **********
 **   87 **FIX           10
 **********
 PARAMETER   10  IS CONSTANT.   IGNORED.
 **********
 **   88 **FIX           11
 **********
 PARAMETER   11  IS CONSTANT.   IGNORED.
 **********
 **   89 **FIX           12
 **********
 PARAMETER   12  IS CONSTANT.   IGNORED.
 **********
 **   90 **FIX           16
 **********
 PARAMETER   16  IS CONSTANT.   IGNORED.
 **********
 **   91 **MIGRAD
 **********
 START MIGRAD MINIMIZATION.  STRATEGY  1.  CONVERGENCE WHEN EDM .LT. 1.00e-04
 FCN=308.724 FROM MIGRAD    STATUS=INITIATE       10 CALLS         710 TOTAL
                     EDM= unknown      STRATEGY= 1      NO ERROR MATRIX       
  EXT PARAMETER               CURRENT GUESS       STEP         FIRST   
  NO.   NAME      VALUE            ERROR          SIZE      DERIVATIVE 
   1  N0           3.08668e+06     fixed    
   2  tau          6.44002e+01   constant   
   3  A0           3.48233e-01     fixed    
   4  phi          4.13060e+00     fixed    
   5  R           -6.02574e+01   constant   
   6  A_CBO        1.73608e-03     fixed    
   7  w_CBO        2.32670e+00     fixed    
   8  phi_CBO      2.21236e-01     fixed    
   9  ANx2         2.45054e-04   constant   
  10  pNx2         5.52114e+00   constant   
  11  ANy1         0.00000e+00   constant   
  12  pNy1         0.00000e+00   constant   
  13  w_y          0.00000e+00   constant   
  14  ANy2        -6.79268e-05   1.01276e-03   1.01276e-03   1.01802e-01
  15  pNy2         3.05066e+00   constant   
  16  w_vw         1.43134e+01   constant   
  17  LM          -3.45580e-05   constant   
  18  wCBO_expCoeff   1.99175e+02   8.79324e+00   5.81112e-03  -2.22769e-03
  19  wCBO_expOffset   1.99881e+02   1.32379e+00   8.74693e-04  -1.48061e-02
  20  wCBO_expT    2.99623e+01   1.76087e-01   1.29275e-04  -1.03128e-01
  21  wCBO_linCoeff   0.00000e+00   constant   
  22  wCBO_const   2.05009e-03   8.61178e-04   4.56882e-06  -3.54444e+00
 MIGRAD MINIMIZATION HAS CONVERGED.
 MIGRAD WILL VERIFY CONVERGENCE AND ERROR MATRIX.
 FCN=308.724 FROM MIGRAD    STATUS=CONVERGED      53 CALLS         753 TOTAL
                     EDM=3.09463e-07    STRATEGY= 1      ERR MATRIX NOT POS-DEF
  EXT PARAMETER                APPROXIMATE        STEP         FIRST   
  NO.   NAME      VALUE            ERROR          SIZE      DERIVATIVE 
   1  N0           3.08668e+06     fixed    
   2  tau          6.44002e+01   constant   
   3  A0           3.48233e-01     fixed    
   4  phi          4.13060e+00     fixed    
   5  R           -6.02574e+01   constant   
   6  A_CBO        1.73608e-03     fixed    
   7  w_CBO        2.32670e+00     fixed    
   8  phi_CBO      2.21236e-01     fixed    
   9  ANx2         2.45054e-04   constant   
  10  pNx2         5.52114e+00   constant   
  11  ANy1         0.00000e+00   constant   
  12  pNy1         0.00000e+00   constant   
  13  w_y          0.00000e+00   constant   
  14  ANy2        -6.79416e-05   1.01079e-03   8.70278e-06   6.80351e-02
  15  pNy2         3.05066e+00   constant   
  16  w_vw         1.43134e+01   constant   
  17  LM          -3.45580e-05   constant   
  18  wCBO_expCoeff   1.99175e+02   8.79407e+00   5.80876e-03   2.54995e-04
  19  wCBO_expOffset   1.99881e+02   1.32366e+00   8.73826e-04   1.69518e-03
  20  wCBO_expT    2.99623e+01   1.76084e-01   1.29137e-04   9.35739e-03
  21  wCBO_linCoeff   0.00000e+00   constant   
  22  wCBO_const   2.05023e-03   8.61163e-04   4.56378e-06  -7.31129e-01
 EXTERNAL ERROR MATRIX.    NDIM=  25    NPAR=  5    ERR DEF=1
  1.022e-06  7.420e-06  1.121e-06 -2.680e-07 -5.688e-10 
  7.420e-06  7.734e+01 -7.262e+00 -6.649e-01  1.033e-03 
  1.121e-06 -7.262e+00  1.752e+00 -1.003e-01  1.556e-04 
 -2.680e-07 -6.649e-01 -1.003e-01  3.101e-02 -6.169e-05 
 -5.688e-10  1.033e-03  1.556e-04 -6.169e-05  7.416e-07 
ERR MATRIX NOT POS-DEF
 PARAMETER  CORRELATION COEFFICIENTS  
       NO.  GLOBAL     14     18     19     20     22
       14  0.00397   1.000  0.001  0.001 -0.002 -0.001
       18  0.99705   0.001  1.000 -0.624 -0.429  0.136
       19  0.99706   0.001 -0.624  1.000 -0.430  0.137
       20  0.99637  -0.002 -0.429 -0.430  1.000 -0.407
       22  0.78812  -0.001  0.136  0.137 -0.407  1.000
 ERR MATRIX NOT POS-DEF
MINUIT - FIT ALTOGETHER
 **********
 **   92 **RES 
 **********
                   PARAMETER    8  phi_CBO RESTORED TO VARIABLE.
                   PARAMETER    7  w_CBO RESTORED TO VARIABLE.
                   PARAMETER    6  A_CBO RESTORED TO VARIABLE.
                   PARAMETER    4  phi RESTORED TO VARIABLE.
                   PARAMETER    3  A0 RESTORED TO VARIABLE.
                   PARAMETER    1  N0 RESTORED TO VARIABLE.
 **********
 **   93 **MIGRAD
 **********
 START MIGRAD MINIMIZATION.  STRATEGY  1.  CONVERGENCE WHEN EDM .LT. 1.00e-04
 FCN=308.724 FROM MIGRAD    STATUS=INITIATE       22 CALLS         775 TOTAL
                     EDM= unknown      STRATEGY= 1      NO ERROR MATRIX       
  EXT PARAMETER               CURRENT GUESS       STEP         FIRST   
  NO.   NAME      VALUE            ERROR          SIZE      DERIVATIVE 
   1  N0           3.08668e+06   2.21413e+03   2.21413e+03  -2.65809e-04
   2  tau          6.44002e+01   constant   
   3  A0           3.48233e-01   9.77570e-04   9.77570e-04   4.53986e+02
