 + ++++++++++++++++++++++++++++++++++++++++++++++++++++++++++++++++++++ +
 +                                                                      +
 +           You have chose to blind your fitting according to          +
 +                omega_ref * (1 + (R +/- deltaR) *10^{-6})             +
 +                                                                      +
 + ++++++++++++++++++++++++++++++++++++++++++++++++++++++++++++++++++++ +
In main()...
reading format from /gm2data/zkhechad/run45/envelope/formats/formatB_sBin_constraintOn.txt
pBinTau 	= 0  
pBinPhi 	= 0  
constraintau 	= 1 
includeMopTerm 	= 0    
constrainMop    = 0   
Parameters after format file: pBinTau 0 pBinPhi 0 constraintau 1 includeMopTerm 0 constrainMop 0 c_e_scale 0.000000 
reading cbo reference file (full fit) from /gm2data/zkhechad/cboTemplates/Run4CBOTemplates/fullFits/run4/sBin_constraintOn_cE0.0_seed0_run4_calo2.root
A_CBO 0.007108 w_CBO 2.327171 phi_CBO 2.947562 N0 3111930.391320 R -60.007933 tau 64.411359 
Reading cboRef file /gm2data/zkhechad/cboTemplates/Run4CBOTemplates//cboIsolate/run4_calo2.root
deltaT 164.120000
windowBins = 1100
fitting sliding window 1140 from bin 1343 at 200.375600 to bin 2443 at 364.495600 (1100 bins)

Reading data from /gm2data/cornell/histograms/aMethod/histogram_a_run4.root
fitting cbo isolate
 **********
 **    1 **SET PRINTOUT            1
 **********
 **********
 **    2 **SET NOWARNINGS 
 **********
 PARAMETER DEFINITIONS:
    NO.   NAME         VALUE      STEP SIZE      LIMITS
     1 A_CBO        7.10761e-03  1.00000e-05     no limits
     2 w_CBO        2.32717e+00  1.00000e-02    2.00000e+00  3.00000e+00
     3 phi_CBO      2.94756e+00  1.00000e-02    0.00000e+00  6.28319e+00
 **********
 **    3 **MIGRAD
 **********
 FIRST CALL TO USER FUNCTION AT NEW START POINT, WITH IFLAG=4.
 START MIGRAD MINIMIZATION.  STRATEGY  1.  CONVERGENCE WHEN EDM .LT. 1.00e-04
 FCN=0.0285844 FROM MIGRAD    STATUS=INITIATE       12 CALLS          13 TOTAL
                     EDM= unknown      STRATEGY= 1      NO ERROR MATRIX       
  EXT PARAMETER               CURRENT GUESS       STEP         FIRST   
  NO.   NAME      VALUE            ERROR          SIZE      DERIVATIVE 
   1  A_CBO        7.10761e-03   1.00000e-05   1.00000e-05   5.40142e+00
   2  w_CBO        2.32717e+00   1.00000e-02   2.13160e-02   2.92900e-01
   3  phi_CBO      2.94756e+00   1.00000e-02   3.18919e-03  -5.84367e-03
 MIGRAD MINIMIZATION HAS CONVERGED.
 MIGRAD WILL VERIFY CONVERGENCE AND ERROR MATRIX.
 COVARIANCE MATRIX CALCULATED SUCCESSFULLY
 FCN=0.0152784 FROM MIGRAD    STATUS=CONVERGED      49 CALLS          50 TOTAL
                     EDM=8.0805e-05    STRATEGY= 1      ERROR MATRIX ACCURATE 
  EXT PARAMETER                                   STEP         FIRST   
  NO.   NAME      VALUE            ERROR          SIZE      DERIVATIVE 
   1  A_CBO        2.17810e-03   4.33433e-02   2.09955e-05  -3.45808e-02
   2  w_CBO        2.32691e+00   3.61094e-01   7.22933e-05   6.61414e-03
   3  phi_CBO      2.98926e+00   4.29394e+00   3.03946e-03   1.78769e-04
 EXTERNAL ERROR MATRIX.    NDIM=  25    NPAR=  3    ERR DEF=1
  1.879e-03 -3.139e-03 -8.807e-01 
 -3.139e-03  1.698e-01  4.703e+01 
 -8.807e-01  4.703e+01  1.340e+04 
 PARAMETER  CORRELATION COEFFICIENTS  
       NO.  GLOBAL      1      2      3
        1  0.17625   1.000 -0.176 -0.176
        2  0.98584  -0.176  1.000  0.986
        3  0.98584  -0.176  0.986  1.000
setting A_CBO=0.002178 w_CBO=2.326911, phi_CBO=2.989260
done fitting cbo isolate
 **********
 **    1 **SET PRINTOUT            1
 **********
 **********
 **    2 **SET NOWARNINGS 
 **********
 PARAMETER DEFINITIONS:
    NO.   NAME         VALUE      STEP SIZE      LIMITS
     1 N0           3.11193e+06  1.00000e+02     no limits
     2 tau          6.44114e+01  constant
     3 A0           3.64516e-01  1.00000e-04     no limits
     4 phi          4.11813e+00  1.00000e-02     no limits
     5 R           -6.00079e+01  constant
     6 A_CBO        2.17810e-03  1.00000e-05     no limits
     7 w_CBO        2.32691e+00  1.00000e-03     no limits
     8 phi_CBO      2.98926e+00  1.00000e-04     no limits
     9 ANx2         3.40456e-04  constant
    10 pNx2         3.19484e+00  constant
    11 ANy1         0.00000e+00  constant
    12 pNy1         0.00000e+00  constant
    13 w_y          0.00000e+00  constant
    14 ANy2         1.04941e-02  1.00000e-04     no limits
    15 pNy2         5.11372e+00  constant
    16 w_vw         1.43155e+01  constant
    17 LM           3.07992e-04  constant
    18 wCBO_expCoeff   2.00000e+02  1.00000e+00     no limits
    19 wCBO_expOffset   2.00000e+02  1.00000e+00     no limits
    20 wCBO_expT    3.00000e+01  1.00000e+00     no limits
    21 wCBO_linCoeff   0.00000e+00  constant
    22 wCBO_const   0.00000e+00  1.00000e-02     no limits
MINUIT - FIT ONLY WIGGLE
 **********
 **    3 **FIX            5
 **********
 PARAMETER    5  IS CONSTANT.   IGNORED.
 **********
 **    4 **FIX            6
 **********
 **********
 **    5 **FIX            7
 **********
 **********
 **    6 **FIX            8
 **********
 **********
 **    7 **FIX            9
 **********
 PARAMETER    9  IS CONSTANT.   IGNORED.
 **********
 **    8 **FIX           10
 **********
 PARAMETER   10  IS CONSTANT.   IGNORED.
 **********
 **    9 **FIX           11
 **********
 PARAMETER   11  IS CONSTANT.   IGNORED.
 **********
 **   10 **FIX           12
 **********
 PARAMETER   12  IS CONSTANT.   IGNORED.
 **********
 **   11 **FIX           13
 **********
 PARAMETER   13  IS CONSTANT.   IGNORED.
 **********
 **   12 **FIX           14
 **********
 **********
 **   13 **FIX           15
 **********
 PARAMETER   15  IS CONSTANT.   IGNORED.
 **********
 **   14 **FIX           16
 **********
 PARAMETER   16  IS CONSTANT.   IGNORED.
 **********
 **   15 **MIGRAD
 **********
 FIRST CALL TO USER FUNCTION AT NEW START POINT, WITH IFLAG=4.
 START MIGRAD MINIMIZATION.  STRATEGY  1.  CONVERGENCE WHEN EDM .LT. 1.00e-04
 FCN=2620.54 FROM MIGRAD    STATUS=INITIATE       34 CALLS          35 TOTAL
                     EDM= unknown      STRATEGY= 1      NO ERROR MATRIX       
  EXT PARAMETER               CURRENT GUESS       STEP         FIRST   
  NO.   NAME      VALUE            ERROR          SIZE      DERIVATIVE 
   1  N0           3.11193e+06   1.00000e+02   1.00000e+02  -8.86367e-04
   2  tau          6.44114e+01   constant   
   3  A0           3.64516e-01   1.00000e-04   1.00000e-04   9.72886e+03
   4  phi          4.11813e+00   1.00000e-02   1.00000e-02  -3.06749e+02
   5  R           -6.00079e+01   constant   
   6  A_CBO        2.17810e-03     fixed    
   7  w_CBO        2.32691e+00     fixed    
   8  phi_CBO      2.98926e+00     fixed    
   9  ANx2         3.40456e-04   constant   
  10  pNx2         3.19484e+00   constant   
  11  ANy1         0.00000e+00   constant   
  12  pNy1         0.00000e+00   constant   
  13  w_y          0.00000e+00   constant   
  14  ANy2         1.04941e-02     fixed    
  15  pNy2         5.11372e+00   constant   
  16  w_vw         1.43155e+01   constant   
  17  LM           3.07992e-04   constant   
  18  wCBO_expCoeff   2.00000e+02   1.00000e+00   1.00000e+00  -6.76820e+03
  19  wCBO_expOffset   2.00000e+02   1.00000e+00   1.00000e+00  -4.02099e+04
  20  wCBO_expT    3.00000e+01   1.00000e+00   1.00000e+00  -2.90138e+04
  21  wCBO_linCoeff   0.00000e+00   constant   
  22  wCBO_const   0.00000e+00   1.00000e-02   1.00000e-02  -9.00859e+03
 MIGRAD FAILS TO FIND IMPROVEMENT
 COVARIANCE MATRIX CALCULATED SUCCESSFULLY
 FCN=2589.86 FROM HESSE     STATUS=OK             56 CALLS         222 TOTAL
                     EDM=7.31992e-06    STRATEGY= 1      ERROR MATRIX ACCURATE 
  EXT PARAMETER                                   STEP         FIRST   
  NO.   NAME      VALUE            ERROR          SIZE      DERIVATIVE 
   1  N0           3.11211e+06   4.94677e+02   1.22092e+01   1.47835e-06
   2  tau          6.44114e+01   constant   
   3  A0           3.64226e-01   2.10534e-04   5.21876e-06   8.69772e+00
   4  phi          4.11813e+00   6.04636e-04   1.49104e-05  -3.76016e+00
   5  R           -6.00079e+01   constant   
   6  A_CBO        2.17810e-03     fixed    
   7  w_CBO        2.32691e+00     fixed    
   8  phi_CBO      2.98926e+00     fixed    
   9  ANx2         3.40456e-04   constant   
  10  pNx2         3.19484e+00   constant   
  11  ANy1         0.00000e+00   constant   
  12  pNy1         0.00000e+00   constant   
  13  w_y          0.00000e+00   constant   
  14  ANy2         1.04941e-02     fixed    
  15  pNy2         5.11372e+00   constant   
  16  w_vw         1.43155e+01   constant   
  17  LM           3.07992e-04   constant   
  18  wCBO_expCoeff   2.00003e+02   2.20251e-03   9.53687e-05   4.20537e+00
  19  wCBO_expOffset   2.00000e+02   3.27656e-04   9.53675e-05   2.66169e+01
  20  wCBO_expT    3.00016e+01   3.28685e-04   1.43059e-05   1.90566e+01
  21  wCBO_linCoeff   0.00000e+00   constant   
  22  wCBO_const  -2.71092e-03   5.60073e-04   7.31978e-06   8.15851e+00
 MIGRAD FAILS TO FIND IMPROVEMENT
 MIGRAD TERMINATED WITHOUT CONVERGENCE.
 FCN=2589.86 FROM MIGRAD    STATUS=FAILED        247 CALLS         248 TOTAL
                     EDM=0.000484489    STRATEGY= 1  ERROR MATRIX UNCERTAINTY   0.4 per cent
  EXT PARAMETER                APPROXIMATE        STEP         FIRST   
  NO.   NAME      VALUE            ERROR          SIZE      DERIVATIVE 
   1  N0           3.11211e+06   4.98280e+02  -0.00000e+00   3.33462e-08
   2  tau          6.44114e+01   constant   
   3  A0           3.64226e-01   2.17216e-04  -0.00000e+00  -9.76511e-02
   4  phi          4.11813e+00   6.22634e-04   0.00000e+00  -9.60066e-03
   5  R           -6.00079e+01   constant   
   6  A_CBO        2.17810e-03     fixed    
   7  w_CBO        2.32691e+00     fixed    
   8  phi_CBO      2.98926e+00     fixed    
   9  ANx2         3.40456e-04   constant   
  10  pNx2         3.19484e+00   constant   
  11  ANy1         0.00000e+00   constant   
  12  pNy1         0.00000e+00   constant   
  13  w_y          0.00000e+00   constant   
  14  ANy2         1.04941e-02     fixed    
  15  pNy2         5.11372e+00   constant   
  16  w_vw         1.43155e+01   constant   
  17  LM           3.07992e-04   constant   
  18  wCBO_expCoeff   2.00003e+02   1.21066e-03  -0.00000e+00  -5.88569e-01
  19  wCBO_expOffset   2.00000e+02   4.42005e-05   0.00000e+00  -1.37887e+02
  20  wCBO_expT    3.00016e+01   3.59287e-04  -0.00000e+00   1.22197e+00
  21  wCBO_linCoeff   0.00000e+00   constant   
  22  wCBO_const  -2.71034e-03   5.81344e-04   0.00000e+00  -4.79916e-02
 EXTERNAL ERROR MATRIX.    NDIM=  25    NPAR=  7    ERR DEF=1
  2.483e+05  6.766e-03 -9.860e-03  3.667e-02 -1.939e-03  2.204e-03  6.708e-03 
  6.766e-03  4.718e-08 -7.643e-09  3.867e-08 -1.758e-09  6.819e-09 -1.109e-08 
 -9.860e-03 -7.643e-09  3.877e-07 -4.304e-08  4.698e-09 -4.120e-09  3.681e-09 
  3.667e-02  3.867e-08 -4.304e-08  1.466e-06 -2.837e-08  1.169e-07 -3.622e-07 
 -1.939e-03 -1.758e-09  4.698e-09 -2.837e-08  1.954e-09 -3.711e-09  4.809e-09 
  2.204e-03  6.819e-09 -4.120e-09  1.169e-07 -3.711e-09  1.291e-07 -1.614e-07 
  6.708e-03 -1.109e-08  3.681e-09 -3.622e-07  4.809e-09 -1.614e-07  3.380e-07 
ERR MATRIX APPROXIMATE
 PARAMETER  CORRELATION COEFFICIENTS  
       NO.  GLOBAL      1      3      4     18     19     20     22
        1  0.12867   1.000  0.063 -0.032  0.061 -0.088  0.012  0.023
        3  0.20300   0.063  1.000 -0.057  0.147 -0.183  0.087 -0.088
        4  0.17966  -0.032 -0.057  1.000 -0.057  0.171 -0.018  0.010
       18  0.73177   0.061  0.147 -0.057  1.000 -0.530  0.269 -0.515
       19  0.62260  -0.088 -0.183  0.171 -0.530  1.000 -0.234  0.187
       20  0.81208   0.012  0.087 -0.018  0.269 -0.234  1.000 -0.773
       22  0.85511   0.023 -0.088  0.010 -0.515  0.187 -0.773  1.000
 ERR MATRIX APPROXIMATE
MINUIT - FIT ONLY 1-CBO + other amplitudes 
 **********
 **   16 **RES 
 **********
                   PARAMETER   14  ANy2 RESTORED TO VARIABLE.
                   PARAMETER    8  phi_CBO RESTORED TO VARIABLE.
                   PARAMETER    7  w_CBO RESTORED TO VARIABLE.
                   PARAMETER    6  A_CBO RESTORED TO VARIABLE.
 **********
 **   17 **FIX            0
 **********
 PARAMETER    0  IS UNDEFINED. IGNORED.
 **********
 **   18 **FIX            1
 **********
 **********
 **   19 **FIX            2
 **********
 PARAMETER    2  IS CONSTANT.   IGNORED.
 **********
 **   20 **FIX            3
 **********
 **********
 **   21 **FIX            4
 **********
 **********
 **   22 **FIX            9
 **********
 PARAMETER    9  IS CONSTANT.   IGNORED.
 **********
 **   23 **FIX           11
 **********
 PARAMETER   11  IS CONSTANT.   IGNORED.
 **********
 **   24 **FIX           12
 **********
 PARAMETER   12  IS CONSTANT.   IGNORED.
 **********
 **   25 **FIX           14
 **********
 **********
 **   26 **FIX           15
 **********
 PARAMETER   15  IS CONSTANT.   IGNORED.
 **********
 **   27 **FIX           16
 **********
 PARAMETER   16  IS CONSTANT.   IGNORED.
 **********
 **   28 **MIGRAD
 **********
 START MIGRAD MINIMIZATION.  STRATEGY  1.  CONVERGENCE WHEN EDM .LT. 1.00e-04
 FCN=2589.86 FROM MIGRAD    STATUS=INITIATE       22 CALLS         270 TOTAL
                     EDM= unknown      STRATEGY= 1      NO ERROR MATRIX       
  EXT PARAMETER               CURRENT GUESS       STEP         FIRST   
  NO.   NAME      VALUE            ERROR          SIZE      DERIVATIVE 
   1  N0           3.11211e+06     fixed    
   2  tau          6.44114e+01   constant   
   3  A0           3.64226e-01     fixed    
   4  phi          4.11813e+00     fixed    
   5  R           -6.00079e+01   constant   
   6  A_CBO        2.17810e-03   1.00000e-05   1.00000e-05   6.18424e+04
   7  w_CBO        2.32691e+00   1.00000e-03   1.00000e-03  -5.13419e+01
   8  phi_CBO      2.98926e+00   1.00000e-04   1.00000e-04  -7.31691e+00
   9  ANx2         3.40456e-04   constant   
  10  pNx2         3.19484e+00   constant   
  11  ANy1         0.00000e+00   constant   
  12  pNy1         0.00000e+00   constant   
  13  w_y          0.00000e+00   constant   
  14  ANy2         1.04941e-02     fixed    
  15  pNy2         5.11372e+00   constant   
  16  w_vw         1.43155e+01   constant   
  17  LM           3.07992e-04   constant   
  18  wCBO_expCoeff   2.00003e+02   1.21066e-03  -0.00000e+00  -5.88569e-01
  19  wCBO_expOffset   2.00000e+02   4.42005e-05   0.00000e+00  -1.37887e+02
  20  wCBO_expT    3.00016e+01   3.59287e-04  -0.00000e+00   1.22197e+00
  21  wCBO_linCoeff   0.00000e+00   constant   
  22  wCBO_const  -2.71034e-03   5.81344e-04   0.00000e+00  -4.80010e-02
 MIGRAD FAILS TO FIND IMPROVEMENT
 COVARIANCE MATRIX CALCULATED SUCCESSFULLY
 FCN=2540.32 FROM HESSE     STATUS=OK             56 CALLS         555 TOTAL
                     EDM=2.18945e-05    STRATEGY= 1      ERROR MATRIX ACCURATE 
  EXT PARAMETER                                   STEP         FIRST   
  NO.   NAME      VALUE            ERROR          SIZE      DERIVATIVE 
   1  N0           3.11211e+06     fixed    
   2  tau          6.44114e+01   constant   
   3  A0           3.64226e-01     fixed    
   4  phi          4.11813e+00     fixed    
   5  R           -6.00079e+01   constant   
   6  A_CBO        6.68613e-04   2.23463e-04   5.44162e-06  -2.24660e+01
   7  w_CBO        2.32691e+00   6.19139e-05   1.10956e-06   6.13269e+02
   8  phi_CBO      3.80761e+00   6.29297e-01   8.35707e-03  -9.44416e-03
   9  ANx2         3.40456e-04   constant   
  10  pNx2         3.19484e+00   constant   
  11  ANy1         0.00000e+00   constant   
  12  pNy1         0.00000e+00   constant   
  13  w_y          0.00000e+00   constant   
  14  ANy2         1.04941e-02     fixed    
  15  pNy2         5.11372e+00   constant   
  16  w_vw         1.43155e+01   constant   
  17  LM           3.07992e-04   constant   
  18  wCBO_expCoeff   2.00002e+02   5.33112e-03   9.53686e-05   7.09120e+00
  19  wCBO_expOffset   2.00000e+02   3.88625e-04   9.53675e-05   4.56768e+01
  20  wCBO_expT    3.00014e+01   7.36100e-04   1.43058e-05   1.16916e+01
  21  wCBO_linCoeff   0.00000e+00   constant   
  22  wCBO_const  -1.18908e-03   1.88667e-03   9.78890e-06   8.79833e+00
 MIGRAD FAILS TO FIND IMPROVEMENT
 MIGRAD TERMINATED WITHOUT CONVERGENCE.
 FCN=2540.32 FROM MIGRAD    STATUS=FAILED        333 CALLS         581 TOTAL
                     EDM=0.000885523    STRATEGY= 1  ERROR MATRIX UNCERTAINTY   0.9 per cent
  EXT PARAMETER                APPROXIMATE        STEP         FIRST   
  NO.   NAME      VALUE            ERROR          SIZE      DERIVATIVE 
   1  N0           3.11211e+06     fixed    
   2  tau          6.44114e+01   constant   
   3  A0           3.64226e-01     fixed    
   4  phi          4.11813e+00     fixed    
   5  R           -6.00079e+01   constant   
   6  A_CBO        6.69172e-04   2.37010e-04   0.00000e+00   5.24606e-01
   7  w_CBO        2.32691e+00   6.08761e-05  -0.00000e+00  -7.92510e+01
   8  phi_CBO      3.80850e+00   6.41319e-01   0.00000e+00   2.26704e-04
   9  ANx2         3.40456e-04   constant   
  10  pNx2         3.19484e+00   constant   
  11  ANy1         0.00000e+00   constant   
  12  pNy1         0.00000e+00   constant   
  13  w_y          0.00000e+00   constant   
  14  ANy2         1.04941e-02     fixed    
  15  pNy2         5.11372e+00   constant   
  16  w_vw         1.43155e+01   constant   
  17  LM           3.07992e-04   constant   
  18  wCBO_expCoeff   2.00002e+02   5.23379e-03  -0.00000e+00  -9.06159e-01
  19  wCBO_expOffset   2.00000e+02   7.49797e-05   0.00000e+00  -1.58533e+02
  20  wCBO_expT    3.00014e+01   7.35744e-04  -0.00000e+00  -1.48203e+00
  21  wCBO_linCoeff   0.00000e+00   constant   
  22  wCBO_const  -1.18685e-03   1.90452e-03   0.00000e+00  -6.08771e-01
 EXTERNAL ERROR MATRIX.    NDIM=  25    NPAR=  7    ERR DEF=1
  5.617e-08 -3.737e-10  2.852e-07 -3.214e-08  3.516e-09  1.768e-08 -2.743e-08 
 -3.737e-10  3.706e-09 -3.295e-06 -2.958e-07 -4.886e-10  2.968e-09 -1.449e-08 
  2.852e-07 -3.295e-06  4.113e-01 -2.912e-04  7.560e-06 -2.743e-04  9.433e-04 
 -3.214e-08 -2.958e-07 -2.912e-04  2.739e-05 -3.860e-08  2.618e-07 -1.011e-06 
  3.516e-09 -4.886e-10  7.560e-06 -3.860e-08  5.622e-09 -4.760e-09  2.257e-08 
  1.768e-08  2.968e-09 -2.743e-04  2.618e-07 -4.760e-09  5.413e-07 -1.260e-06 
 -2.743e-08 -1.449e-08  9.433e-04 -1.011e-06  2.257e-08 -1.260e-06  3.627e-06 
ERR MATRIX APPROXIMATE
 PARAMETER  CORRELATION COEFFICIENTS  
       NO.  GLOBAL      6      7      8     18     19     20     22
        6  0.26004   1.000 -0.026  0.002 -0.026  0.198  0.101 -0.061
        7  0.98172  -0.026  1.000 -0.084 -0.928 -0.107  0.066 -0.125
        8  0.84363   0.002 -0.084  1.000 -0.087  0.157 -0.581  0.772
       18  0.98138  -0.026 -0.928 -0.087  1.000 -0.098  0.068 -0.101
       19  0.64426   0.198 -0.107  0.157 -0.098  1.000 -0.086  0.158
       20  0.95130   0.101  0.066 -0.581  0.068 -0.086  1.000 -0.899
       22  0.97728  -0.061 -0.125  0.772 -0.101  0.158 -0.899  1.000
 ERR MATRIX APPROXIMATE
MINUIT - FIT ONLY 1-CBO
 **********
 **   29 **RES 
 **********
                   PARAMETER   14  ANy2 RESTORED TO VARIABLE.
                   PARAMETER    4  phi RESTORED TO VARIABLE.
                   PARAMETER    3  A0 RESTORED TO VARIABLE.
                   PARAMETER    1  N0 RESTORED TO VARIABLE.
 **********
 **   30 **FIX            0
 **********
 PARAMETER    0  IS UNDEFINED. IGNORED.
 **********
 **   31 **FIX            1
 **********
 **********
 **   32 **FIX            2
 **********
 PARAMETER    2  IS CONSTANT.   IGNORED.
 **********
 **   33 **FIX            3
 **********
 **********
 **   34 **FIX            4
 **********
 **********
 **   35 **FIX            8
 **********
 **********
 **   36 **FIX            9
 **********
 PARAMETER    9  IS CONSTANT.   IGNORED.
 **********
 **   37 **FIX           11
 **********
 PARAMETER   11  IS CONSTANT.   IGNORED.
 **********
 **   38 **FIX           12
 **********
 PARAMETER   12  IS CONSTANT.   IGNORED.
 **********
 **   39 **FIX           13
 **********
 PARAMETER   13  IS CONSTANT.   IGNORED.
 **********
 **   40 **FIX           15
 **********
 PARAMETER   15  IS CONSTANT.   IGNORED.
 **********
 **   41 **FIX           16
 **********
 PARAMETER   16  IS CONSTANT.   IGNORED.
 **********
 **   42 **MIGRAD
 **********
 START MIGRAD MINIMIZATION.  STRATEGY  1.  CONVERGENCE WHEN EDM .LT. 1.00e-04
 FCN=2540.32 FROM MIGRAD    STATUS=INITIATE       16 CALLS         597 TOTAL
                     EDM= unknown      STRATEGY= 1      NO ERROR MATRIX       
  EXT PARAMETER               CURRENT GUESS       STEP         FIRST   
  NO.   NAME      VALUE            ERROR          SIZE      DERIVATIVE 
   1  N0           3.11211e+06     fixed    
   2  tau          6.44114e+01   constant   
   3  A0           3.64226e-01     fixed    
   4  phi          4.11813e+00     fixed    
   5  R           -6.00079e+01   constant   
   6  A_CBO        6.69172e-04   2.37010e-04   0.00000e+00   5.24606e-01
   7  w_CBO        2.32691e+00   6.08761e-05  -0.00000e+00  -7.92510e+01
   8  phi_CBO      3.80850e+00     fixed    
   9  ANx2         3.40456e-04   constant   
  10  pNx2         3.19484e+00   constant   
  11  ANy1         0.00000e+00   constant   
  12  pNy1         0.00000e+00   constant   
  13  w_y          0.00000e+00   constant   
  14  ANy2         1.04941e-02   1.00000e-04   1.00000e-04   4.09076e+05
  15  pNy2         5.11372e+00   constant   
  16  w_vw         1.43155e+01   constant   
  17  LM           3.07992e-04   constant   
  18  wCBO_expCoeff   2.00002e+02   5.23379e-03  -0.00000e+00  -9.06159e-01
  19  wCBO_expOffset   2.00000e+02   7.49797e-05   0.00000e+00  -1.58533e+02
  20  wCBO_expT    3.00014e+01   7.35744e-04  -0.00000e+00  -1.48203e+00
  21  wCBO_linCoeff   0.00000e+00   constant   
  22  wCBO_const  -1.18685e-03   1.90452e-03   0.00000e+00  -6.08754e-01
 MIGRAD FAILS TO FIND IMPROVEMENT
 COVARIANCE MATRIX CALCULATED SUCCESSFULLY
 FCN=427.172 FROM HESSE     STATUS=OK             58 CALLS         932 TOTAL
                     EDM=0.000206605    STRATEGY= 1      ERROR MATRIX ACCURATE 
  EXT PARAMETER                                   STEP         FIRST   
  NO.   NAME      VALUE            ERROR          SIZE      DERIVATIVE 
   1  N0           3.11211e+06     fixed    
   2  tau          6.44114e+01   constant   
   3  A0           3.64226e-01     fixed    
   4  phi          4.11813e+00     fixed    
   5  R           -6.00079e+01   constant   
   6  A_CBO        1.35461e-04   2.50226e-04   2.27846e-06   2.84898e+01
   7  w_CBO        2.32688e+00   7.40561e-05   1.10954e-06   5.85249e+01
   8  phi_CBO      3.80850e+00     fixed    
   9  ANx2         3.40456e-04   constant   
  10  pNx2         3.19484e+00   constant   
  11  ANy1         0.00000e+00   constant   
  12  pNy1         0.00000e+00   constant   
  13  w_y          0.00000e+00   constant   
  14  ANy2         1.62653e-04   2.24086e-04   2.26178e-06  -5.14674e+00
  15  pNy2         5.11372e+00   constant   
  16  w_vw         1.43155e+01   constant   
  17  LM           3.07992e-04   constant   
  18  wCBO_expCoeff   1.99999e+02   6.37482e-03   9.53672e-05   7.41915e-01
  19  wCBO_expOffset   2.00000e+02   4.54626e-04   9.53673e-05  -2.25923e+01
  20  wCBO_expT    3.00013e+01   7.98340e-04   1.43057e-05   2.33623e+00
  21  wCBO_linCoeff   0.00000e+00   constant   
  22  wCBO_const  -1.81934e-03   1.89439e-03   5.48433e-06  -1.22121e+01
 MIGRAD FAILS TO FIND IMPROVEMENT
 MIGRAD TERMINATED WITHOUT CONVERGENCE.
 FCN=427.172 FROM MIGRAD    STATUS=FAILED        379 CALLS         960 TOTAL
                     EDM=0.00057015    STRATEGY= 1  ERROR MATRIX UNCERTAINTY  11.0 per cent
  EXT PARAMETER                APPROXIMATE        STEP         FIRST   
  NO.   NAME      VALUE            ERROR          SIZE      DERIVATIVE 
   1  N0           3.11211e+06     fixed    
   2  tau          6.44114e+01   constant   
   3  A0           3.64226e-01     fixed    
   4  phi          4.11813e+00     fixed    
   5  R           -6.00079e+01   constant   
   6  A_CBO        1.35139e-04   2.51839e-04  -0.00000e+00  -2.27149e+00
   7  w_CBO        2.32687e+00   7.88061e-05  -0.00000e+00   1.88585e+02
   8  phi_CBO      3.80850e+00     fixed    
   9  ANx2         3.40456e-04   constant   
  10  pNx2         3.19484e+00   constant   
  11  ANy1         0.00000e+00   constant   
  12  pNy1         0.00000e+00   constant   
  13  w_y          0.00000e+00   constant   
  14  ANy2         1.62726e-04   2.24272e-04   0.00000e+00  -1.31368e-01
  15  pNy2         5.11372e+00   constant   
  16  w_vw         1.43155e+01   constant   
  17  LM           3.07992e-04   constant   
  18  wCBO_expCoeff   1.99999e+02   6.80078e-03  -0.00000e+00   2.18865e+00
  19  wCBO_expOffset   2.00000e+02   5.05178e-04   0.00000e+00  -9.25081e+01
  20  wCBO_expT    3.00013e+01   1.49871e-03  -0.00000e+00   1.80806e+00
  21  wCBO_linCoeff   0.00000e+00   constant   
  22  wCBO_const  -1.79406e-03   3.76070e-03   0.00000e+00   2.40176e+00
 EXTERNAL ERROR MATRIX.    NDIM=  25    NPAR=  7    ERR DEF=1
  6.342e-08  1.605e-09  4.862e-11  1.410e-07 -2.110e-08  2.042e-08 -3.911e-08 
  1.605e-09  6.210e-09 -2.547e-10 -3.427e-07 -1.577e-08  4.311e-08 -1.203e-07 
  4.862e-11 -2.547e-10  5.030e-08 -2.262e-08  5.267e-09 -6.533e-09  2.223e-08 
  1.410e-07 -3.427e-07 -2.262e-08  4.625e-05 -1.385e-06  3.804e-06 -1.022e-05 
 -2.110e-08 -1.577e-08  5.267e-09 -1.385e-06  2.552e-07 -7.259e-07  1.858e-06 
  2.042e-08  4.311e-08 -6.533e-09  3.804e-06 -7.259e-07  2.246e-06 -5.440e-06 
 -3.911e-08 -1.203e-07  2.223e-08 -1.022e-05  1.858e-06 -5.440e-06  1.414e-05 
ERR MATRIX APPROXIMATE
 PARAMETER  CORRELATION COEFFICIENTS  
       NO.  GLOBAL      6      7     14     18     19     20     22
        6  0.72792   1.000  0.081  0.001  0.082 -0.166  0.054 -0.041
        7  0.98513   0.081  1.000 -0.014 -0.639 -0.396  0.365 -0.406
       14  0.14355   0.001 -0.014  1.000 -0.015  0.046 -0.019  0.026
       18  0.98492   0.082 -0.639 -0.015  1.000 -0.403  0.373 -0.400
       19  0.98762  -0.166 -0.396  0.046 -0.403  1.000 -0.959  0.978
       20  0.98278   0.054  0.365 -0.019  0.373 -0.959  1.000 -0.965
       22  0.99472  -0.041 -0.406  0.026 -0.400  0.978 -0.965  1.000
 ERR MATRIX APPROXIMATE
MINUIT - FIT ONLY 2-CBO
 **********
 **   43 **RES 
 **********
                   PARAMETER    8  phi_CBO RESTORED TO VARIABLE.
                   PARAMETER    4  phi RESTORED TO VARIABLE.
                   PARAMETER    3  A0 RESTORED TO VARIABLE.
                   PARAMETER    1  N0 RESTORED TO VARIABLE.
 **********
 **   44 **FIX            0
 **********
 PARAMETER    0  IS UNDEFINED. IGNORED.
 **********
 **   45 **FIX            1
 **********
 **********
 **   46 **FIX            2
 **********
 PARAMETER    2  IS CONSTANT.   IGNORED.
 **********
 **   47 **FIX            3
 **********
 **********
 **   48 **FIX            4
 **********
 **********
 **   49 **FIX            5
 **********
 PARAMETER    5  IS CONSTANT.   IGNORED.
 **********
 **   50 **FIX            6
 **********
 **********
 **   51 **FIX            7
 **********
 **********
 **   52 **FIX           10
 **********
 PARAMETER   10  IS CONSTANT.   IGNORED.
 **********
 **   53 **FIX           11
 **********
 PARAMETER   11  IS CONSTANT.   IGNORED.
 **********
 **   54 **FIX           12
 **********
 PARAMETER   12  IS CONSTANT.   IGNORED.
 **********
 **   55 **FIX           13
 **********
 PARAMETER   13  IS CONSTANT.   IGNORED.
 **********
 **   56 **FIX           14
 **********
 **********
 **   57 **FIX           15
 **********
 PARAMETER   15  IS CONSTANT.   IGNORED.
 **********
 **   58 **FIX           16
 **********
 PARAMETER   16  IS CONSTANT.   IGNORED.
 **********
 **   59 **MIGRAD
 **********
 START MIGRAD MINIMIZATION.  STRATEGY  1.  CONVERGENCE WHEN EDM .LT. 1.00e-04
 FCN=427.172 FROM MIGRAD    STATUS=INITIATE       12 CALLS         972 TOTAL
                     EDM= unknown      STRATEGY= 1      NO ERROR MATRIX       
  EXT PARAMETER               CURRENT GUESS       STEP         FIRST   
  NO.   NAME      VALUE            ERROR          SIZE      DERIVATIVE 
   1  N0           3.11211e+06     fixed    
   2  tau          6.44114e+01   constant   
   3  A0           3.64226e-01     fixed    
   4  phi          4.11813e+00     fixed    
   5  R           -6.00079e+01   constant   
   6  A_CBO        1.35139e-04     fixed    
   7  w_CBO        2.32687e+00     fixed    
   8  phi_CBO      3.80850e+00   6.41319e-01   6.41319e-01   1.65839e+00
   9  ANx2         3.40456e-04   constant   
  10  pNx2         3.19484e+00   constant   
  11  ANy1         0.00000e+00   constant   
  12  pNy1         0.00000e+00   constant   
  13  w_y          0.00000e+00   constant   
  14  ANy2         1.62726e-04     fixed    
  15  pNy2         5.11372e+00   constant   
  16  w_vw         1.43155e+01   constant   
  17  LM           3.07992e-04   constant   
  18  wCBO_expCoeff   1.99999e+02   6.80078e-03  -0.00000e+00   2.18865e+00
  19  wCBO_expOffset   2.00000e+02   5.05178e-04   0.00000e+00  -9.25081e+01
  20  wCBO_expT    3.00013e+01   1.49871e-03  -0.00000e+00   1.80806e+00
  21  wCBO_linCoeff   0.00000e+00   constant   
  22  wCBO_const  -1.79406e-03   3.76070e-03   0.00000e+00   2.40175e+00
 MIGRAD MINIMIZATION HAS CONVERGED.
 FCN=426.024 FROM MIGRAD    STATUS=CONVERGED     102 CALLS        1062 TOTAL
                     EDM=9.26674e-06    STRATEGY= 1  ERROR MATRIX UNCERTAINTY   2.3 per cent
  EXT PARAMETER                                   STEP         FIRST   
  NO.   NAME      VALUE            ERROR          SIZE      DERIVATIVE 
   1  N0           3.11211e+06     fixed    
   2  tau          6.44114e+01   constant   
   3  A0           3.64226e-01     fixed    
   4  phi          4.11813e+00     fixed    
   5  R           -6.00079e+01   constant   
   6  A_CBO        1.35139e-04     fixed    
   7  w_CBO        2.32687e+00     fixed    
   8  phi_CBO      2.57231e+00   1.11076e+00  -2.65465e-04   1.07605e-03
   9  ANx2         3.40456e-04   constant   
  10  pNx2         3.19484e+00   constant   
  11  ANy1         0.00000e+00   constant   
  12  pNy1         0.00000e+00   constant   
  13  w_y          0.00000e+00   constant   
  14  ANy2         1.62726e-04     fixed    
  15  pNy2         5.11372e+00   constant   
  16  w_vw         1.43155e+01   constant   
  17  LM           3.07992e-04   constant   
  18  wCBO_expCoeff   1.99999e+02   9.79747e-04   2.82465e-09   1.47971e+00
  19  wCBO_expOffset   2.00000e+02   3.52185e-04   2.45141e-07  -2.77063e+01
  20  wCBO_expT    3.00013e+01   7.45000e-04  -3.08288e-07   7.07247e+00
  21  wCBO_linCoeff   0.00000e+00   constant   
  22  wCBO_const  -1.94904e-03   1.83164e-03  -1.14460e-07  -9.07849e-01
 EXTERNAL ERROR MATRIX.    NDIM=  25    NPAR=  5    ERR DEF=1
  1.234e+00  3.301e-04 -3.068e-05 -4.538e-05  2.007e-04 
  3.301e-04  9.599e-07 -1.442e-07 -9.833e-08  3.247e-07 
 -3.068e-05 -1.442e-07  1.240e-07  8.400e-08 -4.212e-07 
 -4.538e-05 -9.833e-08  8.400e-08  5.550e-07 -1.180e-06 
  2.007e-04  3.247e-07 -4.212e-07 -1.180e-06  3.355e-06 
 PARAMETER  CORRELATION COEFFICIENTS  
       NO.  GLOBAL      8     18     19     20     22
        8  0.36503   1.000  0.303 -0.078 -0.055  0.099
       18  0.59526   0.303  1.000 -0.418 -0.135  0.181
       19  0.86869  -0.078 -0.418  1.000  0.320 -0.653
       20  0.93287  -0.055 -0.135  0.320  1.000 -0.865
       22  0.95887   0.099  0.181 -0.653 -0.865  1.000
MINUIT - FIT ONLY 1-y
 **********
 **   60 **RES 
 **********
                   PARAMETER   14  ANy2 RESTORED TO VARIABLE.
                   PARAMETER    7  w_CBO RESTORED TO VARIABLE.
                   PARAMETER    6  A_CBO RESTORED TO VARIABLE.
                   PARAMETER    4  phi RESTORED TO VARIABLE.
                   PARAMETER    3  A0 RESTORED TO VARIABLE.
                   PARAMETER    1  N0 RESTORED TO VARIABLE.
 **********
 **   61 **FIX            0
 **********
 PARAMETER    0  IS UNDEFINED. IGNORED.
 **********
 **   62 **FIX            1
 **********
 **********
 **   63 **FIX            2
 **********
 PARAMETER    2  IS CONSTANT.   IGNORED.
 **********
 **   64 **FIX            3
 **********
 **********
 **   65 **FIX            4
 **********
 **********
 **   66 **FIX            5
 **********
 PARAMETER    5  IS CONSTANT.   IGNORED.
 **********
 **   67 **FIX            6
 **********
 **********
 **   68 **FIX            7
 **********
 **********
 **   69 **FIX            8
 **********
 **********
 **   70 **FIX            9
 **********
 PARAMETER    9  IS CONSTANT.   IGNORED.
 **********
 **   71 **FIX           13
 **********
 PARAMETER   13  IS CONSTANT.   IGNORED.
 **********
 **   72 **FIX           14
 **********
 **********
 **   73 **FIX           15
 **********
 PARAMETER   15  IS CONSTANT.   IGNORED.
 **********
 **   74 **FIX           16
 **********
 PARAMETER   16  IS CONSTANT.   IGNORED.
 **********
 **   75 **MIGRAD
 **********
 START MIGRAD MINIMIZATION.  STRATEGY  1.  CONVERGENCE WHEN EDM .LT. 1.00e-04
 FCN=426.024 FROM MIGRAD    STATUS=INITIATE        8 CALLS        1070 TOTAL
                     EDM= unknown      STRATEGY= 1      NO ERROR MATRIX       
  EXT PARAMETER               CURRENT GUESS       STEP         FIRST   
  NO.   NAME      VALUE            ERROR          SIZE      DERIVATIVE 
   1  N0           3.11211e+06     fixed    
   2  tau          6.44114e+01   constant   
   3  A0           3.64226e-01     fixed    
   4  phi          4.11813e+00     fixed    
   5  R           -6.00079e+01   constant   
   6  A_CBO        1.35139e-04     fixed    
   7  w_CBO        2.32687e+00     fixed    
   8  phi_CBO      2.57231e+00     fixed    
   9  ANx2         3.40456e-04   constant   
  10  pNx2         3.19484e+00   constant   
  11  ANy1         0.00000e+00   constant   
  12  pNy1         0.00000e+00   constant   
  13  w_y          0.00000e+00   constant   
  14  ANy2         1.62726e-04     fixed    
  15  pNy2         5.11372e+00   constant   
  16  w_vw         1.43155e+01   constant   
  17  LM           3.07992e-04   constant   
  18  wCBO_expCoeff   1.99999e+02   9.79747e-04   2.82465e-09   1.47971e+00
  19  wCBO_expOffset   2.00000e+02   3.52185e-04   2.45141e-07  -2.77063e+01
  20  wCBO_expT    3.00013e+01   7.45000e-04  -3.08288e-07   7.07247e+00
  21  wCBO_linCoeff   0.00000e+00   constant   
  22  wCBO_const  -1.94904e-03   1.83164e-03  -1.14460e-07  -9.07848e-01
 MIGRAD FAILS TO FIND IMPROVEMENT
 COVARIANCE MATRIX CALCULATED SUCCESSFULLY
 FCN=426.024 FROM HESSE     STATUS=OK             27 CALLS        1107 TOTAL
                     EDM=1.84571e-05    STRATEGY= 1      ERROR MATRIX ACCURATE 
  EXT PARAMETER                                   STEP         FIRST   
  NO.   NAME      VALUE            ERROR          SIZE      DERIVATIVE 
   1  N0           3.11211e+06     fixed    
   2  tau          6.44114e+01   constant   
   3  A0           3.64226e-01     fixed    
   4  phi          4.11813e+00     fixed    
   5  R           -6.00079e+01   constant   
   6  A_CBO        1.35139e-04     fixed    
   7  w_CBO        2.32687e+00     fixed    
   8  phi_CBO      2.57231e+00     fixed    
   9  ANx2         3.40456e-04   constant   
  10  pNx2         3.19484e+00   constant   
  11  ANy1         0.00000e+00   constant   
  12  pNy1         0.00000e+00   constant   
  13  w_y          0.00000e+00   constant   
  14  ANy2         1.62726e-04     fixed    
  15  pNy2         5.11372e+00   constant   
  16  w_vw         1.43155e+01   constant   
  17  LM           3.07992e-04   constant   
  18  wCBO_expCoeff   1.99999e+02   3.95771e-03   9.53671e-05   1.61230e+00
  19  wCBO_expOffset   2.00000e+02   5.62988e-04   9.53673e-05   1.03603e+01
  20  wCBO_expT    3.00013e+01   7.40717e-04   1.43057e-05   7.28352e+00
  21  wCBO_linCoeff   0.00000e+00   constant   
  22  wCBO_const  -1.94904e-03   1.77577e-03   5.32595e-06  -9.05912e-01
 MIGRAD FAILS TO FIND IMPROVEMENT
 MIGRAD TERMINATED WITHOUT CONVERGENCE.
 FCN=426.024 FROM MIGRAD    STATUS=FAILED         66 CALLS        1128 TOTAL
                     EDM=0.000112222    STRATEGY= 1  ERROR MATRIX UNCERTAINTY  13.4 per cent
  EXT PARAMETER                APPROXIMATE        STEP         FIRST   
  NO.   NAME      VALUE            ERROR          SIZE      DERIVATIVE 
   1  N0           3.11211e+06     fixed    
   2  tau          6.44114e+01   constant   
   3  A0           3.64226e-01     fixed    
   4  phi          4.11813e+00     fixed    
   5  R           -6.00079e+01   constant   
   6  A_CBO        1.35139e-04     fixed    
   7  w_CBO        2.32687e+00     fixed    
   8  phi_CBO      2.57231e+00     fixed    
   9  ANx2         3.40456e-04   constant   
  10  pNx2         3.19484e+00   constant   
  11  ANy1         0.00000e+00   constant   
  12  pNy1         0.00000e+00   constant   
  13  w_y          0.00000e+00   constant   
  14  ANy2         1.62726e-04     fixed    
  15  pNy2         5.11372e+00   constant   
  16  w_vw         1.43155e+01   constant   
  17  LM           3.07992e-04   constant   
  18  wCBO_expCoeff   1.99999e+02   3.37281e-03  -0.00000e+00  -1.48345e-01
  19  wCBO_expOffset   2.00000e+02   2.22130e-04   0.00000e+00  -3.85690e+01
  20  wCBO_expT    3.00013e+01   9.87401e-04  -0.00000e+00  -4.15743e-01
  21  wCBO_linCoeff   0.00000e+00   constant   
  22  wCBO_const  -1.94126e-03   2.42680e-03   0.00000e+00  -4.48258e-02
 EXTERNAL ERROR MATRIX.    NDIM=  25    NPAR=  4    ERR DEF=1
  1.138e-05 -6.009e-07  2.180e-06 -6.728e-06 
 -6.009e-07  4.934e-08 -1.490e-07  3.771e-07 
  2.180e-06 -1.490e-07  9.750e-07 -2.220e-06 
 -6.728e-06  3.771e-07 -2.220e-06  5.889e-06 
ERR MATRIX APPROXIMATE
 PARAMETER  CORRELATION COEFFICIENTS  
       NO.  GLOBAL     18     19     20     22
       18  0.93850   1.000 -0.802  0.655 -0.822
       19  0.86825  -0.802  1.000 -0.679  0.700
       20  0.96193   0.655 -0.679  1.000 -0.926
       22  0.97605  -0.822  0.700 -0.926  1.000
 ERR MATRIX APPROXIMATE
MINUIT - FIT ONLY 2-y
 **********
 **   76 **RES 
 **********
                   PARAMETER   14  ANy2 RESTORED TO VARIABLE.
                   PARAMETER    8  phi_CBO RESTORED TO VARIABLE.
                   PARAMETER    7  w_CBO RESTORED TO VARIABLE.
                   PARAMETER    6  A_CBO RESTORED TO VARIABLE.
                   PARAMETER    4  phi RESTORED TO VARIABLE.
                   PARAMETER    3  A0 RESTORED TO VARIABLE.
                   PARAMETER    1  N0 RESTORED TO VARIABLE.
 **********
 **   77 **FIX            0
 **********
 PARAMETER    0  IS UNDEFINED. IGNORED.
 **********
 **   78 **FIX            1
 **********
 **********
 **   79 **FIX            2
 **********
 PARAMETER    2  IS CONSTANT.   IGNORED.
 **********
 **   80 **FIX            3
 **********
 **********
 **   81 **FIX            4
 **********
 **********
 **   82 **FIX            5
 **********
 PARAMETER    5  IS CONSTANT.   IGNORED.
 **********
 **   83 **FIX            6
 **********
 **********
 **   84 **FIX            7
 **********
 **********
 **   85 **FIX            8
 **********
 **********
 **   86 **FIX            9
 **********
 PARAMETER    9  IS CONSTANT.   IGNORED.
 **********
 **   87 **FIX           10
 **********
 PARAMETER   10  IS CONSTANT.   IGNORED.
 **********
 **   88 **FIX           11
 **********
 PARAMETER   11  IS CONSTANT.   IGNORED.
 **********
 **   89 **FIX           12
 **********
 PARAMETER   12  IS CONSTANT.   IGNORED.
 **********
 **   90 **FIX           16
 **********
 PARAMETER   16  IS CONSTANT.   IGNORED.
 **********
 **   91 **MIGRAD
 **********
 START MIGRAD MINIMIZATION.  STRATEGY  1.  CONVERGENCE WHEN EDM .LT. 1.00e-04
 FCN=426.024 FROM MIGRAD    STATUS=INITIATE       10 CALLS        1138 TOTAL
                     EDM= unknown      STRATEGY= 1      NO ERROR MATRIX       
