 + ++++++++++++++++++++++++++++++++++++++++++++++++++++++++++++++++++++ +
 +                                                                      +
 +           You have chose to blind your fitting according to          +
 +                omega_ref * (1 + (R +/- deltaR) *10^{-6})             +
 +                                                                      +
 + ++++++++++++++++++++++++++++++++++++++++++++++++++++++++++++++++++++ +
In main()...
reading format from /gm2data/zkhechad/run45/envelope/formats/formatB_sBin_constraintOn.txt
pBinTau 	= 0  
pBinPhi 	= 0  
constraintau 	= 1 
includeMopTerm 	= 0    
constrainMop    = 0   
Parameters after format file: pBinTau 0 pBinPhi 0 constraintau 1 includeMopTerm 0 constrainMop 0 c_e_scale 0.000000 
reading cbo reference file (full fit) from /gm2data/zkhechad/cboTemplates/Run4CBOTemplates/fullFits/run4/sBin_constraintOn_cE0.0_seed0_run4_calo18.root
A_CBO 0.008791 w_CBO 2.327338 phi_CBO 0.630678 N0 3499835.498759 R -60.917989 tau 64.411905 
Reading cboRef file /gm2data/zkhechad/cboTemplates/Run4CBOTemplates//cboIsolate/run4_calo18.root
deltaT 164.120000
windowBins = 1100
fitting sliding window 2240 from bin 2443 at 364.495600 to bin 3543 at 528.615600 (1100 bins)

Reading data from /gm2data/cornell/histograms/aMethod/histogram_a_run4.root
fitting cbo isolate
 **********
 **    1 **SET PRINTOUT            1
 **********
 **********
 **    2 **SET NOWARNINGS 
 **********
 PARAMETER DEFINITIONS:
    NO.   NAME         VALUE      STEP SIZE      LIMITS
     1 A_CBO        8.79094e-03  1.00000e-05     no limits
     2 w_CBO        2.32734e+00  1.00000e-02    2.00000e+00  3.00000e+00
     3 phi_CBO      6.30678e-01  1.00000e-02    0.00000e+00  6.28319e+00
 **********
 **    3 **MIGRAD
 **********
 FIRST CALL TO USER FUNCTION AT NEW START POINT, WITH IFLAG=4.
 START MIGRAD MINIMIZATION.  STRATEGY  1.  CONVERGENCE WHEN EDM .LT. 1.00e-04
 FCN=0.203631 FROM MIGRAD    STATUS=INITIATE       12 CALLS          13 TOTAL
                     EDM= unknown      STRATEGY= 1      NO ERROR MATRIX       
  EXT PARAMETER               CURRENT GUESS       STEP         FIRST   
  NO.   NAME      VALUE            ERROR          SIZE      DERIVATIVE 
   1  A_CBO        8.79094e-03   1.00000e-05   1.00000e-05   7.20400e+00
   2  w_CBO        2.32734e+00   1.00000e-02   2.13132e-02   4.24883e+00
   3  phi_CBO      6.30678e-01   1.00000e-02   5.29649e-03  -3.56225e-02
 MIGRAD MINIMIZATION HAS CONVERGED.
 MIGRAD WILL VERIFY CONVERGENCE AND ERROR MATRIX.
 COVARIANCE MATRIX CALCULATED SUCCESSFULLY
 FCN=0.177711 FROM MIGRAD    STATUS=CONVERGED      90 CALLS          91 TOTAL
                     EDM=2.99275e-05    STRATEGY= 1      ERROR MATRIX ACCURATE 
  EXT PARAMETER                                   STEP         FIRST   
  NO.   NAME      VALUE            ERROR          SIZE      DERIVATIVE 
   1  A_CBO        3.07587e-03   4.27468e-02   2.25736e-05  -6.92953e-03
   2  w_CBO        2.32386e+00   1.35627e-01   3.02375e-05   6.08806e-02
   3  phi_CBO      5.99215e+00   4.93966e+00   5.10309e-03  -2.25109e-04
 EXTERNAL ERROR MATRIX.    NDIM=  25    NPAR=  3    ERR DEF=1
  1.827e-03 -4.781e-04 -2.066e-01 
 -4.781e-04  1.893e-02  8.521e+00 
 -2.066e-01  8.521e+00  4.022e+03 
 PARAMETER  CORRELATION COEFFICIENTS  
       NO.  GLOBAL      1      2      3
        1  0.08257   1.000 -0.081 -0.076
        2  0.97653  -0.081  1.000  0.977
        3  0.97651  -0.076  0.977  1.000
setting A_CBO=0.003076 w_CBO=2.323858, phi_CBO=5.992151
done fitting cbo isolate
 **********
 **    1 **SET PRINTOUT            1
 **********
 **********
 **    2 **SET NOWARNINGS 
 **********
 PARAMETER DEFINITIONS:
    NO.   NAME         VALUE      STEP SIZE      LIMITS
     1 N0           3.49984e+06  1.00000e+02     no limits
     2 tau          6.44119e+01  constant
     3 A0           3.53539e-01  1.00000e-04     no limits
     4 phi          4.12187e+00  1.00000e-02     no limits
     5 R           -6.09180e+01  constant
     6 A_CBO        3.07587e-03  1.00000e-05     no limits
     7 w_CBO        2.32386e+00  1.00000e-03     no limits
     8 phi_CBO      5.99215e+00  1.00000e-04     no limits
     9 ANx2         2.22853e-04  constant
    10 pNx2         5.08518e+00  constant
    11 ANy1         0.00000e+00  constant
    12 pNy1         0.00000e+00  constant
    13 w_y          0.00000e+00  constant
    14 ANy2         9.04789e-03  1.00000e-04     no limits
    15 pNy2         3.29982e+00  constant
    16 w_vw         1.43191e+01  constant
    17 LM           2.21951e-04  constant
    18 wCBO_expCoeff   2.00000e+02  1.00000e+00     no limits
    19 wCBO_expOffset   2.00000e+02  1.00000e+00     no limits
    20 wCBO_expT    3.00000e+01  1.00000e+00     no limits
    21 wCBO_linCoeff   0.00000e+00  constant
    22 wCBO_const   0.00000e+00  1.00000e-02     no limits
MINUIT - FIT ONLY WIGGLE
 **********
 **    3 **FIX            5
 **********
 PARAMETER    5  IS CONSTANT.   IGNORED.
 **********
 **    4 **FIX            6
 **********
 **********
 **    5 **FIX            7
 **********
 **********
 **    6 **FIX            8
 **********
 **********
 **    7 **FIX            9
 **********
 PARAMETER    9  IS CONSTANT.   IGNORED.
 **********
 **    8 **FIX           10
 **********
 PARAMETER   10  IS CONSTANT.   IGNORED.
 **********
 **    9 **FIX           11
 **********
 PARAMETER   11  IS CONSTANT.   IGNORED.
 **********
 **   10 **FIX           12
 **********
 PARAMETER   12  IS CONSTANT.   IGNORED.
 **********
 **   11 **FIX           13
 **********
 PARAMETER   13  IS CONSTANT.   IGNORED.
 **********
 **   12 **FIX           14
 **********
 **********
 **   13 **FIX           15
 **********
 PARAMETER   15  IS CONSTANT.   IGNORED.
 **********
 **   14 **FIX           16
 **********
 PARAMETER   16  IS CONSTANT.   IGNORED.
 **********
 **   15 **MIGRAD
 **********
 FIRST CALL TO USER FUNCTION AT NEW START POINT, WITH IFLAG=4.
 START MIGRAD MINIMIZATION.  STRATEGY  1.  CONVERGENCE WHEN EDM .LT. 1.00e-04
 FCN=454.432 FROM MIGRAD    STATUS=INITIATE       55 CALLS          56 TOTAL
                     EDM= unknown      STRATEGY= 1      NO ERROR MATRIX       
  EXT PARAMETER               CURRENT GUESS       STEP         FIRST   
  NO.   NAME      VALUE            ERROR          SIZE      DERIVATIVE 
   1  N0           3.49984e+06   1.00000e+02   0.00000e+00   1.26888e-04
   2  tau          6.44119e+01   constant   
   3  A0           3.53539e-01   1.00000e-04   0.00000e+00  -5.99893e+02
   4  phi          4.12187e+00   1.00000e-02   0.00000e+00   2.40515e+02
   5  R           -6.09180e+01   constant   
   6  A_CBO        3.07587e-03     fixed    
   7  w_CBO        2.32386e+00     fixed    
   8  phi_CBO      5.99215e+00     fixed    
   9  ANx2         2.22853e-04   constant   
  10  pNx2         5.08518e+00   constant   
  11  ANy1         0.00000e+00   constant   
  12  pNy1         0.00000e+00   constant   
  13  w_y          0.00000e+00   constant   
  14  ANy2         9.04789e-03     fixed    
  15  pNy2         3.29982e+00   constant   
  16  w_vw         1.43191e+01   constant   
  17  LM           2.21951e-04   constant   
  18  wCBO_expCoeff   1.98814e+02   1.00000e+00  -1.18620e+00  -1.72382e+00
  19  wCBO_expOffset   2.00000e+02   1.00000e+00   0.00000e+00  -1.14239e+01
  20  wCBO_expT    3.00000e+01   1.00000e+00   0.00000e+00  -5.12902e+01
  21  wCBO_linCoeff   0.00000e+00   constant   
  22  wCBO_const   0.00000e+00   1.00000e-02   0.00000e+00   1.28440e+03
 MIGRAD MINIMIZATION HAS CONVERGED.
 FCN=449.324 FROM MIGRAD    STATUS=CONVERGED     255 CALLS         256 TOTAL
                     EDM=1.13929e-07    STRATEGY= 1  ERROR MATRIX UNCERTAINTY   0.8 per cent
  EXT PARAMETER                                   STEP         FIRST   
  NO.   NAME      VALUE            ERROR          SIZE      DERIVATIVE 
   1  N0           3.49984e+06   1.87565e+03  -1.30584e+00   2.58658e-08
   2  tau          6.44119e+01   constant   
   3  A0           3.53596e-01   7.29610e-04   1.05675e-07   3.70317e-01
   4  phi          4.12073e+00   2.10494e-03   7.08003e-08   1.46211e-01
   5  R           -6.09180e+01   constant   
   6  A_CBO        3.07587e-03     fixed    
   7  w_CBO        2.32386e+00     fixed    
   8  phi_CBO      5.99215e+00     fixed    
   9  ANx2         2.22853e-04   constant   
  10  pNx2         5.08518e+00   constant   
  11  ANy1         0.00000e+00   constant   
  12  pNy1         0.00000e+00   constant   
  13  w_y          0.00000e+00   constant   
  14  ANy2         9.04789e-03     fixed    
  15  pNy2         3.29982e+00   constant   
  16  w_vw         1.43191e+01   constant   
  17  LM           2.21951e-04   constant   
  18  wCBO_expCoeff   1.93876e+02   3.31355e+00   2.72620e-03  -5.97873e-04
  19  wCBO_expOffset   1.99253e+02   5.01351e-01   4.09202e-04  -3.82202e-03
  20  wCBO_expT    3.02995e+01   1.87170e-01  -1.38254e-04  -2.45205e-02
  21  wCBO_linCoeff   0.00000e+00   constant   
  22  wCBO_const  -4.03850e-03   1.22584e-03   8.81667e-07  -1.83083e-01
 EXTERNAL ERROR MATRIX.    NDIM=  25    NPAR=  7    ERR DEF=1
  3.518e+06  1.280e-02 -3.241e-02 -1.184e+02 -1.793e+01  6.236e+00  2.641e-02 
  1.280e-02  5.323e-07  3.979e-08 -3.210e-04 -4.857e-05  1.870e-05 -1.554e-07 
 -3.241e-02  3.979e-08  4.431e-06  5.359e-04  8.111e-05 -2.978e-05  6.137e-08 
 -1.184e+02 -3.210e-04  5.359e-04  1.098e+01  1.655e+00 -6.189e-01  3.457e-03 
 -1.793e+01 -4.857e-05  8.111e-05  1.655e+00  2.514e-01 -9.365e-02  5.231e-04 
  6.236e+00  1.870e-05 -2.978e-05 -6.189e-01 -9.365e-02  3.503e-02 -1.994e-04 
  2.641e-02 -1.554e-07  6.137e-08  3.457e-03  5.231e-04 -1.994e-04  1.503e-06 
 PARAMETER  CORRELATION COEFFICIENTS  
       NO.  GLOBAL      1      3      4     18     19     20     22
        1  0.06026   1.000  0.009 -0.008 -0.019 -0.019  0.018  0.011
        3  0.17892   0.009  1.000  0.026 -0.133 -0.133  0.137 -0.174
        4  0.12421  -0.008  0.026  1.000  0.077  0.077 -0.076  0.024
       18  0.99864  -0.019 -0.133  0.077  1.000  0.996 -0.998  0.851
       19  0.99865  -0.019 -0.133  0.077  0.996  1.000 -0.998  0.851
       20  0.99954   0.018  0.137 -0.076 -0.998 -0.998  1.000 -0.869
       22  0.93870   0.011 -0.174  0.024  0.851  0.851 -0.869  1.000
MINUIT - FIT ONLY 1-CBO + other amplitudes 
 **********
 **   16 **RES 
 **********
                   PARAMETER   14  ANy2 RESTORED TO VARIABLE.
                   PARAMETER    8  phi_CBO RESTORED TO VARIABLE.
                   PARAMETER    7  w_CBO RESTORED TO VARIABLE.
                   PARAMETER    6  A_CBO RESTORED TO VARIABLE.
 **********
 **   17 **FIX            0
 **********
 PARAMETER    0  IS UNDEFINED. IGNORED.
 **********
 **   18 **FIX            1
 **********
 **********
 **   19 **FIX            2
 **********
 PARAMETER    2  IS CONSTANT.   IGNORED.
 **********
 **   20 **FIX            3
 **********
 **********
 **   21 **FIX            4
 **********
 **********
 **   22 **FIX            9
 **********
 PARAMETER    9  IS CONSTANT.   IGNORED.
 **********
 **   23 **FIX           11
 **********
 PARAMETER   11  IS CONSTANT.   IGNORED.
 **********
 **   24 **FIX           12
 **********
 PARAMETER   12  IS CONSTANT.   IGNORED.
 **********
 **   25 **FIX           14
 **********
 **********
 **   26 **FIX           15
 **********
 PARAMETER   15  IS CONSTANT.   IGNORED.
 **********
 **   27 **FIX           16
 **********
 PARAMETER   16  IS CONSTANT.   IGNORED.
 **********
 **   28 **MIGRAD
 **********
 START MIGRAD MINIMIZATION.  STRATEGY  1.  CONVERGENCE WHEN EDM .LT. 1.00e-04
 FCN=449.324 FROM MIGRAD    STATUS=INITIATE       20 CALLS         276 TOTAL
                     EDM= unknown      STRATEGY= 1      NO ERROR MATRIX       
  EXT PARAMETER               CURRENT GUESS       STEP         FIRST   
  NO.   NAME      VALUE            ERROR          SIZE      DERIVATIVE 
   1  N0           3.49984e+06     fixed    
   2  tau          6.44119e+01   constant   
   3  A0           3.53596e-01     fixed    
   4  phi          4.12073e+00     fixed    
   5  R           -6.09180e+01   constant   
   6  A_CBO        3.07587e-03   1.00000e-05   1.00000e-05   6.90401e+03
   7  w_CBO        2.32386e+00   1.00000e-03   1.00000e-03  -1.28216e-01
   8  phi_CBO      5.99215e+00   1.00000e-04   1.00000e-04  -3.72355e-01
   9  ANx2         2.22853e-04   constant   
  10  pNx2         5.08518e+00   constant   
  11  ANy1         0.00000e+00   constant   
  12  pNy1         0.00000e+00   constant   
  13  w_y          0.00000e+00   constant   
  14  ANy2         9.04789e-03     fixed    
  15  pNy2         3.29982e+00   constant   
  16  w_vw         1.43191e+01   constant   
  17  LM           2.21951e-04   constant   
  18  wCBO_expCoeff   1.93876e+02   3.31355e+00   2.72620e-03  -5.97895e-04
  19  wCBO_expOffset   1.99253e+02   5.01351e-01   4.09202e-04  -3.82218e-03
  20  wCBO_expT    3.02995e+01   1.87170e-01  -1.38254e-04  -2.45213e-02
  21  wCBO_linCoeff   0.00000e+00   constant   
  22  wCBO_const  -4.03850e-03   1.22584e-03   8.81667e-07  -1.83083e-01
 MIGRAD MINIMIZATION HAS CONVERGED.
 MIGRAD WILL VERIFY CONVERGENCE AND ERROR MATRIX.
 COVARIANCE MATRIX CALCULATED SUCCESSFULLY
 FCN=441.886 FROM MIGRAD    STATUS=CONVERGED     282 CALLS         538 TOTAL
                     EDM=2.5816e-06    STRATEGY= 1      ERROR MATRIX ACCURATE 
  EXT PARAMETER                                   STEP         FIRST   
  NO.   NAME      VALUE            ERROR          SIZE      DERIVATIVE 
   1  N0           3.49984e+06     fixed    
   2  tau          6.44119e+01   constant   
   3  A0           3.53596e-01     fixed    
   4  phi          4.12073e+00     fixed    
   5  R           -6.09180e+01   constant   
   6  A_CBO        1.04827e-03   7.68007e-04   7.84818e-06  -5.81050e-01
   7  w_CBO        2.32235e+00   4.25905e-02   1.03643e-05   1.57843e+00
   8  phi_CBO      7.06310e+00   1.23476e+00   7.36901e-03  -2.06017e-03
   9  ANx2         2.22853e-04   constant   
  10  pNx2         5.08518e+00   constant   
  11  ANy1         0.00000e+00   constant   
  12  pNy1         0.00000e+00   constant   
  13  w_y          0.00000e+00   constant   
  14  ANy2         9.04789e-03     fixed    
  15  pNy2         3.29982e+00   constant   
  16  w_vw         1.43191e+01   constant   
  17  LM           2.21951e-04   constant   
  18  wCBO_expCoeff   1.91481e+02   5.55859e+00   2.62257e-03   7.67634e-03
  19  wCBO_expOffset   1.98879e+02   8.84536e-01   4.16922e-04   4.82834e-02
  20  wCBO_expT    3.04427e+01   1.41778e-01   7.26049e-05   2.76224e-01
  21  wCBO_linCoeff   0.00000e+00   constant   
  22  wCBO_const  -3.22975e-03   1.82031e-02   6.14242e-06   2.20276e+00
 EXTERNAL ERROR MATRIX.    NDIM=  25    NPAR=  7    ERR DEF=1
  5.898e-07  6.254e-07 -7.761e-06  9.987e-05  1.586e-05 -7.890e-06 -2.117e-07 
  6.254e-07  1.814e-03 -1.789e-03 -5.498e-02 -8.845e-03 -1.142e-03 -7.728e-04 
 -7.761e-06 -1.789e-03  1.525e+00 -6.735e-01 -1.072e-01  4.169e-02  1.672e-03 
  9.987e-05 -5.498e-02 -6.735e-01  3.090e+01 -2.570e+00 -2.961e-01  2.470e-02 
  1.586e-05 -8.845e-03 -1.072e-01 -2.570e+00  7.824e-01 -4.708e-02  3.971e-03 
 -7.890e-06 -1.142e-03  4.169e-02 -2.961e-01 -4.708e-02  2.010e-02  4.014e-04 
 -2.117e-07 -7.728e-04  1.672e-03  2.470e-02  3.971e-03  4.014e-04  3.314e-04 
 PARAMETER  CORRELATION COEFFICIENTS  
       NO.  GLOBAL      6      7      8     18     19     20     22
        6  0.09988   1.000  0.019 -0.008  0.023  0.023 -0.072 -0.015
        7  0.99972   0.019  1.000 -0.034 -0.232 -0.235 -0.189 -0.997
        8  0.81563  -0.008 -0.034  1.000 -0.098 -0.098  0.238  0.074
       18  0.99895   0.023 -0.232 -0.098  1.000 -0.523 -0.376  0.244
       19  0.99895   0.023 -0.235 -0.098 -0.523  1.000 -0.375  0.247
       20  0.99876  -0.072 -0.189  0.238 -0.376 -0.375  1.000  0.156
       22  0.99946  -0.015 -0.997  0.074  0.244  0.247  0.156  1.000
MINUIT - FIT ONLY 1-CBO
 **********
 **   29 **RES 
 **********
                   PARAMETER   14  ANy2 RESTORED TO VARIABLE.
                   PARAMETER    4  phi RESTORED TO VARIABLE.
                   PARAMETER    3  A0 RESTORED TO VARIABLE.
                   PARAMETER    1  N0 RESTORED TO VARIABLE.
 **********
 **   30 **FIX            0
 **********
 PARAMETER    0  IS UNDEFINED. IGNORED.
 **********
 **   31 **FIX            1
 **********
 **********
 **   32 **FIX            2
 **********
 PARAMETER    2  IS CONSTANT.   IGNORED.
 **********
 **   33 **FIX            3
 **********
 **********
 **   34 **FIX            4
 **********
 **********
 **   35 **FIX            8
 **********
 **********
 **   36 **FIX            9
 **********
 PARAMETER    9  IS CONSTANT.   IGNORED.
 **********
 **   37 **FIX           11
 **********
 PARAMETER   11  IS CONSTANT.   IGNORED.
 **********
 **   38 **FIX           12
 **********
 PARAMETER   12  IS CONSTANT.   IGNORED.
 **********
 **   39 **FIX           13
 **********
 PARAMETER   13  IS CONSTANT.   IGNORED.
 **********
 **   40 **FIX           15
 **********
 PARAMETER   15  IS CONSTANT.   IGNORED.
 **********
 **   41 **FIX           16
 **********
 PARAMETER   16  IS CONSTANT.   IGNORED.
 **********
 **   42 **MIGRAD
 **********
 START MIGRAD MINIMIZATION.  STRATEGY  1.  CONVERGENCE WHEN EDM .LT. 1.00e-04
 FCN=441.886 FROM MIGRAD    STATUS=INITIATE       16 CALLS         554 TOTAL
                     EDM= unknown      STRATEGY= 1      NO ERROR MATRIX       
  EXT PARAMETER               CURRENT GUESS       STEP         FIRST   
  NO.   NAME      VALUE            ERROR          SIZE      DERIVATIVE 
   1  N0           3.49984e+06     fixed    
   2  tau          6.44119e+01   constant   
   3  A0           3.53596e-01     fixed    
   4  phi          4.12073e+00     fixed    
   5  R           -6.09180e+01   constant   
   6  A_CBO        1.04827e-03   7.68007e-04   7.84818e-06  -5.81050e-01
   7  w_CBO        2.32235e+00   4.25905e-02   1.03643e-05   1.57764e+00
   8  phi_CBO      7.06310e+00     fixed    
   9  ANx2         2.22853e-04   constant   
  10  pNx2         5.08518e+00   constant   
  11  ANy1         0.00000e+00   constant   
  12  pNy1         0.00000e+00   constant   
  13  w_y          0.00000e+00   constant   
  14  ANy2         9.04789e-03   1.00000e-04   1.00000e-04   2.97071e+04
  15  pNy2         3.29982e+00   constant   
  16  w_vw         1.43191e+01   constant   
  17  LM           2.21951e-04   constant   
  18  wCBO_expCoeff   1.91481e+02   5.55859e+00   2.62257e-03   7.65921e-03
  19  wCBO_expOffset   1.98879e+02   8.84536e-01   4.16922e-04   4.81790e-02
  20  wCBO_expT    3.04427e+01   1.41778e-01   7.26049e-05   2.75857e-01
  21  wCBO_linCoeff   0.00000e+00   constant   
  22  wCBO_const  -3.22975e-03   1.82031e-02   6.14242e-06   2.20051e+00
 MIGRAD MINIMIZATION HAS CONVERGED.
 MIGRAD WILL VERIFY CONVERGENCE AND ERROR MATRIX.
 COVARIANCE MATRIX CALCULATED SUCCESSFULLY
 FCN=315.346 FROM MIGRAD    STATUS=CONVERGED     228 CALLS         766 TOTAL
                     EDM=3.18345e-08    STRATEGY= 1      ERROR MATRIX ACCURATE 
  EXT PARAMETER                                   STEP         FIRST   
  NO.   NAME      VALUE            ERROR          SIZE      DERIVATIVE 
   1  N0           3.49984e+06     fixed    
   2  tau          6.44119e+01   constant   
   3  A0           3.53596e-01     fixed    
   4  phi          4.12073e+00     fixed    
   5  R           -6.09180e+01   constant   
   6  A_CBO        5.85239e-04   8.05314e-04   6.66511e-06   6.75189e-03
   7  w_CBO        2.32297e+00   1.72799e-02   1.28937e-05   7.59701e-02
   8  phi_CBO      7.06310e+00     fixed    
   9  ANx2         2.22853e-04   constant   
  10  pNx2         5.08518e+00   constant   
  11  ANy1         0.00000e+00   constant   
  12  pNy1         0.00000e+00   constant   
  13  w_y          0.00000e+00   constant   
  14  ANy2         5.23506e-04   7.58371e-04   6.56751e-06   4.62492e-02
  15  pNy2         3.29982e+00   constant   
  16  w_vw         1.43191e+01   constant   
  17  LM           2.21951e-04   constant   
  18  wCBO_expCoeff   1.92133e+02   3.66045e+00   3.17605e-03  -5.35706e-05
  19  wCBO_expOffset   1.98982e+02   5.79317e-01   5.02586e-04  -3.38568e-04
  20  wCBO_expT    3.04019e+01   1.00030e-01   9.00233e-05  -1.27078e-03
  21  wCBO_linCoeff   0.00000e+00   constant   
  22  wCBO_const  -3.40336e-03   7.41150e-03   7.47185e-06   1.87402e-01
 EXTERNAL ERROR MATRIX.    NDIM=  25    NPAR=  7    ERR DEF=1
  6.485e-07  1.054e-07  3.990e-08 -6.301e-05 -9.978e-06  3.572e-06  1.465e-07 
  1.054e-07  2.986e-04 -1.475e-08 -8.468e-03 -1.345e-03 -2.344e-04 -1.261e-04 
  3.990e-08 -1.475e-08  5.751e-07 -2.181e-05 -3.452e-06  1.513e-06  2.127e-08 
 -6.301e-05 -8.468e-03 -2.181e-05  1.340e+01 -1.149e+00 -1.582e-01  4.227e-03 
 -9.978e-06 -1.345e-03 -3.452e-06 -1.149e+00  3.356e-01 -2.504e-02  6.708e-04 
  3.572e-06 -2.344e-04  1.513e-06 -1.582e-01 -2.504e-02  1.001e-02  4.830e-05 
  1.465e-07 -1.261e-04  2.127e-08  4.227e-03  6.708e-04  4.830e-05  5.493e-05 
 PARAMETER  CORRELATION COEFFICIENTS  
       NO.  GLOBAL      6      7     14     18     19     20     22
        6  0.30290   1.000  0.008  0.065 -0.021 -0.021  0.044  0.025
        7  0.99630   0.008  1.000 -0.001 -0.134 -0.134 -0.136 -0.984
       14  0.07524   0.065 -0.001  1.000 -0.008 -0.008  0.020  0.004
       18  0.99500  -0.021 -0.134 -0.008  1.000 -0.542 -0.432  0.156
       19  0.99500  -0.021 -0.134 -0.008 -0.542  1.000 -0.432  0.156
       20  0.99462   0.044 -0.136  0.020 -0.432 -0.432  1.000  0.065
       22  0.99324   0.025 -0.984  0.004  0.156  0.156  0.065  1.000
MINUIT - FIT ONLY 2-CBO
 **********
 **   43 **RES 
 **********
                   PARAMETER    8  phi_CBO RESTORED TO VARIABLE.
                   PARAMETER    4  phi RESTORED TO VARIABLE.
                   PARAMETER    3  A0 RESTORED TO VARIABLE.
                   PARAMETER    1  N0 RESTORED TO VARIABLE.
 **********
 **   44 **FIX            0
 **********
 PARAMETER    0  IS UNDEFINED. IGNORED.
 **********
 **   45 **FIX            1
 **********
 **********
 **   46 **FIX            2
 **********
 PARAMETER    2  IS CONSTANT.   IGNORED.
 **********
 **   47 **FIX            3
 **********
 **********
 **   48 **FIX            4
 **********
 **********
 **   49 **FIX            5
 **********
 PARAMETER    5  IS CONSTANT.   IGNORED.
 **********
 **   50 **FIX            6
 **********
 **********
 **   51 **FIX            7
 **********
 **********
 **   52 **FIX           10
 **********
 PARAMETER   10  IS CONSTANT.   IGNORED.
 **********
 **   53 **FIX           11
 **********
 PARAMETER   11  IS CONSTANT.   IGNORED.
 **********
 **   54 **FIX           12
 **********
 PARAMETER   12  IS CONSTANT.   IGNORED.
 **********
 **   55 **FIX           13
 **********
 PARAMETER   13  IS CONSTANT.   IGNORED.
 **********
 **   56 **FIX           14
 **********
 **********
 **   57 **FIX           15
 **********
 PARAMETER   15  IS CONSTANT.   IGNORED.
 **********
 **   58 **FIX           16
 **********
 PARAMETER   16  IS CONSTANT.   IGNORED.
 **********
 **   59 **MIGRAD
 **********
 START MIGRAD MINIMIZATION.  STRATEGY  1.  CONVERGENCE WHEN EDM .LT. 1.00e-04
 FCN=315.346 FROM MIGRAD    STATUS=INITIATE       12 CALLS         778 TOTAL
                     EDM= unknown      STRATEGY= 1      NO ERROR MATRIX       
  EXT PARAMETER               CURRENT GUESS       STEP         FIRST   
  NO.   NAME      VALUE            ERROR          SIZE      DERIVATIVE 
   1  N0           3.49984e+06     fixed    
   2  tau          6.44119e+01   constant   
   3  A0           3.53596e-01     fixed    
   4  phi          4.12073e+00     fixed    
   5  R           -6.09180e+01   constant   
   6  A_CBO        5.85239e-04     fixed    
   7  w_CBO        2.32297e+00     fixed    
   8  phi_CBO      7.06310e+00   1.23476e+00   1.23476e+00   6.15615e-01
   9  ANx2         2.22853e-04   constant   
  10  pNx2         5.08518e+00   constant   
  11  ANy1         0.00000e+00   constant   
  12  pNy1         0.00000e+00   constant   
  13  w_y          0.00000e+00   constant   
  14  ANy2         5.23506e-04     fixed    
  15  pNy2         3.29982e+00   constant   
  16  w_vw         1.43191e+01   constant   
  17  LM           2.21951e-04   constant   
  18  wCBO_expCoeff   1.92133e+02   3.66045e+00   3.17605e-03  -6.14503e-05
  19  wCBO_expOffset   1.98982e+02   5.79317e-01   5.02586e-04  -3.87958e-04
  20  wCBO_expT    3.04019e+01   1.00030e-01   9.00233e-05  -1.54729e-03
  21  wCBO_linCoeff   0.00000e+00   constant   
  22  wCBO_const  -3.40336e-03   7.41150e-03   7.47185e-06   1.85096e-01
 MIGRAD MINIMIZATION HAS CONVERGED.
 MIGRAD WILL VERIFY CONVERGENCE AND ERROR MATRIX.
 COVARIANCE MATRIX CALCULATED SUCCESSFULLY
 FCN=314.97 FROM MIGRAD    STATUS=CONVERGED     141 CALLS         907 TOTAL
                     EDM=2.07851e-07    STRATEGY= 1      ERROR MATRIX ACCURATE 
  EXT PARAMETER                                   STEP         FIRST   
  NO.   NAME      VALUE            ERROR          SIZE      DERIVATIVE 
   1  N0           3.49984e+06     fixed    
   2  tau          6.44119e+01   constant   
   3  A0           3.53596e-01     fixed    
   4  phi          4.12073e+00     fixed    
   5  R           -6.09180e+01   constant   
   6  A_CBO        5.85239e-04     fixed    
   7  w_CBO        2.32297e+00     fixed    
   8  phi_CBO      5.97741e+00   1.57487e+00   1.03319e-02  -1.56482e-04
   9  ANx2         2.22853e-04   constant   
  10  pNx2         5.08518e+00   constant   
  11  ANy1         0.00000e+00   constant   
  12  pNy1         0.00000e+00   constant   
  13  w_y          0.00000e+00   constant   
  14  ANy2         5.23506e-04     fixed    
  15  pNy2         3.29982e+00   constant   
  16  w_vw         1.43191e+01   constant   
  17  LM           2.21951e-04   constant   
  18  wCBO_expCoeff   1.93403e+02   4.33607e+00   2.96371e-03   7.22833e-04
  19  wCBO_expOffset   1.99184e+02   6.80117e-01   4.64809e-04   4.60934e-03
  20  wCBO_expT    3.03300e+01   1.15510e-01   8.25838e-05   2.98959e-02
  21  wCBO_linCoeff   0.00000e+00   constant   
  22  wCBO_const  -3.63366e-03   1.40961e-03   6.65293e-06   7.08425e-01
 EXTERNAL ERROR MATRIX.    NDIM=  25    NPAR=  5    ERR DEF=1
  2.480e+00 -6.488e-01 -1.019e-01  3.293e-02  1.067e-03 
 -6.488e-01  1.880e+01 -1.708e+00 -2.280e-01  7.926e-04 
 -1.019e-01 -1.708e+00  4.626e-01 -3.579e-02  1.243e-04 
  3.293e-02 -2.280e-01 -3.579e-02  1.334e-02 -5.891e-05 
  1.067e-03  7.926e-04  1.243e-04 -5.891e-05  1.987e-06 
 PARAMETER  CORRELATION COEFFICIENTS  
       NO.  GLOBAL      8     18     19     20     22
        8  0.65461   1.000 -0.095 -0.095  0.181  0.481
       18  0.99689  -0.095  1.000 -0.579 -0.455  0.130
       19  0.99689  -0.095 -0.579  1.000 -0.456  0.130
       20  0.99660   0.181 -0.455 -0.456  1.000 -0.362
       22  0.83936   0.481  0.130  0.130 -0.362  1.000
MINUIT - FIT ONLY 1-y
 **********
 **   60 **RES 
 **********
                   PARAMETER   14  ANy2 RESTORED TO VARIABLE.
                   PARAMETER    7  w_CBO RESTORED TO VARIABLE.
                   PARAMETER    6  A_CBO RESTORED TO VARIABLE.
                   PARAMETER    4  phi RESTORED TO VARIABLE.
                   PARAMETER    3  A0 RESTORED TO VARIABLE.
                   PARAMETER    1  N0 RESTORED TO VARIABLE.
 **********
 **   61 **FIX            0
 **********
 PARAMETER    0  IS UNDEFINED. IGNORED.
 **********
 **   62 **FIX            1
 **********
 **********
 **   63 **FIX            2
 **********
 PARAMETER    2  IS CONSTANT.   IGNORED.
 **********
 **   64 **FIX            3
 **********
 **********
 **   65 **FIX            4
 **********
 **********
 **   66 **FIX            5
 **********
 PARAMETER    5  IS CONSTANT.   IGNORED.
 **********
 **   67 **FIX            6
 **********
 **********
 **   68 **FIX            7
 **********
 **********
 **   69 **FIX            8
 **********
 **********
 **   70 **FIX            9
 **********
 PARAMETER    9  IS CONSTANT.   IGNORED.
 **********
 **   71 **FIX           13
 **********
 PARAMETER   13  IS CONSTANT.   IGNORED.
 **********
 **   72 **FIX           14
 **********
 **********
 **   73 **FIX           15
 **********
 PARAMETER   15  IS CONSTANT.   IGNORED.
 **********
 **   74 **FIX           16
 **********
 PARAMETER   16  IS CONSTANT.   IGNORED.
 **********
 **   75 **MIGRAD
 **********
 START MIGRAD MINIMIZATION.  STRATEGY  1.  CONVERGENCE WHEN EDM .LT. 1.00e-04
 FCN=314.97 FROM MIGRAD    STATUS=INITIATE        8 CALLS         915 TOTAL
                     EDM= unknown      STRATEGY= 1      NO ERROR MATRIX       
  EXT PARAMETER               CURRENT GUESS       STEP         FIRST   
  NO.   NAME      VALUE            ERROR          SIZE      DERIVATIVE 
   1  N0           3.49984e+06     fixed    
   2  tau          6.44119e+01   constant   
   3  A0           3.53596e-01     fixed    
   4  phi          4.12073e+00     fixed    
   5  R           -6.09180e+01   constant   
   6  A_CBO        5.85239e-04     fixed    
   7  w_CBO        2.32297e+00     fixed    
   8  phi_CBO      5.97741e+00     fixed    
   9  ANx2         2.22853e-04   constant   
  10  pNx2         5.08518e+00   constant   
  11  ANy1         0.00000e+00   constant   
  12  pNy1         0.00000e+00   constant   
  13  w_y          0.00000e+00   constant   
  14  ANy2         5.23506e-04     fixed    
  15  pNy2         3.29982e+00   constant   
  16  w_vw         1.43191e+01   constant   
  17  LM           2.21951e-04   constant   
  18  wCBO_expCoeff   1.93403e+02   4.33607e+00   2.96371e-03   6.92095e-04
  19  wCBO_expOffset   1.99184e+02   6.80117e-01   4.64809e-04   4.41571e-03
  20  wCBO_expT    3.03300e+01   1.15510e-01   8.25838e-05   2.88957e-02
  21  wCBO_linCoeff   0.00000e+00   constant   
  22  wCBO_const  -3.63366e-03   1.40961e-03   6.65293e-06   7.09480e-01
 MIGRAD MINIMIZATION HAS CONVERGED.
 MIGRAD WILL VERIFY CONVERGENCE AND ERROR MATRIX.
 COVARIANCE MATRIX CALCULATED SUCCESSFULLY
 FCN=314.97 FROM MIGRAD    STATUS=CONVERGED      47 CALLS         954 TOTAL
                     EDM=8.90081e-08    STRATEGY= 1      ERROR MATRIX ACCURATE 
  EXT PARAMETER                                   STEP         FIRST   
  NO.   NAME      VALUE            ERROR          SIZE      DERIVATIVE 
   1  N0           3.49984e+06     fixed    
   2  tau          6.44119e+01   constant   
   3  A0           3.53596e-01     fixed    
   4  phi          4.12073e+00     fixed    
   5  R           -6.09180e+01   constant   
   6  A_CBO        5.85239e-04     fixed    
   7  w_CBO        2.32297e+00     fixed    
   8  phi_CBO      5.97741e+00     fixed    
   9  ANx2         2.22853e-04   constant   
  10  pNx2         5.08518e+00   constant   
  11  ANy1         0.00000e+00   constant   
  12  pNy1         0.00000e+00   constant   
  13  w_y          0.00000e+00   constant   
  14  ANy2         5.23506e-04     fixed    
  15  pNy2         3.29982e+00   constant   
  16  w_vw         1.43191e+01   constant   
  17  LM           2.21951e-04   constant   
  18  wCBO_expCoeff   1.93403e+02   4.32023e+00   2.96401e-03  -4.01167e-04
  19  wCBO_expOffset   1.99184e+02   6.77652e-01   4.64824e-04  -2.55806e-03
  20  wCBO_expT    3.03300e+01   1.13687e-01   8.25871e-05  -1.11055e-02
  21  wCBO_linCoeff   0.00000e+00   constant   
  22  wCBO_const  -3.63373e-03   1.23627e-03   6.65050e-06   2.30898e-01
 EXTERNAL ERROR MATRIX.    NDIM=  25    NPAR=  4    ERR DEF=1
  1.866e+01 -1.738e+00 -2.197e-01  1.073e-03 
 -1.738e+00  4.592e-01 -3.449e-02  1.684e-04 
 -2.197e-01 -3.449e-02  1.292e-02 -7.318e-05 
  1.073e-03  1.684e-04 -7.318e-05  1.528e-06 
 PARAMETER  CORRELATION COEFFICIENTS  
       NO.  GLOBAL     18     19     20     22
       18  0.99687   1.000 -0.594 -0.447  0.201
       19  0.99687  -0.594  1.000 -0.448  0.201
       20  0.99649  -0.447 -0.448  1.000 -0.521
       22  0.78477   0.201  0.201 -0.521  1.000
MINUIT - FIT ONLY 2-y
 **********
 **   76 **RES 
 **********
                   PARAMETER   14  ANy2 RESTORED TO VARIABLE.
                   PARAMETER    8  phi_CBO RESTORED TO VARIABLE.
                   PARAMETER    7  w_CBO RESTORED TO VARIABLE.
                   PARAMETER    6  A_CBO RESTORED TO VARIABLE.
                   PARAMETER    4  phi RESTORED TO VARIABLE.
                   PARAMETER    3  A0 RESTORED TO VARIABLE.
                   PARAMETER    1  N0 RESTORED TO VARIABLE.
 **********
 **   77 **FIX            0
 **********
 PARAMETER    0  IS UNDEFINED. IGNORED.
 **********
 **   78 **FIX            1
 **********
 **********
 **   79 **FIX            2
 **********
 PARAMETER    2  IS CONSTANT.   IGNORED.
 **********
 **   80 **FIX            3
 **********
 **********
 **   81 **FIX            4
 **********
 **********
 **   82 **FIX            5
 **********
 PARAMETER    5  IS CONSTANT.   IGNORED.
 **********
 **   83 **FIX            6
 **********
 **********
 **   84 **FIX            7
 **********
 **********
 **   85 **FIX            8
 **********
 **********
 **   86 **FIX            9
 **********
 PARAMETER    9  IS CONSTANT.   IGNORED.
 **********
 **   87 **FIX           10
 **********
 PARAMETER   10  IS CONSTANT.   IGNORED.
 **********
 **   88 **FIX           11
 **********
 PARAMETER   11  IS CONSTANT.   IGNORED.
 **********
 **   89 **FIX           12
 **********
 PARAMETER   12  IS CONSTANT.   IGNORED.
 **********
 **   90 **FIX           16
 **********
 PARAMETER   16  IS CONSTANT.   IGNORED.
 **********
 **   91 **MIGRAD
 **********
 START MIGRAD MINIMIZATION.  STRATEGY  1.  CONVERGENCE WHEN EDM .LT. 1.00e-04
 FCN=314.97 FROM MIGRAD    STATUS=INITIATE       10 CALLS         964 TOTAL
                     EDM= unknown      STRATEGY= 1      NO ERROR MATRIX       
  EXT PARAMETER               CURRENT GUESS       STEP         FIRST   
  NO.   NAME      VALUE            ERROR          SIZE      DERIVATIVE 
   1  N0           3.49984e+06     fixed    
   2  tau          6.44119e+01   constant   
   3  A0           3.53596e-01     fixed    
   4  phi          4.12073e+00     fixed    
   5  R           -6.09180e+01   constant   
   6  A_CBO        5.85239e-04     fixed    
   7  w_CBO        2.32297e+00     fixed    
   8  phi_CBO      5.97741e+00     fixed    
   9  ANx2         2.22853e-04   constant   
  10  pNx2         5.08518e+00   constant   
  11  ANy1         0.00000e+00   constant   
  12  pNy1         0.00000e+00   constant   
  13  w_y          0.00000e+00   constant   
  14  ANy2         5.23506e-04   7.58371e-04   7.58371e-04   9.12063e+01
  15  pNy2         3.29982e+00   constant   
  16  w_vw         1.43191e+01   constant   
  17  LM           2.21951e-04   constant   
  18  wCBO_expCoeff   1.93403e+02   4.32023e+00   2.96401e-03  -4.06226e-04
  19  wCBO_expOffset   1.99184e+02   6.77652e-01   4.64824e-04  -2.58995e-03
  20  wCBO_expT    3.03300e+01   1.13687e-01   8.25871e-05  -1.12701e-02
  21  wCBO_linCoeff   0.00000e+00   constant   
  22  wCBO_const  -3.63373e-03   1.23627e-03   6.65050e-06   2.31963e-01
 MIGRAD MINIMIZATION HAS CONVERGED.
 MIGRAD WILL VERIFY CONVERGENCE AND ERROR MATRIX.
 COVARIANCE MATRIX CALCULATED SUCCESSFULLY
 FCN=314.969 FROM MIGRAD    STATUS=CONVERGED      52 CALLS        1006 TOTAL
                     EDM=2.67003e-07    STRATEGY= 1      ERROR MATRIX ACCURATE 
  EXT PARAMETER                                   STEP         FIRST   
  NO.   NAME      VALUE            ERROR          SIZE      DERIVATIVE 
   1  N0           3.49984e+06     fixed    
   2  tau          6.44119e+01   constant   
   3  A0           3.53596e-01     fixed    
   4  phi          4.12073e+00     fixed    
   5  R           -6.09180e+01   constant   
   6  A_CBO        5.85239e-04     fixed    
   7  w_CBO        2.32297e+00     fixed    
   8  phi_CBO      5.97741e+00     fixed    
   9  ANx2         2.22853e-04   constant   
  10  pNx2         5.08518e+00   constant   
  11  ANy1         0.00000e+00   constant   
  12  pNy1         0.00000e+00   constant   
  13  w_y          0.00000e+00   constant   
  14  ANy2         4.97426e-04   7.56265e-04   6.56372e-06   3.16952e-03
  15  pNy2         3.29982e+00   constant   
  16  w_vw         1.43191e+01   constant   
  17  LM           2.21951e-04   constant   
  18  wCBO_expCoeff   1.93403e+02   4.31185e+00   2.96385e-03  -1.10010e-03
  19  wCBO_expOffset   1.99184e+02   6.76348e-01   4.64799e-04  -7.01482e-03
  20  wCBO_expT    3.03300e+01   1.13472e-01   8.25830e-05  -3.36349e-02
  21  wCBO_linCoeff   0.00000e+00   constant   
  22  wCBO_const  -3.63380e-03   1.23576e-03   6.65045e-06   1.74481e-01
 EXTERNAL ERROR MATRIX.    NDIM=  25    NPAR=  5    ERR DEF=1
  5.719e-07 -5.180e-06 -8.139e-07  2.202e-07  2.133e-09 
 -5.180e-06  1.859e+01 -1.731e+00 -2.189e-01  1.070e-03 
 -8.139e-07 -1.731e+00  4.574e-01 -3.436e-02  1.678e-04 
  2.202e-07 -2.189e-01 -3.436e-02  1.288e-02 -7.296e-05 
  2.133e-09  1.070e-03  1.678e-04 -7.296e-05  1.527e-06 
 PARAMETER  CORRELATION COEFFICIENTS  
       NO.  GLOBAL     14     18     19     20     22
       14  0.00869   1.000 -0.002 -0.002  0.003  0.002
       18  0.99686  -0.002  1.000 -0.593 -0.447  0.201
       19  0.99686  -0.002 -0.593  1.000 -0.448  0.201
       20  0.99648   0.003 -0.447 -0.448  1.000 -0.520
       22  0.78477   0.002  0.201  0.201 -0.520  1.000
MINUIT - FIT ALTOGETHER
 **********
 **   92 **RES 
 **********
                   PARAMETER    8  phi_CBO RESTORED TO VARIABLE.
                   PARAMETER    7  w_CBO RESTORED TO VARIABLE.
                   PARAMETER    6  A_CBO RESTORED TO VARIABLE.
                   PARAMETER    4  phi RESTORED TO VARIABLE.
                   PARAMETER    3  A0 RESTORED TO VARIABLE.
                   PARAMETER    1  N0 RESTORED TO VARIABLE.
 **********
 **   93 **MIGRAD
 **********
 START MIGRAD MINIMIZATION.  STRATEGY  1.  CONVERGENCE WHEN EDM .LT. 1.00e-04
 FCN=314.969 FROM MIGRAD    STATUS=INITIATE       22 CALLS        1028 TOTAL
                     EDM= unknown      STRATEGY= 1      NO ERROR MATRIX       
  EXT PARAMETER               CURRENT GUESS       STEP         FIRST   
  NO.   NAME      VALUE            ERROR          SIZE      DERIVATIVE 
   1  N0           3.49984e+06   1.87565e+03   1.87565e+03   7.22383e-05
   2  tau          6.44119e+01   constant   
   3  A0           3.53596e-01   7.29610e-04   7.29610e-04  -3.55068e+02
   4  phi          4.12073e+00   2.10494e-03   2.10494e-03  -1.79617e+02
   5  R           -6.09180e+01   constant   
   6  A_CBO        5.85239e-04   8.05314e-04   8.05314e-04  -3.66525e+02
   7  w_CBO        2.32297e+00   1.72799e-02   1.72799e-02  -1.71163e-02
   8  phi_CBO      5.97741e+00   1.57487e+00   1.57487e+00   1.95665e-03
   9  ANx2         2.22853e-04   constant   
  10  pNx2         5.08518e+00   constant   
  11  ANy1         0.00000e+00   constant   
  12  pNy1         0.00000e+00   constant   
  13  w_y          0.00000e+00   constant   
  14  ANy2         4.97426e-04   7.56265e-04   6.56372e-06   3.16975e-03
  15  pNy2         3.29982e+00   constant   
  16  w_vw         1.43191e+01   constant   
  17  LM           2.21951e-04   constant   
  18  wCBO_expCoeff   1.93403e+02   4.31185e+00   2.96385e-03  -1.13087e-03
  19  wCBO_expOffset   1.99184e+02   6.76348e-01   4.64799e-04  -7.20864e-03
  20  wCBO_expT    3.03300e+01   1.13472e-01   8.25830e-05  -3.46366e-02
  21  wCBO_linCoeff   0.00000e+00   constant   
  22  wCBO_const  -3.63380e-03   1.23576e-03   6.65045e-06   1.75517e-01
 MIGRAD MINIMIZATION HAS CONVERGED.
 MIGRAD WILL VERIFY CONVERGENCE AND ERROR MATRIX.
 COVARIANCE MATRIX CALCULATED SUCCESSFULLY
 FCN=314.899 FROM MIGRAD    STATUS=CONVERGED     196 CALLS        1202 TOTAL
                     EDM=1.82321e-05    STRATEGY= 1      ERROR MATRIX ACCURATE 
  EXT PARAMETER                                   STEP         FIRST   
  NO.   NAME      VALUE            ERROR          SIZE      DERIVATIVE 
