 + ++++++++++++++++++++++++++++++++++++++++++++++++++++++++++++++++++++ +
 +                                                                      +
 +           You have chose to blind your fitting according to          +
 +                omega_ref * (1 + (R +/- deltaR) *10^{-6})             +
 +                                                                      +
 + ++++++++++++++++++++++++++++++++++++++++++++++++++++++++++++++++++++ +
In main()...
reading format from /gm2data/zkhechad/run45/envelope/formats/formatB_sBin_constraintOn.txt
pBinTau 	= 0  
pBinPhi 	= 0  
constraintau 	= 1 
includeMopTerm 	= 0    
constrainMop    = 0   
Parameters after format file: pBinTau 0 pBinPhi 0 constraintau 1 includeMopTerm 0 constrainMop 0 c_e_scale 0.000000 
reading cbo reference file (full fit) from /gm2data/zkhechad/cboTemplates/Run4CBOTemplates/fullFits/run4/sBin_constraintOn_cE0.0_seed0_run4_calo18.root
A_CBO 0.008791 w_CBO 2.327338 phi_CBO 0.630678 N0 3499835.498759 R -60.917989 tau 64.411905 
Reading cboRef file /gm2data/zkhechad/cboTemplates/Run4CBOTemplates//cboIsolate/run4_calo18.root
deltaT 164.120000
windowBins = 1100
fitting sliding window 2260 from bin 2463 at 367.479600 to bin 3563 at 531.599600 (1100 bins)

Reading data from /gm2data/cornell/histograms/aMethod/histogram_a_run4.root
fitting cbo isolate
 **********
 **    1 **SET PRINTOUT            1
 **********
 **********
 **    2 **SET NOWARNINGS 
 **********
 PARAMETER DEFINITIONS:
    NO.   NAME         VALUE      STEP SIZE      LIMITS
     1 A_CBO        8.79094e-03  1.00000e-05     no limits
     2 w_CBO        2.32734e+00  1.00000e-02    2.00000e+00  3.00000e+00
     3 phi_CBO      6.30678e-01  1.00000e-02    0.00000e+00  6.28319e+00
 **********
 **    3 **MIGRAD
 **********
 FIRST CALL TO USER FUNCTION AT NEW START POINT, WITH IFLAG=4.
 START MIGRAD MINIMIZATION.  STRATEGY  1.  CONVERGENCE WHEN EDM .LT. 1.00e-04
 FCN=0.21434 FROM MIGRAD    STATUS=INITIATE       12 CALLS          13 TOTAL
                     EDM= unknown      STRATEGY= 1      NO ERROR MATRIX       
  EXT PARAMETER               CURRENT GUESS       STEP         FIRST   
  NO.   NAME      VALUE            ERROR          SIZE      DERIVATIVE 
   1  A_CBO        8.79094e-03   1.00000e-05   1.00000e-05   7.35255e+00
   2  w_CBO        2.32734e+00   1.00000e-02   2.13132e-02   4.52056e+00
   3  phi_CBO      6.30678e-01   1.00000e-02   5.29649e-03  -3.74928e-02
 MIGRAD MINIMIZATION HAS CONVERGED.
 MIGRAD WILL VERIFY CONVERGENCE AND ERROR MATRIX.
 FCN=0.187034 FROM HESSE     STATUS=NOT POSDEF     18 CALLS          82 TOTAL
                     EDM=0.0127908    STRATEGY= 1      ERR MATRIX NOT POS-DEF
  EXT PARAMETER                APPROXIMATE        STEP         FIRST   
  NO.   NAME      VALUE            ERROR          SIZE      DERIVATIVE 
   1  A_CBO        3.03865e-03   1.79348e-02   2.26419e-05  -4.40961e-02
   2  w_CBO        2.32427e+00   2.24755e-01   3.38357e-05   6.06601e-03
   3  phi_CBO      6.27462e+00   3.48474e+00   4.81929e-02   4.47677e-05
 MIGRAD MINIMIZATION HAS CONVERGED.
 MIGRAD WILL VERIFY CONVERGENCE AND ERROR MATRIX.
 COVARIANCE MATRIX CALCULATED SUCCESSFULLY
 FCN=0.186789 FROM MIGRAD    STATUS=CONVERGED     190 CALLS         191 TOTAL
                     EDM=5.62588e-08    STRATEGY= 1      ERROR MATRIX ACCURATE 
  EXT PARAMETER                                   STEP         FIRST   
  NO.   NAME      VALUE            ERROR          SIZE      DERIVATIVE 
   1  A_CBO        3.15571e-03   4.27024e-02   2.26506e-05   5.08862e-03
   2  w_CBO        2.31976e+00   2.64088e-01   3.28209e-05  -7.45363e-04
   3  phi_CBO      4.14498e+00   3.73234e+00   2.42665e-03   1.61031e-05
 EXTERNAL ERROR MATRIX.    NDIM=  25    NPAR=  3    ERR DEF=1
  1.823e-03 -8.979e-04 -4.230e-01 
 -8.979e-04  7.881e-02  3.688e+01 
 -4.230e-01  3.688e+01  1.744e+04 
 PARAMETER  CORRELATION COEFFICIENTS  
       NO.  GLOBAL      1      2      3
        1  0.07506   1.000 -0.075 -0.075
        2  0.99474  -0.075  1.000  0.995
        3  0.99474  -0.075  0.995  1.000
setting A_CBO=0.003156 w_CBO=2.319756, phi_CBO=4.144980
done fitting cbo isolate
 **********
 **    1 **SET PRINTOUT            1
 **********
 **********
 **    2 **SET NOWARNINGS 
 **********
 PARAMETER DEFINITIONS:
    NO.   NAME         VALUE      STEP SIZE      LIMITS
     1 N0           3.49984e+06  1.00000e+02     no limits
     2 tau          6.44119e+01  constant
     3 A0           3.53539e-01  1.00000e-04     no limits
     4 phi          4.12187e+00  1.00000e-02     no limits
     5 R           -6.09180e+01  constant
     6 A_CBO        3.15571e-03  1.00000e-05     no limits
     7 w_CBO        2.31976e+00  1.00000e-03     no limits
     8 phi_CBO      4.14498e+00  1.00000e-04     no limits
     9 ANx2         2.22853e-04  constant
    10 pNx2         5.08518e+00  constant
    11 ANy1         0.00000e+00  constant
    12 pNy1         0.00000e+00  constant
    13 w_y          0.00000e+00  constant
    14 ANy2         9.04789e-03  1.00000e-04     no limits
    15 pNy2         3.29982e+00  constant
    16 w_vw         1.43191e+01  constant
    17 LM           2.21951e-04  constant
    18 wCBO_expCoeff   2.00000e+02  1.00000e+00     no limits
    19 wCBO_expOffset   2.00000e+02  1.00000e+00     no limits
    20 wCBO_expT    3.00000e+01  1.00000e+00     no limits
    21 wCBO_linCoeff   0.00000e+00  constant
    22 wCBO_const   0.00000e+00  1.00000e-02     no limits
MINUIT - FIT ONLY WIGGLE
 **********
 **    3 **FIX            5
 **********
 PARAMETER    5  IS CONSTANT.   IGNORED.
 **********
 **    4 **FIX            6
 **********
 **********
 **    5 **FIX            7
 **********
 **********
 **    6 **FIX            8
 **********
 **********
 **    7 **FIX            9
 **********
 PARAMETER    9  IS CONSTANT.   IGNORED.
 **********
 **    8 **FIX           10
 **********
 PARAMETER   10  IS CONSTANT.   IGNORED.
 **********
 **    9 **FIX           11
 **********
 PARAMETER   11  IS CONSTANT.   IGNORED.
 **********
 **   10 **FIX           12
 **********
 PARAMETER   12  IS CONSTANT.   IGNORED.
 **********
 **   11 **FIX           13
 **********
 PARAMETER   13  IS CONSTANT.   IGNORED.
 **********
 **   12 **FIX           14
 **********
 **********
 **   13 **FIX           15
 **********
 PARAMETER   15  IS CONSTANT.   IGNORED.
 **********
 **   14 **FIX           16
 **********
 PARAMETER   16  IS CONSTANT.   IGNORED.
 **********
 **   15 **MIGRAD
 **********
 FIRST CALL TO USER FUNCTION AT NEW START POINT, WITH IFLAG=4.
 START MIGRAD MINIMIZATION.  STRATEGY  1.  CONVERGENCE WHEN EDM .LT. 1.00e-04
 FCN=446.884 FROM MIGRAD    STATUS=INITIATE       53 CALLS          54 TOTAL
                     EDM= unknown      STRATEGY= 1      NO ERROR MATRIX       
  EXT PARAMETER               CURRENT GUESS       STEP         FIRST   
  NO.   NAME      VALUE            ERROR          SIZE      DERIVATIVE 
   1  N0           3.49984e+06   1.00000e+02   0.00000e+00   4.27518e-04
   2  tau          6.44119e+01   constant   
   3  A0           3.53539e-01   1.00000e-04   0.00000e+00  -2.07920e+02
   4  phi          4.12187e+00   1.00000e-02   0.00000e+00   2.10856e+02
   5  R           -6.09180e+01   constant   
   6  A_CBO        3.15571e-03     fixed    
   7  w_CBO        2.31976e+00     fixed    
   8  phi_CBO      4.14498e+00     fixed    
   9  ANx2         2.22853e-04   constant   
  10  pNx2         5.08518e+00   constant   
  11  ANy1         0.00000e+00   constant   
  12  pNy1         0.00000e+00   constant   
  13  w_y          0.00000e+00   constant   
  14  ANy2         9.04789e-03     fixed    
  15  pNy2         3.29982e+00   constant   
  16  w_vw         1.43191e+01   constant   
  17  LM           2.21951e-04   constant   
  18  wCBO_expCoeff   1.99083e+02   1.00000e+00  -9.17270e-01  -9.19436e-01
  19  wCBO_expOffset   2.00000e+02   1.00000e+00   0.00000e+00  -6.10146e+00
  20  wCBO_expT    3.00000e+01   1.00000e+00   0.00000e+00  -3.08379e+01
  21  wCBO_linCoeff   0.00000e+00   constant   
  22  wCBO_const   0.00000e+00   1.00000e-02   0.00000e+00   3.22514e+02
 MIGRAD MINIMIZATION HAS CONVERGED.
 FCN=440.718 FROM MIGRAD    STATUS=CONVERGED     258 CALLS         259 TOTAL
                     EDM=1.06957e-07    STRATEGY= 1  ERROR MATRIX UNCERTAINTY   0.4 per cent
  EXT PARAMETER                                   STEP         FIRST   
  NO.   NAME      VALUE            ERROR          SIZE      DERIVATIVE 
   1  N0           3.49934e+06   1.92055e+03   7.73019e+00   2.92778e-07
   2  tau          6.44119e+01   constant   
   3  A0           3.53568e-01   7.36244e-04  -1.05437e-06   1.52526e-01
   4  phi          4.12087e+00   2.17331e-03   3.57981e-05  -1.11976e-02
   5  R           -6.09180e+01   constant   
   6  A_CBO        3.15571e-03     fixed    
   7  w_CBO        2.31976e+00     fixed    
   8  phi_CBO      4.14498e+00     fixed    
   9  ANx2         2.22853e-04   constant   
  10  pNx2         5.08518e+00   constant   
  11  ANy1         0.00000e+00   constant   
  12  pNy1         0.00000e+00   constant   
  13  w_y          0.00000e+00   constant   
  14  ANy2         9.04789e-03     fixed    
  15  pNy2         3.29982e+00   constant   
  16  w_vw         1.43191e+01   constant   
  17  LM           2.21951e-04   constant   
  18  wCBO_expCoeff   1.92741e+02   2.65856e+00  -1.85458e-02  -8.63049e-05
  19  wCBO_expOffset   1.99042e+02   4.01885e-01  -2.79553e-03  -5.44111e-04
  20  wCBO_expT    3.03765e+01   1.48804e-01   9.87317e-04  -3.54914e-03
  21  wCBO_linCoeff   0.00000e+00   constant   
  22  wCBO_const  -4.56253e-03   9.94146e-04  -4.11528e-06   2.29678e-01
 EXTERNAL ERROR MATRIX.    NDIM=  25    NPAR=  7    ERR DEF=1
  3.689e+06  2.090e-02  2.249e-02 -1.955e+02 -2.954e+01  1.008e+01  4.219e-02 
  2.090e-02  5.421e-07 -2.217e-09 -1.607e-04 -2.430e-05  9.333e-06 -7.807e-08 
  2.249e-02 -2.217e-09  4.723e-06  1.063e-04  1.603e-05 -4.553e-06 -1.426e-07 
 -1.955e+02 -1.607e-04  1.063e-04  7.068e+00  1.062e+00 -3.944e-01  2.108e-03 
 -2.954e+01 -2.430e-05  1.603e-05  1.062e+00  1.615e-01 -5.962e-02  3.188e-04 
  1.008e+01  9.333e-06 -4.553e-06 -3.944e-01 -5.962e-02  2.214e-02 -1.218e-04 
  4.219e-02 -7.807e-08 -1.426e-07  2.108e-03  3.188e-04 -1.218e-04  9.883e-07 
 PARAMETER  CORRELATION COEFFICIENTS  
       NO.  GLOBAL      1      3      4     18     19     20     22
        1  0.10130   1.000  0.015  0.005 -0.038 -0.038  0.035  0.022
        3  0.10872   0.015  1.000 -0.001 -0.082 -0.082  0.085 -0.107
        4  0.14319   0.005 -0.001  1.000  0.018  0.018 -0.014 -0.066
       18  0.99813  -0.038 -0.082  0.018  1.000  0.994 -0.997  0.798
       19  0.99811  -0.038 -0.082  0.018  0.994  1.000 -0.997  0.798
       20  0.99941   0.035  0.085 -0.014 -0.997 -0.997  1.000 -0.824
       22  0.92741   0.022 -0.107 -0.066  0.798  0.798 -0.824  1.000
MINUIT - FIT ONLY 1-CBO + other amplitudes 
 **********
 **   16 **RES 
 **********
                   PARAMETER   14  ANy2 RESTORED TO VARIABLE.
                   PARAMETER    8  phi_CBO RESTORED TO VARIABLE.
                   PARAMETER    7  w_CBO RESTORED TO VARIABLE.
                   PARAMETER    6  A_CBO RESTORED TO VARIABLE.
 **********
 **   17 **FIX            0
 **********
 PARAMETER    0  IS UNDEFINED. IGNORED.
 **********
 **   18 **FIX            1
 **********
 **********
 **   19 **FIX            2
 **********
 PARAMETER    2  IS CONSTANT.   IGNORED.
 **********
 **   20 **FIX            3
 **********
 **********
 **   21 **FIX            4
 **********
 **********
 **   22 **FIX            9
 **********
 PARAMETER    9  IS CONSTANT.   IGNORED.
 **********
 **   23 **FIX           11
 **********
 PARAMETER   11  IS CONSTANT.   IGNORED.
 **********
 **   24 **FIX           12
 **********
 PARAMETER   12  IS CONSTANT.   IGNORED.
 **********
 **   25 **FIX           14
 **********
 **********
 **   26 **FIX           15
 **********
 PARAMETER   15  IS CONSTANT.   IGNORED.
 **********
 **   27 **FIX           16
 **********
 PARAMETER   16  IS CONSTANT.   IGNORED.
 **********
 **   28 **MIGRAD
 **********
 START MIGRAD MINIMIZATION.  STRATEGY  1.  CONVERGENCE WHEN EDM .LT. 1.00e-04
 FCN=440.718 FROM MIGRAD    STATUS=INITIATE       20 CALLS         279 TOTAL
                     EDM= unknown      STRATEGY= 1      NO ERROR MATRIX       
  EXT PARAMETER               CURRENT GUESS       STEP         FIRST   
  NO.   NAME      VALUE            ERROR          SIZE      DERIVATIVE 
   1  N0           3.49934e+06     fixed    
   2  tau          6.44119e+01   constant   
   3  A0           3.53568e-01     fixed    
   4  phi          4.12087e+00     fixed    
   5  R           -6.09180e+01   constant   
   6  A_CBO        3.15571e-03   1.00000e-05   1.00000e-05   6.44459e+03
   7  w_CBO        2.31976e+00   1.00000e-03   1.00000e-03   9.28468e-02
   8  phi_CBO      4.14498e+00   1.00000e-04   1.00000e-04  -2.20630e-03
   9  ANx2         2.22853e-04   constant   
  10  pNx2         5.08518e+00   constant   
  11  ANy1         0.00000e+00   constant   
  12  pNy1         0.00000e+00   constant   
  13  w_y          0.00000e+00   constant   
  14  ANy2         9.04789e-03     fixed    
  15  pNy2         3.29982e+00   constant   
  16  w_vw         1.43191e+01   constant   
  17  LM           2.21951e-04   constant   
  18  wCBO_expCoeff   1.92741e+02   2.65856e+00  -1.85458e-02  -8.62723e-05
  19  wCBO_expOffset   1.99042e+02   4.01885e-01  -2.79553e-03  -5.43937e-04
  20  wCBO_expT    3.03765e+01   1.48804e-01   9.87317e-04  -3.54839e-03
  21  wCBO_linCoeff   0.00000e+00   constant   
  22  wCBO_const  -4.56253e-03   9.94146e-04  -4.11528e-06   2.29677e-01
 MIGRAD MINIMIZATION HAS CONVERGED.
 MIGRAD WILL VERIFY CONVERGENCE AND ERROR MATRIX.
 FCN=434.292 FROM HESSE     STATUS=NOT POSDEF     50 CALLS         388 TOTAL
                     EDM=5.54464e-05    STRATEGY= 1      ERR MATRIX NOT POS-DEF
  EXT PARAMETER                APPROXIMATE        STEP         FIRST   
  NO.   NAME      VALUE            ERROR          SIZE      DERIVATIVE 
   1  N0           3.49934e+06     fixed    
   2  tau          6.44119e+01   constant   
   3  A0           3.53568e-01     fixed    
   4  phi          4.12087e+00     fixed    
   5  R           -6.09180e+01   constant   
   6  A_CBO        1.15986e-03   7.88445e-04   7.99402e-06   1.29484e+00
   7  w_CBO        2.31977e+00   1.04405e-02   1.05571e-05  -2.06603e+00
   8  phi_CBO      4.15667e+00   1.28279e+00   6.72531e-03  -6.11090e-03
   9  ANx2         2.22853e-04   constant   
  10  pNx2         5.08518e+00   constant   
  11  ANy1         0.00000e+00   constant   
  12  pNy1         0.00000e+00   constant   
  13  w_y          0.00000e+00   constant   
  14  ANy2         9.04789e-03     fixed    
  15  pNy2         3.29982e+00   constant   
  16  w_vw         1.43191e+01   constant   
  17  LM           2.21951e-04   constant   
  18  wCBO_expCoeff   1.92754e+02   3.17799e+00   2.94557e-03   3.09528e-03
  19  wCBO_expOffset   1.99044e+02   5.00918e-01   4.64219e-04   1.96410e-02
  20  wCBO_expT    3.03768e+01   8.29498e-02   7.92514e-05   2.06518e-02
  21  wCBO_linCoeff   0.00000e+00   constant   
  22  wCBO_const  -4.56488e-03   4.50560e-03   6.01676e-06  -5.41414e+00
 MIGRAD MINIMIZATION HAS CONVERGED.
 MIGRAD WILL VERIFY CONVERGENCE AND ERROR MATRIX.
 FCN=434.292 FROM MIGRAD    STATUS=CONVERGED     199 CALLS         458 TOTAL
                     EDM=9.90263e-06    STRATEGY= 1      ERR MATRIX NOT POS-DEF
  EXT PARAMETER                APPROXIMATE        STEP         FIRST   
  NO.   NAME      VALUE            ERROR          SIZE      DERIVATIVE 
   1  N0           3.49934e+06     fixed    
   2  tau          6.44119e+01   constant   
   3  A0           3.53568e-01     fixed    
   4  phi          4.12087e+00     fixed    
   5  R           -6.09180e+01   constant   
   6  A_CBO        1.15957e-03   7.88220e-04   8.00162e-06  -3.85360e-01
   7  w_CBO        2.31977e+00   1.04264e-02   1.05337e-05   2.48626e-01
   8  phi_CBO      4.16600e+00   1.28443e+00   6.73122e-03   6.46766e-04
   9  ANx2         2.22853e-04   constant   
  10  pNx2         5.08518e+00   constant   
  11  ANy1         0.00000e+00   constant   
  12  pNy1         0.00000e+00   constant   
  13  w_y          0.00000e+00   constant   
  14  ANy2         9.04789e-03     fixed    
  15  pNy2         3.29982e+00   constant   
  16  w_vw         1.43191e+01   constant   
  17  LM           2.21951e-04   constant   
  18  wCBO_expCoeff   1.92749e+02   3.17396e+00   2.93822e-03   1.15448e-04
  19  wCBO_expOffset   1.99043e+02   5.00315e-01   4.63046e-04   7.32568e-04
  20  wCBO_expT    3.03771e+01   8.28593e-02   7.90522e-05  -4.36484e-02
  21  wCBO_linCoeff   0.00000e+00   constant   
  22  wCBO_const  -4.55840e-03   4.50003e-03   6.00443e-06   5.56878e-01
 EXTERNAL ERROR MATRIX.    NDIM=  25    NPAR=  7    ERR DEF=1
  6.213e-07  3.814e-08 -8.940e-06 -2.072e-05 -3.274e-06 -1.947e-08  2.328e-08 
  3.814e-08  1.087e-04  1.052e-03 -2.856e-03 -4.520e-04 -9.993e-05 -4.471e-05 
 -8.940e-06  1.052e-03  1.650e+00 -1.130e-02 -1.788e-03 -4.453e-04  7.378e-04 
 -2.072e-05 -2.856e-03 -1.130e-02  1.007e+01 -8.930e-01 -1.160e-01  1.654e-03 
 -3.274e-06 -4.520e-04 -1.788e-03 -8.930e-01  2.503e-01 -1.829e-02  2.614e-04 
 -1.947e-08 -9.993e-05 -4.453e-04 -1.160e-01 -1.829e-02  6.866e-03  5.778e-06 
  2.328e-08 -4.471e-05  7.378e-04  1.654e-03  2.614e-04  5.778e-06  2.025e-05 
ERR MATRIX NOT POS-DEF
 PARAMETER  CORRELATION COEFFICIENTS  
       NO.  GLOBAL      6      7      8     18     19     20     22
        6  0.11392   1.000  0.005 -0.009 -0.008 -0.008 -0.000  0.007
        7  0.99510   0.005  1.000  0.079 -0.086 -0.087 -0.116 -0.953
        8  0.85845  -0.009  0.079  1.000 -0.003 -0.003 -0.004  0.128
       18  0.99590  -0.008 -0.086 -0.003  1.000 -0.562 -0.441  0.116
       19  0.99590  -0.008 -0.087 -0.003 -0.562  1.000 -0.441  0.116
       20  0.99564  -0.000 -0.116 -0.004 -0.441 -0.441  1.000  0.015
       22  0.99143   0.007 -0.953  0.128  0.116  0.116  0.015  1.000
 ERR MATRIX NOT POS-DEF
MINUIT - FIT ONLY 1-CBO
 **********
 **   29 **RES 
 **********
                   PARAMETER   14  ANy2 RESTORED TO VARIABLE.
                   PARAMETER    4  phi RESTORED TO VARIABLE.
                   PARAMETER    3  A0 RESTORED TO VARIABLE.
                   PARAMETER    1  N0 RESTORED TO VARIABLE.
 **********
 **   30 **FIX            0
 **********
 PARAMETER    0  IS UNDEFINED. IGNORED.
 **********
 **   31 **FIX            1
 **********
 **********
 **   32 **FIX            2
 **********
 PARAMETER    2  IS CONSTANT.   IGNORED.
 **********
 **   33 **FIX            3
 **********
 **********
 **   34 **FIX            4
 **********
 **********
 **   35 **FIX            8
 **********
 **********
 **   36 **FIX            9
 **********
 PARAMETER    9  IS CONSTANT.   IGNORED.
 **********
 **   37 **FIX           11
 **********
 PARAMETER   11  IS CONSTANT.   IGNORED.
 **********
 **   38 **FIX           12
 **********
 PARAMETER   12  IS CONSTANT.   IGNORED.
 **********
 **   39 **FIX           13
 **********
 PARAMETER   13  IS CONSTANT.   IGNORED.
 **********
 **   40 **FIX           15
 **********
 PARAMETER   15  IS CONSTANT.   IGNORED.
 **********
 **   41 **FIX           16
 **********
 PARAMETER   16  IS CONSTANT.   IGNORED.
 **********
 **   42 **MIGRAD
 **********
 START MIGRAD MINIMIZATION.  STRATEGY  1.  CONVERGENCE WHEN EDM .LT. 1.00e-04
 FCN=434.292 FROM MIGRAD    STATUS=INITIATE       16 CALLS         474 TOTAL
                     EDM= unknown      STRATEGY= 1      NO ERROR MATRIX       
  EXT PARAMETER               CURRENT GUESS       STEP         FIRST   
  NO.   NAME      VALUE            ERROR          SIZE      DERIVATIVE 
   1  N0           3.49934e+06     fixed    
   2  tau          6.44119e+01   constant   
   3  A0           3.53568e-01     fixed    
   4  phi          4.12087e+00     fixed    
   5  R           -6.09180e+01   constant   
   6  A_CBO        1.15957e-03   7.88220e-04   8.00162e-06  -3.85359e-01
   7  w_CBO        2.31977e+00   1.04264e-02   1.05337e-05   2.48719e-01
   8  phi_CBO      4.16600e+00     fixed    
   9  ANx2         2.22853e-04   constant   
  10  pNx2         5.08518e+00   constant   
  11  ANy1         0.00000e+00   constant   
  12  pNy1         0.00000e+00   constant   
  13  w_y          0.00000e+00   constant   
  14  ANy2         9.04789e-03   1.00000e-04   1.00000e-04   2.80869e+04
  15  pNy2         3.29982e+00   constant   
  16  w_vw         1.43191e+01   constant   
  17  LM           2.21951e-04   constant   
  18  wCBO_expCoeff   1.92749e+02   3.17396e+00   2.93822e-03   1.16870e-04
  19  wCBO_expOffset   1.99043e+02   5.00315e-01   4.63046e-04   7.42117e-04
  20  wCBO_expT    3.03771e+01   8.28593e-02   7.90522e-05  -4.32851e-02
  21  wCBO_linCoeff   0.00000e+00   constant   
  22  wCBO_const  -4.55840e-03   4.50003e-03   6.00443e-06   5.53066e-01
 MIGRAD MINIMIZATION HAS CONVERGED.
 MIGRAD WILL VERIFY CONVERGENCE AND ERROR MATRIX.
 FCN=315.075 FROM MIGRAD    STATUS=CONVERGED     339 CALLS         797 TOTAL
                     EDM=1.62597e-06    STRATEGY= 1      ERR MATRIX NOT POS-DEF
  EXT PARAMETER                APPROXIMATE        STEP         FIRST   
  NO.   NAME      VALUE            ERROR          SIZE      DERIVATIVE 
   1  N0           3.49934e+06     fixed    
   2  tau          6.44119e+01   constant   
   3  A0           3.53568e-01     fixed    
   4  phi          4.12087e+00     fixed    
   5  R           -6.09180e+01   constant   
   6  A_CBO        6.99064e-04   7.91433e-04   6.84195e-06   1.33369e+00
   7  w_CBO        2.32065e+00   7.57986e-03   1.80283e-05  -1.43545e-01
   8  phi_CBO      4.16600e+00     fixed    
   9  ANx2         2.22853e-04   constant   
  10  pNx2         5.08518e+00   constant   
  11  ANy1         0.00000e+00   constant   
  12  pNy1         0.00000e+00   constant   
  13  w_y          0.00000e+00   constant   
  14  ANy2         5.38390e-04   7.74971e-04   6.73744e-06  -1.37429e+00
  15  pNy2         3.29982e+00   constant   
  16  w_vw         1.43191e+01   constant   
  17  LM           2.21951e-04   constant   
  18  wCBO_expCoeff   1.93961e+02   1.12322e+01   8.53630e-03  -1.15521e-03
  19  wCBO_expOffset   1.99234e+02   1.75626e+00   1.33423e-03  -7.39077e-03
  20  wCBO_expT    3.03170e+01   1.82296e-01   2.21755e-04  -4.24030e-02
  21  wCBO_linCoeff   0.00000e+00   constant   
  22  wCBO_const  -4.89164e-03   3.27074e-03   8.66140e-06  -1.09475e-01
 EXTERNAL ERROR MATRIX.    NDIM=  25    NPAR=  7    ERR DEF=1
  6.264e-07  1.265e-07  2.329e-09 -1.573e-04 -2.467e-05  9.188e-06  6.333e-08 
  1.265e-07  5.745e-05  3.082e-08 -2.476e-04 -4.202e-05 -1.384e-04 -2.266e-05 
  2.329e-09  3.082e-08  6.006e-07 -1.276e-04 -2.012e-05  2.460e-06  2.126e-08 
 -1.573e-04 -2.476e-04 -1.276e-04  1.262e+02 -1.625e+01 -5.941e-01  1.796e-03 
 -2.467e-05 -4.202e-05 -2.012e-05 -1.625e+01  3.084e+00 -9.321e-02  2.826e-04 
  9.188e-06 -1.384e-04  2.460e-06 -5.941e-01 -9.321e-02  3.323e-02 -5.875e-05 
  6.333e-08 -2.266e-05  2.126e-08  1.796e-03  2.826e-04 -5.875e-05  1.070e-05 
ERR MATRIX NOT POS-DEF
 PARAMETER  CORRELATION COEFFICIENTS  
       NO.  GLOBAL      6      7     14     18     19     20     22
        6  0.21862   1.000  0.021  0.004 -0.018 -0.018  0.064  0.024
        7  0.96319   0.021  1.000  0.005 -0.003 -0.003 -0.100 -0.914
       14  0.19242   0.004  0.005  1.000 -0.015 -0.015  0.017  0.008
       18  0.99627  -0.018 -0.003 -0.015  1.000 -0.824 -0.290  0.049
       19  0.99628  -0.018 -0.003 -0.015 -0.824  1.000 -0.291  0.049
       20  0.99044   0.064 -0.100  0.017 -0.290 -0.291  1.000 -0.099
       22  0.95421   0.024 -0.914  0.008  0.049  0.049 -0.099  1.000
 ERR MATRIX NOT POS-DEF
MINUIT - FIT ONLY 2-CBO
 **********
 **   43 **RES 
 **********
                   PARAMETER    8  phi_CBO RESTORED TO VARIABLE.
                   PARAMETER    4  phi RESTORED TO VARIABLE.
                   PARAMETER    3  A0 RESTORED TO VARIABLE.
                   PARAMETER    1  N0 RESTORED TO VARIABLE.
 **********
 **   44 **FIX            0
 **********
 PARAMETER    0  IS UNDEFINED. IGNORED.
 **********
 **   45 **FIX            1
 **********
 **********
 **   46 **FIX            2
 **********
 PARAMETER    2  IS CONSTANT.   IGNORED.
 **********
 **   47 **FIX            3
 **********
 **********
 **   48 **FIX            4
 **********
 **********
 **   49 **FIX            5
 **********
 PARAMETER    5  IS CONSTANT.   IGNORED.
 **********
 **   50 **FIX            6
 **********
 **********
 **   51 **FIX            7
 **********
 **********
 **   52 **FIX           10
 **********
 PARAMETER   10  IS CONSTANT.   IGNORED.
 **********
 **   53 **FIX           11
 **********
 PARAMETER   11  IS CONSTANT.   IGNORED.
 **********
 **   54 **FIX           12
 **********
 PARAMETER   12  IS CONSTANT.   IGNORED.
 **********
 **   55 **FIX           13
 **********
 PARAMETER   13  IS CONSTANT.   IGNORED.
 **********
 **   56 **FIX           14
 **********
 **********
 **   57 **FIX           15
 **********
 PARAMETER   15  IS CONSTANT.   IGNORED.
 **********
 **   58 **FIX           16
 **********
 PARAMETER   16  IS CONSTANT.   IGNORED.
 **********
 **   59 **MIGRAD
 **********
 START MIGRAD MINIMIZATION.  STRATEGY  1.  CONVERGENCE WHEN EDM .LT. 1.00e-04
 FCN=315.075 FROM MIGRAD    STATUS=INITIATE       12 CALLS         809 TOTAL
                     EDM= unknown      STRATEGY= 1      NO ERROR MATRIX       
  EXT PARAMETER               CURRENT GUESS       STEP         FIRST   
  NO.   NAME      VALUE            ERROR          SIZE      DERIVATIVE 
   1  N0           3.49934e+06     fixed    
   2  tau          6.44119e+01   constant   
   3  A0           3.53568e-01     fixed    
   4  phi          4.12087e+00     fixed    
   5  R           -6.09180e+01   constant   
   6  A_CBO        6.99064e-04     fixed    
   7  w_CBO        2.32065e+00     fixed    
   8  phi_CBO      4.16600e+00   1.28443e+00   1.28443e+00   3.81509e-01
   9  ANx2         2.22853e-04   constant   
  10  pNx2         5.08518e+00   constant   
  11  ANy1         0.00000e+00   constant   
  12  pNy1         0.00000e+00   constant   
  13  w_y          0.00000e+00   constant   
  14  ANy2         5.38390e-04     fixed    
  15  pNy2         3.29982e+00   constant   
  16  w_vw         1.43191e+01   constant   
  17  LM           2.21951e-04   constant   
  18  wCBO_expCoeff   1.93961e+02   1.12322e+01   8.53630e-03  -1.13762e-03
  19  wCBO_expOffset   1.99234e+02   1.75626e+00   1.33423e-03  -7.27782e-03
  20  wCBO_expT    3.03170e+01   1.82296e-01   2.21755e-04  -4.18586e-02
  21  wCBO_linCoeff   0.00000e+00   constant   
  22  wCBO_const  -4.89164e-03   3.27074e-03   8.66140e-06  -1.10964e-01
 MIGRAD MINIMIZATION HAS CONVERGED.
 MIGRAD WILL VERIFY CONVERGENCE AND ERROR MATRIX.
 COVARIANCE MATRIX CALCULATED SUCCESSFULLY
 FCN=314.767 FROM MIGRAD    STATUS=CONVERGED     139 CALLS         936 TOTAL
                     EDM=3.23978e-06    STRATEGY= 1      ERROR MATRIX ACCURATE 
  EXT PARAMETER                                   STEP         FIRST   
  NO.   NAME      VALUE            ERROR          SIZE      DERIVATIVE 
   1  N0           3.49934e+06     fixed    
   2  tau          6.44119e+01   constant   
   3  A0           3.53568e-01     fixed    
   4  phi          4.12087e+00     fixed    
   5  R           -6.09180e+01   constant   
   6  A_CBO        6.99064e-04     fixed    
   7  w_CBO        2.32065e+00     fixed    
   8  phi_CBO      3.09010e+00   1.66353e+00   9.50943e-03   4.65862e-04
   9  ANx2         2.22853e-04   constant   
  10  pNx2         5.08518e+00   constant   
  11  ANy1         0.00000e+00   constant   
  12  pNy1         0.00000e+00   constant   
  13  w_y          0.00000e+00   constant   
  14  ANy2         5.38390e-04     fixed    
  15  pNy2         3.29982e+00   constant   
  16  w_vw         1.43191e+01   constant   
  17  LM           2.21951e-04   constant   
  18  wCBO_expCoeff   1.93989e+02   3.86941e+00   5.92964e-03  -2.98976e-03
  19  wCBO_expOffset   1.99239e+02   6.04455e-01   9.26798e-04  -1.91394e-02
  20  wCBO_expT    3.03028e+01   1.04369e-01   1.52082e-04  -1.08837e-01
  21  wCBO_linCoeff   0.00000e+00   constant   
  22  wCBO_const  -5.31640e-03   1.43999e-03   7.24241e-06  -3.49112e-01
 EXTERNAL ERROR MATRIX.    NDIM=  25    NPAR=  5    ERR DEF=1
  2.767e+00 -8.203e-02 -1.278e-02  1.113e-02  1.336e-03 
 -8.203e-02  1.497e+01 -1.162e+00 -1.966e-01  5.354e-04 
 -1.278e-02 -1.162e+00  3.654e-01 -3.071e-02  8.361e-05 
  1.113e-02 -1.966e-01 -3.071e-02  1.089e-02 -4.457e-05 
  1.336e-03  5.354e-04  8.361e-05 -4.457e-05  2.074e-06 
 PARAMETER  CORRELATION COEFFICIENTS  
       NO.  GLOBAL      8     18     19     20     22
        8  0.75273   1.000 -0.013 -0.013  0.064  0.558
       18  0.98335  -0.013  1.000 -0.497 -0.487  0.096
       19  0.98335  -0.013 -0.497  1.000 -0.487  0.096
       20  0.98511   0.064 -0.487 -0.487  1.000 -0.297
       22  0.81499   0.558  0.096  0.096 -0.297  1.000
MINUIT - FIT ONLY 1-y
 **********
 **   60 **RES 
 **********
                   PARAMETER   14  ANy2 RESTORED TO VARIABLE.
                   PARAMETER    7  w_CBO RESTORED TO VARIABLE.
                   PARAMETER    6  A_CBO RESTORED TO VARIABLE.
                   PARAMETER    4  phi RESTORED TO VARIABLE.
                   PARAMETER    3  A0 RESTORED TO VARIABLE.
                   PARAMETER    1  N0 RESTORED TO VARIABLE.
 **********
 **   61 **FIX            0
 **********
 PARAMETER    0  IS UNDEFINED. IGNORED.
 **********
 **   62 **FIX            1
 **********
 **********
 **   63 **FIX            2
 **********
 PARAMETER    2  IS CONSTANT.   IGNORED.
 **********
 **   64 **FIX            3
 **********
 **********
 **   65 **FIX            4
 **********
 **********
 **   66 **FIX            5
 **********
 PARAMETER    5  IS CONSTANT.   IGNORED.
 **********
 **   67 **FIX            6
 **********
 **********
 **   68 **FIX            7
 **********
 **********
 **   69 **FIX            8
 **********
 **********
 **   70 **FIX            9
 **********
 PARAMETER    9  IS CONSTANT.   IGNORED.
 **********
 **   71 **FIX           13
 **********
 PARAMETER   13  IS CONSTANT.   IGNORED.
 **********
 **   72 **FIX           14
 **********
 **********
 **   73 **FIX           15
 **********
 PARAMETER   15  IS CONSTANT.   IGNORED.
 **********
 **   74 **FIX           16
 **********
 PARAMETER   16  IS CONSTANT.   IGNORED.
 **********
 **   75 **MIGRAD
 **********
 START MIGRAD MINIMIZATION.  STRATEGY  1.  CONVERGENCE WHEN EDM .LT. 1.00e-04
 FCN=314.767 FROM MIGRAD    STATUS=INITIATE        8 CALLS         944 TOTAL
                     EDM= unknown      STRATEGY= 1      NO ERROR MATRIX       
  EXT PARAMETER               CURRENT GUESS       STEP         FIRST   
  NO.   NAME      VALUE            ERROR          SIZE      DERIVATIVE 
   1  N0           3.49934e+06     fixed    
   2  tau          6.44119e+01   constant   
   3  A0           3.53568e-01     fixed    
   4  phi          4.12087e+00     fixed    
   5  R           -6.09180e+01   constant   
   6  A_CBO        6.99064e-04     fixed    
   7  w_CBO        2.32065e+00     fixed    
   8  phi_CBO      3.09010e+00     fixed    
   9  ANx2         2.22853e-04   constant   
  10  pNx2         5.08518e+00   constant   
  11  ANy1         0.00000e+00   constant   
  12  pNy1         0.00000e+00   constant   
  13  w_y          0.00000e+00   constant   
  14  ANy2         5.38390e-04     fixed    
  15  pNy2         3.29982e+00   constant   
  16  w_vw         1.43191e+01   constant   
  17  LM           2.21951e-04   constant   
  18  wCBO_expCoeff   1.93989e+02   3.86941e+00   5.92964e-03  -3.07853e-03
  19  wCBO_expOffset   1.99239e+02   6.04455e-01   9.26798e-04  -1.97053e-02
  20  wCBO_expT    3.03028e+01   1.04369e-01   1.52082e-04  -1.11428e-01
  21  wCBO_linCoeff   0.00000e+00   constant   
  22  wCBO_const  -5.31640e-03   1.43999e-03   7.24241e-06  -3.48299e-01
 MIGRAD MINIMIZATION HAS CONVERGED.
 MIGRAD WILL VERIFY CONVERGENCE AND ERROR MATRIX.
 COVARIANCE MATRIX CALCULATED SUCCESSFULLY
 FCN=314.767 FROM MIGRAD    STATUS=CONVERGED      47 CALLS         983 TOTAL
                     EDM=1.17311e-06    STRATEGY= 1      ERROR MATRIX ACCURATE 
  EXT PARAMETER                                   STEP         FIRST   
  NO.   NAME      VALUE            ERROR          SIZE      DERIVATIVE 
   1  N0           3.49934e+06     fixed    
   2  tau          6.44119e+01   constant   
   3  A0           3.53568e-01     fixed    
   4  phi          4.12087e+00     fixed    
   5  R           -6.09180e+01   constant   
   6  A_CBO        6.99064e-04     fixed    
   7  w_CBO        2.32065e+00     fixed    
   8  phi_CBO      3.09010e+00     fixed    
   9  ANx2         2.22853e-04   constant   
  10  pNx2         5.08518e+00   constant   
  11  ANy1         0.00000e+00   constant   
  12  pNy1         0.00000e+00   constant   
  13  w_y          0.00000e+00   constant   
  14  ANy2         5.38390e-04     fixed    
  15  pNy2         3.29982e+00   constant   
  16  w_vw         1.43191e+01   constant   
  17  LM           2.21951e-04   constant   
  18  wCBO_expCoeff   1.93989e+02   3.81083e+00   6.10185e-03  -1.04389e-04
  19  wCBO_expOffset   1.99239e+02   5.95350e-01   9.53167e-04  -6.68254e-04
  20  wCBO_expT    3.03028e+01   1.02831e-01   1.55695e-04   4.30450e-03
  21  wCBO_linCoeff   0.00000e+00   constant   
  22  wCBO_const  -5.31637e-03   1.19333e-03   7.24012e-06   1.32791e+00
 EXTERNAL ERROR MATRIX.    NDIM=  25    NPAR=  4    ERR DEF=1
  1.452e+01 -1.121e+00 -1.912e-01  5.533e-04 
 -1.121e+00  3.544e-01 -2.988e-02  8.642e-05 
 -1.912e-01 -2.988e-02  1.057e-02 -4.880e-05 
  5.533e-04  8.642e-05 -4.880e-05  1.424e-06 
 PARAMETER  CORRELATION COEFFICIENTS  
       NO.  GLOBAL     18     19     20     22
       18  0.98278   1.000 -0.494 -0.488  0.122
       19  0.98279  -0.494  1.000 -0.488  0.122
       20  0.98462  -0.488 -0.488  1.000 -0.398
       22  0.71479   0.122  0.122 -0.398  1.000
MINUIT - FIT ONLY 2-y
 **********
 **   76 **RES 
 **********
                   PARAMETER   14  ANy2 RESTORED TO VARIABLE.
                   PARAMETER    8  phi_CBO RESTORED TO VARIABLE.
                   PARAMETER    7  w_CBO RESTORED TO VARIABLE.
                   PARAMETER    6  A_CBO RESTORED TO VARIABLE.
                   PARAMETER    4  phi RESTORED TO VARIABLE.
                   PARAMETER    3  A0 RESTORED TO VARIABLE.
                   PARAMETER    1  N0 RESTORED TO VARIABLE.
 **********
 **   77 **FIX            0
 **********
 PARAMETER    0  IS UNDEFINED. IGNORED.
 **********
 **   78 **FIX            1
 **********
 **********
 **   79 **FIX            2
 **********
 PARAMETER    2  IS CONSTANT.   IGNORED.
 **********
 **   80 **FIX            3
 **********
 **********
 **   81 **FIX            4
 **********
 **********
 **   82 **FIX            5
 **********
 PARAMETER    5  IS CONSTANT.   IGNORED.
 **********
 **   83 **FIX            6
 **********
 **********
 **   84 **FIX            7
 **********
 **********
 **   85 **FIX            8
 **********
 **********
 **   86 **FIX            9
 **********
 PARAMETER    9  IS CONSTANT.   IGNORED.
 **********
 **   87 **FIX           10
 **********
 PARAMETER   10  IS CONSTANT.   IGNORED.
 **********
 **   88 **FIX           11
 **********
 PARAMETER   11  IS CONSTANT.   IGNORED.
 **********
 **   89 **FIX           12
 **********
 PARAMETER   12  IS CONSTANT.   IGNORED.
 **********
 **   90 **FIX           16
 **********
 PARAMETER   16  IS CONSTANT.   IGNORED.
 **********
 **   91 **MIGRAD
 **********
 START MIGRAD MINIMIZATION.  STRATEGY  1.  CONVERGENCE WHEN EDM .LT. 1.00e-04
 FCN=314.767 FROM MIGRAD    STATUS=INITIATE       10 CALLS         993 TOTAL
                     EDM= unknown      STRATEGY= 1      NO ERROR MATRIX       
  EXT PARAMETER               CURRENT GUESS       STEP         FIRST   
  NO.   NAME      VALUE            ERROR          SIZE      DERIVATIVE 
   1  N0           3.49934e+06     fixed    
   2  tau          6.44119e+01   constant   
   3  A0           3.53568e-01     fixed    
   4  phi          4.12087e+00     fixed    
   5  R           -6.09180e+01   constant   
   6  A_CBO        6.99064e-04     fixed    
   7  w_CBO        2.32065e+00     fixed    
   8  phi_CBO      3.09010e+00     fixed    
   9  ANx2         2.22853e-04   constant   
  10  pNx2         5.08518e+00   constant   
  11  ANy1         0.00000e+00   constant   
  12  pNy1         0.00000e+00   constant   
  13  w_y          0.00000e+00   constant   
  14  ANy2         5.38390e-04   7.74971e-04   7.74971e-04   2.96399e+01
  15  pNy2         3.29982e+00   constant   
  16  w_vw         1.43191e+01   constant   
  17  LM           2.21951e-04   constant   
  18  wCBO_expCoeff   1.93989e+02   3.81083e+00   6.10185e-03  -1.19058e-04
  19  wCBO_expOffset   1.99239e+02   5.95350e-01   9.53167e-04  -7.61771e-04
  20  wCBO_expT    3.03028e+01   1.02831e-01   1.55695e-04   3.87585e-03
  21  wCBO_linCoeff   0.00000e+00   constant   
  22  wCBO_const  -5.31637e-03   1.19333e-03   7.24012e-06   1.32869e+00
 MIGRAD MINIMIZATION HAS CONVERGED.
 MIGRAD WILL VERIFY CONVERGENCE AND ERROR MATRIX.
 COVARIANCE MATRIX CALCULATED SUCCESSFULLY
 FCN=314.766 FROM MIGRAD    STATUS=CONVERGED      58 CALLS        1041 TOTAL
                     EDM=7.27642e-07    STRATEGY= 1      ERROR MATRIX ACCURATE 
  EXT PARAMETER                                   STEP         FIRST   
  NO.   NAME      VALUE            ERROR          SIZE      DERIVATIVE 
   1  N0           3.49934e+06     fixed    
   2  tau          6.44119e+01   constant   
   3  A0           3.53568e-01     fixed    
   4  phi          4.12087e+00     fixed    
   5  R           -6.09180e+01   constant   
   6  A_CBO        6.99064e-04     fixed    
   7  w_CBO        2.32065e+00     fixed    
   8  phi_CBO      3.09010e+00     fixed    
   9  ANx2         2.22853e-04   constant   
  10  pNx2         5.08518e+00   constant   
  11  ANy1         0.00000e+00   constant   
  12  pNy1         0.00000e+00   constant   
  13  w_y          0.00000e+00   constant   
  14  ANy2         5.29463e-04   7.76183e-04   6.73425e-06   6.32277e-03
  15  pNy2         3.29982e+00   constant   
  16  w_vw         1.43191e+01   constant   
  17  LM           2.21951e-04   constant   
  18  wCBO_expCoeff   1.93989e+02   3.80639e+00   6.10937e-03  -1.08217e-03
  19  wCBO_expOffset   1.99239e+02   5.94668e-01   9.54339e-04  -6.92770e-03
  20  wCBO_expT    3.03028e+01   1.02725e-01   1.55853e-04  -3.46031e-02
  21  wCBO_linCoeff   0.00000e+00   constant   
  22  wCBO_const  -5.31683e-03   1.19329e-03   7.24108e-06   1.82653e-01
 EXTERNAL ERROR MATRIX.    NDIM=  25    NPAR=  5    ERR DEF=1
  6.025e-07 -1.368e-05 -2.139e-06  6.118e-07  3.838e-09 
 -1.368e-05  1.449e+01 -1.118e+00 -1.908e-01  5.517e-04 
 -2.139e-06 -1.118e+00  3.536e-01 -2.982e-02  8.618e-05 
  6.118e-07 -1.908e-01 -2.982e-02  1.055e-02 -4.872e-05 
  3.838e-09  5.517e-04  8.618e-05 -4.872e-05  1.424e-06 
 PARAMETER  CORRELATION COEFFICIENTS  
       NO.  GLOBAL     14     18     19     20     22
       14  0.01134   1.000 -0.005 -0.005  0.008  0.004
       18  0.98275  -0.005  1.000 -0.494 -0.488  0.121
       19  0.98275  -0.005 -0.494  1.000 -0.488  0.121
       20  0.98460   0.008 -0.488 -0.488  1.000 -0.397
       22  0.71481   0.004  0.121  0.121 -0.397  1.000
MINUIT - FIT ALTOGETHER
 **********
 **   92 **RES 
 **********
                   PARAMETER    8  phi_CBO RESTORED TO VARIABLE.
                   PARAMETER    7  w_CBO RESTORED TO VARIABLE.
                   PARAMETER    6  A_CBO RESTORED TO VARIABLE.
                   PARAMETER    4  phi RESTORED TO VARIABLE.
                   PARAMETER    3  A0 RESTORED TO VARIABLE.
                   PARAMETER    1  N0 RESTORED TO VARIABLE.
 **********
 **   93 **MIGRAD
