 + ++++++++++++++++++++++++++++++++++++++++++++++++++++++++++++++++++++ +
 +                                                                      +
 +           You have chose to blind your fitting according to          +
 +                omega_ref * (1 + (R +/- deltaR) *10^{-6})             +
 +                                                                      +
 + ++++++++++++++++++++++++++++++++++++++++++++++++++++++++++++++++++++ +
In main()...
reading format from /gm2data/zkhechad/run45/envelope/formats/formatB_sBin_constraintOn.txt
pBinTau 	= 0  
pBinPhi 	= 0  
constraintau 	= 1 
includeMopTerm 	= 0    
constrainMop    = 0   
Parameters after format file: pBinTau 0 pBinPhi 0 constraintau 1 includeMopTerm 0 constrainMop 0 c_e_scale 0.000000 
reading cbo reference file (full fit) from /gm2data/zkhechad/cboTemplates/Run4CBOTemplates/fullFits/run4/sBin_constraintOn_cE0.0_seed0_run4_calo9.root
A_CBO 0.010173 w_CBO 2.326319 phi_CBO 6.016081 N0 2790757.947661 R -60.043540 tau 64.405209 
Reading cboRef file /gm2data/zkhechad/cboTemplates/Run4CBOTemplates//cboIsolate/run4_calo9.root
deltaT 164.120000
windowBins = 1100
fitting sliding window 1660 from bin 1863 at 277.959600 to bin 2963 at 442.079600 (1100 bins)

Reading data from /gm2data/cornell/histograms/aMethod/histogram_a_run4.root
fitting cbo isolate
 **********
 **    1 **SET PRINTOUT            1
 **********
 **********
 **    2 **SET NOWARNINGS 
 **********
 PARAMETER DEFINITIONS:
    NO.   NAME         VALUE      STEP SIZE      LIMITS
     1 A_CBO        1.01731e-02  1.00000e-05     no limits
     2 w_CBO        2.32632e+00  1.00000e-02    2.00000e+00  3.00000e+00
     3 phi_CBO      6.01608e+00  1.00000e-02    0.00000e+00  6.28319e+00
 **********
 **    3 **MIGRAD
 **********
 FIRST CALL TO USER FUNCTION AT NEW START POINT, WITH IFLAG=4.
 START MIGRAD MINIMIZATION.  STRATEGY  1.  CONVERGENCE WHEN EDM .LT. 1.00e-04
 FCN=0.082877 FROM MIGRAD    STATUS=INITIATE       12 CALLS          13 TOTAL
                     EDM= unknown      STRATEGY= 1      NO ERROR MATRIX       
  EXT PARAMETER               CURRENT GUESS       STEP         FIRST   
  NO.   NAME      VALUE            ERROR          SIZE      DERIVATIVE 
   1  A_CBO        1.01731e-02   1.00000e-05   1.00000e-05   8.06773e+00
   2  w_CBO        2.32632e+00   1.00000e-02   2.13304e-02   1.09503e-02
   3  phi_CBO      6.01608e+00   1.00000e-02   7.88999e-03   8.62062e-05
 MIGRAD MINIMIZATION HAS CONVERGED.
 MIGRAD WILL VERIFY CONVERGENCE AND ERROR MATRIX.
 COVARIANCE MATRIX CALCULATED SUCCESSFULLY
 FCN=0.0533749 FROM MIGRAD    STATUS=CONVERGED      43 CALLS          44 TOTAL
                     EDM=5.03557e-06    STRATEGY= 1      ERROR MATRIX ACCURATE 
  EXT PARAMETER                                   STEP         FIRST   
  NO.   NAME      VALUE            ERROR          SIZE      DERIVATIVE 
   1  A_CBO        2.85956e-03   4.26672e-02   2.13386e-05  -2.65874e-05
   2  w_CBO        2.32631e+00   2.19451e-01   4.37883e-05   7.60208e-03
   3  phi_CBO      6.01391e+00   6.11803e+00   5.87590e-03  -8.25638e-06
 EXTERNAL ERROR MATRIX.    NDIM=  25    NPAR=  3    ERR DEF=1
  1.820e-03 -6.218e-04 -2.253e-01 
 -6.218e-04  5.216e-02  1.869e+01 
 -2.253e-01  1.869e+01  6.918e+03 
 PARAMETER  CORRELATION COEFFICIENTS  
       NO.  GLOBAL      1      2      3
        1  0.06394   1.000 -0.064 -0.063
        2  0.98378  -0.064  1.000  0.984
        3  0.98378  -0.063  0.984  1.000
setting A_CBO=0.002860 w_CBO=2.326314, phi_CBO=6.013908
done fitting cbo isolate
 **********
 **    1 **SET PRINTOUT            1
 **********
 **********
 **    2 **SET NOWARNINGS 
 **********
 PARAMETER DEFINITIONS:
    NO.   NAME         VALUE      STEP SIZE      LIMITS
     1 N0           2.79076e+06  1.00000e+02     no limits
     2 tau          6.44052e+01  constant
     3 A0           3.51393e-01  1.00000e-04     no limits
     4 phi          4.11695e+00  1.00000e-02     no limits
     5 R           -6.00435e+01  constant
     6 A_CBO        2.85956e-03  1.00000e-05     no limits
     7 w_CBO        2.32631e+00  1.00000e-03     no limits
     8 phi_CBO      6.01391e+00  1.00000e-04     no limits
     9 ANx2         5.96878e-04  constant
    10 pNx2         1.09681e+00  constant
    11 ANy1         0.00000e+00  constant
    12 pNy1         0.00000e+00  constant
    13 w_y          0.00000e+00  constant
    14 ANy2         1.07160e-02  1.00000e-04     no limits
    15 pNy2         5.64757e+00  constant
    16 w_vw         1.43013e+01  constant
    17 LM          -2.80163e-05  constant
    18 wCBO_expCoeff   2.00000e+02  1.00000e+00     no limits
    19 wCBO_expOffset   2.00000e+02  1.00000e+00     no limits
    20 wCBO_expT    3.00000e+01  1.00000e+00     no limits
    21 wCBO_linCoeff   0.00000e+00  constant
    22 wCBO_const   0.00000e+00  1.00000e-02     no limits
MINUIT - FIT ONLY WIGGLE
 **********
 **    3 **FIX            5
 **********
 PARAMETER    5  IS CONSTANT.   IGNORED.
 **********
 **    4 **FIX            6
 **********
 **********
 **    5 **FIX            7
 **********
 **********
 **    6 **FIX            8
 **********
 **********
 **    7 **FIX            9
 **********
 PARAMETER    9  IS CONSTANT.   IGNORED.
 **********
 **    8 **FIX           10
 **********
 PARAMETER   10  IS CONSTANT.   IGNORED.
 **********
 **    9 **FIX           11
 **********
 PARAMETER   11  IS CONSTANT.   IGNORED.
 **********
 **   10 **FIX           12
 **********
 PARAMETER   12  IS CONSTANT.   IGNORED.
 **********
 **   11 **FIX           13
 **********
 PARAMETER   13  IS CONSTANT.   IGNORED.
 **********
 **   12 **FIX           14
 **********
 **********
 **   13 **FIX           15
 **********
 PARAMETER   15  IS CONSTANT.   IGNORED.
 **********
 **   14 **FIX           16
 **********
 PARAMETER   16  IS CONSTANT.   IGNORED.
 **********
 **   15 **MIGRAD
 **********
 FIRST CALL TO USER FUNCTION AT NEW START POINT, WITH IFLAG=4.
 START MIGRAD MINIMIZATION.  STRATEGY  1.  CONVERGENCE WHEN EDM .LT. 1.00e-04
 FCN=1016.48 FROM MIGRAD    STATUS=INITIATE       36 CALLS          37 TOTAL
                     EDM= unknown      STRATEGY= 1      NO ERROR MATRIX       
  EXT PARAMETER               CURRENT GUESS       STEP         FIRST   
  NO.   NAME      VALUE            ERROR          SIZE      DERIVATIVE 
   1  N0           2.79076e+06   1.00000e+02   1.00000e+02   1.05125e-03
   2  tau          6.44052e+01   constant   
   3  A0           3.51393e-01   1.00000e-04   1.00000e-04  -2.77589e+03
   4  phi          4.11695e+00   1.00000e-02   1.00000e-02   1.01343e+03
   5  R           -6.00435e+01   constant   
   6  A_CBO        2.85956e-03     fixed    
   7  w_CBO        2.32631e+00     fixed    
   8  phi_CBO      6.01391e+00     fixed    
   9  ANx2         5.96878e-04   constant   
  10  pNx2         1.09681e+00   constant   
  11  ANy1         0.00000e+00   constant   
  12  pNy1         0.00000e+00   constant   
  13  w_y          0.00000e+00   constant   
  14  ANy2         1.07160e-02     fixed    
  15  pNy2         5.64757e+00   constant   
  16  w_vw         1.43013e+01   constant   
  17  LM          -2.80163e-05   constant   
  18  wCBO_expCoeff   2.00000e+02   1.00000e+00   1.00000e+00   8.93552e+01
  19  wCBO_expOffset   2.00000e+02   1.00000e+00   1.00000e+00   5.95842e+02
  20  wCBO_expT    3.00000e+01   1.00000e+00   1.00000e+00   5.81454e+02
  21  wCBO_linCoeff   0.00000e+00   constant   
  22  wCBO_const   0.00000e+00   1.00000e-02   1.00000e-02   4.18304e+02
 MIGRAD MINIMIZATION HAS CONVERGED.
 FCN=992.92 FROM MIGRAD    STATUS=CONVERGED     415 CALLS         416 TOTAL
                     EDM=5.33665e-06    STRATEGY= 1  ERROR MATRIX UNCERTAINTY   1.3 per cent
  EXT PARAMETER                                   STEP         FIRST   
  NO.   NAME      VALUE            ERROR          SIZE      DERIVATIVE 
   1  N0           2.79056e+06   8.45895e+02   6.00828e-01  -9.96400e-07
   2  tau          6.44052e+01   constant   
   3  A0           3.51561e-01   4.04578e-04   4.56704e-07   4.98854e+00
   4  phi          4.11625e+00   1.20671e-03   1.51034e-06  -2.49112e-01
   5  R           -6.00435e+01   constant   
   6  A_CBO        2.85956e-03     fixed    
   7  w_CBO        2.32631e+00     fixed    
   8  phi_CBO      6.01391e+00     fixed    
   9  ANx2         5.96878e-04   constant   
  10  pNx2         1.09681e+00   constant   
  11  ANy1         0.00000e+00   constant   
  12  pNy1         0.00000e+00   constant   
  13  w_y          0.00000e+00   constant   
  14  ANy2         1.07160e-02     fixed    
  15  pNy2         5.64757e+00   constant   
  16  w_vw         1.43013e+01   constant   
  17  LM          -2.80163e-05   constant   
  18  wCBO_expCoeff   1.99887e+02   3.14107e-02   4.69844e-04  -4.37858e-01
  19  wCBO_expOffset   1.99983e+02   4.78066e-03   7.12272e-05  -3.08227e+00
  20  wCBO_expT    3.00021e+01   3.42700e-03  -4.31604e-05  -9.56511e+00
  21  wCBO_linCoeff   0.00000e+00   constant   
  22  wCBO_const   5.29636e-03   5.57938e-04   1.30615e-06  -1.35476e+01
 EXTERNAL ERROR MATRIX.    NDIM=  25    NPAR=  7    ERR DEF=1
  7.155e+05  4.414e-03 -1.916e-02 -8.957e-01 -1.472e-01  1.255e-01 -3.248e-02 
  4.414e-03  1.637e-07 -5.656e-09 -3.768e-07 -5.499e-08  1.820e-08  8.172e-09 
 -1.916e-02 -5.656e-09  1.456e-06  2.582e-06  3.759e-07 -1.799e-07 -2.331e-09 
 -8.957e-01 -3.768e-07  2.582e-06  9.866e-04  1.416e-04 -1.036e-04  9.577e-06 
 -1.472e-01 -5.499e-08  3.759e-07  1.416e-04  2.285e-05 -1.580e-05  1.466e-06 
  1.255e-01  1.820e-08 -1.799e-07 -1.036e-04 -1.580e-05  1.174e-05 -1.314e-06 
 -3.248e-02  8.172e-09 -2.331e-09  9.577e-06  1.466e-06 -1.314e-06  3.113e-07 
 PARAMETER  CORRELATION COEFFICIENTS  
       NO.  GLOBAL      1      3      4     18     19     20     22
        1  0.07443   1.000  0.013 -0.019 -0.034 -0.036  0.043 -0.069
        3  0.08125   0.013  1.000 -0.012 -0.030 -0.028  0.013  0.036
        4  0.14334  -0.019 -0.012  1.000  0.068  0.065 -0.044 -0.003
       18  0.97667  -0.034 -0.030  0.068  1.000  0.943 -0.962  0.546
       19  0.97773  -0.036 -0.028  0.065  0.943  1.000 -0.964  0.549
       20  0.99262   0.043  0.013 -0.044 -0.962 -0.964  1.000 -0.687
       22  0.87827  -0.069  0.036 -0.003  0.546  0.549 -0.687  1.000
MINUIT - FIT ONLY 1-CBO + other amplitudes 
 **********
 **   16 **RES 
 **********
                   PARAMETER   14  ANy2 RESTORED TO VARIABLE.
                   PARAMETER    8  phi_CBO RESTORED TO VARIABLE.
                   PARAMETER    7  w_CBO RESTORED TO VARIABLE.
                   PARAMETER    6  A_CBO RESTORED TO VARIABLE.
 **********
 **   17 **FIX            0
 **********
 PARAMETER    0  IS UNDEFINED. IGNORED.
 **********
 **   18 **FIX            1
 **********
 **********
 **   19 **FIX            2
 **********
 PARAMETER    2  IS CONSTANT.   IGNORED.
 **********
 **   20 **FIX            3
 **********
 **********
 **   21 **FIX            4
 **********
 **********
 **   22 **FIX            9
 **********
 PARAMETER    9  IS CONSTANT.   IGNORED.
 **********
 **   23 **FIX           11
 **********
 PARAMETER   11  IS CONSTANT.   IGNORED.
 **********
 **   24 **FIX           12
 **********
 PARAMETER   12  IS CONSTANT.   IGNORED.
 **********
 **   25 **FIX           14
 **********
 **********
 **   26 **FIX           15
 **********
 PARAMETER   15  IS CONSTANT.   IGNORED.
 **********
 **   27 **FIX           16
 **********
 PARAMETER   16  IS CONSTANT.   IGNORED.
 **********
 **   28 **MIGRAD
 **********
 START MIGRAD MINIMIZATION.  STRATEGY  1.  CONVERGENCE WHEN EDM .LT. 1.00e-04
 FCN=992.92 FROM MIGRAD    STATUS=INITIATE       20 CALLS         436 TOTAL
                     EDM= unknown      STRATEGY= 1      NO ERROR MATRIX       
  EXT PARAMETER               CURRENT GUESS       STEP         FIRST   
  NO.   NAME      VALUE            ERROR          SIZE      DERIVATIVE 
   1  N0           2.79056e+06     fixed    
   2  tau          6.44052e+01   constant   
   3  A0           3.51561e-01     fixed    
   4  phi          4.11625e+00     fixed    
   5  R           -6.00435e+01   constant   
   6  A_CBO        2.85956e-03   1.00000e-05   1.00000e-05   1.83098e+04
   7  w_CBO        2.32631e+00   1.00000e-03   1.00000e-03  -4.34965e+01
   8  phi_CBO      6.01391e+00   1.00000e-04   1.00000e-04  -2.81739e+00
   9  ANx2         5.96878e-04   constant   
  10  pNx2         1.09681e+00   constant   
  11  ANy1         0.00000e+00   constant   
  12  pNy1         0.00000e+00   constant   
  13  w_y          0.00000e+00   constant   
  14  ANy2         1.07160e-02     fixed    
  15  pNy2         5.64757e+00   constant   
  16  w_vw         1.43013e+01   constant   
  17  LM          -2.80163e-05   constant   
  18  wCBO_expCoeff   1.99887e+02   3.14107e-02   4.69844e-04  -4.37863e-01
  19  wCBO_expOffset   1.99983e+02   4.78066e-03   7.12272e-05  -3.08227e+00
  20  wCBO_expT    3.00021e+01   3.42700e-03  -4.31604e-05  -9.56511e+00
  21  wCBO_linCoeff   0.00000e+00   constant   
  22  wCBO_const   5.29636e-03   5.57938e-04   1.30615e-06  -1.35476e+01
 MIGRAD MINIMIZATION HAS CONVERGED.
 MIGRAD WILL VERIFY CONVERGENCE AND ERROR MATRIX.
 COVARIANCE MATRIX CALCULATED SUCCESSFULLY
 FCN=976.099 FROM MIGRAD    STATUS=CONVERGED     219 CALLS         635 TOTAL
                     EDM=3.43133e-06    STRATEGY= 1      ERROR MATRIX ACCURATE 
  EXT PARAMETER                                   STEP         FIRST   
  NO.   NAME      VALUE            ERROR          SIZE      DERIVATIVE 
   1  N0           2.79056e+06     fixed    
   2  tau          6.44052e+01   constant   
   3  A0           3.51561e-01     fixed    
   4  phi          4.11625e+00     fixed    
   5  R           -6.00435e+01   constant   
   6  A_CBO        1.11168e-03   4.31352e-04   6.53675e-06   3.40651e+00
   7  w_CBO        2.32627e+00   2.91984e-03   1.41720e-06   1.78005e+01
   8  phi_CBO      6.53464e+00   5.85089e-01   5.87697e-03   1.96062e-03
   9  ANx2         5.96878e-04   constant   
  10  pNx2         1.09681e+00   constant   
  11  ANy1         0.00000e+00   constant   
  12  pNy1         0.00000e+00   constant   
  13  w_y          0.00000e+00   constant   
  14  ANy2         1.07160e-02     fixed    
  15  pNy2         5.64757e+00   constant   
  16  w_vw         1.43013e+01   constant   
  17  LM          -2.80163e-05   constant   
  18  wCBO_expCoeff   1.99878e+02   2.50980e-01   1.36405e-04   1.89685e-01
  19  wCBO_expOffset   1.99982e+02   2.08151e-02   9.53587e-05   1.25082e+00
  20  wCBO_expT    3.00024e+01   4.10532e-03   1.43063e-05   3.67958e+00
  21  wCBO_linCoeff   0.00000e+00   constant   
  22  wCBO_const   6.04590e-03   1.52735e-03   4.59028e-06   3.47555e+00
 EXTERNAL ERROR MATRIX.    NDIM=  25    NPAR=  7    ERR DEF=1
  1.861e-07  2.038e-09 -1.543e-05 -2.988e-07 -2.141e-09  5.861e-08 -3.599e-08 
  2.038e-09  8.525e-06 -1.233e-05 -6.008e-04 -1.617e-05 -1.355e-06 -3.545e-06 
 -1.543e-05 -1.233e-05  3.423e-01 -4.173e-04  1.399e-04 -2.974e-04  3.513e-04 
 -2.988e-07 -6.008e-04 -4.173e-04  6.299e-02 -1.382e-03 -1.234e-04  2.738e-04 
 -2.141e-09 -1.617e-05  1.399e-04 -1.382e-03  4.333e-04 -6.256e-06  7.692e-06 
  5.861e-08 -1.355e-06 -2.974e-04 -1.234e-04 -6.256e-06  1.685e-05 -1.878e-06 
 -3.599e-08 -3.545e-06  3.513e-04  2.738e-04  7.692e-06 -1.878e-06  2.333e-06 
 PARAMETER  CORRELATION COEFFICIENTS  
       NO.  GLOBAL      6      7      8     18     19     20     22
        6  0.11989   1.000  0.002 -0.061 -0.003 -0.000  0.033 -0.055
        7  0.99949   0.002  1.000 -0.007 -0.820 -0.266 -0.113 -0.795
        8  0.75177  -0.061 -0.007  1.000 -0.003  0.011 -0.124  0.393
       18  0.99937  -0.003 -0.820 -0.003  1.000 -0.264 -0.120  0.714
       19  0.99792  -0.000 -0.266  0.011 -0.264  1.000 -0.073  0.242
       20  0.99422   0.033 -0.113 -0.124 -0.120 -0.073  1.000 -0.300
       22  0.98039  -0.055 -0.795  0.393  0.714  0.242 -0.300  1.000
MINUIT - FIT ONLY 1-CBO
 **********
 **   29 **RES 
 **********
                   PARAMETER   14  ANy2 RESTORED TO VARIABLE.
                   PARAMETER    4  phi RESTORED TO VARIABLE.
                   PARAMETER    3  A0 RESTORED TO VARIABLE.
                   PARAMETER    1  N0 RESTORED TO VARIABLE.
 **********
 **   30 **FIX            0
 **********
 PARAMETER    0  IS UNDEFINED. IGNORED.
 **********
 **   31 **FIX            1
 **********
 **********
 **   32 **FIX            2
 **********
 PARAMETER    2  IS CONSTANT.   IGNORED.
 **********
 **   33 **FIX            3
 **********
 **********
 **   34 **FIX            4
 **********
 **********
 **   35 **FIX            8
 **********
 **********
 **   36 **FIX            9
 **********
 PARAMETER    9  IS CONSTANT.   IGNORED.
 **********
 **   37 **FIX           11
 **********
 PARAMETER   11  IS CONSTANT.   IGNORED.
 **********
 **   38 **FIX           12
 **********
 PARAMETER   12  IS CONSTANT.   IGNORED.
 **********
 **   39 **FIX           13
 **********
 PARAMETER   13  IS CONSTANT.   IGNORED.
 **********
 **   40 **FIX           15
 **********
 PARAMETER   15  IS CONSTANT.   IGNORED.
 **********
 **   41 **FIX           16
 **********
 PARAMETER   16  IS CONSTANT.   IGNORED.
 **********
 **   42 **MIGRAD
 **********
 START MIGRAD MINIMIZATION.  STRATEGY  1.  CONVERGENCE WHEN EDM .LT. 1.00e-04
 FCN=976.099 FROM MIGRAD    STATUS=INITIATE       16 CALLS         651 TOTAL
                     EDM= unknown      STRATEGY= 1      NO ERROR MATRIX       
  EXT PARAMETER               CURRENT GUESS       STEP         FIRST   
  NO.   NAME      VALUE            ERROR          SIZE      DERIVATIVE 
   1  N0           2.79056e+06     fixed    
   2  tau          6.44052e+01   constant   
   3  A0           3.51561e-01     fixed    
   4  phi          4.11625e+00     fixed    
   5  R           -6.00435e+01   constant   
   6  A_CBO        1.11168e-03   4.31352e-04   6.53675e-06   3.40651e+00
   7  w_CBO        2.32627e+00   2.91984e-03   1.41720e-06   1.77765e+01
   8  phi_CBO      6.53464e+00     fixed    
   9  ANx2         5.96878e-04   constant   
  10  pNx2         1.09681e+00   constant   
  11  ANy1         0.00000e+00   constant   
  12  pNy1         0.00000e+00   constant   
  13  w_y          0.00000e+00   constant   
  14  ANy2         1.07160e-02   1.00000e-04   1.00000e-04   1.17326e+05
  15  pNy2         5.64757e+00   constant   
  16  w_vw         1.43013e+01   constant   
  17  LM          -2.80163e-05   constant   
  18  wCBO_expCoeff   1.99878e+02   2.50980e-01   1.36405e-04   1.89364e-01
  19  wCBO_expOffset   1.99982e+02   2.08151e-02   9.53587e-05   1.21130e+00
  20  wCBO_expT    3.00024e+01   4.10532e-03   1.43063e-05   3.67288e+00
  21  wCBO_linCoeff   0.00000e+00   constant   
  22  wCBO_const   6.04590e-03   1.52735e-03   4.59028e-06   3.48421e+00
 MIGRAD MINIMIZATION HAS CONVERGED.
 MIGRAD WILL VERIFY CONVERGENCE AND ERROR MATRIX.
 COVARIANCE MATRIX CALCULATED SUCCESSFULLY
 FCN=339.635 FROM MIGRAD    STATUS=CONVERGED     260 CALLS         895 TOTAL
                     EDM=1.80624e-05    STRATEGY= 1      ERROR MATRIX ACCURATE 
  EXT PARAMETER                                   STEP         FIRST   
  NO.   NAME      VALUE            ERROR          SIZE      DERIVATIVE 
   1  N0           2.79056e+06     fixed    
   2  tau          6.44052e+01   constant   
   3  A0           3.51561e-01     fixed    
   4  phi          4.11625e+00     fixed    
   5  R           -6.00435e+01   constant   
   6  A_CBO        6.58371e-04   4.51105e-04   3.88333e-06   2.20851e+00
   7  w_CBO        2.32554e+00   4.14406e-03   1.61233e-06  -2.73694e+01
   8  phi_CBO      6.53464e+00     fixed    
   9  ANx2         5.96878e-04   constant   
  10  pNx2         1.09681e+00   constant   
  11  ANy1         0.00000e+00   constant   
  12  pNy1         0.00000e+00   constant   
  13  w_y          0.00000e+00   constant   
  14  ANy2        -2.05468e-04   4.33350e-04   3.85939e-06   4.28259e+00
  15  pNy2         5.64757e+00   constant   
  16  w_vw         1.43013e+01   constant   
  17  LM          -2.80163e-05   constant   
  18  wCBO_expCoeff   1.99797e+02   4.01898e-01   1.56787e-04  -2.95327e-01
  19  wCBO_expOffset   1.99970e+02   4.19544e-02   9.53530e-05  -1.97013e+00
  20  wCBO_expT    3.00130e+01   7.51023e-03   1.43113e-05  -5.59656e+00
  21  wCBO_linCoeff   0.00000e+00   constant   
  22  wCBO_const   6.65863e-03   1.91073e-03   4.21866e-06  -4.60906e+00
 EXTERNAL ERROR MATRIX.    NDIM=  25    NPAR=  7    ERR DEF=1
  2.035e-07 -6.794e-08 -4.623e-09 -1.256e-05  5.152e-07  8.772e-07 -6.574e-08 
 -6.794e-08  1.717e-05  1.528e-08 -1.077e-03 -4.673e-05 -4.569e-06 -7.177e-06 
 -4.623e-09  1.528e-08  1.878e-07  2.819e-06  4.819e-07 -3.779e-07 -3.960e-09 
 -1.256e-05 -1.077e-03  2.819e-06  1.615e-01 -8.081e-03 -7.967e-04  5.106e-04 
  5.152e-07 -4.673e-05  4.819e-07 -8.081e-03  1.760e-03  2.042e-05  1.952e-05 
  8.772e-07 -4.569e-06 -3.779e-07 -7.967e-04  2.042e-05  5.640e-05 -1.850e-06 
 -6.574e-08 -7.177e-06 -3.960e-09  5.106e-04  1.952e-05 -1.850e-06  3.651e-06 
 PARAMETER  CORRELATION COEFFICIENTS  
       NO.  GLOBAL      6      7     14     18     19     20     22
        6  0.29603   1.000 -0.036 -0.024 -0.069  0.027  0.259 -0.076
        7  0.99906  -0.036  1.000  0.009 -0.647 -0.269 -0.147 -0.906
       14  0.15288  -0.024  0.009  1.000  0.016  0.027 -0.116 -0.005
       18  0.99906  -0.069 -0.647  0.016  1.000 -0.479 -0.264  0.665
       19  0.99804   0.027 -0.269  0.027 -0.479  1.000  0.065  0.244
       20  0.99362   0.259 -0.147 -0.116 -0.264  0.065  1.000 -0.129
       22  0.96937  -0.076 -0.906 -0.005  0.665  0.244 -0.129  1.000
MINUIT - FIT ONLY 2-CBO
 **********
 **   43 **RES 
 **********
                   PARAMETER    8  phi_CBO RESTORED TO VARIABLE.
                   PARAMETER    4  phi RESTORED TO VARIABLE.
                   PARAMETER    3  A0 RESTORED TO VARIABLE.
                   PARAMETER    1  N0 RESTORED TO VARIABLE.
 **********
 **   44 **FIX            0
 **********
 PARAMETER    0  IS UNDEFINED. IGNORED.
 **********
 **   45 **FIX            1
 **********
 **********
 **   46 **FIX            2
 **********
 PARAMETER    2  IS CONSTANT.   IGNORED.
 **********
 **   47 **FIX            3
 **********
 **********
 **   48 **FIX            4
 **********
 **********
 **   49 **FIX            5
 **********
 PARAMETER    5  IS CONSTANT.   IGNORED.
 **********
 **   50 **FIX            6
 **********
 **********
 **   51 **FIX            7
 **********
 **********
 **   52 **FIX           10
 **********
 PARAMETER   10  IS CONSTANT.   IGNORED.
 **********
 **   53 **FIX           11
 **********
 PARAMETER   11  IS CONSTANT.   IGNORED.
 **********
 **   54 **FIX           12
 **********
 PARAMETER   12  IS CONSTANT.   IGNORED.
 **********
 **   55 **FIX           13
 **********
 PARAMETER   13  IS CONSTANT.   IGNORED.
 **********
 **   56 **FIX           14
 **********
 **********
 **   57 **FIX           15
 **********
 PARAMETER   15  IS CONSTANT.   IGNORED.
 **********
 **   58 **FIX           16
 **********
 PARAMETER   16  IS CONSTANT.   IGNORED.
 **********
 **   59 **MIGRAD
 **********
 START MIGRAD MINIMIZATION.  STRATEGY  1.  CONVERGENCE WHEN EDM .LT. 1.00e-04
 FCN=339.635 FROM MIGRAD    STATUS=INITIATE       12 CALLS         907 TOTAL
                     EDM= unknown      STRATEGY= 1      NO ERROR MATRIX       
  EXT PARAMETER               CURRENT GUESS       STEP         FIRST   
  NO.   NAME      VALUE            ERROR          SIZE      DERIVATIVE 
   1  N0           2.79056e+06     fixed    
   2  tau          6.44052e+01   constant   
   3  A0           3.51561e-01     fixed    
   4  phi          4.11625e+00     fixed    
   5  R           -6.00435e+01   constant   
   6  A_CBO        6.58371e-04     fixed    
   7  w_CBO        2.32554e+00     fixed    
   8  phi_CBO      6.53464e+00   5.85089e-01   5.85089e-01   1.48564e-01
   9  ANx2         5.96878e-04   constant   
  10  pNx2         1.09681e+00   constant   
  11  ANy1         0.00000e+00   constant   
  12  pNy1         0.00000e+00   constant   
  13  w_y          0.00000e+00   constant   
  14  ANy2        -2.05468e-04     fixed    
  15  pNy2         5.64757e+00   constant   
  16  w_vw         1.43013e+01   constant   
  17  LM          -2.80163e-05   constant   
  18  wCBO_expCoeff   1.99797e+02   4.01898e-01   1.56787e-04  -2.95469e-01
  19  wCBO_expOffset   1.99970e+02   4.19544e-02   9.53530e-05  -1.98284e+00
  20  wCBO_expT    3.00130e+01   7.51023e-03   1.43113e-05  -5.62451e+00
  21  wCBO_linCoeff   0.00000e+00   constant   
  22  wCBO_const   6.65863e-03   1.91073e-03   4.21866e-06  -4.60756e+00
 MIGRAD MINIMIZATION HAS CONVERGED.
 MIGRAD WILL VERIFY CONVERGENCE AND ERROR MATRIX.
 COVARIANCE MATRIX CALCULATED SUCCESSFULLY
 FCN=339.632 FROM HESSE     STATUS=OK             31 CALLS         974 TOTAL
                     EDM=0.000173449    STRATEGY= 1      ERROR MATRIX ACCURATE 
  EXT PARAMETER                                   STEP         FIRST   
  NO.   NAME      VALUE            ERROR          SIZE      DERIVATIVE 
   1  N0           2.79056e+06     fixed    
   2  tau          6.44052e+01   constant   
   3  A0           3.51561e-01     fixed    
   4  phi          4.11625e+00     fixed    
   5  R           -6.00435e+01   constant   
   6  A_CBO        6.58371e-04     fixed    
   7  w_CBO        2.32554e+00     fixed    
   8  phi_CBO      6.48726e+00   8.21338e-01   5.85265e-03  -2.86674e-04
   9  ANx2         5.96878e-04   constant   
  10  pNx2         1.09681e+00   constant   
  11  ANy1         0.00000e+00   constant   
  12  pNy1         0.00000e+00   constant   
  13  w_y          0.00000e+00   constant   
  14  ANy2        -2.05468e-04     fixed    
  15  pNy2         5.64757e+00   constant   
  16  w_vw         1.43013e+01   constant   
  17  LM          -2.80163e-05   constant   
  18  wCBO_expCoeff   1.99797e+02   3.79887e-01   1.57521e-04  -3.93199e-02
  19  wCBO_expOffset   1.99970e+02   5.09277e-02   9.53530e-05  -2.64477e-01
  20  wCBO_expT    3.00130e+01   7.53203e-03   1.43113e-05   2.77130e+00
  21  wCBO_linCoeff   0.00000e+00   constant   
  22  wCBO_const   6.63528e-03   8.48405e-04   4.23393e-06   2.13118e-01
 MIGRAD MINIMIZATION HAS CONVERGED.
 FCN=339.631 FROM MIGRAD    STATUS=CONVERGED      91 CALLS         986 TOTAL
                     EDM=2.42348e-07    STRATEGY= 1  ERROR MATRIX UNCERTAINTY   1.5 per cent
  EXT PARAMETER                                   STEP         FIRST   
  NO.   NAME      VALUE            ERROR          SIZE      DERIVATIVE 
   1  N0           2.79056e+06     fixed    
   2  tau          6.44052e+01   constant   
   3  A0           3.51561e-01     fixed    
   4  phi          4.11625e+00     fixed    
   5  R           -6.00435e+01   constant   
   6  A_CBO        6.58371e-04     fixed    
   7  w_CBO        2.32554e+00     fixed    
   8  phi_CBO      6.48344e+00   8.32521e-01  -3.82503e-03   5.55031e-04
   9  ANx2         5.96878e-04   constant   
  10  pNx2         1.09681e+00   constant   
  11  ANy1         0.00000e+00   constant   
  12  pNy1         0.00000e+00   constant   
  13  w_y          0.00000e+00   constant   
  14  ANy2        -2.05468e-04     fixed    
  15  pNy2         5.64757e+00   constant   
  16  w_vw         1.43013e+01   constant   
  17  LM          -2.80163e-05   constant   
  18  wCBO_expCoeff   1.99801e+02   4.02185e-01   3.78173e-03  -2.89618e-02
  19  wCBO_expOffset   1.99970e+02   5.09878e-02  -9.29563e-05  -1.98621e-01
  20  wCBO_expT    3.00128e+01   9.65484e-03  -1.66346e-04  -7.16263e-01
  21  wCBO_linCoeff   0.00000e+00   constant   
  22  wCBO_const   6.64399e-03   9.11305e-04   8.70986e-06  -1.55876e+00
 EXTERNAL ERROR MATRIX.    NDIM=  25    NPAR=  5    ERR DEF=1
  6.931e-01 -5.206e-02  1.359e-03  2.130e-03  2.007e-04 
 -5.206e-02  1.618e-01 -1.825e-02 -2.094e-03  9.473e-05 
  1.359e-03 -1.825e-02  2.600e-03  4.920e-05 -1.323e-06 
  2.130e-03 -2.094e-03  4.920e-05  9.322e-05 -5.112e-06 
  2.007e-04  9.473e-05 -1.323e-06 -5.112e-06  8.305e-07 
 PARAMETER  CORRELATION COEFFICIENTS  
       NO.  GLOBAL      8     18     19     20     22
        8  0.62627   1.000 -0.155  0.032  0.265  0.264
       18  0.99906  -0.155  1.000 -0.890 -0.539  0.258
       19  0.99868   0.032 -0.890  1.000  0.100 -0.028
       20  0.99616   0.265 -0.539  0.100  1.000 -0.581
       22  0.85593   0.264  0.258 -0.028 -0.581  1.000
MINUIT - FIT ONLY 1-y
 **********
 **   60 **RES 
 **********
                   PARAMETER   14  ANy2 RESTORED TO VARIABLE.
                   PARAMETER    7  w_CBO RESTORED TO VARIABLE.
                   PARAMETER    6  A_CBO RESTORED TO VARIABLE.
                   PARAMETER    4  phi RESTORED TO VARIABLE.
                   PARAMETER    3  A0 RESTORED TO VARIABLE.
                   PARAMETER    1  N0 RESTORED TO VARIABLE.
 **********
 **   61 **FIX            0
 **********
 PARAMETER    0  IS UNDEFINED. IGNORED.
 **********
 **   62 **FIX            1
 **********
 **********
 **   63 **FIX            2
 **********
 PARAMETER    2  IS CONSTANT.   IGNORED.
 **********
 **   64 **FIX            3
 **********
 **********
 **   65 **FIX            4
 **********
 **********
 **   66 **FIX            5
 **********
 PARAMETER    5  IS CONSTANT.   IGNORED.
 **********
 **   67 **FIX            6
 **********
 **********
 **   68 **FIX            7
 **********
 **********
 **   69 **FIX            8
 **********
 **********
 **   70 **FIX            9
 **********
 PARAMETER    9  IS CONSTANT.   IGNORED.
 **********
 **   71 **FIX           13
 **********
 PARAMETER   13  IS CONSTANT.   IGNORED.
 **********
 **   72 **FIX           14
 **********
 **********
 **   73 **FIX           15
 **********
 PARAMETER   15  IS CONSTANT.   IGNORED.
 **********
 **   74 **FIX           16
 **********
 PARAMETER   16  IS CONSTANT.   IGNORED.
 **********
 **   75 **MIGRAD
 **********
 START MIGRAD MINIMIZATION.  STRATEGY  1.  CONVERGENCE WHEN EDM .LT. 1.00e-04
 FCN=339.631 FROM MIGRAD    STATUS=INITIATE        8 CALLS         994 TOTAL
                     EDM= unknown      STRATEGY= 1      NO ERROR MATRIX       
  EXT PARAMETER               CURRENT GUESS       STEP         FIRST   
  NO.   NAME      VALUE            ERROR          SIZE      DERIVATIVE 
   1  N0           2.79056e+06     fixed    
   2  tau          6.44052e+01   constant   
   3  A0           3.51561e-01     fixed    
   4  phi          4.11625e+00     fixed    
   5  R           -6.00435e+01   constant   
   6  A_CBO        6.58371e-04     fixed    
   7  w_CBO        2.32554e+00     fixed    
   8  phi_CBO      6.48344e+00     fixed    
   9  ANx2         5.96878e-04   constant   
  10  pNx2         1.09681e+00   constant   
  11  ANy1         0.00000e+00   constant   
  12  pNy1         0.00000e+00   constant   
  13  w_y          0.00000e+00   constant   
  14  ANy2        -2.05468e-04     fixed    
  15  pNy2         5.64757e+00   constant   
  16  w_vw         1.43013e+01   constant   
  17  LM          -2.80163e-05   constant   
  18  wCBO_expCoeff   1.99801e+02   4.02185e-01   3.78173e-03  -2.89610e-02
  19  wCBO_expOffset   1.99970e+02   5.09878e-02  -9.29563e-05  -1.98621e-01
  20  wCBO_expT    3.00128e+01   9.65484e-03  -1.66346e-04  -7.16263e-01
  21  wCBO_linCoeff   0.00000e+00   constant   
  22  wCBO_const   6.64399e-03   9.11305e-04   8.70986e-06  -1.55877e+00
 MIGRAD MINIMIZATION HAS CONVERGED.
 MIGRAD WILL VERIFY CONVERGENCE AND ERROR MATRIX.
 COVARIANCE MATRIX CALCULATED SUCCESSFULLY
 FCN=339.631 FROM MIGRAD    STATUS=CONVERGED      45 CALLS        1031 TOTAL
                     EDM=1.07384e-07    STRATEGY= 1      ERROR MATRIX ACCURATE 
  EXT PARAMETER                                   STEP         FIRST   
  NO.   NAME      VALUE            ERROR          SIZE      DERIVATIVE 
   1  N0           2.79056e+06     fixed    
   2  tau          6.44052e+01   constant   
   3  A0           3.51561e-01     fixed    
   4  phi          4.11625e+00     fixed    
   5  R           -6.00435e+01   constant   
   6  A_CBO        6.58371e-04     fixed    
   7  w_CBO        2.32554e+00     fixed    
   8  phi_CBO      6.48344e+00     fixed    
   9  ANx2         5.96878e-04   constant   
  10  pNx2         1.09681e+00   constant   
  11  ANy1         0.00000e+00   constant   
  12  pNy1         0.00000e+00   constant   
  13  w_y          0.00000e+00   constant   
  14  ANy2        -2.05468e-04     fixed    
  15  pNy2         5.64757e+00   constant   
  16  w_vw         1.43013e+01   constant   
  17  LM          -2.80163e-05   constant   
  18  wCBO_expCoeff   1.99801e+02   5.27615e-01   1.56119e-04   6.72949e-03
  19  wCBO_expOffset   1.99970e+02   7.21953e-02   9.53529e-05   4.47727e-02
  20  wCBO_expT    3.00128e+01   7.59009e-03   1.43112e-05   6.47985e-02
  21  wCBO_linCoeff   0.00000e+00   constant   
  22  wCBO_const   6.64404e-03   7.99647e-04   4.24148e-06  -4.10363e-01
 EXTERNAL ERROR MATRIX.    NDIM=  25    NPAR=  4    ERR DEF=1
  2.784e-01 -3.669e-02 -1.770e-03  8.621e-05 
 -3.669e-02  5.212e-03  1.030e-04 -3.786e-06 
 -1.770e-03  1.030e-04  5.761e-05 -3.753e-06 
  8.621e-05 -3.786e-06 -3.753e-06  6.394e-07 
 PARAMETER  CORRELATION COEFFICIENTS  
       NO.  GLOBAL     18     19     20     22
       18  0.99946   1.000 -0.963 -0.442  0.204
       19  0.99935  -0.963  1.000  0.188 -0.066
       20  0.99385  -0.442  0.188  1.000 -0.618
       22  0.80843   0.204 -0.066 -0.618  1.000
MINUIT - FIT ONLY 2-y
 **********
 **   76 **RES 
 **********
                   PARAMETER   14  ANy2 RESTORED TO VARIABLE.
                   PARAMETER    8  phi_CBO RESTORED TO VARIABLE.
                   PARAMETER    7  w_CBO RESTORED TO VARIABLE.
                   PARAMETER    6  A_CBO RESTORED TO VARIABLE.
                   PARAMETER    4  phi RESTORED TO VARIABLE.
                   PARAMETER    3  A0 RESTORED TO VARIABLE.
                   PARAMETER    1  N0 RESTORED TO VARIABLE.
 **********
 **   77 **FIX            0
 **********
 PARAMETER    0  IS UNDEFINED. IGNORED.
 **********
 **   78 **FIX            1
 **********
 **********
 **   79 **FIX            2
 **********
 PARAMETER    2  IS CONSTANT.   IGNORED.
 **********
 **   80 **FIX            3
 **********
 **********
 **   81 **FIX            4
 **********
 **********
 **   82 **FIX            5
 **********
 PARAMETER    5  IS CONSTANT.   IGNORED.
 **********
 **   83 **FIX            6
 **********
 **********
 **   84 **FIX            7
 **********
 **********
 **   85 **FIX            8
 **********
 **********
 **   86 **FIX            9
 **********
 PARAMETER    9  IS CONSTANT.   IGNORED.
 **********
 **   87 **FIX           10
 **********
 PARAMETER   10  IS CONSTANT.   IGNORED.
 **********
 **   88 **FIX           11
 **********
 PARAMETER   11  IS CONSTANT.   IGNORED.
 **********
 **   89 **FIX           12
 **********
 PARAMETER   12  IS CONSTANT.   IGNORED.
 **********
 **   90 **FIX           16
 **********
 PARAMETER   16  IS CONSTANT.   IGNORED.
 **********
 **   91 **MIGRAD
 **********
 START MIGRAD MINIMIZATION.  STRATEGY  1.  CONVERGENCE WHEN EDM .LT. 1.00e-04
 FCN=339.631 FROM MIGRAD    STATUS=INITIATE       10 CALLS        1041 TOTAL
                     EDM= unknown      STRATEGY= 1      NO ERROR MATRIX       
  EXT PARAMETER               CURRENT GUESS       STEP         FIRST   
  NO.   NAME      VALUE            ERROR          SIZE      DERIVATIVE 
   1  N0           2.79056e+06     fixed    
   2  tau          6.44052e+01   constant   
   3  A0           3.51561e-01     fixed    
   4  phi          4.11625e+00     fixed    
   5  R           -6.00435e+01   constant   
   6  A_CBO        6.58371e-04     fixed    
   7  w_CBO        2.32554e+00     fixed    
   8  phi_CBO      6.48344e+00     fixed    
   9  ANx2         5.96878e-04   constant   
  10  pNx2         1.09681e+00   constant   
  11  ANy1         0.00000e+00   constant   
  12  pNy1         0.00000e+00   constant   
  13  w_y          0.00000e+00   constant   
  14  ANy2        -2.05468e-04   4.33350e-04   4.33350e-04   3.60896e+00
  15  pNy2         5.64757e+00   constant   
  16  w_vw         1.43013e+01   constant   
  17  LM          -2.80163e-05   constant   
  18  wCBO_expCoeff   1.99801e+02   5.27615e-01   1.56119e-04   6.67832e-03
  19  wCBO_expOffset   1.99970e+02   7.21953e-02   9.53529e-05   3.86560e-02
  20  wCBO_expT    3.00128e+01   7.59009e-03   1.43112e-05   3.30397e-02
  21  wCBO_linCoeff   0.00000e+00   constant   
  22  wCBO_const   6.64404e-03   7.99647e-04   4.24148e-06  -4.08035e-01
 MIGRAD MINIMIZATION HAS CONVERGED.
 MIGRAD WILL VERIFY CONVERGENCE AND ERROR MATRIX.
 COVARIANCE MATRIX CALCULATED SUCCESSFULLY
 FCN=339.631 FROM MIGRAD    STATUS=CONVERGED      56 CALLS        1087 TOTAL
                     EDM=1.80104e-07    STRATEGY= 1      ERROR MATRIX ACCURATE 
  EXT PARAMETER                                   STEP         FIRST   
  NO.   NAME      VALUE            ERROR          SIZE      DERIVATIVE 
   1  N0           2.79056e+06     fixed    
   2  tau          6.44052e+01   constant   
   3  A0           3.51561e-01     fixed    
   4  phi          4.11625e+00     fixed    
   5  R           -6.00435e+01   constant   
   6  A_CBO        6.58371e-04     fixed    
   7  w_CBO        2.32554e+00     fixed    
   8  phi_CBO      6.48344e+00     fixed    
   9  ANx2         5.96878e-04   constant   
  10  pNx2         1.09681e+00   constant   
  11  ANy1         0.00000e+00   constant   
  12  pNy1         0.00000e+00   constant   
  13  w_y          0.00000e+00   constant   
  14  ANy2        -2.05799e-04   4.33792e-04   3.85937e-06   1.83651e-02
  15  pNy2         5.64757e+00   constant   
  16  w_vw         1.43013e+01   constant   
  17  LM          -2.80163e-05   constant   
  18  wCBO_expCoeff   1.99801e+02   5.26564e-01   1.56122e-04  -3.25571e-03
  19  wCBO_expOffset   1.99970e+02   7.20914e-02   9.53529e-05  -2.17008e-02
  20  wCBO_expT    3.00128e+01   7.63869e-03   1.43112e-05  -1.65247e-01
  21  wCBO_linCoeff   0.00000e+00   constant   
  22  wCBO_const   6.64409e-03   7.99607e-04   4.24155e-06  -6.46133e-01
 EXTERNAL ERROR MATRIX.    NDIM=  25    NPAR=  5    ERR DEF=1
  1.882e-07  2.051e-07  1.089e-06 -3.799e-07  1.316e-09 
  2.051e-07  2.773e-01 -3.653e-02 -1.765e-03  8.603e-05 
  1.089e-06 -3.653e-02  5.197e-03  1.002e-04 -3.753e-06 
 -3.799e-07 -1.765e-03  1.002e-04  5.835e-05 -3.754e-06 
  1.316e-09  8.603e-05 -3.753e-06 -3.754e-06  6.394e-07 
 PARAMETER  CORRELATION COEFFICIENTS  
       NO.  GLOBAL     14     18     19     20     22
       14  0.15923   1.000  0.001  0.035 -0.115  0.004
       18  0.99946   0.001  1.000 -0.962 -0.439  0.204
       19  0.99935   0.035 -0.962  1.000  0.182 -0.065
       20  0.99393  -0.115 -0.439  0.182  1.000 -0.615
       22  0.80842   0.004  0.204 -0.065 -0.615  1.000
MINUIT - FIT ALTOGETHER
 **********
 **   92 **RES 
 **********
                   PARAMETER    8  phi_CBO RESTORED TO VARIABLE.
                   PARAMETER    7  w_CBO RESTORED TO VARIABLE.
                   PARAMETER    6  A_CBO RESTORED TO VARIABLE.
                   PARAMETER    4  phi RESTORED TO VARIABLE.
                   PARAMETER    3  A0 RESTORED TO VARIABLE.
                   PARAMETER    1  N0 RESTORED TO VARIABLE.
 **********
 **   93 **MIGRAD
 **********
 START MIGRAD MINIMIZATION.  STRATEGY  1.  CONVERGENCE WHEN EDM .LT. 1.00e-04
 FCN=339.631 FROM MIGRAD    STATUS=INITIATE       22 CALLS        1109 TOTAL
                     EDM= unknown      STRATEGY= 1      NO ERROR MATRIX       
  EXT PARAMETER               CURRENT GUESS       STEP         FIRST   
  NO.   NAME      VALUE            ERROR          SIZE      DERIVATIVE 
   1  N0           2.79056e+06   8.45895e+02   8.45895e+02  -1.12901e-05
   2  tau          6.44052e+01   constant   
   3  A0           3.51561e-01   4.04578e-04   4.04578e-04   7.15820e+02
   4  phi          4.11625e+00   1.20671e-03   1.20671e-03   8.29723e+01
   5  R           -6.00435e+01   constant   
