 + ++++++++++++++++++++++++++++++++++++++++++++++++++++++++++++++++++++ +
 +                                                                      +
 +           You have chose to blind your fitting according to          +
 +                omega_ref * (1 + (R +/- deltaR) *10^{-6})             +
 +                                                                      +
 + ++++++++++++++++++++++++++++++++++++++++++++++++++++++++++++++++++++ +
In main()...
reading format from /gm2data/zkhechad/run45/envelope/formats/formatB_sBin_constraintOn.txt
pBinTau 	= 0  
pBinPhi 	= 0  
constraintau 	= 1 
includeMopTerm 	= 0    
constrainMop    = 0   
Parameters after format file: pBinTau 0 pBinPhi 0 constraintau 1 includeMopTerm 0 constrainMop 0 c_e_scale 0.000000 
reading cbo reference file (full fit) from /gm2data/zkhechad/cboTemplates/Run4CBOTemplates/fullFits/run4/sBin_constraintOn_cE0.0_seed0_run4_calo15.root
A_CBO 0.008274 w_CBO 2.326361 phi_CBO 0.928510 N0 2995032.431773 R -60.169268 tau 64.399261 
Reading cboRef file /gm2data/zkhechad/cboTemplates/Run4CBOTemplates//cboIsolate/run4_calo15.root
deltaT 164.120000
windowBins = 1100
fitting sliding window 1960 from bin 2163 at 322.719600 to bin 3263 at 486.839600 (1100 bins)

Reading data from /gm2data/cornell/histograms/aMethod/histogram_a_run4.root
fitting cbo isolate
 **********
 **    1 **SET PRINTOUT            1
 **********
 **********
 **    2 **SET NOWARNINGS 
 **********
 PARAMETER DEFINITIONS:
    NO.   NAME         VALUE      STEP SIZE      LIMITS
     1 A_CBO        8.27396e-03  1.00000e-05     no limits
     2 w_CBO        2.32636e+00  1.00000e-02    2.00000e+00  3.00000e+00
     3 phi_CBO      9.28510e-01  1.00000e-02    0.00000e+00  6.28319e+00
 **********
 **    3 **MIGRAD
 **********
 FIRST CALL TO USER FUNCTION AT NEW START POINT, WITH IFLAG=4.
 START MIGRAD MINIMIZATION.  STRATEGY  1.  CONVERGENCE WHEN EDM .LT. 1.00e-04
 FCN=0.119936 FROM MIGRAD    STATUS=INITIATE       12 CALLS          13 TOTAL
                     EDM= unknown      STRATEGY= 1      NO ERROR MATRIX       
  EXT PARAMETER               CURRENT GUESS       STEP         FIRST   
  NO.   NAME      VALUE            ERROR          SIZE      DERIVATIVE 
   1  A_CBO        8.27396e-03   1.00000e-05   1.00000e-05   7.17747e+00
   2  w_CBO        2.32636e+00   1.00000e-02   2.13296e-02   6.83340e-01
   3  phi_CBO      9.28510e-01   1.00000e-02   4.48483e-03  -7.71568e-03
 MIGRAD MINIMIZATION HAS CONVERGED.
 MIGRAD WILL VERIFY CONVERGENCE AND ERROR MATRIX.
 COVARIANCE MATRIX CALCULATED SUCCESSFULLY
 FCN=0.096471 FROM MIGRAD    STATUS=CONVERGED      56 CALLS          57 TOTAL
                     EDM=3.35118e-05    STRATEGY= 1      ERROR MATRIX ACCURATE 
  EXT PARAMETER                                   STEP         FIRST   
  NO.   NAME      VALUE            ERROR          SIZE      DERIVATIVE 
   1  A_CBO        1.79450e-03   4.50507e-02   2.18016e-05  -1.73516e-03
   2  w_CBO        2.32611e+00   5.02336e-01   6.49466e-05   6.80190e-03
   3  phi_CBO      1.02435e+00   3.65135e+00   5.34052e-03  -4.12665e-05
 EXTERNAL ERROR MATRIX.    NDIM=  25    NPAR=  3    ERR DEF=1
  2.030e-03 -1.651e-02 -6.806e+00 
 -1.651e-02  1.288e+00  5.310e+02 
 -6.806e+00  5.310e+02  2.195e+05 
 PARAMETER  CORRELATION COEFFICIENTS  
       NO.  GLOBAL      1      2      3
        1  0.32297   1.000 -0.323 -0.322
        2  0.99871  -0.323  1.000  0.999
        3  0.99871  -0.322  0.999  1.000
setting A_CBO=0.001794 w_CBO=2.326106, phi_CBO=1.024345
done fitting cbo isolate
 **********
 **    1 **SET PRINTOUT            1
 **********
 **********
 **    2 **SET NOWARNINGS 
 **********
 PARAMETER DEFINITIONS:
    NO.   NAME         VALUE      STEP SIZE      LIMITS
     1 N0           2.99503e+06  1.00000e+02     no limits
     2 tau          6.43993e+01  constant
     3 A0           3.54065e-01  1.00000e-04     no limits
     4 phi          4.11942e+00  1.00000e-02     no limits
     5 R           -6.01693e+01  constant
     6 A_CBO        1.79450e-03  1.00000e-05     no limits
     7 w_CBO        2.32611e+00  1.00000e-03     no limits
     8 phi_CBO      1.02435e+00  1.00000e-04     no limits
     9 ANx2         6.17909e-04  constant
    10 pNx2         3.86483e+00  constant
    11 ANy1         0.00000e+00  constant
    12 pNy1         0.00000e+00  constant
    13 w_y          0.00000e+00  constant
    14 ANy2         7.96733e-03  1.00000e-04     no limits
    15 pNy2         1.76471e+00  constant
    16 w_vw         1.43097e+01  constant
    17 LM          -1.37296e-04  constant
    18 wCBO_expCoeff   2.00000e+02  1.00000e+00     no limits
    19 wCBO_expOffset   2.00000e+02  1.00000e+00     no limits
    20 wCBO_expT    3.00000e+01  1.00000e+00     no limits
    21 wCBO_linCoeff   0.00000e+00  constant
    22 wCBO_const   0.00000e+00  1.00000e-02     no limits
MINUIT - FIT ONLY WIGGLE
 **********
 **    3 **FIX            5
 **********
 PARAMETER    5  IS CONSTANT.   IGNORED.
 **********
 **    4 **FIX            6
 **********
 **********
 **    5 **FIX            7
 **********
 **********
 **    6 **FIX            8
 **********
 **********
 **    7 **FIX            9
 **********
 PARAMETER    9  IS CONSTANT.   IGNORED.
 **********
 **    8 **FIX           10
 **********
 PARAMETER   10  IS CONSTANT.   IGNORED.
 **********
 **    9 **FIX           11
 **********
 PARAMETER   11  IS CONSTANT.   IGNORED.
 **********
 **   10 **FIX           12
 **********
 PARAMETER   12  IS CONSTANT.   IGNORED.
 **********
 **   11 **FIX           13
 **********
 PARAMETER   13  IS CONSTANT.   IGNORED.
 **********
 **   12 **FIX           14
 **********
 **********
 **   13 **FIX           15
 **********
 PARAMETER   15  IS CONSTANT.   IGNORED.
 **********
 **   14 **FIX           16
 **********
 PARAMETER   16  IS CONSTANT.   IGNORED.
 **********
 **   15 **MIGRAD
 **********
 FIRST CALL TO USER FUNCTION AT NEW START POINT, WITH IFLAG=4.
 START MIGRAD MINIMIZATION.  STRATEGY  1.  CONVERGENCE WHEN EDM .LT. 1.00e-04
 FCN=492.194 FROM MIGRAD    STATUS=INITIATE       57 CALLS          58 TOTAL
                     EDM= unknown      STRATEGY= 1      NO ERROR MATRIX       
  EXT PARAMETER               CURRENT GUESS       STEP         FIRST   
  NO.   NAME      VALUE            ERROR          SIZE      DERIVATIVE 
   1  N0           2.99503e+06   1.00000e+02   0.00000e+00   1.35954e-03
   2  tau          6.43993e+01   constant   
   3  A0           3.54065e-01   1.00000e-04   0.00000e+00   2.02517e+03
   4  phi          4.11942e+00   1.00000e-02   0.00000e+00  -2.57987e+02
   5  R           -6.01693e+01   constant   
   6  A_CBO        1.79450e-03     fixed    
   7  w_CBO        2.32611e+00     fixed    
   8  phi_CBO      1.02435e+00     fixed    
   9  ANx2         6.17909e-04   constant   
  10  pNx2         3.86483e+00   constant   
  11  ANy1         0.00000e+00   constant   
  12  pNy1         0.00000e+00   constant   
  13  w_y          0.00000e+00   constant   
  14  ANy2         7.96733e-03     fixed    
  15  pNy2         1.76471e+00   constant   
  16  w_vw         1.43097e+01   constant   
  17  LM          -1.37296e-04   constant   
  18  wCBO_expCoeff   1.99686e+02   1.00000e+00  -3.13668e-01  -1.53363e+01
  19  wCBO_expOffset   2.00000e+02   1.00000e+00   0.00000e+00  -1.02084e+02
  20  wCBO_expT    3.00000e+01   1.00000e+00   0.00000e+00  -4.27877e+02
  21  wCBO_linCoeff   0.00000e+00   constant   
  22  wCBO_const   0.00000e+00   1.00000e-02   0.00000e+00  -3.30112e+03
 MIGRAD MINIMIZATION HAS CONVERGED.
 FCN=488.282 FROM MIGRAD    STATUS=CONVERGED     225 CALLS         226 TOTAL
                     EDM=4.74826e-08    STRATEGY= 1  ERROR MATRIX UNCERTAINTY   0.6 per cent
  EXT PARAMETER                                   STEP         FIRST   
  NO.   NAME      VALUE            ERROR          SIZE      DERIVATIVE 
   1  N0           2.99391e+06   1.25141e+03  -2.55066e+00  -5.12137e-08
   2  tau          6.43993e+01   constant   
   3  A0           3.53818e-01   5.59042e-04   4.31361e-07   2.46623e-01
   4  phi          4.11962e+00   1.63372e-03  -4.73799e-06   1.45042e-01
   5  R           -6.01693e+01   constant   
   6  A_CBO        1.79450e-03     fixed    
   7  w_CBO        2.32611e+00     fixed    
   8  phi_CBO      1.02435e+00     fixed    
   9  ANx2         6.17909e-04   constant   
  10  pNx2         3.86483e+00   constant   
  11  ANy1         0.00000e+00   constant   
  12  pNy1         0.00000e+00   constant   
  13  w_y          0.00000e+00   constant   
  14  ANy2         7.96733e-03     fixed    
  15  pNy2         1.76471e+00   constant   
  16  w_vw         1.43097e+01   constant   
  17  LM          -1.37296e-04   constant   
  18  wCBO_expCoeff   2.00374e+02   4.34212e-01   9.29721e-04  -3.42923e-03
  19  wCBO_expOffset   2.00103e+02   6.52880e-02   1.39622e-04  -2.30125e-02
  20  wCBO_expT    2.99477e+01   3.18811e-02  -7.21682e-05  -1.02760e-01
  21  wCBO_linCoeff   0.00000e+00   constant   
  22  wCBO_const   1.85416e-03   9.34595e-04   7.28512e-07  -6.46163e-01
 EXTERNAL ERROR MATRIX.    NDIM=  25    NPAR=  7    ERR DEF=1
  1.566e+06  8.768e-03  8.549e-03 -8.617e+00 -1.295e+00  7.978e-01 -4.445e-02 
  8.768e-03  3.125e-07  9.273e-09  1.806e-06  2.705e-07 -2.246e-07 -5.539e-10 
  8.549e-03  9.273e-09  2.669e-06 -5.635e-05 -8.477e-06  4.493e-06 -1.323e-07 
 -8.617e+00  1.806e-06 -5.635e-05  1.885e-01  2.754e-02 -1.369e-02  3.128e-04 
 -1.295e+00  2.705e-07 -8.477e-06  2.754e-02  4.263e-03 -2.059e-03  4.705e-05 
  7.978e-01 -2.246e-07  4.493e-06 -1.369e-02 -2.059e-03  1.016e-03 -2.423e-05 
 -4.445e-02 -5.539e-10 -1.323e-07  3.128e-04  4.705e-05 -2.423e-05  8.735e-07 
 PARAMETER  CORRELATION COEFFICIENTS  
       NO.  GLOBAL      1      3      4     18     19     20     22
        1  0.05305   1.000  0.013  0.004 -0.016 -0.016  0.020 -0.038
        3  0.10356   0.013  1.000  0.010  0.007  0.007 -0.013 -0.001
        4  0.11447   0.004  0.010  1.000 -0.079 -0.079  0.086 -0.087
       18  0.99388  -0.016  0.007 -0.079  1.000  0.971 -0.989  0.771
       19  0.99390  -0.016  0.007 -0.079  0.971  1.000 -0.989  0.771
       20  0.99833   0.020 -0.013  0.086 -0.989 -0.989  1.000 -0.813
       22  0.90449  -0.038 -0.001 -0.087  0.771  0.771 -0.813  1.000
MINUIT - FIT ONLY 1-CBO + other amplitudes 
 **********
 **   16 **RES 
 **********
                   PARAMETER   14  ANy2 RESTORED TO VARIABLE.
                   PARAMETER    8  phi_CBO RESTORED TO VARIABLE.
                   PARAMETER    7  w_CBO RESTORED TO VARIABLE.
                   PARAMETER    6  A_CBO RESTORED TO VARIABLE.
 **********
 **   17 **FIX            0
 **********
 PARAMETER    0  IS UNDEFINED. IGNORED.
 **********
 **   18 **FIX            1
 **********
 **********
 **   19 **FIX            2
 **********
 PARAMETER    2  IS CONSTANT.   IGNORED.
 **********
 **   20 **FIX            3
 **********
 **********
 **   21 **FIX            4
 **********
 **********
 **   22 **FIX            9
 **********
 PARAMETER    9  IS CONSTANT.   IGNORED.
 **********
 **   23 **FIX           11
 **********
 PARAMETER   11  IS CONSTANT.   IGNORED.
 **********
 **   24 **FIX           12
 **********
 PARAMETER   12  IS CONSTANT.   IGNORED.
 **********
 **   25 **FIX           14
 **********
 **********
 **   26 **FIX           15
 **********
 PARAMETER   15  IS CONSTANT.   IGNORED.
 **********
 **   27 **FIX           16
 **********
 PARAMETER   16  IS CONSTANT.   IGNORED.
 **********
 **   28 **MIGRAD
 **********
 START MIGRAD MINIMIZATION.  STRATEGY  1.  CONVERGENCE WHEN EDM .LT. 1.00e-04
 FCN=488.282 FROM MIGRAD    STATUS=INITIATE       20 CALLS         246 TOTAL
                     EDM= unknown      STRATEGY= 1      NO ERROR MATRIX       
  EXT PARAMETER               CURRENT GUESS       STEP         FIRST   
  NO.   NAME      VALUE            ERROR          SIZE      DERIVATIVE 
   1  N0           2.99391e+06     fixed    
   2  tau          6.43993e+01   constant   
   3  A0           3.53818e-01     fixed    
   4  phi          4.11962e+00     fixed    
   5  R           -6.01693e+01   constant   
   6  A_CBO        1.79450e-03   1.00000e-05   1.00000e-05   1.10947e+03
   7  w_CBO        2.32611e+00   1.00000e-03   1.00000e-03  -5.73486e-01
   8  phi_CBO      1.02435e+00   1.00000e-04   1.00000e-04  -2.76899e-01
   9  ANx2         6.17909e-04   constant   
  10  pNx2         3.86483e+00   constant   
  11  ANy1         0.00000e+00   constant   
  12  pNy1         0.00000e+00   constant   
  13  w_y          0.00000e+00   constant   
  14  ANy2         7.96733e-03     fixed    
  15  pNy2         1.76471e+00   constant   
  16  w_vw         1.43097e+01   constant   
  17  LM          -1.37296e-04   constant   
  18  wCBO_expCoeff   2.00374e+02   4.34212e-01   9.29721e-04  -3.42921e-03
  19  wCBO_expOffset   2.00103e+02   6.52880e-02   1.39622e-04  -2.30125e-02
  20  wCBO_expT    2.99477e+01   3.18811e-02  -7.21682e-05  -1.02760e-01
  21  wCBO_linCoeff   0.00000e+00   constant   
  22  wCBO_const   1.85416e-03   9.34595e-04   7.28512e-07  -6.46161e-01
 MIGRAD MINIMIZATION HAS CONVERGED.
 MIGRAD WILL VERIFY CONVERGENCE AND ERROR MATRIX.
 COVARIANCE MATRIX CALCULATED SUCCESSFULLY
 FCN=487.376 FROM HESSE     STATUS=OK             58 CALLS         493 TOTAL
                     EDM=0.000244801    STRATEGY= 1      ERROR MATRIX ACCURATE 
  EXT PARAMETER                                   STEP         FIRST   
  NO.   NAME      VALUE            ERROR          SIZE      DERIVATIVE 
   1  N0           2.99391e+06     fixed    
   2  tau          6.43993e+01   constant   
   3  A0           3.53818e-01     fixed    
   4  phi          4.11962e+00     fixed    
   5  R           -6.01693e+01   constant   
   6  A_CBO        1.57621e-03   5.98388e-04   6.35118e-06  -4.76092e-01
   7  w_CBO        2.32679e+00   9.79404e-03   4.10564e-06   1.74385e-01
   8  phi_CBO      2.88501e+00   8.29282e-01   4.01849e-03   8.46532e-04
   9  ANx2         6.17909e-04   constant   
  10  pNx2         3.86483e+00   constant   
  11  ANy1         0.00000e+00   constant   
  12  pNy1         0.00000e+00   constant   
  13  w_y          0.00000e+00   constant   
  14  ANy2         7.96733e-03     fixed    
  15  pNy2         1.76471e+00   constant   
  16  w_vw         1.43097e+01   constant   
  17  LM          -1.37296e-04   constant   
  18  wCBO_expCoeff   2.00322e+02   8.60950e-01   5.31004e-04   3.06520e-03
  19  wCBO_expOffset   2.00096e+02   1.21257e-01   9.54130e-05   2.04877e-02
  20  wCBO_expT    2.99482e+01   2.93552e-02   1.80914e-05  -9.91042e-01
  21  wCBO_linCoeff   0.00000e+00   constant   
  22  wCBO_const   3.94727e-03   4.21720e-03   4.32787e-06  -2.07445e-01
 MIGRAD MINIMIZATION HAS CONVERGED.
 FCN=487.375 FROM MIGRAD    STATUS=CONVERGED     283 CALLS         509 TOTAL
                     EDM=3.52397e-06    STRATEGY= 1  ERROR MATRIX UNCERTAINTY   8.9 per cent
  EXT PARAMETER                                   STEP         FIRST   
  NO.   NAME      VALUE            ERROR          SIZE      DERIVATIVE 
   1  N0           2.99391e+06     fixed    
   2  tau          6.43993e+01   constant   
   3  A0           3.53818e-01     fixed    
   4  phi          4.11962e+00     fixed    
   5  R           -6.01693e+01   constant   
   6  A_CBO        1.57708e-03   5.98031e-04   8.67003e-07   3.15277e+00
   7  w_CBO        2.32658e+00   1.14878e-02  -2.16571e-04   2.02781e+00
   8  phi_CBO      2.89717e+00   9.06430e-01   1.21555e-02  -3.95069e-03
   9  ANx2         6.17909e-04   constant   
  10  pNx2         3.86483e+00   constant   
  11  ANy1         0.00000e+00   constant   
  12  pNy1         0.00000e+00   constant   
  13  w_y          0.00000e+00   constant   
  14  ANy2         7.96733e-03     fixed    
  15  pNy2         1.76471e+00   constant   
  16  w_vw         1.43097e+01   constant   
  17  LM          -1.37296e-04   constant   
  18  wCBO_expCoeff   2.00301e+02   1.03452e+00  -2.07262e-02   1.92913e-02
  19  wCBO_expOffset   2.00093e+02   1.40734e-01  -2.60262e-03   1.27442e-01
  20  wCBO_expT    2.99503e+01   6.46008e-02   2.08469e-03   4.95680e-01
  21  wCBO_linCoeff   0.00000e+00   constant   
  22  wCBO_const   4.00544e-03   4.52830e-03   5.81676e-05   8.51186e-01
 EXTERNAL ERROR MATRIX.    NDIM=  25    NPAR=  7    ERR DEF=1
  3.576e-07  1.599e-08  1.693e-05 -1.149e-06 -5.452e-07  4.145e-07 -4.866e-08 
  1.599e-08  1.320e-04 -2.838e-03  2.759e-04  3.535e-05 -4.350e-04 -5.004e-05 
  1.693e-05 -2.838e-03  8.216e-01 -2.576e-01 -3.116e-02  2.661e-02  1.320e-03 
 -1.149e-06  2.759e-04 -2.576e-01  1.070e+00  5.985e-03 -4.156e-02  5.617e-04 
 -5.452e-07  3.535e-05 -3.116e-02  5.985e-03  1.981e-02 -5.185e-03  7.036e-05 
  4.145e-07 -4.350e-04  2.661e-02 -4.156e-02 -5.185e-03  4.173e-03  1.192e-04 
 -4.866e-08 -5.004e-05  1.320e-03  5.617e-04  7.036e-05  1.192e-04  2.051e-05 
 PARAMETER  CORRELATION COEFFICIENTS  
       NO.  GLOBAL      6      7      8     18     19     20     22
        6  0.17972   1.000  0.002  0.031 -0.002 -0.006  0.011 -0.018
        7  0.99945   0.002  1.000 -0.273  0.023  0.022 -0.586 -0.962
        8  0.91164   0.031 -0.273  1.000 -0.275 -0.244  0.454  0.321
       18  0.99887  -0.002  0.023 -0.275  1.000  0.041 -0.622  0.120
       19  0.99863  -0.006  0.022 -0.244  0.041  1.000 -0.570  0.110
       20  0.99966   0.011 -0.586  0.454 -0.622 -0.570  1.000  0.408
       22  0.99607  -0.018 -0.962  0.321  0.120  0.110  0.408  1.000
MINUIT - FIT ONLY 1-CBO
 **********
 **   29 **RES 
 **********
                   PARAMETER   14  ANy2 RESTORED TO VARIABLE.
                   PARAMETER    4  phi RESTORED TO VARIABLE.
                   PARAMETER    3  A0 RESTORED TO VARIABLE.
                   PARAMETER    1  N0 RESTORED TO VARIABLE.
 **********
 **   30 **FIX            0
 **********
 PARAMETER    0  IS UNDEFINED. IGNORED.
 **********
 **   31 **FIX            1
 **********
 **********
 **   32 **FIX            2
 **********
 PARAMETER    2  IS CONSTANT.   IGNORED.
 **********
 **   33 **FIX            3
 **********
 **********
 **   34 **FIX            4
 **********
 **********
 **   35 **FIX            8
 **********
 **********
 **   36 **FIX            9
 **********
 PARAMETER    9  IS CONSTANT.   IGNORED.
 **********
 **   37 **FIX           11
 **********
 PARAMETER   11  IS CONSTANT.   IGNORED.
 **********
 **   38 **FIX           12
 **********
 PARAMETER   12  IS CONSTANT.   IGNORED.
 **********
 **   39 **FIX           13
 **********
 PARAMETER   13  IS CONSTANT.   IGNORED.
 **********
 **   40 **FIX           15
 **********
 PARAMETER   15  IS CONSTANT.   IGNORED.
 **********
 **   41 **FIX           16
 **********
 PARAMETER   16  IS CONSTANT.   IGNORED.
 **********
 **   42 **MIGRAD
 **********
 START MIGRAD MINIMIZATION.  STRATEGY  1.  CONVERGENCE WHEN EDM .LT. 1.00e-04
 FCN=487.375 FROM MIGRAD    STATUS=INITIATE       16 CALLS         525 TOTAL
                     EDM= unknown      STRATEGY= 1      NO ERROR MATRIX       
  EXT PARAMETER               CURRENT GUESS       STEP         FIRST   
  NO.   NAME      VALUE            ERROR          SIZE      DERIVATIVE 
   1  N0           2.99391e+06     fixed    
   2  tau          6.43993e+01   constant   
   3  A0           3.53818e-01     fixed    
   4  phi          4.11962e+00     fixed    
   5  R           -6.01693e+01   constant   
   6  A_CBO        1.57708e-03   5.98031e-04   8.67003e-07   3.15277e+00
   7  w_CBO        2.32658e+00   1.14878e-02  -2.16571e-04   2.01684e+00
   8  phi_CBO      2.89717e+00     fixed    
   9  ANx2         6.17909e-04   constant   
  10  pNx2         3.86483e+00   constant   
  11  ANy1         0.00000e+00   constant   
  12  pNy1         0.00000e+00   constant   
  13  w_y          0.00000e+00   constant   
  14  ANy2         7.96733e-03   1.00000e-04   1.00000e-04   4.59463e+04
  15  pNy2         1.76471e+00   constant   
  16  w_vw         1.43097e+01   constant   
  17  LM          -1.37296e-04   constant   
  18  wCBO_expCoeff   2.00301e+02   1.03452e+00  -2.07262e-02   1.91383e-02
  19  wCBO_expOffset   2.00093e+02   1.40734e-01  -2.60262e-03   1.27442e-01
  20  wCBO_expT    2.99503e+01   6.46008e-02   2.08469e-03   4.95718e-01
  21  wCBO_linCoeff   0.00000e+00   constant   
  22  wCBO_const   4.00544e-03   4.52830e-03   5.81676e-05   8.60777e-01
 MIGRAD MINIMIZATION HAS CONVERGED.
 MIGRAD WILL VERIFY CONVERGENCE AND ERROR MATRIX.
 COVARIANCE MATRIX CALCULATED SUCCESSFULLY
 FCN=302.095 FROM MIGRAD    STATUS=CONVERGED     379 CALLS         888 TOTAL
                     EDM=1.29432e-05    STRATEGY= 1      ERROR MATRIX ACCURATE 
  EXT PARAMETER                                   STEP         FIRST   
  NO.   NAME      VALUE            ERROR          SIZE      DERIVATIVE 
   1  N0           2.99391e+06     fixed    
   2  tau          6.43993e+01   constant   
   3  A0           3.53818e-01     fixed    
   4  phi          4.11962e+00     fixed    
   5  R           -6.01693e+01   constant   
   6  A_CBO        7.12496e-04   6.72790e-04   4.98159e-06   4.98263e+00
   7  w_CBO        2.32229e+00   1.00287e-02   5.27881e-06   8.58412e-01
   8  phi_CBO      2.89717e+00     fixed    
   9  ANx2         6.17909e-04   constant   
  10  pNx2         3.86483e+00   constant   
  11  ANy1         0.00000e+00   constant   
  12  pNy1         0.00000e+00   constant   
  13  w_y          0.00000e+00   constant   
  14  ANy2        -9.76403e-05   5.90753e-04   4.99397e-06  -2.55807e+00
  15  pNy2         1.76471e+00   constant   
  16  w_vw         1.43097e+01   constant   
  17  LM          -1.37296e-04   constant   
  18  wCBO_expCoeff   2.00404e+02   9.88801e-01   8.68479e-04   1.29503e-02
  19  wCBO_expOffset   2.00362e+02   1.47514e-01   1.29552e-04   8.66902e-02
  20  wCBO_expT    2.98945e+01   2.47773e-02   2.74285e-05   3.75380e-01
  21  wCBO_linCoeff   0.00000e+00   constant   
  22  wCBO_const   6.86677e-03   4.35354e-03   4.00268e-06  -5.97759e-01
 EXTERNAL ERROR MATRIX.    NDIM=  25    NPAR=  7    ERR DEF=1
  4.526e-07  4.815e-08  3.777e-08 -3.006e-06 -4.464e-07  1.842e-06 -1.975e-07 
  4.815e-08  1.006e-04 -3.556e-08 -3.667e-03 -5.474e-04 -4.605e-05 -4.272e-05 
  3.777e-08 -3.556e-08  3.490e-07 -5.619e-06 -8.378e-07  6.477e-07 -1.653e-09 
 -3.006e-06 -3.667e-03 -5.619e-06  9.777e-01 -7.106e-02 -6.435e-03  1.726e-03 
 -4.464e-07 -5.474e-04 -8.378e-07 -7.106e-02  2.176e-02 -9.597e-04  2.576e-04 
  1.842e-06 -4.605e-05  6.477e-07 -6.435e-03 -9.597e-04  6.139e-04  4.681e-06 
 -1.975e-07 -4.272e-05 -1.653e-09  1.726e-03  2.576e-04  4.681e-06  1.895e-05 
 PARAMETER  CORRELATION COEFFICIENTS  
       NO.  GLOBAL      6      7     14     18     19     20     22
        6  0.49093   1.000  0.007  0.095 -0.005 -0.004  0.111 -0.067
        7  0.99811   0.007  1.000 -0.006 -0.370 -0.370 -0.185 -0.979
       14  0.10528   0.095 -0.006  1.000 -0.010 -0.010  0.044 -0.001
       18  0.99476  -0.005 -0.370 -0.010  1.000 -0.487 -0.263  0.401
       19  0.99476  -0.004 -0.370 -0.010 -0.487  1.000 -0.263  0.401
       20  0.99166   0.111 -0.185  0.044 -0.263 -0.263  1.000  0.043
       22  0.99417  -0.067 -0.979 -0.001  0.401  0.401  0.043  1.000
MINUIT - FIT ONLY 2-CBO
 **********
 **   43 **RES 
 **********
                   PARAMETER    8  phi_CBO RESTORED TO VARIABLE.
                   PARAMETER    4  phi RESTORED TO VARIABLE.
                   PARAMETER    3  A0 RESTORED TO VARIABLE.
                   PARAMETER    1  N0 RESTORED TO VARIABLE.
 **********
 **   44 **FIX            0
 **********
 PARAMETER    0  IS UNDEFINED. IGNORED.
 **********
 **   45 **FIX            1
 **********
 **********
 **   46 **FIX            2
 **********
 PARAMETER    2  IS CONSTANT.   IGNORED.
 **********
 **   47 **FIX            3
 **********
 **********
 **   48 **FIX            4
 **********
 **********
 **   49 **FIX            5
 **********
 PARAMETER    5  IS CONSTANT.   IGNORED.
 **********
 **   50 **FIX            6
 **********
 **********
 **   51 **FIX            7
 **********
 **********
 **   52 **FIX           10
 **********
 PARAMETER   10  IS CONSTANT.   IGNORED.
 **********
 **   53 **FIX           11
 **********
 PARAMETER   11  IS CONSTANT.   IGNORED.
 **********
 **   54 **FIX           12
 **********
 PARAMETER   12  IS CONSTANT.   IGNORED.
 **********
 **   55 **FIX           13
 **********
 PARAMETER   13  IS CONSTANT.   IGNORED.
 **********
 **   56 **FIX           14
 **********
 **********
 **   57 **FIX           15
 **********
 PARAMETER   15  IS CONSTANT.   IGNORED.
 **********
 **   58 **FIX           16
 **********
 PARAMETER   16  IS CONSTANT.   IGNORED.
 **********
 **   59 **MIGRAD
 **********
 START MIGRAD MINIMIZATION.  STRATEGY  1.  CONVERGENCE WHEN EDM .LT. 1.00e-04
 FCN=302.095 FROM MIGRAD    STATUS=INITIATE       12 CALLS         900 TOTAL
                     EDM= unknown      STRATEGY= 1      NO ERROR MATRIX       
  EXT PARAMETER               CURRENT GUESS       STEP         FIRST   
  NO.   NAME      VALUE            ERROR          SIZE      DERIVATIVE 
   1  N0           2.99391e+06     fixed    
   2  tau          6.43993e+01   constant   
   3  A0           3.53818e-01     fixed    
   4  phi          4.11962e+00     fixed    
   5  R           -6.01693e+01   constant   
   6  A_CBO        7.12496e-04     fixed    
   7  w_CBO        2.32229e+00     fixed    
   8  phi_CBO      2.89717e+00   9.06430e-01   9.06430e-01   3.00757e-01
   9  ANx2         6.17909e-04   constant   
  10  pNx2         3.86483e+00   constant   
  11  ANy1         0.00000e+00   constant   
  12  pNy1         0.00000e+00   constant   
  13  w_y          0.00000e+00   constant   
  14  ANy2        -9.76403e-05     fixed    
  15  pNy2         1.76471e+00   constant   
  16  w_vw         1.43097e+01   constant   
  17  LM          -1.37296e-04   constant   
  18  wCBO_expCoeff   2.00404e+02   9.88801e-01   8.68479e-04   1.27676e-02
  19  wCBO_expOffset   2.00362e+02   1.47514e-01   1.29552e-04   8.55927e-02
  20  wCBO_expT    2.98945e+01   2.47773e-02   2.74285e-05   3.69838e-01
  21  wCBO_linCoeff   0.00000e+00   constant   
  22  wCBO_const   6.86677e-03   4.35354e-03   4.00268e-06  -5.93763e-01
 MIGRAD MINIMIZATION HAS CONVERGED.
 MIGRAD WILL VERIFY CONVERGENCE AND ERROR MATRIX.
 COVARIANCE MATRIX CALCULATED SUCCESSFULLY
 FCN=302.07 FROM MIGRAD    STATUS=CONVERGED     105 CALLS         993 TOTAL
                     EDM=6.63522e-06    STRATEGY= 1      ERROR MATRIX ACCURATE 
  EXT PARAMETER                                   STEP         FIRST   
  NO.   NAME      VALUE            ERROR          SIZE      DERIVATIVE 
   1  N0           2.99391e+06     fixed    
   2  tau          6.43993e+01   constant   
   3  A0           3.53818e-01     fixed    
   4  phi          4.11962e+00     fixed    
   5  R           -6.01693e+01   constant   
   6  A_CBO        7.12496e-04     fixed    
   7  w_CBO        2.32229e+00     fixed    
   8  phi_CBO      2.72507e+00   1.00999e+00   7.03308e-03  -1.51945e-03
   9  ANx2         6.17909e-04   constant   
  10  pNx2         3.86483e+00   constant   
  11  ANy1         0.00000e+00   constant   
  12  pNy1         0.00000e+00   constant   
  13  w_y          0.00000e+00   constant   
  14  ANy2        -9.76403e-05     fixed    
  15  pNy2         1.76471e+00   constant   
  16  w_vw         1.43097e+01   constant   
  17  LM          -1.37296e-04   constant   
  18  wCBO_expCoeff   2.00363e+02   1.27173e+00   8.17670e-04   1.16486e-02
  19  wCBO_expOffset   2.00356e+02   1.89767e-01   1.21975e-04   7.79971e-02
  20  wCBO_expT    2.98973e+01   2.87642e-02   2.59524e-05   2.27546e-01
  21  wCBO_linCoeff   0.00000e+00   constant   
  22  wCBO_const   6.75642e-03   1.02037e-03   3.98862e-06  -2.86582e+00
 EXTERNAL ERROR MATRIX.    NDIM=  25    NPAR=  5    ERR DEF=1
  1.020e+00  1.384e-01  2.065e-02 -9.520e-03  4.783e-04 
  1.384e-01  1.617e+00 -1.917e-01 -1.158e-02  2.818e-04 
  2.065e-02 -1.917e-01  3.601e-02 -1.728e-03  4.205e-05 
 -9.520e-03 -1.158e-02 -1.728e-03  8.274e-04 -2.201e-05 
  4.783e-04  2.818e-04  4.205e-05 -2.201e-05  1.041e-06 
 PARAMETER  CORRELATION COEFFICIENTS  
       NO.  GLOBAL      8     18     19     20     22
        8  0.57762   1.000  0.108  0.108 -0.328  0.464
       18  0.99712   0.108  1.000 -0.794 -0.317  0.217
       19  0.99712   0.108 -0.794  1.000 -0.317  0.217
       20  0.99432  -0.328 -0.317 -0.317  1.000 -0.750
       22  0.88772   0.464  0.217  0.217 -0.750  1.000
MINUIT - FIT ONLY 1-y
 **********
 **   60 **RES 
 **********
                   PARAMETER   14  ANy2 RESTORED TO VARIABLE.
                   PARAMETER    7  w_CBO RESTORED TO VARIABLE.
                   PARAMETER    6  A_CBO RESTORED TO VARIABLE.
                   PARAMETER    4  phi RESTORED TO VARIABLE.
                   PARAMETER    3  A0 RESTORED TO VARIABLE.
                   PARAMETER    1  N0 RESTORED TO VARIABLE.
 **********
 **   61 **FIX            0
 **********
 PARAMETER    0  IS UNDEFINED. IGNORED.
 **********
 **   62 **FIX            1
 **********
 **********
 **   63 **FIX            2
 **********
 PARAMETER    2  IS CONSTANT.   IGNORED.
 **********
 **   64 **FIX            3
 **********
 **********
 **   65 **FIX            4
 **********
 **********
 **   66 **FIX            5
 **********
 PARAMETER    5  IS CONSTANT.   IGNORED.
 **********
 **   67 **FIX            6
 **********
 **********
 **   68 **FIX            7
 **********
 **********
 **   69 **FIX            8
 **********
 **********
 **   70 **FIX            9
 **********
 PARAMETER    9  IS CONSTANT.   IGNORED.
 **********
 **   71 **FIX           13
 **********
 PARAMETER   13  IS CONSTANT.   IGNORED.
 **********
 **   72 **FIX           14
 **********
 **********
 **   73 **FIX           15
 **********
 PARAMETER   15  IS CONSTANT.   IGNORED.
 **********
 **   74 **FIX           16
 **********
 PARAMETER   16  IS CONSTANT.   IGNORED.
 **********
 **   75 **MIGRAD
 **********
 START MIGRAD MINIMIZATION.  STRATEGY  1.  CONVERGENCE WHEN EDM .LT. 1.00e-04
 FCN=302.07 FROM MIGRAD    STATUS=INITIATE        8 CALLS        1001 TOTAL
                     EDM= unknown      STRATEGY= 1      NO ERROR MATRIX       
  EXT PARAMETER               CURRENT GUESS       STEP         FIRST   
  NO.   NAME      VALUE            ERROR          SIZE      DERIVATIVE 
   1  N0           2.99391e+06     fixed    
   2  tau          6.43993e+01   constant   
   3  A0           3.53818e-01     fixed    
   4  phi          4.11962e+00     fixed    
   5  R           -6.01693e+01   constant   
   6  A_CBO        7.12496e-04     fixed    
   7  w_CBO        2.32229e+00     fixed    
   8  phi_CBO      2.72507e+00     fixed    
   9  ANx2         6.17909e-04   constant   
  10  pNx2         3.86483e+00   constant   
  11  ANy1         0.00000e+00   constant   
  12  pNy1         0.00000e+00   constant   
  13  w_y          0.00000e+00   constant   
  14  ANy2        -9.76403e-05     fixed    
  15  pNy2         1.76471e+00   constant   
  16  w_vw         1.43097e+01   constant   
  17  LM          -1.37296e-04   constant   
  18  wCBO_expCoeff   2.00363e+02   1.27173e+00   8.17670e-04   1.15615e-02
  19  wCBO_expOffset   2.00356e+02   1.89767e-01   1.21975e-04   7.74839e-02
  20  wCBO_expT    2.98973e+01   2.87642e-02   2.59524e-05   2.24064e-01
  21  wCBO_linCoeff   0.00000e+00   constant   
  22  wCBO_const   6.75642e-03   1.02037e-03   3.98862e-06  -2.85914e+00
 MIGRAD MINIMIZATION HAS CONVERGED.
 MIGRAD WILL VERIFY CONVERGENCE AND ERROR MATRIX.
 COVARIANCE MATRIX CALCULATED SUCCESSFULLY
 FCN=302.07 FROM MIGRAD    STATUS=CONVERGED      40 CALLS        1033 TOTAL
                     EDM=2.60387e-06    STRATEGY= 1      ERROR MATRIX ACCURATE 
  EXT PARAMETER                                   STEP         FIRST   
  NO.   NAME      VALUE            ERROR          SIZE      DERIVATIVE 
   1  N0           2.99391e+06     fixed    
   2  tau          6.43993e+01   constant   
   3  A0           3.53818e-01     fixed    
   4  phi          4.11962e+00     fixed    
   5  R           -6.01693e+01   constant   
   6  A_CBO        7.12496e-04     fixed    
   7  w_CBO        2.32229e+00     fixed    
   8  phi_CBO      2.72507e+00     fixed    
   9  ANx2         6.17909e-04   constant   
  10  pNx2         3.86483e+00   constant   
  11  ANy1         0.00000e+00   constant   
  12  pNy1         0.00000e+00   constant   
  13  w_y          0.00000e+00   constant   
  14  ANy2        -9.76403e-05     fixed    
  15  pNy2         1.76471e+00   constant   
  16  w_vw         1.43097e+01   constant   
  17  LM          -1.37296e-04   constant   
  18  wCBO_expCoeff   2.00363e+02   1.26974e+00   8.19893e-04  -9.17590e-03
  19  wCBO_expOffset   2.00356e+02   1.89468e-01   1.22341e-04  -6.15613e-02
  20  wCBO_expT    2.98973e+01   2.72061e-02   2.60133e-05  -3.89898e-01
  21  wCBO_linCoeff   0.00000e+00   constant   
  22  wCBO_const   6.75673e-03   9.04269e-04   3.99322e-06  -4.28336e+00
 EXTERNAL ERROR MATRIX.    NDIM=  25    NPAR=  4    ERR DEF=1
  1.612e+00 -1.964e-01 -1.031e-02  2.174e-04 
 -1.964e-01  3.590e-02 -1.539e-03  3.244e-05 
 -1.031e-02 -1.539e-03  7.402e-04 -1.758e-05 
  2.174e-04  3.244e-05 -1.758e-05  8.177e-07 
 PARAMETER  CORRELATION COEFFICIENTS  
       NO.  GLOBAL     18     19     20     22
       18  0.99711   1.000 -0.817 -0.299  0.189
       19  0.99711  -0.817  1.000 -0.299  0.189
       20  0.99366  -0.299 -0.299  1.000 -0.715
       22  0.85451   0.189  0.189 -0.715  1.000
MINUIT - FIT ONLY 2-y
 **********
 **   76 **RES 
 **********
                   PARAMETER   14  ANy2 RESTORED TO VARIABLE.
                   PARAMETER    8  phi_CBO RESTORED TO VARIABLE.
                   PARAMETER    7  w_CBO RESTORED TO VARIABLE.
                   PARAMETER    6  A_CBO RESTORED TO VARIABLE.
                   PARAMETER    4  phi RESTORED TO VARIABLE.
                   PARAMETER    3  A0 RESTORED TO VARIABLE.
                   PARAMETER    1  N0 RESTORED TO VARIABLE.
 **********
 **   77 **FIX            0
 **********
 PARAMETER    0  IS UNDEFINED. IGNORED.
 **********
 **   78 **FIX            1
 **********
 **********
 **   79 **FIX            2
 **********
 PARAMETER    2  IS CONSTANT.   IGNORED.
 **********
 **   80 **FIX            3
 **********
 **********
 **   81 **FIX            4
 **********
 **********
 **   82 **FIX            5
 **********
 PARAMETER    5  IS CONSTANT.   IGNORED.
 **********
 **   83 **FIX            6
 **********
 **********
 **   84 **FIX            7
 **********
 **********
 **   85 **FIX            8
 **********
 **********
 **   86 **FIX            9
 **********
 PARAMETER    9  IS CONSTANT.   IGNORED.
 **********
 **   87 **FIX           10
 **********
 PARAMETER   10  IS CONSTANT.   IGNORED.
 **********
 **   88 **FIX           11
 **********
 PARAMETER   11  IS CONSTANT.   IGNORED.
 **********
 **   89 **FIX           12
 **********
 PARAMETER   12  IS CONSTANT.   IGNORED.
 **********
 **   90 **FIX           16
 **********
 PARAMETER   16  IS CONSTANT.   IGNORED.
 **********
 **   91 **MIGRAD
 **********
 START MIGRAD MINIMIZATION.  STRATEGY  1.  CONVERGENCE WHEN EDM .LT. 1.00e-04
 FCN=302.07 FROM MIGRAD    STATUS=INITIATE       10 CALLS        1043 TOTAL
                     EDM= unknown      STRATEGY= 1      NO ERROR MATRIX       
  EXT PARAMETER               CURRENT GUESS       STEP         FIRST   
  NO.   NAME      VALUE            ERROR          SIZE      DERIVATIVE 
   1  N0           2.99391e+06     fixed    
   2  tau          6.43993e+01   constant   
   3  A0           3.53818e-01     fixed    
   4  phi          4.11962e+00     fixed    
   5  R           -6.01693e+01   constant   
   6  A_CBO        7.12496e-04     fixed    
   7  w_CBO        2.32229e+00     fixed    
   8  phi_CBO      2.72507e+00     fixed    
   9  ANx2         6.17909e-04   constant   
  10  pNx2         3.86483e+00   constant   
  11  ANy1         0.00000e+00   constant   
  12  pNy1         0.00000e+00   constant   
  13  w_y          0.00000e+00   constant   
  14  ANy2        -9.76403e-05   5.90753e-04   5.90753e-04  -1.76428e+01
  15  pNy2         1.76471e+00   constant   
  16  w_vw         1.43097e+01   constant   
  17  LM          -1.37296e-04   constant   
  18  wCBO_expCoeff   2.00363e+02   1.26974e+00   8.19893e-04  -9.26186e-03
  19  wCBO_expOffset   2.00356e+02   1.89468e-01   1.22341e-04  -6.20677e-02
  20  wCBO_expT    2.98973e+01   2.72061e-02   2.60133e-05  -3.93356e-01
  21  wCBO_linCoeff   0.00000e+00   constant   
  22  wCBO_const   6.75673e-03   9.04269e-04   3.99322e-06  -4.27667e+00
 MIGRAD MINIMIZATION HAS CONVERGED.
 MIGRAD WILL VERIFY CONVERGENCE AND ERROR MATRIX.
 COVARIANCE MATRIX CALCULATED SUCCESSFULLY
 FCN=302.07 FROM MIGRAD    STATUS=CONVERGED      67 CALLS        1100 TOTAL
                     EDM=1.38047e-06    STRATEGY= 1      ERROR MATRIX ACCURATE 
  EXT PARAMETER                                   STEP         FIRST   
  NO.   NAME      VALUE            ERROR          SIZE      DERIVATIVE 
   1  N0           2.99391e+06     fixed    
   2  tau          6.43993e+01   constant   
   3  A0           3.53818e-01     fixed    
   4  phi          4.11962e+00     fixed    
   5  R           -6.01693e+01   constant   
   6  A_CBO        7.12496e-04     fixed    
   7  w_CBO        2.32229e+00     fixed    
   8  phi_CBO      2.72507e+00     fixed    
   9  ANx2         6.17909e-04   constant   
  10  pNx2         3.86483e+00   constant   
  11  ANy1         0.00000e+00   constant   
  12  pNy1         0.00000e+00   constant   
  13  w_y          0.00000e+00   constant   
  14  ANy2        -9.45567e-05   5.88157e-04   4.99376e-06   1.64059e-01
  15  pNy2         1.76471e+00   constant   
  16  w_vw         1.43097e+01   constant   
  17  LM          -1.37296e-04   constant   
  18  wCBO_expCoeff   2.00363e+02   1.26730e+00   8.19988e-04   2.16233e-03
  19  wCBO_expOffset   2.00356e+02   1.89102e-01   1.22355e-04   1.44239e-02
  20  wCBO_expT    2.98973e+01   2.72125e-02   2.60167e-05  -1.90784e-02
  21  wCBO_linCoeff   0.00000e+00   constant   
  22  wCBO_const   6.75708e-03   9.04049e-04   3.99285e-06  -1.38164e+00
 EXTERNAL ERROR MATRIX.    NDIM=  25    NPAR=  5    ERR DEF=1
  3.459e-07 -9.382e-06 -1.400e-06  6.293e-07 -4.577e-09 
 -9.382e-06  1.606e+00 -1.955e-01 -1.032e-02  2.173e-04 
 -1.400e-06 -1.955e-01  3.576e-02 -1.540e-03  3.242e-05 
  6.293e-07 -1.032e-02 -1.540e-03  7.405e-04 -1.757e-05 
 -4.577e-09  2.173e-04  3.242e-05 -1.757e-05  8.173e-07 
 PARAMETER  CORRELATION COEFFICIENTS  
       NO.  GLOBAL     14     18     19     20     22
       14  0.04829   1.000 -0.013 -0.013  0.039 -0.009
       18  0.99710  -0.013  1.000 -0.816 -0.299  0.190
       19  0.99710  -0.013 -0.816  1.000 -0.299  0.190
       20  0.99366   0.039 -0.299 -0.299  1.000 -0.714
       22  0.85444  -0.009  0.190  0.190 -0.714  1.000
MINUIT - FIT ALTOGETHER
 **********
 **   92 **RES 
 **********
                   PARAMETER    8  phi_CBO RESTORED TO VARIABLE.
                   PARAMETER    7  w_CBO RESTORED TO VARIABLE.
                   PARAMETER    6  A_CBO RESTORED TO VARIABLE.
                   PARAMETER    4  phi RESTORED TO VARIABLE.
                   PARAMETER    3  A0 RESTORED TO VARIABLE.
                   PARAMETER    1  N0 RESTORED TO VARIABLE.
 **********
 **   93 **MIGRAD
 **********
 START MIGRAD MINIMIZATION.  STRATEGY  1.  CONVERGENCE WHEN EDM .LT. 1.00e-04
 FCN=302.07 FROM MIGRAD    STATUS=INITIATE       22 CALLS        1122 TOTAL
                     EDM= unknown      STRATEGY= 1      NO ERROR MATRIX       
  EXT PARAMETER               CURRENT GUESS       STEP         FIRST   
  NO.   NAME      VALUE            ERROR          SIZE      DERIVATIVE 
   1  N0           2.99391e+06   1.25141e+03   1.25141e+03   4.86878e-05
   2  tau          6.43993e+01   constant   
   3  A0           3.53818e-01   5.59042e-04   5.59042e-04   1.17413e+02
   4  phi          4.11962e+00   1.63372e-03   1.63372e-03   1.36358e+02
