 + ++++++++++++++++++++++++++++++++++++++++++++++++++++++++++++++++++++ +
 +                                                                      +
 +           You have chose to blind your fitting according to          +
 +                omega_ref * (1 + (R +/- deltaR) *10^{-6})             +
 +                                                                      +
 + ++++++++++++++++++++++++++++++++++++++++++++++++++++++++++++++++++++ +
In main()...
reading format from /gm2data/zkhechad/run45/envelope/formats/formatB_sBin_constraintOn.txt
pBinTau 	= 0  
pBinPhi 	= 0  
constraintau 	= 1 
includeMopTerm 	= 0    
constrainMop    = 0   
Parameters after format file: pBinTau 0 pBinPhi 0 constraintau 1 includeMopTerm 0 constrainMop 0 c_e_scale 0.000000 
reading cbo reference file (full fit) from /gm2data/zkhechad/cboTemplates/Run4CBOTemplates/fullFits/run4/sBin_constraintOn_cE0.0_seed0_run4_calo19.root
A_CBO 0.009558 w_CBO 2.327254 phi_CBO 0.902980 N0 3088607.252134 R -60.257448 tau 64.400175 
Reading cboRef file /gm2data/zkhechad/cboTemplates/Run4CBOTemplates//cboIsolate/run4_calo19.root
deltaT 164.120000
windowBins = 1100
fitting sliding window 1200 from bin 1403 at 209.327600 to bin 2503 at 373.447600 (1100 bins)

Reading data from /gm2data/cornell/histograms/aMethod/histogram_a_run4.root
fitting cbo isolate
 **********
 **    1 **SET PRINTOUT            1
 **********
 **********
 **    2 **SET NOWARNINGS 
 **********
 PARAMETER DEFINITIONS:
    NO.   NAME         VALUE      STEP SIZE      LIMITS
     1 A_CBO        9.55751e-03  1.00000e-05     no limits
     2 w_CBO        2.32725e+00  1.00000e-02    2.00000e+00  3.00000e+00
     3 phi_CBO      9.02980e-01  1.00000e-02    0.00000e+00  6.28319e+00
 **********
 **    3 **MIGRAD
 **********
 FIRST CALL TO USER FUNCTION AT NEW START POINT, WITH IFLAG=4.
 START MIGRAD MINIMIZATION.  STRATEGY  1.  CONVERGENCE WHEN EDM .LT. 1.00e-04
 FCN=0.0322013 FROM MIGRAD    STATUS=INITIATE       12 CALLS          13 TOTAL
                     EDM= unknown      STRATEGY= 1      NO ERROR MATRIX       
  EXT PARAMETER               CURRENT GUESS       STEP         FIRST   
  NO.   NAME      VALUE            ERROR          SIZE      DERIVATIVE 
   1  A_CBO        9.55751e-03   1.00000e-05   1.00000e-05   5.61053e+00
   2  w_CBO        2.32725e+00   1.00000e-02   2.13147e-02   1.54564e-02
   3  phi_CBO      9.02980e-01   1.00000e-02   4.53699e-03  -1.01510e-03
 MIGRAD MINIMIZATION HAS CONVERGED.
 MIGRAD WILL VERIFY CONVERGENCE AND ERROR MATRIX.
 COVARIANCE MATRIX CALCULATED SUCCESSFULLY
 FCN=0.0179292 FROM MIGRAD    STATUS=CONVERGED      41 CALLS          42 TOTAL
                     EDM=4.43571e-05    STRATEGY= 1      ERROR MATRIX ACCURATE 
  EXT PARAMETER                                   STEP         FIRST   
  NO.   NAME      VALUE            ERROR          SIZE      DERIVATIVE 
   1  A_CBO        4.47006e-03   4.25923e-02   2.09795e-05  -1.31845e-04
   2  w_CBO        2.32725e+00   1.98649e-01   3.44267e-05  -3.06410e-02
   3  phi_CBO      9.12926e-01   3.47088e+00   2.12333e-03   1.50237e-04
 EXTERNAL ERROR MATRIX.    NDIM=  25    NPAR=  3    ERR DEF=1
  1.814e-03  1.454e-04  3.981e-02 
  1.454e-04  4.207e-02  1.209e+01 
  3.981e-02  1.209e+01  3.564e+03 
 PARAMETER  CORRELATION COEFFICIENTS  
       NO.  GLOBAL      1      2      3
        1  0.01734   1.000  0.017  0.016
        2  0.98714   0.017  1.000  0.987
        3  0.98714   0.016  0.987  1.000
setting A_CBO=0.004470 w_CBO=2.327246, phi_CBO=0.912926
done fitting cbo isolate
 **********
 **    1 **SET PRINTOUT            1
 **********
 **********
 **    2 **SET NOWARNINGS 
 **********
 PARAMETER DEFINITIONS:
    NO.   NAME         VALUE      STEP SIZE      LIMITS
     1 N0           3.08861e+06  1.00000e+02     no limits
     2 tau          6.44002e+01  constant
     3 A0           3.48093e-01  1.00000e-04     no limits
     4 phi          4.13197e+00  1.00000e-02     no limits
     5 R           -6.02574e+01  constant
     6 A_CBO        4.47006e-03  1.00000e-05     no limits
     7 w_CBO        2.32725e+00  1.00000e-03     no limits
     8 phi_CBO      9.12926e-01  1.00000e-04     no limits
     9 ANx2         2.45054e-04  constant
    10 pNx2         5.52114e+00  constant
    11 ANy1         0.00000e+00  constant
    12 pNy1         0.00000e+00  constant
    13 w_y          0.00000e+00  constant
    14 ANy2         1.46670e-02  1.00000e-04     no limits
    15 pNy2         3.05066e+00  constant
    16 w_vw         1.43134e+01  constant
    17 LM          -3.45580e-05  constant
    18 wCBO_expCoeff   2.00000e+02  1.00000e+00     no limits
    19 wCBO_expOffset   2.00000e+02  1.00000e+00     no limits
    20 wCBO_expT    3.00000e+01  1.00000e+00     no limits
    21 wCBO_linCoeff   0.00000e+00  constant
    22 wCBO_const   0.00000e+00  1.00000e-02     no limits
MINUIT - FIT ONLY WIGGLE
 **********
 **    3 **FIX            5
 **********
 PARAMETER    5  IS CONSTANT.   IGNORED.
 **********
 **    4 **FIX            6
 **********
 **********
 **    5 **FIX            7
 **********
 **********
 **    6 **FIX            8
 **********
 **********
 **    7 **FIX            9
 **********
 PARAMETER    9  IS CONSTANT.   IGNORED.
 **********
 **    8 **FIX           10
 **********
 PARAMETER   10  IS CONSTANT.   IGNORED.
 **********
 **    9 **FIX           11
 **********
 PARAMETER   11  IS CONSTANT.   IGNORED.
 **********
 **   10 **FIX           12
 **********
 PARAMETER   12  IS CONSTANT.   IGNORED.
 **********
 **   11 **FIX           13
 **********
 PARAMETER   13  IS CONSTANT.   IGNORED.
 **********
 **   12 **FIX           14
 **********
 **********
 **   13 **FIX           15
 **********
 PARAMETER   15  IS CONSTANT.   IGNORED.
 **********
 **   14 **FIX           16
 **********
 PARAMETER   16  IS CONSTANT.   IGNORED.
 **********
 **   15 **MIGRAD
 **********
 FIRST CALL TO USER FUNCTION AT NEW START POINT, WITH IFLAG=4.
 START MIGRAD MINIMIZATION.  STRATEGY  1.  CONVERGENCE WHEN EDM .LT. 1.00e-04
 FCN=4712.63 FROM MIGRAD    STATUS=INITIATE       57 CALLS          58 TOTAL
                     EDM= unknown      STRATEGY= 1      NO ERROR MATRIX       
  EXT PARAMETER               CURRENT GUESS       STEP         FIRST   
  NO.   NAME      VALUE            ERROR          SIZE      DERIVATIVE 
   1  N0           3.08861e+06   1.00000e+02   0.00000e+00   7.73810e-03
   2  tau          6.44002e+01   constant   
   3  A0           3.48093e-01   1.00000e-04   0.00000e+00  -8.23144e+02
   4  phi          4.13197e+00   1.00000e-02   0.00000e+00   4.89391e+02
   5  R           -6.02574e+01   constant   
   6  A_CBO        4.47006e-03     fixed    
   7  w_CBO        2.32725e+00     fixed    
   8  phi_CBO      9.12926e-01     fixed    
   9  ANx2         2.45054e-04   constant   
  10  pNx2         5.52114e+00   constant   
  11  ANy1         0.00000e+00   constant   
  12  pNy1         0.00000e+00   constant   
  13  w_y          0.00000e+00   constant   
  14  ANy2         1.46670e-02     fixed    
  15  pNy2         3.05066e+00   constant   
  16  w_vw         1.43134e+01   constant   
  17  LM          -3.45580e-05   constant   
  18  wCBO_expCoeff   2.00000e+02   1.00000e+00   0.00000e+00   5.97785e+03
  19  wCBO_expOffset   2.00000e+02   1.00000e+00   0.00000e+00   3.91828e+04
  20  wCBO_expT    3.00000e+01   1.00000e+00   0.00000e+00   1.33792e+04
  21  wCBO_linCoeff   0.00000e+00   constant   
  22  wCBO_const   1.62693e-03   1.00000e-02   1.62693e-03  -6.75551e+02
 MIGRAD FAILS TO FIND IMPROVEMENT
 MIGRAD MINIMIZATION HAS CONVERGED.
 FCN=4527.86 FROM MIGRAD    STATUS=CONVERGED     356 CALLS         357 TOTAL
                     EDM=8.84592e-05    STRATEGY= 1  ERROR MATRIX UNCERTAINTY   1.0 per cent
  EXT PARAMETER                                   STEP         FIRST   
  NO.   NAME      VALUE            ERROR          SIZE      DERIVATIVE 
   1  N0           3.08803e+06   5.21128e+02   0.00000e+00  -8.22932e-06
   2  tau          6.44002e+01   constant   
   3  A0           3.48005e-01   2.28389e-04   0.00000e+00  -2.98063e+00
   4  phi          4.13110e+00   6.80524e-04   0.00000e+00  -1.02002e+01
   5  R           -6.02574e+01   constant   
   6  A_CBO        4.47006e-03     fixed    
   7  w_CBO        2.32725e+00     fixed    
   8  phi_CBO      9.12926e-01     fixed    
   9  ANx2         2.45054e-04   constant   
  10  pNx2         5.52114e+00   constant   
  11  ANy1         0.00000e+00   constant   
  12  pNy1         0.00000e+00   constant   
  13  w_y          0.00000e+00   constant   
  14  ANy2         1.46670e-02     fixed    
  15  pNy2         3.05066e+00   constant   
  16  w_vw         1.43134e+01   constant   
  17  LM          -3.45580e-05   constant   
  18  wCBO_expCoeff   1.99993e+02   7.22684e-04   0.00000e+00  -2.66225e+01
  19  wCBO_expOffset   1.99999e+02   1.38395e-04  -0.00000e+00   1.79826e+02
  20  wCBO_expT    3.00073e+01   3.88228e-04   0.00000e+00  -1.38932e+01
  21  wCBO_linCoeff   0.00000e+00   constant   
  22  wCBO_const  -2.95353e-03   4.64998e-04  -0.00000e+00   1.65129e+00
 EXTERNAL ERROR MATRIX.    NDIM=  25    NPAR=  7    ERR DEF=1
  2.716e+05  6.637e-04  9.332e-03  1.180e-01 -2.081e-02  1.713e-02 -1.712e-02 
  6.637e-04  5.216e-08  1.790e-09  7.491e-09 -3.380e-09  9.876e-10  4.786e-09 
  9.332e-03  1.790e-09  4.631e-07  1.736e-07 -3.150e-08  1.337e-08 -2.076e-08 
  1.180e-01  7.491e-09  1.736e-07  5.223e-07 -5.791e-08  3.989e-09 -6.801e-08 
 -2.081e-02 -3.380e-09 -3.150e-08 -5.791e-08  1.915e-08 -3.271e-08  2.801e-08 
  1.713e-02  9.876e-10  1.337e-08  3.989e-09 -3.271e-08  1.507e-07 -1.543e-07 
 -1.712e-02  4.786e-09 -2.076e-08 -6.801e-08  2.801e-08 -1.543e-07  2.162e-07 
 PARAMETER  CORRELATION COEFFICIENTS  
       NO.  GLOBAL      1      3      4     18     19     20     22
        1  0.36729   1.000  0.006  0.026  0.313 -0.289  0.085 -0.071
        3  0.15687   0.006  1.000  0.012  0.045 -0.107  0.011  0.045
        4  0.42243   0.026  0.012  1.000  0.353 -0.334  0.051 -0.066
       18  0.89417   0.313  0.045  0.353  1.000 -0.579  0.014 -0.202
       19  0.92880  -0.289 -0.107 -0.334 -0.579  1.000 -0.609  0.435
       20  0.96880   0.085  0.011  0.051  0.014 -0.609  1.000 -0.855
       22  0.94411  -0.071  0.045 -0.066 -0.202  0.435 -0.855  1.000
MINUIT - FIT ONLY 1-CBO + other amplitudes 
 **********
 **   16 **RES 
 **********
                   PARAMETER   14  ANy2 RESTORED TO VARIABLE.
                   PARAMETER    8  phi_CBO RESTORED TO VARIABLE.
                   PARAMETER    7  w_CBO RESTORED TO VARIABLE.
                   PARAMETER    6  A_CBO RESTORED TO VARIABLE.
 **********
 **   17 **FIX            0
 **********
 PARAMETER    0  IS UNDEFINED. IGNORED.
 **********
 **   18 **FIX            1
 **********
 **********
 **   19 **FIX            2
 **********
 PARAMETER    2  IS CONSTANT.   IGNORED.
 **********
 **   20 **FIX            3
 **********
 **********
 **   21 **FIX            4
 **********
 **********
 **   22 **FIX            9
 **********
 PARAMETER    9  IS CONSTANT.   IGNORED.
 **********
 **   23 **FIX           11
 **********
 PARAMETER   11  IS CONSTANT.   IGNORED.
 **********
 **   24 **FIX           12
 **********
 PARAMETER   12  IS CONSTANT.   IGNORED.
 **********
 **   25 **FIX           14
 **********
 **********
 **   26 **FIX           15
 **********
 PARAMETER   15  IS CONSTANT.   IGNORED.
 **********
 **   27 **FIX           16
 **********
 PARAMETER   16  IS CONSTANT.   IGNORED.
 **********
 **   28 **MIGRAD
 **********
 START MIGRAD MINIMIZATION.  STRATEGY  1.  CONVERGENCE WHEN EDM .LT. 1.00e-04
 FCN=4527.86 FROM MIGRAD    STATUS=INITIATE       22 CALLS         379 TOTAL
                     EDM= unknown      STRATEGY= 1      NO ERROR MATRIX       
  EXT PARAMETER               CURRENT GUESS       STEP         FIRST   
  NO.   NAME      VALUE            ERROR          SIZE      DERIVATIVE 
   1  N0           3.08803e+06     fixed    
   2  tau          6.44002e+01   constant   
   3  A0           3.48005e-01     fixed    
   4  phi          4.13110e+00     fixed    
   5  R           -6.02574e+01   constant   
   6  A_CBO        4.47006e-03   1.00000e-05   1.00000e-05   9.87019e+04
   7  w_CBO        2.32725e+00   1.00000e-03   1.00000e-03  -2.28558e+03
   8  phi_CBO      9.12926e-01   1.00000e-04   1.00000e-04   9.58095e-01
   9  ANx2         2.45054e-04   constant   
  10  pNx2         5.52114e+00   constant   
  11  ANy1         0.00000e+00   constant   
  12  pNy1         0.00000e+00   constant   
  13  w_y          0.00000e+00   constant   
  14  ANy2         1.46670e-02     fixed    
  15  pNy2         3.05066e+00   constant   
  16  w_vw         1.43134e+01   constant   
  17  LM          -3.45580e-05   constant   
  18  wCBO_expCoeff   1.99993e+02   7.22684e-04   0.00000e+00  -2.66225e+01
  19  wCBO_expOffset   1.99999e+02   1.38395e-04  -0.00000e+00   1.79826e+02
  20  wCBO_expT    3.00073e+01   3.88228e-04   0.00000e+00  -1.38932e+01
  21  wCBO_linCoeff   0.00000e+00   constant   
  22  wCBO_const  -2.95353e-03   4.64998e-04  -0.00000e+00   1.65134e+00
 MIGRAD MINIMIZATION HAS CONVERGED.
 MIGRAD WILL VERIFY CONVERGENCE AND ERROR MATRIX.
 FCN=4385.63 FROM MIGRAD    STATUS=CONVERGED     229 CALLS         586 TOTAL
                     EDM=2.48181e-05    STRATEGY= 1      ERR MATRIX NOT POS-DEF
  EXT PARAMETER                APPROXIMATE        STEP         FIRST   
  NO.   NAME      VALUE            ERROR          SIZE      DERIVATIVE 
   1  N0           3.08803e+06     fixed    
   2  tau          6.44002e+01   constant   
   3  A0           3.48005e-01     fixed    
   4  phi          4.13110e+00     fixed    
   5  R           -6.02574e+01   constant   
   6  A_CBO        1.58654e-03   2.90358e-04   7.81133e-06   2.23130e+00
   7  w_CBO        2.32725e+00   6.94986e-05   1.10972e-06  -2.49903e+02
   8  phi_CBO      9.04235e-01   3.77802e-01   4.92956e-03  -8.81399e-03
   9  ANx2         2.45054e-04   constant   
  10  pNx2         5.52114e+00   constant   
  11  ANy1         0.00000e+00   constant   
  12  pNy1         0.00000e+00   constant   
  13  w_y          0.00000e+00   constant   
  14  ANy2         1.46670e-02     fixed    
  15  pNy2         3.05066e+00   constant   
  16  w_vw         1.43134e+01   constant   
  17  LM          -3.45580e-05   constant   
  18  wCBO_expCoeff   1.99993e+02   6.03261e-03   9.53639e-05  -2.90281e+00
  19  wCBO_expOffset   1.99999e+02   9.27665e-04   9.53669e-05  -1.84231e+01
  20  wCBO_expT    3.00073e+01   5.28428e-04   1.43086e-05  -1.29136e+01
  21  wCBO_linCoeff   0.00000e+00   constant   
  22  wCBO_const  -2.79161e-03   6.93381e-04   7.97243e-06  -1.05491e+00
 EXTERNAL ERROR MATRIX.    NDIM=  25    NPAR=  7    ERR DEF=1
  8.431e-08  5.676e-09 -7.479e-06  5.102e-07 -1.499e-07 -1.605e-09 -1.431e-08 
  5.676e-09  4.830e-09 -1.664e-06 -1.863e-07 -3.291e-08 -4.376e-09 -1.498e-09 
 -7.479e-06 -1.664e-06  1.427e-01 -1.534e-04  3.899e-05  6.921e-05  1.140e-04 
  5.102e-07 -1.863e-07 -1.534e-04  3.639e-05 -2.933e-06 -3.829e-07  1.132e-07 
 -1.499e-07 -3.291e-08  3.899e-05 -2.933e-06  8.606e-07  5.038e-08  1.643e-08 
 -1.605e-09 -4.376e-09  6.921e-05 -3.829e-07  5.038e-08  2.792e-07 -1.844e-07 
 -1.431e-08 -1.498e-09  1.140e-04  1.132e-07  1.643e-08 -1.844e-07  4.808e-07 
ERR MATRIX NOT POS-DEF
 PARAMETER  CORRELATION COEFFICIENTS  
       NO.  GLOBAL      6      7      8     18     19     20     22
        6  0.56004   1.000  0.281 -0.068  0.291 -0.557 -0.010 -0.071
        7  0.99575   0.281  1.000 -0.063 -0.444 -0.510 -0.119 -0.031
        8  0.91578  -0.068 -0.063  1.000 -0.067  0.111  0.347  0.435
       18  0.99576   0.291 -0.444 -0.067  1.000 -0.524 -0.120  0.027
       19  0.99594  -0.557 -0.510  0.111 -0.524  1.000  0.103  0.026
       20  0.96159  -0.010 -0.119  0.347 -0.120  0.103  1.000 -0.503
       22  0.93522  -0.071 -0.031  0.435  0.027  0.026 -0.503  1.000
 ERR MATRIX NOT POS-DEF
MINUIT - FIT ONLY 1-CBO
 **********
 **   29 **RES 
 **********
                   PARAMETER   14  ANy2 RESTORED TO VARIABLE.
                   PARAMETER    4  phi RESTORED TO VARIABLE.
                   PARAMETER    3  A0 RESTORED TO VARIABLE.
                   PARAMETER    1  N0 RESTORED TO VARIABLE.
 **********
 **   30 **FIX            0
 **********
 PARAMETER    0  IS UNDEFINED. IGNORED.
 **********
 **   31 **FIX            1
 **********
 **********
 **   32 **FIX            2
 **********
 PARAMETER    2  IS CONSTANT.   IGNORED.
 **********
 **   33 **FIX            3
 **********
 **********
 **   34 **FIX            4
 **********
 **********
 **   35 **FIX            8
 **********
 **********
 **   36 **FIX            9
 **********
 PARAMETER    9  IS CONSTANT.   IGNORED.
 **********
 **   37 **FIX           11
 **********
 PARAMETER   11  IS CONSTANT.   IGNORED.
 **********
 **   38 **FIX           12
 **********
 PARAMETER   12  IS CONSTANT.   IGNORED.
 **********
 **   39 **FIX           13
 **********
 PARAMETER   13  IS CONSTANT.   IGNORED.
 **********
 **   40 **FIX           15
 **********
 PARAMETER   15  IS CONSTANT.   IGNORED.
 **********
 **   41 **FIX           16
 **********
 PARAMETER   16  IS CONSTANT.   IGNORED.
 **********
 **   42 **MIGRAD
 **********
 START MIGRAD MINIMIZATION.  STRATEGY  1.  CONVERGENCE WHEN EDM .LT. 1.00e-04
 FCN=4385.63 FROM MIGRAD    STATUS=INITIATE       16 CALLS         602 TOTAL
                     EDM= unknown      STRATEGY= 1      NO ERROR MATRIX       
  EXT PARAMETER               CURRENT GUESS       STEP         FIRST   
  NO.   NAME      VALUE            ERROR          SIZE      DERIVATIVE 
   1  N0           3.08803e+06     fixed    
   2  tau          6.44002e+01   constant   
   3  A0           3.48005e-01     fixed    
   4  phi          4.13110e+00     fixed    
   5  R           -6.02574e+01   constant   
   6  A_CBO        1.58654e-03   2.90358e-04   7.81133e-06   2.23131e+00
   7  w_CBO        2.32725e+00   6.94986e-05   1.10972e-06  -2.22414e+02
   8  phi_CBO      9.04235e-01     fixed    
   9  ANx2         2.45054e-04   constant   
  10  pNx2         5.52114e+00   constant   
  11  ANy1         0.00000e+00   constant   
  12  pNy1         0.00000e+00   constant   
  13  w_y          0.00000e+00   constant   
  14  ANy2         1.46670e-02   1.00000e-04   1.00000e-04   4.99851e+05
  15  pNy2         3.05066e+00   constant   
  16  w_vw         1.43134e+01   constant   
  17  LM          -3.45580e-05   constant   
  18  wCBO_expCoeff   1.99993e+02   6.03261e-03   9.53639e-05  -2.58710e+00
  19  wCBO_expOffset   1.99999e+02   9.27665e-04   9.53669e-05   7.32937e+01
  20  wCBO_expT    3.00073e+01   5.28428e-04   1.43086e-05  -1.34349e+01
  21  wCBO_linCoeff   0.00000e+00   constant   
  22  wCBO_const  -2.79161e-03   6.93381e-04   7.97243e-06  -1.03020e+00
 MIGRAD MINIMIZATION HAS CONVERGED.
 MIGRAD WILL VERIFY CONVERGENCE AND ERROR MATRIX.
 FCN=696.65 FROM HESSE     STATUS=NOT POSDEF     58 CALLS         776 TOTAL
                     EDM=0.000118349    STRATEGY= 1      ERR MATRIX NOT POS-DEF
  EXT PARAMETER                APPROXIMATE        STEP         FIRST   
  NO.   NAME      VALUE            ERROR          SIZE      DERIVATIVE 
   1  N0           3.08803e+06     fixed    
   2  tau          6.44002e+01   constant   
   3  A0           3.48005e-01     fixed    
   4  phi          4.13110e+00     fixed    
   5  R           -6.02574e+01   constant   
   6  A_CBO        1.49137e-04   1.38795e-03   3.10579e-06  -3.88900e+00
   7  w_CBO        2.32724e+00   1.44128e-04   1.10972e-06   2.80808e+00
   8  phi_CBO      9.04235e-01     fixed    
   9  ANx2         2.45054e-04   constant   
  10  pNx2         5.52114e+00   constant   
  11  ANy1         0.00000e+00   constant   
  12  pNy1         0.00000e+00   constant   
  13  w_y          0.00000e+00   constant   
  14  ANy2        -8.65559e-05   2.61306e-04   3.11790e-06  -7.64627e-01
  15  pNy2         3.05066e+00   constant   
  16  w_vw         1.43134e+01   constant   
  17  LM          -3.45580e-05   constant   
  18  wCBO_expCoeff   1.99992e+02   1.26706e-02   9.53638e-05   2.82790e-02
  19  wCBO_expOffset   1.99999e+02   1.70339e-03   9.53669e-05   7.98546e+00
  20  wCBO_expT    3.00072e+01   4.29280e-03   1.43086e-05  -2.16195e+00
  21  wCBO_linCoeff   0.00000e+00   constant   
  22  wCBO_const  -2.24313e-03   2.66877e-03   9.07336e-06   8.07212e-01
 MIGRAD FAILS TO FIND IMPROVEMENT
 MIGRAD TERMINATED WITHOUT CONVERGENCE.
 FCN=693.714 FROM MIGRAD    STATUS=FAILED        511 CALLS        1097 TOTAL
                     EDM=0.00540008    STRATEGY= 1      ERR MATRIX NOT POS-DEF
  EXT PARAMETER                APPROXIMATE        STEP         FIRST   
  NO.   NAME      VALUE            ERROR          SIZE      DERIVATIVE 
   1  N0           3.08803e+06     fixed    
   2  tau          6.44002e+01   constant   
   3  A0           3.48005e-01     fixed    
   4  phi          4.13110e+00     fixed    
   5  R           -6.02574e+01   constant   
   6  A_CBO        2.24253e-04   3.29558e-04   0.00000e+00  -1.87631e+02
   7  w_CBO        2.32427e+00   6.01241e-03  -0.00000e+00   1.69038e+03
   8  phi_CBO      9.04235e-01     fixed    
   9  ANx2         2.45054e-04   constant   
  10  pNx2         5.52114e+00   constant   
  11  ANy1         0.00000e+00   constant   
  12  pNy1         0.00000e+00   constant   
  13  w_y          0.00000e+00   constant   
  14  ANy2        -1.02547e-04   2.36697e-04  -0.00000e+00   3.20310e+01
  15  pNy2         3.05066e+00   constant   
  16  w_vw         1.43134e+01   constant   
  17  LM          -3.45580e-05   constant   
  18  wCBO_expCoeff   2.00284e+02   4.77833e-01   0.00000e+00   1.94908e+01
  19  wCBO_expOffset   1.99991e+02   1.98305e-02   0.00000e+00   1.21896e+02
  20  wCBO_expT    3.00096e+01   1.33351e-03  -0.00000e+00   7.28437e+01
  21  wCBO_linCoeff   0.00000e+00   constant   
  22  wCBO_const  -1.11577e-03   2.91716e-03   0.00000e+00   2.56759e+01
 EXTERNAL ERROR MATRIX.    NDIM=  25    NPAR=  7    ERR DEF=1
  1.086e-07 -4.718e-07 -5.926e-09  1.332e-05  4.283e-06 -1.797e-07  2.303e-07 
 -4.718e-07  3.615e-05  4.377e-08 -2.790e-03 -5.224e-05  4.334e-06 -1.569e-05 
 -5.926e-09  4.377e-08  5.603e-08 -2.377e-06 -2.145e-07  1.954e-09 -1.195e-08 
  1.332e-05 -2.790e-03 -2.377e-06  2.283e-01  2.004e-03 -2.698e-04  1.202e-03 
  4.283e-06 -5.224e-05 -2.145e-07  2.004e-03  3.932e-04 -1.670e-05  2.449e-05 
 -1.797e-07  4.334e-06  1.954e-09 -2.698e-04 -1.670e-05  1.778e-06 -3.078e-06 
  2.303e-07 -1.569e-05 -1.195e-08  1.202e-03  2.449e-05 -3.078e-06  8.510e-06 
ERR MATRIX NOT POS-DEF
 PARAMETER  CORRELATION COEFFICIENTS  
       NO.  GLOBAL      6      7     14     18     19     20     22
        6  0.79755   1.000 -0.238 -0.076  0.085  0.655 -0.409  0.240
        7  1.00000  -0.238  1.000  0.031 -0.971 -0.438  0.540 -0.895
       14  0.10161  -0.076  0.031  1.000 -0.021 -0.046  0.006 -0.017
       18  1.00000   0.085 -0.971 -0.021  1.000  0.211 -0.423  0.862
       19  0.99999   0.655 -0.438 -0.046  0.211  1.000 -0.631  0.423
       20  0.99467  -0.409  0.540  0.006 -0.423 -0.631  1.000 -0.791
       22  0.99456   0.240 -0.895 -0.017  0.862  0.423 -0.791  1.000
 ERR MATRIX NOT POS-DEF
MINUIT - FIT ONLY 2-CBO
 **********
 **   43 **RES 
 **********
                   PARAMETER    8  phi_CBO RESTORED TO VARIABLE.
                   PARAMETER    4  phi RESTORED TO VARIABLE.
                   PARAMETER    3  A0 RESTORED TO VARIABLE.
                   PARAMETER    1  N0 RESTORED TO VARIABLE.
 **********
 **   44 **FIX            0
 **********
 PARAMETER    0  IS UNDEFINED. IGNORED.
 **********
 **   45 **FIX            1
 **********
 **********
 **   46 **FIX            2
 **********
 PARAMETER    2  IS CONSTANT.   IGNORED.
 **********
 **   47 **FIX            3
 **********
 **********
 **   48 **FIX            4
 **********
 **********
 **   49 **FIX            5
 **********
 PARAMETER    5  IS CONSTANT.   IGNORED.
 **********
 **   50 **FIX            6
 **********
 **********
 **   51 **FIX            7
 **********
 **********
 **   52 **FIX           10
 **********
 PARAMETER   10  IS CONSTANT.   IGNORED.
 **********
 **   53 **FIX           11
 **********
 PARAMETER   11  IS CONSTANT.   IGNORED.
 **********
 **   54 **FIX           12
 **********
 PARAMETER   12  IS CONSTANT.   IGNORED.
 **********
 **   55 **FIX           13
 **********
 PARAMETER   13  IS CONSTANT.   IGNORED.
 **********
 **   56 **FIX           14
 **********
 **********
 **   57 **FIX           15
 **********
 PARAMETER   15  IS CONSTANT.   IGNORED.
 **********
 **   58 **FIX           16
 **********
 PARAMETER   16  IS CONSTANT.   IGNORED.
 **********
 **   59 **MIGRAD
 **********
 START MIGRAD MINIMIZATION.  STRATEGY  1.  CONVERGENCE WHEN EDM .LT. 1.00e-04
 FCN=693.714 FROM MIGRAD    STATUS=INITIATE       12 CALLS        1109 TOTAL
                     EDM= unknown      STRATEGY= 1      NO ERROR MATRIX       
  EXT PARAMETER               CURRENT GUESS       STEP         FIRST   
  NO.   NAME      VALUE            ERROR          SIZE      DERIVATIVE 
   1  N0           3.08803e+06     fixed    
   2  tau          6.44002e+01   constant   
   3  A0           3.48005e-01     fixed    
   4  phi          4.13110e+00     fixed    
   5  R           -6.02574e+01   constant   
   6  A_CBO        2.24253e-04     fixed    
   7  w_CBO        2.32427e+00     fixed    
   8  phi_CBO      9.04235e-01   3.77802e-01   3.77802e-01   1.11398e+00
   9  ANx2         2.45054e-04   constant   
  10  pNx2         5.52114e+00   constant   
  11  ANy1         0.00000e+00   constant   
  12  pNy1         0.00000e+00   constant   
  13  w_y          0.00000e+00   constant   
  14  ANy2        -1.02547e-04     fixed    
  15  pNy2         3.05066e+00   constant   
  16  w_vw         1.43134e+01   constant   
  17  LM          -3.45580e-05   constant   
  18  wCBO_expCoeff   2.00284e+02   4.77833e-01   0.00000e+00   1.94908e+01
  19  wCBO_expOffset   1.99991e+02   1.98305e-02   0.00000e+00   1.21896e+02
  20  wCBO_expT    3.00096e+01   1.33351e-03  -0.00000e+00   7.28437e+01
  21  wCBO_linCoeff   0.00000e+00   constant   
  22  wCBO_const  -1.11577e-03   2.91716e-03   0.00000e+00   2.56759e+01
 MIGRAD MINIMIZATION HAS CONVERGED.
 FCN=693.275 FROM MIGRAD    STATUS=CONVERGED      85 CALLS        1182 TOTAL
                     EDM=1.10687e-06    STRATEGY= 1  ERROR MATRIX UNCERTAINTY   7.4 per cent
  EXT PARAMETER                                   STEP         FIRST   
  NO.   NAME      VALUE            ERROR          SIZE      DERIVATIVE 
   1  N0           3.08803e+06     fixed    
   2  tau          6.44002e+01   constant   
   3  A0           3.48005e-01     fixed    
   4  phi          4.13110e+00     fixed    
   5  R           -6.02574e+01   constant   
   6  A_CBO        2.24253e-04     fixed    
   7  w_CBO        2.32427e+00     fixed    
   8  phi_CBO      1.96830e-01   1.00607e+00   3.89626e-03   1.73065e-03
   9  ANx2         2.45054e-04   constant   
  10  pNx2         5.52114e+00   constant   
  11  ANy1         0.00000e+00   constant   
  12  pNy1         0.00000e+00   constant   
  13  w_y          0.00000e+00   constant   
  14  ANy2        -1.02547e-04     fixed    
  15  pNy2         3.05066e+00   constant   
  16  w_vw         1.43134e+01   constant   
  17  LM          -3.45580e-05   constant   
  18  wCBO_expCoeff   2.00284e+02   2.27990e-03  -5.56156e-06   1.28159e-01
  19  wCBO_expOffset   1.99991e+02   3.23043e-04  -6.78808e-07  -3.45881e+00
  20  wCBO_expT    3.00093e+01   8.81492e-04   6.49416e-07  -1.02786e+00
  21  wCBO_linCoeff   0.00000e+00   constant   
  22  wCBO_const  -1.10811e-03   1.06120e-03   2.62577e-06  -5.57608e-01
 EXTERNAL ERROR MATRIX.    NDIM=  25    NPAR=  5    ERR DEF=1
  1.012e+00 -4.553e-04 -4.454e-05  2.107e-04  5.363e-05 
 -4.553e-04  5.198e-06  3.296e-07 -1.312e-06  2.634e-08 
 -4.454e-05  3.296e-07  1.044e-07 -1.845e-07  1.477e-08 
  2.107e-04 -1.312e-06 -1.845e-07  7.770e-07 -5.357e-07 
  5.363e-05  2.634e-08  1.477e-08 -5.357e-07  1.126e-06 
 PARAMETER  CORRELATION COEFFICIENTS  
       NO.  GLOBAL      8     18     19     20     22
        8  0.40565   1.000 -0.199 -0.137  0.238  0.050
       18  0.82975  -0.199  1.000  0.448 -0.653  0.011
       19  0.81277  -0.137  0.448  1.000 -0.648  0.043
       20  0.94878   0.238 -0.653 -0.648  1.000 -0.573
       22  0.86974   0.050  0.011  0.043 -0.573  1.000
MINUIT - FIT ONLY 1-y
 **********
 **   60 **RES 
 **********
                   PARAMETER   14  ANy2 RESTORED TO VARIABLE.
                   PARAMETER    7  w_CBO RESTORED TO VARIABLE.
                   PARAMETER    6  A_CBO RESTORED TO VARIABLE.
                   PARAMETER    4  phi RESTORED TO VARIABLE.
                   PARAMETER    3  A0 RESTORED TO VARIABLE.
                   PARAMETER    1  N0 RESTORED TO VARIABLE.
 **********
 **   61 **FIX            0
 **********
 PARAMETER    0  IS UNDEFINED. IGNORED.
 **********
 **   62 **FIX            1
 **********
 **********
 **   63 **FIX            2
 **********
 PARAMETER    2  IS CONSTANT.   IGNORED.
 **********
 **   64 **FIX            3
 **********
 **********
 **   65 **FIX            4
 **********
 **********
 **   66 **FIX            5
 **********
 PARAMETER    5  IS CONSTANT.   IGNORED.
 **********
 **   67 **FIX            6
 **********
 **********
 **   68 **FIX            7
 **********
 **********
 **   69 **FIX            8
 **********
 **********
 **   70 **FIX            9
 **********
 PARAMETER    9  IS CONSTANT.   IGNORED.
 **********
 **   71 **FIX           13
 **********
 PARAMETER   13  IS CONSTANT.   IGNORED.
 **********
 **   72 **FIX           14
 **********
 **********
 **   73 **FIX           15
 **********
 PARAMETER   15  IS CONSTANT.   IGNORED.
 **********
 **   74 **FIX           16
 **********
 PARAMETER   16  IS CONSTANT.   IGNORED.
 **********
 **   75 **MIGRAD
 **********
 START MIGRAD MINIMIZATION.  STRATEGY  1.  CONVERGENCE WHEN EDM .LT. 1.00e-04
 FCN=693.275 FROM MIGRAD    STATUS=INITIATE        8 CALLS        1190 TOTAL
                     EDM= unknown      STRATEGY= 1      NO ERROR MATRIX       
  EXT PARAMETER               CURRENT GUESS       STEP         FIRST   
  NO.   NAME      VALUE            ERROR          SIZE      DERIVATIVE 
   1  N0           3.08803e+06     fixed    
   2  tau          6.44002e+01   constant   
   3  A0           3.48005e-01     fixed    
   4  phi          4.13110e+00     fixed    
   5  R           -6.02574e+01   constant   
   6  A_CBO        2.24253e-04     fixed    
   7  w_CBO        2.32427e+00     fixed    
   8  phi_CBO      1.96830e-01     fixed    
   9  ANx2         2.45054e-04   constant   
  10  pNx2         5.52114e+00   constant   
  11  ANy1         0.00000e+00   constant   
  12  pNy1         0.00000e+00   constant   
  13  w_y          0.00000e+00   constant   
  14  ANy2        -1.02547e-04     fixed    
  15  pNy2         3.05066e+00   constant   
  16  w_vw         1.43134e+01   constant   
  17  LM          -3.45580e-05   constant   
  18  wCBO_expCoeff   2.00284e+02   2.27990e-03  -5.56156e-06   1.28159e-01
  19  wCBO_expOffset   1.99991e+02   3.23043e-04  -6.78808e-07  -3.45881e+00
  20  wCBO_expT    3.00093e+01   8.81492e-04   6.49416e-07  -1.02786e+00
  21  wCBO_linCoeff   0.00000e+00   constant   
  22  wCBO_const  -1.10811e-03   1.06120e-03   2.62577e-06  -5.57609e-01
 MIGRAD MINIMIZATION HAS CONVERGED.
 MIGRAD WILL VERIFY CONVERGENCE AND ERROR MATRIX.
 COVARIANCE MATRIX CALCULATED SUCCESSFULLY
 FCN=693.275 FROM MIGRAD    STATUS=CONVERGED      51 CALLS        1233 TOTAL
                     EDM=5.64281e-07    STRATEGY= 1      ERROR MATRIX ACCURATE 
  EXT PARAMETER                                   STEP         FIRST   
  NO.   NAME      VALUE            ERROR          SIZE      DERIVATIVE 
   1  N0           3.08803e+06     fixed    
   2  tau          6.44002e+01   constant   
   3  A0           3.48005e-01     fixed    
   4  phi          4.13110e+00     fixed    
   5  R           -6.02574e+01   constant   
   6  A_CBO        2.24253e-04     fixed    
   7  w_CBO        2.32427e+00     fixed    
   8  phi_CBO      1.96830e-01     fixed    
   9  ANx2         2.45054e-04   constant   
  10  pNx2         5.52114e+00   constant   
  11  ANy1         0.00000e+00   constant   
  12  pNy1         0.00000e+00   constant   
  13  w_y          0.00000e+00   constant   
  14  ANy2        -1.02547e-04     fixed    
  15  pNy2         3.05066e+00   constant   
  16  w_vw         1.43134e+01   constant   
  17  LM          -3.45580e-05   constant   
  18  wCBO_expCoeff   2.00284e+02   8.11770e-03   9.55031e-05   1.58058e-01
  19  wCBO_expOffset   1.99991e+02   1.11754e-03   9.53633e-05   1.01425e+00
  20  wCBO_expT    3.00093e+01   8.30210e-04   1.43096e-05  -7.91034e-01
  21  wCBO_linCoeff   0.00000e+00   constant   
  22  wCBO_const  -1.10811e-03   1.05188e-03   6.73661e-06  -5.13191e-01
 EXTERNAL ERROR MATRIX.    NDIM=  25    NPAR=  4    ERR DEF=1
  6.590e-05 -8.158e-06 -2.346e-06  4.164e-07 
 -8.158e-06  1.249e-06  2.573e-08 -4.352e-08 
 -2.346e-06  2.573e-08  6.892e-07 -5.328e-07 
  4.164e-07 -4.352e-08 -5.328e-07  1.106e-06 
 PARAMETER  CORRELATION COEFFICIENTS  
       NO.  GLOBAL     18     19     20     22
       18  0.98271   1.000 -0.899 -0.348  0.049
       19  0.97932  -0.899  1.000  0.028 -0.037
       20  0.94200  -0.348  0.028  1.000 -0.610
       22  0.86730   0.049 -0.037 -0.610  1.000
MINUIT - FIT ONLY 2-y
 **********
 **   76 **RES 
 **********
                   PARAMETER   14  ANy2 RESTORED TO VARIABLE.
                   PARAMETER    8  phi_CBO RESTORED TO VARIABLE.
                   PARAMETER    7  w_CBO RESTORED TO VARIABLE.
                   PARAMETER    6  A_CBO RESTORED TO VARIABLE.
                   PARAMETER    4  phi RESTORED TO VARIABLE.
                   PARAMETER    3  A0 RESTORED TO VARIABLE.
                   PARAMETER    1  N0 RESTORED TO VARIABLE.
 **********
 **   77 **FIX            0
 **********
 PARAMETER    0  IS UNDEFINED. IGNORED.
 **********
 **   78 **FIX            1
 **********
 **********
 **   79 **FIX            2
 **********
 PARAMETER    2  IS CONSTANT.   IGNORED.
 **********
 **   80 **FIX            3
 **********
 **********
 **   81 **FIX            4
 **********
 **********
 **   82 **FIX            5
 **********
 PARAMETER    5  IS CONSTANT.   IGNORED.
 **********
 **   83 **FIX            6
 **********
 **********
 **   84 **FIX            7
 **********
 **********
 **   85 **FIX            8
 **********
 **********
 **   86 **FIX            9
 **********
 PARAMETER    9  IS CONSTANT.   IGNORED.
 **********
 **   87 **FIX           10
 **********
 PARAMETER   10  IS CONSTANT.   IGNORED.
 **********
 **   88 **FIX           11
 **********
 PARAMETER   11  IS CONSTANT.   IGNORED.
 **********
 **   89 **FIX           12
 **********
 PARAMETER   12  IS CONSTANT.   IGNORED.
 **********
 **   90 **FIX           16
 **********
 PARAMETER   16  IS CONSTANT.   IGNORED.
 **********
 **   91 **MIGRAD
 **********
 START MIGRAD MINIMIZATION.  STRATEGY  1.  CONVERGENCE WHEN EDM .LT. 1.00e-04
 FCN=693.275 FROM MIGRAD    STATUS=INITIATE       10 CALLS        1243 TOTAL
                     EDM= unknown      STRATEGY= 1      NO ERROR MATRIX       
  EXT PARAMETER               CURRENT GUESS       STEP         FIRST   
  NO.   NAME      VALUE            ERROR          SIZE      DERIVATIVE 
   1  N0           3.08803e+06     fixed    
   2  tau          6.44002e+01   constant   
   3  A0           3.48005e-01     fixed    
   4  phi          4.13110e+00     fixed    
   5  R           -6.02574e+01   constant   
   6  A_CBO        2.24253e-04     fixed    
   7  w_CBO        2.32427e+00     fixed    
   8  phi_CBO      1.96830e-01     fixed    
   9  ANx2         2.45054e-04   constant   
  10  pNx2         5.52114e+00   constant   
  11  ANy1         0.00000e+00   constant   
  12  pNy1         0.00000e+00   constant   
  13  w_y          0.00000e+00   constant   
  14  ANy2        -1.02547e-04   2.36697e-04   2.36697e-04   1.47619e+02
  15  pNy2         3.05066e+00   constant   
  16  w_vw         1.43134e+01   constant   
  17  LM          -3.45580e-05   constant   
  18  wCBO_expCoeff   2.00284e+02   8.11770e-03   9.55031e-05   1.44140e-01
  19  wCBO_expOffset   1.99991e+02   1.11754e-03   9.53633e-05  -3.35373e+00
  20  wCBO_expT    3.00093e+01   8.30210e-04   1.43096e-05  -9.41798e-01
  21  wCBO_linCoeff   0.00000e+00   constant   
  22  wCBO_const  -1.10811e-03   1.05188e-03   6.73661e-06  -5.15067e-01
 MIGRAD MINIMIZATION HAS CONVERGED.
 MIGRAD WILL VERIFY CONVERGENCE AND ERROR MATRIX.
 COVARIANCE MATRIX CALCULATED SUCCESSFULLY
 FCN=693.275 FROM MIGRAD    STATUS=CONVERGED      54 CALLS        1287 TOTAL
                     EDM=1.8817e-06    STRATEGY= 1      ERROR MATRIX ACCURATE 
  EXT PARAMETER                                   STEP         FIRST   
  NO.   NAME      VALUE            ERROR          SIZE      DERIVATIVE 
   1  N0           3.08803e+06     fixed    
   2  tau          6.44002e+01   constant   
   3  A0           3.48005e-01     fixed    
   4  phi          4.13110e+00     fixed    
   5  R           -6.02574e+01   constant   
   6  A_CBO        2.24253e-04     fixed    
   7  w_CBO        2.32427e+00     fixed    
   8  phi_CBO      1.96830e-01     fixed    
   9  ANx2         2.45054e-04   constant   
  10  pNx2         5.52114e+00   constant   
  11  ANy1         0.00000e+00   constant   
  12  pNy1         0.00000e+00   constant   
  13  w_y          0.00000e+00   constant   
  14  ANy2        -1.06861e-04   2.41805e-04   3.11036e-06  -4.83435e-02
  15  pNy2         3.05066e+00   constant   
  16  w_vw         1.43134e+01   constant   
  17  LM          -3.45580e-05   constant   
  18  wCBO_expCoeff   2.00284e+02   8.10836e-03   9.55031e-05   1.13304e+00
  19  wCBO_expOffset   1.99991e+02   1.11612e-03   9.53633e-05   7.54358e+00
  20  wCBO_expT    3.00093e+01   8.30191e-04   1.43096e-05   4.42355e+00
  21  wCBO_linCoeff   0.00000e+00   constant   
  22  wCBO_const  -1.10804e-03   1.05206e-03   6.73661e-06   1.48522e+00
 EXTERNAL ERROR MATRIX.    NDIM=  25    NPAR=  5    ERR DEF=1
  5.847e-08  2.516e-09  1.818e-11  2.244e-09 -3.930e-09 
  2.516e-09  6.575e-05 -8.137e-06 -2.344e-06  4.156e-07 
  1.818e-11 -8.137e-06  1.246e-06  2.560e-08 -4.342e-08 
  2.244e-09 -2.344e-06  2.560e-08  6.892e-07 -5.330e-07 
 -3.930e-09  4.156e-07 -4.342e-08 -5.330e-07  1.107e-06 
 PARAMETER  CORRELATION COEFFICIENTS  
       NO.  GLOBAL     14     18     19     20     22
       14  0.02049   1.000  0.001  0.000  0.011 -0.015
       18  0.98267   0.001  1.000 -0.899 -0.348  0.049
       19  0.97926   0.000 -0.899  1.000  0.028 -0.037
       20  0.94199   0.011 -0.348  0.028  1.000 -0.610
       22  0.86734  -0.015  0.049 -0.037 -0.610  1.000
MINUIT - FIT ALTOGETHER
 **********
 **   92 **RES 
 **********
                   PARAMETER    8  phi_CBO RESTORED TO VARIABLE.
                   PARAMETER    7  w_CBO RESTORED TO VARIABLE.
                   PARAMETER    6  A_CBO RESTORED TO VARIABLE.
                   PARAMETER    4  phi RESTORED TO VARIABLE.
                   PARAMETER    3  A0 RESTORED TO VARIABLE.
                   PARAMETER    1  N0 RESTORED TO VARIABLE.
 **********
 **   93 **MIGRAD
 **********
 START MIGRAD MINIMIZATION.  STRATEGY  1.  CONVERGENCE WHEN EDM .LT. 1.00e-04
 FCN=693.275 FROM MIGRAD    STATUS=INITIATE       22 CALLS        1309 TOTAL
                     EDM= unknown      STRATEGY= 1      NO ERROR MATRIX       
  EXT PARAMETER               CURRENT GUESS       STEP         FIRST   
  NO.   NAME      VALUE            ERROR          SIZE      DERIVATIVE 
   1  N0           3.08803e+06   5.21128e+02   5.21128e+02  -1.35857e-03
   2  tau          6.44002e+01   constant   
   3  A0           3.48005e-01   2.28389e-04   2.28389e-04   5.87398e+02
   4  phi          4.13110e+00   6.80524e-04   6.80524e-04  -1.09465e+03
