 + ++++++++++++++++++++++++++++++++++++++++++++++++++++++++++++++++++++ +
 +                                                                      +
 +           You have chose to blind your fitting according to          +
 +                omega_ref * (1 + (R +/- deltaR) *10^{-6})             +
 +                                                                      +
 + ++++++++++++++++++++++++++++++++++++++++++++++++++++++++++++++++++++ +
In main()...
reading format from /gm2data/zkhechad/run45/envelope/formats/formatB_sBin_constraintOn.txt
pBinTau 	= 0  
pBinPhi 	= 0  
constraintau 	= 1 
includeMopTerm 	= 0    
constrainMop    = 0   
Parameters after format file: pBinTau 0 pBinPhi 0 constraintau 1 includeMopTerm 0 constrainMop 0 c_e_scale 0.000000 
reading cbo reference file (full fit) from /gm2data/zkhechad/cboTemplates/Run4CBOTemplates/fullFits/run4/sBin_constraintOn_cE0.0_seed0_run4_calo8.root
A_CBO 0.011357 w_CBO 2.326581 phi_CBO 5.876624 N0 2844262.344614 R -61.301649 tau 64.404749 
Reading cboRef file /gm2data/zkhechad/cboTemplates/Run4CBOTemplates//cboIsolate/run4_calo8.root
deltaT 44.996440
windowBins = 300
fitting sliding window 840 from bin 1043 at 155.615600 to bin 1343 at 200.375600 (300 bins)

Reading data from /gm2data/cornell/histograms/aMethod/histogram_a_run4.root
fitting cbo isolate
 **********
 **    1 **SET PRINTOUT            1
 **********
 **********
 **    2 **SET NOWARNINGS 
 **********
 PARAMETER DEFINITIONS:
    NO.   NAME         VALUE      STEP SIZE      LIMITS
     1 A_CBO        1.13569e-02  1.00000e-05     no limits
     2 w_CBO        2.32658e+00  1.00000e-02    2.00000e+00  3.00000e+00
     3 phi_CBO      5.87662e+00  1.00000e-02    0.00000e+00  6.28319e+00
 **********
 **    3 **MIGRAD
 **********
 FIRST CALL TO USER FUNCTION AT NEW START POINT, WITH IFLAG=4.
 START MIGRAD MINIMIZATION.  STRATEGY  1.  CONVERGENCE WHEN EDM .LT. 1.00e-04
 FCN=0.00639102 FROM MIGRAD    STATUS=INITIATE       12 CALLS          13 TOTAL
                     EDM= unknown      STRATEGY= 1      NO ERROR MATRIX       
  EXT PARAMETER               CURRENT GUESS       STEP         FIRST   
  NO.   NAME      VALUE            ERROR          SIZE      DERIVATIVE 
   1  A_CBO        1.13569e-02   1.00000e-05   1.00000e-05   1.84114e+00
   2  w_CBO        2.32658e+00   1.00000e-02   2.13259e-02  -3.46223e-02
   3  phi_CBO      5.87662e+00   1.00000e-02   6.47001e-03   6.17194e-04
 MIGRAD MINIMIZATION HAS CONVERGED.
 MIGRAD WILL VERIFY CONVERGENCE AND ERROR MATRIX.
 COVARIANCE MATRIX CALCULATED SUCCESSFULLY
 FCN=0.000727616 FROM MIGRAD    STATUS=CONVERGED      49 CALLS          50 TOTAL
                     EDM=4.83911e-08    STRATEGY= 1      ERROR MATRIX ACCURATE 
  EXT PARAMETER                                   STEP         FIRST   
  NO.   NAME      VALUE            ERROR          SIZE      DERIVATIVE 
   1  A_CBO        5.20253e-03   8.18749e-02   3.99331e-05  -1.51131e-03
   2  w_CBO        2.32664e+00   6.44998e-01   9.19836e-05   2.36677e-05
   3  phi_CBO      5.86795e+00   5.32401e+00   4.75132e-03  -3.86885e-06
 EXTERNAL ERROR MATRIX.    NDIM=  25    NPAR=  3    ERR DEF=1
  6.704e-03 -3.442e-03 -6.149e-01 
 -3.442e-03  5.644e-01  9.937e+01 
 -6.149e-01  9.937e+01  1.774e+04 
 PARAMETER  CORRELATION COEFFICIENTS  
       NO.  GLOBAL      1      2      3
        1  0.05639   1.000 -0.056 -0.056
        2  0.99306  -0.056  1.000  0.993
        3  0.99306  -0.056  0.993  1.000
setting A_CBO=0.005203 w_CBO=2.326637, phi_CBO=5.867953
done fitting cbo isolate
 **********
 **    1 **SET PRINTOUT            1
 **********
 **********
 **    2 **SET NOWARNINGS 
 **********
 PARAMETER DEFINITIONS:
    NO.   NAME         VALUE      STEP SIZE      LIMITS
     1 N0           2.84426e+06  1.00000e+02     no limits
     2 tau          6.44047e+01  constant
     3 A0           3.52885e-01  1.00000e-04     no limits
     4 phi          4.11503e+00  1.00000e-02     no limits
     5 R           -6.13016e+01  constant
     6 A_CBO        5.20253e-03  1.00000e-05     no limits
     7 w_CBO        2.32664e+00  1.00000e-03     no limits
     8 phi_CBO      5.86795e+00  1.00000e-04     no limits
     9 ANx2         6.64823e-04  constant
    10 pNx2         9.66896e-01  constant
    11 ANy1         0.00000e+00  constant
    12 pNy1         0.00000e+00  constant
    13 w_y          0.00000e+00  constant
    14 ANy2         8.37111e-03  1.00000e-04     no limits
    15 pNy2         5.88808e+00  constant
    16 w_vw         1.43122e+01  constant
    17 LM           1.40011e-04  constant
    18 wCBO_expCoeff   2.00000e+02  1.00000e+00     no limits
    19 wCBO_expOffset   2.00000e+02  1.00000e+00     no limits
    20 wCBO_expT    3.00000e+01  1.00000e+00     no limits
    21 wCBO_linCoeff   0.00000e+00  constant
    22 wCBO_const   0.00000e+00  1.00000e-02     no limits
MINUIT - FIT ONLY WIGGLE
 **********
 **    3 **FIX            5
 **********
 PARAMETER    5  IS CONSTANT.   IGNORED.
 **********
 **    4 **FIX            6
 **********
 **********
 **    5 **FIX            7
 **********
 **********
 **    6 **FIX            8
 **********
 **********
 **    7 **FIX            9
 **********
 PARAMETER    9  IS CONSTANT.   IGNORED.
 **********
 **    8 **FIX           10
 **********
 PARAMETER   10  IS CONSTANT.   IGNORED.
 **********
 **    9 **FIX           11
 **********
 PARAMETER   11  IS CONSTANT.   IGNORED.
 **********
 **   10 **FIX           12
 **********
 PARAMETER   12  IS CONSTANT.   IGNORED.
 **********
 **   11 **FIX           13
 **********
 PARAMETER   13  IS CONSTANT.   IGNORED.
 **********
 **   12 **FIX           14
 **********
 **********
 **   13 **FIX           15
 **********
 PARAMETER   15  IS CONSTANT.   IGNORED.
 **********
 **   14 **FIX           16
 **********
 PARAMETER   16  IS CONSTANT.   IGNORED.
 **********
 **   15 **MIGRAD
 **********
 FIRST CALL TO USER FUNCTION AT NEW START POINT, WITH IFLAG=4.
 START MIGRAD MINIMIZATION.  STRATEGY  1.  CONVERGENCE WHEN EDM .LT. 1.00e-04
 FCN=2596.59 FROM MIGRAD    STATUS=INITIATE       34 CALLS          35 TOTAL
                     EDM= unknown      STRATEGY= 1      NO ERROR MATRIX       
  EXT PARAMETER               CURRENT GUESS       STEP         FIRST   
  NO.   NAME      VALUE            ERROR          SIZE      DERIVATIVE 
   1  N0           2.84426e+06   1.00000e+02   1.00000e+02  -2.73100e-03
   2  tau          6.44047e+01   constant   
   3  A0           3.52885e-01   1.00000e-04   1.00000e-04   6.98875e+03
   4  phi          4.11503e+00   1.00000e-02   1.00000e-02  -5.76050e+03
   5  R           -6.13016e+01   constant   
   6  A_CBO        5.20253e-03     fixed    
   7  w_CBO        2.32664e+00     fixed    
   8  phi_CBO      5.86795e+00     fixed    
   9  ANx2         6.64823e-04   constant   
  10  pNx2         9.66896e-01   constant   
  11  ANy1         0.00000e+00   constant   
  12  pNy1         0.00000e+00   constant   
  13  w_y          0.00000e+00   constant   
  14  ANy2         8.37111e-03     fixed    
  15  pNy2         5.88808e+00   constant   
  16  w_vw         1.43122e+01   constant   
  17  LM           1.40011e-04   constant   
  18  wCBO_expCoeff   2.00000e+02   1.00000e+00   1.00000e+00   8.82483e+04
  19  wCBO_expOffset   2.00000e+02   1.00000e+00   1.00000e+00   7.21977e+05
  20  wCBO_expT    3.00000e+01   1.00000e+00   1.00000e+00  -7.58397e+05
  21  wCBO_linCoeff   0.00000e+00   constant   
  22  wCBO_const   0.00000e+00   1.00000e-02   1.00000e-02   2.60916e+04
 MIGRAD FAILS TO FIND IMPROVEMENT
 COVARIANCE MATRIX CALCULATED SUCCESSFULLY
 FCN=2263.97 FROM HESSE     STATUS=OK             54 CALLS         176 TOTAL
                     EDM=1.72533    STRATEGY= 1      ERROR MATRIX ACCURATE 
  EXT PARAMETER                                   STEP         FIRST   
  NO.   NAME      VALUE            ERROR          SIZE      DERIVATIVE 
   1  N0           2.84363e+06   5.09189e+02   1.03238e+01  -5.52185e-06
   2  tau          6.44047e+01   constant   
   3  A0           3.52575e-01   2.17500e-04   4.88375e-06  -8.14684e+03
   4  phi          4.11580e+00   6.27711e-04   1.44722e-05   1.78989e+02
   5  R           -6.13016e+01   constant   
   6  A_CBO        5.20253e-03     fixed    
   7  w_CBO        2.32664e+00     fixed    
   8  phi_CBO      5.86795e+00     fixed    
   9  ANx2         6.64823e-04   constant   
  10  pNx2         9.66896e-01   constant   
  11  ANy1         0.00000e+00   constant   
  12  pNy1         0.00000e+00   constant   
  13  w_y          0.00000e+00   constant   
  14  ANy2         8.37111e-03     fixed    
  15  pNy2         5.88808e+00   constant   
  16  w_vw         1.43122e+01   constant   
  17  LM           1.40011e-04   constant   
  18  wCBO_expCoeff   2.00001e+02   1.20164e-03   9.53678e-05   2.38610e+04
  19  wCBO_expOffset   1.99994e+02   3.23043e-05   9.53646e-05   1.58136e+05
  20  wCBO_expT    3.00003e+01   1.21106e-04   1.43053e-05  -1.52808e+05
  21  wCBO_linCoeff   0.00000e+00   constant   
  22  wCBO_const   3.58693e-02   1.26337e-03   3.50038e-06   1.21449e+04
 MIGRAD FAILS TO FIND IMPROVEMENT
 MIGRAD TERMINATED WITHOUT CONVERGENCE.
 FCN=2260.92 FROM MIGRAD    STATUS=FAILED       1070 CALLS        1071 TOTAL
                     EDM=24.0269    STRATEGY= 1  ERROR MATRIX UNCERTAINTY   0.0 per cent
  EXT PARAMETER                APPROXIMATE        STEP         FIRST   
  NO.   NAME      VALUE            ERROR          SIZE      DERIVATIVE 
   1  N0           2.84405e+06   4.51745e+02   0.00000e+00   2.37346e-03
   2  tau          6.44047e+01   constant   
   3  A0           3.53078e-01   1.23166e-04  -0.00000e+00   1.45167e+04
   4  phi          4.11553e+00   6.26020e-04  -0.00000e+00  -5.06997e+02
   5  R           -6.13016e+01   constant   
   6  A_CBO        5.20253e-03     fixed    
   7  w_CBO        2.32664e+00     fixed    
   8  phi_CBO      5.86795e+00     fixed    
   9  ANx2         6.64823e-04   constant   
  10  pNx2         9.66896e-01   constant   
  11  ANy1         0.00000e+00   constant   
  12  pNy1         0.00000e+00   constant   
  13  w_y          0.00000e+00   constant   
  14  ANy2         8.37111e-03     fixed    
  15  pNy2         5.88808e+00   constant   
  16  w_vw         1.43122e+01   constant   
  17  LM           1.40011e-04   constant   
  18  wCBO_expCoeff   2.00004e+02   1.31494e-03   0.00000e+00   1.69980e+04
  19  wCBO_expOffset   1.99994e+02   8.25742e-05   0.00000e+00  -1.35879e+04
  20  wCBO_expT    3.00006e+01   1.46641e-04   0.00000e+00  -8.45613e+04
  21  wCBO_linCoeff   0.00000e+00   constant   
  22  wCBO_const   3.11419e-02   2.23081e-03  -0.00000e+00   8.29378e+03
 EXTERNAL ERROR MATRIX.    NDIM=  25    NPAR=  7    ERR DEF=1
  2.041e+05 -2.368e-02 -6.868e-03  1.039e-01  4.758e-03  1.228e-02 -1.553e-01 
 -2.368e-02  1.517e-08  6.070e-09 -3.214e-08 -8.180e-10 -3.484e-09  2.926e-08 
 -6.868e-03  6.070e-09  3.919e-07 -5.086e-08 -3.908e-09 -5.583e-09  1.115e-07 
  1.039e-01 -3.214e-08 -5.086e-08  1.729e-06  1.034e-07  1.924e-07 -2.873e-06 
  4.758e-03 -8.180e-10 -3.908e-09  1.034e-07  6.818e-09  1.147e-08 -1.819e-07 
  1.228e-02 -3.484e-09 -5.583e-09  1.924e-07  1.147e-08  2.150e-08 -3.181e-07 
 -1.553e-01  2.926e-08  1.115e-07 -2.873e-06 -1.819e-07 -3.181e-07  4.976e-06 
ERR MATRIX APPROXIMATE
 PARAMETER  CORRELATION COEFFICIENTS  
       NO.  GLOBAL      1      3      4     18     19     20     22
        1  0.70321   1.000 -0.426 -0.024  0.175  0.128  0.185 -0.154
        3  0.81794  -0.426  1.000  0.079 -0.198 -0.080 -0.193  0.107
        4  0.29900  -0.024  0.079  1.000 -0.062 -0.076 -0.061  0.080
       18  0.99968   0.175 -0.198 -0.062  1.000  0.952  0.998 -0.980
       19  0.99610   0.128 -0.080 -0.076  0.952  1.000  0.947 -0.988
       20  0.99942   0.185 -0.193 -0.061  0.998  0.947  1.000 -0.972
       22  0.99891  -0.154  0.107  0.080 -0.980 -0.988 -0.972  1.000
 ERR MATRIX APPROXIMATE
MINUIT - FIT ONLY 1-CBO + other amplitudes 
 **********
 **   16 **RES 
 **********
                   PARAMETER   14  ANy2 RESTORED TO VARIABLE.
                   PARAMETER    8  phi_CBO RESTORED TO VARIABLE.
                   PARAMETER    7  w_CBO RESTORED TO VARIABLE.
                   PARAMETER    6  A_CBO RESTORED TO VARIABLE.
 **********
 **   17 **FIX            0
 **********
 PARAMETER    0  IS UNDEFINED. IGNORED.
 **********
 **   18 **FIX            1
 **********
 **********
 **   19 **FIX            2
 **********
 PARAMETER    2  IS CONSTANT.   IGNORED.
 **********
 **   20 **FIX            3
 **********
 **********
 **   21 **FIX            4
 **********
 **********
 **   22 **FIX            9
 **********
 PARAMETER    9  IS CONSTANT.   IGNORED.
 **********
 **   23 **FIX           11
 **********
 PARAMETER   11  IS CONSTANT.   IGNORED.
 **********
 **   24 **FIX           12
 **********
 PARAMETER   12  IS CONSTANT.   IGNORED.
 **********
 **   25 **FIX           14
 **********
 **********
 **   26 **FIX           15
 **********
 PARAMETER   15  IS CONSTANT.   IGNORED.
 **********
 **   27 **FIX           16
 **********
 PARAMETER   16  IS CONSTANT.   IGNORED.
 **********
 **   28 **MIGRAD
 **********
 START MIGRAD MINIMIZATION.  STRATEGY  1.  CONVERGENCE WHEN EDM .LT. 1.00e-04
 FCN=2260.92 FROM MIGRAD    STATUS=INITIATE       22 CALLS        1093 TOTAL
                     EDM= unknown      STRATEGY= 1      NO ERROR MATRIX       
  EXT PARAMETER               CURRENT GUESS       STEP         FIRST   
  NO.   NAME      VALUE            ERROR          SIZE      DERIVATIVE 
   1  N0           2.84405e+06     fixed    
   2  tau          6.44047e+01   constant   
   3  A0           3.53078e-01     fixed    
   4  phi          4.11553e+00     fixed    
   5  R           -6.13016e+01   constant   
   6  A_CBO        5.20253e-03   1.00000e-05   1.00000e-05   1.49975e+05
   7  w_CBO        2.32664e+00   1.00000e-03   1.00000e-03   1.46469e+06
   8  phi_CBO      5.86795e+00   1.00000e-04   1.00000e-04  -6.98530e+00
   9  ANx2         6.64823e-04   constant   
  10  pNx2         9.66896e-01   constant   
  11  ANy1         0.00000e+00   constant   
  12  pNy1         0.00000e+00   constant   
  13  w_y          0.00000e+00   constant   
  14  ANy2         8.37111e-03     fixed    
  15  pNy2         5.88808e+00   constant   
  16  w_vw         1.43122e+01   constant   
  17  LM           1.40011e-04   constant   
  18  wCBO_expCoeff   2.00004e+02   1.31494e-03   0.00000e+00   1.69980e+04
  19  wCBO_expOffset   1.99994e+02   8.25742e-05   0.00000e+00  -1.35879e+04
  20  wCBO_expT    3.00006e+01   1.46641e-04   0.00000e+00  -8.45613e+04
  21  wCBO_linCoeff   0.00000e+00   constant   
  22  wCBO_const   3.11419e-02   2.23081e-03  -0.00000e+00   8.29378e+03
 CALL LIMIT EXCEEDED IN MIGRAD.
 MIGRAD TERMINATED WITHOUT CONVERGENCE.
 FCN=1985.71 FROM MIGRAD    STATUS=CALL LIMIT   1154 CALLS        2225 TOTAL
                     EDM=8.59951    STRATEGY= 1  ERROR MATRIX UNCERTAINTY   0.2 per cent
  EXT PARAMETER                APPROXIMATE        STEP         FIRST   
  NO.   NAME      VALUE            ERROR          SIZE      DERIVATIVE 
   1  N0           2.84405e+06     fixed    
   2  tau          6.44047e+01   constant   
   3  A0           3.53078e-01     fixed    
   4  phi          4.11553e+00     fixed    
   5  R           -6.13016e+01   constant   
   6  A_CBO        1.60974e-03   1.95997e-04   7.88507e-08   3.06635e+03
   7  w_CBO        2.32664e+00   1.25019e-06  -7.94586e-10   5.18411e+05
   8  phi_CBO      5.92563e+00   7.60253e-02   4.08261e-05   2.53027e+00
   9  ANx2         6.64823e-04   constant   
  10  pNx2         9.66896e-01   constant   
  11  ANy1         0.00000e+00   constant   
  12  pNy1         0.00000e+00   constant   
  13  w_y          0.00000e+00   constant   
  14  ANy2         8.37111e-03     fixed    
  15  pNy2         5.88808e+00   constant   
  16  w_vw         1.43122e+01   constant   
  17  LM           1.40011e-04   constant   
  18  wCBO_expCoeff   2.00004e+02   1.06931e-04  -6.77650e-08   6.01668e+03
  19  wCBO_expOffset   1.99994e+02   9.46437e-05   7.10409e-08  -2.06216e+04
  20  wCBO_expT    3.00006e+01   1.10423e-05  -6.50797e-09  -4.93251e+04
  21  wCBO_linCoeff   0.00000e+00   constant   
  22  wCBO_const   3.08151e-02   1.30114e-03  -9.79195e-07   2.89183e+03
 EXTERNAL ERROR MATRIX.    NDIM=  25    NPAR=  7    ERR DEF=1
  3.841e-08 -1.333e-10  1.800e-06 -1.139e-08  1.039e-08 -5.555e-10 -1.424e-07 
 -1.333e-10  1.563e-12 -5.624e-08  8.663e-11 -9.913e-11  1.012e-11  1.345e-09 
  1.800e-06 -5.624e-08  5.780e-03 -4.800e-06  4.986e-06 -2.706e-07 -6.486e-05 
 -1.139e-08  8.663e-11 -4.800e-06  1.143e-08 -8.455e-09  8.646e-10  1.147e-07 
  1.039e-08 -9.913e-11  4.986e-06 -8.455e-09  8.957e-09 -7.967e-10 -1.218e-07 
 -5.555e-10  1.012e-11 -2.706e-07  8.646e-10 -7.967e-10  1.219e-10  1.103e-08 
 -1.424e-07  1.345e-09 -6.486e-05  1.147e-07 -1.218e-07  1.103e-08  1.693e-06 
ERR MATRIX APPROXIMATE
 PARAMETER  CORRELATION COEFFICIENTS  
       NO.  GLOBAL      6      7      8     18     19     20     22
        6  0.97942   1.000 -0.544  0.121 -0.543  0.560 -0.257 -0.558
        7  0.97723  -0.544  1.000 -0.592  0.648 -0.838  0.733  0.827
        8  0.98436   0.121 -0.592  1.000 -0.590  0.693 -0.322 -0.656
       18  0.97699  -0.543  0.648 -0.590  1.000 -0.835  0.732  0.824
       19  0.99498   0.560 -0.838  0.693 -0.835  1.000 -0.762 -0.989
       20  0.98927  -0.257  0.733 -0.322  0.732 -0.762  1.000  0.767
       22  0.99062  -0.558  0.827 -0.656  0.824 -0.989  0.767  1.000
 ERR MATRIX APPROXIMATE
MINUIT - FIT ONLY 1-CBO
 **********
 **   29 **RES 
 **********
                   PARAMETER   14  ANy2 RESTORED TO VARIABLE.
                   PARAMETER    4  phi RESTORED TO VARIABLE.
                   PARAMETER    3  A0 RESTORED TO VARIABLE.
                   PARAMETER    1  N0 RESTORED TO VARIABLE.
 **********
 **   30 **FIX            0
 **********
 PARAMETER    0  IS UNDEFINED. IGNORED.
 **********
 **   31 **FIX            1
 **********
 **********
 **   32 **FIX            2
 **********
 PARAMETER    2  IS CONSTANT.   IGNORED.
 **********
 **   33 **FIX            3
 **********
 **********
 **   34 **FIX            4
 **********
 **********
 **   35 **FIX            8
 **********
 **********
 **   36 **FIX            9
 **********
 PARAMETER    9  IS CONSTANT.   IGNORED.
 **********
 **   37 **FIX           11
 **********
 PARAMETER   11  IS CONSTANT.   IGNORED.
 **********
 **   38 **FIX           12
 **********
 PARAMETER   12  IS CONSTANT.   IGNORED.
 **********
 **   39 **FIX           13
 **********
 PARAMETER   13  IS CONSTANT.   IGNORED.
 **********
 **   40 **FIX           15
 **********
 PARAMETER   15  IS CONSTANT.   IGNORED.
 **********
 **   41 **FIX           16
 **********
 PARAMETER   16  IS CONSTANT.   IGNORED.
 **********
 **   42 **MIGRAD
 **********
 START MIGRAD MINIMIZATION.  STRATEGY  1.  CONVERGENCE WHEN EDM .LT. 1.00e-04
 FCN=1985.71 FROM MIGRAD    STATUS=INITIATE       16 CALLS        2241 TOTAL
                     EDM= unknown      STRATEGY= 1      NO ERROR MATRIX       
  EXT PARAMETER               CURRENT GUESS       STEP         FIRST   
  NO.   NAME      VALUE            ERROR          SIZE      DERIVATIVE 
   1  N0           2.84405e+06     fixed    
   2  tau          6.44047e+01   constant   
   3  A0           3.53078e-01     fixed    
   4  phi          4.11553e+00     fixed    
   5  R           -6.13016e+01   constant   
   6  A_CBO        1.60974e-03   1.95997e-04   7.88507e-08   3.06635e+03
   7  w_CBO        2.32664e+00   1.25019e-06  -7.94586e-10   5.18411e+05
   8  phi_CBO      5.92563e+00     fixed    
   9  ANx2         6.64823e-04   constant   
  10  pNx2         9.66896e-01   constant   
  11  ANy1         0.00000e+00   constant   
  12  pNy1         0.00000e+00   constant   
  13  w_y          0.00000e+00   constant   
  14  ANy2         8.37111e-03   1.00000e-04   1.00000e-04   3.23082e+05
  15  pNy2         5.88808e+00   constant   
  16  w_vw         1.43122e+01   constant   
  17  LM           1.40011e-04   constant   
  18  wCBO_expCoeff   2.00004e+02   1.06931e-04  -6.77650e-08   6.01668e+03
  19  wCBO_expOffset   1.99994e+02   9.46437e-05   7.10409e-08  -2.06216e+04
  20  wCBO_expT    3.00006e+01   1.10423e-05  -6.50797e-09  -4.93251e+04
  21  wCBO_linCoeff   0.00000e+00   constant   
  22  wCBO_const   3.08151e-02   1.30114e-03  -9.79195e-07   2.89183e+03
 CALL LIMIT EXCEEDED IN MIGRAD.
 MIGRAD TERMINATED WITHOUT CONVERGENCE.
 FCN=675.336 FROM MIGRAD    STATUS=CALL LIMIT   1164 CALLS        3389 TOTAL
                     EDM=0.602024    STRATEGY= 1  ERROR MATRIX UNCERTAINTY   0.6 per cent
  EXT PARAMETER                APPROXIMATE        STEP         FIRST   
  NO.   NAME      VALUE            ERROR          SIZE      DERIVATIVE 
   1  N0           2.84405e+06     fixed    
   2  tau          6.44047e+01   constant   
   3  A0           3.53078e-01     fixed    
   4  phi          4.11553e+00     fixed    
   5  R           -6.13016e+01   constant   
   6  A_CBO        4.60931e-04   3.33918e-04  -1.62500e-07  -1.22247e+03
   7  w_CBO        2.32664e+00   2.33118e-06   1.08021e-09   1.56201e+05
   8  phi_CBO      5.92563e+00     fixed    
   9  ANx2         6.64823e-04   constant   
  10  pNx2         9.66896e-01   constant   
  11  ANy1         0.00000e+00   constant   
  12  pNy1         0.00000e+00   constant   
  13  w_y          0.00000e+00   constant   
  14  ANy2         2.71203e-04   2.25347e-04  -1.90191e-08  -3.75451e+01
  15  pNy2         5.88808e+00   constant   
  16  w_vw         1.43122e+01   constant   
  17  LM           1.40011e-04   constant   
  18  wCBO_expCoeff   2.00004e+02   2.02257e-04   9.38551e-08   1.81321e+03
  19  wCBO_expOffset   1.99994e+02   1.20022e-04   6.45385e-08  -1.14654e+03
  20  wCBO_expT    3.00006e+01   4.83054e-05   2.33842e-08  -2.45963e+04
  21  wCBO_linCoeff   0.00000e+00   constant   
  22  wCBO_const   2.98967e-02   1.96231e-03  -9.49366e-07   7.64645e+02
 EXTERNAL ERROR MATRIX.    NDIM=  25    NPAR=  7    ERR DEF=1
  1.115e-07 -5.482e-10  1.339e-08 -4.765e-08 -3.538e-08 -1.388e-08  5.144e-07 
 -5.482e-10  5.434e-12 -6.090e-11  3.606e-10  2.377e-10  7.644e-11 -4.092e-09 
  1.339e-08 -6.090e-11  5.078e-08 -5.295e-09 -4.123e-09 -1.692e-09  5.964e-08 
 -4.765e-08  3.606e-10 -5.295e-09  4.091e-08  2.066e-08  6.636e-09 -3.557e-07 
 -3.538e-08  2.377e-10 -4.123e-09  2.066e-08  1.441e-08  5.057e-09 -2.131e-07 
 -1.388e-08  7.644e-11 -1.692e-09  6.636e-09  5.057e-09  2.333e-09 -5.927e-08 
  5.144e-07 -4.092e-09  5.964e-08 -3.557e-07 -2.131e-07 -5.927e-08  3.851e-06 
ERR MATRIX APPROXIMATE
 PARAMETER  CORRELATION COEFFICIENTS  
       NO.  GLOBAL      6      7     14     18     19     20     22
        6  0.99813   1.000 -0.704  0.178 -0.706 -0.883 -0.860  0.785
        7  0.99792  -0.704  1.000 -0.116  0.765  0.850  0.679 -0.894
       14  0.31897   0.178 -0.116  1.000 -0.116 -0.152 -0.155  0.135
       18  0.99795  -0.706  0.765 -0.116  1.000  0.851  0.679 -0.896
       19  0.99950  -0.883  0.850 -0.152  0.851  1.000  0.872 -0.905
       20  0.99950  -0.860  0.679 -0.155  0.679  0.872  1.000 -0.625
       22  0.99979   0.785 -0.894  0.135 -0.896 -0.905 -0.625  1.000
 ERR MATRIX APPROXIMATE
MINUIT - FIT ONLY 2-CBO
 **********
 **   43 **RES 
 **********
                   PARAMETER    8  phi_CBO RESTORED TO VARIABLE.
                   PARAMETER    4  phi RESTORED TO VARIABLE.
                   PARAMETER    3  A0 RESTORED TO VARIABLE.
                   PARAMETER    1  N0 RESTORED TO VARIABLE.
 **********
 **   44 **FIX            0
 **********
 PARAMETER    0  IS UNDEFINED. IGNORED.
 **********
 **   45 **FIX            1
 **********
 **********
 **   46 **FIX            2
 **********
 PARAMETER    2  IS CONSTANT.   IGNORED.
 **********
 **   47 **FIX            3
 **********
 **********
 **   48 **FIX            4
 **********
 **********
 **   49 **FIX            5
 **********
 PARAMETER    5  IS CONSTANT.   IGNORED.
 **********
 **   50 **FIX            6
 **********
 **********
 **   51 **FIX            7
 **********
 **********
 **   52 **FIX           10
 **********
 PARAMETER   10  IS CONSTANT.   IGNORED.
 **********
 **   53 **FIX           11
 **********
 PARAMETER   11  IS CONSTANT.   IGNORED.
 **********
 **   54 **FIX           12
 **********
 PARAMETER   12  IS CONSTANT.   IGNORED.
 **********
 **   55 **FIX           13
 **********
 PARAMETER   13  IS CONSTANT.   IGNORED.
 **********
 **   56 **FIX           14
 **********
 **********
 **   57 **FIX           15
 **********
 PARAMETER   15  IS CONSTANT.   IGNORED.
 **********
 **   58 **FIX           16
 **********
 PARAMETER   16  IS CONSTANT.   IGNORED.
 **********
 **   59 **MIGRAD
 **********
 START MIGRAD MINIMIZATION.  STRATEGY  1.  CONVERGENCE WHEN EDM .LT. 1.00e-04
 FCN=675.336 FROM MIGRAD    STATUS=INITIATE       12 CALLS        3401 TOTAL
                     EDM= unknown      STRATEGY= 1      NO ERROR MATRIX       
  EXT PARAMETER               CURRENT GUESS       STEP         FIRST   
  NO.   NAME      VALUE            ERROR          SIZE      DERIVATIVE 
   1  N0           2.84405e+06     fixed    
   2  tau          6.44047e+01   constant   
   3  A0           3.53078e-01     fixed    
   4  phi          4.11553e+00     fixed    
   5  R           -6.13016e+01   constant   
   6  A_CBO        4.60931e-04     fixed    
   7  w_CBO        2.32664e+00     fixed    
   8  phi_CBO      5.92563e+00   7.60253e-02   7.60253e-02  -1.19300e-01
   9  ANx2         6.64823e-04   constant   
  10  pNx2         9.66896e-01   constant   
  11  ANy1         0.00000e+00   constant   
  12  pNy1         0.00000e+00   constant   
  13  w_y          0.00000e+00   constant   
  14  ANy2         2.71203e-04     fixed    
  15  pNy2         5.88808e+00   constant   
  16  w_vw         1.43122e+01   constant   
  17  LM           1.40011e-04   constant   
  18  wCBO_expCoeff   2.00004e+02   2.02257e-04   9.38551e-08   1.81321e+03
  19  wCBO_expOffset   1.99994e+02   1.20022e-04   6.45385e-08  -1.14654e+03
  20  wCBO_expT    3.00006e+01   4.83054e-05   2.33842e-08  -2.45963e+04
  21  wCBO_linCoeff   0.00000e+00   constant   
  22  wCBO_const   2.98967e-02   1.96231e-03  -9.49366e-07   7.64645e+02
 CALL LIMIT EXCEEDED IN MIGRAD.
 MIGRAD TERMINATED WITHOUT CONVERGENCE.
 FCN=675.207 FROM MIGRAD    STATUS=CALL LIMIT    825 CALLS        4214 TOTAL
                     EDM=1.26045    STRATEGY= 1  ERROR MATRIX UNCERTAINTY   0.0 per cent
  EXT PARAMETER                APPROXIMATE        STEP         FIRST   
  NO.   NAME      VALUE            ERROR          SIZE      DERIVATIVE 
   1  N0           2.84405e+06     fixed    
   2  tau          6.44047e+01   constant   
   3  A0           3.53078e-01     fixed    
   4  phi          4.11553e+00     fixed    
   5  R           -6.13016e+01   constant   
   6  A_CBO        4.60931e-04     fixed    
   7  w_CBO        2.32664e+00     fixed    
   8  phi_CBO      5.88153e+00   4.42848e-01  -9.81089e-05  -1.05309e+00
   9  ANx2         6.64823e-04   constant   
  10  pNx2         9.66896e-01   constant   
  11  ANy1         0.00000e+00   constant   
  12  pNy1         0.00000e+00   constant   
  13  w_y          0.00000e+00   constant   
  14  ANy2         2.71203e-04     fixed    
  15  pNy2         5.88808e+00   constant   
  16  w_vw         1.43122e+01   constant   
  17  LM           1.40011e-04   constant   
  18  wCBO_expCoeff   2.00004e+02   1.75832e-04   8.46757e-08   4.15150e+03
  19  wCBO_expOffset   1.99994e+02   1.53684e-04   1.05644e-07   1.17060e+04
  20  wCBO_expT    3.00006e+01   1.10853e-04   7.60055e-08  -3.43532e+04
  21  wCBO_linCoeff   0.00000e+00   constant   
  22  wCBO_const   2.98536e-02   5.57686e-04  -3.19677e-07   2.00851e+03
 EXTERNAL ERROR MATRIX.    NDIM=  25    NPAR=  5    ERR DEF=1
  1.961e-01 -7.389e-06 -2.103e-05 -1.714e-05  1.072e-04 
 -7.389e-06  3.092e-08  1.790e-08  1.398e-08 -7.168e-08 
 -2.103e-05  1.790e-08  2.362e-08  1.671e-08 -7.287e-08 
 -1.714e-05  1.398e-08  1.671e-08  1.229e-08 -4.940e-08 
  1.072e-04 -7.168e-08 -7.287e-08 -4.940e-08  3.110e-07 
ERR MATRIX APPROXIMATE
 PARAMETER  CORRELATION COEFFICIENTS  
       NO.  GLOBAL      8     18     19     20     22
        8  0.99526   1.000 -0.095 -0.309 -0.349  0.434
       18  0.99836  -0.095  1.000  0.663  0.717 -0.731
       19  0.99990  -0.309  0.663  1.000  0.981 -0.850
       20  0.99988  -0.349  0.717  0.981  1.000 -0.799
       22  0.99921   0.434 -0.731 -0.850 -0.799  1.000
 ERR MATRIX APPROXIMATE
MINUIT - FIT ONLY 1-y
 **********
 **   60 **RES 
 **********
                   PARAMETER   14  ANy2 RESTORED TO VARIABLE.
                   PARAMETER    7  w_CBO RESTORED TO VARIABLE.
                   PARAMETER    6  A_CBO RESTORED TO VARIABLE.
                   PARAMETER    4  phi RESTORED TO VARIABLE.
                   PARAMETER    3  A0 RESTORED TO VARIABLE.
                   PARAMETER    1  N0 RESTORED TO VARIABLE.
 **********
 **   61 **FIX            0
 **********
 PARAMETER    0  IS UNDEFINED. IGNORED.
 **********
 **   62 **FIX            1
 **********
 **********
 **   63 **FIX            2
 **********
 PARAMETER    2  IS CONSTANT.   IGNORED.
 **********
 **   64 **FIX            3
 **********
 **********
 **   65 **FIX            4
 **********
 **********
 **   66 **FIX            5
 **********
 PARAMETER    5  IS CONSTANT.   IGNORED.
 **********
 **   67 **FIX            6
 **********
 **********
 **   68 **FIX            7
 **********
 **********
 **   69 **FIX            8
 **********
 **********
 **   70 **FIX            9
 **********
 PARAMETER    9  IS CONSTANT.   IGNORED.
 **********
 **   71 **FIX           13
 **********
 PARAMETER   13  IS CONSTANT.   IGNORED.
 **********
 **   72 **FIX           14
 **********
 **********
 **   73 **FIX           15
 **********
 PARAMETER   15  IS CONSTANT.   IGNORED.
 **********
 **   74 **FIX           16
 **********
 PARAMETER   16  IS CONSTANT.   IGNORED.
 **********
 **   75 **MIGRAD
 **********
 START MIGRAD MINIMIZATION.  STRATEGY  1.  CONVERGENCE WHEN EDM .LT. 1.00e-04
 FCN=675.207 FROM MIGRAD    STATUS=INITIATE        8 CALLS        4222 TOTAL
                     EDM= unknown      STRATEGY= 1      NO ERROR MATRIX       
  EXT PARAMETER               CURRENT GUESS       STEP         FIRST   
  NO.   NAME      VALUE            ERROR          SIZE      DERIVATIVE 
   1  N0           2.84405e+06     fixed    
   2  tau          6.44047e+01   constant   
   3  A0           3.53078e-01     fixed    
   4  phi          4.11553e+00     fixed    
   5  R           -6.13016e+01   constant   
   6  A_CBO        4.60931e-04     fixed    
   7  w_CBO        2.32664e+00     fixed    
   8  phi_CBO      5.88153e+00     fixed    
   9  ANx2         6.64823e-04   constant   
  10  pNx2         9.66896e-01   constant   
  11  ANy1         0.00000e+00   constant   
  12  pNy1         0.00000e+00   constant   
  13  w_y          0.00000e+00   constant   
  14  ANy2         2.71203e-04     fixed    
  15  pNy2         5.88808e+00   constant   
  16  w_vw         1.43122e+01   constant   
  17  LM           1.40011e-04   constant   
  18  wCBO_expCoeff   2.00004e+02   1.75832e-04   8.46757e-08   4.15150e+03
  19  wCBO_expOffset   1.99994e+02   1.53684e-04   1.05644e-07   1.17060e+04
  20  wCBO_expT    3.00006e+01   1.10853e-04   7.60055e-08  -3.43532e+04
  21  wCBO_linCoeff   0.00000e+00   constant   
  22  wCBO_const   2.98536e-02   5.57686e-04  -3.19677e-07   2.00851e+03
 MIGRAD FAILS TO FIND IMPROVEMENT
 FCN=675.024 FROM HESSE     STATUS=NOT POSDEF     27 CALLS        4281 TOTAL
                     EDM=0.999381    STRATEGY= 1      ERR MATRIX NOT POS-DEF
  EXT PARAMETER                APPROXIMATE        STEP         FIRST   
  NO.   NAME      VALUE            ERROR          SIZE      DERIVATIVE 
   1  N0           2.84405e+06     fixed    
   2  tau          6.44047e+01   constant   
   3  A0           3.53078e-01     fixed    
   4  phi          4.11553e+00     fixed    
   5  R           -6.13016e+01   constant   
   6  A_CBO        4.60931e-04     fixed    
   7  w_CBO        2.32664e+00     fixed    
   8  phi_CBO      5.88153e+00     fixed    
   9  ANx2         6.64823e-04   constant   
  10  pNx2         9.66896e-01   constant   
  11  ANy1         0.00000e+00   constant   
  12  pNy1         0.00000e+00   constant   
  13  w_y          0.00000e+00   constant   
  14  ANy2         2.71203e-04     fixed    
  15  pNy2         5.88808e+00   constant   
  16  w_vw         1.43122e+01   constant   
  17  LM           1.40011e-04   constant   
  18  wCBO_expCoeff   2.00004e+02   1.85766e-03   9.53694e-05   2.57429e+03
  19  wCBO_expOffset   1.99994e+02   7.73558e-05   9.53646e-05   1.70808e+04
  20  wCBO_expT    3.00006e+01   1.78577e-04   1.43054e-05  -2.74628e+04
  21  wCBO_linCoeff   0.00000e+00   constant   
  22  wCBO_const   2.96550e-02   2.54273e-03   4.77103e-06   1.28060e+03
 MIGRAD FAILS TO FIND IMPROVEMENT
 MIGRAD TERMINATED WITHOUT CONVERGENCE.
 FCN=674.428 FROM MIGRAD    STATUS=FAILED         88 CALLS        4302 TOTAL
                     EDM=1.67916    STRATEGY= 1      ERR MATRIX NOT POS-DEF
  EXT PARAMETER                APPROXIMATE        STEP         FIRST   
  NO.   NAME      VALUE            ERROR          SIZE      DERIVATIVE 
   1  N0           2.84405e+06     fixed    
   2  tau          6.44047e+01   constant   
   3  A0           3.53078e-01     fixed    
   4  phi          4.11553e+00     fixed    
   5  R           -6.13016e+01   constant   
   6  A_CBO        4.60931e-04     fixed    
   7  w_CBO        2.32664e+00     fixed    
   8  phi_CBO      5.88153e+00     fixed    
   9  ANx2         6.64823e-04   constant   
  10  pNx2         9.66896e-01   constant   
  11  ANy1         0.00000e+00   constant   
  12  pNy1         0.00000e+00   constant   
  13  w_y          0.00000e+00   constant   
  14  ANy2         2.71203e-04     fixed    
  15  pNy2         5.88808e+00   constant   
  16  w_vw         1.43122e+01   constant   
  17  LM           1.40011e-04   constant   
  18  wCBO_expCoeff   2.00005e+02   1.00003e+00  -0.00000e+00   1.26430e+04
  19  wCBO_expOffset   1.99994e+02   1.00006e+00  -0.00000e+00   5.01663e+04
  20  wCBO_expT    3.00007e+01   1.00006e+00   0.00000e+00  -8.93679e+04
  21  wCBO_linCoeff   0.00000e+00   constant   
  22  wCBO_const   2.82690e-02   1.00000e+00  -0.00000e+00   5.37212e+03
 EXTERNAL ERROR MATRIX.    NDIM=  25    NPAR=  4    ERR DEF=1
  1.000e+00 -2.630e-06 -6.881e-06  9.260e-05 
 -2.630e-06  1.000e+00 -2.545e-07  3.419e-06 
 -6.881e-06 -2.545e-07  1.000e+00  8.984e-06 
  9.260e-05  3.419e-06  8.984e-06  1.000e+00 
ERR MATRIX NOT POS-DEF
 PARAMETER  CORRELATION COEFFICIENTS  
       NO.  GLOBAL     18     19     20     22
       18  0.00009   1.000 -0.000 -0.000  0.000
       19  0.00000  -0.000  1.000 -0.000  0.000
       20  0.00001  -0.000 -0.000  1.000  0.000
       22  0.00009   0.000  0.000  0.000  1.000
 ERR MATRIX NOT POS-DEF
MINUIT - FIT ONLY 2-y
 **********
 **   76 **RES 
 **********
                   PARAMETER   14  ANy2 RESTORED TO VARIABLE.
                   PARAMETER    8  phi_CBO RESTORED TO VARIABLE.
                   PARAMETER    7  w_CBO RESTORED TO VARIABLE.
                   PARAMETER    6  A_CBO RESTORED TO VARIABLE.
                   PARAMETER    4  phi RESTORED TO VARIABLE.
                   PARAMETER    3  A0 RESTORED TO VARIABLE.
                   PARAMETER    1  N0 RESTORED TO VARIABLE.
 **********
 **   77 **FIX            0
 **********
 PARAMETER    0  IS UNDEFINED. IGNORED.
 **********
 **   78 **FIX            1
 **********
 **********
 **   79 **FIX            2
 **********
 PARAMETER    2  IS CONSTANT.   IGNORED.
 **********
 **   80 **FIX            3
 **********
 **********
 **   81 **FIX            4
 **********
 **********
 **   82 **FIX            5
 **********
 PARAMETER    5  IS CONSTANT.   IGNORED.
 **********
 **   83 **FIX            6
 **********
 **********
 **   84 **FIX            7
 **********
 **********
 **   85 **FIX            8
 **********
 **********
 **   86 **FIX            9
 **********
 PARAMETER    9  IS CONSTANT.   IGNORED.
 **********
 **   87 **FIX           10
 **********
 PARAMETER   10  IS CONSTANT.   IGNORED.
 **********
 **   88 **FIX           11
 **********
 PARAMETER   11  IS CONSTANT.   IGNORED.
 **********
 **   89 **FIX           12
 **********
 PARAMETER   12  IS CONSTANT.   IGNORED.
 **********
 **   90 **FIX           16
 **********
 PARAMETER   16  IS CONSTANT.   IGNORED.
 **********
 **   91 **MIGRAD
 **********
 START MIGRAD MINIMIZATION.  STRATEGY  1.  CONVERGENCE WHEN EDM .LT. 1.00e-04
 FCN=674.428 FROM MIGRAD    STATUS=INITIATE       10 CALLS        4312 TOTAL
                     EDM= unknown      STRATEGY= 1      NO ERROR MATRIX       
  EXT PARAMETER               CURRENT GUESS       STEP         FIRST   
  NO.   NAME      VALUE            ERROR          SIZE      DERIVATIVE 
   1  N0           2.84405e+06     fixed    
   2  tau          6.44047e+01   constant   
   3  A0           3.53078e-01     fixed    
   4  phi          4.11553e+00     fixed    
   5  R           -6.13016e+01   constant   
   6  A_CBO        4.60931e-04     fixed    
   7  w_CBO        2.32664e+00     fixed    
   8  phi_CBO      5.88153e+00     fixed    
   9  ANx2         6.64823e-04   constant   
  10  pNx2         9.66896e-01   constant   
  11  ANy1         0.00000e+00   constant   
  12  pNy1         0.00000e+00   constant   
  13  w_y          0.00000e+00   constant   
  14  ANy2         2.71203e-04   2.25347e-04   2.25347e-04  -4.55727e+02
  15  pNy2         5.88808e+00   constant   
  16  w_vw         1.43122e+01   constant   
  17  LM           1.40011e-04   constant   
  18  wCBO_expCoeff   2.00005e+02   1.00003e+00  -0.00000e+00   1.26430e+04
  19  wCBO_expOffset   1.99994e+02   1.00006e+00  -0.00000e+00   5.01663e+04
  20  wCBO_expT    3.00007e+01   1.00006e+00   0.00000e+00  -8.93679e+04
  21  wCBO_linCoeff   0.00000e+00   constant   
  22  wCBO_const   2.82690e-02   1.00000e+00  -0.00000e+00   5.37212e+03
 CALL LIMIT EXCEEDED IN MIGRAD.
 MIGRAD TERMINATED WITHOUT CONVERGENCE.
 FCN=673.427 FROM MIGRAD    STATUS=CALL LIMIT    843 CALLS        5145 TOTAL
                     EDM=3.10516    STRATEGY= 1  ERROR MATRIX UNCERTAINTY   0.7 per cent
  EXT PARAMETER                APPROXIMATE        STEP         FIRST   
  NO.   NAME      VALUE            ERROR          SIZE      DERIVATIVE 
   1  N0           2.84405e+06     fixed    
   2  tau          6.44047e+01   constant   
   3  A0           3.53078e-01     fixed    
   4  phi          4.11553e+00     fixed    
   5  R           -6.13016e+01   constant   
   6  A_CBO        4.60931e-04     fixed    
   7  w_CBO        2.32664e+00     fixed    
   8  phi_CBO      5.88153e+00     fixed    
   9  ANx2         6.64823e-04   constant   
  10  pNx2         9.66896e-01   constant   
  11  ANy1         0.00000e+00   constant   
  12  pNy1         0.00000e+00   constant   
  13  w_y          0.00000e+00   constant   
  14  ANy2         2.95428e-04   2.15165e-04  -3.06438e-08   5.72973e+02
  15  pNy2         5.88808e+00   constant   
  16  w_vw         1.43122e+01   constant   
  17  LM           1.40011e-04   constant   
  18  wCBO_expCoeff   2.00005e+02   2.64683e-04   1.60485e-07   7.92420e+02
  19  wCBO_expOffset   1.99994e+02   2.32638e-04   1.58919e-07  -1.00600e+04
  20  wCBO_expT    3.00007e+01   6.80964e-05   4.61900e-08  -2.46767e+04
  21  wCBO_linCoeff   0.00000e+00   constant   
  22  wCBO_const   2.73930e-02   3.47896e-03  -2.38023e-06  -9.19455e+01
 EXTERNAL ERROR MATRIX.    NDIM=  25    NPAR=  5    ERR DEF=1
  4.630e-08 -6.661e-09 -7.611e-09 -2.776e-09  1.017e-07 
 -6.661e-09  7.006e-08  5.385e-08  1.657e-08 -8.202e-07 
 -7.611e-09  5.385e-08  5.412e-08  1.558e-08 -8.065e-07 
 -2.776e-09  1.657e-08  1.558e-08  4.637e-09 -2.352e-07 
