 + ++++++++++++++++++++++++++++++++++++++++++++++++++++++++++++++++++++ +
 +                                                                      +
 +           You have chose to blind your fitting according to          +
 +                omega_ref * (1 + (R +/- deltaR) *10^{-6})             +
 +                                                                      +
 + ++++++++++++++++++++++++++++++++++++++++++++++++++++++++++++++++++++ +
In main()...
reading format from /gm2data/zkhechad/run45/envelope/formats/formatB_sBin_constraintOn.txt
pBinTau 	= 0  
pBinPhi 	= 0  
constraintau 	= 1 
includeMopTerm 	= 0    
constrainMop    = 0   
Parameters after format file: pBinTau 0 pBinPhi 0 constraintau 1 includeMopTerm 0 constrainMop 0 c_e_scale 0.000000 
reading cbo reference file (full fit) from /gm2data/zkhechad/cboTemplates/Run4CBOTemplates/fullFits/run4/sBin_constraintOn_cE0.0_seed0_run4_calo19.root
A_CBO 0.009558 w_CBO 2.327254 phi_CBO 0.902980 N0 3088607.252134 R -60.257448 tau 64.400175 
Reading cboRef file /gm2data/zkhechad/cboTemplates/Run4CBOTemplates//cboIsolate/run4_calo19.root
deltaT 164.120000
windowBins = 1100
fitting sliding window 1680 from bin 1883 at 280.943600 to bin 2983 at 445.063600 (1100 bins)

Reading data from /gm2data/cornell/histograms/aMethod/histogram_a_run4.root
fitting cbo isolate
 **********
 **    1 **SET PRINTOUT            1
 **********
 **********
 **    2 **SET NOWARNINGS 
 **********
 PARAMETER DEFINITIONS:
    NO.   NAME         VALUE      STEP SIZE      LIMITS
     1 A_CBO        9.55751e-03  1.00000e-05     no limits
     2 w_CBO        2.32725e+00  1.00000e-02    2.00000e+00  3.00000e+00
     3 phi_CBO      9.02980e-01  1.00000e-02    0.00000e+00  6.28319e+00
 **********
 **    3 **MIGRAD
 **********
 FIRST CALL TO USER FUNCTION AT NEW START POINT, WITH IFLAG=4.
 START MIGRAD MINIMIZATION.  STRATEGY  1.  CONVERGENCE WHEN EDM .LT. 1.00e-04
 FCN=0.0706864 FROM MIGRAD    STATUS=INITIATE       12 CALLS          13 TOTAL
                     EDM= unknown      STRATEGY= 1      NO ERROR MATRIX       
  EXT PARAMETER               CURRENT GUESS       STEP         FIRST   
  NO.   NAME      VALUE            ERROR          SIZE      DERIVATIVE 
   1  A_CBO        9.55751e-03   1.00000e-05   1.00000e-05   6.31583e+00
   2  w_CBO        2.32725e+00   1.00000e-02   2.13147e-02   4.90884e-01
   3  phi_CBO      9.02980e-01   1.00000e-02   4.53699e-03  -6.35574e-03
 MIGRAD MINIMIZATION HAS CONVERGED.
 MIGRAD WILL VERIFY CONVERGENCE AND ERROR MATRIX.
 COVARIANCE MATRIX CALCULATED SUCCESSFULLY
 FCN=0.0525547 FROM MIGRAD    STATUS=CONVERGED      49 CALLS          50 TOTAL
                     EDM=7.05684e-07    STRATEGY= 1      ERROR MATRIX ACCURATE 
  EXT PARAMETER                                   STEP         FIRST   
  NO.   NAME      VALUE            ERROR          SIZE      DERIVATIVE 
   1  A_CBO        3.81405e-03   4.26267e-02   2.13355e-05  -2.75998e-02
   2  w_CBO        2.32715e+00   2.28885e-01   3.27192e-05  -2.54266e-03
   3  phi_CBO      9.39993e-01   3.52653e+00   2.41369e-03   3.31792e-05
 EXTERNAL ERROR MATRIX.    NDIM=  25    NPAR=  3    ERR DEF=1
  1.817e-03 -4.217e-04 -1.539e-01 
 -4.217e-04  5.717e-02  2.063e+01 
 -1.539e-01  2.063e+01  7.571e+03 
 PARAMETER  CORRELATION COEFFICIENTS  
       NO.  GLOBAL      1      2      3
        1  0.04154   1.000 -0.041 -0.042
        2  0.99175  -0.041  1.000  0.992
        3  0.99175  -0.042  0.992  1.000
setting A_CBO=0.003814 w_CBO=2.327154, phi_CBO=0.939993
done fitting cbo isolate
 **********
 **    1 **SET PRINTOUT            1
 **********
 **********
 **    2 **SET NOWARNINGS 
 **********
 PARAMETER DEFINITIONS:
    NO.   NAME         VALUE      STEP SIZE      LIMITS
     1 N0           3.08861e+06  1.00000e+02     no limits
     2 tau          6.44002e+01  constant
     3 A0           3.48093e-01  1.00000e-04     no limits
     4 phi          4.13197e+00  1.00000e-02     no limits
     5 R           -6.02574e+01  constant
     6 A_CBO        3.81405e-03  1.00000e-05     no limits
     7 w_CBO        2.32715e+00  1.00000e-03     no limits
     8 phi_CBO      9.39993e-01  1.00000e-04     no limits
     9 ANx2         2.45054e-04  constant
    10 pNx2         5.52114e+00  constant
    11 ANy1         0.00000e+00  constant
    12 pNy1         0.00000e+00  constant
    13 w_y          0.00000e+00  constant
    14 ANy2         1.46670e-02  1.00000e-04     no limits
    15 pNy2         3.05066e+00  constant
    16 w_vw         1.43134e+01  constant
    17 LM          -3.45580e-05  constant
    18 wCBO_expCoeff   2.00000e+02  1.00000e+00     no limits
    19 wCBO_expOffset   2.00000e+02  1.00000e+00     no limits
    20 wCBO_expT    3.00000e+01  1.00000e+00     no limits
    21 wCBO_linCoeff   0.00000e+00  constant
    22 wCBO_const   0.00000e+00  1.00000e-02     no limits
MINUIT - FIT ONLY WIGGLE
 **********
 **    3 **FIX            5
 **********
 PARAMETER    5  IS CONSTANT.   IGNORED.
 **********
 **    4 **FIX            6
 **********
 **********
 **    5 **FIX            7
 **********
 **********
 **    6 **FIX            8
 **********
 **********
 **    7 **FIX            9
 **********
 PARAMETER    9  IS CONSTANT.   IGNORED.
 **********
 **    8 **FIX           10
 **********
 PARAMETER   10  IS CONSTANT.   IGNORED.
 **********
 **    9 **FIX           11
 **********
 PARAMETER   11  IS CONSTANT.   IGNORED.
 **********
 **   10 **FIX           12
 **********
 PARAMETER   12  IS CONSTANT.   IGNORED.
 **********
 **   11 **FIX           13
 **********
 PARAMETER   13  IS CONSTANT.   IGNORED.
 **********
 **   12 **FIX           14
 **********
 **********
 **   13 **FIX           15
 **********
 PARAMETER   15  IS CONSTANT.   IGNORED.
 **********
 **   14 **FIX           16
 **********
 PARAMETER   16  IS CONSTANT.   IGNORED.
 **********
 **   15 **MIGRAD
 **********
 FIRST CALL TO USER FUNCTION AT NEW START POINT, WITH IFLAG=4.
 START MIGRAD MINIMIZATION.  STRATEGY  1.  CONVERGENCE WHEN EDM .LT. 1.00e-04
 FCN=1648.01 FROM MIGRAD    STATUS=INITIATE       58 CALLS          59 TOTAL
                     EDM= unknown      STRATEGY= 1      NO ERROR MATRIX       
  EXT PARAMETER               CURRENT GUESS       STEP         FIRST   
  NO.   NAME      VALUE            ERROR          SIZE      DERIVATIVE 
   1  N0           3.08861e+06   1.00000e+02   0.00000e+00   1.75318e-03
   2  tau          6.44002e+01   constant   
   3  A0           3.48093e-01   1.00000e-04   0.00000e+00   1.09063e+03
   4  phi          4.13197e+00   1.00000e-02   0.00000e+00   6.98430e+02
   5  R           -6.02574e+01   constant   
   6  A_CBO        3.81405e-03     fixed    
   7  w_CBO        2.32715e+00     fixed    
   8  phi_CBO      9.39993e-01     fixed    
   9  ANx2         2.45054e-04   constant   
  10  pNx2         5.52114e+00   constant   
  11  ANy1         0.00000e+00   constant   
  12  pNy1         0.00000e+00   constant   
  13  w_y          0.00000e+00   constant   
  14  ANy2         1.46670e-02     fixed    
  15  pNy2         3.05066e+00   constant   
  16  w_vw         1.43134e+01   constant   
  17  LM          -3.45580e-05   constant   
  18  wCBO_expCoeff   1.99944e+02   1.00000e+00  -5.55205e-02   7.21501e+01
  19  wCBO_expOffset   2.00000e+02   1.00000e+00   0.00000e+00   4.80606e+02
  20  wCBO_expT    3.00000e+01   1.00000e+00   0.00000e+00  -1.42317e+03
  21  wCBO_linCoeff   0.00000e+00   constant   
  22  wCBO_const   0.00000e+00   1.00000e-02   0.00000e+00  -5.00745e+03
 MIGRAD MINIMIZATION HAS CONVERGED.
 FCN=1571.45 FROM MIGRAD    STATUS=CONVERGED     277 CALLS         278 TOTAL
                     EDM=2.8121e-08    STRATEGY= 1  ERROR MATRIX UNCERTAINTY   0.7 per cent
  EXT PARAMETER                                   STEP         FIRST   
  NO.   NAME      VALUE            ERROR          SIZE      DERIVATIVE 
   1  N0           3.08801e+06   9.26526e+02   1.88908e+00   1.84751e-07
   2  tau          6.44002e+01   constant   
   3  A0           3.47913e-01   4.04343e-04  -2.19427e-07  -2.24141e-01
   4  phi          4.13175e+00   1.18014e-03  -4.83007e-07  -1.00951e-02
   5  R           -6.02574e+01   constant   
   6  A_CBO        3.81405e-03     fixed    
   7  w_CBO        2.32715e+00     fixed    
   8  phi_CBO      9.39993e-01     fixed    
   9  ANx2         2.45054e-04   constant   
  10  pNx2         5.52114e+00   constant   
  11  ANy1         0.00000e+00   constant   
  12  pNy1         0.00000e+00   constant   
  13  w_y          0.00000e+00   constant   
  14  ANy2         1.46670e-02     fixed    
  15  pNy2         3.05066e+00   constant   
  16  w_vw         1.43134e+01   constant   
  17  LM          -3.45580e-05   constant   
  18  wCBO_expCoeff   2.00032e+02   3.22271e-02   8.01457e-05  -3.12981e-03
  19  wCBO_expOffset   2.00013e+02   4.81468e-03   1.19151e-05   1.49261e-01
  20  wCBO_expT    2.99840e+01   3.60519e-03  -8.26707e-06   9.45129e-02
  21  wCBO_linCoeff   0.00000e+00   constant   
  22  wCBO_const   6.65225e-03   5.20972e-04   2.10451e-07  -4.66240e-01
 EXTERNAL ERROR MATRIX.    NDIM=  25    NPAR=  7    ERR DEF=1
  8.584e+05 -7.924e-03 -3.990e-03 -6.234e-01 -1.032e-01  1.184e-01 -3.479e-02 
 -7.924e-03  1.635e-07 -2.518e-09  1.370e-06  2.063e-07 -1.550e-07  1.798e-08 
 -3.990e-03 -2.518e-09  1.393e-06  1.890e-08  5.212e-09 -4.754e-08  2.600e-08 
 -6.234e-01  1.370e-06  1.890e-08  1.039e-03  1.485e-04 -1.136e-04  1.262e-05 
 -1.032e-01  2.063e-07  5.212e-09  1.485e-04  2.318e-05 -1.697e-05  1.888e-06 
  1.184e-01 -1.550e-07 -4.754e-08 -1.136e-04 -1.697e-05  1.300e-05 -1.565e-06 
 -3.479e-02  1.798e-08  2.600e-08  1.262e-05  1.888e-06 -1.565e-06  2.714e-07 
 PARAMETER  CORRELATION COEFFICIENTS  
       NO.  GLOBAL      1      3      4     18     19     20     22
        1  0.09598   1.000 -0.021 -0.004 -0.021 -0.023  0.035 -0.072
        3  0.10864  -0.021  1.000 -0.005  0.105  0.106 -0.106  0.085
        4  0.07067  -0.004 -0.005  1.000  0.000  0.001 -0.011  0.042
       18  0.98702  -0.021  0.105  0.000  1.000  0.957 -0.978  0.752
       19  0.98682  -0.023  0.106  0.001  0.957  1.000 -0.978  0.753
       20  0.99654   0.035 -0.106 -0.011 -0.978 -0.978  1.000 -0.833
       22  0.93373  -0.072  0.085  0.042  0.752  0.753 -0.833  1.000
MINUIT - FIT ONLY 1-CBO + other amplitudes 
 **********
 **   16 **RES 
 **********
                   PARAMETER   14  ANy2 RESTORED TO VARIABLE.
                   PARAMETER    8  phi_CBO RESTORED TO VARIABLE.
                   PARAMETER    7  w_CBO RESTORED TO VARIABLE.
                   PARAMETER    6  A_CBO RESTORED TO VARIABLE.
 **********
 **   17 **FIX            0
 **********
 PARAMETER    0  IS UNDEFINED. IGNORED.
 **********
 **   18 **FIX            1
 **********
 **********
 **   19 **FIX            2
 **********
 PARAMETER    2  IS CONSTANT.   IGNORED.
 **********
 **   20 **FIX            3
 **********
 **********
 **   21 **FIX            4
 **********
 **********
 **   22 **FIX            9
 **********
 PARAMETER    9  IS CONSTANT.   IGNORED.
 **********
 **   23 **FIX           11
 **********
 PARAMETER   11  IS CONSTANT.   IGNORED.
 **********
 **   24 **FIX           12
 **********
 PARAMETER   12  IS CONSTANT.   IGNORED.
 **********
 **   25 **FIX           14
 **********
 **********
 **   26 **FIX           15
 **********
 PARAMETER   15  IS CONSTANT.   IGNORED.
 **********
 **   27 **FIX           16
 **********
 PARAMETER   16  IS CONSTANT.   IGNORED.
 **********
 **   28 **MIGRAD
 **********
 START MIGRAD MINIMIZATION.  STRATEGY  1.  CONVERGENCE WHEN EDM .LT. 1.00e-04
 FCN=1571.45 FROM MIGRAD    STATUS=INITIATE       22 CALLS         300 TOTAL
                     EDM= unknown      STRATEGY= 1      NO ERROR MATRIX       
  EXT PARAMETER               CURRENT GUESS       STEP         FIRST   
  NO.   NAME      VALUE            ERROR          SIZE      DERIVATIVE 
   1  N0           3.08801e+06     fixed    
   2  tau          6.44002e+01   constant   
   3  A0           3.47913e-01     fixed    
   4  phi          4.13175e+00     fixed    
   5  R           -6.02574e+01   constant   
   6  A_CBO        3.81405e-03   1.00000e-05   1.00000e-05   1.59937e+04
   7  w_CBO        2.32715e+00   1.00000e-03   1.00000e-03  -4.68992e-01
   8  phi_CBO      9.39993e-01   1.00000e-04   1.00000e-04  -6.48898e-01
   9  ANx2         2.45054e-04   constant   
  10  pNx2         5.52114e+00   constant   
  11  ANy1         0.00000e+00   constant   
  12  pNy1         0.00000e+00   constant   
  13  w_y          0.00000e+00   constant   
  14  ANy2         1.46670e-02     fixed    
  15  pNy2         3.05066e+00   constant   
  16  w_vw         1.43134e+01   constant   
  17  LM          -3.45580e-05   constant   
  18  wCBO_expCoeff   2.00032e+02   3.22271e-02   8.01457e-05  -3.12988e-03
  19  wCBO_expOffset   2.00013e+02   4.81468e-03   1.19151e-05   1.49261e-01
  20  wCBO_expT    2.99840e+01   3.60519e-03  -8.26707e-06   9.45129e-02
  21  wCBO_linCoeff   0.00000e+00   constant   
  22  wCBO_const   6.65225e-03   5.20972e-04   2.10451e-07  -4.66237e-01
 MIGRAD MINIMIZATION HAS CONVERGED.
 MIGRAD WILL VERIFY CONVERGENCE AND ERROR MATRIX.
 FCN=1557.11 FROM MIGRAD    STATUS=CONVERGED     262 CALLS         540 TOTAL
                     EDM=4.77712e-08    STRATEGY= 1      ERR MATRIX NOT POS-DEF
  EXT PARAMETER                APPROXIMATE        STEP         FIRST   
  NO.   NAME      VALUE            ERROR          SIZE      DERIVATIVE 
   1  N0           3.08801e+06     fixed    
   2  tau          6.44002e+01   constant   
   3  A0           3.47913e-01     fixed    
   4  phi          4.13175e+00     fixed    
   5  R           -6.02574e+01   constant   
   6  A_CBO        2.40098e-03   4.23259e-04   8.15690e-06   1.18761e-01
   7  w_CBO        2.32712e+00   8.34471e-04   1.44346e-06  -3.00308e+00
   8  phi_CBO      2.49169e+00   5.98887e-01   3.34207e-03   1.52592e-03
   9  ANx2         2.45054e-04   constant   
  10  pNx2         5.52114e+00   constant   
  11  ANy1         0.00000e+00   constant   
  12  pNy1         0.00000e+00   constant   
  13  w_y          0.00000e+00   constant   
  14  ANy2         1.46670e-02     fixed    
  15  pNy2         3.05066e+00   constant   
  16  w_vw         1.43134e+01   constant   
  17  LM          -3.45580e-05   constant   
  18  wCBO_expCoeff   2.00019e+02   7.81390e-02   1.40420e-04  -3.02991e-02
  19  wCBO_expOffset   2.00011e+02   1.21400e-02   9.53728e-05  -2.01944e-01
  20  wCBO_expT    2.99861e+01   2.92325e-03   1.42985e-05  -6.35619e-01
  21  wCBO_linCoeff   0.00000e+00   constant   
  22  wCBO_const   8.28739e-03   8.29156e-04   4.31087e-06  -9.21551e-01
 EXTERNAL ERROR MATRIX.    NDIM=  25    NPAR=  7    ERR DEF=1
  1.791e-07  1.269e-08 -3.311e-06  1.445e-06 -2.886e-07 -2.419e-08 -1.091e-08 
  1.269e-08  6.963e-07  7.230e-06 -2.332e-05 -4.122e-06 -4.919e-07 -2.411e-07 
 -3.311e-06  7.230e-06  3.587e-01 -1.237e-03  2.759e-05  1.633e-04  3.599e-04 
  1.445e-06 -2.332e-05 -1.237e-03  6.106e-03 -4.730e-04 -5.115e-05  1.355e-05 
 -2.886e-07 -4.122e-06  2.759e-05 -4.730e-04  1.474e-04 -8.407e-06  2.623e-06 
 -2.419e-08 -4.919e-07  1.633e-04 -5.115e-05 -8.407e-06  8.545e-06 -6.285e-07 
 -1.091e-08 -2.411e-07  3.599e-04  1.355e-05  2.623e-06 -6.285e-07  6.875e-07 
ERR MATRIX NOT POS-DEF
 PARAMETER  CORRELATION COEFFICIENTS  
       NO.  GLOBAL      6      7      8     18     19     20     22
        6  0.08096   1.000  0.036 -0.013  0.044 -0.056 -0.020 -0.031
        7  0.99599   0.036  1.000  0.014 -0.358 -0.407 -0.202 -0.348
        8  0.95743  -0.013  0.014  1.000 -0.026  0.004  0.093  0.725
       18  0.99567   0.044 -0.358 -0.026  1.000 -0.499 -0.224  0.209
       19  0.99597  -0.056 -0.407  0.004 -0.499  1.000 -0.237  0.261
       20  0.99289  -0.020 -0.202  0.093 -0.224 -0.237  1.000 -0.259
       22  0.96316  -0.031 -0.348  0.725  0.209  0.261 -0.259  1.000
 ERR MATRIX NOT POS-DEF
MINUIT - FIT ONLY 1-CBO
 **********
 **   29 **RES 
 **********
                   PARAMETER   14  ANy2 RESTORED TO VARIABLE.
                   PARAMETER    4  phi RESTORED TO VARIABLE.
                   PARAMETER    3  A0 RESTORED TO VARIABLE.
                   PARAMETER    1  N0 RESTORED TO VARIABLE.
 **********
 **   30 **FIX            0
 **********
 PARAMETER    0  IS UNDEFINED. IGNORED.
 **********
 **   31 **FIX            1
 **********
 **********
 **   32 **FIX            2
 **********
 PARAMETER    2  IS CONSTANT.   IGNORED.
 **********
 **   33 **FIX            3
 **********
 **********
 **   34 **FIX            4
 **********
 **********
 **   35 **FIX            8
 **********
 **********
 **   36 **FIX            9
 **********
 PARAMETER    9  IS CONSTANT.   IGNORED.
 **********
 **   37 **FIX           11
 **********
 PARAMETER   11  IS CONSTANT.   IGNORED.
 **********
 **   38 **FIX           12
 **********
 PARAMETER   12  IS CONSTANT.   IGNORED.
 **********
 **   39 **FIX           13
 **********
 PARAMETER   13  IS CONSTANT.   IGNORED.
 **********
 **   40 **FIX           15
 **********
 PARAMETER   15  IS CONSTANT.   IGNORED.
 **********
 **   41 **FIX           16
 **********
 PARAMETER   16  IS CONSTANT.   IGNORED.
 **********
 **   42 **MIGRAD
 **********
 START MIGRAD MINIMIZATION.  STRATEGY  1.  CONVERGENCE WHEN EDM .LT. 1.00e-04
 FCN=1557.11 FROM MIGRAD    STATUS=INITIATE       16 CALLS         556 TOTAL
                     EDM= unknown      STRATEGY= 1      NO ERROR MATRIX       
  EXT PARAMETER               CURRENT GUESS       STEP         FIRST   
  NO.   NAME      VALUE            ERROR          SIZE      DERIVATIVE 
   1  N0           3.08801e+06     fixed    
   2  tau          6.44002e+01   constant   
   3  A0           3.47913e-01     fixed    
   4  phi          4.13175e+00     fixed    
   5  R           -6.02574e+01   constant   
   6  A_CBO        2.40098e-03   4.23259e-04   8.15690e-06   1.18761e-01
   7  w_CBO        2.32712e+00   8.34471e-04   1.44346e-06  -2.98537e+00
   8  phi_CBO      2.49169e+00     fixed    
   9  ANx2         2.45054e-04   constant   
  10  pNx2         5.52114e+00   constant   
  11  ANy1         0.00000e+00   constant   
  12  pNy1         0.00000e+00   constant   
  13  w_y          0.00000e+00   constant   
  14  ANy2         1.46670e-02   1.00000e-04   1.00000e-04   1.60810e+05
  15  pNy2         3.05066e+00   constant   
  16  w_vw         1.43134e+01   constant   
  17  LM          -3.45580e-05   constant   
  18  wCBO_expCoeff   2.00019e+02   7.81390e-02   1.40420e-04  -3.00630e-02
  19  wCBO_expOffset   2.00011e+02   1.21400e-02   9.53728e-05  -1.65551e-01
  20  wCBO_expT    2.99861e+01   2.92325e-03   1.42985e-05  -6.26554e-01
  21  wCBO_linCoeff   0.00000e+00   constant   
  22  wCBO_const   8.28739e-03   8.29156e-04   4.31087e-06  -9.23250e-01
 MIGRAD MINIMIZATION HAS CONVERGED.
 MIGRAD WILL VERIFY CONVERGENCE AND ERROR MATRIX.
 COVARIANCE MATRIX CALCULATED SUCCESSFULLY
 FCN=399.592 FROM MIGRAD    STATUS=CONVERGED     245 CALLS         785 TOTAL
                     EDM=2.95241e-07    STRATEGY= 1      ERROR MATRIX ACCURATE 
  EXT PARAMETER                                   STEP         FIRST   
  NO.   NAME      VALUE            ERROR          SIZE      DERIVATIVE 
   1  N0           3.08801e+06     fixed    
   2  tau          6.44002e+01   constant   
   3  A0           3.47913e-01     fixed    
   4  phi          4.13175e+00     fixed    
   5  R           -6.02574e+01   constant   
   6  A_CBO        6.88613e-04   4.31019e-04   4.09293e-06  -5.54078e-01
   7  w_CBO        2.32728e+00   2.66515e-03   1.89284e-06  -2.76431e-01
   8  phi_CBO      2.49169e+00     fixed    
   9  ANx2         2.45054e-04   constant   
  10  pNx2         5.52114e+00   constant   
  11  ANy1         0.00000e+00   constant   
  12  pNy1         0.00000e+00   constant   
  13  w_y          0.00000e+00   constant   
  14  ANy2         2.62713e-04   4.23925e-04   4.10451e-06  -7.96604e-01
  15  pNy2         3.05066e+00   constant   
  16  w_vw         1.43134e+01   constant   
  17  LM          -3.45580e-05   constant   
  18  wCBO_expCoeff   2.00035e+02   2.35306e-01   1.80550e-04  -5.18190e-03
  19  wCBO_expOffset   2.00014e+02   2.29639e-02   9.53739e-05  -3.50817e-02
  20  wCBO_expT    2.99823e+01   8.42542e-03   1.42967e-05  -8.88758e-03
  21  wCBO_linCoeff   0.00000e+00   constant   
  22  wCBO_const   8.74736e-03   1.48331e-03   6.16221e-06   3.89790e-01
 EXTERNAL ERROR MATRIX.    NDIM=  25    NPAR=  7    ERR DEF=1
  1.858e-07 -7.401e-09  2.112e-08 -8.322e-07 -3.442e-07  2.963e-07 -1.771e-08 
 -7.401e-09  7.103e-06 -1.233e-08 -3.924e-04 -1.615e-05 -5.977e-06 -2.697e-06 
  2.112e-08 -1.233e-08  1.797e-07 -1.230e-06 -9.519e-08  1.906e-07 -4.359e-09 
 -8.322e-07 -3.924e-04 -1.230e-06  5.537e-02 -1.615e-03 -5.874e-04  2.066e-04 
 -3.442e-07 -1.615e-05 -9.519e-08 -1.615e-03  5.273e-04 -2.688e-05  8.530e-06 
  2.963e-07 -5.977e-06  1.906e-07 -5.874e-04 -2.688e-05  7.099e-05 -2.737e-06 
 -1.771e-08 -2.697e-06 -4.359e-09  2.066e-04  8.530e-06 -2.737e-06  2.200e-06 
 PARAMETER  CORRELATION COEFFICIENTS  
       NO.  GLOBAL      6      7     14     18     19     20     22
        6  0.23640   1.000 -0.006  0.116 -0.008 -0.035  0.082 -0.028
        7  0.99735  -0.006  1.000 -0.011 -0.626 -0.264 -0.266 -0.682
       14  0.13593   0.116 -0.011  1.000 -0.012 -0.010  0.053 -0.007
       18  0.99691  -0.008 -0.626 -0.012  1.000 -0.299 -0.296  0.592
       19  0.99269  -0.035 -0.264 -0.010 -0.299  1.000 -0.139  0.250
       20  0.99384   0.082 -0.266  0.053 -0.296 -0.139  1.000 -0.219
       22  0.90520  -0.028 -0.682 -0.007  0.592  0.250 -0.219  1.000
MINUIT - FIT ONLY 2-CBO
 **********
 **   43 **RES 
 **********
                   PARAMETER    8  phi_CBO RESTORED TO VARIABLE.
                   PARAMETER    4  phi RESTORED TO VARIABLE.
                   PARAMETER    3  A0 RESTORED TO VARIABLE.
                   PARAMETER    1  N0 RESTORED TO VARIABLE.
 **********
 **   44 **FIX            0
 **********
 PARAMETER    0  IS UNDEFINED. IGNORED.
 **********
 **   45 **FIX            1
 **********
 **********
 **   46 **FIX            2
 **********
 PARAMETER    2  IS CONSTANT.   IGNORED.
 **********
 **   47 **FIX            3
 **********
 **********
 **   48 **FIX            4
 **********
 **********
 **   49 **FIX            5
 **********
 PARAMETER    5  IS CONSTANT.   IGNORED.
 **********
 **   50 **FIX            6
 **********
 **********
 **   51 **FIX            7
 **********
 **********
 **   52 **FIX           10
 **********
 PARAMETER   10  IS CONSTANT.   IGNORED.
 **********
 **   53 **FIX           11
 **********
 PARAMETER   11  IS CONSTANT.   IGNORED.
 **********
 **   54 **FIX           12
 **********
 PARAMETER   12  IS CONSTANT.   IGNORED.
 **********
 **   55 **FIX           13
 **********
 PARAMETER   13  IS CONSTANT.   IGNORED.
 **********
 **   56 **FIX           14
 **********
 **********
 **   57 **FIX           15
 **********
 PARAMETER   15  IS CONSTANT.   IGNORED.
 **********
 **   58 **FIX           16
 **********
 PARAMETER   16  IS CONSTANT.   IGNORED.
 **********
 **   59 **MIGRAD
 **********
 START MIGRAD MINIMIZATION.  STRATEGY  1.  CONVERGENCE WHEN EDM .LT. 1.00e-04
 FCN=399.592 FROM MIGRAD    STATUS=INITIATE       12 CALLS         797 TOTAL
                     EDM= unknown      STRATEGY= 1      NO ERROR MATRIX       
  EXT PARAMETER               CURRENT GUESS       STEP         FIRST   
  NO.   NAME      VALUE            ERROR          SIZE      DERIVATIVE 
   1  N0           3.08801e+06     fixed    
   2  tau          6.44002e+01   constant   
   3  A0           3.47913e-01     fixed    
   4  phi          4.13175e+00     fixed    
   5  R           -6.02574e+01   constant   
   6  A_CBO        6.88613e-04     fixed    
   7  w_CBO        2.32728e+00     fixed    
   8  phi_CBO      2.49169e+00   5.98887e-01   5.98887e-01   9.10093e-01
   9  ANx2         2.45054e-04   constant   
  10  pNx2         5.52114e+00   constant   
  11  ANy1         0.00000e+00   constant   
  12  pNy1         0.00000e+00   constant   
  13  w_y          0.00000e+00   constant   
  14  ANy2         2.62713e-04     fixed    
  15  pNy2         3.05066e+00   constant   
  16  w_vw         1.43134e+01   constant   
  17  LM          -3.45580e-05   constant   
  18  wCBO_expCoeff   2.00035e+02   2.35306e-01   1.80550e-04  -5.35576e-03
  19  wCBO_expOffset   2.00014e+02   2.29639e-02   9.53739e-05  -8.66624e-02
  20  wCBO_expT    2.99823e+01   8.42542e-03   1.42967e-05  -2.84252e-02
  21  wCBO_linCoeff   0.00000e+00   constant   
  22  wCBO_const   8.74736e-03   1.48331e-03   6.16221e-06   3.86901e-01
 MIGRAD MINIMIZATION HAS CONVERGED.
 FCN=399.373 FROM MIGRAD    STATUS=CONVERGED      98 CALLS         883 TOTAL
                     EDM=6.91021e-08    STRATEGY= 1  ERROR MATRIX UNCERTAINTY   3.0 per cent
  EXT PARAMETER                                   STEP         FIRST   
  NO.   NAME      VALUE            ERROR          SIZE      DERIVATIVE 
   1  N0           3.08801e+06     fixed    
   2  tau          6.44002e+01   constant   
   3  A0           3.47913e-01     fixed    
   4  phi          4.13175e+00     fixed    
   5  R           -6.02574e+01   constant   
   6  A_CBO        6.88613e-04     fixed    
   7  w_CBO        2.32728e+00     fixed    
   8  phi_CBO      2.02557e+00   9.93098e-01   6.57799e-03  -3.37593e-05
   9  ANx2         2.45054e-04   constant   
  10  pNx2         5.52114e+00   constant   
  11  ANy1         0.00000e+00   constant   
  12  pNy1         0.00000e+00   constant   
  13  w_y          0.00000e+00   constant   
  14  ANy2         2.62713e-04     fixed    
  15  pNy2         3.05066e+00   constant   
  16  w_vw         1.43134e+01   constant   
  17  LM          -3.45580e-05   constant   
  18  wCBO_expCoeff   2.00049e+02   1.08813e-01  -2.01604e-04   8.57986e-03
  19  wCBO_expOffset   2.00016e+02   1.63632e-02  -3.03179e-05   5.06577e-02
  20  wCBO_expT    2.99806e+01   1.21589e-02   2.72910e-05   1.91629e-01
  21  wCBO_linCoeff   0.00000e+00   constant   
  22  wCBO_const   8.57305e-03   1.54060e-03  -1.10274e-06   4.96596e-01
 EXTERNAL ERROR MATRIX.    NDIM=  25    NPAR=  5    ERR DEF=1
  9.862e-01 -2.219e-02 -3.335e-03  2.649e-03  4.686e-04 
 -2.219e-02  1.184e-02  1.729e-03 -1.304e-03  9.757e-05 
 -3.335e-03  1.729e-03  2.678e-04 -1.961e-04  1.468e-05 
  2.649e-03 -1.304e-03 -1.961e-04  1.478e-04 -1.202e-05 
  4.686e-04  9.757e-05  1.468e-05 -1.202e-05  2.373e-06 
 PARAMETER  CORRELATION COEFFICIENTS  
       NO.  GLOBAL      8     18     19     20     22
        8  0.78802   1.000 -0.205 -0.205  0.219  0.306
       18  0.99108  -0.205  1.000  0.971 -0.985  0.582
       19  0.99113  -0.205  0.971  1.000 -0.985  0.582
       20  0.99737   0.219 -0.985 -0.985  1.000 -0.642
       22  0.91280   0.306  0.582  0.582 -0.642  1.000
MINUIT - FIT ONLY 1-y
 **********
 **   60 **RES 
 **********
                   PARAMETER   14  ANy2 RESTORED TO VARIABLE.
                   PARAMETER    7  w_CBO RESTORED TO VARIABLE.
                   PARAMETER    6  A_CBO RESTORED TO VARIABLE.
                   PARAMETER    4  phi RESTORED TO VARIABLE.
                   PARAMETER    3  A0 RESTORED TO VARIABLE.
                   PARAMETER    1  N0 RESTORED TO VARIABLE.
 **********
 **   61 **FIX            0
 **********
 PARAMETER    0  IS UNDEFINED. IGNORED.
 **********
 **   62 **FIX            1
 **********
 **********
 **   63 **FIX            2
 **********
 PARAMETER    2  IS CONSTANT.   IGNORED.
 **********
 **   64 **FIX            3
 **********
 **********
 **   65 **FIX            4
 **********
 **********
 **   66 **FIX            5
 **********
 PARAMETER    5  IS CONSTANT.   IGNORED.
 **********
 **   67 **FIX            6
 **********
 **********
 **   68 **FIX            7
 **********
 **********
 **   69 **FIX            8
 **********
 **********
 **   70 **FIX            9
 **********
 PARAMETER    9  IS CONSTANT.   IGNORED.
 **********
 **   71 **FIX           13
 **********
 PARAMETER   13  IS CONSTANT.   IGNORED.
 **********
 **   72 **FIX           14
 **********
 **********
 **   73 **FIX           15
 **********
 PARAMETER   15  IS CONSTANT.   IGNORED.
 **********
 **   74 **FIX           16
 **********
 PARAMETER   16  IS CONSTANT.   IGNORED.
 **********
 **   75 **MIGRAD
 **********
 START MIGRAD MINIMIZATION.  STRATEGY  1.  CONVERGENCE WHEN EDM .LT. 1.00e-04
 FCN=399.373 FROM MIGRAD    STATUS=INITIATE        8 CALLS         891 TOTAL
                     EDM= unknown      STRATEGY= 1      NO ERROR MATRIX       
  EXT PARAMETER               CURRENT GUESS       STEP         FIRST   
  NO.   NAME      VALUE            ERROR          SIZE      DERIVATIVE 
   1  N0           3.08801e+06     fixed    
   2  tau          6.44002e+01   constant   
   3  A0           3.47913e-01     fixed    
   4  phi          4.13175e+00     fixed    
   5  R           -6.02574e+01   constant   
   6  A_CBO        6.88613e-04     fixed    
   7  w_CBO        2.32728e+00     fixed    
   8  phi_CBO      2.02557e+00     fixed    
   9  ANx2         2.45054e-04   constant   
  10  pNx2         5.52114e+00   constant   
  11  ANy1         0.00000e+00   constant   
  12  pNy1         0.00000e+00   constant   
  13  w_y          0.00000e+00   constant   
  14  ANy2         2.62713e-04     fixed    
  15  pNy2         3.05066e+00   constant   
  16  w_vw         1.43134e+01   constant   
  17  LM          -3.45580e-05   constant   
  18  wCBO_expCoeff   2.00049e+02   1.08813e-01  -2.01604e-04   8.57982e-03
  19  wCBO_expOffset   2.00016e+02   1.63632e-02  -3.03179e-05   5.06577e-02
  20  wCBO_expT    2.99806e+01   1.21589e-02   2.72910e-05   1.91629e-01
  21  wCBO_linCoeff   0.00000e+00   constant   
  22  wCBO_const   8.57305e-03   1.54060e-03  -1.10274e-06   4.96600e-01
 MIGRAD MINIMIZATION HAS CONVERGED.
 MIGRAD WILL VERIFY CONVERGENCE AND ERROR MATRIX.
 COVARIANCE MATRIX CALCULATED SUCCESSFULLY
 FCN=399.373 FROM MIGRAD    STATUS=CONVERGED      43 CALLS         926 TOTAL
                     EDM=2.64826e-08    STRATEGY= 1      ERROR MATRIX ACCURATE 
  EXT PARAMETER                                   STEP         FIRST   
  NO.   NAME      VALUE            ERROR          SIZE      DERIVATIVE 
   1  N0           3.08801e+06     fixed    
   2  tau          6.44002e+01   constant   
   3  A0           3.47913e-01     fixed    
   4  phi          4.13175e+00     fixed    
   5  R           -6.02574e+01   constant   
   6  A_CBO        6.88613e-04     fixed    
   7  w_CBO        2.32728e+00     fixed    
   8  phi_CBO      2.02557e+00     fixed    
   9  ANx2         2.45054e-04   constant   
  10  pNx2         5.52114e+00   constant   
  11  ANy1         0.00000e+00   constant   
  12  pNy1         0.00000e+00   constant   
  13  w_y          0.00000e+00   constant   
  14  ANy2         2.62713e-04     fixed    
  15  pNy2         3.05066e+00   constant   
  16  w_vw         1.43134e+01   constant   
  17  LM          -3.45580e-05   constant   
  18  wCBO_expCoeff   2.00049e+02   3.86810e-01   1.69498e-04  -3.79215e-03
  19  wCBO_expOffset   2.00016e+02   5.36045e-02   9.53749e-05  -2.53341e-02
  20  wCBO_expT    2.99806e+01   1.10105e-02   1.42959e-05  -5.97516e-02
  21  wCBO_linCoeff   0.00000e+00   constant   
  22  wCBO_const   8.57302e-03   1.36284e-03   5.94377e-06   1.51529e-01
 EXTERNAL ERROR MATRIX.    NDIM=  25    NPAR=  4    ERR DEF=1
  1.496e-01 -1.790e-02 -1.683e-03  1.451e-04 
 -1.790e-02  2.873e-03 -6.975e-05  5.628e-06 
 -1.683e-03 -6.975e-05  1.212e-04 -1.127e-05 
  1.451e-04  5.628e-06 -1.127e-05  1.857e-06 
 PARAMETER  CORRELATION COEFFICIENTS  
       NO.  GLOBAL     18     19     20     22
       18  0.99899   1.000 -0.863 -0.395  0.275
       19  0.99882  -0.863  1.000 -0.118  0.077
       20  0.99683  -0.395 -0.118  1.000 -0.751
       22  0.89484   0.275  0.077 -0.751  1.000
MINUIT - FIT ONLY 2-y
 **********
 **   76 **RES 
 **********
                   PARAMETER   14  ANy2 RESTORED TO VARIABLE.
                   PARAMETER    8  phi_CBO RESTORED TO VARIABLE.
                   PARAMETER    7  w_CBO RESTORED TO VARIABLE.
                   PARAMETER    6  A_CBO RESTORED TO VARIABLE.
                   PARAMETER    4  phi RESTORED TO VARIABLE.
                   PARAMETER    3  A0 RESTORED TO VARIABLE.
                   PARAMETER    1  N0 RESTORED TO VARIABLE.
 **********
 **   77 **FIX            0
 **********
 PARAMETER    0  IS UNDEFINED. IGNORED.
 **********
 **   78 **FIX            1
 **********
 **********
 **   79 **FIX            2
 **********
 PARAMETER    2  IS CONSTANT.   IGNORED.
 **********
 **   80 **FIX            3
 **********
 **********
 **   81 **FIX            4
 **********
 **********
 **   82 **FIX            5
 **********
 PARAMETER    5  IS CONSTANT.   IGNORED.
 **********
 **   83 **FIX            6
 **********
 **********
 **   84 **FIX            7
 **********
 **********
 **   85 **FIX            8
 **********
 **********
 **   86 **FIX            9
 **********
 PARAMETER    9  IS CONSTANT.   IGNORED.
 **********
 **   87 **FIX           10
 **********
 PARAMETER   10  IS CONSTANT.   IGNORED.
 **********
 **   88 **FIX           11
 **********
 PARAMETER   11  IS CONSTANT.   IGNORED.
 **********
 **   89 **FIX           12
 **********
 PARAMETER   12  IS CONSTANT.   IGNORED.
 **********
 **   90 **FIX           16
 **********
 PARAMETER   16  IS CONSTANT.   IGNORED.
 **********
 **   91 **MIGRAD
 **********
 START MIGRAD MINIMIZATION.  STRATEGY  1.  CONVERGENCE WHEN EDM .LT. 1.00e-04
 FCN=399.373 FROM MIGRAD    STATUS=INITIATE       10 CALLS         936 TOTAL
                     EDM= unknown      STRATEGY= 1      NO ERROR MATRIX       
  EXT PARAMETER               CURRENT GUESS       STEP         FIRST   
  NO.   NAME      VALUE            ERROR          SIZE      DERIVATIVE 
   1  N0           3.08801e+06     fixed    
   2  tau          6.44002e+01   constant   
   3  A0           3.47913e-01     fixed    
   4  phi          4.13175e+00     fixed    
   5  R           -6.02574e+01   constant   
   6  A_CBO        6.88613e-04     fixed    
   7  w_CBO        2.32728e+00     fixed    
   8  phi_CBO      2.02557e+00     fixed    
   9  ANx2         2.45054e-04   constant   
  10  pNx2         5.52114e+00   constant   
  11  ANy1         0.00000e+00   constant   
  12  pNy1         0.00000e+00   constant   
  13  w_y          0.00000e+00   constant   
  14  ANy2         2.62713e-04   4.23925e-04   4.23925e-04   2.16563e+01
  15  pNy2         3.05066e+00   constant   
  16  w_vw         1.43134e+01   constant   
  17  LM          -3.45580e-05   constant   
  18  wCBO_expCoeff   2.00049e+02   3.86810e-01   1.69498e-04  -3.86189e-03
  19  wCBO_expOffset   2.00016e+02   5.36045e-02   9.53749e-05  -3.23463e-02
  20  wCBO_expT    2.99806e+01   1.10105e-02   1.42959e-05  -6.08447e-02
  21  wCBO_linCoeff   0.00000e+00   constant   
  22  wCBO_const   8.57302e-03   1.36284e-03   5.94377e-06   1.56580e-01
 MIGRAD MINIMIZATION HAS CONVERGED.
 MIGRAD WILL VERIFY CONVERGENCE AND ERROR MATRIX.
 COVARIANCE MATRIX CALCULATED SUCCESSFULLY
 FCN=399.373 FROM MIGRAD    STATUS=CONVERGED      52 CALLS         978 TOTAL
                     EDM=2.0218e-07    STRATEGY= 1      ERROR MATRIX ACCURATE 
  EXT PARAMETER                                   STEP         FIRST   
  NO.   NAME      VALUE            ERROR          SIZE      DERIVATIVE 
   1  N0           3.08801e+06     fixed    
   2  tau          6.44002e+01   constant   
   3  A0           3.47913e-01     fixed    
   4  phi          4.13175e+00     fixed    
   5  R           -6.02574e+01   constant   
   6  A_CBO        6.88613e-04     fixed    
   7  w_CBO        2.32728e+00     fixed    
   8  phi_CBO      2.02557e+00     fixed    
   9  ANx2         2.45054e-04   constant   
  10  pNx2         5.52114e+00   constant   
  11  ANy1         0.00000e+00   constant   
  12  pNy1         0.00000e+00   constant   
  13  w_y          0.00000e+00   constant   
  14  ANy2         2.60803e-04   4.20940e-04   4.10340e-06  -1.49307e-02
  15  pNy2         3.05066e+00   constant   
  16  w_vw         1.43134e+01   constant   
  17  LM          -3.45580e-05   constant   
  18  wCBO_expCoeff   2.00049e+02   3.86355e-01   1.69498e-04   2.68981e-02
  19  wCBO_expOffset   2.00016e+02   5.35277e-02   9.53749e-05   1.77743e-01
  20  wCBO_expT    2.99806e+01   1.10226e-02   1.42959e-05   5.77386e-01
  21  wCBO_linCoeff   0.00000e+00   constant   
  22  wCBO_const   8.57299e-03   1.36385e-03   5.94378e-06   6.97933e-01
 EXTERNAL ERROR MATRIX.    NDIM=  25    NPAR=  5    ERR DEF=1
  1.772e-07 -2.350e-06 -2.205e-07  2.351e-07 -2.307e-08 
 -2.350e-06  1.493e-01 -1.784e-02 -1.686e-03  1.454e-04 
 -2.205e-07 -1.784e-02  2.865e-03 -7.000e-05  5.654e-06 
  2.351e-07 -1.686e-03 -7.000e-05  1.215e-04 -1.129e-05 
 -2.307e-08  1.454e-04  5.654e-06 -1.129e-05  1.860e-06 
 PARAMETER  CORRELATION COEFFICIENTS  
       NO.  GLOBAL     14     18     19     20     22
       14  0.06709   1.000 -0.014 -0.010  0.051 -0.040
       18  0.99899  -0.014  1.000 -0.862 -0.396  0.276
       19  0.99882  -0.010 -0.862  1.000 -0.119  0.077
       20  0.99684   0.051 -0.396 -0.119  1.000 -0.751
       22  0.89499  -0.040  0.276  0.077 -0.751  1.000
MINUIT - FIT ALTOGETHER
 **********
 **   92 **RES 
 **********
                   PARAMETER    8  phi_CBO RESTORED TO VARIABLE.
                   PARAMETER    7  w_CBO RESTORED TO VARIABLE.
                   PARAMETER    6  A_CBO RESTORED TO VARIABLE.
                   PARAMETER    4  phi RESTORED TO VARIABLE.
                   PARAMETER    3  A0 RESTORED TO VARIABLE.
                   PARAMETER    1  N0 RESTORED TO VARIABLE.
 **********
 **   93 **MIGRAD
 **********
 START MIGRAD MINIMIZATION.  STRATEGY  1.  CONVERGENCE WHEN EDM .LT. 1.00e-04
 FCN=399.373 FROM MIGRAD    STATUS=INITIATE       22 CALLS        1000 TOTAL
                     EDM= unknown      STRATEGY= 1      NO ERROR MATRIX       
  EXT PARAMETER               CURRENT GUESS       STEP         FIRST   
  NO.   NAME      VALUE            ERROR          SIZE      DERIVATIVE 
   1  N0           3.08801e+06   9.26526e+02   9.26526e+02   1.59973e-04
   2  tau          6.44002e+01   constant   
   3  A0           3.47913e-01   4.04343e-04   4.04343e-04   3.67710e+02
   4  phi          4.13175e+00   1.18014e-03   1.18014e-03   2.43787e+02
   5  R           -6.02574e+01   constant   
   6  A_CBO        6.88613e-04   4.31019e-04   4.31019e-04  -6.25251e+00
   7  w_CBO        2.32728e+00   2.66515e-03   2.66515e-03   2.61259e+00
   8  phi_CBO      2.02557e+00   9.93098e-01   9.93098e-01  -3.09779e-04
   9  ANx2         2.45054e-04   constant   
  10  pNx2         5.52114e+00   constant   
  11  ANy1         0.00000e+00   constant   
  12  pNy1         0.00000e+00   constant   
  13  w_y          0.00000e+00   constant   
  14  ANy2         2.60803e-04   4.20940e-04   4.10340e-06  -1.49305e-02
  15  pNy2         3.05066e+00   constant   
  16  w_vw         1.43134e+01   constant   
  17  LM          -3.45580e-05   constant   
  18  wCBO_expCoeff   2.00049e+02   3.86355e-01   1.69498e-04   2.68280e-02
  19  wCBO_expOffset   2.00016e+02   5.35277e-02   9.53749e-05   1.72411e-01
  20  wCBO_expT    2.99806e+01   1.10226e-02   1.42959e-05   5.76280e-01
  21  wCBO_linCoeff   0.00000e+00   constant   
  22  wCBO_const   8.57299e-03   1.36385e-03   5.94378e-06   7.02982e-01
 MIGRAD MINIMIZATION HAS CONVERGED.
 MIGRAD WILL VERIFY CONVERGENCE AND ERROR MATRIX.
 COVARIANCE MATRIX CALCULATED SUCCESSFULLY
 FCN=399.341 FROM MIGRAD    STATUS=CONVERGED     193 CALLS        1171 TOTAL
                     EDM=6.65914e-05    STRATEGY= 1      ERROR MATRIX ACCURATE 
  EXT PARAMETER                                   STEP         FIRST   
  NO.   NAME      VALUE            ERROR          SIZE      DERIVATIVE 
   1  N0           3.08795e+06   9.17632e+02   8.84490e+00   1.07933e-07
   2  tau          6.44002e+01   constant   
