 + ++++++++++++++++++++++++++++++++++++++++++++++++++++++++++++++++++++ +
 +                                                                      +
 +           You have chose to blind your fitting according to          +
 +                omega_ref * (1 + (R +/- deltaR) *10^{-6})             +
 +                                                                      +
 + ++++++++++++++++++++++++++++++++++++++++++++++++++++++++++++++++++++ +
In main()...
reading format from /gm2data/zkhechad/run45/envelope/formats/formatB_sBin_constraintOn.txt
pBinTau 	= 0  
pBinPhi 	= 0  
constraintau 	= 1 
includeMopTerm 	= 0    
constrainMop    = 0   
Parameters after format file: pBinTau 0 pBinPhi 0 constraintau 1 includeMopTerm 0 constrainMop 0 c_e_scale 0.000000 
reading cbo reference file (full fit) from /gm2data/zkhechad/cboTemplates/Run4CBOTemplates/fullFits/run4/sBin_constraintOn_cE0.0_seed0_run4_calo3.root
A_CBO 0.008872 w_CBO 2.326183 phi_CBO 4.278101 N0 2792933.794534 R -61.131445 tau 64.392950 
Reading cboRef file /gm2data/zkhechad/cboTemplates/Run4CBOTemplates//cboIsolate/run4_calo3.root
deltaT 164.120000
windowBins = 1100
fitting sliding window 2120 from bin 2323 at 346.591600 to bin 3423 at 510.711600 (1100 bins)

Reading data from /gm2data/cornell/histograms/aMethod/histogram_a_run4.root
fitting cbo isolate
 **********
 **    1 **SET PRINTOUT            1
 **********
 **********
 **    2 **SET NOWARNINGS 
 **********
 PARAMETER DEFINITIONS:
    NO.   NAME         VALUE      STEP SIZE      LIMITS
     1 A_CBO        8.87236e-03  1.00000e-05     no limits
     2 w_CBO        2.32618e+00  1.00000e-02    2.00000e+00  3.00000e+00
     3 phi_CBO      4.27810e+00  1.00000e-02    0.00000e+00  6.28319e+00
 **********
 **    3 **MIGRAD
 **********
 FIRST CALL TO USER FUNCTION AT NEW START POINT, WITH IFLAG=4.
 START MIGRAD MINIMIZATION.  STRATEGY  1.  CONVERGENCE WHEN EDM .LT. 1.00e-04
 FCN=0.178165 FROM MIGRAD    STATUS=INITIATE       12 CALLS          13 TOTAL
                     EDM= unknown      STRATEGY= 1      NO ERROR MATRIX       
  EXT PARAMETER               CURRENT GUESS       STEP         FIRST   
  NO.   NAME      VALUE            ERROR          SIZE      DERIVATIVE 
   1  A_CBO        8.87236e-03   1.00000e-05   1.00000e-05   7.59255e+00
   2  w_CBO        2.32618e+00   1.00000e-02   2.13326e-02   1.51620e+00
   3  phi_CBO      4.27810e+00   1.00000e-02   3.41436e-03  -1.82673e-02
 MIGRAD MINIMIZATION HAS CONVERGED.
 MIGRAD WILL VERIFY CONVERGENCE AND ERROR MATRIX.
 COVARIANCE MATRIX CALCULATED SUCCESSFULLY
 FCN=0.151589 FROM HESSE     STATUS=OK             16 CALLS          58 TOTAL
                     EDM=0.000523314    STRATEGY= 1      ERROR MATRIX ACCURATE 
  EXT PARAMETER                                   STEP         FIRST   
  NO.   NAME      VALUE            ERROR          SIZE      DERIVATIVE 
   1  A_CBO        2.07155e-03   4.92477e-02   2.23676e-05  -2.02354e-03
   2  w_CBO        2.32571e+00   3.67766e-01   5.37121e-05   4.07738e-02
   3  phi_CBO      4.39681e+00   4.88672e+00   3.92517e-03   1.36523e-04
 MIGRAD MINIMIZATION HAS CONVERGED.
 FCN=0.151185 FROM MIGRAD    STATUS=CONVERGED      81 CALLS          82 TOTAL
                     EDM=4.66839e-07    STRATEGY= 1  ERROR MATRIX UNCERTAINTY   6.5 per cent
  EXT PARAMETER                                   STEP         FIRST   
  NO.   NAME      VALUE            ERROR          SIZE      DERIVATIVE 
   1  A_CBO        2.24793e-03   4.57005e-02  -1.32265e-04   5.00249e-03
   2  w_CBO        2.31852e+00   3.07364e-01  -3.38659e-04  -4.54832e-03
   3  phi_CBO      1.21370e+00   3.74774e+00  -2.12223e-02   4.26185e-05
 EXTERNAL ERROR MATRIX.    NDIM=  25    NPAR=  3    ERR DEF=1
  2.089e-03 -4.421e-03 -1.649e+00 
 -4.421e-03  1.127e-01  4.237e+01 
 -1.649e+00  4.237e+01  1.610e+04 
 PARAMETER  CORRELATION COEFFICIENTS  
       NO.  GLOBAL      1      2      3
        1  0.28921   1.000 -0.288 -0.284
        2  0.99509  -0.288  1.000  0.995
        3  0.99508  -0.284  0.995  1.000
setting A_CBO=0.002248 w_CBO=2.318521, phi_CBO=1.213704
done fitting cbo isolate
 **********
 **    1 **SET PRINTOUT            1
 **********
 **********
 **    2 **SET NOWARNINGS 
 **********
 PARAMETER DEFINITIONS:
    NO.   NAME         VALUE      STEP SIZE      LIMITS
     1 N0           2.79293e+06  1.00000e+02     no limits
     2 tau          6.43930e+01  constant
     3 A0           3.56510e-01  1.00000e-04     no limits
     4 phi          4.11711e+00  1.00000e-02     no limits
     5 R           -6.11314e+01  constant
     6 A_CBO        2.24793e-03  1.00000e-05     no limits
     7 w_CBO        2.31852e+00  1.00000e-03     no limits
     8 phi_CBO      1.21370e+00  1.00000e-04     no limits
     9 ANx2         3.99781e-04  constant
    10 pNx2         4.45174e+00  constant
    11 ANy1         0.00000e+00  constant
    12 pNy1         0.00000e+00  constant
    13 w_y          0.00000e+00  constant
    14 ANy2         9.79441e-03  1.00000e-04     no limits
    15 pNy2         4.41741e+00  constant
    16 w_vw         1.43026e+01  constant
    17 LM          -4.33674e-04  constant
    18 wCBO_expCoeff   2.00000e+02  1.00000e+00     no limits
    19 wCBO_expOffset   2.00000e+02  1.00000e+00     no limits
    20 wCBO_expT    3.00000e+01  1.00000e+00     no limits
    21 wCBO_linCoeff   0.00000e+00  constant
    22 wCBO_const   0.00000e+00  1.00000e-02     no limits
MINUIT - FIT ONLY WIGGLE
 **********
 **    3 **FIX            5
 **********
 PARAMETER    5  IS CONSTANT.   IGNORED.
 **********
 **    4 **FIX            6
 **********
 **********
 **    5 **FIX            7
 **********
 **********
 **    6 **FIX            8
 **********
 **********
 **    7 **FIX            9
 **********
 PARAMETER    9  IS CONSTANT.   IGNORED.
 **********
 **    8 **FIX           10
 **********
 PARAMETER   10  IS CONSTANT.   IGNORED.
 **********
 **    9 **FIX           11
 **********
 PARAMETER   11  IS CONSTANT.   IGNORED.
 **********
 **   10 **FIX           12
 **********
 PARAMETER   12  IS CONSTANT.   IGNORED.
 **********
 **   11 **FIX           13
 **********
 PARAMETER   13  IS CONSTANT.   IGNORED.
 **********
 **   12 **FIX           14
 **********
 **********
 **   13 **FIX           15
 **********
 PARAMETER   15  IS CONSTANT.   IGNORED.
 **********
 **   14 **FIX           16
 **********
 PARAMETER   16  IS CONSTANT.   IGNORED.
 **********
 **   15 **MIGRAD
 **********
 FIRST CALL TO USER FUNCTION AT NEW START POINT, WITH IFLAG=4.
 START MIGRAD MINIMIZATION.  STRATEGY  1.  CONVERGENCE WHEN EDM .LT. 1.00e-04
 FCN=483.334 FROM MIGRAD    STATUS=INITIATE       58 CALLS          59 TOTAL
                     EDM= unknown      STRATEGY= 1      NO ERROR MATRIX       
  EXT PARAMETER               CURRENT GUESS       STEP         FIRST   
  NO.   NAME      VALUE            ERROR          SIZE      DERIVATIVE 
   1  N0           2.79293e+06   1.00000e+02   0.00000e+00   1.29990e-03
   2  tau          6.43930e+01   constant   
   3  A0           3.56510e-01   1.00000e-04   0.00000e+00  -3.49114e+03
   4  phi          4.11711e+00   1.00000e-02   0.00000e+00  -3.63206e+02
   5  R           -6.11314e+01   constant   
   6  A_CBO        2.24793e-03     fixed    
   7  w_CBO        2.31852e+00     fixed    
   8  phi_CBO      1.21370e+00     fixed    
   9  ANx2         3.99781e-04   constant   
  10  pNx2         4.45174e+00   constant   
  11  ANy1         0.00000e+00   constant   
  12  pNy1         0.00000e+00   constant   
  13  w_y          0.00000e+00   constant   
  14  ANy2         9.79441e-03     fixed    
  15  pNy2         4.41741e+00   constant   
  16  w_vw         1.43026e+01   constant   
  17  LM          -4.33674e-04   constant   
  18  wCBO_expCoeff   1.99760e+02   1.00000e+00  -2.39854e-01   6.22737e-01
  19  wCBO_expOffset   2.00000e+02   1.00000e+00   0.00000e+00   4.14660e+00
  20  wCBO_expT    3.00000e+01   1.00000e+00   0.00000e+00   5.50738e+00
  21  wCBO_linCoeff   0.00000e+00   constant   
  22  wCBO_const   0.00000e+00   1.00000e-02   0.00000e+00   1.25094e+03
 MIGRAD MINIMIZATION HAS CONVERGED.
 FCN=472.423 FROM MIGRAD    STATUS=CONVERGED     321 CALLS         322 TOTAL
                     EDM=2.48649e-07    STRATEGY= 1  ERROR MATRIX UNCERTAINTY   0.9 per cent
  EXT PARAMETER                                   STEP         FIRST   
  NO.   NAME      VALUE            ERROR          SIZE      DERIVATIVE 
   1  N0           2.79152e+06   1.42620e+03  -1.00376e+00  -3.03284e-07
   2  tau          6.43930e+01   constant   
   3  A0           3.57284e-01   6.88532e-04  -3.50452e-06  -4.85983e-01
   4  phi          4.11818e+00   2.00139e-03  -8.37727e-06  -2.51570e-01
   5  R           -6.11314e+01   constant   
   6  A_CBO        2.24793e-03     fixed    
   7  w_CBO        2.31852e+00     fixed    
   8  phi_CBO      1.21370e+00     fixed    
   9  ANx2         3.99781e-04   constant   
  10  pNx2         4.45174e+00   constant   
  11  ANy1         0.00000e+00   constant   
  12  pNy1         0.00000e+00   constant   
  13  w_y          0.00000e+00   constant   
  14  ANy2         9.79441e-03     fixed    
  15  pNy2         4.41741e+00   constant   
  16  w_vw         1.43026e+01   constant   
  17  LM          -4.33674e-04   constant   
  18  wCBO_expCoeff   1.94995e+02   1.43834e+00   2.54702e-03   3.47935e-03
  19  wCBO_expOffset   1.99268e+02   2.20246e-01   3.71154e-04   2.23887e-02
  20  wCBO_expT    3.03085e+01   8.95392e-02  -1.43571e-04   1.20522e-01
  21  wCBO_linCoeff   0.00000e+00   constant   
  22  wCBO_const  -2.89058e-03   9.61428e-04  -4.50341e-07   8.11440e-01
 EXTERNAL ERROR MATRIX.    NDIM=  25    NPAR=  7    ERR DEF=1
  2.034e+06  3.343e-03 -3.698e-03 -2.043e+01 -4.736e+00  1.691e+00  1.157e-02 
  3.343e-03  4.741e-07  4.056e-09  1.738e-05  4.186e-06 -1.311e-06  1.074e-08 
 -3.698e-03  4.056e-09  4.006e-06 -1.598e-04 -2.344e-05  1.053e-05 -1.506e-07 
 -2.043e+01  1.738e-05 -1.598e-04  2.069e+00  3.135e-01 -1.281e-01  8.508e-04 
 -4.736e+00  4.186e-06 -2.344e-05  3.135e-01  4.851e-02 -1.963e-02  1.320e-04 
  1.691e+00 -1.311e-06  1.053e-05 -1.281e-01 -1.963e-02  8.017e-03 -5.659e-05 
  1.157e-02  1.074e-08 -1.506e-07  8.508e-04  1.320e-04 -5.659e-05  9.243e-07 
 PARAMETER  CORRELATION COEFFICIENTS  
       NO.  GLOBAL      1      3      4     18     19     20     22
        1  0.05722   1.000  0.003 -0.001 -0.010 -0.015  0.013  0.008
        3  0.08016   0.003  1.000  0.003  0.018  0.028 -0.021  0.016
        4  0.08868  -0.001  0.003  1.000 -0.056 -0.053  0.059 -0.078
       18  0.99671  -0.010  0.018 -0.056  1.000  0.989 -0.995  0.615
       19  0.99687  -0.015  0.028 -0.053  0.989  1.000 -0.995  0.623
       20  0.99892   0.013 -0.021  0.059 -0.995 -0.995  1.000 -0.657
       22  0.83997   0.008  0.016 -0.078  0.615  0.623 -0.657  1.000
MINUIT - FIT ONLY 1-CBO + other amplitudes 
 **********
 **   16 **RES 
 **********
                   PARAMETER   14  ANy2 RESTORED TO VARIABLE.
                   PARAMETER    8  phi_CBO RESTORED TO VARIABLE.
                   PARAMETER    7  w_CBO RESTORED TO VARIABLE.
                   PARAMETER    6  A_CBO RESTORED TO VARIABLE.
 **********
 **   17 **FIX            0
 **********
 PARAMETER    0  IS UNDEFINED. IGNORED.
 **********
 **   18 **FIX            1
 **********
 **********
 **   19 **FIX            2
 **********
 PARAMETER    2  IS CONSTANT.   IGNORED.
 **********
 **   20 **FIX            3
 **********
 **********
 **   21 **FIX            4
 **********
 **********
 **   22 **FIX            9
 **********
 PARAMETER    9  IS CONSTANT.   IGNORED.
 **********
 **   23 **FIX           11
 **********
 PARAMETER   11  IS CONSTANT.   IGNORED.
 **********
 **   24 **FIX           12
 **********
 PARAMETER   12  IS CONSTANT.   IGNORED.
 **********
 **   25 **FIX           14
 **********
 **********
 **   26 **FIX           15
 **********
 PARAMETER   15  IS CONSTANT.   IGNORED.
 **********
 **   27 **FIX           16
 **********
 PARAMETER   16  IS CONSTANT.   IGNORED.
 **********
 **   28 **MIGRAD
 **********
 START MIGRAD MINIMIZATION.  STRATEGY  1.  CONVERGENCE WHEN EDM .LT. 1.00e-04
 FCN=472.423 FROM MIGRAD    STATUS=INITIATE       20 CALLS         342 TOTAL
                     EDM= unknown      STRATEGY= 1      NO ERROR MATRIX       
  EXT PARAMETER               CURRENT GUESS       STEP         FIRST   
  NO.   NAME      VALUE            ERROR          SIZE      DERIVATIVE 
   1  N0           2.79152e+06     fixed    
   2  tau          6.43930e+01   constant   
   3  A0           3.57284e-01     fixed    
   4  phi          4.11818e+00     fixed    
   5  R           -6.11314e+01   constant   
   6  A_CBO        2.24793e-03   1.00000e-05   1.00000e-05   3.76974e+03
   7  w_CBO        2.31852e+00   1.00000e-03   1.00000e-03   6.43381e-01
   8  phi_CBO      1.21370e+00   1.00000e-04   1.00000e-04   1.06701e-01
   9  ANx2         3.99781e-04   constant   
  10  pNx2         4.45174e+00   constant   
  11  ANy1         0.00000e+00   constant   
  12  pNy1         0.00000e+00   constant   
  13  w_y          0.00000e+00   constant   
  14  ANy2         9.79441e-03     fixed    
  15  pNy2         4.41741e+00   constant   
  16  w_vw         1.43026e+01   constant   
  17  LM          -4.33674e-04   constant   
  18  wCBO_expCoeff   1.94995e+02   1.43834e+00   2.54702e-03   3.47932e-03
  19  wCBO_expOffset   1.99268e+02   2.20246e-01   3.71154e-04   2.23885e-02
  20  wCBO_expT    3.03085e+01   8.95392e-02  -1.43571e-04   1.20521e-01
  21  wCBO_linCoeff   0.00000e+00   constant   
  22  wCBO_const  -2.89058e-03   9.61428e-04  -4.50341e-07   8.11440e-01
 MIGRAD MINIMIZATION HAS CONVERGED.
 MIGRAD WILL VERIFY CONVERGENCE AND ERROR MATRIX.
 COVARIANCE MATRIX CALCULATED SUCCESSFULLY
 FCN=468.621 FROM MIGRAD    STATUS=CONVERGED     349 CALLS         671 TOTAL
                     EDM=8.32449e-06    STRATEGY= 1      ERROR MATRIX ACCURATE 
  EXT PARAMETER                                   STEP         FIRST   
  NO.   NAME      VALUE            ERROR          SIZE      DERIVATIVE 
   1  N0           2.79152e+06     fixed    
   2  tau          6.43930e+01   constant   
   3  A0           3.57284e-01     fixed    
   4  phi          4.11818e+00     fixed    
   5  R           -6.11314e+01   constant   
   6  A_CBO        1.19547e-03   7.27427e-04   7.66673e-06   1.19911e+00
   7  w_CBO        2.31731e+00   1.91153e-02   8.24655e-06   1.41523e+00
   8  phi_CBO     -4.12793e-01   8.99828e-01   6.45333e-03   9.39126e-04
   9  ANx2         3.99781e-04   constant   
  10  pNx2         4.45174e+00   constant   
  11  ANy1         0.00000e+00   constant   
  12  pNy1         0.00000e+00   constant   
  13  w_y          0.00000e+00   constant   
  14  ANy2         9.79441e-03     fixed    
  15  pNy2         4.41741e+00   constant   
  16  w_vw         1.43026e+01   constant   
  17  LM          -4.33674e-04   constant   
  18  wCBO_expCoeff   1.94839e+02   1.64058e+00   1.87086e-03   1.63614e-02
  19  wCBO_expOffset   1.99244e+02   2.55358e-01   2.90884e-04   1.05158e-01
  20  wCBO_expT    3.03148e+01   4.60045e-02   5.52972e-05   4.87886e-01
  21  wCBO_linCoeff   0.00000e+00   constant   
  22  wCBO_const  -3.78446e-03   8.15163e-03   4.88477e-06   9.14577e-02
 EXTERNAL ERROR MATRIX.    NDIM=  25    NPAR=  7    ERR DEF=1
  5.291e-07  1.639e-07 -3.170e-06  9.264e-06  1.446e-06 -6.230e-07 -8.073e-08 
  1.639e-07  3.654e-04  2.122e-05 -1.149e-02 -1.792e-03 -2.434e-04 -1.549e-04 
 -3.170e-06  2.122e-05  8.097e-01  2.055e-02  3.197e-03 -8.518e-04  4.262e-04 
  9.264e-06 -1.149e-02  2.055e-02  2.692e+00 -1.565e-01 -2.260e-02  5.158e-03 
  1.446e-06 -1.792e-03  3.197e-03 -1.565e-01  6.521e-02 -3.517e-03  8.041e-04 
 -6.230e-07 -2.434e-04 -8.518e-04 -2.260e-02 -3.517e-03  2.116e-03  8.231e-05 
 -8.073e-08 -1.549e-04  4.262e-04  5.158e-03  8.041e-04  8.231e-05  6.645e-05 
 PARAMETER  CORRELATION COEFFICIENTS  
       NO.  GLOBAL      6      7      8     18     19     20     22
        6  0.08565   1.000  0.012 -0.005  0.008  0.008 -0.019 -0.014
        7  0.99918   0.012  1.000  0.001 -0.366 -0.367 -0.277 -0.994
        8  0.73852  -0.005  0.001  1.000  0.014  0.014 -0.021  0.058
       18  0.99447   0.008 -0.366  0.014  1.000 -0.374 -0.299  0.386
       19  0.99447   0.008 -0.367  0.014 -0.374  1.000 -0.299  0.386
       20  0.99380  -0.019 -0.277 -0.021 -0.299 -0.299  1.000  0.219
       22  0.99839  -0.014 -0.994  0.058  0.386  0.386  0.219  1.000
MINUIT - FIT ONLY 1-CBO
 **********
 **   29 **RES 
 **********
                   PARAMETER   14  ANy2 RESTORED TO VARIABLE.
                   PARAMETER    4  phi RESTORED TO VARIABLE.
                   PARAMETER    3  A0 RESTORED TO VARIABLE.
                   PARAMETER    1  N0 RESTORED TO VARIABLE.
 **********
 **   30 **FIX            0
 **********
 PARAMETER    0  IS UNDEFINED. IGNORED.
 **********
 **   31 **FIX            1
 **********
 **********
 **   32 **FIX            2
 **********
 PARAMETER    2  IS CONSTANT.   IGNORED.
 **********
 **   33 **FIX            3
 **********
 **********
 **   34 **FIX            4
 **********
 **********
 **   35 **FIX            8
 **********
 **********
 **   36 **FIX            9
 **********
 PARAMETER    9  IS CONSTANT.   IGNORED.
 **********
 **   37 **FIX           11
 **********
 PARAMETER   11  IS CONSTANT.   IGNORED.
 **********
 **   38 **FIX           12
 **********
 PARAMETER   12  IS CONSTANT.   IGNORED.
 **********
 **   39 **FIX           13
 **********
 PARAMETER   13  IS CONSTANT.   IGNORED.
 **********
 **   40 **FIX           15
 **********
 PARAMETER   15  IS CONSTANT.   IGNORED.
 **********
 **   41 **FIX           16
 **********
 PARAMETER   16  IS CONSTANT.   IGNORED.
 **********
 **   42 **MIGRAD
 **********
 START MIGRAD MINIMIZATION.  STRATEGY  1.  CONVERGENCE WHEN EDM .LT. 1.00e-04
 FCN=468.621 FROM MIGRAD    STATUS=INITIATE       16 CALLS         687 TOTAL
                     EDM= unknown      STRATEGY= 1      NO ERROR MATRIX       
  EXT PARAMETER               CURRENT GUESS       STEP         FIRST   
  NO.   NAME      VALUE            ERROR          SIZE      DERIVATIVE 
   1  N0           2.79152e+06     fixed    
   2  tau          6.43930e+01   constant   
   3  A0           3.57284e-01     fixed    
   4  phi          4.11818e+00     fixed    
   5  R           -6.11314e+01   constant   
   6  A_CBO        1.19547e-03   7.27427e-04   7.66673e-06   1.19911e+00
   7  w_CBO        2.31731e+00   1.91153e-02   8.24655e-06   1.40933e+00
   8  phi_CBO     -4.12793e-01     fixed    
   9  ANx2         3.99781e-04   constant   
  10  pNx2         4.45174e+00   constant   
  11  ANy1         0.00000e+00   constant   
  12  pNy1         0.00000e+00   constant   
  13  w_y          0.00000e+00   constant   
  14  ANy2         9.79441e-03   1.00000e-04   1.00000e-04   3.74813e+04
  15  pNy2         4.41741e+00   constant   
  16  w_vw         1.43026e+01   constant   
  17  LM          -4.33674e-04   constant   
  18  wCBO_expCoeff   1.94839e+02   1.64058e+00   1.87086e-03   1.62107e-02
  19  wCBO_expOffset   1.99244e+02   2.55358e-01   2.90884e-04   1.04193e-01
  20  wCBO_expT    3.03148e+01   4.60045e-02   5.52972e-05   4.84369e-01
  21  wCBO_linCoeff   0.00000e+00   constant   
  22  wCBO_const  -3.78446e-03   8.15163e-03   4.88477e-06   9.42575e-02
 MIGRAD MINIMIZATION HAS CONVERGED.
 MIGRAD WILL VERIFY CONVERGENCE AND ERROR MATRIX.
 FCN=282.643 FROM MIGRAD    STATUS=CONVERGED     213 CALLS         884 TOTAL
                     EDM=2.11386e-06    STRATEGY= 1      ERR MATRIX NOT POS-DEF
  EXT PARAMETER                APPROXIMATE        STEP         FIRST   
  NO.   NAME      VALUE            ERROR          SIZE      DERIVATIVE 
   1  N0           2.79152e+06     fixed    
   2  tau          6.43930e+01   constant   
   3  A0           3.57284e-01     fixed    
   4  phi          4.11818e+00     fixed    
   5  R           -6.11314e+01   constant   
   6  A_CBO        4.18953e-04   7.14694e-04   5.84057e-06   1.64219e+00
   7  w_CBO        2.31848e+00   1.02352e-02   7.89194e-06  -8.00328e-01
   8  phi_CBO     -4.12793e-01     fixed    
   9  ANx2         3.99781e-04   constant   
  10  pNx2         4.45174e+00   constant   
  11  ANy1         0.00000e+00   constant   
  12  pNy1         0.00000e+00   constant   
  13  w_y          0.00000e+00   constant   
  14  ANy2        -1.28747e-04   7.23585e-04   5.95761e-06  -1.22384e+00
  15  pNy2         4.41741e+00   constant   
  16  w_vw         1.43026e+01   constant   
  17  LM          -4.33674e-04   constant   
  18  wCBO_expCoeff   1.95551e+02   2.21931e+00   1.56006e-03  -9.61732e-04
  19  wCBO_expOffset   1.99354e+02   3.43482e-01   2.41407e-04  -6.21446e-03
  20  wCBO_expT    3.02624e+01   5.70068e-02   4.70187e-05  -3.38880e-02
  21  wCBO_linCoeff   0.00000e+00   constant   
  22  wCBO_const  -3.81429e-03   4.39547e-03   5.04143e-06  -1.67370e+00
 EXTERNAL ERROR MATRIX.    NDIM=  25    NPAR=  7    ERR DEF=1
  5.108e-07  6.131e-09  3.096e-08  1.962e-05  3.037e-06 -1.134e-06 -5.180e-08 
  6.131e-09  1.048e-04 -1.560e-08 -3.265e-03 -5.064e-04 -7.578e-05 -4.389e-05 
  3.096e-08 -1.560e-08  5.236e-07 -1.415e-05 -2.190e-06  9.668e-07  4.004e-09 
  1.962e-05 -3.265e-03 -1.415e-05  4.925e+00 -4.878e-01 -4.723e-02  1.787e-03 
  3.037e-06 -5.064e-04 -2.190e-06 -4.878e-01  1.180e-01 -7.310e-03  2.770e-04 
 -1.134e-06 -7.578e-05  9.668e-07 -4.723e-02 -7.310e-03  3.250e-03  8.283e-07 
 -5.180e-08 -4.389e-05  4.004e-09  1.787e-03  2.770e-04  8.283e-07  1.932e-05 
ERR MATRIX NOT POS-DEF
 PARAMETER  CORRELATION COEFFICIENTS  
       NO.  GLOBAL      6      7     14     18     19     20     22
        6  0.13688   1.000  0.001  0.060  0.012  0.012 -0.028 -0.016
        7  0.99564   0.001  1.000 -0.002 -0.144 -0.144 -0.130 -0.976
       14  0.06926   0.060 -0.002  1.000 -0.009 -0.009  0.023  0.001
       18  0.99639   0.012 -0.144 -0.009  1.000 -0.640 -0.373  0.183
       19  0.99639   0.012 -0.144 -0.009 -0.640  1.000 -0.373  0.183
       20  0.99502  -0.028 -0.130  0.023 -0.373 -0.373  1.000  0.003
       22  0.99031  -0.016 -0.976  0.001  0.183  0.183  0.003  1.000
 ERR MATRIX NOT POS-DEF
MINUIT - FIT ONLY 2-CBO
 **********
 **   43 **RES 
 **********
                   PARAMETER    8  phi_CBO RESTORED TO VARIABLE.
                   PARAMETER    4  phi RESTORED TO VARIABLE.
                   PARAMETER    3  A0 RESTORED TO VARIABLE.
                   PARAMETER    1  N0 RESTORED TO VARIABLE.
 **********
 **   44 **FIX            0
 **********
 PARAMETER    0  IS UNDEFINED. IGNORED.
 **********
 **   45 **FIX            1
 **********
 **********
 **   46 **FIX            2
 **********
 PARAMETER    2  IS CONSTANT.   IGNORED.
 **********
 **   47 **FIX            3
 **********
 **********
 **   48 **FIX            4
 **********
 **********
 **   49 **FIX            5
 **********
 PARAMETER    5  IS CONSTANT.   IGNORED.
 **********
 **   50 **FIX            6
 **********
 **********
 **   51 **FIX            7
 **********
 **********
 **   52 **FIX           10
 **********
 PARAMETER   10  IS CONSTANT.   IGNORED.
 **********
 **   53 **FIX           11
 **********
 PARAMETER   11  IS CONSTANT.   IGNORED.
 **********
 **   54 **FIX           12
 **********
 PARAMETER   12  IS CONSTANT.   IGNORED.
 **********
 **   55 **FIX           13
 **********
 PARAMETER   13  IS CONSTANT.   IGNORED.
 **********
 **   56 **FIX           14
 **********
 **********
 **   57 **FIX           15
 **********
 PARAMETER   15  IS CONSTANT.   IGNORED.
 **********
 **   58 **FIX           16
 **********
 PARAMETER   16  IS CONSTANT.   IGNORED.
 **********
 **   59 **MIGRAD
 **********
 START MIGRAD MINIMIZATION.  STRATEGY  1.  CONVERGENCE WHEN EDM .LT. 1.00e-04
 FCN=282.643 FROM MIGRAD    STATUS=INITIATE       12 CALLS         896 TOTAL
                     EDM= unknown      STRATEGY= 1      NO ERROR MATRIX       
  EXT PARAMETER               CURRENT GUESS       STEP         FIRST   
  NO.   NAME      VALUE            ERROR          SIZE      DERIVATIVE 
   1  N0           2.79152e+06     fixed    
   2  tau          6.43930e+01   constant   
   3  A0           3.57284e-01     fixed    
   4  phi          4.11818e+00     fixed    
   5  R           -6.11314e+01   constant   
   6  A_CBO        4.18953e-04     fixed    
   7  w_CBO        2.31848e+00     fixed    
   8  phi_CBO     -4.12793e-01   8.99828e-01   8.99828e-01  -3.86333e-01
   9  ANx2         3.99781e-04   constant   
  10  pNx2         4.45174e+00   constant   
  11  ANy1         0.00000e+00   constant   
  12  pNy1         0.00000e+00   constant   
  13  w_y          0.00000e+00   constant   
  14  ANy2        -1.28747e-04     fixed    
  15  pNy2         4.41741e+00   constant   
  16  w_vw         1.43026e+01   constant   
  17  LM          -4.33674e-04   constant   
  18  wCBO_expCoeff   1.95551e+02   2.21931e+00   1.56006e-03  -9.20584e-04
  19  wCBO_expOffset   1.99354e+02   3.43482e-01   2.41407e-04  -5.94644e-03
  20  wCBO_expT    3.02624e+01   5.70068e-02   4.70187e-05  -3.27352e-02
  21  wCBO_linCoeff   0.00000e+00   constant   
  22  wCBO_const  -3.81429e-03   4.39547e-03   5.04143e-06  -1.66821e+00
 MIGRAD MINIMIZATION HAS CONVERGED.
 MIGRAD WILL VERIFY CONVERGENCE AND ERROR MATRIX.
 FCN=281.585 FROM MIGRAD    STATUS=CONVERGED     233 CALLS        1117 TOTAL
                     EDM=1.7622e-08    STRATEGY= 1      ERR MATRIX NOT POS-DEF
  EXT PARAMETER                APPROXIMATE        STEP         FIRST   
  NO.   NAME      VALUE            ERROR          SIZE      DERIVATIVE 
   1  N0           2.79152e+06     fixed    
   2  tau          6.43930e+01   constant   
   3  A0           3.57284e-01     fixed    
   4  phi          4.11818e+00     fixed    
   5  R           -6.11314e+01   constant   
   6  A_CBO        4.18953e-04     fixed    
   7  w_CBO        2.31848e+00     fixed    
   8  phi_CBO      1.62523e+00   1.25974e+00   8.87614e-03   1.20213e-05
   9  ANx2         3.99781e-04   constant   
  10  pNx2         4.45174e+00   constant   
  11  ANy1         0.00000e+00   constant   
  12  pNy1         0.00000e+00   constant   
  13  w_y          0.00000e+00   constant   
  14  ANy2        -1.28747e-04     fixed    
  15  pNy2         4.41741e+00   constant   
  16  w_vw         1.43026e+01   constant   
  17  LM          -4.33674e-04   constant   
  18  wCBO_expCoeff   1.97039e+02   2.07494e+00   1.35101e-03  -5.11089e-05
  19  wCBO_expOffset   1.99585e+02   3.17597e-01   2.06774e-04  -3.33825e-04
  20  wCBO_expT    3.01579e+01   5.19712e-02   3.99399e-05  -4.59453e-03
  21  wCBO_linCoeff   0.00000e+00   constant   
  22  wCBO_const  -1.31812e-03   1.02998e-03   4.72279e-06  -2.23541e-01
 EXTERNAL ERROR MATRIX.    NDIM=  25    NPAR=  5    ERR DEF=1
  1.587e+00  4.324e-02  6.616e-03 -3.608e-03  5.319e-04 
  4.324e-02  4.305e+00 -4.472e-01 -4.281e-02  3.679e-04 
  6.616e-03 -4.472e-01  1.009e-01 -6.554e-03  5.631e-05 
 -3.608e-03 -4.281e-02 -6.554e-03  2.701e-03 -2.740e-05 
  5.319e-04  3.679e-04  5.631e-05 -2.740e-05  1.061e-06 
ERR MATRIX NOT POS-DEF
 PARAMETER  CORRELATION COEFFICIENTS  
       NO.  GLOBAL      8     18     19     20     22
        8  0.51728   1.000  0.017  0.017 -0.055  0.410
       18  0.99686   0.017  1.000 -0.679 -0.397  0.172
       19  0.99686   0.017 -0.679  1.000 -0.397  0.172
       20  0.99563  -0.055 -0.397 -0.397  1.000 -0.512
       22  0.83037   0.410  0.172  0.172 -0.512  1.000
 ERR MATRIX NOT POS-DEF
MINUIT - FIT ONLY 1-y
 **********
 **   60 **RES 
 **********
                   PARAMETER   14  ANy2 RESTORED TO VARIABLE.
                   PARAMETER    7  w_CBO RESTORED TO VARIABLE.
                   PARAMETER    6  A_CBO RESTORED TO VARIABLE.
                   PARAMETER    4  phi RESTORED TO VARIABLE.
                   PARAMETER    3  A0 RESTORED TO VARIABLE.
                   PARAMETER    1  N0 RESTORED TO VARIABLE.
 **********
 **   61 **FIX            0
 **********
 PARAMETER    0  IS UNDEFINED. IGNORED.
 **********
 **   62 **FIX            1
 **********
 **********
 **   63 **FIX            2
 **********
 PARAMETER    2  IS CONSTANT.   IGNORED.
 **********
 **   64 **FIX            3
 **********
 **********
 **   65 **FIX            4
 **********
 **********
 **   66 **FIX            5
 **********
 PARAMETER    5  IS CONSTANT.   IGNORED.
 **********
 **   67 **FIX            6
 **********
 **********
 **   68 **FIX            7
 **********
 **********
 **   69 **FIX            8
 **********
 **********
 **   70 **FIX            9
 **********
 PARAMETER    9  IS CONSTANT.   IGNORED.
 **********
 **   71 **FIX           13
 **********
 PARAMETER   13  IS CONSTANT.   IGNORED.
 **********
 **   72 **FIX           14
 **********
 **********
 **   73 **FIX           15
 **********
 PARAMETER   15  IS CONSTANT.   IGNORED.
 **********
 **   74 **FIX           16
 **********
 PARAMETER   16  IS CONSTANT.   IGNORED.
 **********
 **   75 **MIGRAD
 **********
 START MIGRAD MINIMIZATION.  STRATEGY  1.  CONVERGENCE WHEN EDM .LT. 1.00e-04
 FCN=281.585 FROM MIGRAD    STATUS=INITIATE        8 CALLS        1125 TOTAL
                     EDM= unknown      STRATEGY= 1      NO ERROR MATRIX       
  EXT PARAMETER               CURRENT GUESS       STEP         FIRST   
  NO.   NAME      VALUE            ERROR          SIZE      DERIVATIVE 
   1  N0           2.79152e+06     fixed    
   2  tau          6.43930e+01   constant   
   3  A0           3.57284e-01     fixed    
   4  phi          4.11818e+00     fixed    
   5  R           -6.11314e+01   constant   
   6  A_CBO        4.18953e-04     fixed    
   7  w_CBO        2.31848e+00     fixed    
   8  phi_CBO      1.62523e+00     fixed    
   9  ANx2         3.99781e-04   constant   
  10  pNx2         4.45174e+00   constant   
  11  ANy1         0.00000e+00   constant   
  12  pNy1         0.00000e+00   constant   
  13  w_y          0.00000e+00   constant   
  14  ANy2        -1.28747e-04     fixed    
  15  pNy2         4.41741e+00   constant   
  16  w_vw         1.43026e+01   constant   
  17  LM          -4.33674e-04   constant   
  18  wCBO_expCoeff   1.97039e+02   2.07494e+00   1.35101e-03  -4.58307e-05
  19  wCBO_expOffset   1.99585e+02   3.17597e-01   2.06774e-04  -2.87681e-04
  20  wCBO_expT    3.01579e+01   5.19712e-02   3.99399e-05  -4.43208e-03
  21  wCBO_linCoeff   0.00000e+00   constant   
  22  wCBO_const  -1.31812e-03   1.02998e-03   4.72279e-06  -2.22960e-01
 MIGRAD MINIMIZATION HAS CONVERGED.
 MIGRAD WILL VERIFY CONVERGENCE AND ERROR MATRIX.
 FCN=281.585 FROM MIGRAD    STATUS=CONVERGED      47 CALLS        1164 TOTAL
                     EDM=9.31952e-09    STRATEGY= 1      ERR MATRIX NOT POS-DEF
  EXT PARAMETER                APPROXIMATE        STEP         FIRST   
  NO.   NAME      VALUE            ERROR          SIZE      DERIVATIVE 
   1  N0           2.79152e+06     fixed    
   2  tau          6.43930e+01   constant   
   3  A0           3.57284e-01     fixed    
   4  phi          4.11818e+00     fixed    
   5  R           -6.11314e+01   constant   
   6  A_CBO        4.18953e-04     fixed    
   7  w_CBO        2.31848e+00     fixed    
   8  phi_CBO      1.62523e+00     fixed    
   9  ANx2         3.99781e-04   constant   
  10  pNx2         4.45174e+00   constant   
  11  ANy1         0.00000e+00   constant   
  12  pNy1         0.00000e+00   constant   
  13  w_y          0.00000e+00   constant   
  14  ANy2        -1.28747e-04     fixed    
  15  pNy2         4.41741e+00   constant   
  16  w_vw         1.43026e+01   constant   
  17  LM          -4.33674e-04   constant   
  18  wCBO_expCoeff   1.97039e+02   2.12066e+00   1.35147e-03   4.81539e-04
  19  wCBO_expOffset   1.99585e+02   3.24597e-01   2.06849e-04   3.14631e-03
  20  wCBO_expT    3.01579e+01   5.26397e-02   3.99539e-05   1.41629e-02
  21  wCBO_linCoeff   0.00000e+00   constant   
  22  wCBO_const  -1.31810e-03   9.43239e-04   4.72426e-06  -3.55624e-02
 EXTERNAL ERROR MATRIX.    NDIM=  25    NPAR=  4    ERR DEF=1
  4.497e+00 -4.709e-01 -4.396e-02  3.651e-04 
 -4.709e-01  1.054e-01 -6.730e-03  5.588e-05 
 -4.396e-02 -6.730e-03  2.771e-03 -2.692e-05 
  3.651e-04  5.588e-05 -2.692e-05  8.897e-07 
ERR MATRIX NOT POS-DEF
 PARAMETER  CORRELATION COEFFICIENTS  
       NO.  GLOBAL     18     19     20     22
       18  0.99700   1.000 -0.684 -0.394  0.183
       19  0.99700  -0.684  1.000 -0.394  0.183
       20  0.99574  -0.394 -0.394  1.000 -0.542
       22  0.79354   0.183  0.183 -0.542  1.000
 ERR MATRIX NOT POS-DEF
MINUIT - FIT ONLY 2-y
 **********
 **   76 **RES 
 **********
                   PARAMETER   14  ANy2 RESTORED TO VARIABLE.
                   PARAMETER    8  phi_CBO RESTORED TO VARIABLE.
                   PARAMETER    7  w_CBO RESTORED TO VARIABLE.
                   PARAMETER    6  A_CBO RESTORED TO VARIABLE.
                   PARAMETER    4  phi RESTORED TO VARIABLE.
                   PARAMETER    3  A0 RESTORED TO VARIABLE.
                   PARAMETER    1  N0 RESTORED TO VARIABLE.
 **********
 **   77 **FIX            0
 **********
 PARAMETER    0  IS UNDEFINED. IGNORED.
 **********
 **   78 **FIX            1
 **********
 **********
 **   79 **FIX            2
 **********
 PARAMETER    2  IS CONSTANT.   IGNORED.
 **********
 **   80 **FIX            3
 **********
 **********
 **   81 **FIX            4
 **********
 **********
 **   82 **FIX            5
 **********
 PARAMETER    5  IS CONSTANT.   IGNORED.
 **********
 **   83 **FIX            6
 **********
 **********
 **   84 **FIX            7
 **********
 **********
 **   85 **FIX            8
 **********
 **********
 **   86 **FIX            9
 **********
 PARAMETER    9  IS CONSTANT.   IGNORED.
 **********
 **   87 **FIX           10
 **********
 PARAMETER   10  IS CONSTANT.   IGNORED.
 **********
 **   88 **FIX           11
 **********
 PARAMETER   11  IS CONSTANT.   IGNORED.
 **********
 **   89 **FIX           12
 **********
 PARAMETER   12  IS CONSTANT.   IGNORED.
 **********
 **   90 **FIX           16
 **********
 PARAMETER   16  IS CONSTANT.   IGNORED.
 **********
 **   91 **MIGRAD
 **********
 START MIGRAD MINIMIZATION.  STRATEGY  1.  CONVERGENCE WHEN EDM .LT. 1.00e-04
 FCN=281.585 FROM MIGRAD    STATUS=INITIATE       10 CALLS        1174 TOTAL
                     EDM= unknown      STRATEGY= 1      NO ERROR MATRIX       
  EXT PARAMETER               CURRENT GUESS       STEP         FIRST   
  NO.   NAME      VALUE            ERROR          SIZE      DERIVATIVE 
   1  N0           2.79152e+06     fixed    
   2  tau          6.43930e+01   constant   
   3  A0           3.57284e-01     fixed    
   4  phi          4.11818e+00     fixed    
   5  R           -6.11314e+01   constant   
   6  A_CBO        4.18953e-04     fixed    
   7  w_CBO        2.31848e+00     fixed    
   8  phi_CBO      1.62523e+00     fixed    
   9  ANx2         3.99781e-04   constant   
  10  pNx2         4.45174e+00   constant   
  11  ANy1         0.00000e+00   constant   
  12  pNy1         0.00000e+00   constant   
  13  w_y          0.00000e+00   constant   
  14  ANy2        -1.28747e-04   7.23585e-04   7.23585e-04   2.15006e+02
  15  pNy2         4.41741e+00   constant   
  16  w_vw         1.43026e+01   constant   
  17  LM          -4.33674e-04   constant   
  18  wCBO_expCoeff   1.97039e+02   2.12066e+00   1.35147e-03   4.86820e-04
  19  wCBO_expOffset   1.99585e+02   3.24597e-01   2.06849e-04   3.19240e-03
  20  wCBO_expT    3.01579e+01   5.26397e-02   3.99539e-05   1.43252e-02
  21  wCBO_linCoeff   0.00000e+00   constant   
  22  wCBO_const  -1.31810e-03   9.43239e-04   4.72426e-06  -3.49830e-02
 MIGRAD MINIMIZATION HAS CONVERGED.
 MIGRAD WILL VERIFY CONVERGENCE AND ERROR MATRIX.
 FCN=281.579 FROM MIGRAD    STATUS=CONVERGED      66 CALLS        1230 TOTAL
                     EDM=6.36485e-07    STRATEGY= 1      ERR MATRIX NOT POS-DEF
  EXT PARAMETER                APPROXIMATE        STEP         FIRST   
  NO.   NAME      VALUE            ERROR          SIZE      DERIVATIVE 
   1  N0           2.79152e+06     fixed    
   2  tau          6.43930e+01   constant   
   3  A0           3.57284e-01     fixed    
   4  phi          4.11818e+00     fixed    
   5  R           -6.11314e+01   constant   
   6  A_CBO        4.18953e-04     fixed    
   7  w_CBO        2.31848e+00     fixed    
   8  phi_CBO      1.62523e+00     fixed    
   9  ANx2         3.99781e-04   constant   
  10  pNx2         4.45174e+00   constant   
  11  ANy1         0.00000e+00   constant   
  12  pNy1         0.00000e+00   constant   
  13  w_y          0.00000e+00   constant   
  14  ANy2        -1.85193e-04   7.22614e-04   5.94631e-06  -9.05887e-03
  15  pNy2         4.41741e+00   constant   
  16  w_vw         1.43026e+01   constant   
  17  LM          -4.33674e-04   constant   
  18  wCBO_expCoeff   1.97039e+02   2.11607e+00   1.34896e-03  -9.73201e-04
  19  wCBO_expOffset   1.99585e+02   3.23894e-01   2.06466e-04  -6.35549e-03
  20  wCBO_expT    3.01579e+01   5.25461e-02   3.98757e-05  -1.44020e-02
  21  wCBO_linCoeff   0.00000e+00   constant   
  22  wCBO_const  -1.31793e-03   9.42843e-04   4.72052e-06   1.17644e+00
 EXTERNAL ERROR MATRIX.    NDIM=  25    NPAR=  5    ERR DEF=1
  5.222e-07 -2.489e-06 -3.814e-07  6.238e-08  1.993e-09 
 -2.489e-06  4.478e+00 -4.686e-01 -4.381e-02  3.635e-04 
 -3.814e-07 -4.686e-01  1.049e-01 -6.707e-03  5.564e-05 
  6.238e-08 -4.381e-02 -6.707e-03  2.761e-03 -2.682e-05 
  1.993e-09  3.635e-04  5.564e-05 -2.682e-05  8.890e-07 
ERR MATRIX NOT POS-DEF
 PARAMETER  CORRELATION COEFFICIENTS  
       NO.  GLOBAL     14     18     19     20     22
       14  0.02154   1.000 -0.002 -0.002  0.002  0.003
       18  0.99700  -0.002  1.000 -0.684 -0.394  0.182
       19  0.99700  -0.002 -0.684  1.000 -0.394  0.182
       20  0.99574   0.002 -0.394 -0.394  1.000 -0.541
       22  0.79373   0.003  0.182  0.182 -0.541  1.000
 ERR MATRIX NOT POS-DEF
MINUIT - FIT ALTOGETHER
 **********
 **   92 **RES 
 **********
                   PARAMETER    8  phi_CBO RESTORED TO VARIABLE.
                   PARAMETER    7  w_CBO RESTORED TO VARIABLE.
                   PARAMETER    6  A_CBO RESTORED TO VARIABLE.
                   PARAMETER    4  phi RESTORED TO VARIABLE.
                   PARAMETER    3  A0 RESTORED TO VARIABLE.
                   PARAMETER    1  N0 RESTORED TO VARIABLE.
 **********
 **   93 **MIGRAD
 **********
 START MIGRAD MINIMIZATION.  STRATEGY  1.  CONVERGENCE WHEN EDM .LT. 1.00e-04
 FCN=281.579 FROM MIGRAD    STATUS=INITIATE       22 CALLS        1252 TOTAL
                     EDM= unknown      STRATEGY= 1      NO ERROR MATRIX       
  EXT PARAMETER               CURRENT GUESS       STEP         FIRST   
  NO.   NAME      VALUE            ERROR          SIZE      DERIVATIVE 
   1  N0           2.79152e+06   1.42620e+03   1.42620e+03  -3.25856e-04
   2  tau          6.43930e+01   constant   
   3  A0           3.57284e-01   6.88532e-04   6.88532e-04   1.47685e+02
   4  phi          4.11818e+00   2.00139e-03   2.00139e-03   2.41209e+02
   5  R           -6.11314e+01   constant   
   6  A_CBO        4.18953e-04   7.14694e-04   7.14694e-04  -2.50694e+03
   7  w_CBO        2.31848e+00   1.02352e-02   1.02352e-02   4.26897e-01
   8  phi_CBO      1.62523e+00   1.25974e+00   1.25974e+00  -2.40291e-03
   9  ANx2         3.99781e-04   constant   
  10  pNx2         4.45174e+00   constant   
  11  ANy1         0.00000e+00   constant   
  12  pNy1         0.00000e+00   constant   
  13  w_y          0.00000e+00   constant   
  14  ANy2        -1.85193e-04   7.22614e-04   5.94631e-06  -9.05891e-03
  15  pNy2         4.41741e+00   constant   
  16  w_vw         1.43026e+01   constant   
  17  LM          -4.33674e-04   constant   
  18  wCBO_expCoeff   1.97039e+02   2.11607e+00   1.34896e-03  -9.40872e-04
  19  wCBO_expOffset   1.99585e+02   3.23894e-01   2.06466e-04  -6.14504e-03
  20  wCBO_expT    3.01579e+01   5.25461e-02   3.98757e-05  -1.42380e-02
