 + ++++++++++++++++++++++++++++++++++++++++++++++++++++++++++++++++++++ +
 +                                                                      +
 +           You have chose to blind your fitting according to          +
 +                omega_ref * (1 + (R +/- deltaR) *10^{-6})             +
 +                                                                      +
 + ++++++++++++++++++++++++++++++++++++++++++++++++++++++++++++++++++++ +
In main()...
reading format from /gm2data/zkhechad/run45/envelope/formats/formatB_sBin_constraintOn.txt
pBinTau 	= 0  
pBinPhi 	= 0  
constraintau 	= 1 
includeMopTerm 	= 0    
constrainMop    = 0   
Parameters after format file: pBinTau 0 pBinPhi 0 constraintau 1 includeMopTerm 0 constrainMop 0 c_e_scale 0.000000 
reading cbo reference file (full fit) from /gm2data/zkhechad/cboTemplates/Run4CBOTemplates/fullFits/run4/sBin_constraintOn_cE0.0_seed0_run4_calo24.root
A_CBO 0.008786 w_CBO 2.327157 phi_CBO 2.253382 N0 3075736.764901 R -61.041197 tau 64.406859 
Reading cboRef file /gm2data/zkhechad/cboTemplates/Run4CBOTemplates//cboIsolate/run4_calo24.root
deltaT 164.120000
windowBins = 1100
fitting sliding window 2280 from bin 2483 at 370.463600 to bin 3583 at 534.583600 (1100 bins)

Reading data from /gm2data/cornell/histograms/aMethod/histogram_a_run4.root
fitting cbo isolate
 **********
 **    1 **SET PRINTOUT            1
 **********
 **********
 **    2 **SET NOWARNINGS 
 **********
 PARAMETER DEFINITIONS:
    NO.   NAME         VALUE      STEP SIZE      LIMITS
     1 A_CBO        8.78574e-03  1.00000e-05     no limits
     2 w_CBO        2.32716e+00  1.00000e-02    2.00000e+00  3.00000e+00
     3 phi_CBO      2.25338e+00  1.00000e-02    0.00000e+00  6.28319e+00
 **********
 **    3 **MIGRAD
 **********
 FIRST CALL TO USER FUNCTION AT NEW START POINT, WITH IFLAG=4.
 START MIGRAD MINIMIZATION.  STRATEGY  1.  CONVERGENCE WHEN EDM .LT. 1.00e-04
 FCN=0.221788 FROM MIGRAD    STATUS=INITIATE       12 CALLS          13 TOTAL
                     EDM= unknown      STRATEGY= 1      NO ERROR MATRIX       
  EXT PARAMETER               CURRENT GUESS       STEP         FIRST   
  NO.   NAME      VALUE            ERROR          SIZE      DERIVATIVE 
   1  A_CBO        8.78574e-03   1.00000e-05   1.00000e-05   6.92432e+00
   2  w_CBO        2.32716e+00   1.00000e-02   2.13163e-02   1.99928e+00
   3  phi_CBO      2.25338e+00   1.00000e-02   3.31850e-03  -2.84496e-02
 MIGRAD MINIMIZATION HAS CONVERGED.
 MIGRAD WILL VERIFY CONVERGENCE AND ERROR MATRIX.
 COVARIANCE MATRIX CALCULATED SUCCESSFULLY
 FCN=0.199552 FROM MIGRAD    STATUS=CONVERGED      59 CALLS          60 TOTAL
                     EDM=7.80386e-05    STRATEGY= 1      ERROR MATRIX ACCURATE 
  EXT PARAMETER                                   STEP         FIRST   
  NO.   NAME      VALUE            ERROR          SIZE      DERIVATIVE 
   1  A_CBO        2.65798e-03   4.26265e-02   2.28034e-05  -2.95678e-02
   2  w_CBO        2.32680e+00   3.21223e-01   4.18584e-05   8.29497e-03
   3  phi_CBO      2.44098e+00   4.04345e+00   2.93574e-03  -3.48015e-04
 EXTERNAL ERROR MATRIX.    NDIM=  25    NPAR=  3    ERR DEF=1
  1.817e-03  8.317e-05  4.723e-02 
  8.317e-05  1.252e-01  5.774e+01 
  4.723e-02  5.774e+01  2.689e+04 
 PARAMETER  CORRELATION COEFFICIENTS  
       NO.  GLOBAL      1      2      3
        1  0.01415   1.000  0.006  0.007
        2  0.99525   0.006  1.000  0.995
        3  0.99525   0.007  0.995  1.000
setting A_CBO=0.002658 w_CBO=2.326798, phi_CBO=2.440983
done fitting cbo isolate
 **********
 **    1 **SET PRINTOUT            1
 **********
 **********
 **    2 **SET NOWARNINGS 
 **********
 PARAMETER DEFINITIONS:
    NO.   NAME         VALUE      STEP SIZE      LIMITS
     1 N0           3.07574e+06  1.00000e+02     no limits
     2 tau          6.44069e+01  constant
     3 A0           3.65045e-01  1.00000e-04     no limits
     4 phi          4.11943e+00  1.00000e-02     no limits
     5 R           -6.10412e+01  constant
     6 A_CBO        2.65798e-03  1.00000e-05     no limits
     7 w_CBO        2.32680e+00  1.00000e-03     no limits
     8 phi_CBO      2.44098e+00  1.00000e-04     no limits
     9 ANx2         1.88981e-04  constant
    10 pNx2         1.59299e+00  constant
    11 ANy1         0.00000e+00  constant
    12 pNy1         0.00000e+00  constant
    13 w_y          0.00000e+00  constant
    14 ANy2         1.39657e-02  1.00000e-04     no limits
    15 pNy2         4.84726e+00  constant
    16 w_vw         1.43184e+01  constant
    17 LM           1.57605e-04  constant
    18 wCBO_expCoeff   2.00000e+02  1.00000e+00     no limits
    19 wCBO_expOffset   2.00000e+02  1.00000e+00     no limits
    20 wCBO_expT    3.00000e+01  1.00000e+00     no limits
    21 wCBO_linCoeff   0.00000e+00  constant
    22 wCBO_const   0.00000e+00  1.00000e-02     no limits
MINUIT - FIT ONLY WIGGLE
 **********
 **    3 **FIX            5
 **********
 PARAMETER    5  IS CONSTANT.   IGNORED.
 **********
 **    4 **FIX            6
 **********
 **********
 **    5 **FIX            7
 **********
 **********
 **    6 **FIX            8
 **********
 **********
 **    7 **FIX            9
 **********
 PARAMETER    9  IS CONSTANT.   IGNORED.
 **********
 **    8 **FIX           10
 **********
 PARAMETER   10  IS CONSTANT.   IGNORED.
 **********
 **    9 **FIX           11
 **********
 PARAMETER   11  IS CONSTANT.   IGNORED.
 **********
 **   10 **FIX           12
 **********
 PARAMETER   12  IS CONSTANT.   IGNORED.
 **********
 **   11 **FIX           13
 **********
 PARAMETER   13  IS CONSTANT.   IGNORED.
 **********
 **   12 **FIX           14
 **********
 **********
 **   13 **FIX           15
 **********
 PARAMETER   15  IS CONSTANT.   IGNORED.
 **********
 **   14 **FIX           16
 **********
 PARAMETER   16  IS CONSTANT.   IGNORED.
 **********
 **   15 **MIGRAD
 **********
 FIRST CALL TO USER FUNCTION AT NEW START POINT, WITH IFLAG=4.
 START MIGRAD MINIMIZATION.  STRATEGY  1.  CONVERGENCE WHEN EDM .LT. 1.00e-04
 FCN=623.942 FROM MIGRAD    STATUS=INITIATE       30 CALLS          31 TOTAL
                     EDM= unknown      STRATEGY= 1      NO ERROR MATRIX       
  EXT PARAMETER               CURRENT GUESS       STEP         FIRST   
  NO.   NAME      VALUE            ERROR          SIZE      DERIVATIVE 
   1  N0           3.07574e+06   1.00000e+02   1.00000e+02  -2.68720e-04
   2  tau          6.44069e+01   constant   
   3  A0           3.65045e-01   1.00000e-04   1.00000e-04   1.21946e+03
   4  phi          4.11943e+00   1.00000e-02   1.00000e-02  -4.99863e+02
   5  R           -6.10412e+01   constant   
   6  A_CBO        2.65798e-03     fixed    
   7  w_CBO        2.32680e+00     fixed    
   8  phi_CBO      2.44098e+00     fixed    
   9  ANx2         1.88981e-04   constant   
  10  pNx2         1.59299e+00   constant   
  11  ANy1         0.00000e+00   constant   
  12  pNy1         0.00000e+00   constant   
  13  w_y          0.00000e+00   constant   
  14  ANy2         1.39657e-02     fixed    
  15  pNy2         4.84726e+00   constant   
  16  w_vw         1.43184e+01   constant   
  17  LM           1.57605e-04   constant   
  18  wCBO_expCoeff   2.00000e+02   1.00000e+00   1.00000e+00   8.88361e+00
  19  wCBO_expOffset   2.00000e+02   1.00000e+00   1.00000e+00   5.92201e+01
  20  wCBO_expT    3.00000e+01   1.00000e+00   1.00000e+00   3.47914e+02
  21  wCBO_linCoeff   0.00000e+00   constant   
  22  wCBO_const   0.00000e+00   1.00000e-02   1.00000e-02   2.17750e+03
 MIGRAD MINIMIZATION HAS CONVERGED.
 FCN=618.16 FROM MIGRAD    STATUS=CONVERGED     250 CALLS         251 TOTAL
                     EDM=1.01169e-07    STRATEGY= 1  ERROR MATRIX UNCERTAINTY   0.7 per cent
  EXT PARAMETER                                   STEP         FIRST   
  NO.   NAME      VALUE            ERROR          SIZE      DERIVATIVE 
   1  N0           3.07601e+06   1.80280e+03  -4.62484e+00   1.33919e-07
   2  tau          6.44069e+01   constant   
   3  A0           3.64687e-01   7.86698e-04  -1.01008e-06   2.51470e-01
   4  phi          4.12120e+00   2.25659e-03  -3.26945e-06   1.15007e-01
   5  R           -6.10412e+01   constant   
   6  A_CBO        2.65798e-03     fixed    
   7  w_CBO        2.32680e+00     fixed    
   8  phi_CBO      2.44098e+00     fixed    
   9  ANx2         1.88981e-04   constant   
  10  pNx2         1.59299e+00   constant   
  11  ANy1         0.00000e+00   constant   
  12  pNy1         0.00000e+00   constant   
  13  w_y          0.00000e+00   constant   
  14  ANy2         1.39657e-02     fixed    
  15  pNy2         4.84726e+00   constant   
  16  w_vw         1.43184e+01   constant   
  17  LM           1.57605e-04   constant   
  18  wCBO_expCoeff   2.06339e+02   2.70973e+00   8.98983e-03   2.89141e-04
  19  wCBO_expOffset   2.00948e+02   4.05795e-01   1.35220e-03   2.01607e-03
  20  wCBO_expT    2.96660e+01   1.39163e-01  -4.25065e-04   1.00646e-02
  21  wCBO_linCoeff   0.00000e+00   constant   
  22  wCBO_const   6.42410e-04   7.80590e-04  -1.13052e-07  -6.95454e-01
 EXTERNAL ERROR MATRIX.    NDIM=  25    NPAR=  7    ERR DEF=1
  3.250e+06  6.966e-02 -9.539e-03 -2.623e+02 -3.896e+01  1.274e+01  3.128e-02 
  6.966e-02  6.189e-07  1.542e-08  1.533e-04  2.325e-05 -7.742e-06  4.132e-09 
 -9.539e-03  1.542e-08  5.092e-06  3.943e-04  5.948e-05 -2.113e-05  1.445e-07 
 -2.623e+02  1.533e-04  3.943e-04  7.343e+00  1.091e+00 -3.757e-01  1.314e-03 
 -3.896e+01  2.325e-05  5.948e-05  1.091e+00  1.647e-01 -5.627e-02  1.966e-04 
  1.274e+01 -7.742e-06 -2.113e-05 -3.757e-01 -5.627e-02  1.937e-02 -7.116e-05 
  3.128e-02  4.132e-09  1.445e-07  1.314e-03  1.966e-04 -7.116e-05  6.093e-07 
 PARAMETER  CORRELATION COEFFICIENTS  
       NO.  GLOBAL      1      3      4     18     19     20     22
        1  0.10614   1.000  0.049 -0.002 -0.054 -0.053  0.051  0.022
        3  0.10549   0.049  1.000  0.009  0.072  0.073 -0.071  0.007
        4  0.08453  -0.002  0.009  1.000  0.064  0.065 -0.067  0.082
       18  0.99783  -0.054  0.072  0.064  1.000  0.992 -0.996  0.621
       19  0.99784  -0.053  0.073  0.065  0.992  1.000 -0.996  0.621
       20  0.99930   0.051 -0.071 -0.067 -0.996 -0.996  1.000 -0.655
       22  0.86037   0.022  0.007  0.082  0.621  0.621 -0.655  1.000
MINUIT - FIT ONLY 1-CBO + other amplitudes 
 **********
 **   16 **RES 
 **********
                   PARAMETER   14  ANy2 RESTORED TO VARIABLE.
                   PARAMETER    8  phi_CBO RESTORED TO VARIABLE.
                   PARAMETER    7  w_CBO RESTORED TO VARIABLE.
                   PARAMETER    6  A_CBO RESTORED TO VARIABLE.
 **********
 **   17 **FIX            0
 **********
 PARAMETER    0  IS UNDEFINED. IGNORED.
 **********
 **   18 **FIX            1
 **********
 **********
 **   19 **FIX            2
 **********
 PARAMETER    2  IS CONSTANT.   IGNORED.
 **********
 **   20 **FIX            3
 **********
 **********
 **   21 **FIX            4
 **********
 **********
 **   22 **FIX            9
 **********
 PARAMETER    9  IS CONSTANT.   IGNORED.
 **********
 **   23 **FIX           11
 **********
 PARAMETER   11  IS CONSTANT.   IGNORED.
 **********
 **   24 **FIX           12
 **********
 PARAMETER   12  IS CONSTANT.   IGNORED.
 **********
 **   25 **FIX           14
 **********
 **********
 **   26 **FIX           15
 **********
 PARAMETER   15  IS CONSTANT.   IGNORED.
 **********
 **   27 **FIX           16
 **********
 PARAMETER   16  IS CONSTANT.   IGNORED.
 **********
 **   28 **MIGRAD
 **********
 START MIGRAD MINIMIZATION.  STRATEGY  1.  CONVERGENCE WHEN EDM .LT. 1.00e-04
 FCN=618.16 FROM MIGRAD    STATUS=INITIATE       20 CALLS         271 TOTAL
                     EDM= unknown      STRATEGY= 1      NO ERROR MATRIX       
  EXT PARAMETER               CURRENT GUESS       STEP         FIRST   
  NO.   NAME      VALUE            ERROR          SIZE      DERIVATIVE 
   1  N0           3.07601e+06     fixed    
   2  tau          6.44069e+01   constant   
   3  A0           3.64687e-01     fixed    
   4  phi          4.12120e+00     fixed    
   5  R           -6.10412e+01   constant   
   6  A_CBO        2.65798e-03   1.00000e-05   1.00000e-05   3.01178e+03
   7  w_CBO        2.32680e+00   1.00000e-03   1.00000e-03  -2.70635e-01
   8  phi_CBO      2.44098e+00   1.00000e-04   1.00000e-04   3.87510e-01
   9  ANx2         1.88981e-04   constant   
  10  pNx2         1.59299e+00   constant   
  11  ANy1         0.00000e+00   constant   
  12  pNy1         0.00000e+00   constant   
  13  w_y          0.00000e+00   constant   
  14  ANy2         1.39657e-02     fixed    
  15  pNy2         4.84726e+00   constant   
  16  w_vw         1.43184e+01   constant   
  17  LM           1.57605e-04   constant   
  18  wCBO_expCoeff   2.06339e+02   2.70973e+00   8.98983e-03   2.89143e-04
  19  wCBO_expOffset   2.00948e+02   4.05795e-01   1.35220e-03   2.01608e-03
  20  wCBO_expT    2.96660e+01   1.39163e-01  -4.25065e-04   1.00647e-02
  21  wCBO_linCoeff   0.00000e+00   constant   
  22  wCBO_const   6.42410e-04   7.80590e-04  -1.13052e-07  -6.95449e-01
 MIGRAD MINIMIZATION HAS CONVERGED.
 MIGRAD WILL VERIFY CONVERGENCE AND ERROR MATRIX.
 COVARIANCE MATRIX CALCULATED SUCCESSFULLY
 FCN=616.225 FROM HESSE     STATUS=OK             50 CALLS         440 TOTAL
                     EDM=0.00122373    STRATEGY= 1      ERROR MATRIX ACCURATE 
  EXT PARAMETER                                   STEP         FIRST   
  NO.   NAME      VALUE            ERROR          SIZE      DERIVATIVE 
   1  N0           3.07601e+06     fixed    
   2  tau          6.44069e+01   constant   
   3  A0           3.64687e-01     fixed    
   4  phi          4.12120e+00     fixed    
   5  R           -6.10412e+01   constant   
   6  A_CBO        1.55656e-03   8.43665e-04   1.01423e-05  -4.00511e-01
   7  w_CBO        2.32624e+00   8.18456e-02   1.08458e-05  -1.65914e-01
   8  phi_CBO      1.41281e+00   1.42536e+00   6.53857e-03   2.01150e-04
   9  ANx2         1.88981e-04   constant   
  10  pNx2         1.59299e+00   constant   
  11  ANy1         0.00000e+00   constant   
  12  pNy1         0.00000e+00   constant   
  13  w_y          0.00000e+00   constant   
  14  ANy2         1.39657e-02     fixed    
  15  pNy2         4.84726e+00   constant   
  16  w_vw         1.43184e+01   constant   
  17  LM           1.57605e-04   constant   
  18  wCBO_expCoeff   2.06264e+02   5.34201e+00   3.18691e-03   6.69670e-03
  19  wCBO_expOffset   2.00937e+02   7.70112e-01   4.58340e-04   4.65633e-02
  20  wCBO_expT    2.96648e+01   1.31227e-01   7.88541e-05  -2.75491e-01
  21  wCBO_linCoeff   0.00000e+00   constant   
  22  wCBO_const   2.88858e-04   3.52165e-02   6.03086e-06  -1.76676e+00
 MIGRAD MINIMIZATION HAS CONVERGED.
 FCN=616.219 FROM MIGRAD    STATUS=CONVERGED     237 CALLS         488 TOTAL
                     EDM=8.85562e-08    STRATEGY= 1  ERROR MATRIX UNCERTAINTY   2.1 per cent
  EXT PARAMETER                                   STEP         FIRST   
  NO.   NAME      VALUE            ERROR          SIZE      DERIVATIVE 
   1  N0           3.07601e+06     fixed    
   2  tau          6.44069e+01   constant   
   3  A0           3.64687e-01     fixed    
   4  phi          4.12120e+00     fixed    
   5  R           -6.10412e+01   constant   
   6  A_CBO        1.54887e-03   8.52599e-04  -5.97138e-07   3.10443e-01
   7  w_CBO        2.32029e+00   9.67390e-02  -2.57398e-04   2.72249e-02
   8  phi_CBO      1.48700e+00   1.49016e+00   1.22508e-03  -7.96293e-05
   9  ANx2         1.88981e-04   constant   
  10  pNx2         1.59299e+00   constant   
  11  ANy1         0.00000e+00   constant   
  12  pNy1         0.00000e+00   constant   
  13  w_y          0.00000e+00   constant   
  14  ANy2         1.39657e-02     fixed    
  15  pNy2         4.84726e+00   constant   
  16  w_vw         1.43184e+01   constant   
  17  LM           1.57605e-04   constant   
  18  wCBO_expCoeff   2.06087e+02   5.66230e+00  -8.68188e-03   1.08651e-03
  19  wCBO_expOffset   2.00912e+02   8.18149e-01  -1.29092e-03   7.54738e-03
  20  wCBO_expT    2.96876e+01   2.54531e-01   1.04386e-03   4.21843e-02
  21  wCBO_linCoeff   0.00000e+00   constant   
  22  wCBO_const   2.83376e-03   4.14943e-02   1.08387e-04  -1.61890e-01
 EXTERNAL ERROR MATRIX.    NDIM=  25    NPAR=  7    ERR DEF=1
  7.269e-07  8.539e-06  1.466e-05  2.394e-04  3.525e-05 -3.081e-05 -3.639e-06 
  8.539e-06  9.358e-03 -4.225e-02 -1.029e-01 -1.463e-02 -1.607e-02 -4.013e-03 
  1.466e-05 -4.225e-02  2.221e+00 -1.325e+00 -1.952e-01  1.746e-01  1.898e-02 
  2.394e-04 -1.029e-01 -1.325e+00  3.206e+01 -2.788e-01 -5.398e-01  4.484e-02 
  3.525e-05 -1.463e-02 -1.952e-01 -2.788e-01  6.694e-01 -7.914e-02  6.375e-03 
 -3.081e-05 -1.607e-02  1.746e-01 -5.398e-01 -7.914e-02  6.479e-02  6.856e-03 
 -3.639e-06 -4.013e-03  1.898e-02  4.484e-02  6.375e-03  6.856e-03  1.722e-03 
 PARAMETER  CORRELATION COEFFICIENTS  
       NO.  GLOBAL      6      7      8     18     19     20     22
        6  0.19087   1.000  0.104  0.012  0.050  0.051 -0.142 -0.103
        7  0.99996   0.104  1.000 -0.293 -0.188 -0.185 -0.653 -1.000
        8  0.93659   0.012 -0.293  1.000 -0.157 -0.160  0.460  0.307
       18  0.99898   0.050 -0.188 -0.157  1.000 -0.060 -0.375  0.191
       19  0.99899   0.051 -0.185 -0.160 -0.060  1.000 -0.380  0.188
       20  0.99969  -0.142 -0.653  0.460 -0.375 -0.380  1.000  0.649
       22  0.99993  -0.103 -1.000  0.307  0.191  0.188  0.649  1.000
MINUIT - FIT ONLY 1-CBO
 **********
 **   29 **RES 
 **********
                   PARAMETER   14  ANy2 RESTORED TO VARIABLE.
                   PARAMETER    4  phi RESTORED TO VARIABLE.
                   PARAMETER    3  A0 RESTORED TO VARIABLE.
                   PARAMETER    1  N0 RESTORED TO VARIABLE.
 **********
 **   30 **FIX            0
 **********
 PARAMETER    0  IS UNDEFINED. IGNORED.
 **********
 **   31 **FIX            1
 **********
 **********
 **   32 **FIX            2
 **********
 PARAMETER    2  IS CONSTANT.   IGNORED.
 **********
 **   33 **FIX            3
 **********
 **********
 **   34 **FIX            4
 **********
 **********
 **   35 **FIX            8
 **********
 **********
 **   36 **FIX            9
 **********
 PARAMETER    9  IS CONSTANT.   IGNORED.
 **********
 **   37 **FIX           11
 **********
 PARAMETER   11  IS CONSTANT.   IGNORED.
 **********
 **   38 **FIX           12
 **********
 PARAMETER   12  IS CONSTANT.   IGNORED.
 **********
 **   39 **FIX           13
 **********
 PARAMETER   13  IS CONSTANT.   IGNORED.
 **********
 **   40 **FIX           15
 **********
 PARAMETER   15  IS CONSTANT.   IGNORED.
 **********
 **   41 **FIX           16
 **********
 PARAMETER   16  IS CONSTANT.   IGNORED.
 **********
 **   42 **MIGRAD
 **********
 START MIGRAD MINIMIZATION.  STRATEGY  1.  CONVERGENCE WHEN EDM .LT. 1.00e-04
 FCN=616.219 FROM MIGRAD    STATUS=INITIATE       16 CALLS         504 TOTAL
                     EDM= unknown      STRATEGY= 1      NO ERROR MATRIX       
  EXT PARAMETER               CURRENT GUESS       STEP         FIRST   
  NO.   NAME      VALUE            ERROR          SIZE      DERIVATIVE 
   1  N0           3.07601e+06     fixed    
   2  tau          6.44069e+01   constant   
   3  A0           3.64687e-01     fixed    
   4  phi          4.12120e+00     fixed    
   5  R           -6.10412e+01   constant   
   6  A_CBO        1.54887e-03   8.52599e-04  -5.97138e-07   3.10443e-01
   7  w_CBO        2.32029e+00   9.67390e-02  -2.57398e-04   2.72253e-02
   8  phi_CBO      1.48700e+00     fixed    
   9  ANx2         1.88981e-04   constant   
  10  pNx2         1.59299e+00   constant   
  11  ANy1         0.00000e+00   constant   
  12  pNy1         0.00000e+00   constant   
  13  w_y          0.00000e+00   constant   
  14  ANy2         1.39657e-02   1.00000e-04   1.00000e-04   4.12343e+04
  15  pNy2         4.84726e+00   constant   
  16  w_vw         1.43184e+01   constant   
  17  LM           1.57605e-04   constant   
  18  wCBO_expCoeff   2.06087e+02   5.66230e+00  -8.68188e-03   1.08652e-03
  19  wCBO_expOffset   2.00912e+02   8.18149e-01  -1.29092e-03   7.54741e-03
  20  wCBO_expT    2.96876e+01   2.54531e-01   1.04386e-03   4.21846e-02
  21  wCBO_linCoeff   0.00000e+00   constant   
  22  wCBO_const   2.83376e-03   4.14943e-02   1.08387e-04  -1.61890e-01
 MIGRAD MINIMIZATION HAS CONVERGED.
 MIGRAD WILL VERIFY CONVERGENCE AND ERROR MATRIX.
 COVARIANCE MATRIX CALCULATED SUCCESSFULLY
 FCN=315.185 FROM MIGRAD    STATUS=CONVERGED     260 CALLS         748 TOTAL
                     EDM=5.27532e-07    STRATEGY= 1      ERROR MATRIX ACCURATE 
  EXT PARAMETER                                   STEP         FIRST   
  NO.   NAME      VALUE            ERROR          SIZE      DERIVATIVE 
   1  N0           3.07601e+06     fixed    
   2  tau          6.44069e+01   constant   
   3  A0           3.64687e-01     fixed    
   4  phi          4.12120e+00     fixed    
   5  R           -6.10412e+01   constant   
   6  A_CBO        8.36286e-04   8.62269e-04   7.25350e-06   6.81481e-01
   7  w_CBO        2.31928e+00   2.64987e-02   1.08590e-05   9.54715e-02
   8  phi_CBO      1.48700e+00     fixed    
   9  ANx2         1.88981e-04   constant   
  10  pNx2         1.59299e+00   constant   
  11  ANy1         0.00000e+00   constant   
  12  pNy1         0.00000e+00   constant   
  13  w_y          0.00000e+00   constant   
  14  ANy2        -7.02906e-04   8.40556e-04   7.28207e-06  -2.84973e-01
  15  pNy2         4.84726e+00   constant   
  16  w_vw         1.43184e+01   constant   
  17  LM           1.57605e-04   constant   
  18  wCBO_expCoeff   2.04498e+02   4.58006e+00   4.47723e-03  -3.81571e-04
  19  wCBO_expOffset   2.00683e+02   6.66387e-01   6.51397e-04  -2.62316e-03
  20  wCBO_expT    2.97467e+01   1.08880e-01   1.07138e-04  -2.10351e-02
  21  wCBO_linCoeff   0.00000e+00   constant   
  22  wCBO_const   3.26296e-03   1.14418e-02   5.47950e-06   2.98702e-01
 EXTERNAL ERROR MATRIX.    NDIM=  25    NPAR=  7    ERR DEF=1
  7.435e-07  2.457e-07 -3.595e-08  1.017e-04  1.482e-05 -2.439e-06 -1.393e-07 
  2.457e-07  7.022e-04  4.068e-08 -2.124e-02 -3.099e-03 -4.757e-04 -3.024e-04 
 -3.595e-08  4.068e-08  7.065e-07  2.934e-05  4.274e-06 -1.173e-06 -2.007e-08 
  1.017e-04 -2.124e-02  2.934e-05  2.098e+01 -1.476e+00 -2.174e-01  9.659e-03 
  1.482e-05 -3.099e-03  4.274e-06 -1.476e+00  4.441e-01 -3.164e-02  1.409e-03 
 -2.439e-06 -4.757e-04 -1.173e-06 -2.174e-01 -3.164e-02  1.185e-02  1.716e-04 
 -1.393e-07 -3.024e-04 -2.007e-08  9.659e-03  1.409e-03  1.716e-04  1.309e-04 
 PARAMETER  CORRELATION COEFFICIENTS  
       NO.  GLOBAL      6      7     14     18     19     20     22
        6  0.24642   1.000  0.011 -0.050  0.026  0.026 -0.026 -0.014
        7  0.99888   0.011  1.000  0.002 -0.175 -0.176 -0.165 -0.997
       14  0.06617  -0.050  0.002  1.000  0.008  0.008 -0.013 -0.002
       18  0.99351   0.026 -0.175  0.008  1.000 -0.484 -0.436  0.184
       19  0.99351   0.026 -0.176  0.008 -0.484  1.000 -0.436  0.185
       20  0.99344  -0.026 -0.165 -0.013 -0.436 -0.436  1.000  0.138
       22  0.99847  -0.014 -0.997 -0.002  0.184  0.185  0.138  1.000
MINUIT - FIT ONLY 2-CBO
 **********
 **   43 **RES 
 **********
                   PARAMETER    8  phi_CBO RESTORED TO VARIABLE.
                   PARAMETER    4  phi RESTORED TO VARIABLE.
                   PARAMETER    3  A0 RESTORED TO VARIABLE.
                   PARAMETER    1  N0 RESTORED TO VARIABLE.
 **********
 **   44 **FIX            0
 **********
 PARAMETER    0  IS UNDEFINED. IGNORED.
 **********
 **   45 **FIX            1
 **********
 **********
 **   46 **FIX            2
 **********
 PARAMETER    2  IS CONSTANT.   IGNORED.
 **********
 **   47 **FIX            3
 **********
 **********
 **   48 **FIX            4
 **********
 **********
 **   49 **FIX            5
 **********
 PARAMETER    5  IS CONSTANT.   IGNORED.
 **********
 **   50 **FIX            6
 **********
 **********
 **   51 **FIX            7
 **********
 **********
 **   52 **FIX           10
 **********
 PARAMETER   10  IS CONSTANT.   IGNORED.
 **********
 **   53 **FIX           11
 **********
 PARAMETER   11  IS CONSTANT.   IGNORED.
 **********
 **   54 **FIX           12
 **********
 PARAMETER   12  IS CONSTANT.   IGNORED.
 **********
 **   55 **FIX           13
 **********
 PARAMETER   13  IS CONSTANT.   IGNORED.
 **********
 **   56 **FIX           14
 **********
 **********
 **   57 **FIX           15
 **********
 PARAMETER   15  IS CONSTANT.   IGNORED.
 **********
 **   58 **FIX           16
 **********
 PARAMETER   16  IS CONSTANT.   IGNORED.
 **********
 **   59 **MIGRAD
 **********
 START MIGRAD MINIMIZATION.  STRATEGY  1.  CONVERGENCE WHEN EDM .LT. 1.00e-04
 FCN=315.185 FROM MIGRAD    STATUS=INITIATE       12 CALLS         760 TOTAL
                     EDM= unknown      STRATEGY= 1      NO ERROR MATRIX       
  EXT PARAMETER               CURRENT GUESS       STEP         FIRST   
  NO.   NAME      VALUE            ERROR          SIZE      DERIVATIVE 
   1  N0           3.07601e+06     fixed    
   2  tau          6.44069e+01   constant   
   3  A0           3.64687e-01     fixed    
   4  phi          4.12120e+00     fixed    
   5  R           -6.10412e+01   constant   
   6  A_CBO        8.36286e-04     fixed    
   7  w_CBO        2.31928e+00     fixed    
   8  phi_CBO      1.48700e+00   1.49016e+00   1.49016e+00   3.93600e-01
   9  ANx2         1.88981e-04   constant   
  10  pNx2         1.59299e+00   constant   
  11  ANy1         0.00000e+00   constant   
  12  pNy1         0.00000e+00   constant   
  13  w_y          0.00000e+00   constant   
  14  ANy2        -7.02906e-04     fixed    
  15  pNy2         4.84726e+00   constant   
  16  w_vw         1.43184e+01   constant   
  17  LM           1.57605e-04   constant   
  18  wCBO_expCoeff   2.04498e+02   4.58006e+00   4.47723e-03  -3.89180e-04
  19  wCBO_expOffset   2.00683e+02   6.66387e-01   6.51397e-04  -2.67510e-03
  20  wCBO_expT    2.97467e+01   1.08880e-01   1.07138e-04  -2.13102e-02
  21  wCBO_linCoeff   0.00000e+00   constant   
  22  wCBO_const   3.26296e-03   1.14418e-02   5.47950e-06   2.96080e-01
 MIGRAD MINIMIZATION HAS CONVERGED.
 MIGRAD WILL VERIFY CONVERGENCE AND ERROR MATRIX.
 COVARIANCE MATRIX CALCULATED SUCCESSFULLY
 FCN=315.121 FROM HESSE     STATUS=OK             31 CALLS         837 TOTAL
                     EDM=0.000268264    STRATEGY= 1      ERROR MATRIX ACCURATE 
  EXT PARAMETER                                   STEP         FIRST   
  NO.   NAME      VALUE            ERROR          SIZE      DERIVATIVE 
   1  N0           3.07601e+06     fixed    
   2  tau          6.44069e+01   constant   
   3  A0           3.64687e-01     fixed    
   4  phi          4.12120e+00     fixed    
   5  R           -6.10412e+01   constant   
   6  A_CBO        8.36286e-04     fixed    
   7  w_CBO        2.31928e+00     fixed    
   8  phi_CBO      1.16309e+00   1.28212e+00   8.73162e-03  -5.93663e-05
   9  ANx2         1.88981e-04   constant   
  10  pNx2         1.59299e+00   constant   
  11  ANy1         0.00000e+00   constant   
  12  pNy1         0.00000e+00   constant   
  13  w_y          0.00000e+00   constant   
  14  ANy2        -7.02906e-04     fixed    
  15  pNy2         4.84726e+00   constant   
  16  w_vw         1.43184e+01   constant   
  17  LM           1.57605e-04   constant   
  18  wCBO_expCoeff   2.04493e+02   5.26902e+00   4.17810e-03   1.52833e-03
  19  wCBO_expOffset   2.00682e+02   7.66631e-01   6.07761e-04   1.05066e-02
  20  wCBO_expT    2.97465e+01   1.24104e-01   1.00431e-04  -2.02983e-01
  21  wCBO_linCoeff   0.00000e+00   constant   
  22  wCBO_const   3.15181e-03   9.92756e-04   5.46939e-06  -1.12844e-01
 MIGRAD MINIMIZATION HAS CONVERGED.
 FCN=315.12 FROM MIGRAD    STATUS=CONVERGED     101 CALLS         849 TOTAL
                     EDM=5.17665e-07    STRATEGY= 1  ERROR MATRIX UNCERTAINTY  13.4 per cent
  EXT PARAMETER                                   STEP         FIRST   
  NO.   NAME      VALUE            ERROR          SIZE      DERIVATIVE 
   1  N0           3.07601e+06     fixed    
   2  tau          6.44069e+01   constant   
   3  A0           3.64687e-01     fixed    
   4  phi          4.12120e+00     fixed    
   5  R           -6.10412e+01   constant   
   6  A_CBO        8.36286e-04     fixed    
   7  w_CBO        2.31928e+00     fixed    
   8  phi_CBO      1.15693e+00   1.29227e+00  -6.15217e-03   6.72834e-04
   9  ANx2         1.88981e-04   constant   
  10  pNx2         1.59299e+00   constant   
  11  ANy1         0.00000e+00   constant   
  12  pNy1         0.00000e+00   constant   
  13  w_y          0.00000e+00   constant   
  14  ANy2        -7.02906e-04     fixed    
  15  pNy2         4.84726e+00   constant   
  16  w_vw         1.43184e+01   constant   
  17  LM           1.57605e-04   constant   
  18  wCBO_expCoeff   2.04289e+02   7.33826e+00  -2.04184e-01  -9.61073e-04
  19  wCBO_expOffset   2.00652e+02   1.06822e+00  -2.97315e-02  -6.59485e-03
  20  wCBO_expT    2.97567e+01   2.82856e-01   1.01587e-02  -5.10359e-02
  21  wCBO_linCoeff   0.00000e+00   constant   
  22  wCBO_const   3.12096e-03   1.25650e-03  -3.08469e-05  -9.15767e-01
 EXTERNAL ERROR MATRIX.    NDIM=  25    NPAR=  5    ERR DEF=1
  1.670e+00  1.058e+00  1.541e-01 -5.058e-02  7.150e-04 
  1.058e+00  5.385e+01  1.586e+00 -1.607e+00  4.776e-03 
  1.541e-01  1.586e+00  1.141e+00 -2.340e-01  6.955e-04 
 -5.058e-02 -1.607e+00 -2.340e-01  8.001e-02 -2.446e-04 
  7.150e-04  4.776e-03  6.955e-04 -2.446e-04  1.579e-06 
 PARAMETER  CORRELATION COEFFICIENTS  
       NO.  GLOBAL      8     18     19     20     22
        8  0.62780   1.000  0.112  0.112 -0.138  0.440
       18  0.99785   0.112  1.000  0.202 -0.774  0.518
       19  0.99786   0.112  0.202  1.000 -0.774  0.518
       20  0.99916  -0.138 -0.774 -0.774  1.000 -0.688
       22  0.86522   0.440  0.518  0.518 -0.688  1.000
MINUIT - FIT ONLY 1-y
 **********
 **   60 **RES 
 **********
                   PARAMETER   14  ANy2 RESTORED TO VARIABLE.
                   PARAMETER    7  w_CBO RESTORED TO VARIABLE.
                   PARAMETER    6  A_CBO RESTORED TO VARIABLE.
                   PARAMETER    4  phi RESTORED TO VARIABLE.
                   PARAMETER    3  A0 RESTORED TO VARIABLE.
                   PARAMETER    1  N0 RESTORED TO VARIABLE.
 **********
 **   61 **FIX            0
 **********
 PARAMETER    0  IS UNDEFINED. IGNORED.
 **********
 **   62 **FIX            1
 **********
 **********
 **   63 **FIX            2
 **********
 PARAMETER    2  IS CONSTANT.   IGNORED.
 **********
 **   64 **FIX            3
 **********
 **********
 **   65 **FIX            4
 **********
 **********
 **   66 **FIX            5
 **********
 PARAMETER    5  IS CONSTANT.   IGNORED.
 **********
 **   67 **FIX            6
 **********
 **********
 **   68 **FIX            7
 **********
 **********
 **   69 **FIX            8
 **********
 **********
 **   70 **FIX            9
 **********
 PARAMETER    9  IS CONSTANT.   IGNORED.
 **********
 **   71 **FIX           13
 **********
 PARAMETER   13  IS CONSTANT.   IGNORED.
 **********
 **   72 **FIX           14
 **********
 **********
 **   73 **FIX           15
 **********
 PARAMETER   15  IS CONSTANT.   IGNORED.
 **********
 **   74 **FIX           16
 **********
 PARAMETER   16  IS CONSTANT.   IGNORED.
 **********
 **   75 **MIGRAD
 **********
 START MIGRAD MINIMIZATION.  STRATEGY  1.  CONVERGENCE WHEN EDM .LT. 1.00e-04
 FCN=315.12 FROM MIGRAD    STATUS=INITIATE        8 CALLS         857 TOTAL
                     EDM= unknown      STRATEGY= 1      NO ERROR MATRIX       
  EXT PARAMETER               CURRENT GUESS       STEP         FIRST   
  NO.   NAME      VALUE            ERROR          SIZE      DERIVATIVE 
   1  N0           3.07601e+06     fixed    
   2  tau          6.44069e+01   constant   
   3  A0           3.64687e-01     fixed    
   4  phi          4.12120e+00     fixed    
   5  R           -6.10412e+01   constant   
   6  A_CBO        8.36286e-04     fixed    
   7  w_CBO        2.31928e+00     fixed    
   8  phi_CBO      1.15693e+00     fixed    
   9  ANx2         1.88981e-04   constant   
  10  pNx2         1.59299e+00   constant   
  11  ANy1         0.00000e+00   constant   
  12  pNy1         0.00000e+00   constant   
  13  w_y          0.00000e+00   constant   
  14  ANy2        -7.02906e-04     fixed    
  15  pNy2         4.84726e+00   constant   
  16  w_vw         1.43184e+01   constant   
  17  LM           1.57605e-04   constant   
  18  wCBO_expCoeff   2.04289e+02   7.33826e+00  -2.04184e-01  -9.60182e-04
  19  wCBO_expOffset   2.00652e+02   1.06822e+00  -2.97315e-02  -6.58941e-03
  20  wCBO_expT    2.97567e+01   2.82856e-01   1.01587e-02  -5.10108e-02
  21  wCBO_linCoeff   0.00000e+00   constant   
  22  wCBO_const   3.12096e-03   1.25650e-03  -3.08469e-05  -9.15764e-01
 MIGRAD MINIMIZATION HAS CONVERGED.
 MIGRAD WILL VERIFY CONVERGENCE AND ERROR MATRIX.
 COVARIANCE MATRIX CALCULATED SUCCESSFULLY
 FCN=315.12 FROM MIGRAD    STATUS=CONVERGED      47 CALLS         896 TOTAL
                     EDM=7.94667e-07    STRATEGY= 1      ERROR MATRIX ACCURATE 
  EXT PARAMETER                                   STEP         FIRST   
  NO.   NAME      VALUE            ERROR          SIZE      DERIVATIVE 
   1  N0           3.07601e+06     fixed    
   2  tau          6.44069e+01   constant   
   3  A0           3.64687e-01     fixed    
   4  phi          4.12120e+00     fixed    
   5  R           -6.10412e+01   constant   
   6  A_CBO        8.36286e-04     fixed    
   7  w_CBO        2.31928e+00     fixed    
   8  phi_CBO      1.15693e+00     fixed    
   9  ANx2         1.88981e-04   constant   
  10  pNx2         1.59299e+00   constant   
  11  ANy1         0.00000e+00   constant   
  12  pNy1         0.00000e+00   constant   
  13  w_y          0.00000e+00   constant   
  14  ANy2        -7.02906e-04     fixed    
  15  pNy2         4.84726e+00   constant   
  16  w_vw         1.43184e+01   constant   
  17  LM           1.57605e-04   constant   
  18  wCBO_expCoeff   2.04289e+02   5.23937e+00   4.11524e-03   2.21805e-04
  19  wCBO_expOffset   2.00652e+02   7.63368e-01   5.99427e-04   1.52276e-03
  20  wCBO_expT    2.97567e+01   1.23369e-01   9.91893e-05  -1.74178e-03
  21  wCBO_linCoeff   0.00000e+00   constant   
  22  wCBO_const   3.12101e-03   8.82381e-04   5.47155e-06  -2.08354e-01
 EXTERNAL ERROR MATRIX.    NDIM=  25    NPAR=  4    ERR DEF=1
  2.745e+01 -2.205e+00 -3.038e-01  7.559e-04 
 -2.205e+00  5.827e-01 -4.430e-02  1.102e-04 
 -3.038e-01 -4.430e-02  1.522e-02 -4.537e-05 
  7.559e-04  1.102e-04 -4.537e-05  7.786e-07 
 PARAMETER  CORRELATION COEFFICIENTS  
       NO.  GLOBAL     18     19     20     22
       18  0.99590   1.000 -0.551 -0.470  0.163
       19  0.99590  -0.551  1.000 -0.470  0.164
       20  0.99570  -0.470 -0.470  1.000 -0.417
       22  0.69987   0.163  0.164 -0.417  1.000
MINUIT - FIT ONLY 2-y
 **********
 **   76 **RES 
 **********
                   PARAMETER   14  ANy2 RESTORED TO VARIABLE.
                   PARAMETER    8  phi_CBO RESTORED TO VARIABLE.
                   PARAMETER    7  w_CBO RESTORED TO VARIABLE.
                   PARAMETER    6  A_CBO RESTORED TO VARIABLE.
                   PARAMETER    4  phi RESTORED TO VARIABLE.
                   PARAMETER    3  A0 RESTORED TO VARIABLE.
                   PARAMETER    1  N0 RESTORED TO VARIABLE.
 **********
 **   77 **FIX            0
 **********
 PARAMETER    0  IS UNDEFINED. IGNORED.
 **********
 **   78 **FIX            1
 **********
 **********
 **   79 **FIX            2
 **********
 PARAMETER    2  IS CONSTANT.   IGNORED.
 **********
 **   80 **FIX            3
 **********
 **********
 **   81 **FIX            4
 **********
 **********
 **   82 **FIX            5
 **********
 PARAMETER    5  IS CONSTANT.   IGNORED.
 **********
 **   83 **FIX            6
 **********
 **********
 **   84 **FIX            7
 **********
 **********
 **   85 **FIX            8
 **********
 **********
 **   86 **FIX            9
 **********
 PARAMETER    9  IS CONSTANT.   IGNORED.
 **********
 **   87 **FIX           10
 **********
 PARAMETER   10  IS CONSTANT.   IGNORED.
 **********
 **   88 **FIX           11
 **********
 PARAMETER   11  IS CONSTANT.   IGNORED.
 **********
 **   89 **FIX           12
 **********
 PARAMETER   12  IS CONSTANT.   IGNORED.
 **********
 **   90 **FIX           16
 **********
 PARAMETER   16  IS CONSTANT.   IGNORED.
 **********
 **   91 **MIGRAD
 **********
 START MIGRAD MINIMIZATION.  STRATEGY  1.  CONVERGENCE WHEN EDM .LT. 1.00e-04
 FCN=315.12 FROM MIGRAD    STATUS=INITIATE       10 CALLS         906 TOTAL
                     EDM= unknown      STRATEGY= 1      NO ERROR MATRIX       
  EXT PARAMETER               CURRENT GUESS       STEP         FIRST   
  NO.   NAME      VALUE            ERROR          SIZE      DERIVATIVE 
   1  N0           3.07601e+06     fixed    
   2  tau          6.44069e+01   constant   
   3  A0           3.64687e-01     fixed    
   4  phi          4.12120e+00     fixed    
   5  R           -6.10412e+01   constant   
   6  A_CBO        8.36286e-04     fixed    
   7  w_CBO        2.31928e+00     fixed    
   8  phi_CBO      1.15693e+00     fixed    
   9  ANx2         1.88981e-04   constant   
  10  pNx2         1.59299e+00   constant   
  11  ANy1         0.00000e+00   constant   
  12  pNy1         0.00000e+00   constant   
  13  w_y          0.00000e+00   constant   
  14  ANy2        -7.02906e-04   8.40556e-04   8.40556e-04  -1.67622e+01
  15  pNy2         4.84726e+00   constant   
  16  w_vw         1.43184e+01   constant   
  17  LM           1.57605e-04   constant   
  18  wCBO_expCoeff   2.04289e+02   5.23937e+00   4.11524e-03   2.16710e-04
  19  wCBO_expOffset   2.00652e+02   7.63368e-01   5.99427e-04   1.48819e-03
  20  wCBO_expT    2.97567e+01   1.23369e-01   9.91893e-05  -1.91899e-03
  21  wCBO_linCoeff   0.00000e+00   constant   
  22  wCBO_const   3.12101e-03   8.82381e-04   5.47155e-06  -2.05106e-01
 MIGRAD MINIMIZATION HAS CONVERGED.
 MIGRAD WILL VERIFY CONVERGENCE AND ERROR MATRIX.
 COVARIANCE MATRIX CALCULATED SUCCESSFULLY
 FCN=315.12 FROM MIGRAD    STATUS=CONVERGED      52 CALLS         948 TOTAL
                     EDM=6.2364e-07    STRATEGY= 1      ERROR MATRIX ACCURATE 
  EXT PARAMETER                                   STEP         FIRST   
  NO.   NAME      VALUE            ERROR          SIZE      DERIVATIVE 
   1  N0           3.07601e+06     fixed    
   2  tau          6.44069e+01   constant   
   3  A0           3.64687e-01     fixed    
   4  phi          4.12120e+00     fixed    
   5  R           -6.10412e+01   constant   
   6  A_CBO        8.36286e-04     fixed    
   7  w_CBO        2.31928e+00     fixed    
   8  phi_CBO      1.15693e+00     fixed    
   9  ANx2         1.88981e-04   constant   
  10  pNx2         1.59299e+00   constant   
  11  ANy1         0.00000e+00   constant   
  12  pNy1         0.00000e+00   constant   
  13  w_y          0.00000e+00   constant   
  14  ANy2        -6.97011e-04   8.39433e-04   7.28130e-06   5.78054e-03
  15  pNy2         4.84726e+00   constant   
  16  w_vw         1.43184e+01   constant   
  17  LM           1.57605e-04   constant   
  18  wCBO_expCoeff   2.04289e+02   5.23990e+00   4.11553e-03  -1.04349e-03
  19  wCBO_expOffset   2.00652e+02   7.63476e-01   5.99469e-04  -7.16379e-03
  20  wCBO_expT    2.97567e+01   1.23400e-01   9.91956e-05  -5.11918e-02
  21  wCBO_linCoeff   0.00000e+00   constant   
  22  wCBO_const   3.12105e-03   8.82389e-04   5.47158e-06  -4.71045e-01
 EXTERNAL ERROR MATRIX.    NDIM=  25    NPAR=  5    ERR DEF=1
  7.046e-07  4.390e-05  6.407e-06 -1.749e-06 -2.647e-09 
  4.390e-05  2.746e+01 -2.205e+00 -3.039e-01  7.556e-04 
  6.407e-06 -2.205e+00  5.829e-01 -4.433e-02  1.102e-04 
 -1.749e-06 -3.039e-01 -4.433e-02  1.523e-02 -4.536e-05 
 -2.647e-09  7.556e-04  1.102e-04 -4.536e-05  7.786e-07 
