 + ++++++++++++++++++++++++++++++++++++++++++++++++++++++++++++++++++++ +
 +                                                                      +
 +           You have chose to blind your fitting according to          +
 +                omega_ref * (1 + (R +/- deltaR) *10^{-6})             +
 +                                                                      +
 + ++++++++++++++++++++++++++++++++++++++++++++++++++++++++++++++++++++ +
In main()...
reading format from /gm2data/zkhechad/run45/envelope/formats/formatB_sBin_constraintOn.txt
pBinTau 	= 0  
pBinPhi 	= 0  
constraintau 	= 1 
includeMopTerm 	= 0    
constrainMop    = 0   
Parameters after format file: pBinTau 0 pBinPhi 0 constraintau 1 includeMopTerm 0 constrainMop 0 c_e_scale 0.000000 
reading cbo reference file (full fit) from /gm2data/zkhechad/cboTemplates/Run4CBOTemplates/fullFits/run4/sBin_constraintOn_cE0.0_seed0_run4_calo5.root
A_CBO 0.008637 w_CBO 2.327270 phi_CBO 4.582201 N0 2703588.677157 R -62.169895 tau 64.408322 
Reading cboRef file /gm2data/zkhechad/cboTemplates/Run4CBOTemplates//cboIsolate/run4_calo5.root
deltaT 164.120000
windowBins = 1100
fitting sliding window 1460 from bin 1663 at 248.119600 to bin 2763 at 412.239600 (1100 bins)

Reading data from /gm2data/cornell/histograms/aMethod/histogram_a_run4.root
fitting cbo isolate
 **********
 **    1 **SET PRINTOUT            1
 **********
 **********
 **    2 **SET NOWARNINGS 
 **********
 PARAMETER DEFINITIONS:
    NO.   NAME         VALUE      STEP SIZE      LIMITS
     1 A_CBO        8.63683e-03  1.00000e-05     no limits
     2 w_CBO        2.32727e+00  1.00000e-02    2.00000e+00  3.00000e+00
     3 phi_CBO      4.58220e+00  1.00000e-02    0.00000e+00  6.28319e+00
 **********
 **    3 **MIGRAD
 **********
 FIRST CALL TO USER FUNCTION AT NEW START POINT, WITH IFLAG=4.
 START MIGRAD MINIMIZATION.  STRATEGY  1.  CONVERGENCE WHEN EDM .LT. 1.00e-04
 FCN=0.0563946 FROM MIGRAD    STATUS=INITIATE       12 CALLS          13 TOTAL
                     EDM= unknown      STRATEGY= 1      NO ERROR MATRIX       
  EXT PARAMETER               CURRENT GUESS       STEP         FIRST   
  NO.   NAME      VALUE            ERROR          SIZE      DERIVATIVE 
   1  A_CBO        8.63683e-03   1.00000e-05   1.00000e-05   7.02768e+00
   2  w_CBO        2.32727e+00   1.00000e-02   2.13144e-02   1.12845e-01
   3  phi_CBO      4.58220e+00   1.00000e-02   3.58191e-03  -1.64596e-03
 MIGRAD MINIMIZATION HAS CONVERGED.
 MIGRAD WILL VERIFY CONVERGENCE AND ERROR MATRIX.
 COVARIANCE MATRIX CALCULATED SUCCESSFULLY
 FCN=0.0339013 FROM MIGRAD    STATUS=CONVERGED      41 CALLS          42 TOTAL
                     EDM=2.28795e-05    STRATEGY= 1      ERROR MATRIX ACCURATE 
  EXT PARAMETER                                   STEP         FIRST   
  NO.   NAME      VALUE            ERROR          SIZE      DERIVATIVE 
   1  A_CBO        2.23545e-03   4.30812e-02   2.11916e-05  -2.02338e-05
   2  w_CBO        2.32716e+00   6.58050e-01   6.27636e-05  -2.31391e-02
   3  phi_CBO      4.60930e+00   3.68084e+00   3.41581e-03   5.32798e-04
 EXTERNAL ERROR MATRIX.    NDIM=  25    NPAR=  3    ERR DEF=1
  1.856e-03 -2.643e-03 -8.777e-01 
 -2.643e-03  2.233e-01  7.140e+01 
 -8.777e-01  7.140e+01  2.320e+04 
 PARAMETER  CORRELATION COEFFICIENTS  
       NO.  GLOBAL      1      2      3
        1  0.13566   1.000 -0.130 -0.134
        2  0.99209  -0.130  1.000  0.992
        3  0.99210  -0.134  0.992  1.000
setting A_CBO=0.002235 w_CBO=2.327162, phi_CBO=4.609299
done fitting cbo isolate
 **********
 **    1 **SET PRINTOUT            1
 **********
 **********
 **    2 **SET NOWARNINGS 
 **********
 PARAMETER DEFINITIONS:
    NO.   NAME         VALUE      STEP SIZE      LIMITS
     1 N0           2.70359e+06  1.00000e+02     no limits
     2 tau          6.44083e+01  constant
     3 A0           3.58550e-01  1.00000e-04     no limits
     4 phi          4.11640e+00  1.00000e-02     no limits
     5 R           -6.21699e+01  constant
     6 A_CBO        2.23545e-03  1.00000e-05     no limits
     7 w_CBO        2.32716e+00  1.00000e-03     no limits
     8 phi_CBO      4.60930e+00  1.00000e-04     no limits
     9 ANx2         2.34902e-04  constant
    10 pNx2         5.38708e+00  constant
    11 ANy1         0.00000e+00  constant
    12 pNy1         0.00000e+00  constant
    13 w_y          0.00000e+00  constant
    14 ANy2         8.91556e-03  1.00000e-04     no limits
    15 pNy2         6.21709e+00  constant
    16 w_vw         1.43264e+01  constant
    17 LM           1.88334e-04  constant
    18 wCBO_expCoeff   2.00000e+02  1.00000e+00     no limits
    19 wCBO_expOffset   2.00000e+02  1.00000e+00     no limits
    20 wCBO_expT    3.00000e+01  1.00000e+00     no limits
    21 wCBO_linCoeff   0.00000e+00  constant
    22 wCBO_const   0.00000e+00  1.00000e-02     no limits
MINUIT - FIT ONLY WIGGLE
 **********
 **    3 **FIX            5
 **********
 PARAMETER    5  IS CONSTANT.   IGNORED.
 **********
 **    4 **FIX            6
 **********
 **********
 **    5 **FIX            7
 **********
 **********
 **    6 **FIX            8
 **********
 **********
 **    7 **FIX            9
 **********
 PARAMETER    9  IS CONSTANT.   IGNORED.
 **********
 **    8 **FIX           10
 **********
 PARAMETER   10  IS CONSTANT.   IGNORED.
 **********
 **    9 **FIX           11
 **********
 PARAMETER   11  IS CONSTANT.   IGNORED.
 **********
 **   10 **FIX           12
 **********
 PARAMETER   12  IS CONSTANT.   IGNORED.
 **********
 **   11 **FIX           13
 **********
 PARAMETER   13  IS CONSTANT.   IGNORED.
 **********
 **   12 **FIX           14
 **********
 **********
 **   13 **FIX           15
 **********
 PARAMETER   15  IS CONSTANT.   IGNORED.
 **********
 **   14 **FIX           16
 **********
 PARAMETER   16  IS CONSTANT.   IGNORED.
 **********
 **   15 **MIGRAD
 **********
 FIRST CALL TO USER FUNCTION AT NEW START POINT, WITH IFLAG=4.
 START MIGRAD MINIMIZATION.  STRATEGY  1.  CONVERGENCE WHEN EDM .LT. 1.00e-04
 FCN=1069.63 FROM MIGRAD    STATUS=INITIATE       59 CALLS          60 TOTAL
                     EDM= unknown      STRATEGY= 1      NO ERROR MATRIX       
  EXT PARAMETER               CURRENT GUESS       STEP         FIRST   
  NO.   NAME      VALUE            ERROR          SIZE      DERIVATIVE 
   1  N0           2.70359e+06   1.00000e+02   0.00000e+00  -3.89598e-04
   2  tau          6.44083e+01   constant   
   3  A0           3.58550e-01   1.00000e-04   0.00000e+00   8.48212e+02
   4  phi          4.11640e+00   1.00000e-02   0.00000e+00  -1.32332e+02
   5  R           -6.21699e+01   constant   
   6  A_CBO        2.23545e-03     fixed    
   7  w_CBO        2.32716e+00     fixed    
   8  phi_CBO      4.60930e+00     fixed    
   9  ANx2         2.34902e-04   constant   
  10  pNx2         5.38708e+00   constant   
  11  ANy1         0.00000e+00   constant   
  12  pNy1         0.00000e+00   constant   
  13  w_y          0.00000e+00   constant   
  14  ANy2         8.91556e-03     fixed    
  15  pNy2         6.21709e+00   constant   
  16  w_vw         1.43264e+01   constant   
  17  LM           1.88334e-04   constant   
  18  wCBO_expCoeff   2.00029e+02   1.00000e+00   2.85126e-02   4.75878e+01
  19  wCBO_expOffset   2.00000e+02   1.00000e+00   0.00000e+00   3.14205e+02
  20  wCBO_expT    3.00000e+01   1.00000e+00   0.00000e+00  -2.30151e+03
  21  wCBO_linCoeff   0.00000e+00   constant   
  22  wCBO_const   0.00000e+00   1.00000e-02   0.00000e+00  -2.92022e+03
 MIGRAD FAILS TO FIND IMPROVEMENT
 MIGRAD MINIMIZATION HAS CONVERGED.
 FCN=1040.88 FROM MIGRAD    STATUS=CONVERGED     276 CALLS         277 TOTAL
                     EDM=1.10356e-05    STRATEGY= 1  ERROR MATRIX UNCERTAINTY   3.1 per cent
  EXT PARAMETER                                   STEP         FIRST   
  NO.   NAME      VALUE            ERROR          SIZE      DERIVATIVE 
   1  N0           2.70362e+06   6.52063e+02   0.00000e+00  -4.33267e-06
   2  tau          6.44083e+01   constant   
   3  A0           3.58562e-01   3.22310e-04   0.00000e+00  -4.08976e+00
   4  phi          4.11629e+00   9.78654e-04   0.00000e+00   1.14463e-01
   5  R           -6.21699e+01   constant   
   6  A_CBO        2.23545e-03     fixed    
   7  w_CBO        2.32716e+00     fixed    
   8  phi_CBO      4.60930e+00     fixed    
   9  ANx2         2.34902e-04   constant   
  10  pNx2         5.38708e+00   constant   
  11  ANy1         0.00000e+00   constant   
  12  pNy1         0.00000e+00   constant   
  13  w_y          0.00000e+00   constant   
  14  ANy2         8.91556e-03     fixed    
  15  pNy2         6.21709e+00   constant   
  16  w_vw         1.43264e+01   constant   
  17  LM           1.88334e-04   constant   
  18  wCBO_expCoeff   2.00017e+02   1.86261e-02   0.00000e+00   2.31080e-02
  19  wCBO_expOffset   1.99998e+02   2.92237e-03   0.00000e+00  -2.66215e+00
  20  wCBO_expT    2.99973e+01   2.97909e-03  -0.00000e+00  -2.76555e-01
  21  wCBO_linCoeff   0.00000e+00   constant   
  22  wCBO_const   6.49651e-03   9.70827e-04   0.00000e+00   2.15862e+00
 EXTERNAL ERROR MATRIX.    NDIM=  25    NPAR=  7    ERR DEF=1
  4.252e+05  4.977e-03  8.886e-03  1.308e+00  2.466e-01 -2.383e-01  6.434e-02 
  4.977e-03  1.039e-07 -2.899e-09 -2.643e-08  4.435e-09 -4.562e-09  2.693e-09 
  8.886e-03 -2.899e-09  9.578e-07  4.454e-06  6.994e-07 -6.327e-07  1.102e-07 
  1.308e+00 -2.643e-08  4.454e-06  3.469e-04  5.230e-05 -5.400e-05  1.343e-05 
  2.466e-01  4.435e-09  6.994e-07  5.230e-05  8.540e-06 -8.460e-06  2.083e-06 
 -2.383e-01 -4.562e-09 -6.327e-07 -5.400e-05 -8.460e-06  8.875e-06 -2.445e-06 
  6.434e-02  2.693e-09  1.102e-07  1.343e-05  2.083e-06 -2.445e-06  9.425e-07 
 PARAMETER  CORRELATION COEFFICIENTS  
       NO.  GLOBAL      1      3      4     18     19     20     22
        1  0.14777   1.000  0.024  0.014  0.108  0.129 -0.123  0.102
        3  0.05048   0.024  1.000 -0.009 -0.004  0.005 -0.005  0.009
        4  0.28555   0.014 -0.009  1.000  0.244  0.245 -0.217  0.116
       18  0.98659   0.108 -0.004  0.244  1.000  0.961 -0.973  0.742
       19  0.98709   0.129  0.005  0.245  0.961  1.000 -0.972  0.734
       20  0.99674  -0.123 -0.005 -0.217 -0.973 -0.972  1.000 -0.845
       22  0.95793   0.102  0.009  0.116  0.742  0.734 -0.845  1.000
MINUIT - FIT ONLY 1-CBO + other amplitudes 
 **********
 **   16 **RES 
 **********
                   PARAMETER   14  ANy2 RESTORED TO VARIABLE.
                   PARAMETER    8  phi_CBO RESTORED TO VARIABLE.
                   PARAMETER    7  w_CBO RESTORED TO VARIABLE.
                   PARAMETER    6  A_CBO RESTORED TO VARIABLE.
 **********
 **   17 **FIX            0
 **********
 PARAMETER    0  IS UNDEFINED. IGNORED.
 **********
 **   18 **FIX            1
 **********
 **********
 **   19 **FIX            2
 **********
 PARAMETER    2  IS CONSTANT.   IGNORED.
 **********
 **   20 **FIX            3
 **********
 **********
 **   21 **FIX            4
 **********
 **********
 **   22 **FIX            9
 **********
 PARAMETER    9  IS CONSTANT.   IGNORED.
 **********
 **   23 **FIX           11
 **********
 PARAMETER   11  IS CONSTANT.   IGNORED.
 **********
 **   24 **FIX           12
 **********
 PARAMETER   12  IS CONSTANT.   IGNORED.
 **********
 **   25 **FIX           14
 **********
 **********
 **   26 **FIX           15
 **********
 PARAMETER   15  IS CONSTANT.   IGNORED.
 **********
 **   27 **FIX           16
 **********
 PARAMETER   16  IS CONSTANT.   IGNORED.
 **********
 **   28 **MIGRAD
 **********
 START MIGRAD MINIMIZATION.  STRATEGY  1.  CONVERGENCE WHEN EDM .LT. 1.00e-04
 FCN=1040.88 FROM MIGRAD    STATUS=INITIATE       22 CALLS         299 TOTAL
                     EDM= unknown      STRATEGY= 1      NO ERROR MATRIX       
  EXT PARAMETER               CURRENT GUESS       STEP         FIRST   
  NO.   NAME      VALUE            ERROR          SIZE      DERIVATIVE 
   1  N0           2.70362e+06     fixed    
   2  tau          6.44083e+01   constant   
   3  A0           3.58562e-01     fixed    
   4  phi          4.11629e+00     fixed    
   5  R           -6.21699e+01   constant   
   6  A_CBO        2.23545e-03   1.00000e-05   1.00000e-05   1.93760e+04
   7  w_CBO        2.32716e+00   1.00000e-03   1.00000e-03   2.85532e+00
   8  phi_CBO      4.60930e+00   1.00000e-04   1.00000e-04   3.04205e+00
   9  ANx2         2.34902e-04   constant   
  10  pNx2         5.38708e+00   constant   
  11  ANy1         0.00000e+00   constant   
  12  pNy1         0.00000e+00   constant   
  13  w_y          0.00000e+00   constant   
  14  ANy2         8.91556e-03     fixed    
  15  pNy2         6.21709e+00   constant   
  16  w_vw         1.43264e+01   constant   
  17  LM           1.88334e-04   constant   
  18  wCBO_expCoeff   2.00017e+02   1.86261e-02   0.00000e+00   2.31080e-02
  19  wCBO_expOffset   1.99998e+02   2.92237e-03   0.00000e+00  -2.66215e+00
  20  wCBO_expT    2.99973e+01   2.97909e-03  -0.00000e+00  -2.76555e-01
  21  wCBO_linCoeff   0.00000e+00   constant   
  22  wCBO_const   6.49651e-03   9.70827e-04   0.00000e+00   2.15862e+00
 MIGRAD MINIMIZATION HAS CONVERGED.
 MIGRAD WILL VERIFY CONVERGENCE AND ERROR MATRIX.
 COVARIANCE MATRIX CALCULATED SUCCESSFULLY
 FCN=1029.33 FROM MIGRAD    STATUS=CONVERGED     207 CALLS         484 TOTAL
                     EDM=2.9396e-06    STRATEGY= 1      ERROR MATRIX ACCURATE 
  EXT PARAMETER                                   STEP         FIRST   
  NO.   NAME      VALUE            ERROR          SIZE      DERIVATIVE 
   1  N0           2.70362e+06     fixed    
   2  tau          6.44083e+01   constant   
   3  A0           3.58562e-01     fixed    
   4  phi          4.11629e+00     fixed    
   5  R           -6.21699e+01   constant   
   6  A_CBO        1.08779e-03   3.49353e-04   5.38184e-06   1.75716e+00
   7  w_CBO        2.32717e+00   1.40029e-03   1.10968e-06   8.43551e+00
   8  phi_CBO      4.32434e+00   5.38982e-01   4.98477e-03   2.29376e-03
   9  ANx2         2.34902e-04   constant   
  10  pNx2         5.38708e+00   constant   
  11  ANy1         0.00000e+00   constant   
  12  pNy1         0.00000e+00   constant   
  13  w_y          0.00000e+00   constant   
  14  ANy2         8.91556e-03     fixed    
  15  pNy2         6.21709e+00   constant   
  16  w_vw         1.43264e+01   constant   
  17  LM           1.88334e-04   constant   
  18  wCBO_expCoeff   2.00018e+02   1.20574e-01   9.53761e-05   1.05453e-01
  19  wCBO_expOffset   1.99998e+02   9.08051e-03   9.53667e-05   7.01680e-01
  20  wCBO_expT    2.99971e+01   3.22334e-03   1.43037e-05   1.09273e+00
  21  wCBO_linCoeff   0.00000e+00   constant   
  22  wCBO_const   6.21787e-03   1.25120e-03   5.44048e-06  -1.45202e+00
 EXTERNAL ERROR MATRIX.    NDIM=  25    NPAR=  7    ERR DEF=1
  1.220e-07  1.342e-08 -8.151e-06  1.468e-06 -4.648e-07  7.604e-09  9.936e-09 
  1.342e-08  1.961e-06  1.577e-05 -1.432e-04 -2.779e-06 -5.381e-07 -6.910e-07 
 -8.151e-06  1.577e-05  2.905e-01  1.481e-03 -1.549e-06 -1.875e-05  8.251e-05 
  1.468e-06 -1.432e-04  1.481e-03  1.454e-02 -2.476e-04 -4.579e-05  7.537e-05 
 -4.648e-07 -2.779e-06 -1.549e-06 -2.476e-04  8.246e-05 -4.828e-06  2.352e-06 
  7.604e-09 -5.381e-07 -1.875e-05 -4.579e-05 -4.828e-06  1.039e-05 -2.930e-06 
  9.936e-09 -6.910e-07  8.251e-05  7.537e-05  2.352e-06 -2.930e-06  1.565e-06 
 PARAMETER  CORRELATION COEFFICIENTS  
       NO.  GLOBAL      6      7      8     18     19     20     22
        6  0.18295   1.000  0.027 -0.043  0.035 -0.147  0.007  0.023
        7  0.99926   0.027  1.000  0.021 -0.848 -0.219 -0.119 -0.394
        8  0.80772  -0.043  0.021  1.000  0.023 -0.000 -0.011  0.122
       18  0.99917   0.035 -0.848  0.023  1.000 -0.226 -0.118  0.500
       19  0.99671  -0.147 -0.219 -0.000 -0.226  1.000 -0.165  0.207
       20  0.99528   0.007 -0.119 -0.011 -0.118 -0.165  1.000 -0.727
       22  0.96077   0.023 -0.394  0.122  0.500  0.207 -0.727  1.000
MINUIT - FIT ONLY 1-CBO
 **********
 **   29 **RES 
 **********
                   PARAMETER   14  ANy2 RESTORED TO VARIABLE.
                   PARAMETER    4  phi RESTORED TO VARIABLE.
                   PARAMETER    3  A0 RESTORED TO VARIABLE.
                   PARAMETER    1  N0 RESTORED TO VARIABLE.
 **********
 **   30 **FIX            0
 **********
 PARAMETER    0  IS UNDEFINED. IGNORED.
 **********
 **   31 **FIX            1
 **********
 **********
 **   32 **FIX            2
 **********
 PARAMETER    2  IS CONSTANT.   IGNORED.
 **********
 **   33 **FIX            3
 **********
 **********
 **   34 **FIX            4
 **********
 **********
 **   35 **FIX            8
 **********
 **********
 **   36 **FIX            9
 **********
 PARAMETER    9  IS CONSTANT.   IGNORED.
 **********
 **   37 **FIX           11
 **********
 PARAMETER   11  IS CONSTANT.   IGNORED.
 **********
 **   38 **FIX           12
 **********
 PARAMETER   12  IS CONSTANT.   IGNORED.
 **********
 **   39 **FIX           13
 **********
 PARAMETER   13  IS CONSTANT.   IGNORED.
 **********
 **   40 **FIX           15
 **********
 PARAMETER   15  IS CONSTANT.   IGNORED.
 **********
 **   41 **FIX           16
 **********
 PARAMETER   16  IS CONSTANT.   IGNORED.
 **********
 **   42 **MIGRAD
 **********
 START MIGRAD MINIMIZATION.  STRATEGY  1.  CONVERGENCE WHEN EDM .LT. 1.00e-04
 FCN=1029.33 FROM MIGRAD    STATUS=INITIATE       16 CALLS         500 TOTAL
                     EDM= unknown      STRATEGY= 1      NO ERROR MATRIX       
  EXT PARAMETER               CURRENT GUESS       STEP         FIRST   
  NO.   NAME      VALUE            ERROR          SIZE      DERIVATIVE 
   1  N0           2.70362e+06     fixed    
   2  tau          6.44083e+01   constant   
   3  A0           3.58562e-01     fixed    
   4  phi          4.11629e+00     fixed    
   5  R           -6.21699e+01   constant   
   6  A_CBO        1.08779e-03   3.49353e-04   5.38184e-06   1.75716e+00
   7  w_CBO        2.32717e+00   1.40029e-03   1.10968e-06   8.36117e+00
   8  phi_CBO      4.32434e+00     fixed    
   9  ANx2         2.34902e-04   constant   
  10  pNx2         5.38708e+00   constant   
  11  ANy1         0.00000e+00   constant   
  12  pNy1         0.00000e+00   constant   
  13  w_y          0.00000e+00   constant   
  14  ANy2         8.91556e-03   1.00000e-04   1.00000e-04   1.50661e+05
  15  pNy2         6.21709e+00   constant   
  16  w_vw         1.43264e+01   constant   
  17  LM           1.88334e-04   constant   
  18  wCBO_expCoeff   2.00018e+02   1.20574e-01   9.53761e-05   1.04598e-01
  19  wCBO_expOffset   1.99998e+02   9.08051e-03   9.53667e-05   3.69211e-01
  20  wCBO_expT    2.99971e+01   3.22334e-03   1.43037e-05   1.10843e+00
  21  wCBO_linCoeff   0.00000e+00   constant   
  22  wCBO_const   6.21787e-03   1.25120e-03   5.44048e-06  -1.45237e+00
 MIGRAD MINIMIZATION HAS CONVERGED.
 MIGRAD WILL VERIFY CONVERGENCE AND ERROR MATRIX.
 FCN=351.272 FROM MIGRAD    STATUS=CONVERGED     218 CALLS         702 TOTAL
                     EDM=4.63924e-06    STRATEGY= 1      ERR MATRIX NOT POS-DEF
  EXT PARAMETER                APPROXIMATE        STEP         FIRST   
  NO.   NAME      VALUE            ERROR          SIZE      DERIVATIVE 
   1  N0           2.70362e+06     fixed    
   2  tau          6.44083e+01   constant   
   3  A0           3.58562e-01     fixed    
   4  phi          4.11629e+00     fixed    
   5  R           -6.21699e+01   constant   
   6  A_CBO        3.71409e-04   3.64143e-04   3.13560e-06   5.76256e+00
   7  w_CBO        2.32707e+00   7.00156e-04   1.10963e-06  -9.83464e+00
   8  phi_CBO      4.32434e+00     fixed    
   9  ANx2         2.34902e-04   constant   
  10  pNx2         5.38708e+00   constant   
  11  ANy1         0.00000e+00   constant   
  12  pNy1         0.00000e+00   constant   
  13  w_y          0.00000e+00   constant   
  14  ANy2        -8.52339e-05   3.42642e-04   3.15486e-06   4.59546e+00
  15  pNy2         6.21709e+00   constant   
  16  w_vw         1.43264e+01   constant   
  17  LM           1.88334e-04   constant   
  18  wCBO_expCoeff   2.00009e+02   6.26405e-02   9.53715e-05  -1.05228e-01
  19  wCBO_expOffset   1.99997e+02   1.44850e-02   9.53660e-05  -6.99237e-01
  20  wCBO_expT    2.99996e+01   3.67668e-03   1.43049e-05  -1.90619e+00
  21  wCBO_linCoeff   0.00000e+00   constant   
  22  wCBO_const   5.72833e-03   1.41098e-03   6.23815e-06  -1.83786e+00
 EXTERNAL ERROR MATRIX.    NDIM=  25    NPAR=  7    ERR DEF=1
  1.326e-07  1.820e-08  7.899e-09  1.709e-06 -1.054e-06  2.512e-07 -9.872e-10 
  1.820e-08  4.902e-07  1.066e-09 -3.780e-07 -6.345e-06  6.268e-08 -2.151e-07 
  7.899e-09  1.066e-09  1.174e-07  9.541e-08  3.790e-08 -4.674e-08  4.900e-09 
  1.709e-06 -3.780e-07  9.541e-08  3.924e-03 -5.955e-04  9.086e-06 -1.738e-06 
 -1.054e-06 -6.345e-06  3.790e-08 -5.955e-04  2.098e-04 -2.336e-05  7.852e-06 
  2.512e-07  6.268e-08 -4.674e-08  9.086e-06 -2.336e-05  1.352e-05 -3.746e-06 
 -9.872e-10 -2.151e-07  4.900e-09 -1.738e-06  7.852e-06 -3.746e-06  1.991e-06 
ERR MATRIX NOT POS-DEF
 PARAMETER  CORRELATION COEFFICIENTS  
       NO.  GLOBAL      6      7     14     18     19     20     22
        6  0.36489   1.000  0.071  0.063  0.075 -0.200  0.188 -0.002
        7  0.99246   0.071  1.000  0.004 -0.009 -0.626  0.024 -0.218
       14  0.09395   0.063  0.004  1.000  0.004  0.008 -0.037  0.010
       18  0.99248   0.075 -0.009  0.004  1.000 -0.656  0.039 -0.020
       19  0.99684  -0.200 -0.626  0.008 -0.656  1.000 -0.439  0.384
       20  0.98679   0.188  0.024 -0.037  0.039 -0.439  1.000 -0.722
       22  0.87817  -0.002 -0.218  0.010 -0.020  0.384 -0.722  1.000
 ERR MATRIX NOT POS-DEF
MINUIT - FIT ONLY 2-CBO
 **********
 **   43 **RES 
 **********
                   PARAMETER    8  phi_CBO RESTORED TO VARIABLE.
                   PARAMETER    4  phi RESTORED TO VARIABLE.
                   PARAMETER    3  A0 RESTORED TO VARIABLE.
                   PARAMETER    1  N0 RESTORED TO VARIABLE.
 **********
 **   44 **FIX            0
 **********
 PARAMETER    0  IS UNDEFINED. IGNORED.
 **********
 **   45 **FIX            1
 **********
 **********
 **   46 **FIX            2
 **********
 PARAMETER    2  IS CONSTANT.   IGNORED.
 **********
 **   47 **FIX            3
 **********
 **********
 **   48 **FIX            4
 **********
 **********
 **   49 **FIX            5
 **********
 PARAMETER    5  IS CONSTANT.   IGNORED.
 **********
 **   50 **FIX            6
 **********
 **********
 **   51 **FIX            7
 **********
 **********
 **   52 **FIX           10
 **********
 PARAMETER   10  IS CONSTANT.   IGNORED.
 **********
 **   53 **FIX           11
 **********
 PARAMETER   11  IS CONSTANT.   IGNORED.
 **********
 **   54 **FIX           12
 **********
 PARAMETER   12  IS CONSTANT.   IGNORED.
 **********
 **   55 **FIX           13
 **********
 PARAMETER   13  IS CONSTANT.   IGNORED.
 **********
 **   56 **FIX           14
 **********
 **********
 **   57 **FIX           15
 **********
 PARAMETER   15  IS CONSTANT.   IGNORED.
 **********
 **   58 **FIX           16
 **********
 PARAMETER   16  IS CONSTANT.   IGNORED.
 **********
 **   59 **MIGRAD
 **********
 START MIGRAD MINIMIZATION.  STRATEGY  1.  CONVERGENCE WHEN EDM .LT. 1.00e-04
 FCN=351.272 FROM MIGRAD    STATUS=INITIATE       12 CALLS         714 TOTAL
                     EDM= unknown      STRATEGY= 1      NO ERROR MATRIX       
  EXT PARAMETER               CURRENT GUESS       STEP         FIRST   
  NO.   NAME      VALUE            ERROR          SIZE      DERIVATIVE 
   1  N0           2.70362e+06     fixed    
   2  tau          6.44083e+01   constant   
   3  A0           3.58562e-01     fixed    
   4  phi          4.11629e+00     fixed    
   5  R           -6.21699e+01   constant   
   6  A_CBO        3.71409e-04     fixed    
   7  w_CBO        2.32707e+00     fixed    
   8  phi_CBO      4.32434e+00   5.38982e-01   5.38982e-01   1.05055e-02
   9  ANx2         2.34902e-04   constant   
  10  pNx2         5.38708e+00   constant   
  11  ANy1         0.00000e+00   constant   
  12  pNy1         0.00000e+00   constant   
  13  w_y          0.00000e+00   constant   
  14  ANy2        -8.52339e-05     fixed    
  15  pNy2         6.21709e+00   constant   
  16  w_vw         1.43264e+01   constant   
  17  LM           1.88334e-04   constant   
  18  wCBO_expCoeff   2.00009e+02   6.26405e-02   9.53715e-05  -1.03886e-01
  19  wCBO_expOffset   1.99997e+02   1.44850e-02   9.53660e-05  -1.74105e-01
  20  wCBO_expT    2.99996e+01   3.67668e-03   1.43049e-05  -1.84580e+00
  21  wCBO_linCoeff   0.00000e+00   constant   
  22  wCBO_const   5.72833e-03   1.41098e-03   6.23815e-06  -1.84051e+00
 MIGRAD MINIMIZATION HAS CONVERGED.
 MIGRAD WILL VERIFY CONVERGENCE AND ERROR MATRIX.
 FCN=351.272 FROM MIGRAD    STATUS=CONVERGED      70 CALLS         772 TOTAL
                     EDM=3.16754e-06    STRATEGY= 1      ERR MATRIX NOT POS-DEF
  EXT PARAMETER                APPROXIMATE        STEP         FIRST   
  NO.   NAME      VALUE            ERROR          SIZE      DERIVATIVE 
   1  N0           2.70362e+06     fixed    
   2  tau          6.44083e+01   constant   
   3  A0           3.58562e-01     fixed    
   4  phi          4.11629e+00     fixed    
   5  R           -6.21699e+01   constant   
   6  A_CBO        3.71409e-04     fixed    
   7  w_CBO        2.32707e+00     fixed    
   8  phi_CBO      4.31845e+00   1.18444e+00   8.56699e-03   1.05554e-04
   9  ANx2         2.34902e-04   constant   
  10  pNx2         5.38708e+00   constant   
  11  ANy1         0.00000e+00   constant   
  12  pNy1         0.00000e+00   constant   
  13  w_y          0.00000e+00   constant   
  14  ANy2        -8.52339e-05     fixed    
  15  pNy2         6.21709e+00   constant   
  16  w_vw         1.43264e+01   constant   
  17  LM           1.88334e-04   constant   
  18  wCBO_expCoeff   2.00009e+02   7.71319e-02   9.53715e-05  -3.50778e-02
  19  wCBO_expOffset   1.99997e+02   1.44367e-02   9.53660e-05  -2.31509e-01
  20  wCBO_expT    2.99996e+01   4.26139e-03   1.43049e-05   4.09860e-01
  21  wCBO_linCoeff   0.00000e+00   constant   
  22  wCBO_const   5.72811e-03   1.45743e-03   6.24189e-06   9.46835e-01
 EXTERNAL ERROR MATRIX.    NDIM=  25    NPAR=  5    ERR DEF=1
  1.403e+00  1.818e-02 -5.272e-03  1.941e-03 -2.346e-04 
  1.818e-02  5.949e-03 -9.940e-04  7.139e-05 -1.523e-05 
 -5.272e-03 -9.940e-04  2.084e-04 -3.817e-05  8.572e-06 
  1.941e-03  7.139e-05 -3.817e-05  1.816e-05 -4.729e-06 
 -2.346e-04 -1.523e-05  8.572e-06 -4.729e-06  2.124e-06 
ERR MATRIX NOT POS-DEF
 PARAMETER  CORRELATION COEFFICIENTS  
       NO.  GLOBAL      8     18     19     20     22
        8  0.62243   1.000  0.199 -0.308  0.384 -0.136
       18  0.99502   0.199  1.000 -0.893  0.217 -0.135
       19  0.99680  -0.308 -0.893  1.000 -0.620  0.407
       20  0.99014   0.384  0.217 -0.620  1.000 -0.761
       22  0.88606  -0.136 -0.135  0.407 -0.761  1.000
 ERR MATRIX NOT POS-DEF
MINUIT - FIT ONLY 1-y
 **********
 **   60 **RES 
 **********
                   PARAMETER   14  ANy2 RESTORED TO VARIABLE.
                   PARAMETER    7  w_CBO RESTORED TO VARIABLE.
                   PARAMETER    6  A_CBO RESTORED TO VARIABLE.
                   PARAMETER    4  phi RESTORED TO VARIABLE.
                   PARAMETER    3  A0 RESTORED TO VARIABLE.
                   PARAMETER    1  N0 RESTORED TO VARIABLE.
 **********
 **   61 **FIX            0
 **********
 PARAMETER    0  IS UNDEFINED. IGNORED.
 **********
 **   62 **FIX            1
 **********
 **********
 **   63 **FIX            2
 **********
 PARAMETER    2  IS CONSTANT.   IGNORED.
 **********
 **   64 **FIX            3
 **********
 **********
 **   65 **FIX            4
 **********
 **********
 **   66 **FIX            5
 **********
 PARAMETER    5  IS CONSTANT.   IGNORED.
 **********
 **   67 **FIX            6
 **********
 **********
 **   68 **FIX            7
 **********
 **********
 **   69 **FIX            8
 **********
 **********
 **   70 **FIX            9
 **********
 PARAMETER    9  IS CONSTANT.   IGNORED.
 **********
 **   71 **FIX           13
 **********
 PARAMETER   13  IS CONSTANT.   IGNORED.
 **********
 **   72 **FIX           14
 **********
 **********
 **   73 **FIX           15
 **********
 PARAMETER   15  IS CONSTANT.   IGNORED.
 **********
 **   74 **FIX           16
 **********
 PARAMETER   16  IS CONSTANT.   IGNORED.
 **********
 **   75 **MIGRAD
 **********
 START MIGRAD MINIMIZATION.  STRATEGY  1.  CONVERGENCE WHEN EDM .LT. 1.00e-04
 FCN=351.272 FROM MIGRAD    STATUS=INITIATE        8 CALLS         780 TOTAL
                     EDM= unknown      STRATEGY= 1      NO ERROR MATRIX       
  EXT PARAMETER               CURRENT GUESS       STEP         FIRST   
  NO.   NAME      VALUE            ERROR          SIZE      DERIVATIVE 
   1  N0           2.70362e+06     fixed    
   2  tau          6.44083e+01   constant   
   3  A0           3.58562e-01     fixed    
   4  phi          4.11629e+00     fixed    
   5  R           -6.21699e+01   constant   
   6  A_CBO        3.71409e-04     fixed    
   7  w_CBO        2.32707e+00     fixed    
   8  phi_CBO      4.31845e+00     fixed    
   9  ANx2         2.34902e-04   constant   
  10  pNx2         5.38708e+00   constant   
  11  ANy1         0.00000e+00   constant   
  12  pNy1         0.00000e+00   constant   
  13  w_y          0.00000e+00   constant   
  14  ANy2        -8.52339e-05     fixed    
  15  pNy2         6.21709e+00   constant   
  16  w_vw         1.43264e+01   constant   
  17  LM           1.88334e-04   constant   
  18  wCBO_expCoeff   2.00009e+02   7.71319e-02   9.53715e-05  -3.37161e-02
  19  wCBO_expOffset   1.99997e+02   1.44367e-02   9.53660e-05   3.01167e-01
  20  wCBO_expT    2.99996e+01   4.26139e-03   1.43049e-05   4.90308e-01
  21  wCBO_linCoeff   0.00000e+00   constant   
  22  wCBO_const   5.72811e-03   1.45743e-03   6.24189e-06   9.44206e-01
 MIGRAD MINIMIZATION HAS CONVERGED.
 MIGRAD WILL VERIFY CONVERGENCE AND ERROR MATRIX.
 FCN=351.272 FROM MIGRAD    STATUS=CONVERGED      45 CALLS         817 TOTAL
                     EDM=2.57267e-06    STRATEGY= 1      ERR MATRIX NOT POS-DEF
  EXT PARAMETER                APPROXIMATE        STEP         FIRST   
  NO.   NAME      VALUE            ERROR          SIZE      DERIVATIVE 
   1  N0           2.70362e+06     fixed    
   2  tau          6.44083e+01   constant   
   3  A0           3.58562e-01     fixed    
   4  phi          4.11629e+00     fixed    
   5  R           -6.21699e+01   constant   
   6  A_CBO        3.71409e-04     fixed    
   7  w_CBO        2.32707e+00     fixed    
   8  phi_CBO      4.31845e+00     fixed    
   9  ANx2         2.34902e-04   constant   
  10  pNx2         5.38708e+00   constant   
  11  ANy1         0.00000e+00   constant   
  12  pNy1         0.00000e+00   constant   
  13  w_y          0.00000e+00   constant   
  14  ANy2        -8.52339e-05     fixed    
  15  pNy2         6.21709e+00   constant   
  16  w_vw         1.43264e+01   constant   
  17  LM           1.88334e-04   constant   
  18  wCBO_expCoeff   2.00009e+02   8.21270e-02   9.53715e-05  -8.68329e-02
  19  wCBO_expOffset   1.99997e+02   1.50528e-02   9.53660e-05  -5.76559e-01
  20  wCBO_expT    2.99996e+01   4.08279e-03   1.43049e-05  -3.27355e-01
  21  wCBO_linCoeff   0.00000e+00   constant   
  22  wCBO_const   5.72800e-03   1.47446e-03   6.24192e-06   2.64668e-01
 EXTERNAL ERROR MATRIX.    NDIM=  25    NPAR=  4    ERR DEF=1
  6.745e-03 -1.120e-03  7.111e-05 -1.855e-05 
 -1.120e-03  2.266e-04 -3.648e-05  9.150e-06 
  7.111e-05 -3.648e-05  1.667e-05 -4.728e-06 
 -1.855e-05  9.150e-06 -4.728e-06  2.174e-06 
ERR MATRIX NOT POS-DEF
 PARAMETER  CORRELATION COEFFICIENTS  
       NO.  GLOBAL     18     19     20     22
       18  0.99561   1.000 -0.906  0.212 -0.153
       19  0.99706  -0.906  1.000 -0.594  0.412
       20  0.98925   0.212 -0.594  1.000 -0.785
       22  0.88876  -0.153  0.412 -0.785  1.000
 ERR MATRIX NOT POS-DEF
MINUIT - FIT ONLY 2-y
 **********
 **   76 **RES 
 **********
                   PARAMETER   14  ANy2 RESTORED TO VARIABLE.
                   PARAMETER    8  phi_CBO RESTORED TO VARIABLE.
                   PARAMETER    7  w_CBO RESTORED TO VARIABLE.
                   PARAMETER    6  A_CBO RESTORED TO VARIABLE.
                   PARAMETER    4  phi RESTORED TO VARIABLE.
                   PARAMETER    3  A0 RESTORED TO VARIABLE.
                   PARAMETER    1  N0 RESTORED TO VARIABLE.
 **********
 **   77 **FIX            0
 **********
 PARAMETER    0  IS UNDEFINED. IGNORED.
 **********
 **   78 **FIX            1
 **********
 **********
 **   79 **FIX            2
 **********
 PARAMETER    2  IS CONSTANT.   IGNORED.
 **********
 **   80 **FIX            3
 **********
 **********
 **   81 **FIX            4
 **********
 **********
 **   82 **FIX            5
 **********
 PARAMETER    5  IS CONSTANT.   IGNORED.
 **********
 **   83 **FIX            6
 **********
 **********
 **   84 **FIX            7
 **********
 **********
 **   85 **FIX            8
 **********
 **********
 **   86 **FIX            9
 **********
 PARAMETER    9  IS CONSTANT.   IGNORED.
 **********
 **   87 **FIX           10
 **********
 PARAMETER   10  IS CONSTANT.   IGNORED.
 **********
 **   88 **FIX           11
 **********
 PARAMETER   11  IS CONSTANT.   IGNORED.
 **********
 **   89 **FIX           12
 **********
 PARAMETER   12  IS CONSTANT.   IGNORED.
 **********
 **   90 **FIX           16
 **********
 PARAMETER   16  IS CONSTANT.   IGNORED.
 **********
 **   91 **MIGRAD
 **********
 START MIGRAD MINIMIZATION.  STRATEGY  1.  CONVERGENCE WHEN EDM .LT. 1.00e-04
 FCN=351.272 FROM MIGRAD    STATUS=INITIATE       10 CALLS         827 TOTAL
                     EDM= unknown      STRATEGY= 1      NO ERROR MATRIX       
  EXT PARAMETER               CURRENT GUESS       STEP         FIRST   
  NO.   NAME      VALUE            ERROR          SIZE      DERIVATIVE 
   1  N0           2.70362e+06     fixed    
   2  tau          6.44083e+01   constant   
   3  A0           3.58562e-01     fixed    
   4  phi          4.11629e+00     fixed    
   5  R           -6.21699e+01   constant   
   6  A_CBO        3.71409e-04     fixed    
   7  w_CBO        2.32707e+00     fixed    
   8  phi_CBO      4.31845e+00     fixed    
   9  ANx2         2.34902e-04   constant   
  10  pNx2         5.38708e+00   constant   
  11  ANy1         0.00000e+00   constant   
  12  pNy1         0.00000e+00   constant   
  13  w_y          0.00000e+00   constant   
  14  ANy2        -8.52339e-05   3.42642e-04   3.42642e-04   5.25979e+00
  15  pNy2         6.21709e+00   constant   
  16  w_vw         1.43264e+01   constant   
  17  LM           1.88334e-04   constant   
  18  wCBO_expCoeff   2.00009e+02   8.21270e-02   9.53715e-05  -8.54695e-02
  19  wCBO_expOffset   1.99997e+02   1.50528e-02   9.53660e-05  -4.32377e-02
  20  wCBO_expT    2.99996e+01   4.08279e-03   1.43049e-05  -2.46824e-01
  21  wCBO_linCoeff   0.00000e+00   constant   
  22  wCBO_const   5.72800e-03   1.47446e-03   6.24192e-06   2.62047e-01
 MIGRAD MINIMIZATION HAS CONVERGED.
 MIGRAD WILL VERIFY CONVERGENCE AND ERROR MATRIX.
 FCN=351.272 FROM MIGRAD    STATUS=CONVERGED      58 CALLS         875 TOTAL
                     EDM=1.71845e-06    STRATEGY= 1      ERR MATRIX NOT POS-DEF
  EXT PARAMETER                APPROXIMATE        STEP         FIRST   
  NO.   NAME      VALUE            ERROR          SIZE      DERIVATIVE 
   1  N0           2.70362e+06     fixed    
   2  tau          6.44083e+01   constant   
   3  A0           3.58562e-01     fixed    
   4  phi          4.11629e+00     fixed    
   5  R           -6.21699e+01   constant   
   6  A_CBO        3.71409e-04     fixed    
   7  w_CBO        2.32707e+00     fixed    
   8  phi_CBO      4.31845e+00     fixed    
   9  ANx2         2.34902e-04   constant   
  10  pNx2         5.38708e+00   constant   
  11  ANy1         0.00000e+00   constant   
  12  pNy1         0.00000e+00   constant   
  13  w_y          0.00000e+00   constant   
  14  ANy2        -8.55456e-05   3.42557e-04   3.15485e-06   4.74205e-02
  15  pNy2         6.21709e+00   constant   
  16  w_vw         1.43264e+01   constant   
  17  LM           1.88334e-04   constant   
  18  wCBO_expCoeff   2.00009e+02   8.21011e-02   9.53715e-05   1.61124e-03
  19  wCBO_expOffset   1.99997e+02   1.50493e-02   9.53660e-05   1.44963e-01
  20  wCBO_expT    2.99996e+01   4.08903e-03   1.43049e-05   7.08662e-01
  21  wCBO_linCoeff   0.00000e+00   constant   
  22  wCBO_const   5.72794e-03   1.47481e-03   6.24189e-06   7.56022e-01
 EXTERNAL ERROR MATRIX.    NDIM=  25    NPAR=  5    ERR DEF=1
  1.173e-07 -3.101e-07  1.734e-07 -7.912e-08  9.599e-09 
 -3.101e-07  6.741e-03 -1.119e-03  7.082e-05 -1.844e-05 
  1.734e-07 -1.119e-03  2.265e-04 -3.652e-05  9.145e-06 
 -7.912e-08  7.082e-05 -3.652e-05  1.672e-05 -4.734e-06 
  9.599e-09 -1.844e-05  9.145e-06 -4.734e-06  2.175e-06 
ERR MATRIX NOT POS-DEF
 PARAMETER  CORRELATION COEFFICIENTS  
       NO.  GLOBAL     14     18     19     20     22
       14  0.07454   1.000 -0.011  0.034 -0.056  0.019
       18  0.99560  -0.011  1.000 -0.905  0.211 -0.152
       19  0.99706   0.034 -0.905  1.000 -0.593  0.412
       20  0.98928  -0.056  0.211 -0.593  1.000 -0.785
       22  0.88881   0.019 -0.152  0.412 -0.785  1.000
 ERR MATRIX NOT POS-DEF
MINUIT - FIT ALTOGETHER
 **********
 **   92 **RES 
 **********
                   PARAMETER    8  phi_CBO RESTORED TO VARIABLE.
                   PARAMETER    7  w_CBO RESTORED TO VARIABLE.
                   PARAMETER    6  A_CBO RESTORED TO VARIABLE.
                   PARAMETER    4  phi RESTORED TO VARIABLE.
                   PARAMETER    3  A0 RESTORED TO VARIABLE.
                   PARAMETER    1  N0 RESTORED TO VARIABLE.
 **********
 **   93 **MIGRAD
 **********
 START MIGRAD MINIMIZATION.  STRATEGY  1.  CONVERGENCE WHEN EDM .LT. 1.00e-04
 FCN=351.272 FROM MIGRAD    STATUS=INITIATE       22 CALLS         897 TOTAL
                     EDM= unknown      STRATEGY= 1      NO ERROR MATRIX       
  EXT PARAMETER               CURRENT GUESS       STEP         FIRST   
  NO.   NAME      VALUE            ERROR          SIZE      DERIVATIVE 
   1  N0           2.70362e+06   6.52063e+02   6.52063e+02   8.46645e-05
   2  tau          6.44083e+01   constant   
   3  A0           3.58562e-01   3.22310e-04   3.22310e-04   4.83189e+02
   4  phi          4.11629e+00   9.78654e-04   9.78654e-04  -4.72873e+02
   5  R           -6.21699e+01   constant   
   6  A_CBO        3.71409e-04   3.64143e-04   3.64143e-04   4.00609e+00
   7  w_CBO        2.32707e+00   7.00156e-04   7.00156e-04   6.35097e-01
   8  phi_CBO      4.31845e+00   1.18444e+00   1.18444e+00   8.66221e-05
   9  ANx2         2.34902e-04   constant   
  10  pNx2         5.38708e+00   constant   
  11  ANy1         0.00000e+00   constant   
  12  pNy1         0.00000e+00   constant   
  13  w_y          0.00000e+00   constant   
  14  ANy2        -8.55456e-05   3.42557e-04   3.15485e-06   4.74198e-02
  15  pNy2         6.21709e+00   constant   
  16  w_vw         1.43264e+01   constant   
  17  LM           1.88334e-04   constant   
  18  wCBO_expCoeff   2.00009e+02   8.21011e-02   9.53715e-05   3.40623e-03
  19  wCBO_expOffset   1.99997e+02   1.50493e-02   9.53660e-05   5.47852e-01
  20  wCBO_expT    2.99996e+01   4.08903e-03   1.43049e-05   7.89032e-01
  21  wCBO_linCoeff   0.00000e+00   constant   
  22  wCBO_const   5.72794e-03   1.47481e-03   6.24189e-06   7.53397e-01
 MIGRAD MINIMIZATION HAS CONVERGED.
 MIGRAD WILL VERIFY CONVERGENCE AND ERROR MATRIX.
 FCN=351.215 FROM MIGRAD    STATUS=CONVERGED     221 CALLS        1096 TOTAL
                     EDM=1.05774e-05    STRATEGY= 1      ERR MATRIX NOT POS-DEF
  EXT PARAMETER                APPROXIMATE        STEP         FIRST   
  NO.   NAME      VALUE            ERROR          SIZE      DERIVATIVE 
