 + ++++++++++++++++++++++++++++++++++++++++++++++++++++++++++++++++++++ +
 +                                                                      +
 +           You have chose to blind your fitting according to          +
 +                omega_ref * (1 + (R +/- deltaR) *10^{-6})             +
 +                                                                      +
 + ++++++++++++++++++++++++++++++++++++++++++++++++++++++++++++++++++++ +
In main()...
reading format from /gm2data/zkhechad/run45/envelope/formats/formatB_sBin_constraintOn.txt
pBinTau 	= 0  
pBinPhi 	= 0  
constraintau 	= 1 
includeMopTerm 	= 0    
constrainMop    = 0   
Parameters after format file: pBinTau 0 pBinPhi 0 constraintau 1 includeMopTerm 0 constrainMop 0 c_e_scale 0.000000 
reading cbo reference file (full fit) from /gm2data/zkhechad/cboTemplates/Run4CBOTemplates/fullFits/run4/sBin_constraintOn_cE0.0_seed0_run4_calo17.root
A_CBO 0.009291 w_CBO 2.326535 phi_CBO 1.607848 N0 3083493.360911 R -60.483843 tau 64.408135 
Reading cboRef file /gm2data/zkhechad/cboTemplates/Run4CBOTemplates//cboIsolate/run4_calo17.root
deltaT 164.120000
windowBins = 1100
fitting sliding window 1440 from bin 1643 at 245.135600 to bin 2743 at 409.255600 (1100 bins)

Reading data from /gm2data/cornell/histograms/aMethod/histogram_a_run4.root
fitting cbo isolate
 **********
 **    1 **SET PRINTOUT            1
 **********
 **********
 **    2 **SET NOWARNINGS 
 **********
 PARAMETER DEFINITIONS:
    NO.   NAME         VALUE      STEP SIZE      LIMITS
     1 A_CBO        9.29121e-03  1.00000e-05     no limits
     2 w_CBO        2.32653e+00  1.00000e-02    2.00000e+00  3.00000e+00
     3 phi_CBO      1.60785e+00  1.00000e-02    0.00000e+00  6.28319e+00
 **********
 **    3 **MIGRAD
 **********
 FIRST CALL TO USER FUNCTION AT NEW START POINT, WITH IFLAG=4.
 START MIGRAD MINIMIZATION.  STRATEGY  1.  CONVERGENCE WHEN EDM .LT. 1.00e-04
 FCN=0.0536662 FROM MIGRAD    STATUS=INITIATE       12 CALLS          13 TOTAL
                     EDM= unknown      STRATEGY= 1      NO ERROR MATRIX       
  EXT PARAMETER               CURRENT GUESS       STEP         FIRST   
  NO.   NAME      VALUE            ERROR          SIZE      DERIVATIVE 
   1  A_CBO        9.29121e-03   1.00000e-05   1.00000e-05   7.32969e+00
   2  w_CBO        2.32653e+00   1.00000e-02   2.13267e-02   2.24112e-02
   3  phi_CBO      1.60785e+00   1.00000e-02   3.64731e-03  -6.01351e-05
 MIGRAD MINIMIZATION HAS CONVERGED.
 MIGRAD WILL VERIFY CONVERGENCE AND ERROR MATRIX.
 COVARIANCE MATRIX CALCULATED SUCCESSFULLY
 FCN=0.0292897 FROM MIGRAD    STATUS=CONVERGED      41 CALLS          42 TOTAL
                     EDM=8.23901e-06    STRATEGY= 1      ERROR MATRIX ACCURATE 
  EXT PARAMETER                                   STEP         FIRST   
  NO.   NAME      VALUE            ERROR          SIZE      DERIVATIVE 
   1  A_CBO        2.63986e-03   4.27741e-02   2.11037e-05  -1.00307e-04
   2  w_CBO        2.32652e+00   3.20992e-01   5.15188e-05   6.78599e-03
   3  phi_CBO      1.60867e+00   4.97907e+00   2.91942e-03  -2.50482e-05
 EXTERNAL ERROR MATRIX.    NDIM=  25    NPAR=  3    ERR DEF=1
  1.830e-03 -1.357e-03 -4.490e-01 
 -1.357e-03  1.250e-01  4.102e+01 
 -4.490e-01  4.102e+01  1.372e+04 
 PARAMETER  CORRELATION COEFFICIENTS  
       NO.  GLOBAL      1      2      3
        1  0.08987   1.000 -0.090 -0.090
        2  0.99044  -0.090  1.000  0.990
        3  0.99044  -0.090  0.990  1.000
setting A_CBO=0.002640 w_CBO=2.326519, phi_CBO=1.608667
done fitting cbo isolate
 **********
 **    1 **SET PRINTOUT            1
 **********
 **********
 **    2 **SET NOWARNINGS 
 **********
 PARAMETER DEFINITIONS:
    NO.   NAME         VALUE      STEP SIZE      LIMITS
     1 N0           3.08349e+06  1.00000e+02     no limits
     2 tau          6.44081e+01  constant
     3 A0           3.45384e-01  1.00000e-04     no limits
     4 phi          4.12005e+00  1.00000e-02     no limits
     5 R           -6.04838e+01  constant
     6 A_CBO        2.63986e-03  1.00000e-05     no limits
     7 w_CBO        2.32652e+00  1.00000e-03     no limits
     8 phi_CBO      1.60867e+00  1.00000e-04     no limits
     9 ANx2         3.59468e-04  constant
    10 pNx2         5.65332e+00  constant
    11 ANy1         0.00000e+00  constant
    12 pNy1         0.00000e+00  constant
    13 w_y          0.00000e+00  constant
    14 ANy2         9.88841e-03  1.00000e-04     no limits
    15 pNy2         2.39757e+00  constant
    16 w_vw         1.43118e+01  constant
    17 LM           1.25147e-04  constant
    18 wCBO_expCoeff   2.00000e+02  1.00000e+00     no limits
    19 wCBO_expOffset   2.00000e+02  1.00000e+00     no limits
    20 wCBO_expT    3.00000e+01  1.00000e+00     no limits
    21 wCBO_linCoeff   0.00000e+00  constant
    22 wCBO_const   0.00000e+00  1.00000e-02     no limits
MINUIT - FIT ONLY WIGGLE
 **********
 **    3 **FIX            5
 **********
 PARAMETER    5  IS CONSTANT.   IGNORED.
 **********
 **    4 **FIX            6
 **********
 **********
 **    5 **FIX            7
 **********
 **********
 **    6 **FIX            8
 **********
 **********
 **    7 **FIX            9
 **********
 PARAMETER    9  IS CONSTANT.   IGNORED.
 **********
 **    8 **FIX           10
 **********
 PARAMETER   10  IS CONSTANT.   IGNORED.
 **********
 **    9 **FIX           11
 **********
 PARAMETER   11  IS CONSTANT.   IGNORED.
 **********
 **   10 **FIX           12
 **********
 PARAMETER   12  IS CONSTANT.   IGNORED.
 **********
 **   11 **FIX           13
 **********
 PARAMETER   13  IS CONSTANT.   IGNORED.
 **********
 **   12 **FIX           14
 **********
 **********
 **   13 **FIX           15
 **********
 PARAMETER   15  IS CONSTANT.   IGNORED.
 **********
 **   14 **FIX           16
 **********
 PARAMETER   16  IS CONSTANT.   IGNORED.
 **********
 **   15 **MIGRAD
 **********
 FIRST CALL TO USER FUNCTION AT NEW START POINT, WITH IFLAG=4.
 START MIGRAD MINIMIZATION.  STRATEGY  1.  CONVERGENCE WHEN EDM .LT. 1.00e-04
 FCN=1391.14 FROM MIGRAD    STATUS=INITIATE       60 CALLS          61 TOTAL
                     EDM= unknown      STRATEGY= 1      NO ERROR MATRIX       
  EXT PARAMETER               CURRENT GUESS       STEP         FIRST   
  NO.   NAME      VALUE            ERROR          SIZE      DERIVATIVE 
   1  N0           3.08349e+06   1.00000e+02   0.00000e+00   1.10607e-04
   2  tau          6.44081e+01   constant   
   3  A0           3.45384e-01   1.00000e-04   0.00000e+00  -2.33884e+03
   4  phi          4.12005e+00   1.00000e-02   0.00000e+00  -4.21269e+02
   5  R           -6.04838e+01   constant   
   6  A_CBO        2.63986e-03     fixed    
   7  w_CBO        2.32652e+00     fixed    
   8  phi_CBO      1.60867e+00     fixed    
   9  ANx2         3.59468e-04   constant   
  10  pNx2         5.65332e+00   constant   
  11  ANy1         0.00000e+00   constant   
  12  pNy1         0.00000e+00   constant   
  13  w_y          0.00000e+00   constant   
  14  ANy2         9.88841e-03     fixed    
  15  pNy2         2.39757e+00   constant   
  16  w_vw         1.43118e+01   constant   
  17  LM           1.25147e-04   constant   
  18  wCBO_expCoeff   2.00025e+02   1.00000e+00   2.51150e-02   4.15208e+02
  19  wCBO_expOffset   2.00000e+02   1.00000e+00   0.00000e+00   2.75989e+03
  20  wCBO_expT    3.00000e+01   1.00000e+00   0.00000e+00  -1.29288e+03
  21  wCBO_linCoeff   0.00000e+00   constant   
  22  wCBO_const   0.00000e+00   1.00000e-02   0.00000e+00  -3.68630e+03
 MIGRAD MINIMIZATION HAS CONVERGED.
 FCN=1358.2 FROM MIGRAD    STATUS=CONVERGED     233 CALLS         234 TOTAL
                     EDM=7.37415e-07    STRATEGY= 1  ERROR MATRIX UNCERTAINTY   2.1 per cent
  EXT PARAMETER                                   STEP         FIRST   
  NO.   NAME      VALUE            ERROR          SIZE      DERIVATIVE 
   1  N0           3.08349e+06   6.86384e+02  -3.94320e+00  -1.09558e-06
   2  tau          6.44081e+01   constant   
   3  A0           3.45531e-01   2.99682e-04  -5.20036e-07  -1.69502e+00
   4  phi          4.12007e+00   9.07989e-04   1.77661e-06   1.09505e-01
   5  R           -6.04838e+01   constant   
   6  A_CBO        2.63986e-03     fixed    
   7  w_CBO        2.32652e+00     fixed    
   8  phi_CBO      1.60867e+00     fixed    
   9  ANx2         3.59468e-04   constant   
  10  pNx2         5.65332e+00   constant   
  11  ANy1         0.00000e+00   constant   
  12  pNy1         0.00000e+00   constant   
  13  w_y          0.00000e+00   constant   
  14  ANy2         9.88841e-03     fixed    
  15  pNy2         2.39757e+00   constant   
  16  w_vw         1.43118e+01   constant   
  17  LM           1.25147e-04   constant   
  18  wCBO_expCoeff   2.00036e+02   8.72557e-03  -3.80051e-06   3.78494e-01
  19  wCBO_expOffset   2.00002e+02   1.30342e-03  -4.93589e-07   1.42089e+00
  20  wCBO_expT    2.99955e+01   1.87973e-03  -1.79815e-06   4.44316e+00
  21  wCBO_linCoeff   0.00000e+00   constant   
  22  wCBO_const   4.84847e-03   8.67042e-04   4.78594e-06   3.07648e+00
 EXTERNAL ERROR MATRIX.    NDIM=  25    NPAR=  7    ERR DEF=1
  4.711e+05  3.064e-03  1.132e-02  5.753e-02  6.756e-03 -2.139e-02  8.347e-03 
  3.064e-03  8.981e-08  1.667e-09  5.927e-08  8.585e-09 -1.258e-08  5.757e-10 
  1.132e-02  1.667e-09  8.244e-07  1.101e-06  1.651e-07 -2.320e-07  8.925e-08 
  5.753e-02  5.927e-08  1.101e-06  7.614e-05  1.049e-05 -1.577e-05  6.171e-06 
  6.756e-03  8.585e-09  1.651e-07  1.049e-05  1.699e-06 -2.357e-06  9.238e-07 
 -2.139e-02 -1.258e-08 -2.320e-07 -1.577e-05 -2.357e-06  3.533e-06 -1.483e-06 
  8.347e-03  5.757e-10  8.925e-08  6.171e-06  9.238e-07 -1.483e-06  7.518e-07 
 PARAMETER  CORRELATION COEFFICIENTS  
       NO.  GLOBAL      1      3      4     18     19     20     22
        1  0.06663   1.000  0.015  0.018  0.010  0.008 -0.017  0.014
        3  0.06554   0.015  1.000  0.006  0.023  0.022 -0.022  0.002
        4  0.14473   0.018  0.006  1.000  0.139  0.140 -0.136  0.113
       18  0.97700   0.010  0.023  0.139  1.000  0.923 -0.962  0.816
       19  0.97675   0.008  0.022  0.140  0.923  1.000 -0.962  0.817
       20  0.99526  -0.017 -0.022 -0.136 -0.962 -0.962  1.000 -0.910
       22  0.96085   0.014  0.002  0.113  0.816  0.817 -0.910  1.000
MINUIT - FIT ONLY 1-CBO + other amplitudes 
 **********
 **   16 **RES 
 **********
                   PARAMETER   14  ANy2 RESTORED TO VARIABLE.
                   PARAMETER    8  phi_CBO RESTORED TO VARIABLE.
                   PARAMETER    7  w_CBO RESTORED TO VARIABLE.
                   PARAMETER    6  A_CBO RESTORED TO VARIABLE.
 **********
 **   17 **FIX            0
 **********
 PARAMETER    0  IS UNDEFINED. IGNORED.
 **********
 **   18 **FIX            1
 **********
 **********
 **   19 **FIX            2
 **********
 PARAMETER    2  IS CONSTANT.   IGNORED.
 **********
 **   20 **FIX            3
 **********
 **********
 **   21 **FIX            4
 **********
 **********
 **   22 **FIX            9
 **********
 PARAMETER    9  IS CONSTANT.   IGNORED.
 **********
 **   23 **FIX           11
 **********
 PARAMETER   11  IS CONSTANT.   IGNORED.
 **********
 **   24 **FIX           12
 **********
 PARAMETER   12  IS CONSTANT.   IGNORED.
 **********
 **   25 **FIX           14
 **********
 **********
 **   26 **FIX           15
 **********
 PARAMETER   15  IS CONSTANT.   IGNORED.
 **********
 **   27 **FIX           16
 **********
 PARAMETER   16  IS CONSTANT.   IGNORED.
 **********
 **   28 **MIGRAD
 **********
 START MIGRAD MINIMIZATION.  STRATEGY  1.  CONVERGENCE WHEN EDM .LT. 1.00e-04
 FCN=1358.2 FROM MIGRAD    STATUS=INITIATE       22 CALLS         256 TOTAL
                     EDM= unknown      STRATEGY= 1      NO ERROR MATRIX       
  EXT PARAMETER               CURRENT GUESS       STEP         FIRST   
  NO.   NAME      VALUE            ERROR          SIZE      DERIVATIVE 
   1  N0           3.08349e+06     fixed    
   2  tau          6.44081e+01   constant   
   3  A0           3.45531e-01     fixed    
   4  phi          4.12007e+00     fixed    
   5  R           -6.04838e+01   constant   
   6  A_CBO        2.63986e-03   1.00000e-05   1.00000e-05   2.95567e+04
   7  w_CBO        2.32652e+00   1.00000e-03   1.00000e-03   3.38678e+01
   8  phi_CBO      1.60867e+00   1.00000e-04   1.00000e-04   2.97949e+00
   9  ANx2         3.59468e-04   constant   
  10  pNx2         5.65332e+00   constant   
  11  ANy1         0.00000e+00   constant   
  12  pNy1         0.00000e+00   constant   
  13  w_y          0.00000e+00   constant   
  14  ANy2         9.88841e-03     fixed    
  15  pNy2         2.39757e+00   constant   
  16  w_vw         1.43118e+01   constant   
  17  LM           1.25147e-04   constant   
  18  wCBO_expCoeff   2.00036e+02   8.72557e-03  -3.80051e-06   3.78494e-01
  19  wCBO_expOffset   2.00002e+02   1.30342e-03  -4.93589e-07   1.42089e+00
  20  wCBO_expT    2.99955e+01   1.87973e-03  -1.79815e-06   4.44316e+00
  21  wCBO_linCoeff   0.00000e+00   constant   
  22  wCBO_const   4.84847e-03   8.67042e-04   4.78594e-06   3.07646e+00
 MIGRAD MINIMIZATION HAS CONVERGED.
 MIGRAD WILL VERIFY CONVERGENCE AND ERROR MATRIX.
 FCN=1334.69 FROM MIGRAD    STATUS=CONVERGED     229 CALLS         463 TOTAL
                     EDM=3.71894e-07    STRATEGY= 1      ERR MATRIX NOT POS-DEF
  EXT PARAMETER                APPROXIMATE        STEP         FIRST   
  NO.   NAME      VALUE            ERROR          SIZE      DERIVATIVE 
   1  N0           3.08349e+06     fixed    
   2  tau          6.44081e+01   constant   
   3  A0           3.45531e-01     fixed    
   4  phi          4.12007e+00     fixed    
   5  R           -6.04838e+01   constant   
   6  A_CBO        1.07521e-03   3.28605e-04   5.78768e-06   9.65139e-01
   7  w_CBO        2.32649e+00   3.83322e-04   1.10936e-06   4.96148e+00
   8  phi_CBO      1.32419e+00   4.51028e-01   5.15406e-03  -6.73296e-05
   9  ANx2         3.59468e-04   constant   
  10  pNx2         5.65332e+00   constant   
  11  ANy1         0.00000e+00   constant   
  12  pNy1         0.00000e+00   constant   
  13  w_y          0.00000e+00   constant   
  14  ANy2         9.88841e-03     fixed    
  15  pNy2         2.39757e+00   constant   
  16  w_vw         1.43118e+01   constant   
  17  LM           1.25147e-04   constant   
  18  wCBO_expCoeff   2.00034e+02   3.34579e-02   9.53835e-05   5.73488e-02
  19  wCBO_expOffset   2.00001e+02   4.62403e-03   9.53680e-05   3.83574e-01
  20  wCBO_expT    2.99962e+01   1.79331e-03   1.43033e-05   1.00756e+00
  21  wCBO_linCoeff   0.00000e+00   constant   
  22  wCBO_const   4.18986e-03   8.24790e-04   5.90278e-06   6.28565e-02
 EXTERNAL ERROR MATRIX.    NDIM=  25    NPAR=  7    ERR DEF=1
  1.080e-07  8.860e-09  1.605e-08  8.190e-07 -1.795e-07 -5.280e-08  2.491e-08 
  8.860e-09  1.469e-07 -3.420e-06 -6.586e-06 -7.262e-07 -1.241e-07 -2.645e-08 
  1.605e-08 -3.420e-06  2.034e-01 -3.573e-04 -1.234e-04  1.538e-04  1.277e-04 
  8.190e-07 -6.586e-06 -3.573e-04  1.119e-03 -6.700e-05 -1.087e-05  5.922e-06 
 -1.795e-07 -7.262e-07 -1.234e-04 -6.700e-05  2.138e-05 -1.267e-06  5.404e-07 
 -5.280e-08 -1.241e-07  1.538e-04 -1.087e-05 -1.267e-06  3.216e-06 -9.388e-07 
  2.491e-08 -2.645e-08  1.277e-04  5.922e-06  5.404e-07 -9.388e-07  6.803e-07 
ERR MATRIX NOT POS-DEF
 PARAMETER  CORRELATION COEFFICIENTS  
       NO.  GLOBAL      6      7      8     18     19     20     22
        6  0.17571   1.000  0.070  0.000  0.074 -0.118 -0.090  0.092
        7  0.99626   0.070  1.000 -0.020 -0.514 -0.410 -0.180 -0.084
        8  0.76951   0.000 -0.020  1.000 -0.024 -0.059  0.190  0.343
       18  0.99613   0.074 -0.514 -0.024  1.000 -0.433 -0.181  0.215
       19  0.99543  -0.118 -0.410 -0.059 -0.433  1.000 -0.153  0.142
       20  0.99040  -0.090 -0.180  0.190 -0.181 -0.153  1.000 -0.635
       22  0.91661   0.092 -0.084  0.343  0.215  0.142 -0.635  1.000
 ERR MATRIX NOT POS-DEF
MINUIT - FIT ONLY 1-CBO
 **********
 **   29 **RES 
 **********
                   PARAMETER   14  ANy2 RESTORED TO VARIABLE.
                   PARAMETER    4  phi RESTORED TO VARIABLE.
                   PARAMETER    3  A0 RESTORED TO VARIABLE.
                   PARAMETER    1  N0 RESTORED TO VARIABLE.
 **********
 **   30 **FIX            0
 **********
 PARAMETER    0  IS UNDEFINED. IGNORED.
 **********
 **   31 **FIX            1
 **********
 **********
 **   32 **FIX            2
 **********
 PARAMETER    2  IS CONSTANT.   IGNORED.
 **********
 **   33 **FIX            3
 **********
 **********
 **   34 **FIX            4
 **********
 **********
 **   35 **FIX            8
 **********
 **********
 **   36 **FIX            9
 **********
 PARAMETER    9  IS CONSTANT.   IGNORED.
 **********
 **   37 **FIX           11
 **********
 PARAMETER   11  IS CONSTANT.   IGNORED.
 **********
 **   38 **FIX           12
 **********
 PARAMETER   12  IS CONSTANT.   IGNORED.
 **********
 **   39 **FIX           13
 **********
 PARAMETER   13  IS CONSTANT.   IGNORED.
 **********
 **   40 **FIX           15
 **********
 PARAMETER   15  IS CONSTANT.   IGNORED.
 **********
 **   41 **FIX           16
 **********
 PARAMETER   16  IS CONSTANT.   IGNORED.
 **********
 **   42 **MIGRAD
 **********
 START MIGRAD MINIMIZATION.  STRATEGY  1.  CONVERGENCE WHEN EDM .LT. 1.00e-04
 FCN=1334.69 FROM MIGRAD    STATUS=INITIATE       16 CALLS         479 TOTAL
                     EDM= unknown      STRATEGY= 1      NO ERROR MATRIX       
  EXT PARAMETER               CURRENT GUESS       STEP         FIRST   
  NO.   NAME      VALUE            ERROR          SIZE      DERIVATIVE 
   1  N0           3.08349e+06     fixed    
   2  tau          6.44081e+01   constant   
   3  A0           3.45531e-01     fixed    
   4  phi          4.12007e+00     fixed    
   5  R           -6.04838e+01   constant   
   6  A_CBO        1.07521e-03   3.28605e-04   5.78768e-06   9.65137e-01
   7  w_CBO        2.32649e+00   3.83322e-04   1.10936e-06   5.02739e+00
   8  phi_CBO      1.32419e+00     fixed    
   9  ANx2         3.59468e-04   constant   
  10  pNx2         5.65332e+00   constant   
  11  ANy1         0.00000e+00   constant   
  12  pNy1         0.00000e+00   constant   
  13  w_y          0.00000e+00   constant   
  14  ANy2         9.88841e-03   1.00000e-04   1.00000e-04   1.95478e+05
  15  pNy2         2.39757e+00   constant   
  16  w_vw         1.43118e+01   constant   
  17  LM           1.25147e-04   constant   
  18  wCBO_expCoeff   2.00034e+02   3.34579e-02   9.53835e-05   5.79960e-02
  19  wCBO_expOffset   2.00001e+02   4.62403e-03   9.53680e-05   6.39698e-01
  20  wCBO_expT    2.99962e+01   1.79331e-03   1.43033e-05   1.09605e+00
  21  wCBO_linCoeff   0.00000e+00   constant   
  22  wCBO_const   4.18986e-03   8.24790e-04   5.90278e-06   6.01842e-02
 MIGRAD MINIMIZATION HAS CONVERGED.
 MIGRAD WILL VERIFY CONVERGENCE AND ERROR MATRIX.
 COVARIANCE MATRIX CALCULATED SUCCESSFULLY
 FCN=363.938 FROM MIGRAD    STATUS=CONVERGED     279 CALLS         742 TOTAL
                     EDM=1.85962e-07    STRATEGY= 1      ERROR MATRIX ACCURATE 
  EXT PARAMETER                                   STEP         FIRST   
  NO.   NAME      VALUE            ERROR          SIZE      DERIVATIVE 
   1  N0           3.08349e+06     fixed    
   2  tau          6.44081e+01   constant   
   3  A0           3.45531e-01     fixed    
   4  phi          4.12007e+00     fixed    
   5  R           -6.04838e+01   constant   
   6  A_CBO        1.55314e-04   3.35845e-04   2.94191e-06   7.96498e-01
   7  w_CBO        2.32652e+00   9.73136e-04   1.10937e-06  -3.74463e+00
   8  phi_CBO      1.32419e+00     fixed    
   9  ANx2         3.59468e-04   constant   
  10  pNx2         5.65332e+00   constant   
  11  ANy1         0.00000e+00   constant   
  12  pNy1         0.00000e+00   constant   
  13  w_y          0.00000e+00   constant   
  14  ANy2        -7.46194e-05   3.21077e-04   2.96050e-06  -2.71868e-01
  15  pNy2         2.39757e+00   constant   
  16  w_vw         1.43118e+01   constant   
  17  LM           1.25147e-04   constant   
  18  wCBO_expCoeff   2.00037e+02   8.40696e-02   9.53849e-05  -4.23475e-02
  19  wCBO_expOffset   2.00002e+02   6.15048e-03   9.53682e-05  -2.85416e-01
  20  wCBO_expT    2.99954e+01   2.96731e-03   1.43029e-05  -6.45780e-01
  21  wCBO_linCoeff   0.00000e+00   constant   
  22  wCBO_const   3.01246e-03   1.65799e-03   8.96118e-06  -2.34900e-01
 EXTERNAL ERROR MATRIX.    NDIM=  25    NPAR=  7    ERR DEF=1
  1.128e-07  1.159e-08  8.987e-09  1.082e-06 -8.879e-08 -1.590e-07  1.436e-07 
  1.159e-08  9.470e-07  5.337e-10 -6.718e-05 -1.215e-06 -4.835e-07 -4.011e-07 
  8.987e-09  5.337e-10  1.031e-07  4.274e-08  4.726e-09 -8.410e-09  4.571e-08 
  1.082e-06 -6.718e-05  4.274e-08  7.068e-03 -1.114e-04 -4.320e-05  2.946e-05 
 -8.879e-08 -1.215e-06  4.726e-09 -1.114e-04  3.783e-05 -2.360e-06  1.171e-07 
 -1.590e-07 -4.835e-07 -8.410e-09 -4.320e-05 -2.360e-06  8.805e-06 -1.004e-06 
  1.436e-07 -4.011e-07  4.571e-08  2.946e-05  1.171e-07 -1.004e-06  2.749e-06 
 PARAMETER  CORRELATION COEFFICIENTS  
       NO.  GLOBAL      6      7     14     18     19     20     22
        6  0.34363   1.000  0.035  0.083  0.038 -0.043 -0.160  0.258
        7  0.99536   0.035  1.000  0.002 -0.821 -0.203 -0.167 -0.249
       14  0.15122   0.083  0.002  1.000  0.002  0.002 -0.009  0.086
       18  0.99509   0.038 -0.821  0.002  1.000 -0.215 -0.173  0.211
       19  0.97918  -0.043 -0.203  0.002 -0.215  1.000 -0.129  0.011
       20  0.97469  -0.160 -0.167 -0.009 -0.173 -0.129  1.000 -0.204
       22  0.81501   0.258 -0.249  0.086  0.211  0.011 -0.204  1.000
MINUIT - FIT ONLY 2-CBO
 **********
 **   43 **RES 
 **********
                   PARAMETER    8  phi_CBO RESTORED TO VARIABLE.
                   PARAMETER    4  phi RESTORED TO VARIABLE.
                   PARAMETER    3  A0 RESTORED TO VARIABLE.
                   PARAMETER    1  N0 RESTORED TO VARIABLE.
 **********
 **   44 **FIX            0
 **********
 PARAMETER    0  IS UNDEFINED. IGNORED.
 **********
 **   45 **FIX            1
 **********
 **********
 **   46 **FIX            2
 **********
 PARAMETER    2  IS CONSTANT.   IGNORED.
 **********
 **   47 **FIX            3
 **********
 **********
 **   48 **FIX            4
 **********
 **********
 **   49 **FIX            5
 **********
 PARAMETER    5  IS CONSTANT.   IGNORED.
 **********
 **   50 **FIX            6
 **********
 **********
 **   51 **FIX            7
 **********
 **********
 **   52 **FIX           10
 **********
 PARAMETER   10  IS CONSTANT.   IGNORED.
 **********
 **   53 **FIX           11
 **********
 PARAMETER   11  IS CONSTANT.   IGNORED.
 **********
 **   54 **FIX           12
 **********
 PARAMETER   12  IS CONSTANT.   IGNORED.
 **********
 **   55 **FIX           13
 **********
 PARAMETER   13  IS CONSTANT.   IGNORED.
 **********
 **   56 **FIX           14
 **********
 **********
 **   57 **FIX           15
 **********
 PARAMETER   15  IS CONSTANT.   IGNORED.
 **********
 **   58 **FIX           16
 **********
 PARAMETER   16  IS CONSTANT.   IGNORED.
 **********
 **   59 **MIGRAD
 **********
 START MIGRAD MINIMIZATION.  STRATEGY  1.  CONVERGENCE WHEN EDM .LT. 1.00e-04
 FCN=363.938 FROM MIGRAD    STATUS=INITIATE       12 CALLS         754 TOTAL
                     EDM= unknown      STRATEGY= 1      NO ERROR MATRIX       
  EXT PARAMETER               CURRENT GUESS       STEP         FIRST   
  NO.   NAME      VALUE            ERROR          SIZE      DERIVATIVE 
   1  N0           3.08349e+06     fixed    
   2  tau          6.44081e+01   constant   
   3  A0           3.45531e-01     fixed    
   4  phi          4.12007e+00     fixed    
   5  R           -6.04838e+01   constant   
   6  A_CBO        1.55314e-04     fixed    
   7  w_CBO        2.32652e+00     fixed    
   8  phi_CBO      1.32419e+00   4.51028e-01   4.51028e-01   3.97736e-01
   9  ANx2         3.59468e-04   constant   
  10  pNx2         5.65332e+00   constant   
  11  ANy1         0.00000e+00   constant   
  12  pNy1         0.00000e+00   constant   
  13  w_y          0.00000e+00   constant   
  14  ANy2        -7.46194e-05     fixed    
  15  pNy2         2.39757e+00   constant   
  16  w_vw         1.43118e+01   constant   
  17  LM           1.25147e-04   constant   
  18  wCBO_expCoeff   2.00037e+02   8.40696e-02   9.53849e-05  -4.40851e-02
  19  wCBO_expOffset   2.00002e+02   6.15048e-03   9.53682e-05  -9.64981e-01
  20  wCBO_expT    2.99954e+01   2.96731e-03   1.43029e-05  -6.60615e-01
  21  wCBO_linCoeff   0.00000e+00   constant   
  22  wCBO_const   3.01246e-03   1.65799e-03   8.96118e-06  -2.43390e-01
 MIGRAD MINIMIZATION HAS CONVERGED.
 MIGRAD WILL VERIFY CONVERGENCE AND ERROR MATRIX.
 COVARIANCE MATRIX CALCULATED SUCCESSFULLY
 FCN=363.77 FROM MIGRAD    STATUS=CONVERGED      93 CALLS         835 TOTAL
                     EDM=7.06771e-05    STRATEGY= 1      ERROR MATRIX ACCURATE 
  EXT PARAMETER                                   STEP         FIRST   
  NO.   NAME      VALUE            ERROR          SIZE      DERIVATIVE 
   1  N0           3.08349e+06     fixed    
   2  tau          6.44081e+01   constant   
   3  A0           3.45531e-01     fixed    
   4  phi          4.12007e+00     fixed    
   5  R           -6.04838e+01   constant   
   6  A_CBO        1.55314e-04     fixed    
   7  w_CBO        2.32652e+00     fixed    
   8  phi_CBO      5.21658e-01   1.90388e+00   1.61382e-02   1.73884e-04
   9  ANx2         3.59468e-04   constant   
  10  pNx2         5.65332e+00   constant   
  11  ANy1         0.00000e+00   constant   
  12  pNy1         0.00000e+00   constant   
  13  w_y          0.00000e+00   constant   
  14  ANy2        -7.46194e-05     fixed    
  15  pNy2         2.39757e+00   constant   
  16  w_vw         1.43118e+01   constant   
  17  LM           1.25147e-04   constant   
  18  wCBO_expCoeff   2.00036e+02   5.64586e-02   9.53847e-05   1.63779e-01
  19  wCBO_expOffset   2.00002e+02   7.69172e-03   9.53682e-05   1.09056e+00
  20  wCBO_expT    2.99954e+01   2.99213e-03   1.43029e-05  -2.09111e+00
  21  wCBO_linCoeff   0.00000e+00   constant   
  22  wCBO_const   2.90623e-03   1.46467e-03   8.71151e-06   1.88389e-01
 EXTERNAL ERROR MATRIX.    NDIM=  25    NPAR=  5    ERR DEF=1
  3.625e+00  5.583e-03 -8.105e-05 -2.281e-04  6.096e-04 
  5.583e-03  3.188e-03 -3.442e-04 -7.390e-05  4.451e-06 
 -8.105e-05 -3.442e-04  5.916e-05 -3.676e-06 -2.216e-07 
 -2.281e-04 -7.390e-05 -3.676e-06  8.953e-06 -1.321e-06 
  6.096e-04  4.451e-06 -2.216e-07 -1.321e-06  2.145e-06 
 PARAMETER  CORRELATION COEFFICIENTS  
       NO.  GLOBAL      8     18     19     20     22
        8  0.41706   1.000  0.052 -0.006 -0.040  0.219
       18  0.98938   0.052  1.000 -0.793 -0.437  0.054
       19  0.98710  -0.006 -0.793  1.000 -0.160 -0.020
       20  0.97443  -0.040 -0.437 -0.160  1.000 -0.301
       22  0.77038   0.219  0.054 -0.020 -0.301  1.000
MINUIT - FIT ONLY 1-y
 **********
 **   60 **RES 
 **********
                   PARAMETER   14  ANy2 RESTORED TO VARIABLE.
                   PARAMETER    7  w_CBO RESTORED TO VARIABLE.
                   PARAMETER    6  A_CBO RESTORED TO VARIABLE.
                   PARAMETER    4  phi RESTORED TO VARIABLE.
                   PARAMETER    3  A0 RESTORED TO VARIABLE.
                   PARAMETER    1  N0 RESTORED TO VARIABLE.
 **********
 **   61 **FIX            0
 **********
 PARAMETER    0  IS UNDEFINED. IGNORED.
 **********
 **   62 **FIX            1
 **********
 **********
 **   63 **FIX            2
 **********
 PARAMETER    2  IS CONSTANT.   IGNORED.
 **********
 **   64 **FIX            3
 **********
 **********
 **   65 **FIX            4
 **********
 **********
 **   66 **FIX            5
 **********
 PARAMETER    5  IS CONSTANT.   IGNORED.
 **********
 **   67 **FIX            6
 **********
 **********
 **   68 **FIX            7
 **********
 **********
 **   69 **FIX            8
 **********
 **********
 **   70 **FIX            9
 **********
 PARAMETER    9  IS CONSTANT.   IGNORED.
 **********
 **   71 **FIX           13
 **********
 PARAMETER   13  IS CONSTANT.   IGNORED.
 **********
 **   72 **FIX           14
 **********
 **********
 **   73 **FIX           15
 **********
 PARAMETER   15  IS CONSTANT.   IGNORED.
 **********
 **   74 **FIX           16
 **********
 PARAMETER   16  IS CONSTANT.   IGNORED.
 **********
 **   75 **MIGRAD
 **********
 START MIGRAD MINIMIZATION.  STRATEGY  1.  CONVERGENCE WHEN EDM .LT. 1.00e-04
 FCN=363.77 FROM MIGRAD    STATUS=INITIATE        8 CALLS         843 TOTAL
                     EDM= unknown      STRATEGY= 1      NO ERROR MATRIX       
  EXT PARAMETER               CURRENT GUESS       STEP         FIRST   
  NO.   NAME      VALUE            ERROR          SIZE      DERIVATIVE 
   1  N0           3.08349e+06     fixed    
   2  tau          6.44081e+01   constant   
   3  A0           3.45531e-01     fixed    
   4  phi          4.12007e+00     fixed    
   5  R           -6.04838e+01   constant   
   6  A_CBO        1.55314e-04     fixed    
   7  w_CBO        2.32652e+00     fixed    
   8  phi_CBO      5.21658e-01     fixed    
   9  ANx2         3.59468e-04   constant   
  10  pNx2         5.65332e+00   constant   
  11  ANy1         0.00000e+00   constant   
  12  pNy1         0.00000e+00   constant   
  13  w_y          0.00000e+00   constant   
  14  ANy2        -7.46194e-05     fixed    
  15  pNy2         2.39757e+00   constant   
  16  w_vw         1.43118e+01   constant   
  17  LM           1.25147e-04   constant   
  18  wCBO_expCoeff   2.00036e+02   5.64586e-02   9.53847e-05   1.62812e-01
  19  wCBO_expOffset   2.00002e+02   7.69172e-03   9.53682e-05   7.12888e-01
  20  wCBO_expT    2.99954e+01   2.99213e-03   1.43029e-05  -2.06941e+00
  21  wCBO_linCoeff   0.00000e+00   constant   
  22  wCBO_const   2.90623e-03   1.46467e-03   8.71151e-06   1.91194e-01
 MIGRAD MINIMIZATION HAS CONVERGED.
 MIGRAD WILL VERIFY CONVERGENCE AND ERROR MATRIX.
 COVARIANCE MATRIX CALCULATED SUCCESSFULLY
 FCN=363.77 FROM MIGRAD    STATUS=CONVERGED      66 CALLS         901 TOTAL
                     EDM=1.54377e-06    STRATEGY= 1      ERROR MATRIX ACCURATE 
  EXT PARAMETER                                   STEP         FIRST   
  NO.   NAME      VALUE            ERROR          SIZE      DERIVATIVE 
   1  N0           3.08349e+06     fixed    
   2  tau          6.44081e+01   constant   
   3  A0           3.45531e-01     fixed    
   4  phi          4.12007e+00     fixed    
   5  R           -6.04838e+01   constant   
   6  A_CBO        1.55314e-04     fixed    
   7  w_CBO        2.32652e+00     fixed    
   8  phi_CBO      5.21658e-01     fixed    
   9  ANx2         3.59468e-04   constant   
  10  pNx2         5.65332e+00   constant   
  11  ANy1         0.00000e+00   constant   
  12  pNy1         0.00000e+00   constant   
  13  w_y          0.00000e+00   constant   
  14  ANy2        -7.46194e-05     fixed    
  15  pNy2         2.39757e+00   constant   
  16  w_vw         1.43118e+01   constant   
  17  LM           1.25147e-04   constant   
  18  wCBO_expCoeff   2.00036e+02   5.69766e-02   9.53847e-05  -9.09556e-02
  19  wCBO_expOffset   2.00002e+02   7.78911e-03   9.53682e-05  -6.08187e-01
  20  wCBO_expT    2.99954e+01   2.98978e-03   1.43029e-05  -1.11418e+00
  21  wCBO_linCoeff   0.00000e+00   constant   
  22  wCBO_const   2.90569e-03   1.42826e-03   8.70495e-06   5.06356e-01
 EXTERNAL ERROR MATRIX.    NDIM=  25    NPAR=  4    ERR DEF=1
  3.246e-03 -3.542e-04 -7.356e-05  3.516e-06 
 -3.542e-04  6.067e-05 -3.678e-06 -2.068e-07 
 -7.356e-05 -3.678e-06  8.939e-06 -1.281e-06 
  3.516e-06 -2.068e-07 -1.281e-06  2.040e-06 
 PARAMETER  CORRELATION COEFFICIENTS  
       NO.  GLOBAL     18     19     20     22
       18  0.98960   1.000 -0.798 -0.432  0.043
       19  0.98746  -0.798  1.000 -0.158 -0.019
       20  0.97445  -0.432 -0.158  1.000 -0.300
       22  0.75712   0.043 -0.019 -0.300  1.000
MINUIT - FIT ONLY 2-y
 **********
 **   76 **RES 
 **********
                   PARAMETER   14  ANy2 RESTORED TO VARIABLE.
                   PARAMETER    8  phi_CBO RESTORED TO VARIABLE.
                   PARAMETER    7  w_CBO RESTORED TO VARIABLE.
                   PARAMETER    6  A_CBO RESTORED TO VARIABLE.
                   PARAMETER    4  phi RESTORED TO VARIABLE.
                   PARAMETER    3  A0 RESTORED TO VARIABLE.
                   PARAMETER    1  N0 RESTORED TO VARIABLE.
 **********
 **   77 **FIX            0
 **********
 PARAMETER    0  IS UNDEFINED. IGNORED.
 **********
 **   78 **FIX            1
 **********
 **********
 **   79 **FIX            2
 **********
 PARAMETER    2  IS CONSTANT.   IGNORED.
 **********
 **   80 **FIX            3
 **********
 **********
 **   81 **FIX            4
 **********
 **********
 **   82 **FIX            5
 **********
 PARAMETER    5  IS CONSTANT.   IGNORED.
 **********
 **   83 **FIX            6
 **********
 **********
 **   84 **FIX            7
 **********
 **********
 **   85 **FIX            8
 **********
 **********
 **   86 **FIX            9
 **********
 PARAMETER    9  IS CONSTANT.   IGNORED.
 **********
 **   87 **FIX           10
 **********
 PARAMETER   10  IS CONSTANT.   IGNORED.
 **********
 **   88 **FIX           11
 **********
 PARAMETER   11  IS CONSTANT.   IGNORED.
 **********
 **   89 **FIX           12
 **********
 PARAMETER   12  IS CONSTANT.   IGNORED.
 **********
 **   90 **FIX           16
 **********
 PARAMETER   16  IS CONSTANT.   IGNORED.
 **********
 **   91 **MIGRAD
 **********
 START MIGRAD MINIMIZATION.  STRATEGY  1.  CONVERGENCE WHEN EDM .LT. 1.00e-04
 FCN=363.77 FROM MIGRAD    STATUS=INITIATE       10 CALLS         911 TOTAL
                     EDM= unknown      STRATEGY= 1      NO ERROR MATRIX       
  EXT PARAMETER               CURRENT GUESS       STEP         FIRST   
  NO.   NAME      VALUE            ERROR          SIZE      DERIVATIVE 
   1  N0           3.08349e+06     fixed    
   2  tau          6.44081e+01   constant   
   3  A0           3.45531e-01     fixed    
   4  phi          4.12007e+00     fixed    
   5  R           -6.04838e+01   constant   
   6  A_CBO        1.55314e-04     fixed    
   7  w_CBO        2.32652e+00     fixed    
   8  phi_CBO      5.21658e-01     fixed    
   9  ANx2         3.59468e-04   constant   
  10  pNx2         5.65332e+00   constant   
  11  ANy1         0.00000e+00   constant   
  12  pNy1         0.00000e+00   constant   
  13  w_y          0.00000e+00   constant   
  14  ANy2        -7.46194e-05   3.21077e-04   3.21077e-04   6.28060e+00
  15  pNy2         2.39757e+00   constant   
  16  w_vw         1.43118e+01   constant   
  17  LM           1.25147e-04   constant   
  18  wCBO_expCoeff   2.00036e+02   5.69766e-02   9.53847e-05  -9.18897e-02
  19  wCBO_expOffset   2.00002e+02   7.78911e-03   9.53682e-05  -9.73156e-01
  20  wCBO_expT    2.99954e+01   2.98978e-03   1.43029e-05  -1.09280e+00
  21  wCBO_linCoeff   0.00000e+00   constant   
  22  wCBO_const   2.90569e-03   1.42826e-03   8.70495e-06   5.09020e-01
 MIGRAD MINIMIZATION HAS CONVERGED.
 MIGRAD WILL VERIFY CONVERGENCE AND ERROR MATRIX.
 COVARIANCE MATRIX CALCULATED SUCCESSFULLY
 FCN=363.77 FROM MIGRAD    STATUS=CONVERGED      55 CALLS         956 TOTAL
                     EDM=1.69412e-06    STRATEGY= 1      ERROR MATRIX ACCURATE 
  EXT PARAMETER                                   STEP         FIRST   
  NO.   NAME      VALUE            ERROR          SIZE      DERIVATIVE 
   1  N0           3.08349e+06     fixed    
   2  tau          6.44081e+01   constant   
   3  A0           3.45531e-01     fixed    
   4  phi          4.12007e+00     fixed    
   5  R           -6.04838e+01   constant   
   6  A_CBO        1.55314e-04     fixed    
   7  w_CBO        2.32652e+00     fixed    
   8  phi_CBO      5.21658e-01     fixed    
   9  ANx2         3.59468e-04   constant   
  10  pNx2         5.65332e+00   constant   
  11  ANy1         0.00000e+00   constant   
  12  pNy1         0.00000e+00   constant   
  13  w_y          0.00000e+00   constant   
  14  ANy2        -7.48089e-05   3.19096e-04   2.95982e-06   2.17789e+00
  15  pNy2         2.39757e+00   constant   
  16  w_vw         1.43118e+01   constant   
  17  LM           1.25147e-04   constant   
  18  wCBO_expCoeff   2.00036e+02   5.68179e-02   9.53847e-05   9.08105e-02
  19  wCBO_expOffset   2.00002e+02   7.76143e-03   9.53682e-05   6.03976e-01
  20  wCBO_expT    2.99954e+01   2.98818e-03   1.43029e-05   1.06680e+00
  21  wCBO_linCoeff   0.00000e+00   constant   
  22  wCBO_const   2.90555e-03   1.43022e-03   8.70120e-06   1.59663e+00
 EXTERNAL ERROR MATRIX.    NDIM=  25    NPAR=  5    ERR DEF=1
  1.018e-07 -1.540e-07  2.814e-08  2.900e-09  2.458e-08 
 -1.540e-07  3.228e-03 -3.515e-04 -7.356e-05  3.457e-06 
  2.814e-08 -3.515e-04  6.024e-05 -3.663e-06 -1.989e-07 
  2.900e-09 -7.356e-05 -3.663e-06  8.929e-06 -1.279e-06 
  2.458e-08  3.457e-06 -1.989e-07 -1.279e-06  2.046e-06 
 PARAMETER  CORRELATION COEFFICIENTS  
       NO.  GLOBAL     14     18     19     20     22
       14  0.10342   1.000 -0.008  0.011  0.003  0.054
       18  0.98954  -0.008  1.000 -0.797 -0.433  0.043
       19  0.98737   0.011 -0.797  1.000 -0.158 -0.018
       20  0.97443   0.003 -0.433 -0.158  1.000 -0.299
       22  0.75793   0.054  0.043 -0.018 -0.299  1.000
MINUIT - FIT ALTOGETHER
 **********
 **   92 **RES 
 **********
                   PARAMETER    8  phi_CBO RESTORED TO VARIABLE.
                   PARAMETER    7  w_CBO RESTORED TO VARIABLE.
                   PARAMETER    6  A_CBO RESTORED TO VARIABLE.
                   PARAMETER    4  phi RESTORED TO VARIABLE.
                   PARAMETER    3  A0 RESTORED TO VARIABLE.
                   PARAMETER    1  N0 RESTORED TO VARIABLE.
 **********
 **   93 **MIGRAD
 **********
 START MIGRAD MINIMIZATION.  STRATEGY  1.  CONVERGENCE WHEN EDM .LT. 1.00e-04
 FCN=363.77 FROM MIGRAD    STATUS=INITIATE       22 CALLS         978 TOTAL
                     EDM= unknown      STRATEGY= 1      NO ERROR MATRIX       
  EXT PARAMETER               CURRENT GUESS       STEP         FIRST   
  NO.   NAME      VALUE            ERROR          SIZE      DERIVATIVE 
   1  N0           3.08349e+06   6.86384e+02   6.86384e+02  -2.88570e-04
   2  tau          6.44081e+01   constant   
   3  A0           3.45531e-01   2.99682e-04   2.99682e-04   2.86705e+03
   4  phi          4.12007e+00   9.07989e-04   9.07989e-04  -1.47379e+03
   5  R           -6.04838e+01   constant   
   6  A_CBO        1.55314e-04   3.35845e-04   3.35845e-04  -1.06820e+03
   7  w_CBO        2.32652e+00   9.73136e-04   9.73136e-04   8.41491e+00
   8  phi_CBO      5.21658e-01   1.90388e+00   1.90388e+00   2.25886e-04
   9  ANx2         3.59468e-04   constant   
  10  pNx2         5.65332e+00   constant   
  11  ANy1         0.00000e+00   constant   
  12  pNy1         0.00000e+00   constant   
  13  w_y          0.00000e+00   constant   
  14  ANy2        -7.48089e-05   3.19096e-04   2.95982e-06   2.17789e+00
  15  pNy2         2.39757e+00   constant   
  16  w_vw         1.43118e+01   constant   
  17  LM           1.25147e-04   constant   
  18  wCBO_expCoeff   2.00036e+02   5.68179e-02   9.53847e-05   8.98674e-02
  19  wCBO_expOffset   2.00002e+02   7.76143e-03   9.53682e-05   2.35546e-01
  20  wCBO_expT    2.99954e+01   2.98818e-03   1.43029e-05   1.08788e+00
  21  wCBO_linCoeff   0.00000e+00   constant   
  22  wCBO_const   2.90555e-03   1.43022e-03   8.70120e-06   1.59927e+00
 MIGRAD MINIMIZATION HAS CONVERGED.
 FCN=363.093 FROM MIGRAD    STATUS=CONVERGED     189 CALLS        1145 TOTAL
                     EDM=3.62382e-07    STRATEGY= 1  ERROR MATRIX UNCERTAINTY   1.1 per cent
  EXT PARAMETER                                   STEP         FIRST   
  NO.   NAME      VALUE            ERROR          SIZE      DERIVATIVE 
   1  N0           3.08357e+06   6.96333e+02  -1.15060e+00   4.03671e-07
   2  tau          6.44081e+01   constant   
