 + ++++++++++++++++++++++++++++++++++++++++++++++++++++++++++++++++++++ +
 +                                                                      +
 +           You have chose to blind your fitting according to          +
 +                omega_ref * (1 + (R +/- deltaR) *10^{-6})             +
 +                                                                      +
 + ++++++++++++++++++++++++++++++++++++++++++++++++++++++++++++++++++++ +
In main()...
reading format from /gm2data/zkhechad/run45/envelope/formats/formatB_sBin_constraintOn.txt
pBinTau 	= 0  
pBinPhi 	= 0  
constraintau 	= 1 
includeMopTerm 	= 0    
constrainMop    = 0   
Parameters after format file: pBinTau 0 pBinPhi 0 constraintau 1 includeMopTerm 0 constrainMop 0 c_e_scale 0.000000 
reading cbo reference file (full fit) from /gm2data/zkhechad/cboTemplates/Run4CBOTemplates/fullFits/run4/sBin_constraintOn_cE0.0_seed0_run4_calo20.root
A_CBO 0.007307 w_CBO 2.326921 phi_CBO 1.268494 N0 3181980.382925 R -61.000535 tau 64.408953 
Reading cboRef file /gm2data/zkhechad/cboTemplates/Run4CBOTemplates//cboIsolate/run4_calo20.root
deltaT 164.120000
windowBins = 1100
fitting sliding window 2340 from bin 2543 at 379.415600 to bin 3643 at 543.535600 (1100 bins)

Reading data from /gm2data/cornell/histograms/aMethod/histogram_a_run4.root
fitting cbo isolate
 **********
 **    1 **SET PRINTOUT            1
 **********
 **********
 **    2 **SET NOWARNINGS 
 **********
 PARAMETER DEFINITIONS:
    NO.   NAME         VALUE      STEP SIZE      LIMITS
     1 A_CBO        7.30680e-03  1.00000e-05     no limits
     2 w_CBO        2.32692e+00  1.00000e-02    2.00000e+00  3.00000e+00
     3 phi_CBO      1.26849e+00  1.00000e-02    0.00000e+00  6.28319e+00
 **********
 **    3 **MIGRAD
 **********
 FIRST CALL TO USER FUNCTION AT NEW START POINT, WITH IFLAG=4.
 START MIGRAD MINIMIZATION.  STRATEGY  1.  CONVERGENCE WHEN EDM .LT. 1.00e-04
 FCN=0.283616 FROM MIGRAD    STATUS=INITIATE       12 CALLS          13 TOTAL
                     EDM= unknown      STRATEGY= 1      NO ERROR MATRIX       
  EXT PARAMETER               CURRENT GUESS       STEP         FIRST   
  NO.   NAME      VALUE            ERROR          SIZE      DERIVATIVE 
   1  A_CBO        7.30680e-03   1.00000e-05   1.00000e-05   6.11164e+00
   2  w_CBO        2.32692e+00   1.00000e-02   2.13202e-02   1.84747e+00
   3  phi_CBO      1.26849e+00   1.00000e-02   3.96494e-03  -2.09638e-02
 MIGRAD MINIMIZATION HAS CONVERGED.
 MIGRAD WILL VERIFY CONVERGENCE AND ERROR MATRIX.
 COVARIANCE MATRIX CALCULATED SUCCESSFULLY
 FCN=0.266087 FROM MIGRAD    STATUS=CONVERGED      58 CALLS          59 TOTAL
                     EDM=2.81556e-06    STRATEGY= 1      ERROR MATRIX ACCURATE 
  EXT PARAMETER                                   STEP         FIRST   
  NO.   NAME      VALUE            ERROR          SIZE      DERIVATIVE 
   1  A_CBO        2.04952e-03   4.28264e-02   2.34511e-05   1.53971e-02
   2  w_CBO        2.32639e+00   3.31361e-01   6.09295e-05  -1.01901e-03
   3  phi_CBO      1.53974e+00   3.17302e+00   4.71090e-03  -2.19769e-05
 EXTERNAL ERROR MATRIX.    NDIM=  25    NPAR=  3    ERR DEF=1
  1.834e-03 -1.370e-03 -6.509e-01 
 -1.370e-03  1.354e-01  6.411e+01 
 -6.509e-01  6.411e+01  3.079e+04 
 PARAMETER  CORRELATION COEFFICIENTS  
       NO.  GLOBAL      1      2      3
        1  0.08697   1.000 -0.087 -0.087
        2  0.99291  -0.087  1.000  0.993
        3  0.99291  -0.087  0.993  1.000
setting A_CBO=0.002050 w_CBO=2.326386, phi_CBO=1.539737
done fitting cbo isolate
 **********
 **    1 **SET PRINTOUT            1
 **********
 **********
 **    2 **SET NOWARNINGS 
 **********
 PARAMETER DEFINITIONS:
    NO.   NAME         VALUE      STEP SIZE      LIMITS
     1 N0           3.18198e+06  1.00000e+02     no limits
     2 tau          6.44090e+01  constant
     3 A0           3.64685e-01  1.00000e-04     no limits
     4 phi          4.11970e+00  1.00000e-02     no limits
     5 R           -6.10005e+01  constant
     6 A_CBO        2.04952e-03  1.00000e-05     no limits
     7 w_CBO        2.32639e+00  1.00000e-03     no limits
     8 phi_CBO      1.53974e+00  1.00000e-04     no limits
     9 ANx2         1.86992e-04  constant
    10 pNx2         5.81164e+00  constant
    11 ANy1         0.00000e+00  constant
    12 pNy1         0.00000e+00  constant
    13 w_y          0.00000e+00  constant
    14 ANy2         8.35747e-03  1.00000e-04     no limits
    15 pNy2         4.18605e+00  constant
    16 w_vw         1.43216e+01  constant
    17 LM           7.21641e-05  constant
    18 wCBO_expCoeff   2.00000e+02  1.00000e+00     no limits
    19 wCBO_expOffset   2.00000e+02  1.00000e+00     no limits
    20 wCBO_expT    3.00000e+01  1.00000e+00     no limits
    21 wCBO_linCoeff   0.00000e+00  constant
    22 wCBO_const   0.00000e+00  1.00000e-02     no limits
MINUIT - FIT ONLY WIGGLE
 **********
 **    3 **FIX            5
 **********
 PARAMETER    5  IS CONSTANT.   IGNORED.
 **********
 **    4 **FIX            6
 **********
 **********
 **    5 **FIX            7
 **********
 **********
 **    6 **FIX            8
 **********
 **********
 **    7 **FIX            9
 **********
 PARAMETER    9  IS CONSTANT.   IGNORED.
 **********
 **    8 **FIX           10
 **********
 PARAMETER   10  IS CONSTANT.   IGNORED.
 **********
 **    9 **FIX           11
 **********
 PARAMETER   11  IS CONSTANT.   IGNORED.
 **********
 **   10 **FIX           12
 **********
 PARAMETER   12  IS CONSTANT.   IGNORED.
 **********
 **   11 **FIX           13
 **********
 PARAMETER   13  IS CONSTANT.   IGNORED.
 **********
 **   12 **FIX           14
 **********
 **********
 **   13 **FIX           15
 **********
 PARAMETER   15  IS CONSTANT.   IGNORED.
 **********
 **   14 **FIX           16
 **********
 PARAMETER   16  IS CONSTANT.   IGNORED.
 **********
 **   15 **MIGRAD
 **********
 FIRST CALL TO USER FUNCTION AT NEW START POINT, WITH IFLAG=4.
 START MIGRAD MINIMIZATION.  STRATEGY  1.  CONVERGENCE WHEN EDM .LT. 1.00e-04
 FCN=426.679 FROM MIGRAD    STATUS=INITIATE       30 CALLS          31 TOTAL
                     EDM= unknown      STRATEGY= 1      NO ERROR MATRIX       
  EXT PARAMETER               CURRENT GUESS       STEP         FIRST   
  NO.   NAME      VALUE            ERROR          SIZE      DERIVATIVE 
   1  N0           3.18198e+06   1.00000e+02   1.00000e+02   7.58284e-05
   2  tau          6.44090e+01   constant   
   3  A0           3.64685e-01   1.00000e-04   1.00000e-04  -5.24763e+02
   4  phi          4.11970e+00   1.00000e-02   1.00000e-02   3.64787e+02
   5  R           -6.10005e+01   constant   
   6  A_CBO        2.04952e-03     fixed    
   7  w_CBO        2.32639e+00     fixed    
   8  phi_CBO      1.53974e+00     fixed    
   9  ANx2         1.86992e-04   constant   
  10  pNx2         5.81164e+00   constant   
  11  ANy1         0.00000e+00   constant   
  12  pNy1         0.00000e+00   constant   
  13  w_y          0.00000e+00   constant   
  14  ANy2         8.35747e-03     fixed    
  15  pNy2         4.18605e+00   constant   
  16  w_vw         1.43216e+01   constant   
  17  LM           7.21641e-05   constant   
  18  wCBO_expCoeff   2.00000e+02   1.00000e+00   1.00000e+00   3.30345e+00
  19  wCBO_expOffset   2.00000e+02   1.00000e+00   1.00000e+00   2.20225e+01
  20  wCBO_expT    3.00000e+01   1.00000e+00   1.00000e+00   1.43567e+02
  21  wCBO_linCoeff   0.00000e+00   constant   
  22  wCBO_const   0.00000e+00   1.00000e-02   1.00000e-02   3.37046e+03
 MIGRAD MINIMIZATION HAS CONVERGED.
 MIGRAD WILL VERIFY CONVERGENCE AND ERROR MATRIX.
 COVARIANCE MATRIX CALCULATED SUCCESSFULLY
 FCN=425.656 FROM MIGRAD    STATUS=CONVERGED     196 CALLS         197 TOTAL
                     EDM=2.09526e-07    STRATEGY= 1      ERROR MATRIX ACCURATE 
  EXT PARAMETER                                   STEP         FIRST   
  NO.   NAME      VALUE            ERROR          SIZE      DERIVATIVE 
   1  N0           3.18196e+06   2.00829e+03   1.90927e+01  -7.23413e-08
   2  tau          6.44090e+01   constant   
   3  A0           3.64757e-01   8.41880e-04   8.40752e-06  -3.77706e-01
   4  phi          4.11863e+00   2.38829e-03   2.40247e-05   2.14031e-02
   5  R           -6.10005e+01   constant   
   6  A_CBO        2.04952e-03     fixed    
   7  w_CBO        2.32639e+00     fixed    
   8  phi_CBO      1.53974e+00     fixed    
   9  ANx2         1.86992e-04   constant   
  10  pNx2         5.81164e+00   constant   
  11  ANy1         0.00000e+00   constant   
  12  pNy1         0.00000e+00   constant   
  13  w_y          0.00000e+00   constant   
  14  ANy2         8.35747e-03     fixed    
  15  pNy2         4.18605e+00   constant   
  16  w_vw         1.43216e+01   constant   
  17  LM           7.21641e-05   constant   
  18  wCBO_expCoeff   2.01334e+02   1.62290e+01   3.75093e-03  -1.30172e-03
  19  wCBO_expOffset   2.00200e+02   2.41676e+00   5.57699e-04  -8.75548e-03
  20  wCBO_expT    2.99327e+01   2.04916e-01   8.87912e-05  -5.53517e-02
  21  wCBO_linCoeff   0.00000e+00   constant   
  22  wCBO_const  -1.95689e-04   8.60369e-04   4.80565e-06  -5.59156e-01
 EXTERNAL ERROR MATRIX.    NDIM=  25    NPAR=  7    ERR DEF=1
  4.033e+06  4.440e-02 -2.281e-03  3.796e+02  5.794e+01 -1.805e+01 -2.013e-02 
  4.440e-02  7.088e-07  9.042e-09 -2.587e-04 -3.951e-05  1.219e-05  3.564e-08 
 -2.281e-03  9.042e-09  5.704e-06  5.810e-04  8.839e-05 -2.985e-05  1.365e-07 
  3.796e+02 -2.587e-04  5.810e-04  2.634e+02 -3.400e+01 -8.461e-01  1.933e-03 
  5.794e+01 -3.951e-05  8.839e-05 -3.400e+01  5.841e+00 -1.289e-01  2.936e-04 
 -1.805e+01  1.219e-05 -2.985e-05 -8.461e-01 -1.289e-01  4.199e-02 -1.026e-04 
 -2.013e-02  3.564e-08  1.365e-07  1.933e-03  2.936e-04 -1.026e-04  7.402e-07 
 PARAMETER  CORRELATION COEFFICIENTS  
       NO.  GLOBAL      1      3      4     18     19     20     22
        1  0.07250   1.000  0.026 -0.000  0.012  0.012 -0.044 -0.012
        3  0.13989   0.026  1.000  0.004 -0.019 -0.019  0.071  0.049
        4  0.07245  -0.000  0.004  1.000  0.015  0.015 -0.061  0.066
       18  0.99974   0.012 -0.019  0.015  1.000 -0.867 -0.254  0.138
       19  0.99974   0.012 -0.019  0.015 -0.867  1.000 -0.260  0.141
       20  0.99908  -0.044  0.071 -0.061 -0.254 -0.260  1.000 -0.582
       22  0.83256  -0.012  0.049  0.066  0.138  0.141 -0.582  1.000
MINUIT - FIT ONLY 1-CBO + other amplitudes 
 **********
 **   16 **RES 
 **********
                   PARAMETER   14  ANy2 RESTORED TO VARIABLE.
                   PARAMETER    8  phi_CBO RESTORED TO VARIABLE.
                   PARAMETER    7  w_CBO RESTORED TO VARIABLE.
                   PARAMETER    6  A_CBO RESTORED TO VARIABLE.
 **********
 **   17 **FIX            0
 **********
 PARAMETER    0  IS UNDEFINED. IGNORED.
 **********
 **   18 **FIX            1
 **********
 **********
 **   19 **FIX            2
 **********
 PARAMETER    2  IS CONSTANT.   IGNORED.
 **********
 **   20 **FIX            3
 **********
 **********
 **   21 **FIX            4
 **********
 **********
 **   22 **FIX            9
 **********
 PARAMETER    9  IS CONSTANT.   IGNORED.
 **********
 **   23 **FIX           11
 **********
 PARAMETER   11  IS CONSTANT.   IGNORED.
 **********
 **   24 **FIX           12
 **********
 PARAMETER   12  IS CONSTANT.   IGNORED.
 **********
 **   25 **FIX           14
 **********
 **********
 **   26 **FIX           15
 **********
 PARAMETER   15  IS CONSTANT.   IGNORED.
 **********
 **   27 **FIX           16
 **********
 PARAMETER   16  IS CONSTANT.   IGNORED.
 **********
 **   28 **MIGRAD
 **********
 START MIGRAD MINIMIZATION.  STRATEGY  1.  CONVERGENCE WHEN EDM .LT. 1.00e-04
 FCN=425.656 FROM MIGRAD    STATUS=INITIATE       18 CALLS         215 TOTAL
                     EDM= unknown      STRATEGY= 1      NO ERROR MATRIX       
  EXT PARAMETER               CURRENT GUESS       STEP         FIRST   
  NO.   NAME      VALUE            ERROR          SIZE      DERIVATIVE 
   1  N0           3.18196e+06     fixed    
   2  tau          6.44090e+01   constant   
   3  A0           3.64757e-01     fixed    
   4  phi          4.11863e+00     fixed    
   5  R           -6.10005e+01   constant   
   6  A_CBO        2.04952e-03   1.00000e-05   1.00000e-05   1.95369e+03
   7  w_CBO        2.32639e+00   1.00000e-03   1.00000e-03  -3.56190e-01
   8  phi_CBO      1.53974e+00   1.00000e-04   1.00000e-04   7.54610e-01
   9  ANx2         1.86992e-04   constant   
  10  pNx2         5.81164e+00   constant   
  11  ANy1         0.00000e+00   constant   
  12  pNy1         0.00000e+00   constant   
  13  w_y          0.00000e+00   constant   
  14  ANy2         8.35747e-03     fixed    
  15  pNy2         4.18605e+00   constant   
  16  w_vw         1.43216e+01   constant   
  17  LM           7.21641e-05   constant   
  18  wCBO_expCoeff   2.01334e+02   1.62290e+01   3.75093e-03  -1.30417e-03
  19  wCBO_expOffset   2.00200e+02   2.41676e+00   5.57699e-04  -8.76876e-03
  20  wCBO_expT    2.99327e+01   2.04916e-01   8.87912e-05  -5.55430e-02
  21  wCBO_linCoeff   0.00000e+00   constant   
  22  wCBO_const  -1.95689e-04   8.60369e-04   4.80565e-06  -5.64696e-01
 MIGRAD MINIMIZATION HAS CONVERGED.
 MIGRAD WILL VERIFY CONVERGENCE AND ERROR MATRIX.
 FCN=424.792 FROM HESSE     STATUS=NOT POSDEF     50 CALLS         346 TOTAL
                     EDM=0.000133933    STRATEGY= 1      ERR MATRIX NOT POS-DEF
  EXT PARAMETER                APPROXIMATE        STEP         FIRST   
  NO.   NAME      VALUE            ERROR          SIZE      DERIVATIVE 
   1  N0           3.18196e+06     fixed    
   2  tau          6.44090e+01   constant   
   3  A0           3.64757e-01     fixed    
   4  phi          4.11863e+00     fixed    
   5  R           -6.10005e+01   constant   
   6  A_CBO        1.30758e-03   8.77114e-04   8.83981e-06   5.56426e-01
   7  w_CBO        2.32610e+00   9.92614e-03   1.02703e-05   1.98977e+00
   8  phi_CBO      1.16182e+00   1.06535e+00   6.97114e-03  -2.32205e-03
   9  ANx2         1.86992e-04   constant   
  10  pNx2         5.81164e+00   constant   
  11  ANy1         0.00000e+00   constant   
  12  pNy1         0.00000e+00   constant   
  13  w_y          0.00000e+00   constant   
  14  ANy2         8.35747e-03     fixed    
  15  pNy2         4.18605e+00   constant   
  16  w_vw         1.43216e+01   constant   
  17  LM           7.21641e-05   constant   
  18  wCBO_expCoeff   2.01359e+02   4.72489e+00   4.22147e-03   7.47019e-03
  19  wCBO_expOffset   2.00204e+02   7.02473e-01   6.27542e-04   5.02520e-02
  20  wCBO_expT    2.99330e+01   1.05203e-01   9.96166e-05   5.29043e-01
  21  wCBO_linCoeff   0.00000e+00   constant   
  22  wCBO_const  -3.80446e-04   4.27546e-03   5.28088e-06   3.12543e+00
 MIGRAD MINIMIZATION HAS CONVERGED.
 MIGRAD WILL VERIFY CONVERGENCE AND ERROR MATRIX.
 FCN=424.791 FROM MIGRAD    STATUS=CONVERGED     232 CALLS         429 TOTAL
                     EDM=1.35734e-08    STRATEGY= 1      ERR MATRIX NOT POS-DEF
  EXT PARAMETER                APPROXIMATE        STEP         FIRST   
  NO.   NAME      VALUE            ERROR          SIZE      DERIVATIVE 
   1  N0           3.18196e+06     fixed    
   2  tau          6.44090e+01   constant   
   3  A0           3.64757e-01     fixed    
   4  phi          4.11863e+00     fixed    
   5  R           -6.10005e+01   constant   
   6  A_CBO        1.30586e-03   8.76817e-04   8.83842e-06   3.11280e-04
   7  w_CBO        2.32616e+00   9.97869e-03   1.02653e-05   1.55094e-01
   8  phi_CBO      1.16604e+00   1.06444e+00   6.97143e-03  -1.53371e-04
   9  ANx2         1.86992e-04   constant   
  10  pNx2         5.81164e+00   constant   
  11  ANy1         0.00000e+00   constant   
  12  pNy1         0.00000e+00   constant   
  13  w_y          0.00000e+00   constant   
  14  ANy2         8.35747e-03     fixed    
  15  pNy2         4.18605e+00   constant   
  16  w_vw         1.43216e+01   constant   
  17  LM           7.21641e-05   constant   
  18  wCBO_expCoeff   2.01514e+02   4.71961e+00   4.21913e-03   3.02172e-04
  19  wCBO_expOffset   2.00227e+02   7.01097e-01   6.26661e-04   2.03494e-03
  20  wCBO_expT    2.99252e+01   1.05166e-01   9.94671e-05   1.35524e-02
  21  wCBO_linCoeff   0.00000e+00   constant   
  22  wCBO_const  -3.82431e-04   4.29747e-03   5.27958e-06   3.00023e-01
 EXTERNAL ERROR MATRIX.    NDIM=  25    NPAR=  7    ERR DEF=1
  7.688e-07  1.092e-08 -2.461e-05 -6.276e-05 -9.344e-06  2.256e-06  1.241e-08 
  1.092e-08  9.957e-05  6.952e-04 -2.658e-03 -3.972e-04 -8.863e-05 -4.159e-05 
 -2.461e-05  6.952e-04  1.133e+00  7.184e-02  1.066e-02 -5.836e-03  4.005e-04 
 -6.276e-05 -2.658e-03  7.184e-02  2.227e+01 -1.918e+00 -2.202e-01  1.638e-03 
 -9.344e-06 -3.972e-04  1.066e-02 -1.918e+00  4.915e-01 -3.274e-02  2.444e-04 
  2.256e-06 -8.863e-05 -5.836e-03 -2.202e-01 -3.274e-02  1.106e-02  2.165e-06 
  1.241e-08 -4.159e-05  4.005e-04  1.638e-03  2.444e-04  2.165e-06  1.847e-05 
ERR MATRIX NOT POS-DEF
 PARAMETER  CORRELATION COEFFICIENTS  
       NO.  GLOBAL      6      7      8     18     19     20     22
        6  0.07428   1.000  0.001 -0.026 -0.015 -0.015  0.024  0.003
        7  0.99481   0.001  1.000  0.065 -0.056 -0.057 -0.084 -0.970
        8  0.76150  -0.026  0.065  1.000  0.014  0.014 -0.052  0.088
       18  0.99609  -0.015 -0.056  0.014  1.000 -0.580 -0.444  0.081
       19  0.99609  -0.015 -0.057  0.014 -0.580  1.000 -0.444  0.081
       20  0.99562   0.024 -0.084 -0.052 -0.444 -0.444  1.000  0.005
       22  0.99259   0.003 -0.970  0.088  0.081  0.081  0.005  1.000
 ERR MATRIX NOT POS-DEF
MINUIT - FIT ONLY 1-CBO
 **********
 **   29 **RES 
 **********
                   PARAMETER   14  ANy2 RESTORED TO VARIABLE.
                   PARAMETER    4  phi RESTORED TO VARIABLE.
                   PARAMETER    3  A0 RESTORED TO VARIABLE.
                   PARAMETER    1  N0 RESTORED TO VARIABLE.
 **********
 **   30 **FIX            0
 **********
 PARAMETER    0  IS UNDEFINED. IGNORED.
 **********
 **   31 **FIX            1
 **********
 **********
 **   32 **FIX            2
 **********
 PARAMETER    2  IS CONSTANT.   IGNORED.
 **********
 **   33 **FIX            3
 **********
 **********
 **   34 **FIX            4
 **********
 **********
 **   35 **FIX            8
 **********
 **********
 **   36 **FIX            9
 **********
 PARAMETER    9  IS CONSTANT.   IGNORED.
 **********
 **   37 **FIX           11
 **********
 PARAMETER   11  IS CONSTANT.   IGNORED.
 **********
 **   38 **FIX           12
 **********
 PARAMETER   12  IS CONSTANT.   IGNORED.
 **********
 **   39 **FIX           13
 **********
 PARAMETER   13  IS CONSTANT.   IGNORED.
 **********
 **   40 **FIX           15
 **********
 PARAMETER   15  IS CONSTANT.   IGNORED.
 **********
 **   41 **FIX           16
 **********
 PARAMETER   16  IS CONSTANT.   IGNORED.
 **********
 **   42 **MIGRAD
 **********
 START MIGRAD MINIMIZATION.  STRATEGY  1.  CONVERGENCE WHEN EDM .LT. 1.00e-04
 FCN=424.791 FROM MIGRAD    STATUS=INITIATE       14 CALLS         443 TOTAL
                     EDM= unknown      STRATEGY= 1      NO ERROR MATRIX       
  EXT PARAMETER               CURRENT GUESS       STEP         FIRST   
  NO.   NAME      VALUE            ERROR          SIZE      DERIVATIVE 
   1  N0           3.18196e+06     fixed    
   2  tau          6.44090e+01   constant   
   3  A0           3.64757e-01     fixed    
   4  phi          4.11863e+00     fixed    
   5  R           -6.10005e+01   constant   
   6  A_CBO        1.30586e-03   8.76817e-04   8.83842e-06   3.11539e-04
   7  w_CBO        2.32616e+00   9.97869e-03   1.02653e-05   1.55766e-01
   8  phi_CBO      1.16604e+00     fixed    
   9  ANx2         1.86992e-04   constant   
  10  pNx2         5.81164e+00   constant   
  11  ANy1         0.00000e+00   constant   
  12  pNy1         0.00000e+00   constant   
  13  w_y          0.00000e+00   constant   
  14  ANy2         8.35747e-03   1.00000e-04   1.00000e-04   2.06850e+04
  15  pNy2         4.18605e+00   constant   
  16  w_vw         1.43216e+01   constant   
  17  LM           7.21641e-05   constant   
  18  wCBO_expCoeff   2.01514e+02   4.71961e+00   4.21913e-03   3.12334e-04
  19  wCBO_expOffset   2.00227e+02   7.01097e-01   6.26661e-04   2.10662e-03
  20  wCBO_expT    2.99252e+01   1.05166e-01   9.94671e-05   1.39237e-02
  21  wCBO_linCoeff   0.00000e+00   constant   
  22  wCBO_const  -3.82431e-04   4.29747e-03   5.27958e-06   3.00168e-01
 MIGRAD MINIMIZATION HAS CONVERGED.
 MIGRAD WILL VERIFY CONVERGENCE AND ERROR MATRIX.
 FCN=340.095 FROM MIGRAD    STATUS=CONVERGED     110 CALLS         539 TOTAL
                     EDM=1.18355e-05    STRATEGY= 1      ERR MATRIX NOT POS-DEF
  EXT PARAMETER                APPROXIMATE        STEP         FIRST   
  NO.   NAME      VALUE            ERROR          SIZE      DERIVATIVE 
   1  N0           3.18196e+06     fixed    
   2  tau          6.44090e+01   constant   
   3  A0           3.64757e-01     fixed    
   4  phi          4.11863e+00     fixed    
   5  R           -6.10005e+01   constant   
   6  A_CBO        1.23557e-03   8.76766e-04   7.91170e-06  -6.63508e-01
   7  w_CBO        2.32616e+00   1.12553e-02   1.00654e-05   6.22135e-01
   8  phi_CBO      1.16604e+00     fixed    
   9  ANx2         1.86992e-04   constant   
  10  pNx2         5.81164e+00   constant   
  11  ANy1         0.00000e+00   constant   
  12  pNy1         0.00000e+00   constant   
  13  w_y          0.00000e+00   constant   
  14  ANy2         1.68291e-04   8.87284e-04   8.02412e-06  -4.27575e-02
  15  pNy2         4.18605e+00   constant   
  16  w_vw         1.43216e+01   constant   
  17  LM           7.21641e-05   constant   
  18  wCBO_expCoeff   2.01513e+02   5.77925e+00   4.38158e-03  -1.39286e-03
  19  wCBO_expOffset   2.00227e+02   8.58582e-01   6.50680e-04  -9.37924e-03
  20  wCBO_expT    2.99252e+01   1.25535e-01   1.02948e-04  -1.71359e-02
  21  wCBO_linCoeff   0.00000e+00   constant   
  22  wCBO_const  -3.81051e-04   4.83603e-03   5.08669e-06   1.72855e+00
 EXTERNAL ERROR MATRIX.    NDIM=  25    NPAR=  7    ERR DEF=1
  7.687e-07  2.420e-08  6.464e-09 -7.706e-05 -1.147e-05  2.929e-06  1.956e-08 
  2.420e-08  1.267e-04 -6.037e-11 -3.428e-03 -5.128e-04 -1.084e-04 -5.357e-05 
  6.464e-09 -6.037e-11  7.873e-07 -6.476e-07 -9.636e-08  3.556e-08 -6.703e-11 
 -7.706e-05 -3.428e-03 -6.476e-07  3.340e+01 -2.969e+00 -3.159e-01  2.141e-03 
 -1.147e-05 -5.128e-04 -9.636e-08 -2.969e+00  7.372e-01 -4.700e-02  3.196e-04 
  2.929e-06 -1.084e-04  3.556e-08 -3.159e-01 -4.700e-02  1.576e-02  2.696e-06 
  1.956e-08 -5.357e-05 -6.703e-11  2.141e-03  3.196e-04  2.696e-06  2.339e-05 
ERR MATRIX NOT POS-DEF
 PARAMETER  CORRELATION COEFFICIENTS  
       NO.  GLOBAL      6      7     14     18     19     20     22
        6  0.06608   1.000  0.002  0.008 -0.015 -0.015  0.027  0.005
        7  0.99510   0.002  1.000 -0.000 -0.053 -0.053 -0.077 -0.984
       14  0.00834   0.008 -0.000  1.000 -0.000 -0.000  0.000 -0.000
       18  0.99648  -0.015 -0.053 -0.000  1.000 -0.598 -0.435  0.077
       19  0.99648  -0.015 -0.053 -0.000 -0.598  1.000 -0.436  0.077
       20  0.99588   0.027 -0.077  0.000 -0.435 -0.436  1.000  0.004
       22  0.99321   0.005 -0.984 -0.000  0.077  0.077  0.004  1.000
 ERR MATRIX NOT POS-DEF
MINUIT - FIT ONLY 2-CBO
 **********
 **   43 **RES 
 **********
                   PARAMETER    8  phi_CBO RESTORED TO VARIABLE.
                   PARAMETER    4  phi RESTORED TO VARIABLE.
                   PARAMETER    3  A0 RESTORED TO VARIABLE.
                   PARAMETER    1  N0 RESTORED TO VARIABLE.
 **********
 **   44 **FIX            0
 **********
 PARAMETER    0  IS UNDEFINED. IGNORED.
 **********
 **   45 **FIX            1
 **********
 **********
 **   46 **FIX            2
 **********
 PARAMETER    2  IS CONSTANT.   IGNORED.
 **********
 **   47 **FIX            3
 **********
 **********
 **   48 **FIX            4
 **********
 **********
 **   49 **FIX            5
 **********
 PARAMETER    5  IS CONSTANT.   IGNORED.
 **********
 **   50 **FIX            6
 **********
 **********
 **   51 **FIX            7
 **********
 **********
 **   52 **FIX           10
 **********
 PARAMETER   10  IS CONSTANT.   IGNORED.
 **********
 **   53 **FIX           11
 **********
 PARAMETER   11  IS CONSTANT.   IGNORED.
 **********
 **   54 **FIX           12
 **********
 PARAMETER   12  IS CONSTANT.   IGNORED.
 **********
 **   55 **FIX           13
 **********
 PARAMETER   13  IS CONSTANT.   IGNORED.
 **********
 **   56 **FIX           14
 **********
 **********
 **   57 **FIX           15
 **********
 PARAMETER   15  IS CONSTANT.   IGNORED.
 **********
 **   58 **FIX           16
 **********
 PARAMETER   16  IS CONSTANT.   IGNORED.
 **********
 **   59 **MIGRAD
 **********
 START MIGRAD MINIMIZATION.  STRATEGY  1.  CONVERGENCE WHEN EDM .LT. 1.00e-04
 FCN=340.095 FROM MIGRAD    STATUS=INITIATE       10 CALLS         549 TOTAL
                     EDM= unknown      STRATEGY= 1      NO ERROR MATRIX       
  EXT PARAMETER               CURRENT GUESS       STEP         FIRST   
  NO.   NAME      VALUE            ERROR          SIZE      DERIVATIVE 
   1  N0           3.18196e+06     fixed    
   2  tau          6.44090e+01   constant   
   3  A0           3.64757e-01     fixed    
   4  phi          4.11863e+00     fixed    
   5  R           -6.10005e+01   constant   
   6  A_CBO        1.23557e-03     fixed    
   7  w_CBO        2.32616e+00     fixed    
   8  phi_CBO      1.16604e+00   1.06444e+00   1.06444e+00   3.57731e-02
   9  ANx2         1.86992e-04   constant   
  10  pNx2         5.81164e+00   constant   
  11  ANy1         0.00000e+00   constant   
  12  pNy1         0.00000e+00   constant   
  13  w_y          0.00000e+00   constant   
  14  ANy2         1.68291e-04     fixed    
  15  pNy2         4.18605e+00   constant   
  16  w_vw         1.43216e+01   constant   
  17  LM           7.21641e-05   constant   
  18  wCBO_expCoeff   2.01513e+02   5.77925e+00   4.38158e-03  -1.38495e-03
  19  wCBO_expOffset   2.00227e+02   8.58582e-01   6.50680e-04  -9.32340e-03
  20  wCBO_expT    2.99252e+01   1.25535e-01   1.02948e-04  -1.68569e-02
  21  wCBO_linCoeff   0.00000e+00   constant   
  22  wCBO_const  -3.81051e-04   4.83603e-03   5.08669e-06   1.72829e+00
 MIGRAD MINIMIZATION HAS CONVERGED.
 MIGRAD WILL VERIFY CONVERGENCE AND ERROR MATRIX.
 FCN=340.094 FROM MIGRAD    STATUS=CONVERGED      76 CALLS         615 TOTAL
                     EDM=6.89469e-06    STRATEGY= 1      ERR MATRIX NOT POS-DEF
  EXT PARAMETER                APPROXIMATE        STEP         FIRST   
  NO.   NAME      VALUE            ERROR          SIZE      DERIVATIVE 
   1  N0           3.18196e+06     fixed    
   2  tau          6.44090e+01   constant   
   3  A0           3.64757e-01     fixed    
   4  phi          4.11863e+00     fixed    
   5  R           -6.10005e+01   constant   
   6  A_CBO        1.23557e-03     fixed    
   7  w_CBO        2.32616e+00     fixed    
   8  phi_CBO      1.14061e+00   1.16129e+00   6.58957e-03   1.05290e-04
   9  ANx2         1.86992e-04   constant   
  10  pNx2         5.81164e+00   constant   
  11  ANy1         0.00000e+00   constant   
  12  pNy1         0.00000e+00   constant   
  13  w_y          0.00000e+00   constant   
  14  ANy2         1.68291e-04     fixed    
  15  pNy2         4.18605e+00   constant   
  16  w_vw         1.43216e+01   constant   
  17  LM           7.21641e-05   constant   
  18  wCBO_expCoeff   2.01514e+02   6.01332e+00   4.38643e-03  -4.18674e-04
  19  wCBO_expOffset   2.00227e+02   8.93326e-01   6.51403e-04  -2.81920e-03
  20  wCBO_expT    2.99252e+01   1.29262e-01   1.03058e-04   1.09540e-02
  21  wCBO_linCoeff   0.00000e+00   constant   
  22  wCBO_const  -3.97243e-04   1.11247e-03   5.08534e-06  -2.41504e-01
 EXTERNAL ERROR MATRIX.    NDIM=  25    NPAR=  5    ERR DEF=1
  1.349e+00  4.564e-02  6.791e-03 -2.241e-03  8.158e-04 
  4.564e-02  3.616e+01 -3.279e+00 -3.400e-01  7.820e-04 
  6.791e-03 -3.279e+00  7.980e-01 -5.059e-02  1.162e-04 
 -2.241e-03 -3.400e-01 -5.059e-02  1.671e-02 -4.753e-05 
  8.158e-04  7.820e-04  1.162e-04 -4.753e-05  1.238e-06 
ERR MATRIX NOT POS-DEF
 PARAMETER  CORRELATION COEFFICIENTS  
       NO.  GLOBAL      8     18     19     20     22
        8  0.77848   1.000  0.007  0.007 -0.015  0.631
       18  0.99674   0.007  1.000 -0.610 -0.437  0.117
       19  0.99674   0.007 -0.610  1.000 -0.438  0.117
       20  0.99611  -0.015 -0.437 -0.438  1.000 -0.331
       22  0.86290   0.631  0.117  0.117 -0.331  1.000
 ERR MATRIX NOT POS-DEF
MINUIT - FIT ONLY 1-y
 **********
 **   60 **RES 
 **********
                   PARAMETER   14  ANy2 RESTORED TO VARIABLE.
                   PARAMETER    7  w_CBO RESTORED TO VARIABLE.
                   PARAMETER    6  A_CBO RESTORED TO VARIABLE.
                   PARAMETER    4  phi RESTORED TO VARIABLE.
                   PARAMETER    3  A0 RESTORED TO VARIABLE.
                   PARAMETER    1  N0 RESTORED TO VARIABLE.
 **********
 **   61 **FIX            0
 **********
 PARAMETER    0  IS UNDEFINED. IGNORED.
 **********
 **   62 **FIX            1
 **********
 **********
 **   63 **FIX            2
 **********
 PARAMETER    2  IS CONSTANT.   IGNORED.
 **********
 **   64 **FIX            3
 **********
 **********
 **   65 **FIX            4
 **********
 **********
 **   66 **FIX            5
 **********
 PARAMETER    5  IS CONSTANT.   IGNORED.
 **********
 **   67 **FIX            6
 **********
 **********
 **   68 **FIX            7
 **********
 **********
 **   69 **FIX            8
 **********
 **********
 **   70 **FIX            9
 **********
 PARAMETER    9  IS CONSTANT.   IGNORED.
 **********
 **   71 **FIX           13
 **********
 PARAMETER   13  IS CONSTANT.   IGNORED.
 **********
 **   72 **FIX           14
 **********
 **********
 **   73 **FIX           15
 **********
 PARAMETER   15  IS CONSTANT.   IGNORED.
 **********
 **   74 **FIX           16
 **********
 PARAMETER   16  IS CONSTANT.   IGNORED.
 **********
 **   75 **MIGRAD
 **********
 START MIGRAD MINIMIZATION.  STRATEGY  1.  CONVERGENCE WHEN EDM .LT. 1.00e-04
 FCN=340.094 FROM MIGRAD    STATUS=INITIATE        8 CALLS         623 TOTAL
                     EDM= unknown      STRATEGY= 1      NO ERROR MATRIX       
  EXT PARAMETER               CURRENT GUESS       STEP         FIRST   
  NO.   NAME      VALUE            ERROR          SIZE      DERIVATIVE 
   1  N0           3.18196e+06     fixed    
   2  tau          6.44090e+01   constant   
   3  A0           3.64757e-01     fixed    
   4  phi          4.11863e+00     fixed    
   5  R           -6.10005e+01   constant   
   6  A_CBO        1.23557e-03     fixed    
   7  w_CBO        2.32616e+00     fixed    
   8  phi_CBO      1.14061e+00     fixed    
   9  ANx2         1.86992e-04   constant   
  10  pNx2         5.81164e+00   constant   
  11  ANy1         0.00000e+00   constant   
  12  pNy1         0.00000e+00   constant   
  13  w_y          0.00000e+00   constant   
  14  ANy2         1.68291e-04     fixed    
  15  pNy2         4.18605e+00   constant   
  16  w_vw         1.43216e+01   constant   
  17  LM           7.21641e-05   constant   
  18  wCBO_expCoeff   2.01514e+02   6.01332e+00   4.38643e-03  -4.10075e-04
  19  wCBO_expOffset   2.00227e+02   8.93326e-01   6.51403e-04  -2.75869e-03
  20  wCBO_expT    2.99252e+01   1.29262e-01   1.03058e-04   1.12621e-02
  21  wCBO_linCoeff   0.00000e+00   constant   
  22  wCBO_const  -3.97243e-04   1.11247e-03   5.08534e-06  -2.41290e-01
 MIGRAD MINIMIZATION HAS CONVERGED.
 MIGRAD WILL VERIFY CONVERGENCE AND ERROR MATRIX.
 FCN=340.094 FROM MIGRAD    STATUS=CONVERGED      41 CALLS         656 TOTAL
                     EDM=7.56066e-06    STRATEGY= 1      ERR MATRIX NOT POS-DEF
  EXT PARAMETER                APPROXIMATE        STEP         FIRST   
  NO.   NAME      VALUE            ERROR          SIZE      DERIVATIVE 
   1  N0           3.18196e+06     fixed    
   2  tau          6.44090e+01   constant   
   3  A0           3.64757e-01     fixed    
   4  phi          4.11863e+00     fixed    
   5  R           -6.10005e+01   constant   
   6  A_CBO        1.23557e-03     fixed    
   7  w_CBO        2.32616e+00     fixed    
   8  phi_CBO      1.14061e+00     fixed    
   9  ANx2         1.86992e-04   constant   
  10  pNx2         5.81164e+00   constant   
  11  ANy1         0.00000e+00   constant   
  12  pNy1         0.00000e+00   constant   
  13  w_y          0.00000e+00   constant   
  14  ANy2         1.68291e-04     fixed    
  15  pNy2         4.18605e+00   constant   
  16  w_vw         1.43216e+01   constant   
  17  LM           7.21641e-05   constant   
  18  wCBO_expCoeff   2.01514e+02   6.37898e+00   4.38557e-03   1.98559e-04
  19  wCBO_expOffset   2.00227e+02   9.47661e-01   6.51267e-04   1.33718e-03
  20  wCBO_expT    2.99252e+01   1.35393e-01   1.03042e-04   3.74233e-02
  21  wCBO_linCoeff   0.00000e+00   constant   
  22  wCBO_const  -3.97211e-04   8.69435e-04   5.08391e-06   2.27323e-01
 EXTERNAL ERROR MATRIX.    NDIM=  25    NPAR=  4    ERR DEF=1
  4.069e+01 -3.750e+00 -3.732e-01  8.413e-04 
 -3.750e+00  8.981e-01 -5.553e-02  1.251e-04 
 -3.732e-01 -5.553e-02  1.833e-02 -5.044e-05 
  8.413e-04  1.251e-04 -5.044e-05  7.559e-07 
ERR MATRIX NOT POS-DEF
 PARAMETER  CORRELATION COEFFICIENTS  
       NO.  GLOBAL     18     19     20     22
       18  0.99710   1.000 -0.620 -0.432  0.152
       19  0.99711  -0.620  1.000 -0.433  0.152
       20  0.99645  -0.432 -0.433  1.000 -0.428
       22  0.76267   0.152  0.152 -0.428  1.000
 ERR MATRIX NOT POS-DEF
MINUIT - FIT ONLY 2-y
 **********
 **   76 **RES 
 **********
                   PARAMETER   14  ANy2 RESTORED TO VARIABLE.
                   PARAMETER    8  phi_CBO RESTORED TO VARIABLE.
                   PARAMETER    7  w_CBO RESTORED TO VARIABLE.
                   PARAMETER    6  A_CBO RESTORED TO VARIABLE.
                   PARAMETER    4  phi RESTORED TO VARIABLE.
                   PARAMETER    3  A0 RESTORED TO VARIABLE.
                   PARAMETER    1  N0 RESTORED TO VARIABLE.
 **********
 **   77 **FIX            0
 **********
 PARAMETER    0  IS UNDEFINED. IGNORED.
 **********
 **   78 **FIX            1
 **********
 **********
 **   79 **FIX            2
 **********
 PARAMETER    2  IS CONSTANT.   IGNORED.
 **********
 **   80 **FIX            3
 **********
 **********
 **   81 **FIX            4
 **********
 **********
 **   82 **FIX            5
 **********
 PARAMETER    5  IS CONSTANT.   IGNORED.
 **********
 **   83 **FIX            6
 **********
 **********
 **   84 **FIX            7
 **********
 **********
 **   85 **FIX            8
 **********
 **********
 **   86 **FIX            9
 **********
 PARAMETER    9  IS CONSTANT.   IGNORED.
 **********
 **   87 **FIX           10
 **********
 PARAMETER   10  IS CONSTANT.   IGNORED.
 **********
 **   88 **FIX           11
 **********
 PARAMETER   11  IS CONSTANT.   IGNORED.
 **********
 **   89 **FIX           12
 **********
 PARAMETER   12  IS CONSTANT.   IGNORED.
 **********
 **   90 **FIX           16
 **********
 PARAMETER   16  IS CONSTANT.   IGNORED.
 **********
 **   91 **MIGRAD
 **********
 START MIGRAD MINIMIZATION.  STRATEGY  1.  CONVERGENCE WHEN EDM .LT. 1.00e-04
 FCN=340.094 FROM MIGRAD    STATUS=INITIATE       10 CALLS         666 TOTAL
                     EDM= unknown      STRATEGY= 1      NO ERROR MATRIX       
  EXT PARAMETER               CURRENT GUESS       STEP         FIRST   
  NO.   NAME      VALUE            ERROR          SIZE      DERIVATIVE 
   1  N0           3.18196e+06     fixed    
   2  tau          6.44090e+01   constant   
   3  A0           3.64757e-01     fixed    
   4  phi          4.11863e+00     fixed    
   5  R           -6.10005e+01   constant   
   6  A_CBO        1.23557e-03     fixed    
   7  w_CBO        2.32616e+00     fixed    
   8  phi_CBO      1.14061e+00     fixed    
   9  ANx2         1.86992e-04   constant   
  10  pNx2         5.81164e+00   constant   
  11  ANy1         0.00000e+00   constant   
  12  pNy1         0.00000e+00   constant   
  13  w_y          0.00000e+00   constant   
  14  ANy2         1.68291e-04   8.87284e-04   8.87284e-04   8.88599e-02
  15  pNy2         4.18605e+00   constant   
  16  w_vw         1.43216e+01   constant   
  17  LM           7.21641e-05   constant   
  18  wCBO_expCoeff   2.01514e+02   6.37898e+00   4.38557e-03   2.07145e-04
  19  wCBO_expOffset   2.00227e+02   9.47661e-01   6.51267e-04   1.39762e-03
  20  wCBO_expT    2.99252e+01   1.35393e-01   1.03042e-04   3.77309e-02
  21  wCBO_linCoeff   0.00000e+00   constant   
  22  wCBO_const  -3.97211e-04   8.69435e-04   5.08391e-06   2.27533e-01
 MIGRAD MINIMIZATION HAS CONVERGED.
 MIGRAD WILL VERIFY CONVERGENCE AND ERROR MATRIX.
 FCN=340.094 FROM MIGRAD    STATUS=CONVERGED      53 CALLS         709 TOTAL
                     EDM=7.53985e-06    STRATEGY= 1      ERR MATRIX NOT POS-DEF
  EXT PARAMETER                APPROXIMATE        STEP         FIRST   
  NO.   NAME      VALUE            ERROR          SIZE      DERIVATIVE 
   1  N0           3.18196e+06     fixed    
   2  tau          6.44090e+01   constant   
   3  A0           3.64757e-01     fixed    
   4  phi          4.11863e+00     fixed    
   5  R           -6.10005e+01   constant   
   6  A_CBO        1.23557e-03     fixed    
   7  w_CBO        2.32616e+00     fixed    
   8  phi_CBO      1.14061e+00     fixed    
   9  ANx2         1.86992e-04   constant   
  10  pNx2         5.81164e+00   constant   
  11  ANy1         0.00000e+00   constant   
  12  pNy1         0.00000e+00   constant   
  13  w_y          0.00000e+00   constant   
  14  ANy2         1.68277e-04   8.87568e-04   8.02412e-06   5.18031e-02
  15  pNy2         4.18605e+00   constant   
  16  w_vw         1.43216e+01   constant   
  17  LM           7.21641e-05   constant   
  18  wCBO_expCoeff   2.01514e+02   6.37897e+00   4.38552e-03  -4.25633e-04
  19  wCBO_expOffset   2.00227e+02   9.47682e-01   6.51259e-04  -2.86606e-03
  20  wCBO_expT    2.99252e+01   1.35394e-01   1.03041e-04   1.07197e-02
  21  wCBO_linCoeff   0.00000e+00   constant   
  22  wCBO_const  -3.97227e-04   8.69434e-04   5.08391e-06  -2.07528e-01
 EXTERNAL ERROR MATRIX.    NDIM=  25    NPAR=  5    ERR DEF=1
  7.878e-07 -2.781e-07 -4.124e-08  2.650e-08 -3.654e-10 
 -2.781e-07  4.069e+01 -3.750e+00 -3.731e-01  8.412e-04 
 -4.124e-08 -3.750e+00  8.981e-01 -5.553e-02  1.251e-04 
  2.650e-08 -3.731e-01 -5.553e-02  1.833e-02 -5.044e-05 
 -3.654e-10  8.412e-04  1.251e-04 -5.044e-05  7.559e-07 
ERR MATRIX NOT POS-DEF
 PARAMETER  CORRELATION COEFFICIENTS  
       NO.  GLOBAL     14     18     19     20     22
       14  0.00094   1.000 -0.000 -0.000  0.000 -0.000
       18  0.99710  -0.000  1.000 -0.620 -0.432  0.152
       19  0.99711  -0.000 -0.620  1.000 -0.433  0.152
       20  0.99645   0.000 -0.432 -0.433  1.000 -0.428
       22  0.76266  -0.000  0.152  0.152 -0.428  1.000
 ERR MATRIX NOT POS-DEF
MINUIT - FIT ALTOGETHER
 **********
 **   92 **RES 
 **********
                   PARAMETER    8  phi_CBO RESTORED TO VARIABLE.
                   PARAMETER    7  w_CBO RESTORED TO VARIABLE.
                   PARAMETER    6  A_CBO RESTORED TO VARIABLE.
                   PARAMETER    4  phi RESTORED TO VARIABLE.
                   PARAMETER    3  A0 RESTORED TO VARIABLE.
                   PARAMETER    1  N0 RESTORED TO VARIABLE.
 **********
 **   93 **MIGRAD
 **********
 START MIGRAD MINIMIZATION.  STRATEGY  1.  CONVERGENCE WHEN EDM .LT. 1.00e-04
 FCN=340.094 FROM MIGRAD    STATUS=INITIATE       22 CALLS         731 TOTAL
                     EDM= unknown      STRATEGY= 1      NO ERROR MATRIX       
  EXT PARAMETER               CURRENT GUESS       STEP         FIRST   
  NO.   NAME      VALUE            ERROR          SIZE      DERIVATIVE 
   1  N0           3.18196e+06   2.00829e+03   2.00829e+03  -2.43781e-05
   2  tau          6.44090e+01   constant   
