 + ++++++++++++++++++++++++++++++++++++++++++++++++++++++++++++++++++++ +
 +                                                                      +
 +           You have chose to blind your fitting according to          +
 +                omega_ref * (1 + (R +/- deltaR) *10^{-6})             +
 +                                                                      +
 + ++++++++++++++++++++++++++++++++++++++++++++++++++++++++++++++++++++ +
In main()...
reading format from /gm2data/zkhechad/run45/envelope/formats/formatB_sBin_constraintOn.txt
pBinTau 	= 0  
pBinPhi 	= 0  
constraintau 	= 1 
includeMopTerm 	= 0    
constrainMop    = 0   
Parameters after format file: pBinTau 0 pBinPhi 0 constraintau 1 includeMopTerm 0 constrainMop 0 c_e_scale 0.000000 
reading cbo reference file (full fit) from /gm2data/zkhechad/cboTemplates/Run4CBOTemplates/fullFits/run4/sBin_constraintOn_cE0.0_seed0_run4_calo4.root
A_CBO 0.009389 w_CBO 2.326001 phi_CBO 4.715725 N0 2871608.131177 R -59.406240 tau 64.400031 
Reading cboRef file /gm2data/zkhechad/cboTemplates/Run4CBOTemplates//cboIsolate/run4_calo4.root
deltaT 164.120000
windowBins = 1100
fitting sliding window 1920 from bin 2123 at 316.751600 to bin 3223 at 480.871600 (1100 bins)

Reading data from /gm2data/cornell/histograms/aMethod/histogram_a_run4.root
fitting cbo isolate
 **********
 **    1 **SET PRINTOUT            1
 **********
 **********
 **    2 **SET NOWARNINGS 
 **********
 PARAMETER DEFINITIONS:
    NO.   NAME         VALUE      STEP SIZE      LIMITS
     1 A_CBO        9.38904e-03  1.00000e-05     no limits
     2 w_CBO        2.32600e+00  1.00000e-02    2.00000e+00  3.00000e+00
     3 phi_CBO      4.71573e+00  1.00000e-02    0.00000e+00  6.28319e+00
 **********
 **    3 **MIGRAD
 **********
 FIRST CALL TO USER FUNCTION AT NEW START POINT, WITH IFLAG=4.
 START MIGRAD MINIMIZATION.  STRATEGY  1.  CONVERGENCE WHEN EDM .LT. 1.00e-04
 FCN=0.110119 FROM MIGRAD    STATUS=INITIATE       12 CALLS          13 TOTAL
                     EDM= unknown      STRATEGY= 1      NO ERROR MATRIX       
  EXT PARAMETER               CURRENT GUESS       STEP         FIRST   
  NO.   NAME      VALUE            ERROR          SIZE      DERIVATIVE 
   1  A_CBO        9.38904e-03   1.00000e-05   1.00000e-05   7.84083e+00
   2  w_CBO        2.32600e+00   1.00000e-02   2.13357e-02   4.32939e-01
   3  phi_CBO      4.71573e+00   1.00000e-02   3.67815e-03  -6.50310e-03
 MIGRAD MINIMIZATION HAS CONVERGED.
 MIGRAD WILL VERIFY CONVERGENCE AND ERROR MATRIX.
 COVARIANCE MATRIX CALCULATED SUCCESSFULLY
 FCN=0.0821666 FROM MIGRAD    STATUS=CONVERGED      49 CALLS          50 TOTAL
                     EDM=1.32376e-05    STRATEGY= 1      ERROR MATRIX ACCURATE 
  EXT PARAMETER                                   STEP         FIRST   
  NO.   NAME      VALUE            ERROR          SIZE      DERIVATIVE 
   1  A_CBO        2.26638e-03   4.26352e-02   2.16424e-05  -1.42398e-02
   2  w_CBO        2.32588e+00   3.39766e-01   4.99220e-05  -2.31137e-03
   3  phi_CBO      4.77236e+00   5.04888e+00   3.63454e-03  -5.63950e-05
 EXTERNAL ERROR MATRIX.    NDIM=  25    NPAR=  3    ERR DEF=1
  1.818e-03 -5.115e-04 -2.099e-01 
 -5.115e-04  1.445e-01  5.862e+01 
 -2.099e-01  5.862e+01  2.414e+04 
 PARAMETER  CORRELATION COEFFICIENTS  
       NO.  GLOBAL      1      2      3
        1  0.03170   1.000 -0.032 -0.032
        2  0.99267  -0.032  1.000  0.993
        3  0.99267  -0.032  0.993  1.000
setting A_CBO=0.002266 w_CBO=2.325883, phi_CBO=4.772358
done fitting cbo isolate
 **********
 **    1 **SET PRINTOUT            1
 **********
 **********
 **    2 **SET NOWARNINGS 
 **********
 PARAMETER DEFINITIONS:
    NO.   NAME         VALUE      STEP SIZE      LIMITS
     1 N0           2.87161e+06  1.00000e+02     no limits
     2 tau          6.44000e+01  constant
     3 A0           3.53296e-01  1.00000e-04     no limits
     4 phi          4.11727e+00  1.00000e-02     no limits
     5 R           -5.94062e+01  constant
     6 A_CBO        2.26638e-03  1.00000e-05     no limits
     7 w_CBO        2.32588e+00  1.00000e-03     no limits
     8 phi_CBO      4.77236e+00  1.00000e-04     no limits
     9 ANx2         6.75162e-04  constant
    10 pNx2         4.60725e+00  constant
    11 ANy1         0.00000e+00  constant
    12 pNy1         0.00000e+00  constant
    13 w_y          0.00000e+00  constant
    14 ANy2         8.91794e-03  1.00000e-04     no limits
    15 pNy2         4.50125e+00  constant
    16 w_vw         1.43005e+01  constant
    17 LM          -1.01507e-04  constant
    18 wCBO_expCoeff   2.00000e+02  1.00000e+00     no limits
    19 wCBO_expOffset   2.00000e+02  1.00000e+00     no limits
    20 wCBO_expT    3.00000e+01  1.00000e+00     no limits
    21 wCBO_linCoeff   0.00000e+00  constant
    22 wCBO_const   0.00000e+00  1.00000e-02     no limits
MINUIT - FIT ONLY WIGGLE
 **********
 **    3 **FIX            5
 **********
 PARAMETER    5  IS CONSTANT.   IGNORED.
 **********
 **    4 **FIX            6
 **********
 **********
 **    5 **FIX            7
 **********
 **********
 **    6 **FIX            8
 **********
 **********
 **    7 **FIX            9
 **********
 PARAMETER    9  IS CONSTANT.   IGNORED.
 **********
 **    8 **FIX           10
 **********
 PARAMETER   10  IS CONSTANT.   IGNORED.
 **********
 **    9 **FIX           11
 **********
 PARAMETER   11  IS CONSTANT.   IGNORED.
 **********
 **   10 **FIX           12
 **********
 PARAMETER   12  IS CONSTANT.   IGNORED.
 **********
 **   11 **FIX           13
 **********
 PARAMETER   13  IS CONSTANT.   IGNORED.
 **********
 **   12 **FIX           14
 **********
 **********
 **   13 **FIX           15
 **********
 PARAMETER   15  IS CONSTANT.   IGNORED.
 **********
 **   14 **FIX           16
 **********
 PARAMETER   16  IS CONSTANT.   IGNORED.
 **********
 **   15 **MIGRAD
 **********
 FIRST CALL TO USER FUNCTION AT NEW START POINT, WITH IFLAG=4.
 START MIGRAD MINIMIZATION.  STRATEGY  1.  CONVERGENCE WHEN EDM .LT. 1.00e-04
 FCN=559.679 FROM MIGRAD    STATUS=INITIATE       77 CALLS          78 TOTAL
                     EDM= unknown      STRATEGY= 1      NO ERROR MATRIX       
  EXT PARAMETER               CURRENT GUESS       STEP         FIRST   
  NO.   NAME      VALUE            ERROR          SIZE      DERIVATIVE 
   1  N0           2.87161e+06   1.00000e+02   0.00000e+00  -3.54252e-04
   2  tau          6.44000e+01   constant   
   3  A0           3.53296e-01   1.00000e-04   0.00000e+00  -1.70857e+02
   4  phi          4.11727e+00   1.00000e-02   0.00000e+00   2.00819e+03
   5  R           -5.94062e+01   constant   
   6  A_CBO        2.26638e-03     fixed    
   7  w_CBO        2.32588e+00     fixed    
   8  phi_CBO      4.77236e+00     fixed    
   9  ANx2         6.75162e-04   constant   
  10  pNx2         4.60725e+00   constant   
  11  ANy1         0.00000e+00   constant   
  12  pNy1         0.00000e+00   constant   
  13  w_y          0.00000e+00   constant   
  14  ANy2         8.91794e-03     fixed    
  15  pNy2         4.50125e+00   constant   
  16  w_vw         1.43005e+01   constant   
  17  LM          -1.01507e-04   constant   
  18  wCBO_expCoeff   2.00116e+02   1.00000e+00   0.00000e+00  -1.88985e+01
  19  wCBO_expOffset   2.00000e+02   1.00000e+00   0.00000e+00  -1.26063e+02
  20  wCBO_expT    3.00000e+01   1.00000e+00   0.00000e+00  -5.00596e+02
  21  wCBO_linCoeff   0.00000e+00   constant   
  22  wCBO_const  -3.38588e-04   1.00000e-02  -3.38588e-04   2.18131e+02
 MIGRAD MINIMIZATION HAS CONVERGED.
 FCN=556.221 FROM MIGRAD    STATUS=CONVERGED     211 CALLS         212 TOTAL
                     EDM=8.45432e-08    STRATEGY= 1  ERROR MATRIX UNCERTAINTY   2.1 per cent
  EXT PARAMETER                                   STEP         FIRST   
  NO.   NAME      VALUE            ERROR          SIZE      DERIVATIVE 
   1  N0           2.87190e+06   1.16527e+03   3.95784e-01   2.03066e-07
   2  tau          6.44000e+01   constant   
   3  A0           3.53326e-01   5.42025e-04  -3.50147e-07  -1.21999e-01
   4  phi          4.11470e+00   1.62469e-03   1.06339e-07  -1.07776e-01
   5  R           -5.94062e+01   constant   
   6  A_CBO        2.26638e-03     fixed    
   7  w_CBO        2.32588e+00     fixed    
   8  phi_CBO      4.77236e+00     fixed    
   9  ANx2         6.75162e-04   constant   
  10  pNx2         4.60725e+00   constant   
  11  ANy1         0.00000e+00   constant   
  12  pNy1         0.00000e+00   constant   
  13  w_y          0.00000e+00   constant   
  14  ANy2         8.91794e-03     fixed    
  15  pNy2         4.50125e+00   constant   
  16  w_vw         1.43005e+01   constant   
  17  LM          -1.01507e-04   constant   
  18  wCBO_expCoeff   2.00058e+02   3.39899e-01  -2.26788e-04  -8.06243e-03
  19  wCBO_expOffset   1.99991e+02   5.08681e-02  -3.39108e-05  -5.57864e-02
  20  wCBO_expT    3.00067e+01   2.64084e-02   1.79537e-05  -2.28917e-01
  21  wCBO_linCoeff   0.00000e+00   constant   
  22  wCBO_const  -1.04424e-03   9.55619e-04   1.85771e-06  -3.34453e-01
 EXTERNAL ERROR MATRIX.    NDIM=  25    NPAR=  7    ERR DEF=1
  1.358e+06 -6.915e-03  2.427e-02 -4.480e+01 -6.704e+00  3.565e+00 -1.007e-01 
 -6.915e-03  2.938e-07 -2.000e-08  2.045e-05  3.059e-06 -1.595e-06  3.495e-08 
  2.427e-02 -2.000e-08  2.640e-06 -1.090e-04 -1.631e-05  8.312e-06 -1.897e-07 
 -4.480e+01  2.045e-05 -1.090e-04  1.155e-01  1.705e-02 -8.906e-03  2.448e-04 
 -6.704e+00  3.059e-06 -1.631e-05  1.705e-02  2.588e-03 -1.333e-03  3.664e-05 
  3.565e+00 -1.595e-06  8.312e-06 -8.906e-03 -1.333e-03  6.974e-04 -2.012e-05 
 -1.007e-01  3.495e-08 -1.897e-07  2.448e-04  3.664e-05 -2.012e-05  9.132e-07 
 PARAMETER  CORRELATION COEFFICIENTS  
       NO.  GLOBAL      1      3      4     18     19     20     22
        1  0.12004   1.000 -0.011  0.013 -0.113 -0.113  0.116 -0.090
        3  0.11975  -0.011  1.000 -0.023  0.111  0.111 -0.111  0.067
        4  0.20291   0.013 -0.023  1.000 -0.197 -0.197  0.194 -0.122
       18  0.99442  -0.113  0.111 -0.197  1.000  0.986 -0.992  0.754
       19  0.99440  -0.113  0.111 -0.197  0.986  1.000 -0.992  0.754
       20  0.99803   0.116 -0.111  0.194 -0.992 -0.992  1.000 -0.797
       22  0.89550  -0.090  0.067 -0.122  0.754  0.754 -0.797  1.000
MINUIT - FIT ONLY 1-CBO + other amplitudes 
 **********
 **   16 **RES 
 **********
                   PARAMETER   14  ANy2 RESTORED TO VARIABLE.
                   PARAMETER    8  phi_CBO RESTORED TO VARIABLE.
                   PARAMETER    7  w_CBO RESTORED TO VARIABLE.
                   PARAMETER    6  A_CBO RESTORED TO VARIABLE.
 **********
 **   17 **FIX            0
 **********
 PARAMETER    0  IS UNDEFINED. IGNORED.
 **********
 **   18 **FIX            1
 **********
 **********
 **   19 **FIX            2
 **********
 PARAMETER    2  IS CONSTANT.   IGNORED.
 **********
 **   20 **FIX            3
 **********
 **********
 **   21 **FIX            4
 **********
 **********
 **   22 **FIX            9
 **********
 PARAMETER    9  IS CONSTANT.   IGNORED.
 **********
 **   23 **FIX           11
 **********
 PARAMETER   11  IS CONSTANT.   IGNORED.
 **********
 **   24 **FIX           12
 **********
 PARAMETER   12  IS CONSTANT.   IGNORED.
 **********
 **   25 **FIX           14
 **********
 **********
 **   26 **FIX           15
 **********
 PARAMETER   15  IS CONSTANT.   IGNORED.
 **********
 **   27 **FIX           16
 **********
 PARAMETER   16  IS CONSTANT.   IGNORED.
 **********
 **   28 **MIGRAD
 **********
 START MIGRAD MINIMIZATION.  STRATEGY  1.  CONVERGENCE WHEN EDM .LT. 1.00e-04
 FCN=549.956 FROM MIGRAD    STATUS=INITIATE       93 CALLS         305 TOTAL
                     EDM= unknown      STRATEGY= 1      NO ERROR MATRIX       
  EXT PARAMETER               CURRENT GUESS       STEP         FIRST   
  NO.   NAME      VALUE            ERROR          SIZE      DERIVATIVE 
   1  N0           2.87190e+06     fixed    
   2  tau          6.44000e+01   constant   
   3  A0           3.53326e-01     fixed    
   4  phi          4.11470e+00     fixed    
   5  R           -5.94062e+01   constant   
   6  A_CBO        2.26638e-03   1.00000e-05   0.00000e+00   1.17135e+04
   7  w_CBO        2.32588e+00   1.00000e-03   0.00000e+00   6.65765e+03
   8  phi_CBO      2.70862e+00   1.00000e-04  -1.81342e+00   4.92943e-01
   9  ANx2         6.75162e-04   constant   
  10  pNx2         4.60725e+00   constant   
  11  ANy1         0.00000e+00   constant   
  12  pNy1         0.00000e+00   constant   
  13  w_y          0.00000e+00   constant   
  14  ANy2         8.91794e-03     fixed    
  15  pNy2         4.50125e+00   constant   
  16  w_vw         1.43005e+01   constant   
  17  LM          -1.01507e-04   constant   
  18  wCBO_expCoeff   2.00058e+02   3.39899e-01   0.00000e+00   7.51081e+01
  19  wCBO_expOffset   1.99991e+02   5.08681e-02   0.00000e+00   5.00762e+02
  20  wCBO_expT    3.00067e+01   2.64084e-02   0.00000e+00   1.84562e+03
  21  wCBO_linCoeff   0.00000e+00   constant   
  22  wCBO_const  -1.04424e-03   9.55619e-04   0.00000e+00   4.59057e+02
 MIGRAD MINIMIZATION HAS CONVERGED.
 MIGRAD WILL VERIFY CONVERGENCE AND ERROR MATRIX.
 FCN=536.783 FROM MIGRAD    STATUS=CONVERGED     365 CALLS         577 TOTAL
                     EDM=2.41921e-07    STRATEGY= 1      ERR MATRIX NOT POS-DEF
  EXT PARAMETER                APPROXIMATE        STEP         FIRST   
  NO.   NAME      VALUE            ERROR          SIZE      DERIVATIVE 
   1  N0           2.87190e+06     fixed    
   2  tau          6.44000e+01   constant   
   3  A0           3.53326e-01     fixed    
   4  phi          4.11470e+00     fixed    
   5  R           -5.94062e+01   constant   
   6  A_CBO       -3.69866e-04   5.89849e-04   6.41395e-06  -4.17957e-01
   7  w_CBO        2.32609e+00   3.58348e-03   3.56823e-06   8.61205e-01
   8  phi_CBO      2.20524e+00   1.63828e+00   1.75162e-02  -3.42916e-05
   9  ANx2         6.75162e-04   constant   
  10  pNx2         4.60725e+00   constant   
  11  ANy1         0.00000e+00   constant   
  12  pNy1         0.00000e+00   constant   
  13  w_y          0.00000e+00   constant   
  14  ANy2         8.91794e-03     fixed    
  15  pNy2         4.50125e+00   constant   
  16  w_vw         1.43005e+01   constant   
  17  LM          -1.01507e-04   constant   
  18  wCBO_expCoeff   2.00075e+02   4.36087e-01   4.32704e-04   5.47132e-03
  19  wCBO_expOffset   1.99994e+02   6.85781e-02   9.53645e-05   3.64916e-02
  20  wCBO_expT    2.99753e+01   1.38078e-02   1.54649e-05   1.99269e-01
  21  wCBO_linCoeff   0.00000e+00   constant   
  22  wCBO_const  -8.60277e-04   1.57988e-03   4.14070e-06   9.09594e-01
 EXTERNAL ERROR MATRIX.    NDIM=  25    NPAR=  7    ERR DEF=1
  3.479e-07  9.668e-08 -3.674e-06  1.644e-05  3.423e-06 -2.002e-06  2.645e-08 
  9.668e-08  1.284e-05  1.288e-04 -3.775e-04 -7.037e-05 -9.788e-06 -5.264e-06 
 -3.674e-06  1.288e-04  2.684e+00  2.773e-02  5.049e-03 -1.822e-03 -6.090e-05 
  1.644e-05 -3.775e-04  2.773e-02  1.902e-01 -1.609e-02 -1.864e-03  1.932e-04 
  3.423e-06 -7.037e-05  5.049e-03 -1.609e-02  4.703e-03 -3.440e-04  3.606e-05 
 -2.002e-06 -9.788e-06 -1.822e-03 -1.864e-03 -3.440e-04  1.907e-04  8.411e-09 
  2.645e-08 -5.264e-06 -6.090e-05  1.932e-04  3.606e-05  8.411e-09  2.496e-06 
ERR MATRIX NOT POS-DEF
 PARAMETER  CORRELATION COEFFICIENTS  
       NO.  GLOBAL      6      7      8     18     19     20     22
        6  0.29126   1.000  0.046 -0.004  0.064  0.085 -0.246  0.028
        7  0.99615   0.046  1.000  0.022 -0.242 -0.286 -0.198 -0.930
        8  0.33577  -0.004  0.022  1.000  0.039  0.045 -0.081 -0.024
       18  0.99618   0.064 -0.242  0.039  1.000 -0.538 -0.310  0.280
       19  0.99653   0.085 -0.286  0.045 -0.538  1.000 -0.363  0.333
       20  0.99513  -0.246 -0.198 -0.081 -0.310 -0.363  1.000  0.000
       22  0.97304   0.028 -0.930 -0.024  0.280  0.333  0.000  1.000
 ERR MATRIX NOT POS-DEF
MINUIT - FIT ONLY 1-CBO
 **********
 **   29 **RES 
 **********
                   PARAMETER   14  ANy2 RESTORED TO VARIABLE.
                   PARAMETER    4  phi RESTORED TO VARIABLE.
                   PARAMETER    3  A0 RESTORED TO VARIABLE.
                   PARAMETER    1  N0 RESTORED TO VARIABLE.
 **********
 **   30 **FIX            0
 **********
 PARAMETER    0  IS UNDEFINED. IGNORED.
 **********
 **   31 **FIX            1
 **********
 **********
 **   32 **FIX            2
 **********
 PARAMETER    2  IS CONSTANT.   IGNORED.
 **********
 **   33 **FIX            3
 **********
 **********
 **   34 **FIX            4
 **********
 **********
 **   35 **FIX            8
 **********
 **********
 **   36 **FIX            9
 **********
 PARAMETER    9  IS CONSTANT.   IGNORED.
 **********
 **   37 **FIX           11
 **********
 PARAMETER   11  IS CONSTANT.   IGNORED.
 **********
 **   38 **FIX           12
 **********
 PARAMETER   12  IS CONSTANT.   IGNORED.
 **********
 **   39 **FIX           13
 **********
 PARAMETER   13  IS CONSTANT.   IGNORED.
 **********
 **   40 **FIX           15
 **********
 PARAMETER   15  IS CONSTANT.   IGNORED.
 **********
 **   41 **FIX           16
 **********
 PARAMETER   16  IS CONSTANT.   IGNORED.
 **********
 **   42 **MIGRAD
 **********
 START MIGRAD MINIMIZATION.  STRATEGY  1.  CONVERGENCE WHEN EDM .LT. 1.00e-04
 FCN=536.783 FROM MIGRAD    STATUS=INITIATE       16 CALLS         593 TOTAL
                     EDM= unknown      STRATEGY= 1      NO ERROR MATRIX       
  EXT PARAMETER               CURRENT GUESS       STEP         FIRST   
  NO.   NAME      VALUE            ERROR          SIZE      DERIVATIVE 
   1  N0           2.87190e+06     fixed    
   2  tau          6.44000e+01   constant   
   3  A0           3.53326e-01     fixed    
   4  phi          4.11470e+00     fixed    
   5  R           -5.94062e+01   constant   
   6  A_CBO       -3.69866e-04   5.89849e-04   6.41395e-06  -4.17958e-01
   7  w_CBO        2.32609e+00   3.58348e-03   3.56823e-06   8.80179e-01
   8  phi_CBO      2.20524e+00     fixed    
   9  ANx2         6.75162e-04   constant   
  10  pNx2         4.60725e+00   constant   
  11  ANy1         0.00000e+00   constant   
  12  pNy1         0.00000e+00   constant   
  13  w_y          0.00000e+00   constant   
  14  ANy2         8.91794e-03   1.00000e-04   1.00000e-04   5.51111e+04
  15  pNy2         4.50125e+00   constant   
  16  w_vw         1.43005e+01   constant   
  17  LM          -1.01507e-04   constant   
  18  wCBO_expCoeff   2.00075e+02   4.36087e-01   4.32704e-04   5.68979e-03
  19  wCBO_expOffset   1.99994e+02   6.85781e-02   9.53645e-05   3.97523e-02
  20  wCBO_expT    2.99753e+01   1.38078e-02   1.54649e-05   2.03346e-01
  21  wCBO_linCoeff   0.00000e+00   constant   
  22  wCBO_const  -8.60277e-04   1.57988e-03   4.14070e-06   9.15944e-01
 MIGRAD MINIMIZATION HAS CONVERGED.
 MIGRAD WILL VERIFY CONVERGENCE AND ERROR MATRIX.
 FCN=289.724 FROM MIGRAD    STATUS=CONVERGED     217 CALLS         794 TOTAL
                     EDM=7.44704e-08    STRATEGY= 1      ERR MATRIX NOT POS-DEF
  EXT PARAMETER                APPROXIMATE        STEP         FIRST   
  NO.   NAME      VALUE            ERROR          SIZE      DERIVATIVE 
   1  N0           2.87190e+06     fixed    
   2  tau          6.44000e+01   constant   
   3  A0           3.53326e-01     fixed    
   4  phi          4.11470e+00     fixed    
   5  R           -5.94062e+01   constant   
   6  A_CBO       -5.94303e-05   5.94165e-04   4.73806e-06   5.52868e-01
   7  w_CBO        2.32507e+00   5.20581e-03   3.39574e-06   6.02772e-01
   8  phi_CBO      2.20524e+00     fixed    
   9  ANx2         6.75162e-04   constant   
  10  pNx2         4.60725e+00   constant   
  11  ANy1         0.00000e+00   constant   
  12  pNy1         0.00000e+00   constant   
  13  w_y          0.00000e+00   constant   
  14  ANy2        -5.42663e-05   5.69254e-04   4.73801e-06  -2.09193e-02
  15  pNy2         4.50125e+00   constant   
  16  w_vw         1.43005e+01   constant   
  17  LM          -1.01507e-04   constant   
  18  wCBO_expCoeff   1.99878e+02   6.09644e-01   4.29820e-04   5.02242e-03
  19  wCBO_expOffset   1.99964e+02   9.20005e-02   9.53505e-05   3.35256e-02
  20  wCBO_expT    2.99926e+01   1.71353e-02   1.53359e-05   1.35863e-01
  21  wCBO_linCoeff   0.00000e+00   constant   
  22  wCBO_const  -4.37816e-04   2.25087e-03   3.38740e-06   3.97732e-01
 EXTERNAL ERROR MATRIX.    NDIM=  25    NPAR=  7    ERR DEF=1
  3.530e-07  4.494e-08 -1.600e-08  3.707e-06  1.044e-06 -9.750e-07  5.089e-08 
  4.494e-08  2.710e-05  1.782e-08 -9.374e-04 -1.432e-04 -1.667e-05 -1.126e-05 
 -1.600e-08  1.782e-08  3.241e-07  4.306e-06  6.242e-07 -3.515e-07 -1.282e-08 
  3.707e-06 -9.374e-04  4.306e-06  3.717e-01 -3.130e-02 -3.069e-03  4.548e-04 
  1.044e-06 -1.432e-04  6.242e-07 -3.130e-02  8.464e-03 -4.769e-04  6.963e-05 
 -9.750e-07 -1.667e-05 -3.515e-07 -3.069e-03 -4.769e-04  2.936e-04  1.033e-06 
  5.089e-08 -1.126e-05 -1.282e-08  4.548e-04  6.963e-05  1.033e-06  5.066e-06 
ERR MATRIX NOT POS-DEF
 PARAMETER  CORRELATION COEFFICIENTS  
       NO.  GLOBAL      6      7     14     18     19     20     22
        6  0.29492   1.000  0.015 -0.047  0.010  0.019 -0.096  0.038
        7  0.99694   0.015  1.000  0.006 -0.295 -0.299 -0.187 -0.961
       14  0.07349  -0.047  0.006  1.000  0.012  0.012 -0.036 -0.010
       18  0.99642   0.010 -0.295  0.012  1.000 -0.558 -0.294  0.331
       19  0.99646   0.019 -0.299  0.012 -0.558  1.000 -0.303  0.336
       20  0.99423  -0.096 -0.187 -0.036 -0.294 -0.303  1.000  0.027
       22  0.98361   0.038 -0.961 -0.010  0.331  0.336  0.027  1.000
 ERR MATRIX NOT POS-DEF
MINUIT - FIT ONLY 2-CBO
 **********
 **   43 **RES 
 **********
                   PARAMETER    8  phi_CBO RESTORED TO VARIABLE.
                   PARAMETER    4  phi RESTORED TO VARIABLE.
                   PARAMETER    3  A0 RESTORED TO VARIABLE.
                   PARAMETER    1  N0 RESTORED TO VARIABLE.
 **********
 **   44 **FIX            0
 **********
 PARAMETER    0  IS UNDEFINED. IGNORED.
 **********
 **   45 **FIX            1
 **********
 **********
 **   46 **FIX            2
 **********
 PARAMETER    2  IS CONSTANT.   IGNORED.
 **********
 **   47 **FIX            3
 **********
 **********
 **   48 **FIX            4
 **********
 **********
 **   49 **FIX            5
 **********
 PARAMETER    5  IS CONSTANT.   IGNORED.
 **********
 **   50 **FIX            6
 **********
 **********
 **   51 **FIX            7
 **********
 **********
 **   52 **FIX           10
 **********
 PARAMETER   10  IS CONSTANT.   IGNORED.
 **********
 **   53 **FIX           11
 **********
 PARAMETER   11  IS CONSTANT.   IGNORED.
 **********
 **   54 **FIX           12
 **********
 PARAMETER   12  IS CONSTANT.   IGNORED.
 **********
 **   55 **FIX           13
 **********
 PARAMETER   13  IS CONSTANT.   IGNORED.
 **********
 **   56 **FIX           14
 **********
 **********
 **   57 **FIX           15
 **********
 PARAMETER   15  IS CONSTANT.   IGNORED.
 **********
 **   58 **FIX           16
 **********
 PARAMETER   16  IS CONSTANT.   IGNORED.
 **********
 **   59 **MIGRAD
 **********
 START MIGRAD MINIMIZATION.  STRATEGY  1.  CONVERGENCE WHEN EDM .LT. 1.00e-04
 FCN=289.724 FROM MIGRAD    STATUS=INITIATE       12 CALLS         806 TOTAL
                     EDM= unknown      STRATEGY= 1      NO ERROR MATRIX       
  EXT PARAMETER               CURRENT GUESS       STEP         FIRST   
  NO.   NAME      VALUE            ERROR          SIZE      DERIVATIVE 
   1  N0           2.87190e+06     fixed    
   2  tau          6.44000e+01   constant   
   3  A0           3.53326e-01     fixed    
   4  phi          4.11470e+00     fixed    
   5  R           -5.94062e+01   constant   
   6  A_CBO       -5.94303e-05     fixed    
   7  w_CBO        2.32507e+00     fixed    
   8  phi_CBO      2.20524e+00   1.63828e+00   1.63828e+00  -7.43978e-03
   9  ANx2         6.75162e-04   constant   
  10  pNx2         4.60725e+00   constant   
  11  ANy1         0.00000e+00   constant   
  12  pNy1         0.00000e+00   constant   
  13  w_y          0.00000e+00   constant   
  14  ANy2        -5.42663e-05     fixed    
  15  pNy2         4.50125e+00   constant   
  16  w_vw         1.43005e+01   constant   
  17  LM          -1.01507e-04   constant   
  18  wCBO_expCoeff   1.99878e+02   6.09644e-01   4.29820e-04   5.03768e-03
  19  wCBO_expOffset   1.99964e+02   9.20005e-02   9.53505e-05   3.37029e-02
  20  wCBO_expT    2.99926e+01   1.71353e-02   1.53359e-05   1.36582e-01
  21  wCBO_linCoeff   0.00000e+00   constant   
  22  wCBO_const  -4.37816e-04   2.25087e-03   3.38740e-06   3.99954e-01
 MIGRAD MINIMIZATION HAS CONVERGED.
 MIGRAD WILL VERIFY CONVERGENCE AND ERROR MATRIX.
 FCN=289.722 FROM HESSE     STATUS=NOT POSDEF     31 CALLS         872 TOTAL
                     EDM=6.56302e-05    STRATEGY= 1      ERR MATRIX NOT POS-DEF
  EXT PARAMETER                APPROXIMATE        STEP         FIRST   
  NO.   NAME      VALUE            ERROR          SIZE      DERIVATIVE 
   1  N0           2.87190e+06     fixed    
   2  tau          6.44000e+01   constant   
   3  A0           3.53326e-01     fixed    
   4  phi          4.11470e+00     fixed    
   5  R           -5.94062e+01   constant   
   6  A_CBO       -5.94303e-05     fixed    
   7  w_CBO        2.32507e+00     fixed    
   8  phi_CBO      2.56365e+00   9.70639e+00   7.68974e-02  -2.14016e-04
   9  ANx2         6.75162e-04   constant   
  10  pNx2         4.60725e+00   constant   
  11  ANy1         0.00000e+00   constant   
  12  pNy1         0.00000e+00   constant   
  13  w_y          0.00000e+00   constant   
  14  ANy2        -5.42663e-05     fixed    
  15  pNy2         4.50125e+00   constant   
  16  w_vw         1.43005e+01   constant   
  17  LM          -1.01507e-04   constant   
  18  wCBO_expCoeff   1.99879e+02   6.63850e-01   4.31445e-04   5.92733e-04
  19  wCBO_expOffset   1.99964e+02   9.99874e-02   9.53505e-05   3.98035e-03
  20  wCBO_expT    2.99926e+01   1.84040e-02   1.53878e-05   8.81104e-01
  21  wCBO_linCoeff   0.00000e+00   constant   
  22  wCBO_const  -4.41507e-04   6.25804e-04   3.38876e-06   8.08878e-01
 MIGRAD MINIMIZATION HAS CONVERGED.
 MIGRAD WILL VERIFY CONVERGENCE AND ERROR MATRIX.
 FCN=289.722 FROM MIGRAD    STATUS=CONVERGED     121 CALLS         915 TOTAL
                     EDM=1.57161e-06    STRATEGY= 1      ERR MATRIX NOT POS-DEF
  EXT PARAMETER                APPROXIMATE        STEP         FIRST   
  NO.   NAME      VALUE            ERROR          SIZE      DERIVATIVE 
   1  N0           2.87190e+06     fixed    
   2  tau          6.44000e+01   constant   
   3  A0           3.53326e-01     fixed    
   4  phi          4.11470e+00     fixed    
   5  R           -5.94062e+01   constant   
   6  A_CBO       -5.94303e-05     fixed    
   7  w_CBO        2.32507e+00     fixed    
   8  phi_CBO      2.61225e+00   9.65217e+00   7.62164e-02   1.89095e-04
   9  ANx2         6.75162e-04   constant   
  10  pNx2         4.60725e+00   constant   
  11  ANy1         0.00000e+00   constant   
  12  pNy1         0.00000e+00   constant   
  13  w_y          0.00000e+00   constant   
  14  ANy2        -5.42663e-05     fixed    
  15  pNy2         4.50125e+00   constant   
  16  w_vw         1.43005e+01   constant   
  17  LM          -1.01507e-04   constant   
  18  wCBO_expCoeff   1.99882e+02   6.65643e-01   4.31441e-04  -1.03199e-02
  19  wCBO_expOffset   1.99965e+02   1.00220e-01   9.53507e-05  -6.87507e-02
  20  wCBO_expT    2.99923e+01   1.84595e-02   1.53872e-05  -2.57782e-01
  21  wCBO_linCoeff   0.00000e+00   constant   
  22  wCBO_const  -4.36451e-04   6.26025e-04   3.38904e-06  -9.14840e-01
 EXTERNAL ERROR MATRIX.    NDIM=  25    NPAR=  5    ERR DEF=1
  9.316e+01  5.296e-01  9.120e-02 -3.689e-02  7.863e-05 
  5.296e-01  4.431e-01 -4.844e-02 -4.459e-03  7.686e-05 
  9.120e-02 -4.844e-02  1.004e-02 -6.852e-04  1.169e-05 
 -3.689e-02 -4.459e-03 -6.852e-04  3.408e-04 -6.633e-06 
  7.863e-05  7.686e-05  1.169e-05 -6.633e-06  3.919e-07 
ERR MATRIX NOT POS-DEF
 PARAMETER  CORRELATION COEFFICIENTS  
       NO.  GLOBAL      8     18     19     20     22
        8  0.32415   1.000  0.082  0.094 -0.207  0.013
       18  0.99697   0.082  1.000 -0.726 -0.363  0.184
       19  0.99699   0.094 -0.726  1.000 -0.370  0.186
       20  0.99498  -0.207 -0.363 -0.370  1.000 -0.574
       22  0.76076   0.013  0.184  0.186 -0.574  1.000
 ERR MATRIX NOT POS-DEF
MINUIT - FIT ONLY 1-y
 **********
 **   60 **RES 
 **********
                   PARAMETER   14  ANy2 RESTORED TO VARIABLE.
                   PARAMETER    7  w_CBO RESTORED TO VARIABLE.
                   PARAMETER    6  A_CBO RESTORED TO VARIABLE.
                   PARAMETER    4  phi RESTORED TO VARIABLE.
                   PARAMETER    3  A0 RESTORED TO VARIABLE.
                   PARAMETER    1  N0 RESTORED TO VARIABLE.
 **********
 **   61 **FIX            0
 **********
 PARAMETER    0  IS UNDEFINED. IGNORED.
 **********
 **   62 **FIX            1
 **********
 **********
 **   63 **FIX            2
 **********
 PARAMETER    2  IS CONSTANT.   IGNORED.
 **********
 **   64 **FIX            3
 **********
 **********
 **   65 **FIX            4
 **********
 **********
 **   66 **FIX            5
 **********
 PARAMETER    5  IS CONSTANT.   IGNORED.
 **********
 **   67 **FIX            6
 **********
 **********
 **   68 **FIX            7
 **********
 **********
 **   69 **FIX            8
 **********
 **********
 **   70 **FIX            9
 **********
 PARAMETER    9  IS CONSTANT.   IGNORED.
 **********
 **   71 **FIX           13
 **********
 PARAMETER   13  IS CONSTANT.   IGNORED.
 **********
 **   72 **FIX           14
 **********
 **********
 **   73 **FIX           15
 **********
 PARAMETER   15  IS CONSTANT.   IGNORED.
 **********
 **   74 **FIX           16
 **********
 PARAMETER   16  IS CONSTANT.   IGNORED.
 **********
 **   75 **MIGRAD
 **********
 START MIGRAD MINIMIZATION.  STRATEGY  1.  CONVERGENCE WHEN EDM .LT. 1.00e-04
 FCN=289.722 FROM MIGRAD    STATUS=INITIATE        8 CALLS         923 TOTAL
                     EDM= unknown      STRATEGY= 1      NO ERROR MATRIX       
  EXT PARAMETER               CURRENT GUESS       STEP         FIRST   
  NO.   NAME      VALUE            ERROR          SIZE      DERIVATIVE 
   1  N0           2.87190e+06     fixed    
   2  tau          6.44000e+01   constant   
   3  A0           3.53326e-01     fixed    
   4  phi          4.11470e+00     fixed    
   5  R           -5.94062e+01   constant   
   6  A_CBO       -5.94303e-05     fixed    
   7  w_CBO        2.32507e+00     fixed    
   8  phi_CBO      2.61225e+00     fixed    
   9  ANx2         6.75162e-04   constant   
  10  pNx2         4.60725e+00   constant   
  11  ANy1         0.00000e+00   constant   
  12  pNy1         0.00000e+00   constant   
  13  w_y          0.00000e+00   constant   
  14  ANy2        -5.42663e-05     fixed    
  15  pNy2         4.50125e+00   constant   
  16  w_vw         1.43005e+01   constant   
  17  LM          -1.01507e-04   constant   
  18  wCBO_expCoeff   1.99882e+02   6.65643e-01   4.31441e-04  -1.03129e-02
  19  wCBO_expOffset   1.99965e+02   1.00220e-01   9.53507e-05  -6.86676e-02
  20  wCBO_expT    2.99923e+01   1.84595e-02   1.53872e-05  -2.57216e-01
  21  wCBO_linCoeff   0.00000e+00   constant   
  22  wCBO_const  -4.36451e-04   6.26025e-04   3.38904e-06  -9.12582e-01
 MIGRAD MINIMIZATION HAS CONVERGED.
 MIGRAD WILL VERIFY CONVERGENCE AND ERROR MATRIX.
 FCN=289.722 FROM MIGRAD    STATUS=CONVERGED      43 CALLS         958 TOTAL
                     EDM=1.77617e-07    STRATEGY= 1      ERR MATRIX NOT POS-DEF
  EXT PARAMETER                APPROXIMATE        STEP         FIRST   
  NO.   NAME      VALUE            ERROR          SIZE      DERIVATIVE 
   1  N0           2.87190e+06     fixed    
   2  tau          6.44000e+01   constant   
   3  A0           3.53326e-01     fixed    
   4  phi          4.11470e+00     fixed    
   5  R           -5.94062e+01   constant   
   6  A_CBO       -5.94303e-05     fixed    
   7  w_CBO        2.32507e+00     fixed    
   8  phi_CBO      2.61225e+00     fixed    
   9  ANx2         6.75162e-04   constant   
  10  pNx2         4.60725e+00   constant   
  11  ANy1         0.00000e+00   constant   
  12  pNy1         0.00000e+00   constant   
  13  w_y          0.00000e+00   constant   
  14  ANy2        -5.42663e-05     fixed    
  15  pNy2         4.50125e+00   constant   
  16  w_vw         1.43005e+01   constant   
  17  LM          -1.01507e-04   constant   
  18  wCBO_expCoeff   1.99882e+02   6.67641e-01   4.32076e-04  -4.42788e-04
  19  wCBO_expOffset   1.99965e+02   1.00410e-01   9.53507e-05  -2.92575e-03
  20  wCBO_expT    2.99923e+01   1.81202e-02   1.54082e-05   2.18640e-02
  21  wCBO_linCoeff   0.00000e+00   constant   
  22  wCBO_const  -4.36429e-04   6.26676e-04   3.38884e-06   3.15895e-02
 EXTERNAL ERROR MATRIX.    NDIM=  25    NPAR=  4    ERR DEF=1
  4.457e-01 -4.969e-02 -4.278e-03  7.700e-05 
 -4.969e-02  1.008e-02 -6.534e-04  1.169e-05 
 -4.278e-03 -6.534e-04  3.283e-04 -6.645e-06 
  7.700e-05  1.169e-05 -6.645e-06  3.927e-07 
ERR MATRIX NOT POS-DEF
 PARAMETER  CORRELATION COEFFICIENTS  
       NO.  GLOBAL     18     19     20     22
       18  0.99698   1.000 -0.741 -0.354  0.184
       19  0.99700  -0.741  1.000 -0.359  0.186
       20  0.99479  -0.354 -0.359  1.000 -0.585
       22  0.76132   0.184  0.186 -0.585  1.000
 ERR MATRIX NOT POS-DEF
MINUIT - FIT ONLY 2-y
 **********
 **   76 **RES 
 **********
                   PARAMETER   14  ANy2 RESTORED TO VARIABLE.
                   PARAMETER    8  phi_CBO RESTORED TO VARIABLE.
                   PARAMETER    7  w_CBO RESTORED TO VARIABLE.
                   PARAMETER    6  A_CBO RESTORED TO VARIABLE.
                   PARAMETER    4  phi RESTORED TO VARIABLE.
                   PARAMETER    3  A0 RESTORED TO VARIABLE.
                   PARAMETER    1  N0 RESTORED TO VARIABLE.
 **********
 **   77 **FIX            0
 **********
 PARAMETER    0  IS UNDEFINED. IGNORED.
 **********
 **   78 **FIX            1
 **********
 **********
 **   79 **FIX            2
 **********
 PARAMETER    2  IS CONSTANT.   IGNORED.
 **********
 **   80 **FIX            3
 **********
 **********
 **   81 **FIX            4
 **********
 **********
 **   82 **FIX            5
 **********
 PARAMETER    5  IS CONSTANT.   IGNORED.
 **********
 **   83 **FIX            6
 **********
 **********
 **   84 **FIX            7
 **********
 **********
 **   85 **FIX            8
 **********
 **********
 **   86 **FIX            9
 **********
 PARAMETER    9  IS CONSTANT.   IGNORED.
 **********
 **   87 **FIX           10
 **********
 PARAMETER   10  IS CONSTANT.   IGNORED.
 **********
 **   88 **FIX           11
 **********
 PARAMETER   11  IS CONSTANT.   IGNORED.
 **********
 **   89 **FIX           12
 **********
 PARAMETER   12  IS CONSTANT.   IGNORED.
 **********
 **   90 **FIX           16
 **********
 PARAMETER   16  IS CONSTANT.   IGNORED.
 **********
 **   91 **MIGRAD
 **********
 START MIGRAD MINIMIZATION.  STRATEGY  1.  CONVERGENCE WHEN EDM .LT. 1.00e-04
 FCN=289.722 FROM MIGRAD    STATUS=INITIATE       10 CALLS         968 TOTAL
                     EDM= unknown      STRATEGY= 1      NO ERROR MATRIX       
  EXT PARAMETER               CURRENT GUESS       STEP         FIRST   
  NO.   NAME      VALUE            ERROR          SIZE      DERIVATIVE 
   1  N0           2.87190e+06     fixed    
   2  tau          6.44000e+01   constant   
   3  A0           3.53326e-01     fixed    
   4  phi          4.11470e+00     fixed    
   5  R           -5.94062e+01   constant   
   6  A_CBO       -5.94303e-05     fixed    
   7  w_CBO        2.32507e+00     fixed    
   8  phi_CBO      2.61225e+00     fixed    
   9  ANx2         6.75162e-04   constant   
  10  pNx2         4.60725e+00   constant   
  11  ANy1         0.00000e+00   constant   
  12  pNy1         0.00000e+00   constant   
  13  w_y          0.00000e+00   constant   
  14  ANy2        -5.42663e-05   5.69254e-04   5.69254e-04  -5.68615e-01
  15  pNy2         4.50125e+00   constant   
  16  w_vw         1.43005e+01   constant   
  17  LM          -1.01507e-04   constant   
  18  wCBO_expCoeff   1.99882e+02   6.67641e-01   4.32076e-04  -4.35903e-04
  19  wCBO_expOffset   1.99965e+02   1.00410e-01   9.53507e-05  -2.84444e-03
  20  wCBO_expT    2.99923e+01   1.81202e-02   1.54082e-05   2.24268e-02
  21  wCBO_linCoeff   0.00000e+00   constant   
  22  wCBO_const  -4.36429e-04   6.26676e-04   3.38884e-06   3.19582e-02
 MIGRAD MINIMIZATION HAS CONVERGED.
 MIGRAD WILL VERIFY CONVERGENCE AND ERROR MATRIX.
 FCN=289.722 FROM MIGRAD    STATUS=CONVERGED      54 CALLS        1012 TOTAL
                     EDM=1.84898e-07    STRATEGY= 1      ERR MATRIX NOT POS-DEF
  EXT PARAMETER                APPROXIMATE        STEP         FIRST   
  NO.   NAME      VALUE            ERROR          SIZE      DERIVATIVE 
   1  N0           2.87190e+06     fixed    
   2  tau          6.44000e+01   constant   
   3  A0           3.53326e-01     fixed    
   4  phi          4.11470e+00     fixed    
   5  R           -5.94062e+01   constant   
   6  A_CBO       -5.94303e-05     fixed    
   7  w_CBO        2.32507e+00     fixed    
   8  phi_CBO      2.61225e+00     fixed    
   9  ANx2         6.75162e-04   constant   
  10  pNx2         4.60725e+00   constant   
  11  ANy1         0.00000e+00   constant   
  12  pNy1         0.00000e+00   constant   
  13  w_y          0.00000e+00   constant   
  14  ANy2        -5.41742e-05   5.69036e-04   4.73800e-06  -1.26824e-03
  15  pNy2         4.50125e+00   constant   
  16  w_vw         1.43005e+01   constant   
  17  LM          -1.01507e-04   constant   
  18  wCBO_expCoeff   1.99882e+02   6.67648e-01   4.32075e-04  -4.21028e-04
  19  wCBO_expOffset   1.99965e+02   1.00411e-01   9.53507e-05  -2.78078e-03
  20  wCBO_expT    2.99923e+01   1.81360e-02   1.54081e-05   2.30283e-02
  21  wCBO_linCoeff   0.00000e+00   constant   
  22  wCBO_const  -4.36431e-04   6.26665e-04   3.38882e-06   2.89875e-02
 EXTERNAL ERROR MATRIX.    NDIM=  25    NPAR=  5    ERR DEF=1
  3.238e-07  6.042e-06  8.910e-07 -4.455e-07 -9.724e-10 
  6.042e-06  4.458e-01 -4.966e-02 -4.286e-03  7.697e-05 
  8.910e-07 -4.966e-02  1.008e-02 -6.546e-04  1.169e-05 
 -4.455e-07 -4.286e-03 -6.546e-04  3.289e-04 -6.643e-06 
 -9.724e-10  7.697e-05  1.169e-05 -6.643e-06  3.927e-07 
ERR MATRIX NOT POS-DEF
 PARAMETER  CORRELATION COEFFICIENTS  
       NO.  GLOBAL     14     18     19     20     22
       14  0.05776   1.000  0.016  0.016 -0.043 -0.003
       18  0.99699   0.016  1.000 -0.741 -0.354  0.184
       19  0.99700   0.016 -0.741  1.000 -0.359  0.186
       20  0.99480  -0.043 -0.354 -0.359  1.000 -0.585
       22  0.76131  -0.003  0.184  0.186 -0.585  1.000
 ERR MATRIX NOT POS-DEF
MINUIT - FIT ALTOGETHER
 **********
 **   92 **RES 
 **********
                   PARAMETER    8  phi_CBO RESTORED TO VARIABLE.
                   PARAMETER    7  w_CBO RESTORED TO VARIABLE.
                   PARAMETER    6  A_CBO RESTORED TO VARIABLE.
                   PARAMETER    4  phi RESTORED TO VARIABLE.
                   PARAMETER    3  A0 RESTORED TO VARIABLE.
                   PARAMETER    1  N0 RESTORED TO VARIABLE.
 **********
 **   93 **MIGRAD
 **********
 START MIGRAD MINIMIZATION.  STRATEGY  1.  CONVERGENCE WHEN EDM .LT. 1.00e-04
 FCN=289.722 FROM MIGRAD    STATUS=INITIATE       22 CALLS        1034 TOTAL
                     EDM= unknown      STRATEGY= 1      NO ERROR MATRIX       
  EXT PARAMETER               CURRENT GUESS       STEP         FIRST   
  NO.   NAME      VALUE            ERROR          SIZE      DERIVATIVE 
   1  N0           2.87190e+06   1.16527e+03   1.16527e+03  -3.62861e-04
   2  tau          6.44000e+01   constant   
   3  A0           3.53326e-01   5.42025e-04   5.42025e-04   7.41083e+02
