 + ++++++++++++++++++++++++++++++++++++++++++++++++++++++++++++++++++++ +
 +                                                                      +
 +           You have chose to blind your fitting according to          +
 +                omega_ref * (1 + (R +/- deltaR) *10^{-6})             +
 +                                                                      +
 + ++++++++++++++++++++++++++++++++++++++++++++++++++++++++++++++++++++ +
In main()...
reading format from /gm2data/zkhechad/run45/envelope/formats/formatB_sBin_constraintOn.txt
pBinTau 	= 0  
pBinPhi 	= 0  
constraintau 	= 1 
includeMopTerm 	= 0    
constrainMop    = 0   
Parameters after format file: pBinTau 0 pBinPhi 0 constraintau 1 includeMopTerm 0 constrainMop 0 c_e_scale 0.000000 
reading cbo reference file (full fit) from /gm2data/zkhechad/cboTemplates/Run4CBOTemplates/fullFits/run4/sBin_constraintOn_cE0.0_seed0_run4_calo3.root
A_CBO 0.008872 w_CBO 2.326183 phi_CBO 4.278101 N0 2792933.794534 R -61.131445 tau 64.392950 
Reading cboRef file /gm2data/zkhechad/cboTemplates/Run4CBOTemplates//cboIsolate/run4_calo3.root
deltaT 164.120000
windowBins = 1100
fitting sliding window 1400 from bin 1603 at 239.167600 to bin 2703 at 403.287600 (1100 bins)

Reading data from /gm2data/cornell/histograms/aMethod/histogram_a_run4.root
fitting cbo isolate
 **********
 **    1 **SET PRINTOUT            1
 **********
 **********
 **    2 **SET NOWARNINGS 
 **********
 PARAMETER DEFINITIONS:
    NO.   NAME         VALUE      STEP SIZE      LIMITS
     1 A_CBO        8.87236e-03  1.00000e-05     no limits
     2 w_CBO        2.32618e+00  1.00000e-02    2.00000e+00  3.00000e+00
     3 phi_CBO      4.27810e+00  1.00000e-02    0.00000e+00  6.28319e+00
 **********
 **    3 **MIGRAD
 **********
 FIRST CALL TO USER FUNCTION AT NEW START POINT, WITH IFLAG=4.
 START MIGRAD MINIMIZATION.  STRATEGY  1.  CONVERGENCE WHEN EDM .LT. 1.00e-04
 FCN=0.0488328 FROM MIGRAD    STATUS=INITIATE       12 CALLS          13 TOTAL
                     EDM= unknown      STRATEGY= 1      NO ERROR MATRIX       
  EXT PARAMETER               CURRENT GUESS       STEP         FIRST   
  NO.   NAME      VALUE            ERROR          SIZE      DERIVATIVE 
   1  A_CBO        8.87236e-03   1.00000e-05   1.00000e-05   7.08472e+00
   2  w_CBO        2.32618e+00   1.00000e-02   2.13326e-02  -3.32742e-01
   3  phi_CBO      4.27810e+00   1.00000e-02   3.41436e-03   5.48699e-03
 MIGRAD MINIMIZATION HAS CONVERGED.
 MIGRAD WILL VERIFY CONVERGENCE AND ERROR MATRIX.
 COVARIANCE MATRIX CALCULATED SUCCESSFULLY
 FCN=0.0260158 FROM MIGRAD    STATUS=CONVERGED      49 CALLS          50 TOTAL
                     EDM=6.09011e-05    STRATEGY= 1      ERROR MATRIX ACCURATE 
  EXT PARAMETER                                   STEP         FIRST   
  NO.   NAME      VALUE            ERROR          SIZE      DERIVATIVE 
   1  A_CBO        2.43473e-03   4.26420e-02   2.10715e-05  -1.61742e-02
   2  w_CBO        2.32636e+00   3.29368e-01   5.77850e-05  -7.32561e-03
   3  phi_CBO      4.24354e+00   5.26276e+00   2.91043e-03  -1.34173e-04
 EXTERNAL ERROR MATRIX.    NDIM=  25    NPAR=  3    ERR DEF=1
  1.818e-03  6.127e-04  1.964e-01 
  6.127e-04  1.334e-01  4.206e+01 
  1.964e-01  4.206e+01  1.357e+04 
 PARAMETER  CORRELATION COEFFICIENTS  
       NO.  GLOBAL      1      2      3
        1  0.03957   1.000  0.039  0.040
        2  0.98868   0.039  1.000  0.989
        3  0.98868   0.040  0.989  1.000
setting A_CBO=0.002435 w_CBO=2.326362, phi_CBO=4.243542
done fitting cbo isolate
 **********
 **    1 **SET PRINTOUT            1
 **********
 **********
 **    2 **SET NOWARNINGS 
 **********
 PARAMETER DEFINITIONS:
    NO.   NAME         VALUE      STEP SIZE      LIMITS
     1 N0           2.79293e+06  1.00000e+02     no limits
     2 tau          6.43930e+01  constant
     3 A0           3.56510e-01  1.00000e-04     no limits
     4 phi          4.11711e+00  1.00000e-02     no limits
     5 R           -6.11314e+01  constant
     6 A_CBO        2.43473e-03  1.00000e-05     no limits
     7 w_CBO        2.32636e+00  1.00000e-03     no limits
     8 phi_CBO      4.24354e+00  1.00000e-04     no limits
     9 ANx2         3.99781e-04  constant
    10 pNx2         4.45174e+00  constant
    11 ANy1         0.00000e+00  constant
    12 pNy1         0.00000e+00  constant
    13 w_y          0.00000e+00  constant
    14 ANy2         9.79441e-03  1.00000e-04     no limits
    15 pNy2         4.41741e+00  constant
    16 w_vw         1.43026e+01  constant
    17 LM          -4.33674e-04  constant
    18 wCBO_expCoeff   2.00000e+02  1.00000e+00     no limits
    19 wCBO_expOffset   2.00000e+02  1.00000e+00     no limits
    20 wCBO_expT    3.00000e+01  1.00000e+00     no limits
    21 wCBO_linCoeff   0.00000e+00  constant
    22 wCBO_const   0.00000e+00  1.00000e-02     no limits
MINUIT - FIT ONLY WIGGLE
 **********
 **    3 **FIX            5
 **********
 PARAMETER    5  IS CONSTANT.   IGNORED.
 **********
 **    4 **FIX            6
 **********
 **********
 **    5 **FIX            7
 **********
 **********
 **    6 **FIX            8
 **********
 **********
 **    7 **FIX            9
 **********
 PARAMETER    9  IS CONSTANT.   IGNORED.
 **********
 **    8 **FIX           10
 **********
 PARAMETER   10  IS CONSTANT.   IGNORED.
 **********
 **    9 **FIX           11
 **********
 PARAMETER   11  IS CONSTANT.   IGNORED.
 **********
 **   10 **FIX           12
 **********
 PARAMETER   12  IS CONSTANT.   IGNORED.
 **********
 **   11 **FIX           13
 **********
 PARAMETER   13  IS CONSTANT.   IGNORED.
 **********
 **   12 **FIX           14
 **********
 **********
 **   13 **FIX           15
 **********
 PARAMETER   15  IS CONSTANT.   IGNORED.
 **********
 **   14 **FIX           16
 **********
 PARAMETER   16  IS CONSTANT.   IGNORED.
 **********
 **   15 **MIGRAD
 **********
 FIRST CALL TO USER FUNCTION AT NEW START POINT, WITH IFLAG=4.
 START MIGRAD MINIMIZATION.  STRATEGY  1.  CONVERGENCE WHEN EDM .LT. 1.00e-04
 FCN=1327.58 FROM MIGRAD    STATUS=INITIATE       34 CALLS          35 TOTAL
                     EDM= unknown      STRATEGY= 1      NO ERROR MATRIX       
  EXT PARAMETER               CURRENT GUESS       STEP         FIRST   
  NO.   NAME      VALUE            ERROR          SIZE      DERIVATIVE 
   1  N0           2.79293e+06   1.00000e+02   1.00000e+02   2.72901e-03
   2  tau          6.43930e+01   constant   
   3  A0           3.56510e-01   1.00000e-04   1.00000e-04  -6.11172e+03
   4  phi          4.11711e+00   1.00000e-02   1.00000e-02   7.14623e+02
   5  R           -6.11314e+01   constant   
   6  A_CBO        2.43473e-03     fixed    
   7  w_CBO        2.32636e+00     fixed    
   8  phi_CBO      4.24354e+00     fixed    
   9  ANx2         3.99781e-04   constant   
  10  pNx2         4.45174e+00   constant   
  11  ANy1         0.00000e+00   constant   
  12  pNy1         0.00000e+00   constant   
  13  w_y          0.00000e+00   constant   
  14  ANy2         9.79441e-03     fixed    
  15  pNy2         4.41741e+00   constant   
  16  w_vw         1.43026e+01   constant   
  17  LM          -4.33674e-04   constant   
  18  wCBO_expCoeff   2.00000e+02   1.00000e+00   1.00000e+00  -2.10048e+02
  19  wCBO_expOffset   2.00000e+02   1.00000e+00   1.00000e+00  -1.31277e+03
  20  wCBO_expT    3.00000e+01   1.00000e+00   1.00000e+00   6.20323e+03
  21  wCBO_linCoeff   0.00000e+00   constant   
  22  wCBO_const   0.00000e+00   1.00000e-02   1.00000e-02   7.39930e+03
 MIGRAD MINIMIZATION HAS CONVERGED.
 FCN=1310.05 FROM MIGRAD    STATUS=CONVERGED     203 CALLS         204 TOTAL
                     EDM=4.16687e-06    STRATEGY= 1  ERROR MATRIX UNCERTAINTY   1.4 per cent
  EXT PARAMETER                                   STEP         FIRST   
  NO.   NAME      VALUE            ERROR          SIZE      DERIVATIVE 
   1  N0           2.79259e+06   6.19981e+02  -8.93489e+00   1.80892e-06
   2  tau          6.43930e+01   constant   
   3  A0           3.56877e-01   2.96679e-04   5.84158e-06   4.22362e+00
   4  phi          4.11682e+00   8.64730e-04   6.52917e-08  -2.00083e+00
   5  R           -6.11314e+01   constant   
   6  A_CBO        2.43473e-03     fixed    
   7  w_CBO        2.32636e+00     fixed    
   8  phi_CBO      4.24354e+00     fixed    
   9  ANx2         3.99781e-04   constant   
  10  pNx2         4.45174e+00   constant   
  11  ANy1         0.00000e+00   constant   
  12  pNy1         0.00000e+00   constant   
  13  w_y          0.00000e+00   constant   
  14  ANy2         9.79441e-03     fixed    
  15  pNy2         4.41741e+00   constant   
  16  w_vw         1.43026e+01   constant   
  17  LM          -4.33674e-04   constant   
  18  wCBO_expCoeff   2.00015e+02   4.93715e-03   3.86331e-05   1.29467e+00
  19  wCBO_expOffset   2.00002e+02   7.20154e-04   5.60644e-06   1.27727e+01
  20  wCBO_expT    2.99972e+01   1.06719e-03   8.99849e-06   1.56669e+01
  21  wCBO_linCoeff   0.00000e+00   constant   
  22  wCBO_const  -3.45456e-04   6.75328e-04  -3.26509e-05   6.68823e+00
 EXTERNAL ERROR MATRIX.    NDIM=  25    NPAR=  7    ERR DEF=1
  3.844e+05  6.713e-04  1.916e-03  1.352e-01  1.989e-02 -3.758e-02  1.357e-02 
  6.713e-04  8.802e-08  3.139e-09  7.407e-08  1.032e-08 -1.350e-08 -2.016e-09 
  1.916e-03  3.139e-09  7.478e-07  1.142e-07  1.683e-08 -2.331e-08  4.869e-09 
  1.352e-01  7.407e-08  1.142e-07  2.438e-05  2.504e-06 -4.615e-06  1.591e-06 
  1.989e-02  1.032e-08  1.683e-08  2.504e-06  5.186e-07 -6.691e-07  2.303e-07 
 -3.758e-02 -1.350e-08 -2.331e-08 -4.615e-06 -6.691e-07  1.139e-06 -5.264e-07 
  1.357e-02 -2.016e-09  4.869e-09  1.591e-06  2.303e-07 -5.264e-07  4.561e-07 
 PARAMETER  CORRELATION COEFFICIENTS  
       NO.  GLOBAL      1      3      4     18     19     20     22
        1  0.07450   1.000  0.004  0.004  0.044  0.045 -0.057  0.032
        3  0.07558   0.004  1.000  0.012  0.051  0.048 -0.043 -0.010
        4  0.03196   0.004  0.012  1.000  0.027  0.027 -0.025  0.008
       18  0.94617   0.044  0.051  0.027  1.000  0.704 -0.876  0.477
       19  0.94327   0.045  0.048  0.027  0.704  1.000 -0.871  0.473
       20  0.98772  -0.057 -0.043 -0.025 -0.876 -0.871  1.000 -0.730
       22  0.91066   0.032 -0.010  0.008  0.477  0.473 -0.730  1.000
MINUIT - FIT ONLY 1-CBO + other amplitudes 
 **********
 **   16 **RES 
 **********
                   PARAMETER   14  ANy2 RESTORED TO VARIABLE.
                   PARAMETER    8  phi_CBO RESTORED TO VARIABLE.
                   PARAMETER    7  w_CBO RESTORED TO VARIABLE.
                   PARAMETER    6  A_CBO RESTORED TO VARIABLE.
 **********
 **   17 **FIX            0
 **********
 PARAMETER    0  IS UNDEFINED. IGNORED.
 **********
 **   18 **FIX            1
 **********
 **********
 **   19 **FIX            2
 **********
 PARAMETER    2  IS CONSTANT.   IGNORED.
 **********
 **   20 **FIX            3
 **********
 **********
 **   21 **FIX            4
 **********
 **********
 **   22 **FIX            9
 **********
 PARAMETER    9  IS CONSTANT.   IGNORED.
 **********
 **   23 **FIX           11
 **********
 PARAMETER   11  IS CONSTANT.   IGNORED.
 **********
 **   24 **FIX           12
 **********
 PARAMETER   12  IS CONSTANT.   IGNORED.
 **********
 **   25 **FIX           14
 **********
 **********
 **   26 **FIX           15
 **********
 PARAMETER   15  IS CONSTANT.   IGNORED.
 **********
 **   27 **FIX           16
 **********
 PARAMETER   16  IS CONSTANT.   IGNORED.
 **********
 **   28 **MIGRAD
 **********
 START MIGRAD MINIMIZATION.  STRATEGY  1.  CONVERGENCE WHEN EDM .LT. 1.00e-04
 FCN=1310.05 FROM MIGRAD    STATUS=INITIATE       22 CALLS         226 TOTAL
                     EDM= unknown      STRATEGY= 1      NO ERROR MATRIX       
  EXT PARAMETER               CURRENT GUESS       STEP         FIRST   
  NO.   NAME      VALUE            ERROR          SIZE      DERIVATIVE 
   1  N0           2.79259e+06     fixed    
   2  tau          6.43930e+01   constant   
   3  A0           3.56877e-01     fixed    
   4  phi          4.11682e+00     fixed    
   5  R           -6.11314e+01   constant   
   6  A_CBO        2.43473e-03   1.00000e-05   1.00000e-05   3.09649e+04
   7  w_CBO        2.32636e+00   1.00000e-03   1.00000e-03   1.14159e+02
   8  phi_CBO      4.24354e+00   1.00000e-04   1.00000e-04   7.15042e+00
   9  ANx2         3.99781e-04   constant   
  10  pNx2         4.45174e+00   constant   
  11  ANy1         0.00000e+00   constant   
  12  pNy1         0.00000e+00   constant   
  13  w_y          0.00000e+00   constant   
  14  ANy2         9.79441e-03     fixed    
  15  pNy2         4.41741e+00   constant   
  16  w_vw         1.43026e+01   constant   
  17  LM          -4.33674e-04   constant   
  18  wCBO_expCoeff   2.00015e+02   4.93715e-03   3.86331e-05   1.29467e+00
  19  wCBO_expOffset   2.00002e+02   7.20154e-04   5.60644e-06   1.27727e+01
  20  wCBO_expT    2.99972e+01   1.06719e-03   8.99849e-06   1.56669e+01
  21  wCBO_linCoeff   0.00000e+00   constant   
  22  wCBO_const  -3.45456e-04   6.75328e-04  -3.26509e-05   6.68862e+00
 MIGRAD MINIMIZATION HAS CONVERGED.
 MIGRAD WILL VERIFY CONVERGENCE AND ERROR MATRIX.
 FCN=1284.56 FROM MIGRAD    STATUS=CONVERGED     230 CALLS         434 TOTAL
                     EDM=4.17561e-05    STRATEGY= 1      ERR MATRIX NOT POS-DEF
  EXT PARAMETER                APPROXIMATE        STEP         FIRST   
  NO.   NAME      VALUE            ERROR          SIZE      DERIVATIVE 
   1  N0           2.79259e+06     fixed    
   2  tau          6.43930e+01   constant   
   3  A0           3.56877e-01     fixed    
   4  phi          4.11682e+00     fixed    
   5  R           -6.11314e+01   constant   
   6  A_CBO        8.24665e-04   3.39566e-04   5.56934e-06   4.92548e+00
   7  w_CBO        2.32639e+00   1.69845e-04   1.10931e-06   1.63701e+01
   8  phi_CBO      3.95403e+00   4.46636e-01   6.65786e-03   3.08952e-03
   9  ANx2         3.99781e-04   constant   
  10  pNx2         4.45174e+00   constant   
  11  ANy1         0.00000e+00   constant   
  12  pNy1         0.00000e+00   constant   
  13  w_y          0.00000e+00   constant   
  14  ANy2         9.79441e-03     fixed    
  15  pNy2         4.41741e+00   constant   
  16  w_vw         1.43026e+01   constant   
  17  LM          -4.33674e-04   constant   
  18  wCBO_expCoeff   2.00018e+02   1.50546e-02   9.53761e-05   1.70220e-01
  19  wCBO_expOffset   2.00003e+02   3.43454e-03   9.53687e-05   3.96688e+00
  20  wCBO_expT    2.99966e+01   8.94077e-04   1.43035e-05   5.06696e+00
  21  wCBO_linCoeff   0.00000e+00   constant   
  22  wCBO_const  -6.97177e-04   6.05770e-04   5.35069e-06   4.03526e+00
 EXTERNAL ERROR MATRIX.    NDIM=  25    NPAR=  7    ERR DEF=1
  1.153e-07  5.882e-09 -8.626e-06  5.324e-07 -2.639e-07  4.401e-08  2.441e-08 
  5.882e-09  2.885e-08  7.538e-06  2.423e-07 -3.973e-07 -6.050e-09 -7.958e-09 
 -8.626e-06  7.538e-06  1.995e-01  6.840e-04 -1.941e-04  3.702e-05  1.727e-05 
  5.324e-07  2.423e-07  6.840e-04  2.266e-04 -3.616e-05 -4.729e-07  2.070e-07 
 -2.639e-07 -3.973e-07 -1.941e-04 -3.616e-05  1.180e-05 -8.623e-07  2.342e-07 
  4.401e-08 -6.050e-09  3.702e-05 -4.729e-07 -8.623e-07  7.994e-07 -2.820e-07 
  2.441e-08 -7.958e-09  1.727e-05  2.070e-07  2.342e-07 -2.820e-07  3.670e-07 
ERR MATRIX NOT POS-DEF
 PARAMETER  CORRELATION COEFFICIENTS  
       NO.  GLOBAL      6      7      8     18     19     20     22
        6  0.37689   1.000  0.102 -0.057  0.104 -0.226  0.145  0.119
        7  0.99168   0.102  1.000  0.099  0.095 -0.681 -0.040 -0.077
        8  0.53937  -0.057  0.099  1.000  0.102 -0.127  0.093  0.064
       18  0.99177   0.104  0.095  0.102  1.000 -0.699 -0.035  0.023
       19  0.99645  -0.226 -0.681 -0.127 -0.699  1.000 -0.281  0.113
       20  0.97913   0.145 -0.040  0.093 -0.035 -0.281  1.000 -0.521
       22  0.86657   0.119 -0.077  0.064  0.023  0.113 -0.521  1.000
 ERR MATRIX NOT POS-DEF
MINUIT - FIT ONLY 1-CBO
 **********
 **   29 **RES 
 **********
                   PARAMETER   14  ANy2 RESTORED TO VARIABLE.
                   PARAMETER    4  phi RESTORED TO VARIABLE.
                   PARAMETER    3  A0 RESTORED TO VARIABLE.
                   PARAMETER    1  N0 RESTORED TO VARIABLE.
 **********
 **   30 **FIX            0
 **********
 PARAMETER    0  IS UNDEFINED. IGNORED.
 **********
 **   31 **FIX            1
 **********
 **********
 **   32 **FIX            2
 **********
 PARAMETER    2  IS CONSTANT.   IGNORED.
 **********
 **   33 **FIX            3
 **********
 **********
 **   34 **FIX            4
 **********
 **********
 **   35 **FIX            8
 **********
 **********
 **   36 **FIX            9
 **********
 PARAMETER    9  IS CONSTANT.   IGNORED.
 **********
 **   37 **FIX           11
 **********
 PARAMETER   11  IS CONSTANT.   IGNORED.
 **********
 **   38 **FIX           12
 **********
 PARAMETER   12  IS CONSTANT.   IGNORED.
 **********
 **   39 **FIX           13
 **********
 PARAMETER   13  IS CONSTANT.   IGNORED.
 **********
 **   40 **FIX           15
 **********
 PARAMETER   15  IS CONSTANT.   IGNORED.
 **********
 **   41 **FIX           16
 **********
 PARAMETER   16  IS CONSTANT.   IGNORED.
 **********
 **   42 **MIGRAD
 **********
 START MIGRAD MINIMIZATION.  STRATEGY  1.  CONVERGENCE WHEN EDM .LT. 1.00e-04
 FCN=1284.56 FROM MIGRAD    STATUS=INITIATE       16 CALLS         450 TOTAL
                     EDM= unknown      STRATEGY= 1      NO ERROR MATRIX       
  EXT PARAMETER               CURRENT GUESS       STEP         FIRST   
  NO.   NAME      VALUE            ERROR          SIZE      DERIVATIVE 
   1  N0           2.79259e+06     fixed    
   2  tau          6.43930e+01   constant   
   3  A0           3.56877e-01     fixed    
   4  phi          4.11682e+00     fixed    
   5  R           -6.11314e+01   constant   
   6  A_CBO        8.24665e-04   3.39566e-04   5.56934e-06   4.92548e+00
   7  w_CBO        2.32639e+00   1.69845e-04   1.10931e-06   1.97784e+01
   8  phi_CBO      3.95403e+00     fixed    
   9  ANx2         3.99781e-04   constant   
  10  pNx2         4.45174e+00   constant   
  11  ANy1         0.00000e+00   constant   
  12  pNy1         0.00000e+00   constant   
  13  w_y          0.00000e+00   constant   
  14  ANy2         9.79441e-03   1.00000e-04   1.00000e-04   1.93446e+05
  15  pNy2         4.41741e+00   constant   
  16  w_vw         1.43026e+01   constant   
  17  LM          -4.33674e-04   constant   
  18  wCBO_expCoeff   2.00018e+02   1.50546e-02   9.53761e-05   2.08084e-01
  19  wCBO_expOffset   2.00003e+02   3.43454e-03   9.53687e-05   1.24582e+01
  20  wCBO_expT    2.99966e+01   8.94077e-04   1.43035e-05   5.41124e+00
  21  wCBO_linCoeff   0.00000e+00   constant   
  22  wCBO_const  -6.97177e-04   6.05770e-04   5.35069e-06   4.03073e+00
 MIGRAD MINIMIZATION HAS CONVERGED.
 MIGRAD WILL VERIFY CONVERGENCE AND ERROR MATRIX.
 COVARIANCE MATRIX CALCULATED SUCCESSFULLY
 FCN=346.359 FROM MIGRAD    STATUS=CONVERGED     261 CALLS         695 TOTAL
                     EDM=4.60865e-06    STRATEGY= 1      ERROR MATRIX ACCURATE 
  EXT PARAMETER                                   STEP         FIRST   
  NO.   NAME      VALUE            ERROR          SIZE      DERIVATIVE 
   1  N0           2.79259e+06     fixed    
   2  tau          6.43930e+01   constant   
   3  A0           3.56877e-01     fixed    
   4  phi          4.11682e+00     fixed    
   5  R           -6.11314e+01   constant   
   6  A_CBO        2.82040e-04   3.47911e-04   2.92627e-06   3.99993e-02
   7  w_CBO        2.32629e+00   4.28167e-04   1.10926e-06   1.15740e+01
   8  phi_CBO      3.95403e+00     fixed    
   9  ANx2         3.99781e-04   constant   
  10  pNx2         4.45174e+00   constant   
  11  ANy1         0.00000e+00   constant   
  12  pNy1         0.00000e+00   constant   
  13  w_y          0.00000e+00   constant   
  14  ANy2         7.10588e-05   3.16567e-04   2.87171e-06  -3.76953e-01
  15  pNy2         4.41741e+00   constant   
  16  w_vw         1.43026e+01   constant   
  17  LM          -4.33674e-04   constant   
  18  wCBO_expCoeff   2.00009e+02   3.71417e-02   9.53715e-05   1.39546e-01
  19  wCBO_expOffset   2.00001e+02   2.69686e-03   9.53680e-05   8.94853e-01
  20  wCBO_expT    2.99983e+01   2.16355e-03   1.43043e-05  -3.85858e-01
  21  wCBO_linCoeff   0.00000e+00   constant   
  22  wCBO_const  -8.76289e-04   1.07312e-03   4.97492e-06  -9.85134e-01
 EXTERNAL ERROR MATRIX.    NDIM=  25    NPAR=  7    ERR DEF=1
  1.210e-07 -5.476e-09  4.942e-09 -5.015e-07 -2.328e-08  1.750e-07 -4.089e-08 
 -5.476e-09  1.833e-07 -2.407e-09 -1.216e-05 -2.491e-07 -2.122e-07 -2.074e-08 
  4.942e-09 -2.407e-09  1.002e-07 -2.254e-07  6.592e-09  4.810e-08 -1.240e-08 
 -5.015e-07 -1.216e-05 -2.254e-07  1.380e-03 -2.324e-05 -1.961e-05  1.058e-05 
 -2.328e-08 -2.491e-07  6.592e-09 -2.324e-05  7.273e-06 -2.686e-07  1.398e-07 
  1.750e-07 -2.122e-07  4.810e-08 -1.961e-05 -2.686e-07  4.681e-06 -1.534e-06 
 -4.089e-08 -2.074e-08 -1.240e-08  1.058e-05  1.398e-07 -1.534e-06  1.152e-06 
 PARAMETER  CORRELATION COEFFICIENTS  
       NO.  GLOBAL      6      7     14     18     19     20     22
        6  0.38177   1.000 -0.037  0.045 -0.039 -0.025  0.232 -0.110
        7  0.99391  -0.037  1.000 -0.018 -0.764 -0.216 -0.229 -0.045
       14  0.07971   0.045 -0.018  1.000 -0.019  0.008  0.070 -0.036
       18  0.99368  -0.039 -0.764 -0.019  1.000 -0.232 -0.244  0.265
       19  0.97271  -0.025 -0.216  0.008 -0.232  1.000 -0.046  0.048
       20  0.98403   0.232 -0.229  0.070 -0.244 -0.046  1.000 -0.661
       22  0.86046  -0.110 -0.045 -0.036  0.265  0.048 -0.661  1.000
MINUIT - FIT ONLY 2-CBO
 **********
 **   43 **RES 
 **********
                   PARAMETER    8  phi_CBO RESTORED TO VARIABLE.
                   PARAMETER    4  phi RESTORED TO VARIABLE.
                   PARAMETER    3  A0 RESTORED TO VARIABLE.
                   PARAMETER    1  N0 RESTORED TO VARIABLE.
 **********
 **   44 **FIX            0
 **********
 PARAMETER    0  IS UNDEFINED. IGNORED.
 **********
 **   45 **FIX            1
 **********
 **********
 **   46 **FIX            2
 **********
 PARAMETER    2  IS CONSTANT.   IGNORED.
 **********
 **   47 **FIX            3
 **********
 **********
 **   48 **FIX            4
 **********
 **********
 **   49 **FIX            5
 **********
 PARAMETER    5  IS CONSTANT.   IGNORED.
 **********
 **   50 **FIX            6
 **********
 **********
 **   51 **FIX            7
 **********
 **********
 **   52 **FIX           10
 **********
 PARAMETER   10  IS CONSTANT.   IGNORED.
 **********
 **   53 **FIX           11
 **********
 PARAMETER   11  IS CONSTANT.   IGNORED.
 **********
 **   54 **FIX           12
 **********
 PARAMETER   12  IS CONSTANT.   IGNORED.
 **********
 **   55 **FIX           13
 **********
 PARAMETER   13  IS CONSTANT.   IGNORED.
 **********
 **   56 **FIX           14
 **********
 **********
 **   57 **FIX           15
 **********
 PARAMETER   15  IS CONSTANT.   IGNORED.
 **********
 **   58 **FIX           16
 **********
 PARAMETER   16  IS CONSTANT.   IGNORED.
 **********
 **   59 **MIGRAD
 **********
 START MIGRAD MINIMIZATION.  STRATEGY  1.  CONVERGENCE WHEN EDM .LT. 1.00e-04
 FCN=346.359 FROM MIGRAD    STATUS=INITIATE       12 CALLS         707 TOTAL
                     EDM= unknown      STRATEGY= 1      NO ERROR MATRIX       
  EXT PARAMETER               CURRENT GUESS       STEP         FIRST   
  NO.   NAME      VALUE            ERROR          SIZE      DERIVATIVE 
   1  N0           2.79259e+06     fixed    
   2  tau          6.43930e+01   constant   
   3  A0           3.56877e-01     fixed    
   4  phi          4.11682e+00     fixed    
   5  R           -6.11314e+01   constant   
   6  A_CBO        2.82040e-04     fixed    
   7  w_CBO        2.32629e+00     fixed    
   8  phi_CBO      3.95403e+00   4.46636e-01   4.46636e-01   1.26895e+00
   9  ANx2         3.99781e-04   constant   
  10  pNx2         4.45174e+00   constant   
  11  ANy1         0.00000e+00   constant   
  12  pNy1         0.00000e+00   constant   
  13  w_y          0.00000e+00   constant   
  14  ANy2         7.10588e-05     fixed    
  15  pNy2         4.41741e+00   constant   
  16  w_vw         1.43026e+01   constant   
  17  LM          -4.33674e-04   constant   
  18  wCBO_expCoeff   2.00009e+02   3.71417e-02   9.53715e-05   1.27396e-01
  19  wCBO_expOffset   2.00001e+02   2.69686e-03   9.53680e-05  -2.69184e+00
  20  wCBO_expT    2.99983e+01   2.16355e-03   1.43043e-05  -7.07913e-01
  21  wCBO_linCoeff   0.00000e+00   constant   
  22  wCBO_const  -8.76289e-04   1.07312e-03   4.97492e-06  -9.86869e-01
 MIGRAD MINIMIZATION HAS CONVERGED.
 MIGRAD WILL VERIFY CONVERGENCE AND ERROR MATRIX.
 COVARIANCE MATRIX CALCULATED SUCCESSFULLY
 FCN=345.836 FROM MIGRAD    STATUS=CONVERGED     124 CALLS         819 TOTAL
                     EDM=2.07652e-08    STRATEGY= 1      ERROR MATRIX ACCURATE 
  EXT PARAMETER                                   STEP         FIRST   
  NO.   NAME      VALUE            ERROR          SIZE      DERIVATIVE 
   1  N0           2.79259e+06     fixed    
   2  tau          6.43930e+01   constant   
   3  A0           3.56877e-01     fixed    
   4  phi          4.11682e+00     fixed    
   5  R           -6.11314e+01   constant   
   6  A_CBO        2.82040e-04     fixed    
   7  w_CBO        2.32629e+00     fixed    
   8  phi_CBO      3.14753e+00   1.11475e+00   9.17038e-03  -4.99087e-05
   9  ANx2         3.99781e-04   constant   
  10  pNx2         4.45174e+00   constant   
  11  ANy1         0.00000e+00   constant   
  12  pNy1         0.00000e+00   constant   
  13  w_y          0.00000e+00   constant   
  14  ANy2         7.10588e-05     fixed    
  15  pNy2         4.41741e+00   constant   
  16  w_vw         1.43026e+01   constant   
  17  LM          -4.33674e-04   constant   
  18  wCBO_expCoeff   2.00008e+02   4.73905e-02   9.53712e-05   2.53158e-02
  19  wCBO_expOffset   2.00001e+02   5.95666e-03   9.53680e-05   1.67671e-01
  20  wCBO_expT    2.99983e+01   2.56959e-03   1.43043e-05   1.88003e-01
  21  wCBO_linCoeff   0.00000e+00   constant   
  22  wCBO_const  -9.25194e-04   1.20365e-03   4.89636e-06   8.98451e-02
 EXTERNAL ERROR MATRIX.    NDIM=  25    NPAR=  5    ERR DEF=1
  1.243e+00  6.548e-04 -2.554e-05  1.519e-04 -2.667e-06 
  6.548e-04  2.246e-03 -2.459e-04 -6.600e-05  1.997e-05 
 -2.554e-05 -2.459e-04  3.548e-05  1.232e-06 -4.503e-07 
  1.519e-04 -6.600e-05  1.232e-06  6.603e-06 -2.326e-06 
 -2.667e-06  1.997e-05 -4.503e-07 -2.326e-06  1.449e-06 
 PARAMETER  CORRELATION COEFFICIENTS  
       NO.  GLOBAL      8     18     19     20     22
        8  0.42618   1.000  0.012 -0.004  0.053 -0.002
       18  0.99632   0.012  1.000 -0.871 -0.542  0.350
       19  0.99474  -0.004 -0.871  1.000  0.080 -0.063
       20  0.98964   0.053 -0.542  0.080  1.000 -0.752
       22  0.89433  -0.002  0.350 -0.063 -0.752  1.000
MINUIT - FIT ONLY 1-y
 **********
 **   60 **RES 
 **********
                   PARAMETER   14  ANy2 RESTORED TO VARIABLE.
                   PARAMETER    7  w_CBO RESTORED TO VARIABLE.
                   PARAMETER    6  A_CBO RESTORED TO VARIABLE.
                   PARAMETER    4  phi RESTORED TO VARIABLE.
                   PARAMETER    3  A0 RESTORED TO VARIABLE.
                   PARAMETER    1  N0 RESTORED TO VARIABLE.
 **********
 **   61 **FIX            0
 **********
 PARAMETER    0  IS UNDEFINED. IGNORED.
 **********
 **   62 **FIX            1
 **********
 **********
 **   63 **FIX            2
 **********
 PARAMETER    2  IS CONSTANT.   IGNORED.
 **********
 **   64 **FIX            3
 **********
 **********
 **   65 **FIX            4
 **********
 **********
 **   66 **FIX            5
 **********
 PARAMETER    5  IS CONSTANT.   IGNORED.
 **********
 **   67 **FIX            6
 **********
 **********
 **   68 **FIX            7
 **********
 **********
 **   69 **FIX            8
 **********
 **********
 **   70 **FIX            9
 **********
 PARAMETER    9  IS CONSTANT.   IGNORED.
 **********
 **   71 **FIX           13
 **********
 PARAMETER   13  IS CONSTANT.   IGNORED.
 **********
 **   72 **FIX           14
 **********
 **********
 **   73 **FIX           15
 **********
 PARAMETER   15  IS CONSTANT.   IGNORED.
 **********
 **   74 **FIX           16
 **********
 PARAMETER   16  IS CONSTANT.   IGNORED.
 **********
 **   75 **MIGRAD
 **********
 START MIGRAD MINIMIZATION.  STRATEGY  1.  CONVERGENCE WHEN EDM .LT. 1.00e-04
 FCN=345.836 FROM MIGRAD    STATUS=INITIATE        8 CALLS         827 TOTAL
                     EDM= unknown      STRATEGY= 1      NO ERROR MATRIX       
  EXT PARAMETER               CURRENT GUESS       STEP         FIRST   
  NO.   NAME      VALUE            ERROR          SIZE      DERIVATIVE 
   1  N0           2.79259e+06     fixed    
   2  tau          6.43930e+01   constant   
   3  A0           3.56877e-01     fixed    
   4  phi          4.11682e+00     fixed    
   5  R           -6.11314e+01   constant   
   6  A_CBO        2.82040e-04     fixed    
   7  w_CBO        2.32629e+00     fixed    
   8  phi_CBO      3.14753e+00     fixed    
   9  ANx2         3.99781e-04   constant   
  10  pNx2         4.45174e+00   constant   
  11  ANy1         0.00000e+00   constant   
  12  pNy1         0.00000e+00   constant   
  13  w_y          0.00000e+00   constant   
  14  ANy2         7.10588e-05     fixed    
  15  pNy2         4.41741e+00   constant   
  16  w_vw         1.43026e+01   constant   
  17  LM          -4.33674e-04   constant   
  18  wCBO_expCoeff   2.00008e+02   4.73905e-02   9.53712e-05   2.46654e-02
  19  wCBO_expOffset   2.00001e+02   5.95666e-03   9.53680e-05  -8.20501e-02
  20  wCBO_expT    2.99983e+01   2.56959e-03   1.43043e-05   1.06731e-01
  21  wCBO_linCoeff   0.00000e+00   constant   
  22  wCBO_const  -9.25194e-04   1.20365e-03   4.89636e-06   9.08219e-02
 MIGRAD MINIMIZATION HAS CONVERGED.
 MIGRAD WILL VERIFY CONVERGENCE AND ERROR MATRIX.
 COVARIANCE MATRIX CALCULATED SUCCESSFULLY
 FCN=345.836 FROM MIGRAD    STATUS=CONVERGED      47 CALLS         866 TOTAL
                     EDM=2.90673e-08    STRATEGY= 1      ERROR MATRIX ACCURATE 
  EXT PARAMETER                                   STEP         FIRST   
  NO.   NAME      VALUE            ERROR          SIZE      DERIVATIVE 
   1  N0           2.79259e+06     fixed    
   2  tau          6.43930e+01   constant   
   3  A0           3.56877e-01     fixed    
   4  phi          4.11682e+00     fixed    
   5  R           -6.11314e+01   constant   
   6  A_CBO        2.82040e-04     fixed    
   7  w_CBO        2.32629e+00     fixed    
   8  phi_CBO      3.14753e+00     fixed    
   9  ANx2         3.99781e-04   constant   
  10  pNx2         4.45174e+00   constant   
  11  ANy1         0.00000e+00   constant   
  12  pNy1         0.00000e+00   constant   
  13  w_y          0.00000e+00   constant   
  14  ANy2         7.10588e-05     fixed    
  15  pNy2         4.41741e+00   constant   
  16  w_vw         1.43026e+01   constant   
  17  LM          -4.33674e-04   constant   
  18  wCBO_expCoeff   2.00008e+02   4.73971e-02   9.53712e-05   8.37309e-03
  19  wCBO_expOffset   2.00001e+02   5.95806e-03   9.53680e-05   5.33273e-02
  20  wCBO_expT    2.99983e+01   2.56608e-03   1.43043e-05  -2.72540e-02
  21  wCBO_linCoeff   0.00000e+00   constant   
  22  wCBO_const  -9.25202e-04   1.20367e-03   4.89713e-06  -3.30870e-02
 EXTERNAL ERROR MATRIX.    NDIM=  25    NPAR=  4    ERR DEF=1
  2.246e-03 -2.460e-04 -6.610e-05  1.997e-05 
 -2.460e-04  3.550e-05  1.236e-06 -4.508e-07 
 -6.610e-05  1.236e-06  6.585e-06 -2.326e-06 
  1.997e-05 -4.508e-07 -2.326e-06  1.449e-06 
 PARAMETER  CORRELATION COEFFICIENTS  
       NO.  GLOBAL     18     19     20     22
       18  0.99632   1.000 -0.871 -0.543  0.350
       19  0.99475  -0.871  1.000  0.081 -0.063
       20  0.98961  -0.543  0.081  1.000 -0.753
       22  0.89433   0.350 -0.063 -0.753  1.000
MINUIT - FIT ONLY 2-y
 **********
 **   76 **RES 
 **********
                   PARAMETER   14  ANy2 RESTORED TO VARIABLE.
                   PARAMETER    8  phi_CBO RESTORED TO VARIABLE.
                   PARAMETER    7  w_CBO RESTORED TO VARIABLE.
                   PARAMETER    6  A_CBO RESTORED TO VARIABLE.
                   PARAMETER    4  phi RESTORED TO VARIABLE.
                   PARAMETER    3  A0 RESTORED TO VARIABLE.
                   PARAMETER    1  N0 RESTORED TO VARIABLE.
 **********
 **   77 **FIX            0
 **********
 PARAMETER    0  IS UNDEFINED. IGNORED.
 **********
 **   78 **FIX            1
 **********
 **********
 **   79 **FIX            2
 **********
 PARAMETER    2  IS CONSTANT.   IGNORED.
 **********
 **   80 **FIX            3
 **********
 **********
 **   81 **FIX            4
 **********
 **********
 **   82 **FIX            5
 **********
 PARAMETER    5  IS CONSTANT.   IGNORED.
 **********
 **   83 **FIX            6
 **********
 **********
 **   84 **FIX            7
 **********
 **********
 **   85 **FIX            8
 **********
 **********
 **   86 **FIX            9
 **********
 PARAMETER    9  IS CONSTANT.   IGNORED.
 **********
 **   87 **FIX           10
 **********
 PARAMETER   10  IS CONSTANT.   IGNORED.
 **********
 **   88 **FIX           11
 **********
 PARAMETER   11  IS CONSTANT.   IGNORED.
 **********
 **   89 **FIX           12
 **********
 PARAMETER   12  IS CONSTANT.   IGNORED.
 **********
 **   90 **FIX           16
 **********
 PARAMETER   16  IS CONSTANT.   IGNORED.
 **********
 **   91 **MIGRAD
 **********
 START MIGRAD MINIMIZATION.  STRATEGY  1.  CONVERGENCE WHEN EDM .LT. 1.00e-04
 FCN=345.836 FROM MIGRAD    STATUS=INITIATE       10 CALLS         876 TOTAL
                     EDM= unknown      STRATEGY= 1      NO ERROR MATRIX       
  EXT PARAMETER               CURRENT GUESS       STEP         FIRST   
  NO.   NAME      VALUE            ERROR          SIZE      DERIVATIVE 
   1  N0           2.79259e+06     fixed    
   2  tau          6.43930e+01   constant   
   3  A0           3.56877e-01     fixed    
   4  phi          4.11682e+00     fixed    
   5  R           -6.11314e+01   constant   
   6  A_CBO        2.82040e-04     fixed    
   7  w_CBO        2.32629e+00     fixed    
   8  phi_CBO      3.14753e+00     fixed    
   9  ANx2         3.99781e-04   constant   
  10  pNx2         4.45174e+00   constant   
  11  ANy1         0.00000e+00   constant   
  12  pNy1         0.00000e+00   constant   
  13  w_y          0.00000e+00   constant   
  14  ANy2         7.10588e-05   3.16567e-04   3.16567e-04  -1.64286e+02
  15  pNy2         4.41741e+00   constant   
  16  w_vw         1.43026e+01   constant   
  17  LM          -4.33674e-04   constant   
  18  wCBO_expCoeff   2.00008e+02   4.73971e-02   9.53712e-05   7.51629e-03
  19  wCBO_expOffset   2.00001e+02   5.95806e-03   9.53680e-05  -1.96016e-01
  20  wCBO_expT    2.99983e+01   2.56608e-03   1.43043e-05  -8.87981e-02
  21  wCBO_linCoeff   0.00000e+00   constant   
  22  wCBO_const  -9.25202e-04   1.20367e-03   4.89713e-06  -3.21111e-02
 MIGRAD MINIMIZATION HAS CONVERGED.
 MIGRAD WILL VERIFY CONVERGENCE AND ERROR MATRIX.
 COVARIANCE MATRIX CALCULATED SUCCESSFULLY
 FCN=345.836 FROM MIGRAD    STATUS=CONVERGED      56 CALLS         922 TOTAL
                     EDM=7.27564e-06    STRATEGY= 1      ERROR MATRIX ACCURATE 
  EXT PARAMETER                                   STEP         FIRST   
  NO.   NAME      VALUE            ERROR          SIZE      DERIVATIVE 
   1  N0           2.79259e+06     fixed    
   2  tau          6.43930e+01   constant   
   3  A0           3.56877e-01     fixed    
   4  phi          4.11682e+00     fixed    
   5  R           -6.11314e+01   constant   
   6  A_CBO        2.82040e-04     fixed    
   7  w_CBO        2.32629e+00     fixed    
   8  phi_CBO      3.14753e+00     fixed    
   9  ANx2         3.99781e-04   constant   
  10  pNx2         4.45174e+00   constant   
  11  ANy1         0.00000e+00   constant   
  12  pNy1         0.00000e+00   constant   
  13  w_y          0.00000e+00   constant   
  14  ANy2         7.92383e-05   3.16319e-04   2.86953e-06  -3.00680e-03
  15  pNy2         4.41741e+00   constant   
  16  w_vw         1.43026e+01   constant   
  17  LM          -4.33674e-04   constant   
  18  wCBO_expCoeff   2.00008e+02   4.69647e-02   9.53712e-05  -1.38780e-03
  19  wCBO_expOffset   2.00001e+02   5.89245e-03   9.53680e-05  -7.73062e-02
  20  wCBO_expT    2.99983e+01   2.56832e-03   1.43043e-05  -1.73019e+00
  21  wCBO_linCoeff   0.00000e+00   constant   
  22  wCBO_const  -9.25197e-04   1.20376e-03   4.89713e-06  -7.69899e-01
 EXTERNAL ERROR MATRIX.    NDIM=  25    NPAR=  5    ERR DEF=1
  1.001e-07 -6.601e-07  2.484e-08  5.518e-08 -1.685e-08 
 -6.601e-07  2.206e-03 -2.403e-04 -6.580e-05  1.988e-05 
  2.484e-08 -2.403e-04  3.472e-05  1.176e-06 -4.323e-07 
  5.518e-08 -6.580e-05  1.176e-06  6.596e-06 -2.329e-06 
 -1.685e-08  1.988e-05 -4.323e-07 -2.329e-06  1.449e-06 
 PARAMETER  CORRELATION COEFFICIENTS  
       NO.  GLOBAL     14     18     19     20     22
       14  0.06930   1.000 -0.044  0.013  0.068 -0.044
       18  0.99625  -0.044  1.000 -0.868 -0.546  0.352
       19  0.99463   0.013 -0.868  1.000  0.078 -0.061
       20  0.98963   0.068 -0.546  0.078  1.000 -0.753
       22  0.89437  -0.044  0.352 -0.061 -0.753  1.000
MINUIT - FIT ALTOGETHER
 **********
 **   92 **RES 
 **********
                   PARAMETER    8  phi_CBO RESTORED TO VARIABLE.
                   PARAMETER    7  w_CBO RESTORED TO VARIABLE.
                   PARAMETER    6  A_CBO RESTORED TO VARIABLE.
                   PARAMETER    4  phi RESTORED TO VARIABLE.
                   PARAMETER    3  A0 RESTORED TO VARIABLE.
                   PARAMETER    1  N0 RESTORED TO VARIABLE.
 **********
 **   93 **MIGRAD
 **********
 START MIGRAD MINIMIZATION.  STRATEGY  1.  CONVERGENCE WHEN EDM .LT. 1.00e-04
 FCN=345.836 FROM MIGRAD    STATUS=INITIATE       22 CALLS         944 TOTAL
                     EDM= unknown      STRATEGY= 1      NO ERROR MATRIX       
  EXT PARAMETER               CURRENT GUESS       STEP         FIRST   
  NO.   NAME      VALUE            ERROR          SIZE      DERIVATIVE 
   1  N0           2.79259e+06   6.19981e+02   6.19981e+02  -2.09518e-04
   2  tau          6.43930e+01   constant   
   3  A0           3.56877e-01   2.96679e-04   2.96679e-04   1.78058e+03
   4  phi          4.11682e+00   8.64730e-04   8.64730e-04  -1.20212e+03
   5  R           -6.11314e+01   constant   
   6  A_CBO        2.82040e-04   3.47911e-04   3.47911e-04  -1.41908e+03
   7  w_CBO        2.32629e+00   4.28167e-04   4.28167e-04  -5.43510e-01
   8  phi_CBO      3.14753e+00   1.11475e+00   1.11475e+00   1.09693e-03
   9  ANx2         3.99781e-04   constant   
  10  pNx2         4.45174e+00   constant   
  11  ANy1         0.00000e+00   constant   
  12  pNy1         0.00000e+00   constant   
  13  w_y          0.00000e+00   constant   
  14  ANy2         7.92383e-05   3.16319e-04   2.86953e-06  -3.00668e-03
  15  pNy2         4.41741e+00   constant   
  16  w_vw         1.43026e+01   constant   
  17  LM          -4.33674e-04   constant   
  18  wCBO_expCoeff   2.00008e+02   4.69647e-02   9.53712e-05  -2.30338e-03
  19  wCBO_expOffset   2.00001e+02   5.89245e-03   9.53680e-05  -2.78669e-01
  20  wCBO_expT    2.99983e+01   2.56832e-03   1.43043e-05  -1.79183e+00
  21  wCBO_linCoeff   0.00000e+00   constant   
  22  wCBO_const  -9.25197e-04   1.20376e-03   4.89713e-06  -7.68924e-01
 MIGRAD MINIMIZATION HAS CONVERGED.
 FCN=345.459 FROM MIGRAD    STATUS=CONVERGED     192 CALLS        1114 TOTAL
                     EDM=2.06628e-06    STRATEGY= 1  ERROR MATRIX UNCERTAINTY   1.4 per cent
  EXT PARAMETER                                   STEP         FIRST   
  NO.   NAME      VALUE            ERROR          SIZE      DERIVATIVE 
   1  N0           2.79262e+06   6.30269e+02  -2.12623e+00   3.14177e-06
   2  tau          6.43930e+01   constant   
