 + ++++++++++++++++++++++++++++++++++++++++++++++++++++++++++++++++++++ +
 +                                                                      +
 +           You have chose to blind your fitting according to          +
 +                omega_ref * (1 + (R +/- deltaR) *10^{-6})             +
 +                                                                      +
 + ++++++++++++++++++++++++++++++++++++++++++++++++++++++++++++++++++++ +
In main()...
reading format from /gm2data/zkhechad/run45/envelope/formats/formatB_sBin_constraintOn.txt
pBinTau 	= 0  
pBinPhi 	= 0  
constraintau 	= 1 
includeMopTerm 	= 0    
constrainMop    = 0   
Parameters after format file: pBinTau 0 pBinPhi 0 constraintau 1 includeMopTerm 0 constrainMop 0 c_e_scale 0.000000 
reading cbo reference file (full fit) from /gm2data/zkhechad/cboTemplates/Run4CBOTemplates/fullFits/run4/sBin_constraintOn_cE0.0_seed0_run4_calo12.root
A_CBO 0.007990 w_CBO 2.327632 phi_CBO 5.471864 N0 3435893.469287 R -59.911173 tau 64.398066 
Reading cboRef file /gm2data/zkhechad/cboTemplates/Run4CBOTemplates//cboIsolate/run4_calo12.root
deltaT 164.120000
windowBins = 1100
fitting sliding window 1820 from bin 2023 at 301.831600 to bin 3123 at 465.951600 (1100 bins)

Reading data from /gm2data/cornell/histograms/aMethod/histogram_a_run4.root
fitting cbo isolate
 **********
 **    1 **SET PRINTOUT            1
 **********
 **********
 **    2 **SET NOWARNINGS 
 **********
 PARAMETER DEFINITIONS:
    NO.   NAME         VALUE      STEP SIZE      LIMITS
     1 A_CBO        7.98954e-03  1.00000e-05     no limits
     2 w_CBO        2.32763e+00  1.00000e-02    2.00000e+00  3.00000e+00
     3 phi_CBO      5.47186e+00  1.00000e-02    0.00000e+00  6.28319e+00
 **********
 **    3 **MIGRAD
 **********
 FIRST CALL TO USER FUNCTION AT NEW START POINT, WITH IFLAG=4.
 START MIGRAD MINIMIZATION.  STRATEGY  1.  CONVERGENCE WHEN EDM .LT. 1.00e-04
 FCN=0.0797995 FROM MIGRAD    STATUS=INITIATE       12 CALLS          13 TOTAL
                     EDM= unknown      STRATEGY= 1      NO ERROR MATRIX       
  EXT PARAMETER               CURRENT GUESS       STEP         FIRST   
  NO.   NAME      VALUE            ERROR          SIZE      DERIVATIVE 
   1  A_CBO        7.98954e-03   1.00000e-05   1.00000e-05   5.84281e+00
   2  w_CBO        2.32763e+00   1.00000e-02   2.13083e-02   8.00038e-01
   3  phi_CBO      5.47186e+00   1.00000e-02   4.74617e-03  -8.42630e-03
 MIGRAD MINIMIZATION HAS CONVERGED.
 MIGRAD WILL VERIFY CONVERGENCE AND ERROR MATRIX.
 COVARIANCE MATRIX CALCULATED SUCCESSFULLY
 FCN=0.0641712 FROM HESSE     STATUS=OK             16 CALLS          50 TOTAL
                     EDM=6.96739e-05    STRATEGY= 1      ERROR MATRIX ACCURATE 
  EXT PARAMETER                                   STEP         FIRST   
  NO.   NAME      VALUE            ERROR          SIZE      DERIVATIVE 
   1  A_CBO        2.66908e-03   4.33857e-02   2.14621e-05  -6.45319e-02
   2  w_CBO        2.32737e+00   2.94017e-01   4.36606e-05   1.43233e-02
   3  phi_CBO      5.54752e+00   3.18715e+00   4.40608e-03   1.02153e-04
 MIGRAD MINIMIZATION HAS CONVERGED.
 MIGRAD WILL VERIFY CONVERGENCE AND ERROR MATRIX.
 COVARIANCE MATRIX CALCULATED SUCCESSFULLY
 FCN=0.0641053 FROM MIGRAD    STATUS=CONVERGED      97 CALLS          98 TOTAL
                     EDM=8.25898e-06    STRATEGY= 1      ERROR MATRIX ACCURATE 
  EXT PARAMETER                                   STEP         FIRST   
  NO.   NAME      VALUE            ERROR          SIZE      DERIVATIVE 
   1  A_CBO        2.79323e-03   4.27717e-02   2.14608e-05   4.86745e-02
   2  w_CBO        2.32531e+00   2.87337e-01   4.27094e-05  -6.89408e-04
   3  phi_CBO      4.74820e+00   4.26688e+00   2.90648e-03   9.23198e-05
 EXTERNAL ERROR MATRIX.    NDIM=  25    NPAR=  3    ERR DEF=1
  1.829e-03 -1.158e-03 -4.537e-01 
 -1.158e-03  9.568e-02  3.704e+01 
 -4.537e-01  3.704e+01  1.458e+04 
 PARAMETER  CORRELATION COEFFICIENTS  
       NO.  GLOBAL      1      2      3
        1  0.08789   1.000 -0.088 -0.088
        2  0.99181  -0.088  1.000  0.992
        3  0.99181  -0.088  0.992  1.000
setting A_CBO=0.002793 w_CBO=2.325310, phi_CBO=4.748198
done fitting cbo isolate
 **********
 **    1 **SET PRINTOUT            1
 **********
 **********
 **    2 **SET NOWARNINGS 
 **********
 PARAMETER DEFINITIONS:
    NO.   NAME         VALUE      STEP SIZE      LIMITS
     1 N0           3.43589e+06  1.00000e+02     no limits
     2 tau          6.43981e+01  constant
     3 A0           3.53663e-01  1.00000e-04     no limits
     4 phi          4.11774e+00  1.00000e-02     no limits
     5 R           -5.99112e+01  constant
     6 A_CBO        2.79323e-03  1.00000e-05     no limits
     7 w_CBO        2.32531e+00  1.00000e-03     no limits
     8 phi_CBO      4.74820e+00  1.00000e-04     no limits
     9 ANx2         3.16301e-04  constant
    10 pNx2         1.53957e+00  constant
    11 ANy1         0.00000e+00  constant
    12 pNy1         0.00000e+00  constant
    13 w_y          0.00000e+00  constant
    14 ANy2         1.02217e-02  1.00000e-04     no limits
    15 pNy2         1.44040e+00  constant
    16 w_vw         1.43192e+01  constant
    17 LM          -2.49463e-04  constant
    18 wCBO_expCoeff   2.00000e+02  1.00000e+00     no limits
    19 wCBO_expOffset   2.00000e+02  1.00000e+00     no limits
    20 wCBO_expT    3.00000e+01  1.00000e+00     no limits
    21 wCBO_linCoeff   0.00000e+00  constant
    22 wCBO_const   0.00000e+00  1.00000e-02     no limits
MINUIT - FIT ONLY WIGGLE
 **********
 **    3 **FIX            5
 **********
 PARAMETER    5  IS CONSTANT.   IGNORED.
 **********
 **    4 **FIX            6
 **********
 **********
 **    5 **FIX            7
 **********
 **********
 **    6 **FIX            8
 **********
 **********
 **    7 **FIX            9
 **********
 PARAMETER    9  IS CONSTANT.   IGNORED.
 **********
 **    8 **FIX           10
 **********
 PARAMETER   10  IS CONSTANT.   IGNORED.
 **********
 **    9 **FIX           11
 **********
 PARAMETER   11  IS CONSTANT.   IGNORED.
 **********
 **   10 **FIX           12
 **********
 PARAMETER   12  IS CONSTANT.   IGNORED.
 **********
 **   11 **FIX           13
 **********
 PARAMETER   13  IS CONSTANT.   IGNORED.
 **********
 **   12 **FIX           14
 **********
 **********
 **   13 **FIX           15
 **********
 PARAMETER   15  IS CONSTANT.   IGNORED.
 **********
 **   14 **FIX           16
 **********
 PARAMETER   16  IS CONSTANT.   IGNORED.
 **********
 **   15 **MIGRAD
 **********
 FIRST CALL TO USER FUNCTION AT NEW START POINT, WITH IFLAG=4.
 START MIGRAD MINIMIZATION.  STRATEGY  1.  CONVERGENCE WHEN EDM .LT. 1.00e-04
 FCN=858.628 FROM MIGRAD    STATUS=INITIATE       56 CALLS          57 TOTAL
                     EDM= unknown      STRATEGY= 1      NO ERROR MATRIX       
  EXT PARAMETER               CURRENT GUESS       STEP         FIRST   
  NO.   NAME      VALUE            ERROR          SIZE      DERIVATIVE 
   1  N0           3.43589e+06   1.00000e+02   0.00000e+00   1.43203e-04
   2  tau          6.43981e+01   constant   
   3  A0           3.53663e-01   1.00000e-04   0.00000e+00  -5.72156e+03
   4  phi          4.11774e+00   1.00000e-02   0.00000e+00  -5.94479e+02
   5  R           -5.99112e+01   constant   
   6  A_CBO        2.79323e-03     fixed    
   7  w_CBO        2.32531e+00     fixed    
   8  phi_CBO      4.74820e+00     fixed    
   9  ANx2         3.16301e-04   constant   
  10  pNx2         1.53957e+00   constant   
  11  ANy1         0.00000e+00   constant   
  12  pNy1         0.00000e+00   constant   
  13  w_y          0.00000e+00   constant   
  14  ANy2         1.02217e-02     fixed    
  15  pNy2         1.44040e+00   constant   
  16  w_vw         1.43192e+01   constant   
  17  LM          -2.49463e-04   constant   
  18  wCBO_expCoeff   1.99884e+02   1.00000e+00  -1.15872e-01  -5.24573e+01
  19  wCBO_expOffset   2.00000e+02   1.00000e+00   0.00000e+00  -3.49477e+02
  20  wCBO_expT    3.00000e+01   1.00000e+00   0.00000e+00  -1.17297e+03
  21  wCBO_linCoeff   0.00000e+00   constant   
  22  wCBO_const   0.00000e+00   1.00000e-02   0.00000e+00  -6.06545e+03
 MIGRAD MINIMIZATION HAS CONVERGED.
 FCN=847.208 FROM MIGRAD    STATUS=CONVERGED     205 CALLS         206 TOTAL
                     EDM=3.73996e-06    STRATEGY= 1  ERROR MATRIX UNCERTAINTY   2.0 per cent
  EXT PARAMETER                                   STEP         FIRST   
  NO.   NAME      VALUE            ERROR          SIZE      DERIVATIVE 
   1  N0           3.43588e+06   1.14342e+03  -5.12339e+00  -1.20390e-06
   2  tau          6.43981e+01   constant   
   3  A0           3.54088e-01   4.40693e-04  -4.71546e-06   4.04743e+00
   4  phi          4.11805e+00   1.30433e-03   2.53490e-05  -1.16580e+00
   5  R           -5.99112e+01   constant   
   6  A_CBO        2.79323e-03     fixed    
   7  w_CBO        2.32531e+00     fixed    
   8  phi_CBO      4.74820e+00     fixed    
   9  ANx2         3.16301e-04   constant   
  10  pNx2         1.53957e+00   constant   
  11  ANy1         0.00000e+00   constant   
  12  pNy1         0.00000e+00   constant   
  13  w_y          0.00000e+00   constant   
  14  ANy2         1.02217e-02     fixed    
  15  pNy2         1.44040e+00   constant   
  16  w_vw         1.43192e+01   constant   
  17  LM          -2.49463e-04   constant   
  18  wCBO_expCoeff   2.00224e+02   1.44381e-01  -2.09704e-03   6.58616e-02
  19  wCBO_expOffset   2.00051e+02   2.16475e-02  -3.14340e-04   4.23071e-01
  20  wCBO_expT    2.99687e+01   1.24569e-02   1.75335e-04   1.81894e+00
  21  wCBO_linCoeff   0.00000e+00   constant   
  22  wCBO_const   2.27002e-03   6.81130e-04   1.13657e-07   6.27277e+00
 EXTERNAL ERROR MATRIX.    NDIM=  25    NPAR=  7    ERR DEF=1
  1.307e+06  1.868e-02  1.860e-02 -8.845e+00 -1.327e+00  6.915e-01  6.618e-03 
  1.868e-02  1.942e-07 -8.494e-10 -5.536e-06 -8.301e-07  4.859e-07 -2.008e-08 
  1.860e-02 -8.494e-10  1.701e-06 -6.604e-06 -9.893e-07  5.225e-07 -2.536e-08 
 -8.845e+00 -5.536e-06 -6.604e-06  2.085e-02  3.088e-03 -1.785e-03  5.881e-05 
 -1.327e+00 -8.301e-07 -9.893e-07  3.088e-03  4.686e-04 -2.677e-04  8.816e-06 
  6.915e-01  4.859e-07  5.225e-07 -1.785e-03 -2.677e-04  1.552e-04 -5.593e-06 
  6.618e-03 -2.008e-08 -2.536e-08  5.881e-05  8.816e-06 -5.593e-06  4.639e-07 
 PARAMETER  CORRELATION COEFFICIENTS  
       NO.  GLOBAL      1      3      4     18     19     20     22
        1  0.08429   1.000  0.037  0.012 -0.054 -0.054  0.049  0.008
        3  0.09543   0.037  1.000 -0.001 -0.087 -0.087  0.089 -0.067
        4  0.08009   0.012 -0.001  1.000 -0.035 -0.035  0.032 -0.029
       18  0.99612  -0.054 -0.087 -0.035  1.000  0.988 -0.993  0.598
       19  0.99612  -0.054 -0.087 -0.035  0.988  1.000 -0.993  0.598
       20  0.99872   0.049  0.089  0.032 -0.993 -0.993  1.000 -0.659
       22  0.89967   0.008 -0.067 -0.029  0.598  0.598 -0.659  1.000
MINUIT - FIT ONLY 1-CBO + other amplitudes 
 **********
 **   16 **RES 
 **********
                   PARAMETER   14  ANy2 RESTORED TO VARIABLE.
                   PARAMETER    8  phi_CBO RESTORED TO VARIABLE.
                   PARAMETER    7  w_CBO RESTORED TO VARIABLE.
                   PARAMETER    6  A_CBO RESTORED TO VARIABLE.
 **********
 **   17 **FIX            0
 **********
 PARAMETER    0  IS UNDEFINED. IGNORED.
 **********
 **   18 **FIX            1
 **********
 **********
 **   19 **FIX            2
 **********
 PARAMETER    2  IS CONSTANT.   IGNORED.
 **********
 **   20 **FIX            3
 **********
 **********
 **   21 **FIX            4
 **********
 **********
 **   22 **FIX            9
 **********
 PARAMETER    9  IS CONSTANT.   IGNORED.
 **********
 **   23 **FIX           11
 **********
 PARAMETER   11  IS CONSTANT.   IGNORED.
 **********
 **   24 **FIX           12
 **********
 PARAMETER   12  IS CONSTANT.   IGNORED.
 **********
 **   25 **FIX           14
 **********
 **********
 **   26 **FIX           15
 **********
 PARAMETER   15  IS CONSTANT.   IGNORED.
 **********
 **   27 **FIX           16
 **********
 PARAMETER   16  IS CONSTANT.   IGNORED.
 **********
 **   28 **MIGRAD
 **********
 START MIGRAD MINIMIZATION.  STRATEGY  1.  CONVERGENCE WHEN EDM .LT. 1.00e-04
 FCN=847.208 FROM MIGRAD    STATUS=INITIATE       20 CALLS         226 TOTAL
                     EDM= unknown      STRATEGY= 1      NO ERROR MATRIX       
  EXT PARAMETER               CURRENT GUESS       STEP         FIRST   
  NO.   NAME      VALUE            ERROR          SIZE      DERIVATIVE 
   1  N0           3.43588e+06     fixed    
   2  tau          6.43981e+01   constant   
   3  A0           3.54088e-01     fixed    
   4  phi          4.11805e+00     fixed    
   5  R           -5.99112e+01   constant   
   6  A_CBO        2.79323e-03   1.00000e-05   1.00000e-05   1.33211e+04
   7  w_CBO        2.32531e+00   1.00000e-03   1.00000e-03   8.37707e+00
   8  phi_CBO      4.74820e+00   1.00000e-04   1.00000e-04  -9.30380e-01
   9  ANx2         3.16301e-04   constant   
  10  pNx2         1.53957e+00   constant   
  11  ANy1         0.00000e+00   constant   
  12  pNy1         0.00000e+00   constant   
  13  w_y          0.00000e+00   constant   
  14  ANy2         1.02217e-02     fixed    
  15  pNy2         1.44040e+00   constant   
  16  w_vw         1.43192e+01   constant   
  17  LM          -2.49463e-04   constant   
  18  wCBO_expCoeff   2.00224e+02   1.44381e-01  -2.09704e-03   6.58619e-02
  19  wCBO_expOffset   2.00051e+02   2.16475e-02  -3.14340e-04   4.23071e-01
  20  wCBO_expT    2.99687e+01   1.24569e-02   1.75335e-04   1.81894e+00
  21  wCBO_linCoeff   0.00000e+00   constant   
  22  wCBO_const   2.27002e-03   6.81130e-04   1.13657e-07   6.27277e+00
 MIGRAD MINIMIZATION HAS CONVERGED.
 MIGRAD WILL VERIFY CONVERGENCE AND ERROR MATRIX.
 COVARIANCE MATRIX CALCULATED SUCCESSFULLY
 FCN=836.023 FROM MIGRAD    STATUS=CONVERGED     378 CALLS         584 TOTAL
                     EDM=4.73752e-08    STRATEGY= 1      ERROR MATRIX ACCURATE 
  EXT PARAMETER                                   STEP         FIRST   
  NO.   NAME      VALUE            ERROR          SIZE      DERIVATIVE 
   1  N0           3.43588e+06     fixed    
   2  tau          6.43981e+01   constant   
   3  A0           3.54088e-01     fixed    
   4  phi          4.11805e+00     fixed    
   5  R           -5.99112e+01   constant   
   6  A_CBO        1.22326e-03   4.84021e-04   6.72551e-06   1.10777e-01
   7  w_CBO        2.32481e+00   3.18817e-03   3.01112e-06  -7.97238e-01
   8  phi_CBO      5.52443e+00   7.78394e-01   5.35705e-03   1.63235e-04
   9  ANx2         3.16301e-04   constant   
  10  pNx2         1.53957e+00   constant   
  11  ANy1         0.00000e+00   constant   
  12  pNy1         0.00000e+00   constant   
  13  w_y          0.00000e+00   constant   
  14  ANy2         1.02217e-02     fixed    
  15  pNy2         1.44040e+00   constant   
  16  w_vw         1.43192e+01   constant   
  17  LM          -2.49463e-04   constant   
  18  wCBO_expCoeff   2.00147e+02   2.87462e-01   3.20438e-04  -7.23519e-03
  19  wCBO_expOffset   2.00039e+02   3.44349e-02   9.53862e-05  -4.85204e-02
  20  wCBO_expT    2.99769e+01   1.04102e-02   1.42941e-05  -2.05198e-01
  21  wCBO_linCoeff   0.00000e+00   constant   
  22  wCBO_const   3.23864e-03   1.72637e-03   5.90907e-06  -4.03869e-01
 EXTERNAL ERROR MATRIX.    NDIM=  25    NPAR=  7    ERR DEF=1
  2.343e-07  7.750e-08 -4.915e-06  7.483e-06  2.375e-07 -5.531e-07 -6.379e-08 
  7.750e-08  1.016e-05  1.346e-04 -4.204e-04 -3.064e-05 -1.038e-05 -3.980e-06 
 -4.915e-06  1.346e-04  6.059e-01  1.413e-02  1.918e-03 -1.684e-03  5.990e-04 
  7.483e-06 -4.204e-04  1.413e-02  8.263e-02 -3.129e-03 -1.061e-03  2.237e-04 
  2.375e-07 -3.064e-05  1.918e-03 -3.129e-03  1.186e-03 -8.822e-05  1.726e-05 
 -5.531e-07 -1.038e-05 -1.684e-03 -1.061e-03 -8.822e-05  1.084e-04 -1.144e-06 
 -6.379e-08 -3.980e-06  5.990e-04  2.237e-04  1.726e-05 -1.144e-06  2.980e-06 
 PARAMETER  CORRELATION COEFFICIENTS  
       NO.  GLOBAL      6      7      8     18     19     20     22
        6  0.18037   1.000  0.050 -0.013  0.054  0.014 -0.110 -0.076
        7  0.99776   0.050  1.000  0.054 -0.459 -0.279 -0.313 -0.723
        8  0.87323  -0.013  0.054  1.000  0.063  0.072 -0.208  0.446
       18  0.99688   0.054 -0.459  0.063  1.000 -0.316 -0.355  0.451
       19  0.99512   0.014 -0.279  0.072 -0.316  1.000 -0.246  0.290
       20  0.99626  -0.110 -0.313 -0.208 -0.355 -0.246  1.000 -0.064
       22  0.97019  -0.076 -0.723  0.446  0.451  0.290 -0.064  1.000
MINUIT - FIT ONLY 1-CBO
 **********
 **   29 **RES 
 **********
                   PARAMETER   14  ANy2 RESTORED TO VARIABLE.
                   PARAMETER    4  phi RESTORED TO VARIABLE.
                   PARAMETER    3  A0 RESTORED TO VARIABLE.
                   PARAMETER    1  N0 RESTORED TO VARIABLE.
 **********
 **   30 **FIX            0
 **********
 PARAMETER    0  IS UNDEFINED. IGNORED.
 **********
 **   31 **FIX            1
 **********
 **********
 **   32 **FIX            2
 **********
 PARAMETER    2  IS CONSTANT.   IGNORED.
 **********
 **   33 **FIX            3
 **********
 **********
 **   34 **FIX            4
 **********
 **********
 **   35 **FIX            8
 **********
 **********
 **   36 **FIX            9
 **********
 PARAMETER    9  IS CONSTANT.   IGNORED.
 **********
 **   37 **FIX           11
 **********
 PARAMETER   11  IS CONSTANT.   IGNORED.
 **********
 **   38 **FIX           12
 **********
 PARAMETER   12  IS CONSTANT.   IGNORED.
 **********
 **   39 **FIX           13
 **********
 PARAMETER   13  IS CONSTANT.   IGNORED.
 **********
 **   40 **FIX           15
 **********
 PARAMETER   15  IS CONSTANT.   IGNORED.
 **********
 **   41 **FIX           16
 **********
 PARAMETER   16  IS CONSTANT.   IGNORED.
 **********
 **   42 **MIGRAD
 **********
 START MIGRAD MINIMIZATION.  STRATEGY  1.  CONVERGENCE WHEN EDM .LT. 1.00e-04
 FCN=836.023 FROM MIGRAD    STATUS=INITIATE       16 CALLS         600 TOTAL
                     EDM= unknown      STRATEGY= 1      NO ERROR MATRIX       
  EXT PARAMETER               CURRENT GUESS       STEP         FIRST   
  NO.   NAME      VALUE            ERROR          SIZE      DERIVATIVE 
   1  N0           3.43588e+06     fixed    
   2  tau          6.43981e+01   constant   
   3  A0           3.54088e-01     fixed    
   4  phi          4.11805e+00     fixed    
   5  R           -5.99112e+01   constant   
   6  A_CBO        1.22326e-03   4.84021e-04   6.72551e-06   1.10777e-01
   7  w_CBO        2.32481e+00   3.18817e-03   3.01112e-06  -8.08355e-01
   8  phi_CBO      5.52443e+00     fixed    
   9  ANx2         3.16301e-04   constant   
  10  pNx2         1.53957e+00   constant   
  11  ANy1         0.00000e+00   constant   
  12  pNy1         0.00000e+00   constant   
  13  w_y          0.00000e+00   constant   
  14  ANy2         1.02217e-02   1.00000e-04   1.00000e-04   9.40740e+04
  15  pNy2         1.44040e+00   constant   
  16  w_vw         1.43192e+01   constant   
  17  LM          -2.49463e-04   constant   
  18  wCBO_expCoeff   2.00147e+02   2.87462e-01   3.20438e-04  -7.36899e-03
  19  wCBO_expOffset   2.00039e+02   3.44349e-02   9.53862e-05  -7.05610e-02
  20  wCBO_expT    2.99769e+01   1.04102e-02   1.42941e-05  -2.24038e-01
  21  wCBO_linCoeff   0.00000e+00   constant   
  22  wCBO_const   3.23864e-03   1.72637e-03   5.90907e-06  -3.99751e-01
 MIGRAD MINIMIZATION HAS CONVERGED.
 MIGRAD WILL VERIFY CONVERGENCE AND ERROR MATRIX.
 FCN=341.956 FROM MIGRAD    STATUS=CONVERGED     253 CALLS         837 TOTAL
                     EDM=6.93561e-06    STRATEGY= 1      ERR MATRIX NOT POS-DEF
  EXT PARAMETER                APPROXIMATE        STEP         FIRST   
  NO.   NAME      VALUE            ERROR          SIZE      DERIVATIVE 
   1  N0           3.43588e+06     fixed    
   2  tau          6.43981e+01   constant   
   3  A0           3.54088e-01     fixed    
   4  phi          4.11805e+00     fixed    
   5  R           -5.99112e+01   constant   
   6  A_CBO        3.02942e-04   4.75805e-04   4.26917e-06   3.84382e+00
   7  w_CBO        2.32331e+00   5.49408e-03   4.20454e-06   4.86724e+00
   8  phi_CBO      5.52443e+00     fixed    
   9  ANx2         3.16301e-04   constant   
  10  pNx2         1.53957e+00   constant   
  11  ANy1         0.00000e+00   constant   
  12  pNy1         0.00000e+00   constant   
  13  w_y          0.00000e+00   constant   
  14  ANy2        -2.92710e-04   4.71524e-04   4.24872e-06   9.52409e-01
  15  pNy2         1.44040e+00   constant   
  16  w_vw         1.43192e+01   constant   
  17  LM          -2.49463e-04   constant   
  18  wCBO_expCoeff   1.99940e+02   6.02081e-01   4.59328e-04   3.59575e-02
  19  wCBO_expOffset   2.00008e+02   9.00149e-02   9.53715e-05   2.39718e-01
  20  wCBO_expT    3.00002e+01   1.78048e-02   1.83189e-05   9.51890e-01
  21  wCBO_linCoeff   0.00000e+00   constant   
  22  wCBO_const   3.92047e-03   2.53423e-03   6.42944e-06   4.10295e+00
 EXTERNAL ERROR MATRIX.    NDIM=  25    NPAR=  7    ERR DEF=1
  2.264e-07  3.718e-08  6.790e-09  3.999e-06  3.306e-07 -3.003e-07  9.266e-09 
  3.718e-08  3.018e-05  7.618e-09 -1.079e-03 -1.641e-04 -1.838e-05 -1.225e-05 
  6.790e-09  7.618e-09  2.223e-07  1.064e-06  1.761e-07 -2.345e-07  9.287e-09 
  3.999e-06 -1.079e-03  1.064e-06  3.625e-01 -3.013e-02 -2.915e-03  5.625e-04 
  3.306e-07 -1.641e-04  1.761e-07 -3.013e-02  8.103e-03 -4.130e-04  8.482e-05 
 -3.003e-07 -1.838e-05 -2.345e-07 -2.915e-03 -4.130e-04  3.170e-04 -5.224e-06 
  9.266e-09 -1.225e-05  9.287e-09  5.625e-04  8.482e-05 -5.224e-06  6.422e-06 
ERR MATRIX NOT POS-DEF
 PARAMETER  CORRELATION COEFFICIENTS  
       NO.  GLOBAL      6      7     14     18     19     20     22
        6  0.14276   1.000  0.014  0.030  0.014  0.008 -0.035  0.008
        7  0.99643   0.014  1.000  0.003 -0.326 -0.332 -0.188 -0.880
       14  0.10882   0.030  0.003  1.000  0.004  0.004 -0.028  0.008
       18  0.99645   0.014 -0.326  0.004  1.000 -0.556 -0.272  0.369
       19  0.99643   0.008 -0.332  0.004 -0.556  1.000 -0.258  0.372
       20  0.99354  -0.035 -0.188 -0.028 -0.272 -0.258  1.000 -0.116
       22  0.95979   0.008 -0.880  0.008  0.369  0.372 -0.116  1.000
 ERR MATRIX NOT POS-DEF
MINUIT - FIT ONLY 2-CBO
 **********
 **   43 **RES 
 **********
                   PARAMETER    8  phi_CBO RESTORED TO VARIABLE.
                   PARAMETER    4  phi RESTORED TO VARIABLE.
                   PARAMETER    3  A0 RESTORED TO VARIABLE.
                   PARAMETER    1  N0 RESTORED TO VARIABLE.
 **********
 **   44 **FIX            0
 **********
 PARAMETER    0  IS UNDEFINED. IGNORED.
 **********
 **   45 **FIX            1
 **********
 **********
 **   46 **FIX            2
 **********
 PARAMETER    2  IS CONSTANT.   IGNORED.
 **********
 **   47 **FIX            3
 **********
 **********
 **   48 **FIX            4
 **********
 **********
 **   49 **FIX            5
 **********
 PARAMETER    5  IS CONSTANT.   IGNORED.
 **********
 **   50 **FIX            6
 **********
 **********
 **   51 **FIX            7
 **********
 **********
 **   52 **FIX           10
 **********
 PARAMETER   10  IS CONSTANT.   IGNORED.
 **********
 **   53 **FIX           11
 **********
 PARAMETER   11  IS CONSTANT.   IGNORED.
 **********
 **   54 **FIX           12
 **********
 PARAMETER   12  IS CONSTANT.   IGNORED.
 **********
 **   55 **FIX           13
 **********
 PARAMETER   13  IS CONSTANT.   IGNORED.
 **********
 **   56 **FIX           14
 **********
 **********
 **   57 **FIX           15
 **********
 PARAMETER   15  IS CONSTANT.   IGNORED.
 **********
 **   58 **FIX           16
 **********
 PARAMETER   16  IS CONSTANT.   IGNORED.
 **********
 **   59 **MIGRAD
 **********
 START MIGRAD MINIMIZATION.  STRATEGY  1.  CONVERGENCE WHEN EDM .LT. 1.00e-04
 FCN=341.956 FROM MIGRAD    STATUS=INITIATE       12 CALLS         849 TOTAL
                     EDM= unknown      STRATEGY= 1      NO ERROR MATRIX       
  EXT PARAMETER               CURRENT GUESS       STEP         FIRST   
  NO.   NAME      VALUE            ERROR          SIZE      DERIVATIVE 
   1  N0           3.43588e+06     fixed    
   2  tau          6.43981e+01   constant   
   3  A0           3.54088e-01     fixed    
   4  phi          4.11805e+00     fixed    
   5  R           -5.99112e+01   constant   
   6  A_CBO        3.02942e-04     fixed    
   7  w_CBO        2.32331e+00     fixed    
   8  phi_CBO      5.52443e+00   7.78394e-01   7.78394e-01   3.22731e-01
   9  ANx2         3.16301e-04   constant   
  10  pNx2         1.53957e+00   constant   
  11  ANy1         0.00000e+00   constant   
  12  pNy1         0.00000e+00   constant   
  13  w_y          0.00000e+00   constant   
  14  ANy2        -2.92710e-04     fixed    
  15  pNy2         1.44040e+00   constant   
  16  w_vw         1.43192e+01   constant   
  17  LM          -2.49463e-04   constant   
  18  wCBO_expCoeff   1.99940e+02   6.02081e-01   4.59328e-04   3.59818e-02
  19  wCBO_expOffset   2.00008e+02   9.00149e-02   9.53715e-05   2.39964e-01
  20  wCBO_expT    3.00002e+01   1.78048e-02   1.83189e-05   9.50046e-01
  21  wCBO_linCoeff   0.00000e+00   constant   
  22  wCBO_const   3.92047e-03   2.53423e-03   6.42944e-06   4.09718e+00
 MIGRAD MINIMIZATION HAS CONVERGED.
 MIGRAD WILL VERIFY CONVERGENCE AND ERROR MATRIX.
 FCN=341.834 FROM MIGRAD    STATUS=CONVERGED     133 CALLS         970 TOTAL
                     EDM=4.5751e-07    STRATEGY= 1      ERR MATRIX NOT POS-DEF
  EXT PARAMETER                APPROXIMATE        STEP         FIRST   
  NO.   NAME      VALUE            ERROR          SIZE      DERIVATIVE 
   1  N0           3.43588e+06     fixed    
   2  tau          6.43981e+01   constant   
   3  A0           3.54088e-01     fixed    
   4  phi          4.11805e+00     fixed    
   5  R           -5.99112e+01   constant   
   6  A_CBO        3.02942e-04     fixed    
   7  w_CBO        2.32331e+00     fixed    
   8  phi_CBO      4.81424e+00   1.73823e+00   1.30995e-02  -3.31261e-04
   9  ANx2         3.16301e-04   constant   
  10  pNx2         1.53957e+00   constant   
  11  ANy1         0.00000e+00   constant   
  12  pNy1         0.00000e+00   constant   
  13  w_y          0.00000e+00   constant   
  14  ANy2        -2.92710e-04     fixed    
  15  pNy2         1.44040e+00   constant   
  16  w_vw         1.43192e+01   constant   
  17  LM          -2.49463e-04   constant   
  18  wCBO_expCoeff   1.99867e+02   6.82332e-01   5.00030e-04  -1.28571e-03
  19  wCBO_expOffset   1.99998e+02   1.04241e-01   9.53662e-05  -8.54292e-03
  20  wCBO_expT    3.00069e+01   1.89318e-02   1.98474e-05   2.18498e-02
  21  wCBO_linCoeff   0.00000e+00   constant   
  22  wCBO_const   3.44249e-03   1.29554e-03   6.31890e-06   8.95242e-01
 EXTERNAL ERROR MATRIX.    NDIM=  25    NPAR=  5    ERR DEF=1
  3.021e+00  8.932e-02  1.663e-02 -9.641e-03  1.207e-03 
  8.932e-02  4.656e-01 -5.654e-02 -3.759e-03  1.378e-04 
  1.663e-02 -5.654e-02  1.087e-02 -6.725e-04  2.557e-05 
 -9.641e-03 -3.759e-03 -6.725e-04  3.584e-04 -1.537e-05 
  1.207e-03  1.378e-04  2.557e-05 -1.537e-05  1.678e-06 
ERR MATRIX NOT POS-DEF
 PARAMETER  CORRELATION COEFFICIENTS  
       NO.  GLOBAL      8     18     19     20     22
        8  0.55685   1.000  0.075  0.092 -0.293  0.536
       18  0.99675   0.075  1.000 -0.795 -0.291  0.156
       19  0.99686   0.092 -0.795  1.000 -0.341  0.189
       20  0.99332  -0.293 -0.291 -0.341  1.000 -0.627
       22  0.84329   0.536  0.156  0.189 -0.627  1.000
 ERR MATRIX NOT POS-DEF
MINUIT - FIT ONLY 1-y
 **********
 **   60 **RES 
 **********
                   PARAMETER   14  ANy2 RESTORED TO VARIABLE.
                   PARAMETER    7  w_CBO RESTORED TO VARIABLE.
                   PARAMETER    6  A_CBO RESTORED TO VARIABLE.
                   PARAMETER    4  phi RESTORED TO VARIABLE.
                   PARAMETER    3  A0 RESTORED TO VARIABLE.
                   PARAMETER    1  N0 RESTORED TO VARIABLE.
 **********
 **   61 **FIX            0
 **********
 PARAMETER    0  IS UNDEFINED. IGNORED.
 **********
 **   62 **FIX            1
 **********
 **********
 **   63 **FIX            2
 **********
 PARAMETER    2  IS CONSTANT.   IGNORED.
 **********
 **   64 **FIX            3
 **********
 **********
 **   65 **FIX            4
 **********
 **********
 **   66 **FIX            5
 **********
 PARAMETER    5  IS CONSTANT.   IGNORED.
 **********
 **   67 **FIX            6
 **********
 **********
 **   68 **FIX            7
 **********
 **********
 **   69 **FIX            8
 **********
 **********
 **   70 **FIX            9
 **********
 PARAMETER    9  IS CONSTANT.   IGNORED.
 **********
 **   71 **FIX           13
 **********
 PARAMETER   13  IS CONSTANT.   IGNORED.
 **********
 **   72 **FIX           14
 **********
 **********
 **   73 **FIX           15
 **********
 PARAMETER   15  IS CONSTANT.   IGNORED.
 **********
 **   74 **FIX           16
 **********
 PARAMETER   16  IS CONSTANT.   IGNORED.
 **********
 **   75 **MIGRAD
 **********
 START MIGRAD MINIMIZATION.  STRATEGY  1.  CONVERGENCE WHEN EDM .LT. 1.00e-04
 FCN=341.834 FROM MIGRAD    STATUS=INITIATE        8 CALLS         978 TOTAL
                     EDM= unknown      STRATEGY= 1      NO ERROR MATRIX       
  EXT PARAMETER               CURRENT GUESS       STEP         FIRST   
  NO.   NAME      VALUE            ERROR          SIZE      DERIVATIVE 
   1  N0           3.43588e+06     fixed    
   2  tau          6.43981e+01   constant   
   3  A0           3.54088e-01     fixed    
   4  phi          4.11805e+00     fixed    
   5  R           -5.99112e+01   constant   
   6  A_CBO        3.02942e-04     fixed    
   7  w_CBO        2.32331e+00     fixed    
   8  phi_CBO      4.81424e+00     fixed    
   9  ANx2         3.16301e-04   constant   
  10  pNx2         1.53957e+00   constant   
  11  ANy1         0.00000e+00   constant   
  12  pNy1         0.00000e+00   constant   
  13  w_y          0.00000e+00   constant   
  14  ANy2        -2.92710e-04     fixed    
  15  pNy2         1.44040e+00   constant   
  16  w_vw         1.43192e+01   constant   
  17  LM          -2.49463e-04   constant   
  18  wCBO_expCoeff   1.99867e+02   6.82332e-01   5.00030e-04  -1.25214e-03
  19  wCBO_expOffset   1.99998e+02   1.04241e-01   9.53662e-05  -6.28534e-03
  20  wCBO_expT    3.00069e+01   1.89318e-02   1.98474e-05   2.19664e-02
  21  wCBO_linCoeff   0.00000e+00   constant   
  22  wCBO_const   3.44249e-03   1.29554e-03   6.31890e-06   8.95000e-01
 MIGRAD MINIMIZATION HAS CONVERGED.
 MIGRAD WILL VERIFY CONVERGENCE AND ERROR MATRIX.
 FCN=341.834 FROM MIGRAD    STATUS=CONVERGED      41 CALLS        1011 TOTAL
                     EDM=1.94664e-07    STRATEGY= 1      ERR MATRIX NOT POS-DEF
  EXT PARAMETER                APPROXIMATE        STEP         FIRST   
  NO.   NAME      VALUE            ERROR          SIZE      DERIVATIVE 
   1  N0           3.43588e+06     fixed    
   2  tau          6.43981e+01   constant   
   3  A0           3.54088e-01     fixed    
   4  phi          4.11805e+00     fixed    
   5  R           -5.99112e+01   constant   
   6  A_CBO        3.02942e-04     fixed    
   7  w_CBO        2.32331e+00     fixed    
   8  phi_CBO      4.81424e+00     fixed    
   9  ANx2         3.16301e-04   constant   
  10  pNx2         1.53957e+00   constant   
  11  ANy1         0.00000e+00   constant   
  12  pNy1         0.00000e+00   constant   
  13  w_y          0.00000e+00   constant   
  14  ANy2        -2.92710e-04     fixed    
  15  pNy2         1.44040e+00   constant   
  16  w_vw         1.43192e+01   constant   
  17  LM          -2.49463e-04   constant   
  18  wCBO_expCoeff   1.99867e+02   6.87939e-01   4.99227e-04  -8.07792e-03
  19  wCBO_expOffset   1.99998e+02   1.04985e-01   9.53662e-05  -5.32899e-02
  20  wCBO_expT    3.00069e+01   1.81772e-02   1.98263e-05  -1.70774e-01
  21  wCBO_linCoeff   0.00000e+00   constant   
  22  wCBO_const   3.44223e-03   1.09515e-03   6.31929e-06  -8.63153e-02
 EXTERNAL ERROR MATRIX.    NDIM=  25    NPAR=  4    ERR DEF=1
  4.733e-01 -5.852e-02 -3.492e-03  1.027e-04 
 -5.852e-02  1.102e-02 -6.263e-04  1.916e-05 
 -3.492e-03 -6.263e-04  3.304e-04 -1.161e-05 
  1.027e-04  1.916e-05 -1.161e-05  1.199e-06 
ERR MATRIX NOT POS-DEF
 PARAMETER  CORRELATION COEFFICIENTS  
       NO.  GLOBAL     18     19     20     22
       18  0.99680   1.000 -0.810 -0.279  0.136
       19  0.99690  -0.810  1.000 -0.328  0.167
       20  0.99275  -0.279 -0.328  1.000 -0.583
       22  0.77184   0.136  0.167 -0.583  1.000
 ERR MATRIX NOT POS-DEF
MINUIT - FIT ONLY 2-y
 **********
 **   76 **RES 
 **********
                   PARAMETER   14  ANy2 RESTORED TO VARIABLE.
                   PARAMETER    8  phi_CBO RESTORED TO VARIABLE.
                   PARAMETER    7  w_CBO RESTORED TO VARIABLE.
                   PARAMETER    6  A_CBO RESTORED TO VARIABLE.
                   PARAMETER    4  phi RESTORED TO VARIABLE.
                   PARAMETER    3  A0 RESTORED TO VARIABLE.
                   PARAMETER    1  N0 RESTORED TO VARIABLE.
 **********
 **   77 **FIX            0
 **********
 PARAMETER    0  IS UNDEFINED. IGNORED.
 **********
 **   78 **FIX            1
 **********
 **********
 **   79 **FIX            2
 **********
 PARAMETER    2  IS CONSTANT.   IGNORED.
 **********
 **   80 **FIX            3
 **********
 **********
 **   81 **FIX            4
 **********
 **********
 **   82 **FIX            5
 **********
 PARAMETER    5  IS CONSTANT.   IGNORED.
 **********
 **   83 **FIX            6
 **********
 **********
 **   84 **FIX            7
 **********
 **********
 **   85 **FIX            8
 **********
 **********
 **   86 **FIX            9
 **********
 PARAMETER    9  IS CONSTANT.   IGNORED.
 **********
 **   87 **FIX           10
 **********
 PARAMETER   10  IS CONSTANT.   IGNORED.
 **********
 **   88 **FIX           11
 **********
 PARAMETER   11  IS CONSTANT.   IGNORED.
 **********
 **   89 **FIX           12
 **********
 PARAMETER   12  IS CONSTANT.   IGNORED.
 **********
 **   90 **FIX           16
 **********
 PARAMETER   16  IS CONSTANT.   IGNORED.
 **********
 **   91 **MIGRAD
 **********
 START MIGRAD MINIMIZATION.  STRATEGY  1.  CONVERGENCE WHEN EDM .LT. 1.00e-04
 FCN=341.834 FROM MIGRAD    STATUS=INITIATE       10 CALLS        1021 TOTAL
                     EDM= unknown      STRATEGY= 1      NO ERROR MATRIX       
  EXT PARAMETER               CURRENT GUESS       STEP         FIRST   
  NO.   NAME      VALUE            ERROR          SIZE      DERIVATIVE 
   1  N0           3.43588e+06     fixed    
   2  tau          6.43981e+01   constant   
   3  A0           3.54088e-01     fixed    
   4  phi          4.11805e+00     fixed    
   5  R           -5.99112e+01   constant   
   6  A_CBO        3.02942e-04     fixed    
   7  w_CBO        2.32331e+00     fixed    
   8  phi_CBO      4.81424e+00     fixed    
   9  ANx2         3.16301e-04   constant   
  10  pNx2         1.53957e+00   constant   
  11  ANy1         0.00000e+00   constant   
  12  pNy1         0.00000e+00   constant   
  13  w_y          0.00000e+00   constant   
  14  ANy2        -2.92710e-04   4.71524e-04   4.71524e-04   1.62205e+02
  15  pNy2         1.44040e+00   constant   
  16  w_vw         1.43192e+01   constant   
  17  LM          -2.49463e-04   constant   
  18  wCBO_expCoeff   1.99867e+02   6.87939e-01   4.99227e-04  -7.87494e-03
  19  wCBO_expOffset   1.99998e+02   1.04985e-01   9.53662e-05  -5.15766e-02
  20  wCBO_expT    3.00069e+01   1.81772e-02   1.98263e-05  -1.70651e-01
  21  wCBO_linCoeff   0.00000e+00   constant   
  22  wCBO_const   3.44223e-03   1.09515e-03   6.31929e-06  -8.65414e-02
 MIGRAD MINIMIZATION HAS CONVERGED.
 MIGRAD WILL VERIFY CONVERGENCE AND ERROR MATRIX.
 FCN=341.833 FROM MIGRAD    STATUS=CONVERGED      64 CALLS        1075 TOTAL
                     EDM=4.00274e-06    STRATEGY= 1      ERR MATRIX NOT POS-DEF
  EXT PARAMETER                APPROXIMATE        STEP         FIRST   
  NO.   NAME      VALUE            ERROR          SIZE      DERIVATIVE 
   1  N0           3.43588e+06     fixed    
   2  tau          6.43981e+01   constant   
   3  A0           3.54088e-01     fixed    
   4  phi          4.11805e+00     fixed    
   5  R           -5.99112e+01   constant   
   6  A_CBO        3.02942e-04     fixed    
   7  w_CBO        2.32331e+00     fixed    
   8  phi_CBO      4.81424e+00     fixed    
   9  ANx2         3.16301e-04   constant   
  10  pNx2         1.53957e+00   constant   
  11  ANy1         0.00000e+00   constant   
  12  pNy1         0.00000e+00   constant   
  13  w_y          0.00000e+00   constant   
  14  ANy2        -3.10846e-04   4.71824e-04   4.24791e-06   4.35734e-01
  15  pNy2         1.44040e+00   constant   
  16  w_vw         1.43192e+01   constant   
  17  LM          -2.49463e-04   constant   
  18  wCBO_expCoeff   1.99867e+02   6.85620e-01   4.98925e-04  -6.43938e-03
  19  wCBO_expOffset   1.99998e+02   1.04550e-01   9.53663e-05  -4.23905e-02
  20  wCBO_expT    3.00069e+01   1.81642e-02   1.98112e-05  -8.05965e-02
  21  wCBO_linCoeff   0.00000e+00   constant   
  22  wCBO_const   3.44268e-03   1.09542e-03   6.31316e-06   2.76634e+00
 EXTERNAL ERROR MATRIX.    NDIM=  25    NPAR=  5    ERR DEF=1
  2.226e-07 -4.038e-07  2.093e-08 -1.413e-07  1.139e-08 
 -4.038e-07  4.701e-01 -5.801e-02 -3.501e-03  1.034e-04 
  2.093e-08 -5.801e-02  1.093e-02 -6.223e-04  1.910e-05 
 -1.413e-07 -3.501e-03 -6.223e-04  3.299e-04 -1.163e-05 
  1.139e-08  1.034e-04  1.910e-05 -1.163e-05  1.200e-06 
ERR MATRIX NOT POS-DEF
 PARAMETER  CORRELATION COEFFICIENTS  
       NO.  GLOBAL     14     18     19     20     22
       14  0.12531   1.000 -0.001  0.000 -0.016  0.022
       18  0.99678  -0.001  1.000 -0.809 -0.281  0.138
       19  0.99688   0.000 -0.809  1.000 -0.328  0.167
       20  0.99275  -0.016 -0.281 -0.328  1.000 -0.585
       22  0.77239   0.022  0.138  0.167 -0.585  1.000
 ERR MATRIX NOT POS-DEF
MINUIT - FIT ALTOGETHER
 **********
 **   92 **RES 
 **********
                   PARAMETER    8  phi_CBO RESTORED TO VARIABLE.
                   PARAMETER    7  w_CBO RESTORED TO VARIABLE.
                   PARAMETER    6  A_CBO RESTORED TO VARIABLE.
                   PARAMETER    4  phi RESTORED TO VARIABLE.
                   PARAMETER    3  A0 RESTORED TO VARIABLE.
                   PARAMETER    1  N0 RESTORED TO VARIABLE.
 **********
 **   93 **MIGRAD
 **********
 START MIGRAD MINIMIZATION.  STRATEGY  1.  CONVERGENCE WHEN EDM .LT. 1.00e-04
 FCN=341.833 FROM MIGRAD    STATUS=INITIATE       22 CALLS        1097 TOTAL
                     EDM= unknown      STRATEGY= 1      NO ERROR MATRIX       
  EXT PARAMETER               CURRENT GUESS       STEP         FIRST   
  NO.   NAME      VALUE            ERROR          SIZE      DERIVATIVE 
   1  N0           3.43588e+06   1.14342e+03   1.14342e+03  -5.09166e-04
   2  tau          6.43981e+01   constant   
   3  A0           3.54088e-01   4.40693e-04   4.40693e-04  -4.56460e+02
   4  phi          4.11805e+00   1.30433e-03   1.30433e-03  -2.25504e+02
   5  R           -5.99112e+01   constant   
   6  A_CBO        3.02942e-04   4.75805e-04   4.75805e-04  -4.04798e+02
   7  w_CBO        2.32331e+00   5.49408e-03   5.49408e-03   6.47835e-01
   8  phi_CBO      4.81424e+00   1.73823e+00   1.73823e+00   2.40761e-03
   9  ANx2         3.16301e-04   constant   
  10  pNx2         1.53957e+00   constant   
  11  ANy1         0.00000e+00   constant   
  12  pNy1         0.00000e+00   constant   
  13  w_y          0.00000e+00   constant   
  14  ANy2        -3.10846e-04   4.71824e-04   4.24791e-06   4.35734e-01
  15  pNy2         1.44040e+00   constant   
  16  w_vw         1.43192e+01   constant   
  17  LM          -2.49463e-04   constant   
  18  wCBO_expCoeff   1.99867e+02   6.85620e-01   4.98925e-04  -6.24265e-03
  19  wCBO_expOffset   1.99998e+02   1.04550e-01   9.53663e-05  -4.07252e-02
