 + ++++++++++++++++++++++++++++++++++++++++++++++++++++++++++++++++++++ +
 +                                                                      +
 +           You have chose to blind your fitting according to          +
 +                omega_ref * (1 + (R +/- deltaR) *10^{-6})             +
 +                                                                      +
 + ++++++++++++++++++++++++++++++++++++++++++++++++++++++++++++++++++++ +
In main()...
reading format from /gm2data/zkhechad/run45/envelope/formats/formatB_sBin_constraintOn.txt
pBinTau 	= 0  
pBinPhi 	= 0  
constraintau 	= 1 
includeMopTerm 	= 0    
constrainMop    = 0   
Parameters after format file: pBinTau 0 pBinPhi 0 constraintau 1 includeMopTerm 0 constrainMop 0 c_e_scale 0.000000 
reading cbo reference file (full fit) from /gm2data/zkhechad/cboTemplates/Run4CBOTemplates/fullFits/run4/sBin_constraintOn_cE0.0_seed0_run4_calo15.root
A_CBO 0.008274 w_CBO 2.326361 phi_CBO 0.928510 N0 2995032.431773 R -60.169268 tau 64.399261 
Reading cboRef file /gm2data/zkhechad/cboTemplates/Run4CBOTemplates//cboIsolate/run4_calo15.root
deltaT 164.120000
windowBins = 1100
fitting sliding window 1380 from bin 1583 at 236.183600 to bin 2683 at 400.303600 (1100 bins)

Reading data from /gm2data/cornell/histograms/aMethod/histogram_a_run4.root
fitting cbo isolate
 **********
 **    1 **SET PRINTOUT            1
 **********
 **********
 **    2 **SET NOWARNINGS 
 **********
 PARAMETER DEFINITIONS:
    NO.   NAME         VALUE      STEP SIZE      LIMITS
     1 A_CBO        8.27396e-03  1.00000e-05     no limits
     2 w_CBO        2.32636e+00  1.00000e-02    2.00000e+00  3.00000e+00
     3 phi_CBO      9.28510e-01  1.00000e-02    0.00000e+00  6.28319e+00
 **********
 **    3 **MIGRAD
 **********
 FIRST CALL TO USER FUNCTION AT NEW START POINT, WITH IFLAG=4.
 START MIGRAD MINIMIZATION.  STRATEGY  1.  CONVERGENCE WHEN EDM .LT. 1.00e-04
 FCN=0.0481984 FROM MIGRAD    STATUS=INITIATE       12 CALLS          13 TOTAL
                     EDM= unknown      STRATEGY= 1      NO ERROR MATRIX       
  EXT PARAMETER               CURRENT GUESS       STEP         FIRST   
  NO.   NAME      VALUE            ERROR          SIZE      DERIVATIVE 
   1  A_CBO        8.27396e-03   1.00000e-05   1.00000e-05   7.00932e+00
   2  w_CBO        2.32636e+00   1.00000e-02   2.13296e-02  -1.14936e-02
   3  phi_CBO      9.28510e-01   1.00000e-02   4.48483e-03   8.46501e-04
 MIGRAD MINIMIZATION HAS CONVERGED.
 MIGRAD WILL VERIFY CONVERGENCE AND ERROR MATRIX.
 COVARIANCE MATRIX CALCULATED SUCCESSFULLY
 FCN=0.0258603 FROM MIGRAD    STATUS=CONVERGED      41 CALLS          42 TOTAL
                     EDM=6.05557e-05    STRATEGY= 1      ERROR MATRIX ACCURATE 
  EXT PARAMETER                                   STEP         FIRST   
  NO.   NAME      VALUE            ERROR          SIZE      DERIVATIVE 
   1  A_CBO        1.90056e-03   4.35301e-02   2.10885e-05  -6.68763e-04
   2  w_CBO        2.32638e+00   6.62443e-01   7.68939e-05   6.94809e-03
   3  phi_CBO      9.06860e-01   4.66817e+00   5.02006e-03   4.17873e-05
 EXTERNAL ERROR MATRIX.    NDIM=  25    NPAR=  3    ERR DEF=1
  1.895e-03 -4.670e-03 -1.429e+00 
 -4.670e-03  2.852e-01  8.684e+01 
 -1.429e+00  8.684e+01  2.695e+04 
 PARAMETER  CORRELATION COEFFICIENTS  
       NO.  GLOBAL      1      2      3
        1  0.20103   1.000 -0.201 -0.200
        2  0.99064  -0.201  1.000  0.991
        3  0.99063  -0.200  0.991  1.000
setting A_CBO=0.001901 w_CBO=2.326376, phi_CBO=0.906860
done fitting cbo isolate
 **********
 **    1 **SET PRINTOUT            1
 **********
 **********
 **    2 **SET NOWARNINGS 
 **********
 PARAMETER DEFINITIONS:
    NO.   NAME         VALUE      STEP SIZE      LIMITS
     1 N0           2.99503e+06  1.00000e+02     no limits
     2 tau          6.43993e+01  constant
     3 A0           3.54065e-01  1.00000e-04     no limits
     4 phi          4.11942e+00  1.00000e-02     no limits
     5 R           -6.01693e+01  constant
     6 A_CBO        1.90056e-03  1.00000e-05     no limits
     7 w_CBO        2.32638e+00  1.00000e-03     no limits
     8 phi_CBO      9.06860e-01  1.00000e-04     no limits
     9 ANx2         6.17909e-04  constant
    10 pNx2         3.86483e+00  constant
    11 ANy1         0.00000e+00  constant
    12 pNy1         0.00000e+00  constant
    13 w_y          0.00000e+00  constant
    14 ANy2         7.96733e-03  1.00000e-04     no limits
    15 pNy2         1.76471e+00  constant
    16 w_vw         1.43097e+01  constant
    17 LM          -1.37296e-04  constant
    18 wCBO_expCoeff   2.00000e+02  1.00000e+00     no limits
    19 wCBO_expOffset   2.00000e+02  1.00000e+00     no limits
    20 wCBO_expT    3.00000e+01  1.00000e+00     no limits
    21 wCBO_linCoeff   0.00000e+00  constant
    22 wCBO_const   0.00000e+00  1.00000e-02     no limits
MINUIT - FIT ONLY WIGGLE
 **********
 **    3 **FIX            5
 **********
 PARAMETER    5  IS CONSTANT.   IGNORED.
 **********
 **    4 **FIX            6
 **********
 **********
 **    5 **FIX            7
 **********
 **********
 **    6 **FIX            8
 **********
 **********
 **    7 **FIX            9
 **********
 PARAMETER    9  IS CONSTANT.   IGNORED.
 **********
 **    8 **FIX           10
 **********
 PARAMETER   10  IS CONSTANT.   IGNORED.
 **********
 **    9 **FIX           11
 **********
 PARAMETER   11  IS CONSTANT.   IGNORED.
 **********
 **   10 **FIX           12
 **********
 PARAMETER   12  IS CONSTANT.   IGNORED.
 **********
 **   11 **FIX           13
 **********
 PARAMETER   13  IS CONSTANT.   IGNORED.
 **********
 **   12 **FIX           14
 **********
 **********
 **   13 **FIX           15
 **********
 PARAMETER   15  IS CONSTANT.   IGNORED.
 **********
 **   14 **FIX           16
 **********
 PARAMETER   16  IS CONSTANT.   IGNORED.
 **********
 **   15 **MIGRAD
 **********
 FIRST CALL TO USER FUNCTION AT NEW START POINT, WITH IFLAG=4.
 START MIGRAD MINIMIZATION.  STRATEGY  1.  CONVERGENCE WHEN EDM .LT. 1.00e-04
 FCN=1086.31 FROM MIGRAD    STATUS=INITIATE       57 CALLS          58 TOTAL
                     EDM= unknown      STRATEGY= 1      NO ERROR MATRIX       
  EXT PARAMETER               CURRENT GUESS       STEP         FIRST   
  NO.   NAME      VALUE            ERROR          SIZE      DERIVATIVE 
   1  N0           2.99503e+06   1.00000e+02   0.00000e+00  -6.22733e-04
   2  tau          6.43993e+01   constant   
   3  A0           3.54065e-01   1.00000e-04   0.00000e+00   1.00424e+03
   4  phi          4.11942e+00   1.00000e-02   0.00000e+00   1.69657e+03
   5  R           -6.01693e+01   constant   
   6  A_CBO        1.90056e-03     fixed    
   7  w_CBO        2.32638e+00     fixed    
   8  phi_CBO      9.06860e-01     fixed    
   9  ANx2         6.17909e-04   constant   
  10  pNx2         3.86483e+00   constant   
  11  ANy1         0.00000e+00   constant   
  12  pNy1         0.00000e+00   constant   
  13  w_y          0.00000e+00   constant   
  14  ANy2         7.96733e-03     fixed    
  15  pNy2         1.76471e+00   constant   
  16  w_vw         1.43097e+01   constant   
  17  LM          -1.37296e-04   constant   
  18  wCBO_expCoeff   2.00037e+02   1.00000e+00   3.73565e-02   2.09662e+03
  19  wCBO_expOffset   2.00000e+02   1.00000e+00   0.00000e+00   1.39319e+04
  20  wCBO_expT    3.00000e+01   1.00000e+00   0.00000e+00   2.28816e+04
  21  wCBO_linCoeff   0.00000e+00   constant   
  22  wCBO_const   0.00000e+00   1.00000e-02   0.00000e+00   1.59252e+04
 MIGRAD FAILS TO FIND IMPROVEMENT
 MIGRAD MINIMIZATION HAS CONVERGED.
 FCN=1075.74 FROM MIGRAD    STATUS=CONVERGED     179 CALLS         180 TOTAL
                     EDM=1.626e-05    STRATEGY= 1  ERROR MATRIX UNCERTAINTY   1.3 per cent
  EXT PARAMETER                                   STEP         FIRST   
  NO.   NAME      VALUE            ERROR          SIZE      DERIVATIVE 
   1  N0           2.99493e+06   6.41295e+02  -0.00000e+00  -1.79474e-06
   2  tau          6.43993e+01   constant   
   3  A0           3.54037e-01   2.78933e-04  -0.00000e+00   5.04505e+00
   4  phi          4.11870e+00   8.36905e-04  -0.00000e+00   2.74068e-01
   5  R           -6.01693e+01   constant   
   6  A_CBO        1.90056e-03     fixed    
   7  w_CBO        2.32638e+00     fixed    
   8  phi_CBO      9.06860e-01     fixed    
   9  ANx2         6.17909e-04   constant   
  10  pNx2         3.86483e+00   constant   
  11  ANy1         0.00000e+00   constant   
  12  pNy1         0.00000e+00   constant   
  13  w_y          0.00000e+00   constant   
  14  ANy2         7.96733e-03     fixed    
  15  pNy2         1.76471e+00   constant   
  16  w_vw         1.43097e+01   constant   
  17  LM          -1.37296e-04   constant   
  18  wCBO_expCoeff   2.00028e+02   5.12619e-03   0.00000e+00  -1.46800e+00
  19  wCBO_expOffset   1.99999e+02   7.65708e-04  -0.00000e+00   1.45426e+01
  20  wCBO_expT    3.00018e+01   9.42230e-04   0.00000e+00   2.21911e+00
  21  wCBO_linCoeff   0.00000e+00   constant   
  22  wCBO_const  -1.07638e-03   5.16588e-04  -0.00000e+00   5.68866e-01
 EXTERNAL ERROR MATRIX.    NDIM=  25    NPAR=  7    ERR DEF=1
  4.113e+05  2.187e-03  7.581e-03  3.019e-01  9.193e-02 -6.742e-02  7.771e-03 
  2.187e-03  7.780e-08 -9.883e-10  7.856e-08 -5.952e-09 -4.960e-09  1.321e-09 
  7.581e-03 -9.883e-10  7.004e-07 -1.565e-08 -1.399e-08  1.078e-08 -7.136e-10 
  3.019e-01  7.856e-08 -1.565e-08  2.628e-05  2.636e-06 -4.190e-06  9.906e-07 
  9.193e-02 -5.952e-09 -1.399e-08  2.636e-06  5.863e-07 -6.116e-07  1.431e-07 
 -6.742e-02 -4.960e-09  1.078e-08 -4.190e-06 -6.116e-07  8.878e-07 -3.127e-07 
  7.771e-03  1.321e-09 -7.136e-10  9.906e-07  1.431e-07 -3.127e-07  2.669e-07 
 PARAMETER  CORRELATION COEFFICIENTS  
       NO.  GLOBAL      1      3      4     18     19     20     22
        1  0.21882   1.000  0.012  0.014  0.092  0.187 -0.112  0.023
        3  0.10664   0.012  1.000 -0.004  0.055 -0.028 -0.019  0.009
        4  0.03524   0.014 -0.004  1.000 -0.004 -0.022  0.014 -0.002
       18  0.93555   0.092  0.055 -0.004  1.000  0.672 -0.867  0.374
       19  0.92571   0.187 -0.028 -0.022  0.672  1.000 -0.848  0.362
       20  0.98203  -0.112 -0.019  0.014 -0.867 -0.848  1.000 -0.642
       22  0.86540   0.023  0.009 -0.002  0.374  0.362 -0.642  1.000
MINUIT - FIT ONLY 1-CBO + other amplitudes 
 **********
 **   16 **RES 
 **********
                   PARAMETER   14  ANy2 RESTORED TO VARIABLE.
                   PARAMETER    8  phi_CBO RESTORED TO VARIABLE.
                   PARAMETER    7  w_CBO RESTORED TO VARIABLE.
                   PARAMETER    6  A_CBO RESTORED TO VARIABLE.
 **********
 **   17 **FIX            0
 **********
 PARAMETER    0  IS UNDEFINED. IGNORED.
 **********
 **   18 **FIX            1
 **********
 **********
 **   19 **FIX            2
 **********
 PARAMETER    2  IS CONSTANT.   IGNORED.
 **********
 **   20 **FIX            3
 **********
 **********
 **   21 **FIX            4
 **********
 **********
 **   22 **FIX            9
 **********
 PARAMETER    9  IS CONSTANT.   IGNORED.
 **********
 **   23 **FIX           11
 **********
 PARAMETER   11  IS CONSTANT.   IGNORED.
 **********
 **   24 **FIX           12
 **********
 PARAMETER   12  IS CONSTANT.   IGNORED.
 **********
 **   25 **FIX           14
 **********
 **********
 **   26 **FIX           15
 **********
 PARAMETER   15  IS CONSTANT.   IGNORED.
 **********
 **   27 **FIX           16
 **********
 PARAMETER   16  IS CONSTANT.   IGNORED.
 **********
 **   28 **MIGRAD
 **********
 START MIGRAD MINIMIZATION.  STRATEGY  1.  CONVERGENCE WHEN EDM .LT. 1.00e-04
 FCN=1075.74 FROM MIGRAD    STATUS=INITIATE       22 CALLS         202 TOTAL
                     EDM= unknown      STRATEGY= 1      NO ERROR MATRIX       
  EXT PARAMETER               CURRENT GUESS       STEP         FIRST   
  NO.   NAME      VALUE            ERROR          SIZE      DERIVATIVE 
   1  N0           2.99493e+06     fixed    
   2  tau          6.43993e+01   constant   
   3  A0           3.54037e-01     fixed    
   4  phi          4.11870e+00     fixed    
   5  R           -6.01693e+01   constant   
   6  A_CBO        1.90056e-03   1.00000e-05   1.00000e-05   2.29321e+04
   7  w_CBO        2.32638e+00   1.00000e-03   1.00000e-03  -1.25544e+02
   8  phi_CBO      9.06860e-01   1.00000e-04   1.00000e-04   4.23938e+00
   9  ANx2         6.17909e-04   constant   
  10  pNx2         3.86483e+00   constant   
  11  ANy1         0.00000e+00   constant   
  12  pNy1         0.00000e+00   constant   
  13  w_y          0.00000e+00   constant   
  14  ANy2         7.96733e-03     fixed    
  15  pNy2         1.76471e+00   constant   
  16  w_vw         1.43097e+01   constant   
  17  LM          -1.37296e-04   constant   
  18  wCBO_expCoeff   2.00028e+02   5.12619e-03   0.00000e+00  -1.46800e+00
  19  wCBO_expOffset   1.99999e+02   7.65708e-04  -0.00000e+00   1.45426e+01
  20  wCBO_expT    3.00018e+01   9.42230e-04   0.00000e+00   2.21911e+00
  21  wCBO_linCoeff   0.00000e+00   constant   
  22  wCBO_const  -1.07638e-03   5.16588e-04  -0.00000e+00   5.68868e-01
 MIGRAD MINIMIZATION HAS CONVERGED.
 MIGRAD WILL VERIFY CONVERGENCE AND ERROR MATRIX.
 FCN=1062.04 FROM MIGRAD    STATUS=CONVERGED     194 CALLS         374 TOTAL
                     EDM=1.70841e-05    STRATEGY= 1      ERR MATRIX NOT POS-DEF
  EXT PARAMETER                APPROXIMATE        STEP         FIRST   
  NO.   NAME      VALUE            ERROR          SIZE      DERIVATIVE 
   1  N0           2.99493e+06     fixed    
   2  tau          6.43993e+01   constant   
   3  A0           3.54037e-01     fixed    
   4  phi          4.11870e+00     fixed    
   5  R           -6.01693e+01   constant   
   6  A_CBO        7.91803e-04   2.93779e-04   4.88693e-06   9.21353e-01
   7  w_CBO        2.32637e+00   2.34631e-04   1.10930e-06  -5.01908e+01
   8  phi_CBO      4.53485e-01   4.49477e-01   5.89926e-03  -2.09247e-04
   9  ANx2         6.17909e-04   constant   
  10  pNx2         3.86483e+00   constant   
  11  ANy1         0.00000e+00   constant   
  12  pNy1         0.00000e+00   constant   
  13  w_y          0.00000e+00   constant   
  14  ANy2         7.96733e-03     fixed    
  15  pNy2         1.76471e+00   constant   
  16  w_vw         1.43097e+01   constant   
  17  LM          -1.37296e-04   constant   
  18  wCBO_expCoeff   2.00027e+02   2.20684e-02   9.53804e-05  -6.08820e-01
  19  wCBO_expOffset   1.99998e+02   6.43453e-03   9.53667e-05  -3.88758e+00
  20  wCBO_expT    3.00017e+01   7.64316e-04   1.43059e-05  -2.41260e+00
  21  wCBO_linCoeff   0.00000e+00   constant   
  22  wCBO_const  -1.18984e-03   4.28951e-04   4.93385e-06   5.01845e+00
 EXTERNAL ERROR MATRIX.    NDIM=  25    NPAR=  7    ERR DEF=1
  8.631e-08  1.047e-08  1.998e-06  9.946e-07 -3.382e-07  2.657e-08  1.014e-09 
  1.047e-08  5.505e-08  9.664e-06  3.712e-06 -1.344e-06  5.914e-08 -2.413e-08 
  1.998e-06  9.664e-06  2.020e-01  9.198e-04 -3.294e-05 -2.050e-05  3.547e-06 
  9.946e-07  3.712e-06  9.198e-04  4.870e-04 -1.282e-04  5.693e-06 -1.799e-06 
 -3.382e-07 -1.344e-06 -3.294e-05 -1.282e-04  4.140e-05 -2.708e-06  5.364e-07 
  2.657e-08  5.914e-08 -2.050e-05  5.693e-06 -2.708e-06  5.842e-07 -9.099e-08 
  1.014e-09 -2.413e-08  3.547e-06 -1.799e-06  5.364e-07 -9.099e-08  1.840e-07 
ERR MATRIX NOT POS-DEF
 PARAMETER  CORRELATION COEFFICIENTS  
       NO.  GLOBAL      6      7      8     18     19     20     22
        6  0.18784   1.000  0.152  0.015  0.153 -0.179  0.118  0.008
        7  0.98604   0.152  1.000  0.092  0.717 -0.890  0.330 -0.240
        8  0.63197   0.015  0.092  1.000  0.093 -0.011 -0.060  0.018
       18  0.98722   0.153  0.717  0.093  1.000 -0.903  0.338 -0.190
       19  0.99664  -0.179 -0.890 -0.011 -0.903  1.000 -0.551  0.194
       20  0.94906   0.118  0.330 -0.060  0.338 -0.551  1.000 -0.278
       22  0.73407   0.008 -0.240  0.018 -0.190  0.194 -0.278  1.000
 ERR MATRIX NOT POS-DEF
MINUIT - FIT ONLY 1-CBO
 **********
 **   29 **RES 
 **********
                   PARAMETER   14  ANy2 RESTORED TO VARIABLE.
                   PARAMETER    4  phi RESTORED TO VARIABLE.
                   PARAMETER    3  A0 RESTORED TO VARIABLE.
                   PARAMETER    1  N0 RESTORED TO VARIABLE.
 **********
 **   30 **FIX            0
 **********
 PARAMETER    0  IS UNDEFINED. IGNORED.
 **********
 **   31 **FIX            1
 **********
 **********
 **   32 **FIX            2
 **********
 PARAMETER    2  IS CONSTANT.   IGNORED.
 **********
 **   33 **FIX            3
 **********
 **********
 **   34 **FIX            4
 **********
 **********
 **   35 **FIX            8
 **********
 **********
 **   36 **FIX            9
 **********
 PARAMETER    9  IS CONSTANT.   IGNORED.
 **********
 **   37 **FIX           11
 **********
 PARAMETER   11  IS CONSTANT.   IGNORED.
 **********
 **   38 **FIX           12
 **********
 PARAMETER   12  IS CONSTANT.   IGNORED.
 **********
 **   39 **FIX           13
 **********
 PARAMETER   13  IS CONSTANT.   IGNORED.
 **********
 **   40 **FIX           15
 **********
 PARAMETER   15  IS CONSTANT.   IGNORED.
 **********
 **   41 **FIX           16
 **********
 PARAMETER   16  IS CONSTANT.   IGNORED.
 **********
 **   42 **MIGRAD
 **********
 START MIGRAD MINIMIZATION.  STRATEGY  1.  CONVERGENCE WHEN EDM .LT. 1.00e-04
 FCN=1062.04 FROM MIGRAD    STATUS=INITIATE       16 CALLS         390 TOTAL
                     EDM= unknown      STRATEGY= 1      NO ERROR MATRIX       
  EXT PARAMETER               CURRENT GUESS       STEP         FIRST   
  NO.   NAME      VALUE            ERROR          SIZE      DERIVATIVE 
   1  N0           2.99493e+06     fixed    
   2  tau          6.43993e+01   constant   
   3  A0           3.54037e-01     fixed    
   4  phi          4.11870e+00     fixed    
   5  R           -6.01693e+01   constant   
   6  A_CBO        7.91803e-04   2.93779e-04   4.88693e-06   9.21353e-01
   7  w_CBO        2.32637e+00   2.34631e-04   1.10930e-06  -4.48704e+01
   8  phi_CBO      4.53485e-01     fixed    
   9  ANx2         6.17909e-04   constant   
  10  pNx2         3.86483e+00   constant   
  11  ANy1         0.00000e+00   constant   
  12  pNy1         0.00000e+00   constant   
  13  w_y          0.00000e+00   constant   
  14  ANy2         7.96733e-03   1.00000e-04   1.00000e-04   1.74713e+05
  15  pNy2         1.76471e+00   constant   
  16  w_vw         1.43097e+01   constant   
  17  LM          -1.37296e-04   constant   
  18  wCBO_expCoeff   2.00027e+02   2.20684e-02   9.53804e-05  -5.50188e-01
  19  wCBO_expOffset   1.99998e+02   6.43453e-03   9.53667e-05   1.33820e+01
  20  wCBO_expT    3.00017e+01   7.64316e-04   1.43059e-05  -1.56225e+00
  21  wCBO_linCoeff   0.00000e+00   constant   
  22  wCBO_const  -1.18984e-03   4.28951e-04   4.93385e-06   5.03053e+00
 MIGRAD MINIMIZATION HAS CONVERGED.
 MIGRAD WILL VERIFY CONVERGENCE AND ERROR MATRIX.
 COVARIANCE MATRIX CALCULATED SUCCESSFULLY
 FCN=370.173 FROM MIGRAD    STATUS=CONVERGED     233 CALLS         607 TOTAL
                     EDM=2.14928e-05    STRATEGY= 1      ERROR MATRIX ACCURATE 
  EXT PARAMETER                                   STEP         FIRST   
  NO.   NAME      VALUE            ERROR          SIZE      DERIVATIVE 
   1  N0           2.99493e+06     fixed    
   2  tau          6.43993e+01   constant   
   3  A0           3.54037e-01     fixed    
   4  phi          4.11870e+00     fixed    
   5  R           -6.01693e+01   constant   
   6  A_CBO        3.21705e-04   3.10455e-04   2.89096e-06  -9.42886e-01
   7  w_CBO        2.32640e+00   3.09799e-04   1.10932e-06  -4.47212e+01
   8  phi_CBO      4.53485e-01     fixed    
   9  ANx2         6.17909e-04   constant   
  10  pNx2         3.86483e+00   constant   
  11  ANy1         0.00000e+00   constant   
  12  pNy1         0.00000e+00   constant   
  13  w_y          0.00000e+00   constant   
  14  ANy2         5.22010e-05   3.01599e-04   2.82100e-06   1.82374e+00
  15  pNy2         1.76471e+00   constant   
  16  w_vw         1.43097e+01   constant   
  17  LM          -1.37296e-04   constant   
  18  wCBO_expCoeff   2.00031e+02   2.66824e-02   9.53822e-05  -5.07068e-01
  19  wCBO_expOffset   1.99999e+02   2.00751e-03   9.53670e-05  -3.41166e+00
  20  wCBO_expT    3.00014e+01   1.66289e-03   1.43058e-05  -9.00751e+00
  21  wCBO_linCoeff   0.00000e+00   constant   
  22  wCBO_const  -1.96222e-03   1.05679e-03   4.53643e-06  -2.59096e+00
 EXTERNAL ERROR MATRIX.    NDIM=  25    NPAR=  7    ERR DEF=1
  9.638e-08  3.344e-09  5.171e-09  3.091e-07 -3.583e-08 -4.827e-08  3.088e-08 
  3.344e-09  9.598e-08  4.074e-10 -6.600e-06 -1.123e-07 -1.015e-07 -8.573e-09 
  5.171e-09  4.074e-10  9.096e-08  3.638e-08 -1.160e-09 -2.139e-08  2.904e-08 
  3.091e-07 -6.600e-06  3.638e-08  7.119e-04 -1.003e-05 -8.725e-06  5.641e-06 
 -3.583e-08 -1.123e-07 -1.160e-09 -1.003e-05  4.030e-06 -7.068e-07  1.954e-07 
 -4.827e-08 -1.015e-07 -2.139e-08 -8.725e-06 -7.068e-07  2.765e-06 -1.162e-06 
  3.088e-08 -8.573e-09  2.904e-08  5.641e-06  1.954e-07 -1.162e-06  1.117e-06 
 PARAMETER  CORRELATION COEFFICIENTS  
       NO.  GLOBAL      6      7     14     18     19     20     22
        6  0.14205   1.000  0.035  0.055  0.037 -0.057 -0.094  0.094
        7  0.99343   0.035  1.000  0.004 -0.798 -0.181 -0.197 -0.026
       14  0.10666   0.055  0.004  1.000  0.005 -0.002 -0.043  0.091
       18  0.99312   0.037 -0.798  0.005  1.000 -0.187 -0.197  0.200
       19  0.97232  -0.057 -0.181 -0.002 -0.187  1.000 -0.212  0.092
       20  0.98381  -0.094 -0.197 -0.043 -0.197 -0.212  1.000 -0.661
       22  0.88982   0.094 -0.026  0.091  0.200  0.092 -0.661  1.000
MINUIT - FIT ONLY 2-CBO
 **********
 **   43 **RES 
 **********
                   PARAMETER    8  phi_CBO RESTORED TO VARIABLE.
                   PARAMETER    4  phi RESTORED TO VARIABLE.
                   PARAMETER    3  A0 RESTORED TO VARIABLE.
                   PARAMETER    1  N0 RESTORED TO VARIABLE.
 **********
 **   44 **FIX            0
 **********
 PARAMETER    0  IS UNDEFINED. IGNORED.
 **********
 **   45 **FIX            1
 **********
 **********
 **   46 **FIX            2
 **********
 PARAMETER    2  IS CONSTANT.   IGNORED.
 **********
 **   47 **FIX            3
 **********
 **********
 **   48 **FIX            4
 **********
 **********
 **   49 **FIX            5
 **********
 PARAMETER    5  IS CONSTANT.   IGNORED.
 **********
 **   50 **FIX            6
 **********
 **********
 **   51 **FIX            7
 **********
 **********
 **   52 **FIX           10
 **********
 PARAMETER   10  IS CONSTANT.   IGNORED.
 **********
 **   53 **FIX           11
 **********
 PARAMETER   11  IS CONSTANT.   IGNORED.
 **********
 **   54 **FIX           12
 **********
 PARAMETER   12  IS CONSTANT.   IGNORED.
 **********
 **   55 **FIX           13
 **********
 PARAMETER   13  IS CONSTANT.   IGNORED.
 **********
 **   56 **FIX           14
 **********
 **********
 **   57 **FIX           15
 **********
 PARAMETER   15  IS CONSTANT.   IGNORED.
 **********
 **   58 **FIX           16
 **********
 PARAMETER   16  IS CONSTANT.   IGNORED.
 **********
 **   59 **MIGRAD
 **********
 START MIGRAD MINIMIZATION.  STRATEGY  1.  CONVERGENCE WHEN EDM .LT. 1.00e-04
 FCN=370.173 FROM MIGRAD    STATUS=INITIATE       12 CALLS         619 TOTAL
                     EDM= unknown      STRATEGY= 1      NO ERROR MATRIX       
  EXT PARAMETER               CURRENT GUESS       STEP         FIRST   
  NO.   NAME      VALUE            ERROR          SIZE      DERIVATIVE 
   1  N0           2.99493e+06     fixed    
   2  tau          6.43993e+01   constant   
   3  A0           3.54037e-01     fixed    
   4  phi          4.11870e+00     fixed    
   5  R           -6.01693e+01   constant   
   6  A_CBO        3.21705e-04     fixed    
   7  w_CBO        2.32640e+00     fixed    
   8  phi_CBO      4.53485e-01   4.49477e-01   4.49477e-01   9.63866e-02
   9  ANx2         6.17909e-04   constant   
  10  pNx2         3.86483e+00   constant   
  11  ANy1         0.00000e+00   constant   
  12  pNy1         0.00000e+00   constant   
  13  w_y          0.00000e+00   constant   
  14  ANy2         5.22010e-05     fixed    
  15  pNy2         1.76471e+00   constant   
  16  w_vw         1.43097e+01   constant   
  17  LM          -1.37296e-04   constant   
  18  wCBO_expCoeff   2.00031e+02   2.66824e-02   9.53822e-05  -5.24916e-01
  19  wCBO_expOffset   1.99999e+02   2.00751e-03   9.53670e-05  -1.03362e+01
  20  wCBO_expT    3.00014e+01   1.66289e-03   1.43058e-05  -8.85664e+00
  21  wCBO_linCoeff   0.00000e+00   constant   
  22  wCBO_const  -1.96222e-03   1.05679e-03   4.53643e-06  -2.59121e+00
 MIGRAD MINIMIZATION HAS CONVERGED.
 MIGRAD WILL VERIFY CONVERGENCE AND ERROR MATRIX.
 COVARIANCE MATRIX CALCULATED SUCCESSFULLY
 FCN=370.171 FROM MIGRAD    STATUS=CONVERGED      75 CALLS         682 TOTAL
                     EDM=1.96792e-05    STRATEGY= 1      ERROR MATRIX ACCURATE 
  EXT PARAMETER                                   STEP         FIRST   
  NO.   NAME      VALUE            ERROR          SIZE      DERIVATIVE 
   1  N0           2.99493e+06     fixed    
   2  tau          6.43993e+01   constant   
   3  A0           3.54037e-01     fixed    
   4  phi          4.11870e+00     fixed    
   5  R           -6.01693e+01   constant   
   6  A_CBO        3.21705e-04     fixed    
   7  w_CBO        2.32640e+00     fixed    
   8  phi_CBO      4.04296e-01   1.02125e+00   8.59057e-03   2.56837e-05
   9  ANx2         6.17909e-04   constant   
  10  pNx2         3.86483e+00   constant   
  11  ANy1         0.00000e+00   constant   
  12  pNy1         0.00000e+00   constant   
  13  w_y          0.00000e+00   constant   
  14  ANy2         5.22010e-05     fixed    
  15  pNy2         1.76471e+00   constant   
  16  w_vw         1.43097e+01   constant   
  17  LM          -1.37296e-04   constant   
  18  wCBO_expCoeff   2.00031e+02   1.59893e-02   9.53822e-05   2.91893e-01
  19  wCBO_expOffset   1.99999e+02   1.98159e-03   9.53670e-05   1.87808e+00
  20  wCBO_expT    3.00014e+01   1.62798e-03   1.43058e-05  -1.97551e+00
  21  wCBO_linCoeff   0.00000e+00   constant   
  22  wCBO_const  -1.96510e-03   1.05041e-03   4.53416e-06  -5.64295e+00
 EXTERNAL ERROR MATRIX.    NDIM=  25    NPAR=  5    ERR DEF=1
  1.043e+00 -1.080e-04  1.436e-04  7.479e-05 -5.414e-06 
 -1.080e-04  2.557e-04 -1.775e-05 -1.547e-05  4.925e-06 
  1.436e-04 -1.775e-05  3.927e-06 -8.292e-07  1.966e-07 
  7.479e-05 -1.547e-05 -8.292e-07  2.650e-06 -1.162e-06 
 -5.414e-06  4.925e-06  1.966e-07 -1.162e-06  1.103e-06 
 PARAMETER  CORRELATION COEFFICIENTS  
       NO.  GLOBAL      8     18     19     20     22
        8  0.44616   1.000 -0.007  0.071  0.045 -0.005
       18  0.98088  -0.007  1.000 -0.560 -0.594  0.293
       19  0.97182   0.071 -0.560  1.000 -0.257  0.094
       20  0.98315   0.045 -0.594 -0.257  1.000 -0.680
       22  0.88854  -0.005  0.293  0.094 -0.680  1.000
MINUIT - FIT ONLY 1-y
 **********
 **   60 **RES 
 **********
                   PARAMETER   14  ANy2 RESTORED TO VARIABLE.
                   PARAMETER    7  w_CBO RESTORED TO VARIABLE.
                   PARAMETER    6  A_CBO RESTORED TO VARIABLE.
                   PARAMETER    4  phi RESTORED TO VARIABLE.
                   PARAMETER    3  A0 RESTORED TO VARIABLE.
                   PARAMETER    1  N0 RESTORED TO VARIABLE.
 **********
 **   61 **FIX            0
 **********
 PARAMETER    0  IS UNDEFINED. IGNORED.
 **********
 **   62 **FIX            1
 **********
 **********
 **   63 **FIX            2
 **********
 PARAMETER    2  IS CONSTANT.   IGNORED.
 **********
 **   64 **FIX            3
 **********
 **********
 **   65 **FIX            4
 **********
 **********
 **   66 **FIX            5
 **********
 PARAMETER    5  IS CONSTANT.   IGNORED.
 **********
 **   67 **FIX            6
 **********
 **********
 **   68 **FIX            7
 **********
 **********
 **   69 **FIX            8
 **********
 **********
 **   70 **FIX            9
 **********
 PARAMETER    9  IS CONSTANT.   IGNORED.
 **********
 **   71 **FIX           13
 **********
 PARAMETER   13  IS CONSTANT.   IGNORED.
 **********
 **   72 **FIX           14
 **********
 **********
 **   73 **FIX           15
 **********
 PARAMETER   15  IS CONSTANT.   IGNORED.
 **********
 **   74 **FIX           16
 **********
 PARAMETER   16  IS CONSTANT.   IGNORED.
 **********
 **   75 **MIGRAD
 **********
 START MIGRAD MINIMIZATION.  STRATEGY  1.  CONVERGENCE WHEN EDM .LT. 1.00e-04
 FCN=370.171 FROM MIGRAD    STATUS=INITIATE        8 CALLS         690 TOTAL
                     EDM= unknown      STRATEGY= 1      NO ERROR MATRIX       
  EXT PARAMETER               CURRENT GUESS       STEP         FIRST   
  NO.   NAME      VALUE            ERROR          SIZE      DERIVATIVE 
   1  N0           2.99493e+06     fixed    
   2  tau          6.43993e+01   constant   
   3  A0           3.54037e-01     fixed    
   4  phi          4.11870e+00     fixed    
   5  R           -6.01693e+01   constant   
   6  A_CBO        3.21705e-04     fixed    
   7  w_CBO        2.32640e+00     fixed    
   8  phi_CBO      4.04296e-01     fixed    
   9  ANx2         6.17909e-04   constant   
  10  pNx2         3.86483e+00   constant   
  11  ANy1         0.00000e+00   constant   
  12  pNy1         0.00000e+00   constant   
  13  w_y          0.00000e+00   constant   
  14  ANy2         5.22010e-05     fixed    
  15  pNy2         1.76471e+00   constant   
  16  w_vw         1.43097e+01   constant   
  17  LM          -1.37296e-04   constant   
  18  wCBO_expCoeff   2.00031e+02   1.59893e-02   9.53822e-05   2.68619e-01
  19  wCBO_expOffset   1.99999e+02   1.98159e-03   9.53670e-05  -4.96076e+00
  20  wCBO_expT    3.00014e+01   1.62798e-03   1.43058e-05  -1.76782e+00
  21  wCBO_linCoeff   0.00000e+00   constant   
  22  wCBO_const  -1.96510e-03   1.05041e-03   4.53416e-06  -5.64284e+00
 MIGRAD MINIMIZATION HAS CONVERGED.
 MIGRAD WILL VERIFY CONVERGENCE AND ERROR MATRIX.
 COVARIANCE MATRIX CALCULATED SUCCESSFULLY
 FCN=370.171 FROM MIGRAD    STATUS=CONVERGED      46 CALLS         728 TOTAL
                     EDM=1.8577e-05    STRATEGY= 1      ERROR MATRIX ACCURATE 
  EXT PARAMETER                                   STEP         FIRST   
  NO.   NAME      VALUE            ERROR          SIZE      DERIVATIVE 
   1  N0           2.99493e+06     fixed    
   2  tau          6.43993e+01   constant   
   3  A0           3.54037e-01     fixed    
   4  phi          4.11870e+00     fixed    
   5  R           -6.01693e+01   constant   
   6  A_CBO        3.21705e-04     fixed    
   7  w_CBO        2.32640e+00     fixed    
   8  phi_CBO      4.04296e-01     fixed    
   9  ANx2         6.17909e-04   constant   
  10  pNx2         3.86483e+00   constant   
  11  ANy1         0.00000e+00   constant   
  12  pNy1         0.00000e+00   constant   
  13  w_y          0.00000e+00   constant   
  14  ANy2         5.22010e-05     fixed    
  15  pNy2         1.76471e+00   constant   
  16  w_vw         1.43097e+01   constant   
  17  LM          -1.37296e-04   constant   
  18  wCBO_expCoeff   2.00031e+02   1.59832e-02   9.53822e-05   7.03276e-01
  19  wCBO_expOffset   1.99999e+02   1.97546e-03   9.53670e-05   4.65852e+00
  20  wCBO_expT    3.00014e+01   1.62579e-03   1.43058e-05   2.59114e+00
  21  wCBO_linCoeff   0.00000e+00   constant   
  22  wCBO_const  -1.96490e-03   1.05017e-03   4.53353e-06  -2.80723e+00
 EXTERNAL ERROR MATRIX.    NDIM=  25    NPAR=  4    ERR DEF=1
  2.555e-04 -1.771e-05 -1.546e-05  4.920e-06 
 -1.771e-05  3.902e-06 -8.386e-07  1.969e-07 
 -1.546e-05 -8.386e-07  2.643e-06 -1.161e-06 
  4.920e-06  1.969e-07 -1.161e-06  1.103e-06 
 PARAMETER  CORRELATION COEFFICIENTS  
       NO.  GLOBAL     18     19     20     22
       18  0.98087   1.000 -0.561 -0.595  0.293
       19  0.97164  -0.561  1.000 -0.261  0.095
       20  0.98310  -0.595 -0.261  1.000 -0.680
       22  0.88849   0.293  0.095 -0.680  1.000
MINUIT - FIT ONLY 2-y
 **********
 **   76 **RES 
 **********
                   PARAMETER   14  ANy2 RESTORED TO VARIABLE.
                   PARAMETER    8  phi_CBO RESTORED TO VARIABLE.
                   PARAMETER    7  w_CBO RESTORED TO VARIABLE.
                   PARAMETER    6  A_CBO RESTORED TO VARIABLE.
                   PARAMETER    4  phi RESTORED TO VARIABLE.
                   PARAMETER    3  A0 RESTORED TO VARIABLE.
                   PARAMETER    1  N0 RESTORED TO VARIABLE.
 **********
 **   77 **FIX            0
 **********
 PARAMETER    0  IS UNDEFINED. IGNORED.
 **********
 **   78 **FIX            1
 **********
 **********
 **   79 **FIX            2
 **********
 PARAMETER    2  IS CONSTANT.   IGNORED.
 **********
 **   80 **FIX            3
 **********
 **********
 **   81 **FIX            4
 **********
 **********
 **   82 **FIX            5
 **********
 PARAMETER    5  IS CONSTANT.   IGNORED.
 **********
 **   83 **FIX            6
 **********
 **********
 **   84 **FIX            7
 **********
 **********
 **   85 **FIX            8
 **********
 **********
 **   86 **FIX            9
 **********
 PARAMETER    9  IS CONSTANT.   IGNORED.
 **********
 **   87 **FIX           10
 **********
 PARAMETER   10  IS CONSTANT.   IGNORED.
 **********
 **   88 **FIX           11
 **********
 PARAMETER   11  IS CONSTANT.   IGNORED.
 **********
 **   89 **FIX           12
 **********
 PARAMETER   12  IS CONSTANT.   IGNORED.
 **********
 **   90 **FIX           16
 **********
 PARAMETER   16  IS CONSTANT.   IGNORED.
 **********
 **   91 **MIGRAD
 **********
 START MIGRAD MINIMIZATION.  STRATEGY  1.  CONVERGENCE WHEN EDM .LT. 1.00e-04
 FCN=370.171 FROM MIGRAD    STATUS=INITIATE       10 CALLS         738 TOTAL
                     EDM= unknown      STRATEGY= 1      NO ERROR MATRIX       
  EXT PARAMETER               CURRENT GUESS       STEP         FIRST   
  NO.   NAME      VALUE            ERROR          SIZE      DERIVATIVE 
   1  N0           2.99493e+06     fixed    
   2  tau          6.43993e+01   constant   
   3  A0           3.54037e-01     fixed    
   4  phi          4.11870e+00     fixed    
   5  R           -6.01693e+01   constant   
   6  A_CBO        3.21705e-04     fixed    
   7  w_CBO        2.32640e+00     fixed    
   8  phi_CBO      4.04296e-01     fixed    
   9  ANx2         6.17909e-04   constant   
  10  pNx2         3.86483e+00   constant   
  11  ANy1         0.00000e+00   constant   
  12  pNy1         0.00000e+00   constant   
  13  w_y          0.00000e+00   constant   
  14  ANy2         5.22010e-05   3.01599e-04   3.01599e-04   2.80672e+00
  15  pNy2         1.76471e+00   constant   
  16  w_vw         1.43097e+01   constant   
  17  LM          -1.37296e-04   constant   
  18  wCBO_expCoeff   2.00031e+02   1.59832e-02   9.53822e-05   6.85621e-01
  19  wCBO_expOffset   1.99999e+02   1.97546e-03   9.53670e-05  -2.18998e+00
  20  wCBO_expT    3.00014e+01   1.62579e-03   1.43058e-05   2.79807e+00
  21  wCBO_linCoeff   0.00000e+00   constant   
  22  wCBO_const  -1.96490e-03   1.05017e-03   4.53353e-06  -2.80716e+00
 MIGRAD MINIMIZATION HAS CONVERGED.
 MIGRAD WILL VERIFY CONVERGENCE AND ERROR MATRIX.
 COVARIANCE MATRIX CALCULATED SUCCESSFULLY
 FCN=370.171 FROM MIGRAD    STATUS=CONVERGED      56 CALLS         784 TOTAL
                     EDM=1.39771e-05    STRATEGY= 1      ERROR MATRIX ACCURATE 
  EXT PARAMETER                                   STEP         FIRST   
  NO.   NAME      VALUE            ERROR          SIZE      DERIVATIVE 
   1  N0           2.99493e+06     fixed    
   2  tau          6.43993e+01   constant   
   3  A0           3.54037e-01     fixed    
   4  phi          4.11870e+00     fixed    
   5  R           -6.01693e+01   constant   
   6  A_CBO        3.21705e-04     fixed    
   7  w_CBO        2.32640e+00     fixed    
   8  phi_CBO      4.04296e-01     fixed    
   9  ANx2         6.17909e-04   constant   
  10  pNx2         3.86483e+00   constant   
  11  ANy1         0.00000e+00   constant   
  12  pNy1         0.00000e+00   constant   
  13  w_y          0.00000e+00   constant   
  14  ANy2         5.20748e-05   3.01133e-04   2.82099e-06  -2.37940e-01
  15  pNy2         1.76471e+00   constant   
  16  w_vw         1.43097e+01   constant   
  17  LM          -1.37296e-04   constant   
  18  wCBO_expCoeff   2.00031e+02   1.59879e-02   9.53822e-05   4.23273e-01
  19  wCBO_expOffset   1.99999e+02   1.97634e-03   9.53670e-05   2.79166e+00
  20  wCBO_expT    3.00014e+01   1.62715e-03   1.43058e-05   9.01396e-02
  21  wCBO_linCoeff   0.00000e+00   constant   
  22  wCBO_const  -1.96457e-03   1.05403e-03   4.53352e-06  -3.19723e+00
 EXTERNAL ERROR MATRIX.    NDIM=  25    NPAR=  5    ERR DEF=1
  9.068e-08  3.843e-08  1.209e-09 -1.902e-08  2.748e-08 
  3.843e-08  2.556e-04 -1.773e-05 -1.547e-05  4.931e-06 
  1.209e-09 -1.773e-05  3.906e-06 -8.393e-07  1.974e-07 
 -1.902e-08 -1.547e-05 -8.393e-07  2.648e-06 -1.166e-06 
  2.748e-08  4.931e-06  1.974e-07 -1.166e-06  1.111e-06 
 PARAMETER  CORRELATION COEFFICIENTS  
       NO.  GLOBAL     14     18     19     20     22
       14  0.09119   1.000  0.008  0.002 -0.039  0.087
       18  0.98088   0.008  1.000 -0.561 -0.595  0.293
       19  0.97167   0.002 -0.561  1.000 -0.261  0.095
       20  0.98313  -0.039 -0.595 -0.261  1.000 -0.680
       22  0.88935   0.087  0.293  0.095 -0.680  1.000
MINUIT - FIT ALTOGETHER
 **********
 **   92 **RES 
 **********
                   PARAMETER    8  phi_CBO RESTORED TO VARIABLE.
                   PARAMETER    7  w_CBO RESTORED TO VARIABLE.
                   PARAMETER    6  A_CBO RESTORED TO VARIABLE.
                   PARAMETER    4  phi RESTORED TO VARIABLE.
                   PARAMETER    3  A0 RESTORED TO VARIABLE.
                   PARAMETER    1  N0 RESTORED TO VARIABLE.
 **********
 **   93 **MIGRAD
 **********
 START MIGRAD MINIMIZATION.  STRATEGY  1.  CONVERGENCE WHEN EDM .LT. 1.00e-04
 FCN=370.171 FROM MIGRAD    STATUS=INITIATE       22 CALLS         806 TOTAL
                     EDM= unknown      STRATEGY= 1      NO ERROR MATRIX       
  EXT PARAMETER               CURRENT GUESS       STEP         FIRST   
  NO.   NAME      VALUE            ERROR          SIZE      DERIVATIVE 
   1  N0           2.99493e+06   6.41295e+02   6.41295e+02   2.79332e-04
   2  tau          6.43993e+01   constant   
   3  A0           3.54037e-01   2.78933e-04   2.78933e-04   5.06517e+02
   4  phi          4.11870e+00   8.36905e-04   8.36905e-04  -8.77467e+02
   5  R           -6.01693e+01   constant   
   6  A_CBO        3.21705e-04   3.10455e-04   3.10455e-04   1.48154e+01
   7  w_CBO        2.32640e+00   3.09799e-04   3.09799e-04   3.34665e+01
   8  phi_CBO      4.04296e-01   1.02125e+00   1.02125e+00  -2.29587e-04
   9  ANx2         6.17909e-04   constant   
  10  pNx2         3.86483e+00   constant   
  11  ANy1         0.00000e+00   constant   
  12  pNy1         0.00000e+00   constant   
  13  w_y          0.00000e+00   constant   
  14  ANy2         5.20748e-05   3.01133e-04   2.82099e-06  -2.37940e-01
  15  pNy2         1.76471e+00   constant   
  16  w_vw         1.43097e+01   constant   
  17  LM          -1.37296e-04   constant   
  18  wCBO_expCoeff   2.00031e+02   1.59879e-02   9.53822e-05   4.05638e-01
  19  wCBO_expOffset   1.99999e+02   1.97634e-03   9.53670e-05  -4.04895e+00
  20  wCBO_expT    3.00014e+01   1.62715e-03   1.43058e-05   2.97566e-01
  21  wCBO_linCoeff   0.00000e+00   constant   
  22  wCBO_const  -1.96457e-03   1.05403e-03   4.53352e-06  -3.19715e+00
 MIGRAD MINIMIZATION HAS CONVERGED.
 FCN=370.022 FROM MIGRAD    STATUS=CONVERGED     217 CALLS        1001 TOTAL
                     EDM=6.40022e-06    STRATEGY= 1  ERROR MATRIX UNCERTAINTY   1.4 per cent
  EXT PARAMETER                                   STEP         FIRST   
  NO.   NAME      VALUE            ERROR          SIZE      DERIVATIVE 
   1  N0           2.99487e+06   6.37822e+02   5.00807e-01  -1.81477e-06
