 + ++++++++++++++++++++++++++++++++++++++++++++++++++++++++++++++++++++ +
 +                                                                      +
 +           You have chose to blind your fitting according to          +
 +                omega_ref * (1 + (R +/- deltaR) *10^{-6})             +
 +                                                                      +
 + ++++++++++++++++++++++++++++++++++++++++++++++++++++++++++++++++++++ +
In main()...
reading format from /gm2data/zkhechad/run45/envelope/formats/formatB_sBin_constraintOn.txt
pBinTau 	= 0  
pBinPhi 	= 0  
constraintau 	= 1 
includeMopTerm 	= 0    
constrainMop    = 0   
Parameters after format file: pBinTau 0 pBinPhi 0 constraintau 1 includeMopTerm 0 constrainMop 0 c_e_scale 0.000000 
reading cbo reference file (full fit) from /gm2data/zkhechad/cboTemplates/Run4CBOTemplates/fullFits/run4/sBin_constraintOn_cE0.0_seed0_run4_calo9.root
A_CBO 0.010173 w_CBO 2.326319 phi_CBO 6.016081 N0 2790757.947661 R -60.043540 tau 64.405209 
Reading cboRef file /gm2data/zkhechad/cboTemplates/Run4CBOTemplates//cboIsolate/run4_calo9.root
deltaT 164.120000
windowBins = 1100
fitting sliding window 2080 from bin 2283 at 340.623600 to bin 3383 at 504.743600 (1100 bins)

Reading data from /gm2data/cornell/histograms/aMethod/histogram_a_run4.root
fitting cbo isolate
 **********
 **    1 **SET PRINTOUT            1
 **********
 **********
 **    2 **SET NOWARNINGS 
 **********
 PARAMETER DEFINITIONS:
    NO.   NAME         VALUE      STEP SIZE      LIMITS
     1 A_CBO        1.01731e-02  1.00000e-05     no limits
     2 w_CBO        2.32632e+00  1.00000e-02    2.00000e+00  3.00000e+00
     3 phi_CBO      6.01608e+00  1.00000e-02    0.00000e+00  6.28319e+00
 **********
 **    3 **MIGRAD
 **********
 FIRST CALL TO USER FUNCTION AT NEW START POINT, WITH IFLAG=4.
 START MIGRAD MINIMIZATION.  STRATEGY  1.  CONVERGENCE WHEN EDM .LT. 1.00e-04
 FCN=0.174165 FROM MIGRAD    STATUS=INITIATE       12 CALLS          13 TOTAL
                     EDM= unknown      STRATEGY= 1      NO ERROR MATRIX       
  EXT PARAMETER               CURRENT GUESS       STEP         FIRST   
  NO.   NAME      VALUE            ERROR          SIZE      DERIVATIVE 
   1  A_CBO        1.01731e-02   1.00000e-05   1.00000e-05   7.76474e+00
   2  w_CBO        2.32632e+00   1.00000e-02   2.13304e-02  -1.36626e+00
   3  phi_CBO      6.01608e+00   1.00000e-02   7.88999e-03   7.64414e-03
 MIGRAD MINIMIZATION HAS CONVERGED.
 MIGRAD WILL VERIFY CONVERGENCE AND ERROR MATRIX.
 COVARIANCE MATRIX CALCULATED SUCCESSFULLY
 FCN=0.146531 FROM HESSE     STATUS=OK             16 CALLS          58 TOTAL
                     EDM=8.78545e-05    STRATEGY= 1      ERROR MATRIX ACCURATE 
  EXT PARAMETER                                   STEP         FIRST   
  NO.   NAME      VALUE            ERROR          SIZE      DERIVATIVE 
   1  A_CBO        3.15361e-03   4.28169e-02   2.23121e-05  -2.39036e-03
   2  w_CBO        2.32658e+00   1.90777e-01   3.64087e-05  -4.30669e-02
   3  phi_CBO      5.95525e+00   4.62390e+00   5.02428e-03  -1.15709e-05
 MIGRAD MINIMIZATION HAS CONVERGED.
 MIGRAD WILL VERIFY CONVERGENCE AND ERROR MATRIX.
 COVARIANCE MATRIX CALCULATED SUCCESSFULLY
 FCN=0.146485 FROM MIGRAD    STATUS=CONVERGED     113 CALLS         114 TOTAL
                     EDM=1.82397e-05    STRATEGY= 1      ERROR MATRIX ACCURATE 
  EXT PARAMETER                                   STEP         FIRST   
  NO.   NAME      VALUE            ERROR          SIZE      DERIVATIVE 
   1  A_CBO        3.16864e-03   4.26960e-02   2.23115e-05  -4.17083e-04
   2  w_CBO        2.32719e+00   7.13738e-02   3.46455e-05   4.33758e-02
   3  phi_CBO      6.18533e+00   3.50060e+00   7.15430e-03  -3.07328e-04
 EXTERNAL ERROR MATRIX.    NDIM=  25    NPAR=  3    ERR DEF=1
  1.823e-03  2.797e-05  2.607e-02 
  2.797e-05  5.134e-03  1.844e+00 
  2.607e-02  1.844e+00  8.157e+02 
 PARAMETER  CORRELATION COEFFICIENTS  
       NO.  GLOBAL      1      2      3
        1  0.03167   1.000  0.009  0.021
        2  0.90123   0.009  1.000  0.901
        3  0.90127   0.021  0.901  1.000
setting A_CBO=0.003169 w_CBO=2.327194, phi_CBO=6.185333
done fitting cbo isolate
 **********
 **    1 **SET PRINTOUT            1
 **********
 **********
 **    2 **SET NOWARNINGS 
 **********
 PARAMETER DEFINITIONS:
    NO.   NAME         VALUE      STEP SIZE      LIMITS
     1 N0           2.79076e+06  1.00000e+02     no limits
     2 tau          6.44052e+01  constant
     3 A0           3.51393e-01  1.00000e-04     no limits
     4 phi          4.11695e+00  1.00000e-02     no limits
     5 R           -6.00435e+01  constant
     6 A_CBO        3.16864e-03  1.00000e-05     no limits
     7 w_CBO        2.32719e+00  1.00000e-03     no limits
     8 phi_CBO      6.18533e+00  1.00000e-04     no limits
     9 ANx2         5.96878e-04  constant
    10 pNx2         1.09681e+00  constant
    11 ANy1         0.00000e+00  constant
    12 pNy1         0.00000e+00  constant
    13 w_y          0.00000e+00  constant
    14 ANy2         1.07160e-02  1.00000e-04     no limits
    15 pNy2         5.64757e+00  constant
    16 w_vw         1.43013e+01  constant
    17 LM          -2.80163e-05  constant
    18 wCBO_expCoeff   2.00000e+02  1.00000e+00     no limits
    19 wCBO_expOffset   2.00000e+02  1.00000e+00     no limits
    20 wCBO_expT    3.00000e+01  1.00000e+00     no limits
    21 wCBO_linCoeff   0.00000e+00  constant
    22 wCBO_const   0.00000e+00  1.00000e-02     no limits
MINUIT - FIT ONLY WIGGLE
 **********
 **    3 **FIX            5
 **********
 PARAMETER    5  IS CONSTANT.   IGNORED.
 **********
 **    4 **FIX            6
 **********
 **********
 **    5 **FIX            7
 **********
 **********
 **    6 **FIX            8
 **********
 **********
 **    7 **FIX            9
 **********
 PARAMETER    9  IS CONSTANT.   IGNORED.
 **********
 **    8 **FIX           10
 **********
 PARAMETER   10  IS CONSTANT.   IGNORED.
 **********
 **    9 **FIX           11
 **********
 PARAMETER   11  IS CONSTANT.   IGNORED.
 **********
 **   10 **FIX           12
 **********
 PARAMETER   12  IS CONSTANT.   IGNORED.
 **********
 **   11 **FIX           13
 **********
 PARAMETER   13  IS CONSTANT.   IGNORED.
 **********
 **   12 **FIX           14
 **********
 **********
 **   13 **FIX           15
 **********
 PARAMETER   15  IS CONSTANT.   IGNORED.
 **********
 **   14 **FIX           16
 **********
 PARAMETER   16  IS CONSTANT.   IGNORED.
 **********
 **   15 **MIGRAD
 **********
 FIRST CALL TO USER FUNCTION AT NEW START POINT, WITH IFLAG=4.
 START MIGRAD MINIMIZATION.  STRATEGY  1.  CONVERGENCE WHEN EDM .LT. 1.00e-04
 FCN=574.602 FROM MIGRAD    STATUS=INITIATE       34 CALLS          35 TOTAL
                     EDM= unknown      STRATEGY= 1      NO ERROR MATRIX       
  EXT PARAMETER               CURRENT GUESS       STEP         FIRST   
  NO.   NAME      VALUE            ERROR          SIZE      DERIVATIVE 
   1  N0           2.79076e+06   1.00000e+02   1.00000e+02   1.48303e-03
   2  tau          6.44052e+01   constant   
   3  A0           3.51393e-01   1.00000e-04   1.00000e-04   7.91841e+02
   4  phi          4.11695e+00   1.00000e-02   1.00000e-02   8.67469e+01
   5  R           -6.00435e+01   constant   
   6  A_CBO        3.16864e-03     fixed    
   7  w_CBO        2.32719e+00     fixed    
   8  phi_CBO      6.18533e+00     fixed    
   9  ANx2         5.96878e-04   constant   
  10  pNx2         1.09681e+00   constant   
  11  ANy1         0.00000e+00   constant   
  12  pNy1         0.00000e+00   constant   
  13  w_y          0.00000e+00   constant   
  14  ANy2         1.07160e-02     fixed    
  15  pNy2         5.64757e+00   constant   
  16  w_vw         1.43013e+01   constant   
  17  LM          -2.80163e-05   constant   
  18  wCBO_expCoeff   2.00000e+02   1.00000e+00   1.00000e+00  -3.54617e+01
  19  wCBO_expOffset   2.00000e+02   1.00000e+00   1.00000e+00  -2.36412e+02
  20  wCBO_expT    3.00000e+01   1.00000e+00   1.00000e+00  -1.03920e+03
  21  wCBO_linCoeff   0.00000e+00   constant   
  22  wCBO_const   0.00000e+00   1.00000e-02   1.00000e-02  -6.46713e+01
 MIGRAD MINIMIZATION HAS CONVERGED.
 FCN=552.227 FROM MIGRAD    STATUS=CONVERGED     253 CALLS         254 TOTAL
                     EDM=3.15909e-07    STRATEGY= 1  ERROR MATRIX UNCERTAINTY   1.3 per cent
  EXT PARAMETER                                   STEP         FIRST   
  NO.   NAME      VALUE            ERROR          SIZE      DERIVATIVE 
   1  N0           2.78985e+06   1.39602e+03  -4.65264e+00  -1.93847e-07
   2  tau          6.44052e+01   constant   
   3  A0           3.50972e-01   6.54641e-04   4.40609e-06   1.16331e+00
   4  phi          4.11670e+00   1.94362e-03  -1.30707e-05   3.17794e-01
   5  R           -6.00435e+01   constant   
   6  A_CBO        3.16864e-03     fixed    
   7  w_CBO        2.32719e+00     fixed    
   8  phi_CBO      6.18533e+00     fixed    
   9  ANx2         5.96878e-04   constant   
  10  pNx2         1.09681e+00   constant   
  11  ANy1         0.00000e+00   constant   
  12  pNy1         0.00000e+00   constant   
  13  w_y          0.00000e+00   constant   
  14  ANy2         1.07160e-02     fixed    
  15  pNy2         5.64757e+00   constant   
  16  w_vw         1.43013e+01   constant   
  17  LM          -2.80163e-05   constant   
  18  wCBO_expCoeff   2.00007e+02   6.74648e-01  -5.13527e-03   3.75662e-03
  19  wCBO_expOffset   1.99999e+02   1.02009e-01  -7.74178e-04   2.49189e-02
  20  wCBO_expT    3.01570e+01   4.21266e-02   3.11421e-04   1.21826e-01
  21  wCBO_linCoeff   0.00000e+00   constant   
  22  wCBO_const  -5.23406e-04   6.67159e-04  -2.64636e-06   5.97809e-01
 EXTERNAL ERROR MATRIX.    NDIM=  25    NPAR=  7    ERR DEF=1
  1.949e+06  3.545e-02  8.055e-02 -3.626e+01 -5.446e+00  1.755e+00  4.053e-02 
  3.545e-02  4.286e-07 -8.626e-09  1.579e-05  2.392e-06 -8.727e-07  1.580e-08 
  8.055e-02 -8.626e-09  3.778e-06  2.508e-05  3.770e-06 -1.163e-06 -7.278e-08 
 -3.626e+01  1.579e-05  2.508e-05  4.551e-01  6.548e-02 -2.797e-02  2.930e-04 
 -5.446e+00  2.392e-06  3.770e-06  6.548e-02  1.041e-02 -4.230e-03  4.433e-05 
  1.755e+00 -8.727e-07 -1.163e-06 -2.797e-02 -4.230e-03  1.775e-03 -1.982e-05 
  4.053e-02  1.580e-08 -7.278e-08  2.930e-04  4.433e-05 -1.982e-05  4.451e-07 
 PARAMETER  CORRELATION COEFFICIENTS  
       NO.  GLOBAL      1      3      4     18     19     20     22
        1  0.12729   1.000  0.039  0.030 -0.038 -0.038  0.030  0.044
        3  0.11557   0.039  1.000 -0.007  0.036  0.036 -0.032  0.036
        4  0.10246   0.030 -0.007  1.000  0.019  0.019 -0.014 -0.056
       18  0.99402  -0.038  0.036  0.019  1.000  0.951 -0.984  0.651
       19  0.99418  -0.038  0.036  0.019  0.951  1.000 -0.984  0.651
       20  0.99847   0.030 -0.032 -0.014 -0.984 -0.984  1.000 -0.705
       22  0.87258   0.044  0.036 -0.056  0.651  0.651 -0.705  1.000
MINUIT - FIT ONLY 1-CBO + other amplitudes 
 **********
 **   16 **RES 
 **********
                   PARAMETER   14  ANy2 RESTORED TO VARIABLE.
                   PARAMETER    8  phi_CBO RESTORED TO VARIABLE.
                   PARAMETER    7  w_CBO RESTORED TO VARIABLE.
                   PARAMETER    6  A_CBO RESTORED TO VARIABLE.
 **********
 **   17 **FIX            0
 **********
 PARAMETER    0  IS UNDEFINED. IGNORED.
 **********
 **   18 **FIX            1
 **********
 **********
 **   19 **FIX            2
 **********
 PARAMETER    2  IS CONSTANT.   IGNORED.
 **********
 **   20 **FIX            3
 **********
 **********
 **   21 **FIX            4
 **********
 **********
 **   22 **FIX            9
 **********
 PARAMETER    9  IS CONSTANT.   IGNORED.
 **********
 **   23 **FIX           11
 **********
 PARAMETER   11  IS CONSTANT.   IGNORED.
 **********
 **   24 **FIX           12
 **********
 PARAMETER   12  IS CONSTANT.   IGNORED.
 **********
 **   25 **FIX           14
 **********
 **********
 **   26 **FIX           15
 **********
 PARAMETER   15  IS CONSTANT.   IGNORED.
 **********
 **   27 **FIX           16
 **********
 PARAMETER   16  IS CONSTANT.   IGNORED.
 **********
 **   28 **MIGRAD
 **********
 START MIGRAD MINIMIZATION.  STRATEGY  1.  CONVERGENCE WHEN EDM .LT. 1.00e-04
 FCN=552.227 FROM MIGRAD    STATUS=INITIATE       20 CALLS         274 TOTAL
                     EDM= unknown      STRATEGY= 1      NO ERROR MATRIX       
  EXT PARAMETER               CURRENT GUESS       STEP         FIRST   
  NO.   NAME      VALUE            ERROR          SIZE      DERIVATIVE 
   1  N0           2.78985e+06     fixed    
   2  tau          6.44052e+01   constant   
   3  A0           3.50972e-01     fixed    
   4  phi          4.11670e+00     fixed    
   5  R           -6.00435e+01   constant   
   6  A_CBO        3.16864e-03   1.00000e-05   1.00000e-05   6.10687e+03
   7  w_CBO        2.32719e+00   1.00000e-03   1.00000e-03   5.85518e-01
   8  phi_CBO      6.18533e+00   1.00000e-04   1.00000e-04   1.68442e+00
   9  ANx2         5.96878e-04   constant   
  10  pNx2         1.09681e+00   constant   
  11  ANy1         0.00000e+00   constant   
  12  pNy1         0.00000e+00   constant   
  13  w_y          0.00000e+00   constant   
  14  ANy2         1.07160e-02     fixed    
  15  pNy2         5.64757e+00   constant   
  16  w_vw         1.43013e+01   constant   
  17  LM          -2.80163e-05   constant   
  18  wCBO_expCoeff   2.00007e+02   6.74648e-01  -5.13527e-03   3.75666e-03
  19  wCBO_expOffset   1.99999e+02   1.02009e-01  -7.74178e-04   2.49192e-02
  20  wCBO_expT    3.01570e+01   4.21266e-02   3.11421e-04   1.21826e-01
  21  wCBO_linCoeff   0.00000e+00   constant   
  22  wCBO_const  -5.23406e-04   6.67159e-04  -2.64636e-06   5.97835e-01
 MIGRAD MINIMIZATION HAS CONVERGED.
 MIGRAD WILL VERIFY CONVERGENCE AND ERROR MATRIX.
 COVARIANCE MATRIX CALCULATED SUCCESSFULLY
 FCN=546.677 FROM MIGRAD    STATUS=CONVERGED     258 CALLS         512 TOTAL
                     EDM=3.42712e-07    STRATEGY= 1      ERROR MATRIX ACCURATE 
  EXT PARAMETER                                   STEP         FIRST   
  NO.   NAME      VALUE            ERROR          SIZE      DERIVATIVE 
   1  N0           2.78985e+06     fixed    
   2  tau          6.44052e+01   constant   
   3  A0           3.50972e-01     fixed    
   4  phi          4.11670e+00     fixed    
   5  R           -6.00435e+01   constant   
   6  A_CBO        1.59400e-03   7.19673e-04   7.99424e-06  -1.68209e-01
   7  w_CBO        2.32580e+00   9.13831e-03   5.51348e-06  -9.53711e-01
   8  phi_CBO      5.46410e+00   6.90775e-01   4.99271e-03   1.05089e-03
   9  ANx2         5.96878e-04   constant   
  10  pNx2         1.09681e+00   constant   
  11  ANy1         0.00000e+00   constant   
  12  pNy1         0.00000e+00   constant   
  13  w_y          0.00000e+00   constant   
  14  ANy2         1.07160e-02     fixed    
  15  pNy2         5.64757e+00   constant   
  16  w_vw         1.43013e+01   constant   
  17  LM          -2.80163e-05   constant   
  18  wCBO_expCoeff   1.99535e+02   1.10850e+00   9.54016e-04  -8.07930e-03
  19  wCBO_expOffset   1.99928e+02   1.67737e-01   1.44327e-04  -5.34799e-02
  20  wCBO_expT    3.01880e+01   2.98567e-02   2.86977e-05  -2.63492e-01
  21  wCBO_linCoeff   0.00000e+00   constant   
  22  wCBO_const  -6.13428e-04   3.92755e-03   3.99179e-06  -6.06882e-01
 EXTERNAL ERROR MATRIX.    NDIM=  25    NPAR=  7    ERR DEF=1
  5.179e-07  2.852e-07 -1.924e-06  6.048e-05  9.151e-06 -4.221e-06 -1.277e-07 
  2.852e-07  8.351e-05  6.842e-05 -2.690e-03 -4.076e-04 -5.515e-05 -3.545e-05 
 -1.924e-06  6.842e-05  4.772e-01 -1.470e-03 -2.213e-04  6.147e-04  1.882e-04 
  6.048e-05 -2.690e-03 -1.470e-03  1.229e+00 -9.263e-02 -1.187e-02  1.223e-03 
  9.151e-06 -4.076e-04 -2.213e-04 -9.263e-02  2.814e-02 -1.797e-03  1.853e-04 
 -4.221e-06 -5.515e-05  6.147e-04 -1.187e-02 -1.797e-03  8.914e-04  1.750e-05 
 -1.277e-07 -3.545e-05  1.882e-04  1.223e-03  1.853e-04  1.750e-05  1.543e-05 
 PARAMETER  CORRELATION COEFFICIENTS  
       NO.  GLOBAL      6      7      8     18     19     20     22
        6  0.23470   1.000  0.043 -0.004  0.076  0.076 -0.196 -0.045
        7  0.99861   0.043  1.000  0.011 -0.266 -0.266 -0.202 -0.988
        8  0.77403  -0.004  0.011  1.000 -0.002 -0.002  0.030  0.069
       18  0.99717   0.076 -0.266 -0.002  1.000 -0.498 -0.359  0.281
       19  0.99717   0.076 -0.266 -0.002 -0.498  1.000 -0.359  0.281
       20  0.99647  -0.196 -0.202  0.030 -0.359 -0.359  1.000  0.149
       22  0.99604  -0.045 -0.988  0.069  0.281  0.281  0.149  1.000
MINUIT - FIT ONLY 1-CBO
 **********
 **   29 **RES 
 **********
                   PARAMETER   14  ANy2 RESTORED TO VARIABLE.
                   PARAMETER    4  phi RESTORED TO VARIABLE.
                   PARAMETER    3  A0 RESTORED TO VARIABLE.
                   PARAMETER    1  N0 RESTORED TO VARIABLE.
 **********
 **   30 **FIX            0
 **********
 PARAMETER    0  IS UNDEFINED. IGNORED.
 **********
 **   31 **FIX            1
 **********
 **********
 **   32 **FIX            2
 **********
 PARAMETER    2  IS CONSTANT.   IGNORED.
 **********
 **   33 **FIX            3
 **********
 **********
 **   34 **FIX            4
 **********
 **********
 **   35 **FIX            8
 **********
 **********
 **   36 **FIX            9
 **********
 PARAMETER    9  IS CONSTANT.   IGNORED.
 **********
 **   37 **FIX           11
 **********
 PARAMETER   11  IS CONSTANT.   IGNORED.
 **********
 **   38 **FIX           12
 **********
 PARAMETER   12  IS CONSTANT.   IGNORED.
 **********
 **   39 **FIX           13
 **********
 PARAMETER   13  IS CONSTANT.   IGNORED.
 **********
 **   40 **FIX           15
 **********
 PARAMETER   15  IS CONSTANT.   IGNORED.
 **********
 **   41 **FIX           16
 **********
 PARAMETER   16  IS CONSTANT.   IGNORED.
 **********
 **   42 **MIGRAD
 **********
 START MIGRAD MINIMIZATION.  STRATEGY  1.  CONVERGENCE WHEN EDM .LT. 1.00e-04
 FCN=546.677 FROM MIGRAD    STATUS=INITIATE       16 CALLS         528 TOTAL
                     EDM= unknown      STRATEGY= 1      NO ERROR MATRIX       
  EXT PARAMETER               CURRENT GUESS       STEP         FIRST   
  NO.   NAME      VALUE            ERROR          SIZE      DERIVATIVE 
   1  N0           2.78985e+06     fixed    
   2  tau          6.44052e+01   constant   
   3  A0           3.50972e-01     fixed    
   4  phi          4.11670e+00     fixed    
   5  R           -6.00435e+01   constant   
   6  A_CBO        1.59400e-03   7.19673e-04   7.99424e-06  -1.68209e-01
   7  w_CBO        2.32580e+00   9.13831e-03   5.51348e-06  -9.68610e-01
   8  phi_CBO      5.46410e+00     fixed    
   9  ANx2         5.96878e-04   constant   
  10  pNx2         1.09681e+00   constant   
  11  ANy1         0.00000e+00   constant   
  12  pNy1         0.00000e+00   constant   
  13  w_y          0.00000e+00   constant   
  14  ANy2         1.07160e-02   1.00000e-04   1.00000e-04   4.27964e+04
  15  pNy2         5.64757e+00   constant   
  16  w_vw         1.43013e+01   constant   
  17  LM          -2.80163e-05   constant   
  18  wCBO_expCoeff   1.99535e+02   1.10850e+00   9.54016e-04  -8.24305e-03
  19  wCBO_expOffset   1.99928e+02   1.67737e-01   1.44327e-04  -5.44803e-02
  20  wCBO_expT    3.01880e+01   2.98567e-02   2.86977e-05  -2.68071e-01
  21  wCBO_linCoeff   0.00000e+00   constant   
  22  wCBO_const  -6.13428e-04   3.92755e-03   3.99179e-06  -6.20231e-01
 MIGRAD MINIMIZATION HAS CONVERGED.
 MIGRAD WILL VERIFY CONVERGENCE AND ERROR MATRIX.
 FCN=321.159 FROM MIGRAD    STATUS=CONVERGED     231 CALLS         743 TOTAL
                     EDM=5.38059e-06    STRATEGY= 1      ERR MATRIX NOT POS-DEF
  EXT PARAMETER                APPROXIMATE        STEP         FIRST   
  NO.   NAME      VALUE            ERROR          SIZE      DERIVATIVE 
   1  N0           2.78985e+06     fixed    
   2  tau          6.44052e+01   constant   
   3  A0           3.50972e-01     fixed    
   4  phi          4.11670e+00     fixed    
   5  R           -6.00435e+01   constant   
   6  A_CBO        1.42314e-03   7.18187e-04   6.16877e-06   3.14865e+00
   7  w_CBO        2.32807e+00   8.00080e-03   5.70641e-06   1.46837e+00
   8  phi_CBO      5.46410e+00     fixed    
   9  ANx2         5.96878e-04   constant   
  10  pNx2         1.09681e+00   constant   
  11  ANy1         0.00000e+00   constant   
  12  pNy1         0.00000e+00   constant   
  13  w_y          0.00000e+00   constant   
  14  ANy2         1.66057e-04   6.99072e-04   6.12369e-06  -1.47175e+00
  15  pNy2         5.64757e+00   constant   
  16  w_vw         1.43013e+01   constant   
  17  LM          -2.80163e-05   constant   
  18  wCBO_expCoeff   2.00532e+02   1.31542e+00   1.12963e-03   1.46088e-02
  19  wCBO_expOffset   2.00079e+02   1.97579e-01   1.69646e-04   9.72544e-02
  20  wCBO_expT    3.01189e+01   3.67423e-02   3.35819e-05   5.15830e-01
  21  wCBO_linCoeff   0.00000e+00   constant   
  22  wCBO_const  -1.32734e-03   3.41365e-03   3.55555e-06   4.89027e-01
 EXTERNAL ERROR MATRIX.    NDIM=  25    NPAR=  7    ERR DEF=1
  5.158e-07  9.653e-08  1.604e-09  2.022e-05  3.036e-06 -2.181e-06 -3.112e-10 
  9.653e-08  6.401e-05 -3.935e-08 -1.951e-03 -2.934e-04 -5.064e-05 -2.694e-05 
  1.604e-09 -3.935e-08  4.887e-07 -1.629e-05 -2.447e-06  1.234e-06  1.310e-08 
  2.022e-05 -1.951e-03 -1.629e-05  1.730e+00 -1.393e-01 -1.943e-02  9.554e-04 
  3.036e-06 -2.934e-04 -2.447e-06 -1.393e-01  3.904e-02 -2.918e-03  1.436e-04 
 -2.181e-06 -5.064e-05  1.234e-06 -1.943e-02 -2.918e-03  1.350e-03  1.158e-05 
 -3.112e-10 -2.694e-05  1.310e-08  9.554e-04  1.436e-04  1.158e-05  1.165e-05 
ERR MATRIX NOT POS-DEF
 PARAMETER  CORRELATION COEFFICIENTS  
       NO.  GLOBAL      6      7     14     18     19     20     22
        6  0.20851   1.000  0.017  0.003  0.021  0.021 -0.083 -0.000
        7  0.99671   0.017  1.000 -0.007 -0.185 -0.186 -0.172 -0.987
       14  0.07263   0.003 -0.007  1.000 -0.018 -0.018  0.048  0.005
       18  0.99527   0.021 -0.185 -0.018  1.000 -0.536 -0.402  0.213
       19  0.99527   0.021 -0.186 -0.018 -0.536  1.000 -0.402  0.213
       20  0.99463  -0.083 -0.172  0.048 -0.402 -0.402  1.000  0.092
       22  0.99295  -0.000 -0.987  0.005  0.213  0.213  0.092  1.000
 ERR MATRIX NOT POS-DEF
MINUIT - FIT ONLY 2-CBO
 **********
 **   43 **RES 
 **********
                   PARAMETER    8  phi_CBO RESTORED TO VARIABLE.
                   PARAMETER    4  phi RESTORED TO VARIABLE.
                   PARAMETER    3  A0 RESTORED TO VARIABLE.
                   PARAMETER    1  N0 RESTORED TO VARIABLE.
 **********
 **   44 **FIX            0
 **********
 PARAMETER    0  IS UNDEFINED. IGNORED.
 **********
 **   45 **FIX            1
 **********
 **********
 **   46 **FIX            2
 **********
 PARAMETER    2  IS CONSTANT.   IGNORED.
 **********
 **   47 **FIX            3
 **********
 **********
 **   48 **FIX            4
 **********
 **********
 **   49 **FIX            5
 **********
 PARAMETER    5  IS CONSTANT.   IGNORED.
 **********
 **   50 **FIX            6
 **********
 **********
 **   51 **FIX            7
 **********
 **********
 **   52 **FIX           10
 **********
 PARAMETER   10  IS CONSTANT.   IGNORED.
 **********
 **   53 **FIX           11
 **********
 PARAMETER   11  IS CONSTANT.   IGNORED.
 **********
 **   54 **FIX           12
 **********
 PARAMETER   12  IS CONSTANT.   IGNORED.
 **********
 **   55 **FIX           13
 **********
 PARAMETER   13  IS CONSTANT.   IGNORED.
 **********
 **   56 **FIX           14
 **********
 **********
 **   57 **FIX           15
 **********
 PARAMETER   15  IS CONSTANT.   IGNORED.
 **********
 **   58 **FIX           16
 **********
 PARAMETER   16  IS CONSTANT.   IGNORED.
 **********
 **   59 **MIGRAD
 **********
 START MIGRAD MINIMIZATION.  STRATEGY  1.  CONVERGENCE WHEN EDM .LT. 1.00e-04
 FCN=321.159 FROM MIGRAD    STATUS=INITIATE       10 CALLS         753 TOTAL
                     EDM= unknown      STRATEGY= 1      NO ERROR MATRIX       
  EXT PARAMETER               CURRENT GUESS       STEP         FIRST   
  NO.   NAME      VALUE            ERROR          SIZE      DERIVATIVE 
   1  N0           2.78985e+06     fixed    
   2  tau          6.44052e+01   constant   
   3  A0           3.50972e-01     fixed    
   4  phi          4.11670e+00     fixed    
   5  R           -6.00435e+01   constant   
   6  A_CBO        1.42314e-03     fixed    
   7  w_CBO        2.32807e+00     fixed    
   8  phi_CBO      5.46410e+00   6.90775e-01   6.90775e-01  -4.50174e-01
   9  ANx2         5.96878e-04   constant   
  10  pNx2         1.09681e+00   constant   
  11  ANy1         0.00000e+00   constant   
  12  pNy1         0.00000e+00   constant   
  13  w_y          0.00000e+00   constant   
  14  ANy2         1.66057e-04     fixed    
  15  pNy2         5.64757e+00   constant   
  16  w_vw         1.43013e+01   constant   
  17  LM          -2.80163e-05   constant   
  18  wCBO_expCoeff   2.00532e+02   1.31542e+00   1.12963e-03   1.45678e-02
  19  wCBO_expOffset   2.00079e+02   1.97579e-01   1.69646e-04   9.69954e-02
  20  wCBO_expT    3.01189e+01   3.67423e-02   3.35819e-05   5.15696e-01
  21  wCBO_linCoeff   0.00000e+00   constant   
  22  wCBO_const  -1.32734e-03   3.41365e-03   3.55555e-06   4.86834e-01
 MIGRAD MINIMIZATION HAS CONVERGED.
 MIGRAD WILL VERIFY CONVERGENCE AND ERROR MATRIX.
 FCN=321.096 FROM HESSE     STATUS=NOT POSDEF     35 CALLS         849 TOTAL
                     EDM=0.000218267    STRATEGY= 1      ERR MATRIX NOT POS-DEF
  EXT PARAMETER                APPROXIMATE        STEP         FIRST   
  NO.   NAME      VALUE            ERROR          SIZE      DERIVATIVE 
   1  N0           2.78985e+06     fixed    
   2  tau          6.44052e+01   constant   
   3  A0           3.50972e-01     fixed    
   4  phi          4.11670e+00     fixed    
   5  R           -6.00435e+01   constant   
   6  A_CBO        1.42314e-03     fixed    
   7  w_CBO        2.32807e+00     fixed    
   8  phi_CBO      5.72297e+00   9.57229e-01   4.27472e-03  -2.05734e-03
   9  ANx2         5.96878e-04   constant   
  10  pNx2         1.09681e+00   constant   
  11  ANy1         0.00000e+00   constant   
  12  pNy1         0.00000e+00   constant   
  13  w_y          0.00000e+00   constant   
  14  ANy2         1.66057e-04     fixed    
  15  pNy2         5.64757e+00   constant   
  16  w_vw         1.43013e+01   constant   
  17  LM          -2.80163e-05   constant   
  18  wCBO_expCoeff   2.00542e+02   1.45358e+00   1.05408e-03  -5.20182e-04
  19  wCBO_expOffset   2.00081e+02   2.18321e-01   1.58312e-04  -3.46306e-03
  20  wCBO_expT    3.01193e+01   3.79466e-02   3.10443e-05   7.76678e-01
  21  wCBO_linCoeff   0.00000e+00   constant   
  22  wCBO_const  -1.21702e-03   7.29841e-04   3.53417e-06   2.37508e+00
 MIGRAD MINIMIZATION HAS CONVERGED.
 MIGRAD WILL VERIFY CONVERGENCE AND ERROR MATRIX.
 FCN=321.096 FROM MIGRAD    STATUS=CONVERGED     151 CALLS         894 TOTAL
                     EDM=2.85919e-06    STRATEGY= 1      ERR MATRIX NOT POS-DEF
  EXT PARAMETER                APPROXIMATE        STEP         FIRST   
  NO.   NAME      VALUE            ERROR          SIZE      DERIVATIVE 
   1  N0           2.78985e+06     fixed    
   2  tau          6.44052e+01   constant   
   3  A0           3.50972e-01     fixed    
   4  phi          4.11670e+00     fixed    
   5  R           -6.00435e+01   constant   
   6  A_CBO        1.42314e-03     fixed    
   7  w_CBO        2.32807e+00     fixed    
   8  phi_CBO      5.72687e+00   9.58738e-01   4.27510e-03   4.04352e-03
   9  ANx2         5.96878e-04   constant   
  10  pNx2         1.09681e+00   constant   
  11  ANy1         0.00000e+00   constant   
  12  pNy1         0.00000e+00   constant   
  13  w_y          0.00000e+00   constant   
  14  ANy2         1.66057e-04     fixed    
  15  pNy2         5.64757e+00   constant   
  16  w_vw         1.43013e+01   constant   
  17  LM          -2.80163e-05   constant   
  18  wCBO_expCoeff   2.00569e+02   1.42573e+00   4.21633e-04  -1.50508e-02
  19  wCBO_expOffset   2.00085e+02   2.23599e-01   1.58634e-04  -1.00210e-01
  20  wCBO_expT    3.01176e+01   3.88309e-02   3.10359e-05  -5.24863e-01
  21  wCBO_linCoeff   0.00000e+00   constant   
  22  wCBO_const  -1.20403e-03   7.37920e-04   3.53449e-06  -5.76312e+00
 EXTERNAL ERROR MATRIX.    NDIM=  25    NPAR=  5    ERR DEF=1
  9.192e-01  1.032e-01  1.170e-02 -2.652e-03  4.308e-04 
  1.032e-01  2.033e+00 -1.960e-01 -2.175e-02  1.877e-04 
  1.170e-02 -1.960e-01  5.000e-02 -4.126e-03  3.196e-05 
 -2.652e-03 -2.175e-02 -4.126e-03  1.508e-03 -1.242e-05 
  4.308e-04  1.877e-04  3.196e-05 -1.242e-05  5.445e-07 
ERR MATRIX NOT POS-DEF
 PARAMETER  CORRELATION COEFFICIENTS  
       NO.  GLOBAL      8     18     19     20     22
        8  0.86179   1.000  0.076  0.055 -0.071  0.609
       18  0.99644   0.076  1.000 -0.615 -0.393  0.178
       19  0.99673   0.055 -0.615  1.000 -0.475  0.194
       20  0.99584  -0.071 -0.393 -0.475  1.000 -0.434
       22  0.83765   0.609  0.178  0.194 -0.434  1.000
 ERR MATRIX NOT POS-DEF
MINUIT - FIT ONLY 1-y
 **********
 **   60 **RES 
 **********
                   PARAMETER   14  ANy2 RESTORED TO VARIABLE.
                   PARAMETER    7  w_CBO RESTORED TO VARIABLE.
                   PARAMETER    6  A_CBO RESTORED TO VARIABLE.
                   PARAMETER    4  phi RESTORED TO VARIABLE.
                   PARAMETER    3  A0 RESTORED TO VARIABLE.
                   PARAMETER    1  N0 RESTORED TO VARIABLE.
 **********
 **   61 **FIX            0
 **********
 PARAMETER    0  IS UNDEFINED. IGNORED.
 **********
 **   62 **FIX            1
 **********
 **********
 **   63 **FIX            2
 **********
 PARAMETER    2  IS CONSTANT.   IGNORED.
 **********
 **   64 **FIX            3
 **********
 **********
 **   65 **FIX            4
 **********
 **********
 **   66 **FIX            5
 **********
 PARAMETER    5  IS CONSTANT.   IGNORED.
 **********
 **   67 **FIX            6
 **********
 **********
 **   68 **FIX            7
 **********
 **********
 **   69 **FIX            8
 **********
 **********
 **   70 **FIX            9
 **********
 PARAMETER    9  IS CONSTANT.   IGNORED.
 **********
 **   71 **FIX           13
 **********
 PARAMETER   13  IS CONSTANT.   IGNORED.
 **********
 **   72 **FIX           14
 **********
 **********
 **   73 **FIX           15
 **********
 PARAMETER   15  IS CONSTANT.   IGNORED.
 **********
 **   74 **FIX           16
 **********
 PARAMETER   16  IS CONSTANT.   IGNORED.
 **********
 **   75 **MIGRAD
 **********
 START MIGRAD MINIMIZATION.  STRATEGY  1.  CONVERGENCE WHEN EDM .LT. 1.00e-04
 FCN=321.096 FROM MIGRAD    STATUS=INITIATE        8 CALLS         902 TOTAL
                     EDM= unknown      STRATEGY= 1      NO ERROR MATRIX       
  EXT PARAMETER               CURRENT GUESS       STEP         FIRST   
  NO.   NAME      VALUE            ERROR          SIZE      DERIVATIVE 
   1  N0           2.78985e+06     fixed    
   2  tau          6.44052e+01   constant   
   3  A0           3.50972e-01     fixed    
   4  phi          4.11670e+00     fixed    
   5  R           -6.00435e+01   constant   
   6  A_CBO        1.42314e-03     fixed    
   7  w_CBO        2.32807e+00     fixed    
   8  phi_CBO      5.72687e+00     fixed    
   9  ANx2         5.96878e-04   constant   
  10  pNx2         1.09681e+00   constant   
  11  ANy1         0.00000e+00   constant   
  12  pNy1         0.00000e+00   constant   
  13  w_y          0.00000e+00   constant   
  14  ANy2         1.66057e-04     fixed    
  15  pNy2         5.64757e+00   constant   
  16  w_vw         1.43013e+01   constant   
  17  LM          -2.80163e-05   constant   
  18  wCBO_expCoeff   2.00569e+02   1.42573e+00   4.21633e-04  -1.50273e-02
  19  wCBO_expOffset   2.00085e+02   2.23599e-01   1.58634e-04  -9.99827e-02
  20  wCBO_expT    3.01176e+01   3.88309e-02   3.10359e-05  -5.23374e-01
  21  wCBO_linCoeff   0.00000e+00   constant   
  22  wCBO_const  -1.20403e-03   7.37920e-04   3.53449e-06  -5.77012e+00
 MIGRAD MINIMIZATION HAS CONVERGED.
 MIGRAD WILL VERIFY CONVERGENCE AND ERROR MATRIX.
 FCN=321.096 FROM MIGRAD    STATUS=CONVERGED      41 CALLS         935 TOTAL
                     EDM=5.38592e-07    STRATEGY= 1      ERR MATRIX NOT POS-DEF
  EXT PARAMETER                APPROXIMATE        STEP         FIRST   
  NO.   NAME      VALUE            ERROR          SIZE      DERIVATIVE 
   1  N0           2.78985e+06     fixed    
   2  tau          6.44052e+01   constant   
   3  A0           3.50972e-01     fixed    
   4  phi          4.11670e+00     fixed    
   5  R           -6.00435e+01   constant   
   6  A_CBO        1.42314e-03     fixed    
   7  w_CBO        2.32807e+00     fixed    
   8  phi_CBO      5.72687e+00     fixed    
   9  ANx2         5.96878e-04   constant   
  10  pNx2         1.09681e+00   constant   
  11  ANy1         0.00000e+00   constant   
  12  pNy1         0.00000e+00   constant   
  13  w_y          0.00000e+00   constant   
  14  ANy2         1.66057e-04     fixed    
  15  pNy2         5.64757e+00   constant   
  16  w_vw         1.43013e+01   constant   
  17  LM          -2.80163e-05   constant   
  18  wCBO_expCoeff   2.00569e+02   1.58930e+00   1.05643e-03   2.16171e-03
  19  wCBO_expOffset   2.00085e+02   2.38661e-01   1.58634e-04   1.44087e-02
  20  wCBO_expT    3.01176e+01   4.03760e-02   3.10923e-05   6.70732e-02
  21  wCBO_linCoeff   0.00000e+00   constant   
  22  wCBO_const  -1.20389e-03   5.90811e-04   3.54151e-06  -1.47843e+00
 EXTERNAL ERROR MATRIX.    NDIM=  25    NPAR=  4    ERR DEF=1
  2.526e+00 -2.485e-01 -2.647e-02  1.725e-04 
 -2.485e-01  5.696e-02 -3.976e-03  2.591e-05 
 -2.647e-02 -3.976e-03  1.630e-03 -1.208e-05 
  1.725e-04  2.591e-05 -1.208e-05  3.491e-07 
ERR MATRIX NOT POS-DEF
 PARAMETER  CORRELATION COEFFICIENTS  
       NO.  GLOBAL     18     19     20     22
       18  0.99713   1.000 -0.655 -0.412  0.184
       19  0.99713  -0.655  1.000 -0.413  0.184
       20  0.99615  -0.412 -0.413  1.000 -0.507
       22  0.73106   0.184  0.184 -0.507  1.000
 ERR MATRIX NOT POS-DEF
MINUIT - FIT ONLY 2-y
 **********
 **   76 **RES 
 **********
                   PARAMETER   14  ANy2 RESTORED TO VARIABLE.
                   PARAMETER    8  phi_CBO RESTORED TO VARIABLE.
                   PARAMETER    7  w_CBO RESTORED TO VARIABLE.
                   PARAMETER    6  A_CBO RESTORED TO VARIABLE.
                   PARAMETER    4  phi RESTORED TO VARIABLE.
                   PARAMETER    3  A0 RESTORED TO VARIABLE.
                   PARAMETER    1  N0 RESTORED TO VARIABLE.
 **********
 **   77 **FIX            0
 **********
 PARAMETER    0  IS UNDEFINED. IGNORED.
 **********
 **   78 **FIX            1
 **********
 **********
 **   79 **FIX            2
 **********
 PARAMETER    2  IS CONSTANT.   IGNORED.
 **********
 **   80 **FIX            3
 **********
 **********
 **   81 **FIX            4
 **********
 **********
 **   82 **FIX            5
 **********
 PARAMETER    5  IS CONSTANT.   IGNORED.
 **********
 **   83 **FIX            6
 **********
 **********
 **   84 **FIX            7
 **********
 **********
 **   85 **FIX            8
 **********
 **********
 **   86 **FIX            9
 **********
 PARAMETER    9  IS CONSTANT.   IGNORED.
 **********
 **   87 **FIX           10
 **********
 PARAMETER   10  IS CONSTANT.   IGNORED.
 **********
 **   88 **FIX           11
 **********
 PARAMETER   11  IS CONSTANT.   IGNORED.
 **********
 **   89 **FIX           12
 **********
 PARAMETER   12  IS CONSTANT.   IGNORED.
 **********
 **   90 **FIX           16
 **********
 PARAMETER   16  IS CONSTANT.   IGNORED.
 **********
 **   91 **MIGRAD
 **********
 START MIGRAD MINIMIZATION.  STRATEGY  1.  CONVERGENCE WHEN EDM .LT. 1.00e-04
 FCN=321.096 FROM MIGRAD    STATUS=INITIATE       10 CALLS         945 TOTAL
                     EDM= unknown      STRATEGY= 1      NO ERROR MATRIX       
  EXT PARAMETER               CURRENT GUESS       STEP         FIRST   
  NO.   NAME      VALUE            ERROR          SIZE      DERIVATIVE 
   1  N0           2.78985e+06     fixed    
   2  tau          6.44052e+01   constant   
   3  A0           3.50972e-01     fixed    
   4  phi          4.11670e+00     fixed    
   5  R           -6.00435e+01   constant   
   6  A_CBO        1.42314e-03     fixed    
   7  w_CBO        2.32807e+00     fixed    
   8  phi_CBO      5.72687e+00     fixed    
   9  ANx2         5.96878e-04   constant   
  10  pNx2         1.09681e+00   constant   
  11  ANy1         0.00000e+00   constant   
  12  pNy1         0.00000e+00   constant   
  13  w_y          0.00000e+00   constant   
  14  ANy2         1.66057e-04   6.99072e-04   6.99072e-04   2.19303e+01
  15  pNy2         5.64757e+00   constant   
  16  w_vw         1.43013e+01   constant   
  17  LM          -2.80163e-05   constant   
  18  wCBO_expCoeff   2.00569e+02   1.58930e+00   1.05643e-03   2.19740e-03
  19  wCBO_expOffset   2.00085e+02   2.38661e-01   1.58634e-04   1.46362e-02
  20  wCBO_expT    3.01176e+01   4.03760e-02   3.10923e-05   6.85622e-02
  21  wCBO_linCoeff   0.00000e+00   constant   
  22  wCBO_const  -1.20389e-03   5.90811e-04   3.54151e-06  -1.48545e+00
 MIGRAD MINIMIZATION HAS CONVERGED.
 MIGRAD WILL VERIFY CONVERGENCE AND ERROR MATRIX.
 FCN=321.095 FROM MIGRAD    STATUS=CONVERGED      52 CALLS         987 TOTAL
                     EDM=8.97077e-07    STRATEGY= 1      ERR MATRIX NOT POS-DEF
  EXT PARAMETER                APPROXIMATE        STEP         FIRST   
  NO.   NAME      VALUE            ERROR          SIZE      DERIVATIVE 
   1  N0           2.78985e+06     fixed    
   2  tau          6.44052e+01   constant   
   3  A0           3.50972e-01     fixed    
   4  phi          4.11670e+00     fixed    
   5  R           -6.00435e+01   constant   
   6  A_CBO        1.42314e-03     fixed    
   7  w_CBO        2.32807e+00     fixed    
   8  phi_CBO      5.72687e+00     fixed    
   9  ANx2         5.96878e-04   constant   
  10  pNx2         1.09681e+00   constant   
  11  ANy1         0.00000e+00   constant   
  12  pNy1         0.00000e+00   constant   
  13  w_y          0.00000e+00   constant   
  14  ANy2         1.60703e-04   6.99229e-04   6.12311e-06   2.41660e-02
  15  pNy2         5.64757e+00   constant   
  16  w_vw         1.43013e+01   constant   
  17  LM          -2.80163e-05   constant   
  18  wCBO_expCoeff   2.00569e+02   1.58823e+00   1.05632e-03   6.44309e-03
  19  wCBO_expOffset   2.00085e+02   2.38498e-01   1.58618e-04   4.29207e-02
  20  wCBO_expT    3.01176e+01   4.03996e-02   3.10888e-05   2.41289e-01
  21  wCBO_linCoeff   0.00000e+00   constant   
  22  wCBO_const  -1.20377e-03   5.90770e-04   3.54146e-06   7.56406e-01
 EXTERNAL ERROR MATRIX.    NDIM=  25    NPAR=  5    ERR DEF=1
  4.889e-07 -2.108e-05 -3.165e-06  1.417e-06 -3.969e-09 
 -2.108e-05  2.522e+00 -2.479e-01 -2.650e-02  1.725e-04 
 -3.165e-06 -2.479e-01  5.688e-02 -3.979e-03  2.590e-05 
  1.417e-06 -2.650e-02 -3.979e-03  1.632e-03 -1.208e-05 
 -3.969e-09  1.725e-04  2.590e-05 -1.208e-05  3.490e-07 
ERR MATRIX NOT POS-DEF
 PARAMETER  CORRELATION COEFFICIENTS  
       NO.  GLOBAL     14     18     19     20     22
       14  0.08019   1.000 -0.019 -0.019  0.050 -0.010
       18  0.99713  -0.019  1.000 -0.654 -0.413  0.184
       19  0.99713  -0.019 -0.654  1.000 -0.413  0.184
       20  0.99616   0.050 -0.413 -0.413  1.000 -0.506
       22  0.73104  -0.010  0.184  0.184 -0.506  1.000
 ERR MATRIX NOT POS-DEF
MINUIT - FIT ALTOGETHER
 **********
 **   92 **RES 
 **********
                   PARAMETER    8  phi_CBO RESTORED TO VARIABLE.
                   PARAMETER    7  w_CBO RESTORED TO VARIABLE.
                   PARAMETER    6  A_CBO RESTORED TO VARIABLE.
                   PARAMETER    4  phi RESTORED TO VARIABLE.
                   PARAMETER    3  A0 RESTORED TO VARIABLE.
                   PARAMETER    1  N0 RESTORED TO VARIABLE.
 **********
 **   93 **MIGRAD
