 + ++++++++++++++++++++++++++++++++++++++++++++++++++++++++++++++++++++ +
 +                                                                      +
 +           You have chose to blind your fitting according to          +
 +                omega_ref * (1 + (R +/- deltaR) *10^{-6})             +
 +                                                                      +
 + ++++++++++++++++++++++++++++++++++++++++++++++++++++++++++++++++++++ +
In main()...
reading format from /gm2data/zkhechad/run45/envelope/formats/formatB_sBin_constraintOn.txt
pBinTau 	= 0  
pBinPhi 	= 0  
constraintau 	= 1 
includeMopTerm 	= 0    
constrainMop    = 0   
Parameters after format file: pBinTau 0 pBinPhi 0 constraintau 1 includeMopTerm 0 constrainMop 0 c_e_scale 0.000000 
reading cbo reference file (full fit) from /gm2data/zkhechad/cboTemplates/Run4CBOTemplates/fullFits/run4/sBin_constraintOn_cE0.0_seed0_run4_calo24.root
A_CBO 0.008786 w_CBO 2.327157 phi_CBO 2.253382 N0 3075736.764901 R -61.041197 tau 64.406859 
Reading cboRef file /gm2data/zkhechad/cboTemplates/Run4CBOTemplates//cboIsolate/run4_calo24.root
deltaT 164.120000
windowBins = 1100
fitting sliding window 1440 from bin 1643 at 245.135600 to bin 2743 at 409.255600 (1100 bins)

Reading data from /gm2data/cornell/histograms/aMethod/histogram_a_run4.root
fitting cbo isolate
 **********
 **    1 **SET PRINTOUT            1
 **********
 **********
 **    2 **SET NOWARNINGS 
 **********
 PARAMETER DEFINITIONS:
    NO.   NAME         VALUE      STEP SIZE      LIMITS
     1 A_CBO        8.78574e-03  1.00000e-05     no limits
     2 w_CBO        2.32716e+00  1.00000e-02    2.00000e+00  3.00000e+00
     3 phi_CBO      2.25338e+00  1.00000e-02    0.00000e+00  6.28319e+00
 **********
 **    3 **MIGRAD
 **********
 FIRST CALL TO USER FUNCTION AT NEW START POINT, WITH IFLAG=4.
 START MIGRAD MINIMIZATION.  STRATEGY  1.  CONVERGENCE WHEN EDM .LT. 1.00e-04
 FCN=0.0496941 FROM MIGRAD    STATUS=INITIATE       12 CALLS          13 TOTAL
                     EDM= unknown      STRATEGY= 1      NO ERROR MATRIX       
  EXT PARAMETER               CURRENT GUESS       STEP         FIRST   
  NO.   NAME      VALUE            ERROR          SIZE      DERIVATIVE 
   1  A_CBO        8.78574e-03   1.00000e-05   1.00000e-05   6.71537e+00
   2  w_CBO        2.32716e+00   1.00000e-02   2.13163e-02   1.00650e+00
   3  phi_CBO      2.25338e+00   1.00000e-02   3.31850e-03  -1.84145e-02
 MIGRAD MINIMIZATION HAS CONVERGED.
 MIGRAD WILL VERIFY CONVERGENCE AND ERROR MATRIX.
 COVARIANCE MATRIX CALCULATED SUCCESSFULLY
 FCN=0.029008 FROM HESSE     STATUS=OK             18 CALLS          60 TOTAL
                     EDM=5.52201e-05    STRATEGY= 1      ERROR MATRIX ACCURATE 
  EXT PARAMETER                                   STEP         FIRST   
  NO.   NAME      VALUE            ERROR          SIZE      DERIVATIVE 
   1  A_CBO        2.77837e-03   4.31640e-02   2.10906e-05   2.62480e-04
   2  w_CBO        2.32675e+00   2.96445e-01   5.10299e-05   2.16974e-02
   3  phi_CBO      2.35435e+00   3.94620e+00   2.57440e-03   5.49172e-07
 MIGRAD MINIMIZATION HAS CONVERGED.
 FCN=0.0289589 FROM MIGRAD    STATUS=CONVERGED      70 CALLS          71 TOTAL
                     EDM=2.06681e-06    STRATEGY= 1  ERROR MATRIX UNCERTAINTY   1.9 per cent
  EXT PARAMETER                                   STEP         FIRST   
  NO.   NAME      VALUE            ERROR          SIZE      DERIVATIVE 
   1  A_CBO        2.82118e-03   4.23530e-02   4.28072e-05   2.96566e-02
   2  w_CBO        2.32480e+00   2.80421e-01  -4.15837e-03  -2.42566e-02
   3  phi_CBO      1.74368e+00   3.49220e+00  -2.07853e-01   5.04489e-04
 EXTERNAL ERROR MATRIX.    NDIM=  25    NPAR=  3    ERR DEF=1
  1.794e-03 -8.549e-04 -2.847e-01 
 -8.549e-04  9.039e-02  2.792e+01 
 -2.847e-01  2.792e+01  8.811e+03 
 PARAMETER  CORRELATION COEFFICIENTS  
       NO.  GLOBAL      1      2      3
        1  0.07596   1.000 -0.067 -0.072
        2  0.98920  -0.067  1.000  0.989
        3  0.98921  -0.072  0.989  1.000
setting A_CBO=0.002821 w_CBO=2.324803, phi_CBO=1.743681
done fitting cbo isolate
 **********
 **    1 **SET PRINTOUT            1
 **********
 **********
 **    2 **SET NOWARNINGS 
 **********
 PARAMETER DEFINITIONS:
    NO.   NAME         VALUE      STEP SIZE      LIMITS
     1 N0           3.07574e+06  1.00000e+02     no limits
     2 tau          6.44069e+01  constant
     3 A0           3.65045e-01  1.00000e-04     no limits
     4 phi          4.11943e+00  1.00000e-02     no limits
     5 R           -6.10412e+01  constant
     6 A_CBO        2.82118e-03  1.00000e-05     no limits
     7 w_CBO        2.32480e+00  1.00000e-03     no limits
     8 phi_CBO      1.74368e+00  1.00000e-04     no limits
     9 ANx2         1.88981e-04  constant
    10 pNx2         1.59299e+00  constant
    11 ANy1         0.00000e+00  constant
    12 pNy1         0.00000e+00  constant
    13 w_y          0.00000e+00  constant
    14 ANy2         1.39657e-02  1.00000e-04     no limits
    15 pNy2         4.84726e+00  constant
    16 w_vw         1.43184e+01  constant
    17 LM           1.57605e-04  constant
    18 wCBO_expCoeff   2.00000e+02  1.00000e+00     no limits
    19 wCBO_expOffset   2.00000e+02  1.00000e+00     no limits
    20 wCBO_expT    3.00000e+01  1.00000e+00     no limits
    21 wCBO_linCoeff   0.00000e+00  constant
    22 wCBO_const   0.00000e+00  1.00000e-02     no limits
MINUIT - FIT ONLY WIGGLE
 **********
 **    3 **FIX            5
 **********
 PARAMETER    5  IS CONSTANT.   IGNORED.
 **********
 **    4 **FIX            6
 **********
 **********
 **    5 **FIX            7
 **********
 **********
 **    6 **FIX            8
 **********
 **********
 **    7 **FIX            9
 **********
 PARAMETER    9  IS CONSTANT.   IGNORED.
 **********
 **    8 **FIX           10
 **********
 PARAMETER   10  IS CONSTANT.   IGNORED.
 **********
 **    9 **FIX           11
 **********
 PARAMETER   11  IS CONSTANT.   IGNORED.
 **********
 **   10 **FIX           12
 **********
 PARAMETER   12  IS CONSTANT.   IGNORED.
 **********
 **   11 **FIX           13
 **********
 PARAMETER   13  IS CONSTANT.   IGNORED.
 **********
 **   12 **FIX           14
 **********
 **********
 **   13 **FIX           15
 **********
 PARAMETER   15  IS CONSTANT.   IGNORED.
 **********
 **   14 **FIX           16
 **********
 PARAMETER   16  IS CONSTANT.   IGNORED.
 **********
 **   15 **MIGRAD
 **********
 FIRST CALL TO USER FUNCTION AT NEW START POINT, WITH IFLAG=4.
 START MIGRAD MINIMIZATION.  STRATEGY  1.  CONVERGENCE WHEN EDM .LT. 1.00e-04
 FCN=2425.75 FROM MIGRAD    STATUS=INITIATE       58 CALLS          59 TOTAL
                     EDM= unknown      STRATEGY= 1      NO ERROR MATRIX       
  EXT PARAMETER               CURRENT GUESS       STEP         FIRST   
  NO.   NAME      VALUE            ERROR          SIZE      DERIVATIVE 
   1  N0           3.07574e+06   1.00000e+02   0.00000e+00   2.90183e-03
   2  tau          6.44069e+01   constant   
   3  A0           3.65045e-01   1.00000e-04   0.00000e+00  -1.24788e+03
   4  phi          4.11943e+00   1.00000e-02   0.00000e+00  -5.78441e+02
   5  R           -6.10412e+01   constant   
   6  A_CBO        2.82118e-03     fixed    
   7  w_CBO        2.32480e+00     fixed    
   8  phi_CBO      1.74368e+00     fixed    
   9  ANx2         1.88981e-04   constant   
  10  pNx2         1.59299e+00   constant   
  11  ANy1         0.00000e+00   constant   
  12  pNy1         0.00000e+00   constant   
  13  w_y          0.00000e+00   constant   
  14  ANy2         1.39657e-02     fixed    
  15  pNy2         4.84726e+00   constant   
  16  w_vw         1.43184e+01   constant   
  17  LM           1.57605e-04   constant   
  18  wCBO_expCoeff   2.00018e+02   1.00000e+00   1.84523e-02  -2.90663e+01
  19  wCBO_expOffset   2.00000e+02   1.00000e+00   0.00000e+00  -1.91347e+02
  20  wCBO_expT    3.00000e+01   1.00000e+00   0.00000e+00   8.90319e+03
  21  wCBO_linCoeff   0.00000e+00   constant   
  22  wCBO_const   0.00000e+00   1.00000e-02   0.00000e+00   2.91951e+04
 MIGRAD MINIMIZATION HAS CONVERGED.
 FCN=2395.81 FROM MIGRAD    STATUS=CONVERGED     173 CALLS         174 TOTAL
                     EDM=7.88969e-06    STRATEGY= 1  ERROR MATRIX UNCERTAINTY   2.5 per cent
  EXT PARAMETER                                   STEP         FIRST   
  NO.   NAME      VALUE            ERROR          SIZE      DERIVATIVE 
   1  N0           3.07526e+06   6.88729e+02   1.37116e+01  -3.63365e-06
   2  tau          6.44069e+01   constant   
   3  A0           3.65138e-01   2.98500e-04   1.50403e-06   1.63576e-01
   4  phi          4.11971e+00   8.53769e-04  -1.38534e-05  -2.21325e+00
   5  R           -6.10412e+01   constant   
   6  A_CBO        2.82118e-03     fixed    
   7  w_CBO        2.32480e+00     fixed    
   8  phi_CBO      1.74368e+00     fixed    
   9  ANx2         1.88981e-04   constant   
  10  pNx2         1.59299e+00   constant   
  11  ANy1         0.00000e+00   constant   
  12  pNy1         0.00000e+00   constant   
  13  w_y          0.00000e+00   constant   
  14  ANy2         1.39657e-02     fixed    
  15  pNy2         4.84726e+00   constant   
  16  w_vw         1.43184e+01   constant   
  17  LM           1.57605e-04   constant   
  18  wCBO_expCoeff   2.00031e+02   1.11729e-02   4.31578e-05   1.82584e-01
  19  wCBO_expOffset   2.00002e+02   1.64514e-03   6.47834e-06   1.08627e+00
  20  wCBO_expT    2.99985e+01   2.41841e-03  -1.77020e-06   4.88841e+00
  21  wCBO_linCoeff   0.00000e+00   constant   
  22  wCBO_const  -1.25295e-03   7.53464e-04  -6.13608e-06   6.03995e+00
 EXTERNAL ERROR MATRIX.    NDIM=  25    NPAR=  7    ERR DEF=1
  4.743e+05  5.423e-03  9.092e-03  8.911e-01  1.315e-01 -1.813e-01  4.158e-02 
  5.423e-03  8.910e-08 -4.326e-09  3.046e-07  4.465e-08 -8.141e-08  2.119e-08 
  9.092e-03 -4.326e-09  7.289e-07 -4.645e-07 -6.838e-08  1.335e-07 -3.806e-08 
  8.911e-01  3.046e-07 -4.645e-07  1.248e-04  1.503e-05 -2.518e-05  6.926e-06 
  1.315e-01  4.465e-08 -6.838e-08  1.503e-05  2.706e-06 -3.698e-06  1.016e-06 
 -1.813e-01 -8.141e-08  1.335e-07 -2.518e-05 -3.698e-06  5.849e-06 -1.681e-06 
  4.158e-02  2.119e-08 -3.806e-08  6.926e-06  1.016e-06 -1.681e-06  5.677e-07 
 PARAMETER  CORRELATION COEFFICIENTS  
       NO.  GLOBAL      1      3      4     18     19     20     22
        1  0.13432   1.000  0.026  0.015  0.116  0.116 -0.109  0.080
        3  0.14716   0.026  1.000 -0.017  0.091  0.091 -0.113  0.094
        4  0.09297   0.015 -0.017  1.000 -0.049 -0.049  0.065 -0.059
       18  0.95142   0.116  0.091 -0.049  1.000  0.818 -0.932  0.823
       19  0.94964   0.116  0.091 -0.049  0.818  1.000 -0.929  0.819
       20  0.98954  -0.109 -0.113  0.065 -0.932 -0.929  1.000 -0.922
       22  0.94036   0.080  0.094 -0.059  0.823  0.819 -0.922  1.000
MINUIT - FIT ONLY 1-CBO + other amplitudes 
 **********
 **   16 **RES 
 **********
                   PARAMETER   14  ANy2 RESTORED TO VARIABLE.
                   PARAMETER    8  phi_CBO RESTORED TO VARIABLE.
                   PARAMETER    7  w_CBO RESTORED TO VARIABLE.
                   PARAMETER    6  A_CBO RESTORED TO VARIABLE.
 **********
 **   17 **FIX            0
 **********
 PARAMETER    0  IS UNDEFINED. IGNORED.
 **********
 **   18 **FIX            1
 **********
 **********
 **   19 **FIX            2
 **********
 PARAMETER    2  IS CONSTANT.   IGNORED.
 **********
 **   20 **FIX            3
 **********
 **********
 **   21 **FIX            4
 **********
 **********
 **   22 **FIX            9
 **********
 PARAMETER    9  IS CONSTANT.   IGNORED.
 **********
 **   23 **FIX           11
 **********
 PARAMETER   11  IS CONSTANT.   IGNORED.
 **********
 **   24 **FIX           12
 **********
 PARAMETER   12  IS CONSTANT.   IGNORED.
 **********
 **   25 **FIX           14
 **********
 **********
 **   26 **FIX           15
 **********
 PARAMETER   15  IS CONSTANT.   IGNORED.
 **********
 **   27 **FIX           16
 **********
 PARAMETER   16  IS CONSTANT.   IGNORED.
 **********
 **   28 **MIGRAD
 **********
 START MIGRAD MINIMIZATION.  STRATEGY  1.  CONVERGENCE WHEN EDM .LT. 1.00e-04
 FCN=2395.81 FROM MIGRAD    STATUS=INITIATE       22 CALLS         196 TOTAL
                     EDM= unknown      STRATEGY= 1      NO ERROR MATRIX       
  EXT PARAMETER               CURRENT GUESS       STEP         FIRST   
  NO.   NAME      VALUE            ERROR          SIZE      DERIVATIVE 
   1  N0           3.07526e+06     fixed    
   2  tau          6.44069e+01   constant   
   3  A0           3.65138e-01     fixed    
   4  phi          4.11971e+00     fixed    
   5  R           -6.10412e+01   constant   
   6  A_CBO        2.82118e-03   1.00000e-05   1.00000e-05   3.35817e+04
   7  w_CBO        2.32480e+00   1.00000e-03   1.00000e-03   1.82843e+01
   8  phi_CBO      1.74368e+00   1.00000e-04   1.00000e-04  -3.57779e-02
   9  ANx2         1.88981e-04   constant   
  10  pNx2         1.59299e+00   constant   
  11  ANy1         0.00000e+00   constant   
  12  pNy1         0.00000e+00   constant   
  13  w_y          0.00000e+00   constant   
  14  ANy2         1.39657e-02     fixed    
  15  pNy2         4.84726e+00   constant   
  16  w_vw         1.43184e+01   constant   
  17  LM           1.57605e-04   constant   
  18  wCBO_expCoeff   2.00031e+02   1.11729e-02   4.31578e-05   1.82584e-01
  19  wCBO_expOffset   2.00002e+02   1.64514e-03   6.47834e-06   1.08627e+00
  20  wCBO_expT    2.99985e+01   2.41841e-03  -1.77020e-06   4.88841e+00
  21  wCBO_linCoeff   0.00000e+00   constant   
  22  wCBO_const  -1.25295e-03   7.53464e-04  -6.13608e-06   6.03996e+00
 MIGRAD MINIMIZATION HAS CONVERGED.
 MIGRAD WILL VERIFY CONVERGENCE AND ERROR MATRIX.
 COVARIANCE MATRIX CALCULATED SUCCESSFULLY
 FCN=2363.03 FROM MIGRAD    STATUS=CONVERGED     347 CALLS         521 TOTAL
                     EDM=2.32769e-06    STRATEGY= 1      ERROR MATRIX ACCURATE 
  EXT PARAMETER                                   STEP         FIRST   
  NO.   NAME      VALUE            ERROR          SIZE      DERIVATIVE 
   1  N0           3.07526e+06     fixed    
   2  tau          6.44069e+01   constant   
   3  A0           3.65138e-01     fixed    
   4  phi          4.11971e+00     fixed    
   5  R           -6.10412e+01   constant   
   6  A_CBO        1.13109e-03   3.20636e-04   7.53865e-06   9.48691e-01
   7  w_CBO        2.32470e+00   5.35677e-04   1.10850e-06   1.17921e+01
   8  phi_CBO     -5.93374e-02   4.87327e-01   6.60955e-03  -3.70163e-03
   9  ANx2         1.88981e-04   constant   
  10  pNx2         1.59299e+00   constant   
  11  ANy1         0.00000e+00   constant   
  12  pNy1         0.00000e+00   constant   
  13  w_y          0.00000e+00   constant   
  14  ANy2         1.39657e-02     fixed    
  15  pNy2         4.84726e+00   constant   
  16  w_vw         1.43184e+01   constant   
  17  LM           1.57605e-04   constant   
  18  wCBO_expCoeff   2.00025e+02   4.62331e-02   9.53794e-05   1.23985e-01
  19  wCBO_expOffset   2.00001e+02   3.34583e-03   9.53679e-05   8.16716e-01
  20  wCBO_expT    3.00004e+01   2.00980e-03   1.43053e-05   1.15145e+00
  21  wCBO_linCoeff   0.00000e+00   constant   
  22  wCBO_const  -4.15177e-03   1.03184e-03   7.63654e-06   2.63592e+00
 EXTERNAL ERROR MATRIX.    NDIM=  25    NPAR=  7    ERR DEF=1
  1.028e-07  6.213e-09  1.806e-06  5.591e-07 -5.464e-08 -7.890e-08  2.729e-08 
  6.213e-09  2.869e-07  3.755e-06 -2.035e-05 -3.756e-07 -1.888e-07 -5.705e-08 
  1.806e-06  3.755e-06  2.375e-01  3.036e-04  4.530e-05 -1.406e-04  2.958e-04 
  5.591e-07 -2.035e-05  3.036e-04  2.138e-03 -3.400e-05 -1.644e-05  1.442e-05 
 -5.464e-08 -3.756e-07  4.530e-05 -3.400e-05  1.119e-05 -7.490e-07  4.074e-07 
 -7.890e-08 -1.888e-07 -1.406e-04 -1.644e-05 -7.490e-07  4.039e-06 -1.507e-06 
  2.729e-08 -5.705e-08  2.958e-04  1.442e-05  4.074e-07 -1.507e-06  1.065e-06 
 PARAMETER  CORRELATION COEFFICIENTS  
       NO.  GLOBAL      6      7      8     18     19     20     22
        6  0.13879   1.000  0.036  0.012  0.038 -0.051 -0.122  0.082
        7  0.99742   0.036  1.000  0.014 -0.821 -0.210 -0.175 -0.103
        8  0.82062   0.012  0.014  1.000  0.013  0.028 -0.144  0.588
       18  0.99724   0.038 -0.821  0.013  1.000 -0.220 -0.177  0.302
       19  0.98807  -0.051 -0.210  0.028 -0.220  1.000 -0.111  0.118
       20  0.99046  -0.122 -0.175 -0.144 -0.177 -0.111  1.000 -0.727
       22  0.95014   0.082 -0.103  0.588  0.302  0.118 -0.727  1.000
MINUIT - FIT ONLY 1-CBO
 **********
 **   29 **RES 
 **********
                   PARAMETER   14  ANy2 RESTORED TO VARIABLE.
                   PARAMETER    4  phi RESTORED TO VARIABLE.
                   PARAMETER    3  A0 RESTORED TO VARIABLE.
                   PARAMETER    1  N0 RESTORED TO VARIABLE.
 **********
 **   30 **FIX            0
 **********
 PARAMETER    0  IS UNDEFINED. IGNORED.
 **********
 **   31 **FIX            1
 **********
 **********
 **   32 **FIX            2
 **********
 PARAMETER    2  IS CONSTANT.   IGNORED.
 **********
 **   33 **FIX            3
 **********
 **********
 **   34 **FIX            4
 **********
 **********
 **   35 **FIX            8
 **********
 **********
 **   36 **FIX            9
 **********
 PARAMETER    9  IS CONSTANT.   IGNORED.
 **********
 **   37 **FIX           11
 **********
 PARAMETER   11  IS CONSTANT.   IGNORED.
 **********
 **   38 **FIX           12
 **********
 PARAMETER   12  IS CONSTANT.   IGNORED.
 **********
 **   39 **FIX           13
 **********
 PARAMETER   13  IS CONSTANT.   IGNORED.
 **********
 **   40 **FIX           15
 **********
 PARAMETER   15  IS CONSTANT.   IGNORED.
 **********
 **   41 **FIX           16
 **********
 PARAMETER   16  IS CONSTANT.   IGNORED.
 **********
 **   42 **MIGRAD
 **********
 START MIGRAD MINIMIZATION.  STRATEGY  1.  CONVERGENCE WHEN EDM .LT. 1.00e-04
 FCN=2363.03 FROM MIGRAD    STATUS=INITIATE       16 CALLS         537 TOTAL
                     EDM= unknown      STRATEGY= 1      NO ERROR MATRIX       
  EXT PARAMETER               CURRENT GUESS       STEP         FIRST   
  NO.   NAME      VALUE            ERROR          SIZE      DERIVATIVE 
   1  N0           3.07526e+06     fixed    
   2  tau          6.44069e+01   constant   
   3  A0           3.65138e-01     fixed    
   4  phi          4.11971e+00     fixed    
   5  R           -6.10412e+01   constant   
   6  A_CBO        1.13109e-03   3.20636e-04   7.53865e-06   9.48690e-01
   7  w_CBO        2.32470e+00   5.35677e-04   1.10850e-06   1.12803e+01
   8  phi_CBO     -5.93374e-02     fixed    
   9  ANx2         1.88981e-04   constant   
  10  pNx2         1.59299e+00   constant   
  11  ANy1         0.00000e+00   constant   
  12  pNy1         0.00000e+00   constant   
  13  w_y          0.00000e+00   constant   
  14  ANy2         1.39657e-02   1.00000e-04   1.00000e-04   2.79821e+05
  15  pNy2         4.84726e+00   constant   
  16  w_vw         1.43184e+01   constant   
  17  LM           1.57605e-04   constant   
  18  wCBO_expCoeff   2.00025e+02   4.62331e-02   9.53794e-05   1.18226e-01
  19  wCBO_expOffset   2.00001e+02   3.34583e-03   9.53679e-05  -1.43106e+00
  20  wCBO_expT    3.00004e+01   2.00980e-03   1.43053e-05   1.16514e+00
  21  wCBO_linCoeff   0.00000e+00   constant   
  22  wCBO_const  -4.15177e-03   1.03184e-03   7.63654e-06   2.61785e+00
 MIGRAD MINIMIZATION HAS CONVERGED.
 MIGRAD WILL VERIFY CONVERGENCE AND ERROR MATRIX.
 FCN=394.241 FROM HESSE     STATUS=NOT POSDEF     52 CALLS         739 TOTAL
                     EDM=0.00109181    STRATEGY= 1      ERR MATRIX NOT POS-DEF
  EXT PARAMETER                APPROXIMATE        STEP         FIRST   
  NO.   NAME      VALUE            ERROR          SIZE      DERIVATIVE 
   1  N0           3.07526e+06     fixed    
   2  tau          6.44069e+01   constant   
   3  A0           3.65138e-01     fixed    
   4  phi          4.11971e+00     fixed    
   5  R           -6.10412e+01   constant   
   6  A_CBO        1.65898e-04   3.90736e-04   3.11837e-06   1.06323e+00
   7  w_CBO        2.32476e+00   2.34676e-04   1.10853e-06  -1.67323e+01
   8  phi_CBO     -5.93374e-02     fixed    
   9  ANx2         1.88981e-04   constant   
  10  pNx2         1.59299e+00   constant   
  11  ANy1         0.00000e+00   constant   
  12  pNy1         0.00000e+00   constant   
  13  w_y          0.00000e+00   constant   
  14  ANy2        -1.13230e-04   3.01370e-04   3.07070e-06  -5.31943e-01
  15  pNy2         4.84726e+00   constant   
  16  w_vw         1.43184e+01   constant   
  17  LM           1.57605e-04   constant   
  18  wCBO_expCoeff   2.00031e+02   2.04102e-02   9.53824e-05  -2.06477e-01
  19  wCBO_expOffset   2.00002e+02   3.21156e-03   9.53684e-05  -1.37397e+00
  20  wCBO_expT    3.00000e+01   6.46236e-03   1.43051e-05  -6.58470e+00
  21  wCBO_linCoeff   0.00000e+00   constant   
  22  wCBO_const  -4.64996e-03   1.05597e-02   1.05419e-05   2.40461e+00
 MIGRAD FAILS TO FIND IMPROVEMENT
 MIGRAD TERMINATED WITHOUT CONVERGENCE.
 FCN=393.266 FROM MIGRAD    STATUS=FAILED        412 CALLS         933 TOTAL
                     EDM=0.00336045    STRATEGY= 1      ERR MATRIX NOT POS-DEF
  EXT PARAMETER                APPROXIMATE        STEP         FIRST   
  NO.   NAME      VALUE            ERROR          SIZE      DERIVATIVE 
   1  N0           3.07526e+06     fixed    
   2  tau          6.44069e+01   constant   
   3  A0           3.65138e-01     fixed    
   4  phi          4.11971e+00     fixed    
   5  R           -6.10412e+01   constant   
   6  A_CBO        7.04598e-05   2.99808e-04  -0.00000e+00   1.46166e+02
   7  w_CBO        2.32724e+00   4.20892e-02   0.00000e+00  -5.07094e+02
   8  phi_CBO     -5.93374e-02     fixed    
   9  ANx2         1.88981e-04   constant   
  10  pNx2         1.59299e+00   constant   
  11  ANy1         0.00000e+00   constant   
  12  pNy1         0.00000e+00   constant   
  13  w_y          0.00000e+00   constant   
  14  ANy2        -1.35503e-04   3.21983e-04   0.00000e+00  -5.14279e+01
  15  pNy2         4.84726e+00   constant   
  16  w_vw         1.43184e+01   constant   
  17  LM           1.57605e-04   constant   
  18  wCBO_expCoeff   2.00064e+02   1.04292e+00   0.00000e+00  -5.51939e+00
  19  wCBO_expOffset   1.99961e+02   5.98980e-01  -0.00000e+00  -3.64778e+01
  20  wCBO_expT    3.00040e+01   4.67789e-03   0.00000e+00  -8.25704e+01
  21  wCBO_linCoeff   0.00000e+00   constant   
  22  wCBO_const  -8.03869e-03   1.83353e-02  -0.00000e+00  -7.65271e+01
 EXTERNAL ERROR MATRIX.    NDIM=  25    NPAR=  7    ERR DEF=1
  8.988e-08 -1.124e-06  5.208e-09 -1.709e-05  1.719e-05 -1.107e-07  5.805e-07 
 -1.124e-06  1.772e-03  2.953e-06  8.111e-03 -2.435e-02  1.246e-04 -7.687e-04 
  5.208e-09  2.953e-06  1.037e-07  3.475e-05 -4.362e-05  1.167e-07 -1.259e-06 
 -1.709e-05  8.111e-03  3.475e-05  1.088e+00 -2.708e-01  1.322e-03 -3.598e-03 
  1.719e-05 -2.435e-02 -4.362e-05 -2.708e-01  3.588e-01 -1.843e-03  1.058e-02 
 -1.107e-07  1.246e-04  1.167e-07  1.322e-03 -1.843e-03  2.188e-05 -5.914e-05 
  5.805e-07 -7.687e-04 -1.259e-06 -3.598e-03  1.058e-02 -5.914e-05  3.362e-04 
ERR MATRIX NOT POS-DEF
 PARAMETER  CORRELATION COEFFICIENTS  
       NO.  GLOBAL      6      7     14     18     19     20     22
        6  0.46325   1.000 -0.089  0.054 -0.055  0.096 -0.079  0.106
        7  1.00000  -0.089  1.000  0.218  0.185 -0.966  0.633 -0.996
       14  0.36042   0.054  0.218  1.000  0.103 -0.226  0.078 -0.213
       18  1.00000  -0.055  0.185  0.103  1.000 -0.434  0.271 -0.188
       19  1.00000   0.096 -0.966 -0.226 -0.434  1.000 -0.658  0.963
       20  0.99891  -0.079  0.633  0.078  0.271 -0.658  1.000 -0.689
       22  0.99978   0.106 -0.996 -0.213 -0.188  0.963 -0.689  1.000
 ERR MATRIX NOT POS-DEF
MINUIT - FIT ONLY 2-CBO
 **********
 **   43 **RES 
 **********
                   PARAMETER    8  phi_CBO RESTORED TO VARIABLE.
                   PARAMETER    4  phi RESTORED TO VARIABLE.
                   PARAMETER    3  A0 RESTORED TO VARIABLE.
                   PARAMETER    1  N0 RESTORED TO VARIABLE.
 **********
 **   44 **FIX            0
 **********
 PARAMETER    0  IS UNDEFINED. IGNORED.
 **********
 **   45 **FIX            1
 **********
 **********
 **   46 **FIX            2
 **********
 PARAMETER    2  IS CONSTANT.   IGNORED.
 **********
 **   47 **FIX            3
 **********
 **********
 **   48 **FIX            4
 **********
 **********
 **   49 **FIX            5
 **********
 PARAMETER    5  IS CONSTANT.   IGNORED.
 **********
 **   50 **FIX            6
 **********
 **********
 **   51 **FIX            7
 **********
 **********
 **   52 **FIX           10
 **********
 PARAMETER   10  IS CONSTANT.   IGNORED.
 **********
 **   53 **FIX           11
 **********
 PARAMETER   11  IS CONSTANT.   IGNORED.
 **********
 **   54 **FIX           12
 **********
 PARAMETER   12  IS CONSTANT.   IGNORED.
 **********
 **   55 **FIX           13
 **********
 PARAMETER   13  IS CONSTANT.   IGNORED.
 **********
 **   56 **FIX           14
 **********
 **********
 **   57 **FIX           15
 **********
 PARAMETER   15  IS CONSTANT.   IGNORED.
 **********
 **   58 **FIX           16
 **********
 PARAMETER   16  IS CONSTANT.   IGNORED.
 **********
 **   59 **MIGRAD
 **********
 START MIGRAD MINIMIZATION.  STRATEGY  1.  CONVERGENCE WHEN EDM .LT. 1.00e-04
 FCN=393.266 FROM MIGRAD    STATUS=INITIATE       12 CALLS         945 TOTAL
                     EDM= unknown      STRATEGY= 1      NO ERROR MATRIX       
  EXT PARAMETER               CURRENT GUESS       STEP         FIRST   
  NO.   NAME      VALUE            ERROR          SIZE      DERIVATIVE 
   1  N0           3.07526e+06     fixed    
   2  tau          6.44069e+01   constant   
   3  A0           3.65138e-01     fixed    
   4  phi          4.11971e+00     fixed    
   5  R           -6.10412e+01   constant   
   6  A_CBO        7.04598e-05     fixed    
   7  w_CBO        2.32724e+00     fixed    
   8  phi_CBO     -5.93374e-02   4.87327e-01   4.87327e-01   7.78865e-02
   9  ANx2         1.88981e-04   constant   
  10  pNx2         1.59299e+00   constant   
  11  ANy1         0.00000e+00   constant   
  12  pNy1         0.00000e+00   constant   
  13  w_y          0.00000e+00   constant   
  14  ANy2        -1.35503e-04     fixed    
  15  pNy2         4.84726e+00   constant   
  16  w_vw         1.43184e+01   constant   
  17  LM           1.57605e-04   constant   
  18  wCBO_expCoeff   2.00064e+02   1.04292e+00   0.00000e+00  -5.51939e+00
  19  wCBO_expOffset   1.99961e+02   5.98980e-01  -0.00000e+00  -3.64778e+01
  20  wCBO_expT    3.00040e+01   4.67789e-03   0.00000e+00  -8.25704e+01
  21  wCBO_linCoeff   0.00000e+00   constant   
  22  wCBO_const  -8.03869e-03   1.83353e-02  -0.00000e+00  -7.65271e+01
 MIGRAD MINIMIZATION HAS CONVERGED.
 MIGRAD WILL VERIFY CONVERGENCE AND ERROR MATRIX.
 FCN=393.234 FROM MIGRAD    STATUS=CONVERGED     119 CALLS        1052 TOTAL
                     EDM=2.76838e-07    STRATEGY= 1      ERR MATRIX NOT POS-DEF
  EXT PARAMETER                APPROXIMATE        STEP         FIRST   
  NO.   NAME      VALUE            ERROR          SIZE      DERIVATIVE 
   1  N0           3.07526e+06     fixed    
   2  tau          6.44069e+01   constant   
   3  A0           3.65138e-01     fixed    
   4  phi          4.11971e+00     fixed    
   5  R           -6.10412e+01   constant   
   6  A_CBO        7.04598e-05     fixed    
   7  w_CBO        2.32724e+00     fixed    
   8  phi_CBO     -8.19408e-01   4.15016e+00   3.92045e-02  -4.47059e-05
   9  ANx2         1.88981e-04   constant   
  10  pNx2         1.59299e+00   constant   
  11  ANy1         0.00000e+00   constant   
  12  pNy1         0.00000e+00   constant   
  13  w_y          0.00000e+00   constant   
  14  ANy2        -1.35503e-04     fixed    
  15  pNy2         4.84726e+00   constant   
  16  w_vw         1.43184e+01   constant   
  17  LM           1.57605e-04   constant   
  18  wCBO_expCoeff   2.00063e+02   9.43325e-02   9.53974e-05   1.70603e-02
  19  wCBO_expOffset   1.99960e+02   1.43484e-02   9.53486e-05   1.15149e-01
  20  wCBO_expT    3.00042e+01   3.12836e-03   1.43071e-05   5.29430e-01
  21  wCBO_linCoeff   0.00000e+00   constant   
  22  wCBO_const  -8.09804e-03   1.24861e-03   6.34654e-06   6.04572e-01
 EXTERNAL ERROR MATRIX.    NDIM=  25    NPAR=  5    ERR DEF=1
  1.722e+01  3.481e-02 -2.484e-03 -2.236e-03  1.206e-03 
  3.481e-02  8.899e-03 -1.275e-03 -3.739e-05  9.939e-06 
 -2.484e-03 -1.275e-03  2.059e-04 -8.884e-06  1.956e-06 
 -2.236e-03 -3.739e-05 -8.884e-06  9.787e-06 -2.871e-06 
  1.206e-03  9.939e-06  1.956e-06 -2.871e-06  1.559e-06 
ERR MATRIX NOT POS-DEF
 PARAMETER  CORRELATION COEFFICIENTS  
       NO.  GLOBAL      8     18     19     20     22
        8  0.24300   1.000  0.089 -0.042 -0.172  0.233
       18  0.99657   0.089  1.000 -0.942 -0.127  0.084
       19  0.99666  -0.042 -0.942  1.000 -0.198  0.109
       20  0.98021  -0.172 -0.127 -0.198  1.000 -0.735
       22  0.85281   0.233  0.084  0.109 -0.735  1.000
 ERR MATRIX NOT POS-DEF
MINUIT - FIT ONLY 1-y
 **********
 **   60 **RES 
 **********
                   PARAMETER   14  ANy2 RESTORED TO VARIABLE.
                   PARAMETER    7  w_CBO RESTORED TO VARIABLE.
                   PARAMETER    6  A_CBO RESTORED TO VARIABLE.
                   PARAMETER    4  phi RESTORED TO VARIABLE.
                   PARAMETER    3  A0 RESTORED TO VARIABLE.
                   PARAMETER    1  N0 RESTORED TO VARIABLE.
 **********
 **   61 **FIX            0
 **********
 PARAMETER    0  IS UNDEFINED. IGNORED.
 **********
 **   62 **FIX            1
 **********
 **********
 **   63 **FIX            2
 **********
 PARAMETER    2  IS CONSTANT.   IGNORED.
 **********
 **   64 **FIX            3
 **********
 **********
 **   65 **FIX            4
 **********
 **********
 **   66 **FIX            5
 **********
 PARAMETER    5  IS CONSTANT.   IGNORED.
 **********
 **   67 **FIX            6
 **********
 **********
 **   68 **FIX            7
 **********
 **********
 **   69 **FIX            8
 **********
 **********
 **   70 **FIX            9
 **********
 PARAMETER    9  IS CONSTANT.   IGNORED.
 **********
 **   71 **FIX           13
 **********
 PARAMETER   13  IS CONSTANT.   IGNORED.
 **********
 **   72 **FIX           14
 **********
 **********
 **   73 **FIX           15
 **********
 PARAMETER   15  IS CONSTANT.   IGNORED.
 **********
 **   74 **FIX           16
 **********
 PARAMETER   16  IS CONSTANT.   IGNORED.
 **********
 **   75 **MIGRAD
 **********
 START MIGRAD MINIMIZATION.  STRATEGY  1.  CONVERGENCE WHEN EDM .LT. 1.00e-04
 FCN=393.234 FROM MIGRAD    STATUS=INITIATE        8 CALLS        1060 TOTAL
                     EDM= unknown      STRATEGY= 1      NO ERROR MATRIX       
  EXT PARAMETER               CURRENT GUESS       STEP         FIRST   
  NO.   NAME      VALUE            ERROR          SIZE      DERIVATIVE 
   1  N0           3.07526e+06     fixed    
   2  tau          6.44069e+01   constant   
   3  A0           3.65138e-01     fixed    
   4  phi          4.11971e+00     fixed    
   5  R           -6.10412e+01   constant   
   6  A_CBO        7.04598e-05     fixed    
   7  w_CBO        2.32724e+00     fixed    
   8  phi_CBO     -8.19408e-01     fixed    
   9  ANx2         1.88981e-04   constant   
  10  pNx2         1.59299e+00   constant   
  11  ANy1         0.00000e+00   constant   
  12  pNy1         0.00000e+00   constant   
  13  w_y          0.00000e+00   constant   
  14  ANy2        -1.35503e-04     fixed    
  15  pNy2         4.84726e+00   constant   
  16  w_vw         1.43184e+01   constant   
  17  LM           1.57605e-04   constant   
  18  wCBO_expCoeff   2.00063e+02   9.43325e-02   9.53974e-05   1.78666e-02
  19  wCBO_expOffset   1.99960e+02   1.43484e-02   9.53486e-05   4.29710e-01
  20  wCBO_expT    3.00042e+01   3.12836e-03   1.43071e-05   5.38853e-01
  21  wCBO_linCoeff   0.00000e+00   constant   
  22  wCBO_const  -8.09804e-03   1.24861e-03   6.34654e-06   6.04311e-01
 MIGRAD MINIMIZATION HAS CONVERGED.
 MIGRAD WILL VERIFY CONVERGENCE AND ERROR MATRIX.
 FCN=393.234 FROM MIGRAD    STATUS=CONVERGED      46 CALLS        1098 TOTAL
                     EDM=2.08641e-07    STRATEGY= 1      ERR MATRIX NOT POS-DEF
  EXT PARAMETER                APPROXIMATE        STEP         FIRST   
  NO.   NAME      VALUE            ERROR          SIZE      DERIVATIVE 
   1  N0           3.07526e+06     fixed    
   2  tau          6.44069e+01   constant   
   3  A0           3.65138e-01     fixed    
   4  phi          4.11971e+00     fixed    
   5  R           -6.10412e+01   constant   
   6  A_CBO        7.04598e-05     fixed    
   7  w_CBO        2.32724e+00     fixed    
   8  phi_CBO     -8.19408e-01     fixed    
   9  ANx2         1.88981e-04   constant   
  10  pNx2         1.59299e+00   constant   
  11  ANy1         0.00000e+00   constant   
  12  pNy1         0.00000e+00   constant   
  13  w_y          0.00000e+00   constant   
  14  ANy2        -1.35503e-04     fixed    
  15  pNy2         4.84726e+00   constant   
  16  w_vw         1.43184e+01   constant   
  17  LM           1.57605e-04   constant   
  18  wCBO_expCoeff   2.00063e+02   9.41698e-02   9.53974e-05  -1.64513e-02
  19  wCBO_expOffset   1.99960e+02   1.43709e-02   9.53486e-05  -1.08298e-01
  20  wCBO_expT    3.00042e+01   3.08207e-03   1.43071e-05   8.90278e-02
  21  wCBO_linCoeff   0.00000e+00   constant   
  22  wCBO_const  -8.09806e-03   1.21441e-03   6.34672e-06   2.55221e-01
 EXTERNAL ERROR MATRIX.    NDIM=  25    NPAR=  4    ERR DEF=1
  8.868e-03 -1.276e-03 -3.264e-05  7.446e-06 
 -1.276e-03  2.065e-04 -9.245e-06  2.139e-06 
 -3.264e-05 -9.245e-06  9.499e-06 -2.715e-06 
  7.446e-06  2.139e-06 -2.715e-06  1.475e-06 
ERR MATRIX NOT POS-DEF
 PARAMETER  CORRELATION COEFFICIENTS  
       NO.  GLOBAL     18     19     20     22
       18  0.99656   1.000 -0.943 -0.112  0.065
       19  0.99667  -0.943  1.000 -0.209  0.123
       20  0.97961  -0.112 -0.209  1.000 -0.725
       22  0.84363   0.065  0.123 -0.725  1.000
 ERR MATRIX NOT POS-DEF
MINUIT - FIT ONLY 2-y
 **********
 **   76 **RES 
 **********
                   PARAMETER   14  ANy2 RESTORED TO VARIABLE.
                   PARAMETER    8  phi_CBO RESTORED TO VARIABLE.
                   PARAMETER    7  w_CBO RESTORED TO VARIABLE.
                   PARAMETER    6  A_CBO RESTORED TO VARIABLE.
                   PARAMETER    4  phi RESTORED TO VARIABLE.
                   PARAMETER    3  A0 RESTORED TO VARIABLE.
                   PARAMETER    1  N0 RESTORED TO VARIABLE.
 **********
 **   77 **FIX            0
 **********
 PARAMETER    0  IS UNDEFINED. IGNORED.
 **********
 **   78 **FIX            1
 **********
 **********
 **   79 **FIX            2
 **********
 PARAMETER    2  IS CONSTANT.   IGNORED.
 **********
 **   80 **FIX            3
 **********
 **********
 **   81 **FIX            4
 **********
 **********
 **   82 **FIX            5
 **********
 PARAMETER    5  IS CONSTANT.   IGNORED.
 **********
 **   83 **FIX            6
 **********
 **********
 **   84 **FIX            7
 **********
 **********
 **   85 **FIX            8
 **********
 **********
 **   86 **FIX            9
 **********
 PARAMETER    9  IS CONSTANT.   IGNORED.
 **********
 **   87 **FIX           10
 **********
 PARAMETER   10  IS CONSTANT.   IGNORED.
 **********
 **   88 **FIX           11
 **********
 PARAMETER   11  IS CONSTANT.   IGNORED.
 **********
 **   89 **FIX           12
 **********
 PARAMETER   12  IS CONSTANT.   IGNORED.
 **********
 **   90 **FIX           16
 **********
 PARAMETER   16  IS CONSTANT.   IGNORED.
 **********
 **   91 **MIGRAD
 **********
 START MIGRAD MINIMIZATION.  STRATEGY  1.  CONVERGENCE WHEN EDM .LT. 1.00e-04
 FCN=393.234 FROM MIGRAD    STATUS=INITIATE       10 CALLS        1108 TOTAL
                     EDM= unknown      STRATEGY= 1      NO ERROR MATRIX       
  EXT PARAMETER               CURRENT GUESS       STEP         FIRST   
  NO.   NAME      VALUE            ERROR          SIZE      DERIVATIVE 
   1  N0           3.07526e+06     fixed    
   2  tau          6.44069e+01   constant   
   3  A0           3.65138e-01     fixed    
   4  phi          4.11971e+00     fixed    
   5  R           -6.10412e+01   constant   
   6  A_CBO        7.04598e-05     fixed    
   7  w_CBO        2.32724e+00     fixed    
   8  phi_CBO     -8.19408e-01     fixed    
   9  ANx2         1.88981e-04   constant   
  10  pNx2         1.59299e+00   constant   
  11  ANy1         0.00000e+00   constant   
  12  pNy1         0.00000e+00   constant   
  13  w_y          0.00000e+00   constant   
  14  ANy2        -1.35503e-04   3.21983e-04   3.21983e-04  -2.20400e+01
  15  pNy2         4.84726e+00   constant   
  16  w_vw         1.43184e+01   constant   
  17  LM           1.57605e-04   constant   
  18  wCBO_expCoeff   2.00063e+02   9.41698e-02   9.53974e-05  -1.56433e-02
  19  wCBO_expOffset   1.99960e+02   1.43709e-02   9.53486e-05   2.06974e-01
  20  wCBO_expT    3.00042e+01   3.08207e-03   1.43071e-05   1.01542e-01
  21  wCBO_linCoeff   0.00000e+00   constant   
  22  wCBO_const  -8.09806e-03   1.21441e-03   6.34672e-06   2.54966e-01
 MIGRAD MINIMIZATION HAS CONVERGED.
 MIGRAD WILL VERIFY CONVERGENCE AND ERROR MATRIX.
 FCN=393.234 FROM MIGRAD    STATUS=CONVERGED      54 CALLS        1152 TOTAL
                     EDM=2.83522e-07    STRATEGY= 1      ERR MATRIX NOT POS-DEF
  EXT PARAMETER                APPROXIMATE        STEP         FIRST   
  NO.   NAME      VALUE            ERROR          SIZE      DERIVATIVE 
   1  N0           3.07526e+06     fixed    
   2  tau          6.44069e+01   constant   
   3  A0           3.65138e-01     fixed    
   4  phi          4.11971e+00     fixed    
   5  R           -6.10412e+01   constant   
   6  A_CBO        7.04598e-05     fixed    
   7  w_CBO        2.32724e+00     fixed    
   8  phi_CBO     -8.19408e-01     fixed    
   9  ANx2         1.88981e-04   constant   
  10  pNx2         1.59299e+00   constant   
  11  ANy1         0.00000e+00   constant   
  12  pNy1         0.00000e+00   constant   
  13  w_y          0.00000e+00   constant   
  14  ANy2        -1.34400e-04   3.15300e-04   3.06679e-06  -1.42235e-02
  15  pNy2         4.84726e+00   constant   
  16  w_vw         1.43184e+01   constant   
  17  LM           1.57605e-04   constant   
  18  wCBO_expCoeff   2.00063e+02   9.41601e-02   9.53974e-05  -3.99540e-02
  19  wCBO_expOffset   1.99960e+02   1.43745e-02   9.53486e-05  -2.65006e-01
  20  wCBO_expT    3.00042e+01   3.08223e-03   1.43071e-05  -2.05462e-01
  21  wCBO_linCoeff   0.00000e+00   constant   
  22  wCBO_const  -8.09812e-03   1.21444e-03   6.34672e-06  -8.80796e-02
 EXTERNAL ERROR MATRIX.    NDIM=  25    NPAR=  5    ERR DEF=1
  9.941e-08 -7.725e-07  1.432e-07 -2.114e-08  5.555e-09 
 -7.725e-07  8.866e-03 -1.276e-03 -3.230e-05  7.359e-06 
  1.432e-07 -1.276e-03  2.066e-04 -9.296e-06  2.152e-06 
 -2.114e-08 -3.230e-05 -9.296e-06  9.500e-06 -2.715e-06 
  5.555e-09  7.359e-06  2.152e-06 -2.715e-06  1.475e-06 
ERR MATRIX NOT POS-DEF
 PARAMETER  CORRELATION COEFFICIENTS  
       NO.  GLOBAL     14     18     19     20     22
       14  0.03793   1.000 -0.026  0.032 -0.022  0.015
       18  0.99656  -0.026  1.000 -0.943 -0.111  0.064
       19  0.99667   0.032 -0.943  1.000 -0.210  0.123
       20  0.97961  -0.022 -0.111 -0.210  1.000 -0.725
       22  0.84362   0.015  0.064  0.123 -0.725  1.000
 ERR MATRIX NOT POS-DEF
MINUIT - FIT ALTOGETHER
 **********
 **   92 **RES 
 **********
                   PARAMETER    8  phi_CBO RESTORED TO VARIABLE.
                   PARAMETER    7  w_CBO RESTORED TO VARIABLE.
                   PARAMETER    6  A_CBO RESTORED TO VARIABLE.
                   PARAMETER    4  phi RESTORED TO VARIABLE.
                   PARAMETER    3  A0 RESTORED TO VARIABLE.
                   PARAMETER    1  N0 RESTORED TO VARIABLE.
 **********
 **   93 **MIGRAD
 **********
