 + ++++++++++++++++++++++++++++++++++++++++++++++++++++++++++++++++++++ +
 +                                                                      +
 +           You have chose to blind your fitting according to          +
 +                omega_ref * (1 + (R +/- deltaR) *10^{-6})             +
 +                                                                      +
 + ++++++++++++++++++++++++++++++++++++++++++++++++++++++++++++++++++++ +
In main()...
reading format from /gm2data/zkhechad/run45/envelope/formats/formatB_sBin_constraintOn.txt
pBinTau 	= 0  
pBinPhi 	= 0  
constraintau 	= 1 
includeMopTerm 	= 0    
constrainMop    = 0   
Parameters after format file: pBinTau 0 pBinPhi 0 constraintau 1 includeMopTerm 0 constrainMop 0 c_e_scale 0.000000 
reading cbo reference file (full fit) from /gm2data/zkhechad/cboTemplates/Run4CBOTemplates/fullFits/run4/sBin_constraintOn_cE0.0_seed0_run4_calo21.root
A_CBO 0.009954 w_CBO 2.326310 phi_CBO 2.942572 N0 2740148.315147 R -59.181603 tau 64.402317 
Reading cboRef file /gm2data/zkhechad/cboTemplates/Run4CBOTemplates//cboIsolate/run4_calo21.root
deltaT 92.705967
windowBins = 620
fitting sliding window 1020 from bin 1223 at 182.471600 to bin 1843 at 274.975600 (620 bins)

Reading data from /gm2data/cornell/histograms/aMethod/histogram_a_run4.root
fitting cbo isolate
 **********
 **    1 **SET PRINTOUT            1
 **********
 **********
 **    2 **SET NOWARNINGS 
 **********
 PARAMETER DEFINITIONS:
    NO.   NAME         VALUE      STEP SIZE      LIMITS
     1 A_CBO        9.95405e-03  1.00000e-05     no limits
     2 w_CBO        2.32631e+00  1.00000e-02    2.00000e+00  3.00000e+00
     3 phi_CBO      2.94257e+00  1.00000e-02    0.00000e+00  6.28319e+00
 **********
 **    3 **MIGRAD
 **********
 FIRST CALL TO USER FUNCTION AT NEW START POINT, WITH IFLAG=4.
 START MIGRAD MINIMIZATION.  STRATEGY  1.  CONVERGENCE WHEN EDM .LT. 1.00e-04
 FCN=0.013631 FROM MIGRAD    STATUS=INITIATE       12 CALLS          13 TOTAL
                     EDM= unknown      STRATEGY= 1      NO ERROR MATRIX       
  EXT PARAMETER               CURRENT GUESS       STEP         FIRST   
  NO.   NAME      VALUE            ERROR          SIZE      DERIVATIVE 
   1  A_CBO        9.95405e-03   1.00000e-05   1.00000e-05   3.55770e+00
   2  w_CBO        2.32631e+00   1.00000e-02   2.13305e-02  -1.73597e-01
   3  phi_CBO      2.94257e+00   1.00000e-02   3.18951e-03   5.35305e-03
 MIGRAD MINIMIZATION HAS CONVERGED.
 MIGRAD WILL VERIFY CONVERGENCE AND ERROR MATRIX.
 COVARIANCE MATRIX CALCULATED SUCCESSFULLY
 FCN=0.00338235 FROM MIGRAD    STATUS=CONVERGED      49 CALLS          50 TOTAL
                     EDM=1.06868e-05    STRATEGY= 1      ERROR MATRIX ACCURATE 
  EXT PARAMETER                                   STEP         FIRST   
  NO.   NAME      VALUE            ERROR          SIZE      DERIVATIVE 
   1  A_CBO        4.18810e-03   5.70956e-02   2.78242e-05  -1.43467e-02
   2  w_CBO        2.32643e+00   6.61352e-01   6.14260e-05   2.46998e-03
   3  phi_CBO      2.91065e+00   3.41208e+00   2.11037e-03   4.75123e-05
 EXTERNAL ERROR MATRIX.    NDIM=  25    NPAR=  3    ERR DEF=1
  3.260e-03 -2.572e-03 -5.922e-01 
 -2.572e-03  2.632e-01  5.992e+01 
 -5.922e-01  5.992e+01  1.382e+04 
 PARAMETER  CORRELATION COEFFICIENTS  
       NO.  GLOBAL      1      2      3
        1  0.08822   1.000 -0.088 -0.088
        2  0.99338  -0.088  1.000  0.993
        3  0.99338  -0.088  0.993  1.000
setting A_CBO=0.004188 w_CBO=2.326427, phi_CBO=2.910653
done fitting cbo isolate
 **********
 **    1 **SET PRINTOUT            1
 **********
 **********
 **    2 **SET NOWARNINGS 
 **********
 PARAMETER DEFINITIONS:
    NO.   NAME         VALUE      STEP SIZE      LIMITS
     1 N0           2.74015e+06  1.00000e+02     no limits
     2 tau          6.44023e+01  constant
     3 A0           3.54223e-01  1.00000e-04     no limits
     4 phi          4.11631e+00  1.00000e-02     no limits
     5 R           -5.91816e+01  constant
     6 A_CBO        4.18810e-03  1.00000e-05     no limits
     7 w_CBO        2.32643e+00  1.00000e-03     no limits
     8 phi_CBO      2.91065e+00  1.00000e-04     no limits
     9 ANx2         7.44254e-04  constant
    10 pNx2         1.53785e+00  constant
    11 ANy1         0.00000e+00  constant
    12 pNy1         0.00000e+00  constant
    13 w_y          0.00000e+00  constant
    14 ANy2         8.00900e-03  1.00000e-04     no limits
    15 pNy2         3.64406e+00  constant
    16 w_vw         1.43170e+01  constant
    17 LM          -4.99363e-05  constant
    18 wCBO_expCoeff   2.00000e+02  1.00000e+00     no limits
    19 wCBO_expOffset   2.00000e+02  1.00000e+00     no limits
    20 wCBO_expT    3.00000e+01  1.00000e+00     no limits
    21 wCBO_linCoeff   0.00000e+00  constant
    22 wCBO_const   0.00000e+00  1.00000e-02     no limits
MINUIT - FIT ONLY WIGGLE
 **********
 **    3 **FIX            5
 **********
 PARAMETER    5  IS CONSTANT.   IGNORED.
 **********
 **    4 **FIX            6
 **********
 **********
 **    5 **FIX            7
 **********
 **********
 **    6 **FIX            8
 **********
 **********
 **    7 **FIX            9
 **********
 PARAMETER    9  IS CONSTANT.   IGNORED.
 **********
 **    8 **FIX           10
 **********
 PARAMETER   10  IS CONSTANT.   IGNORED.
 **********
 **    9 **FIX           11
 **********
 PARAMETER   11  IS CONSTANT.   IGNORED.
 **********
 **   10 **FIX           12
 **********
 PARAMETER   12  IS CONSTANT.   IGNORED.
 **********
 **   11 **FIX           13
 **********
 PARAMETER   13  IS CONSTANT.   IGNORED.
 **********
 **   12 **FIX           14
 **********
 **********
 **   13 **FIX           15
 **********
 PARAMETER   15  IS CONSTANT.   IGNORED.
 **********
 **   14 **FIX           16
 **********
 PARAMETER   16  IS CONSTANT.   IGNORED.
 **********
 **   15 **MIGRAD
 **********
 FIRST CALL TO USER FUNCTION AT NEW START POINT, WITH IFLAG=4.
 START MIGRAD MINIMIZATION.  STRATEGY  1.  CONVERGENCE WHEN EDM .LT. 1.00e-04
 FCN=2092.08 FROM MIGRAD    STATUS=INITIATE       59 CALLS          60 TOTAL
                     EDM= unknown      STRATEGY= 1      NO ERROR MATRIX       
  EXT PARAMETER               CURRENT GUESS       STEP         FIRST   
  NO.   NAME      VALUE            ERROR          SIZE      DERIVATIVE 
   1  N0           2.74015e+06   1.00000e+02   0.00000e+00   1.27540e-03
   2  tau          6.44023e+01   constant   
   3  A0           3.54223e-01   1.00000e-04   0.00000e+00   1.76435e+04
   4  phi          4.11631e+00   1.00000e-02   0.00000e+00   6.63293e+03
   5  R           -5.91816e+01   constant   
   6  A_CBO        4.18810e-03     fixed    
   7  w_CBO        2.32643e+00     fixed    
   8  phi_CBO      2.91065e+00     fixed    
   9  ANx2         7.44254e-04   constant   
  10  pNx2         1.53785e+00   constant   
  11  ANy1         0.00000e+00   constant   
  12  pNy1         0.00000e+00   constant   
  13  w_y          0.00000e+00   constant   
  14  ANy2         8.00900e-03     fixed    
  15  pNy2         3.64406e+00   constant   
  16  w_vw         1.43170e+01   constant   
  17  LM          -4.99363e-05   constant   
  18  wCBO_expCoeff   2.00005e+02   1.00000e+00   4.65672e-03  -4.66005e+03
  19  wCBO_expOffset   2.00000e+02   1.00000e+00   0.00000e+00  -2.41798e+04
  20  wCBO_expT    3.00000e+01   1.00000e+00   0.00000e+00   2.21062e+04
  21  wCBO_linCoeff   0.00000e+00   constant   
  22  wCBO_const   0.00000e+00   1.00000e-02   0.00000e+00   6.05240e+03
 MIGRAD FAILS TO FIND IMPROVEMENT
 FCN=1986.15 FROM HESSE     STATUS=NOT POSDEF     52 CALLS         292 TOTAL
                     EDM=0.04468    STRATEGY= 1      ERR MATRIX NOT POS-DEF
  EXT PARAMETER                APPROXIMATE        STEP         FIRST   
  NO.   NAME      VALUE            ERROR          SIZE      DERIVATIVE 
   1  N0           2.73971e+06   4.69535e+02   9.48595e+00   3.63827e-05
   2  tau          6.44023e+01   constant   
   3  A0           3.53832e-01   2.17528e-04   4.64457e-06   3.56997e+01
   4  phi          4.11442e+00   6.44968e-04   1.35546e-05   1.63087e+01
   5  R           -5.91816e+01   constant   
   6  A_CBO        4.18810e-03     fixed    
   7  w_CBO        2.32643e+00     fixed    
   8  phi_CBO      2.91065e+00     fixed    
   9  ANx2         7.44254e-04   constant   
  10  pNx2         1.53785e+00   constant   
  11  ANy1         0.00000e+00   constant   
  12  pNy1         0.00000e+00   constant   
  13  w_y          0.00000e+00   constant   
  14  ANy2         8.00900e-03     fixed    
  15  pNy2         3.64406e+00   constant   
  16  w_vw         1.43170e+01   constant   
  17  LM          -4.99363e-05   constant   
  18  wCBO_expCoeff   2.00009e+02   1.75170e-03   9.53715e-05  -3.52583e+02
  19  wCBO_expOffset   2.00000e+02   4.20123e-04   9.53677e-05  -2.32720e+03
  20  wCBO_expT    3.00009e+01   3.80592e-04   1.43055e-05   2.11383e+02
  21  wCBO_linCoeff   0.00000e+00   constant   
  22  wCBO_const  -6.90828e-03   8.94452e-04   4.81013e-06   1.99418e+01
 MIGRAD FAILS TO FIND IMPROVEMENT
 MIGRAD TERMINATED WITHOUT CONVERGENCE.
 FCN=1986.12 FROM MIGRAD    STATUS=FAILED        335 CALLS         336 TOTAL
                     EDM=0.111919    STRATEGY= 1      ERR MATRIX NOT POS-DEF
  EXT PARAMETER                APPROXIMATE        STEP         FIRST   
  NO.   NAME      VALUE            ERROR          SIZE      DERIVATIVE 
   1  N0           2.73972e+06   4.27405e+02  -0.00000e+00   9.02084e-05
   2  tau          6.44023e+01   constant   
   3  A0           3.53835e-01   2.05227e-04  -0.00000e+00   2.31346e+02
   4  phi          4.11440e+00   6.37140e-04   0.00000e+00   4.19027e+01
   5  R           -5.91816e+01   constant   
   6  A_CBO        4.18810e-03     fixed    
   7  w_CBO        2.32643e+00     fixed    
   8  phi_CBO      2.91065e+00     fixed    
   9  ANx2         7.44254e-04   constant   
  10  pNx2         1.53785e+00   constant   
  11  ANy1         0.00000e+00   constant   
  12  pNy1         0.00000e+00   constant   
  13  w_y          0.00000e+00   constant   
  14  ANy2         8.00900e-03     fixed    
  15  pNy2         3.64406e+00   constant   
  16  w_vw         1.43170e+01   constant   
  17  LM          -4.99363e-05   constant   
  18  wCBO_expCoeff   2.00009e+02   2.31108e-03   0.00000e+00  -3.52809e+01
  19  wCBO_expOffset   2.00000e+02   4.12093e-04  -0.00000e+00   5.25802e+03
  20  wCBO_expT    3.00009e+01   2.40032e-04  -0.00000e+00   1.88387e+02
  21  wCBO_linCoeff   0.00000e+00   constant   
  22  wCBO_const  -6.99720e-03   5.93398e-04   0.00000e+00   6.81145e+01
 EXTERNAL ERROR MATRIX.    NDIM=  25    NPAR=  7    ERR DEF=1
  1.827e+05 -2.778e-03 -2.147e-02 -1.774e-01  3.208e-02  1.426e-02 -1.759e-02 
 -2.778e-03  4.212e-08  2.170e-10 -5.805e-08  7.675e-09 -3.705e-09  1.227e-09 
 -2.147e-02  2.170e-10  4.059e-07  6.551e-08 -2.753e-08 -4.296e-08  4.862e-08 
 -1.774e-01 -5.805e-08  6.551e-08  5.341e-06 -9.112e-07 -2.170e-07  4.136e-07 
  3.208e-02  7.675e-09 -2.753e-08 -9.112e-07  1.698e-07  6.045e-08 -1.312e-07 
  1.426e-02 -3.705e-09 -4.296e-08 -2.170e-07  6.045e-08  5.762e-08 -1.022e-07 
 -1.759e-02  1.227e-09  4.862e-08  4.136e-07 -1.312e-07 -1.022e-07  3.521e-07 
ERR MATRIX NOT POS-DEF
 PARAMETER  CORRELATION COEFFICIENTS  
       NO.  GLOBAL      1      3      4     18     19     20     22
        1  0.21536   1.000 -0.032 -0.079 -0.180  0.182  0.139 -0.069
        3  0.19984  -0.032  1.000  0.002 -0.122  0.091 -0.075  0.010
        4  0.31336  -0.079  0.002  1.000  0.044 -0.105 -0.281  0.129
       18  0.99644  -0.180 -0.122  0.044  1.000 -0.957 -0.391  0.302
       19  0.99745   0.182  0.091 -0.105 -0.957  1.000  0.611 -0.536
       20  0.93260   0.139 -0.075 -0.281 -0.391  0.611  1.000 -0.718
       22  0.93044  -0.069  0.010  0.129  0.302 -0.536 -0.718  1.000
 ERR MATRIX NOT POS-DEF
MINUIT - FIT ONLY 1-CBO + other amplitudes 
 **********
 **   16 **RES 
 **********
                   PARAMETER   14  ANy2 RESTORED TO VARIABLE.
                   PARAMETER    8  phi_CBO RESTORED TO VARIABLE.
                   PARAMETER    7  w_CBO RESTORED TO VARIABLE.
                   PARAMETER    6  A_CBO RESTORED TO VARIABLE.
 **********
 **   17 **FIX            0
 **********
 PARAMETER    0  IS UNDEFINED. IGNORED.
 **********
 **   18 **FIX            1
 **********
 **********
 **   19 **FIX            2
 **********
 PARAMETER    2  IS CONSTANT.   IGNORED.
 **********
 **   20 **FIX            3
 **********
 **********
 **   21 **FIX            4
 **********
 **********
 **   22 **FIX            9
 **********
 PARAMETER    9  IS CONSTANT.   IGNORED.
 **********
 **   23 **FIX           11
 **********
 PARAMETER   11  IS CONSTANT.   IGNORED.
 **********
 **   24 **FIX           12
 **********
 PARAMETER   12  IS CONSTANT.   IGNORED.
 **********
 **   25 **FIX           14
 **********
 **********
 **   26 **FIX           15
 **********
 PARAMETER   15  IS CONSTANT.   IGNORED.
 **********
 **   27 **FIX           16
 **********
 PARAMETER   16  IS CONSTANT.   IGNORED.
 **********
 **   28 **MIGRAD
 **********
 START MIGRAD MINIMIZATION.  STRATEGY  1.  CONVERGENCE WHEN EDM .LT. 1.00e-04
 FCN=1986.12 FROM MIGRAD    STATUS=INITIATE       22 CALLS         358 TOTAL
                     EDM= unknown      STRATEGY= 1      NO ERROR MATRIX       
  EXT PARAMETER               CURRENT GUESS       STEP         FIRST   
  NO.   NAME      VALUE            ERROR          SIZE      DERIVATIVE 
   1  N0           2.73972e+06     fixed    
   2  tau          6.44023e+01   constant   
   3  A0           3.53835e-01     fixed    
   4  phi          4.11440e+00     fixed    
   5  R           -5.91816e+01   constant   
   6  A_CBO        4.18810e-03   1.00000e-05   1.00000e-05   1.22969e+05
   7  w_CBO        2.32643e+00   1.00000e-03   1.00000e-03  -2.98864e+03
   8  phi_CBO      2.91065e+00   1.00000e-04   1.00000e-04   1.58933e+01
   9  ANx2         7.44254e-04   constant   
  10  pNx2         1.53785e+00   constant   
  11  ANy1         0.00000e+00   constant   
  12  pNy1         0.00000e+00   constant   
  13  w_y          0.00000e+00   constant   
  14  ANy2         8.00900e-03     fixed    
  15  pNy2         3.64406e+00   constant   
  16  w_vw         1.43170e+01   constant   
  17  LM          -4.99363e-05   constant   
  18  wCBO_expCoeff   2.00009e+02   2.31108e-03   0.00000e+00  -3.52809e+01
  19  wCBO_expOffset   2.00000e+02   4.12093e-04  -0.00000e+00   5.25802e+03
  20  wCBO_expT    3.00009e+01   2.40032e-04  -0.00000e+00   1.88387e+02
  21  wCBO_linCoeff   0.00000e+00   constant   
  22  wCBO_const  -6.99720e-03   5.93398e-04   0.00000e+00   6.81145e+01
 CALL LIMIT EXCEEDED IN MIGRAD.
 MIGRAD TERMINATED WITHOUT CONVERGENCE.
 FCN=1788.01 FROM MIGRAD    STATUS=CALL LIMIT   1156 CALLS        1492 TOTAL
                     EDM=0.0539168    STRATEGY= 1  ERROR MATRIX UNCERTAINTY   0.1 per cent
  EXT PARAMETER                APPROXIMATE        STEP         FIRST   
  NO.   NAME      VALUE            ERROR          SIZE      DERIVATIVE 
   1  N0           2.73972e+06     fixed    
   2  tau          6.44023e+01   constant   
   3  A0           3.53835e-01     fixed    
   4  phi          4.11440e+00     fixed    
   5  R           -5.91816e+01   constant   
   6  A_CBO        1.05239e-03   2.19188e-04  -3.83009e-08  -4.84541e+02
   7  w_CBO        2.32643e+00   2.12080e-06  -2.18857e-10  -4.38185e+04
   8  phi_CBO      2.49040e+00   2.82606e-01  -8.21623e-05  -2.36064e-01
   9  ANx2         7.44254e-04   constant   
  10  pNx2         1.53785e+00   constant   
  11  ANy1         0.00000e+00   constant   
  12  pNy1         0.00000e+00   constant   
  13  w_y          0.00000e+00   constant   
  14  ANy2         8.00900e-03     fixed    
  15  pNy2         3.64406e+00   constant   
  16  w_vw         1.43170e+01   constant   
  17  LM          -4.99363e-05   constant   
  18  wCBO_expCoeff   2.00008e+02   1.83326e-04  -2.13077e-08  -5.08780e+02
  19  wCBO_expOffset   2.00000e+02   2.23238e-04  -1.49542e-07  -1.33359e+03
  20  wCBO_expT    3.00006e+01   2.80316e-04  -1.82551e-07   2.39476e+03
  21  wCBO_linCoeff   0.00000e+00   constant   
  22  wCBO_const  -7.82385e-03   1.02937e-03   6.71965e-07  -2.01172e+02
 EXTERNAL ERROR MATRIX.    NDIM=  25    NPAR=  7    ERR DEF=1
  4.804e-08 -4.555e-11 -7.082e-06 -3.772e-09  1.189e-08  2.077e-08 -5.073e-08 
 -4.555e-11  4.498e-12  1.066e-07 -7.009e-11  5.248e-11  1.342e-10 -2.430e-10 
 -7.082e-06  1.066e-07  7.987e-02  9.476e-06  2.757e-05  4.303e-05 -7.578e-05 
 -3.772e-09 -7.009e-11  9.476e-06  3.361e-08  5.309e-09  1.251e-08 -2.459e-08 
  1.189e-08  5.248e-11  2.757e-05  5.309e-09  4.984e-08  6.007e-08 -2.187e-07 
  2.077e-08  1.342e-10  4.303e-05  1.251e-08  6.007e-08  7.858e-08 -2.549e-07 
 -5.073e-08 -2.430e-10 -7.578e-05 -2.459e-08 -2.187e-07 -2.549e-07  1.060e-06 
ERR MATRIX APPROXIMATE
 PARAMETER  CORRELATION COEFFICIENTS  
       NO.  GLOBAL      6      7      8     18     19     20     22
        6  0.97773   1.000 -0.098 -0.114 -0.094  0.243  0.338 -0.225
        7  0.97070  -0.098  1.000  0.178 -0.180  0.111  0.226 -0.111
        8  0.96086  -0.114  0.178  1.000  0.183  0.437  0.543 -0.260
       18  0.97098  -0.094 -0.180  0.183  1.000  0.130  0.244 -0.130
       19  0.99912   0.243  0.111  0.437  0.130  1.000  0.960 -0.952
       20  0.99922   0.338  0.226  0.543  0.244  0.960  1.000 -0.883
       22  0.97986  -0.225 -0.111 -0.260 -0.130 -0.952 -0.883  1.000
 ERR MATRIX APPROXIMATE
MINUIT - FIT ONLY 1-CBO
 **********
 **   29 **RES 
 **********
                   PARAMETER   14  ANy2 RESTORED TO VARIABLE.
                   PARAMETER    4  phi RESTORED TO VARIABLE.
                   PARAMETER    3  A0 RESTORED TO VARIABLE.
                   PARAMETER    1  N0 RESTORED TO VARIABLE.
 **********
 **   30 **FIX            0
 **********
 PARAMETER    0  IS UNDEFINED. IGNORED.
 **********
 **   31 **FIX            1
 **********
 **********
 **   32 **FIX            2
 **********
 PARAMETER    2  IS CONSTANT.   IGNORED.
 **********
 **   33 **FIX            3
 **********
 **********
 **   34 **FIX            4
 **********
 **********
 **   35 **FIX            8
 **********
 **********
 **   36 **FIX            9
 **********
 PARAMETER    9  IS CONSTANT.   IGNORED.
 **********
 **   37 **FIX           11
 **********
 PARAMETER   11  IS CONSTANT.   IGNORED.
 **********
 **   38 **FIX           12
 **********
 PARAMETER   12  IS CONSTANT.   IGNORED.
 **********
 **   39 **FIX           13
 **********
 PARAMETER   13  IS CONSTANT.   IGNORED.
 **********
 **   40 **FIX           15
 **********
 PARAMETER   15  IS CONSTANT.   IGNORED.
 **********
 **   41 **FIX           16
 **********
 PARAMETER   16  IS CONSTANT.   IGNORED.
 **********
 **   42 **MIGRAD
 **********
 START MIGRAD MINIMIZATION.  STRATEGY  1.  CONVERGENCE WHEN EDM .LT. 1.00e-04
 FCN=1788.01 FROM MIGRAD    STATUS=INITIATE       16 CALLS        1508 TOTAL
                     EDM= unknown      STRATEGY= 1      NO ERROR MATRIX       
  EXT PARAMETER               CURRENT GUESS       STEP         FIRST   
  NO.   NAME      VALUE            ERROR          SIZE      DERIVATIVE 
   1  N0           2.73972e+06     fixed    
   2  tau          6.44023e+01   constant   
   3  A0           3.53835e-01     fixed    
   4  phi          4.11440e+00     fixed    
   5  R           -5.91816e+01   constant   
   6  A_CBO        1.05239e-03   2.19188e-04  -3.83009e-08  -4.84541e+02
   7  w_CBO        2.32643e+00   2.12080e-06  -2.18857e-10  -4.38185e+04
   8  phi_CBO      2.49040e+00     fixed    
   9  ANx2         7.44254e-04   constant   
  10  pNx2         1.53785e+00   constant   
  11  ANy1         0.00000e+00   constant   
  12  pNy1         0.00000e+00   constant   
  13  w_y          0.00000e+00   constant   
  14  ANy2         8.00900e-03   1.00000e-04   1.00000e-04   3.09112e+05
  15  pNy2         3.64406e+00   constant   
  16  w_vw         1.43170e+01   constant   
  17  LM          -4.99363e-05   constant   
  18  wCBO_expCoeff   2.00008e+02   1.83326e-04  -2.13077e-08  -5.08780e+02
  19  wCBO_expOffset   2.00000e+02   2.23238e-04  -1.49542e-07  -1.33359e+03
  20  wCBO_expT    3.00006e+01   2.80316e-04  -1.82551e-07   2.39476e+03
  21  wCBO_linCoeff   0.00000e+00   constant   
  22  wCBO_const  -7.82385e-03   1.02937e-03   6.71965e-07  -2.01172e+02
 MIGRAD FAILS TO FIND IMPROVEMENT
 FCN=549.446 FROM HESSE     STATUS=NOT POSDEF     56 CALLS        1745 TOTAL
                     EDM=0.0018315    STRATEGY= 1      ERR MATRIX NOT POS-DEF
  EXT PARAMETER                APPROXIMATE        STEP         FIRST   
  NO.   NAME      VALUE            ERROR          SIZE      DERIVATIVE 
   1  N0           2.73972e+06     fixed    
   2  tau          6.44023e+01   constant   
   3  A0           3.53835e-01     fixed    
   4  phi          4.11440e+00     fixed    
   5  R           -5.91816e+01   constant   
   6  A_CBO        3.21805e-04   2.40007e-04   2.54285e-06   4.52424e+01
   7  w_CBO        2.32643e+00   5.20583e-05   1.10933e-06  -4.24250e+02
   8  phi_CBO      2.49040e+00     fixed    
   9  ANx2         7.44254e-04   constant   
  10  pNx2         1.53785e+00   constant   
  11  ANy1         0.00000e+00   constant   
  12  pNy1         0.00000e+00   constant   
  13  w_y          0.00000e+00   constant   
  14  ANy2        -7.43840e-06   2.25645e-04   2.58155e-06  -4.30987e+01
  15  pNy2         3.64406e+00   constant   
  16  w_vw         1.43170e+01   constant   
  17  LM          -4.99363e-05   constant   
  18  wCBO_expCoeff   2.00009e+02   4.48447e-03   9.53717e-05  -4.94973e+00
  19  wCBO_expOffset   2.00001e+02   2.21676e-04   9.53677e-05   2.62890e+02
  20  wCBO_expT    3.00014e+01   2.66482e-04   1.43058e-05  -2.14388e+02
  21  wCBO_linCoeff   0.00000e+00   constant   
  22  wCBO_const  -9.53569e-03   1.05106e-03   4.15307e-06   2.92578e+00
 MIGRAD FAILS TO FIND IMPROVEMENT
 MIGRAD TERMINATED WITHOUT CONVERGENCE.
 FCN=549.445 FROM MIGRAD    STATUS=FAILED        281 CALLS        1773 TOTAL
                     EDM=0.0168806    STRATEGY= 1      ERR MATRIX NOT POS-DEF
  EXT PARAMETER                APPROXIMATE        STEP         FIRST   
  NO.   NAME      VALUE            ERROR          SIZE      DERIVATIVE 
   1  N0           2.73972e+06     fixed    
   2  tau          6.44023e+01   constant   
   3  A0           3.53835e-01     fixed    
   4  phi          4.11440e+00     fixed    
   5  R           -5.91816e+01   constant   
   6  A_CBO        3.22801e-04   1.00000e+00   0.00000e+00  -3.50060e+01
   7  w_CBO        2.32643e+00   1.00000e+00   0.00000e+00  -3.28687e+03
   8  phi_CBO      2.49040e+00     fixed    
   9  ANx2         7.44254e-04   constant   
  10  pNx2         1.53785e+00   constant   
  11  ANy1         0.00000e+00   constant   
  12  pNy1         0.00000e+00   constant   
  13  w_y          0.00000e+00   constant   
  14  ANy2        -6.60957e-06   1.00000e+00   0.00000e+00  -1.94523e+00
  15  pNy2         3.64406e+00   constant   
  16  w_vw         1.43170e+01   constant   
  17  LM          -4.99363e-05   constant   
  18  wCBO_expCoeff   2.00009e+02   1.00001e+00   0.00000e+00  -3.82139e+01
  19  wCBO_expOffset   2.00001e+02   1.00000e+00  -0.00000e+00   9.40178e+02
  20  wCBO_expT    3.00014e+01   1.00000e+00  -0.00000e+00   1.23274e+02
  21  wCBO_linCoeff   0.00000e+00   constant   
  22  wCBO_const  -9.56183e-03   1.00000e+00   0.00000e+00  -1.43325e+01
 EXTERNAL ERROR MATRIX.    NDIM=  25    NPAR=  7    ERR DEF=1
  1.000e+00  2.226e-10  3.537e-09  1.967e-08  2.020e-09  1.620e-08 -4.759e-08 
  2.226e-10  1.000e+00 -8.136e-11 -2.264e-07  1.073e-09  2.051e-10 -3.569e-09 
  3.537e-09 -8.136e-11  1.000e+00 -7.731e-09  1.298e-09 -3.989e-09  8.192e-09 
  1.967e-08 -2.264e-07 -7.731e-09  1.000e+00  9.981e-08  1.705e-08 -1.218e-07 
  2.020e-09  1.073e-09  1.298e-09  9.981e-08  1.000e+00  1.313e-08 -4.293e-08 
  1.620e-08  2.051e-10 -3.989e-09  1.705e-08  1.313e-08  1.000e+00 -8.975e-08 
 -4.759e-08 -3.569e-09  8.192e-09 -1.218e-07 -4.293e-08 -8.975e-08  1.000e+00 
ERR MATRIX NOT POS-DEF
 PARAMETER  CORRELATION COEFFICIENTS  
       NO.  GLOBAL      6      7     14     18     19     20     22
        6  0.00000   1.000  0.000  0.000  0.000  0.000  0.000 -0.000
        7  0.00000   0.000  1.000 -0.000 -0.000  0.000  0.000 -0.000
       14  0.00000   0.000 -0.000  1.000 -0.000  0.000 -0.000  0.000
       18  0.00000   0.000 -0.000 -0.000  1.000  0.000  0.000 -0.000
       19  0.00000   0.000  0.000  0.000  0.000  1.000  0.000 -0.000
       20  0.00000   0.000  0.000 -0.000  0.000  0.000  1.000 -0.000
       22  0.00000  -0.000 -0.000  0.000 -0.000 -0.000 -0.000  1.000
 ERR MATRIX NOT POS-DEF
MINUIT - FIT ONLY 2-CBO
 **********
 **   43 **RES 
 **********
                   PARAMETER    8  phi_CBO RESTORED TO VARIABLE.
                   PARAMETER    4  phi RESTORED TO VARIABLE.
                   PARAMETER    3  A0 RESTORED TO VARIABLE.
                   PARAMETER    1  N0 RESTORED TO VARIABLE.
 **********
 **   44 **FIX            0
 **********
 PARAMETER    0  IS UNDEFINED. IGNORED.
 **********
 **   45 **FIX            1
 **********
 **********
 **   46 **FIX            2
 **********
 PARAMETER    2  IS CONSTANT.   IGNORED.
 **********
 **   47 **FIX            3
 **********
 **********
 **   48 **FIX            4
 **********
 **********
 **   49 **FIX            5
 **********
 PARAMETER    5  IS CONSTANT.   IGNORED.
 **********
 **   50 **FIX            6
 **********
 **********
 **   51 **FIX            7
 **********
 **********
 **   52 **FIX           10
 **********
 PARAMETER   10  IS CONSTANT.   IGNORED.
 **********
 **   53 **FIX           11
 **********
 PARAMETER   11  IS CONSTANT.   IGNORED.
 **********
 **   54 **FIX           12
 **********
 PARAMETER   12  IS CONSTANT.   IGNORED.
 **********
 **   55 **FIX           13
 **********
 PARAMETER   13  IS CONSTANT.   IGNORED.
 **********
 **   56 **FIX           14
 **********
 **********
 **   57 **FIX           15
 **********
 PARAMETER   15  IS CONSTANT.   IGNORED.
 **********
 **   58 **FIX           16
 **********
 PARAMETER   16  IS CONSTANT.   IGNORED.
 **********
 **   59 **MIGRAD
 **********
 START MIGRAD MINIMIZATION.  STRATEGY  1.  CONVERGENCE WHEN EDM .LT. 1.00e-04
 FCN=549.445 FROM MIGRAD    STATUS=INITIATE       12 CALLS        1785 TOTAL
                     EDM= unknown      STRATEGY= 1      NO ERROR MATRIX       
  EXT PARAMETER               CURRENT GUESS       STEP         FIRST   
  NO.   NAME      VALUE            ERROR          SIZE      DERIVATIVE 
   1  N0           2.73972e+06     fixed    
   2  tau          6.44023e+01   constant   
   3  A0           3.53835e-01     fixed    
   4  phi          4.11440e+00     fixed    
   5  R           -5.91816e+01   constant   
   6  A_CBO        3.22801e-04     fixed    
   7  w_CBO        2.32643e+00     fixed    
   8  phi_CBO      2.49040e+00   2.82606e-01   2.82606e-01  -5.25801e-01
   9  ANx2         7.44254e-04   constant   
  10  pNx2         1.53785e+00   constant   
  11  ANy1         0.00000e+00   constant   
  12  pNy1         0.00000e+00   constant   
  13  w_y          0.00000e+00   constant   
  14  ANy2        -6.60957e-06     fixed    
  15  pNy2         3.64406e+00   constant   
  16  w_vw         1.43170e+01   constant   
  17  LM          -4.99363e-05   constant   
  18  wCBO_expCoeff   2.00009e+02   1.00001e+00   0.00000e+00  -3.82139e+01
  19  wCBO_expOffset   2.00001e+02   1.00000e+00  -0.00000e+00   9.40178e+02
  20  wCBO_expT    3.00014e+01   1.00000e+00  -0.00000e+00   1.23274e+02
  21  wCBO_linCoeff   0.00000e+00   constant   
  22  wCBO_const  -9.56183e-03   1.00000e+00   0.00000e+00  -1.43325e+01
 MIGRAD FAILS TO FIND IMPROVEMENT
 COVARIANCE MATRIX CALCULATED SUCCESSFULLY
 FCN=549.407 FROM HESSE     STATUS=OK             35 CALLS        2261 TOTAL
                     EDM=0.000147107    STRATEGY= 1      ERROR MATRIX ACCURATE 
  EXT PARAMETER                                   STEP         FIRST   
  NO.   NAME      VALUE            ERROR          SIZE      DERIVATIVE 
   1  N0           2.73972e+06     fixed    
   2  tau          6.44023e+01   constant   
   3  A0           3.53835e-01     fixed    
   4  phi          4.11440e+00     fixed    
   5  R           -5.91816e+01   constant   
   6  A_CBO        3.22801e-04     fixed    
   7  w_CBO        2.32643e+00     fixed    
   8  phi_CBO      2.63742e+00   7.62840e-01   8.10368e-03   1.81797e-02
   9  ANx2         7.44254e-04   constant   
  10  pNx2         1.53785e+00   constant   
  11  ANy1         0.00000e+00   constant   
  12  pNy1         0.00000e+00   constant   
  13  w_y          0.00000e+00   constant   
  14  ANy2        -6.60957e-06     fixed    
  15  pNy2         3.64406e+00   constant   
  16  w_vw         1.43170e+01   constant   
  17  LM          -4.99363e-05   constant   
  18  wCBO_expCoeff   2.00009e+02   2.10697e-03   9.53718e-05  -2.63120e+01
  19  wCBO_expOffset   2.00001e+02   2.43609e-04   9.53677e-05  -1.64759e+02
  20  wCBO_expT    3.00014e+01   2.89842e-04   1.43058e-05   7.74602e+01
  21  wCBO_linCoeff   0.00000e+00   constant   
  22  wCBO_const  -9.53901e-03   1.21664e-03   4.13378e-06  -3.24877e+01
 MIGRAD FAILS TO FIND IMPROVEMENT
 MIGRAD TERMINATED WITHOUT CONVERGENCE.
 FCN=549.407 FROM MIGRAD    STATUS=FAILED        511 CALLS        2284 TOTAL
                     EDM=0.0161177    STRATEGY= 1  ERROR MATRIX UNCERTAINTY   0.5 per cent
  EXT PARAMETER                APPROXIMATE        STEP         FIRST   
  NO.   NAME      VALUE            ERROR          SIZE      DERIVATIVE 
   1  N0           2.73972e+06     fixed    
   2  tau          6.44023e+01   constant   
   3  A0           3.53835e-01     fixed    
   4  phi          4.11440e+00     fixed    
   5  R           -5.91816e+01   constant   
   6  A_CBO        3.22801e-04     fixed    
   7  w_CBO        2.32643e+00     fixed    
   8  phi_CBO      2.63443e+00   7.70582e-01  -0.00000e+00   1.97615e-03
   9  ANx2         7.44254e-04   constant   
  10  pNx2         1.53785e+00   constant   
  11  ANy1         0.00000e+00   constant   
  12  pNy1         0.00000e+00   constant   
  13  w_y          0.00000e+00   constant   
  14  ANy2        -6.60957e-06     fixed    
  15  pNy2         3.64406e+00   constant   
  16  w_vw         1.43170e+01   constant   
  17  LM          -4.99363e-05   constant   
  18  wCBO_expCoeff   2.00009e+02   1.67084e-03  -0.00000e+00   1.93218e+00
  19  wCBO_expOffset   2.00001e+02   2.32879e-05  -0.00000e+00   1.05471e+03
  20  wCBO_expT    3.00014e+01   3.36723e-04  -0.00000e+00   2.68392e+00
  21  wCBO_linCoeff   0.00000e+00   constant   
  22  wCBO_const  -9.52940e-03   1.38437e-03   0.00000e+00  -7.10635e-01
 EXTERNAL ERROR MATRIX.    NDIM=  25    NPAR=  5    ERR DEF=1
  5.938e-01 -9.078e-05  2.598e-06  4.451e-06  1.060e-04 
 -9.078e-05  2.792e-06  3.347e-09  5.096e-07 -2.203e-06 
  2.598e-06  3.347e-09  5.423e-10  1.833e-09 -6.996e-09 
  4.451e-06  5.096e-07  1.833e-09  1.134e-07 -4.120e-07 
  1.060e-04 -2.203e-06 -6.996e-09 -4.120e-07  1.916e-06 
ERR MATRIX APPROXIMATE
 PARAMETER  CORRELATION COEFFICIENTS  
       NO.  GLOBAL      8     18     19     20     22
        8  0.29397   1.000 -0.071  0.145  0.017  0.099
       18  0.97207  -0.071  1.000  0.086  0.906 -0.953
       19  0.55965   0.145  0.086  1.000  0.234 -0.217
       20  0.92111   0.017  0.906  0.234  1.000 -0.884
       22  0.96364   0.099 -0.953 -0.217 -0.884  1.000
 ERR MATRIX APPROXIMATE
MINUIT - FIT ONLY 1-y
 **********
 **   60 **RES 
 **********
                   PARAMETER   14  ANy2 RESTORED TO VARIABLE.
                   PARAMETER    7  w_CBO RESTORED TO VARIABLE.
                   PARAMETER    6  A_CBO RESTORED TO VARIABLE.
                   PARAMETER    4  phi RESTORED TO VARIABLE.
                   PARAMETER    3  A0 RESTORED TO VARIABLE.
                   PARAMETER    1  N0 RESTORED TO VARIABLE.
 **********
 **   61 **FIX            0
 **********
 PARAMETER    0  IS UNDEFINED. IGNORED.
 **********
 **   62 **FIX            1
 **********
 **********
 **   63 **FIX            2
 **********
 PARAMETER    2  IS CONSTANT.   IGNORED.
 **********
 **   64 **FIX            3
 **********
 **********
 **   65 **FIX            4
 **********
 **********
 **   66 **FIX            5
 **********
 PARAMETER    5  IS CONSTANT.   IGNORED.
 **********
 **   67 **FIX            6
 **********
 **********
 **   68 **FIX            7
 **********
 **********
 **   69 **FIX            8
 **********
 **********
 **   70 **FIX            9
 **********
 PARAMETER    9  IS CONSTANT.   IGNORED.
 **********
 **   71 **FIX           13
 **********
 PARAMETER   13  IS CONSTANT.   IGNORED.
 **********
 **   72 **FIX           14
 **********
 **********
 **   73 **FIX           15
 **********
 PARAMETER   15  IS CONSTANT.   IGNORED.
 **********
 **   74 **FIX           16
 **********
 PARAMETER   16  IS CONSTANT.   IGNORED.
 **********
 **   75 **MIGRAD
 **********
 START MIGRAD MINIMIZATION.  STRATEGY  1.  CONVERGENCE WHEN EDM .LT. 1.00e-04
 FCN=549.407 FROM MIGRAD    STATUS=INITIATE        8 CALLS        2292 TOTAL
                     EDM= unknown      STRATEGY= 1      NO ERROR MATRIX       
  EXT PARAMETER               CURRENT GUESS       STEP         FIRST   
  NO.   NAME      VALUE            ERROR          SIZE      DERIVATIVE 
   1  N0           2.73972e+06     fixed    
   2  tau          6.44023e+01   constant   
   3  A0           3.53835e-01     fixed    
   4  phi          4.11440e+00     fixed    
   5  R           -5.91816e+01   constant   
   6  A_CBO        3.22801e-04     fixed    
   7  w_CBO        2.32643e+00     fixed    
   8  phi_CBO      2.63443e+00     fixed    
   9  ANx2         7.44254e-04   constant   
  10  pNx2         1.53785e+00   constant   
  11  ANy1         0.00000e+00   constant   
  12  pNy1         0.00000e+00   constant   
  13  w_y          0.00000e+00   constant   
  14  ANy2        -6.60957e-06     fixed    
  15  pNy2         3.64406e+00   constant   
  16  w_vw         1.43170e+01   constant   
  17  LM          -4.99363e-05   constant   
  18  wCBO_expCoeff   2.00009e+02   1.67084e-03  -0.00000e+00   1.93218e+00
  19  wCBO_expOffset   2.00001e+02   2.32879e-05  -0.00000e+00   1.05471e+03
  20  wCBO_expT    3.00014e+01   3.36723e-04  -0.00000e+00   2.68392e+00
  21  wCBO_linCoeff   0.00000e+00   constant   
  22  wCBO_const  -9.52940e-03   1.38437e-03   0.00000e+00  -7.10650e-01
 MIGRAD FAILS TO FIND IMPROVEMENT
 COVARIANCE MATRIX CALCULATED SUCCESSFULLY
 FCN=549.407 FROM HESSE     STATUS=OK             29 CALLS        2327 TOTAL
                     EDM=0.0009906    STRATEGY= 1      ERROR MATRIX ACCURATE 
  EXT PARAMETER                                   STEP         FIRST   
  NO.   NAME      VALUE            ERROR          SIZE      DERIVATIVE 
   1  N0           2.73972e+06     fixed    
   2  tau          6.44023e+01   constant   
   3  A0           3.53835e-01     fixed    
   4  phi          4.11440e+00     fixed    
   5  R           -5.91816e+01   constant   
   6  A_CBO        3.22801e-04     fixed    
   7  w_CBO        2.32643e+00     fixed    
   8  phi_CBO      2.63443e+00     fixed    
   9  ANx2         7.44254e-04   constant   
  10  pNx2         1.53785e+00   constant   
  11  ANy1         0.00000e+00   constant   
  12  pNy1         0.00000e+00   constant   
  13  w_y          0.00000e+00   constant   
  14  ANy2        -6.60957e-06     fixed    
  15  pNy2         3.64406e+00   constant   
  16  w_vw         1.43170e+01   constant   
  17  LM          -4.99363e-05   constant   
  18  wCBO_expCoeff   2.00009e+02   2.09060e-03   9.53718e-05  -1.64554e+00
  19  wCBO_expOffset   2.00001e+02   2.35856e-04   9.53677e-05   2.56560e+02
  20  wCBO_expT    3.00014e+01   2.86969e-04   1.43058e-05   1.78065e+00
  21  wCBO_linCoeff   0.00000e+00   constant   
  22  wCBO_const  -9.52940e-03   1.17054e-03   4.13440e-06  -7.10851e-01
 MIGRAD FAILS TO FIND IMPROVEMENT
 MIGRAD TERMINATED WITHOUT CONVERGENCE.
 FCN=549.407 FROM MIGRAD    STATUS=FAILED         53 CALLS        2337 TOTAL
                     EDM=0.0009906    STRATEGY= 1      ERR MATRIX APPROXIMATE
  EXT PARAMETER                APPROXIMATE        STEP         FIRST   
  NO.   NAME      VALUE            ERROR          SIZE      DERIVATIVE 
   1  N0           2.73972e+06     fixed    
   2  tau          6.44023e+01   constant   
   3  A0           3.53835e-01     fixed    
   4  phi          4.11440e+00     fixed    
   5  R           -5.91816e+01   constant   
   6  A_CBO        3.22801e-04     fixed    
   7  w_CBO        2.32643e+00     fixed    
   8  phi_CBO      2.63443e+00     fixed    
   9  ANx2         7.44254e-04   constant   
  10  pNx2         1.53785e+00   constant   
  11  ANy1         0.00000e+00   constant   
  12  pNy1         0.00000e+00   constant   
  13  w_y          0.00000e+00   constant   
  14  ANy2        -6.60957e-06     fixed    
  15  pNy2         3.64406e+00   constant   
  16  w_vw         1.43170e+01   constant   
  17  LM          -4.99363e-05   constant   
  18  wCBO_expCoeff   2.00009e+02   2.09060e-03   0.00000e+00  -1.64554e+00
  19  wCBO_expOffset   2.00001e+02   2.35856e-04  -0.00000e+00   2.56560e+02
  20  wCBO_expT    3.00014e+01   2.86969e-04   0.00000e+00   1.78065e+00
  21  wCBO_linCoeff   0.00000e+00   constant   
  22  wCBO_const  -9.52940e-03   1.17054e-03   0.00000e+00  -7.10851e-01
 EXTERNAL ERROR MATRIX.    NDIM=  25    NPAR=  4    ERR DEF=1
  4.371e-06 -3.466e-07  3.959e-07 -1.606e-06 
 -3.466e-07  5.563e-08 -2.384e-09 -7.916e-09 
  3.959e-07 -2.384e-09  8.235e-08 -2.842e-07 
 -1.606e-06 -7.916e-09 -2.842e-07  1.370e-06 
ERR MATRIX APPROXIMATE
 PARAMETER  CORRELATION COEFFICIENTS  
       NO.  GLOBAL     18     19     20     22
       18  0.98260   1.000 -0.703  0.660 -0.656
       19  0.96740  -0.703  1.000 -0.035 -0.029
       20  0.89378   0.660 -0.035  1.000 -0.846
       22  0.95128  -0.656 -0.029 -0.846  1.000
 ERR MATRIX APPROXIMATE
MINUIT - FIT ONLY 2-y
 **********
 **   76 **RES 
 **********
                   PARAMETER   14  ANy2 RESTORED TO VARIABLE.
                   PARAMETER    8  phi_CBO RESTORED TO VARIABLE.
                   PARAMETER    7  w_CBO RESTORED TO VARIABLE.
                   PARAMETER    6  A_CBO RESTORED TO VARIABLE.
                   PARAMETER    4  phi RESTORED TO VARIABLE.
                   PARAMETER    3  A0 RESTORED TO VARIABLE.
                   PARAMETER    1  N0 RESTORED TO VARIABLE.
 **********
 **   77 **FIX            0
 **********
 PARAMETER    0  IS UNDEFINED. IGNORED.
 **********
 **   78 **FIX            1
 **********
 **********
 **   79 **FIX            2
 **********
 PARAMETER    2  IS CONSTANT.   IGNORED.
 **********
 **   80 **FIX            3
 **********
 **********
 **   81 **FIX            4
 **********
 **********
 **   82 **FIX            5
 **********
 PARAMETER    5  IS CONSTANT.   IGNORED.
 **********
 **   83 **FIX            6
 **********
 **********
 **   84 **FIX            7
 **********
 **********
 **   85 **FIX            8
 **********
 **********
 **   86 **FIX            9
 **********
 PARAMETER    9  IS CONSTANT.   IGNORED.
 **********
 **   87 **FIX           10
 **********
 PARAMETER   10  IS CONSTANT.   IGNORED.
 **********
 **   88 **FIX           11
 **********
 PARAMETER   11  IS CONSTANT.   IGNORED.
 **********
 **   89 **FIX           12
 **********
 PARAMETER   12  IS CONSTANT.   IGNORED.
 **********
 **   90 **FIX           16
 **********
 PARAMETER   16  IS CONSTANT.   IGNORED.
 **********
 **   91 **MIGRAD
 **********
 START MIGRAD MINIMIZATION.  STRATEGY  1.  CONVERGENCE WHEN EDM .LT. 1.00e-04
 FCN=549.407 FROM MIGRAD    STATUS=INITIATE       10 CALLS        2347 TOTAL
                     EDM= unknown      STRATEGY= 1      NO ERROR MATRIX       
  EXT PARAMETER               CURRENT GUESS       STEP         FIRST   
