 + ++++++++++++++++++++++++++++++++++++++++++++++++++++++++++++++++++++ +
 +                                                                      +
 +           You have chose to blind your fitting according to          +
 +                omega_ref * (1 + (R +/- deltaR) *10^{-6})             +
 +                                                                      +
 + ++++++++++++++++++++++++++++++++++++++++++++++++++++++++++++++++++++ +
In main()...
reading format from /gm2data/zkhechad/run45/envelope/formats/formatB_sBin_constraintOn.txt
pBinTau 	= 0  
pBinPhi 	= 0  
constraintau 	= 1 
includeMopTerm 	= 0    
constrainMop    = 0   
Parameters after format file: pBinTau 0 pBinPhi 0 constraintau 1 includeMopTerm 0 constrainMop 0 c_e_scale 0.000000 
reading cbo reference file (full fit) from /gm2data/zkhechad/cboTemplates/Run4CBOTemplates/fullFits/run4/sBin_constraintOn_cE0.0_seed0_run4_calo12.root
A_CBO 0.007990 w_CBO 2.327632 phi_CBO 5.471864 N0 3435893.469287 R -59.911173 tau 64.398066 
Reading cboRef file /gm2data/zkhechad/cboTemplates/Run4CBOTemplates//cboIsolate/run4_calo12.root
deltaT 164.120000
windowBins = 1100
fitting sliding window 1800 from bin 2003 at 298.847600 to bin 3103 at 462.967600 (1100 bins)

Reading data from /gm2data/cornell/histograms/aMethod/histogram_a_run4.root
fitting cbo isolate
 **********
 **    1 **SET PRINTOUT            1
 **********
 **********
 **    2 **SET NOWARNINGS 
 **********
 PARAMETER DEFINITIONS:
    NO.   NAME         VALUE      STEP SIZE      LIMITS
     1 A_CBO        7.98954e-03  1.00000e-05     no limits
     2 w_CBO        2.32763e+00  1.00000e-02    2.00000e+00  3.00000e+00
     3 phi_CBO      5.47186e+00  1.00000e-02    0.00000e+00  6.28319e+00
 **********
 **    3 **MIGRAD
 **********
 FIRST CALL TO USER FUNCTION AT NEW START POINT, WITH IFLAG=4.
 START MIGRAD MINIMIZATION.  STRATEGY  1.  CONVERGENCE WHEN EDM .LT. 1.00e-04
 FCN=0.077124 FROM MIGRAD    STATUS=INITIATE       12 CALLS          13 TOTAL
                     EDM= unknown      STRATEGY= 1      NO ERROR MATRIX       
  EXT PARAMETER               CURRENT GUESS       STEP         FIRST   
  NO.   NAME      VALUE            ERROR          SIZE      DERIVATIVE 
   1  A_CBO        7.98954e-03   1.00000e-05   1.00000e-05   5.73620e+00
   2  w_CBO        2.32763e+00   1.00000e-02   2.13083e-02   8.59148e-01
   3  phi_CBO      5.47186e+00   1.00000e-02   4.74617e-03  -9.30068e-03
 MIGRAD MINIMIZATION HAS CONVERGED.
 MIGRAD WILL VERIFY CONVERGENCE AND ERROR MATRIX.
 COVARIANCE MATRIX CALCULATED SUCCESSFULLY
 FCN=0.0620342 FROM MIGRAD    STATUS=CONVERGED      49 CALLS          50 TOTAL
                     EDM=8.93594e-05    STRATEGY= 1      ERROR MATRIX ACCURATE 
  EXT PARAMETER                                   STEP         FIRST   
  NO.   NAME      VALUE            ERROR          SIZE      DERIVATIVE 
   1  A_CBO        2.75272e-03   4.31612e-02   2.14679e-05  -8.06721e-02
   2  w_CBO        2.32737e+00   2.74100e-01   4.23251e-05   1.13484e-02
   3  phi_CBO      5.55220e+00   3.26263e+00   4.29482e-03   9.44745e-05
 EXTERNAL ERROR MATRIX.    NDIM=  25    NPAR=  3    ERR DEF=1
  1.863e-03 -1.946e-03 -7.538e-01 
 -1.946e-03  8.568e-02  3.297e+01 
 -7.538e-01  3.297e+01  1.292e+04 
 PARAMETER  CORRELATION COEFFICIENTS  
       NO.  GLOBAL      1      2      3
        1  0.15424   1.000 -0.154 -0.154
        2  0.99087  -0.154  1.000  0.991
        3  0.99087  -0.154  0.991  1.000
setting A_CBO=0.002753 w_CBO=2.327371, phi_CBO=5.552202
done fitting cbo isolate
 **********
 **    1 **SET PRINTOUT            1
 **********
 **********
 **    2 **SET NOWARNINGS 
 **********
 PARAMETER DEFINITIONS:
    NO.   NAME         VALUE      STEP SIZE      LIMITS
     1 N0           3.43589e+06  1.00000e+02     no limits
     2 tau          6.43981e+01  constant
     3 A0           3.53663e-01  1.00000e-04     no limits
     4 phi          4.11774e+00  1.00000e-02     no limits
     5 R           -5.99112e+01  constant
     6 A_CBO        2.75272e-03  1.00000e-05     no limits
     7 w_CBO        2.32737e+00  1.00000e-03     no limits
     8 phi_CBO      5.55220e+00  1.00000e-04     no limits
     9 ANx2         3.16301e-04  constant
    10 pNx2         1.53957e+00  constant
    11 ANy1         0.00000e+00  constant
    12 pNy1         0.00000e+00  constant
    13 w_y          0.00000e+00  constant
    14 ANy2         1.02217e-02  1.00000e-04     no limits
    15 pNy2         1.44040e+00  constant
    16 w_vw         1.43192e+01  constant
    17 LM          -2.49463e-04  constant
    18 wCBO_expCoeff   2.00000e+02  1.00000e+00     no limits
    19 wCBO_expOffset   2.00000e+02  1.00000e+00     no limits
    20 wCBO_expT    3.00000e+01  1.00000e+00     no limits
    21 wCBO_linCoeff   0.00000e+00  constant
    22 wCBO_const   0.00000e+00  1.00000e-02     no limits
MINUIT - FIT ONLY WIGGLE
 **********
 **    3 **FIX            5
 **********
 PARAMETER    5  IS CONSTANT.   IGNORED.
 **********
 **    4 **FIX            6
 **********
 **********
 **    5 **FIX            7
 **********
 **********
 **    6 **FIX            8
 **********
 **********
 **    7 **FIX            9
 **********
 PARAMETER    9  IS CONSTANT.   IGNORED.
 **********
 **    8 **FIX           10
 **********
 PARAMETER   10  IS CONSTANT.   IGNORED.
 **********
 **    9 **FIX           11
 **********
 PARAMETER   11  IS CONSTANT.   IGNORED.
 **********
 **   10 **FIX           12
 **********
 PARAMETER   12  IS CONSTANT.   IGNORED.
 **********
 **   11 **FIX           13
 **********
 PARAMETER   13  IS CONSTANT.   IGNORED.
 **********
 **   12 **FIX           14
 **********
 **********
 **   13 **FIX           15
 **********
 PARAMETER   15  IS CONSTANT.   IGNORED.
 **********
 **   14 **FIX           16
 **********
 PARAMETER   16  IS CONSTANT.   IGNORED.
 **********
 **   15 **MIGRAD
 **********
 FIRST CALL TO USER FUNCTION AT NEW START POINT, WITH IFLAG=4.
 START MIGRAD MINIMIZATION.  STRATEGY  1.  CONVERGENCE WHEN EDM .LT. 1.00e-04
 FCN=901.682 FROM MIGRAD    STATUS=INITIATE       59 CALLS          60 TOTAL
                     EDM= unknown      STRATEGY= 1      NO ERROR MATRIX       
  EXT PARAMETER               CURRENT GUESS       STEP         FIRST   
  NO.   NAME      VALUE            ERROR          SIZE      DERIVATIVE 
   1  N0           3.43589e+06   1.00000e+02   0.00000e+00  -4.80620e-04
   2  tau          6.43981e+01   constant   
   3  A0           3.53663e-01   1.00000e-04   0.00000e+00  -4.44911e+03
   4  phi          4.11774e+00   1.00000e-02   0.00000e+00  -9.28556e+00
   5  R           -5.99112e+01   constant   
   6  A_CBO        2.75272e-03     fixed    
   7  w_CBO        2.32737e+00     fixed    
   8  phi_CBO      5.55220e+00     fixed    
   9  ANx2         3.16301e-04   constant   
  10  pNx2         1.53957e+00   constant   
  11  ANy1         0.00000e+00   constant   
  12  pNy1         0.00000e+00   constant   
  13  w_y          0.00000e+00   constant   
  14  ANy2         1.02217e-02     fixed    
  15  pNy2         1.44040e+00   constant   
  16  w_vw         1.43192e+01   constant   
  17  LM          -2.49463e-04   constant   
  18  wCBO_expCoeff   2.00000e+02   1.00000e+00   0.00000e+00  -4.55455e+01
  19  wCBO_expOffset   2.00000e+02   1.00000e+00   0.00000e+00  -3.03585e+02
  20  wCBO_expT    3.00000e+01   1.00000e+00   0.00000e+00  -1.30522e+03
  21  wCBO_linCoeff   0.00000e+00   constant   
  22  wCBO_const   2.11065e-03   1.00000e-02   2.11065e-03  -1.45869e+03
 MIGRAD MINIMIZATION HAS CONVERGED.
 FCN=885.831 FROM MIGRAD    STATUS=CONVERGED     210 CALLS         211 TOTAL
                     EDM=1.1943e-07    STRATEGY= 1  ERROR MATRIX UNCERTAINTY   1.8 per cent
  EXT PARAMETER                                   STEP         FIRST   
  NO.   NAME      VALUE            ERROR          SIZE      DERIVATIVE 
   1  N0           3.43614e+06   1.12777e+03  -2.02222e+00   7.76821e-08
   2  tau          6.43981e+01   constant   
   3  A0           3.54127e-01   4.35339e-04  -2.49913e-07   2.31030e-02
   4  phi          4.11802e+00   1.27727e-03   2.32965e-06   1.01877e-01
   5  R           -5.99112e+01   constant   
   6  A_CBO        2.75272e-03     fixed    
   7  w_CBO        2.32737e+00     fixed    
   8  phi_CBO      5.55220e+00     fixed    
   9  ANx2         3.16301e-04   constant   
  10  pNx2         1.53957e+00   constant   
  11  ANy1         0.00000e+00   constant   
  12  pNy1         0.00000e+00   constant   
  13  w_y          0.00000e+00   constant   
  14  ANy2         1.02217e-02     fixed    
  15  pNy2         1.44040e+00   constant   
  16  w_vw         1.43192e+01   constant   
  17  LM          -2.49463e-04   constant   
  18  wCBO_expCoeff   1.99532e+02   9.79296e-02  -1.22230e-05   2.78055e-02
  19  wCBO_expOffset   1.99930e+02   1.47390e-02  -1.85984e-06   1.85642e-01
  20  wCBO_expT    3.00387e+01   8.66865e-03   2.70295e-06   6.90896e-01
  21  wCBO_linCoeff   0.00000e+00   constant   
  22  wCBO_const   1.21150e-03   5.65876e-04  -6.95751e-07   5.21364e-01
 EXTERNAL ERROR MATRIX.    NDIM=  25    NPAR=  7    ERR DEF=1
  1.272e+06  6.161e-03 -1.612e-02 -3.285e+00 -4.929e-01  2.658e-01  5.210e-03 
  6.161e-03  1.895e-07 -1.413e-10 -2.420e-06 -3.641e-07  2.152e-07 -5.261e-09 
 -1.612e-02 -1.413e-10  1.631e-06 -1.272e-06 -1.913e-07  1.182e-07 -2.682e-08 
 -3.285e+00 -2.420e-06 -1.272e-06  9.590e-03  1.356e-03 -8.311e-04  2.962e-05 
 -4.929e-01 -3.641e-07 -1.913e-07  1.356e-03  2.172e-04 -1.251e-04  4.459e-06 
  2.658e-01  2.152e-07  1.182e-07 -8.311e-04 -1.251e-04  7.515e-05 -3.014e-06 
  5.210e-03 -5.261e-09 -2.682e-08  2.962e-05  4.459e-06 -3.014e-06  3.202e-07 
 PARAMETER  CORRELATION COEFFICIENTS  
       NO.  GLOBAL      1      3      4     18     19     20     22
        1  0.04469   1.000  0.013 -0.011 -0.030 -0.030  0.027  0.008
        3  0.06115   0.013  1.000 -0.000 -0.057 -0.057  0.057 -0.021
        4  0.06365  -0.011 -0.000  1.000 -0.010 -0.010  0.011 -0.037
       18  0.99308  -0.030 -0.057 -0.010  1.000  0.940 -0.979  0.535
       19  0.99310  -0.030 -0.057 -0.010  0.940  1.000 -0.979  0.535
       20  0.99823   0.027  0.057  0.011 -0.979 -0.979  1.000 -0.615
       22  0.88487   0.008 -0.021 -0.037  0.535  0.535 -0.615  1.000
MINUIT - FIT ONLY 1-CBO + other amplitudes 
 **********
 **   16 **RES 
 **********
                   PARAMETER   14  ANy2 RESTORED TO VARIABLE.
                   PARAMETER    8  phi_CBO RESTORED TO VARIABLE.
                   PARAMETER    7  w_CBO RESTORED TO VARIABLE.
                   PARAMETER    6  A_CBO RESTORED TO VARIABLE.
 **********
 **   17 **FIX            0
 **********
 PARAMETER    0  IS UNDEFINED. IGNORED.
 **********
 **   18 **FIX            1
 **********
 **********
 **   19 **FIX            2
 **********
 PARAMETER    2  IS CONSTANT.   IGNORED.
 **********
 **   20 **FIX            3
 **********
 **********
 **   21 **FIX            4
 **********
 **********
 **   22 **FIX            9
 **********
 PARAMETER    9  IS CONSTANT.   IGNORED.
 **********
 **   23 **FIX           11
 **********
 PARAMETER   11  IS CONSTANT.   IGNORED.
 **********
 **   24 **FIX           12
 **********
 PARAMETER   12  IS CONSTANT.   IGNORED.
 **********
 **   25 **FIX           14
 **********
 **********
 **   26 **FIX           15
 **********
 PARAMETER   15  IS CONSTANT.   IGNORED.
 **********
 **   27 **FIX           16
 **********
 PARAMETER   16  IS CONSTANT.   IGNORED.
 **********
 **   28 **MIGRAD
 **********
 START MIGRAD MINIMIZATION.  STRATEGY  1.  CONVERGENCE WHEN EDM .LT. 1.00e-04
 FCN=885.831 FROM MIGRAD    STATUS=INITIATE       20 CALLS         231 TOTAL
                     EDM= unknown      STRATEGY= 1      NO ERROR MATRIX       
  EXT PARAMETER               CURRENT GUESS       STEP         FIRST   
  NO.   NAME      VALUE            ERROR          SIZE      DERIVATIVE 
   1  N0           3.43614e+06     fixed    
   2  tau          6.43981e+01   constant   
   3  A0           3.54127e-01     fixed    
   4  phi          4.11802e+00     fixed    
   5  R           -5.99112e+01   constant   
   6  A_CBO        2.75272e-03   1.00000e-05   1.00000e-05   1.46335e+04
   7  w_CBO        2.32737e+00   1.00000e-03   1.00000e-03   2.61948e+00
   8  phi_CBO      5.55220e+00   1.00000e-04   1.00000e-04   4.71473e+00
   9  ANx2         3.16301e-04   constant   
  10  pNx2         1.53957e+00   constant   
  11  ANy1         0.00000e+00   constant   
  12  pNy1         0.00000e+00   constant   
  13  w_y          0.00000e+00   constant   
  14  ANy2         1.02217e-02     fixed    
  15  pNy2         1.44040e+00   constant   
  16  w_vw         1.43192e+01   constant   
  17  LM          -2.49463e-04   constant   
  18  wCBO_expCoeff   1.99532e+02   9.79296e-02  -1.22230e-05   2.78055e-02
  19  wCBO_expOffset   1.99930e+02   1.47390e-02  -1.85984e-06   1.85642e-01
  20  wCBO_expT    3.00387e+01   8.66865e-03   2.70295e-06   6.90896e-01
  21  wCBO_linCoeff   0.00000e+00   constant   
  22  wCBO_const   1.21150e-03   5.65876e-04  -6.95751e-07   5.21370e-01
 MIGRAD MINIMIZATION HAS CONVERGED.
 FCN=872.772 FROM MIGRAD    STATUS=CONVERGED     176 CALLS         387 TOTAL
                     EDM=8.06979e-06    STRATEGY= 1  ERROR MATRIX UNCERTAINTY   2.9 per cent
  EXT PARAMETER                                   STEP         FIRST   
  NO.   NAME      VALUE            ERROR          SIZE      DERIVATIVE 
   1  N0           3.43614e+06     fixed    
   2  tau          6.43981e+01   constant   
   3  A0           3.54127e-01     fixed    
   4  phi          4.11802e+00     fixed    
   5  R           -5.99112e+01   constant   
   6  A_CBO        1.11428e-03   4.84717e-04  -1.90842e-05   3.30650e+00
   7  w_CBO        2.32726e+00   8.60626e-04  -2.78108e-05   2.60330e-01
   8  phi_CBO      5.06240e+00   5.88500e-01   7.97504e-03   8.49632e-03
   9  ANx2         3.16301e-04   constant   
  10  pNx2         1.53957e+00   constant   
  11  ANy1         0.00000e+00   constant   
  12  pNy1         0.00000e+00   constant   
  13  w_y          0.00000e+00   constant   
  14  ANy2         1.02217e-02     fixed    
  15  pNy2         1.44040e+00   constant   
  16  w_vw         1.43192e+01   constant   
  17  LM          -2.49463e-04   constant   
  18  wCBO_expCoeff   1.99523e+02   1.04212e-01  -3.46580e-03   1.90687e-03
  19  wCBO_expOffset   1.99928e+02   1.58475e-02  -5.26952e-04   2.53598e-02
  20  wCBO_expT    3.00398e+01   1.25960e-02   4.03378e-04  -3.93534e-02
  21  wCBO_linCoeff   0.00000e+00   constant   
  22  wCBO_const   8.35499e-04   5.25366e-04   7.16206e-06   2.07760e-01
 EXTERNAL ERROR MATRIX.    NDIM=  25    NPAR=  7    ERR DEF=1
  2.350e-07  3.662e-08 -1.487e-05  4.180e-06  6.368e-07 -6.091e-07  2.709e-08 
  3.662e-08  7.407e-07 -1.163e-05  8.816e-05  1.341e-05 -1.073e-05  4.340e-08 
 -1.487e-05 -1.163e-05  3.463e-01 -2.158e-03 -3.314e-04  5.808e-04  7.060e-05 
  4.180e-06  8.816e-05 -2.158e-03  1.086e-02  1.630e-03 -1.299e-03  3.122e-06 
  6.368e-07  1.341e-05 -3.314e-04  1.630e-03  2.511e-04 -1.976e-04  4.792e-07 
 -6.091e-07 -1.073e-05  5.808e-04 -1.299e-03 -1.976e-04  1.587e-04 -8.171e-07 
  2.709e-08  4.340e-08  7.060e-05  3.122e-06  4.792e-07 -8.171e-07  2.760e-07 
 PARAMETER  CORRELATION COEFFICIENTS  
       NO.  GLOBAL      6      7      8     18     19     20     22
        6  0.17736   1.000  0.088 -0.052  0.083  0.083 -0.100  0.106
        7  0.99222   0.088  1.000 -0.023  0.983  0.983 -0.990  0.096
        8  0.74037  -0.052 -0.023  1.000 -0.035 -0.036  0.078  0.228
       18  0.99395   0.083  0.983 -0.035  1.000  0.987 -0.990  0.057
       19  0.99406   0.083  0.983 -0.036  0.987  1.000 -0.990  0.058
       20  0.99831  -0.100 -0.990  0.078 -0.990 -0.990  1.000 -0.123
       22  0.77814   0.106  0.096  0.228  0.057  0.058 -0.123  1.000
MINUIT - FIT ONLY 1-CBO
 **********
 **   29 **RES 
 **********
                   PARAMETER   14  ANy2 RESTORED TO VARIABLE.
                   PARAMETER    4  phi RESTORED TO VARIABLE.
                   PARAMETER    3  A0 RESTORED TO VARIABLE.
                   PARAMETER    1  N0 RESTORED TO VARIABLE.
 **********
 **   30 **FIX            0
 **********
 PARAMETER    0  IS UNDEFINED. IGNORED.
 **********
 **   31 **FIX            1
 **********
 **********
 **   32 **FIX            2
 **********
 PARAMETER    2  IS CONSTANT.   IGNORED.
 **********
 **   33 **FIX            3
 **********
 **********
 **   34 **FIX            4
 **********
 **********
 **   35 **FIX            8
 **********
 **********
 **   36 **FIX            9
 **********
 PARAMETER    9  IS CONSTANT.   IGNORED.
 **********
 **   37 **FIX           11
 **********
 PARAMETER   11  IS CONSTANT.   IGNORED.
 **********
 **   38 **FIX           12
 **********
 PARAMETER   12  IS CONSTANT.   IGNORED.
 **********
 **   39 **FIX           13
 **********
 PARAMETER   13  IS CONSTANT.   IGNORED.
 **********
 **   40 **FIX           15
 **********
 PARAMETER   15  IS CONSTANT.   IGNORED.
 **********
 **   41 **FIX           16
 **********
 PARAMETER   16  IS CONSTANT.   IGNORED.
 **********
 **   42 **MIGRAD
 **********
 START MIGRAD MINIMIZATION.  STRATEGY  1.  CONVERGENCE WHEN EDM .LT. 1.00e-04
 FCN=872.772 FROM MIGRAD    STATUS=INITIATE       16 CALLS         403 TOTAL
                     EDM= unknown      STRATEGY= 1      NO ERROR MATRIX       
  EXT PARAMETER               CURRENT GUESS       STEP         FIRST   
  NO.   NAME      VALUE            ERROR          SIZE      DERIVATIVE 
   1  N0           3.43614e+06     fixed    
   2  tau          6.43981e+01   constant   
   3  A0           3.54127e-01     fixed    
   4  phi          4.11802e+00     fixed    
   5  R           -5.99112e+01   constant   
   6  A_CBO        1.11428e-03   4.84717e-04  -1.90842e-05   3.30650e+00
   7  w_CBO        2.32726e+00   8.60626e-04  -2.78108e-05   2.60698e-01
   8  phi_CBO      5.06240e+00     fixed    
   9  ANx2         3.16301e-04   constant   
  10  pNx2         1.53957e+00   constant   
  11  ANy1         0.00000e+00   constant   
  12  pNy1         0.00000e+00   constant   
  13  w_y          0.00000e+00   constant   
  14  ANy2         1.02217e-02   1.00000e-04   1.00000e-04   9.94679e+04
  15  pNy2         1.44040e+00   constant   
  16  w_vw         1.43192e+01   constant   
  17  LM          -2.49463e-04   constant   
  18  wCBO_expCoeff   1.99523e+02   1.04212e-01  -3.46580e-03   1.91101e-03
  19  wCBO_expOffset   1.99928e+02   1.58475e-02  -5.26952e-04   2.53598e-02
  20  wCBO_expT    3.00398e+01   1.25960e-02   4.03378e-04  -3.93534e-02
  21  wCBO_linCoeff   0.00000e+00   constant   
  22  wCBO_const   8.35499e-04   5.25366e-04   7.16206e-06   2.07626e-01
 MIGRAD MINIMIZATION HAS CONVERGED.
 MIGRAD WILL VERIFY CONVERGENCE AND ERROR MATRIX.
 COVARIANCE MATRIX CALCULATED SUCCESSFULLY
 FCN=350.521 FROM MIGRAD    STATUS=CONVERGED     221 CALLS         608 TOTAL
                     EDM=6.39087e-06    STRATEGY= 1      ERROR MATRIX ACCURATE 
  EXT PARAMETER                                   STEP         FIRST   
  NO.   NAME      VALUE            ERROR          SIZE      DERIVATIVE 
   1  N0           3.43614e+06     fixed    
   2  tau          6.43981e+01   constant   
   3  A0           3.54127e-01     fixed    
   4  phi          4.11802e+00     fixed    
   5  R           -5.99112e+01   constant   
   6  A_CBO        4.14719e-04   4.96049e-04   4.32023e-06   3.25581e+00
   7  w_CBO        2.32795e+00   8.27005e-03   2.90448e-06   5.91535e+00
   8  phi_CBO      5.06240e+00     fixed    
   9  ANx2         3.16301e-04   constant   
  10  pNx2         1.53957e+00   constant   
  11  ANy1         0.00000e+00   constant   
  12  pNy1         0.00000e+00   constant   
  13  w_y          0.00000e+00   constant   
  14  ANy2        -2.76550e-04   4.59205e-04   4.19274e-06   1.02654e-02
  15  pNy2         1.44040e+00   constant   
  16  w_vw         1.43192e+01   constant   
  17  LM          -2.49463e-04   constant   
  18  wCBO_expCoeff   1.99613e+02   7.07310e-01   2.99815e-04   5.11738e-02
  19  wCBO_expOffset   1.99942e+02   8.17158e-02   9.53397e-05   3.39307e-01
  20  wCBO_expT    3.00303e+01   2.32050e-02   1.43196e-05   1.34331e+00
  21  wCBO_linCoeff   0.00000e+00   constant   
  22  wCBO_const   4.54347e-04   3.47758e-03   4.63787e-06   3.55376e+00
 EXTERNAL ERROR MATRIX.    NDIM=  25    NPAR=  7    ERR DEF=1
  2.461e-07  3.622e-07  1.072e-08  2.877e-05  1.630e-06 -3.344e-06 -3.224e-08 
  3.622e-07  6.839e-05 -2.678e-08 -3.263e-03 -2.131e-04 -5.466e-05 -2.776e-05 
  1.072e-08 -2.678e-08  2.109e-07 -2.282e-06 -3.446e-07  2.863e-07  1.165e-08 
  2.877e-05 -3.263e-03 -2.282e-06  5.003e-01 -1.829e-02 -4.560e-03  1.538e-03 
  1.630e-06 -2.131e-04 -3.446e-07 -1.829e-02  6.677e-03 -3.582e-04  1.019e-04 
 -3.344e-06 -5.466e-05  2.863e-07 -4.560e-03 -3.582e-04  5.385e-04  6.959e-06 
 -3.224e-08 -2.776e-05  1.165e-08  1.538e-03  1.019e-04  6.959e-06  1.209e-05 
 PARAMETER  CORRELATION COEFFICIENTS  
       NO.  GLOBAL      6      7     14     18     19     20     22
        6  0.30768   1.000  0.088  0.047  0.082  0.040 -0.291 -0.019
        7  0.99926   0.088  1.000 -0.007 -0.558 -0.315 -0.285 -0.965
       14  0.07281   0.047 -0.007  1.000 -0.007 -0.009  0.027  0.007
       18  0.99893   0.082 -0.558 -0.007  1.000 -0.316 -0.278  0.625
       19  0.99818   0.040 -0.315 -0.009 -0.316  1.000 -0.189  0.359
       20  0.99808  -0.291 -0.285  0.027 -0.278 -0.189  1.000  0.086
       22  0.98929  -0.019 -0.965  0.007  0.625  0.359  0.086  1.000
MINUIT - FIT ONLY 2-CBO
 **********
 **   43 **RES 
 **********
                   PARAMETER    8  phi_CBO RESTORED TO VARIABLE.
                   PARAMETER    4  phi RESTORED TO VARIABLE.
                   PARAMETER    3  A0 RESTORED TO VARIABLE.
                   PARAMETER    1  N0 RESTORED TO VARIABLE.
 **********
 **   44 **FIX            0
 **********
 PARAMETER    0  IS UNDEFINED. IGNORED.
 **********
 **   45 **FIX            1
 **********
 **********
 **   46 **FIX            2
 **********
 PARAMETER    2  IS CONSTANT.   IGNORED.
 **********
 **   47 **FIX            3
 **********
 **********
 **   48 **FIX            4
 **********
 **********
 **   49 **FIX            5
 **********
 PARAMETER    5  IS CONSTANT.   IGNORED.
 **********
 **   50 **FIX            6
 **********
 **********
 **   51 **FIX            7
 **********
 **********
 **   52 **FIX           10
 **********
 PARAMETER   10  IS CONSTANT.   IGNORED.
 **********
 **   53 **FIX           11
 **********
 PARAMETER   11  IS CONSTANT.   IGNORED.
 **********
 **   54 **FIX           12
 **********
 PARAMETER   12  IS CONSTANT.   IGNORED.
 **********
 **   55 **FIX           13
 **********
 PARAMETER   13  IS CONSTANT.   IGNORED.
 **********
 **   56 **FIX           14
 **********
 **********
 **   57 **FIX           15
 **********
 PARAMETER   15  IS CONSTANT.   IGNORED.
 **********
 **   58 **FIX           16
 **********
 PARAMETER   16  IS CONSTANT.   IGNORED.
 **********
 **   59 **MIGRAD
 **********
 START MIGRAD MINIMIZATION.  STRATEGY  1.  CONVERGENCE WHEN EDM .LT. 1.00e-04
 FCN=350.521 FROM MIGRAD    STATUS=INITIATE       12 CALLS         620 TOTAL
                     EDM= unknown      STRATEGY= 1      NO ERROR MATRIX       
  EXT PARAMETER               CURRENT GUESS       STEP         FIRST   
  NO.   NAME      VALUE            ERROR          SIZE      DERIVATIVE 
   1  N0           3.43614e+06     fixed    
   2  tau          6.43981e+01   constant   
   3  A0           3.54127e-01     fixed    
   4  phi          4.11802e+00     fixed    
   5  R           -5.99112e+01   constant   
   6  A_CBO        4.14719e-04     fixed    
   7  w_CBO        2.32795e+00     fixed    
   8  phi_CBO      5.06240e+00   5.88500e-01   5.88500e-01   3.86687e-02
   9  ANx2         3.16301e-04   constant   
  10  pNx2         1.53957e+00   constant   
  11  ANy1         0.00000e+00   constant   
  12  pNy1         0.00000e+00   constant   
  13  w_y          0.00000e+00   constant   
  14  ANy2        -2.76550e-04     fixed    
  15  pNy2         1.44040e+00   constant   
  16  w_vw         1.43192e+01   constant   
  17  LM          -2.49463e-04   constant   
  18  wCBO_expCoeff   1.99613e+02   7.07310e-01   2.99815e-04   5.10597e-02
  19  wCBO_expOffset   1.99942e+02   8.17158e-02   9.53397e-05   3.36671e-01
  20  wCBO_expT    3.00303e+01   2.32050e-02   1.43196e-05   1.34228e+00
  21  wCBO_linCoeff   0.00000e+00   constant   
  22  wCBO_const   4.54347e-04   3.47758e-03   4.63787e-06   3.55176e+00
 MIGRAD MINIMIZATION HAS CONVERGED.
 MIGRAD WILL VERIFY CONVERGENCE AND ERROR MATRIX.
 COVARIANCE MATRIX CALCULATED SUCCESSFULLY
 FCN=350.521 FROM MIGRAD    STATUS=CONVERGED      81 CALLS         689 TOTAL
                     EDM=4.12501e-05    STRATEGY= 1      ERROR MATRIX ACCURATE 
  EXT PARAMETER                                   STEP         FIRST   
  NO.   NAME      VALUE            ERROR          SIZE      DERIVATIVE 
   1  N0           3.43614e+06     fixed    
   2  tau          6.43981e+01   constant   
   3  A0           3.54127e-01     fixed    
   4  phi          4.11802e+00     fixed    
   5  R           -5.99112e+01   constant   
   6  A_CBO        4.14719e-04     fixed    
   7  w_CBO        2.32795e+00     fixed    
   8  phi_CBO      5.03418e+00   1.20765e+00   9.82854e-03   1.39852e-05
   9  ANx2         3.16301e-04   constant   
  10  pNx2         1.53957e+00   constant   
  11  ANy1         0.00000e+00   constant   
  12  pNy1         0.00000e+00   constant   
  13  w_y          0.00000e+00   constant   
  14  ANy2        -2.76550e-04     fixed    
  15  pNy2         1.44040e+00   constant   
  16  w_vw         1.43192e+01   constant   
  17  LM          -2.49463e-04   constant   
  18  wCBO_expCoeff   1.99613e+02   5.94244e-01   2.99964e-04  -5.97695e-03
  19  wCBO_expOffset   1.99942e+02   7.94137e-02   9.53397e-05  -3.97323e-02
  20  wCBO_expT    3.00303e+01   2.18665e-02   1.43196e-05   2.82968e-01
  21  wCBO_linCoeff   0.00000e+00   constant   
  22  wCBO_const   4.47808e-04   9.04260e-04   4.64575e-06  -1.00633e-01
 EXTERNAL ERROR MATRIX.    NDIM=  25    NPAR=  5    ERR DEF=1
  1.458e+00 -4.867e-02 -4.343e-03  3.461e-03  2.203e-04 
 -4.867e-02  3.531e-01 -3.057e-02 -6.894e-03  1.898e-04 
 -4.343e-03 -3.057e-02  6.307e-03 -5.195e-04  1.387e-05 
  3.461e-03 -6.894e-03 -5.195e-04  4.781e-04 -1.363e-05 
  2.203e-04  1.898e-04  1.387e-05 -1.363e-05  8.177e-07 
 PARAMETER  CORRELATION COEFFICIENTS  
       NO.  GLOBAL      8     18     19     20     22
        8  0.45729   1.000 -0.068 -0.045  0.131  0.202
       18  0.99848  -0.068  1.000 -0.648 -0.531  0.353
       19  0.99807  -0.045 -0.648  1.000 -0.299  0.193
       20  0.99783   0.131 -0.531 -0.299  1.000 -0.689
       22  0.82776   0.202  0.353  0.193 -0.689  1.000
MINUIT - FIT ONLY 1-y
 **********
 **   60 **RES 
 **********
                   PARAMETER   14  ANy2 RESTORED TO VARIABLE.
                   PARAMETER    7  w_CBO RESTORED TO VARIABLE.
                   PARAMETER    6  A_CBO RESTORED TO VARIABLE.
                   PARAMETER    4  phi RESTORED TO VARIABLE.
                   PARAMETER    3  A0 RESTORED TO VARIABLE.
                   PARAMETER    1  N0 RESTORED TO VARIABLE.
 **********
 **   61 **FIX            0
 **********
 PARAMETER    0  IS UNDEFINED. IGNORED.
 **********
 **   62 **FIX            1
 **********
 **********
 **   63 **FIX            2
 **********
 PARAMETER    2  IS CONSTANT.   IGNORED.
 **********
 **   64 **FIX            3
 **********
 **********
 **   65 **FIX            4
 **********
 **********
 **   66 **FIX            5
 **********
 PARAMETER    5  IS CONSTANT.   IGNORED.
 **********
 **   67 **FIX            6
 **********
 **********
 **   68 **FIX            7
 **********
 **********
 **   69 **FIX            8
 **********
 **********
 **   70 **FIX            9
 **********
 PARAMETER    9  IS CONSTANT.   IGNORED.
 **********
 **   71 **FIX           13
 **********
 PARAMETER   13  IS CONSTANT.   IGNORED.
 **********
 **   72 **FIX           14
 **********
 **********
 **   73 **FIX           15
 **********
 PARAMETER   15  IS CONSTANT.   IGNORED.
 **********
 **   74 **FIX           16
 **********
 PARAMETER   16  IS CONSTANT.   IGNORED.
 **********
 **   75 **MIGRAD
 **********
 START MIGRAD MINIMIZATION.  STRATEGY  1.  CONVERGENCE WHEN EDM .LT. 1.00e-04
 FCN=350.521 FROM MIGRAD    STATUS=INITIATE        8 CALLS         697 TOTAL
                     EDM= unknown      STRATEGY= 1      NO ERROR MATRIX       
  EXT PARAMETER               CURRENT GUESS       STEP         FIRST   
  NO.   NAME      VALUE            ERROR          SIZE      DERIVATIVE 
   1  N0           3.43614e+06     fixed    
   2  tau          6.43981e+01   constant   
   3  A0           3.54127e-01     fixed    
   4  phi          4.11802e+00     fixed    
   5  R           -5.99112e+01   constant   
   6  A_CBO        4.14719e-04     fixed    
   7  w_CBO        2.32795e+00     fixed    
   8  phi_CBO      5.03418e+00     fixed    
   9  ANx2         3.16301e-04   constant   
  10  pNx2         1.53957e+00   constant   
  11  ANy1         0.00000e+00   constant   
  12  pNy1         0.00000e+00   constant   
  13  w_y          0.00000e+00   constant   
  14  ANy2        -2.76550e-04     fixed    
  15  pNy2         1.44040e+00   constant   
  16  w_vw         1.43192e+01   constant   
  17  LM          -2.49463e-04   constant   
  18  wCBO_expCoeff   1.99613e+02   5.94244e-01   2.99964e-04  -6.08463e-03
  19  wCBO_expOffset   1.99942e+02   7.94137e-02   9.53397e-05  -4.30114e-02
  20  wCBO_expT    3.00303e+01   2.18665e-02   1.43196e-05   2.82072e-01
  21  wCBO_linCoeff   0.00000e+00   constant   
  22  wCBO_const   4.47808e-04   9.04260e-04   4.64575e-06  -1.02330e-01
 MIGRAD MINIMIZATION HAS CONVERGED.
 MIGRAD WILL VERIFY CONVERGENCE AND ERROR MATRIX.
 COVARIANCE MATRIX CALCULATED SUCCESSFULLY
 FCN=350.521 FROM MIGRAD    STATUS=CONVERGED      56 CALLS         745 TOTAL
                     EDM=3.37942e-05    STRATEGY= 1      ERROR MATRIX ACCURATE 
  EXT PARAMETER                                   STEP         FIRST   
  NO.   NAME      VALUE            ERROR          SIZE      DERIVATIVE 
   1  N0           3.43614e+06     fixed    
   2  tau          6.43981e+01   constant   
   3  A0           3.54127e-01     fixed    
   4  phi          4.11802e+00     fixed    
   5  R           -5.99112e+01   constant   
   6  A_CBO        4.14719e-04     fixed    
   7  w_CBO        2.32795e+00     fixed    
   8  phi_CBO      5.03418e+00     fixed    
   9  ANx2         3.16301e-04   constant   
  10  pNx2         1.53957e+00   constant   
  11  ANy1         0.00000e+00   constant   
  12  pNy1         0.00000e+00   constant   
  13  w_y          0.00000e+00   constant   
  14  ANy2        -2.76550e-04     fixed    
  15  pNy2         1.44040e+00   constant   
  16  w_vw         1.43192e+01   constant   
  17  LM          -2.49463e-04   constant   
  18  wCBO_expCoeff   1.99614e+02   5.80103e-01   3.00218e-04   1.79885e-01
  19  wCBO_expOffset   1.99942e+02   7.74062e-02   9.53397e-05   1.19486e+00
  20  wCBO_expT    3.00302e+01   2.14053e-02   1.43195e-05   4.45266e+00
  21  wCBO_linCoeff   0.00000e+00   constant   
  22  wCBO_const   4.50618e-04   8.80164e-04   4.64547e-06   1.10981e+01
 EXTERNAL ERROR MATRIX.    NDIM=  25    NPAR=  4    ERR DEF=1
  3.365e-01 -2.900e-02 -6.613e-03  1.923e-04 
 -2.900e-02  5.992e-03 -4.958e-04  1.415e-05 
 -6.613e-03 -4.958e-04  4.582e-04 -1.381e-05 
  1.923e-04  1.415e-05 -1.381e-05  7.747e-07 
 PARAMETER  CORRELATION COEFFICIENTS  
       NO.  GLOBAL     18     19     20     22
       18  0.99840   1.000 -0.646 -0.533  0.377
       19  0.99797  -0.646  1.000 -0.299  0.208
       20  0.99773  -0.533 -0.299  1.000 -0.733
       22  0.81704   0.377  0.208 -0.733  1.000
MINUIT - FIT ONLY 2-y
 **********
 **   76 **RES 
 **********
                   PARAMETER   14  ANy2 RESTORED TO VARIABLE.
                   PARAMETER    8  phi_CBO RESTORED TO VARIABLE.
                   PARAMETER    7  w_CBO RESTORED TO VARIABLE.
                   PARAMETER    6  A_CBO RESTORED TO VARIABLE.
                   PARAMETER    4  phi RESTORED TO VARIABLE.
                   PARAMETER    3  A0 RESTORED TO VARIABLE.
                   PARAMETER    1  N0 RESTORED TO VARIABLE.
 **********
 **   77 **FIX            0
 **********
 PARAMETER    0  IS UNDEFINED. IGNORED.
 **********
 **   78 **FIX            1
 **********
 **********
 **   79 **FIX            2
 **********
 PARAMETER    2  IS CONSTANT.   IGNORED.
 **********
 **   80 **FIX            3
 **********
 **********
 **   81 **FIX            4
 **********
 **********
 **   82 **FIX            5
 **********
 PARAMETER    5  IS CONSTANT.   IGNORED.
 **********
 **   83 **FIX            6
 **********
 **********
 **   84 **FIX            7
 **********
 **********
 **   85 **FIX            8
 **********
 **********
 **   86 **FIX            9
 **********
 PARAMETER    9  IS CONSTANT.   IGNORED.
 **********
 **   87 **FIX           10
 **********
 PARAMETER   10  IS CONSTANT.   IGNORED.
 **********
 **   88 **FIX           11
 **********
 PARAMETER   11  IS CONSTANT.   IGNORED.
 **********
 **   89 **FIX           12
 **********
 PARAMETER   12  IS CONSTANT.   IGNORED.
 **********
 **   90 **FIX           16
 **********
 PARAMETER   16  IS CONSTANT.   IGNORED.
 **********
 **   91 **MIGRAD
 **********
 START MIGRAD MINIMIZATION.  STRATEGY  1.  CONVERGENCE WHEN EDM .LT. 1.00e-04
 FCN=350.521 FROM MIGRAD    STATUS=INITIATE       10 CALLS         755 TOTAL
                     EDM= unknown      STRATEGY= 1      NO ERROR MATRIX       
  EXT PARAMETER               CURRENT GUESS       STEP         FIRST   
  NO.   NAME      VALUE            ERROR          SIZE      DERIVATIVE 
   1  N0           3.43614e+06     fixed    
   2  tau          6.43981e+01   constant   
   3  A0           3.54127e-01     fixed    
   4  phi          4.11802e+00     fixed    
   5  R           -5.99112e+01   constant   
   6  A_CBO        4.14719e-04     fixed    
   7  w_CBO        2.32795e+00     fixed    
   8  phi_CBO      5.03418e+00     fixed    
   9  ANx2         3.16301e-04   constant   
  10  pNx2         1.53957e+00   constant   
  11  ANy1         0.00000e+00   constant   
  12  pNy1         0.00000e+00   constant   
  13  w_y          0.00000e+00   constant   
  14  ANy2        -2.76550e-04   4.59205e-04   4.59205e-04   2.46697e+00
  15  pNy2         1.44040e+00   constant   
  16  w_vw         1.43192e+01   constant   
  17  LM          -2.49463e-04   constant   
  18  wCBO_expCoeff   1.99614e+02   5.80103e-01   3.00218e-04   1.79770e-01
  19  wCBO_expOffset   1.99942e+02   7.74062e-02   9.53397e-05   1.19223e+00
  20  wCBO_expT    3.00302e+01   2.14053e-02   1.43195e-05   4.45164e+00
  21  wCBO_linCoeff   0.00000e+00   constant   
  22  wCBO_const   4.50618e-04   8.80164e-04   4.64547e-06   1.10963e+01
 MIGRAD MINIMIZATION HAS CONVERGED.
 MIGRAD WILL VERIFY CONVERGENCE AND ERROR MATRIX.
 COVARIANCE MATRIX CALCULATED SUCCESSFULLY
 FCN=350.521 FROM MIGRAD    STATUS=CONVERGED      53 CALLS         798 TOTAL
                     EDM=1.34264e-05    STRATEGY= 1      ERROR MATRIX ACCURATE 
  EXT PARAMETER                                   STEP         FIRST   
  NO.   NAME      VALUE            ERROR          SIZE      DERIVATIVE 
   1  N0           3.43614e+06     fixed    
   2  tau          6.43981e+01   constant   
   3  A0           3.54127e-01     fixed    
   4  phi          4.11802e+00     fixed    
   5  R           -5.99112e+01   constant   
   6  A_CBO        4.14719e-04     fixed    
   7  w_CBO        2.32795e+00     fixed    
   8  phi_CBO      5.03418e+00     fixed    
   9  ANx2         3.16301e-04   constant   
  10  pNx2         1.53957e+00   constant   
  11  ANy1         0.00000e+00   constant   
  12  pNy1         0.00000e+00   constant   
  13  w_y          0.00000e+00   constant   
  14  ANy2        -2.76627e-04   4.58681e-04   4.19274e-06   1.51740e+00
  15  pNy2         1.44040e+00   constant   
  16  w_vw         1.43192e+01   constant   
  17  LM          -2.49463e-04   constant   
  18  wCBO_expCoeff   1.99614e+02   5.92876e-01   3.00290e-04  -1.44851e-02
  19  wCBO_expOffset   1.99942e+02   7.93235e-02   9.53397e-05  -9.70822e-02
  20  wCBO_expT    3.00302e+01   2.17098e-02   1.43195e-05  -3.43967e-02
  21  wCBO_linCoeff   0.00000e+00   constant   
  22  wCBO_const   4.50188e-04   8.86350e-04   4.64595e-06   1.81908e+00
 EXTERNAL ERROR MATRIX.    NDIM=  25    NPAR=  5    ERR DEF=1
  2.104e-07 -5.696e-06 -5.651e-07  4.087e-07 -4.462e-09 
 -5.696e-06  3.515e-01 -3.066e-02 -6.795e-03  1.975e-04 
 -5.651e-07 -3.066e-02  6.292e-03 -5.113e-04  1.458e-05 
  4.087e-07 -6.795e-03 -5.113e-04  4.713e-04 -1.418e-05 
 -4.462e-09  1.975e-04  1.458e-05 -1.418e-05  7.856e-07 
 PARAMETER  CORRELATION COEFFICIENTS  
       NO.  GLOBAL     14     18     19     20     22
       14  0.05503   1.000 -0.021 -0.016  0.041 -0.011
       18  0.99847  -0.021  1.000 -0.652 -0.528  0.376
       19  0.99806  -0.016 -0.652  1.000 -0.297  0.207
       20  0.99779   0.041 -0.528 -0.297  1.000 -0.737
       22  0.81986  -0.011  0.376  0.207 -0.737  1.000
MINUIT - FIT ALTOGETHER
 **********
 **   92 **RES 
 **********
                   PARAMETER    8  phi_CBO RESTORED TO VARIABLE.
                   PARAMETER    7  w_CBO RESTORED TO VARIABLE.
                   PARAMETER    6  A_CBO RESTORED TO VARIABLE.
                   PARAMETER    4  phi RESTORED TO VARIABLE.
                   PARAMETER    3  A0 RESTORED TO VARIABLE.
                   PARAMETER    1  N0 RESTORED TO VARIABLE.
 **********
 **   93 **MIGRAD
 **********
 START MIGRAD MINIMIZATION.  STRATEGY  1.  CONVERGENCE WHEN EDM .LT. 1.00e-04
 FCN=350.521 FROM MIGRAD    STATUS=INITIATE       22 CALLS         820 TOTAL
                     EDM= unknown      STRATEGY= 1      NO ERROR MATRIX       
  EXT PARAMETER               CURRENT GUESS       STEP         FIRST   
  NO.   NAME      VALUE            ERROR          SIZE      DERIVATIVE 
   1  N0           3.43614e+06   1.12777e+03   1.12777e+03  -2.78267e-04
   2  tau          6.43981e+01   constant   
   3  A0           3.54127e-01   4.35339e-04   4.35339e-04  -6.26555e+02
   4  phi          4.11802e+00   1.27727e-03   1.27727e-03   1.17088e+02
   5  R           -5.99112e+01   constant   
   6  A_CBO        4.14719e-04   4.96049e-04   4.96049e-04  -1.64214e-01
   7  w_CBO        2.32795e+00   8.27005e-03   8.27005e-03  -4.67288e-01
   8  phi_CBO      5.03418e+00   1.20765e+00   1.20765e+00   2.52140e-04
   9  ANx2         3.16301e-04   constant   
  10  pNx2         1.53957e+00   constant   
  11  ANy1         0.00000e+00   constant   
  12  pNy1         0.00000e+00   constant   
  13  w_y          0.00000e+00   constant   
  14  ANy2        -2.76627e-04   4.58681e-04   4.19274e-06   1.51740e+00
  15  pNy2         1.44040e+00   constant   
  16  w_vw         1.43192e+01   constant   
  17  LM          -2.49463e-04   constant   
  18  wCBO_expCoeff   1.99614e+02   5.92876e-01   3.00290e-04  -1.45929e-02
  19  wCBO_expOffset   1.99942e+02   7.93235e-02   9.53397e-05  -9.95675e-02
  20  wCBO_expT    3.00302e+01   2.17098e-02   1.43195e-05  -3.52912e-02
  21  wCBO_linCoeff   0.00000e+00   constant   
  22  wCBO_const   4.50188e-04   8.86350e-04   4.64595e-06   1.81736e+00
 MIGRAD MINIMIZATION HAS CONVERGED.
 MIGRAD WILL VERIFY CONVERGENCE AND ERROR MATRIX.
 COVARIANCE MATRIX CALCULATED SUCCESSFULLY
 FCN=350.473 FROM MIGRAD    STATUS=CONVERGED     195 CALLS         993 TOTAL
                     EDM=6.0222e-06    STRATEGY= 1      ERROR MATRIX ACCURATE 
  EXT PARAMETER                                   STEP         FIRST   
  NO.   NAME      VALUE            ERROR          SIZE      DERIVATIVE 
   1  N0           3.43631e+06   1.12031e+03   1.00037e+01   2.07714e-07
   2  tau          6.43981e+01   constant   
