 + ++++++++++++++++++++++++++++++++++++++++++++++++++++++++++++++++++++ +
 +                                                                      +
 +           You have chose to blind your fitting according to          +
 +                omega_ref * (1 + (R +/- deltaR) *10^{-6})             +
 +                                                                      +
 + ++++++++++++++++++++++++++++++++++++++++++++++++++++++++++++++++++++ +
In main()...
reading format from /gm2data/zkhechad/run45/envelope/formats/formatB_sBin_constraintOn.txt
pBinTau 	= 0  
pBinPhi 	= 0  
constraintau 	= 1 
includeMopTerm 	= 0    
constrainMop    = 0   
Parameters after format file: pBinTau 0 pBinPhi 0 constraintau 1 includeMopTerm 0 constrainMop 0 c_e_scale 0.000000 
reading cbo reference file (full fit) from /gm2data/zkhechad/cboTemplates/Run4CBOTemplates/fullFits/run4/sBin_constraintOn_cE0.0_seed0_run4_calo11.root
A_CBO 0.010027 w_CBO 2.327222 phi_CBO 0.184420 N0 3062002.636939 R -61.179583 tau 64.395304 
Reading cboRef file /gm2data/zkhechad/cboTemplates/Run4CBOTemplates//cboIsolate/run4_calo11.root
deltaT 164.120000
windowBins = 1100
fitting sliding window 1720 from bin 1923 at 286.911600 to bin 3023 at 451.031600 (1100 bins)

Reading data from /gm2data/cornell/histograms/aMethod/histogram_a_run4.root
fitting cbo isolate
 **********
 **    1 **SET PRINTOUT            1
 **********
 **********
 **    2 **SET NOWARNINGS 
 **********
 PARAMETER DEFINITIONS:
    NO.   NAME         VALUE      STEP SIZE      LIMITS
     1 A_CBO        1.00270e-02  1.00000e-05     no limits
     2 w_CBO        2.32722e+00  1.00000e-02    2.00000e+00  3.00000e+00
     3 phi_CBO      1.84420e-01  1.00000e-02    0.00000e+00  6.28319e+00
 **********
 **    3 **MIGRAD
 **********
 FIRST CALL TO USER FUNCTION AT NEW START POINT, WITH IFLAG=4.
 START MIGRAD MINIMIZATION.  STRATEGY  1.  CONVERGENCE WHEN EDM .LT. 1.00e-04
 FCN=0.0898591 FROM MIGRAD    STATUS=INITIATE       12 CALLS          13 TOTAL
                     EDM= unknown      STRATEGY= 1      NO ERROR MATRIX       
  EXT PARAMETER               CURRENT GUESS       STEP         FIRST   
  NO.   NAME      VALUE            ERROR          SIZE      DERIVATIVE 
   1  A_CBO        1.00270e-02   1.00000e-05   1.00000e-05   8.60053e+00
   2  w_CBO        2.32722e+00   1.00000e-02   2.13152e-02  -9.83399e-02
   3  phi_CBO      1.84420e-01   1.00000e-02   9.43260e-03   5.64520e-04
 MIGRAD MINIMIZATION HAS CONVERGED.
 MIGRAD WILL VERIFY CONVERGENCE AND ERROR MATRIX.
 FCN=0.0561558 FROM MIGRAD    STATUS=CONVERGED      41 CALLS          42 TOTAL
                     EDM=1.37724e-05    STRATEGY= 1      ERR MATRIX NOT POS-DEF
  EXT PARAMETER                APPROXIMATE        STEP         FIRST   
  NO.   NAME      VALUE            ERROR          SIZE      DERIVATIVE 
   1  A_CBO        2.19009e-03   4.22823e-02   2.14197e-05  -7.79593e-04
   2  w_CBO        2.32729e+00   6.18835e-01   5.83477e-05   9.70772e-03
   3  phi_CBO      1.64323e-01   6.20053e+00   9.94860e-03  -7.33187e-05
 EXTERNAL ERROR MATRIX.    NDIM=  25    NPAR=  3    ERR DEF=1
  1.788e-03 -3.837e-03 -1.386e+00 
 -3.837e-03  7.342e-01  2.670e+02 
 -1.386e+00  2.670e+02  9.745e+04 
ERR MATRIX NOT POS-DEF
 PARAMETER  CORRELATION COEFFICIENTS  
       NO.  GLOBAL      1      2      3
        1  0.10649   1.000 -0.106 -0.105
        2  0.99803  -0.106  1.000  0.998
        3  0.99803  -0.105  0.998  1.000
 ERR MATRIX NOT POS-DEF
setting A_CBO=0.002190 w_CBO=2.327290, phi_CBO=0.164323
done fitting cbo isolate
 **********
 **    1 **SET PRINTOUT            1
 **********
 **********
 **    2 **SET NOWARNINGS 
 **********
 PARAMETER DEFINITIONS:
    NO.   NAME         VALUE      STEP SIZE      LIMITS
     1 N0           3.06200e+06  1.00000e+02     no limits
     2 tau          6.43953e+01  constant
     3 A0           3.42893e-01  1.00000e-04     no limits
     4 phi          4.11802e+00  1.00000e-02     no limits
     5 R           -6.11796e+01  constant
     6 A_CBO        2.19009e-03  1.00000e-05     no limits
     7 w_CBO        2.32729e+00  1.00000e-03     no limits
     8 phi_CBO      1.64323e-01  1.00000e-04     no limits
     9 ANx2         4.90616e-04  constant
    10 pNx2         2.30674e+00  constant
    11 ANy1         0.00000e+00  constant
    12 pNy1         0.00000e+00  constant
    13 w_y          0.00000e+00  constant
    14 ANy2         9.23997e-03  1.00000e-04     no limits
    15 pNy2         3.41148e-01  constant
    16 w_vw         1.43130e+01  constant
    17 LM          -3.45991e-04  constant
    18 wCBO_expCoeff   2.00000e+02  1.00000e+00     no limits
    19 wCBO_expOffset   2.00000e+02  1.00000e+00     no limits
    20 wCBO_expT    3.00000e+01  1.00000e+00     no limits
    21 wCBO_linCoeff   0.00000e+00  constant
    22 wCBO_const   0.00000e+00  1.00000e-02     no limits
MINUIT - FIT ONLY WIGGLE
 **********
 **    3 **FIX            5
 **********
 PARAMETER    5  IS CONSTANT.   IGNORED.
 **********
 **    4 **FIX            6
 **********
 **********
 **    5 **FIX            7
 **********
 **********
 **    6 **FIX            8
 **********
 **********
 **    7 **FIX            9
 **********
 PARAMETER    9  IS CONSTANT.   IGNORED.
 **********
 **    8 **FIX           10
 **********
 PARAMETER   10  IS CONSTANT.   IGNORED.
 **********
 **    9 **FIX           11
 **********
 PARAMETER   11  IS CONSTANT.   IGNORED.
 **********
 **   10 **FIX           12
 **********
 PARAMETER   12  IS CONSTANT.   IGNORED.
 **********
 **   11 **FIX           13
 **********
 PARAMETER   13  IS CONSTANT.   IGNORED.
 **********
 **   12 **FIX           14
 **********
 **********
 **   13 **FIX           15
 **********
 PARAMETER   15  IS CONSTANT.   IGNORED.
 **********
 **   14 **FIX           16
 **********
 PARAMETER   16  IS CONSTANT.   IGNORED.
 **********
 **   15 **MIGRAD
 **********
 FIRST CALL TO USER FUNCTION AT NEW START POINT, WITH IFLAG=4.
 START MIGRAD MINIMIZATION.  STRATEGY  1.  CONVERGENCE WHEN EDM .LT. 1.00e-04
 FCN=808.517 FROM MIGRAD    STATUS=INITIATE       59 CALLS          60 TOTAL
                     EDM= unknown      STRATEGY= 1      NO ERROR MATRIX       
  EXT PARAMETER               CURRENT GUESS       STEP         FIRST   
  NO.   NAME      VALUE            ERROR          SIZE      DERIVATIVE 
   1  N0           3.06200e+06   1.00000e+02   0.00000e+00  -5.58841e-04
   2  tau          6.43953e+01   constant   
   3  A0           3.42893e-01   1.00000e-04   0.00000e+00   2.57043e+03
   4  phi          4.11802e+00   1.00000e-02   0.00000e+00  -2.06593e+02
   5  R           -6.11796e+01   constant   
   6  A_CBO        2.19009e-03     fixed    
   7  w_CBO        2.32729e+00     fixed    
   8  phi_CBO      1.64323e-01     fixed    
   9  ANx2         4.90616e-04   constant   
  10  pNx2         2.30674e+00   constant   
  11  ANy1         0.00000e+00   constant   
  12  pNy1         0.00000e+00   constant   
  13  w_y          0.00000e+00   constant   
  14  ANy2         9.23997e-03     fixed    
  15  pNy2         3.41148e-01   constant   
  16  w_vw         1.43130e+01   constant   
  17  LM          -3.45991e-04   constant   
  18  wCBO_expCoeff   2.00069e+02   1.00000e+00   6.92836e-02   1.00293e+01
  19  wCBO_expOffset   2.00000e+02   1.00000e+00   0.00000e+00   6.67873e+01
  20  wCBO_expT    3.00000e+01   1.00000e+00   0.00000e+00  -8.18734e+02
  21  wCBO_linCoeff   0.00000e+00   constant   
  22  wCBO_const   0.00000e+00   1.00000e-02   0.00000e+00  -4.45358e+03
 MIGRAD MINIMIZATION HAS CONVERGED.
 FCN=799.085 FROM MIGRAD    STATUS=CONVERGED     257 CALLS         258 TOTAL
                     EDM=1.88799e-07    STRATEGY= 1  ERROR MATRIX UNCERTAINTY   0.2 per cent
  EXT PARAMETER                                   STEP         FIRST   
  NO.   NAME      VALUE            ERROR          SIZE      DERIVATIVE 
   1  N0           3.06241e+06   9.47409e+02   6.50853e+00  -1.42821e-07
   2  tau          6.43953e+01   constant   
   3  A0           3.42546e-01   4.15455e-04  -2.25355e-06  -9.32870e-01
   4  phi          4.11826e+00   1.27435e-03  -3.77714e-06   3.00350e-01
   5  R           -6.11796e+01   constant   
   6  A_CBO        2.19009e-03     fixed    
   7  w_CBO        2.32729e+00     fixed    
   8  phi_CBO      1.64323e-01     fixed    
   9  ANx2         4.90616e-04   constant   
  10  pNx2         2.30674e+00   constant   
  11  ANy1         0.00000e+00   constant   
  12  pNy1         0.00000e+00   constant   
  13  w_y          0.00000e+00   constant   
  14  ANy2         9.23997e-03     fixed    
  15  pNy2         3.41148e-01   constant   
  16  w_vw         1.43130e+01   constant   
  17  LM          -3.45991e-04   constant   
  18  wCBO_expCoeff   1.99978e+02   6.38651e-02  -3.98954e-04  -4.70526e-02
  19  wCBO_expOffset   1.99986e+02   9.56676e-03  -5.99542e-05  -2.80597e-01
  20  wCBO_expT    3.00047e+01   6.56590e-03   4.27030e-05  -1.02642e+00
  21  wCBO_linCoeff   0.00000e+00   constant   
  22  wCBO_const   3.25207e-03   8.86111e-04   7.50086e-07  -1.76837e+00
 EXTERNAL ERROR MATRIX.    NDIM=  25    NPAR=  7    ERR DEF=1
  8.976e+05  6.187e-03 -1.230e-02  1.299e+00  1.899e-01 -7.200e-02 -1.254e-02 
  6.187e-03  1.726e-07  1.121e-09 -1.328e-06 -1.973e-07  1.295e-07 -8.087e-09 
 -1.230e-02  1.121e-09  1.624e-06 -1.941e-06 -2.880e-07  3.654e-07 -1.008e-07 
  1.299e+00 -1.328e-06 -1.941e-06  4.079e-03  5.202e-04 -3.974e-04  3.634e-05 
  1.899e-01 -1.973e-07 -2.880e-07  5.202e-04  9.152e-05 -5.952e-05  5.439e-06 
 -7.200e-02  1.295e-07  3.654e-07 -3.974e-04 -5.952e-05  4.311e-05 -4.452e-06 
 -1.254e-02 -8.087e-09 -1.008e-07  3.634e-05  5.439e-06 -4.452e-06  7.852e-07 
 PARAMETER  CORRELATION COEFFICIENTS  
       NO.  GLOBAL      1      3      4     18     19     20     22
        1  0.06949   1.000  0.016 -0.010  0.021  0.021 -0.012 -0.015
        3  0.05874   0.016  1.000  0.002 -0.050 -0.050  0.047 -0.022
        4  0.11615  -0.010  0.002  1.000 -0.024 -0.024  0.044 -0.089
       18  0.98089   0.021 -0.050 -0.024  1.000  0.851 -0.948  0.642
       19  0.98086   0.021 -0.050 -0.024  0.851  1.000 -0.948  0.642
       20  0.99560  -0.012  0.047  0.044 -0.948 -0.948  1.000 -0.765
       22  0.91438  -0.015 -0.022 -0.089  0.642  0.642 -0.765  1.000
MINUIT - FIT ONLY 1-CBO + other amplitudes 
 **********
 **   16 **RES 
 **********
                   PARAMETER   14  ANy2 RESTORED TO VARIABLE.
                   PARAMETER    8  phi_CBO RESTORED TO VARIABLE.
                   PARAMETER    7  w_CBO RESTORED TO VARIABLE.
                   PARAMETER    6  A_CBO RESTORED TO VARIABLE.
 **********
 **   17 **FIX            0
 **********
 PARAMETER    0  IS UNDEFINED. IGNORED.
 **********
 **   18 **FIX            1
 **********
 **********
 **   19 **FIX            2
 **********
 PARAMETER    2  IS CONSTANT.   IGNORED.
 **********
 **   20 **FIX            3
 **********
 **********
 **   21 **FIX            4
 **********
 **********
 **   22 **FIX            9
 **********
 PARAMETER    9  IS CONSTANT.   IGNORED.
 **********
 **   23 **FIX           11
 **********
 PARAMETER   11  IS CONSTANT.   IGNORED.
 **********
 **   24 **FIX           12
 **********
 PARAMETER   12  IS CONSTANT.   IGNORED.
 **********
 **   25 **FIX           14
 **********
 **********
 **   26 **FIX           15
 **********
 PARAMETER   15  IS CONSTANT.   IGNORED.
 **********
 **   27 **FIX           16
 **********
 PARAMETER   16  IS CONSTANT.   IGNORED.
 **********
 **   28 **MIGRAD
 **********
 START MIGRAD MINIMIZATION.  STRATEGY  1.  CONVERGENCE WHEN EDM .LT. 1.00e-04
 FCN=799.085 FROM MIGRAD    STATUS=INITIATE       20 CALLS         278 TOTAL
                     EDM= unknown      STRATEGY= 1      NO ERROR MATRIX       
  EXT PARAMETER               CURRENT GUESS       STEP         FIRST   
  NO.   NAME      VALUE            ERROR          SIZE      DERIVATIVE 
   1  N0           3.06241e+06     fixed    
   2  tau          6.43953e+01   constant   
   3  A0           3.42546e-01     fixed    
   4  phi          4.11826e+00     fixed    
   5  R           -6.11796e+01   constant   
   6  A_CBO        2.19009e-03   1.00000e-05   1.00000e-05   1.51436e+04
   7  w_CBO        2.32729e+00   1.00000e-03   1.00000e-03  -4.80417e+00
   8  phi_CBO      1.64323e-01   1.00000e-04   1.00000e-04  -1.81263e+00
   9  ANx2         4.90616e-04   constant   
  10  pNx2         2.30674e+00   constant   
  11  ANy1         0.00000e+00   constant   
  12  pNy1         0.00000e+00   constant   
  13  w_y          0.00000e+00   constant   
  14  ANy2         9.23997e-03     fixed    
  15  pNy2         3.41148e-01   constant   
  16  w_vw         1.43130e+01   constant   
  17  LM          -3.45991e-04   constant   
  18  wCBO_expCoeff   1.99978e+02   6.38651e-02  -3.98954e-04  -4.70532e-02
  19  wCBO_expOffset   1.99986e+02   9.56676e-03  -5.99542e-05  -2.80597e-01
  20  wCBO_expT    3.00047e+01   6.56590e-03   4.27030e-05  -1.02642e+00
  21  wCBO_linCoeff   0.00000e+00   constant   
  22  wCBO_const   3.25207e-03   8.86111e-04   7.50086e-07  -1.76839e+00
 MIGRAD MINIMIZATION HAS CONVERGED.
 MIGRAD WILL VERIFY CONVERGENCE AND ERROR MATRIX.
 FCN=787.269 FROM MIGRAD    STATUS=CONVERGED     258 CALLS         516 TOTAL
                     EDM=7.87177e-07    STRATEGY= 1      ERR MATRIX NOT POS-DEF
  EXT PARAMETER                APPROXIMATE        STEP         FIRST   
  NO.   NAME      VALUE            ERROR          SIZE      DERIVATIVE 
   1  N0           3.06241e+06     fixed    
   2  tau          6.43953e+01   constant   
   3  A0           3.42546e-01     fixed    
   4  phi          4.11826e+00     fixed    
   5  R           -6.11796e+01   constant   
   6  A_CBO        8.15549e-04   4.39935e-04   5.97047e-06  -6.46277e-01
   7  w_CBO        2.32713e+00   2.04493e-03   2.31486e-06   6.40726e+00
   8  phi_CBO      1.18072e+00   8.86975e-01   7.50194e-03  -1.95255e-03
   9  ANx2         4.90616e-04   constant   
  10  pNx2         2.30674e+00   constant   
  11  ANy1         0.00000e+00   constant   
  12  pNy1         0.00000e+00   constant   
  13  w_y          0.00000e+00   constant   
  14  ANy2         9.23997e-03     fixed    
  15  pNy2         3.41148e-01   constant   
  16  w_vw         1.43130e+01   constant   
  17  LM          -3.45991e-04   constant   
  18  wCBO_expCoeff   1.99960e+02   1.87017e-01   2.26312e-04   6.68071e-02
  19  wCBO_expOffset   1.99984e+02   2.78392e-02   9.53596e-05   4.44683e-01
  20  wCBO_expT    3.00088e+01   8.31492e-03   1.43093e-05   1.38680e+00
  21  wCBO_linCoeff   0.00000e+00   constant   
  22  wCBO_const   3.10850e-03   1.05943e-03   5.87990e-06   1.54596e+00
 EXTERNAL ERROR MATRIX.    NDIM=  25    NPAR=  7    ERR DEF=1
  1.935e-07 -1.771e-08  3.501e-05 -1.624e-06 -1.006e-06  5.507e-07 -2.106e-08 
 -1.771e-08  4.182e-06 -1.862e-04 -1.492e-04 -1.954e-05 -4.252e-06 -1.580e-06 
  3.501e-05 -1.862e-04  7.867e-01 -1.893e-02 -3.517e-03  3.697e-03 -1.470e-05 
 -1.624e-06 -1.492e-04 -1.893e-02  3.498e-02 -2.118e-03 -4.242e-04  8.409e-05 
 -1.006e-06 -1.954e-05 -3.517e-03 -2.118e-03  7.750e-04 -7.230e-05  1.163e-05 
  5.507e-07 -4.252e-06  3.697e-03 -4.242e-04 -7.230e-05  6.914e-05 -1.814e-06 
 -2.106e-08 -1.580e-06 -1.470e-05  8.409e-05  1.163e-05 -1.814e-06  1.122e-06 
ERR MATRIX NOT POS-DEF
 PARAMETER  CORRELATION COEFFICIENTS  
       NO.  GLOBAL      6      7      8     18     19     20     22
        6  0.15795   1.000 -0.020  0.090 -0.020 -0.082  0.151 -0.045
        7  0.99661  -0.020  1.000 -0.103 -0.390 -0.343 -0.250 -0.729
        8  0.78820   0.090 -0.103  1.000 -0.114 -0.142  0.501 -0.016
       18  0.99612  -0.020 -0.390 -0.114  1.000 -0.407 -0.273  0.424
       19  0.99606  -0.082 -0.343 -0.142 -0.407  1.000 -0.312  0.394
       20  0.99556   0.151 -0.250  0.501 -0.273 -0.312  1.000 -0.206
       22  0.91481  -0.045 -0.729 -0.016  0.424  0.394 -0.206  1.000
 ERR MATRIX NOT POS-DEF
MINUIT - FIT ONLY 1-CBO
 **********
 **   29 **RES 
 **********
                   PARAMETER   14  ANy2 RESTORED TO VARIABLE.
                   PARAMETER    4  phi RESTORED TO VARIABLE.
                   PARAMETER    3  A0 RESTORED TO VARIABLE.
                   PARAMETER    1  N0 RESTORED TO VARIABLE.
 **********
 **   30 **FIX            0
 **********
 PARAMETER    0  IS UNDEFINED. IGNORED.
 **********
 **   31 **FIX            1
 **********
 **********
 **   32 **FIX            2
 **********
 PARAMETER    2  IS CONSTANT.   IGNORED.
 **********
 **   33 **FIX            3
 **********
 **********
 **   34 **FIX            4
 **********
 **********
 **   35 **FIX            8
 **********
 **********
 **   36 **FIX            9
 **********
 PARAMETER    9  IS CONSTANT.   IGNORED.
 **********
 **   37 **FIX           11
 **********
 PARAMETER   11  IS CONSTANT.   IGNORED.
 **********
 **   38 **FIX           12
 **********
 PARAMETER   12  IS CONSTANT.   IGNORED.
 **********
 **   39 **FIX           13
 **********
 PARAMETER   13  IS CONSTANT.   IGNORED.
 **********
 **   40 **FIX           15
 **********
 PARAMETER   15  IS CONSTANT.   IGNORED.
 **********
 **   41 **FIX           16
 **********
 PARAMETER   16  IS CONSTANT.   IGNORED.
 **********
 **   42 **MIGRAD
 **********
 START MIGRAD MINIMIZATION.  STRATEGY  1.  CONVERGENCE WHEN EDM .LT. 1.00e-04
 FCN=787.269 FROM MIGRAD    STATUS=INITIATE       16 CALLS         532 TOTAL
                     EDM= unknown      STRATEGY= 1      NO ERROR MATRIX       
  EXT PARAMETER               CURRENT GUESS       STEP         FIRST   
  NO.   NAME      VALUE            ERROR          SIZE      DERIVATIVE 
   1  N0           3.06241e+06     fixed    
   2  tau          6.43953e+01   constant   
   3  A0           3.42546e-01     fixed    
   4  phi          4.11826e+00     fixed    
   5  R           -6.11796e+01   constant   
   6  A_CBO        8.15549e-04   4.39935e-04   5.97047e-06  -6.46277e-01
   7  w_CBO        2.32713e+00   2.04493e-03   2.31486e-06   6.41245e+00
   8  phi_CBO      1.18072e+00     fixed    
   9  ANx2         4.90616e-04   constant   
  10  pNx2         2.30674e+00   constant   
  11  ANy1         0.00000e+00   constant   
  12  pNy1         0.00000e+00   constant   
  13  w_y          0.00000e+00   constant   
  14  ANy2         9.23997e-03   1.00000e-04   1.00000e-04   9.66630e+04
  15  pNy2         3.41148e-01   constant   
  16  w_vw         1.43130e+01   constant   
  17  LM          -3.45991e-04   constant   
  18  wCBO_expCoeff   1.99960e+02   1.87017e-01   2.26312e-04   6.67705e-02
  19  wCBO_expOffset   1.99984e+02   2.78392e-02   9.53596e-05   4.43206e-01
  20  wCBO_expT    3.00088e+01   8.31492e-03   1.43093e-05   1.39545e+00
  21  wCBO_linCoeff   0.00000e+00   constant   
  22  wCBO_const   3.10850e-03   1.05943e-03   5.87990e-06   1.54786e+00
 MIGRAD MINIMIZATION HAS CONVERGED.
 MIGRAD WILL VERIFY CONVERGENCE AND ERROR MATRIX.
 COVARIANCE MATRIX CALCULATED SUCCESSFULLY
 FCN=331.755 FROM MIGRAD    STATUS=CONVERGED     214 CALLS         730 TOTAL
                     EDM=1.93305e-07    STRATEGY= 1      ERROR MATRIX ACCURATE 
  EXT PARAMETER                                   STEP         FIRST   
  NO.   NAME      VALUE            ERROR          SIZE      DERIVATIVE 
   1  N0           3.06241e+06     fixed    
   2  tau          6.43953e+01   constant   
   3  A0           3.42546e-01     fixed    
   4  phi          4.11826e+00     fixed    
   5  R           -6.11796e+01   constant   
   6  A_CBO        5.67229e-04   4.78768e-04   3.85847e-06  -3.58964e-01
   7  w_CBO        2.32738e+00   7.53435e-03   2.15711e-06  -6.52846e-01
   8  phi_CBO      1.18072e+00     fixed    
   9  ANx2         4.90616e-04   constant   
  10  pNx2         2.30674e+00   constant   
  11  ANy1         0.00000e+00   constant   
  12  pNy1         0.00000e+00   constant   
  13  w_y          0.00000e+00   constant   
  14  ANy2        -1.84712e-04   4.41610e-04   3.92938e-06   1.08184e+00
  15  pNy2         3.41148e-01   constant   
  16  w_vw         1.43130e+01   constant   
  17  LM          -3.45991e-04   constant   
  18  wCBO_expCoeff   1.99985e+02   5.96230e-01   2.17087e-04  -7.36983e-03
  19  wCBO_expOffset   1.99987e+02   5.98366e-02   9.53614e-05  -4.91564e-02
  20  wCBO_expT    3.00047e+01   1.74601e-02   1.43073e-05  -1.41920e-01
  21  wCBO_linCoeff   0.00000e+00   constant   
  22  wCBO_const   3.64595e-03   3.21291e-03   4.44544e-06  -4.58402e-02
 EXTERNAL ERROR MATRIX.    NDIM=  25    NPAR=  7    ERR DEF=1
  2.292e-07  4.460e-07  4.212e-09  2.250e-05  1.287e-06 -3.249e-06 -7.476e-08 
  4.460e-07  5.677e-05 -1.985e-09 -3.201e-03 -1.443e-04 -3.451e-05 -2.285e-05 
  4.212e-09 -1.985e-09  1.950e-07 -1.971e-07 -1.864e-07  9.149e-08 -1.440e-08 
  2.250e-05 -3.201e-03 -1.971e-07  3.555e-01 -6.607e-03 -1.757e-03  1.465e-03 
  1.287e-06 -1.443e-04 -1.864e-07 -6.607e-03  3.580e-03 -2.333e-04  7.297e-05 
 -3.249e-06 -3.451e-05  9.149e-08 -1.757e-03 -2.333e-04  3.049e-04 -1.926e-07 
 -7.476e-08 -2.285e-05 -1.440e-08  1.465e-03  7.297e-05 -1.926e-07  1.032e-05 
 PARAMETER  CORRELATION COEFFICIENTS  
       NO.  GLOBAL      6      7     14     18     19     20     22
        6  0.42613   1.000  0.124  0.020  0.079  0.045 -0.389 -0.049
        7  0.99948   0.124  1.000 -0.001 -0.712 -0.320 -0.262 -0.944
       14  0.04537   0.020 -0.001  1.000 -0.001 -0.007  0.012 -0.010
       18  0.99916   0.079 -0.712 -0.001  1.000 -0.185 -0.169  0.765
       19  0.99812   0.045 -0.320 -0.007 -0.185  1.000 -0.223  0.380
       20  0.99801  -0.389 -0.262  0.012 -0.169 -0.223  1.000 -0.003
       22  0.98786  -0.049 -0.944 -0.010  0.765  0.380 -0.003  1.000
MINUIT - FIT ONLY 2-CBO
 **********
 **   43 **RES 
 **********
                   PARAMETER    8  phi_CBO RESTORED TO VARIABLE.
                   PARAMETER    4  phi RESTORED TO VARIABLE.
                   PARAMETER    3  A0 RESTORED TO VARIABLE.
                   PARAMETER    1  N0 RESTORED TO VARIABLE.
 **********
 **   44 **FIX            0
 **********
 PARAMETER    0  IS UNDEFINED. IGNORED.
 **********
 **   45 **FIX            1
 **********
 **********
 **   46 **FIX            2
 **********
 PARAMETER    2  IS CONSTANT.   IGNORED.
 **********
 **   47 **FIX            3
 **********
 **********
 **   48 **FIX            4
 **********
 **********
 **   49 **FIX            5
 **********
 PARAMETER    5  IS CONSTANT.   IGNORED.
 **********
 **   50 **FIX            6
 **********
 **********
 **   51 **FIX            7
 **********
 **********
 **   52 **FIX           10
 **********
 PARAMETER   10  IS CONSTANT.   IGNORED.
 **********
 **   53 **FIX           11
 **********
 PARAMETER   11  IS CONSTANT.   IGNORED.
 **********
 **   54 **FIX           12
 **********
 PARAMETER   12  IS CONSTANT.   IGNORED.
 **********
 **   55 **FIX           13
 **********
 PARAMETER   13  IS CONSTANT.   IGNORED.
 **********
 **   56 **FIX           14
 **********
 **********
 **   57 **FIX           15
 **********
 PARAMETER   15  IS CONSTANT.   IGNORED.
 **********
 **   58 **FIX           16
 **********
 PARAMETER   16  IS CONSTANT.   IGNORED.
 **********
 **   59 **MIGRAD
 **********
 START MIGRAD MINIMIZATION.  STRATEGY  1.  CONVERGENCE WHEN EDM .LT. 1.00e-04
 FCN=331.755 FROM MIGRAD    STATUS=INITIATE       12 CALLS         742 TOTAL
                     EDM= unknown      STRATEGY= 1      NO ERROR MATRIX       
  EXT PARAMETER               CURRENT GUESS       STEP         FIRST   
  NO.   NAME      VALUE            ERROR          SIZE      DERIVATIVE 
   1  N0           3.06241e+06     fixed    
   2  tau          6.43953e+01   constant   
   3  A0           3.42546e-01     fixed    
   4  phi          4.11826e+00     fixed    
   5  R           -6.11796e+01   constant   
   6  A_CBO        5.67229e-04     fixed    
   7  w_CBO        2.32738e+00     fixed    
   8  phi_CBO      1.18072e+00   8.86975e-01   8.86975e-01  -3.32508e-01
   9  ANx2         4.90616e-04   constant   
  10  pNx2         2.30674e+00   constant   
  11  ANy1         0.00000e+00   constant   
  12  pNy1         0.00000e+00   constant   
  13  w_y          0.00000e+00   constant   
  14  ANy2        -1.84712e-04     fixed    
  15  pNy2         3.41148e-01   constant   
  16  w_vw         1.43130e+01   constant   
  17  LM          -3.45991e-04   constant   
  18  wCBO_expCoeff   1.99985e+02   5.96230e-01   2.17087e-04  -7.50557e-03
  19  wCBO_expOffset   1.99987e+02   5.98366e-02   9.53614e-05  -5.71526e-02
  20  wCBO_expT    3.00047e+01   1.74601e-02   1.43073e-05  -1.38671e-01
  21  wCBO_linCoeff   0.00000e+00   constant   
  22  wCBO_const   3.64595e-03   3.21291e-03   4.44544e-06  -4.44023e-02
 MIGRAD MINIMIZATION HAS CONVERGED.
 MIGRAD WILL VERIFY CONVERGENCE AND ERROR MATRIX.
 COVARIANCE MATRIX CALCULATED SUCCESSFULLY
 FCN=331.725 FROM MIGRAD    STATUS=CONVERGED     121 CALLS         851 TOTAL
                     EDM=1.21126e-07    STRATEGY= 1      ERROR MATRIX ACCURATE 
  EXT PARAMETER                                   STEP         FIRST   
  NO.   NAME      VALUE            ERROR          SIZE      DERIVATIVE 
   1  N0           3.06241e+06     fixed    
   2  tau          6.43953e+01   constant   
   3  A0           3.42546e-01     fixed    
   4  phi          4.11826e+00     fixed    
   5  R           -6.11796e+01   constant   
   6  A_CBO        5.67229e-04     fixed    
   7  w_CBO        2.32738e+00     fixed    
   8  phi_CBO      1.35776e+00   1.02039e+00   7.00621e-03   2.08507e-04
   9  ANx2         4.90616e-04   constant   
  10  pNx2         2.30674e+00   constant   
  11  ANy1         0.00000e+00   constant   
  12  pNy1         0.00000e+00   constant   
  13  w_y          0.00000e+00   constant   
  14  ANy2        -1.84712e-04     fixed    
  15  pNy2         3.41148e-01   constant   
  16  w_vw         1.43130e+01   constant   
  17  LM          -3.45991e-04   constant   
  18  wCBO_expCoeff   1.99980e+02   3.55312e-01   2.18109e-04   8.60332e-05
  19  wCBO_expOffset   1.99987e+02   4.61126e-02   9.53610e-05  -2.45165e-03
  20  wCBO_expT    3.00053e+01   1.51489e-02   1.43076e-05  -4.94538e-02
  21  wCBO_linCoeff   0.00000e+00   constant   
  22  wCBO_const   3.62624e-03   9.96825e-04   4.39077e-06  -4.53967e-01
 EXTERNAL ERROR MATRIX.    NDIM=  25    NPAR=  5    ERR DEF=1
  1.041e+00 -4.403e-02 -1.593e-03  3.488e-03 -1.005e-04 
 -4.403e-02  1.262e-01 -9.350e-03 -3.118e-03  1.501e-04 
 -1.593e-03 -9.350e-03  2.126e-03 -2.319e-04  1.077e-05 
  3.488e-03 -3.118e-03 -2.319e-04  2.295e-04 -1.150e-05 
 -1.005e-04  1.501e-04  1.077e-05 -1.150e-05  9.937e-07 
 PARAMETER  CORRELATION COEFFICIENTS  
       NO.  GLOBAL      8     18     19     20     22
        8  0.63701   1.000 -0.121 -0.034  0.226 -0.099
       18  0.99762  -0.121  1.000 -0.571 -0.579  0.424
       19  0.99682  -0.034 -0.571  1.000 -0.332  0.234
       20  0.99738   0.226 -0.579 -0.332  1.000 -0.762
       22  0.86934  -0.099  0.424  0.234 -0.762  1.000
MINUIT - FIT ONLY 1-y
 **********
 **   60 **RES 
 **********
                   PARAMETER   14  ANy2 RESTORED TO VARIABLE.
                   PARAMETER    7  w_CBO RESTORED TO VARIABLE.
                   PARAMETER    6  A_CBO RESTORED TO VARIABLE.
                   PARAMETER    4  phi RESTORED TO VARIABLE.
                   PARAMETER    3  A0 RESTORED TO VARIABLE.
                   PARAMETER    1  N0 RESTORED TO VARIABLE.
 **********
 **   61 **FIX            0
 **********
 PARAMETER    0  IS UNDEFINED. IGNORED.
 **********
 **   62 **FIX            1
 **********
 **********
 **   63 **FIX            2
 **********
 PARAMETER    2  IS CONSTANT.   IGNORED.
 **********
 **   64 **FIX            3
 **********
 **********
 **   65 **FIX            4
 **********
 **********
 **   66 **FIX            5
 **********
 PARAMETER    5  IS CONSTANT.   IGNORED.
 **********
 **   67 **FIX            6
 **********
 **********
 **   68 **FIX            7
 **********
 **********
 **   69 **FIX            8
 **********
 **********
 **   70 **FIX            9
 **********
 PARAMETER    9  IS CONSTANT.   IGNORED.
 **********
 **   71 **FIX           13
 **********
 PARAMETER   13  IS CONSTANT.   IGNORED.
 **********
 **   72 **FIX           14
 **********
 **********
 **   73 **FIX           15
 **********
 PARAMETER   15  IS CONSTANT.   IGNORED.
 **********
 **   74 **FIX           16
 **********
 PARAMETER   16  IS CONSTANT.   IGNORED.
 **********
 **   75 **MIGRAD
 **********
 START MIGRAD MINIMIZATION.  STRATEGY  1.  CONVERGENCE WHEN EDM .LT. 1.00e-04
 FCN=331.725 FROM MIGRAD    STATUS=INITIATE        8 CALLS         859 TOTAL
                     EDM= unknown      STRATEGY= 1      NO ERROR MATRIX       
  EXT PARAMETER               CURRENT GUESS       STEP         FIRST   
  NO.   NAME      VALUE            ERROR          SIZE      DERIVATIVE 
   1  N0           3.06241e+06     fixed    
   2  tau          6.43953e+01   constant   
   3  A0           3.42546e-01     fixed    
   4  phi          4.11826e+00     fixed    
   5  R           -6.11796e+01   constant   
   6  A_CBO        5.67229e-04     fixed    
   7  w_CBO        2.32738e+00     fixed    
   8  phi_CBO      1.35776e+00     fixed    
   9  ANx2         4.90616e-04   constant   
  10  pNx2         2.30674e+00   constant   
  11  ANy1         0.00000e+00   constant   
  12  pNy1         0.00000e+00   constant   
  13  w_y          0.00000e+00   constant   
  14  ANy2        -1.84712e-04     fixed    
  15  pNy2         3.41148e-01   constant   
  16  w_vw         1.43130e+01   constant   
  17  LM          -3.45991e-04   constant   
  18  wCBO_expCoeff   1.99980e+02   3.55312e-01   2.18109e-04   4.53912e-05
  19  wCBO_expOffset   1.99987e+02   4.61126e-02   9.53610e-05  -1.15370e-02
  20  wCBO_expT    3.00053e+01   1.51489e-02   1.43076e-05  -4.87635e-02
  21  wCBO_linCoeff   0.00000e+00   constant   
  22  wCBO_const   3.62624e-03   9.96825e-04   4.39077e-06  -4.53585e-01
 MIGRAD MINIMIZATION HAS CONVERGED.
 MIGRAD WILL VERIFY CONVERGENCE AND ERROR MATRIX.
 COVARIANCE MATRIX CALCULATED SUCCESSFULLY
 FCN=331.725 FROM MIGRAD    STATUS=CONVERGED      43 CALLS         894 TOTAL
                     EDM=1.10975e-07    STRATEGY= 1      ERROR MATRIX ACCURATE 
  EXT PARAMETER                                   STEP         FIRST   
  NO.   NAME      VALUE            ERROR          SIZE      DERIVATIVE 
   1  N0           3.06241e+06     fixed    
   2  tau          6.43953e+01   constant   
   3  A0           3.42546e-01     fixed    
   4  phi          4.11826e+00     fixed    
   5  R           -6.11796e+01   constant   
   6  A_CBO        5.67229e-04     fixed    
   7  w_CBO        2.32738e+00     fixed    
   8  phi_CBO      1.35776e+00     fixed    
   9  ANx2         4.90616e-04   constant   
  10  pNx2         2.30674e+00   constant   
  11  ANy1         0.00000e+00   constant   
  12  pNy1         0.00000e+00   constant   
  13  w_y          0.00000e+00   constant   
  14  ANy2        -1.84712e-04     fixed    
  15  pNy2         3.41148e-01   constant   
  16  w_vw         1.43130e+01   constant   
  17  LM          -3.45991e-04   constant   
  18  wCBO_expCoeff   1.99980e+02   3.52665e-01   2.18043e-04   5.88889e-03
  19  wCBO_expOffset   1.99987e+02   4.60805e-02   9.53610e-05   3.91959e-02
  20  wCBO_expT    3.00053e+01   1.47576e-02   1.43076e-05   8.81376e-02
  21  wCBO_linCoeff   0.00000e+00   constant   
  22  wCBO_const   3.62627e-03   9.91917e-04   4.38774e-06  -1.04172e-01
 EXTERNAL ERROR MATRIX.    NDIM=  25    NPAR=  4    ERR DEF=1
  1.244e-01 -9.415e-03 -2.971e-03  1.458e-04 
 -9.415e-03  2.123e-03 -2.265e-04  1.061e-05 
 -2.971e-03 -2.265e-04  2.178e-04 -1.116e-05 
  1.458e-04  1.061e-05 -1.116e-05  9.839e-07 
 PARAMETER  CORRELATION COEFFICIENTS  
       NO.  GLOBAL     18     19     20     22
       18  0.99759   1.000 -0.579 -0.571  0.417
       19  0.99682  -0.579  1.000 -0.333  0.232
       20  0.99724  -0.571 -0.333  1.000 -0.763
       22  0.86795   0.417  0.232 -0.763  1.000
MINUIT - FIT ONLY 2-y
 **********
 **   76 **RES 
 **********
                   PARAMETER   14  ANy2 RESTORED TO VARIABLE.
                   PARAMETER    8  phi_CBO RESTORED TO VARIABLE.
                   PARAMETER    7  w_CBO RESTORED TO VARIABLE.
                   PARAMETER    6  A_CBO RESTORED TO VARIABLE.
                   PARAMETER    4  phi RESTORED TO VARIABLE.
                   PARAMETER    3  A0 RESTORED TO VARIABLE.
                   PARAMETER    1  N0 RESTORED TO VARIABLE.
 **********
 **   77 **FIX            0
 **********
 PARAMETER    0  IS UNDEFINED. IGNORED.
 **********
 **   78 **FIX            1
 **********
 **********
 **   79 **FIX            2
 **********
 PARAMETER    2  IS CONSTANT.   IGNORED.
 **********
 **   80 **FIX            3
 **********
 **********
 **   81 **FIX            4
 **********
 **********
 **   82 **FIX            5
 **********
 PARAMETER    5  IS CONSTANT.   IGNORED.
 **********
 **   83 **FIX            6
 **********
 **********
 **   84 **FIX            7
 **********
 **********
 **   85 **FIX            8
 **********
 **********
 **   86 **FIX            9
 **********
 PARAMETER    9  IS CONSTANT.   IGNORED.
 **********
 **   87 **FIX           10
 **********
 PARAMETER   10  IS CONSTANT.   IGNORED.
 **********
 **   88 **FIX           11
 **********
 PARAMETER   11  IS CONSTANT.   IGNORED.
 **********
 **   89 **FIX           12
 **********
 PARAMETER   12  IS CONSTANT.   IGNORED.
 **********
 **   90 **FIX           16
 **********
 PARAMETER   16  IS CONSTANT.   IGNORED.
 **********
 **   91 **MIGRAD
 **********
 START MIGRAD MINIMIZATION.  STRATEGY  1.  CONVERGENCE WHEN EDM .LT. 1.00e-04
 FCN=331.725 FROM MIGRAD    STATUS=INITIATE       10 CALLS         904 TOTAL
                     EDM= unknown      STRATEGY= 1      NO ERROR MATRIX       
  EXT PARAMETER               CURRENT GUESS       STEP         FIRST   
  NO.   NAME      VALUE            ERROR          SIZE      DERIVATIVE 
   1  N0           3.06241e+06     fixed    
   2  tau          6.43953e+01   constant   
   3  A0           3.42546e-01     fixed    
   4  phi          4.11826e+00     fixed    
   5  R           -6.11796e+01   constant   
   6  A_CBO        5.67229e-04     fixed    
   7  w_CBO        2.32738e+00     fixed    
   8  phi_CBO      1.35776e+00     fixed    
   9  ANx2         4.90616e-04   constant   
  10  pNx2         2.30674e+00   constant   
  11  ANy1         0.00000e+00   constant   
  12  pNy1         0.00000e+00   constant   
  13  w_y          0.00000e+00   constant   
  14  ANy2        -1.84712e-04   4.41610e-04   4.41610e-04   1.32198e+01
  15  pNy2         3.41148e-01   constant   
  16  w_vw         1.43130e+01   constant   
  17  LM          -3.45991e-04   constant   
  18  wCBO_expCoeff   1.99980e+02   3.52665e-01   2.18043e-04   5.68487e-03
  19  wCBO_expOffset   1.99987e+02   4.60805e-02   9.53610e-05   2.72006e-02
  20  wCBO_expT    3.00053e+01   1.47576e-02   1.43076e-05   8.88255e-02
  21  wCBO_linCoeff   0.00000e+00   constant   
  22  wCBO_const   3.62627e-03   9.91917e-04   4.38774e-06  -1.03791e-01
 MIGRAD MINIMIZATION HAS CONVERGED.
 MIGRAD WILL VERIFY CONVERGENCE AND ERROR MATRIX.
 COVARIANCE MATRIX CALCULATED SUCCESSFULLY
 FCN=331.725 FROM MIGRAD    STATUS=CONVERGED      54 CALLS         948 TOTAL
                     EDM=1.18762e-07    STRATEGY= 1      ERROR MATRIX ACCURATE 
  EXT PARAMETER                                   STEP         FIRST   
  NO.   NAME      VALUE            ERROR          SIZE      DERIVATIVE 
   1  N0           3.06241e+06     fixed    
   2  tau          6.43953e+01   constant   
   3  A0           3.42546e-01     fixed    
   4  phi          4.11826e+00     fixed    
   5  R           -6.11796e+01   constant   
   6  A_CBO        5.67229e-04     fixed    
   7  w_CBO        2.32738e+00     fixed    
   8  phi_CBO      1.35776e+00     fixed    
   9  ANx2         4.90616e-04   constant   
  10  pNx2         2.30674e+00   constant   
  11  ANy1         0.00000e+00   constant   
  12  pNy1         0.00000e+00   constant   
  13  w_y          0.00000e+00   constant   
  14  ANy2        -1.85999e-04   4.41529e-04   3.92921e-06  -1.37457e-03
  15  pNy2         3.41148e-01   constant   
  16  w_vw         1.43130e+01   constant   
  17  LM          -3.45991e-04   constant   
  18  wCBO_expCoeff   1.99980e+02   3.52786e-01   2.18044e-04  -7.89681e-03
  19  wCBO_expOffset   1.99987e+02   4.61001e-02   9.53610e-05  -5.26833e-02
  20  wCBO_expT    3.00053e+01   1.47653e-02   1.43076e-05  -2.22249e-01
  21  wCBO_linCoeff   0.00000e+00   constant   
  22  wCBO_const   3.62628e-03   9.92833e-04   4.38773e-06  -7.94929e-01
 EXTERNAL ERROR MATRIX.    NDIM=  25    NPAR=  5    ERR DEF=1
  1.949e-07 -1.600e-06 -2.034e-07  1.548e-07 -1.724e-08 
 -1.600e-06  1.245e-01 -9.421e-03 -2.973e-03  1.460e-04 
 -2.034e-07 -9.421e-03  2.125e-03 -2.268e-04  1.064e-05 
  1.548e-07 -2.973e-03 -2.268e-04  2.180e-04 -1.118e-05 
 -1.724e-08  1.460e-04  1.064e-05 -1.118e-05  9.857e-07 
 PARAMETER  CORRELATION COEFFICIENTS  
       NO.  GLOBAL     14     18     19     20     22
       14  0.04108   1.000 -0.010 -0.010  0.024 -0.039
       18  0.99759  -0.010  1.000 -0.579 -0.571  0.417
       19  0.99682  -0.010 -0.579  1.000 -0.333  0.232
       20  0.99724   0.024 -0.571 -0.333  1.000 -0.763
       22  0.86821  -0.039  0.417  0.232 -0.763  1.000
MINUIT - FIT ALTOGETHER
 **********
 **   92 **RES 
 **********
                   PARAMETER    8  phi_CBO RESTORED TO VARIABLE.
                   PARAMETER    7  w_CBO RESTORED TO VARIABLE.
                   PARAMETER    6  A_CBO RESTORED TO VARIABLE.
                   PARAMETER    4  phi RESTORED TO VARIABLE.
                   PARAMETER    3  A0 RESTORED TO VARIABLE.
                   PARAMETER    1  N0 RESTORED TO VARIABLE.
 **********
 **   93 **MIGRAD
 **********
 START MIGRAD MINIMIZATION.  STRATEGY  1.  CONVERGENCE WHEN EDM .LT. 1.00e-04
 FCN=331.725 FROM MIGRAD    STATUS=INITIATE       22 CALLS         970 TOTAL
                     EDM= unknown      STRATEGY= 1      NO ERROR MATRIX       
  EXT PARAMETER               CURRENT GUESS       STEP         FIRST   
  NO.   NAME      VALUE            ERROR          SIZE      DERIVATIVE 
   1  N0           3.06241e+06   9.47409e+02   9.47409e+02   2.04129e-04
   2  tau          6.43953e+01   constant   
   3  A0           3.42546e-01   4.15455e-04   4.15455e-04  -3.01224e+02
   4  phi          4.11826e+00   1.27435e-03   1.27435e-03   8.72933e+01
   5  R           -6.11796e+01   constant   
   6  A_CBO        5.67229e-04   4.78768e-04   4.78768e-04  -5.54131e+01
   7  w_CBO        2.32738e+00   7.53435e-03   7.53435e-03  -1.03269e+00
   8  phi_CBO      1.35776e+00   1.02039e+00   1.02039e+00   2.47690e-04
   9  ANx2         4.90616e-04   constant   
  10  pNx2         2.30674e+00   constant   
  11  ANy1         0.00000e+00   constant   
  12  pNy1         0.00000e+00   constant   
  13  w_y          0.00000e+00   constant   
  14  ANy2        -1.85999e-04   4.41529e-04   3.92921e-06  -1.37473e-03
  15  pNy2         3.41148e-01   constant   
  16  w_vw         1.43130e+01   constant   
  17  LM          -3.45991e-04   constant   
  18  wCBO_expCoeff   1.99980e+02   3.52786e-01   2.18044e-04  -8.10068e-03
  19  wCBO_expOffset   1.99987e+02   4.61001e-02   9.53610e-05  -6.46694e-02
  20  wCBO_expT    3.00053e+01   1.47653e-02   1.43076e-05  -2.21555e-01
  21  wCBO_linCoeff   0.00000e+00   constant   
  22  wCBO_const   3.62628e-03   9.92833e-04   4.38773e-06  -7.94544e-01
 MIGRAD MINIMIZATION HAS CONVERGED.
 MIGRAD WILL VERIFY CONVERGENCE AND ERROR MATRIX.
 COVARIANCE MATRIX CALCULATED SUCCESSFULLY
 FCN=331.709 FROM HESSE     STATUS=OK            100 CALLS        1141 TOTAL
                     EDM=0.000160109    STRATEGY= 1      ERROR MATRIX ACCURATE 
  EXT PARAMETER                                   STEP         FIRST   
  NO.   NAME      VALUE            ERROR          SIZE      DERIVATIVE 
