 + ++++++++++++++++++++++++++++++++++++++++++++++++++++++++++++++++++++ +
 +                                                                      +
 +           You have chose to blind your fitting according to          +
 +                omega_ref * (1 + (R +/- deltaR) *10^{-6})             +
 +                                                                      +
 + ++++++++++++++++++++++++++++++++++++++++++++++++++++++++++++++++++++ +
In main()...
reading format from /gm2data/zkhechad/run45/envelope/formats/formatB_sBin_constraintOn.txt
pBinTau 	= 0  
pBinPhi 	= 0  
constraintau 	= 1 
includeMopTerm 	= 0    
constrainMop    = 0   
Parameters after format file: pBinTau 0 pBinPhi 0 constraintau 1 includeMopTerm 0 constrainMop 0 c_e_scale 0.000000 
reading cbo reference file (full fit) from /gm2data/zkhechad/cboTemplates/Run4CBOTemplates/fullFits/run4/sBin_constraintOn_cE0.0_seed0_run4_calo1.root
A_CBO 0.008450 w_CBO 2.327583 phi_CBO 2.512904 N0 3416164.907261 R -60.829491 tau 64.397625 
Reading cboRef file /gm2data/zkhechad/cboTemplates/Run4CBOTemplates//cboIsolate/run4_calo1.root
deltaT 164.120000
windowBins = 1100
fitting sliding window 1780 from bin 1983 at 295.863600 to bin 3083 at 459.983600 (1100 bins)

Reading data from /gm2data/cornell/histograms/aMethod/histogram_a_run4.root
fitting cbo isolate
 **********
 **    1 **SET PRINTOUT            1
 **********
 **********
 **    2 **SET NOWARNINGS 
 **********
 PARAMETER DEFINITIONS:
    NO.   NAME         VALUE      STEP SIZE      LIMITS
     1 A_CBO        8.44960e-03  1.00000e-05     no limits
     2 w_CBO        2.32758e+00  1.00000e-02    2.00000e+00  3.00000e+00
     3 phi_CBO      2.51290e+00  1.00000e-02    0.00000e+00  6.28319e+00
 **********
 **    3 **MIGRAD
 **********
 FIRST CALL TO USER FUNCTION AT NEW START POINT, WITH IFLAG=4.
 START MIGRAD MINIMIZATION.  STRATEGY  1.  CONVERGENCE WHEN EDM .LT. 1.00e-04
 FCN=0.0847541 FROM MIGRAD    STATUS=INITIATE       12 CALLS          13 TOTAL
                     EDM= unknown      STRATEGY= 1      NO ERROR MATRIX       
  EXT PARAMETER               CURRENT GUESS       STEP         FIRST   
  NO.   NAME      VALUE            ERROR          SIZE      DERIVATIVE 
   1  A_CBO        8.44960e-03   1.00000e-05   1.00000e-05   6.71473e+00
   2  w_CBO        2.32758e+00   1.00000e-02   2.13091e-02   1.69072e+00
   3  phi_CBO      2.51290e+00   1.00000e-02   3.24882e-03  -2.99362e-02
 MIGRAD MINIMIZATION HAS CONVERGED.
 MIGRAD WILL VERIFY CONVERGENCE AND ERROR MATRIX.
 COVARIANCE MATRIX CALCULATED SUCCESSFULLY
 FCN=0.063609 FROM MIGRAD    STATUS=CONVERGED      59 CALLS          60 TOTAL
                     EDM=5.59215e-06    STRATEGY= 1      ERROR MATRIX ACCURATE 
  EXT PARAMETER                                   STEP         FIRST   
  NO.   NAME      VALUE            ERROR          SIZE      DERIVATIVE 
   1  A_CBO        2.53395e-03   4.29838e-02   2.15043e-05  -1.91820e-02
   2  w_CBO        2.32702e+00   3.72224e-01   5.28801e-05   1.26785e-02
   3  phi_CBO      2.71710e+00   3.92452e+00   2.91445e-03  -1.70240e-04
 EXTERNAL ERROR MATRIX.    NDIM=  25    NPAR=  3    ERR DEF=1
  1.848e-03 -2.079e-03 -7.588e-01 
 -2.079e-03  1.848e-01  6.762e+01 
 -7.588e-01  6.762e+01  2.502e+04 
 PARAMETER  CORRELATION COEFFICIENTS  
       NO.  GLOBAL      1      2      3
        1  0.11253   1.000 -0.113 -0.112
        2  0.99438  -0.113  1.000  0.994
        3  0.99438  -0.112  0.994  1.000
setting A_CBO=0.002534 w_CBO=2.327021, phi_CBO=2.717095
done fitting cbo isolate
 **********
 **    1 **SET PRINTOUT            1
 **********
 **********
 **    2 **SET NOWARNINGS 
 **********
 PARAMETER DEFINITIONS:
    NO.   NAME         VALUE      STEP SIZE      LIMITS
     1 N0           3.41616e+06  1.00000e+02     no limits
     2 tau          6.43976e+01  constant
     3 A0           3.54950e-01  1.00000e-04     no limits
     4 phi          4.12292e+00  1.00000e-02     no limits
     5 R           -6.08295e+01  constant
     6 A_CBO        2.53395e-03  1.00000e-05     no limits
     7 w_CBO        2.32702e+00  1.00000e-03     no limits
     8 phi_CBO      2.71710e+00  1.00000e-04     no limits
     9 ANx2         2.24467e-04  constant
    10 pNx2         2.31915e+00  constant
    11 ANy1         0.00000e+00  constant
    12 pNy1         0.00000e+00  constant
    13 w_y          0.00000e+00  constant
    14 ANy2         1.49899e-02  1.00000e-04     no limits
    15 pNy2         4.64502e+00  constant
    16 w_vw         1.43138e+01  constant
    17 LM          -1.76320e-04  constant
    18 wCBO_expCoeff   2.00000e+02  1.00000e+00     no limits
    19 wCBO_expOffset   2.00000e+02  1.00000e+00     no limits
    20 wCBO_expT    3.00000e+01  1.00000e+00     no limits
    21 wCBO_linCoeff   0.00000e+00  constant
    22 wCBO_const   0.00000e+00  1.00000e-02     no limits
MINUIT - FIT ONLY WIGGLE
 **********
 **    3 **FIX            5
 **********
 PARAMETER    5  IS CONSTANT.   IGNORED.
 **********
 **    4 **FIX            6
 **********
 **********
 **    5 **FIX            7
 **********
 **********
 **    6 **FIX            8
 **********
 **********
 **    7 **FIX            9
 **********
 PARAMETER    9  IS CONSTANT.   IGNORED.
 **********
 **    8 **FIX           10
 **********
 PARAMETER   10  IS CONSTANT.   IGNORED.
 **********
 **    9 **FIX           11
 **********
 PARAMETER   11  IS CONSTANT.   IGNORED.
 **********
 **   10 **FIX           12
 **********
 PARAMETER   12  IS CONSTANT.   IGNORED.
 **********
 **   11 **FIX           13
 **********
 PARAMETER   13  IS CONSTANT.   IGNORED.
 **********
 **   12 **FIX           14
 **********
 **********
 **   13 **FIX           15
 **********
 PARAMETER   15  IS CONSTANT.   IGNORED.
 **********
 **   14 **FIX           16
 **********
 PARAMETER   16  IS CONSTANT.   IGNORED.
 **********
 **   15 **MIGRAD
 **********
 FIRST CALL TO USER FUNCTION AT NEW START POINT, WITH IFLAG=4.
 START MIGRAD MINIMIZATION.  STRATEGY  1.  CONVERGENCE WHEN EDM .LT. 1.00e-04
 FCN=1529.32 FROM MIGRAD    STATUS=INITIATE       62 CALLS          63 TOTAL
                     EDM= unknown      STRATEGY= 1      NO ERROR MATRIX       
  EXT PARAMETER               CURRENT GUESS       STEP         FIRST   
  NO.   NAME      VALUE            ERROR          SIZE      DERIVATIVE 
   1  N0           3.41616e+06   1.00000e+02   0.00000e+00   1.52401e-03
   2  tau          6.43976e+01   constant   
   3  A0           3.54950e-01   1.00000e-04   0.00000e+00  -3.05162e+02
   4  phi          4.12292e+00   1.00000e-02   0.00000e+00  -2.98874e+02
   5  R           -6.08295e+01   constant   
   6  A_CBO        2.53395e-03     fixed    
   7  w_CBO        2.32702e+00     fixed    
   8  phi_CBO      2.71710e+00     fixed    
   9  ANx2         2.24467e-04   constant   
  10  pNx2         2.31915e+00   constant   
  11  ANy1         0.00000e+00   constant   
  12  pNy1         0.00000e+00   constant   
  13  w_y          0.00000e+00   constant   
  14  ANy2         1.49899e-02     fixed    
  15  pNy2         4.64502e+00   constant   
  16  w_vw         1.43138e+01   constant   
  17  LM          -1.76320e-04   constant   
  18  wCBO_expCoeff   2.00000e+02   1.00000e+00   0.00000e+00  -4.00777e+01
  19  wCBO_expOffset   2.00000e+02   1.00000e+00   0.00000e+00  -2.67178e+02
  20  wCBO_expT    3.00000e+01   1.00000e+00   0.00000e+00  -6.93221e+02
  21  wCBO_linCoeff   0.00000e+00   constant   
  22  wCBO_const   4.50736e-03   1.00000e-02   4.50736e-03   1.14066e+03
 MIGRAD MINIMIZATION HAS CONVERGED.
 FCN=1523.94 FROM MIGRAD    STATUS=CONVERGED     210 CALLS         211 TOTAL
                     EDM=1.84843e-07    STRATEGY= 1  ERROR MATRIX UNCERTAINTY   0.5 per cent
  EXT PARAMETER                                   STEP         FIRST   
  NO.   NAME      VALUE            ERROR          SIZE      DERIVATIVE 
   1  N0           3.41511e+06   1.09754e+03   9.48783e-01  -3.38660e-07
   2  tau          6.43976e+01   constant   
   3  A0           3.55069e-01   4.24912e-04   1.77664e-06   4.41596e-01
   4  phi          4.12296e+00   1.24583e-03  -1.54428e-06  -8.22395e-02
   5  R           -6.08295e+01   constant   
   6  A_CBO        2.53395e-03     fixed    
   7  w_CBO        2.32702e+00     fixed    
   8  phi_CBO      2.71710e+00     fixed    
   9  ANx2         2.24467e-04   constant   
  10  pNx2         2.31915e+00   constant   
  11  ANy1         0.00000e+00   constant   
  12  pNy1         0.00000e+00   constant   
  13  w_y          0.00000e+00   constant   
  14  ANy2         1.49899e-02     fixed    
  15  pNy2         4.64502e+00   constant   
  16  w_vw         1.43138e+01   constant   
  17  LM          -1.76320e-04   constant   
  18  wCBO_expCoeff   1.99919e+02   1.02505e-01   9.39976e-05  -1.17256e-02
  19  wCBO_expOffset   1.99988e+02   1.53723e-02   1.41129e-05  -8.93187e-02
  20  wCBO_expT    3.00110e+01   9.38981e-03  -1.97405e-05  -2.13477e-01
  21  wCBO_linCoeff   0.00000e+00   constant   
  22  wCBO_const   2.03213e-03   8.00637e-04   8.41550e-06  -3.12241e-01
 EXTERNAL ERROR MATRIX.    NDIM=  25    NPAR=  7    ERR DEF=1
  1.205e+06  1.396e-02 -1.001e-02  8.880e-01  1.333e-01 -3.971e-02 -2.947e-02 
  1.396e-02  1.806e-07 -1.409e-09  6.819e-07  1.026e-07 -5.055e-08 -1.358e-09 
 -1.001e-02 -1.409e-09  1.552e-06  1.122e-05  1.682e-06 -1.110e-06  7.779e-08 
  8.880e-01  6.819e-07  1.122e-05  1.051e-02  1.540e-03 -9.484e-04  4.529e-05 
  1.333e-01  1.026e-07  1.682e-06  1.540e-03  2.363e-04 -1.422e-04  6.793e-06 
 -3.971e-02 -5.055e-08 -1.110e-06 -9.484e-04 -1.422e-04  8.817e-05 -4.845e-06 
 -2.947e-02 -1.358e-09  7.779e-08  4.529e-05  6.793e-06 -4.845e-06  6.410e-07 
 PARAMETER  CORRELATION COEFFICIENTS  
       NO.  GLOBAL      1      3      4     18     19     20     22
        1  0.05768   1.000  0.030 -0.007  0.008  0.008 -0.004 -0.034
        3  0.04067   0.030  1.000 -0.003  0.016  0.016 -0.013 -0.004
        4  0.10629  -0.007 -0.003  1.000  0.088  0.088 -0.095  0.078
       18  0.99224   0.008  0.016  0.088  1.000  0.977 -0.985  0.552
       19  0.99223   0.008  0.016  0.088  0.977  1.000 -0.985  0.552
       20  0.99749  -0.004 -0.013 -0.095 -0.985 -0.985  1.000 -0.644
       22  0.89787  -0.034 -0.004  0.078  0.552  0.552 -0.644  1.000
MINUIT - FIT ONLY 1-CBO + other amplitudes 
 **********
 **   16 **RES 
 **********
                   PARAMETER   14  ANy2 RESTORED TO VARIABLE.
                   PARAMETER    8  phi_CBO RESTORED TO VARIABLE.
                   PARAMETER    7  w_CBO RESTORED TO VARIABLE.
                   PARAMETER    6  A_CBO RESTORED TO VARIABLE.
 **********
 **   17 **FIX            0
 **********
 PARAMETER    0  IS UNDEFINED. IGNORED.
 **********
 **   18 **FIX            1
 **********
 **********
 **   19 **FIX            2
 **********
 PARAMETER    2  IS CONSTANT.   IGNORED.
 **********
 **   20 **FIX            3
 **********
 **********
 **   21 **FIX            4
 **********
 **********
 **   22 **FIX            9
 **********
 PARAMETER    9  IS CONSTANT.   IGNORED.
 **********
 **   23 **FIX           11
 **********
 PARAMETER   11  IS CONSTANT.   IGNORED.
 **********
 **   24 **FIX           12
 **********
 PARAMETER   12  IS CONSTANT.   IGNORED.
 **********
 **   25 **FIX           14
 **********
 **********
 **   26 **FIX           15
 **********
 PARAMETER   15  IS CONSTANT.   IGNORED.
 **********
 **   27 **FIX           16
 **********
 PARAMETER   16  IS CONSTANT.   IGNORED.
 **********
 **   28 **MIGRAD
 **********
 START MIGRAD MINIMIZATION.  STRATEGY  1.  CONVERGENCE WHEN EDM .LT. 1.00e-04
 FCN=1523.94 FROM MIGRAD    STATUS=INITIATE       20 CALLS         231 TOTAL
                     EDM= unknown      STRATEGY= 1      NO ERROR MATRIX       
  EXT PARAMETER               CURRENT GUESS       STEP         FIRST   
  NO.   NAME      VALUE            ERROR          SIZE      DERIVATIVE 
   1  N0           3.41511e+06     fixed    
   2  tau          6.43976e+01   constant   
   3  A0           3.55069e-01     fixed    
   4  phi          4.12296e+00     fixed    
   5  R           -6.08295e+01   constant   
   6  A_CBO        2.53395e-03   1.00000e-05   1.00000e-05   1.66840e+04
   7  w_CBO        2.32702e+00   1.00000e-03   1.00000e-03  -1.14055e+00
   8  phi_CBO      2.71710e+00   1.00000e-04   1.00000e-04   1.37414e+00
   9  ANx2         2.24467e-04   constant   
  10  pNx2         2.31915e+00   constant   
  11  ANy1         0.00000e+00   constant   
  12  pNy1         0.00000e+00   constant   
  13  w_y          0.00000e+00   constant   
  14  ANy2         1.49899e-02     fixed    
  15  pNy2         4.64502e+00   constant   
  16  w_vw         1.43138e+01   constant   
  17  LM          -1.76320e-04   constant   
  18  wCBO_expCoeff   1.99919e+02   1.02505e-01   9.39976e-05  -1.17256e-02
  19  wCBO_expOffset   1.99988e+02   1.53723e-02   1.41129e-05  -8.93187e-02
  20  wCBO_expT    3.00110e+01   9.38981e-03  -1.97405e-05  -2.13477e-01
  21  wCBO_linCoeff   0.00000e+00   constant   
  22  wCBO_const   2.03213e-03   8.00637e-04   8.41550e-06  -3.12249e-01
 MIGRAD MINIMIZATION HAS CONVERGED.
 MIGRAD WILL VERIFY CONVERGENCE AND ERROR MATRIX.
 COVARIANCE MATRIX CALCULATED SUCCESSFULLY
 FCN=1509.16 FROM HESSE     STATUS=OK             54 CALLS         371 TOTAL
                     EDM=0.000911536    STRATEGY= 1      ERROR MATRIX ACCURATE 
  EXT PARAMETER                                   STEP         FIRST   
  NO.   NAME      VALUE            ERROR          SIZE      DERIVATIVE 
   1  N0           3.41511e+06     fixed    
   2  tau          6.43976e+01   constant   
   3  A0           3.55069e-01     fixed    
   4  phi          4.12296e+00     fixed    
   5  R           -6.08295e+01   constant   
   6  A_CBO        7.71981e-04   4.69379e-04   8.68038e-06  -1.91441e+00
   7  w_CBO        2.32699e+00   3.13444e-03   3.88533e-06  -2.66010e+00
   8  phi_CBO      2.52620e+00   8.41992e-01   1.08759e-02  -2.32256e-03
   9  ANx2         2.24467e-04   constant   
  10  pNx2         2.31915e+00   constant   
  11  ANy1         0.00000e+00   constant   
  12  pNy1         0.00000e+00   constant   
  13  w_y          0.00000e+00   constant   
  14  ANy2         1.49899e-02     fixed    
  15  pNy2         4.64502e+00   constant   
  16  w_vw         1.43138e+01   constant   
  17  LM          -1.76320e-04   constant   
  18  wCBO_expCoeff   1.99915e+02   2.80493e-01   3.92130e-04   7.57203e-05
  19  wCBO_expOffset   1.99987e+02   3.57132e-02   9.53613e-05  -4.43317e-03
  20  wCBO_expT    3.00109e+01   1.16518e-02   1.67773e-05  -5.08546e+00
  21  wCBO_linCoeff   0.00000e+00   constant   
  22  wCBO_const   2.08851e-03   1.80856e-03   9.75003e-06  -6.18347e+00
 MIGRAD MINIMIZATION HAS CONVERGED.
 FCN=1509.15 FROM MIGRAD    STATUS=CONVERGED     192 CALLS         403 TOTAL
                     EDM=1.41577e-07    STRATEGY= 1  ERROR MATRIX UNCERTAINTY   4.8 per cent
  EXT PARAMETER                                   STEP         FIRST   
  NO.   NAME      VALUE            ERROR          SIZE      DERIVATIVE 
   1  N0           3.41511e+06     fixed    
   2  tau          6.43976e+01   constant   
   3  A0           3.55069e-01     fixed    
   4  phi          4.12296e+00     fixed    
   5  R           -6.08295e+01   constant   
   6  A_CBO        7.63383e-04   4.93671e-04  -1.51896e-06   6.82742e-01
   7  w_CBO        2.32687e+00   3.62616e-03  -5.26361e-06  -4.35917e-01
   8  phi_CBO      2.56629e+00   1.01363e+00  -1.22453e-03   6.10699e-06
   9  ANx2         2.24467e-04   constant   
  10  pNx2         2.31915e+00   constant   
  11  ANy1         0.00000e+00   constant   
  12  pNy1         0.00000e+00   constant   
  13  w_y          0.00000e+00   constant   
  14  ANy2         1.49899e-02     fixed    
  15  pNy2         4.64502e+00   constant   
  16  w_vw         1.43138e+01   constant   
  17  LM          -1.76320e-04   constant   
  18  wCBO_expCoeff   1.99903e+02   3.33657e-01  -5.76055e-04  -4.16017e-03
  19  wCBO_expOffset   1.99986e+02   3.92262e-02  -3.97906e-05  -4.04634e-02
  20  wCBO_expT    3.00122e+01   2.25198e-02   5.99812e-05  -1.18720e-01
  21  wCBO_linCoeff   0.00000e+00   constant   
  22  wCBO_const   2.15125e-03   2.00279e-03  -2.88348e-06  -1.74243e-01
 EXTERNAL ERROR MATRIX.    NDIM=  25    NPAR=  7    ERR DEF=1
  2.437e-07  3.604e-07 -1.240e-04  3.543e-05  2.742e-06 -3.538e-06 -2.519e-07 
  3.604e-07  1.315e-05 -1.409e-03 -1.490e-05 -1.561e-06 -4.773e-05 -5.985e-06 
 -1.240e-04 -1.409e-03  1.027e+00 -1.392e-01 -1.294e-02  1.479e-02  1.138e-03 
  3.543e-05 -1.490e-05 -1.392e-01  1.113e-01 -1.482e-04 -4.714e-03 -2.492e-05 
  2.742e-06 -1.561e-06 -1.294e-02 -1.482e-04  1.539e-03 -4.294e-04 -3.257e-06 
 -3.538e-06 -4.773e-05  1.479e-02 -4.714e-03 -4.294e-04  5.071e-04  2.269e-05 
 -2.519e-07 -5.985e-06  1.138e-03 -2.492e-05 -3.257e-06  2.269e-05  4.011e-06 
 PARAMETER  CORRELATION COEFFICIENTS  
       NO.  GLOBAL      6      7      8     18     19     20     22
        6  0.35987   1.000  0.201 -0.248  0.215  0.142 -0.318 -0.255
        7  0.99842   0.201  1.000 -0.383 -0.012 -0.011 -0.584 -0.824
        8  0.82443  -0.248 -0.383  1.000 -0.412 -0.325  0.648  0.561
       18  0.99809   0.215 -0.012 -0.412  1.000 -0.011 -0.627 -0.037
       19  0.99689   0.142 -0.011 -0.325 -0.011  1.000 -0.486 -0.041
       20  0.99923  -0.318 -0.584  0.648 -0.627 -0.486  1.000  0.503
       22  0.96710  -0.255 -0.824  0.561 -0.037 -0.041  0.503  1.000
MINUIT - FIT ONLY 1-CBO
 **********
 **   29 **RES 
 **********
                   PARAMETER   14  ANy2 RESTORED TO VARIABLE.
                   PARAMETER    4  phi RESTORED TO VARIABLE.
                   PARAMETER    3  A0 RESTORED TO VARIABLE.
                   PARAMETER    1  N0 RESTORED TO VARIABLE.
 **********
 **   30 **FIX            0
 **********
 PARAMETER    0  IS UNDEFINED. IGNORED.
 **********
 **   31 **FIX            1
 **********
 **********
 **   32 **FIX            2
 **********
 PARAMETER    2  IS CONSTANT.   IGNORED.
 **********
 **   33 **FIX            3
 **********
 **********
 **   34 **FIX            4
 **********
 **********
 **   35 **FIX            8
 **********
 **********
 **   36 **FIX            9
 **********
 PARAMETER    9  IS CONSTANT.   IGNORED.
 **********
 **   37 **FIX           11
 **********
 PARAMETER   11  IS CONSTANT.   IGNORED.
 **********
 **   38 **FIX           12
 **********
 PARAMETER   12  IS CONSTANT.   IGNORED.
 **********
 **   39 **FIX           13
 **********
 PARAMETER   13  IS CONSTANT.   IGNORED.
 **********
 **   40 **FIX           15
 **********
 PARAMETER   15  IS CONSTANT.   IGNORED.
 **********
 **   41 **FIX           16
 **********
 PARAMETER   16  IS CONSTANT.   IGNORED.
 **********
 **   42 **MIGRAD
 **********
 START MIGRAD MINIMIZATION.  STRATEGY  1.  CONVERGENCE WHEN EDM .LT. 1.00e-04
 FCN=1509.15 FROM MIGRAD    STATUS=INITIATE       16 CALLS         419 TOTAL
                     EDM= unknown      STRATEGY= 1      NO ERROR MATRIX       
  EXT PARAMETER               CURRENT GUESS       STEP         FIRST   
  NO.   NAME      VALUE            ERROR          SIZE      DERIVATIVE 
   1  N0           3.41511e+06     fixed    
   2  tau          6.43976e+01   constant   
   3  A0           3.55069e-01     fixed    
   4  phi          4.12296e+00     fixed    
   5  R           -6.08295e+01   constant   
   6  A_CBO        7.63383e-04   4.93671e-04  -1.51896e-06   6.82741e-01
   7  w_CBO        2.32687e+00   3.62616e-03  -5.26361e-06  -4.35840e-01
   8  phi_CBO      2.56629e+00     fixed    
   9  ANx2         2.24467e-04   constant   
  10  pNx2         2.31915e+00   constant   
  11  ANy1         0.00000e+00   constant   
  12  pNy1         0.00000e+00   constant   
  13  w_y          0.00000e+00   constant   
  14  ANy2         1.49899e-02   1.00000e-04   1.00000e-04   1.50221e+05
  15  pNy2         4.64502e+00   constant   
  16  w_vw         1.43138e+01   constant   
  17  LM          -1.76320e-04   constant   
  18  wCBO_expCoeff   1.99903e+02   3.33657e-01  -5.76055e-04  -4.15910e-03
  19  wCBO_expOffset   1.99986e+02   3.92262e-02  -3.97906e-05  -4.04634e-02
  20  wCBO_expT    3.00122e+01   2.25198e-02   5.99812e-05  -1.18706e-01
  21  wCBO_linCoeff   0.00000e+00   constant   
  22  wCBO_const   2.15125e-03   2.00279e-03  -2.88348e-06  -1.74236e-01
 MIGRAD MINIMIZATION HAS CONVERGED.
 MIGRAD WILL VERIFY CONVERGENCE AND ERROR MATRIX.
 COVARIANCE MATRIX CALCULATED SUCCESSFULLY
 FCN=366.007 FROM MIGRAD    STATUS=CONVERGED     234 CALLS         637 TOTAL
                     EDM=7.13736e-06    STRATEGY= 1      ERROR MATRIX ACCURATE 
  EXT PARAMETER                                   STEP         FIRST   
  NO.   NAME      VALUE            ERROR          SIZE      DERIVATIVE 
   1  N0           3.41511e+06     fixed    
   2  tau          6.43976e+01   constant   
   3  A0           3.55069e-01     fixed    
   4  phi          4.12296e+00     fixed    
   5  R           -6.08295e+01   constant   
   6  A_CBO        3.31589e-04   4.71257e-04   4.18949e-06   2.79235e+00
   7  w_CBO        2.32716e+00   4.56187e-03   4.40095e-06   6.52866e+00
   8  phi_CBO      2.56629e+00     fixed    
   9  ANx2         2.24467e-04   constant   
  10  pNx2         2.31915e+00   constant   
  11  ANy1         0.00000e+00   constant   
  12  pNy1         0.00000e+00   constant   
  13  w_y          0.00000e+00   constant   
  14  ANy2        -2.38976e-04   4.51629e-04   4.20676e-06  -3.00664e+00
  15  pNy2         4.64502e+00   constant   
  16  w_vw         1.43138e+01   constant   
  17  LM          -1.76320e-04   constant   
  18  wCBO_expCoeff   1.99937e+02   3.88066e-01   4.71354e-04   6.24728e-02
  19  wCBO_expOffset   1.99991e+02   5.29819e-02   9.53633e-05   4.14261e-01
  20  wCBO_expT    3.00062e+01   1.50363e-02   1.91340e-05   1.46925e+00
  21  wCBO_linCoeff   0.00000e+00   constant   
  22  wCBO_const   2.16747e-03   2.16893e-03   7.10721e-06   2.69556e+00
 EXTERNAL ERROR MATRIX.    NDIM=  25    NPAR=  7    ERR DEF=1
  2.221e-07  2.131e-07  6.058e-09  1.795e-05  2.081e-06 -2.022e-06 -8.418e-08 
  2.131e-07  2.081e-05  2.759e-08 -7.351e-04 -7.919e-05 -2.204e-05 -8.456e-06 
  6.058e-09  2.759e-08  2.040e-07  2.354e-06  3.184e-07 -1.928e-07 -1.756e-08 
  1.795e-05 -7.351e-04  2.354e-06  1.506e-01 -6.529e-03 -1.839e-03  3.585e-04 
  2.081e-06 -7.919e-05  3.184e-07 -6.529e-03  2.807e-03 -2.222e-04  3.872e-05 
 -2.022e-06 -2.204e-05 -1.928e-07 -1.839e-03 -2.222e-04  2.261e-04  2.406e-06 
 -8.418e-08 -8.456e-06 -1.756e-08  3.585e-04  3.872e-05  2.406e-06  4.704e-06 
 PARAMETER  CORRELATION COEFFICIENTS  
       NO.  GLOBAL      6      7     14     18     19     20     22
        6  0.31097   1.000  0.099  0.028  0.098  0.083 -0.285 -0.082
        7  0.99472   0.099  1.000  0.013 -0.415 -0.328 -0.321 -0.855
       14  0.09188   0.028  0.013  1.000  0.013  0.013 -0.028 -0.018
       18  0.99165   0.098 -0.415  0.013  1.000 -0.318 -0.315  0.426
       19  0.98990   0.083 -0.328  0.013 -0.318  1.000 -0.279  0.337
       20  0.99080  -0.285 -0.321 -0.028 -0.315 -0.279  1.000  0.074
       22  0.93672  -0.082 -0.855 -0.018  0.426  0.337  0.074  1.000
MINUIT - FIT ONLY 2-CBO
 **********
 **   43 **RES 
 **********
                   PARAMETER    8  phi_CBO RESTORED TO VARIABLE.
                   PARAMETER    4  phi RESTORED TO VARIABLE.
                   PARAMETER    3  A0 RESTORED TO VARIABLE.
                   PARAMETER    1  N0 RESTORED TO VARIABLE.
 **********
 **   44 **FIX            0
 **********
 PARAMETER    0  IS UNDEFINED. IGNORED.
 **********
 **   45 **FIX            1
 **********
 **********
 **   46 **FIX            2
 **********
 PARAMETER    2  IS CONSTANT.   IGNORED.
 **********
 **   47 **FIX            3
 **********
 **********
 **   48 **FIX            4
 **********
 **********
 **   49 **FIX            5
 **********
 PARAMETER    5  IS CONSTANT.   IGNORED.
 **********
 **   50 **FIX            6
 **********
 **********
 **   51 **FIX            7
 **********
 **********
 **   52 **FIX           10
 **********
 PARAMETER   10  IS CONSTANT.   IGNORED.
 **********
 **   53 **FIX           11
 **********
 PARAMETER   11  IS CONSTANT.   IGNORED.
 **********
 **   54 **FIX           12
 **********
 PARAMETER   12  IS CONSTANT.   IGNORED.
 **********
 **   55 **FIX           13
 **********
 PARAMETER   13  IS CONSTANT.   IGNORED.
 **********
 **   56 **FIX           14
 **********
 **********
 **   57 **FIX           15
 **********
 PARAMETER   15  IS CONSTANT.   IGNORED.
 **********
 **   58 **FIX           16
 **********
 PARAMETER   16  IS CONSTANT.   IGNORED.
 **********
 **   59 **MIGRAD
 **********
 START MIGRAD MINIMIZATION.  STRATEGY  1.  CONVERGENCE WHEN EDM .LT. 1.00e-04
 FCN=366.007 FROM MIGRAD    STATUS=INITIATE       12 CALLS         649 TOTAL
                     EDM= unknown      STRATEGY= 1      NO ERROR MATRIX       
  EXT PARAMETER               CURRENT GUESS       STEP         FIRST   
  NO.   NAME      VALUE            ERROR          SIZE      DERIVATIVE 
   1  N0           3.41511e+06     fixed    
   2  tau          6.43976e+01   constant   
   3  A0           3.55069e-01     fixed    
   4  phi          4.12296e+00     fixed    
   5  R           -6.08295e+01   constant   
   6  A_CBO        3.31589e-04     fixed    
   7  w_CBO        2.32716e+00     fixed    
   8  phi_CBO      2.56629e+00   1.01363e+00   1.01363e+00  -1.35091e-01
   9  ANx2         2.24467e-04   constant   
  10  pNx2         2.31915e+00   constant   
  11  ANy1         0.00000e+00   constant   
  12  pNy1         0.00000e+00   constant   
  13  w_y          0.00000e+00   constant   
  14  ANy2        -2.38976e-04     fixed    
  15  pNy2         4.64502e+00   constant   
  16  w_vw         1.43138e+01   constant   
  17  LM          -1.76320e-04   constant   
  18  wCBO_expCoeff   1.99937e+02   3.88066e-01   4.71354e-04   6.17842e-02
  19  wCBO_expOffset   1.99991e+02   5.29819e-02   9.53633e-05   4.07661e-01
  20  wCBO_expT    3.00062e+01   1.50363e-02   1.91340e-05   1.46330e+00
  21  wCBO_linCoeff   0.00000e+00   constant   
  22  wCBO_const   2.16747e-03   2.16893e-03   7.10721e-06   2.69754e+00
 MIGRAD MINIMIZATION HAS CONVERGED.
 MIGRAD WILL VERIFY CONVERGENCE AND ERROR MATRIX.
 COVARIANCE MATRIX CALCULATED SUCCESSFULLY
 FCN=365.995 FROM MIGRAD    STATUS=CONVERGED     110 CALLS         747 TOTAL
                     EDM=2.15717e-06    STRATEGY= 1      ERROR MATRIX ACCURATE 
  EXT PARAMETER                                   STEP         FIRST   
  NO.   NAME      VALUE            ERROR          SIZE      DERIVATIVE 
   1  N0           3.41511e+06     fixed    
   2  tau          6.43976e+01   constant   
   3  A0           3.55069e-01     fixed    
   4  phi          4.12296e+00     fixed    
   5  R           -6.08295e+01   constant   
   6  A_CBO        3.31589e-04     fixed    
   7  w_CBO        2.32716e+00     fixed    
   8  phi_CBO      2.74552e+00   1.60265e+00   1.28044e-02  -1.10709e-03
   9  ANx2         2.24467e-04   constant   
  10  pNx2         2.31915e+00   constant   
  11  ANy1         0.00000e+00   constant   
  12  pNy1         0.00000e+00   constant   
  13  w_y          0.00000e+00   constant   
  14  ANy2        -2.38976e-04     fixed    
  15  pNy2         4.64502e+00   constant   
  16  w_vw         1.43138e+01   constant   
  17  LM          -1.76320e-04   constant   
  18  wCBO_expCoeff   1.99930e+02   3.42695e-01   4.80067e-04  -1.14761e-02
  19  wCBO_expOffset   1.99990e+02   4.87104e-02   9.53627e-05  -7.65468e-02
  20  wCBO_expT    3.00069e+01   1.40270e-02   1.92518e-05  -2.24760e-01
  21  wCBO_linCoeff   0.00000e+00   constant   
  22  wCBO_const   2.17123e-03   1.13222e-03   7.07089e-06   3.44267e-01
 EXTERNAL ERROR MATRIX.    NDIM=  25    NPAR=  5    ERR DEF=1
  2.568e+00 -6.166e-02 -6.654e-03  5.537e-03  1.973e-04 
 -6.166e-02  1.174e-01 -8.699e-03 -2.505e-03  5.013e-05 
 -6.654e-03 -8.699e-03  2.373e-03 -2.966e-04  5.581e-06 
  5.537e-03 -2.505e-03 -2.966e-04  1.968e-04 -5.789e-06 
  1.973e-04  5.013e-05  5.581e-06 -5.789e-06  1.282e-06 
 PARAMETER  CORRELATION COEFFICIENTS  
       NO.  GLOBAL      8     18     19     20     22
        8  0.51026   1.000 -0.112 -0.085  0.246  0.109
       18  0.98941  -0.112  1.000 -0.521 -0.521  0.129
       19  0.98818  -0.085 -0.521  1.000 -0.434  0.101
       20  0.98969   0.246 -0.521 -0.434  1.000 -0.365
       22  0.74541   0.109  0.129  0.101 -0.365  1.000
MINUIT - FIT ONLY 1-y
 **********
 **   60 **RES 
 **********
                   PARAMETER   14  ANy2 RESTORED TO VARIABLE.
                   PARAMETER    7  w_CBO RESTORED TO VARIABLE.
                   PARAMETER    6  A_CBO RESTORED TO VARIABLE.
                   PARAMETER    4  phi RESTORED TO VARIABLE.
                   PARAMETER    3  A0 RESTORED TO VARIABLE.
                   PARAMETER    1  N0 RESTORED TO VARIABLE.
 **********
 **   61 **FIX            0
 **********
 PARAMETER    0  IS UNDEFINED. IGNORED.
 **********
 **   62 **FIX            1
 **********
 **********
 **   63 **FIX            2
 **********
 PARAMETER    2  IS CONSTANT.   IGNORED.
 **********
 **   64 **FIX            3
 **********
 **********
 **   65 **FIX            4
 **********
 **********
 **   66 **FIX            5
 **********
 PARAMETER    5  IS CONSTANT.   IGNORED.
 **********
 **   67 **FIX            6
 **********
 **********
 **   68 **FIX            7
 **********
 **********
 **   69 **FIX            8
 **********
 **********
 **   70 **FIX            9
 **********
 PARAMETER    9  IS CONSTANT.   IGNORED.
 **********
 **   71 **FIX           13
 **********
 PARAMETER   13  IS CONSTANT.   IGNORED.
 **********
 **   72 **FIX           14
 **********
 **********
 **   73 **FIX           15
 **********
 PARAMETER   15  IS CONSTANT.   IGNORED.
 **********
 **   74 **FIX           16
 **********
 PARAMETER   16  IS CONSTANT.   IGNORED.
 **********
 **   75 **MIGRAD
 **********
 START MIGRAD MINIMIZATION.  STRATEGY  1.  CONVERGENCE WHEN EDM .LT. 1.00e-04
 FCN=365.995 FROM MIGRAD    STATUS=INITIATE        8 CALLS         755 TOTAL
                     EDM= unknown      STRATEGY= 1      NO ERROR MATRIX       
  EXT PARAMETER               CURRENT GUESS       STEP         FIRST   
  NO.   NAME      VALUE            ERROR          SIZE      DERIVATIVE 
   1  N0           3.41511e+06     fixed    
   2  tau          6.43976e+01   constant   
   3  A0           3.55069e-01     fixed    
   4  phi          4.12296e+00     fixed    
   5  R           -6.08295e+01   constant   
   6  A_CBO        3.31589e-04     fixed    
   7  w_CBO        2.32716e+00     fixed    
   8  phi_CBO      2.74552e+00     fixed    
   9  ANx2         2.24467e-04   constant   
  10  pNx2         2.31915e+00   constant   
  11  ANy1         0.00000e+00   constant   
  12  pNy1         0.00000e+00   constant   
  13  w_y          0.00000e+00   constant   
  14  ANy2        -2.38976e-04     fixed    
  15  pNy2         4.64502e+00   constant   
  16  w_vw         1.43138e+01   constant   
  17  LM          -1.76320e-04   constant   
  18  wCBO_expCoeff   1.99930e+02   3.42695e-01   4.80067e-04  -1.16022e-02
  19  wCBO_expOffset   1.99990e+02   4.87104e-02   9.53627e-05  -8.57406e-02
  20  wCBO_expT    3.00069e+01   1.40270e-02   1.92518e-05  -2.31261e-01
  21  wCBO_linCoeff   0.00000e+00   constant   
  22  wCBO_const   2.17123e-03   1.13222e-03   7.07089e-06   3.44581e-01
 MIGRAD MINIMIZATION HAS CONVERGED.
 MIGRAD WILL VERIFY CONVERGENCE AND ERROR MATRIX.
 COVARIANCE MATRIX CALCULATED SUCCESSFULLY
 FCN=365.995 FROM MIGRAD    STATUS=CONVERGED      47 CALLS         794 TOTAL
                     EDM=4.22063e-07    STRATEGY= 1      ERROR MATRIX ACCURATE 
  EXT PARAMETER                                   STEP         FIRST   
  NO.   NAME      VALUE            ERROR          SIZE      DERIVATIVE 
   1  N0           3.41511e+06     fixed    
   2  tau          6.43976e+01   constant   
   3  A0           3.55069e-01     fixed    
   4  phi          4.12296e+00     fixed    
   5  R           -6.08295e+01   constant   
   6  A_CBO        3.31589e-04     fixed    
   7  w_CBO        2.32716e+00     fixed    
   8  phi_CBO      2.74552e+00     fixed    
   9  ANx2         2.24467e-04   constant   
  10  pNx2         2.31915e+00   constant   
  11  ANy1         0.00000e+00   constant   
  12  pNy1         0.00000e+00   constant   
  13  w_y          0.00000e+00   constant   
  14  ANy2        -2.38976e-04     fixed    
  15  pNy2         4.64502e+00   constant   
  16  w_vw         1.43138e+01   constant   
  17  LM          -1.76320e-04   constant   
  18  wCBO_expCoeff   1.99930e+02   3.43542e-01   4.65343e-04   1.46553e-03
  19  wCBO_expOffset   1.99990e+02   4.86921e-02   9.53627e-05   9.67962e-03
  20  wCBO_expT    3.00069e+01   1.36646e-02   1.87966e-05   9.32421e-02
  21  wCBO_linCoeff   0.00000e+00   constant   
  22  wCBO_const   2.17118e-03   1.12621e-03   7.05992e-06   8.55670e-01
 EXTERNAL ERROR MATRIX.    NDIM=  25    NPAR=  4    ERR DEF=1
  1.180e-01 -8.985e-03 -2.424e-03  5.635e-05 
 -8.985e-03  2.371e-03 -2.812e-04  6.059e-06 
 -2.424e-03 -2.812e-04  1.867e-04 -6.268e-06 
  5.635e-05  6.059e-06 -6.268e-06  1.268e-06 
 PARAMETER  CORRELATION COEFFICIENTS  
       NO.  GLOBAL     18     19     20     22
       18  0.98945   1.000 -0.537 -0.516  0.146
       19  0.98817  -0.537  1.000 -0.423  0.110
       20  0.98913  -0.516 -0.423  1.000 -0.407
       22  0.74221   0.146  0.110 -0.407  1.000
MINUIT - FIT ONLY 2-y
 **********
 **   76 **RES 
 **********
                   PARAMETER   14  ANy2 RESTORED TO VARIABLE.
                   PARAMETER    8  phi_CBO RESTORED TO VARIABLE.
                   PARAMETER    7  w_CBO RESTORED TO VARIABLE.
                   PARAMETER    6  A_CBO RESTORED TO VARIABLE.
                   PARAMETER    4  phi RESTORED TO VARIABLE.
                   PARAMETER    3  A0 RESTORED TO VARIABLE.
                   PARAMETER    1  N0 RESTORED TO VARIABLE.
 **********
 **   77 **FIX            0
 **********
 PARAMETER    0  IS UNDEFINED. IGNORED.
 **********
 **   78 **FIX            1
 **********
 **********
 **   79 **FIX            2
 **********
 PARAMETER    2  IS CONSTANT.   IGNORED.
 **********
 **   80 **FIX            3
 **********
 **********
 **   81 **FIX            4
 **********
 **********
 **   82 **FIX            5
 **********
 PARAMETER    5  IS CONSTANT.   IGNORED.
 **********
 **   83 **FIX            6
 **********
 **********
 **   84 **FIX            7
 **********
 **********
 **   85 **FIX            8
 **********
 **********
 **   86 **FIX            9
 **********
 PARAMETER    9  IS CONSTANT.   IGNORED.
 **********
 **   87 **FIX           10
 **********
 PARAMETER   10  IS CONSTANT.   IGNORED.
 **********
 **   88 **FIX           11
 **********
 PARAMETER   11  IS CONSTANT.   IGNORED.
 **********
 **   89 **FIX           12
 **********
 PARAMETER   12  IS CONSTANT.   IGNORED.
 **********
 **   90 **FIX           16
 **********
 PARAMETER   16  IS CONSTANT.   IGNORED.
 **********
 **   91 **MIGRAD
 **********
 START MIGRAD MINIMIZATION.  STRATEGY  1.  CONVERGENCE WHEN EDM .LT. 1.00e-04
 FCN=365.995 FROM MIGRAD    STATUS=INITIATE       10 CALLS         804 TOTAL
                     EDM= unknown      STRATEGY= 1      NO ERROR MATRIX       
  EXT PARAMETER               CURRENT GUESS       STEP         FIRST   
  NO.   NAME      VALUE            ERROR          SIZE      DERIVATIVE 
   1  N0           3.41511e+06     fixed    
   2  tau          6.43976e+01   constant   
   3  A0           3.55069e-01     fixed    
   4  phi          4.12296e+00     fixed    
   5  R           -6.08295e+01   constant   
   6  A_CBO        3.31589e-04     fixed    
   7  w_CBO        2.32716e+00     fixed    
   8  phi_CBO      2.74552e+00     fixed    
   9  ANx2         2.24467e-04   constant   
  10  pNx2         2.31915e+00   constant   
  11  ANy1         0.00000e+00   constant   
  12  pNy1         0.00000e+00   constant   
  13  w_y          0.00000e+00   constant   
  14  ANy2        -2.38976e-04   4.51629e-04   4.51629e-04   3.10200e+00
  15  pNy2         4.64502e+00   constant   
  16  w_vw         1.43138e+01   constant   
  17  LM          -1.76320e-04   constant   
  18  wCBO_expCoeff   1.99930e+02   3.43542e-01   4.65343e-04   1.34687e-03
  19  wCBO_expOffset   1.99990e+02   4.86921e-02   9.53627e-05   4.71618e-04
  20  wCBO_expT    3.00069e+01   1.36646e-02   1.87966e-05   8.88682e-02
  21  wCBO_linCoeff   0.00000e+00   constant   
  22  wCBO_const   2.17118e-03   1.12621e-03   7.05992e-06   8.55978e-01
 MIGRAD MINIMIZATION HAS CONVERGED.
 MIGRAD WILL VERIFY CONVERGENCE AND ERROR MATRIX.
 COVARIANCE MATRIX CALCULATED SUCCESSFULLY
 FCN=365.995 FROM MIGRAD    STATUS=CONVERGED      56 CALLS         850 TOTAL
                     EDM=2.35891e-07    STRATEGY= 1      ERROR MATRIX ACCURATE 
  EXT PARAMETER                                   STEP         FIRST   
  NO.   NAME      VALUE            ERROR          SIZE      DERIVATIVE 
   1  N0           3.41511e+06     fixed    
   2  tau          6.43976e+01   constant   
   3  A0           3.55069e-01     fixed    
   4  phi          4.12296e+00     fixed    
   5  R           -6.08295e+01   constant   
   6  A_CBO        3.31589e-04     fixed    
   7  w_CBO        2.32716e+00     fixed    
   8  phi_CBO      2.74552e+00     fixed    
   9  ANx2         2.24467e-04   constant   
  10  pNx2         2.31915e+00   constant   
  11  ANy1         0.00000e+00   constant   
  12  pNy1         0.00000e+00   constant   
  13  w_y          0.00000e+00   constant   
  14  ANy2        -2.39290e-04   4.51517e-04   4.20669e-06   1.02222e-01
  15  pNy2         4.64502e+00   constant   
  16  w_vw         1.43138e+01   constant   
  17  LM          -1.76320e-04   constant   
  18  wCBO_expCoeff   1.99930e+02   3.43718e-01   4.65439e-04  -9.98618e-03
  19  wCBO_expOffset   1.99990e+02   4.87191e-02   9.53627e-05  -6.66206e-02
  20  wCBO_expT    3.00069e+01   1.36704e-02   1.87987e-05  -2.08527e-01
  21  wCBO_linCoeff   0.00000e+00   constant   
  22  wCBO_const   2.17094e-03   1.12638e-03   7.05997e-06  -1.59249e-01
 EXTERNAL ERROR MATRIX.    NDIM=  25    NPAR=  5    ERR DEF=1
  2.039e-07  2.864e-06  3.675e-07 -1.281e-07 -6.140e-09 
  2.864e-06  1.181e-01 -8.991e-03 -2.426e-03  5.633e-05 
  3.675e-07 -8.991e-03  2.374e-03 -2.816e-04  6.056e-06 
 -1.281e-07 -2.426e-03 -2.816e-04  1.869e-04 -6.270e-06 
 -6.140e-09  5.633e-05  6.056e-06 -6.270e-06  1.269e-06 
 PARAMETER  CORRELATION COEFFICIENTS  
       NO.  GLOBAL     14     18     19     20     22
       14  0.08916   1.000  0.018  0.017 -0.021 -0.012
       18  0.98947   0.018  1.000 -0.537 -0.516  0.145
       19  0.98818   0.017 -0.537  1.000 -0.423  0.110
       20  0.98914  -0.021 -0.516 -0.423  1.000 -0.407
       22  0.74230  -0.012  0.145  0.110 -0.407  1.000
MINUIT - FIT ALTOGETHER
 **********
 **   92 **RES 
 **********
                   PARAMETER    8  phi_CBO RESTORED TO VARIABLE.
                   PARAMETER    7  w_CBO RESTORED TO VARIABLE.
                   PARAMETER    6  A_CBO RESTORED TO VARIABLE.
                   PARAMETER    4  phi RESTORED TO VARIABLE.
                   PARAMETER    3  A0 RESTORED TO VARIABLE.
                   PARAMETER    1  N0 RESTORED TO VARIABLE.
 **********
 **   93 **MIGRAD
 **********
 START MIGRAD MINIMIZATION.  STRATEGY  1.  CONVERGENCE WHEN EDM .LT. 1.00e-04
 FCN=365.995 FROM MIGRAD    STATUS=INITIATE       22 CALLS         872 TOTAL
                     EDM= unknown      STRATEGY= 1      NO ERROR MATRIX       
  EXT PARAMETER               CURRENT GUESS       STEP         FIRST   
  NO.   NAME      VALUE            ERROR          SIZE      DERIVATIVE 
   1  N0           3.41511e+06   1.09754e+03   1.09754e+03  -1.00879e-03
   2  tau          6.43976e+01   constant   
   3  A0           3.55069e-01   4.24912e-04   4.24912e-04   9.63996e+02
