 + ++++++++++++++++++++++++++++++++++++++++++++++++++++++++++++++++++++ +
 +                                                                      +
 +           You have chose to blind your fitting according to          +
 +                omega_ref * (1 + (R +/- deltaR) *10^{-6})             +
 +                                                                      +
 + ++++++++++++++++++++++++++++++++++++++++++++++++++++++++++++++++++++ +
In main()...
reading format from /gm2data/zkhechad/run45/envelope/formats/formatB_sBin_constraintOn.txt
pBinTau 	= 0  
pBinPhi 	= 0  
constraintau 	= 1 
includeMopTerm 	= 0    
constrainMop    = 0   
Parameters after format file: pBinTau 0 pBinPhi 0 constraintau 1 includeMopTerm 0 constrainMop 0 c_e_scale 0.000000 
reading cbo reference file (full fit) from /gm2data/zkhechad/cboTemplates/Run4CBOTemplates/fullFits/run4/sBin_constraintOn_cE0.0_seed0_run4_calo8.root
A_CBO 0.011357 w_CBO 2.326581 phi_CBO 5.876624 N0 2844262.344614 R -61.301649 tau 64.404749 
Reading cboRef file /gm2data/zkhechad/cboTemplates/Run4CBOTemplates//cboIsolate/run4_calo8.root
deltaT 164.120000
windowBins = 1100
fitting sliding window 1740 from bin 1943 at 289.895600 to bin 3043 at 454.015600 (1100 bins)

Reading data from /gm2data/cornell/histograms/aMethod/histogram_a_run4.root
fitting cbo isolate
 **********
 **    1 **SET PRINTOUT            1
 **********
 **********
 **    2 **SET NOWARNINGS 
 **********
 PARAMETER DEFINITIONS:
    NO.   NAME         VALUE      STEP SIZE      LIMITS
     1 A_CBO        1.13569e-02  1.00000e-05     no limits
     2 w_CBO        2.32658e+00  1.00000e-02    2.00000e+00  3.00000e+00
     3 phi_CBO      5.87662e+00  1.00000e-02    0.00000e+00  6.28319e+00
 **********
 **    3 **MIGRAD
 **********
 FIRST CALL TO USER FUNCTION AT NEW START POINT, WITH IFLAG=4.
 START MIGRAD MINIMIZATION.  STRATEGY  1.  CONVERGENCE WHEN EDM .LT. 1.00e-04
 FCN=0.0925079 FROM MIGRAD    STATUS=INITIATE       12 CALLS          13 TOTAL
                     EDM= unknown      STRATEGY= 1      NO ERROR MATRIX       
  EXT PARAMETER               CURRENT GUESS       STEP         FIRST   
  NO.   NAME      VALUE            ERROR          SIZE      DERIVATIVE 
   1  A_CBO        1.13569e-02   1.00000e-05   1.00000e-05   9.06660e+00
   2  w_CBO        2.32658e+00   1.00000e-02   2.13259e-02  -1.45391e-01
   3  phi_CBO      5.87662e+00   1.00000e-02   6.47001e-03   5.49673e-04
 MIGRAD MINIMIZATION HAS CONVERGED.
 MIGRAD WILL VERIFY CONVERGENCE AND ERROR MATRIX.
 COVARIANCE MATRIX CALCULATED SUCCESSFULLY
 FCN=0.0552821 FROM MIGRAD    STATUS=CONVERGED      41 CALLS          42 TOTAL
                     EDM=3.62082e-05    STRATEGY= 1      ERROR MATRIX ACCURATE 
  EXT PARAMETER                                   STEP         FIRST   
  NO.   NAME      VALUE            ERROR          SIZE      DERIVATIVE 
   1  A_CBO        3.14548e-03   4.25773e-02   2.13478e-05  -3.09327e-04
   2  w_CBO        2.32664e+00   1.69883e-01   3.95136e-05   1.64589e-02
   3  phi_CBO      5.86727e+00   6.07002e+00   4.30656e-03  -3.55713e-04
 EXTERNAL ERROR MATRIX.    NDIM=  25    NPAR=  3    ERR DEF=1
  1.813e-03  1.688e-04  6.989e-02 
  1.688e-04  3.022e-02  1.072e+01 
  6.989e-02  1.072e+01  3.983e+03 
 PARAMETER  CORRELATION COEFFICIENTS  
       NO.  GLOBAL      1      2      3
        1  0.02876   1.000  0.023  0.026
        2  0.97716   0.023  1.000  0.977
        3  0.97716   0.026  0.977  1.000
setting A_CBO=0.003145 w_CBO=2.326641, phi_CBO=5.867275
done fitting cbo isolate
 **********
 **    1 **SET PRINTOUT            1
 **********
 **********
 **    2 **SET NOWARNINGS 
 **********
 PARAMETER DEFINITIONS:
    NO.   NAME         VALUE      STEP SIZE      LIMITS
     1 N0           2.84426e+06  1.00000e+02     no limits
     2 tau          6.44047e+01  constant
     3 A0           3.52885e-01  1.00000e-04     no limits
     4 phi          4.11503e+00  1.00000e-02     no limits
     5 R           -6.13016e+01  constant
     6 A_CBO        3.14548e-03  1.00000e-05     no limits
     7 w_CBO        2.32664e+00  1.00000e-03     no limits
     8 phi_CBO      5.86727e+00  1.00000e-04     no limits
     9 ANx2         6.64823e-04  constant
    10 pNx2         9.66896e-01  constant
    11 ANy1         0.00000e+00  constant
    12 pNy1         0.00000e+00  constant
    13 w_y          0.00000e+00  constant
    14 ANy2         8.37111e-03  1.00000e-04     no limits
    15 pNy2         5.88808e+00  constant
    16 w_vw         1.43122e+01  constant
    17 LM           1.40011e-04  constant
    18 wCBO_expCoeff   2.00000e+02  1.00000e+00     no limits
    19 wCBO_expOffset   2.00000e+02  1.00000e+00     no limits
    20 wCBO_expT    3.00000e+01  1.00000e+00     no limits
    21 wCBO_linCoeff   0.00000e+00  constant
    22 wCBO_const   0.00000e+00  1.00000e-02     no limits
MINUIT - FIT ONLY WIGGLE
 **********
 **    3 **FIX            5
 **********
 PARAMETER    5  IS CONSTANT.   IGNORED.
 **********
 **    4 **FIX            6
 **********
 **********
 **    5 **FIX            7
 **********
 **********
 **    6 **FIX            8
 **********
 **********
 **    7 **FIX            9
 **********
 PARAMETER    9  IS CONSTANT.   IGNORED.
 **********
 **    8 **FIX           10
 **********
 PARAMETER   10  IS CONSTANT.   IGNORED.
 **********
 **    9 **FIX           11
 **********
 PARAMETER   11  IS CONSTANT.   IGNORED.
 **********
 **   10 **FIX           12
 **********
 PARAMETER   12  IS CONSTANT.   IGNORED.
 **********
 **   11 **FIX           13
 **********
 PARAMETER   13  IS CONSTANT.   IGNORED.
 **********
 **   12 **FIX           14
 **********
 **********
 **   13 **FIX           15
 **********
 PARAMETER   15  IS CONSTANT.   IGNORED.
 **********
 **   14 **FIX           16
 **********
 PARAMETER   16  IS CONSTANT.   IGNORED.
 **********
 **   15 **MIGRAD
 **********
 FIRST CALL TO USER FUNCTION AT NEW START POINT, WITH IFLAG=4.
 START MIGRAD MINIMIZATION.  STRATEGY  1.  CONVERGENCE WHEN EDM .LT. 1.00e-04
 FCN=685.709 FROM MIGRAD    STATUS=INITIATE       57 CALLS          58 TOTAL
                     EDM= unknown      STRATEGY= 1      NO ERROR MATRIX       
  EXT PARAMETER               CURRENT GUESS       STEP         FIRST   
  NO.   NAME      VALUE            ERROR          SIZE      DERIVATIVE 
   1  N0           2.84426e+06   1.00000e+02  -0.00000e+00   3.05098e-03
   2  tau          6.44047e+01   constant   
   3  A0           3.52885e-01   1.00000e-04  -0.00000e+00  -2.34980e+03
   4  phi          4.11503e+00   1.00000e-02  -0.00000e+00   4.21530e+02
   5  R           -6.13016e+01   constant   
   6  A_CBO        3.14548e-03     fixed    
   7  w_CBO        2.32664e+00     fixed    
   8  phi_CBO      5.86727e+00     fixed    
   9  ANx2         6.64823e-04   constant   
  10  pNx2         9.66896e-01   constant   
  11  ANy1         0.00000e+00   constant   
  12  pNy1         0.00000e+00   constant   
  13  w_y          0.00000e+00   constant   
  14  ANy2         8.37111e-03     fixed    
  15  pNy2         5.88808e+00   constant   
  16  w_vw         1.43122e+01   constant   
  17  LM           1.40011e-04   constant   
  18  wCBO_expCoeff   1.99821e+02   1.00000e+00  -1.78641e-01   3.00409e+02
  19  wCBO_expOffset   2.00000e+02   1.00000e+00  -0.00000e+00   2.00071e+03
  20  wCBO_expT    3.00000e+01   1.00000e+00  -0.00000e+00   7.58559e+03
  21  wCBO_linCoeff   0.00000e+00   constant   
  22  wCBO_const   0.00000e+00   1.00000e-02  -0.00000e+00   1.40169e+04
 MIGRAD FAILS TO FIND IMPROVEMENT
 FCN=667.269 FROM HESSE     STATUS=NOT POSDEF     50 CALLS         427 TOTAL
                     EDM=2.17738    STRATEGY= 1      ERR MATRIX NOT POS-DEF
  EXT PARAMETER                APPROXIMATE        STEP         FIRST   
  NO.   NAME      VALUE            ERROR          SIZE      DERIVATIVE 
   1  N0           2.84264e+06   9.22175e+02   1.16169e+01  -1.38977e-03
   2  tau          6.44047e+01   constant   
   3  A0           3.53215e-01   4.36648e-04   5.56635e-06   7.51479e+02
   4  phi          4.11465e+00   1.27418e-03   1.63143e-05   3.61732e+02
   5  R           -6.13016e+01   constant   
   6  A_CBO        3.14548e-03     fixed    
   7  w_CBO        2.32664e+00     fixed    
   8  phi_CBO      5.86727e+00     fixed    
   9  ANx2         6.64823e-04   constant   
  10  pNx2         9.66896e-01   constant   
  11  ANy1         0.00000e+00   constant   
  12  pNy1         0.00000e+00   constant   
  13  w_y          0.00000e+00   constant   
  14  ANy2         8.37111e-03     fixed    
  15  pNy2         5.88808e+00   constant   
  16  w_vw         1.43122e+01   constant   
  17  LM           1.40011e-04   constant   
  18  wCBO_expCoeff   2.00248e+02   1.66229e-01   2.13990e-04  -1.43810e+02
  19  wCBO_expOffset   2.00071e+02   3.17671e-02   9.54012e-05  -9.61312e+02
  20  wCBO_expT    2.99552e+01   4.37223e-03   1.42837e-05  -3.50966e+03
  21  wCBO_linCoeff   0.00000e+00   constant   
  22  wCBO_const   4.21903e-03   5.10826e-04   3.08937e-06  -8.71281e+03
 MIGRAD MINIMIZATION HAS CONVERGED.
 MIGRAD WILL VERIFY CONVERGENCE AND ERROR MATRIX.
 COVARIANCE MATRIX CALCULATED SUCCESSFULLY
 FCN=665.245 FROM MIGRAD    STATUS=CONVERGED     540 CALLS         541 TOTAL
                     EDM=1.71414e-06    STRATEGY= 1      ERROR MATRIX ACCURATE 
  EXT PARAMETER                                   STEP         FIRST   
  NO.   NAME      VALUE            ERROR          SIZE      DERIVATIVE 
   1  N0           2.84327e+06   9.35820e+02   1.16000e+01   1.44205e-06
   2  tau          6.44047e+01   constant   
   3  A0           3.53186e-01   4.43060e-04   5.55820e-06  -3.22251e-01
   4  phi          4.11432e+00   1.29312e-03   1.62821e-05  -3.18270e-01
   5  R           -6.13016e+01   constant   
   6  A_CBO        3.14548e-03     fixed    
   7  w_CBO        2.32664e+00     fixed    
   8  phi_CBO      5.86727e+00     fixed    
   9  ANx2         6.64823e-04   constant   
  10  pNx2         9.66896e-01   constant   
  11  ANy1         0.00000e+00   constant   
  12  pNy1         0.00000e+00   constant   
  13  w_y          0.00000e+00   constant   
  14  ANy2         8.37111e-03     fixed    
  15  pNy2         5.88808e+00   constant   
  16  w_vw         1.43122e+01   constant   
  17  LM           1.40011e-04   constant   
  18  wCBO_expCoeff   2.00248e+02   9.47650e-01   1.72019e-04   7.09835e-02
  19  wCBO_expOffset   2.00075e+02   1.43162e-01   9.54030e-05   4.75116e-01
  20  wCBO_expT    2.99544e+01   5.99565e-03   1.42834e-05   1.79392e+00
  21  wCBO_linCoeff   0.00000e+00   constant   
  22  wCBO_const   4.47511e-03   5.49456e-04   3.13129e-06   4.48851e+00
 EXTERNAL ERROR MATRIX.    NDIM=  25    NPAR=  7    ERR DEF=1
  8.758e+05  1.571e-04  6.037e-03 -5.086e-01 -4.684e-01  2.450e-01 -3.297e-02 
  1.571e-04  1.963e-07  2.010e-09  9.641e-06 -9.292e-07 -1.562e-07  1.530e-08 
  6.037e-03  2.010e-09  1.672e-06 -3.225e-05  4.312e-06  1.966e-07 -2.319e-08 
 -5.086e-01  9.641e-06 -3.225e-05  8.980e-01 -1.345e-01  3.817e-05  1.296e-05 
 -4.684e-01 -9.292e-07  4.312e-06 -1.345e-01  2.050e-02 -1.152e-04  5.159e-06 
  2.450e-01 -1.562e-07  1.966e-07  3.817e-05 -1.152e-04  3.595e-05 -2.556e-06 
 -3.297e-02  1.530e-08 -2.319e-08  1.296e-05  5.159e-06 -2.556e-06  3.019e-07 
 PARAMETER  CORRELATION COEFFICIENTS  
       NO.  GLOBAL      1      3      4     18     19     20     22
        1  0.08755   1.000  0.000  0.005 -0.001 -0.003  0.044 -0.064
        3  0.09612   0.000  1.000  0.004  0.023 -0.015 -0.059  0.063
        4  0.04382   0.005  0.004  1.000 -0.026  0.023  0.025 -0.033
       18  0.99990  -0.001  0.023 -0.026  1.000 -0.992  0.007  0.025
       19  0.99990  -0.003 -0.015  0.023 -0.992  1.000 -0.134  0.066
       20  0.99524   0.044 -0.059  0.025  0.007 -0.134  1.000 -0.776
       22  0.89204  -0.064  0.063 -0.033  0.025  0.066 -0.776  1.000
MINUIT - FIT ONLY 1-CBO + other amplitudes 
 **********
 **   16 **RES 
 **********
                   PARAMETER   14  ANy2 RESTORED TO VARIABLE.
                   PARAMETER    8  phi_CBO RESTORED TO VARIABLE.
                   PARAMETER    7  w_CBO RESTORED TO VARIABLE.
                   PARAMETER    6  A_CBO RESTORED TO VARIABLE.
 **********
 **   17 **FIX            0
 **********
 PARAMETER    0  IS UNDEFINED. IGNORED.
 **********
 **   18 **FIX            1
 **********
 **********
 **   19 **FIX            2
 **********
 PARAMETER    2  IS CONSTANT.   IGNORED.
 **********
 **   20 **FIX            3
 **********
 **********
 **   21 **FIX            4
 **********
 **********
 **   22 **FIX            9
 **********
 PARAMETER    9  IS CONSTANT.   IGNORED.
 **********
 **   23 **FIX           11
 **********
 PARAMETER   11  IS CONSTANT.   IGNORED.
 **********
 **   24 **FIX           12
 **********
 PARAMETER   12  IS CONSTANT.   IGNORED.
 **********
 **   25 **FIX           14
 **********
 **********
 **   26 **FIX           15
 **********
 PARAMETER   15  IS CONSTANT.   IGNORED.
 **********
 **   27 **FIX           16
 **********
 PARAMETER   16  IS CONSTANT.   IGNORED.
 **********
 **   28 **MIGRAD
 **********
 START MIGRAD MINIMIZATION.  STRATEGY  1.  CONVERGENCE WHEN EDM .LT. 1.00e-04
 FCN=665.245 FROM MIGRAD    STATUS=INITIATE       20 CALLS         561 TOTAL
                     EDM= unknown      STRATEGY= 1      NO ERROR MATRIX       
  EXT PARAMETER               CURRENT GUESS       STEP         FIRST   
  NO.   NAME      VALUE            ERROR          SIZE      DERIVATIVE 
   1  N0           2.84327e+06     fixed    
   2  tau          6.44047e+01   constant   
   3  A0           3.53186e-01     fixed    
   4  phi          4.11432e+00     fixed    
   5  R           -6.13016e+01   constant   
   6  A_CBO        3.14548e-03   1.00000e-05   1.00000e-05   1.70771e+04
   7  w_CBO        2.32664e+00   1.00000e-03   1.00000e-03   8.05751e+00
   8  phi_CBO      5.86727e+00   1.00000e-04   1.00000e-04  -5.02240e+00
   9  ANx2         6.64823e-04   constant   
  10  pNx2         9.66896e-01   constant   
  11  ANy1         0.00000e+00   constant   
  12  pNy1         0.00000e+00   constant   
  13  w_y          0.00000e+00   constant   
  14  ANy2         8.37111e-03     fixed    
  15  pNy2         5.88808e+00   constant   
  16  w_vw         1.43122e+01   constant   
  17  LM           1.40011e-04   constant   
  18  wCBO_expCoeff   2.00248e+02   9.47650e-01   1.72019e-04   7.10069e-02
  19  wCBO_expOffset   2.00075e+02   1.43162e-01   9.54030e-05   4.76911e-01
  20  wCBO_expT    2.99544e+01   5.99565e-03   1.42834e-05   1.80806e+00
  21  wCBO_linCoeff   0.00000e+00   constant   
  22  wCBO_const   4.47511e-03   5.49456e-04   3.13129e-06   4.51432e+00
 MIGRAD MINIMIZATION HAS CONVERGED.
 MIGRAD WILL VERIFY CONVERGENCE AND ERROR MATRIX.
 COVARIANCE MATRIX CALCULATED SUCCESSFULLY
 FCN=647.861 FROM MIGRAD    STATUS=CONVERGED     281 CALLS         822 TOTAL
                     EDM=2.16547e-07    STRATEGY= 1      ERROR MATRIX ACCURATE 
  EXT PARAMETER                                   STEP         FIRST   
  NO.   NAME      VALUE            ERROR          SIZE      DERIVATIVE 
   1  N0           2.84327e+06     fixed    
   2  tau          6.44047e+01   constant   
   3  A0           3.53186e-01     fixed    
   4  phi          4.11432e+00     fixed    
   5  R           -6.13016e+01   constant   
   6  A_CBO        1.35985e-03   4.67660e-04   5.78111e-06   9.13358e-01
   7  w_CBO        2.32615e+00   3.48585e-03   2.01630e-06   1.72851e+00
   8  phi_CBO      6.72738e+00   7.49131e-01   4.23165e-03  -1.42396e-05
   9  ANx2         6.64823e-04   constant   
  10  pNx2         9.66896e-01   constant   
  11  ANy1         0.00000e+00   constant   
  12  pNy1         0.00000e+00   constant   
  13  w_y          0.00000e+00   constant   
  14  ANy2         8.37111e-03     fixed    
  15  pNy2         5.88808e+00   constant   
  16  w_vw         1.43122e+01   constant   
  17  LM           1.40011e-04   constant   
  18  wCBO_expCoeff   2.00186e+02   2.88258e-01   2.09156e-04   1.99251e-02
  19  wCBO_expOffset   2.00065e+02   2.88879e-02   9.53986e-05   1.32972e-01
  20  wCBO_expT    2.99632e+01   1.13882e-02   1.42876e-05   3.89957e-01
  21  wCBO_linCoeff   0.00000e+00   constant   
  22  wCBO_const   4.54117e-03   1.48977e-03   3.67795e-06   3.18899e-02
 EXTERNAL ERROR MATRIX.    NDIM=  25    NPAR=  7    ERR DEF=1
  2.187e-07 -2.249e-08  3.033e-05 -1.498e-06 -6.509e-07  4.200e-07 -1.796e-09 
 -2.249e-08  1.215e-05 -6.282e-04 -6.060e-04 -2.619e-05 -1.323e-05 -4.734e-06 
  3.033e-05 -6.282e-04  5.612e-01 -4.406e-02 -3.166e-03  6.265e-03  1.120e-04 
 -1.498e-06 -6.060e-04 -4.406e-02  8.309e-02 -1.809e-03 -9.414e-04  2.988e-04 
 -6.509e-07 -2.619e-05 -3.166e-03 -1.809e-03  8.345e-04 -7.425e-05  1.412e-05 
  4.200e-07 -1.323e-05  6.265e-03 -9.414e-04 -7.425e-05  1.297e-04  4.788e-07 
 -1.796e-09 -4.734e-06  1.120e-04  2.988e-04  1.412e-05  4.788e-07  2.219e-06 
 PARAMETER  CORRELATION COEFFICIENTS  
       NO.  GLOBAL      6      7      8     18     19     20     22
        6  0.11052   1.000 -0.014  0.087 -0.011 -0.048  0.079 -0.003
        7  0.99892  -0.014  1.000 -0.241 -0.603 -0.260 -0.333 -0.912
        8  0.89094   0.087 -0.241  1.000 -0.204 -0.146  0.734  0.100
       18  0.99830  -0.011 -0.603 -0.204  1.000 -0.217 -0.287  0.696
       19  0.99621  -0.048 -0.260 -0.146 -0.217  1.000 -0.226  0.328
       20  0.99798   0.079 -0.333  0.734 -0.287 -0.226  1.000  0.028
       22  0.98010  -0.003 -0.912  0.100  0.696  0.328  0.028  1.000
MINUIT - FIT ONLY 1-CBO
 **********
 **   29 **RES 
 **********
                   PARAMETER   14  ANy2 RESTORED TO VARIABLE.
                   PARAMETER    4  phi RESTORED TO VARIABLE.
                   PARAMETER    3  A0 RESTORED TO VARIABLE.
                   PARAMETER    1  N0 RESTORED TO VARIABLE.
 **********
 **   30 **FIX            0
 **********
 PARAMETER    0  IS UNDEFINED. IGNORED.
 **********
 **   31 **FIX            1
 **********
 **********
 **   32 **FIX            2
 **********
 PARAMETER    2  IS CONSTANT.   IGNORED.
 **********
 **   33 **FIX            3
 **********
 **********
 **   34 **FIX            4
 **********
 **********
 **   35 **FIX            8
 **********
 **********
 **   36 **FIX            9
 **********
 PARAMETER    9  IS CONSTANT.   IGNORED.
 **********
 **   37 **FIX           11
 **********
 PARAMETER   11  IS CONSTANT.   IGNORED.
 **********
 **   38 **FIX           12
 **********
 PARAMETER   12  IS CONSTANT.   IGNORED.
 **********
 **   39 **FIX           13
 **********
 PARAMETER   13  IS CONSTANT.   IGNORED.
 **********
 **   40 **FIX           15
 **********
 PARAMETER   15  IS CONSTANT.   IGNORED.
 **********
 **   41 **FIX           16
 **********
 PARAMETER   16  IS CONSTANT.   IGNORED.
 **********
 **   42 **MIGRAD
 **********
 START MIGRAD MINIMIZATION.  STRATEGY  1.  CONVERGENCE WHEN EDM .LT. 1.00e-04
 FCN=647.861 FROM MIGRAD    STATUS=INITIATE       16 CALLS         838 TOTAL
                     EDM= unknown      STRATEGY= 1      NO ERROR MATRIX       
  EXT PARAMETER               CURRENT GUESS       STEP         FIRST   
  NO.   NAME      VALUE            ERROR          SIZE      DERIVATIVE 
   1  N0           2.84327e+06     fixed    
   2  tau          6.44047e+01   constant   
   3  A0           3.53186e-01     fixed    
   4  phi          4.11432e+00     fixed    
   5  R           -6.13016e+01   constant   
   6  A_CBO        1.35985e-03   4.67660e-04   5.78111e-06   9.13358e-01
   7  w_CBO        2.32615e+00   3.48585e-03   2.01630e-06   1.69868e+00
   8  phi_CBO      6.72738e+00     fixed    
   9  ANx2         6.64823e-04   constant   
  10  pNx2         9.66896e-01   constant   
  11  ANy1         0.00000e+00   constant   
  12  pNy1         0.00000e+00   constant   
  13  w_y          0.00000e+00   constant   
  14  ANy2         8.37111e-03   1.00000e-04   1.00000e-04   7.73414e+04
  15  pNy2         5.88808e+00   constant   
  16  w_vw         1.43122e+01   constant   
  17  LM           1.40011e-04   constant   
  18  wCBO_expCoeff   2.00186e+02   2.88258e-01   2.09156e-04   1.94062e-02
  19  wCBO_expOffset   2.00065e+02   2.88879e-02   9.53986e-05   9.92875e-02
  20  wCBO_expT    2.99632e+01   1.13882e-02   1.42876e-05   3.87701e-01
  21  wCBO_linCoeff   0.00000e+00   constant   
  22  wCBO_const   4.54117e-03   1.48977e-03   3.67795e-06   3.31510e-02
 MIGRAD MINIMIZATION HAS CONVERGED.
 MIGRAD WILL VERIFY CONVERGENCE AND ERROR MATRIX.
 COVARIANCE MATRIX CALCULATED SUCCESSFULLY
 FCN=321.162 FROM MIGRAD    STATUS=CONVERGED     221 CALLS        1043 TOTAL
                     EDM=1.87378e-07    STRATEGY= 1      ERROR MATRIX ACCURATE 
  EXT PARAMETER                                   STEP         FIRST   
  NO.   NAME      VALUE            ERROR          SIZE      DERIVATIVE 
   1  N0           2.84327e+06     fixed    
   2  tau          6.44047e+01   constant   
   3  A0           3.53186e-01     fixed    
   4  phi          4.11432e+00     fixed    
   5  R           -6.13016e+01   constant   
   6  A_CBO        3.91172e-04   4.85905e-04   4.07984e-06   5.47459e-01
   7  w_CBO        2.32597e+00   7.39130e-03   1.67949e-06  -1.60897e-01
   8  phi_CBO      6.72738e+00     fixed    
   9  ANx2         6.64823e-04   constant   
  10  pNx2         9.66896e-01   constant   
  11  ANy1         0.00000e+00   constant   
  12  pNy1         0.00000e+00   constant   
  13  w_y          0.00000e+00   constant   
  14  ANy2        -7.56709e-05   4.67255e-04   4.06597e-06  -9.56577e-01
  15  pNy2         5.88808e+00   constant   
  16  w_vw         1.43122e+01   constant   
  17  LM           1.40011e-04   constant   
  18  wCBO_expCoeff   2.00164e+02   6.16414e-01   1.68926e-04  -3.86286e-03
  19  wCBO_expOffset   2.00062e+02   5.47892e-02   9.53970e-05  -2.58386e-02
  20  wCBO_expT    2.99666e+01   1.08584e-02   1.42892e-05  -7.87289e-02
  21  wCBO_linCoeff   0.00000e+00   constant   
  22  wCBO_const   4.49157e-03   3.19400e-03   3.42096e-06   3.97036e-01
 EXTERNAL ERROR MATRIX.    NDIM=  25    NPAR=  7    ERR DEF=1
  2.361e-07  1.627e-07  2.606e-08  1.115e-05  2.319e-07 -1.247e-06 -1.302e-08 
  1.627e-07  5.463e-05  2.206e-08 -3.602e-03 -1.250e-04 -1.288e-05 -2.297e-05 
  2.606e-08  2.206e-08  2.183e-07  1.356e-06  1.576e-07 -2.140e-07 -7.900e-10 
  1.115e-05 -3.602e-03  1.356e-06  3.800e-01 -7.884e-03 -8.427e-04  1.597e-03 
  2.319e-07 -1.250e-04  1.576e-07 -7.884e-03  3.002e-03 -6.753e-05  5.692e-05 
 -1.247e-06 -1.288e-05 -2.140e-07 -8.427e-04 -6.753e-05  1.179e-04 -4.446e-07 
 -1.302e-08 -2.297e-05 -7.900e-10  1.597e-03  5.692e-05 -4.446e-07  1.020e-05 
 PARAMETER  CORRELATION COEFFICIENTS  
       NO.  GLOBAL      6      7     14     18     19     20     22
        6  0.28646   1.000  0.045  0.115  0.037  0.009 -0.236 -0.008
        7  0.99966   0.045  1.000  0.006 -0.791 -0.309 -0.160 -0.973
       14  0.11901   0.115  0.006  1.000  0.005  0.006 -0.042 -0.001
       18  0.99951   0.037 -0.791  0.005  1.000 -0.233 -0.126  0.811
       19  0.99861   0.009 -0.309  0.006 -0.233  1.000 -0.114  0.325
       20  0.99675  -0.236 -0.160 -0.042 -0.126 -0.114  1.000 -0.013
       22  0.99251  -0.008 -0.973 -0.001  0.811  0.325 -0.013  1.000
MINUIT - FIT ONLY 2-CBO
 **********
 **   43 **RES 
 **********
                   PARAMETER    8  phi_CBO RESTORED TO VARIABLE.
                   PARAMETER    4  phi RESTORED TO VARIABLE.
                   PARAMETER    3  A0 RESTORED TO VARIABLE.
                   PARAMETER    1  N0 RESTORED TO VARIABLE.
 **********
 **   44 **FIX            0
 **********
 PARAMETER    0  IS UNDEFINED. IGNORED.
 **********
 **   45 **FIX            1
 **********
 **********
 **   46 **FIX            2
 **********
 PARAMETER    2  IS CONSTANT.   IGNORED.
 **********
 **   47 **FIX            3
 **********
 **********
 **   48 **FIX            4
 **********
 **********
 **   49 **FIX            5
 **********
 PARAMETER    5  IS CONSTANT.   IGNORED.
 **********
 **   50 **FIX            6
 **********
 **********
 **   51 **FIX            7
 **********
 **********
 **   52 **FIX           10
 **********
 PARAMETER   10  IS CONSTANT.   IGNORED.
 **********
 **   53 **FIX           11
 **********
 PARAMETER   11  IS CONSTANT.   IGNORED.
 **********
 **   54 **FIX           12
 **********
 PARAMETER   12  IS CONSTANT.   IGNORED.
 **********
 **   55 **FIX           13
 **********
 PARAMETER   13  IS CONSTANT.   IGNORED.
 **********
 **   56 **FIX           14
 **********
 **********
 **   57 **FIX           15
 **********
 PARAMETER   15  IS CONSTANT.   IGNORED.
 **********
 **   58 **FIX           16
 **********
 PARAMETER   16  IS CONSTANT.   IGNORED.
 **********
 **   59 **MIGRAD
 **********
 START MIGRAD MINIMIZATION.  STRATEGY  1.  CONVERGENCE WHEN EDM .LT. 1.00e-04
 FCN=321.162 FROM MIGRAD    STATUS=INITIATE       12 CALLS        1055 TOTAL
                     EDM= unknown      STRATEGY= 1      NO ERROR MATRIX       
  EXT PARAMETER               CURRENT GUESS       STEP         FIRST   
  NO.   NAME      VALUE            ERROR          SIZE      DERIVATIVE 
   1  N0           2.84327e+06     fixed    
   2  tau          6.44047e+01   constant   
   3  A0           3.53186e-01     fixed    
   4  phi          4.11432e+00     fixed    
   5  R           -6.13016e+01   constant   
   6  A_CBO        3.91172e-04     fixed    
   7  w_CBO        2.32597e+00     fixed    
   8  phi_CBO      6.72738e+00   7.49131e-01   7.49131e-01   1.92059e-01
   9  ANx2         6.64823e-04   constant   
  10  pNx2         9.66896e-01   constant   
  11  ANy1         0.00000e+00   constant   
  12  pNy1         0.00000e+00   constant   
  13  w_y          0.00000e+00   constant   
  14  ANy2        -7.56709e-05     fixed    
  15  pNy2         5.88808e+00   constant   
  16  w_vw         1.43122e+01   constant   
  17  LM           1.40011e-04   constant   
  18  wCBO_expCoeff   2.00164e+02   6.16414e-01   1.68926e-04  -3.94326e-03
  19  wCBO_expOffset   2.00062e+02   5.47892e-02   9.53970e-05  -3.40193e-02
  20  wCBO_expT    2.99666e+01   1.08584e-02   1.42892e-05  -7.75915e-02
  21  wCBO_linCoeff   0.00000e+00   constant   
  22  wCBO_const   4.49157e-03   3.19400e-03   3.42096e-06   3.98531e-01
 MIGRAD MINIMIZATION HAS CONVERGED.
 MIGRAD WILL VERIFY CONVERGENCE AND ERROR MATRIX.
 COVARIANCE MATRIX CALCULATED SUCCESSFULLY
 FCN=321.143 FROM MIGRAD    STATUS=CONVERGED     106 CALLS        1149 TOTAL
                     EDM=3.52475e-07    STRATEGY= 1      ERROR MATRIX ACCURATE 
  EXT PARAMETER                                   STEP         FIRST   
  NO.   NAME      VALUE            ERROR          SIZE      DERIVATIVE 
   1  N0           2.84327e+06     fixed    
   2  tau          6.44047e+01   constant   
   3  A0           3.53186e-01     fixed    
   4  phi          4.11432e+00     fixed    
   5  R           -6.13016e+01   constant   
   6  A_CBO        3.91172e-04     fixed    
   7  w_CBO        2.32597e+00     fixed    
   8  phi_CBO      6.53330e+00   1.36817e+00   1.02246e-02   1.60559e-04
   9  ANx2         6.64823e-04   constant   
  10  pNx2         9.66896e-01   constant   
  11  ANy1         0.00000e+00   constant   
  12  pNy1         0.00000e+00   constant   
  13  w_y          0.00000e+00   constant   
  14  ANy2        -7.56709e-05     fixed    
  15  pNy2         5.88808e+00   constant   
  16  w_vw         1.43122e+01   constant   
  17  LM           1.40011e-04   constant   
  18  wCBO_expCoeff   2.00173e+02   3.37723e-01   1.69558e-04  -4.13629e-02
  19  wCBO_expOffset   2.00063e+02   4.47409e-02   9.53976e-05  -2.79209e-01
  20  wCBO_expT    2.99657e+01   1.12446e-02   1.42888e-05  -8.85565e-01
  21  wCBO_linCoeff   0.00000e+00   constant   
  22  wCBO_const   4.51773e-03   7.25532e-04   3.41904e-06  -1.09948e+00
 EXTERNAL ERROR MATRIX.    NDIM=  25    NPAR=  5    ERR DEF=1
  1.872e+00 -1.074e-01 -5.008e-03  7.024e-03 -1.948e-04 
 -1.074e-01  1.141e-01 -1.129e-02 -1.891e-03  8.327e-05 
 -5.008e-03 -1.129e-02  2.002e-03 -1.004e-04  4.180e-06 
  7.024e-03 -1.891e-03 -1.004e-04  1.264e-04 -5.850e-06 
 -1.948e-04  8.327e-05  4.180e-06 -5.850e-06  5.264e-07 
 PARAMETER  CORRELATION COEFFICIENTS  
       NO.  GLOBAL      8     18     19     20     22
        8  0.52943   1.000 -0.232 -0.082  0.457 -0.196
       18  0.99834  -0.232  1.000 -0.747 -0.498  0.340
       19  0.99788  -0.082 -0.747  1.000 -0.200  0.129
       20  0.99692   0.457 -0.498 -0.200  1.000 -0.717
       22  0.84299  -0.196  0.340  0.129 -0.717  1.000
MINUIT - FIT ONLY 1-y
 **********
 **   60 **RES 
 **********
                   PARAMETER   14  ANy2 RESTORED TO VARIABLE.
                   PARAMETER    7  w_CBO RESTORED TO VARIABLE.
                   PARAMETER    6  A_CBO RESTORED TO VARIABLE.
                   PARAMETER    4  phi RESTORED TO VARIABLE.
                   PARAMETER    3  A0 RESTORED TO VARIABLE.
                   PARAMETER    1  N0 RESTORED TO VARIABLE.
 **********
 **   61 **FIX            0
 **********
 PARAMETER    0  IS UNDEFINED. IGNORED.
 **********
 **   62 **FIX            1
 **********
 **********
 **   63 **FIX            2
 **********
 PARAMETER    2  IS CONSTANT.   IGNORED.
 **********
 **   64 **FIX            3
 **********
 **********
 **   65 **FIX            4
 **********
 **********
 **   66 **FIX            5
 **********
 PARAMETER    5  IS CONSTANT.   IGNORED.
 **********
 **   67 **FIX            6
 **********
 **********
 **   68 **FIX            7
 **********
 **********
 **   69 **FIX            8
 **********
 **********
 **   70 **FIX            9
 **********
 PARAMETER    9  IS CONSTANT.   IGNORED.
 **********
 **   71 **FIX           13
 **********
 PARAMETER   13  IS CONSTANT.   IGNORED.
 **********
 **   72 **FIX           14
 **********
 **********
 **   73 **FIX           15
 **********
 PARAMETER   15  IS CONSTANT.   IGNORED.
 **********
 **   74 **FIX           16
 **********
 PARAMETER   16  IS CONSTANT.   IGNORED.
 **********
 **   75 **MIGRAD
 **********
 START MIGRAD MINIMIZATION.  STRATEGY  1.  CONVERGENCE WHEN EDM .LT. 1.00e-04
 FCN=321.143 FROM MIGRAD    STATUS=INITIATE        8 CALLS        1157 TOTAL
                     EDM= unknown      STRATEGY= 1      NO ERROR MATRIX       
  EXT PARAMETER               CURRENT GUESS       STEP         FIRST   
  NO.   NAME      VALUE            ERROR          SIZE      DERIVATIVE 
   1  N0           2.84327e+06     fixed    
   2  tau          6.44047e+01   constant   
   3  A0           3.53186e-01     fixed    
   4  phi          4.11432e+00     fixed    
   5  R           -6.13016e+01   constant   
   6  A_CBO        3.91172e-04     fixed    
   7  w_CBO        2.32597e+00     fixed    
   8  phi_CBO      6.53330e+00     fixed    
   9  ANx2         6.64823e-04   constant   
  10  pNx2         9.66896e-01   constant   
  11  ANy1         0.00000e+00   constant   
  12  pNy1         0.00000e+00   constant   
  13  w_y          0.00000e+00   constant   
  14  ANy2        -7.56709e-05     fixed    
  15  pNy2         5.88808e+00   constant   
  16  w_vw         1.43122e+01   constant   
  17  LM           1.40011e-04   constant   
  18  wCBO_expCoeff   2.00173e+02   3.37723e-01   1.69558e-04  -4.14803e-02
  19  wCBO_expOffset   2.00063e+02   4.47409e-02   9.53976e-05  -2.88120e-01
  20  wCBO_expT    2.99657e+01   1.12446e-02   1.42888e-05  -8.86208e-01
  21  wCBO_linCoeff   0.00000e+00   constant   
  22  wCBO_const   4.51773e-03   7.25532e-04   3.41904e-06  -1.09747e+00
 MIGRAD MINIMIZATION HAS CONVERGED.
 MIGRAD WILL VERIFY CONVERGENCE AND ERROR MATRIX.
 COVARIANCE MATRIX CALCULATED SUCCESSFULLY
 FCN=321.143 FROM MIGRAD    STATUS=CONVERGED      47 CALLS        1196 TOTAL
                     EDM=2.86202e-08    STRATEGY= 1      ERROR MATRIX ACCURATE 
  EXT PARAMETER                                   STEP         FIRST   
  NO.   NAME      VALUE            ERROR          SIZE      DERIVATIVE 
   1  N0           2.84327e+06     fixed    
   2  tau          6.44047e+01   constant   
   3  A0           3.53186e-01     fixed    
   4  phi          4.11432e+00     fixed    
   5  R           -6.13016e+01   constant   
   6  A_CBO        3.91172e-04     fixed    
   7  w_CBO        2.32597e+00     fixed    
   8  phi_CBO      6.53330e+00     fixed    
   9  ANx2         6.64823e-04   constant   
  10  pNx2         9.66896e-01   constant   
  11  ANy1         0.00000e+00   constant   
  12  pNy1         0.00000e+00   constant   
  13  w_y          0.00000e+00   constant   
  14  ANy2        -7.56709e-05     fixed    
  15  pNy2         5.88808e+00   constant   
  16  w_vw         1.43122e+01   constant   
  17  LM           1.40011e-04   constant   
  18  wCBO_expCoeff   2.00173e+02   3.27837e-01   1.70334e-04  -1.47979e-03
  19  wCBO_expOffset   2.00063e+02   4.44994e-02   9.53976e-05  -1.00023e-02
  20  wCBO_expT    2.99657e+01   9.99942e-03   1.42888e-05   1.04750e-03
  21  wCBO_linCoeff   0.00000e+00   constant   
  22  wCBO_const   4.51775e-03   7.11245e-04   3.42036e-06   3.57613e-01
 EXTERNAL ERROR MATRIX.    NDIM=  25    NPAR=  4    ERR DEF=1
  1.075e-01 -1.152e-02 -1.486e-03  7.197e-05 
 -1.152e-02  1.980e-03 -8.167e-05  3.662e-06 
 -1.486e-03 -8.167e-05  9.999e-05 -5.114e-06 
  7.197e-05  3.662e-06 -5.114e-06  5.059e-07 
 PARAMETER  CORRELATION COEFFICIENTS  
       NO.  GLOBAL     18     19     20     22
       18  0.99824   1.000 -0.790 -0.453  0.309
       19  0.99786  -0.790  1.000 -0.184  0.116
       20  0.99611  -0.453 -0.184  1.000 -0.719
       22  0.83600   0.309  0.116 -0.719  1.000
MINUIT - FIT ONLY 2-y
 **********
 **   76 **RES 
 **********
                   PARAMETER   14  ANy2 RESTORED TO VARIABLE.
                   PARAMETER    8  phi_CBO RESTORED TO VARIABLE.
                   PARAMETER    7  w_CBO RESTORED TO VARIABLE.
                   PARAMETER    6  A_CBO RESTORED TO VARIABLE.
                   PARAMETER    4  phi RESTORED TO VARIABLE.
                   PARAMETER    3  A0 RESTORED TO VARIABLE.
                   PARAMETER    1  N0 RESTORED TO VARIABLE.
 **********
 **   77 **FIX            0
 **********
 PARAMETER    0  IS UNDEFINED. IGNORED.
 **********
 **   78 **FIX            1
 **********
 **********
 **   79 **FIX            2
 **********
 PARAMETER    2  IS CONSTANT.   IGNORED.
 **********
 **   80 **FIX            3
 **********
 **********
 **   81 **FIX            4
 **********
 **********
 **   82 **FIX            5
 **********
 PARAMETER    5  IS CONSTANT.   IGNORED.
 **********
 **   83 **FIX            6
 **********
 **********
 **   84 **FIX            7
 **********
 **********
 **   85 **FIX            8
 **********
 **********
 **   86 **FIX            9
 **********
 PARAMETER    9  IS CONSTANT.   IGNORED.
 **********
 **   87 **FIX           10
 **********
 PARAMETER   10  IS CONSTANT.   IGNORED.
 **********
 **   88 **FIX           11
 **********
 PARAMETER   11  IS CONSTANT.   IGNORED.
 **********
 **   89 **FIX           12
 **********
 PARAMETER   12  IS CONSTANT.   IGNORED.
 **********
 **   90 **FIX           16
 **********
 PARAMETER   16  IS CONSTANT.   IGNORED.
 **********
 **   91 **MIGRAD
 **********
 START MIGRAD MINIMIZATION.  STRATEGY  1.  CONVERGENCE WHEN EDM .LT. 1.00e-04
 FCN=321.143 FROM MIGRAD    STATUS=INITIATE       10 CALLS        1206 TOTAL
                     EDM= unknown      STRATEGY= 1      NO ERROR MATRIX       
  EXT PARAMETER               CURRENT GUESS       STEP         FIRST   
  NO.   NAME      VALUE            ERROR          SIZE      DERIVATIVE 
   1  N0           2.84327e+06     fixed    
   2  tau          6.44047e+01   constant   
   3  A0           3.53186e-01     fixed    
   4  phi          4.11432e+00     fixed    
   5  R           -6.13016e+01   constant   
   6  A_CBO        3.91172e-04     fixed    
   7  w_CBO        2.32597e+00     fixed    
   8  phi_CBO      6.53330e+00     fixed    
   9  ANx2         6.64823e-04   constant   
  10  pNx2         9.66896e-01   constant   
  11  ANy1         0.00000e+00   constant   
  12  pNy1         0.00000e+00   constant   
  13  w_y          0.00000e+00   constant   
  14  ANy2        -7.56709e-05   4.67255e-04   4.67255e-04   2.64435e+01
  15  pNy2         5.88808e+00   constant   
  16  w_vw         1.43122e+01   constant   
  17  LM           1.40011e-04   constant   
  18  wCBO_expCoeff   2.00173e+02   3.27837e-01   1.70334e-04  -1.51967e-03
  19  wCBO_expOffset   2.00063e+02   4.44994e-02   9.53976e-05  -2.18070e-02
  20  wCBO_expT    2.99657e+01   9.99942e-03   1.42888e-05   1.70173e-04
  21  wCBO_linCoeff   0.00000e+00   constant   
  22  wCBO_const   4.51775e-03   7.11245e-04   3.42036e-06   3.59625e-01
 MIGRAD MINIMIZATION HAS CONVERGED.
 MIGRAD WILL VERIFY CONVERGENCE AND ERROR MATRIX.
 COVARIANCE MATRIX CALCULATED SUCCESSFULLY
 FCN=321.143 FROM MIGRAD    STATUS=CONVERGED      54 CALLS        1250 TOTAL
                     EDM=9.39262e-08    STRATEGY= 1      ERROR MATRIX ACCURATE 
  EXT PARAMETER                                   STEP         FIRST   
  NO.   NAME      VALUE            ERROR          SIZE      DERIVATIVE 
   1  N0           2.84327e+06     fixed    
   2  tau          6.44047e+01   constant   
   3  A0           3.53186e-01     fixed    
   4  phi          4.11432e+00     fixed    
   5  R           -6.13016e+01   constant   
   6  A_CBO        3.91172e-04     fixed    
   7  w_CBO        2.32597e+00     fixed    
   8  phi_CBO      6.53330e+00     fixed    
   9  ANx2         6.64823e-04   constant   
  10  pNx2         9.66896e-01   constant   
  11  ANy1         0.00000e+00   constant   
  12  pNy1         0.00000e+00   constant   
  13  w_y          0.00000e+00   constant   
  14  ANy2        -7.85167e-05   4.64302e-04   4.06585e-06  -1.86649e-03
  15  pNy2         5.88808e+00   constant   
  16  w_vw         1.43122e+01   constant   
  17  LM           1.40011e-04   constant   
  18  wCBO_expCoeff   2.00173e+02   3.27963e-01   1.70337e-04  -2.08939e-02
  19  wCBO_expOffset   2.00063e+02   4.45208e-02   9.53976e-05  -1.39624e-01
  20  wCBO_expT    2.99657e+01   1.00020e-02   1.42888e-05  -4.75042e-01
  21  wCBO_linCoeff   0.00000e+00   constant   
  22  wCBO_const   4.51772e-03   7.11328e-04   3.42034e-06  -7.00688e-01
 EXTERNAL ERROR MATRIX.    NDIM=  25    NPAR=  5    ERR DEF=1
  2.156e-07  9.428e-07  1.440e-07 -1.042e-07  3.057e-09 
  9.428e-07  1.076e-01 -1.154e-02 -1.486e-03  7.199e-05 
  1.440e-07 -1.154e-02  1.982e-03 -8.175e-05  3.665e-06 
 -1.042e-07 -1.486e-03 -8.175e-05  1.000e-04 -5.116e-06 
  3.057e-09  7.199e-05  3.665e-06 -5.116e-06  5.060e-07 
 PARAMETER  CORRELATION COEFFICIENTS  
       NO.  GLOBAL     14     18     19     20     22
       14  0.03976   1.000  0.006  0.007 -0.022  0.009
       18  0.99824   0.006  1.000 -0.790 -0.453  0.309
       19  0.99786   0.007 -0.790  1.000 -0.184  0.116
       20  0.99611  -0.022 -0.453 -0.184  1.000 -0.719
       22  0.83604   0.009  0.309  0.116 -0.719  1.000
MINUIT - FIT ALTOGETHER
 **********
 **   92 **RES 
 **********
                   PARAMETER    8  phi_CBO RESTORED TO VARIABLE.
                   PARAMETER    7  w_CBO RESTORED TO VARIABLE.
                   PARAMETER    6  A_CBO RESTORED TO VARIABLE.
                   PARAMETER    4  phi RESTORED TO VARIABLE.
                   PARAMETER    3  A0 RESTORED TO VARIABLE.
                   PARAMETER    1  N0 RESTORED TO VARIABLE.
 **********
 **   93 **MIGRAD
 **********
 START MIGRAD MINIMIZATION.  STRATEGY  1.  CONVERGENCE WHEN EDM .LT. 1.00e-04
 FCN=321.143 FROM MIGRAD    STATUS=INITIATE       22 CALLS        1272 TOTAL
                     EDM= unknown      STRATEGY= 1      NO ERROR MATRIX       
  EXT PARAMETER               CURRENT GUESS       STEP         FIRST   
  NO.   NAME      VALUE            ERROR          SIZE      DERIVATIVE 
   1  N0           2.84327e+06   9.35820e+02   9.35820e+02  -3.75981e-04
   2  tau          6.44047e+01   constant   
   3  A0           3.53186e-01   4.43060e-04   4.43060e-04   5.29167e+02
