 + ++++++++++++++++++++++++++++++++++++++++++++++++++++++++++++++++++++ +
 +                                                                      +
 +           You have chose to blind your fitting according to          +
 +                omega_ref * (1 + (R +/- deltaR) *10^{-6})             +
 +                                                                      +
 + ++++++++++++++++++++++++++++++++++++++++++++++++++++++++++++++++++++ +
In main()...
reading format from /gm2data/zkhechad/run45/envelope/formats/formatB_sBin_constraintOn.txt
pBinTau 	= 0  
pBinPhi 	= 0  
constraintau 	= 1 
includeMopTerm 	= 0    
constrainMop    = 0   
Parameters after format file: pBinTau 0 pBinPhi 0 constraintau 1 includeMopTerm 0 constrainMop 0 c_e_scale 0.000000 
reading cbo reference file (full fit) from /gm2data/zkhechad/cboTemplates/Run4CBOTemplates/fullFits/run4/sBin_constraintOn_cE0.0_seed0_run4_calo11.root
A_CBO 0.010027 w_CBO 2.327222 phi_CBO 0.184420 N0 3062002.636939 R -61.179583 tau 64.395304 
Reading cboRef file /gm2data/zkhechad/cboTemplates/Run4CBOTemplates//cboIsolate/run4_calo11.root
deltaT 164.120000
windowBins = 1100
fitting sliding window 2500 from bin 2703 at 403.287600 to bin 3803 at 567.407600 (1100 bins)

Reading data from /gm2data/cornell/histograms/aMethod/histogram_a_run4.root
fitting cbo isolate
 **********
 **    1 **SET PRINTOUT            1
 **********
 **********
 **    2 **SET NOWARNINGS 
 **********
 PARAMETER DEFINITIONS:
    NO.   NAME         VALUE      STEP SIZE      LIMITS
     1 A_CBO        1.00270e-02  1.00000e-05     no limits
     2 w_CBO        2.32722e+00  1.00000e-02    2.00000e+00  3.00000e+00
     3 phi_CBO      1.84420e-01  1.00000e-02    0.00000e+00  6.28319e+00
 **********
 **    3 **MIGRAD
 **********
 FIRST CALL TO USER FUNCTION AT NEW START POINT, WITH IFLAG=4.
 START MIGRAD MINIMIZATION.  STRATEGY  1.  CONVERGENCE WHEN EDM .LT. 1.00e-04
 FCN=0.391046 FROM MIGRAD    STATUS=INITIATE       12 CALLS          13 TOTAL
                     EDM= unknown      STRATEGY= 1      NO ERROR MATRIX       
  EXT PARAMETER               CURRENT GUESS       STEP         FIRST   
  NO.   NAME      VALUE            ERROR          SIZE      DERIVATIVE 
   1  A_CBO        1.00270e-02   1.00000e-05   1.00000e-05   9.64221e+00
   2  w_CBO        2.32722e+00   1.00000e-02   2.13152e-02  -2.43026e-01
   3  phi_CBO      1.84420e-01   1.00000e-02   9.43260e-03   8.86769e-04
 MIGRAD MINIMIZATION HAS CONVERGED.
 MIGRAD WILL VERIFY CONVERGENCE AND ERROR MATRIX.
 FCN=0.348821 FROM HESSE     STATUS=NOT POSDEF     16 CALLS          42 TOTAL
                     EDM=7.36328e-05    STRATEGY= 1      ERR MATRIX NOT POS-DEF
  EXT PARAMETER                APPROXIMATE        STEP         FIRST   
  NO.   NAME      VALUE            ERROR          SIZE      DERIVATIVE 
   1  A_CBO        1.26959e-03   3.98780e-02   2.41636e-05  -3.26916e-03
   2  w_CBO        2.32737e+00   5.56239e-01   8.10295e-05   1.53662e-02
   3  phi_CBO      1.35210e-01   3.26272e+00   2.31060e-02  -8.12268e-05
 MIGRAD MINIMIZATION HAS CONVERGED.
 MIGRAD WILL VERIFY CONVERGENCE AND ERROR MATRIX.
 FCN=0.348805 FROM MIGRAD    STATUS=CONVERGED     106 CALLS         107 TOTAL
                     EDM=1.76913e-05    STRATEGY= 1      ERR MATRIX NOT POS-DEF
  EXT PARAMETER                APPROXIMATE        STEP         FIRST   
  NO.   NAME      VALUE            ERROR          SIZE      DERIVATIVE 
   1  A_CBO        1.28815e-03   4.33522e-02   2.41699e-05   4.95539e-03
   2  w_CBO        2.32888e+00   5.47001e-01   8.01041e-05  -1.07440e-03
   3  phi_CBO      9.30704e-01   5.25060e+00   8.28971e-03  -1.48904e-05
 EXTERNAL ERROR MATRIX.    NDIM=  25    NPAR=  3    ERR DEF=1
  1.879e-03 -8.621e-03 -4.316e+00 
 -8.621e-03  1.101e+00  5.505e+02 
 -4.316e+00  5.505e+02  2.764e+05 
ERR MATRIX NOT POS-DEF
 PARAMETER  CORRELATION COEFFICIENTS  
       NO.  GLOBAL      1      2      3
        1  0.18957   1.000 -0.190 -0.189
        2  0.99800  -0.190  1.000  0.998
        3  0.99800  -0.189  0.998  1.000
 ERR MATRIX NOT POS-DEF
setting A_CBO=0.001288 w_CBO=2.328877, phi_CBO=0.930704
done fitting cbo isolate
 **********
 **    1 **SET PRINTOUT            1
 **********
 **********
 **    2 **SET NOWARNINGS 
 **********
 PARAMETER DEFINITIONS:
    NO.   NAME         VALUE      STEP SIZE      LIMITS
     1 N0           3.06200e+06  1.00000e+02     no limits
     2 tau          6.43953e+01  constant
     3 A0           3.42893e-01  1.00000e-04     no limits
     4 phi          4.11802e+00  1.00000e-02     no limits
     5 R           -6.11796e+01  constant
     6 A_CBO        1.28815e-03  1.00000e-05     no limits
     7 w_CBO        2.32888e+00  1.00000e-03     no limits
     8 phi_CBO      9.30704e-01  1.00000e-04     no limits
     9 ANx2         4.90616e-04  constant
    10 pNx2         2.30674e+00  constant
    11 ANy1         0.00000e+00  constant
    12 pNy1         0.00000e+00  constant
    13 w_y          0.00000e+00  constant
    14 ANy2         9.23997e-03  1.00000e-04     no limits
    15 pNy2         3.41148e-01  constant
    16 w_vw         1.43130e+01  constant
    17 LM          -3.45991e-04  constant
    18 wCBO_expCoeff   2.00000e+02  1.00000e+00     no limits
    19 wCBO_expOffset   2.00000e+02  1.00000e+00     no limits
    20 wCBO_expT    3.00000e+01  1.00000e+00     no limits
    21 wCBO_linCoeff   0.00000e+00  constant
    22 wCBO_const   0.00000e+00  1.00000e-02     no limits
MINUIT - FIT ONLY WIGGLE
 **********
 **    3 **FIX            5
 **********
 PARAMETER    5  IS CONSTANT.   IGNORED.
 **********
 **    4 **FIX            6
 **********
 **********
 **    5 **FIX            7
 **********
 **********
 **    6 **FIX            8
 **********
 **********
 **    7 **FIX            9
 **********
 PARAMETER    9  IS CONSTANT.   IGNORED.
 **********
 **    8 **FIX           10
 **********
 PARAMETER   10  IS CONSTANT.   IGNORED.
 **********
 **    9 **FIX           11
 **********
 PARAMETER   11  IS CONSTANT.   IGNORED.
 **********
 **   10 **FIX           12
 **********
 PARAMETER   12  IS CONSTANT.   IGNORED.
 **********
 **   11 **FIX           13
 **********
 PARAMETER   13  IS CONSTANT.   IGNORED.
 **********
 **   12 **FIX           14
 **********
 **********
 **   13 **FIX           15
 **********
 PARAMETER   15  IS CONSTANT.   IGNORED.
 **********
 **   14 **FIX           16
 **********
 PARAMETER   16  IS CONSTANT.   IGNORED.
 **********
 **   15 **MIGRAD
 **********
 FIRST CALL TO USER FUNCTION AT NEW START POINT, WITH IFLAG=4.
 START MIGRAD MINIMIZATION.  STRATEGY  1.  CONVERGENCE WHEN EDM .LT. 1.00e-04
 FCN=361.329 FROM MIGRAD    STATUS=INITIATE       70 CALLS          71 TOTAL
                     EDM= unknown      STRATEGY= 1      NO ERROR MATRIX       
  EXT PARAMETER               CURRENT GUESS       STEP         FIRST   
  NO.   NAME      VALUE            ERROR          SIZE      DERIVATIVE 
   1  N0           3.06200e+06   1.00000e+02   0.00000e+00   5.91531e-04
   2  tau          6.43953e+01   constant   
   3  A0           3.42893e-01   1.00000e-04   0.00000e+00  -5.05606e+02
   4  phi          4.11802e+00   1.00000e-02   0.00000e+00   4.97590e+01
   5  R           -6.11796e+01   constant   
   6  A_CBO        1.28815e-03     fixed    
   7  w_CBO        2.32888e+00     fixed    
   8  phi_CBO      9.30704e-01     fixed    
   9  ANx2         4.90616e-04   constant   
  10  pNx2         2.30674e+00   constant   
  11  ANy1         0.00000e+00   constant   
  12  pNy1         0.00000e+00   constant   
  13  w_y          0.00000e+00   constant   
  14  ANy2         9.23997e-03     fixed    
  15  pNy2         3.41148e-01   constant   
  16  w_vw         1.43130e+01   constant   
  17  LM          -3.45991e-04   constant   
  18  wCBO_expCoeff   1.97758e+02   1.00000e+00   0.00000e+00   1.09625e+00
  19  wCBO_expOffset   2.00000e+02   1.00000e+00   0.00000e+00   7.22642e+00
  20  wCBO_expT    3.00000e+01   1.00000e+00   0.00000e+00   4.89631e+01
  21  wCBO_linCoeff   0.00000e+00   constant   
  22  wCBO_const   6.59040e-04   1.00000e-02   6.59040e-04  -6.76560e+01
 MIGRAD MINIMIZATION HAS CONVERGED.
 FCN=358.923 FROM MIGRAD    STATUS=CONVERGED     254 CALLS         255 TOTAL
                     EDM=2.21434e-06    STRATEGY= 1  ERROR MATRIX UNCERTAINTY   5.5 per cent
  EXT PARAMETER                                   STEP         FIRST   
  NO.   NAME      VALUE            ERROR          SIZE      DERIVATIVE 
   1  N0           3.06045e+06   2.35583e+03  -6.01931e+01  -1.06805e-07
   2  tau          6.43953e+01   constant   
   3  A0           3.43064e-01   1.03408e-03   1.43624e-05   6.03816e-01
   4  phi          4.11750e+00   3.11624e-03   3.86404e-08  -1.17198e-02
   5  R           -6.11796e+01   constant   
   6  A_CBO        1.28815e-03     fixed    
   7  w_CBO        2.32888e+00     fixed    
   8  phi_CBO      9.30704e-01     fixed    
   9  ANx2         4.90616e-04   constant   
  10  pNx2         2.30674e+00   constant   
  11  ANy1         0.00000e+00   constant   
  12  pNy1         0.00000e+00   constant   
  13  w_y          0.00000e+00   constant   
  14  ANy2         9.23997e-03     fixed    
  15  pNy2         3.41148e-01   constant   
  16  w_vw         1.43130e+01   constant   
  17  LM          -3.45991e-04   constant   
  18  wCBO_expCoeff   2.11127e+02   1.38431e+01   2.45820e-01  -2.68448e-04
  19  wCBO_expOffset   2.02018e+02   2.09832e+00   3.75691e-02  -1.92675e-03
  20  wCBO_expT    2.93657e+01   5.95290e-01  -1.00130e-02  -1.43750e-02
  21  wCBO_linCoeff   0.00000e+00   constant   
  22  wCBO_const   2.93753e-03   1.17352e-03   1.01172e-05  -2.87083e+00
 EXTERNAL ERROR MATRIX.    NDIM=  25    NPAR=  7    ERR DEF=1
  5.550e+06  9.848e-03  1.688e-02  3.245e+03  4.919e+02 -1.391e+02  6.987e-02 
  9.848e-03  1.069e-06  5.493e-09 -4.732e-05 -7.189e-06  3.725e-06 -3.964e-08 
  1.688e-02  5.493e-09  9.711e-06 -7.392e-04 -1.124e-04  3.429e-05 -8.414e-08 
  3.245e+03 -4.732e-05 -7.392e-04  1.916e+02  2.889e+01 -8.219e+00  1.189e-02 
  4.919e+02 -7.189e-06 -1.124e-04  2.889e+01  4.403e+00 -1.246e+00  1.801e-03 
 -1.391e+02  3.725e-06  3.429e-05 -8.219e+00 -1.246e+00  3.544e-01 -5.281e-04 
  6.987e-02 -3.964e-08 -8.414e-08  1.189e-02  1.801e-03 -5.281e-04  1.377e-06 
 PARAMETER  CORRELATION COEFFICIENTS  
       NO.  GLOBAL      1      3      4     18     19     20     22
        1  0.13470   1.000  0.004  0.002  0.100  0.099 -0.099  0.025
        3  0.05344   0.004  1.000  0.002 -0.003 -0.003  0.006 -0.033
        4  0.03072   0.002  0.002  1.000 -0.017 -0.017  0.018 -0.023
       18  0.99803   0.100 -0.003 -0.017  1.000  0.995 -0.997  0.732
       19  0.99796   0.099 -0.003 -0.017  0.995  1.000 -0.997  0.731
       20  0.99925  -0.099  0.006  0.018 -0.997 -0.997  1.000 -0.756
       22  0.86820   0.025 -0.033 -0.023  0.732  0.731 -0.756  1.000
MINUIT - FIT ONLY 1-CBO + other amplitudes 
 **********
 **   16 **RES 
 **********
                   PARAMETER   14  ANy2 RESTORED TO VARIABLE.
                   PARAMETER    8  phi_CBO RESTORED TO VARIABLE.
                   PARAMETER    7  w_CBO RESTORED TO VARIABLE.
                   PARAMETER    6  A_CBO RESTORED TO VARIABLE.
 **********
 **   17 **FIX            0
 **********
 PARAMETER    0  IS UNDEFINED. IGNORED.
 **********
 **   18 **FIX            1
 **********
 **********
 **   19 **FIX            2
 **********
 PARAMETER    2  IS CONSTANT.   IGNORED.
 **********
 **   20 **FIX            3
 **********
 **********
 **   21 **FIX            4
 **********
 **********
 **   22 **FIX            9
 **********
 PARAMETER    9  IS CONSTANT.   IGNORED.
 **********
 **   23 **FIX           11
 **********
 PARAMETER   11  IS CONSTANT.   IGNORED.
 **********
 **   24 **FIX           12
 **********
 PARAMETER   12  IS CONSTANT.   IGNORED.
 **********
 **   25 **FIX           14
 **********
 **********
 **   26 **FIX           15
 **********
 PARAMETER   15  IS CONSTANT.   IGNORED.
 **********
 **   27 **FIX           16
 **********
 PARAMETER   16  IS CONSTANT.   IGNORED.
 **********
 **   28 **MIGRAD
 **********
 START MIGRAD MINIMIZATION.  STRATEGY  1.  CONVERGENCE WHEN EDM .LT. 1.00e-04
 FCN=358.923 FROM MIGRAD    STATUS=INITIATE       18 CALLS         273 TOTAL
                     EDM= unknown      STRATEGY= 1      NO ERROR MATRIX       
  EXT PARAMETER               CURRENT GUESS       STEP         FIRST   
  NO.   NAME      VALUE            ERROR          SIZE      DERIVATIVE 
   1  N0           3.06045e+06     fixed    
   2  tau          6.43953e+01   constant   
   3  A0           3.43064e-01     fixed    
   4  phi          4.11750e+00     fixed    
   5  R           -6.11796e+01   constant   
   6  A_CBO        1.28815e-03   1.00000e-05   1.00000e-05   4.71590e+02
   7  w_CBO        2.32888e+00   1.00000e-03   1.00000e-03  -1.26201e+00
   8  phi_CBO      9.30704e-01   1.00000e-04   1.00000e-04  -2.54730e-01
   9  ANx2         4.90616e-04   constant   
  10  pNx2         2.30674e+00   constant   
  11  ANy1         0.00000e+00   constant   
  12  pNy1         0.00000e+00   constant   
  13  w_y          0.00000e+00   constant   
  14  ANy2         9.23997e-03     fixed    
  15  pNy2         3.41148e-01   constant   
  16  w_vw         1.43130e+01   constant   
  17  LM          -3.45991e-04   constant   
  18  wCBO_expCoeff   2.11127e+02   1.38431e+01   2.45820e-01  -2.68549e-04
  19  wCBO_expOffset   2.02018e+02   2.09832e+00   3.75691e-02  -1.92784e-03
  20  wCBO_expT    2.93657e+01   5.95290e-01  -1.00130e-02  -1.43828e-02
  21  wCBO_linCoeff   0.00000e+00   constant   
  22  wCBO_const   2.93753e-03   1.17352e-03   1.01172e-05  -2.87086e+00
 MIGRAD MINIMIZATION HAS CONVERGED.
 MIGRAD WILL VERIFY CONVERGENCE AND ERROR MATRIX.
 FCN=358.83 FROM HESSE     STATUS=NOT POSDEF     50 CALLS         405 TOTAL
                     EDM=0.000239283    STRATEGY= 1      ERR MATRIX NOT POS-DEF
  EXT PARAMETER                APPROXIMATE        STEP         FIRST   
  NO.   NAME      VALUE            ERROR          SIZE      DERIVATIVE 
   1  N0           3.06045e+06     fixed    
   2  tau          6.43953e+01   constant   
   3  A0           3.43064e-01     fixed    
   4  phi          4.11750e+00     fixed    
   5  R           -6.11796e+01   constant   
   6  A_CBO        9.97978e-04   1.12202e-03   1.02512e-05  -3.12983e-02
   7  w_CBO        2.32893e+00   1.11954e-02   1.17157e-05   6.36195e-01
   8  phi_CBO      1.14029e+00   1.37495e+00   9.90385e-03  -2.20758e-04
   9  ANx2         4.90616e-04   constant   
  10  pNx2         2.30674e+00   constant   
  11  ANy1         0.00000e+00   constant   
  12  pNy1         0.00000e+00   constant   
  13  w_y          0.00000e+00   constant   
  14  ANy2         9.23997e-03     fixed    
  15  pNy2         3.41148e-01   constant   
  16  w_vw         1.43130e+01   constant   
  17  LM          -3.45991e-04   constant   
  18  wCBO_expCoeff   2.11169e+02   1.33206e+01   1.06458e-02  -2.24067e-04
  19  wCBO_expOffset   2.02024e+02   1.85429e+00   1.48048e-03  -1.61111e-03
  20  wCBO_expT    2.93664e+01   2.54219e-01   2.09944e-04   1.13191e-01
  21  wCBO_linCoeff   0.00000e+00   constant   
  22  wCBO_const   2.96104e-03   4.81769e-03   5.42087e-06   1.52445e+00
 MIGRAD MINIMIZATION HAS CONVERGED.
 MIGRAD WILL VERIFY CONVERGENCE AND ERROR MATRIX.
 FCN=358.829 FROM MIGRAD    STATUS=CONVERGED     217 CALLS         472 TOTAL
                     EDM=1.57137e-05    STRATEGY= 1      ERR MATRIX NOT POS-DEF
  EXT PARAMETER                APPROXIMATE        STEP         FIRST   
  NO.   NAME      VALUE            ERROR          SIZE      DERIVATIVE 
   1  N0           3.06045e+06     fixed    
   2  tau          6.43953e+01   constant   
   3  A0           3.43064e-01     fixed    
   4  phi          4.11750e+00     fixed    
   5  R           -6.11796e+01   constant   
   6  A_CBO        9.98397e-04   1.12325e-03   1.02505e-05   1.95710e-01
   7  w_CBO        2.32899e+00   1.13900e-02   1.17070e-05  -4.05676e+00
   8  phi_CBO      1.15066e+00   1.37071e+00   9.89172e-03   1.90850e-03
   9  ANx2         4.90616e-04   constant   
  10  pNx2         2.30674e+00   constant   
  11  ANy1         0.00000e+00   constant   
  12  pNy1         0.00000e+00   constant   
  13  w_y          0.00000e+00   constant   
  14  ANy2         9.23997e-03     fixed    
  15  pNy2         3.41148e-01   constant   
  16  w_vw         1.43130e+01   constant   
  17  LM          -3.45991e-04   constant   
  18  wCBO_expCoeff   2.11716e+02   1.34347e+01   1.06335e-02  -4.01990e-03
  19  wCBO_expOffset   2.02101e+02   1.86612e+00   1.47875e-03  -2.90036e-02
  20  wCBO_expT    2.93437e+01   2.56029e-01   2.09694e-04  -2.09023e-01
  21  wCBO_linCoeff   0.00000e+00   constant   
  22  wCBO_const   2.96993e-03   4.90109e-03   5.41714e-06  -8.57165e+00
 EXTERNAL ERROR MATRIX.    NDIM=  25    NPAR=  7    ERR DEF=1
  1.262e-06  1.014e-07 -2.325e-05 -1.417e-04 -2.025e-05 -9.287e-07  4.561e-08 
  1.014e-07  1.297e-04  6.216e-04 -1.635e-03 -2.338e-04 -1.888e-04 -5.475e-05 
 -2.325e-05  6.216e-04  1.879e+00  9.153e-01  1.280e-01 -3.001e-02  2.625e-04 
 -1.417e-04 -1.635e-03  9.153e-01  1.805e+02 -1.414e+01 -1.581e+00  2.988e-03 
 -2.025e-05 -2.338e-04  1.280e-01 -1.414e+01  3.482e+00 -2.213e-01  4.200e-04 
 -9.287e-07 -1.888e-04 -3.001e-02 -1.581e+00 -2.213e-01  6.555e-02 -2.934e-05 
  4.561e-08 -5.475e-05  2.625e-04  2.988e-03  4.200e-04 -2.934e-05  2.402e-05 
ERR MATRIX NOT POS-DEF
 PARAMETER  CORRELATION COEFFICIENTS  
       NO.  GLOBAL      6      7      8     18     19     20     22
        6  0.18297   1.000  0.008 -0.015 -0.009 -0.010 -0.003  0.008
        7  0.99386   0.008  1.000  0.040 -0.011 -0.011 -0.065 -0.981
        8  0.63241  -0.015  0.040  1.000  0.050  0.050 -0.086  0.039
       18  0.99632  -0.009 -0.011  0.050  1.000 -0.564 -0.460  0.045
       19  0.99633  -0.010 -0.011  0.050 -0.564  1.000 -0.463  0.046
       20  0.99608  -0.003 -0.065 -0.086 -0.460 -0.463  1.000 -0.023
       22  0.99291   0.008 -0.981  0.039  0.045  0.046 -0.023  1.000
 ERR MATRIX NOT POS-DEF
MINUIT - FIT ONLY 1-CBO
 **********
 **   29 **RES 
 **********
                   PARAMETER   14  ANy2 RESTORED TO VARIABLE.
                   PARAMETER    4  phi RESTORED TO VARIABLE.
                   PARAMETER    3  A0 RESTORED TO VARIABLE.
                   PARAMETER    1  N0 RESTORED TO VARIABLE.
 **********
 **   30 **FIX            0
 **********
 PARAMETER    0  IS UNDEFINED. IGNORED.
 **********
 **   31 **FIX            1
 **********
 **********
 **   32 **FIX            2
 **********
 PARAMETER    2  IS CONSTANT.   IGNORED.
 **********
 **   33 **FIX            3
 **********
 **********
 **   34 **FIX            4
 **********
 **********
 **   35 **FIX            8
 **********
 **********
 **   36 **FIX            9
 **********
 PARAMETER    9  IS CONSTANT.   IGNORED.
 **********
 **   37 **FIX           11
 **********
 PARAMETER   11  IS CONSTANT.   IGNORED.
 **********
 **   38 **FIX           12
 **********
 PARAMETER   12  IS CONSTANT.   IGNORED.
 **********
 **   39 **FIX           13
 **********
 PARAMETER   13  IS CONSTANT.   IGNORED.
 **********
 **   40 **FIX           15
 **********
 PARAMETER   15  IS CONSTANT.   IGNORED.
 **********
 **   41 **FIX           16
 **********
 PARAMETER   16  IS CONSTANT.   IGNORED.
 **********
 **   42 **MIGRAD
 **********
 START MIGRAD MINIMIZATION.  STRATEGY  1.  CONVERGENCE WHEN EDM .LT. 1.00e-04
 FCN=358.829 FROM MIGRAD    STATUS=INITIATE       16 CALLS         488 TOTAL
                     EDM= unknown      STRATEGY= 1      NO ERROR MATRIX       
  EXT PARAMETER               CURRENT GUESS       STEP         FIRST   
  NO.   NAME      VALUE            ERROR          SIZE      DERIVATIVE 
   1  N0           3.06045e+06     fixed    
   2  tau          6.43953e+01   constant   
   3  A0           3.43064e-01     fixed    
   4  phi          4.11750e+00     fixed    
   5  R           -6.11796e+01   constant   
   6  A_CBO        9.98397e-04   1.12325e-03   1.02505e-05   1.95709e-01
   7  w_CBO        2.32899e+00   1.13900e-02   1.17070e-05  -4.05379e+00
   8  phi_CBO      1.15066e+00     fixed    
   9  ANx2         4.90616e-04   constant   
  10  pNx2         2.30674e+00   constant   
  11  ANy1         0.00000e+00   constant   
  12  pNy1         0.00000e+00   constant   
  13  w_y          0.00000e+00   constant   
  14  ANy2         9.23997e-03   1.00000e-04   1.00000e-04   1.47531e+04
  15  pNy2         3.41148e-01   constant   
  16  w_vw         1.43130e+01   constant   
  17  LM          -3.45991e-04   constant   
  18  wCBO_expCoeff   2.11716e+02   1.34347e+01   1.06335e-02  -4.01210e-03
  19  wCBO_expOffset   2.02101e+02   1.86612e+00   1.47875e-03  -2.89445e-02
  20  wCBO_expT    2.93437e+01   2.56029e-01   2.09694e-04  -2.08560e-01
  21  wCBO_linCoeff   0.00000e+00   constant   
  22  wCBO_const   2.96993e-03   4.90109e-03   5.41714e-06  -8.56677e+00
 MIGRAD MINIMIZATION HAS CONVERGED.
 MIGRAD WILL VERIFY CONVERGENCE AND ERROR MATRIX.
 FCN=294.723 FROM MIGRAD    STATUS=CONVERGED     132 CALLS         604 TOTAL
                     EDM=5.80124e-05    STRATEGY= 1      ERR MATRIX NOT POS-DEF
  EXT PARAMETER                APPROXIMATE        STEP         FIRST   
  NO.   NAME      VALUE            ERROR          SIZE      DERIVATIVE 
   1  N0           3.06045e+06     fixed    
   2  tau          6.43953e+01   constant   
   3  A0           3.43064e-01     fixed    
   4  phi          4.11750e+00     fixed    
   5  R           -6.11796e+01   constant   
   6  A_CBO        9.79506e-04   1.12234e-03   9.30336e-06  -5.75545e-02
   7  w_CBO        2.32898e+00   1.20314e-02   1.05713e-05   7.45186e-03
   8  phi_CBO      1.15066e+00     fixed    
   9  ANx2         4.90616e-04   constant   
  10  pNx2         2.30674e+00   constant   
  11  ANy1         0.00000e+00   constant   
  12  pNy1         0.00000e+00   constant   
  13  w_y          0.00000e+00   constant   
  14  ANy2         5.49516e-04   1.08172e-03   9.11380e-06  -2.34561e-03
  15  pNy2         3.41148e-01   constant   
  16  w_vw         1.43130e+01   constant   
  17  LM          -3.45991e-04   constant   
  18  wCBO_expCoeff   2.11737e+02   1.36856e+01   9.48054e-03  -2.58430e-04
  19  wCBO_expOffset   2.02103e+02   1.89848e+00   1.31389e-03  -1.86464e-03
  20  wCBO_expT    2.93441e+01   2.58616e-01   1.86478e-04   2.91632e-02
  21  wCBO_linCoeff   0.00000e+00   constant   
  22  wCBO_const   2.96528e-03   5.17716e-03   4.89843e-06   7.19131e-02
 EXTERNAL ERROR MATRIX.    NDIM=  25    NPAR=  7    ERR DEF=1
  1.260e-06  1.122e-07  2.824e-09 -1.142e-04 -1.603e-05 -1.803e-06  5.050e-08 
  1.122e-07  1.448e-04  7.653e-10 -2.391e-03 -3.388e-04 -1.886e-04 -6.138e-05 
  2.824e-09  7.653e-10  1.170e-06 -8.994e-06 -1.255e-06  2.150e-07  7.435e-10 
 -1.142e-04 -2.391e-03 -8.994e-06  1.873e+02 -1.488e+01 -1.614e+00  3.134e-03 
 -1.603e-05 -3.388e-04 -1.255e-06 -1.488e+01  3.604e+00 -2.247e-01  4.384e-04 
 -1.803e-06 -1.886e-04  2.150e-07 -1.614e+00 -2.247e-01  6.688e-02 -2.395e-05 
  5.050e-08 -6.138e-05  7.435e-10  3.134e-03  4.384e-04 -2.395e-05  2.680e-05 
ERR MATRIX NOT POS-DEF
 PARAMETER  CORRELATION COEFFICIENTS  
       NO.  GLOBAL      6      7     14     18     19     20     22
        6  0.17894   1.000  0.008  0.002 -0.007 -0.008 -0.006  0.009
        7  0.99455   0.008  1.000  0.000 -0.015 -0.015 -0.061 -0.985
       14  0.00519   0.002  0.000  1.000 -0.001 -0.001  0.001  0.000
       18  0.99662  -0.007 -0.015 -0.001  1.000 -0.573 -0.456  0.044
       19  0.99662  -0.008 -0.015 -0.001 -0.573  1.000 -0.458  0.045
       20  0.99633  -0.006 -0.061  0.001 -0.456 -0.458  1.000 -0.018
       22  0.99368   0.009 -0.985  0.000  0.044  0.045 -0.018  1.000
 ERR MATRIX NOT POS-DEF
MINUIT - FIT ONLY 2-CBO
 **********
 **   43 **RES 
 **********
                   PARAMETER    8  phi_CBO RESTORED TO VARIABLE.
                   PARAMETER    4  phi RESTORED TO VARIABLE.
                   PARAMETER    3  A0 RESTORED TO VARIABLE.
                   PARAMETER    1  N0 RESTORED TO VARIABLE.
 **********
 **   44 **FIX            0
 **********
 PARAMETER    0  IS UNDEFINED. IGNORED.
 **********
 **   45 **FIX            1
 **********
 **********
 **   46 **FIX            2
 **********
 PARAMETER    2  IS CONSTANT.   IGNORED.
 **********
 **   47 **FIX            3
 **********
 **********
 **   48 **FIX            4
 **********
 **********
 **   49 **FIX            5
 **********
 PARAMETER    5  IS CONSTANT.   IGNORED.
 **********
 **   50 **FIX            6
 **********
 **********
 **   51 **FIX            7
 **********
 **********
 **   52 **FIX           10
 **********
 PARAMETER   10  IS CONSTANT.   IGNORED.
 **********
 **   53 **FIX           11
 **********
 PARAMETER   11  IS CONSTANT.   IGNORED.
 **********
 **   54 **FIX           12
 **********
 PARAMETER   12  IS CONSTANT.   IGNORED.
 **********
 **   55 **FIX           13
 **********
 PARAMETER   13  IS CONSTANT.   IGNORED.
 **********
 **   56 **FIX           14
 **********
 **********
 **   57 **FIX           15
 **********
 PARAMETER   15  IS CONSTANT.   IGNORED.
 **********
 **   58 **FIX           16
 **********
 PARAMETER   16  IS CONSTANT.   IGNORED.
 **********
 **   59 **MIGRAD
 **********
 START MIGRAD MINIMIZATION.  STRATEGY  1.  CONVERGENCE WHEN EDM .LT. 1.00e-04
 FCN=294.723 FROM MIGRAD    STATUS=INITIATE       10 CALLS         614 TOTAL
                     EDM= unknown      STRATEGY= 1      NO ERROR MATRIX       
  EXT PARAMETER               CURRENT GUESS       STEP         FIRST   
  NO.   NAME      VALUE            ERROR          SIZE      DERIVATIVE 
   1  N0           3.06045e+06     fixed    
   2  tau          6.43953e+01   constant   
   3  A0           3.43064e-01     fixed    
   4  phi          4.11750e+00     fixed    
   5  R           -6.11796e+01   constant   
   6  A_CBO        9.79506e-04     fixed    
   7  w_CBO        2.32898e+00     fixed    
   8  phi_CBO      1.15066e+00   1.37071e+00   1.37071e+00   1.13336e-02
   9  ANx2         4.90616e-04   constant   
  10  pNx2         2.30674e+00   constant   
  11  ANy1         0.00000e+00   constant   
  12  pNy1         0.00000e+00   constant   
  13  w_y          0.00000e+00   constant   
  14  ANy2         5.49516e-04     fixed    
  15  pNy2         3.41148e-01   constant   
  16  w_vw         1.43130e+01   constant   
  17  LM          -3.45991e-04   constant   
  18  wCBO_expCoeff   2.11737e+02   1.36856e+01   9.48054e-03  -2.52459e-04
  19  wCBO_expOffset   2.02103e+02   1.89848e+00   1.31389e-03  -1.81926e-03
  20  wCBO_expT    2.93441e+01   2.58616e-01   1.86478e-04   2.95164e-02
  21  wCBO_linCoeff   0.00000e+00   constant   
  22  wCBO_const   2.96528e-03   5.17716e-03   4.89843e-06   7.25361e-02
 MIGRAD MINIMIZATION HAS CONVERGED.
 MIGRAD WILL VERIFY CONVERGENCE AND ERROR MATRIX.
 FCN=294.723 FROM MIGRAD    STATUS=CONVERGED      66 CALLS         670 TOTAL
                     EDM=5.75315e-05    STRATEGY= 1      ERR MATRIX NOT POS-DEF
  EXT PARAMETER                APPROXIMATE        STEP         FIRST   
  NO.   NAME      VALUE            ERROR          SIZE      DERIVATIVE 
   1  N0           3.06045e+06     fixed    
   2  tau          6.43953e+01   constant   
   3  A0           3.43064e-01     fixed    
   4  phi          4.11750e+00     fixed    
   5  R           -6.11796e+01   constant   
   6  A_CBO        9.79506e-04     fixed    
   7  w_CBO        2.32898e+00     fixed    
   8  phi_CBO      1.14072e+00   1.37437e+00   9.12968e-03  -3.62512e-05
   9  ANx2         4.90616e-04   constant   
  10  pNx2         2.30674e+00   constant   
  11  ANy1         0.00000e+00   constant   
  12  pNy1         0.00000e+00   constant   
  13  w_y          0.00000e+00   constant   
  14  ANy2         5.49516e-04     fixed    
  15  pNy2         3.41148e-01   constant   
  16  w_vw         1.43130e+01   constant   
  17  LM          -3.45991e-04   constant   
  18  wCBO_expCoeff   2.11736e+02   1.43768e+01   9.47986e-03  -1.17255e-03
  19  wCBO_expOffset   2.02103e+02   1.99494e+00   1.31378e-03  -8.46060e-03
  20  wCBO_expT    2.93441e+01   2.70298e-01   1.86457e-04  -1.46756e-02
  21  wCBO_linCoeff   0.00000e+00   constant   
  22  wCBO_const   2.96434e-03   9.67614e-04   4.89558e-06   4.06366e+00
 EXTERNAL ERROR MATRIX.    NDIM=  25    NPAR=  5    ERR DEF=1
  1.889e+00  9.489e-01  1.324e-01 -3.218e-02  5.394e-04 
  9.489e-01  2.067e+02 -1.649e+01 -1.775e+00  2.613e-03 
  1.324e-01 -1.649e+01  3.980e+00 -2.475e-01  3.639e-04 
 -3.218e-02 -1.775e+00 -2.475e-01  7.306e-02 -1.218e-04 
  5.394e-04  2.613e-03  3.639e-04 -1.218e-04  9.363e-07 
ERR MATRIX NOT POS-DEF
 PARAMETER  CORRELATION COEFFICIENTS  
       NO.  GLOBAL      8     18     19     20     22
        8  0.61520   1.000  0.048  0.048 -0.087  0.406
       18  0.99693   0.048  1.000 -0.575 -0.457  0.188
       19  0.99693   0.048 -0.575  1.000 -0.459  0.189
       20  0.99663  -0.087 -0.457 -0.459  1.000 -0.466
       22  0.79941   0.406  0.188  0.189 -0.466  1.000
 ERR MATRIX NOT POS-DEF
MINUIT - FIT ONLY 1-y
 **********
 **   60 **RES 
 **********
                   PARAMETER   14  ANy2 RESTORED TO VARIABLE.
                   PARAMETER    7  w_CBO RESTORED TO VARIABLE.
                   PARAMETER    6  A_CBO RESTORED TO VARIABLE.
                   PARAMETER    4  phi RESTORED TO VARIABLE.
                   PARAMETER    3  A0 RESTORED TO VARIABLE.
                   PARAMETER    1  N0 RESTORED TO VARIABLE.
 **********
 **   61 **FIX            0
 **********
 PARAMETER    0  IS UNDEFINED. IGNORED.
 **********
 **   62 **FIX            1
 **********
 **********
 **   63 **FIX            2
 **********
 PARAMETER    2  IS CONSTANT.   IGNORED.
 **********
 **   64 **FIX            3
 **********
 **********
 **   65 **FIX            4
 **********
 **********
 **   66 **FIX            5
 **********
 PARAMETER    5  IS CONSTANT.   IGNORED.
 **********
 **   67 **FIX            6
 **********
 **********
 **   68 **FIX            7
 **********
 **********
 **   69 **FIX            8
 **********
 **********
 **   70 **FIX            9
 **********
 PARAMETER    9  IS CONSTANT.   IGNORED.
 **********
 **   71 **FIX           13
 **********
 PARAMETER   13  IS CONSTANT.   IGNORED.
 **********
 **   72 **FIX           14
 **********
 **********
 **   73 **FIX           15
 **********
 PARAMETER   15  IS CONSTANT.   IGNORED.
 **********
 **   74 **FIX           16
 **********
 PARAMETER   16  IS CONSTANT.   IGNORED.
 **********
 **   75 **MIGRAD
 **********
 START MIGRAD MINIMIZATION.  STRATEGY  1.  CONVERGENCE WHEN EDM .LT. 1.00e-04
 FCN=294.723 FROM MIGRAD    STATUS=INITIATE        8 CALLS         678 TOTAL
                     EDM= unknown      STRATEGY= 1      NO ERROR MATRIX       
  EXT PARAMETER               CURRENT GUESS       STEP         FIRST   
  NO.   NAME      VALUE            ERROR          SIZE      DERIVATIVE 
   1  N0           3.06045e+06     fixed    
   2  tau          6.43953e+01   constant   
   3  A0           3.43064e-01     fixed    
   4  phi          4.11750e+00     fixed    
   5  R           -6.11796e+01   constant   
   6  A_CBO        9.79506e-04     fixed    
   7  w_CBO        2.32898e+00     fixed    
   8  phi_CBO      1.14072e+00     fixed    
   9  ANx2         4.90616e-04   constant   
  10  pNx2         2.30674e+00   constant   
  11  ANy1         0.00000e+00   constant   
  12  pNy1         0.00000e+00   constant   
  13  w_y          0.00000e+00   constant   
  14  ANy2         5.49516e-04     fixed    
  15  pNy2         3.41148e-01   constant   
  16  w_vw         1.43130e+01   constant   
  17  LM          -3.45991e-04   constant   
  18  wCBO_expCoeff   2.11736e+02   1.43768e+01   9.47986e-03  -1.16637e-03
  19  wCBO_expOffset   2.02103e+02   1.99494e+00   1.31378e-03  -8.41372e-03
  20  wCBO_expT    2.93441e+01   2.70298e-01   1.86457e-04  -1.43124e-02
  21  wCBO_linCoeff   0.00000e+00   constant   
  22  wCBO_const   2.96434e-03   9.67614e-04   4.89558e-06   4.06750e+00
 MIGRAD MINIMIZATION HAS CONVERGED.
 MIGRAD WILL VERIFY CONVERGENCE AND ERROR MATRIX.
 FCN=294.723 FROM MIGRAD    STATUS=CONVERGED      51 CALLS         721 TOTAL
                     EDM=5.22101e-05    STRATEGY= 1      ERR MATRIX NOT POS-DEF
  EXT PARAMETER                APPROXIMATE        STEP         FIRST   
  NO.   NAME      VALUE            ERROR          SIZE      DERIVATIVE 
   1  N0           3.06045e+06     fixed    
   2  tau          6.43953e+01   constant   
   3  A0           3.43064e-01     fixed    
   4  phi          4.11750e+00     fixed    
   5  R           -6.11796e+01   constant   
   6  A_CBO        9.79506e-04     fixed    
   7  w_CBO        2.32898e+00     fixed    
   8  phi_CBO      1.14072e+00     fixed    
   9  ANx2         4.90616e-04   constant   
  10  pNx2         2.30674e+00   constant   
  11  ANy1         0.00000e+00   constant   
  12  pNy1         0.00000e+00   constant   
  13  w_y          0.00000e+00   constant   
  14  ANy2         5.49516e-04     fixed    
  15  pNy2         3.41148e-01   constant   
  16  w_vw         1.43130e+01   constant   
  17  LM          -3.45991e-04   constant   
  18  wCBO_expCoeff   2.11737e+02   1.50651e+01   9.48767e-03  -2.48182e-04
  19  wCBO_expOffset   2.02104e+02   2.09020e+00   1.31487e-03  -1.79071e-03
  20  wCBO_expT    2.93441e+01   2.80696e-01   1.86617e-04   2.36709e-02
  21  wCBO_linCoeff   0.00000e+00   constant   
  22  wCBO_const   2.96260e-03   8.92755e-04   4.89661e-06  -4.12633e-01
 EXTERNAL ERROR MATRIX.    NDIM=  25    NPAR=  4    ERR DEF=1
  2.270e+02 -1.840e+01 -1.912e+00  2.573e-03 
 -1.840e+01  4.369e+00 -2.665e-01  3.581e-04 
 -1.912e+00 -2.665e-01  7.879e-02 -1.221e-04 
  2.573e-03  3.581e-04 -1.221e-04  7.970e-07 
ERR MATRIX NOT POS-DEF
 PARAMETER  CORRELATION COEFFICIENTS  
       NO.  GLOBAL     18     19     20     22
       18  0.99720   1.000 -0.584 -0.452  0.191
       19  0.99721  -0.584  1.000 -0.454  0.192
       20  0.99688  -0.452 -0.454  1.000 -0.487
       22  0.75886   0.191  0.192 -0.487  1.000
 ERR MATRIX NOT POS-DEF
MINUIT - FIT ONLY 2-y
 **********
 **   76 **RES 
 **********
                   PARAMETER   14  ANy2 RESTORED TO VARIABLE.
                   PARAMETER    8  phi_CBO RESTORED TO VARIABLE.
                   PARAMETER    7  w_CBO RESTORED TO VARIABLE.
                   PARAMETER    6  A_CBO RESTORED TO VARIABLE.
                   PARAMETER    4  phi RESTORED TO VARIABLE.
                   PARAMETER    3  A0 RESTORED TO VARIABLE.
                   PARAMETER    1  N0 RESTORED TO VARIABLE.
 **********
 **   77 **FIX            0
 **********
 PARAMETER    0  IS UNDEFINED. IGNORED.
 **********
 **   78 **FIX            1
 **********
 **********
 **   79 **FIX            2
 **********
 PARAMETER    2  IS CONSTANT.   IGNORED.
 **********
 **   80 **FIX            3
 **********
 **********
 **   81 **FIX            4
 **********
 **********
 **   82 **FIX            5
 **********
 PARAMETER    5  IS CONSTANT.   IGNORED.
 **********
 **   83 **FIX            6
 **********
 **********
 **   84 **FIX            7
 **********
 **********
 **   85 **FIX            8
 **********
 **********
 **   86 **FIX            9
 **********
 PARAMETER    9  IS CONSTANT.   IGNORED.
 **********
 **   87 **FIX           10
 **********
 PARAMETER   10  IS CONSTANT.   IGNORED.
 **********
 **   88 **FIX           11
 **********
 PARAMETER   11  IS CONSTANT.   IGNORED.
 **********
 **   89 **FIX           12
 **********
 PARAMETER   12  IS CONSTANT.   IGNORED.
 **********
 **   90 **FIX           16
 **********
 PARAMETER   16  IS CONSTANT.   IGNORED.
 **********
 **   91 **MIGRAD
 **********
 START MIGRAD MINIMIZATION.  STRATEGY  1.  CONVERGENCE WHEN EDM .LT. 1.00e-04
 FCN=294.723 FROM MIGRAD    STATUS=INITIATE       10 CALLS         731 TOTAL
                     EDM= unknown      STRATEGY= 1      NO ERROR MATRIX       
  EXT PARAMETER               CURRENT GUESS       STEP         FIRST   
  NO.   NAME      VALUE            ERROR          SIZE      DERIVATIVE 
   1  N0           3.06045e+06     fixed    
   2  tau          6.43953e+01   constant   
   3  A0           3.43064e-01     fixed    
   4  phi          4.11750e+00     fixed    
   5  R           -6.11796e+01   constant   
   6  A_CBO        9.79506e-04     fixed    
   7  w_CBO        2.32898e+00     fixed    
   8  phi_CBO      1.14072e+00     fixed    
   9  ANx2         4.90616e-04   constant   
  10  pNx2         2.30674e+00   constant   
  11  ANy1         0.00000e+00   constant   
  12  pNy1         0.00000e+00   constant   
  13  w_y          0.00000e+00   constant   
  14  ANy2         5.49516e-04   1.08172e-03   1.08172e-03   1.00851e-02
  15  pNy2         3.41148e-01   constant   
  16  w_vw         1.43130e+01   constant   
  17  LM          -3.45991e-04   constant   
  18  wCBO_expCoeff   2.11737e+02   1.50651e+01   9.48767e-03  -2.42061e-04
  19  wCBO_expOffset   2.02104e+02   2.09020e+00   1.31487e-03  -1.74424e-03
  20  wCBO_expT    2.93441e+01   2.80696e-01   1.86617e-04   2.40315e-02
  21  wCBO_linCoeff   0.00000e+00   constant   
  22  wCBO_const   2.96260e-03   8.92755e-04   4.89661e-06  -4.08717e-01
 MIGRAD MINIMIZATION HAS CONVERGED.
 MIGRAD WILL VERIFY CONVERGENCE AND ERROR MATRIX.
 FCN=294.723 FROM MIGRAD    STATUS=CONVERGED      68 CALLS         789 TOTAL
                     EDM=5.64427e-05    STRATEGY= 1      ERR MATRIX NOT POS-DEF
  EXT PARAMETER                APPROXIMATE        STEP         FIRST   
  NO.   NAME      VALUE            ERROR          SIZE      DERIVATIVE 
   1  N0           3.06045e+06     fixed    
   2  tau          6.43953e+01   constant   
   3  A0           3.43064e-01     fixed    
   4  phi          4.11750e+00     fixed    
   5  R           -6.11796e+01   constant   
   6  A_CBO        9.79506e-04     fixed    
   7  w_CBO        2.32898e+00     fixed    
   8  phi_CBO      1.14072e+00     fixed    
   9  ANx2         4.90616e-04   constant   
  10  pNx2         2.30674e+00   constant   
  11  ANy1         0.00000e+00   constant   
  12  pNy1         0.00000e+00   constant   
  13  w_y          0.00000e+00   constant   
  14  ANy2         5.49341e-04   1.08208e-03   9.11380e-06  -2.95386e-01
  15  pNy2         3.41148e-01   constant   
  16  w_vw         1.43130e+01   constant   
  17  LM          -3.45991e-04   constant   
  18  wCBO_expCoeff   2.11743e+02   1.50654e+01   9.48782e-03  -1.15993e-03
  19  wCBO_expOffset   2.02104e+02   2.09062e+00   1.31488e-03  -8.36989e-03
  20  wCBO_expT    2.93438e+01   2.80698e-01   1.86619e-04  -1.60639e-02
  21  wCBO_linCoeff   0.00000e+00   constant   
  22  wCBO_const   2.96464e-03   8.92561e-04   4.89661e-06   3.72280e+00
 EXTERNAL ERROR MATRIX.    NDIM=  25    NPAR=  5    ERR DEF=1
  1.171e-06 -9.936e-06 -1.390e-06  2.682e-07  7.851e-10 
 -9.936e-06  2.270e+02 -1.840e+01 -1.911e+00  2.569e-03 
 -1.390e-06 -1.840e+01  4.371e+00 -2.666e-01  3.580e-04 
  2.682e-07 -1.911e+00 -2.666e-01  7.879e-02 -1.220e-04 
  7.851e-10  2.569e-03  3.580e-04 -1.220e-04  7.967e-07 
ERR MATRIX NOT POS-DEF
 PARAMETER  CORRELATION COEFFICIENTS  
       NO.  GLOBAL     14     18     19     20     22
       14  0.00470   1.000 -0.001 -0.001  0.001  0.001
       18  0.99720  -0.001  1.000 -0.584 -0.452  0.191
       19  0.99721  -0.001 -0.584  1.000 -0.454  0.192
       20  0.99688   0.001 -0.452 -0.454  1.000 -0.487
       22  0.75871   0.001  0.191  0.192 -0.487  1.000
 ERR MATRIX NOT POS-DEF
MINUIT - FIT ALTOGETHER
 **********
 **   92 **RES 
 **********
                   PARAMETER    8  phi_CBO RESTORED TO VARIABLE.
                   PARAMETER    7  w_CBO RESTORED TO VARIABLE.
                   PARAMETER    6  A_CBO RESTORED TO VARIABLE.
                   PARAMETER    4  phi RESTORED TO VARIABLE.
                   PARAMETER    3  A0 RESTORED TO VARIABLE.
                   PARAMETER    1  N0 RESTORED TO VARIABLE.
 **********
