 + ++++++++++++++++++++++++++++++++++++++++++++++++++++++++++++++++++++ +
 +                                                                      +
 +           You have chose to blind your fitting according to          +
 +                omega_ref * (1 + (R +/- deltaR) *10^{-6})             +
 +                                                                      +
 + ++++++++++++++++++++++++++++++++++++++++++++++++++++++++++++++++++++ +
In main()...
reading format from /gm2data/zkhechad/run45/envelope/formats/formatB_sBin_constraintOn.txt
pBinTau 	= 0  
pBinPhi 	= 0  
constraintau 	= 1 
includeMopTerm 	= 0    
constrainMop    = 0   
Parameters after format file: pBinTau 0 pBinPhi 0 constraintau 1 includeMopTerm 0 constrainMop 0 c_e_scale 0.000000 
reading cbo reference file (full fit) from /gm2data/zkhechad/cboTemplates/Run4CBOTemplates/fullFits/run4/sBin_constraintOn_cE0.0_seed0_run4_calo22.root
A_CBO 0.009526 w_CBO 2.326135 phi_CBO 3.153773 N0 2910883.778789 R -61.156963 tau 64.406920 
Reading cboRef file /gm2data/zkhechad/cboTemplates/Run4CBOTemplates//cboIsolate/run4_calo22.root
deltaT 164.120000
windowBins = 1100
fitting sliding window 1460 from bin 1663 at 248.119600 to bin 2763 at 412.239600 (1100 bins)

Reading data from /gm2data/cornell/histograms/aMethod/histogram_a_run4.root
fitting cbo isolate
 **********
 **    1 **SET PRINTOUT            1
 **********
 **********
 **    2 **SET NOWARNINGS 
 **********
 PARAMETER DEFINITIONS:
    NO.   NAME         VALUE      STEP SIZE      LIMITS
     1 A_CBO        9.52554e-03  1.00000e-05     no limits
     2 w_CBO        2.32614e+00  1.00000e-02    2.00000e+00  3.00000e+00
     3 phi_CBO      3.15377e+00  1.00000e-02    0.00000e+00  6.28319e+00
 **********
 **    3 **MIGRAD
 **********
 FIRST CALL TO USER FUNCTION AT NEW START POINT, WITH IFLAG=4.
 START MIGRAD MINIMIZATION.  STRATEGY  1.  CONVERGENCE WHEN EDM .LT. 1.00e-04
 FCN=0.0537145 FROM MIGRAD    STATUS=INITIATE       12 CALLS          13 TOTAL
                     EDM= unknown      STRATEGY= 1      NO ERROR MATRIX       
  EXT PARAMETER               CURRENT GUESS       STEP         FIRST   
  NO.   NAME      VALUE            ERROR          SIZE      DERIVATIVE 
   1  A_CBO        9.52554e-03   1.00000e-05   1.00000e-05   7.41035e+00
   2  w_CBO        2.32614e+00   1.00000e-02   2.13335e-02  -2.95940e-01
   3  phi_CBO      3.15377e+00   1.00000e-02   3.18313e-03   5.88671e-03
 MIGRAD MINIMIZATION HAS CONVERGED.
 MIGRAD WILL VERIFY CONVERGENCE AND ERROR MATRIX.
 COVARIANCE MATRIX CALCULATED SUCCESSFULLY
 FCN=0.028787 FROM MIGRAD    STATUS=CONVERGED      49 CALLS          50 TOTAL
                     EDM=1.71833e-06    STRATEGY= 1      ERROR MATRIX ACCURATE 
  EXT PARAMETER                                   STEP         FIRST   
  NO.   NAME      VALUE            ERROR          SIZE      DERIVATIVE 
   1  A_CBO        2.80075e-03   4.26178e-02   2.10905e-05  -1.00635e-02
   2  w_CBO        2.32625e+00   2.94495e-01   4.93203e-05  -1.28741e-03
   3  phi_CBO      3.12045e+00   4.69927e+00   2.40032e-03  -2.87555e-05
 EXTERNAL ERROR MATRIX.    NDIM=  25    NPAR=  3    ERR DEF=1
  1.816e-03 -5.011e-04 -1.622e-01 
 -5.011e-04  1.014e-01  3.269e+01 
 -1.622e-01  3.269e+01  1.077e+04 
 PARAMETER  CORRELATION COEFFICIENTS  
       NO.  GLOBAL      1      2      3
        1  0.03694   1.000 -0.037 -0.037
        2  0.98920  -0.037  1.000  0.989
        3  0.98920  -0.037  0.989  1.000
setting A_CBO=0.002801 w_CBO=2.326247, phi_CBO=3.120454
done fitting cbo isolate
 **********
 **    1 **SET PRINTOUT            1
 **********
 **********
 **    2 **SET NOWARNINGS 
 **********
 PARAMETER DEFINITIONS:
    NO.   NAME         VALUE      STEP SIZE      LIMITS
     1 N0           2.91088e+06  1.00000e+02     no limits
     2 tau          6.44069e+01  constant
     3 A0           3.51795e-01  1.00000e-04     no limits
     4 phi          4.11585e+00  1.00000e-02     no limits
     5 R           -6.11570e+01  constant
     6 A_CBO        2.80075e-03  1.00000e-05     no limits
     7 w_CBO        2.32625e+00  1.00000e-03     no limits
     8 phi_CBO      3.12045e+00  1.00000e-04     no limits
     9 ANx2         8.59960e-04  constant
    10 pNx2         1.29548e+00  constant
    11 ANy1         0.00000e+00  constant
    12 pNy1         0.00000e+00  constant
    13 w_y          0.00000e+00  constant
    14 ANy2         8.55552e-03  1.00000e-04     no limits
    15 pNy2         3.07836e+00  constant
    16 w_vw         1.43006e+01  constant
    17 LM           1.55944e-04  constant
    18 wCBO_expCoeff   2.00000e+02  1.00000e+00     no limits
    19 wCBO_expOffset   2.00000e+02  1.00000e+00     no limits
    20 wCBO_expT    3.00000e+01  1.00000e+00     no limits
    21 wCBO_linCoeff   0.00000e+00  constant
    22 wCBO_const   0.00000e+00  1.00000e-02     no limits
MINUIT - FIT ONLY WIGGLE
 **********
 **    3 **FIX            5
 **********
 PARAMETER    5  IS CONSTANT.   IGNORED.
 **********
 **    4 **FIX            6
 **********
 **********
 **    5 **FIX            7
 **********
 **********
 **    6 **FIX            8
 **********
 **********
 **    7 **FIX            9
 **********
 PARAMETER    9  IS CONSTANT.   IGNORED.
 **********
 **    8 **FIX           10
 **********
 PARAMETER   10  IS CONSTANT.   IGNORED.
 **********
 **    9 **FIX           11
 **********
 PARAMETER   11  IS CONSTANT.   IGNORED.
 **********
 **   10 **FIX           12
 **********
 PARAMETER   12  IS CONSTANT.   IGNORED.
 **********
 **   11 **FIX           13
 **********
 PARAMETER   13  IS CONSTANT.   IGNORED.
 **********
 **   12 **FIX           14
 **********
 **********
 **   13 **FIX           15
 **********
 PARAMETER   15  IS CONSTANT.   IGNORED.
 **********
 **   14 **FIX           16
 **********
 PARAMETER   16  IS CONSTANT.   IGNORED.
 **********
 **   15 **MIGRAD
 **********
 FIRST CALL TO USER FUNCTION AT NEW START POINT, WITH IFLAG=4.
 START MIGRAD MINIMIZATION.  STRATEGY  1.  CONVERGENCE WHEN EDM .LT. 1.00e-04
 FCN=1117.26 FROM MIGRAD    STATUS=INITIATE       56 CALLS          57 TOTAL
                     EDM= unknown      STRATEGY= 1      NO ERROR MATRIX       
  EXT PARAMETER               CURRENT GUESS       STEP         FIRST   
  NO.   NAME      VALUE            ERROR          SIZE      DERIVATIVE 
   1  N0           2.91088e+06   1.00000e+02   0.00000e+00   2.52733e-03
   2  tau          6.44069e+01   constant   
   3  A0           3.51795e-01   1.00000e-04   0.00000e+00  -4.40128e+03
   4  phi          4.11585e+00   1.00000e-02   0.00000e+00  -5.03223e+02
   5  R           -6.11570e+01   constant   
   6  A_CBO        2.80075e-03     fixed    
   7  w_CBO        2.32625e+00     fixed    
   8  phi_CBO      3.12045e+00     fixed    
   9  ANx2         8.59960e-04   constant   
  10  pNx2         1.29548e+00   constant   
  11  ANy1         0.00000e+00   constant   
  12  pNy1         0.00000e+00   constant   
  13  w_y          0.00000e+00   constant   
  14  ANy2         8.55552e-03     fixed    
  15  pNy2         3.07836e+00   constant   
  16  w_vw         1.43006e+01   constant   
  17  LM           1.55944e-04   constant   
  18  wCBO_expCoeff   2.00012e+02   1.00000e+00   1.20114e-02   7.30814e+01
  19  wCBO_expOffset   2.00000e+02   1.00000e+00   0.00000e+00   4.75059e+02
  20  wCBO_expT    3.00000e+01   1.00000e+00   0.00000e+00   2.96952e+03
  21  wCBO_linCoeff   0.00000e+00   constant   
  22  wCBO_const   0.00000e+00   1.00000e-02   0.00000e+00   5.03759e+03
 MIGRAD MINIMIZATION HAS CONVERGED.
 FCN=1081.19 FROM MIGRAD    STATUS=CONVERGED     486 CALLS         487 TOTAL
                     EDM=2.47123e-06    STRATEGY= 1  ERROR MATRIX UNCERTAINTY   0.2 per cent
  EXT PARAMETER                                   STEP         FIRST   
  NO.   NAME      VALUE            ERROR          SIZE      DERIVATIVE 
   1  N0           2.91065e+06   6.87170e+02  -2.50201e-01   4.17101e-08
   2  tau          6.44069e+01   constant   
   3  A0           3.52124e-01   3.14283e-04   1.86945e-07  -1.19653e+00
   4  phi          4.11639e+00   9.33401e-04  -4.18025e-07   1.87792e-01
   5  R           -6.11570e+01   constant   
   6  A_CBO        2.80075e-03     fixed    
   7  w_CBO        2.32625e+00     fixed    
   8  phi_CBO      3.12045e+00     fixed    
   9  ANx2         8.59960e-04   constant   
  10  pNx2         1.29548e+00   constant   
  11  ANy1         0.00000e+00   constant   
  12  pNy1         0.00000e+00   constant   
  13  w_y          0.00000e+00   constant   
  14  ANy2         8.55552e-03     fixed    
  15  pNy2         3.07836e+00   constant   
  16  w_vw         1.43006e+01   constant   
  17  LM           1.55944e-04   constant   
  18  wCBO_expCoeff   2.00056e+02   1.05327e-02  -4.78213e-06   6.97810e-01
  19  wCBO_expOffset   2.00007e+02   1.50084e-03   4.74902e-07  -2.89985e+00
  20  wCBO_expT    3.00014e+01   1.71206e-03  -1.41358e-06   1.73386e+00
  21  wCBO_linCoeff   0.00000e+00   constant   
  22  wCBO_const  -8.16368e-03   7.29851e-04   2.11407e-06   5.54635e-01
 EXTERNAL ERROR MATRIX.    NDIM=  25    NPAR=  7    ERR DEF=1
  4.722e+05  7.872e-03  2.849e-03  1.393e-01  6.764e-03 -4.904e-03 -1.066e-02 
  7.872e-03  9.877e-08  1.006e-09  1.214e-07 -7.030e-09 -1.146e-08  1.562e-09 
  2.849e-03  1.006e-09  8.712e-07  4.963e-07  1.132e-07 -8.756e-08  2.619e-08 
  1.393e-01  1.214e-07  4.963e-07  1.109e-04  1.273e-05 -1.611e-05  3.542e-06 
  6.764e-03 -7.030e-09  1.132e-07  1.273e-05  2.253e-06 -2.398e-06  7.060e-07 
 -4.904e-03 -1.146e-08 -8.756e-08 -1.611e-05 -2.398e-06  2.931e-06 -9.396e-07 
 -1.066e-02  1.562e-09  2.619e-08  3.542e-06  7.060e-07 -9.396e-07  5.327e-07 
 PARAMETER  CORRELATION COEFFICIENTS  
       NO.  GLOBAL      1      3      4     18     19     20     22
        1  0.05347   1.000  0.036  0.004  0.019  0.007 -0.004 -0.021
        3  0.11344   0.036  1.000  0.003  0.037 -0.015 -0.021  0.007
        4  0.11313   0.004  0.003  1.000  0.050  0.081 -0.055  0.038
       18  0.96312   0.019  0.037  0.050  1.000  0.805 -0.894  0.461
       19  0.95502   0.007 -0.015  0.081  0.805  1.000 -0.933  0.645
       20  0.99053  -0.004 -0.021 -0.055 -0.894 -0.933  1.000 -0.752
       22  0.92101  -0.021  0.007  0.038  0.461  0.645 -0.752  1.000
MINUIT - FIT ONLY 1-CBO + other amplitudes 
 **********
 **   16 **RES 
 **********
                   PARAMETER   14  ANy2 RESTORED TO VARIABLE.
                   PARAMETER    8  phi_CBO RESTORED TO VARIABLE.
                   PARAMETER    7  w_CBO RESTORED TO VARIABLE.
                   PARAMETER    6  A_CBO RESTORED TO VARIABLE.
 **********
 **   17 **FIX            0
 **********
 PARAMETER    0  IS UNDEFINED. IGNORED.
 **********
 **   18 **FIX            1
 **********
 **********
 **   19 **FIX            2
 **********
 PARAMETER    2  IS CONSTANT.   IGNORED.
 **********
 **   20 **FIX            3
 **********
 **********
 **   21 **FIX            4
 **********
 **********
 **   22 **FIX            9
 **********
 PARAMETER    9  IS CONSTANT.   IGNORED.
 **********
 **   23 **FIX           11
 **********
 PARAMETER   11  IS CONSTANT.   IGNORED.
 **********
 **   24 **FIX           12
 **********
 PARAMETER   12  IS CONSTANT.   IGNORED.
 **********
 **   25 **FIX           14
 **********
 **********
 **   26 **FIX           15
 **********
 PARAMETER   15  IS CONSTANT.   IGNORED.
 **********
 **   27 **FIX           16
 **********
 PARAMETER   16  IS CONSTANT.   IGNORED.
 **********
 **   28 **MIGRAD
 **********
 START MIGRAD MINIMIZATION.  STRATEGY  1.  CONVERGENCE WHEN EDM .LT. 1.00e-04
 FCN=1081.19 FROM MIGRAD    STATUS=INITIATE       22 CALLS         509 TOTAL
                     EDM= unknown      STRATEGY= 1      NO ERROR MATRIX       
  EXT PARAMETER               CURRENT GUESS       STEP         FIRST   
  NO.   NAME      VALUE            ERROR          SIZE      DERIVATIVE 
   1  N0           2.91065e+06     fixed    
   2  tau          6.44069e+01   constant   
   3  A0           3.52124e-01     fixed    
   4  phi          4.11639e+00     fixed    
   5  R           -6.11570e+01   constant   
   6  A_CBO        2.80075e-03   1.00000e-05   1.00000e-05   3.06950e+04
   7  w_CBO        2.32625e+00   1.00000e-03   1.00000e-03   6.00743e+01
   8  phi_CBO      3.12045e+00   1.00000e-04   1.00000e-04   6.49259e+00
   9  ANx2         8.59960e-04   constant   
  10  pNx2         1.29548e+00   constant   
  11  ANy1         0.00000e+00   constant   
  12  pNy1         0.00000e+00   constant   
  13  w_y          0.00000e+00   constant   
  14  ANy2         8.55552e-03     fixed    
  15  pNy2         3.07836e+00   constant   
  16  w_vw         1.43006e+01   constant   
  17  LM           1.55944e-04   constant   
  18  wCBO_expCoeff   2.00056e+02   1.05327e-02  -4.78213e-06   6.97810e-01
  19  wCBO_expOffset   2.00007e+02   1.50084e-03   4.74902e-07  -2.89985e+00
  20  wCBO_expT    3.00014e+01   1.71206e-03  -1.41358e-06   1.73386e+00
  21  wCBO_linCoeff   0.00000e+00   constant   
  22  wCBO_const  -8.16368e-03   7.29851e-04   2.11407e-06   5.54581e-01
 MIGRAD MINIMIZATION HAS CONVERGED.
 MIGRAD WILL VERIFY CONVERGENCE AND ERROR MATRIX.
 COVARIANCE MATRIX CALCULATED SUCCESSFULLY
 FCN=1043.97 FROM MIGRAD    STATUS=CONVERGED     384 CALLS         871 TOTAL
                     EDM=2.66714e-06    STRATEGY= 1      ERROR MATRIX ACCURATE 
  EXT PARAMETER                                   STEP         FIRST   
  NO.   NAME      VALUE            ERROR          SIZE      DERIVATIVE 
   1  N0           2.91065e+06     fixed    
   2  tau          6.44069e+01   constant   
   3  A0           3.52124e-01     fixed    
   4  phi          4.11639e+00     fixed    
   5  R           -6.11570e+01   constant   
   6  A_CBO        1.07544e-03   3.34500e-04   5.22885e-06   4.20580e+00
   7  w_CBO        2.32644e+00   4.91225e-04   1.10933e-06  -1.06469e+01
   8  phi_CBO      1.62355e+00   4.04996e-01   4.91891e-03   4.96618e-03
   9  ANx2         8.59960e-04   constant   
  10  pNx2         1.29548e+00   constant   
  11  ANy1         0.00000e+00   constant   
  12  pNy1         0.00000e+00   constant   
  13  w_y          0.00000e+00   constant   
  14  ANy2         8.55552e-03     fixed    
  15  pNy2         3.07836e+00   constant   
  16  w_vw         1.43006e+01   constant   
  17  LM           1.55944e-04   constant   
  18  wCBO_expCoeff   2.00074e+02   4.28361e-02   9.54026e-05  -1.02497e-01
  19  wCBO_expOffset   2.00009e+02   3.01149e-03   9.53718e-05  -7.08001e-01
  20  wCBO_expT    2.99965e+01   1.53805e-03   1.43034e-05  -2.36015e+00
  21  wCBO_linCoeff   0.00000e+00   constant   
  22  wCBO_const  -8.18760e-03   5.95474e-04   4.16226e-06  -4.29558e+00
 EXTERNAL ERROR MATRIX.    NDIM=  25    NPAR=  7    ERR DEF=1
  1.119e-07 -2.793e-09  8.486e-07 -2.379e-07 -4.806e-08  6.407e-08 -1.240e-08 
 -2.793e-09  2.413e-07 -5.182e-06 -1.696e-05 -3.125e-07 -1.418e-07 -7.061e-08 
  8.486e-07 -5.182e-06  1.640e-01 -5.550e-04  5.206e-05  1.075e-04  2.468e-05 
 -2.379e-07 -1.696e-05 -5.550e-04  1.835e-03 -3.136e-05 -1.397e-05  1.041e-05 
 -4.806e-08 -3.125e-07  5.206e-05 -3.136e-05  9.069e-06 -5.378e-08  1.273e-07 
  6.407e-08 -1.418e-07  1.075e-04 -1.397e-05 -5.378e-08  2.366e-06 -5.841e-07 
 -1.240e-08 -7.061e-08  2.468e-05  1.041e-05  1.273e-07 -5.841e-07  3.546e-07 
 PARAMETER  CORRELATION COEFFICIENTS  
       NO.  GLOBAL      6      7      8     18     19     20     22
        6  0.13883   1.000 -0.017  0.006 -0.017 -0.048  0.125 -0.062
        7  0.99647  -0.017  1.000 -0.026 -0.806 -0.211 -0.188 -0.241
        8  0.63924   0.006 -0.026  1.000 -0.032  0.043  0.173  0.102
       18  0.99620  -0.017 -0.806 -0.032  1.000 -0.243 -0.212  0.408
       19  0.98258  -0.048 -0.211  0.043 -0.243  1.000 -0.012  0.071
       20  0.98644   0.125 -0.188  0.173 -0.212 -0.012  1.000 -0.638
       22  0.89663  -0.062 -0.241  0.102  0.408  0.071 -0.638  1.000
MINUIT - FIT ONLY 1-CBO
 **********
 **   29 **RES 
 **********
                   PARAMETER   14  ANy2 RESTORED TO VARIABLE.
                   PARAMETER    4  phi RESTORED TO VARIABLE.
                   PARAMETER    3  A0 RESTORED TO VARIABLE.
                   PARAMETER    1  N0 RESTORED TO VARIABLE.
 **********
 **   30 **FIX            0
 **********
 PARAMETER    0  IS UNDEFINED. IGNORED.
 **********
 **   31 **FIX            1
 **********
 **********
 **   32 **FIX            2
 **********
 PARAMETER    2  IS CONSTANT.   IGNORED.
 **********
 **   33 **FIX            3
 **********
 **********
 **   34 **FIX            4
 **********
 **********
 **   35 **FIX            8
 **********
 **********
 **   36 **FIX            9
 **********
 PARAMETER    9  IS CONSTANT.   IGNORED.
 **********
 **   37 **FIX           11
 **********
 PARAMETER   11  IS CONSTANT.   IGNORED.
 **********
 **   38 **FIX           12
 **********
 PARAMETER   12  IS CONSTANT.   IGNORED.
 **********
 **   39 **FIX           13
 **********
 PARAMETER   13  IS CONSTANT.   IGNORED.
 **********
 **   40 **FIX           15
 **********
 PARAMETER   15  IS CONSTANT.   IGNORED.
 **********
 **   41 **FIX           16
 **********
 PARAMETER   16  IS CONSTANT.   IGNORED.
 **********
 **   42 **MIGRAD
 **********
 START MIGRAD MINIMIZATION.  STRATEGY  1.  CONVERGENCE WHEN EDM .LT. 1.00e-04
 FCN=1043.97 FROM MIGRAD    STATUS=INITIATE       16 CALLS         887 TOTAL
                     EDM= unknown      STRATEGY= 1      NO ERROR MATRIX       
  EXT PARAMETER               CURRENT GUESS       STEP         FIRST   
  NO.   NAME      VALUE            ERROR          SIZE      DERIVATIVE 
   1  N0           2.91065e+06     fixed    
   2  tau          6.44069e+01   constant   
   3  A0           3.52124e-01     fixed    
   4  phi          4.11639e+00     fixed    
   5  R           -6.11570e+01   constant   
   6  A_CBO        1.07544e-03   3.34500e-04   5.22885e-06   4.20580e+00
   7  w_CBO        2.32644e+00   4.91225e-04   1.10933e-06  -1.14628e+01
   8  phi_CBO      1.62355e+00     fixed    
   9  ANx2         8.59960e-04   constant   
  10  pNx2         1.29548e+00   constant   
  11  ANy1         0.00000e+00   constant   
  12  pNy1         0.00000e+00   constant   
  13  w_y          0.00000e+00   constant   
  14  ANy2         8.55552e-03   1.00000e-04   1.00000e-04   1.53763e+05
  15  pNy2         3.07836e+00   constant   
  16  w_vw         1.43006e+01   constant   
  17  LM           1.55944e-04   constant   
  18  wCBO_expCoeff   2.00074e+02   4.28361e-02   9.54026e-05  -1.10816e-01
  19  wCBO_expOffset   2.00009e+02   3.01149e-03   9.53718e-05  -3.15561e+00
  20  wCBO_expT    2.99965e+01   1.53805e-03   1.43034e-05  -2.95868e+00
  21  wCBO_linCoeff   0.00000e+00   constant   
  22  wCBO_const  -8.18760e-03   5.95474e-04   4.16226e-06  -4.30096e+00
 MIGRAD MINIMIZATION HAS CONVERGED.
 MIGRAD WILL VERIFY CONVERGENCE AND ERROR MATRIX.
 FCN=378.366 FROM MIGRAD    STATUS=CONVERGED     202 CALLS        1073 TOTAL
                     EDM=5.00984e-07    STRATEGY= 1      ERR MATRIX NOT POS-DEF
  EXT PARAMETER                APPROXIMATE        STEP         FIRST   
  NO.   NAME      VALUE            ERROR          SIZE      DERIVATIVE 
   1  N0           2.91065e+06     fixed    
   2  tau          6.44069e+01   constant   
   3  A0           3.52124e-01     fixed    
   4  phi          4.11639e+00     fixed    
   5  R           -6.11570e+01   constant   
   6  A_CBO        5.98923e-04   3.45066e-04   3.22319e-06  -5.72335e-01
   7  w_CBO        2.32648e+00   3.24688e-04   1.10935e-06  -1.35546e+01
   8  phi_CBO      1.62355e+00     fixed    
   9  ANx2         8.59960e-04   constant   
  10  pNx2         1.29548e+00   constant   
  11  ANy1         0.00000e+00   constant   
  12  pNy1         0.00000e+00   constant   
  13  w_y          0.00000e+00   constant   
  14  ANy2        -8.37203e-05   3.30479e-04   3.16519e-06  -6.30611e-01
  15  pNy2         3.07836e+00   constant   
  16  w_vw         1.43006e+01   constant   
  17  LM           1.55944e-04   constant   
  18  wCBO_expCoeff   2.00078e+02   2.91178e-02   9.54045e-05  -1.57413e-01
  19  wCBO_expOffset   2.00010e+02   6.75572e-03   9.53720e-05  -1.03663e+00
  20  wCBO_expT    2.99966e+01   1.59545e-03   1.43035e-05  -1.63624e+00
  21  wCBO_linCoeff   0.00000e+00   constant   
  22  wCBO_const  -8.15488e-03   6.16898e-04   2.92828e-06   4.53653e-01
 EXTERNAL ERROR MATRIX.    NDIM=  25    NPAR=  7    ERR DEF=1
  1.191e-07  9.400e-09  1.584e-09  9.054e-07 -4.068e-07  9.302e-08 -1.708e-08 
  9.400e-09  1.054e-07 -1.423e-09 -1.984e-07 -1.367e-06  2.553e-08 -4.729e-08 
  1.584e-09 -1.423e-09  1.092e-07 -1.331e-07  4.674e-08 -7.628e-09 -1.847e-09 
  9.054e-07 -1.984e-07 -1.331e-07  8.478e-04 -1.290e-04  3.073e-06 -4.741e-07 
 -4.068e-07 -1.367e-06  4.674e-08 -1.290e-04  4.564e-05 -4.992e-06  1.555e-06 
  9.302e-08  2.553e-08 -7.628e-09  3.073e-06 -4.992e-06  2.545e-06 -6.717e-07 
 -1.708e-08 -4.729e-08 -1.847e-09 -4.741e-07  1.555e-06 -6.717e-07  3.806e-07 
ERR MATRIX NOT POS-DEF
 PARAMETER  CORRELATION COEFFICIENTS  
       NO.  GLOBAL      6      7     14     18     19     20     22
        6  0.23128   1.000  0.084  0.014  0.090 -0.175  0.169 -0.080
        7  0.99236   0.084  1.000 -0.013 -0.021 -0.623  0.049 -0.236
       14  0.06976   0.014 -0.013  1.000 -0.014  0.021 -0.014 -0.009
       18  0.99237   0.090 -0.021 -0.014  1.000 -0.656  0.066 -0.026
       19  0.99681  -0.175 -0.623  0.021 -0.656  1.000 -0.463  0.373
       20  0.98619   0.169  0.049 -0.014  0.066 -0.463  1.000 -0.682
       22  0.86936  -0.080 -0.236 -0.009 -0.026  0.373 -0.682  1.000
 ERR MATRIX NOT POS-DEF
MINUIT - FIT ONLY 2-CBO
 **********
 **   43 **RES 
 **********
                   PARAMETER    8  phi_CBO RESTORED TO VARIABLE.
                   PARAMETER    4  phi RESTORED TO VARIABLE.
                   PARAMETER    3  A0 RESTORED TO VARIABLE.
                   PARAMETER    1  N0 RESTORED TO VARIABLE.
 **********
 **   44 **FIX            0
 **********
 PARAMETER    0  IS UNDEFINED. IGNORED.
 **********
 **   45 **FIX            1
 **********
 **********
 **   46 **FIX            2
 **********
 PARAMETER    2  IS CONSTANT.   IGNORED.
 **********
 **   47 **FIX            3
 **********
 **********
 **   48 **FIX            4
 **********
 **********
 **   49 **FIX            5
 **********
 PARAMETER    5  IS CONSTANT.   IGNORED.
 **********
 **   50 **FIX            6
 **********
 **********
 **   51 **FIX            7
 **********
 **********
 **   52 **FIX           10
 **********
 PARAMETER   10  IS CONSTANT.   IGNORED.
 **********
 **   53 **FIX           11
 **********
 PARAMETER   11  IS CONSTANT.   IGNORED.
 **********
 **   54 **FIX           12
 **********
 PARAMETER   12  IS CONSTANT.   IGNORED.
 **********
 **   55 **FIX           13
 **********
 PARAMETER   13  IS CONSTANT.   IGNORED.
 **********
 **   56 **FIX           14
 **********
 **********
 **   57 **FIX           15
 **********
 PARAMETER   15  IS CONSTANT.   IGNORED.
 **********
 **   58 **FIX           16
 **********
 PARAMETER   16  IS CONSTANT.   IGNORED.
 **********
 **   59 **MIGRAD
 **********
 START MIGRAD MINIMIZATION.  STRATEGY  1.  CONVERGENCE WHEN EDM .LT. 1.00e-04
 FCN=378.366 FROM MIGRAD    STATUS=INITIATE       12 CALLS        1085 TOTAL
                     EDM= unknown      STRATEGY= 1      NO ERROR MATRIX       
  EXT PARAMETER               CURRENT GUESS       STEP         FIRST   
  NO.   NAME      VALUE            ERROR          SIZE      DERIVATIVE 
   1  N0           2.91065e+06     fixed    
   2  tau          6.44069e+01   constant   
   3  A0           3.52124e-01     fixed    
   4  phi          4.11639e+00     fixed    
   5  R           -6.11570e+01   constant   
   6  A_CBO        5.98923e-04     fixed    
   7  w_CBO        2.32648e+00     fixed    
   8  phi_CBO      1.62355e+00   4.04996e-01   4.04996e-01   1.85354e+00
   9  ANx2         8.59960e-04   constant   
  10  pNx2         1.29548e+00   constant   
  11  ANy1         0.00000e+00   constant   
  12  pNy1         0.00000e+00   constant   
  13  w_y          0.00000e+00   constant   
  14  ANy2        -8.37203e-05     fixed    
  15  pNy2         3.07836e+00   constant   
  16  w_vw         1.43006e+01   constant   
  17  LM           1.55944e-04   constant   
  18  wCBO_expCoeff   2.00078e+02   2.91178e-02   9.54045e-05  -1.49724e-01
  19  wCBO_expOffset   2.00010e+02   6.75572e-03   9.53720e-05   1.96126e+00
  20  wCBO_expT    2.99966e+01   1.59545e-03   1.43035e-05  -9.89684e-01
  21  wCBO_linCoeff   0.00000e+00   constant   
  22  wCBO_const  -8.15488e-03   6.16898e-04   2.92828e-06   4.55448e-01
 MIGRAD MINIMIZATION HAS CONVERGED.
 MIGRAD WILL VERIFY CONVERGENCE AND ERROR MATRIX.
 FCN=378.043 FROM MIGRAD    STATUS=CONVERGED     121 CALLS        1194 TOTAL
                     EDM=9.65651e-06    STRATEGY= 1      ERR MATRIX NOT POS-DEF
  EXT PARAMETER                APPROXIMATE        STEP         FIRST   
  NO.   NAME      VALUE            ERROR          SIZE      DERIVATIVE 
   1  N0           2.91065e+06     fixed    
   2  tau          6.44069e+01   constant   
   3  A0           3.52124e-01     fixed    
   4  phi          4.11639e+00     fixed    
   5  R           -6.11570e+01   constant   
   6  A_CBO        5.98923e-04     fixed    
   7  w_CBO        2.32648e+00     fixed    
   8  phi_CBO      1.27352e+00   6.12356e-01   5.18091e-03   4.86170e-04
   9  ANx2         8.59960e-04   constant   
  10  pNx2         1.29548e+00   constant   
  11  ANy1         0.00000e+00   constant   
  12  pNy1         0.00000e+00   constant   
  13  w_y          0.00000e+00   constant   
  14  ANy2        -8.37203e-05     fixed    
  15  pNy2         3.07836e+00   constant   
  16  w_vw         1.43006e+01   constant   
  17  LM           1.55944e-04   constant   
  18  wCBO_expCoeff   2.00079e+02   3.57085e-02   9.54051e-05  -3.78516e-01
  19  wCBO_expOffset   2.00010e+02   7.06230e-03   9.53721e-05  -2.50573e+00
  20  wCBO_expT    2.99963e+01   1.76595e-03   1.43034e-05  -1.98820e+00
  21  wCBO_linCoeff   0.00000e+00   constant   
  22  wCBO_const  -8.14609e-03   6.12469e-04   2.92024e-06  -4.02161e-01
 EXTERNAL ERROR MATRIX.    NDIM=  25    NPAR=  5    ERR DEF=1
  3.750e-01  2.932e-03 -8.449e-04  2.781e-04 -8.074e-06 
  2.932e-03  1.275e-03 -2.316e-04  2.438e-05 -4.830e-06 
 -8.449e-04 -2.316e-04  4.988e-05 -8.797e-06  1.742e-06 
  2.781e-04  2.438e-05 -8.797e-06  3.119e-06 -7.536e-07 
 -8.074e-06 -4.830e-06  1.742e-06 -7.536e-07  3.751e-07 
ERR MATRIX NOT POS-DEF
 PARAMETER  CORRELATION COEFFICIENTS  
       NO.  GLOBAL      8     18     19     20     22
        8  0.47722   1.000  0.134 -0.195  0.257 -0.022
       18  0.99467   0.134  1.000 -0.918  0.387 -0.221
       19  0.99694  -0.195 -0.918  1.000 -0.705  0.403
       20  0.98836   0.257  0.387 -0.705  1.000 -0.697
       22  0.86881  -0.022 -0.221  0.403 -0.697  1.000
 ERR MATRIX NOT POS-DEF
MINUIT - FIT ONLY 1-y
 **********
 **   60 **RES 
 **********
                   PARAMETER   14  ANy2 RESTORED TO VARIABLE.
                   PARAMETER    7  w_CBO RESTORED TO VARIABLE.
                   PARAMETER    6  A_CBO RESTORED TO VARIABLE.
                   PARAMETER    4  phi RESTORED TO VARIABLE.
                   PARAMETER    3  A0 RESTORED TO VARIABLE.
                   PARAMETER    1  N0 RESTORED TO VARIABLE.
 **********
 **   61 **FIX            0
 **********
 PARAMETER    0  IS UNDEFINED. IGNORED.
 **********
 **   62 **FIX            1
 **********
 **********
 **   63 **FIX            2
 **********
 PARAMETER    2  IS CONSTANT.   IGNORED.
 **********
 **   64 **FIX            3
 **********
 **********
 **   65 **FIX            4
 **********
 **********
 **   66 **FIX            5
 **********
 PARAMETER    5  IS CONSTANT.   IGNORED.
 **********
 **   67 **FIX            6
 **********
 **********
 **   68 **FIX            7
 **********
 **********
 **   69 **FIX            8
 **********
 **********
 **   70 **FIX            9
 **********
 PARAMETER    9  IS CONSTANT.   IGNORED.
 **********
 **   71 **FIX           13
 **********
 PARAMETER   13  IS CONSTANT.   IGNORED.
 **********
 **   72 **FIX           14
 **********
 **********
 **   73 **FIX           15
 **********
 PARAMETER   15  IS CONSTANT.   IGNORED.
 **********
 **   74 **FIX           16
 **********
 PARAMETER   16  IS CONSTANT.   IGNORED.
 **********
 **   75 **MIGRAD
 **********
 START MIGRAD MINIMIZATION.  STRATEGY  1.  CONVERGENCE WHEN EDM .LT. 1.00e-04
 FCN=378.043 FROM MIGRAD    STATUS=INITIATE        8 CALLS        1202 TOTAL
                     EDM= unknown      STRATEGY= 1      NO ERROR MATRIX       
  EXT PARAMETER               CURRENT GUESS       STEP         FIRST   
  NO.   NAME      VALUE            ERROR          SIZE      DERIVATIVE 
   1  N0           2.91065e+06     fixed    
   2  tau          6.44069e+01   constant   
   3  A0           3.52124e-01     fixed    
   4  phi          4.11639e+00     fixed    
   5  R           -6.11570e+01   constant   
   6  A_CBO        5.98923e-04     fixed    
   7  w_CBO        2.32648e+00     fixed    
   8  phi_CBO      1.27352e+00     fixed    
   9  ANx2         8.59960e-04   constant   
  10  pNx2         1.29548e+00   constant   
  11  ANy1         0.00000e+00   constant   
  12  pNy1         0.00000e+00   constant   
  13  w_y          0.00000e+00   constant   
  14  ANy2        -8.37203e-05     fixed    
  15  pNy2         3.07836e+00   constant   
  16  w_vw         1.43006e+01   constant   
  17  LM           1.55944e-04   constant   
  18  wCBO_expCoeff   2.00079e+02   3.57085e-02   9.54051e-05  -3.67539e-01
  19  wCBO_expOffset   2.00010e+02   7.06230e-03   9.53721e-05   1.77456e+00
  20  wCBO_expT    2.99963e+01   1.76595e-03   1.43034e-05  -1.16126e+00
  21  wCBO_linCoeff   0.00000e+00   constant   
  22  wCBO_const  -8.14609e-03   6.12469e-04   2.92024e-06  -3.98308e-01
 MIGRAD MINIMIZATION HAS CONVERGED.
 MIGRAD WILL VERIFY CONVERGENCE AND ERROR MATRIX.
 FCN=378.043 FROM MIGRAD    STATUS=CONVERGED      48 CALLS        1242 TOTAL
                     EDM=9.01702e-06    STRATEGY= 1      ERR MATRIX NOT POS-DEF
  EXT PARAMETER                APPROXIMATE        STEP         FIRST   
  NO.   NAME      VALUE            ERROR          SIZE      DERIVATIVE 
   1  N0           2.91065e+06     fixed    
   2  tau          6.44069e+01   constant   
   3  A0           3.52124e-01     fixed    
   4  phi          4.11639e+00     fixed    
   5  R           -6.11570e+01   constant   
   6  A_CBO        5.98923e-04     fixed    
   7  w_CBO        2.32648e+00     fixed    
   8  phi_CBO      1.27352e+00     fixed    
   9  ANx2         8.59960e-04   constant   
  10  pNx2         1.29548e+00   constant   
  11  ANy1         0.00000e+00   constant   
  12  pNy1         0.00000e+00   constant   
  13  w_y          0.00000e+00   constant   
  14  ANy2        -8.37203e-05     fixed    
  15  pNy2         3.07836e+00   constant   
  16  w_vw         1.43006e+01   constant   
  17  LM           1.55944e-04   constant   
  18  wCBO_expCoeff   2.00079e+02   3.69440e-02   9.54051e-05  -1.39563e-01
  19  wCBO_expOffset   2.00010e+02   7.26159e-03   9.53721e-05  -8.88537e-01
  20  wCBO_expT    2.99963e+01   1.74895e-03   1.43034e-05   1.38346e+00
  21  wCBO_linCoeff   0.00000e+00   constant   
  22  wCBO_const  -8.14607e-03   6.18858e-04   2.92036e-06   2.07382e+00
 EXTERNAL ERROR MATRIX.    NDIM=  25    NPAR=  4    ERR DEF=1
  1.365e-03 -2.479e-04  2.569e-05 -5.528e-06 
 -2.479e-04  5.273e-05 -8.943e-06  1.895e-06 
  2.569e-05 -8.943e-06  3.059e-06 -7.814e-07 
 -5.528e-06  1.895e-06 -7.814e-07  3.830e-07 
ERR MATRIX NOT POS-DEF
 PARAMETER  CORRELATION COEFFICIENTS  
       NO.  GLOBAL     18     19     20     22
       18  0.99502   1.000 -0.924  0.398 -0.242
       19  0.99710  -0.924  1.000 -0.704  0.422
       20  0.98812   0.398 -0.704  1.000 -0.722
       22  0.87165  -0.242  0.422 -0.722  1.000
 ERR MATRIX NOT POS-DEF
MINUIT - FIT ONLY 2-y
 **********
 **   76 **RES 
 **********
                   PARAMETER   14  ANy2 RESTORED TO VARIABLE.
                   PARAMETER    8  phi_CBO RESTORED TO VARIABLE.
                   PARAMETER    7  w_CBO RESTORED TO VARIABLE.
                   PARAMETER    6  A_CBO RESTORED TO VARIABLE.
                   PARAMETER    4  phi RESTORED TO VARIABLE.
                   PARAMETER    3  A0 RESTORED TO VARIABLE.
                   PARAMETER    1  N0 RESTORED TO VARIABLE.
 **********
 **   77 **FIX            0
 **********
 PARAMETER    0  IS UNDEFINED. IGNORED.
 **********
 **   78 **FIX            1
 **********
 **********
 **   79 **FIX            2
 **********
 PARAMETER    2  IS CONSTANT.   IGNORED.
 **********
 **   80 **FIX            3
 **********
 **********
 **   81 **FIX            4
 **********
 **********
 **   82 **FIX            5
 **********
 PARAMETER    5  IS CONSTANT.   IGNORED.
 **********
 **   83 **FIX            6
 **********
 **********
 **   84 **FIX            7
 **********
 **********
 **   85 **FIX            8
 **********
 **********
 **   86 **FIX            9
 **********
 PARAMETER    9  IS CONSTANT.   IGNORED.
 **********
 **   87 **FIX           10
 **********
 PARAMETER   10  IS CONSTANT.   IGNORED.
 **********
 **   88 **FIX           11
 **********
 PARAMETER   11  IS CONSTANT.   IGNORED.
 **********
 **   89 **FIX           12
 **********
 PARAMETER   12  IS CONSTANT.   IGNORED.
 **********
 **   90 **FIX           16
 **********
 PARAMETER   16  IS CONSTANT.   IGNORED.
 **********
 **   91 **MIGRAD
 **********
 START MIGRAD MINIMIZATION.  STRATEGY  1.  CONVERGENCE WHEN EDM .LT. 1.00e-04
 FCN=378.043 FROM MIGRAD    STATUS=INITIATE       10 CALLS        1252 TOTAL
                     EDM= unknown      STRATEGY= 1      NO ERROR MATRIX       
  EXT PARAMETER               CURRENT GUESS       STEP         FIRST   
  NO.   NAME      VALUE            ERROR          SIZE      DERIVATIVE 
   1  N0           2.91065e+06     fixed    
   2  tau          6.44069e+01   constant   
   3  A0           3.52124e-01     fixed    
   4  phi          4.11639e+00     fixed    
   5  R           -6.11570e+01   constant   
   6  A_CBO        5.98923e-04     fixed    
   7  w_CBO        2.32648e+00     fixed    
   8  phi_CBO      1.27352e+00     fixed    
   9  ANx2         8.59960e-04   constant   
  10  pNx2         1.29548e+00   constant   
  11  ANy1         0.00000e+00   constant   
  12  pNy1         0.00000e+00   constant   
  13  w_y          0.00000e+00   constant   
  14  ANy2        -8.37203e-05   3.30479e-04   3.30479e-04   2.36880e+02
  15  pNy2         3.07836e+00   constant   
  16  w_vw         1.43006e+01   constant   
  17  LM           1.55944e-04   constant   
  18  wCBO_expCoeff   2.00079e+02   3.69440e-02   9.54051e-05  -1.25098e-01
  19  wCBO_expOffset   2.00010e+02   7.26159e-03   9.53721e-05   3.38489e+00
  20  wCBO_expT    2.99963e+01   1.74895e-03   1.43034e-05   2.20957e+00
  21  wCBO_linCoeff   0.00000e+00   constant   
  22  wCBO_const  -8.14607e-03   6.18858e-04   2.92036e-06   2.07766e+00
 MIGRAD MINIMIZATION HAS CONVERGED.
 MIGRAD WILL VERIFY CONVERGENCE AND ERROR MATRIX.
 FCN=378.041 FROM MIGRAD    STATUS=CONVERGED      70 CALLS        1312 TOTAL
                     EDM=4.6289e-06    STRATEGY= 1      ERR MATRIX NOT POS-DEF
  EXT PARAMETER                APPROXIMATE        STEP         FIRST   
  NO.   NAME      VALUE            ERROR          SIZE      DERIVATIVE 
   1  N0           2.91065e+06     fixed    
   2  tau          6.44069e+01   constant   
   3  A0           3.52124e-01     fixed    
   4  phi          4.11639e+00     fixed    
   5  R           -6.11570e+01   constant   
   6  A_CBO        5.98923e-04     fixed    
   7  w_CBO        2.32648e+00     fixed    
   8  phi_CBO      1.27352e+00     fixed    
   9  ANx2         8.59960e-04   constant   
  10  pNx2         1.29548e+00   constant   
  11  ANy1         0.00000e+00   constant   
  12  pNy1         0.00000e+00   constant   
  13  w_y          0.00000e+00   constant   
  14  ANy2        -9.69527e-05   3.29636e-04   3.16382e-06  -9.32921e-01
  15  pNy2         3.07836e+00   constant   
  16  w_vw         1.43006e+01   constant   
  17  LM           1.55944e-04   constant   
  18  wCBO_expCoeff   2.00079e+02   3.69187e-02   9.54051e-05  -1.17507e-01
  19  wCBO_expOffset   2.00010e+02   7.24928e-03   9.53721e-05  -7.41716e-01
  20  wCBO_expT    2.99963e+01   1.74884e-03   1.43034e-05   3.38451e-01
  21  wCBO_linCoeff   0.00000e+00   constant   
  22  wCBO_const  -8.14586e-03   6.19111e-04   2.91992e-06  -7.24993e-01
 EXTERNAL ERROR MATRIX.    NDIM=  25    NPAR=  5    ERR DEF=1
  1.087e-07 -3.516e-07  7.616e-08 -1.700e-08 -5.747e-10 
 -3.516e-07  1.363e-03 -2.472e-04  2.544e-05 -5.462e-06 
  7.616e-08 -2.472e-04  5.255e-05 -8.904e-06  1.885e-06 
 -1.700e-08  2.544e-05 -8.904e-06  3.058e-06 -7.814e-07 
 -5.747e-10 -5.462e-06  1.885e-06 -7.814e-07  3.833e-07 
ERR MATRIX NOT POS-DEF
 PARAMETER  CORRELATION COEFFICIENTS  
       NO.  GLOBAL     14     18     19     20     22
       14  0.07731   1.000 -0.029  0.032 -0.029 -0.003
       18  0.99502  -0.029  1.000 -0.924  0.394 -0.239
       19  0.99709   0.032 -0.924  1.000 -0.702  0.420
       20  0.98814  -0.029  0.394 -0.702  1.000 -0.722
       22  0.87180  -0.003 -0.239  0.420 -0.722  1.000
 ERR MATRIX NOT POS-DEF
MINUIT - FIT ALTOGETHER
 **********
 **   92 **RES 
 **********
                   PARAMETER    8  phi_CBO RESTORED TO VARIABLE.
                   PARAMETER    7  w_CBO RESTORED TO VARIABLE.
                   PARAMETER    6  A_CBO RESTORED TO VARIABLE.
                   PARAMETER    4  phi RESTORED TO VARIABLE.
                   PARAMETER    3  A0 RESTORED TO VARIABLE.
                   PARAMETER    1  N0 RESTORED TO VARIABLE.
 **********
 **   93 **MIGRAD
 **********
 START MIGRAD MINIMIZATION.  STRATEGY  1.  CONVERGENCE WHEN EDM .LT. 1.00e-04
 FCN=378.041 FROM MIGRAD    STATUS=INITIATE       22 CALLS        1334 TOTAL
                     EDM= unknown      STRATEGY= 1      NO ERROR MATRIX       
  EXT PARAMETER               CURRENT GUESS       STEP         FIRST   
  NO.   NAME      VALUE            ERROR          SIZE      DERIVATIVE 
   1  N0           2.91065e+06   6.87170e+02   6.87170e+02  -3.74542e-04
   2  tau          6.44069e+01   constant   
   3  A0           3.52124e-01   3.14283e-04   3.14283e-04   8.51935e+02
   4  phi          4.11639e+00   9.33401e-04   9.33401e-04   3.32749e+02
   5  R           -6.11570e+01   constant   
   6  A_CBO        5.98923e-04   3.45066e-04   3.45066e-04  -2.49225e+02
   7  w_CBO        2.32648e+00   3.24688e-04   3.24688e-04  -9.03310e+00
   8  phi_CBO      1.27352e+00   6.12356e-01   6.12356e-01   9.46210e-03
   9  ANx2         8.59960e-04   constant   
  10  pNx2         1.29548e+00   constant   
  11  ANy1         0.00000e+00   constant   
  12  pNy1         0.00000e+00   constant   
  13  w_y          0.00000e+00   constant   
  14  ANy2        -9.69527e-05   3.29636e-04   3.16382e-06  -9.32921e-01
  15  pNy2         3.07836e+00   constant   
  16  w_vw         1.43006e+01   constant   
  17  LM           1.55944e-04   constant   
  18  wCBO_expCoeff   2.00079e+02   3.69187e-02   9.54051e-05  -1.03145e-01
  19  wCBO_expOffset   2.00010e+02   7.24928e-03   9.53721e-05   3.50056e+00
  20  wCBO_expT    2.99963e+01   1.74884e-03   1.43034e-05   1.16143e+00
  21  wCBO_linCoeff   0.00000e+00   constant   
  22  wCBO_const  -8.14586e-03   6.19111e-04   2.91992e-06  -7.21152e-01
 MIGRAD MINIMIZATION HAS CONVERGED.
 MIGRAD WILL VERIFY CONVERGENCE AND ERROR MATRIX.
 FCN=377.982 FROM MIGRAD    STATUS=CONVERGED     201 CALLS        1513 TOTAL
                     EDM=7.18842e-05    STRATEGY= 1      ERR MATRIX NOT POS-DEF
  EXT PARAMETER                APPROXIMATE        STEP         FIRST   
  NO.   NAME      VALUE            ERROR          SIZE      DERIVATIVE 
   1  N0           2.91073e+06   6.79467e+02   6.47084e+00  -1.91364e-06
