 + ++++++++++++++++++++++++++++++++++++++++++++++++++++++++++++++++++++ +
 +                                                                      +
 +           You have chose to blind your fitting according to          +
 +                omega_ref * (1 + (R +/- deltaR) *10^{-6})             +
 +                                                                      +
 + ++++++++++++++++++++++++++++++++++++++++++++++++++++++++++++++++++++ +
In main()...
reading format from /gm2data/zkhechad/run45/envelope/formats/formatB_sBin_constraintOn.txt
pBinTau 	= 0  
pBinPhi 	= 0  
constraintau 	= 1 
includeMopTerm 	= 0    
constrainMop    = 0   
Parameters after format file: pBinTau 0 pBinPhi 0 constraintau 1 includeMopTerm 0 constrainMop 0 c_e_scale 0.000000 
reading cbo reference file (full fit) from /gm2data/zkhechad/cboTemplates/Run4CBOTemplates/fullFits/run4/sBin_constraintOn_cE0.0_seed0_run4_calo20.root
A_CBO 0.007307 w_CBO 2.326921 phi_CBO 1.268494 N0 3181980.382925 R -61.000535 tau 64.408953 
Reading cboRef file /gm2data/zkhechad/cboTemplates/Run4CBOTemplates//cboIsolate/run4_calo20.root
deltaT 164.120000
windowBins = 1100
fitting sliding window 2120 from bin 2323 at 346.591600 to bin 3423 at 510.711600 (1100 bins)

Reading data from /gm2data/cornell/histograms/aMethod/histogram_a_run4.root
fitting cbo isolate
 **********
 **    1 **SET PRINTOUT            1
 **********
 **********
 **    2 **SET NOWARNINGS 
 **********
 PARAMETER DEFINITIONS:
    NO.   NAME         VALUE      STEP SIZE      LIMITS
     1 A_CBO        7.30680e-03  1.00000e-05     no limits
     2 w_CBO        2.32692e+00  1.00000e-02    2.00000e+00  3.00000e+00
     3 phi_CBO      1.26849e+00  1.00000e-02    0.00000e+00  6.28319e+00
 **********
 **    3 **MIGRAD
 **********
 FIRST CALL TO USER FUNCTION AT NEW START POINT, WITH IFLAG=4.
 START MIGRAD MINIMIZATION.  STRATEGY  1.  CONVERGENCE WHEN EDM .LT. 1.00e-04
 FCN=0.170671 FROM MIGRAD    STATUS=INITIATE       12 CALLS          13 TOTAL
                     EDM= unknown      STRATEGY= 1      NO ERROR MATRIX       
  EXT PARAMETER               CURRENT GUESS       STEP         FIRST   
  NO.   NAME      VALUE            ERROR          SIZE      DERIVATIVE 
   1  A_CBO        7.30680e-03   1.00000e-05   1.00000e-05   6.69011e+00
   2  w_CBO        2.32692e+00   1.00000e-02   2.13202e-02   6.44474e-01
   3  phi_CBO      1.26849e+00   1.00000e-02   3.96494e-03  -8.24684e-03
 MIGRAD MINIMIZATION HAS CONVERGED.
 MIGRAD WILL VERIFY CONVERGENCE AND ERROR MATRIX.
 FCN=0.150185 FROM HESSE     STATUS=NOT POSDEF     16 CALLS          58 TOTAL
                     EDM=0.000201153    STRATEGY= 1      ERR MATRIX NOT POS-DEF
  EXT PARAMETER                APPROXIMATE        STEP         FIRST   
  NO.   NAME      VALUE            ERROR          SIZE      DERIVATIVE 
   1  A_CBO        1.27591e-03   5.33017e-02   2.23396e-05  -1.11528e-02
   2  w_CBO        2.32645e+00   6.15286e-01   1.02906e-04   1.26639e-02
   3  phi_CBO      1.40007e+00   3.34642e+00   6.98719e-03  -4.36154e-05
 MIGRAD MINIMIZATION HAS CONVERGED.
 MIGRAD WILL VERIFY CONVERGENCE AND ERROR MATRIX.
 COVARIANCE MATRIX CALCULATED SUCCESSFULLY
 FCN=0.150146 FROM MIGRAD    STATUS=CONVERGED     106 CALLS         107 TOTAL
                     EDM=3.79499e-05    STRATEGY= 1      ERROR MATRIX ACCURATE 
  EXT PARAMETER                                   STEP         FIRST   
  NO.   NAME      VALUE            ERROR          SIZE      DERIVATIVE 
   1  A_CBO        1.34533e-03   4.34702e-02   2.23349e-05   3.60875e-02
   2  w_CBO        2.32418e+00   3.09589e-01   9.23860e-05  -2.70766e-02
   3  phi_CBO      6.33697e-01   5.00167e+00   8.25342e-03   3.90550e-04
 EXTERNAL ERROR MATRIX.    NDIM=  25    NPAR=  3    ERR DEF=1
  1.890e-03 -2.340e-03 -1.010e+00 
 -2.340e-03  1.144e-01  4.209e+01 
 -1.010e+00  4.209e+01  1.645e+04 
 PARAMETER  CORRELATION COEFFICIENTS  
       NO.  GLOBAL      1      2      3
        1  0.19360   1.000 -0.159 -0.181
        2  0.97024  -0.159  1.000  0.970
        3  0.97047  -0.181  0.970  1.000
setting A_CBO=0.001345 w_CBO=2.324178, phi_CBO=0.633697
done fitting cbo isolate
 **********
 **    1 **SET PRINTOUT            1
 **********
 **********
 **    2 **SET NOWARNINGS 
 **********
 PARAMETER DEFINITIONS:
    NO.   NAME         VALUE      STEP SIZE      LIMITS
     1 N0           3.18198e+06  1.00000e+02     no limits
     2 tau          6.44090e+01  constant
     3 A0           3.64685e-01  1.00000e-04     no limits
     4 phi          4.11970e+00  1.00000e-02     no limits
     5 R           -6.10005e+01  constant
     6 A_CBO        1.34533e-03  1.00000e-05     no limits
     7 w_CBO        2.32418e+00  1.00000e-03     no limits
     8 phi_CBO      6.33697e-01  1.00000e-04     no limits
     9 ANx2         1.86992e-04  constant
    10 pNx2         5.81164e+00  constant
    11 ANy1         0.00000e+00  constant
    12 pNy1         0.00000e+00  constant
    13 w_y          0.00000e+00  constant
    14 ANy2         8.35747e-03  1.00000e-04     no limits
    15 pNy2         4.18605e+00  constant
    16 w_vw         1.43216e+01  constant
    17 LM           7.21641e-05  constant
    18 wCBO_expCoeff   2.00000e+02  1.00000e+00     no limits
    19 wCBO_expOffset   2.00000e+02  1.00000e+00     no limits
    20 wCBO_expT    3.00000e+01  1.00000e+00     no limits
    21 wCBO_linCoeff   0.00000e+00  constant
    22 wCBO_const   0.00000e+00  1.00000e-02     no limits
MINUIT - FIT ONLY WIGGLE
 **********
 **    3 **FIX            5
 **********
 PARAMETER    5  IS CONSTANT.   IGNORED.
 **********
 **    4 **FIX            6
 **********
 **********
 **    5 **FIX            7
 **********
 **********
 **    6 **FIX            8
 **********
 **********
 **    7 **FIX            9
 **********
 PARAMETER    9  IS CONSTANT.   IGNORED.
 **********
 **    8 **FIX           10
 **********
 PARAMETER   10  IS CONSTANT.   IGNORED.
 **********
 **    9 **FIX           11
 **********
 PARAMETER   11  IS CONSTANT.   IGNORED.
 **********
 **   10 **FIX           12
 **********
 PARAMETER   12  IS CONSTANT.   IGNORED.
 **********
 **   11 **FIX           13
 **********
 PARAMETER   13  IS CONSTANT.   IGNORED.
 **********
 **   12 **FIX           14
 **********
 **********
 **   13 **FIX           15
 **********
 PARAMETER   15  IS CONSTANT.   IGNORED.
 **********
 **   14 **FIX           16
 **********
 PARAMETER   16  IS CONSTANT.   IGNORED.
 **********
 **   15 **MIGRAD
 **********
 FIRST CALL TO USER FUNCTION AT NEW START POINT, WITH IFLAG=4.
 START MIGRAD MINIMIZATION.  STRATEGY  1.  CONVERGENCE WHEN EDM .LT. 1.00e-04
 FCN=474.651 FROM MIGRAD    STATUS=INITIATE       32 CALLS          33 TOTAL
                     EDM= unknown      STRATEGY= 1      NO ERROR MATRIX       
  EXT PARAMETER               CURRENT GUESS       STEP         FIRST   
  NO.   NAME      VALUE            ERROR          SIZE      DERIVATIVE 
   1  N0           3.18198e+06   1.00000e+02   1.00000e+02  -2.24009e-04
   2  tau          6.44090e+01   constant   
   3  A0           3.64685e-01   1.00000e-04   1.00000e-04  -1.50092e+01
   4  phi          4.11970e+00   1.00000e-02   1.00000e-02   2.63431e+02
   5  R           -6.10005e+01   constant   
   6  A_CBO        1.34533e-03     fixed    
   7  w_CBO        2.32418e+00     fixed    
   8  phi_CBO      6.33697e-01     fixed    
   9  ANx2         1.86992e-04   constant   
  10  pNx2         5.81164e+00   constant   
  11  ANy1         0.00000e+00   constant   
  12  pNy1         0.00000e+00   constant   
  13  w_y          0.00000e+00   constant   
  14  ANy2         8.35747e-03     fixed    
  15  pNy2         4.18605e+00   constant   
  16  w_vw         1.43216e+01   constant   
  17  LM           7.21641e-05   constant   
  18  wCBO_expCoeff   2.00000e+02   1.00000e+00   1.00000e+00  -9.25106e+00
  19  wCBO_expOffset   2.00000e+02   1.00000e+00   1.00000e+00  -6.16737e+01
  20  wCBO_expT    3.00000e+01   1.00000e+00   1.00000e+00  -2.96380e+02
  21  wCBO_linCoeff   0.00000e+00   constant   
  22  wCBO_const   0.00000e+00   1.00000e-02   1.00000e-02  -1.40280e+03
 MIGRAD MINIMIZATION HAS CONVERGED.
 FCN=473.003 FROM MIGRAD    STATUS=CONVERGED     204 CALLS         205 TOTAL
                     EDM=6.0186e-08    STRATEGY= 1  ERROR MATRIX UNCERTAINTY   0.8 per cent
  EXT PARAMETER                                   STEP         FIRST   
  NO.   NAME      VALUE            ERROR          SIZE      DERIVATIVE 
   1  N0           3.18230e+06   1.54767e+03  -2.79578e+00   3.55718e-08
   2  tau          6.44090e+01   constant   
   3  A0           3.64662e-01   6.56803e-04  -3.04920e-08   1.22653e-02
   4  phi          4.11933e+00   1.87648e-03   6.70107e-06  -1.08489e-01
   5  R           -6.10005e+01   constant   
   6  A_CBO        1.34533e-03     fixed    
   7  w_CBO        2.32418e+00     fixed    
   8  phi_CBO      6.33697e-01     fixed    
   9  ANx2         1.86992e-04   constant   
  10  pNx2         5.81164e+00   constant   
  11  ANy1         0.00000e+00   constant   
  12  pNy1         0.00000e+00   constant   
  13  w_y          0.00000e+00   constant   
  14  ANy2         8.35747e-03     fixed    
  15  pNy2         4.18605e+00   constant   
  16  w_vw         1.43216e+01   constant   
  17  LM           7.21641e-05   constant   
  18  wCBO_expCoeff   2.03056e+02   3.58538e+00   1.77994e-03   2.07168e-03
  19  wCBO_expOffset   2.00459e+02   5.40530e-01   2.75014e-04   1.41093e-02
  20  wCBO_expT    2.98229e+01   2.06485e-01  -8.65290e-05   7.44226e-02
  21  wCBO_linCoeff   0.00000e+00   constant   
  22  wCBO_const   7.45872e-04   9.88007e-04  -1.91746e-09   5.46656e-01
 EXTERNAL ERROR MATRIX.    NDIM=  25    NPAR=  7    ERR DEF=1
  2.395e+06 -6.552e-03 -1.118e-02  5.642e+01  8.493e+00 -3.111e+00 -1.401e-02 
 -6.552e-03  4.314e-07 -7.636e-09 -1.196e-04 -1.807e-05  6.722e-06  1.845e-08 
 -1.118e-02 -7.636e-09  3.521e-06  6.660e-04  1.006e-04 -3.843e-05  6.321e-08 
  5.642e+01 -1.196e-04  6.660e-04  1.285e+01  1.927e+00 -7.389e-01  1.861e-03 
  8.493e+00 -1.807e-05  1.006e-04  1.927e+00  2.922e-01 -1.114e-01  2.802e-04 
 -3.111e+00  6.722e-06 -3.843e-05 -7.389e-01 -1.114e-01  4.264e-02 -1.112e-04 
 -1.401e-02  1.845e-08  6.321e-08  1.861e-03  2.802e-04 -1.112e-04  9.762e-07 
 PARAMETER  CORRELATION COEFFICIENTS  
       NO.  GLOBAL      1      3      4     18     19     20     22
        1  0.02118   1.000 -0.006 -0.004  0.010  0.010 -0.010 -0.009
        3  0.08287  -0.006  1.000 -0.006 -0.051 -0.051  0.050  0.028
        4  0.10342  -0.004 -0.006  1.000  0.099  0.099 -0.099  0.034
       18  0.99888   0.010 -0.051  0.099  1.000  0.994 -0.998  0.525
       19  0.99886   0.010 -0.051  0.099  0.994  1.000 -0.998  0.525
       20  0.99965  -0.010  0.050 -0.099 -0.998 -0.998  1.000 -0.545
       22  0.76637  -0.009  0.028  0.034  0.525  0.525 -0.545  1.000
MINUIT - FIT ONLY 1-CBO + other amplitudes 
 **********
 **   16 **RES 
 **********
                   PARAMETER   14  ANy2 RESTORED TO VARIABLE.
                   PARAMETER    8  phi_CBO RESTORED TO VARIABLE.
                   PARAMETER    7  w_CBO RESTORED TO VARIABLE.
                   PARAMETER    6  A_CBO RESTORED TO VARIABLE.
 **********
 **   17 **FIX            0
 **********
 PARAMETER    0  IS UNDEFINED. IGNORED.
 **********
 **   18 **FIX            1
 **********
 **********
 **   19 **FIX            2
 **********
 PARAMETER    2  IS CONSTANT.   IGNORED.
 **********
 **   20 **FIX            3
 **********
 **********
 **   21 **FIX            4
 **********
 **********
 **   22 **FIX            9
 **********
 PARAMETER    9  IS CONSTANT.   IGNORED.
 **********
 **   23 **FIX           11
 **********
 PARAMETER   11  IS CONSTANT.   IGNORED.
 **********
 **   24 **FIX           12
 **********
 PARAMETER   12  IS CONSTANT.   IGNORED.
 **********
 **   25 **FIX           14
 **********
 **********
 **   26 **FIX           15
 **********
 PARAMETER   15  IS CONSTANT.   IGNORED.
 **********
 **   27 **FIX           16
 **********
 PARAMETER   16  IS CONSTANT.   IGNORED.
 **********
 **   28 **MIGRAD
 **********
 START MIGRAD MINIMIZATION.  STRATEGY  1.  CONVERGENCE WHEN EDM .LT. 1.00e-04
 FCN=473.003 FROM MIGRAD    STATUS=INITIATE       18 CALLS         223 TOTAL
                     EDM= unknown      STRATEGY= 1      NO ERROR MATRIX       
  EXT PARAMETER               CURRENT GUESS       STEP         FIRST   
  NO.   NAME      VALUE            ERROR          SIZE      DERIVATIVE 
   1  N0           3.18230e+06     fixed    
   2  tau          6.44090e+01   constant   
   3  A0           3.64662e-01     fixed    
   4  phi          4.11933e+00     fixed    
   5  R           -6.10005e+01   constant   
   6  A_CBO        1.34533e-03   1.00000e-05   1.00000e-05   8.32021e+02
   7  w_CBO        2.32418e+00   1.00000e-03   1.00000e-03   4.14000e-01
   8  phi_CBO      6.33697e-01   1.00000e-04   1.00000e-04   1.56758e-01
   9  ANx2         1.86992e-04   constant   
  10  pNx2         5.81164e+00   constant   
  11  ANy1         0.00000e+00   constant   
  12  pNy1         0.00000e+00   constant   
  13  w_y          0.00000e+00   constant   
  14  ANy2         8.35747e-03     fixed    
  15  pNy2         4.18605e+00   constant   
  16  w_vw         1.43216e+01   constant   
  17  LM           7.21641e-05   constant   
  18  wCBO_expCoeff   2.03056e+02   3.58538e+00   1.77994e-03   2.07122e-03
  19  wCBO_expOffset   2.00459e+02   5.40530e-01   2.75014e-04   1.41062e-02
  20  wCBO_expT    2.98229e+01   2.06485e-01  -8.65290e-05   7.44108e-02
  21  wCBO_linCoeff   0.00000e+00   constant   
  22  wCBO_const   7.45872e-04   9.88007e-04  -1.91746e-09   5.46658e-01
 MIGRAD MINIMIZATION HAS CONVERGED.
 MIGRAD WILL VERIFY CONVERGENCE AND ERROR MATRIX.
 FCN=471.938 FROM MIGRAD    STATUS=CONVERGED     357 CALLS         562 TOTAL
                     EDM=1.23521e-07    STRATEGY= 1      ERR MATRIX NOT POS-DEF
  EXT PARAMETER                APPROXIMATE        STEP         FIRST   
  NO.   NAME      VALUE            ERROR          SIZE      DERIVATIVE 
   1  N0           3.18230e+06     fixed    
   2  tau          6.44090e+01   constant   
   3  A0           3.64662e-01     fixed    
   4  phi          4.11933e+00     fixed    
   5  R           -6.10005e+01   constant   
   6  A_CBO        1.19647e-03   6.90059e-04   7.28359e-06  -1.04169e-01
   7  w_CBO        2.32163e+00   7.78286e-03   7.96008e-06  -1.96370e-01
   8  phi_CBO     -1.25977e+00   1.10094e+00   6.10748e-03  -9.11983e-05
   9  ANx2         1.86992e-04   constant   
  10  pNx2         5.81164e+00   constant   
  11  ANy1         0.00000e+00   constant   
  12  pNy1         0.00000e+00   constant   
  13  w_y          0.00000e+00   constant   
  14  ANy2         8.35747e-03     fixed    
  15  pNy2         4.18605e+00   constant   
  16  w_vw         1.43216e+01   constant   
  17  LM           7.21641e-05   constant   
  18  wCBO_expCoeff   2.02353e+02   1.55110e+00   1.49412e-03  -4.61268e-04
  19  wCBO_expOffset   2.00356e+02   2.28969e-01   2.20536e-04  -3.12496e-03
  20  wCBO_expT    2.98679e+01   4.12496e-02   4.24346e-05  -1.67855e-02
  21  wCBO_linCoeff   0.00000e+00   constant   
  22  wCBO_const  -2.28891e-04   3.40383e-03   5.66033e-06  -3.63173e-01
 EXTERNAL ERROR MATRIX.    NDIM=  25    NPAR=  7    ERR DEF=1
  4.762e-07  1.018e-07  1.183e-05  1.916e-05  2.827e-06 -1.902e-06  4.993e-08 
  1.018e-07  6.057e-05  7.540e-04 -1.797e-03 -2.657e-04 -5.236e-05 -2.462e-05 
  1.183e-05  7.540e-04  1.212e+00  6.390e-02  9.429e-03 -5.446e-03  6.513e-04 
  1.916e-05 -1.797e-03  6.390e-02  2.406e+00 -2.030e-01 -2.577e-02  1.022e-03 
  2.827e-06 -2.657e-04  9.429e-03 -2.030e-01  5.243e-02 -3.805e-03  1.510e-04 
 -1.902e-06 -5.236e-05 -5.446e-03 -2.577e-02 -3.805e-03  1.702e-03  2.045e-07 
  4.993e-08 -2.462e-05  6.513e-04  1.022e-03  1.510e-04  2.045e-07  1.159e-05 
ERR MATRIX NOT POS-DEF
 PARAMETER  CORRELATION COEFFICIENTS  
       NO.  GLOBAL      6      7      8     18     19     20     22
        6  0.13878   1.000  0.019  0.016  0.018  0.018 -0.067  0.021
        7  0.99539   0.019  1.000  0.088 -0.149 -0.149 -0.163 -0.930
        8  0.85385   0.016  0.088  1.000  0.037  0.037 -0.120  0.174
       18  0.99591   0.018 -0.149  0.037  1.000 -0.572 -0.403  0.194
       19  0.99591   0.018 -0.149  0.037 -0.572  1.000 -0.403  0.194
       20  0.99533  -0.067 -0.163 -0.120 -0.403 -0.403  1.000  0.001
       22  0.98775   0.021 -0.930  0.174  0.194  0.194  0.001  1.000
 ERR MATRIX NOT POS-DEF
MINUIT - FIT ONLY 1-CBO
 **********
 **   29 **RES 
 **********
                   PARAMETER   14  ANy2 RESTORED TO VARIABLE.
                   PARAMETER    4  phi RESTORED TO VARIABLE.
                   PARAMETER    3  A0 RESTORED TO VARIABLE.
                   PARAMETER    1  N0 RESTORED TO VARIABLE.
 **********
 **   30 **FIX            0
 **********
 PARAMETER    0  IS UNDEFINED. IGNORED.
 **********
 **   31 **FIX            1
 **********
 **********
 **   32 **FIX            2
 **********
 PARAMETER    2  IS CONSTANT.   IGNORED.
 **********
 **   33 **FIX            3
 **********
 **********
 **   34 **FIX            4
 **********
 **********
 **   35 **FIX            8
 **********
 **********
 **   36 **FIX            9
 **********
 PARAMETER    9  IS CONSTANT.   IGNORED.
 **********
 **   37 **FIX           11
 **********
 PARAMETER   11  IS CONSTANT.   IGNORED.
 **********
 **   38 **FIX           12
 **********
 PARAMETER   12  IS CONSTANT.   IGNORED.
 **********
 **   39 **FIX           13
 **********
 PARAMETER   13  IS CONSTANT.   IGNORED.
 **********
 **   40 **FIX           15
 **********
 PARAMETER   15  IS CONSTANT.   IGNORED.
 **********
 **   41 **FIX           16
 **********
 PARAMETER   16  IS CONSTANT.   IGNORED.
 **********
 **   42 **MIGRAD
 **********
 START MIGRAD MINIMIZATION.  STRATEGY  1.  CONVERGENCE WHEN EDM .LT. 1.00e-04
 FCN=471.938 FROM MIGRAD    STATUS=INITIATE       16 CALLS         578 TOTAL
                     EDM= unknown      STRATEGY= 1      NO ERROR MATRIX       
  EXT PARAMETER               CURRENT GUESS       STEP         FIRST   
  NO.   NAME      VALUE            ERROR          SIZE      DERIVATIVE 
   1  N0           3.18230e+06     fixed    
   2  tau          6.44090e+01   constant   
   3  A0           3.64662e-01     fixed    
   4  phi          4.11933e+00     fixed    
   5  R           -6.10005e+01   constant   
   6  A_CBO        1.19647e-03   6.90059e-04   7.28359e-06  -1.04169e-01
   7  w_CBO        2.32163e+00   7.78286e-03   7.96008e-06  -1.91313e-01
   8  phi_CBO     -1.25977e+00     fixed    
   9  ANx2         1.86992e-04   constant   
  10  pNx2         5.81164e+00   constant   
  11  ANy1         0.00000e+00   constant   
  12  pNy1         0.00000e+00   constant   
  13  w_y          0.00000e+00   constant   
  14  ANy2         8.35747e-03   1.00000e-04   1.00000e-04   3.49503e+04
  15  pNy2         4.18605e+00   constant   
  16  w_vw         1.43216e+01   constant   
  17  LM           7.21641e-05   constant   
  18  wCBO_expCoeff   2.02353e+02   1.55110e+00   1.49412e-03  -4.52690e-04
  19  wCBO_expOffset   2.00356e+02   2.28969e-01   2.20536e-04  -3.05608e-03
  20  wCBO_expT    2.98679e+01   4.12496e-02   4.24346e-05  -1.65175e-02
  21  wCBO_linCoeff   0.00000e+00   constant   
  22  wCBO_const  -2.28891e-04   3.40383e-03   5.66033e-06  -3.64578e-01
 MIGRAD MINIMIZATION HAS CONVERGED.
 MIGRAD WILL VERIFY CONVERGENCE AND ERROR MATRIX.
 FCN=327.26 FROM MIGRAD    STATUS=CONVERGED     221 CALLS         783 TOTAL
                     EDM=4.94995e-07    STRATEGY= 1      ERR MATRIX NOT POS-DEF
  EXT PARAMETER                APPROXIMATE        STEP         FIRST   
  NO.   NAME      VALUE            ERROR          SIZE      DERIVATIVE 
   1  N0           3.18230e+06     fixed    
   2  tau          6.44090e+01   constant   
   3  A0           3.64662e-01     fixed    
   4  phi          4.11933e+00     fixed    
   5  R           -6.10005e+01   constant   
   6  A_CBO        9.58752e-04   7.10172e-04   6.10283e-06  -1.12783e+00
   7  w_CBO        2.31998e+00   8.48710e-03   7.79012e-06   9.72439e-02
   8  phi_CBO     -1.25977e+00     fixed    
   9  ANx2         1.86992e-04   constant   
  10  pNx2         5.81164e+00   constant   
  11  ANy1         0.00000e+00   constant   
  12  pNy1         0.00000e+00   constant   
  13  w_y          0.00000e+00   constant   
  14  ANy2         8.23322e-05   6.84911e-04   6.07764e-06  -8.40266e-01
  15  pNy2         4.18605e+00   constant   
  16  w_vw         1.43216e+01   constant   
  17  LM           7.21641e-05   constant   
  18  wCBO_expCoeff   2.01561e+02   2.13066e+00   1.62682e-03   3.94835e-04
  19  wCBO_expOffset   2.00239e+02   3.16308e-01   2.41493e-04   2.65998e-03
  20  wCBO_expT    2.99196e+01   5.14613e-02   4.51933e-05   1.60977e-02
  21  wCBO_linCoeff   0.00000e+00   constant   
  22  wCBO_const   1.28005e-04   3.67057e-03   5.10964e-06   1.45912e-01
 EXTERNAL ERROR MATRIX.    NDIM=  25    NPAR=  7    ERR DEF=1
  5.043e-07  1.309e-07  7.351e-09 -9.698e-06 -1.446e-06 -8.821e-07  1.025e-07 
  1.309e-07  7.203e-05  1.052e-08 -2.240e-03 -3.333e-04 -5.550e-05 -3.006e-05 
  7.351e-09  1.052e-08  4.691e-07  1.193e-05  1.772e-06 -7.242e-07 -5.039e-09 
 -9.698e-06 -2.240e-03  1.193e-05  4.540e+00 -4.270e-01 -4.229e-02  1.237e-03 
 -1.446e-06 -3.333e-04  1.772e-06 -4.270e-01  1.001e-01 -6.280e-03  1.839e-04 
 -8.821e-07 -5.550e-05 -7.242e-07 -4.229e-02 -6.280e-03  2.648e-03  3.045e-07 
  1.025e-07 -3.006e-05 -5.039e-09  1.237e-03  1.839e-04  3.045e-07  1.347e-05 
ERR MATRIX NOT POS-DEF
 PARAMETER  CORRELATION COEFFICIENTS  
       NO.  GLOBAL      6      7     14     18     19     20     22
        6  0.25099   1.000  0.022  0.015 -0.006 -0.006 -0.024  0.039
        7  0.99464   0.022  1.000  0.002 -0.124 -0.124 -0.127 -0.965
       14  0.03139   0.015  0.002  1.000  0.008  0.008 -0.021 -0.002
       18  0.99630  -0.006 -0.124  0.008  1.000 -0.634 -0.386  0.158
       19  0.99630  -0.006 -0.124  0.008 -0.634  1.000 -0.386  0.158
       20  0.99510  -0.024 -0.127 -0.021 -0.386 -0.386  1.000  0.002
       22  0.98762   0.039 -0.965 -0.002  0.158  0.158  0.002  1.000
 ERR MATRIX NOT POS-DEF
MINUIT - FIT ONLY 2-CBO
 **********
 **   43 **RES 
 **********
                   PARAMETER    8  phi_CBO RESTORED TO VARIABLE.
                   PARAMETER    4  phi RESTORED TO VARIABLE.
                   PARAMETER    3  A0 RESTORED TO VARIABLE.
                   PARAMETER    1  N0 RESTORED TO VARIABLE.
 **********
 **   44 **FIX            0
 **********
 PARAMETER    0  IS UNDEFINED. IGNORED.
 **********
 **   45 **FIX            1
 **********
 **********
 **   46 **FIX            2
 **********
 PARAMETER    2  IS CONSTANT.   IGNORED.
 **********
 **   47 **FIX            3
 **********
 **********
 **   48 **FIX            4
 **********
 **********
 **   49 **FIX            5
 **********
 PARAMETER    5  IS CONSTANT.   IGNORED.
 **********
 **   50 **FIX            6
 **********
 **********
 **   51 **FIX            7
 **********
 **********
 **   52 **FIX           10
 **********
 PARAMETER   10  IS CONSTANT.   IGNORED.
 **********
 **   53 **FIX           11
 **********
 PARAMETER   11  IS CONSTANT.   IGNORED.
 **********
 **   54 **FIX           12
 **********
 PARAMETER   12  IS CONSTANT.   IGNORED.
 **********
 **   55 **FIX           13
 **********
 PARAMETER   13  IS CONSTANT.   IGNORED.
 **********
 **   56 **FIX           14
 **********
 **********
 **   57 **FIX           15
 **********
 PARAMETER   15  IS CONSTANT.   IGNORED.
 **********
 **   58 **FIX           16
 **********
 PARAMETER   16  IS CONSTANT.   IGNORED.
 **********
 **   59 **MIGRAD
 **********
 START MIGRAD MINIMIZATION.  STRATEGY  1.  CONVERGENCE WHEN EDM .LT. 1.00e-04
 FCN=327.26 FROM MIGRAD    STATUS=INITIATE       10 CALLS         793 TOTAL
                     EDM= unknown      STRATEGY= 1      NO ERROR MATRIX       
  EXT PARAMETER               CURRENT GUESS       STEP         FIRST   
  NO.   NAME      VALUE            ERROR          SIZE      DERIVATIVE 
   1  N0           3.18230e+06     fixed    
   2  tau          6.44090e+01   constant   
   3  A0           3.64662e-01     fixed    
   4  phi          4.11933e+00     fixed    
   5  R           -6.10005e+01   constant   
   6  A_CBO        9.58752e-04     fixed    
   7  w_CBO        2.31998e+00     fixed    
   8  phi_CBO     -1.25977e+00   1.10094e+00   1.10094e+00   5.50928e-01
   9  ANx2         1.86992e-04   constant   
  10  pNx2         5.81164e+00   constant   
  11  ANy1         0.00000e+00   constant   
  12  pNy1         0.00000e+00   constant   
  13  w_y          0.00000e+00   constant   
  14  ANy2         8.23322e-05     fixed    
  15  pNy2         4.18605e+00   constant   
  16  w_vw         1.43216e+01   constant   
  17  LM           7.21641e-05   constant   
  18  wCBO_expCoeff   2.01561e+02   2.13066e+00   1.62682e-03   4.01405e-04
  19  wCBO_expOffset   2.00239e+02   3.16308e-01   2.41493e-04   2.70457e-03
  20  wCBO_expT    2.99196e+01   5.14613e-02   4.51933e-05   1.62895e-02
  21  wCBO_linCoeff   0.00000e+00   constant   
  22  wCBO_const   1.28005e-04   3.67057e-03   5.10964e-06   1.44611e-01
 MIGRAD MINIMIZATION HAS CONVERGED.
 MIGRAD WILL VERIFY CONVERGENCE AND ERROR MATRIX.
 FCN=327.167 FROM MIGRAD    STATUS=CONVERGED     131 CALLS         914 TOTAL
                     EDM=3.51593e-07    STRATEGY= 1      ERR MATRIX NOT POS-DEF
  EXT PARAMETER                APPROXIMATE        STEP         FIRST   
  NO.   NAME      VALUE            ERROR          SIZE      DERIVATIVE 
   1  N0           3.18230e+06     fixed    
   2  tau          6.44090e+01   constant   
   3  A0           3.64662e-01     fixed    
   4  phi          4.11933e+00     fixed    
   5  R           -6.10005e+01   constant   
   6  A_CBO        9.58752e-04     fixed    
   7  w_CBO        2.31998e+00     fixed    
   8  phi_CBO     -1.59059e+00   1.04540e+00   6.27863e-03   6.46994e-04
   9  ANx2         1.86992e-04   constant   
  10  pNx2         5.81164e+00   constant   
  11  ANy1         0.00000e+00   constant   
  12  pNy1         0.00000e+00   constant   
  13  w_y          0.00000e+00   constant   
  14  ANy2         8.23322e-05     fixed    
  15  pNy2         4.18605e+00   constant   
  16  w_vw         1.43216e+01   constant   
  17  LM           7.21641e-05   constant   
  18  wCBO_expCoeff   2.01460e+02   2.35413e+00   1.70758e-03  -2.31249e-03
  19  wCBO_expOffset   2.00224e+02   3.49719e-01   2.53639e-04  -1.55676e-02
  20  wCBO_expT    2.99256e+01   5.45886e-02   4.72485e-05  -8.16324e-02
  21  wCBO_linCoeff   0.00000e+00   constant   
  22  wCBO_const  -1.22011e-04   1.07175e-03   4.91432e-06  -9.95669e-02
 EXTERNAL ERROR MATRIX.    NDIM=  25    NPAR=  5    ERR DEF=1
  1.093e+00  9.989e-02  1.485e-02 -5.644e-03  6.553e-04 
  9.989e-02  5.542e+00 -5.610e-01 -5.077e-02  3.872e-04 
  1.485e-02 -5.610e-01  1.223e-01 -7.546e-03  5.753e-05 
 -5.644e-03 -5.077e-02 -7.546e-03  2.980e-03 -2.661e-05 
  6.553e-04  3.872e-04  5.753e-05 -2.661e-05  1.149e-06 
ERR MATRIX NOT POS-DEF
 PARAMETER  CORRELATION COEFFICIENTS  
       NO.  GLOBAL      8     18     19     20     22
        8  0.73627   1.000  0.041  0.041 -0.099  0.585
       18  0.99665   0.041  1.000 -0.681 -0.395  0.153
       19  0.99665   0.041 -0.681  1.000 -0.395  0.153
       20  0.99523  -0.099 -0.395 -0.395  1.000 -0.455
       22  0.85685   0.585  0.153  0.153 -0.455  1.000
 ERR MATRIX NOT POS-DEF
MINUIT - FIT ONLY 1-y
 **********
 **   60 **RES 
 **********
                   PARAMETER   14  ANy2 RESTORED TO VARIABLE.
                   PARAMETER    7  w_CBO RESTORED TO VARIABLE.
                   PARAMETER    6  A_CBO RESTORED TO VARIABLE.
                   PARAMETER    4  phi RESTORED TO VARIABLE.
                   PARAMETER    3  A0 RESTORED TO VARIABLE.
                   PARAMETER    1  N0 RESTORED TO VARIABLE.
 **********
 **   61 **FIX            0
 **********
 PARAMETER    0  IS UNDEFINED. IGNORED.
 **********
 **   62 **FIX            1
 **********
 **********
 **   63 **FIX            2
 **********
 PARAMETER    2  IS CONSTANT.   IGNORED.
 **********
 **   64 **FIX            3
 **********
 **********
 **   65 **FIX            4
 **********
 **********
 **   66 **FIX            5
 **********
 PARAMETER    5  IS CONSTANT.   IGNORED.
 **********
 **   67 **FIX            6
 **********
 **********
 **   68 **FIX            7
 **********
 **********
 **   69 **FIX            8
 **********
 **********
 **   70 **FIX            9
 **********
 PARAMETER    9  IS CONSTANT.   IGNORED.
 **********
 **   71 **FIX           13
 **********
 PARAMETER   13  IS CONSTANT.   IGNORED.
 **********
 **   72 **FIX           14
 **********
 **********
 **   73 **FIX           15
 **********
 PARAMETER   15  IS CONSTANT.   IGNORED.
 **********
 **   74 **FIX           16
 **********
 PARAMETER   16  IS CONSTANT.   IGNORED.
 **********
 **   75 **MIGRAD
 **********
 START MIGRAD MINIMIZATION.  STRATEGY  1.  CONVERGENCE WHEN EDM .LT. 1.00e-04
 FCN=327.167 FROM MIGRAD    STATUS=INITIATE        8 CALLS         922 TOTAL
                     EDM= unknown      STRATEGY= 1      NO ERROR MATRIX       
  EXT PARAMETER               CURRENT GUESS       STEP         FIRST   
  NO.   NAME      VALUE            ERROR          SIZE      DERIVATIVE 
   1  N0           3.18230e+06     fixed    
   2  tau          6.44090e+01   constant   
   3  A0           3.64662e-01     fixed    
   4  phi          4.11933e+00     fixed    
   5  R           -6.10005e+01   constant   
   6  A_CBO        9.58752e-04     fixed    
   7  w_CBO        2.31998e+00     fixed    
   8  phi_CBO     -1.59059e+00     fixed    
   9  ANx2         1.86992e-04   constant   
  10  pNx2         5.81164e+00   constant   
  11  ANy1         0.00000e+00   constant   
  12  pNy1         0.00000e+00   constant   
  13  w_y          0.00000e+00   constant   
  14  ANy2         8.23322e-05     fixed    
  15  pNy2         4.18605e+00   constant   
  16  w_vw         1.43216e+01   constant   
  17  LM           7.21641e-05   constant   
  18  wCBO_expCoeff   2.01460e+02   2.35413e+00   1.70758e-03  -2.25097e-03
  19  wCBO_expOffset   2.00224e+02   3.49719e-01   2.53639e-04  -1.51509e-02
  20  wCBO_expT    2.99256e+01   5.45886e-02   4.72485e-05  -7.96928e-02
  21  wCBO_linCoeff   0.00000e+00   constant   
  22  wCBO_const  -1.22011e-04   1.07175e-03   4.91432e-06  -1.01682e-01
 MIGRAD MINIMIZATION HAS CONVERGED.
 MIGRAD WILL VERIFY CONVERGENCE AND ERROR MATRIX.
 FCN=327.167 FROM MIGRAD    STATUS=CONVERGED      47 CALLS         961 TOTAL
                     EDM=7.16816e-08    STRATEGY= 1      ERR MATRIX NOT POS-DEF
  EXT PARAMETER                APPROXIMATE        STEP         FIRST   
  NO.   NAME      VALUE            ERROR          SIZE      DERIVATIVE 
   1  N0           3.18230e+06     fixed    
   2  tau          6.44090e+01   constant   
   3  A0           3.64662e-01     fixed    
   4  phi          4.11933e+00     fixed    
   5  R           -6.10005e+01   constant   
   6  A_CBO        9.58752e-04     fixed    
   7  w_CBO        2.31998e+00     fixed    
   8  phi_CBO     -1.59059e+00     fixed    
   9  ANx2         1.86992e-04   constant   
  10  pNx2         5.81164e+00   constant   
  11  ANy1         0.00000e+00   constant   
  12  pNy1         0.00000e+00   constant   
  13  w_y          0.00000e+00   constant   
  14  ANy2         8.23322e-05     fixed    
  15  pNy2         4.18605e+00   constant   
  16  w_vw         1.43216e+01   constant   
  17  LM           7.21641e-05   constant   
  18  wCBO_expCoeff   2.01460e+02   2.48117e+00   1.70961e-03  -9.73094e-05
  19  wCBO_expOffset   2.00224e+02   3.68593e-01   2.53953e-04  -6.55133e-04
  20  wCBO_expT    2.99256e+01   5.61666e-02   4.73038e-05  -1.51924e-03
  21  wCBO_linCoeff   0.00000e+00   constant   
  22  wCBO_const  -1.22006e-04   8.76265e-04   4.90752e-06   4.58048e-01
 EXTERNAL ERROR MATRIX.    NDIM=  25    NPAR=  4    ERR DEF=1
  6.156e+00 -6.372e-01 -5.375e-02  3.536e-04 
 -6.372e-01  1.359e-01 -7.988e-03  5.253e-05 
 -5.375e-02 -7.988e-03  3.155e-03 -2.476e-05 
  3.536e-04  5.253e-05 -2.476e-05  7.678e-07 
ERR MATRIX NOT POS-DEF
 PARAMETER  CORRELATION COEFFICIENTS  
       NO.  GLOBAL     18     19     20     22
       18  0.99699   1.000 -0.697 -0.386  0.163
       19  0.99699  -0.697  1.000 -0.386  0.163
       20  0.99549  -0.386 -0.386  1.000 -0.503
       22  0.77602   0.163  0.163 -0.503  1.000
 ERR MATRIX NOT POS-DEF
MINUIT - FIT ONLY 2-y
 **********
 **   76 **RES 
 **********
                   PARAMETER   14  ANy2 RESTORED TO VARIABLE.
                   PARAMETER    8  phi_CBO RESTORED TO VARIABLE.
                   PARAMETER    7  w_CBO RESTORED TO VARIABLE.
                   PARAMETER    6  A_CBO RESTORED TO VARIABLE.
                   PARAMETER    4  phi RESTORED TO VARIABLE.
                   PARAMETER    3  A0 RESTORED TO VARIABLE.
                   PARAMETER    1  N0 RESTORED TO VARIABLE.
 **********
 **   77 **FIX            0
 **********
 PARAMETER    0  IS UNDEFINED. IGNORED.
 **********
 **   78 **FIX            1
 **********
 **********
 **   79 **FIX            2
 **********
 PARAMETER    2  IS CONSTANT.   IGNORED.
 **********
 **   80 **FIX            3
 **********
 **********
 **   81 **FIX            4
 **********
 **********
 **   82 **FIX            5
 **********
 PARAMETER    5  IS CONSTANT.   IGNORED.
 **********
 **   83 **FIX            6
 **********
 **********
 **   84 **FIX            7
 **********
 **********
 **   85 **FIX            8
 **********
 **********
 **   86 **FIX            9
 **********
 PARAMETER    9  IS CONSTANT.   IGNORED.
 **********
 **   87 **FIX           10
 **********
 PARAMETER   10  IS CONSTANT.   IGNORED.
 **********
 **   88 **FIX           11
 **********
 PARAMETER   11  IS CONSTANT.   IGNORED.
 **********
 **   89 **FIX           12
 **********
 PARAMETER   12  IS CONSTANT.   IGNORED.
 **********
 **   90 **FIX           16
 **********
 PARAMETER   16  IS CONSTANT.   IGNORED.
 **********
 **   91 **MIGRAD
 **********
 START MIGRAD MINIMIZATION.  STRATEGY  1.  CONVERGENCE WHEN EDM .LT. 1.00e-04
 FCN=327.167 FROM MIGRAD    STATUS=INITIATE       10 CALLS         971 TOTAL
                     EDM= unknown      STRATEGY= 1      NO ERROR MATRIX       
  EXT PARAMETER               CURRENT GUESS       STEP         FIRST   
  NO.   NAME      VALUE            ERROR          SIZE      DERIVATIVE 
   1  N0           3.18230e+06     fixed    
   2  tau          6.44090e+01   constant   
   3  A0           3.64662e-01     fixed    
   4  phi          4.11933e+00     fixed    
   5  R           -6.10005e+01   constant   
   6  A_CBO        9.58752e-04     fixed    
   7  w_CBO        2.31998e+00     fixed    
   8  phi_CBO     -1.59059e+00     fixed    
   9  ANx2         1.86992e-04   constant   
  10  pNx2         5.81164e+00   constant   
  11  ANy1         0.00000e+00   constant   
  12  pNy1         0.00000e+00   constant   
  13  w_y          0.00000e+00   constant   
  14  ANy2         8.23322e-05   6.84911e-04   6.84911e-04   1.69600e+01
  15  pNy2         4.18605e+00   constant   
  16  w_vw         1.43216e+01   constant   
  17  LM           7.21641e-05   constant   
  18  wCBO_expCoeff   2.01460e+02   2.48117e+00   1.70961e-03  -8.71701e-05
  19  wCBO_expOffset   2.00224e+02   3.68593e-01   2.53953e-04  -5.86416e-04
  20  wCBO_expT    2.99256e+01   5.61666e-02   4.73038e-05  -1.19935e-03
  21  wCBO_linCoeff   0.00000e+00   constant   
  22  wCBO_const  -1.22006e-04   8.76265e-04   4.90752e-06   4.55929e-01
 MIGRAD MINIMIZATION HAS CONVERGED.
 MIGRAD WILL VERIFY CONVERGENCE AND ERROR MATRIX.
 FCN=327.167 FROM MIGRAD    STATUS=CONVERGED      52 CALLS        1013 TOTAL
                     EDM=1.13598e-07    STRATEGY= 1      ERR MATRIX NOT POS-DEF
  EXT PARAMETER                APPROXIMATE        STEP         FIRST   
  NO.   NAME      VALUE            ERROR          SIZE      DERIVATIVE 
   1  N0           3.18230e+06     fixed    
   2  tau          6.44090e+01   constant   
   3  A0           3.64662e-01     fixed    
   4  phi          4.11933e+00     fixed    
   5  R           -6.10005e+01   constant   
   6  A_CBO        9.58752e-04     fixed    
   7  w_CBO        2.31998e+00     fixed    
   8  phi_CBO     -1.59059e+00     fixed    
   9  ANx2         1.86992e-04   constant   
  10  pNx2         5.81164e+00   constant   
  11  ANy1         0.00000e+00   constant   
  12  pNy1         0.00000e+00   constant   
  13  w_y          0.00000e+00   constant   
  14  ANy2         7.83300e-05   6.84598e-04   6.07674e-06  -6.01093e-03
  15  pNy2         4.18605e+00   constant   
  16  w_vw         1.43216e+01   constant   
  17  LM           7.21641e-05   constant   
  18  wCBO_expCoeff   2.01460e+02   2.48122e+00   1.70952e-03  -1.80709e-03
  19  wCBO_expOffset   2.00224e+02   3.68603e-01   2.53939e-04  -1.21652e-02
  20  wCBO_expT    2.99256e+01   5.61763e-02   4.73014e-05  -7.00109e-02
  21  wCBO_linCoeff   0.00000e+00   constant   
  22  wCBO_const  -1.22076e-04   8.76263e-04   4.90747e-06  -3.48211e-01
 EXTERNAL ERROR MATRIX.    NDIM=  25    NPAR=  5    ERR DEF=1
  4.687e-07  1.158e-05  1.721e-06 -7.087e-07  3.289e-10 
  1.158e-05  6.156e+00 -6.371e-01 -5.376e-02  3.536e-04 
  1.721e-06 -6.371e-01  1.359e-01 -7.991e-03  5.254e-05 
 -7.087e-07 -5.376e-02 -7.991e-03  3.156e-03 -2.476e-05 
  3.289e-10  3.536e-04  5.254e-05 -2.476e-05  7.678e-07 
ERR MATRIX NOT POS-DEF
 PARAMETER  CORRELATION COEFFICIENTS  
       NO.  GLOBAL     14     18     19     20     22
       14  0.02696   1.000  0.007  0.007 -0.018  0.001
       18  0.99698   0.007  1.000 -0.697 -0.386  0.163
       19  0.99699   0.007 -0.697  1.000 -0.386  0.163
       20  0.99549  -0.018 -0.386 -0.386  1.000 -0.503
       22  0.77602   0.001  0.163  0.163 -0.503  1.000
 ERR MATRIX NOT POS-DEF
MINUIT - FIT ALTOGETHER
 **********
 **   92 **RES 
 **********
                   PARAMETER    8  phi_CBO RESTORED TO VARIABLE.
                   PARAMETER    7  w_CBO RESTORED TO VARIABLE.
                   PARAMETER    6  A_CBO RESTORED TO VARIABLE.
                   PARAMETER    4  phi RESTORED TO VARIABLE.
                   PARAMETER    3  A0 RESTORED TO VARIABLE.
                   PARAMETER    1  N0 RESTORED TO VARIABLE.
 **********
 **   93 **MIGRAD
 **********
 START MIGRAD MINIMIZATION.  STRATEGY  1.  CONVERGENCE WHEN EDM .LT. 1.00e-04
 FCN=327.167 FROM MIGRAD    STATUS=INITIATE       22 CALLS        1035 TOTAL
                     EDM= unknown      STRATEGY= 1      NO ERROR MATRIX       
  EXT PARAMETER               CURRENT GUESS       STEP         FIRST   
  NO.   NAME      VALUE            ERROR          SIZE      DERIVATIVE 
   1  N0           3.18230e+06   1.54767e+03   1.54767e+03  -2.48104e-05
   2  tau          6.44090e+01   constant   
   3  A0           3.64662e-01   6.56803e-04   6.56803e-04  -9.14281e+01
   4  phi          4.11933e+00   1.87648e-03   1.87648e-03   7.77005e+01
   5  R           -6.10005e+01   constant   
   6  A_CBO        9.58752e-04   7.10172e-04   7.10172e-04  -1.47594e+01
   7  w_CBO        2.31998e+00   8.48710e-03   8.48710e-03  -3.02895e-01
   8  phi_CBO     -1.59059e+00   1.04540e+00   1.04540e+00   9.27738e-04
   9  ANx2         1.86992e-04   constant   
  10  pNx2         5.81164e+00   constant   
  11  ANy1         0.00000e+00   constant   
  12  pNy1         0.00000e+00   constant   
  13  w_y          0.00000e+00   constant   
  14  ANy2         7.83300e-05   6.84598e-04   6.07674e-06  -6.01107e-03
  15  pNy2         4.18605e+00   constant   
  16  w_vw         1.43216e+01   constant   
  17  LM           7.21641e-05   constant   
  18  wCBO_expCoeff   2.01460e+02   2.48122e+00   1.70952e-03  -1.74559e-03
  19  wCBO_expOffset   2.00224e+02   3.68603e-01   2.53939e-04  -1.17488e-02
