 + ++++++++++++++++++++++++++++++++++++++++++++++++++++++++++++++++++++ +
 +                                                                      +
 +           You have chose to blind your fitting according to          +
 +                omega_ref * (1 + (R +/- deltaR) *10^{-6})             +
 +                                                                      +
 + ++++++++++++++++++++++++++++++++++++++++++++++++++++++++++++++++++++ +
In main()...
reading format from /gm2data/zkhechad/run45/envelope/formats/formatB_sBin_constraintOn.txt
pBinTau 	= 0  
pBinPhi 	= 0  
constraintau 	= 1 
includeMopTerm 	= 0    
constrainMop    = 0   
Parameters after format file: pBinTau 0 pBinPhi 0 constraintau 1 includeMopTerm 0 constrainMop 0 c_e_scale 0.000000 
reading cbo reference file (full fit) from /gm2data/zkhechad/cboTemplates/Run4CBOTemplates/fullFits/run4/sBin_constraintOn_cE0.0_seed0_run4_calo23.root
A_CBO 0.010020 w_CBO 2.326571 phi_CBO 3.324358 N0 2994604.828788 R -61.069952 tau 64.405626 
Reading cboRef file /gm2data/zkhechad/cboTemplates/Run4CBOTemplates//cboIsolate/run4_calo23.root
deltaT 10.521762
windowBins = 120
fitting sliding window 320 from bin 523 at 78.031600 to bin 643 at 95.935600 (120 bins)

Reading data from /gm2data/cornell/histograms/aMethod/histogram_a_run4.root
fitting cbo isolate
 **********
 **    1 **SET PRINTOUT            1
 **********
 **********
 **    2 **SET NOWARNINGS 
 **********
 PARAMETER DEFINITIONS:
    NO.   NAME         VALUE      STEP SIZE      LIMITS
     1 A_CBO        1.00201e-02  1.00000e-05     no limits
     2 w_CBO        2.32657e+00  1.00000e-02    2.00000e+00  3.00000e+00
     3 phi_CBO      3.32436e+00  1.00000e-02    0.00000e+00  6.28319e+00
 **********
 **    3 **MIGRAD
 **********
 FIRST CALL TO USER FUNCTION AT NEW START POINT, WITH IFLAG=4.
 START MIGRAD MINIMIZATION.  STRATEGY  1.  CONVERGENCE WHEN EDM .LT. 1.00e-04
 FCN=0.000901015 FROM MIGRAD    STATUS=INITIATE       10 CALLS          11 TOTAL
                     EDM= unknown      STRATEGY= 1      NO ERROR MATRIX       
  EXT PARAMETER               CURRENT GUESS       STEP         FIRST   
  NO.   NAME      VALUE            ERROR          SIZE      DERIVATIVE 
   1  A_CBO        1.00201e-02   1.00000e-05   1.00000e-05   4.46846e-01
   2  w_CBO        2.32657e+00   1.00000e-02   2.13261e-02  -1.71610e-03
   3  phi_CBO      3.32436e+00   1.00000e-02   3.18850e-03   1.44809e-04
 MIGRAD MINIMIZATION HAS CONVERGED.
 MIGRAD WILL VERIFY CONVERGENCE AND ERROR MATRIX.
 COVARIANCE MATRIX CALCULATED SUCCESSFULLY
 FCN=6.87278e-05 FROM MIGRAD    STATUS=CONVERGED      35 CALLS          36 TOTAL
                     EDM=5.43747e-07    STRATEGY= 1      ERROR MATRIX ACCURATE 
  EXT PARAMETER                                   STEP         FIRST   
  NO.   NAME      VALUE            ERROR          SIZE      DERIVATIVE 
   1  A_CBO        6.29752e-03   1.30401e-01   6.30160e-05   6.37490e-05
   2  w_CBO        2.32663e+00   5.40558e-01   1.94237e-04  -8.59501e-04
   3  phi_CBO      3.31826e+00   4.33635e+00   2.53036e-03   7.45682e-05
 EXTERNAL ERROR MATRIX.    NDIM=  25    NPAR=  3    ERR DEF=1
  1.700e-02 -7.474e-02 -6.462e+00 
 -7.474e-02  1.603e+01  1.391e+03 
 -6.462e+00  1.391e+03  1.211e+05 
 PARAMETER  CORRELATION COEFFICIENTS  
       NO.  GLOBAL      1      2      3
        1  0.14343   1.000 -0.143 -0.142
        2  0.99826  -0.143  1.000  0.998
        3  0.99826  -0.142  0.998  1.000
setting A_CBO=0.006298 w_CBO=2.326635, phi_CBO=3.318260
done fitting cbo isolate
 **********
 **    1 **SET PRINTOUT            1
 **********
 **********
 **    2 **SET NOWARNINGS 
 **********
 PARAMETER DEFINITIONS:
    NO.   NAME         VALUE      STEP SIZE      LIMITS
     1 N0           2.99460e+06  1.00000e+02     no limits
     2 tau          6.44056e+01  constant
     3 A0           3.43521e-01  1.00000e-04     no limits
     4 phi          4.11984e+00  1.00000e-02     no limits
     5 R           -6.10700e+01  constant
     6 A_CBO        6.29752e-03  1.00000e-05     no limits
     7 w_CBO        2.32663e+00  1.00000e-03     no limits
     8 phi_CBO      3.31826e+00  1.00000e-04     no limits
     9 ANx2         5.14298e-04  constant
    10 pNx2         2.57364e+00  constant
    11 ANy1         0.00000e+00  constant
    12 pNy1         0.00000e+00  constant
    13 w_y          0.00000e+00  constant
    14 ANy2         1.38778e-02  1.00000e-04     no limits
    15 pNy2         3.40463e+00  constant
    16 w_vw         1.43028e+01  constant
    17 LM           2.35248e-05  constant
    18 wCBO_expCoeff   2.00000e+02  1.00000e+00     no limits
    19 wCBO_expOffset   2.00000e+02  1.00000e+00     no limits
    20 wCBO_expT    3.00000e+01  1.00000e+00     no limits
    21 wCBO_linCoeff   0.00000e+00  constant
    22 wCBO_const   0.00000e+00  1.00000e-02     no limits
MINUIT - FIT ONLY WIGGLE
 **********
 **    3 **FIX            5
 **********
 PARAMETER    5  IS CONSTANT.   IGNORED.
 **********
 **    4 **FIX            6
 **********
 **********
 **    5 **FIX            7
 **********
 **********
 **    6 **FIX            8
 **********
 **********
 **    7 **FIX            9
 **********
 PARAMETER    9  IS CONSTANT.   IGNORED.
 **********
 **    8 **FIX           10
 **********
 PARAMETER   10  IS CONSTANT.   IGNORED.
 **********
 **    9 **FIX           11
 **********
 PARAMETER   11  IS CONSTANT.   IGNORED.
 **********
 **   10 **FIX           12
 **********
 PARAMETER   12  IS CONSTANT.   IGNORED.
 **********
 **   11 **FIX           13
 **********
 PARAMETER   13  IS CONSTANT.   IGNORED.
 **********
 **   12 **FIX           14
 **********
 **********
 **   13 **FIX           15
 **********
 PARAMETER   15  IS CONSTANT.   IGNORED.
 **********
 **   14 **FIX           16
 **********
 PARAMETER   16  IS CONSTANT.   IGNORED.
 **********
 **   15 **MIGRAD
 **********
 FIRST CALL TO USER FUNCTION AT NEW START POINT, WITH IFLAG=4.
 START MIGRAD MINIMIZATION.  STRATEGY  1.  CONVERGENCE WHEN EDM .LT. 1.00e-04
 FCN=8228.96 FROM MIGRAD    STATUS=INITIATE       34 CALLS          35 TOTAL
                     EDM= unknown      STRATEGY= 1      NO ERROR MATRIX       
  EXT PARAMETER               CURRENT GUESS       STEP         FIRST   
  NO.   NAME      VALUE            ERROR          SIZE      DERIVATIVE 
   1  N0           2.99460e+06   1.00000e+02   1.00000e+02   1.51345e-02
   2  tau          6.44056e+01   constant   
   3  A0           3.43521e-01   1.00000e-04   1.00000e-04   4.28609e+04
   4  phi          4.11984e+00   1.00000e-02   1.00000e-02   9.49997e+03
   5  R           -6.10700e+01   constant   
   6  A_CBO        6.29752e-03     fixed    
   7  w_CBO        2.32663e+00     fixed    
   8  phi_CBO      3.31826e+00     fixed    
   9  ANx2         5.14298e-04   constant   
  10  pNx2         2.57364e+00   constant   
  11  ANy1         0.00000e+00   constant   
  12  pNy1         0.00000e+00   constant   
  13  w_y          0.00000e+00   constant   
  14  ANy2         1.38778e-02     fixed    
  15  pNy2         3.40463e+00   constant   
  16  w_vw         1.43028e+01   constant   
  17  LM           2.35248e-05   constant   
  18  wCBO_expCoeff   2.00000e+02   1.00000e+00   1.00000e+00   3.41000e+05
  19  wCBO_expOffset   2.00000e+02   1.00000e+00   1.00000e+00  -7.82785e+05
  20  wCBO_expT    3.00000e+01   1.00000e+00   1.00000e+00  -3.62540e+05
  21  wCBO_linCoeff   0.00000e+00   constant   
  22  wCBO_const   0.00000e+00   1.00000e-02   1.00000e-02   1.51311e+05
 MIGRAD FAILS TO FIND IMPROVEMENT
 COVARIANCE MATRIX CALCULATED SUCCESSFULLY
 FCN=6500.44 FROM HESSE     STATUS=OK             56 CALLS         150 TOTAL
                     EDM=1298.94    STRATEGY= 1      ERROR MATRIX ACCURATE 
  EXT PARAMETER                                   STEP         FIRST   
  NO.   NAME      VALUE            ERROR          SIZE      DERIVATIVE 
   1  N0           2.99361e+06   3.63816e+02   1.42182e+01   2.94403e-02
   2  tau          6.44056e+01   constant   
   3  A0           3.42949e-01   1.67190e-04   6.43251e-06   6.32099e+04
   4  phi          4.11873e+00   4.84726e-04   1.90600e-05   8.78865e+03
   5  R           -6.10700e+01   constant   
   6  A_CBO        6.29752e-03     fixed    
   7  w_CBO        2.32663e+00     fixed    
   8  phi_CBO      3.31826e+00     fixed    
   9  ANx2         5.14298e-04   constant   
  10  pNx2         2.57364e+00   constant   
  11  ANy1         0.00000e+00   constant   
  12  pNy1         0.00000e+00   constant   
  13  w_y          0.00000e+00   constant   
  14  ANy2         1.38778e-02     fixed    
  15  pNy2         3.40463e+00   constant   
  16  w_vw         1.43028e+01   constant   
  17  LM           2.35248e-05   constant   
  18  wCBO_expCoeff   2.00000e+02   6.76772e-06   9.53674e-05   1.43520e+05
  19  wCBO_expOffset   2.00000e+02   6.46528e-06   9.53675e-05   8.52792e+06
  20  wCBO_expT    3.00008e+01   2.63490e-07   1.43055e-05  -1.94931e+07
  21  wCBO_linCoeff   0.00000e+00   constant   
  22  wCBO_const  -3.33933e-03   3.88454e-04   5.65263e-06   4.53317e+04
 MIGRAD FAILS TO FIND IMPROVEMENT
 MIGRAD TERMINATED WITHOUT CONVERGENCE.
 FCN=6465.49 FROM MIGRAD    STATUS=FAILED        196 CALLS         197 TOTAL
                     EDM=66.7042    STRATEGY= 1  ERROR MATRIX UNCERTAINTY   3.6 per cent
  EXT PARAMETER                APPROXIMATE        STEP         FIRST   
  NO.   NAME      VALUE            ERROR          SIZE      DERIVATIVE 
   1  N0           2.99277e+06   3.92742e+02  -0.00000e+00   1.55500e-02
   2  tau          6.44056e+01   constant   
   3  A0           3.42574e-01   1.77536e-04  -0.00000e+00   4.03965e+04
   4  phi          4.11832e+00   4.90360e-04  -0.00000e+00   4.37681e+03
   5  R           -6.10700e+01   constant   
   6  A_CBO        6.29752e-03     fixed    
   7  w_CBO        2.32663e+00     fixed    
   8  phi_CBO      3.31826e+00     fixed    
   9  ANx2         5.14298e-04   constant   
  10  pNx2         2.57364e+00   constant   
  11  ANy1         0.00000e+00   constant   
  12  pNy1         0.00000e+00   constant   
  13  w_y          0.00000e+00   constant   
  14  ANy2         1.38778e-02     fixed    
  15  pNy2         3.40463e+00   constant   
  16  w_vw         1.43028e+01   constant   
  17  LM           2.35248e-05   constant   
  18  wCBO_expCoeff   2.00000e+02   7.15865e-06   0.00000e+00  -2.37937e+06
  19  wCBO_expOffset   2.00000e+02   3.67958e-07  -0.00000e+00  -4.50278e+06
  20  wCBO_expT    3.00008e+01   2.84869e-07   0.00000e+00  -3.92218e+07
  21  wCBO_linCoeff   0.00000e+00   constant   
  22  wCBO_const  -4.02442e-03   2.98191e-04  -0.00000e+00  -3.27773e+04
 EXTERNAL ERROR MATRIX.    NDIM=  25    NPAR=  7    ERR DEF=1
  1.542e+05  1.165e-02  5.240e-03 -7.358e-04  2.156e-05 -2.759e-05  1.731e-02 
  1.165e-02  3.152e-08  4.687e-09 -2.770e-10  6.895e-12 -9.065e-12  7.959e-09 
  5.240e-03  4.687e-09  2.405e-07 -3.575e-10  1.419e-11 -1.623e-11  7.719e-09 
 -7.358e-04 -2.770e-10 -3.575e-10  5.125e-11 -5.669e-14  1.086e-12 -2.044e-09 
  2.156e-05  6.895e-12  1.419e-11 -5.669e-14  1.354e-13 -7.293e-14  3.876e-12 
 -2.759e-05 -9.065e-12 -1.623e-11  1.086e-12 -7.293e-14  8.115e-14 -4.815e-11 
  1.731e-02  7.959e-09  7.719e-09 -2.044e-09  3.876e-12 -4.815e-11  8.892e-08 
ERR MATRIX APPROXIMATE
 PARAMETER  CORRELATION COEFFICIENTS  
       NO.  GLOBAL      1      3      4     18     19     20     22
        1  0.49828   1.000  0.167  0.027 -0.262  0.149 -0.247  0.148
        3  0.32309   0.167  1.000  0.054 -0.218  0.106 -0.179  0.150
        4  0.23533   0.027  0.054  1.000 -0.102  0.079 -0.116  0.053
       18  0.96897  -0.262 -0.218 -0.102  1.000 -0.022  0.533 -0.957
       19  0.82129   0.149  0.106  0.079 -0.022  1.000 -0.696  0.035
       20  0.88709  -0.247 -0.179 -0.116  0.533 -0.696  1.000 -0.567
       22  0.97091   0.148  0.150  0.053 -0.957  0.035 -0.567  1.000
 ERR MATRIX APPROXIMATE
MINUIT - FIT ONLY 1-CBO + other amplitudes 
 **********
 **   16 **RES 
 **********
                   PARAMETER   14  ANy2 RESTORED TO VARIABLE.
                   PARAMETER    8  phi_CBO RESTORED TO VARIABLE.
                   PARAMETER    7  w_CBO RESTORED TO VARIABLE.
                   PARAMETER    6  A_CBO RESTORED TO VARIABLE.
 **********
 **   17 **FIX            0
 **********
 PARAMETER    0  IS UNDEFINED. IGNORED.
 **********
 **   18 **FIX            1
 **********
 **********
 **   19 **FIX            2
 **********
 PARAMETER    2  IS CONSTANT.   IGNORED.
 **********
 **   20 **FIX            3
 **********
 **********
 **   21 **FIX            4
 **********
 **********
 **   22 **FIX            9
 **********
 PARAMETER    9  IS CONSTANT.   IGNORED.
 **********
 **   23 **FIX           11
 **********
 PARAMETER   11  IS CONSTANT.   IGNORED.
 **********
 **   24 **FIX           12
 **********
 PARAMETER   12  IS CONSTANT.   IGNORED.
 **********
 **   25 **FIX           14
 **********
 **********
 **   26 **FIX           15
 **********
 PARAMETER   15  IS CONSTANT.   IGNORED.
 **********
 **   27 **FIX           16
 **********
 PARAMETER   16  IS CONSTANT.   IGNORED.
 **********
 **   28 **MIGRAD
 **********
 START MIGRAD MINIMIZATION.  STRATEGY  1.  CONVERGENCE WHEN EDM .LT. 1.00e-04
 FCN=6465.49 FROM MIGRAD    STATUS=INITIATE       22 CALLS         219 TOTAL
                     EDM= unknown      STRATEGY= 1      NO ERROR MATRIX       
  EXT PARAMETER               CURRENT GUESS       STEP         FIRST   
  NO.   NAME      VALUE            ERROR          SIZE      DERIVATIVE 
   1  N0           2.99277e+06     fixed    
   2  tau          6.44056e+01   constant   
   3  A0           3.42574e-01     fixed    
   4  phi          4.11832e+00     fixed    
   5  R           -6.10700e+01   constant   
   6  A_CBO        6.29752e-03   1.00000e-05   1.00000e-05   6.68277e+04
   7  w_CBO        2.32663e+00   1.00000e-03   1.00000e-03  -2.04530e+08
   8  phi_CBO      3.31826e+00   1.00000e-04   1.00000e-04   2.31012e+02
   9  ANx2         5.14298e-04   constant   
  10  pNx2         2.57364e+00   constant   
  11  ANy1         0.00000e+00   constant   
  12  pNy1         0.00000e+00   constant   
  13  w_y          0.00000e+00   constant   
  14  ANy2         1.38778e-02     fixed    
  15  pNy2         3.40463e+00   constant   
  16  w_vw         1.43028e+01   constant   
  17  LM           2.35248e-05   constant   
  18  wCBO_expCoeff   2.00000e+02   7.15865e-06   0.00000e+00  -2.37937e+06
  19  wCBO_expOffset   2.00000e+02   3.67958e-07  -0.00000e+00  -4.50278e+06
  20  wCBO_expT    3.00008e+01   2.84869e-07   0.00000e+00  -3.92218e+07
  21  wCBO_linCoeff   0.00000e+00   constant   
  22  wCBO_const  -4.02442e-03   2.98191e-04  -0.00000e+00  -3.27772e+04
 MIGRAD FAILS TO FIND IMPROVEMENT
 FCN=6434.26 FROM HESSE     STATUS=NOT POSDEF     58 CALLS         442 TOTAL
                     EDM=3999.44    STRATEGY= 1      ERR MATRIX NOT POS-DEF
  EXT PARAMETER                APPROXIMATE        STEP         FIRST   
  NO.   NAME      VALUE            ERROR          SIZE      DERIVATIVE 
   1  N0           2.99277e+06     fixed    
   2  tau          6.44056e+01   constant   
   3  A0           3.42574e-01     fixed    
   4  phi          4.11832e+00     fixed    
   5  R           -6.10700e+01   constant   
   6  A_CBO        6.19804e-03   1.47673e-03   6.95009e-06   5.72328e+04
   7  w_CBO        2.32663e+00   2.64616e-07   1.10943e-06   2.77953e+07
   8  phi_CBO      3.31102e+00   1.43914e-01   1.11646e-03  -1.79787e+02
   9  ANx2         5.14298e-04   constant   
  10  pNx2         2.57364e+00   constant   
  11  ANy1         0.00000e+00   constant   
  12  pNy1         0.00000e+00   constant   
  13  w_y          0.00000e+00   constant   
  14  ANy2         1.38778e-02     fixed    
  15  pNy2         3.40463e+00   constant   
  16  w_vw         1.43028e+01   constant   
  17  LM           2.35248e-05   constant   
  18  wCBO_expCoeff   2.00000e+02   2.27472e-05   9.53674e-05   3.23108e+05
  19  wCBO_expOffset   2.00000e+02   5.93613e-06   9.53675e-05   3.09864e+06
  20  wCBO_expT    3.00008e+01   1.60837e-06   1.43055e-05  -1.85922e+07
  21  wCBO_linCoeff   0.00000e+00   constant   
  22  wCBO_const  -4.00047e-03   3.66458e-04   5.59730e-06   4.79250e+04
 MIGRAD FAILS TO FIND IMPROVEMENT
 MIGRAD TERMINATED WITHOUT CONVERGENCE.
 FCN=6406.47 FROM MIGRAD    STATUS=FAILED        272 CALLS         469 TOTAL
                     EDM=489.682    STRATEGY= 1      ERR MATRIX NOT POS-DEF
  EXT PARAMETER                APPROXIMATE        STEP         FIRST   
  NO.   NAME      VALUE            ERROR          SIZE      DERIVATIVE 
   1  N0           2.99277e+06     fixed    
   2  tau          6.44056e+01   constant   
   3  A0           3.42574e-01     fixed    
   4  phi          4.11832e+00     fixed    
   5  R           -6.10700e+01   constant   
   6  A_CBO        5.02710e-03   4.94014e-04  -0.00000e+00  -1.54938e+04
   7  w_CBO        2.32664e+00   9.66283e-08   0.00000e+00   1.18316e+08
   8  phi_CBO      3.42261e+00   5.59365e-02   0.00000e+00  -2.82011e+02
   9  ANx2         5.14298e-04   constant   
  10  pNx2         2.57364e+00   constant   
  11  ANy1         0.00000e+00   constant   
  12  pNy1         0.00000e+00   constant   
  13  w_y          0.00000e+00   constant   
  14  ANy2         1.38778e-02     fixed    
  15  pNy2         3.40463e+00   constant   
  16  w_vw         1.43028e+01   constant   
  17  LM           2.35248e-05   constant   
  18  wCBO_expCoeff   2.00000e+02   8.30648e-06   0.00000e+00   1.37617e+06
  19  wCBO_expOffset   2.00000e+02   4.90392e-06   0.00000e+00  -4.80005e+06
  20  wCBO_expT    3.00008e+01   5.72864e-07   0.00000e+00  -2.76863e+07
  21  wCBO_linCoeff   0.00000e+00   constant   
  22  wCBO_const  -4.26353e-03   1.84970e-04  -0.00000e+00   6.33045e+04
 EXTERNAL ERROR MATRIX.    NDIM=  25    NPAR=  7    ERR DEF=1
  2.440e-07 -4.312e-11 -2.094e-05 -3.707e-09 -2.305e-09 -2.647e-10  2.976e-08 
 -4.312e-11  9.337e-15  4.214e-09  6.739e-13  4.163e-13  4.890e-14 -7.202e-12 
 -2.094e-05  4.214e-09  3.129e-03  3.622e-07  1.926e-07  2.408e-08 -2.010e-07 
 -3.707e-09  6.739e-13  3.622e-07  6.900e-11  3.579e-11  4.204e-12 -6.191e-10 
 -2.305e-09  4.163e-13  1.926e-07  3.579e-11  2.405e-11  2.478e-12 -2.631e-10 
 -2.647e-10  4.890e-14  2.408e-08  4.204e-12  2.478e-12  3.282e-13 -3.489e-11 
  2.976e-08 -7.202e-12 -2.010e-07 -6.191e-10 -2.631e-10 -3.489e-11  3.421e-08 
ERR MATRIX NOT POS-DEF
 PARAMETER  CORRELATION COEFFICIENTS  
       NO.  GLOBAL      6      7      8     18     19     20     22
        6  0.97559   1.000 -0.903 -0.758 -0.903 -0.952 -0.935  0.326
        7  0.94828  -0.903  1.000  0.780  0.840  0.879  0.883 -0.403
        8  0.91146  -0.758  0.780  1.000  0.780  0.702  0.752 -0.019
       18  0.94827  -0.903  0.840  0.780  1.000  0.879  0.883 -0.403
       19  0.96289  -0.952  0.879  0.702  0.879  1.000  0.882 -0.290
       20  0.94472  -0.935  0.883  0.752  0.883  0.882  1.000 -0.329
       22  0.77717   0.326 -0.403 -0.019 -0.403 -0.290 -0.329  1.000
 ERR MATRIX NOT POS-DEF
MINUIT - FIT ONLY 1-CBO
 **********
 **   29 **RES 
 **********
                   PARAMETER   14  ANy2 RESTORED TO VARIABLE.
                   PARAMETER    4  phi RESTORED TO VARIABLE.
                   PARAMETER    3  A0 RESTORED TO VARIABLE.
                   PARAMETER    1  N0 RESTORED TO VARIABLE.
 **********
 **   30 **FIX            0
 **********
 PARAMETER    0  IS UNDEFINED. IGNORED.
 **********
 **   31 **FIX            1
 **********
 **********
 **   32 **FIX            2
 **********
 PARAMETER    2  IS CONSTANT.   IGNORED.
 **********
 **   33 **FIX            3
 **********
 **********
 **   34 **FIX            4
 **********
 **********
 **   35 **FIX            8
 **********
 **********
 **   36 **FIX            9
 **********
 PARAMETER    9  IS CONSTANT.   IGNORED.
 **********
 **   37 **FIX           11
 **********
 PARAMETER   11  IS CONSTANT.   IGNORED.
 **********
 **   38 **FIX           12
 **********
 PARAMETER   12  IS CONSTANT.   IGNORED.
 **********
 **   39 **FIX           13
 **********
 PARAMETER   13  IS CONSTANT.   IGNORED.
 **********
 **   40 **FIX           15
 **********
 PARAMETER   15  IS CONSTANT.   IGNORED.
 **********
 **   41 **FIX           16
 **********
 PARAMETER   16  IS CONSTANT.   IGNORED.
 **********
 **   42 **MIGRAD
 **********
 START MIGRAD MINIMIZATION.  STRATEGY  1.  CONVERGENCE WHEN EDM .LT. 1.00e-04
 FCN=6406.47 FROM MIGRAD    STATUS=INITIATE       16 CALLS         485 TOTAL
                     EDM= unknown      STRATEGY= 1      NO ERROR MATRIX       
  EXT PARAMETER               CURRENT GUESS       STEP         FIRST   
  NO.   NAME      VALUE            ERROR          SIZE      DERIVATIVE 
   1  N0           2.99277e+06     fixed    
   2  tau          6.44056e+01   constant   
   3  A0           3.42574e-01     fixed    
   4  phi          4.11832e+00     fixed    
   5  R           -6.10700e+01   constant   
   6  A_CBO        5.02710e-03   4.94014e-04  -0.00000e+00  -1.54938e+04
   7  w_CBO        2.32664e+00   9.66283e-08   0.00000e+00   1.18316e+08
   8  phi_CBO      3.42261e+00     fixed    
   9  ANx2         5.14298e-04   constant   
  10  pNx2         2.57364e+00   constant   
  11  ANy1         0.00000e+00   constant   
  12  pNy1         0.00000e+00   constant   
  13  w_y          0.00000e+00   constant   
  14  ANy2         1.38778e-02   1.00000e-04   1.00000e-04   7.77730e+05
  15  pNy2         3.40463e+00   constant   
  16  w_vw         1.43028e+01   constant   
  17  LM           2.35248e-05   constant   
  18  wCBO_expCoeff   2.00000e+02   8.30648e-06   0.00000e+00   1.37617e+06
  19  wCBO_expOffset   2.00000e+02   4.90392e-06   0.00000e+00  -4.80005e+06
  20  wCBO_expT    3.00008e+01   5.72864e-07   0.00000e+00  -2.76863e+07
  21  wCBO_linCoeff   0.00000e+00   constant   
  22  wCBO_const  -4.26353e-03   1.84970e-04  -0.00000e+00   6.33045e+04
 MIGRAD FAILS TO FIND IMPROVEMENT
 FCN=1437.12 FROM HESSE     STATUS=NOT POSDEF     58 CALLS        1524 TOTAL
                     EDM=2.64258e+08    STRATEGY= 1      ERR MATRIX NOT POS-DEF
  EXT PARAMETER                APPROXIMATE        STEP         FIRST   
  NO.   NAME      VALUE            ERROR          SIZE      DERIVATIVE 
   1  N0           2.99277e+06     fixed    
   2  tau          6.44056e+01   constant   
   3  A0           3.42574e-01     fixed    
   4  phi          4.11832e+00     fixed    
   5  R           -6.10700e+01   constant   
   6  A_CBO       -7.29650e-04   1.87646e-06   3.28199e-06   5.32014e+03
   7  w_CBO        2.32663e+00   3.92513e-09   1.10943e-06  -1.32550e+06
   8  phi_CBO      3.42261e+00     fixed    
   9  ANx2         5.14298e-04   constant   
  10  pNx2         2.57364e+00   constant   
  11  ANy1         0.00000e+00   constant   
  12  pNy1         0.00000e+00   constant   
  13  w_y          0.00000e+00   constant   
  14  ANy2         1.11889e-03   5.10251e-07   3.16599e-06   3.22743e+03
  15  pNy2         3.40463e+00   constant   
  16  w_vw         1.43028e+01   constant   
  17  LM           2.35248e-05   constant   
  18  wCBO_expCoeff   2.00000e+02   2.90260e-07   9.53674e-05  -1.54176e+04
  19  wCBO_expOffset   2.00000e+02   1.59893e-01   9.53676e-05  -2.03341e+05
  20  wCBO_expT    3.00008e+01   1.78406e-07   1.43055e-05   4.35285e+06
  21  wCBO_linCoeff   0.00000e+00   constant   
  22  wCBO_const  -6.53859e-03   4.11873e-07   1.64801e-05   1.07006e+03
 MIGRAD FAILS TO FIND IMPROVEMENT
 MIGRAD TERMINATED WITHOUT CONVERGENCE.
 FCN=1437.12 FROM MIGRAD    STATUS=FAILED       1066 CALLS        1535 TOTAL
                     EDM=2.64258e+08    STRATEGY= 1      ERR MATRIX NOT POS-DEF
  EXT PARAMETER                APPROXIMATE        STEP         FIRST   
  NO.   NAME      VALUE            ERROR          SIZE      DERIVATIVE 
   1  N0           2.99277e+06     fixed    
   2  tau          6.44056e+01   constant   
   3  A0           3.42574e-01     fixed    
   4  phi          4.11832e+00     fixed    
   5  R           -6.10700e+01   constant   
   6  A_CBO       -7.29650e-04   1.87646e-06   0.00000e+00   5.32014e+03
   7  w_CBO        2.32663e+00   3.92513e-09  -0.00000e+00  -1.32550e+06
   8  phi_CBO      3.42261e+00     fixed    
   9  ANx2         5.14298e-04   constant   
  10  pNx2         2.57364e+00   constant   
  11  ANy1         0.00000e+00   constant   
  12  pNy1         0.00000e+00   constant   
  13  w_y          0.00000e+00   constant   
  14  ANy2         1.11889e-03   5.10251e-07  -0.00000e+00   3.22743e+03
  15  pNy2         3.40463e+00   constant   
  16  w_vw         1.43028e+01   constant   
  17  LM           2.35248e-05   constant   
  18  wCBO_expCoeff   2.00000e+02   2.90260e-07  -0.00000e+00  -1.54176e+04
  19  wCBO_expOffset   2.00000e+02   1.59893e-01   0.00000e+00  -2.03341e+05
  20  wCBO_expT    3.00008e+01   1.78406e-07   0.00000e+00   4.35285e+06
  21  wCBO_linCoeff   0.00000e+00   constant   
  22  wCBO_const  -6.53859e-03   4.11873e-07   0.00000e+00   1.07006e+03
 EXTERNAL ERROR MATRIX.    NDIM=  25    NPAR=  7    ERR DEF=1
  3.521e-12 -6.982e-15 -8.457e-13 -5.125e-13  2.977e-07  3.318e-13  6.218e-13 
 -6.982e-15  1.541e-17  1.703e-15  1.032e-15 -5.996e-10 -6.682e-16 -1.252e-15 
 -8.457e-13  1.703e-15  2.604e-13  1.250e-13 -7.262e-08 -8.094e-14 -1.517e-13 
 -5.125e-13  1.032e-15  1.250e-13  8.425e-14 -4.401e-08 -4.905e-14 -9.193e-14 
  2.977e-07 -5.996e-10 -7.262e-08 -4.401e-08  2.557e-02  2.849e-08  5.340e-08 
  3.318e-13 -6.682e-16 -8.094e-14 -4.905e-14  2.849e-08  3.183e-14  5.951e-14 
  6.218e-13 -1.252e-15 -1.517e-13 -9.193e-14  5.340e-08  5.951e-14  1.696e-13 
ERR MATRIX NOT POS-DEF
 PARAMETER  CORRELATION COEFFICIENTS  
       NO.  GLOBAL      6      7     14     18     19     20     22
        6  0.99226   1.000 -0.948 -0.883 -0.941  0.992  0.991  0.805
        7  0.95539  -0.948  1.000  0.850  0.906 -0.955 -0.954 -0.775
       14  0.89017  -0.883  0.850  1.000  0.844 -0.890 -0.889 -0.722
       18  0.94831  -0.941  0.906  0.844  1.000 -0.948 -0.947 -0.769
       19  0.99900   0.992 -0.955 -0.890 -0.948  1.000  0.999  0.811
       20  0.99879   0.991 -0.954 -0.889 -0.947  0.999  1.000  0.810
       22  0.81086   0.805 -0.775 -0.722 -0.769  0.811  0.810  1.000
 ERR MATRIX NOT POS-DEF
MINUIT - FIT ONLY 2-CBO
 **********
 **   43 **RES 
 **********
                   PARAMETER    8  phi_CBO RESTORED TO VARIABLE.
                   PARAMETER    4  phi RESTORED TO VARIABLE.
                   PARAMETER    3  A0 RESTORED TO VARIABLE.
                   PARAMETER    1  N0 RESTORED TO VARIABLE.
 **********
 **   44 **FIX            0
 **********
 PARAMETER    0  IS UNDEFINED. IGNORED.
 **********
 **   45 **FIX            1
 **********
 **********
 **   46 **FIX            2
 **********
 PARAMETER    2  IS CONSTANT.   IGNORED.
 **********
 **   47 **FIX            3
 **********
 **********
 **   48 **FIX            4
 **********
 **********
 **   49 **FIX            5
 **********
 PARAMETER    5  IS CONSTANT.   IGNORED.
 **********
 **   50 **FIX            6
 **********
 **********
 **   51 **FIX            7
 **********
 **********
 **   52 **FIX           10
 **********
 PARAMETER   10  IS CONSTANT.   IGNORED.
 **********
 **   53 **FIX           11
 **********
 PARAMETER   11  IS CONSTANT.   IGNORED.
 **********
 **   54 **FIX           12
 **********
 PARAMETER   12  IS CONSTANT.   IGNORED.
 **********
 **   55 **FIX           13
 **********
 PARAMETER   13  IS CONSTANT.   IGNORED.
 **********
 **   56 **FIX           14
 **********
 **********
 **   57 **FIX           15
 **********
 PARAMETER   15  IS CONSTANT.   IGNORED.
 **********
 **   58 **FIX           16
 **********
 PARAMETER   16  IS CONSTANT.   IGNORED.
 **********
 **   59 **MIGRAD
 **********
 START MIGRAD MINIMIZATION.  STRATEGY  1.  CONVERGENCE WHEN EDM .LT. 1.00e-04
 FCN=1423.75 FROM MIGRAD    STATUS=INITIATE       29 CALLS        1564 TOTAL
                     EDM= unknown      STRATEGY= 1      NO ERROR MATRIX       
  EXT PARAMETER               CURRENT GUESS       STEP         FIRST   
  NO.   NAME      VALUE            ERROR          SIZE      DERIVATIVE 
   1  N0           2.99277e+06     fixed    
   2  tau          6.44056e+01   constant   
   3  A0           3.42574e-01     fixed    
   4  phi          4.11832e+00     fixed    
   5  R           -6.10700e+01   constant   
   6  A_CBO       -7.29650e-04     fixed    
   7  w_CBO        2.32663e+00     fixed    
   8  phi_CBO      3.42261e+00   5.59365e-02   0.00000e+00  -3.03417e+01
   9  ANx2         5.14298e-04   constant   
  10  pNx2         2.57364e+00   constant   
  11  ANy1         0.00000e+00   constant   
  12  pNy1         0.00000e+00   constant   
  13  w_y          0.00000e+00   constant   
  14  ANy2         1.11889e-03     fixed    
  15  pNy2         3.40463e+00   constant   
  16  w_vw         1.43028e+01   constant   
  17  LM           2.35248e-05   constant   
  18  wCBO_expCoeff   2.00000e+02   2.90260e-07   0.00000e+00   8.49639e+04
  19  wCBO_expOffset   2.00000e+02   1.59893e-01   1.37017e-04  -1.68272e+05
  20  wCBO_expT    3.00008e+01   1.78406e-07   0.00000e+00   1.45225e+06
  21  wCBO_linCoeff   0.00000e+00   constant   
  22  wCBO_const  -6.53859e-03   4.11873e-07   0.00000e+00  -7.06423e+02
 MIGRAD FAILS TO FIND IMPROVEMENT
 FCN=1401.87 FROM HESSE     STATUS=NOT POSDEF     37 CALLS        1666 TOTAL
                     EDM=1344.48    STRATEGY= 1      ERR MATRIX NOT POS-DEF
  EXT PARAMETER                APPROXIMATE        STEP         FIRST   
  NO.   NAME      VALUE            ERROR          SIZE      DERIVATIVE 
   1  N0           2.99277e+06     fixed    
   2  tau          6.44056e+01   constant   
   3  A0           3.42574e-01     fixed    
   4  phi          4.11832e+00     fixed    
   5  R           -6.10700e+01   constant   
   6  A_CBO       -7.29650e-04     fixed    
   7  w_CBO        2.32663e+00     fixed    
   8  phi_CBO      4.72032e+00   1.74894e+00   4.30616e-03   6.90650e-02
   9  ANx2         5.14298e-04   constant   
  10  pNx2         2.57364e+00   constant   
  11  ANy1         0.00000e+00   constant   
  12  pNy1         0.00000e+00   constant   
  13  w_y          0.00000e+00   constant   
  14  ANy2         1.11889e-03     fixed    
  15  pNy2         3.40463e+00   constant   
  16  w_vw         1.43028e+01   constant   
  17  LM           2.35248e-05   constant   
  18  wCBO_expCoeff   2.00000e+02   2.68920e-05   9.53674e-05  -1.58385e+04
  19  wCBO_expOffset   2.00000e+02   4.26118e-04   9.53676e-05  -1.91478e+05
  20  wCBO_expT    3.00008e+01   9.50174e-06   1.43055e-05   1.25230e+06
  21  wCBO_linCoeff   0.00000e+00   constant   
  22  wCBO_const  -6.22129e-03   4.73952e-03   1.05996e-05  -7.78648e+02
 MIGRAD FAILS TO FIND IMPROVEMENT
 MIGRAD TERMINATED WITHOUT CONVERGENCE.
 FCN=1392.74 FROM MIGRAD    STATUS=FAILED        159 CALLS        1694 TOTAL
                     EDM=9692.57    STRATEGY= 1      ERR MATRIX NOT POS-DEF
  EXT PARAMETER                APPROXIMATE        STEP         FIRST   
  NO.   NAME      VALUE            ERROR          SIZE      DERIVATIVE 
   1  N0           2.99277e+06     fixed    
   2  tau          6.44056e+01   constant   
   3  A0           3.42574e-01     fixed    
   4  phi          4.11832e+00     fixed    
   5  R           -6.10700e+01   constant   
   6  A_CBO       -7.29650e-04     fixed    
   7  w_CBO        2.32663e+00     fixed    
   8  phi_CBO     -5.86076e+01   9.31367e-01   0.00000e+00  -2.93563e+01
   9  ANx2         5.14298e-04   constant   
  10  pNx2         2.57364e+00   constant   
  11  ANy1         0.00000e+00   constant   
  12  pNy1         0.00000e+00   constant   
  13  w_y          0.00000e+00   constant   
  14  ANy2         1.11889e-03     fixed    
  15  pNy2         3.40463e+00   constant   
  16  w_vw         1.43028e+01   constant   
  17  LM           2.35248e-05   constant   
  18  wCBO_expCoeff   1.99999e+02   1.99202e-05   0.00000e+00   3.91584e+04
  19  wCBO_expOffset   2.00016e+02   2.22488e-04  -0.00000e+00   2.79250e+05
  20  wCBO_expT    3.00011e+01   5.11125e-06  -0.00000e+00   4.01524e+06
  21  wCBO_linCoeff   0.00000e+00   constant   
  22  wCBO_const   1.65635e-01   2.56947e-03  -0.00000e+00  -2.07652e+03
 EXTERNAL ERROR MATRIX.    NDIM=  25    NPAR=  5    ERR DEF=1
  8.674e-01  1.135e-05 -1.976e-04 -4.151e-06 -2.117e-03 
  1.135e-05  3.968e-10 -2.514e-09 -4.374e-11 -3.202e-08 
 -1.976e-04 -2.514e-09  4.950e-08  1.075e-09  5.493e-07 
 -4.151e-06 -4.374e-11  1.075e-09  2.612e-11  1.201e-08 
 -2.117e-03 -3.202e-08  5.493e-07  1.201e-08  6.602e-06 
ERR MATRIX NOT POS-DEF
 PARAMETER  CORRELATION COEFFICIENTS  
       NO.  GLOBAL      8     18     19     20     22
        8  0.97042   1.000  0.612 -0.954 -0.872 -0.885
       18  0.77943   0.612  1.000 -0.567 -0.430 -0.626
       19  0.99153  -0.954 -0.567  1.000  0.946  0.961
       20  0.95784  -0.872 -0.430  0.946  1.000  0.915
       22  0.97636  -0.885 -0.626  0.961  0.915  1.000
 ERR MATRIX NOT POS-DEF
MINUIT - FIT ONLY 1-y
 **********
 **   60 **RES 
 **********
                   PARAMETER   14  ANy2 RESTORED TO VARIABLE.
                   PARAMETER    7  w_CBO RESTORED TO VARIABLE.
                   PARAMETER    6  A_CBO RESTORED TO VARIABLE.
                   PARAMETER    4  phi RESTORED TO VARIABLE.
                   PARAMETER    3  A0 RESTORED TO VARIABLE.
                   PARAMETER    1  N0 RESTORED TO VARIABLE.
 **********
 **   61 **FIX            0
 **********
 PARAMETER    0  IS UNDEFINED. IGNORED.
 **********
 **   62 **FIX            1
 **********
 **********
 **   63 **FIX            2
 **********
 PARAMETER    2  IS CONSTANT.   IGNORED.
 **********
 **   64 **FIX            3
 **********
 **********
 **   65 **FIX            4
 **********
 **********
 **   66 **FIX            5
 **********
 PARAMETER    5  IS CONSTANT.   IGNORED.
 **********
 **   67 **FIX            6
 **********
 **********
 **   68 **FIX            7
 **********
 **********
 **   69 **FIX            8
 **********
 **********
 **   70 **FIX            9
 **********
 PARAMETER    9  IS CONSTANT.   IGNORED.
 **********
 **   71 **FIX           13
 **********
 PARAMETER   13  IS CONSTANT.   IGNORED.
 **********
 **   72 **FIX           14
 **********
 **********
 **   73 **FIX           15
 **********
 PARAMETER   15  IS CONSTANT.   IGNORED.
 **********
 **   74 **FIX           16
 **********
 PARAMETER   16  IS CONSTANT.   IGNORED.
 **********
 **   75 **MIGRAD
 **********
 START MIGRAD MINIMIZATION.  STRATEGY  1.  CONVERGENCE WHEN EDM .LT. 1.00e-04
 FCN=1392.74 FROM MIGRAD    STATUS=INITIATE        8 CALLS        1702 TOTAL
                     EDM= unknown      STRATEGY= 1      NO ERROR MATRIX       
  EXT PARAMETER               CURRENT GUESS       STEP         FIRST   
  NO.   NAME      VALUE            ERROR          SIZE      DERIVATIVE 
   1  N0           2.99277e+06     fixed    
   2  tau          6.44056e+01   constant   
   3  A0           3.42574e-01     fixed    
   4  phi          4.11832e+00     fixed    
   5  R           -6.10700e+01   constant   
   6  A_CBO       -7.29650e-04     fixed    
   7  w_CBO        2.32663e+00     fixed    
   8  phi_CBO     -5.86076e+01     fixed    
   9  ANx2         5.14298e-04   constant   
  10  pNx2         2.57364e+00   constant   
  11  ANy1         0.00000e+00   constant   
  12  pNy1         0.00000e+00   constant   
  13  w_y          0.00000e+00   constant   
  14  ANy2         1.11889e-03     fixed    
  15  pNy2         3.40463e+00   constant   
  16  w_vw         1.43028e+01   constant   
  17  LM           2.35248e-05   constant   
  18  wCBO_expCoeff   1.99999e+02   1.99202e-05   0.00000e+00   3.91584e+04
  19  wCBO_expOffset   2.00016e+02   2.22488e-04  -0.00000e+00   2.79250e+05
  20  wCBO_expT    3.00011e+01   5.11125e-06  -0.00000e+00   4.01524e+06
  21  wCBO_linCoeff   0.00000e+00   constant   
  22  wCBO_const   1.65635e-01   2.56947e-03  -0.00000e+00  -2.07652e+03
 MIGRAD FAILS TO FIND IMPROVEMENT
 FCN=1386.66 FROM HESSE     STATUS=NOT POSDEF     29 CALLS        1755 TOTAL
                     EDM=1205.75    STRATEGY= 1      ERR MATRIX NOT POS-DEF
  EXT PARAMETER                APPROXIMATE        STEP         FIRST   
  NO.   NAME      VALUE            ERROR          SIZE      DERIVATIVE 
   1  N0           2.99277e+06     fixed    
   2  tau          6.44056e+01   constant   
   3  A0           3.42574e-01     fixed    
   4  phi          4.11832e+00     fixed    
   5  R           -6.10700e+01   constant   
   6  A_CBO       -7.29650e-04     fixed    
   7  w_CBO        2.32663e+00     fixed    
   8  phi_CBO     -5.86076e+01     fixed    
   9  ANx2         5.14298e-04   constant   
  10  pNx2         2.57364e+00   constant   
  11  ANy1         0.00000e+00   constant   
  12  pNy1         0.00000e+00   constant   
  13  w_y          0.00000e+00   constant   
  14  ANy2         1.11889e-03     fixed    
  15  pNy2         3.40463e+00   constant   
  16  w_vw         1.43028e+01   constant   
  17  LM           2.35248e-05   constant   
  18  wCBO_expCoeff   1.99999e+02   1.34629e-04   9.53670e-05   1.12854e+05
  19  wCBO_expOffset   2.00016e+02   1.02137e-04   9.53750e-05   1.28980e+06
  20  wCBO_expT    3.00011e+01   2.27492e-05   1.43056e-05  -9.34652e+06
  21  wCBO_linCoeff   0.00000e+00   constant   
  22  wCBO_const   1.67203e-01   7.46276e-04   9.12555e-06   3.01999e+03
 MIGRAD FAILS TO FIND IMPROVEMENT
 MIGRAD TERMINATED WITHOUT CONVERGENCE.
 FCN=1385.72 FROM MIGRAD    STATUS=FAILED         84 CALLS        1778 TOTAL
                     EDM=2027.1    STRATEGY= 1      ERR MATRIX NOT POS-DEF
  EXT PARAMETER                APPROXIMATE        STEP         FIRST   
  NO.   NAME      VALUE            ERROR          SIZE      DERIVATIVE 
   1  N0           2.99277e+06     fixed    
   2  tau          6.44056e+01   constant   
   3  A0           3.42574e-01     fixed    
   4  phi          4.11832e+00     fixed    
   5  R           -6.10700e+01   constant   
   6  A_CBO       -7.29650e-04     fixed    
   7  w_CBO        2.32663e+00     fixed    
   8  phi_CBO     -5.86076e+01     fixed    
   9  ANx2         5.14298e-04   constant   
  10  pNx2         2.57364e+00   constant   
  11  ANy1         0.00000e+00   constant   
  12  pNy1         0.00000e+00   constant   
  13  w_y          0.00000e+00   constant   
  14  ANy2         1.11889e-03     fixed    
  15  pNy2         3.40463e+00   constant   
  16  w_vw         1.43028e+01   constant   
  17  LM           2.35248e-05   constant   
  18  wCBO_expCoeff   2.00001e+02   6.33444e-05  -0.00000e+00  -1.39965e+05
  19  wCBO_expOffset   2.00018e+02   4.86509e-05  -0.00000e+00   3.29209e+05
  20  wCBO_expT    3.00015e+01   1.05563e-05  -0.00000e+00   2.98925e+06
  21  wCBO_linCoeff   0.00000e+00   constant   
  22  wCBO_const   1.56121e-01   4.61012e-04   0.00000e+00  -1.11350e+04
 EXTERNAL ERROR MATRIX.    NDIM=  25    NPAR=  4    ERR DEF=1
  4.013e-09  3.022e-09  6.595e-10 -1.932e-08 
  3.022e-09  2.367e-09  5.039e-10 -1.330e-08 
  6.595e-10  5.039e-10  1.114e-10 -2.985e-09 
 -1.932e-08 -1.330e-08 -2.985e-09  2.125e-07 
ERR MATRIX NOT POS-DEF
 PARAMETER  CORRELATION COEFFICIENTS  
       NO.  GLOBAL     18     19     20     22
       18  0.99143   1.000  0.981  0.986 -0.661
       19  0.98555   0.981  1.000  0.981 -0.593
       20  0.98917   0.986  0.981  1.000 -0.613
       22  0.73083  -0.661 -0.593 -0.613  1.000
 ERR MATRIX NOT POS-DEF
MINUIT - FIT ONLY 2-y
 **********
 **   76 **RES 
 **********
                   PARAMETER   14  ANy2 RESTORED TO VARIABLE.
                   PARAMETER    8  phi_CBO RESTORED TO VARIABLE.
                   PARAMETER    7  w_CBO RESTORED TO VARIABLE.
                   PARAMETER    6  A_CBO RESTORED TO VARIABLE.
                   PARAMETER    4  phi RESTORED TO VARIABLE.
                   PARAMETER    3  A0 RESTORED TO VARIABLE.
