 + ++++++++++++++++++++++++++++++++++++++++++++++++++++++++++++++++++++ +
 +                                                                      +
 +           You have chose to blind your fitting according to          +
 +                omega_ref * (1 + (R +/- deltaR) *10^{-6})             +
 +                                                                      +
 + ++++++++++++++++++++++++++++++++++++++++++++++++++++++++++++++++++++ +
In main()...
reading format from /gm2data/zkhechad/run45/envelope/formats/formatB_sBin_constraintOn.txt
pBinTau 	= 0  
pBinPhi 	= 0  
constraintau 	= 1 
includeMopTerm 	= 0    
constrainMop    = 0   
Parameters after format file: pBinTau 0 pBinPhi 0 constraintau 1 includeMopTerm 0 constrainMop 0 c_e_scale 0.000000 
reading cbo reference file (full fit) from /gm2data/zkhechad/cboTemplates/Run4CBOTemplates/fullFits/run4/sBin_constraintOn_cE0.0_seed0_run4_calo24.root
A_CBO 0.008786 w_CBO 2.327157 phi_CBO 2.253382 N0 3075736.764901 R -61.041197 tau 64.406859 
Reading cboRef file /gm2data/zkhechad/cboTemplates/Run4CBOTemplates//cboIsolate/run4_calo24.root
deltaT 164.120000
windowBins = 1100
fitting sliding window 2020 from bin 2223 at 331.671600 to bin 3323 at 495.791600 (1100 bins)

Reading data from /gm2data/cornell/histograms/aMethod/histogram_a_run4.root
fitting cbo isolate
 **********
 **    1 **SET PRINTOUT            1
 **********
 **********
 **    2 **SET NOWARNINGS 
 **********
 PARAMETER DEFINITIONS:
    NO.   NAME         VALUE      STEP SIZE      LIMITS
     1 A_CBO        8.78574e-03  1.00000e-05     no limits
     2 w_CBO        2.32716e+00  1.00000e-02    2.00000e+00  3.00000e+00
     3 phi_CBO      2.25338e+00  1.00000e-02    0.00000e+00  6.28319e+00
 **********
 **    3 **MIGRAD
 **********
 FIRST CALL TO USER FUNCTION AT NEW START POINT, WITH IFLAG=4.
 START MIGRAD MINIMIZATION.  STRATEGY  1.  CONVERGENCE WHEN EDM .LT. 1.00e-04
 FCN=0.133604 FROM MIGRAD    STATUS=INITIATE       12 CALLS          13 TOTAL
                     EDM= unknown      STRATEGY= 1      NO ERROR MATRIX       
  EXT PARAMETER               CURRENT GUESS       STEP         FIRST   
  NO.   NAME      VALUE            ERROR          SIZE      DERIVATIVE 
   1  A_CBO        8.78574e-03   1.00000e-05   1.00000e-05   7.30006e+00
   2  w_CBO        2.32716e+00   1.00000e-02   2.13163e-02   2.23730e+00
   3  phi_CBO      2.25338e+00   1.00000e-02   3.31850e-03  -3.30567e-02
 MIGRAD MINIMIZATION HAS CONVERGED.
 MIGRAD WILL VERIFY CONVERGENCE AND ERROR MATRIX.
 COVARIANCE MATRIX CALCULATED SUCCESSFULLY
 FCN=0.108657 FROM HESSE     STATUS=OK             16 CALLS          61 TOTAL
                     EDM=0.000196382    STRATEGY= 1      ERROR MATRIX ACCURATE 
  EXT PARAMETER                                   STEP         FIRST   
  NO.   NAME      VALUE            ERROR          SIZE      DERIVATIVE 
   1  A_CBO        2.45064e-03   4.49287e-02   2.18926e-05  -1.52452e-02
   2  w_CBO        2.32651e+00   3.59173e-01   5.10763e-05   3.04795e-02
   3  phi_CBO      2.47632e+00   4.79400e+00   3.21086e-03   2.19401e-05
 MIGRAD MINIMIZATION HAS CONVERGED.
 MIGRAD WILL VERIFY CONVERGENCE AND ERROR MATRIX.
 COVARIANCE MATRIX CALCULATED SUCCESSFULLY
 FCN=0.108493 FROM MIGRAD    STATUS=CONVERGED     119 CALLS         120 TOTAL
                     EDM=5.07435e-06    STRATEGY= 1      ERROR MATRIX ACCURATE 
  EXT PARAMETER                                   STEP         FIRST   
  NO.   NAME      VALUE            ERROR          SIZE      DERIVATIVE 
   1  A_CBO        2.51058e-03   4.27869e-02   2.18907e-05  -1.56849e-02
   2  w_CBO        2.32227e+00   3.13139e-01   4.48325e-05  -1.15715e-02
   3  phi_CBO      7.30998e-01   3.43776e+00   4.03007e-03   1.59941e-04
 EXTERNAL ERROR MATRIX.    NDIM=  25    NPAR=  3    ERR DEF=1
  1.831e-03 -1.411e-03 -5.932e-01 
 -1.411e-03  1.178e-01  4.858e+01 
 -5.932e-01  4.858e+01  2.032e+04 
 PARAMETER  CORRELATION COEFFICIENTS  
       NO.  GLOBAL      1      2      3
        1  0.09732   1.000 -0.096 -0.097
        2  0.99295  -0.096  1.000  0.993
        3  0.99295  -0.097  0.993  1.000
setting A_CBO=0.002511 w_CBO=2.322265, phi_CBO=0.730998
done fitting cbo isolate
 **********
 **    1 **SET PRINTOUT            1
 **********
 **********
 **    2 **SET NOWARNINGS 
 **********
 PARAMETER DEFINITIONS:
    NO.   NAME         VALUE      STEP SIZE      LIMITS
     1 N0           3.07574e+06  1.00000e+02     no limits
     2 tau          6.44069e+01  constant
     3 A0           3.65045e-01  1.00000e-04     no limits
     4 phi          4.11943e+00  1.00000e-02     no limits
     5 R           -6.10412e+01  constant
     6 A_CBO        2.51058e-03  1.00000e-05     no limits
     7 w_CBO        2.32227e+00  1.00000e-03     no limits
     8 phi_CBO      7.30998e-01  1.00000e-04     no limits
     9 ANx2         1.88981e-04  constant
    10 pNx2         1.59299e+00  constant
    11 ANy1         0.00000e+00  constant
    12 pNy1         0.00000e+00  constant
    13 w_y          0.00000e+00  constant
    14 ANy2         1.39657e-02  1.00000e-04     no limits
    15 pNy2         4.84726e+00  constant
    16 w_vw         1.43184e+01  constant
    17 LM           1.57605e-04  constant
    18 wCBO_expCoeff   2.00000e+02  1.00000e+00     no limits
    19 wCBO_expOffset   2.00000e+02  1.00000e+00     no limits
    20 wCBO_expT    3.00000e+01  1.00000e+00     no limits
    21 wCBO_linCoeff   0.00000e+00  constant
    22 wCBO_const   0.00000e+00  1.00000e-02     no limits
MINUIT - FIT ONLY WIGGLE
 **********
 **    3 **FIX            5
 **********
 PARAMETER    5  IS CONSTANT.   IGNORED.
 **********
 **    4 **FIX            6
 **********
 **********
 **    5 **FIX            7
 **********
 **********
 **    6 **FIX            8
 **********
 **********
 **    7 **FIX            9
 **********
 PARAMETER    9  IS CONSTANT.   IGNORED.
 **********
 **    8 **FIX           10
 **********
 PARAMETER   10  IS CONSTANT.   IGNORED.
 **********
 **    9 **FIX           11
 **********
 PARAMETER   11  IS CONSTANT.   IGNORED.
 **********
 **   10 **FIX           12
 **********
 PARAMETER   12  IS CONSTANT.   IGNORED.
 **********
 **   11 **FIX           13
 **********
 PARAMETER   13  IS CONSTANT.   IGNORED.
 **********
 **   12 **FIX           14
 **********
 **********
 **   13 **FIX           15
 **********
 PARAMETER   15  IS CONSTANT.   IGNORED.
 **********
 **   14 **FIX           16
 **********
 PARAMETER   16  IS CONSTANT.   IGNORED.
 **********
 **   15 **MIGRAD
 **********
 FIRST CALL TO USER FUNCTION AT NEW START POINT, WITH IFLAG=4.
 START MIGRAD MINIMIZATION.  STRATEGY  1.  CONVERGENCE WHEN EDM .LT. 1.00e-04
 FCN=849.537 FROM MIGRAD    STATUS=INITIATE       30 CALLS          31 TOTAL
                     EDM= unknown      STRATEGY= 1      NO ERROR MATRIX       
  EXT PARAMETER               CURRENT GUESS       STEP         FIRST   
  NO.   NAME      VALUE            ERROR          SIZE      DERIVATIVE 
   1  N0           3.07574e+06   1.00000e+02   1.00000e+02  -8.80545e-05
   2  tau          6.44069e+01   constant   
   3  A0           3.65045e-01   1.00000e-04   1.00000e-04   1.20154e+03
   4  phi          4.11943e+00   1.00000e-02   1.00000e-02  -7.94751e+01
   5  R           -6.10412e+01   constant   
   6  A_CBO        2.51058e-03     fixed    
   7  w_CBO        2.32227e+00     fixed    
   8  phi_CBO      7.30998e-01     fixed    
   9  ANx2         1.88981e-04   constant   
  10  pNx2         1.59299e+00   constant   
  11  ANy1         0.00000e+00   constant   
  12  pNy1         0.00000e+00   constant   
  13  w_y          0.00000e+00   constant   
  14  ANy2         1.39657e-02     fixed    
  15  pNy2         4.84726e+00   constant   
  16  w_vw         1.43184e+01   constant   
  17  LM           1.57605e-04   constant   
  18  wCBO_expCoeff   2.00000e+02   1.00000e+00   1.00000e+00  -1.43063e+01
  19  wCBO_expOffset   2.00000e+02   1.00000e+00   1.00000e+00  -9.53370e+01
  20  wCBO_expT    3.00000e+01   1.00000e+00   1.00000e+00  -4.46367e+02
  21  wCBO_linCoeff   0.00000e+00   constant   
  22  wCBO_const   0.00000e+00   1.00000e-02   1.00000e-02  -1.91130e+03
 MIGRAD MINIMIZATION HAS CONVERGED.
 MIGRAD WILL VERIFY CONVERGENCE AND ERROR MATRIX.
 FCN=848.098 FROM MIGRAD    STATUS=CONVERGED     201 CALLS         202 TOTAL
                     EDM=5.41653e-06    STRATEGY= 1      ERR MATRIX NOT POS-DEF
  EXT PARAMETER                APPROXIMATE        STEP         FIRST   
  NO.   NAME      VALUE            ERROR          SIZE      DERIVATIVE 
   1  N0           3.07589e+06   1.34299e+03   1.86919e+01   3.12975e-07
   2  tau          6.44069e+01   constant   
   3  A0           3.64767e-01   5.80613e-04   8.24989e-06   4.68897e-01
   4  phi          4.11985e+00   1.66260e-03   2.36597e-05  -9.76632e-01
   5  R           -6.10412e+01   constant   
   6  A_CBO        2.51058e-03     fixed    
   7  w_CBO        2.32227e+00     fixed    
   8  phi_CBO      7.30998e-01     fixed    
   9  ANx2         1.88981e-04   constant   
  10  pNx2         1.59299e+00   constant   
  11  ANy1         0.00000e+00   constant   
  12  pNy1         0.00000e+00   constant   
  13  w_y          0.00000e+00   constant   
  14  ANy2         1.39657e-02     fixed    
  15  pNy2         4.84726e+00   constant   
  16  w_vw         1.43184e+01   constant   
  17  LM           1.57605e-04   constant   
  18  wCBO_expCoeff   2.00340e+02   1.15202e+00   1.31906e-03   8.07833e-03
  19  wCBO_expOffset   2.00051e+02   1.72408e-01   1.97403e-04   5.40205e-02
  20  wCBO_expT    2.99818e+01   2.86161e-02   4.08034e-05   1.98436e-01
  21  wCBO_linCoeff   0.00000e+00   constant   
  22  wCBO_const   1.58900e-04   1.02082e-03   7.30704e-06  -2.20154e+00
 EXTERNAL ERROR MATRIX.    NDIM=  25    NPAR=  7    ERR DEF=1
  1.804e+06  2.573e-02  9.247e-03 -5.816e+00 -8.705e-01  4.069e-01 -1.379e-02 
  2.573e-02  3.371e-07  8.359e-10 -1.423e-06 -2.141e-07 -2.120e-07  3.880e-08 
  9.247e-03  8.359e-10  2.764e-06  3.893e-05  5.827e-06 -2.367e-06  7.685e-08 
 -5.816e+00 -1.423e-06  3.893e-05  1.327e+00 -1.451e-01 -1.191e-02  2.093e-04 
 -8.705e-01 -2.141e-07  5.827e-06 -1.451e-01  2.972e-02 -1.783e-03  3.131e-05 
  4.069e-01 -2.120e-07 -2.367e-06 -1.191e-02 -1.783e-03  8.189e-04 -1.759e-05 
 -1.379e-02  3.880e-08  7.685e-08  2.093e-04  3.131e-05 -1.759e-05  1.042e-06 
ERR MATRIX NOT POS-DEF
 PARAMETER  CORRELATION COEFFICIENTS  
       NO.  GLOBAL      1      3      4     18     19     20     22
        1  0.03586   1.000  0.033  0.004 -0.004 -0.004  0.011 -0.010
        3  0.11234   0.033  1.000  0.001 -0.002 -0.002 -0.013  0.065
        4  0.09815   0.004  0.001  1.000  0.020  0.020 -0.050  0.045
       18  0.99680  -0.004 -0.002  0.020  1.000 -0.731 -0.361  0.178
       19  0.99680  -0.004 -0.002  0.020 -0.731  1.000 -0.361  0.178
       20  0.99503   0.011 -0.013 -0.050 -0.361 -0.361  1.000 -0.602
       22  0.86574  -0.010  0.065  0.045  0.178  0.178 -0.602  1.000
 ERR MATRIX NOT POS-DEF
MINUIT - FIT ONLY 1-CBO + other amplitudes 
 **********
 **   16 **RES 
 **********
                   PARAMETER   14  ANy2 RESTORED TO VARIABLE.
                   PARAMETER    8  phi_CBO RESTORED TO VARIABLE.
                   PARAMETER    7  w_CBO RESTORED TO VARIABLE.
                   PARAMETER    6  A_CBO RESTORED TO VARIABLE.
 **********
 **   17 **FIX            0
 **********
 PARAMETER    0  IS UNDEFINED. IGNORED.
 **********
 **   18 **FIX            1
 **********
 **********
 **   19 **FIX            2
 **********
 PARAMETER    2  IS CONSTANT.   IGNORED.
 **********
 **   20 **FIX            3
 **********
 **********
 **   21 **FIX            4
 **********
 **********
 **   22 **FIX            9
 **********
 PARAMETER    9  IS CONSTANT.   IGNORED.
 **********
 **   23 **FIX           11
 **********
 PARAMETER   11  IS CONSTANT.   IGNORED.
 **********
 **   24 **FIX           12
 **********
 PARAMETER   12  IS CONSTANT.   IGNORED.
 **********
 **   25 **FIX           14
 **********
 **********
 **   26 **FIX           15
 **********
 PARAMETER   15  IS CONSTANT.   IGNORED.
 **********
 **   27 **FIX           16
 **********
 PARAMETER   16  IS CONSTANT.   IGNORED.
 **********
 **   28 **MIGRAD
 **********
 START MIGRAD MINIMIZATION.  STRATEGY  1.  CONVERGENCE WHEN EDM .LT. 1.00e-04
 FCN=848.098 FROM MIGRAD    STATUS=INITIATE       20 CALLS         222 TOTAL
                     EDM= unknown      STRATEGY= 1      NO ERROR MATRIX       
  EXT PARAMETER               CURRENT GUESS       STEP         FIRST   
  NO.   NAME      VALUE            ERROR          SIZE      DERIVATIVE 
   1  N0           3.07589e+06     fixed    
   2  tau          6.44069e+01   constant   
   3  A0           3.64767e-01     fixed    
   4  phi          4.11985e+00     fixed    
   5  R           -6.10412e+01   constant   
   6  A_CBO        2.51058e-03   1.00000e-05   1.00000e-05   9.07846e+03
   7  w_CBO        2.32227e+00   1.00000e-03   1.00000e-03  -2.13994e-01
   8  phi_CBO      7.30998e-01   1.00000e-04   1.00000e-04  -2.74895e+00
   9  ANx2         1.88981e-04   constant   
  10  pNx2         1.59299e+00   constant   
  11  ANy1         0.00000e+00   constant   
  12  pNy1         0.00000e+00   constant   
  13  w_y          0.00000e+00   constant   
  14  ANy2         1.39657e-02     fixed    
  15  pNy2         4.84726e+00   constant   
  16  w_vw         1.43184e+01   constant   
  17  LM           1.57605e-04   constant   
  18  wCBO_expCoeff   2.00340e+02   1.15202e+00   1.31906e-03   8.39214e-03
  19  wCBO_expOffset   2.00051e+02   1.72408e-01   1.97403e-04   5.60834e-02
  20  wCBO_expT    2.99818e+01   2.86161e-02   4.08034e-05   2.08194e-01
  21  wCBO_linCoeff   0.00000e+00   constant   
  22  wCBO_const   1.58900e-04   1.02082e-03   7.30704e-06  -2.16317e+00
 MIGRAD MINIMIZATION HAS CONVERGED.
 MIGRAD WILL VERIFY CONVERGENCE AND ERROR MATRIX.
 COVARIANCE MATRIX CALCULATED SUCCESSFULLY
 FCN=839.359 FROM MIGRAD    STATUS=CONVERGED     241 CALLS         443 TOTAL
                     EDM=2.27388e-07    STRATEGY= 1      ERROR MATRIX ACCURATE 
  EXT PARAMETER                                   STEP         FIRST   
  NO.   NAME      VALUE            ERROR          SIZE      DERIVATIVE 
   1  N0           3.07589e+06     fixed    
   2  tau          6.44069e+01   constant   
   3  A0           3.64767e-01     fixed    
   4  phi          4.11985e+00     fixed    
   5  R           -6.10412e+01   constant   
   6  A_CBO        8.57432e-04   6.12314e-04   8.65836e-06   2.35068e-01
   7  w_CBO        2.32203e+00   4.99975e-02   8.52443e-06   2.85528e-01
   8  phi_CBO      1.62012e+00   9.53017e-01   1.03742e-02   4.56695e-04
   9  ANx2         1.88981e-04   constant   
  10  pNx2         1.59299e+00   constant   
  11  ANy1         0.00000e+00   constant   
  12  pNy1         0.00000e+00   constant   
  13  w_y          0.00000e+00   constant   
  14  ANy2         1.39657e-02     fixed    
  15  pNy2         4.84726e+00   constant   
  16  w_vw         1.43184e+01   constant   
  17  LM           1.57605e-04   constant   
  18  wCBO_expCoeff   2.00188e+02   3.24584e+00   1.28743e-03   2.04960e-03
  19  wCBO_expOffset   2.00028e+02   4.88187e-01   1.92893e-04   1.36761e-02
  20  wCBO_expT    2.99936e+01   4.95865e-02   4.01347e-05   5.66616e-02
  21  wCBO_linCoeff   0.00000e+00   constant   
  22  wCBO_const   6.93655e-04   2.13963e-02   7.48560e-06   2.52278e-01
 EXTERNAL ERROR MATRIX.    NDIM=  25    NPAR=  7    ERR DEF=1
  3.749e-07  4.622e-07  5.333e-06 -7.464e-06 -1.146e-06 -8.727e-07 -1.862e-07 
  4.622e-07  2.500e-03 -2.117e-03 -9.814e-02 -1.486e-02 -6.112e-04 -1.068e-03 
  5.333e-06 -2.117e-03  9.082e-01 -3.060e-02 -4.469e-03  8.256e-03  1.168e-03 
 -7.464e-06 -9.814e-02 -3.060e-02  1.054e+01 -2.647e-01 -1.020e-02  4.243e-02 
 -1.146e-06 -1.486e-02 -4.469e-03 -2.647e-01  2.383e-01 -1.496e-03  6.423e-03 
 -8.727e-07 -6.112e-04  8.256e-03 -1.020e-02 -1.496e-03  2.459e-03  2.241e-04 
 -1.862e-07 -1.068e-03  1.168e-03  4.243e-02  6.423e-03  2.241e-04  4.578e-04 
 PARAMETER  CORRELATION COEFFICIENTS  
       NO.  GLOBAL      6      7      8     18     19     20     22
        6  0.04666   1.000  0.015  0.009 -0.004 -0.004 -0.029 -0.014
        7  0.99993   0.015  1.000 -0.044 -0.605 -0.609 -0.247 -0.998
        8  0.63842   0.009 -0.044  1.000 -0.010 -0.010  0.175  0.057
       18  0.99961  -0.004 -0.605 -0.010  1.000 -0.167 -0.063  0.611
       19  0.99961  -0.004 -0.609 -0.010 -0.167  1.000 -0.062  0.615
       20  0.99836  -0.029 -0.247  0.175 -0.063 -0.062  1.000  0.211
       22  0.99969  -0.014 -0.998  0.057  0.611  0.615  0.211  1.000
MINUIT - FIT ONLY 1-CBO
 **********
 **   29 **RES 
 **********
                   PARAMETER   14  ANy2 RESTORED TO VARIABLE.
                   PARAMETER    4  phi RESTORED TO VARIABLE.
                   PARAMETER    3  A0 RESTORED TO VARIABLE.
                   PARAMETER    1  N0 RESTORED TO VARIABLE.
 **********
 **   30 **FIX            0
 **********
 PARAMETER    0  IS UNDEFINED. IGNORED.
 **********
 **   31 **FIX            1
 **********
 **********
 **   32 **FIX            2
 **********
 PARAMETER    2  IS CONSTANT.   IGNORED.
 **********
 **   33 **FIX            3
 **********
 **********
 **   34 **FIX            4
 **********
 **********
 **   35 **FIX            8
 **********
 **********
 **   36 **FIX            9
 **********
 PARAMETER    9  IS CONSTANT.   IGNORED.
 **********
 **   37 **FIX           11
 **********
 PARAMETER   11  IS CONSTANT.   IGNORED.
 **********
 **   38 **FIX           12
 **********
 PARAMETER   12  IS CONSTANT.   IGNORED.
 **********
 **   39 **FIX           13
 **********
 PARAMETER   13  IS CONSTANT.   IGNORED.
 **********
 **   40 **FIX           15
 **********
 PARAMETER   15  IS CONSTANT.   IGNORED.
 **********
 **   41 **FIX           16
 **********
 PARAMETER   16  IS CONSTANT.   IGNORED.
 **********
 **   42 **MIGRAD
 **********
 START MIGRAD MINIMIZATION.  STRATEGY  1.  CONVERGENCE WHEN EDM .LT. 1.00e-04
 FCN=839.359 FROM MIGRAD    STATUS=INITIATE       16 CALLS         459 TOTAL
                     EDM= unknown      STRATEGY= 1      NO ERROR MATRIX       
  EXT PARAMETER               CURRENT GUESS       STEP         FIRST   
  NO.   NAME      VALUE            ERROR          SIZE      DERIVATIVE 
   1  N0           3.07589e+06     fixed    
   2  tau          6.44069e+01   constant   
   3  A0           3.64767e-01     fixed    
   4  phi          4.11985e+00     fixed    
   5  R           -6.10412e+01   constant   
   6  A_CBO        8.57432e-04   6.12314e-04   8.65836e-06   2.35068e-01
   7  w_CBO        2.32203e+00   4.99975e-02   8.52443e-06   2.85788e-01
   8  phi_CBO      1.62012e+00     fixed    
   9  ANx2         1.88981e-04   constant   
  10  pNx2         1.59299e+00   constant   
  11  ANy1         0.00000e+00   constant   
  12  pNy1         0.00000e+00   constant   
  13  w_y          0.00000e+00   constant   
  14  ANy2         1.39657e-02   1.00000e-04   1.00000e-04   7.33905e+04
  15  pNy2         4.84726e+00   constant   
  16  w_vw         1.43184e+01   constant   
  17  LM           1.57605e-04   constant   
  18  wCBO_expCoeff   2.00188e+02   3.24584e+00   1.28743e-03   2.02217e-03
  19  wCBO_expOffset   2.00028e+02   4.88187e-01   1.92893e-04   1.35034e-02
  20  wCBO_expT    2.99936e+01   4.95865e-02   4.01347e-05   5.67085e-02
  21  wCBO_linCoeff   0.00000e+00   constant   
  22  wCBO_const   6.93655e-04   2.13963e-02   7.48560e-06   2.52514e-01
 MIGRAD MINIMIZATION HAS CONVERGED.
 MIGRAD WILL VERIFY CONVERGENCE AND ERROR MATRIX.
 COVARIANCE MATRIX CALCULATED SUCCESSFULLY
 FCN=318.373 FROM MIGRAD    STATUS=CONVERGED     385 CALLS         828 TOTAL
                     EDM=6.18128e-06    STRATEGY= 1      ERROR MATRIX ACCURATE 
  EXT PARAMETER                                   STEP         FIRST   
  NO.   NAME      VALUE            ERROR          SIZE      DERIVATIVE 
   1  N0           3.07589e+06     fixed    
   2  tau          6.44069e+01   constant   
   3  A0           3.64767e-01     fixed    
   4  phi          4.11985e+00     fixed    
   5  R           -6.10412e+01   constant   
   6  A_CBO       -7.08836e-04   6.64361e-04   5.48479e-06  -4.09719e+00
   7  w_CBO        2.32249e+00   1.81481e-02   7.59815e-06   5.51469e-03
   8  phi_CBO      1.62012e+00     fixed    
   9  ANx2         1.88981e-04   constant   
  10  pNx2         1.59299e+00   constant   
  11  ANy1         0.00000e+00   constant   
  12  pNy1         0.00000e+00   constant   
  13  w_y          0.00000e+00   constant   
  14  ANy2        -2.59792e-04   6.21583e-04   5.41310e-06  -1.29876e+00
  15  pNy2         4.84726e+00   constant   
  16  w_vw         1.43184e+01   constant   
  17  LM           1.57605e-04   constant   
  18  wCBO_expCoeff   1.99903e+02   2.70834e+00   1.17947e-03  -1.39246e-03
  19  wCBO_expOffset   1.99984e+02   4.06556e-01   1.76995e-04  -9.28570e-03
  20  wCBO_expT    2.99978e+01   5.67465e-02   3.66218e-05  -1.48039e-02
  21  wCBO_linCoeff   0.00000e+00   constant   
  22  wCBO_const   3.47925e-03   7.84207e-03   6.25114e-06   2.89715e-01
 EXTERNAL ERROR MATRIX.    NDIM=  25    NPAR=  7    ERR DEF=1
  4.414e-07  2.922e-07  2.001e-08  1.221e-04  1.832e-05 -9.081e-06 -9.678e-08 
  2.922e-07  3.294e-04 -1.453e-08 -1.220e-02 -1.840e-03 -1.277e-04 -1.407e-04 
  2.001e-08 -1.453e-08  3.864e-07 -6.064e-06 -9.103e-07  4.133e-07  1.434e-08 
  1.221e-04 -1.220e-02 -6.064e-06  7.335e+00 -7.402e-01 -4.366e-02  5.659e-03 
  1.832e-05 -1.840e-03 -9.103e-07 -7.402e-01  1.653e-01 -6.553e-03  8.527e-04 
 -9.081e-06 -1.277e-04  4.133e-07 -4.366e-02 -6.553e-03  3.220e-03  2.068e-05 
 -9.678e-08 -1.407e-04  1.434e-08  5.659e-03  8.527e-04  2.068e-05  6.150e-05 
 PARAMETER  CORRELATION COEFFICIENTS  
       NO.  GLOBAL      6      7     14     18     19     20     22
        6  0.32430   1.000  0.024  0.048  0.068  0.068 -0.241 -0.019
        7  0.99885   0.024  1.000 -0.001 -0.248 -0.249 -0.124 -0.988
       14  0.06334   0.048 -0.001  1.000 -0.004 -0.004  0.012  0.003
       18  0.99876   0.068 -0.248 -0.004  1.000 -0.672 -0.284  0.266
       19  0.99876   0.068 -0.249 -0.004 -0.672  1.000 -0.284  0.267
       20  0.99726  -0.241 -0.124  0.012 -0.284 -0.284  1.000  0.046
       22  0.99582  -0.019 -0.988  0.003  0.266  0.267  0.046  1.000
MINUIT - FIT ONLY 2-CBO
 **********
 **   43 **RES 
 **********
                   PARAMETER    8  phi_CBO RESTORED TO VARIABLE.
                   PARAMETER    4  phi RESTORED TO VARIABLE.
                   PARAMETER    3  A0 RESTORED TO VARIABLE.
                   PARAMETER    1  N0 RESTORED TO VARIABLE.
 **********
 **   44 **FIX            0
 **********
 PARAMETER    0  IS UNDEFINED. IGNORED.
 **********
 **   45 **FIX            1
 **********
 **********
 **   46 **FIX            2
 **********
 PARAMETER    2  IS CONSTANT.   IGNORED.
 **********
 **   47 **FIX            3
 **********
 **********
 **   48 **FIX            4
 **********
 **********
 **   49 **FIX            5
 **********
 PARAMETER    5  IS CONSTANT.   IGNORED.
 **********
 **   50 **FIX            6
 **********
 **********
 **   51 **FIX            7
 **********
 **********
 **   52 **FIX           10
 **********
 PARAMETER   10  IS CONSTANT.   IGNORED.
 **********
 **   53 **FIX           11
 **********
 PARAMETER   11  IS CONSTANT.   IGNORED.
 **********
 **   54 **FIX           12
 **********
 PARAMETER   12  IS CONSTANT.   IGNORED.
 **********
 **   55 **FIX           13
 **********
 PARAMETER   13  IS CONSTANT.   IGNORED.
 **********
 **   56 **FIX           14
 **********
 **********
 **   57 **FIX           15
 **********
 PARAMETER   15  IS CONSTANT.   IGNORED.
 **********
 **   58 **FIX           16
 **********
 PARAMETER   16  IS CONSTANT.   IGNORED.
 **********
 **   59 **MIGRAD
 **********
 START MIGRAD MINIMIZATION.  STRATEGY  1.  CONVERGENCE WHEN EDM .LT. 1.00e-04
 FCN=318.373 FROM MIGRAD    STATUS=INITIATE       10 CALLS         838 TOTAL
                     EDM= unknown      STRATEGY= 1      NO ERROR MATRIX       
  EXT PARAMETER               CURRENT GUESS       STEP         FIRST   
  NO.   NAME      VALUE            ERROR          SIZE      DERIVATIVE 
   1  N0           3.07589e+06     fixed    
   2  tau          6.44069e+01   constant   
   3  A0           3.64767e-01     fixed    
   4  phi          4.11985e+00     fixed    
   5  R           -6.10412e+01   constant   
   6  A_CBO       -7.08836e-04     fixed    
   7  w_CBO        2.32249e+00     fixed    
   8  phi_CBO      1.62012e+00   9.53017e-01   9.53017e-01   7.30912e-01
   9  ANx2         1.88981e-04   constant   
  10  pNx2         1.59299e+00   constant   
  11  ANy1         0.00000e+00   constant   
  12  pNy1         0.00000e+00   constant   
  13  w_y          0.00000e+00   constant   
  14  ANy2        -2.59792e-04     fixed    
  15  pNy2         4.84726e+00   constant   
  16  w_vw         1.43184e+01   constant   
  17  LM           1.57605e-04   constant   
  18  wCBO_expCoeff   1.99903e+02   2.70834e+00   1.17947e-03  -1.42183e-03
  19  wCBO_expOffset   1.99984e+02   4.06556e-01   1.76995e-04  -9.47244e-03
  20  wCBO_expT    2.99978e+01   5.67465e-02   3.66218e-05  -1.49891e-02
  21  wCBO_linCoeff   0.00000e+00   constant   
  22  wCBO_const   3.47925e-03   7.84207e-03   6.25114e-06   2.84521e-01
 MIGRAD MINIMIZATION HAS CONVERGED.
 MIGRAD WILL VERIFY CONVERGENCE AND ERROR MATRIX.
 FCN=318.155 FROM HESSE     STATUS=NOT POSDEF     31 CALLS         915 TOTAL
                     EDM=0.000650935    STRATEGY= 1      ERR MATRIX NOT POS-DEF
  EXT PARAMETER                APPROXIMATE        STEP         FIRST   
  NO.   NAME      VALUE            ERROR          SIZE      DERIVATIVE 
   1  N0           3.07589e+06     fixed    
   2  tau          6.44069e+01   constant   
   3  A0           3.64767e-01     fixed    
   4  phi          4.11985e+00     fixed    
   5  R           -6.10412e+01   constant   
   6  A_CBO       -7.08836e-04     fixed    
   7  w_CBO        2.32249e+00     fixed    
   8  phi_CBO      1.03248e+00   1.23752e+00   7.44510e-03  -1.29381e-03
   9  ANx2         1.88981e-04   constant   
  10  pNx2         1.59299e+00   constant   
  11  ANy1         0.00000e+00   constant   
  12  pNy1         0.00000e+00   constant   
  13  w_y          0.00000e+00   constant   
  14  ANy2        -2.59792e-04     fixed    
  15  pNy2         4.84726e+00   constant   
  16  w_vw         1.43184e+01   constant   
  17  LM           1.57605e-04   constant   
  18  wCBO_expCoeff   1.99897e+02   1.59414e+00   1.16067e-03  -7.44539e-03
  19  wCBO_expOffset   1.99983e+02   2.39236e-01   1.74176e-04  -4.96108e-02
  20  wCBO_expT    2.99974e+01   4.29593e-02   3.54323e-05   9.76905e-01
  21  wCBO_linCoeff   0.00000e+00   constant   
  22  wCBO_const   3.22728e-03   1.30870e-03   6.02383e-06   1.36643e+00
 MIGRAD MINIMIZATION HAS CONVERGED.
 MIGRAD WILL VERIFY CONVERGENCE AND ERROR MATRIX.
 FCN=318.153 FROM MIGRAD    STATUS=CONVERGED     130 CALLS         958 TOTAL
                     EDM=4.54436e-06    STRATEGY= 1      ERR MATRIX NOT POS-DEF
  EXT PARAMETER                APPROXIMATE        STEP         FIRST   
  NO.   NAME      VALUE            ERROR          SIZE      DERIVATIVE 
   1  N0           3.07589e+06     fixed    
   2  tau          6.44069e+01   constant   
   3  A0           3.64767e-01     fixed    
   4  phi          4.11985e+00     fixed    
   5  R           -6.10412e+01   constant   
   6  A_CBO       -7.08836e-04     fixed    
   7  w_CBO        2.32249e+00     fixed    
   8  phi_CBO      1.03322e+00   1.22842e+00   7.44286e-03   2.98284e-03
   9  ANx2         1.88981e-04   constant   
  10  pNx2         1.59299e+00   constant   
  11  ANy1         0.00000e+00   constant   
  12  pNy1         0.00000e+00   constant   
  13  w_y          0.00000e+00   constant   
  14  ANy2        -2.59792e-04     fixed    
  15  pNy2         4.84726e+00   constant   
  16  w_vw         1.43184e+01   constant   
  17  LM           1.57605e-04   constant   
  18  wCBO_expCoeff   1.99946e+02   1.60060e+00   1.16113e-03  -1.06899e-02
  19  wCBO_expOffset   1.99990e+02   2.40126e-01   1.74245e-04  -7.12557e-02
  20  wCBO_expT    2.99942e+01   4.28630e-02   3.54481e-05  -3.80703e-01
  21  wCBO_linCoeff   0.00000e+00   constant   
  22  wCBO_const   3.26714e-03   1.28397e-03   6.03041e-06  -3.80871e+00
 EXTERNAL ERROR MATRIX.    NDIM=  25    NPAR=  5    ERR DEF=1
  1.509e+00  1.040e-02  1.564e-03  1.358e-03  5.794e-04 
  1.040e-02  2.562e+00 -2.519e-01 -2.811e-02  3.038e-04 
  1.564e-03 -2.519e-01  5.766e-02 -4.219e-03  4.558e-05 
  1.358e-03 -2.811e-02 -4.219e-03  1.837e-03 -2.429e-05 
  5.794e-04  3.038e-04  4.558e-05 -2.429e-05  1.649e-06 
ERR MATRIX NOT POS-DEF
 PARAMETER  CORRELATION COEFFICIENTS  
       NO.  GLOBAL      8     18     19     20     22
        8  0.71748   1.000  0.005  0.005  0.026  0.367
       18  0.99653   0.005  1.000 -0.656 -0.410  0.148
       19  0.99653   0.005 -0.656  1.000 -0.410  0.148
       20  0.99550   0.026 -0.410 -0.410  1.000 -0.441
       22  0.84613   0.367  0.148  0.148 -0.441  1.000
 ERR MATRIX NOT POS-DEF
MINUIT - FIT ONLY 1-y
 **********
 **   60 **RES 
 **********
                   PARAMETER   14  ANy2 RESTORED TO VARIABLE.
                   PARAMETER    7  w_CBO RESTORED TO VARIABLE.
                   PARAMETER    6  A_CBO RESTORED TO VARIABLE.
                   PARAMETER    4  phi RESTORED TO VARIABLE.
                   PARAMETER    3  A0 RESTORED TO VARIABLE.
                   PARAMETER    1  N0 RESTORED TO VARIABLE.
 **********
 **   61 **FIX            0
 **********
 PARAMETER    0  IS UNDEFINED. IGNORED.
 **********
 **   62 **FIX            1
 **********
 **********
 **   63 **FIX            2
 **********
 PARAMETER    2  IS CONSTANT.   IGNORED.
 **********
 **   64 **FIX            3
 **********
 **********
 **   65 **FIX            4
 **********
 **********
 **   66 **FIX            5
 **********
 PARAMETER    5  IS CONSTANT.   IGNORED.
 **********
 **   67 **FIX            6
 **********
 **********
 **   68 **FIX            7
 **********
 **********
 **   69 **FIX            8
 **********
 **********
 **   70 **FIX            9
 **********
 PARAMETER    9  IS CONSTANT.   IGNORED.
 **********
 **   71 **FIX           13
 **********
 PARAMETER   13  IS CONSTANT.   IGNORED.
 **********
 **   72 **FIX           14
 **********
 **********
 **   73 **FIX           15
 **********
 PARAMETER   15  IS CONSTANT.   IGNORED.
 **********
 **   74 **FIX           16
 **********
 PARAMETER   16  IS CONSTANT.   IGNORED.
 **********
 **   75 **MIGRAD
 **********
 START MIGRAD MINIMIZATION.  STRATEGY  1.  CONVERGENCE WHEN EDM .LT. 1.00e-04
 FCN=318.153 FROM MIGRAD    STATUS=INITIATE        8 CALLS         966 TOTAL
                     EDM= unknown      STRATEGY= 1      NO ERROR MATRIX       
  EXT PARAMETER               CURRENT GUESS       STEP         FIRST   
  NO.   NAME      VALUE            ERROR          SIZE      DERIVATIVE 
   1  N0           3.07589e+06     fixed    
   2  tau          6.44069e+01   constant   
   3  A0           3.64767e-01     fixed    
   4  phi          4.11985e+00     fixed    
   5  R           -6.10412e+01   constant   
   6  A_CBO       -7.08836e-04     fixed    
   7  w_CBO        2.32249e+00     fixed    
   8  phi_CBO      1.03322e+00     fixed    
   9  ANx2         1.88981e-04   constant   
  10  pNx2         1.59299e+00   constant   
  11  ANy1         0.00000e+00   constant   
  12  pNy1         0.00000e+00   constant   
  13  w_y          0.00000e+00   constant   
  14  ANy2        -2.59792e-04     fixed    
  15  pNy2         4.84726e+00   constant   
  16  w_vw         1.43184e+01   constant   
  17  LM           1.57605e-04   constant   
  18  wCBO_expCoeff   1.99946e+02   1.60060e+00   1.16113e-03  -1.06696e-02
  19  wCBO_expOffset   1.99990e+02   2.40126e-01   1.74245e-04  -7.11228e-02
  20  wCBO_expT    2.99942e+01   4.28630e-02   3.54481e-05  -3.79930e-01
  21  wCBO_linCoeff   0.00000e+00   constant   
  22  wCBO_const   3.26714e-03   1.28397e-03   6.03041e-06  -3.80405e+00
 MIGRAD MINIMIZATION HAS CONVERGED.
 MIGRAD WILL VERIFY CONVERGENCE AND ERROR MATRIX.
 FCN=318.153 FROM MIGRAD    STATUS=CONVERGED      41 CALLS         999 TOTAL
                     EDM=1.7376e-06    STRATEGY= 1      ERR MATRIX NOT POS-DEF
  EXT PARAMETER                APPROXIMATE        STEP         FIRST   
  NO.   NAME      VALUE            ERROR          SIZE      DERIVATIVE 
   1  N0           3.07589e+06     fixed    
   2  tau          6.44069e+01   constant   
   3  A0           3.64767e-01     fixed    
   4  phi          4.11985e+00     fixed    
   5  R           -6.10412e+01   constant   
   6  A_CBO       -7.08836e-04     fixed    
   7  w_CBO        2.32249e+00     fixed    
   8  phi_CBO      1.03322e+00     fixed    
   9  ANx2         1.88981e-04   constant   
  10  pNx2         1.59299e+00   constant   
  11  ANy1         0.00000e+00   constant   
  12  pNy1         0.00000e+00   constant   
  13  w_y          0.00000e+00   constant   
  14  ANy2        -2.59792e-04     fixed    
  15  pNy2         4.84726e+00   constant   
  16  w_vw         1.43184e+01   constant   
  17  LM           1.57605e-04   constant   
  18  wCBO_expCoeff   1.99946e+02   1.70764e+00   1.16495e-03   3.78337e-03
  19  wCBO_expOffset   1.99990e+02   2.56172e-01   1.74757e-04   2.52256e-02
  20  wCBO_expT    2.99942e+01   4.48245e-02   3.55303e-05   9.95949e-02
  21  wCBO_linCoeff   0.00000e+00   constant   
  22  wCBO_const   3.26741e-03   1.20667e-03   5.98466e-06  -1.15952e+00
 EXTERNAL ERROR MATRIX.    NDIM=  25    NPAR=  4    ERR DEF=1
  2.916e+00 -2.927e-01 -3.080e-02  3.339e-04 
 -2.927e-01  6.562e-02 -4.620e-03  5.008e-05 
 -3.080e-02 -4.620e-03  2.009e-03 -2.703e-05 
  3.339e-04  5.008e-05 -2.703e-05  1.456e-06 
ERR MATRIX NOT POS-DEF
 PARAMETER  CORRELATION COEFFICIENTS  
       NO.  GLOBAL     18     19     20     22
       18  0.99695   1.000 -0.669 -0.402  0.162
       19  0.99695  -0.669  1.000 -0.402  0.162
       20  0.99588  -0.402 -0.402  1.000 -0.500
       22  0.82355   0.162  0.162 -0.500  1.000
 ERR MATRIX NOT POS-DEF
MINUIT - FIT ONLY 2-y
 **********
 **   76 **RES 
 **********
                   PARAMETER   14  ANy2 RESTORED TO VARIABLE.
                   PARAMETER    8  phi_CBO RESTORED TO VARIABLE.
                   PARAMETER    7  w_CBO RESTORED TO VARIABLE.
                   PARAMETER    6  A_CBO RESTORED TO VARIABLE.
                   PARAMETER    4  phi RESTORED TO VARIABLE.
                   PARAMETER    3  A0 RESTORED TO VARIABLE.
                   PARAMETER    1  N0 RESTORED TO VARIABLE.
 **********
 **   77 **FIX            0
 **********
 PARAMETER    0  IS UNDEFINED. IGNORED.
 **********
 **   78 **FIX            1
 **********
 **********
 **   79 **FIX            2
 **********
 PARAMETER    2  IS CONSTANT.   IGNORED.
 **********
 **   80 **FIX            3
 **********
 **********
 **   81 **FIX            4
 **********
 **********
 **   82 **FIX            5
 **********
 PARAMETER    5  IS CONSTANT.   IGNORED.
 **********
 **   83 **FIX            6
 **********
 **********
 **   84 **FIX            7
 **********
 **********
 **   85 **FIX            8
 **********
 **********
 **   86 **FIX            9
 **********
 PARAMETER    9  IS CONSTANT.   IGNORED.
 **********
 **   87 **FIX           10
 **********
 PARAMETER   10  IS CONSTANT.   IGNORED.
 **********
 **   88 **FIX           11
 **********
 PARAMETER   11  IS CONSTANT.   IGNORED.
 **********
 **   89 **FIX           12
 **********
 PARAMETER   12  IS CONSTANT.   IGNORED.
 **********
 **   90 **FIX           16
 **********
 PARAMETER   16  IS CONSTANT.   IGNORED.
 **********
 **   91 **MIGRAD
 **********
 START MIGRAD MINIMIZATION.  STRATEGY  1.  CONVERGENCE WHEN EDM .LT. 1.00e-04
 FCN=318.153 FROM MIGRAD    STATUS=INITIATE       10 CALLS        1009 TOTAL
                     EDM= unknown      STRATEGY= 1      NO ERROR MATRIX       
  EXT PARAMETER               CURRENT GUESS       STEP         FIRST   
  NO.   NAME      VALUE            ERROR          SIZE      DERIVATIVE 
   1  N0           3.07589e+06     fixed    
   2  tau          6.44069e+01   constant   
   3  A0           3.64767e-01     fixed    
   4  phi          4.11985e+00     fixed    
   5  R           -6.10412e+01   constant   
   6  A_CBO       -7.08836e-04     fixed    
   7  w_CBO        2.32249e+00     fixed    
   8  phi_CBO      1.03322e+00     fixed    
   9  ANx2         1.88981e-04   constant   
  10  pNx2         1.59299e+00   constant   
  11  ANy1         0.00000e+00   constant   
  12  pNy1         0.00000e+00   constant   
  13  w_y          0.00000e+00   constant   
  14  ANy2        -2.59792e-04   6.21583e-04   6.21583e-04   1.11115e+01
  15  pNy2         4.84726e+00   constant   
  16  w_vw         1.43184e+01   constant   
  17  LM           1.57605e-04   constant   
  18  wCBO_expCoeff   1.99946e+02   1.70764e+00   1.16495e-03   3.80346e-03
  19  wCBO_expOffset   1.99990e+02   2.56172e-01   1.74757e-04   2.53570e-02
  20  wCBO_expT    2.99942e+01   4.48245e-02   3.55303e-05   1.00359e-01
  21  wCBO_linCoeff   0.00000e+00   constant   
  22  wCBO_const   3.26741e-03   1.20667e-03   5.98466e-06  -1.15488e+00
 MIGRAD MINIMIZATION HAS CONVERGED.
 MIGRAD WILL VERIFY CONVERGENCE AND ERROR MATRIX.
 FCN=318.153 FROM MIGRAD    STATUS=CONVERGED      52 CALLS        1051 TOTAL
                     EDM=6.39337e-07    STRATEGY= 1      ERR MATRIX NOT POS-DEF
  EXT PARAMETER                APPROXIMATE        STEP         FIRST   
  NO.   NAME      VALUE            ERROR          SIZE      DERIVATIVE 
   1  N0           3.07589e+06     fixed    
   2  tau          6.44069e+01   constant   
   3  A0           3.64767e-01     fixed    
   4  phi          4.11985e+00     fixed    
   5  R           -6.10412e+01   constant   
   6  A_CBO       -7.08836e-04     fixed    
   7  w_CBO        2.32249e+00     fixed    
   8  phi_CBO      1.03322e+00     fixed    
   9  ANx2         1.88981e-04   constant   
  10  pNx2         1.59299e+00   constant   
  11  ANy1         0.00000e+00   constant   
  12  pNy1         0.00000e+00   constant   
  13  w_y          0.00000e+00   constant   
  14  ANy2        -2.61930e-04   6.19433e-04   5.41124e-06   4.18867e-03
  15  pNy2         4.84726e+00   constant   
  16  w_vw         1.43184e+01   constant   
  17  LM           1.57605e-04   constant   
  18  wCBO_expCoeff   1.99946e+02   1.70732e+00   1.16489e-03  -1.40107e-03
  19  wCBO_expOffset   1.99990e+02   2.56129e-01   1.74747e-04  -9.33473e-03
  20  wCBO_expT    2.99942e+01   4.48280e-02   3.55282e-05  -5.79937e-02
  21  wCBO_linCoeff   0.00000e+00   constant   
  22  wCBO_const   3.26769e-03   1.20659e-03   5.98445e-06  -1.26948e+00
 EXTERNAL ERROR MATRIX.    NDIM=  25    NPAR=  5    ERR DEF=1
  3.837e-07 -1.038e-05 -1.558e-06  6.433e-07  9.246e-09 
 -1.038e-05  2.915e+00 -2.925e-01 -3.080e-02  3.335e-04 
 -1.558e-06 -2.925e-01  6.560e-02 -4.621e-03  5.003e-05 
  6.433e-07 -3.080e-02 -4.621e-03  2.010e-03 -2.700e-05 
  9.246e-09  3.335e-04  5.003e-05 -2.700e-05  1.456e-06 
ERR MATRIX NOT POS-DEF
 PARAMETER  CORRELATION COEFFICIENTS  
       NO.  GLOBAL     14     18     19     20     22
       14  0.04086   1.000 -0.010 -0.010  0.023  0.012
       18  0.99695  -0.010  1.000 -0.669 -0.402  0.162
       19  0.99695  -0.010 -0.669  1.000 -0.403  0.162
       20  0.99588   0.023 -0.402 -0.403  1.000 -0.499
       22  0.82356   0.012  0.162  0.162 -0.499  1.000
 ERR MATRIX NOT POS-DEF
MINUIT - FIT ALTOGETHER
 **********
 **   92 **RES 
 **********
                   PARAMETER    8  phi_CBO RESTORED TO VARIABLE.
                   PARAMETER    7  w_CBO RESTORED TO VARIABLE.
                   PARAMETER    6  A_CBO RESTORED TO VARIABLE.
                   PARAMETER    4  phi RESTORED TO VARIABLE.
                   PARAMETER    3  A0 RESTORED TO VARIABLE.
