 + ++++++++++++++++++++++++++++++++++++++++++++++++++++++++++++++++++++ +
 +                                                                      +
 +           You have chose to blind your fitting according to          +
 +                omega_ref * (1 + (R +/- deltaR) *10^{-6})             +
 +                                                                      +
 + ++++++++++++++++++++++++++++++++++++++++++++++++++++++++++++++++++++ +
In main()...
reading format from /gm2data/zkhechad/run45/envelope/formats/formatB_sBin_constraintOn.txt
pBinTau 	= 0  
pBinPhi 	= 0  
constraintau 	= 1 
includeMopTerm 	= 0    
constrainMop    = 0   
Parameters after format file: pBinTau 0 pBinPhi 0 constraintau 1 includeMopTerm 0 constrainMop 0 c_e_scale 0.000000 
reading cbo reference file (full fit) from /gm2data/zkhechad/cboTemplates/Run4CBOTemplates/fullFits/run4/sBin_constraintOn_cE0.0_seed0_run4_calo15.root
A_CBO 0.008274 w_CBO 2.326361 phi_CBO 0.928510 N0 2995032.431773 R -60.169268 tau 64.399261 
Reading cboRef file /gm2data/zkhechad/cboTemplates/Run4CBOTemplates//cboIsolate/run4_calo15.root
deltaT 164.120000
windowBins = 1100
fitting sliding window 1920 from bin 2123 at 316.751600 to bin 3223 at 480.871600 (1100 bins)

Reading data from /gm2data/cornell/histograms/aMethod/histogram_a_run4.root
fitting cbo isolate
 **********
 **    1 **SET PRINTOUT            1
 **********
 **********
 **    2 **SET NOWARNINGS 
 **********
 PARAMETER DEFINITIONS:
    NO.   NAME         VALUE      STEP SIZE      LIMITS
     1 A_CBO        8.27396e-03  1.00000e-05     no limits
     2 w_CBO        2.32636e+00  1.00000e-02    2.00000e+00  3.00000e+00
     3 phi_CBO      9.28510e-01  1.00000e-02    0.00000e+00  6.28319e+00
 **********
 **    3 **MIGRAD
 **********
 FIRST CALL TO USER FUNCTION AT NEW START POINT, WITH IFLAG=4.
 START MIGRAD MINIMIZATION.  STRATEGY  1.  CONVERGENCE WHEN EDM .LT. 1.00e-04
 FCN=0.108288 FROM MIGRAD    STATUS=INITIATE       12 CALLS          13 TOTAL
                     EDM= unknown      STRATEGY= 1      NO ERROR MATRIX       
  EXT PARAMETER               CURRENT GUESS       STEP         FIRST   
  NO.   NAME      VALUE            ERROR          SIZE      DERIVATIVE 
   1  A_CBO        8.27396e-03   1.00000e-05   1.00000e-05   7.09798e+00
   2  w_CBO        2.32636e+00   1.00000e-02   2.13296e-02   3.82756e-01
   3  phi_CBO      9.28510e-01   1.00000e-02   4.48483e-03  -4.65427e-03
 MIGRAD MINIMIZATION HAS CONVERGED.
 MIGRAD WILL VERIFY CONVERGENCE AND ERROR MATRIX.
 COVARIANCE MATRIX CALCULATED SUCCESSFULLY
 FCN=0.0852983 FROM MIGRAD    STATUS=CONVERGED      51 CALLS          52 TOTAL
                     EDM=1.0733e-05    STRATEGY= 1      ERROR MATRIX ACCURATE 
  EXT PARAMETER                                   STEP         FIRST   
  NO.   NAME      VALUE            ERROR          SIZE      DERIVATIVE 
   1  A_CBO        1.79609e-03   4.28817e-02   2.17076e-05  -2.56877e-02
   2  w_CBO        2.32621e+00   6.47804e-01   6.34572e-05  -3.21247e-03
   3  phi_CBO      9.98321e-01   5.70713e+00   4.98197e-03   3.33015e-06
 EXTERNAL ERROR MATRIX.    NDIM=  25    NPAR=  3    ERR DEF=1
  1.839e-03 -2.999e-03 -1.217e+00 
 -2.999e-03  5.400e-01  2.176e+02 
 -1.217e+00  2.176e+02  8.822e+04 
 PARAMETER  CORRELATION COEFFICIENTS  
       NO.  GLOBAL      1      2      3
        1  0.09552   1.000 -0.095 -0.096
        2  0.99685  -0.095  1.000  0.997
        3  0.99685  -0.096  0.997  1.000
setting A_CBO=0.001796 w_CBO=2.326208, phi_CBO=0.998321
done fitting cbo isolate
 **********
 **    1 **SET PRINTOUT            1
 **********
 **********
 **    2 **SET NOWARNINGS 
 **********
 PARAMETER DEFINITIONS:
    NO.   NAME         VALUE      STEP SIZE      LIMITS
     1 N0           2.99503e+06  1.00000e+02     no limits
     2 tau          6.43993e+01  constant
     3 A0           3.54065e-01  1.00000e-04     no limits
     4 phi          4.11942e+00  1.00000e-02     no limits
     5 R           -6.01693e+01  constant
     6 A_CBO        1.79609e-03  1.00000e-05     no limits
     7 w_CBO        2.32621e+00  1.00000e-03     no limits
     8 phi_CBO      9.98321e-01  1.00000e-04     no limits
     9 ANx2         6.17909e-04  constant
    10 pNx2         3.86483e+00  constant
    11 ANy1         0.00000e+00  constant
    12 pNy1         0.00000e+00  constant
    13 w_y          0.00000e+00  constant
    14 ANy2         7.96733e-03  1.00000e-04     no limits
    15 pNy2         1.76471e+00  constant
    16 w_vw         1.43097e+01  constant
    17 LM          -1.37296e-04  constant
    18 wCBO_expCoeff   2.00000e+02  1.00000e+00     no limits
    19 wCBO_expOffset   2.00000e+02  1.00000e+00     no limits
    20 wCBO_expT    3.00000e+01  1.00000e+00     no limits
    21 wCBO_linCoeff   0.00000e+00  constant
    22 wCBO_const   0.00000e+00  1.00000e-02     no limits
MINUIT - FIT ONLY WIGGLE
 **********
 **    3 **FIX            5
 **********
 PARAMETER    5  IS CONSTANT.   IGNORED.
 **********
 **    4 **FIX            6
 **********
 **********
 **    5 **FIX            7
 **********
 **********
 **    6 **FIX            8
 **********
 **********
 **    7 **FIX            9
 **********
 PARAMETER    9  IS CONSTANT.   IGNORED.
 **********
 **    8 **FIX           10
 **********
 PARAMETER   10  IS CONSTANT.   IGNORED.
 **********
 **    9 **FIX           11
 **********
 PARAMETER   11  IS CONSTANT.   IGNORED.
 **********
 **   10 **FIX           12
 **********
 PARAMETER   12  IS CONSTANT.   IGNORED.
 **********
 **   11 **FIX           13
 **********
 PARAMETER   13  IS CONSTANT.   IGNORED.
 **********
 **   12 **FIX           14
 **********
 **********
 **   13 **FIX           15
 **********
 PARAMETER   15  IS CONSTANT.   IGNORED.
 **********
 **   14 **FIX           16
 **********
 PARAMETER   16  IS CONSTANT.   IGNORED.
 **********
 **   15 **MIGRAD
 **********
 FIRST CALL TO USER FUNCTION AT NEW START POINT, WITH IFLAG=4.
 START MIGRAD MINIMIZATION.  STRATEGY  1.  CONVERGENCE WHEN EDM .LT. 1.00e-04
 FCN=523.907 FROM MIGRAD    STATUS=INITIATE       32 CALLS          33 TOTAL
                     EDM= unknown      STRATEGY= 1      NO ERROR MATRIX       
  EXT PARAMETER               CURRENT GUESS       STEP         FIRST   
  NO.   NAME      VALUE            ERROR          SIZE      DERIVATIVE 
   1  N0           2.99503e+06   1.00000e+02   1.00000e+02   1.63850e-03
   2  tau          6.43993e+01   constant   
   3  A0           3.54065e-01   1.00000e-04   1.00000e-04   2.51436e+03
   4  phi          4.11942e+00   1.00000e-02   1.00000e-02  -1.52201e+02
   5  R           -6.01693e+01   constant   
   6  A_CBO        1.79609e-03     fixed    
   7  w_CBO        2.32621e+00     fixed    
   8  phi_CBO      9.98321e-01     fixed    
   9  ANx2         6.17909e-04   constant   
  10  pNx2         3.86483e+00   constant   
  11  ANy1         0.00000e+00   constant   
  12  pNy1         0.00000e+00   constant   
  13  w_y          0.00000e+00   constant   
  14  ANy2         7.96733e-03     fixed    
  15  pNy2         1.76471e+00   constant   
  16  w_vw         1.43097e+01   constant   
  17  LM          -1.37296e-04   constant   
  18  wCBO_expCoeff   2.00000e+02   1.00000e+00   1.00000e+00  -3.57793e+01
  19  wCBO_expOffset   2.00000e+02   1.00000e+00   1.00000e+00  -2.38543e+02
  20  wCBO_expT    3.00000e+01   1.00000e+00   1.00000e+00  -7.18993e+02
  21  wCBO_linCoeff   0.00000e+00   constant   
  22  wCBO_const   0.00000e+00   1.00000e-02   1.00000e-02   1.96889e+03
 MIGRAD MINIMIZATION HAS CONVERGED.
 FCN=508.021 FROM MIGRAD    STATUS=CONVERGED     496 CALLS         497 TOTAL
                     EDM=2.2473e-06    STRATEGY= 1  ERROR MATRIX UNCERTAINTY   5.0 per cent
  EXT PARAMETER                                   STEP         FIRST   
  NO.   NAME      VALUE            ERROR          SIZE      DERIVATIVE 
   1  N0           2.99367e+06   1.15422e+03  -5.76672e+00   1.17371e-06
   2  tau          6.43993e+01   constant   
   3  A0           3.53769e-01   5.16789e-04   5.49365e-07  -7.05167e-02
   4  phi          4.11923e+00   1.54973e-03  -5.01148e-06  -6.60616e-01
   5  R           -6.01693e+01   constant   
   6  A_CBO        1.79609e-03     fixed    
   7  w_CBO        2.32621e+00     fixed    
   8  phi_CBO      9.98321e-01     fixed    
   9  ANx2         6.17909e-04   constant   
  10  pNx2         3.86483e+00   constant   
  11  ANy1         0.00000e+00   constant   
  12  pNy1         0.00000e+00   constant   
  13  w_y          0.00000e+00   constant   
  14  ANy2         7.96733e-03     fixed    
  15  pNy2         1.76471e+00   constant   
  16  w_vw         1.43097e+01   constant   
  17  LM          -1.37296e-04   constant   
  18  wCBO_expCoeff   1.99745e+02   1.00448e+00   8.95112e-04  -3.55389e-02
  19  wCBO_expOffset   2.00564e+02   1.92826e-01  -3.32490e-04  -2.42369e-01
  20  wCBO_expT    2.98774e+01   2.82554e-02   5.03353e-05  -1.12421e+00
  21  wCBO_linCoeff   0.00000e+00   constant   
  22  wCBO_const   2.48625e-03   8.97843e-04  -2.65051e-06  -5.74408e+00
 EXTERNAL ERROR MATRIX.    NDIM=  25    NPAR=  7    ERR DEF=1
  1.332e+06 -4.735e-03  7.563e-02 -1.723e+02  1.907e+01  2.024e+00 -6.040e-02 
 -4.735e-03  2.671e-07 -8.694e-09  5.978e-06 -6.188e-06  1.351e-06 -3.965e-08 
  7.563e-02 -8.694e-09  2.402e-06 -8.176e-05  3.029e-05 -4.365e-06  6.011e-08 
 -1.723e+02  5.978e-06 -8.176e-05  1.009e+00 -1.611e-01  2.423e-03 -2.295e-05 
  1.907e+01 -6.188e-06  3.029e-05 -1.611e-01  3.718e-02 -3.393e-03  8.425e-05 
  2.024e+00  1.351e-06 -4.365e-06  2.423e-03 -3.393e-03  7.984e-04 -2.189e-05 
 -6.040e-02 -3.965e-08  6.011e-08 -2.295e-05  8.425e-05 -2.189e-05  8.061e-07 
 PARAMETER  CORRELATION COEFFICIENTS  
       NO.  GLOBAL      1      3      4     18     19     20     22
        1  0.20808   1.000 -0.008  0.042 -0.149  0.086  0.062 -0.058
        3  0.11132  -0.008  1.000 -0.011  0.012 -0.062  0.093 -0.085
        4  0.16305   0.042 -0.011  1.000 -0.053  0.101 -0.100  0.043
       18  0.99919  -0.149  0.012 -0.053  1.000 -0.832  0.085 -0.025
       19  0.99950   0.086 -0.062  0.101 -0.832  1.000 -0.623  0.487
       20  0.99864   0.062  0.093 -0.100  0.085 -0.623  1.000 -0.863
       22  0.92113  -0.058 -0.085  0.043 -0.025  0.487 -0.863  1.000
MINUIT - FIT ONLY 1-CBO + other amplitudes 
 **********
 **   16 **RES 
 **********
                   PARAMETER   14  ANy2 RESTORED TO VARIABLE.
                   PARAMETER    8  phi_CBO RESTORED TO VARIABLE.
                   PARAMETER    7  w_CBO RESTORED TO VARIABLE.
                   PARAMETER    6  A_CBO RESTORED TO VARIABLE.
 **********
 **   17 **FIX            0
 **********
 PARAMETER    0  IS UNDEFINED. IGNORED.
 **********
 **   18 **FIX            1
 **********
 **********
 **   19 **FIX            2
 **********
 PARAMETER    2  IS CONSTANT.   IGNORED.
 **********
 **   20 **FIX            3
 **********
 **********
 **   21 **FIX            4
 **********
 **********
 **   22 **FIX            9
 **********
 PARAMETER    9  IS CONSTANT.   IGNORED.
 **********
 **   23 **FIX           11
 **********
 PARAMETER   11  IS CONSTANT.   IGNORED.
 **********
 **   24 **FIX           12
 **********
 PARAMETER   12  IS CONSTANT.   IGNORED.
 **********
 **   25 **FIX           14
 **********
 **********
 **   26 **FIX           15
 **********
 PARAMETER   15  IS CONSTANT.   IGNORED.
 **********
 **   27 **FIX           16
 **********
 PARAMETER   16  IS CONSTANT.   IGNORED.
 **********
 **   28 **MIGRAD
 **********
 START MIGRAD MINIMIZATION.  STRATEGY  1.  CONVERGENCE WHEN EDM .LT. 1.00e-04
 FCN=508.021 FROM MIGRAD    STATUS=INITIATE       20 CALLS         517 TOTAL
                     EDM= unknown      STRATEGY= 1      NO ERROR MATRIX       
  EXT PARAMETER               CURRENT GUESS       STEP         FIRST   
  NO.   NAME      VALUE            ERROR          SIZE      DERIVATIVE 
   1  N0           2.99367e+06     fixed    
   2  tau          6.43993e+01   constant   
   3  A0           3.53769e-01     fixed    
   4  phi          4.11923e+00     fixed    
   5  R           -6.01693e+01   constant   
   6  A_CBO        1.79609e-03   1.00000e-05   1.00000e-05   4.69588e+03
   7  w_CBO        2.32621e+00   1.00000e-03   1.00000e-03  -5.52232e+00
   8  phi_CBO      9.98321e-01   1.00000e-04   1.00000e-04   1.94000e+00
   9  ANx2         6.17909e-04   constant   
  10  pNx2         3.86483e+00   constant   
  11  ANy1         0.00000e+00   constant   
  12  pNy1         0.00000e+00   constant   
  13  w_y          0.00000e+00   constant   
  14  ANy2         7.96733e-03     fixed    
  15  pNy2         1.76471e+00   constant   
  16  w_vw         1.43097e+01   constant   
  17  LM          -1.37296e-04   constant   
  18  wCBO_expCoeff   1.99745e+02   1.00448e+00   8.95112e-04  -3.55371e-02
  19  wCBO_expOffset   2.00564e+02   1.92826e-01  -3.32490e-04  -2.42369e-01
  20  wCBO_expT    2.98774e+01   2.82554e-02   5.03353e-05  -1.12417e+00
  21  wCBO_linCoeff   0.00000e+00   constant   
  22  wCBO_const   2.48625e-03   8.97843e-04  -2.65051e-06  -5.74406e+00
 MIGRAD MINIMIZATION HAS CONVERGED.
 MIGRAD WILL VERIFY CONVERGENCE AND ERROR MATRIX.
 COVARIANCE MATRIX CALCULATED SUCCESSFULLY
 FCN=505.743 FROM MIGRAD    STATUS=CONVERGED     260 CALLS         757 TOTAL
                     EDM=5.12816e-08    STRATEGY= 1      ERROR MATRIX ACCURATE 
  EXT PARAMETER                                   STEP         FIRST   
  NO.   NAME      VALUE            ERROR          SIZE      DERIVATIVE 
   1  N0           2.99367e+06     fixed    
   2  tau          6.43993e+01   constant   
   3  A0           3.53769e-01     fixed    
   4  phi          4.11923e+00     fixed    
   5  R           -6.01693e+01   constant   
   6  A_CBO        9.18482e-04   5.94689e-04   6.27649e-06  -2.96787e-01
   7  w_CBO        2.32505e+00   7.33981e-03   4.01760e-06  -1.30389e-01
   8  phi_CBO      6.19998e-01   7.23893e-01   6.56496e-03   9.73712e-05
   9  ANx2         6.17909e-04   constant   
  10  pNx2         3.86483e+00   constant   
  11  ANy1         0.00000e+00   constant   
  12  pNy1         0.00000e+00   constant   
  13  w_y          0.00000e+00   constant   
  14  ANy2         7.96733e-03     fixed    
  15  pNy2         1.76471e+00   constant   
  16  w_vw         1.43097e+01   constant   
  17  LM          -1.37296e-04   constant   
  18  wCBO_expCoeff   1.99558e+02   6.81650e-01   4.88112e-04  -2.50772e-03
  19  wCBO_expOffset   2.00536e+02   9.40056e-02   9.56229e-05  -1.67628e-02
  20  wCBO_expT    2.98960e+01   2.19597e-02   1.79199e-05  -5.98254e-02
  21  wCBO_linCoeff   0.00000e+00   constant   
  22  wCBO_const   2.26933e-03   3.11957e-03   4.43698e-06   1.96846e-01
 EXTERNAL ERROR MATRIX.    NDIM=  25    NPAR=  7    ERR DEF=1
  3.537e-07  3.383e-07  3.272e-05  3.584e-05  3.775e-06 -3.545e-06 -3.856e-08 
  3.383e-07  5.387e-05  2.425e-04 -2.014e-03 -2.296e-04 -4.284e-05 -2.186e-05 
  3.272e-05  2.425e-04  5.240e-01  2.852e-02  3.432e-03 -2.986e-03  1.919e-04 
  3.584e-05 -2.014e-03  2.852e-02  4.646e-01 -2.583e-02 -4.752e-03  1.021e-03 
  3.775e-06 -2.296e-04  3.432e-03 -2.583e-02  8.837e-03 -5.338e-04  1.161e-04 
 -3.545e-06 -4.284e-05 -2.986e-03 -4.752e-03 -5.338e-04  4.822e-04  2.253e-06 
 -3.856e-08 -2.186e-05  1.919e-04  1.021e-03  1.161e-04  2.253e-06  9.732e-06 
 PARAMETER  CORRELATION COEFFICIENTS  
       NO.  GLOBAL      6      7      8     18     19     20     22
        6  0.27942   1.000  0.077  0.076  0.088  0.068 -0.271 -0.021
        7  0.99876   0.077  1.000  0.046 -0.403 -0.333 -0.266 -0.955
        8  0.56502   0.076  0.046  1.000  0.058  0.050 -0.188  0.085
       18  0.99787   0.088 -0.403  0.058  1.000 -0.403 -0.317  0.480
       19  0.99749   0.068 -0.333  0.050 -0.403  1.000 -0.259  0.396
       20  0.99724  -0.271 -0.266 -0.188 -0.317 -0.259  1.000  0.033
       22  0.99159  -0.021 -0.955  0.085  0.480  0.396  0.033  1.000
MINUIT - FIT ONLY 1-CBO
 **********
 **   29 **RES 
 **********
                   PARAMETER   14  ANy2 RESTORED TO VARIABLE.
                   PARAMETER    4  phi RESTORED TO VARIABLE.
                   PARAMETER    3  A0 RESTORED TO VARIABLE.
                   PARAMETER    1  N0 RESTORED TO VARIABLE.
 **********
 **   30 **FIX            0
 **********
 PARAMETER    0  IS UNDEFINED. IGNORED.
 **********
 **   31 **FIX            1
 **********
 **********
 **   32 **FIX            2
 **********
 PARAMETER    2  IS CONSTANT.   IGNORED.
 **********
 **   33 **FIX            3
 **********
 **********
 **   34 **FIX            4
 **********
 **********
 **   35 **FIX            8
 **********
 **********
 **   36 **FIX            9
 **********
 PARAMETER    9  IS CONSTANT.   IGNORED.
 **********
 **   37 **FIX           11
 **********
 PARAMETER   11  IS CONSTANT.   IGNORED.
 **********
 **   38 **FIX           12
 **********
 PARAMETER   12  IS CONSTANT.   IGNORED.
 **********
 **   39 **FIX           13
 **********
 PARAMETER   13  IS CONSTANT.   IGNORED.
 **********
 **   40 **FIX           15
 **********
 PARAMETER   15  IS CONSTANT.   IGNORED.
 **********
 **   41 **FIX           16
 **********
 PARAMETER   16  IS CONSTANT.   IGNORED.
 **********
 **   42 **MIGRAD
 **********
 START MIGRAD MINIMIZATION.  STRATEGY  1.  CONVERGENCE WHEN EDM .LT. 1.00e-04
 FCN=505.743 FROM MIGRAD    STATUS=INITIATE       16 CALLS         773 TOTAL
                     EDM= unknown      STRATEGY= 1      NO ERROR MATRIX       
  EXT PARAMETER               CURRENT GUESS       STEP         FIRST   
  NO.   NAME      VALUE            ERROR          SIZE      DERIVATIVE 
   1  N0           2.99367e+06     fixed    
   2  tau          6.43993e+01   constant   
   3  A0           3.53769e-01     fixed    
   4  phi          4.11923e+00     fixed    
   5  R           -6.01693e+01   constant   
   6  A_CBO        9.18482e-04   5.94689e-04   6.27649e-06  -2.96786e-01
   7  w_CBO        2.32505e+00   7.33981e-03   4.01760e-06  -1.33282e-01
   8  phi_CBO      6.19998e-01     fixed    
   9  ANx2         6.17909e-04   constant   
  10  pNx2         3.86483e+00   constant   
  11  ANy1         0.00000e+00   constant   
  12  pNy1         0.00000e+00   constant   
  13  w_y          0.00000e+00   constant   
  14  ANy2         7.96733e-03   1.00000e-04   1.00000e-04   5.07583e+04
  15  pNy2         1.76471e+00   constant   
  16  w_vw         1.43097e+01   constant   
  17  LM          -1.37296e-04   constant   
  18  wCBO_expCoeff   1.99558e+02   6.81650e-01   4.88112e-04  -2.54401e-03
  19  wCBO_expOffset   2.00536e+02   9.40056e-02   9.56229e-05  -1.93423e-02
  20  wCBO_expT    2.98960e+01   2.19597e-02   1.79199e-05  -6.35008e-02
  21  wCBO_linCoeff   0.00000e+00   constant   
  22  wCBO_const   2.26933e-03   3.11957e-03   4.43698e-06   1.97365e-01
 MIGRAD MINIMIZATION HAS CONVERGED.
 MIGRAD WILL VERIFY CONVERGENCE AND ERROR MATRIX.
 COVARIANCE MATRIX CALCULATED SUCCESSFULLY
 FCN=303.191 FROM MIGRAD    STATUS=CONVERGED     174 CALLS         931 TOTAL
                     EDM=7.11701e-05    STRATEGY= 1      ERROR MATRIX ACCURATE 
  EXT PARAMETER                                   STEP         FIRST   
  NO.   NAME      VALUE            ERROR          SIZE      DERIVATIVE 
   1  N0           2.99367e+06     fixed    
   2  tau          6.43993e+01   constant   
   3  A0           3.53769e-01     fixed    
   4  phi          4.11923e+00     fixed    
   5  R           -6.01693e+01   constant   
   6  A_CBO        3.63447e-04   6.31092e-04   4.85500e-06  -2.16913e-01
   7  w_CBO        2.32503e+00   7.81375e-03   5.03999e-06   3.21373e-01
   8  phi_CBO      6.19998e-01     fixed    
   9  ANx2         6.17909e-04   constant   
  10  pNx2         3.86483e+00   constant   
  11  ANy1         0.00000e+00   constant   
  12  pNy1         0.00000e+00   constant   
  13  w_y          0.00000e+00   constant   
  14  ANy2        -1.82856e-05   5.62214e-04   4.76318e-06  -4.78725e-01
  15  pNy2         1.76471e+00   constant   
  16  w_vw         1.43097e+01   constant   
  17  LM          -1.37296e-04   constant   
  18  wCBO_expCoeff   1.99571e+02   7.66627e-01   5.79100e-04   4.28443e-04
  19  wCBO_expOffset   2.00538e+02   1.11265e-01   9.56238e-05   2.84387e-03
  20  wCBO_expT    2.98963e+01   3.17911e-02   2.25482e-05   4.03987e-01
  21  wCBO_linCoeff   0.00000e+00   constant   
  22  wCBO_const   2.00177e-03   3.32889e-03   5.88296e-06   6.60085e-01
 EXTERNAL ERROR MATRIX.    NDIM=  25    NPAR=  7    ERR DEF=1
  3.983e-07  1.081e-07  2.949e-08  6.765e-06  9.522e-07 -9.367e-07  1.838e-07 
  1.081e-07  6.105e-05 -2.895e-08 -1.767e-03 -2.396e-04 -7.742e-05 -2.413e-05 
  2.949e-08 -2.895e-08  3.161e-07 -4.430e-06 -6.175e-07  3.655e-07  3.766e-08 
  6.765e-06 -1.767e-03 -4.430e-06  5.877e-01 -3.164e-02 -9.257e-03  1.009e-03 
  9.522e-07 -2.396e-04 -6.175e-07 -3.164e-02  1.238e-02 -1.251e-03  1.366e-04 
 -9.367e-07 -7.742e-05  3.655e-07 -9.257e-03 -1.251e-03  1.011e-03  4.408e-06 
  1.838e-07 -2.413e-05  3.766e-08  1.009e-03  1.366e-04  4.408e-06  1.108e-05 
 PARAMETER  CORRELATION COEFFICIENTS  
       NO.  GLOBAL      6      7     14     18     19     20     22
        6  0.42908   1.000  0.022  0.083  0.014  0.014 -0.047  0.087
        7  0.99712   0.022  1.000 -0.007 -0.295 -0.276 -0.312 -0.928
       14  0.10150   0.083 -0.007  1.000 -0.010 -0.010  0.020  0.020
       18  0.99605   0.014 -0.295 -0.010  1.000 -0.371 -0.380  0.395
       19  0.99579   0.014 -0.276 -0.010 -0.371  1.000 -0.354  0.369
       20  0.99652  -0.047 -0.312  0.020 -0.380 -0.354  1.000  0.042
       22  0.97822   0.087 -0.928  0.020  0.395  0.369  0.042  1.000
MINUIT - FIT ONLY 2-CBO
 **********
 **   43 **RES 
 **********
                   PARAMETER    8  phi_CBO RESTORED TO VARIABLE.
                   PARAMETER    4  phi RESTORED TO VARIABLE.
                   PARAMETER    3  A0 RESTORED TO VARIABLE.
                   PARAMETER    1  N0 RESTORED TO VARIABLE.
 **********
 **   44 **FIX            0
 **********
 PARAMETER    0  IS UNDEFINED. IGNORED.
 **********
 **   45 **FIX            1
 **********
 **********
 **   46 **FIX            2
 **********
 PARAMETER    2  IS CONSTANT.   IGNORED.
 **********
 **   47 **FIX            3
 **********
 **********
 **   48 **FIX            4
 **********
 **********
 **   49 **FIX            5
 **********
 PARAMETER    5  IS CONSTANT.   IGNORED.
 **********
 **   50 **FIX            6
 **********
 **********
 **   51 **FIX            7
 **********
 **********
 **   52 **FIX           10
 **********
 PARAMETER   10  IS CONSTANT.   IGNORED.
 **********
 **   53 **FIX           11
 **********
 PARAMETER   11  IS CONSTANT.   IGNORED.
 **********
 **   54 **FIX           12
 **********
 PARAMETER   12  IS CONSTANT.   IGNORED.
 **********
 **   55 **FIX           13
 **********
 PARAMETER   13  IS CONSTANT.   IGNORED.
 **********
 **   56 **FIX           14
 **********
 **********
 **   57 **FIX           15
 **********
 PARAMETER   15  IS CONSTANT.   IGNORED.
 **********
 **   58 **FIX           16
 **********
 PARAMETER   16  IS CONSTANT.   IGNORED.
 **********
 **   59 **MIGRAD
 **********
 START MIGRAD MINIMIZATION.  STRATEGY  1.  CONVERGENCE WHEN EDM .LT. 1.00e-04
 FCN=303.191 FROM MIGRAD    STATUS=INITIATE       12 CALLS         943 TOTAL
                     EDM= unknown      STRATEGY= 1      NO ERROR MATRIX       
  EXT PARAMETER               CURRENT GUESS       STEP         FIRST   
  NO.   NAME      VALUE            ERROR          SIZE      DERIVATIVE 
   1  N0           2.99367e+06     fixed    
   2  tau          6.43993e+01   constant   
   3  A0           3.53769e-01     fixed    
   4  phi          4.11923e+00     fixed    
   5  R           -6.01693e+01   constant   
   6  A_CBO        3.63447e-04     fixed    
   7  w_CBO        2.32503e+00     fixed    
   8  phi_CBO      6.19998e-01   7.23893e-01   7.23893e-01   9.48480e-01
   9  ANx2         6.17909e-04   constant   
  10  pNx2         3.86483e+00   constant   
  11  ANy1         0.00000e+00   constant   
  12  pNy1         0.00000e+00   constant   
  13  w_y          0.00000e+00   constant   
  14  ANy2        -1.82856e-05     fixed    
  15  pNy2         1.76471e+00   constant   
  16  w_vw         1.43097e+01   constant   
  17  LM          -1.37296e-04   constant   
  18  wCBO_expCoeff   1.99571e+02   7.66627e-01   5.79100e-04   3.92385e-04
  19  wCBO_expOffset   2.00538e+02   1.11265e-01   9.56238e-05   1.01943e-03
  20  wCBO_expT    2.98963e+01   3.17911e-02   2.25482e-05   3.98867e-01
  21  wCBO_linCoeff   0.00000e+00   constant   
  22  wCBO_const   2.00177e-03   3.32889e-03   5.88296e-06   6.53024e-01
 MIGRAD MINIMIZATION HAS CONVERGED.
 MIGRAD WILL VERIFY CONVERGENCE AND ERROR MATRIX.
 FCN=301.487 FROM MIGRAD    STATUS=CONVERGED     190 CALLS        1121 TOTAL
                     EDM=2.05773e-06    STRATEGY= 1      ERR MATRIX NOT POS-DEF
  EXT PARAMETER                APPROXIMATE        STEP         FIRST   
  NO.   NAME      VALUE            ERROR          SIZE      DERIVATIVE 
   1  N0           2.99367e+06     fixed    
   2  tau          6.43993e+01   constant   
   3  A0           3.53769e-01     fixed    
   4  phi          4.11923e+00     fixed    
   5  R           -6.01693e+01   constant   
   6  A_CBO        3.63447e-04     fixed    
   7  w_CBO        2.32503e+00     fixed    
   8  phi_CBO     -9.07896e-01   1.14710e+00   8.57338e-03   1.14185e-03
   9  ANx2         6.17909e-04   constant   
  10  pNx2         3.86483e+00   constant   
  11  ANy1         0.00000e+00   constant   
  12  pNy1         0.00000e+00   constant   
  13  w_y          0.00000e+00   constant   
  14  ANy2        -1.82856e-05     fixed    
  15  pNy2         1.76471e+00   constant   
  16  w_vw         1.43097e+01   constant   
  17  LM          -1.37296e-04   constant   
  18  wCBO_expCoeff   1.99032e+02   6.76440e-01   4.55786e-04   1.69379e-02
  19  wCBO_expOffset   2.00457e+02   1.02487e-01   9.55853e-05   1.12671e-01
  20  wCBO_expT    2.99413e+01   2.10701e-02   1.68041e-05   4.87229e-01
  21  wCBO_linCoeff   0.00000e+00   constant   
  22  wCBO_const  -1.51106e-05   9.59495e-04   4.40665e-06   1.59270e+00
 EXTERNAL ERROR MATRIX.    NDIM=  25    NPAR=  5    ERR DEF=1
  1.316e+00 -1.394e-02 -2.527e-03  1.078e-03  3.131e-04 
 -1.394e-02  4.576e-01 -4.814e-02 -5.412e-03  1.401e-04 
 -2.527e-03 -4.814e-02  1.050e-02 -8.532e-04  2.194e-05 
  1.078e-03 -5.412e-03 -8.532e-04  4.439e-04 -1.275e-05 
  3.131e-04  1.401e-04  2.194e-05 -1.275e-05  9.206e-07 
ERR MATRIX NOT POS-DEF
 PARAMETER  CORRELATION COEFFICIENTS  
       NO.  GLOBAL      8     18     19     20     22
        8  0.47784   1.000 -0.018 -0.021  0.045  0.284
       18  0.99686  -0.018  1.000 -0.694 -0.380  0.216
       19  0.99690  -0.021 -0.694  1.000 -0.395  0.223
       20  0.99560   0.045 -0.380 -0.395  1.000 -0.631
       22  0.84187   0.284  0.216  0.223 -0.631  1.000
 ERR MATRIX NOT POS-DEF
MINUIT - FIT ONLY 1-y
 **********
 **   60 **RES 
 **********
                   PARAMETER   14  ANy2 RESTORED TO VARIABLE.
                   PARAMETER    7  w_CBO RESTORED TO VARIABLE.
                   PARAMETER    6  A_CBO RESTORED TO VARIABLE.
                   PARAMETER    4  phi RESTORED TO VARIABLE.
                   PARAMETER    3  A0 RESTORED TO VARIABLE.
                   PARAMETER    1  N0 RESTORED TO VARIABLE.
 **********
 **   61 **FIX            0
 **********
 PARAMETER    0  IS UNDEFINED. IGNORED.
 **********
 **   62 **FIX            1
 **********
 **********
 **   63 **FIX            2
 **********
 PARAMETER    2  IS CONSTANT.   IGNORED.
 **********
 **   64 **FIX            3
 **********
 **********
 **   65 **FIX            4
 **********
 **********
 **   66 **FIX            5
 **********
 PARAMETER    5  IS CONSTANT.   IGNORED.
 **********
 **   67 **FIX            6
 **********
 **********
 **   68 **FIX            7
 **********
 **********
 **   69 **FIX            8
 **********
 **********
 **   70 **FIX            9
 **********
 PARAMETER    9  IS CONSTANT.   IGNORED.
 **********
 **   71 **FIX           13
 **********
 PARAMETER   13  IS CONSTANT.   IGNORED.
 **********
 **   72 **FIX           14
 **********
 **********
 **   73 **FIX           15
 **********
 PARAMETER   15  IS CONSTANT.   IGNORED.
 **********
 **   74 **FIX           16
 **********
 PARAMETER   16  IS CONSTANT.   IGNORED.
 **********
 **   75 **MIGRAD
 **********
 START MIGRAD MINIMIZATION.  STRATEGY  1.  CONVERGENCE WHEN EDM .LT. 1.00e-04
 FCN=301.487 FROM MIGRAD    STATUS=INITIATE        8 CALLS        1129 TOTAL
                     EDM= unknown      STRATEGY= 1      NO ERROR MATRIX       
  EXT PARAMETER               CURRENT GUESS       STEP         FIRST   
  NO.   NAME      VALUE            ERROR          SIZE      DERIVATIVE 
   1  N0           2.99367e+06     fixed    
   2  tau          6.43993e+01   constant   
   3  A0           3.53769e-01     fixed    
   4  phi          4.11923e+00     fixed    
   5  R           -6.01693e+01   constant   
   6  A_CBO        3.63447e-04     fixed    
   7  w_CBO        2.32503e+00     fixed    
   8  phi_CBO     -9.07896e-01     fixed    
   9  ANx2         6.17909e-04   constant   
  10  pNx2         3.86483e+00   constant   
  11  ANy1         0.00000e+00   constant   
  12  pNy1         0.00000e+00   constant   
  13  w_y          0.00000e+00   constant   
  14  ANy2        -1.82856e-05     fixed    
  15  pNy2         1.76471e+00   constant   
  16  w_vw         1.43097e+01   constant   
  17  LM          -1.37296e-04   constant   
  18  wCBO_expCoeff   1.99032e+02   6.76440e-01   4.55786e-04   1.69630e-02
  19  wCBO_expOffset   2.00457e+02   1.02487e-01   9.55853e-05   1.12928e-01
  20  wCBO_expT    2.99413e+01   2.10701e-02   1.68041e-05   4.88186e-01
  21  wCBO_linCoeff   0.00000e+00   constant   
  22  wCBO_const  -1.51106e-05   9.59495e-04   4.40665e-06   1.59576e+00
 MIGRAD MINIMIZATION HAS CONVERGED.
 MIGRAD WILL VERIFY CONVERGENCE AND ERROR MATRIX.
 FCN=301.487 FROM MIGRAD    STATUS=CONVERGED      45 CALLS        1166 TOTAL
                     EDM=6.71749e-08    STRATEGY= 1      ERR MATRIX NOT POS-DEF
  EXT PARAMETER                APPROXIMATE        STEP         FIRST   
  NO.   NAME      VALUE            ERROR          SIZE      DERIVATIVE 
   1  N0           2.99367e+06     fixed    
   2  tau          6.43993e+01   constant   
   3  A0           3.53769e-01     fixed    
   4  phi          4.11923e+00     fixed    
   5  R           -6.01693e+01   constant   
   6  A_CBO        3.63447e-04     fixed    
   7  w_CBO        2.32503e+00     fixed    
   8  phi_CBO     -9.07896e-01     fixed    
   9  ANx2         6.17909e-04   constant   
  10  pNx2         3.86483e+00   constant   
  11  ANy1         0.00000e+00   constant   
  12  pNy1         0.00000e+00   constant   
  13  w_y          0.00000e+00   constant   
  14  ANy2        -1.82856e-05     fixed    
  15  pNy2         1.76471e+00   constant   
  16  w_vw         1.43097e+01   constant   
  17  LM          -1.37296e-04   constant   
  18  wCBO_expCoeff   1.99032e+02   6.90436e-01   4.55903e-04  -6.19201e-04
  19  wCBO_expOffset   2.00457e+02   1.04637e-01   9.55853e-05  -4.11956e-03
  20  wCBO_expT    2.99413e+01   2.13258e-02   1.68060e-05   4.27442e-03
  21  wCBO_linCoeff   0.00000e+00   constant   
  22  wCBO_const  -1.51716e-05   9.25214e-04   4.40666e-06   1.14764e-01
 EXTERNAL ERROR MATRIX.    NDIM=  25    NPAR=  4    ERR DEF=1
  4.767e-01 -5.056e-02 -5.535e-03  1.473e-04 
 -5.056e-02  1.095e-02 -8.750e-04  2.323e-05 
 -5.535e-03 -8.750e-04  4.548e-04 -1.334e-05 
  1.473e-04  2.323e-05 -1.334e-05  8.560e-07 
ERR MATRIX NOT POS-DEF
 PARAMETER  CORRELATION COEFFICIENTS  
       NO.  GLOBAL     18     19     20     22
       18  0.99698   1.000 -0.700 -0.376  0.231
       19  0.99703  -0.700  1.000 -0.392  0.240
       20  0.99570  -0.376 -0.392  1.000 -0.676
       22  0.82868   0.231  0.240 -0.676  1.000
 ERR MATRIX NOT POS-DEF
MINUIT - FIT ONLY 2-y
 **********
 **   76 **RES 
 **********
                   PARAMETER   14  ANy2 RESTORED TO VARIABLE.
                   PARAMETER    8  phi_CBO RESTORED TO VARIABLE.
                   PARAMETER    7  w_CBO RESTORED TO VARIABLE.
                   PARAMETER    6  A_CBO RESTORED TO VARIABLE.
                   PARAMETER    4  phi RESTORED TO VARIABLE.
                   PARAMETER    3  A0 RESTORED TO VARIABLE.
                   PARAMETER    1  N0 RESTORED TO VARIABLE.
 **********
 **   77 **FIX            0
 **********
 PARAMETER    0  IS UNDEFINED. IGNORED.
 **********
 **   78 **FIX            1
 **********
 **********
 **   79 **FIX            2
 **********
 PARAMETER    2  IS CONSTANT.   IGNORED.
 **********
 **   80 **FIX            3
 **********
 **********
 **   81 **FIX            4
 **********
 **********
 **   82 **FIX            5
 **********
 PARAMETER    5  IS CONSTANT.   IGNORED.
 **********
 **   83 **FIX            6
 **********
 **********
 **   84 **FIX            7
 **********
 **********
 **   85 **FIX            8
 **********
 **********
 **   86 **FIX            9
 **********
 PARAMETER    9  IS CONSTANT.   IGNORED.
 **********
 **   87 **FIX           10
 **********
 PARAMETER   10  IS CONSTANT.   IGNORED.
 **********
 **   88 **FIX           11
 **********
 PARAMETER   11  IS CONSTANT.   IGNORED.
 **********
 **   89 **FIX           12
 **********
 PARAMETER   12  IS CONSTANT.   IGNORED.
 **********
 **   90 **FIX           16
 **********
 PARAMETER   16  IS CONSTANT.   IGNORED.
 **********
 **   91 **MIGRAD
 **********
 START MIGRAD MINIMIZATION.  STRATEGY  1.  CONVERGENCE WHEN EDM .LT. 1.00e-04
 FCN=301.487 FROM MIGRAD    STATUS=INITIATE       10 CALLS        1176 TOTAL
                     EDM= unknown      STRATEGY= 1      NO ERROR MATRIX       
  EXT PARAMETER               CURRENT GUESS       STEP         FIRST   
  NO.   NAME      VALUE            ERROR          SIZE      DERIVATIVE 
   1  N0           2.99367e+06     fixed    
   2  tau          6.43993e+01   constant   
   3  A0           3.53769e-01     fixed    
   4  phi          4.11923e+00     fixed    
   5  R           -6.01693e+01   constant   
   6  A_CBO        3.63447e-04     fixed    
   7  w_CBO        2.32503e+00     fixed    
   8  phi_CBO     -9.07896e-01     fixed    
   9  ANx2         6.17909e-04   constant   
  10  pNx2         3.86483e+00   constant   
  11  ANy1         0.00000e+00   constant   
  12  pNy1         0.00000e+00   constant   
  13  w_y          0.00000e+00   constant   
  14  ANy2        -1.82856e-05   5.62214e-04   5.62214e-04   3.20835e+02
  15  pNy2         1.76471e+00   constant   
  16  w_vw         1.43097e+01   constant   
  17  LM          -1.37296e-04   constant   
  18  wCBO_expCoeff   1.99032e+02   6.90436e-01   4.55903e-04  -5.93709e-04
  19  wCBO_expOffset   2.00457e+02   1.04637e-01   9.55853e-05  -3.77566e-03
  20  wCBO_expT    2.99413e+01   2.13258e-02   1.68060e-05   5.11552e-03
  21  wCBO_linCoeff   0.00000e+00   constant   
  22  wCBO_const  -1.51716e-05   9.25214e-04   4.40666e-06   1.17834e-01
 MIGRAD MINIMIZATION HAS CONVERGED.
 MIGRAD WILL VERIFY CONVERGENCE AND ERROR MATRIX.
 FCN=301.479 FROM MIGRAD    STATUS=CONVERGED      66 CALLS        1232 TOTAL
                     EDM=1.51527e-05    STRATEGY= 1      ERR MATRIX NOT POS-DEF
  EXT PARAMETER                APPROXIMATE        STEP         FIRST   
  NO.   NAME      VALUE            ERROR          SIZE      DERIVATIVE 
   1  N0           2.99367e+06     fixed    
   2  tau          6.43993e+01   constant   
   3  A0           3.53769e-01     fixed    
   4  phi          4.11923e+00     fixed    
   5  R           -6.01693e+01   constant   
   6  A_CBO        3.63447e-04     fixed    
   7  w_CBO        2.32503e+00     fixed    
   8  phi_CBO     -9.07896e-01     fixed    
   9  ANx2         6.17909e-04   constant   
  10  pNx2         3.86483e+00   constant   
  11  ANy1         0.00000e+00   constant   
  12  pNy1         0.00000e+00   constant   
  13  w_y          0.00000e+00   constant   
  14  ANy2        -6.85560e-05   5.58931e-04   4.74985e-06   1.67397e-03
  15  pNy2         1.76471e+00   constant   
  16  w_vw         1.43097e+01   constant   
  17  LM          -1.37296e-04   constant   
  18  wCBO_expCoeff   1.99032e+02   6.90084e-01   4.55648e-04  -6.26597e-03
  19  wCBO_expOffset   2.00457e+02   1.04571e-01   9.55853e-05  -4.15742e-02
  20  wCBO_expT    2.99413e+01   2.13579e-02   1.68018e-05  -8.22384e-04
  21  wCBO_linCoeff   0.00000e+00   constant   
  22  wCBO_const  -1.50789e-05   9.25544e-04   4.41215e-06   7.39789e+00
 EXTERNAL ERROR MATRIX.    NDIM=  25    NPAR=  5    ERR DEF=1
  3.124e-07  4.884e-07  1.092e-07 -1.266e-07  1.368e-08 
  4.884e-07  4.762e-01 -5.041e-02 -5.555e-03  1.475e-04 
  1.092e-07 -5.041e-02  1.094e-02 -8.773e-04  2.322e-05 
 -1.266e-07 -5.555e-03 -8.773e-04  4.562e-04 -1.335e-05 
  1.368e-08  1.475e-04  2.322e-05 -1.335e-05  8.566e-07 
ERR MATRIX NOT POS-DEF
 PARAMETER  CORRELATION COEFFICIENTS  
       NO.  GLOBAL     14     18     19     20     22
       14  0.05101   1.000  0.001  0.002 -0.011  0.026
       18  0.99699   0.001  1.000 -0.699 -0.377  0.231
       19  0.99703   0.002 -0.699  1.000 -0.393  0.240
       20  0.99572  -0.011 -0.377 -0.393  1.000 -0.675
       22  0.82837   0.026  0.231  0.240 -0.675  1.000
 ERR MATRIX NOT POS-DEF
MINUIT - FIT ALTOGETHER
 **********
 **   92 **RES 
 **********
                   PARAMETER    8  phi_CBO RESTORED TO VARIABLE.
                   PARAMETER    7  w_CBO RESTORED TO VARIABLE.
                   PARAMETER    6  A_CBO RESTORED TO VARIABLE.
                   PARAMETER    4  phi RESTORED TO VARIABLE.
                   PARAMETER    3  A0 RESTORED TO VARIABLE.
                   PARAMETER    1  N0 RESTORED TO VARIABLE.
 **********
 **   93 **MIGRAD
 **********
 START MIGRAD MINIMIZATION.  STRATEGY  1.  CONVERGENCE WHEN EDM .LT. 1.00e-04
 FCN=301.479 FROM MIGRAD    STATUS=INITIATE       22 CALLS        1254 TOTAL
                     EDM= unknown      STRATEGY= 1      NO ERROR MATRIX       
  EXT PARAMETER               CURRENT GUESS       STEP         FIRST   
  NO.   NAME      VALUE            ERROR          SIZE      DERIVATIVE 
   1  N0           2.99367e+06   1.15422e+03   1.15422e+03  -3.68805e-04
   2  tau          6.43993e+01   constant   
   3  A0           3.53769e-01   5.16789e-04   5.16789e-04   4.85455e+02
   4  phi          4.11923e+00   1.54973e-03   1.54973e-03  -4.75419e+01
   5  R           -6.01693e+01   constant   
   6  A_CBO        3.63447e-04   6.31092e-04   6.31092e-04  -3.10776e+03
   7  w_CBO        2.32503e+00   7.81375e-03   7.81375e-03   2.64632e+00
   8  phi_CBO     -9.07896e-01   1.14710e+00   1.14710e+00   4.62537e-03
   9  ANx2         6.17909e-04   constant   
  10  pNx2         3.86483e+00   constant   
  11  ANy1         0.00000e+00   constant   
  12  pNy1         0.00000e+00   constant   
  13  w_y          0.00000e+00   constant   
  14  ANy2        -6.85560e-05   5.58931e-04   4.74985e-06   1.67388e-03
  15  pNy2         1.76471e+00   constant   
  16  w_vw         1.43097e+01   constant   
  17  LM          -1.37296e-04   constant   
  18  wCBO_expCoeff   1.99032e+02   6.90084e-01   4.55648e-04  -6.24105e-03
  19  wCBO_expOffset   2.00457e+02   1.04571e-01   9.55853e-05  -4.13190e-02
  20  wCBO_expT    2.99413e+01   2.13579e-02   1.68018e-05   1.43272e-05
  21  wCBO_linCoeff   0.00000e+00   constant   
  22  wCBO_const  -1.50789e-05   9.25544e-04   4.41215e-06   7.40086e+00
 MIGRAD MINIMIZATION HAS CONVERGED.
 MIGRAD WILL VERIFY CONVERGENCE AND ERROR MATRIX.
 FCN=300.644 FROM MIGRAD    STATUS=CONVERGED     294 CALLS        1526 TOTAL
                     EDM=3.91563e-06    STRATEGY= 1      ERR MATRIX NOT POS-DEF
  EXT PARAMETER                APPROXIMATE        STEP         FIRST   
  NO.   NAME      VALUE            ERROR          SIZE      DERIVATIVE 
   1  N0           2.99395e+06   1.18428e+03   9.84014e+00  -4.36779e-07
