 + ++++++++++++++++++++++++++++++++++++++++++++++++++++++++++++++++++++ +
 +                                                                      +
 +           You have chose to blind your fitting according to          +
 +                omega_ref * (1 + (R +/- deltaR) *10^{-6})             +
 +                                                                      +
 + ++++++++++++++++++++++++++++++++++++++++++++++++++++++++++++++++++++ +
In main()...
reading format from /gm2data/zkhechad/run45/envelope/formats/formatB_sBin_constraintOn.txt
pBinTau 	= 0  
pBinPhi 	= 0  
constraintau 	= 1 
includeMopTerm 	= 0    
constrainMop    = 0   
Parameters after format file: pBinTau 0 pBinPhi 0 constraintau 1 includeMopTerm 0 constrainMop 0 c_e_scale 0.000000 
reading cbo reference file (full fit) from /gm2data/zkhechad/cboTemplates/Run4CBOTemplates/fullFits/run4/sBin_constraintOn_cE0.0_seed0_run4_calo8.root
A_CBO 0.011357 w_CBO 2.326581 phi_CBO 5.876624 N0 2844262.344614 R -61.301649 tau 64.404749 
Reading cboRef file /gm2data/zkhechad/cboTemplates/Run4CBOTemplates//cboIsolate/run4_calo8.root
deltaT 164.120000
windowBins = 1100
fitting sliding window 1860 from bin 2063 at 307.799600 to bin 3163 at 471.919600 (1100 bins)

Reading data from /gm2data/cornell/histograms/aMethod/histogram_a_run4.root
fitting cbo isolate
 **********
 **    1 **SET PRINTOUT            1
 **********
 **********
 **    2 **SET NOWARNINGS 
 **********
 PARAMETER DEFINITIONS:
    NO.   NAME         VALUE      STEP SIZE      LIMITS
     1 A_CBO        1.13569e-02  1.00000e-05     no limits
     2 w_CBO        2.32658e+00  1.00000e-02    2.00000e+00  3.00000e+00
     3 phi_CBO      5.87662e+00  1.00000e-02    0.00000e+00  6.28319e+00
 **********
 **    3 **MIGRAD
 **********
 FIRST CALL TO USER FUNCTION AT NEW START POINT, WITH IFLAG=4.
 START MIGRAD MINIMIZATION.  STRATEGY  1.  CONVERGENCE WHEN EDM .LT. 1.00e-04
 FCN=0.113502 FROM MIGRAD    STATUS=INITIATE       12 CALLS          13 TOTAL
                     EDM= unknown      STRATEGY= 1      NO ERROR MATRIX       
  EXT PARAMETER               CURRENT GUESS       STEP         FIRST   
  NO.   NAME      VALUE            ERROR          SIZE      DERIVATIVE 
   1  A_CBO        1.13569e-02   1.00000e-05   1.00000e-05   9.15895e+00
   2  w_CBO        2.32658e+00   1.00000e-02   2.13259e-02   6.51214e-02
   3  phi_CBO      5.87662e+00   1.00000e-02   6.47001e-03  -1.26385e-03
 MIGRAD MINIMIZATION HAS CONVERGED.
 MIGRAD WILL VERIFY CONVERGENCE AND ERROR MATRIX.
 COVARIANCE MATRIX CALCULATED SUCCESSFULLY
 FCN=0.0754132 FROM MIGRAD    STATUS=CONVERGED      41 CALLS          42 TOTAL
                     EDM=6.73968e-05    STRATEGY= 1      ERROR MATRIX ACCURATE 
  EXT PARAMETER                                   STEP         FIRST   
  NO.   NAME      VALUE            ERROR          SIZE      DERIVATIVE 
   1  A_CBO        3.04017e-03   4.26378e-02   2.15770e-05  -7.32844e-04
   2  w_CBO        2.32656e+00   2.36421e-01   3.91325e-05  -2.46536e-02
   3  phi_CBO      5.89739e+00   4.05528e+00   4.71057e-03   2.25648e-05
 EXTERNAL ERROR MATRIX.    NDIM=  25    NPAR=  3    ERR DEF=1
  1.818e-03  3.576e-04  1.324e-01 
  3.576e-04  6.140e-02  2.352e+01 
  1.324e-01  2.352e+01  9.204e+03 
 PARAMETER  CORRELATION COEFFICIENTS  
       NO.  GLOBAL      1      2      3
        1  0.03469   1.000  0.034  0.032
        2  0.98925   0.034  1.000  0.989
        3  0.98925   0.032  0.989  1.000
setting A_CBO=0.003040 w_CBO=2.326557, phi_CBO=5.897388
done fitting cbo isolate
 **********
 **    1 **SET PRINTOUT            1
 **********
 **********
 **    2 **SET NOWARNINGS 
 **********
 PARAMETER DEFINITIONS:
    NO.   NAME         VALUE      STEP SIZE      LIMITS
     1 N0           2.84426e+06  1.00000e+02     no limits
     2 tau          6.44047e+01  constant
     3 A0           3.52885e-01  1.00000e-04     no limits
     4 phi          4.11503e+00  1.00000e-02     no limits
     5 R           -6.13016e+01  constant
     6 A_CBO        3.04017e-03  1.00000e-05     no limits
     7 w_CBO        2.32656e+00  1.00000e-03     no limits
     8 phi_CBO      5.89739e+00  1.00000e-04     no limits
     9 ANx2         6.64823e-04  constant
    10 pNx2         9.66896e-01  constant
    11 ANy1         0.00000e+00  constant
    12 pNy1         0.00000e+00  constant
    13 w_y          0.00000e+00  constant
    14 ANy2         8.37111e-03  1.00000e-04     no limits
    15 pNy2         5.88808e+00  constant
    16 w_vw         1.43122e+01  constant
    17 LM           1.40011e-04  constant
    18 wCBO_expCoeff   2.00000e+02  1.00000e+00     no limits
    19 wCBO_expOffset   2.00000e+02  1.00000e+00     no limits
    20 wCBO_expT    3.00000e+01  1.00000e+00     no limits
    21 wCBO_linCoeff   0.00000e+00  constant
    22 wCBO_const   0.00000e+00  1.00000e-02     no limits
MINUIT - FIT ONLY WIGGLE
 **********
 **    3 **FIX            5
 **********
 PARAMETER    5  IS CONSTANT.   IGNORED.
 **********
 **    4 **FIX            6
 **********
 **********
 **    5 **FIX            7
 **********
 **********
 **    6 **FIX            8
 **********
 **********
 **    7 **FIX            9
 **********
 PARAMETER    9  IS CONSTANT.   IGNORED.
 **********
 **    8 **FIX           10
 **********
 PARAMETER   10  IS CONSTANT.   IGNORED.
 **********
 **    9 **FIX           11
 **********
 PARAMETER   11  IS CONSTANT.   IGNORED.
 **********
 **   10 **FIX           12
 **********
 PARAMETER   12  IS CONSTANT.   IGNORED.
 **********
 **   11 **FIX           13
 **********
 PARAMETER   13  IS CONSTANT.   IGNORED.
 **********
 **   12 **FIX           14
 **********
 **********
 **   13 **FIX           15
 **********
 PARAMETER   15  IS CONSTANT.   IGNORED.
 **********
 **   14 **FIX           16
 **********
 PARAMETER   16  IS CONSTANT.   IGNORED.
 **********
 **   15 **MIGRAD
 **********
 FIRST CALL TO USER FUNCTION AT NEW START POINT, WITH IFLAG=4.
 START MIGRAD MINIMIZATION.  STRATEGY  1.  CONVERGENCE WHEN EDM .LT. 1.00e-04
 FCN=575.331 FROM MIGRAD    STATUS=INITIATE       57 CALLS          58 TOTAL
                     EDM= unknown      STRATEGY= 1      NO ERROR MATRIX       
  EXT PARAMETER               CURRENT GUESS       STEP         FIRST   
  NO.   NAME      VALUE            ERROR          SIZE      DERIVATIVE 
   1  N0           2.84426e+06   1.00000e+02  -0.00000e+00   1.69394e-03
   2  tau          6.44047e+01   constant   
   3  A0           3.52885e-01   1.00000e-04  -0.00000e+00  -2.89251e+03
   4  phi          4.11503e+00   1.00000e-02  -0.00000e+00   5.75629e+02
   5  R           -6.13016e+01   constant   
   6  A_CBO        3.04017e-03     fixed    
   7  w_CBO        2.32656e+00     fixed    
   8  phi_CBO      5.89739e+00     fixed    
   9  ANx2         6.64823e-04   constant   
  10  pNx2         9.66896e-01   constant   
  11  ANy1         0.00000e+00   constant   
  12  pNy1         0.00000e+00   constant   
  13  w_y          0.00000e+00   constant   
  14  ANy2         8.37111e-03     fixed    
  15  pNy2         5.88808e+00   constant   
  16  w_vw         1.43122e+01   constant   
  17  LM           1.40011e-04   constant   
  18  wCBO_expCoeff   1.99835e+02   1.00000e+00  -1.64715e-01   2.45082e+02
  19  wCBO_expOffset   2.00000e+02   1.00000e+00  -0.00000e+00   1.63253e+03
  20  wCBO_expT    3.00000e+01   1.00000e+00  -0.00000e+00   6.41481e+03
  21  wCBO_linCoeff   0.00000e+00   constant   
  22  wCBO_const   0.00000e+00   1.00000e-02  -0.00000e+00   1.36179e+04
 MIGRAD MINIMIZATION HAS CONVERGED.
 FCN=567.908 FROM MIGRAD    STATUS=CONVERGED     205 CALLS         206 TOTAL
                     EDM=4.37422e-06    STRATEGY= 1  ERROR MATRIX UNCERTAINTY   0.7 per cent
  EXT PARAMETER                                   STEP         FIRST   
  NO.   NAME      VALUE            ERROR          SIZE      DERIVATIVE 
   1  N0           2.84330e+06   1.07616e+03   7.42836e+00  -6.18409e-07
   2  tau          6.44047e+01   constant   
   3  A0           3.53208e-01   5.07499e-04  -3.38856e-06   2.18432e+00
   4  phi          4.11420e+00   1.48550e-03   1.03217e-05  -4.24876e-01
   5  R           -6.13016e+01   constant   
   6  A_CBO        3.04017e-03     fixed    
   7  w_CBO        2.32656e+00     fixed    
   8  phi_CBO      5.89739e+00     fixed    
   9  ANx2         6.64823e-04   constant   
  10  pNx2         9.66896e-01   constant   
  11  ANy1         0.00000e+00   constant   
  12  pNy1         0.00000e+00   constant   
  13  w_y          0.00000e+00   constant   
  14  ANy2         8.37111e-03     fixed    
  15  pNy2         5.88808e+00   constant   
  16  w_vw         1.43122e+01   constant   
  17  LM           1.40011e-04   constant   
  18  wCBO_expCoeff   1.99729e+02   2.05753e-01   1.88791e-03   1.06645e-01
  19  wCBO_expOffset   1.99984e+02   3.08455e-02   2.83098e-04   7.02862e-01
  20  wCBO_expT    3.00088e+01   1.79684e-02  -1.68121e-04   2.84219e+00
  21  wCBO_linCoeff   0.00000e+00   constant   
  22  wCBO_const  -1.11788e-03   1.22169e-03   3.55706e-06   3.87688e+00
 EXTERNAL ERROR MATRIX.    NDIM=  25    NPAR=  7    ERR DEF=1
  1.158e+06 -6.692e-03 -5.092e-03 -1.618e+01 -2.425e+00  1.531e+00 -1.249e-01 
 -6.692e-03  2.576e-07 -7.133e-10  1.021e-05  1.530e-06 -9.416e-07  7.811e-08 
 -5.092e-03 -7.133e-10  2.207e-06  9.953e-06  1.493e-06 -7.606e-07  3.608e-08 
 -1.618e+01  1.021e-05  9.953e-06  4.233e-02  6.297e-03 -3.676e-03  2.078e-04 
 -2.425e+00  1.530e-06  1.493e-06  6.297e-03  9.514e-04 -5.510e-04  3.115e-05 
  1.531e+00 -9.416e-07 -7.606e-07 -3.676e-03 -5.510e-04  3.229e-04 -1.908e-05 
 -1.249e-01  7.811e-08  3.608e-08  2.078e-04  3.115e-05 -1.908e-05  1.493e-06 
 PARAMETER  CORRELATION COEFFICIENTS  
       NO.  GLOBAL      1      3      4     18     19     20     22
        1  0.10244   1.000 -0.012 -0.003 -0.073 -0.073  0.079 -0.095
        3  0.12748  -0.012  1.000 -0.001  0.098  0.098 -0.103  0.126
        4  0.08404  -0.003 -0.001  1.000  0.033  0.033 -0.028  0.020
       18  0.99737  -0.073  0.098  0.033  1.000  0.992 -0.994  0.827
       19  0.99736  -0.073  0.098  0.033  0.992  1.000 -0.994  0.826
       20  0.99922   0.079 -0.103 -0.028 -0.994 -0.994  1.000 -0.869
       22  0.96797  -0.095  0.126  0.020  0.827  0.826 -0.869  1.000
MINUIT - FIT ONLY 1-CBO + other amplitudes 
 **********
 **   16 **RES 
 **********
                   PARAMETER   14  ANy2 RESTORED TO VARIABLE.
                   PARAMETER    8  phi_CBO RESTORED TO VARIABLE.
                   PARAMETER    7  w_CBO RESTORED TO VARIABLE.
                   PARAMETER    6  A_CBO RESTORED TO VARIABLE.
 **********
 **   17 **FIX            0
 **********
 PARAMETER    0  IS UNDEFINED. IGNORED.
 **********
 **   18 **FIX            1
 **********
 **********
 **   19 **FIX            2
 **********
 PARAMETER    2  IS CONSTANT.   IGNORED.
 **********
 **   20 **FIX            3
 **********
 **********
 **   21 **FIX            4
 **********
 **********
 **   22 **FIX            9
 **********
 PARAMETER    9  IS CONSTANT.   IGNORED.
 **********
 **   23 **FIX           11
 **********
 PARAMETER   11  IS CONSTANT.   IGNORED.
 **********
 **   24 **FIX           12
 **********
 PARAMETER   12  IS CONSTANT.   IGNORED.
 **********
 **   25 **FIX           14
 **********
 **********
 **   26 **FIX           15
 **********
 PARAMETER   15  IS CONSTANT.   IGNORED.
 **********
 **   27 **FIX           16
 **********
 PARAMETER   16  IS CONSTANT.   IGNORED.
 **********
 **   28 **MIGRAD
 **********
 START MIGRAD MINIMIZATION.  STRATEGY  1.  CONVERGENCE WHEN EDM .LT. 1.00e-04
 FCN=567.908 FROM MIGRAD    STATUS=INITIATE       20 CALLS         226 TOTAL
                     EDM= unknown      STRATEGY= 1      NO ERROR MATRIX       
  EXT PARAMETER               CURRENT GUESS       STEP         FIRST   
  NO.   NAME      VALUE            ERROR          SIZE      DERIVATIVE 
   1  N0           2.84330e+06     fixed    
   2  tau          6.44047e+01   constant   
   3  A0           3.53208e-01     fixed    
   4  phi          4.11420e+00     fixed    
   5  R           -6.13016e+01   constant   
   6  A_CBO        3.04017e-03   1.00000e-05   1.00000e-05   1.21540e+04
   7  w_CBO        2.32656e+00   1.00000e-03   1.00000e-03   1.08244e+01
   8  phi_CBO      5.89739e+00   1.00000e-04   1.00000e-04   2.49655e+00
   9  ANx2         6.64823e-04   constant   
  10  pNx2         9.66896e-01   constant   
  11  ANy1         0.00000e+00   constant   
  12  pNy1         0.00000e+00   constant   
  13  w_y          0.00000e+00   constant   
  14  ANy2         8.37111e-03     fixed    
  15  pNy2         5.88808e+00   constant   
  16  w_vw         1.43122e+01   constant   
  17  LM           1.40011e-04   constant   
  18  wCBO_expCoeff   1.99729e+02   2.05753e-01   1.88791e-03   1.06645e-01
  19  wCBO_expOffset   1.99984e+02   3.08455e-02   2.83098e-04   7.02862e-01
  20  wCBO_expT    3.00088e+01   1.79684e-02  -1.68121e-04   2.84219e+00
  21  wCBO_linCoeff   0.00000e+00   constant   
  22  wCBO_const  -1.11788e-03   1.22169e-03   3.55706e-06   3.87688e+00
 MIGRAD MINIMIZATION HAS CONVERGED.
 FCN=551.38 FROM MIGRAD    STATUS=CONVERGED     377 CALLS         583 TOTAL
                     EDM=3.09006e-06    STRATEGY= 1  ERROR MATRIX UNCERTAINTY   6.5 per cent
  EXT PARAMETER                                   STEP         FIRST   
  NO.   NAME      VALUE            ERROR          SIZE      DERIVATIVE 
   1  N0           2.84330e+06     fixed    
   2  tau          6.44047e+01   constant   
   3  A0           3.53208e-01     fixed    
   4  phi          4.11420e+00     fixed    
   5  R           -6.13016e+01   constant   
   6  A_CBO        1.72169e-03   5.48094e-04  -1.98355e-06   2.75710e-01
   7  w_CBO        2.33033e+00   1.00085e-03  -4.97140e-06  -4.41674e+00
   8  phi_CBO      3.20521e+00   7.40926e-01  -1.93612e-03   4.96971e-03
   9  ANx2         6.64823e-04   constant   
  10  pNx2         9.66896e-01   constant   
  11  ANy1         0.00000e+00   constant   
  12  pNy1         0.00000e+00   constant   
  13  w_y          0.00000e+00   constant   
  14  ANy2         8.37111e-03     fixed    
  15  pNy2         5.88808e+00   constant   
  16  w_vw         1.43122e+01   constant   
  17  LM           1.40011e-04   constant   
  18  wCBO_expCoeff   2.00226e+02   1.35154e-01  -6.75393e-04  -1.92540e-02
  19  wCBO_expOffset   2.00059e+02   2.04335e-02  -1.02114e-04  -1.20120e-01
  20  wCBO_expT    2.99448e+01   1.42280e-02   6.75013e-05  -6.30212e-01
  21  wCBO_linCoeff   0.00000e+00   constant   
  22  wCBO_const   1.20447e-04   4.74530e-04  -5.61087e-07  -6.42818e+00
 EXTERNAL ERROR MATRIX.    NDIM=  25    NPAR=  7    ERR DEF=1
  3.004e-07  1.511e-08  3.972e-05  2.415e-06  3.706e-07 -7.743e-08 -1.824e-08 
  1.511e-08  1.002e-06  1.971e-04  1.320e-04  1.996e-05 -1.394e-05  1.249e-07 
  3.972e-05  1.971e-04  5.490e-01  2.673e-02  4.018e-03 -1.479e-03  2.571e-05 
  2.415e-06  1.320e-04  2.673e-02  1.827e-02  2.712e-03 -1.884e-03  1.477e-05 
  3.706e-07  1.996e-05  4.018e-03  2.712e-03  4.175e-04 -2.849e-04  2.228e-06 
 -7.743e-08 -1.394e-05 -1.479e-03 -1.884e-03 -2.849e-04  2.024e-04 -2.101e-06 
 -1.824e-08  1.249e-07  2.571e-05  1.477e-05  2.228e-06 -2.101e-06  2.252e-07 
 PARAMETER  CORRELATION COEFFICIENTS  
       NO.  GLOBAL      6      7      8     18     19     20     22
        6  0.13669   1.000  0.028  0.098  0.033  0.033 -0.010 -0.070
        7  0.98975   0.028  1.000  0.266  0.976  0.976 -0.979  0.263
        8  0.90795   0.098  0.266  1.000  0.267  0.265 -0.140  0.073
       18  0.99243   0.033  0.976  0.267  1.000  0.982 -0.980  0.230
       19  0.99254   0.033  0.976  0.265  0.982  1.000 -0.980  0.230
       20  0.99805  -0.010 -0.979 -0.140 -0.980 -0.980  1.000 -0.311
       22  0.79147  -0.070  0.263  0.073  0.230  0.230 -0.311  1.000
MINUIT - FIT ONLY 1-CBO
 **********
 **   29 **RES 
 **********
                   PARAMETER   14  ANy2 RESTORED TO VARIABLE.
                   PARAMETER    4  phi RESTORED TO VARIABLE.
                   PARAMETER    3  A0 RESTORED TO VARIABLE.
                   PARAMETER    1  N0 RESTORED TO VARIABLE.
 **********
 **   30 **FIX            0
 **********
 PARAMETER    0  IS UNDEFINED. IGNORED.
 **********
 **   31 **FIX            1
 **********
 **********
 **   32 **FIX            2
 **********
 PARAMETER    2  IS CONSTANT.   IGNORED.
 **********
 **   33 **FIX            3
 **********
 **********
 **   34 **FIX            4
 **********
 **********
 **   35 **FIX            8
 **********
 **********
 **   36 **FIX            9
 **********
 PARAMETER    9  IS CONSTANT.   IGNORED.
 **********
 **   37 **FIX           11
 **********
 PARAMETER   11  IS CONSTANT.   IGNORED.
 **********
 **   38 **FIX           12
 **********
 PARAMETER   12  IS CONSTANT.   IGNORED.
 **********
 **   39 **FIX           13
 **********
 PARAMETER   13  IS CONSTANT.   IGNORED.
 **********
 **   40 **FIX           15
 **********
 PARAMETER   15  IS CONSTANT.   IGNORED.
 **********
 **   41 **FIX           16
 **********
 PARAMETER   16  IS CONSTANT.   IGNORED.
 **********
 **   42 **MIGRAD
 **********
 START MIGRAD MINIMIZATION.  STRATEGY  1.  CONVERGENCE WHEN EDM .LT. 1.00e-04
 FCN=551.38 FROM MIGRAD    STATUS=INITIATE       16 CALLS         599 TOTAL
                     EDM= unknown      STRATEGY= 1      NO ERROR MATRIX       
  EXT PARAMETER               CURRENT GUESS       STEP         FIRST   
  NO.   NAME      VALUE            ERROR          SIZE      DERIVATIVE 
   1  N0           2.84330e+06     fixed    
   2  tau          6.44047e+01   constant   
   3  A0           3.53208e-01     fixed    
   4  phi          4.11420e+00     fixed    
   5  R           -6.13016e+01   constant   
   6  A_CBO        1.72169e-03   5.48094e-04  -1.98355e-06   2.75710e-01
   7  w_CBO        2.33033e+00   1.00085e-03  -4.97140e-06  -4.41669e+00
   8  phi_CBO      3.20521e+00     fixed    
   9  ANx2         6.64823e-04   constant   
  10  pNx2         9.66896e-01   constant   
  11  ANy1         0.00000e+00   constant   
  12  pNy1         0.00000e+00   constant   
  13  w_y          0.00000e+00   constant   
  14  ANy2         8.37111e-03   1.00000e-04   1.00000e-04   5.79129e+04
  15  pNy2         5.88808e+00   constant   
  16  w_vw         1.43122e+01   constant   
  17  LM           1.40011e-04   constant   
  18  wCBO_expCoeff   2.00226e+02   1.35154e-01  -6.75393e-04  -1.92534e-02
  19  wCBO_expOffset   2.00059e+02   2.04335e-02  -1.02114e-04  -1.20120e-01
  20  wCBO_expT    2.99448e+01   1.42280e-02   6.75013e-05  -6.30212e-01
  21  wCBO_linCoeff   0.00000e+00   constant   
  22  wCBO_const   1.20447e-04   4.74530e-04  -5.61087e-07  -6.42817e+00
 MIGRAD MINIMIZATION HAS CONVERGED.
 MIGRAD WILL VERIFY CONVERGENCE AND ERROR MATRIX.
 FCN=309.516 FROM MIGRAD    STATUS=CONVERGED     221 CALLS         804 TOTAL
                     EDM=2.89667e-07    STRATEGY= 1      ERR MATRIX NOT POS-DEF
  EXT PARAMETER                APPROXIMATE        STEP         FIRST   
  NO.   NAME      VALUE            ERROR          SIZE      DERIVATIVE 
   1  N0           2.84330e+06     fixed    
   2  tau          6.44047e+01   constant   
   3  A0           3.53208e-01     fixed    
   4  phi          4.11420e+00     fixed    
   5  R           -6.13016e+01   constant   
   6  A_CBO        6.45550e-04   5.53840e-04   4.60766e-06   1.08133e+00
   7  w_CBO        2.32970e+00   2.81386e-03   2.57128e-06   3.55148e-01
   8  phi_CBO      3.20521e+00     fixed    
   9  ANx2         6.64823e-04   constant   
  10  pNx2         9.66896e-01   constant   
  11  ANy1         0.00000e+00   constant   
  12  pNy1         0.00000e+00   constant   
  13  w_y          0.00000e+00   constant   
  14  ANy2        -3.06108e-06   5.35458e-04   4.58200e-06   6.28968e-01
  15  pNy2         5.88808e+00   constant   
  16  w_vw         1.43122e+01   constant   
  17  LM           1.40011e-04   constant   
  18  wCBO_expCoeff   2.00132e+02   3.33712e-01   2.89963e-04   5.70984e-03
  19  wCBO_expOffset   2.00045e+02   6.20572e-02   9.53891e-05   3.82780e-02
  20  wCBO_expT    2.99557e+01   1.14804e-02   1.42840e-05   1.39230e-01
  21  wCBO_linCoeff   0.00000e+00   constant   
  22  wCBO_const   5.95350e-05   1.29889e-03   3.43258e-06  -3.15049e-01
 EXTERNAL ERROR MATRIX.    NDIM=  25    NPAR=  7    ERR DEF=1
  3.067e-07  1.936e-08  4.009e-08  1.803e-06 -3.254e-07 -2.969e-07  2.600e-08 
  1.936e-08  7.918e-06  7.499e-09 -1.327e-04 -6.482e-05 -4.760e-06 -3.203e-06 
  4.009e-08  7.499e-09  2.867e-07  9.739e-07  5.952e-07 -2.958e-07  4.070e-09 
  1.803e-06 -1.327e-04  9.739e-07  1.114e-01 -1.244e-02 -6.684e-04  7.276e-05 
 -3.254e-07 -6.482e-05  5.952e-07 -1.244e-02  3.851e-03 -3.132e-04  3.545e-05 
 -2.969e-07 -4.760e-06 -2.958e-07 -6.684e-04 -3.132e-04  1.318e-04 -2.055e-06 
  2.600e-08 -3.203e-06  4.070e-09  7.276e-05  3.545e-05 -2.055e-06  1.687e-06 
ERR MATRIX NOT POS-DEF
 PARAMETER  CORRELATION COEFFICIENTS  
       NO.  GLOBAL      6      7     14     18     19     20     22
        6  0.27804   1.000  0.012  0.135  0.010 -0.009 -0.047  0.036
        7  0.99442   0.012  1.000  0.005 -0.141 -0.371 -0.147 -0.876
       14  0.15409   0.135  0.005  1.000  0.005  0.018 -0.048  0.006
       18  0.99496   0.010 -0.141  0.005  1.000 -0.601 -0.174  0.168
       19  0.99674  -0.009 -0.371  0.018 -0.601  1.000 -0.440  0.440
       20  0.99369  -0.047 -0.147 -0.048 -0.174 -0.440  1.000 -0.138
       22  0.95235   0.036 -0.876  0.006  0.168  0.440 -0.138  1.000
 ERR MATRIX NOT POS-DEF
MINUIT - FIT ONLY 2-CBO
 **********
 **   43 **RES 
 **********
                   PARAMETER    8  phi_CBO RESTORED TO VARIABLE.
                   PARAMETER    4  phi RESTORED TO VARIABLE.
                   PARAMETER    3  A0 RESTORED TO VARIABLE.
                   PARAMETER    1  N0 RESTORED TO VARIABLE.
 **********
 **   44 **FIX            0
 **********
 PARAMETER    0  IS UNDEFINED. IGNORED.
 **********
 **   45 **FIX            1
 **********
 **********
 **   46 **FIX            2
 **********
 PARAMETER    2  IS CONSTANT.   IGNORED.
 **********
 **   47 **FIX            3
 **********
 **********
 **   48 **FIX            4
 **********
 **********
 **   49 **FIX            5
 **********
 PARAMETER    5  IS CONSTANT.   IGNORED.
 **********
 **   50 **FIX            6
 **********
 **********
 **   51 **FIX            7
 **********
 **********
 **   52 **FIX           10
 **********
 PARAMETER   10  IS CONSTANT.   IGNORED.
 **********
 **   53 **FIX           11
 **********
 PARAMETER   11  IS CONSTANT.   IGNORED.
 **********
 **   54 **FIX           12
 **********
 PARAMETER   12  IS CONSTANT.   IGNORED.
 **********
 **   55 **FIX           13
 **********
 PARAMETER   13  IS CONSTANT.   IGNORED.
 **********
 **   56 **FIX           14
 **********
 **********
 **   57 **FIX           15
 **********
 PARAMETER   15  IS CONSTANT.   IGNORED.
 **********
 **   58 **FIX           16
 **********
 PARAMETER   16  IS CONSTANT.   IGNORED.
 **********
 **   59 **MIGRAD
 **********
 START MIGRAD MINIMIZATION.  STRATEGY  1.  CONVERGENCE WHEN EDM .LT. 1.00e-04
 FCN=309.516 FROM MIGRAD    STATUS=INITIATE       12 CALLS         816 TOTAL
                     EDM= unknown      STRATEGY= 1      NO ERROR MATRIX       
  EXT PARAMETER               CURRENT GUESS       STEP         FIRST   
  NO.   NAME      VALUE            ERROR          SIZE      DERIVATIVE 
   1  N0           2.84330e+06     fixed    
   2  tau          6.44047e+01   constant   
   3  A0           3.53208e-01     fixed    
   4  phi          4.11420e+00     fixed    
   5  R           -6.13016e+01   constant   
   6  A_CBO        6.45550e-04     fixed    
   7  w_CBO        2.32970e+00     fixed    
   8  phi_CBO      3.20521e+00   7.40926e-01   7.40926e-01  -1.18427e+00
   9  ANx2         6.64823e-04   constant   
  10  pNx2         9.66896e-01   constant   
  11  ANy1         0.00000e+00   constant   
  12  pNy1         0.00000e+00   constant   
  13  w_y          0.00000e+00   constant   
  14  ANy2        -3.06108e-06     fixed    
  15  pNy2         5.88808e+00   constant   
  16  w_vw         1.43122e+01   constant   
  17  LM           1.40011e-04   constant   
  18  wCBO_expCoeff   2.00132e+02   3.33712e-01   2.89963e-04   5.77599e-03
  19  wCBO_expOffset   2.00045e+02   6.20572e-02   9.53891e-05   5.16120e-02
  20  wCBO_expT    2.99557e+01   1.14804e-02   1.42840e-05   1.55441e-01
  21  wCBO_linCoeff   0.00000e+00   constant   
  22  wCBO_const   5.95350e-05   1.29889e-03   3.43258e-06  -3.07608e-01
 MIGRAD MINIMIZATION HAS CONVERGED.
 MIGRAD WILL VERIFY CONVERGENCE AND ERROR MATRIX.
 FCN=309.184 FROM MIGRAD    STATUS=CONVERGED      89 CALLS         893 TOTAL
                     EDM=2.46772e-05    STRATEGY= 1      ERR MATRIX NOT POS-DEF
  EXT PARAMETER                APPROXIMATE        STEP         FIRST   
  NO.   NAME      VALUE            ERROR          SIZE      DERIVATIVE 
   1  N0           2.84330e+06     fixed    
   2  tau          6.44047e+01   constant   
   3  A0           3.53208e-01     fixed    
   4  phi          4.11420e+00     fixed    
   5  R           -6.13016e+01   constant   
   6  A_CBO        6.45550e-04     fixed    
   7  w_CBO        2.32970e+00     fixed    
   8  phi_CBO      3.75927e+00   9.54704e-01   6.85266e-03  -4.03047e-04
   9  ANx2         6.64823e-04   constant   
  10  pNx2         9.66896e-01   constant   
  11  ANy1         0.00000e+00   constant   
  12  pNy1         0.00000e+00   constant   
  13  w_y          0.00000e+00   constant   
  14  ANy2        -3.06108e-06     fixed    
  15  pNy2         5.88808e+00   constant   
  16  w_vw         1.43122e+01   constant   
  17  LM           1.40011e-04   constant   
  18  wCBO_expCoeff   2.00136e+02   3.67347e-01   2.70082e-04   1.57627e-02
  19  wCBO_expOffset   2.00046e+02   5.93153e-02   9.53894e-05   1.06644e-01
  20  wCBO_expT    2.99559e+01   1.23286e-02   1.42841e-05  -1.65813e-01
  21  wCBO_linCoeff   0.00000e+00   constant   
  22  wCBO_const   6.81013e-05   6.61016e-04   3.40126e-06   6.52877e-01
 EXTERNAL ERROR MATRIX.    NDIM=  25    NPAR=  5    ERR DEF=1
  9.115e-01  4.216e-03  4.269e-04  5.106e-04 -5.874e-06 
  4.216e-03  1.349e-01 -1.518e-02 -1.361e-03  3.832e-05 
  4.269e-04 -1.518e-02  3.518e-03 -3.406e-04  9.604e-06 
  5.106e-04 -1.361e-03 -3.406e-04  1.520e-04 -4.892e-06 
 -5.874e-06  3.832e-05  9.604e-06 -4.892e-06  4.369e-07 
ERR MATRIX NOT POS-DEF
 PARAMETER  CORRELATION COEFFICIENTS  
       NO.  GLOBAL      8     18     19     20     22
        8  0.55475   1.000  0.012  0.008  0.043 -0.009
       18  0.99637   0.012  1.000 -0.697 -0.301  0.158
       19  0.99688   0.008 -0.697  1.000 -0.466  0.245
       20  0.99518   0.043 -0.301 -0.466  1.000 -0.600
       22  0.80275  -0.009  0.158  0.245 -0.600  1.000
 ERR MATRIX NOT POS-DEF
MINUIT - FIT ONLY 1-y
 **********
 **   60 **RES 
 **********
                   PARAMETER   14  ANy2 RESTORED TO VARIABLE.
                   PARAMETER    7  w_CBO RESTORED TO VARIABLE.
                   PARAMETER    6  A_CBO RESTORED TO VARIABLE.
                   PARAMETER    4  phi RESTORED TO VARIABLE.
                   PARAMETER    3  A0 RESTORED TO VARIABLE.
                   PARAMETER    1  N0 RESTORED TO VARIABLE.
 **********
 **   61 **FIX            0
 **********
 PARAMETER    0  IS UNDEFINED. IGNORED.
 **********
 **   62 **FIX            1
 **********
 **********
 **   63 **FIX            2
 **********
 PARAMETER    2  IS CONSTANT.   IGNORED.
 **********
 **   64 **FIX            3
 **********
 **********
 **   65 **FIX            4
 **********
 **********
 **   66 **FIX            5
 **********
 PARAMETER    5  IS CONSTANT.   IGNORED.
 **********
 **   67 **FIX            6
 **********
 **********
 **   68 **FIX            7
 **********
 **********
 **   69 **FIX            8
 **********
 **********
 **   70 **FIX            9
 **********
 PARAMETER    9  IS CONSTANT.   IGNORED.
 **********
 **   71 **FIX           13
 **********
 PARAMETER   13  IS CONSTANT.   IGNORED.
 **********
 **   72 **FIX           14
 **********
 **********
 **   73 **FIX           15
 **********
 PARAMETER   15  IS CONSTANT.   IGNORED.
 **********
 **   74 **FIX           16
 **********
 PARAMETER   16  IS CONSTANT.   IGNORED.
 **********
 **   75 **MIGRAD
 **********
 START MIGRAD MINIMIZATION.  STRATEGY  1.  CONVERGENCE WHEN EDM .LT. 1.00e-04
 FCN=309.184 FROM MIGRAD    STATUS=INITIATE        8 CALLS         901 TOTAL
                     EDM= unknown      STRATEGY= 1      NO ERROR MATRIX       
  EXT PARAMETER               CURRENT GUESS       STEP         FIRST   
  NO.   NAME      VALUE            ERROR          SIZE      DERIVATIVE 
   1  N0           2.84330e+06     fixed    
   2  tau          6.44047e+01   constant   
   3  A0           3.53208e-01     fixed    
   4  phi          4.11420e+00     fixed    
   5  R           -6.13016e+01   constant   
   6  A_CBO        6.45550e-04     fixed    
   7  w_CBO        2.32970e+00     fixed    
   8  phi_CBO      3.75927e+00     fixed    
   9  ANx2         6.64823e-04   constant   
  10  pNx2         9.66896e-01   constant   
  11  ANy1         0.00000e+00   constant   
  12  pNy1         0.00000e+00   constant   
  13  w_y          0.00000e+00   constant   
  14  ANy2        -3.06108e-06     fixed    
  15  pNy2         5.88808e+00   constant   
  16  w_vw         1.43122e+01   constant   
  17  LM           1.40011e-04   constant   
  18  wCBO_expCoeff   2.00136e+02   3.67347e-01   2.70082e-04   1.59038e-02
  19  wCBO_expOffset   2.00046e+02   5.93153e-02   9.53894e-05   1.10762e-01
  20  wCBO_expT    2.99559e+01   1.23286e-02   1.42841e-05  -1.60445e-01
  21  wCBO_linCoeff   0.00000e+00   constant   
  22  wCBO_const   6.81013e-05   6.61016e-04   3.40126e-06   6.55214e-01
 MIGRAD MINIMIZATION HAS CONVERGED.
 MIGRAD WILL VERIFY CONVERGENCE AND ERROR MATRIX.
 FCN=309.184 FROM MIGRAD    STATUS=CONVERGED      43 CALLS         936 TOTAL
                     EDM=2.57339e-05    STRATEGY= 1      ERR MATRIX NOT POS-DEF
  EXT PARAMETER                APPROXIMATE        STEP         FIRST   
  NO.   NAME      VALUE            ERROR          SIZE      DERIVATIVE 
   1  N0           2.84330e+06     fixed    
   2  tau          6.44047e+01   constant   
   3  A0           3.53208e-01     fixed    
   4  phi          4.11420e+00     fixed    
   5  R           -6.13016e+01   constant   
   6  A_CBO        6.45550e-04     fixed    
   7  w_CBO        2.32970e+00     fixed    
   8  phi_CBO      3.75927e+00     fixed    
   9  ANx2         6.64823e-04   constant   
  10  pNx2         9.66896e-01   constant   
  11  ANy1         0.00000e+00   constant   
  12  pNy1         0.00000e+00   constant   
  13  w_y          0.00000e+00   constant   
  14  ANy2        -3.06108e-06     fixed    
  15  pNy2         5.88808e+00   constant   
  16  w_vw         1.43122e+01   constant   
  17  LM           1.40011e-04   constant   
  18  wCBO_expCoeff   2.00136e+02   3.83476e-01   2.69924e-04  -3.02775e-03
  19  wCBO_expOffset   2.00046e+02   6.22343e-02   9.53893e-05  -2.02127e-02
  20  wCBO_expT    2.99559e+01   1.26750e-02   1.42841e-05  -6.55830e-01
  21  wCBO_linCoeff   0.00000e+00   constant   
  22  wCBO_const   6.80710e-05   6.67755e-04   3.40092e-06  -5.42584e-01
 EXTERNAL ERROR MATRIX.    NDIM=  25    NPAR=  4    ERR DEF=1
  1.471e-01 -1.688e-02 -1.395e-03  3.946e-05 
 -1.688e-02  3.873e-03 -3.685e-04  1.045e-05 
 -1.395e-03 -3.685e-04  1.607e-04 -5.169e-06 
  3.946e-05  1.045e-05 -5.169e-06  4.459e-07 
ERR MATRIX NOT POS-DEF
 PARAMETER  CORRELATION COEFFICIENTS  
       NO.  GLOBAL     18     19     20     22
       18  0.99667   1.000 -0.707 -0.287  0.154
       19  0.99716  -0.707  1.000 -0.467  0.251
       20  0.99544  -0.287 -0.467  1.000 -0.611
       22  0.80711   0.154  0.251 -0.611  1.000
 ERR MATRIX NOT POS-DEF
MINUIT - FIT ONLY 2-y
 **********
 **   76 **RES 
 **********
                   PARAMETER   14  ANy2 RESTORED TO VARIABLE.
                   PARAMETER    8  phi_CBO RESTORED TO VARIABLE.
                   PARAMETER    7  w_CBO RESTORED TO VARIABLE.
                   PARAMETER    6  A_CBO RESTORED TO VARIABLE.
                   PARAMETER    4  phi RESTORED TO VARIABLE.
                   PARAMETER    3  A0 RESTORED TO VARIABLE.
                   PARAMETER    1  N0 RESTORED TO VARIABLE.
 **********
 **   77 **FIX            0
 **********
 PARAMETER    0  IS UNDEFINED. IGNORED.
 **********
 **   78 **FIX            1
 **********
 **********
 **   79 **FIX            2
 **********
 PARAMETER    2  IS CONSTANT.   IGNORED.
 **********
 **   80 **FIX            3
 **********
 **********
 **   81 **FIX            4
 **********
 **********
 **   82 **FIX            5
 **********
 PARAMETER    5  IS CONSTANT.   IGNORED.
 **********
 **   83 **FIX            6
 **********
 **********
 **   84 **FIX            7
 **********
 **********
 **   85 **FIX            8
 **********
 **********
 **   86 **FIX            9
 **********
 PARAMETER    9  IS CONSTANT.   IGNORED.
 **********
 **   87 **FIX           10
 **********
 PARAMETER   10  IS CONSTANT.   IGNORED.
 **********
 **   88 **FIX           11
 **********
 PARAMETER   11  IS CONSTANT.   IGNORED.
 **********
 **   89 **FIX           12
 **********
 PARAMETER   12  IS CONSTANT.   IGNORED.
 **********
 **   90 **FIX           16
 **********
 PARAMETER   16  IS CONSTANT.   IGNORED.
 **********
 **   91 **MIGRAD
 **********
 START MIGRAD MINIMIZATION.  STRATEGY  1.  CONVERGENCE WHEN EDM .LT. 1.00e-04
 FCN=309.184 FROM MIGRAD    STATUS=INITIATE       10 CALLS         946 TOTAL
                     EDM= unknown      STRATEGY= 1      NO ERROR MATRIX       
  EXT PARAMETER               CURRENT GUESS       STEP         FIRST   
  NO.   NAME      VALUE            ERROR          SIZE      DERIVATIVE 
   1  N0           2.84330e+06     fixed    
   2  tau          6.44047e+01   constant   
   3  A0           3.53208e-01     fixed    
   4  phi          4.11420e+00     fixed    
   5  R           -6.13016e+01   constant   
   6  A_CBO        6.45550e-04     fixed    
   7  w_CBO        2.32970e+00     fixed    
   8  phi_CBO      3.75927e+00     fixed    
   9  ANx2         6.64823e-04   constant   
  10  pNx2         9.66896e-01   constant   
  11  ANy1         0.00000e+00   constant   
  12  pNy1         0.00000e+00   constant   
  13  w_y          0.00000e+00   constant   
  14  ANy2        -3.06108e-06   5.35458e-04   5.35458e-04   3.18278e+01
  15  pNy2         5.88808e+00   constant   
  16  w_vw         1.43122e+01   constant   
  17  LM           1.40011e-04   constant   
  18  wCBO_expCoeff   2.00136e+02   3.83476e-01   2.69924e-04  -2.88630e-03
  19  wCBO_expOffset   2.00046e+02   6.22343e-02   9.53893e-05  -1.47673e-02
  20  wCBO_expT    2.99559e+01   1.26750e-02   1.42841e-05  -6.50453e-01
  21  wCBO_linCoeff   0.00000e+00   constant   
  22  wCBO_const   6.80710e-05   6.67755e-04   3.40092e-06  -5.40241e-01
 MIGRAD MINIMIZATION HAS CONVERGED.
 MIGRAD WILL VERIFY CONVERGENCE AND ERROR MATRIX.
 FCN=309.184 FROM MIGRAD    STATUS=CONVERGED      54 CALLS         990 TOTAL
                     EDM=3.15708e-05    STRATEGY= 1      ERR MATRIX NOT POS-DEF
  EXT PARAMETER                APPROXIMATE        STEP         FIRST   
  NO.   NAME      VALUE            ERROR          SIZE      DERIVATIVE 
   1  N0           2.84330e+06     fixed    
   2  tau          6.44047e+01   constant   
   3  A0           3.53208e-01     fixed    
   4  phi          4.11420e+00     fixed    
   5  R           -6.13016e+01   constant   
   6  A_CBO        6.45550e-04     fixed    
   7  w_CBO        2.32970e+00     fixed    
   8  phi_CBO      3.75927e+00     fixed    
   9  ANx2         6.64823e-04   constant   
  10  pNx2         9.66896e-01   constant   
  11  ANy1         0.00000e+00   constant   
  12  pNy1         0.00000e+00   constant   
  13  w_y          0.00000e+00   constant   
  14  ANy2        -7.57405e-06   5.31524e-04   4.57955e-06   4.56856e-02
  15  pNy2         5.88808e+00   constant   
  16  w_vw         1.43122e+01   constant   
  17  LM           1.40011e-04   constant   
  18  wCBO_expCoeff   2.00136e+02   3.83463e-01   2.69932e-04   2.32407e-02
  19  wCBO_expOffset   2.00046e+02   6.22256e-02   9.53894e-05   1.56604e-01
  20  wCBO_expT    2.99559e+01   1.26866e-02   1.42841e-05  -4.15732e-02
  21  wCBO_linCoeff   0.00000e+00   constant   
  22  wCBO_const   6.81133e-05   6.67845e-04   3.40096e-06   6.40299e-01
 EXTERNAL ERROR MATRIX.    NDIM=  25    NPAR=  5    ERR DEF=1
  2.825e-07  2.114e-06  7.230e-07 -2.878e-07  3.760e-09 
  2.114e-06  1.470e-01 -1.687e-02 -1.399e-03  3.955e-05 
  7.230e-07 -1.687e-02  3.872e-03 -3.689e-04  1.045e-05 
 -2.878e-07 -1.399e-03 -3.689e-04  1.609e-04 -5.173e-06 
  3.760e-09  3.955e-05  1.045e-05 -5.173e-06  4.460e-07 
ERR MATRIX NOT POS-DEF
 PARAMETER  CORRELATION COEFFICIENTS  
       NO.  GLOBAL     14     18     19     20     22
       14  0.04939   1.000  0.010  0.022 -0.043  0.011
       18  0.99667   0.010  1.000 -0.707 -0.288  0.154
       19  0.99716   0.022 -0.707  1.000 -0.467  0.251
       20  0.99545  -0.043 -0.288 -0.467  1.000 -0.611
       22  0.80714   0.011  0.154  0.251 -0.611  1.000
 ERR MATRIX NOT POS-DEF
MINUIT - FIT ALTOGETHER
 **********
 **   92 **RES 
 **********
                   PARAMETER    8  phi_CBO RESTORED TO VARIABLE.
                   PARAMETER    7  w_CBO RESTORED TO VARIABLE.
                   PARAMETER    6  A_CBO RESTORED TO VARIABLE.
                   PARAMETER    4  phi RESTORED TO VARIABLE.
                   PARAMETER    3  A0 RESTORED TO VARIABLE.
                   PARAMETER    1  N0 RESTORED TO VARIABLE.
 **********
 **   93 **MIGRAD
 **********
 START MIGRAD MINIMIZATION.  STRATEGY  1.  CONVERGENCE WHEN EDM .LT. 1.00e-04
 FCN=309.184 FROM MIGRAD    STATUS=INITIATE       22 CALLS        1012 TOTAL
                     EDM= unknown      STRATEGY= 1      NO ERROR MATRIX       
  EXT PARAMETER               CURRENT GUESS       STEP         FIRST   
  NO.   NAME      VALUE            ERROR          SIZE      DERIVATIVE 
   1  N0           2.84330e+06   1.07616e+03   1.07616e+03  -4.91685e-04
   2  tau          6.44047e+01   constant   
   3  A0           3.53208e-01   5.07499e-04   5.07499e-04   6.75551e+02
   4  phi          4.11420e+00   1.48550e-03   1.48550e-03  -3.28801e+01
   5  R           -6.13016e+01   constant   
   6  A_CBO        6.45550e-04   5.53840e-04   5.53840e-04  -3.18994e+02
   7  w_CBO        2.32970e+00   2.81386e-03   2.81386e-03   2.27394e+00
   8  phi_CBO      3.75927e+00   9.54704e-01   9.54704e-01  -1.07160e-03
   9  ANx2         6.64823e-04   constant   
  10  pNx2         9.66896e-01   constant   
  11  ANy1         0.00000e+00   constant   
  12  pNy1         0.00000e+00   constant   
  13  w_y          0.00000e+00   constant   
  14  ANy2        -7.57405e-06   5.31524e-04   4.57955e-06   4.56849e-02
  15  pNy2         5.88808e+00   constant   
  16  w_vw         1.43122e+01   constant   
  17  LM           1.40011e-04   constant   
  18  wCBO_expCoeff   2.00136e+02   3.83463e-01   2.69932e-04   2.33817e-02
  19  wCBO_expOffset   2.00046e+02   6.22256e-02   9.53894e-05   1.60715e-01
  20  wCBO_expT    2.99559e+01   1.26866e-02   1.42841e-05  -3.44957e-02
  21  wCBO_linCoeff   0.00000e+00   constant   
  22  wCBO_const   6.81133e-05   6.67845e-04   3.40096e-06   6.42638e-01
 MIGRAD MINIMIZATION HAS CONVERGED.
 MIGRAD WILL VERIFY CONVERGENCE AND ERROR MATRIX.
 FCN=309.078 FROM MIGRAD    STATUS=CONVERGED     194 CALLS        1184 TOTAL
                     EDM=6.95025e-06    STRATEGY= 1      ERR MATRIX NOT POS-DEF
  EXT PARAMETER                APPROXIMATE        STEP         FIRST   
  NO.   NAME      VALUE            ERROR          SIZE      DERIVATIVE 
   1  N0           2.84358e+06   1.06820e+03   9.05961e+00   4.25187e-07
   2  tau          6.44047e+01   constant   
