 + ++++++++++++++++++++++++++++++++++++++++++++++++++++++++++++++++++++ +
 +                                                                      +
 +           You have chose to blind your fitting according to          +
 +                omega_ref * (1 + (R +/- deltaR) *10^{-6})             +
 +                                                                      +
 + ++++++++++++++++++++++++++++++++++++++++++++++++++++++++++++++++++++ +
In main()...
reading format from /gm2data/zkhechad/run45/envelope/formats/formatB_sBin_constraintOn.txt
pBinTau 	= 0  
pBinPhi 	= 0  
constraintau 	= 1 
includeMopTerm 	= 0    
constrainMop    = 0   
Parameters after format file: pBinTau 0 pBinPhi 0 constraintau 1 includeMopTerm 0 constrainMop 0 c_e_scale 0.000000 
reading cbo reference file (full fit) from /gm2data/zkhechad/cboTemplates/Run4CBOTemplates/fullFits/run4/sBin_constraintOn_cE0.0_seed0_run4_calo13.root
A_CBO 0.010252 w_CBO 2.327514 phi_CBO 5.545635 N0 3338670.649067 R -60.961072 tau 64.390414 
Reading cboRef file /gm2data/zkhechad/cboTemplates/Run4CBOTemplates//cboIsolate/run4_calo13.root
deltaT 84.031246
windowBins = 560
fitting sliding window 1000 from bin 1203 at 179.487600 to bin 1763 at 263.039600 (560 bins)

Reading data from /gm2data/cornell/histograms/aMethod/histogram_a_run4.root
fitting cbo isolate
 **********
 **    1 **SET PRINTOUT            1
 **********
 **********
 **    2 **SET NOWARNINGS 
 **********
 PARAMETER DEFINITIONS:
    NO.   NAME         VALUE      STEP SIZE      LIMITS
     1 A_CBO        1.02517e-02  1.00000e-05     no limits
     2 w_CBO        2.32751e+00  1.00000e-02    2.00000e+00  3.00000e+00
     3 phi_CBO      5.54564e+00  1.00000e-02    0.00000e+00  6.28319e+00
 **********
 **    3 **MIGRAD
 **********
 FIRST CALL TO USER FUNCTION AT NEW START POINT, WITH IFLAG=4.
 START MIGRAD MINIMIZATION.  STRATEGY  1.  CONVERGENCE WHEN EDM .LT. 1.00e-04
 FCN=0.00972392 FROM MIGRAD    STATUS=INITIATE       12 CALLS          13 TOTAL
                     EDM= unknown      STRATEGY= 1      NO ERROR MATRIX       
  EXT PARAMETER               CURRENT GUESS       STEP         FIRST   
  NO.   NAME      VALUE            ERROR          SIZE      DERIVATIVE 
   1  A_CBO        1.02517e-02   1.00000e-05   1.00000e-05   2.70885e+00
   2  w_CBO        2.32751e+00   1.00000e-02   2.13103e-02   5.77180e-02
   3  phi_CBO      5.54564e+00   1.00000e-02   4.94468e-03  -1.00396e-03
 MIGRAD MINIMIZATION HAS CONVERGED.
 MIGRAD WILL VERIFY CONVERGENCE AND ERROR MATRIX.
 COVARIANCE MATRIX CALCULATED SUCCESSFULLY
 FCN=0.00315226 FROM MIGRAD    STATUS=CONVERGED      46 CALLS          47 TOTAL
                     EDM=1.46408e-06    STRATEGY= 1      ERROR MATRIX ACCURATE 
  EXT PARAMETER                                   STEP         FIRST   
  NO.   NAME      VALUE            ERROR          SIZE      DERIVATIVE 
   1  A_CBO        5.39944e-03   5.99552e-02   2.92670e-05  -1.47122e-03
   2  w_CBO        2.32747e+00   3.57937e-01   5.23394e-05   1.94465e-03
   3  phi_CBO      5.55216e+00   3.80691e+00   2.71485e-03   3.74718e-07
 EXTERNAL ERROR MATRIX.    NDIM=  25    NPAR=  3    ERR DEF=1
  3.595e-03 -1.487e-03 -3.265e-01 
 -1.487e-03  1.657e-01  3.622e+01 
 -3.265e-01  3.622e+01  8.040e+03 
 PARAMETER  CORRELATION COEFFICIENTS  
       NO.  GLOBAL      1      2      3
        1  0.06097   1.000 -0.061 -0.061
        2  0.99236  -0.061  1.000  0.992
        3  0.99236  -0.061  0.992  1.000
setting A_CBO=0.005399 w_CBO=2.327473, phi_CBO=5.552160
done fitting cbo isolate
 **********
 **    1 **SET PRINTOUT            1
 **********
 **********
 **    2 **SET NOWARNINGS 
 **********
 PARAMETER DEFINITIONS:
    NO.   NAME         VALUE      STEP SIZE      LIMITS
     1 N0           3.33867e+06  1.00000e+02     no limits
     2 tau          6.43904e+01  constant
     3 A0           3.52926e-01  1.00000e-04     no limits
     4 phi          4.13059e+00  1.00000e-02     no limits
     5 R           -6.09611e+01  constant
     6 A_CBO        5.39944e-03  1.00000e-05     no limits
     7 w_CBO        2.32747e+00  1.00000e-03     no limits
     8 phi_CBO      5.55216e+00  1.00000e-04     no limits
     9 ANx2         2.14836e-04  constant
    10 pNx2         2.09111e+00  constant
    11 ANy1         0.00000e+00  constant
    12 pNy1         0.00000e+00  constant
    13 w_y          0.00000e+00  constant
    14 ANy2         1.07548e-02  1.00000e-04     no limits
    15 pNy2         1.09622e+00  constant
    16 w_vw         1.43115e+01  constant
    17 LM          -4.64416e-04  constant
    18 wCBO_expCoeff   2.00000e+02  1.00000e+00     no limits
    19 wCBO_expOffset   2.00000e+02  1.00000e+00     no limits
    20 wCBO_expT    3.00000e+01  1.00000e+00     no limits
    21 wCBO_linCoeff   0.00000e+00  constant
    22 wCBO_const   0.00000e+00  1.00000e-02     no limits
MINUIT - FIT ONLY WIGGLE
 **********
 **    3 **FIX            5
 **********
 PARAMETER    5  IS CONSTANT.   IGNORED.
 **********
 **    4 **FIX            6
 **********
 **********
 **    5 **FIX            7
 **********
 **********
 **    6 **FIX            8
 **********
 **********
 **    7 **FIX            9
 **********
 PARAMETER    9  IS CONSTANT.   IGNORED.
 **********
 **    8 **FIX           10
 **********
 PARAMETER   10  IS CONSTANT.   IGNORED.
 **********
 **    9 **FIX           11
 **********
 PARAMETER   11  IS CONSTANT.   IGNORED.
 **********
 **   10 **FIX           12
 **********
 PARAMETER   12  IS CONSTANT.   IGNORED.
 **********
 **   11 **FIX           13
 **********
 PARAMETER   13  IS CONSTANT.   IGNORED.
 **********
 **   12 **FIX           14
 **********
 **********
 **   13 **FIX           15
 **********
 PARAMETER   15  IS CONSTANT.   IGNORED.
 **********
 **   14 **FIX           16
 **********
 PARAMETER   16  IS CONSTANT.   IGNORED.
 **********
 **   15 **MIGRAD
 **********
 FIRST CALL TO USER FUNCTION AT NEW START POINT, WITH IFLAG=4.
 START MIGRAD MINIMIZATION.  STRATEGY  1.  CONVERGENCE WHEN EDM .LT. 1.00e-04
 FCN=3986.85 FROM MIGRAD    STATUS=INITIATE       34 CALLS          35 TOTAL
                     EDM= unknown      STRATEGY= 1      NO ERROR MATRIX       
  EXT PARAMETER               CURRENT GUESS       STEP         FIRST   
  NO.   NAME      VALUE            ERROR          SIZE      DERIVATIVE 
   1  N0           3.33867e+06   1.00000e+02   1.00000e+02   5.55642e-03
   2  tau          6.43904e+01   constant   
   3  A0           3.52926e-01   1.00000e-04   1.00000e-04   2.81780e+04
   4  phi          4.13059e+00   1.00000e-02   1.00000e-02  -2.25736e+03
   5  R           -6.09611e+01   constant   
   6  A_CBO        5.39944e-03     fixed    
   7  w_CBO        2.32747e+00     fixed    
   8  phi_CBO      5.55216e+00     fixed    
   9  ANx2         2.14836e-04   constant   
  10  pNx2         2.09111e+00   constant   
  11  ANy1         0.00000e+00   constant   
  12  pNy1         0.00000e+00   constant   
  13  w_y          0.00000e+00   constant   
  14  ANy2         1.07548e-02     fixed    
  15  pNy2         1.09622e+00   constant   
  16  w_vw         1.43115e+01   constant   
  17  LM          -4.64416e-04   constant   
  18  wCBO_expCoeff   2.00000e+02   1.00000e+00   1.00000e+00   1.51534e+04
  19  wCBO_expOffset   2.00000e+02   1.00000e+00   1.00000e+00   9.78923e+04
  20  wCBO_expT    3.00000e+01   1.00000e+00   1.00000e+00   2.10188e+05
  21  wCBO_linCoeff   0.00000e+00   constant   
  22  wCBO_const   0.00000e+00   1.00000e-02   1.00000e-02   4.66684e+04
 MIGRAD FAILS TO FIND IMPROVEMENT
 FCN=3865.25 FROM HESSE     STATUS=NOT POSDEF     54 CALLS         764 TOTAL
                     EDM=0.00236863    STRATEGY= 1      ERR MATRIX NOT POS-DEF
  EXT PARAMETER                APPROXIMATE        STEP         FIRST   
  NO.   NAME      VALUE            ERROR          SIZE      DERIVATIVE 
   1  N0           3.33855e+06   4.67748e+02   1.49029e+01  -4.19348e-06
   2  tau          6.43904e+01   constant   
   3  A0           3.52854e-01   2.24130e-04   5.93108e-06  -3.73416e+01
   4  phi          4.13064e+00   5.53229e-04   1.76621e-05   4.09226e+01
   5  R           -6.09611e+01   constant   
   6  A_CBO        5.39944e-03     fixed    
   7  w_CBO        2.32747e+00     fixed    
   8  phi_CBO      5.55216e+00     fixed    
   9  ANx2         2.14836e-04   constant   
  10  pNx2         2.09111e+00   constant   
  11  ANy1         0.00000e+00   constant   
  12  pNy1         0.00000e+00   constant   
  13  w_y          0.00000e+00   constant   
  14  ANy2         1.07548e-02     fixed    
  15  pNy2         1.09622e+00   constant   
  16  w_vw         1.43115e+01   constant   
  17  LM          -4.64416e-04   constant   
  18  wCBO_expCoeff   1.99999e+02   9.83215e-04   9.53669e-05  -5.22393e+02
  19  wCBO_expOffset   2.00000e+02   3.45822e-04   9.53674e-05  -3.44060e+03
  20  wCBO_expT    2.99989e+01   3.90218e-04   1.43046e-05   8.32702e+02
  21  wCBO_linCoeff   0.00000e+00   constant   
  22  wCBO_const  -9.05275e-04   8.71011e-04   6.02241e-06  -4.48705e+02
 MIGRAD FAILS TO FIND IMPROVEMENT
 MIGRAD TERMINATED WITHOUT CONVERGENCE.
 FCN=3865.24 FROM MIGRAD    STATUS=FAILED        806 CALLS         807 TOTAL
                     EDM=0.0161744    STRATEGY= 1      ERR MATRIX NOT POS-DEF
  EXT PARAMETER                APPROXIMATE        STEP         FIRST   
  NO.   NAME      VALUE            ERROR          SIZE      DERIVATIVE 
   1  N0           3.33855e+06   4.62929e+02   0.00000e+00   2.37031e-06
   2  tau          6.43904e+01   constant   
   3  A0           3.52854e-01   1.93595e-04   0.00000e+00   7.13895e+00
   4  phi          4.13064e+00   5.56641e-04  -0.00000e+00   1.99652e+00
   5  R           -6.09611e+01   constant   
   6  A_CBO        5.39944e-03     fixed    
   7  w_CBO        2.32747e+00     fixed    
   8  phi_CBO      5.55216e+00     fixed    
   9  ANx2         2.14836e-04   constant   
  10  pNx2         2.09111e+00   constant   
  11  ANy1         0.00000e+00   constant   
  12  pNy1         0.00000e+00   constant   
  13  w_y          0.00000e+00   constant   
  14  ANy2         1.07548e-02     fixed    
  15  pNy2         1.09622e+00   constant   
  16  w_vw         1.43115e+01   constant   
  17  LM          -4.64416e-04   constant   
  18  wCBO_expCoeff   1.99999e+02   6.58019e-04   0.00000e+00  -1.31363e+00
  19  wCBO_expOffset   2.00000e+02   1.85687e-04  -0.00000e+00   8.43851e+03
  20  wCBO_expT    2.99989e+01   1.76241e-04  -0.00000e+00   1.76136e+01
  21  wCBO_linCoeff   0.00000e+00   constant   
  22  wCBO_const  -9.03523e-04   5.63505e-04   0.00000e+00  -5.58726e+00
 EXTERNAL ERROR MATRIX.    NDIM=  25    NPAR=  7    ERR DEF=1
  2.143e+05  5.274e-03  1.277e-03  1.494e-02 -6.783e-03 -7.944e-03  1.397e-02 
  5.274e-03  3.748e-08 -4.373e-09  2.352e-08 -8.484e-09 -9.957e-09  1.489e-08 
  1.277e-03 -4.373e-09  3.098e-07 -3.754e-08  1.166e-08  1.285e-08 -3.713e-08 
  1.494e-02  2.352e-08 -3.754e-08  4.330e-07 -1.045e-07 -7.038e-08  1.788e-07 
 -6.783e-03 -8.484e-09  1.166e-08 -1.045e-07  3.448e-08  2.931e-08 -8.552e-08 
 -7.944e-03 -9.957e-09  1.285e-08 -7.038e-08  2.931e-08  3.106e-08 -7.954e-08 
  1.397e-02  1.489e-08 -3.713e-08  1.788e-07 -8.552e-08 -7.954e-08  3.175e-07 
ERR MATRIX NOT POS-DEF
 PARAMETER  CORRELATION COEFFICIENTS  
       NO.  GLOBAL      1      3      4     18     19     20     22
        1  0.11393   1.000  0.059  0.005  0.049 -0.079 -0.097  0.054
        3  0.33514   0.059  1.000 -0.041  0.185 -0.236 -0.292  0.137
        4  0.20951   0.005 -0.041  1.000 -0.103  0.113  0.131 -0.118
       18  0.97163   0.049  0.185 -0.103  1.000 -0.855 -0.607  0.482
       19  0.99244  -0.079 -0.236  0.113 -0.855  1.000  0.896 -0.817
       20  0.96000  -0.097 -0.292  0.131 -0.607  0.896  1.000 -0.801
       22  0.93757   0.054  0.137 -0.118  0.482 -0.817 -0.801  1.000
 ERR MATRIX NOT POS-DEF
MINUIT - FIT ONLY 1-CBO + other amplitudes 
 **********
 **   16 **RES 
 **********
                   PARAMETER   14  ANy2 RESTORED TO VARIABLE.
                   PARAMETER    8  phi_CBO RESTORED TO VARIABLE.
                   PARAMETER    7  w_CBO RESTORED TO VARIABLE.
                   PARAMETER    6  A_CBO RESTORED TO VARIABLE.
 **********
 **   17 **FIX            0
 **********
 PARAMETER    0  IS UNDEFINED. IGNORED.
 **********
 **   18 **FIX            1
 **********
 **********
 **   19 **FIX            2
 **********
 PARAMETER    2  IS CONSTANT.   IGNORED.
 **********
 **   20 **FIX            3
 **********
 **********
 **   21 **FIX            4
 **********
 **********
 **   22 **FIX            9
 **********
 PARAMETER    9  IS CONSTANT.   IGNORED.
 **********
 **   23 **FIX           11
 **********
 PARAMETER   11  IS CONSTANT.   IGNORED.
 **********
 **   24 **FIX           12
 **********
 PARAMETER   12  IS CONSTANT.   IGNORED.
 **********
 **   25 **FIX           14
 **********
 **********
 **   26 **FIX           15
 **********
 PARAMETER   15  IS CONSTANT.   IGNORED.
 **********
 **   27 **FIX           16
 **********
 PARAMETER   16  IS CONSTANT.   IGNORED.
 **********
 **   28 **MIGRAD
 **********
 START MIGRAD MINIMIZATION.  STRATEGY  1.  CONVERGENCE WHEN EDM .LT. 1.00e-04
 FCN=3865.24 FROM MIGRAD    STATUS=INITIATE       20 CALLS         827 TOTAL
                     EDM= unknown      STRATEGY= 1      NO ERROR MATRIX       
  EXT PARAMETER               CURRENT GUESS       STEP         FIRST   
  NO.   NAME      VALUE            ERROR          SIZE      DERIVATIVE 
   1  N0           3.33855e+06     fixed    
   2  tau          6.43904e+01   constant   
   3  A0           3.52854e-01     fixed    
   4  phi          4.13064e+00     fixed    
   5  R           -6.09611e+01   constant   
   6  A_CBO        5.39944e-03   1.00000e-05   1.00000e-05   2.02210e+05
   7  w_CBO        2.32747e+00   1.00000e-03   1.00000e-03  -9.98296e+01
   8  phi_CBO      5.55216e+00   1.00000e-04   1.00000e-04   4.04510e-01
   9  ANx2         2.14836e-04   constant   
  10  pNx2         2.09111e+00   constant   
  11  ANy1         0.00000e+00   constant   
  12  pNy1         0.00000e+00   constant   
  13  w_y          0.00000e+00   constant   
  14  ANy2         1.07548e-02     fixed    
  15  pNy2         1.09622e+00   constant   
  16  w_vw         1.43115e+01   constant   
  17  LM          -4.64416e-04   constant   
  18  wCBO_expCoeff   1.99999e+02   6.58019e-04   0.00000e+00  -1.31363e+00
  19  wCBO_expOffset   2.00000e+02   1.85687e-04  -0.00000e+00   8.43851e+03
  20  wCBO_expT    2.99989e+01   1.76241e-04  -0.00000e+00   1.76136e+01
  21  wCBO_linCoeff   0.00000e+00   constant   
  22  wCBO_const  -9.03523e-04   5.63505e-04   0.00000e+00  -5.58715e+00
 MIGRAD FAILS TO FIND IMPROVEMENT
 COVARIANCE MATRIX CALCULATED SUCCESSFULLY
 FCN=3426.91 FROM HESSE     STATUS=OK             58 CALLS        1944 TOTAL
                     EDM=0.000290384    STRATEGY= 1      ERROR MATRIX ACCURATE 
  EXT PARAMETER                                   STEP         FIRST   
  NO.   NAME      VALUE            ERROR          SIZE      DERIVATIVE 
   1  N0           3.33855e+06     fixed    
   2  tau          6.43904e+01   constant   
   3  A0           3.52854e-01     fixed    
   4  phi          4.13064e+00     fixed    
   5  R           -6.09611e+01   constant   
   6  A_CBO        1.07457e-03   2.14261e-04   5.87857e-06  -9.07099e-01
   7  w_CBO        2.32747e+00   2.16953e-05   1.10983e-06   3.92718e+03
   8  phi_CBO      5.89544e+00   3.53153e-01   5.63685e-03  -4.54079e-02
   9  ANx2         2.14836e-04   constant   
  10  pNx2         2.09111e+00   constant   
  11  ANy1         0.00000e+00   constant   
  12  pNy1         0.00000e+00   constant   
  13  w_y          0.00000e+00   constant   
  14  ANy2         1.07548e-02     fixed    
  15  pNy2         1.09622e+00   constant   
  16  w_vw         1.43115e+01   constant   
  17  LM          -4.64416e-04   constant   
  18  wCBO_expCoeff   1.99999e+02   1.86645e-03   9.53669e-05   4.54609e+01
  19  wCBO_expOffset   2.00000e+02   1.15651e-04   9.53674e-05   2.92383e+02
  20  wCBO_expT    2.99992e+01   3.58324e-04   1.43047e-05  -1.40216e+02
  21  wCBO_linCoeff   0.00000e+00   constant   
  22  wCBO_const   7.03055e-05   1.49969e-03   8.76242e-06   4.83648e+01
 CALL LIMIT EXCEEDED IN MIGRAD.
 MIGRAD TERMINATED WITHOUT CONVERGENCE.
 FCN=3426.91 FROM MIGRAD    STATUS=CALL LIMIT   1153 CALLS        1960 TOTAL
                     EDM=0.00433135    STRATEGY= 1  ERROR MATRIX UNCERTAINTY  12.6 per cent
  EXT PARAMETER                APPROXIMATE        STEP         FIRST   
  NO.   NAME      VALUE            ERROR          SIZE      DERIVATIVE 
   1  N0           3.33855e+06     fixed    
   2  tau          6.43904e+01   constant   
   3  A0           3.52854e-01     fixed    
   4  phi          4.13064e+00     fixed    
   5  R           -6.09611e+01   constant   
   6  A_CBO        1.07420e-03   2.09043e-04  -3.62567e-07  -2.91928e+01
   7  w_CBO        2.32747e+00   2.03456e-05   1.14193e-07   2.07519e+03
   8  phi_CBO      5.89773e+00   2.88285e-01   2.29051e-03  -6.67709e-03
   9  ANx2         2.14836e-04   constant   
  10  pNx2         2.09111e+00   constant   
  11  ANy1         0.00000e+00   constant   
  12  pNy1         0.00000e+00   constant   
  13  w_y          0.00000e+00   constant   
  14  ANy2         1.07548e-02     fixed    
  15  pNy2         1.09622e+00   constant   
  16  w_vw         1.43115e+01   constant   
  17  LM          -4.64416e-04   constant   
  18  wCBO_expCoeff   1.99999e+02   1.75045e-03   9.84229e-06   2.40828e+01
  19  wCBO_expOffset   2.00000e+02   4.01802e-05   6.92884e-07  -9.56278e+02
  20  wCBO_expT    2.99992e+01   1.86801e-04   4.08495e-06  -8.02428e+01
  21  wCBO_linCoeff   0.00000e+00   constant   
  22  wCBO_const   5.25873e-05   7.87509e-04  -1.77182e-05   2.19695e+01
 EXTERNAL ERROR MATRIX.    NDIM=  25    NPAR=  7    ERR DEF=1
  4.370e-08  5.332e-11 -1.655e-07  5.028e-09 -3.713e-10 -1.365e-09 -1.295e-08 
  5.332e-11  4.139e-10  6.947e-07 -2.635e-08 -1.530e-10  1.258e-09 -5.293e-09 
 -1.655e-07  6.947e-07  8.311e-02  6.032e-05 -2.803e-06  1.611e-05  2.015e-05 
  5.028e-09 -2.635e-08  6.032e-05  3.064e-06 -1.294e-08  1.095e-07 -4.342e-07 
 -3.713e-10 -1.530e-10 -2.803e-06 -1.294e-08 -1.614e-09 -6.218e-09  2.725e-08 
 -1.365e-09  1.258e-09  1.611e-05  1.095e-07 -6.218e-09  3.489e-08 -8.795e-08 
 -1.295e-08 -5.293e-09  2.015e-05 -4.342e-07  2.725e-08 -8.795e-08  6.202e-07 
ERR MATRIX APPROXIMATE
 PARAMETER  CORRELATION COEFFICIENTS  
       NO.  GLOBAL      6      7      8     18     19     20     22
        6  0.00000   1.000  0.013 -0.003  0.014 -0.044 -0.035 -0.079
        7  0.00000   0.013  1.000  0.118 -0.740 -0.187  0.331 -0.330
        8  0.00000  -0.003  0.118  1.000  0.120 -0.242  0.299  0.089
       18  0.00000   0.014 -0.740  0.120  1.000 -0.184  0.335 -0.315
       19  0.00000  -0.044 -0.187 -0.242 -0.184 -1.000 -0.828  0.861
       20  0.00000  -0.035  0.331  0.299  0.335 -0.828  1.000 -0.598
       22  0.00000  -0.079 -0.330  0.089 -0.315  0.861 -0.598  1.000
 ERR MATRIX APPROXIMATE
MINUIT - FIT ONLY 1-CBO
 **********
 **   29 **RES 
 **********
                   PARAMETER   14  ANy2 RESTORED TO VARIABLE.
                   PARAMETER    4  phi RESTORED TO VARIABLE.
                   PARAMETER    3  A0 RESTORED TO VARIABLE.
                   PARAMETER    1  N0 RESTORED TO VARIABLE.
 **********
 **   30 **FIX            0
 **********
 PARAMETER    0  IS UNDEFINED. IGNORED.
 **********
 **   31 **FIX            1
 **********
 **********
 **   32 **FIX            2
 **********
 PARAMETER    2  IS CONSTANT.   IGNORED.
 **********
 **   33 **FIX            3
 **********
 **********
 **   34 **FIX            4
 **********
 **********
 **   35 **FIX            8
 **********
 **********
 **   36 **FIX            9
 **********
 PARAMETER    9  IS CONSTANT.   IGNORED.
 **********
 **   37 **FIX           11
 **********
 PARAMETER   11  IS CONSTANT.   IGNORED.
 **********
 **   38 **FIX           12
 **********
 PARAMETER   12  IS CONSTANT.   IGNORED.
 **********
 **   39 **FIX           13
 **********
 PARAMETER   13  IS CONSTANT.   IGNORED.
 **********
 **   40 **FIX           15
 **********
 PARAMETER   15  IS CONSTANT.   IGNORED.
 **********
 **   41 **FIX           16
 **********
 PARAMETER   16  IS CONSTANT.   IGNORED.
 **********
 **   42 **MIGRAD
 **********
 START MIGRAD MINIMIZATION.  STRATEGY  1.  CONVERGENCE WHEN EDM .LT. 1.00e-04
 FCN=3426.91 FROM MIGRAD    STATUS=INITIATE       16 CALLS        1976 TOTAL
                     EDM= unknown      STRATEGY= 1      NO ERROR MATRIX       
  EXT PARAMETER               CURRENT GUESS       STEP         FIRST   
  NO.   NAME      VALUE            ERROR          SIZE      DERIVATIVE 
   1  N0           3.33855e+06     fixed    
   2  tau          6.43904e+01   constant   
   3  A0           3.52854e-01     fixed    
   4  phi          4.13064e+00     fixed    
   5  R           -6.09611e+01   constant   
   6  A_CBO        1.07420e-03   2.09043e-04  -3.62567e-07  -2.91928e+01
   7  w_CBO        2.32747e+00   2.03456e-05   1.14193e-07   2.07519e+03
   8  phi_CBO      5.89773e+00     fixed    
   9  ANx2         2.14836e-04   constant   
  10  pNx2         2.09111e+00   constant   
  11  ANy1         0.00000e+00   constant   
  12  pNy1         0.00000e+00   constant   
  13  w_y          0.00000e+00   constant   
  14  ANy2         1.07548e-02   1.00000e-04   1.00000e-04   4.82372e+05
  15  pNy2         1.09622e+00   constant   
  16  w_vw         1.43115e+01   constant   
  17  LM          -4.64416e-04   constant   
  18  wCBO_expCoeff   1.99999e+02   1.75045e-03   9.84229e-06   2.40828e+01
  19  wCBO_expOffset   2.00000e+02   4.01802e-05   6.92884e-07  -9.56278e+02
  20  wCBO_expT    2.99992e+01   1.86801e-04   4.08495e-06  -8.02428e+01
  21  wCBO_linCoeff   0.00000e+00   constant   
  22  wCBO_const   5.25873e-05   7.87509e-04  -1.77182e-05   2.19695e+01
 MIGRAD FAILS TO FIND IMPROVEMENT
 FCN=868.103 FROM HESSE     STATUS=NOT POSDEF     54 CALLS        2398 TOTAL
                     EDM=0.00116864    STRATEGY= 1      ERR MATRIX NOT POS-DEF
  EXT PARAMETER                APPROXIMATE        STEP         FIRST   
  NO.   NAME      VALUE            ERROR          SIZE      DERIVATIVE 
   1  N0           3.33855e+06     fixed    
   2  tau          6.43904e+01   constant   
   3  A0           3.52854e-01     fixed    
   4  phi          4.13064e+00     fixed    
   5  R           -6.09611e+01   constant   
   6  A_CBO        6.98347e-04   4.90183e-04   3.01945e-06   1.15176e+02
   7  w_CBO        2.32752e+00   5.19198e-05   1.10985e-06  -4.13050e+03
   8  phi_CBO      5.89773e+00     fixed    
   9  ANx2         2.14836e-04   constant   
  10  pNx2         2.09111e+00   constant   
  11  ANy1         0.00000e+00   constant   
  12  pNy1         0.00000e+00   constant   
  13  w_y          0.00000e+00   constant   
  14  ANy2         6.79584e-05   2.00697e-04   3.00202e-06   5.17936e+01
  15  pNy2         1.09622e+00   constant   
  16  w_vw         1.43115e+01   constant   
  17  LM          -4.64416e-04   constant   
  18  wCBO_expCoeff   2.00003e+02   4.48802e-03   9.53687e-05  -4.78843e+01
  19  wCBO_expOffset   2.00000e+02   1.56473e-03   9.53676e-05  -3.16194e+02
  20  wCBO_expT    3.00007e+01   7.90932e-04   1.43054e-05   1.78831e+01
  21  wCBO_linCoeff   0.00000e+00   constant   
  22  wCBO_const  -4.83982e-03   1.78314e-03   8.96441e-06  -3.79846e+01
 MIGRAD FAILS TO FIND IMPROVEMENT
 MIGRAD TERMINATED WITHOUT CONVERGENCE.
 FCN=868.102 FROM MIGRAD    STATUS=FAILED        504 CALLS        2464 TOTAL
                     EDM=0.227634    STRATEGY= 1      ERR MATRIX NOT POS-DEF
  EXT PARAMETER                APPROXIMATE        STEP         FIRST   
  NO.   NAME      VALUE            ERROR          SIZE      DERIVATIVE 
   1  N0           3.33855e+06     fixed    
   2  tau          6.43904e+01   constant   
   3  A0           3.52854e-01     fixed    
   4  phi          4.13064e+00     fixed    
   5  R           -6.09611e+01   constant   
   6  A_CBO        6.96374e-04   1.78878e-04   0.00000e+00   2.69774e+01
   7  w_CBO        2.32752e+00   2.46358e-05   0.00000e+00  -6.42289e+02
   8  phi_CBO      5.89773e+00     fixed    
   9  ANx2         2.14836e-04   constant   
  10  pNx2         2.09111e+00   constant   
  11  ANy1         0.00000e+00   constant   
  12  pNy1         0.00000e+00   constant   
  13  w_y          0.00000e+00   constant   
  14  ANy2         6.69253e-05   1.88079e-04  -0.00000e+00   1.84116e+01
  15  pNy2         1.09622e+00   constant   
  16  w_vw         1.43115e+01   constant   
  17  LM          -4.64416e-04   constant   
  18  wCBO_expCoeff   2.00003e+02   2.13130e-03   0.00000e+00  -7.51572e+00
  19  wCBO_expOffset   2.00000e+02   5.03677e-04  -0.00000e+00   6.31237e+02
  20  wCBO_expT    3.00007e+01   2.93230e-04  -0.00000e+00  -1.57626e+01
  21  wCBO_linCoeff   0.00000e+00   constant   
  22  wCBO_const  -4.84194e-03   8.28702e-04   0.00000e+00   4.22640e+00
 EXTERNAL ERROR MATRIX.    NDIM=  25    NPAR=  7    ERR DEF=1
  3.200e-08  6.875e-10 -3.798e-09  5.955e-08 -1.983e-08 -4.529e-09  1.931e-08 
  6.875e-10  6.069e-10 -1.571e-09  2.963e-08 -1.060e-08 -2.809e-09  5.279e-09 
 -3.798e-09 -1.571e-09  3.537e-08 -1.361e-07  3.874e-08  1.121e-08 -2.645e-08 
  5.955e-08  2.963e-08 -1.361e-07  4.542e-06 -9.175e-07 -2.422e-07  4.608e-07 
 -1.983e-08 -1.060e-08  3.874e-08 -9.175e-07  2.537e-07  9.120e-08 -2.094e-07 
 -4.529e-09 -2.809e-09  1.121e-08 -2.422e-07  9.120e-08  8.598e-08 -1.520e-07 
  1.931e-08  5.279e-09 -2.645e-08  4.608e-07 -2.094e-07 -1.520e-07  6.867e-07 
ERR MATRIX NOT POS-DEF
 PARAMETER  CORRELATION COEFFICIENTS  
       NO.  GLOBAL      6      7     14     18     19     20     22
        6  0.60140   1.000  0.156 -0.113  0.156 -0.220 -0.086  0.130
        7  0.99462   0.156  1.000 -0.339  0.564 -0.854 -0.389  0.259
       14  0.56644  -0.113 -0.339  1.000 -0.339  0.409  0.203 -0.170
       18  0.99464   0.156  0.564 -0.339  1.000 -0.855 -0.388  0.261
       19  0.99877  -0.220 -0.854  0.409 -0.855  1.000  0.618 -0.502
       20  0.94874  -0.086 -0.389  0.203 -0.388  0.618  1.000 -0.625
       22  0.95609   0.130  0.259 -0.170  0.261 -0.502 -0.625  1.000
 ERR MATRIX NOT POS-DEF
MINUIT - FIT ONLY 2-CBO
 **********
 **   43 **RES 
 **********
                   PARAMETER    8  phi_CBO RESTORED TO VARIABLE.
                   PARAMETER    4  phi RESTORED TO VARIABLE.
                   PARAMETER    3  A0 RESTORED TO VARIABLE.
                   PARAMETER    1  N0 RESTORED TO VARIABLE.
 **********
 **   44 **FIX            0
 **********
 PARAMETER    0  IS UNDEFINED. IGNORED.
 **********
 **   45 **FIX            1
 **********
 **********
 **   46 **FIX            2
 **********
 PARAMETER    2  IS CONSTANT.   IGNORED.
 **********
 **   47 **FIX            3
 **********
 **********
 **   48 **FIX            4
 **********
 **********
 **   49 **FIX            5
 **********
 PARAMETER    5  IS CONSTANT.   IGNORED.
 **********
 **   50 **FIX            6
 **********
 **********
 **   51 **FIX            7
 **********
 **********
 **   52 **FIX           10
 **********
 PARAMETER   10  IS CONSTANT.   IGNORED.
 **********
 **   53 **FIX           11
 **********
 PARAMETER   11  IS CONSTANT.   IGNORED.
 **********
 **   54 **FIX           12
 **********
 PARAMETER   12  IS CONSTANT.   IGNORED.
 **********
 **   55 **FIX           13
 **********
 PARAMETER   13  IS CONSTANT.   IGNORED.
 **********
 **   56 **FIX           14
 **********
 **********
 **   57 **FIX           15
 **********
 PARAMETER   15  IS CONSTANT.   IGNORED.
 **********
 **   58 **FIX           16
 **********
 PARAMETER   16  IS CONSTANT.   IGNORED.
 **********
 **   59 **MIGRAD
 **********
 START MIGRAD MINIMIZATION.  STRATEGY  1.  CONVERGENCE WHEN EDM .LT. 1.00e-04
 FCN=868.102 FROM MIGRAD    STATUS=INITIATE       12 CALLS        2476 TOTAL
                     EDM= unknown      STRATEGY= 1      NO ERROR MATRIX       
  EXT PARAMETER               CURRENT GUESS       STEP         FIRST   
  NO.   NAME      VALUE            ERROR          SIZE      DERIVATIVE 
   1  N0           3.33855e+06     fixed    
   2  tau          6.43904e+01   constant   
   3  A0           3.52854e-01     fixed    
   4  phi          4.13064e+00     fixed    
   5  R           -6.09611e+01   constant   
   6  A_CBO        6.96374e-04     fixed    
   7  w_CBO        2.32752e+00     fixed    
   8  phi_CBO      5.89773e+00   2.88285e-01   2.88285e-01   5.38904e-01
   9  ANx2         2.14836e-04   constant   
  10  pNx2         2.09111e+00   constant   
  11  ANy1         0.00000e+00   constant   
  12  pNy1         0.00000e+00   constant   
  13  w_y          0.00000e+00   constant   
  14  ANy2         6.69253e-05     fixed    
  15  pNy2         1.09622e+00   constant   
  16  w_vw         1.43115e+01   constant   
  17  LM          -4.64416e-04   constant   
  18  wCBO_expCoeff   2.00003e+02   2.13130e-03   0.00000e+00  -7.51572e+00
  19  wCBO_expOffset   2.00000e+02   5.03677e-04  -0.00000e+00   6.31237e+02
  20  wCBO_expT    3.00007e+01   2.93230e-04  -0.00000e+00  -1.57626e+01
  21  wCBO_linCoeff   0.00000e+00   constant   
  22  wCBO_const  -4.84194e-03   8.28702e-04   0.00000e+00   4.22640e+00
 MIGRAD FAILS TO FIND IMPROVEMENT
 COVARIANCE MATRIX CALCULATED SUCCESSFULLY
 FCN=863.731 FROM HESSE     STATUS=OK             33 CALLS        2667 TOTAL
                     EDM=0.00221216    STRATEGY= 1      ERROR MATRIX ACCURATE 
  EXT PARAMETER                                   STEP         FIRST   
  NO.   NAME      VALUE            ERROR          SIZE      DERIVATIVE 
   1  N0           3.33855e+06     fixed    
   2  tau          6.43904e+01   constant   
   3  A0           3.52854e-01     fixed    
   4  phi          4.13064e+00     fixed    
   5  R           -6.09611e+01   constant   
   6  A_CBO        6.96374e-04     fixed    
   7  w_CBO        2.32752e+00     fixed    
   8  phi_CBO      4.55930e+00   5.62868e-01   4.45571e-03   2.96256e-01
   9  ANx2         2.14836e-04   constant   
  10  pNx2         2.09111e+00   constant   
  11  ANy1         0.00000e+00   constant   
  12  pNy1         0.00000e+00   constant   
  13  w_y          0.00000e+00   constant   
  14  ANy2         6.69253e-05     fixed    
  15  pNy2         1.09622e+00   constant   
  16  w_vw         1.43115e+01   constant   
  17  LM          -4.64416e-04   constant   
  18  wCBO_expCoeff   1.99999e+02   2.61479e-03   9.53668e-05  -1.41639e+02
  19  wCBO_expOffset   2.00000e+02   1.87990e-04   9.53676e-05  -9.46860e+02
  20  wCBO_expT    3.00002e+01   4.60812e-04   1.43052e-05   1.23802e+02
  21  wCBO_linCoeff   0.00000e+00   constant   
  22  wCBO_const  -4.09502e-03   1.88723e-03   6.95981e-06  -1.61745e+02
 MIGRAD FAILS TO FIND IMPROVEMENT
 MIGRAD TERMINATED WITHOUT CONVERGENCE.
 FCN=863.729 FROM MIGRAD    STATUS=FAILED        263 CALLS        2727 TOTAL
                     EDM=0.00321252    STRATEGY= 1  ERROR MATRIX UNCERTAINTY   1.5 per cent
  EXT PARAMETER                APPROXIMATE        STEP         FIRST   
  NO.   NAME      VALUE            ERROR          SIZE      DERIVATIVE 
   1  N0           3.33855e+06     fixed    
   2  tau          6.43904e+01   constant   
   3  A0           3.52854e-01     fixed    
   4  phi          4.13064e+00     fixed    
   5  R           -6.09611e+01   constant   
   6  A_CBO        6.96374e-04     fixed    
   7  w_CBO        2.32752e+00     fixed    
   8  phi_CBO      4.54618e+00   5.09083e-01  -0.00000e+00  -3.65482e-03
   9  ANx2         2.14836e-04   constant   
  10  pNx2         2.09111e+00   constant   
  11  ANy1         0.00000e+00   constant   
  12  pNy1         0.00000e+00   constant   
  13  w_y          0.00000e+00   constant   
  14  ANy2         6.69253e-05     fixed    
  15  pNy2         1.09622e+00   constant   
  16  w_vw         1.43115e+01   constant   
  17  LM          -4.64416e-04   constant   
  18  wCBO_expCoeff   1.99999e+02   2.53218e-03  -0.00000e+00  -2.45577e+00
  19  wCBO_expOffset   2.00000e+02   2.41825e-04   0.00000e+00  -5.80596e+02
  20  wCBO_expT    3.00002e+01   4.37626e-04   0.00000e+00   6.84933e+00
  21  wCBO_linCoeff   0.00000e+00   constant   
  22  wCBO_const  -4.08416e-03   1.80538e-03  -0.00000e+00  -6.21548e-02
 EXTERNAL ERROR MATRIX.    NDIM=  25    NPAR=  5    ERR DEF=1
  2.592e-01  5.779e-04 -1.059e-05  6.814e-05 -6.996e-05 
  5.779e-04  6.412e-06 -1.275e-07  8.773e-07 -3.807e-06 
 -1.059e-05 -1.275e-07  5.848e-08  3.862e-08 -1.017e-07 
  6.814e-05  8.773e-07  3.862e-08  1.915e-07 -6.956e-07 
 -6.996e-05 -3.807e-06 -1.017e-07 -6.956e-07  3.259e-06 
ERR MATRIX APPROXIMATE
 PARAMETER  CORRELATION COEFFICIENTS  
       NO.  GLOBAL      8     18     19     20     22
        8  0.96080   1.000  0.448 -0.086  0.306 -0.076
       18  0.99678   0.448  1.000 -0.208  0.792 -0.833
       19  0.98425  -0.086 -0.208  1.000  0.365 -0.233
       20  0.97523   0.306  0.792  0.365  1.000 -0.880
       22  0.99325  -0.076 -0.833 -0.233 -0.880  1.000
 ERR MATRIX APPROXIMATE
MINUIT - FIT ONLY 1-y
 **********
 **   60 **RES 
 **********
                   PARAMETER   14  ANy2 RESTORED TO VARIABLE.
                   PARAMETER    7  w_CBO RESTORED TO VARIABLE.
                   PARAMETER    6  A_CBO RESTORED TO VARIABLE.
                   PARAMETER    4  phi RESTORED TO VARIABLE.
                   PARAMETER    3  A0 RESTORED TO VARIABLE.
                   PARAMETER    1  N0 RESTORED TO VARIABLE.
 **********
 **   61 **FIX            0
 **********
 PARAMETER    0  IS UNDEFINED. IGNORED.
 **********
 **   62 **FIX            1
 **********
 **********
 **   63 **FIX            2
 **********
 PARAMETER    2  IS CONSTANT.   IGNORED.
 **********
 **   64 **FIX            3
 **********
 **********
 **   65 **FIX            4
 **********
 **********
 **   66 **FIX            5
 **********
 PARAMETER    5  IS CONSTANT.   IGNORED.
 **********
 **   67 **FIX            6
 **********
 **********
 **   68 **FIX            7
 **********
 **********
 **   69 **FIX            8
 **********
 **********
 **   70 **FIX            9
 **********
 PARAMETER    9  IS CONSTANT.   IGNORED.
 **********
 **   71 **FIX           13
 **********
 PARAMETER   13  IS CONSTANT.   IGNORED.
 **********
 **   72 **FIX           14
 **********
 **********
 **   73 **FIX           15
 **********
 PARAMETER   15  IS CONSTANT.   IGNORED.
 **********
 **   74 **FIX           16
 **********
 PARAMETER   16  IS CONSTANT.   IGNORED.
 **********
 **   75 **MIGRAD
 **********
 START MIGRAD MINIMIZATION.  STRATEGY  1.  CONVERGENCE WHEN EDM .LT. 1.00e-04
 FCN=863.729 FROM MIGRAD    STATUS=INITIATE        8 CALLS        2735 TOTAL
                     EDM= unknown      STRATEGY= 1      NO ERROR MATRIX       
  EXT PARAMETER               CURRENT GUESS       STEP         FIRST   
  NO.   NAME      VALUE            ERROR          SIZE      DERIVATIVE 
   1  N0           3.33855e+06     fixed    
   2  tau          6.43904e+01   constant   
   3  A0           3.52854e-01     fixed    
   4  phi          4.13064e+00     fixed    
   5  R           -6.09611e+01   constant   
   6  A_CBO        6.96374e-04     fixed    
   7  w_CBO        2.32752e+00     fixed    
   8  phi_CBO      4.54618e+00     fixed    
   9  ANx2         2.14836e-04   constant   
  10  pNx2         2.09111e+00   constant   
  11  ANy1         0.00000e+00   constant   
  12  pNy1         0.00000e+00   constant   
  13  w_y          0.00000e+00   constant   
  14  ANy2         6.69253e-05     fixed    
  15  pNy2         1.09622e+00   constant   
  16  w_vw         1.43115e+01   constant   
  17  LM          -4.64416e-04   constant   
  18  wCBO_expCoeff   1.99999e+02   2.53218e-03  -0.00000e+00  -2.45577e+00
  19  wCBO_expOffset   2.00000e+02   2.41825e-04   0.00000e+00  -5.80596e+02
  20  wCBO_expT    3.00002e+01   4.37626e-04   0.00000e+00   6.84933e+00
  21  wCBO_linCoeff   0.00000e+00   constant   
  22  wCBO_const  -4.08416e-03   1.80538e-03  -0.00000e+00  -6.21653e-02
 MIGRAD FAILS TO FIND IMPROVEMENT
 COVARIANCE MATRIX CALCULATED SUCCESSFULLY
 FCN=863.729 FROM HESSE     STATUS=OK             29 CALLS        2768 TOTAL
                     EDM=0.000165496    STRATEGY= 1      ERROR MATRIX ACCURATE 
  EXT PARAMETER                                   STEP         FIRST   
  NO.   NAME      VALUE            ERROR          SIZE      DERIVATIVE 
   1  N0           3.33855e+06     fixed    
   2  tau          6.43904e+01   constant   
   3  A0           3.52854e-01     fixed    
   4  phi          4.13064e+00     fixed    
   5  R           -6.09611e+01   constant   
   6  A_CBO        6.96374e-04     fixed    
   7  w_CBO        2.32752e+00     fixed    
   8  phi_CBO      4.54618e+00     fixed    
   9  ANx2         2.14836e-04   constant   
  10  pNx2         2.09111e+00   constant   
  11  ANy1         0.00000e+00   constant   
  12  pNy1         0.00000e+00   constant   
  13  w_y          0.00000e+00   constant   
  14  ANy2         6.69253e-05     fixed    
  15  pNy2         1.09622e+00   constant   
  16  w_vw         1.43115e+01   constant   
  17  LM          -4.64416e-04   constant   
  18  wCBO_expCoeff   1.99999e+02   2.40327e-03   9.53668e-05  -4.20169e-01
  19  wCBO_expOffset   2.00000e+02   1.70710e-04   9.53676e-05  -1.53051e+02
  20  wCBO_expT    3.00002e+01   4.11984e-04   1.43052e-05   2.04925e+00
  21  wCBO_linCoeff   0.00000e+00   constant   
  22  wCBO_const  -4.08416e-03   1.83198e-03   6.96451e-06  -6.29375e-02
 MIGRAD FAILS TO FIND IMPROVEMENT
 MIGRAD TERMINATED WITHOUT CONVERGENCE.
 FCN=863.729 FROM MIGRAD    STATUS=FAILED         67 CALLS        2794 TOTAL
                     EDM=0.00237545    STRATEGY= 1  ERROR MATRIX UNCERTAINTY   1.5 per cent
  EXT PARAMETER                APPROXIMATE        STEP         FIRST   
  NO.   NAME      VALUE            ERROR          SIZE      DERIVATIVE 
   1  N0           3.33855e+06     fixed    
   2  tau          6.43904e+01   constant   
   3  A0           3.52854e-01     fixed    
   4  phi          4.13064e+00     fixed    
   5  R           -6.09611e+01   constant   
   6  A_CBO        6.96374e-04     fixed    
   7  w_CBO        2.32752e+00     fixed    
   8  phi_CBO      4.54618e+00     fixed    
   9  ANx2         2.14836e-04   constant   
  10  pNx2         2.09111e+00   constant   
  11  ANy1         0.00000e+00   constant   
  12  pNy1         0.00000e+00   constant   
  13  w_y          0.00000e+00   constant   
  14  ANy2         6.69253e-05     fixed    
  15  pNy2         1.09622e+00   constant   
  16  w_vw         1.43115e+01   constant   
  17  LM          -4.64416e-04   constant   
  18  wCBO_expCoeff   1.99999e+02   1.00000e+00   0.00000e+00  -2.14530e+00
  19  wCBO_expOffset   2.00000e+02   1.00000e+00   0.00000e+00  -5.78617e+02
  20  wCBO_expT    3.00002e+01   1.00000e+00  -0.00000e+00   6.00002e+00
  21  wCBO_linCoeff   0.00000e+00   constant   
  22  wCBO_const  -4.08430e-03   1.00000e+00  -0.00000e+00   1.04054e-01
 EXTERNAL ERROR MATRIX.    NDIM=  25    NPAR=  4    ERR DEF=1
  1.000e+00 -1.597e-08  8.939e-07 -3.986e-06 
 -1.597e-08  1.000e+00 -2.563e-09  1.233e-08 
  8.939e-07 -2.563e-09  1.000e+00 -6.114e-07 
 -3.986e-06  1.233e-08 -6.114e-07  1.000e+00 
ERR MATRIX APPROXIMATE
 PARAMETER  CORRELATION COEFFICIENTS  
       NO.  GLOBAL     18     19     20     22
       18  0.00000   1.000 -0.000  0.000 -0.000
       19  0.00000  -0.000  1.000 -0.000  0.000
       20  0.00000   0.000 -0.000  1.000 -0.000
       22  0.00000  -0.000  0.000 -0.000  1.000
 ERR MATRIX APPROXIMATE
MINUIT - FIT ONLY 2-y
 **********
 **   76 **RES 
 **********
                   PARAMETER   14  ANy2 RESTORED TO VARIABLE.
                   PARAMETER    8  phi_CBO RESTORED TO VARIABLE.
                   PARAMETER    7  w_CBO RESTORED TO VARIABLE.
                   PARAMETER    6  A_CBO RESTORED TO VARIABLE.
