 + ++++++++++++++++++++++++++++++++++++++++++++++++++++++++++++++++++++ +
 +                                                                      +
 +           You have chose to blind your fitting according to          +
 +                omega_ref * (1 + (R +/- deltaR) *10^{-6})             +
 +                                                                      +
 + ++++++++++++++++++++++++++++++++++++++++++++++++++++++++++++++++++++ +
In main()...
reading format from /gm2data/zkhechad/run45/envelope/formats/formatB_sBin_constraintOn.txt
pBinTau 	= 0  
pBinPhi 	= 0  
constraintau 	= 1 
includeMopTerm 	= 0    
constrainMop    = 0   
Parameters after format file: pBinTau 0 pBinPhi 0 constraintau 1 includeMopTerm 0 constrainMop 0 c_e_scale 0.000000 
reading cbo reference file (full fit) from /gm2data/zkhechad/cboTemplates/Run4CBOTemplates/fullFits/run4/sBin_constraintOn_cE0.0_seed0_run4_calo13.root
A_CBO 0.010252 w_CBO 2.327514 phi_CBO 5.545635 N0 3338670.649067 R -60.961072 tau 64.390414 
Reading cboRef file /gm2data/zkhechad/cboTemplates/Run4CBOTemplates//cboIsolate/run4_calo13.root
deltaT 164.120000
windowBins = 1100
fitting sliding window 1460 from bin 1663 at 248.119600 to bin 2763 at 412.239600 (1100 bins)

Reading data from /gm2data/cornell/histograms/aMethod/histogram_a_run4.root
fitting cbo isolate
 **********
 **    1 **SET PRINTOUT            1
 **********
 **********
 **    2 **SET NOWARNINGS 
 **********
 PARAMETER DEFINITIONS:
    NO.   NAME         VALUE      STEP SIZE      LIMITS
     1 A_CBO        1.02517e-02  1.00000e-05     no limits
     2 w_CBO        2.32751e+00  1.00000e-02    2.00000e+00  3.00000e+00
     3 phi_CBO      5.54564e+00  1.00000e-02    0.00000e+00  6.28319e+00
 **********
 **    3 **MIGRAD
 **********
 FIRST CALL TO USER FUNCTION AT NEW START POINT, WITH IFLAG=4.
 START MIGRAD MINIMIZATION.  STRATEGY  1.  CONVERGENCE WHEN EDM .LT. 1.00e-04
 FCN=0.0548458 FROM MIGRAD    STATUS=INITIATE       12 CALLS          13 TOTAL
                     EDM= unknown      STRATEGY= 1      NO ERROR MATRIX       
  EXT PARAMETER               CURRENT GUESS       STEP         FIRST   
  NO.   NAME      VALUE            ERROR          SIZE      DERIVATIVE 
   1  A_CBO        1.02517e-02   1.00000e-05   1.00000e-05   6.79234e+00
   2  w_CBO        2.32751e+00   1.00000e-02   2.13103e-02   2.10969e+00
   3  phi_CBO      5.54564e+00   1.00000e-02   4.94468e-03  -2.57181e-02
 MIGRAD MINIMIZATION HAS CONVERGED.
 MIGRAD WILL VERIFY CONVERGENCE AND ERROR MATRIX.
 COVARIANCE MATRIX CALCULATED SUCCESSFULLY
 FCN=0.0330715 FROM HESSE     STATUS=OK             16 CALLS          60 TOTAL
                     EDM=0.000162371    STRATEGY= 1      ERROR MATRIX ACCURATE 
  EXT PARAMETER                                   STEP         FIRST   
  NO.   NAME      VALUE            ERROR          SIZE      DERIVATIVE 
   1  A_CBO        4.23446e-03   4.32077e-02   2.11559e-05  -5.09137e-03
   2  w_CBO        2.32702e+00   2.10111e-01   3.30063e-05   3.70563e-02
   3  phi_CBO      5.66438e+00   4.47251e+00   2.85082e-03   2.14461e-04
 MIGRAD MINIMIZATION HAS CONVERGED.
 MIGRAD WILL VERIFY CONVERGENCE AND ERROR MATRIX.
 COVARIANCE MATRIX CALCULATED SUCCESSFULLY
 FCN=0.0329202 FROM MIGRAD    STATUS=CONVERGED     107 CALLS         108 TOTAL
                     EDM=7.68444e-06    STRATEGY= 1      ERROR MATRIX ACCURATE 
  EXT PARAMETER                                   STEP         FIRST   
  NO.   NAME      VALUE            ERROR          SIZE      DERIVATIVE 
   1  A_CBO        4.27598e-03   4.26961e-02   2.11584e-05   5.07934e-03
   2  w_CBO        2.32479e+00   2.04286e-01   3.19130e-05  -7.56871e-03
   3  phi_CBO      4.92976e+00   5.59152e+00   1.94413e-03   2.67844e-04
 EXTERNAL ERROR MATRIX.    NDIM=  25    NPAR=  3    ERR DEF=1
  1.823e-03 -4.862e-04 -1.639e-01 
 -4.862e-04  4.469e-02  1.468e+01 
 -1.639e-01  1.468e+01  4.926e+03 
 PARAMETER  CORRELATION COEFFICIENTS  
       NO.  GLOBAL      1      2      3
        1  0.05473   1.000 -0.054 -0.055
        2  0.98980  -0.054  1.000  0.990
        3  0.98980  -0.055  0.990  1.000
setting A_CBO=0.004276 w_CBO=2.324786, phi_CBO=4.929758
done fitting cbo isolate
 **********
 **    1 **SET PRINTOUT            1
 **********
 **********
 **    2 **SET NOWARNINGS 
 **********
 PARAMETER DEFINITIONS:
    NO.   NAME         VALUE      STEP SIZE      LIMITS
     1 N0           3.33867e+06  1.00000e+02     no limits
     2 tau          6.43904e+01  constant
     3 A0           3.52926e-01  1.00000e-04     no limits
     4 phi          4.13059e+00  1.00000e-02     no limits
     5 R           -6.09611e+01  constant
     6 A_CBO        4.27598e-03  1.00000e-05     no limits
     7 w_CBO        2.32479e+00  1.00000e-03     no limits
     8 phi_CBO      4.92976e+00  1.00000e-04     no limits
     9 ANx2         2.14836e-04  constant
    10 pNx2         2.09111e+00  constant
    11 ANy1         0.00000e+00  constant
    12 pNy1         0.00000e+00  constant
    13 w_y          0.00000e+00  constant
    14 ANy2         1.07548e-02  1.00000e-04     no limits
    15 pNy2         1.09622e+00  constant
    16 w_vw         1.43115e+01  constant
    17 LM          -4.64416e-04  constant
    18 wCBO_expCoeff   2.00000e+02  1.00000e+00     no limits
    19 wCBO_expOffset   2.00000e+02  1.00000e+00     no limits
    20 wCBO_expT    3.00000e+01  1.00000e+00     no limits
    21 wCBO_linCoeff   0.00000e+00  constant
    22 wCBO_const   0.00000e+00  1.00000e-02     no limits
MINUIT - FIT ONLY WIGGLE
 **********
 **    3 **FIX            5
 **********
 PARAMETER    5  IS CONSTANT.   IGNORED.
 **********
 **    4 **FIX            6
 **********
 **********
 **    5 **FIX            7
 **********
 **********
 **    6 **FIX            8
 **********
 **********
 **    7 **FIX            9
 **********
 PARAMETER    9  IS CONSTANT.   IGNORED.
 **********
 **    8 **FIX           10
 **********
 PARAMETER   10  IS CONSTANT.   IGNORED.
 **********
 **    9 **FIX           11
 **********
 PARAMETER   11  IS CONSTANT.   IGNORED.
 **********
 **   10 **FIX           12
 **********
 PARAMETER   12  IS CONSTANT.   IGNORED.
 **********
 **   11 **FIX           13
 **********
 PARAMETER   13  IS CONSTANT.   IGNORED.
 **********
 **   12 **FIX           14
 **********
 **********
 **   13 **FIX           15
 **********
 PARAMETER   15  IS CONSTANT.   IGNORED.
 **********
 **   14 **FIX           16
 **********
 PARAMETER   16  IS CONSTANT.   IGNORED.
 **********
 **   15 **MIGRAD
 **********
 FIRST CALL TO USER FUNCTION AT NEW START POINT, WITH IFLAG=4.
 START MIGRAD MINIMIZATION.  STRATEGY  1.  CONVERGENCE WHEN EDM .LT. 1.00e-04
 FCN=1897.24 FROM MIGRAD    STATUS=INITIATE       34 CALLS          35 TOTAL
                     EDM= unknown      STRATEGY= 1      NO ERROR MATRIX       
  EXT PARAMETER               CURRENT GUESS       STEP         FIRST   
  NO.   NAME      VALUE            ERROR          SIZE      DERIVATIVE 
   1  N0           3.33867e+06   1.00000e+02   1.00000e+02   1.88470e-03
   2  tau          6.43904e+01   constant   
   3  A0           3.52926e-01   1.00000e-04   1.00000e-04   7.89454e+02
   4  phi          4.13059e+00   1.00000e-02   1.00000e-02   3.54742e+02
   5  R           -6.09611e+01   constant   
   6  A_CBO        4.27598e-03     fixed    
   7  w_CBO        2.32479e+00     fixed    
   8  phi_CBO      4.92976e+00     fixed    
   9  ANx2         2.14836e-04   constant   
  10  pNx2         2.09111e+00   constant   
  11  ANy1         0.00000e+00   constant   
  12  pNy1         0.00000e+00   constant   
  13  w_y          0.00000e+00   constant   
  14  ANy2         1.07548e-02     fixed    
  15  pNy2         1.09622e+00   constant   
  16  w_vw         1.43115e+01   constant   
  17  LM          -4.64416e-04   constant   
  18  wCBO_expCoeff   2.00000e+02   1.00000e+00   1.00000e+00   2.55820e+03
  19  wCBO_expOffset   2.00000e+02   1.00000e+00   1.00000e+00   1.69687e+04
  20  wCBO_expT    3.00000e+01   1.00000e+00   1.00000e+00   1.96330e+04
  21  wCBO_linCoeff   0.00000e+00   constant   
  22  wCBO_const   0.00000e+00   1.00000e-02   1.00000e-02   2.16664e+03
 MIGRAD MINIMIZATION HAS CONVERGED.
 FCN=1837.54 FROM MIGRAD    STATUS=CONVERGED     191 CALLS         192 TOTAL
                     EDM=2.05158e-06    STRATEGY= 1  ERROR MATRIX UNCERTAINTY   1.0 per cent
  EXT PARAMETER                                   STEP         FIRST   
  NO.   NAME      VALUE            ERROR          SIZE      DERIVATIVE 
   1  N0           3.33794e+06   7.58480e+02  -1.27991e+01   1.91525e-07
   2  tau          6.43904e+01   constant   
   3  A0           3.52845e-01   2.96754e-04   3.54831e-06   9.92366e-01
   4  phi          4.13058e+00   8.75758e-04   2.10607e-05  -7.06090e-01
   5  R           -6.09611e+01   constant   
   6  A_CBO        4.27598e-03     fixed    
   7  w_CBO        2.32479e+00     fixed    
   8  phi_CBO      4.92976e+00     fixed    
   9  ANx2         2.14836e-04   constant   
  10  pNx2         2.09111e+00   constant   
  11  ANy1         0.00000e+00   constant   
  12  pNy1         0.00000e+00   constant   
  13  w_y          0.00000e+00   constant   
  14  ANy2         1.07548e-02     fixed    
  15  pNy2         1.09622e+00   constant   
  16  w_vw         1.43115e+01   constant   
  17  LM          -4.64416e-04   constant   
  18  wCBO_expCoeff   1.99999e+02   1.04773e-02  -1.40776e-04  -3.35522e-01
  19  wCBO_expOffset   2.00000e+02   1.55238e-03  -2.05423e-05  -2.62793e+00
  20  wCBO_expT    2.99968e+01   2.24825e-03   4.85217e-05  -2.34814e+00
  21  wCBO_linCoeff   0.00000e+00   constant   
  22  wCBO_const   4.86431e-03   1.10263e-03  -3.19856e-05  -4.35443e-01
 EXTERNAL ERROR MATRIX.    NDIM=  25    NPAR=  7    ERR DEF=1
  5.753e+05  5.708e-03  9.277e-04 -8.210e-01 -1.218e-01  2.050e-01 -8.771e-02 
  5.708e-03  8.806e-08 -1.755e-09  2.522e-07  3.738e-08 -5.300e-08  1.654e-08 
  9.277e-04 -1.755e-09  7.670e-07  4.286e-08  6.881e-09  4.497e-09  1.252e-08 
 -8.210e-01  2.522e-07  4.286e-08  1.098e-04  1.463e-05 -2.261e-05  9.749e-06 
 -1.218e-01  3.738e-08  6.881e-09  1.463e-05  2.410e-06 -3.346e-06  1.441e-06 
  2.050e-01 -5.300e-08  4.497e-09 -2.261e-05 -3.346e-06  5.055e-06 -2.304e-06 
 -8.771e-02  1.654e-08  1.252e-08  9.749e-06  1.441e-06 -2.304e-06  1.216e-06 
 PARAMETER  CORRELATION COEFFICIENTS  
       NO.  GLOBAL      1      3      4     18     19     20     22
        1  0.18462   1.000  0.025  0.001 -0.103 -0.103  0.120 -0.105
        3  0.11389   0.025  1.000 -0.007  0.081  0.081 -0.079  0.051
        4  0.12213   0.001 -0.007  1.000  0.005  0.005  0.002  0.013
       18  0.98132  -0.103  0.081  0.005  1.000  0.900 -0.960  0.844
       19  0.98074  -0.103  0.081  0.005  0.900  1.000 -0.959  0.842
       20  0.99673   0.120 -0.079  0.002 -0.960 -0.959  1.000 -0.930
       22  0.97288  -0.105  0.051  0.013  0.844  0.842 -0.930  1.000
MINUIT - FIT ONLY 1-CBO + other amplitudes 
 **********
 **   16 **RES 
 **********
                   PARAMETER   14  ANy2 RESTORED TO VARIABLE.
                   PARAMETER    8  phi_CBO RESTORED TO VARIABLE.
                   PARAMETER    7  w_CBO RESTORED TO VARIABLE.
                   PARAMETER    6  A_CBO RESTORED TO VARIABLE.
 **********
 **   17 **FIX            0
 **********
 PARAMETER    0  IS UNDEFINED. IGNORED.
 **********
 **   18 **FIX            1
 **********
 **********
 **   19 **FIX            2
 **********
 PARAMETER    2  IS CONSTANT.   IGNORED.
 **********
 **   20 **FIX            3
 **********
 **********
 **   21 **FIX            4
 **********
 **********
 **   22 **FIX            9
 **********
 PARAMETER    9  IS CONSTANT.   IGNORED.
 **********
 **   23 **FIX           11
 **********
 PARAMETER   11  IS CONSTANT.   IGNORED.
 **********
 **   24 **FIX           12
 **********
 PARAMETER   12  IS CONSTANT.   IGNORED.
 **********
 **   25 **FIX           14
 **********
 **********
 **   26 **FIX           15
 **********
 PARAMETER   15  IS CONSTANT.   IGNORED.
 **********
 **   27 **FIX           16
 **********
 PARAMETER   16  IS CONSTANT.   IGNORED.
 **********
 **   28 **MIGRAD
 **********
 START MIGRAD MINIMIZATION.  STRATEGY  1.  CONVERGENCE WHEN EDM .LT. 1.00e-04
 FCN=1837.54 FROM MIGRAD    STATUS=INITIATE       22 CALLS         214 TOTAL
                     EDM= unknown      STRATEGY= 1      NO ERROR MATRIX       
  EXT PARAMETER               CURRENT GUESS       STEP         FIRST   
  NO.   NAME      VALUE            ERROR          SIZE      DERIVATIVE 
   1  N0           3.33794e+06     fixed    
   2  tau          6.43904e+01   constant   
   3  A0           3.52845e-01     fixed    
   4  phi          4.13058e+00     fixed    
   5  R           -6.09611e+01   constant   
   6  A_CBO        4.27598e-03   1.00000e-05   1.00000e-05   6.69648e+04
   7  w_CBO        2.32479e+00   1.00000e-03   1.00000e-03  -2.90921e+01
   8  phi_CBO      4.92976e+00   1.00000e-04   1.00000e-04   9.48372e-01
   9  ANx2         2.14836e-04   constant   
  10  pNx2         2.09111e+00   constant   
  11  ANy1         0.00000e+00   constant   
  12  pNy1         0.00000e+00   constant   
  13  w_y          0.00000e+00   constant   
  14  ANy2         1.07548e-02     fixed    
  15  pNy2         1.09622e+00   constant   
  16  w_vw         1.43115e+01   constant   
  17  LM          -4.64416e-04   constant   
  18  wCBO_expCoeff   1.99999e+02   1.04773e-02  -1.40776e-04  -3.35522e-01
  19  wCBO_expOffset   2.00000e+02   1.55238e-03  -2.05423e-05  -2.62793e+00
  20  wCBO_expT    2.99968e+01   2.24825e-03   4.85217e-05  -2.34814e+00
  21  wCBO_linCoeff   0.00000e+00   constant   
  22  wCBO_const   4.86431e-03   1.10263e-03  -3.19856e-05  -4.35367e-01
 MIGRAD MINIMIZATION HAS CONVERGED.
 FCN=1724.75 FROM MIGRAD    STATUS=CONVERGED     228 CALLS         420 TOTAL
                     EDM=5.52837e-06    STRATEGY= 1  ERROR MATRIX UNCERTAINTY   2.4 per cent
  EXT PARAMETER                                   STEP         FIRST   
  NO.   NAME      VALUE            ERROR          SIZE      DERIVATIVE 
   1  N0           3.33794e+06     fixed    
   2  tau          6.43904e+01   constant   
   3  A0           3.52845e-01     fixed    
   4  phi          4.13058e+00     fixed    
   5  R           -6.09611e+01   constant   
   6  A_CBO        9.48497e-04   3.17038e-04  -1.44858e-06  -2.76333e+00
   7  w_CBO        2.32472e+00   8.46865e-05   4.69927e-07  -1.87212e+01
   8  phi_CBO      4.36381e+00   5.02754e-01  -3.35715e-03   5.13598e-03
   9  ANx2         2.14836e-04   constant   
  10  pNx2         2.09111e+00   constant   
  11  ANy1         0.00000e+00   constant   
  12  pNy1         0.00000e+00   constant   
  13  w_y          0.00000e+00   constant   
  14  ANy2         1.07548e-02     fixed    
  15  pNy2         1.09622e+00   constant   
  16  w_vw         1.43115e+01   constant   
  17  LM          -4.64416e-04   constant   
  18  wCBO_expCoeff   1.99993e+02   7.58811e-03   3.95071e-05  -2.07719e-01
  19  wCBO_expOffset   1.99999e+02   1.14188e-03   5.90044e-06   3.01921e-01
  20  wCBO_expT    2.99990e+01   2.02931e-03  -1.66481e-05  -3.68544e+00
  21  wCBO_linCoeff   0.00000e+00   constant   
  22  wCBO_const   2.69272e-03   9.09876e-04   9.36538e-06  -2.09386e+00
 EXTERNAL ERROR MATRIX.    NDIM=  25    NPAR=  7    ERR DEF=1
  1.005e-07 -2.970e-09 -2.434e-06 -2.809e-07 -4.160e-08  4.593e-08  1.616e-08 
 -2.970e-09  7.172e-09  6.554e-06  5.866e-07  8.830e-08 -1.605e-07  4.328e-08 
 -2.434e-06  6.554e-06  2.528e-01  5.571e-04  8.516e-05 -5.139e-05  1.157e-04 
 -2.809e-07  5.866e-07  5.571e-04  5.758e-05  7.923e-06 -1.427e-05  3.678e-06 
 -4.160e-08  8.830e-08  8.516e-05  7.923e-06  1.304e-06 -2.147e-06  5.532e-07 
  4.593e-08 -1.605e-07 -5.139e-05 -1.427e-05 -2.147e-06  4.118e-06 -1.310e-06 
  1.616e-08  4.328e-08  1.157e-04  3.678e-06  5.532e-07 -1.310e-06  8.279e-07 
 PARAMETER  CORRELATION COEFFICIENTS  
       NO.  GLOBAL      6      7      8     18     19     20     22
        6  0.19531   1.000 -0.111 -0.015 -0.117 -0.115  0.071  0.056
        7  0.95795  -0.111  1.000  0.154  0.913  0.913 -0.934  0.562
        8  0.74271  -0.015  0.154  1.000  0.146  0.148 -0.050  0.253
       18  0.95741  -0.117  0.913  0.146  1.000  0.914 -0.927  0.533
       19  0.95771  -0.115  0.913  0.148  0.914  1.000 -0.927  0.532
       20  0.99042   0.071 -0.934 -0.050 -0.927 -0.927  1.000 -0.709
       22  0.91204   0.056  0.562  0.253  0.533  0.532 -0.709  1.000
MINUIT - FIT ONLY 1-CBO
 **********
 **   29 **RES 
 **********
                   PARAMETER   14  ANy2 RESTORED TO VARIABLE.
                   PARAMETER    4  phi RESTORED TO VARIABLE.
                   PARAMETER    3  A0 RESTORED TO VARIABLE.
                   PARAMETER    1  N0 RESTORED TO VARIABLE.
 **********
 **   30 **FIX            0
 **********
 PARAMETER    0  IS UNDEFINED. IGNORED.
 **********
 **   31 **FIX            1
 **********
 **********
 **   32 **FIX            2
 **********
 PARAMETER    2  IS CONSTANT.   IGNORED.
 **********
 **   33 **FIX            3
 **********
 **********
 **   34 **FIX            4
 **********
 **********
 **   35 **FIX            8
 **********
 **********
 **   36 **FIX            9
 **********
 PARAMETER    9  IS CONSTANT.   IGNORED.
 **********
 **   37 **FIX           11
 **********
 PARAMETER   11  IS CONSTANT.   IGNORED.
 **********
 **   38 **FIX           12
 **********
 PARAMETER   12  IS CONSTANT.   IGNORED.
 **********
 **   39 **FIX           13
 **********
 PARAMETER   13  IS CONSTANT.   IGNORED.
 **********
 **   40 **FIX           15
 **********
 PARAMETER   15  IS CONSTANT.   IGNORED.
 **********
 **   41 **FIX           16
 **********
 PARAMETER   16  IS CONSTANT.   IGNORED.
 **********
 **   42 **MIGRAD
 **********
 START MIGRAD MINIMIZATION.  STRATEGY  1.  CONVERGENCE WHEN EDM .LT. 1.00e-04
 FCN=1724.75 FROM MIGRAD    STATUS=INITIATE       16 CALLS         436 TOTAL
                     EDM= unknown      STRATEGY= 1      NO ERROR MATRIX       
  EXT PARAMETER               CURRENT GUESS       STEP         FIRST   
  NO.   NAME      VALUE            ERROR          SIZE      DERIVATIVE 
   1  N0           3.33794e+06     fixed    
   2  tau          6.43904e+01   constant   
   3  A0           3.52845e-01     fixed    
   4  phi          4.13058e+00     fixed    
   5  R           -6.09611e+01   constant   
   6  A_CBO        9.48497e-04   3.17038e-04  -1.44858e-06  -2.76333e+00
   7  w_CBO        2.32472e+00   8.46865e-05   4.69927e-07  -1.87212e+01
   8  phi_CBO      4.36381e+00     fixed    
   9  ANx2         2.14836e-04   constant   
  10  pNx2         2.09111e+00   constant   
  11  ANy1         0.00000e+00   constant   
  12  pNy1         0.00000e+00   constant   
  13  w_y          0.00000e+00   constant   
  14  ANy2         1.07548e-02   1.00000e-04   1.00000e-04   2.21712e+05
  15  pNy2         1.09622e+00   constant   
  16  w_vw         1.43115e+01   constant   
  17  LM          -4.64416e-04   constant   
  18  wCBO_expCoeff   1.99993e+02   7.58811e-03   3.95071e-05  -2.07719e-01
  19  wCBO_expOffset   1.99999e+02   1.14188e-03   5.90044e-06   3.01921e-01
  20  wCBO_expT    2.99990e+01   2.02931e-03  -1.66481e-05  -3.68544e+00
  21  wCBO_linCoeff   0.00000e+00   constant   
  22  wCBO_const   2.69272e-03   9.09876e-04   9.36538e-06  -2.09390e+00
 MIGRAD MINIMIZATION HAS CONVERGED.
 MIGRAD WILL VERIFY CONVERGENCE AND ERROR MATRIX.
 FCN=494.124 FROM MIGRAD    STATUS=CONVERGED     202 CALLS         622 TOTAL
                     EDM=5.80311e-07    STRATEGY= 1      ERR MATRIX NOT POS-DEF
  EXT PARAMETER                APPROXIMATE        STEP         FIRST   
  NO.   NAME      VALUE            ERROR          SIZE      DERIVATIVE 
   1  N0           3.33794e+06     fixed    
   2  tau          6.43904e+01   constant   
   3  A0           3.52845e-01     fixed    
   4  phi          4.13058e+00     fixed    
   5  R           -6.09611e+01   constant   
   6  A_CBO        6.53430e-04   3.22297e-04   3.40156e-06  -9.91157e-01
   7  w_CBO        2.32475e+00   5.53449e-04   1.10853e-06  -4.68480e+00
   8  phi_CBO      4.36381e+00     fixed    
   9  ANx2         2.14836e-04   constant   
  10  pNx2         2.09111e+00   constant   
  11  ANy1         0.00000e+00   constant   
  12  pNy1         0.00000e+00   constant   
  13  w_y          0.00000e+00   constant   
  14  ANy2        -3.48454e-04   3.15597e-04   3.43474e-06  -1.67536e+00
  15  pNy2         1.09622e+00   constant   
  16  w_vw         1.43115e+01   constant   
  17  LM          -4.64416e-04   constant   
  18  wCBO_expCoeff   1.99996e+02   4.86519e-02   9.53657e-05  -4.94498e-02
  19  wCBO_expOffset   1.99999e+02   7.85569e-03   9.53671e-05  -3.28066e-01
  20  wCBO_expT    2.99981e+01   2.37523e-03   1.43042e-05  -6.07425e-01
  21  wCBO_linCoeff   0.00000e+00   constant   
  22  wCBO_const   2.46316e-03   1.20013e-03   5.69042e-06  -1.00532e+00
 EXTERNAL ERROR MATRIX.    NDIM=  25    NPAR=  7    ERR DEF=1
  1.039e-07  1.879e-08  1.950e-09  1.745e-06 -4.239e-07 -8.641e-08  4.990e-08 
  1.879e-08  3.063e-07 -3.023e-10 -9.986e-06 -2.116e-06 -2.148e-07 -7.021e-08 
  1.950e-09 -3.023e-10  9.960e-08 -3.039e-08 -1.175e-08  1.078e-08  7.108e-09 
  1.745e-06 -9.986e-06 -3.039e-08  2.367e-03 -1.959e-04 -1.891e-05  9.384e-06 
 -4.239e-07 -2.116e-06 -1.175e-08 -1.959e-04  6.171e-05 -2.839e-06  1.342e-06 
 -8.641e-08 -2.148e-07  1.078e-08 -1.891e-05 -2.839e-06  5.642e-06 -1.788e-06 
  4.990e-08 -7.021e-08  7.108e-09  9.384e-06  1.342e-06 -1.788e-06  1.440e-06 
ERR MATRIX NOT POS-DEF
 PARAMETER  CORRELATION COEFFICIENTS  
       NO.  GLOBAL      6      7     14     18     19     20     22
        6  0.24981   1.000  0.105  0.019  0.111 -0.167 -0.113  0.129
        7  0.99607   0.105  1.000 -0.002 -0.371 -0.487 -0.163 -0.106
       14  0.05533   0.019 -0.002  1.000 -0.002 -0.005  0.014  0.019
       18  0.99598   0.111 -0.371 -0.002  1.000 -0.513 -0.164  0.161
       19  0.99653  -0.167 -0.487 -0.005 -0.513  1.000 -0.152  0.142
       20  0.98913  -0.113 -0.163  0.014 -0.164 -0.152  1.000 -0.627
       22  0.90000   0.129 -0.106  0.019  0.161  0.142 -0.627  1.000
 ERR MATRIX NOT POS-DEF
MINUIT - FIT ONLY 2-CBO
 **********
 **   43 **RES 
 **********
                   PARAMETER    8  phi_CBO RESTORED TO VARIABLE.
                   PARAMETER    4  phi RESTORED TO VARIABLE.
                   PARAMETER    3  A0 RESTORED TO VARIABLE.
                   PARAMETER    1  N0 RESTORED TO VARIABLE.
 **********
 **   44 **FIX            0
 **********
 PARAMETER    0  IS UNDEFINED. IGNORED.
 **********
 **   45 **FIX            1
 **********
 **********
 **   46 **FIX            2
 **********
 PARAMETER    2  IS CONSTANT.   IGNORED.
 **********
 **   47 **FIX            3
 **********
 **********
 **   48 **FIX            4
 **********
 **********
 **   49 **FIX            5
 **********
 PARAMETER    5  IS CONSTANT.   IGNORED.
 **********
 **   50 **FIX            6
 **********
 **********
 **   51 **FIX            7
 **********
 **********
 **   52 **FIX           10
 **********
 PARAMETER   10  IS CONSTANT.   IGNORED.
 **********
 **   53 **FIX           11
 **********
 PARAMETER   11  IS CONSTANT.   IGNORED.
 **********
 **   54 **FIX           12
 **********
 PARAMETER   12  IS CONSTANT.   IGNORED.
 **********
 **   55 **FIX           13
 **********
 PARAMETER   13  IS CONSTANT.   IGNORED.
 **********
 **   56 **FIX           14
 **********
 **********
 **   57 **FIX           15
 **********
 PARAMETER   15  IS CONSTANT.   IGNORED.
 **********
 **   58 **FIX           16
 **********
 PARAMETER   16  IS CONSTANT.   IGNORED.
 **********
 **   59 **MIGRAD
 **********
 START MIGRAD MINIMIZATION.  STRATEGY  1.  CONVERGENCE WHEN EDM .LT. 1.00e-04
 FCN=494.124 FROM MIGRAD    STATUS=INITIATE       12 CALLS         634 TOTAL
                     EDM= unknown      STRATEGY= 1      NO ERROR MATRIX       
  EXT PARAMETER               CURRENT GUESS       STEP         FIRST   
  NO.   NAME      VALUE            ERROR          SIZE      DERIVATIVE 
   1  N0           3.33794e+06     fixed    
   2  tau          6.43904e+01   constant   
   3  A0           3.52845e-01     fixed    
   4  phi          4.13058e+00     fixed    
   5  R           -6.09611e+01   constant   
   6  A_CBO        6.53430e-04     fixed    
   7  w_CBO        2.32475e+00     fixed    
   8  phi_CBO      4.36381e+00   5.02754e-01   5.02754e-01  -3.13641e-01
   9  ANx2         2.14836e-04   constant   
  10  pNx2         2.09111e+00   constant   
  11  ANy1         0.00000e+00   constant   
  12  pNy1         0.00000e+00   constant   
  13  w_y          0.00000e+00   constant   
  14  ANy2        -3.48454e-04     fixed    
  15  pNy2         1.09622e+00   constant   
  16  w_vw         1.43115e+01   constant   
  17  LM          -4.64416e-04   constant   
  18  wCBO_expCoeff   1.99996e+02   4.86519e-02   9.53657e-05  -4.85209e-02
  19  wCBO_expOffset   1.99999e+02   7.85569e-03   9.53671e-05   3.52354e-02
  20  wCBO_expT    2.99981e+01   2.37523e-03   1.43042e-05  -5.52188e-01
  21  wCBO_linCoeff   0.00000e+00   constant   
  22  wCBO_const   2.46316e-03   1.20013e-03   5.69042e-06  -1.01347e+00
 MIGRAD MINIMIZATION HAS CONVERGED.
 MIGRAD WILL VERIFY CONVERGENCE AND ERROR MATRIX.
 COVARIANCE MATRIX CALCULATED SUCCESSFULLY
 FCN=494.112 FROM MIGRAD    STATUS=CONVERGED     104 CALLS         726 TOTAL
                     EDM=3.85263e-06    STRATEGY= 1      ERROR MATRIX ACCURATE 
  EXT PARAMETER                                   STEP         FIRST   
  NO.   NAME      VALUE            ERROR          SIZE      DERIVATIVE 
   1  N0           3.33794e+06     fixed    
   2  tau          6.43904e+01   constant   
   3  A0           3.52845e-01     fixed    
   4  phi          4.13058e+00     fixed    
   5  R           -6.09611e+01   constant   
   6  A_CBO        6.53430e-04     fixed    
   7  w_CBO        2.32475e+00     fixed    
   8  phi_CBO      4.44572e+00   7.15221e-01   5.30082e-03   4.90266e-03
   9  ANx2         2.14836e-04   constant   
  10  pNx2         2.09111e+00   constant   
  11  ANy1         0.00000e+00   constant   
  12  pNy1         0.00000e+00   constant   
  13  w_y          0.00000e+00   constant   
  14  ANy2        -3.48454e-04     fixed    
  15  pNy2         1.09622e+00   constant   
  16  w_vw         1.43115e+01   constant   
  17  LM          -4.64416e-04   constant   
  18  wCBO_expCoeff   1.99996e+02   9.77453e-02   9.53656e-05  -1.62631e-01
  19  wCBO_expOffset   1.99999e+02   1.39509e-02   9.53671e-05  -1.07092e+00
  20  wCBO_expT    2.99982e+01   2.88820e-03   1.43043e-05  -2.62022e+00
  21  wCBO_linCoeff   0.00000e+00   constant   
  22  wCBO_const   2.46793e-03   1.31748e-03   5.70220e-06  -2.27979e+00
 EXTERNAL ERROR MATRIX.    NDIM=  25    NPAR=  5    ERR DEF=1
  5.115e-01  2.081e-03 -6.238e-04  4.076e-04  3.277e-05 
  2.081e-03  9.554e-03 -1.300e-03 -8.399e-05  2.425e-05 
 -6.238e-04 -1.300e-03  1.946e-04  2.995e-07 -4.722e-07 
  4.076e-04 -8.399e-05  2.995e-07  8.342e-06 -2.659e-06 
  3.277e-05  2.425e-05 -4.722e-07 -2.659e-06  1.736e-06 
 PARAMETER  CORRELATION COEFFICIENTS  
       NO.  GLOBAL      8     18     19     20     22
        8  0.73075   1.000  0.030 -0.063  0.197  0.035
       18  0.99901   0.030  1.000 -0.953 -0.298  0.188
       19  0.99890  -0.063 -0.953  1.000  0.007 -0.026
       20  0.99271   0.197 -0.298  0.007  1.000 -0.699
       22  0.91748   0.035  0.188 -0.026 -0.699  1.000
MINUIT - FIT ONLY 1-y
 **********
 **   60 **RES 
 **********
                   PARAMETER   14  ANy2 RESTORED TO VARIABLE.
                   PARAMETER    7  w_CBO RESTORED TO VARIABLE.
                   PARAMETER    6  A_CBO RESTORED TO VARIABLE.
                   PARAMETER    4  phi RESTORED TO VARIABLE.
                   PARAMETER    3  A0 RESTORED TO VARIABLE.
                   PARAMETER    1  N0 RESTORED TO VARIABLE.
 **********
 **   61 **FIX            0
 **********
 PARAMETER    0  IS UNDEFINED. IGNORED.
 **********
 **   62 **FIX            1
 **********
 **********
 **   63 **FIX            2
 **********
 PARAMETER    2  IS CONSTANT.   IGNORED.
 **********
 **   64 **FIX            3
 **********
 **********
 **   65 **FIX            4
 **********
 **********
 **   66 **FIX            5
 **********
 PARAMETER    5  IS CONSTANT.   IGNORED.
 **********
 **   67 **FIX            6
 **********
 **********
 **   68 **FIX            7
 **********
 **********
 **   69 **FIX            8
 **********
 **********
 **   70 **FIX            9
 **********
 PARAMETER    9  IS CONSTANT.   IGNORED.
 **********
 **   71 **FIX           13
 **********
 PARAMETER   13  IS CONSTANT.   IGNORED.
 **********
 **   72 **FIX           14
 **********
 **********
 **   73 **FIX           15
 **********
 PARAMETER   15  IS CONSTANT.   IGNORED.
 **********
 **   74 **FIX           16
 **********
 PARAMETER   16  IS CONSTANT.   IGNORED.
 **********
 **   75 **MIGRAD
 **********
 START MIGRAD MINIMIZATION.  STRATEGY  1.  CONVERGENCE WHEN EDM .LT. 1.00e-04
 FCN=494.112 FROM MIGRAD    STATUS=INITIATE        8 CALLS         734 TOTAL
                     EDM= unknown      STRATEGY= 1      NO ERROR MATRIX       
  EXT PARAMETER               CURRENT GUESS       STEP         FIRST   
  NO.   NAME      VALUE            ERROR          SIZE      DERIVATIVE 
   1  N0           3.33794e+06     fixed    
   2  tau          6.43904e+01   constant   
   3  A0           3.52845e-01     fixed    
   4  phi          4.13058e+00     fixed    
   5  R           -6.09611e+01   constant   
   6  A_CBO        6.53430e-04     fixed    
   7  w_CBO        2.32475e+00     fixed    
   8  phi_CBO      4.44572e+00     fixed    
   9  ANx2         2.14836e-04   constant   
  10  pNx2         2.09111e+00   constant   
  11  ANy1         0.00000e+00   constant   
  12  pNy1         0.00000e+00   constant   
  13  w_y          0.00000e+00   constant   
  14  ANy2        -3.48454e-04     fixed    
  15  pNy2         1.09622e+00   constant   
  16  w_vw         1.43115e+01   constant   
  17  LM          -4.64416e-04   constant   
  18  wCBO_expCoeff   1.99996e+02   9.77453e-02   9.53656e-05  -1.62495e-01
  19  wCBO_expOffset   1.99999e+02   1.39509e-02   9.53671e-05  -1.03030e+00
  20  wCBO_expT    2.99982e+01   2.88820e-03   1.43043e-05  -2.61184e+00
  21  wCBO_linCoeff   0.00000e+00   constant   
  22  wCBO_const   2.46793e-03   1.31748e-03   5.70220e-06  -2.28930e+00
 MIGRAD MINIMIZATION HAS CONVERGED.
 MIGRAD WILL VERIFY CONVERGENCE AND ERROR MATRIX.
 COVARIANCE MATRIX CALCULATED SUCCESSFULLY
 FCN=494.112 FROM MIGRAD    STATUS=CONVERGED      45 CALLS         771 TOTAL
                     EDM=5.70363e-07    STRATEGY= 1      ERROR MATRIX ACCURATE 
  EXT PARAMETER                                   STEP         FIRST   
  NO.   NAME      VALUE            ERROR          SIZE      DERIVATIVE 
   1  N0           3.33794e+06     fixed    
   2  tau          6.43904e+01   constant   
   3  A0           3.52845e-01     fixed    
   4  phi          4.13058e+00     fixed    
   5  R           -6.09611e+01   constant   
   6  A_CBO        6.53430e-04     fixed    
   7  w_CBO        2.32475e+00     fixed    
   8  phi_CBO      4.44572e+00     fixed    
   9  ANx2         2.14836e-04   constant   
  10  pNx2         2.09111e+00   constant   
  11  ANy1         0.00000e+00   constant   
  12  pNy1         0.00000e+00   constant   
  13  w_y          0.00000e+00   constant   
  14  ANy2        -3.48454e-04     fixed    
  15  pNy2         1.09622e+00   constant   
  16  w_vw         1.43115e+01   constant   
  17  LM          -4.64416e-04   constant   
  18  wCBO_expCoeff   1.99996e+02   9.70406e-02   9.53656e-05   5.20093e-02
  19  wCBO_expOffset   1.99999e+02   1.38234e-02   9.53671e-05   3.46977e-01
  20  wCBO_expT    2.99982e+01   2.83052e-03   1.43043e-05   1.12981e-01
  21  wCBO_linCoeff   0.00000e+00   constant   
  22  wCBO_const   2.46802e-03   1.31653e-03   5.69406e-06  -5.67981e-01
 EXTERNAL ERROR MATRIX.    NDIM=  25    NPAR=  4    ERR DEF=1
  9.417e-03 -1.279e-03 -8.536e-05  2.402e-05 
 -1.279e-03  1.911e-04  7.611e-07 -4.201e-07 
 -8.536e-05  7.611e-07  8.012e-06 -2.683e-06 
  2.402e-05 -4.201e-07 -2.683e-06  1.733e-06 
 PARAMETER  CORRELATION COEFFICIENTS  
       NO.  GLOBAL     18     19     20     22
       18  0.99899   1.000 -0.953 -0.311  0.188
       19  0.99888  -0.953  1.000  0.019 -0.023
       20  0.99241  -0.311  0.019  1.000 -0.720
       22  0.91735   0.188 -0.023 -0.720  1.000
MINUIT - FIT ONLY 2-y
 **********
 **   76 **RES 
 **********
                   PARAMETER   14  ANy2 RESTORED TO VARIABLE.
                   PARAMETER    8  phi_CBO RESTORED TO VARIABLE.
                   PARAMETER    7  w_CBO RESTORED TO VARIABLE.
                   PARAMETER    6  A_CBO RESTORED TO VARIABLE.
                   PARAMETER    4  phi RESTORED TO VARIABLE.
                   PARAMETER    3  A0 RESTORED TO VARIABLE.
                   PARAMETER    1  N0 RESTORED TO VARIABLE.
 **********
 **   77 **FIX            0
 **********
 PARAMETER    0  IS UNDEFINED. IGNORED.
 **********
 **   78 **FIX            1
 **********
 **********
 **   79 **FIX            2
 **********
 PARAMETER    2  IS CONSTANT.   IGNORED.
 **********
 **   80 **FIX            3
 **********
 **********
 **   81 **FIX            4
 **********
 **********
 **   82 **FIX            5
 **********
 PARAMETER    5  IS CONSTANT.   IGNORED.
 **********
 **   83 **FIX            6
 **********
 **********
 **   84 **FIX            7
 **********
 **********
 **   85 **FIX            8
 **********
 **********
 **   86 **FIX            9
 **********
 PARAMETER    9  IS CONSTANT.   IGNORED.
 **********
 **   87 **FIX           10
 **********
 PARAMETER   10  IS CONSTANT.   IGNORED.
 **********
 **   88 **FIX           11
 **********
 PARAMETER   11  IS CONSTANT.   IGNORED.
 **********
 **   89 **FIX           12
 **********
 PARAMETER   12  IS CONSTANT.   IGNORED.
 **********
 **   90 **FIX           16
 **********
 PARAMETER   16  IS CONSTANT.   IGNORED.
 **********
 **   91 **MIGRAD
 **********
 START MIGRAD MINIMIZATION.  STRATEGY  1.  CONVERGENCE WHEN EDM .LT. 1.00e-04
 FCN=494.112 FROM MIGRAD    STATUS=INITIATE       10 CALLS         781 TOTAL
                     EDM= unknown      STRATEGY= 1      NO ERROR MATRIX       
  EXT PARAMETER               CURRENT GUESS       STEP         FIRST   
  NO.   NAME      VALUE            ERROR          SIZE      DERIVATIVE 
   1  N0           3.33794e+06     fixed    
   2  tau          6.43904e+01   constant   
   3  A0           3.52845e-01     fixed    
   4  phi          4.13058e+00     fixed    
   5  R           -6.09611e+01   constant   
   6  A_CBO        6.53430e-04     fixed    
   7  w_CBO        2.32475e+00     fixed    
   8  phi_CBO      4.44572e+00     fixed    
   9  ANx2         2.14836e-04   constant   
  10  pNx2         2.09111e+00   constant   
  11  ANy1         0.00000e+00   constant   
  12  pNy1         0.00000e+00   constant   
  13  w_y          0.00000e+00   constant   
  14  ANy2        -3.48454e-04   3.15597e-04   3.15597e-04  -2.33278e+00
  15  pNy2         1.09622e+00   constant   
  16  w_vw         1.43115e+01   constant   
  17  LM          -4.64416e-04   constant   
  18  wCBO_expCoeff   1.99996e+02   9.70406e-02   9.53656e-05   5.21404e-02
  19  wCBO_expOffset   1.99999e+02   1.38234e-02   9.53671e-05   3.98632e-01
  20  wCBO_expT    2.99982e+01   2.83052e-03   1.43043e-05   1.23760e-01
  21  wCBO_linCoeff   0.00000e+00   constant   
  22  wCBO_const   2.46802e-03   1.31653e-03   5.69406e-06  -5.77490e-01
 MIGRAD MINIMIZATION HAS CONVERGED.
 MIGRAD WILL VERIFY CONVERGENCE AND ERROR MATRIX.
 COVARIANCE MATRIX CALCULATED SUCCESSFULLY
 FCN=494.112 FROM MIGRAD    STATUS=CONVERGED      55 CALLS         826 TOTAL
                     EDM=4.40228e-07    STRATEGY= 1      ERROR MATRIX ACCURATE 
  EXT PARAMETER                                   STEP         FIRST   
  NO.   NAME      VALUE            ERROR          SIZE      DERIVATIVE 
   1  N0           3.33794e+06     fixed    
   2  tau          6.43904e+01   constant   
   3  A0           3.52845e-01     fixed    
   4  phi          4.13058e+00     fixed    
   5  R           -6.09611e+01   constant   
   6  A_CBO        6.53430e-04     fixed    
   7  w_CBO        2.32475e+00     fixed    
   8  phi_CBO      4.44572e+00     fixed    
   9  ANx2         2.14836e-04   constant   
  10  pNx2         2.09111e+00   constant   
  11  ANy1         0.00000e+00   constant   
  12  pNy1         0.00000e+00   constant   
  13  w_y          0.00000e+00   constant   
  14  ANy2        -3.48324e-04   3.16577e-04   3.43469e-06   2.80720e-01
  15  pNy2         1.09622e+00   constant   
  16  w_vw         1.43115e+01   constant   
  17  LM          -4.64416e-04   constant   
  18  wCBO_expCoeff   1.99996e+02   9.73201e-02   9.53656e-05  -2.67337e-02
  19  wCBO_expOffset   1.99999e+02   1.38651e-02   9.53671e-05  -1.77995e-01
  20  wCBO_expT    2.99982e+01   2.83135e-03   1.43043e-05  -8.02058e-01
  21  wCBO_linCoeff   0.00000e+00   constant   
  22  wCBO_const   2.46811e-03   1.31673e-03   5.69413e-06  -9.30332e-01
 EXTERNAL ERROR MATRIX.    NDIM=  25    NPAR=  5    ERR DEF=1
  1.002e-07 -2.936e-07  1.654e-08  1.614e-08  4.872e-09 
 -2.936e-07  9.471e-03 -1.286e-03 -8.553e-05  2.404e-05 
  1.654e-08 -1.286e-03  1.922e-04  7.790e-07 -4.244e-07 
  1.614e-08 -8.553e-05  7.790e-07  8.017e-06 -2.683e-06 
  4.872e-09  2.404e-05 -4.244e-07 -2.683e-06  1.734e-06 
 PARAMETER  CORRELATION COEFFICIENTS  
       NO.  GLOBAL     14     18     19     20     22
       14  0.05307   1.000 -0.010  0.004  0.018  0.012
       18  0.99900  -0.010  1.000 -0.953 -0.310  0.188
       19  0.99889   0.004 -0.953  1.000  0.020 -0.023
       20  0.99241   0.018 -0.310  0.020  1.000 -0.720
       22  0.91737   0.012  0.188 -0.023 -0.720  1.000
MINUIT - FIT ALTOGETHER
 **********
 **   92 **RES 
 **********
                   PARAMETER    8  phi_CBO RESTORED TO VARIABLE.
                   PARAMETER    7  w_CBO RESTORED TO VARIABLE.
                   PARAMETER    6  A_CBO RESTORED TO VARIABLE.
                   PARAMETER    4  phi RESTORED TO VARIABLE.
                   PARAMETER    3  A0 RESTORED TO VARIABLE.
                   PARAMETER    1  N0 RESTORED TO VARIABLE.
 **********
 **   93 **MIGRAD
 **********
 START MIGRAD MINIMIZATION.  STRATEGY  1.  CONVERGENCE WHEN EDM .LT. 1.00e-04
 FCN=494.112 FROM MIGRAD    STATUS=INITIATE       22 CALLS         848 TOTAL
                     EDM= unknown      STRATEGY= 1      NO ERROR MATRIX       
  EXT PARAMETER               CURRENT GUESS       STEP         FIRST   
  NO.   NAME      VALUE            ERROR          SIZE      DERIVATIVE 
   1  N0           3.33794e+06   7.58480e+02   7.58480e+02  -1.78808e-03
   2  tau          6.43904e+01   constant   
   3  A0           3.52845e-01   2.96754e-04   2.96754e-04  -1.73305e+03
   4  phi          4.13058e+00   8.75758e-04   8.75758e-04   9.63012e+01
   5  R           -6.09611e+01   constant   
   6  A_CBO        6.53430e-04   3.22297e-04   3.22297e-04   3.15203e+01
   7  w_CBO        2.32475e+00   5.53449e-04   5.53449e-04  -2.68771e+00
   8  phi_CBO      4.44572e+00   7.15221e-01   7.15221e-01   3.91884e-03
   9  ANx2         2.14836e-04   constant   
  10  pNx2         2.09111e+00   constant   
  11  ANy1         0.00000e+00   constant   
  12  pNy1         0.00000e+00   constant   
  13  w_y          0.00000e+00   constant   
  14  ANy2        -3.48324e-04   3.16577e-04   3.43469e-06   2.80720e-01
  15  pNy2         1.09622e+00   constant   
  16  w_vw         1.43115e+01   constant   
  17  LM          -4.64416e-04   constant   
  18  wCBO_expCoeff   1.99996e+02   9.73201e-02   9.53656e-05  -2.66003e-02
  19  wCBO_expOffset   1.99999e+02   1.38651e-02   9.53671e-05  -1.25483e-01
  20  wCBO_expT    2.99982e+01   2.83135e-03   1.43043e-05  -7.93807e-01
