 + ++++++++++++++++++++++++++++++++++++++++++++++++++++++++++++++++++++ +
 +                                                                      +
 +           You have chose to blind your fitting according to          +
 +                omega_ref * (1 + (R +/- deltaR) *10^{-6})             +
 +                                                                      +
 + ++++++++++++++++++++++++++++++++++++++++++++++++++++++++++++++++++++ +
In main()...
reading format from /gm2data/zkhechad/run45/envelope/formats/formatB_sBin_constraintOn.txt
pBinTau 	= 0  
pBinPhi 	= 0  
constraintau 	= 1 
includeMopTerm 	= 0    
constrainMop    = 0   
Parameters after format file: pBinTau 0 pBinPhi 0 constraintau 1 includeMopTerm 0 constrainMop 0 c_e_scale 0.000000 
reading cbo reference file (full fit) from /gm2data/zkhechad/cboTemplates/Run4CBOTemplates/fullFits/run4/sBin_constraintOn_cE0.0_seed0_run4_calo15.root
A_CBO 0.008274 w_CBO 2.326361 phi_CBO 0.928510 N0 2995032.431773 R -60.169268 tau 64.399261 
Reading cboRef file /gm2data/zkhechad/cboTemplates/Run4CBOTemplates//cboIsolate/run4_calo15.root
deltaT 164.120000
windowBins = 1100
fitting sliding window 2200 from bin 2403 at 358.527600 to bin 3503 at 522.647600 (1100 bins)

Reading data from /gm2data/cornell/histograms/aMethod/histogram_a_run4.root
fitting cbo isolate
 **********
 **    1 **SET PRINTOUT            1
 **********
 **********
 **    2 **SET NOWARNINGS 
 **********
 PARAMETER DEFINITIONS:
    NO.   NAME         VALUE      STEP SIZE      LIMITS
     1 A_CBO        8.27396e-03  1.00000e-05     no limits
     2 w_CBO        2.32636e+00  1.00000e-02    2.00000e+00  3.00000e+00
     3 phi_CBO      9.28510e-01  1.00000e-02    0.00000e+00  6.28319e+00
 **********
 **    3 **MIGRAD
 **********
 FIRST CALL TO USER FUNCTION AT NEW START POINT, WITH IFLAG=4.
 START MIGRAD MINIMIZATION.  STRATEGY  1.  CONVERGENCE WHEN EDM .LT. 1.00e-04
 FCN=0.194087 FROM MIGRAD    STATUS=INITIATE       12 CALLS          13 TOTAL
                     EDM= unknown      STRATEGY= 1      NO ERROR MATRIX       
  EXT PARAMETER               CURRENT GUESS       STEP         FIRST   
  NO.   NAME      VALUE            ERROR          SIZE      DERIVATIVE 
   1  A_CBO        8.27396e-03   1.00000e-05   1.00000e-05   7.15392e+00
   2  w_CBO        2.32636e+00   1.00000e-02   2.13296e-02  -8.33394e-01
   3  phi_CBO      9.28510e-01   1.00000e-02   4.48483e-03   7.13023e-03
 MIGRAD MINIMIZATION HAS CONVERGED.
 MIGRAD WILL VERIFY CONVERGENCE AND ERROR MATRIX.
 FCN=0.170697 FROM HESSE     STATUS=NOT POSDEF     16 CALLS          50 TOTAL
                     EDM=0.00111481    STRATEGY= 1      ERR MATRIX NOT POS-DEF
  EXT PARAMETER                APPROXIMATE        STEP         FIRST   
  NO.   NAME      VALUE            ERROR          SIZE      DERIVATIVE 
   1  A_CBO        1.75295e-03   4.90907e-02   2.25597e-05  -5.64630e-02
   2  w_CBO        2.32668e+00   6.19913e-01   6.05210e-05  -2.31043e-02
   3  phi_CBO      8.62616e-01   3.25792e+00   6.73489e-03  -1.33361e-04
 MIGRAD MINIMIZATION HAS CONVERGED.
 MIGRAD WILL VERIFY CONVERGENCE AND ERROR MATRIX.
 COVARIANCE MATRIX CALCULATED SUCCESSFULLY
 FCN=0.170334 FROM MIGRAD    STATUS=CONVERGED     114 CALLS         115 TOTAL
                     EDM=2.55868e-06    STRATEGY= 1      ERROR MATRIX ACCURATE 
  EXT PARAMETER                                   STEP         FIRST   
  NO.   NAME      VALUE            ERROR          SIZE      DERIVATIVE 
   1  A_CBO        1.95581e-03   4.27679e-02   2.25279e-05  -2.29851e-02
   2  w_CBO        2.33479e+00   3.49791e-01   5.38278e-05   4.79173e-03
   3  phi_CBO      4.47665e+00   3.88157e+00   4.01569e-03  -9.68310e-05
 EXTERNAL ERROR MATRIX.    NDIM=  25    NPAR=  3    ERR DEF=1
  1.829e-03 -1.259e-03 -5.586e-01 
 -1.259e-03  1.552e-01  6.912e+01 
 -5.586e-01  6.912e+01  3.125e+04 
 PARAMETER  CORRELATION COEFFICIENTS  
       NO.  GLOBAL      1      2      3
        1  0.07473   1.000 -0.075 -0.074
        2  0.99245  -0.075  1.000  0.992
        3  0.99245  -0.074  0.992  1.000
setting A_CBO=0.001956 w_CBO=2.334792, phi_CBO=4.476652
done fitting cbo isolate
 **********
 **    1 **SET PRINTOUT            1
 **********
 **********
 **    2 **SET NOWARNINGS 
 **********
 PARAMETER DEFINITIONS:
    NO.   NAME         VALUE      STEP SIZE      LIMITS
     1 N0           2.99503e+06  1.00000e+02     no limits
     2 tau          6.43993e+01  constant
     3 A0           3.54065e-01  1.00000e-04     no limits
     4 phi          4.11942e+00  1.00000e-02     no limits
     5 R           -6.01693e+01  constant
     6 A_CBO        1.95581e-03  1.00000e-05     no limits
     7 w_CBO        2.33479e+00  1.00000e-03     no limits
     8 phi_CBO      4.47665e+00  1.00000e-04     no limits
     9 ANx2         6.17909e-04  constant
    10 pNx2         3.86483e+00  constant
    11 ANy1         0.00000e+00  constant
    12 pNy1         0.00000e+00  constant
    13 w_y          0.00000e+00  constant
    14 ANy2         7.96733e-03  1.00000e-04     no limits
    15 pNy2         1.76471e+00  constant
    16 w_vw         1.43097e+01  constant
    17 LM          -1.37296e-04  constant
    18 wCBO_expCoeff   2.00000e+02  1.00000e+00     no limits
    19 wCBO_expOffset   2.00000e+02  1.00000e+00     no limits
    20 wCBO_expT    3.00000e+01  1.00000e+00     no limits
    21 wCBO_linCoeff   0.00000e+00  constant
    22 wCBO_const   0.00000e+00  1.00000e-02     no limits
MINUIT - FIT ONLY WIGGLE
 **********
 **    3 **FIX            5
 **********
 PARAMETER    5  IS CONSTANT.   IGNORED.
 **********
 **    4 **FIX            6
 **********
 **********
 **    5 **FIX            7
 **********
 **********
 **    6 **FIX            8
 **********
 **********
 **    7 **FIX            9
 **********
 PARAMETER    9  IS CONSTANT.   IGNORED.
 **********
 **    8 **FIX           10
 **********
 PARAMETER   10  IS CONSTANT.   IGNORED.
 **********
 **    9 **FIX           11
 **********
 PARAMETER   11  IS CONSTANT.   IGNORED.
 **********
 **   10 **FIX           12
 **********
 PARAMETER   12  IS CONSTANT.   IGNORED.
 **********
 **   11 **FIX           13
 **********
 PARAMETER   13  IS CONSTANT.   IGNORED.
 **********
 **   12 **FIX           14
 **********
 **********
 **   13 **FIX           15
 **********
 PARAMETER   15  IS CONSTANT.   IGNORED.
 **********
 **   14 **FIX           16
 **********
 PARAMETER   16  IS CONSTANT.   IGNORED.
 **********
 **   15 **MIGRAD
 **********
 FIRST CALL TO USER FUNCTION AT NEW START POINT, WITH IFLAG=4.
 START MIGRAD MINIMIZATION.  STRATEGY  1.  CONVERGENCE WHEN EDM .LT. 1.00e-04
 FCN=391.998 FROM MIGRAD    STATUS=INITIATE       84 CALLS          85 TOTAL
                     EDM= unknown      STRATEGY= 1      NO ERROR MATRIX       
  EXT PARAMETER               CURRENT GUESS       STEP         FIRST   
  NO.   NAME      VALUE            ERROR          SIZE      DERIVATIVE 
   1  N0           2.99503e+06   1.00000e+02   0.00000e+00   5.20522e-04
   2  tau          6.43993e+01   constant   
   3  A0           3.54065e-01   1.00000e-04   0.00000e+00  -4.12535e+01
   4  phi          4.11942e+00   1.00000e-02   0.00000e+00  -4.30962e+02
   5  R           -6.01693e+01   constant   
   6  A_CBO        1.95581e-03     fixed    
   7  w_CBO        2.33479e+00     fixed    
   8  phi_CBO      4.47665e+00     fixed    
   9  ANx2         6.17909e-04   constant   
  10  pNx2         3.86483e+00   constant   
  11  ANy1         0.00000e+00   constant   
  12  pNy1         0.00000e+00   constant   
  13  w_y          0.00000e+00   constant   
  14  ANy2         7.96733e-03     fixed    
  15  pNy2         1.76471e+00   constant   
  16  w_vw         1.43097e+01   constant   
  17  LM          -1.37296e-04   constant   
  18  wCBO_expCoeff   1.98921e+02   1.00000e+00  -1.07859e+00  -1.08417e+00
  19  wCBO_expOffset   2.00000e+02   1.00000e+00   0.00000e+00  -7.18879e+00
  20  wCBO_expT    3.00000e+01   1.00000e+00   0.00000e+00  -2.42080e+01
  21  wCBO_linCoeff   0.00000e+00   constant   
  22  wCBO_const   4.14817e-04   1.00000e-02   0.00000e+00  -1.85462e+03
 MIGRAD MINIMIZATION HAS CONVERGED.
 FCN=388.146 FROM MIGRAD    STATUS=CONVERGED     287 CALLS         288 TOTAL
                     EDM=5.81291e-08    STRATEGY= 1  ERROR MATRIX UNCERTAINTY   0.1 per cent
  EXT PARAMETER                                   STEP         FIRST   
  NO.   NAME      VALUE            ERROR          SIZE      DERIVATIVE 
   1  N0           2.99421e+06   1.63855e+03  -1.22612e+00  -1.98269e-09
   2  tau          6.43993e+01   constant   
   3  A0           3.53982e-01   7.31262e-04   2.19060e-06   6.66019e-02
   4  phi          4.12023e+00   2.15578e-03  -1.20712e-05  -1.11255e-01
   5  R           -6.01693e+01   constant   
   6  A_CBO        1.95581e-03     fixed    
   7  w_CBO        2.33479e+00     fixed    
   8  phi_CBO      4.47665e+00     fixed    
   9  ANx2         6.17909e-04   constant   
  10  pNx2         3.86483e+00   constant   
  11  ANy1         0.00000e+00   constant   
  12  pNy1         0.00000e+00   constant   
  13  w_y          0.00000e+00   constant   
  14  ANy2         7.96733e-03     fixed    
  15  pNy2         1.76471e+00   constant   
  16  w_vw         1.43097e+01   constant   
  17  LM          -1.37296e-04   constant   
  18  wCBO_expCoeff   2.03422e+02   1.69715e+00   4.89374e-03  -1.82396e-03
  19  wCBO_expOffset   2.00680e+02   2.56533e-01   7.42510e-04  -1.24750e-02
  20  wCBO_expT    2.97349e+01   9.51770e-02  -2.59863e-04  -6.64622e-02
  21  wCBO_linCoeff   0.00000e+00   constant   
  22  wCBO_const   3.58574e-03   9.99105e-04   2.02267e-06  -3.44580e-01
 EXTERNAL ERROR MATRIX.    NDIM=  25    NPAR=  7    ERR DEF=1
  2.685e+06  1.002e-02  3.613e-02  3.853e+01  5.825e+00 -1.574e+00 -1.498e-02 
  1.002e-02  5.347e-07 -6.601e-09 -6.308e-05 -9.533e-06  3.623e-06 -3.917e-08 
  3.613e-02 -6.601e-09  4.647e-06  1.669e-04  2.524e-05 -9.318e-06  1.258e-07 
  3.853e+01 -6.308e-05  1.669e-04  2.880e+00  4.301e-01 -1.606e-01  1.356e-03 
  5.825e+00 -9.533e-06  2.524e-05  4.301e-01  6.581e-02 -2.428e-02  2.049e-04 
 -1.574e+00  3.623e-06 -9.318e-06 -1.606e-01 -2.428e-02  9.059e-03 -7.934e-05 
 -1.498e-02 -3.917e-08  1.258e-07  1.356e-03  2.049e-04 -7.934e-05  9.982e-07 
 PARAMETER  CORRELATION COEFFICIENTS  
       NO.  GLOBAL      1      3      4     18     19     20     22
        1  0.05661   1.000  0.008  0.010  0.014  0.014 -0.010 -0.009
        3  0.05590   0.008  1.000 -0.004 -0.051 -0.051  0.052 -0.054
        4  0.07960   0.010 -0.004  1.000  0.046  0.046 -0.045  0.058
       18  0.99673   0.014 -0.051  0.046  1.000  0.988 -0.994  0.800
       19  0.99677   0.014 -0.051  0.046  0.988  1.000 -0.994  0.800
       20  0.99905  -0.010  0.052 -0.045 -0.994 -0.994  1.000 -0.834
       22  0.93326  -0.009 -0.054  0.058  0.800  0.800 -0.834  1.000
MINUIT - FIT ONLY 1-CBO + other amplitudes 
 **********
 **   16 **RES 
 **********
                   PARAMETER   14  ANy2 RESTORED TO VARIABLE.
                   PARAMETER    8  phi_CBO RESTORED TO VARIABLE.
                   PARAMETER    7  w_CBO RESTORED TO VARIABLE.
                   PARAMETER    6  A_CBO RESTORED TO VARIABLE.
 **********
 **   17 **FIX            0
 **********
 PARAMETER    0  IS UNDEFINED. IGNORED.
 **********
 **   18 **FIX            1
 **********
 **********
 **   19 **FIX            2
 **********
 PARAMETER    2  IS CONSTANT.   IGNORED.
 **********
 **   20 **FIX            3
 **********
 **********
 **   21 **FIX            4
 **********
 **********
 **   22 **FIX            9
 **********
 PARAMETER    9  IS CONSTANT.   IGNORED.
 **********
 **   23 **FIX           11
 **********
 PARAMETER   11  IS CONSTANT.   IGNORED.
 **********
 **   24 **FIX           12
 **********
 PARAMETER   12  IS CONSTANT.   IGNORED.
 **********
 **   25 **FIX           14
 **********
 **********
 **   26 **FIX           15
 **********
 PARAMETER   15  IS CONSTANT.   IGNORED.
 **********
 **   27 **FIX           16
 **********
 PARAMETER   16  IS CONSTANT.   IGNORED.
 **********
 **   28 **MIGRAD
 **********
 START MIGRAD MINIMIZATION.  STRATEGY  1.  CONVERGENCE WHEN EDM .LT. 1.00e-04
 FCN=388.146 FROM MIGRAD    STATUS=INITIATE       20 CALLS         308 TOTAL
                     EDM= unknown      STRATEGY= 1      NO ERROR MATRIX       
  EXT PARAMETER               CURRENT GUESS       STEP         FIRST   
  NO.   NAME      VALUE            ERROR          SIZE      DERIVATIVE 
   1  N0           2.99421e+06     fixed    
   2  tau          6.43993e+01   constant   
   3  A0           3.53982e-01     fixed    
   4  phi          4.12023e+00     fixed    
   5  R           -6.01693e+01   constant   
   6  A_CBO        1.95581e-03   1.00000e-05   1.00000e-05   1.41154e+03
   7  w_CBO        2.33479e+00   1.00000e-03   1.00000e-03  -3.07288e-01
   8  phi_CBO      4.47665e+00   1.00000e-04   1.00000e-04   1.51919e+00
   9  ANx2         6.17909e-04   constant   
  10  pNx2         3.86483e+00   constant   
  11  ANy1         0.00000e+00   constant   
  12  pNy1         0.00000e+00   constant   
  13  w_y          0.00000e+00   constant   
  14  ANy2         7.96733e-03     fixed    
  15  pNy2         1.76471e+00   constant   
  16  w_vw         1.43097e+01   constant   
  17  LM          -1.37296e-04   constant   
  18  wCBO_expCoeff   2.03422e+02   1.69715e+00   4.89374e-03  -1.82406e-03
  19  wCBO_expOffset   2.00680e+02   2.56533e-01   7.42510e-04  -1.24756e-02
  20  wCBO_expT    2.97349e+01   9.51770e-02  -2.59863e-04  -6.64652e-02
  21  wCBO_linCoeff   0.00000e+00   constant   
  22  wCBO_const   3.58574e-03   9.99105e-04   2.02267e-06  -3.44578e-01
 MIGRAD MINIMIZATION HAS CONVERGED.
 MIGRAD WILL VERIFY CONVERGENCE AND ERROR MATRIX.
 COVARIANCE MATRIX CALCULATED SUCCESSFULLY
 FCN=387.623 FROM HESSE     STATUS=OK             54 CALLS         459 TOTAL
                     EDM=5.25369e-05    STRATEGY= 1      ERROR MATRIX ACCURATE 
  EXT PARAMETER                                   STEP         FIRST   
  NO.   NAME      VALUE            ERROR          SIZE      DERIVATIVE 
   1  N0           2.99421e+06     fixed    
   2  tau          6.43993e+01   constant   
   3  A0           3.53982e-01     fixed    
   4  phi          4.12023e+00     fixed    
   5  R           -6.01693e+01   constant   
   6  A_CBO        1.57095e-03   8.30123e-04   7.49598e-06   4.14999e-01
   7  w_CBO        2.33464e+00   2.79247e-02   6.13538e-06   3.41253e-01
   8  phi_CBO      4.13309e+00   8.00911e-01   4.73504e-03  -9.23962e-04
   9  ANx2         6.17909e-04   constant   
  10  pNx2         3.86483e+00   constant   
  11  ANy1         0.00000e+00   constant   
  12  pNy1         0.00000e+00   constant   
  13  w_y          0.00000e+00   constant   
  14  ANy2         7.96733e-03     fixed    
  15  pNy2         1.76471e+00   constant   
  16  w_vw         1.43097e+01   constant   
  17  LM          -1.37296e-04   constant   
  18  wCBO_expCoeff   2.03427e+02   3.09300e+00   1.59057e-03   2.00429e-04
  19  wCBO_expOffset   2.00680e+02   4.52381e-01   2.32494e-04   1.37111e-03
  20  wCBO_expT    2.97348e+01   7.46419e-02   4.04949e-05   2.07535e-01
  21  wCBO_linCoeff   0.00000e+00   constant   
  22  wCBO_const   3.46015e-03   1.19175e-02   3.73000e-06   7.53786e-01
 MIGRAD MINIMIZATION HAS CONVERGED.
 FCN=387.623 FROM MIGRAD    STATUS=CONVERGED     188 CALLS         476 TOTAL
                     EDM=1.6827e-06    STRATEGY= 1  ERROR MATRIX UNCERTAINTY   8.4 per cent
  EXT PARAMETER                                   STEP         FIRST   
  NO.   NAME      VALUE            ERROR          SIZE      DERIVATIVE 
   1  N0           2.99421e+06     fixed    
   2  tau          6.43993e+01   constant   
   3  A0           3.53982e-01     fixed    
   4  phi          4.12023e+00     fixed    
   5  R           -6.01693e+01   constant   
   6  A_CBO        1.56440e-03   8.97666e-04  -6.55216e-06  -1.11443e+00
   7  w_CBO        2.33480e+00   2.94943e-02   1.58102e-04  -9.58669e-01
   8  phi_CBO      4.14044e+00   8.78837e-01   7.34786e-03   3.07995e-03
   9  ANx2         6.17909e-04   constant   
  10  pNx2         3.86483e+00   constant   
  11  ANy1         0.00000e+00   constant   
  12  pNy1         0.00000e+00   constant   
  13  w_y          0.00000e+00   constant   
  14  ANy2         7.96733e-03     fixed    
  15  pNy2         1.76471e+00   constant   
  16  w_vw         1.43097e+01   constant   
  17  LM          -1.37296e-04   constant   
  18  wCBO_expCoeff   2.03458e+02   3.60421e+00   3.15317e-02  -5.13621e-03
  19  wCBO_expOffset   2.00685e+02   5.27149e-01   4.60980e-03  -3.51487e-02
  20  wCBO_expT    2.97326e+01   1.49465e-01  -2.20565e-03  -1.87132e-01
  21  wCBO_linCoeff   0.00000e+00   constant   
  22  wCBO_const   3.42290e-03   1.21450e-02  -3.72504e-05  -1.17851e+00
 EXTERNAL ERROR MATRIX.    NDIM=  25    NPAR=  7    ERR DEF=1
  8.058e-07 -4.050e-06 -2.563e-04 -8.434e-04 -1.233e-04  5.994e-05  7.550e-07 
 -4.050e-06  8.699e-04  4.365e-03 -9.253e-03 -1.370e-03 -1.627e-03 -3.528e-04 
 -2.563e-04  4.365e-03  7.724e-01  9.148e-01  1.338e-01 -6.487e-02 -5.433e-04 
 -8.434e-04 -9.253e-03  9.148e-01  1.299e+01 -1.471e-01 -3.192e-01  8.244e-03 
 -1.233e-04 -1.370e-03  1.338e-01 -1.471e-01  2.779e-01 -4.668e-02  1.213e-03 
  5.994e-05 -1.627e-03 -6.487e-02 -3.192e-01 -4.668e-02  2.234e-02  3.965e-04 
  7.550e-07 -3.528e-04 -5.433e-04  8.244e-03  1.213e-03  3.965e-04  1.475e-04 
 PARAMETER  CORRELATION COEFFICIENTS  
       NO.  GLOBAL      6      7      8     18     19     20     22
        6  0.49828   1.000 -0.153 -0.325 -0.261 -0.261  0.447  0.069
        7  0.99977  -0.153  1.000  0.168 -0.087 -0.088 -0.369 -0.985
        8  0.82969  -0.325  0.168  1.000  0.289  0.289 -0.494 -0.051
       18  0.99895  -0.261 -0.087  0.289  1.000 -0.077 -0.592  0.188
       19  0.99895  -0.261 -0.088  0.289 -0.077  1.000 -0.592  0.189
       20  0.99960   0.447 -0.369 -0.494 -0.592 -0.592  1.000  0.218
       22  0.99949   0.069 -0.985 -0.051  0.188  0.189  0.218  1.000
MINUIT - FIT ONLY 1-CBO
 **********
 **   29 **RES 
 **********
                   PARAMETER   14  ANy2 RESTORED TO VARIABLE.
                   PARAMETER    4  phi RESTORED TO VARIABLE.
                   PARAMETER    3  A0 RESTORED TO VARIABLE.
                   PARAMETER    1  N0 RESTORED TO VARIABLE.
 **********
 **   30 **FIX            0
 **********
 PARAMETER    0  IS UNDEFINED. IGNORED.
 **********
 **   31 **FIX            1
 **********
 **********
 **   32 **FIX            2
 **********
 PARAMETER    2  IS CONSTANT.   IGNORED.
 **********
 **   33 **FIX            3
 **********
 **********
 **   34 **FIX            4
 **********
 **********
 **   35 **FIX            8
 **********
 **********
 **   36 **FIX            9
 **********
 PARAMETER    9  IS CONSTANT.   IGNORED.
 **********
 **   37 **FIX           11
 **********
 PARAMETER   11  IS CONSTANT.   IGNORED.
 **********
 **   38 **FIX           12
 **********
 PARAMETER   12  IS CONSTANT.   IGNORED.
 **********
 **   39 **FIX           13
 **********
 PARAMETER   13  IS CONSTANT.   IGNORED.
 **********
 **   40 **FIX           15
 **********
 PARAMETER   15  IS CONSTANT.   IGNORED.
 **********
 **   41 **FIX           16
 **********
 PARAMETER   16  IS CONSTANT.   IGNORED.
 **********
 **   42 **MIGRAD
 **********
 START MIGRAD MINIMIZATION.  STRATEGY  1.  CONVERGENCE WHEN EDM .LT. 1.00e-04
 FCN=387.623 FROM MIGRAD    STATUS=INITIATE       16 CALLS         492 TOTAL
                     EDM= unknown      STRATEGY= 1      NO ERROR MATRIX       
  EXT PARAMETER               CURRENT GUESS       STEP         FIRST   
  NO.   NAME      VALUE            ERROR          SIZE      DERIVATIVE 
   1  N0           2.99421e+06     fixed    
   2  tau          6.43993e+01   constant   
   3  A0           3.53982e-01     fixed    
   4  phi          4.12023e+00     fixed    
   5  R           -6.01693e+01   constant   
   6  A_CBO        1.56440e-03   8.97666e-04  -6.55216e-06  -1.11443e+00
   7  w_CBO        2.33480e+00   2.94943e-02   1.58102e-04  -9.58661e-01
   8  phi_CBO      4.14044e+00     fixed    
   9  ANx2         6.17909e-04   constant   
  10  pNx2         3.86483e+00   constant   
  11  ANy1         0.00000e+00   constant   
  12  pNy1         0.00000e+00   constant   
  13  w_y          0.00000e+00   constant   
  14  ANy2         7.96733e-03   1.00000e-04   1.00000e-04   2.52052e+04
  15  pNy2         1.76471e+00   constant   
  16  w_vw         1.43097e+01   constant   
  17  LM          -1.37296e-04   constant   
  18  wCBO_expCoeff   2.03458e+02   3.60421e+00   3.15317e-02  -5.16873e-03
  19  wCBO_expOffset   2.00685e+02   5.27149e-01   4.60980e-03  -3.53662e-02
  20  wCBO_expT    2.97326e+01   1.49465e-01  -2.20565e-03  -1.87136e-01
  21  wCBO_linCoeff   0.00000e+00   constant   
  22  wCBO_const   3.42290e-03   1.21450e-02  -3.72504e-05  -1.17854e+00
 MIGRAD MINIMIZATION HAS CONVERGED.
 MIGRAD WILL VERIFY CONVERGENCE AND ERROR MATRIX.
 COVARIANCE MATRIX CALCULATED SUCCESSFULLY
 FCN=291.613 FROM MIGRAD    STATUS=CONVERGED     213 CALLS         689 TOTAL
                     EDM=1.82298e-06    STRATEGY= 1      ERROR MATRIX ACCURATE 
  EXT PARAMETER                                   STEP         FIRST   
  NO.   NAME      VALUE            ERROR          SIZE      DERIVATIVE 
   1  N0           2.99421e+06     fixed    
   2  tau          6.43993e+01   constant   
   3  A0           3.53982e-01     fixed    
   4  phi          4.12023e+00     fixed    
   5  R           -6.01693e+01   constant   
   6  A_CBO        9.86865e-04   8.64415e-04   6.51755e-06   9.25036e-01
   7  w_CBO        2.33614e+00   2.87010e-02   6.06473e-06  -9.58395e-01
   8  phi_CBO      4.14044e+00     fixed    
   9  ANx2         6.17909e-04   constant   
  10  pNx2         3.86483e+00   constant   
  11  ANy1         0.00000e+00   constant   
  12  pNy1         0.00000e+00   constant   
  13  w_y          0.00000e+00   constant   
  14  ANy2         3.39520e-04   7.78518e-04   6.47304e-06  -8.18760e-01
  15  pNy2         1.76471e+00   constant   
  16  w_vw         1.43097e+01   constant   
  17  LM          -1.37296e-04   constant   
  18  wCBO_expCoeff   2.04472e+02   5.14332e+00   1.68909e-03  -1.10333e-03
  19  wCBO_expOffset   2.00833e+02   7.46848e-01   2.45102e-04  -7.60353e-03
  20  wCBO_expT    2.96700e+01   8.43504e-02   4.26738e-05  -4.61946e-02
  21  wCBO_linCoeff   0.00000e+00   constant   
  22  wCBO_const   3.45291e-03   1.23178e-02   3.48929e-06  -2.00621e+00
 EXTERNAL ERROR MATRIX.    NDIM=  25    NPAR=  7    ERR DEF=1
  7.472e-07 -3.983e-07  4.548e-08 -3.325e-04 -4.830e-05  2.158e-05 -1.559e-07 
 -3.983e-07  8.237e-04 -7.254e-08 -3.245e-02 -4.756e-03 -1.860e-04 -3.525e-04 
  4.548e-08 -7.254e-08  6.061e-07 -5.246e-05 -7.621e-06  3.379e-06  8.435e-10 
 -3.325e-04 -3.245e-02 -5.246e-05  2.645e+01 -2.784e+00 -1.208e-01  1.489e-02 
 -4.830e-05 -4.756e-03 -7.621e-06 -2.784e+00  5.578e-01 -1.756e-02  2.182e-03 
  2.158e-05 -1.860e-04  3.379e-06 -1.208e-01 -1.756e-02  7.115e-03  1.975e-05 
 -1.559e-07 -3.525e-04  8.435e-10  1.489e-02  2.182e-03  1.975e-05  1.517e-04 
 PARAMETER  CORRELATION COEFFICIENTS  
       NO.  GLOBAL      6      7     14     18     19     20     22
        6  0.43014   1.000 -0.016  0.068 -0.075 -0.075  0.296 -0.015
        7  0.99968  -0.016  1.000 -0.003 -0.220 -0.222 -0.077 -0.997
       14  0.09521   0.068 -0.003  1.000 -0.013 -0.013  0.051  0.000
       18  0.99923  -0.075 -0.220 -0.013  1.000 -0.725 -0.278  0.235
       19  0.99923  -0.075 -0.222 -0.013 -0.725  1.000 -0.279  0.237
       20  0.99816   0.296 -0.077  0.051 -0.278 -0.279  1.000  0.019
       22  0.99942  -0.015 -0.997  0.000  0.235  0.237  0.019  1.000
MINUIT - FIT ONLY 2-CBO
 **********
 **   43 **RES 
 **********
                   PARAMETER    8  phi_CBO RESTORED TO VARIABLE.
                   PARAMETER    4  phi RESTORED TO VARIABLE.
                   PARAMETER    3  A0 RESTORED TO VARIABLE.
                   PARAMETER    1  N0 RESTORED TO VARIABLE.
 **********
 **   44 **FIX            0
 **********
 PARAMETER    0  IS UNDEFINED. IGNORED.
 **********
 **   45 **FIX            1
 **********
 **********
 **   46 **FIX            2
 **********
 PARAMETER    2  IS CONSTANT.   IGNORED.
 **********
 **   47 **FIX            3
 **********
 **********
 **   48 **FIX            4
 **********
 **********
 **   49 **FIX            5
 **********
 PARAMETER    5  IS CONSTANT.   IGNORED.
 **********
 **   50 **FIX            6
 **********
 **********
 **   51 **FIX            7
 **********
 **********
 **   52 **FIX           10
 **********
 PARAMETER   10  IS CONSTANT.   IGNORED.
 **********
 **   53 **FIX           11
 **********
 PARAMETER   11  IS CONSTANT.   IGNORED.
 **********
 **   54 **FIX           12
 **********
 PARAMETER   12  IS CONSTANT.   IGNORED.
 **********
 **   55 **FIX           13
 **********
 PARAMETER   13  IS CONSTANT.   IGNORED.
 **********
 **   56 **FIX           14
 **********
 **********
 **   57 **FIX           15
 **********
 PARAMETER   15  IS CONSTANT.   IGNORED.
 **********
 **   58 **FIX           16
 **********
 PARAMETER   16  IS CONSTANT.   IGNORED.
 **********
 **   59 **MIGRAD
 **********
 START MIGRAD MINIMIZATION.  STRATEGY  1.  CONVERGENCE WHEN EDM .LT. 1.00e-04
 FCN=291.613 FROM MIGRAD    STATUS=INITIATE       12 CALLS         701 TOTAL
                     EDM= unknown      STRATEGY= 1      NO ERROR MATRIX       
  EXT PARAMETER               CURRENT GUESS       STEP         FIRST   
  NO.   NAME      VALUE            ERROR          SIZE      DERIVATIVE 
   1  N0           2.99421e+06     fixed    
   2  tau          6.43993e+01   constant   
   3  A0           3.53982e-01     fixed    
   4  phi          4.12023e+00     fixed    
   5  R           -6.01693e+01   constant   
   6  A_CBO        9.86865e-04     fixed    
   7  w_CBO        2.33614e+00     fixed    
   8  phi_CBO      4.14044e+00   8.78837e-01   8.78837e-01   1.70392e-01
   9  ANx2         6.17909e-04   constant   
  10  pNx2         3.86483e+00   constant   
  11  ANy1         0.00000e+00   constant   
  12  pNy1         0.00000e+00   constant   
  13  w_y          0.00000e+00   constant   
  14  ANy2         3.39520e-04     fixed    
  15  pNy2         1.76471e+00   constant   
  16  w_vw         1.43097e+01   constant   
  17  LM          -1.37296e-04   constant   
  18  wCBO_expCoeff   2.04472e+02   5.14332e+00   1.68909e-03  -1.11472e-03
  19  wCBO_expOffset   2.00833e+02   7.46848e-01   2.45102e-04  -7.67976e-03
  20  wCBO_expT    2.96700e+01   8.43504e-02   4.26738e-05  -4.68779e-02
  21  wCBO_linCoeff   0.00000e+00   constant   
  22  wCBO_const   3.45291e-03   1.23178e-02   3.48929e-06  -2.00482e+00
 MIGRAD MINIMIZATION HAS CONVERGED.
 MIGRAD WILL VERIFY CONVERGENCE AND ERROR MATRIX.
 COVARIANCE MATRIX CALCULATED SUCCESSFULLY
 FCN=291.607 FROM MIGRAD    STATUS=CONVERGED      78 CALLS         767 TOTAL
                     EDM=1.80574e-05    STRATEGY= 1      ERROR MATRIX ACCURATE 
  EXT PARAMETER                                   STEP         FIRST   
  NO.   NAME      VALUE            ERROR          SIZE      DERIVATIVE 
   1  N0           2.99421e+06     fixed    
   2  tau          6.43993e+01   constant   
   3  A0           3.53982e-01     fixed    
   4  phi          4.12023e+00     fixed    
   5  R           -6.01693e+01   constant   
   6  A_CBO        9.86865e-04     fixed    
   7  w_CBO        2.33614e+00     fixed    
   8  phi_CBO      4.06683e+00   9.34076e-01   6.51193e-03   1.90982e-03
   9  ANx2         6.17909e-04   constant   
  10  pNx2         3.86483e+00   constant   
  11  ANy1         0.00000e+00   constant   
  12  pNy1         0.00000e+00   constant   
  13  w_y          0.00000e+00   constant   
  14  ANy2         3.39520e-04     fixed    
  15  pNy2         1.76471e+00   constant   
  16  w_vw         1.43097e+01   constant   
  17  LM          -1.37296e-04   constant   
  18  wCBO_expCoeff   2.04474e+02   5.16470e+00   1.68274e-03  -2.56842e-03
  19  wCBO_expOffset   2.00833e+02   7.49605e-01   2.44177e-04  -1.77004e-02
  20  wCBO_expT    2.96700e+01   8.16896e-02   4.24985e-05  -3.16326e-02
  21  wCBO_linCoeff   0.00000e+00   constant   
  22  wCBO_const   3.42655e-03   9.57374e-04   3.49543e-06  -9.71549e-01
 EXTERNAL ERROR MATRIX.    NDIM=  25    NPAR=  5    ERR DEF=1
  8.725e-01 -6.350e-02 -9.261e-03  2.390e-03  2.982e-04 
 -6.350e-02  2.667e+01 -3.216e+00 -1.220e-01  8.839e-04 
 -9.261e-03 -3.216e+00  5.619e-01 -1.776e-02  1.285e-04 
  2.390e-03 -1.220e-01 -1.776e-02  6.673e-03 -5.247e-05 
  2.982e-04  8.839e-04  1.285e-04 -5.247e-05  9.166e-07 
 PARAMETER  CORRELATION COEFFICIENTS  
       NO.  GLOBAL      8     18     19     20     22
        8  0.55566   1.000 -0.013 -0.013  0.031  0.333
       18  0.99924  -0.013  1.000 -0.831 -0.289  0.179
       19  0.99924  -0.013 -0.831  1.000 -0.290  0.179
       20  0.99806   0.031 -0.289 -0.290  1.000 -0.671
       22  0.89862   0.333  0.179  0.179 -0.671  1.000
MINUIT - FIT ONLY 1-y
 **********
 **   60 **RES 
 **********
                   PARAMETER   14  ANy2 RESTORED TO VARIABLE.
                   PARAMETER    7  w_CBO RESTORED TO VARIABLE.
                   PARAMETER    6  A_CBO RESTORED TO VARIABLE.
                   PARAMETER    4  phi RESTORED TO VARIABLE.
                   PARAMETER    3  A0 RESTORED TO VARIABLE.
                   PARAMETER    1  N0 RESTORED TO VARIABLE.
 **********
 **   61 **FIX            0
 **********
 PARAMETER    0  IS UNDEFINED. IGNORED.
 **********
 **   62 **FIX            1
 **********
 **********
 **   63 **FIX            2
 **********
 PARAMETER    2  IS CONSTANT.   IGNORED.
 **********
 **   64 **FIX            3
 **********
 **********
 **   65 **FIX            4
 **********
 **********
 **   66 **FIX            5
 **********
 PARAMETER    5  IS CONSTANT.   IGNORED.
 **********
 **   67 **FIX            6
 **********
 **********
 **   68 **FIX            7
 **********
 **********
 **   69 **FIX            8
 **********
 **********
 **   70 **FIX            9
 **********
 PARAMETER    9  IS CONSTANT.   IGNORED.
 **********
 **   71 **FIX           13
 **********
 PARAMETER   13  IS CONSTANT.   IGNORED.
 **********
 **   72 **FIX           14
 **********
 **********
 **   73 **FIX           15
 **********
 PARAMETER   15  IS CONSTANT.   IGNORED.
 **********
 **   74 **FIX           16
 **********
 PARAMETER   16  IS CONSTANT.   IGNORED.
 **********
 **   75 **MIGRAD
 **********
 START MIGRAD MINIMIZATION.  STRATEGY  1.  CONVERGENCE WHEN EDM .LT. 1.00e-04
 FCN=291.607 FROM MIGRAD    STATUS=INITIATE        8 CALLS         775 TOTAL
                     EDM= unknown      STRATEGY= 1      NO ERROR MATRIX       
  EXT PARAMETER               CURRENT GUESS       STEP         FIRST   
  NO.   NAME      VALUE            ERROR          SIZE      DERIVATIVE 
   1  N0           2.99421e+06     fixed    
   2  tau          6.43993e+01   constant   
   3  A0           3.53982e-01     fixed    
   4  phi          4.12023e+00     fixed    
   5  R           -6.01693e+01   constant   
   6  A_CBO        9.86865e-04     fixed    
   7  w_CBO        2.33614e+00     fixed    
   8  phi_CBO      4.06683e+00     fixed    
   9  ANx2         6.17909e-04   constant   
  10  pNx2         3.86483e+00   constant   
  11  ANy1         0.00000e+00   constant   
  12  pNy1         0.00000e+00   constant   
  13  w_y          0.00000e+00   constant   
  14  ANy2         3.39520e-04     fixed    
  15  pNy2         1.76471e+00   constant   
  16  w_vw         1.43097e+01   constant   
  17  LM          -1.37296e-04   constant   
  18  wCBO_expCoeff   2.04474e+02   5.16470e+00   1.68274e-03  -2.57897e-03
  19  wCBO_expOffset   2.00833e+02   7.49605e-01   2.44177e-04  -1.77709e-02
  20  wCBO_expT    2.96700e+01   8.16896e-02   4.24985e-05  -3.22767e-02
  21  wCBO_linCoeff   0.00000e+00   constant   
  22  wCBO_const   3.42655e-03   9.57374e-04   3.49543e-06  -9.69068e-01
 MIGRAD MINIMIZATION HAS CONVERGED.
 MIGRAD WILL VERIFY CONVERGENCE AND ERROR MATRIX.
 COVARIANCE MATRIX CALCULATED SUCCESSFULLY
 FCN=291.607 FROM MIGRAD    STATUS=CONVERGED      43 CALLS         810 TOTAL
                     EDM=1.64335e-05    STRATEGY= 1      ERROR MATRIX ACCURATE 
  EXT PARAMETER                                   STEP         FIRST   
  NO.   NAME      VALUE            ERROR          SIZE      DERIVATIVE 
   1  N0           2.99421e+06     fixed    
   2  tau          6.43993e+01   constant   
   3  A0           3.53982e-01     fixed    
   4  phi          4.12023e+00     fixed    
   5  R           -6.01693e+01   constant   
   6  A_CBO        9.86865e-04     fixed    
   7  w_CBO        2.33614e+00     fixed    
   8  phi_CBO      4.06683e+00     fixed    
   9  ANx2         6.17909e-04   constant   
  10  pNx2         3.86483e+00   constant   
  11  ANy1         0.00000e+00   constant   
  12  pNy1         0.00000e+00   constant   
  13  w_y          0.00000e+00   constant   
  14  ANy2         3.39520e-04     fixed    
  15  pNy2         1.76471e+00   constant   
  16  w_vw         1.43097e+01   constant   
  17  LM          -1.37296e-04   constant   
  18  wCBO_expCoeff   2.04474e+02   5.16048e+00   1.68014e-03  -2.38398e-04
  19  wCBO_expOffset   2.00833e+02   7.48970e-01   2.43795e-04  -1.64285e-03
  20  wCBO_expT    2.96700e+01   8.16355e-02   4.24408e-05   6.14634e-02
  21  wCBO_linCoeff   0.00000e+00   constant   
  22  wCBO_const   3.42657e-03   9.02474e-04   3.50828e-06  -3.95629e-03
 EXTERNAL ERROR MATRIX.    NDIM=  25    NPAR=  4    ERR DEF=1
  2.663e+01 -3.211e+00 -1.218e-01  9.054e-04 
 -3.211e+00  5.610e-01 -1.772e-02  1.316e-04 
 -1.218e-01 -1.772e-02  6.664e-03 -5.327e-05 
  9.054e-04  1.316e-04 -5.327e-05  8.145e-07 
 PARAMETER  CORRELATION COEFFICIENTS  
       NO.  GLOBAL     18     19     20     22
       18  0.99924   1.000 -0.831 -0.289  0.194
       19  0.99924  -0.831  1.000 -0.290  0.195
       20  0.99806  -0.289 -0.290  1.000 -0.723
       22  0.88509   0.194  0.195 -0.723  1.000
MINUIT - FIT ONLY 2-y
 **********
 **   76 **RES 
 **********
                   PARAMETER   14  ANy2 RESTORED TO VARIABLE.
                   PARAMETER    8  phi_CBO RESTORED TO VARIABLE.
                   PARAMETER    7  w_CBO RESTORED TO VARIABLE.
                   PARAMETER    6  A_CBO RESTORED TO VARIABLE.
                   PARAMETER    4  phi RESTORED TO VARIABLE.
                   PARAMETER    3  A0 RESTORED TO VARIABLE.
                   PARAMETER    1  N0 RESTORED TO VARIABLE.
 **********
 **   77 **FIX            0
 **********
 PARAMETER    0  IS UNDEFINED. IGNORED.
 **********
 **   78 **FIX            1
 **********
 **********
 **   79 **FIX            2
 **********
 PARAMETER    2  IS CONSTANT.   IGNORED.
 **********
 **   80 **FIX            3
 **********
 **********
 **   81 **FIX            4
 **********
 **********
 **   82 **FIX            5
 **********
 PARAMETER    5  IS CONSTANT.   IGNORED.
 **********
 **   83 **FIX            6
 **********
 **********
 **   84 **FIX            7
 **********
 **********
 **   85 **FIX            8
 **********
 **********
 **   86 **FIX            9
 **********
 PARAMETER    9  IS CONSTANT.   IGNORED.
 **********
 **   87 **FIX           10
 **********
 PARAMETER   10  IS CONSTANT.   IGNORED.
 **********
 **   88 **FIX           11
 **********
 PARAMETER   11  IS CONSTANT.   IGNORED.
 **********
 **   89 **FIX           12
 **********
 PARAMETER   12  IS CONSTANT.   IGNORED.
 **********
 **   90 **FIX           16
 **********
 PARAMETER   16  IS CONSTANT.   IGNORED.
 **********
 **   91 **MIGRAD
 **********
 START MIGRAD MINIMIZATION.  STRATEGY  1.  CONVERGENCE WHEN EDM .LT. 1.00e-04
 FCN=291.607 FROM MIGRAD    STATUS=INITIATE       10 CALLS         820 TOTAL
                     EDM= unknown      STRATEGY= 1      NO ERROR MATRIX       
  EXT PARAMETER               CURRENT GUESS       STEP         FIRST   
  NO.   NAME      VALUE            ERROR          SIZE      DERIVATIVE 
   1  N0           2.99421e+06     fixed    
   2  tau          6.43993e+01   constant   
   3  A0           3.53982e-01     fixed    
   4  phi          4.12023e+00     fixed    
   5  R           -6.01693e+01   constant   
   6  A_CBO        9.86865e-04     fixed    
   7  w_CBO        2.33614e+00     fixed    
   8  phi_CBO      4.06683e+00     fixed    
   9  ANx2         6.17909e-04   constant   
  10  pNx2         3.86483e+00   constant   
  11  ANy1         0.00000e+00   constant   
  12  pNy1         0.00000e+00   constant   
  13  w_y          0.00000e+00   constant   
  14  ANy2         3.39520e-04   7.78518e-04   7.78518e-04   1.19281e+00
  15  pNy2         1.76471e+00   constant   
  16  w_vw         1.43097e+01   constant   
  17  LM          -1.37296e-04   constant   
  18  wCBO_expCoeff   2.04474e+02   5.16048e+00   1.68014e-03  -2.48988e-04
  19  wCBO_expOffset   2.00833e+02   7.48970e-01   2.43795e-04  -1.71357e-03
  20  wCBO_expT    2.96700e+01   8.16355e-02   4.24408e-05   6.08178e-02
  21  wCBO_linCoeff   0.00000e+00   constant   
  22  wCBO_const   3.42657e-03   9.02474e-04   3.50828e-06  -3.54705e-03
 MIGRAD MINIMIZATION HAS CONVERGED.
 MIGRAD WILL VERIFY CONVERGENCE AND ERROR MATRIX.
 COVARIANCE MATRIX CALCULATED SUCCESSFULLY
 FCN=291.607 FROM MIGRAD    STATUS=CONVERGED      53 CALLS         863 TOTAL
                     EDM=1.65738e-05    STRATEGY= 1      ERROR MATRIX ACCURATE 
  EXT PARAMETER                                   STEP         FIRST   
  NO.   NAME      VALUE            ERROR          SIZE      DERIVATIVE 
   1  N0           2.99421e+06     fixed    
   2  tau          6.43993e+01   constant   
   3  A0           3.53982e-01     fixed    
   4  phi          4.12023e+00     fixed    
   5  R           -6.01693e+01   constant   
   6  A_CBO        9.86865e-04     fixed    
   7  w_CBO        2.33614e+00     fixed    
   8  phi_CBO      4.06683e+00     fixed    
   9  ANx2         6.17909e-04   constant   
  10  pNx2         3.86483e+00   constant   
  11  ANy1         0.00000e+00   constant   
  12  pNy1         0.00000e+00   constant   
  13  w_y          0.00000e+00   constant   
  14  ANy2         3.39129e-04   7.76641e-04   6.47300e-06  -9.40562e-02
  15  pNy2         1.76471e+00   constant   
  16  w_vw         1.43097e+01   constant   
  17  LM          -1.37296e-04   constant   
  18  wCBO_expCoeff   2.04474e+02   5.16400e+00   1.68016e-03  -1.08436e-03
  19  wCBO_expOffset   2.00833e+02   7.49487e-01   2.43799e-04  -7.47285e-03
  20  wCBO_expT    2.96700e+01   8.16944e-02   4.24415e-05   2.82234e-02
  21  wCBO_linCoeff   0.00000e+00   constant   
  22  wCBO_const   3.42657e-03   9.02663e-04   3.50830e-06  -3.16701e-01
 EXTERNAL ERROR MATRIX.    NDIM=  25    NPAR=  5    ERR DEF=1
  6.032e-07 -3.432e-05 -4.989e-06  2.055e-06 -1.036e-08 
 -3.432e-05  2.667e+01 -3.215e+00 -1.220e-01  9.063e-04 
 -4.989e-06 -3.215e+00  5.617e-01 -1.775e-02  1.318e-04 
  2.055e-06 -1.220e-01 -1.775e-02  6.674e-03 -5.333e-05 
 -1.036e-08  9.063e-04  1.318e-04 -5.333e-05  8.148e-07 
 PARAMETER  CORRELATION COEFFICIENTS  
       NO.  GLOBAL     14     18     19     20     22
       14  0.06528   1.000 -0.009 -0.009  0.032 -0.015
       18  0.99924  -0.009  1.000 -0.831 -0.289  0.194
       19  0.99924  -0.009 -0.831  1.000 -0.290  0.195
       20  0.99806   0.032 -0.289 -0.290  1.000 -0.723
       22  0.88514  -0.015  0.194  0.195 -0.723  1.000
MINUIT - FIT ALTOGETHER
 **********
 **   92 **RES 
 **********
                   PARAMETER    8  phi_CBO RESTORED TO VARIABLE.
                   PARAMETER    7  w_CBO RESTORED TO VARIABLE.
                   PARAMETER    6  A_CBO RESTORED TO VARIABLE.
                   PARAMETER    4  phi RESTORED TO VARIABLE.
                   PARAMETER    3  A0 RESTORED TO VARIABLE.
                   PARAMETER    1  N0 RESTORED TO VARIABLE.
 **********
 **   93 **MIGRAD
 **********
