 + ++++++++++++++++++++++++++++++++++++++++++++++++++++++++++++++++++++ +
 +                                                                      +
 +           You have chose to blind your fitting according to          +
 +                omega_ref * (1 + (R +/- deltaR) *10^{-6})             +
 +                                                                      +
 + ++++++++++++++++++++++++++++++++++++++++++++++++++++++++++++++++++++ +
In main()...
reading format from /gm2data/zkhechad/run45/envelope/formats/formatB_sBin_constraintOn.txt
pBinTau 	= 0  
pBinPhi 	= 0  
constraintau 	= 1 
includeMopTerm 	= 0    
constrainMop    = 0   
Parameters after format file: pBinTau 0 pBinPhi 0 constraintau 1 includeMopTerm 0 constrainMop 0 c_e_scale 0.000000 
reading cbo reference file (full fit) from /gm2data/zkhechad/cboTemplates/Run4CBOTemplates/fullFits/run4/sBin_constraintOn_cE0.0_seed0_run4_calo22.root
A_CBO 0.009526 w_CBO 2.326135 phi_CBO 3.153773 N0 2910883.778789 R -61.156963 tau 64.406920 
Reading cboRef file /gm2data/zkhechad/cboTemplates/Run4CBOTemplates//cboIsolate/run4_calo22.root
deltaT 164.120000
windowBins = 1100
fitting sliding window 1220 from bin 1423 at 212.311600 to bin 2523 at 376.431600 (1100 bins)

Reading data from /gm2data/cornell/histograms/aMethod/histogram_a_run4.root
fitting cbo isolate
 **********
 **    1 **SET PRINTOUT            1
 **********
 **********
 **    2 **SET NOWARNINGS 
 **********
 PARAMETER DEFINITIONS:
    NO.   NAME         VALUE      STEP SIZE      LIMITS
     1 A_CBO        9.52554e-03  1.00000e-05     no limits
     2 w_CBO        2.32614e+00  1.00000e-02    2.00000e+00  3.00000e+00
     3 phi_CBO      3.15377e+00  1.00000e-02    0.00000e+00  6.28319e+00
 **********
 **    3 **MIGRAD
 **********
 FIRST CALL TO USER FUNCTION AT NEW START POINT, WITH IFLAG=4.
 START MIGRAD MINIMIZATION.  STRATEGY  1.  CONVERGENCE WHEN EDM .LT. 1.00e-04
 FCN=0.0399442 FROM MIGRAD    STATUS=INITIATE       12 CALLS          13 TOTAL
                     EDM= unknown      STRATEGY= 1      NO ERROR MATRIX       
  EXT PARAMETER               CURRENT GUESS       STEP         FIRST   
  NO.   NAME      VALUE            ERROR          SIZE      DERIVATIVE 
   1  A_CBO        9.52554e-03   1.00000e-05   1.00000e-05   7.05784e+00
   2  w_CBO        2.32614e+00   1.00000e-02   2.13335e-02  -2.68307e-01
   3  phi_CBO      3.15377e+00   1.00000e-02   3.18313e-03   6.08231e-03
 MIGRAD MINIMIZATION HAS CONVERGED.
 MIGRAD WILL VERIFY CONVERGENCE AND ERROR MATRIX.
 COVARIANCE MATRIX CALCULATED SUCCESSFULLY
 FCN=0.0172661 FROM MIGRAD    STATUS=CONVERGED      49 CALLS          50 TOTAL
                     EDM=5.73288e-07    STRATEGY= 1      ERROR MATRIX ACCURATE 
  EXT PARAMETER                                   STEP         FIRST   
  NO.   NAME      VALUE            ERROR          SIZE      DERIVATIVE 
   1  A_CBO        3.09687e-03   4.26901e-02   2.10132e-05  -1.33749e-02
   2  w_CBO        2.32623e+00   2.73628e-01   4.96722e-05  -4.23489e-04
   3  phi_CBO      3.12656e+00   4.64096e+00   2.15184e-03  -2.46390e-05
 EXTERNAL ERROR MATRIX.    NDIM=  25    NPAR=  3    ERR DEF=1
  1.822e-03 -4.382e-04 -1.282e-01 
 -4.382e-04  8.537e-02  2.444e+01 
 -1.282e-01  2.444e+01  7.187e+03 
 PARAMETER  CORRELATION COEFFICIENTS  
       NO.  GLOBAL      1      2      3
        1  0.03543   1.000 -0.035 -0.035
        2  0.98680  -0.035  1.000  0.987
        3  0.98680  -0.035  0.987  1.000
setting A_CBO=0.003097 w_CBO=2.326234, phi_CBO=3.126555
done fitting cbo isolate
 **********
 **    1 **SET PRINTOUT            1
 **********
 **********
 **    2 **SET NOWARNINGS 
 **********
 PARAMETER DEFINITIONS:
    NO.   NAME         VALUE      STEP SIZE      LIMITS
     1 N0           2.91088e+06  1.00000e+02     no limits
     2 tau          6.44069e+01  constant
     3 A0           3.51795e-01  1.00000e-04     no limits
     4 phi          4.11585e+00  1.00000e-02     no limits
     5 R           -6.11570e+01  constant
     6 A_CBO        3.09687e-03  1.00000e-05     no limits
     7 w_CBO        2.32623e+00  1.00000e-03     no limits
     8 phi_CBO      3.12656e+00  1.00000e-04     no limits
     9 ANx2         8.59960e-04  constant
    10 pNx2         1.29548e+00  constant
    11 ANy1         0.00000e+00  constant
    12 pNy1         0.00000e+00  constant
    13 w_y          0.00000e+00  constant
    14 ANy2         8.55552e-03  1.00000e-04     no limits
    15 pNy2         3.07836e+00  constant
    16 w_vw         1.43006e+01  constant
    17 LM           1.55944e-04  constant
    18 wCBO_expCoeff   2.00000e+02  1.00000e+00     no limits
    19 wCBO_expOffset   2.00000e+02  1.00000e+00     no limits
    20 wCBO_expT    3.00000e+01  1.00000e+00     no limits
    21 wCBO_linCoeff   0.00000e+00  constant
    22 wCBO_const   0.00000e+00  1.00000e-02     no limits
MINUIT - FIT ONLY WIGGLE
 **********
 **    3 **FIX            5
 **********
 PARAMETER    5  IS CONSTANT.   IGNORED.
 **********
 **    4 **FIX            6
 **********
 **********
 **    5 **FIX            7
 **********
 **********
 **    6 **FIX            8
 **********
 **********
 **    7 **FIX            9
 **********
 PARAMETER    9  IS CONSTANT.   IGNORED.
 **********
 **    8 **FIX           10
 **********
 PARAMETER   10  IS CONSTANT.   IGNORED.
 **********
 **    9 **FIX           11
 **********
 PARAMETER   11  IS CONSTANT.   IGNORED.
 **********
 **   10 **FIX           12
 **********
 PARAMETER   12  IS CONSTANT.   IGNORED.
 **********
 **   11 **FIX           13
 **********
 PARAMETER   13  IS CONSTANT.   IGNORED.
 **********
 **   12 **FIX           14
 **********
 **********
 **   13 **FIX           15
 **********
 PARAMETER   15  IS CONSTANT.   IGNORED.
 **********
 **   14 **FIX           16
 **********
 PARAMETER   16  IS CONSTANT.   IGNORED.
 **********
 **   15 **MIGRAD
 **********
 FIRST CALL TO USER FUNCTION AT NEW START POINT, WITH IFLAG=4.
 START MIGRAD MINIMIZATION.  STRATEGY  1.  CONVERGENCE WHEN EDM .LT. 1.00e-04
 FCN=1815.36 FROM MIGRAD    STATUS=INITIATE       57 CALLS          58 TOTAL
                     EDM= unknown      STRATEGY= 1      NO ERROR MATRIX       
  EXT PARAMETER               CURRENT GUESS       STEP         FIRST   
  NO.   NAME      VALUE            ERROR          SIZE      DERIVATIVE 
   1  N0           2.91088e+06   1.00000e+02   0.00000e+00   3.86309e-03
   2  tau          6.44069e+01   constant   
   3  A0           3.51795e-01   1.00000e-04   0.00000e+00  -1.26055e+04
   4  phi          4.11585e+00   1.00000e-02   0.00000e+00  -4.52494e+02
   5  R           -6.11570e+01   constant   
   6  A_CBO        3.09687e-03     fixed    
   7  w_CBO        2.32623e+00     fixed    
   8  phi_CBO      3.12656e+00     fixed    
   9  ANx2         8.59960e-04   constant   
  10  pNx2         1.29548e+00   constant   
  11  ANy1         0.00000e+00   constant   
  12  pNy1         0.00000e+00   constant   
  13  w_y          0.00000e+00   constant   
  14  ANy2         8.55552e-03     fixed    
  15  pNy2         3.07836e+00   constant   
  16  w_vw         1.43006e+01   constant   
  17  LM           1.55944e-04   constant   
  18  wCBO_expCoeff   2.00007e+02   1.00000e+00   7.24397e-03  -2.30020e+01
  19  wCBO_expOffset   2.00000e+02   1.00000e+00   0.00000e+00   2.43153e+02
  20  wCBO_expT    3.00000e+01   1.00000e+00   0.00000e+00  -7.50163e+03
  21  wCBO_linCoeff   0.00000e+00   constant   
  22  wCBO_const   0.00000e+00   1.00000e-02   0.00000e+00  -2.19795e+03
 MIGRAD MINIMIZATION HAS CONVERGED.
 FCN=1808.32 FROM MIGRAD    STATUS=CONVERGED     186 CALLS         187 TOTAL
                     EDM=6.01422e-06    STRATEGY= 1  ERROR MATRIX UNCERTAINTY   0.6 per cent
  EXT PARAMETER                                   STEP         FIRST   
  NO.   NAME      VALUE            ERROR          SIZE      DERIVATIVE 
   1  N0           2.91034e+06   5.14630e+02   1.93492e-01  -1.45625e-06
   2  tau          6.44069e+01   constant   
   3  A0           3.52157e-01   2.37901e-04   1.25990e-07  -4.07177e+00
   4  phi          4.11607e+00   7.04818e-04   8.93508e-07  -3.82591e+00
   5  R           -6.11570e+01   constant   
   6  A_CBO        3.09687e-03     fixed    
   7  w_CBO        2.32623e+00     fixed    
   8  phi_CBO      3.12656e+00     fixed    
   9  ANx2         8.59960e-04   constant   
  10  pNx2         1.29548e+00   constant   
  11  ANy1         0.00000e+00   constant   
  12  pNy1         0.00000e+00   constant   
  13  w_y          0.00000e+00   constant   
  14  ANy2         8.55552e-03     fixed    
  15  pNy2         3.07836e+00   constant   
  16  w_vw         1.43006e+01   constant   
  17  LM           1.55944e-04   constant   
  18  wCBO_expCoeff   2.00006e+02   1.02632e-03   5.11731e-07   4.28990e+00
  19  wCBO_expOffset   2.00000e+02   1.96823e-04   2.09900e-07  -1.54699e+01
  20  wCBO_expT    3.00011e+01   5.75111e-04  -5.18357e-07   1.13375e+01
  21  wCBO_linCoeff   0.00000e+00   constant   
  22  wCBO_const  -7.14035e-04   6.30511e-04   2.28957e-07   6.37996e+00
 EXTERNAL ERROR MATRIX.    NDIM=  25    NPAR=  7    ERR DEF=1
  2.648e+05  4.660e-04 -4.339e-03 -2.673e-02  1.846e-03  8.538e-03 -1.131e-02 
  4.660e-04  5.660e-08  3.753e-10 -7.241e-09  3.154e-09 -1.421e-09  1.093e-09 
 -4.339e-03  3.753e-10  4.968e-07 -9.353e-08  1.391e-08  1.607e-09  2.157e-08 
 -2.673e-02 -7.241e-09 -9.353e-08  1.053e-06  1.068e-07 -3.872e-07  2.167e-07 
  1.846e-03  3.154e-09  1.391e-08  1.068e-07  3.874e-08 -8.597e-08  4.986e-08 
  8.538e-03 -1.421e-09  1.607e-09 -3.872e-07 -8.597e-08  3.308e-07 -2.998e-07 
 -1.131e-02  1.093e-09  2.157e-08  2.167e-07  4.986e-08 -2.998e-07  3.975e-07 
 PARAMETER  CORRELATION COEFFICIENTS  
       NO.  GLOBAL      1      3      4     18     19     20     22
        1  0.08792   1.000  0.004 -0.012 -0.051  0.018  0.029 -0.035
        3  0.12055   0.004  1.000  0.002 -0.030  0.067 -0.010  0.007
        4  0.29656  -0.012  0.002  1.000 -0.129  0.100  0.004  0.049
       18  0.78841  -0.051 -0.030 -0.129  1.000  0.529 -0.656  0.335
       19  0.88742   0.018  0.067  0.100  0.529  1.000 -0.760  0.402
       20  0.97390   0.029 -0.010  0.004 -0.656 -0.760  1.000 -0.827
       22  0.93466  -0.035  0.007  0.049  0.335  0.402 -0.827  1.000
MINUIT - FIT ONLY 1-CBO + other amplitudes 
 **********
 **   16 **RES 
 **********
                   PARAMETER   14  ANy2 RESTORED TO VARIABLE.
                   PARAMETER    8  phi_CBO RESTORED TO VARIABLE.
                   PARAMETER    7  w_CBO RESTORED TO VARIABLE.
                   PARAMETER    6  A_CBO RESTORED TO VARIABLE.
 **********
 **   17 **FIX            0
 **********
 PARAMETER    0  IS UNDEFINED. IGNORED.
 **********
 **   18 **FIX            1
 **********
 **********
 **   19 **FIX            2
 **********
 PARAMETER    2  IS CONSTANT.   IGNORED.
 **********
 **   20 **FIX            3
 **********
 **********
 **   21 **FIX            4
 **********
 **********
 **   22 **FIX            9
 **********
 PARAMETER    9  IS CONSTANT.   IGNORED.
 **********
 **   23 **FIX           11
 **********
 PARAMETER   11  IS CONSTANT.   IGNORED.
 **********
 **   24 **FIX           12
 **********
 PARAMETER   12  IS CONSTANT.   IGNORED.
 **********
 **   25 **FIX           14
 **********
 **********
 **   26 **FIX           15
 **********
 PARAMETER   15  IS CONSTANT.   IGNORED.
 **********
 **   27 **FIX           16
 **********
 PARAMETER   16  IS CONSTANT.   IGNORED.
 **********
 **   28 **MIGRAD
 **********
 START MIGRAD MINIMIZATION.  STRATEGY  1.  CONVERGENCE WHEN EDM .LT. 1.00e-04
 FCN=1808.32 FROM MIGRAD    STATUS=INITIATE       22 CALLS         209 TOTAL
                     EDM= unknown      STRATEGY= 1      NO ERROR MATRIX       
  EXT PARAMETER               CURRENT GUESS       STEP         FIRST   
  NO.   NAME      VALUE            ERROR          SIZE      DERIVATIVE 
   1  N0           2.91034e+06     fixed    
   2  tau          6.44069e+01   constant   
   3  A0           3.52157e-01     fixed    
   4  phi          4.11607e+00     fixed    
   5  R           -6.11570e+01   constant   
   6  A_CBO        3.09687e-03   1.00000e-05   1.00000e-05   8.86047e+04
   7  w_CBO        2.32623e+00   1.00000e-03   1.00000e-03   3.70928e+02
   8  phi_CBO      3.12656e+00   1.00000e-04   1.00000e-04   1.90600e+01
   9  ANx2         8.59960e-04   constant   
  10  pNx2         1.29548e+00   constant   
  11  ANy1         0.00000e+00   constant   
  12  pNy1         0.00000e+00   constant   
  13  w_y          0.00000e+00   constant   
  14  ANy2         8.55552e-03     fixed    
  15  pNy2         3.07836e+00   constant   
  16  w_vw         1.43006e+01   constant   
  17  LM           1.55944e-04   constant   
  18  wCBO_expCoeff   2.00006e+02   1.02632e-03   5.11731e-07   4.28990e+00
  19  wCBO_expOffset   2.00000e+02   1.96823e-04   2.09900e-07  -1.54699e+01
  20  wCBO_expT    3.00011e+01   5.75111e-04  -5.18357e-07   1.13375e+01
  21  wCBO_linCoeff   0.00000e+00   constant   
  22  wCBO_const  -7.14035e-04   6.30511e-04   2.28957e-07   6.37999e+00
 MIGRAD FAILS TO FIND IMPROVEMENT
 FCN=1682.24 FROM HESSE     STATUS=NOT POSDEF     52 CALLS         695 TOTAL
                     EDM=0.000103926    STRATEGY= 1      ERR MATRIX NOT POS-DEF
  EXT PARAMETER                APPROXIMATE        STEP         FIRST   
  NO.   NAME      VALUE            ERROR          SIZE      DERIVATIVE 
   1  N0           2.91034e+06     fixed    
   2  tau          6.44069e+01   constant   
   3  A0           3.52157e-01     fixed    
   4  phi          4.11607e+00     fixed    
   5  R           -6.11570e+01   constant   
   6  A_CBO        3.49354e-04   2.50298e-04   5.06469e-06   2.11782e-02
   7  w_CBO        2.32623e+00   7.16208e-05   1.10924e-06  -9.38339e+02
   8  phi_CBO      2.45723e+00   7.28889e-01   1.43671e-02  -6.93379e-03
   9  ANx2         8.59960e-04   constant   
  10  pNx2         1.29548e+00   constant   
  11  ANy1         0.00000e+00   constant   
  12  pNy1         0.00000e+00   constant   
  13  w_y          0.00000e+00   constant   
  14  ANy2         8.55552e-03     fixed    
  15  pNy2         3.07836e+00   constant   
  16  w_vw         1.43006e+01   constant   
  17  LM           1.55944e-04   constant   
  18  wCBO_expCoeff   2.00006e+02   6.30652e-03   9.53701e-05  -1.10156e+01
  19  wCBO_expOffset   2.00000e+02   1.60570e-03   9.53673e-05  -7.26314e+01
  20  wCBO_expT    3.00009e+01   3.97221e-04   1.43055e-05  -3.01689e+01
  21  wCBO_linCoeff   0.00000e+00   constant   
  22  wCBO_const  -6.37437e-04   4.35501e-04   4.73974e-06   1.95847e+01
 MIGRAD FAILS TO FIND IMPROVEMENT
 MIGRAD TERMINATED WITHOUT CONVERGENCE.
 FCN=1682.24 FROM MIGRAD    STATUS=FAILED        535 CALLS         722 TOTAL
                     EDM=0.0192614    STRATEGY= 1      ERR MATRIX NOT POS-DEF
  EXT PARAMETER                APPROXIMATE        STEP         FIRST   
  NO.   NAME      VALUE            ERROR          SIZE      DERIVATIVE 
   1  N0           2.91034e+06     fixed    
   2  tau          6.44069e+01   constant   
   3  A0           3.52157e-01     fixed    
   4  phi          4.11607e+00     fixed    
   5  R           -6.11570e+01   constant   
   6  A_CBO        3.49147e-04   2.48546e-04  -0.00000e+00  -7.55927e-01
   7  w_CBO        2.32623e+00   4.12031e-05   0.00000e+00   9.56430e+01
   8  phi_CBO      2.46058e+00   7.61699e-01   0.00000e+00   3.88207e-04
   9  ANx2         8.59960e-04   constant   
  10  pNx2         1.29548e+00   constant   
  11  ANy1         0.00000e+00   constant   
  12  pNy1         0.00000e+00   constant   
  13  w_y          0.00000e+00   constant   
  14  ANy2         8.55552e-03     fixed    
  15  pNy2         3.07836e+00   constant   
  16  w_vw         1.43006e+01   constant   
  17  LM           1.55944e-04   constant   
  18  wCBO_expCoeff   2.00006e+02   3.55903e-03   0.00000e+00   1.09004e+00
  19  wCBO_expOffset   2.00000e+02   1.44737e-04  -0.00000e+00   1.80088e+02
  20  wCBO_expT    3.00009e+01   3.94490e-04   0.00000e+00   4.39515e+00
  21  wCBO_linCoeff   0.00000e+00   constant   
  22  wCBO_const  -6.40466e-04   4.79930e-04  -0.00000e+00   1.27994e+00
 EXTERNAL ERROR MATRIX.    NDIM=  25    NPAR=  7    ERR DEF=1
  6.177e-08 -4.108e-10 -1.065e-05 -3.624e-08  9.180e-10  9.249e-09 -1.262e-09 
 -4.108e-10  1.698e-09  3.898e-06 -1.060e-07 -1.254e-09 -3.692e-09 -1.305e-09 
 -1.065e-05  3.898e-06  5.802e-01  3.492e-04 -1.861e-05 -4.463e-05 -2.290e-05 
 -3.624e-08 -1.060e-07  3.492e-04  1.267e-05 -1.111e-07 -3.168e-07 -2.852e-08 
  9.180e-10 -1.254e-09 -1.861e-05 -1.111e-07  2.095e-08  9.901e-10  1.525e-08 
  9.249e-09 -3.692e-09 -4.463e-05 -3.168e-07  9.901e-10  1.556e-07 -1.109e-07 
 -1.262e-09 -1.305e-09 -2.290e-05 -2.852e-08  1.525e-08 -1.109e-07  2.303e-07 
ERR MATRIX NOT POS-DEF
 PARAMETER  CORRELATION COEFFICIENTS  
       NO.  GLOBAL      6      7      8     18     19     20     22
        6  0.12056   1.000 -0.040 -0.056 -0.041  0.026  0.094 -0.011
        7  0.96862  -0.040  1.000  0.124 -0.723 -0.210 -0.227 -0.066
        8  0.37584  -0.056  0.124  1.000  0.129 -0.169 -0.149 -0.063
       18  0.96793  -0.041 -0.723  0.129  1.000 -0.216 -0.226 -0.017
       19  0.78857   0.026 -0.210 -0.169 -0.216  1.000  0.017  0.219
       20  0.94108   0.094 -0.227 -0.149 -0.226  0.017  1.000 -0.586
       22  0.87436  -0.011 -0.066 -0.063 -0.017  0.219 -0.586  1.000
 ERR MATRIX NOT POS-DEF
MINUIT - FIT ONLY 1-CBO
 **********
 **   29 **RES 
 **********
                   PARAMETER   14  ANy2 RESTORED TO VARIABLE.
                   PARAMETER    4  phi RESTORED TO VARIABLE.
                   PARAMETER    3  A0 RESTORED TO VARIABLE.
                   PARAMETER    1  N0 RESTORED TO VARIABLE.
 **********
 **   30 **FIX            0
 **********
 PARAMETER    0  IS UNDEFINED. IGNORED.
 **********
 **   31 **FIX            1
 **********
 **********
 **   32 **FIX            2
 **********
 PARAMETER    2  IS CONSTANT.   IGNORED.
 **********
 **   33 **FIX            3
 **********
 **********
 **   34 **FIX            4
 **********
 **********
 **   35 **FIX            8
 **********
 **********
 **   36 **FIX            9
 **********
 PARAMETER    9  IS CONSTANT.   IGNORED.
 **********
 **   37 **FIX           11
 **********
 PARAMETER   11  IS CONSTANT.   IGNORED.
 **********
 **   38 **FIX           12
 **********
 PARAMETER   12  IS CONSTANT.   IGNORED.
 **********
 **   39 **FIX           13
 **********
 PARAMETER   13  IS CONSTANT.   IGNORED.
 **********
 **   40 **FIX           15
 **********
 PARAMETER   15  IS CONSTANT.   IGNORED.
 **********
 **   41 **FIX           16
 **********
 PARAMETER   16  IS CONSTANT.   IGNORED.
 **********
 **   42 **MIGRAD
 **********
 START MIGRAD MINIMIZATION.  STRATEGY  1.  CONVERGENCE WHEN EDM .LT. 1.00e-04
 FCN=1682.24 FROM MIGRAD    STATUS=INITIATE       16 CALLS         738 TOTAL
                     EDM= unknown      STRATEGY= 1      NO ERROR MATRIX       
  EXT PARAMETER               CURRENT GUESS       STEP         FIRST   
  NO.   NAME      VALUE            ERROR          SIZE      DERIVATIVE 
   1  N0           2.91034e+06     fixed    
   2  tau          6.44069e+01   constant   
   3  A0           3.52157e-01     fixed    
   4  phi          4.11607e+00     fixed    
   5  R           -6.11570e+01   constant   
   6  A_CBO        3.49147e-04   2.48546e-04  -0.00000e+00  -7.55927e-01
   7  w_CBO        2.32623e+00   4.12031e-05   0.00000e+00   9.56430e+01
   8  phi_CBO      2.46058e+00     fixed    
   9  ANx2         8.59960e-04   constant   
  10  pNx2         1.29548e+00   constant   
  11  ANy1         0.00000e+00   constant   
  12  pNy1         0.00000e+00   constant   
  13  w_y          0.00000e+00   constant   
  14  ANy2         8.55552e-03   1.00000e-04   1.00000e-04   2.73585e+05
  15  pNy2         3.07836e+00   constant   
  16  w_vw         1.43006e+01   constant   
  17  LM           1.55944e-04   constant   
  18  wCBO_expCoeff   2.00006e+02   3.55903e-03   0.00000e+00   1.09004e+00
  19  wCBO_expOffset   2.00000e+02   1.44737e-04  -0.00000e+00   1.80088e+02
  20  wCBO_expT    3.00009e+01   3.94490e-04   0.00000e+00   4.39515e+00
  21  wCBO_linCoeff   0.00000e+00   constant   
  22  wCBO_const  -6.40466e-04   4.79930e-04  -0.00000e+00   1.27994e+00
 MIGRAD FAILS TO FIND IMPROVEMENT
 MIGRAD MINIMIZATION HAS CONVERGED.
 MIGRAD WILL VERIFY CONVERGENCE AND ERROR MATRIX.
 FCN=488.433 FROM MIGRAD    STATUS=CONVERGED     253 CALLS         975 TOTAL
                     EDM=1.43435e-05    STRATEGY= 1      ERR MATRIX NOT POS-DEF
  EXT PARAMETER                APPROXIMATE        STEP         FIRST   
  NO.   NAME      VALUE            ERROR          SIZE      DERIVATIVE 
   1  N0           2.91034e+06     fixed    
   2  tau          6.44069e+01   constant   
   3  A0           3.52157e-01     fixed    
   4  phi          4.11607e+00     fixed    
   5  R           -6.11570e+01   constant   
   6  A_CBO       -9.53426e-05   2.58981e-04   2.73934e-06  -6.91780e-01
   7  w_CBO        2.32627e+00   1.15004e-04   1.10925e-06  -2.31235e+02
   8  phi_CBO      2.46058e+00     fixed    
   9  ANx2         8.59960e-04   constant   
  10  pNx2         1.29548e+00   constant   
  11  ANy1         0.00000e+00   constant   
  12  pNy1         0.00000e+00   constant   
  13  w_y          0.00000e+00   constant   
  14  ANy2        -1.78036e-04   2.50931e-04   2.71614e-06  -5.61866e+00
  15  pNy2         3.07836e+00   constant   
  16  w_vw         1.43006e+01   constant   
  17  LM           1.55944e-04   constant   
  18  wCBO_expCoeff   2.00008e+02   1.00678e-02   9.53714e-05  -2.69912e+00
  19  wCBO_expOffset   2.00000e+02   1.86260e-03   9.53674e-05  -1.73511e+01
  20  wCBO_expT    2.99995e+01   5.39748e-04   1.43049e-05   1.58506e+00
  21  wCBO_linCoeff   0.00000e+00   constant   
  22  wCBO_const   1.70257e-04   6.29998e-04   3.07752e-06   1.92583e+00
 EXTERNAL ERROR MATRIX.    NDIM=  25    NPAR=  7    ERR DEF=1
  6.707e-08  3.038e-09  7.174e-10  2.763e-07 -8.806e-08  9.064e-09 -1.099e-08 
  3.038e-09  1.323e-08 -1.392e-09 -2.257e-07 -1.327e-07 -1.080e-08  3.087e-09 
  7.174e-10 -1.392e-09  6.297e-08 -1.252e-07  3.206e-08  6.520e-09 -4.388e-09 
  2.763e-07 -2.257e-07 -1.252e-07  1.014e-04 -1.194e-05 -9.424e-07  8.455e-07 
 -8.806e-08 -1.327e-07  3.206e-08 -1.194e-05  3.469e-06  1.857e-07 -1.255e-07 
  9.064e-09 -1.080e-08  6.520e-09 -9.424e-07  1.857e-07  2.913e-07 -2.728e-07 
 -1.099e-08  3.087e-09 -4.388e-09  8.455e-07 -1.255e-07 -2.728e-07  3.969e-07 
ERR MATRIX NOT POS-DEF
 PARAMETER  CORRELATION COEFFICIENTS  
       NO.  GLOBAL      6      7     14     18     19     20     22
        6  0.23403   1.000  0.102  0.011  0.106 -0.183  0.065 -0.067
        7  0.99496   0.102  1.000 -0.048 -0.195 -0.620 -0.174  0.043
       14  0.10059   0.011 -0.048  1.000 -0.050  0.069  0.048 -0.028
       18  0.99503   0.106 -0.195 -0.050  1.000 -0.637 -0.173  0.133
       19  0.99671  -0.183 -0.620  0.069 -0.637  1.000  0.185 -0.107
       20  0.93907   0.065 -0.174  0.048 -0.173  0.185  1.000 -0.802
       22  0.89353  -0.067  0.043 -0.028  0.133 -0.107 -0.802  1.000
 ERR MATRIX NOT POS-DEF
MINUIT - FIT ONLY 2-CBO
 **********
 **   43 **RES 
 **********
                   PARAMETER    8  phi_CBO RESTORED TO VARIABLE.
                   PARAMETER    4  phi RESTORED TO VARIABLE.
                   PARAMETER    3  A0 RESTORED TO VARIABLE.
                   PARAMETER    1  N0 RESTORED TO VARIABLE.
 **********
 **   44 **FIX            0
 **********
 PARAMETER    0  IS UNDEFINED. IGNORED.
 **********
 **   45 **FIX            1
 **********
 **********
 **   46 **FIX            2
 **********
 PARAMETER    2  IS CONSTANT.   IGNORED.
 **********
 **   47 **FIX            3
 **********
 **********
 **   48 **FIX            4
 **********
 **********
 **   49 **FIX            5
 **********
 PARAMETER    5  IS CONSTANT.   IGNORED.
 **********
 **   50 **FIX            6
 **********
 **********
 **   51 **FIX            7
 **********
 **********
 **   52 **FIX           10
 **********
 PARAMETER   10  IS CONSTANT.   IGNORED.
 **********
 **   53 **FIX           11
 **********
 PARAMETER   11  IS CONSTANT.   IGNORED.
 **********
 **   54 **FIX           12
 **********
 PARAMETER   12  IS CONSTANT.   IGNORED.
 **********
 **   55 **FIX           13
 **********
 PARAMETER   13  IS CONSTANT.   IGNORED.
 **********
 **   56 **FIX           14
 **********
 **********
 **   57 **FIX           15
 **********
 PARAMETER   15  IS CONSTANT.   IGNORED.
 **********
 **   58 **FIX           16
 **********
 PARAMETER   16  IS CONSTANT.   IGNORED.
 **********
 **   59 **MIGRAD
 **********
 START MIGRAD MINIMIZATION.  STRATEGY  1.  CONVERGENCE WHEN EDM .LT. 1.00e-04
 FCN=488.433 FROM MIGRAD    STATUS=INITIATE       12 CALLS         987 TOTAL
                     EDM= unknown      STRATEGY= 1      NO ERROR MATRIX       
  EXT PARAMETER               CURRENT GUESS       STEP         FIRST   
  NO.   NAME      VALUE            ERROR          SIZE      DERIVATIVE 
   1  N0           2.91034e+06     fixed    
   2  tau          6.44069e+01   constant   
   3  A0           3.52157e-01     fixed    
   4  phi          4.11607e+00     fixed    
   5  R           -6.11570e+01   constant   
   6  A_CBO       -9.53426e-05     fixed    
   7  w_CBO        2.32627e+00     fixed    
   8  phi_CBO      2.46058e+00   7.61699e-01   7.61699e-01   1.57530e-01
   9  ANx2         8.59960e-04   constant   
  10  pNx2         1.29548e+00   constant   
  11  ANy1         0.00000e+00   constant   
  12  pNy1         0.00000e+00   constant   
  13  w_y          0.00000e+00   constant   
  14  ANy2        -1.78036e-04     fixed    
  15  pNy2         3.07836e+00   constant   
  16  w_vw         1.43006e+01   constant   
  17  LM           1.55944e-04   constant   
  18  wCBO_expCoeff   2.00008e+02   1.00678e-02   9.53714e-05  -2.47906e+00
  19  wCBO_expOffset   2.00000e+02   1.86260e-03   9.53674e-05   4.69163e+01
  20  wCBO_expT    2.99995e+01   5.39748e-04   1.43049e-05   1.32405e+00
  21  wCBO_linCoeff   0.00000e+00   constant   
  22  wCBO_const   1.70257e-04   6.29998e-04   3.07752e-06   1.92164e+00
 MIGRAD FAILS TO FIND IMPROVEMENT
 FCN=488.392 FROM HESSE     STATUS=NOT POSDEF     33 CALLS        1598 TOTAL
                     EDM=0.000107642    STRATEGY= 1      ERR MATRIX NOT POS-DEF
  EXT PARAMETER                APPROXIMATE        STEP         FIRST   
  NO.   NAME      VALUE            ERROR          SIZE      DERIVATIVE 
   1  N0           2.91034e+06     fixed    
   2  tau          6.44069e+01   constant   
   3  A0           3.52157e-01     fixed    
   4  phi          4.11607e+00     fixed    
   5  R           -6.11570e+01   constant   
   6  A_CBO       -9.53426e-05     fixed    
   7  w_CBO        2.32627e+00     fixed    
   8  phi_CBO      1.94714e+00   2.57428e+00   2.61524e-02  -4.71190e-03
   9  ANx2         8.59960e-04   constant   
  10  pNx2         1.29548e+00   constant   
  11  ANy1         0.00000e+00   constant   
  12  pNy1         0.00000e+00   constant   
  13  w_y          0.00000e+00   constant   
  14  ANy2        -1.78036e-04     fixed    
  15  pNy2         3.07836e+00   constant   
  16  w_vw         1.43006e+01   constant   
  17  LM           1.55944e-04   constant   
  18  wCBO_expCoeff   2.00008e+02   1.21871e-02   9.53714e-05  -1.23021e+01
  19  wCBO_expOffset   2.00000e+02   1.79768e-03   9.53674e-05  -8.16981e+01
  20  wCBO_expT    2.99995e+01   5.31408e-04   1.43049e-05  -1.20035e+01
  21  wCBO_linCoeff   0.00000e+00   constant   
  22  wCBO_const   1.67461e-04   6.24713e-04   3.06898e-06  -1.42069e+00
 MIGRAD FAILS TO FIND IMPROVEMENT
 MIGRAD TERMINATED WITHOUT CONVERGENCE.
 FCN=488.392 FROM MIGRAD    STATUS=FAILED        659 CALLS        1634 TOTAL
                     EDM=0.000149528    STRATEGY= 1      ERR MATRIX NOT POS-DEF
  EXT PARAMETER                APPROXIMATE        STEP         FIRST   
  NO.   NAME      VALUE            ERROR          SIZE      DERIVATIVE 
   1  N0           2.91034e+06     fixed    
   2  tau          6.44069e+01   constant   
   3  A0           3.52157e-01     fixed    
   4  phi          4.11607e+00     fixed    
   5  R           -6.11570e+01   constant   
   6  A_CBO       -9.53426e-05     fixed    
   7  w_CBO        2.32627e+00     fixed    
   8  phi_CBO      1.96129e+00   2.39220e+00   0.00000e+00   6.39813e-04
   9  ANx2         8.59960e-04   constant   
  10  pNx2         1.29548e+00   constant   
  11  ANy1         0.00000e+00   constant   
  12  pNy1         0.00000e+00   constant   
  13  w_y          0.00000e+00   constant   
  14  ANy2        -1.78036e-04     fixed    
  15  pNy2         3.07836e+00   constant   
  16  w_vw         1.43006e+01   constant   
  17  LM           1.55944e-04   constant   
  18  wCBO_expCoeff   2.00008e+02   8.55664e-03   0.00000e+00   7.28204e-01
  19  wCBO_expOffset   2.00000e+02   1.05904e-03  -0.00000e+00   7.31619e+01
  20  wCBO_expT    2.99995e+01   5.39583e-04  -0.00000e+00   4.16659e+00
  21  wCBO_linCoeff   0.00000e+00   constant   
  22  wCBO_const   1.67786e-04   6.23629e-04   0.00000e+00   1.49804e-01
 EXTERNAL ERROR MATRIX.    NDIM=  25    NPAR=  5    ERR DEF=1
  5.723e+00  4.929e-03 -8.061e-04  4.476e-05  1.019e-04 
  4.929e-03  7.322e-05 -9.000e-06 -2.412e-06  8.968e-07 
 -8.061e-04 -9.000e-06  1.122e-06  2.636e-07 -8.703e-08 
  4.476e-05 -2.412e-06  2.636e-07  2.911e-07 -2.717e-07 
  1.019e-04  8.968e-07 -8.703e-08 -2.717e-07  3.889e-07 
ERR MATRIX NOT POS-DEF
 PARAMETER  CORRELATION COEFFICIENTS  
       NO.  GLOBAL      8     18     19     20     22
        8  0.76542   1.000  0.241 -0.318  0.035  0.068
       18  0.99819   0.241  1.000 -0.993 -0.522  0.168
       19  0.99809  -0.318 -0.993  1.000  0.461 -0.132
       20  0.94282   0.035 -0.522  0.461  1.000 -0.807
       22  0.89187   0.068  0.168 -0.132 -0.807  1.000
 ERR MATRIX NOT POS-DEF
MINUIT - FIT ONLY 1-y
 **********
 **   60 **RES 
 **********
                   PARAMETER   14  ANy2 RESTORED TO VARIABLE.
                   PARAMETER    7  w_CBO RESTORED TO VARIABLE.
                   PARAMETER    6  A_CBO RESTORED TO VARIABLE.
                   PARAMETER    4  phi RESTORED TO VARIABLE.
                   PARAMETER    3  A0 RESTORED TO VARIABLE.
                   PARAMETER    1  N0 RESTORED TO VARIABLE.
 **********
 **   61 **FIX            0
 **********
 PARAMETER    0  IS UNDEFINED. IGNORED.
 **********
 **   62 **FIX            1
 **********
 **********
 **   63 **FIX            2
 **********
 PARAMETER    2  IS CONSTANT.   IGNORED.
 **********
 **   64 **FIX            3
 **********
 **********
 **   65 **FIX            4
 **********
 **********
 **   66 **FIX            5
 **********
 PARAMETER    5  IS CONSTANT.   IGNORED.
 **********
 **   67 **FIX            6
 **********
 **********
 **   68 **FIX            7
 **********
 **********
 **   69 **FIX            8
 **********
 **********
 **   70 **FIX            9
 **********
 PARAMETER    9  IS CONSTANT.   IGNORED.
 **********
 **   71 **FIX           13
 **********
 PARAMETER   13  IS CONSTANT.   IGNORED.
 **********
 **   72 **FIX           14
 **********
 **********
 **   73 **FIX           15
 **********
 PARAMETER   15  IS CONSTANT.   IGNORED.
 **********
 **   74 **FIX           16
 **********
 PARAMETER   16  IS CONSTANT.   IGNORED.
 **********
 **   75 **MIGRAD
 **********
 START MIGRAD MINIMIZATION.  STRATEGY  1.  CONVERGENCE WHEN EDM .LT. 1.00e-04
 FCN=488.392 FROM MIGRAD    STATUS=INITIATE        8 CALLS        1642 TOTAL
                     EDM= unknown      STRATEGY= 1      NO ERROR MATRIX       
  EXT PARAMETER               CURRENT GUESS       STEP         FIRST   
  NO.   NAME      VALUE            ERROR          SIZE      DERIVATIVE 
   1  N0           2.91034e+06     fixed    
   2  tau          6.44069e+01   constant   
   3  A0           3.52157e-01     fixed    
   4  phi          4.11607e+00     fixed    
   5  R           -6.11570e+01   constant   
   6  A_CBO       -9.53426e-05     fixed    
   7  w_CBO        2.32627e+00     fixed    
   8  phi_CBO      1.96129e+00     fixed    
   9  ANx2         8.59960e-04   constant   
  10  pNx2         1.29548e+00   constant   
  11  ANy1         0.00000e+00   constant   
  12  pNy1         0.00000e+00   constant   
  13  w_y          0.00000e+00   constant   
  14  ANy2        -1.78036e-04     fixed    
  15  pNy2         3.07836e+00   constant   
  16  w_vw         1.43006e+01   constant   
  17  LM           1.55944e-04   constant   
  18  wCBO_expCoeff   2.00008e+02   8.55664e-03   0.00000e+00   7.28204e-01
  19  wCBO_expOffset   2.00000e+02   1.05904e-03  -0.00000e+00   7.31619e+01
  20  wCBO_expT    2.99995e+01   5.39583e-04  -0.00000e+00   4.16659e+00
  21  wCBO_linCoeff   0.00000e+00   constant   
  22  wCBO_const   1.67786e-04   6.23629e-04   0.00000e+00   1.49805e-01
 MIGRAD FAILS TO FIND IMPROVEMENT
 FCN=488.392 FROM HESSE     STATUS=NOT POSDEF     29 CALLS        1695 TOTAL
                     EDM=0.000258882    STRATEGY= 1      ERR MATRIX NOT POS-DEF
  EXT PARAMETER                APPROXIMATE        STEP         FIRST   
  NO.   NAME      VALUE            ERROR          SIZE      DERIVATIVE 
   1  N0           2.91034e+06     fixed    
   2  tau          6.44069e+01   constant   
   3  A0           3.52157e-01     fixed    
   4  phi          4.11607e+00     fixed    
   5  R           -6.11570e+01   constant   
   6  A_CBO       -9.53426e-05     fixed    
   7  w_CBO        2.32627e+00     fixed    
   8  phi_CBO      1.96129e+00     fixed    
   9  ANx2         8.59960e-04   constant   
  10  pNx2         1.29548e+00   constant   
  11  ANy1         0.00000e+00   constant   
  12  pNy1         0.00000e+00   constant   
  13  w_y          0.00000e+00   constant   
  14  ANy2        -1.78036e-04     fixed    
  15  pNy2         3.07836e+00   constant   
  16  w_vw         1.43006e+01   constant   
  17  LM           1.55944e-04   constant   
  18  wCBO_expCoeff   2.00008e+02   1.21956e-02   9.53714e-05  -2.22424e-02
  19  wCBO_expOffset   2.00000e+02   1.80152e-03   9.53674e-05   1.75304e+01
  20  wCBO_expT    2.99995e+01   5.35316e-04   1.43049e-05   2.09552e+00
  21  wCBO_linCoeff   0.00000e+00   constant   
  22  wCBO_const   1.67786e-04   6.30442e-04   3.06904e-06  -1.07215e+00
 MIGRAD FAILS TO FIND IMPROVEMENT
 MIGRAD TERMINATED WITHOUT CONVERGENCE.
 FCN=488.392 FROM MIGRAD    STATUS=FAILED         83 CALLS        1717 TOTAL
                     EDM=0.00379292    STRATEGY= 1      ERR MATRIX NOT POS-DEF
  EXT PARAMETER                APPROXIMATE        STEP         FIRST   
  NO.   NAME      VALUE            ERROR          SIZE      DERIVATIVE 
   1  N0           2.91034e+06     fixed    
   2  tau          6.44069e+01   constant   
   3  A0           3.52157e-01     fixed    
   4  phi          4.11607e+00     fixed    
   5  R           -6.11570e+01   constant   
   6  A_CBO       -9.53426e-05     fixed    
   7  w_CBO        2.32627e+00     fixed    
   8  phi_CBO      1.96129e+00     fixed    
   9  ANx2         8.59960e-04   constant   
  10  pNx2         1.29548e+00   constant   
  11  ANy1         0.00000e+00   constant   
  12  pNy1         0.00000e+00   constant   
  13  w_y          0.00000e+00   constant   
  14  ANy2        -1.78036e-04     fixed    
  15  pNy2         3.07836e+00   constant   
  16  w_vw         1.43006e+01   constant   
  17  LM           1.55944e-04   constant   
  18  wCBO_expCoeff   2.00008e+02   1.00000e+00   0.00000e+00  -5.80051e-01
  19  wCBO_expOffset   2.00000e+02   1.00001e+00  -0.00000e+00   6.45432e+01
  20  wCBO_expT    2.99995e+01   1.00001e+00   0.00000e+00  -3.41496e+00
  21  wCBO_linCoeff   0.00000e+00   constant   
  22  wCBO_const   1.68285e-04   1.00001e+00   0.00000e+00  -1.98328e+00
 EXTERNAL ERROR MATRIX.    NDIM=  25    NPAR=  4    ERR DEF=1
  1.000e+00  1.865e-06 -6.147e-07  2.589e-07 
  1.865e-06  1.000e+00  1.113e-09  7.655e-10 
 -6.147e-07  1.113e-09  1.000e+00 -2.653e-07 
  2.589e-07  7.655e-10 -2.653e-07  1.000e+00 
ERR MATRIX NOT POS-DEF
 PARAMETER  CORRELATION COEFFICIENTS  
       NO.  GLOBAL     18     19     20     22
       18  0.00000   1.000  0.000 -0.000  0.000
       19  0.00000   0.000  1.000  0.000  0.000
       20  0.00000  -0.000  0.000  1.000 -0.000
       22  0.00000   0.000  0.000 -0.000  1.000
 ERR MATRIX NOT POS-DEF
MINUIT - FIT ONLY 2-y
 **********
 **   76 **RES 
 **********
                   PARAMETER   14  ANy2 RESTORED TO VARIABLE.
                   PARAMETER    8  phi_CBO RESTORED TO VARIABLE.
                   PARAMETER    7  w_CBO RESTORED TO VARIABLE.
                   PARAMETER    6  A_CBO RESTORED TO VARIABLE.
                   PARAMETER    4  phi RESTORED TO VARIABLE.
                   PARAMETER    3  A0 RESTORED TO VARIABLE.
                   PARAMETER    1  N0 RESTORED TO VARIABLE.
 **********
 **   77 **FIX            0
 **********
 PARAMETER    0  IS UNDEFINED. IGNORED.
 **********
 **   78 **FIX            1
 **********
 **********
 **   79 **FIX            2
 **********
 PARAMETER    2  IS CONSTANT.   IGNORED.
 **********
 **   80 **FIX            3
 **********
 **********
 **   81 **FIX            4
 **********
 **********
 **   82 **FIX            5
 **********
 PARAMETER    5  IS CONSTANT.   IGNORED.
 **********
 **   83 **FIX            6
 **********
 **********
 **   84 **FIX            7
 **********
 **********
 **   85 **FIX            8
 **********
 **********
 **   86 **FIX            9
 **********
 PARAMETER    9  IS CONSTANT.   IGNORED.
 **********
 **   87 **FIX           10
 **********
 PARAMETER   10  IS CONSTANT.   IGNORED.
 **********
 **   88 **FIX           11
 **********
 PARAMETER   11  IS CONSTANT.   IGNORED.
 **********
 **   89 **FIX           12
 **********
 PARAMETER   12  IS CONSTANT.   IGNORED.
 **********
 **   90 **FIX           16
 **********
 PARAMETER   16  IS CONSTANT.   IGNORED.
 **********
 **   91 **MIGRAD
 **********
 START MIGRAD MINIMIZATION.  STRATEGY  1.  CONVERGENCE WHEN EDM .LT. 1.00e-04
 FCN=488.392 FROM MIGRAD    STATUS=INITIATE       10 CALLS        1727 TOTAL
                     EDM= unknown      STRATEGY= 1      NO ERROR MATRIX       
  EXT PARAMETER               CURRENT GUESS       STEP         FIRST   
  NO.   NAME      VALUE            ERROR          SIZE      DERIVATIVE 
   1  N0           2.91034e+06     fixed    
   2  tau          6.44069e+01   constant   
   3  A0           3.52157e-01     fixed    
   4  phi          4.11607e+00     fixed    
   5  R           -6.11570e+01   constant   
   6  A_CBO       -9.53426e-05     fixed    
   7  w_CBO        2.32627e+00     fixed    
   8  phi_CBO      1.96129e+00     fixed    
   9  ANx2         8.59960e-04   constant   
  10  pNx2         1.29548e+00   constant   
  11  ANy1         0.00000e+00   constant   
  12  pNy1         0.00000e+00   constant   
  13  w_y          0.00000e+00   constant   
  14  ANy2        -1.78036e-04   2.50931e-04   2.50931e-04  -4.25507e+01
  15  pNy2         3.07836e+00   constant   
  16  w_vw         1.43006e+01   constant   
  17  LM           1.55944e-04   constant   
  18  wCBO_expCoeff   2.00008e+02   1.00000e+00   0.00000e+00  -5.80051e-01
  19  wCBO_expOffset   2.00000e+02   1.00001e+00  -0.00000e+00   6.45432e+01
  20  wCBO_expT    2.99995e+01   1.00001e+00   0.00000e+00  -3.41496e+00
  21  wCBO_linCoeff   0.00000e+00   constant   
  22  wCBO_const   1.68285e-04   1.00001e+00   0.00000e+00  -1.98327e+00
 MIGRAD FAILS TO FIND IMPROVEMENT
 MIGRAD MINIMIZATION HAS CONVERGED.
 MIGRAD WILL VERIFY CONVERGENCE AND ERROR MATRIX.
 FCN=488.392 FROM MIGRAD    STATUS=CONVERGED      80 CALLS        1797 TOTAL
                     EDM=1.3834e-05    STRATEGY= 1      ERR MATRIX NOT POS-DEF
  EXT PARAMETER                APPROXIMATE        STEP         FIRST   
  NO.   NAME      VALUE            ERROR          SIZE      DERIVATIVE 
   1  N0           2.91034e+06     fixed    
