 + ++++++++++++++++++++++++++++++++++++++++++++++++++++++++++++++++++++ +
 +                                                                      +
 +           You have chose to blind your fitting according to          +
 +                omega_ref * (1 + (R +/- deltaR) *10^{-6})             +
 +                                                                      +
 + ++++++++++++++++++++++++++++++++++++++++++++++++++++++++++++++++++++ +
In main()...
reading format from /gm2data/zkhechad/run45/envelope/formats/formatB_sBin_constraintOn.txt
pBinTau 	= 0  
pBinPhi 	= 0  
constraintau 	= 1 
includeMopTerm 	= 0    
constrainMop    = 0   
Parameters after format file: pBinTau 0 pBinPhi 0 constraintau 1 includeMopTerm 0 constrainMop 0 c_e_scale 0.000000 
reading cbo reference file (full fit) from /gm2data/zkhechad/cboTemplates/Run4CBOTemplates/fullFits/run4/sBin_constraintOn_cE0.0_seed0_run4_calo7.root
A_CBO 0.010017 w_CBO 2.326795 phi_CBO 5.385454 N0 2934724.912691 R -61.426290 tau 64.406392 
Reading cboRef file /gm2data/zkhechad/cboTemplates/Run4CBOTemplates//cboIsolate/run4_calo7.root
deltaT 59.835461
windowBins = 400
fitting sliding window 920 from bin 1123 at 167.551600 to bin 1523 at 227.231600 (400 bins)

Reading data from /gm2data/cornell/histograms/aMethod/histogram_a_run4.root
fitting cbo isolate
 **********
 **    1 **SET PRINTOUT            1
 **********
 **********
 **    2 **SET NOWARNINGS 
 **********
 PARAMETER DEFINITIONS:
    NO.   NAME         VALUE      STEP SIZE      LIMITS
     1 A_CBO        1.00169e-02  1.00000e-05     no limits
     2 w_CBO        2.32680e+00  1.00000e-02    2.00000e+00  3.00000e+00
     3 phi_CBO      5.38545e+00  1.00000e-02    0.00000e+00  6.28319e+00
 **********
 **    3 **MIGRAD
 **********
 FIRST CALL TO USER FUNCTION AT NEW START POINT, WITH IFLAG=4.
 START MIGRAD MINIMIZATION.  STRATEGY  1.  CONVERGENCE WHEN EDM .LT. 1.00e-04
 FCN=0.00732496 FROM MIGRAD    STATUS=INITIATE       12 CALLS          13 TOTAL
                     EDM= unknown      STRATEGY= 1      NO ERROR MATRIX       
  EXT PARAMETER               CURRENT GUESS       STEP         FIRST   
  NO.   NAME      VALUE            ERROR          SIZE      DERIVATIVE 
   1  A_CBO        1.00169e-02   1.00000e-05   1.00000e-05   2.21298e+00
   2  w_CBO        2.32680e+00   1.00000e-02   2.13223e-02  -1.12645e-01
   3  phi_CBO      5.38545e+00   1.00000e-02   4.54801e-03   2.64859e-03
 MIGRAD MINIMIZATION HAS CONVERGED.
 MIGRAD WILL VERIFY CONVERGENCE AND ERROR MATRIX.
 COVARIANCE MATRIX CALCULATED SUCCESSFULLY
 FCN=0.00116971 FROM MIGRAD    STATUS=CONVERGED      47 CALLS          48 TOTAL
                     EDM=3.84435e-07    STRATEGY= 1      ERROR MATRIX ACCURATE 
  EXT PARAMETER                                   STEP         FIRST   
  NO.   NAME      VALUE            ERROR          SIZE      DERIVATIVE 
   1  A_CBO        4.44767e-03   7.09752e-02   3.46113e-05  -1.22423e-02
   2  w_CBO        2.32696e+00   6.44566e-01   8.35591e-05   6.87010e-04
   3  phi_CBO      5.35374e+00   4.51331e+00   3.35149e-03  -1.81517e-05
 EXTERNAL ERROR MATRIX.    NDIM=  25    NPAR=  3    ERR DEF=1
  5.037e-03 -3.438e-03 -6.789e-01 
 -3.438e-03  5.696e-01  1.115e+02 
 -6.789e-01  1.115e+02  2.206e+04 
 PARAMETER  CORRELATION COEFFICIENTS  
       NO.  GLOBAL      1      2      3
        1  0.06442   1.000 -0.064 -0.064
        2  0.99431  -0.064  1.000  0.994
        3  0.99431  -0.064  0.994  1.000
setting A_CBO=0.004448 w_CBO=2.326961, phi_CBO=5.353741
done fitting cbo isolate
 **********
 **    1 **SET PRINTOUT            1
 **********
 **********
 **    2 **SET NOWARNINGS 
 **********
 PARAMETER DEFINITIONS:
    NO.   NAME         VALUE      STEP SIZE      LIMITS
     1 N0           2.93472e+06  1.00000e+02     no limits
     2 tau          6.44064e+01  constant
     3 A0           3.50200e-01  1.00000e-04     no limits
     4 phi          4.11726e+00  1.00000e-02     no limits
     5 R           -6.14263e+01  constant
     6 A_CBO        4.44767e-03  1.00000e-05     no limits
     7 w_CBO        2.32696e+00  1.00000e-03     no limits
     8 phi_CBO      5.35374e+00  1.00000e-04     no limits
     9 ANx2         5.09258e-04  constant
    10 pNx2         1.79030e-01  constant
    11 ANy1         0.00000e+00  constant
    12 pNy1         0.00000e+00  constant
    13 w_y          0.00000e+00  constant
    14 ANy2         8.95951e-03  1.00000e-04     no limits
    15 pNy2         6.17155e+00  constant
    16 w_vw         1.43200e+01  constant
    17 LM          -8.21731e-05  constant
    18 wCBO_expCoeff   2.00000e+02  1.00000e+00     no limits
    19 wCBO_expOffset   2.00000e+02  1.00000e+00     no limits
    20 wCBO_expT    3.00000e+01  1.00000e+00     no limits
    21 wCBO_linCoeff   0.00000e+00  constant
    22 wCBO_const   0.00000e+00  1.00000e-02     no limits
MINUIT - FIT ONLY WIGGLE
 **********
 **    3 **FIX            5
 **********
 PARAMETER    5  IS CONSTANT.   IGNORED.
 **********
 **    4 **FIX            6
 **********
 **********
 **    5 **FIX            7
 **********
 **********
 **    6 **FIX            8
 **********
 **********
 **    7 **FIX            9
 **********
 PARAMETER    9  IS CONSTANT.   IGNORED.
 **********
 **    8 **FIX           10
 **********
 PARAMETER   10  IS CONSTANT.   IGNORED.
 **********
 **    9 **FIX           11
 **********
 PARAMETER   11  IS CONSTANT.   IGNORED.
 **********
 **   10 **FIX           12
 **********
 PARAMETER   12  IS CONSTANT.   IGNORED.
 **********
 **   11 **FIX           13
 **********
 PARAMETER   13  IS CONSTANT.   IGNORED.
 **********
 **   12 **FIX           14
 **********
 **********
 **   13 **FIX           15
 **********
 PARAMETER   15  IS CONSTANT.   IGNORED.
 **********
 **   14 **FIX           16
 **********
 PARAMETER   16  IS CONSTANT.   IGNORED.
 **********
 **   15 **MIGRAD
 **********
 FIRST CALL TO USER FUNCTION AT NEW START POINT, WITH IFLAG=4.
 START MIGRAD MINIMIZATION.  STRATEGY  1.  CONVERGENCE WHEN EDM .LT. 1.00e-04
 FCN=2384.4 FROM MIGRAD    STATUS=INITIATE       61 CALLS          62 TOTAL
                     EDM= unknown      STRATEGY= 1      NO ERROR MATRIX       
  EXT PARAMETER               CURRENT GUESS       STEP         FIRST   
  NO.   NAME      VALUE            ERROR          SIZE      DERIVATIVE 
   1  N0           2.93472e+06   1.00000e+02   0.00000e+00   5.31479e-03
   2  tau          6.44064e+01   constant   
   3  A0           3.50200e-01   1.00000e-04   0.00000e+00   6.31367e+03
   4  phi          4.11726e+00   1.00000e-02   0.00000e+00  -4.51563e+03
   5  R           -6.14263e+01   constant   
   6  A_CBO        4.44767e-03     fixed    
   7  w_CBO        2.32696e+00     fixed    
   8  phi_CBO      5.35374e+00     fixed    
   9  ANx2         5.09258e-04   constant   
  10  pNx2         1.79030e-01   constant   
  11  ANy1         0.00000e+00   constant   
  12  pNy1         0.00000e+00   constant   
  13  w_y          0.00000e+00   constant   
  14  ANy2         8.95951e-03     fixed    
  15  pNy2         6.17155e+00   constant   
  16  w_vw         1.43200e+01   constant   
  17  LM          -8.21731e-05   constant   
  18  wCBO_expCoeff   2.00000e+02   1.00000e+00   0.00000e+00  -7.63525e+04
  19  wCBO_expOffset   1.99996e+02   1.00000e+00  -3.75813e-03  -4.92215e+05
  20  wCBO_expT    3.00000e+01   1.00000e+00   0.00000e+00   5.34249e+05
  21  wCBO_linCoeff   0.00000e+00   constant   
  22  wCBO_const   0.00000e+00   1.00000e-02   0.00000e+00  -1.65696e+04
 CALL LIMIT EXCEEDED IN MIGRAD.
 MIGRAD TERMINATED WITHOUT CONVERGENCE.
 FCN=2295.25 FROM MIGRAD    STATUS=CALL LIMIT   1160 CALLS        1161 TOTAL
                     EDM=57.5026    STRATEGY= 1  ERROR MATRIX UNCERTAINTY   0.3 per cent
  EXT PARAMETER                APPROXIMATE        STEP         FIRST   
  NO.   NAME      VALUE            ERROR          SIZE      DERIVATIVE 
   1  N0           2.93474e+06   4.18595e+02   4.31016e+00   3.56316e-03
   2  tau          6.44064e+01   constant   
   3  A0           3.49861e-01   2.20363e-04  -3.09816e-07  -3.02756e+03
   4  phi          4.11642e+00   6.39459e-04   1.90463e-06  -1.12382e+00
   5  R           -6.14263e+01   constant   
   6  A_CBO        4.44767e-03     fixed    
   7  w_CBO        2.32696e+00     fixed    
   8  phi_CBO      5.35374e+00     fixed    
   9  ANx2         5.09258e-04   constant   
  10  pNx2         1.79030e-01   constant   
  11  ANy1         0.00000e+00   constant   
  12  pNy1         0.00000e+00   constant   
  13  w_y          0.00000e+00   constant   
  14  ANy2         8.95951e-03     fixed    
  15  pNy2         6.17155e+00   constant   
  16  w_vw         1.43200e+01   constant   
  17  LM          -8.21731e-05   constant   
  18  wCBO_expCoeff   2.00001e+02   2.72932e-04   3.17791e-06  -5.97257e+03
  19  wCBO_expOffset   1.99996e+02   1.57547e-04  -2.05890e-06   5.62213e+04
  20  wCBO_expT    2.99995e+01   8.11511e-05  -1.02713e-06   6.99706e+04
  21  wCBO_linCoeff   0.00000e+00   constant   
  22  wCBO_const  -3.29123e-03   9.23341e-04   1.15997e-05  -8.09577e+02
 EXTERNAL ERROR MATRIX.    NDIM=  25    NPAR=  7    ERR DEF=1
  1.752e+05  1.875e-02  2.583e-02  8.404e-02 -4.953e-02 -2.897e-02  2.378e-01 
  1.875e-02  4.856e-08  1.714e-08 -3.149e-09  4.210e-09  2.348e-09 -1.359e-08 
  2.583e-02  1.714e-08  4.089e-07  3.945e-08 -2.011e-08 -1.111e-08  1.119e-07 
  8.404e-02 -3.149e-09  3.945e-08  7.449e-08 -3.774e-08 -1.830e-08  1.971e-07 
 -4.953e-02  4.210e-09 -2.011e-08 -3.774e-08  2.482e-08  1.211e-08 -1.403e-07 
 -2.897e-02  2.348e-09 -1.111e-08 -1.830e-08  1.211e-08  6.586e-09 -6.562e-08 
  2.378e-01 -1.359e-08  1.119e-07  1.971e-07 -1.403e-07 -6.562e-08  8.526e-07 
ERR MATRIX APPROXIMATE
 PARAMETER  CORRELATION COEFFICIENTS  
       NO.  GLOBAL      1      3      4     18     19     20     22
        1  0.98981   1.000  0.203  0.096  0.736 -0.751 -0.853  0.615
        3  0.94803   0.203  1.000  0.122 -0.052  0.121  0.131 -0.067
        4  0.71740   0.096  0.122  1.000  0.226 -0.200 -0.214  0.189
       18  0.93872   0.736 -0.052  0.226  1.000 -0.878 -0.826  0.782
       19  0.99767  -0.751  0.121 -0.200 -0.878  1.000  0.947 -0.965
       20  0.99081  -0.853  0.131 -0.214 -0.826  0.947  1.000 -0.876
       22  0.99658   0.615 -0.067  0.189  0.782 -0.965 -0.876  1.000
 ERR MATRIX APPROXIMATE
MINUIT - FIT ONLY 1-CBO + other amplitudes 
 **********
 **   16 **RES 
 **********
                   PARAMETER   14  ANy2 RESTORED TO VARIABLE.
                   PARAMETER    8  phi_CBO RESTORED TO VARIABLE.
                   PARAMETER    7  w_CBO RESTORED TO VARIABLE.
                   PARAMETER    6  A_CBO RESTORED TO VARIABLE.
 **********
 **   17 **FIX            0
 **********
 PARAMETER    0  IS UNDEFINED. IGNORED.
 **********
 **   18 **FIX            1
 **********
 **********
 **   19 **FIX            2
 **********
 PARAMETER    2  IS CONSTANT.   IGNORED.
 **********
 **   20 **FIX            3
 **********
 **********
 **   21 **FIX            4
 **********
 **********
 **   22 **FIX            9
 **********
 PARAMETER    9  IS CONSTANT.   IGNORED.
 **********
 **   23 **FIX           11
 **********
 PARAMETER   11  IS CONSTANT.   IGNORED.
 **********
 **   24 **FIX           12
 **********
 PARAMETER   12  IS CONSTANT.   IGNORED.
 **********
 **   25 **FIX           14
 **********
 **********
 **   26 **FIX           15
 **********
 PARAMETER   15  IS CONSTANT.   IGNORED.
 **********
 **   27 **FIX           16
 **********
 PARAMETER   16  IS CONSTANT.   IGNORED.
 **********
 **   28 **MIGRAD
 **********
 START MIGRAD MINIMIZATION.  STRATEGY  1.  CONVERGENCE WHEN EDM .LT. 1.00e-04
 FCN=2295.25 FROM MIGRAD    STATUS=INITIATE       22 CALLS        1183 TOTAL
                     EDM= unknown      STRATEGY= 1      NO ERROR MATRIX       
  EXT PARAMETER               CURRENT GUESS       STEP         FIRST   
  NO.   NAME      VALUE            ERROR          SIZE      DERIVATIVE 
   1  N0           2.93474e+06     fixed    
   2  tau          6.44064e+01   constant   
   3  A0           3.49861e-01     fixed    
   4  phi          4.11642e+00     fixed    
   5  R           -6.14263e+01   constant   
   6  A_CBO        4.44767e-03   1.00000e-05   1.00000e-05   1.28647e+05
   7  w_CBO        2.32696e+00   1.00000e-03   1.00000e-03  -5.13484e+05
   8  phi_CBO      5.35374e+00   1.00000e-04   1.00000e-04  -2.21171e+01
   9  ANx2         5.09258e-04   constant   
  10  pNx2         1.79030e-01   constant   
  11  ANy1         0.00000e+00   constant   
  12  pNy1         0.00000e+00   constant   
  13  w_y          0.00000e+00   constant   
  14  ANy2         8.95951e-03     fixed    
  15  pNy2         6.17155e+00   constant   
  16  w_vw         1.43200e+01   constant   
  17  LM          -8.21731e-05   constant   
  18  wCBO_expCoeff   2.00001e+02   2.72932e-04   3.17791e-06  -5.97257e+03
  19  wCBO_expOffset   1.99996e+02   1.57547e-04  -2.05890e-06   5.62213e+04
  20  wCBO_expT    2.99995e+01   8.11511e-05  -1.02713e-06   6.99706e+04
  21  wCBO_linCoeff   0.00000e+00   constant   
  22  wCBO_const  -3.29123e-03   9.23341e-04   1.15997e-05  -8.09577e+02
 MIGRAD FAILS TO FIND IMPROVEMENT
 FCN=2079.03 FROM HESSE     STATUS=NOT POSDEF     58 CALLS        1385 TOTAL
                     EDM=0.0977257    STRATEGY= 1      ERR MATRIX NOT POS-DEF
  EXT PARAMETER                APPROXIMATE        STEP         FIRST   
  NO.   NAME      VALUE            ERROR          SIZE      DERIVATIVE 
   1  N0           2.93474e+06     fixed    
   2  tau          6.44064e+01   constant   
   3  A0           3.49861e-01     fixed    
   4  phi          4.11642e+00     fixed    
   5  R           -6.14263e+01   constant   
   6  A_CBO        1.27710e-03   3.73324e-04   4.92091e-06  -3.36404e+01
   7  w_CBO        2.32696e+00   1.19240e-05   1.10958e-06  -2.17104e+04
   8  phi_CBO      6.09829e+00   2.42757e-01   3.77138e-03   3.51002e-03
   9  ANx2         5.09258e-04   constant   
  10  pNx2         1.79030e-01   constant   
  11  ANy1         0.00000e+00   constant   
  12  pNy1         0.00000e+00   constant   
  13  w_y          0.00000e+00   constant   
  14  ANy2         8.95951e-03     fixed    
  15  pNy2         6.17155e+00   constant   
  16  w_vw         1.43200e+01   constant   
  17  LM          -8.21731e-05   constant   
  18  wCBO_expCoeff   2.00001e+02   1.02726e-03   9.53680e-05  -2.52710e+02
  19  wCBO_expOffset   1.99996e+02   8.92012e-05   9.53657e-05  -1.61871e+03
  20  wCBO_expT    2.99995e+01   2.01369e-04   1.43049e-05  -1.59278e+02
  21  wCBO_linCoeff   0.00000e+00   constant   
  22  wCBO_const  -2.88378e-03   2.20149e-03   5.55348e-06   2.27217e+01
 MIGRAD FAILS TO FIND IMPROVEMENT
 MIGRAD TERMINATED WITHOUT CONVERGENCE.
 FCN=2078.96 FROM MIGRAD    STATUS=FAILED        379 CALLS        1540 TOTAL
                     EDM=0.275766    STRATEGY= 1      ERR MATRIX NOT POS-DEF
  EXT PARAMETER                APPROXIMATE        STEP         FIRST   
  NO.   NAME      VALUE            ERROR          SIZE      DERIVATIVE 
   1  N0           2.93474e+06     fixed    
   2  tau          6.44064e+01   constant   
   3  A0           3.49861e-01     fixed    
   4  phi          4.11642e+00     fixed    
   5  R           -6.14263e+01   constant   
   6  A_CBO        1.27497e-03   3.46114e-04   0.00000e+00   3.50380e+01
   7  w_CBO        2.32697e+00   1.19902e-05   0.00000e+00  -3.57344e+04
   8  phi_CBO      6.09867e+00   2.39576e-01  -0.00000e+00   1.00531e-01
   9  ANx2         5.09258e-04   constant   
  10  pNx2         1.79030e-01   constant   
  11  ANy1         0.00000e+00   constant   
  12  pNy1         0.00000e+00   constant   
  13  w_y          0.00000e+00   constant   
  14  ANy2         8.95951e-03     fixed    
  15  pNy2         6.17155e+00   constant   
  16  w_vw         1.43200e+01   constant   
  17  LM          -8.21731e-05   constant   
  18  wCBO_expCoeff   2.00001e+02   1.03885e-03   0.00000e+00  -4.15513e+02
  19  wCBO_expOffset   1.99996e+02   1.59928e-04  -0.00000e+00   4.53389e+03
  20  wCBO_expT    2.99995e+01   1.48091e-04   0.00000e+00   1.53738e+03
  21  wCBO_linCoeff   0.00000e+00   constant   
  22  wCBO_const  -3.17193e-03   1.47629e-03  -0.00000e+00  -9.37805e+01
 EXTERNAL ERROR MATRIX.    NDIM=  25    NPAR=  7    ERR DEF=1
  1.198e-07  1.737e-09 -2.231e-05  1.525e-07 -5.054e-08  4.548e-09  2.259e-08 
  1.737e-09  1.438e-10 -5.102e-07  5.070e-09 -9.465e-10  1.311e-09 -1.190e-08 
 -2.231e-05 -5.102e-07  5.740e-02 -4.483e-05  1.502e-05 -1.973e-06  3.936e-05 
  1.525e-07  5.070e-09 -4.483e-05  1.079e-06 -8.295e-08  1.137e-07 -1.028e-06 
 -5.054e-08 -9.465e-10  1.502e-05 -8.295e-08  2.558e-08 -4.527e-09  8.618e-09 
  4.548e-09  1.311e-09 -1.973e-06  1.137e-07 -4.527e-09  2.193e-08 -1.943e-07 
  2.259e-08 -1.190e-08  3.936e-05 -1.028e-06  8.618e-09 -1.943e-07  2.179e-06 
ERR MATRIX NOT POS-DEF
 PARAMETER  CORRELATION COEFFICIENTS  
       NO.  GLOBAL      6      7      8     18     19     20     22
        6  0.98773   1.000  0.419 -0.269  0.424 -0.913  0.089  0.044
        7  0.99890   0.419  1.000 -0.178  0.407 -0.494  0.739 -0.672
        8  0.86093  -0.269 -0.178  1.000 -0.180  0.392 -0.056  0.111
       18  0.99891   0.424  0.407 -0.180  1.000 -0.499  0.739 -0.670
       19  0.99719  -0.913 -0.494  0.392 -0.499  1.000 -0.191  0.036
       20  0.99788   0.089  0.739 -0.056  0.739 -0.191  1.000 -0.889
       22  0.99788   0.044 -0.672  0.111 -0.670  0.036 -0.889  1.000
 ERR MATRIX NOT POS-DEF
MINUIT - FIT ONLY 1-CBO
 **********
 **   29 **RES 
 **********
                   PARAMETER   14  ANy2 RESTORED TO VARIABLE.
                   PARAMETER    4  phi RESTORED TO VARIABLE.
                   PARAMETER    3  A0 RESTORED TO VARIABLE.
                   PARAMETER    1  N0 RESTORED TO VARIABLE.
 **********
 **   30 **FIX            0
 **********
 PARAMETER    0  IS UNDEFINED. IGNORED.
 **********
 **   31 **FIX            1
 **********
 **********
 **   32 **FIX            2
 **********
 PARAMETER    2  IS CONSTANT.   IGNORED.
 **********
 **   33 **FIX            3
 **********
 **********
 **   34 **FIX            4
 **********
 **********
 **   35 **FIX            8
 **********
 **********
 **   36 **FIX            9
 **********
 PARAMETER    9  IS CONSTANT.   IGNORED.
 **********
 **   37 **FIX           11
 **********
 PARAMETER   11  IS CONSTANT.   IGNORED.
 **********
 **   38 **FIX           12
 **********
 PARAMETER   12  IS CONSTANT.   IGNORED.
 **********
 **   39 **FIX           13
 **********
 PARAMETER   13  IS CONSTANT.   IGNORED.
 **********
 **   40 **FIX           15
 **********
 PARAMETER   15  IS CONSTANT.   IGNORED.
 **********
 **   41 **FIX           16
 **********
 PARAMETER   16  IS CONSTANT.   IGNORED.
 **********
 **   42 **MIGRAD
 **********
 START MIGRAD MINIMIZATION.  STRATEGY  1.  CONVERGENCE WHEN EDM .LT. 1.00e-04
 FCN=2078.96 FROM MIGRAD    STATUS=INITIATE       16 CALLS        1556 TOTAL
                     EDM= unknown      STRATEGY= 1      NO ERROR MATRIX       
  EXT PARAMETER               CURRENT GUESS       STEP         FIRST   
  NO.   NAME      VALUE            ERROR          SIZE      DERIVATIVE 
   1  N0           2.93474e+06     fixed    
   2  tau          6.44064e+01   constant   
   3  A0           3.49861e-01     fixed    
   4  phi          4.11642e+00     fixed    
   5  R           -6.14263e+01   constant   
   6  A_CBO        1.27497e-03   3.46114e-04   0.00000e+00   3.50380e+01
   7  w_CBO        2.32697e+00   1.19902e-05   0.00000e+00  -3.57344e+04
   8  phi_CBO      6.09867e+00     fixed    
   9  ANx2         5.09258e-04   constant   
  10  pNx2         1.79030e-01   constant   
  11  ANy1         0.00000e+00   constant   
  12  pNy1         0.00000e+00   constant   
  13  w_y          0.00000e+00   constant   
  14  ANy2         8.95951e-03   1.00000e-04   1.00000e-04   3.55340e+05
  15  pNy2         6.17155e+00   constant   
  16  w_vw         1.43200e+01   constant   
  17  LM          -8.21731e-05   constant   
  18  wCBO_expCoeff   2.00001e+02   1.03885e-03   0.00000e+00  -4.15513e+02
  19  wCBO_expOffset   1.99996e+02   1.59928e-04  -0.00000e+00   4.53389e+03
  20  wCBO_expT    2.99995e+01   1.48091e-04   0.00000e+00   1.53738e+03
  21  wCBO_linCoeff   0.00000e+00   constant   
  22  wCBO_const  -3.17193e-03   1.47629e-03  -0.00000e+00  -9.37806e+01
 CALL LIMIT EXCEEDED IN MIGRAD.
 MIGRAD TERMINATED WITHOUT CONVERGENCE.
 FCN=552.753 FROM MIGRAD    STATUS=CALL LIMIT   1161 CALLS        2701 TOTAL
                     EDM=2.12898    STRATEGY= 1  ERROR MATRIX UNCERTAINTY   1.1 per cent
  EXT PARAMETER                APPROXIMATE        STEP         FIRST   
  NO.   NAME      VALUE            ERROR          SIZE      DERIVATIVE 
   1  N0           2.93474e+06     fixed    
   2  tau          6.44064e+01   constant   
   3  A0           3.49861e-01     fixed    
   4  phi          4.11642e+00     fixed    
   5  R           -6.14263e+01   constant   
   6  A_CBO        1.71821e-04   1.64009e-04  -1.68168e-06  -7.47308e+03
   7  w_CBO        2.32697e+00   5.88428e-06   7.56777e-08   8.27166e+04
   8  phi_CBO      6.09867e+00     fixed    
   9  ANx2         5.09258e-04   constant   
  10  pNx2         1.79030e-01   constant   
  11  ANy1         0.00000e+00   constant   
  12  pNy1         0.00000e+00   constant   
  13  w_y          0.00000e+00   constant   
  14  ANy2         3.49930e-04   2.18931e-04  -1.51227e-07  -2.10185e+02
  15  pNy2         6.17155e+00   constant   
  16  w_vw         1.43200e+01   constant   
  17  LM          -8.21731e-05   constant   
  18  wCBO_expCoeff   2.00002e+02   5.13630e-04   6.61109e-06   9.66884e+02
  19  wCBO_expOffset   1.99997e+02   2.99877e-04   3.99684e-06  -3.35462e+03
  20  wCBO_expT    2.99997e+01   2.73612e-04   3.67142e-06  -2.38878e+04
  21  wCBO_linCoeff   0.00000e+00   constant   
  22  wCBO_const  -5.96007e-03   3.22362e-03  -4.20457e-05  -8.71716e+02
 EXTERNAL ERROR MATRIX.    NDIM=  25    NPAR=  7    ERR DEF=1
  2.690e-08 -6.053e-10  1.756e-09 -5.284e-08 -3.331e-08 -3.431e-08  3.111e-07 
 -6.053e-10  3.462e-11 -5.044e-11  2.774e-09  1.691e-09  1.539e-09 -1.818e-08 
  1.756e-09 -5.044e-11  4.793e-08 -4.395e-09 -2.739e-09 -3.051e-09  2.149e-08 
 -5.284e-08  2.774e-09 -4.395e-09  2.638e-07  1.477e-07  1.344e-07 -1.589e-06 
 -3.331e-08  1.691e-09 -2.739e-09  1.477e-07  8.993e-08  8.105e-08 -9.556e-07 
 -3.431e-08  1.539e-09 -3.051e-09  1.344e-07  8.105e-08  7.486e-08 -8.536e-07 
  3.111e-07 -1.818e-08  2.149e-08 -1.589e-06 -9.556e-07 -8.536e-07  1.039e-05 
ERR MATRIX APPROXIMATE
 PARAMETER  CORRELATION COEFFICIENTS  
       NO.  GLOBAL      6      7     14     18     19     20     22
        6  0.98434   1.000 -0.627  0.049 -0.627 -0.677 -0.765  0.588
        7  0.97686  -0.627  1.000 -0.039  0.918  0.958  0.956 -0.959
       14  0.21184   0.049 -0.039  1.000 -0.039 -0.042 -0.051  0.030
       18  0.97753  -0.627  0.918 -0.039  1.000  0.959  0.956 -0.960
       19  0.99647  -0.677  0.958 -0.042  0.959  1.000  0.988 -0.989
       20  0.99899  -0.765  0.956 -0.051  0.956  0.988  1.000 -0.968
       22  0.99705   0.588 -0.959  0.030 -0.960 -0.989 -0.968  1.000
 ERR MATRIX APPROXIMATE
MINUIT - FIT ONLY 2-CBO
 **********
 **   43 **RES 
 **********
                   PARAMETER    8  phi_CBO RESTORED TO VARIABLE.
                   PARAMETER    4  phi RESTORED TO VARIABLE.
                   PARAMETER    3  A0 RESTORED TO VARIABLE.
                   PARAMETER    1  N0 RESTORED TO VARIABLE.
 **********
 **   44 **FIX            0
 **********
 PARAMETER    0  IS UNDEFINED. IGNORED.
 **********
 **   45 **FIX            1
 **********
 **********
 **   46 **FIX            2
 **********
 PARAMETER    2  IS CONSTANT.   IGNORED.
 **********
 **   47 **FIX            3
 **********
 **********
 **   48 **FIX            4
 **********
 **********
 **   49 **FIX            5
 **********
 PARAMETER    5  IS CONSTANT.   IGNORED.
 **********
 **   50 **FIX            6
 **********
 **********
 **   51 **FIX            7
 **********
 **********
 **   52 **FIX           10
 **********
 PARAMETER   10  IS CONSTANT.   IGNORED.
 **********
 **   53 **FIX           11
 **********
 PARAMETER   11  IS CONSTANT.   IGNORED.
 **********
 **   54 **FIX           12
 **********
 PARAMETER   12  IS CONSTANT.   IGNORED.
 **********
 **   55 **FIX           13
 **********
 PARAMETER   13  IS CONSTANT.   IGNORED.
 **********
 **   56 **FIX           14
 **********
 **********
 **   57 **FIX           15
 **********
 PARAMETER   15  IS CONSTANT.   IGNORED.
 **********
 **   58 **FIX           16
 **********
 PARAMETER   16  IS CONSTANT.   IGNORED.
 **********
 **   59 **MIGRAD
 **********
 START MIGRAD MINIMIZATION.  STRATEGY  1.  CONVERGENCE WHEN EDM .LT. 1.00e-04
 FCN=552.753 FROM MIGRAD    STATUS=INITIATE       12 CALLS        2713 TOTAL
                     EDM= unknown      STRATEGY= 1      NO ERROR MATRIX       
  EXT PARAMETER               CURRENT GUESS       STEP         FIRST   
  NO.   NAME      VALUE            ERROR          SIZE      DERIVATIVE 
   1  N0           2.93474e+06     fixed    
   2  tau          6.44064e+01   constant   
   3  A0           3.49861e-01     fixed    
   4  phi          4.11642e+00     fixed    
   5  R           -6.14263e+01   constant   
   6  A_CBO        1.71821e-04     fixed    
   7  w_CBO        2.32697e+00     fixed    
   8  phi_CBO      6.09867e+00   2.39576e-01   2.39576e-01   1.11537e+00
   9  ANx2         5.09258e-04   constant   
  10  pNx2         1.79030e-01   constant   
  11  ANy1         0.00000e+00   constant   
  12  pNy1         0.00000e+00   constant   
  13  w_y          0.00000e+00   constant   
  14  ANy2         3.49930e-04     fixed    
  15  pNy2         6.17155e+00   constant   
  16  w_vw         1.43200e+01   constant   
  17  LM          -8.21731e-05   constant   
  18  wCBO_expCoeff   2.00002e+02   5.13630e-04   6.61109e-06   9.66884e+02
  19  wCBO_expOffset   1.99997e+02   2.99877e-04   3.99684e-06  -3.35462e+03
  20  wCBO_expT    2.99997e+01   2.73612e-04   3.67142e-06  -2.38878e+04
  21  wCBO_linCoeff   0.00000e+00   constant   
  22  wCBO_const  -5.96007e-03   3.22362e-03  -4.20457e-05  -8.71716e+02
 CALL LIMIT EXCEEDED IN MIGRAD.
 MIGRAD TERMINATED WITHOUT CONVERGENCE.
 FCN=551.948 FROM MIGRAD    STATUS=CALL LIMIT    831 CALLS        3532 TOTAL
                     EDM=0.818364    STRATEGY= 1  ERROR MATRIX UNCERTAINTY   0.4 per cent
  EXT PARAMETER                APPROXIMATE        STEP         FIRST   
  NO.   NAME      VALUE            ERROR          SIZE      DERIVATIVE 
   1  N0           2.93474e+06     fixed    
   2  tau          6.44064e+01   constant   
   3  A0           3.49861e-01     fixed    
   4  phi          4.11642e+00     fixed    
   5  R           -6.14263e+01   constant   
   6  A_CBO        1.71821e-04     fixed    
   7  w_CBO        2.32697e+00     fixed    
   8  phi_CBO      5.73657e+00   1.40112e+00  -3.11045e-04  -1.92937e-01
   9  ANx2         5.09258e-04   constant   
  10  pNx2         1.79030e-01   constant   
  11  ANy1         0.00000e+00   constant   
  12  pNy1         0.00000e+00   constant   
  13  w_y          0.00000e+00   constant   
  14  ANy2         3.49930e-04     fixed    
  15  pNy2         6.17155e+00   constant   
  16  w_vw         1.43200e+01   constant   
  17  LM          -8.21731e-05   constant   
  18  wCBO_expCoeff   2.00002e+02   2.76120e-04   5.48264e-08   5.20236e+02
  19  wCBO_expOffset   1.99997e+02   3.25131e-04   8.42612e-08  -2.05187e+03
  20  wCBO_expT    2.99998e+01   1.30328e-04   3.32299e-08  -8.25683e+03
  21  wCBO_linCoeff   0.00000e+00   constant   
  22  wCBO_const  -6.16659e-03   3.23567e-03  -8.33568e-07   1.34128e+02
 EXTERNAL ERROR MATRIX.    NDIM=  25    NPAR=  5    ERR DEF=1
  1.963e+00 -2.313e-04 -3.884e-04 -1.652e-04  3.798e-03 
 -2.313e-04  7.624e-08  6.615e-08  2.913e-08 -6.781e-07 
 -3.884e-04  6.615e-08  1.057e-07  4.152e-08 -1.042e-06 
 -1.652e-04  2.913e-08  4.152e-08  1.699e-08 -4.088e-07 
  3.798e-03 -6.781e-07 -1.042e-06 -4.088e-07  1.047e-05 
ERR MATRIX APPROXIMATE
 PARAMETER  CORRELATION COEFFICIENTS  
       NO.  GLOBAL      8     18     19     20     22
        8  0.99646   1.000 -0.598 -0.853 -0.905  0.838
       18  0.99501  -0.598  1.000  0.737  0.810 -0.759
       19  0.99967  -0.853  0.737  1.000  0.980 -0.990
       20  0.99973  -0.905  0.810  0.980  1.000 -0.969
       22  0.99791   0.838 -0.759 -0.990 -0.969  1.000
 ERR MATRIX APPROXIMATE
MINUIT - FIT ONLY 1-y
 **********
 **   60 **RES 
 **********
                   PARAMETER   14  ANy2 RESTORED TO VARIABLE.
                   PARAMETER    7  w_CBO RESTORED TO VARIABLE.
                   PARAMETER    6  A_CBO RESTORED TO VARIABLE.
                   PARAMETER    4  phi RESTORED TO VARIABLE.
                   PARAMETER    3  A0 RESTORED TO VARIABLE.
                   PARAMETER    1  N0 RESTORED TO VARIABLE.
 **********
 **   61 **FIX            0
 **********
 PARAMETER    0  IS UNDEFINED. IGNORED.
 **********
 **   62 **FIX            1
 **********
 **********
 **   63 **FIX            2
 **********
 PARAMETER    2  IS CONSTANT.   IGNORED.
 **********
 **   64 **FIX            3
 **********
 **********
 **   65 **FIX            4
 **********
 **********
 **   66 **FIX            5
 **********
 PARAMETER    5  IS CONSTANT.   IGNORED.
 **********
 **   67 **FIX            6
 **********
 **********
 **   68 **FIX            7
 **********
 **********
 **   69 **FIX            8
 **********
 **********
 **   70 **FIX            9
 **********
 PARAMETER    9  IS CONSTANT.   IGNORED.
 **********
 **   71 **FIX           13
 **********
 PARAMETER   13  IS CONSTANT.   IGNORED.
 **********
 **   72 **FIX           14
 **********
 **********
 **   73 **FIX           15
 **********
 PARAMETER   15  IS CONSTANT.   IGNORED.
 **********
 **   74 **FIX           16
 **********
 PARAMETER   16  IS CONSTANT.   IGNORED.
 **********
 **   75 **MIGRAD
 **********
 START MIGRAD MINIMIZATION.  STRATEGY  1.  CONVERGENCE WHEN EDM .LT. 1.00e-04
 FCN=551.948 FROM MIGRAD    STATUS=INITIATE        8 CALLS        3540 TOTAL
                     EDM= unknown      STRATEGY= 1      NO ERROR MATRIX       
  EXT PARAMETER               CURRENT GUESS       STEP         FIRST   
  NO.   NAME      VALUE            ERROR          SIZE      DERIVATIVE 
   1  N0           2.93474e+06     fixed    
   2  tau          6.44064e+01   constant   
   3  A0           3.49861e-01     fixed    
   4  phi          4.11642e+00     fixed    
   5  R           -6.14263e+01   constant   
   6  A_CBO        1.71821e-04     fixed    
   7  w_CBO        2.32697e+00     fixed    
   8  phi_CBO      5.73657e+00     fixed    
   9  ANx2         5.09258e-04   constant   
  10  pNx2         1.79030e-01   constant   
  11  ANy1         0.00000e+00   constant   
  12  pNy1         0.00000e+00   constant   
  13  w_y          0.00000e+00   constant   
  14  ANy2         3.49930e-04     fixed    
  15  pNy2         6.17155e+00   constant   
  16  w_vw         1.43200e+01   constant   
  17  LM          -8.21731e-05   constant   
  18  wCBO_expCoeff   2.00002e+02   2.76120e-04   5.48264e-08   5.20236e+02
  19  wCBO_expOffset   1.99997e+02   3.25131e-04   8.42612e-08  -2.05187e+03
  20  wCBO_expT    2.99998e+01   1.30328e-04   3.32299e-08  -8.25683e+03
  21  wCBO_linCoeff   0.00000e+00   constant   
  22  wCBO_const  -6.16659e-03   3.23567e-03  -8.33568e-07   1.34128e+02
 MIGRAD FAILS TO FIND IMPROVEMENT
 COVARIANCE MATRIX CALCULATED SUCCESSFULLY
 FCN=550 FROM HESSE     STATUS=OK             27 CALLS        3673 TOTAL
                     EDM=0.31207    STRATEGY= 1      ERROR MATRIX ACCURATE 
  EXT PARAMETER                                   STEP         FIRST   
  NO.   NAME      VALUE            ERROR          SIZE      DERIVATIVE 
   1  N0           2.93474e+06     fixed    
   2  tau          6.44064e+01   constant   
   3  A0           3.49861e-01     fixed    
   4  phi          4.11642e+00     fixed    
   5  R           -6.14263e+01   constant   
   6  A_CBO        1.71821e-04     fixed    
   7  w_CBO        2.32697e+00     fixed    
   8  phi_CBO      5.73657e+00     fixed    
   9  ANx2         5.09258e-04   constant   
  10  pNx2         1.79030e-01   constant   
  11  ANy1         0.00000e+00   constant   
  12  pNy1         0.00000e+00   constant   
  13  w_y          0.00000e+00   constant   
  14  ANy2         3.49930e-04     fixed    
  15  pNy2         6.17155e+00   constant   
  16  w_vw         1.43200e+01   constant   
  17  LM          -8.21731e-05   constant   
  18  wCBO_expCoeff   2.00002e+02   1.35089e-03   9.53684e-05   6.51787e+02
  19  wCBO_expOffset   1.99998e+02   5.80113e-05   9.53665e-05   4.21689e+03
  20  wCBO_expT    3.00006e+01   1.52295e-04   1.43054e-05  -1.73303e+04
  21  wCBO_linCoeff   0.00000e+00   constant   
  22  wCBO_const  -1.62724e-02   1.56318e-03   4.33693e-06  -7.20514e+02
 CALL LIMIT EXCEEDED IN MIGRAD.
 MIGRAD TERMINATED WITHOUT CONVERGENCE.
 FCN=549.617 FROM MIGRAD    STATUS=CALL LIMIT    691 CALLS        4223 TOTAL
                     EDM=0.69157    STRATEGY= 1  ERROR MATRIX UNCERTAINTY   0.5 per cent
  EXT PARAMETER                APPROXIMATE        STEP         FIRST   
  NO.   NAME      VALUE            ERROR          SIZE      DERIVATIVE 
   1  N0           2.93474e+06     fixed    
   2  tau          6.44064e+01   constant   
   3  A0           3.49861e-01     fixed    
   4  phi          4.11642e+00     fixed    
   5  R           -6.14263e+01   constant   
   6  A_CBO        1.71821e-04     fixed    
   7  w_CBO        2.32697e+00     fixed    
   8  phi_CBO      5.73657e+00     fixed    
   9  ANx2         5.09258e-04   constant   
  10  pNx2         1.79030e-01   constant   
  11  ANy1         0.00000e+00   constant   
  12  pNy1         0.00000e+00   constant   
  13  w_y          0.00000e+00   constant   
  14  ANy2         3.49930e-04     fixed    
  15  pNy2         6.17155e+00   constant   
  16  w_vw         1.43200e+01   constant   
  17  LM          -8.21731e-05   constant   
  18  wCBO_expCoeff   2.00004e+02   2.62697e-03   4.96598e-06   3.73065e+03
  19  wCBO_expOffset   1.99998e+02   1.71167e-04   3.19412e-07   1.55490e+04
  20  wCBO_expT    3.00008e+01   3.64015e-04   6.84216e-07  -1.27703e+04
  21  wCBO_linCoeff   0.00000e+00   constant   
  22  wCBO_const  -1.80158e-02   3.70320e-03  -7.05059e-06   2.54081e+03
 EXTERNAL ERROR MATRIX.    NDIM=  25    NPAR=  4    ERR DEF=1
  6.901e-06  4.264e-07  9.476e-07 -9.670e-06 
  4.264e-07  2.930e-08  5.985e-08 -6.152e-07 
  9.476e-07  5.985e-08  1.325e-07 -1.326e-06 
 -9.670e-06 -6.152e-07 -1.326e-06  1.371e-05 
ERR MATRIX APPROXIMATE
 PARAMETER  CORRELATION COEFFICIENTS  
       NO.  GLOBAL     18     19     20     22
       18  0.99989   1.000  0.948  0.991 -0.994
       19  0.99907   0.948  1.000  0.961 -0.971
       20  0.99953   0.991  0.961  1.000 -0.984
       22  0.99986  -0.994 -0.971 -0.984  1.000
 ERR MATRIX APPROXIMATE
MINUIT - FIT ONLY 2-y
 **********
 **   76 **RES 
 **********
                   PARAMETER   14  ANy2 RESTORED TO VARIABLE.
                   PARAMETER    8  phi_CBO RESTORED TO VARIABLE.
                   PARAMETER    7  w_CBO RESTORED TO VARIABLE.
                   PARAMETER    6  A_CBO RESTORED TO VARIABLE.
                   PARAMETER    4  phi RESTORED TO VARIABLE.
                   PARAMETER    3  A0 RESTORED TO VARIABLE.
                   PARAMETER    1  N0 RESTORED TO VARIABLE.
 **********
 **   77 **FIX            0
 **********
 PARAMETER    0  IS UNDEFINED. IGNORED.
 **********
 **   78 **FIX            1
 **********
 **********
 **   79 **FIX            2
 **********
 PARAMETER    2  IS CONSTANT.   IGNORED.
 **********
 **   80 **FIX            3
 **********
 **********
 **   81 **FIX            4
 **********
 **********
 **   82 **FIX            5
 **********
 PARAMETER    5  IS CONSTANT.   IGNORED.
 **********
 **   83 **FIX            6
 **********
 **********
 **   84 **FIX            7
 **********
 **********
 **   85 **FIX            8
 **********
 **********
 **   86 **FIX            9
 **********
 PARAMETER    9  IS CONSTANT.   IGNORED.
 **********
 **   87 **FIX           10
 **********
 PARAMETER   10  IS CONSTANT.   IGNORED.
 **********
 **   88 **FIX           11
 **********
 PARAMETER   11  IS CONSTANT.   IGNORED.
 **********
 **   89 **FIX           12
 **********
 PARAMETER   12  IS CONSTANT.   IGNORED.
 **********
 **   90 **FIX           16
 **********
 PARAMETER   16  IS CONSTANT.   IGNORED.
 **********
 **   91 **MIGRAD
 **********
 START MIGRAD MINIMIZATION.  STRATEGY  1.  CONVERGENCE WHEN EDM .LT. 1.00e-04
 FCN=549.617 FROM MIGRAD    STATUS=INITIATE       10 CALLS        4233 TOTAL
                     EDM= unknown      STRATEGY= 1      NO ERROR MATRIX       
  EXT PARAMETER               CURRENT GUESS       STEP         FIRST   
  NO.   NAME      VALUE            ERROR          SIZE      DERIVATIVE 
   1  N0           2.93474e+06     fixed    
   2  tau          6.44064e+01   constant   
   3  A0           3.49861e-01     fixed    
   4  phi          4.11642e+00     fixed    
   5  R           -6.14263e+01   constant   
   6  A_CBO        1.71821e-04     fixed    
   7  w_CBO        2.32697e+00     fixed    
   8  phi_CBO      5.73657e+00     fixed    
   9  ANx2         5.09258e-04   constant   
  10  pNx2         1.79030e-01   constant   
  11  ANy1         0.00000e+00   constant   
  12  pNy1         0.00000e+00   constant   
  13  w_y          0.00000e+00   constant   
  14  ANy2         3.49930e-04   2.18931e-04   2.18931e-04   5.29769e+02
  15  pNy2         6.17155e+00   constant   
  16  w_vw         1.43200e+01   constant   
  17  LM          -8.21731e-05   constant   
  18  wCBO_expCoeff   2.00004e+02   2.62697e-03   4.96598e-06   3.73065e+03
  19  wCBO_expOffset   1.99998e+02   1.71167e-04   3.19412e-07   1.55490e+04
  20  wCBO_expT    3.00008e+01   3.64015e-04   6.84216e-07  -1.27703e+04
  21  wCBO_linCoeff   0.00000e+00   constant   
  22  wCBO_const  -1.80158e-02   3.70320e-03  -7.05059e-06   2.54081e+03
 MIGRAD FAILS TO FIND IMPROVEMENT
 COVARIANCE MATRIX CALCULATED SUCCESSFULLY
 FCN=549.42 FROM HESSE     STATUS=OK             35 CALLS        4415 TOTAL
                     EDM=0.00260399    STRATEGY= 1      ERROR MATRIX ACCURATE 
  EXT PARAMETER                                   STEP         FIRST   
  NO.   NAME      VALUE            ERROR          SIZE      DERIVATIVE 
   1  N0           2.93474e+06     fixed    
   2  tau          6.44064e+01   constant   
   3  A0           3.49861e-01     fixed    
   4  phi          4.11642e+00     fixed    
   5  R           -6.14263e+01   constant   
   6  A_CBO        1.71821e-04     fixed    
   7  w_CBO        2.32697e+00     fixed    
   8  phi_CBO      5.73657e+00     fixed    
   9  ANx2         5.09258e-04   constant   
  10  pNx2         1.79030e-01   constant   
  11  ANy1         0.00000e+00   constant   
  12  pNy1         0.00000e+00   constant   
  13  w_y          0.00000e+00   constant   
  14  ANy2         3.33513e-04   2.19555e-04   2.50521e-06  -2.29708e+02
  15  pNy2         6.17155e+00   constant   
  16  w_vw         1.43200e+01   constant   
  17  LM          -8.21731e-05   constant   
  18  wCBO_expCoeff   2.00004e+02   2.06587e-03   9.53692e-05   3.47534e+02
  19  wCBO_expOffset   1.99998e+02   8.29222e-05   9.53665e-05   2.24444e+03
  20  wCBO_expT    3.00008e+01   2.38310e-04   1.43055e-05  -2.10950e+03
  21  wCBO_linCoeff   0.00000e+00   constant   
  22  wCBO_const  -1.81685e-02   2.33860e-03   3.89443e-06   1.48561e+02
 MIGRAD FAILS TO FIND IMPROVEMENT
 MIGRAD TERMINATED WITHOUT CONVERGENCE.
 FCN=549.418 FROM MIGRAD    STATUS=FAILED        323 CALLS        4546 TOTAL
                     EDM=0.167695    STRATEGY= 1  ERROR MATRIX UNCERTAINTY   3.5 per cent
  EXT PARAMETER                APPROXIMATE        STEP         FIRST   
