 + ++++++++++++++++++++++++++++++++++++++++++++++++++++++++++++++++++++ +
 +                                                                      +
 +           You have chose to blind your fitting according to          +
 +                omega_ref * (1 + (R +/- deltaR) *10^{-6})             +
 +                                                                      +
 + ++++++++++++++++++++++++++++++++++++++++++++++++++++++++++++++++++++ +
In main()...
reading format from /gm2data/zkhechad/run45/envelope/formats/formatB_sBin_constraintOn.txt
pBinTau 	= 0  
pBinPhi 	= 0  
constraintau 	= 1 
includeMopTerm 	= 0    
constrainMop    = 0   
Parameters after format file: pBinTau 0 pBinPhi 0 constraintau 1 includeMopTerm 0 constrainMop 0 c_e_scale 0.000000 
reading cbo reference file (full fit) from /gm2data/zkhechad/cboTemplates/Run4CBOTemplates/fullFits/run4/sBin_constraintOn_cE0.0_seed0_run4_calo21.root
A_CBO 0.009954 w_CBO 2.326310 phi_CBO 2.942572 N0 2740148.315147 R -59.181603 tau 64.402317 
Reading cboRef file /gm2data/zkhechad/cboTemplates/Run4CBOTemplates//cboIsolate/run4_calo21.root
deltaT 164.120000
windowBins = 1100
fitting sliding window 1700 from bin 1903 at 283.927600 to bin 3003 at 448.047600 (1100 bins)

Reading data from /gm2data/cornell/histograms/aMethod/histogram_a_run4.root
fitting cbo isolate
 **********
 **    1 **SET PRINTOUT            1
 **********
 **********
 **    2 **SET NOWARNINGS 
 **********
 PARAMETER DEFINITIONS:
    NO.   NAME         VALUE      STEP SIZE      LIMITS
     1 A_CBO        9.95405e-03  1.00000e-05     no limits
     2 w_CBO        2.32631e+00  1.00000e-02    2.00000e+00  3.00000e+00
     3 phi_CBO      2.94257e+00  1.00000e-02    0.00000e+00  6.28319e+00
 **********
 **    3 **MIGRAD
 **********
 FIRST CALL TO USER FUNCTION AT NEW START POINT, WITH IFLAG=4.
 START MIGRAD MINIMIZATION.  STRATEGY  1.  CONVERGENCE WHEN EDM .LT. 1.00e-04
 FCN=0.0781241 FROM MIGRAD    STATUS=INITIATE       12 CALLS          13 TOTAL
                     EDM= unknown      STRATEGY= 1      NO ERROR MATRIX       
  EXT PARAMETER               CURRENT GUESS       STEP         FIRST   
  NO.   NAME      VALUE            ERROR          SIZE      DERIVATIVE 
   1  A_CBO        9.95405e-03   1.00000e-05   1.00000e-05   7.21580e+00
   2  w_CBO        2.32631e+00   1.00000e-02   2.13305e-02  -1.72664e-01
   3  phi_CBO      2.94257e+00   1.00000e-02   3.18951e-03   3.16022e-03
 MIGRAD MINIMIZATION HAS CONVERGED.
 MIGRAD WILL VERIFY CONVERGENCE AND ERROR MATRIX.
 COVARIANCE MATRIX CALCULATED SUCCESSFULLY
 FCN=0.0543839 FROM MIGRAD    STATUS=CONVERGED      49 CALLS          50 TOTAL
                     EDM=2.85286e-08    STRATEGY= 1      ERROR MATRIX ACCURATE 
  EXT PARAMETER                                   STEP         FIRST   
  NO.   NAME      VALUE            ERROR          SIZE      DERIVATIVE 
   1  A_CBO        3.37395e-03   4.27578e-02   2.14102e-05  -2.71367e-03
   2  w_CBO        2.32635e+00   2.49057e-01   3.64527e-05   2.06870e-04
   3  phi_CBO      2.92907e+00   3.77704e+00   2.01961e-03   2.82331e-06
 EXTERNAL ERROR MATRIX.    NDIM=  25    NPAR=  3    ERR DEF=1
  1.828e-03 -5.712e-04 -2.115e-01 
 -5.712e-04  6.894e-02  2.530e+01 
 -2.115e-01  2.530e+01  9.444e+03 
 PARAMETER  CORRELATION COEFFICIENTS  
       NO.  GLOBAL      1      2      3
        1  0.05100   1.000 -0.051 -0.051
        2  0.99153  -0.051  1.000  0.992
        3  0.99153  -0.051  0.992  1.000
setting A_CBO=0.003374 w_CBO=2.326346, phi_CBO=2.929072
done fitting cbo isolate
 **********
 **    1 **SET PRINTOUT            1
 **********
 **********
 **    2 **SET NOWARNINGS 
 **********
 PARAMETER DEFINITIONS:
    NO.   NAME         VALUE      STEP SIZE      LIMITS
     1 N0           2.74015e+06  1.00000e+02     no limits
     2 tau          6.44023e+01  constant
     3 A0           3.54223e-01  1.00000e-04     no limits
     4 phi          4.11631e+00  1.00000e-02     no limits
     5 R           -5.91816e+01  constant
     6 A_CBO        3.37395e-03  1.00000e-05     no limits
     7 w_CBO        2.32635e+00  1.00000e-03     no limits
     8 phi_CBO      2.92907e+00  1.00000e-04     no limits
     9 ANx2         7.44254e-04  constant
    10 pNx2         1.53785e+00  constant
    11 ANy1         0.00000e+00  constant
    12 pNy1         0.00000e+00  constant
    13 w_y          0.00000e+00  constant
    14 ANy2         8.00900e-03  1.00000e-04     no limits
    15 pNy2         3.64406e+00  constant
    16 w_vw         1.43170e+01  constant
    17 LM          -4.99363e-05  constant
    18 wCBO_expCoeff   2.00000e+02  1.00000e+00     no limits
    19 wCBO_expOffset   2.00000e+02  1.00000e+00     no limits
    20 wCBO_expT    3.00000e+01  1.00000e+00     no limits
    21 wCBO_linCoeff   0.00000e+00  constant
    22 wCBO_const   0.00000e+00  1.00000e-02     no limits
MINUIT - FIT ONLY WIGGLE
 **********
 **    3 **FIX            5
 **********
 PARAMETER    5  IS CONSTANT.   IGNORED.
 **********
 **    4 **FIX            6
 **********
 **********
 **    5 **FIX            7
 **********
 **********
 **    6 **FIX            8
 **********
 **********
 **    7 **FIX            9
 **********
 PARAMETER    9  IS CONSTANT.   IGNORED.
 **********
 **    8 **FIX           10
 **********
 PARAMETER   10  IS CONSTANT.   IGNORED.
 **********
 **    9 **FIX           11
 **********
 PARAMETER   11  IS CONSTANT.   IGNORED.
 **********
 **   10 **FIX           12
 **********
 PARAMETER   12  IS CONSTANT.   IGNORED.
 **********
 **   11 **FIX           13
 **********
 PARAMETER   13  IS CONSTANT.   IGNORED.
 **********
 **   12 **FIX           14
 **********
 **********
 **   13 **FIX           15
 **********
 PARAMETER   15  IS CONSTANT.   IGNORED.
 **********
 **   14 **FIX           16
 **********
 PARAMETER   16  IS CONSTANT.   IGNORED.
 **********
 **   15 **MIGRAD
 **********
 FIRST CALL TO USER FUNCTION AT NEW START POINT, WITH IFLAG=4.
 START MIGRAD MINIMIZATION.  STRATEGY  1.  CONVERGENCE WHEN EDM .LT. 1.00e-04
 FCN=716.933 FROM MIGRAD    STATUS=INITIATE       34 CALLS          35 TOTAL
                     EDM= unknown      STRATEGY= 1      NO ERROR MATRIX       
  EXT PARAMETER               CURRENT GUESS       STEP         FIRST   
  NO.   NAME      VALUE            ERROR          SIZE      DERIVATIVE 
   1  N0           2.74015e+06   1.00000e+02   1.00000e+02  -1.32590e-04
   2  tau          6.44023e+01   constant   
   3  A0           3.54223e-01   1.00000e-04   1.00000e-04   3.61283e+03
   4  phi          4.11631e+00   1.00000e-02   1.00000e-02  -1.67053e+02
   5  R           -5.91816e+01   constant   
   6  A_CBO        3.37395e-03     fixed    
   7  w_CBO        2.32635e+00     fixed    
   8  phi_CBO      2.92907e+00     fixed    
   9  ANx2         7.44254e-04   constant   
  10  pNx2         1.53785e+00   constant   
  11  ANy1         0.00000e+00   constant   
  12  pNy1         0.00000e+00   constant   
  13  w_y          0.00000e+00   constant   
  14  ANy2         8.00900e-03     fixed    
  15  pNy2         3.64406e+00   constant   
  16  w_vw         1.43170e+01   constant   
  17  LM          -4.99363e-05   constant   
  18  wCBO_expCoeff   2.00000e+02   1.00000e+00   1.00000e+00   1.43899e+02
  19  wCBO_expOffset   2.00000e+02   1.00000e+00   1.00000e+00   9.59549e+02
  20  wCBO_expT    3.00000e+01   1.00000e+00   1.00000e+00   4.18664e+03
  21  wCBO_linCoeff   0.00000e+00   constant   
  22  wCBO_const   0.00000e+00   1.00000e-02   1.00000e-02   1.22356e+04
 MIGRAD MINIMIZATION HAS CONVERGED.
 FCN=674.477 FROM MIGRAD    STATUS=CONVERGED     261 CALLS         262 TOTAL
                     EDM=2.03958e-06    STRATEGY= 1  ERROR MATRIX UNCERTAINTY   2.0 per cent
  EXT PARAMETER                                   STEP         FIRST   
  NO.   NAME      VALUE            ERROR          SIZE      DERIVATIVE 
   1  N0           2.74041e+06   8.85514e+02   3.97120e+00  -4.53486e-07
   2  tau          6.44023e+01   constant   
   3  A0           3.53929e-01   4.23795e-04   9.91191e-07   1.43763e+00
   4  phi          4.11718e+00   1.26184e-03   1.87510e-05   4.06382e-01
   5  R           -5.91816e+01   constant   
   6  A_CBO        3.37395e-03     fixed    
   7  w_CBO        2.32635e+00     fixed    
   8  phi_CBO      2.92907e+00     fixed    
   9  ANx2         7.44254e-04   constant   
  10  pNx2         1.53785e+00   constant   
  11  ANy1         0.00000e+00   constant   
  12  pNy1         0.00000e+00   constant   
  13  w_y          0.00000e+00   constant   
  14  ANy2         8.00900e-03     fixed    
  15  pNy2         3.64406e+00   constant   
  16  w_vw         1.43170e+01   constant   
  17  LM          -4.99363e-05   constant   
  18  wCBO_expCoeff   2.00102e+02   4.88896e-02   1.03997e-04   2.39167e-01
  19  wCBO_expOffset   2.00015e+02   7.36561e-03   1.47056e-05   1.87015e+00
  20  wCBO_expT    2.99791e+01   4.73990e-03   1.02560e-06   5.40538e+00
  21  wCBO_linCoeff   0.00000e+00   constant   
  22  wCBO_const  -1.27684e-02   4.99620e-04  -7.31075e-06   6.71732e+00
 EXTERNAL ERROR MATRIX.    NDIM=  25    NPAR=  7    ERR DEF=1
  7.841e+05  6.126e-03  3.948e-02 -1.393e+00 -2.150e-01  4.907e-02  2.765e-02 
  6.126e-03  1.796e-07 -4.557e-09  1.239e-06  1.841e-07 -1.083e-07 -7.641e-09 
  3.948e-02 -4.557e-09  1.592e-06 -7.199e-06 -1.115e-06  6.902e-07 -3.830e-08 
 -1.393e+00  1.239e-06 -7.199e-06  2.390e-03  3.157e-04 -2.219e-04  1.010e-05 
 -2.150e-01  1.841e-07 -1.115e-06  3.157e-04  5.425e-05 -3.346e-05  1.537e-06 
  4.907e-02 -1.083e-07  6.902e-07 -2.219e-04 -3.346e-05  2.247e-05 -1.256e-06 
  2.765e-02 -7.641e-09 -3.830e-08  1.010e-05  1.537e-06 -1.256e-06  2.496e-07 
 PARAMETER  CORRELATION COEFFICIENTS  
       NO.  GLOBAL      1      3      4     18     19     20     22
        1  0.15906   1.000  0.016  0.035 -0.032 -0.033  0.012  0.063
        3  0.09639   0.016  1.000 -0.009  0.060  0.059 -0.054 -0.036
        4  0.14362   0.035 -0.009  1.000 -0.117 -0.120  0.115 -0.061
       18  0.98451  -0.032  0.060 -0.117  1.000  0.877 -0.957  0.413
       19  0.98467  -0.033  0.059 -0.120  0.877  1.000 -0.958  0.418
       20  0.99588   0.012 -0.054  0.115 -0.957 -0.958  1.000 -0.530
       22  0.83371   0.063 -0.036 -0.061  0.413  0.418 -0.530  1.000
MINUIT - FIT ONLY 1-CBO + other amplitudes 
 **********
 **   16 **RES 
 **********
                   PARAMETER   14  ANy2 RESTORED TO VARIABLE.
                   PARAMETER    8  phi_CBO RESTORED TO VARIABLE.
                   PARAMETER    7  w_CBO RESTORED TO VARIABLE.
                   PARAMETER    6  A_CBO RESTORED TO VARIABLE.
 **********
 **   17 **FIX            0
 **********
 PARAMETER    0  IS UNDEFINED. IGNORED.
 **********
 **   18 **FIX            1
 **********
 **********
 **   19 **FIX            2
 **********
 PARAMETER    2  IS CONSTANT.   IGNORED.
 **********
 **   20 **FIX            3
 **********
 **********
 **   21 **FIX            4
 **********
 **********
 **   22 **FIX            9
 **********
 PARAMETER    9  IS CONSTANT.   IGNORED.
 **********
 **   23 **FIX           11
 **********
 PARAMETER   11  IS CONSTANT.   IGNORED.
 **********
 **   24 **FIX           12
 **********
 PARAMETER   12  IS CONSTANT.   IGNORED.
 **********
 **   25 **FIX           14
 **********
 **********
 **   26 **FIX           15
 **********
 PARAMETER   15  IS CONSTANT.   IGNORED.
 **********
 **   27 **FIX           16
 **********
 PARAMETER   16  IS CONSTANT.   IGNORED.
 **********
 **   28 **MIGRAD
 **********
 START MIGRAD MINIMIZATION.  STRATEGY  1.  CONVERGENCE WHEN EDM .LT. 1.00e-04
 FCN=674.477 FROM MIGRAD    STATUS=INITIATE       20 CALLS         282 TOTAL
                     EDM= unknown      STRATEGY= 1      NO ERROR MATRIX       
  EXT PARAMETER               CURRENT GUESS       STEP         FIRST   
  NO.   NAME      VALUE            ERROR          SIZE      DERIVATIVE 
   1  N0           2.74041e+06     fixed    
   2  tau          6.44023e+01   constant   
   3  A0           3.53929e-01     fixed    
   4  phi          4.11718e+00     fixed    
   5  R           -5.91816e+01   constant   
   6  A_CBO        3.37395e-03   1.00000e-05   1.00000e-05   2.34074e+04
   7  w_CBO        2.32635e+00   1.00000e-03   1.00000e-03   2.34388e+01
   8  phi_CBO      2.92907e+00   1.00000e-04   1.00000e-04  -7.46510e+00
   9  ANx2         7.44254e-04   constant   
  10  pNx2         1.53785e+00   constant   
  11  ANy1         0.00000e+00   constant   
  12  pNy1         0.00000e+00   constant   
  13  w_y          0.00000e+00   constant   
  14  ANy2         8.00900e-03     fixed    
  15  pNy2         3.64406e+00   constant   
  16  w_vw         1.43170e+01   constant   
  17  LM          -4.99363e-05   constant   
  18  wCBO_expCoeff   2.00102e+02   4.88896e-02   1.03997e-04   2.39163e-01
  19  wCBO_expOffset   2.00015e+02   7.36561e-03   1.47056e-05   1.87015e+00
  20  wCBO_expT    2.99791e+01   4.73990e-03   1.02560e-06   5.40538e+00
  21  wCBO_linCoeff   0.00000e+00   constant   
  22  wCBO_const  -1.27684e-02   4.99620e-04  -7.31075e-06   6.71732e+00
 MIGRAD MINIMIZATION HAS CONVERGED.
 MIGRAD WILL VERIFY CONVERGENCE AND ERROR MATRIX.
 FCN=641.895 FROM MIGRAD    STATUS=CONVERGED     315 CALLS         577 TOTAL
                     EDM=1.89996e-07    STRATEGY= 1      ERR MATRIX NOT POS-DEF
  EXT PARAMETER                APPROXIMATE        STEP         FIRST   
  NO.   NAME      VALUE            ERROR          SIZE      DERIVATIVE 
   1  N0           2.74041e+06     fixed    
   2  tau          6.44023e+01   constant   
   3  A0           3.53929e-01     fixed    
   4  phi          4.11718e+00     fixed    
   5  R           -5.91816e+01   constant   
   6  A_CBO        6.66880e-04   4.59936e-04   5.60626e-06  -3.55293e-01
   7  w_CBO        2.32698e+00   1.01107e-03   1.22117e-06   4.34128e-01
   8  phi_CBO      3.55204e+00   7.27114e-01   8.35104e-03   7.50917e-04
   9  ANx2         7.44254e-04   constant   
  10  pNx2         1.53785e+00   constant   
  11  ANy1         0.00000e+00   constant   
  12  pNy1         0.00000e+00   constant   
  13  w_y          0.00000e+00   constant   
  14  ANy2         8.00900e-03     fixed    
  15  pNy2         3.64406e+00   constant   
  16  w_vw         1.43170e+01   constant   
  17  LM          -4.99363e-05   constant   
  18  wCBO_expCoeff   2.00157e+02   9.74025e-02   1.19317e-04   6.60939e-03
  19  wCBO_expOffset   2.00024e+02   1.72913e-02   9.53786e-05   4.50199e-02
  20  wCBO_expT    2.99680e+01   4.21741e-03   1.42898e-05   6.52947e-02
  21  wCBO_linCoeff   0.00000e+00   constant   
  22  wCBO_const  -1.00047e-02   8.30454e-04   3.60885e-06  -3.15831e-01
 EXTERNAL ERROR MATRIX.    NDIM=  25    NPAR=  7    ERR DEF=1
  2.115e-07 -7.274e-09  1.223e-05 -4.354e-07 -4.960e-07  3.060e-07 -6.478e-08 
 -7.274e-09  1.022e-06 -3.307e-05 -2.183e-05 -7.753e-06 -8.063e-07 -3.303e-07 
  1.223e-05 -3.307e-05  5.287e-01 -3.229e-03 -9.899e-04  8.448e-04 -9.590e-05 
 -4.354e-07 -2.183e-05 -3.229e-03  9.487e-03 -9.215e-04 -7.919e-05  1.797e-05 
 -4.960e-07 -7.753e-06 -9.899e-04 -9.215e-04  2.990e-04 -2.307e-05  6.119e-06 
  3.060e-07 -8.063e-07  8.448e-04 -7.919e-05 -2.307e-05  1.779e-05 -2.173e-06 
 -6.478e-08 -3.303e-07 -9.590e-05  1.797e-05  6.119e-06 -2.173e-06  6.897e-07 
ERR MATRIX NOT POS-DEF
 PARAMETER  CORRELATION COEFFICIENTS  
       NO.  GLOBAL      6      7      8     18     19     20     22
        6  0.19778   1.000 -0.016  0.037 -0.010 -0.062  0.158 -0.170
        7  0.99527  -0.016  1.000 -0.045 -0.222 -0.443 -0.189 -0.393
        8  0.38448   0.037 -0.045  1.000 -0.046 -0.079  0.275 -0.159
       18  0.99514  -0.010 -0.222 -0.046  1.000 -0.547 -0.193  0.222
       19  0.99654  -0.062 -0.443 -0.079 -0.547  1.000 -0.316  0.426
       20  0.99425   0.158 -0.189  0.275 -0.193 -0.316  1.000 -0.620
       22  0.93694  -0.170 -0.393 -0.159  0.222  0.426 -0.620  1.000
 ERR MATRIX NOT POS-DEF
MINUIT - FIT ONLY 1-CBO
 **********
 **   29 **RES 
 **********
                   PARAMETER   14  ANy2 RESTORED TO VARIABLE.
                   PARAMETER    4  phi RESTORED TO VARIABLE.
                   PARAMETER    3  A0 RESTORED TO VARIABLE.
                   PARAMETER    1  N0 RESTORED TO VARIABLE.
 **********
 **   30 **FIX            0
 **********
 PARAMETER    0  IS UNDEFINED. IGNORED.
 **********
 **   31 **FIX            1
 **********
 **********
 **   32 **FIX            2
 **********
 PARAMETER    2  IS CONSTANT.   IGNORED.
 **********
 **   33 **FIX            3
 **********
 **********
 **   34 **FIX            4
 **********
 **********
 **   35 **FIX            8
 **********
 **********
 **   36 **FIX            9
 **********
 PARAMETER    9  IS CONSTANT.   IGNORED.
 **********
 **   37 **FIX           11
 **********
 PARAMETER   11  IS CONSTANT.   IGNORED.
 **********
 **   38 **FIX           12
 **********
 PARAMETER   12  IS CONSTANT.   IGNORED.
 **********
 **   39 **FIX           13
 **********
 PARAMETER   13  IS CONSTANT.   IGNORED.
 **********
 **   40 **FIX           15
 **********
 PARAMETER   15  IS CONSTANT.   IGNORED.
 **********
 **   41 **FIX           16
 **********
 PARAMETER   16  IS CONSTANT.   IGNORED.
 **********
 **   42 **MIGRAD
 **********
 START MIGRAD MINIMIZATION.  STRATEGY  1.  CONVERGENCE WHEN EDM .LT. 1.00e-04
 FCN=641.895 FROM MIGRAD    STATUS=INITIATE       16 CALLS         593 TOTAL
                     EDM= unknown      STRATEGY= 1      NO ERROR MATRIX       
  EXT PARAMETER               CURRENT GUESS       STEP         FIRST   
  NO.   NAME      VALUE            ERROR          SIZE      DERIVATIVE 
   1  N0           2.74041e+06     fixed    
   2  tau          6.44023e+01   constant   
   3  A0           3.53929e-01     fixed    
   4  phi          4.11718e+00     fixed    
   5  R           -5.91816e+01   constant   
   6  A_CBO        6.66880e-04   4.59936e-04   5.60626e-06  -3.55292e-01
   7  w_CBO        2.32698e+00   1.01107e-03   1.22117e-06   4.63936e-01
   8  phi_CBO      3.55204e+00     fixed    
   9  ANx2         7.44254e-04   constant   
  10  pNx2         1.53785e+00   constant   
  11  ANy1         0.00000e+00   constant   
  12  pNy1         0.00000e+00   constant   
  13  w_y          0.00000e+00   constant   
  14  ANy2         8.00900e-03   1.00000e-04   1.00000e-04   7.74794e+04
  15  pNy2         3.64406e+00   constant   
  16  w_vw         1.43170e+01   constant   
  17  LM          -4.99363e-05   constant   
  18  wCBO_expCoeff   2.00157e+02   9.74025e-02   1.19317e-04   6.90702e-03
  19  wCBO_expOffset   2.00024e+02   1.72913e-02   9.53786e-05   1.33704e-01
  20  wCBO_expT    2.99680e+01   4.21741e-03   1.42898e-05   9.25486e-02
  21  wCBO_linCoeff   0.00000e+00   constant   
  22  wCBO_const  -1.00047e-02   8.30454e-04   3.60885e-06  -3.11026e-01
 MIGRAD MINIMIZATION HAS CONVERGED.
 MIGRAD WILL VERIFY CONVERGENCE AND ERROR MATRIX.
 FCN=333.963 FROM MIGRAD    STATUS=CONVERGED     196 CALLS         773 TOTAL
                     EDM=1.54001e-07    STRATEGY= 1      ERR MATRIX NOT POS-DEF
  EXT PARAMETER                APPROXIMATE        STEP         FIRST   
  NO.   NAME      VALUE            ERROR          SIZE      DERIVATIVE 
   1  N0           2.74041e+06     fixed    
   2  tau          6.44023e+01   constant   
   3  A0           3.53929e-01     fixed    
   4  phi          4.11718e+00     fixed    
   5  R           -5.91816e+01   constant   
   6  A_CBO        3.75624e-05   4.60097e-04   4.05943e-06  -2.95698e-01
   7  w_CBO        2.32710e+00   1.38034e-03   1.10965e-06   1.47786e+00
   8  phi_CBO      3.55204e+00     fixed    
   9  ANx2         7.44254e-04   constant   
  10  pNx2         1.53785e+00   constant   
  11  ANy1         0.00000e+00   constant   
  12  pNy1         0.00000e+00   constant   
  13  w_y          0.00000e+00   constant   
  14  ANy2         6.45726e-05   4.51230e-04   4.03369e-06  -5.06821e-02
  15  pNy2         3.64406e+00   constant   
  16  w_vw         1.43170e+01   constant   
  17  LM          -4.99363e-05   constant   
  18  wCBO_expCoeff   2.00168e+02   1.29990e-01   1.03703e-04   1.05538e-02
  19  wCBO_expOffset   2.00025e+02   2.10442e-02   9.53794e-05   7.06072e-02
  20  wCBO_expT    2.99658e+01   4.82276e-03   1.42888e-05   3.17347e-01
  21  wCBO_linCoeff   0.00000e+00   constant   
  22  wCBO_const  -9.57990e-03   8.44962e-04   2.97004e-06   1.33775e+00
 EXTERNAL ERROR MATRIX.    NDIM=  25    NPAR=  7    ERR DEF=1
  2.117e-07 -7.893e-09  1.484e-08 -8.533e-07 -3.488e-07  2.100e-07  2.960e-09 
 -7.893e-09  1.905e-06  1.697e-09 -5.804e-05 -1.212e-05 -1.312e-06 -6.925e-07 
  1.484e-08  1.697e-09  2.036e-07  2.143e-07 -4.380e-08  3.019e-09 -3.013e-09 
 -8.533e-07 -5.804e-05  2.143e-07  1.690e-02 -1.392e-03 -1.348e-04  3.519e-05 
 -3.488e-07 -1.212e-05 -4.380e-08 -1.392e-03  4.429e-04 -2.724e-05  7.249e-06 
  2.100e-07 -1.312e-06  3.019e-09 -1.348e-04 -2.724e-05  2.326e-05 -1.677e-06 
  2.960e-09 -6.925e-07 -3.013e-09  3.519e-05  7.249e-06 -1.677e-06  7.140e-07 
ERR MATRIX NOT POS-DEF
 PARAMETER  CORRELATION COEFFICIENTS  
       NO.  GLOBAL      6      7     14     18     19     20     22
        6  0.17652   1.000 -0.012  0.071 -0.014 -0.036  0.095  0.008
        7  0.99631  -0.012  1.000  0.003 -0.323 -0.417 -0.197 -0.594
       14  0.07365   0.071  0.003  1.000  0.004 -0.005  0.001 -0.008
       18  0.99603  -0.014 -0.323  0.004  1.000 -0.509 -0.215  0.320
       19  0.99661  -0.036 -0.417 -0.005 -0.509  1.000 -0.268  0.408
       20  0.99360   0.095 -0.197  0.001 -0.215 -0.268  1.000 -0.412
       22  0.91991   0.008 -0.594 -0.008  0.320  0.408 -0.412  1.000
 ERR MATRIX NOT POS-DEF
MINUIT - FIT ONLY 2-CBO
 **********
 **   43 **RES 
 **********
                   PARAMETER    8  phi_CBO RESTORED TO VARIABLE.
                   PARAMETER    4  phi RESTORED TO VARIABLE.
                   PARAMETER    3  A0 RESTORED TO VARIABLE.
                   PARAMETER    1  N0 RESTORED TO VARIABLE.
 **********
 **   44 **FIX            0
 **********
 PARAMETER    0  IS UNDEFINED. IGNORED.
 **********
 **   45 **FIX            1
 **********
 **********
 **   46 **FIX            2
 **********
 PARAMETER    2  IS CONSTANT.   IGNORED.
 **********
 **   47 **FIX            3
 **********
 **********
 **   48 **FIX            4
 **********
 **********
 **   49 **FIX            5
 **********
 PARAMETER    5  IS CONSTANT.   IGNORED.
 **********
 **   50 **FIX            6
 **********
 **********
 **   51 **FIX            7
 **********
 **********
 **   52 **FIX           10
 **********
 PARAMETER   10  IS CONSTANT.   IGNORED.
 **********
 **   53 **FIX           11
 **********
 PARAMETER   11  IS CONSTANT.   IGNORED.
 **********
 **   54 **FIX           12
 **********
 PARAMETER   12  IS CONSTANT.   IGNORED.
 **********
 **   55 **FIX           13
 **********
 PARAMETER   13  IS CONSTANT.   IGNORED.
 **********
 **   56 **FIX           14
 **********
 **********
 **   57 **FIX           15
 **********
 PARAMETER   15  IS CONSTANT.   IGNORED.
 **********
 **   58 **FIX           16
 **********
 PARAMETER   16  IS CONSTANT.   IGNORED.
 **********
 **   59 **MIGRAD
 **********
 START MIGRAD MINIMIZATION.  STRATEGY  1.  CONVERGENCE WHEN EDM .LT. 1.00e-04
 FCN=333.963 FROM MIGRAD    STATUS=INITIATE       12 CALLS         785 TOTAL
                     EDM= unknown      STRATEGY= 1      NO ERROR MATRIX       
  EXT PARAMETER               CURRENT GUESS       STEP         FIRST   
  NO.   NAME      VALUE            ERROR          SIZE      DERIVATIVE 
   1  N0           2.74041e+06     fixed    
   2  tau          6.44023e+01   constant   
   3  A0           3.53929e-01     fixed    
   4  phi          4.11718e+00     fixed    
   5  R           -5.91816e+01   constant   
   6  A_CBO        3.75624e-05     fixed    
   7  w_CBO        2.32710e+00     fixed    
   8  phi_CBO      3.55204e+00   7.27114e-01   7.27114e-01   1.00411e-01
   9  ANx2         7.44254e-04   constant   
  10  pNx2         1.53785e+00   constant   
  11  ANy1         0.00000e+00   constant   
  12  pNy1         0.00000e+00   constant   
  13  w_y          0.00000e+00   constant   
  14  ANy2         6.45726e-05     fixed    
  15  pNy2         3.64406e+00   constant   
  16  w_vw         1.43170e+01   constant   
  17  LM          -4.99363e-05   constant   
  18  wCBO_expCoeff   2.00168e+02   1.29990e-01   1.03703e-04   1.06309e-02
  19  wCBO_expOffset   2.00025e+02   2.10442e-02   9.53794e-05   9.51094e-02
  20  wCBO_expT    2.99658e+01   4.82276e-03   1.42888e-05   3.30889e-01
  21  wCBO_linCoeff   0.00000e+00   constant   
  22  wCBO_const  -9.57990e-03   8.44962e-04   2.97004e-06   1.33886e+00
 MIGRAD MINIMIZATION HAS CONVERGED.
 MIGRAD WILL VERIFY CONVERGENCE AND ERROR MATRIX.
 FCN=333.874 FROM MIGRAD    STATUS=CONVERGED     136 CALLS         909 TOTAL
                     EDM=1.46878e-08    STRATEGY= 1      ERR MATRIX NOT POS-DEF
  EXT PARAMETER                APPROXIMATE        STEP         FIRST   
  NO.   NAME      VALUE            ERROR          SIZE      DERIVATIVE 
   1  N0           2.74041e+06     fixed    
   2  tau          6.44023e+01   constant   
   3  A0           3.53929e-01     fixed    
   4  phi          4.11718e+00     fixed    
   5  R           -5.91816e+01   constant   
   6  A_CBO        3.75624e-05     fixed    
   7  w_CBO        2.32710e+00     fixed    
   8  phi_CBO     -4.17497e+00   4.41198e+00   3.94143e-02   3.25172e-05
   9  ANx2         7.44254e-04   constant   
  10  pNx2         1.53785e+00   constant   
  11  ANy1         0.00000e+00   constant   
  12  pNy1         0.00000e+00   constant   
  13  w_y          0.00000e+00   constant   
  14  ANy2         6.45726e-05     fixed    
  15  pNy2         3.64406e+00   constant   
  16  w_vw         1.43170e+01   constant   
  17  LM          -4.99363e-05   constant   
  18  wCBO_expCoeff   2.00170e+02   1.40234e-01   1.03800e-04  -2.56089e-04
  19  wCBO_expOffset   2.00025e+02   2.19484e-02   9.53795e-05  -1.46621e-03
  20  wCBO_expT    2.99656e+01   5.05527e-03   1.42887e-05   1.22185e-02
  21  wCBO_linCoeff   0.00000e+00   constant   
  22  wCBO_const  -9.55485e-03   6.98232e-04   2.96283e-06  -7.77662e-03
 EXTERNAL ERROR MATRIX.    NDIM=  25    NPAR=  5    ERR DEF=1
  1.947e+01 -5.172e-03 -1.969e-03  1.032e-03 -5.014e-05 
 -5.172e-03  1.967e-02 -2.404e-03 -1.878e-04  1.553e-05 
 -1.969e-03 -2.404e-03  4.817e-04 -4.260e-05  3.490e-06 
  1.032e-03 -1.878e-04 -4.260e-05  2.556e-05 -2.459e-06 
 -5.014e-05  1.553e-05  3.490e-06 -2.459e-06  4.875e-07 
ERR MATRIX NOT POS-DEF
 PARAMETER  CORRELATION COEFFICIENTS  
       NO.  GLOBAL      8     18     19     20     22
        8  0.06491   1.000 -0.008 -0.020  0.046 -0.016
       18  0.99658  -0.008  1.000 -0.781 -0.265  0.159
       19  0.99687  -0.020 -0.781  1.000 -0.384  0.228
       20  0.99416   0.046 -0.265 -0.384  1.000 -0.697
       22  0.88066  -0.016  0.159  0.228 -0.697  1.000
 ERR MATRIX NOT POS-DEF
MINUIT - FIT ONLY 1-y
 **********
 **   60 **RES 
 **********
                   PARAMETER   14  ANy2 RESTORED TO VARIABLE.
                   PARAMETER    7  w_CBO RESTORED TO VARIABLE.
                   PARAMETER    6  A_CBO RESTORED TO VARIABLE.
                   PARAMETER    4  phi RESTORED TO VARIABLE.
                   PARAMETER    3  A0 RESTORED TO VARIABLE.
                   PARAMETER    1  N0 RESTORED TO VARIABLE.
 **********
 **   61 **FIX            0
 **********
 PARAMETER    0  IS UNDEFINED. IGNORED.
 **********
 **   62 **FIX            1
 **********
 **********
 **   63 **FIX            2
 **********
 PARAMETER    2  IS CONSTANT.   IGNORED.
 **********
 **   64 **FIX            3
 **********
 **********
 **   65 **FIX            4
 **********
 **********
 **   66 **FIX            5
 **********
 PARAMETER    5  IS CONSTANT.   IGNORED.
 **********
 **   67 **FIX            6
 **********
 **********
 **   68 **FIX            7
 **********
 **********
 **   69 **FIX            8
 **********
 **********
 **   70 **FIX            9
 **********
 PARAMETER    9  IS CONSTANT.   IGNORED.
 **********
 **   71 **FIX           13
 **********
 PARAMETER   13  IS CONSTANT.   IGNORED.
 **********
 **   72 **FIX           14
 **********
 **********
 **   73 **FIX           15
 **********
 PARAMETER   15  IS CONSTANT.   IGNORED.
 **********
 **   74 **FIX           16
 **********
 PARAMETER   16  IS CONSTANT.   IGNORED.
 **********
 **   75 **MIGRAD
 **********
 START MIGRAD MINIMIZATION.  STRATEGY  1.  CONVERGENCE WHEN EDM .LT. 1.00e-04
 FCN=333.874 FROM MIGRAD    STATUS=INITIATE        8 CALLS         917 TOTAL
                     EDM= unknown      STRATEGY= 1      NO ERROR MATRIX       
  EXT PARAMETER               CURRENT GUESS       STEP         FIRST   
  NO.   NAME      VALUE            ERROR          SIZE      DERIVATIVE 
   1  N0           2.74041e+06     fixed    
   2  tau          6.44023e+01   constant   
   3  A0           3.53929e-01     fixed    
   4  phi          4.11718e+00     fixed    
   5  R           -5.91816e+01   constant   
   6  A_CBO        3.75624e-05     fixed    
   7  w_CBO        2.32710e+00     fixed    
   8  phi_CBO     -4.17497e+00     fixed    
   9  ANx2         7.44254e-04   constant   
  10  pNx2         1.53785e+00   constant   
  11  ANy1         0.00000e+00   constant   
  12  pNy1         0.00000e+00   constant   
  13  w_y          0.00000e+00   constant   
  14  ANy2         6.45726e-05     fixed    
  15  pNy2         3.64406e+00   constant   
  16  w_vw         1.43170e+01   constant   
  17  LM          -4.99363e-05   constant   
  18  wCBO_expCoeff   2.00170e+02   1.40234e-01   1.03800e-04  -1.73322e-04
  19  wCBO_expOffset   2.00025e+02   2.19484e-02   9.53795e-05   2.32643e-02
  20  wCBO_expT    2.99656e+01   5.05527e-03   1.42887e-05   3.09266e-02
  21  wCBO_linCoeff   0.00000e+00   constant   
  22  wCBO_const  -9.55485e-03   6.98232e-04   2.96283e-06  -7.60505e-03
 MIGRAD FAILS TO FIND IMPROVEMENT
 FCN=333.874 FROM HESSE     STATUS=NOT POSDEF     29 CALLS         947 TOTAL
                     EDM=1.91659e-09    STRATEGY= 1      ERR MATRIX NOT POS-DEF
  EXT PARAMETER                APPROXIMATE        STEP         FIRST   
  NO.   NAME      VALUE            ERROR          SIZE      DERIVATIVE 
   1  N0           2.74041e+06     fixed    
   2  tau          6.44023e+01   constant   
   3  A0           3.53929e-01     fixed    
   4  phi          4.11718e+00     fixed    
   5  R           -5.91816e+01   constant   
   6  A_CBO        3.75624e-05     fixed    
   7  w_CBO        2.32710e+00     fixed    
   8  phi_CBO     -4.17497e+00     fixed    
   9  ANx2         7.44254e-04   constant   
  10  pNx2         1.53785e+00   constant   
  11  ANy1         0.00000e+00   constant   
  12  pNy1         0.00000e+00   constant   
  13  w_y          0.00000e+00   constant   
  14  ANy2         6.45726e-05     fixed    
  15  pNy2         3.64406e+00   constant   
  16  w_vw         1.43170e+01   constant   
  17  LM          -4.99363e-05   constant   
  18  wCBO_expCoeff   2.00170e+02   1.40228e-01   9.54483e-05  -2.56089e-04
  19  wCBO_expOffset   2.00025e+02   2.19600e-02   9.53795e-05  -1.46621e-03
  20  wCBO_expT    2.99656e+01   5.05247e-03   1.42887e-05   1.22185e-02
  21  wCBO_linCoeff   0.00000e+00   constant   
  22  wCBO_const  -9.55485e-03   6.98224e-04   1.18513e-06  -7.77950e-03
 MIGRAD MINIMIZATION HAS CONVERGED.
 MIGRAD WILL VERIFY CONVERGENCE AND ERROR MATRIX.
 FCN=333.874 FROM MIGRAD    STATUS=CONVERGED      79 CALLS         988 TOTAL
                     EDM=8.48347e-09    STRATEGY= 1      ERR MATRIX NOT POS-DEF
  EXT PARAMETER                APPROXIMATE        STEP         FIRST   
  NO.   NAME      VALUE            ERROR          SIZE      DERIVATIVE 
   1  N0           2.74041e+06     fixed    
   2  tau          6.44023e+01   constant   
   3  A0           3.53929e-01     fixed    
   4  phi          4.11718e+00     fixed    
   5  R           -5.91816e+01   constant   
   6  A_CBO        3.75624e-05     fixed    
   7  w_CBO        2.32710e+00     fixed    
   8  phi_CBO     -4.17497e+00     fixed    
   9  ANx2         7.44254e-04   constant   
  10  pNx2         1.53785e+00   constant   
  11  ANy1         0.00000e+00   constant   
  12  pNy1         0.00000e+00   constant   
  13  w_y          0.00000e+00   constant   
  14  ANy2         6.45726e-05     fixed    
  15  pNy2         3.64406e+00   constant   
  16  w_vw         1.43170e+01   constant   
  17  LM          -4.99363e-05   constant   
  18  wCBO_expCoeff   2.00170e+02   1.40224e-01   9.54483e-05  -1.56627e-05
  19  wCBO_expOffset   2.00025e+02   2.19604e-02   9.53795e-05   6.13540e-03
  20  wCBO_expT    2.99656e+01   5.05285e-03   1.42887e-05   4.24513e-03
  21  wCBO_linCoeff   0.00000e+00   constant   
  22  wCBO_const  -9.55481e-03   6.98317e-04   2.37026e-06   3.58620e-03
 EXTERNAL ERROR MATRIX.    NDIM=  25    NPAR=  4    ERR DEF=1
  1.966e-02 -2.407e-03 -1.869e-04  1.547e-05 
 -2.407e-03  4.823e-04 -4.267e-05  3.499e-06 
 -1.869e-04 -4.267e-05  2.553e-05 -2.459e-06 
  1.547e-05  3.499e-06 -2.459e-06  4.876e-07 
ERR MATRIX NOT POS-DEF
 PARAMETER  CORRELATION COEFFICIENTS  
       NO.  GLOBAL     18     19     20     22
       18  0.99658   1.000 -0.782 -0.264  0.158
       19  0.99687  -0.782  1.000 -0.385  0.228
       20  0.99415  -0.264 -0.385  1.000 -0.697
       22  0.88069   0.158  0.228 -0.697  1.000
 ERR MATRIX NOT POS-DEF
MINUIT - FIT ONLY 2-y
 **********
 **   76 **RES 
 **********
                   PARAMETER   14  ANy2 RESTORED TO VARIABLE.
                   PARAMETER    8  phi_CBO RESTORED TO VARIABLE.
                   PARAMETER    7  w_CBO RESTORED TO VARIABLE.
                   PARAMETER    6  A_CBO RESTORED TO VARIABLE.
                   PARAMETER    4  phi RESTORED TO VARIABLE.
                   PARAMETER    3  A0 RESTORED TO VARIABLE.
                   PARAMETER    1  N0 RESTORED TO VARIABLE.
 **********
 **   77 **FIX            0
 **********
 PARAMETER    0  IS UNDEFINED. IGNORED.
 **********
 **   78 **FIX            1
 **********
 **********
 **   79 **FIX            2
 **********
 PARAMETER    2  IS CONSTANT.   IGNORED.
 **********
 **   80 **FIX            3
 **********
 **********
 **   81 **FIX            4
 **********
 **********
 **   82 **FIX            5
 **********
 PARAMETER    5  IS CONSTANT.   IGNORED.
 **********
 **   83 **FIX            6
 **********
 **********
 **   84 **FIX            7
 **********
 **********
 **   85 **FIX            8
 **********
 **********
 **   86 **FIX            9
 **********
 PARAMETER    9  IS CONSTANT.   IGNORED.
 **********
 **   87 **FIX           10
 **********
 PARAMETER   10  IS CONSTANT.   IGNORED.
 **********
 **   88 **FIX           11
 **********
 PARAMETER   11  IS CONSTANT.   IGNORED.
 **********
 **   89 **FIX           12
 **********
 PARAMETER   12  IS CONSTANT.   IGNORED.
 **********
 **   90 **FIX           16
 **********
 PARAMETER   16  IS CONSTANT.   IGNORED.
 **********
 **   91 **MIGRAD
 **********
 START MIGRAD MINIMIZATION.  STRATEGY  1.  CONVERGENCE WHEN EDM .LT. 1.00e-04
 FCN=333.874 FROM MIGRAD    STATUS=INITIATE       10 CALLS         998 TOTAL
                     EDM= unknown      STRATEGY= 1      NO ERROR MATRIX       
  EXT PARAMETER               CURRENT GUESS       STEP         FIRST   
  NO.   NAME      VALUE            ERROR          SIZE      DERIVATIVE 
   1  N0           2.74041e+06     fixed    
   2  tau          6.44023e+01   constant   
   3  A0           3.53929e-01     fixed    
   4  phi          4.11718e+00     fixed    
   5  R           -5.91816e+01   constant   
   6  A_CBO        3.75624e-05     fixed    
   7  w_CBO        2.32710e+00     fixed    
   8  phi_CBO     -4.17497e+00     fixed    
   9  ANx2         7.44254e-04   constant   
  10  pNx2         1.53785e+00   constant   
  11  ANy1         0.00000e+00   constant   
  12  pNy1         0.00000e+00   constant   
  13  w_y          0.00000e+00   constant   
  14  ANy2         6.45726e-05   4.51230e-04   4.51230e-04   3.09458e+01
  15  pNy2         3.64406e+00   constant   
  16  w_vw         1.43170e+01   constant   
  17  LM          -4.99363e-05   constant   
  18  wCBO_expCoeff   2.00170e+02   1.40224e-01   9.54483e-05   6.71372e-05
  19  wCBO_expOffset   2.00025e+02   2.19604e-02   9.53795e-05   2.48655e-02
  20  wCBO_expT    2.99656e+01   5.05285e-03   1.42887e-05   1.84177e-02
  21  wCBO_linCoeff   0.00000e+00   constant   
  22  wCBO_const  -9.55481e-03   6.98317e-04   2.37026e-06   3.69088e-03
 MIGRAD MINIMIZATION HAS CONVERGED.
 MIGRAD WILL VERIFY CONVERGENCE AND ERROR MATRIX.
 FCN=333.874 FROM MIGRAD    STATUS=CONVERGED      56 CALLS        1044 TOTAL
                     EDM=2.61415e-08    STRATEGY= 1      ERR MATRIX NOT POS-DEF
  EXT PARAMETER                APPROXIMATE        STEP         FIRST   
  NO.   NAME      VALUE            ERROR          SIZE      DERIVATIVE 
   1  N0           2.74041e+06     fixed    
   2  tau          6.44023e+01   constant   
   3  A0           3.53929e-01     fixed    
   4  phi          4.11718e+00     fixed    
   5  R           -5.91816e+01   constant   
   6  A_CBO        3.75624e-05     fixed    
   7  w_CBO        2.32710e+00     fixed    
   8  phi_CBO     -4.17497e+00     fixed    
   9  ANx2         7.44254e-04   constant   
  10  pNx2         1.53785e+00   constant   
  11  ANy1         0.00000e+00   constant   
  12  pNy1         0.00000e+00   constant   
  13  w_y          0.00000e+00   constant   
  14  ANy2         6.14202e-05   4.50339e-04   4.03315e-06   5.95544e-04
  15  pNy2         3.64406e+00   constant   
  16  w_vw         1.43170e+01   constant   
  17  LM          -4.99363e-05   constant   
  18  wCBO_expCoeff   2.00170e+02   1.40300e-01   1.03799e-04   1.91953e-03
  19  wCBO_expOffset   2.00025e+02   2.19533e-02   9.53795e-05   1.29326e-02
  20  wCBO_expT    2.99656e+01   5.05149e-03   1.42887e-05  -1.83121e-02
  21  wCBO_linCoeff   0.00000e+00   constant   
  22  wCBO_const  -9.55481e-03   6.98221e-04   2.96288e-06  -3.59262e-01
 EXTERNAL ERROR MATRIX.    NDIM=  25    NPAR=  5    ERR DEF=1
  2.028e-07  4.265e-07 -9.154e-09 -1.367e-08 -1.924e-09 
  4.265e-07  1.968e-02 -2.407e-03 -1.877e-04  1.552e-05 
 -9.154e-09 -2.407e-03  4.819e-04 -4.251e-05  3.486e-06 
 -1.367e-08 -1.877e-04 -4.251e-05  2.552e-05 -2.457e-06 
 -1.924e-09  1.552e-05  3.486e-06 -2.457e-06  4.875e-07 
ERR MATRIX NOT POS-DEF
 PARAMETER  CORRELATION COEFFICIENTS  
       NO.  GLOBAL     14     18     19     20     22
       14  0.01706   1.000  0.007 -0.001 -0.006 -0.006
       18  0.99658   0.007  1.000 -0.782 -0.265  0.158
       19  0.99687  -0.001 -0.782  1.000 -0.383  0.227
       20  0.99415  -0.006 -0.265 -0.383  1.000 -0.697
       22  0.88065  -0.006  0.158  0.227 -0.697  1.000
 ERR MATRIX NOT POS-DEF
MINUIT - FIT ALTOGETHER
 **********
 **   92 **RES 
 **********
                   PARAMETER    8  phi_CBO RESTORED TO VARIABLE.
                   PARAMETER    7  w_CBO RESTORED TO VARIABLE.
                   PARAMETER    6  A_CBO RESTORED TO VARIABLE.
                   PARAMETER    4  phi RESTORED TO VARIABLE.
                   PARAMETER    3  A0 RESTORED TO VARIABLE.
                   PARAMETER    1  N0 RESTORED TO VARIABLE.
 **********
 **   93 **MIGRAD
 **********
 START MIGRAD MINIMIZATION.  STRATEGY  1.  CONVERGENCE WHEN EDM .LT. 1.00e-04
 FCN=333.874 FROM MIGRAD    STATUS=INITIATE       22 CALLS        1066 TOTAL
                     EDM= unknown      STRATEGY= 1      NO ERROR MATRIX       
  EXT PARAMETER               CURRENT GUESS       STEP         FIRST   
  NO.   NAME      VALUE            ERROR          SIZE      DERIVATIVE 
   1  N0           2.74041e+06   8.85514e+02   8.85514e+02   3.85027e-04
   2  tau          6.44023e+01   constant   
   3  A0           3.53929e-01   4.23795e-04   4.23795e-04  -9.68139e+02
   4  phi          4.11718e+00   1.26184e-03   1.26184e-03   5.34063e+02
   5  R           -5.91816e+01   constant   
