 + ++++++++++++++++++++++++++++++++++++++++++++++++++++++++++++++++++++ +
 +                                                                      +
 +           You have chose to blind your fitting according to          +
 +                omega_ref * (1 + (R +/- deltaR) *10^{-6})             +
 +                                                                      +
 + ++++++++++++++++++++++++++++++++++++++++++++++++++++++++++++++++++++ +
In main()...
reading format from /gm2data/zkhechad/run45/envelope/formats/formatB_sBin_constraintOn.txt
pBinTau 	= 0  
pBinPhi 	= 0  
constraintau 	= 1 
includeMopTerm 	= 0    
constrainMop    = 0   
Parameters after format file: pBinTau 0 pBinPhi 0 constraintau 1 includeMopTerm 0 constrainMop 0 c_e_scale 0.000000 
reading cbo reference file (full fit) from /gm2data/zkhechad/cboTemplates/Run4CBOTemplates/fullFits/run4/sBin_constraintOn_cE0.0_seed0_run4_calo6.root
A_CBO 0.010001 w_CBO 2.327040 phi_CBO 5.088588 N0 2817823.633276 R -61.510560 tau 64.405014 
Reading cboRef file /gm2data/zkhechad/cboTemplates/Run4CBOTemplates//cboIsolate/run4_calo6.root
deltaT 164.120000
windowBins = 1100
fitting sliding window 1800 from bin 2003 at 298.847600 to bin 3103 at 462.967600 (1100 bins)

Reading data from /gm2data/cornell/histograms/aMethod/histogram_a_run4.root
fitting cbo isolate
 **********
 **    1 **SET PRINTOUT            1
 **********
 **********
 **    2 **SET NOWARNINGS 
 **********
 PARAMETER DEFINITIONS:
    NO.   NAME         VALUE      STEP SIZE      LIMITS
     1 A_CBO        1.00010e-02  1.00000e-05     no limits
     2 w_CBO        2.32704e+00  1.00000e-02    2.00000e+00  3.00000e+00
     3 phi_CBO      5.08859e+00  1.00000e-02    0.00000e+00  6.28319e+00
 **********
 **    3 **MIGRAD
 **********
 FIRST CALL TO USER FUNCTION AT NEW START POINT, WITH IFLAG=4.
 START MIGRAD MINIMIZATION.  STRATEGY  1.  CONVERGENCE WHEN EDM .LT. 1.00e-04
 FCN=0.102683 FROM MIGRAD    STATUS=INITIATE       12 CALLS          13 TOTAL
                     EDM= unknown      STRATEGY= 1      NO ERROR MATRIX       
  EXT PARAMETER               CURRENT GUESS       STEP         FIRST   
  NO.   NAME      VALUE            ERROR          SIZE      DERIVATIVE 
   1  A_CBO        1.00010e-02   1.00000e-05   1.00000e-05   8.24443e+00
   2  w_CBO        2.32704e+00   1.00000e-02   2.13182e-02   7.66721e-01
   3  phi_CBO      5.08859e+00   1.00000e-02   4.05596e-03  -1.06728e-02
 MIGRAD MINIMIZATION HAS CONVERGED.
 MIGRAD WILL VERIFY CONVERGENCE AND ERROR MATRIX.
 COVARIANCE MATRIX CALCULATED SUCCESSFULLY
 FCN=0.0717781 FROM MIGRAD    STATUS=CONVERGED      49 CALLS          50 TOTAL
                     EDM=2.60507e-06    STRATEGY= 1      ERROR MATRIX ACCURATE 
  EXT PARAMETER                                   STEP         FIRST   
  NO.   NAME      VALUE            ERROR          SIZE      DERIVATIVE 
   1  A_CBO        2.50682e-03   4.27012e-02   2.15403e-05  -5.14255e-02
   2  w_CBO        2.32684e+00   3.06845e-01   4.83160e-05   1.31742e-03
   3  phi_CBO      5.16391e+00   5.72003e+00   3.76057e-03  -8.70011e-06
 EXTERNAL ERROR MATRIX.    NDIM=  25    NPAR=  3    ERR DEF=1
  1.823e-03 -9.861e-04 -3.702e-01 
 -9.861e-04  1.119e-01  4.181e+01 
 -3.702e-01  4.181e+01  1.591e+04 
 PARAMETER  CORRELATION COEFFICIENTS  
       NO.  GLOBAL      1      2      3
        1  0.06908   1.000 -0.069 -0.069
        2  0.99102  -0.069  1.000  0.991
        3  0.99102  -0.069  0.991  1.000
setting A_CBO=0.002507 w_CBO=2.326837, phi_CBO=5.163912
done fitting cbo isolate
 **********
 **    1 **SET PRINTOUT            1
 **********
 **********
 **    2 **SET NOWARNINGS 
 **********
 PARAMETER DEFINITIONS:
    NO.   NAME         VALUE      STEP SIZE      LIMITS
     1 N0           2.81782e+06  1.00000e+02     no limits
     2 tau          6.44050e+01  constant
     3 A0           3.53650e-01  1.00000e-04     no limits
     4 phi          4.11538e+00  1.00000e-02     no limits
     5 R           -6.15106e+01  constant
     6 A_CBO        2.50682e-03  1.00000e-05     no limits
     7 w_CBO        2.32684e+00  1.00000e-03     no limits
     8 phi_CBO      5.16391e+00  1.00000e-04     no limits
     9 ANx2         5.52857e-04  constant
    10 pNx2         5.73177e+00  constant
    11 ANy1         0.00000e+00  constant
    12 pNy1         0.00000e+00  constant
    13 w_y          0.00000e+00  constant
    14 ANy2         9.05236e-03  1.00000e-04     no limits
    15 pNy2         5.72687e+00  constant
    16 w_vw         1.43172e+01  constant
    17 LM           3.92941e-07  constant
    18 wCBO_expCoeff   2.00000e+02  1.00000e+00     no limits
    19 wCBO_expOffset   2.00000e+02  1.00000e+00     no limits
    20 wCBO_expT    3.00000e+01  1.00000e+00     no limits
    21 wCBO_linCoeff   0.00000e+00  constant
    22 wCBO_const   0.00000e+00  1.00000e-02     no limits
MINUIT - FIT ONLY WIGGLE
 **********
 **    3 **FIX            5
 **********
 PARAMETER    5  IS CONSTANT.   IGNORED.
 **********
 **    4 **FIX            6
 **********
 **********
 **    5 **FIX            7
 **********
 **********
 **    6 **FIX            8
 **********
 **********
 **    7 **FIX            9
 **********
 PARAMETER    9  IS CONSTANT.   IGNORED.
 **********
 **    8 **FIX           10
 **********
 PARAMETER   10  IS CONSTANT.   IGNORED.
 **********
 **    9 **FIX           11
 **********
 PARAMETER   11  IS CONSTANT.   IGNORED.
 **********
 **   10 **FIX           12
 **********
 PARAMETER   12  IS CONSTANT.   IGNORED.
 **********
 **   11 **FIX           13
 **********
 PARAMETER   13  IS CONSTANT.   IGNORED.
 **********
 **   12 **FIX           14
 **********
 **********
 **   13 **FIX           15
 **********
 PARAMETER   15  IS CONSTANT.   IGNORED.
 **********
 **   14 **FIX           16
 **********
 PARAMETER   16  IS CONSTANT.   IGNORED.
 **********
 **   15 **MIGRAD
 **********
 FIRST CALL TO USER FUNCTION AT NEW START POINT, WITH IFLAG=4.
 START MIGRAD MINIMIZATION.  STRATEGY  1.  CONVERGENCE WHEN EDM .LT. 1.00e-04
 FCN=655.573 FROM MIGRAD    STATUS=INITIATE       32 CALLS          33 TOTAL
                     EDM= unknown      STRATEGY= 1      NO ERROR MATRIX       
  EXT PARAMETER               CURRENT GUESS       STEP         FIRST   
  NO.   NAME      VALUE            ERROR          SIZE      DERIVATIVE 
   1  N0           2.81782e+06   1.00000e+02   1.00000e+02  -8.83908e-05
   2  tau          6.44050e+01   constant   
   3  A0           3.53650e-01   1.00000e-04   1.00000e-04   1.79009e+02
   4  phi          4.11538e+00   1.00000e-02   1.00000e-02  -3.48360e+02
   5  R           -6.15106e+01   constant   
   6  A_CBO        2.50682e-03     fixed    
   7  w_CBO        2.32684e+00     fixed    
   8  phi_CBO      5.16391e+00     fixed    
   9  ANx2         5.52857e-04   constant   
  10  pNx2         5.73177e+00   constant   
  11  ANy1         0.00000e+00   constant   
  12  pNy1         0.00000e+00   constant   
  13  w_y          0.00000e+00   constant   
  14  ANy2         9.05236e-03     fixed    
  15  pNy2         5.72687e+00   constant   
  16  w_vw         1.43172e+01   constant   
  17  LM           3.92941e-07   constant   
  18  wCBO_expCoeff   2.00000e+02   1.00000e+00   1.00000e+00   3.91916e+01
  19  wCBO_expOffset   2.00000e+02   1.00000e+00   1.00000e+00   2.61324e+02
  20  wCBO_expT    3.00000e+01   1.00000e+00   1.00000e+00   1.02840e+03
  21  wCBO_linCoeff   0.00000e+00   constant   
  22  wCBO_const   0.00000e+00   1.00000e-02   1.00000e-02   3.21295e+03
 MIGRAD MINIMIZATION HAS CONVERGED.
 FCN=649.336 FROM MIGRAD    STATUS=CONVERGED     266 CALLS         267 TOTAL
                     EDM=4.87445e-06    STRATEGY= 1  ERROR MATRIX UNCERTAINTY   0.4 per cent
  EXT PARAMETER                                   STEP         FIRST   
  NO.   NAME      VALUE            ERROR          SIZE      DERIVATIVE 
   1  N0           2.81800e+06   9.85151e+02   4.01069e-01  -1.24556e-06
   2  tau          6.44050e+01   constant   
   3  A0           3.53675e-01   4.64154e-04  -1.34510e-07   2.95632e+00
   4  phi          4.11569e+00   1.37848e-03  -1.08788e-06   5.74020e-01
   5  R           -6.15106e+01   constant   
   6  A_CBO        2.50682e-03     fixed    
   7  w_CBO        2.32684e+00     fixed    
   8  phi_CBO      5.16391e+00     fixed    
   9  ANx2         5.52857e-04   constant   
  10  pNx2         5.73177e+00   constant   
  11  ANy1         0.00000e+00   constant   
  12  pNy1         0.00000e+00   constant   
  13  w_y          0.00000e+00   constant   
  14  ANy2         9.05236e-03     fixed    
  15  pNy2         5.72687e+00   constant   
  16  w_vw         1.43172e+01   constant   
  17  LM           3.92941e-07   constant   
  18  wCBO_expCoeff   1.99636e+02   1.03866e-01   3.58086e-04   1.31225e-01
  19  wCBO_expOffset   1.99945e+02   1.55911e-02   5.37469e-05   8.67670e-01
  20  wCBO_expT    3.00329e+01   8.85524e-03  -2.90696e-05   3.53994e+00
  21  wCBO_linCoeff   0.00000e+00   constant   
  22  wCBO_const  -2.73271e-03   5.66173e-04   7.83079e-07   1.39734e+01
 EXTERNAL ERROR MATRIX.    NDIM=  25    NPAR=  7    ERR DEF=1
  9.705e+05  1.360e-02  3.471e-02 -4.016e+00 -5.989e-01  3.637e-01 -1.990e-03 
  1.360e-02  2.154e-07 -1.565e-08  6.463e-07  9.649e-08 -8.994e-08 -2.641e-09 
  3.471e-02 -1.565e-08  1.900e-06 -1.405e-06 -2.209e-07  1.243e-07 -1.908e-08 
 -4.016e+00  6.463e-07 -1.405e-06  1.079e-02  1.446e-03 -8.850e-04  3.860e-05 
 -5.989e-01  9.649e-08 -2.209e-07  1.446e-03  2.431e-04 -1.328e-04  5.790e-06 
  3.637e-01 -8.994e-08  1.243e-07 -8.850e-04 -1.328e-04  7.842e-05 -3.779e-06 
 -1.990e-03 -2.641e-09 -1.908e-08  3.860e-05  5.790e-06 -3.779e-06  3.206e-07 
 PARAMETER  CORRELATION COEFFICIENTS  
       NO.  GLOBAL      1      3      4     18     19     20     22
        1  0.09539   1.000  0.030  0.026 -0.039 -0.039  0.042 -0.004
        3  0.14021   0.030  1.000 -0.024  0.013  0.013 -0.022 -0.010
        4  0.05811   0.026 -0.024  1.000 -0.010 -0.010  0.010 -0.024
       18  0.98408  -0.039  0.013 -0.010  1.000  0.893 -0.962  0.656
       19  0.98410  -0.039  0.013 -0.010  0.893  1.000 -0.962  0.656
       20  0.99613   0.042 -0.022  0.010 -0.962 -0.962  1.000 -0.754
       22  0.89749  -0.004 -0.010 -0.024  0.656  0.656 -0.754  1.000
MINUIT - FIT ONLY 1-CBO + other amplitudes 
 **********
 **   16 **RES 
 **********
                   PARAMETER   14  ANy2 RESTORED TO VARIABLE.
                   PARAMETER    8  phi_CBO RESTORED TO VARIABLE.
                   PARAMETER    7  w_CBO RESTORED TO VARIABLE.
                   PARAMETER    6  A_CBO RESTORED TO VARIABLE.
 **********
 **   17 **FIX            0
 **********
 PARAMETER    0  IS UNDEFINED. IGNORED.
 **********
 **   18 **FIX            1
 **********
 **********
 **   19 **FIX            2
 **********
 PARAMETER    2  IS CONSTANT.   IGNORED.
 **********
 **   20 **FIX            3
 **********
 **********
 **   21 **FIX            4
 **********
 **********
 **   22 **FIX            9
 **********
 PARAMETER    9  IS CONSTANT.   IGNORED.
 **********
 **   23 **FIX           11
 **********
 PARAMETER   11  IS CONSTANT.   IGNORED.
 **********
 **   24 **FIX           12
 **********
 PARAMETER   12  IS CONSTANT.   IGNORED.
 **********
 **   25 **FIX           14
 **********
 **********
 **   26 **FIX           15
 **********
 PARAMETER   15  IS CONSTANT.   IGNORED.
 **********
 **   27 **FIX           16
 **********
 PARAMETER   16  IS CONSTANT.   IGNORED.
 **********
 **   28 **MIGRAD
 **********
 START MIGRAD MINIMIZATION.  STRATEGY  1.  CONVERGENCE WHEN EDM .LT. 1.00e-04
 FCN=649.336 FROM MIGRAD    STATUS=INITIATE       20 CALLS         287 TOTAL
                     EDM= unknown      STRATEGY= 1      NO ERROR MATRIX       
  EXT PARAMETER               CURRENT GUESS       STEP         FIRST   
  NO.   NAME      VALUE            ERROR          SIZE      DERIVATIVE 
   1  N0           2.81800e+06     fixed    
   2  tau          6.44050e+01   constant   
   3  A0           3.53675e-01     fixed    
   4  phi          4.11569e+00     fixed    
   5  R           -6.15106e+01   constant   
   6  A_CBO        2.50682e-03   1.00000e-05   1.00000e-05   1.68538e+04
   7  w_CBO        2.32684e+00   1.00000e-03   1.00000e-03   1.72428e+01
   8  phi_CBO      5.16391e+00   1.00000e-04   1.00000e-04   1.82962e+00
   9  ANx2         5.52857e-04   constant   
  10  pNx2         5.73177e+00   constant   
  11  ANy1         0.00000e+00   constant   
  12  pNy1         0.00000e+00   constant   
  13  w_y          0.00000e+00   constant   
  14  ANy2         9.05236e-03     fixed    
  15  pNy2         5.72687e+00   constant   
  16  w_vw         1.43172e+01   constant   
  17  LM           3.92941e-07   constant   
  18  wCBO_expCoeff   1.99636e+02   1.03866e-01   3.58086e-04   1.31225e-01
  19  wCBO_expOffset   1.99945e+02   1.55911e-02   5.37469e-05   8.67670e-01
  20  wCBO_expT    3.00329e+01   8.85524e-03  -2.90696e-05   3.53994e+00
  21  wCBO_linCoeff   0.00000e+00   constant   
  22  wCBO_const  -2.73271e-03   5.66173e-04   7.83079e-07   1.39734e+01
 MIGRAD MINIMIZATION HAS CONVERGED.
 FCN=630.69 FROM MIGRAD    STATUS=CONVERGED     168 CALLS         435 TOTAL
                     EDM=1.16233e-06    STRATEGY= 1  ERROR MATRIX UNCERTAINTY   2.9 per cent
  EXT PARAMETER                                   STEP         FIRST   
  NO.   NAME      VALUE            ERROR          SIZE      DERIVATIVE 
   1  N0           2.81800e+06     fixed    
   2  tau          6.44050e+01   constant   
   3  A0           3.53675e-01     fixed    
   4  phi          4.11569e+00     fixed    
   5  R           -6.15106e+01   constant   
   6  A_CBO        3.81442e-04   5.02296e-04  -1.70806e-06  -2.39388e+00
   7  w_CBO        2.32703e+00   6.20615e-04   1.44796e-06   1.67391e+00
   8  phi_CBO      4.51505e+00   1.37837e+00  -2.66444e-02  -9.98926e-04
   9  ANx2         5.52857e-04   constant   
  10  pNx2         5.73177e+00   constant   
  11  ANy1         0.00000e+00   constant   
  12  pNy1         0.00000e+00   constant   
  13  w_y          0.00000e+00   constant   
  14  ANy2         9.05236e-03     fixed    
  15  pNy2         5.72687e+00   constant   
  16  w_vw         1.43172e+01   constant   
  17  LM           3.92941e-07   constant   
  18  wCBO_expCoeff   1.99668e+02   8.27908e-02   3.36459e-04   2.01421e-02
  19  wCBO_expOffset   1.99950e+02   1.24300e-02   5.05250e-05   1.33509e-01
  20  wCBO_expT    3.00297e+01   9.66339e-03  -2.98007e-05   4.23089e-01
  21  wCBO_linCoeff   0.00000e+00   constant   
  22  wCBO_const  -2.90167e-03   5.17683e-04  -4.43168e-06  -1.22013e-01
 EXTERNAL ERROR MATRIX.    NDIM=  25    NPAR=  7    ERR DEF=1
  2.523e-07  1.079e-08 -1.944e-06  1.938e-06  2.911e-07 -1.680e-07 -1.330e-08 
  1.079e-08  3.852e-07 -1.542e-04  4.684e-05  7.032e-06 -5.771e-06  1.191e-07 
 -1.944e-06 -1.542e-04  1.900e+00 -2.577e-02 -3.870e-03  2.648e-03  1.235e-04 
  1.938e-06  4.684e-05 -2.577e-02  6.854e-03  9.622e-04 -7.745e-04  1.163e-05 
  2.911e-07  7.032e-06 -3.870e-03  9.622e-04  1.545e-04 -1.163e-04  1.745e-06 
 -1.680e-07 -5.771e-06  2.648e-03 -7.745e-04 -1.163e-04  9.338e-05 -1.959e-06 
 -1.330e-08  1.191e-07  1.235e-04  1.163e-05  1.745e-06 -1.959e-06  2.680e-07 
 PARAMETER  CORRELATION COEFFICIENTS  
       NO.  GLOBAL      6      7      8     18     19     20     22
        6  0.09526   1.000  0.035 -0.003  0.047  0.047 -0.035 -0.051
        7  0.97557   0.035  1.000 -0.180  0.912  0.912 -0.962  0.371
        8  0.34213  -0.003 -0.180  1.000 -0.226 -0.226  0.199  0.173
       18  0.98352   0.047  0.912 -0.226  1.000  0.935 -0.968  0.271
       19  0.98345   0.047  0.912 -0.226  0.935  1.000 -0.968  0.271
       20  0.99698  -0.035 -0.962  0.199 -0.968 -0.968  1.000 -0.392
       22  0.80375  -0.051  0.371  0.173  0.271  0.271 -0.392  1.000
MINUIT - FIT ONLY 1-CBO
 **********
 **   29 **RES 
 **********
                   PARAMETER   14  ANy2 RESTORED TO VARIABLE.
                   PARAMETER    4  phi RESTORED TO VARIABLE.
                   PARAMETER    3  A0 RESTORED TO VARIABLE.
                   PARAMETER    1  N0 RESTORED TO VARIABLE.
 **********
 **   30 **FIX            0
 **********
 PARAMETER    0  IS UNDEFINED. IGNORED.
 **********
 **   31 **FIX            1
 **********
 **********
 **   32 **FIX            2
 **********
 PARAMETER    2  IS CONSTANT.   IGNORED.
 **********
 **   33 **FIX            3
 **********
 **********
 **   34 **FIX            4
 **********
 **********
 **   35 **FIX            8
 **********
 **********
 **   36 **FIX            9
 **********
 PARAMETER    9  IS CONSTANT.   IGNORED.
 **********
 **   37 **FIX           11
 **********
 PARAMETER   11  IS CONSTANT.   IGNORED.
 **********
 **   38 **FIX           12
 **********
 PARAMETER   12  IS CONSTANT.   IGNORED.
 **********
 **   39 **FIX           13
 **********
 PARAMETER   13  IS CONSTANT.   IGNORED.
 **********
 **   40 **FIX           15
 **********
 PARAMETER   15  IS CONSTANT.   IGNORED.
 **********
 **   41 **FIX           16
 **********
 PARAMETER   16  IS CONSTANT.   IGNORED.
 **********
 **   42 **MIGRAD
 **********
 START MIGRAD MINIMIZATION.  STRATEGY  1.  CONVERGENCE WHEN EDM .LT. 1.00e-04
 FCN=630.69 FROM MIGRAD    STATUS=INITIATE       16 CALLS         451 TOTAL
                     EDM= unknown      STRATEGY= 1      NO ERROR MATRIX       
  EXT PARAMETER               CURRENT GUESS       STEP         FIRST   
  NO.   NAME      VALUE            ERROR          SIZE      DERIVATIVE 
   1  N0           2.81800e+06     fixed    
   2  tau          6.44050e+01   constant   
   3  A0           3.53675e-01     fixed    
   4  phi          4.11569e+00     fixed    
   5  R           -6.15106e+01   constant   
   6  A_CBO        3.81442e-04   5.02296e-04  -1.70806e-06  -2.39388e+00
   7  w_CBO        2.32703e+00   6.20615e-04   1.44796e-06   1.67391e+00
   8  phi_CBO      4.51505e+00     fixed    
   9  ANx2         5.52857e-04   constant   
  10  pNx2         5.73177e+00   constant   
  11  ANy1         0.00000e+00   constant   
  12  pNy1         0.00000e+00   constant   
  13  w_y          0.00000e+00   constant   
  14  ANy2         9.05236e-03   1.00000e-04   1.00000e-04   7.09945e+04
  15  pNy2         5.72687e+00   constant   
  16  w_vw         1.43172e+01   constant   
  17  LM           3.92941e-07   constant   
  18  wCBO_expCoeff   1.99668e+02   8.27908e-02   3.36459e-04   2.01421e-02
  19  wCBO_expOffset   1.99950e+02   1.24300e-02   5.05250e-05   1.33509e-01
  20  wCBO_expT    3.00297e+01   9.66339e-03  -2.98007e-05   4.23089e-01
  21  wCBO_linCoeff   0.00000e+00   constant   
  22  wCBO_const  -2.90167e-03   5.17683e-04  -4.43168e-06  -1.22013e-01
 MIGRAD MINIMIZATION HAS CONVERGED.
 MIGRAD WILL VERIFY CONVERGENCE AND ERROR MATRIX.
 COVARIANCE MATRIX CALCULATED SUCCESSFULLY
 FCN=316.776 FROM HESSE     STATUS=OK             50 CALLS         584 TOTAL
                     EDM=0.000227227    STRATEGY= 1      ERROR MATRIX ACCURATE 
  EXT PARAMETER                                   STEP         FIRST   
  NO.   NAME      VALUE            ERROR          SIZE      DERIVATIVE 
   1  N0           2.81800e+06     fixed    
   2  tau          6.44050e+01   constant   
   3  A0           3.53675e-01     fixed    
   4  phi          4.11569e+00     fixed    
   5  R           -6.15106e+01   constant   
   6  A_CBO        8.80505e-05   5.04571e-04   4.35464e-06   4.22663e-01
   7  w_CBO        2.32703e+00   1.45880e-02   2.33764e-06  -2.56753e+00
   8  phi_CBO      4.51505e+00     fixed    
   9  ANx2         5.52857e-04   constant   
  10  pNx2         5.73177e+00   constant   
  11  ANy1         0.00000e+00   constant   
  12  pNy1         0.00000e+00   constant   
  13  w_y          0.00000e+00   constant   
  14  ANy2         2.08911e-04   4.99279e-04   4.34202e-06  -9.17223e-02
  15  pNy2         5.72687e+00   constant   
  16  w_vw         1.43172e+01   constant   
  17  LM           3.92941e-07   constant   
  18  wCBO_expCoeff   1.99668e+02   1.47126e+00   2.45816e-04  -3.14672e-02
  19  wCBO_expOffset   1.99950e+02   1.64027e-01   9.53437e-05  -2.09301e-01
  20  wCBO_expT    3.00297e+01   1.18414e-02   1.43193e-05   1.85690e+00
  21  wCBO_linCoeff   0.00000e+00   constant   
  22  wCBO_const  -2.87200e-03   6.27033e-03   3.79821e-06   3.09369e-01
 MIGRAD MINIMIZATION HAS CONVERGED.
 FCN=316.775 FROM MIGRAD    STATUS=CONVERGED     165 CALLS         600 TOTAL
                     EDM=6.12651e-09    STRATEGY= 1  ERROR MATRIX UNCERTAINTY   0.0 per cent
  EXT PARAMETER                                   STEP         FIRST   
  NO.   NAME      VALUE            ERROR          SIZE      DERIVATIVE 
   1  N0           2.81800e+06     fixed    
   2  tau          6.44050e+01   constant   
   3  A0           3.53675e-01     fixed    
   4  phi          4.11569e+00     fixed    
   5  R           -6.15106e+01   constant   
   6  A_CBO        8.76374e-05   5.04562e-04  -4.13152e-07  -1.05944e-01
   7  w_CBO        2.32704e+00   1.45891e-02   1.20595e-05  -2.55015e-01
   8  phi_CBO      4.51505e+00     fixed    
   9  ANx2         5.52857e-04   constant   
  10  pNx2         5.73177e+00   constant   
  11  ANy1         0.00000e+00   constant   
  12  pNy1         0.00000e+00   constant   
  13  w_y          0.00000e+00   constant   
  14  ANy2         2.08923e-04   4.99277e-04   1.22730e-08   1.22142e-01
  15  pNy2         5.72687e+00   constant   
  16  w_vw         1.43172e+01   constant   
  17  LM           3.92941e-07   constant   
  18  wCBO_expCoeff   1.99671e+02   1.47169e+00   3.09479e-03  -2.32882e-03
  19  wCBO_expOffset   1.99950e+02   1.64032e-01   1.93360e-05  -1.61331e-02
  20  wCBO_expT    3.00295e+01   1.22546e-02  -1.91186e-04  -5.79860e-02
  21  wCBO_linCoeff   0.00000e+00   constant   
  22  wCBO_const  -2.87069e-03   6.27040e-03   1.31420e-06  -1.26185e-01
 EXTERNAL ERROR MATRIX.    NDIM=  25    NPAR=  7    ERR DEF=1
  2.546e-07 -8.764e-08  7.744e-09 -2.691e-05  4.407e-06  2.832e-07  3.543e-08 
 -8.764e-08  2.128e-04  3.506e-08 -1.443e-02 -5.454e-04 -9.382e-06 -9.091e-05 
  7.744e-09  3.506e-08  2.493e-07  8.912e-06 -1.845e-06  8.322e-09 -1.562e-08 
 -2.691e-05 -1.443e-02  8.912e-06  2.166e+00 -1.316e-01 -2.381e-03  6.254e-03 
  4.407e-06 -5.454e-04 -1.845e-06 -1.316e-01  2.691e-02 -2.131e-05  2.348e-04 
  2.832e-07 -9.382e-06  8.322e-09 -2.381e-03 -2.131e-05  1.502e-04 -1.264e-06 
  3.543e-08 -9.091e-05 -1.562e-08  6.254e-03  2.348e-04 -1.264e-06  3.932e-05 
 PARAMETER  CORRELATION COEFFICIENTS  
       NO.  GLOBAL      6      7     14     18     19     20     22
        6  0.13008   1.000 -0.012  0.031 -0.036  0.053  0.046  0.011
        7  0.99983  -0.012  1.000  0.005 -0.672 -0.228 -0.052 -0.994
       14  0.04193   0.031  0.005  1.000  0.012 -0.023  0.001 -0.005
       18  0.99982  -0.036 -0.672  0.012  1.000 -0.545 -0.132  0.678
       19  0.99966   0.053 -0.228 -0.023 -0.545  1.000 -0.011  0.228
       20  0.99528   0.046 -0.052  0.001 -0.132 -0.011  1.000 -0.016
       22  0.99758   0.011 -0.994 -0.005  0.678  0.228 -0.016  1.000
MINUIT - FIT ONLY 2-CBO
 **********
 **   43 **RES 
 **********
                   PARAMETER    8  phi_CBO RESTORED TO VARIABLE.
                   PARAMETER    4  phi RESTORED TO VARIABLE.
                   PARAMETER    3  A0 RESTORED TO VARIABLE.
                   PARAMETER    1  N0 RESTORED TO VARIABLE.
 **********
 **   44 **FIX            0
 **********
 PARAMETER    0  IS UNDEFINED. IGNORED.
 **********
 **   45 **FIX            1
 **********
 **********
 **   46 **FIX            2
 **********
 PARAMETER    2  IS CONSTANT.   IGNORED.
 **********
 **   47 **FIX            3
 **********
 **********
 **   48 **FIX            4
 **********
 **********
 **   49 **FIX            5
 **********
 PARAMETER    5  IS CONSTANT.   IGNORED.
 **********
 **   50 **FIX            6
 **********
 **********
 **   51 **FIX            7
 **********
 **********
 **   52 **FIX           10
 **********
 PARAMETER   10  IS CONSTANT.   IGNORED.
 **********
 **   53 **FIX           11
 **********
 PARAMETER   11  IS CONSTANT.   IGNORED.
 **********
 **   54 **FIX           12
 **********
 PARAMETER   12  IS CONSTANT.   IGNORED.
 **********
 **   55 **FIX           13
 **********
 PARAMETER   13  IS CONSTANT.   IGNORED.
 **********
 **   56 **FIX           14
 **********
 **********
 **   57 **FIX           15
 **********
 PARAMETER   15  IS CONSTANT.   IGNORED.
 **********
 **   58 **FIX           16
 **********
 PARAMETER   16  IS CONSTANT.   IGNORED.
 **********
 **   59 **MIGRAD
 **********
 START MIGRAD MINIMIZATION.  STRATEGY  1.  CONVERGENCE WHEN EDM .LT. 1.00e-04
 FCN=316.775 FROM MIGRAD    STATUS=INITIATE       12 CALLS         612 TOTAL
                     EDM= unknown      STRATEGY= 1      NO ERROR MATRIX       
  EXT PARAMETER               CURRENT GUESS       STEP         FIRST   
  NO.   NAME      VALUE            ERROR          SIZE      DERIVATIVE 
   1  N0           2.81800e+06     fixed    
   2  tau          6.44050e+01   constant   
   3  A0           3.53675e-01     fixed    
   4  phi          4.11569e+00     fixed    
   5  R           -6.15106e+01   constant   
   6  A_CBO        8.76374e-05     fixed    
   7  w_CBO        2.32704e+00     fixed    
   8  phi_CBO      4.51505e+00   1.37837e+00   1.37837e+00   7.43713e-02
   9  ANx2         5.52857e-04   constant   
  10  pNx2         5.73177e+00   constant   
  11  ANy1         0.00000e+00   constant   
  12  pNy1         0.00000e+00   constant   
  13  w_y          0.00000e+00   constant   
  14  ANy2         2.08923e-04     fixed    
  15  pNy2         5.72687e+00   constant   
  16  w_vw         1.43172e+01   constant   
  17  LM           3.92941e-07   constant   
  18  wCBO_expCoeff   1.99671e+02   1.47169e+00   3.09479e-03  -2.32879e-03
  19  wCBO_expOffset   1.99950e+02   1.64032e-01   1.93360e-05  -1.61331e-02
  20  wCBO_expT    3.00295e+01   1.22546e-02  -1.91186e-04  -5.79860e-02
  21  wCBO_linCoeff   0.00000e+00   constant   
  22  wCBO_const  -2.87069e-03   6.27040e-03   1.31420e-06  -1.26185e-01
 MIGRAD MINIMIZATION HAS CONVERGED.
 MIGRAD WILL VERIFY CONVERGENCE AND ERROR MATRIX.
 COVARIANCE MATRIX CALCULATED SUCCESSFULLY
 FCN=316.739 FROM HESSE     STATUS=OK             31 CALLS         691 TOTAL
                     EDM=0.000681319    STRATEGY= 1      ERROR MATRIX ACCURATE 
  EXT PARAMETER                                   STEP         FIRST   
  NO.   NAME      VALUE            ERROR          SIZE      DERIVATIVE 
   1  N0           2.81800e+06     fixed    
   2  tau          6.44050e+01   constant   
   3  A0           3.53675e-01     fixed    
   4  phi          4.11569e+00     fixed    
   5  R           -6.15106e+01   constant   
   6  A_CBO        8.76374e-05     fixed    
   7  w_CBO        2.32704e+00     fixed    
   8  phi_CBO      3.59596e+00   4.59831e+00   3.94132e-02  -5.12486e-04
   9  ANx2         5.52857e-04   constant   
  10  pNx2         5.73177e+00   constant   
  11  ANy1         0.00000e+00   constant   
  12  pNy1         0.00000e+00   constant   
  13  w_y          0.00000e+00   constant   
  14  ANy2         2.08923e-04     fixed    
  15  pNy2         5.72687e+00   constant   
  16  w_vw         1.43172e+01   constant   
  17  LM           3.92941e-07   constant   
  18  wCBO_expCoeff   1.99672e+02   7.64881e-01   2.43358e-04  -6.08603e-02
  19  wCBO_expOffset   1.99950e+02   1.10776e-01   9.53438e-05  -4.04985e-01
  20  wCBO_expT    3.00295e+01   1.16727e-02   1.43192e-05   3.05452e+00
  21  wCBO_linCoeff   0.00000e+00   constant   
  22  wCBO_const  -2.89074e-03   6.90291e-04   3.79826e-06  -2.38200e+00
 MIGRAD MINIMIZATION HAS CONVERGED.
 FCN=316.738 FROM MIGRAD    STATUS=CONVERGED     103 CALLS         703 TOTAL
                     EDM=2.58777e-08    STRATEGY= 1  ERROR MATRIX UNCERTAINTY   0.0 per cent
  EXT PARAMETER                                   STEP         FIRST   
  NO.   NAME      VALUE            ERROR          SIZE      DERIVATIVE 
   1  N0           2.81800e+06     fixed    
   2  tau          6.44050e+01   constant   
   3  A0           3.53675e-01     fixed    
   4  phi          4.11569e+00     fixed    
   5  R           -6.15106e+01   constant   
   6  A_CBO        8.76374e-05     fixed    
   7  w_CBO        2.32704e+00     fixed    
   8  phi_CBO      3.58744e+00   4.60006e+00  -8.51552e-03   2.33808e-05
   9  ANx2         5.52857e-04   constant   
  10  pNx2         5.73177e+00   constant   
  11  ANy1         0.00000e+00   constant   
  12  pNy1         0.00000e+00   constant   
  13  w_y          0.00000e+00   constant   
  14  ANy2         2.08923e-04     fixed    
  15  pNy2         5.72687e+00   constant   
  16  w_vw         1.43172e+01   constant   
  17  LM           3.92941e-07   constant   
  18  wCBO_expCoeff   1.99678e+02   7.67348e-01   6.07299e-03  -5.02908e-03
  19  wCBO_expOffset   1.99951e+02   1.10833e-01   2.18314e-04  -3.52165e-02
  20  wCBO_expT    3.00292e+01   1.23028e-02  -3.38116e-04  -1.11313e-01
  21  wCBO_linCoeff   0.00000e+00   constant   
  22  wCBO_const  -2.87897e-03   7.02286e-04   1.17668e-05   9.99767e-02
 EXTERNAL ERROR MATRIX.    NDIM=  25    NPAR=  5    ERR DEF=1
  2.116e+01 -2.162e-01  9.081e-03  6.313e-03  1.327e-04 
 -2.162e-01  5.888e-01 -7.941e-02 -2.700e-03  8.088e-05 
  9.081e-03 -7.941e-02  1.228e-02 -9.939e-05  3.352e-06 
  6.313e-03 -2.700e-03 -9.939e-05  1.514e-04 -5.207e-06 
  1.327e-04  8.088e-05  3.352e-06 -5.207e-06  4.932e-07 
 PARAMETER  CORRELATION COEFFICIENTS  
       NO.  GLOBAL      8     18     19     20     22
        8  0.17816   1.000 -0.061  0.018  0.112  0.041
       18  0.99934  -0.061  1.000 -0.934 -0.286  0.150
       19  0.99928   0.018 -0.934  1.000 -0.073  0.043
       20  0.99541   0.112 -0.286 -0.073  1.000 -0.603
       22  0.78348   0.041  0.150  0.043 -0.603  1.000
MINUIT - FIT ONLY 1-y
 **********
 **   60 **RES 
 **********
                   PARAMETER   14  ANy2 RESTORED TO VARIABLE.
                   PARAMETER    7  w_CBO RESTORED TO VARIABLE.
                   PARAMETER    6  A_CBO RESTORED TO VARIABLE.
                   PARAMETER    4  phi RESTORED TO VARIABLE.
                   PARAMETER    3  A0 RESTORED TO VARIABLE.
                   PARAMETER    1  N0 RESTORED TO VARIABLE.
 **********
 **   61 **FIX            0
 **********
 PARAMETER    0  IS UNDEFINED. IGNORED.
 **********
 **   62 **FIX            1
 **********
 **********
 **   63 **FIX            2
 **********
 PARAMETER    2  IS CONSTANT.   IGNORED.
 **********
 **   64 **FIX            3
 **********
 **********
 **   65 **FIX            4
 **********
 **********
 **   66 **FIX            5
 **********
 PARAMETER    5  IS CONSTANT.   IGNORED.
 **********
 **   67 **FIX            6
 **********
 **********
 **   68 **FIX            7
 **********
 **********
 **   69 **FIX            8
 **********
 **********
 **   70 **FIX            9
 **********
 PARAMETER    9  IS CONSTANT.   IGNORED.
 **********
 **   71 **FIX           13
 **********
 PARAMETER   13  IS CONSTANT.   IGNORED.
 **********
 **   72 **FIX           14
 **********
 **********
 **   73 **FIX           15
 **********
 PARAMETER   15  IS CONSTANT.   IGNORED.
 **********
 **   74 **FIX           16
 **********
 PARAMETER   16  IS CONSTANT.   IGNORED.
 **********
 **   75 **MIGRAD
 **********
 START MIGRAD MINIMIZATION.  STRATEGY  1.  CONVERGENCE WHEN EDM .LT. 1.00e-04
 FCN=316.738 FROM MIGRAD    STATUS=INITIATE        8 CALLS         711 TOTAL
                     EDM= unknown      STRATEGY= 1      NO ERROR MATRIX       
  EXT PARAMETER               CURRENT GUESS       STEP         FIRST   
  NO.   NAME      VALUE            ERROR          SIZE      DERIVATIVE 
   1  N0           2.81800e+06     fixed    
   2  tau          6.44050e+01   constant   
   3  A0           3.53675e-01     fixed    
   4  phi          4.11569e+00     fixed    
   5  R           -6.15106e+01   constant   
   6  A_CBO        8.76374e-05     fixed    
   7  w_CBO        2.32704e+00     fixed    
   8  phi_CBO      3.58744e+00     fixed    
   9  ANx2         5.52857e-04   constant   
  10  pNx2         5.73177e+00   constant   
  11  ANy1         0.00000e+00   constant   
  12  pNy1         0.00000e+00   constant   
  13  w_y          0.00000e+00   constant   
  14  ANy2         2.08923e-04     fixed    
  15  pNy2         5.72687e+00   constant   
  16  w_vw         1.43172e+01   constant   
  17  LM           3.92941e-07   constant   
  18  wCBO_expCoeff   1.99678e+02   7.67348e-01   6.07299e-03  -5.02899e-03
  19  wCBO_expOffset   1.99951e+02   1.10833e-01   2.18314e-04  -3.52165e-02
  20  wCBO_expT    3.00292e+01   1.23028e-02  -3.38116e-04  -1.11313e-01
  21  wCBO_linCoeff   0.00000e+00   constant   
  22  wCBO_const  -2.87897e-03   7.02286e-04   1.17668e-05   9.99766e-02
 MIGRAD MINIMIZATION HAS CONVERGED.
 MIGRAD WILL VERIFY CONVERGENCE AND ERROR MATRIX.
 COVARIANCE MATRIX CALCULATED SUCCESSFULLY
 FCN=316.738 FROM MIGRAD    STATUS=CONVERGED      47 CALLS         750 TOTAL
                     EDM=1.22998e-08    STRATEGY= 1      ERROR MATRIX ACCURATE 
  EXT PARAMETER                                   STEP         FIRST   
  NO.   NAME      VALUE            ERROR          SIZE      DERIVATIVE 
   1  N0           2.81800e+06     fixed    
   2  tau          6.44050e+01   constant   
   3  A0           3.53675e-01     fixed    
   4  phi          4.11569e+00     fixed    
   5  R           -6.15106e+01   constant   
   6  A_CBO        8.76374e-05     fixed    
   7  w_CBO        2.32704e+00     fixed    
   8  phi_CBO      3.58744e+00     fixed    
   9  ANx2         5.52857e-04   constant   
  10  pNx2         5.73177e+00   constant   
  11  ANy1         0.00000e+00   constant   
  12  pNy1         0.00000e+00   constant   
  13  w_y          0.00000e+00   constant   
  14  ANy2         2.08923e-04     fixed    
  15  pNy2         5.72687e+00   constant   
  16  w_vw         1.43172e+01   constant   
  17  LM           3.92941e-07   constant   
  18  wCBO_expCoeff   1.99678e+02   6.45617e-01   2.43044e-04   4.04779e-04
  19  wCBO_expOffset   1.99951e+02   9.28436e-02   9.53439e-05   2.67118e-03
  20  wCBO_expT    3.00292e+01   1.14565e-02   1.43190e-05   1.84548e-02
  21  wCBO_linCoeff   0.00000e+00   constant   
  22  wCBO_const  -2.87897e-03   6.86778e-04   3.79956e-06   2.96707e-01
 EXTERNAL ERROR MATRIX.    NDIM=  25    NPAR=  4    ERR DEF=1
  4.168e-01 -5.506e-02 -2.254e-03  6.987e-05 
 -5.506e-02  8.620e-03 -9.852e-05  3.051e-06 
 -2.254e-03 -9.852e-05  1.313e-04 -4.620e-06 
  6.987e-05  3.051e-06 -4.620e-06  4.717e-07 
 PARAMETER  CORRELATION COEFFICIENTS  
       NO.  GLOBAL     18     19     20     22
       18  0.99906   1.000 -0.919 -0.305  0.158
       19  0.99898  -0.919  1.000 -0.093  0.048
       20  0.99472  -0.305 -0.093  1.000 -0.587
       22  0.77198   0.158  0.048 -0.587  1.000
MINUIT - FIT ONLY 2-y
 **********
 **   76 **RES 
 **********
                   PARAMETER   14  ANy2 RESTORED TO VARIABLE.
                   PARAMETER    8  phi_CBO RESTORED TO VARIABLE.
                   PARAMETER    7  w_CBO RESTORED TO VARIABLE.
                   PARAMETER    6  A_CBO RESTORED TO VARIABLE.
                   PARAMETER    4  phi RESTORED TO VARIABLE.
                   PARAMETER    3  A0 RESTORED TO VARIABLE.
                   PARAMETER    1  N0 RESTORED TO VARIABLE.
 **********
 **   77 **FIX            0
 **********
 PARAMETER    0  IS UNDEFINED. IGNORED.
 **********
 **   78 **FIX            1
 **********
 **********
 **   79 **FIX            2
 **********
 PARAMETER    2  IS CONSTANT.   IGNORED.
 **********
 **   80 **FIX            3
 **********
 **********
 **   81 **FIX            4
 **********
 **********
 **   82 **FIX            5
 **********
 PARAMETER    5  IS CONSTANT.   IGNORED.
 **********
 **   83 **FIX            6
 **********
 **********
 **   84 **FIX            7
 **********
 **********
 **   85 **FIX            8
 **********
 **********
 **   86 **FIX            9
 **********
 PARAMETER    9  IS CONSTANT.   IGNORED.
 **********
 **   87 **FIX           10
 **********
 PARAMETER   10  IS CONSTANT.   IGNORED.
 **********
 **   88 **FIX           11
 **********
 PARAMETER   11  IS CONSTANT.   IGNORED.
 **********
 **   89 **FIX           12
 **********
 PARAMETER   12  IS CONSTANT.   IGNORED.
 **********
 **   90 **FIX           16
 **********
 PARAMETER   16  IS CONSTANT.   IGNORED.
 **********
 **   91 **MIGRAD
 **********
 START MIGRAD MINIMIZATION.  STRATEGY  1.  CONVERGENCE WHEN EDM .LT. 1.00e-04
 FCN=316.738 FROM MIGRAD    STATUS=INITIATE       10 CALLS         760 TOTAL
                     EDM= unknown      STRATEGY= 1      NO ERROR MATRIX       
  EXT PARAMETER               CURRENT GUESS       STEP         FIRST   
  NO.   NAME      VALUE            ERROR          SIZE      DERIVATIVE 
   1  N0           2.81800e+06     fixed    
   2  tau          6.44050e+01   constant   
   3  A0           3.53675e-01     fixed    
   4  phi          4.11569e+00     fixed    
   5  R           -6.15106e+01   constant   
   6  A_CBO        8.76374e-05     fixed    
   7  w_CBO        2.32704e+00     fixed    
   8  phi_CBO      3.58744e+00     fixed    
   9  ANx2         5.52857e-04   constant   
  10  pNx2         5.73177e+00   constant   
  11  ANy1         0.00000e+00   constant   
  12  pNy1         0.00000e+00   constant   
  13  w_y          0.00000e+00   constant   
  14  ANy2         2.08923e-04   4.99277e-04   4.99277e-04   1.72157e+01
  15  pNy2         5.72687e+00   constant   
  16  w_vw         1.43172e+01   constant   
  17  LM           3.92941e-07   constant   
  18  wCBO_expCoeff   1.99678e+02   6.45617e-01   2.43044e-04   3.97424e-04
  19  wCBO_expOffset   1.99951e+02   9.28436e-02   9.53439e-05   6.01132e-04
  20  wCBO_expT    3.00292e+01   1.14565e-02   1.43190e-05   1.54752e-02
  21  wCBO_linCoeff   0.00000e+00   constant   
  22  wCBO_const  -2.87897e-03   6.86778e-04   3.79956e-06   2.96463e-01
 MIGRAD MINIMIZATION HAS CONVERGED.
 MIGRAD WILL VERIFY CONVERGENCE AND ERROR MATRIX.
 COVARIANCE MATRIX CALCULATED SUCCESSFULLY
 FCN=316.738 FROM MIGRAD    STATUS=CONVERGED      52 CALLS         802 TOTAL
                     EDM=3.36824e-08    STRATEGY= 1      ERROR MATRIX ACCURATE 
  EXT PARAMETER                                   STEP         FIRST   
  NO.   NAME      VALUE            ERROR          SIZE      DERIVATIVE 
   1  N0           2.81800e+06     fixed    
   2  tau          6.44050e+01   constant   
   3  A0           3.53675e-01     fixed    
   4  phi          4.11569e+00     fixed    
   5  R           -6.15106e+01   constant   
   6  A_CBO        8.76374e-05     fixed    
   7  w_CBO        2.32704e+00     fixed    
   8  phi_CBO      3.58744e+00     fixed    
   9  ANx2         5.52857e-04   constant   
  10  pNx2         5.73177e+00   constant   
  11  ANy1         0.00000e+00   constant   
  12  pNy1         0.00000e+00   constant   
  13  w_y          0.00000e+00   constant   
  14  ANy2         2.06781e-04   4.98967e-04   4.34176e-06  -3.95874e-03
  15  pNy2         5.72687e+00   constant   
  16  w_vw         1.43172e+01   constant   
  17  LM           3.92941e-07   constant   
  18  wCBO_expCoeff   1.99678e+02   6.46464e-01   2.43043e-04  -8.91345e-03
  19  wCBO_expOffset   1.99951e+02   9.29738e-02   9.53439e-05  -5.97785e-02
  20  wCBO_expT    3.00292e+01   1.14589e-02   1.43190e-05  -2.08136e-01
  21  wCBO_linCoeff   0.00000e+00   constant   
  22  wCBO_const  -2.87900e-03   6.86815e-04   3.79956e-06  -2.64260e-01
 EXTERNAL ERROR MATRIX.    NDIM=  25    NPAR=  5    ERR DEF=1
  2.490e-07  4.034e-06 -6.507e-07  2.027e-09 -1.464e-10 
  4.034e-06  4.179e-01 -5.522e-02 -2.256e-03  6.990e-05 
 -6.507e-07 -5.522e-02  8.644e-03 -9.850e-05  3.051e-06 
  2.027e-09 -2.256e-03 -9.850e-05  1.313e-04 -4.621e-06 
 -1.464e-10  6.990e-05  3.051e-06 -4.621e-06  4.717e-07 
 PARAMETER  CORRELATION COEFFICIENTS  
