 + ++++++++++++++++++++++++++++++++++++++++++++++++++++++++++++++++++++ +
 +                                                                      +
 +           You have chose to blind your fitting according to          +
 +                omega_ref * (1 + (R +/- deltaR) *10^{-6})             +
 +                                                                      +
 + ++++++++++++++++++++++++++++++++++++++++++++++++++++++++++++++++++++ +
In main()...
reading format from /gm2data/zkhechad/run45/envelope/formats/formatB_sBin_constraintOn.txt
pBinTau 	= 0  
pBinPhi 	= 0  
constraintau 	= 1 
includeMopTerm 	= 0    
constrainMop    = 0   
Parameters after format file: pBinTau 0 pBinPhi 0 constraintau 1 includeMopTerm 0 constrainMop 0 c_e_scale 0.000000 
reading cbo reference file (full fit) from /gm2data/zkhechad/cboTemplates/Run4CBOTemplates/fullFits/run4/sBin_constraintOn_cE0.0_seed0_run4_calo15.root
A_CBO 0.008274 w_CBO 2.326361 phi_CBO 0.928510 N0 2995032.431773 R -60.169268 tau 64.399261 
Reading cboRef file /gm2data/zkhechad/cboTemplates/Run4CBOTemplates//cboIsolate/run4_calo15.root
deltaT 9.055869
windowBins = 120
fitting sliding window 260 from bin 463 at 69.079600 to bin 583 at 86.983600 (120 bins)

Reading data from /gm2data/cornell/histograms/aMethod/histogram_a_run4.root
fitting cbo isolate
 **********
 **    1 **SET PRINTOUT            1
 **********
 **********
 **    2 **SET NOWARNINGS 
 **********
 PARAMETER DEFINITIONS:
    NO.   NAME         VALUE      STEP SIZE      LIMITS
     1 A_CBO        8.27396e-03  1.00000e-05     no limits
     2 w_CBO        2.32636e+00  1.00000e-02    2.00000e+00  3.00000e+00
     3 phi_CBO      9.28510e-01  1.00000e-02    0.00000e+00  6.28319e+00
 **********
 **    3 **MIGRAD
 **********
 FIRST CALL TO USER FUNCTION AT NEW START POINT, WITH IFLAG=4.
 START MIGRAD MINIMIZATION.  STRATEGY  1.  CONVERGENCE WHEN EDM .LT. 1.00e-04
 FCN=0.000664951 FROM MIGRAD    STATUS=INITIATE       10 CALLS          11 TOTAL
                     EDM= unknown      STRATEGY= 1      NO ERROR MATRIX       
  EXT PARAMETER               CURRENT GUESS       STEP         FIRST   
  NO.   NAME      VALUE            ERROR          SIZE      DERIVATIVE 
   1  A_CBO        8.27396e-03   1.00000e-05   1.00000e-05   3.83779e-01
   2  w_CBO        2.32636e+00   1.00000e-02   2.13296e-02   7.04923e-04
   3  phi_CBO      9.28510e-01   1.00000e-02   4.48483e-03  -2.65512e-05
 MIGRAD MINIMIZATION HAS CONVERGED.
 MIGRAD WILL VERIFY CONVERGENCE AND ERROR MATRIX.
 COVARIANCE MATRIX CALCULATED SUCCESSFULLY
 FCN=5.92371e-05 FROM MIGRAD    STATUS=CONVERGED      35 CALLS          36 TOTAL
                     EDM=6.45145e-07    STRATEGY= 1      ERROR MATRIX ACCURATE 
  EXT PARAMETER                                   STEP         FIRST   
  NO.   NAME      VALUE            ERROR          SIZE      DERIVATIVE 
   1  A_CBO        5.11655e-03   1.30033e-01   6.26409e-05  -2.04346e-05
   2  w_CBO        2.32631e+00   7.95338e-01   2.68181e-04  -1.25542e-03
   3  phi_CBO      9.30927e-01   3.54420e+00   4.41120e-03   8.10240e-05
 EXTERNAL ERROR MATRIX.    NDIM=  25    NPAR=  3    ERR DEF=1
  1.691e-02 -1.002e-01 -7.792e+00 
 -1.002e-01  2.223e+01  1.727e+03 
 -7.792e+00  1.727e+03  1.347e+05 
 PARAMETER  CORRELATION COEFFICIENTS  
       NO.  GLOBAL      1      2      3
        1  0.16344   1.000 -0.163 -0.163
        2  0.99762  -0.163  1.000  0.998
        3  0.99762  -0.163  0.998  1.000
setting A_CBO=0.005117 w_CBO=2.326312, phi_CBO=0.930927
done fitting cbo isolate
 **********
 **    1 **SET PRINTOUT            1
 **********
 **********
 **    2 **SET NOWARNINGS 
 **********
 PARAMETER DEFINITIONS:
    NO.   NAME         VALUE      STEP SIZE      LIMITS
     1 N0           2.99503e+06  1.00000e+02     no limits
     2 tau          6.43993e+01  constant
     3 A0           3.54065e-01  1.00000e-04     no limits
     4 phi          4.11942e+00  1.00000e-02     no limits
     5 R           -6.01693e+01  constant
     6 A_CBO        5.11655e-03  1.00000e-05     no limits
     7 w_CBO        2.32631e+00  1.00000e-03     no limits
     8 phi_CBO      9.30927e-01  1.00000e-04     no limits
     9 ANx2         6.17909e-04  constant
    10 pNx2         3.86483e+00  constant
    11 ANy1         0.00000e+00  constant
    12 pNy1         0.00000e+00  constant
    13 w_y          0.00000e+00  constant
    14 ANy2         7.96733e-03  1.00000e-04     no limits
    15 pNy2         1.76471e+00  constant
    16 w_vw         1.43097e+01  constant
    17 LM          -1.37296e-04  constant
    18 wCBO_expCoeff   2.00000e+02  1.00000e+00     no limits
    19 wCBO_expOffset   2.00000e+02  1.00000e+00     no limits
    20 wCBO_expT    3.00000e+01  1.00000e+00     no limits
    21 wCBO_linCoeff   0.00000e+00  constant
    22 wCBO_const   0.00000e+00  1.00000e-02     no limits
MINUIT - FIT ONLY WIGGLE
 **********
 **    3 **FIX            5
 **********
 PARAMETER    5  IS CONSTANT.   IGNORED.
 **********
 **    4 **FIX            6
 **********
 **********
 **    5 **FIX            7
 **********
 **********
 **    6 **FIX            8
 **********
 **********
 **    7 **FIX            9
 **********
 PARAMETER    9  IS CONSTANT.   IGNORED.
 **********
 **    8 **FIX           10
 **********
 PARAMETER   10  IS CONSTANT.   IGNORED.
 **********
 **    9 **FIX           11
 **********
 PARAMETER   11  IS CONSTANT.   IGNORED.
 **********
 **   10 **FIX           12
 **********
 PARAMETER   12  IS CONSTANT.   IGNORED.
 **********
 **   11 **FIX           13
 **********
 PARAMETER   13  IS CONSTANT.   IGNORED.
 **********
 **   12 **FIX           14
 **********
 **********
 **   13 **FIX           15
 **********
 PARAMETER   15  IS CONSTANT.   IGNORED.
 **********
 **   14 **FIX           16
 **********
 PARAMETER   16  IS CONSTANT.   IGNORED.
 **********
 **   15 **MIGRAD
 **********
 FIRST CALL TO USER FUNCTION AT NEW START POINT, WITH IFLAG=4.
 START MIGRAD MINIMIZATION.  STRATEGY  1.  CONVERGENCE WHEN EDM .LT. 1.00e-04
 FCN=3970.34 FROM MIGRAD    STATUS=INITIATE       34 CALLS          35 TOTAL
                     EDM= unknown      STRATEGY= 1      NO ERROR MATRIX       
  EXT PARAMETER               CURRENT GUESS       STEP         FIRST   
  NO.   NAME      VALUE            ERROR          SIZE      DERIVATIVE 
   1  N0           2.99503e+06   1.00000e+02   1.00000e+02   2.19411e-02
   2  tau          6.43993e+01   constant   
   3  A0           3.54065e-01   1.00000e-04   1.00000e-04   3.96639e+04
   4  phi          4.11942e+00   1.00000e-02   1.00000e-02  -2.98991e+03
   5  R           -6.01693e+01   constant   
   6  A_CBO        5.11655e-03     fixed    
   7  w_CBO        2.32631e+00     fixed    
   8  phi_CBO      9.30927e-01     fixed    
   9  ANx2         6.17909e-04   constant   
  10  pNx2         3.86483e+00   constant   
  11  ANy1         0.00000e+00   constant   
  12  pNy1         0.00000e+00   constant   
  13  w_y          0.00000e+00   constant   
  14  ANy2         7.96733e-03     fixed    
  15  pNy2         1.76471e+00   constant   
  16  w_vw         1.43097e+01   constant   
  17  LM          -1.37296e-04   constant   
  18  wCBO_expCoeff   2.00000e+02   1.00000e+00   1.00000e+00   1.31747e+05
  19  wCBO_expOffset   2.00000e+02   1.00000e+00   1.00000e+00  -2.03893e+05
  20  wCBO_expT    3.00000e+01   1.00000e+00   1.00000e+00   2.77825e+04
  21  wCBO_linCoeff   0.00000e+00   constant   
  22  wCBO_const   0.00000e+00   1.00000e-02   1.00000e-02   4.17967e+04
 MIGRAD FAILS TO FIND IMPROVEMENT
 FCN=3970.34 FROM HESSE     STATUS=NOT POSDEF     56 CALLS         102 TOTAL
                     EDM=4.8723e+06    STRATEGY= 1      ERR MATRIX NOT POS-DEF
  EXT PARAMETER                APPROXIMATE        STEP         FIRST   
  NO.   NAME      VALUE            ERROR          SIZE      DERIVATIVE 
   1  N0           2.99503e+06   6.44378e+02   1.03784e+01   2.19411e-02
   2  tau          6.43993e+01   constant   
   3  A0           3.54065e-01   2.32469e-04   4.67739e-06   3.96639e+04
   4  phi          4.11942e+00   7.35772e-04   3.07708e-05  -2.98991e+03
   5  R           -6.01693e+01   constant   
   6  A_CBO        5.11655e-03     fixed    
   7  w_CBO        2.32631e+00     fixed    
   8  phi_CBO      9.30927e-01     fixed    
   9  ANx2         6.17909e-04   constant   
  10  pNx2         3.86483e+00   constant   
  11  ANy1         0.00000e+00   constant   
  12  pNy1         0.00000e+00   constant   
  13  w_y          0.00000e+00   constant   
  14  ANy2         7.96733e-03     fixed    
  15  pNy2         1.76471e+00   constant   
  16  w_vw         1.43097e+01   constant   
  17  LM          -1.37296e-04   constant   
  18  wCBO_expCoeff   2.00000e+02   4.35037e-05   3.07708e-04   1.97420e+06
  19  wCBO_expOffset   2.00000e+02   2.17091e-04   3.07708e-04   1.08502e+07
  20  wCBO_expT    3.00000e+01   1.38959e-04   3.07708e-04  -4.76249e+07
  21  wCBO_linCoeff   0.00000e+00   constant   
  22  wCBO_const   0.00000e+00   4.73882e-03   3.07708e-05   4.17974e+04
 MIGRAD FAILS TO FIND IMPROVEMENT
 MIGRAD TERMINATED WITHOUT CONVERGENCE.
 FCN=3970.34 FROM MIGRAD    STATUS=FAILED        112 CALLS         113 TOTAL
                     EDM=4.8723e+06    STRATEGY= 1      ERR MATRIX NOT POS-DEF
  EXT PARAMETER                APPROXIMATE        STEP         FIRST   
  NO.   NAME      VALUE            ERROR          SIZE      DERIVATIVE 
   1  N0           2.99503e+06   6.44378e+02  -0.00000e+00   2.19411e-02
   2  tau          6.43993e+01   constant   
   3  A0           3.54065e-01   2.32469e-04  -0.00000e+00   3.96639e+04
   4  phi          4.11942e+00   7.35772e-04  -0.00000e+00  -2.98991e+03
   5  R           -6.01693e+01   constant   
   6  A_CBO        5.11655e-03     fixed    
   7  w_CBO        2.32631e+00     fixed    
   8  phi_CBO      9.30927e-01     fixed    
   9  ANx2         6.17909e-04   constant   
  10  pNx2         3.86483e+00   constant   
  11  ANy1         0.00000e+00   constant   
  12  pNy1         0.00000e+00   constant   
  13  w_y          0.00000e+00   constant   
  14  ANy2         7.96733e-03     fixed    
  15  pNy2         1.76471e+00   constant   
  16  w_vw         1.43097e+01   constant   
  17  LM          -1.37296e-04   constant   
  18  wCBO_expCoeff   2.00000e+02   4.35037e-05   0.00000e+00   1.97420e+06
  19  wCBO_expOffset   2.00000e+02   2.17091e-04   0.00000e+00   1.08502e+07
  20  wCBO_expT    3.00000e+01   1.38959e-04   0.00000e+00  -4.76249e+07
  21  wCBO_linCoeff   0.00000e+00   constant   
  22  wCBO_const   0.00000e+00   4.73882e-03  -0.00000e+00   4.17974e+04
 EXTERNAL ERROR MATRIX.    NDIM=  25    NPAR=  7    ERR DEF=1
  4.152e+05  1.143e-01  3.678e-01 -2.283e-02 -1.259e-01 -8.086e-02  2.688e+00 
  1.143e-01  5.404e-08  1.258e-07 -7.145e-09 -4.271e-08 -2.730e-08  9.301e-07 
  3.678e-01  1.258e-07  5.414e-07 -2.362e-08 -1.392e-07 -8.816e-08  3.022e-06 
 -2.283e-02 -7.145e-09 -2.362e-08  1.893e-09  8.053e-09  5.248e-09 -1.613e-07 
 -1.259e-01 -4.271e-08 -1.392e-07  8.053e-09  4.713e-08  3.004e-08 -1.017e-06 
 -8.086e-02 -2.730e-08 -8.816e-08  5.248e-09  3.004e-08  1.931e-08 -6.468e-07 
  2.688e+00  9.301e-07  3.022e-06 -1.613e-07 -1.017e-06 -6.468e-07  2.246e-05 
ERR MATRIX NOT POS-DEF
 PARAMETER  CORRELATION COEFFICIENTS  
       NO.  GLOBAL      1      3      4     18     19     20     22
        1  0.90556   1.000  0.763  0.776 -0.814 -0.900 -0.903  0.880
        3  0.84860   0.763  1.000  0.736 -0.707 -0.846 -0.845  0.844
        4  0.87562   0.776  0.736  1.000 -0.738 -0.871 -0.862  0.867
       18  0.95541  -0.814 -0.707 -0.738  1.000  0.853  0.868 -0.782
       19  0.99790  -0.900 -0.846 -0.871  0.853  1.000  0.996 -0.989
       20  0.99692  -0.903 -0.845 -0.862  0.868  0.996  1.000 -0.982
       22  0.99580   0.880  0.844  0.867 -0.782 -0.989 -0.982  1.000
 ERR MATRIX NOT POS-DEF
MINUIT - FIT ONLY 1-CBO + other amplitudes 
 **********
 **   16 **RES 
 **********
                   PARAMETER   14  ANy2 RESTORED TO VARIABLE.
                   PARAMETER    8  phi_CBO RESTORED TO VARIABLE.
                   PARAMETER    7  w_CBO RESTORED TO VARIABLE.
                   PARAMETER    6  A_CBO RESTORED TO VARIABLE.
 **********
 **   17 **FIX            0
 **********
 PARAMETER    0  IS UNDEFINED. IGNORED.
 **********
 **   18 **FIX            1
 **********
 **********
 **   19 **FIX            2
 **********
 PARAMETER    2  IS CONSTANT.   IGNORED.
 **********
 **   20 **FIX            3
 **********
 **********
 **   21 **FIX            4
 **********
 **********
 **   22 **FIX            9
 **********
 PARAMETER    9  IS CONSTANT.   IGNORED.
 **********
 **   23 **FIX           11
 **********
 PARAMETER   11  IS CONSTANT.   IGNORED.
 **********
 **   24 **FIX           12
 **********
 PARAMETER   12  IS CONSTANT.   IGNORED.
 **********
 **   25 **FIX           14
 **********
 **********
 **   26 **FIX           15
 **********
 PARAMETER   15  IS CONSTANT.   IGNORED.
 **********
 **   27 **FIX           16
 **********
 PARAMETER   16  IS CONSTANT.   IGNORED.
 **********
 **   28 **MIGRAD
 **********
 START MIGRAD MINIMIZATION.  STRATEGY  1.  CONVERGENCE WHEN EDM .LT. 1.00e-04
 FCN=3253.18 FROM MIGRAD    STATUS=INITIATE       51 CALLS         164 TOTAL
                     EDM= unknown      STRATEGY= 1      NO ERROR MATRIX       
  EXT PARAMETER               CURRENT GUESS       STEP         FIRST   
  NO.   NAME      VALUE            ERROR          SIZE      DERIVATIVE 
   1  N0           2.99503e+06     fixed    
   2  tau          6.43993e+01   constant   
   3  A0           3.54065e-01     fixed    
   4  phi          4.11942e+00     fixed    
   5  R           -6.01693e+01   constant   
   6  A_CBO        5.11655e-03   1.00000e-05   0.00000e+00   2.04867e+05
   7  w_CBO        2.32631e+00   1.00000e-03   0.00000e+00   9.95815e+07
   8  phi_CBO      9.30927e-01   1.00000e-04   0.00000e+00  -8.87230e+01
   9  ANx2         6.17909e-04   constant   
  10  pNx2         3.86483e+00   constant   
  11  ANy1         0.00000e+00   constant   
  12  pNy1         0.00000e+00   constant   
  13  w_y          0.00000e+00   constant   
  14  ANy2         7.96733e-03     fixed    
  15  pNy2         1.76471e+00   constant   
  16  w_vw         1.43097e+01   constant   
  17  LM          -1.37296e-04   constant   
  18  wCBO_expCoeff   2.00000e+02   4.35037e-05   0.00000e+00   1.15831e+06
  19  wCBO_expOffset   2.00000e+02   2.17091e-04   0.00000e+00   1.81152e+06
  20  wCBO_expT    3.00000e+01   1.38959e-04   3.72449e-05   6.26446e+06
  21  wCBO_linCoeff   0.00000e+00   constant   
  22  wCBO_const   0.00000e+00   4.73882e-03   0.00000e+00   2.62597e+04
 MIGRAD FAILS TO FIND IMPROVEMENT
 FCN=3118.59 FROM HESSE     STATUS=NOT POSDEF     58 CALLS         287 TOTAL
                     EDM=8558.92    STRATEGY= 1      ERR MATRIX NOT POS-DEF
  EXT PARAMETER                APPROXIMATE        STEP         FIRST   
  NO.   NAME      VALUE            ERROR          SIZE      DERIVATIVE 
   1  N0           2.99503e+06     fixed    
   2  tau          6.43993e+01   constant   
   3  A0           3.54065e-01     fixed    
   4  phi          4.11942e+00     fixed    
   5  R           -6.01693e+01   constant   
   6  A_CBO        2.29542e-03   7.17658e-04   4.36283e-06   8.70594e+04
   7  w_CBO        2.32631e+00   1.61553e-07   1.10927e-06  -3.61304e+08
   8  phi_CBO      8.98316e-01   8.20999e-01   2.72069e-03   3.74207e+02
   9  ANx2         6.17909e-04   constant   
  10  pNx2         3.86483e+00   constant   
  11  ANy1         0.00000e+00   constant   
  12  pNy1         0.00000e+00   constant   
  13  w_y          0.00000e+00   constant   
  14  ANy2         7.96733e-03     fixed    
  15  pNy2         1.76471e+00   constant   
  16  w_vw         1.43097e+01   constant   
  17  LM          -1.37296e-04   constant   
  18  wCBO_expCoeff   2.00000e+02   1.38866e-05   9.53674e-05  -4.20216e+06
  19  wCBO_expOffset   2.00000e+02   2.51372e-05   9.53674e-05  -2.66043e+07
  20  wCBO_expT    3.00000e+01   4.21869e-06   1.43051e-05   1.12296e+08
  21  wCBO_linCoeff   0.00000e+00   constant   
  22  wCBO_const  -8.61861e-05   1.41424e-03   7.83969e-06  -7.40898e+04
 MIGRAD FAILS TO FIND IMPROVEMENT
 MIGRAD TERMINATED WITHOUT CONVERGENCE.
 FCN=2916.57 FROM MIGRAD    STATUS=FAILED        496 CALLS         609 TOTAL
                     EDM=405.907    STRATEGY= 1      ERR MATRIX NOT POS-DEF
  EXT PARAMETER                APPROXIMATE        STEP         FIRST   
  NO.   NAME      VALUE            ERROR          SIZE      DERIVATIVE 
   1  N0           2.99503e+06     fixed    
   2  tau          6.43993e+01   constant   
   3  A0           3.54065e-01     fixed    
   4  phi          4.11942e+00     fixed    
   5  R           -6.01693e+01   constant   
   6  A_CBO        3.03000e-03   1.19386e-04  -0.00000e+00   4.12523e+04
   7  w_CBO        2.32631e+00   6.08195e-08   0.00000e+00  -3.54495e+07
   8  phi_CBO     -1.35967e-01   2.73580e-01  -0.00000e+00   2.02874e+01
   9  ANx2         6.17909e-04   constant   
  10  pNx2         3.86483e+00   constant   
  11  ANy1         0.00000e+00   constant   
  12  pNy1         0.00000e+00   constant   
  13  w_y          0.00000e+00   constant   
  14  ANy2         7.96733e-03     fixed    
  15  pNy2         1.76471e+00   constant   
  16  w_vw         1.43097e+01   constant   
  17  LM          -1.37296e-04   constant   
  18  wCBO_expCoeff   2.00000e+02   5.22942e-06   0.00000e+00  -4.12327e+05
  19  wCBO_expOffset   2.00000e+02   2.08348e-05  -0.00000e+00   3.49284e+05
  20  wCBO_expT    3.00000e+01   3.56932e-06  -0.00000e+00   4.11883e+06
  21  wCBO_linCoeff   0.00000e+00   constant   
  22  wCBO_const   1.81755e-03   1.22895e-03   0.00000e+00  -9.32313e+03
 EXTERNAL ERROR MATRIX.    NDIM=  25    NPAR=  7    ERR DEF=1
  1.425e-08 -1.372e-12  1.464e-06 -1.180e-10  2.961e-10  4.294e-11 -1.376e-08 
 -1.372e-12  3.699e-15 -9.995e-10 -2.077e-14 -1.618e-13 -2.411e-14  2.990e-12 
  1.464e-06 -9.995e-10  7.485e-02 -8.686e-08  5.655e-06  9.714e-07 -3.317e-04 
 -1.180e-10 -2.077e-14 -8.686e-08  2.735e-11 -1.398e-11 -2.085e-12  2.611e-10 
  2.961e-10 -1.618e-13  5.655e-06 -1.398e-11  4.341e-10  7.425e-11 -2.510e-08 
  4.294e-11 -2.411e-14  9.714e-07 -2.085e-12  7.425e-11  1.274e-11 -4.293e-09 
 -1.376e-08  2.990e-12 -3.317e-04  2.611e-10 -2.510e-08 -4.293e-09  1.510e-06 
ERR MATRIX NOT POS-DEF
 PARAMETER  CORRELATION COEFFICIENTS  
       NO.  GLOBAL      6      7      8     18     19     20     22
        6  0.72068   1.000 -0.189  0.045 -0.189  0.119  0.101 -0.094
        7  0.76774  -0.189  1.000 -0.060 -0.065 -0.128 -0.111  0.040
        8  0.99891   0.045 -0.060  1.000 -0.061  0.992  0.995 -0.987
       18  0.76772  -0.189 -0.065 -0.061  1.000 -0.128 -0.112  0.041
       19  0.99926   0.119 -0.128  0.992 -0.128  1.000  0.998 -0.980
       20  0.99930   0.101 -0.111  0.995 -0.112  0.998  1.000 -0.979
       22  0.99228  -0.094  0.040 -0.987  0.041 -0.980 -0.979  1.000
 ERR MATRIX NOT POS-DEF
MINUIT - FIT ONLY 1-CBO
 **********
 **   29 **RES 
 **********
                   PARAMETER   14  ANy2 RESTORED TO VARIABLE.
                   PARAMETER    4  phi RESTORED TO VARIABLE.
                   PARAMETER    3  A0 RESTORED TO VARIABLE.
                   PARAMETER    1  N0 RESTORED TO VARIABLE.
 **********
 **   30 **FIX            0
 **********
 PARAMETER    0  IS UNDEFINED. IGNORED.
 **********
 **   31 **FIX            1
 **********
 **********
 **   32 **FIX            2
 **********
 PARAMETER    2  IS CONSTANT.   IGNORED.
 **********
 **   33 **FIX            3
 **********
 **********
 **   34 **FIX            4
 **********
 **********
 **   35 **FIX            8
 **********
 **********
 **   36 **FIX            9
 **********
 PARAMETER    9  IS CONSTANT.   IGNORED.
 **********
 **   37 **FIX           11
 **********
 PARAMETER   11  IS CONSTANT.   IGNORED.
 **********
 **   38 **FIX           12
 **********
 PARAMETER   12  IS CONSTANT.   IGNORED.
 **********
 **   39 **FIX           13
 **********
 PARAMETER   13  IS CONSTANT.   IGNORED.
 **********
 **   40 **FIX           15
 **********
 PARAMETER   15  IS CONSTANT.   IGNORED.
 **********
 **   41 **FIX           16
 **********
 PARAMETER   16  IS CONSTANT.   IGNORED.
 **********
 **   42 **MIGRAD
 **********
 START MIGRAD MINIMIZATION.  STRATEGY  1.  CONVERGENCE WHEN EDM .LT. 1.00e-04
 FCN=2916.57 FROM MIGRAD    STATUS=INITIATE       16 CALLS         625 TOTAL
                     EDM= unknown      STRATEGY= 1      NO ERROR MATRIX       
  EXT PARAMETER               CURRENT GUESS       STEP         FIRST   
  NO.   NAME      VALUE            ERROR          SIZE      DERIVATIVE 
   1  N0           2.99503e+06     fixed    
   2  tau          6.43993e+01   constant   
   3  A0           3.54065e-01     fixed    
   4  phi          4.11942e+00     fixed    
   5  R           -6.01693e+01   constant   
   6  A_CBO        3.03000e-03   1.19386e-04  -0.00000e+00   4.12523e+04
   7  w_CBO        2.32631e+00   6.08195e-08   0.00000e+00  -3.54495e+07
   8  phi_CBO     -1.35967e-01     fixed    
   9  ANx2         6.17909e-04   constant   
  10  pNx2         3.86483e+00   constant   
  11  ANy1         0.00000e+00   constant   
  12  pNy1         0.00000e+00   constant   
  13  w_y          0.00000e+00   constant   
  14  ANy2         7.96733e-03   1.00000e-04   1.00000e-04   5.07398e+05
  15  pNy2         1.76471e+00   constant   
  16  w_vw         1.43097e+01   constant   
  17  LM          -1.37296e-04   constant   
  18  wCBO_expCoeff   2.00000e+02   5.22942e-06   0.00000e+00  -4.12327e+05
  19  wCBO_expOffset   2.00000e+02   2.08348e-05  -0.00000e+00   3.49284e+05
  20  wCBO_expT    3.00000e+01   3.56932e-06  -0.00000e+00   4.11883e+06
  21  wCBO_linCoeff   0.00000e+00   constant   
  22  wCBO_const   1.81755e-03   1.22895e-03   0.00000e+00  -9.32314e+03
 MIGRAD FAILS TO FIND IMPROVEMENT
 FCN=1103.81 FROM HESSE     STATUS=NOT POSDEF     58 CALLS         905 TOTAL
                     EDM=7054.3    STRATEGY= 1      ERR MATRIX NOT POS-DEF
  EXT PARAMETER                APPROXIMATE        STEP         FIRST   
  NO.   NAME      VALUE            ERROR          SIZE      DERIVATIVE 
   1  N0           2.99503e+06     fixed    
   2  tau          6.43993e+01   constant   
   3  A0           3.54065e-01     fixed    
   4  phi          4.11942e+00     fixed    
   5  R           -6.01693e+01   constant   
   6  A_CBO        9.39045e-04   1.05446e-03   2.63413e-06   7.88085e+03
   7  w_CBO        2.32631e+00   1.24371e-06   1.10927e-06  -9.41547e+06
   8  phi_CBO     -1.35967e-01     fixed    
   9  ANx2         6.17909e-04   constant   
  10  pNx2         3.86483e+00   constant   
  11  ANy1         0.00000e+00   constant   
  12  pNy1         0.00000e+00   constant   
  13  w_y          0.00000e+00   constant   
  14  ANy2         9.65402e-04   5.31378e-04   2.59525e-06   4.26030e+02
  15  pNy2         1.76471e+00   constant   
  16  w_vw         1.43097e+01   constant   
  17  LM          -1.37296e-04   constant   
  18  wCBO_expCoeff   2.00000e+02   1.06928e-04   9.53674e-05  -1.09492e+05
  19  wCBO_expOffset   2.00000e+02   1.61580e-04   9.53674e-05   7.57172e+05
  20  wCBO_expT    3.00000e+01   1.30730e-05   1.43051e-05   5.38808e+06
  21  wCBO_linCoeff   0.00000e+00   constant   
  22  wCBO_const   2.35944e-03   3.71315e-03   8.92109e-06  -1.95189e+03
 MIGRAD FAILS TO FIND IMPROVEMENT
 MIGRAD TERMINATED WITHOUT CONVERGENCE.
 FCN=1103.81 FROM MIGRAD    STATUS=FAILED        307 CALLS         916 TOTAL
                     EDM=7054.3    STRATEGY= 1      ERR MATRIX NOT POS-DEF
  EXT PARAMETER                APPROXIMATE        STEP         FIRST   
  NO.   NAME      VALUE            ERROR          SIZE      DERIVATIVE 
   1  N0           2.99503e+06     fixed    
   2  tau          6.43993e+01   constant   
   3  A0           3.54065e-01     fixed    
   4  phi          4.11942e+00     fixed    
   5  R           -6.01693e+01   constant   
   6  A_CBO        9.39045e-04   1.05446e-03   0.00000e+00   7.88085e+03
   7  w_CBO        2.32631e+00   1.24371e-06  -0.00000e+00  -9.41547e+06
   8  phi_CBO     -1.35967e-01     fixed    
   9  ANx2         6.17909e-04   constant   
  10  pNx2         3.86483e+00   constant   
  11  ANy1         0.00000e+00   constant   
  12  pNy1         0.00000e+00   constant   
  13  w_y          0.00000e+00   constant   
  14  ANy2         9.65402e-04   5.31378e-04   0.00000e+00   4.26030e+02
  15  pNy2         1.76471e+00   constant   
  16  w_vw         1.43097e+01   constant   
  17  LM          -1.37296e-04   constant   
  18  wCBO_expCoeff   2.00000e+02   1.06928e-04  -0.00000e+00  -1.09492e+05
  19  wCBO_expOffset   2.00000e+02   1.61580e-04  -0.00000e+00   7.57172e+05
  20  wCBO_expT    3.00000e+01   1.30730e-05  -0.00000e+00   5.38808e+06
  21  wCBO_linCoeff   0.00000e+00   constant   
  22  wCBO_const   2.35944e-03   3.71315e-03   0.00000e+00  -1.95189e+03
 EXTERNAL ERROR MATRIX.    NDIM=  25    NPAR=  7    ERR DEF=1
  1.112e-06 -1.293e-09  5.388e-07 -1.112e-07 -1.681e-07 -1.365e-08  3.851e-06 
 -1.293e-09  1.547e-12 -6.340e-10  1.320e-10  1.999e-10  1.615e-11 -4.568e-09 
  5.388e-07 -6.340e-10  2.824e-07 -5.451e-08 -8.245e-08 -6.693e-09  1.893e-06 
 -1.112e-07  1.320e-10 -5.451e-08  1.143e-08  1.719e-08  1.389e-09 -3.928e-07 
 -1.681e-07  1.999e-10 -8.245e-08  1.719e-08  2.611e-08  2.101e-09 -5.938e-07 
 -1.365e-08  1.615e-11 -6.693e-09  1.389e-09  2.101e-09  1.709e-10 -4.793e-08 
  3.851e-06 -4.568e-09  1.893e-06 -3.928e-07 -5.938e-07 -4.793e-08  1.379e-05 
ERR MATRIX NOT POS-DEF
 PARAMETER  CORRELATION COEFFICIENTS  
       NO.  GLOBAL      6      7     14     18     19     20     22
        6  0.99115   1.000 -0.986  0.962 -0.986 -0.987 -0.990  0.983
        7  0.99602  -0.986  1.000 -0.959  0.993  0.995  0.994 -0.989
       14  0.96573   0.962 -0.959  1.000 -0.959 -0.960 -0.963  0.959
       18  0.99602  -0.986  0.993 -0.959  1.000  0.995  0.994 -0.989
       19  0.99720  -0.987  0.995 -0.960  0.995  1.000  0.995 -0.990
       20  0.99676  -0.990  0.994 -0.963  0.994  0.995  1.000 -0.987
       22  0.99182   0.983 -0.989  0.959 -0.989 -0.990 -0.987  1.000
 ERR MATRIX NOT POS-DEF
MINUIT - FIT ONLY 2-CBO
 **********
 **   43 **RES 
 **********
                   PARAMETER    8  phi_CBO RESTORED TO VARIABLE.
                   PARAMETER    4  phi RESTORED TO VARIABLE.
                   PARAMETER    3  A0 RESTORED TO VARIABLE.
                   PARAMETER    1  N0 RESTORED TO VARIABLE.
 **********
 **   44 **FIX            0
 **********
 PARAMETER    0  IS UNDEFINED. IGNORED.
 **********
 **   45 **FIX            1
 **********
 **********
 **   46 **FIX            2
 **********
 PARAMETER    2  IS CONSTANT.   IGNORED.
 **********
 **   47 **FIX            3
 **********
 **********
 **   48 **FIX            4
 **********
 **********
 **   49 **FIX            5
 **********
 PARAMETER    5  IS CONSTANT.   IGNORED.
 **********
 **   50 **FIX            6
 **********
 **********
 **   51 **FIX            7
 **********
 **********
 **   52 **FIX           10
 **********
 PARAMETER   10  IS CONSTANT.   IGNORED.
 **********
 **   53 **FIX           11
 **********
 PARAMETER   11  IS CONSTANT.   IGNORED.
 **********
 **   54 **FIX           12
 **********
 PARAMETER   12  IS CONSTANT.   IGNORED.
 **********
 **   55 **FIX           13
 **********
 PARAMETER   13  IS CONSTANT.   IGNORED.
 **********
 **   56 **FIX           14
 **********
 **********
 **   57 **FIX           15
 **********
 PARAMETER   15  IS CONSTANT.   IGNORED.
 **********
 **   58 **FIX           16
 **********
 PARAMETER   16  IS CONSTANT.   IGNORED.
 **********
 **   59 **MIGRAD
 **********
 START MIGRAD MINIMIZATION.  STRATEGY  1.  CONVERGENCE WHEN EDM .LT. 1.00e-04
 FCN=1103.81 FROM MIGRAD    STATUS=INITIATE       12 CALLS         928 TOTAL
                     EDM= unknown      STRATEGY= 1      NO ERROR MATRIX       
  EXT PARAMETER               CURRENT GUESS       STEP         FIRST   
  NO.   NAME      VALUE            ERROR          SIZE      DERIVATIVE 
   1  N0           2.99503e+06     fixed    
   2  tau          6.43993e+01   constant   
   3  A0           3.54065e-01     fixed    
   4  phi          4.11942e+00     fixed    
   5  R           -6.01693e+01   constant   
   6  A_CBO        9.39045e-04     fixed    
   7  w_CBO        2.32631e+00     fixed    
   8  phi_CBO     -1.35967e-01   2.73580e-01   2.73580e-01   3.70110e+01
   9  ANx2         6.17909e-04   constant   
  10  pNx2         3.86483e+00   constant   
  11  ANy1         0.00000e+00   constant   
  12  pNy1         0.00000e+00   constant   
  13  w_y          0.00000e+00   constant   
  14  ANy2         9.65402e-04     fixed    
  15  pNy2         1.76471e+00   constant   
  16  w_vw         1.43097e+01   constant   
  17  LM          -1.37296e-04   constant   
  18  wCBO_expCoeff   2.00000e+02   1.06928e-04  -0.00000e+00  -2.45509e+05
  19  wCBO_expOffset   2.00000e+02   1.61580e-04  -0.00000e+00   2.09963e+05
  20  wCBO_expT    3.00000e+01   1.30730e-05  -0.00000e+00  -2.13351e+06
  21  wCBO_linCoeff   0.00000e+00   constant   
  22  wCBO_const   2.35944e-03   3.71315e-03   0.00000e+00  -1.95190e+03
 MIGRAD FAILS TO FIND IMPROVEMENT
 FCN=1103.53 FROM HESSE     STATUS=NOT POSDEF     37 CALLS         989 TOTAL
                     EDM=12412.4    STRATEGY= 1      ERR MATRIX NOT POS-DEF
  EXT PARAMETER                APPROXIMATE        STEP         FIRST   
  NO.   NAME      VALUE            ERROR          SIZE      DERIVATIVE 
   1  N0           2.99503e+06     fixed    
   2  tau          6.43993e+01   constant   
   3  A0           3.54065e-01     fixed    
   4  phi          4.11942e+00     fixed    
   5  R           -6.01693e+01   constant   
   6  A_CBO        9.39045e-04     fixed    
   7  w_CBO        2.32631e+00     fixed    
   8  phi_CBO     -1.53195e-01   2.20792e+00   2.86332e-03   3.92624e+01
   9  ANx2         6.17909e-04   constant   
  10  pNx2         3.86483e+00   constant   
  11  ANy1         0.00000e+00   constant   
  12  pNy1         0.00000e+00   constant   
  13  w_y          0.00000e+00   constant   
  14  ANy2         9.65402e-04     fixed    
  15  pNy2         1.76471e+00   constant   
  16  w_vw         1.43097e+01   constant   
  17  LM          -1.37296e-04   constant   
  18  wCBO_expCoeff   2.00000e+02   1.11041e-04   9.53674e-05  -1.48476e+05
  19  wCBO_expOffset   2.00000e+02   1.38127e-04   9.53674e-05   7.10220e+05
  20  wCBO_expT    3.00000e+01   1.17319e-05   1.43051e-05   4.76734e+06
  21  wCBO_linCoeff   0.00000e+00   constant   
  22  wCBO_const   2.36825e-03   5.54298e-04   8.91931e-06  -3.80068e+03
 MIGRAD FAILS TO FIND IMPROVEMENT
 MIGRAD TERMINATED WITHOUT CONVERGENCE.
 FCN=1103.53 FROM MIGRAD    STATUS=FAILED         84 CALLS        1000 TOTAL
                     EDM=12412.4    STRATEGY= 1      ERR MATRIX NOT POS-DEF
  EXT PARAMETER                APPROXIMATE        STEP         FIRST   
  NO.   NAME      VALUE            ERROR          SIZE      DERIVATIVE 
   1  N0           2.99503e+06     fixed    
   2  tau          6.43993e+01   constant   
   3  A0           3.54065e-01     fixed    
   4  phi          4.11942e+00     fixed    
   5  R           -6.01693e+01   constant   
   6  A_CBO        9.39045e-04     fixed    
   7  w_CBO        2.32631e+00     fixed    
   8  phi_CBO     -1.53195e-01   2.20792e+00  -0.00000e+00   3.92624e+01
   9  ANx2         6.17909e-04   constant   
  10  pNx2         3.86483e+00   constant   
  11  ANy1         0.00000e+00   constant   
  12  pNy1         0.00000e+00   constant   
  13  w_y          0.00000e+00   constant   
  14  ANy2         9.65402e-04     fixed    
  15  pNy2         1.76471e+00   constant   
  16  w_vw         1.43097e+01   constant   
  17  LM          -1.37296e-04   constant   
  18  wCBO_expCoeff   2.00000e+02   1.11041e-04  -0.00000e+00  -1.48476e+05
  19  wCBO_expOffset   2.00000e+02   1.38127e-04  -0.00000e+00   7.10220e+05
  20  wCBO_expT    3.00000e+01   1.17319e-05  -0.00000e+00   4.76734e+06
  21  wCBO_linCoeff   0.00000e+00   constant   
  22  wCBO_const   2.36825e-03   5.54298e-04  -0.00000e+00  -3.80068e+03
 EXTERNAL ERROR MATRIX.    NDIM=  25    NPAR=  5    ERR DEF=1
  4.875e+00  2.442e-04  3.037e-04  2.580e-05  6.667e-04 
  2.442e-04  1.233e-08  1.526e-08  1.296e-09  3.188e-08 
  3.037e-04  1.526e-08  1.908e-08  1.612e-09  3.974e-08 
  2.580e-05  1.296e-09  1.612e-09  1.376e-10  3.477e-09 
  6.667e-04  3.188e-08  3.974e-08  3.477e-09  3.072e-07 
ERR MATRIX NOT POS-DEF
 PARAMETER  CORRELATION COEFFICIENTS  
       NO.  GLOBAL      8     18     19     20     22
        8  0.99796   1.000  0.996  0.996  0.996  0.545
       18  0.99697   0.996  1.000  0.995  0.995  0.518
       19  0.99686   0.996  0.995  1.000  0.995  0.519
       20  0.99670   0.996  0.995  0.995  1.000  0.535
       22  0.62926   0.545  0.518  0.519  0.535  1.000
 ERR MATRIX NOT POS-DEF
MINUIT - FIT ONLY 1-y
 **********
 **   60 **RES 
 **********
                   PARAMETER   14  ANy2 RESTORED TO VARIABLE.
                   PARAMETER    7  w_CBO RESTORED TO VARIABLE.
                   PARAMETER    6  A_CBO RESTORED TO VARIABLE.
                   PARAMETER    4  phi RESTORED TO VARIABLE.
                   PARAMETER    3  A0 RESTORED TO VARIABLE.
                   PARAMETER    1  N0 RESTORED TO VARIABLE.
 **********
 **   61 **FIX            0
 **********
 PARAMETER    0  IS UNDEFINED. IGNORED.
 **********
 **   62 **FIX            1
 **********
 **********
 **   63 **FIX            2
 **********
 PARAMETER    2  IS CONSTANT.   IGNORED.
 **********
 **   64 **FIX            3
 **********
 **********
 **   65 **FIX            4
 **********
 **********
 **   66 **FIX            5
 **********
 PARAMETER    5  IS CONSTANT.   IGNORED.
 **********
 **   67 **FIX            6
 **********
 **********
 **   68 **FIX            7
 **********
 **********
 **   69 **FIX            8
 **********
 **********
 **   70 **FIX            9
 **********
 PARAMETER    9  IS CONSTANT.   IGNORED.
 **********
 **   71 **FIX           13
 **********
 PARAMETER   13  IS CONSTANT.   IGNORED.
 **********
 **   72 **FIX           14
 **********
 **********
 **   73 **FIX           15
 **********
 PARAMETER   15  IS CONSTANT.   IGNORED.
 **********
 **   74 **FIX           16
 **********
 PARAMETER   16  IS CONSTANT.   IGNORED.
 **********
 **   75 **MIGRAD
 **********
 START MIGRAD MINIMIZATION.  STRATEGY  1.  CONVERGENCE WHEN EDM .LT. 1.00e-04
 FCN=1103.53 FROM MIGRAD    STATUS=INITIATE        8 CALLS        1008 TOTAL
                     EDM= unknown      STRATEGY= 1      NO ERROR MATRIX       
  EXT PARAMETER               CURRENT GUESS       STEP         FIRST   
  NO.   NAME      VALUE            ERROR          SIZE      DERIVATIVE 
   1  N0           2.99503e+06     fixed    
   2  tau          6.43993e+01   constant   
   3  A0           3.54065e-01     fixed    
   4  phi          4.11942e+00     fixed    
   5  R           -6.01693e+01   constant   
   6  A_CBO        9.39045e-04     fixed    
   7  w_CBO        2.32631e+00     fixed    
   8  phi_CBO     -1.53195e-01     fixed    
   9  ANx2         6.17909e-04   constant   
  10  pNx2         3.86483e+00   constant   
  11  ANy1         0.00000e+00   constant   
  12  pNy1         0.00000e+00   constant   
  13  w_y          0.00000e+00   constant   
  14  ANy2         9.65402e-04     fixed    
  15  pNy2         1.76471e+00   constant   
  16  w_vw         1.43097e+01   constant   
  17  LM          -1.37296e-04   constant   
  18  wCBO_expCoeff   2.00000e+02   1.11041e-04  -0.00000e+00  -2.82173e+05
  19  wCBO_expOffset   2.00000e+02   1.38127e-04  -0.00000e+00   1.83498e+05
  20  wCBO_expT    3.00000e+01   1.17319e-05  -0.00000e+00  -2.20531e+06
  21  wCBO_linCoeff   0.00000e+00   constant   
  22  wCBO_const   2.36825e-03   5.54298e-04  -0.00000e+00  -3.80068e+03
 MIGRAD FAILS TO FIND IMPROVEMENT
 COVARIANCE MATRIX CALCULATED SUCCESSFULLY
 FCN=1103.53 FROM HESSE     STATUS=OK             29 CALLS        1046 TOTAL
                     EDM=332.772    STRATEGY= 1      ERROR MATRIX ACCURATE 
  EXT PARAMETER                                   STEP         FIRST   
  NO.   NAME      VALUE            ERROR          SIZE      DERIVATIVE 
   1  N0           2.99503e+06     fixed    
   2  tau          6.43993e+01   constant   
   3  A0           3.54065e-01     fixed    
   4  phi          4.11942e+00     fixed    
   5  R           -6.01693e+01   constant   
   6  A_CBO        9.39045e-04     fixed    
   7  w_CBO        2.32631e+00     fixed    
   8  phi_CBO     -1.53195e-01     fixed    
   9  ANx2         6.17909e-04   constant   
  10  pNx2         3.86483e+00   constant   
  11  ANy1         0.00000e+00   constant   
  12  pNy1         0.00000e+00   constant   
  13  w_y          0.00000e+00   constant   
  14  ANy2         9.65402e-04     fixed    
  15  pNy2         1.76471e+00   constant   
  16  w_vw         1.43097e+01   constant   
  17  LM          -1.37296e-04   constant   
  18  wCBO_expCoeff   2.00000e+02   2.89178e-05   9.53674e-05  -1.48476e+05
  19  wCBO_expOffset   2.00000e+02   3.71679e-05   9.53674e-05   7.10220e+05
  20  wCBO_expT    3.00000e+01   2.47812e-06   1.43051e-05   4.76734e+06
  21  wCBO_linCoeff   0.00000e+00   constant   
  22  wCBO_const   2.36825e-03   1.05373e-03   8.82147e-06  -3.80068e+03
 MIGRAD FAILS TO FIND IMPROVEMENT
 MIGRAD TERMINATED WITHOUT CONVERGENCE.
 FCN=1103.53 FROM MIGRAD    STATUS=FAILED         57 CALLS        1057 TOTAL
                     EDM=332.772    STRATEGY= 1      ERR MATRIX APPROXIMATE
  EXT PARAMETER                APPROXIMATE        STEP         FIRST   
  NO.   NAME      VALUE            ERROR          SIZE      DERIVATIVE 
   1  N0           2.99503e+06     fixed    
   2  tau          6.43993e+01   constant   
   3  A0           3.54065e-01     fixed    
   4  phi          4.11942e+00     fixed    
   5  R           -6.01693e+01   constant   
   6  A_CBO        9.39045e-04     fixed    
   7  w_CBO        2.32631e+00     fixed    
   8  phi_CBO     -1.53195e-01     fixed    
   9  ANx2         6.17909e-04   constant   
  10  pNx2         3.86483e+00   constant   
  11  ANy1         0.00000e+00   constant   
  12  pNy1         0.00000e+00   constant   
  13  w_y          0.00000e+00   constant   
  14  ANy2         9.65402e-04     fixed    
  15  pNy2         1.76471e+00   constant   
  16  w_vw         1.43097e+01   constant   
  17  LM          -1.37296e-04   constant   
  18  wCBO_expCoeff   2.00000e+02   2.89178e-05  -0.00000e+00  -1.48476e+05
  19  wCBO_expOffset   2.00000e+02   3.71679e-05  -0.00000e+00   7.10220e+05
  20  wCBO_expT    3.00000e+01   2.47812e-06  -0.00000e+00   4.76734e+06
  21  wCBO_linCoeff   0.00000e+00   constant   
  22  wCBO_const   2.36825e-03   1.05373e-03   0.00000e+00  -3.80068e+03
 EXTERNAL ERROR MATRIX.    NDIM=  25    NPAR=  4    ERR DEF=1
  8.362e-10  9.707e-10  6.062e-11 -2.555e-08 
  9.707e-10  1.381e-09  7.902e-11 -3.253e-08 
  6.062e-11  7.902e-11  6.141e-12 -1.900e-09 
 -2.555e-08 -3.253e-08 -1.900e-09  1.110e-06 
ERR MATRIX APPROXIMATE
 PARAMETER  CORRELATION COEFFICIENTS  
       NO.  GLOBAL     18     19     20     22
       18  0.92618   1.000  0.903  0.846 -0.839
       19  0.92844   0.903  1.000  0.858 -0.831
       20  0.87451   0.846  0.858  1.000 -0.728
       22  0.85665  -0.839 -0.831 -0.728  1.000
 ERR MATRIX APPROXIMATE
MINUIT - FIT ONLY 2-y
 **********
 **   76 **RES 
 **********
                   PARAMETER   14  ANy2 RESTORED TO VARIABLE.
                   PARAMETER    8  phi_CBO RESTORED TO VARIABLE.
                   PARAMETER    7  w_CBO RESTORED TO VARIABLE.
                   PARAMETER    6  A_CBO RESTORED TO VARIABLE.
                   PARAMETER    4  phi RESTORED TO VARIABLE.
                   PARAMETER    3  A0 RESTORED TO VARIABLE.
                   PARAMETER    1  N0 RESTORED TO VARIABLE.
