 + ++++++++++++++++++++++++++++++++++++++++++++++++++++++++++++++++++++ +
 +                                                                      +
 +           You have chose to blind your fitting according to          +
 +                omega_ref * (1 + (R +/- deltaR) *10^{-6})             +
 +                                                                      +
 + ++++++++++++++++++++++++++++++++++++++++++++++++++++++++++++++++++++ +
In main()...
reading format from /gm2data/zkhechad/run45/envelope/formats/formatB_sBin_constraintOn.txt
pBinTau 	= 0  
pBinPhi 	= 0  
constraintau 	= 1 
includeMopTerm 	= 0    
constrainMop    = 0   
Parameters after format file: pBinTau 0 pBinPhi 0 constraintau 1 includeMopTerm 0 constrainMop 0 c_e_scale 0.000000 
reading cbo reference file (full fit) from /gm2data/zkhechad/cboTemplates/Run4CBOTemplates/fullFits/run4/sBin_constraintOn_cE0.0_seed0_run4_calo23.root
A_CBO 0.010020 w_CBO 2.326571 phi_CBO 3.324358 N0 2994604.828788 R -61.069952 tau 64.405626 
Reading cboRef file /gm2data/zkhechad/cboTemplates/Run4CBOTemplates//cboIsolate/run4_calo23.root
deltaT 164.120000
windowBins = 1100
fitting sliding window 1920 from bin 2123 at 316.751600 to bin 3223 at 480.871600 (1100 bins)

Reading data from /gm2data/cornell/histograms/aMethod/histogram_a_run4.root
fitting cbo isolate
 **********
 **    1 **SET PRINTOUT            1
 **********
 **********
 **    2 **SET NOWARNINGS 
 **********
 PARAMETER DEFINITIONS:
    NO.   NAME         VALUE      STEP SIZE      LIMITS
     1 A_CBO        1.00201e-02  1.00000e-05     no limits
     2 w_CBO        2.32657e+00  1.00000e-02    2.00000e+00  3.00000e+00
     3 phi_CBO      3.32436e+00  1.00000e-02    0.00000e+00  6.28319e+00
 **********
 **    3 **MIGRAD
 **********
 FIRST CALL TO USER FUNCTION AT NEW START POINT, WITH IFLAG=4.
 START MIGRAD MINIMIZATION.  STRATEGY  1.  CONVERGENCE WHEN EDM .LT. 1.00e-04
 FCN=0.121929 FROM MIGRAD    STATUS=INITIATE       12 CALLS          13 TOTAL
                     EDM= unknown      STRATEGY= 1      NO ERROR MATRIX       
  EXT PARAMETER               CURRENT GUESS       STEP         FIRST   
  NO.   NAME      VALUE            ERROR          SIZE      DERIVATIVE 
   1  A_CBO        1.00201e-02   1.00000e-05   1.00000e-05   8.94875e+00
   2  w_CBO        2.32657e+00   1.00000e-02   2.13261e-02   5.47906e-01
   3  phi_CBO      3.32436e+00   1.00000e-02   3.18850e-03  -8.39121e-03
 MIGRAD MINIMIZATION HAS CONVERGED.
 MIGRAD WILL VERIFY CONVERGENCE AND ERROR MATRIX.
 COVARIANCE MATRIX CALCULATED SUCCESSFULLY
 FCN=0.0854681 FROM MIGRAD    STATUS=CONVERGED      49 CALLS          50 TOTAL
                     EDM=3.05374e-05    STRATEGY= 1      ERROR MATRIX ACCURATE 
  EXT PARAMETER                                   STEP         FIRST   
  NO.   NAME      VALUE            ERROR          SIZE      DERIVATIVE 
   1  A_CBO        1.85907e-03   4.33511e-02   2.17137e-05  -3.72428e-02
   2  w_CBO        2.32640e+00   3.86638e-01   6.09269e-05   2.34645e-03
   3  phi_CBO      3.37927e+00   4.70125e+00   3.70406e-03   8.70974e-05
 EXTERNAL ERROR MATRIX.    NDIM=  25    NPAR=  3    ERR DEF=1
  1.879e-03 -3.470e-03 -1.401e+00 
 -3.470e-03  2.066e-01  8.281e+01 
 -1.401e+00  8.281e+01  3.370e+04 
 PARAMETER  CORRELATION COEFFICIENTS  
       NO.  GLOBAL      1      2      3
        1  0.17643   1.000 -0.176 -0.176
        2  0.99231  -0.176  1.000  0.992
        3  0.99231  -0.176  0.992  1.000
setting A_CBO=0.001859 w_CBO=2.326396, phi_CBO=3.379266
done fitting cbo isolate
 **********
 **    1 **SET PRINTOUT            1
 **********
 **********
 **    2 **SET NOWARNINGS 
 **********
 PARAMETER DEFINITIONS:
    NO.   NAME         VALUE      STEP SIZE      LIMITS
     1 N0           2.99460e+06  1.00000e+02     no limits
     2 tau          6.44056e+01  constant
     3 A0           3.43521e-01  1.00000e-04     no limits
     4 phi          4.11984e+00  1.00000e-02     no limits
     5 R           -6.10700e+01  constant
     6 A_CBO        1.85907e-03  1.00000e-05     no limits
     7 w_CBO        2.32640e+00  1.00000e-03     no limits
     8 phi_CBO      3.37927e+00  1.00000e-04     no limits
     9 ANx2         5.14298e-04  constant
    10 pNx2         2.57364e+00  constant
    11 ANy1         0.00000e+00  constant
    12 pNy1         0.00000e+00  constant
    13 w_y          0.00000e+00  constant
    14 ANy2         1.38778e-02  1.00000e-04     no limits
    15 pNy2         3.40463e+00  constant
    16 w_vw         1.43028e+01  constant
    17 LM           2.35248e-05  constant
    18 wCBO_expCoeff   2.00000e+02  1.00000e+00     no limits
    19 wCBO_expOffset   2.00000e+02  1.00000e+00     no limits
    20 wCBO_expT    3.00000e+01  1.00000e+00     no limits
    21 wCBO_linCoeff   0.00000e+00  constant
    22 wCBO_const   0.00000e+00  1.00000e-02     no limits
MINUIT - FIT ONLY WIGGLE
 **********
 **    3 **FIX            5
 **********
 PARAMETER    5  IS CONSTANT.   IGNORED.
 **********
 **    4 **FIX            6
 **********
 **********
 **    5 **FIX            7
 **********
 **********
 **    6 **FIX            8
 **********
 **********
 **    7 **FIX            9
 **********
 PARAMETER    9  IS CONSTANT.   IGNORED.
 **********
 **    8 **FIX           10
 **********
 PARAMETER   10  IS CONSTANT.   IGNORED.
 **********
 **    9 **FIX           11
 **********
 PARAMETER   11  IS CONSTANT.   IGNORED.
 **********
 **   10 **FIX           12
 **********
 PARAMETER   12  IS CONSTANT.   IGNORED.
 **********
 **   11 **FIX           13
 **********
 PARAMETER   13  IS CONSTANT.   IGNORED.
 **********
 **   12 **FIX           14
 **********
 **********
 **   13 **FIX           15
 **********
 PARAMETER   15  IS CONSTANT.   IGNORED.
 **********
 **   14 **FIX           16
 **********
 PARAMETER   16  IS CONSTANT.   IGNORED.
 **********
 **   15 **MIGRAD
 **********
 FIRST CALL TO USER FUNCTION AT NEW START POINT, WITH IFLAG=4.
 START MIGRAD MINIMIZATION.  STRATEGY  1.  CONVERGENCE WHEN EDM .LT. 1.00e-04
 FCN=899.139 FROM MIGRAD    STATUS=INITIATE       32 CALLS          33 TOTAL
                     EDM= unknown      STRATEGY= 1      NO ERROR MATRIX       
  EXT PARAMETER               CURRENT GUESS       STEP         FIRST   
  NO.   NAME      VALUE            ERROR          SIZE      DERIVATIVE 
   1  N0           2.99460e+06   1.00000e+02   1.00000e+02  -8.32399e-05
   2  tau          6.44056e+01   constant   
   3  A0           3.43521e-01   1.00000e-04   1.00000e-04  -1.06864e+02
   4  phi          4.11984e+00   1.00000e-02   1.00000e-02  -2.35826e+02
   5  R           -6.10700e+01   constant   
   6  A_CBO        1.85907e-03     fixed    
   7  w_CBO        2.32640e+00     fixed    
   8  phi_CBO      3.37927e+00     fixed    
   9  ANx2         5.14298e-04   constant   
  10  pNx2         2.57364e+00   constant   
  11  ANy1         0.00000e+00   constant   
  12  pNy1         0.00000e+00   constant   
  13  w_y          0.00000e+00   constant   
  14  ANy2         1.38778e-02     fixed    
  15  pNy2         3.40463e+00   constant   
  16  w_vw         1.43028e+01   constant   
  17  LM           2.35248e-05   constant   
  18  wCBO_expCoeff   2.00000e+02   1.00000e+00   1.00000e+00  -1.27204e+02
  19  wCBO_expOffset   2.00000e+02   1.00000e+00   1.00000e+00  -8.48031e+02
  20  wCBO_expT    3.00000e+01   1.00000e+00   1.00000e+00  -3.66679e+03
  21  wCBO_linCoeff   0.00000e+00   constant   
  22  wCBO_const   0.00000e+00   1.00000e-02   1.00000e-02  -8.60352e+03
 MIGRAD MINIMIZATION HAS CONVERGED.
 FCN=883.307 FROM MIGRAD    STATUS=CONVERGED     199 CALLS         200 TOTAL
                     EDM=2.74527e-06    STRATEGY= 1  ERROR MATRIX UNCERTAINTY   1.0 per cent
  EXT PARAMETER                                   STEP         FIRST   
  NO.   NAME      VALUE            ERROR          SIZE      DERIVATIVE 
   1  N0           2.99454e+06   1.18305e+03   6.51490e+00  -3.20573e-08
   2  tau          6.44056e+01   constant   
   3  A0           3.43644e-01   5.34556e-04   1.71131e-06  -1.48032e+00
   4  phi          4.12028e+00   1.60252e-03  -2.02313e-05  -1.44575e-01
   5  R           -6.10700e+01   constant   
   6  A_CBO        1.85907e-03     fixed    
   7  w_CBO        2.32640e+00     fixed    
   8  phi_CBO      3.37927e+00     fixed    
   9  ANx2         5.14298e-04   constant   
  10  pNx2         2.57364e+00   constant   
  11  ANy1         0.00000e+00   constant   
  12  pNy1         0.00000e+00   constant   
  13  w_y          0.00000e+00   constant   
  14  ANy2         1.38778e-02     fixed    
  15  pNy2         3.40463e+00   constant   
  16  w_vw         1.43028e+01   constant   
  17  LM           2.35248e-05   constant   
  18  wCBO_expCoeff   2.01040e+02   3.73752e-01   5.01128e-03   2.55833e-02
  19  wCBO_expOffset   2.00157e+02   5.62430e-02   7.53088e-04   1.73970e-01
  20  wCBO_expT    2.99804e+01   2.93017e-02  -4.02226e-04   5.08999e-01
  21  wCBO_linCoeff   0.00000e+00   constant   
  22  wCBO_const   2.34440e-03   1.12766e-03   1.15778e-05  -4.37642e+00
 EXTERNAL ERROR MATRIX.    NDIM=  25    NPAR=  7    ERR DEF=1
  1.400e+06  8.811e-03 -6.755e-04  9.478e+00  1.424e+00 -7.871e-01  1.658e-02 
  8.811e-03  2.857e-07 -6.817e-09  2.879e-05  4.328e-06 -2.339e-06  9.664e-08 
 -6.755e-04 -6.817e-09  2.568e-06 -1.247e-05 -1.841e-06  9.304e-07 -3.161e-08 
  9.478e+00  2.879e-05 -1.247e-05  1.397e-01  1.922e-02 -1.069e-02  3.671e-04 
  1.424e+00  4.328e-06 -1.841e-06  1.922e-02  3.163e-03 -1.609e-03  5.527e-05 
 -7.871e-01 -2.339e-06  9.304e-07 -1.069e-02 -1.609e-03  8.586e-04 -3.011e-05 
  1.658e-02  9.664e-08 -3.161e-08  3.671e-04  5.527e-05 -3.011e-05  1.272e-06 
 PARAMETER  CORRELATION COEFFICIENTS  
       NO.  GLOBAL      1      3      4     18     19     20     22
        1  0.04645   1.000  0.014 -0.000  0.021  0.021 -0.023  0.012
        3  0.16194   0.014  1.000 -0.008  0.144  0.144 -0.149  0.160
        4  0.03212  -0.000 -0.008  1.000 -0.021 -0.020  0.020 -0.017
       18  0.99537   0.021  0.144 -0.021  1.000  0.914 -0.976  0.871
       19  0.99542   0.021  0.144 -0.020  0.914  1.000 -0.976  0.871
       20  0.99896  -0.023 -0.149  0.020 -0.976 -0.976  1.000 -0.911
       22  0.95183   0.012  0.160 -0.017  0.871  0.871 -0.911  1.000
MINUIT - FIT ONLY 1-CBO + other amplitudes 
 **********
 **   16 **RES 
 **********
                   PARAMETER   14  ANy2 RESTORED TO VARIABLE.
                   PARAMETER    8  phi_CBO RESTORED TO VARIABLE.
                   PARAMETER    7  w_CBO RESTORED TO VARIABLE.
                   PARAMETER    6  A_CBO RESTORED TO VARIABLE.
 **********
 **   17 **FIX            0
 **********
 PARAMETER    0  IS UNDEFINED. IGNORED.
 **********
 **   18 **FIX            1
 **********
 **********
 **   19 **FIX            2
 **********
 PARAMETER    2  IS CONSTANT.   IGNORED.
 **********
 **   20 **FIX            3
 **********
 **********
 **   21 **FIX            4
 **********
 **********
 **   22 **FIX            9
 **********
 PARAMETER    9  IS CONSTANT.   IGNORED.
 **********
 **   23 **FIX           11
 **********
 PARAMETER   11  IS CONSTANT.   IGNORED.
 **********
 **   24 **FIX           12
 **********
 PARAMETER   12  IS CONSTANT.   IGNORED.
 **********
 **   25 **FIX           14
 **********
 **********
 **   26 **FIX           15
 **********
 PARAMETER   15  IS CONSTANT.   IGNORED.
 **********
 **   27 **FIX           16
 **********
 PARAMETER   16  IS CONSTANT.   IGNORED.
 **********
 **   28 **MIGRAD
 **********
 START MIGRAD MINIMIZATION.  STRATEGY  1.  CONVERGENCE WHEN EDM .LT. 1.00e-04
 FCN=883.307 FROM MIGRAD    STATUS=INITIATE       20 CALLS         220 TOTAL
                     EDM= unknown      STRATEGY= 1      NO ERROR MATRIX       
  EXT PARAMETER               CURRENT GUESS       STEP         FIRST   
  NO.   NAME      VALUE            ERROR          SIZE      DERIVATIVE 
   1  N0           2.99454e+06     fixed    
   2  tau          6.44056e+01   constant   
   3  A0           3.43644e-01     fixed    
   4  phi          4.12028e+00     fixed    
   5  R           -6.10700e+01   constant   
   6  A_CBO        1.85907e-03   1.00000e-05   1.00000e-05   4.97576e+03
   7  w_CBO        2.32640e+00   1.00000e-03   1.00000e-03   3.18314e-01
   8  phi_CBO      3.37927e+00   1.00000e-04   1.00000e-04  -6.10399e+00
   9  ANx2         5.14298e-04   constant   
  10  pNx2         2.57364e+00   constant   
  11  ANy1         0.00000e+00   constant   
  12  pNy1         0.00000e+00   constant   
  13  w_y          0.00000e+00   constant   
  14  ANy2         1.38778e-02     fixed    
  15  pNy2         3.40463e+00   constant   
  16  w_vw         1.43028e+01   constant   
  17  LM           2.35248e-05   constant   
  18  wCBO_expCoeff   2.01040e+02   3.73752e-01   5.01128e-03   2.55836e-02
  19  wCBO_expOffset   2.00157e+02   5.62430e-02   7.53088e-04   1.73970e-01
  20  wCBO_expT    2.99804e+01   2.93017e-02  -4.02226e-04   5.09014e-01
  21  wCBO_linCoeff   0.00000e+00   constant   
  22  wCBO_const   2.34440e-03   1.12766e-03   1.15778e-05  -4.37628e+00
 MIGRAD MINIMIZATION HAS CONVERGED.
 MIGRAD WILL VERIFY CONVERGENCE AND ERROR MATRIX.
 FCN=878.294 FROM MIGRAD    STATUS=CONVERGED     237 CALLS         437 TOTAL
                     EDM=6.43444e-07    STRATEGY= 1      ERR MATRIX NOT POS-DEF
  EXT PARAMETER                APPROXIMATE        STEP         FIRST   
  NO.   NAME      VALUE            ERROR          SIZE      DERIVATIVE 
   1  N0           2.99454e+06     fixed    
   2  tau          6.44056e+01   constant   
   3  A0           3.43644e-01     fixed    
   4  phi          4.12028e+00     fixed    
   5  R           -6.10700e+01   constant   
   6  A_CBO        1.15570e-03   5.57559e-04   8.06173e-06   1.48454e+00
   7  w_CBO        2.32488e+00   3.20886e-03   3.85070e-06  -1.41399e+00
   8  phi_CBO      4.41309e+00   5.68949e-01   7.00681e-03  -2.32773e-04
   9  ANx2         5.14298e-04   constant   
  10  pNx2         2.57364e+00   constant   
  11  ANy1         0.00000e+00   constant   
  12  pNy1         0.00000e+00   constant   
  13  w_y          0.00000e+00   constant   
  14  ANy2         1.38778e-02     fixed    
  15  pNy2         3.40463e+00   constant   
  16  w_vw         1.43028e+01   constant   
  17  LM           2.35248e-05   constant   
  18  wCBO_expCoeff   2.00768e+02   3.78149e-01   4.76111e-04  -1.41872e-02
  19  wCBO_expOffset   2.00116e+02   5.72179e-02   9.54228e-05  -9.45571e-02
  20  wCBO_expT    3.00075e+01   1.20720e-02   1.69040e-05  -3.28493e-01
  21  wCBO_linCoeff   0.00000e+00   constant   
  22  wCBO_const   2.49272e-03   1.42579e-03   4.46221e-06  -4.37970e-01
 EXTERNAL ERROR MATRIX.    NDIM=  25    NPAR=  7    ERR DEF=1
  3.109e-07  2.538e-08 -8.772e-06  3.569e-06  4.261e-07 -4.151e-07  1.476e-08 
  2.538e-08  1.030e-05 -5.802e-05 -3.308e-04 -5.232e-05 -8.260e-06 -4.139e-06 
 -8.772e-06 -5.802e-05  3.237e-01 -1.446e-02 -2.284e-03  1.451e-03  6.228e-05 
  3.569e-06 -3.308e-04 -1.446e-02  1.430e-01 -1.154e-02 -1.438e-03  1.821e-04 
  4.261e-07 -5.232e-05 -2.284e-03 -1.154e-02  3.274e-03 -2.260e-04  2.876e-05 
 -4.151e-07 -8.260e-06  1.451e-03 -1.438e-03 -2.260e-04  1.457e-04 -1.266e-06 
  1.476e-08 -4.139e-06  6.228e-05  1.821e-04  2.876e-05 -1.266e-06  2.033e-06 
ERR MATRIX NOT POS-DEF
 PARAMETER  CORRELATION COEFFICIENTS  
       NO.  GLOBAL      6      7      8     18     19     20     22
        6  0.09353   1.000  0.014 -0.028  0.017  0.013 -0.062  0.019
        7  0.99658   0.014  1.000 -0.032 -0.273 -0.285 -0.213 -0.905
        8  0.52891  -0.028 -0.032  1.000 -0.067 -0.070  0.211  0.077
       18  0.99623   0.017 -0.273 -0.067  1.000 -0.533 -0.315  0.338
       19  0.99633   0.013 -0.285 -0.070 -0.533  1.000 -0.327  0.353
       20  0.99534  -0.062 -0.213  0.211 -0.315 -0.327  1.000 -0.074
       22  0.97650   0.019 -0.905  0.077  0.338  0.353 -0.074  1.000
 ERR MATRIX NOT POS-DEF
MINUIT - FIT ONLY 1-CBO
 **********
 **   29 **RES 
 **********
                   PARAMETER   14  ANy2 RESTORED TO VARIABLE.
                   PARAMETER    4  phi RESTORED TO VARIABLE.
                   PARAMETER    3  A0 RESTORED TO VARIABLE.
                   PARAMETER    1  N0 RESTORED TO VARIABLE.
 **********
 **   30 **FIX            0
 **********
 PARAMETER    0  IS UNDEFINED. IGNORED.
 **********
 **   31 **FIX            1
 **********
 **********
 **   32 **FIX            2
 **********
 PARAMETER    2  IS CONSTANT.   IGNORED.
 **********
 **   33 **FIX            3
 **********
 **********
 **   34 **FIX            4
 **********
 **********
 **   35 **FIX            8
 **********
 **********
 **   36 **FIX            9
 **********
 PARAMETER    9  IS CONSTANT.   IGNORED.
 **********
 **   37 **FIX           11
 **********
 PARAMETER   11  IS CONSTANT.   IGNORED.
 **********
 **   38 **FIX           12
 **********
 PARAMETER   12  IS CONSTANT.   IGNORED.
 **********
 **   39 **FIX           13
 **********
 PARAMETER   13  IS CONSTANT.   IGNORED.
 **********
 **   40 **FIX           15
 **********
 PARAMETER   15  IS CONSTANT.   IGNORED.
 **********
 **   41 **FIX           16
 **********
 PARAMETER   16  IS CONSTANT.   IGNORED.
 **********
 **   42 **MIGRAD
 **********
 START MIGRAD MINIMIZATION.  STRATEGY  1.  CONVERGENCE WHEN EDM .LT. 1.00e-04
 FCN=878.294 FROM MIGRAD    STATUS=INITIATE       16 CALLS         453 TOTAL
                     EDM= unknown      STRATEGY= 1      NO ERROR MATRIX       
  EXT PARAMETER               CURRENT GUESS       STEP         FIRST   
  NO.   NAME      VALUE            ERROR          SIZE      DERIVATIVE 
   1  N0           2.99454e+06     fixed    
   2  tau          6.44056e+01   constant   
   3  A0           3.43644e-01     fixed    
   4  phi          4.12028e+00     fixed    
   5  R           -6.10700e+01   constant   
   6  A_CBO        1.15570e-03   5.57559e-04   8.06173e-06   1.48454e+00
   7  w_CBO        2.32488e+00   3.20886e-03   3.85070e-06  -1.40230e+00
   8  phi_CBO      4.41309e+00     fixed    
   9  ANx2         5.14298e-04   constant   
  10  pNx2         2.57364e+00   constant   
  11  ANy1         0.00000e+00   constant   
  12  pNy1         0.00000e+00   constant   
  13  w_y          0.00000e+00   constant   
  14  ANy2         1.38778e-02   1.00000e-04   1.00000e-04   8.75759e+04
  15  pNy2         3.40463e+00   constant   
  16  w_vw         1.43028e+01   constant   
  17  LM           2.35248e-05   constant   
  18  wCBO_expCoeff   2.00768e+02   3.78149e-01   4.76111e-04  -1.40609e-02
  19  wCBO_expOffset   2.00116e+02   5.72179e-02   9.54228e-05  -9.33612e-02
  20  wCBO_expT    3.00075e+01   1.20720e-02   1.69040e-05  -3.25970e-01
  21  wCBO_linCoeff   0.00000e+00   constant   
  22  wCBO_const   2.49272e-03   1.42579e-03   4.46221e-06  -4.36780e-01
 MIGRAD MINIMIZATION HAS CONVERGED.
 MIGRAD WILL VERIFY CONVERGENCE AND ERROR MATRIX.
 FCN=276.963 FROM MIGRAD    STATUS=CONVERGED     253 CALLS         690 TOTAL
                     EDM=2.32463e-07    STRATEGY= 1      ERR MATRIX NOT POS-DEF
  EXT PARAMETER                APPROXIMATE        STEP         FIRST   
  NO.   NAME      VALUE            ERROR          SIZE      DERIVATIVE 
   1  N0           2.99454e+06     fixed    
   2  tau          6.44056e+01   constant   
   3  A0           3.43644e-01     fixed    
   4  phi          4.12028e+00     fixed    
   5  R           -6.10700e+01   constant   
   6  A_CBO        3.42538e-04   5.64427e-04   4.50812e-06   3.31714e-01
   7  w_CBO        2.32414e+00   6.60244e-03   4.18788e-06   6.66294e-02
   8  phi_CBO      4.41309e+00     fixed    
   9  ANx2         5.14298e-04   constant   
  10  pNx2         2.57364e+00   constant   
  11  ANy1         0.00000e+00   constant   
  12  pNy1         0.00000e+00   constant   
  13  w_y          0.00000e+00   constant   
  14  ANy2         1.10395e-04   5.61651e-04   4.54798e-06   9.86899e-01
  15  pNy2         3.40463e+00   constant   
  16  w_vw         1.43028e+01   constant   
  17  LM           2.35248e-05   constant   
  18  wCBO_expCoeff   2.00636e+02   7.49014e-01   5.39056e-04   9.92501e-04
  19  wCBO_expOffset   2.00096e+02   1.12327e-01   9.54134e-05   6.64844e-03
  20  wCBO_expT    3.00228e+01   2.35235e-02   1.91428e-05   1.18172e-02
  21  wCBO_linCoeff   0.00000e+00   constant   
  22  wCBO_const   2.51616e-03   2.83632e-03   4.11775e-06  -4.40556e-02
 EXTERNAL ERROR MATRIX.    NDIM=  25    NPAR=  7    ERR DEF=1
  3.186e-07  4.493e-08  1.869e-08  5.547e-06  6.022e-07 -8.292e-07  1.040e-08 
  4.493e-08  4.359e-05  2.058e-08 -1.435e-03 -2.134e-04 -3.466e-05 -1.788e-05 
  1.869e-08  2.058e-08  3.155e-07  3.475e-06  5.487e-07 -4.811e-07 -5.742e-09 
  5.547e-06 -1.435e-03  3.475e-06  5.610e-01 -4.302e-02 -5.629e-03  7.370e-04 
  6.022e-07 -2.134e-04  5.487e-07 -4.302e-02  1.262e-02 -8.604e-04  1.100e-04 
 -8.292e-07 -3.466e-05 -4.811e-07 -5.629e-03 -8.604e-04  5.534e-04  1.491e-06 
  1.040e-08 -1.788e-05 -5.742e-09  7.370e-04  1.100e-04  1.491e-06  8.045e-06 
ERR MATRIX NOT POS-DEF
 PARAMETER  CORRELATION COEFFICIENTS  
       NO.  GLOBAL      6      7     14     18     19     20     22
        6  0.20608   1.000  0.012  0.059  0.013  0.009 -0.062  0.006
        7  0.99697   0.012  1.000  0.006 -0.290 -0.288 -0.223 -0.955
       14  0.12550   0.059  0.006  1.000  0.008  0.009 -0.036 -0.004
       18  0.99609   0.013 -0.290  0.008  1.000 -0.511 -0.319  0.347
       19  0.99611   0.009 -0.288  0.009 -0.511  1.000 -0.326  0.345
       20  0.99500  -0.062 -0.223 -0.036 -0.319 -0.326  1.000  0.022
       22  0.98406   0.006 -0.955 -0.004  0.347  0.345  0.022  1.000
 ERR MATRIX NOT POS-DEF
MINUIT - FIT ONLY 2-CBO
 **********
 **   43 **RES 
 **********
                   PARAMETER    8  phi_CBO RESTORED TO VARIABLE.
                   PARAMETER    4  phi RESTORED TO VARIABLE.
                   PARAMETER    3  A0 RESTORED TO VARIABLE.
                   PARAMETER    1  N0 RESTORED TO VARIABLE.
 **********
 **   44 **FIX            0
 **********
 PARAMETER    0  IS UNDEFINED. IGNORED.
 **********
 **   45 **FIX            1
 **********
 **********
 **   46 **FIX            2
 **********
 PARAMETER    2  IS CONSTANT.   IGNORED.
 **********
 **   47 **FIX            3
 **********
 **********
 **   48 **FIX            4
 **********
 **********
 **   49 **FIX            5
 **********
 PARAMETER    5  IS CONSTANT.   IGNORED.
 **********
 **   50 **FIX            6
 **********
 **********
 **   51 **FIX            7
 **********
 **********
 **   52 **FIX           10
 **********
 PARAMETER   10  IS CONSTANT.   IGNORED.
 **********
 **   53 **FIX           11
 **********
 PARAMETER   11  IS CONSTANT.   IGNORED.
 **********
 **   54 **FIX           12
 **********
 PARAMETER   12  IS CONSTANT.   IGNORED.
 **********
 **   55 **FIX           13
 **********
 PARAMETER   13  IS CONSTANT.   IGNORED.
 **********
 **   56 **FIX           14
 **********
 **********
 **   57 **FIX           15
 **********
 PARAMETER   15  IS CONSTANT.   IGNORED.
 **********
 **   58 **FIX           16
 **********
 PARAMETER   16  IS CONSTANT.   IGNORED.
 **********
 **   59 **MIGRAD
 **********
 START MIGRAD MINIMIZATION.  STRATEGY  1.  CONVERGENCE WHEN EDM .LT. 1.00e-04
 FCN=276.963 FROM MIGRAD    STATUS=INITIATE       12 CALLS         702 TOTAL
                     EDM= unknown      STRATEGY= 1      NO ERROR MATRIX       
  EXT PARAMETER               CURRENT GUESS       STEP         FIRST   
  NO.   NAME      VALUE            ERROR          SIZE      DERIVATIVE 
   1  N0           2.99454e+06     fixed    
   2  tau          6.44056e+01   constant   
   3  A0           3.43644e-01     fixed    
   4  phi          4.12028e+00     fixed    
   5  R           -6.10700e+01   constant   
   6  A_CBO        3.42538e-04     fixed    
   7  w_CBO        2.32414e+00     fixed    
   8  phi_CBO      4.41309e+00   5.68949e-01   5.68949e-01  -2.72017e-01
   9  ANx2         5.14298e-04   constant   
  10  pNx2         2.57364e+00   constant   
  11  ANy1         0.00000e+00   constant   
  12  pNy1         0.00000e+00   constant   
  13  w_y          0.00000e+00   constant   
  14  ANy2         1.10395e-04     fixed    
  15  pNy2         3.40463e+00   constant   
  16  w_vw         1.43028e+01   constant   
  17  LM           2.35248e-05   constant   
  18  wCBO_expCoeff   2.00636e+02   7.49014e-01   5.39056e-04   9.99478e-04
  19  wCBO_expOffset   2.00096e+02   1.12327e-01   9.54134e-05   6.70152e-03
  20  wCBO_expT    3.00228e+01   2.35235e-02   1.91428e-05   1.29845e-02
  21  wCBO_linCoeff   0.00000e+00   constant   
  22  wCBO_const   2.51616e-03   2.83632e-03   4.11775e-06  -4.24387e-02
 MIGRAD MINIMIZATION HAS CONVERGED.
 MIGRAD WILL VERIFY CONVERGENCE AND ERROR MATRIX.
 COVARIANCE MATRIX CALCULATED SUCCESSFULLY
 FCN=276.904 FROM MIGRAD    STATUS=CONVERGED     105 CALLS         795 TOTAL
                     EDM=8.98431e-06    STRATEGY= 1      ERROR MATRIX ACCURATE 
  EXT PARAMETER                                   STEP         FIRST   
  NO.   NAME      VALUE            ERROR          SIZE      DERIVATIVE 
   1  N0           2.99454e+06     fixed    
   2  tau          6.44056e+01   constant   
   3  A0           3.43644e-01     fixed    
   4  phi          4.12028e+00     fixed    
   5  R           -6.10700e+01   constant   
   6  A_CBO        3.42538e-04     fixed    
   7  w_CBO        2.32414e+00     fixed    
   8  phi_CBO      4.84526e+00   1.79038e+00   1.30726e-02  -2.13257e-03
   9  ANx2         5.14298e-04   constant   
  10  pNx2         2.57364e+00   constant   
  11  ANy1         0.00000e+00   constant   
  12  pNy1         0.00000e+00   constant   
  13  w_y          0.00000e+00   constant   
  14  ANy2         1.10395e-04     fixed    
  15  pNy2         3.40463e+00   constant   
  16  w_vw         1.43028e+01   constant   
  17  LM           2.35248e-05   constant   
  18  wCBO_expCoeff   2.00612e+02   1.78170e+00   5.29995e-04   5.33496e-02
  19  wCBO_expOffset   2.00093e+02   2.65088e-01   9.54117e-05   3.56410e-01
  20  wCBO_expT    3.00248e+01   3.79629e-02   1.87673e-05   1.55068e+00
  21  wCBO_linCoeff   0.00000e+00   constant   
  22  wCBO_const   2.48394e-03   1.09179e-03   4.11809e-06   5.95833e+00
 EXTERNAL ERROR MATRIX.    NDIM=  25    NPAR=  5    ERR DEF=1
  3.205e+00 -2.094e-01 -3.009e-02  1.715e-02 -3.014e-04 
 -2.094e-01  3.174e+00 -3.986e-01 -1.950e-02  4.366e-04 
 -3.009e-02 -3.986e-01  7.027e-02 -2.702e-03  5.960e-05 
  1.715e-02 -1.950e-02 -2.702e-03  1.441e-03 -3.327e-05 
 -3.014e-04  4.366e-04  5.960e-05 -3.327e-05  1.192e-06 
 PARAMETER  CORRELATION COEFFICIENTS  
       NO.  GLOBAL      8     18     19     20     22
        8  0.44208   1.000 -0.066 -0.063  0.252 -0.154
       18  0.99936  -0.066  1.000 -0.844 -0.288  0.224
       19  0.99935  -0.063 -0.844  1.000 -0.268  0.206
       20  0.99822   0.252 -0.288 -0.268  1.000 -0.803
       22  0.88561  -0.154  0.224  0.206 -0.803  1.000
MINUIT - FIT ONLY 1-y
 **********
 **   60 **RES 
 **********
                   PARAMETER   14  ANy2 RESTORED TO VARIABLE.
                   PARAMETER    7  w_CBO RESTORED TO VARIABLE.
                   PARAMETER    6  A_CBO RESTORED TO VARIABLE.
                   PARAMETER    4  phi RESTORED TO VARIABLE.
                   PARAMETER    3  A0 RESTORED TO VARIABLE.
                   PARAMETER    1  N0 RESTORED TO VARIABLE.
 **********
 **   61 **FIX            0
 **********
 PARAMETER    0  IS UNDEFINED. IGNORED.
 **********
 **   62 **FIX            1
 **********
 **********
 **   63 **FIX            2
 **********
 PARAMETER    2  IS CONSTANT.   IGNORED.
 **********
 **   64 **FIX            3
 **********
 **********
 **   65 **FIX            4
 **********
 **********
 **   66 **FIX            5
 **********
 PARAMETER    5  IS CONSTANT.   IGNORED.
 **********
 **   67 **FIX            6
 **********
 **********
 **   68 **FIX            7
 **********
 **********
 **   69 **FIX            8
 **********
 **********
 **   70 **FIX            9
 **********
 PARAMETER    9  IS CONSTANT.   IGNORED.
 **********
 **   71 **FIX           13
 **********
 PARAMETER   13  IS CONSTANT.   IGNORED.
 **********
 **   72 **FIX           14
 **********
 **********
 **   73 **FIX           15
 **********
 PARAMETER   15  IS CONSTANT.   IGNORED.
 **********
 **   74 **FIX           16
 **********
 PARAMETER   16  IS CONSTANT.   IGNORED.
 **********
 **   75 **MIGRAD
 **********
 START MIGRAD MINIMIZATION.  STRATEGY  1.  CONVERGENCE WHEN EDM .LT. 1.00e-04
 FCN=276.904 FROM MIGRAD    STATUS=INITIATE        8 CALLS         803 TOTAL
                     EDM= unknown      STRATEGY= 1      NO ERROR MATRIX       
  EXT PARAMETER               CURRENT GUESS       STEP         FIRST   
  NO.   NAME      VALUE            ERROR          SIZE      DERIVATIVE 
   1  N0           2.99454e+06     fixed    
   2  tau          6.44056e+01   constant   
   3  A0           3.43644e-01     fixed    
   4  phi          4.12028e+00     fixed    
   5  R           -6.10700e+01   constant   
   6  A_CBO        3.42538e-04     fixed    
   7  w_CBO        2.32414e+00     fixed    
   8  phi_CBO      4.84526e+00     fixed    
   9  ANx2         5.14298e-04   constant   
  10  pNx2         2.57364e+00   constant   
  11  ANy1         0.00000e+00   constant   
  12  pNy1         0.00000e+00   constant   
  13  w_y          0.00000e+00   constant   
  14  ANy2         1.10395e-04     fixed    
  15  pNy2         3.40463e+00   constant   
  16  w_vw         1.43028e+01   constant   
  17  LM           2.35248e-05   constant   
  18  wCBO_expCoeff   2.00612e+02   1.78170e+00   5.29995e-04   5.33288e-02
  19  wCBO_expOffset   2.00093e+02   2.65088e-01   9.54117e-05   3.56249e-01
  20  wCBO_expT    3.00248e+01   3.79629e-02   1.87673e-05   1.55164e+00
  21  wCBO_linCoeff   0.00000e+00   constant   
  22  wCBO_const   2.48394e-03   1.09179e-03   4.11809e-06   5.95905e+00
 MIGRAD MINIMIZATION HAS CONVERGED.
 MIGRAD WILL VERIFY CONVERGENCE AND ERROR MATRIX.
 COVARIANCE MATRIX CALCULATED SUCCESSFULLY
 FCN=276.904 FROM MIGRAD    STATUS=CONVERGED      43 CALLS         838 TOTAL
                     EDM=1.76756e-07    STRATEGY= 1      ERROR MATRIX ACCURATE 
  EXT PARAMETER                                   STEP         FIRST   
  NO.   NAME      VALUE            ERROR          SIZE      DERIVATIVE 
   1  N0           2.99454e+06     fixed    
   2  tau          6.44056e+01   constant   
   3  A0           3.43644e-01     fixed    
   4  phi          4.12028e+00     fixed    
   5  R           -6.10700e+01   constant   
   6  A_CBO        3.42538e-04     fixed    
   7  w_CBO        2.32414e+00     fixed    
   8  phi_CBO      4.84526e+00     fixed    
   9  ANx2         5.14298e-04   constant   
  10  pNx2         2.57364e+00   constant   
  11  ANy1         0.00000e+00   constant   
  12  pNy1         0.00000e+00   constant   
  13  w_y          0.00000e+00   constant   
  14  ANy2         1.10395e-04     fixed    
  15  pNy2         3.40463e+00   constant   
  16  w_vw         1.43028e+01   constant   
  17  LM           2.35248e-05   constant   
  18  wCBO_expCoeff   2.00612e+02   1.84714e+00   5.18973e-04  -1.45981e-03
  19  wCBO_expOffset   2.00093e+02   2.75001e-01   9.54117e-05  -9.79784e-03
  20  wCBO_expT    3.00248e+01   3.69642e-02   1.84145e-05  -1.50240e-02
  21  wCBO_linCoeff   0.00000e+00   constant   
  22  wCBO_const   2.48372e-03   1.08317e-03   4.12747e-06   4.89059e-01
 EXTERNAL ERROR MATRIX.    NDIM=  25    NPAR=  4    ERR DEF=1
  3.412e+00 -4.373e-01 -1.859e-02  4.226e-04 
 -4.373e-01  7.563e-02 -2.575e-03  5.750e-05 
 -1.859e-02 -2.575e-03  1.366e-03 -3.206e-05 
  4.226e-04  5.750e-05 -3.206e-05  1.173e-06 
 PARAMETER  CORRELATION COEFFICIENTS  
       NO.  GLOBAL     18     19     20     22
       18  0.99940   1.000 -0.861 -0.272  0.211
       19  0.99940  -0.861  1.000 -0.253  0.193
       20  0.99813  -0.272 -0.253  1.000 -0.801
       22  0.88365   0.211  0.193 -0.801  1.000
MINUIT - FIT ONLY 2-y
 **********
 **   76 **RES 
 **********
                   PARAMETER   14  ANy2 RESTORED TO VARIABLE.
                   PARAMETER    8  phi_CBO RESTORED TO VARIABLE.
                   PARAMETER    7  w_CBO RESTORED TO VARIABLE.
                   PARAMETER    6  A_CBO RESTORED TO VARIABLE.
                   PARAMETER    4  phi RESTORED TO VARIABLE.
                   PARAMETER    3  A0 RESTORED TO VARIABLE.
                   PARAMETER    1  N0 RESTORED TO VARIABLE.
 **********
 **   77 **FIX            0
 **********
 PARAMETER    0  IS UNDEFINED. IGNORED.
 **********
 **   78 **FIX            1
 **********
 **********
 **   79 **FIX            2
 **********
 PARAMETER    2  IS CONSTANT.   IGNORED.
 **********
 **   80 **FIX            3
 **********
 **********
 **   81 **FIX            4
 **********
 **********
 **   82 **FIX            5
 **********
 PARAMETER    5  IS CONSTANT.   IGNORED.
 **********
 **   83 **FIX            6
 **********
 **********
 **   84 **FIX            7
 **********
 **********
 **   85 **FIX            8
 **********
 **********
 **   86 **FIX            9
 **********
 PARAMETER    9  IS CONSTANT.   IGNORED.
 **********
 **   87 **FIX           10
 **********
 PARAMETER   10  IS CONSTANT.   IGNORED.
 **********
 **   88 **FIX           11
 **********
 PARAMETER   11  IS CONSTANT.   IGNORED.
 **********
 **   89 **FIX           12
 **********
 PARAMETER   12  IS CONSTANT.   IGNORED.
 **********
 **   90 **FIX           16
 **********
 PARAMETER   16  IS CONSTANT.   IGNORED.
 **********
 **   91 **MIGRAD
 **********
 START MIGRAD MINIMIZATION.  STRATEGY  1.  CONVERGENCE WHEN EDM .LT. 1.00e-04
 FCN=276.904 FROM MIGRAD    STATUS=INITIATE       10 CALLS         848 TOTAL
                     EDM= unknown      STRATEGY= 1      NO ERROR MATRIX       
  EXT PARAMETER               CURRENT GUESS       STEP         FIRST   
  NO.   NAME      VALUE            ERROR          SIZE      DERIVATIVE 
   1  N0           2.99454e+06     fixed    
   2  tau          6.44056e+01   constant   
   3  A0           3.43644e-01     fixed    
   4  phi          4.12028e+00     fixed    
   5  R           -6.10700e+01   constant   
   6  A_CBO        3.42538e-04     fixed    
   7  w_CBO        2.32414e+00     fixed    
   8  phi_CBO      4.84526e+00     fixed    
   9  ANx2         5.14298e-04   constant   
  10  pNx2         2.57364e+00   constant   
  11  ANy1         0.00000e+00   constant   
  12  pNy1         0.00000e+00   constant   
  13  w_y          0.00000e+00   constant   
  14  ANy2         1.10395e-04   5.61651e-04   5.61651e-04   1.55476e+01
  15  pNy2         3.40463e+00   constant   
  16  w_vw         1.43028e+01   constant   
  17  LM           2.35248e-05   constant   
  18  wCBO_expCoeff   2.00612e+02   1.84714e+00   5.18973e-04  -1.47893e-03
  19  wCBO_expOffset   2.00093e+02   2.75001e-01   9.54117e-05  -9.94598e-03
  20  wCBO_expT    3.00248e+01   3.69642e-02   1.84145e-05  -1.43164e-02
  21  wCBO_linCoeff   0.00000e+00   constant   
  22  wCBO_const   2.48372e-03   1.08317e-03   4.12747e-06   4.89824e-01
 MIGRAD MINIMIZATION HAS CONVERGED.
 MIGRAD WILL VERIFY CONVERGENCE AND ERROR MATRIX.
 COVARIANCE MATRIX CALCULATED SUCCESSFULLY
 FCN=276.904 FROM MIGRAD    STATUS=CONVERGED      52 CALLS         890 TOTAL
                     EDM=3.59395e-07    STRATEGY= 1      ERROR MATRIX ACCURATE 
  EXT PARAMETER                                   STEP         FIRST   
  NO.   NAME      VALUE            ERROR          SIZE      DERIVATIVE 
   1  N0           2.99454e+06     fixed    
   2  tau          6.44056e+01   constant   
   3  A0           3.43644e-01     fixed    
   4  phi          4.12028e+00     fixed    
   5  R           -6.10700e+01   constant   
   6  A_CBO        3.42538e-04     fixed    
   7  w_CBO        2.32414e+00     fixed    
   8  phi_CBO      4.84526e+00     fixed    
   9  ANx2         5.14298e-04   constant   
  10  pNx2         2.57364e+00   constant   
  11  ANy1         0.00000e+00   constant   
  12  pNy1         0.00000e+00   constant   
  13  w_y          0.00000e+00   constant   
  14  ANy2         1.07969e-04   5.61910e-04   4.54751e-06   2.41464e-03
  15  pNy2         3.40463e+00   constant   
  16  w_vw         1.43028e+01   constant   
  17  LM           2.35248e-05   constant   
  18  wCBO_expCoeff   2.00612e+02   1.85469e+00   5.18968e-04  -1.31992e-02
  19  wCBO_expOffset   2.00093e+02   2.76165e-01   9.54117e-05  -8.82345e-02
  20  wCBO_expT    3.00248e+01   3.70412e-02   1.84161e-05  -3.69555e-01
  21  wCBO_linCoeff   0.00000e+00   constant   
  22  wCBO_const   2.48365e-03   1.08411e-03   4.12763e-06  -1.07516e+00
 EXTERNAL ERROR MATRIX.    NDIM=  25    NPAR=  5    ERR DEF=1
  3.157e-07  1.036e-05  1.761e-06 -9.446e-07  1.257e-08 
  1.036e-05  3.440e+00 -4.413e-01 -1.865e-02  4.236e-04 
  1.761e-06 -4.413e-01  7.627e-02 -2.588e-03  5.773e-05 
 -9.446e-07 -1.865e-02 -2.588e-03  1.372e-03 -3.216e-05 
  1.257e-08  4.236e-04  5.773e-05 -3.216e-05  1.175e-06 
 PARAMETER  CORRELATION COEFFICIENTS  
       NO.  GLOBAL     14     18     19     20     22
       14  0.10722   1.000  0.010  0.011 -0.045  0.021
       18  0.99941   0.010  1.000 -0.862 -0.271  0.211
       19  0.99940   0.011 -0.862  1.000 -0.253  0.193
       20  0.99813  -0.045 -0.271 -0.253  1.000 -0.801
       22  0.88386   0.021  0.211  0.193 -0.801  1.000
MINUIT - FIT ALTOGETHER
 **********
 **   92 **RES 
 **********
                   PARAMETER    8  phi_CBO RESTORED TO VARIABLE.
                   PARAMETER    7  w_CBO RESTORED TO VARIABLE.
                   PARAMETER    6  A_CBO RESTORED TO VARIABLE.
                   PARAMETER    4  phi RESTORED TO VARIABLE.
                   PARAMETER    3  A0 RESTORED TO VARIABLE.
                   PARAMETER    1  N0 RESTORED TO VARIABLE.
 **********
 **   93 **MIGRAD
 **********
 START MIGRAD MINIMIZATION.  STRATEGY  1.  CONVERGENCE WHEN EDM .LT. 1.00e-04
 FCN=276.904 FROM MIGRAD    STATUS=INITIATE       22 CALLS         912 TOTAL
                     EDM= unknown      STRATEGY= 1      NO ERROR MATRIX       
  EXT PARAMETER               CURRENT GUESS       STEP         FIRST   
  NO.   NAME      VALUE            ERROR          SIZE      DERIVATIVE 
   1  N0           2.99454e+06   1.18305e+03   1.18305e+03  -3.03025e-04
   2  tau          6.44056e+01   constant   
   3  A0           3.43644e-01   5.34556e-04   5.34556e-04   7.35704e+01
   4  phi          4.12028e+00   1.60252e-03   1.60252e-03  -2.14318e+01
   5  R           -6.10700e+01   constant   
   6  A_CBO        3.42538e-04   5.64427e-04   5.64427e-04  -1.15064e+02
   7  w_CBO        2.32414e+00   6.60244e-03   6.60244e-03  -1.60261e+00
   8  phi_CBO      4.84526e+00   1.79038e+00   1.79038e+00  -1.17008e-03
   9  ANx2         5.14298e-04   constant   
  10  pNx2         2.57364e+00   constant   
  11  ANy1         0.00000e+00   constant   
  12  pNy1         0.00000e+00   constant   
  13  w_y          0.00000e+00   constant   
  14  ANy2         1.07969e-04   5.61910e-04   4.54751e-06   2.41525e-03
  15  pNy2         3.40463e+00   constant   
  16  w_vw         1.43028e+01   constant   
  17  LM           2.35248e-05   constant   
  18  wCBO_expCoeff   2.00612e+02   1.85469e+00   5.18968e-04  -1.32181e-02
  19  wCBO_expOffset   2.00093e+02   2.76165e-01   9.54117e-05  -8.83810e-02
  20  wCBO_expT    3.00248e+01   3.70412e-02   1.84161e-05  -3.68546e-01
  21  wCBO_linCoeff   0.00000e+00   constant   
  22  wCBO_const   2.48365e-03   1.08411e-03   4.12763e-06  -1.07438e+00
 MIGRAD MINIMIZATION HAS CONVERGED.
 MIGRAD WILL VERIFY CONVERGENCE AND ERROR MATRIX.
 FCN=276.87 FROM MIGRAD    STATUS=CONVERGED     217 CALLS        1107 TOTAL
                     EDM=9.56003e-05    STRATEGY= 1      ERR MATRIX NOT POS-DEF
  EXT PARAMETER                APPROXIMATE        STEP         FIRST   
  NO.   NAME      VALUE            ERROR          SIZE      DERIVATIVE 
   1  N0           2.99476e+06   1.18167e+03   9.42591e+00  -1.22901e-07
