 + ++++++++++++++++++++++++++++++++++++++++++++++++++++++++++++++++++++ +
 +                                                                      +
 +           You have chose to blind your fitting according to          +
 +                omega_ref * (1 + (R +/- deltaR) *10^{-6})             +
 +                                                                      +
 + ++++++++++++++++++++++++++++++++++++++++++++++++++++++++++++++++++++ +
In main()...
reading format from /gm2data/zkhechad/run45/envelope/formats/formatB_sBin_constraintOn.txt
pBinTau 	= 0  
pBinPhi 	= 0  
constraintau 	= 1 
includeMopTerm 	= 0    
constrainMop    = 0   
Parameters after format file: pBinTau 0 pBinPhi 0 constraintau 1 includeMopTerm 0 constrainMop 0 c_e_scale 0.000000 
reading cbo reference file (full fit) from /gm2data/zkhechad/cboTemplates/Run4CBOTemplates/fullFits/run4/sBin_constraintOn_cE0.0_seed0_run4_calo3.root
A_CBO 0.008872 w_CBO 2.326183 phi_CBO 4.278101 N0 2792933.794534 R -61.131445 tau 64.392950 
Reading cboRef file /gm2data/zkhechad/cboTemplates/Run4CBOTemplates//cboIsolate/run4_calo3.root
deltaT 10.007709
windowBins = 120
fitting sliding window 300 from bin 503 at 75.047600 to bin 623 at 92.951600 (120 bins)

Reading data from /gm2data/cornell/histograms/aMethod/histogram_a_run4.root
fitting cbo isolate
 **********
 **    1 **SET PRINTOUT            1
 **********
 **********
 **    2 **SET NOWARNINGS 
 **********
 PARAMETER DEFINITIONS:
    NO.   NAME         VALUE      STEP SIZE      LIMITS
     1 A_CBO        8.87236e-03  1.00000e-05     no limits
     2 w_CBO        2.32618e+00  1.00000e-02    2.00000e+00  3.00000e+00
     3 phi_CBO      4.27810e+00  1.00000e-02    0.00000e+00  6.28319e+00
 **********
 **    3 **MIGRAD
 **********
 FIRST CALL TO USER FUNCTION AT NEW START POINT, WITH IFLAG=4.
 START MIGRAD MINIMIZATION.  STRATEGY  1.  CONVERGENCE WHEN EDM .LT. 1.00e-04
 FCN=0.00086943 FROM MIGRAD    STATUS=INITIATE       10 CALLS          11 TOTAL
                     EDM= unknown      STRATEGY= 1      NO ERROR MATRIX       
  EXT PARAMETER               CURRENT GUESS       STEP         FIRST   
  NO.   NAME      VALUE            ERROR          SIZE      DERIVATIVE 
   1  A_CBO        8.87236e-03   1.00000e-05   1.00000e-05   4.24322e-01
   2  w_CBO        2.32618e+00   1.00000e-02   2.13326e-02   1.89471e-03
   3  phi_CBO      4.27810e+00   1.00000e-02   3.41436e-03  -1.70792e-04
 MIGRAD MINIMIZATION HAS CONVERGED.
 MIGRAD WILL VERIFY CONVERGENCE AND ERROR MATRIX.
 COVARIANCE MATRIX CALCULATED SUCCESSFULLY
 FCN=0.000120349 FROM MIGRAD    STATUS=CONVERGED      35 CALLS          36 TOTAL
                     EDM=2.26023e-06    STRATEGY= 1      ERROR MATRIX ACCURATE 
  EXT PARAMETER                                   STEP         FIRST   
  NO.   NAME      VALUE            ERROR          SIZE      DERIVATIVE 
   1  A_CBO        5.34512e-03   1.29605e-01   6.29420e-05   6.92650e-05
   2  w_CBO        2.32608e+00   5.15548e-01   2.35684e-04   1.28782e-04
   3  phi_CBO      4.28840e+00   5.12137e+00   3.13487e-03  -2.80027e-05
 EXTERNAL ERROR MATRIX.    NDIM=  25    NPAR=  3    ERR DEF=1
  1.680e-02 -5.390e-02 -4.540e+00 
 -5.390e-02  1.643e+01  1.366e+03 
 -4.540e+00  1.366e+03  1.141e+05 
 PARAMETER  CORRELATION COEFFICIENTS  
       NO.  GLOBAL      1      2      3
        1  0.10432   1.000 -0.103 -0.104
        2  0.99743  -0.103  1.000  0.997
        3  0.99743  -0.104  0.997  1.000
setting A_CBO=0.005345 w_CBO=2.326080, phi_CBO=4.288402
done fitting cbo isolate
 **********
 **    1 **SET PRINTOUT            1
 **********
 **********
 **    2 **SET NOWARNINGS 
 **********
 PARAMETER DEFINITIONS:
    NO.   NAME         VALUE      STEP SIZE      LIMITS
     1 N0           2.79293e+06  1.00000e+02     no limits
     2 tau          6.43930e+01  constant
     3 A0           3.56510e-01  1.00000e-04     no limits
     4 phi          4.11711e+00  1.00000e-02     no limits
     5 R           -6.11314e+01  constant
     6 A_CBO        5.34512e-03  1.00000e-05     no limits
     7 w_CBO        2.32608e+00  1.00000e-03     no limits
     8 phi_CBO      4.28840e+00  1.00000e-04     no limits
     9 ANx2         3.99781e-04  constant
    10 pNx2         4.45174e+00  constant
    11 ANy1         0.00000e+00  constant
    12 pNy1         0.00000e+00  constant
    13 w_y          0.00000e+00  constant
    14 ANy2         9.79441e-03  1.00000e-04     no limits
    15 pNy2         4.41741e+00  constant
    16 w_vw         1.43026e+01  constant
    17 LM          -4.33674e-04  constant
    18 wCBO_expCoeff   2.00000e+02  1.00000e+00     no limits
    19 wCBO_expOffset   2.00000e+02  1.00000e+00     no limits
    20 wCBO_expT    3.00000e+01  1.00000e+00     no limits
    21 wCBO_linCoeff   0.00000e+00  constant
    22 wCBO_const   0.00000e+00  1.00000e-02     no limits
MINUIT - FIT ONLY WIGGLE
 **********
 **    3 **FIX            5
 **********
 PARAMETER    5  IS CONSTANT.   IGNORED.
 **********
 **    4 **FIX            6
 **********
 **********
 **    5 **FIX            7
 **********
 **********
 **    6 **FIX            8
 **********
 **********
 **    7 **FIX            9
 **********
 PARAMETER    9  IS CONSTANT.   IGNORED.
 **********
 **    8 **FIX           10
 **********
 PARAMETER   10  IS CONSTANT.   IGNORED.
 **********
 **    9 **FIX           11
 **********
 PARAMETER   11  IS CONSTANT.   IGNORED.
 **********
 **   10 **FIX           12
 **********
 PARAMETER   12  IS CONSTANT.   IGNORED.
 **********
 **   11 **FIX           13
 **********
 PARAMETER   13  IS CONSTANT.   IGNORED.
 **********
 **   12 **FIX           14
 **********
 **********
 **   13 **FIX           15
 **********
 PARAMETER   15  IS CONSTANT.   IGNORED.
 **********
 **   14 **FIX           16
 **********
 PARAMETER   16  IS CONSTANT.   IGNORED.
 **********
 **   15 **MIGRAD
 **********
 FIRST CALL TO USER FUNCTION AT NEW START POINT, WITH IFLAG=4.
 START MIGRAD MINIMIZATION.  STRATEGY  1.  CONVERGENCE WHEN EDM .LT. 1.00e-04
 FCN=4062.82 FROM MIGRAD    STATUS=INITIATE       34 CALLS          35 TOTAL
                     EDM= unknown      STRATEGY= 1      NO ERROR MATRIX       
  EXT PARAMETER               CURRENT GUESS       STEP         FIRST   
  NO.   NAME      VALUE            ERROR          SIZE      DERIVATIVE 
   1  N0           2.79293e+06   1.00000e+02   1.00000e+02  -1.23423e-02
   2  tau          6.43930e+01   constant   
   3  A0           3.56510e-01   1.00000e-04   1.00000e-04  -3.25179e+04
   4  phi          4.11711e+00   1.00000e-02   1.00000e-02  -1.89626e+04
   5  R           -6.11314e+01   constant   
   6  A_CBO        5.34512e-03     fixed    
   7  w_CBO        2.32608e+00     fixed    
   8  phi_CBO      4.28840e+00     fixed    
   9  ANx2         3.99781e-04   constant   
  10  pNx2         4.45174e+00   constant   
  11  ANy1         0.00000e+00   constant   
  12  pNy1         0.00000e+00   constant   
  13  w_y          0.00000e+00   constant   
  14  ANy2         9.79441e-03     fixed    
  15  pNy2         4.41741e+00   constant   
  16  w_vw         1.43026e+01   constant   
  17  LM          -4.33674e-04   constant   
  18  wCBO_expCoeff   2.00000e+02   1.00000e+00   1.00000e+00   5.27896e+05
  19  wCBO_expOffset   2.00000e+02   1.00000e+00   1.00000e+00  -2.30357e+05
  20  wCBO_expT    3.00000e+01   1.00000e+00   1.00000e+00   6.44088e+05
  21  wCBO_linCoeff   0.00000e+00   constant   
  22  wCBO_const   0.00000e+00   1.00000e-02   1.00000e-02  -3.36380e+04
 MIGRAD FAILS TO FIND IMPROVEMENT
 COVARIANCE MATRIX CALCULATED SUCCESSFULLY
 FCN=4032.75 FROM HESSE     STATUS=OK             54 CALLS         140 TOTAL
                     EDM=432.887    STRATEGY= 1      ERROR MATRIX ACCURATE 
  EXT PARAMETER                                   STEP         FIRST   
  NO.   NAME      VALUE            ERROR          SIZE      DERIVATIVE 
   1  N0           2.79295e+06   3.84449e+02   1.05484e+01  -8.16095e-03
   2  tau          6.43930e+01   constant   
   3  A0           3.56518e-01   1.62888e-04   4.95910e-06  -2.67544e+04
   4  phi          4.11715e+00   4.81808e-04   1.47670e-05  -1.73321e+04
   5  R           -6.11314e+01   constant   
   6  A_CBO        5.34512e-03     fixed    
   7  w_CBO        2.32608e+00     fixed    
   8  phi_CBO      4.28840e+00     fixed    
   9  ANx2         3.99781e-04   constant   
  10  pNx2         4.45174e+00   constant   
  11  ANy1         0.00000e+00   constant   
  12  pNy1         0.00000e+00   constant   
  13  w_y          0.00000e+00   constant   
  14  ANy2         9.79441e-03     fixed    
  15  pNy2         4.41741e+00   constant   
  16  w_vw         1.43026e+01   constant   
  17  LM          -4.33674e-04   constant   
  18  wCBO_expCoeff   2.00000e+02   7.27109e-06   9.53674e-05   4.41140e+05
  19  wCBO_expOffset   2.00000e+02   1.61623e-05   9.53674e-05   2.12584e+06
  20  wCBO_expT    3.00000e+01   7.23228e-07   1.43051e-05  -9.26401e+06
  21  wCBO_linCoeff   0.00000e+00   constant   
  22  wCBO_const   1.59388e-05   3.22030e-04   6.98367e-06   1.99194e+04
 MIGRAD FAILS TO FIND IMPROVEMENT
 MIGRAD TERMINATED WITHOUT CONVERGENCE.
 FCN=4016.33 FROM MIGRAD    STATUS=FAILED        185 CALLS         186 TOTAL
                     EDM=17.5258    STRATEGY= 1  ERROR MATRIX UNCERTAINTY   2.4 per cent
  EXT PARAMETER                APPROXIMATE        STEP         FIRST   
  NO.   NAME      VALUE            ERROR          SIZE      DERIVATIVE 
   1  N0           2.79324e+06   3.55051e+02   0.00000e+00  -6.74712e-03
   2  tau          6.43930e+01   constant   
   3  A0           3.56695e-01   1.64945e-04   0.00000e+00  -1.56931e+04
   4  phi          4.11826e+00   5.32401e-04   0.00000e+00  -8.15331e+03
   5  R           -6.11314e+01   constant   
   6  A_CBO        5.34512e-03     fixed    
   7  w_CBO        2.32608e+00     fixed    
   8  phi_CBO      4.28840e+00     fixed    
   9  ANx2         3.99781e-04   constant   
  10  pNx2         4.45174e+00   constant   
  11  ANy1         0.00000e+00   constant   
  12  pNy1         0.00000e+00   constant   
  13  w_y          0.00000e+00   constant   
  14  ANy2         9.79441e-03     fixed    
  15  pNy2         4.41741e+00   constant   
  16  w_vw         1.43026e+01   constant   
  17  LM          -4.33674e-04   constant   
  18  wCBO_expCoeff   2.00000e+02   6.90848e-06   0.00000e+00  -8.88086e+05
  19  wCBO_expOffset   2.00000e+02   7.05180e-07  -0.00000e+00  -2.16523e+06
  20  wCBO_expT    3.00000e+01   4.87669e-07   0.00000e+00  -1.10253e+07
  21  wCBO_linCoeff   0.00000e+00   constant   
  22  wCBO_const  -4.19251e-04   3.01584e-04  -0.00000e+00  -1.29701e+04
 EXTERNAL ERROR MATRIX.    NDIM=  25    NPAR=  7    ERR DEF=1
  1.261e+05  5.545e-03  1.101e-02 -1.409e-04  2.189e-06 -1.494e-05 -8.975e-04 
  5.545e-03  2.721e-08  5.615e-09  3.507e-11 -8.485e-12  2.565e-12  3.883e-12 
  1.101e-02  5.615e-09  2.835e-07  9.773e-10 -9.326e-11  8.384e-11 -1.648e-08 
 -1.409e-04  3.507e-11  9.773e-10  4.773e-11 -2.438e-12  1.478e-12 -1.744e-09 
  2.189e-06 -8.485e-12 -9.326e-11 -2.438e-12  4.973e-13 -7.560e-14  3.145e-11 
 -1.494e-05  2.565e-12  8.384e-11  1.478e-12 -7.560e-14  2.378e-13 -6.471e-11 
 -8.975e-04  3.883e-12 -1.648e-08 -1.744e-09  3.145e-11 -6.471e-11  9.095e-08 
ERR MATRIX APPROXIMATE
 PARAMETER  CORRELATION COEFFICIENTS  
       NO.  GLOBAL      1      3      4     18     19     20     22
        1  0.24410   1.000  0.095  0.058 -0.057  0.009 -0.086 -0.008
        3  0.13028   0.095  1.000  0.064  0.031 -0.073  0.032  0.000
        4  0.45248   0.058  0.064  1.000  0.266 -0.248  0.323 -0.103
       18  0.92693  -0.057  0.031  0.266  1.000 -0.500  0.439 -0.837
       19  0.71307   0.009 -0.073 -0.248 -0.500  1.000 -0.220  0.148
       20  0.54225  -0.086  0.032  0.323  0.439 -0.220  1.000 -0.440
       22  0.90685  -0.008  0.000 -0.103 -0.837  0.148 -0.440  1.000
 ERR MATRIX APPROXIMATE
MINUIT - FIT ONLY 1-CBO + other amplitudes 
 **********
 **   16 **RES 
 **********
                   PARAMETER   14  ANy2 RESTORED TO VARIABLE.
                   PARAMETER    8  phi_CBO RESTORED TO VARIABLE.
                   PARAMETER    7  w_CBO RESTORED TO VARIABLE.
                   PARAMETER    6  A_CBO RESTORED TO VARIABLE.
 **********
 **   17 **FIX            0
 **********
 PARAMETER    0  IS UNDEFINED. IGNORED.
 **********
 **   18 **FIX            1
 **********
 **********
 **   19 **FIX            2
 **********
 PARAMETER    2  IS CONSTANT.   IGNORED.
 **********
 **   20 **FIX            3
 **********
 **********
 **   21 **FIX            4
 **********
 **********
 **   22 **FIX            9
 **********
 PARAMETER    9  IS CONSTANT.   IGNORED.
 **********
 **   23 **FIX           11
 **********
 PARAMETER   11  IS CONSTANT.   IGNORED.
 **********
 **   24 **FIX           12
 **********
 PARAMETER   12  IS CONSTANT.   IGNORED.
 **********
 **   25 **FIX           14
 **********
 **********
 **   26 **FIX           15
 **********
 PARAMETER   15  IS CONSTANT.   IGNORED.
 **********
 **   27 **FIX           16
 **********
 PARAMETER   16  IS CONSTANT.   IGNORED.
 **********
 **   28 **MIGRAD
 **********
 START MIGRAD MINIMIZATION.  STRATEGY  1.  CONVERGENCE WHEN EDM .LT. 1.00e-04
 FCN=4016.33 FROM MIGRAD    STATUS=INITIATE       20 CALLS         206 TOTAL
                     EDM= unknown      STRATEGY= 1      NO ERROR MATRIX       
  EXT PARAMETER               CURRENT GUESS       STEP         FIRST   
  NO.   NAME      VALUE            ERROR          SIZE      DERIVATIVE 
   1  N0           2.79324e+06     fixed    
   2  tau          6.43930e+01   constant   
   3  A0           3.56695e-01     fixed    
   4  phi          4.11826e+00     fixed    
   5  R           -6.11314e+01   constant   
   6  A_CBO        5.34512e-03   1.00000e-05   1.00000e-05   2.00410e+05
   7  w_CBO        2.32608e+00   1.00000e-03   1.00000e-03  -7.63548e+07
   8  phi_CBO      4.28840e+00   1.00000e-04   1.00000e-04   1.10091e+02
   9  ANx2         3.99781e-04   constant   
  10  pNx2         4.45174e+00   constant   
  11  ANy1         0.00000e+00   constant   
  12  pNy1         0.00000e+00   constant   
  13  w_y          0.00000e+00   constant   
  14  ANy2         9.79441e-03     fixed    
  15  pNy2         4.41741e+00   constant   
  16  w_vw         1.43026e+01   constant   
  17  LM          -4.33674e-04   constant   
  18  wCBO_expCoeff   2.00000e+02   6.90848e-06   0.00000e+00  -8.88086e+05
  19  wCBO_expOffset   2.00000e+02   7.05180e-07  -0.00000e+00  -2.16523e+06
  20  wCBO_expT    3.00000e+01   4.87669e-07   0.00000e+00  -1.10253e+07
  21  wCBO_linCoeff   0.00000e+00   constant   
  22  wCBO_const  -4.19251e-04   3.01584e-04  -0.00000e+00  -1.29701e+04
 MIGRAD FAILS TO FIND IMPROVEMENT
 FCN=3620.08 FROM HESSE     STATUS=NOT POSDEF     58 CALLS         320 TOTAL
                     EDM=1981.6    STRATEGY= 1      ERR MATRIX NOT POS-DEF
  EXT PARAMETER                APPROXIMATE        STEP         FIRST   
  NO.   NAME      VALUE            ERROR          SIZE      DERIVATIVE 
   1  N0           2.79324e+06     fixed    
   2  tau          6.43930e+01   constant   
   3  A0           3.56695e-01     fixed    
   4  phi          4.11826e+00     fixed    
   5  R           -6.11314e+01   constant   
   6  A_CBO        1.73091e-03   1.43399e-03   5.15343e-06  -3.14397e+04
   7  w_CBO        2.32608e+00   5.91113e-07   1.10916e-06  -4.03563e+07
   8  phi_CBO      4.17376e+00   5.11510e-01   2.64076e-03   4.20127e+01
   9  ANx2         3.99781e-04   constant   
  10  pNx2         4.45174e+00   constant   
  11  ANy1         0.00000e+00   constant   
  12  pNy1         0.00000e+00   constant   
  13  w_y          0.00000e+00   constant   
  14  ANy2         9.79441e-03     fixed    
  15  pNy2         4.41741e+00   constant   
  16  w_vw         1.43026e+01   constant   
  17  LM          -4.33674e-04   constant   
  18  wCBO_expCoeff   2.00000e+02   5.08259e-05   9.53674e-05  -4.69316e+05
  19  wCBO_expOffset   2.00000e+02   6.04116e-05   9.53675e-05  -2.77465e+06
  20  wCBO_expT    3.00000e+01   4.51210e-06   1.43051e-05   1.18616e+07
  21  wCBO_linCoeff   0.00000e+00   constant   
  22  wCBO_const  -4.78127e-05   1.02656e-03   1.16266e-05  -8.85984e+03
 MIGRAD FAILS TO FIND IMPROVEMENT
 MIGRAD TERMINATED WITHOUT CONVERGENCE.
 FCN=3608.25 FROM MIGRAD    STATUS=FAILED        429 CALLS         615 TOTAL
                     EDM=4.80855    STRATEGY= 1      ERR MATRIX NOT POS-DEF
  EXT PARAMETER                APPROXIMATE        STEP         FIRST   
  NO.   NAME      VALUE            ERROR          SIZE      DERIVATIVE 
   1  N0           2.79324e+06     fixed    
   2  tau          6.43930e+01   constant   
   3  A0           3.56695e-01     fixed    
   4  phi          4.11826e+00     fixed    
   5  R           -6.11314e+01   constant   
   6  A_CBO        2.28534e-03   1.87062e-04   0.00000e+00   1.73896e+03
   7  w_CBO        2.32608e+00   1.20256e-07  -0.00000e+00   1.07712e+07
   8  phi_CBO      4.04222e+00   8.00801e-02  -0.00000e+00  -1.85209e+01
   9  ANx2         3.99781e-04   constant   
  10  pNx2         4.45174e+00   constant   
  11  ANy1         0.00000e+00   constant   
  12  pNy1         0.00000e+00   constant   
  13  w_y          0.00000e+00   constant   
  14  ANy2         9.79441e-03     fixed    
  15  pNy2         4.41741e+00   constant   
  16  w_vw         1.43026e+01   constant   
  17  LM          -4.33674e-04   constant   
  18  wCBO_expCoeff   2.00000e+02   1.03392e-05  -0.00000e+00   1.25258e+05
  19  wCBO_expOffset   2.00000e+02   8.56066e-06  -0.00000e+00   2.76820e+05
  20  wCBO_expT    3.00000e+01   2.15457e-06  -0.00000e+00   1.04000e+06
  21  wCBO_linCoeff   0.00000e+00   constant   
  22  wCBO_const   5.08803e-04   5.12954e-04   0.00000e+00   3.19107e+03
 EXTERNAL ERROR MATRIX.    NDIM=  25    NPAR=  7    ERR DEF=1
  3.499e-08 -1.518e-11 -3.377e-06 -1.305e-09 -1.557e-09 -3.907e-10  7.666e-08 
 -1.518e-11  1.446e-14  4.091e-09  5.421e-13  6.840e-13  1.788e-13 -4.354e-11 
 -3.377e-06  4.091e-09  6.413e-03  3.518e-07  1.809e-07  4.624e-08 -1.664e-06 
 -1.305e-09  5.421e-13  3.518e-07  1.069e-10  5.879e-11  1.537e-11 -3.743e-09 
 -1.557e-09  6.840e-13  1.809e-07  5.879e-11  7.328e-11  1.824e-11 -3.216e-09 
 -3.907e-10  1.788e-13  4.624e-08  1.537e-11  1.824e-11  4.642e-12 -8.317e-10 
  7.666e-08 -4.354e-11 -1.664e-06 -3.743e-09 -3.216e-09 -8.317e-10  2.631e-07 
ERR MATRIX NOT POS-DEF
 PARAMETER  CORRELATION COEFFICIENTS  
       NO.  GLOBAL      6      7      8     18     19     20     22
        6  0.98264   1.000 -0.675 -0.225 -0.675 -0.972 -0.969  0.799
        7  0.92477  -0.675  1.000  0.425  0.436  0.664  0.690 -0.706
        8  0.87040  -0.225  0.425  1.000  0.425  0.264  0.268 -0.041
       18  0.92475  -0.675  0.436  0.425  1.000  0.664  0.690 -0.706
       19  0.99149  -0.972  0.664  0.264  0.664  1.000  0.989 -0.732
       20  0.99189  -0.969  0.690  0.268  0.690  0.989  1.000 -0.753
       22  0.95848   0.799 -0.706 -0.041 -0.706 -0.732 -0.753  1.000
 ERR MATRIX NOT POS-DEF
MINUIT - FIT ONLY 1-CBO
 **********
 **   29 **RES 
 **********
                   PARAMETER   14  ANy2 RESTORED TO VARIABLE.
                   PARAMETER    4  phi RESTORED TO VARIABLE.
                   PARAMETER    3  A0 RESTORED TO VARIABLE.
                   PARAMETER    1  N0 RESTORED TO VARIABLE.
 **********
 **   30 **FIX            0
 **********
 PARAMETER    0  IS UNDEFINED. IGNORED.
 **********
 **   31 **FIX            1
 **********
 **********
 **   32 **FIX            2
 **********
 PARAMETER    2  IS CONSTANT.   IGNORED.
 **********
 **   33 **FIX            3
 **********
 **********
 **   34 **FIX            4
 **********
 **********
 **   35 **FIX            8
 **********
 **********
 **   36 **FIX            9
 **********
 PARAMETER    9  IS CONSTANT.   IGNORED.
 **********
 **   37 **FIX           11
 **********
 PARAMETER   11  IS CONSTANT.   IGNORED.
 **********
 **   38 **FIX           12
 **********
 PARAMETER   12  IS CONSTANT.   IGNORED.
 **********
 **   39 **FIX           13
 **********
 PARAMETER   13  IS CONSTANT.   IGNORED.
 **********
 **   40 **FIX           15
 **********
 PARAMETER   15  IS CONSTANT.   IGNORED.
 **********
 **   41 **FIX           16
 **********
 PARAMETER   16  IS CONSTANT.   IGNORED.
 **********
 **   42 **MIGRAD
 **********
 START MIGRAD MINIMIZATION.  STRATEGY  1.  CONVERGENCE WHEN EDM .LT. 1.00e-04
 FCN=3608.25 FROM MIGRAD    STATUS=INITIATE       16 CALLS         631 TOTAL
                     EDM= unknown      STRATEGY= 1      NO ERROR MATRIX       
  EXT PARAMETER               CURRENT GUESS       STEP         FIRST   
  NO.   NAME      VALUE            ERROR          SIZE      DERIVATIVE 
   1  N0           2.79324e+06     fixed    
   2  tau          6.43930e+01   constant   
   3  A0           3.56695e-01     fixed    
   4  phi          4.11826e+00     fixed    
   5  R           -6.11314e+01   constant   
   6  A_CBO        2.28534e-03   1.87062e-04   0.00000e+00   1.73896e+03
   7  w_CBO        2.32608e+00   1.20256e-07  -0.00000e+00   1.07712e+07
   8  phi_CBO      4.04222e+00     fixed    
   9  ANx2         3.99781e-04   constant   
  10  pNx2         4.45174e+00   constant   
  11  ANy1         0.00000e+00   constant   
  12  pNy1         0.00000e+00   constant   
  13  w_y          0.00000e+00   constant   
  14  ANy2         9.79441e-03   1.00000e-04   1.00000e-04   5.81737e+05
  15  pNy2         4.41741e+00   constant   
  16  w_vw         1.43026e+01   constant   
  17  LM          -4.33674e-04   constant   
  18  wCBO_expCoeff   2.00000e+02   1.03392e-05  -0.00000e+00   1.25258e+05
  19  wCBO_expOffset   2.00000e+02   8.56066e-06  -0.00000e+00   2.76820e+05
  20  wCBO_expT    3.00000e+01   2.15457e-06  -0.00000e+00   1.04000e+06
  21  wCBO_linCoeff   0.00000e+00   constant   
  22  wCBO_const   5.08803e-04   5.12954e-04   0.00000e+00   3.19107e+03
 MIGRAD FAILS TO FIND IMPROVEMENT
 FCN=1015.1 FROM HESSE     STATUS=NOT POSDEF     58 CALLS         753 TOTAL
                     EDM=1675.86    STRATEGY= 1      ERR MATRIX NOT POS-DEF
  EXT PARAMETER                APPROXIMATE        STEP         FIRST   
  NO.   NAME      VALUE            ERROR          SIZE      DERIVATIVE 
   1  N0           2.79324e+06     fixed    
   2  tau          6.43930e+01   constant   
   3  A0           3.56695e-01     fixed    
   4  phi          4.11826e+00     fixed    
   5  R           -6.11314e+01   constant   
   6  A_CBO       -5.11238e-04   1.70061e-03   2.84564e-06   2.89898e+03
   7  w_CBO        2.32608e+00   1.66426e-06   1.10916e-06   2.47683e+07
   8  phi_CBO      4.04222e+00     fixed    
   9  ANx2         3.99781e-04   constant   
  10  pNx2         4.45174e+00   constant   
  11  ANy1         0.00000e+00   constant   
  12  pNy1         0.00000e+00   constant   
  13  w_y          0.00000e+00   constant   
  14  ANy2         6.73474e-04   1.06918e-04   2.67966e-06  -8.59188e+03
  15  pNy2         4.41741e+00   constant   
  16  w_vw         1.43026e+01   constant   
  17  LM          -4.33674e-04   constant   
  18  wCBO_expCoeff   2.00000e+02   1.43105e-04   9.53674e-05   2.88032e+05
  19  wCBO_expOffset   2.00000e+02   1.73044e-04   9.53674e-05  -2.63343e+05
  20  wCBO_expT    3.00000e+01   2.01374e-05   1.43051e-05  -7.08706e+06
  21  wCBO_linCoeff   0.00000e+00   constant   
  22  wCBO_const   2.04288e-03   2.86516e-03   1.11061e-05   6.75810e+03
 MIGRAD FAILS TO FIND IMPROVEMENT
 MIGRAD TERMINATED WITHOUT CONVERGENCE.
 FCN=1015.1 FROM MIGRAD    STATUS=FAILED        149 CALLS         764 TOTAL
                     EDM=1675.86    STRATEGY= 1      ERR MATRIX NOT POS-DEF
  EXT PARAMETER                APPROXIMATE        STEP         FIRST   
  NO.   NAME      VALUE            ERROR          SIZE      DERIVATIVE 
   1  N0           2.79324e+06     fixed    
   2  tau          6.43930e+01   constant   
   3  A0           3.56695e-01     fixed    
   4  phi          4.11826e+00     fixed    
   5  R           -6.11314e+01   constant   
   6  A_CBO       -5.11238e-04   1.70061e-03   0.00000e+00   2.89898e+03
   7  w_CBO        2.32608e+00   1.66426e-06   0.00000e+00   2.47683e+07
   8  phi_CBO      4.04222e+00     fixed    
   9  ANx2         3.99781e-04   constant   
  10  pNx2         4.45174e+00   constant   
  11  ANy1         0.00000e+00   constant   
  12  pNy1         0.00000e+00   constant   
  13  w_y          0.00000e+00   constant   
  14  ANy2         6.73474e-04   1.06918e-04  -0.00000e+00  -8.59188e+03
  15  pNy2         4.41741e+00   constant   
  16  w_vw         1.43026e+01   constant   
  17  LM          -4.33674e-04   constant   
  18  wCBO_expCoeff   2.00000e+02   1.43105e-04   0.00000e+00   2.88032e+05
  19  wCBO_expOffset   2.00000e+02   1.73044e-04   0.00000e+00  -2.63343e+05
  20  wCBO_expT    3.00000e+01   2.01374e-05   0.00000e+00  -7.08706e+06
  21  wCBO_linCoeff   0.00000e+00   constant   
  22  wCBO_const   2.04288e-03   2.86516e-03   0.00000e+00   6.75810e+03
 EXTERNAL ERROR MATRIX.    NDIM=  25    NPAR=  7    ERR DEF=1
  2.892e-06  2.819e-09 -6.461e-08  2.424e-07  2.928e-07  3.414e-08  4.804e-06 
  2.819e-09  2.770e-12 -6.265e-11  2.370e-10  2.864e-10  3.337e-11  4.686e-09 
 -6.461e-08 -6.265e-11  1.143e-08 -5.387e-09 -6.454e-09 -7.619e-10 -1.070e-07 
  2.424e-07  2.370e-10 -5.387e-09  2.048e-08  2.463e-08  2.870e-09  4.029e-07 
  2.928e-07  2.864e-10 -6.454e-09  2.463e-08  2.994e-08  3.465e-09  4.895e-07 
  3.414e-08  3.337e-11 -7.619e-10  2.870e-09  3.465e-09  4.055e-10  5.680e-08 
  4.804e-06  4.686e-09 -1.070e-07  4.029e-07  4.895e-07  5.680e-08  8.209e-06 
ERR MATRIX NOT POS-DEF
 PARAMETER  CORRELATION COEFFICIENTS  
       NO.  GLOBAL      6      7     14     18     19     20     22
        6  0.99808   1.000  0.996 -0.355  0.996  0.995  0.997  0.986
        7  0.99711   0.996  1.000 -0.352  0.995  0.995  0.996  0.983
       14  0.35892  -0.355 -0.352  1.000 -0.352 -0.349 -0.354 -0.349
       18  0.99711   0.996  0.995 -0.352  1.000  0.995  0.996  0.983
       19  0.99677   0.995  0.995 -0.349  0.995  1.000  0.994  0.987
       20  0.99769   0.997  0.996 -0.354  0.996  0.994  1.000  0.984
       22  0.98826   0.986  0.983 -0.349  0.983  0.987  0.984  1.000
 ERR MATRIX NOT POS-DEF
MINUIT - FIT ONLY 2-CBO
 **********
 **   43 **RES 
 **********
                   PARAMETER    8  phi_CBO RESTORED TO VARIABLE.
                   PARAMETER    4  phi RESTORED TO VARIABLE.
                   PARAMETER    3  A0 RESTORED TO VARIABLE.
                   PARAMETER    1  N0 RESTORED TO VARIABLE.
 **********
 **   44 **FIX            0
 **********
 PARAMETER    0  IS UNDEFINED. IGNORED.
 **********
 **   45 **FIX            1
 **********
 **********
 **   46 **FIX            2
 **********
 PARAMETER    2  IS CONSTANT.   IGNORED.
 **********
 **   47 **FIX            3
 **********
 **********
 **   48 **FIX            4
 **********
 **********
 **   49 **FIX            5
 **********
 PARAMETER    5  IS CONSTANT.   IGNORED.
 **********
 **   50 **FIX            6
 **********
 **********
 **   51 **FIX            7
 **********
 **********
 **   52 **FIX           10
 **********
 PARAMETER   10  IS CONSTANT.   IGNORED.
 **********
 **   53 **FIX           11
 **********
 PARAMETER   11  IS CONSTANT.   IGNORED.
 **********
 **   54 **FIX           12
 **********
 PARAMETER   12  IS CONSTANT.   IGNORED.
 **********
 **   55 **FIX           13
 **********
 PARAMETER   13  IS CONSTANT.   IGNORED.
 **********
 **   56 **FIX           14
 **********
 **********
 **   57 **FIX           15
 **********
 PARAMETER   15  IS CONSTANT.   IGNORED.
 **********
 **   58 **FIX           16
 **********
 PARAMETER   16  IS CONSTANT.   IGNORED.
 **********
 **   59 **MIGRAD
 **********
 START MIGRAD MINIMIZATION.  STRATEGY  1.  CONVERGENCE WHEN EDM .LT. 1.00e-04
 FCN=1015.1 FROM MIGRAD    STATUS=INITIATE       12 CALLS         776 TOTAL
                     EDM= unknown      STRATEGY= 1      NO ERROR MATRIX       
  EXT PARAMETER               CURRENT GUESS       STEP         FIRST   
  NO.   NAME      VALUE            ERROR          SIZE      DERIVATIVE 
   1  N0           2.79324e+06     fixed    
   2  tau          6.43930e+01   constant   
   3  A0           3.56695e-01     fixed    
   4  phi          4.11826e+00     fixed    
   5  R           -6.11314e+01   constant   
   6  A_CBO       -5.11238e-04     fixed    
   7  w_CBO        2.32608e+00     fixed    
   8  phi_CBO      4.04222e+00   8.00801e-02   8.00801e-02  -2.15690e+01
   9  ANx2         3.99781e-04   constant   
  10  pNx2         4.45174e+00   constant   
  11  ANy1         0.00000e+00   constant   
  12  pNy1         0.00000e+00   constant   
  13  w_y          0.00000e+00   constant   
  14  ANy2         6.73474e-04     fixed    
  15  pNy2         4.41741e+00   constant   
  16  w_vw         1.43026e+01   constant   
  17  LM          -4.33674e-04   constant   
  18  wCBO_expCoeff   2.00000e+02   1.43105e-04   0.00000e+00   2.27656e+05
  19  wCBO_expOffset   2.00000e+02   1.73044e-04   0.00000e+00  -1.25167e+05
  20  wCBO_expT    3.00000e+01   2.01374e-05   0.00000e+00   1.07222e+06
  21  wCBO_linCoeff   0.00000e+00   constant   
  22  wCBO_const   2.04288e-03   2.86516e-03   0.00000e+00   6.75808e+03
 MIGRAD FAILS TO FIND IMPROVEMENT
 FCN=1015.1 FROM HESSE     STATUS=NOT POSDEF     37 CALLS         824 TOTAL
                     EDM=2401.35    STRATEGY= 1      ERR MATRIX NOT POS-DEF
  EXT PARAMETER                APPROXIMATE        STEP         FIRST   
  NO.   NAME      VALUE            ERROR          SIZE      DERIVATIVE 
   1  N0           2.79324e+06     fixed    
   2  tau          6.43930e+01   constant   
   3  A0           3.56695e-01     fixed    
   4  phi          4.11826e+00     fixed    
   5  R           -6.11314e+01   constant   
   6  A_CBO       -5.11238e-04     fixed    
   7  w_CBO        2.32608e+00     fixed    
   8  phi_CBO      4.04222e+00   2.22759e+00   4.82913e-03  -2.15691e+01
   9  ANx2         3.99781e-04   constant   
  10  pNx2         4.45174e+00   constant   
  11  ANy1         0.00000e+00   constant   
  12  pNy1         0.00000e+00   constant   
  13  w_y          0.00000e+00   constant   
  14  ANy2         6.73474e-04     fixed    
  15  pNy2         4.41741e+00   constant   
  16  w_vw         1.43026e+01   constant   
  17  LM          -4.33674e-04   constant   
  18  wCBO_expCoeff   2.00000e+02   1.38856e-04   9.53674e-05   2.88032e+05
  19  wCBO_expOffset   2.00000e+02   2.58988e-04   9.53674e-05  -2.63343e+05
  20  wCBO_expT    3.00000e+01   2.01489e-05   1.43051e-05  -7.08706e+06
  21  wCBO_linCoeff   0.00000e+00   constant   
  22  wCBO_const   2.04288e-03   3.83382e-03   1.17563e-05   6.75810e+03
 MIGRAD FAILS TO FIND IMPROVEMENT
 MIGRAD TERMINATED WITHOUT CONVERGENCE.
 FCN=979.06 FROM MIGRAD    STATUS=FAILED        184 CALLS         948 TOTAL
                     EDM=45.4356    STRATEGY= 1      ERR MATRIX NOT POS-DEF
  EXT PARAMETER                APPROXIMATE        STEP         FIRST   
  NO.   NAME      VALUE            ERROR          SIZE      DERIVATIVE 
   1  N0           2.79324e+06     fixed    
   2  tau          6.43930e+01   constant   
   3  A0           3.56695e-01     fixed    
   4  phi          4.11826e+00     fixed    
   5  R           -6.11314e+01   constant   
   6  A_CBO       -5.11238e-04     fixed    
   7  w_CBO        2.32608e+00     fixed    
   8  phi_CBO     -8.64521e+01   4.29569e-01   0.00000e+00  -2.13557e+00
   9  ANx2         3.99781e-04   constant   
  10  pNx2         4.45174e+00   constant   
  11  ANy1         0.00000e+00   constant   
  12  pNy1         0.00000e+00   constant   
  13  w_y          0.00000e+00   constant   
  14  ANy2         6.73474e-04     fixed    
  15  pNy2         4.41741e+00   constant   
  16  w_vw         1.43026e+01   constant   
  17  LM          -4.33674e-04   constant   
  18  wCBO_expCoeff   2.00006e+02   1.50175e-05  -0.00000e+00  -1.78929e+04
  19  wCBO_expOffset   2.00011e+02   3.45063e-05  -0.00000e+00   1.41994e+05
  20  wCBO_expT    3.00008e+01   3.75700e-06  -0.00000e+00   5.81431e+05
  21  wCBO_linCoeff   0.00000e+00   constant   
  22  wCBO_const   1.55804e-01   6.71087e-04   0.00000e+00  -9.68430e+02
 EXTERNAL ERROR MATRIX.    NDIM=  25    NPAR=  5    ERR DEF=1
  1.845e-01 -2.498e-06 -1.078e-05 -1.288e-06  2.372e-04 
 -2.498e-06  2.255e-10  1.852e-10  3.041e-11 -8.322e-09 
 -1.078e-05  1.852e-10  1.191e-09  9.901e-11 -1.538e-08 
 -1.288e-06  3.041e-11  9.901e-11  1.412e-11 -1.849e-09 
  2.372e-04 -8.322e-09 -1.538e-08 -1.849e-09  4.504e-07 
ERR MATRIX NOT POS-DEF
 PARAMETER  CORRELATION COEFFICIENTS  
       NO.  GLOBAL      8     18     19     20     22
        8  0.99907   1.000 -0.387 -0.727 -0.798  0.823
       18  0.99899  -0.387  1.000  0.357  0.539 -0.826
       19  0.98013  -0.727  0.357  1.000  0.764 -0.664
       20  0.99450  -0.798  0.539  0.764  1.000 -0.734
       22  0.99956   0.823 -0.826 -0.664 -0.734  1.000
 ERR MATRIX NOT POS-DEF
MINUIT - FIT ONLY 1-y
 **********
 **   60 **RES 
 **********
                   PARAMETER   14  ANy2 RESTORED TO VARIABLE.
                   PARAMETER    7  w_CBO RESTORED TO VARIABLE.
                   PARAMETER    6  A_CBO RESTORED TO VARIABLE.
                   PARAMETER    4  phi RESTORED TO VARIABLE.
                   PARAMETER    3  A0 RESTORED TO VARIABLE.
                   PARAMETER    1  N0 RESTORED TO VARIABLE.
 **********
 **   61 **FIX            0
 **********
 PARAMETER    0  IS UNDEFINED. IGNORED.
 **********
 **   62 **FIX            1
 **********
 **********
 **   63 **FIX            2
 **********
 PARAMETER    2  IS CONSTANT.   IGNORED.
 **********
 **   64 **FIX            3
 **********
 **********
 **   65 **FIX            4
 **********
 **********
 **   66 **FIX            5
 **********
 PARAMETER    5  IS CONSTANT.   IGNORED.
 **********
 **   67 **FIX            6
 **********
 **********
 **   68 **FIX            7
 **********
 **********
 **   69 **FIX            8
 **********
 **********
 **   70 **FIX            9
 **********
 PARAMETER    9  IS CONSTANT.   IGNORED.
 **********
 **   71 **FIX           13
 **********
 PARAMETER   13  IS CONSTANT.   IGNORED.
 **********
 **   72 **FIX           14
 **********
 **********
 **   73 **FIX           15
 **********
 PARAMETER   15  IS CONSTANT.   IGNORED.
 **********
 **   74 **FIX           16
 **********
 PARAMETER   16  IS CONSTANT.   IGNORED.
 **********
 **   75 **MIGRAD
 **********
 START MIGRAD MINIMIZATION.  STRATEGY  1.  CONVERGENCE WHEN EDM .LT. 1.00e-04
 FCN=979.06 FROM MIGRAD    STATUS=INITIATE        8 CALLS         956 TOTAL
                     EDM= unknown      STRATEGY= 1      NO ERROR MATRIX       
  EXT PARAMETER               CURRENT GUESS       STEP         FIRST   
  NO.   NAME      VALUE            ERROR          SIZE      DERIVATIVE 
   1  N0           2.79324e+06     fixed    
   2  tau          6.43930e+01   constant   
   3  A0           3.56695e-01     fixed    
   4  phi          4.11826e+00     fixed    
   5  R           -6.11314e+01   constant   
   6  A_CBO       -5.11238e-04     fixed    
   7  w_CBO        2.32608e+00     fixed    
   8  phi_CBO     -8.64521e+01     fixed    
   9  ANx2         3.99781e-04   constant   
  10  pNx2         4.45174e+00   constant   
  11  ANy1         0.00000e+00   constant   
  12  pNy1         0.00000e+00   constant   
  13  w_y          0.00000e+00   constant   
  14  ANy2         6.73474e-04     fixed    
  15  pNy2         4.41741e+00   constant   
  16  w_vw         1.43026e+01   constant   
  17  LM          -4.33674e-04   constant   
  18  wCBO_expCoeff   2.00006e+02   1.50175e-05  -0.00000e+00  -1.78929e+04
  19  wCBO_expOffset   2.00011e+02   3.45063e-05  -0.00000e+00   1.41994e+05
  20  wCBO_expT    3.00008e+01   3.75700e-06  -0.00000e+00   5.81431e+05
  21  wCBO_linCoeff   0.00000e+00   constant   
  22  wCBO_const   1.55804e-01   6.71087e-04   0.00000e+00  -9.68430e+02
 MIGRAD FAILS TO FIND IMPROVEMENT
 COVARIANCE MATRIX CALCULATED SUCCESSFULLY
 FCN=979.06 FROM HESSE     STATUS=OK             29 CALLS         993 TOTAL
                     EDM=1.9772    STRATEGY= 1      ERROR MATRIX ACCURATE 
  EXT PARAMETER                                   STEP         FIRST   
  NO.   NAME      VALUE            ERROR          SIZE      DERIVATIVE 
   1  N0           2.79324e+06     fixed    
   2  tau          6.43930e+01   constant   
   3  A0           3.56695e-01     fixed    
   4  phi          4.11826e+00     fixed    
   5  R           -6.11314e+01   constant   
   6  A_CBO       -5.11238e-04     fixed    
   7  w_CBO        2.32608e+00     fixed    
   8  phi_CBO     -8.64521e+01     fixed    
   9  ANx2         3.99781e-04   constant   
  10  pNx2         4.45174e+00   constant   
  11  ANy1         0.00000e+00   constant   
  12  pNy1         0.00000e+00   constant   
  13  w_y          0.00000e+00   constant   
  14  ANy2         6.73474e-04     fixed    
  15  pNy2         4.41741e+00   constant   
  16  w_vw         1.43026e+01   constant   
  17  LM          -4.33674e-04   constant   
  18  wCBO_expCoeff   2.00006e+02   3.75961e-05   9.53701e-05  -9.32511e+03
  19  wCBO_expOffset   2.00011e+02   4.60620e-05   9.53725e-05  -8.65877e+04
  20  wCBO_expT    3.00008e+01   4.11287e-06   1.43055e-05   1.91400e+05
  21  wCBO_linCoeff   0.00000e+00   constant   
  22  wCBO_const   1.55804e-01   1.15546e-03   8.18979e-06  -9.68430e+02
 MIGRAD FAILS TO FIND IMPROVEMENT
 MIGRAD TERMINATED WITHOUT CONVERGENCE.
 FCN=979.059 FROM MIGRAD    STATUS=FAILED         79 CALLS        1027 TOTAL
                     EDM=0.383871    STRATEGY= 1  ERROR MATRIX UNCERTAINTY  36.8 per cent
  EXT PARAMETER                APPROXIMATE        STEP         FIRST   
  NO.   NAME      VALUE            ERROR          SIZE      DERIVATIVE 
   1  N0           2.79324e+06     fixed    
   2  tau          6.43930e+01   constant   
   3  A0           3.56695e-01     fixed    
   4  phi          4.11826e+00     fixed    
   5  R           -6.11314e+01   constant   
   6  A_CBO       -5.11238e-04     fixed    
   7  w_CBO        2.32608e+00     fixed    
   8  phi_CBO     -8.64521e+01     fixed    
   9  ANx2         3.99781e-04   constant   
  10  pNx2         4.45174e+00   constant   
  11  ANy1         0.00000e+00   constant   
  12  pNy1         0.00000e+00   constant   
  13  w_y          0.00000e+00   constant   
  14  ANy2         6.73474e-04     fixed    
  15  pNy2         4.41741e+00   constant   
  16  w_vw         1.43026e+01   constant   
  17  LM          -4.33674e-04   constant   
  18  wCBO_expCoeff   2.00006e+02   1.81886e-05  -0.00000e+00  -1.48337e+04
  19  wCBO_expOffset   2.00011e+02   2.98440e-06   0.00000e+00   1.42353e+05
  20  wCBO_expT    3.00008e+01   1.91415e-06  -0.00000e+00   5.75065e+05
  21  wCBO_linCoeff   0.00000e+00   constant   
  22  wCBO_const   1.55805e-01   5.62395e-04   0.00000e+00  -8.62125e+02
 EXTERNAL ERROR MATRIX.    NDIM=  25    NPAR=  4    ERR DEF=1
  3.308e-10 -1.732e-11  1.791e-11 -9.634e-09 
 -1.732e-11  8.907e-12 -5.477e-12  3.431e-10 
  1.791e-11 -5.477e-12  3.664e-12 -4.359e-10 
 -9.634e-09  3.431e-10 -4.359e-10  3.163e-07 
ERR MATRIX APPROXIMATE
 PARAMETER  CORRELATION COEFFICIENTS  
       NO.  GLOBAL     18     19     20     22
       18  0.95514   1.000 -0.319  0.514 -0.942
       19  0.98054  -0.319  1.000 -0.959  0.204
       20  0.98383   0.514 -0.959  1.000 -0.405
       22  0.94769  -0.942  0.204 -0.405  1.000
 ERR MATRIX APPROXIMATE
MINUIT - FIT ONLY 2-y
 **********
 **   76 **RES 
 **********
                   PARAMETER   14  ANy2 RESTORED TO VARIABLE.
                   PARAMETER    8  phi_CBO RESTORED TO VARIABLE.
                   PARAMETER    7  w_CBO RESTORED TO VARIABLE.
                   PARAMETER    6  A_CBO RESTORED TO VARIABLE.
                   PARAMETER    4  phi RESTORED TO VARIABLE.
                   PARAMETER    3  A0 RESTORED TO VARIABLE.
