 + ++++++++++++++++++++++++++++++++++++++++++++++++++++++++++++++++++++ +
 +                                                                      +
 +           You have chose to blind your fitting according to          +
 +                omega_ref * (1 + (R +/- deltaR) *10^{-6})             +
 +                                                                      +
 + ++++++++++++++++++++++++++++++++++++++++++++++++++++++++++++++++++++ +
In main()...
reading format from /gm2data/zkhechad/run45/envelope/formats/formatB_sBin_constraintOn.txt
pBinTau 	= 0  
pBinPhi 	= 0  
constraintau 	= 1 
includeMopTerm 	= 0    
constrainMop    = 0   
Parameters after format file: pBinTau 0 pBinPhi 0 constraintau 1 includeMopTerm 0 constrainMop 0 c_e_scale 0.000000 
reading cbo reference file (full fit) from /gm2data/zkhechad/cboTemplates/Run4CBOTemplates/fullFits/run4/sBin_constraintOn_cE0.0_seed0_run4_calo11.root
A_CBO 0.010027 w_CBO 2.327222 phi_CBO 0.184420 N0 3062002.636939 R -61.179583 tau 64.395304 
Reading cboRef file /gm2data/zkhechad/cboTemplates/Run4CBOTemplates//cboIsolate/run4_calo11.root
deltaT 164.120000
windowBins = 1100
fitting sliding window 1780 from bin 1983 at 295.863600 to bin 3083 at 459.983600 (1100 bins)

Reading data from /gm2data/cornell/histograms/aMethod/histogram_a_run4.root
fitting cbo isolate
 **********
 **    1 **SET PRINTOUT            1
 **********
 **********
 **    2 **SET NOWARNINGS 
 **********
 PARAMETER DEFINITIONS:
    NO.   NAME         VALUE      STEP SIZE      LIMITS
     1 A_CBO        1.00270e-02  1.00000e-05     no limits
     2 w_CBO        2.32722e+00  1.00000e-02    2.00000e+00  3.00000e+00
     3 phi_CBO      1.84420e-01  1.00000e-02    0.00000e+00  6.28319e+00
 **********
 **    3 **MIGRAD
 **********
 FIRST CALL TO USER FUNCTION AT NEW START POINT, WITH IFLAG=4.
 START MIGRAD MINIMIZATION.  STRATEGY  1.  CONVERGENCE WHEN EDM .LT. 1.00e-04
 FCN=0.0987789 FROM MIGRAD    STATUS=INITIATE       12 CALLS          13 TOTAL
                     EDM= unknown      STRATEGY= 1      NO ERROR MATRIX       
  EXT PARAMETER               CURRENT GUESS       STEP         FIRST   
  NO.   NAME      VALUE            ERROR          SIZE      DERIVATIVE 
   1  A_CBO        1.00270e-02   1.00000e-05   1.00000e-05   8.82754e+00
   2  w_CBO        2.32722e+00   1.00000e-02   2.13152e-02  -2.13897e-01
   3  phi_CBO      1.84420e-01   1.00000e-02   9.43260e-03   1.11325e-03
 MIGRAD MINIMIZATION HAS CONVERGED.
 MIGRAD WILL VERIFY CONVERGENCE AND ERROR MATRIX.
 FCN=0.0633001 FROM HESSE     STATUS=NOT POSDEF     16 CALLS          42 TOTAL
                     EDM=0.000153147    STRATEGY= 1      ERR MATRIX NOT POS-DEF
  EXT PARAMETER                APPROXIMATE        STEP         FIRST   
  NO.   NAME      VALUE            ERROR          SIZE      DERIVATIVE 
   1  A_CBO        1.98837e-03   4.02035e-02   2.14925e-05   5.22053e-04
   2  w_CBO        2.32738e+00   5.98723e-01   6.44121e-05   3.61612e-02
   3  phi_CBO      1.44405e-01   3.20247e+00   1.28348e-02  -2.43652e-04
 MIGRAD MINIMIZATION HAS CONVERGED.
 MIGRAD WILL VERIFY CONVERGENCE AND ERROR MATRIX.
 COVARIANCE MATRIX CALCULATED SUCCESSFULLY
 FCN=0.0632745 FROM MIGRAD    STATUS=CONVERGED     116 CALLS         117 TOTAL
                     EDM=2.77227e-07    STRATEGY= 1      ERROR MATRIX ACCURATE 
  EXT PARAMETER                                   STEP         FIRST   
  NO.   NAME      VALUE            ERROR          SIZE      DERIVATIVE 
   1  A_CBO        2.00987e-03   4.31244e-02   2.14902e-05   1.15205e-02
   2  w_CBO        2.32971e+00   6.35097e-01   6.36420e-05   2.52704e-03
   3  phi_CBO      1.02756e+00   5.01054e+00   4.72430e-03  -3.79104e-05
 EXTERNAL ERROR MATRIX.    NDIM=  25    NPAR=  3    ERR DEF=1
  1.860e-03 -4.973e-03 -1.780e+00 
 -4.973e-03  6.509e-01  2.326e+02 
 -1.780e+00  2.326e+02  8.355e+04 
 PARAMETER  CORRELATION COEFFICIENTS  
       NO.  GLOBAL      1      2      3
        1  0.14297   1.000 -0.143 -0.143
        2  0.99728  -0.143  1.000  0.997
        3  0.99728  -0.143  0.997  1.000
setting A_CBO=0.002010 w_CBO=2.329711, phi_CBO=1.027558
done fitting cbo isolate
 **********
 **    1 **SET PRINTOUT            1
 **********
 **********
 **    2 **SET NOWARNINGS 
 **********
 PARAMETER DEFINITIONS:
    NO.   NAME         VALUE      STEP SIZE      LIMITS
     1 N0           3.06200e+06  1.00000e+02     no limits
     2 tau          6.43953e+01  constant
     3 A0           3.42893e-01  1.00000e-04     no limits
     4 phi          4.11802e+00  1.00000e-02     no limits
     5 R           -6.11796e+01  constant
     6 A_CBO        2.00987e-03  1.00000e-05     no limits
     7 w_CBO        2.32971e+00  1.00000e-03     no limits
     8 phi_CBO      1.02756e+00  1.00000e-04     no limits
     9 ANx2         4.90616e-04  constant
    10 pNx2         2.30674e+00  constant
    11 ANy1         0.00000e+00  constant
    12 pNy1         0.00000e+00  constant
    13 w_y          0.00000e+00  constant
    14 ANy2         9.23997e-03  1.00000e-04     no limits
    15 pNy2         3.41148e-01  constant
    16 w_vw         1.43130e+01  constant
    17 LM          -3.45991e-04  constant
    18 wCBO_expCoeff   2.00000e+02  1.00000e+00     no limits
    19 wCBO_expOffset   2.00000e+02  1.00000e+00     no limits
    20 wCBO_expT    3.00000e+01  1.00000e+00     no limits
    21 wCBO_linCoeff   0.00000e+00  constant
    22 wCBO_const   0.00000e+00  1.00000e-02     no limits
MINUIT - FIT ONLY WIGGLE
 **********
 **    3 **FIX            5
 **********
 PARAMETER    5  IS CONSTANT.   IGNORED.
 **********
 **    4 **FIX            6
 **********
 **********
 **    5 **FIX            7
 **********
 **********
 **    6 **FIX            8
 **********
 **********
 **    7 **FIX            9
 **********
 PARAMETER    9  IS CONSTANT.   IGNORED.
 **********
 **    8 **FIX           10
 **********
 PARAMETER   10  IS CONSTANT.   IGNORED.
 **********
 **    9 **FIX           11
 **********
 PARAMETER   11  IS CONSTANT.   IGNORED.
 **********
 **   10 **FIX           12
 **********
 PARAMETER   12  IS CONSTANT.   IGNORED.
 **********
 **   11 **FIX           13
 **********
 PARAMETER   13  IS CONSTANT.   IGNORED.
 **********
 **   12 **FIX           14
 **********
 **********
 **   13 **FIX           15
 **********
 PARAMETER   15  IS CONSTANT.   IGNORED.
 **********
 **   14 **FIX           16
 **********
 PARAMETER   16  IS CONSTANT.   IGNORED.
 **********
 **   15 **MIGRAD
 **********
 FIRST CALL TO USER FUNCTION AT NEW START POINT, WITH IFLAG=4.
 START MIGRAD MINIMIZATION.  STRATEGY  1.  CONVERGENCE WHEN EDM .LT. 1.00e-04
 FCN=739.122 FROM MIGRAD    STATUS=INITIATE       32 CALLS          33 TOTAL
                     EDM= unknown      STRATEGY= 1      NO ERROR MATRIX       
  EXT PARAMETER               CURRENT GUESS       STEP         FIRST   
  NO.   NAME      VALUE            ERROR          SIZE      DERIVATIVE 
   1  N0           3.06200e+06   1.00000e+02   1.00000e+02  -5.68183e-04
   2  tau          6.43953e+01   constant   
   3  A0           3.42893e-01   1.00000e-04   1.00000e-04   4.12720e+03
   4  phi          4.11802e+00   1.00000e-02   1.00000e-02  -1.74201e+02
   5  R           -6.11796e+01   constant   
   6  A_CBO        2.00987e-03     fixed    
   7  w_CBO        2.32971e+00     fixed    
   8  phi_CBO      1.02756e+00     fixed    
   9  ANx2         4.90616e-04   constant   
  10  pNx2         2.30674e+00   constant   
  11  ANy1         0.00000e+00   constant   
  12  pNy1         0.00000e+00   constant   
  13  w_y          0.00000e+00   constant   
  14  ANy2         9.23997e-03     fixed    
  15  pNy2         3.41148e-01   constant   
  16  w_vw         1.43130e+01   constant   
  17  LM          -3.45991e-04   constant   
  18  wCBO_expCoeff   2.00000e+02   1.00000e+00   1.00000e+00   1.33507e+02
  19  wCBO_expOffset   2.00000e+02   1.00000e+00   1.00000e+00   8.90101e+02
  20  wCBO_expT    3.00000e+01   1.00000e+00   1.00000e+00   3.20611e+03
  21  wCBO_linCoeff   0.00000e+00   constant   
  22  wCBO_const   0.00000e+00   1.00000e-02   1.00000e-02   7.21249e+03
 MIGRAD MINIMIZATION HAS CONVERGED.
 FCN=728.489 FROM MIGRAD    STATUS=CONVERGED     220 CALLS         221 TOTAL
                     EDM=5.47975e-08    STRATEGY= 1  ERROR MATRIX UNCERTAINTY   1.1 per cent
  EXT PARAMETER                                   STEP         FIRST   
  NO.   NAME      VALUE            ERROR          SIZE      DERIVATIVE 
   1  N0           3.06236e+06   1.03616e+03  -3.12021e+00   2.10011e-07
   2  tau          6.43953e+01   constant   
   3  A0           3.42536e-01   4.56823e-04  -2.07202e-07  -4.57187e-01
   4  phi          4.11798e+00   1.37498e-03  -9.61057e-07  -6.89196e-02
   5  R           -6.11796e+01   constant   
   6  A_CBO        2.00987e-03     fixed    
   7  w_CBO        2.32971e+00     fixed    
   8  phi_CBO      1.02756e+00     fixed    
   9  ANx2         4.90616e-04   constant   
  10  pNx2         2.30674e+00   constant   
  11  ANy1         0.00000e+00   constant   
  12  pNy1         0.00000e+00   constant   
  13  w_y          0.00000e+00   constant   
  14  ANy2         9.23997e-03     fixed    
  15  pNy2         3.41148e-01   constant   
  16  w_vw         1.43130e+01   constant   
  17  LM          -3.45991e-04   constant   
  18  wCBO_expCoeff   1.99615e+02   1.72021e-01  -2.12907e-04   1.36690e-02
  19  wCBO_expOffset   1.99942e+02   2.57068e-02  -3.20103e-05   1.07845e-01
  20  wCBO_expT    3.00327e+01   1.65659e-02   1.96960e-05   3.57353e-01
  21  wCBO_linCoeff   0.00000e+00   constant   
  22  wCBO_const  -2.25342e-03   1.50753e-03  -9.18691e-07   7.81731e-01
 EXTERNAL ERROR MATRIX.    NDIM=  25    NPAR=  7    ERR DEF=1
  1.074e+06  4.165e-03 -1.904e-02 -2.179e+01 -3.200e+00  2.165e+00 -1.745e-01 
  4.165e-03  2.087e-07 -3.275e-09  8.984e-06  1.346e-06 -8.697e-07  6.005e-08 
 -1.904e-02 -3.275e-09  1.891e-06 -1.989e-05 -2.957e-06  1.757e-06 -4.472e-08 
 -2.179e+01  8.984e-06 -1.989e-05  2.959e-02  4.242e-03 -2.808e-03  2.121e-04 
 -3.200e+00  1.346e-06 -2.957e-06  4.242e-03  6.608e-04 -4.196e-04  3.168e-05 
  2.165e+00 -8.697e-07  1.757e-06 -2.808e-03 -4.196e-04  2.744e-04 -2.170e-05 
 -1.745e-01  6.005e-08 -4.472e-08  2.121e-04  3.168e-05 -2.170e-05  2.273e-06 
 PARAMETER  CORRELATION COEFFICIENTS  
       NO.  GLOBAL      1      3      4     18     19     20     22
        1  0.14134   1.000  0.009 -0.013 -0.122 -0.120  0.126 -0.112
        3  0.12130   0.009  1.000 -0.005  0.114  0.115 -0.115  0.087
        4  0.12292  -0.013 -0.005  1.000 -0.084 -0.084  0.077 -0.022
       18  0.99536  -0.122  0.114 -0.084  1.000  0.959 -0.985  0.818
       19  0.99531  -0.120  0.115 -0.084  0.959  1.000 -0.985  0.817
       20  0.99897   0.126 -0.115  0.077 -0.985 -0.985  1.000 -0.869
       22  0.96254  -0.112  0.087 -0.022  0.818  0.817 -0.869  1.000
MINUIT - FIT ONLY 1-CBO + other amplitudes 
 **********
 **   16 **RES 
 **********
                   PARAMETER   14  ANy2 RESTORED TO VARIABLE.
                   PARAMETER    8  phi_CBO RESTORED TO VARIABLE.
                   PARAMETER    7  w_CBO RESTORED TO VARIABLE.
                   PARAMETER    6  A_CBO RESTORED TO VARIABLE.
 **********
 **   17 **FIX            0
 **********
 PARAMETER    0  IS UNDEFINED. IGNORED.
 **********
 **   18 **FIX            1
 **********
 **********
 **   19 **FIX            2
 **********
 PARAMETER    2  IS CONSTANT.   IGNORED.
 **********
 **   20 **FIX            3
 **********
 **********
 **   21 **FIX            4
 **********
 **********
 **   22 **FIX            9
 **********
 PARAMETER    9  IS CONSTANT.   IGNORED.
 **********
 **   23 **FIX           11
 **********
 PARAMETER   11  IS CONSTANT.   IGNORED.
 **********
 **   24 **FIX           12
 **********
 PARAMETER   12  IS CONSTANT.   IGNORED.
 **********
 **   25 **FIX           14
 **********
 **********
 **   26 **FIX           15
 **********
 PARAMETER   15  IS CONSTANT.   IGNORED.
 **********
 **   27 **FIX           16
 **********
 PARAMETER   16  IS CONSTANT.   IGNORED.
 **********
 **   28 **MIGRAD
 **********
 START MIGRAD MINIMIZATION.  STRATEGY  1.  CONVERGENCE WHEN EDM .LT. 1.00e-04
 FCN=728.489 FROM MIGRAD    STATUS=INITIATE       20 CALLS         241 TOTAL
                     EDM= unknown      STRATEGY= 1      NO ERROR MATRIX       
  EXT PARAMETER               CURRENT GUESS       STEP         FIRST   
  NO.   NAME      VALUE            ERROR          SIZE      DERIVATIVE 
   1  N0           3.06236e+06     fixed    
   2  tau          6.43953e+01   constant   
   3  A0           3.42536e-01     fixed    
   4  phi          4.11798e+00     fixed    
   5  R           -6.11796e+01   constant   
   6  A_CBO        2.00987e-03   1.00000e-05   1.00000e-05   1.06589e+04
   7  w_CBO        2.32971e+00   1.00000e-03   1.00000e-03   1.49936e+00
   8  phi_CBO      1.02756e+00   1.00000e-04   1.00000e-04  -2.62823e+00
   9  ANx2         4.90616e-04   constant   
  10  pNx2         2.30674e+00   constant   
  11  ANy1         0.00000e+00   constant   
  12  pNy1         0.00000e+00   constant   
  13  w_y          0.00000e+00   constant   
  14  ANy2         9.23997e-03     fixed    
  15  pNy2         3.41148e-01   constant   
  16  w_vw         1.43130e+01   constant   
  17  LM          -3.45991e-04   constant   
  18  wCBO_expCoeff   1.99615e+02   1.72021e-01  -2.12907e-04   1.36690e-02
  19  wCBO_expOffset   1.99942e+02   2.57068e-02  -3.20103e-05   1.07845e-01
  20  wCBO_expT    3.00327e+01   1.65659e-02   1.96960e-05   3.57353e-01
  21  wCBO_linCoeff   0.00000e+00   constant   
  22  wCBO_const  -2.25342e-03   1.50753e-03  -9.18691e-07   7.81726e-01
 MIGRAD MINIMIZATION HAS CONVERGED.
 MIGRAD WILL VERIFY CONVERGENCE AND ERROR MATRIX.
 FCN=718.337 FROM MIGRAD    STATUS=CONVERGED     289 CALLS         510 TOTAL
                     EDM=4.20749e-07    STRATEGY= 1      ERR MATRIX NOT POS-DEF
  EXT PARAMETER                APPROXIMATE        STEP         FIRST   
  NO.   NAME      VALUE            ERROR          SIZE      DERIVATIVE 
   1  N0           3.06236e+06     fixed    
   2  tau          6.43953e+01   constant   
   3  A0           3.42536e-01     fixed    
   4  phi          4.11798e+00     fixed    
   5  R           -6.11796e+01   constant   
   6  A_CBO        8.68674e-04   4.79127e-04   6.19884e-06   2.07770e-02
   7  w_CBO        2.32736e+00   1.93156e-03   2.23030e-06  -1.72952e+00
   8  phi_CBO      2.69038e+00   6.64842e-01   7.13485e-03  -2.44896e-04
   9  ANx2         4.90616e-04   constant   
  10  pNx2         2.30674e+00   constant   
  11  ANy1         0.00000e+00   constant   
  12  pNy1         0.00000e+00   constant   
  13  w_y          0.00000e+00   constant   
  14  ANy2         9.23997e-03     fixed    
  15  pNy2         3.41148e-01   constant   
  16  w_vw         1.43130e+01   constant   
  17  LM          -3.45991e-04   constant   
  18  wCBO_expCoeff   1.99337e+02   1.91150e-01   2.28043e-04  -1.24083e-02
  19  wCBO_expOffset   1.99901e+02   3.10475e-02   9.53202e-05  -8.22038e-02
  20  wCBO_expT    3.00691e+01   7.58775e-03   1.43381e-05  -3.22940e-01
  21  wCBO_linCoeff   0.00000e+00   constant   
  22  wCBO_const  -2.86803e-03   1.10059e-03   5.08127e-06  -1.55710e+00
 EXTERNAL ERROR MATRIX.    NDIM=  25    NPAR=  7    ERR DEF=1
  2.296e-07 -9.709e-09 -3.654e-06 -1.602e-06 -6.728e-07  2.066e-07  3.820e-08 
 -9.709e-09  3.731e-06 -8.184e-05 -1.049e-04 -2.124e-05 -3.386e-06 -1.442e-06 
 -3.654e-06 -8.184e-05  4.420e-01 -1.078e-02 -2.506e-03  1.695e-03  5.741e-05 
 -1.602e-06 -1.049e-04 -1.078e-02  3.654e-02 -2.787e-03 -4.064e-04  5.774e-05 
 -6.728e-07 -2.124e-05 -2.506e-03 -2.787e-03  9.639e-04 -8.027e-05  1.156e-05 
  2.066e-07 -3.386e-06  1.695e-03 -4.064e-04 -8.027e-05  5.757e-05 -1.386e-06 
  3.820e-08 -1.442e-06  5.741e-05  5.774e-05  1.156e-05 -1.386e-06  1.211e-06 
ERR MATRIX NOT POS-DEF
 PARAMETER  CORRELATION COEFFICIENTS  
       NO.  GLOBAL      6      7      8     18     19     20     22
        6  0.17464   1.000 -0.010 -0.011 -0.017 -0.045  0.057  0.072
        7  0.99613  -0.010  1.000 -0.064 -0.284 -0.354 -0.231 -0.678
        8  0.57958  -0.011 -0.064  1.000 -0.085 -0.121  0.336  0.078
       18  0.99587  -0.017 -0.284 -0.085  1.000 -0.470 -0.280  0.274
       19  0.99644  -0.045 -0.354 -0.121 -0.470  1.000 -0.341  0.338
       20  0.99534   0.057 -0.231  0.336 -0.280 -0.341  1.000 -0.166
       22  0.93628   0.072 -0.678  0.078  0.274  0.338 -0.166  1.000
 ERR MATRIX NOT POS-DEF
MINUIT - FIT ONLY 1-CBO
 **********
 **   29 **RES 
 **********
                   PARAMETER   14  ANy2 RESTORED TO VARIABLE.
                   PARAMETER    4  phi RESTORED TO VARIABLE.
                   PARAMETER    3  A0 RESTORED TO VARIABLE.
                   PARAMETER    1  N0 RESTORED TO VARIABLE.
 **********
 **   30 **FIX            0
 **********
 PARAMETER    0  IS UNDEFINED. IGNORED.
 **********
 **   31 **FIX            1
 **********
 **********
 **   32 **FIX            2
 **********
 PARAMETER    2  IS CONSTANT.   IGNORED.
 **********
 **   33 **FIX            3
 **********
 **********
 **   34 **FIX            4
 **********
 **********
 **   35 **FIX            8
 **********
 **********
 **   36 **FIX            9
 **********
 PARAMETER    9  IS CONSTANT.   IGNORED.
 **********
 **   37 **FIX           11
 **********
 PARAMETER   11  IS CONSTANT.   IGNORED.
 **********
 **   38 **FIX           12
 **********
 PARAMETER   12  IS CONSTANT.   IGNORED.
 **********
 **   39 **FIX           13
 **********
 PARAMETER   13  IS CONSTANT.   IGNORED.
 **********
 **   40 **FIX           15
 **********
 PARAMETER   15  IS CONSTANT.   IGNORED.
 **********
 **   41 **FIX           16
 **********
 PARAMETER   16  IS CONSTANT.   IGNORED.
 **********
 **   42 **MIGRAD
 **********
 START MIGRAD MINIMIZATION.  STRATEGY  1.  CONVERGENCE WHEN EDM .LT. 1.00e-04
 FCN=718.337 FROM MIGRAD    STATUS=INITIATE       16 CALLS         526 TOTAL
                     EDM= unknown      STRATEGY= 1      NO ERROR MATRIX       
  EXT PARAMETER               CURRENT GUESS       STEP         FIRST   
  NO.   NAME      VALUE            ERROR          SIZE      DERIVATIVE 
   1  N0           3.06236e+06     fixed    
   2  tau          6.43953e+01   constant   
   3  A0           3.42536e-01     fixed    
   4  phi          4.11798e+00     fixed    
   5  R           -6.11796e+01   constant   
   6  A_CBO        8.68674e-04   4.79127e-04   6.19884e-06   2.07772e-02
   7  w_CBO        2.32736e+00   1.93156e-03   2.23030e-06  -1.70977e+00
   8  phi_CBO      2.69038e+00     fixed    
   9  ANx2         4.90616e-04   constant   
  10  pNx2         2.30674e+00   constant   
  11  ANy1         0.00000e+00   constant   
  12  pNy1         0.00000e+00   constant   
  13  w_y          0.00000e+00   constant   
  14  ANy2         9.23997e-03   1.00000e-04   1.00000e-04   8.40323e+04
  15  pNy2         3.41148e-01   constant   
  16  w_vw         1.43130e+01   constant   
  17  LM          -3.45991e-04   constant   
  18  wCBO_expCoeff   1.99337e+02   1.91150e-01   2.28043e-04  -1.21765e-02
  19  wCBO_expOffset   1.99901e+02   3.10475e-02   9.53202e-05  -6.99622e-02
  20  wCBO_expT    3.00691e+01   7.58775e-03   1.43381e-05  -3.15806e-01
  21  wCBO_linCoeff   0.00000e+00   constant   
  22  wCBO_const  -2.86803e-03   1.10059e-03   5.08127e-06  -1.55510e+00
 MIGRAD MINIMIZATION HAS CONVERGED.
 MIGRAD WILL VERIFY CONVERGENCE AND ERROR MATRIX.
 COVARIANCE MATRIX CALCULATED SUCCESSFULLY
 FCN=321.514 FROM MIGRAD    STATUS=CONVERGED     199 CALLS         709 TOTAL
                     EDM=6.79725e-07    STRATEGY= 1      ERROR MATRIX ACCURATE 
  EXT PARAMETER                                   STEP         FIRST   
  NO.   NAME      VALUE            ERROR          SIZE      DERIVATIVE 
   1  N0           3.06236e+06     fixed    
   2  tau          6.43953e+01   constant   
   3  A0           3.42536e-01     fixed    
   4  phi          4.11798e+00     fixed    
   5  R           -6.11796e+01   constant   
   6  A_CBO        6.00833e-04   4.73338e-04   4.11012e-06   1.36547e+00
   7  w_CBO        2.32776e+00   4.25379e-03   1.82437e-06  -2.11197e+00
   8  phi_CBO      2.69038e+00     fixed    
   9  ANx2         4.90616e-04   constant   
  10  pNx2         2.30674e+00   constant   
  11  ANy1         0.00000e+00   constant   
  12  pNy1         0.00000e+00   constant   
  13  w_y          0.00000e+00   constant   
  14  ANy2        -1.99924e-04   4.73758e-04   4.14992e-06   2.25159e-01
  15  pNy2         3.41148e-01   constant   
  16  w_vw         1.43130e+01   constant   
  17  LM          -3.45991e-04   constant   
  18  wCBO_expCoeff   1.99390e+02   3.72174e-01   1.85549e-04  -1.79127e-02
  19  wCBO_expOffset   1.99909e+02   3.70758e-02   9.53240e-05  -1.18885e-01
  20  wCBO_expT    3.00638e+01   1.02128e-02   1.43355e-05  -3.87588e-01
  21  wCBO_linCoeff   0.00000e+00   constant   
  22  wCBO_const  -3.26943e-03   1.96033e-03   4.06368e-06  -1.34785e+00
 EXTERNAL ERROR MATRIX.    NDIM=  25    NPAR=  7    ERR DEF=1
  2.240e-07  6.284e-08  3.586e-09  6.118e-06  1.726e-07 -5.727e-07 -1.264e-08 
  6.284e-08  1.809e-05 -2.931e-09 -1.045e-03 -4.414e-05 -1.011e-05 -7.129e-06 
  3.586e-09 -2.931e-09  2.244e-07 -2.895e-07 -6.185e-08  1.340e-08  1.276e-08 
  6.118e-06 -1.045e-03 -2.895e-07  1.385e-01 -4.314e-03 -9.700e-04  5.061e-04 
  1.726e-07 -4.414e-05 -6.185e-08 -4.314e-03  1.375e-03 -4.680e-05  2.134e-05 
 -5.727e-07 -1.011e-05  1.340e-08 -9.700e-04 -4.680e-05  1.043e-04 -2.854e-06 
 -1.264e-08 -7.129e-06  1.276e-08  5.061e-04  2.134e-05 -2.854e-06  3.843e-06 
 PARAMETER  CORRELATION COEFFICIENTS  
       NO.  GLOBAL      6      7     14     18     19     20     22
        6  0.13964   1.000  0.031  0.016  0.035  0.010 -0.118 -0.014
        7  0.99881   0.031  1.000 -0.001 -0.660 -0.280 -0.233 -0.855
       14  0.04605   0.016 -0.001  1.000 -0.002 -0.004  0.003  0.014
       18  0.99839   0.035 -0.660 -0.002  1.000 -0.313 -0.255  0.694
       19  0.99630   0.010 -0.280 -0.004 -0.313  1.000 -0.124  0.294
       20  0.99601  -0.118 -0.233  0.003 -0.255 -0.124  1.000 -0.143
       22  0.97165  -0.014 -0.855  0.014  0.694  0.294 -0.143  1.000
MINUIT - FIT ONLY 2-CBO
 **********
 **   43 **RES 
 **********
                   PARAMETER    8  phi_CBO RESTORED TO VARIABLE.
                   PARAMETER    4  phi RESTORED TO VARIABLE.
                   PARAMETER    3  A0 RESTORED TO VARIABLE.
                   PARAMETER    1  N0 RESTORED TO VARIABLE.
 **********
 **   44 **FIX            0
 **********
 PARAMETER    0  IS UNDEFINED. IGNORED.
 **********
 **   45 **FIX            1
 **********
 **********
 **   46 **FIX            2
 **********
 PARAMETER    2  IS CONSTANT.   IGNORED.
 **********
 **   47 **FIX            3
 **********
 **********
 **   48 **FIX            4
 **********
 **********
 **   49 **FIX            5
 **********
 PARAMETER    5  IS CONSTANT.   IGNORED.
 **********
 **   50 **FIX            6
 **********
 **********
 **   51 **FIX            7
 **********
 **********
 **   52 **FIX           10
 **********
 PARAMETER   10  IS CONSTANT.   IGNORED.
 **********
 **   53 **FIX           11
 **********
 PARAMETER   11  IS CONSTANT.   IGNORED.
 **********
 **   54 **FIX           12
 **********
 PARAMETER   12  IS CONSTANT.   IGNORED.
 **********
 **   55 **FIX           13
 **********
 PARAMETER   13  IS CONSTANT.   IGNORED.
 **********
 **   56 **FIX           14
 **********
 **********
 **   57 **FIX           15
 **********
 PARAMETER   15  IS CONSTANT.   IGNORED.
 **********
 **   58 **FIX           16
 **********
 PARAMETER   16  IS CONSTANT.   IGNORED.
 **********
 **   59 **MIGRAD
 **********
 START MIGRAD MINIMIZATION.  STRATEGY  1.  CONVERGENCE WHEN EDM .LT. 1.00e-04
 FCN=321.514 FROM MIGRAD    STATUS=INITIATE       12 CALLS         721 TOTAL
                     EDM= unknown      STRATEGY= 1      NO ERROR MATRIX       
  EXT PARAMETER               CURRENT GUESS       STEP         FIRST   
  NO.   NAME      VALUE            ERROR          SIZE      DERIVATIVE 
   1  N0           3.06236e+06     fixed    
   2  tau          6.43953e+01   constant   
   3  A0           3.42536e-01     fixed    
   4  phi          4.11798e+00     fixed    
   5  R           -6.11796e+01   constant   
   6  A_CBO        6.00833e-04     fixed    
   7  w_CBO        2.32776e+00     fixed    
   8  phi_CBO      2.69038e+00   6.64842e-01   6.64842e-01  -8.22961e-02
   9  ANx2         4.90616e-04   constant   
  10  pNx2         2.30674e+00   constant   
  11  ANy1         0.00000e+00   constant   
  12  pNy1         0.00000e+00   constant   
  13  w_y          0.00000e+00   constant   
  14  ANy2        -1.99924e-04     fixed    
  15  pNy2         3.41148e-01   constant   
  16  w_vw         1.43130e+01   constant   
  17  LM          -3.45991e-04   constant   
  18  wCBO_expCoeff   1.99390e+02   3.72174e-01   1.85549e-04  -1.81475e-02
  19  wCBO_expOffset   1.99909e+02   3.70758e-02   9.53240e-05  -1.38047e-01
  20  wCBO_expT    3.00638e+01   1.02128e-02   1.43355e-05  -3.97065e-01
  21  wCBO_linCoeff   0.00000e+00   constant   
  22  wCBO_const  -3.26943e-03   1.96033e-03   4.06368e-06  -1.34889e+00
 MIGRAD MINIMIZATION HAS CONVERGED.
 MIGRAD WILL VERIFY CONVERGENCE AND ERROR MATRIX.
 COVARIANCE MATRIX CALCULATED SUCCESSFULLY
 FCN=321.513 FROM HESSE     STATUS=OK             35 CALLS         791 TOTAL
                     EDM=0.000140182    STRATEGY= 1      ERROR MATRIX ACCURATE 
  EXT PARAMETER                                   STEP         FIRST   
  NO.   NAME      VALUE            ERROR          SIZE      DERIVATIVE 
   1  N0           3.06236e+06     fixed    
   2  tau          6.43953e+01   constant   
   3  A0           3.42536e-01     fixed    
   4  phi          4.11798e+00     fixed    
   5  R           -6.11796e+01   constant   
   6  A_CBO        6.00833e-04     fixed    
   7  w_CBO        2.32776e+00     fixed    
   8  phi_CBO      2.72220e+00   9.14772e-01   6.96870e-03   2.53858e-03
   9  ANx2         4.90616e-04   constant   
  10  pNx2         2.30674e+00   constant   
  11  ANy1         0.00000e+00   constant   
  12  pNy1         0.00000e+00   constant   
  13  w_y          0.00000e+00   constant   
  14  ANy2        -1.99924e-04     fixed    
  15  pNy2         3.41148e-01   constant   
  16  w_vw         1.43130e+01   constant   
  17  LM          -3.45991e-04   constant   
  18  wCBO_expCoeff   1.99390e+02   2.80032e-01   1.85583e-04   2.10136e-03
  19  wCBO_expOffset   1.99909e+02   3.50281e-02   9.53240e-05   1.37399e-02
  20  wCBO_expT    3.00638e+01   1.03369e-02   1.43355e-05  -2.34508e+00
  21  wCBO_linCoeff   0.00000e+00   constant   
  22  wCBO_const  -3.26114e-03   1.01185e-03   4.06415e-06  -5.34962e-01
 MIGRAD MINIMIZATION HAS CONVERGED.
 FCN=321.513 FROM MIGRAD    STATUS=CONVERGED      94 CALLS         803 TOTAL
                     EDM=1.13427e-06    STRATEGY= 1  ERROR MATRIX UNCERTAINTY   3.3 per cent
  EXT PARAMETER                                   STEP         FIRST   
  NO.   NAME      VALUE            ERROR          SIZE      DERIVATIVE 
   1  N0           3.06236e+06     fixed    
   2  tau          6.43953e+01   constant   
   3  A0           3.42536e-01     fixed    
   4  phi          4.11798e+00     fixed    
   5  R           -6.11796e+01   constant   
   6  A_CBO        6.00833e-04     fixed    
   7  w_CBO        2.32776e+00     fixed    
   8  phi_CBO      2.72712e+00   9.54999e-01   4.91517e-03  -2.26720e-03
   9  ANx2         4.90616e-04   constant   
  10  pNx2         2.30674e+00   constant   
  11  ANy1         0.00000e+00   constant   
  12  pNy1         0.00000e+00   constant   
  13  w_y          0.00000e+00   constant   
  14  ANy2        -1.99924e-04     fixed    
  15  pNy2         3.41148e-01   constant   
  16  w_vw         1.43130e+01   constant   
  17  LM          -3.45991e-04   constant   
  18  wCBO_expCoeff   1.99387e+02   3.23244e-01  -3.60707e-03   3.00699e-02
  19  wCBO_expOffset   1.99909e+02   3.55520e-02  -1.65741e-04   1.80331e-01
  20  wCBO_expT    3.00640e+01   1.42091e-02   2.27960e-04   6.85351e-01
  21  wCBO_linCoeff   0.00000e+00   constant   
  22  wCBO_const  -3.27545e-03   1.16622e-03  -1.43107e-05   5.68643e-01
 EXTERNAL ERROR MATRIX.    NDIM=  25    NPAR=  5    ERR DEF=1
  9.120e-01 -9.614e-02 -4.012e-03  5.856e-03 -1.601e-04 
 -9.614e-02  1.045e-01 -5.470e-03 -3.264e-03  1.853e-04 
 -4.012e-03 -5.470e-03  1.264e-03 -1.374e-04  7.365e-06 
  5.856e-03 -3.264e-03 -1.374e-04  2.019e-04 -1.231e-05 
 -1.601e-04  1.853e-04  7.365e-06 -1.231e-05  1.360e-06 
 PARAMETER  CORRELATION COEFFICIENTS  
       NO.  GLOBAL      8     18     19     20     22
        8  0.55843   1.000 -0.311 -0.118  0.432 -0.144
       18  0.99786  -0.311  1.000 -0.476 -0.711  0.492
       19  0.99597  -0.118 -0.476  1.000 -0.272  0.178
       20  0.99794   0.432 -0.711 -0.272  1.000 -0.743
       22  0.91767  -0.144  0.492  0.178 -0.743  1.000
MINUIT - FIT ONLY 1-y
 **********
 **   60 **RES 
 **********
                   PARAMETER   14  ANy2 RESTORED TO VARIABLE.
                   PARAMETER    7  w_CBO RESTORED TO VARIABLE.
                   PARAMETER    6  A_CBO RESTORED TO VARIABLE.
                   PARAMETER    4  phi RESTORED TO VARIABLE.
                   PARAMETER    3  A0 RESTORED TO VARIABLE.
                   PARAMETER    1  N0 RESTORED TO VARIABLE.
 **********
 **   61 **FIX            0
 **********
 PARAMETER    0  IS UNDEFINED. IGNORED.
 **********
 **   62 **FIX            1
 **********
 **********
 **   63 **FIX            2
 **********
 PARAMETER    2  IS CONSTANT.   IGNORED.
 **********
 **   64 **FIX            3
 **********
 **********
 **   65 **FIX            4
 **********
 **********
 **   66 **FIX            5
 **********
 PARAMETER    5  IS CONSTANT.   IGNORED.
 **********
 **   67 **FIX            6
 **********
 **********
 **   68 **FIX            7
 **********
 **********
 **   69 **FIX            8
 **********
 **********
 **   70 **FIX            9
 **********
 PARAMETER    9  IS CONSTANT.   IGNORED.
 **********
 **   71 **FIX           13
 **********
 PARAMETER   13  IS CONSTANT.   IGNORED.
 **********
 **   72 **FIX           14
 **********
 **********
 **   73 **FIX           15
 **********
 PARAMETER   15  IS CONSTANT.   IGNORED.
 **********
 **   74 **FIX           16
 **********
 PARAMETER   16  IS CONSTANT.   IGNORED.
 **********
 **   75 **MIGRAD
 **********
 START MIGRAD MINIMIZATION.  STRATEGY  1.  CONVERGENCE WHEN EDM .LT. 1.00e-04
 FCN=321.513 FROM MIGRAD    STATUS=INITIATE        8 CALLS         811 TOTAL
                     EDM= unknown      STRATEGY= 1      NO ERROR MATRIX       
  EXT PARAMETER               CURRENT GUESS       STEP         FIRST   
  NO.   NAME      VALUE            ERROR          SIZE      DERIVATIVE 
   1  N0           3.06236e+06     fixed    
   2  tau          6.43953e+01   constant   
   3  A0           3.42536e-01     fixed    
   4  phi          4.11798e+00     fixed    
   5  R           -6.11796e+01   constant   
   6  A_CBO        6.00833e-04     fixed    
   7  w_CBO        2.32776e+00     fixed    
   8  phi_CBO      2.72712e+00     fixed    
   9  ANx2         4.90616e-04   constant   
  10  pNx2         2.30674e+00   constant   
  11  ANy1         0.00000e+00   constant   
  12  pNy1         0.00000e+00   constant   
  13  w_y          0.00000e+00   constant   
  14  ANy2        -1.99924e-04     fixed    
  15  pNy2         3.41148e-01   constant   
  16  w_vw         1.43130e+01   constant   
  17  LM          -3.45991e-04   constant   
  18  wCBO_expCoeff   1.99387e+02   3.23244e-01  -3.60707e-03   2.98834e-02
  19  wCBO_expOffset   1.99909e+02   3.55520e-02  -1.65741e-04   1.80331e-01
  20  wCBO_expT    3.00640e+01   1.42091e-02   2.27960e-04   6.85351e-01
  21  wCBO_linCoeff   0.00000e+00   constant   
  22  wCBO_const  -3.27545e-03   1.16622e-03  -1.43107e-05   5.68644e-01
 MIGRAD MINIMIZATION HAS CONVERGED.
 MIGRAD WILL VERIFY CONVERGENCE AND ERROR MATRIX.
 COVARIANCE MATRIX CALCULATED SUCCESSFULLY
 FCN=321.513 FROM MIGRAD    STATUS=CONVERGED      47 CALLS         850 TOTAL
                     EDM=1.67586e-07    STRATEGY= 1      ERROR MATRIX ACCURATE 
  EXT PARAMETER                                   STEP         FIRST   
  NO.   NAME      VALUE            ERROR          SIZE      DERIVATIVE 
   1  N0           3.06236e+06     fixed    
   2  tau          6.43953e+01   constant   
   3  A0           3.42536e-01     fixed    
   4  phi          4.11798e+00     fixed    
   5  R           -6.11796e+01   constant   
   6  A_CBO        6.00833e-04     fixed    
   7  w_CBO        2.32776e+00     fixed    
   8  phi_CBO      2.72712e+00     fixed    
   9  ANx2         4.90616e-04   constant   
  10  pNx2         2.30674e+00   constant   
  11  ANy1         0.00000e+00   constant   
  12  pNy1         0.00000e+00   constant   
  13  w_y          0.00000e+00   constant   
  14  ANy2        -1.99924e-04     fixed    
  15  pNy2         3.41148e-01   constant   
  16  w_vw         1.43130e+01   constant   
  17  LM          -3.45991e-04   constant   
  18  wCBO_expCoeff   1.99387e+02   2.77910e-01   1.85197e-04   2.19272e-03
  19  wCBO_expOffset   1.99909e+02   3.54552e-02   9.53239e-05   1.43510e-02
  20  wCBO_expT    3.00640e+01   9.83098e-03   1.43356e-05   4.65320e-02
  21  wCBO_linCoeff   0.00000e+00   constant   
  22  wCBO_const  -3.27547e-03   1.01685e-03   4.06328e-06  -5.13851e-01
 EXTERNAL ERROR MATRIX.    NDIM=  25    NPAR=  4    ERR DEF=1
  7.723e-02 -6.829e-03 -1.521e-03  9.320e-05 
 -6.829e-03  1.257e-03 -7.000e-05  3.891e-06 
 -1.521e-03 -7.000e-05  9.665e-05 -6.769e-06 
  9.320e-05  3.891e-06 -6.769e-06  1.034e-06 
 PARAMETER  CORRELATION COEFFICIENTS  
       NO.  GLOBAL     18     19     20     22
       18  0.99711   1.000 -0.693 -0.557  0.330
       19  0.99596  -0.693  1.000 -0.201  0.108
       20  0.99571  -0.557 -0.201  1.000 -0.677
       22  0.89014   0.330  0.108 -0.677  1.000
MINUIT - FIT ONLY 2-y
 **********
 **   76 **RES 
 **********
                   PARAMETER   14  ANy2 RESTORED TO VARIABLE.
                   PARAMETER    8  phi_CBO RESTORED TO VARIABLE.
                   PARAMETER    7  w_CBO RESTORED TO VARIABLE.
                   PARAMETER    6  A_CBO RESTORED TO VARIABLE.
                   PARAMETER    4  phi RESTORED TO VARIABLE.
                   PARAMETER    3  A0 RESTORED TO VARIABLE.
                   PARAMETER    1  N0 RESTORED TO VARIABLE.
 **********
 **   77 **FIX            0
 **********
 PARAMETER    0  IS UNDEFINED. IGNORED.
 **********
 **   78 **FIX            1
 **********
 **********
 **   79 **FIX            2
 **********
 PARAMETER    2  IS CONSTANT.   IGNORED.
 **********
 **   80 **FIX            3
 **********
 **********
 **   81 **FIX            4
 **********
 **********
 **   82 **FIX            5
 **********
 PARAMETER    5  IS CONSTANT.   IGNORED.
 **********
 **   83 **FIX            6
 **********
 **********
 **   84 **FIX            7
 **********
 **********
 **   85 **FIX            8
 **********
 **********
 **   86 **FIX            9
 **********
 PARAMETER    9  IS CONSTANT.   IGNORED.
 **********
 **   87 **FIX           10
 **********
 PARAMETER   10  IS CONSTANT.   IGNORED.
 **********
 **   88 **FIX           11
 **********
 PARAMETER   11  IS CONSTANT.   IGNORED.
 **********
 **   89 **FIX           12
 **********
 PARAMETER   12  IS CONSTANT.   IGNORED.
 **********
 **   90 **FIX           16
 **********
 PARAMETER   16  IS CONSTANT.   IGNORED.
 **********
 **   91 **MIGRAD
 **********
 START MIGRAD MINIMIZATION.  STRATEGY  1.  CONVERGENCE WHEN EDM .LT. 1.00e-04
 FCN=321.513 FROM MIGRAD    STATUS=INITIATE       10 CALLS         860 TOTAL
                     EDM= unknown      STRATEGY= 1      NO ERROR MATRIX       
  EXT PARAMETER               CURRENT GUESS       STEP         FIRST   
  NO.   NAME      VALUE            ERROR          SIZE      DERIVATIVE 
   1  N0           3.06236e+06     fixed    
   2  tau          6.43953e+01   constant   
   3  A0           3.42536e-01     fixed    
   4  phi          4.11798e+00     fixed    
   5  R           -6.11796e+01   constant   
   6  A_CBO        6.00833e-04     fixed    
   7  w_CBO        2.32776e+00     fixed    
   8  phi_CBO      2.72712e+00     fixed    
   9  ANx2         4.90616e-04   constant   
  10  pNx2         2.30674e+00   constant   
  11  ANy1         0.00000e+00   constant   
  12  pNy1         0.00000e+00   constant   
  13  w_y          0.00000e+00   constant   
  14  ANy2        -1.99924e-04   4.73758e-04   4.73758e-04   1.20838e+00
  15  pNy2         3.41148e-01   constant   
  16  w_vw         1.43130e+01   constant   
  17  LM          -3.45991e-04   constant   
  18  wCBO_expCoeff   1.99387e+02   2.77910e-01   1.85197e-04   2.12665e-03
  19  wCBO_expOffset   1.99909e+02   3.54552e-02   9.53239e-05  -4.96439e-03
  20  wCBO_expT    3.00640e+01   9.83098e-03   1.43356e-05   3.37743e-02
  21  wCBO_linCoeff   0.00000e+00   constant   
  22  wCBO_const  -3.27547e-03   1.01685e-03   4.06328e-06  -5.15131e-01
 MIGRAD MINIMIZATION HAS CONVERGED.
 MIGRAD WILL VERIFY CONVERGENCE AND ERROR MATRIX.
 COVARIANCE MATRIX CALCULATED SUCCESSFULLY
 FCN=321.513 FROM MIGRAD    STATUS=CONVERGED      57 CALLS         907 TOTAL
                     EDM=1.20367e-07    STRATEGY= 1      ERROR MATRIX ACCURATE 
  EXT PARAMETER                                   STEP         FIRST   
  NO.   NAME      VALUE            ERROR          SIZE      DERIVATIVE 
   1  N0           3.06236e+06     fixed    
   2  tau          6.43953e+01   constant   
   3  A0           3.42536e-01     fixed    
   4  phi          4.11798e+00     fixed    
   5  R           -6.11796e+01   constant   
   6  A_CBO        6.00833e-04     fixed    
   7  w_CBO        2.32776e+00     fixed    
   8  phi_CBO      2.72712e+00     fixed    
   9  ANx2         4.90616e-04   constant   
  10  pNx2         2.30674e+00   constant   
  11  ANy1         0.00000e+00   constant   
  12  pNy1         0.00000e+00   constant   
  13  w_y          0.00000e+00   constant   
  14  ANy2        -2.00066e-04   4.73695e-04   4.14991e-06  -6.63945e-02
  15  pNy2         3.41148e-01   constant   
  16  w_vw         1.43130e+01   constant   
  17  LM          -3.45991e-04   constant   
  18  wCBO_expCoeff   1.99387e+02   2.77895e-01   1.85191e-04   7.89092e-03
  19  wCBO_expOffset   1.99909e+02   3.54526e-02   9.53239e-05   5.22484e-02
  20  wCBO_expT    3.00640e+01   9.83061e-03   1.43356e-05   1.94597e-01
  21  wCBO_linCoeff   0.00000e+00   constant   
  22  wCBO_const  -3.27541e-03   1.01710e-03   4.06325e-06  -7.64476e-02
 EXTERNAL ERROR MATRIX.    NDIM=  25    NPAR=  5    ERR DEF=1
  2.244e-07 -6.459e-07 -7.509e-08  2.211e-08  1.132e-08 
 -6.459e-07  7.723e-02 -6.827e-03 -1.521e-03  9.316e-05 
 -7.509e-08 -6.827e-03  1.257e-03 -7.000e-05  3.887e-06 
  2.211e-08 -1.521e-03 -7.000e-05  9.664e-05 -6.768e-06 
  1.132e-08  9.316e-05  3.887e-06 -6.768e-06  1.034e-06 
 PARAMETER  CORRELATION COEFFICIENTS  
       NO.  GLOBAL     14     18     19     20     22
       14  0.04313   1.000 -0.005 -0.004  0.005  0.024
       18  0.99711  -0.005  1.000 -0.693 -0.557  0.330
       19  0.99596  -0.004 -0.693  1.000 -0.201  0.108
       20  0.99571   0.005 -0.557 -0.201  1.000 -0.677
       22  0.89019   0.024  0.330  0.108 -0.677  1.000
MINUIT - FIT ALTOGETHER
 **********
 **   92 **RES 
 **********
                   PARAMETER    8  phi_CBO RESTORED TO VARIABLE.
                   PARAMETER    7  w_CBO RESTORED TO VARIABLE.
                   PARAMETER    6  A_CBO RESTORED TO VARIABLE.
                   PARAMETER    4  phi RESTORED TO VARIABLE.
                   PARAMETER    3  A0 RESTORED TO VARIABLE.
                   PARAMETER    1  N0 RESTORED TO VARIABLE.
 **********
 **   93 **MIGRAD
 **********
 START MIGRAD MINIMIZATION.  STRATEGY  1.  CONVERGENCE WHEN EDM .LT. 1.00e-04
