 + ++++++++++++++++++++++++++++++++++++++++++++++++++++++++++++++++++++ +
 +                                                                      +
 +           You have chose to blind your fitting according to          +
 +                omega_ref * (1 + (R +/- deltaR) *10^{-6})             +
 +                                                                      +
 + ++++++++++++++++++++++++++++++++++++++++++++++++++++++++++++++++++++ +
In main()...
reading format from /gm2data/zkhechad/run45/envelope/formats/formatB_sBin_constraintOn.txt
pBinTau 	= 0  
pBinPhi 	= 0  
constraintau 	= 1 
includeMopTerm 	= 0    
constrainMop    = 0   
Parameters after format file: pBinTau 0 pBinPhi 0 constraintau 1 includeMopTerm 0 constrainMop 0 c_e_scale 0.000000 
reading cbo reference file (full fit) from /gm2data/zkhechad/cboTemplates/Run4CBOTemplates/fullFits/run4/sBin_constraintOn_cE0.0_seed0_run4_calo2.root
A_CBO 0.007108 w_CBO 2.327171 phi_CBO 2.947562 N0 3111930.391320 R -60.007933 tau 64.411359 
Reading cboRef file /gm2data/zkhechad/cboTemplates/Run4CBOTemplates//cboIsolate/run4_calo2.root
deltaT 164.120000
windowBins = 1100
fitting sliding window 1400 from bin 1603 at 239.167600 to bin 2703 at 403.287600 (1100 bins)

Reading data from /gm2data/cornell/histograms/aMethod/histogram_a_run4.root
fitting cbo isolate
 **********
 **    1 **SET PRINTOUT            1
 **********
 **********
 **    2 **SET NOWARNINGS 
 **********
 PARAMETER DEFINITIONS:
    NO.   NAME         VALUE      STEP SIZE      LIMITS
     1 A_CBO        7.10761e-03  1.00000e-05     no limits
     2 w_CBO        2.32717e+00  1.00000e-02    2.00000e+00  3.00000e+00
     3 phi_CBO      2.94756e+00  1.00000e-02    0.00000e+00  6.28319e+00
 **********
 **    3 **MIGRAD
 **********
 FIRST CALL TO USER FUNCTION AT NEW START POINT, WITH IFLAG=4.
 START MIGRAD MINIMIZATION.  STRATEGY  1.  CONVERGENCE WHEN EDM .LT. 1.00e-04
 FCN=0.0441982 FROM MIGRAD    STATUS=INITIATE       12 CALLS          13 TOTAL
                     EDM= unknown      STRATEGY= 1      NO ERROR MATRIX       
  EXT PARAMETER               CURRENT GUESS       STEP         FIRST   
  NO.   NAME      VALUE            ERROR          SIZE      DERIVATIVE 
   1  A_CBO        7.10761e-03   1.00000e-05   1.00000e-05   5.93152e+00
   2  w_CBO        2.32717e+00   1.00000e-02   2.13160e-02   5.56096e-01
   3  phi_CBO      2.94756e+00   1.00000e-02   3.18919e-03  -1.03742e-02
 MIGRAD MINIMIZATION HAS CONVERGED.
 MIGRAD WILL VERIFY CONVERGENCE AND ERROR MATRIX.
 COVARIANCE MATRIX CALCULATED SUCCESSFULLY
 FCN=0.0280628 FROM HESSE     STATUS=OK             16 CALLS          58 TOTAL
                     EDM=0.000126907    STRATEGY= 1      ERROR MATRIX ACCURATE 
  EXT PARAMETER                                   STEP         FIRST   
  NO.   NAME      VALUE            ERROR          SIZE      DERIVATIVE 
   1  A_CBO        1.77025e-03   4.54619e-02   2.11143e-05  -1.26805e-04
   2  w_CBO        2.32666e+00   6.62397e-01   8.31836e-05   1.30408e-02
   3  phi_CBO      3.04448e+00   4.74540e+00   3.90139e-03   9.11122e-05
 MIGRAD MINIMIZATION HAS CONVERGED.
 FCN=0.0279675 FROM MIGRAD    STATUS=CONVERGED      65 CALLS          66 TOTAL
                     EDM=9.12102e-06    STRATEGY= 1  ERROR MATRIX UNCERTAINTY   6.0 per cent
  EXT PARAMETER                                   STEP         FIRST   
  NO.   NAME      VALUE            ERROR          SIZE      DERIVATIVE 
   1  A_CBO        1.87361e-03   4.24083e-02   1.03368e-04   5.99952e-02
   2  w_CBO        2.32266e+00   6.60701e-01  -8.54861e-03  -1.73778e-02
   3  phi_CBO      1.83192e+00   5.28819e+00  -3.99097e-01   4.58996e-04
 EXTERNAL ERROR MATRIX.    NDIM=  25    NPAR=  3    ERR DEF=1
  1.798e-03 -3.881e-03 -1.195e+00 
 -3.881e-03  2.827e-01  8.253e+01 
 -1.195e+00  8.253e+01  2.455e+04 
 PARAMETER  CORRELATION COEFFICIENTS  
       NO.  GLOBAL      1      2      3
        1  0.18519   1.000 -0.172 -0.180
        2  0.99079  -0.172  1.000  0.991
        3  0.99082  -0.180  0.991  1.000
setting A_CBO=0.001874 w_CBO=2.322660, phi_CBO=1.831917
done fitting cbo isolate
 **********
 **    1 **SET PRINTOUT            1
 **********
 **********
 **    2 **SET NOWARNINGS 
 **********
 PARAMETER DEFINITIONS:
    NO.   NAME         VALUE      STEP SIZE      LIMITS
     1 N0           3.11193e+06  1.00000e+02     no limits
     2 tau          6.44114e+01  constant
     3 A0           3.64516e-01  1.00000e-04     no limits
     4 phi          4.11813e+00  1.00000e-02     no limits
     5 R           -6.00079e+01  constant
     6 A_CBO        1.87361e-03  1.00000e-05     no limits
     7 w_CBO        2.32266e+00  1.00000e-03     no limits
     8 phi_CBO      1.83192e+00  1.00000e-04     no limits
     9 ANx2         3.40456e-04  constant
    10 pNx2         3.19484e+00  constant
    11 ANy1         0.00000e+00  constant
    12 pNy1         0.00000e+00  constant
    13 w_y          0.00000e+00  constant
    14 ANy2         1.04941e-02  1.00000e-04     no limits
    15 pNy2         5.11372e+00  constant
    16 w_vw         1.43155e+01  constant
    17 LM           3.07992e-04  constant
    18 wCBO_expCoeff   2.00000e+02  1.00000e+00     no limits
    19 wCBO_expOffset   2.00000e+02  1.00000e+00     no limits
    20 wCBO_expT    3.00000e+01  1.00000e+00     no limits
    21 wCBO_linCoeff   0.00000e+00  constant
    22 wCBO_const   0.00000e+00  1.00000e-02     no limits
MINUIT - FIT ONLY WIGGLE
 **********
 **    3 **FIX            5
 **********
 PARAMETER    5  IS CONSTANT.   IGNORED.
 **********
 **    4 **FIX            6
 **********
 **********
 **    5 **FIX            7
 **********
 **********
 **    6 **FIX            8
 **********
 **********
 **    7 **FIX            9
 **********
 PARAMETER    9  IS CONSTANT.   IGNORED.
 **********
 **    8 **FIX           10
 **********
 PARAMETER   10  IS CONSTANT.   IGNORED.
 **********
 **    9 **FIX           11
 **********
 PARAMETER   11  IS CONSTANT.   IGNORED.
 **********
 **   10 **FIX           12
 **********
 PARAMETER   12  IS CONSTANT.   IGNORED.
 **********
 **   11 **FIX           13
 **********
 PARAMETER   13  IS CONSTANT.   IGNORED.
 **********
 **   12 **FIX           14
 **********
 **********
 **   13 **FIX           15
 **********
 PARAMETER   15  IS CONSTANT.   IGNORED.
 **********
 **   14 **FIX           16
 **********
 PARAMETER   16  IS CONSTANT.   IGNORED.
 **********
 **   15 **MIGRAD
 **********
 FIRST CALL TO USER FUNCTION AT NEW START POINT, WITH IFLAG=4.
 START MIGRAD MINIMIZATION.  STRATEGY  1.  CONVERGENCE WHEN EDM .LT. 1.00e-04
 FCN=1568.35 FROM MIGRAD    STATUS=INITIATE       34 CALLS          35 TOTAL
                     EDM= unknown      STRATEGY= 1      NO ERROR MATRIX       
  EXT PARAMETER               CURRENT GUESS       STEP         FIRST   
  NO.   NAME      VALUE            ERROR          SIZE      DERIVATIVE 
   1  N0           3.11193e+06   1.00000e+02   1.00000e+02  -8.95228e-04
   2  tau          6.44114e+01   constant   
   3  A0           3.64516e-01   1.00000e-04   1.00000e-04   4.74605e+03
   4  phi          4.11813e+00   1.00000e-02   1.00000e-02   1.74053e+03
   5  R           -6.00079e+01   constant   
   6  A_CBO        1.87361e-03     fixed    
   7  w_CBO        2.32266e+00     fixed    
   8  phi_CBO      1.83192e+00     fixed    
   9  ANx2         3.40456e-04   constant   
  10  pNx2         3.19484e+00   constant   
  11  ANy1         0.00000e+00   constant   
  12  pNy1         0.00000e+00   constant   
  13  w_y          0.00000e+00   constant   
  14  ANy2         1.04941e-02     fixed    
  15  pNy2         5.11372e+00   constant   
  16  w_vw         1.43155e+01   constant   
  17  LM           3.07992e-04   constant   
  18  wCBO_expCoeff   2.00000e+02   1.00000e+00   1.00000e+00  -1.07940e+03
  19  wCBO_expOffset   2.00000e+02   1.00000e+00   1.00000e+00  -7.09541e+03
  20  wCBO_expT    3.00000e+01   1.00000e+00   1.00000e+00  -1.33198e+04
  21  wCBO_linCoeff   0.00000e+00   constant   
  22  wCBO_const   0.00000e+00   1.00000e-02   1.00000e-02  -1.60886e+04
 MIGRAD MINIMIZATION HAS CONVERGED.
 FCN=1540.41 FROM MIGRAD    STATUS=CONVERGED     245 CALLS         246 TOTAL
                     EDM=7.46988e-06    STRATEGY= 1  ERROR MATRIX UNCERTAINTY   0.7 per cent
  EXT PARAMETER                                   STEP         FIRST   
  NO.   NAME      VALUE            ERROR          SIZE      DERIVATIVE 
   1  N0           3.11195e+06   6.66333e+02  -2.55014e+00   1.30990e-06
   2  tau          6.44114e+01   constant   
   3  A0           3.64325e-01   2.84630e-04   6.43986e-07  -7.20296e+00
   4  phi          4.11779e+00   8.10552e-04  -4.76786e-06  -8.75030e-01
   5  R           -6.00079e+01   constant   
   6  A_CBO        1.87361e-03     fixed    
   7  w_CBO        2.32266e+00     fixed    
   8  phi_CBO      1.83192e+00     fixed    
   9  ANx2         3.40456e-04   constant   
  10  pNx2         3.19484e+00   constant   
  11  ANy1         0.00000e+00   constant   
  12  pNy1         0.00000e+00   constant   
  13  w_y          0.00000e+00   constant   
  14  ANy2         1.04941e-02     fixed    
  15  pNy2         5.11372e+00   constant   
  16  w_vw         1.43155e+01   constant   
  17  LM           3.07992e-04   constant   
  18  wCBO_expCoeff   2.00049e+02   1.04600e-02   4.98730e-05   9.46410e-02
  19  wCBO_expOffset   2.00007e+02   1.50611e-03   6.87271e-06   4.78375e+00
  20  wCBO_expT    2.99895e+01   1.98304e-03  -1.27339e-05   6.03009e+00
  21  wCBO_linCoeff   0.00000e+00   constant   
  22  wCBO_const   4.44625e-03   5.51240e-04   7.63578e-06   1.07996e+01
 EXTERNAL ERROR MATRIX.    NDIM=  25    NPAR=  7    ERR DEF=1
  4.440e+05  1.300e-03 -5.517e-03 -4.154e-01 -5.682e-02  8.145e-02 -1.283e-02 
  1.300e-03  8.101e-08  7.243e-10 -3.511e-08 -5.601e-09  7.214e-09 -5.078e-09 
 -5.517e-03  7.243e-10  6.570e-07  1.413e-07  2.774e-08 -3.303e-08  1.064e-08 
 -4.154e-01 -3.511e-08  1.413e-07  1.094e-04  1.457e-05 -2.015e-05  2.974e-06 
 -5.682e-02 -5.601e-09  2.774e-08  1.457e-05  2.268e-06 -2.891e-06  4.202e-07 
  8.145e-02  7.214e-09 -3.303e-08 -2.015e-05 -2.891e-06  3.932e-06 -6.760e-07 
 -1.283e-02 -5.078e-09  1.064e-08  2.974e-06  4.202e-07 -6.760e-07  3.039e-07 
 PARAMETER  CORRELATION COEFFICIENTS  
       NO.  GLOBAL      1      3      4     18     19     20     22
        1  0.06687   1.000  0.007 -0.010 -0.060 -0.057  0.062 -0.035
        3  0.05050   0.007  1.000  0.003 -0.012 -0.013  0.013 -0.032
        4  0.03418  -0.010  0.003  1.000  0.017  0.023 -0.021  0.024
       18  0.98555  -0.060 -0.012  0.017  1.000  0.925 -0.971  0.516
       19  0.98430  -0.057 -0.013  0.023  0.925  1.000 -0.968  0.506
       20  0.99589   0.062  0.013 -0.021 -0.971 -0.968  1.000 -0.618
       22  0.85968  -0.035 -0.032  0.024  0.516  0.506 -0.618  1.000
MINUIT - FIT ONLY 1-CBO + other amplitudes 
 **********
 **   16 **RES 
 **********
                   PARAMETER   14  ANy2 RESTORED TO VARIABLE.
                   PARAMETER    8  phi_CBO RESTORED TO VARIABLE.
                   PARAMETER    7  w_CBO RESTORED TO VARIABLE.
                   PARAMETER    6  A_CBO RESTORED TO VARIABLE.
 **********
 **   17 **FIX            0
 **********
 PARAMETER    0  IS UNDEFINED. IGNORED.
 **********
 **   18 **FIX            1
 **********
 **********
 **   19 **FIX            2
 **********
 PARAMETER    2  IS CONSTANT.   IGNORED.
 **********
 **   20 **FIX            3
 **********
 **********
 **   21 **FIX            4
 **********
 **********
 **   22 **FIX            9
 **********
 PARAMETER    9  IS CONSTANT.   IGNORED.
 **********
 **   23 **FIX           11
 **********
 PARAMETER   11  IS CONSTANT.   IGNORED.
 **********
 **   24 **FIX           12
 **********
 PARAMETER   12  IS CONSTANT.   IGNORED.
 **********
 **   25 **FIX           14
 **********
 **********
 **   26 **FIX           15
 **********
 PARAMETER   15  IS CONSTANT.   IGNORED.
 **********
 **   27 **FIX           16
 **********
 PARAMETER   16  IS CONSTANT.   IGNORED.
 **********
 **   28 **MIGRAD
 **********
 START MIGRAD MINIMIZATION.  STRATEGY  1.  CONVERGENCE WHEN EDM .LT. 1.00e-04
 FCN=1540.41 FROM MIGRAD    STATUS=INITIATE       22 CALLS         268 TOTAL
                     EDM= unknown      STRATEGY= 1      NO ERROR MATRIX       
  EXT PARAMETER               CURRENT GUESS       STEP         FIRST   
  NO.   NAME      VALUE            ERROR          SIZE      DERIVATIVE 
   1  N0           3.11195e+06     fixed    
   2  tau          6.44114e+01   constant   
   3  A0           3.64325e-01     fixed    
   4  phi          4.11779e+00     fixed    
   5  R           -6.00079e+01   constant   
   6  A_CBO        1.87361e-03   1.00000e-05   1.00000e-05   1.97303e+04
   7  w_CBO        2.32266e+00   1.00000e-03   1.00000e-03   1.28537e+01
   8  phi_CBO      1.83192e+00   1.00000e-04   1.00000e-04   1.89288e-01
   9  ANx2         3.40456e-04   constant   
  10  pNx2         3.19484e+00   constant   
  11  ANy1         0.00000e+00   constant   
  12  pNy1         0.00000e+00   constant   
  13  w_y          0.00000e+00   constant   
  14  ANy2         1.04941e-02     fixed    
  15  pNy2         5.11372e+00   constant   
  16  w_vw         1.43155e+01   constant   
  17  LM           3.07992e-04   constant   
  18  wCBO_expCoeff   2.00049e+02   1.04600e-02   4.98730e-05   9.46410e-02
  19  wCBO_expOffset   2.00007e+02   1.50611e-03   6.87271e-06   4.78375e+00
  20  wCBO_expT    2.99895e+01   1.98304e-03  -1.27339e-05   6.03009e+00
  21  wCBO_linCoeff   0.00000e+00   constant   
  22  wCBO_const   4.44625e-03   5.51240e-04   7.63578e-06   1.07996e+01
 MIGRAD MINIMIZATION HAS CONVERGED.
 MIGRAD WILL VERIFY CONVERGENCE AND ERROR MATRIX.
 COVARIANCE MATRIX CALCULATED SUCCESSFULLY
 FCN=1531.42 FROM MIGRAD    STATUS=CONVERGED     190 CALLS         436 TOTAL
                     EDM=6.41661e-06    STRATEGY= 1      ERROR MATRIX ACCURATE 
  EXT PARAMETER                                   STEP         FIRST   
  NO.   NAME      VALUE            ERROR          SIZE      DERIVATIVE 
   1  N0           3.11195e+06     fixed    
   2  tau          6.44114e+01   constant   
   3  A0           3.64325e-01     fixed    
   4  phi          4.11779e+00     fixed    
   5  R           -6.00079e+01   constant   
   6  A_CBO        9.61716e-04   3.25050e-04   5.78890e-06   1.28178e+00
   7  w_CBO        2.32266e+00   5.41268e-03   1.10753e-06  -3.12770e+01
   8  phi_CBO      1.83600e+00   4.62112e-01   6.00836e-03   8.79095e-04
   9  ANx2         3.40456e-04   constant   
  10  pNx2         3.19484e+00   constant   
  11  ANy1         0.00000e+00   constant   
  12  pNy1         0.00000e+00   constant   
  13  w_y          0.00000e+00   constant   
  14  ANy2         1.04941e-02     fixed    
  15  pNy2         5.11372e+00   constant   
  16  w_vw         1.43155e+01   constant   
  17  LM           3.07992e-04   constant   
  18  wCBO_expCoeff   2.00049e+02   4.77600e-01   9.53910e-05  -3.50080e-01
  19  wCBO_expOffset   2.00007e+02   6.79916e-03   9.53708e-05  -2.33395e+00
  20  wCBO_expT    2.99893e+01   2.03611e-03   1.43000e-05  -5.54497e+00
  21  wCBO_linCoeff   0.00000e+00   constant   
  22  wCBO_const   4.57261e-03   2.44837e-03   6.42088e-06  -2.58796e+00
 EXTERNAL ERROR MATRIX.    NDIM=  25    NPAR=  7    ERR DEF=1
  1.057e-07 -1.355e-07 -1.196e-05  1.741e-05 -7.596e-07 -5.689e-08  4.536e-08 
 -1.355e-07  2.930e-05  1.160e-04 -2.569e-03  5.588e-06  8.982e-07 -1.275e-05 
 -1.196e-05  1.160e-04  2.135e-01 -1.491e-02  6.003e-04  1.515e-04  1.603e-05 
  1.741e-05 -2.569e-03 -1.491e-02  2.281e-01 -8.186e-04 -1.377e-04  1.125e-03 
 -7.596e-07  5.588e-06  6.003e-04 -8.186e-04  4.623e-05  3.040e-06 -2.544e-06 
 -5.689e-08  8.982e-07  1.515e-04 -1.377e-04  3.040e-06  4.146e-06 -1.166e-06 
  4.536e-08 -1.275e-05  1.603e-05  1.125e-03 -2.544e-06 -1.166e-06  5.995e-06 
 PARAMETER  CORRELATION COEFFICIENTS  
       NO.  GLOBAL      6      7      8     18     19     20     22
        6  0.36418   1.000 -0.077 -0.080  0.112 -0.344 -0.086  0.057
        7  0.99999  -0.077  1.000  0.046 -0.994  0.152  0.081 -0.962
        8  0.73289  -0.080  0.046  1.000 -0.068  0.191  0.161  0.014
       18  0.99999   0.112 -0.994 -0.068  1.000 -0.252 -0.142  0.962
       19  0.99861  -0.344  0.152  0.191 -0.252  1.000  0.220 -0.153
       20  0.99423  -0.086  0.081  0.161 -0.142  0.220  1.000 -0.234
       22  0.99058   0.057 -0.962  0.014  0.962 -0.153 -0.234  1.000
MINUIT - FIT ONLY 1-CBO
 **********
 **   29 **RES 
 **********
                   PARAMETER   14  ANy2 RESTORED TO VARIABLE.
                   PARAMETER    4  phi RESTORED TO VARIABLE.
                   PARAMETER    3  A0 RESTORED TO VARIABLE.
                   PARAMETER    1  N0 RESTORED TO VARIABLE.
 **********
 **   30 **FIX            0
 **********
 PARAMETER    0  IS UNDEFINED. IGNORED.
 **********
 **   31 **FIX            1
 **********
 **********
 **   32 **FIX            2
 **********
 PARAMETER    2  IS CONSTANT.   IGNORED.
 **********
 **   33 **FIX            3
 **********
 **********
 **   34 **FIX            4
 **********
 **********
 **   35 **FIX            8
 **********
 **********
 **   36 **FIX            9
 **********
 PARAMETER    9  IS CONSTANT.   IGNORED.
 **********
 **   37 **FIX           11
 **********
 PARAMETER   11  IS CONSTANT.   IGNORED.
 **********
 **   38 **FIX           12
 **********
 PARAMETER   12  IS CONSTANT.   IGNORED.
 **********
 **   39 **FIX           13
 **********
 PARAMETER   13  IS CONSTANT.   IGNORED.
 **********
 **   40 **FIX           15
 **********
 PARAMETER   15  IS CONSTANT.   IGNORED.
 **********
 **   41 **FIX           16
 **********
 PARAMETER   16  IS CONSTANT.   IGNORED.
 **********
 **   42 **MIGRAD
 **********
 START MIGRAD MINIMIZATION.  STRATEGY  1.  CONVERGENCE WHEN EDM .LT. 1.00e-04
 FCN=1531.42 FROM MIGRAD    STATUS=INITIATE       16 CALLS         452 TOTAL
                     EDM= unknown      STRATEGY= 1      NO ERROR MATRIX       
  EXT PARAMETER               CURRENT GUESS       STEP         FIRST   
  NO.   NAME      VALUE            ERROR          SIZE      DERIVATIVE 
   1  N0           3.11195e+06     fixed    
   2  tau          6.44114e+01   constant   
   3  A0           3.64325e-01     fixed    
   4  phi          4.11779e+00     fixed    
   5  R           -6.00079e+01   constant   
   6  A_CBO        9.61716e-04   3.25050e-04   5.78890e-06   1.28178e+00
   7  w_CBO        2.32266e+00   5.41268e-03   1.10753e-06  -3.12292e+01
   8  phi_CBO      1.83600e+00     fixed    
   9  ANx2         3.40456e-04   constant   
  10  pNx2         3.19484e+00   constant   
  11  ANy1         0.00000e+00   constant   
  12  pNy1         0.00000e+00   constant   
  13  w_y          0.00000e+00   constant   
  14  ANy2         1.04941e-02   1.00000e-04   1.00000e-04   2.26810e+05
  15  pNy2         5.11372e+00   constant   
  16  w_vw         1.43155e+01   constant   
  17  LM           3.07992e-04   constant   
  18  wCBO_expCoeff   2.00049e+02   4.77600e-01   9.53910e-05  -3.49332e-01
  19  wCBO_expOffset   2.00007e+02   6.79916e-03   9.53708e-05  -2.04230e+00
  20  wCBO_expT    2.99893e+01   2.03611e-03   1.43000e-05  -5.69082e+00
  21  wCBO_linCoeff   0.00000e+00   constant   
  22  wCBO_const   4.57261e-03   2.44837e-03   6.42088e-06  -2.58719e+00
 MIGRAD MINIMIZATION HAS CONVERGED.
 MIGRAD WILL VERIFY CONVERGENCE AND ERROR MATRIX.
 FCN=348.319 FROM MIGRAD    STATUS=CONVERGED     238 CALLS         674 TOTAL
                     EDM=6.77128e-07    STRATEGY= 1      ERR MATRIX NOT POS-DEF
  EXT PARAMETER                APPROXIMATE        STEP         FIRST   
  NO.   NAME      VALUE            ERROR          SIZE      DERIVATIVE 
   1  N0           3.11195e+06     fixed    
   2  tau          6.44114e+01   constant   
   3  A0           3.64325e-01     fixed    
   4  phi          4.11779e+00     fixed    
   5  R           -6.00079e+01   constant   
   6  A_CBO        4.01194e-04   3.17200e-04   2.80499e-06   1.35228e+00
   7  w_CBO        2.32259e+00   5.99865e-04   1.10750e-06   2.48286e+00
   8  phi_CBO      1.83600e+00     fixed    
   9  ANx2         3.40456e-04   constant   
  10  pNx2         3.19484e+00   constant   
  11  ANy1         0.00000e+00   constant   
  12  pNy1         0.00000e+00   constant   
  13  w_y          0.00000e+00   constant   
  14  ANy2         5.45631e-05   3.02525e-04   2.76067e-06   3.61813e-02
  15  pNy2         5.11372e+00   constant   
  16  w_vw         1.43155e+01   constant   
  17  LM           3.07992e-04   constant   
  18  wCBO_expCoeff   2.00043e+02   5.30085e-02   9.53879e-05   2.08913e-02
  19  wCBO_expOffset   2.00006e+02   1.00351e-02   9.53703e-05   1.44510e-01
  20  wCBO_expT    2.99920e+01   2.47372e-03   1.43013e-05   7.40277e-01
  21  wCBO_linCoeff   0.00000e+00   constant   
  22  wCBO_const   3.81781e-03   9.53860e-04   4.88053e-06   1.58110e+00
 EXTERNAL ERROR MATRIX.    NDIM=  25    NPAR=  7    ERR DEF=1
  1.006e-07  2.459e-08  4.569e-09  2.290e-06 -7.865e-07  6.693e-08 -7.820e-09 
  2.459e-08  3.598e-07  7.345e-10 -6.240e-06 -3.474e-06 -1.546e-07 -1.127e-07 
  4.569e-09  7.345e-10  9.152e-08  6.465e-08 -5.488e-08  5.072e-09  6.593e-09 
  2.290e-06 -6.240e-06  6.465e-08  2.810e-03 -3.204e-04 -1.306e-05  6.073e-06 
 -7.865e-07 -3.474e-06 -5.488e-08 -3.204e-04  1.007e-04 -4.903e-06  2.297e-06 
  6.693e-08 -1.546e-07  5.072e-09 -1.306e-05 -4.903e-06  6.119e-06 -1.523e-06 
 -7.820e-09 -1.127e-07  6.593e-09  6.073e-06  2.297e-06 -1.523e-06  9.098e-07 
ERR MATRIX NOT POS-DEF
 PARAMETER  CORRELATION COEFFICIENTS  
       NO.  GLOBAL      6      7     14     18     19     20     22
        6  0.26570   1.000  0.129  0.048  0.136 -0.247  0.085 -0.026
        7  0.99488   0.129  1.000  0.004 -0.196 -0.577 -0.104 -0.197
       14  0.10115   0.048  0.004  1.000  0.004 -0.018  0.007  0.023
       18  0.99481   0.136 -0.196  0.004  1.000 -0.602 -0.100  0.120
       19  0.99675  -0.247 -0.577 -0.018 -0.602  1.000 -0.197  0.240
       20  0.98237   0.085 -0.104  0.007 -0.100 -0.197  1.000 -0.645
       22  0.82992  -0.026 -0.197  0.023  0.120  0.240 -0.645  1.000
 ERR MATRIX NOT POS-DEF
MINUIT - FIT ONLY 2-CBO
 **********
 **   43 **RES 
 **********
                   PARAMETER    8  phi_CBO RESTORED TO VARIABLE.
                   PARAMETER    4  phi RESTORED TO VARIABLE.
                   PARAMETER    3  A0 RESTORED TO VARIABLE.
                   PARAMETER    1  N0 RESTORED TO VARIABLE.
 **********
 **   44 **FIX            0
 **********
 PARAMETER    0  IS UNDEFINED. IGNORED.
 **********
 **   45 **FIX            1
 **********
 **********
 **   46 **FIX            2
 **********
 PARAMETER    2  IS CONSTANT.   IGNORED.
 **********
 **   47 **FIX            3
 **********
 **********
 **   48 **FIX            4
 **********
 **********
 **   49 **FIX            5
 **********
 PARAMETER    5  IS CONSTANT.   IGNORED.
 **********
 **   50 **FIX            6
 **********
 **********
 **   51 **FIX            7
 **********
 **********
 **   52 **FIX           10
 **********
 PARAMETER   10  IS CONSTANT.   IGNORED.
 **********
 **   53 **FIX           11
 **********
 PARAMETER   11  IS CONSTANT.   IGNORED.
 **********
 **   54 **FIX           12
 **********
 PARAMETER   12  IS CONSTANT.   IGNORED.
 **********
 **   55 **FIX           13
 **********
 PARAMETER   13  IS CONSTANT.   IGNORED.
 **********
 **   56 **FIX           14
 **********
 **********
 **   57 **FIX           15
 **********
 PARAMETER   15  IS CONSTANT.   IGNORED.
 **********
 **   58 **FIX           16
 **********
 PARAMETER   16  IS CONSTANT.   IGNORED.
 **********
 **   59 **MIGRAD
 **********
 START MIGRAD MINIMIZATION.  STRATEGY  1.  CONVERGENCE WHEN EDM .LT. 1.00e-04
 FCN=348.319 FROM MIGRAD    STATUS=INITIATE       12 CALLS         686 TOTAL
                     EDM= unknown      STRATEGY= 1      NO ERROR MATRIX       
  EXT PARAMETER               CURRENT GUESS       STEP         FIRST   
  NO.   NAME      VALUE            ERROR          SIZE      DERIVATIVE 
   1  N0           3.11195e+06     fixed    
   2  tau          6.44114e+01   constant   
   3  A0           3.64325e-01     fixed    
   4  phi          4.11779e+00     fixed    
   5  R           -6.00079e+01   constant   
   6  A_CBO        4.01194e-04     fixed    
   7  w_CBO        2.32259e+00     fixed    
   8  phi_CBO      1.83600e+00   4.62112e-01   4.62112e-01   4.98151e-02
   9  ANx2         3.40456e-04   constant   
  10  pNx2         3.19484e+00   constant   
  11  ANy1         0.00000e+00   constant   
  12  pNy1         0.00000e+00   constant   
  13  w_y          0.00000e+00   constant   
  14  ANy2         5.45631e-05     fixed    
  15  pNy2         5.11372e+00   constant   
  16  w_vw         1.43155e+01   constant   
  17  LM           3.07992e-04   constant   
  18  wCBO_expCoeff   2.00043e+02   5.30085e-02   9.53879e-05   2.26543e-02
  19  wCBO_expOffset   2.00006e+02   1.00351e-02   9.53703e-05   6.70175e-01
  20  wCBO_expT    2.99920e+01   2.47372e-03   1.43013e-05   8.18520e-01
  21  wCBO_linCoeff   0.00000e+00   constant   
  22  wCBO_const   3.81781e-03   9.53860e-04   4.88053e-06   1.58175e+00
 MIGRAD MINIMIZATION HAS CONVERGED.
 MIGRAD WILL VERIFY CONVERGENCE AND ERROR MATRIX.
 FCN=348.319 FROM MIGRAD    STATUS=CONVERGED      71 CALLS         745 TOTAL
                     EDM=2.85155e-05    STRATEGY= 1      ERR MATRIX NOT POS-DEF
  EXT PARAMETER                APPROXIMATE        STEP         FIRST   
  NO.   NAME      VALUE            ERROR          SIZE      DERIVATIVE 
   1  N0           3.11195e+06     fixed    
   2  tau          6.44114e+01   constant   
   3  A0           3.64325e-01     fixed    
   4  phi          4.11779e+00     fixed    
   5  R           -6.00079e+01   constant   
   6  A_CBO        4.01194e-04     fixed    
   7  w_CBO        2.32259e+00     fixed    
   8  phi_CBO      1.81604e+00   8.99176e-01   6.77551e-03  -4.04974e-05
   9  ANx2         3.40456e-04   constant   
  10  pNx2         3.19484e+00   constant   
  11  ANy1         0.00000e+00   constant   
  12  pNy1         0.00000e+00   constant   
  13  w_y          0.00000e+00   constant   
  14  ANy2         5.45631e-05     fixed    
  15  pNy2         5.11372e+00   constant   
  16  w_vw         1.43155e+01   constant   
  17  LM           3.07992e-04   constant   
  18  wCBO_expCoeff   2.00043e+02   6.13658e-02   9.53879e-05  -1.28715e-02
  19  wCBO_expOffset   2.00006e+02   9.65154e-03   9.53703e-05  -8.06150e-02
  20  wCBO_expT    2.99920e+01   2.57422e-03   1.43013e-05  -2.13234e+00
  21  wCBO_linCoeff   0.00000e+00   constant   
  22  wCBO_const   3.81568e-03   9.79598e-04   4.87929e-06   2.99628e+00
 EXTERNAL ERROR MATRIX.    NDIM=  25    NPAR=  5    ERR DEF=1
  8.085e-01  1.779e-03  5.352e-04 -3.070e-04  2.017e-04 
  1.779e-03  3.766e-03 -5.414e-04 -1.408e-05  3.832e-06 
  5.352e-04 -5.414e-04  9.315e-05 -7.597e-06  1.647e-06 
 -3.070e-04 -1.408e-05 -7.597e-06  6.627e-06 -1.780e-06 
  2.017e-04  3.832e-06  1.647e-06 -1.780e-06  9.596e-07 
ERR MATRIX NOT POS-DEF
 PARAMETER  CORRELATION COEFFICIENTS  
       NO.  GLOBAL      8     18     19     20     22
        8  0.56928   1.000  0.032  0.062 -0.133  0.229
       18  0.99612   0.032  1.000 -0.914 -0.089  0.064
       19  0.99647   0.062 -0.914  1.000 -0.306  0.174
       20  0.98369  -0.133 -0.089 -0.306  1.000 -0.706
       22  0.83938   0.229  0.064  0.174 -0.706  1.000
 ERR MATRIX NOT POS-DEF
MINUIT - FIT ONLY 1-y
 **********
 **   60 **RES 
 **********
                   PARAMETER   14  ANy2 RESTORED TO VARIABLE.
                   PARAMETER    7  w_CBO RESTORED TO VARIABLE.
                   PARAMETER    6  A_CBO RESTORED TO VARIABLE.
                   PARAMETER    4  phi RESTORED TO VARIABLE.
                   PARAMETER    3  A0 RESTORED TO VARIABLE.
                   PARAMETER    1  N0 RESTORED TO VARIABLE.
 **********
 **   61 **FIX            0
 **********
 PARAMETER    0  IS UNDEFINED. IGNORED.
 **********
 **   62 **FIX            1
 **********
 **********
 **   63 **FIX            2
 **********
 PARAMETER    2  IS CONSTANT.   IGNORED.
 **********
 **   64 **FIX            3
 **********
 **********
 **   65 **FIX            4
 **********
 **********
 **   66 **FIX            5
 **********
 PARAMETER    5  IS CONSTANT.   IGNORED.
 **********
 **   67 **FIX            6
 **********
 **********
 **   68 **FIX            7
 **********
 **********
 **   69 **FIX            8
 **********
 **********
 **   70 **FIX            9
 **********
 PARAMETER    9  IS CONSTANT.   IGNORED.
 **********
 **   71 **FIX           13
 **********
 PARAMETER   13  IS CONSTANT.   IGNORED.
 **********
 **   72 **FIX           14
 **********
 **********
 **   73 **FIX           15
 **********
 PARAMETER   15  IS CONSTANT.   IGNORED.
 **********
 **   74 **FIX           16
 **********
 PARAMETER   16  IS CONSTANT.   IGNORED.
 **********
 **   75 **MIGRAD
 **********
 START MIGRAD MINIMIZATION.  STRATEGY  1.  CONVERGENCE WHEN EDM .LT. 1.00e-04
 FCN=348.319 FROM MIGRAD    STATUS=INITIATE        8 CALLS         753 TOTAL
                     EDM= unknown      STRATEGY= 1      NO ERROR MATRIX       
  EXT PARAMETER               CURRENT GUESS       STEP         FIRST   
  NO.   NAME      VALUE            ERROR          SIZE      DERIVATIVE 
   1  N0           3.11195e+06     fixed    
   2  tau          6.44114e+01   constant   
   3  A0           3.64325e-01     fixed    
   4  phi          4.11779e+00     fixed    
   5  R           -6.00079e+01   constant   
   6  A_CBO        4.01194e-04     fixed    
   7  w_CBO        2.32259e+00     fixed    
   8  phi_CBO      1.81604e+00     fixed    
   9  ANx2         3.40456e-04   constant   
  10  pNx2         3.19484e+00   constant   
  11  ANy1         0.00000e+00   constant   
  12  pNy1         0.00000e+00   constant   
  13  w_y          0.00000e+00   constant   
  14  ANy2         5.45631e-05     fixed    
  15  pNy2         5.11372e+00   constant   
  16  w_vw         1.43155e+01   constant   
  17  LM           3.07992e-04   constant   
  18  wCBO_expCoeff   2.00043e+02   6.13658e-02   9.53879e-05  -1.10852e-02
  19  wCBO_expOffset   2.00006e+02   9.65154e-03   9.53703e-05   4.52160e-01
  20  wCBO_expT    2.99920e+01   2.57422e-03   1.43013e-05  -2.07162e+00
  21  wCBO_linCoeff   0.00000e+00   constant   
  22  wCBO_const   3.81568e-03   9.79598e-04   4.87929e-06   2.99706e+00
 MIGRAD MINIMIZATION HAS CONVERGED.
 MIGRAD WILL VERIFY CONVERGENCE AND ERROR MATRIX.
 FCN=348.319 FROM MIGRAD    STATUS=CONVERGED      44 CALLS         789 TOTAL
                     EDM=2.44821e-05    STRATEGY= 1      ERR MATRIX NOT POS-DEF
  EXT PARAMETER                APPROXIMATE        STEP         FIRST   
  NO.   NAME      VALUE            ERROR          SIZE      DERIVATIVE 
   1  N0           3.11195e+06     fixed    
   2  tau          6.44114e+01   constant   
   3  A0           3.64325e-01     fixed    
   4  phi          4.11779e+00     fixed    
   5  R           -6.00079e+01   constant   
   6  A_CBO        4.01194e-04     fixed    
   7  w_CBO        2.32259e+00     fixed    
   8  phi_CBO      1.81604e+00     fixed    
   9  ANx2         3.40456e-04   constant   
  10  pNx2         3.19484e+00   constant   
  11  ANy1         0.00000e+00   constant   
  12  pNy1         0.00000e+00   constant   
  13  w_y          0.00000e+00   constant   
  14  ANy2         5.45631e-05     fixed    
  15  pNy2         5.11372e+00   constant   
  16  w_vw         1.43155e+01   constant   
  17  LM           3.07992e-04   constant   
  18  wCBO_expCoeff   2.00043e+02   6.43887e-02   9.53879e-05  -1.95233e-01
  19  wCBO_expOffset   2.00006e+02   1.01240e-02   9.53703e-05  -1.29983e+00
  20  wCBO_expT    2.99920e+01   2.57406e-03   1.43013e-05  -5.15876e+00
  21  wCBO_linCoeff   0.00000e+00   constant   
  22  wCBO_const   3.81455e-03   9.57789e-04   4.87980e-06  -2.32595e+00
 EXTERNAL ERROR MATRIX.    NDIM=  25    NPAR=  4    ERR DEF=1
  4.146e-03 -6.029e-04 -1.163e-05  3.068e-06 
 -6.029e-04  1.025e-04 -7.829e-06  1.605e-06 
 -1.163e-05 -7.829e-06  6.626e-06 -1.734e-06 
  3.068e-06  1.605e-06 -1.734e-06  9.174e-07 
ERR MATRIX NOT POS-DEF
 PARAMETER  CORRELATION COEFFICIENTS  
       NO.  GLOBAL     18     19     20     22
       18  0.99648   1.000 -0.925 -0.070  0.050
       19  0.99679  -0.925  1.000 -0.300  0.166
       20  0.98368  -0.070 -0.300  1.000 -0.703
       22  0.83116   0.050  0.166 -0.703  1.000
 ERR MATRIX NOT POS-DEF
MINUIT - FIT ONLY 2-y
 **********
 **   76 **RES 
 **********
                   PARAMETER   14  ANy2 RESTORED TO VARIABLE.
                   PARAMETER    8  phi_CBO RESTORED TO VARIABLE.
                   PARAMETER    7  w_CBO RESTORED TO VARIABLE.
                   PARAMETER    6  A_CBO RESTORED TO VARIABLE.
                   PARAMETER    4  phi RESTORED TO VARIABLE.
                   PARAMETER    3  A0 RESTORED TO VARIABLE.
                   PARAMETER    1  N0 RESTORED TO VARIABLE.
 **********
 **   77 **FIX            0
 **********
 PARAMETER    0  IS UNDEFINED. IGNORED.
 **********
 **   78 **FIX            1
 **********
 **********
 **   79 **FIX            2
 **********
 PARAMETER    2  IS CONSTANT.   IGNORED.
 **********
 **   80 **FIX            3
 **********
 **********
 **   81 **FIX            4
 **********
 **********
 **   82 **FIX            5
 **********
 PARAMETER    5  IS CONSTANT.   IGNORED.
 **********
 **   83 **FIX            6
 **********
 **********
 **   84 **FIX            7
 **********
 **********
 **   85 **FIX            8
 **********
 **********
 **   86 **FIX            9
 **********
 PARAMETER    9  IS CONSTANT.   IGNORED.
 **********
 **   87 **FIX           10
 **********
 PARAMETER   10  IS CONSTANT.   IGNORED.
 **********
 **   88 **FIX           11
 **********
 PARAMETER   11  IS CONSTANT.   IGNORED.
 **********
 **   89 **FIX           12
 **********
 PARAMETER   12  IS CONSTANT.   IGNORED.
 **********
 **   90 **FIX           16
 **********
 PARAMETER   16  IS CONSTANT.   IGNORED.
 **********
 **   91 **MIGRAD
 **********
 START MIGRAD MINIMIZATION.  STRATEGY  1.  CONVERGENCE WHEN EDM .LT. 1.00e-04
 FCN=348.319 FROM MIGRAD    STATUS=INITIATE       10 CALLS         799 TOTAL
                     EDM= unknown      STRATEGY= 1      NO ERROR MATRIX       
  EXT PARAMETER               CURRENT GUESS       STEP         FIRST   
  NO.   NAME      VALUE            ERROR          SIZE      DERIVATIVE 
   1  N0           3.11195e+06     fixed    
   2  tau          6.44114e+01   constant   
   3  A0           3.64325e-01     fixed    
   4  phi          4.11779e+00     fixed    
   5  R           -6.00079e+01   constant   
   6  A_CBO        4.01194e-04     fixed    
   7  w_CBO        2.32259e+00     fixed    
   8  phi_CBO      1.81604e+00     fixed    
   9  ANx2         3.40456e-04   constant   
  10  pNx2         3.19484e+00   constant   
  11  ANy1         0.00000e+00   constant   
  12  pNy1         0.00000e+00   constant   
  13  w_y          0.00000e+00   constant   
  14  ANy2         5.45631e-05   3.02525e-04   3.02525e-04   4.73117e-01
  15  pNy2         5.11372e+00   constant   
  16  w_vw         1.43155e+01   constant   
  17  LM           3.07992e-04   constant   
  18  wCBO_expCoeff   2.00043e+02   6.43887e-02   9.53879e-05  -1.93876e-01
  19  wCBO_expOffset   2.00006e+02   1.01240e-02   9.53703e-05  -7.65773e-01
  20  wCBO_expT    2.99920e+01   2.57406e-03   1.43013e-05  -5.09793e+00
  21  wCBO_linCoeff   0.00000e+00   constant   
  22  wCBO_const   3.81455e-03   9.57789e-04   4.87980e-06  -2.32514e+00
 MIGRAD MINIMIZATION HAS CONVERGED.
 MIGRAD WILL VERIFY CONVERGENCE AND ERROR MATRIX.
 FCN=348.319 FROM MIGRAD    STATUS=CONVERGED      55 CALLS         844 TOTAL
                     EDM=2.29111e-05    STRATEGY= 1      ERR MATRIX NOT POS-DEF
  EXT PARAMETER                APPROXIMATE        STEP         FIRST   
  NO.   NAME      VALUE            ERROR          SIZE      DERIVATIVE 
   1  N0           3.11195e+06     fixed    
   2  tau          6.44114e+01   constant   
   3  A0           3.64325e-01     fixed    
   4  phi          4.11779e+00     fixed    
   5  R           -6.00079e+01   constant   
   6  A_CBO        4.01194e-04     fixed    
   7  w_CBO        2.32259e+00     fixed    
   8  phi_CBO      1.81604e+00     fixed    
   9  ANx2         3.40456e-04   constant   
  10  pNx2         3.19484e+00   constant   
  11  ANy1         0.00000e+00   constant   
  12  pNy1         0.00000e+00   constant   
  13  w_y          0.00000e+00   constant   
  14  ANy2         5.45553e-05   3.02517e-04   2.76067e-06   7.12875e-01
  15  pNy2         5.11372e+00   constant   
  16  w_vw         1.43155e+01   constant   
  17  LM           3.07992e-04   constant   
  18  wCBO_expCoeff   2.00043e+02   6.43458e-02   9.53879e-05   1.22909e-01
  19  wCBO_expOffset   2.00006e+02   1.01110e-02   9.53703e-05   8.22123e-01
  20  wCBO_expT    2.99920e+01   2.57393e-03   1.43013e-05  -1.31451e+00
  21  wCBO_linCoeff   0.00000e+00   constant   
  22  wCBO_const   3.81467e-03   9.58145e-04   4.87982e-06   4.34001e-01
 EXTERNAL ERROR MATRIX.    NDIM=  25    NPAR=  5    ERR DEF=1
  9.152e-08 -4.265e-09 -3.036e-08  2.566e-09  6.695e-09 
 -4.265e-09  4.140e-03 -6.016e-04 -1.196e-05  3.141e-06 
 -3.036e-08 -6.016e-04  1.022e-04 -7.779e-06  1.592e-06 
  2.566e-09 -1.196e-05 -7.779e-06  6.625e-06 -1.734e-06 
  6.695e-09  3.141e-06  1.592e-06 -1.734e-06  9.180e-07 
ERR MATRIX NOT POS-DEF
 PARAMETER  CORRELATION COEFFICIENTS  
       NO.  GLOBAL     14     18     19     20     22
       14  0.08997   1.000 -0.000 -0.010  0.003  0.023
       18  0.99647  -0.000  1.000 -0.925 -0.072  0.051
       19  0.99679  -0.010 -0.925  1.000 -0.299  0.164
       20  0.98368   0.003 -0.072 -0.299  1.000 -0.703
       22  0.83130   0.023  0.051  0.164 -0.703  1.000
 ERR MATRIX NOT POS-DEF
MINUIT - FIT ALTOGETHER
 **********
 **   92 **RES 
 **********
                   PARAMETER    8  phi_CBO RESTORED TO VARIABLE.
                   PARAMETER    7  w_CBO RESTORED TO VARIABLE.
                   PARAMETER    6  A_CBO RESTORED TO VARIABLE.
                   PARAMETER    4  phi RESTORED TO VARIABLE.
                   PARAMETER    3  A0 RESTORED TO VARIABLE.
                   PARAMETER    1  N0 RESTORED TO VARIABLE.
 **********
 **   93 **MIGRAD
 **********
 START MIGRAD MINIMIZATION.  STRATEGY  1.  CONVERGENCE WHEN EDM .LT. 1.00e-04
 FCN=348.319 FROM MIGRAD    STATUS=INITIATE       22 CALLS         866 TOTAL
                     EDM= unknown      STRATEGY= 1      NO ERROR MATRIX       
  EXT PARAMETER               CURRENT GUESS       STEP         FIRST   
  NO.   NAME      VALUE            ERROR          SIZE      DERIVATIVE 
   1  N0           3.11195e+06   6.66333e+02   6.66333e+02  -1.31466e-03
   2  tau          6.44114e+01   constant   
   3  A0           3.64325e-01   2.84630e-04   2.84630e-04   3.35184e+02
   4  phi          4.11779e+00   8.10552e-04   8.10552e-04   5.20469e+02
   5  R           -6.00079e+01   constant   
   6  A_CBO        4.01194e-04   3.17200e-04   3.17200e-04  -2.96165e+00
   7  w_CBO        2.32259e+00   5.99865e-04   5.99865e-04   1.09048e+01
   8  phi_CBO      1.81604e+00   8.99176e-01   8.99176e-01   4.28297e-05
   9  ANx2         3.40456e-04   constant   
  10  pNx2         3.19484e+00   constant   
  11  ANy1         0.00000e+00   constant   
  12  pNy1         0.00000e+00   constant   
  13  w_y          0.00000e+00   constant   
  14  ANy2         5.45553e-05   3.02517e-04   2.76067e-06   7.12876e-01
  15  pNy2         5.11372e+00   constant   
  16  w_vw         1.43155e+01   constant   
  17  LM           3.07992e-04   constant   
  18  wCBO_expCoeff   2.00043e+02   6.43458e-02   9.53879e-05   1.24255e-01
  19  wCBO_expOffset   2.00006e+02   1.01110e-02   9.53703e-05   1.35231e+00
  20  wCBO_expT    2.99920e+01   2.57393e-03   1.43013e-05  -1.25395e+00
