 + ++++++++++++++++++++++++++++++++++++++++++++++++++++++++++++++++++++ +
 +                                                                      +
 +           You have chose to blind your fitting according to          +
 +                omega_ref * (1 + (R +/- deltaR) *10^{-6})             +
 +                                                                      +
 + ++++++++++++++++++++++++++++++++++++++++++++++++++++++++++++++++++++ +
In main()...
reading format from /gm2data/zkhechad/run45/envelope/formats/formatB_sBin_constraintOn.txt
pBinTau 	= 0  
pBinPhi 	= 0  
constraintau 	= 1 
includeMopTerm 	= 0    
constrainMop    = 0   
Parameters after format file: pBinTau 0 pBinPhi 0 constraintau 1 includeMopTerm 0 constrainMop 0 c_e_scale 0.000000 
reading cbo reference file (full fit) from /gm2data/zkhechad/cboTemplates/Run4CBOTemplates/fullFits/run4/sBin_constraintOn_cE0.0_seed0_run4_calo14.root
A_CBO 0.007725 w_CBO 2.327367 phi_CBO 5.940248 N0 3305546.525918 R -60.591491 tau 64.400381 
Reading cboRef file /gm2data/zkhechad/cboTemplates/Run4CBOTemplates//cboIsolate/run4_calo14.root
deltaT 164.120000
windowBins = 1100
fitting sliding window 1440 from bin 1643 at 245.135600 to bin 2743 at 409.255600 (1100 bins)

Reading data from /gm2data/cornell/histograms/aMethod/histogram_a_run4.root
fitting cbo isolate
 **********
 **    1 **SET PRINTOUT            1
 **********
 **********
 **    2 **SET NOWARNINGS 
 **********
 PARAMETER DEFINITIONS:
    NO.   NAME         VALUE      STEP SIZE      LIMITS
     1 A_CBO        7.72458e-03  1.00000e-05     no limits
     2 w_CBO        2.32737e+00  1.00000e-02    2.00000e+00  3.00000e+00
     3 phi_CBO      5.94025e+00  1.00000e-02    0.00000e+00  6.28319e+00
 **********
 **    3 **MIGRAD
 **********
 FIRST CALL TO USER FUNCTION AT NEW START POINT, WITH IFLAG=4.
 START MIGRAD MINIMIZATION.  STRATEGY  1.  CONVERGENCE WHEN EDM .LT. 1.00e-04
 FCN=0.0467404 FROM MIGRAD    STATUS=INITIATE       12 CALLS          13 TOTAL
                     EDM= unknown      STRATEGY= 1      NO ERROR MATRIX       
  EXT PARAMETER               CURRENT GUESS       STEP         FIRST   
  NO.   NAME      VALUE            ERROR          SIZE      DERIVATIVE 
   1  A_CBO        7.72458e-03   1.00000e-05   1.00000e-05   6.21692e+00
   2  w_CBO        2.32737e+00   1.00000e-02   2.13128e-02   3.70386e-01
   3  phi_CBO      5.94025e+00   1.00000e-02   7.00705e-03  -3.37494e-03
 MIGRAD MINIMIZATION HAS CONVERGED.
 MIGRAD WILL VERIFY CONVERGENCE AND ERROR MATRIX.
 COVARIANCE MATRIX CALCULATED SUCCESSFULLY
 FCN=0.0291589 FROM MIGRAD    STATUS=CONVERGED      49 CALLS          50 TOTAL
                     EDM=1.45031e-06    STRATEGY= 1      ERROR MATRIX ACCURATE 
  EXT PARAMETER                                   STEP         FIRST   
  NO.   NAME      VALUE            ERROR          SIZE      DERIVATIVE 
   1  A_CBO        2.08529e-03   4.27130e-02   2.11167e-05  -1.61219e-02
   2  w_CBO        2.32716e+00   2.72356e-01   6.62073e-05   4.50744e-03
   3  phi_CBO      5.99961e+00   5.74536e+00   9.64897e-03  -1.84290e-05
 EXTERNAL ERROR MATRIX.    NDIM=  25    NPAR=  3    ERR DEF=1
  1.824e-03 -8.285e-04 -2.643e-01 
 -8.285e-04  8.444e-02  2.686e+01 
 -2.643e-01  2.686e+01  8.956e+03 
 PARAMETER  CORRELATION COEFFICIENTS  
       NO.  GLOBAL      1      2      3
        1  0.06676   1.000 -0.067 -0.065
        2  0.97662  -0.067  1.000  0.977
        3  0.97662  -0.065  0.977  1.000
setting A_CBO=0.002085 w_CBO=2.327162, phi_CBO=5.999607
done fitting cbo isolate
 **********
 **    1 **SET PRINTOUT            1
 **********
 **********
 **    2 **SET NOWARNINGS 
 **********
 PARAMETER DEFINITIONS:
    NO.   NAME         VALUE      STEP SIZE      LIMITS
     1 N0           3.30555e+06  1.00000e+02     no limits
     2 tau          6.44004e+01  constant
     3 A0           3.62072e-01  1.00000e-04     no limits
     4 phi          4.12124e+00  1.00000e-02     no limits
     5 R           -6.05915e+01  constant
     6 A_CBO        2.08529e-03  1.00000e-05     no limits
     7 w_CBO        2.32716e+00  1.00000e-03     no limits
     8 phi_CBO      5.99961e+00  1.00000e-04     no limits
     9 ANx2         3.16430e-04  constant
    10 pNx2         2.82055e+00  constant
    11 ANy1         0.00000e+00  constant
    12 pNy1         0.00000e+00  constant
    13 w_y          0.00000e+00  constant
    14 ANy2         7.39162e-03  1.00000e-04     no limits
    15 pNy2         2.23607e+00  constant
    16 w_vw         1.43191e+01  constant
    17 LM          -1.34420e-04  constant
    18 wCBO_expCoeff   2.00000e+02  1.00000e+00     no limits
    19 wCBO_expOffset   2.00000e+02  1.00000e+00     no limits
    20 wCBO_expT    3.00000e+01  1.00000e+00     no limits
    21 wCBO_linCoeff   0.00000e+00  constant
    22 wCBO_const   0.00000e+00  1.00000e-02     no limits
MINUIT - FIT ONLY WIGGLE
 **********
 **    3 **FIX            5
 **********
 PARAMETER    5  IS CONSTANT.   IGNORED.
 **********
 **    4 **FIX            6
 **********
 **********
 **    5 **FIX            7
 **********
 **********
 **    6 **FIX            8
 **********
 **********
 **    7 **FIX            9
 **********
 PARAMETER    9  IS CONSTANT.   IGNORED.
 **********
 **    8 **FIX           10
 **********
 PARAMETER   10  IS CONSTANT.   IGNORED.
 **********
 **    9 **FIX           11
 **********
 PARAMETER   11  IS CONSTANT.   IGNORED.
 **********
 **   10 **FIX           12
 **********
 PARAMETER   12  IS CONSTANT.   IGNORED.
 **********
 **   11 **FIX           13
 **********
 PARAMETER   13  IS CONSTANT.   IGNORED.
 **********
 **   12 **FIX           14
 **********
 **********
 **   13 **FIX           15
 **********
 PARAMETER   15  IS CONSTANT.   IGNORED.
 **********
 **   14 **FIX           16
 **********
 PARAMETER   16  IS CONSTANT.   IGNORED.
 **********
 **   15 **MIGRAD
 **********
 FIRST CALL TO USER FUNCTION AT NEW START POINT, WITH IFLAG=4.
 START MIGRAD MINIMIZATION.  STRATEGY  1.  CONVERGENCE WHEN EDM .LT. 1.00e-04
 FCN=992.214 FROM MIGRAD    STATUS=INITIATE       34 CALLS          35 TOTAL
                     EDM= unknown      STRATEGY= 1      NO ERROR MATRIX       
  EXT PARAMETER               CURRENT GUESS       STEP         FIRST   
  NO.   NAME      VALUE            ERROR          SIZE      DERIVATIVE 
   1  N0           3.30555e+06   1.00000e+02   1.00000e+02   2.11048e-03
   2  tau          6.44004e+01   constant   
   3  A0           3.62072e-01   1.00000e-04   1.00000e-04   7.70718e+03
   4  phi          4.12124e+00   1.00000e-02   1.00000e-02  -4.45658e+02
   5  R           -6.05915e+01   constant   
   6  A_CBO        2.08529e-03     fixed    
   7  w_CBO        2.32716e+00     fixed    
   8  phi_CBO      5.99961e+00     fixed    
   9  ANx2         3.16430e-04   constant   
  10  pNx2         2.82055e+00   constant   
  11  ANy1         0.00000e+00   constant   
  12  pNy1         0.00000e+00   constant   
  13  w_y          0.00000e+00   constant   
  14  ANy2         7.39162e-03     fixed    
  15  pNy2         2.23607e+00   constant   
  16  w_vw         1.43191e+01   constant   
  17  LM          -1.34420e-04   constant   
  18  wCBO_expCoeff   2.00000e+02   1.00000e+00   1.00000e+00   4.00837e+02
  19  wCBO_expOffset   2.00000e+02   1.00000e+00   1.00000e+00   2.66784e+03
  20  wCBO_expT    3.00000e+01   1.00000e+00   1.00000e+00   9.62344e+03
  21  wCBO_linCoeff   0.00000e+00   constant   
  22  wCBO_const   0.00000e+00   1.00000e-02   1.00000e-02   1.04436e+04
 MIGRAD MINIMIZATION HAS CONVERGED.
 FCN=965.273 FROM MIGRAD    STATUS=CONVERGED     227 CALLS         228 TOTAL
                     EDM=6.05702e-06    STRATEGY= 1  ERROR MATRIX UNCERTAINTY   2.4 per cent
  EXT PARAMETER                                   STEP         FIRST   
  NO.   NAME      VALUE            ERROR          SIZE      DERIVATIVE 
   1  N0           3.30523e+06   7.36652e+02   2.34498e+00   1.75688e-06
   2  tau          6.44004e+01   constant   
   3  A0           3.61678e-01   2.91211e-04   5.34413e-07   1.22177e+00
   4  phi          4.12091e+00   8.49320e-04  -1.50614e-05   1.51871e+00
   5  R           -6.05915e+01   constant   
   6  A_CBO        2.08529e-03     fixed    
   7  w_CBO        2.32716e+00     fixed    
   8  phi_CBO      5.99961e+00     fixed    
   9  ANx2         3.16430e-04   constant   
  10  pNx2         2.82055e+00   constant   
  11  ANy1         0.00000e+00   constant   
  12  pNy1         0.00000e+00   constant   
  13  w_y          0.00000e+00   constant   
  14  ANy2         7.39162e-03     fixed    
  15  pNy2         2.23607e+00   constant   
  16  w_vw         1.43191e+01   constant   
  17  LM          -1.34420e-04   constant   
  18  wCBO_expCoeff   2.00026e+02   1.15924e-02  -1.95100e-04   7.73084e-01
  19  wCBO_expOffset   2.00003e+02   1.70842e-03  -2.91158e-05   6.08969e+00
  20  wCBO_expT    2.99872e+01   1.69389e-03   3.27959e-05   8.76385e+00
  21  wCBO_linCoeff   0.00000e+00   constant   
  22  wCBO_const   3.02528e-04   6.48028e-04  -6.81535e-06   3.77711e+00
 EXTERNAL ERROR MATRIX.    NDIM=  25    NPAR=  7    ERR DEF=1
  5.427e+05  8.967e-04  1.509e-02  5.082e-01  7.035e-02 -1.014e-01  2.580e-02 
  8.967e-04  8.480e-08 -6.494e-09  4.655e-08  4.650e-09 -1.737e-08  6.983e-09 
  1.509e-02 -6.494e-09  7.213e-07 -4.450e-07 -3.987e-08  1.252e-07 -4.550e-08 
  5.082e-01  4.655e-08 -4.450e-07  1.344e-04  4.528e-06 -1.474e-05  3.800e-06 
  7.035e-02  4.650e-09 -3.987e-08  4.528e-06  2.919e-06 -2.123e-06  5.367e-07 
 -1.014e-01 -1.737e-08  1.252e-07 -1.474e-05 -2.123e-06  2.869e-06 -8.743e-07 
  2.580e-02  6.983e-09 -4.550e-08  3.800e-06  5.367e-07 -8.743e-07  4.199e-07 
 PARAMETER  CORRELATION COEFFICIENTS  
       NO.  GLOBAL      1      3      4     18     19     20     22
        1  0.09424   1.000  0.004  0.024  0.060  0.056 -0.081  0.054
        3  0.07482   0.004  1.000 -0.026  0.014  0.009 -0.035  0.037
        4  0.15989   0.024 -0.026  1.000 -0.045 -0.027  0.087 -0.083
       18  0.93125   0.060  0.014 -0.045  1.000  0.229 -0.751  0.506
       19  0.92770   0.056  0.009 -0.027  0.229  1.000 -0.734  0.485
       20  0.98140  -0.081 -0.035  0.087 -0.751 -0.734  1.000 -0.797
       22  0.88384   0.054  0.037 -0.083  0.506  0.485 -0.797  1.000
MINUIT - FIT ONLY 1-CBO + other amplitudes 
 **********
 **   16 **RES 
 **********
                   PARAMETER   14  ANy2 RESTORED TO VARIABLE.
                   PARAMETER    8  phi_CBO RESTORED TO VARIABLE.
                   PARAMETER    7  w_CBO RESTORED TO VARIABLE.
                   PARAMETER    6  A_CBO RESTORED TO VARIABLE.
 **********
 **   17 **FIX            0
 **********
 PARAMETER    0  IS UNDEFINED. IGNORED.
 **********
 **   18 **FIX            1
 **********
 **********
 **   19 **FIX            2
 **********
 PARAMETER    2  IS CONSTANT.   IGNORED.
 **********
 **   20 **FIX            3
 **********
 **********
 **   21 **FIX            4
 **********
 **********
 **   22 **FIX            9
 **********
 PARAMETER    9  IS CONSTANT.   IGNORED.
 **********
 **   23 **FIX           11
 **********
 PARAMETER   11  IS CONSTANT.   IGNORED.
 **********
 **   24 **FIX           12
 **********
 PARAMETER   12  IS CONSTANT.   IGNORED.
 **********
 **   25 **FIX           14
 **********
 **********
 **   26 **FIX           15
 **********
 PARAMETER   15  IS CONSTANT.   IGNORED.
 **********
 **   27 **FIX           16
 **********
 PARAMETER   16  IS CONSTANT.   IGNORED.
 **********
 **   28 **MIGRAD
 **********
 START MIGRAD MINIMIZATION.  STRATEGY  1.  CONVERGENCE WHEN EDM .LT. 1.00e-04
 FCN=965.273 FROM MIGRAD    STATUS=INITIATE       22 CALLS         250 TOTAL
                     EDM= unknown      STRATEGY= 1      NO ERROR MATRIX       
  EXT PARAMETER               CURRENT GUESS       STEP         FIRST   
  NO.   NAME      VALUE            ERROR          SIZE      DERIVATIVE 
   1  N0           3.30523e+06     fixed    
   2  tau          6.44004e+01   constant   
   3  A0           3.61678e-01     fixed    
   4  phi          4.12091e+00     fixed    
   5  R           -6.05915e+01   constant   
   6  A_CBO        2.08529e-03   1.00000e-05   1.00000e-05   3.29103e+04
   7  w_CBO        2.32716e+00   1.00000e-03   1.00000e-03   6.80685e+01
   8  phi_CBO      5.99961e+00   1.00000e-04   1.00000e-04   2.03446e+00
   9  ANx2         3.16430e-04   constant   
  10  pNx2         2.82055e+00   constant   
  11  ANy1         0.00000e+00   constant   
  12  pNy1         0.00000e+00   constant   
  13  w_y          0.00000e+00   constant   
  14  ANy2         7.39162e-03     fixed    
  15  pNy2         2.23607e+00   constant   
  16  w_vw         1.43191e+01   constant   
  17  LM          -1.34420e-04   constant   
  18  wCBO_expCoeff   2.00026e+02   1.15924e-02  -1.95100e-04   7.73084e-01
  19  wCBO_expOffset   2.00003e+02   1.70842e-03  -2.91158e-05   6.08969e+00
  20  wCBO_expT    2.99872e+01   1.69389e-03   3.27959e-05   8.76385e+00
  21  wCBO_linCoeff   0.00000e+00   constant   
  22  wCBO_const   3.02528e-04   6.48028e-04  -6.81535e-06   3.77711e+00
 MIGRAD MINIMIZATION HAS CONVERGED.
 MIGRAD WILL VERIFY CONVERGENCE AND ERROR MATRIX.
 FCN=940.046 FROM MIGRAD    STATUS=CONVERGED     209 CALLS         437 TOTAL
                     EDM=9.34778e-07    STRATEGY= 1      ERR MATRIX NOT POS-DEF
  EXT PARAMETER                APPROXIMATE        STEP         FIRST   
  NO.   NAME      VALUE            ERROR          SIZE      DERIVATIVE 
   1  N0           3.30523e+06     fixed    
   2  tau          6.44004e+01   constant   
   3  A0           3.61678e-01     fixed    
   4  phi          4.12091e+00     fixed    
   5  R           -6.05915e+01   constant   
   6  A_CBO        5.58617e-04   3.02627e-04   4.55174e-06  -4.99506e-01
   7  w_CBO        2.32719e+00   3.91771e-04   1.10969e-06   7.71986e+00
   8  phi_CBO      5.82685e+00   6.42757e-01   8.41573e-03   7.71206e-04
   9  ANx2         3.16430e-04   constant   
  10  pNx2         2.82055e+00   constant   
  11  ANy1         0.00000e+00   constant   
  12  pNy1         0.00000e+00   constant   
  13  w_y          0.00000e+00   constant   
  14  ANy2         7.39162e-03     fixed    
  15  pNy2         2.23607e+00   constant   
  16  w_vw         1.43191e+01   constant   
  17  LM          -1.34420e-04   constant   
  18  wCBO_expCoeff   2.00029e+02   3.54151e-02   9.53811e-05   8.65177e-02
  19  wCBO_expOffset   2.00004e+02   7.72394e-03   9.53692e-05   5.95525e-01
  20  wCBO_expT    2.99865e+01   1.48600e-03   1.42987e-05   1.88649e+00
  21  wCBO_linCoeff   0.00000e+00   constant   
  22  wCBO_const   4.02679e-04   7.61774e-04   5.72660e-06   6.58954e-01
 EXTERNAL ERROR MATRIX.    NDIM=  25    NPAR=  7    ERR DEF=1
  9.158e-08  3.215e-09 -2.767e-06  3.165e-07 -1.504e-07  4.254e-08 -1.682e-08 
  3.215e-09  1.535e-07  9.043e-07  1.204e-06 -2.074e-06 -4.163e-08 -5.835e-08 
 -2.767e-06  9.043e-07  4.131e-01 -5.173e-05 -2.955e-06 -3.522e-05  1.704e-04 
  3.165e-07  1.204e-06 -5.173e-05  1.254e-03 -1.962e-04 -3.391e-06 -2.323e-07 
 -1.504e-07 -2.074e-06 -2.955e-06 -1.962e-04  5.966e-05 -2.254e-06  1.486e-06 
  4.254e-08 -4.163e-08 -3.522e-05 -3.391e-06 -2.254e-06  2.208e-06 -6.942e-07 
 -1.682e-08 -5.835e-08  1.704e-04 -2.323e-07  1.486e-06 -6.942e-07  5.803e-07 
ERR MATRIX NOT POS-DEF
 PARAMETER  CORRELATION COEFFICIENTS  
       NO.  GLOBAL      6      7      8     18     19     20     22
        6  0.10638   1.000  0.027 -0.014  0.030 -0.064  0.095 -0.073
        7  0.99257   0.027  1.000  0.004  0.087 -0.686 -0.072 -0.196
        8  0.50127  -0.014  0.004  1.000 -0.002 -0.001 -0.037  0.348
       18  0.99274   0.030  0.087 -0.002  1.000 -0.717 -0.064 -0.009
       19  0.99657  -0.064 -0.686 -0.001 -0.717  1.000 -0.196  0.253
       20  0.97528   0.095 -0.072 -0.037 -0.064 -0.196  1.000 -0.613
       22  0.86779  -0.073 -0.196  0.348 -0.009  0.253 -0.613  1.000
 ERR MATRIX NOT POS-DEF
MINUIT - FIT ONLY 1-CBO
 **********
 **   29 **RES 
 **********
                   PARAMETER   14  ANy2 RESTORED TO VARIABLE.
                   PARAMETER    4  phi RESTORED TO VARIABLE.
                   PARAMETER    3  A0 RESTORED TO VARIABLE.
                   PARAMETER    1  N0 RESTORED TO VARIABLE.
 **********
 **   30 **FIX            0
 **********
 PARAMETER    0  IS UNDEFINED. IGNORED.
 **********
 **   31 **FIX            1
 **********
 **********
 **   32 **FIX            2
 **********
 PARAMETER    2  IS CONSTANT.   IGNORED.
 **********
 **   33 **FIX            3
 **********
 **********
 **   34 **FIX            4
 **********
 **********
 **   35 **FIX            8
 **********
 **********
 **   36 **FIX            9
 **********
 PARAMETER    9  IS CONSTANT.   IGNORED.
 **********
 **   37 **FIX           11
 **********
 PARAMETER   11  IS CONSTANT.   IGNORED.
 **********
 **   38 **FIX           12
 **********
 PARAMETER   12  IS CONSTANT.   IGNORED.
 **********
 **   39 **FIX           13
 **********
 PARAMETER   13  IS CONSTANT.   IGNORED.
 **********
 **   40 **FIX           15
 **********
 PARAMETER   15  IS CONSTANT.   IGNORED.
 **********
 **   41 **FIX           16
 **********
 PARAMETER   16  IS CONSTANT.   IGNORED.
 **********
 **   42 **MIGRAD
 **********
 START MIGRAD MINIMIZATION.  STRATEGY  1.  CONVERGENCE WHEN EDM .LT. 1.00e-04
 FCN=940.046 FROM MIGRAD    STATUS=INITIATE       16 CALLS         453 TOTAL
                     EDM= unknown      STRATEGY= 1      NO ERROR MATRIX       
  EXT PARAMETER               CURRENT GUESS       STEP         FIRST   
  NO.   NAME      VALUE            ERROR          SIZE      DERIVATIVE 
   1  N0           3.30523e+06     fixed    
   2  tau          6.44004e+01   constant   
   3  A0           3.61678e-01     fixed    
   4  phi          4.12091e+00     fixed    
   5  R           -6.05915e+01   constant   
   6  A_CBO        5.58617e-04   3.02627e-04   4.55174e-06  -4.99505e-01
   7  w_CBO        2.32719e+00   3.91771e-04   1.10969e-06   8.27924e+00
   8  phi_CBO      5.82685e+00     fixed    
   9  ANx2         3.16430e-04   constant   
  10  pNx2         2.82055e+00   constant   
  11  ANy1         0.00000e+00   constant   
  12  pNy1         0.00000e+00   constant   
  13  w_y          0.00000e+00   constant   
  14  ANy2         7.39162e-03   1.00000e-04   1.00000e-04   1.54391e+05
  15  pNy2         2.23607e+00   constant   
  16  w_vw         1.43191e+01   constant   
  17  LM          -1.34420e-04   constant   
  18  wCBO_expCoeff   2.00029e+02   3.54151e-02   9.53811e-05   9.27958e-02
  19  wCBO_expOffset   2.00004e+02   7.72394e-03   9.53692e-05   2.45604e+00
  20  wCBO_expT    2.99865e+01   1.48600e-03   1.42987e-05   1.88536e+00
  21  wCBO_linCoeff   0.00000e+00   constant   
  22  wCBO_const   4.02679e-04   7.61774e-04   5.72660e-06   6.54052e-01
 MIGRAD MINIMIZATION HAS CONVERGED.
 MIGRAD WILL VERIFY CONVERGENCE AND ERROR MATRIX.
 COVARIANCE MATRIX CALCULATED SUCCESSFULLY
 FCN=369.814 FROM MIGRAD    STATUS=CONVERGED     180 CALLS         617 TOTAL
                     EDM=9.53987e-06    STRATEGY= 1      ERROR MATRIX ACCURATE 
  EXT PARAMETER                                   STEP         FIRST   
  NO.   NAME      VALUE            ERROR          SIZE      DERIVATIVE 
   1  N0           3.30523e+06     fixed    
   2  tau          6.44004e+01   constant   
   3  A0           3.61678e-01     fixed    
   4  phi          4.12091e+00     fixed    
   5  R           -6.05915e+01   constant   
   6  A_CBO        1.40687e-04   3.16124e-04   2.85836e-06  -3.41723e+00
   7  w_CBO        2.32717e+00   2.20577e-03   1.10968e-06   4.93304e+01
   8  phi_CBO      5.82685e+00     fixed    
   9  ANx2         3.16430e-04   constant   
  10  pNx2         2.82055e+00   constant   
  11  ANy1         0.00000e+00   constant   
  12  pNy1         0.00000e+00   constant   
  13  w_y          0.00000e+00   constant   
  14  ANy2         6.22615e-06   3.09234e-04   2.90192e-06   6.13173e+00
  15  pNy2         2.23607e+00   constant   
  16  w_vw         1.43191e+01   constant   
  17  LM          -1.34420e-04   constant   
  18  wCBO_expCoeff   2.00027e+02   1.92671e-01   9.53805e-05   5.36854e-01
  19  wCBO_expOffset   2.00003e+02   1.05321e-02   9.53691e-05   3.56508e+00
  20  wCBO_expT    2.99870e+01   2.64875e-03   1.42989e-05   7.19642e+00
  21  wCBO_linCoeff   0.00000e+00   constant   
  22  wCBO_const  -9.25160e-05   1.27290e-03   4.54600e-06   7.42085e+00
 EXTERNAL ERROR MATRIX.    NDIM=  25    NPAR=  7    ERR DEF=1
  9.993e-08 -5.367e-09  5.264e-09 -4.076e-07 -1.473e-07  1.922e-07 -6.246e-08 
 -5.367e-09  4.865e-06  4.979e-10 -3.893e-04 -3.567e-06 -4.397e-07 -2.018e-06 
  5.264e-09  4.979e-10  9.563e-08  9.072e-08 -2.031e-08 -6.589e-11  3.808e-09 
 -4.076e-07 -3.893e-04  9.072e-08  3.712e-02 -4.557e-04 -5.386e-05  1.761e-04 
 -1.473e-07 -3.567e-06 -2.031e-08 -4.557e-04  1.109e-04  2.107e-06  1.220e-06 
  1.922e-07 -4.397e-07 -6.589e-11 -5.386e-05  2.107e-06  7.016e-06 -1.299e-06 
 -6.246e-08 -2.018e-06  3.808e-09  1.761e-04  1.220e-06 -1.299e-06  1.620e-06 
 PARAMETER  CORRELATION COEFFICIENTS  
       NO.  GLOBAL      6      7     14     18     19     20     22
        6  0.27494   1.000 -0.008  0.054 -0.007 -0.044  0.229 -0.155
        7  0.99968  -0.008  1.000  0.001 -0.916 -0.154 -0.075 -0.719
       14  0.06250   0.054  0.001  1.000  0.002 -0.006 -0.000  0.010
       18  0.99967  -0.007 -0.916  0.002  1.000 -0.225 -0.106  0.718
       19  0.99748  -0.044 -0.154 -0.006 -0.225  1.000  0.076  0.091
       20  0.98926   0.229 -0.075 -0.000 -0.106  0.076  1.000 -0.385
       22  0.92553  -0.155 -0.719  0.010  0.718  0.091 -0.385  1.000
MINUIT - FIT ONLY 2-CBO
 **********
 **   43 **RES 
 **********
                   PARAMETER    8  phi_CBO RESTORED TO VARIABLE.
                   PARAMETER    4  phi RESTORED TO VARIABLE.
                   PARAMETER    3  A0 RESTORED TO VARIABLE.
                   PARAMETER    1  N0 RESTORED TO VARIABLE.
 **********
 **   44 **FIX            0
 **********
 PARAMETER    0  IS UNDEFINED. IGNORED.
 **********
 **   45 **FIX            1
 **********
 **********
 **   46 **FIX            2
 **********
 PARAMETER    2  IS CONSTANT.   IGNORED.
 **********
 **   47 **FIX            3
 **********
 **********
 **   48 **FIX            4
 **********
 **********
 **   49 **FIX            5
 **********
 PARAMETER    5  IS CONSTANT.   IGNORED.
 **********
 **   50 **FIX            6
 **********
 **********
 **   51 **FIX            7
 **********
 **********
 **   52 **FIX           10
 **********
 PARAMETER   10  IS CONSTANT.   IGNORED.
 **********
 **   53 **FIX           11
 **********
 PARAMETER   11  IS CONSTANT.   IGNORED.
 **********
 **   54 **FIX           12
 **********
 PARAMETER   12  IS CONSTANT.   IGNORED.
 **********
 **   55 **FIX           13
 **********
 PARAMETER   13  IS CONSTANT.   IGNORED.
 **********
 **   56 **FIX           14
 **********
 **********
 **   57 **FIX           15
 **********
 PARAMETER   15  IS CONSTANT.   IGNORED.
 **********
 **   58 **FIX           16
 **********
 PARAMETER   16  IS CONSTANT.   IGNORED.
 **********
 **   59 **MIGRAD
 **********
 START MIGRAD MINIMIZATION.  STRATEGY  1.  CONVERGENCE WHEN EDM .LT. 1.00e-04
 FCN=369.814 FROM MIGRAD    STATUS=INITIATE       12 CALLS         629 TOTAL
                     EDM= unknown      STRATEGY= 1      NO ERROR MATRIX       
  EXT PARAMETER               CURRENT GUESS       STEP         FIRST   
  NO.   NAME      VALUE            ERROR          SIZE      DERIVATIVE 
   1  N0           3.30523e+06     fixed    
   2  tau          6.44004e+01   constant   
   3  A0           3.61678e-01     fixed    
   4  phi          4.12091e+00     fixed    
   5  R           -6.05915e+01   constant   
   6  A_CBO        1.40687e-04     fixed    
   7  w_CBO        2.32717e+00     fixed    
   8  phi_CBO      5.82685e+00   6.42757e-01   6.42757e-01  -6.34305e-02
   9  ANx2         3.16430e-04   constant   
  10  pNx2         2.82055e+00   constant   
  11  ANy1         0.00000e+00   constant   
  12  pNy1         0.00000e+00   constant   
  13  w_y          0.00000e+00   constant   
  14  ANy2         6.22615e-06     fixed    
  15  pNy2         2.23607e+00   constant   
  16  w_vw         1.43191e+01   constant   
  17  LM          -1.34420e-04   constant   
  18  wCBO_expCoeff   2.00027e+02   1.92671e-01   9.53805e-05   5.36686e-01
  19  wCBO_expOffset   2.00003e+02   1.05321e-02   9.53691e-05   3.51684e+00
  20  wCBO_expT    2.99870e+01   2.64875e-03   1.42989e-05   7.14764e+00
  21  wCBO_linCoeff   0.00000e+00   constant   
  22  wCBO_const  -9.25160e-05   1.27290e-03   4.54600e-06   7.42040e+00
 MIGRAD MINIMIZATION HAS CONVERGED.
 MIGRAD WILL VERIFY CONVERGENCE AND ERROR MATRIX.
 COVARIANCE MATRIX CALCULATED SUCCESSFULLY
 FCN=369.809 FROM MIGRAD    STATUS=CONVERGED      80 CALLS         697 TOTAL
                     EDM=5.48482e-05    STRATEGY= 1      ERROR MATRIX ACCURATE 
  EXT PARAMETER                                   STEP         FIRST   
  NO.   NAME      VALUE            ERROR          SIZE      DERIVATIVE 
   1  N0           3.30523e+06     fixed    
   2  tau          6.44004e+01   constant   
   3  A0           3.61678e-01     fixed    
   4  phi          4.12091e+00     fixed    
   5  R           -6.05915e+01   constant   
   6  A_CBO        1.40687e-04     fixed    
   7  w_CBO        2.32717e+00     fixed    
   8  phi_CBO      5.98824e+00   2.26536e+00   2.07594e-02  -3.97904e-04
   9  ANx2         3.16430e-04   constant   
  10  pNx2         2.82055e+00   constant   
  11  ANy1         0.00000e+00   constant   
  12  pNy1         0.00000e+00   constant   
  13  w_y          0.00000e+00   constant   
  14  ANy2         6.22615e-06     fixed    
  15  pNy2         2.23607e+00   constant   
  16  w_vw         1.43191e+01   constant   
  17  LM          -1.34420e-04   constant   
  18  wCBO_expCoeff   2.00027e+02   6.90102e-02   9.53805e-05  -1.09648e-01
  19  wCBO_expOffset   2.00003e+02   9.19188e-03   9.53691e-05  -7.32002e-01
  20  wCBO_expT    2.99870e+01   2.55328e-03   1.42989e-05   3.18112e+00
  21  wCBO_linCoeff   0.00000e+00   constant   
  22  wCBO_const  -9.18197e-05   8.58861e-04   4.53004e-06   2.03887e+00
 EXTERNAL ERROR MATRIX.    NDIM=  25    NPAR=  5    ERR DEF=1
  5.132e+00  3.947e-03  4.867e-04 -4.660e-04  1.481e-04 
  3.947e-03  4.762e-03 -5.744e-04 -8.037e-05  1.306e-05 
  4.867e-04 -5.744e-04  8.449e-05  1.161e-06 -2.046e-07 
 -4.660e-04 -8.037e-05  1.161e-06  6.519e-06 -1.348e-06 
  1.481e-04  1.306e-05 -2.046e-07 -1.348e-06  7.376e-07 
 PARAMETER  CORRELATION COEFFICIENTS  
       NO.  GLOBAL      8     18     19     20     22
        8  0.22387   1.000  0.025  0.023 -0.081  0.076
       18  0.99738   0.025  1.000 -0.905 -0.456  0.220
       19  0.99668   0.023 -0.905  1.000  0.049 -0.026
       20  0.98839  -0.081 -0.456  0.049  1.000 -0.615
       22  0.82783   0.076  0.220 -0.026 -0.615  1.000
MINUIT - FIT ONLY 1-y
 **********
 **   60 **RES 
 **********
                   PARAMETER   14  ANy2 RESTORED TO VARIABLE.
                   PARAMETER    7  w_CBO RESTORED TO VARIABLE.
                   PARAMETER    6  A_CBO RESTORED TO VARIABLE.
                   PARAMETER    4  phi RESTORED TO VARIABLE.
                   PARAMETER    3  A0 RESTORED TO VARIABLE.
                   PARAMETER    1  N0 RESTORED TO VARIABLE.
 **********
 **   61 **FIX            0
 **********
 PARAMETER    0  IS UNDEFINED. IGNORED.
 **********
 **   62 **FIX            1
 **********
 **********
 **   63 **FIX            2
 **********
 PARAMETER    2  IS CONSTANT.   IGNORED.
 **********
 **   64 **FIX            3
 **********
 **********
 **   65 **FIX            4
 **********
 **********
 **   66 **FIX            5
 **********
 PARAMETER    5  IS CONSTANT.   IGNORED.
 **********
 **   67 **FIX            6
 **********
 **********
 **   68 **FIX            7
 **********
 **********
 **   69 **FIX            8
 **********
 **********
 **   70 **FIX            9
 **********
 PARAMETER    9  IS CONSTANT.   IGNORED.
 **********
 **   71 **FIX           13
 **********
 PARAMETER   13  IS CONSTANT.   IGNORED.
 **********
 **   72 **FIX           14
 **********
 **********
 **   73 **FIX           15
 **********
 PARAMETER   15  IS CONSTANT.   IGNORED.
 **********
 **   74 **FIX           16
 **********
 PARAMETER   16  IS CONSTANT.   IGNORED.
 **********
 **   75 **MIGRAD
 **********
 START MIGRAD MINIMIZATION.  STRATEGY  1.  CONVERGENCE WHEN EDM .LT. 1.00e-04
 FCN=369.809 FROM MIGRAD    STATUS=INITIATE        8 CALLS         705 TOTAL
                     EDM= unknown      STRATEGY= 1      NO ERROR MATRIX       
  EXT PARAMETER               CURRENT GUESS       STEP         FIRST   
  NO.   NAME      VALUE            ERROR          SIZE      DERIVATIVE 
   1  N0           3.30523e+06     fixed    
   2  tau          6.44004e+01   constant   
   3  A0           3.61678e-01     fixed    
   4  phi          4.12091e+00     fixed    
   5  R           -6.05915e+01   constant   
   6  A_CBO        1.40687e-04     fixed    
   7  w_CBO        2.32717e+00     fixed    
   8  phi_CBO      5.98824e+00     fixed    
   9  ANx2         3.16430e-04   constant   
  10  pNx2         2.82055e+00   constant   
  11  ANy1         0.00000e+00   constant   
  12  pNy1         0.00000e+00   constant   
  13  w_y          0.00000e+00   constant   
  14  ANy2         6.22615e-06     fixed    
  15  pNy2         2.23607e+00   constant   
  16  w_vw         1.43191e+01   constant   
  17  LM          -1.34420e-04   constant   
  18  wCBO_expCoeff   2.00027e+02   6.90102e-02   9.53805e-05  -1.09996e-01
  19  wCBO_expOffset   2.00003e+02   9.19188e-03   9.53691e-05  -8.66645e-01
  20  wCBO_expT    2.99870e+01   2.55328e-03   1.42989e-05   3.12643e+00
  21  wCBO_linCoeff   0.00000e+00   constant   
  22  wCBO_const  -9.18197e-05   8.58861e-04   4.53004e-06   2.03843e+00
 MIGRAD MINIMIZATION HAS CONVERGED.
 MIGRAD WILL VERIFY CONVERGENCE AND ERROR MATRIX.
 COVARIANCE MATRIX CALCULATED SUCCESSFULLY
 FCN=369.809 FROM MIGRAD    STATUS=CONVERGED      54 CALLS         751 TOTAL
                     EDM=4.53095e-05    STRATEGY= 1      ERROR MATRIX ACCURATE 
  EXT PARAMETER                                   STEP         FIRST   
  NO.   NAME      VALUE            ERROR          SIZE      DERIVATIVE 
   1  N0           3.30523e+06     fixed    
   2  tau          6.44004e+01   constant   
   3  A0           3.61678e-01     fixed    
   4  phi          4.12091e+00     fixed    
   5  R           -6.05915e+01   constant   
   6  A_CBO        1.40687e-04     fixed    
   7  w_CBO        2.32717e+00     fixed    
   8  phi_CBO      5.98824e+00     fixed    
   9  ANx2         3.16430e-04   constant   
  10  pNx2         2.82055e+00   constant   
  11  ANy1         0.00000e+00   constant   
  12  pNy1         0.00000e+00   constant   
  13  w_y          0.00000e+00   constant   
  14  ANy2         6.22615e-06     fixed    
  15  pNy2         2.23607e+00   constant   
  16  w_vw         1.43191e+01   constant   
  17  LM          -1.34420e-04   constant   
  18  wCBO_expCoeff   2.00027e+02   6.87234e-02   9.53805e-05  -2.01265e-02
  19  wCBO_expOffset   2.00004e+02   9.15054e-03   9.53691e-05  -1.34864e-01
  20  wCBO_expT    2.99870e+01   2.54402e-03   1.42989e-05   2.55886e+00
  21  wCBO_linCoeff   0.00000e+00   constant   
  22  wCBO_const  -9.30570e-05   8.56228e-04   4.53013e-06  -3.97185e+00
 EXTERNAL ERROR MATRIX.    NDIM=  25    NPAR=  4    ERR DEF=1
  4.723e-03 -5.697e-04 -7.978e-05  1.291e-05 
 -5.697e-04  8.373e-05  1.178e-06 -2.145e-07 
 -7.978e-05  1.178e-06  6.472e-06 -1.333e-06 
  1.291e-05 -2.145e-07 -1.333e-06  7.331e-07 
 PARAMETER  CORRELATION COEFFICIENTS  
       NO.  GLOBAL     18     19     20     22
       18  0.99736   1.000 -0.906 -0.456  0.219
       19  0.99665  -0.906  1.000  0.051 -0.027
       20  0.98830  -0.456  0.051  1.000 -0.612
       22  0.82665   0.219 -0.027 -0.612  1.000
MINUIT - FIT ONLY 2-y
 **********
 **   76 **RES 
 **********
                   PARAMETER   14  ANy2 RESTORED TO VARIABLE.
                   PARAMETER    8  phi_CBO RESTORED TO VARIABLE.
                   PARAMETER    7  w_CBO RESTORED TO VARIABLE.
                   PARAMETER    6  A_CBO RESTORED TO VARIABLE.
                   PARAMETER    4  phi RESTORED TO VARIABLE.
                   PARAMETER    3  A0 RESTORED TO VARIABLE.
                   PARAMETER    1  N0 RESTORED TO VARIABLE.
 **********
 **   77 **FIX            0
 **********
 PARAMETER    0  IS UNDEFINED. IGNORED.
 **********
 **   78 **FIX            1
 **********
 **********
 **   79 **FIX            2
 **********
 PARAMETER    2  IS CONSTANT.   IGNORED.
 **********
 **   80 **FIX            3
 **********
 **********
 **   81 **FIX            4
 **********
 **********
 **   82 **FIX            5
 **********
 PARAMETER    5  IS CONSTANT.   IGNORED.
 **********
 **   83 **FIX            6
 **********
 **********
 **   84 **FIX            7
 **********
 **********
 **   85 **FIX            8
 **********
 **********
 **   86 **FIX            9
 **********
 PARAMETER    9  IS CONSTANT.   IGNORED.
 **********
 **   87 **FIX           10
 **********
 PARAMETER   10  IS CONSTANT.   IGNORED.
 **********
 **   88 **FIX           11
 **********
 PARAMETER   11  IS CONSTANT.   IGNORED.
 **********
 **   89 **FIX           12
 **********
 PARAMETER   12  IS CONSTANT.   IGNORED.
 **********
 **   90 **FIX           16
 **********
 PARAMETER   16  IS CONSTANT.   IGNORED.
 **********
 **   91 **MIGRAD
 **********
 START MIGRAD MINIMIZATION.  STRATEGY  1.  CONVERGENCE WHEN EDM .LT. 1.00e-04
 FCN=369.809 FROM MIGRAD    STATUS=INITIATE       10 CALLS         761 TOTAL
                     EDM= unknown      STRATEGY= 1      NO ERROR MATRIX       
  EXT PARAMETER               CURRENT GUESS       STEP         FIRST   
  NO.   NAME      VALUE            ERROR          SIZE      DERIVATIVE 
   1  N0           3.30523e+06     fixed    
   2  tau          6.44004e+01   constant   
   3  A0           3.61678e-01     fixed    
   4  phi          4.12091e+00     fixed    
   5  R           -6.05915e+01   constant   
   6  A_CBO        1.40687e-04     fixed    
   7  w_CBO        2.32717e+00     fixed    
   8  phi_CBO      5.98824e+00     fixed    
   9  ANx2         3.16430e-04   constant   
  10  pNx2         2.82055e+00   constant   
  11  ANy1         0.00000e+00   constant   
  12  pNy1         0.00000e+00   constant   
  13  w_y          0.00000e+00   constant   
  14  ANy2         6.22615e-06   3.09234e-04   3.09234e-04   1.62319e+01
  15  pNy2         2.23607e+00   constant   
  16  w_vw         1.43191e+01   constant   
  17  LM          -1.34420e-04   constant   
  18  wCBO_expCoeff   2.00027e+02   6.87234e-02   9.53805e-05  -2.04816e-02
  19  wCBO_expOffset   2.00004e+02   9.15054e-03   9.53691e-05  -2.72275e-01
  20  wCBO_expT    2.99870e+01   2.54402e-03   1.42989e-05   2.50407e+00
  21  wCBO_linCoeff   0.00000e+00   constant   
  22  wCBO_const  -9.30570e-05   8.56228e-04   4.53013e-06  -3.97224e+00
 MIGRAD MINIMIZATION HAS CONVERGED.
 MIGRAD WILL VERIFY CONVERGENCE AND ERROR MATRIX.
 COVARIANCE MATRIX CALCULATED SUCCESSFULLY
 FCN=369.809 FROM MIGRAD    STATUS=CONVERGED      55 CALLS         806 TOTAL
                     EDM=4.11717e-05    STRATEGY= 1      ERROR MATRIX ACCURATE 
  EXT PARAMETER                                   STEP         FIRST   
  NO.   NAME      VALUE            ERROR          SIZE      DERIVATIVE 
   1  N0           3.30523e+06     fixed    
   2  tau          6.44004e+01   constant   
   3  A0           3.61678e-01     fixed    
   4  phi          4.12091e+00     fixed    
   5  R           -6.05915e+01   constant   
   6  A_CBO        1.40687e-04     fixed    
   7  w_CBO        2.32717e+00     fixed    
   8  phi_CBO      5.98824e+00     fixed    
   9  ANx2         3.16430e-04   constant   
  10  pNx2         2.82055e+00   constant   
  11  ANy1         0.00000e+00   constant   
  12  pNy1         0.00000e+00   constant   
  13  w_y          0.00000e+00   constant   
  14  ANy2         5.39265e-06   3.08796e-04   2.90190e-06  -1.42711e+00
  15  pNy2         2.23607e+00   constant   
  16  w_vw         1.43191e+01   constant   
  17  LM          -1.34420e-04   constant   
  18  wCBO_expCoeff   2.00027e+02   6.85402e-02   9.53805e-05   1.45898e-01
  19  wCBO_expOffset   2.00004e+02   9.12301e-03   9.53691e-05   9.72588e-01
  20  wCBO_expT    2.99870e+01   2.54356e-03   1.42989e-05   5.02793e+00
  21  wCBO_linCoeff   0.00000e+00   constant   
  22  wCBO_const  -9.25599e-05   8.56522e-04   4.53024e-06  -5.64335e-01
 EXTERNAL ERROR MATRIX.    NDIM=  25    NPAR=  5    ERR DEF=1
  9.535e-08  1.441e-07 -8.915e-09 -9.355e-09  7.565e-09 
  1.441e-07  4.698e-03 -5.662e-04 -7.964e-05  1.289e-05 
 -8.915e-09 -5.662e-04  8.323e-05  1.162e-06 -2.124e-07 
 -9.355e-09 -7.964e-05  1.162e-06  6.470e-06 -1.333e-06 
  7.565e-09  1.289e-05 -2.124e-07 -1.333e-06  7.336e-07 
 PARAMETER  CORRELATION COEFFICIENTS  
       NO.  GLOBAL     14     18     19     20     22
       14  0.03281   1.000  0.007 -0.003 -0.012  0.029
       18  0.99735   0.007  1.000 -0.905 -0.457  0.220
       19  0.99663  -0.003 -0.905  1.000  0.050 -0.027
       20  0.98830  -0.012 -0.457  0.050  1.000 -0.612
       22  0.82678   0.029  0.220 -0.027 -0.612  1.000
MINUIT - FIT ALTOGETHER
 **********
 **   92 **RES 
 **********
                   PARAMETER    8  phi_CBO RESTORED TO VARIABLE.
                   PARAMETER    7  w_CBO RESTORED TO VARIABLE.
                   PARAMETER    6  A_CBO RESTORED TO VARIABLE.
                   PARAMETER    4  phi RESTORED TO VARIABLE.
                   PARAMETER    3  A0 RESTORED TO VARIABLE.
                   PARAMETER    1  N0 RESTORED TO VARIABLE.
 **********
 **   93 **MIGRAD
 **********
 START MIGRAD MINIMIZATION.  STRATEGY  1.  CONVERGENCE WHEN EDM .LT. 1.00e-04
 FCN=369.809 FROM MIGRAD    STATUS=INITIATE       22 CALLS         828 TOTAL
                     EDM= unknown      STRATEGY= 1      NO ERROR MATRIX       
  EXT PARAMETER               CURRENT GUESS       STEP         FIRST   
  NO.   NAME      VALUE            ERROR          SIZE      DERIVATIVE 
   1  N0           3.30523e+06   7.36652e+02   7.36652e+02  -5.59840e-04
   2  tau          6.44004e+01   constant   
   3  A0           3.61678e-01   2.91211e-04   2.91211e-04  -6.49941e+02
   4  phi          4.12091e+00   8.49320e-04   8.49320e-04  -8.87309e+02
   5  R           -6.05915e+01   constant   
   6  A_CBO        1.40687e-04   3.16124e-04   3.16124e-04  -5.02600e+01
   7  w_CBO        2.32717e+00   2.20577e-03   2.20577e-03   1.22563e+01
   8  phi_CBO      5.98824e+00   2.26536e+00   2.26536e+00  -5.81144e-04
   9  ANx2         3.16430e-04   constant   
  10  pNx2         2.82055e+00   constant   
  11  ANy1         0.00000e+00   constant   
  12  pNy1         0.00000e+00   constant   
  13  w_y          0.00000e+00   constant   
  14  ANy2         5.39265e-06   3.08796e-04   2.90190e-06  -1.42711e+00
  15  pNy2         2.23607e+00   constant   
  16  w_vw         1.43191e+01   constant   
  17  LM          -1.34420e-04   constant   
  18  wCBO_expCoeff   2.00027e+02   6.85402e-02   9.53805e-05   1.45538e-01
  19  wCBO_expOffset   2.00004e+02   9.12301e-03   9.53691e-05   8.33181e-01
  20  wCBO_expT    2.99870e+01   2.54356e-03   1.42989e-05   4.97291e+00
  21  wCBO_linCoeff   0.00000e+00   constant   
  22  wCBO_const  -9.25599e-05   8.56522e-04   4.53024e-06  -5.64747e-01
 MIGRAD MINIMIZATION HAS CONVERGED.
 MIGRAD WILL VERIFY CONVERGENCE AND ERROR MATRIX.
 COVARIANCE MATRIX CALCULATED SUCCESSFULLY
 FCN=369.618 FROM HESSE     STATUS=OK            102 CALLS        1025 TOTAL
                     EDM=0.000121315    STRATEGY= 1      ERROR MATRIX ACCURATE 
  EXT PARAMETER                                   STEP         FIRST   
  NO.   NAME      VALUE            ERROR          SIZE      DERIVATIVE 
