 + ++++++++++++++++++++++++++++++++++++++++++++++++++++++++++++++++++++ +
 +                                                                      +
 +           You have chose to blind your fitting according to          +
 +                omega_ref * (1 + (R +/- deltaR) *10^{-6})             +
 +                                                                      +
 + ++++++++++++++++++++++++++++++++++++++++++++++++++++++++++++++++++++ +
In main()...
reading format from /gm2data/zkhechad/run45/envelope/formats/formatB_sBin_constraintOn.txt
pBinTau 	= 0  
pBinPhi 	= 0  
constraintau 	= 1 
includeMopTerm 	= 0    
constrainMop    = 0   
Parameters after format file: pBinTau 0 pBinPhi 0 constraintau 1 includeMopTerm 0 constrainMop 0 c_e_scale 0.000000 
reading cbo reference file (full fit) from /gm2data/zkhechad/cboTemplates/Run4CBOTemplates/fullFits/run4/sBin_constraintOn_cE0.0_seed0_run4_calo2.root
A_CBO 0.007108 w_CBO 2.327171 phi_CBO 2.947562 N0 3111930.391320 R -60.007933 tau 64.411359 
Reading cboRef file /gm2data/zkhechad/cboTemplates/Run4CBOTemplates//cboIsolate/run4_calo2.root
deltaT 164.120000
windowBins = 1100
fitting sliding window 2200 from bin 2403 at 358.527600 to bin 3503 at 522.647600 (1100 bins)

Reading data from /gm2data/cornell/histograms/aMethod/histogram_a_run4.root
fitting cbo isolate
 **********
 **    1 **SET PRINTOUT            1
 **********
 **********
 **    2 **SET NOWARNINGS 
 **********
 PARAMETER DEFINITIONS:
    NO.   NAME         VALUE      STEP SIZE      LIMITS
     1 A_CBO        7.10761e-03  1.00000e-05     no limits
     2 w_CBO        2.32717e+00  1.00000e-02    2.00000e+00  3.00000e+00
     3 phi_CBO      2.94756e+00  1.00000e-02    0.00000e+00  6.28319e+00
 **********
 **    3 **MIGRAD
 **********
 FIRST CALL TO USER FUNCTION AT NEW START POINT, WITH IFLAG=4.
 START MIGRAD MINIMIZATION.  STRATEGY  1.  CONVERGENCE WHEN EDM .LT. 1.00e-04
 FCN=0.185407 FROM MIGRAD    STATUS=INITIATE       12 CALLS          13 TOTAL
                     EDM= unknown      STRATEGY= 1      NO ERROR MATRIX       
  EXT PARAMETER               CURRENT GUESS       STEP         FIRST   
  NO.   NAME      VALUE            ERROR          SIZE      DERIVATIVE 
   1  A_CBO        7.10761e-03   1.00000e-05   1.00000e-05   5.70245e+00
   2  w_CBO        2.32717e+00   1.00000e-02   2.13160e-02   1.98062e+00
   3  phi_CBO      2.94756e+00   1.00000e-02   3.18919e-03  -2.90808e-02
 MIGRAD MINIMIZATION HAS CONVERGED.
 MIGRAD WILL VERIFY CONVERGENCE AND ERROR MATRIX.
 COVARIANCE MATRIX CALCULATED SUCCESSFULLY
 FCN=0.169903 FROM MIGRAD    STATUS=CONVERGED      60 CALLS          61 TOTAL
                     EDM=2.11169e-07    STRATEGY= 1      ERROR MATRIX ACCURATE 
  EXT PARAMETER                                   STEP         FIRST   
  NO.   NAME      VALUE            ERROR          SIZE      DERIVATIVE 
   1  A_CBO        2.26539e-03   4.29211e-02   2.25271e-05  -1.80320e-03
   2  w_CBO        2.32658e+00   3.70147e-01   5.16264e-05   7.32997e-03
   3  phi_CBO      3.21909e+00   4.36307e+00   3.52841e-03  -1.07635e-04
 EXTERNAL ERROR MATRIX.    NDIM=  25    NPAR=  3    ERR DEF=1
  1.842e-03 -2.091e-03 -9.468e-01 
 -2.091e-03  1.820e-01  8.258e+01 
 -9.468e-01  8.258e+01  3.782e+04 
 PARAMETER  CORRELATION COEFFICIENTS  
       NO.  GLOBAL      1      2      3
        1  0.11421   1.000 -0.114 -0.113
        2  0.99533  -0.114  1.000  0.995
        3  0.99533  -0.113  0.995  1.000
setting A_CBO=0.002265 w_CBO=2.326583, phi_CBO=3.219087
done fitting cbo isolate
 **********
 **    1 **SET PRINTOUT            1
 **********
 **********
 **    2 **SET NOWARNINGS 
 **********
 PARAMETER DEFINITIONS:
    NO.   NAME         VALUE      STEP SIZE      LIMITS
     1 N0           3.11193e+06  1.00000e+02     no limits
     2 tau          6.44114e+01  constant
     3 A0           3.64516e-01  1.00000e-04     no limits
     4 phi          4.11813e+00  1.00000e-02     no limits
     5 R           -6.00079e+01  constant
     6 A_CBO        2.26539e-03  1.00000e-05     no limits
     7 w_CBO        2.32658e+00  1.00000e-03     no limits
     8 phi_CBO      3.21909e+00  1.00000e-04     no limits
     9 ANx2         3.40456e-04  constant
    10 pNx2         3.19484e+00  constant
    11 ANy1         0.00000e+00  constant
    12 pNy1         0.00000e+00  constant
    13 w_y          0.00000e+00  constant
    14 ANy2         1.04941e-02  1.00000e-04     no limits
    15 pNy2         5.11372e+00  constant
    16 w_vw         1.43155e+01  constant
    17 LM           3.07992e-04  constant
    18 wCBO_expCoeff   2.00000e+02  1.00000e+00     no limits
    19 wCBO_expOffset   2.00000e+02  1.00000e+00     no limits
    20 wCBO_expT    3.00000e+01  1.00000e+00     no limits
    21 wCBO_linCoeff   0.00000e+00  constant
    22 wCBO_const   0.00000e+00  1.00000e-02     no limits
MINUIT - FIT ONLY WIGGLE
 **********
 **    3 **FIX            5
 **********
 PARAMETER    5  IS CONSTANT.   IGNORED.
 **********
 **    4 **FIX            6
 **********
 **********
 **    5 **FIX            7
 **********
 **********
 **    6 **FIX            8
 **********
 **********
 **    7 **FIX            9
 **********
 PARAMETER    9  IS CONSTANT.   IGNORED.
 **********
 **    8 **FIX           10
 **********
 PARAMETER   10  IS CONSTANT.   IGNORED.
 **********
 **    9 **FIX           11
 **********
 PARAMETER   11  IS CONSTANT.   IGNORED.
 **********
 **   10 **FIX           12
 **********
 PARAMETER   12  IS CONSTANT.   IGNORED.
 **********
 **   11 **FIX           13
 **********
 PARAMETER   13  IS CONSTANT.   IGNORED.
 **********
 **   12 **FIX           14
 **********
 **********
 **   13 **FIX           15
 **********
 PARAMETER   15  IS CONSTANT.   IGNORED.
 **********
 **   14 **FIX           16
 **********
 PARAMETER   16  IS CONSTANT.   IGNORED.
 **********
 **   15 **MIGRAD
 **********
 FIRST CALL TO USER FUNCTION AT NEW START POINT, WITH IFLAG=4.
 START MIGRAD MINIMIZATION.  STRATEGY  1.  CONVERGENCE WHEN EDM .LT. 1.00e-04
 FCN=491.865 FROM MIGRAD    STATUS=INITIATE       55 CALLS          56 TOTAL
                     EDM= unknown      STRATEGY= 1      NO ERROR MATRIX       
  EXT PARAMETER               CURRENT GUESS       STEP         FIRST   
  NO.   NAME      VALUE            ERROR          SIZE      DERIVATIVE 
   1  N0           3.11193e+06   1.00000e+02   0.00000e+00   5.08503e-04
   2  tau          6.44114e+01   constant   
   3  A0           3.64516e-01   1.00000e-04   0.00000e+00  -2.37005e+02
   4  phi          4.11813e+00   1.00000e-02   0.00000e+00   9.94502e+01
   5  R           -6.00079e+01   constant   
   6  A_CBO        2.26539e-03     fixed    
   7  w_CBO        2.32658e+00     fixed    
   8  phi_CBO      3.21909e+00     fixed    
   9  ANx2         3.40456e-04   constant   
  10  pNx2         3.19484e+00   constant   
  11  ANy1         0.00000e+00   constant   
  12  pNy1         0.00000e+00   constant   
  13  w_y          0.00000e+00   constant   
  14  ANy2         1.04941e-02     fixed    
  15  pNy2         5.11372e+00   constant   
  16  w_vw         1.43155e+01   constant   
  17  LM           3.07992e-04   constant   
  18  wCBO_expCoeff   2.00000e+02   1.00000e+00   0.00000e+00   1.37012e+01
  19  wCBO_expOffset   2.00000e+02   1.00000e+00   0.00000e+00   9.13412e+01
  20  wCBO_expT    3.00000e+01   1.00000e+00   0.00000e+00   4.69087e+02
  21  wCBO_linCoeff   0.00000e+00   constant   
  22  wCBO_const   2.06259e-03   1.00000e-02   2.06259e-03   1.42751e+03
 MIGRAD MINIMIZATION HAS CONVERGED.
 FCN=484.475 FROM MIGRAD    STATUS=CONVERGED     228 CALLS         229 TOTAL
                     EDM=1.31159e-08    STRATEGY= 1  ERROR MATRIX UNCERTAINTY   1.1 per cent
  EXT PARAMETER                                   STEP         FIRST   
  NO.   NAME      VALUE            ERROR          SIZE      DERIVATIVE 
   1  N0           3.11116e+06   1.68550e+03  -1.08945e+00  -3.80403e-08
   2  tau          6.44114e+01   constant   
   3  A0           3.64544e-01   7.31322e-04  -5.00468e-08  -7.90125e-02
   4  phi          4.11798e+00   2.05505e-03  -4.17447e-06  -3.91470e-05
   5  R           -6.00079e+01   constant   
   6  A_CBO        2.26539e-03     fixed    
   7  w_CBO        2.32658e+00     fixed    
   8  phi_CBO      3.21909e+00     fixed    
   9  ANx2         3.40456e-04   constant   
  10  pNx2         3.19484e+00   constant   
  11  ANy1         0.00000e+00   constant   
  12  pNy1         0.00000e+00   constant   
  13  w_y          0.00000e+00   constant   
  14  ANy2         1.04941e-02     fixed    
  15  pNy2         5.11372e+00   constant   
  16  w_vw         1.43155e+01   constant   
  17  LM           3.07992e-04   constant   
  18  wCBO_expCoeff   1.98946e+02   2.34258e+00  -2.46505e-04  -8.49987e-04
  19  wCBO_expOffset   1.99842e+02   3.50009e-01  -3.70212e-05  -5.62764e-03
  20  wCBO_expT    3.00279e+01   1.27716e-01  -2.02190e-05  -3.32097e-02
  21  wCBO_linCoeff   0.00000e+00   constant   
  22  wCBO_const   4.94497e-03   1.14655e-03   4.34836e-06  -2.76909e-01
 EXTERNAL ERROR MATRIX.    NDIM=  25    NPAR=  7    ERR DEF=1
  2.841e+06  8.799e-03  6.295e-02 -2.128e+02 -3.181e+01  1.044e+01  8.830e-02 
  8.799e-03  5.348e-07 -2.400e-08  4.301e-05  6.444e-06 -1.213e-06 -1.433e-07 
  6.295e-02 -2.400e-08  4.223e-06 -1.200e-04 -1.792e-05  5.545e-06  9.316e-08 
 -2.128e+02  4.301e-05 -1.200e-04  5.488e+00  8.118e-01 -2.977e-01  1.088e-03 
 -3.181e+01  6.444e-06 -1.792e-05  8.118e-01  1.225e-01 -4.447e-02  1.625e-04 
  1.044e+01 -1.213e-06  5.545e-06 -2.977e-01 -4.447e-02  1.631e-02 -6.800e-05 
  8.830e-02 -1.433e-07  9.316e-08  1.088e-03  1.625e-04 -6.800e-05  1.315e-06 
 PARAMETER  CORRELATION COEFFICIENTS  
       NO.  GLOBAL      1      3      4     18     19     20     22
        1  0.09694   1.000  0.007  0.018 -0.054 -0.054  0.049  0.046
        3  0.20244   0.007  1.000 -0.016  0.025  0.025 -0.013 -0.171
        4  0.06186   0.018 -0.016  1.000 -0.025 -0.025  0.021  0.040
       18  0.99815  -0.054  0.025 -0.025  1.000  0.990 -0.995  0.405
       19  0.99814  -0.054  0.025 -0.025  0.990  1.000 -0.995  0.405
       20  0.99946   0.049 -0.013  0.021 -0.995 -0.995  1.000 -0.464
       22  0.91262   0.046 -0.171  0.040  0.405  0.405 -0.464  1.000
MINUIT - FIT ONLY 1-CBO + other amplitudes 
 **********
 **   16 **RES 
 **********
                   PARAMETER   14  ANy2 RESTORED TO VARIABLE.
                   PARAMETER    8  phi_CBO RESTORED TO VARIABLE.
                   PARAMETER    7  w_CBO RESTORED TO VARIABLE.
                   PARAMETER    6  A_CBO RESTORED TO VARIABLE.
 **********
 **   17 **FIX            0
 **********
 PARAMETER    0  IS UNDEFINED. IGNORED.
 **********
 **   18 **FIX            1
 **********
 **********
 **   19 **FIX            2
 **********
 PARAMETER    2  IS CONSTANT.   IGNORED.
 **********
 **   20 **FIX            3
 **********
 **********
 **   21 **FIX            4
 **********
 **********
 **   22 **FIX            9
 **********
 PARAMETER    9  IS CONSTANT.   IGNORED.
 **********
 **   23 **FIX           11
 **********
 PARAMETER   11  IS CONSTANT.   IGNORED.
 **********
 **   24 **FIX           12
 **********
 PARAMETER   12  IS CONSTANT.   IGNORED.
 **********
 **   25 **FIX           14
 **********
 **********
 **   26 **FIX           15
 **********
 PARAMETER   15  IS CONSTANT.   IGNORED.
 **********
 **   27 **FIX           16
 **********
 PARAMETER   16  IS CONSTANT.   IGNORED.
 **********
 **   28 **MIGRAD
 **********
 START MIGRAD MINIMIZATION.  STRATEGY  1.  CONVERGENCE WHEN EDM .LT. 1.00e-04
 FCN=484.475 FROM MIGRAD    STATUS=INITIATE       20 CALLS         249 TOTAL
                     EDM= unknown      STRATEGY= 1      NO ERROR MATRIX       
  EXT PARAMETER               CURRENT GUESS       STEP         FIRST   
  NO.   NAME      VALUE            ERROR          SIZE      DERIVATIVE 
   1  N0           3.11116e+06     fixed    
   2  tau          6.44114e+01   constant   
   3  A0           3.64544e-01     fixed    
   4  phi          4.11798e+00     fixed    
   5  R           -6.00079e+01   constant   
   6  A_CBO        2.26539e-03   1.00000e-05   1.00000e-05   1.81988e+03
   7  w_CBO        2.32658e+00   1.00000e-03   1.00000e-03  -1.93571e-01
   8  phi_CBO      3.21909e+00   1.00000e-04   1.00000e-04   1.14417e+00
   9  ANx2         3.40456e-04   constant   
  10  pNx2         3.19484e+00   constant   
  11  ANy1         0.00000e+00   constant   
  12  pNy1         0.00000e+00   constant   
  13  w_y          0.00000e+00   constant   
  14  ANy2         1.04941e-02     fixed    
  15  pNy2         5.11372e+00   constant   
  16  w_vw         1.43155e+01   constant   
  17  LM           3.07992e-04   constant   
  18  wCBO_expCoeff   1.98946e+02   2.34258e+00  -2.46505e-04  -8.49972e-04
  19  wCBO_expOffset   1.99842e+02   3.50009e-01  -3.70212e-05  -5.62753e-03
  20  wCBO_expT    3.00279e+01   1.27716e-01  -2.02190e-05  -3.32093e-02
  21  wCBO_linCoeff   0.00000e+00   constant   
  22  wCBO_const   4.94497e-03   1.14655e-03   4.34836e-06  -2.76909e-01
 MIGRAD MINIMIZATION HAS CONVERGED.
 MIGRAD WILL VERIFY CONVERGENCE AND ERROR MATRIX.
 COVARIANCE MATRIX CALCULATED SUCCESSFULLY
 FCN=482.448 FROM MIGRAD    STATUS=CONVERGED     269 CALLS         498 TOTAL
                     EDM=8.45387e-07    STRATEGY= 1      ERROR MATRIX ACCURATE 
  EXT PARAMETER                                   STEP         FIRST   
  NO.   NAME      VALUE            ERROR          SIZE      DERIVATIVE 
   1  N0           3.11116e+06     fixed    
   2  tau          6.44114e+01   constant   
   3  A0           3.64544e-01     fixed    
   4  phi          4.11798e+00     fixed    
   5  R           -6.00079e+01   constant   
   6  A_CBO        1.77286e-03   7.61560e-04   8.09384e-06  -2.00764e-01
   7  w_CBO        2.32463e+00   5.61691e-02   6.66896e-06   1.84147e-01
   8  phi_CBO      1.86798e+00   8.70892e-01   4.69046e-03   1.76517e-04
   9  ANx2         3.40456e-04   constant   
  10  pNx2         3.19484e+00   constant   
  11  ANy1         0.00000e+00   constant   
  12  pNy1         0.00000e+00   constant   
  13  w_y          0.00000e+00   constant   
  14  ANy2         1.04941e-02     fixed    
  15  pNy2         5.11372e+00   constant   
  16  w_vw         1.43155e+01   constant   
  17  LM           3.07992e-04   constant   
  18  wCBO_expCoeff   1.98184e+02   5.31850e+00   1.50423e-03   3.47532e-03
  19  wCBO_expOffset   1.99727e+02   8.09570e-01   2.28256e-04   2.29023e-02
  20  wCBO_expT    3.00735e+01   9.62795e-02   4.03861e-05   1.21323e-01
  21  wCBO_linCoeff   0.00000e+00   constant   
  22  wCBO_const   4.26861e-03   2.41608e-02   4.41162e-06  -2.59617e-01
 EXTERNAL ERROR MATRIX.    NDIM=  25    NPAR=  7    ERR DEF=1
  5.800e-07  8.992e-07 -1.086e-05  7.115e-05  1.074e-05 -6.922e-06 -2.694e-07 
  8.992e-07  3.155e-03 -4.532e-05 -1.163e-01 -1.796e-02 -9.850e-04 -1.355e-03 
 -1.086e-05 -4.532e-05  7.585e-01  8.647e-02  1.324e-02 -2.671e-03  4.515e-04 
  7.115e-05 -1.163e-01  8.647e-02  2.829e+01 -2.156e+00 -1.189e-01  5.119e-02 
  1.074e-05 -1.796e-02  1.324e-02 -2.156e+00  6.554e-01 -1.803e-02  7.906e-03 
 -6.922e-06 -9.850e-04 -2.671e-03 -1.189e-01 -1.803e-02  9.270e-03  3.456e-04 
 -2.694e-07 -1.355e-03  4.515e-04  5.119e-02  7.906e-03  3.456e-04  5.837e-04 
 PARAMETER  CORRELATION COEFFICIENTS  
       NO.  GLOBAL      6      7      8     18     19     20     22
        6  0.14141   1.000  0.021 -0.016  0.018  0.017 -0.094 -0.015
        7  0.99994   0.021  1.000 -0.001 -0.389 -0.395 -0.182 -0.999
        8  0.86524  -0.016 -0.001  1.000  0.019  0.019 -0.032  0.021
       18  0.99965   0.018 -0.389  0.019  1.000 -0.501 -0.232  0.398
       19  0.99966   0.017 -0.395  0.019 -0.501  1.000 -0.231  0.404
       20  0.99924  -0.094 -0.182 -0.032 -0.232 -0.231  1.000  0.149
       22  0.99986  -0.015 -0.999  0.021  0.398  0.404  0.149  1.000
MINUIT - FIT ONLY 1-CBO
 **********
 **   29 **RES 
 **********
                   PARAMETER   14  ANy2 RESTORED TO VARIABLE.
                   PARAMETER    4  phi RESTORED TO VARIABLE.
                   PARAMETER    3  A0 RESTORED TO VARIABLE.
                   PARAMETER    1  N0 RESTORED TO VARIABLE.
 **********
 **   30 **FIX            0
 **********
 PARAMETER    0  IS UNDEFINED. IGNORED.
 **********
 **   31 **FIX            1
 **********
 **********
 **   32 **FIX            2
 **********
 PARAMETER    2  IS CONSTANT.   IGNORED.
 **********
 **   33 **FIX            3
 **********
 **********
 **   34 **FIX            4
 **********
 **********
 **   35 **FIX            8
 **********
 **********
 **   36 **FIX            9
 **********
 PARAMETER    9  IS CONSTANT.   IGNORED.
 **********
 **   37 **FIX           11
 **********
 PARAMETER   11  IS CONSTANT.   IGNORED.
 **********
 **   38 **FIX           12
 **********
 PARAMETER   12  IS CONSTANT.   IGNORED.
 **********
 **   39 **FIX           13
 **********
 PARAMETER   13  IS CONSTANT.   IGNORED.
 **********
 **   40 **FIX           15
 **********
 PARAMETER   15  IS CONSTANT.   IGNORED.
 **********
 **   41 **FIX           16
 **********
 PARAMETER   16  IS CONSTANT.   IGNORED.
 **********
 **   42 **MIGRAD
 **********
 START MIGRAD MINIMIZATION.  STRATEGY  1.  CONVERGENCE WHEN EDM .LT. 1.00e-04
 FCN=482.448 FROM MIGRAD    STATUS=INITIATE       16 CALLS         514 TOTAL
                     EDM= unknown      STRATEGY= 1      NO ERROR MATRIX       
  EXT PARAMETER               CURRENT GUESS       STEP         FIRST   
  NO.   NAME      VALUE            ERROR          SIZE      DERIVATIVE 
   1  N0           3.11116e+06     fixed    
   2  tau          6.44114e+01   constant   
   3  A0           3.64544e-01     fixed    
   4  phi          4.11798e+00     fixed    
   5  R           -6.00079e+01   constant   
   6  A_CBO        1.77286e-03   7.61560e-04   8.09384e-06  -2.00765e-01
   7  w_CBO        2.32463e+00   5.61691e-02   6.66896e-06   1.83671e-01
   8  phi_CBO      1.86798e+00     fixed    
   9  ANx2         3.40456e-04   constant   
  10  pNx2         3.19484e+00   constant   
  11  ANy1         0.00000e+00   constant   
  12  pNy1         0.00000e+00   constant   
  13  w_y          0.00000e+00   constant   
  14  ANy2         1.04941e-02   1.00000e-04   1.00000e-04   3.40920e+04
  15  pNy2         5.11372e+00   constant   
  16  w_vw         1.43155e+01   constant   
  17  LM           3.07992e-04   constant   
  18  wCBO_expCoeff   1.98184e+02   5.31850e+00   1.50423e-03   3.46384e-03
  19  wCBO_expOffset   1.99727e+02   8.09570e-01   2.28256e-04   2.28306e-02
  20  wCBO_expT    3.00735e+01   9.62795e-02   4.03861e-05   1.21066e-01
  21  wCBO_linCoeff   0.00000e+00   constant   
  22  wCBO_const   4.26861e-03   2.41608e-02   4.41162e-06  -2.59564e-01
 MIGRAD MINIMIZATION HAS CONVERGED.
 MIGRAD WILL VERIFY CONVERGENCE AND ERROR MATRIX.
 COVARIANCE MATRIX CALCULATED SUCCESSFULLY
 FCN=312.132 FROM MIGRAD    STATUS=CONVERGED     213 CALLS         711 TOTAL
                     EDM=1.31832e-07    STRATEGY= 1      ERROR MATRIX ACCURATE 
  EXT PARAMETER                                   STEP         FIRST   
  NO.   NAME      VALUE            ERROR          SIZE      DERIVATIVE 
   1  N0           3.11116e+06     fixed    
   2  tau          6.44114e+01   constant   
   3  A0           3.64544e-01     fixed    
   4  phi          4.11798e+00     fixed    
   5  R           -6.00079e+01   constant   
   6  A_CBO        1.29889e-03   7.62746e-04   6.48383e-06   5.65210e-01
   7  w_CBO        2.32532e+00   2.23294e-02   6.47738e-06  -4.39979e-01
   8  phi_CBO      1.86798e+00     fixed    
   9  ANx2         3.40456e-04   constant   
  10  pNx2         3.19484e+00   constant   
  11  ANy1         0.00000e+00   constant   
  12  pNy1         0.00000e+00   constant   
  13  w_y          0.00000e+00   constant   
  14  ANy2         5.00014e-04   7.65777e-04   6.60162e-06   3.03788e-03
  15  pNy2         5.11372e+00   constant   
  16  w_vw         1.43155e+01   constant   
  17  LM           3.07992e-04   constant   
  18  wCBO_expCoeff   1.98748e+02   3.70236e+00   1.47858e-03  -1.61167e-03
  19  wCBO_expOffset   1.99813e+02   5.59859e-01   2.23486e-04  -1.06639e-02
  20  wCBO_expT    3.00392e+01   8.47461e-02   3.96969e-05  -6.11327e-02
  21  wCBO_linCoeff   0.00000e+00   constant   
  22  wCBO_const   4.01530e-03   9.59402e-03   4.21959e-06  -6.99992e-01
 EXTERNAL ERROR MATRIX.    NDIM=  25    NPAR=  7    ERR DEF=1
  5.818e-07  1.756e-07  2.842e-08  3.487e-05  5.264e-06 -3.036e-06  5.689e-08 
  1.756e-07  4.986e-04 -3.192e-08 -1.670e-02 -2.541e-03 -2.671e-04 -2.124e-04 
  2.842e-08 -3.192e-08  5.864e-07 -1.710e-05 -2.588e-06  1.107e-06  1.891e-08 
  3.487e-05 -1.670e-02 -1.710e-05  1.371e+01 -1.271e+00 -1.115e-01  8.176e-03 
  5.264e-06 -2.541e-03 -2.588e-06 -1.271e+00  3.134e-01 -1.686e-02  1.243e-03 
 -3.036e-06 -2.671e-04  1.107e-06 -1.115e-01 -1.686e-02  7.182e-03  4.435e-05 
  5.689e-08 -2.124e-04  1.891e-08  8.176e-03  1.243e-03  4.435e-05  9.205e-05 
 PARAMETER  CORRELATION COEFFICIENTS  
       NO.  GLOBAL      6      7     14     18     19     20     22
        6  0.17911   1.000  0.010  0.049  0.012  0.012 -0.047  0.008
        7  0.99944   0.010  1.000 -0.002 -0.202 -0.203 -0.141 -0.992
       14  0.06731   0.049 -0.002  1.000 -0.006 -0.006  0.017  0.003
       18  0.99893   0.012 -0.202 -0.006  1.000 -0.613 -0.355  0.230
       19  0.99893   0.012 -0.203 -0.006 -0.613  1.000 -0.355  0.231
       20  0.99853  -0.047 -0.141  0.017 -0.355 -0.355  1.000  0.055
       22  0.99870   0.008 -0.992  0.003  0.230  0.231  0.055  1.000
MINUIT - FIT ONLY 2-CBO
 **********
 **   43 **RES 
 **********
                   PARAMETER    8  phi_CBO RESTORED TO VARIABLE.
                   PARAMETER    4  phi RESTORED TO VARIABLE.
                   PARAMETER    3  A0 RESTORED TO VARIABLE.
                   PARAMETER    1  N0 RESTORED TO VARIABLE.
 **********
 **   44 **FIX            0
 **********
 PARAMETER    0  IS UNDEFINED. IGNORED.
 **********
 **   45 **FIX            1
 **********
 **********
 **   46 **FIX            2
 **********
 PARAMETER    2  IS CONSTANT.   IGNORED.
 **********
 **   47 **FIX            3
 **********
 **********
 **   48 **FIX            4
 **********
 **********
 **   49 **FIX            5
 **********
 PARAMETER    5  IS CONSTANT.   IGNORED.
 **********
 **   50 **FIX            6
 **********
 **********
 **   51 **FIX            7
 **********
 **********
 **   52 **FIX           10
 **********
 PARAMETER   10  IS CONSTANT.   IGNORED.
 **********
 **   53 **FIX           11
 **********
 PARAMETER   11  IS CONSTANT.   IGNORED.
 **********
 **   54 **FIX           12
 **********
 PARAMETER   12  IS CONSTANT.   IGNORED.
 **********
 **   55 **FIX           13
 **********
 PARAMETER   13  IS CONSTANT.   IGNORED.
 **********
 **   56 **FIX           14
 **********
 **********
 **   57 **FIX           15
 **********
 PARAMETER   15  IS CONSTANT.   IGNORED.
 **********
 **   58 **FIX           16
 **********
 PARAMETER   16  IS CONSTANT.   IGNORED.
 **********
 **   59 **MIGRAD
 **********
 START MIGRAD MINIMIZATION.  STRATEGY  1.  CONVERGENCE WHEN EDM .LT. 1.00e-04
 FCN=312.132 FROM MIGRAD    STATUS=INITIATE       10 CALLS         721 TOTAL
                     EDM= unknown      STRATEGY= 1      NO ERROR MATRIX       
  EXT PARAMETER               CURRENT GUESS       STEP         FIRST   
  NO.   NAME      VALUE            ERROR          SIZE      DERIVATIVE 
   1  N0           3.11116e+06     fixed    
   2  tau          6.44114e+01   constant   
   3  A0           3.64544e-01     fixed    
   4  phi          4.11798e+00     fixed    
   5  R           -6.00079e+01   constant   
   6  A_CBO        1.29889e-03     fixed    
   7  w_CBO        2.32532e+00     fixed    
   8  phi_CBO      1.86798e+00   8.70892e-01   8.70892e-01   7.49561e-01
   9  ANx2         3.40456e-04   constant   
  10  pNx2         3.19484e+00   constant   
  11  ANy1         0.00000e+00   constant   
  12  pNy1         0.00000e+00   constant   
  13  w_y          0.00000e+00   constant   
  14  ANy2         5.00014e-04     fixed    
  15  pNy2         5.11372e+00   constant   
  16  w_vw         1.43155e+01   constant   
  17  LM           3.07992e-04   constant   
  18  wCBO_expCoeff   1.98748e+02   3.70236e+00   1.47858e-03  -1.63308e-03
  19  wCBO_expOffset   1.99813e+02   5.59859e-01   2.23486e-04  -1.08024e-02
  20  wCBO_expT    3.00392e+01   8.47461e-02   3.96969e-05  -6.18110e-02
  21  wCBO_linCoeff   0.00000e+00   constant   
  22  wCBO_const   4.01530e-03   9.59402e-03   4.21959e-06  -7.03154e-01
 MIGRAD MINIMIZATION HAS CONVERGED.
 MIGRAD WILL VERIFY CONVERGENCE AND ERROR MATRIX.
 COVARIANCE MATRIX CALCULATED SUCCESSFULLY
 FCN=312.011 FROM HESSE     STATUS=OK             31 CALLS         799 TOTAL
                     EDM=0.00309404    STRATEGY= 1      ERROR MATRIX ACCURATE 
  EXT PARAMETER                                   STEP         FIRST   
  NO.   NAME      VALUE            ERROR          SIZE      DERIVATIVE 
   1  N0           3.11116e+06     fixed    
   2  tau          6.44114e+01   constant   
   3  A0           3.64544e-01     fixed    
   4  phi          4.11798e+00     fixed    
   5  R           -6.00079e+01   constant   
   6  A_CBO        1.29889e-03     fixed    
   7  w_CBO        2.32532e+00     fixed    
   8  phi_CBO      1.54689e+00   9.29037e-01   5.11691e-03  -1.92459e-04
   9  ANx2         3.40456e-04   constant   
  10  pNx2         3.19484e+00   constant   
  11  ANy1         0.00000e+00   constant   
  12  pNy1         0.00000e+00   constant   
  13  w_y          0.00000e+00   constant   
  14  ANy2         5.00014e-04     fixed    
  15  pNy2         5.11372e+00   constant   
  16  w_vw         1.43155e+01   constant   
  17  LM           3.07992e-04   constant   
  18  wCBO_expCoeff   1.98738e+02   6.79899e+00   1.45075e-03   8.99691e-03
  19  wCBO_expOffset   1.99811e+02   1.02786e+00   2.19276e-04   5.95237e-02
  20  wCBO_expT    3.00389e+01   1.07548e-01   3.89615e-05  -7.25299e-01
  21  wCBO_linCoeff   0.00000e+00   constant   
  22  wCBO_const   3.89160e-03   1.40416e-03   4.10674e-06  -1.98402e-01
 MIGRAD MINIMIZATION HAS CONVERGED.
 FCN=312.007 FROM MIGRAD    STATUS=CONVERGED     100 CALLS         811 TOTAL
                     EDM=1.97155e-06    STRATEGY= 1  ERROR MATRIX UNCERTAINTY   0.4 per cent
  EXT PARAMETER                                   STEP         FIRST   
  NO.   NAME      VALUE            ERROR          SIZE      DERIVATIVE 
   1  N0           3.11116e+06     fixed    
   2  tau          6.44114e+01   constant   
   3  A0           3.64544e-01     fixed    
   4  phi          4.11798e+00     fixed    
   5  R           -6.00079e+01   constant   
   6  A_CBO        1.29889e-03     fixed    
   7  w_CBO        2.32532e+00     fixed    
   8  phi_CBO      1.53758e+00   9.29267e-01  -9.31722e-03   6.28782e-04
   9  ANx2         3.40456e-04   constant   
  10  pNx2         3.19484e+00   constant   
  11  ANy1         0.00000e+00   constant   
  12  pNy1         0.00000e+00   constant   
  13  w_y          0.00000e+00   constant   
  14  ANy2         5.00014e-04     fixed    
  15  pNy2         5.11372e+00   constant   
  16  w_vw         1.43155e+01   constant   
  17  LM           3.07992e-04   constant   
  18  wCBO_expCoeff   1.98614e+02   6.84690e+00  -1.24231e-01  -6.64848e-03
  19  wCBO_expOffset   1.99793e+02   1.03533e+00  -1.88256e-02  -4.39459e-02
  20  wCBO_expT    3.00461e+01   1.17349e-01   7.18300e-03  -2.59225e-01
  21  wCBO_linCoeff   0.00000e+00   constant   
  22  wCBO_const   3.82352e-03   1.45946e-03  -6.80830e-05  -4.12288e+00
 EXTERNAL ERROR MATRIX.    NDIM=  25    NPAR=  5    ERR DEF=1
  8.635e-01  3.152e-01  4.796e-02 -1.618e-02  4.857e-04 
  3.152e-01  4.688e+01 -5.836e+00 -2.376e-01  2.151e-03 
  4.796e-02 -5.836e+00  1.072e+00 -3.607e-02  3.265e-04 
 -1.618e-02 -2.376e-01 -3.607e-02  1.377e-02 -1.304e-04 
  4.857e-04  2.151e-03  3.265e-04 -1.304e-04  2.130e-06 
 PARAMETER  CORRELATION COEFFICIENTS  
       NO.  GLOBAL      8     18     19     20     22
        8  0.77036   1.000  0.050  0.050 -0.148  0.358
       18  0.99970   0.050  1.000 -0.823 -0.296  0.215
       19  0.99970   0.050 -0.823  1.000 -0.297  0.216
       20  0.99926  -0.148 -0.296 -0.297  1.000 -0.761
       22  0.94549   0.358  0.215  0.216 -0.761  1.000
MINUIT - FIT ONLY 1-y
 **********
 **   60 **RES 
 **********
                   PARAMETER   14  ANy2 RESTORED TO VARIABLE.
                   PARAMETER    7  w_CBO RESTORED TO VARIABLE.
                   PARAMETER    6  A_CBO RESTORED TO VARIABLE.
                   PARAMETER    4  phi RESTORED TO VARIABLE.
                   PARAMETER    3  A0 RESTORED TO VARIABLE.
                   PARAMETER    1  N0 RESTORED TO VARIABLE.
 **********
 **   61 **FIX            0
 **********
 PARAMETER    0  IS UNDEFINED. IGNORED.
 **********
 **   62 **FIX            1
 **********
 **********
 **   63 **FIX            2
 **********
 PARAMETER    2  IS CONSTANT.   IGNORED.
 **********
 **   64 **FIX            3
 **********
 **********
 **   65 **FIX            4
 **********
 **********
 **   66 **FIX            5
 **********
 PARAMETER    5  IS CONSTANT.   IGNORED.
 **********
 **   67 **FIX            6
 **********
 **********
 **   68 **FIX            7
 **********
 **********
 **   69 **FIX            8
 **********
 **********
 **   70 **FIX            9
 **********
 PARAMETER    9  IS CONSTANT.   IGNORED.
 **********
 **   71 **FIX           13
 **********
 PARAMETER   13  IS CONSTANT.   IGNORED.
 **********
 **   72 **FIX           14
 **********
 **********
 **   73 **FIX           15
 **********
 PARAMETER   15  IS CONSTANT.   IGNORED.
 **********
 **   74 **FIX           16
 **********
 PARAMETER   16  IS CONSTANT.   IGNORED.
 **********
 **   75 **MIGRAD
 **********
 START MIGRAD MINIMIZATION.  STRATEGY  1.  CONVERGENCE WHEN EDM .LT. 1.00e-04
 FCN=312.007 FROM MIGRAD    STATUS=INITIATE        8 CALLS         819 TOTAL
                     EDM= unknown      STRATEGY= 1      NO ERROR MATRIX       
  EXT PARAMETER               CURRENT GUESS       STEP         FIRST   
  NO.   NAME      VALUE            ERROR          SIZE      DERIVATIVE 
   1  N0           3.11116e+06     fixed    
   2  tau          6.44114e+01   constant   
   3  A0           3.64544e-01     fixed    
   4  phi          4.11798e+00     fixed    
   5  R           -6.00079e+01   constant   
   6  A_CBO        1.29889e-03     fixed    
   7  w_CBO        2.32532e+00     fixed    
   8  phi_CBO      1.53758e+00     fixed    
   9  ANx2         3.40456e-04   constant   
  10  pNx2         3.19484e+00   constant   
  11  ANy1         0.00000e+00   constant   
  12  pNy1         0.00000e+00   constant   
  13  w_y          0.00000e+00   constant   
  14  ANy2         5.00014e-04     fixed    
  15  pNy2         5.11372e+00   constant   
  16  w_vw         1.43155e+01   constant   
  17  LM           3.07992e-04   constant   
  18  wCBO_expCoeff   1.98614e+02   6.84690e+00  -1.24231e-01  -6.64844e-03
  19  wCBO_expOffset   1.99793e+02   1.03533e+00  -1.88256e-02  -4.39457e-02
  20  wCBO_expT    3.00461e+01   1.17349e-01   7.18300e-03  -2.59224e-01
  21  wCBO_linCoeff   0.00000e+00   constant   
  22  wCBO_const   3.82352e-03   1.45946e-03  -6.80830e-05  -4.12288e+00
 MIGRAD MINIMIZATION HAS CONVERGED.
 MIGRAD WILL VERIFY CONVERGENCE AND ERROR MATRIX.
 COVARIANCE MATRIX CALCULATED SUCCESSFULLY
 FCN=312.007 FROM MIGRAD    STATUS=CONVERGED      41 CALLS         852 TOTAL
                     EDM=1.54779e-06    STRATEGY= 1      ERROR MATRIX ACCURATE 
  EXT PARAMETER                                   STEP         FIRST   
  NO.   NAME      VALUE            ERROR          SIZE      DERIVATIVE 
   1  N0           3.11116e+06     fixed    
   2  tau          6.44114e+01   constant   
   3  A0           3.64544e-01     fixed    
   4  phi          4.11798e+00     fixed    
   5  R           -6.00079e+01   constant   
   6  A_CBO        1.29889e-03     fixed    
   7  w_CBO        2.32532e+00     fixed    
   8  phi_CBO      1.53758e+00     fixed    
   9  ANx2         3.40456e-04   constant   
  10  pNx2         3.19484e+00   constant   
  11  ANy1         0.00000e+00   constant   
  12  pNy1         0.00000e+00   constant   
  13  w_y          0.00000e+00   constant   
  14  ANy2         5.00014e-04     fixed    
  15  pNy2         5.11372e+00   constant   
  16  w_vw         1.43155e+01   constant   
  17  LM           3.07992e-04   constant   
  18  wCBO_expCoeff   1.98614e+02   7.29130e+00   1.44417e-03   2.04026e-03
  19  wCBO_expOffset   1.99793e+02   1.10340e+00   2.18473e-04   1.34866e-02
  20  wCBO_expT    3.00461e+01   1.06271e-01   3.88433e-05   6.65676e-02
  21  wCBO_linCoeff   0.00000e+00   constant   
  22  wCBO_const   3.82365e-03   1.29027e-03   4.10247e-06  -1.19056e+00
 EXTERNAL ERROR MATRIX.    NDIM=  25    NPAR=  4    ERR DEF=1
  5.316e+01 -7.023e+00 -1.941e-01  1.628e-03 
 -7.023e+00  1.217e+00 -2.952e-02  2.472e-04 
 -1.941e-01 -2.952e-02  1.129e-02 -1.011e-04 
  1.628e-03  2.472e-04 -1.011e-04  1.665e-06 
 PARAMETER  CORRELATION COEFFICIENTS  
       NO.  GLOBAL     18     19     20     22
       18  0.99974   1.000 -0.873 -0.251  0.173
       19  0.99974  -0.873  1.000 -0.252  0.174
       20  0.99910  -0.251 -0.252  1.000 -0.738
       22  0.92980   0.173  0.174 -0.738  1.000
MINUIT - FIT ONLY 2-y
 **********
 **   76 **RES 
 **********
                   PARAMETER   14  ANy2 RESTORED TO VARIABLE.
                   PARAMETER    8  phi_CBO RESTORED TO VARIABLE.
                   PARAMETER    7  w_CBO RESTORED TO VARIABLE.
                   PARAMETER    6  A_CBO RESTORED TO VARIABLE.
                   PARAMETER    4  phi RESTORED TO VARIABLE.
                   PARAMETER    3  A0 RESTORED TO VARIABLE.
                   PARAMETER    1  N0 RESTORED TO VARIABLE.
 **********
 **   77 **FIX            0
 **********
 PARAMETER    0  IS UNDEFINED. IGNORED.
 **********
 **   78 **FIX            1
 **********
 **********
 **   79 **FIX            2
 **********
 PARAMETER    2  IS CONSTANT.   IGNORED.
 **********
 **   80 **FIX            3
 **********
 **********
 **   81 **FIX            4
 **********
 **********
 **   82 **FIX            5
 **********
 PARAMETER    5  IS CONSTANT.   IGNORED.
 **********
 **   83 **FIX            6
 **********
 **********
 **   84 **FIX            7
 **********
 **********
 **   85 **FIX            8
 **********
 **********
 **   86 **FIX            9
 **********
 PARAMETER    9  IS CONSTANT.   IGNORED.
 **********
 **   87 **FIX           10
 **********
 PARAMETER   10  IS CONSTANT.   IGNORED.
 **********
 **   88 **FIX           11
 **********
 PARAMETER   11  IS CONSTANT.   IGNORED.
 **********
 **   89 **FIX           12
 **********
 PARAMETER   12  IS CONSTANT.   IGNORED.
 **********
 **   90 **FIX           16
 **********
 PARAMETER   16  IS CONSTANT.   IGNORED.
 **********
 **   91 **MIGRAD
 **********
 START MIGRAD MINIMIZATION.  STRATEGY  1.  CONVERGENCE WHEN EDM .LT. 1.00e-04
 FCN=312.007 FROM MIGRAD    STATUS=INITIATE       10 CALLS         862 TOTAL
                     EDM= unknown      STRATEGY= 1      NO ERROR MATRIX       
  EXT PARAMETER               CURRENT GUESS       STEP         FIRST   
  NO.   NAME      VALUE            ERROR          SIZE      DERIVATIVE 
   1  N0           3.11116e+06     fixed    
   2  tau          6.44114e+01   constant   
   3  A0           3.64544e-01     fixed    
   4  phi          4.11798e+00     fixed    
   5  R           -6.00079e+01   constant   
   6  A_CBO        1.29889e-03     fixed    
   7  w_CBO        2.32532e+00     fixed    
   8  phi_CBO      1.53758e+00     fixed    
   9  ANx2         3.40456e-04   constant   
  10  pNx2         3.19484e+00   constant   
  11  ANy1         0.00000e+00   constant   
  12  pNy1         0.00000e+00   constant   
  13  w_y          0.00000e+00   constant   
  14  ANy2         5.00014e-04   7.65777e-04   7.65777e-04   1.13765e+01
  15  pNy2         5.11372e+00   constant   
  16  w_vw         1.43155e+01   constant   
  17  LM           3.07992e-04   constant   
  18  wCBO_expCoeff   1.98614e+02   7.29130e+00   1.44417e-03   2.03562e-03
  19  wCBO_expOffset   1.99793e+02   1.10340e+00   2.18473e-04   1.34586e-02
  20  wCBO_expT    3.00461e+01   1.06271e-01   3.88433e-05   6.64843e-02
  21  wCBO_linCoeff   0.00000e+00   constant   
  22  wCBO_const   3.82365e-03   1.29027e-03   4.10247e-06  -1.18843e+00
 MIGRAD MINIMIZATION HAS CONVERGED.
 MIGRAD WILL VERIFY CONVERGENCE AND ERROR MATRIX.
 COVARIANCE MATRIX CALCULATED SUCCESSFULLY
 FCN=312.007 FROM MIGRAD    STATUS=CONVERGED      52 CALLS         904 TOTAL
                     EDM=1.08287e-06    STRATEGY= 1      ERROR MATRIX ACCURATE 
  EXT PARAMETER                                   STEP         FIRST   
  NO.   NAME      VALUE            ERROR          SIZE      DERIVATIVE 
   1  N0           3.11116e+06     fixed    
   2  tau          6.44114e+01   constant   
   3  A0           3.64544e-01     fixed    
   4  phi          4.11798e+00     fixed    
   5  R           -6.00079e+01   constant   
   6  A_CBO        1.29889e-03     fixed    
   7  w_CBO        2.32532e+00     fixed    
   8  phi_CBO      1.53758e+00     fixed    
   9  ANx2         3.40456e-04   constant   
  10  pNx2         3.19484e+00   constant   
  11  ANy1         0.00000e+00   constant   
  12  pNy1         0.00000e+00   constant   
  13  w_y          0.00000e+00   constant   
  14  ANy2         4.96694e-04   7.64574e-04   6.60029e-06   1.46422e-02
  15  pNy2         5.11372e+00   constant   
  16  w_vw         1.43155e+01   constant   
  17  LM           3.07992e-04   constant   
  18  wCBO_expCoeff   1.98614e+02   7.29826e+00   1.44418e-03   5.08205e-04
  19  wCBO_expOffset   1.99793e+02   1.10449e+00   2.18474e-04   3.35926e-03
  20  wCBO_expT    3.00461e+01   1.06316e-01   3.88435e-05   1.53894e-02
  21  wCBO_linCoeff   0.00000e+00   constant   
  22  wCBO_const   3.82378e-03   1.29045e-03   4.10244e-06  -1.18278e+00
 EXTERNAL ERROR MATRIX.    NDIM=  25    NPAR=  5    ERR DEF=1
  5.846e-07 -2.803e-05 -4.263e-06  1.667e-06 -6.714e-09 
 -2.803e-05  5.326e+01 -7.038e+00 -1.942e-01  1.628e-03 
 -4.263e-06 -7.038e+00  1.220e+00 -2.955e-02  2.474e-04 
  1.667e-06 -1.942e-01 -2.955e-02  1.130e-02 -1.012e-04 
 -6.714e-09  1.628e-03  2.474e-04 -1.012e-04  1.665e-06 
 PARAMETER  CORRELATION COEFFICIENTS  
       NO.  GLOBAL     14     18     19     20     22
       14  0.03738   1.000 -0.005 -0.005  0.021 -0.007
       18  0.99974  -0.005  1.000 -0.873 -0.250  0.173
       19  0.99974  -0.005 -0.873  1.000 -0.252  0.174
       20  0.99911   0.021 -0.250 -0.252  1.000 -0.738
       22  0.92983  -0.007  0.173  0.174 -0.738  1.000
MINUIT - FIT ALTOGETHER
 **********
 **   92 **RES 
 **********
                   PARAMETER    8  phi_CBO RESTORED TO VARIABLE.
                   PARAMETER    7  w_CBO RESTORED TO VARIABLE.
                   PARAMETER    6  A_CBO RESTORED TO VARIABLE.
                   PARAMETER    4  phi RESTORED TO VARIABLE.
                   PARAMETER    3  A0 RESTORED TO VARIABLE.
                   PARAMETER    1  N0 RESTORED TO VARIABLE.
 **********
 **   93 **MIGRAD
 **********
 START MIGRAD MINIMIZATION.  STRATEGY  1.  CONVERGENCE WHEN EDM .LT. 1.00e-04
 FCN=312.007 FROM MIGRAD    STATUS=INITIATE       22 CALLS         926 TOTAL
                     EDM= unknown      STRATEGY= 1      NO ERROR MATRIX       
  EXT PARAMETER               CURRENT GUESS       STEP         FIRST   
  NO.   NAME      VALUE            ERROR          SIZE      DERIVATIVE 
   1  N0           3.11116e+06   1.68550e+03   1.68550e+03  -1.27650e-04
   2  tau          6.44114e+01   constant   
   3  A0           3.64544e-01   7.31322e-04   7.31322e-04   9.86957e+01
   4  phi          4.11798e+00   2.05505e-03   2.05505e-03   2.15235e+01
   5  R           -6.00079e+01   constant   
