 + ++++++++++++++++++++++++++++++++++++++++++++++++++++++++++++++++++++ +
 +                                                                      +
 +           You have chose to blind your fitting according to          +
 +                omega_ref * (1 + (R +/- deltaR) *10^{-6})             +
 +                                                                      +
 + ++++++++++++++++++++++++++++++++++++++++++++++++++++++++++++++++++++ +
In main()...
reading format from /gm2data/zkhechad/run45/envelope/formats/formatB_sBin_constraintOn.txt
pBinTau 	= 0  
pBinPhi 	= 0  
constraintau 	= 1 
includeMopTerm 	= 0    
constrainMop    = 0   
Parameters after format file: pBinTau 0 pBinPhi 0 constraintau 1 includeMopTerm 0 constrainMop 0 c_e_scale 0.000000 
reading cbo reference file (full fit) from /gm2data/zkhechad/cboTemplates/Run4CBOTemplates/fullFits/run4/sBin_constraintOn_cE0.0_seed0_run4_calo18.root
A_CBO 0.008791 w_CBO 2.327338 phi_CBO 0.630678 N0 3499835.498759 R -60.917989 tau 64.411905 
Reading cboRef file /gm2data/zkhechad/cboTemplates/Run4CBOTemplates//cboIsolate/run4_calo18.root
deltaT 48.143412
windowBins = 320
fitting sliding window 860 from bin 1063 at 158.599600 to bin 1383 at 206.343600 (320 bins)

Reading data from /gm2data/cornell/histograms/aMethod/histogram_a_run4.root
fitting cbo isolate
 **********
 **    1 **SET PRINTOUT            1
 **********
 **********
 **    2 **SET NOWARNINGS 
 **********
 PARAMETER DEFINITIONS:
    NO.   NAME         VALUE      STEP SIZE      LIMITS
     1 A_CBO        8.79094e-03  1.00000e-05     no limits
     2 w_CBO        2.32734e+00  1.00000e-02    2.00000e+00  3.00000e+00
     3 phi_CBO      6.30678e-01  1.00000e-02    0.00000e+00  6.28319e+00
 **********
 **    3 **MIGRAD
 **********
 FIRST CALL TO USER FUNCTION AT NEW START POINT, WITH IFLAG=4.
 START MIGRAD MINIMIZATION.  STRATEGY  1.  CONVERGENCE WHEN EDM .LT. 1.00e-04
 FCN=0.00397225 FROM MIGRAD    STATUS=INITIATE       12 CALLS          13 TOTAL
                     EDM= unknown      STRATEGY= 1      NO ERROR MATRIX       
  EXT PARAMETER               CURRENT GUESS       STEP         FIRST   
  NO.   NAME      VALUE            ERROR          SIZE      DERIVATIVE 
   1  A_CBO        8.79094e-03   1.00000e-05   1.00000e-05   1.44812e+00
   2  w_CBO        2.32734e+00   1.00000e-02   2.13132e-02   4.97717e-04
   3  phi_CBO      6.30678e-01   1.00000e-02   5.29649e-03  -5.19907e-05
 MIGRAD MINIMIZATION HAS CONVERGED.
 MIGRAD WILL VERIFY CONVERGENCE AND ERROR MATRIX.
 FCN=0.000678061 FROM MIGRAD    STATUS=CONVERGED      41 CALLS          42 TOTAL
                     EDM=3.33942e-06    STRATEGY= 1      ERR MATRIX NOT POS-DEF
  EXT PARAMETER                APPROXIMATE        STEP         FIRST   
  NO.   NAME      VALUE            ERROR          SIZE      DERIVATIVE 
   1  A_CBO        4.24148e-03   7.96357e-02   3.87171e-05  -3.97066e-06
   2  w_CBO        2.32734e+00   7.37620e-01   1.06252e-04   2.39311e-03
   3  phi_CBO      6.32951e-01   5.08167e+00   4.81063e-03  -6.90098e-05
 EXTERNAL ERROR MATRIX.    NDIM=  25    NPAR=  3    ERR DEF=1
  6.342e-03 -1.505e-02 -2.747e+00 
 -1.505e-02  2.604e+00  4.742e+02 
 -2.747e+00  4.742e+02  8.670e+04 
ERR MATRIX NOT POS-DEF
 PARAMETER  CORRELATION COEFFICIENTS  
       NO.  GLOBAL      1      2      3
        1  0.11717   1.000 -0.117 -0.117
        2  0.99801  -0.117  1.000  0.998
        3  0.99801  -0.117  0.998  1.000
 ERR MATRIX NOT POS-DEF
setting A_CBO=0.004241 w_CBO=2.327336, phi_CBO=0.632951
done fitting cbo isolate
 **********
 **    1 **SET PRINTOUT            1
 **********
 **********
 **    2 **SET NOWARNINGS 
 **********
 PARAMETER DEFINITIONS:
    NO.   NAME         VALUE      STEP SIZE      LIMITS
     1 N0           3.49984e+06  1.00000e+02     no limits
     2 tau          6.44119e+01  constant
     3 A0           3.53539e-01  1.00000e-04     no limits
     4 phi          4.12187e+00  1.00000e-02     no limits
     5 R           -6.09180e+01  constant
     6 A_CBO        4.24148e-03  1.00000e-05     no limits
     7 w_CBO        2.32734e+00  1.00000e-03     no limits
     8 phi_CBO      6.32951e-01  1.00000e-04     no limits
     9 ANx2         2.22853e-04  constant
    10 pNx2         5.08518e+00  constant
    11 ANy1         0.00000e+00  constant
    12 pNy1         0.00000e+00  constant
    13 w_y          0.00000e+00  constant
    14 ANy2         9.04789e-03  1.00000e-04     no limits
    15 pNy2         3.29982e+00  constant
    16 w_vw         1.43191e+01  constant
    17 LM           2.21951e-04  constant
    18 wCBO_expCoeff   2.00000e+02  1.00000e+00     no limits
    19 wCBO_expOffset   2.00000e+02  1.00000e+00     no limits
    20 wCBO_expT    3.00000e+01  1.00000e+00     no limits
    21 wCBO_linCoeff   0.00000e+00  constant
    22 wCBO_const   0.00000e+00  1.00000e-02     no limits
MINUIT - FIT ONLY WIGGLE
 **********
 **    3 **FIX            5
 **********
 PARAMETER    5  IS CONSTANT.   IGNORED.
 **********
 **    4 **FIX            6
 **********
 **********
 **    5 **FIX            7
 **********
 **********
 **    6 **FIX            8
 **********
 **********
 **    7 **FIX            9
 **********
 PARAMETER    9  IS CONSTANT.   IGNORED.
 **********
 **    8 **FIX           10
 **********
 PARAMETER   10  IS CONSTANT.   IGNORED.
 **********
 **    9 **FIX           11
 **********
 PARAMETER   11  IS CONSTANT.   IGNORED.
 **********
 **   10 **FIX           12
 **********
 PARAMETER   12  IS CONSTANT.   IGNORED.
 **********
 **   11 **FIX           13
 **********
 PARAMETER   13  IS CONSTANT.   IGNORED.
 **********
 **   12 **FIX           14
 **********
 **********
 **   13 **FIX           15
 **********
 PARAMETER   15  IS CONSTANT.   IGNORED.
 **********
 **   14 **FIX           16
 **********
 PARAMETER   16  IS CONSTANT.   IGNORED.
 **********
 **   15 **MIGRAD
 **********
 FIRST CALL TO USER FUNCTION AT NEW START POINT, WITH IFLAG=4.
 START MIGRAD MINIMIZATION.  STRATEGY  1.  CONVERGENCE WHEN EDM .LT. 1.00e-04
 FCN=2703.22 FROM MIGRAD    STATUS=INITIATE       53 CALLS          54 TOTAL
                     EDM= unknown      STRATEGY= 1      NO ERROR MATRIX       
  EXT PARAMETER               CURRENT GUESS       STEP         FIRST   
  NO.   NAME      VALUE            ERROR          SIZE      DERIVATIVE 
   1  N0           3.49984e+06   1.00000e+02   0.00000e+00  -3.85756e-03
   2  tau          6.44119e+01   constant   
   3  A0           3.53539e-01   1.00000e-04   0.00000e+00  -1.02078e+04
   4  phi          4.12187e+00   1.00000e-02   0.00000e+00   5.55306e+03
   5  R           -6.09180e+01   constant   
   6  A_CBO        4.24148e-03     fixed    
   7  w_CBO        2.32734e+00     fixed    
   8  phi_CBO      6.32951e-01     fixed    
   9  ANx2         2.22853e-04   constant   
  10  pNx2         5.08518e+00   constant   
  11  ANy1         0.00000e+00   constant   
  12  pNy1         0.00000e+00   constant   
  13  w_y          0.00000e+00   constant   
  14  ANy2         9.04789e-03     fixed    
  15  pNy2         3.29982e+00   constant   
  16  w_vw         1.43191e+01   constant   
  17  LM           2.21951e-04   constant   
  18  wCBO_expCoeff   2.00000e+02   1.00000e+00   0.00000e+00   6.76834e+03
  19  wCBO_expOffset   2.00000e+02   1.00000e+00  -2.19654e-04   2.59683e+04
  20  wCBO_expT    3.00000e+01   1.00000e+00   0.00000e+00  -3.16042e+05
  21  wCBO_linCoeff   0.00000e+00   constant   
  22  wCBO_const   0.00000e+00   1.00000e-02   0.00000e+00  -1.51690e+04
 CALL LIMIT EXCEEDED IN MIGRAD.
 MIGRAD TERMINATED WITHOUT CONVERGENCE.
 FCN=2673.92 FROM MIGRAD    STATUS=CALL LIMIT   1152 CALLS        1153 TOTAL
                     EDM=23.215    STRATEGY= 1  ERROR MATRIX UNCERTAINTY   0.0 per cent
  EXT PARAMETER                APPROXIMATE        STEP         FIRST   
  NO.   NAME      VALUE            ERROR          SIZE      DERIVATIVE 
   1  N0           3.49978e+06   5.17616e+02  -1.61048e+00  -3.15623e-03
   2  tau          6.44119e+01   constant   
   3  A0           3.53374e-01   1.99974e-04  -7.38462e-07  -1.09933e+04
   4  phi          4.12172e+00   6.29492e-04   3.27210e-06   3.35968e+03
   5  R           -6.09180e+01   constant   
   6  A_CBO        4.24148e-03     fixed    
   7  w_CBO        2.32734e+00     fixed    
   8  phi_CBO      6.32951e-01     fixed    
   9  ANx2         2.22853e-04   constant   
  10  pNx2         5.08518e+00   constant   
  11  ANy1         0.00000e+00   constant   
  12  pNy1         0.00000e+00   constant   
  13  w_y          0.00000e+00   constant   
  14  ANy2         9.04789e-03     fixed    
  15  pNy2         3.29982e+00   constant   
  16  w_vw         1.43191e+01   constant   
  17  LM           2.21951e-04   constant   
  18  wCBO_expCoeff   2.00000e+02   1.18945e-04   2.76909e-07   2.15062e+04
  19  wCBO_expOffset   2.00000e+02   1.63679e-04   1.23534e-06   8.30390e+04
  20  wCBO_expT    3.00002e+01   8.99592e-05   6.58639e-07  -1.70317e+05
  21  wCBO_linCoeff   0.00000e+00   constant   
  22  wCBO_const  -4.58597e-05   1.21169e-03  -9.07008e-06   1.03733e+04
 EXTERNAL ERROR MATRIX.    NDIM=  25    NPAR=  7    ERR DEF=1
  2.679e+05  6.152e-03 -3.967e-02 -3.286e-03 -3.398e-02 -1.995e-02  2.505e-01 
  6.152e-03  3.999e-08 -1.495e-08 -2.053e-09 -1.600e-08 -9.632e-09  1.142e-07 
 -3.967e-02 -1.495e-08  3.963e-07  1.323e-08  7.038e-08  3.923e-08 -5.065e-07 
 -3.286e-03 -2.053e-09  1.323e-08  1.415e-08  5.436e-09  4.155e-09 -4.581e-08 
 -3.398e-02 -1.600e-08  7.038e-08  5.436e-09  2.679e-08  1.434e-08 -1.936e-07 
 -1.995e-02 -9.632e-09  3.923e-08  4.155e-09  1.434e-08  8.093e-09 -1.013e-07 
  2.505e-01  1.142e-07 -5.065e-07 -4.581e-08 -1.936e-07 -1.013e-07  1.468e-06 
ERR MATRIX APPROXIMATE
 PARAMETER  CORRELATION COEFFICIENTS  
       NO.  GLOBAL      1      3      4     18     19     20     22
        1  0.98833   1.000  0.059 -0.122 -0.053 -0.401 -0.429  0.399
        3  0.99293   0.059  1.000 -0.119 -0.086 -0.489 -0.535  0.471
        4  0.99282  -0.122 -0.119  1.000  0.177  0.683  0.693 -0.664
       18  0.99501  -0.053 -0.086  0.177  1.000  0.279  0.388 -0.318
       19  0.99991  -0.401 -0.489  0.683  0.279  1.000  0.974 -0.976
       20  0.99985  -0.429 -0.535  0.693  0.388  0.974  1.000 -0.929
       22  0.99961   0.399  0.471 -0.664 -0.318 -0.976 -0.929  1.000
 ERR MATRIX APPROXIMATE
MINUIT - FIT ONLY 1-CBO + other amplitudes 
 **********
 **   16 **RES 
 **********
                   PARAMETER   14  ANy2 RESTORED TO VARIABLE.
                   PARAMETER    8  phi_CBO RESTORED TO VARIABLE.
                   PARAMETER    7  w_CBO RESTORED TO VARIABLE.
                   PARAMETER    6  A_CBO RESTORED TO VARIABLE.
 **********
 **   17 **FIX            0
 **********
 PARAMETER    0  IS UNDEFINED. IGNORED.
 **********
 **   18 **FIX            1
 **********
 **********
 **   19 **FIX            2
 **********
 PARAMETER    2  IS CONSTANT.   IGNORED.
 **********
 **   20 **FIX            3
 **********
 **********
 **   21 **FIX            4
 **********
 **********
 **   22 **FIX            9
 **********
 PARAMETER    9  IS CONSTANT.   IGNORED.
 **********
 **   23 **FIX           11
 **********
 PARAMETER   11  IS CONSTANT.   IGNORED.
 **********
 **   24 **FIX           12
 **********
 PARAMETER   12  IS CONSTANT.   IGNORED.
 **********
 **   25 **FIX           14
 **********
 **********
 **   26 **FIX           15
 **********
 PARAMETER   15  IS CONSTANT.   IGNORED.
 **********
 **   27 **FIX           16
 **********
 PARAMETER   16  IS CONSTANT.   IGNORED.
 **********
 **   28 **MIGRAD
 **********
 START MIGRAD MINIMIZATION.  STRATEGY  1.  CONVERGENCE WHEN EDM .LT. 1.00e-04
 FCN=2673.92 FROM MIGRAD    STATUS=INITIATE       22 CALLS        1175 TOTAL
                     EDM= unknown      STRATEGY= 1      NO ERROR MATRIX       
  EXT PARAMETER               CURRENT GUESS       STEP         FIRST   
  NO.   NAME      VALUE            ERROR          SIZE      DERIVATIVE 
   1  N0           3.49978e+06     fixed    
   2  tau          6.44119e+01   constant   
   3  A0           3.53374e-01     fixed    
   4  phi          4.12172e+00     fixed    
   5  R           -6.09180e+01   constant   
   6  A_CBO        4.24148e-03   1.00000e-05   1.00000e-05   1.48820e+05
   7  w_CBO        2.32734e+00   1.00000e-03   1.00000e-03   1.85253e+06
   8  phi_CBO      6.32951e-01   1.00000e-04   1.00000e-04  -2.00998e+01
   9  ANx2         2.22853e-04   constant   
  10  pNx2         5.08518e+00   constant   
  11  ANy1         0.00000e+00   constant   
  12  pNy1         0.00000e+00   constant   
  13  w_y          0.00000e+00   constant   
  14  ANy2         9.04789e-03     fixed    
  15  pNy2         3.29982e+00   constant   
  16  w_vw         1.43191e+01   constant   
  17  LM           2.21951e-04   constant   
  18  wCBO_expCoeff   2.00000e+02   1.18945e-04   2.76909e-07   2.15062e+04
  19  wCBO_expOffset   2.00000e+02   1.63679e-04   1.23534e-06   8.30390e+04
  20  wCBO_expT    3.00002e+01   8.99592e-05   6.58639e-07  -1.70317e+05
  21  wCBO_linCoeff   0.00000e+00   constant   
  22  wCBO_const  -4.58597e-05   1.21169e-03  -9.07008e-06   1.03733e+04
 CALL LIMIT EXCEEDED IN MIGRAD.
 MIGRAD TERMINATED WITHOUT CONVERGENCE.
 FCN=2442.46 FROM MIGRAD    STATUS=CALL LIMIT   1159 CALLS        2312 TOTAL
                     EDM=2.82198    STRATEGY= 1  ERROR MATRIX UNCERTAINTY   0.1 per cent
  EXT PARAMETER                APPROXIMATE        STEP         FIRST   
  NO.   NAME      VALUE            ERROR          SIZE      DERIVATIVE 
   1  N0           3.49978e+06     fixed    
   2  tau          6.44119e+01   constant   
   3  A0           3.53374e-01     fixed    
   4  phi          4.12172e+00     fixed    
   5  R           -6.09180e+01   constant   
   6  A_CBO        1.02866e-03   2.27493e-04  -2.09469e-07  -9.05404e+02
   7  w_CBO        2.32733e+00   2.85181e-06  -2.92959e-09   1.10728e+05
   8  phi_CBO      4.57595e-01   2.52678e-01  -2.61512e-04   5.41088e-02
   9  ANx2         2.22853e-04   constant   
  10  pNx2         5.08518e+00   constant   
  11  ANy1         0.00000e+00   constant   
  12  pNy1         0.00000e+00   constant   
  13  w_y          0.00000e+00   constant   
  14  ANy2         9.04789e-03     fixed    
  15  pNy2         3.29982e+00   constant   
  16  w_vw         1.43191e+01   constant   
  17  LM           2.21951e-04   constant   
  18  wCBO_expCoeff   2.00000e+02   2.45728e-04  -2.52355e-07   1.28153e+03
  19  wCBO_expOffset   2.00000e+02   1.42550e-04   1.59937e-07  -1.55926e+04
  20  wCBO_expT    3.00003e+01   7.16613e-05   7.14574e-08  -1.44600e+03
  21  wCBO_linCoeff   0.00000e+00   constant   
  22  wCBO_const   3.26666e-04   5.44387e-04  -5.14516e-07   1.46251e+03
 EXTERNAL ERROR MATRIX.    NDIM=  25    NPAR=  7    ERR DEF=1
  5.175e-08  5.139e-10  3.789e-05  4.426e-08 -2.566e-08 -1.179e-08  9.392e-08 
  5.139e-10  8.133e-12  6.419e-07  5.955e-10 -3.745e-10 -1.808e-10  9.988e-10 
  3.789e-05  6.419e-07  6.385e-02  5.532e-05 -3.309e-05 -1.675e-05  8.743e-05 
  4.426e-08  5.955e-10  5.532e-05  6.038e-08 -3.227e-08 -1.559e-08  8.595e-08 
 -2.566e-08 -3.745e-10 -3.309e-05 -3.227e-08  2.032e-08  9.361e-09 -6.075e-08 
 -1.179e-08 -1.808e-10 -1.675e-05 -1.559e-08  9.361e-09  5.135e-09 -2.088e-08 
  9.392e-08  9.988e-10  8.743e-05  8.595e-08 -6.075e-08 -2.088e-08  2.964e-07 
ERR MATRIX APPROXIMATE
 PARAMETER  CORRELATION COEFFICIENTS  
       NO.  GLOBAL      6      7      8     18     19     20     22
        6  0.99028   1.000  0.792  0.659  0.792 -0.791 -0.723  0.758
        7  0.99094   0.792  1.000  0.891  0.850 -0.921 -0.885  0.643
        8  0.99312   0.659  0.891  1.000  0.891 -0.919 -0.925  0.636
       18  0.99094   0.792  0.850  0.891  1.000 -0.921 -0.885  0.643
       19  0.99822  -0.791 -0.921 -0.919 -0.921  1.000  0.916 -0.783
       20  0.99575  -0.723 -0.885 -0.925 -0.885  0.916  1.000 -0.535
       22  0.99345   0.758  0.643  0.636  0.643 -0.783 -0.535  1.000
 ERR MATRIX APPROXIMATE
MINUIT - FIT ONLY 1-CBO
 **********
 **   29 **RES 
 **********
                   PARAMETER   14  ANy2 RESTORED TO VARIABLE.
                   PARAMETER    4  phi RESTORED TO VARIABLE.
                   PARAMETER    3  A0 RESTORED TO VARIABLE.
                   PARAMETER    1  N0 RESTORED TO VARIABLE.
 **********
 **   30 **FIX            0
 **********
 PARAMETER    0  IS UNDEFINED. IGNORED.
 **********
 **   31 **FIX            1
 **********
 **********
 **   32 **FIX            2
 **********
 PARAMETER    2  IS CONSTANT.   IGNORED.
 **********
 **   33 **FIX            3
 **********
 **********
 **   34 **FIX            4
 **********
 **********
 **   35 **FIX            8
 **********
 **********
 **   36 **FIX            9
 **********
 PARAMETER    9  IS CONSTANT.   IGNORED.
 **********
 **   37 **FIX           11
 **********
 PARAMETER   11  IS CONSTANT.   IGNORED.
 **********
 **   38 **FIX           12
 **********
 PARAMETER   12  IS CONSTANT.   IGNORED.
 **********
 **   39 **FIX           13
 **********
 PARAMETER   13  IS CONSTANT.   IGNORED.
 **********
 **   40 **FIX           15
 **********
 PARAMETER   15  IS CONSTANT.   IGNORED.
 **********
 **   41 **FIX           16
 **********
 PARAMETER   16  IS CONSTANT.   IGNORED.
 **********
 **   42 **MIGRAD
 **********
 START MIGRAD MINIMIZATION.  STRATEGY  1.  CONVERGENCE WHEN EDM .LT. 1.00e-04
 FCN=2442.46 FROM MIGRAD    STATUS=INITIATE       16 CALLS        2328 TOTAL
                     EDM= unknown      STRATEGY= 1      NO ERROR MATRIX       
  EXT PARAMETER               CURRENT GUESS       STEP         FIRST   
  NO.   NAME      VALUE            ERROR          SIZE      DERIVATIVE 
   1  N0           3.49978e+06     fixed    
   2  tau          6.44119e+01   constant   
   3  A0           3.53374e-01     fixed    
   4  phi          4.12172e+00     fixed    
   5  R           -6.09180e+01   constant   
   6  A_CBO        1.02866e-03   2.27493e-04  -2.09469e-07  -9.05404e+02
   7  w_CBO        2.32733e+00   2.85181e-06  -2.92959e-09   1.10728e+05
   8  phi_CBO      4.57595e-01     fixed    
   9  ANx2         2.22853e-04   constant   
  10  pNx2         5.08518e+00   constant   
  11  ANy1         0.00000e+00   constant   
  12  pNy1         0.00000e+00   constant   
  13  w_y          0.00000e+00   constant   
  14  ANy2         9.04789e-03   1.00000e-04   1.00000e-04   4.30231e+05
  15  pNy2         3.29982e+00   constant   
  16  w_vw         1.43191e+01   constant   
  17  LM           2.21951e-04   constant   
  18  wCBO_expCoeff   2.00000e+02   2.45728e-04  -2.52355e-07   1.28153e+03
  19  wCBO_expOffset   2.00000e+02   1.42550e-04   1.59937e-07  -1.55926e+04
  20  wCBO_expT    3.00003e+01   7.16613e-05   7.14574e-08  -1.44600e+03
  21  wCBO_linCoeff   0.00000e+00   constant   
  22  wCBO_const   3.26666e-04   5.44387e-04  -5.14516e-07   1.46251e+03
 MIGRAD FAILS TO FIND IMPROVEMENT
 FCN=524.374 FROM HESSE     STATUS=NOT POSDEF     58 CALLS        2496 TOTAL
                     EDM=0.100534    STRATEGY= 1      ERR MATRIX NOT POS-DEF
  EXT PARAMETER                APPROXIMATE        STEP         FIRST   
  NO.   NAME      VALUE            ERROR          SIZE      DERIVATIVE 
   1  N0           3.49978e+06     fixed    
   2  tau          6.44119e+01   constant   
   3  A0           3.53374e-01     fixed    
   4  phi          4.12172e+00     fixed    
   5  R           -6.09180e+01   constant   
   6  A_CBO        5.47716e-04   2.93092e-04   2.29584e-06   8.77814e-01
   7  w_CBO        2.32733e+00   2.05266e-05   1.10976e-06   1.03056e+04
   8  phi_CBO      4.57595e-01     fixed    
   9  ANx2         2.22853e-04   constant   
  10  pNx2         5.08518e+00   constant   
  11  ANy1         0.00000e+00   constant   
  12  pNy1         0.00000e+00   constant   
  13  w_y          0.00000e+00   constant   
  14  ANy2         1.32620e-04   2.04992e-04   2.27498e-06  -1.09019e+01
  15  pNy2         3.29982e+00   constant   
  16  w_vw         1.43191e+01   constant   
  17  LM           2.21951e-04   constant   
  18  wCBO_expCoeff   2.00000e+02   1.76868e-03   9.53674e-05   1.19841e+02
  19  wCBO_expOffset   2.00000e+02   1.40647e-04   9.53674e-05   7.66933e+02
  20  wCBO_expT    3.00003e+01   3.19021e-04   1.43053e-05   6.74736e+02
  21  wCBO_linCoeff   0.00000e+00   constant   
  22  wCBO_const   9.74008e-04   4.24753e-03   6.14736e-06   1.63426e+01
 MIGRAD FAILS TO FIND IMPROVEMENT
 MIGRAD TERMINATED WITHOUT CONVERGENCE.
 FCN=524.262 FROM MIGRAD    STATUS=FAILED        421 CALLS        2733 TOTAL
                     EDM=0.256584    STRATEGY= 1      ERR MATRIX NOT POS-DEF
  EXT PARAMETER                APPROXIMATE        STEP         FIRST   
  NO.   NAME      VALUE            ERROR          SIZE      DERIVATIVE 
   1  N0           3.49978e+06     fixed    
   2  tau          6.44119e+01   constant   
   3  A0           3.53374e-01     fixed    
   4  phi          4.12172e+00     fixed    
   5  R           -6.09180e+01   constant   
   6  A_CBO        5.28223e-04   2.17862e-04  -0.00000e+00  -1.35376e+03
   7  w_CBO        2.32733e+00   3.78304e-05  -0.00000e+00   1.15840e+05
   8  phi_CBO      4.57595e-01     fixed    
   9  ANx2         2.22853e-04   constant   
  10  pNx2         5.08518e+00   constant   
  11  ANy1         0.00000e+00   constant   
  12  pNy1         0.00000e+00   constant   
  13  w_y          0.00000e+00   constant   
  14  ANy2         1.26611e-04   2.01601e-04  -0.00000e+00  -2.14144e+02
  15  pNy2         3.29982e+00   constant   
  16  w_vw         1.43191e+01   constant   
  17  LM           2.21951e-04   constant   
  18  wCBO_expCoeff   1.99999e+02   3.26744e-03  -0.00000e+00   1.34577e+03
  19  wCBO_expOffset   2.00000e+02   1.89793e-04   0.00000e+00   3.27310e+03
  20  wCBO_expT    3.00002e+01   4.61363e-04  -0.00000e+00  -9.25441e+03
  21  wCBO_linCoeff   0.00000e+00   constant   
  22  wCBO_const   2.40856e-03   6.16624e-03   0.00000e+00   4.54950e+02
 EXTERNAL ERROR MATRIX.    NDIM=  25    NPAR=  7    ERR DEF=1
  4.746e-08  3.331e-09  3.439e-09  2.880e-07 -2.752e-08  3.120e-08 -4.486e-07 
  3.331e-09  1.431e-09  1.087e-09  1.127e-07 -5.349e-09  1.686e-08 -2.252e-07 
  3.439e-09  1.087e-09  4.064e-08  9.399e-08 -7.729e-09  1.124e-08 -1.565e-07 
  2.880e-07  1.127e-07  9.399e-08  1.068e-05 -4.624e-07  1.457e-06 -1.945e-05 
 -2.752e-08 -5.349e-09 -7.729e-09 -4.624e-07  3.602e-08 -5.908e-08  7.925e-07 
  3.120e-08  1.686e-08  1.124e-08  1.457e-06 -5.908e-08  2.129e-07 -2.797e-06 
 -4.486e-07 -2.252e-07 -1.565e-07 -1.945e-05  7.925e-07 -2.797e-06  3.802e-05 
ERR MATRIX NOT POS-DEF
 PARAMETER  CORRELATION COEFFICIENTS  
       NO.  GLOBAL      6      7     14     18     19     20     22
        6  0.97557   1.000  0.404  0.078  0.405 -0.666  0.310 -0.334
        7  0.99984   0.404  1.000  0.143  0.912 -0.745  0.966 -0.965
       14  0.59343   0.078  0.143  1.000  0.143 -0.202  0.121 -0.126
       18  0.99984   0.405  0.912  0.143  1.000 -0.746  0.966 -0.965
       19  0.99759  -0.666 -0.745 -0.202 -0.746  1.000 -0.675  0.677
       20  0.99984   0.310  0.966  0.121  0.966 -0.675  1.000 -0.983
       22  0.99972  -0.334 -0.965 -0.126 -0.965  0.677 -0.983  1.000
 ERR MATRIX NOT POS-DEF
MINUIT - FIT ONLY 2-CBO
 **********
 **   43 **RES 
 **********
                   PARAMETER    8  phi_CBO RESTORED TO VARIABLE.
                   PARAMETER    4  phi RESTORED TO VARIABLE.
                   PARAMETER    3  A0 RESTORED TO VARIABLE.
                   PARAMETER    1  N0 RESTORED TO VARIABLE.
 **********
 **   44 **FIX            0
 **********
 PARAMETER    0  IS UNDEFINED. IGNORED.
 **********
 **   45 **FIX            1
 **********
 **********
 **   46 **FIX            2
 **********
 PARAMETER    2  IS CONSTANT.   IGNORED.
 **********
 **   47 **FIX            3
 **********
 **********
 **   48 **FIX            4
 **********
 **********
 **   49 **FIX            5
 **********
 PARAMETER    5  IS CONSTANT.   IGNORED.
 **********
 **   50 **FIX            6
 **********
 **********
 **   51 **FIX            7
 **********
 **********
 **   52 **FIX           10
 **********
 PARAMETER   10  IS CONSTANT.   IGNORED.
 **********
 **   53 **FIX           11
 **********
 PARAMETER   11  IS CONSTANT.   IGNORED.
 **********
 **   54 **FIX           12
 **********
 PARAMETER   12  IS CONSTANT.   IGNORED.
 **********
 **   55 **FIX           13
 **********
 PARAMETER   13  IS CONSTANT.   IGNORED.
 **********
 **   56 **FIX           14
 **********
 **********
 **   57 **FIX           15
 **********
 PARAMETER   15  IS CONSTANT.   IGNORED.
 **********
 **   58 **FIX           16
 **********
 PARAMETER   16  IS CONSTANT.   IGNORED.
 **********
 **   59 **MIGRAD
 **********
 START MIGRAD MINIMIZATION.  STRATEGY  1.  CONVERGENCE WHEN EDM .LT. 1.00e-04
 FCN=524.262 FROM MIGRAD    STATUS=INITIATE       12 CALLS        2745 TOTAL
                     EDM= unknown      STRATEGY= 1      NO ERROR MATRIX       
  EXT PARAMETER               CURRENT GUESS       STEP         FIRST   
  NO.   NAME      VALUE            ERROR          SIZE      DERIVATIVE 
   1  N0           3.49978e+06     fixed    
   2  tau          6.44119e+01   constant   
   3  A0           3.53374e-01     fixed    
   4  phi          4.12172e+00     fixed    
   5  R           -6.09180e+01   constant   
   6  A_CBO        5.28223e-04     fixed    
   7  w_CBO        2.32733e+00     fixed    
   8  phi_CBO      4.57595e-01   2.52678e-01   2.52678e-01   1.71759e+00
   9  ANx2         2.22853e-04   constant   
  10  pNx2         5.08518e+00   constant   
  11  ANy1         0.00000e+00   constant   
  12  pNy1         0.00000e+00   constant   
  13  w_y          0.00000e+00   constant   
  14  ANy2         1.26611e-04     fixed    
  15  pNy2         3.29982e+00   constant   
  16  w_vw         1.43191e+01   constant   
  17  LM           2.21951e-04   constant   
  18  wCBO_expCoeff   1.99999e+02   3.26744e-03  -0.00000e+00   1.34577e+03
  19  wCBO_expOffset   2.00000e+02   1.89793e-04   0.00000e+00   3.27310e+03
  20  wCBO_expT    3.00002e+01   4.61363e-04  -0.00000e+00  -9.25441e+03
  21  wCBO_linCoeff   0.00000e+00   constant   
  22  wCBO_const   2.40856e-03   6.16624e-03   0.00000e+00   4.54950e+02
 MIGRAD FAILS TO FIND IMPROVEMENT
 FCN=524.003 FROM HESSE     STATUS=NOT POSDEF     35 CALLS        2840 TOTAL
                     EDM=0.112117    STRATEGY= 1      ERR MATRIX NOT POS-DEF
  EXT PARAMETER                APPROXIMATE        STEP         FIRST   
  NO.   NAME      VALUE            ERROR          SIZE      DERIVATIVE 
   1  N0           3.49978e+06     fixed    
   2  tau          6.44119e+01   constant   
   3  A0           3.53374e-01     fixed    
   4  phi          4.12172e+00     fixed    
   5  R           -6.09180e+01   constant   
   6  A_CBO        5.28223e-04     fixed    
   7  w_CBO        2.32733e+00     fixed    
   8  phi_CBO      2.37730e-01   6.30579e-01   4.15913e-03  -1.23086e-01
   9  ANx2         2.22853e-04   constant   
  10  pNx2         5.08518e+00   constant   
  11  ANy1         0.00000e+00   constant   
  12  pNy1         0.00000e+00   constant   
  13  w_y          0.00000e+00   constant   
  14  ANy2         1.26611e-04     fixed    
  15  pNy2         3.29982e+00   constant   
  16  w_vw         1.43191e+01   constant   
  17  LM           2.21951e-04   constant   
  18  wCBO_expCoeff   1.99999e+02   2.97820e-03   9.53671e-05   3.44432e+02
  19  wCBO_expOffset   2.00000e+02   1.53475e-04   9.53674e-05   2.28372e+03
  20  wCBO_expT    3.00002e+01   2.98018e-04   1.43052e-05  -1.22503e+03
  21  wCBO_linCoeff   0.00000e+00   constant   
  22  wCBO_const   2.26182e-03   3.81989e-03   6.20193e-06   6.99312e+01
 MIGRAD FAILS TO FIND IMPROVEMENT
 MIGRAD TERMINATED WITHOUT CONVERGENCE.
 FCN=523.731 FROM MIGRAD    STATUS=FAILED        143 CALLS        2876 TOTAL
                     EDM=0.0397429    STRATEGY= 1      ERR MATRIX NOT POS-DEF
  EXT PARAMETER                APPROXIMATE        STEP         FIRST   
  NO.   NAME      VALUE            ERROR          SIZE      DERIVATIVE 
   1  N0           3.49978e+06     fixed    
   2  tau          6.44119e+01   constant   
   3  A0           3.53374e-01     fixed    
   4  phi          4.12172e+00     fixed    
   5  R           -6.09180e+01   constant   
   6  A_CBO        5.28223e-04     fixed    
   7  w_CBO        2.32733e+00     fixed    
   8  phi_CBO      1.88561e-01   5.01653e-01  -0.00000e+00   3.22448e-01
   9  ANx2         2.22853e-04   constant   
  10  pNx2         5.08518e+00   constant   
  11  ANy1         0.00000e+00   constant   
  12  pNy1         0.00000e+00   constant   
  13  w_y          0.00000e+00   constant   
  14  ANy2         1.26611e-04     fixed    
  15  pNy2         3.29982e+00   constant   
  16  w_vw         1.43191e+01   constant   
  17  LM           2.21951e-04   constant   
  18  wCBO_expCoeff   1.99997e+02   3.68330e-03   0.00000e+00   7.36999e+02
  19  wCBO_expOffset   2.00000e+02   1.43095e-04   0.00000e+00   3.47620e+02
  20  wCBO_expT    3.00000e+01   3.74797e-04   0.00000e+00  -6.04411e+03
  21  wCBO_linCoeff   0.00000e+00   constant   
  22  wCBO_const   4.96747e-03   4.82212e-03  -0.00000e+00   1.69893e+02
 EXTERNAL ERROR MATRIX.    NDIM=  25    NPAR=  5    ERR DEF=1
  2.517e-01  6.798e-04  3.282e-05  7.229e-05 -7.587e-04 
  6.798e-04  1.357e-05  4.564e-07  1.369e-06 -1.746e-05 
  3.282e-05  4.564e-07  2.048e-08  4.783e-08 -6.150e-07 
  7.229e-05  1.369e-06  4.783e-08  1.405e-07 -1.753e-06 
 -7.587e-04 -1.746e-05 -6.150e-07 -1.753e-06  2.325e-05 
ERR MATRIX NOT POS-DEF
 PARAMETER  CORRELATION COEFFICIENTS  
       NO.  GLOBAL      8     18     19     20     22
        8  0.68088   1.000  0.368  0.457  0.384 -0.314
       18  0.99797   0.368  1.000  0.866  0.991 -0.983
       19  0.96214   0.457  0.866  1.000  0.892 -0.891
       20  0.99612   0.384  0.991  0.892  1.000 -0.970
       22  0.99348  -0.314 -0.983 -0.891 -0.970  1.000
 ERR MATRIX NOT POS-DEF
MINUIT - FIT ONLY 1-y
 **********
 **   60 **RES 
 **********
                   PARAMETER   14  ANy2 RESTORED TO VARIABLE.
                   PARAMETER    7  w_CBO RESTORED TO VARIABLE.
                   PARAMETER    6  A_CBO RESTORED TO VARIABLE.
                   PARAMETER    4  phi RESTORED TO VARIABLE.
                   PARAMETER    3  A0 RESTORED TO VARIABLE.
                   PARAMETER    1  N0 RESTORED TO VARIABLE.
 **********
 **   61 **FIX            0
 **********
 PARAMETER    0  IS UNDEFINED. IGNORED.
 **********
 **   62 **FIX            1
 **********
 **********
 **   63 **FIX            2
 **********
 PARAMETER    2  IS CONSTANT.   IGNORED.
 **********
 **   64 **FIX            3
 **********
 **********
 **   65 **FIX            4
 **********
 **********
 **   66 **FIX            5
 **********
 PARAMETER    5  IS CONSTANT.   IGNORED.
 **********
 **   67 **FIX            6
 **********
 **********
 **   68 **FIX            7
 **********
 **********
 **   69 **FIX            8
 **********
 **********
 **   70 **FIX            9
 **********
 PARAMETER    9  IS CONSTANT.   IGNORED.
 **********
 **   71 **FIX           13
 **********
 PARAMETER   13  IS CONSTANT.   IGNORED.
 **********
 **   72 **FIX           14
 **********
 **********
 **   73 **FIX           15
 **********
 PARAMETER   15  IS CONSTANT.   IGNORED.
 **********
 **   74 **FIX           16
 **********
 PARAMETER   16  IS CONSTANT.   IGNORED.
 **********
 **   75 **MIGRAD
 **********
 START MIGRAD MINIMIZATION.  STRATEGY  1.  CONVERGENCE WHEN EDM .LT. 1.00e-04
 FCN=523.731 FROM MIGRAD    STATUS=INITIATE        8 CALLS        2884 TOTAL
                     EDM= unknown      STRATEGY= 1      NO ERROR MATRIX       
  EXT PARAMETER               CURRENT GUESS       STEP         FIRST   
  NO.   NAME      VALUE            ERROR          SIZE      DERIVATIVE 
   1  N0           3.49978e+06     fixed    
   2  tau          6.44119e+01   constant   
   3  A0           3.53374e-01     fixed    
   4  phi          4.12172e+00     fixed    
   5  R           -6.09180e+01   constant   
   6  A_CBO        5.28223e-04     fixed    
   7  w_CBO        2.32733e+00     fixed    
   8  phi_CBO      1.88561e-01     fixed    
   9  ANx2         2.22853e-04   constant   
  10  pNx2         5.08518e+00   constant   
  11  ANy1         0.00000e+00   constant   
  12  pNy1         0.00000e+00   constant   
  13  w_y          0.00000e+00   constant   
  14  ANy2         1.26611e-04     fixed    
  15  pNy2         3.29982e+00   constant   
  16  w_vw         1.43191e+01   constant   
  17  LM           2.21951e-04   constant   
  18  wCBO_expCoeff   1.99997e+02   3.68330e-03   0.00000e+00   7.36999e+02
  19  wCBO_expOffset   2.00000e+02   1.43095e-04   0.00000e+00   3.47620e+02
  20  wCBO_expT    3.00000e+01   3.74797e-04   0.00000e+00  -6.04411e+03
  21  wCBO_linCoeff   0.00000e+00   constant   
  22  wCBO_const   4.96747e-03   4.82212e-03  -0.00000e+00   1.69893e+02
 MIGRAD FAILS TO FIND IMPROVEMENT
 FCN=523.719 FROM HESSE     STATUS=NOT POSDEF     29 CALLS        2959 TOTAL
                     EDM=0.0136954    STRATEGY= 1      ERR MATRIX NOT POS-DEF
  EXT PARAMETER                APPROXIMATE        STEP         FIRST   
  NO.   NAME      VALUE            ERROR          SIZE      DERIVATIVE 
   1  N0           3.49978e+06     fixed    
   2  tau          6.44119e+01   constant   
   3  A0           3.53374e-01     fixed    
   4  phi          4.12172e+00     fixed    
   5  R           -6.09180e+01   constant   
   6  A_CBO        5.28223e-04     fixed    
   7  w_CBO        2.32733e+00     fixed    
   8  phi_CBO      1.88561e-01     fixed    
   9  ANx2         2.22853e-04   constant   
  10  pNx2         5.08518e+00   constant   
  11  ANy1         0.00000e+00   constant   
  12  pNy1         0.00000e+00   constant   
  13  w_y          0.00000e+00   constant   
  14  ANy2         1.26611e-04     fixed    
  15  pNy2         3.29982e+00   constant   
  16  w_vw         1.43191e+01   constant   
  17  LM           2.21951e-04   constant   
  18  wCBO_expCoeff   1.99997e+02   3.19444e-03   9.53661e-05   2.07222e+02
  19  wCBO_expOffset   2.00000e+02   1.41010e-04   9.53674e-05   1.34149e+03
  20  wCBO_expT    3.00000e+01   3.12439e-04   1.43051e-05  -1.50562e+03
  21  wCBO_linCoeff   0.00000e+00   constant   
  22  wCBO_const   4.97075e-03   4.26564e-03   6.22735e-06   3.31373e+01
 MIGRAD FAILS TO FIND IMPROVEMENT
 MIGRAD TERMINATED WITHOUT CONVERGENCE.
 FCN=523.71 FROM MIGRAD    STATUS=FAILED        115 CALLS        2991 TOTAL
                     EDM=0.017754    STRATEGY= 1      ERR MATRIX NOT POS-DEF
  EXT PARAMETER                APPROXIMATE        STEP         FIRST   
  NO.   NAME      VALUE            ERROR          SIZE      DERIVATIVE 
   1  N0           3.49978e+06     fixed    
   2  tau          6.44119e+01   constant   
   3  A0           3.53374e-01     fixed    
   4  phi          4.12172e+00     fixed    
   5  R           -6.09180e+01   constant   
   6  A_CBO        5.28223e-04     fixed    
   7  w_CBO        2.32733e+00     fixed    
   8  phi_CBO      1.88561e-01     fixed    
   9  ANx2         2.22853e-04   constant   
  10  pNx2         5.08518e+00   constant   
  11  ANy1         0.00000e+00   constant   
  12  pNy1         0.00000e+00   constant   
  13  w_y          0.00000e+00   constant   
  14  ANy2         1.26611e-04     fixed    
  15  pNy2         3.29982e+00   constant   
  16  w_vw         1.43191e+01   constant   
  17  LM           2.21951e-04   constant   
  18  wCBO_expCoeff   1.99997e+02   2.92578e-03   0.00000e+00  -2.99606e+02
  19  wCBO_expOffset   2.00000e+02   1.48817e-04   0.00000e+00  -5.30677e+03
  20  wCBO_expT    3.00000e+01   2.94367e-04   0.00000e+00   2.41333e+03
  21  wCBO_linCoeff   0.00000e+00   constant   
  22  wCBO_const   5.23658e-03   3.97053e-03  -0.00000e+00  -1.31316e+02
 EXTERNAL ERROR MATRIX.    NDIM=  25    NPAR=  4    ERR DEF=1
  8.560e-06  3.649e-07  8.516e-07 -1.136e-05 
  3.649e-07  2.215e-08  3.814e-08 -5.228e-07 
  8.516e-07  3.814e-08  8.665e-08 -1.118e-06 
 -1.136e-05 -5.228e-07 -1.118e-06  1.577e-05 
ERR MATRIX NOT POS-DEF
 PARAMETER  CORRELATION COEFFICIENTS  
       NO.  GLOBAL     18     19     20     22
       18  0.99940   1.000  0.838  0.989 -0.978
       19  0.98709   0.838  1.000  0.871 -0.885
       20  0.99875   0.989  0.871  1.000 -0.956
       22  0.99776  -0.978 -0.885 -0.956  1.000
 ERR MATRIX NOT POS-DEF
MINUIT - FIT ONLY 2-y
 **********
 **   76 **RES 
 **********
                   PARAMETER   14  ANy2 RESTORED TO VARIABLE.
                   PARAMETER    8  phi_CBO RESTORED TO VARIABLE.
                   PARAMETER    7  w_CBO RESTORED TO VARIABLE.
                   PARAMETER    6  A_CBO RESTORED TO VARIABLE.
                   PARAMETER    4  phi RESTORED TO VARIABLE.
                   PARAMETER    3  A0 RESTORED TO VARIABLE.
                   PARAMETER    1  N0 RESTORED TO VARIABLE.
 **********
 **   77 **FIX            0
 **********
 PARAMETER    0  IS UNDEFINED. IGNORED.
 **********
 **   78 **FIX            1
 **********
 **********
 **   79 **FIX            2
 **********
 PARAMETER    2  IS CONSTANT.   IGNORED.
 **********
 **   80 **FIX            3
 **********
 **********
 **   81 **FIX            4
 **********
 **********
 **   82 **FIX            5
 **********
 PARAMETER    5  IS CONSTANT.   IGNORED.
 **********
 **   83 **FIX            6
 **********
 **********
 **   84 **FIX            7
 **********
 **********
 **   85 **FIX            8
 **********
 **********
 **   86 **FIX            9
 **********
 PARAMETER    9  IS CONSTANT.   IGNORED.
 **********
 **   87 **FIX           10
 **********
 PARAMETER   10  IS CONSTANT.   IGNORED.
 **********
 **   88 **FIX           11
 **********
 PARAMETER   11  IS CONSTANT.   IGNORED.
 **********
 **   89 **FIX           12
 **********
 PARAMETER   12  IS CONSTANT.   IGNORED.
 **********
 **   90 **FIX           16
 **********
 PARAMETER   16  IS CONSTANT.   IGNORED.
 **********
 **   91 **MIGRAD
 **********
 START MIGRAD MINIMIZATION.  STRATEGY  1.  CONVERGENCE WHEN EDM .LT. 1.00e-04
 FCN=523.71 FROM MIGRAD    STATUS=INITIATE       10 CALLS        3001 TOTAL
                     EDM= unknown      STRATEGY= 1      NO ERROR MATRIX       
  EXT PARAMETER               CURRENT GUESS       STEP         FIRST   
  NO.   NAME      VALUE            ERROR          SIZE      DERIVATIVE 
   1  N0           3.49978e+06     fixed    
   2  tau          6.44119e+01   constant   
   3  A0           3.53374e-01     fixed    
   4  phi          4.12172e+00     fixed    
   5  R           -6.09180e+01   constant   
   6  A_CBO        5.28223e-04     fixed    
   7  w_CBO        2.32733e+00     fixed    
   8  phi_CBO      1.88561e-01     fixed    
   9  ANx2         2.22853e-04   constant   
  10  pNx2         5.08518e+00   constant   
  11  ANy1         0.00000e+00   constant   
  12  pNy1         0.00000e+00   constant   
  13  w_y          0.00000e+00   constant   
  14  ANy2         1.26611e-04   2.01601e-04   2.01601e-04  -7.22406e+01
  15  pNy2         3.29982e+00   constant   
  16  w_vw         1.43191e+01   constant   
  17  LM           2.21951e-04   constant   
  18  wCBO_expCoeff   1.99997e+02   2.92578e-03   0.00000e+00  -2.99606e+02
  19  wCBO_expOffset   2.00000e+02   1.48817e-04   0.00000e+00  -5.30677e+03
  20  wCBO_expT    3.00000e+01   2.94367e-04   0.00000e+00   2.41333e+03
  21  wCBO_linCoeff   0.00000e+00   constant   
  22  wCBO_const   5.23658e-03   3.97053e-03  -0.00000e+00  -1.31316e+02
 MIGRAD FAILS TO FIND IMPROVEMENT
 FCN=523.709 FROM HESSE     STATUS=NOT POSDEF     37 CALLS        3062 TOTAL
                     EDM=0.000845846    STRATEGY= 1      ERR MATRIX NOT POS-DEF
  EXT PARAMETER                APPROXIMATE        STEP         FIRST   
  NO.   NAME      VALUE            ERROR          SIZE      DERIVATIVE 
   1  N0           3.49978e+06     fixed    
   2  tau          6.44119e+01   constant   
