 + ++++++++++++++++++++++++++++++++++++++++++++++++++++++++++++++++++++ +
 +                                                                      +
 +           You have chose to blind your fitting according to          +
 +                omega_ref * (1 + (R +/- deltaR) *10^{-6})             +
 +                                                                      +
 + ++++++++++++++++++++++++++++++++++++++++++++++++++++++++++++++++++++ +
In main()...
reading format from /gm2data/zkhechad/run45/envelope/formats/formatB_sBin_constraintOn.txt
pBinTau 	= 0  
pBinPhi 	= 0  
constraintau 	= 1 
includeMopTerm 	= 0    
constrainMop    = 0   
Parameters after format file: pBinTau 0 pBinPhi 0 constraintau 1 includeMopTerm 0 constrainMop 0 c_e_scale 0.000000 
reading cbo reference file (full fit) from /gm2data/zkhechad/cboTemplates/Run4CBOTemplates/fullFits/run4/sBin_constraintOn_cE0.0_seed0_run4_calo6.root
A_CBO 0.010001 w_CBO 2.327040 phi_CBO 5.088588 N0 2817823.633276 R -61.510560 tau 64.405014 
Reading cboRef file /gm2data/zkhechad/cboTemplates/Run4CBOTemplates//cboIsolate/run4_calo6.root
deltaT 37.056240
windowBins = 240
fitting sliding window 780 from bin 983 at 146.663600 to bin 1223 at 182.471600 (240 bins)

Reading data from /gm2data/cornell/histograms/aMethod/histogram_a_run4.root
fitting cbo isolate
 **********
 **    1 **SET PRINTOUT            1
 **********
 **********
 **    2 **SET NOWARNINGS 
 **********
 PARAMETER DEFINITIONS:
    NO.   NAME         VALUE      STEP SIZE      LIMITS
     1 A_CBO        1.00010e-02  1.00000e-05     no limits
     2 w_CBO        2.32704e+00  1.00000e-02    2.00000e+00  3.00000e+00
     3 phi_CBO      5.08859e+00  1.00000e-02    0.00000e+00  6.28319e+00
 **********
 **    3 **MIGRAD
 **********
 FIRST CALL TO USER FUNCTION AT NEW START POINT, WITH IFLAG=4.
 START MIGRAD MINIMIZATION.  STRATEGY  1.  CONVERGENCE WHEN EDM .LT. 1.00e-04
 FCN=0.0046795 FROM MIGRAD    STATUS=INITIATE       12 CALLS          13 TOTAL
                     EDM= unknown      STRATEGY= 1      NO ERROR MATRIX       
  EXT PARAMETER               CURRENT GUESS       STEP         FIRST   
  NO.   NAME      VALUE            ERROR          SIZE      DERIVATIVE 
   1  A_CBO        1.00010e-02   1.00000e-05   1.00000e-05   1.42934e+00
   2  w_CBO        2.32704e+00   1.00000e-02   2.13182e-02  -3.47680e-02
   3  phi_CBO      5.08859e+00   1.00000e-02   4.05596e-03   1.15955e-03
 MIGRAD MINIMIZATION HAS CONVERGED.
 MIGRAD WILL VERIFY CONVERGENCE AND ERROR MATRIX.
 COVARIANCE MATRIX CALCULATED SUCCESSFULLY
 FCN=0.000447249 FROM MIGRAD    STATUS=CONVERGED      49 CALLS          50 TOTAL
                     EDM=2.5576e-06    STRATEGY= 1      ERROR MATRIX ACCURATE 
  EXT PARAMETER                                   STEP         FIRST   
  NO.   NAME      VALUE            ERROR          SIZE      DERIVATIVE 
   1  A_CBO        4.06733e-03   9.20739e-02   4.44954e-05  -4.32576e-03
   2  w_CBO        2.32713e+00   7.47850e-01   1.42114e-04   5.01108e-04
   3  phi_CBO      5.07098e+00   5.40298e+00   4.32904e-03   3.87232e-06
 EXTERNAL ERROR MATRIX.    NDIM=  25    NPAR=  3    ERR DEF=1
  8.478e-03 -2.240e-02 -3.699e+00 
 -2.240e-02  2.682e+00  4.388e+02 
 -3.699e+00  4.388e+02  7.229e+04 
 PARAMETER  CORRELATION COEFFICIENTS  
       NO.  GLOBAL      1      2      3
        1  0.14948   1.000 -0.149 -0.149
        2  0.99651  -0.149  1.000  0.997
        3  0.99651  -0.149  0.997  1.000
setting A_CBO=0.004067 w_CBO=2.327130, phi_CBO=5.070982
done fitting cbo isolate
 **********
 **    1 **SET PRINTOUT            1
 **********
 **********
 **    2 **SET NOWARNINGS 
 **********
 PARAMETER DEFINITIONS:
    NO.   NAME         VALUE      STEP SIZE      LIMITS
     1 N0           2.81782e+06  1.00000e+02     no limits
     2 tau          6.44050e+01  constant
     3 A0           3.53650e-01  1.00000e-04     no limits
     4 phi          4.11538e+00  1.00000e-02     no limits
     5 R           -6.15106e+01  constant
     6 A_CBO        4.06733e-03  1.00000e-05     no limits
     7 w_CBO        2.32713e+00  1.00000e-03     no limits
     8 phi_CBO      5.07098e+00  1.00000e-04     no limits
     9 ANx2         5.52857e-04  constant
    10 pNx2         5.73177e+00  constant
    11 ANy1         0.00000e+00  constant
    12 pNy1         0.00000e+00  constant
    13 w_y          0.00000e+00  constant
    14 ANy2         9.05236e-03  1.00000e-04     no limits
    15 pNy2         5.72687e+00  constant
    16 w_vw         1.43172e+01  constant
    17 LM           3.92941e-07  constant
    18 wCBO_expCoeff   2.00000e+02  1.00000e+00     no limits
    19 wCBO_expOffset   2.00000e+02  1.00000e+00     no limits
    20 wCBO_expT    3.00000e+01  1.00000e+00     no limits
    21 wCBO_linCoeff   0.00000e+00  constant
    22 wCBO_const   0.00000e+00  1.00000e-02     no limits
MINUIT - FIT ONLY WIGGLE
 **********
 **    3 **FIX            5
 **********
 PARAMETER    5  IS CONSTANT.   IGNORED.
 **********
 **    4 **FIX            6
 **********
 **********
 **    5 **FIX            7
 **********
 **********
 **    6 **FIX            8
 **********
 **********
 **    7 **FIX            9
 **********
 PARAMETER    9  IS CONSTANT.   IGNORED.
 **********
 **    8 **FIX           10
 **********
 PARAMETER   10  IS CONSTANT.   IGNORED.
 **********
 **    9 **FIX           11
 **********
 PARAMETER   11  IS CONSTANT.   IGNORED.
 **********
 **   10 **FIX           12
 **********
 PARAMETER   12  IS CONSTANT.   IGNORED.
 **********
 **   11 **FIX           13
 **********
 PARAMETER   13  IS CONSTANT.   IGNORED.
 **********
 **   12 **FIX           14
 **********
 **********
 **   13 **FIX           15
 **********
 PARAMETER   15  IS CONSTANT.   IGNORED.
 **********
 **   14 **FIX           16
 **********
 PARAMETER   16  IS CONSTANT.   IGNORED.
 **********
 **   15 **MIGRAD
 **********
 FIRST CALL TO USER FUNCTION AT NEW START POINT, WITH IFLAG=4.
 START MIGRAD MINIMIZATION.  STRATEGY  1.  CONVERGENCE WHEN EDM .LT. 1.00e-04
 FCN=2116.05 FROM MIGRAD    STATUS=INITIATE       60 CALLS          61 TOTAL
                     EDM= unknown      STRATEGY= 1      NO ERROR MATRIX       
  EXT PARAMETER               CURRENT GUESS       STEP         FIRST   
  NO.   NAME      VALUE            ERROR          SIZE      DERIVATIVE 
   1  N0           2.81782e+06   1.00000e+02   0.00000e+00   4.47162e-03
   2  tau          6.44050e+01   constant   
   3  A0           3.53650e-01   1.00000e-04   0.00000e+00   1.24221e+04
   4  phi          4.11538e+00   1.00000e-02   0.00000e+00  -2.12500e+03
   5  R           -6.15106e+01   constant   
   6  A_CBO        4.06733e-03     fixed    
   7  w_CBO        2.32713e+00     fixed    
   8  phi_CBO      5.07098e+00     fixed    
   9  ANx2         5.52857e-04   constant   
  10  pNx2         5.73177e+00   constant   
  11  ANy1         0.00000e+00   constant   
  12  pNy1         0.00000e+00   constant   
  13  w_y          0.00000e+00   constant   
  14  ANy2         9.05236e-03     fixed    
  15  pNy2         5.72687e+00   constant   
  16  w_vw         1.43172e+01   constant   
  17  LM           3.92941e-07   constant   
  18  wCBO_expCoeff   1.99999e+02   1.00000e+00  -1.49445e-03   3.93248e+03
  19  wCBO_expOffset   2.00000e+02   1.00000e+00   0.00000e+00   2.52813e+04
  20  wCBO_expT    3.00000e+01   1.00000e+00   0.00000e+00   1.44248e+04
  21  wCBO_linCoeff   0.00000e+00   constant   
  22  wCBO_const   0.00000e+00   1.00000e-02   0.00000e+00  -6.17503e+02
 CALL LIMIT EXCEEDED IN MIGRAD.
 MIGRAD TERMINATED WITHOUT CONVERGENCE.
 FCN=2112.52 FROM MIGRAD    STATUS=CALL LIMIT   1148 CALLS        1149 TOTAL
                     EDM=1.41331    STRATEGY= 1  ERROR MATRIX UNCERTAINTY   0.0 per cent
  EXT PARAMETER                APPROXIMATE        STEP         FIRST   
  NO.   NAME      VALUE            ERROR          SIZE      DERIVATIVE 
   1  N0           2.81736e+06   4.47651e+02  -6.68743e-02   1.40929e-04
   2  tau          6.44050e+01   constant   
   3  A0           3.53291e-01   2.33963e-04  -3.04075e-07  -1.89557e+03
   4  phi          4.11614e+00   7.78418e-04   1.37690e-06   1.12286e+03
   5  R           -6.15106e+01   constant   
   6  A_CBO        4.06733e-03     fixed    
   7  w_CBO        2.32713e+00     fixed    
   8  phi_CBO      5.07098e+00     fixed    
   9  ANx2         5.52857e-04   constant   
  10  pNx2         5.73177e+00   constant   
  11  ANy1         0.00000e+00   constant   
  12  pNy1         0.00000e+00   constant   
  13  w_y          0.00000e+00   constant   
  14  ANy2         9.05236e-03     fixed    
  15  pNy2         5.72687e+00   constant   
  16  w_vw         1.43172e+01   constant   
  17  LM           3.92941e-07   constant   
  18  wCBO_expCoeff   1.99998e+02   1.92580e-04  -4.54747e-07  -2.41477e+04
  19  wCBO_expOffset   2.00000e+02   3.94068e-05  -9.39798e-08  -1.02247e+05
  20  wCBO_expT    3.00000e+01   3.62519e-05  -8.77014e-08   3.20310e+05
  21  wCBO_linCoeff   0.00000e+00   constant   
  22  wCBO_const  -5.32242e-05   1.94367e-04   6.91125e-08  -5.88048e+03
 EXTERNAL ERROR MATRIX.    NDIM=  25    NPAR=  7    ERR DEF=1
  2.004e+05  3.690e-03 -1.797e-02  5.907e-03  1.197e-03  1.049e-03  1.037e-03 
  3.690e-03  5.474e-08 -4.481e-08  2.302e-08  4.760e-09  4.534e-09 -7.550e-09 
 -1.797e-02 -4.481e-08  6.059e-07 -1.026e-07 -2.128e-08 -2.045e-08  3.875e-08 
  5.907e-03  2.302e-08 -1.026e-07  3.709e-08  7.191e-09  6.828e-09 -9.156e-09 
  1.197e-03  4.760e-09 -2.128e-08  7.191e-09  1.553e-09  1.401e-09 -1.669e-09 
  1.049e-03  4.534e-09 -2.045e-08  6.828e-09  1.401e-09  1.314e-09 -9.437e-10 
  1.037e-03 -7.550e-09  3.875e-08 -9.156e-09 -1.669e-09 -9.437e-10  3.778e-08 
ERR MATRIX APPROXIMATE
 PARAMETER  CORRELATION COEFFICIENTS  
       NO.  GLOBAL      1      3      4     18     19     20     22
        1  0.60493   1.000  0.035 -0.052  0.069  0.068  0.065  0.012
        3  0.97885   0.035  1.000 -0.246  0.511  0.516  0.535 -0.166
        4  0.99452  -0.052 -0.246  1.000 -0.684 -0.694 -0.725  0.256
       18  0.99979   0.069  0.511 -0.684  1.000  0.948  0.978 -0.245
       19  0.99976   0.068  0.516 -0.694  0.948  1.000  0.980 -0.218
       20  0.99995   0.065  0.535 -0.725  0.978  0.980  1.000 -0.134
       22  0.99638   0.012 -0.166  0.256 -0.245 -0.218 -0.134  1.000
 ERR MATRIX APPROXIMATE
MINUIT - FIT ONLY 1-CBO + other amplitudes 
 **********
 **   16 **RES 
 **********
                   PARAMETER   14  ANy2 RESTORED TO VARIABLE.
                   PARAMETER    8  phi_CBO RESTORED TO VARIABLE.
                   PARAMETER    7  w_CBO RESTORED TO VARIABLE.
                   PARAMETER    6  A_CBO RESTORED TO VARIABLE.
 **********
 **   17 **FIX            0
 **********
 PARAMETER    0  IS UNDEFINED. IGNORED.
 **********
 **   18 **FIX            1
 **********
 **********
 **   19 **FIX            2
 **********
 PARAMETER    2  IS CONSTANT.   IGNORED.
 **********
 **   20 **FIX            3
 **********
 **********
 **   21 **FIX            4
 **********
 **********
 **   22 **FIX            9
 **********
 PARAMETER    9  IS CONSTANT.   IGNORED.
 **********
 **   23 **FIX           11
 **********
 PARAMETER   11  IS CONSTANT.   IGNORED.
 **********
 **   24 **FIX           12
 **********
 PARAMETER   12  IS CONSTANT.   IGNORED.
 **********
 **   25 **FIX           14
 **********
 **********
 **   26 **FIX           15
 **********
 PARAMETER   15  IS CONSTANT.   IGNORED.
 **********
 **   27 **FIX           16
 **********
 PARAMETER   16  IS CONSTANT.   IGNORED.
 **********
 **   28 **MIGRAD
 **********
 START MIGRAD MINIMIZATION.  STRATEGY  1.  CONVERGENCE WHEN EDM .LT. 1.00e-04
 FCN=2112.52 FROM MIGRAD    STATUS=INITIATE       22 CALLS        1171 TOTAL
                     EDM= unknown      STRATEGY= 1      NO ERROR MATRIX       
  EXT PARAMETER               CURRENT GUESS       STEP         FIRST   
  NO.   NAME      VALUE            ERROR          SIZE      DERIVATIVE 
   1  N0           2.81736e+06     fixed    
   2  tau          6.44050e+01   constant   
   3  A0           3.53291e-01     fixed    
   4  phi          4.11614e+00     fixed    
   5  R           -6.15106e+01   constant   
   6  A_CBO        4.06733e-03   1.00000e-05   1.00000e-05   1.08096e+05
   7  w_CBO        2.32713e+00   1.00000e-03   1.00000e-03  -2.07786e+06
   8  phi_CBO      5.07098e+00   1.00000e-04   1.00000e-04  -9.64629e+00
   9  ANx2         5.52857e-04   constant   
  10  pNx2         5.73177e+00   constant   
  11  ANy1         0.00000e+00   constant   
  12  pNy1         0.00000e+00   constant   
  13  w_y          0.00000e+00   constant   
  14  ANy2         9.05236e-03     fixed    
  15  pNy2         5.72687e+00   constant   
  16  w_vw         1.43172e+01   constant   
  17  LM           3.92941e-07   constant   
  18  wCBO_expCoeff   1.99998e+02   1.92580e-04  -4.54747e-07  -2.41477e+04
  19  wCBO_expOffset   2.00000e+02   3.94068e-05  -9.39798e-08  -1.02247e+05
  20  wCBO_expT    3.00000e+01   3.62519e-05  -8.77014e-08   3.20310e+05
  21  wCBO_linCoeff   0.00000e+00   constant   
  22  wCBO_const  -5.32242e-05   1.94367e-04   6.91125e-08  -5.88048e+03
 CALL LIMIT EXCEEDED IN MIGRAD.
 MIGRAD TERMINATED WITHOUT CONVERGENCE.
 FCN=1938.53 FROM MIGRAD    STATUS=CALL LIMIT   1163 CALLS        2312 TOTAL
                     EDM=23.2518    STRATEGY= 1  ERROR MATRIX UNCERTAINTY   0.2 per cent
  EXT PARAMETER                APPROXIMATE        STEP         FIRST   
  NO.   NAME      VALUE            ERROR          SIZE      DERIVATIVE 
   1  N0           2.81736e+06     fixed    
   2  tau          6.44050e+01   constant   
   3  A0           3.53291e-01     fixed    
   4  phi          4.11614e+00     fixed    
   5  R           -6.15106e+01   constant   
   6  A_CBO        9.82800e-04   2.34819e-04  -1.38245e-07  -8.18962e+03
   7  w_CBO        2.32711e+00   2.86122e-05  -3.76755e-08   2.66593e+06
   8  phi_CBO      5.82349e+00   2.71133e-01   2.18529e-04   1.86013e+00
   9  ANx2         5.52857e-04   constant   
  10  pNx2         5.73177e+00   constant   
  11  ANy1         0.00000e+00   constant   
  12  pNy1         0.00000e+00   constant   
  13  w_y          0.00000e+00   constant   
  14  ANy2         9.05236e-03     fixed    
  15  pNy2         5.72687e+00   constant   
  16  w_vw         1.43172e+01   constant   
  17  LM           3.92941e-07   constant   
  18  wCBO_expCoeff   1.99997e+02   2.46648e-03  -3.24778e-06   3.10018e+04
  19  wCBO_expOffset   2.00000e+02   3.81878e-05   4.85935e-08   4.89041e+04
  20  wCBO_expT    2.99997e+01   3.23821e-04  -4.26457e-07  -3.53948e+05
  21  wCBO_linCoeff   0.00000e+00   constant   
  22  wCBO_const   6.44381e-03   6.47419e-03   8.46251e-06   3.95850e+03
 EXTERNAL ERROR MATRIX.    NDIM=  25    NPAR=  7    ERR DEF=1
  5.514e-08  3.026e-09 -6.443e-06  2.608e-07 -4.384e-09  3.296e-08 -7.057e-07 
  3.026e-09  8.187e-10 -4.796e-06  7.054e-08 -1.057e-09  9.260e-09 -1.841e-07 
 -6.443e-06 -4.796e-06  7.351e-02 -4.135e-04  5.259e-06 -5.348e-05  1.167e-03 
  2.608e-07  7.054e-08 -4.135e-04  6.084e-06 -9.110e-08  7.982e-07 -1.587e-05 
 -4.384e-09 -1.057e-09  5.259e-06 -9.110e-08  1.458e-09 -1.195e-08  2.367e-07 
  3.296e-08  9.260e-09 -5.348e-05  7.982e-07 -1.195e-08  1.049e-07 -2.076e-06 
 -7.057e-07 -1.841e-07  1.167e-03 -1.587e-05  2.367e-07 -2.076e-06  4.192e-05 
ERR MATRIX APPROXIMATE
 PARAMETER  CORRELATION COEFFICIENTS  
       NO.  GLOBAL      6      7      8     18     19     20     22
        6  0.99452   1.000  0.450 -0.101  0.450 -0.489  0.433 -0.464
        7  1.00000   0.450  1.000 -0.618  1.000 -0.967  0.999 -0.994
        8  0.92673  -0.101 -0.618  1.000 -0.618  0.508 -0.609  0.665
       18  1.00000   0.450  1.000 -0.618  1.000 -0.967  0.999 -0.994
       19  0.99535  -0.489 -0.967  0.508 -0.967  1.000 -0.966  0.957
       20  1.00000   0.433  0.999 -0.609  0.999 -0.966  1.000 -0.990
       22  0.99997  -0.464 -0.994  0.665 -0.994  0.957 -0.990  1.000
 ERR MATRIX APPROXIMATE
MINUIT - FIT ONLY 1-CBO
 **********
 **   29 **RES 
 **********
                   PARAMETER   14  ANy2 RESTORED TO VARIABLE.
                   PARAMETER    4  phi RESTORED TO VARIABLE.
                   PARAMETER    3  A0 RESTORED TO VARIABLE.
                   PARAMETER    1  N0 RESTORED TO VARIABLE.
 **********
 **   30 **FIX            0
 **********
 PARAMETER    0  IS UNDEFINED. IGNORED.
 **********
 **   31 **FIX            1
 **********
 **********
 **   32 **FIX            2
 **********
 PARAMETER    2  IS CONSTANT.   IGNORED.
 **********
 **   33 **FIX            3
 **********
 **********
 **   34 **FIX            4
 **********
 **********
 **   35 **FIX            8
 **********
 **********
 **   36 **FIX            9
 **********
 PARAMETER    9  IS CONSTANT.   IGNORED.
 **********
 **   37 **FIX           11
 **********
 PARAMETER   11  IS CONSTANT.   IGNORED.
 **********
 **   38 **FIX           12
 **********
 PARAMETER   12  IS CONSTANT.   IGNORED.
 **********
 **   39 **FIX           13
 **********
 PARAMETER   13  IS CONSTANT.   IGNORED.
 **********
 **   40 **FIX           15
 **********
 PARAMETER   15  IS CONSTANT.   IGNORED.
 **********
 **   41 **FIX           16
 **********
 PARAMETER   16  IS CONSTANT.   IGNORED.
 **********
 **   42 **MIGRAD
 **********
 START MIGRAD MINIMIZATION.  STRATEGY  1.  CONVERGENCE WHEN EDM .LT. 1.00e-04
 FCN=1938.53 FROM MIGRAD    STATUS=INITIATE       16 CALLS        2328 TOTAL
                     EDM= unknown      STRATEGY= 1      NO ERROR MATRIX       
  EXT PARAMETER               CURRENT GUESS       STEP         FIRST   
  NO.   NAME      VALUE            ERROR          SIZE      DERIVATIVE 
   1  N0           2.81736e+06     fixed    
   2  tau          6.44050e+01   constant   
   3  A0           3.53291e-01     fixed    
   4  phi          4.11614e+00     fixed    
   5  R           -6.15106e+01   constant   
   6  A_CBO        9.82800e-04   2.34819e-04  -1.38245e-07  -8.18962e+03
   7  w_CBO        2.32711e+00   2.86122e-05  -3.76755e-08   2.66593e+06
   8  phi_CBO      5.82349e+00     fixed    
   9  ANx2         5.52857e-04   constant   
  10  pNx2         5.73177e+00   constant   
  11  ANy1         0.00000e+00   constant   
  12  pNy1         0.00000e+00   constant   
  13  w_y          0.00000e+00   constant   
  14  ANy2         9.05236e-03   1.00000e-04   1.00000e-04   3.44538e+05
  15  pNy2         5.72687e+00   constant   
  16  w_vw         1.43172e+01   constant   
  17  LM           3.92941e-07   constant   
  18  wCBO_expCoeff   1.99997e+02   2.46648e-03  -3.24778e-06   3.10018e+04
  19  wCBO_expOffset   2.00000e+02   3.81878e-05   4.85935e-08   4.89041e+04
  20  wCBO_expT    2.99997e+01   3.23821e-04  -4.26457e-07  -3.53948e+05
  21  wCBO_linCoeff   0.00000e+00   constant   
  22  wCBO_const   6.44381e-03   6.47419e-03   8.46251e-06   3.95850e+03
 CALL LIMIT EXCEEDED IN MIGRAD.
 MIGRAD TERMINATED WITHOUT CONVERGENCE.
 FCN=422.796 FROM MIGRAD    STATUS=CALL LIMIT   1151 CALLS        3463 TOTAL
                     EDM=0.0238792    STRATEGY= 1  ERROR MATRIX UNCERTAINTY   1.3 per cent
  EXT PARAMETER                APPROXIMATE        STEP         FIRST   
  NO.   NAME      VALUE            ERROR          SIZE      DERIVATIVE 
   1  N0           2.81736e+06     fixed    
   2  tau          6.44050e+01   constant   
   3  A0           3.53291e-01     fixed    
   4  phi          4.11614e+00     fixed    
   5  R           -6.15106e+01   constant   
   6  A_CBO       -1.35445e-04   1.94060e-04   6.40583e-08   1.04209e+03
   7  w_CBO        2.32711e+00   2.07267e-06   1.14557e-08  -1.42394e+05
   8  phi_CBO      5.82349e+00     fixed    
   9  ANx2         5.52857e-04   constant   
  10  pNx2         5.73177e+00   constant   
  11  ANy1         0.00000e+00   constant   
  12  pNy1         0.00000e+00   constant   
  13  w_y          0.00000e+00   constant   
  14  ANy2         1.91419e-04   2.09723e-04   1.01461e-07  -1.02416e+03
  15  pNy2         5.72687e+00   constant   
  16  w_vw         1.43172e+01   constant   
  17  LM           3.92941e-07   constant   
  18  wCBO_expCoeff   1.99997e+02   1.78760e-04   9.88570e-07  -1.65454e+03
  19  wCBO_expOffset   2.00000e+02   4.38729e-05  -2.55129e-07  -2.62679e+03
  20  wCBO_expT    2.99997e+01   1.78373e-05  -1.02463e-07   1.18961e+04
  21  wCBO_linCoeff   0.00000e+00   constant   
  22  wCBO_const   6.41048e-03   6.50048e-04  -3.72795e-06  -5.31263e+02
 EXTERNAL ERROR MATRIX.    NDIM=  25    NPAR=  7    ERR DEF=1
  3.766e-08  5.477e-11  1.540e-08  4.716e-09 -2.441e-10 -3.574e-10  1.312e-08 
  5.477e-11  4.296e-12 -2.534e-11  2.984e-10 -7.841e-11 -3.054e-11 -1.130e-09 
  1.540e-08 -2.534e-11  4.398e-08 -2.174e-09 -6.785e-10  1.659e-10 -2.367e-08 
  4.716e-09  2.984e-10 -2.174e-09  3.196e-08 -6.766e-09 -2.636e-09 -9.754e-08 
 -2.441e-10 -7.841e-11 -6.785e-10 -6.766e-09  1.925e-09  6.865e-10  2.446e-08 
 -3.574e-10 -3.054e-11  1.659e-10 -2.636e-09  6.865e-10  3.182e-10  9.478e-09 
  1.312e-08 -1.130e-09 -2.367e-08 -9.754e-08  2.446e-08  9.478e-09  4.226e-07 
ERR MATRIX APPROXIMATE
 PARAMETER  CORRELATION COEFFICIENTS  
       NO.  GLOBAL      6      7     14     18     19     20     22
        6  0.95655   1.000  0.136  0.378  0.136 -0.029 -0.103  0.104
        7  0.97663   0.136  1.000 -0.058  0.805 -0.862 -0.826 -0.839
       14  0.95739   0.378 -0.058  1.000 -0.058 -0.074  0.044 -0.174
       18  0.97671   0.136  0.805 -0.058  1.000 -0.863 -0.827 -0.839
       19  0.97306  -0.029 -0.862 -0.074 -0.863  1.000  0.877  0.858
       20  0.94708  -0.103 -0.826  0.044 -0.827  0.877  1.000  0.817
       22  0.98990   0.104 -0.839 -0.174 -0.839  0.858  0.817  1.000
 ERR MATRIX APPROXIMATE
MINUIT - FIT ONLY 2-CBO
 **********
 **   43 **RES 
 **********
                   PARAMETER    8  phi_CBO RESTORED TO VARIABLE.
                   PARAMETER    4  phi RESTORED TO VARIABLE.
                   PARAMETER    3  A0 RESTORED TO VARIABLE.
                   PARAMETER    1  N0 RESTORED TO VARIABLE.
 **********
 **   44 **FIX            0
 **********
 PARAMETER    0  IS UNDEFINED. IGNORED.
 **********
 **   45 **FIX            1
 **********
 **********
 **   46 **FIX            2
 **********
 PARAMETER    2  IS CONSTANT.   IGNORED.
 **********
 **   47 **FIX            3
 **********
 **********
 **   48 **FIX            4
 **********
 **********
 **   49 **FIX            5
 **********
 PARAMETER    5  IS CONSTANT.   IGNORED.
 **********
 **   50 **FIX            6
 **********
 **********
 **   51 **FIX            7
 **********
 **********
 **   52 **FIX           10
 **********
 PARAMETER   10  IS CONSTANT.   IGNORED.
 **********
 **   53 **FIX           11
 **********
 PARAMETER   11  IS CONSTANT.   IGNORED.
 **********
 **   54 **FIX           12
 **********
 PARAMETER   12  IS CONSTANT.   IGNORED.
 **********
 **   55 **FIX           13
 **********
 PARAMETER   13  IS CONSTANT.   IGNORED.
 **********
 **   56 **FIX           14
 **********
 **********
 **   57 **FIX           15
 **********
 PARAMETER   15  IS CONSTANT.   IGNORED.
 **********
 **   58 **FIX           16
 **********
 PARAMETER   16  IS CONSTANT.   IGNORED.
 **********
 **   59 **MIGRAD
 **********
 START MIGRAD MINIMIZATION.  STRATEGY  1.  CONVERGENCE WHEN EDM .LT. 1.00e-04
 FCN=422.796 FROM MIGRAD    STATUS=INITIATE       12 CALLS        3475 TOTAL
                     EDM= unknown      STRATEGY= 1      NO ERROR MATRIX       
  EXT PARAMETER               CURRENT GUESS       STEP         FIRST   
  NO.   NAME      VALUE            ERROR          SIZE      DERIVATIVE 
   1  N0           2.81736e+06     fixed    
   2  tau          6.44050e+01   constant   
   3  A0           3.53291e-01     fixed    
   4  phi          4.11614e+00     fixed    
   5  R           -6.15106e+01   constant   
   6  A_CBO       -1.35445e-04     fixed    
   7  w_CBO        2.32711e+00     fixed    
   8  phi_CBO      5.82349e+00   2.71133e-01   2.71133e-01   7.24815e-02
   9  ANx2         5.52857e-04   constant   
  10  pNx2         5.73177e+00   constant   
  11  ANy1         0.00000e+00   constant   
  12  pNy1         0.00000e+00   constant   
  13  w_y          0.00000e+00   constant   
  14  ANy2         1.91419e-04     fixed    
  15  pNy2         5.72687e+00   constant   
  16  w_vw         1.43172e+01   constant   
  17  LM           3.92941e-07   constant   
  18  wCBO_expCoeff   1.99997e+02   1.78760e-04   9.88570e-07  -1.65454e+03
  19  wCBO_expOffset   2.00000e+02   4.38729e-05  -2.55129e-07  -2.62679e+03
  20  wCBO_expT    2.99997e+01   1.78373e-05  -1.02463e-07   1.18961e+04
  21  wCBO_linCoeff   0.00000e+00   constant   
  22  wCBO_const   6.41048e-03   6.50048e-04  -3.72795e-06  -5.31263e+02
 MIGRAD FAILS TO FIND IMPROVEMENT
 FCN=422.764 FROM HESSE     STATUS=NOT POSDEF     37 CALLS        3548 TOTAL
                     EDM=0.0148973    STRATEGY= 1      ERR MATRIX NOT POS-DEF
  EXT PARAMETER                APPROXIMATE        STEP         FIRST   
  NO.   NAME      VALUE            ERROR          SIZE      DERIVATIVE 
   1  N0           2.81736e+06     fixed    
   2  tau          6.44050e+01   constant   
   3  A0           3.53291e-01     fixed    
   4  phi          4.11614e+00     fixed    
   5  R           -6.15106e+01   constant   
   6  A_CBO       -1.35445e-04     fixed    
   7  w_CBO        2.32711e+00     fixed    
   8  phi_CBO      5.79852e+00   1.92136e+00   1.50630e-02   1.81170e-02
   9  ANx2         5.52857e-04   constant   
  10  pNx2         5.73177e+00   constant   
  11  ANy1         0.00000e+00   constant   
  12  pNy1         0.00000e+00   constant   
  13  w_y          0.00000e+00   constant   
  14  ANy2         1.91419e-04     fixed    
  15  pNy2         5.72687e+00   constant   
  16  w_vw         1.43172e+01   constant   
  17  LM           3.92941e-07   constant   
  18  wCBO_expCoeff   1.99997e+02   2.50958e-03   9.53659e-05  -3.63404e+02
  19  wCBO_expOffset   2.00000e+02   1.92411e-04   9.53674e-05   1.66709e+03
  20  wCBO_expT    2.99997e+01   1.73692e-04   1.43050e-05   2.06875e+03
  21  wCBO_linCoeff   0.00000e+00   constant   
  22  wCBO_const   6.49173e-03   5.16326e-03   6.69685e-06  -9.40746e+01
 MIGRAD FAILS TO FIND IMPROVEMENT
 MIGRAD TERMINATED WITHOUT CONVERGENCE.
 FCN=422.764 FROM MIGRAD    STATUS=FAILED         93 CALLS        3556 TOTAL
                     EDM=0.0148973    STRATEGY= 1      ERR MATRIX NOT POS-DEF
  EXT PARAMETER                APPROXIMATE        STEP         FIRST   
  NO.   NAME      VALUE            ERROR          SIZE      DERIVATIVE 
   1  N0           2.81736e+06     fixed    
   2  tau          6.44050e+01   constant   
   3  A0           3.53291e-01     fixed    
   4  phi          4.11614e+00     fixed    
   5  R           -6.15106e+01   constant   
   6  A_CBO       -1.35445e-04     fixed    
   7  w_CBO        2.32711e+00     fixed    
   8  phi_CBO      5.79852e+00   1.92136e+00   0.00000e+00   1.81170e-02
   9  ANx2         5.52857e-04   constant   
  10  pNx2         5.73177e+00   constant   
  11  ANy1         0.00000e+00   constant   
  12  pNy1         0.00000e+00   constant   
  13  w_y          0.00000e+00   constant   
  14  ANy2         1.91419e-04     fixed    
  15  pNy2         5.72687e+00   constant   
  16  w_vw         1.43172e+01   constant   
  17  LM           3.92941e-07   constant   
  18  wCBO_expCoeff   1.99997e+02   2.50958e-03  -0.00000e+00  -3.63404e+02
  19  wCBO_expOffset   2.00000e+02   1.92411e-04  -0.00000e+00   1.66709e+03
  20  wCBO_expT    2.99997e+01   1.73692e-04  -0.00000e+00   2.06875e+03
  21  wCBO_linCoeff   0.00000e+00   constant   
  22  wCBO_const   6.49173e-03   5.16326e-03   0.00000e+00  -9.40746e+01
 EXTERNAL ERROR MATRIX.    NDIM=  25    NPAR=  5    ERR DEF=1
  3.692e+00 -3.022e-03 -2.303e-04 -2.177e-04  6.096e-03 
 -3.022e-03  6.298e-06  4.714e-07  4.317e-07 -1.280e-05 
 -2.303e-04  4.714e-07  3.702e-08  3.258e-08 -9.653e-07 
 -2.177e-04  4.317e-07  3.258e-08  3.017e-08 -8.683e-07 
  6.096e-03 -1.280e-05 -9.653e-07 -8.683e-07  2.666e-05 
ERR MATRIX NOT POS-DEF
 PARAMETER  CORRELATION COEFFICIENTS  
       NO.  GLOBAL      8     18     19     20     22
        8  0.67516   1.000 -0.627 -0.623 -0.652  0.614
       18  0.99736  -0.627  1.000  0.976  0.990 -0.988
       19  0.98163  -0.623  0.976  1.000  0.975 -0.972
       20  0.99458  -0.652  0.990  0.975  1.000 -0.968
       22  0.99235   0.614 -0.988 -0.972 -0.968  1.000
 ERR MATRIX NOT POS-DEF
MINUIT - FIT ONLY 1-y
 **********
 **   60 **RES 
 **********
                   PARAMETER   14  ANy2 RESTORED TO VARIABLE.
                   PARAMETER    7  w_CBO RESTORED TO VARIABLE.
                   PARAMETER    6  A_CBO RESTORED TO VARIABLE.
                   PARAMETER    4  phi RESTORED TO VARIABLE.
                   PARAMETER    3  A0 RESTORED TO VARIABLE.
                   PARAMETER    1  N0 RESTORED TO VARIABLE.
 **********
 **   61 **FIX            0
 **********
 PARAMETER    0  IS UNDEFINED. IGNORED.
 **********
 **   62 **FIX            1
 **********
 **********
 **   63 **FIX            2
 **********
 PARAMETER    2  IS CONSTANT.   IGNORED.
 **********
 **   64 **FIX            3
 **********
 **********
 **   65 **FIX            4
 **********
 **********
 **   66 **FIX            5
 **********
 PARAMETER    5  IS CONSTANT.   IGNORED.
 **********
 **   67 **FIX            6
 **********
 **********
 **   68 **FIX            7
 **********
 **********
 **   69 **FIX            8
 **********
 **********
 **   70 **FIX            9
 **********
 PARAMETER    9  IS CONSTANT.   IGNORED.
 **********
 **   71 **FIX           13
 **********
 PARAMETER   13  IS CONSTANT.   IGNORED.
 **********
 **   72 **FIX           14
 **********
 **********
 **   73 **FIX           15
 **********
 PARAMETER   15  IS CONSTANT.   IGNORED.
 **********
 **   74 **FIX           16
 **********
 PARAMETER   16  IS CONSTANT.   IGNORED.
 **********
 **   75 **MIGRAD
 **********
 START MIGRAD MINIMIZATION.  STRATEGY  1.  CONVERGENCE WHEN EDM .LT. 1.00e-04
 FCN=422.764 FROM MIGRAD    STATUS=INITIATE        8 CALLS        3564 TOTAL
                     EDM= unknown      STRATEGY= 1      NO ERROR MATRIX       
  EXT PARAMETER               CURRENT GUESS       STEP         FIRST   
  NO.   NAME      VALUE            ERROR          SIZE      DERIVATIVE 
   1  N0           2.81736e+06     fixed    
   2  tau          6.44050e+01   constant   
   3  A0           3.53291e-01     fixed    
   4  phi          4.11614e+00     fixed    
   5  R           -6.15106e+01   constant   
   6  A_CBO       -1.35445e-04     fixed    
   7  w_CBO        2.32711e+00     fixed    
   8  phi_CBO      5.79852e+00     fixed    
   9  ANx2         5.52857e-04   constant   
  10  pNx2         5.73177e+00   constant   
  11  ANy1         0.00000e+00   constant   
  12  pNy1         0.00000e+00   constant   
  13  w_y          0.00000e+00   constant   
  14  ANy2         1.91419e-04     fixed    
  15  pNy2         5.72687e+00   constant   
  16  w_vw         1.43172e+01   constant   
  17  LM           3.92941e-07   constant   
  18  wCBO_expCoeff   1.99997e+02   2.50958e-03  -0.00000e+00  -2.81843e+02
  19  wCBO_expOffset   2.00000e+02   1.92411e-04  -0.00000e+00   9.54319e+02
  20  wCBO_expT    2.99997e+01   1.73692e-04  -0.00000e+00   6.89809e+02
  21  wCBO_linCoeff   0.00000e+00   constant   
  22  wCBO_const   6.49173e-03   5.16326e-03   0.00000e+00  -9.40729e+01
 MIGRAD FAILS TO FIND IMPROVEMENT
 FCN=422.763 FROM HESSE     STATUS=NOT POSDEF     29 CALLS        3615 TOTAL
                     EDM=0.0361509    STRATEGY= 1      ERR MATRIX NOT POS-DEF
  EXT PARAMETER                APPROXIMATE        STEP         FIRST   
  NO.   NAME      VALUE            ERROR          SIZE      DERIVATIVE 
   1  N0           2.81736e+06     fixed    
   2  tau          6.44050e+01   constant   
   3  A0           3.53291e-01     fixed    
   4  phi          4.11614e+00     fixed    
   5  R           -6.15106e+01   constant   
   6  A_CBO       -1.35445e-04     fixed    
   7  w_CBO        2.32711e+00     fixed    
   8  phi_CBO      5.79852e+00     fixed    
   9  ANx2         5.52857e-04   constant   
  10  pNx2         5.73177e+00   constant   
  11  ANy1         0.00000e+00   constant   
  12  pNy1         0.00000e+00   constant   
  13  w_y          0.00000e+00   constant   
  14  ANy2         1.91419e-04     fixed    
  15  pNy2         5.72687e+00   constant   
  16  w_vw         1.43172e+01   constant   
  17  LM           3.92941e-07   constant   
  18  wCBO_expCoeff   1.99997e+02   2.58102e-03   9.53659e-05  -5.59993e+01
  19  wCBO_expOffset   2.00000e+02   1.93761e-04   9.53674e-05   3.19092e+03
  20  wCBO_expT    2.99997e+01   1.73598e-04   1.43050e-05  -6.74158e+02
  21  wCBO_linCoeff   0.00000e+00   constant   
  22  wCBO_const   6.50843e-03   5.22864e-03   6.71430e-06  -2.70459e+00
 MIGRAD FAILS TO FIND IMPROVEMENT
 MIGRAD TERMINATED WITHOUT CONVERGENCE.
 FCN=422.763 FROM MIGRAD    STATUS=FAILED         69 CALLS        3625 TOTAL
                     EDM=0.0361509    STRATEGY= 1      ERR MATRIX NOT POS-DEF
  EXT PARAMETER                APPROXIMATE        STEP         FIRST   
  NO.   NAME      VALUE            ERROR          SIZE      DERIVATIVE 
   1  N0           2.81736e+06     fixed    
   2  tau          6.44050e+01   constant   
   3  A0           3.53291e-01     fixed    
   4  phi          4.11614e+00     fixed    
   5  R           -6.15106e+01   constant   
   6  A_CBO       -1.35445e-04     fixed    
   7  w_CBO        2.32711e+00     fixed    
   8  phi_CBO      5.79852e+00     fixed    
   9  ANx2         5.52857e-04   constant   
  10  pNx2         5.73177e+00   constant   
  11  ANy1         0.00000e+00   constant   
  12  pNy1         0.00000e+00   constant   
  13  w_y          0.00000e+00   constant   
  14  ANy2         1.91419e-04     fixed    
  15  pNy2         5.72687e+00   constant   
  16  w_vw         1.43172e+01   constant   
  17  LM           3.92941e-07   constant   
  18  wCBO_expCoeff   1.99997e+02   2.58102e-03  -0.00000e+00  -5.59993e+01
  19  wCBO_expOffset   2.00000e+02   1.93761e-04  -0.00000e+00   3.19092e+03
  20  wCBO_expT    2.99997e+01   1.73598e-04  -0.00000e+00  -6.74158e+02
  21  wCBO_linCoeff   0.00000e+00   constant   
  22  wCBO_const   6.50843e-03   5.22864e-03   0.00000e+00  -2.70459e+00
 EXTERNAL ERROR MATRIX.    NDIM=  25    NPAR=  4    ERR DEF=1
  6.662e-06  4.886e-07  4.441e-07 -1.333e-05 
  4.886e-07  3.754e-08  3.280e-08 -9.848e-07 
  4.441e-07  3.280e-08  3.014e-08 -8.795e-07 
 -1.333e-05 -9.848e-07 -8.795e-07  2.734e-05 
ERR MATRIX NOT POS-DEF
 PARAMETER  CORRELATION COEFFICIENTS  
       NO.  GLOBAL     18     19     20     22
       18  0.99750   1.000  0.977  0.991 -0.988
       19  0.98178   0.977  1.000  0.975 -0.972
       20  0.99457   0.991  0.975  1.000 -0.969
       22  0.99251  -0.988 -0.972 -0.969  1.000
 ERR MATRIX NOT POS-DEF
MINUIT - FIT ONLY 2-y
 **********
 **   76 **RES 
 **********
                   PARAMETER   14  ANy2 RESTORED TO VARIABLE.
                   PARAMETER    8  phi_CBO RESTORED TO VARIABLE.
                   PARAMETER    7  w_CBO RESTORED TO VARIABLE.
                   PARAMETER    6  A_CBO RESTORED TO VARIABLE.
                   PARAMETER    4  phi RESTORED TO VARIABLE.
                   PARAMETER    3  A0 RESTORED TO VARIABLE.
                   PARAMETER    1  N0 RESTORED TO VARIABLE.
 **********
 **   77 **FIX            0
 **********
 PARAMETER    0  IS UNDEFINED. IGNORED.
 **********
 **   78 **FIX            1
 **********
 **********
 **   79 **FIX            2
 **********
 PARAMETER    2  IS CONSTANT.   IGNORED.
 **********
 **   80 **FIX            3
 **********
 **********
 **   81 **FIX            4
 **********
 **********
 **   82 **FIX            5
 **********
 PARAMETER    5  IS CONSTANT.   IGNORED.
 **********
 **   83 **FIX            6
 **********
 **********
 **   84 **FIX            7
 **********
 **********
 **   85 **FIX            8
 **********
 **********
 **   86 **FIX            9
 **********
 PARAMETER    9  IS CONSTANT.   IGNORED.
 **********
 **   87 **FIX           10
 **********
 PARAMETER   10  IS CONSTANT.   IGNORED.
 **********
 **   88 **FIX           11
 **********
 PARAMETER   11  IS CONSTANT.   IGNORED.
 **********
 **   89 **FIX           12
 **********
 PARAMETER   12  IS CONSTANT.   IGNORED.
 **********
 **   90 **FIX           16
 **********
 PARAMETER   16  IS CONSTANT.   IGNORED.
 **********
 **   91 **MIGRAD
 **********
 START MIGRAD MINIMIZATION.  STRATEGY  1.  CONVERGENCE WHEN EDM .LT. 1.00e-04
 FCN=422.763 FROM MIGRAD    STATUS=INITIATE       10 CALLS        3635 TOTAL
                     EDM= unknown      STRATEGY= 1      NO ERROR MATRIX       
  EXT PARAMETER               CURRENT GUESS       STEP         FIRST   
  NO.   NAME      VALUE            ERROR          SIZE      DERIVATIVE 
   1  N0           2.81736e+06     fixed    
   2  tau          6.44050e+01   constant   
   3  A0           3.53291e-01     fixed    
   4  phi          4.11614e+00     fixed    
   5  R           -6.15106e+01   constant   
   6  A_CBO       -1.35445e-04     fixed    
   7  w_CBO        2.32711e+00     fixed    
   8  phi_CBO      5.79852e+00     fixed    
   9  ANx2         5.52857e-04   constant   
  10  pNx2         5.73177e+00   constant   
  11  ANy1         0.00000e+00   constant   
  12  pNy1         0.00000e+00   constant   
  13  w_y          0.00000e+00   constant   
  14  ANy2         1.91419e-04   2.09723e-04   2.09723e-04  -8.97876e+02
  15  pNy2         5.72687e+00   constant   
  16  w_vw         1.43172e+01   constant   
  17  LM           3.92941e-07   constant   
  18  wCBO_expCoeff   1.99997e+02   2.58102e-03  -0.00000e+00   1.73423e+01
  19  wCBO_expOffset   2.00000e+02   1.93761e-04  -0.00000e+00   1.65981e+03
  20  wCBO_expT    2.99997e+01   1.73598e-04  -0.00000e+00  -1.81980e+03
  21  wCBO_linCoeff   0.00000e+00   constant   
  22  wCBO_const   6.50843e-03   5.22864e-03   0.00000e+00  -2.70383e+00
 MIGRAD FAILS TO FIND IMPROVEMENT
 FCN=422.754 FROM HESSE     STATUS=NOT POSDEF     37 CALLS        3708 TOTAL
                     EDM=0.0243511    STRATEGY= 1      ERR MATRIX NOT POS-DEF
  EXT PARAMETER                APPROXIMATE        STEP         FIRST   
  NO.   NAME      VALUE            ERROR          SIZE      DERIVATIVE 
   1  N0           2.81736e+06     fixed    
   2  tau          6.44050e+01   constant   
   3  A0           3.53291e-01     fixed    
   4  phi          4.11614e+00     fixed    
   5  R           -6.15106e+01   constant   
   6  A_CBO       -1.35445e-04     fixed    
   7  w_CBO        2.32711e+00     fixed    
   8  phi_CBO      5.79852e+00     fixed    
   9  ANx2         5.52857e-04   constant   
  10  pNx2         5.73177e+00   constant   
  11  ANy1         0.00000e+00   constant   
  12  pNy1         0.00000e+00   constant   
  13  w_y          0.00000e+00   constant   
  14  ANy2         2.16950e-04   2.37971e-04   2.25321e-06   6.83519e+01
  15  pNy2         5.72687e+00   constant   
  16  w_vw         1.43172e+01   constant   
  17  LM           3.92941e-07   constant   
  18  wCBO_expCoeff   1.99997e+02   2.56213e-03   9.53659e-05  -2.63528e+02
  19  wCBO_expOffset   2.00000e+02   1.95504e-04   9.53674e-05   2.35128e+03
  20  wCBO_expT    2.99997e+01   1.70764e-04   1.43050e-05   1.41884e+03
  21  wCBO_linCoeff   0.00000e+00   constant   
  22  wCBO_const   6.52027e-03   5.28744e-03   6.71721e-06  -5.36464e+01
 MIGRAD FAILS TO FIND IMPROVEMENT
 MIGRAD TERMINATED WITHOUT CONVERGENCE.
 FCN=422.754 FROM MIGRAD    STATUS=FAILED         91 CALLS        3716 TOTAL
                     EDM=0.0243511    STRATEGY= 1      ERR MATRIX NOT POS-DEF
  EXT PARAMETER                APPROXIMATE        STEP         FIRST   
  NO.   NAME      VALUE            ERROR          SIZE      DERIVATIVE 
   1  N0           2.81736e+06     fixed    
   2  tau          6.44050e+01   constant   
