 + ++++++++++++++++++++++++++++++++++++++++++++++++++++++++++++++++++++ +
 +                                                                      +
 +           You have chose to blind your fitting according to          +
 +                omega_ref * (1 + (R +/- deltaR) *10^{-6})             +
 +                                                                      +
 + ++++++++++++++++++++++++++++++++++++++++++++++++++++++++++++++++++++ +
In main()...
reading format from /gm2data/zkhechad/run45/envelope/formats/formatB_sBin_constraintOn.txt
pBinTau 	= 0  
pBinPhi 	= 0  
constraintau 	= 1 
includeMopTerm 	= 0    
constrainMop    = 0   
Parameters after format file: pBinTau 0 pBinPhi 0 constraintau 1 includeMopTerm 0 constrainMop 0 c_e_scale 0.000000 
reading cbo reference file (full fit) from /gm2data/zkhechad/cboTemplates/Run4CBOTemplates/fullFits/run4/sBin_constraintOn_cE0.0_seed0_run4_calo5.root
A_CBO 0.008637 w_CBO 2.327270 phi_CBO 4.582201 N0 2703588.677157 R -62.169895 tau 64.408322 
Reading cboRef file /gm2data/zkhechad/cboTemplates/Run4CBOTemplates//cboIsolate/run4_calo5.root
deltaT 164.120000
windowBins = 1100
fitting sliding window 1600 from bin 1803 at 269.007600 to bin 2903 at 433.127600 (1100 bins)

Reading data from /gm2data/cornell/histograms/aMethod/histogram_a_run4.root
fitting cbo isolate
 **********
 **    1 **SET PRINTOUT            1
 **********
 **********
 **    2 **SET NOWARNINGS 
 **********
 PARAMETER DEFINITIONS:
    NO.   NAME         VALUE      STEP SIZE      LIMITS
     1 A_CBO        8.63683e-03  1.00000e-05     no limits
     2 w_CBO        2.32727e+00  1.00000e-02    2.00000e+00  3.00000e+00
     3 phi_CBO      4.58220e+00  1.00000e-02    0.00000e+00  6.28319e+00
 **********
 **    3 **MIGRAD
 **********
 FIRST CALL TO USER FUNCTION AT NEW START POINT, WITH IFLAG=4.
 START MIGRAD MINIMIZATION.  STRATEGY  1.  CONVERGENCE WHEN EDM .LT. 1.00e-04
 FCN=0.066492 FROM MIGRAD    STATUS=INITIATE       12 CALLS          13 TOTAL
                     EDM= unknown      STRATEGY= 1      NO ERROR MATRIX       
  EXT PARAMETER               CURRENT GUESS       STEP         FIRST   
  NO.   NAME      VALUE            ERROR          SIZE      DERIVATIVE 
   1  A_CBO        8.63683e-03   1.00000e-05   1.00000e-05   7.16246e+00
   2  w_CBO        2.32727e+00   1.00000e-02   2.13144e-02  -2.22445e-01
   3  phi_CBO      4.58220e+00   1.00000e-02   3.58191e-03   2.64953e-03
 MIGRAD MINIMIZATION HAS CONVERGED.
 MIGRAD WILL VERIFY CONVERGENCE AND ERROR MATRIX.
 COVARIANCE MATRIX CALCULATED SUCCESSFULLY
 FCN=0.0432391 FROM MIGRAD    STATUS=CONVERGED      49 CALLS          50 TOTAL
                     EDM=8.0848e-05    STRATEGY= 1      ERROR MATRIX ACCURATE 
  EXT PARAMETER                                   STEP         FIRST   
  NO.   NAME      VALUE            ERROR          SIZE      DERIVATIVE 
   1  A_CBO        2.14437e-03   4.26604e-02   2.12323e-05  -7.00976e-03
   2  w_CBO        2.32740e+00   3.31049e-01   6.08115e-05  -9.27018e-03
   3  phi_CBO      4.57000e+00   5.23951e+00   3.50048e-03  -1.20182e-04
 EXTERNAL ERROR MATRIX.    NDIM=  25    NPAR=  3    ERR DEF=1
  1.820e-03  1.009e-03  3.483e-01 
  1.009e-03  1.350e-01  4.624e+01 
  3.483e-01  4.624e+01  1.623e+04 
 PARAMETER  CORRELATION COEFFICIENTS  
       NO.  GLOBAL      1      2      3
        1  0.06444   1.000  0.064  0.064
        2  0.98777   0.064  1.000  0.988
        3  0.98777   0.064  0.988  1.000
setting A_CBO=0.002144 w_CBO=2.327395, phi_CBO=4.570001
done fitting cbo isolate
 **********
 **    1 **SET PRINTOUT            1
 **********
 **********
 **    2 **SET NOWARNINGS 
 **********
 PARAMETER DEFINITIONS:
    NO.   NAME         VALUE      STEP SIZE      LIMITS
     1 N0           2.70359e+06  1.00000e+02     no limits
     2 tau          6.44083e+01  constant
     3 A0           3.58550e-01  1.00000e-04     no limits
     4 phi          4.11640e+00  1.00000e-02     no limits
     5 R           -6.21699e+01  constant
     6 A_CBO        2.14437e-03  1.00000e-05     no limits
     7 w_CBO        2.32740e+00  1.00000e-03     no limits
     8 phi_CBO      4.57000e+00  1.00000e-04     no limits
     9 ANx2         2.34902e-04  constant
    10 pNx2         5.38708e+00  constant
    11 ANy1         0.00000e+00  constant
    12 pNy1         0.00000e+00  constant
    13 w_y          0.00000e+00  constant
    14 ANy2         8.91556e-03  1.00000e-04     no limits
    15 pNy2         6.21709e+00  constant
    16 w_vw         1.43264e+01  constant
    17 LM           1.88334e-04  constant
    18 wCBO_expCoeff   2.00000e+02  1.00000e+00     no limits
    19 wCBO_expOffset   2.00000e+02  1.00000e+00     no limits
    20 wCBO_expT    3.00000e+01  1.00000e+00     no limits
    21 wCBO_linCoeff   0.00000e+00  constant
    22 wCBO_const   0.00000e+00  1.00000e-02     no limits
MINUIT - FIT ONLY WIGGLE
 **********
 **    3 **FIX            5
 **********
 PARAMETER    5  IS CONSTANT.   IGNORED.
 **********
 **    4 **FIX            6
 **********
 **********
 **    5 **FIX            7
 **********
 **********
 **    6 **FIX            8
 **********
 **********
 **    7 **FIX            9
 **********
 PARAMETER    9  IS CONSTANT.   IGNORED.
 **********
 **    8 **FIX           10
 **********
 PARAMETER   10  IS CONSTANT.   IGNORED.
 **********
 **    9 **FIX           11
 **********
 PARAMETER   11  IS CONSTANT.   IGNORED.
 **********
 **   10 **FIX           12
 **********
 PARAMETER   12  IS CONSTANT.   IGNORED.
 **********
 **   11 **FIX           13
 **********
 PARAMETER   13  IS CONSTANT.   IGNORED.
 **********
 **   12 **FIX           14
 **********
 **********
 **   13 **FIX           15
 **********
 PARAMETER   15  IS CONSTANT.   IGNORED.
 **********
 **   14 **FIX           16
 **********
 PARAMETER   16  IS CONSTANT.   IGNORED.
 **********
 **   15 **MIGRAD
 **********
 FIRST CALL TO USER FUNCTION AT NEW START POINT, WITH IFLAG=4.
 START MIGRAD MINIMIZATION.  STRATEGY  1.  CONVERGENCE WHEN EDM .LT. 1.00e-04
 FCN=829.449 FROM MIGRAD    STATUS=INITIATE       57 CALLS          58 TOTAL
                     EDM= unknown      STRATEGY= 1      NO ERROR MATRIX       
  EXT PARAMETER               CURRENT GUESS       STEP         FIRST   
  NO.   NAME      VALUE            ERROR          SIZE      DERIVATIVE 
   1  N0           2.70359e+06   1.00000e+02   0.00000e+00  -1.51103e-03
   2  tau          6.44083e+01   constant   
   3  A0           3.58550e-01   1.00000e-04   0.00000e+00  -1.14751e+03
   4  phi          4.11640e+00   1.00000e-02   0.00000e+00   2.46859e+02
   5  R           -6.21699e+01   constant   
   6  A_CBO        2.14437e-03     fixed    
   7  w_CBO        2.32740e+00     fixed    
   8  phi_CBO      4.57000e+00     fixed    
   9  ANx2         2.34902e-04   constant   
  10  pNx2         5.38708e+00   constant   
  11  ANy1         0.00000e+00   constant   
  12  pNy1         0.00000e+00   constant   
  13  w_y          0.00000e+00   constant   
  14  ANy2         8.91556e-03     fixed    
  15  pNy2         6.21709e+00   constant   
  16  w_vw         1.43264e+01   constant   
  17  LM           1.88334e-04   constant   
  18  wCBO_expCoeff   2.00000e+02   1.00000e+00   0.00000e+00   3.14765e+02
  19  wCBO_expOffset   2.00000e+02   1.00000e+00   0.00000e+00   2.09712e+03
  20  wCBO_expT    3.00000e+01   1.00000e+00   0.00000e+00   3.45747e+03
  21  wCBO_linCoeff   0.00000e+00   constant   
  22  wCBO_const   1.77590e-03   1.00000e-02   1.77590e-03  -7.27465e+01
 MIGRAD MINIMIZATION HAS CONVERGED.
 FCN=811.258 FROM MIGRAD    STATUS=CONVERGED     245 CALLS         246 TOTAL
                     EDM=1.16008e-08    STRATEGY= 1  ERROR MATRIX UNCERTAINTY   0.6 per cent
  EXT PARAMETER                                   STEP         FIRST   
  NO.   NAME      VALUE            ERROR          SIZE      DERIVATIVE 
   1  N0           2.70405e+06   7.78824e+02  -1.15150e+00   1.44421e-07
   2  tau          6.44083e+01   constant   
   3  A0           3.58645e-01   3.82994e-04  -3.05424e-07   3.24643e-01
   4  phi          4.11622e+00   1.11165e-03  -1.41144e-06   3.99742e-02
   5  R           -6.21699e+01   constant   
   6  A_CBO        2.14437e-03     fixed    
   7  w_CBO        2.32740e+00     fixed    
   8  phi_CBO      4.57000e+00     fixed    
   9  ANx2         2.34902e-04   constant   
  10  pNx2         5.38708e+00   constant   
  11  ANy1         0.00000e+00   constant   
  12  pNy1         0.00000e+00   constant   
  13  w_y          0.00000e+00   constant   
  14  ANy2         8.91556e-03     fixed    
  15  pNy2         6.21709e+00   constant   
  16  w_vw         1.43264e+01   constant   
  17  LM           1.88334e-04   constant   
  18  wCBO_expCoeff   2.00006e+02   2.84006e-02   3.91465e-05  -5.24600e-03
  19  wCBO_expOffset   2.00001e+02   4.25520e-03   5.88714e-06  -9.17679e-02
  20  wCBO_expT    2.99947e+01   3.84996e-03  -6.73906e-06  -1.51515e-01
  21  wCBO_linCoeff   0.00000e+00   constant   
  22  wCBO_const   7.35150e-03   9.51420e-04   1.69600e-06  -1.97727e-01
 EXTERNAL ERROR MATRIX.    NDIM=  25    NPAR=  7    ERR DEF=1
  6.066e+05  6.741e-03 -1.426e-02  3.886e-01  5.592e-02 -5.543e-02  3.661e-03 
  6.741e-03  1.467e-07 -1.093e-09 -4.249e-08 -6.938e-09  1.402e-08 -1.079e-08 
 -1.426e-02 -1.093e-09  1.236e-06  2.721e-07  3.799e-08 -1.590e-08 -2.008e-08 
  3.886e-01 -4.249e-08  2.721e-07  8.066e-04  1.139e-04 -1.062e-04  1.912e-05 
  5.592e-02 -6.938e-09  3.799e-08  1.139e-04  1.811e-05 -1.592e-05  2.866e-06 
 -5.543e-02  1.402e-08 -1.590e-08 -1.062e-04 -1.592e-05  1.482e-05 -2.973e-06 
  3.661e-03 -1.079e-08 -2.008e-08  1.912e-05  2.866e-06 -2.973e-06  9.052e-07 
 PARAMETER  CORRELATION COEFFICIENTS  
       NO.  GLOBAL      1      3      4     18     19     20     22
        1  0.05104   1.000  0.023 -0.016  0.018  0.017 -0.018  0.005
        3  0.04471   0.023  1.000 -0.003 -0.004 -0.004  0.010 -0.030
        4  0.04220  -0.016 -0.003  1.000  0.009  0.008 -0.004 -0.019
       18  0.98700   0.018 -0.004  0.009  1.000  0.943 -0.971  0.708
       19  0.98704   0.017 -0.004  0.008  0.943  1.000 -0.972  0.708
       20  0.99698  -0.018  0.010 -0.004 -0.971 -0.972  1.000 -0.812
       22  0.94702   0.005 -0.030 -0.019  0.708  0.708 -0.812  1.000
MINUIT - FIT ONLY 1-CBO + other amplitudes 
 **********
 **   16 **RES 
 **********
                   PARAMETER   14  ANy2 RESTORED TO VARIABLE.
                   PARAMETER    8  phi_CBO RESTORED TO VARIABLE.
                   PARAMETER    7  w_CBO RESTORED TO VARIABLE.
                   PARAMETER    6  A_CBO RESTORED TO VARIABLE.
 **********
 **   17 **FIX            0
 **********
 PARAMETER    0  IS UNDEFINED. IGNORED.
 **********
 **   18 **FIX            1
 **********
 **********
 **   19 **FIX            2
 **********
 PARAMETER    2  IS CONSTANT.   IGNORED.
 **********
 **   20 **FIX            3
 **********
 **********
 **   21 **FIX            4
 **********
 **********
 **   22 **FIX            9
 **********
 PARAMETER    9  IS CONSTANT.   IGNORED.
 **********
 **   23 **FIX           11
 **********
 PARAMETER   11  IS CONSTANT.   IGNORED.
 **********
 **   24 **FIX           12
 **********
 PARAMETER   12  IS CONSTANT.   IGNORED.
 **********
 **   25 **FIX           14
 **********
 **********
 **   26 **FIX           15
 **********
 PARAMETER   15  IS CONSTANT.   IGNORED.
 **********
 **   27 **FIX           16
 **********
 PARAMETER   16  IS CONSTANT.   IGNORED.
 **********
 **   28 **MIGRAD
 **********
 START MIGRAD MINIMIZATION.  STRATEGY  1.  CONVERGENCE WHEN EDM .LT. 1.00e-04
 FCN=811.258 FROM MIGRAD    STATUS=INITIATE       20 CALLS         266 TOTAL
                     EDM= unknown      STRATEGY= 1      NO ERROR MATRIX       
  EXT PARAMETER               CURRENT GUESS       STEP         FIRST   
  NO.   NAME      VALUE            ERROR          SIZE      DERIVATIVE 
   1  N0           2.70405e+06     fixed    
   2  tau          6.44083e+01   constant   
   3  A0           3.58645e-01     fixed    
   4  phi          4.11622e+00     fixed    
   5  R           -6.21699e+01   constant   
   6  A_CBO        2.14437e-03   1.00000e-05   1.00000e-05   1.27320e+04
   7  w_CBO        2.32740e+00   1.00000e-03   1.00000e-03  -5.50643e-01
   8  phi_CBO      4.57000e+00   1.00000e-04   1.00000e-04   2.01693e+00
   9  ANx2         2.34902e-04   constant   
  10  pNx2         5.38708e+00   constant   
  11  ANy1         0.00000e+00   constant   
  12  pNy1         0.00000e+00   constant   
  13  w_y          0.00000e+00   constant   
  14  ANy2         8.91556e-03     fixed    
  15  pNy2         6.21709e+00   constant   
  16  w_vw         1.43264e+01   constant   
  17  LM           1.88334e-04   constant   
  18  wCBO_expCoeff   2.00006e+02   2.84006e-02   3.91465e-05  -5.24600e-03
  19  wCBO_expOffset   2.00001e+02   4.25520e-03   5.88714e-06  -9.17679e-02
  20  wCBO_expT    2.99947e+01   3.84996e-03  -6.73906e-06  -1.51515e-01
  21  wCBO_linCoeff   0.00000e+00   constant   
  22  wCBO_const   7.35150e-03   9.51420e-04   1.69600e-06  -1.97725e-01
 MIGRAD MINIMIZATION HAS CONVERGED.
 MIGRAD WILL VERIFY CONVERGENCE AND ERROR MATRIX.
 FCN=804.084 FROM MIGRAD    STATUS=CONVERGED     206 CALLS         452 TOTAL
                     EDM=4.99813e-06    STRATEGY= 1      ERR MATRIX NOT POS-DEF
  EXT PARAMETER                APPROXIMATE        STEP         FIRST   
  NO.   NAME      VALUE            ERROR          SIZE      DERIVATIVE 
   1  N0           2.70405e+06     fixed    
   2  tau          6.44083e+01   constant   
   3  A0           3.58645e-01     fixed    
   4  phi          4.11622e+00     fixed    
   5  R           -6.21699e+01   constant   
   6  A_CBO        1.05152e-03   4.16508e-04   5.69332e-06  -3.57965e+00
   7  w_CBO        2.32738e+00   7.12554e-04   1.10978e-06   1.69434e+01
   8  phi_CBO      4.32602e+00   5.37472e-01   5.25675e-03   2.43620e-03
   9  ANx2         2.34902e-04   constant   
  10  pNx2         5.38708e+00   constant   
  11  ANy1         0.00000e+00   constant   
  12  pNy1         0.00000e+00   constant   
  13  w_y          0.00000e+00   constant   
  14  ANy2         8.91556e-03     fixed    
  15  pNy2         6.21709e+00   constant   
  16  w_vw         1.43264e+01   constant   
  17  LM           1.88334e-04   constant   
  18  wCBO_expCoeff   2.00005e+02   6.47110e-02   9.53696e-05   1.83088e-01
  19  wCBO_expOffset   2.00001e+02   1.15327e-02   9.53677e-05   1.22165e+00
  20  wCBO_expT    2.99951e+01   3.26632e-03   1.43028e-05   3.44348e+00
  21  wCBO_linCoeff   0.00000e+00   constant   
  22  wCBO_const   6.91985e-03   1.05423e-03   5.16619e-06   2.79015e+00
 EXTERNAL ERROR MATRIX.    NDIM=  25    NPAR=  7    ERR DEF=1
  1.735e-07  1.351e-08 -6.385e-07  1.325e-06 -5.277e-07  1.611e-08  3.211e-08 
  1.351e-08  5.077e-07  2.673e-05 -1.138e-05 -3.834e-06 -4.437e-07 -1.189e-07 
 -6.385e-07  2.673e-05  2.889e-01  2.369e-03  1.474e-04 -2.954e-04  1.801e-04 
  1.325e-06 -1.138e-05  2.369e-03  4.188e-03 -3.887e-04 -4.000e-05  1.306e-05 
 -5.277e-07 -3.834e-06  1.474e-04 -3.887e-04  1.330e-04 -1.105e-05  3.525e-06 
  1.611e-08 -4.437e-07 -2.954e-04 -4.000e-05 -1.105e-05  1.067e-05 -2.310e-06 
  3.211e-08 -1.189e-07  1.801e-04  1.306e-05  3.525e-06 -2.310e-06  1.111e-06 
ERR MATRIX NOT POS-DEF
 PARAMETER  CORRELATION COEFFICIENTS  
       NO.  GLOBAL      6      7      8     18     19     20     22
        6  0.18742   1.000  0.046 -0.003  0.049 -0.110  0.012  0.073
        7  0.99491   0.046  1.000  0.070 -0.247 -0.467 -0.191 -0.158
        8  0.71388  -0.003  0.070  1.000  0.068  0.024 -0.168  0.318
       18  0.99472   0.049 -0.247  0.068  1.000 -0.521 -0.189  0.191
       19  0.99626  -0.110 -0.467  0.024 -0.521  1.000 -0.293  0.290
       20  0.99333   0.012 -0.191 -0.168 -0.189 -0.293  1.000 -0.671
       22  0.93607   0.073 -0.158  0.318  0.191  0.290 -0.671  1.000
 ERR MATRIX NOT POS-DEF
MINUIT - FIT ONLY 1-CBO
 **********
 **   29 **RES 
 **********
                   PARAMETER   14  ANy2 RESTORED TO VARIABLE.
                   PARAMETER    4  phi RESTORED TO VARIABLE.
                   PARAMETER    3  A0 RESTORED TO VARIABLE.
                   PARAMETER    1  N0 RESTORED TO VARIABLE.
 **********
 **   30 **FIX            0
 **********
 PARAMETER    0  IS UNDEFINED. IGNORED.
 **********
 **   31 **FIX            1
 **********
 **********
 **   32 **FIX            2
 **********
 PARAMETER    2  IS CONSTANT.   IGNORED.
 **********
 **   33 **FIX            3
 **********
 **********
 **   34 **FIX            4
 **********
 **********
 **   35 **FIX            8
 **********
 **********
 **   36 **FIX            9
 **********
 PARAMETER    9  IS CONSTANT.   IGNORED.
 **********
 **   37 **FIX           11
 **********
 PARAMETER   11  IS CONSTANT.   IGNORED.
 **********
 **   38 **FIX           12
 **********
 PARAMETER   12  IS CONSTANT.   IGNORED.
 **********
 **   39 **FIX           13
 **********
 PARAMETER   13  IS CONSTANT.   IGNORED.
 **********
 **   40 **FIX           15
 **********
 PARAMETER   15  IS CONSTANT.   IGNORED.
 **********
 **   41 **FIX           16
 **********
 PARAMETER   16  IS CONSTANT.   IGNORED.
 **********
 **   42 **MIGRAD
 **********
 START MIGRAD MINIMIZATION.  STRATEGY  1.  CONVERGENCE WHEN EDM .LT. 1.00e-04
 FCN=804.084 FROM MIGRAD    STATUS=INITIATE       16 CALLS         468 TOTAL
                     EDM= unknown      STRATEGY= 1      NO ERROR MATRIX       
  EXT PARAMETER               CURRENT GUESS       STEP         FIRST   
  NO.   NAME      VALUE            ERROR          SIZE      DERIVATIVE 
   1  N0           2.70405e+06     fixed    
   2  tau          6.44083e+01   constant   
   3  A0           3.58645e-01     fixed    
   4  phi          4.11622e+00     fixed    
   5  R           -6.21699e+01   constant   
   6  A_CBO        1.05152e-03   4.16508e-04   5.69332e-06  -3.57965e+00
   7  w_CBO        2.32738e+00   7.12554e-04   1.10978e-06   1.69921e+01
   8  phi_CBO      4.32602e+00     fixed    
   9  ANx2         2.34902e-04   constant   
  10  pNx2         5.38708e+00   constant   
  11  ANy1         0.00000e+00   constant   
  12  pNy1         0.00000e+00   constant   
  13  w_y          0.00000e+00   constant   
  14  ANy2         8.91556e-03   1.00000e-04   1.00000e-04   1.07749e+05
  15  pNy2         6.21709e+00   constant   
  16  w_vw         1.43264e+01   constant   
  17  LM           1.88334e-04   constant   
  18  wCBO_expCoeff   2.00005e+02   6.47110e-02   9.53696e-05   1.83570e-01
  19  wCBO_expOffset   2.00001e+02   1.15327e-02   9.53677e-05   1.41051e+00
  20  wCBO_expT    2.99951e+01   3.26632e-03   1.43028e-05   3.48913e+00
  21  wCBO_linCoeff   0.00000e+00   constant   
  22  wCBO_const   6.91985e-03   1.05423e-03   5.16619e-06   2.78874e+00
 MIGRAD MINIMIZATION HAS CONVERGED.
 MIGRAD WILL VERIFY CONVERGENCE AND ERROR MATRIX.
 COVARIANCE MATRIX CALCULATED SUCCESSFULLY
 FCN=324.765 FROM MIGRAD    STATUS=CONVERGED     274 CALLS         726 TOTAL
                     EDM=8.73449e-07    STRATEGY= 1      ERROR MATRIX ACCURATE 
  EXT PARAMETER                                   STEP         FIRST   
  NO.   NAME      VALUE            ERROR          SIZE      DERIVATIVE 
   1  N0           2.70405e+06     fixed    
   2  tau          6.44083e+01   constant   
   3  A0           3.58645e-01     fixed    
   4  phi          4.11622e+00     fixed    
   5  R           -6.21699e+01   constant   
   6  A_CBO        2.42989e-04   4.31074e-04   3.57199e-06   1.63976e+00
   7  w_CBO        2.32770e+00   4.86308e-03   1.54465e-06  -5.13649e+00
   8  phi_CBO      4.32602e+00     fixed    
   9  ANx2         2.34902e-04   constant   
  10  pNx2         5.38708e+00   constant   
  11  ANy1         0.00000e+00   constant   
  12  pNy1         0.00000e+00   constant   
  13  w_y          0.00000e+00   constant   
  14  ANy2         1.28672e-05   4.06762e-04   3.56339e-06  -5.00567e-02
  15  pNy2         6.21709e+00   constant   
  16  w_vw         1.43264e+01   constant   
  17  LM           1.88334e-04   constant   
  18  wCBO_expCoeff   2.00036e+02   4.33297e-01   1.45167e-04  -5.65178e-02
  19  wCBO_expOffset   2.00005e+02   3.76244e-02   9.53700e-05  -3.80444e-01
  20  wCBO_expT    2.99898e+01   8.96022e-03   1.43002e-05  -9.08433e-01
  21  wCBO_linCoeff   0.00000e+00   constant   
  22  wCBO_const   7.72665e-03   2.86486e-03   6.52310e-06  -6.44377e-01
 EXTERNAL ERROR MATRIX.    NDIM=  25    NPAR=  7    ERR DEF=1
  1.858e-07 -1.267e-08  8.073e-09 -1.749e-06 -7.792e-07  7.176e-07 -1.730e-07 
 -1.267e-08  2.365e-05 -9.871e-09 -1.629e-03 -4.628e-05 -6.098e-06 -9.209e-06 
  8.073e-09 -9.871e-09  1.655e-07 -1.145e-06 -1.943e-07  1.758e-07 -2.192e-08 
 -1.749e-06 -1.629e-03 -1.145e-06  1.877e-01 -5.520e-03 -7.014e-04  8.207e-04 
 -7.792e-07 -4.628e-05 -1.943e-07 -5.520e-03  1.416e-03  3.975e-06  1.969e-05 
  7.176e-07 -6.098e-06  1.758e-07 -7.014e-04  3.975e-06  8.029e-05 -1.291e-05 
 -1.730e-07 -9.209e-06 -2.192e-08  8.207e-04  1.969e-05 -1.291e-05  8.207e-06 
 PARAMETER  CORRELATION COEFFICIENTS  
       NO.  GLOBAL      6      7     14     18     19     20     22
        6  0.34015   1.000 -0.006  0.046 -0.009 -0.048  0.186 -0.140
        7  0.99935  -0.006  1.000 -0.005 -0.773 -0.253 -0.140 -0.661
       14  0.10909   0.046 -0.005  1.000 -0.006 -0.013  0.048 -0.019
       18  0.99928  -0.009 -0.773 -0.006  1.000 -0.339 -0.181  0.661
       19  0.99785  -0.048 -0.253 -0.013 -0.339  1.000  0.012  0.183
       20  0.99522   0.186 -0.140  0.048 -0.181  0.012  1.000 -0.503
       22  0.96612  -0.140 -0.661 -0.019  0.661  0.183 -0.503  1.000
MINUIT - FIT ONLY 2-CBO
 **********
 **   43 **RES 
 **********
                   PARAMETER    8  phi_CBO RESTORED TO VARIABLE.
                   PARAMETER    4  phi RESTORED TO VARIABLE.
                   PARAMETER    3  A0 RESTORED TO VARIABLE.
                   PARAMETER    1  N0 RESTORED TO VARIABLE.
 **********
 **   44 **FIX            0
 **********
 PARAMETER    0  IS UNDEFINED. IGNORED.
 **********
 **   45 **FIX            1
 **********
 **********
 **   46 **FIX            2
 **********
 PARAMETER    2  IS CONSTANT.   IGNORED.
 **********
 **   47 **FIX            3
 **********
 **********
 **   48 **FIX            4
 **********
 **********
 **   49 **FIX            5
 **********
 PARAMETER    5  IS CONSTANT.   IGNORED.
 **********
 **   50 **FIX            6
 **********
 **********
 **   51 **FIX            7
 **********
 **********
 **   52 **FIX           10
 **********
 PARAMETER   10  IS CONSTANT.   IGNORED.
 **********
 **   53 **FIX           11
 **********
 PARAMETER   11  IS CONSTANT.   IGNORED.
 **********
 **   54 **FIX           12
 **********
 PARAMETER   12  IS CONSTANT.   IGNORED.
 **********
 **   55 **FIX           13
 **********
 PARAMETER   13  IS CONSTANT.   IGNORED.
 **********
 **   56 **FIX           14
 **********
 **********
 **   57 **FIX           15
 **********
 PARAMETER   15  IS CONSTANT.   IGNORED.
 **********
 **   58 **FIX           16
 **********
 PARAMETER   16  IS CONSTANT.   IGNORED.
 **********
 **   59 **MIGRAD
 **********
 START MIGRAD MINIMIZATION.  STRATEGY  1.  CONVERGENCE WHEN EDM .LT. 1.00e-04
 FCN=324.765 FROM MIGRAD    STATUS=INITIATE       12 CALLS         738 TOTAL
                     EDM= unknown      STRATEGY= 1      NO ERROR MATRIX       
  EXT PARAMETER               CURRENT GUESS       STEP         FIRST   
  NO.   NAME      VALUE            ERROR          SIZE      DERIVATIVE 
   1  N0           2.70405e+06     fixed    
   2  tau          6.44083e+01   constant   
   3  A0           3.58645e-01     fixed    
   4  phi          4.11622e+00     fixed    
   5  R           -6.21699e+01   constant   
   6  A_CBO        2.42989e-04     fixed    
   7  w_CBO        2.32770e+00     fixed    
   8  phi_CBO      4.32602e+00   5.37472e-01   5.37472e-01   4.12797e-01
   9  ANx2         2.34902e-04   constant   
  10  pNx2         5.38708e+00   constant   
  11  ANy1         0.00000e+00   constant   
  12  pNy1         0.00000e+00   constant   
  13  w_y          0.00000e+00   constant   
  14  ANy2         1.28672e-05     fixed    
  15  pNy2         6.21709e+00   constant   
  16  w_vw         1.43264e+01   constant   
  17  LM           1.88334e-04   constant   
  18  wCBO_expCoeff   2.00036e+02   4.33297e-01   1.45167e-04  -5.66165e-02
  19  wCBO_expOffset   2.00005e+02   3.76244e-02   9.53700e-05  -3.91093e-01
  20  wCBO_expT    2.99898e+01   8.96022e-03   1.43002e-05  -9.20274e-01
  21  wCBO_linCoeff   0.00000e+00   constant   
  22  wCBO_const   7.72665e-03   2.86486e-03   6.52310e-06  -6.45585e-01
 MIGRAD MINIMIZATION HAS CONVERGED.
 MIGRAD WILL VERIFY CONVERGENCE AND ERROR MATRIX.
 FCN=324.623 FROM MIGRAD    STATUS=CONVERGED     120 CALLS         846 TOTAL
                     EDM=2.33219e-06    STRATEGY= 1      ERR MATRIX NOT POS-DEF
  EXT PARAMETER                APPROXIMATE        STEP         FIRST   
  NO.   NAME      VALUE            ERROR          SIZE      DERIVATIVE 
   1  N0           2.70405e+06     fixed    
   2  tau          6.44083e+01   constant   
   3  A0           3.58645e-01     fixed    
   4  phi          4.11622e+00     fixed    
   5  R           -6.21699e+01   constant   
   6  A_CBO        2.42989e-04     fixed    
   7  w_CBO        2.32770e+00     fixed    
   8  phi_CBO      3.65288e+00   1.67944e+00   1.33457e-02  -7.65400e-04
   9  ANx2         2.34902e-04   constant   
  10  pNx2         5.38708e+00   constant   
  11  ANy1         0.00000e+00   constant   
  12  pNy1         0.00000e+00   constant   
  13  w_y          0.00000e+00   constant   
  14  ANy2         1.28672e-05     fixed    
  15  pNy2         6.21709e+00   constant   
  16  w_vw         1.43264e+01   constant   
  17  LM           1.88334e-04   constant   
  18  wCBO_expCoeff   2.00024e+02   1.91643e-01   1.45564e-04  -2.58868e-02
  19  wCBO_expOffset   2.00004e+02   2.95257e-02   9.53691e-05  -1.72537e-01
  20  wCBO_expT    2.99914e+01   7.73185e-03   1.43010e-05  -7.45170e-01
  21  wCBO_linCoeff   0.00000e+00   constant   
  22  wCBO_const   7.28829e-03   2.24451e-03   6.54714e-06  -5.91331e-01
 EXTERNAL ERROR MATRIX.    NDIM=  25    NPAR=  5    ERR DEF=1
  2.821e+00  1.445e-02  3.919e-03 -2.614e-03  1.043e-03 
  1.445e-02  3.673e-02 -4.628e-03 -3.664e-04  6.383e-05 
  3.919e-03 -4.628e-03  8.718e-04 -7.646e-05  1.513e-05 
 -2.614e-03 -3.664e-04 -7.646e-05  5.978e-05 -1.360e-05 
  1.043e-03  6.383e-05  1.513e-05 -1.360e-05  5.038e-06 
ERR MATRIX NOT POS-DEF
 PARAMETER  CORRELATION COEFFICIENTS  
       NO.  GLOBAL      8     18     19     20     22
        8  0.44285   1.000  0.045  0.079 -0.201  0.277
       18  0.99630   0.045  1.000 -0.818 -0.247  0.148
       19  0.99649   0.079 -0.818  1.000 -0.335  0.228
       20  0.99371  -0.201 -0.247 -0.335  1.000 -0.783
       22  0.94380   0.277  0.148  0.228 -0.783  1.000
 ERR MATRIX NOT POS-DEF
MINUIT - FIT ONLY 1-y
 **********
 **   60 **RES 
 **********
                   PARAMETER   14  ANy2 RESTORED TO VARIABLE.
                   PARAMETER    7  w_CBO RESTORED TO VARIABLE.
                   PARAMETER    6  A_CBO RESTORED TO VARIABLE.
                   PARAMETER    4  phi RESTORED TO VARIABLE.
                   PARAMETER    3  A0 RESTORED TO VARIABLE.
                   PARAMETER    1  N0 RESTORED TO VARIABLE.
 **********
 **   61 **FIX            0
 **********
 PARAMETER    0  IS UNDEFINED. IGNORED.
 **********
 **   62 **FIX            1
 **********
 **********
 **   63 **FIX            2
 **********
 PARAMETER    2  IS CONSTANT.   IGNORED.
 **********
 **   64 **FIX            3
 **********
 **********
 **   65 **FIX            4
 **********
 **********
 **   66 **FIX            5
 **********
 PARAMETER    5  IS CONSTANT.   IGNORED.
 **********
 **   67 **FIX            6
 **********
 **********
 **   68 **FIX            7
 **********
 **********
 **   69 **FIX            8
 **********
 **********
 **   70 **FIX            9
 **********
 PARAMETER    9  IS CONSTANT.   IGNORED.
 **********
 **   71 **FIX           13
 **********
 PARAMETER   13  IS CONSTANT.   IGNORED.
 **********
 **   72 **FIX           14
 **********
 **********
 **   73 **FIX           15
 **********
 PARAMETER   15  IS CONSTANT.   IGNORED.
 **********
 **   74 **FIX           16
 **********
 PARAMETER   16  IS CONSTANT.   IGNORED.
 **********
 **   75 **MIGRAD
 **********
 START MIGRAD MINIMIZATION.  STRATEGY  1.  CONVERGENCE WHEN EDM .LT. 1.00e-04
 FCN=324.623 FROM MIGRAD    STATUS=INITIATE        8 CALLS         854 TOTAL
                     EDM= unknown      STRATEGY= 1      NO ERROR MATRIX       
  EXT PARAMETER               CURRENT GUESS       STEP         FIRST   
  NO.   NAME      VALUE            ERROR          SIZE      DERIVATIVE 
   1  N0           2.70405e+06     fixed    
   2  tau          6.44083e+01   constant   
   3  A0           3.58645e-01     fixed    
   4  phi          4.11622e+00     fixed    
   5  R           -6.21699e+01   constant   
   6  A_CBO        2.42989e-04     fixed    
   7  w_CBO        2.32770e+00     fixed    
   8  phi_CBO      3.65288e+00     fixed    
   9  ANx2         2.34902e-04   constant   
  10  pNx2         5.38708e+00   constant   
  11  ANy1         0.00000e+00   constant   
  12  pNy1         0.00000e+00   constant   
  13  w_y          0.00000e+00   constant   
  14  ANy2         1.28672e-05     fixed    
  15  pNy2         6.21709e+00   constant   
  16  w_vw         1.43264e+01   constant   
  17  LM           1.88334e-04   constant   
  18  wCBO_expCoeff   2.00024e+02   1.91643e-01   1.45564e-04  -2.57073e-02
  19  wCBO_expOffset   2.00004e+02   2.95257e-02   9.53691e-05  -1.47208e-01
  20  wCBO_expT    2.99914e+01   7.73185e-03   1.43010e-05  -7.47732e-01
  21  wCBO_linCoeff   0.00000e+00   constant   
  22  wCBO_const   7.28829e-03   2.24451e-03   6.54714e-06  -5.89632e-01
 MIGRAD MINIMIZATION HAS CONVERGED.
 MIGRAD WILL VERIFY CONVERGENCE AND ERROR MATRIX.
 FCN=324.623 FROM MIGRAD    STATUS=CONVERGED      43 CALLS         889 TOTAL
                     EDM=1.60846e-06    STRATEGY= 1      ERR MATRIX NOT POS-DEF
  EXT PARAMETER                APPROXIMATE        STEP         FIRST   
  NO.   NAME      VALUE            ERROR          SIZE      DERIVATIVE 
   1  N0           2.70405e+06     fixed    
   2  tau          6.44083e+01   constant   
   3  A0           3.58645e-01     fixed    
   4  phi          4.11622e+00     fixed    
   5  R           -6.21699e+01   constant   
   6  A_CBO        2.42989e-04     fixed    
   7  w_CBO        2.32770e+00     fixed    
   8  phi_CBO      3.65288e+00     fixed    
   9  ANx2         2.34902e-04   constant   
  10  pNx2         5.38708e+00   constant   
  11  ANy1         0.00000e+00   constant   
  12  pNy1         0.00000e+00   constant   
  13  w_y          0.00000e+00   constant   
  14  ANy2         1.28672e-05     fixed    
  15  pNy2         6.21709e+00   constant   
  16  w_vw         1.43264e+01   constant   
  17  LM           1.88334e-04   constant   
  18  wCBO_expCoeff   2.00024e+02   1.95839e-01   1.45683e-04   4.69539e-03
  19  wCBO_expOffset   2.00004e+02   3.01173e-02   9.53691e-05   3.14273e-02
  20  wCBO_expT    2.99914e+01   7.64968e-03   1.43010e-05  -1.54774e-01
  21  wCBO_linCoeff   0.00000e+00   constant   
  22  wCBO_const   7.28833e-03   2.17015e-03   6.55769e-06   4.79212e-02
 EXTERNAL ERROR MATRIX.    NDIM=  25    NPAR=  4    ERR DEF=1
  3.835e-02 -4.892e-03 -3.576e-04  5.936e-05 
 -4.892e-03  9.071e-04 -7.470e-05  1.411e-05 
 -3.576e-04 -7.470e-05  5.852e-05 -1.288e-05 
  5.936e-05  1.411e-05 -1.288e-05  4.710e-06 
ERR MATRIX NOT POS-DEF
 PARAMETER  CORRELATION COEFFICIENTS  
       NO.  GLOBAL     18     19     20     22
       18  0.99645   1.000 -0.829 -0.239  0.140
       19  0.99663  -0.829  1.000 -0.324  0.216
       20  0.99357  -0.239 -0.324  1.000 -0.776
       22  0.93975   0.140  0.216 -0.776  1.000
 ERR MATRIX NOT POS-DEF
MINUIT - FIT ONLY 2-y
 **********
 **   76 **RES 
 **********
                   PARAMETER   14  ANy2 RESTORED TO VARIABLE.
                   PARAMETER    8  phi_CBO RESTORED TO VARIABLE.
                   PARAMETER    7  w_CBO RESTORED TO VARIABLE.
                   PARAMETER    6  A_CBO RESTORED TO VARIABLE.
                   PARAMETER    4  phi RESTORED TO VARIABLE.
                   PARAMETER    3  A0 RESTORED TO VARIABLE.
                   PARAMETER    1  N0 RESTORED TO VARIABLE.
 **********
 **   77 **FIX            0
 **********
 PARAMETER    0  IS UNDEFINED. IGNORED.
 **********
 **   78 **FIX            1
 **********
 **********
 **   79 **FIX            2
 **********
 PARAMETER    2  IS CONSTANT.   IGNORED.
 **********
 **   80 **FIX            3
 **********
 **********
 **   81 **FIX            4
 **********
 **********
 **   82 **FIX            5
 **********
 PARAMETER    5  IS CONSTANT.   IGNORED.
 **********
 **   83 **FIX            6
 **********
 **********
 **   84 **FIX            7
 **********
 **********
 **   85 **FIX            8
 **********
 **********
 **   86 **FIX            9
 **********
 PARAMETER    9  IS CONSTANT.   IGNORED.
 **********
 **   87 **FIX           10
 **********
 PARAMETER   10  IS CONSTANT.   IGNORED.
 **********
 **   88 **FIX           11
 **********
 PARAMETER   11  IS CONSTANT.   IGNORED.
 **********
 **   89 **FIX           12
 **********
 PARAMETER   12  IS CONSTANT.   IGNORED.
 **********
 **   90 **FIX           16
 **********
 PARAMETER   16  IS CONSTANT.   IGNORED.
 **********
 **   91 **MIGRAD
 **********
 START MIGRAD MINIMIZATION.  STRATEGY  1.  CONVERGENCE WHEN EDM .LT. 1.00e-04
 FCN=324.623 FROM MIGRAD    STATUS=INITIATE       10 CALLS         899 TOTAL
                     EDM= unknown      STRATEGY= 1      NO ERROR MATRIX       
  EXT PARAMETER               CURRENT GUESS       STEP         FIRST   
  NO.   NAME      VALUE            ERROR          SIZE      DERIVATIVE 
   1  N0           2.70405e+06     fixed    
   2  tau          6.44083e+01   constant   
   3  A0           3.58645e-01     fixed    
   4  phi          4.11622e+00     fixed    
   5  R           -6.21699e+01   constant   
   6  A_CBO        2.42989e-04     fixed    
   7  w_CBO        2.32770e+00     fixed    
   8  phi_CBO      3.65288e+00     fixed    
   9  ANx2         2.34902e-04   constant   
  10  pNx2         5.38708e+00   constant   
  11  ANy1         0.00000e+00   constant   
  12  pNy1         0.00000e+00   constant   
  13  w_y          0.00000e+00   constant   
  14  ANy2         1.28672e-05   4.06762e-04   4.06762e-04   6.32792e+01
  15  pNy2         6.21709e+00   constant   
  16  w_vw         1.43264e+01   constant   
  17  LM           1.88334e-04   constant   
  18  wCBO_expCoeff   2.00024e+02   1.95839e-01   1.45683e-04   4.87429e-03
  19  wCBO_expOffset   2.00004e+02   3.01173e-02   9.53691e-05   5.66716e-02
  20  wCBO_expT    2.99914e+01   7.64968e-03   1.43010e-05  -1.57363e-01
  21  wCBO_linCoeff   0.00000e+00   constant   
  22  wCBO_const   7.28833e-03   2.17015e-03   6.55769e-06   4.96116e-02
 MIGRAD MINIMIZATION HAS CONVERGED.
 MIGRAD WILL VERIFY CONVERGENCE AND ERROR MATRIX.
 FCN=324.623 FROM MIGRAD    STATUS=CONVERGED      66 CALLS         955 TOTAL
                     EDM=6.36904e-07    STRATEGY= 1      ERR MATRIX NOT POS-DEF
  EXT PARAMETER                APPROXIMATE        STEP         FIRST   
  NO.   NAME      VALUE            ERROR          SIZE      DERIVATIVE 
   1  N0           2.70405e+06     fixed    
   2  tau          6.44083e+01   constant   
   3  A0           3.58645e-01     fixed    
   4  phi          4.11622e+00     fixed    
   5  R           -6.21699e+01   constant   
   6  A_CBO        2.42989e-04     fixed    
   7  w_CBO        2.32770e+00     fixed    
   8  phi_CBO      3.65288e+00     fixed    
   9  ANx2         2.34902e-04   constant   
  10  pNx2         5.38708e+00   constant   
  11  ANy1         0.00000e+00   constant   
  12  pNy1         0.00000e+00   constant   
  13  w_y          0.00000e+00   constant   
  14  ANy2         7.65630e-06   4.04997e-04   3.56259e-06  -3.74278e-02
  15  pNy2         6.21709e+00   constant   
  16  w_vw         1.43264e+01   constant   
  17  LM           1.88334e-04   constant   
  18  wCBO_expCoeff   2.00024e+02   1.95623e-01   1.45739e-04  -6.01978e-03
  19  wCBO_expOffset   2.00004e+02   3.01023e-02   9.53691e-05  -4.00353e-02
  20  wCBO_expT    2.99914e+01   7.64703e-03   1.43010e-05  -9.64341e-02
  21  wCBO_linCoeff   0.00000e+00   constant   
  22  wCBO_const   7.28849e-03   2.16921e-03   6.55991e-06   4.48915e-01
 EXTERNAL ERROR MATRIX.    NDIM=  25    NPAR=  5    ERR DEF=1
  1.640e-07 -3.326e-07 -3.151e-07  1.121e-07 -1.389e-08 
 -3.326e-07  3.827e-02 -4.882e-03 -3.563e-04  5.907e-05 
 -3.151e-07 -4.882e-03  9.062e-04 -7.487e-05  1.412e-05 
  1.121e-07 -3.563e-04 -7.487e-05  5.848e-05 -1.287e-05 
 -1.389e-08  5.907e-05  1.412e-05 -1.287e-05  4.705e-06 
ERR MATRIX NOT POS-DEF
 PARAMETER  CORRELATION COEFFICIENTS  
       NO.  GLOBAL     14     18     19     20     22
       14  0.09782   1.000 -0.004 -0.026  0.036 -0.016
       18  0.99644  -0.004  1.000 -0.829 -0.238  0.139
       19  0.99662  -0.026 -0.829  1.000 -0.325  0.216
       20  0.99356   0.036 -0.238 -0.325  1.000 -0.776
       22  0.93965  -0.016  0.139  0.216 -0.776  1.000
 ERR MATRIX NOT POS-DEF
MINUIT - FIT ALTOGETHER
 **********
 **   92 **RES 
 **********
                   PARAMETER    8  phi_CBO RESTORED TO VARIABLE.
                   PARAMETER    7  w_CBO RESTORED TO VARIABLE.
                   PARAMETER    6  A_CBO RESTORED TO VARIABLE.
                   PARAMETER    4  phi RESTORED TO VARIABLE.
                   PARAMETER    3  A0 RESTORED TO VARIABLE.
                   PARAMETER    1  N0 RESTORED TO VARIABLE.
 **********
 **   93 **MIGRAD
 **********
 START MIGRAD MINIMIZATION.  STRATEGY  1.  CONVERGENCE WHEN EDM .LT. 1.00e-04
 FCN=324.623 FROM MIGRAD    STATUS=INITIATE       22 CALLS         977 TOTAL
                     EDM= unknown      STRATEGY= 1      NO ERROR MATRIX       
  EXT PARAMETER               CURRENT GUESS       STEP         FIRST   
  NO.   NAME      VALUE            ERROR          SIZE      DERIVATIVE 
   1  N0           2.70405e+06   7.78824e+02   7.78824e+02   2.24507e-04
   2  tau          6.44083e+01   constant   
   3  A0           3.58645e-01   3.82994e-04   3.82994e-04   4.00390e+02
   4  phi          4.11622e+00   1.11165e-03   1.11165e-03  -2.69374e+02
   5  R           -6.21699e+01   constant   
   6  A_CBO        2.42989e-04   4.31074e-04   4.31074e-04  -6.61112e+02
   7  w_CBO        2.32770e+00   4.86308e-03   4.86308e-03  -3.10965e-01
   8  phi_CBO      3.65288e+00   1.67944e+00   1.67944e+00  -5.28114e-05
   9  ANx2         2.34902e-04   constant   
  10  pNx2         5.38708e+00   constant   
  11  ANy1         0.00000e+00   constant   
  12  pNy1         0.00000e+00   constant   
  13  w_y          0.00000e+00   constant   
  14  ANy2         7.65630e-06   4.04997e-04   3.56259e-06  -3.74266e-02
  15  pNy2         6.21709e+00   constant   
  16  w_vw         1.43264e+01   constant   
  17  LM           1.88334e-04   constant   
  18  wCBO_expCoeff   2.00024e+02   1.95623e-01   1.45739e-04  -5.83981e-03
  19  wCBO_expOffset   2.00004e+02   3.01023e-02   9.53691e-05  -1.46631e-02
  20  wCBO_expT    2.99914e+01   7.64703e-03   1.43010e-05  -9.90179e-02
  21  wCBO_linCoeff   0.00000e+00   constant   
  22  wCBO_const   7.28849e-03   2.16921e-03   6.55991e-06   4.50596e-01
 MIGRAD MINIMIZATION HAS CONVERGED.
 MIGRAD WILL VERIFY CONVERGENCE AND ERROR MATRIX.
 FCN=324.567 FROM MIGRAD    STATUS=CONVERGED     294 CALLS        1249 TOTAL
                     EDM=1.14549e-06    STRATEGY= 1      ERR MATRIX NOT POS-DEF
  EXT PARAMETER                APPROXIMATE        STEP         FIRST   
  NO.   NAME      VALUE            ERROR          SIZE      DERIVATIVE 
   1  N0           2.70398e+06   7.71108e+02   6.74860e+00  -1.97683e-07
