 + ++++++++++++++++++++++++++++++++++++++++++++++++++++++++++++++++++++ +
 +                                                                      +
 +           You have chose to blind your fitting according to          +
 +                omega_ref * (1 + (R +/- deltaR) *10^{-6})             +
 +                                                                      +
 + ++++++++++++++++++++++++++++++++++++++++++++++++++++++++++++++++++++ +
In main()...
reading format from /gm2data/zkhechad/run45/envelope/formats/formatB_sBin_constraintOn.txt
pBinTau 	= 0  
pBinPhi 	= 0  
constraintau 	= 1 
includeMopTerm 	= 0    
constrainMop    = 0   
Parameters after format file: pBinTau 0 pBinPhi 0 constraintau 1 includeMopTerm 0 constrainMop 0 c_e_scale 0.000000 
reading cbo reference file (full fit) from /gm2data/zkhechad/cboTemplates/Run4CBOTemplates/fullFits/run4/sBin_constraintOn_cE0.0_seed0_run4_calo1.root
A_CBO 0.008450 w_CBO 2.327583 phi_CBO 2.512904 N0 3416164.907261 R -60.829491 tau 64.397625 
Reading cboRef file /gm2data/zkhechad/cboTemplates/Run4CBOTemplates//cboIsolate/run4_calo1.root
deltaT 164.120000
windowBins = 1100
fitting sliding window 1280 from bin 1483 at 221.263600 to bin 2583 at 385.383600 (1100 bins)

Reading data from /gm2data/cornell/histograms/aMethod/histogram_a_run4.root
fitting cbo isolate
 **********
 **    1 **SET PRINTOUT            1
 **********
 **********
 **    2 **SET NOWARNINGS 
 **********
 PARAMETER DEFINITIONS:
    NO.   NAME         VALUE      STEP SIZE      LIMITS
     1 A_CBO        8.44960e-03  1.00000e-05     no limits
     2 w_CBO        2.32758e+00  1.00000e-02    2.00000e+00  3.00000e+00
     3 phi_CBO      2.51290e+00  1.00000e-02    0.00000e+00  6.28319e+00
 **********
 **    3 **MIGRAD
 **********
 FIRST CALL TO USER FUNCTION AT NEW START POINT, WITH IFLAG=4.
 START MIGRAD MINIMIZATION.  STRATEGY  1.  CONVERGENCE WHEN EDM .LT. 1.00e-04
 FCN=0.0374788 FROM MIGRAD    STATUS=INITIATE       12 CALLS          13 TOTAL
                     EDM= unknown      STRATEGY= 1      NO ERROR MATRIX       
  EXT PARAMETER               CURRENT GUESS       STEP         FIRST   
  NO.   NAME      VALUE            ERROR          SIZE      DERIVATIVE 
   1  A_CBO        8.44960e-03   1.00000e-05   1.00000e-05   5.96073e+00
   2  w_CBO        2.32758e+00   1.00000e-02   2.13091e-02   9.70762e-01
   3  phi_CBO      2.51290e+00   1.00000e-02   3.24882e-03  -1.84995e-02
 MIGRAD MINIMIZATION HAS CONVERGED.
 MIGRAD WILL VERIFY CONVERGENCE AND ERROR MATRIX.
 COVARIANCE MATRIX CALCULATED SUCCESSFULLY
 FCN=0.0210202 FROM HESSE     STATUS=OK             16 CALLS          58 TOTAL
                     EDM=0.000173219    STRATEGY= 1      ERROR MATRIX ACCURATE 
  EXT PARAMETER                                   STEP         FIRST   
  NO.   NAME      VALUE            ERROR          SIZE      DERIVATIVE 
   1  A_CBO        3.10503e-03   4.37218e-02   2.10426e-05   8.48232e-04
   2  w_CBO        2.32712e+00   2.73788e-01   4.89307e-05   3.20070e-02
   3  phi_CBO      2.59689e+00   4.20569e+00   2.24664e-03   2.25149e-04
 MIGRAD MINIMIZATION HAS CONVERGED.
 FCN=0.0208568 FROM MIGRAD    STATUS=CONVERGED      74 CALLS          75 TOTAL
                     EDM=1.94898e-06    STRATEGY= 1  ERROR MATRIX UNCERTAINTY   2.7 per cent
  EXT PARAMETER                                   STEP         FIRST   
  NO.   NAME      VALUE            ERROR          SIZE      DERIVATIVE 
   1  A_CBO        3.14287e-03   4.20018e-02  -6.76460e-05  -9.71525e-03
   2  w_CBO        2.32390e+00   2.52306e-01  -8.89827e-06   1.35925e-03
   3  phi_CBO      1.62754e+00   5.28224e+00  -1.47787e-02   6.77663e-05
 EXTERNAL ERROR MATRIX.    NDIM=  25    NPAR=  3    ERR DEF=1
  1.764e-03  9.545e-04  2.781e-01 
  9.545e-04  7.101e-02  2.086e+01 
  2.781e-01  2.086e+01  6.306e+03 
 PARAMETER  CORRELATION COEFFICIENTS  
       NO.  GLOBAL      1      2      3
        1  0.08538   1.000  0.085  0.083
        2  0.98582   0.085  1.000  0.986
        3  0.98581   0.083  0.986  1.000
setting A_CBO=0.003143 w_CBO=2.323899, phi_CBO=1.627537
done fitting cbo isolate
 **********
 **    1 **SET PRINTOUT            1
 **********
 **********
 **    2 **SET NOWARNINGS 
 **********
 PARAMETER DEFINITIONS:
    NO.   NAME         VALUE      STEP SIZE      LIMITS
     1 N0           3.41616e+06  1.00000e+02     no limits
     2 tau          6.43976e+01  constant
     3 A0           3.54950e-01  1.00000e-04     no limits
     4 phi          4.12292e+00  1.00000e-02     no limits
     5 R           -6.08295e+01  constant
     6 A_CBO        3.14287e-03  1.00000e-05     no limits
     7 w_CBO        2.32390e+00  1.00000e-03     no limits
     8 phi_CBO      1.62754e+00  1.00000e-04     no limits
     9 ANx2         2.24467e-04  constant
    10 pNx2         2.31915e+00  constant
    11 ANy1         0.00000e+00  constant
    12 pNy1         0.00000e+00  constant
    13 w_y          0.00000e+00  constant
    14 ANy2         1.49899e-02  1.00000e-04     no limits
    15 pNy2         4.64502e+00  constant
    16 w_vw         1.43138e+01  constant
    17 LM          -1.76320e-04  constant
    18 wCBO_expCoeff   2.00000e+02  1.00000e+00     no limits
    19 wCBO_expOffset   2.00000e+02  1.00000e+00     no limits
    20 wCBO_expT    3.00000e+01  1.00000e+00     no limits
    21 wCBO_linCoeff   0.00000e+00  constant
    22 wCBO_const   0.00000e+00  1.00000e-02     no limits
MINUIT - FIT ONLY WIGGLE
 **********
 **    3 **FIX            5
 **********
 PARAMETER    5  IS CONSTANT.   IGNORED.
 **********
 **    4 **FIX            6
 **********
 **********
 **    5 **FIX            7
 **********
 **********
 **    6 **FIX            8
 **********
 **********
 **    7 **FIX            9
 **********
 PARAMETER    9  IS CONSTANT.   IGNORED.
 **********
 **    8 **FIX           10
 **********
 PARAMETER   10  IS CONSTANT.   IGNORED.
 **********
 **    9 **FIX           11
 **********
 PARAMETER   11  IS CONSTANT.   IGNORED.
 **********
 **   10 **FIX           12
 **********
 PARAMETER   12  IS CONSTANT.   IGNORED.
 **********
 **   11 **FIX           13
 **********
 PARAMETER   13  IS CONSTANT.   IGNORED.
 **********
 **   12 **FIX           14
 **********
 **********
 **   13 **FIX           15
 **********
 PARAMETER   15  IS CONSTANT.   IGNORED.
 **********
 **   14 **FIX           16
 **********
 PARAMETER   16  IS CONSTANT.   IGNORED.
 **********
 **   15 **MIGRAD
 **********
 FIRST CALL TO USER FUNCTION AT NEW START POINT, WITH IFLAG=4.
 START MIGRAD MINIMIZATION.  STRATEGY  1.  CONVERGENCE WHEN EDM .LT. 1.00e-04
 FCN=4139.14 FROM MIGRAD    STATUS=INITIATE       34 CALLS          35 TOTAL
                     EDM= unknown      STRATEGY= 1      NO ERROR MATRIX       
  EXT PARAMETER               CURRENT GUESS       STEP         FIRST   
  NO.   NAME      VALUE            ERROR          SIZE      DERIVATIVE 
   1  N0           3.41616e+06   1.00000e+02   1.00000e+02   2.64726e-03
   2  tau          6.43976e+01   constant   
   3  A0           3.54950e-01   1.00000e-04   1.00000e-04  -4.82867e+03
   4  phi          4.12292e+00   1.00000e-02   1.00000e-02  -6.35505e+02
   5  R           -6.08295e+01   constant   
   6  A_CBO        3.14287e-03     fixed    
   7  w_CBO        2.32390e+00     fixed    
   8  phi_CBO      1.62754e+00     fixed    
   9  ANx2         2.24467e-04   constant   
  10  pNx2         2.31915e+00   constant   
  11  ANy1         0.00000e+00   constant   
  12  pNy1         0.00000e+00   constant   
  13  w_y          0.00000e+00   constant   
  14  ANy2         1.49899e-02     fixed    
  15  pNy2         4.64502e+00   constant   
  16  w_vw         1.43138e+01   constant   
  17  LM          -1.76320e-04   constant   
  18  wCBO_expCoeff   2.00000e+02   1.00000e+00   1.00000e+00   6.48440e+03
  19  wCBO_expOffset   2.00000e+02   1.00000e+00   1.00000e+00   4.15347e+04
  20  wCBO_expT    3.00000e+01   1.00000e+00   1.00000e+00   2.08163e+04
  21  wCBO_linCoeff   0.00000e+00   constant   
  22  wCBO_const   0.00000e+00   1.00000e-02   1.00000e-02   7.54691e+03
 MIGRAD FAILS TO FIND IMPROVEMENT
 FCN=4087.13 FROM HESSE     STATUS=NOT POSDEF     50 CALLS         125 TOTAL
                     EDM=2.42148e+08    STRATEGY= 1      ERR MATRIX NOT POS-DEF
  EXT PARAMETER                APPROXIMATE        STEP         FIRST   
  NO.   NAME      VALUE            ERROR          SIZE      DERIVATIVE 
   1  N0           3.41568e+06   1.13556e-05   1.88864e+01   2.12971e-03
   2  tau          6.43976e+01   constant   
   3  A0           3.55086e-01   2.55891e-05   7.41733e-06   8.08887e+03
   4  phi          4.12307e+00   3.78386e-05   2.17308e-05   1.89490e+02
   5  R           -6.08295e+01   constant   
   6  A_CBO        3.14287e-03     fixed    
   7  w_CBO        2.32390e+00     fixed    
   8  phi_CBO      1.62754e+00     fixed    
   9  ANx2         2.24467e-04   constant   
  10  pNx2         2.31915e+00   constant   
  11  ANy1         0.00000e+00   constant   
  12  pNy1         0.00000e+00   constant   
  13  w_y          0.00000e+00   constant   
  14  ANy2         1.49899e-02     fixed    
  15  pNy2         4.64502e+00   constant   
  16  w_vw         1.43138e+01   constant   
  17  LM          -1.76320e-04   constant   
  18  wCBO_expCoeff   1.99982e+02   1.12427e-04   9.53588e-05   7.52885e+03
  19  wCBO_expOffset   1.99997e+02   6.21213e-01   9.53661e-05   5.01050e+04
  20  wCBO_expT    2.99993e+01   3.85592e-05   1.43048e-05   7.13407e+04
  21  wCBO_linCoeff   0.00000e+00   constant   
  22  wCBO_const  -6.56319e-04   7.51991e-05   9.10277e-06   2.10738e+04
 MIGRAD FAILS TO FIND IMPROVEMENT
 MIGRAD TERMINATED WITHOUT CONVERGENCE.
 FCN=4087.13 FROM MIGRAD    STATUS=FAILED        135 CALLS         136 TOTAL
                     EDM=2.42148e+08    STRATEGY= 1      ERR MATRIX NOT POS-DEF
  EXT PARAMETER                APPROXIMATE        STEP         FIRST   
  NO.   NAME      VALUE            ERROR          SIZE      DERIVATIVE 
   1  N0           3.41568e+06   1.13556e-05   0.00000e+00   2.12971e-03
   2  tau          6.43976e+01   constant   
   3  A0           3.55086e-01   2.55891e-05   0.00000e+00   8.08887e+03
   4  phi          4.12307e+00   3.78386e-05  -0.00000e+00   1.89490e+02
   5  R           -6.08295e+01   constant   
   6  A_CBO        3.14287e-03     fixed    
   7  w_CBO        2.32390e+00     fixed    
   8  phi_CBO      1.62754e+00     fixed    
   9  ANx2         2.24467e-04   constant   
  10  pNx2         2.31915e+00   constant   
  11  ANy1         0.00000e+00   constant   
  12  pNy1         0.00000e+00   constant   
  13  w_y          0.00000e+00   constant   
  14  ANy2         1.49899e-02     fixed    
  15  pNy2         4.64502e+00   constant   
  16  w_vw         1.43138e+01   constant   
  17  LM          -1.76320e-04   constant   
  18  wCBO_expCoeff   1.99982e+02   1.12427e-04  -0.00000e+00   7.52885e+03
  19  wCBO_expOffset   1.99997e+02   6.21213e-01  -0.00000e+00   5.01050e+04
  20  wCBO_expT    2.99993e+01   3.85592e-05   0.00000e+00   7.13407e+04
  21  wCBO_linCoeff   0.00000e+00   constant   
  22  wCBO_const  -6.56319e-04   7.51991e-05   0.00000e+00   2.10738e+04
 EXTERNAL ERROR MATRIX.    NDIM=  25    NPAR=  7    ERR DEF=1
  1.289e-10  1.366e-15 -1.993e-15 -6.055e-15 -3.364e-11  2.080e-15  4.062e-15 
  1.366e-15  6.548e-10 -9.286e-10 -2.821e-09 -1.567e-05  9.690e-10  1.892e-09 
 -1.993e-15 -9.286e-10  1.432e-09  4.117e-09  2.287e-05 -1.414e-09 -2.762e-09 
 -6.055e-15 -2.821e-09  4.117e-09  1.264e-08  6.948e-05 -4.297e-09 -8.391e-09 
 -3.364e-11 -1.567e-05  2.287e-05  6.948e-05  3.859e-01 -2.387e-05 -4.661e-05 
  2.080e-15  9.690e-10 -1.414e-09 -4.297e-09 -2.387e-05  1.487e-09  2.882e-09 
  4.062e-15  1.892e-09 -2.762e-09 -8.391e-09 -4.661e-05  2.882e-09  5.655e-09 
ERR MATRIX NOT POS-DEF
 PARAMETER  CORRELATION COEFFICIENTS  
       NO.  GLOBAL      1      3      4     18     19     20     22
        1  0.00000   1.000  0.000 -0.000 -0.000 -0.000  0.000  0.000
        3  0.98568   0.000  1.000 -0.959 -0.981 -0.986  0.982  0.983
        4  0.97299  -0.000 -0.959  1.000  0.968  0.973 -0.969 -0.971
       18  0.99477  -0.000 -0.981  0.968  1.000  0.995 -0.991 -0.992
       19  0.99900  -0.000 -0.986  0.973  0.995  1.000 -0.996 -0.998
       20  0.99638   0.000  0.982 -0.969 -0.991 -0.996  1.000  0.994
       22  0.99769   0.000  0.983 -0.971 -0.992 -0.998  0.994  1.000
 ERR MATRIX NOT POS-DEF
MINUIT - FIT ONLY 1-CBO + other amplitudes 
 **********
 **   16 **RES 
 **********
                   PARAMETER   14  ANy2 RESTORED TO VARIABLE.
                   PARAMETER    8  phi_CBO RESTORED TO VARIABLE.
                   PARAMETER    7  w_CBO RESTORED TO VARIABLE.
                   PARAMETER    6  A_CBO RESTORED TO VARIABLE.
 **********
 **   17 **FIX            0
 **********
 PARAMETER    0  IS UNDEFINED. IGNORED.
 **********
 **   18 **FIX            1
 **********
 **********
 **   19 **FIX            2
 **********
 PARAMETER    2  IS CONSTANT.   IGNORED.
 **********
 **   20 **FIX            3
 **********
 **********
 **   21 **FIX            4
 **********
 **********
 **   22 **FIX            9
 **********
 PARAMETER    9  IS CONSTANT.   IGNORED.
 **********
 **   23 **FIX           11
 **********
 PARAMETER   11  IS CONSTANT.   IGNORED.
 **********
 **   24 **FIX           12
 **********
 PARAMETER   12  IS CONSTANT.   IGNORED.
 **********
 **   25 **FIX           14
 **********
 **********
 **   26 **FIX           15
 **********
 PARAMETER   15  IS CONSTANT.   IGNORED.
 **********
 **   27 **FIX           16
 **********
 PARAMETER   16  IS CONSTANT.   IGNORED.
 **********
 **   28 **MIGRAD
 **********
 START MIGRAD MINIMIZATION.  STRATEGY  1.  CONVERGENCE WHEN EDM .LT. 1.00e-04
 FCN=4057.5 FROM MIGRAD    STATUS=INITIATE       48 CALLS         184 TOTAL
                     EDM= unknown      STRATEGY= 1      NO ERROR MATRIX       
  EXT PARAMETER               CURRENT GUESS       STEP         FIRST   
  NO.   NAME      VALUE            ERROR          SIZE      DERIVATIVE 
   1  N0           3.41568e+06     fixed    
   2  tau          6.43976e+01   constant   
   3  A0           3.55086e-01     fixed    
   4  phi          4.12307e+00     fixed    
   5  R           -6.08295e+01   constant   
   6  A_CBO        3.14287e-03   1.00000e-05   0.00000e+00   6.90466e+04
   7  w_CBO        2.32379e+00   1.00000e-03  -1.09687e-04   6.21250e+03
   8  phi_CBO      1.62754e+00   1.00000e-04   0.00000e+00   3.47413e+01
   9  ANx2         2.24467e-04   constant   
  10  pNx2         2.31915e+00   constant   
  11  ANy1         0.00000e+00   constant   
  12  pNy1         0.00000e+00   constant   
  13  w_y          0.00000e+00   constant   
  14  ANy2         1.49899e-02     fixed    
  15  pNy2         4.64502e+00   constant   
  16  w_vw         1.43138e+01   constant   
  17  LM          -1.76320e-04   constant   
  18  wCBO_expCoeff   1.99982e+02   1.12427e-04   0.00000e+00   2.09834e+02
  19  wCBO_expOffset   1.99997e+02   6.21213e-01   0.00000e+00   1.33020e+03
  20  wCBO_expT    2.99993e+01   3.85592e-05   0.00000e+00  -2.74986e+04
  21  wCBO_linCoeff   0.00000e+00   constant   
  22  wCBO_const  -6.56319e-04   7.51991e-05   0.00000e+00  -2.75284e+04
 MIGRAD MINIMIZATION HAS CONVERGED.
 MIGRAD WILL VERIFY CONVERGENCE AND ERROR MATRIX.
 FCN=3959.51 FROM MIGRAD    STATUS=CONVERGED     382 CALLS         518 TOTAL
                     EDM=1.88771e-06    STRATEGY= 1      ERR MATRIX NOT POS-DEF
  EXT PARAMETER                APPROXIMATE        STEP         FIRST   
  NO.   NAME      VALUE            ERROR          SIZE      DERIVATIVE 
   1  N0           3.41568e+06     fixed    
   2  tau          6.43976e+01   constant   
   3  A0           3.55086e-01     fixed    
   4  phi          4.12307e+00     fixed    
   5  R           -6.08295e+01   constant   
   6  A_CBO        1.66922e-03   2.65295e-04   7.70592e-06   6.28655e+00
   7  w_CBO        2.32374e+00   1.13340e-04   1.10804e-06   4.22432e+01
   8  phi_CBO      2.96232e+00   8.22382e-01   4.65520e-03  -3.41011e-03
   9  ANx2         2.24467e-04   constant   
  10  pNx2         2.31915e+00   constant   
  11  ANy1         0.00000e+00   constant   
  12  pNy1         0.00000e+00   constant   
  13  w_y          0.00000e+00   constant   
  14  ANy2         1.49899e-02     fixed    
  15  pNy2         4.64502e+00   constant   
  16  w_vw         1.43138e+01   constant   
  17  LM          -1.76320e-04   constant   
  18  wCBO_expCoeff   1.99973e+02   9.87575e-03   9.53547e-05   4.85861e-01
  19  wCBO_expOffset   1.99996e+02   1.88764e-03   9.53656e-05   3.27745e+00
  20  wCBO_expT    3.00014e+01   9.61356e-04   1.43058e-05   3.51868e+00
  21  wCBO_linCoeff   0.00000e+00   constant   
  22  wCBO_const   1.70155e-03   9.65819e-04   7.67037e-06   8.93844e-01
 EXTERNAL ERROR MATRIX.    NDIM=  25    NPAR=  7    ERR DEF=1
  7.038e-08  5.690e-09  2.191e-05  5.114e-07 -1.681e-07  2.257e-08  1.668e-08 
  5.690e-09  1.285e-08  1.268e-05 -3.034e-07 -1.172e-07  2.175e-09  7.748e-09 
  2.191e-05  1.268e-05  6.763e-01  1.085e-03 -4.747e-04  4.271e-04  5.175e-04 
  5.114e-07 -3.034e-07  1.085e-03  9.753e-05 -1.046e-05  2.268e-07  1.214e-06 
 -1.681e-07 -1.172e-07 -4.747e-04 -1.046e-05  3.563e-06 -6.926e-07 -1.051e-07 
  2.257e-08  2.175e-09  4.271e-04  2.268e-07 -6.926e-07  9.242e-07 -1.528e-07 
  1.668e-08  7.748e-09  5.175e-04  1.214e-06 -1.051e-07 -1.528e-07  9.328e-07 
ERR MATRIX NOT POS-DEF
 PARAMETER  CORRELATION COEFFICIENTS  
       NO.  GLOBAL      6      7      8     18     19     20     22
        6  0.34203   1.000  0.189  0.100  0.195 -0.336  0.088  0.065
        7  0.99336   0.189  1.000  0.136 -0.271 -0.548  0.020  0.071
        8  0.98307   0.100  0.136  1.000  0.134 -0.306  0.540  0.652
       18  0.99327   0.195 -0.271  0.134  1.000 -0.561  0.024  0.127
       19  0.99586  -0.336 -0.548 -0.306 -0.561  1.000 -0.382 -0.058
       20  0.99031   0.088  0.020  0.540  0.024 -0.382  1.000 -0.165
       22  0.96639   0.065  0.071  0.652  0.127 -0.058 -0.165  1.000
 ERR MATRIX NOT POS-DEF
MINUIT - FIT ONLY 1-CBO
 **********
 **   29 **RES 
 **********
                   PARAMETER   14  ANy2 RESTORED TO VARIABLE.
                   PARAMETER    4  phi RESTORED TO VARIABLE.
                   PARAMETER    3  A0 RESTORED TO VARIABLE.
                   PARAMETER    1  N0 RESTORED TO VARIABLE.
 **********
 **   30 **FIX            0
 **********
 PARAMETER    0  IS UNDEFINED. IGNORED.
 **********
 **   31 **FIX            1
 **********
 **********
 **   32 **FIX            2
 **********
 PARAMETER    2  IS CONSTANT.   IGNORED.
 **********
 **   33 **FIX            3
 **********
 **********
 **   34 **FIX            4
 **********
 **********
 **   35 **FIX            8
 **********
 **********
 **   36 **FIX            9
 **********
 PARAMETER    9  IS CONSTANT.   IGNORED.
 **********
 **   37 **FIX           11
 **********
 PARAMETER   11  IS CONSTANT.   IGNORED.
 **********
 **   38 **FIX           12
 **********
 PARAMETER   12  IS CONSTANT.   IGNORED.
 **********
 **   39 **FIX           13
 **********
 PARAMETER   13  IS CONSTANT.   IGNORED.
 **********
 **   40 **FIX           15
 **********
 PARAMETER   15  IS CONSTANT.   IGNORED.
 **********
 **   41 **FIX           16
 **********
 PARAMETER   16  IS CONSTANT.   IGNORED.
 **********
 **   42 **MIGRAD
 **********
 START MIGRAD MINIMIZATION.  STRATEGY  1.  CONVERGENCE WHEN EDM .LT. 1.00e-04
 FCN=3959.51 FROM MIGRAD    STATUS=INITIATE       16 CALLS         534 TOTAL
                     EDM= unknown      STRATEGY= 1      NO ERROR MATRIX       
  EXT PARAMETER               CURRENT GUESS       STEP         FIRST   
  NO.   NAME      VALUE            ERROR          SIZE      DERIVATIVE 
   1  N0           3.41568e+06     fixed    
   2  tau          6.43976e+01   constant   
   3  A0           3.55086e-01     fixed    
   4  phi          4.12307e+00     fixed    
   5  R           -6.08295e+01   constant   
   6  A_CBO        1.66922e-03   2.65295e-04   7.70592e-06   6.28654e+00
   7  w_CBO        2.32374e+00   1.13340e-04   1.10804e-06   4.43179e+01
   8  phi_CBO      2.96232e+00     fixed    
   9  ANx2         2.24467e-04   constant   
  10  pNx2         2.31915e+00   constant   
  11  ANy1         0.00000e+00   constant   
  12  pNy1         0.00000e+00   constant   
  13  w_y          0.00000e+00   constant   
  14  ANy2         1.49899e-02   1.00000e-04   1.00000e-04   4.64134e+05
  15  pNy2         4.64502e+00   constant   
  16  w_vw         1.43138e+01   constant   
  17  LM          -1.76320e-04   constant   
  18  wCBO_expCoeff   1.99973e+02   9.87575e-03   9.53547e-05   5.08351e-01
  19  wCBO_expOffset   1.99996e+02   1.88764e-03   9.53656e-05   1.20537e+01
  20  wCBO_expT    3.00014e+01   9.61356e-04   1.43058e-05   3.98469e+00
  21  wCBO_linCoeff   0.00000e+00   constant   
  22  wCBO_const   1.70155e-03   9.65819e-04   7.67037e-06   9.06652e-01
 MIGRAD MINIMIZATION HAS CONVERGED.
 MIGRAD WILL VERIFY CONVERGENCE AND ERROR MATRIX.
 FCN=508.865 FROM MIGRAD    STATUS=CONVERGED     278 CALLS         796 TOTAL
                     EDM=2.49037e-07    STRATEGY= 1      ERR MATRIX NOT POS-DEF
  EXT PARAMETER                APPROXIMATE        STEP         FIRST   
  NO.   NAME      VALUE            ERROR          SIZE      DERIVATIVE 
   1  N0           3.41568e+06     fixed    
   2  tau          6.43976e+01   constant   
   3  A0           3.55086e-01     fixed    
   4  phi          4.12307e+00     fixed    
   5  R           -6.08295e+01   constant   
   6  A_CBO        1.65082e-04   2.57496e-04   2.74529e-06   9.08639e-01
   7  w_CBO        2.32371e+00   3.96942e-04   1.10803e-06  -9.89937e+00
   8  phi_CBO      2.96232e+00     fixed    
   9  ANx2         2.24467e-04   constant   
  10  pNx2         2.31915e+00   constant   
  11  ANy1         0.00000e+00   constant   
  12  pNy1         0.00000e+00   constant   
  13  w_y          0.00000e+00   constant   
  14  ANy2         1.20037e-04   2.52187e-04   2.77669e-06  -1.18462e+00
  15  pNy2         4.64502e+00   constant   
  16  w_vw         1.43138e+01   constant   
  17  LM          -1.76320e-04   constant   
  18  wCBO_expCoeff   1.99971e+02   3.44095e-02   9.53538e-05  -1.16101e-01
  19  wCBO_expOffset   1.99996e+02   3.37476e-03   9.53655e-05  -7.51246e-01
  20  wCBO_expT    3.00033e+01   1.44250e-03   1.43067e-05  -2.46754e-01
  21  wCBO_linCoeff   0.00000e+00   constant   
  22  wCBO_const  -2.11441e-05   1.03510e-03   6.23444e-06   2.13319e-01
 EXTERNAL ERROR MATRIX.    NDIM=  25    NPAR=  7    ERR DEF=1
  6.630e-08  4.732e-09  5.893e-09  4.373e-07 -9.446e-08 -6.960e-08  3.860e-08 
  4.732e-09  1.576e-07  5.051e-10 -1.048e-05 -4.170e-07 -5.435e-08 -4.521e-08 
  5.893e-09  5.051e-10  6.360e-08  4.769e-08 -1.353e-08 -4.154e-09  2.710e-09 
  4.373e-07 -1.048e-05  4.769e-08  1.184e-03 -3.839e-05 -4.714e-06  6.366e-06 
 -9.446e-08 -4.170e-07 -1.353e-08 -3.839e-05  1.139e-05 -8.636e-08  1.629e-07 
 -6.960e-08 -5.435e-08 -4.154e-09 -4.714e-06 -8.636e-08  2.081e-06 -1.070e-06 
  3.860e-08 -4.521e-08  2.710e-09  6.366e-06  1.629e-07 -1.070e-06  1.071e-06 
ERR MATRIX NOT POS-DEF
 PARAMETER  CORRELATION COEFFICIENTS  
       NO.  GLOBAL      6      7     14     18     19     20     22
        6  0.26506   1.000  0.046  0.091  0.049 -0.109 -0.187  0.145
        7  0.99618   0.046  1.000  0.005 -0.768 -0.311 -0.095 -0.110
       14  0.09156   0.091  0.005  1.000  0.005 -0.016 -0.011  0.010
       18  0.99611   0.049 -0.768  0.005  1.000 -0.331 -0.095  0.179
       19  0.99082  -0.109 -0.311 -0.016 -0.331  1.000 -0.018  0.047
       20  0.95658  -0.187 -0.095 -0.011 -0.095 -0.018  1.000 -0.717
       22  0.83863   0.145 -0.110  0.010  0.179  0.047 -0.717  1.000
 ERR MATRIX NOT POS-DEF
MINUIT - FIT ONLY 2-CBO
 **********
 **   43 **RES 
 **********
                   PARAMETER    8  phi_CBO RESTORED TO VARIABLE.
                   PARAMETER    4  phi RESTORED TO VARIABLE.
                   PARAMETER    3  A0 RESTORED TO VARIABLE.
                   PARAMETER    1  N0 RESTORED TO VARIABLE.
 **********
 **   44 **FIX            0
 **********
 PARAMETER    0  IS UNDEFINED. IGNORED.
 **********
 **   45 **FIX            1
 **********
 **********
 **   46 **FIX            2
 **********
 PARAMETER    2  IS CONSTANT.   IGNORED.
 **********
 **   47 **FIX            3
 **********
 **********
 **   48 **FIX            4
 **********
 **********
 **   49 **FIX            5
 **********
 PARAMETER    5  IS CONSTANT.   IGNORED.
 **********
 **   50 **FIX            6
 **********
 **********
 **   51 **FIX            7
 **********
 **********
 **   52 **FIX           10
 **********
 PARAMETER   10  IS CONSTANT.   IGNORED.
 **********
 **   53 **FIX           11
 **********
 PARAMETER   11  IS CONSTANT.   IGNORED.
 **********
 **   54 **FIX           12
 **********
 PARAMETER   12  IS CONSTANT.   IGNORED.
 **********
 **   55 **FIX           13
 **********
 PARAMETER   13  IS CONSTANT.   IGNORED.
 **********
 **   56 **FIX           14
 **********
 **********
 **   57 **FIX           15
 **********
 PARAMETER   15  IS CONSTANT.   IGNORED.
 **********
 **   58 **FIX           16
 **********
 PARAMETER   16  IS CONSTANT.   IGNORED.
 **********
 **   59 **MIGRAD
 **********
 START MIGRAD MINIMIZATION.  STRATEGY  1.  CONVERGENCE WHEN EDM .LT. 1.00e-04
 FCN=508.865 FROM MIGRAD    STATUS=INITIATE       12 CALLS         808 TOTAL
                     EDM= unknown      STRATEGY= 1      NO ERROR MATRIX       
  EXT PARAMETER               CURRENT GUESS       STEP         FIRST   
  NO.   NAME      VALUE            ERROR          SIZE      DERIVATIVE 
   1  N0           3.41568e+06     fixed    
   2  tau          6.43976e+01   constant   
   3  A0           3.55086e-01     fixed    
   4  phi          4.12307e+00     fixed    
   5  R           -6.08295e+01   constant   
   6  A_CBO        1.65082e-04     fixed    
   7  w_CBO        2.32371e+00     fixed    
   8  phi_CBO      2.96232e+00   8.22382e-01   8.22382e-01  -2.03717e-01
   9  ANx2         2.24467e-04   constant   
  10  pNx2         2.31915e+00   constant   
  11  ANy1         0.00000e+00   constant   
  12  pNy1         0.00000e+00   constant   
  13  w_y          0.00000e+00   constant   
  14  ANy2         1.20037e-04     fixed    
  15  pNy2         4.64502e+00   constant   
  16  w_vw         1.43138e+01   constant   
  17  LM          -1.76320e-04   constant   
  18  wCBO_expCoeff   1.99971e+02   3.44095e-02   9.53538e-05  -1.08390e-01
  19  wCBO_expOffset   1.99996e+02   3.37476e-03   9.53655e-05   1.51310e+00
  20  wCBO_expT    3.00033e+01   1.44250e-03   1.43067e-05  -3.00106e-01
  21  wCBO_linCoeff   0.00000e+00   constant   
  22  wCBO_const  -2.11441e-05   1.03510e-03   6.23444e-06   2.10973e-01
 MIGRAD MINIMIZATION HAS CONVERGED.
 MIGRAD WILL VERIFY CONVERGENCE AND ERROR MATRIX.
 COVARIANCE MATRIX CALCULATED SUCCESSFULLY
 FCN=508.839 FROM MIGRAD    STATUS=CONVERGED      68 CALLS         864 TOTAL
                     EDM=2.90161e-05    STRATEGY= 1      ERROR MATRIX ACCURATE 
  EXT PARAMETER                                   STEP         FIRST   
  NO.   NAME      VALUE            ERROR          SIZE      DERIVATIVE 
   1  N0           3.41568e+06     fixed    
   2  tau          6.43976e+01   constant   
   3  A0           3.55086e-01     fixed    
   4  phi          4.12307e+00     fixed    
   5  R           -6.08295e+01   constant   
   6  A_CBO        1.65082e-04     fixed    
   7  w_CBO        2.32371e+00     fixed    
   8  phi_CBO      3.22274e+00   1.59823e+00   1.68889e-02   1.03340e-03
   9  ANx2         2.24467e-04   constant   
  10  pNx2         2.31915e+00   constant   
  11  ANy1         0.00000e+00   constant   
  12  pNy1         0.00000e+00   constant   
  13  w_y          0.00000e+00   constant   
  14  ANy2         1.20037e-04     fixed    
  15  pNy2         4.64502e+00   constant   
  16  w_vw         1.43138e+01   constant   
  17  LM          -1.76320e-04   constant   
  18  wCBO_expCoeff   1.99971e+02   2.11221e-02   9.53538e-05  -6.09703e-01
  19  wCBO_expOffset   1.99996e+02   3.00869e-03   9.53655e-05  -4.06141e+00
  20  wCBO_expT    3.00033e+01   1.46386e-03   1.43067e-05   2.60953e+00
  21  wCBO_linCoeff   0.00000e+00   constant   
  22  wCBO_const  -1.53923e-05   1.04606e-03   6.21745e-06   1.80756e+00
 EXTERNAL ERROR MATRIX.    NDIM=  25    NPAR=  5    ERR DEF=1
  2.554e+00  1.372e-03 -8.396e-05  6.091e-05  3.946e-05 
  1.372e-03  4.461e-04 -5.877e-05 -9.578e-06  3.831e-06 
 -8.396e-05 -5.877e-05  9.052e-06 -1.189e-07  1.849e-08 
  6.091e-05 -9.578e-06 -1.189e-07  2.143e-06 -1.134e-06 
  3.946e-05  3.831e-06  1.849e-08 -1.134e-06  1.094e-06 
 PARAMETER  CORRELATION COEFFICIENTS  
       NO.  GLOBAL      8     18     19     20     22
        8  0.27648   1.000  0.041 -0.017  0.026  0.024
       18  0.98975   0.041  1.000 -0.925 -0.310  0.173
       19  0.98855  -0.017 -0.925  1.000 -0.027  0.006
       20  0.95840   0.026 -0.310 -0.027  1.000 -0.741
       22  0.84225   0.024  0.173  0.006 -0.741  1.000
MINUIT - FIT ONLY 1-y
 **********
 **   60 **RES 
 **********
                   PARAMETER   14  ANy2 RESTORED TO VARIABLE.
                   PARAMETER    7  w_CBO RESTORED TO VARIABLE.
                   PARAMETER    6  A_CBO RESTORED TO VARIABLE.
                   PARAMETER    4  phi RESTORED TO VARIABLE.
                   PARAMETER    3  A0 RESTORED TO VARIABLE.
                   PARAMETER    1  N0 RESTORED TO VARIABLE.
 **********
 **   61 **FIX            0
 **********
 PARAMETER    0  IS UNDEFINED. IGNORED.
 **********
 **   62 **FIX            1
 **********
 **********
 **   63 **FIX            2
 **********
 PARAMETER    2  IS CONSTANT.   IGNORED.
 **********
 **   64 **FIX            3
 **********
 **********
 **   65 **FIX            4
 **********
 **********
 **   66 **FIX            5
 **********
 PARAMETER    5  IS CONSTANT.   IGNORED.
 **********
 **   67 **FIX            6
 **********
 **********
 **   68 **FIX            7
 **********
 **********
 **   69 **FIX            8
 **********
 **********
 **   70 **FIX            9
 **********
 PARAMETER    9  IS CONSTANT.   IGNORED.
 **********
 **   71 **FIX           13
 **********
 PARAMETER   13  IS CONSTANT.   IGNORED.
 **********
 **   72 **FIX           14
 **********
 **********
 **   73 **FIX           15
 **********
 PARAMETER   15  IS CONSTANT.   IGNORED.
 **********
 **   74 **FIX           16
 **********
 PARAMETER   16  IS CONSTANT.   IGNORED.
 **********
 **   75 **MIGRAD
 **********
 START MIGRAD MINIMIZATION.  STRATEGY  1.  CONVERGENCE WHEN EDM .LT. 1.00e-04
 FCN=508.839 FROM MIGRAD    STATUS=INITIATE        8 CALLS         872 TOTAL
                     EDM= unknown      STRATEGY= 1      NO ERROR MATRIX       
  EXT PARAMETER               CURRENT GUESS       STEP         FIRST   
  NO.   NAME      VALUE            ERROR          SIZE      DERIVATIVE 
   1  N0           3.41568e+06     fixed    
   2  tau          6.43976e+01   constant   
   3  A0           3.55086e-01     fixed    
   4  phi          4.12307e+00     fixed    
   5  R           -6.08295e+01   constant   
   6  A_CBO        1.65082e-04     fixed    
   7  w_CBO        2.32371e+00     fixed    
   8  phi_CBO      3.22274e+00     fixed    
   9  ANx2         2.24467e-04   constant   
  10  pNx2         2.31915e+00   constant   
  11  ANy1         0.00000e+00   constant   
  12  pNy1         0.00000e+00   constant   
  13  w_y          0.00000e+00   constant   
  14  ANy2         1.20037e-04     fixed    
  15  pNy2         4.64502e+00   constant   
  16  w_vw         1.43138e+01   constant   
  17  LM          -1.76320e-04   constant   
  18  wCBO_expCoeff   1.99971e+02   2.11221e-02   9.53538e-05  -6.08408e-01
  19  wCBO_expOffset   1.99996e+02   3.00869e-03   9.53655e-05  -3.55942e+00
  20  wCBO_expT    3.00033e+01   1.46386e-03   1.43067e-05   2.54911e+00
  21  wCBO_linCoeff   0.00000e+00   constant   
  22  wCBO_const  -1.53923e-05   1.04606e-03   6.21745e-06   1.80422e+00
 MIGRAD MINIMIZATION HAS CONVERGED.
 MIGRAD WILL VERIFY CONVERGENCE AND ERROR MATRIX.
 COVARIANCE MATRIX CALCULATED SUCCESSFULLY
 FCN=508.839 FROM MIGRAD    STATUS=CONVERGED      55 CALLS         919 TOTAL
                     EDM=1.63217e-05    STRATEGY= 1      ERROR MATRIX ACCURATE 
  EXT PARAMETER                                   STEP         FIRST   
  NO.   NAME      VALUE            ERROR          SIZE      DERIVATIVE 
   1  N0           3.41568e+06     fixed    
   2  tau          6.43976e+01   constant   
   3  A0           3.55086e-01     fixed    
   4  phi          4.12307e+00     fixed    
   5  R           -6.08295e+01   constant   
   6  A_CBO        1.65082e-04     fixed    
   7  w_CBO        2.32371e+00     fixed    
   8  phi_CBO      3.22274e+00     fixed    
   9  ANx2         2.24467e-04   constant   
  10  pNx2         2.31915e+00   constant   
  11  ANy1         0.00000e+00   constant   
  12  pNy1         0.00000e+00   constant   
  13  w_y          0.00000e+00   constant   
  14  ANy2         1.20037e-04     fixed    
  15  pNy2         4.64502e+00   constant   
  16  w_vw         1.43138e+01   constant   
  17  LM          -1.76320e-04   constant   
  18  wCBO_expCoeff   1.99971e+02   2.08511e-02   9.53538e-05  -1.27680e-01
  19  wCBO_expOffset   1.99996e+02   2.96947e-03   9.53655e-05  -8.49095e-01
  20  wCBO_expT    3.00033e+01   1.46331e-03   1.43067e-05   1.67040e+00
  21  wCBO_linCoeff   0.00000e+00   constant   
  22  wCBO_const  -1.63720e-05   1.04553e-03   6.21719e-06  -2.72435e+00
 EXTERNAL ERROR MATRIX.    NDIM=  25    NPAR=  4    ERR DEF=1
  4.348e-04 -5.715e-05 -9.571e-06  3.791e-06 
 -5.715e-05  8.818e-06 -1.232e-07  2.249e-08 
 -9.571e-06 -1.232e-07  2.141e-06 -1.135e-06 
  3.791e-06  2.249e-08 -1.135e-06  1.093e-06 
 PARAMETER  CORRELATION COEFFICIENTS  
       NO.  GLOBAL     18     19     20     22
       18  0.98948   1.000 -0.923 -0.314  0.174
       19  0.98824  -0.923  1.000 -0.028  0.007
       20  0.95837  -0.314 -0.028  1.000 -0.742
       22  0.84209   0.174  0.007 -0.742  1.000
MINUIT - FIT ONLY 2-y
 **********
 **   76 **RES 
 **********
                   PARAMETER   14  ANy2 RESTORED TO VARIABLE.
                   PARAMETER    8  phi_CBO RESTORED TO VARIABLE.
                   PARAMETER    7  w_CBO RESTORED TO VARIABLE.
                   PARAMETER    6  A_CBO RESTORED TO VARIABLE.
                   PARAMETER    4  phi RESTORED TO VARIABLE.
                   PARAMETER    3  A0 RESTORED TO VARIABLE.
                   PARAMETER    1  N0 RESTORED TO VARIABLE.
 **********
 **   77 **FIX            0
 **********
 PARAMETER    0  IS UNDEFINED. IGNORED.
 **********
 **   78 **FIX            1
 **********
 **********
 **   79 **FIX            2
 **********
 PARAMETER    2  IS CONSTANT.   IGNORED.
 **********
 **   80 **FIX            3
 **********
 **********
 **   81 **FIX            4
 **********
 **********
 **   82 **FIX            5
 **********
 PARAMETER    5  IS CONSTANT.   IGNORED.
 **********
 **   83 **FIX            6
 **********
 **********
 **   84 **FIX            7
 **********
 **********
 **   85 **FIX            8
 **********
 **********
 **   86 **FIX            9
 **********
 PARAMETER    9  IS CONSTANT.   IGNORED.
 **********
 **   87 **FIX           10
 **********
 PARAMETER   10  IS CONSTANT.   IGNORED.
 **********
 **   88 **FIX           11
 **********
 PARAMETER   11  IS CONSTANT.   IGNORED.
 **********
 **   89 **FIX           12
 **********
 PARAMETER   12  IS CONSTANT.   IGNORED.
 **********
 **   90 **FIX           16
 **********
 PARAMETER   16  IS CONSTANT.   IGNORED.
 **********
 **   91 **MIGRAD
 **********
 START MIGRAD MINIMIZATION.  STRATEGY  1.  CONVERGENCE WHEN EDM .LT. 1.00e-04
 FCN=508.839 FROM MIGRAD    STATUS=INITIATE       10 CALLS         929 TOTAL
                     EDM= unknown      STRATEGY= 1      NO ERROR MATRIX       
  EXT PARAMETER               CURRENT GUESS       STEP         FIRST   
  NO.   NAME      VALUE            ERROR          SIZE      DERIVATIVE 
   1  N0           3.41568e+06     fixed    
   2  tau          6.43976e+01   constant   
   3  A0           3.55086e-01     fixed    
   4  phi          4.12307e+00     fixed    
   5  R           -6.08295e+01   constant   
   6  A_CBO        1.65082e-04     fixed    
   7  w_CBO        2.32371e+00     fixed    
   8  phi_CBO      3.22274e+00     fixed    
   9  ANx2         2.24467e-04   constant   
  10  pNx2         2.31915e+00   constant   
  11  ANy1         0.00000e+00   constant   
  12  pNy1         0.00000e+00   constant   
  13  w_y          0.00000e+00   constant   
  14  ANy2         1.20037e-04   2.52187e-04   2.52187e-04  -3.97939e+01
  15  pNy2         4.64502e+00   constant   
  16  w_vw         1.43138e+01   constant   
  17  LM          -1.76320e-04   constant   
  18  wCBO_expCoeff   1.99971e+02   2.08511e-02   9.53538e-05  -1.26595e-01
  19  wCBO_expOffset   1.99996e+02   2.96947e-03   9.53655e-05  -4.28552e-01
  20  wCBO_expT    3.00033e+01   1.46331e-03   1.43067e-05   1.60981e+00
  21  wCBO_linCoeff   0.00000e+00   constant   
  22  wCBO_const  -1.63720e-05   1.04553e-03   6.21719e-06  -2.72761e+00
 MIGRAD MINIMIZATION HAS CONVERGED.
 MIGRAD WILL VERIFY CONVERGENCE AND ERROR MATRIX.
 COVARIANCE MATRIX CALCULATED SUCCESSFULLY
 FCN=508.839 FROM MIGRAD    STATUS=CONVERGED      54 CALLS         973 TOTAL
                     EDM=1.3653e-05    STRATEGY= 1      ERROR MATRIX ACCURATE 
  EXT PARAMETER                                   STEP         FIRST   
  NO.   NAME      VALUE            ERROR          SIZE      DERIVATIVE 
   1  N0           3.41568e+06     fixed    
   2  tau          6.43976e+01   constant   
   3  A0           3.55086e-01     fixed    
   4  phi          4.12307e+00     fixed    
   5  R           -6.08295e+01   constant   
   6  A_CBO        1.65082e-04     fixed    
   7  w_CBO        2.32371e+00     fixed    
   8  phi_CBO      3.22274e+00     fixed    
   9  ANx2         2.24467e-04   constant   
  10  pNx2         2.31915e+00   constant   
  11  ANy1         0.00000e+00   constant   
  12  pNy1         0.00000e+00   constant   
  13  w_y          0.00000e+00   constant   
  14  ANy2         1.21299e-04   2.51867e-04   2.77662e-06   3.43937e-03
  15  pNy2         4.64502e+00   constant   
  16  w_vw         1.43138e+01   constant   
  17  LM          -1.76320e-04   constant   
  18  wCBO_expCoeff   1.99971e+02   2.07804e-02   9.53538e-05   1.74629e-01
  19  wCBO_expOffset   1.99996e+02   2.95862e-03   9.53655e-05   1.16568e+00
  20  wCBO_expT    3.00033e+01   1.46335e-03   1.43067e-05   4.18314e+00
  21  wCBO_linCoeff   0.00000e+00   constant   
  22  wCBO_const  -1.59383e-05   1.04559e-03   6.21707e-06  -3.58239e-01
 EXTERNAL ERROR MATRIX.    NDIM=  25    NPAR=  5    ERR DEF=1
  6.344e-08  2.675e-09 -4.319e-09  4.323e-09 -1.556e-09 
  2.675e-09  4.318e-04 -5.672e-05 -9.561e-06  3.787e-06 
 -4.319e-09 -5.672e-05  8.753e-06 -1.248e-07  2.318e-08 
  4.323e-09 -9.561e-06 -1.248e-07  2.141e-06 -1.135e-06 
 -1.556e-09  3.787e-06  2.318e-08 -1.135e-06  1.093e-06 
 PARAMETER  CORRELATION COEFFICIENTS  
       NO.  GLOBAL     14     18     19     20     22
       14  0.01391   1.000  0.001 -0.006  0.012 -0.006
       18  0.98941   0.001  1.000 -0.923 -0.314  0.174
       19  0.98815  -0.006 -0.923  1.000 -0.029  0.007
       20  0.95838   0.012 -0.314 -0.029  1.000 -0.742
       22  0.84210  -0.006  0.174  0.007 -0.742  1.000
MINUIT - FIT ALTOGETHER
 **********
 **   92 **RES 
 **********
                   PARAMETER    8  phi_CBO RESTORED TO VARIABLE.
                   PARAMETER    7  w_CBO RESTORED TO VARIABLE.
                   PARAMETER    6  A_CBO RESTORED TO VARIABLE.
                   PARAMETER    4  phi RESTORED TO VARIABLE.
                   PARAMETER    3  A0 RESTORED TO VARIABLE.
                   PARAMETER    1  N0 RESTORED TO VARIABLE.
 **********
 **   93 **MIGRAD
 **********
