 + ++++++++++++++++++++++++++++++++++++++++++++++++++++++++++++++++++++ +
 +                                                                      +
 +           You have chose to blind your fitting according to          +
 +                omega_ref * (1 + (R +/- deltaR) *10^{-6})             +
 +                                                                      +
 + ++++++++++++++++++++++++++++++++++++++++++++++++++++++++++++++++++++ +
In main()...
reading format from /gm2data/zkhechad/run45/envelope/formats/formatB_sBin_constraintOn.txt
pBinTau 	= 0  
pBinPhi 	= 0  
constraintau 	= 1 
includeMopTerm 	= 0    
constrainMop    = 0   
Parameters after format file: pBinTau 0 pBinPhi 0 constraintau 1 includeMopTerm 0 constrainMop 0 c_e_scale 0.000000 
reading cbo reference file (full fit) from /gm2data/zkhechad/cboTemplates/Run4CBOTemplates/fullFits/run4/sBin_constraintOn_cE0.0_seed0_run4_calo9.root
A_CBO 0.010173 w_CBO 2.326319 phi_CBO 6.016081 N0 2790757.947661 R -60.043540 tau 64.405209 
Reading cboRef file /gm2data/zkhechad/cboTemplates/Run4CBOTemplates//cboIsolate/run4_calo9.root
deltaT 25.919601
windowBins = 170
fitting sliding window 660 from bin 863 at 128.759600 to bin 1033 at 154.123600 (170 bins)

Reading data from /gm2data/cornell/histograms/aMethod/histogram_a_run4.root
fitting cbo isolate
 **********
 **    1 **SET PRINTOUT            1
 **********
 **********
 **    2 **SET NOWARNINGS 
 **********
 PARAMETER DEFINITIONS:
    NO.   NAME         VALUE      STEP SIZE      LIMITS
     1 A_CBO        1.01731e-02  1.00000e-05     no limits
     2 w_CBO        2.32632e+00  1.00000e-02    2.00000e+00  3.00000e+00
     3 phi_CBO      6.01608e+00  1.00000e-02    0.00000e+00  6.28319e+00
 **********
 **    3 **MIGRAD
 **********
 FIRST CALL TO USER FUNCTION AT NEW START POINT, WITH IFLAG=4.
 START MIGRAD MINIMIZATION.  STRATEGY  1.  CONVERGENCE WHEN EDM .LT. 1.00e-04
 FCN=0.0026696 FROM MIGRAD    STATUS=INITIATE       12 CALLS          13 TOTAL
                     EDM= unknown      STRATEGY= 1      NO ERROR MATRIX       
  EXT PARAMETER               CURRENT GUESS       STEP         FIRST   
  NO.   NAME      VALUE            ERROR          SIZE      DERIVATIVE 
   1  A_CBO        1.01731e-02   1.00000e-05   1.00000e-05   8.97556e-01
   2  w_CBO        2.32632e+00   1.00000e-02   2.13304e-02   9.97103e-03
   3  phi_CBO      6.01608e+00   1.00000e-02   7.88999e-03  -1.91641e-04
 MIGRAD MINIMIZATION HAS CONVERGED.
 MIGRAD WILL VERIFY CONVERGENCE AND ERROR MATRIX.
 FCN=0.00029554 FROM MIGRAD    STATUS=CONVERGED      41 CALLS          42 TOTAL
                     EDM=3.56214e-06    STRATEGY= 1      ERR MATRIX NOT POS-DEF
  EXT PARAMETER                APPROXIMATE        STEP         FIRST   
  NO.   NAME      VALUE            ERROR          SIZE      DERIVATIVE 
   1  A_CBO        4.87952e-03   1.09386e-01   5.30590e-05   1.49186e-05
   2  w_CBO        2.32619e+00   7.36924e-01   1.63845e-04  -7.76092e-03
   3  phi_CBO      6.03304e+00   5.51625e+00   9.07355e-03   1.42171e-04
 EXTERNAL ERROR MATRIX.    NDIM=  25    NPAR=  3    ERR DEF=1
  1.197e-02 -4.741e-02 -6.924e+00 
 -4.741e-02  6.138e+00  8.891e+02 
 -6.924e+00  8.891e+02  1.293e+05 
ERR MATRIX NOT POS-DEF
 PARAMETER  CORRELATION COEFFICIENTS  
       NO.  GLOBAL      1      2      3
        1  0.17646   1.000 -0.175 -0.176
        2  0.99802  -0.175  1.000  0.998
        3  0.99802  -0.176  0.998  1.000
 ERR MATRIX NOT POS-DEF
setting A_CBO=0.004880 w_CBO=2.326193, phi_CBO=6.033040
done fitting cbo isolate
 **********
 **    1 **SET PRINTOUT            1
 **********
 **********
 **    2 **SET NOWARNINGS 
 **********
 PARAMETER DEFINITIONS:
    NO.   NAME         VALUE      STEP SIZE      LIMITS
     1 N0           2.79076e+06  1.00000e+02     no limits
     2 tau          6.44052e+01  constant
     3 A0           3.51393e-01  1.00000e-04     no limits
     4 phi          4.11695e+00  1.00000e-02     no limits
     5 R           -6.00435e+01  constant
     6 A_CBO        4.87952e-03  1.00000e-05     no limits
     7 w_CBO        2.32619e+00  1.00000e-03     no limits
     8 phi_CBO      6.03304e+00  1.00000e-04     no limits
     9 ANx2         5.96878e-04  constant
    10 pNx2         1.09681e+00  constant
    11 ANy1         0.00000e+00  constant
    12 pNy1         0.00000e+00  constant
    13 w_y          0.00000e+00  constant
    14 ANy2         1.07160e-02  1.00000e-04     no limits
    15 pNy2         5.64757e+00  constant
    16 w_vw         1.43013e+01  constant
    17 LM          -2.80163e-05  constant
    18 wCBO_expCoeff   2.00000e+02  1.00000e+00     no limits
    19 wCBO_expOffset   2.00000e+02  1.00000e+00     no limits
    20 wCBO_expT    3.00000e+01  1.00000e+00     no limits
    21 wCBO_linCoeff   0.00000e+00  constant
    22 wCBO_const   0.00000e+00  1.00000e-02     no limits
MINUIT - FIT ONLY WIGGLE
 **********
 **    3 **FIX            5
 **********
 PARAMETER    5  IS CONSTANT.   IGNORED.
 **********
 **    4 **FIX            6
 **********
 **********
 **    5 **FIX            7
 **********
 **********
 **    6 **FIX            8
 **********
 **********
 **    7 **FIX            9
 **********
 PARAMETER    9  IS CONSTANT.   IGNORED.
 **********
 **    8 **FIX           10
 **********
 PARAMETER   10  IS CONSTANT.   IGNORED.
 **********
 **    9 **FIX           11
 **********
 PARAMETER   11  IS CONSTANT.   IGNORED.
 **********
 **   10 **FIX           12
 **********
 PARAMETER   12  IS CONSTANT.   IGNORED.
 **********
 **   11 **FIX           13
 **********
 PARAMETER   13  IS CONSTANT.   IGNORED.
 **********
 **   12 **FIX           14
 **********
 **********
 **   13 **FIX           15
 **********
 PARAMETER   15  IS CONSTANT.   IGNORED.
 **********
 **   14 **FIX           16
 **********
 PARAMETER   16  IS CONSTANT.   IGNORED.
 **********
 **   15 **MIGRAD
 **********
 FIRST CALL TO USER FUNCTION AT NEW START POINT, WITH IFLAG=4.
 START MIGRAD MINIMIZATION.  STRATEGY  1.  CONVERGENCE WHEN EDM .LT. 1.00e-04
 FCN=2861.59 FROM MIGRAD    STATUS=INITIATE       61 CALLS          62 TOTAL
                     EDM= unknown      STRATEGY= 1      NO ERROR MATRIX       
  EXT PARAMETER               CURRENT GUESS       STEP         FIRST   
  NO.   NAME      VALUE            ERROR          SIZE      DERIVATIVE 
   1  N0           2.79076e+06   1.00000e+02   0.00000e+00   2.49096e-03
   2  tau          6.44052e+01   constant   
   3  A0           3.51393e-01   1.00000e-04   0.00000e+00  -1.01383e+04
   4  phi          4.11695e+00   1.00000e-02   0.00000e+00  -2.58382e+03
   5  R           -6.00435e+01   constant   
   6  A_CBO        4.87952e-03     fixed    
   7  w_CBO        2.32619e+00     fixed    
   8  phi_CBO      6.03304e+00     fixed    
   9  ANx2         5.96878e-04   constant   
  10  pNx2         1.09681e+00   constant   
  11  ANy1         0.00000e+00   constant   
  12  pNy1         0.00000e+00   constant   
  13  w_y          0.00000e+00   constant   
  14  ANy2         1.07160e-02     fixed    
  15  pNy2         5.64757e+00   constant   
  16  w_vw         1.43013e+01   constant   
  17  LM          -2.80163e-05   constant   
  18  wCBO_expCoeff   2.00001e+02   1.00000e+00   1.28742e-03  -1.72943e+04
  19  wCBO_expOffset   2.00000e+02   1.00000e+00   0.00000e+00   1.81401e+04
  20  wCBO_expT    3.00000e+01   1.00000e+00   0.00000e+00   7.87865e+05
  21  wCBO_linCoeff   0.00000e+00   constant   
  22  wCBO_const   0.00000e+00   1.00000e-02   0.00000e+00   7.84034e+03
 MIGRAD FAILS TO FIND IMPROVEMENT
 FCN=2835.36 FROM HESSE     STATUS=NOT POSDEF     54 CALLS         397 TOTAL
                     EDM=1.12259    STRATEGY= 1      ERR MATRIX NOT POS-DEF
  EXT PARAMETER                APPROXIMATE        STEP         FIRST   
  NO.   NAME      VALUE            ERROR          SIZE      DERIVATIVE 
   1  N0           2.79021e+06   6.87089e+02   1.15549e+01  -9.26375e-04
   2  tau          6.44052e+01   constant   
   3  A0           3.51539e-01   2.66646e-04   5.52402e-06  -2.66738e+03
   4  phi          4.11779e+00   1.15803e-03   1.66694e-05   3.29009e+02
   5  R           -6.00435e+01   constant   
   6  A_CBO        4.87952e-03     fixed    
   7  w_CBO        2.32619e+00     fixed    
   8  phi_CBO      6.03304e+00     fixed    
   9  ANx2         5.96878e-04   constant   
  10  pNx2         1.09681e+00   constant   
  11  ANy1         0.00000e+00   constant   
  12  pNy1         0.00000e+00   constant   
  13  w_y          0.00000e+00   constant   
  14  ANy2         1.07160e-02     fixed    
  15  pNy2         5.64757e+00   constant   
  16  w_vw         1.43013e+01   constant   
  17  LM          -2.80163e-05   constant   
  18  wCBO_expCoeff   2.00000e+02   3.16124e-04   9.53674e-05   4.44891e+03
  19  wCBO_expOffset   2.00000e+02   3.09346e-05   9.53674e-05   2.98465e+04
  20  wCBO_expT    2.99999e+01   3.10066e-05   1.43051e-05   4.83574e+04
  21  wCBO_linCoeff   0.00000e+00   constant   
  22  wCBO_const   3.01120e-03   6.58667e-04   6.21077e-06   1.83729e+03
 MIGRAD FAILS TO FIND IMPROVEMENT
 MIGRAD TERMINATED WITHOUT CONVERGENCE.
 FCN=2834.65 FROM MIGRAD    STATUS=FAILED        456 CALLS         457 TOTAL
                     EDM=0.0363725    STRATEGY= 1      ERR MATRIX NOT POS-DEF
  EXT PARAMETER                APPROXIMATE        STEP         FIRST   
  NO.   NAME      VALUE            ERROR          SIZE      DERIVATIVE 
   1  N0           2.79027e+06   4.25585e+02  -0.00000e+00  -9.48048e-05
   2  tau          6.44052e+01   constant   
   3  A0           3.51590e-01   2.06836e-04  -0.00000e+00  -4.07570e+02
   4  phi          4.11771e+00   6.60249e-04  -0.00000e+00  -7.45687e+01
   5  R           -6.00435e+01   constant   
   6  A_CBO        4.87952e-03     fixed    
   7  w_CBO        2.32619e+00     fixed    
   8  phi_CBO      6.03304e+00     fixed    
   9  ANx2         5.96878e-04   constant   
  10  pNx2         1.09681e+00   constant   
  11  ANy1         0.00000e+00   constant   
  12  pNy1         0.00000e+00   constant   
  13  w_y          0.00000e+00   constant   
  14  ANy2         1.07160e-02     fixed    
  15  pNy2         5.64757e+00   constant   
  16  w_vw         1.43013e+01   constant   
  17  LM          -2.80163e-05   constant   
  18  wCBO_expCoeff   2.00000e+02   1.76998e-04  -0.00000e+00   5.25930e+03
  19  wCBO_expOffset   2.00000e+02   1.27169e-05   0.00000e+00  -6.04840e+03
  20  wCBO_expT    2.99999e+01   1.26625e-05  -0.00000e+00  -4.63205e+04
  21  wCBO_linCoeff   0.00000e+00   constant   
  22  wCBO_const   2.89227e-03   6.67087e-04   0.00000e+00   5.10145e+02
 EXTERNAL ERROR MATRIX.    NDIM=  25    NPAR=  7    ERR DEF=1
  1.811e+05 -3.285e-03 -8.322e-03  1.886e-02 -1.022e-04  8.976e-04 -5.921e-02 
 -3.285e-03  4.278e-08  1.067e-08  1.113e-08 -5.921e-10  2.151e-10 -3.819e-08 
 -8.322e-03  1.067e-08  4.359e-07 -7.457e-09 -2.673e-09 -1.561e-09  4.480e-08 
  1.886e-02  1.113e-08 -7.457e-09  3.133e-08  7.710e-10  1.884e-09 -8.695e-08 
 -1.022e-04 -5.921e-10 -2.673e-09  7.710e-10  1.617e-10  1.015e-10 -1.231e-09 
  8.976e-04  2.151e-10 -1.561e-09  1.884e-09  1.015e-10  1.603e-10 -2.815e-09 
 -5.921e-02 -3.819e-08  4.480e-08 -8.695e-08 -1.231e-09 -2.815e-09  4.450e-07 
ERR MATRIX NOT POS-DEF
 PARAMETER  CORRELATION COEFFICIENTS  
       NO.  GLOBAL      1      3      4     18     19     20     22
        1  0.33387   1.000 -0.037 -0.030  0.250 -0.019  0.167 -0.209
        3  0.56030  -0.037  1.000  0.078  0.304 -0.225  0.082 -0.277
        4  0.56191  -0.030  0.078  1.000 -0.064 -0.318 -0.187  0.102
       18  0.99325   0.250  0.304 -0.064  1.000  0.343  0.841 -0.736
       19  0.90233  -0.019 -0.225 -0.318  0.343  1.000  0.630 -0.145
       20  0.99029   0.167  0.082 -0.187  0.841  0.630  1.000 -0.333
       22  0.97294  -0.209 -0.277  0.102 -0.736 -0.145 -0.333  1.000
 ERR MATRIX NOT POS-DEF
MINUIT - FIT ONLY 1-CBO + other amplitudes 
 **********
 **   16 **RES 
 **********
                   PARAMETER   14  ANy2 RESTORED TO VARIABLE.
                   PARAMETER    8  phi_CBO RESTORED TO VARIABLE.
                   PARAMETER    7  w_CBO RESTORED TO VARIABLE.
                   PARAMETER    6  A_CBO RESTORED TO VARIABLE.
 **********
 **   17 **FIX            0
 **********
 PARAMETER    0  IS UNDEFINED. IGNORED.
 **********
 **   18 **FIX            1
 **********
 **********
 **   19 **FIX            2
 **********
 PARAMETER    2  IS CONSTANT.   IGNORED.
 **********
 **   20 **FIX            3
 **********
 **********
 **   21 **FIX            4
 **********
 **********
 **   22 **FIX            9
 **********
 PARAMETER    9  IS CONSTANT.   IGNORED.
 **********
 **   23 **FIX           11
 **********
 PARAMETER   11  IS CONSTANT.   IGNORED.
 **********
 **   24 **FIX           12
 **********
 PARAMETER   12  IS CONSTANT.   IGNORED.
 **********
 **   25 **FIX           14
 **********
 **********
 **   26 **FIX           15
 **********
 PARAMETER   15  IS CONSTANT.   IGNORED.
 **********
 **   27 **FIX           16
 **********
 PARAMETER   16  IS CONSTANT.   IGNORED.
 **********
 **   28 **MIGRAD
 **********
 START MIGRAD MINIMIZATION.  STRATEGY  1.  CONVERGENCE WHEN EDM .LT. 1.00e-04
 FCN=2834.65 FROM MIGRAD    STATUS=INITIATE       22 CALLS         479 TOTAL
                     EDM= unknown      STRATEGY= 1      NO ERROR MATRIX       
  EXT PARAMETER               CURRENT GUESS       STEP         FIRST   
  NO.   NAME      VALUE            ERROR          SIZE      DERIVATIVE 
   1  N0           2.79027e+06     fixed    
   2  tau          6.44052e+01   constant   
   3  A0           3.51590e-01     fixed    
   4  phi          4.11771e+00     fixed    
   5  R           -6.00435e+01   constant   
   6  A_CBO        4.87952e-03   1.00000e-05   1.00000e-05   1.23413e+05
   7  w_CBO        2.32619e+00   1.00000e-03   1.00000e-03   4.52446e+05
   8  phi_CBO      6.03304e+00   1.00000e-04   1.00000e-04   9.19621e+01
   9  ANx2         5.96878e-04   constant   
  10  pNx2         1.09681e+00   constant   
  11  ANy1         0.00000e+00   constant   
  12  pNy1         0.00000e+00   constant   
  13  w_y          0.00000e+00   constant   
  14  ANy2         1.07160e-02     fixed    
  15  pNy2         5.64757e+00   constant   
  16  w_vw         1.43013e+01   constant   
  17  LM          -2.80163e-05   constant   
  18  wCBO_expCoeff   2.00000e+02   1.76998e-04  -0.00000e+00   5.25930e+03
  19  wCBO_expOffset   2.00000e+02   1.27169e-05   0.00000e+00  -6.04840e+03
  20  wCBO_expT    2.99999e+01   1.26625e-05  -0.00000e+00  -4.63205e+04
  21  wCBO_linCoeff   0.00000e+00   constant   
  22  wCBO_const   2.89227e-03   6.67087e-04   0.00000e+00   5.10144e+02
 MIGRAD FAILS TO FIND IMPROVEMENT
 FCN=2590 FROM HESSE     STATUS=NOT POSDEF     54 CALLS        1258 TOTAL
                     EDM=1.20257    STRATEGY= 1      ERR MATRIX NOT POS-DEF
  EXT PARAMETER                APPROXIMATE        STEP         FIRST   
  NO.   NAME      VALUE            ERROR          SIZE      DERIVATIVE 
   1  N0           2.79027e+06     fixed    
   2  tau          6.44052e+01   constant   
   3  A0           3.51590e-01     fixed    
   4  phi          4.11771e+00     fixed    
   5  R           -6.00435e+01   constant   
   6  A_CBO        1.73963e-03   1.11047e-03   5.63436e-06   6.48456e+02
   7  w_CBO        2.32619e+00   1.99447e-06   1.10921e-06  -6.55388e+05
   8  phi_CBO      5.17088e+00   5.16596e-01   3.23218e-03  -4.76526e-01
   9  ANx2         5.96878e-04   constant   
  10  pNx2         1.09681e+00   constant   
  11  ANy1         0.00000e+00   constant   
  12  pNy1         0.00000e+00   constant   
  13  w_y          0.00000e+00   constant   
  14  ANy2         1.07160e-02     fixed    
  15  pNy2         5.64757e+00   constant   
  16  w_vw         1.43013e+01   constant   
  17  LM          -2.80163e-05   constant   
  18  wCBO_expCoeff   2.00000e+02   1.71507e-04   9.53673e-05  -7.61677e+03
  19  wCBO_expOffset   2.00000e+02   4.91875e-05   9.53674e-05  -5.04466e+04
  20  wCBO_expT    2.99999e+01   2.02562e-05   1.43051e-05   1.52977e+05
  21  wCBO_linCoeff   0.00000e+00   constant   
  22  wCBO_const   2.57830e-03   6.83711e-04   5.84320e-06  -1.21519e+03
 CALL LIMIT EXCEEDED IN MIGRAD.
 MIGRAD TERMINATED WITHOUT CONVERGENCE.
 FCN=2589.94 FROM MIGRAD    STATUS=CALL LIMIT   1161 CALLS        1618 TOTAL
                     EDM=0.362343    STRATEGY= 1      ERR MATRIX NOT POS-DEF
  EXT PARAMETER                APPROXIMATE        STEP         FIRST   
  NO.   NAME      VALUE            ERROR          SIZE      DERIVATIVE 
   1  N0           2.79027e+06     fixed    
   2  tau          6.44052e+01   constant   
   3  A0           3.51590e-01     fixed    
   4  phi          4.11771e+00     fixed    
   5  R           -6.00435e+01   constant   
   6  A_CBO        1.77805e-03   2.91573e-04   4.47527e-07   2.37915e+03
   7  w_CBO        2.32619e+00   1.25280e-06  -2.17770e-09  -9.25219e+05
   8  phi_CBO      5.21285e+00   1.99475e-01   3.25513e-04   3.27689e+00
   9  ANx2         5.96878e-04   constant   
  10  pNx2         1.09681e+00   constant   
  11  ANy1         0.00000e+00   constant   
  12  pNy1         0.00000e+00   constant   
  13  w_y          0.00000e+00   constant   
  14  ANy2         1.07160e-02     fixed    
  15  pNy2         5.64757e+00   constant   
  16  w_vw         1.43013e+01   constant   
  17  LM          -2.80163e-05   constant   
  18  wCBO_expCoeff   2.00000e+02   1.07806e-04  -1.87416e-07  -1.07536e+04
  19  wCBO_expOffset   2.00000e+02   3.00971e-05  -5.74356e-08  -2.52284e+03
  20  wCBO_expT    2.99999e+01   1.76044e-05  -3.29733e-08   1.51060e+05
  21  wCBO_linCoeff   0.00000e+00   constant   
  22  wCBO_const   2.75880e-03   1.27401e-03   2.40764e-06  -1.52343e+03
 EXTERNAL ERROR MATRIX.    NDIM=  25    NPAR=  7    ERR DEF=1
  8.502e-08 -2.851e-10  2.272e-05 -2.453e-08 -7.339e-09 -4.386e-09  2.901e-07 
 -2.851e-10  1.570e-12 -1.611e-07  1.087e-10  3.430e-11  2.042e-11 -1.452e-09 
  2.272e-05 -1.611e-07  3.979e-02 -1.387e-05 -4.662e-06 -2.581e-06  2.032e-04 
 -2.453e-08  1.087e-10 -1.387e-05  1.162e-08  2.952e-09  1.757e-09 -1.249e-07 
 -7.339e-09  3.430e-11 -4.662e-06  2.952e-09  9.058e-10  5.226e-10 -3.684e-08 
 -4.386e-09  2.042e-11 -2.581e-06  1.757e-09  5.226e-10  3.099e-10 -2.112e-08 
  2.901e-07 -1.452e-09  2.032e-04 -1.249e-07 -3.684e-08 -2.112e-08  1.623e-06 
ERR MATRIX NOT POS-DEF
 PARAMETER  CORRELATION COEFFICIENTS  
       NO.  GLOBAL      6      7      8     18     19     20     22
        6  0.99555   1.000 -0.780  0.391 -0.780 -0.836 -0.855  0.781
        7  0.99825  -0.780  1.000 -0.645  0.805  0.910  0.926 -0.909
        8  0.99674   0.391 -0.645  1.000 -0.645 -0.777 -0.735  0.800
       18  0.99825  -0.780  0.805 -0.645  1.000  0.910  0.926 -0.909
       19  0.99760  -0.836  0.910 -0.777  0.910  1.000  0.986 -0.961
       20  0.99967  -0.855  0.926 -0.735  0.926  0.986  1.000 -0.941
       22  0.99915   0.781 -0.909  0.800 -0.909 -0.961 -0.941  1.000
 ERR MATRIX NOT POS-DEF
MINUIT - FIT ONLY 1-CBO
 **********
 **   29 **RES 
 **********
                   PARAMETER   14  ANy2 RESTORED TO VARIABLE.
                   PARAMETER    4  phi RESTORED TO VARIABLE.
                   PARAMETER    3  A0 RESTORED TO VARIABLE.
                   PARAMETER    1  N0 RESTORED TO VARIABLE.
 **********
 **   30 **FIX            0
 **********
 PARAMETER    0  IS UNDEFINED. IGNORED.
 **********
 **   31 **FIX            1
 **********
 **********
 **   32 **FIX            2
 **********
 PARAMETER    2  IS CONSTANT.   IGNORED.
 **********
 **   33 **FIX            3
 **********
 **********
 **   34 **FIX            4
 **********
 **********
 **   35 **FIX            8
 **********
 **********
 **   36 **FIX            9
 **********
 PARAMETER    9  IS CONSTANT.   IGNORED.
 **********
 **   37 **FIX           11
 **********
 PARAMETER   11  IS CONSTANT.   IGNORED.
 **********
 **   38 **FIX           12
 **********
 PARAMETER   12  IS CONSTANT.   IGNORED.
 **********
 **   39 **FIX           13
 **********
 PARAMETER   13  IS CONSTANT.   IGNORED.
 **********
 **   40 **FIX           15
 **********
 PARAMETER   15  IS CONSTANT.   IGNORED.
 **********
 **   41 **FIX           16
 **********
 PARAMETER   16  IS CONSTANT.   IGNORED.
 **********
 **   42 **MIGRAD
 **********
 START MIGRAD MINIMIZATION.  STRATEGY  1.  CONVERGENCE WHEN EDM .LT. 1.00e-04
 FCN=2589.94 FROM MIGRAD    STATUS=INITIATE       16 CALLS        1634 TOTAL
                     EDM= unknown      STRATEGY= 1      NO ERROR MATRIX       
  EXT PARAMETER               CURRENT GUESS       STEP         FIRST   
  NO.   NAME      VALUE            ERROR          SIZE      DERIVATIVE 
   1  N0           2.79027e+06     fixed    
   2  tau          6.44052e+01   constant   
   3  A0           3.51590e-01     fixed    
   4  phi          4.11771e+00     fixed    
   5  R           -6.00435e+01   constant   
   6  A_CBO        1.77805e-03   2.91573e-04   4.47527e-07   2.37915e+03
   7  w_CBO        2.32619e+00   1.25280e-06  -2.17770e-09  -9.25219e+05
   8  phi_CBO      5.21285e+00     fixed    
   9  ANx2         5.96878e-04   constant   
  10  pNx2         1.09681e+00   constant   
  11  ANy1         0.00000e+00   constant   
  12  pNy1         0.00000e+00   constant   
  13  w_y          0.00000e+00   constant   
  14  ANy2         1.07160e-02   1.00000e-04   1.00000e-04   4.01708e+05
  15  pNy2         5.64757e+00   constant   
  16  w_vw         1.43013e+01   constant   
  17  LM          -2.80163e-05   constant   
  18  wCBO_expCoeff   2.00000e+02   1.07806e-04  -1.87416e-07  -1.07536e+04
  19  wCBO_expOffset   2.00000e+02   3.00971e-05  -5.74356e-08  -2.52284e+03
  20  wCBO_expT    2.99999e+01   1.76044e-05  -3.29733e-08   1.51060e+05
  21  wCBO_linCoeff   0.00000e+00   constant   
  22  wCBO_const   2.75880e-03   1.27401e-03   2.40764e-06  -1.52343e+03
 MIGRAD FAILS TO FIND IMPROVEMENT
 FCN=530.79 FROM HESSE     STATUS=NOT POSDEF     58 CALLS        1770 TOTAL
                     EDM=4.53362    STRATEGY= 1      ERR MATRIX NOT POS-DEF
  EXT PARAMETER                APPROXIMATE        STEP         FIRST   
  NO.   NAME      VALUE            ERROR          SIZE      DERIVATIVE 
   1  N0           2.79027e+06     fixed    
   2  tau          6.44052e+01   constant   
   3  A0           3.51590e-01     fixed    
   4  phi          4.11771e+00     fixed    
   5  R           -6.00435e+01   constant   
   6  A_CBO        9.99279e-04   9.00531e-04   2.55877e-06  -1.18026e+03
   7  w_CBO        2.32619e+00   3.87857e-06   1.10921e-06   1.08427e+06
   8  phi_CBO      5.21285e+00     fixed    
   9  ANx2         5.96878e-04   constant   
  10  pNx2         1.09681e+00   constant   
  11  ANy1         0.00000e+00   constant   
  12  pNy1         0.00000e+00   constant   
  13  w_y          0.00000e+00   constant   
  14  ANy2         4.75748e-04   3.81884e-04   2.53693e-06   3.82254e+02
  15  pNy2         5.64757e+00   constant   
  16  w_vw         1.43013e+01   constant   
  17  LM          -2.80163e-05   constant   
  18  wCBO_expCoeff   2.00000e+02   3.33675e-04   9.53673e-05   1.26082e+04
  19  wCBO_expOffset   2.00000e+02   6.21593e-05   9.53674e-05   7.77251e+04
  20  wCBO_expT    2.99999e+01   4.66535e-05   1.43051e-05  -2.07724e+05
  21  wCBO_linCoeff   0.00000e+00   constant   
  22  wCBO_const   2.63729e-03   6.29363e-04   4.70698e-06   5.82647e+02
 MIGRAD FAILS TO FIND IMPROVEMENT
 MIGRAD TERMINATED WITHOUT CONVERGENCE.
 FCN=522.846 FROM MIGRAD    STATUS=FAILED        469 CALLS        2087 TOTAL
                     EDM=4.74508    STRATEGY= 1      ERR MATRIX NOT POS-DEF
  EXT PARAMETER                APPROXIMATE        STEP         FIRST   
  NO.   NAME      VALUE            ERROR          SIZE      DERIVATIVE 
   1  N0           2.79027e+06     fixed    
   2  tau          6.44052e+01   constant   
   3  A0           3.51590e-01     fixed    
   4  phi          4.11771e+00     fixed    
   5  R           -6.00435e+01   constant   
   6  A_CBO        1.08593e-03   1.00003e+00  -0.00000e+00   1.45634e+03
   7  w_CBO        2.32599e+00   1.00003e+00   0.00000e+00  -6.94094e+05
   8  phi_CBO      5.21285e+00     fixed    
   9  ANx2         5.96878e-04   constant   
  10  pNx2         1.09681e+00   constant   
  11  ANy1         0.00000e+00   constant   
  12  pNy1         0.00000e+00   constant   
  13  w_y          0.00000e+00   constant   
  14  ANy2         5.06693e-04   1.00003e+00  -0.00000e+00   3.04186e+02
  15  pNy2         5.64757e+00   constant   
  16  w_vw         1.43013e+01   constant   
  17  LM          -2.80163e-05   constant   
  18  wCBO_expCoeff   1.99983e+02   1.00003e+00   0.00000e+00  -8.06931e+03
  19  wCBO_expOffset   2.00002e+02   1.00003e+00   0.00000e+00  -5.13959e+04
  20  wCBO_expT    2.99988e+01   1.00003e+00  -0.00000e+00   1.56881e+05
  21  wCBO_linCoeff   0.00000e+00   constant   
  22  wCBO_const   5.48888e-02   1.00000e+00   0.00000e+00  -6.81959e+02
 EXTERNAL ERROR MATRIX.    NDIM=  25    NPAR=  7    ERR DEF=1
  1.000e+00  1.888e-10  4.937e-09  1.626e-08 -3.492e-09 -5.055e-11 -8.000e-08 
  1.888e-10  1.000e+00 -4.324e-10 -8.893e-08  9.510e-09 -5.876e-09  2.576e-07 
  4.937e-09 -4.324e-10  1.000e+00 -3.722e-08  3.476e-09 -2.684e-09  1.061e-07 
  1.626e-08 -8.893e-08 -3.722e-08  1.000e+00  8.188e-07 -5.059e-07  2.218e-05 
 -3.492e-09  9.510e-09  3.476e-09  8.188e-07  1.000e+00  5.423e-08 -2.369e-06 
 -5.055e-11 -5.876e-09 -2.684e-09 -5.059e-07  5.423e-08  1.000e+00  1.470e-06 
 -8.000e-08  2.576e-07  1.061e-07  2.218e-05 -2.369e-06  1.470e-06  1.000e+00 
ERR MATRIX NOT POS-DEF
 PARAMETER  CORRELATION COEFFICIENTS  
       NO.  GLOBAL      6      7     14     18     19     20     22
        6  0.00000   1.000  0.000  0.000  0.000 -0.000 -0.000 -0.000
        7  0.00000   0.000  1.000 -0.000 -0.000  0.000 -0.000  0.000
       14  0.00000   0.000 -0.000  1.000 -0.000  0.000 -0.000  0.000
       18  0.00002   0.000 -0.000 -0.000  1.000  0.000 -0.000  0.000
       19  0.00000  -0.000  0.000  0.000  0.000  1.000  0.000 -0.000
       20  0.00000  -0.000 -0.000 -0.000 -0.000  0.000  1.000  0.000
       22  0.00002  -0.000  0.000  0.000  0.000 -0.000  0.000  1.000
 ERR MATRIX NOT POS-DEF
MINUIT - FIT ONLY 2-CBO
 **********
 **   43 **RES 
 **********
                   PARAMETER    8  phi_CBO RESTORED TO VARIABLE.
                   PARAMETER    4  phi RESTORED TO VARIABLE.
                   PARAMETER    3  A0 RESTORED TO VARIABLE.
                   PARAMETER    1  N0 RESTORED TO VARIABLE.
 **********
 **   44 **FIX            0
 **********
 PARAMETER    0  IS UNDEFINED. IGNORED.
 **********
 **   45 **FIX            1
 **********
 **********
 **   46 **FIX            2
 **********
 PARAMETER    2  IS CONSTANT.   IGNORED.
 **********
 **   47 **FIX            3
 **********
 **********
 **   48 **FIX            4
 **********
 **********
 **   49 **FIX            5
 **********
 PARAMETER    5  IS CONSTANT.   IGNORED.
 **********
 **   50 **FIX            6
 **********
 **********
 **   51 **FIX            7
 **********
 **********
 **   52 **FIX           10
 **********
 PARAMETER   10  IS CONSTANT.   IGNORED.
 **********
 **   53 **FIX           11
 **********
 PARAMETER   11  IS CONSTANT.   IGNORED.
 **********
 **   54 **FIX           12
 **********
 PARAMETER   12  IS CONSTANT.   IGNORED.
 **********
 **   55 **FIX           13
 **********
 PARAMETER   13  IS CONSTANT.   IGNORED.
 **********
 **   56 **FIX           14
 **********
 **********
 **   57 **FIX           15
 **********
 PARAMETER   15  IS CONSTANT.   IGNORED.
 **********
 **   58 **FIX           16
 **********
 PARAMETER   16  IS CONSTANT.   IGNORED.
 **********
 **   59 **MIGRAD
 **********
 START MIGRAD MINIMIZATION.  STRATEGY  1.  CONVERGENCE WHEN EDM .LT. 1.00e-04
 FCN=522.846 FROM MIGRAD    STATUS=INITIATE       12 CALLS        2099 TOTAL
                     EDM= unknown      STRATEGY= 1      NO ERROR MATRIX       
  EXT PARAMETER               CURRENT GUESS       STEP         FIRST   
  NO.   NAME      VALUE            ERROR          SIZE      DERIVATIVE 
   1  N0           2.79027e+06     fixed    
   2  tau          6.44052e+01   constant   
   3  A0           3.51590e-01     fixed    
   4  phi          4.11771e+00     fixed    
   5  R           -6.00435e+01   constant   
   6  A_CBO        1.08593e-03     fixed    
   7  w_CBO        2.32599e+00     fixed    
   8  phi_CBO      5.21285e+00   1.99475e-01   1.99475e-01   5.76802e-01
   9  ANx2         5.96878e-04   constant   
  10  pNx2         1.09681e+00   constant   
  11  ANy1         0.00000e+00   constant   
  12  pNy1         0.00000e+00   constant   
  13  w_y          0.00000e+00   constant   
  14  ANy2         5.06693e-04     fixed    
  15  pNy2         5.64757e+00   constant   
  16  w_vw         1.43013e+01   constant   
  17  LM          -2.80163e-05   constant   
  18  wCBO_expCoeff   1.99983e+02   1.00003e+00   0.00000e+00  -8.06931e+03
  19  wCBO_expOffset   2.00002e+02   1.00003e+00   0.00000e+00  -5.13959e+04
  20  wCBO_expT    2.99988e+01   1.00003e+00  -0.00000e+00   1.56881e+05
  21  wCBO_linCoeff   0.00000e+00   constant   
  22  wCBO_const   5.48888e-02   1.00000e+00   0.00000e+00  -6.81959e+02
 MIGRAD FAILS TO FIND IMPROVEMENT
 FCN=522.805 FROM HESSE     STATUS=NOT POSDEF     37 CALLS        2332 TOTAL
                     EDM=0.63638    STRATEGY= 1      ERR MATRIX NOT POS-DEF
  EXT PARAMETER                APPROXIMATE        STEP         FIRST   
  NO.   NAME      VALUE            ERROR          SIZE      DERIVATIVE 
   1  N0           2.79027e+06     fixed    
   2  tau          6.44052e+01   constant   
   3  A0           3.51590e-01     fixed    
   4  phi          4.11771e+00     fixed    
   5  R           -6.00435e+01   constant   
   6  A_CBO        1.08593e-03     fixed    
   7  w_CBO        2.32599e+00     fixed    
   8  phi_CBO      5.21221e+00   7.46254e-01   2.35549e-03  -7.78958e-01
   9  ANx2         5.96878e-04   constant   
  10  pNx2         1.09681e+00   constant   
  11  ANy1         0.00000e+00   constant   
  12  pNy1         0.00000e+00   constant   
  13  w_y          0.00000e+00   constant   
  14  ANy2         5.06693e-04     fixed    
  15  pNy2         5.64757e+00   constant   
  16  w_vw         1.43013e+01   constant   
  17  LM          -2.80163e-05   constant   
  18  wCBO_expCoeff   1.99983e+02   5.81759e-04   9.53591e-05   1.89663e+03
  19  wCBO_expOffset   2.00002e+02   6.29664e-05   9.53683e-05  -2.17538e+04
  20  wCBO_expT    2.99988e+01   4.16620e-05   1.43045e-05  -1.07255e+04
  21  wCBO_linCoeff   0.00000e+00   constant   
  22  wCBO_const   5.48947e-02   8.09021e-04   4.26151e-06   5.93425e+02
 MIGRAD FAILS TO FIND IMPROVEMENT
 MIGRAD TERMINATED WITHOUT CONVERGENCE.
 FCN=522.805 FROM MIGRAD    STATUS=FAILED        256 CALLS        2343 TOTAL
                     EDM=0.63638    STRATEGY= 1      ERR MATRIX NOT POS-DEF
  EXT PARAMETER                APPROXIMATE        STEP         FIRST   
  NO.   NAME      VALUE            ERROR          SIZE      DERIVATIVE 
   1  N0           2.79027e+06     fixed    
   2  tau          6.44052e+01   constant   
   3  A0           3.51590e-01     fixed    
   4  phi          4.11771e+00     fixed    
   5  R           -6.00435e+01   constant   
   6  A_CBO        1.08593e-03     fixed    
   7  w_CBO        2.32599e+00     fixed    
   8  phi_CBO      5.21221e+00   7.46254e-01   0.00000e+00  -7.78958e-01
   9  ANx2         5.96878e-04   constant   
  10  pNx2         1.09681e+00   constant   
  11  ANy1         0.00000e+00   constant   
  12  pNy1         0.00000e+00   constant   
  13  w_y          0.00000e+00   constant   
  14  ANy2         5.06693e-04     fixed    
  15  pNy2         5.64757e+00   constant   
  16  w_vw         1.43013e+01   constant   
  17  LM          -2.80163e-05   constant   
  18  wCBO_expCoeff   1.99983e+02   5.81759e-04   0.00000e+00   1.89663e+03
  19  wCBO_expOffset   2.00002e+02   6.29664e-05   0.00000e+00  -2.17538e+04
  20  wCBO_expT    2.99988e+01   4.16620e-05   0.00000e+00  -1.07255e+04
  21  wCBO_linCoeff   0.00000e+00   constant   
  22  wCBO_const   5.48947e-02   8.09021e-04  -0.00000e+00   5.93425e+02
 EXTERNAL ERROR MATRIX.    NDIM=  25    NPAR=  5    ERR DEF=1
  5.569e-01  4.086e-04  4.465e-05  2.903e-05 -3.188e-04 
  4.086e-04  3.384e-07  3.581e-08  2.391e-08 -3.053e-07 
  4.465e-05  3.581e-08  3.965e-09  2.572e-09 -3.014e-08 
  2.903e-05  2.391e-08  2.572e-09  1.736e-09 -1.847e-08 
 -3.188e-04 -3.053e-07 -3.014e-08 -1.847e-08  6.545e-07 
ERR MATRIX NOT POS-DEF
 PARAMETER  CORRELATION COEFFICIENTS  
       NO.  GLOBAL      8     18     19     20     22
        8  0.96415   1.000  0.941  0.950  0.934 -0.528
       18  0.99637   0.941  1.000  0.978  0.987 -0.649
       19  0.98756   0.950  0.978  1.000  0.980 -0.592
       20  0.99602   0.934  0.987  0.980  1.000 -0.548
       22  0.89662  -0.528 -0.649 -0.592 -0.548  1.000
 ERR MATRIX NOT POS-DEF
MINUIT - FIT ONLY 1-y
 **********
 **   60 **RES 
 **********
                   PARAMETER   14  ANy2 RESTORED TO VARIABLE.
                   PARAMETER    7  w_CBO RESTORED TO VARIABLE.
                   PARAMETER    6  A_CBO RESTORED TO VARIABLE.
                   PARAMETER    4  phi RESTORED TO VARIABLE.
                   PARAMETER    3  A0 RESTORED TO VARIABLE.
                   PARAMETER    1  N0 RESTORED TO VARIABLE.
 **********
 **   61 **FIX            0
 **********
 PARAMETER    0  IS UNDEFINED. IGNORED.
 **********
 **   62 **FIX            1
 **********
 **********
 **   63 **FIX            2
 **********
 PARAMETER    2  IS CONSTANT.   IGNORED.
 **********
 **   64 **FIX            3
 **********
 **********
 **   65 **FIX            4
 **********
 **********
 **   66 **FIX            5
 **********
 PARAMETER    5  IS CONSTANT.   IGNORED.
 **********
 **   67 **FIX            6
 **********
 **********
 **   68 **FIX            7
 **********
 **********
 **   69 **FIX            8
 **********
 **********
 **   70 **FIX            9
 **********
 PARAMETER    9  IS CONSTANT.   IGNORED.
 **********
 **   71 **FIX           13
 **********
 PARAMETER   13  IS CONSTANT.   IGNORED.
 **********
 **   72 **FIX           14
 **********
 **********
 **   73 **FIX           15
 **********
 PARAMETER   15  IS CONSTANT.   IGNORED.
 **********
 **   74 **FIX           16
 **********
 PARAMETER   16  IS CONSTANT.   IGNORED.
 **********
 **   75 **MIGRAD
 **********
 START MIGRAD MINIMIZATION.  STRATEGY  1.  CONVERGENCE WHEN EDM .LT. 1.00e-04
 FCN=522.805 FROM MIGRAD    STATUS=INITIATE        8 CALLS        2351 TOTAL
                     EDM= unknown      STRATEGY= 1      NO ERROR MATRIX       
  EXT PARAMETER               CURRENT GUESS       STEP         FIRST   
  NO.   NAME      VALUE            ERROR          SIZE      DERIVATIVE 
   1  N0           2.79027e+06     fixed    
   2  tau          6.44052e+01   constant   
   3  A0           3.51590e-01     fixed    
   4  phi          4.11771e+00     fixed    
   5  R           -6.00435e+01   constant   
   6  A_CBO        1.08593e-03     fixed    
   7  w_CBO        2.32599e+00     fixed    
   8  phi_CBO      5.21221e+00     fixed    
   9  ANx2         5.96878e-04   constant   
  10  pNx2         1.09681e+00   constant   
  11  ANy1         0.00000e+00   constant   
  12  pNy1         0.00000e+00   constant   
  13  w_y          0.00000e+00   constant   
  14  ANy2         5.06693e-04     fixed    
  15  pNy2         5.64757e+00   constant   
  16  w_vw         1.43013e+01   constant   
  17  LM          -2.80163e-05   constant   
  18  wCBO_expCoeff   1.99983e+02   5.81759e-04   0.00000e+00   1.31062e+03
  19  wCBO_expOffset   2.00002e+02   6.29664e-05   0.00000e+00  -3.52234e+04
  20  wCBO_expT    2.99988e+01   4.16620e-05   0.00000e+00   4.26429e+04
  21  wCBO_linCoeff   0.00000e+00   constant   
  22  wCBO_const   5.48947e-02   8.09021e-04  -0.00000e+00   5.93427e+02
 MIGRAD FAILS TO FIND IMPROVEMENT
 FCN=522.805 FROM HESSE     STATUS=NOT POSDEF     29 CALLS        2407 TOTAL
                     EDM=0.319916    STRATEGY= 1      ERR MATRIX NOT POS-DEF
  EXT PARAMETER                APPROXIMATE        STEP         FIRST   
  NO.   NAME      VALUE            ERROR          SIZE      DERIVATIVE 
   1  N0           2.79027e+06     fixed    
   2  tau          6.44052e+01   constant   
   3  A0           3.51590e-01     fixed    
   4  phi          4.11771e+00     fixed    
   5  R           -6.00435e+01   constant   
   6  A_CBO        1.08593e-03     fixed    
   7  w_CBO        2.32599e+00     fixed    
   8  phi_CBO      5.21221e+00     fixed    
   9  ANx2         5.96878e-04   constant   
  10  pNx2         1.09681e+00   constant   
  11  ANy1         0.00000e+00   constant   
  12  pNy1         0.00000e+00   constant   
  13  w_y          0.00000e+00   constant   
  14  ANy2         5.06693e-04     fixed    
  15  pNy2         5.64757e+00   constant   
  16  w_vw         1.43013e+01   constant   
  17  LM          -2.80163e-05   constant   
  18  wCBO_expCoeff   1.99983e+02   6.31366e-04   9.53591e-05   1.94193e+03
  19  wCBO_expOffset   2.00002e+02   5.66627e-05   9.53683e-05  -2.15428e+04
  20  wCBO_expT    2.99988e+01   4.75135e-05   1.43045e-05  -1.13582e+04
  21  wCBO_linCoeff   0.00000e+00   constant   
  22  wCBO_const   5.48944e-02   1.12813e-03   4.26147e-06   5.99120e+02
 MIGRAD FAILS TO FIND IMPROVEMENT
 MIGRAD TERMINATED WITHOUT CONVERGENCE.
 FCN=522.805 FROM MIGRAD    STATUS=FAILED         73 CALLS        2416 TOTAL
                     EDM=0.319916    STRATEGY= 1      ERR MATRIX NOT POS-DEF
  EXT PARAMETER                APPROXIMATE        STEP         FIRST   
  NO.   NAME      VALUE            ERROR          SIZE      DERIVATIVE 
   1  N0           2.79027e+06     fixed    
   2  tau          6.44052e+01   constant   
   3  A0           3.51590e-01     fixed    
   4  phi          4.11771e+00     fixed    
   5  R           -6.00435e+01   constant   
   6  A_CBO        1.08593e-03     fixed    
   7  w_CBO        2.32599e+00     fixed    
   8  phi_CBO      5.21221e+00     fixed    
   9  ANx2         5.96878e-04   constant   
  10  pNx2         1.09681e+00   constant   
  11  ANy1         0.00000e+00   constant   
  12  pNy1         0.00000e+00   constant   
  13  w_y          0.00000e+00   constant   
  14  ANy2         5.06693e-04     fixed    
  15  pNy2         5.64757e+00   constant   
  16  w_vw         1.43013e+01   constant   
  17  LM          -2.80163e-05   constant   
  18  wCBO_expCoeff   1.99983e+02   6.31366e-04   0.00000e+00   1.94193e+03
  19  wCBO_expOffset   2.00002e+02   5.66627e-05   0.00000e+00  -2.15428e+04
  20  wCBO_expT    2.99988e+01   4.75135e-05   0.00000e+00  -1.13582e+04
  21  wCBO_linCoeff   0.00000e+00   constant   
  22  wCBO_const   5.48944e-02   1.12813e-03  -0.00000e+00   5.99120e+02
 EXTERNAL ERROR MATRIX.    NDIM=  25    NPAR=  4    ERR DEF=1
  3.986e-07  3.491e-08  2.964e-08 -5.933e-07 
  3.491e-08  3.211e-09  2.641e-09 -5.049e-08 
  2.964e-08  2.641e-09  2.258e-09 -4.056e-08 
 -5.933e-07 -5.049e-08 -4.056e-08  1.273e-06 
ERR MATRIX NOT POS-DEF
 PARAMETER  CORRELATION COEFFICIENTS  
       NO.  GLOBAL     18     19     20     22
       18  0.99684   1.000  0.976  0.988 -0.833
       19  0.98418   0.976  1.000  0.981 -0.790
       20  0.99686   0.988  0.981  1.000 -0.757
       22  0.94677  -0.833 -0.790 -0.757  1.000
 ERR MATRIX NOT POS-DEF
MINUIT - FIT ONLY 2-y
 **********
 **   76 **RES 
 **********
                   PARAMETER   14  ANy2 RESTORED TO VARIABLE.
                   PARAMETER    8  phi_CBO RESTORED TO VARIABLE.
                   PARAMETER    7  w_CBO RESTORED TO VARIABLE.
                   PARAMETER    6  A_CBO RESTORED TO VARIABLE.
                   PARAMETER    4  phi RESTORED TO VARIABLE.
                   PARAMETER    3  A0 RESTORED TO VARIABLE.
                   PARAMETER    1  N0 RESTORED TO VARIABLE.
 **********
 **   77 **FIX            0
