 + ++++++++++++++++++++++++++++++++++++++++++++++++++++++++++++++++++++ +
 +                                                                      +
 +           You have chose to blind your fitting according to          +
 +                omega_ref * (1 + (R +/- deltaR) *10^{-6})             +
 +                                                                      +
 + ++++++++++++++++++++++++++++++++++++++++++++++++++++++++++++++++++++ +
In main()...
reading format from /gm2data/zkhechad/run45/envelope/formats/formatB_sBin_constraintOn.txt
pBinTau 	= 0  
pBinPhi 	= 0  
constraintau 	= 1 
includeMopTerm 	= 0    
constrainMop    = 0   
Parameters after format file: pBinTau 0 pBinPhi 0 constraintau 1 includeMopTerm 0 constrainMop 0 c_e_scale 0.000000 
reading cbo reference file (full fit) from /gm2data/zkhechad/cboTemplates/Run4CBOTemplates/fullFits/run4/sBin_constraintOn_cE0.0_seed0_run4_calo20.root
A_CBO 0.007307 w_CBO 2.326921 phi_CBO 1.268494 N0 3181980.382925 R -61.000535 tau 64.408953 
Reading cboRef file /gm2data/zkhechad/cboTemplates/Run4CBOTemplates//cboIsolate/run4_calo20.root
deltaT 164.120000
windowBins = 1100
fitting sliding window 1480 from bin 1683 at 251.103600 to bin 2783 at 415.223600 (1100 bins)

Reading data from /gm2data/cornell/histograms/aMethod/histogram_a_run4.root
fitting cbo isolate
 **********
 **    1 **SET PRINTOUT            1
 **********
 **********
 **    2 **SET NOWARNINGS 
 **********
 PARAMETER DEFINITIONS:
    NO.   NAME         VALUE      STEP SIZE      LIMITS
     1 A_CBO        7.30680e-03  1.00000e-05     no limits
     2 w_CBO        2.32692e+00  1.00000e-02    2.00000e+00  3.00000e+00
     3 phi_CBO      1.26849e+00  1.00000e-02    0.00000e+00  6.28319e+00
 **********
 **    3 **MIGRAD
 **********
 FIRST CALL TO USER FUNCTION AT NEW START POINT, WITH IFLAG=4.
 START MIGRAD MINIMIZATION.  STRATEGY  1.  CONVERGENCE WHEN EDM .LT. 1.00e-04
 FCN=0.0480957 FROM MIGRAD    STATUS=INITIATE       12 CALLS          13 TOTAL
                     EDM= unknown      STRATEGY= 1      NO ERROR MATRIX       
  EXT PARAMETER               CURRENT GUESS       STEP         FIRST   
  NO.   NAME      VALUE            ERROR          SIZE      DERIVATIVE 
   1  A_CBO        7.30680e-03   1.00000e-05   1.00000e-05   5.62588e+00
   2  w_CBO        2.32692e+00   1.00000e-02   2.13202e-02   6.04281e-01
   3  phi_CBO      1.26849e+00   1.00000e-02   3.96494e-03  -8.31812e-03
 MIGRAD MINIMIZATION HAS CONVERGED.
 MIGRAD WILL VERIFY CONVERGENCE AND ERROR MATRIX.
 COVARIANCE MATRIX CALCULATED SUCCESSFULLY
 FCN=0.0336042 FROM HESSE     STATUS=OK             16 CALLS          57 TOTAL
                     EDM=0.000145922    STRATEGY= 1      ERROR MATRIX ACCURATE 
  EXT PARAMETER                                   STEP         FIRST   
  NO.   NAME      VALUE            ERROR          SIZE      DERIVATIVE 
   1  A_CBO        2.23888e-03   4.45626e-02   2.11759e-05  -3.30556e-04
   2  w_CBO        2.32655e+00   3.68741e-01   6.17328e-05   1.94691e-02
   3  phi_CBO      1.33297e+00   5.14557e+00   3.74190e-03   1.19343e-04
 MIGRAD MINIMIZATION HAS CONVERGED.
 MIGRAD WILL VERIFY CONVERGENCE AND ERROR MATRIX.
 COVARIANCE MATRIX CALCULATED SUCCESSFULLY
 FCN=0.0335154 FROM MIGRAD    STATUS=CONVERGED      96 CALLS          97 TOTAL
                     EDM=3.77825e-05    STRATEGY= 1      ERROR MATRIX ACCURATE 
  EXT PARAMETER                                   STEP         FIRST   
  NO.   NAME      VALUE            ERROR          SIZE      DERIVATIVE 
   1  A_CBO        2.28999e-03   4.28960e-02   2.11759e-05   1.60774e-02
   2  w_CBO        2.32412e+00   2.11366e-01   5.91900e-05  -5.03464e-02
   3  phi_CBO      5.88872e-01   3.47261e+00   4.34145e-03   7.43560e-04
 EXTERNAL ERROR MATRIX.    NDIM=  25    NPAR=  3    ERR DEF=1
  1.840e-03 -7.245e-04 -2.847e-01 
 -7.245e-04  4.809e-02  1.525e+01 
 -2.847e-01  1.525e+01  5.165e+03 
 PARAMETER  CORRELATION COEFFICIENTS  
       NO.  GLOBAL      1      2      3
        1  0.10432   1.000 -0.077 -0.092
        2  0.96737  -0.077  1.000  0.967
        3  0.96746  -0.092  0.967  1.000
setting A_CBO=0.002290 w_CBO=2.324119, phi_CBO=0.588872
done fitting cbo isolate
 **********
 **    1 **SET PRINTOUT            1
 **********
 **********
 **    2 **SET NOWARNINGS 
 **********
 PARAMETER DEFINITIONS:
    NO.   NAME         VALUE      STEP SIZE      LIMITS
     1 N0           3.18198e+06  1.00000e+02     no limits
     2 tau          6.44090e+01  constant
     3 A0           3.64685e-01  1.00000e-04     no limits
     4 phi          4.11970e+00  1.00000e-02     no limits
     5 R           -6.10005e+01  constant
     6 A_CBO        2.28999e-03  1.00000e-05     no limits
     7 w_CBO        2.32412e+00  1.00000e-03     no limits
     8 phi_CBO      5.88872e-01  1.00000e-04     no limits
     9 ANx2         1.86992e-04  constant
    10 pNx2         5.81164e+00  constant
    11 ANy1         0.00000e+00  constant
    12 pNy1         0.00000e+00  constant
    13 w_y          0.00000e+00  constant
    14 ANy2         8.35747e-03  1.00000e-04     no limits
    15 pNy2         4.18605e+00  constant
    16 w_vw         1.43216e+01  constant
    17 LM           7.21641e-05  constant
    18 wCBO_expCoeff   2.00000e+02  1.00000e+00     no limits
    19 wCBO_expOffset   2.00000e+02  1.00000e+00     no limits
    20 wCBO_expT    3.00000e+01  1.00000e+00     no limits
    21 wCBO_linCoeff   0.00000e+00  constant
    22 wCBO_const   0.00000e+00  1.00000e-02     no limits
MINUIT - FIT ONLY WIGGLE
 **********
 **    3 **FIX            5
 **********
 PARAMETER    5  IS CONSTANT.   IGNORED.
 **********
 **    4 **FIX            6
 **********
 **********
 **    5 **FIX            7
 **********
 **********
 **    6 **FIX            8
 **********
 **********
 **    7 **FIX            9
 **********
 PARAMETER    9  IS CONSTANT.   IGNORED.
 **********
 **    8 **FIX           10
 **********
 PARAMETER   10  IS CONSTANT.   IGNORED.
 **********
 **    9 **FIX           11
 **********
 PARAMETER   11  IS CONSTANT.   IGNORED.
 **********
 **   10 **FIX           12
 **********
 PARAMETER   12  IS CONSTANT.   IGNORED.
 **********
 **   11 **FIX           13
 **********
 PARAMETER   13  IS CONSTANT.   IGNORED.
 **********
 **   12 **FIX           14
 **********
 **********
 **   13 **FIX           15
 **********
 PARAMETER   15  IS CONSTANT.   IGNORED.
 **********
 **   14 **FIX           16
 **********
 PARAMETER   16  IS CONSTANT.   IGNORED.
 **********
 **   15 **MIGRAD
 **********
 FIRST CALL TO USER FUNCTION AT NEW START POINT, WITH IFLAG=4.
 START MIGRAD MINIMIZATION.  STRATEGY  1.  CONVERGENCE WHEN EDM .LT. 1.00e-04
 FCN=1012.37 FROM MIGRAD    STATUS=INITIATE       82 CALLS          83 TOTAL
                     EDM= unknown      STRATEGY= 1      NO ERROR MATRIX       
  EXT PARAMETER               CURRENT GUESS       STEP         FIRST   
  NO.   NAME      VALUE            ERROR          SIZE      DERIVATIVE 
   1  N0           3.18198e+06   1.00000e+02   0.00000e+00  -9.68894e-04
   2  tau          6.44090e+01   constant   
   3  A0           3.64685e-01   1.00000e-04   0.00000e+00   1.73148e+03
   4  phi          4.11970e+00   1.00000e-02   0.00000e+00   1.45500e+02
   5  R           -6.10005e+01   constant   
   6  A_CBO        2.28999e-03     fixed    
   7  w_CBO        2.32412e+00     fixed    
   8  phi_CBO      5.88872e-01     fixed    
   9  ANx2         1.86992e-04   constant   
  10  pNx2         5.81164e+00   constant   
  11  ANy1         0.00000e+00   constant   
  12  pNy1         0.00000e+00   constant   
  13  w_y          0.00000e+00   constant   
  14  ANy2         8.35747e-03     fixed    
  15  pNy2         4.18605e+00   constant   
  16  w_vw         1.43216e+01   constant   
  17  LM           7.21641e-05   constant   
  18  wCBO_expCoeff   2.00023e+02   1.00000e+00   2.34224e-02  -5.82369e+01
  19  wCBO_expOffset   2.00000e+02   1.00000e+00   0.00000e+00  -3.86022e+02
  20  wCBO_expT    3.00000e+01   1.00000e+00   0.00000e+00   1.30861e+03
  21  wCBO_linCoeff   0.00000e+00   constant   
  22  wCBO_const  -2.11917e-03   1.00000e-02   0.00000e+00   5.85283e+03
 MIGRAD MINIMIZATION HAS CONVERGED.
 MIGRAD WILL VERIFY CONVERGENCE AND ERROR MATRIX.
 FCN=1009.22 FROM MIGRAD    STATUS=CONVERGED     233 CALLS         234 TOTAL
                     EDM=7.42073e-06    STRATEGY= 1      ERR MATRIX NOT POS-DEF
  EXT PARAMETER                APPROXIMATE        STEP         FIRST   
  NO.   NAME      VALUE            ERROR          SIZE      DERIVATIVE 
   1  N0           3.18227e+06   7.40867e+02   1.13450e+01  -1.83313e-06
   2  tau          6.44090e+01   constant   
   3  A0           3.64619e-01   3.07917e-04   4.79379e-06  -5.73566e+00
   4  phi          4.11957e+00   8.83505e-04   1.37332e-05  -1.24502e+00
   5  R           -6.10005e+01   constant   
   6  A_CBO        2.28999e-03     fixed    
   7  w_CBO        2.32412e+00     fixed    
   8  phi_CBO      5.88872e-01     fixed    
   9  ANx2         1.86992e-04   constant   
  10  pNx2         5.81164e+00   constant   
  11  ANy1         0.00000e+00   constant   
  12  pNy1         0.00000e+00   constant   
  13  w_y          0.00000e+00   constant   
  14  ANy2         8.35747e-03     fixed    
  15  pNy2         4.18605e+00   constant   
  16  w_vw         1.43216e+01   constant   
  17  LM           7.21641e-05   constant   
  18  wCBO_expCoeff   2.00031e+02   5.14408e-02   9.53821e-05  -5.56304e-01
  19  wCBO_expOffset   2.00001e+02   8.15199e-03   9.53679e-05  -3.70653e+00
  20  wCBO_expT    2.99994e+01   1.99977e-03   1.43048e-05  -6.62813e+00
  21  wCBO_linCoeff   0.00000e+00   constant   
  22  wCBO_const  -2.82129e-03   7.76044e-04   5.62222e-06  -4.61014e+00
 EXTERNAL ERROR MATRIX.    NDIM=  25    NPAR=  7    ERR DEF=1
  5.489e+05  4.846e-04 -3.053e-03  9.669e-01 -1.747e-01  5.360e-02 -1.120e-02 
  4.846e-04  9.481e-08  4.079e-10 -1.251e-07  4.081e-08 -1.160e-08 -5.009e-10 
 -3.053e-03  4.079e-10  7.806e-07  6.063e-07 -2.226e-07  7.211e-08 -1.105e-09 
  9.669e-01 -1.251e-07  6.063e-07  2.646e-03 -3.827e-04 -7.669e-06  1.941e-06 
 -1.747e-01  4.081e-08 -2.226e-07 -3.827e-04  6.645e-05 -5.275e-06  1.264e-06 
  5.360e-02 -1.160e-08  7.211e-08 -7.669e-06 -5.275e-06  3.999e-06 -1.174e-06 
 -1.120e-02 -5.009e-10 -1.105e-09  1.941e-06  1.264e-06 -1.174e-06  6.022e-07 
ERR MATRIX NOT POS-DEF
 PARAMETER  CORRELATION COEFFICIENTS  
       NO.  GLOBAL      1      3      4     18     19     20     22
        1  0.13417   1.000  0.002 -0.005  0.025 -0.029  0.036 -0.019
        3  0.03406   0.002  1.000  0.001 -0.008  0.016 -0.019 -0.002
        4  0.06570  -0.005  0.001  1.000  0.013 -0.031  0.041 -0.002
       18  0.99633   0.025 -0.008  0.013  1.000 -0.913 -0.075  0.049
       19  0.99672  -0.029  0.016 -0.031 -0.913  1.000 -0.324  0.200
       20  0.98694   0.036 -0.019  0.041 -0.075 -0.324  1.000 -0.756
       22  0.88555  -0.019 -0.002 -0.002  0.049  0.200 -0.756  1.000
 ERR MATRIX NOT POS-DEF
MINUIT - FIT ONLY 1-CBO + other amplitudes 
 **********
 **   16 **RES 
 **********
                   PARAMETER   14  ANy2 RESTORED TO VARIABLE.
                   PARAMETER    8  phi_CBO RESTORED TO VARIABLE.
                   PARAMETER    7  w_CBO RESTORED TO VARIABLE.
                   PARAMETER    6  A_CBO RESTORED TO VARIABLE.
 **********
 **   17 **FIX            0
 **********
 PARAMETER    0  IS UNDEFINED. IGNORED.
 **********
 **   18 **FIX            1
 **********
 **********
 **   19 **FIX            2
 **********
 PARAMETER    2  IS CONSTANT.   IGNORED.
 **********
 **   20 **FIX            3
 **********
 **********
 **   21 **FIX            4
 **********
 **********
 **   22 **FIX            9
 **********
 PARAMETER    9  IS CONSTANT.   IGNORED.
 **********
 **   23 **FIX           11
 **********
 PARAMETER   11  IS CONSTANT.   IGNORED.
 **********
 **   24 **FIX           12
 **********
 PARAMETER   12  IS CONSTANT.   IGNORED.
 **********
 **   25 **FIX           14
 **********
 **********
 **   26 **FIX           15
 **********
 PARAMETER   15  IS CONSTANT.   IGNORED.
 **********
 **   27 **FIX           16
 **********
 PARAMETER   16  IS CONSTANT.   IGNORED.
 **********
 **   28 **MIGRAD
 **********
 START MIGRAD MINIMIZATION.  STRATEGY  1.  CONVERGENCE WHEN EDM .LT. 1.00e-04
 FCN=1009.22 FROM MIGRAD    STATUS=INITIATE       22 CALLS         256 TOTAL
                     EDM= unknown      STRATEGY= 1      NO ERROR MATRIX       
  EXT PARAMETER               CURRENT GUESS       STEP         FIRST   
  NO.   NAME      VALUE            ERROR          SIZE      DERIVATIVE 
   1  N0           3.18227e+06     fixed    
   2  tau          6.44090e+01   constant   
   3  A0           3.64619e-01     fixed    
   4  phi          4.11957e+00     fixed    
   5  R           -6.10005e+01   constant   
   6  A_CBO        2.28999e-03   1.00000e-05   1.00000e-05   3.25934e+04
   7  w_CBO        2.32412e+00   1.00000e-03   1.00000e-03  -4.96967e+01
   8  phi_CBO      5.88872e-01   1.00000e-04   1.00000e-04   1.01821e+00
   9  ANx2         1.86992e-04   constant   
  10  pNx2         5.81164e+00   constant   
  11  ANy1         0.00000e+00   constant   
  12  pNy1         0.00000e+00   constant   
  13  w_y          0.00000e+00   constant   
  14  ANy2         8.35747e-03     fixed    
  15  pNy2         4.18605e+00   constant   
  16  w_vw         1.43216e+01   constant   
  17  LM           7.21641e-05   constant   
  18  wCBO_expCoeff   2.00031e+02   5.14408e-02   9.53821e-05  -5.54686e-01
  19  wCBO_expOffset   2.00001e+02   8.15199e-03   9.53679e-05  -3.07503e+00
  20  wCBO_expT    2.99994e+01   1.99977e-03   1.43048e-05  -6.53951e+00
  21  wCBO_linCoeff   0.00000e+00   constant   
  22  wCBO_const  -2.82129e-03   7.76044e-04   5.62222e-06  -4.59524e+00
 MIGRAD MINIMIZATION HAS CONVERGED.
 FCN=979.385 FROM MIGRAD    STATUS=CONVERGED     207 CALLS         441 TOTAL
                     EDM=9.33205e-07    STRATEGY= 1  ERROR MATRIX UNCERTAINTY   3.0 per cent
  EXT PARAMETER                                   STEP         FIRST   
  NO.   NAME      VALUE            ERROR          SIZE      DERIVATIVE 
   1  N0           3.18227e+06     fixed    
   2  tau          6.44090e+01   constant   
   3  A0           3.64619e-01     fixed    
   4  phi          4.11957e+00     fixed    
   5  R           -6.10005e+01   constant   
   6  A_CBO        4.59905e-04   3.20620e-04  -7.07419e-07   3.55355e+00
   7  w_CBO        2.32423e+00   1.63073e-04  -1.97303e-07   2.39503e+00
   8  phi_CBO      3.26136e-01   8.19317e-01   2.98050e-03  -1.20858e-04
   9  ANx2         1.86992e-04   constant   
  10  pNx2         5.81164e+00   constant   
  11  ANy1         0.00000e+00   constant   
  12  pNy1         0.00000e+00   constant   
  13  w_y          0.00000e+00   constant   
  14  ANy2         8.35747e-03     fixed    
  15  pNy2         4.18605e+00   constant   
  16  w_vw         1.43216e+01   constant   
  17  LM           7.21641e-05   constant   
  18  wCBO_expCoeff   2.00041e+02   1.47332e-02  -2.27054e-05   2.82138e-02
  19  wCBO_expOffset   2.00003e+02   2.15799e-03  -3.58271e-06   1.12044e+00
  20  wCBO_expT    2.99966e+01   3.54710e-03   1.99875e-06   1.06009e+00
  21  wCBO_linCoeff   0.00000e+00   constant   
  22  wCBO_const  -2.23679e-03   1.30729e-03   5.65832e-06  -1.10854e-01
 EXTERNAL ERROR MATRIX.    NDIM=  25    NPAR=  7    ERR DEF=1
  1.028e-07 -8.311e-09 -3.187e-06 -7.248e-07 -1.029e-07  2.067e-07 -7.336e-08 
 -8.311e-09  2.659e-08 -4.339e-06  2.182e-06  3.184e-07 -5.486e-07  1.141e-07 
 -3.187e-06 -4.339e-06  6.713e-01 -6.796e-04 -1.188e-04  3.660e-05  3.672e-04 
 -7.248e-07  2.182e-06 -6.796e-04  2.171e-04  2.886e-05 -4.914e-05  9.528e-06 
 -1.029e-07  3.184e-07 -1.188e-04  2.886e-05  4.657e-06 -7.158e-06  1.347e-06 
  2.067e-07 -5.486e-07  3.660e-05 -4.914e-05 -7.158e-06  1.258e-05 -3.102e-06 
 -7.336e-08  1.141e-07  3.672e-04  9.528e-06  1.347e-06 -3.102e-06  1.709e-06 
 PARAMETER  CORRELATION COEFFICIENTS  
       NO.  GLOBAL      6      7      8     18     19     20     22
        6  0.19882   1.000 -0.159 -0.012 -0.153 -0.149  0.182 -0.175
        7  0.96052  -0.159  1.000 -0.032  0.908  0.905 -0.948  0.535
        8  0.54481  -0.012 -0.032  1.000 -0.056 -0.067  0.013  0.343
       18  0.96003  -0.153  0.908 -0.056  1.000  0.908 -0.940  0.495
       19  0.95853  -0.149  0.905 -0.067  0.908  1.000 -0.935  0.478
       20  0.99202   0.182 -0.948  0.013 -0.940 -0.935  1.000 -0.669
       22  0.90863  -0.175  0.535  0.343  0.495  0.478 -0.669  1.000
MINUIT - FIT ONLY 1-CBO
 **********
 **   29 **RES 
 **********
                   PARAMETER   14  ANy2 RESTORED TO VARIABLE.
                   PARAMETER    4  phi RESTORED TO VARIABLE.
                   PARAMETER    3  A0 RESTORED TO VARIABLE.
                   PARAMETER    1  N0 RESTORED TO VARIABLE.
 **********
 **   30 **FIX            0
 **********
 PARAMETER    0  IS UNDEFINED. IGNORED.
 **********
 **   31 **FIX            1
 **********
 **********
 **   32 **FIX            2
 **********
 PARAMETER    2  IS CONSTANT.   IGNORED.
 **********
 **   33 **FIX            3
 **********
 **********
 **   34 **FIX            4
 **********
 **********
 **   35 **FIX            8
 **********
 **********
 **   36 **FIX            9
 **********
 PARAMETER    9  IS CONSTANT.   IGNORED.
 **********
 **   37 **FIX           11
 **********
 PARAMETER   11  IS CONSTANT.   IGNORED.
 **********
 **   38 **FIX           12
 **********
 PARAMETER   12  IS CONSTANT.   IGNORED.
 **********
 **   39 **FIX           13
 **********
 PARAMETER   13  IS CONSTANT.   IGNORED.
 **********
 **   40 **FIX           15
 **********
 PARAMETER   15  IS CONSTANT.   IGNORED.
 **********
 **   41 **FIX           16
 **********
 PARAMETER   16  IS CONSTANT.   IGNORED.
 **********
 **   42 **MIGRAD
 **********
 START MIGRAD MINIMIZATION.  STRATEGY  1.  CONVERGENCE WHEN EDM .LT. 1.00e-04
 FCN=979.385 FROM MIGRAD    STATUS=INITIATE       16 CALLS         457 TOTAL
                     EDM= unknown      STRATEGY= 1      NO ERROR MATRIX       
  EXT PARAMETER               CURRENT GUESS       STEP         FIRST   
  NO.   NAME      VALUE            ERROR          SIZE      DERIVATIVE 
   1  N0           3.18227e+06     fixed    
   2  tau          6.44090e+01   constant   
   3  A0           3.64619e-01     fixed    
   4  phi          4.11957e+00     fixed    
   5  R           -6.10005e+01   constant   
   6  A_CBO        4.59905e-04   3.20620e-04  -7.07419e-07   3.55355e+00
   7  w_CBO        2.32423e+00   1.63073e-04  -1.97303e-07   2.39503e+00
   8  phi_CBO      3.26136e-01     fixed    
   9  ANx2         1.86992e-04   constant   
  10  pNx2         5.81164e+00   constant   
  11  ANy1         0.00000e+00   constant   
  12  pNy1         0.00000e+00   constant   
  13  w_y          0.00000e+00   constant   
  14  ANy2         8.35747e-03   1.00000e-04   1.00000e-04   1.53148e+05
  15  pNy2         4.18605e+00   constant   
  16  w_vw         1.43216e+01   constant   
  17  LM           7.21641e-05   constant   
  18  wCBO_expCoeff   2.00041e+02   1.47332e-02  -2.27054e-05   2.82183e-02
  19  wCBO_expOffset   2.00003e+02   2.15799e-03  -3.58271e-06   1.12044e+00
  20  wCBO_expT    2.99966e+01   3.54710e-03   1.99875e-06   1.06009e+00
  21  wCBO_linCoeff   0.00000e+00   constant   
  22  wCBO_const  -2.23679e-03   1.30729e-03   5.65832e-06  -1.10855e-01
 MIGRAD MINIMIZATION HAS CONVERGED.
 MIGRAD WILL VERIFY CONVERGENCE AND ERROR MATRIX.
 FCN=351.012 FROM MIGRAD    STATUS=CONVERGED     234 CALLS         675 TOTAL
                     EDM=2.08156e-06    STRATEGY= 1      ERR MATRIX NOT POS-DEF
  EXT PARAMETER                APPROXIMATE        STEP         FIRST   
  NO.   NAME      VALUE            ERROR          SIZE      DERIVATIVE 
   1  N0           3.18227e+06     fixed    
   2  tau          6.44090e+01   constant   
   3  A0           3.64619e-01     fixed    
   4  phi          4.11957e+00     fixed    
   5  R           -6.10005e+01   constant   
   6  A_CBO        2.72606e-04   3.64828e-04   2.99135e-06  -2.95491e+00
   7  w_CBO        2.32434e+00   9.96089e-04   1.10833e-06  -1.38376e+00
   8  phi_CBO      3.26136e-01     fixed    
   9  ANx2         1.86992e-04   constant   
  10  pNx2         5.81164e+00   constant   
  11  ANy1         0.00000e+00   constant   
  12  pNy1         0.00000e+00   constant   
  13  w_y          0.00000e+00   constant   
  14  ANy2         1.48439e-04   3.25909e-04   2.99748e-06   1.85426e+00
  15  pNy2         4.18605e+00   constant   
  16  w_vw         1.43216e+01   constant   
  17  LM           7.21641e-05   constant   
  18  wCBO_expCoeff   2.00050e+02   8.97098e-02   9.53915e-05  -1.31346e-02
  19  wCBO_expOffset   2.00004e+02   1.64354e-02   9.53693e-05  -8.67190e-02
  20  wCBO_expT    2.99941e+01   4.72258e-03   1.43023e-05   3.78258e-02
  21  wCBO_linCoeff   0.00000e+00   constant   
  22  wCBO_const  -1.21442e-03   2.33029e-03   7.03679e-06  -5.90057e-01
 EXTERNAL ERROR MATRIX.    NDIM=  25    NPAR=  7    ERR DEF=1
  1.331e-07  7.061e-09  2.076e-09  9.264e-07 -6.653e-07  4.425e-07 -3.593e-07 
  7.061e-09  9.922e-07  9.270e-10 -1.375e-05 -9.283e-06 -8.683e-07 -1.507e-07 
  2.076e-09  9.270e-10  1.062e-07  1.005e-07 -7.823e-08  2.227e-08 -1.207e-08 
  9.264e-07 -1.375e-05  1.005e-07  8.048e-03 -8.963e-04 -7.747e-05  2.876e-05 
 -6.653e-07 -9.283e-06 -7.823e-08 -8.963e-04  2.701e-04 -1.048e-05  8.520e-06 
  4.425e-07 -8.683e-07  2.227e-08 -7.747e-05 -1.048e-05  2.230e-05 -8.862e-06 
 -3.593e-07 -1.507e-07 -1.207e-08  2.876e-05  8.520e-06 -8.862e-06  5.430e-06 
ERR MATRIX NOT POS-DEF
 PARAMETER  CORRELATION COEFFICIENTS  
       NO.  GLOBAL      6      7     14     18     19     20     22
        6  0.45541   1.000  0.019  0.017  0.028 -0.111  0.257 -0.423
        7  0.99480   0.019  1.000  0.003 -0.154 -0.567 -0.185 -0.065
       14  0.05246   0.017  0.003  1.000  0.003 -0.015  0.014 -0.016
       18  0.99479   0.028 -0.154  0.003  1.000 -0.608 -0.183  0.138
       19  0.99651  -0.111 -0.567 -0.015 -0.608  1.000 -0.135  0.222
       20  0.99064   0.257 -0.185  0.014 -0.183 -0.135  1.000 -0.805
       22  0.94473  -0.423 -0.065 -0.016  0.138  0.222 -0.805  1.000
 ERR MATRIX NOT POS-DEF
MINUIT - FIT ONLY 2-CBO
 **********
 **   43 **RES 
 **********
                   PARAMETER    8  phi_CBO RESTORED TO VARIABLE.
                   PARAMETER    4  phi RESTORED TO VARIABLE.
                   PARAMETER    3  A0 RESTORED TO VARIABLE.
                   PARAMETER    1  N0 RESTORED TO VARIABLE.
 **********
 **   44 **FIX            0
 **********
 PARAMETER    0  IS UNDEFINED. IGNORED.
 **********
 **   45 **FIX            1
 **********
 **********
 **   46 **FIX            2
 **********
 PARAMETER    2  IS CONSTANT.   IGNORED.
 **********
 **   47 **FIX            3
 **********
 **********
 **   48 **FIX            4
 **********
 **********
 **   49 **FIX            5
 **********
 PARAMETER    5  IS CONSTANT.   IGNORED.
 **********
 **   50 **FIX            6
 **********
 **********
 **   51 **FIX            7
 **********
 **********
 **   52 **FIX           10
 **********
 PARAMETER   10  IS CONSTANT.   IGNORED.
 **********
 **   53 **FIX           11
 **********
 PARAMETER   11  IS CONSTANT.   IGNORED.
 **********
 **   54 **FIX           12
 **********
 PARAMETER   12  IS CONSTANT.   IGNORED.
 **********
 **   55 **FIX           13
 **********
 PARAMETER   13  IS CONSTANT.   IGNORED.
 **********
 **   56 **FIX           14
 **********
 **********
 **   57 **FIX           15
 **********
 PARAMETER   15  IS CONSTANT.   IGNORED.
 **********
 **   58 **FIX           16
 **********
 PARAMETER   16  IS CONSTANT.   IGNORED.
 **********
 **   59 **MIGRAD
 **********
 START MIGRAD MINIMIZATION.  STRATEGY  1.  CONVERGENCE WHEN EDM .LT. 1.00e-04
 FCN=351.012 FROM MIGRAD    STATUS=INITIATE       12 CALLS         687 TOTAL
                     EDM= unknown      STRATEGY= 1      NO ERROR MATRIX       
  EXT PARAMETER               CURRENT GUESS       STEP         FIRST   
  NO.   NAME      VALUE            ERROR          SIZE      DERIVATIVE 
   1  N0           3.18227e+06     fixed    
   2  tau          6.44090e+01   constant   
   3  A0           3.64619e-01     fixed    
   4  phi          4.11957e+00     fixed    
   5  R           -6.10005e+01   constant   
   6  A_CBO        2.72606e-04     fixed    
   7  w_CBO        2.32434e+00     fixed    
   8  phi_CBO      3.26136e-01   8.19317e-01   8.19317e-01  -8.13429e-01
   9  ANx2         1.86992e-04   constant   
  10  pNx2         5.81164e+00   constant   
  11  ANy1         0.00000e+00   constant   
  12  pNy1         0.00000e+00   constant   
  13  w_y          0.00000e+00   constant   
  14  ANy2         1.48439e-04     fixed    
  15  pNy2         4.18605e+00   constant   
  16  w_vw         1.43216e+01   constant   
  17  LM           7.21641e-05   constant   
  18  wCBO_expCoeff   2.00050e+02   8.97098e-02   9.53915e-05  -1.26246e-02
  19  wCBO_expOffset   2.00004e+02   1.64354e-02   9.53693e-05   1.12874e-01
  20  wCBO_expT    2.99941e+01   4.72258e-03   1.43023e-05   2.96113e-02
  21  wCBO_linCoeff   0.00000e+00   constant   
  22  wCBO_const  -1.21442e-03   2.33029e-03   7.03679e-06  -5.81207e-01
 MIGRAD MINIMIZATION HAS CONVERGED.
 MIGRAD WILL VERIFY CONVERGENCE AND ERROR MATRIX.
 COVARIANCE MATRIX CALCULATED SUCCESSFULLY
 FCN=350.396 FROM MIGRAD    STATUS=CONVERGED     145 CALLS         820 TOTAL
                     EDM=5.49672e-07    STRATEGY= 1      ERROR MATRIX ACCURATE 
  EXT PARAMETER                                   STEP         FIRST   
  NO.   NAME      VALUE            ERROR          SIZE      DERIVATIVE 
   1  N0           3.18227e+06     fixed    
   2  tau          6.44090e+01   constant   
   3  A0           3.64619e-01     fixed    
   4  phi          4.11957e+00     fixed    
   5  R           -6.10005e+01   constant   
   6  A_CBO        2.72606e-04     fixed    
   7  w_CBO        2.32434e+00     fixed    
   8  phi_CBO      1.52556e+00   1.38794e+00   1.00217e-02  -1.79468e-04
   9  ANx2         1.86992e-04   constant   
  10  pNx2         5.81164e+00   constant   
  11  ANy1         0.00000e+00   constant   
  12  pNy1         0.00000e+00   constant   
  13  w_y          0.00000e+00   constant   
  14  ANy2         1.48439e-04     fixed    
  15  pNy2         4.18605e+00   constant   
  16  w_vw         1.43216e+01   constant   
  17  LM           7.21641e-05   constant   
  18  wCBO_expCoeff   2.00066e+02   7.44227e-02   9.53990e-05  -8.49471e-02
  19  wCBO_expOffset   2.00006e+02   9.21408e-03   9.53704e-05  -5.67850e-01
  20  wCBO_expT    2.99910e+01   4.15540e-03   1.43008e-05  -1.34798e+00
  21  wCBO_linCoeff   0.00000e+00   constant   
  22  wCBO_const   2.70972e-04   1.70977e-03   6.13773e-06  -8.20741e-01
 EXTERNAL ERROR MATRIX.    NDIM=  25    NPAR=  5    ERR DEF=1
  1.926e+00  1.657e-02  5.982e-04 -2.288e-03  1.403e-03 
  1.657e-02  5.539e-03 -5.383e-04 -1.718e-04  4.684e-05 
  5.982e-04 -5.383e-04  8.490e-05 -1.969e-06  5.812e-07 
 -2.288e-03 -1.718e-04 -1.969e-06  1.727e-05 -5.591e-06 
  1.403e-03  4.684e-05  5.812e-07 -5.591e-06  2.923e-06 
 PARAMETER  CORRELATION COEFFICIENTS  
       NO.  GLOBAL      8     18     19     20     22
        8  0.61420   1.000  0.160  0.047 -0.397  0.591
       18  0.99301   0.160  1.000 -0.785 -0.556  0.368
       19  0.98972   0.047 -0.785  1.000 -0.051  0.037
       20  0.98833  -0.397 -0.556 -0.051  1.000 -0.787
       22  0.91991   0.591  0.368  0.037 -0.787  1.000
MINUIT - FIT ONLY 1-y
 **********
 **   60 **RES 
 **********
                   PARAMETER   14  ANy2 RESTORED TO VARIABLE.
                   PARAMETER    7  w_CBO RESTORED TO VARIABLE.
                   PARAMETER    6  A_CBO RESTORED TO VARIABLE.
                   PARAMETER    4  phi RESTORED TO VARIABLE.
                   PARAMETER    3  A0 RESTORED TO VARIABLE.
                   PARAMETER    1  N0 RESTORED TO VARIABLE.
 **********
 **   61 **FIX            0
 **********
 PARAMETER    0  IS UNDEFINED. IGNORED.
 **********
 **   62 **FIX            1
 **********
 **********
 **   63 **FIX            2
 **********
 PARAMETER    2  IS CONSTANT.   IGNORED.
 **********
 **   64 **FIX            3
 **********
 **********
 **   65 **FIX            4
 **********
 **********
 **   66 **FIX            5
 **********
 PARAMETER    5  IS CONSTANT.   IGNORED.
 **********
 **   67 **FIX            6
 **********
 **********
 **   68 **FIX            7
 **********
 **********
 **   69 **FIX            8
 **********
 **********
 **   70 **FIX            9
 **********
 PARAMETER    9  IS CONSTANT.   IGNORED.
 **********
 **   71 **FIX           13
 **********
 PARAMETER   13  IS CONSTANT.   IGNORED.
 **********
 **   72 **FIX           14
 **********
 **********
 **   73 **FIX           15
 **********
 PARAMETER   15  IS CONSTANT.   IGNORED.
 **********
 **   74 **FIX           16
 **********
 PARAMETER   16  IS CONSTANT.   IGNORED.
 **********
 **   75 **MIGRAD
 **********
 START MIGRAD MINIMIZATION.  STRATEGY  1.  CONVERGENCE WHEN EDM .LT. 1.00e-04
 FCN=350.396 FROM MIGRAD    STATUS=INITIATE        8 CALLS         828 TOTAL
                     EDM= unknown      STRATEGY= 1      NO ERROR MATRIX       
  EXT PARAMETER               CURRENT GUESS       STEP         FIRST   
  NO.   NAME      VALUE            ERROR          SIZE      DERIVATIVE 
   1  N0           3.18227e+06     fixed    
   2  tau          6.44090e+01   constant   
   3  A0           3.64619e-01     fixed    
   4  phi          4.11957e+00     fixed    
   5  R           -6.10005e+01   constant   
   6  A_CBO        2.72606e-04     fixed    
   7  w_CBO        2.32434e+00     fixed    
   8  phi_CBO      1.52556e+00     fixed    
   9  ANx2         1.86992e-04   constant   
  10  pNx2         5.81164e+00   constant   
  11  ANy1         0.00000e+00   constant   
  12  pNy1         0.00000e+00   constant   
  13  w_y          0.00000e+00   constant   
  14  ANy2         1.48439e-04     fixed    
  15  pNy2         4.18605e+00   constant   
  16  w_vw         1.43216e+01   constant   
  17  LM           7.21641e-05   constant   
  18  wCBO_expCoeff   2.00066e+02   7.44227e-02   9.53990e-05  -8.56285e-02
  19  wCBO_expOffset   2.00006e+02   9.21408e-03   9.53704e-05  -8.34021e-01
  20  wCBO_expT    2.99910e+01   4.15540e-03   1.43008e-05  -1.39208e+00
  21  wCBO_linCoeff   0.00000e+00   constant   
  22  wCBO_const   2.70972e-04   1.70977e-03   6.13773e-06  -8.20028e-01
 MIGRAD MINIMIZATION HAS CONVERGED.
 MIGRAD WILL VERIFY CONVERGENCE AND ERROR MATRIX.
 COVARIANCE MATRIX CALCULATED SUCCESSFULLY
 FCN=350.396 FROM MIGRAD    STATUS=CONVERGED      47 CALLS         867 TOTAL
                     EDM=2.08069e-07    STRATEGY= 1      ERROR MATRIX ACCURATE 
  EXT PARAMETER                                   STEP         FIRST   
  NO.   NAME      VALUE            ERROR          SIZE      DERIVATIVE 
   1  N0           3.18227e+06     fixed    
   2  tau          6.44090e+01   constant   
   3  A0           3.64619e-01     fixed    
   4  phi          4.11957e+00     fixed    
   5  R           -6.10005e+01   constant   
   6  A_CBO        2.72606e-04     fixed    
   7  w_CBO        2.32434e+00     fixed    
   8  phi_CBO      1.52556e+00     fixed    
   9  ANx2         1.86992e-04   constant   
  10  pNx2         5.81164e+00   constant   
  11  ANy1         0.00000e+00   constant   
  12  pNy1         0.00000e+00   constant   
  13  w_y          0.00000e+00   constant   
  14  ANy2         1.48439e-04     fixed    
  15  pNy2         4.18605e+00   constant   
  16  w_vw         1.43216e+01   constant   
  17  LM           7.21641e-05   constant   
  18  wCBO_expCoeff   2.00066e+02   7.33581e-02   9.53990e-05   8.84637e-03
  19  wCBO_expOffset   2.00006e+02   9.18882e-03   9.53704e-05   5.63684e-02
  20  wCBO_expT    2.99910e+01   3.81303e-03   1.43008e-05  -1.99199e-02
  21  wCBO_linCoeff   0.00000e+00   constant   
  22  wCBO_const   2.71021e-04   1.37859e-03   6.13664e-06   1.80854e-01
 EXTERNAL ERROR MATRIX.    NDIM=  25    NPAR=  4    ERR DEF=1
  5.381e-03 -5.415e-04 -1.519e-04  3.474e-05 
 -5.415e-04  8.443e-05 -1.265e-06  1.470e-07 
 -1.519e-04 -1.265e-06  1.454e-05 -3.922e-06 
  3.474e-05  1.470e-07 -3.922e-06  1.901e-06 
 PARAMETER  CORRELATION COEFFICIENTS  
       NO.  GLOBAL     18     19     20     22
       18  0.99280   1.000 -0.803 -0.543  0.343
       19  0.98967  -0.803  1.000 -0.036  0.012
       20  0.98612  -0.543 -0.036  1.000 -0.746
       22  0.87378   0.343  0.012 -0.746  1.000
MINUIT - FIT ONLY 2-y
 **********
 **   76 **RES 
 **********
                   PARAMETER   14  ANy2 RESTORED TO VARIABLE.
                   PARAMETER    8  phi_CBO RESTORED TO VARIABLE.
                   PARAMETER    7  w_CBO RESTORED TO VARIABLE.
                   PARAMETER    6  A_CBO RESTORED TO VARIABLE.
                   PARAMETER    4  phi RESTORED TO VARIABLE.
                   PARAMETER    3  A0 RESTORED TO VARIABLE.
                   PARAMETER    1  N0 RESTORED TO VARIABLE.
 **********
 **   77 **FIX            0
 **********
 PARAMETER    0  IS UNDEFINED. IGNORED.
 **********
 **   78 **FIX            1
 **********
 **********
 **   79 **FIX            2
 **********
 PARAMETER    2  IS CONSTANT.   IGNORED.
 **********
 **   80 **FIX            3
 **********
 **********
 **   81 **FIX            4
 **********
 **********
 **   82 **FIX            5
 **********
 PARAMETER    5  IS CONSTANT.   IGNORED.
 **********
 **   83 **FIX            6
 **********
 **********
 **   84 **FIX            7
 **********
 **********
 **   85 **FIX            8
 **********
 **********
 **   86 **FIX            9
 **********
 PARAMETER    9  IS CONSTANT.   IGNORED.
 **********
 **   87 **FIX           10
 **********
 PARAMETER   10  IS CONSTANT.   IGNORED.
 **********
 **   88 **FIX           11
 **********
 PARAMETER   11  IS CONSTANT.   IGNORED.
 **********
 **   89 **FIX           12
 **********
 PARAMETER   12  IS CONSTANT.   IGNORED.
 **********
 **   90 **FIX           16
 **********
 PARAMETER   16  IS CONSTANT.   IGNORED.
 **********
 **   91 **MIGRAD
 **********
 START MIGRAD MINIMIZATION.  STRATEGY  1.  CONVERGENCE WHEN EDM .LT. 1.00e-04
 FCN=350.396 FROM MIGRAD    STATUS=INITIATE       10 CALLS         877 TOTAL
                     EDM= unknown      STRATEGY= 1      NO ERROR MATRIX       
  EXT PARAMETER               CURRENT GUESS       STEP         FIRST   
  NO.   NAME      VALUE            ERROR          SIZE      DERIVATIVE 
   1  N0           3.18227e+06     fixed    
   2  tau          6.44090e+01   constant   
   3  A0           3.64619e-01     fixed    
   4  phi          4.11957e+00     fixed    
   5  R           -6.10005e+01   constant   
   6  A_CBO        2.72606e-04     fixed    
   7  w_CBO        2.32434e+00     fixed    
   8  phi_CBO      1.52556e+00     fixed    
   9  ANx2         1.86992e-04   constant   
  10  pNx2         5.81164e+00   constant   
  11  ANy1         0.00000e+00   constant   
  12  pNy1         0.00000e+00   constant   
  13  w_y          0.00000e+00   constant   
  14  ANy2         1.48439e-04   3.25909e-04   3.25909e-04   1.81069e+02
  15  pNy2         4.18605e+00   constant   
  16  w_vw         1.43216e+01   constant   
  17  LM           7.21641e-05   constant   
  18  wCBO_expCoeff   2.00066e+02   7.33581e-02   9.53990e-05   7.94305e-03
  19  wCBO_expOffset   2.00006e+02   9.18882e-03   9.53704e-05  -2.10908e-01
  20  wCBO_expT    2.99910e+01   3.81303e-03   1.43008e-05  -7.82990e-02
  21  wCBO_linCoeff   0.00000e+00   constant   
  22  wCBO_const   2.71021e-04   1.37859e-03   6.13664e-06   1.81559e-01
 MIGRAD MINIMIZATION HAS CONVERGED.
 MIGRAD WILL VERIFY CONVERGENCE AND ERROR MATRIX.
 COVARIANCE MATRIX CALCULATED SUCCESSFULLY
 FCN=350.395 FROM MIGRAD    STATUS=CONVERGED      70 CALLS         937 TOTAL
                     EDM=2.45427e-07    STRATEGY= 1      ERROR MATRIX ACCURATE 
  EXT PARAMETER                                   STEP         FIRST   
  NO.   NAME      VALUE            ERROR          SIZE      DERIVATIVE 
   1  N0           3.18227e+06     fixed    
   2  tau          6.44090e+01   constant   
   3  A0           3.64619e-01     fixed    
   4  phi          4.11957e+00     fixed    
   5  R           -6.10005e+01   constant   
   6  A_CBO        2.72606e-04     fixed    
   7  w_CBO        2.32434e+00     fixed    
   8  phi_CBO      1.52556e+00     fixed    
   9  ANx2         1.86992e-04   constant   
  10  pNx2         5.81164e+00   constant   
  11  ANy1         0.00000e+00   constant   
  12  pNy1         0.00000e+00   constant   
  13  w_y          0.00000e+00   constant   
  14  ANy2         1.38727e-04   3.27626e-04   2.99484e-06   3.23922e-02
  15  pNy2         4.18605e+00   constant   
  16  w_vw         1.43216e+01   constant   
  17  LM           7.21641e-05   constant   
  18  wCBO_expCoeff   2.00066e+02   7.34351e-02   9.53990e-05  -8.46364e-03
  19  wCBO_expOffset   2.00006e+02   9.20075e-03   9.53704e-05  -5.90967e-02
  20  wCBO_expT    2.99910e+01   3.81430e-03   1.43008e-05   1.44358e-01
  21  wCBO_linCoeff   0.00000e+00   constant   
  22  wCBO_const   2.71139e-04   1.37888e-03   6.13701e-06   6.24465e-01
 EXTERNAL ERROR MATRIX.    NDIM=  25    NPAR=  5    ERR DEF=1
  1.073e-07 -2.040e-07 -1.764e-08  1.548e-08 -3.376e-09 
 -2.040e-07  5.393e-03 -5.429e-04 -1.521e-04  3.477e-05 
 -1.764e-08 -5.429e-04  8.465e-05 -1.264e-06  1.467e-07 
  1.548e-08 -1.521e-04 -1.264e-06  1.455e-05 -3.925e-06 
 -3.376e-09  3.477e-05  1.467e-07 -3.925e-06  1.901e-06 
 PARAMETER  CORRELATION COEFFICIENTS  
       NO.  GLOBAL     14     18     19     20     22
       14  0.05135   1.000 -0.008 -0.006  0.012 -0.007
       18  0.99281  -0.008  1.000 -0.804 -0.543  0.343
       19  0.98969  -0.006 -0.804  1.000 -0.036  0.012
       20  0.98612   0.012 -0.543 -0.036  1.000 -0.746
       22  0.87381  -0.007  0.343  0.012 -0.746  1.000
MINUIT - FIT ALTOGETHER
 **********
 **   92 **RES 
 **********
                   PARAMETER    8  phi_CBO RESTORED TO VARIABLE.
                   PARAMETER    7  w_CBO RESTORED TO VARIABLE.
                   PARAMETER    6  A_CBO RESTORED TO VARIABLE.
                   PARAMETER    4  phi RESTORED TO VARIABLE.
                   PARAMETER    3  A0 RESTORED TO VARIABLE.
                   PARAMETER    1  N0 RESTORED TO VARIABLE.
 **********
 **   93 **MIGRAD
 **********
 START MIGRAD MINIMIZATION.  STRATEGY  1.  CONVERGENCE WHEN EDM .LT. 1.00e-04
 FCN=350.395 FROM MIGRAD    STATUS=INITIATE       22 CALLS         959 TOTAL
                     EDM= unknown      STRATEGY= 1      NO ERROR MATRIX       
  EXT PARAMETER               CURRENT GUESS       STEP         FIRST   
  NO.   NAME      VALUE            ERROR          SIZE      DERIVATIVE 
   1  N0           3.18227e+06   7.40867e+02   7.40867e+02   5.71467e-04
   2  tau          6.44090e+01   constant   
   3  A0           3.64619e-01   3.07917e-04   3.07917e-04  -7.48092e+02
   4  phi          4.11957e+00   8.83505e-04   8.83505e-04  -1.95586e+02
   5  R           -6.10005e+01   constant   
   6  A_CBO        2.72606e-04   3.64828e-04   3.64828e-04  -1.05425e+03
   7  w_CBO        2.32434e+00   9.96089e-04   9.96089e-04  -5.47368e-01
   8  phi_CBO      1.52556e+00   1.38794e+00   1.38794e+00  -1.37956e-03
   9  ANx2         1.86992e-04   constant   
  10  pNx2         5.81164e+00   constant   
  11  ANy1         0.00000e+00   constant   
  12  pNy1         0.00000e+00   constant   
  13  w_y          0.00000e+00   constant   
  14  ANy2         1.38727e-04   3.27626e-04   2.99484e-06   3.23917e-02
  15  pNy2         4.18605e+00   constant   
  16  w_vw         1.43216e+01   constant   
  17  LM           7.21641e-05   constant   
  18  wCBO_expCoeff   2.00066e+02   7.34351e-02   9.53990e-05  -9.36431e-03
  19  wCBO_expOffset   2.00006e+02   9.20075e-03   9.53704e-05  -3.25604e-01
