 + ++++++++++++++++++++++++++++++++++++++++++++++++++++++++++++++++++++ +
 +                                                                      +
 +           You have chose to blind your fitting according to          +
 +                omega_ref * (1 + (R +/- deltaR) *10^{-6})             +
 +                                                                      +
 + ++++++++++++++++++++++++++++++++++++++++++++++++++++++++++++++++++++ +
In main()...
reading format from /gm2data/zkhechad/run45/envelope/formats/formatB_sBin_constraintOn.txt
pBinTau 	= 0  
pBinPhi 	= 0  
constraintau 	= 1 
includeMopTerm 	= 0    
constrainMop    = 0   
Parameters after format file: pBinTau 0 pBinPhi 0 constraintau 1 includeMopTerm 0 constrainMop 0 c_e_scale 0.000000 
reading cbo reference file (full fit) from /gm2data/zkhechad/cboTemplates/Run4CBOTemplates/fullFits/run4/sBin_constraintOn_cE0.0_seed0_run4_calo14.root
A_CBO 0.007725 w_CBO 2.327367 phi_CBO 5.940248 N0 3305546.525918 R -60.591491 tau 64.400381 
Reading cboRef file /gm2data/zkhechad/cboTemplates/Run4CBOTemplates//cboIsolate/run4_calo14.root
deltaT 164.120000
windowBins = 1100
fitting sliding window 1500 from bin 1703 at 254.087600 to bin 2803 at 418.207600 (1100 bins)

Reading data from /gm2data/cornell/histograms/aMethod/histogram_a_run4.root
fitting cbo isolate
 **********
 **    1 **SET PRINTOUT            1
 **********
 **********
 **    2 **SET NOWARNINGS 
 **********
 PARAMETER DEFINITIONS:
    NO.   NAME         VALUE      STEP SIZE      LIMITS
     1 A_CBO        7.72458e-03  1.00000e-05     no limits
     2 w_CBO        2.32737e+00  1.00000e-02    2.00000e+00  3.00000e+00
     3 phi_CBO      5.94025e+00  1.00000e-02    0.00000e+00  6.28319e+00
 **********
 **    3 **MIGRAD
 **********
 FIRST CALL TO USER FUNCTION AT NEW START POINT, WITH IFLAG=4.
 START MIGRAD MINIMIZATION.  STRATEGY  1.  CONVERGENCE WHEN EDM .LT. 1.00e-04
 FCN=0.052043 FROM MIGRAD    STATUS=INITIATE       12 CALLS          13 TOTAL
                     EDM= unknown      STRATEGY= 1      NO ERROR MATRIX       
  EXT PARAMETER               CURRENT GUESS       STEP         FIRST   
  NO.   NAME      VALUE            ERROR          SIZE      DERIVATIVE 
   1  A_CBO        7.72458e-03   1.00000e-05   1.00000e-05   6.37310e+00
   2  w_CBO        2.32737e+00   1.00000e-02   2.13128e-02   5.87413e-01
   3  phi_CBO      5.94025e+00   1.00000e-02   7.00705e-03  -4.98857e-03
 MIGRAD MINIMIZATION HAS CONVERGED.
 MIGRAD WILL VERIFY CONVERGENCE AND ERROR MATRIX.
 COVARIANCE MATRIX CALCULATED SUCCESSFULLY
 FCN=0.0334235 FROM MIGRAD    STATUS=CONVERGED      52 CALLS          53 TOTAL
                     EDM=5.5625e-05    STRATEGY= 1      ERROR MATRIX ACCURATE 
  EXT PARAMETER                                   STEP         FIRST   
  NO.   NAME      VALUE            ERROR          SIZE      DERIVATIVE 
   1  A_CBO        1.96713e-03   4.34575e-02   2.11949e-05   6.90978e-03
   2  w_CBO        2.32698e+00   3.78997e-01   7.06656e-05   5.54474e-03
   3  phi_CBO      6.03075e+00   3.22886e+00   8.79693e-03   4.54129e-05
 EXTERNAL ERROR MATRIX.    NDIM=  25    NPAR=  3    ERR DEF=1
  1.889e-03 -3.540e-03 -1.181e+00 
 -3.540e-03  1.947e-01  6.417e+01 
 -1.181e+00  6.417e+01  2.163e+04 
 PARAMETER  CORRELATION COEFFICIENTS  
       NO.  GLOBAL      1      2      3
        1  0.18519   1.000 -0.185 -0.185
        2  0.98888  -0.185  1.000  0.989
        3  0.98888  -0.185  0.989  1.000
setting A_CBO=0.001967 w_CBO=2.326976, phi_CBO=6.030754
done fitting cbo isolate
 **********
 **    1 **SET PRINTOUT            1
 **********
 **********
 **    2 **SET NOWARNINGS 
 **********
 PARAMETER DEFINITIONS:
    NO.   NAME         VALUE      STEP SIZE      LIMITS
     1 N0           3.30555e+06  1.00000e+02     no limits
     2 tau          6.44004e+01  constant
     3 A0           3.62072e-01  1.00000e-04     no limits
     4 phi          4.12124e+00  1.00000e-02     no limits
     5 R           -6.05915e+01  constant
     6 A_CBO        1.96713e-03  1.00000e-05     no limits
     7 w_CBO        2.32698e+00  1.00000e-03     no limits
     8 phi_CBO      6.03075e+00  1.00000e-04     no limits
     9 ANx2         3.16430e-04  constant
    10 pNx2         2.82055e+00  constant
    11 ANy1         0.00000e+00  constant
    12 pNy1         0.00000e+00  constant
    13 w_y          0.00000e+00  constant
    14 ANy2         7.39162e-03  1.00000e-04     no limits
    15 pNy2         2.23607e+00  constant
    16 w_vw         1.43191e+01  constant
    17 LM          -1.34420e-04  constant
    18 wCBO_expCoeff   2.00000e+02  1.00000e+00     no limits
    19 wCBO_expOffset   2.00000e+02  1.00000e+00     no limits
    20 wCBO_expT    3.00000e+01  1.00000e+00     no limits
    21 wCBO_linCoeff   0.00000e+00  constant
    22 wCBO_const   0.00000e+00  1.00000e-02     no limits
MINUIT - FIT ONLY WIGGLE
 **********
 **    3 **FIX            5
 **********
 PARAMETER    5  IS CONSTANT.   IGNORED.
 **********
 **    4 **FIX            6
 **********
 **********
 **    5 **FIX            7
 **********
 **********
 **    6 **FIX            8
 **********
 **********
 **    7 **FIX            9
 **********
 PARAMETER    9  IS CONSTANT.   IGNORED.
 **********
 **    8 **FIX           10
 **********
 PARAMETER   10  IS CONSTANT.   IGNORED.
 **********
 **    9 **FIX           11
 **********
 PARAMETER   11  IS CONSTANT.   IGNORED.
 **********
 **   10 **FIX           12
 **********
 PARAMETER   12  IS CONSTANT.   IGNORED.
 **********
 **   11 **FIX           13
 **********
 PARAMETER   13  IS CONSTANT.   IGNORED.
 **********
 **   12 **FIX           14
 **********
 **********
 **   13 **FIX           15
 **********
 PARAMETER   15  IS CONSTANT.   IGNORED.
 **********
 **   14 **FIX           16
 **********
 PARAMETER   16  IS CONSTANT.   IGNORED.
 **********
 **   15 **MIGRAD
 **********
 FIRST CALL TO USER FUNCTION AT NEW START POINT, WITH IFLAG=4.
 START MIGRAD MINIMIZATION.  STRATEGY  1.  CONVERGENCE WHEN EDM .LT. 1.00e-04
 FCN=876.929 FROM MIGRAD    STATUS=INITIATE       34 CALLS          35 TOTAL
                     EDM= unknown      STRATEGY= 1      NO ERROR MATRIX       
  EXT PARAMETER               CURRENT GUESS       STEP         FIRST   
  NO.   NAME      VALUE            ERROR          SIZE      DERIVATIVE 
   1  N0           3.30555e+06   1.00000e+02   1.00000e+02   2.75431e-03
   2  tau          6.44004e+01   constant   
   3  A0           3.62072e-01   1.00000e-04   1.00000e-04   6.18678e+03
   4  phi          4.12124e+00   1.00000e-02   1.00000e-02  -8.38174e+02
   5  R           -6.05915e+01   constant   
   6  A_CBO        1.96713e-03     fixed    
   7  w_CBO        2.32698e+00     fixed    
   8  phi_CBO      6.03075e+00     fixed    
   9  ANx2         3.16430e-04   constant   
  10  pNx2         2.82055e+00   constant   
  11  ANy1         0.00000e+00   constant   
  12  pNy1         0.00000e+00   constant   
  13  w_y          0.00000e+00   constant   
  14  ANy2         7.39162e-03     fixed    
  15  pNy2         2.23607e+00   constant   
  16  w_vw         1.43191e+01   constant   
  17  LM          -1.34420e-04   constant   
  18  wCBO_expCoeff   2.00000e+02   1.00000e+00   1.00000e+00  -3.54835e+02
  19  wCBO_expOffset   2.00000e+02   1.00000e+00   1.00000e+00  -2.35809e+03
  20  wCBO_expT    3.00000e+01   1.00000e+00   1.00000e+00  -2.96227e+03
  21  wCBO_linCoeff   0.00000e+00   constant   
  22  wCBO_const   0.00000e+00   1.00000e-02   1.00000e-02   1.58871e+03
 MIGRAD MINIMIZATION HAS CONVERGED.
 FCN=844.86 FROM MIGRAD    STATUS=CONVERGED     261 CALLS         262 TOTAL
                     EDM=5.0211e-07    STRATEGY= 1  ERROR MATRIX UNCERTAINTY   0.5 per cent
  EXT PARAMETER                                   STEP         FIRST   
  NO.   NAME      VALUE            ERROR          SIZE      DERIVATIVE 
   1  N0           3.30511e+06   7.80131e+02  -1.19407e+00   3.57148e-07
   2  tau          6.44004e+01   constant   
   3  A0           3.61878e-01   3.15020e-04  -1.42544e-06   2.56827e+00
   4  phi          4.12122e+00   8.92632e-04   1.44584e-06  -3.93432e-01
   5  R           -6.05915e+01   constant   
   6  A_CBO        1.96713e-03     fixed    
   7  w_CBO        2.32698e+00     fixed    
   8  phi_CBO      6.03075e+00     fixed    
   9  ANx2         3.16430e-04   constant   
  10  pNx2         2.82055e+00   constant   
  11  ANy1         0.00000e+00   constant   
  12  pNy1         0.00000e+00   constant   
  13  w_y          0.00000e+00   constant   
  14  ANy2         7.39162e-03     fixed    
  15  pNy2         2.23607e+00   constant   
  16  w_vw         1.43191e+01   constant   
  17  LM          -1.34420e-04   constant   
  18  wCBO_expCoeff   2.00024e+02   1.50719e-02  -1.59395e-04  -1.64913e-02
  19  wCBO_expOffset   2.00004e+02   2.31952e-03  -2.46582e-05   1.02126e+00
  20  wCBO_expT    3.00022e+01   2.31117e-03   2.45822e-05   6.48999e-01
  21  wCBO_linCoeff   0.00000e+00   constant   
  22  wCBO_const  -7.37554e-03   7.99351e-04  -4.38707e-06   4.11900e-01
 EXTERNAL ERROR MATRIX.    NDIM=  25    NPAR=  7    ERR DEF=1
  6.086e+05  3.766e-03 -6.444e-04  8.754e-01  1.374e-01 -1.414e-01  2.161e-02 
  3.766e-03  9.924e-08 -3.917e-09  7.190e-09  6.383e-09  2.135e-09 -1.022e-08 
 -6.444e-04 -3.917e-09  7.968e-07 -6.599e-07 -1.050e-07  7.139e-08  1.612e-08 
  8.754e-01  7.190e-09 -6.599e-07  2.272e-04  2.929e-05 -3.246e-05  6.113e-06 
  1.374e-01  6.383e-09 -1.050e-07  2.929e-05  5.380e-06 -5.009e-06  9.457e-07 
 -1.414e-01  2.135e-09  7.139e-08 -3.246e-05 -5.009e-06  5.342e-06 -1.270e-06 
  2.161e-02 -1.022e-08  1.612e-08  6.113e-06  9.457e-07 -1.270e-06  6.390e-07 
 PARAMETER  CORRELATION COEFFICIENTS  
       NO.  GLOBAL      1      3      4     18     19     20     22
        1  0.08716   1.000  0.015 -0.001  0.074  0.076 -0.078  0.035
        3  0.05949   0.015  1.000 -0.014  0.002  0.009  0.003 -0.041
        4  0.08830  -0.001 -0.014  1.000 -0.049 -0.051  0.035  0.023
       18  0.97434   0.074  0.002 -0.049  1.000  0.838 -0.932  0.507
       19  0.97552   0.076  0.009 -0.051  0.838  1.000 -0.934  0.510
       20  0.99415  -0.078  0.003  0.035 -0.932 -0.934  1.000 -0.688
       22  0.91664   0.035 -0.041  0.023  0.507  0.510 -0.688  1.000
MINUIT - FIT ONLY 1-CBO + other amplitudes 
 **********
 **   16 **RES 
 **********
                   PARAMETER   14  ANy2 RESTORED TO VARIABLE.
                   PARAMETER    8  phi_CBO RESTORED TO VARIABLE.
                   PARAMETER    7  w_CBO RESTORED TO VARIABLE.
                   PARAMETER    6  A_CBO RESTORED TO VARIABLE.
 **********
 **   17 **FIX            0
 **********
 PARAMETER    0  IS UNDEFINED. IGNORED.
 **********
 **   18 **FIX            1
 **********
 **********
 **   19 **FIX            2
 **********
 PARAMETER    2  IS CONSTANT.   IGNORED.
 **********
 **   20 **FIX            3
 **********
 **********
 **   21 **FIX            4
 **********
 **********
 **   22 **FIX            9
 **********
 PARAMETER    9  IS CONSTANT.   IGNORED.
 **********
 **   23 **FIX           11
 **********
 PARAMETER   11  IS CONSTANT.   IGNORED.
 **********
 **   24 **FIX           12
 **********
 PARAMETER   12  IS CONSTANT.   IGNORED.
 **********
 **   25 **FIX           14
 **********
 **********
 **   26 **FIX           15
 **********
 PARAMETER   15  IS CONSTANT.   IGNORED.
 **********
 **   27 **FIX           16
 **********
 PARAMETER   16  IS CONSTANT.   IGNORED.
 **********
 **   28 **MIGRAD
 **********
 START MIGRAD MINIMIZATION.  STRATEGY  1.  CONVERGENCE WHEN EDM .LT. 1.00e-04
 FCN=844.86 FROM MIGRAD    STATUS=INITIATE       20 CALLS         282 TOTAL
                     EDM= unknown      STRATEGY= 1      NO ERROR MATRIX       
  EXT PARAMETER               CURRENT GUESS       STEP         FIRST   
  NO.   NAME      VALUE            ERROR          SIZE      DERIVATIVE 
   1  N0           3.30511e+06     fixed    
   2  tau          6.44004e+01   constant   
   3  A0           3.61878e-01     fixed    
   4  phi          4.12122e+00     fixed    
   5  R           -6.05915e+01   constant   
   6  A_CBO        1.96713e-03   1.00000e-05   1.00000e-05   1.42348e+04
   7  w_CBO        2.32698e+00   1.00000e-03   1.00000e-03  -9.64038e-01
   8  phi_CBO      6.03075e+00   1.00000e-04   1.00000e-04   2.68232e+00
   9  ANx2         3.16430e-04   constant   
  10  pNx2         2.82055e+00   constant   
  11  ANy1         0.00000e+00   constant   
  12  pNy1         0.00000e+00   constant   
  13  w_y          0.00000e+00   constant   
  14  ANy2         7.39162e-03     fixed    
  15  pNy2         2.23607e+00   constant   
  16  w_vw         1.43191e+01   constant   
  17  LM          -1.34420e-04   constant   
  18  wCBO_expCoeff   2.00024e+02   1.50719e-02  -1.59395e-04  -1.64913e-02
  19  wCBO_expOffset   2.00004e+02   2.31952e-03  -2.46582e-05   1.02126e+00
  20  wCBO_expT    3.00022e+01   2.31117e-03   2.45822e-05   6.48999e-01
  21  wCBO_linCoeff   0.00000e+00   constant   
  22  wCBO_const  -7.37554e-03   7.99351e-04  -4.38707e-06   4.11898e-01
 MIGRAD MINIMIZATION HAS CONVERGED.
 FCN=837.547 FROM MIGRAD    STATUS=CONVERGED     188 CALLS         450 TOTAL
                     EDM=7.96421e-06    STRATEGY= 1  ERROR MATRIX UNCERTAINTY  20.8 per cent
  EXT PARAMETER                                   STEP         FIRST   
  NO.   NAME      VALUE            ERROR          SIZE      DERIVATIVE 
   1  N0           3.30511e+06     fixed    
   2  tau          6.44004e+01   constant   
   3  A0           3.61878e-01     fixed    
   4  phi          4.12122e+00     fixed    
   5  R           -6.05915e+01   constant   
   6  A_CBO        1.19536e-03   3.33495e-04   1.03286e-06  -1.95517e+00
   7  w_CBO        2.32691e+00   1.29387e-04  -2.23486e-07   7.67590e+01
   8  phi_CBO      5.07647e+00   6.02760e-01  -1.47387e-02  -1.58597e-02
   9  ANx2         3.16430e-04   constant   
  10  pNx2         2.82055e+00   constant   
  11  ANy1         0.00000e+00   constant   
  12  pNy1         0.00000e+00   constant   
  13  w_y          0.00000e+00   constant   
  14  ANy2         7.39162e-03     fixed    
  15  pNy2         2.23607e+00   constant   
  16  w_vw         1.43191e+01   constant   
  17  LM          -1.34420e-04   constant   
  18  wCBO_expCoeff   2.00018e+02   1.18894e-02  -1.59969e-05   8.22811e-01
  19  wCBO_expOffset   2.00003e+02   1.72812e-03  -2.44975e-06   4.69149e+00
  20  wCBO_expT    3.00031e+01   2.69912e-03  -5.80455e-06   1.34203e+01
  21  wCBO_linCoeff   0.00000e+00   constant   
  22  wCBO_const  -8.38431e-03   8.15979e-04  -7.73814e-06   1.41990e+01
 EXTERNAL ERROR MATRIX.    NDIM=  25    NPAR=  7    ERR DEF=1
  1.112e-07  3.376e-09 -6.724e-06  3.120e-07  4.526e-08 -7.433e-08  1.015e-08 
  3.376e-09  1.674e-08 -4.356e-06  1.387e-06  2.009e-07 -3.283e-07  5.455e-08 
 -6.724e-06 -4.356e-06  3.633e-01 -5.267e-04 -7.387e-05  3.120e-04  1.750e-04 
  3.120e-07  1.387e-06 -5.267e-04  1.414e-04  1.851e-05 -3.015e-05  4.779e-06 
  4.526e-08  2.009e-07 -7.387e-05  1.851e-05  2.986e-06 -4.365e-06  6.887e-07 
 -7.433e-08 -3.283e-07  3.120e-04 -3.015e-05 -4.365e-06  7.285e-06 -1.279e-06 
  1.015e-08  5.455e-08  1.750e-04  4.779e-06  6.887e-07 -1.279e-06  6.658e-07 
 PARAMETER  CORRELATION COEFFICIENTS  
       NO.  GLOBAL      6      7      8     18     19     20     22
        6  0.08692   1.000  0.078 -0.033  0.079  0.079 -0.083  0.037
        7  0.96266   0.078  1.000 -0.056  0.902  0.899 -0.940  0.517
        8  0.88988  -0.033 -0.056  1.000 -0.073 -0.071  0.192  0.356
       18  0.96326   0.079  0.902 -0.073  1.000  0.901 -0.940  0.493
       19  0.96089   0.079  0.899 -0.071  0.901  1.000 -0.936  0.488
       20  0.99359  -0.083 -0.940  0.192 -0.940 -0.936  1.000 -0.581
       22  0.90583   0.037  0.517  0.356  0.493  0.488 -0.581  1.000
MINUIT - FIT ONLY 1-CBO
 **********
 **   29 **RES 
 **********
                   PARAMETER   14  ANy2 RESTORED TO VARIABLE.
                   PARAMETER    4  phi RESTORED TO VARIABLE.
                   PARAMETER    3  A0 RESTORED TO VARIABLE.
                   PARAMETER    1  N0 RESTORED TO VARIABLE.
 **********
 **   30 **FIX            0
 **********
 PARAMETER    0  IS UNDEFINED. IGNORED.
 **********
 **   31 **FIX            1
 **********
 **********
 **   32 **FIX            2
 **********
 PARAMETER    2  IS CONSTANT.   IGNORED.
 **********
 **   33 **FIX            3
 **********
 **********
 **   34 **FIX            4
 **********
 **********
 **   35 **FIX            8
 **********
 **********
 **   36 **FIX            9
 **********
 PARAMETER    9  IS CONSTANT.   IGNORED.
 **********
 **   37 **FIX           11
 **********
 PARAMETER   11  IS CONSTANT.   IGNORED.
 **********
 **   38 **FIX           12
 **********
 PARAMETER   12  IS CONSTANT.   IGNORED.
 **********
 **   39 **FIX           13
 **********
 PARAMETER   13  IS CONSTANT.   IGNORED.
 **********
 **   40 **FIX           15
 **********
 PARAMETER   15  IS CONSTANT.   IGNORED.
 **********
 **   41 **FIX           16
 **********
 PARAMETER   16  IS CONSTANT.   IGNORED.
 **********
 **   42 **MIGRAD
 **********
 START MIGRAD MINIMIZATION.  STRATEGY  1.  CONVERGENCE WHEN EDM .LT. 1.00e-04
 FCN=837.547 FROM MIGRAD    STATUS=INITIATE       16 CALLS         466 TOTAL
                     EDM= unknown      STRATEGY= 1      NO ERROR MATRIX       
  EXT PARAMETER               CURRENT GUESS       STEP         FIRST   
  NO.   NAME      VALUE            ERROR          SIZE      DERIVATIVE 
   1  N0           3.30511e+06     fixed    
   2  tau          6.44004e+01   constant   
   3  A0           3.61878e-01     fixed    
   4  phi          4.12122e+00     fixed    
   5  R           -6.05915e+01   constant   
   6  A_CBO        1.19536e-03   3.33495e-04   1.03286e-06  -1.95517e+00
   7  w_CBO        2.32691e+00   1.29387e-04  -2.23486e-07   7.67590e+01
   8  phi_CBO      5.07647e+00     fixed    
   9  ANx2         3.16430e-04   constant   
  10  pNx2         2.82055e+00   constant   
  11  ANy1         0.00000e+00   constant   
  12  pNy1         0.00000e+00   constant   
  13  w_y          0.00000e+00   constant   
  14  ANy2         7.39162e-03   1.00000e-04   1.00000e-04   1.31113e+05
  15  pNy2         2.23607e+00   constant   
  16  w_vw         1.43191e+01   constant   
  17  LM          -1.34420e-04   constant   
  18  wCBO_expCoeff   2.00018e+02   1.18894e-02  -1.59969e-05   8.22811e-01
  19  wCBO_expOffset   2.00003e+02   1.72812e-03  -2.44975e-06   4.69149e+00
  20  wCBO_expT    3.00031e+01   2.69912e-03  -5.80455e-06   1.34203e+01
  21  wCBO_linCoeff   0.00000e+00   constant   
  22  wCBO_const  -8.38431e-03   8.15979e-04  -7.73814e-06   1.41990e+01
 MIGRAD MINIMIZATION HAS CONVERGED.
 MIGRAD WILL VERIFY CONVERGENCE AND ERROR MATRIX.
 FCN=361.769 FROM MIGRAD    STATUS=CONVERGED     199 CALLS         649 TOTAL
                     EDM=1.64745e-06    STRATEGY= 1      ERR MATRIX NOT POS-DEF
  EXT PARAMETER                APPROXIMATE        STEP         FIRST   
  NO.   NAME      VALUE            ERROR          SIZE      DERIVATIVE 
   1  N0           3.30511e+06     fixed    
   2  tau          6.44004e+01   constant   
   3  A0           3.61878e-01     fixed    
   4  phi          4.12122e+00     fixed    
   5  R           -6.05915e+01   constant   
   6  A_CBO        4.87893e-04   3.34819e-04   3.05419e-06   1.75582e-01
   7  w_CBO        2.32686e+00   9.29982e-04   1.10953e-06  -1.31021e+01
   8  phi_CBO      5.07647e+00     fixed    
   9  ANx2         3.16430e-04   constant   
  10  pNx2         2.82055e+00   constant   
  11  ANy1         0.00000e+00   constant   
  12  pNy1         0.00000e+00   constant   
  13  w_y          0.00000e+00   constant   
  14  ANy2         1.34607e-04   3.30801e-04   3.07424e-06   1.33759e+00
  15  pNy2         2.23607e+00   constant   
  16  w_vw         1.43191e+01   constant   
  17  LM          -1.34420e-04   constant   
  18  wCBO_expCoeff   2.00014e+02   8.25196e-02   9.53742e-05  -1.51557e-01
  19  wCBO_expOffset   2.00002e+02   1.63590e-02   9.53684e-05  -1.00937e+00
  20  wCBO_expT    3.00034e+01   4.12029e-03   1.43067e-05  -1.96052e+00
  21  wCBO_linCoeff   0.00000e+00   constant   
  22  wCBO_const  -8.49490e-03   1.23033e-03   6.05555e-06  -1.81654e-01
 EXTERNAL ERROR MATRIX.    NDIM=  25    NPAR=  7    ERR DEF=1
  1.121e-07  1.790e-08  7.083e-09  1.635e-06 -2.222e-07 -1.836e-07  3.617e-08 
  1.790e-08  8.649e-07  3.570e-09 -1.343e-05 -8.489e-06 -3.504e-07 -2.905e-07 
  7.083e-09  3.570e-09  1.094e-07  3.426e-07 -1.410e-07  3.973e-08 -5.455e-09 
  1.635e-06 -1.343e-05  3.426e-07  6.809e-03 -7.940e-04 -2.862e-05  1.151e-05 
 -2.222e-07 -8.489e-06 -1.410e-07 -7.940e-04  2.676e-04 -2.104e-05  6.803e-06 
 -1.836e-07 -3.504e-07  3.973e-08 -2.862e-05 -2.104e-05  1.698e-05 -3.277e-06 
  3.617e-08 -2.905e-07 -5.455e-09  1.151e-05  6.803e-06 -3.277e-06  1.514e-06 
ERR MATRIX NOT POS-DEF
 PARAMETER  CORRELATION COEFFICIENTS  
       NO.  GLOBAL      6      7     14     18     19     20     22
        6  0.22062   1.000  0.058  0.064  0.059 -0.041 -0.133  0.088
        7  0.99452   0.058  1.000  0.012 -0.175 -0.558 -0.091 -0.254
       14  0.11214   0.064  0.012  1.000  0.013 -0.026  0.029 -0.013
       18  0.99439   0.059 -0.175  0.013  1.000 -0.588 -0.084  0.113
       19  0.99679  -0.041 -0.558 -0.026 -0.588  1.000 -0.312  0.338
       20  0.98822  -0.133 -0.091  0.029 -0.084 -0.312  1.000 -0.647
       22  0.85000   0.088 -0.254 -0.013  0.113  0.338 -0.647  1.000
 ERR MATRIX NOT POS-DEF
MINUIT - FIT ONLY 2-CBO
 **********
 **   43 **RES 
 **********
                   PARAMETER    8  phi_CBO RESTORED TO VARIABLE.
                   PARAMETER    4  phi RESTORED TO VARIABLE.
                   PARAMETER    3  A0 RESTORED TO VARIABLE.
                   PARAMETER    1  N0 RESTORED TO VARIABLE.
 **********
 **   44 **FIX            0
 **********
 PARAMETER    0  IS UNDEFINED. IGNORED.
 **********
 **   45 **FIX            1
 **********
 **********
 **   46 **FIX            2
 **********
 PARAMETER    2  IS CONSTANT.   IGNORED.
 **********
 **   47 **FIX            3
 **********
 **********
 **   48 **FIX            4
 **********
 **********
 **   49 **FIX            5
 **********
 PARAMETER    5  IS CONSTANT.   IGNORED.
 **********
 **   50 **FIX            6
 **********
 **********
 **   51 **FIX            7
 **********
 **********
 **   52 **FIX           10
 **********
 PARAMETER   10  IS CONSTANT.   IGNORED.
 **********
 **   53 **FIX           11
 **********
 PARAMETER   11  IS CONSTANT.   IGNORED.
 **********
 **   54 **FIX           12
 **********
 PARAMETER   12  IS CONSTANT.   IGNORED.
 **********
 **   55 **FIX           13
 **********
 PARAMETER   13  IS CONSTANT.   IGNORED.
 **********
 **   56 **FIX           14
 **********
 **********
 **   57 **FIX           15
 **********
 PARAMETER   15  IS CONSTANT.   IGNORED.
 **********
 **   58 **FIX           16
 **********
 PARAMETER   16  IS CONSTANT.   IGNORED.
 **********
 **   59 **MIGRAD
 **********
 START MIGRAD MINIMIZATION.  STRATEGY  1.  CONVERGENCE WHEN EDM .LT. 1.00e-04
 FCN=361.769 FROM MIGRAD    STATUS=INITIATE       12 CALLS         661 TOTAL
                     EDM= unknown      STRATEGY= 1      NO ERROR MATRIX       
  EXT PARAMETER               CURRENT GUESS       STEP         FIRST   
  NO.   NAME      VALUE            ERROR          SIZE      DERIVATIVE 
   1  N0           3.30511e+06     fixed    
   2  tau          6.44004e+01   constant   
   3  A0           3.61878e-01     fixed    
   4  phi          4.12122e+00     fixed    
   5  R           -6.05915e+01   constant   
   6  A_CBO        4.87893e-04     fixed    
   7  w_CBO        2.32686e+00     fixed    
   8  phi_CBO      5.07647e+00   6.02760e-01   6.02760e-01  -6.10864e-01
   9  ANx2         3.16430e-04   constant   
  10  pNx2         2.82055e+00   constant   
  11  ANy1         0.00000e+00   constant   
  12  pNy1         0.00000e+00   constant   
  13  w_y          0.00000e+00   constant   
  14  ANy2         1.34607e-04     fixed    
  15  pNy2         2.23607e+00   constant   
  16  w_vw         1.43191e+01   constant   
  17  LM          -1.34420e-04   constant   
  18  wCBO_expCoeff   2.00014e+02   8.25196e-02   9.53742e-05  -1.50999e-01
  19  wCBO_expOffset   2.00002e+02   1.63590e-02   9.53684e-05  -7.91398e-01
  20  wCBO_expT    3.00034e+01   4.12029e-03   1.43067e-05  -1.90496e+00
  21  wCBO_linCoeff   0.00000e+00   constant   
  22  wCBO_const  -8.49490e-03   1.23033e-03   6.05555e-06  -1.76727e-01
 MIGRAD MINIMIZATION HAS CONVERGED.
 MIGRAD WILL VERIFY CONVERGENCE AND ERROR MATRIX.
 COVARIANCE MATRIX CALCULATED SUCCESSFULLY
 FCN=361.623 FROM MIGRAD    STATUS=CONVERGED     130 CALLS         779 TOTAL
                     EDM=9.07097e-07    STRATEGY= 1      ERROR MATRIX ACCURATE 
  EXT PARAMETER                                   STEP         FIRST   
  NO.   NAME      VALUE            ERROR          SIZE      DERIVATIVE 
   1  N0           3.30511e+06     fixed    
   2  tau          6.44004e+01   constant   
   3  A0           3.61878e-01     fixed    
   4  phi          4.12122e+00     fixed    
   5  R           -6.05915e+01   constant   
   6  A_CBO        4.87893e-04     fixed    
   7  w_CBO        2.32686e+00     fixed    
   8  phi_CBO      5.51768e+00   1.12230e+00   6.40225e-03   1.56723e-03
   9  ANx2         3.16430e-04   constant   
  10  pNx2         2.82055e+00   constant   
  11  ANy1         0.00000e+00   constant   
  12  pNy1         0.00000e+00   constant   
  13  w_y          0.00000e+00   constant   
  14  ANy2         1.34607e-04     fixed    
  15  pNy2         2.23607e+00   constant   
  16  w_vw         1.43191e+01   constant   
  17  LM          -1.34420e-04   constant   
  18  wCBO_expCoeff   2.00006e+02   1.07480e-01   9.53703e-05  -1.68972e-02
  19  wCBO_expOffset   2.00001e+02   1.46067e-02   9.53678e-05  -1.12919e-01
  20  wCBO_expT    3.00048e+01   5.29623e-03   1.43074e-05  -6.54398e-01
  21  wCBO_linCoeff   0.00000e+00   constant   
  22  wCBO_const  -8.51284e-03   1.38702e-03   5.99116e-06  -8.85238e-01
 EXTERNAL ERROR MATRIX.    NDIM=  25    NPAR=  5    ERR DEF=1
  1.260e+00 -2.564e-02 -2.312e-03  3.337e-03  9.284e-05 
 -2.564e-02  1.155e-02 -1.263e-03 -2.558e-04  3.759e-05 
 -2.312e-03 -1.263e-03  2.134e-04 -1.223e-05  5.849e-07 
  3.337e-03 -2.558e-04 -1.223e-05  2.805e-05 -4.187e-06 
  9.284e-05  3.759e-05  5.849e-07 -4.187e-06  1.924e-06 
 PARAMETER  CORRELATION COEFFICIENTS  
       NO.  GLOBAL      8     18     19     20     22
        8  0.78934   1.000 -0.213 -0.141  0.561  0.060
       18  0.99716  -0.213  1.000 -0.804 -0.449  0.252
       19  0.99653  -0.141 -0.804  1.000 -0.158  0.029
       20  0.99425   0.561 -0.449 -0.158  1.000 -0.570
       22  0.88562   0.060  0.252  0.029 -0.570  1.000
MINUIT - FIT ONLY 1-y
 **********
 **   60 **RES 
 **********
                   PARAMETER   14  ANy2 RESTORED TO VARIABLE.
                   PARAMETER    7  w_CBO RESTORED TO VARIABLE.
                   PARAMETER    6  A_CBO RESTORED TO VARIABLE.
                   PARAMETER    4  phi RESTORED TO VARIABLE.
                   PARAMETER    3  A0 RESTORED TO VARIABLE.
                   PARAMETER    1  N0 RESTORED TO VARIABLE.
 **********
 **   61 **FIX            0
 **********
 PARAMETER    0  IS UNDEFINED. IGNORED.
 **********
 **   62 **FIX            1
 **********
 **********
 **   63 **FIX            2
 **********
 PARAMETER    2  IS CONSTANT.   IGNORED.
 **********
 **   64 **FIX            3
 **********
 **********
 **   65 **FIX            4
 **********
 **********
 **   66 **FIX            5
 **********
 PARAMETER    5  IS CONSTANT.   IGNORED.
 **********
 **   67 **FIX            6
 **********
 **********
 **   68 **FIX            7
 **********
 **********
 **   69 **FIX            8
 **********
 **********
 **   70 **FIX            9
 **********
 PARAMETER    9  IS CONSTANT.   IGNORED.
 **********
 **   71 **FIX           13
 **********
 PARAMETER   13  IS CONSTANT.   IGNORED.
 **********
 **   72 **FIX           14
 **********
 **********
 **   73 **FIX           15
 **********
 PARAMETER   15  IS CONSTANT.   IGNORED.
 **********
 **   74 **FIX           16
 **********
 PARAMETER   16  IS CONSTANT.   IGNORED.
 **********
 **   75 **MIGRAD
 **********
 START MIGRAD MINIMIZATION.  STRATEGY  1.  CONVERGENCE WHEN EDM .LT. 1.00e-04
 FCN=361.623 FROM MIGRAD    STATUS=INITIATE        8 CALLS         787 TOTAL
                     EDM= unknown      STRATEGY= 1      NO ERROR MATRIX       
  EXT PARAMETER               CURRENT GUESS       STEP         FIRST   
  NO.   NAME      VALUE            ERROR          SIZE      DERIVATIVE 
   1  N0           3.30511e+06     fixed    
   2  tau          6.44004e+01   constant   
   3  A0           3.61878e-01     fixed    
   4  phi          4.12122e+00     fixed    
   5  R           -6.05915e+01   constant   
   6  A_CBO        4.87893e-04     fixed    
   7  w_CBO        2.32686e+00     fixed    
   8  phi_CBO      5.51768e+00     fixed    
   9  ANx2         3.16430e-04   constant   
  10  pNx2         2.82055e+00   constant   
  11  ANy1         0.00000e+00   constant   
  12  pNy1         0.00000e+00   constant   
  13  w_y          0.00000e+00   constant   
  14  ANy2         1.34607e-04     fixed    
  15  pNy2         2.23607e+00   constant   
  16  w_vw         1.43191e+01   constant   
  17  LM          -1.34420e-04   constant   
  18  wCBO_expCoeff   2.00006e+02   1.07480e-01   9.53703e-05  -1.70635e-02
  19  wCBO_expOffset   2.00001e+02   1.46067e-02   9.53678e-05  -1.77597e-01
  20  wCBO_expT    3.00048e+01   5.29623e-03   1.43074e-05  -6.32780e-01
  21  wCBO_linCoeff   0.00000e+00   constant   
  22  wCBO_const  -8.51284e-03   1.38702e-03   5.99116e-06  -8.87681e-01
 MIGRAD MINIMIZATION HAS CONVERGED.
 MIGRAD WILL VERIFY CONVERGENCE AND ERROR MATRIX.
 COVARIANCE MATRIX CALCULATED SUCCESSFULLY
 FCN=361.623 FROM MIGRAD    STATUS=CONVERGED      45 CALLS         824 TOTAL
                     EDM=7.89343e-07    STRATEGY= 1      ERROR MATRIX ACCURATE 
  EXT PARAMETER                                   STEP         FIRST   
  NO.   NAME      VALUE            ERROR          SIZE      DERIVATIVE 
   1  N0           3.30511e+06     fixed    
   2  tau          6.44004e+01   constant   
   3  A0           3.61878e-01     fixed    
   4  phi          4.12122e+00     fixed    
   5  R           -6.05915e+01   constant   
   6  A_CBO        4.87893e-04     fixed    
   7  w_CBO        2.32686e+00     fixed    
   8  phi_CBO      5.51768e+00     fixed    
   9  ANx2         3.16430e-04   constant   
  10  pNx2         2.82055e+00   constant   
  11  ANy1         0.00000e+00   constant   
  12  pNy1         0.00000e+00   constant   
  13  w_y          0.00000e+00   constant   
  14  ANy2         1.34607e-04     fixed    
  15  pNy2         2.23607e+00   constant   
  16  w_vw         1.43191e+01   constant   
  17  LM          -1.34420e-04   constant   
  18  wCBO_expCoeff   2.00006e+02   1.04849e-01   9.53703e-05   3.18789e-02
  19  wCBO_expOffset   2.00001e+02   1.44320e-02   9.53678e-05   2.12211e-01
  20  wCBO_expT    3.00048e+01   4.38178e-03   1.43074e-05   6.35352e-02
  21  wCBO_linCoeff   0.00000e+00   constant   
  22  wCBO_const  -8.51278e-03   1.38434e-03   5.98931e-06  -2.73462e-01
 EXTERNAL ERROR MATRIX.    NDIM=  25    NPAR=  4    ERR DEF=1
  1.099e-02 -1.304e-03 -1.878e-04  3.945e-05 
 -1.304e-03  2.083e-04 -6.096e-06  7.550e-07 
 -1.878e-04 -6.096e-06  1.920e-05 -4.430e-06 
  3.945e-05  7.550e-07 -4.430e-06  1.916e-06 
 PARAMETER  CORRELATION COEFFICIENTS  
       NO.  GLOBAL     18     19     20     22
       18  0.99701   1.000 -0.862 -0.409  0.272
       19  0.99645  -0.862  1.000 -0.096  0.038
       20  0.99159  -0.409 -0.096  1.000 -0.730
       22  0.88515   0.272  0.038 -0.730  1.000
MINUIT - FIT ONLY 2-y
 **********
 **   76 **RES 
 **********
                   PARAMETER   14  ANy2 RESTORED TO VARIABLE.
                   PARAMETER    8  phi_CBO RESTORED TO VARIABLE.
                   PARAMETER    7  w_CBO RESTORED TO VARIABLE.
                   PARAMETER    6  A_CBO RESTORED TO VARIABLE.
                   PARAMETER    4  phi RESTORED TO VARIABLE.
                   PARAMETER    3  A0 RESTORED TO VARIABLE.
                   PARAMETER    1  N0 RESTORED TO VARIABLE.
 **********
 **   77 **FIX            0
 **********
 PARAMETER    0  IS UNDEFINED. IGNORED.
 **********
 **   78 **FIX            1
 **********
 **********
 **   79 **FIX            2
 **********
 PARAMETER    2  IS CONSTANT.   IGNORED.
 **********
 **   80 **FIX            3
 **********
 **********
 **   81 **FIX            4
 **********
 **********
 **   82 **FIX            5
 **********
 PARAMETER    5  IS CONSTANT.   IGNORED.
 **********
 **   83 **FIX            6
 **********
 **********
 **   84 **FIX            7
 **********
 **********
 **   85 **FIX            8
 **********
 **********
 **   86 **FIX            9
 **********
 PARAMETER    9  IS CONSTANT.   IGNORED.
 **********
 **   87 **FIX           10
 **********
 PARAMETER   10  IS CONSTANT.   IGNORED.
 **********
 **   88 **FIX           11
 **********
 PARAMETER   11  IS CONSTANT.   IGNORED.
 **********
 **   89 **FIX           12
 **********
 PARAMETER   12  IS CONSTANT.   IGNORED.
 **********
 **   90 **FIX           16
 **********
 PARAMETER   16  IS CONSTANT.   IGNORED.
 **********
 **   91 **MIGRAD
 **********
 START MIGRAD MINIMIZATION.  STRATEGY  1.  CONVERGENCE WHEN EDM .LT. 1.00e-04
 FCN=361.623 FROM MIGRAD    STATUS=INITIATE       10 CALLS         834 TOTAL
                     EDM= unknown      STRATEGY= 1      NO ERROR MATRIX       
  EXT PARAMETER               CURRENT GUESS       STEP         FIRST   
  NO.   NAME      VALUE            ERROR          SIZE      DERIVATIVE 
   1  N0           3.30511e+06     fixed    
   2  tau          6.44004e+01   constant   
   3  A0           3.61878e-01     fixed    
   4  phi          4.12122e+00     fixed    
   5  R           -6.05915e+01   constant   
   6  A_CBO        4.87893e-04     fixed    
   7  w_CBO        2.32686e+00     fixed    
   8  phi_CBO      5.51768e+00     fixed    
   9  ANx2         3.16430e-04   constant   
  10  pNx2         2.82055e+00   constant   
  11  ANy1         0.00000e+00   constant   
  12  pNy1         0.00000e+00   constant   
  13  w_y          0.00000e+00   constant   
  14  ANy2         1.34607e-04   3.30801e-04   3.30801e-04   7.99237e+01
  15  pNy2         2.23607e+00   constant   
  16  w_vw         1.43191e+01   constant   
  17  LM          -1.34420e-04   constant   
  18  wCBO_expCoeff   2.00006e+02   1.04849e-01   9.53703e-05   3.17113e-02
  19  wCBO_expOffset   2.00001e+02   1.44320e-02   9.53678e-05   1.47001e-01
  20  wCBO_expT    3.00048e+01   4.38178e-03   1.43074e-05   9.19816e-02
  21  wCBO_linCoeff   0.00000e+00   constant   
  22  wCBO_const  -8.51278e-03   1.38434e-03   5.98931e-06  -2.75911e-01
 MIGRAD MINIMIZATION HAS CONVERGED.
 MIGRAD WILL VERIFY CONVERGENCE AND ERROR MATRIX.
 COVARIANCE MATRIX CALCULATED SUCCESSFULLY
 FCN=361.623 FROM MIGRAD    STATUS=CONVERGED      68 CALLS         892 TOTAL
                     EDM=2.86085e-07    STRATEGY= 1      ERROR MATRIX ACCURATE 
  EXT PARAMETER                                   STEP         FIRST   
  NO.   NAME      VALUE            ERROR          SIZE      DERIVATIVE 
   1  N0           3.30511e+06     fixed    
   2  tau          6.44004e+01   constant   
   3  A0           3.61878e-01     fixed    
   4  phi          4.12122e+00     fixed    
   5  R           -6.05915e+01   constant   
   6  A_CBO        4.87893e-04     fixed    
   7  w_CBO        2.32686e+00     fixed    
   8  phi_CBO      5.51768e+00     fixed    
   9  ANx2         3.16430e-04   constant   
  10  pNx2         2.82055e+00   constant   
  11  ANy1         0.00000e+00   constant   
  12  pNy1         0.00000e+00   constant   
  13  w_y          0.00000e+00   constant   
  14  ANy2         1.30216e-04   3.31739e-04   3.07361e-06   1.09890e-01
  15  pNy2         2.23607e+00   constant   
  16  w_vw         1.43191e+01   constant   
  17  LM          -1.34420e-04   constant   
  18  wCBO_expCoeff   2.00006e+02   1.05711e-01   9.53703e-05   1.40966e-02
  19  wCBO_expOffset   2.00001e+02   1.45727e-02   9.53678e-05   9.36893e-02
  20  wCBO_expT    3.00048e+01   4.38861e-03   1.43074e-05  -5.16028e-02
  21  wCBO_linCoeff   0.00000e+00   constant   
  22  wCBO_const  -8.51284e-03   1.38546e-03   5.99081e-06  -4.18002e-01
 EXTERNAL ERROR MATRIX.    NDIM=  25    NPAR=  5    ERR DEF=1
  1.101e-07  1.568e-07 -5.516e-08  3.351e-08 -4.828e-09 
  1.568e-07  1.117e-02 -1.331e-03 -1.881e-04  3.957e-05 
 -5.516e-08 -1.331e-03  2.124e-04 -6.140e-06  7.568e-07 
  3.351e-08 -1.881e-04 -6.140e-06  1.926e-05 -4.443e-06 
 -4.828e-09  3.957e-05  7.568e-07 -4.443e-06  1.919e-06 
 PARAMETER  CORRELATION COEFFICIENTS  
       NO.  GLOBAL     14     18     19     20     22
       14  0.08419   1.000  0.004 -0.011  0.023 -0.011
       18  0.99706   0.004  1.000 -0.864 -0.406  0.270
       19  0.99652  -0.011 -0.864  1.000 -0.096  0.037
       20  0.99161   0.023 -0.406 -0.096  1.000 -0.731
       22  0.88529  -0.011  0.270  0.037 -0.731  1.000
MINUIT - FIT ALTOGETHER
 **********
 **   92 **RES 
 **********
                   PARAMETER    8  phi_CBO RESTORED TO VARIABLE.
                   PARAMETER    7  w_CBO RESTORED TO VARIABLE.
                   PARAMETER    6  A_CBO RESTORED TO VARIABLE.
                   PARAMETER    4  phi RESTORED TO VARIABLE.
                   PARAMETER    3  A0 RESTORED TO VARIABLE.
                   PARAMETER    1  N0 RESTORED TO VARIABLE.
 **********
 **   93 **MIGRAD
 **********
 START MIGRAD MINIMIZATION.  STRATEGY  1.  CONVERGENCE WHEN EDM .LT. 1.00e-04
 FCN=361.623 FROM MIGRAD    STATUS=INITIATE       22 CALLS         914 TOTAL
                     EDM= unknown      STRATEGY= 1      NO ERROR MATRIX       
  EXT PARAMETER               CURRENT GUESS       STEP         FIRST   
  NO.   NAME      VALUE            ERROR          SIZE      DERIVATIVE 
   1  N0           3.30511e+06   7.80131e+02   7.80131e+02  -2.17155e-05
   2  tau          6.44004e+01   constant   
   3  A0           3.61878e-01   3.15020e-04   3.15020e-04   1.19928e+03
   4  phi          4.12122e+00   8.92632e-04   8.92632e-04  -1.75392e+02
   5  R           -6.05915e+01   constant   
   6  A_CBO        4.87893e-04   3.34819e-04   3.34819e-04   9.92091e+01
   7  w_CBO        2.32686e+00   9.29982e-04   9.29982e-04   1.02256e+00
   8  phi_CBO      5.51768e+00   1.12230e+00   1.12230e+00  -4.04639e-04
   9  ANx2         3.16430e-04   constant   
  10  pNx2         2.82055e+00   constant   
  11  ANy1         0.00000e+00   constant   
  12  pNy1         0.00000e+00   constant   
  13  w_y          0.00000e+00   constant   
  14  ANy2         1.30216e-04   3.31739e-04   3.07361e-06   1.09890e-01
  15  pNy2         2.23607e+00   constant   
  16  w_vw         1.43191e+01   constant   
  17  LM          -1.34420e-04   constant   
  18  wCBO_expCoeff   2.00006e+02   1.05711e-01   9.53703e-05   1.39356e-02
  19  wCBO_expOffset   2.00001e+02   1.45727e-02   9.53678e-05   3.10440e-02
  20  wCBO_expT    3.00048e+01   4.38861e-03   1.43074e-05  -2.27954e-02
  21  wCBO_linCoeff   0.00000e+00   constant   
  22  wCBO_const  -8.51284e-03   1.38546e-03   5.99081e-06  -4.20438e-01
 MIGRAD MINIMIZATION HAS CONVERGED.
 MIGRAD WILL VERIFY CONVERGENCE AND ERROR MATRIX.
 COVARIANCE MATRIX CALCULATED SUCCESSFULLY
 FCN=361.58 FROM MIGRAD    STATUS=CONVERGED     195 CALLS        1087 TOTAL
                     EDM=3.8898e-05    STRATEGY= 1      ERROR MATRIX ACCURATE 
  EXT PARAMETER                                   STEP         FIRST   
  NO.   NAME      VALUE            ERROR          SIZE      DERIVATIVE 
   1  N0           3.30512e+06   7.73676e+02   7.12270e+00  -9.42813e-07
   2  tau          6.44004e+01   constant   
