 + ++++++++++++++++++++++++++++++++++++++++++++++++++++++++++++++++++++ +
 +                                                                      +
 +           You have chose to blind your fitting according to          +
 +                omega_ref * (1 + (R +/- deltaR) *10^{-6})             +
 +                                                                      +
 + ++++++++++++++++++++++++++++++++++++++++++++++++++++++++++++++++++++ +
In main()...
reading format from /gm2data/zkhechad/run45/envelope/formats/formatB_sBin_constraintOn.txt
pBinTau 	= 0  
pBinPhi 	= 0  
constraintau 	= 1 
includeMopTerm 	= 0    
constrainMop    = 0   
Parameters after format file: pBinTau 0 pBinPhi 0 constraintau 1 includeMopTerm 0 constrainMop 0 c_e_scale 0.000000 
reading cbo reference file (full fit) from /gm2data/zkhechad/cboTemplates/Run4CBOTemplates/fullFits/run4/sBin_constraintOn_cE0.0_seed0_run4_calo15.root
A_CBO 0.008274 w_CBO 2.326361 phi_CBO 0.928510 N0 2995032.431773 R -60.169268 tau 64.399261 
Reading cboRef file /gm2data/zkhechad/cboTemplates/Run4CBOTemplates//cboIsolate/run4_calo15.root
deltaT 20.738682
windowBins = 130
fitting sliding window 580 from bin 783 at 116.823600 to bin 913 at 136.219600 (130 bins)

Reading data from /gm2data/cornell/histograms/aMethod/histogram_a_run4.root
fitting cbo isolate
 **********
 **    1 **SET PRINTOUT            1
 **********
 **********
 **    2 **SET NOWARNINGS 
 **********
 PARAMETER DEFINITIONS:
    NO.   NAME         VALUE      STEP SIZE      LIMITS
     1 A_CBO        8.27396e-03  1.00000e-05     no limits
     2 w_CBO        2.32636e+00  1.00000e-02    2.00000e+00  3.00000e+00
     3 phi_CBO      9.28510e-01  1.00000e-02    0.00000e+00  6.28319e+00
 **********
 **    3 **MIGRAD
 **********
 FIRST CALL TO USER FUNCTION AT NEW START POINT, WITH IFLAG=4.
 START MIGRAD MINIMIZATION.  STRATEGY  1.  CONVERGENCE WHEN EDM .LT. 1.00e-04
 FCN=0.00147294 FROM MIGRAD    STATUS=INITIATE       10 CALLS          11 TOTAL
                     EDM= unknown      STRATEGY= 1      NO ERROR MATRIX       
  EXT PARAMETER               CURRENT GUESS       STEP         FIRST   
  NO.   NAME      VALUE            ERROR          SIZE      DERIVATIVE 
   1  A_CBO        8.27396e-03   1.00000e-05   1.00000e-05   5.82936e-01
   2  w_CBO        2.32636e+00   1.00000e-02   2.13296e-02   2.99055e-03
   3  phi_CBO      9.28510e-01   1.00000e-02   4.48483e-03  -1.30322e-04
 MIGRAD MINIMIZATION HAS CONVERGED.
 MIGRAD WILL VERIFY CONVERGENCE AND ERROR MATRIX.
 FCN=0.000158733 FROM MIGRAD    STATUS=CONVERGED      39 CALLS          40 TOTAL
                     EDM=1.90526e-06    STRATEGY= 1      ERR MATRIX NOT POS-DEF
  EXT PARAMETER                APPROXIMATE        STEP         FIRST   
  NO.   NAME      VALUE            ERROR          SIZE      DERIVATIVE 
   1  A_CBO        3.76910e-03   1.26942e-01   6.06758e-05  -5.18051e-05
   2  w_CBO        2.32626e+00   5.05117e-01   2.70082e-04   1.07031e-03
   3  phi_CBO      9.42867e-01   3.83393e+00   7.16972e-03  -4.82604e-05
 EXTERNAL ERROR MATRIX.    NDIM=  25    NPAR=  3    ERR DEF=1
  1.611e-02 -1.145e-01 -1.459e+01 
 -1.145e-01  1.678e+01  2.128e+03 
 -1.459e+01  2.128e+03  2.709e+05 
ERR MATRIX NOT POS-DEF
 PARAMETER  CORRELATION COEFFICIENTS  
       NO.  GLOBAL      1      2      3
        1  0.22084   1.000 -0.220 -0.221
        2  0.99801  -0.220  1.000  0.998
        3  0.99801  -0.221  0.998  1.000
 ERR MATRIX NOT POS-DEF
setting A_CBO=0.003769 w_CBO=2.326264, phi_CBO=0.942867
done fitting cbo isolate
 **********
 **    1 **SET PRINTOUT            1
 **********
 **********
 **    2 **SET NOWARNINGS 
 **********
 PARAMETER DEFINITIONS:
    NO.   NAME         VALUE      STEP SIZE      LIMITS
     1 N0           2.99503e+06  1.00000e+02     no limits
     2 tau          6.43993e+01  constant
     3 A0           3.54065e-01  1.00000e-04     no limits
     4 phi          4.11942e+00  1.00000e-02     no limits
     5 R           -6.01693e+01  constant
     6 A_CBO        3.76910e-03  1.00000e-05     no limits
     7 w_CBO        2.32626e+00  1.00000e-03     no limits
     8 phi_CBO      9.42867e-01  1.00000e-04     no limits
     9 ANx2         6.17909e-04  constant
    10 pNx2         3.86483e+00  constant
    11 ANy1         0.00000e+00  constant
    12 pNy1         0.00000e+00  constant
    13 w_y          0.00000e+00  constant
    14 ANy2         7.96733e-03  1.00000e-04     no limits
    15 pNy2         1.76471e+00  constant
    16 w_vw         1.43097e+01  constant
    17 LM          -1.37296e-04  constant
    18 wCBO_expCoeff   2.00000e+02  1.00000e+00     no limits
    19 wCBO_expOffset   2.00000e+02  1.00000e+00     no limits
    20 wCBO_expT    3.00000e+01  1.00000e+00     no limits
    21 wCBO_linCoeff   0.00000e+00  constant
    22 wCBO_const   0.00000e+00  1.00000e-02     no limits
MINUIT - FIT ONLY WIGGLE
 **********
 **    3 **FIX            5
 **********
 PARAMETER    5  IS CONSTANT.   IGNORED.
 **********
 **    4 **FIX            6
 **********
 **********
 **    5 **FIX            7
 **********
 **********
 **    6 **FIX            8
 **********
 **********
 **    7 **FIX            9
 **********
 PARAMETER    9  IS CONSTANT.   IGNORED.
 **********
 **    8 **FIX           10
 **********
 PARAMETER   10  IS CONSTANT.   IGNORED.
 **********
 **    9 **FIX           11
 **********
 PARAMETER   11  IS CONSTANT.   IGNORED.
 **********
 **   10 **FIX           12
 **********
 PARAMETER   12  IS CONSTANT.   IGNORED.
 **********
 **   11 **FIX           13
 **********
 PARAMETER   13  IS CONSTANT.   IGNORED.
 **********
 **   12 **FIX           14
 **********
 **********
 **   13 **FIX           15
 **********
 PARAMETER   15  IS CONSTANT.   IGNORED.
 **********
 **   14 **FIX           16
 **********
 PARAMETER   16  IS CONSTANT.   IGNORED.
 **********
 **   15 **MIGRAD
 **********
 FIRST CALL TO USER FUNCTION AT NEW START POINT, WITH IFLAG=4.
 START MIGRAD MINIMIZATION.  STRATEGY  1.  CONVERGENCE WHEN EDM .LT. 1.00e-04
 FCN=1551.28 FROM MIGRAD    STATUS=INITIATE       34 CALLS          35 TOTAL
                     EDM= unknown      STRATEGY= 1      NO ERROR MATRIX       
  EXT PARAMETER               CURRENT GUESS       STEP         FIRST   
  NO.   NAME      VALUE            ERROR          SIZE      DERIVATIVE 
   1  N0           2.99503e+06   1.00000e+02   1.00000e+02   4.69303e-03
   2  tau          6.43993e+01   constant   
   3  A0           3.54065e-01   1.00000e-04   1.00000e-04   1.62461e+04
   4  phi          4.11942e+00   1.00000e-02   1.00000e-02   2.98442e+03
   5  R           -6.01693e+01   constant   
   6  A_CBO        3.76910e-03     fixed    
   7  w_CBO        2.32626e+00     fixed    
   8  phi_CBO      9.42867e-01     fixed    
   9  ANx2         6.17909e-04   constant   
  10  pNx2         3.86483e+00   constant   
  11  ANy1         0.00000e+00   constant   
  12  pNy1         0.00000e+00   constant   
  13  w_y          0.00000e+00   constant   
  14  ANy2         7.96733e-03     fixed    
  15  pNy2         1.76471e+00   constant   
  16  w_vw         1.43097e+01   constant   
  17  LM          -1.37296e-04   constant   
  18  wCBO_expCoeff   2.00000e+02   1.00000e+00   1.00000e+00  -1.79862e+05
  19  wCBO_expOffset   2.00000e+02   1.00000e+00   1.00000e+00   3.21892e+05
  20  wCBO_expT    3.00000e+01   1.00000e+00   1.00000e+00  -2.83125e+05
  21  wCBO_linCoeff   0.00000e+00   constant   
  22  wCBO_const   0.00000e+00   1.00000e-02   1.00000e-02  -1.47055e+04
 MIGRAD FAILS TO FIND IMPROVEMENT
 FCN=1551.28 FROM HESSE     STATUS=NOT POSDEF     54 CALLS         100 TOTAL
                     EDM=28684.6    STRATEGY= 1      ERR MATRIX NOT POS-DEF
  EXT PARAMETER                APPROXIMATE        STEP         FIRST   
  NO.   NAME      VALUE            ERROR          SIZE      DERIVATIVE 
   1  N0           2.99503e+06   1.18423e+03   9.09828e+00   4.69303e-03
   2  tau          6.43993e+01   constant   
   3  A0           3.54065e-01   2.15298e-04   4.05513e-06   1.62461e+04
   4  phi          4.11942e+00   8.94979e-04   1.92378e-05   2.98442e+03
   5  R           -6.01693e+01   constant   
   6  A_CBO        3.76910e-03     fixed    
   7  w_CBO        2.32626e+00     fixed    
   8  phi_CBO      9.42867e-01     fixed    
   9  ANx2         6.17909e-04   constant   
  10  pNx2         3.86483e+00   constant   
  11  ANy1         0.00000e+00   constant   
  12  pNy1         0.00000e+00   constant   
  13  w_y          0.00000e+00   constant   
  14  ANy2         7.96733e-03     fixed    
  15  pNy2         1.76471e+00   constant   
  16  w_vw         1.43097e+01   constant   
  17  LM          -1.37296e-04   constant   
  18  wCBO_expCoeff   2.00000e+02   2.00724e-04   1.92378e-04  -1.86939e+05
  19  wCBO_expOffset   2.00000e+02   1.00162e-04   1.92378e-04  -1.24434e+06
  20  wCBO_expT    3.00000e+01   1.46193e-04   1.92378e-04   3.14699e+06
  21  wCBO_linCoeff   0.00000e+00   constant   
  22  wCBO_const   0.00000e+00   2.54362e-03   1.92378e-05  -1.47054e+04
 MIGRAD FAILS TO FIND IMPROVEMENT
 MIGRAD TERMINATED WITHOUT CONVERGENCE.
 FCN=1547.23 FROM MIGRAD    STATUS=FAILED        131 CALLS         132 TOTAL
                     EDM=13780.2    STRATEGY= 1      ERR MATRIX NOT POS-DEF
  EXT PARAMETER                APPROXIMATE        STEP         FIRST   
  NO.   NAME      VALUE            ERROR          SIZE      DERIVATIVE 
   1  N0           2.99498e+06   4.63706e+02  -0.00000e+00   3.90061e-03
   2  tau          6.43993e+01   constant   
   3  A0           3.54069e-01   1.99900e-04  -0.00000e+00   1.65124e+04
   4  phi          4.11945e+00   5.90741e-04  -0.00000e+00   1.43022e+03
   5  R           -6.01693e+01   constant   
   6  A_CBO        3.76910e-03     fixed    
   7  w_CBO        2.32626e+00     fixed    
   8  phi_CBO      9.42867e-01     fixed    
   9  ANx2         6.17909e-04   constant   
  10  pNx2         3.86483e+00   constant   
  11  ANy1         0.00000e+00   constant   
  12  pNy1         0.00000e+00   constant   
  13  w_y          0.00000e+00   constant   
  14  ANy2         7.96733e-03     fixed    
  15  pNy2         1.76471e+00   constant   
  16  w_vw         1.43097e+01   constant   
  17  LM          -1.37296e-04   constant   
  18  wCBO_expCoeff   2.00000e+02   5.35586e-05   0.00000e+00   1.06504e+05
  19  wCBO_expOffset   2.00000e+02   1.35425e-05   0.00000e+00  -1.65969e+05
  20  wCBO_expT    3.00000e+01   4.43504e-06   0.00000e+00  -1.44557e+06
  21  wCBO_linCoeff   0.00000e+00   constant   
  22  wCBO_const   1.18859e-04   5.26215e-04  -0.00000e+00   1.18495e+04
 EXTERNAL ERROR MATRIX.    NDIM=  25    NPAR=  7    ERR DEF=1
  2.150e+05  4.342e-03 -2.560e-02  5.576e-03  1.139e-03  3.242e-04 -5.084e-02 
  4.342e-03  3.996e-08  8.852e-10  2.870e-10  1.177e-10  2.579e-11 -3.430e-09 
 -2.560e-02  8.852e-10  3.490e-07 -4.020e-10 -5.539e-10 -1.718e-10  1.929e-08 
  5.576e-03  2.870e-10 -4.020e-10  2.869e-09  4.317e-10  1.426e-10 -2.511e-08 
  1.139e-03  1.177e-10 -5.539e-10  4.317e-10  1.834e-10  5.299e-11 -3.409e-09 
  3.242e-04  2.579e-11 -1.718e-10  1.426e-10  5.299e-11  1.967e-11 -8.538e-10 
 -5.084e-02 -3.430e-09  1.929e-08 -2.511e-08 -3.409e-09 -8.538e-10  2.769e-07 
ERR MATRIX NOT POS-DEF
 PARAMETER  CORRELATION COEFFICIENTS  
       NO.  GLOBAL      1      3      4     18     19     20     22
        1  0.25351   1.000  0.047 -0.093  0.224  0.181  0.158 -0.208
        3  0.06580   0.047  1.000  0.007  0.027  0.043  0.029 -0.033
        4  0.20796  -0.093  0.007  1.000 -0.013 -0.069 -0.066  0.062
       18  0.94890   0.224  0.027 -0.013  1.000  0.595  0.601 -0.891
       19  0.91286   0.181  0.043 -0.069  0.595  1.000  0.882 -0.478
       20  0.93238   0.158  0.029 -0.066  0.601  0.882  1.000 -0.366
       22  0.93692  -0.208 -0.033  0.062 -0.891 -0.478 -0.366  1.000
 ERR MATRIX NOT POS-DEF
MINUIT - FIT ONLY 1-CBO + other amplitudes 
 **********
 **   16 **RES 
 **********
                   PARAMETER   14  ANy2 RESTORED TO VARIABLE.
                   PARAMETER    8  phi_CBO RESTORED TO VARIABLE.
                   PARAMETER    7  w_CBO RESTORED TO VARIABLE.
                   PARAMETER    6  A_CBO RESTORED TO VARIABLE.
 **********
 **   17 **FIX            0
 **********
 PARAMETER    0  IS UNDEFINED. IGNORED.
 **********
 **   18 **FIX            1
 **********
 **********
 **   19 **FIX            2
 **********
 PARAMETER    2  IS CONSTANT.   IGNORED.
 **********
 **   20 **FIX            3
 **********
 **********
 **   21 **FIX            4
 **********
 **********
 **   22 **FIX            9
 **********
 PARAMETER    9  IS CONSTANT.   IGNORED.
 **********
 **   23 **FIX           11
 **********
 PARAMETER   11  IS CONSTANT.   IGNORED.
 **********
 **   24 **FIX           12
 **********
 PARAMETER   12  IS CONSTANT.   IGNORED.
 **********
 **   25 **FIX           14
 **********
 **********
 **   26 **FIX           15
 **********
 PARAMETER   15  IS CONSTANT.   IGNORED.
 **********
 **   27 **FIX           16
 **********
 PARAMETER   16  IS CONSTANT.   IGNORED.
 **********
 **   28 **MIGRAD
 **********
 START MIGRAD MINIMIZATION.  STRATEGY  1.  CONVERGENCE WHEN EDM .LT. 1.00e-04
 FCN=1547.23 FROM MIGRAD    STATUS=INITIATE       22 CALLS         154 TOTAL
                     EDM= unknown      STRATEGY= 1      NO ERROR MATRIX       
  EXT PARAMETER               CURRENT GUESS       STEP         FIRST   
  NO.   NAME      VALUE            ERROR          SIZE      DERIVATIVE 
   1  N0           2.99498e+06     fixed    
   2  tau          6.43993e+01   constant   
   3  A0           3.54069e-01     fixed    
   4  phi          4.11945e+00     fixed    
   5  R           -6.01693e+01   constant   
   6  A_CBO        3.76910e-03   1.00000e-05   1.00000e-05   7.37527e+04
   7  w_CBO        2.32626e+00   1.00000e-03   1.00000e-03   9.16120e+06
   8  phi_CBO      9.42867e-01   1.00000e-04   1.00000e-04   1.68343e+01
   9  ANx2         6.17909e-04   constant   
  10  pNx2         3.86483e+00   constant   
  11  ANy1         0.00000e+00   constant   
  12  pNy1         0.00000e+00   constant   
  13  w_y          0.00000e+00   constant   
  14  ANy2         7.96733e-03     fixed    
  15  pNy2         1.76471e+00   constant   
  16  w_vw         1.43097e+01   constant   
  17  LM          -1.37296e-04   constant   
  18  wCBO_expCoeff   2.00000e+02   5.35586e-05   0.00000e+00   1.06504e+05
  19  wCBO_expOffset   2.00000e+02   1.35425e-05   0.00000e+00  -1.65969e+05
  20  wCBO_expT    3.00000e+01   4.43504e-06   0.00000e+00  -1.44557e+06
  21  wCBO_linCoeff   0.00000e+00   constant   
  22  wCBO_const   1.18859e-04   5.26215e-04  -0.00000e+00   1.18495e+04
 CALL LIMIT EXCEEDED IN MIGRAD.
 MIGRAD TERMINATED WITHOUT CONVERGENCE.
 FCN=1461.19 FROM MIGRAD    STATUS=CALL LIMIT   1153 CALLS        1285 TOTAL
                     EDM=7.76416    STRATEGY= 1  ERROR MATRIX UNCERTAINTY   0.6 per cent
  EXT PARAMETER                APPROXIMATE        STEP         FIRST   
  NO.   NAME      VALUE            ERROR          SIZE      DERIVATIVE 
   1  N0           2.99498e+06     fixed    
   2  tau          6.43993e+01   constant   
   3  A0           3.54069e-01     fixed    
   4  phi          4.11945e+00     fixed    
   5  R           -6.01693e+01   constant   
   6  A_CBO        1.92872e-03   2.26376e-04   5.55243e-08   2.82384e+03
   7  w_CBO        2.32626e+00   3.25065e-07   1.35409e-10  -3.53821e+06
   8  phi_CBO     -4.32576e-02   1.24069e-01   6.72202e-05  -1.56609e+01
   9  ANx2         6.17909e-04   constant   
  10  pNx2         3.86483e+00   constant   
  11  ANy1         0.00000e+00   constant   
  12  pNy1         0.00000e+00   constant   
  13  w_y          0.00000e+00   constant   
  14  ANy2         7.96733e-03     fixed    
  15  pNy2         1.76471e+00   constant   
  16  w_vw         1.43097e+01   constant   
  17  LM          -1.37296e-04   constant   
  18  wCBO_expCoeff   2.00000e+02   2.79737e-05   1.16595e-08  -4.11491e+04
  19  wCBO_expOffset   2.00000e+02   1.10508e-05  -6.26375e-09   2.64925e+05
  20  wCBO_expT    3.00000e+01   1.42308e-06  -2.42749e-10   3.44355e+05
  21  wCBO_linCoeff   0.00000e+00   constant   
  22  wCBO_const  -2.29630e-03   2.84366e-04  -7.92221e-08  -2.75081e+03
 EXTERNAL ERROR MATRIX.    NDIM=  25    NPAR=  7    ERR DEF=1
  5.125e-08  2.404e-11  1.332e-05  2.069e-09 -1.017e-09 -4.758e-11 -3.956e-09 
  2.404e-11  1.057e-13  2.429e-08  2.580e-12 -2.240e-12 -9.571e-15 -5.042e-11 
  1.332e-05  2.429e-08  1.539e-02  2.092e-06 -9.485e-07 -5.361e-08 -1.004e-05 
  2.069e-09  2.580e-12  2.092e-06  7.825e-10 -1.929e-10 -8.325e-13 -4.340e-09 
 -1.017e-09 -2.240e-12 -9.485e-07 -1.929e-10  1.221e-10  4.577e-12  1.479e-09 
 -4.758e-11 -9.571e-15 -5.361e-08 -8.325e-13  4.577e-12  2.025e-12  1.581e-10 
 -3.956e-09 -5.042e-11 -1.004e-05 -4.340e-09  1.479e-09  1.581e-10  8.086e-08 
ERR MATRIX APPROXIMATE
 PARAMETER  CORRELATION COEFFICIENTS  
       NO.  GLOBAL      6      7      8     18     19     20     22
        6  0.92834   1.000  0.327  0.474  0.327 -0.407 -0.148 -0.061
        7  0.99782   0.327  1.000  0.602  0.284 -0.624 -0.021 -0.545
        8  0.99671   0.474  0.602  1.000  0.603 -0.692 -0.304 -0.285
       18  0.99782   0.327  0.284  0.603  1.000 -0.624 -0.021 -0.546
       19  0.98596  -0.407 -0.624 -0.692 -0.624  1.000  0.291  0.471
       20  0.99570  -0.148 -0.021 -0.304 -0.021  0.291  1.000  0.391
       22  0.99758  -0.061 -0.545 -0.285 -0.546  0.471  0.391  1.000
 ERR MATRIX APPROXIMATE
MINUIT - FIT ONLY 1-CBO
 **********
 **   29 **RES 
 **********
                   PARAMETER   14  ANy2 RESTORED TO VARIABLE.
                   PARAMETER    4  phi RESTORED TO VARIABLE.
                   PARAMETER    3  A0 RESTORED TO VARIABLE.
                   PARAMETER    1  N0 RESTORED TO VARIABLE.
 **********
 **   30 **FIX            0
 **********
 PARAMETER    0  IS UNDEFINED. IGNORED.
 **********
 **   31 **FIX            1
 **********
 **********
 **   32 **FIX            2
 **********
 PARAMETER    2  IS CONSTANT.   IGNORED.
 **********
 **   33 **FIX            3
 **********
 **********
 **   34 **FIX            4
 **********
 **********
 **   35 **FIX            8
 **********
 **********
 **   36 **FIX            9
 **********
 PARAMETER    9  IS CONSTANT.   IGNORED.
 **********
 **   37 **FIX           11
 **********
 PARAMETER   11  IS CONSTANT.   IGNORED.
 **********
 **   38 **FIX           12
 **********
 PARAMETER   12  IS CONSTANT.   IGNORED.
 **********
 **   39 **FIX           13
 **********
 PARAMETER   13  IS CONSTANT.   IGNORED.
 **********
 **   40 **FIX           15
 **********
 PARAMETER   15  IS CONSTANT.   IGNORED.
 **********
 **   41 **FIX           16
 **********
 PARAMETER   16  IS CONSTANT.   IGNORED.
 **********
 **   42 **MIGRAD
 **********
 START MIGRAD MINIMIZATION.  STRATEGY  1.  CONVERGENCE WHEN EDM .LT. 1.00e-04
 FCN=1461.19 FROM MIGRAD    STATUS=INITIATE       16 CALLS        1301 TOTAL
                     EDM= unknown      STRATEGY= 1      NO ERROR MATRIX       
  EXT PARAMETER               CURRENT GUESS       STEP         FIRST   
  NO.   NAME      VALUE            ERROR          SIZE      DERIVATIVE 
   1  N0           2.99498e+06     fixed    
   2  tau          6.43993e+01   constant   
   3  A0           3.54069e-01     fixed    
   4  phi          4.11945e+00     fixed    
   5  R           -6.01693e+01   constant   
   6  A_CBO        1.92872e-03   2.26376e-04   5.55243e-08   2.82384e+03
   7  w_CBO        2.32626e+00   3.25065e-07   1.35409e-10  -3.53821e+06
   8  phi_CBO     -4.32576e-02     fixed    
   9  ANx2         6.17909e-04   constant   
  10  pNx2         3.86483e+00   constant   
  11  ANy1         0.00000e+00   constant   
  12  pNy1         0.00000e+00   constant   
  13  w_y          0.00000e+00   constant   
  14  ANy2         7.96733e-03   1.00000e-04   1.00000e-04   2.93400e+05
  15  pNy2         1.76471e+00   constant   
  16  w_vw         1.43097e+01   constant   
  17  LM          -1.37296e-04   constant   
  18  wCBO_expCoeff   2.00000e+02   2.79737e-05   1.16595e-08  -4.11491e+04
  19  wCBO_expOffset   2.00000e+02   1.10508e-05  -6.26375e-09   2.64925e+05
  20  wCBO_expT    3.00000e+01   1.42308e-06  -2.42749e-10   3.44355e+05
  21  wCBO_linCoeff   0.00000e+00   constant   
  22  wCBO_const  -2.29630e-03   2.84366e-04  -7.92221e-08  -2.75081e+03
 CALL LIMIT EXCEEDED IN MIGRAD.
 MIGRAD TERMINATED WITHOUT CONVERGENCE.
 FCN=336.1 FROM MIGRAD    STATUS=CALL LIMIT   1163 CALLS        2448 TOTAL
                     EDM=6.29805    STRATEGY= 1  ERROR MATRIX UNCERTAINTY   0.7 per cent
  EXT PARAMETER                APPROXIMATE        STEP         FIRST   
  NO.   NAME      VALUE            ERROR          SIZE      DERIVATIVE 
   1  N0           2.99498e+06     fixed    
   2  tau          6.43993e+01   constant   
   3  A0           3.54069e-01     fixed    
   4  phi          4.11945e+00     fixed    
   5  R           -6.01693e+01   constant   
   6  A_CBO        2.41532e-04   2.46362e-04  -2.34869e-07  -1.52805e+03
   7  w_CBO        2.32626e+00   1.32191e-06  -2.91299e-09   2.06395e+06
   8  phi_CBO     -4.32576e-02     fixed    
   9  ANx2         6.17909e-04   constant   
  10  pNx2         3.86483e+00   constant   
  11  ANy1         0.00000e+00   constant   
  12  pNy1         0.00000e+00   constant   
  13  w_y          0.00000e+00   constant   
  14  ANy2         3.05693e-04   2.33226e-04  -1.46538e-07  -4.47734e+02
  15  pNy2         1.76471e+00   constant   
  16  w_vw         1.43097e+01   constant   
  17  LM          -1.37296e-04   constant   
  18  wCBO_expCoeff   2.00000e+02   1.13841e-04  -2.50881e-07   2.40082e+04
  19  wCBO_expOffset   2.00000e+02   7.17999e-06  -8.64619e-09  -1.03516e+04
  20  wCBO_expT    3.00000e+01   9.96640e-06  -2.21755e-08   2.96808e+04
  21  wCBO_linCoeff   0.00000e+00   constant   
  22  wCBO_const  -1.70454e-03   1.67230e-03   3.74033e-06   2.42677e+02
 EXTERNAL ERROR MATRIX.    NDIM=  25    NPAR=  7    ERR DEF=1
  6.069e-08  1.535e-10  1.483e-08  1.321e-08  3.713e-10  1.026e-09 -1.693e-07 
  1.535e-10  1.747e-12  9.208e-11  1.400e-10  5.058e-12  1.273e-11 -2.153e-09 
  1.483e-08  9.208e-11  5.439e-08  7.929e-09  2.242e-10  6.257e-10 -1.030e-07 
  1.321e-08  1.400e-10  7.929e-09  1.296e-08  4.356e-10  1.096e-09 -1.855e-07 
  3.713e-10  5.058e-12  2.242e-10  4.356e-10  5.155e-11  3.710e-11 -6.213e-09 
  1.026e-09  1.273e-11  6.257e-10  1.096e-09  3.710e-11  9.933e-11 -1.608e-08 
 -1.693e-07 -2.153e-09 -1.030e-07 -1.855e-07 -6.213e-09 -1.608e-08  2.797e-06 
ERR MATRIX APPROXIMATE
 PARAMETER  CORRELATION COEFFICIENTS  
       NO.  GLOBAL      6      7     14     18     19     20     22
        6  0.98009   1.000  0.471  0.258  0.471  0.210  0.418 -0.411
        7  0.99958   0.471  1.000  0.299  0.931  0.533  0.966 -0.974
       14  0.88818   0.258  0.299  1.000  0.299  0.134  0.269 -0.264
       18  0.99958   0.471  0.931  0.299  1.000  0.533  0.966 -0.974
       19  0.91017   0.210  0.533  0.134  0.533  1.000  0.518 -0.517
       20  0.99913   0.418  0.966  0.269  0.966  0.518  1.000 -0.965
       22  0.99970  -0.411 -0.974 -0.264 -0.974 -0.517 -0.965  1.000
 ERR MATRIX APPROXIMATE
MINUIT - FIT ONLY 2-CBO
 **********
 **   43 **RES 
 **********
                   PARAMETER    8  phi_CBO RESTORED TO VARIABLE.
                   PARAMETER    4  phi RESTORED TO VARIABLE.
                   PARAMETER    3  A0 RESTORED TO VARIABLE.
                   PARAMETER    1  N0 RESTORED TO VARIABLE.
 **********
 **   44 **FIX            0
 **********
 PARAMETER    0  IS UNDEFINED. IGNORED.
 **********
 **   45 **FIX            1
 **********
 **********
 **   46 **FIX            2
 **********
 PARAMETER    2  IS CONSTANT.   IGNORED.
 **********
 **   47 **FIX            3
 **********
 **********
 **   48 **FIX            4
 **********
 **********
 **   49 **FIX            5
 **********
 PARAMETER    5  IS CONSTANT.   IGNORED.
 **********
 **   50 **FIX            6
 **********
 **********
 **   51 **FIX            7
 **********
 **********
 **   52 **FIX           10
 **********
 PARAMETER   10  IS CONSTANT.   IGNORED.
 **********
 **   53 **FIX           11
 **********
 PARAMETER   11  IS CONSTANT.   IGNORED.
 **********
 **   54 **FIX           12
 **********
 PARAMETER   12  IS CONSTANT.   IGNORED.
 **********
 **   55 **FIX           13
 **********
 PARAMETER   13  IS CONSTANT.   IGNORED.
 **********
 **   56 **FIX           14
 **********
 **********
 **   57 **FIX           15
 **********
 PARAMETER   15  IS CONSTANT.   IGNORED.
 **********
 **   58 **FIX           16
 **********
 PARAMETER   16  IS CONSTANT.   IGNORED.
 **********
 **   59 **MIGRAD
 **********
 START MIGRAD MINIMIZATION.  STRATEGY  1.  CONVERGENCE WHEN EDM .LT. 1.00e-04
 FCN=336.1 FROM MIGRAD    STATUS=INITIATE       12 CALLS        2460 TOTAL
                     EDM= unknown      STRATEGY= 1      NO ERROR MATRIX       
  EXT PARAMETER               CURRENT GUESS       STEP         FIRST   
  NO.   NAME      VALUE            ERROR          SIZE      DERIVATIVE 
   1  N0           2.99498e+06     fixed    
   2  tau          6.43993e+01   constant   
   3  A0           3.54069e-01     fixed    
   4  phi          4.11945e+00     fixed    
   5  R           -6.01693e+01   constant   
   6  A_CBO        2.41532e-04     fixed    
   7  w_CBO        2.32626e+00     fixed    
   8  phi_CBO     -4.32576e-02   1.24069e-01   1.24069e-01   8.39460e-02
   9  ANx2         6.17909e-04   constant   
  10  pNx2         3.86483e+00   constant   
  11  ANy1         0.00000e+00   constant   
  12  pNy1         0.00000e+00   constant   
  13  w_y          0.00000e+00   constant   
  14  ANy2         3.05693e-04     fixed    
  15  pNy2         1.76471e+00   constant   
  16  w_vw         1.43097e+01   constant   
  17  LM          -1.37296e-04   constant   
  18  wCBO_expCoeff   2.00000e+02   1.13841e-04  -2.50881e-07   2.40082e+04
  19  wCBO_expOffset   2.00000e+02   7.17999e-06  -8.64619e-09  -1.03516e+04
  20  wCBO_expT    3.00000e+01   9.96640e-06  -2.21755e-08   2.96808e+04
  21  wCBO_linCoeff   0.00000e+00   constant   
  22  wCBO_const  -1.70454e-03   1.67230e-03   3.74033e-06   2.42677e+02
 MIGRAD FAILS TO FIND IMPROVEMENT
 FCN=328.926 FROM HESSE     STATUS=NOT POSDEF     37 CALLS        2588 TOTAL
                     EDM=12.8889    STRATEGY= 1      ERR MATRIX NOT POS-DEF
  EXT PARAMETER                APPROXIMATE        STEP         FIRST   
  NO.   NAME      VALUE            ERROR          SIZE      DERIVATIVE 
   1  N0           2.99498e+06     fixed    
   2  tau          6.43993e+01   constant   
   3  A0           3.54069e-01     fixed    
   4  phi          4.11945e+00     fixed    
   5  R           -6.01693e+01   constant   
   6  A_CBO        2.41532e-04     fixed    
   7  w_CBO        2.32626e+00     fixed    
   8  phi_CBO      5.04134e-01   1.04247e+00   7.82879e-03  -3.78344e-04
   9  ANx2         6.17909e-04   constant   
  10  pNx2         3.86483e+00   constant   
  11  ANy1         0.00000e+00   constant   
  12  pNy1         0.00000e+00   constant   
  13  w_y          0.00000e+00   constant   
  14  ANy2         3.05693e-04     fixed    
  15  pNy2         1.76471e+00   constant   
  16  w_vw         1.43097e+01   constant   
  17  LM          -1.37296e-04   constant   
  18  wCBO_expCoeff   1.99997e+02   4.75083e-04   9.53659e-05  -6.84398e+03
  19  wCBO_expOffset   2.00000e+02   1.58505e-04   9.53674e-05  -4.41295e+04
  20  wCBO_expT    2.99999e+01   2.25907e-05   1.43050e-05   1.25752e+05
  21  wCBO_linCoeff   0.00000e+00   constant   
  22  wCBO_const   1.89589e-02   9.38675e-04   4.28360e-06  -3.56779e+02
 MIGRAD FAILS TO FIND IMPROVEMENT
 MIGRAD TERMINATED WITHOUT CONVERGENCE.
 FCN=328.892 FROM MIGRAD    STATUS=FAILED        178 CALLS        2626 TOTAL
                     EDM=0.0266624    STRATEGY= 1      ERR MATRIX NOT POS-DEF
  EXT PARAMETER                APPROXIMATE        STEP         FIRST   
  NO.   NAME      VALUE            ERROR          SIZE      DERIVATIVE 
   1  N0           2.99498e+06     fixed    
   2  tau          6.43993e+01   constant   
   3  A0           3.54069e-01     fixed    
   4  phi          4.11945e+00     fixed    
   5  R           -6.01693e+01   constant   
   6  A_CBO        2.41532e-04     fixed    
   7  w_CBO        2.32626e+00     fixed    
   8  phi_CBO      5.15023e-01   7.69006e-01  -0.00000e+00   5.01411e-02
   9  ANx2         6.17909e-04   constant   
  10  pNx2         3.86483e+00   constant   
  11  ANy1         0.00000e+00   constant   
  12  pNy1         0.00000e+00   constant   
  13  w_y          0.00000e+00   constant   
  14  ANy2         3.05693e-04     fixed    
  15  pNy2         1.76471e+00   constant   
  16  w_vw         1.43097e+01   constant   
  17  LM          -1.37296e-04   constant   
  18  wCBO_expCoeff   1.99997e+02   6.75309e-05   0.00000e+00  -4.05370e+03
  19  wCBO_expOffset   2.00000e+02   1.14400e-05  -0.00000e+00   1.85380e+04
  20  wCBO_expT    2.99999e+01   6.34617e-06  -0.00000e+00   6.21414e+04
  21  wCBO_linCoeff   0.00000e+00   constant   
  22  wCBO_const   1.87839e-02   1.43231e-03  -0.00000e+00  -2.07585e+02
 EXTERNAL ERROR MATRIX.    NDIM=  25    NPAR=  5    ERR DEF=1
  5.914e-01 -2.935e-06  3.569e-08  2.230e-08  8.458e-05 
 -2.935e-06  4.560e-09  4.915e-11  8.259e-11 -4.960e-08 
  3.569e-08  4.915e-11  1.309e-10  6.020e-11  1.028e-08 
  2.230e-08  8.259e-11  6.020e-11  4.027e-11  6.439e-09 
  8.458e-05 -4.960e-08  1.028e-08  6.439e-09  2.052e-06 
ERR MATRIX NOT POS-DEF
 PARAMETER  CORRELATION COEFFICIENTS  
       NO.  GLOBAL      8     18     19     20     22
        8  0.15440   1.000 -0.057  0.004  0.005  0.077
       18  0.94398  -0.057  1.000  0.064  0.193 -0.513
       19  0.84104   0.004  0.064  1.000  0.829  0.628
       20  0.97152   0.005  0.193  0.829  1.000  0.708
       22  0.97103   0.077 -0.513  0.628  0.708  1.000
 ERR MATRIX NOT POS-DEF
MINUIT - FIT ONLY 1-y
 **********
 **   60 **RES 
 **********
                   PARAMETER   14  ANy2 RESTORED TO VARIABLE.
                   PARAMETER    7  w_CBO RESTORED TO VARIABLE.
                   PARAMETER    6  A_CBO RESTORED TO VARIABLE.
                   PARAMETER    4  phi RESTORED TO VARIABLE.
                   PARAMETER    3  A0 RESTORED TO VARIABLE.
                   PARAMETER    1  N0 RESTORED TO VARIABLE.
 **********
 **   61 **FIX            0
 **********
 PARAMETER    0  IS UNDEFINED. IGNORED.
 **********
 **   62 **FIX            1
 **********
 **********
 **   63 **FIX            2
 **********
 PARAMETER    2  IS CONSTANT.   IGNORED.
 **********
 **   64 **FIX            3
 **********
 **********
 **   65 **FIX            4
 **********
 **********
 **   66 **FIX            5
 **********
 PARAMETER    5  IS CONSTANT.   IGNORED.
 **********
 **   67 **FIX            6
 **********
 **********
 **   68 **FIX            7
 **********
 **********
 **   69 **FIX            8
 **********
 **********
 **   70 **FIX            9
 **********
 PARAMETER    9  IS CONSTANT.   IGNORED.
 **********
 **   71 **FIX           13
 **********
 PARAMETER   13  IS CONSTANT.   IGNORED.
 **********
 **   72 **FIX           14
 **********
 **********
 **   73 **FIX           15
 **********
 PARAMETER   15  IS CONSTANT.   IGNORED.
 **********
 **   74 **FIX           16
 **********
 PARAMETER   16  IS CONSTANT.   IGNORED.
 **********
 **   75 **MIGRAD
 **********
 START MIGRAD MINIMIZATION.  STRATEGY  1.  CONVERGENCE WHEN EDM .LT. 1.00e-04
 FCN=328.892 FROM MIGRAD    STATUS=INITIATE        8 CALLS        2634 TOTAL
                     EDM= unknown      STRATEGY= 1      NO ERROR MATRIX       
  EXT PARAMETER               CURRENT GUESS       STEP         FIRST   
  NO.   NAME      VALUE            ERROR          SIZE      DERIVATIVE 
   1  N0           2.99498e+06     fixed    
   2  tau          6.43993e+01   constant   
   3  A0           3.54069e-01     fixed    
   4  phi          4.11945e+00     fixed    
   5  R           -6.01693e+01   constant   
   6  A_CBO        2.41532e-04     fixed    
   7  w_CBO        2.32626e+00     fixed    
   8  phi_CBO      5.15023e-01     fixed    
   9  ANx2         6.17909e-04   constant   
  10  pNx2         3.86483e+00   constant   
  11  ANy1         0.00000e+00   constant   
  12  pNy1         0.00000e+00   constant   
  13  w_y          0.00000e+00   constant   
  14  ANy2         3.05693e-04     fixed    
  15  pNy2         1.76471e+00   constant   
  16  w_vw         1.43097e+01   constant   
  17  LM          -1.37296e-04   constant   
  18  wCBO_expCoeff   1.99997e+02   6.75309e-05   0.00000e+00  -4.05370e+03
  19  wCBO_expOffset   2.00000e+02   1.14400e-05  -0.00000e+00   1.85380e+04
  20  wCBO_expT    2.99999e+01   6.34617e-06  -0.00000e+00   6.21414e+04
  21  wCBO_linCoeff   0.00000e+00   constant   
  22  wCBO_const   1.87839e-02   1.43231e-03  -0.00000e+00  -2.07585e+02
 MIGRAD FAILS TO FIND IMPROVEMENT
 FCN=328.892 FROM HESSE     STATUS=NOT POSDEF     29 CALLS        2671 TOTAL
                     EDM=5.13591    STRATEGY= 1      ERR MATRIX NOT POS-DEF
  EXT PARAMETER                APPROXIMATE        STEP         FIRST   
  NO.   NAME      VALUE            ERROR          SIZE      DERIVATIVE 
   1  N0           2.99498e+06     fixed    
   2  tau          6.43993e+01   constant   
   3  A0           3.54069e-01     fixed    
   4  phi          4.11945e+00     fixed    
   5  R           -6.01693e+01   constant   
   6  A_CBO        2.41532e-04     fixed    
   7  w_CBO        2.32626e+00     fixed    
   8  phi_CBO      5.15023e-01     fixed    
   9  ANx2         6.17909e-04   constant   
  10  pNx2         3.86483e+00   constant   
  11  ANy1         0.00000e+00   constant   
  12  pNy1         0.00000e+00   constant   
  13  w_y          0.00000e+00   constant   
  14  ANy2         3.05693e-04     fixed    
  15  pNy2         1.76471e+00   constant   
  16  w_vw         1.43097e+01   constant   
  17  LM          -1.37296e-04   constant   
  18  wCBO_expCoeff   1.99997e+02   4.74848e-04   9.53659e-05  -4.36005e+03
  19  wCBO_expOffset   2.00000e+02   1.56511e-04   9.53674e-05  -2.81441e+04
  20  wCBO_expT    2.99999e+01   2.28492e-05   1.43050e-05   7.95518e+04
  21  wCBO_linCoeff   0.00000e+00   constant   
  22  wCBO_const   1.87839e-02   9.14004e-04   4.16589e-06  -2.07585e+02
 MIGRAD FAILS TO FIND IMPROVEMENT
 MIGRAD TERMINATED WITHOUT CONVERGENCE.
 FCN=328.869 FROM MIGRAD    STATUS=FAILED         80 CALLS        2706 TOTAL
                     EDM=0.0309338    STRATEGY= 1      ERR MATRIX NOT POS-DEF
  EXT PARAMETER                APPROXIMATE        STEP         FIRST   
  NO.   NAME      VALUE            ERROR          SIZE      DERIVATIVE 
   1  N0           2.99498e+06     fixed    
   2  tau          6.43993e+01   constant   
   3  A0           3.54069e-01     fixed    
   4  phi          4.11945e+00     fixed    
   5  R           -6.01693e+01   constant   
   6  A_CBO        2.41532e-04     fixed    
   7  w_CBO        2.32626e+00     fixed    
   8  phi_CBO      5.15023e-01     fixed    
   9  ANx2         6.17909e-04   constant   
  10  pNx2         3.86483e+00   constant   
  11  ANy1         0.00000e+00   constant   
  12  pNy1         0.00000e+00   constant   
  13  w_y          0.00000e+00   constant   
  14  ANy2         3.05693e-04     fixed    
  15  pNy2         1.76471e+00   constant   
  16  w_vw         1.43097e+01   constant   
  17  LM          -1.37296e-04   constant   
  18  wCBO_expCoeff   1.99997e+02   1.00000e+00   0.00000e+00  -3.69894e+03
  19  wCBO_expOffset   2.00000e+02   1.00000e+00  -0.00000e+00   1.88276e+04
  20  wCBO_expT    2.99999e+01   1.00000e+00  -0.00000e+00   6.76610e+04
  21  wCBO_linCoeff   0.00000e+00   constant   
  22  wCBO_const   1.85565e-02   1.00000e+00   0.00000e+00  -2.38672e+02
 EXTERNAL ERROR MATRIX.    NDIM=  25    NPAR=  4    ERR DEF=1
  1.000e+00  6.936e-10  5.381e-10  2.847e-08 
  6.936e-10  1.000e+00 -4.713e-10 -5.993e-08 
  5.381e-10 -4.713e-10  1.000e+00 -3.773e-08 
  2.847e-08 -5.993e-08 -3.773e-08  1.000e+00 
ERR MATRIX NOT POS-DEF
 PARAMETER  CORRELATION COEFFICIENTS  
       NO.  GLOBAL     18     19     20     22
       18  0.00000   1.000  0.000  0.000  0.000
       19  0.00000   0.000  1.000 -0.000 -0.000
       20  0.00000   0.000 -0.000  1.000 -0.000
       22  0.00000   0.000 -0.000 -0.000  1.000
 ERR MATRIX NOT POS-DEF
MINUIT - FIT ONLY 2-y
 **********
 **   76 **RES 
 **********
                   PARAMETER   14  ANy2 RESTORED TO VARIABLE.
                   PARAMETER    8  phi_CBO RESTORED TO VARIABLE.
                   PARAMETER    7  w_CBO RESTORED TO VARIABLE.
                   PARAMETER    6  A_CBO RESTORED TO VARIABLE.
                   PARAMETER    4  phi RESTORED TO VARIABLE.
                   PARAMETER    3  A0 RESTORED TO VARIABLE.
                   PARAMETER    1  N0 RESTORED TO VARIABLE.
 **********
 **   77 **FIX            0
 **********
 PARAMETER    0  IS UNDEFINED. IGNORED.
 **********
 **   78 **FIX            1
 **********
 **********
 **   79 **FIX            2
 **********
 PARAMETER    2  IS CONSTANT.   IGNORED.
 **********
 **   80 **FIX            3
 **********
 **********
 **   81 **FIX            4
 **********
 **********
 **   82 **FIX            5
 **********
 PARAMETER    5  IS CONSTANT.   IGNORED.
 **********
 **   83 **FIX            6
 **********
 **********
 **   84 **FIX            7
 **********
 **********
 **   85 **FIX            8
 **********
 **********
 **   86 **FIX            9
 **********
 PARAMETER    9  IS CONSTANT.   IGNORED.
 **********
 **   87 **FIX           10
 **********
 PARAMETER   10  IS CONSTANT.   IGNORED.
 **********
 **   88 **FIX           11
 **********
 PARAMETER   11  IS CONSTANT.   IGNORED.
 **********
 **   89 **FIX           12
 **********
 PARAMETER   12  IS CONSTANT.   IGNORED.
 **********
 **   90 **FIX           16
 **********
 PARAMETER   16  IS CONSTANT.   IGNORED.
 **********
 **   91 **MIGRAD
 **********
 START MIGRAD MINIMIZATION.  STRATEGY  1.  CONVERGENCE WHEN EDM .LT. 1.00e-04
 FCN=328.869 FROM MIGRAD    STATUS=INITIATE       10 CALLS        2716 TOTAL
                     EDM= unknown      STRATEGY= 1      NO ERROR MATRIX       
  EXT PARAMETER               CURRENT GUESS       STEP         FIRST   
  NO.   NAME      VALUE            ERROR          SIZE      DERIVATIVE 
   1  N0           2.99498e+06     fixed    
   2  tau          6.43993e+01   constant   
   3  A0           3.54069e-01     fixed    
   4  phi          4.11945e+00     fixed    
   5  R           -6.01693e+01   constant   
   6  A_CBO        2.41532e-04     fixed    
   7  w_CBO        2.32626e+00     fixed    
   8  phi_CBO      5.15023e-01     fixed    
   9  ANx2         6.17909e-04   constant   
  10  pNx2         3.86483e+00   constant   
  11  ANy1         0.00000e+00   constant   
  12  pNy1         0.00000e+00   constant   
  13  w_y          0.00000e+00   constant   
  14  ANy2         3.05693e-04   2.33226e-04   2.33226e-04   3.90590e+03
  15  pNy2         1.76471e+00   constant   
  16  w_vw         1.43097e+01   constant   
  17  LM          -1.37296e-04   constant   
  18  wCBO_expCoeff   1.99997e+02   1.00000e+00   0.00000e+00  -3.69894e+03
  19  wCBO_expOffset   2.00000e+02   1.00000e+00  -0.00000e+00   1.88276e+04
  20  wCBO_expT    2.99999e+01   1.00000e+00  -0.00000e+00   6.76610e+04
  21  wCBO_linCoeff   0.00000e+00   constant   
  22  wCBO_const   1.85565e-02   1.00000e+00   0.00000e+00  -2.38672e+02
 MIGRAD FAILS TO FIND IMPROVEMENT
 FCN=328.774 FROM HESSE     STATUS=NOT POSDEF     37 CALLS        2792 TOTAL
                     EDM=46.7185    STRATEGY= 1      ERR MATRIX NOT POS-DEF
  EXT PARAMETER                APPROXIMATE        STEP         FIRST   
  NO.   NAME      VALUE            ERROR          SIZE      DERIVATIVE 
   1  N0           2.99498e+06     fixed    
   2  tau          6.43993e+01   constant   
