 + ++++++++++++++++++++++++++++++++++++++++++++++++++++++++++++++++++++ +
 +                                                                      +
 +           You have chose to blind your fitting according to          +
 +                omega_ref * (1 + (R +/- deltaR) *10^{-6})             +
 +                                                                      +
 + ++++++++++++++++++++++++++++++++++++++++++++++++++++++++++++++++++++ +
In main()...
reading format from /gm2data/zkhechad/run45/envelope/formats/formatB_sBin_constraintOn.txt
pBinTau 	= 0  
pBinPhi 	= 0  
constraintau 	= 1 
includeMopTerm 	= 0    
constrainMop    = 0   
Parameters after format file: pBinTau 0 pBinPhi 0 constraintau 1 includeMopTerm 0 constrainMop 0 c_e_scale 0.000000 
reading cbo reference file (full fit) from /gm2data/zkhechad/cboTemplates/Run4CBOTemplates/fullFits/run4/sBin_constraintOn_cE0.0_seed0_run4_calo12.root
A_CBO 0.007990 w_CBO 2.327632 phi_CBO 5.471864 N0 3435893.469287 R -59.911173 tau 64.398066 
Reading cboRef file /gm2data/zkhechad/cboTemplates/Run4CBOTemplates//cboIsolate/run4_calo12.root
deltaT 29.101894
windowBins = 190
fitting sliding window 700 from bin 903 at 134.727600 to bin 1093 at 163.075600 (190 bins)

Reading data from /gm2data/cornell/histograms/aMethod/histogram_a_run4.root
fitting cbo isolate
 **********
 **    1 **SET PRINTOUT            1
 **********
 **********
 **    2 **SET NOWARNINGS 
 **********
 PARAMETER DEFINITIONS:
    NO.   NAME         VALUE      STEP SIZE      LIMITS
     1 A_CBO        7.98954e-03  1.00000e-05     no limits
     2 w_CBO        2.32763e+00  1.00000e-02    2.00000e+00  3.00000e+00
     3 phi_CBO      5.47186e+00  1.00000e-02    0.00000e+00  6.28319e+00
 **********
 **    3 **MIGRAD
 **********
 FIRST CALL TO USER FUNCTION AT NEW START POINT, WITH IFLAG=4.
 START MIGRAD MINIMIZATION.  STRATEGY  1.  CONVERGENCE WHEN EDM .LT. 1.00e-04
 FCN=0.00172708 FROM MIGRAD    STATUS=INITIATE       12 CALLS          13 TOTAL
                     EDM= unknown      STRATEGY= 1      NO ERROR MATRIX       
  EXT PARAMETER               CURRENT GUESS       STEP         FIRST   
  NO.   NAME      VALUE            ERROR          SIZE      DERIVATIVE 
   1  A_CBO        7.98954e-03   1.00000e-05   1.00000e-05   7.36899e-01
   2  w_CBO        2.32763e+00   1.00000e-02   2.13083e-02  -1.41805e-02
   3  phi_CBO      5.47186e+00   1.00000e-02   4.74617e-03   4.66372e-04
 MIGRAD MINIMIZATION HAS CONVERGED.
 MIGRAD WILL VERIFY CONVERGENCE AND ERROR MATRIX.
 COVARIANCE MATRIX CALCULATED SUCCESSFULLY
 FCN=0.000297462 FROM MIGRAD    STATUS=CONVERGED      37 CALLS          38 TOTAL
                     EDM=4.19307e-06    STRATEGY= 1      ERROR MATRIX ACCURATE 
  EXT PARAMETER                                   STEP         FIRST   
  NO.   NAME      VALUE            ERROR          SIZE      DERIVATIVE 
   1  A_CBO        4.10965e-03   1.02992e-01   5.01109e-05   2.42152e-05
   2  w_CBO        2.32785e+00   5.27064e-01   1.25357e-04   7.82871e-03
   3  phi_CBO      5.43534e+00   3.55926e+00   4.19096e-03  -2.30563e-04
 EXTERNAL ERROR MATRIX.    NDIM=  25    NPAR=  3    ERR DEF=1
  1.061e-02 -9.072e-03 -1.247e+00 
 -9.072e-03  1.187e+00  1.727e+02 
 -1.247e+00  1.727e+02  2.574e+04 
 PARAMETER  CORRELATION COEFFICIENTS  
       NO.  GLOBAL      1      2      3
        1  0.08580   1.000 -0.081 -0.075
        2  0.98802  -0.081  1.000  0.988
        3  0.98801  -0.075  0.988  1.000
setting A_CBO=0.004110 w_CBO=2.327851, phi_CBO=5.435338
done fitting cbo isolate
 **********
 **    1 **SET PRINTOUT            1
 **********
 **********
 **    2 **SET NOWARNINGS 
 **********
 PARAMETER DEFINITIONS:
    NO.   NAME         VALUE      STEP SIZE      LIMITS
     1 N0           3.43589e+06  1.00000e+02     no limits
     2 tau          6.43981e+01  constant
     3 A0           3.53663e-01  1.00000e-04     no limits
     4 phi          4.11774e+00  1.00000e-02     no limits
     5 R           -5.99112e+01  constant
     6 A_CBO        4.10965e-03  1.00000e-05     no limits
     7 w_CBO        2.32785e+00  1.00000e-03     no limits
     8 phi_CBO      5.43534e+00  1.00000e-04     no limits
     9 ANx2         3.16301e-04  constant
    10 pNx2         1.53957e+00  constant
    11 ANy1         0.00000e+00  constant
    12 pNy1         0.00000e+00  constant
    13 w_y          0.00000e+00  constant
    14 ANy2         1.02217e-02  1.00000e-04     no limits
    15 pNy2         1.44040e+00  constant
    16 w_vw         1.43192e+01  constant
    17 LM          -2.49463e-04  constant
    18 wCBO_expCoeff   2.00000e+02  1.00000e+00     no limits
    19 wCBO_expOffset   2.00000e+02  1.00000e+00     no limits
    20 wCBO_expT    3.00000e+01  1.00000e+00     no limits
    21 wCBO_linCoeff   0.00000e+00  constant
    22 wCBO_const   0.00000e+00  1.00000e-02     no limits
MINUIT - FIT ONLY WIGGLE
 **********
 **    3 **FIX            5
 **********
 PARAMETER    5  IS CONSTANT.   IGNORED.
 **********
 **    4 **FIX            6
 **********
 **********
 **    5 **FIX            7
 **********
 **********
 **    6 **FIX            8
 **********
 **********
 **    7 **FIX            9
 **********
 PARAMETER    9  IS CONSTANT.   IGNORED.
 **********
 **    8 **FIX           10
 **********
 PARAMETER   10  IS CONSTANT.   IGNORED.
 **********
 **    9 **FIX           11
 **********
 PARAMETER   11  IS CONSTANT.   IGNORED.
 **********
 **   10 **FIX           12
 **********
 PARAMETER   12  IS CONSTANT.   IGNORED.
 **********
 **   11 **FIX           13
 **********
 PARAMETER   13  IS CONSTANT.   IGNORED.
 **********
 **   12 **FIX           14
 **********
 **********
 **   13 **FIX           15
 **********
 PARAMETER   15  IS CONSTANT.   IGNORED.
 **********
 **   14 **FIX           16
 **********
 PARAMETER   16  IS CONSTANT.   IGNORED.
 **********
 **   15 **MIGRAD
 **********
 FIRST CALL TO USER FUNCTION AT NEW START POINT, WITH IFLAG=4.
 START MIGRAD MINIMIZATION.  STRATEGY  1.  CONVERGENCE WHEN EDM .LT. 1.00e-04
 FCN=2785.74 FROM MIGRAD    STATUS=INITIATE       34 CALLS          35 TOTAL
                     EDM= unknown      STRATEGY= 1      NO ERROR MATRIX       
  EXT PARAMETER               CURRENT GUESS       STEP         FIRST   
  NO.   NAME      VALUE            ERROR          SIZE      DERIVATIVE 
   1  N0           3.43589e+06   1.00000e+02   1.00000e+02   6.16821e-03
   2  tau          6.43981e+01   constant   
   3  A0           3.53663e-01   1.00000e-04   1.00000e-04  -8.63409e+03
   4  phi          4.11774e+00   1.00000e-02   1.00000e-02   9.28949e+03
   5  R           -5.99112e+01   constant   
   6  A_CBO        4.10965e-03     fixed    
   7  w_CBO        2.32785e+00     fixed    
   8  phi_CBO      5.43534e+00     fixed    
   9  ANx2         3.16301e-04   constant   
  10  pNx2         1.53957e+00   constant   
  11  ANy1         0.00000e+00   constant   
  12  pNy1         0.00000e+00   constant   
  13  w_y          0.00000e+00   constant   
  14  ANy2         1.02217e-02     fixed    
  15  pNy2         1.44040e+00   constant   
  16  w_vw         1.43192e+01   constant   
  17  LM          -2.49463e-04   constant   
  18  wCBO_expCoeff   2.00000e+02   1.00000e+00   1.00000e+00  -1.15042e+04
  19  wCBO_expOffset   2.00000e+02   1.00000e+00   1.00000e+00  -2.85228e+05
  20  wCBO_expT    3.00000e+01   1.00000e+00   1.00000e+00  -4.07426e+05
  21  wCBO_linCoeff   0.00000e+00   constant   
  22  wCBO_const   0.00000e+00   1.00000e-02   1.00000e-02  -7.54534e+03
 CALL LIMIT EXCEEDED IN MIGRAD.
 MIGRAD TERMINATED WITHOUT CONVERGENCE.
 FCN=2737.95 FROM MIGRAD    STATUS=CALL LIMIT   1146 CALLS        1147 TOTAL
                     EDM=697.226    STRATEGY= 1  ERROR MATRIX UNCERTAINTY   0.0 per cent
  EXT PARAMETER                APPROXIMATE        STEP         FIRST   
  NO.   NAME      VALUE            ERROR          SIZE      DERIVATIVE 
   1  N0           3.43548e+06   5.00063e+02   5.24474e-01  -5.48820e-04
   2  tau          6.43981e+01   constant   
   3  A0           3.53976e-01   1.91075e-04  -4.63563e-07   8.96236e+02
   4  phi          4.11655e+00   5.48926e-04   1.12853e-06  -4.54443e+02
   5  R           -5.99112e+01   constant   
   6  A_CBO        4.10965e-03     fixed    
   7  w_CBO        2.32785e+00     fixed    
   8  phi_CBO      5.43534e+00     fixed    
   9  ANx2         3.16301e-04   constant   
  10  pNx2         1.53957e+00   constant   
  11  ANy1         0.00000e+00   constant   
  12  pNy1         0.00000e+00   constant   
  13  w_y          0.00000e+00   constant   
  14  ANy2         1.02217e-02     fixed    
  15  pNy2         1.44040e+00   constant   
  16  w_vw         1.43192e+01   constant   
  17  LM          -2.49463e-04   constant   
  18  wCBO_expCoeff   2.00000e+02   1.12742e-04   2.69732e-06  -2.40205e+04
  19  wCBO_expOffset   2.00000e+02   1.48106e-04  -3.79090e-06   2.04500e+05
  20  wCBO_expT    3.00001e+01   5.28409e-05  -1.34767e-06   2.70635e+05
  21  wCBO_linCoeff   0.00000e+00   constant   
  22  wCBO_const   4.03952e-03   1.43767e-03   3.58203e-05  -5.17357e+03
 EXTERNAL ERROR MATRIX.    NDIM=  25    NPAR=  7    ERR DEF=1
  2.501e+05  3.004e-03 -9.665e-03  3.527e-03 -2.469e-03 -1.001e-04  6.755e-02 
  3.004e-03  3.651e-08  5.192e-09 -2.027e-09  2.424e-09  8.101e-10 -2.874e-08 
 -9.665e-03  5.192e-09  3.013e-07  6.906e-09 -5.295e-09 -9.911e-10  1.231e-07 
  3.527e-03 -2.027e-09  6.906e-09  1.271e-08 -1.568e-08 -5.447e-09  1.483e-07 
 -2.469e-03  2.424e-09 -5.295e-09 -1.568e-08  2.194e-08  7.769e-09 -2.089e-07 
 -1.001e-04  8.101e-10 -9.911e-10 -5.447e-09  7.769e-09  2.792e-09 -7.262e-08 
  6.755e-02 -2.874e-08  1.231e-07  1.483e-07 -2.089e-07 -7.262e-08  2.067e-06 
ERR MATRIX APPROXIMATE
 PARAMETER  CORRELATION COEFFICIENTS  
       NO.  GLOBAL      1      3      4     18     19     20     22
        1  0.60131   1.000  0.031 -0.035  0.063 -0.033 -0.004  0.094
        3  0.44763   0.031  1.000  0.049 -0.094  0.086  0.080 -0.105
        4  0.82295  -0.035  0.049  1.000  0.112 -0.065 -0.034  0.156
       18  0.99021   0.063 -0.094  0.112  1.000 -0.939 -0.914  0.915
       19  0.99984  -0.033  0.086 -0.065 -0.939  1.000  0.993 -0.981
       20  0.99946  -0.004  0.080 -0.034 -0.914  0.993  1.000 -0.956
       22  0.99885   0.094 -0.105  0.156  0.915 -0.981 -0.956  1.000
 ERR MATRIX APPROXIMATE
MINUIT - FIT ONLY 1-CBO + other amplitudes 
 **********
 **   16 **RES 
 **********
                   PARAMETER   14  ANy2 RESTORED TO VARIABLE.
                   PARAMETER    8  phi_CBO RESTORED TO VARIABLE.
                   PARAMETER    7  w_CBO RESTORED TO VARIABLE.
                   PARAMETER    6  A_CBO RESTORED TO VARIABLE.
 **********
 **   17 **FIX            0
 **********
 PARAMETER    0  IS UNDEFINED. IGNORED.
 **********
 **   18 **FIX            1
 **********
 **********
 **   19 **FIX            2
 **********
 PARAMETER    2  IS CONSTANT.   IGNORED.
 **********
 **   20 **FIX            3
 **********
 **********
 **   21 **FIX            4
 **********
 **********
 **   22 **FIX            9
 **********
 PARAMETER    9  IS CONSTANT.   IGNORED.
 **********
 **   23 **FIX           11
 **********
 PARAMETER   11  IS CONSTANT.   IGNORED.
 **********
 **   24 **FIX           12
 **********
 PARAMETER   12  IS CONSTANT.   IGNORED.
 **********
 **   25 **FIX           14
 **********
 **********
 **   26 **FIX           15
 **********
 PARAMETER   15  IS CONSTANT.   IGNORED.
 **********
 **   27 **FIX           16
 **********
 PARAMETER   16  IS CONSTANT.   IGNORED.
 **********
 **   28 **MIGRAD
 **********
 START MIGRAD MINIMIZATION.  STRATEGY  1.  CONVERGENCE WHEN EDM .LT. 1.00e-04
 FCN=2737.95 FROM MIGRAD    STATUS=INITIATE       22 CALLS        1169 TOTAL
                     EDM= unknown      STRATEGY= 1      NO ERROR MATRIX       
  EXT PARAMETER               CURRENT GUESS       STEP         FIRST   
  NO.   NAME      VALUE            ERROR          SIZE      DERIVATIVE 
   1  N0           3.43548e+06     fixed    
   2  tau          6.43981e+01   constant   
   3  A0           3.53976e-01     fixed    
   4  phi          4.11655e+00     fixed    
   5  R           -5.99112e+01   constant   
   6  A_CBO        4.10965e-03   1.00000e-05   1.00000e-05   9.63112e+04
   7  w_CBO        2.32785e+00   1.00000e-03   1.00000e-03  -2.06559e+06
   8  phi_CBO      5.43534e+00   1.00000e-04   1.00000e-04   3.28973e+00
   9  ANx2         3.16301e-04   constant   
  10  pNx2         1.53957e+00   constant   
  11  ANy1         0.00000e+00   constant   
  12  pNy1         0.00000e+00   constant   
  13  w_y          0.00000e+00   constant   
  14  ANy2         1.02217e-02     fixed    
  15  pNy2         1.44040e+00   constant   
  16  w_vw         1.43192e+01   constant   
  17  LM          -2.49463e-04   constant   
  18  wCBO_expCoeff   2.00000e+02   1.12742e-04   2.69732e-06  -2.40205e+04
  19  wCBO_expOffset   2.00000e+02   1.48106e-04  -3.79090e-06   2.04500e+05
  20  wCBO_expT    3.00001e+01   5.28409e-05  -1.34767e-06   2.70635e+05
  21  wCBO_linCoeff   0.00000e+00   constant   
  22  wCBO_const   4.03952e-03   1.43767e-03   3.58203e-05  -5.17357e+03
 MIGRAD FAILS TO FIND IMPROVEMENT
 FCN=2632.59 FROM HESSE     STATUS=NOT POSDEF     52 CALLS        2070 TOTAL
                     EDM=5.6523    STRATEGY= 1      ERR MATRIX NOT POS-DEF
  EXT PARAMETER                APPROXIMATE        STEP         FIRST   
  NO.   NAME      VALUE            ERROR          SIZE      DERIVATIVE 
   1  N0           3.43548e+06     fixed    
   2  tau          6.43981e+01   constant   
   3  A0           3.53976e-01     fixed    
   4  phi          4.11655e+00     fixed    
   5  R           -5.99112e+01   constant   
   6  A_CBO        2.25354e-03   9.08035e-04   5.09184e-06   1.01852e+04
   7  w_CBO        2.32785e+00   1.76694e-06   1.11001e-06  -3.97330e+06
   8  phi_CBO      6.18070e+00   2.12712e-01   2.50374e-03   8.65972e+00
   9  ANx2         3.16301e-04   constant   
  10  pNx2         1.53957e+00   constant   
  11  ANy1         0.00000e+00   constant   
  12  pNy1         0.00000e+00   constant   
  13  w_y          0.00000e+00   constant   
  14  ANy2         1.02217e-02     fixed    
  15  pNy2         1.44040e+00   constant   
  16  w_vw         1.43192e+01   constant   
  17  LM          -2.49463e-04   constant   
  18  wCBO_expCoeff   2.00000e+02   1.52152e-04   9.53675e-05  -4.62176e+04
  19  wCBO_expOffset   2.00000e+02   7.72130e-05   9.53675e-05  -3.07109e+05
  20  wCBO_expT    3.00001e+01   2.56489e-05   1.43052e-05   6.24518e+05
  21  wCBO_linCoeff   0.00000e+00   constant   
  22  wCBO_const   5.88346e-03   5.72970e-04   6.90990e-06  -5.82169e+03
 CALL LIMIT EXCEEDED IN MIGRAD.
 MIGRAD TERMINATED WITHOUT CONVERGENCE.
 FCN=2611.59 FROM MIGRAD    STATUS=CALL LIMIT   1152 CALLS        2299 TOTAL
                     EDM=10.895    STRATEGY= 1      ERR MATRIX NOT POS-DEF
  EXT PARAMETER                APPROXIMATE        STEP         FIRST   
  NO.   NAME      VALUE            ERROR          SIZE      DERIVATIVE 
   1  N0           3.43548e+06     fixed    
   2  tau          6.43981e+01   constant   
   3  A0           3.53976e-01     fixed    
   4  phi          4.11655e+00     fixed    
   5  R           -5.99112e+01   constant   
   6  A_CBO        2.04527e-03   1.65368e-04  -1.10852e-07   1.83413e+02
   7  w_CBO        2.32786e+00   1.04368e-06   3.19602e-09  -1.86457e+06
   8  phi_CBO      6.94307e+00   1.56282e-01   4.89417e-04   3.93663e+00
   9  ANx2         3.16301e-04   constant   
  10  pNx2         1.53957e+00   constant   
  11  ANy1         0.00000e+00   constant   
  12  pNy1         0.00000e+00   constant   
  13  w_y          0.00000e+00   constant   
  14  ANy2         1.02217e-02     fixed    
  15  pNy2         1.44040e+00   constant   
  16  w_vw         1.43192e+01   constant   
  17  LM          -2.49463e-04   constant   
  18  wCBO_expCoeff   2.00000e+02   8.98617e-05   2.75627e-07  -2.16921e+04
  19  wCBO_expOffset   2.00000e+02   2.68967e-05  -1.20044e-07   1.29253e+05
  20  wCBO_expT    3.00001e+01   9.62070e-06  -3.70140e-08   2.28590e+05
  21  wCBO_linCoeff   0.00000e+00   constant   
  22  wCBO_const   5.11334e-03   4.28719e-04  -1.38921e-06  -2.71640e+03
 EXTERNAL ERROR MATRIX.    NDIM=  25    NPAR=  7    ERR DEF=1
  2.735e-08 -3.349e-11 -5.463e-06 -2.885e-09  5.050e-10  8.938e-11  1.215e-08 
 -3.349e-11  1.089e-12  9.124e-08  2.342e-11 -1.805e-11 -4.490e-12 -2.790e-10 
 -5.463e-06  9.124e-08  2.442e-02  7.864e-06 -2.513e-06 -9.525e-07 -2.817e-05 
 -2.885e-09  2.342e-11  7.864e-06  8.075e-09 -1.557e-09 -3.875e-10 -2.404e-08 
  5.050e-10 -1.805e-11 -2.513e-06 -1.557e-09  7.234e-10  2.146e-10  7.432e-09 
  8.938e-11 -4.490e-12 -9.525e-07 -3.875e-10  2.146e-10  9.256e-11  2.635e-09 
  1.215e-08 -2.790e-10 -2.817e-05 -2.404e-08  7.432e-09  2.635e-09  1.838e-07 
ERR MATRIX NOT POS-DEF
 PARAMETER  CORRELATION COEFFICIENTS  
       NO.  GLOBAL      6      7      8     18     19     20     22
        6  0.29408   1.000 -0.194 -0.211 -0.194  0.114  0.056  0.171
        7  0.99460  -0.194  1.000  0.559  0.250 -0.643 -0.447 -0.624
        8  0.99056  -0.211  0.559  1.000  0.560 -0.598 -0.633 -0.420
       18  0.99461  -0.194  0.250  0.560  1.000 -0.644 -0.448 -0.624
       19  0.99659   0.114 -0.643 -0.598 -0.644  1.000  0.829  0.645
       20  0.99617   0.056 -0.447 -0.633 -0.448  0.829  1.000  0.639
       22  0.99313   0.171 -0.624 -0.420 -0.624  0.645  0.639  1.000
 ERR MATRIX NOT POS-DEF
MINUIT - FIT ONLY 1-CBO
 **********
 **   29 **RES 
 **********
                   PARAMETER   14  ANy2 RESTORED TO VARIABLE.
                   PARAMETER    4  phi RESTORED TO VARIABLE.
                   PARAMETER    3  A0 RESTORED TO VARIABLE.
                   PARAMETER    1  N0 RESTORED TO VARIABLE.
 **********
 **   30 **FIX            0
 **********
 PARAMETER    0  IS UNDEFINED. IGNORED.
 **********
 **   31 **FIX            1
 **********
 **********
 **   32 **FIX            2
 **********
 PARAMETER    2  IS CONSTANT.   IGNORED.
 **********
 **   33 **FIX            3
 **********
 **********
 **   34 **FIX            4
 **********
 **********
 **   35 **FIX            8
 **********
 **********
 **   36 **FIX            9
 **********
 PARAMETER    9  IS CONSTANT.   IGNORED.
 **********
 **   37 **FIX           11
 **********
 PARAMETER   11  IS CONSTANT.   IGNORED.
 **********
 **   38 **FIX           12
 **********
 PARAMETER   12  IS CONSTANT.   IGNORED.
 **********
 **   39 **FIX           13
 **********
 PARAMETER   13  IS CONSTANT.   IGNORED.
 **********
 **   40 **FIX           15
 **********
 PARAMETER   15  IS CONSTANT.   IGNORED.
 **********
 **   41 **FIX           16
 **********
 PARAMETER   16  IS CONSTANT.   IGNORED.
 **********
 **   42 **MIGRAD
 **********
 START MIGRAD MINIMIZATION.  STRATEGY  1.  CONVERGENCE WHEN EDM .LT. 1.00e-04
 FCN=2611.59 FROM MIGRAD    STATUS=INITIATE       16 CALLS        2315 TOTAL
                     EDM= unknown      STRATEGY= 1      NO ERROR MATRIX       
  EXT PARAMETER               CURRENT GUESS       STEP         FIRST   
  NO.   NAME      VALUE            ERROR          SIZE      DERIVATIVE 
   1  N0           3.43548e+06     fixed    
   2  tau          6.43981e+01   constant   
   3  A0           3.53976e-01     fixed    
   4  phi          4.11655e+00     fixed    
   5  R           -5.99112e+01   constant   
   6  A_CBO        2.04527e-03   1.65368e-04  -1.10852e-07   1.83413e+02
   7  w_CBO        2.32786e+00   1.04368e-06   3.19602e-09  -1.86457e+06
   8  phi_CBO      6.94307e+00     fixed    
   9  ANx2         3.16301e-04   constant   
  10  pNx2         1.53957e+00   constant   
  11  ANy1         0.00000e+00   constant   
  12  pNy1         0.00000e+00   constant   
  13  w_y          0.00000e+00   constant   
  14  ANy2         1.02217e-02   1.00000e-04   1.00000e-04   4.40818e+05
  15  pNy2         1.44040e+00   constant   
  16  w_vw         1.43192e+01   constant   
  17  LM          -2.49463e-04   constant   
  18  wCBO_expCoeff   2.00000e+02   8.98617e-05   2.75627e-07  -2.16921e+04
  19  wCBO_expOffset   2.00000e+02   2.68967e-05  -1.20044e-07   1.29253e+05
  20  wCBO_expT    3.00001e+01   9.62070e-06  -3.70140e-08   2.28590e+05
  21  wCBO_linCoeff   0.00000e+00   constant   
  22  wCBO_const   5.11334e-03   4.28719e-04  -1.38921e-06  -2.71640e+03
 MIGRAD FAILS TO FIND IMPROVEMENT
 FCN=442.238 FROM HESSE     STATUS=NOT POSDEF     58 CALLS        2502 TOTAL
                     EDM=1.27622    STRATEGY= 1      ERR MATRIX NOT POS-DEF
  EXT PARAMETER                APPROXIMATE        STEP         FIRST   
  NO.   NAME      VALUE            ERROR          SIZE      DERIVATIVE 
   1  N0           3.43548e+06     fixed    
   2  tau          6.43981e+01   constant   
   3  A0           3.53976e-01     fixed    
   4  phi          4.11655e+00     fixed    
   5  R           -5.99112e+01   constant   
   6  A_CBO        7.97404e-04   8.62427e-04   2.04066e-06   1.21322e+03
   7  w_CBO        2.32785e+00   5.32583e-06   1.11001e-06  -2.86939e+05
   8  phi_CBO      6.94307e+00     fixed    
   9  ANx2         3.16301e-04   constant   
  10  pNx2         1.53957e+00   constant   
  11  ANy1         0.00000e+00   constant   
  12  pNy1         0.00000e+00   constant   
  13  w_y          0.00000e+00   constant   
  14  ANy2         4.24398e-04   1.95621e-04   2.13528e-06   1.34866e+03
  15  pNy2         1.44040e+00   constant   
  16  w_vw         1.43192e+01   constant   
  17  LM          -2.49463e-04   constant   
  18  wCBO_expCoeff   2.00000e+02   4.57368e-04   9.53676e-05  -3.33831e+03
  19  wCBO_expOffset   2.00000e+02   1.03344e-04   9.53674e-05  -2.15093e+04
  20  wCBO_expT    3.00001e+01   6.92813e-05   1.43052e-05   4.66653e+04
  21  wCBO_linCoeff   0.00000e+00   constant   
  22  wCBO_const   6.81739e-03   2.42088e-03   5.17619e-06  -2.86820e+02
 MIGRAD FAILS TO FIND IMPROVEMENT
 MIGRAD TERMINATED WITHOUT CONVERGENCE.
 FCN=442.15 FROM MIGRAD    STATUS=FAILED        270 CALLS        2569 TOTAL
                     EDM=0.935073    STRATEGY= 1      ERR MATRIX NOT POS-DEF
  EXT PARAMETER                APPROXIMATE        STEP         FIRST   
  NO.   NAME      VALUE            ERROR          SIZE      DERIVATIVE 
   1  N0           3.43548e+06     fixed    
   2  tau          6.43981e+01   constant   
   3  A0           3.53976e-01     fixed    
   4  phi          4.11655e+00     fixed    
   5  R           -5.99112e+01   constant   
   6  A_CBO        7.73090e-04   2.25083e-04   0.00000e+00   3.21267e+02
   7  w_CBO        2.32785e+00   2.44961e-06  -0.00000e+00  -7.73462e+04
   8  phi_CBO      6.94307e+00     fixed    
   9  ANx2         3.16301e-04   constant   
  10  pNx2         1.53957e+00   constant   
  11  ANy1         0.00000e+00   constant   
  12  pNy1         0.00000e+00   constant   
  13  w_y          0.00000e+00   constant   
  14  ANy2         3.97469e-04   2.20111e-04  -0.00000e+00   1.12034e+02
  15  pNy2         1.44040e+00   constant   
  16  w_vw         1.43192e+01   constant   
  17  LM          -2.49463e-04   constant   
  18  wCBO_expCoeff   2.00000e+02   2.10465e-04  -0.00000e+00  -9.00609e+02
  19  wCBO_expOffset   2.00000e+02   6.18319e-05  -0.00000e+00   2.92595e+04
  20  wCBO_expT    3.00001e+01   3.66685e-05  -0.00000e+00   1.12417e+03
  21  wCBO_linCoeff   0.00000e+00   constant   
  22  wCBO_const   6.66447e-03   9.88384e-04  -0.00000e+00   1.35350e+01
 EXTERNAL ERROR MATRIX.    NDIM=  25    NPAR=  7    ERR DEF=1
  5.066e-08 -1.708e-10 -9.227e-09 -1.458e-08 -9.825e-09 -6.071e-09  7.952e-08 
 -1.708e-10  6.001e-12  4.160e-11 -1.140e-10  3.855e-11  3.344e-11 -1.192e-09 
 -9.227e-09  4.160e-11  4.845e-08  3.479e-09  8.353e-09  4.162e-09 -1.816e-08 
 -1.458e-08 -1.140e-10  3.479e-09  4.430e-08  3.270e-09  2.851e-09 -1.024e-07 
 -9.825e-09  3.855e-11  8.353e-09  3.270e-09  3.823e-09  2.136e-09 -6.807e-09 
 -6.071e-09  3.344e-11  4.162e-09  2.851e-09  2.136e-09  1.345e-09 -6.823e-09 
  7.952e-08 -1.192e-09 -1.816e-08 -1.024e-07 -6.807e-09 -6.823e-09  9.769e-07 
ERR MATRIX NOT POS-DEF
 PARAMETER  CORRELATION COEFFICIENTS  
       NO.  GLOBAL      6      7     14     18     19     20     22
        6  0.89881   1.000 -0.310 -0.186 -0.308 -0.706 -0.736  0.357
        7  0.97236  -0.310  1.000  0.077 -0.221  0.255  0.372 -0.492
       14  0.82425  -0.186  0.077  1.000  0.075  0.614  0.516 -0.083
       18  0.97231  -0.308 -0.221  0.075  1.000  0.251  0.369 -0.492
       19  0.98172  -0.706  0.255  0.614  0.251  1.000  0.942 -0.111
       20  0.99256  -0.736  0.372  0.516  0.369  0.942  1.000 -0.188
       22  0.96712   0.357 -0.492 -0.083 -0.492 -0.111 -0.188  1.000
 ERR MATRIX NOT POS-DEF
MINUIT - FIT ONLY 2-CBO
 **********
 **   43 **RES 
 **********
                   PARAMETER    8  phi_CBO RESTORED TO VARIABLE.
                   PARAMETER    4  phi RESTORED TO VARIABLE.
                   PARAMETER    3  A0 RESTORED TO VARIABLE.
                   PARAMETER    1  N0 RESTORED TO VARIABLE.
 **********
 **   44 **FIX            0
 **********
 PARAMETER    0  IS UNDEFINED. IGNORED.
 **********
 **   45 **FIX            1
 **********
 **********
 **   46 **FIX            2
 **********
 PARAMETER    2  IS CONSTANT.   IGNORED.
 **********
 **   47 **FIX            3
 **********
 **********
 **   48 **FIX            4
 **********
 **********
 **   49 **FIX            5
 **********
 PARAMETER    5  IS CONSTANT.   IGNORED.
 **********
 **   50 **FIX            6
 **********
 **********
 **   51 **FIX            7
 **********
 **********
 **   52 **FIX           10
 **********
 PARAMETER   10  IS CONSTANT.   IGNORED.
 **********
 **   53 **FIX           11
 **********
 PARAMETER   11  IS CONSTANT.   IGNORED.
 **********
 **   54 **FIX           12
 **********
 PARAMETER   12  IS CONSTANT.   IGNORED.
 **********
 **   55 **FIX           13
 **********
 PARAMETER   13  IS CONSTANT.   IGNORED.
 **********
 **   56 **FIX           14
 **********
 **********
 **   57 **FIX           15
 **********
 PARAMETER   15  IS CONSTANT.   IGNORED.
 **********
 **   58 **FIX           16
 **********
 PARAMETER   16  IS CONSTANT.   IGNORED.
 **********
 **   59 **MIGRAD
 **********
 START MIGRAD MINIMIZATION.  STRATEGY  1.  CONVERGENCE WHEN EDM .LT. 1.00e-04
 FCN=442.15 FROM MIGRAD    STATUS=INITIATE       12 CALLS        2581 TOTAL
                     EDM= unknown      STRATEGY= 1      NO ERROR MATRIX       
  EXT PARAMETER               CURRENT GUESS       STEP         FIRST   
  NO.   NAME      VALUE            ERROR          SIZE      DERIVATIVE 
   1  N0           3.43548e+06     fixed    
   2  tau          6.43981e+01   constant   
   3  A0           3.53976e-01     fixed    
   4  phi          4.11655e+00     fixed    
   5  R           -5.99112e+01   constant   
   6  A_CBO        7.73090e-04     fixed    
   7  w_CBO        2.32785e+00     fixed    
   8  phi_CBO      6.94307e+00   1.56282e-01   1.56282e-01  -1.08625e+00
   9  ANx2         3.16301e-04   constant   
  10  pNx2         1.53957e+00   constant   
  11  ANy1         0.00000e+00   constant   
  12  pNy1         0.00000e+00   constant   
  13  w_y          0.00000e+00   constant   
  14  ANy2         3.97469e-04     fixed    
  15  pNy2         1.44040e+00   constant   
  16  w_vw         1.43192e+01   constant   
  17  LM          -2.49463e-04   constant   
  18  wCBO_expCoeff   2.00000e+02   2.10465e-04  -0.00000e+00  -9.00609e+02
  19  wCBO_expOffset   2.00000e+02   6.18319e-05  -0.00000e+00   2.92595e+04
  20  wCBO_expT    3.00001e+01   3.66685e-05  -0.00000e+00   1.12417e+03
  21  wCBO_linCoeff   0.00000e+00   constant   
  22  wCBO_const   6.66447e-03   9.88384e-04  -0.00000e+00   1.35351e+01
 MIGRAD FAILS TO FIND IMPROVEMENT
 FCN=442.148 FROM HESSE     STATUS=NOT POSDEF     37 CALLS        2770 TOTAL
                     EDM=0.143002    STRATEGY= 1      ERR MATRIX NOT POS-DEF
  EXT PARAMETER                APPROXIMATE        STEP         FIRST   
  NO.   NAME      VALUE            ERROR          SIZE      DERIVATIVE 
   1  N0           3.43548e+06     fixed    
   2  tau          6.43981e+01   constant   
   3  A0           3.53976e-01     fixed    
   4  phi          4.11655e+00     fixed    
   5  R           -5.99112e+01   constant   
   6  A_CBO        7.73090e-04     fixed    
   7  w_CBO        2.32785e+00     fixed    
   8  phi_CBO      6.95559e+00   4.98806e-01   2.92407e-03  -5.57895e-01
   9  ANx2         3.16301e-04   constant   
  10  pNx2         1.53957e+00   constant   
  11  ANy1         0.00000e+00   constant   
  12  pNy1         0.00000e+00   constant   
  13  w_y          0.00000e+00   constant   
  14  ANy2         3.97469e-04     fixed    
  15  pNy2         1.44040e+00   constant   
  16  w_vw         1.43192e+01   constant   
  17  LM          -2.49463e-04   constant   
  18  wCBO_expCoeff   2.00000e+02   8.83244e-04   9.53676e-05  -2.86513e+03
  19  wCBO_expOffset   2.00000e+02   7.99048e-05   9.53674e-05  -1.83705e+04
  20  wCBO_expT    3.00001e+01   7.01381e-05   1.43052e-05   3.91181e+04
  21  wCBO_linCoeff   0.00000e+00   constant   
  22  wCBO_const   6.66809e-03   2.70319e-03   5.19991e-06  -2.55759e+02
 MIGRAD FAILS TO FIND IMPROVEMENT
 MIGRAD TERMINATED WITHOUT CONVERGENCE.
 FCN=442.028 FROM MIGRAD    STATUS=FAILED        251 CALLS        2820 TOTAL
                     EDM=0.0436726    STRATEGY= 1      ERR MATRIX NOT POS-DEF
  EXT PARAMETER                APPROXIMATE        STEP         FIRST   
  NO.   NAME      VALUE            ERROR          SIZE      DERIVATIVE 
   1  N0           3.43548e+06     fixed    
   2  tau          6.43981e+01   constant   
   3  A0           3.53976e-01     fixed    
   4  phi          4.11655e+00     fixed    
   5  R           -5.99112e+01   constant   
   6  A_CBO        7.73090e-04     fixed    
   7  w_CBO        2.32785e+00     fixed    
   8  phi_CBO      7.07158e+00   5.11709e-01   0.00000e+00   1.25780e-01
   9  ANx2         3.16301e-04   constant   
  10  pNx2         1.53957e+00   constant   
  11  ANy1         0.00000e+00   constant   
  12  pNy1         0.00000e+00   constant   
  13  w_y          0.00000e+00   constant   
  14  ANy2         3.97469e-04     fixed    
  15  pNy2         1.44040e+00   constant   
  16  w_vw         1.43192e+01   constant   
  17  LM          -2.49463e-04   constant   
  18  wCBO_expCoeff   2.00000e+02   5.27609e-04  -0.00000e+00  -4.39912e+02
  19  wCBO_expOffset   2.00000e+02   8.38729e-05  -0.00000e+00   1.73666e+04
  20  wCBO_expT    3.00001e+01   6.92695e-05  -0.00000e+00  -3.11652e+03
  21  wCBO_linCoeff   0.00000e+00   constant   
  22  wCBO_const   6.50512e-03   1.43004e-03   0.00000e+00   5.95818e+01
 EXTERNAL ERROR MATRIX.    NDIM=  25    NPAR=  5    ERR DEF=1
  2.618e-01 -1.432e-04 -3.167e-05 -2.709e-05  3.041e-04 
 -1.432e-04  2.784e-07  3.355e-08  3.101e-08 -6.544e-07 
 -3.167e-05  3.355e-08  7.035e-09  5.647e-09 -5.656e-08 
 -2.709e-05  3.101e-08  5.647e-09  4.798e-09 -5.485e-08 
  3.041e-04 -6.544e-07 -5.656e-08 -5.485e-08  2.045e-06 
ERR MATRIX NOT POS-DEF
 PARAMETER  CORRELATION COEFFICIENTS  
       NO.  GLOBAL      8     18     19     20     22
        8  0.98321   1.000 -0.530 -0.738 -0.764  0.416
       18  0.99856  -0.530  1.000  0.758  0.848 -0.867
       19  0.99668  -0.738  0.758  1.000  0.972 -0.472
       20  0.99927  -0.764  0.848  0.972  1.000 -0.554
       22  0.99458   0.416 -0.867 -0.472 -0.554  1.000
 ERR MATRIX NOT POS-DEF
MINUIT - FIT ONLY 1-y
 **********
 **   60 **RES 
 **********
                   PARAMETER   14  ANy2 RESTORED TO VARIABLE.
                   PARAMETER    7  w_CBO RESTORED TO VARIABLE.
                   PARAMETER    6  A_CBO RESTORED TO VARIABLE.
                   PARAMETER    4  phi RESTORED TO VARIABLE.
                   PARAMETER    3  A0 RESTORED TO VARIABLE.
                   PARAMETER    1  N0 RESTORED TO VARIABLE.
 **********
 **   61 **FIX            0
 **********
 PARAMETER    0  IS UNDEFINED. IGNORED.
 **********
 **   62 **FIX            1
 **********
 **********
 **   63 **FIX            2
 **********
 PARAMETER    2  IS CONSTANT.   IGNORED.
 **********
 **   64 **FIX            3
 **********
 **********
 **   65 **FIX            4
 **********
 **********
 **   66 **FIX            5
 **********
 PARAMETER    5  IS CONSTANT.   IGNORED.
 **********
 **   67 **FIX            6
 **********
 **********
 **   68 **FIX            7
 **********
 **********
 **   69 **FIX            8
 **********
 **********
 **   70 **FIX            9
 **********
 PARAMETER    9  IS CONSTANT.   IGNORED.
 **********
 **   71 **FIX           13
 **********
 PARAMETER   13  IS CONSTANT.   IGNORED.
 **********
 **   72 **FIX           14
 **********
 **********
 **   73 **FIX           15
 **********
 PARAMETER   15  IS CONSTANT.   IGNORED.
 **********
 **   74 **FIX           16
 **********
 PARAMETER   16  IS CONSTANT.   IGNORED.
 **********
 **   75 **MIGRAD
 **********
 START MIGRAD MINIMIZATION.  STRATEGY  1.  CONVERGENCE WHEN EDM .LT. 1.00e-04
 FCN=442.028 FROM MIGRAD    STATUS=INITIATE        8 CALLS        2828 TOTAL
                     EDM= unknown      STRATEGY= 1      NO ERROR MATRIX       
  EXT PARAMETER               CURRENT GUESS       STEP         FIRST   
  NO.   NAME      VALUE            ERROR          SIZE      DERIVATIVE 
   1  N0           3.43548e+06     fixed    
   2  tau          6.43981e+01   constant   
   3  A0           3.53976e-01     fixed    
   4  phi          4.11655e+00     fixed    
   5  R           -5.99112e+01   constant   
   6  A_CBO        7.73090e-04     fixed    
   7  w_CBO        2.32785e+00     fixed    
   8  phi_CBO      7.07158e+00     fixed    
   9  ANx2         3.16301e-04   constant   
  10  pNx2         1.53957e+00   constant   
  11  ANy1         0.00000e+00   constant   
  12  pNy1         0.00000e+00   constant   
  13  w_y          0.00000e+00   constant   
  14  ANy2         3.97469e-04     fixed    
  15  pNy2         1.44040e+00   constant   
  16  w_vw         1.43192e+01   constant   
  17  LM          -2.49463e-04   constant   
  18  wCBO_expCoeff   2.00000e+02   5.27609e-04  -0.00000e+00  -4.39912e+02
  19  wCBO_expOffset   2.00000e+02   8.38729e-05  -0.00000e+00   1.73666e+04
  20  wCBO_expT    3.00001e+01   6.92695e-05  -0.00000e+00  -3.11652e+03
  21  wCBO_linCoeff   0.00000e+00   constant   
  22  wCBO_const   6.50512e-03   1.43004e-03   0.00000e+00   5.95819e+01
 MIGRAD FAILS TO FIND IMPROVEMENT
 FCN=442.028 FROM HESSE     STATUS=NOT POSDEF     29 CALLS        2868 TOTAL
                     EDM=0.0380056    STRATEGY= 1      ERR MATRIX NOT POS-DEF
  EXT PARAMETER                APPROXIMATE        STEP         FIRST   
  NO.   NAME      VALUE            ERROR          SIZE      DERIVATIVE 
   1  N0           3.43548e+06     fixed    
   2  tau          6.43981e+01   constant   
   3  A0           3.53976e-01     fixed    
   4  phi          4.11655e+00     fixed    
   5  R           -5.99112e+01   constant   
   6  A_CBO        7.73090e-04     fixed    
   7  w_CBO        2.32785e+00     fixed    
   8  phi_CBO      7.07158e+00     fixed    
   9  ANx2         3.16301e-04   constant   
  10  pNx2         1.53957e+00   constant   
  11  ANy1         0.00000e+00   constant   
  12  pNy1         0.00000e+00   constant   
  13  w_y          0.00000e+00   constant   
  14  ANy2         3.97469e-04     fixed    
  15  pNy2         1.44040e+00   constant   
  16  w_vw         1.43192e+01   constant   
  17  LM          -2.49463e-04   constant   
  18  wCBO_expCoeff   2.00000e+02   9.93969e-04   9.53677e-05  -5.87840e+02
  19  wCBO_expOffset   2.00000e+02   8.24117e-05   9.53674e-05   5.08623e+03
  20  wCBO_expT    3.00001e+01   7.35222e-05   1.43052e-05   8.75391e+03
  21  wCBO_linCoeff   0.00000e+00   constant   
  22  wCBO_const   6.50512e-03   2.59444e-03   5.13770e-06   5.95848e+01
 MIGRAD FAILS TO FIND IMPROVEMENT
 MIGRAD TERMINATED WITHOUT CONVERGENCE.
 FCN=442.028 FROM MIGRAD    STATUS=FAILED         59 CALLS        2879 TOTAL
                     EDM=0.0380056    STRATEGY= 1      ERR MATRIX NOT POS-DEF
  EXT PARAMETER                APPROXIMATE        STEP         FIRST   
  NO.   NAME      VALUE            ERROR          SIZE      DERIVATIVE 
   1  N0           3.43548e+06     fixed    
   2  tau          6.43981e+01   constant   
   3  A0           3.53976e-01     fixed    
   4  phi          4.11655e+00     fixed    
   5  R           -5.99112e+01   constant   
   6  A_CBO        7.73090e-04     fixed    
   7  w_CBO        2.32785e+00     fixed    
   8  phi_CBO      7.07158e+00     fixed    
   9  ANx2         3.16301e-04   constant   
  10  pNx2         1.53957e+00   constant   
  11  ANy1         0.00000e+00   constant   
  12  pNy1         0.00000e+00   constant   
  13  w_y          0.00000e+00   constant   
  14  ANy2         3.97469e-04     fixed    
  15  pNy2         1.44040e+00   constant   
  16  w_vw         1.43192e+01   constant   
  17  LM          -2.49463e-04   constant   
  18  wCBO_expCoeff   2.00000e+02   9.93969e-04  -0.00000e+00  -5.87840e+02
  19  wCBO_expOffset   2.00000e+02   8.24117e-05  -0.00000e+00   5.08623e+03
  20  wCBO_expT    3.00001e+01   7.35222e-05  -0.00000e+00   8.75391e+03
  21  wCBO_linCoeff   0.00000e+00   constant   
  22  wCBO_const   6.50512e-03   2.59444e-03   0.00000e+00   5.95848e+01
 EXTERNAL ERROR MATRIX.    NDIM=  25    NPAR=  4    ERR DEF=1
  9.880e-07  7.880e-08  7.169e-08 -2.448e-06 
  7.880e-08  6.792e-09  5.923e-09 -1.921e-07 
  7.169e-08  5.923e-09  5.406e-09 -1.693e-07 
 -2.448e-06 -1.921e-07 -1.693e-07  6.731e-06 
ERR MATRIX NOT POS-DEF
 PARAMETER  CORRELATION COEFFICIENTS  
       NO.  GLOBAL     18     19     20     22
       18  0.99653   1.000  0.962  0.981 -0.949
       19  0.98386   0.962  1.000  0.977 -0.898
       20  0.99590   0.981  0.977  1.000 -0.888
       22  0.98219  -0.949 -0.898 -0.888  1.000
 ERR MATRIX NOT POS-DEF
MINUIT - FIT ONLY 2-y
 **********
 **   76 **RES 
 **********
                   PARAMETER   14  ANy2 RESTORED TO VARIABLE.
                   PARAMETER    8  phi_CBO RESTORED TO VARIABLE.
                   PARAMETER    7  w_CBO RESTORED TO VARIABLE.
                   PARAMETER    6  A_CBO RESTORED TO VARIABLE.
                   PARAMETER    4  phi RESTORED TO VARIABLE.
                   PARAMETER    3  A0 RESTORED TO VARIABLE.
                   PARAMETER    1  N0 RESTORED TO VARIABLE.
 **********
 **   77 **FIX            0
 **********
 PARAMETER    0  IS UNDEFINED. IGNORED.
 **********
 **   78 **FIX            1
 **********
 **********
 **   79 **FIX            2
 **********
 PARAMETER    2  IS CONSTANT.   IGNORED.
 **********
 **   80 **FIX            3
 **********
 **********
 **   81 **FIX            4
 **********
 **********
 **   82 **FIX            5
 **********
 PARAMETER    5  IS CONSTANT.   IGNORED.
 **********
 **   83 **FIX            6
 **********
 **********
 **   84 **FIX            7
 **********
 **********
 **   85 **FIX            8
 **********
 **********
 **   86 **FIX            9
 **********
 PARAMETER    9  IS CONSTANT.   IGNORED.
 **********
 **   87 **FIX           10
 **********
 PARAMETER   10  IS CONSTANT.   IGNORED.
 **********
 **   88 **FIX           11
 **********
 PARAMETER   11  IS CONSTANT.   IGNORED.
 **********
 **   89 **FIX           12
 **********
 PARAMETER   12  IS CONSTANT.   IGNORED.
 **********
 **   90 **FIX           16
 **********
 PARAMETER   16  IS CONSTANT.   IGNORED.
 **********
 **   91 **MIGRAD
 **********
 START MIGRAD MINIMIZATION.  STRATEGY  1.  CONVERGENCE WHEN EDM .LT. 1.00e-04
 FCN=442.028 FROM MIGRAD    STATUS=INITIATE       10 CALLS        2889 TOTAL
                     EDM= unknown      STRATEGY= 1      NO ERROR MATRIX       
  EXT PARAMETER               CURRENT GUESS       STEP         FIRST   
  NO.   NAME      VALUE            ERROR          SIZE      DERIVATIVE 
   1  N0           3.43548e+06     fixed    
