 + ++++++++++++++++++++++++++++++++++++++++++++++++++++++++++++++++++++ +
 +                                                                      +
 +           You have chose to blind your fitting according to          +
 +                omega_ref * (1 + (R +/- deltaR) *10^{-6})             +
 +                                                                      +
 + ++++++++++++++++++++++++++++++++++++++++++++++++++++++++++++++++++++ +
In main()...
reading format from /gm2data/zkhechad/run45/envelope/formats/formatB_sBin_constraintOn.txt
pBinTau 	= 0  
pBinPhi 	= 0  
constraintau 	= 1 
includeMopTerm 	= 0    
constrainMop    = 0   
Parameters after format file: pBinTau 0 pBinPhi 0 constraintau 1 includeMopTerm 0 constrainMop 0 c_e_scale 0.000000 
reading cbo reference file (full fit) from /gm2data/zkhechad/cboTemplates/Run4CBOTemplates/fullFits/run4/sBin_constraintOn_cE0.0_seed0_run4_calo7.root
A_CBO 0.010017 w_CBO 2.326795 phi_CBO 5.385454 N0 2934724.912691 R -61.426290 tau 64.406392 
Reading cboRef file /gm2data/zkhechad/cboTemplates/Run4CBOTemplates//cboIsolate/run4_calo7.root
deltaT 164.120000
windowBins = 1100
fitting sliding window 1720 from bin 1923 at 286.911600 to bin 3023 at 451.031600 (1100 bins)

Reading data from /gm2data/cornell/histograms/aMethod/histogram_a_run4.root
fitting cbo isolate
 **********
 **    1 **SET PRINTOUT            1
 **********
 **********
 **    2 **SET NOWARNINGS 
 **********
 PARAMETER DEFINITIONS:
    NO.   NAME         VALUE      STEP SIZE      LIMITS
     1 A_CBO        1.00169e-02  1.00000e-05     no limits
     2 w_CBO        2.32680e+00  1.00000e-02    2.00000e+00  3.00000e+00
     3 phi_CBO      5.38545e+00  1.00000e-02    0.00000e+00  6.28319e+00
 **********
 **    3 **MIGRAD
 **********
 FIRST CALL TO USER FUNCTION AT NEW START POINT, WITH IFLAG=4.
 START MIGRAD MINIMIZATION.  STRATEGY  1.  CONVERGENCE WHEN EDM .LT. 1.00e-04
 FCN=0.0905884 FROM MIGRAD    STATUS=INITIATE       12 CALLS          13 TOTAL
                     EDM= unknown      STRATEGY= 1      NO ERROR MATRIX       
  EXT PARAMETER               CURRENT GUESS       STEP         FIRST   
  NO.   NAME      VALUE            ERROR          SIZE      DERIVATIVE 
   1  A_CBO        1.00169e-02   1.00000e-05   1.00000e-05   8.00471e+00
   2  w_CBO        2.32680e+00   1.00000e-02   2.13223e-02   9.09728e-01
   3  phi_CBO      5.38545e+00   1.00000e-02   4.54801e-03  -9.78296e-03
 MIGRAD MINIMIZATION HAS CONVERGED.
 MIGRAD WILL VERIFY CONVERGENCE AND ERROR MATRIX.
 COVARIANCE MATRIX CALCULATED SUCCESSFULLY
 FCN=0.0614229 FROM HESSE     STATUS=OK             16 CALLS          50 TOTAL
                     EDM=0.000310394    STRATEGY= 1      ERROR MATRIX ACCURATE 
  EXT PARAMETER                                   STEP         FIRST   
  NO.   NAME      VALUE            ERROR          SIZE      DERIVATIVE 
   1  A_CBO        2.74086e-03   4.49737e-02   2.14365e-05  -5.94169e-02
   2  w_CBO        2.32652e+00   3.38501e-01   4.56276e-05   2.45178e-02
   3  phi_CBO      5.44042e+00   4.97388e+00   3.99051e-03   2.27273e-04
 MIGRAD MINIMIZATION HAS CONVERGED.
 MIGRAD WILL VERIFY CONVERGENCE AND ERROR MATRIX.
 COVARIANCE MATRIX CALCULATED SUCCESSFULLY
 FCN=0.0611939 FROM MIGRAD    STATUS=CONVERGED     105 CALLS         106 TOTAL
                     EDM=1.01594e-05    STRATEGY= 1      ERROR MATRIX ACCURATE 
  EXT PARAMETER                                   STEP         FIRST   
  NO.   NAME      VALUE            ERROR          SIZE      DERIVATIVE 
   1  A_CBO        2.92802e-03   4.27658e-02   2.14296e-05   6.50475e-02
   2  w_CBO        2.32220e+00   2.90061e-01   4.35198e-05  -3.01847e-03
   3  phi_CBO      3.88071e+00   3.72423e+00   2.41567e-03   1.55189e-04
 EXTERNAL ERROR MATRIX.    NDIM=  25    NPAR=  3    ERR DEF=1
  1.829e-03 -1.140e-03 -4.158e-01 
 -1.140e-03  9.792e-02  3.533e+01 
 -4.158e-01  3.533e+01  1.296e+04 
 PARAMETER  CORRELATION COEFFICIENTS  
       NO.  GLOBAL      1      2      3
        1  0.08548   1.000 -0.085 -0.085
        2  0.99160  -0.085  1.000  0.992
        3  0.99160  -0.085  0.992  1.000
setting A_CBO=0.002928 w_CBO=2.322199, phi_CBO=3.880708
done fitting cbo isolate
 **********
 **    1 **SET PRINTOUT            1
 **********
 **********
 **    2 **SET NOWARNINGS 
 **********
 PARAMETER DEFINITIONS:
    NO.   NAME         VALUE      STEP SIZE      LIMITS
     1 N0           2.93472e+06  1.00000e+02     no limits
     2 tau          6.44064e+01  constant
     3 A0           3.50200e-01  1.00000e-04     no limits
     4 phi          4.11726e+00  1.00000e-02     no limits
     5 R           -6.14263e+01  constant
     6 A_CBO        2.92802e-03  1.00000e-05     no limits
     7 w_CBO        2.32220e+00  1.00000e-03     no limits
     8 phi_CBO      3.88071e+00  1.00000e-04     no limits
     9 ANx2         5.09258e-04  constant
    10 pNx2         1.79030e-01  constant
    11 ANy1         0.00000e+00  constant
    12 pNy1         0.00000e+00  constant
    13 w_y          0.00000e+00  constant
    14 ANy2         8.95951e-03  1.00000e-04     no limits
    15 pNy2         6.17155e+00  constant
    16 w_vw         1.43200e+01  constant
    17 LM          -8.21731e-05  constant
    18 wCBO_expCoeff   2.00000e+02  1.00000e+00     no limits
    19 wCBO_expOffset   2.00000e+02  1.00000e+00     no limits
    20 wCBO_expT    3.00000e+01  1.00000e+00     no limits
    21 wCBO_linCoeff   0.00000e+00  constant
    22 wCBO_const   0.00000e+00  1.00000e-02     no limits
MINUIT - FIT ONLY WIGGLE
 **********
 **    3 **FIX            5
 **********
 PARAMETER    5  IS CONSTANT.   IGNORED.
 **********
 **    4 **FIX            6
 **********
 **********
 **    5 **FIX            7
 **********
 **********
 **    6 **FIX            8
 **********
 **********
 **    7 **FIX            9
 **********
 PARAMETER    9  IS CONSTANT.   IGNORED.
 **********
 **    8 **FIX           10
 **********
 PARAMETER   10  IS CONSTANT.   IGNORED.
 **********
 **    9 **FIX           11
 **********
 PARAMETER   11  IS CONSTANT.   IGNORED.
 **********
 **   10 **FIX           12
 **********
 PARAMETER   12  IS CONSTANT.   IGNORED.
 **********
 **   11 **FIX           13
 **********
 PARAMETER   13  IS CONSTANT.   IGNORED.
 **********
 **   12 **FIX           14
 **********
 **********
 **   13 **FIX           15
 **********
 PARAMETER   15  IS CONSTANT.   IGNORED.
 **********
 **   14 **FIX           16
 **********
 PARAMETER   16  IS CONSTANT.   IGNORED.
 **********
 **   15 **MIGRAD
 **********
 FIRST CALL TO USER FUNCTION AT NEW START POINT, WITH IFLAG=4.
 START MIGRAD MINIMIZATION.  STRATEGY  1.  CONVERGENCE WHEN EDM .LT. 1.00e-04
 FCN=782.078 FROM MIGRAD    STATUS=INITIATE       32 CALLS          33 TOTAL
                     EDM= unknown      STRATEGY= 1      NO ERROR MATRIX       
  EXT PARAMETER               CURRENT GUESS       STEP         FIRST   
  NO.   NAME      VALUE            ERROR          SIZE      DERIVATIVE 
   1  N0           2.93472e+06   1.00000e+02   1.00000e+02   2.29276e-03
   2  tau          6.44064e+01   constant   
   3  A0           3.50200e-01   1.00000e-04   1.00000e-04   3.06883e+02
   4  phi          4.11726e+00   1.00000e-02   1.00000e-02   1.50261e+03
   5  R           -6.14263e+01   constant   
   6  A_CBO        2.92802e-03     fixed    
   7  w_CBO        2.32220e+00     fixed    
   8  phi_CBO      3.88071e+00     fixed    
   9  ANx2         5.09258e-04   constant   
  10  pNx2         1.79030e-01   constant   
  11  ANy1         0.00000e+00   constant   
  12  pNy1         0.00000e+00   constant   
  13  w_y          0.00000e+00   constant   
  14  ANy2         8.95951e-03     fixed    
  15  pNy2         6.17155e+00   constant   
  16  w_vw         1.43200e+01   constant   
  17  LM          -8.21731e-05   constant   
  18  wCBO_expCoeff   2.00000e+02   1.00000e+00   1.00000e+00  -4.34668e+01
  19  wCBO_expOffset   2.00000e+02   1.00000e+00   1.00000e+00  -2.89791e+02
  20  wCBO_expT    3.00000e+01   1.00000e+00   1.00000e+00  -6.76985e+02
  21  wCBO_linCoeff   0.00000e+00   constant   
  22  wCBO_const   0.00000e+00   1.00000e-02   1.00000e-02   7.91380e+02
 MIGRAD MINIMIZATION HAS CONVERGED.
 FCN=757.523 FROM MIGRAD    STATUS=CONVERGED     258 CALLS         259 TOTAL
                     EDM=1.5597e-07    STRATEGY= 1  ERROR MATRIX UNCERTAINTY   1.2 per cent
  EXT PARAMETER                                   STEP         FIRST   
  NO.   NAME      VALUE            ERROR          SIZE      DERIVATIVE 
   1  N0           2.93435e+06   9.16431e+02   1.90946e+00   9.57378e-08
   2  tau          6.44064e+01   constant   
   3  A0           3.50162e-01   4.18375e-04  -1.22783e-06   1.39749e+00
   4  phi          4.11644e+00   1.27421e-03   4.32313e-07  -1.08636e-01
   5  R           -6.14263e+01   constant   
   6  A_CBO        2.92802e-03     fixed    
   7  w_CBO        2.32220e+00     fixed    
   8  phi_CBO      3.88071e+00     fixed    
   9  ANx2         5.09258e-04   constant   
  10  pNx2         1.79030e-01   constant   
  11  ANy1         0.00000e+00   constant   
  12  pNy1         0.00000e+00   constant   
  13  w_y          0.00000e+00   constant   
  14  ANy2         8.95951e-03     fixed    
  15  pNy2         6.17155e+00   constant   
  16  w_vw         1.43200e+01   constant   
  17  LM          -8.21731e-05   constant   
  18  wCBO_expCoeff   2.00115e+02   9.25221e-02   4.04672e-04   2.29991e-02
  19  wCBO_expOffset   2.00017e+02   1.38799e-02   6.07440e-05   1.00398e-01
  20  wCBO_expT    2.99955e+01   9.44445e-03  -4.21632e-05   4.05560e-01
  21  wCBO_linCoeff   0.00000e+00   constant   
  22  wCBO_const  -4.13161e-03   7.39151e-04   2.15506e-06   9.06607e-02
 EXTERNAL ERROR MATRIX.    NDIM=  25    NPAR=  7    ERR DEF=1
  8.398e+05 -9.906e-03  1.389e-02  6.695e+00  1.007e+00 -6.256e-01  5.499e-02 
 -9.906e-03  1.750e-07  2.224e-09 -1.487e-06 -2.264e-07  1.683e-07 -1.864e-08 
  1.389e-02  2.224e-09  1.624e-06  4.872e-06  7.286e-07 -3.224e-07 -1.188e-08 
  6.695e+00 -1.487e-06  4.872e-06  8.560e-03  1.258e-03 -8.643e-04  5.031e-05 
  1.007e+00 -2.264e-07  7.286e-07  1.258e-03  1.927e-04 -1.297e-04  7.548e-06 
 -6.256e-01  1.683e-07 -3.224e-07 -8.643e-04 -1.297e-04  8.920e-05 -5.491e-06 
  5.499e-02 -1.864e-08 -1.188e-08  5.031e-05  7.548e-06 -5.491e-06  5.463e-07 
 PARAMETER  CORRELATION COEFFICIENTS  
       NO.  GLOBAL      1      3      4     18     19     20     22
        1  0.15025   1.000 -0.026  0.012  0.079  0.079 -0.072  0.081
        3  0.06496  -0.026  1.000  0.004 -0.038 -0.039  0.043 -0.060
        4  0.14606   0.012  0.004  1.000  0.041  0.041 -0.027 -0.013
       18  0.99192   0.079 -0.038  0.041  1.000  0.980 -0.989  0.736
       19  0.99195   0.079 -0.039  0.041  0.980  1.000 -0.989  0.736
       20  0.99715  -0.072  0.043 -0.027 -0.989 -0.989  1.000 -0.787
       22  0.88104   0.081 -0.060 -0.013  0.736  0.736 -0.787  1.000
MINUIT - FIT ONLY 1-CBO + other amplitudes 
 **********
 **   16 **RES 
 **********
                   PARAMETER   14  ANy2 RESTORED TO VARIABLE.
                   PARAMETER    8  phi_CBO RESTORED TO VARIABLE.
                   PARAMETER    7  w_CBO RESTORED TO VARIABLE.
                   PARAMETER    6  A_CBO RESTORED TO VARIABLE.
 **********
 **   17 **FIX            0
 **********
 PARAMETER    0  IS UNDEFINED. IGNORED.
 **********
 **   18 **FIX            1
 **********
 **********
 **   19 **FIX            2
 **********
 PARAMETER    2  IS CONSTANT.   IGNORED.
 **********
 **   20 **FIX            3
 **********
 **********
 **   21 **FIX            4
 **********
 **********
 **   22 **FIX            9
 **********
 PARAMETER    9  IS CONSTANT.   IGNORED.
 **********
 **   23 **FIX           11
 **********
 PARAMETER   11  IS CONSTANT.   IGNORED.
 **********
 **   24 **FIX           12
 **********
 PARAMETER   12  IS CONSTANT.   IGNORED.
 **********
 **   25 **FIX           14
 **********
 **********
 **   26 **FIX           15
 **********
 PARAMETER   15  IS CONSTANT.   IGNORED.
 **********
 **   27 **FIX           16
 **********
 PARAMETER   16  IS CONSTANT.   IGNORED.
 **********
 **   28 **MIGRAD
 **********
 START MIGRAD MINIMIZATION.  STRATEGY  1.  CONVERGENCE WHEN EDM .LT. 1.00e-04
 FCN=757.523 FROM MIGRAD    STATUS=INITIATE       20 CALLS         279 TOTAL
                     EDM= unknown      STRATEGY= 1      NO ERROR MATRIX       
  EXT PARAMETER               CURRENT GUESS       STEP         FIRST   
  NO.   NAME      VALUE            ERROR          SIZE      DERIVATIVE 
   1  N0           2.93435e+06     fixed    
   2  tau          6.44064e+01   constant   
   3  A0           3.50162e-01     fixed    
   4  phi          4.11644e+00     fixed    
   5  R           -6.14263e+01   constant   
   6  A_CBO        2.92802e-03   1.00000e-05   1.00000e-05   2.06909e+04
   7  w_CBO        2.32220e+00   1.00000e-03   1.00000e-03   2.02413e+00
   8  phi_CBO      3.88071e+00   1.00000e-04   1.00000e-04   7.03445e+00
   9  ANx2         5.09258e-04   constant   
  10  pNx2         1.79030e-01   constant   
  11  ANy1         0.00000e+00   constant   
  12  pNy1         0.00000e+00   constant   
  13  w_y          0.00000e+00   constant   
  14  ANy2         8.95951e-03     fixed    
  15  pNy2         6.17155e+00   constant   
  16  w_vw         1.43200e+01   constant   
  17  LM          -8.21731e-05   constant   
  18  wCBO_expCoeff   2.00115e+02   9.25221e-02   4.04672e-04   2.30000e-02
  19  wCBO_expOffset   2.00017e+02   1.38799e-02   6.07440e-05   1.00398e-01
  20  wCBO_expT    2.99955e+01   9.44445e-03  -4.21632e-05   4.05560e-01
  21  wCBO_linCoeff   0.00000e+00   constant   
  22  wCBO_const  -4.13161e-03   7.39151e-04   2.15506e-06   9.07059e-02
 MIGRAD MINIMIZATION HAS CONVERGED.
 FCN=731.763 FROM MIGRAD    STATUS=CONVERGED     231 CALLS         490 TOTAL
                     EDM=7.27576e-08    STRATEGY= 1  ERROR MATRIX UNCERTAINTY   2.0 per cent
  EXT PARAMETER                                   STEP         FIRST   
  NO.   NAME      VALUE            ERROR          SIZE      DERIVATIVE 
   1  N0           2.93435e+06     fixed    
   2  tau          6.44064e+01   constant   
   3  A0           3.50162e-01     fixed    
   4  phi          4.11644e+00     fixed    
   5  R           -6.14263e+01   constant   
   6  A_CBO        7.73506e-04   4.58602e-04   5.85281e-07  -2.23088e-01
   7  w_CBO        2.32264e+00   6.01672e-04  -7.24137e-08   2.07956e+00
   8  phi_CBO      3.01445e+00   6.60857e-01   1.01664e-03  -4.49459e-04
   9  ANx2         5.09258e-04   constant   
  10  pNx2         1.79030e-01   constant   
  11  ANy1         0.00000e+00   constant   
  12  pNy1         0.00000e+00   constant   
  13  w_y          0.00000e+00   constant   
  14  ANy2         8.95951e-03     fixed    
  15  pNy2         6.17155e+00   constant   
  16  w_vw         1.43200e+01   constant   
  17  LM          -8.21731e-05   constant   
  18  wCBO_expCoeff   2.00164e+02   6.21449e-02   1.11391e-06   2.05169e-02
  19  wCBO_expOffset   2.00025e+02   9.28672e-03   1.88296e-07   1.32278e-01
  20  wCBO_expT    2.99874e+01   9.06095e-03   3.28968e-06   4.16309e-01
  21  wCBO_linCoeff   0.00000e+00   constant   
  22  wCBO_const  -4.01564e-03   9.80871e-04  -1.06501e-06   7.30575e-01
 EXTERNAL ERROR MATRIX.    NDIM=  25    NPAR=  7    ERR DEF=1
  2.103e-07 -2.503e-08  3.796e-07 -2.166e-06 -3.226e-07  4.410e-07 -7.552e-08 
 -2.503e-08  3.620e-07 -2.260e-06  3.492e-05  5.217e-06 -5.301e-06  3.759e-07 
  3.796e-07 -2.260e-06  4.367e-01 -1.327e-03 -1.971e-04  1.638e-04  1.228e-04 
 -2.166e-06  3.492e-05 -1.327e-03  3.862e-03  5.429e-04 -5.442e-04  3.516e-05 
 -3.226e-07  5.217e-06 -1.971e-04  5.429e-04  8.624e-05 -8.131e-05  5.250e-06 
  4.410e-07 -5.301e-06  1.638e-04 -5.442e-04 -8.131e-05  8.210e-05 -6.187e-06 
 -7.552e-08  3.759e-07  1.228e-04  3.516e-05  5.250e-06 -6.187e-06  9.621e-07 
 PARAMETER  CORRELATION COEFFICIENTS  
       NO.  GLOBAL      6      7      8     18     19     20     22
        6  0.19046   1.000 -0.091  0.001 -0.076 -0.076  0.106 -0.168
        7  0.98124  -0.091  1.000 -0.006  0.934  0.934 -0.972  0.637
        8  0.48379   0.001 -0.006  1.000 -0.032 -0.032  0.027  0.189
       18  0.98195  -0.076  0.934 -0.032  1.000  0.941 -0.967  0.577
       19  0.98182  -0.076  0.934 -0.032  0.941  1.000 -0.966  0.576
       20  0.99721   0.106 -0.972  0.027 -0.967 -0.966  1.000 -0.696
       22  0.91789  -0.168  0.637  0.189  0.577  0.576 -0.696  1.000
MINUIT - FIT ONLY 1-CBO
 **********
 **   29 **RES 
 **********
                   PARAMETER   14  ANy2 RESTORED TO VARIABLE.
                   PARAMETER    4  phi RESTORED TO VARIABLE.
                   PARAMETER    3  A0 RESTORED TO VARIABLE.
                   PARAMETER    1  N0 RESTORED TO VARIABLE.
 **********
 **   30 **FIX            0
 **********
 PARAMETER    0  IS UNDEFINED. IGNORED.
 **********
 **   31 **FIX            1
 **********
 **********
 **   32 **FIX            2
 **********
 PARAMETER    2  IS CONSTANT.   IGNORED.
 **********
 **   33 **FIX            3
 **********
 **********
 **   34 **FIX            4
 **********
 **********
 **   35 **FIX            8
 **********
 **********
 **   36 **FIX            9
 **********
 PARAMETER    9  IS CONSTANT.   IGNORED.
 **********
 **   37 **FIX           11
 **********
 PARAMETER   11  IS CONSTANT.   IGNORED.
 **********
 **   38 **FIX           12
 **********
 PARAMETER   12  IS CONSTANT.   IGNORED.
 **********
 **   39 **FIX           13
 **********
 PARAMETER   13  IS CONSTANT.   IGNORED.
 **********
 **   40 **FIX           15
 **********
 PARAMETER   15  IS CONSTANT.   IGNORED.
 **********
 **   41 **FIX           16
 **********
 PARAMETER   16  IS CONSTANT.   IGNORED.
 **********
 **   42 **MIGRAD
 **********
 START MIGRAD MINIMIZATION.  STRATEGY  1.  CONVERGENCE WHEN EDM .LT. 1.00e-04
 FCN=731.763 FROM MIGRAD    STATUS=INITIATE       16 CALLS         506 TOTAL
                     EDM= unknown      STRATEGY= 1      NO ERROR MATRIX       
  EXT PARAMETER               CURRENT GUESS       STEP         FIRST   
  NO.   NAME      VALUE            ERROR          SIZE      DERIVATIVE 
   1  N0           2.93435e+06     fixed    
   2  tau          6.44064e+01   constant   
   3  A0           3.50162e-01     fixed    
   4  phi          4.11644e+00     fixed    
   5  R           -6.14263e+01   constant   
   6  A_CBO        7.73506e-04   4.58602e-04   5.85281e-07  -2.23088e-01
   7  w_CBO        2.32264e+00   6.01672e-04  -7.24137e-08   2.07956e+00
   8  phi_CBO      3.01445e+00     fixed    
   9  ANx2         5.09258e-04   constant   
  10  pNx2         1.79030e-01   constant   
  11  ANy1         0.00000e+00   constant   
  12  pNy1         0.00000e+00   constant   
  13  w_y          0.00000e+00   constant   
  14  ANy2         8.95951e-03   1.00000e-04   1.00000e-04   8.58564e+04
  15  pNy2         6.17155e+00   constant   
  16  w_vw         1.43200e+01   constant   
  17  LM          -8.21731e-05   constant   
  18  wCBO_expCoeff   2.00164e+02   6.21449e-02   1.11391e-06   2.05169e-02
  19  wCBO_expOffset   2.00025e+02   9.28672e-03   1.88296e-07   1.32278e-01
  20  wCBO_expT    2.99874e+01   9.06095e-03   3.28968e-06   4.16309e-01
  21  wCBO_linCoeff   0.00000e+00   constant   
  22  wCBO_const  -4.01564e-03   9.80871e-04  -1.06501e-06   7.30574e-01
 MIGRAD MINIMIZATION HAS CONVERGED.
 MIGRAD WILL VERIFY CONVERGENCE AND ERROR MATRIX.
 FCN=357.78 FROM MIGRAD    STATUS=CONVERGED     197 CALLS         687 TOTAL
                     EDM=1.01493e-07    STRATEGY= 1      ERR MATRIX NOT POS-DEF
  EXT PARAMETER                APPROXIMATE        STEP         FIRST   
  NO.   NAME      VALUE            ERROR          SIZE      DERIVATIVE 
   1  N0           2.93435e+06     fixed    
   2  tau          6.44064e+01   constant   
   3  A0           3.50162e-01     fixed    
   4  phi          4.11644e+00     fixed    
   5  R           -6.14263e+01   constant   
   6  A_CBO        2.70045e-04   4.72370e-04   4.15135e-06   7.77187e-03
   7  w_CBO        2.32270e+00   1.91884e-03   1.43977e-06   2.50357e+00
   8  phi_CBO      3.01445e+00     fixed    
   9  ANx2         5.09258e-04   constant   
  10  pNx2         1.79030e-01   constant   
  11  ANy1         0.00000e+00   constant   
  12  pNy1         0.00000e+00   constant   
  13  w_y          0.00000e+00   constant   
  14  ANy2         2.49084e-04   4.49124e-04   4.15574e-06  -1.55201e-01
  15  pNy2         6.17155e+00   constant   
  16  w_vw         1.43200e+01   constant   
  17  LM          -8.21731e-05   constant   
  18  wCBO_expCoeff   2.00172e+02   1.81380e-01   1.42449e-04   2.61112e-02
  19  wCBO_expOffset   2.00026e+02   2.75378e-02   9.53797e-05   1.75495e-01
  20  wCBO_expT    2.99864e+01   7.10025e-03   1.42986e-05   5.67414e-01
  21  wCBO_linCoeff   0.00000e+00   constant   
  22  wCBO_const  -4.28880e-03   1.36566e-03   4.15572e-06   5.90767e-01
 EXTERNAL ERROR MATRIX.    NDIM=  25    NPAR=  7    ERR DEF=1
  2.231e-07 -2.109e-08  1.018e-08 -1.483e-06 -6.134e-07  5.909e-07 -1.646e-07 
 -2.109e-08  3.682e-06 -9.514e-10 -1.255e-04 -1.997e-05 -3.070e-06 -1.257e-06 
  1.018e-08 -9.514e-10  2.017e-07 -1.599e-07 -1.460e-08  1.273e-08  8.260e-09 
 -1.483e-06 -1.255e-04 -1.599e-07  3.290e-02 -2.359e-03 -3.244e-04  8.292e-05 
 -6.134e-07 -1.997e-05 -1.460e-08 -2.359e-03  7.583e-04 -5.071e-05  1.336e-05 
  5.909e-07 -3.070e-06  1.273e-08 -3.244e-04 -5.071e-05  5.041e-05 -4.702e-06 
 -1.646e-07 -1.257e-06  8.260e-09  8.292e-05  1.336e-05 -4.702e-06  1.865e-06 
ERR MATRIX NOT POS-DEF
 PARAMETER  CORRELATION COEFFICIENTS  
       NO.  GLOBAL      6      7     14     18     19     20     22
        6  0.31919   1.000 -0.023  0.048 -0.017 -0.047  0.176 -0.255
        7  0.99673  -0.023  1.000 -0.001 -0.361 -0.378 -0.225 -0.480
       14  0.06467   0.048 -0.001  1.000 -0.002 -0.001  0.004  0.013
       18  0.99641  -0.017 -0.361 -0.002  1.000 -0.472 -0.252  0.335
       19  0.99651  -0.047 -0.378 -0.001 -0.472  1.000 -0.259  0.355
       20  0.99519   0.176 -0.225  0.004 -0.252 -0.259  1.000 -0.485
       22  0.94478  -0.255 -0.480  0.013  0.335  0.355 -0.485  1.000
 ERR MATRIX NOT POS-DEF
MINUIT - FIT ONLY 2-CBO
 **********
 **   43 **RES 
 **********
                   PARAMETER    8  phi_CBO RESTORED TO VARIABLE.
                   PARAMETER    4  phi RESTORED TO VARIABLE.
                   PARAMETER    3  A0 RESTORED TO VARIABLE.
                   PARAMETER    1  N0 RESTORED TO VARIABLE.
 **********
 **   44 **FIX            0
 **********
 PARAMETER    0  IS UNDEFINED. IGNORED.
 **********
 **   45 **FIX            1
 **********
 **********
 **   46 **FIX            2
 **********
 PARAMETER    2  IS CONSTANT.   IGNORED.
 **********
 **   47 **FIX            3
 **********
 **********
 **   48 **FIX            4
 **********
 **********
 **   49 **FIX            5
 **********
 PARAMETER    5  IS CONSTANT.   IGNORED.
 **********
 **   50 **FIX            6
 **********
 **********
 **   51 **FIX            7
 **********
 **********
 **   52 **FIX           10
 **********
 PARAMETER   10  IS CONSTANT.   IGNORED.
 **********
 **   53 **FIX           11
 **********
 PARAMETER   11  IS CONSTANT.   IGNORED.
 **********
 **   54 **FIX           12
 **********
 PARAMETER   12  IS CONSTANT.   IGNORED.
 **********
 **   55 **FIX           13
 **********
 PARAMETER   13  IS CONSTANT.   IGNORED.
 **********
 **   56 **FIX           14
 **********
 **********
 **   57 **FIX           15
 **********
 PARAMETER   15  IS CONSTANT.   IGNORED.
 **********
 **   58 **FIX           16
 **********
 PARAMETER   16  IS CONSTANT.   IGNORED.
 **********
 **   59 **MIGRAD
 **********
 START MIGRAD MINIMIZATION.  STRATEGY  1.  CONVERGENCE WHEN EDM .LT. 1.00e-04
 FCN=357.78 FROM MIGRAD    STATUS=INITIATE       12 CALLS         699 TOTAL
                     EDM= unknown      STRATEGY= 1      NO ERROR MATRIX       
  EXT PARAMETER               CURRENT GUESS       STEP         FIRST   
  NO.   NAME      VALUE            ERROR          SIZE      DERIVATIVE 
   1  N0           2.93435e+06     fixed    
   2  tau          6.44064e+01   constant   
   3  A0           3.50162e-01     fixed    
   4  phi          4.11644e+00     fixed    
   5  R           -6.14263e+01   constant   
   6  A_CBO        2.70045e-04     fixed    
   7  w_CBO        2.32270e+00     fixed    
   8  phi_CBO      3.01445e+00   6.60857e-01   6.60857e-01  -2.59845e-01
   9  ANx2         5.09258e-04   constant   
  10  pNx2         1.79030e-01   constant   
  11  ANy1         0.00000e+00   constant   
  12  pNy1         0.00000e+00   constant   
  13  w_y          0.00000e+00   constant   
  14  ANy2         2.49084e-04     fixed    
  15  pNy2         6.17155e+00   constant   
  16  w_vw         1.43200e+01   constant   
  17  LM          -8.21731e-05   constant   
  18  wCBO_expCoeff   2.00172e+02   1.81380e-01   1.42449e-04   2.61431e-02
  19  wCBO_expOffset   2.00026e+02   2.75378e-02   9.53797e-05   1.79149e-01
  20  wCBO_expT    2.99864e+01   7.10025e-03   1.42986e-05   5.69194e-01
  21  wCBO_linCoeff   0.00000e+00   constant   
  22  wCBO_const  -4.28880e-03   1.36566e-03   4.15572e-06   5.92832e-01
 MIGRAD MINIMIZATION HAS CONVERGED.
 MIGRAD WILL VERIFY CONVERGENCE AND ERROR MATRIX.
 COVARIANCE MATRIX CALCULATED SUCCESSFULLY
 FCN=357.73 FROM MIGRAD    STATUS=CONVERGED     118 CALLS         805 TOTAL
                     EDM=1.09436e-08    STRATEGY= 1      ERROR MATRIX ACCURATE 
  EXT PARAMETER                                   STEP         FIRST   
  NO.   NAME      VALUE            ERROR          SIZE      DERIVATIVE 
   1  N0           2.93435e+06     fixed    
   2  tau          6.44064e+01   constant   
   3  A0           3.50162e-01     fixed    
   4  phi          4.11644e+00     fixed    
   5  R           -6.14263e+01   constant   
   6  A_CBO        2.70045e-04     fixed    
   7  w_CBO        2.32270e+00     fixed    
   8  phi_CBO      3.39590e+00   1.71419e+00   1.50170e-02   7.12667e-05
   9  ANx2         5.09258e-04   constant   
  10  pNx2         1.79030e-01   constant   
  11  ANy1         0.00000e+00   constant   
  12  pNy1         0.00000e+00   constant   
  13  w_y          0.00000e+00   constant   
  14  ANy2         2.49084e-04     fixed    
  15  pNy2         6.17155e+00   constant   
  16  w_vw         1.43200e+01   constant   
  17  LM          -8.21731e-05   constant   
  18  wCBO_expCoeff   2.00178e+02   6.07775e-01   1.42772e-04  -5.39387e-03
  19  wCBO_expOffset   2.00027e+02   8.60538e-02   9.53801e-05  -3.63679e-02
  20  wCBO_expT    2.99858e+01   1.14368e-02   1.42983e-05  -1.08715e-01
  21  wCBO_linCoeff   0.00000e+00   constant   
  22  wCBO_const  -4.20864e-03   1.52664e-03   4.11414e-06  -1.24671e-01
 EXTERNAL ERROR MATRIX.    NDIM=  25    NPAR=  5    ERR DEF=1
  2.938e+00  5.620e-02  5.086e-03 -4.840e-03  7.033e-04 
  5.620e-02  3.694e-01 -4.889e-02 -2.265e-03  2.353e-04 
  5.086e-03 -4.889e-02  7.405e-03 -2.746e-05  2.959e-06 
 -4.840e-03 -2.265e-03 -2.746e-05  1.308e-04 -1.468e-05 
  7.033e-04  2.353e-04  2.959e-06 -1.468e-05  2.331e-06 
 PARAMETER  CORRELATION COEFFICIENTS  
       NO.  GLOBAL      8     18     19     20     22
        8  0.31386   1.000  0.054  0.034 -0.247  0.269
       18  0.99968   0.054  1.000 -0.935 -0.326  0.254
       19  0.99964   0.034 -0.935  1.000 -0.028  0.023
       20  0.99813  -0.247 -0.326 -0.028  1.000 -0.841
       22  0.95661   0.269  0.254  0.023 -0.841  1.000
MINUIT - FIT ONLY 1-y
 **********
 **   60 **RES 
 **********
                   PARAMETER   14  ANy2 RESTORED TO VARIABLE.
                   PARAMETER    7  w_CBO RESTORED TO VARIABLE.
                   PARAMETER    6  A_CBO RESTORED TO VARIABLE.
                   PARAMETER    4  phi RESTORED TO VARIABLE.
                   PARAMETER    3  A0 RESTORED TO VARIABLE.
                   PARAMETER    1  N0 RESTORED TO VARIABLE.
 **********
 **   61 **FIX            0
 **********
 PARAMETER    0  IS UNDEFINED. IGNORED.
 **********
 **   62 **FIX            1
 **********
 **********
 **   63 **FIX            2
 **********
 PARAMETER    2  IS CONSTANT.   IGNORED.
 **********
 **   64 **FIX            3
 **********
 **********
 **   65 **FIX            4
 **********
 **********
 **   66 **FIX            5
 **********
 PARAMETER    5  IS CONSTANT.   IGNORED.
 **********
 **   67 **FIX            6
 **********
 **********
 **   68 **FIX            7
 **********
 **********
 **   69 **FIX            8
 **********
 **********
 **   70 **FIX            9
 **********
 PARAMETER    9  IS CONSTANT.   IGNORED.
 **********
 **   71 **FIX           13
 **********
 PARAMETER   13  IS CONSTANT.   IGNORED.
 **********
 **   72 **FIX           14
 **********
 **********
 **   73 **FIX           15
 **********
 PARAMETER   15  IS CONSTANT.   IGNORED.
 **********
 **   74 **FIX           16
 **********
 PARAMETER   16  IS CONSTANT.   IGNORED.
 **********
 **   75 **MIGRAD
 **********
 START MIGRAD MINIMIZATION.  STRATEGY  1.  CONVERGENCE WHEN EDM .LT. 1.00e-04
 FCN=357.73 FROM MIGRAD    STATUS=INITIATE        8 CALLS         813 TOTAL
                     EDM= unknown      STRATEGY= 1      NO ERROR MATRIX       
  EXT PARAMETER               CURRENT GUESS       STEP         FIRST   
  NO.   NAME      VALUE            ERROR          SIZE      DERIVATIVE 
   1  N0           2.93435e+06     fixed    
   2  tau          6.44064e+01   constant   
   3  A0           3.50162e-01     fixed    
   4  phi          4.11644e+00     fixed    
   5  R           -6.14263e+01   constant   
   6  A_CBO        2.70045e-04     fixed    
   7  w_CBO        2.32270e+00     fixed    
   8  phi_CBO      3.39590e+00     fixed    
   9  ANx2         5.09258e-04   constant   
  10  pNx2         1.79030e-01   constant   
  11  ANy1         0.00000e+00   constant   
  12  pNy1         0.00000e+00   constant   
  13  w_y          0.00000e+00   constant   
  14  ANy2         2.49084e-04     fixed    
  15  pNy2         6.17155e+00   constant   
  16  w_vw         1.43200e+01   constant   
  17  LM          -8.21731e-05   constant   
  18  wCBO_expCoeff   2.00178e+02   6.07775e-01   1.42772e-04  -5.40410e-03
  19  wCBO_expOffset   2.00027e+02   8.60538e-02   9.53801e-05  -3.74742e-02
  20  wCBO_expT    2.99858e+01   1.14368e-02   1.42983e-05  -1.09884e-01
  21  wCBO_linCoeff   0.00000e+00   constant   
  22  wCBO_const  -4.20864e-03   1.52664e-03   4.11414e-06  -1.23327e-01
 MIGRAD MINIMIZATION HAS CONVERGED.
 MIGRAD WILL VERIFY CONVERGENCE AND ERROR MATRIX.
 COVARIANCE MATRIX CALCULATED SUCCESSFULLY
 FCN=357.73 FROM MIGRAD    STATUS=CONVERGED      45 CALLS         850 TOTAL
                     EDM=3.27259e-09    STRATEGY= 1      ERROR MATRIX ACCURATE 
  EXT PARAMETER                                   STEP         FIRST   
  NO.   NAME      VALUE            ERROR          SIZE      DERIVATIVE 
   1  N0           2.93435e+06     fixed    
   2  tau          6.44064e+01   constant   
   3  A0           3.50162e-01     fixed    
   4  phi          4.11644e+00     fixed    
   5  R           -6.14263e+01   constant   
   6  A_CBO        2.70045e-04     fixed    
   7  w_CBO        2.32270e+00     fixed    
   8  phi_CBO      3.39590e+00     fixed    
   9  ANx2         5.09258e-04   constant   
  10  pNx2         1.79030e-01   constant   
  11  ANy1         0.00000e+00   constant   
  12  pNy1         0.00000e+00   constant   
  13  w_y          0.00000e+00   constant   
  14  ANy2         2.49084e-04     fixed    
  15  pNy2         6.17155e+00   constant   
  16  w_vw         1.43200e+01   constant   
  17  LM          -8.21731e-05   constant   
  18  wCBO_expCoeff   2.00178e+02   6.06406e-01   1.42756e-04  -3.41331e-04
  19  wCBO_expOffset   2.00027e+02   8.59293e-02   9.53801e-05  -2.28494e-03
  20  wCBO_expT    2.99858e+01   1.10819e-02   1.42983e-05   3.91886e-03
  21  wCBO_linCoeff   0.00000e+00   constant   
  22  wCBO_const  -4.20864e-03   1.47041e-03   4.11352e-06   3.47024e-02
 EXTERNAL ERROR MATRIX.    NDIM=  25    NPAR=  4    ERR DEF=1
  3.677e-01 -4.890e-02 -2.171e-03  2.218e-04 
 -4.890e-02  7.384e-03 -1.916e-05  1.750e-06 
 -2.171e-03 -1.916e-05  1.228e-04 -1.352e-05 
  2.218e-04  1.750e-06 -1.352e-05  2.162e-06 
 PARAMETER  CORRELATION COEFFICIENTS  
       NO.  GLOBAL     18     19     20     22
       18  0.99968   1.000 -0.939 -0.323  0.249
       19  0.99964  -0.939  1.000 -0.020  0.014
       20  0.99801  -0.323 -0.020  1.000 -0.830
       22  0.95315   0.249  0.014 -0.830  1.000
MINUIT - FIT ONLY 2-y
 **********
 **   76 **RES 
 **********
                   PARAMETER   14  ANy2 RESTORED TO VARIABLE.
                   PARAMETER    8  phi_CBO RESTORED TO VARIABLE.
                   PARAMETER    7  w_CBO RESTORED TO VARIABLE.
                   PARAMETER    6  A_CBO RESTORED TO VARIABLE.
                   PARAMETER    4  phi RESTORED TO VARIABLE.
                   PARAMETER    3  A0 RESTORED TO VARIABLE.
                   PARAMETER    1  N0 RESTORED TO VARIABLE.
 **********
 **   77 **FIX            0
 **********
 PARAMETER    0  IS UNDEFINED. IGNORED.
 **********
 **   78 **FIX            1
 **********
 **********
 **   79 **FIX            2
 **********
 PARAMETER    2  IS CONSTANT.   IGNORED.
 **********
 **   80 **FIX            3
 **********
 **********
 **   81 **FIX            4
 **********
 **********
 **   82 **FIX            5
 **********
 PARAMETER    5  IS CONSTANT.   IGNORED.
 **********
 **   83 **FIX            6
 **********
 **********
 **   84 **FIX            7
 **********
 **********
 **   85 **FIX            8
 **********
 **********
 **   86 **FIX            9
 **********
 PARAMETER    9  IS CONSTANT.   IGNORED.
 **********
 **   87 **FIX           10
 **********
 PARAMETER   10  IS CONSTANT.   IGNORED.
 **********
 **   88 **FIX           11
 **********
 PARAMETER   11  IS CONSTANT.   IGNORED.
 **********
 **   89 **FIX           12
 **********
 PARAMETER   12  IS CONSTANT.   IGNORED.
 **********
 **   90 **FIX           16
 **********
 PARAMETER   16  IS CONSTANT.   IGNORED.
 **********
 **   91 **MIGRAD
 **********
 START MIGRAD MINIMIZATION.  STRATEGY  1.  CONVERGENCE WHEN EDM .LT. 1.00e-04
 FCN=357.73 FROM MIGRAD    STATUS=INITIATE       10 CALLS         860 TOTAL
                     EDM= unknown      STRATEGY= 1      NO ERROR MATRIX       
  EXT PARAMETER               CURRENT GUESS       STEP         FIRST   
  NO.   NAME      VALUE            ERROR          SIZE      DERIVATIVE 
   1  N0           2.93435e+06     fixed    
   2  tau          6.44064e+01   constant   
   3  A0           3.50162e-01     fixed    
   4  phi          4.11644e+00     fixed    
   5  R           -6.14263e+01   constant   
   6  A_CBO        2.70045e-04     fixed    
   7  w_CBO        2.32270e+00     fixed    
   8  phi_CBO      3.39590e+00     fixed    
   9  ANx2         5.09258e-04   constant   
  10  pNx2         1.79030e-01   constant   
  11  ANy1         0.00000e+00   constant   
  12  pNy1         0.00000e+00   constant   
  13  w_y          0.00000e+00   constant   
  14  ANy2         2.49084e-04   4.49124e-04   4.49124e-04   3.27470e+01
  15  pNy2         6.17155e+00   constant   
  16  w_vw         1.43200e+01   constant   
  17  LM          -8.21731e-05   constant   
  18  wCBO_expCoeff   2.00178e+02   6.06406e-01   1.42756e-04  -3.51626e-04
  19  wCBO_expOffset   2.00027e+02   8.59293e-02   9.53801e-05  -3.75083e-03
  20  wCBO_expT    2.99858e+01   1.10819e-02   1.42983e-05   2.37181e-03
  21  wCBO_linCoeff   0.00000e+00   constant   
  22  wCBO_const  -4.20864e-03   1.47041e-03   4.11352e-06   3.60463e-02
 MIGRAD MINIMIZATION HAS CONVERGED.
 MIGRAD WILL VERIFY CONVERGENCE AND ERROR MATRIX.
 COVARIANCE MATRIX CALCULATED SUCCESSFULLY
 FCN=357.73 FROM MIGRAD    STATUS=CONVERGED      52 CALLS         902 TOTAL
                     EDM=2.57242e-07    STRATEGY= 1      ERROR MATRIX ACCURATE 
  EXT PARAMETER                                   STEP         FIRST   
  NO.   NAME      VALUE            ERROR          SIZE      DERIVATIVE 
   1  N0           2.93435e+06     fixed    
   2  tau          6.44064e+01   constant   
   3  A0           3.50162e-01     fixed    
   4  phi          4.11644e+00     fixed    
   5  R           -6.14263e+01   constant   
   6  A_CBO        2.70045e-04     fixed    
   7  w_CBO        2.32270e+00     fixed    
   8  phi_CBO      3.39590e+00     fixed    
   9  ANx2         5.09258e-04   constant   
  10  pNx2         1.79030e-01   constant   
  11  ANy1         0.00000e+00   constant   
  12  pNy1         0.00000e+00   constant   
  13  w_y          0.00000e+00   constant   
  14  ANy2         2.45779e-04   4.49836e-04   4.15544e-06   8.63265e-04
  15  pNy2         6.17155e+00   constant   
  16  w_vw         1.43200e+01   constant   
  17  LM          -8.21731e-05   constant   
  18  wCBO_expCoeff   2.00178e+02   6.05435e-01   1.42756e-04   2.13977e-02
  19  wCBO_expOffset   2.00027e+02   8.57809e-02   9.53801e-05   1.42482e-01
  20  wCBO_expT    2.99858e+01   1.10806e-02   1.42983e-05   5.55619e-01
  21  wCBO_linCoeff   0.00000e+00   constant   
  22  wCBO_const  -4.20864e-03   1.47078e-03   4.11352e-06   1.39763e+00
 EXTERNAL ERROR MATRIX.    NDIM=  25    NPAR=  5    ERR DEF=1
  2.024e-07 -1.282e-06  1.926e-07 -1.537e-08  1.693e-08 
 -1.282e-06  3.666e-01 -4.873e-02 -2.170e-03  2.215e-04 
  1.926e-07 -4.873e-02  7.358e-03 -1.929e-05  1.780e-06 
 -1.537e-08 -2.170e-03 -1.929e-05  1.228e-04 -1.352e-05 
  1.693e-08  2.215e-04  1.780e-06 -1.352e-05  2.163e-06 
 PARAMETER  CORRELATION COEFFICIENTS  
       NO.  GLOBAL     14     18     19     20     22
       14  0.04753   1.000 -0.005  0.005 -0.003  0.026
       18  0.99967  -0.005  1.000 -0.938 -0.323  0.249
       19  0.99964   0.005 -0.938  1.000 -0.020  0.014
       20  0.99801  -0.003 -0.323 -0.020  1.000 -0.829
       22  0.95318   0.026  0.249  0.014 -0.829  1.000
MINUIT - FIT ALTOGETHER
 **********
 **   92 **RES 
 **********
                   PARAMETER    8  phi_CBO RESTORED TO VARIABLE.
                   PARAMETER    7  w_CBO RESTORED TO VARIABLE.
                   PARAMETER    6  A_CBO RESTORED TO VARIABLE.
                   PARAMETER    4  phi RESTORED TO VARIABLE.
                   PARAMETER    3  A0 RESTORED TO VARIABLE.
                   PARAMETER    1  N0 RESTORED TO VARIABLE.
 **********
 **   93 **MIGRAD
 **********
 START MIGRAD MINIMIZATION.  STRATEGY  1.  CONVERGENCE WHEN EDM .LT. 1.00e-04
 FCN=357.73 FROM MIGRAD    STATUS=INITIATE       22 CALLS         924 TOTAL
                     EDM= unknown      STRATEGY= 1      NO ERROR MATRIX       
  EXT PARAMETER               CURRENT GUESS       STEP         FIRST   
  NO.   NAME      VALUE            ERROR          SIZE      DERIVATIVE 
   1  N0           2.93435e+06   9.16431e+02   9.16431e+02   3.19972e-04
   2  tau          6.44064e+01   constant   
   3  A0           3.50162e-01   4.18375e-04   4.18375e-04   3.46579e+02
   4  phi          4.11644e+00   1.27421e-03   1.27421e-03   1.43914e+02
   5  R           -6.14263e+01   constant   
   6  A_CBO        2.70045e-04   4.72370e-04   4.72370e-04  -1.25881e+02
   7  w_CBO        2.32270e+00   1.91884e-03   1.91884e-03   2.44210e+00
   8  phi_CBO      3.39590e+00   1.71419e+00   1.71419e+00  -3.71589e-04
   9  ANx2         5.09258e-04   constant   
  10  pNx2         1.79030e-01   constant   
  11  ANy1         0.00000e+00   constant   
  12  pNy1         0.00000e+00   constant   
  13  w_y          0.00000e+00   constant   
  14  ANy2         2.45779e-04   4.49836e-04   4.15544e-06   8.63197e-04
  15  pNy2         6.17155e+00   constant   
  16  w_vw         1.43200e+01   constant   
  17  LM          -8.21731e-05   constant   
  18  wCBO_expCoeff   2.00178e+02   6.05435e-01   1.42756e-04   2.13873e-02
  19  wCBO_expOffset   2.00027e+02   8.57809e-02   9.53801e-05   1.41362e-01
  20  wCBO_expT    2.99858e+01   1.10806e-02   1.42983e-05   5.54438e-01
  21  wCBO_linCoeff   0.00000e+00   constant   
