 + ++++++++++++++++++++++++++++++++++++++++++++++++++++++++++++++++++++ +
 +                                                                      +
 +           You have chose to blind your fitting according to          +
 +                omega_ref * (1 + (R +/- deltaR) *10^{-6})             +
 +                                                                      +
 + ++++++++++++++++++++++++++++++++++++++++++++++++++++++++++++++++++++ +
In main()...
reading format from /gm2data/zkhechad/run45/envelope/formats/formatB_sBin_constraintOn.txt
pBinTau 	= 0  
pBinPhi 	= 0  
constraintau 	= 1 
includeMopTerm 	= 0    
constrainMop    = 0   
Parameters after format file: pBinTau 0 pBinPhi 0 constraintau 1 includeMopTerm 0 constrainMop 0 c_e_scale 0.000000 
reading cbo reference file (full fit) from /gm2data/zkhechad/cboTemplates/Run4CBOTemplates/fullFits/run4/sBin_constraintOn_cE0.0_seed0_run4_calo21.root
A_CBO 0.009954 w_CBO 2.326310 phi_CBO 2.942572 N0 2740148.315147 R -59.181603 tau 64.402317 
Reading cboRef file /gm2data/zkhechad/cboTemplates/Run4CBOTemplates//cboIsolate/run4_calo21.root
deltaT 164.120000
windowBins = 1100
fitting sliding window 1720 from bin 1923 at 286.911600 to bin 3023 at 451.031600 (1100 bins)

Reading data from /gm2data/cornell/histograms/aMethod/histogram_a_run4.root
fitting cbo isolate
 **********
 **    1 **SET PRINTOUT            1
 **********
 **********
 **    2 **SET NOWARNINGS 
 **********
 PARAMETER DEFINITIONS:
    NO.   NAME         VALUE      STEP SIZE      LIMITS
     1 A_CBO        9.95405e-03  1.00000e-05     no limits
     2 w_CBO        2.32631e+00  1.00000e-02    2.00000e+00  3.00000e+00
     3 phi_CBO      2.94257e+00  1.00000e-02    0.00000e+00  6.28319e+00
 **********
 **    3 **MIGRAD
 **********
 FIRST CALL TO USER FUNCTION AT NEW START POINT, WITH IFLAG=4.
 START MIGRAD MINIMIZATION.  STRATEGY  1.  CONVERGENCE WHEN EDM .LT. 1.00e-04
 FCN=0.0807466 FROM MIGRAD    STATUS=INITIATE       12 CALLS          13 TOTAL
                     EDM= unknown      STRATEGY= 1      NO ERROR MATRIX       
  EXT PARAMETER               CURRENT GUESS       STEP         FIRST   
  NO.   NAME      VALUE            ERROR          SIZE      DERIVATIVE 
   1  A_CBO        9.95405e-03   1.00000e-05   1.00000e-05   7.25515e+00
   2  w_CBO        2.32631e+00   1.00000e-02   2.13305e-02  -1.26321e-01
   3  phi_CBO      2.94257e+00   1.00000e-02   3.18951e-03   2.55906e-03
 MIGRAD MINIMIZATION HAS CONVERGED.
 MIGRAD WILL VERIFY CONVERGENCE AND ERROR MATRIX.
 COVARIANCE MATRIX CALCULATED SUCCESSFULLY
 FCN=0.0567796 FROM MIGRAD    STATUS=CONVERGED      41 CALLS          42 TOTAL
                     EDM=8.11609e-06    STRATEGY= 1      ERROR MATRIX ACCURATE 
  EXT PARAMETER                                   STEP         FIRST   
  NO.   NAME      VALUE            ERROR          SIZE      DERIVATIVE 
   1  A_CBO        3.34793e-03   4.27856e-02   2.14180e-05  -4.27785e-04
   2  w_CBO        2.32636e+00   2.55971e-01   3.64002e-05   3.59917e-02
   3  phi_CBO      2.92046e+00   4.35491e+00   2.03930e-03  -5.42634e-04
 EXTERNAL ERROR MATRIX.    NDIM=  25    NPAR=  3    ERR DEF=1
  1.831e-03 -8.388e-04 -3.042e-01 
 -8.388e-04  7.332e-02  2.723e+01 
 -3.042e-01  2.723e+01  1.028e+04 
 PARAMETER  CORRELATION COEFFICIENTS  
       NO.  GLOBAL      1      2      3
        1  0.07366   1.000 -0.072 -0.070
        2  0.99208  -0.072  1.000  0.992
        3  0.99208  -0.070  0.992  1.000
setting A_CBO=0.003348 w_CBO=2.326362, phi_CBO=2.920465
done fitting cbo isolate
 **********
 **    1 **SET PRINTOUT            1
 **********
 **********
 **    2 **SET NOWARNINGS 
 **********
 PARAMETER DEFINITIONS:
    NO.   NAME         VALUE      STEP SIZE      LIMITS
     1 N0           2.74015e+06  1.00000e+02     no limits
     2 tau          6.44023e+01  constant
     3 A0           3.54223e-01  1.00000e-04     no limits
     4 phi          4.11631e+00  1.00000e-02     no limits
     5 R           -5.91816e+01  constant
     6 A_CBO        3.34793e-03  1.00000e-05     no limits
     7 w_CBO        2.32636e+00  1.00000e-03     no limits
     8 phi_CBO      2.92046e+00  1.00000e-04     no limits
     9 ANx2         7.44254e-04  constant
    10 pNx2         1.53785e+00  constant
    11 ANy1         0.00000e+00  constant
    12 pNy1         0.00000e+00  constant
    13 w_y          0.00000e+00  constant
    14 ANy2         8.00900e-03  1.00000e-04     no limits
    15 pNy2         3.64406e+00  constant
    16 w_vw         1.43170e+01  constant
    17 LM          -4.99363e-05  constant
    18 wCBO_expCoeff   2.00000e+02  1.00000e+00     no limits
    19 wCBO_expOffset   2.00000e+02  1.00000e+00     no limits
    20 wCBO_expT    3.00000e+01  1.00000e+00     no limits
    21 wCBO_linCoeff   0.00000e+00  constant
    22 wCBO_const   0.00000e+00  1.00000e-02     no limits
MINUIT - FIT ONLY WIGGLE
 **********
 **    3 **FIX            5
 **********
 PARAMETER    5  IS CONSTANT.   IGNORED.
 **********
 **    4 **FIX            6
 **********
 **********
 **    5 **FIX            7
 **********
 **********
 **    6 **FIX            8
 **********
 **********
 **    7 **FIX            9
 **********
 PARAMETER    9  IS CONSTANT.   IGNORED.
 **********
 **    8 **FIX           10
 **********
 PARAMETER   10  IS CONSTANT.   IGNORED.
 **********
 **    9 **FIX           11
 **********
 PARAMETER   11  IS CONSTANT.   IGNORED.
 **********
 **   10 **FIX           12
 **********
 PARAMETER   12  IS CONSTANT.   IGNORED.
 **********
 **   11 **FIX           13
 **********
 PARAMETER   13  IS CONSTANT.   IGNORED.
 **********
 **   12 **FIX           14
 **********
 **********
 **   13 **FIX           15
 **********
 PARAMETER   15  IS CONSTANT.   IGNORED.
 **********
 **   14 **FIX           16
 **********
 PARAMETER   16  IS CONSTANT.   IGNORED.
 **********
 **   15 **MIGRAD
 **********
 FIRST CALL TO USER FUNCTION AT NEW START POINT, WITH IFLAG=4.
 START MIGRAD MINIMIZATION.  STRATEGY  1.  CONVERGENCE WHEN EDM .LT. 1.00e-04
 FCN=661.114 FROM MIGRAD    STATUS=INITIATE       54 CALLS          55 TOTAL
                     EDM= unknown      STRATEGY= 1      NO ERROR MATRIX       
  EXT PARAMETER               CURRENT GUESS       STEP         FIRST   
  NO.   NAME      VALUE            ERROR          SIZE      DERIVATIVE 
   1  N0           2.74015e+06   1.00000e+02   0.00000e+00  -1.39791e-03
   2  tau          6.44023e+01   constant   
   3  A0           3.54223e-01   1.00000e-04   0.00000e+00   2.44118e+03
   4  phi          4.11631e+00   1.00000e-02   0.00000e+00  -1.24835e+03
   5  R           -5.91816e+01   constant   
   6  A_CBO        3.34793e-03     fixed    
   7  w_CBO        2.32636e+00     fixed    
   8  phi_CBO      2.92046e+00     fixed    
   9  ANx2         7.44254e-04   constant   
  10  pNx2         1.53785e+00   constant   
  11  ANy1         0.00000e+00   constant   
  12  pNy1         0.00000e+00   constant   
  13  w_y          0.00000e+00   constant   
  14  ANy2         8.00900e-03     fixed    
  15  pNy2         3.64406e+00   constant   
  16  w_vw         1.43170e+01   constant   
  17  LM          -4.99363e-05   constant   
  18  wCBO_expCoeff   1.99893e+02   1.00000e+00  -1.06782e-01  -8.21041e+01
  19  wCBO_expOffset   2.00000e+02   1.00000e+00   0.00000e+00  -5.46914e+02
  20  wCBO_expT    3.00000e+01   1.00000e+00   0.00000e+00  -7.79910e+02
  21  wCBO_linCoeff   0.00000e+00   constant   
  22  wCBO_const   0.00000e+00   1.00000e-02   0.00000e+00   4.75361e+03
 MIGRAD MINIMIZATION HAS CONVERGED.
 FCN=653.3 FROM MIGRAD    STATUS=CONVERGED     187 CALLS         188 TOTAL
                     EDM=6.81595e-07    STRATEGY= 1  ERROR MATRIX UNCERTAINTY   0.8 per cent
  EXT PARAMETER                                   STEP         FIRST   
  NO.   NAME      VALUE            ERROR          SIZE      DERIVATIVE 
   1  N0           2.74048e+06   8.95574e+02  -2.04960e-01   2.92185e-07
   2  tau          6.44023e+01   constant   
   3  A0           3.54115e-01   4.38424e-04   1.61632e-06  -1.83199e+00
   4  phi          4.11696e+00   1.28979e-03   1.58759e-06   3.10218e-01
   5  R           -5.91816e+01   constant   
   6  A_CBO        3.34793e-03     fixed    
   7  w_CBO        2.32636e+00     fixed    
   8  phi_CBO      2.92046e+00     fixed    
   9  ANx2         7.44254e-04   constant   
  10  pNx2         1.53785e+00   constant   
  11  ANy1         0.00000e+00   constant   
  12  pNy1         0.00000e+00   constant   
  13  w_y          0.00000e+00   constant   
  14  ANy2         8.00900e-03     fixed    
  15  pNy2         3.64406e+00   constant   
  16  w_vw         1.43170e+01   constant   
  17  LM          -4.99363e-05   constant   
  18  wCBO_expCoeff   1.99997e+02   5.55397e-02   1.16802e-04   3.77394e-02
  19  wCBO_expOffset   2.00016e+02   8.33379e-03   1.77560e-05   1.35571e-01
  20  wCBO_expT    2.99911e+01   5.48001e-03  -8.38012e-06   7.81136e-01
  21  wCBO_linCoeff   0.00000e+00   constant   
  22  wCBO_const  -4.90860e-04   5.27876e-04  -3.18860e-06  -8.40425e-02
 EXTERNAL ERROR MATRIX.    NDIM=  25    NPAR=  7    ERR DEF=1
  8.021e+05 -6.047e-03  1.780e-03 -1.115e+00 -1.678e-01  3.541e-02  4.025e-02 
 -6.047e-03  1.922e-07 -9.392e-09  2.000e-06  3.049e-07 -1.877e-07 -8.454e-09 
  1.780e-03 -9.392e-09  1.664e-06 -8.150e-06 -1.216e-06  7.694e-07 -1.033e-08 
 -1.115e+00  2.000e-06 -8.150e-06  3.085e-03  4.283e-04 -2.961e-04  1.223e-05 
 -1.678e-01  3.049e-07 -1.216e-06  4.283e-04  6.945e-05 -4.442e-05  1.824e-06 
  3.541e-02 -1.877e-07  7.694e-07 -2.961e-04 -4.442e-05  3.003e-05 -1.492e-06 
  4.025e-02 -8.454e-09 -1.033e-08  1.223e-05  1.824e-06 -1.492e-06  2.787e-07 
 PARAMETER  CORRELATION COEFFICIENTS  
       NO.  GLOBAL      1      3      4     18     19     20     22
        1  0.12194   1.000 -0.015  0.002 -0.022 -0.022  0.007  0.085
        3  0.12228  -0.015  1.000 -0.017  0.082  0.083 -0.078 -0.037
        4  0.12410   0.002 -0.017  1.000 -0.114 -0.113  0.109 -0.015
       18  0.98904  -0.022  0.082 -0.114  1.000  0.925 -0.973  0.417
       19  0.98906  -0.022  0.083 -0.113  0.925  1.000 -0.973  0.415
       20  0.99703   0.007 -0.078  0.109 -0.973 -0.973  1.000 -0.516
       22  0.84578   0.085 -0.037 -0.015  0.417  0.415 -0.516  1.000
MINUIT - FIT ONLY 1-CBO + other amplitudes 
 **********
 **   16 **RES 
 **********
                   PARAMETER   14  ANy2 RESTORED TO VARIABLE.
                   PARAMETER    8  phi_CBO RESTORED TO VARIABLE.
                   PARAMETER    7  w_CBO RESTORED TO VARIABLE.
                   PARAMETER    6  A_CBO RESTORED TO VARIABLE.
 **********
 **   17 **FIX            0
 **********
 PARAMETER    0  IS UNDEFINED. IGNORED.
 **********
 **   18 **FIX            1
 **********
 **********
 **   19 **FIX            2
 **********
 PARAMETER    2  IS CONSTANT.   IGNORED.
 **********
 **   20 **FIX            3
 **********
 **********
 **   21 **FIX            4
 **********
 **********
 **   22 **FIX            9
 **********
 PARAMETER    9  IS CONSTANT.   IGNORED.
 **********
 **   23 **FIX           11
 **********
 PARAMETER   11  IS CONSTANT.   IGNORED.
 **********
 **   24 **FIX           12
 **********
 PARAMETER   12  IS CONSTANT.   IGNORED.
 **********
 **   25 **FIX           14
 **********
 **********
 **   26 **FIX           15
 **********
 PARAMETER   15  IS CONSTANT.   IGNORED.
 **********
 **   27 **FIX           16
 **********
 PARAMETER   16  IS CONSTANT.   IGNORED.
 **********
 **   28 **MIGRAD
 **********
 START MIGRAD MINIMIZATION.  STRATEGY  1.  CONVERGENCE WHEN EDM .LT. 1.00e-04
 FCN=653.3 FROM MIGRAD    STATUS=INITIATE       20 CALLS         208 TOTAL
                     EDM= unknown      STRATEGY= 1      NO ERROR MATRIX       
  EXT PARAMETER               CURRENT GUESS       STEP         FIRST   
  NO.   NAME      VALUE            ERROR          SIZE      DERIVATIVE 
   1  N0           2.74048e+06     fixed    
   2  tau          6.44023e+01   constant   
   3  A0           3.54115e-01     fixed    
   4  phi          4.11696e+00     fixed    
   5  R           -5.91816e+01   constant   
   6  A_CBO        3.34793e-03   1.00000e-05   1.00000e-05   2.09258e+04
   7  w_CBO        2.32636e+00   1.00000e-03   1.00000e-03   3.19921e+00
   8  phi_CBO      2.92046e+00   1.00000e-04   1.00000e-04   3.27707e+00
   9  ANx2         7.44254e-04   constant   
  10  pNx2         1.53785e+00   constant   
  11  ANy1         0.00000e+00   constant   
  12  pNy1         0.00000e+00   constant   
  13  w_y          0.00000e+00   constant   
  14  ANy2         8.00900e-03     fixed    
  15  pNy2         3.64406e+00   constant   
  16  w_vw         1.43170e+01   constant   
  17  LM          -4.99363e-05   constant   
  18  wCBO_expCoeff   1.99997e+02   5.55397e-02   1.16802e-04   3.77398e-02
  19  wCBO_expOffset   2.00016e+02   8.33379e-03   1.77560e-05   1.35571e-01
  20  wCBO_expT    2.99911e+01   5.48001e-03  -8.38012e-06   7.81136e-01
  21  wCBO_linCoeff   0.00000e+00   constant   
  22  wCBO_const  -4.90860e-04   5.27876e-04  -3.18860e-06  -8.40148e-02
 MIGRAD MINIMIZATION HAS CONVERGED.
 MIGRAD WILL VERIFY CONVERGENCE AND ERROR MATRIX.
 FCN=623.662 FROM MIGRAD    STATUS=CONVERGED     327 CALLS         515 TOTAL
                     EDM=5.73668e-06    STRATEGY= 1      ERR MATRIX NOT POS-DEF
  EXT PARAMETER                APPROXIMATE        STEP         FIRST   
  NO.   NAME      VALUE            ERROR          SIZE      DERIVATIVE 
   1  N0           2.74048e+06     fixed    
   2  tau          6.44023e+01   constant   
   3  A0           3.54115e-01     fixed    
   4  phi          4.11696e+00     fixed    
   5  R           -5.91816e+01   constant   
   6  A_CBO        8.39174e-04   4.73341e-04   5.61458e-06   5.43899e+00
   7  w_CBO        2.32742e+00   1.44085e-03   1.46127e-06   2.70178e+00
   8  phi_CBO      1.86498e+00   6.18676e-01   6.71133e-03  -1.43459e-03
   9  ANx2         7.44254e-04   constant   
  10  pNx2         1.53785e+00   constant   
  11  ANy1         0.00000e+00   constant   
  12  pNy1         0.00000e+00   constant   
  13  w_y          0.00000e+00   constant   
  14  ANy2         8.00900e-03     fixed    
  15  pNy2         3.64406e+00   constant   
  16  w_vw         1.43170e+01   constant   
  17  LM          -4.99363e-05   constant   
  18  wCBO_expCoeff   2.00113e+02   1.36054e-01   1.44127e-04   1.21573e-02
  19  wCBO_expOffset   2.00033e+02   2.08904e-02   9.53831e-05   8.12051e-02
  20  wCBO_expT    2.99744e+01   5.13460e-03   1.42929e-05   2.06687e-01
  21  wCBO_linCoeff   0.00000e+00   constant   
  22  wCBO_const  -7.62862e-04   8.62362e-04   3.91211e-06   3.85799e+00
 EXTERNAL ERROR MATRIX.    NDIM=  25    NPAR=  7    ERR DEF=1
  2.241e-07 -2.717e-08 -2.071e-06 -2.792e-06 -9.197e-07  5.912e-07 -4.371e-08 
 -2.717e-08  2.076e-06  8.969e-06 -7.121e-05 -1.148e-05 -1.584e-06 -7.515e-07 
 -2.071e-06  8.969e-06  3.828e-01  7.039e-04 -3.653e-05  5.789e-05  3.613e-05 
 -2.792e-06 -7.121e-05  7.039e-04  1.851e-02 -1.361e-03 -1.677e-04  4.344e-05 
 -9.197e-07 -1.148e-05 -3.653e-05 -1.361e-03  4.364e-04 -2.888e-05  7.175e-06 
  5.912e-07 -1.584e-06  5.789e-05 -1.677e-04 -2.888e-05  2.636e-05 -1.788e-06 
 -4.371e-08 -7.515e-07  3.613e-05  4.344e-05  7.175e-06 -1.788e-06  7.437e-07 
ERR MATRIX NOT POS-DEF
 PARAMETER  CORRELATION COEFFICIENTS  
       NO.  GLOBAL      6      7      8     18     19     20     22
        6  0.24578   1.000 -0.040 -0.007 -0.043 -0.093  0.243 -0.107
        7  0.99656  -0.040  1.000  0.010 -0.363 -0.382 -0.214 -0.605
        8  0.45811  -0.007  0.010  1.000  0.008 -0.003  0.018  0.068
       18  0.99624  -0.043 -0.363  0.008  1.000 -0.479 -0.240  0.370
       19  0.99642  -0.093 -0.382 -0.003 -0.479  1.000 -0.269  0.398
       20  0.99439   0.243 -0.214  0.018 -0.240 -0.269  1.000 -0.404
       22  0.92873  -0.107 -0.605  0.068  0.370  0.398 -0.404  1.000
 ERR MATRIX NOT POS-DEF
MINUIT - FIT ONLY 1-CBO
 **********
 **   29 **RES 
 **********
                   PARAMETER   14  ANy2 RESTORED TO VARIABLE.
                   PARAMETER    4  phi RESTORED TO VARIABLE.
                   PARAMETER    3  A0 RESTORED TO VARIABLE.
                   PARAMETER    1  N0 RESTORED TO VARIABLE.
 **********
 **   30 **FIX            0
 **********
 PARAMETER    0  IS UNDEFINED. IGNORED.
 **********
 **   31 **FIX            1
 **********
 **********
 **   32 **FIX            2
 **********
 PARAMETER    2  IS CONSTANT.   IGNORED.
 **********
 **   33 **FIX            3
 **********
 **********
 **   34 **FIX            4
 **********
 **********
 **   35 **FIX            8
 **********
 **********
 **   36 **FIX            9
 **********
 PARAMETER    9  IS CONSTANT.   IGNORED.
 **********
 **   37 **FIX           11
 **********
 PARAMETER   11  IS CONSTANT.   IGNORED.
 **********
 **   38 **FIX           12
 **********
 PARAMETER   12  IS CONSTANT.   IGNORED.
 **********
 **   39 **FIX           13
 **********
 PARAMETER   13  IS CONSTANT.   IGNORED.
 **********
 **   40 **FIX           15
 **********
 PARAMETER   15  IS CONSTANT.   IGNORED.
 **********
 **   41 **FIX           16
 **********
 PARAMETER   16  IS CONSTANT.   IGNORED.
 **********
 **   42 **MIGRAD
 **********
 START MIGRAD MINIMIZATION.  STRATEGY  1.  CONVERGENCE WHEN EDM .LT. 1.00e-04
 FCN=623.662 FROM MIGRAD    STATUS=INITIATE       16 CALLS         531 TOTAL
                     EDM= unknown      STRATEGY= 1      NO ERROR MATRIX       
  EXT PARAMETER               CURRENT GUESS       STEP         FIRST   
  NO.   NAME      VALUE            ERROR          SIZE      DERIVATIVE 
   1  N0           2.74048e+06     fixed    
   2  tau          6.44023e+01   constant   
   3  A0           3.54115e-01     fixed    
   4  phi          4.11696e+00     fixed    
   5  R           -5.91816e+01   constant   
   6  A_CBO        8.39174e-04   4.73341e-04   5.61458e-06   5.43899e+00
   7  w_CBO        2.32742e+00   1.44085e-03   1.46127e-06   2.70652e+00
   8  phi_CBO      1.86498e+00     fixed    
   9  ANx2         7.44254e-04   constant   
  10  pNx2         1.53785e+00   constant   
  11  ANy1         0.00000e+00   constant   
  12  pNy1         0.00000e+00   constant   
  13  w_y          0.00000e+00   constant   
  14  ANy2         8.00900e-03   1.00000e-04   1.00000e-04   7.39325e+04
  15  pNy2         3.64406e+00   constant   
  16  w_vw         1.43170e+01   constant   
  17  LM          -4.99363e-05   constant   
  18  wCBO_expCoeff   2.00113e+02   1.36054e-01   1.44127e-04   1.22210e-02
  19  wCBO_expOffset   2.00033e+02   2.08904e-02   9.53831e-05   9.05419e-02
  20  wCBO_expT    2.99744e+01   5.13460e-03   1.42929e-05   2.12096e-01
  21  wCBO_linCoeff   0.00000e+00   constant   
  22  wCBO_const  -7.62862e-04   8.62362e-04   3.91211e-06   3.85727e+00
 MIGRAD MINIMIZATION HAS CONVERGED.
 MIGRAD WILL VERIFY CONVERGENCE AND ERROR MATRIX.
 FCN=329.042 FROM MIGRAD    STATUS=CONVERGED     230 CALLS         745 TOTAL
                     EDM=7.15414e-07    STRATEGY= 1      ERR MATRIX NOT POS-DEF
  EXT PARAMETER                APPROXIMATE        STEP         FIRST   
  NO.   NAME      VALUE            ERROR          SIZE      DERIVATIVE 
   1  N0           2.74048e+06     fixed    
   2  tau          6.44023e+01   constant   
   3  A0           3.54115e-01     fixed    
   4  phi          4.11696e+00     fixed    
   5  R           -5.91816e+01   constant   
   6  A_CBO       -1.60519e-04   4.81445e-04   4.06721e-06   4.78050e-01
   7  w_CBO        2.32831e+00   1.89932e-03   1.33784e-06   3.34456e+00
   8  phi_CBO      1.86498e+00     fixed    
   9  ANx2         7.44254e-04   constant   
  10  pNx2         1.53785e+00   constant   
  11  ANy1         0.00000e+00   constant   
  12  pNy1         0.00000e+00   constant   
  13  w_y          0.00000e+00   constant   
  14  ANy2         2.96273e-05   4.62416e-04   4.08882e-06   4.83819e-01
  15  pNy2         3.64406e+00   constant   
  16  w_vw         1.43170e+01   constant   
  17  LM          -4.99363e-05   constant   
  18  wCBO_expCoeff   2.00206e+02   1.79147e-01   1.33550e-04   3.93765e-02
  19  wCBO_expOffset   2.00047e+02   2.70321e-02   9.53897e-05   2.64334e-01
  20  wCBO_expT    2.99599e+01   6.86549e-03   1.42860e-05   7.60672e-01
  21  wCBO_linCoeff   0.00000e+00   constant   
  22  wCBO_const   3.90906e-04   1.18821e-03   3.39679e-06  -9.69404e-02
 EXTERNAL ERROR MATRIX.    NDIM=  25    NPAR=  7    ERR DEF=1
  2.318e-07 -3.728e-08  2.098e-08 -3.323e-06 -5.918e-07  7.089e-07 -1.199e-07 
 -3.728e-08  3.607e-06 -1.007e-08 -1.277e-04 -1.924e-05 -2.867e-06 -1.237e-06 
  2.098e-08 -1.007e-08  2.138e-07 -1.032e-06 -1.200e-07  1.655e-07 -1.579e-08 
 -3.323e-06 -1.277e-04 -1.032e-06  3.209e-02 -2.305e-03 -2.978e-04  8.408e-05 
 -5.918e-07 -1.924e-05 -1.200e-07 -2.305e-03  7.307e-04 -4.809e-05  1.291e-05 
  7.089e-07 -2.867e-06  1.655e-07 -2.978e-04 -4.809e-05  4.713e-05 -4.183e-06 
 -1.199e-07 -1.237e-06 -1.579e-08  8.408e-05  1.291e-05 -4.183e-06  1.412e-06 
ERR MATRIX NOT POS-DEF
 PARAMETER  CORRELATION COEFFICIENTS  
       NO.  GLOBAL      6      7     14     18     19     20     22
        6  0.31212   1.000 -0.041  0.094 -0.039 -0.045  0.214 -0.210
        7  0.99686  -0.041  1.000 -0.011 -0.375 -0.375 -0.220 -0.548
       14  0.10598   0.094 -0.011  1.000 -0.012 -0.010  0.052 -0.029
       18  0.99648  -0.039 -0.375 -0.012  1.000 -0.476 -0.242  0.395
       19  0.99654  -0.045 -0.375 -0.010 -0.476  1.000 -0.259  0.402
       20  0.99514   0.214 -0.220  0.052 -0.242 -0.259  1.000 -0.513
       22  0.94690  -0.210 -0.548 -0.029  0.395  0.402 -0.513  1.000
 ERR MATRIX NOT POS-DEF
MINUIT - FIT ONLY 2-CBO
 **********
 **   43 **RES 
 **********
                   PARAMETER    8  phi_CBO RESTORED TO VARIABLE.
                   PARAMETER    4  phi RESTORED TO VARIABLE.
                   PARAMETER    3  A0 RESTORED TO VARIABLE.
                   PARAMETER    1  N0 RESTORED TO VARIABLE.
 **********
 **   44 **FIX            0
 **********
 PARAMETER    0  IS UNDEFINED. IGNORED.
 **********
 **   45 **FIX            1
 **********
 **********
 **   46 **FIX            2
 **********
 PARAMETER    2  IS CONSTANT.   IGNORED.
 **********
 **   47 **FIX            3
 **********
 **********
 **   48 **FIX            4
 **********
 **********
 **   49 **FIX            5
 **********
 PARAMETER    5  IS CONSTANT.   IGNORED.
 **********
 **   50 **FIX            6
 **********
 **********
 **   51 **FIX            7
 **********
 **********
 **   52 **FIX           10
 **********
 PARAMETER   10  IS CONSTANT.   IGNORED.
 **********
 **   53 **FIX           11
 **********
 PARAMETER   11  IS CONSTANT.   IGNORED.
 **********
 **   54 **FIX           12
 **********
 PARAMETER   12  IS CONSTANT.   IGNORED.
 **********
 **   55 **FIX           13
 **********
 PARAMETER   13  IS CONSTANT.   IGNORED.
 **********
 **   56 **FIX           14
 **********
 **********
 **   57 **FIX           15
 **********
 PARAMETER   15  IS CONSTANT.   IGNORED.
 **********
 **   58 **FIX           16
 **********
 PARAMETER   16  IS CONSTANT.   IGNORED.
 **********
 **   59 **MIGRAD
 **********
 START MIGRAD MINIMIZATION.  STRATEGY  1.  CONVERGENCE WHEN EDM .LT. 1.00e-04
 FCN=329.042 FROM MIGRAD    STATUS=INITIATE       12 CALLS         757 TOTAL
                     EDM= unknown      STRATEGY= 1      NO ERROR MATRIX       
  EXT PARAMETER               CURRENT GUESS       STEP         FIRST   
  NO.   NAME      VALUE            ERROR          SIZE      DERIVATIVE 
   1  N0           2.74048e+06     fixed    
   2  tau          6.44023e+01   constant   
   3  A0           3.54115e-01     fixed    
   4  phi          4.11696e+00     fixed    
   5  R           -5.91816e+01   constant   
   6  A_CBO       -1.60519e-04     fixed    
   7  w_CBO        2.32831e+00     fixed    
   8  phi_CBO      1.86498e+00   6.18676e-01   6.18676e-01  -2.28127e-02
   9  ANx2         7.44254e-04   constant   
  10  pNx2         1.53785e+00   constant   
  11  ANy1         0.00000e+00   constant   
  12  pNy1         0.00000e+00   constant   
  13  w_y          0.00000e+00   constant   
  14  ANy2         2.96273e-05     fixed    
  15  pNy2         3.64406e+00   constant   
  16  w_vw         1.43170e+01   constant   
  17  LM          -4.99363e-05   constant   
  18  wCBO_expCoeff   2.00206e+02   1.79147e-01   1.33550e-04   3.94044e-02
  19  wCBO_expOffset   2.00047e+02   2.70321e-02   9.53897e-05   2.68022e-01
  20  wCBO_expT    2.99599e+01   6.86549e-03   1.42860e-05   7.67528e-01
  21  wCBO_linCoeff   0.00000e+00   constant   
  22  wCBO_const   3.90906e-04   1.18821e-03   3.39679e-06  -9.54111e-02
 MIGRAD MINIMIZATION HAS CONVERGED.
 MIGRAD WILL VERIFY CONVERGENCE AND ERROR MATRIX.
 FCN=329.041 FROM MIGRAD    STATUS=CONVERGED      79 CALLS         824 TOTAL
                     EDM=1.30613e-05    STRATEGY= 1      ERR MATRIX NOT POS-DEF
  EXT PARAMETER                APPROXIMATE        STEP         FIRST   
  NO.   NAME      VALUE            ERROR          SIZE      DERIVATIVE 
   1  N0           2.74048e+06     fixed    
   2  tau          6.44023e+01   constant   
   3  A0           3.54115e-01     fixed    
   4  phi          4.11696e+00     fixed    
   5  R           -5.91816e+01   constant   
   6  A_CBO       -1.60519e-04     fixed    
   7  w_CBO        2.32831e+00     fixed    
   8  phi_CBO      1.96673e+00   2.96203e+00   2.56336e-02   4.96045e-05
   9  ANx2         7.44254e-04   constant   
  10  pNx2         1.53785e+00   constant   
  11  ANy1         0.00000e+00   constant   
  12  pNy1         0.00000e+00   constant   
  13  w_y          0.00000e+00   constant   
  14  ANy2         2.96273e-05     fixed    
  15  pNy2         3.64406e+00   constant   
  16  w_vw         1.43170e+01   constant   
  17  LM          -4.99363e-05   constant   
  18  wCBO_expCoeff   2.00206e+02   1.85340e-01   1.33421e-04  -3.12390e-03
  19  wCBO_expOffset   2.00047e+02   2.81079e-02   9.53897e-05  -2.08485e-02
  20  wCBO_expT    2.99599e+01   7.03043e-03   1.42860e-05   6.79009e-01
  21  wCBO_linCoeff   0.00000e+00   constant   
  22  wCBO_const   3.96740e-04   1.01545e-03   3.39874e-06   8.05592e-02
 EXTERNAL ERROR MATRIX.    NDIM=  25    NPAR=  5    ERR DEF=1
  8.774e+00  9.058e-03 -6.003e-06 -1.248e-03  5.737e-04 
  9.058e-03  3.435e-02 -3.901e-03 -4.334e-04  4.359e-05 
 -6.003e-06 -3.901e-03  7.901e-04 -7.186e-05  7.031e-06 
 -1.248e-03 -4.334e-04 -7.186e-05  4.943e-05 -5.574e-06 
  5.737e-04  4.359e-05  7.031e-06 -5.574e-06  1.031e-06 
ERR MATRIX NOT POS-DEF
 PARAMETER  CORRELATION COEFFICIENTS  
       NO.  GLOBAL      8     18     19     20     22
        8  0.23864   1.000  0.016 -0.000 -0.060  0.191
       18  0.99671   0.016  1.000 -0.749 -0.333  0.232
       19  0.99680  -0.000 -0.749  1.000 -0.364  0.246
       20  0.99537  -0.060 -0.333 -0.364  1.000 -0.781
       22  0.92639   0.191  0.232  0.246 -0.781  1.000
 ERR MATRIX NOT POS-DEF
MINUIT - FIT ONLY 1-y
 **********
 **   60 **RES 
 **********
                   PARAMETER   14  ANy2 RESTORED TO VARIABLE.
                   PARAMETER    7  w_CBO RESTORED TO VARIABLE.
                   PARAMETER    6  A_CBO RESTORED TO VARIABLE.
                   PARAMETER    4  phi RESTORED TO VARIABLE.
                   PARAMETER    3  A0 RESTORED TO VARIABLE.
                   PARAMETER    1  N0 RESTORED TO VARIABLE.
 **********
 **   61 **FIX            0
 **********
 PARAMETER    0  IS UNDEFINED. IGNORED.
 **********
 **   62 **FIX            1
 **********
 **********
 **   63 **FIX            2
 **********
 PARAMETER    2  IS CONSTANT.   IGNORED.
 **********
 **   64 **FIX            3
 **********
 **********
 **   65 **FIX            4
 **********
 **********
 **   66 **FIX            5
 **********
 PARAMETER    5  IS CONSTANT.   IGNORED.
 **********
 **   67 **FIX            6
 **********
 **********
 **   68 **FIX            7
 **********
 **********
 **   69 **FIX            8
 **********
 **********
 **   70 **FIX            9
 **********
 PARAMETER    9  IS CONSTANT.   IGNORED.
 **********
 **   71 **FIX           13
 **********
 PARAMETER   13  IS CONSTANT.   IGNORED.
 **********
 **   72 **FIX           14
 **********
 **********
 **   73 **FIX           15
 **********
 PARAMETER   15  IS CONSTANT.   IGNORED.
 **********
 **   74 **FIX           16
 **********
 PARAMETER   16  IS CONSTANT.   IGNORED.
 **********
 **   75 **MIGRAD
 **********
 START MIGRAD MINIMIZATION.  STRATEGY  1.  CONVERGENCE WHEN EDM .LT. 1.00e-04
 FCN=329.041 FROM MIGRAD    STATUS=INITIATE        8 CALLS         832 TOTAL
                     EDM= unknown      STRATEGY= 1      NO ERROR MATRIX       
  EXT PARAMETER               CURRENT GUESS       STEP         FIRST   
  NO.   NAME      VALUE            ERROR          SIZE      DERIVATIVE 
   1  N0           2.74048e+06     fixed    
   2  tau          6.44023e+01   constant   
   3  A0           3.54115e-01     fixed    
   4  phi          4.11696e+00     fixed    
   5  R           -5.91816e+01   constant   
   6  A_CBO       -1.60519e-04     fixed    
   7  w_CBO        2.32831e+00     fixed    
   8  phi_CBO      1.96673e+00     fixed    
   9  ANx2         7.44254e-04   constant   
  10  pNx2         1.53785e+00   constant   
  11  ANy1         0.00000e+00   constant   
  12  pNy1         0.00000e+00   constant   
  13  w_y          0.00000e+00   constant   
  14  ANy2         2.96273e-05     fixed    
  15  pNy2         3.64406e+00   constant   
  16  w_vw         1.43170e+01   constant   
  17  LM          -4.99363e-05   constant   
  18  wCBO_expCoeff   2.00206e+02   1.85340e-01   1.33421e-04  -3.09018e-03
  19  wCBO_expOffset   2.00047e+02   2.81079e-02   9.53897e-05  -1.49561e-02
  20  wCBO_expT    2.99599e+01   7.03043e-03   1.42860e-05   6.86336e-01
  21  wCBO_linCoeff   0.00000e+00   constant   
  22  wCBO_const   3.96740e-04   1.01545e-03   3.39874e-06   8.20391e-02
 MIGRAD MINIMIZATION HAS CONVERGED.
 MIGRAD WILL VERIFY CONVERGENCE AND ERROR MATRIX.
 FCN=329.041 FROM MIGRAD    STATUS=CONVERGED      43 CALLS         867 TOTAL
                     EDM=1.28635e-05    STRATEGY= 1      ERR MATRIX NOT POS-DEF
  EXT PARAMETER                APPROXIMATE        STEP         FIRST   
  NO.   NAME      VALUE            ERROR          SIZE      DERIVATIVE 
   1  N0           2.74048e+06     fixed    
   2  tau          6.44023e+01   constant   
   3  A0           3.54115e-01     fixed    
   4  phi          4.11696e+00     fixed    
   5  R           -5.91816e+01   constant   
   6  A_CBO       -1.60519e-04     fixed    
   7  w_CBO        2.32831e+00     fixed    
   8  phi_CBO      1.96673e+00     fixed    
   9  ANx2         7.44254e-04   constant   
  10  pNx2         1.53785e+00   constant   
  11  ANy1         0.00000e+00   constant   
  12  pNy1         0.00000e+00   constant   
  13  w_y          0.00000e+00   constant   
  14  ANy2         2.96273e-05     fixed    
  15  pNy2         3.64406e+00   constant   
  16  w_vw         1.43170e+01   constant   
  17  LM          -4.99363e-05   constant   
  18  wCBO_expCoeff   2.00206e+02   1.85314e-01   1.33417e-04  -3.68358e-02
  19  wCBO_expOffset   2.00047e+02   2.81146e-02   9.53897e-05  -2.44684e-01
  20  wCBO_expT    2.99599e+01   7.01754e-03   1.42860e-05  -8.59238e-02
  21  wCBO_linCoeff   0.00000e+00   constant   
  22  wCBO_const   3.96733e-04   9.96789e-04   3.39881e-06  -1.11373e+00
 EXTERNAL ERROR MATRIX.    NDIM=  25    NPAR=  4    ERR DEF=1
  3.434e-02 -3.902e-03 -4.316e-04  4.295e-05 
 -3.902e-03  7.904e-04 -7.192e-05  7.038e-06 
 -4.316e-04 -7.192e-05  4.925e-05 -5.492e-06 
  4.295e-05  7.038e-06 -5.492e-06  9.936e-07 
ERR MATRIX NOT POS-DEF
 PARAMETER  CORRELATION COEFFICIENTS  
       NO.  GLOBAL     18     19     20     22
       18  0.99671   1.000 -0.749 -0.332  0.233
       19  0.99680  -0.749  1.000 -0.365  0.251
       20  0.99535  -0.332 -0.365  1.000 -0.785
       22  0.92349   0.233  0.251 -0.785  1.000
 ERR MATRIX NOT POS-DEF
MINUIT - FIT ONLY 2-y
 **********
 **   76 **RES 
 **********
                   PARAMETER   14  ANy2 RESTORED TO VARIABLE.
                   PARAMETER    8  phi_CBO RESTORED TO VARIABLE.
                   PARAMETER    7  w_CBO RESTORED TO VARIABLE.
                   PARAMETER    6  A_CBO RESTORED TO VARIABLE.
                   PARAMETER    4  phi RESTORED TO VARIABLE.
                   PARAMETER    3  A0 RESTORED TO VARIABLE.
                   PARAMETER    1  N0 RESTORED TO VARIABLE.
 **********
 **   77 **FIX            0
 **********
 PARAMETER    0  IS UNDEFINED. IGNORED.
 **********
 **   78 **FIX            1
 **********
 **********
 **   79 **FIX            2
 **********
 PARAMETER    2  IS CONSTANT.   IGNORED.
 **********
 **   80 **FIX            3
 **********
 **********
 **   81 **FIX            4
 **********
 **********
 **   82 **FIX            5
 **********
 PARAMETER    5  IS CONSTANT.   IGNORED.
 **********
 **   83 **FIX            6
 **********
 **********
 **   84 **FIX            7
 **********
 **********
 **   85 **FIX            8
 **********
 **********
 **   86 **FIX            9
 **********
 PARAMETER    9  IS CONSTANT.   IGNORED.
 **********
 **   87 **FIX           10
 **********
 PARAMETER   10  IS CONSTANT.   IGNORED.
 **********
 **   88 **FIX           11
 **********
 PARAMETER   11  IS CONSTANT.   IGNORED.
 **********
 **   89 **FIX           12
 **********
 PARAMETER   12  IS CONSTANT.   IGNORED.
 **********
 **   90 **FIX           16
 **********
 PARAMETER   16  IS CONSTANT.   IGNORED.
 **********
 **   91 **MIGRAD
 **********
 START MIGRAD MINIMIZATION.  STRATEGY  1.  CONVERGENCE WHEN EDM .LT. 1.00e-04
 FCN=329.041 FROM MIGRAD    STATUS=INITIATE       10 CALLS         877 TOTAL
                     EDM= unknown      STRATEGY= 1      NO ERROR MATRIX       
  EXT PARAMETER               CURRENT GUESS       STEP         FIRST   
  NO.   NAME      VALUE            ERROR          SIZE      DERIVATIVE 
   1  N0           2.74048e+06     fixed    
   2  tau          6.44023e+01   constant   
   3  A0           3.54115e-01     fixed    
   4  phi          4.11696e+00     fixed    
   5  R           -5.91816e+01   constant   
   6  A_CBO       -1.60519e-04     fixed    
   7  w_CBO        2.32831e+00     fixed    
   8  phi_CBO      1.96673e+00     fixed    
   9  ANx2         7.44254e-04   constant   
  10  pNx2         1.53785e+00   constant   
  11  ANy1         0.00000e+00   constant   
  12  pNy1         0.00000e+00   constant   
  13  w_y          0.00000e+00   constant   
  14  ANy2         2.96273e-05   4.62416e-04   4.62416e-04  -2.77631e+00
  15  pNy2         3.64406e+00   constant   
  16  w_vw         1.43170e+01   constant   
  17  LM          -4.99363e-05   constant   
  18  wCBO_expCoeff   2.00206e+02   1.85314e-01   1.33417e-04  -3.68018e-02
  19  wCBO_expOffset   2.00047e+02   2.81146e-02   9.53897e-05  -2.40177e-01
  20  wCBO_expT    2.99599e+01   7.01754e-03   1.42860e-05  -7.62122e-02
  21  wCBO_linCoeff   0.00000e+00   constant   
  22  wCBO_const   3.96733e-04   9.96789e-04   3.39881e-06  -1.11224e+00
 MIGRAD MINIMIZATION HAS CONVERGED.
 MIGRAD WILL VERIFY CONVERGENCE AND ERROR MATRIX.
 FCN=329.041 FROM MIGRAD    STATUS=CONVERGED      53 CALLS         920 TOTAL
                     EDM=1.28517e-05    STRATEGY= 1      ERR MATRIX NOT POS-DEF
  EXT PARAMETER                APPROXIMATE        STEP         FIRST   
  NO.   NAME      VALUE            ERROR          SIZE      DERIVATIVE 
   1  N0           2.74048e+06     fixed    
   2  tau          6.44023e+01   constant   
   3  A0           3.54115e-01     fixed    
   4  phi          4.11696e+00     fixed    
   5  R           -5.91816e+01   constant   
   6  A_CBO       -1.60519e-04     fixed    
   7  w_CBO        2.32831e+00     fixed    
   8  phi_CBO      1.96673e+00     fixed    
   9  ANx2         7.44254e-04   constant   
  10  pNx2         1.53785e+00   constant   
  11  ANy1         0.00000e+00   constant   
  12  pNy1         0.00000e+00   constant   
  13  w_y          0.00000e+00   constant   
  14  ANy2         2.98175e-05   4.60573e-04   4.08881e-06  -1.05838e+00
  15  pNy2         3.64406e+00   constant   
  16  w_vw         1.43170e+01   constant   
  17  LM          -4.99363e-05   constant   
  18  wCBO_expCoeff   2.00206e+02   1.85341e-01   1.33418e-04   2.48615e-02
  19  wCBO_expOffset   2.00047e+02   2.81044e-02   9.53897e-05   1.67578e-01
  20  wCBO_expT    2.99599e+01   7.02235e-03   1.42860e-05   1.29900e+00
  21  wCBO_linCoeff   0.00000e+00   constant   
  22  wCBO_const   3.96785e-04   9.97045e-04   3.39881e-06   1.05548e+00
 EXTERNAL ERROR MATRIX.    NDIM=  25    NPAR=  5    ERR DEF=1
  2.121e-07 -1.119e-06 -1.192e-07  1.100e-07 -8.831e-09 
 -1.119e-06  3.435e-02 -3.899e-03 -4.331e-04  4.310e-05 
 -1.192e-07 -3.899e-03  7.899e-04 -7.187e-05  7.031e-06 
  1.100e-07 -4.331e-04 -7.187e-05  4.931e-05 -5.498e-06 
 -8.831e-09  4.310e-05  7.031e-06 -5.498e-06  9.941e-07 
ERR MATRIX NOT POS-DEF
 PARAMETER  CORRELATION COEFFICIENTS  
       NO.  GLOBAL     14     18     19     20     22
       14  0.04876   1.000 -0.013 -0.009  0.034 -0.019
       18  0.99672  -0.013  1.000 -0.749 -0.333  0.233
       19  0.99680  -0.009 -0.749  1.000 -0.364  0.251
       20  0.99536   0.034 -0.333 -0.364  1.000 -0.785
       22  0.92353  -0.019  0.233  0.251 -0.785  1.000
 ERR MATRIX NOT POS-DEF
MINUIT - FIT ALTOGETHER
 **********
 **   92 **RES 
 **********
                   PARAMETER    8  phi_CBO RESTORED TO VARIABLE.
                   PARAMETER    7  w_CBO RESTORED TO VARIABLE.
                   PARAMETER    6  A_CBO RESTORED TO VARIABLE.
                   PARAMETER    4  phi RESTORED TO VARIABLE.
                   PARAMETER    3  A0 RESTORED TO VARIABLE.
                   PARAMETER    1  N0 RESTORED TO VARIABLE.
 **********
 **   93 **MIGRAD
 **********
 START MIGRAD MINIMIZATION.  STRATEGY  1.  CONVERGENCE WHEN EDM .LT. 1.00e-04
 FCN=329.041 FROM MIGRAD    STATUS=INITIATE       22 CALLS         942 TOTAL
                     EDM= unknown      STRATEGY= 1      NO ERROR MATRIX       
  EXT PARAMETER               CURRENT GUESS       STEP         FIRST   
  NO.   NAME      VALUE            ERROR          SIZE      DERIVATIVE 
   1  N0           2.74048e+06   8.95574e+02   8.95574e+02  -9.57421e-05
   2  tau          6.44023e+01   constant   
   3  A0           3.54115e-01   4.38424e-04   4.38424e-04   1.80351e+02
   4  phi          4.11696e+00   1.28979e-03   1.28979e-03   1.27534e+02
   5  R           -5.91816e+01   constant   
   6  A_CBO       -1.60519e-04   4.81445e-04   4.81445e-04   1.39974e+01
   7  w_CBO        2.32831e+00   1.89932e-03   1.89932e-03   2.59540e+00
   8  phi_CBO      1.96673e+00   2.96203e+00   2.96203e+00   3.68247e-05
   9  ANx2         7.44254e-04   constant   
  10  pNx2         1.53785e+00   constant   
  11  ANy1         0.00000e+00   constant   
  12  pNy1         0.00000e+00   constant   
  13  w_y          0.00000e+00   constant   
  14  ANy2         2.98175e-05   4.60573e-04   4.08881e-06  -1.05838e+00
  15  pNy2         3.64406e+00   constant   
  16  w_vw         1.43170e+01   constant   
  17  LM          -4.99363e-05   constant   
  18  wCBO_expCoeff   2.00206e+02   1.85341e-01   1.33418e-04   2.48949e-02
  19  wCBO_expOffset   2.00047e+02   2.81044e-02   9.53897e-05   1.72001e-01
  20  wCBO_expT    2.99599e+01   7.02235e-03   1.42860e-05   1.30630e+00
  21  wCBO_linCoeff   0.00000e+00   constant   
  22  wCBO_const   3.96785e-04   9.97045e-04   3.39881e-06   1.05695e+00
 MIGRAD MINIMIZATION HAS CONVERGED.
 MIGRAD WILL VERIFY CONVERGENCE AND ERROR MATRIX.
 FCN=329.031 FROM MIGRAD    STATUS=CONVERGED     192 CALLS        1112 TOTAL
                     EDM=6.3233e-06    STRATEGY= 1      ERR MATRIX NOT POS-DEF
  EXT PARAMETER                APPROXIMATE        STEP         FIRST   
  NO.   NAME      VALUE            ERROR          SIZE      DERIVATIVE 
   1  N0           2.74052e+06   8.92781e+02   7.83708e+00   5.98987e-08
