 + ++++++++++++++++++++++++++++++++++++++++++++++++++++++++++++++++++++ +
 +                                                                      +
 +           You have chose to blind your fitting according to          +
 +                omega_ref * (1 + (R +/- deltaR) *10^{-6})             +
 +                                                                      +
 + ++++++++++++++++++++++++++++++++++++++++++++++++++++++++++++++++++++ +
In main()...
reading format from /gm2data/zkhechad/run45/envelope/formats/formatB_sBin_constraintOn.txt
pBinTau 	= 0  
pBinPhi 	= 0  
constraintau 	= 1 
includeMopTerm 	= 0    
constrainMop    = 0   
Parameters after format file: pBinTau 0 pBinPhi 0 constraintau 1 includeMopTerm 0 constrainMop 0 c_e_scale 0.000000 
reading cbo reference file (full fit) from /gm2data/zkhechad/cboTemplates/Run4CBOTemplates/fullFits/run4/sBin_constraintOn_cE0.0_seed0_run4_calo2.root
A_CBO 0.007108 w_CBO 2.327171 phi_CBO 2.947562 N0 3111930.391320 R -60.007933 tau 64.411359 
Reading cboRef file /gm2data/zkhechad/cboTemplates/Run4CBOTemplates//cboIsolate/run4_calo2.root
deltaT 164.120000
windowBins = 1100
fitting sliding window 1440 from bin 1643 at 245.135600 to bin 2743 at 409.255600 (1100 bins)

Reading data from /gm2data/cornell/histograms/aMethod/histogram_a_run4.root
fitting cbo isolate
 **********
 **    1 **SET PRINTOUT            1
 **********
 **********
 **    2 **SET NOWARNINGS 
 **********
 PARAMETER DEFINITIONS:
    NO.   NAME         VALUE      STEP SIZE      LIMITS
     1 A_CBO        7.10761e-03  1.00000e-05     no limits
     2 w_CBO        2.32717e+00  1.00000e-02    2.00000e+00  3.00000e+00
     3 phi_CBO      2.94756e+00  1.00000e-02    0.00000e+00  6.28319e+00
 **********
 **    3 **MIGRAD
 **********
 FIRST CALL TO USER FUNCTION AT NEW START POINT, WITH IFLAG=4.
 START MIGRAD MINIMIZATION.  STRATEGY  1.  CONVERGENCE WHEN EDM .LT. 1.00e-04
 FCN=0.0468903 FROM MIGRAD    STATUS=INITIATE       12 CALLS          13 TOTAL
                     EDM= unknown      STRATEGY= 1      NO ERROR MATRIX       
  EXT PARAMETER               CURRENT GUESS       STEP         FIRST   
  NO.   NAME      VALUE            ERROR          SIZE      DERIVATIVE 
   1  A_CBO        7.10761e-03   1.00000e-05   1.00000e-05   6.01094e+00
   2  w_CBO        2.32717e+00   1.00000e-02   2.13160e-02   6.75063e-01
   3  phi_CBO      2.94756e+00   1.00000e-02   3.18919e-03  -1.27142e-02
 MIGRAD MINIMIZATION HAS CONVERGED.
 MIGRAD WILL VERIFY CONVERGENCE AND ERROR MATRIX.
 COVARIANCE MATRIX CALCULATED SUCCESSFULLY
 FCN=0.0303347 FROM HESSE     STATUS=OK             16 CALLS          58 TOTAL
                     EDM=0.000143064    STRATEGY= 1      ERROR MATRIX ACCURATE 
  EXT PARAMETER                                   STEP         FIRST   
  NO.   NAME      VALUE            ERROR          SIZE      DERIVATIVE 
   1  A_CBO        1.73739e-03   4.58722e-02   2.11331e-05  -5.29912e-03
   2  w_CBO        2.32660e+00   6.61580e-01   8.60116e-05   1.94167e-02
   3  phi_CBO      3.06127e+00   3.77540e+00   4.09003e-03  -3.30141e-05
 MIGRAD MINIMIZATION HAS CONVERGED.
 FCN=0.030222 FROM MIGRAD    STATUS=CONVERGED      73 CALLS          74 TOTAL
                     EDM=6.7885e-06    STRATEGY= 1  ERROR MATRIX UNCERTAINTY  10.6 per cent
  EXT PARAMETER                                   STEP         FIRST   
  NO.   NAME      VALUE            ERROR          SIZE      DERIVATIVE 
   1  A_CBO        1.83417e-03   4.22204e-02  -5.04927e-06   3.68981e-02
   2  w_CBO        2.32137e+00   3.81712e-01  -3.34458e-03  -2.88392e-02
   3  phi_CBO      1.46852e+00   3.36265e+00  -1.67837e-01   5.72272e-04
 EXTERNAL ERROR MATRIX.    NDIM=  25    NPAR=  3    ERR DEF=1
  1.783e-03 -1.071e-03 -3.555e-01 
 -1.071e-03  1.997e-01  5.899e+01 
 -3.555e-01  5.899e+01  1.775e+04 
 PARAMETER  CORRELATION COEFFICIENTS  
       NO.  GLOBAL      1      2      3
        1  0.07660   1.000 -0.057 -0.063
        2  0.99080  -0.057  1.000  0.991
        3  0.99081  -0.063  0.991  1.000
setting A_CBO=0.001834 w_CBO=2.321367, phi_CBO=1.468524
done fitting cbo isolate
 **********
 **    1 **SET PRINTOUT            1
 **********
 **********
 **    2 **SET NOWARNINGS 
 **********
 PARAMETER DEFINITIONS:
    NO.   NAME         VALUE      STEP SIZE      LIMITS
     1 N0           3.11193e+06  1.00000e+02     no limits
     2 tau          6.44114e+01  constant
     3 A0           3.64516e-01  1.00000e-04     no limits
     4 phi          4.11813e+00  1.00000e-02     no limits
     5 R           -6.00079e+01  constant
     6 A_CBO        1.83417e-03  1.00000e-05     no limits
     7 w_CBO        2.32137e+00  1.00000e-03     no limits
     8 phi_CBO      1.46852e+00  1.00000e-04     no limits
     9 ANx2         3.40456e-04  constant
    10 pNx2         3.19484e+00  constant
    11 ANy1         0.00000e+00  constant
    12 pNy1         0.00000e+00  constant
    13 w_y          0.00000e+00  constant
    14 ANy2         1.04941e-02  1.00000e-04     no limits
    15 pNy2         5.11372e+00  constant
    16 w_vw         1.43155e+01  constant
    17 LM           3.07992e-04  constant
    18 wCBO_expCoeff   2.00000e+02  1.00000e+00     no limits
    19 wCBO_expOffset   2.00000e+02  1.00000e+00     no limits
    20 wCBO_expT    3.00000e+01  1.00000e+00     no limits
    21 wCBO_linCoeff   0.00000e+00  constant
    22 wCBO_const   0.00000e+00  1.00000e-02     no limits
MINUIT - FIT ONLY WIGGLE
 **********
 **    3 **FIX            5
 **********
 PARAMETER    5  IS CONSTANT.   IGNORED.
 **********
 **    4 **FIX            6
 **********
 **********
 **    5 **FIX            7
 **********
 **********
 **    6 **FIX            8
 **********
 **********
 **    7 **FIX            9
 **********
 PARAMETER    9  IS CONSTANT.   IGNORED.
 **********
 **    8 **FIX           10
 **********
 PARAMETER   10  IS CONSTANT.   IGNORED.
 **********
 **    9 **FIX           11
 **********
 PARAMETER   11  IS CONSTANT.   IGNORED.
 **********
 **   10 **FIX           12
 **********
 PARAMETER   12  IS CONSTANT.   IGNORED.
 **********
 **   11 **FIX           13
 **********
 PARAMETER   13  IS CONSTANT.   IGNORED.
 **********
 **   12 **FIX           14
 **********
 **********
 **   13 **FIX           15
 **********
 PARAMETER   15  IS CONSTANT.   IGNORED.
 **********
 **   14 **FIX           16
 **********
 PARAMETER   16  IS CONSTANT.   IGNORED.
 **********
 **   15 **MIGRAD
 **********
 FIRST CALL TO USER FUNCTION AT NEW START POINT, WITH IFLAG=4.
 START MIGRAD MINIMIZATION.  STRATEGY  1.  CONVERGENCE WHEN EDM .LT. 1.00e-04
 FCN=1464.89 FROM MIGRAD    STATUS=INITIATE      101 CALLS         102 TOTAL
                     EDM= unknown      STRATEGY= 1      NO ERROR MATRIX       
  EXT PARAMETER               CURRENT GUESS       STEP         FIRST   
  NO.   NAME      VALUE            ERROR          SIZE      DERIVATIVE 
   1  N0           3.11193e+06   1.00000e+02   0.00000e+00  -1.72137e-03
   2  tau          6.44114e+01   constant   
   3  A0           3.64516e-01   1.00000e-04   0.00000e+00   4.71719e+03
   4  phi          4.11813e+00   1.00000e-02   0.00000e+00   2.75687e+03
   5  R           -6.00079e+01   constant   
   6  A_CBO        1.83417e-03     fixed    
   7  w_CBO        2.32137e+00     fixed    
   8  phi_CBO      1.46852e+00     fixed    
   9  ANx2         3.40456e-04   constant   
  10  pNx2         3.19484e+00   constant   
  11  ANy1         0.00000e+00   constant   
  12  pNy1         0.00000e+00   constant   
  13  w_y          0.00000e+00   constant   
  14  ANy2         1.04941e-02     fixed    
  15  pNy2         5.11372e+00   constant   
  16  w_vw         1.43155e+01   constant   
  17  LM           3.07992e-04   constant   
  18  wCBO_expCoeff   1.99987e+02   1.00000e+00  -1.28746e-02   1.91939e+01
  19  wCBO_expOffset   2.00000e+02   1.00000e+00   0.00000e+00   1.26018e+02
  20  wCBO_expT    2.99991e+01   1.00000e+00   0.00000e+00  -4.34551e+03
  21  wCBO_linCoeff   0.00000e+00   constant   
  22  wCBO_const   3.87826e-03   1.00000e-02   0.00000e+00  -5.93371e+03
 MIGRAD MINIMIZATION HAS CONVERGED.
 FCN=1440.71 FROM MIGRAD    STATUS=CONVERGED     251 CALLS         252 TOTAL
                     EDM=3.88963e-06    STRATEGY= 1  ERROR MATRIX UNCERTAINTY   0.6 per cent
  EXT PARAMETER                                   STEP         FIRST   
  NO.   NAME      VALUE            ERROR          SIZE      DERIVATIVE 
   1  N0           3.11228e+06   6.94628e+02   9.93145e-01  -1.61763e-06
   2  tau          6.44114e+01   constant   
   3  A0           3.64357e-01   2.94294e-04  -1.72562e-07   1.16011e-01
   4  phi          4.11703e+00   8.54661e-04  -1.32386e-06   1.37302e+00
   5  R           -6.00079e+01   constant   
   6  A_CBO        1.83417e-03     fixed    
   7  w_CBO        2.32137e+00     fixed    
   8  phi_CBO      1.46852e+00     fixed    
   9  ANx2         3.40456e-04   constant   
  10  pNx2         3.19484e+00   constant   
  11  ANy1         0.00000e+00   constant   
  12  pNy1         0.00000e+00   constant   
  13  w_y          0.00000e+00   constant   
  14  ANy2         1.04941e-02     fixed    
  15  pNy2         5.11372e+00   constant   
  16  w_vw         1.43155e+01   constant   
  17  LM           3.07992e-04   constant   
  18  wCBO_expCoeff   1.99943e+02   1.21059e-02  -1.65772e-05  -4.59221e-02
  19  wCBO_expOffset   1.99993e+02   1.81087e-03  -3.00686e-06   6.27167e+00
  20  wCBO_expT    3.00073e+01   2.33289e-03   1.57886e-06   3.38257e+00
  21  wCBO_linCoeff   0.00000e+00   constant   
  22  wCBO_const   2.73353e-03   7.72077e-04   1.44957e-06  -2.49557e+00
 EXTERNAL ERROR MATRIX.    NDIM=  25    NPAR=  7    ERR DEF=1
  4.825e+05  4.030e-05  3.543e-03  1.197e+00  1.618e-01 -2.064e-01  3.028e-02 
  4.030e-05  8.661e-08 -3.213e-10 -6.888e-08 -8.226e-09  1.432e-08 -4.817e-09 
  3.543e-03 -3.213e-10  7.304e-07 -3.480e-07 -3.405e-08  7.150e-08 -2.070e-08 
  1.197e+00 -6.888e-08 -3.480e-07  1.466e-04  2.032e-05 -2.748e-05  6.788e-06 
  1.618e-01 -8.226e-09 -3.405e-08  2.032e-05  3.279e-06 -4.079e-06  9.817e-07 
 -2.064e-01  1.432e-08  7.150e-08 -2.748e-05 -4.079e-06  5.442e-06 -1.454e-06 
  3.028e-02 -4.817e-09 -2.070e-08  6.788e-06  9.817e-07 -1.454e-06  5.961e-07 
 PARAMETER  CORRELATION COEFFICIENTS  
       NO.  GLOBAL      1      3      4     18     19     20     22
        1  0.15861   1.000  0.000  0.006  0.142  0.129 -0.127  0.056
        3  0.03053   0.000  1.000 -0.001 -0.019 -0.015  0.021 -0.021
        4  0.07700   0.006 -0.001  1.000 -0.034 -0.022  0.036 -0.031
       18  0.98486   0.142 -0.019 -0.034  1.000  0.927 -0.973  0.726
       19  0.98236   0.129 -0.015 -0.022  0.927  1.000 -0.966  0.702
       20  0.99598  -0.127  0.021  0.036 -0.973 -0.966  1.000 -0.807
       22  0.92039   0.056 -0.021 -0.031  0.726  0.702 -0.807  1.000
MINUIT - FIT ONLY 1-CBO + other amplitudes 
 **********
 **   16 **RES 
 **********
                   PARAMETER   14  ANy2 RESTORED TO VARIABLE.
                   PARAMETER    8  phi_CBO RESTORED TO VARIABLE.
                   PARAMETER    7  w_CBO RESTORED TO VARIABLE.
                   PARAMETER    6  A_CBO RESTORED TO VARIABLE.
 **********
 **   17 **FIX            0
 **********
 PARAMETER    0  IS UNDEFINED. IGNORED.
 **********
 **   18 **FIX            1
 **********
 **********
 **   19 **FIX            2
 **********
 PARAMETER    2  IS CONSTANT.   IGNORED.
 **********
 **   20 **FIX            3
 **********
 **********
 **   21 **FIX            4
 **********
 **********
 **   22 **FIX            9
 **********
 PARAMETER    9  IS CONSTANT.   IGNORED.
 **********
 **   23 **FIX           11
 **********
 PARAMETER   11  IS CONSTANT.   IGNORED.
 **********
 **   24 **FIX           12
 **********
 PARAMETER   12  IS CONSTANT.   IGNORED.
 **********
 **   25 **FIX           14
 **********
 **********
 **   26 **FIX           15
 **********
 PARAMETER   15  IS CONSTANT.   IGNORED.
 **********
 **   27 **FIX           16
 **********
 PARAMETER   16  IS CONSTANT.   IGNORED.
 **********
 **   28 **MIGRAD
 **********
 START MIGRAD MINIMIZATION.  STRATEGY  1.  CONVERGENCE WHEN EDM .LT. 1.00e-04
 FCN=1440.71 FROM MIGRAD    STATUS=INITIATE       22 CALLS         274 TOTAL
                     EDM= unknown      STRATEGY= 1      NO ERROR MATRIX       
  EXT PARAMETER               CURRENT GUESS       STEP         FIRST   
  NO.   NAME      VALUE            ERROR          SIZE      DERIVATIVE 
   1  N0           3.11228e+06     fixed    
   2  tau          6.44114e+01   constant   
   3  A0           3.64357e-01     fixed    
   4  phi          4.11703e+00     fixed    
   5  R           -6.00079e+01   constant   
   6  A_CBO        1.83417e-03   1.00000e-05   1.00000e-05   1.82128e+04
   7  w_CBO        2.32137e+00   1.00000e-03   1.00000e-03  -4.90243e+00
   8  phi_CBO      1.46852e+00   1.00000e-04   1.00000e-04  -2.48619e+00
   9  ANx2         3.40456e-04   constant   
  10  pNx2         3.19484e+00   constant   
  11  ANy1         0.00000e+00   constant   
  12  pNy1         0.00000e+00   constant   
  13  w_y          0.00000e+00   constant   
  14  ANy2         1.04941e-02     fixed    
  15  pNy2         5.11372e+00   constant   
  16  w_vw         1.43155e+01   constant   
  17  LM           3.07992e-04   constant   
  18  wCBO_expCoeff   1.99943e+02   1.21059e-02  -1.65772e-05  -4.59221e-02
  19  wCBO_expOffset   1.99993e+02   1.81087e-03  -3.00686e-06   6.27167e+00
  20  wCBO_expT    3.00073e+01   2.33289e-03   1.57886e-06   3.38257e+00
  21  wCBO_linCoeff   0.00000e+00   constant   
  22  wCBO_const   2.73353e-03   7.72077e-04   1.44957e-06  -2.49557e+00
 MIGRAD MINIMIZATION HAS CONVERGED.
 MIGRAD WILL VERIFY CONVERGENCE AND ERROR MATRIX.
 FCN=1431.69 FROM MIGRAD    STATUS=CONVERGED     240 CALLS         492 TOTAL
                     EDM=6.48637e-06    STRATEGY= 1      ERR MATRIX NOT POS-DEF
  EXT PARAMETER                APPROXIMATE        STEP         FIRST   
  NO.   NAME      VALUE            ERROR          SIZE      DERIVATIVE 
   1  N0           3.11228e+06     fixed    
   2  tau          6.44114e+01   constant   
   3  A0           3.64357e-01     fixed    
   4  phi          4.11703e+00     fixed    
   5  R           -6.00079e+01   constant   
   6  A_CBO        8.62091e-04   3.35507e-04   5.98305e-06   7.84152e+00
   7  w_CBO        2.32146e+00   2.50055e-04   1.10696e-06  -1.99774e+01
   8  phi_CBO      1.79550e+00   4.54274e-01   6.65329e-03  -3.46169e-03
   9  ANx2         3.40456e-04   constant   
  10  pNx2         3.19484e+00   constant   
  11  ANy1         0.00000e+00   constant   
  12  pNy1         0.00000e+00   constant   
  13  w_y          0.00000e+00   constant   
  14  ANy2         1.04941e-02     fixed    
  15  pNy2         5.11372e+00   constant   
  16  w_vw         1.43155e+01   constant   
  17  LM           3.07992e-04   constant   
  18  wCBO_expCoeff   1.99951e+02   2.22242e-02   9.53440e-05  -2.43502e-01
  19  wCBO_expOffset   1.99994e+02   4.82302e-03   9.53648e-05  -1.60568e+00
  20  wCBO_expT    3.00051e+01   1.46620e-03   1.43076e-05  -1.62667e+00
  21  wCBO_linCoeff   0.00000e+00   constant   
  22  wCBO_const   3.53507e-03   7.18798e-04   6.10793e-06   2.26024e+00
 EXTERNAL ERROR MATRIX.    NDIM=  25    NPAR=  7    ERR DEF=1
  1.126e-07  7.910e-09  8.271e-07  7.463e-07 -3.899e-07  1.105e-07 -2.863e-08 
  7.910e-09  6.253e-08  8.122e-06 -2.525e-07 -7.222e-07 -2.773e-08 -1.678e-08 
  8.271e-07  8.122e-06  2.064e-01  6.961e-04  1.008e-05 -1.324e-04  1.327e-04 
  7.463e-07 -2.525e-07  6.961e-04  4.939e-04 -6.677e-05 -2.262e-06  8.443e-07 
 -3.899e-07 -7.222e-07  1.008e-05 -6.677e-05  2.326e-05 -2.501e-06  8.675e-07 
  1.105e-07 -2.773e-08 -1.324e-04 -2.262e-06 -2.501e-06  2.150e-06 -6.740e-07 
 -2.863e-08 -1.678e-08  1.327e-04  8.443e-07  8.675e-07 -6.740e-07  5.167e-07 
ERR MATRIX NOT POS-DEF
 PARAMETER  CORRELATION COEFFICIENTS  
       NO.  GLOBAL      6      7      8     18     19     20     22
        6  0.29005   1.000  0.094  0.005  0.100 -0.241  0.225 -0.119
        7  0.99273   0.094  1.000  0.072 -0.045 -0.599 -0.076 -0.093
        8  0.62002   0.005  0.072  1.000  0.069  0.005 -0.199  0.406
       18  0.99274   0.100 -0.045  0.069  1.000 -0.623 -0.069  0.053
       19  0.99653  -0.241 -0.599  0.005 -0.623  1.000 -0.354  0.250
       20  0.98815   0.225 -0.076 -0.199 -0.069 -0.354  1.000 -0.639
       22  0.89048  -0.119 -0.093  0.406  0.053  0.250 -0.639  1.000
 ERR MATRIX NOT POS-DEF
MINUIT - FIT ONLY 1-CBO
 **********
 **   29 **RES 
 **********
                   PARAMETER   14  ANy2 RESTORED TO VARIABLE.
                   PARAMETER    4  phi RESTORED TO VARIABLE.
                   PARAMETER    3  A0 RESTORED TO VARIABLE.
                   PARAMETER    1  N0 RESTORED TO VARIABLE.
 **********
 **   30 **FIX            0
 **********
 PARAMETER    0  IS UNDEFINED. IGNORED.
 **********
 **   31 **FIX            1
 **********
 **********
 **   32 **FIX            2
 **********
 PARAMETER    2  IS CONSTANT.   IGNORED.
 **********
 **   33 **FIX            3
 **********
 **********
 **   34 **FIX            4
 **********
 **********
 **   35 **FIX            8
 **********
 **********
 **   36 **FIX            9
 **********
 PARAMETER    9  IS CONSTANT.   IGNORED.
 **********
 **   37 **FIX           11
 **********
 PARAMETER   11  IS CONSTANT.   IGNORED.
 **********
 **   38 **FIX           12
 **********
 PARAMETER   12  IS CONSTANT.   IGNORED.
 **********
 **   39 **FIX           13
 **********
 PARAMETER   13  IS CONSTANT.   IGNORED.
 **********
 **   40 **FIX           15
 **********
 PARAMETER   15  IS CONSTANT.   IGNORED.
 **********
 **   41 **FIX           16
 **********
 PARAMETER   16  IS CONSTANT.   IGNORED.
 **********
 **   42 **MIGRAD
 **********
 START MIGRAD MINIMIZATION.  STRATEGY  1.  CONVERGENCE WHEN EDM .LT. 1.00e-04
 FCN=1431.69 FROM MIGRAD    STATUS=INITIATE       16 CALLS         508 TOTAL
                     EDM= unknown      STRATEGY= 1      NO ERROR MATRIX       
  EXT PARAMETER               CURRENT GUESS       STEP         FIRST   
  NO.   NAME      VALUE            ERROR          SIZE      DERIVATIVE 
   1  N0           3.11228e+06     fixed    
   2  tau          6.44114e+01   constant   
   3  A0           3.64357e-01     fixed    
   4  phi          4.11703e+00     fixed    
   5  R           -6.00079e+01   constant   
   6  A_CBO        8.62091e-04   3.35507e-04   5.98305e-06   7.84152e+00
   7  w_CBO        2.32146e+00   2.50055e-04   1.10696e-06  -1.90739e+01
   8  phi_CBO      1.79550e+00     fixed    
   9  ANx2         3.40456e-04   constant   
  10  pNx2         3.19484e+00   constant   
  11  ANy1         0.00000e+00   constant   
  12  pNy1         0.00000e+00   constant   
  13  w_y          0.00000e+00   constant   
  14  ANy2         1.04941e-02   1.00000e-04   1.00000e-04   2.08107e+05
  15  pNy2         5.11372e+00   constant   
  16  w_vw         1.43155e+01   constant   
  17  LM           3.07992e-04   constant   
  18  wCBO_expCoeff   1.99951e+02   2.22242e-02   9.53440e-05  -2.33670e-01
  19  wCBO_expOffset   1.99994e+02   4.82302e-03   9.53648e-05   2.22823e+00
  20  wCBO_expT    3.00051e+01   1.46620e-03   1.43076e-05  -1.34827e+00
  21  wCBO_linCoeff   0.00000e+00   constant   
  22  wCBO_const   3.53507e-03   7.18798e-04   6.10793e-06   2.27186e+00
 MIGRAD MINIMIZATION HAS CONVERGED.
 MIGRAD WILL VERIFY CONVERGENCE AND ERROR MATRIX.
 COVARIANCE MATRIX CALCULATED SUCCESSFULLY
 FCN=344.545 FROM MIGRAD    STATUS=CONVERGED     202 CALLS         694 TOTAL
                     EDM=5.46374e-06    STRATEGY= 1      ERROR MATRIX ACCURATE 
  EXT PARAMETER                                   STEP         FIRST   
  NO.   NAME      VALUE            ERROR          SIZE      DERIVATIVE 
   1  N0           3.11228e+06     fixed    
   2  tau          6.44114e+01   constant   
   3  A0           3.64357e-01     fixed    
   4  phi          4.11703e+00     fixed    
   5  R           -6.00079e+01   constant   
   6  A_CBO        3.65717e-04   3.35498e-04   2.98447e-06   4.65185e+00
   7  w_CBO        2.32145e+00   7.22227e-04   1.10695e-06  -1.22625e+01
   8  phi_CBO      1.79550e+00     fixed    
   9  ANx2         3.40456e-04   constant   
  10  pNx2         3.19484e+00   constant   
  11  ANy1         0.00000e+00   constant   
  12  pNy1         0.00000e+00   constant   
  13  w_y          0.00000e+00   constant   
  14  ANy2         3.82363e-05   3.17741e-04   2.87202e-06   6.99775e+00
  15  pNy2         5.11372e+00   constant   
  16  w_vw         1.43155e+01   constant   
  17  LM           3.07992e-04   constant   
  18  wCBO_expCoeff   1.99950e+02   6.25883e-02   9.53434e-05  -1.28965e-01
  19  wCBO_expOffset   1.99994e+02   4.63618e-03   9.53647e-05  -8.64927e-01
  20  wCBO_expT    3.00048e+01   2.47901e-03   1.43074e-05  -2.47264e+00
  21  wCBO_linCoeff   0.00000e+00   constant   
  22  wCBO_const   3.92730e-03   1.13182e-03   4.63208e-06  -2.65640e+00
 EXTERNAL ERROR MATRIX.    NDIM=  25    NPAR=  7    ERR DEF=1
  1.126e-07  5.938e-09  5.497e-09  5.640e-07 -4.322e-08 -2.649e-08 -2.836e-08 
  5.938e-09  5.216e-07  2.168e-09 -3.646e-05 -7.185e-07 -3.238e-07 -1.490e-07 
  5.497e-09  2.168e-09  1.010e-07  1.961e-07  8.116e-09 -2.367e-08 -3.341e-09 
  5.640e-07 -3.646e-05  1.961e-07  3.917e-03 -6.651e-05 -2.947e-05  2.281e-05 
 -4.322e-08 -7.185e-07  8.116e-09 -6.651e-05  2.149e-05 -1.112e-06  4.795e-07 
 -2.649e-08 -3.238e-07 -2.367e-08 -2.947e-05 -1.112e-06  6.146e-06 -1.756e-06 
 -2.836e-08 -1.490e-07 -3.341e-09  2.281e-05  4.795e-07 -1.756e-06  1.281e-06 
 PARAMETER  CORRELATION COEFFICIENTS  
       NO.  GLOBAL      6      7     14     18     19     20     22
        6  0.19864   1.000  0.025  0.052  0.027 -0.028 -0.032 -0.075
        7  0.99691   0.025  1.000  0.009 -0.806 -0.215 -0.181 -0.182
       14  0.09106   0.052  0.009  1.000  0.010  0.006 -0.030 -0.009
       18  0.99670   0.027 -0.806  0.010  1.000 -0.229 -0.190  0.322
       19  0.98638  -0.028 -0.215  0.006 -0.229  1.000 -0.097  0.091
       20  0.98784  -0.032 -0.181 -0.030 -0.190 -0.097  1.000 -0.626
       22  0.89215  -0.075 -0.182 -0.009  0.322  0.091 -0.626  1.000
MINUIT - FIT ONLY 2-CBO
 **********
 **   43 **RES 
 **********
                   PARAMETER    8  phi_CBO RESTORED TO VARIABLE.
                   PARAMETER    4  phi RESTORED TO VARIABLE.
                   PARAMETER    3  A0 RESTORED TO VARIABLE.
                   PARAMETER    1  N0 RESTORED TO VARIABLE.
 **********
 **   44 **FIX            0
 **********
 PARAMETER    0  IS UNDEFINED. IGNORED.
 **********
 **   45 **FIX            1
 **********
 **********
 **   46 **FIX            2
 **********
 PARAMETER    2  IS CONSTANT.   IGNORED.
 **********
 **   47 **FIX            3
 **********
 **********
 **   48 **FIX            4
 **********
 **********
 **   49 **FIX            5
 **********
 PARAMETER    5  IS CONSTANT.   IGNORED.
 **********
 **   50 **FIX            6
 **********
 **********
 **   51 **FIX            7
 **********
 **********
 **   52 **FIX           10
 **********
 PARAMETER   10  IS CONSTANT.   IGNORED.
 **********
 **   53 **FIX           11
 **********
 PARAMETER   11  IS CONSTANT.   IGNORED.
 **********
 **   54 **FIX           12
 **********
 PARAMETER   12  IS CONSTANT.   IGNORED.
 **********
 **   55 **FIX           13
 **********
 PARAMETER   13  IS CONSTANT.   IGNORED.
 **********
 **   56 **FIX           14
 **********
 **********
 **   57 **FIX           15
 **********
 PARAMETER   15  IS CONSTANT.   IGNORED.
 **********
 **   58 **FIX           16
 **********
 PARAMETER   16  IS CONSTANT.   IGNORED.
 **********
 **   59 **MIGRAD
 **********
 START MIGRAD MINIMIZATION.  STRATEGY  1.  CONVERGENCE WHEN EDM .LT. 1.00e-04
 FCN=344.545 FROM MIGRAD    STATUS=INITIATE       12 CALLS         706 TOTAL
                     EDM= unknown      STRATEGY= 1      NO ERROR MATRIX       
  EXT PARAMETER               CURRENT GUESS       STEP         FIRST   
  NO.   NAME      VALUE            ERROR          SIZE      DERIVATIVE 
   1  N0           3.11228e+06     fixed    
   2  tau          6.44114e+01   constant   
   3  A0           3.64357e-01     fixed    
   4  phi          4.11703e+00     fixed    
   5  R           -6.00079e+01   constant   
   6  A_CBO        3.65717e-04     fixed    
   7  w_CBO        2.32145e+00     fixed    
   8  phi_CBO      1.79550e+00   4.54274e-01   4.54274e-01   2.49417e-01
   9  ANx2         3.40456e-04   constant   
  10  pNx2         3.19484e+00   constant   
  11  ANy1         0.00000e+00   constant   
  12  pNy1         0.00000e+00   constant   
  13  w_y          0.00000e+00   constant   
  14  ANy2         3.82363e-05     fixed    
  15  pNy2         5.11372e+00   constant   
  16  w_vw         1.43155e+01   constant   
  17  LM           3.07992e-04   constant   
  18  wCBO_expCoeff   1.99950e+02   6.25883e-02   9.53434e-05  -1.32162e-01
  19  wCBO_expOffset   1.99994e+02   4.63618e-03   9.53647e-05  -2.11163e+00
  20  wCBO_expT    3.00048e+01   2.47901e-03   1.43074e-05  -2.52808e+00
  21  wCBO_linCoeff   0.00000e+00   constant   
  22  wCBO_const   3.92730e-03   1.13182e-03   4.63208e-06  -2.65280e+00
 MIGRAD MINIMIZATION HAS CONVERGED.
 MIGRAD WILL VERIFY CONVERGENCE AND ERROR MATRIX.
 COVARIANCE MATRIX CALCULATED SUCCESSFULLY
 FCN=344.531 FROM MIGRAD    STATUS=CONVERGED     107 CALLS         801 TOTAL
                     EDM=1.74025e-05    STRATEGY= 1      ERROR MATRIX ACCURATE 
  EXT PARAMETER                                   STEP         FIRST   
  NO.   NAME      VALUE            ERROR          SIZE      DERIVATIVE 
   1  N0           3.11228e+06     fixed    
   2  tau          6.44114e+01   constant   
   3  A0           3.64357e-01     fixed    
   4  phi          4.11703e+00     fixed    
   5  R           -6.00079e+01   constant   
   6  A_CBO        3.65717e-04     fixed    
   7  w_CBO        2.32145e+00     fixed    
   8  phi_CBO      1.68181e+00   9.63383e-01   7.61038e-03   6.08314e-03
   9  ANx2         3.40456e-04   constant   
  10  pNx2         3.19484e+00   constant   
  11  ANy1         0.00000e+00   constant   
  12  pNy1         0.00000e+00   constant   
  13  w_y          0.00000e+00   constant   
  14  ANy2         3.82363e-05     fixed    
  15  pNy2         5.11372e+00   constant   
  16  w_vw         1.43155e+01   constant   
  17  LM           3.07992e-04   constant   
  18  wCBO_expCoeff   1.99949e+02   3.91782e-02   9.53430e-05  -1.37814e-01
  19  wCBO_expOffset   1.99994e+02   4.81025e-03   9.53647e-05  -9.23172e-01
  20  wCBO_expT    3.00049e+01   2.63902e-03   1.43075e-05  -1.84312e+00
  21  wCBO_linCoeff   0.00000e+00   constant   
  22  wCBO_const   3.86577e-03   1.24838e-03   4.64981e-06  -7.04247e-01
 EXTERNAL ERROR MATRIX.    NDIM=  25    NPAR=  5    ERR DEF=1
  9.281e-01  6.348e-03  3.245e-04 -8.030e-04  4.712e-04 
  6.348e-03  1.535e-03 -1.305e-04 -5.993e-05  1.711e-05 
  3.245e-04 -1.305e-04  2.314e-05 -1.907e-06  4.550e-07 
 -8.030e-04 -5.993e-05 -1.907e-06  6.964e-06 -2.423e-06 
  4.712e-04  1.711e-05  4.550e-07 -2.423e-06  1.558e-06 
 PARAMETER  CORRELATION COEFFICIENTS  
       NO.  GLOBAL      8     18     19     20     22
        8  0.49153   1.000  0.168  0.070 -0.316  0.392
       18  0.99169   0.168  1.000 -0.693 -0.580  0.350
       19  0.98756   0.070 -0.693  1.000 -0.150  0.076
       20  0.98942  -0.316 -0.580 -0.150  1.000 -0.736
       22  0.91177   0.392  0.350  0.076 -0.736  1.000
MINUIT - FIT ONLY 1-y
 **********
 **   60 **RES 
 **********
                   PARAMETER   14  ANy2 RESTORED TO VARIABLE.
                   PARAMETER    7  w_CBO RESTORED TO VARIABLE.
                   PARAMETER    6  A_CBO RESTORED TO VARIABLE.
                   PARAMETER    4  phi RESTORED TO VARIABLE.
                   PARAMETER    3  A0 RESTORED TO VARIABLE.
                   PARAMETER    1  N0 RESTORED TO VARIABLE.
 **********
 **   61 **FIX            0
 **********
 PARAMETER    0  IS UNDEFINED. IGNORED.
 **********
 **   62 **FIX            1
 **********
 **********
 **   63 **FIX            2
 **********
 PARAMETER    2  IS CONSTANT.   IGNORED.
 **********
 **   64 **FIX            3
 **********
 **********
 **   65 **FIX            4
 **********
 **********
 **   66 **FIX            5
 **********
 PARAMETER    5  IS CONSTANT.   IGNORED.
 **********
 **   67 **FIX            6
 **********
 **********
 **   68 **FIX            7
 **********
 **********
 **   69 **FIX            8
 **********
 **********
 **   70 **FIX            9
 **********
 PARAMETER    9  IS CONSTANT.   IGNORED.
 **********
 **   71 **FIX           13
 **********
 PARAMETER   13  IS CONSTANT.   IGNORED.
 **********
 **   72 **FIX           14
 **********
 **********
 **   73 **FIX           15
 **********
 PARAMETER   15  IS CONSTANT.   IGNORED.
 **********
 **   74 **FIX           16
 **********
 PARAMETER   16  IS CONSTANT.   IGNORED.
 **********
 **   75 **MIGRAD
 **********
 START MIGRAD MINIMIZATION.  STRATEGY  1.  CONVERGENCE WHEN EDM .LT. 1.00e-04
 FCN=344.531 FROM MIGRAD    STATUS=INITIATE        8 CALLS         809 TOTAL
                     EDM= unknown      STRATEGY= 1      NO ERROR MATRIX       
  EXT PARAMETER               CURRENT GUESS       STEP         FIRST   
  NO.   NAME      VALUE            ERROR          SIZE      DERIVATIVE 
   1  N0           3.11228e+06     fixed    
   2  tau          6.44114e+01   constant   
   3  A0           3.64357e-01     fixed    
   4  phi          4.11703e+00     fixed    
   5  R           -6.00079e+01   constant   
   6  A_CBO        3.65717e-04     fixed    
   7  w_CBO        2.32145e+00     fixed    
   8  phi_CBO      1.68181e+00     fixed    
   9  ANx2         3.40456e-04   constant   
  10  pNx2         3.19484e+00   constant   
  11  ANy1         0.00000e+00   constant   
  12  pNy1         0.00000e+00   constant   
  13  w_y          0.00000e+00   constant   
  14  ANy2         3.82363e-05     fixed    
  15  pNy2         5.11372e+00   constant   
  16  w_vw         1.43155e+01   constant   
  17  LM           3.07992e-04   constant   
  18  wCBO_expCoeff   1.99949e+02   3.91782e-02   9.53430e-05  -1.40595e-01
  19  wCBO_expOffset   1.99994e+02   4.81025e-03   9.53647e-05  -2.00752e+00
  20  wCBO_expT    3.00049e+01   2.63902e-03   1.43075e-05  -1.88478e+00
  21  wCBO_linCoeff   0.00000e+00   constant   
  22  wCBO_const   3.86577e-03   1.24838e-03   4.64981e-06  -6.99840e-01
 MIGRAD MINIMIZATION HAS CONVERGED.
 MIGRAD WILL VERIFY CONVERGENCE AND ERROR MATRIX.
 COVARIANCE MATRIX CALCULATED SUCCESSFULLY
 FCN=344.531 FROM MIGRAD    STATUS=CONVERGED      48 CALLS         849 TOTAL
                     EDM=9.7139e-07    STRATEGY= 1      ERROR MATRIX ACCURATE 
  EXT PARAMETER                                   STEP         FIRST   
  NO.   NAME      VALUE            ERROR          SIZE      DERIVATIVE 
   1  N0           3.11228e+06     fixed    
   2  tau          6.44114e+01   constant   
   3  A0           3.64357e-01     fixed    
   4  phi          4.11703e+00     fixed    
   5  R           -6.00079e+01   constant   
   6  A_CBO        3.65717e-04     fixed    
   7  w_CBO        2.32145e+00     fixed    
   8  phi_CBO      1.68181e+00     fixed    
   9  ANx2         3.40456e-04   constant   
  10  pNx2         3.19484e+00   constant   
  11  ANy1         0.00000e+00   constant   
  12  pNy1         0.00000e+00   constant   
  13  w_y          0.00000e+00   constant   
  14  ANy2         3.82363e-05     fixed    
  15  pNy2         5.11372e+00   constant   
  16  w_vw         1.43155e+01   constant   
  17  LM           3.07992e-04   constant   
  18  wCBO_expCoeff   1.99949e+02   3.86056e-02   9.53430e-05  -4.38177e-03
  19  wCBO_expOffset   1.99994e+02   4.79607e-03   9.53647e-05  -3.03496e-01
  20  wCBO_expT    3.00049e+01   2.50351e-03   1.43075e-05  -8.74542e-02
  21  wCBO_linCoeff   0.00000e+00   constant   
  22  wCBO_const   3.86579e-03   1.14848e-03   4.65356e-06   3.95709e-01
 EXTERNAL ERROR MATRIX.    NDIM=  25    NPAR=  4    ERR DEF=1
  1.490e-03 -1.326e-04 -5.442e-05  1.388e-05 
 -1.326e-04  2.300e-05 -1.625e-06  2.901e-07 
 -5.442e-05 -1.625e-06  6.268e-06 -2.015e-06 
  1.388e-05  2.901e-07 -2.015e-06  1.319e-06 
 PARAMETER  CORRELATION COEFFICIENTS  
       NO.  GLOBAL     18     19     20     22
       18  0.99144   1.000 -0.716 -0.563  0.313
       19  0.98748  -0.716  1.000 -0.135  0.053
       20  0.98824  -0.563 -0.135  1.000 -0.701
       22  0.89482   0.313  0.053 -0.701  1.000
MINUIT - FIT ONLY 2-y
 **********
 **   76 **RES 
 **********
                   PARAMETER   14  ANy2 RESTORED TO VARIABLE.
                   PARAMETER    8  phi_CBO RESTORED TO VARIABLE.
                   PARAMETER    7  w_CBO RESTORED TO VARIABLE.
                   PARAMETER    6  A_CBO RESTORED TO VARIABLE.
                   PARAMETER    4  phi RESTORED TO VARIABLE.
                   PARAMETER    3  A0 RESTORED TO VARIABLE.
                   PARAMETER    1  N0 RESTORED TO VARIABLE.
 **********
 **   77 **FIX            0
 **********
 PARAMETER    0  IS UNDEFINED. IGNORED.
 **********
 **   78 **FIX            1
 **********
 **********
 **   79 **FIX            2
 **********
 PARAMETER    2  IS CONSTANT.   IGNORED.
 **********
 **   80 **FIX            3
 **********
 **********
 **   81 **FIX            4
 **********
 **********
 **   82 **FIX            5
 **********
 PARAMETER    5  IS CONSTANT.   IGNORED.
 **********
 **   83 **FIX            6
 **********
 **********
 **   84 **FIX            7
 **********
 **********
 **   85 **FIX            8
 **********
 **********
 **   86 **FIX            9
 **********
 PARAMETER    9  IS CONSTANT.   IGNORED.
 **********
 **   87 **FIX           10
 **********
 PARAMETER   10  IS CONSTANT.   IGNORED.
 **********
 **   88 **FIX           11
 **********
 PARAMETER   11  IS CONSTANT.   IGNORED.
 **********
 **   89 **FIX           12
 **********
 PARAMETER   12  IS CONSTANT.   IGNORED.
 **********
 **   90 **FIX           16
 **********
 PARAMETER   16  IS CONSTANT.   IGNORED.
 **********
 **   91 **MIGRAD
 **********
 START MIGRAD MINIMIZATION.  STRATEGY  1.  CONVERGENCE WHEN EDM .LT. 1.00e-04
 FCN=344.531 FROM MIGRAD    STATUS=INITIATE       10 CALLS         859 TOTAL
                     EDM= unknown      STRATEGY= 1      NO ERROR MATRIX       
  EXT PARAMETER               CURRENT GUESS       STEP         FIRST   
  NO.   NAME      VALUE            ERROR          SIZE      DERIVATIVE 
   1  N0           3.11228e+06     fixed    
   2  tau          6.44114e+01   constant   
   3  A0           3.64357e-01     fixed    
   4  phi          4.11703e+00     fixed    
   5  R           -6.00079e+01   constant   
   6  A_CBO        3.65717e-04     fixed    
   7  w_CBO        2.32145e+00     fixed    
   8  phi_CBO      1.68181e+00     fixed    
   9  ANx2         3.40456e-04   constant   
  10  pNx2         3.19484e+00   constant   
  11  ANy1         0.00000e+00   constant   
  12  pNy1         0.00000e+00   constant   
  13  w_y          0.00000e+00   constant   
  14  ANy2         3.82363e-05   3.17741e-04   3.17741e-04   9.89535e+00
  15  pNy2         5.11372e+00   constant   
  16  w_vw         1.43155e+01   constant   
  17  LM           3.07992e-04   constant   
  18  wCBO_expCoeff   1.99949e+02   3.86056e-02   9.53430e-05  -8.05770e-03
  19  wCBO_expOffset   1.99994e+02   4.79607e-03   9.53647e-05  -1.12555e+00
  20  wCBO_expT    3.00049e+01   2.50351e-03   1.43075e-05  -1.42634e-01
  21  wCBO_linCoeff   0.00000e+00   constant   
  22  wCBO_const   3.86579e-03   1.14848e-03   4.65356e-06   4.00117e-01
 MIGRAD MINIMIZATION HAS CONVERGED.
 MIGRAD WILL VERIFY CONVERGENCE AND ERROR MATRIX.
 COVARIANCE MATRIX CALCULATED SUCCESSFULLY
 FCN=344.531 FROM MIGRAD    STATUS=CONVERGED      55 CALLS         904 TOTAL
                     EDM=5.58216e-07    STRATEGY= 1      ERROR MATRIX ACCURATE 
  EXT PARAMETER                                   STEP         FIRST   
  NO.   NAME      VALUE            ERROR          SIZE      DERIVATIVE 
   1  N0           3.11228e+06     fixed    
   2  tau          6.44114e+01   constant   
   3  A0           3.64357e-01     fixed    
   4  phi          4.11703e+00     fixed    
   5  R           -6.00079e+01   constant   
   6  A_CBO        3.65717e-04     fixed    
   7  w_CBO        2.32145e+00     fixed    
   8  phi_CBO      1.68181e+00     fixed    
   9  ANx2         3.40456e-04   constant   
  10  pNx2         3.19484e+00   constant   
  11  ANy1         0.00000e+00   constant   
  12  pNy1         0.00000e+00   constant   
  13  w_y          0.00000e+00   constant   
  14  ANy2         3.78057e-05   3.17228e-04   2.87197e-06   1.15713e+00
  15  pNy2         5.11372e+00   constant   
  16  w_vw         1.43155e+01   constant   
  17  LM           3.07992e-04   constant   
  18  wCBO_expCoeff   1.99949e+02   3.85926e-02   9.53430e-05   1.62418e-01
  19  wCBO_expOffset   1.99994e+02   4.79251e-03   9.53647e-05   1.07753e+00
  20  wCBO_expT    3.00049e+01   2.50373e-03   1.43075e-05   1.96285e+00
  21  wCBO_linCoeff   0.00000e+00   constant   
  22  wCBO_const   3.86575e-03   1.14841e-03   4.65356e-06   1.45419e+00
 EXTERNAL ERROR MATRIX.    NDIM=  25    NPAR=  5    ERR DEF=1
  1.006e-07  2.752e-07  1.311e-08 -1.983e-08 -1.461e-09 
  2.752e-07  1.489e-03 -1.323e-04 -5.445e-05  1.387e-05 
  1.311e-08 -1.323e-04  2.297e-05 -1.627e-06  2.897e-07 
 -1.983e-08 -5.445e-05 -1.627e-06  6.269e-06 -2.014e-06 
 -1.461e-09  1.387e-05  2.897e-07 -2.014e-06  1.319e-06 
 PARAMETER  CORRELATION COEFFICIENTS  
       NO.  GLOBAL     14     18     19     20     22
       14  0.07127   1.000  0.022  0.009 -0.025 -0.004
       18  0.99144   0.022  1.000 -0.716 -0.564  0.313
       19  0.98746   0.009 -0.716  1.000 -0.136  0.053
       20  0.98824  -0.025 -0.564 -0.136  1.000 -0.700
       22  0.89480  -0.004  0.313  0.053 -0.700  1.000
MINUIT - FIT ALTOGETHER
 **********
 **   92 **RES 
 **********
                   PARAMETER    8  phi_CBO RESTORED TO VARIABLE.
                   PARAMETER    7  w_CBO RESTORED TO VARIABLE.
                   PARAMETER    6  A_CBO RESTORED TO VARIABLE.
                   PARAMETER    4  phi RESTORED TO VARIABLE.
                   PARAMETER    3  A0 RESTORED TO VARIABLE.
                   PARAMETER    1  N0 RESTORED TO VARIABLE.
 **********
 **   93 **MIGRAD
 **********
 START MIGRAD MINIMIZATION.  STRATEGY  1.  CONVERGENCE WHEN EDM .LT. 1.00e-04
 FCN=344.531 FROM MIGRAD    STATUS=INITIATE       22 CALLS         926 TOTAL
                     EDM= unknown      STRATEGY= 1      NO ERROR MATRIX       
  EXT PARAMETER               CURRENT GUESS       STEP         FIRST   
  NO.   NAME      VALUE            ERROR          SIZE      DERIVATIVE 
   1  N0           3.11228e+06   6.94628e+02   6.94628e+02  -6.85063e-05
   2  tau          6.44114e+01   constant   
   3  A0           3.64357e-01   2.94294e-04   2.94294e-04  -1.42205e+02
   4  phi          4.11703e+00   8.54661e-04   8.54661e-04  -7.67631e+02
   5  R           -6.00079e+01   constant   
   6  A_CBO        3.65717e-04   3.35498e-04   3.35498e-04   6.75403e+00
   7  w_CBO        2.32145e+00   7.22227e-04   7.22227e-04   1.43590e+01
   8  phi_CBO      1.68181e+00   9.63383e-01   9.63383e-01   5.54193e-03
   9  ANx2         3.40456e-04   constant   
  10  pNx2         3.19484e+00   constant   
  11  ANy1         0.00000e+00   constant   
  12  pNy1         0.00000e+00   constant   
  13  w_y          0.00000e+00   constant   
  14  ANy2         3.78057e-05   3.17228e-04   2.87197e-06   1.15713e+00
  15  pNy2         5.11372e+00   constant   
  16  w_vw         1.43155e+01   constant   
  17  LM           3.07992e-04   constant   
  18  wCBO_expCoeff   1.99949e+02   3.85926e-02   9.53430e-05   1.59629e-01
  19  wCBO_expOffset   1.99994e+02   4.79251e-03   9.53647e-05  -1.00585e-02
  20  wCBO_expT    3.00049e+01   2.50373e-03   1.43075e-05   1.92086e+00
